[{"mapping": [0, 1, 2, 3, 4, 5, 6, 7, 8, 9, 10, 11], "R": [[1.0, 0.0, 0.0], [0.0, 1.0, 0.0], [0.0, 0.0, 1.0]], "T": [0.0, 0.0, 0.0], "aligned_model": [[-0.24700010528598243, 0.20967702648491132, 0.45054527916573134, -0.12399355285510348, -0.11527601107051168, -0.6142075847452286, 0.41292825299002023, -0.29831991514861195, 0.6142075847452286, 0.14337512469423083, -0.554623844070206, -0.03966979244392933], [-0.31282356280322454, -0.6760312145455879, -0.32159397032733095, 0.6760312145455879, 0.4125280542765833, -0.5580638094760895, -0.2385231252767426, -0.5820034584448389, 0.16019540077382752, 0.37269911809486117, 0.1667020456124682, -0.045561656452456814], [-0.47320583316915266, -0.029964996970097083, -0.5850953044222795, -0.04049580962656719, -0.6847485030651648, -0.00039990545920949176, 0.5456660737537031, 0.6847485030651648, -0.013782855420975862, 0.4581433895825537, 0.35547737697675075, -0.034390389891163047]], "inverted": false, "swapped": false, "error_lsq": 0.0, "error_max": 0.0, "target": "0.xyz", "model": "0.xyz", "model_rescale": 3.751011558992144, "target_rescale": 3.751011558992144},
{"mapping": [5, 8, 2, 12, 13, 10, 1, 4, 0, 7, 11, 14], "R": [[-0.13450985608593807, -0.05121566681117934, -0.989587820301375], [0.8191231604468052, 0.5562387843184438, -0.1401273093996211], [0.5576238397301334, -0.8294428071259802, -0.032867659965327284]], "T": [-0.041608648613731446, -0.07483120482936796, 0.02987247478102661], "aligned_model": [[-0.20278668774851336, 0.20572735039935916, 0.47391817412183107, -0.1819889438169802, -0.09472060585570076, -0.755761387407169, 0.3816946472562845, -0.14143749638867384, 0.6932270964339681, 0.18039359570682464, -0.6456987401181257, -0.07492454012255609], [-0.3607237077974099, -0.6773629001021481, -0.1991148528564189, 0.6498366617586314, 0.19562586746807958, -0.4476863211956205, -0.19002114141287935, -0.7393701226975181, 0.09896137379756463, 0.4055526726709197, 0.35088642326888425, -0.03302891692502738], [-0.5015154846638171, -0.09740168569068439, -0.604575136816158, -0.054537002949007665, -0.6420905378489834, 0.18290409243633726, 0.5713806904632123, 0.44700098939056915, 0.10279082579007562, 0.42940139432461727, 0.3308220576006191, 0.01777154331678236]], "inverted": false, "swapped": false, "error_lsq": 0.04776933024459934, "error_max": 0.3254231715665559, "target": "0.xyz", "model": "1.xyz", "model_rescale": 3.9405287249114394, "target_rescale": 3.751011558992144},
{"mapping": [11, 0, 5, 8, 9, 6, 1, 7, 2, 4, 3, 12], "R": [[0.4075274638497428, -0.3953933646892341, 0.8231557892452216], [-0.12014647004414364, 0.8703531186257469, 0.47754609686853156], [-0.9052547663194758, -0.29351241210239054, 0.30718768204097663]], "T": [-0.055682362709766134, -0.07019250784277743, 0.03923767913147179], "aligned_model": [[-0.32295781027947607, 0.29956145579105437, 0.3304128641780804, -0.1425482003336443, -0.14479104640114826, -0.32210629482447234, 0.4863985489699504, -0.43649938859674425, 0.6077831703990643, 0.013853102230117029, -0.5568836545842751, 0.025419715912042798], [-0.3031018065230125, -0.8157737006126836, -0.22658195091583788, 0.6942144854749718, 0.4268095914037587, -0.5438634524176894, -0.28395463971714946, -0.31511103844443955, -0.02699822894210581, 0.3852579935527325, 0.09892010204894962, -0.03626231893043708], [-0.5787682939398854, -0.10512472137724581, -0.5562025766847347, -0.054709353448504444, -0.5895943039334681, 0.042371056139260635, 0.5755961120168671, 0.6903161377819332, -0.1094814123412692, 0.5678446993052332, 0.25602759764205, 0.043676804193325994]], "inverted": true, "swapped": false, "error_lsq": 0.050672441817856524, "error_max": 0.300592962812525, "target": "0.xyz", "model": "2.xyz", "model_rescale": 3.932901565614263, "target_rescale": 3.751011558992144},
{"mapping": [3, 7, 8, 10, 11, 0, 5, 4, 9, 12, 6, 13], "R": [[0.43105193179157075, 0.07532968779219731, -0.8991772184813656], [-0.9021127446815161, 0.057698119291282185, -0.4276254469900394], [0.01966794300218261, 0.9954880035276064, 0.09282675719146852]], "T": [-0.13499257722082902, -0.11710852157592005, -0.05873381422696346], "aligned_model": [[-0.2245127905335907, 0.3067439506695986, 0.3464705972782141, -0.2526941367867196, -0.04105660589180771, -0.6219613356101162, 0.23500531096239835, -0.3262875109752017, 0.5900410750126989, 0.21545837674644114, -0.29254887726514095, -0.09701559114622499], [-0.37082760792833963, -0.6640644066155434, -0.19179939706924376, 0.5882896506759583, 0.4479685959115774, -0.5772693350035234, -0.08109777519111795, -0.6674234220898831, -0.05262614174147637, 0.44465899449180774, 0.21521589263724006, -0.03747001210039863], [-0.4926672592506792, 0.06556681769007168, -0.6077340057125893, -0.017439725537430457, -0.743987477442216, -0.06672025783156069, 0.5565746243137643, 0.5922547902278248, 0.041071822931683974, 0.32170172159226135, 0.5169646804002028, 0.01636601397222949]], "inverted": true, "swapped": false, "error_lsq": 0.04895720197215488, "error_max": 0.3116328460640775, "target": "0.xyz", "model": "3.xyz", "model_rescale": 3.9243930471874484, "target_rescale": 3.751011558992144},
{"mapping": [4, 8, 7, 0, 2, 10, 9, 11, 1, 5, 6, 12], "R": [[-0.3581683466342203, 0.5973094984071627, -0.7175909688547457], [-0.19686997711803195, -0.7996165628834012, -0.5673231570032031], [-0.9126651344161529, -0.06192507953260329, 0.40398964955308714]], "T": [-0.07723212825835334, -0.16258716758845754, 0.048721627250188866], "aligned_model": [[-0.17631215419077473, 0.15019940343180982, 0.41497790312911303, 0.013637751781491805, -0.03885275539598641, -0.5755173992692207, 0.38043652315548643, -0.21203449486197357, 0.5445646177043522, -0.004899682267009112, -0.6060646686438407, -0.05249258211289938], [-0.29474326344594187, -0.7190019100292702, -0.12408678466626688, 0.6564397181543131, 0.3522895133217719, -0.6611901396803301, -0.5248098746561214, -0.40016292632955847, 0.1888705590000862, 0.4773257671624482, 0.1540314294417197, -0.05140705229579309], [-0.5214407919156261, -0.13839839226621062, -0.5830740394242275, -0.1616589295810792, -0.7158982243801064, 0.06403777669089233, 0.4449810218069429, 0.7913656619021687, 0.04615781877690229, 0.447347458036749, 0.42502645445917475, 0.08350593124798239]], "inverted": false, "swapped": false, "error_lsq": 0.04822461509617502, "error_max": 0.30521024731056035, "target": "0.xyz", "model": "4.xyz", "model_rescale": 3.8936222436046832, "target_rescale": 3.751011558992144},
{"mapping": [5, 7, 6, 0, 1, 4, 8, 10, 9, 3, 2, 11], "R": [[0.6872695482240633, -0.40060136289384773, 0.6059530642974619], [0.14855208757021732, -0.7390427477474625, -0.6570754098887063], [0.7110505223698403, 0.5416035127743103, -0.4484114066213135]], "T": [0.05033706130840885, -0.1080686642240899, 0.07350080507965334], "aligned_model": [[-0.22164859420880703, 0.22577212488032608, 0.4316621725061455, -0.044167688047336694, -0.20131122970067009, -0.6724531396425184, 0.5814497517803585, -0.23443204326868686, 0.5479703402265677, 0.0753059326958743, -0.6033019609899719, -0.04720320377073237], [-0.4946146922352932, -0.7310958387046947, -0.34659250210675574, 0.7712280072692701, 0.33988551093349306, -0.4093212509623481, -0.19265118538360299, -0.4178544938813955, 0.23943205832380499, 0.25627566358685316, 0.19662589206429054, -0.15776213292656438], [-0.5851165561161291, 0.04508943910955843, -0.5839991313762165, 0.0984912998111927, -0.5422255641397815, -0.05858175735641313, 0.5800853818926188, 0.5451009495950665, -0.04329093847746053, 0.5172482541707066, 0.26605137199953144, -0.05690100375911139]], "inverted": false, "swapped": false, "error_lsq": 0.04507834085327403, "error_max": 0.22478430089928497, "target": "0.xyz", "model": "5.xyz", "model_rescale": 3.6523030999806103, "target_rescale": 3.751011558992144},
{"mapping": [4, 6, 10, 7, 11, 2, 8, 1, 9, 5, 3, 12], "R": [[-0.7338071653460352, 0.0682018745453935, -0.6759256973923327], [0.3290454683028541, -0.8347746587343727, -0.4414525443626611], [-0.5943535344188442, -0.5463513278499524, 0.5901221082796524]], "T": [0.006102058890769204, -0.09480241360449718, 0.0728033536432146], "aligned_model": [[-0.3191798216234772, 0.28255016334321265, 0.30923123321488866, -0.10424282986154543, -0.07366252810520924, -0.4987189902778104, 0.5752750677420313, -0.35158629373095074, 0.599976778176717, 0.08698821333413198, -0.6231460641999861, -0.04584246555145367], [-0.1862338212730068, -0.6798882046656285, -0.4553028850761035, 0.5788438926818555, 0.4455879886266262, -0.6415403174645262, -0.14625565390073714, -0.4528676281372356, 0.1865849336179141, 0.22303564391776756, 0.19864874853646405, -0.017057660886332524], [-0.390838315998102, 0.13505706610384263, -0.54914934183235, 0.04377372653268079, -0.6172581124442814, -0.07701322423852137, 0.4293110712661426, 0.5484326321089402, -0.22852180925695326, 0.6697455025961783, 0.09675993881015053, 0.12165261170583537]], "inverted": false, "swapped": false, "error_lsq": 0.05602137601820584, "error_max": 0.2695377511420555, "target": "0.xyz", "model": "6.xyz", "model_rescale": 4.08911054899281, "target_rescale": 3.751011558992144},
{"mapping": [11, 8, 9, 2, 1, 12, 4, 5, 3, 6, 7, 14], "R": [[0.7331537377067809, 0.5194786386455598, 0.43889354162203453], [-0.6724911148120806, 0.4577606465536864, 0.5815590176117605], [0.10119929537986663, -0.7215241745483701, 0.6849536978197224]], "T": [-0.07664949147759509, -0.11427027019103149, -0.004224124580040362], "aligned_model": [[-0.2739050015718906, 0.42039849961028736, 0.4321198664131379, -0.2715148963000769, -0.07408662807849915, -0.7021868936818763, 0.3262741585033528, -0.29919897077634333, 0.677450516029636, 0.11422624081782609, -0.501417386546506, -0.010517041958499243], [-0.422665725741248, -0.5783489395425221, -0.17027876196707886, 0.6677693867983582, 0.3067217774794317, -0.45578604489797275, -0.3420787457274695, -0.43931399308257274, 0.08439257236284022, 0.26472574001471255, 0.26748345133020385, -0.1290656810496254], [-0.46304170237166153, -0.05640895468835759, -0.5980036267761115, -0.028327904170434615, -0.6048114923999297, 0.004252436104239404, 0.5273822339805485, 0.6479411436273297, 0.13111873608051694, 0.25859034519339075, 0.5183897825836175, -0.15512925180958534]], "inverted": true, "swapped": false, "error_lsq": 0.048283446173900714, "error_max": 0.2337619493966208, "target": "0.xyz", "model": "7.xyz", "model_rescale": 3.964800864290218, "target_rescale": 3.751011558992144},
{"mapping": [6, 2, 0, 5, 3, 11, 7, 12, 1, 8, 9, 13], "R": [[-0.3878464563608435, 0.5421071958515086, 0.7454494714562151], [0.446773849951033, 0.817964211609018, -0.3623916052101227], [-0.8062060861146286, 0.19249503041079197, -0.5594438398792858]], "T": [-0.03887319297723764, -0.11781041693585828, -0.053299492083499], "aligned_model": [[-0.33735197976844317, 0.3868089480193854, 0.41541751033419266, -0.05852682916015532, -0.04717598985814038, -0.8031483027801815, 0.39119386361203595, -0.22069794099079254, 0.6665987597940717, -0.009400429065730978, -0.4891782012696361, -0.05689694640605707], [-0.357330029993978, -0.6227904069739462, -0.18800565323193835, 0.717920631934221, 0.1783444716870398, -0.42996192395394417, -0.2443003609853189, -0.46726833918328925, 0.10032521231412883, 0.37959476256271074, 0.04557512821412443, -0.058548456412752636], [-0.489242827821846, -0.10227552960957582, -0.602710047323282, -0.06872905810744599, -0.7152557151157476, 0.021388644161263667, 0.49977897057140813, 0.591288639111053, 0.08028966270513747, 0.5321721340459775, 0.4410559366633086, -0.0058090639266885485]], "inverted": true, "swapped": false, "error_lsq": 0.044969549348835784, "error_max": 0.24578497356571288, "target": "0.xyz", "model": "8.xyz", "model_rescale": 4.121658175737393, "target_rescale": 3.751011558992144},
{"mapping": [11, 5, 10, 2, 3, 7, 4, 9, 0, 1, 6, 12], "R": [[-0.8967665642704987, 0.3099907398011648, -0.315777564820574], [0.3375661288182576, 0.017837291081189866, -0.941132796007843], [-0.2861098353449962, -0.9505722341223792, -0.12063826024295843]], "T": [-0.11824467789614967, -0.08549631475216157, -0.022526539674540824], "aligned_model": [[-0.4186830669918941, 0.2722501514182728, 0.2969536087577221, -0.11957467631207955, 0.04890239530115986, -0.5392780194042289, 0.4103515125440419, -0.29456488946194226, 0.6358138088464681, 0.15002167098848657, -0.5213264410766112, -0.08322359214884631], [-0.18309014012898334, -0.5642674749947483, -0.32893967366534826, 0.6011034633656884, 0.3116816520200222, -0.6076856830821423, -0.17321296159526647, -0.5662383327302999, 0.13524022522171467, 0.38797080974332554, 0.0699539370990066, -0.028960785275911713], [-0.5732027550310572, -0.01938477672297593, -0.6097458720846032, -0.12705130540792348, -0.6835828989226076, -0.09505308140156556, 0.6853009640560244, 0.6339703088926465, 0.01614414190818507, 0.40031357643509713, 0.5192689581700902, 0.03497448546225243]], "inverted": false, "swapped": false, "error_lsq": 0.040898047715758404, "error_max": 0.23728713551463912, "target": "0.xyz", "model": "9.xyz", "model_rescale": 3.833441315466971, "target_rescale": 3.751011558992144},
{"mapping": [7, 12, 6, 2, 3, 11, 0, 10, 5, 13, 8, 14], "R": [[0.39853135552744545, 0.737212700689562, 0.5456099271489285], [0.8421580950875881, -0.0585388643420397, -0.5360437894799166], [-0.36323890422131505, 0.6731200749521191, -0.6441792166443681]], "T": [0.05547610200935626, -0.14218229346623, -0.047563869125148706], "aligned_model": [[-0.44230798498593227, 0.16987103987169083, 0.44784714636590733, -0.032811815276837526, -0.14093355225043752, -0.48131821077177583, 0.42529232918972637, -0.2842970891608688, 0.5576670912120958, 0.24369123239259965, -0.6265580729290354, 0.0015003488034162973], [-0.20066323988508822, -0.7333906201424313, -0.44991647039492955, 0.5680969252871039, 0.42128470545162056, -0.5627830440606209, -0.19079230197355107, -0.42521756216252116, 0.3028999807532221, 0.39016727144710317, 0.00964699211499151, -0.07577760045784201], [-0.4865455981549998, -0.027400288813821505, -0.5086215747819143, 0.018458324083306332, -0.6786344187403968, -0.06441484562022468, 0.5222571439049617, 0.6454003137558209, 0.03694163960786215, 0.5153442466860005, 0.297887451081828, -0.08872064765486036]], "inverted": true, "swapped": false, "error_lsq": 0.04012963983521876, "error_max": 0.22561705440827903, "target": "0.xyz", "model": "10.xyz", "model_rescale": 4.2482417240324, "target_rescale": 3.751011558992144},
{"mapping": [10, 1, 0, 5, 4, 8, 2, 3, 6, 5, 7, 11], "R": [[0.3323292230317569, 0.28808768788220757, -0.8980883985498267], [-4.705288763656723e-05, -0.9522035911149802, -0.3054641040347644], [-0.943163445700232, 0.1015569060104697, -0.3164315242456826]], "T": [-0.02544781664760163, -0.15108127647715033, 0.008568574980925584], "aligned_model": [[-0.37819197746112126, 0.3013996551774359, 0.2778968456817024, -0.021974425110722846, 0.10292631916665107, -0.4299506516925845, 0.3875716129173178, -0.31686644204613634, 0.5340950487094558, -0.021974425110722846, -0.5180869193733513, -0.07920217839737513], [-0.2573832996954432, -0.7774200436361673, -0.4485439546998593, 0.5891956279735346, 0.5296603369952617, -0.6124235776038758, -0.18873384652011796, -0.5687841424555694, 0.17184316302531719, 0.5891956279735346, 0.0813823631410496, -0.05443321852060752], [-0.5198950466678646, 0.01269564094910877, -0.6185976285367271, 0.13570712385447928, -0.5261748374826287, -0.011395557519213369, 0.6215567650431039, 0.6399726666496356, -0.04723219869657233, 0.13570712385447928, 0.41084163823072817, -0.05123394432496678]], "inverted": true, "swapped": false, "error_lsq": 0.057335661927548, "error_max": 0.4221094145680866, "target": "0.xyz", "model": "11.xyz", "model_rescale": 3.6694154284099745, "target_rescale": 3.751011558992144},
{"mapping": [6, 4, 11, 10, 7, 0, 3, 1, 8, 2, 12, 13], "R": [[-0.7716777947287469, -0.4912084480764591, -0.4040144077392477], [0.6277496862578953, -0.48617277984593754, -0.6079196982661343], [0.10219448383201692, -0.7227380498321578, 0.6835246877758823]], "T": [-0.08539144030091274, -0.01851017032331259, -0.10710497401024725], "aligned_model": [[-0.20164201056416642, 0.17712848327440572, 0.4770510996724403, -0.08496637226804078, -0.2690779314314412, -0.5374672310277021, 0.45473726317067564, -0.1775235312710633, 0.6247179305239331, 0.10361602324571749, -0.5918138420448367, -0.1371174188193728], [-0.35007033595594683, -0.6959562647899463, -0.23505293828587911, 0.6117588044979676, 0.4582148069497425, -0.557826574597519, -0.37064816989804994, -0.3270433948124253, 0.14848210295228131, 0.20585709654533002, 0.28095180489794735, -0.1151119015264451], [-0.5502849543035797, 0.03370954430447058, -0.5334807094578776, -0.027797811639233963, -0.6466954552918426, 0.017406711967203017, 0.4634287353750303, 0.6757056169384067, 0.09403207738526541, 0.476203762144014, 0.2329352834225839, -0.05321105549087773]], "inverted": true, "swapped": false, "error_lsq": 0.04219382006754736, "error_max": 0.2822732261388565, "target": "0.xyz", "model": "12.xyz", "model_rescale": 3.9764082729961374, "target_rescale": 3.751011558992144},
{"mapping": [13, 11, 14, 4, 6, 12, 8, 1, 3, 7, 9, 15], "R": [[-0.6828390581652803, 0.6141729332758584, 0.39562915549195943], [0.185855739705769, 0.6697558762476024, -0.7189469453653919], [-0.7065327060103972, -0.4173951057009827, -0.5714830365588213]], "T": [-0.14665389954056818, -0.048982425117976076, 0.07517767858465968], "aligned_model": [[-0.2270603755919921, 0.39197225665679003, 0.3494093340962498, -0.09731234593491217, -0.17355262206505823, -0.6103611180712247, 0.35732395336479716, -0.3411393148980852, 0.6922151787286086, 0.24048440458018383, -0.6732954130909147, -0.07104147531389343], [-0.39151210703126016, -0.60032623257837, -0.15450487919696843, 0.6582175175341539, 0.2134393556267244, -0.4846005126553181, -0.3647535860460157, -0.41388105242213624, 0.019142388317817803, 0.473758435610563, 0.07675044822105184, 0.021825260596814743], [-0.4255106094791566, -0.11573216554221005, -0.5425555320281419, -0.0401365615586636, -0.6418091228395801, 0.025922909869960653, 0.45720874323203203, 0.5572015299299529, 0.06512150477095707, 0.4597548814065175, 0.3365951364656021, 0.04589103112629249]], "inverted": false, "swapped": false, "error_lsq": 0.04615204108119262, "error_max": 0.2153296885190757, "target": "0.xyz", "model": "13.xyz", "model_rescale": 4.170626492500431, "target_rescale": 3.751011558992144},
{"mapping": [10, 11, 9, 0, 7, 12, 6, 5, 3, 2, 4, 13], "R": [[0.811733089834684, 0.5838896601994916, 0.012737958217836187], [-0.3349836975369693, 0.44761220523546524, 0.8291135242587133], [0.4784091483781402, -0.6772858912131317, 0.5589351557307312]], "T": [-0.02705029507000206, 0.04223995561389385, -0.02713614905071922], "aligned_model": [[-0.23403752149414958, 0.29928478865140623, 0.3802834307605378, -0.01703198133700835, -0.30532712181407523, -0.5719981190335823, 0.28657598970020803, -0.1838217406695919, 0.6477462649316053, 0.10476568411300341, -0.5692359141262116, 0.0004387027784070706], [-0.2622784068512335, -0.5842894154302318, -0.3280399212028352, 0.6193338189021641, 0.36748031673707526, -0.4429841263640162, -0.3072688226655418, -0.6914404701492435, 0.03900364394003479, 0.49674900849730996, 0.19277093609976456, -0.045481525536189754], [-0.4546325349928991, -0.00211592757409447, -0.6215084962283761, -0.17787006319365173, -0.7157655980888209, 0.030270998694366322, 0.6706972368208215, 0.48701905616737756, 0.11468321960755083, 0.4300052248320107, 0.40464887731728477, 0.016519751991993084]], "inverted": true, "swapped": false, "error_lsq": 0.04355729000780766, "error_max": 0.2533440855049175, "target": "0.xyz", "model": "14.xyz", "model_rescale": 3.9786697098870705, "target_rescale": 3.751011558992144},
{"mapping": [9, 8, 7, 1, 6, 3, 5, 2, 7, 4, 0, 11], "R": [[0.029197341071857077, -0.8351819109061376, -0.5491982255702456], [0.9506899349910003, -0.1465157320641047, 0.2733528630991956], [-0.3087655466225818, -0.5300984021414252, 0.7897211667835468]], "T": [-0.00036101818478487084, 0.004261558378079289, 0.017826658429280405], "aligned_model": [[-0.35851289082769316, 0.10534901596361225, 0.5743673183382128, -0.1254993104456515, -0.03444306202836492, -0.628731231577379, 0.5565511398606457, -0.2674621517996635, 0.5743673183382128, 0.12157171617835061, -0.6462397060307516, -0.033675693508981364], [-0.24976737150553996, -0.502303217103713, -0.013341434040926997, 0.6657051935071465, 0.3115623849251647, -0.6666416273529091, -0.3920002187065357, -0.4366842087561065, -0.013341434040926997, 0.20257534409188788, 0.12169687332551878, 0.026094751633997118], [-0.4233204904380628, 0.08450231323237009, -0.3081387987070564, -0.06880368757961725, -0.7113923121788893, 0.004078109428953779, 0.43911639242818984, 0.7164476079685314, -0.3081387987070564, 0.5841470454698092, 0.2477293627811677, -0.07427499834477727]], "inverted": true, "swapped": false, "error_lsq": 0.06244638239505381, "error_max": 0.4325002075951163, "target": "0.xyz", "model": "15.xyz", "model_rescale": 3.769337070930944, "target_rescale": 3.751011558992144},
{"mapping": [0, 3, 1, 2, 5, 10, 7, 9, 6, 8, 11], "R": [[-0.48678920886232835, -0.19536658787997158, 0.8513918971163198], [0.3521760576473439, -0.9358380538194454, -0.013385120223873809], [0.7993799413014836, 0.2933241097550118, 0.5243593005576106]], "T": [-0.1003356489699278, -0.05886657214638436, -0.024908104562841746], "aligned_model": [[-0.32186700308392424, -0.20652864134091156, -0.09584220674045447, -0.7549729135319827, 0.3073405212945021, 0.4397318018234408, 0.7415766233960637, 0.14711750210955382, 0.20983045628112007, -0.44235671349309097, -0.1014032960231459], [0.15323201570576167, -0.7346478276257065, 0.6480334776487812, 0.40859613436513903, 0.24708692423076323, -0.4149560363896385, 0.371567839049447, -0.3632916076543279, 0.3024720834334821, 0.0077101667121203185, -0.029738671850479313], [-0.5622436069978157, 0.05303583619596626, -0.07130517446469868, -0.06588267538493169, -0.6797965918513533, -0.23296768260088652, -0.07504046102095245, 0.43925647853757926, 0.5213389554677704, 0.5058391233683258, -0.08801659402522637]], "inverted": false, "swapped": true, "error_lsq": 0.05218770776354749, "error_max": 0.23604356889635023, "target": "0.xyz", "model": "16.xyz", "model_rescale": 3.7852294659196426, "target_rescale": 3.751011558992144},
{"mapping": [8, 0, 3, 7, 2, 9, 4, 10, 1, 5, 6, 12], "R": [[-0.6123993077610469, -0.7559698887820909, -0.231250113748261], [-0.27183287516028276, -0.07331670496571524, 0.9595475750347475], [-0.7423435699431125, 0.6504876540164027, -0.16059836903390995]], "T": [-0.019832476503498293, -0.06772200564910932, -0.05846048506412847], "aligned_model": [[-0.30974228914068086, 0.2223364811881077, 0.5564879116191692, -0.23112008519951438, 0.00642768151275324, -0.5771049927447277, 0.41387491554923905, -0.4427486756801, 0.5441287432419862, 0.25024113223418026, -0.49624685870933827, -0.0988915014105258], [-0.39721719280237, -0.7048458014228682, -0.2711197089412105, 0.5959250088736915, 0.3214877629015419, -0.7284078538618152, -0.274520959122343, -0.32675007586608584, 0.32375638270347895, 0.2718811516511407, 0.34885587077344193, -0.10548954890954543], [-0.539699649546801, -0.02418774767535034, -0.5673608247104999, 0.0212715141765394, -0.5295371043056047, -0.072720152853653, 0.4620380989980981, 0.5765996873548526, -0.11274278718106998, 0.43544127842279384, 0.5635406766748912, -0.030691244000633493]], "inverted": false, "swapped": false, "error_lsq": 0.052152314632861844, "error_max": 0.31258618415742606, "target": "0.xyz", "model": "17.xyz", "model_rescale": 3.901054581598922, "target_rescale": 3.751011558992144},
{"mapping": [5, 8, 2, 12, 13, 10, 1, 4, 0, 7, 11, 14], "R": [[-0.13450985608593807, -0.05121566681117934, -0.989587820301375], [0.8191231604468052, 0.5562387843184438, -0.1401273093996211], [0.5576238397301334, -0.8294428071259802, -0.032867659965327284]], "T": [-0.041608648613731446, -0.07483120482936796, 0.02987247478102661], "aligned_model": [[-0.20278668774851336, 0.20572735039935916, 0.47391817412183107, -0.1819889438169802, -0.09472060585570076, -0.755761387407169, 0.3816946472562845, -0.14143749638867384, 0.6932270964339681, 0.18039359570682464, -0.6456987401181257, -0.07492454012255609], [-0.3607237077974099, -0.6773629001021481, -0.1991148528564189, 0.6498366617586314, 0.19562586746807958, -0.4476863211956205, -0.19002114141287935, -0.7393701226975181, 0.09896137379756463, 0.4055526726709197, 0.35088642326888425, -0.03302891692502738], [-0.5015154846638171, -0.09740168569068439, -0.604575136816158, -0.054537002949007665, -0.6420905378489834, 0.18290409243633726, 0.5713806904632123, 0.44700098939056915, 0.10279082579007562, 0.42940139432461727, 0.3308220576006191, 0.01777154331678236]], "inverted": false, "swapped": false, "error_lsq": 0.04776933024459934, "error_max": 0.3254231715665559, "target": "0.xyz", "model": "18.xyz", "model_rescale": 3.9405287249114394, "target_rescale": 3.751011558992144},
{"mapping": [1, 12, 4, 5, 6, 3, 13, 14, 7, 11, 10, 15], "R": [[0.6960529002326614, -0.7169732126012587, -0.0382069691277811], [-0.5072069248896687, -0.5286769735227919, 0.6806186840006284], [-0.5081845092303254, -0.4543677696305183, -0.7316409190985163]], "T": [0.07106375994487946, -0.07150652648438596, -0.05429831764070735], "aligned_model": [[-0.3729964115003694, 0.06713802425983101, 0.5969321816691208, -0.05917522367081457, -0.21257062086749118, -0.6147550506234519, 0.41716032906514666, -0.16986382250564613, 0.7416254885556268, -0.0153351116388932, -0.5776638373432297, 0.03714651706071982], [-0.2351254381190749, -0.6192782673900872, -0.40695047507018334, 0.7482060606552082, 0.35798417238821667, -0.5745534672443517, -0.19995934808867083, -0.4296898224465048, 0.14006406841232882, 0.27458667366734435, 0.04982053650829335, -0.051549657295461265], [-0.5142535761941177, -0.06265120180494387, -0.4358802734595101, -0.1029986707249687, -0.5959372501366335, -0.009299102795958178, 0.5069920553722679, 0.5886617033438357, -0.08908912733176307, 0.5717751075241061, 0.37271021301048884, -0.04807813144924082]], "inverted": true, "swapped": false, "error_lsq": 0.043761240752095816, "error_max": 0.22578747439057303, "target": "0.xyz", "model": "19.xyz", "model_rescale": 4.410303926677745, "target_rescale": 3.751011558992144},
{"mapping": [6, 2, 0, 5, 3, 11, 7, 12, 1, 8, 9, 13], "R": [[-0.3878464563608435, 0.5421071958515086, 0.7454494714562151], [0.446773849951033, 0.817964211609018, -0.3623916052101227], [-0.8062060861146286, 0.19249503041079197, -0.5594438398792858]], "T": [-0.03887319297723764, -0.11781041693585828, -0.053299492083499], "aligned_model": [[-0.33735197976844317, 0.3868089480193854, 0.41541751033419266, -0.05852682916015532, -0.04717598985814038, -0.8031483027801815, 0.39119386361203595, -0.22069794099079254, 0.6665987597940717, -0.009400429065730978, -0.4891782012696361, -0.05689694640605707], [-0.357330029993978, -0.6227904069739462, -0.18800565323193835, 0.717920631934221, 0.1783444716870398, -0.42996192395394417, -0.2443003609853189, -0.46726833918328925, 0.10032521231412883, 0.37959476256271074, 0.04557512821412443, -0.058548456412752636], [-0.489242827821846, -0.10227552960957582, -0.602710047323282, -0.06872905810744599, -0.7152557151157476, 0.021388644161263667, 0.49977897057140813, 0.591288639111053, 0.08028966270513747, 0.5321721340459775, 0.4410559366633086, -0.0058090639266885485]], "inverted": true, "swapped": false, "error_lsq": 0.044969549348835784, "error_max": 0.24578497356571288, "target": "0.xyz", "model": "20.xyz", "model_rescale": 4.121658175737393, "target_rescale": 3.751011558992144},
{"mapping": [4, 6, 10, 7, 11, 2, 8, 1, 9, 5, 3, 12], "R": [[-0.7338071653460352, 0.0682018745453935, -0.6759256973923327], [0.3290454683028541, -0.8347746587343727, -0.4414525443626611], [-0.5943535344188442, -0.5463513278499524, 0.5901221082796524]], "T": [0.006102058890769204, -0.09480241360449718, 0.0728033536432146], "aligned_model": [[-0.3191798216234772, 0.28255016334321265, 0.30923123321488866, -0.10424282986154543, -0.07366252810520924, -0.4987189902778104, 0.5752750677420313, -0.35158629373095074, 0.599976778176717, 0.08698821333413198, -0.6231460641999861, -0.04584246555145367], [-0.1862338212730068, -0.6798882046656285, -0.4553028850761035, 0.5788438926818555, 0.4455879886266262, -0.6415403174645262, -0.14625565390073714, -0.4528676281372356, 0.1865849336179141, 0.22303564391776756, 0.19864874853646405, -0.017057660886332524], [-0.390838315998102, 0.13505706610384263, -0.54914934183235, 0.04377372653268079, -0.6172581124442814, -0.07701322423852137, 0.4293110712661426, 0.5484326321089402, -0.22852180925695326, 0.6697455025961783, 0.09675993881015053, 0.12165261170583537]], "inverted": false, "swapped": false, "error_lsq": 0.05602137601820584, "error_max": 0.2695377511420555, "target": "0.xyz", "model": "21.xyz", "model_rescale": 4.08911054899281, "target_rescale": 3.751011558992144},
{"mapping": [14, 11, 9, 7, 12, 2, 8, 1, 5, 6, 0, 16], "R": [[-0.2831908620134751, 0.9518109857058237, -0.11772333312378508], [0.5178052361509848, 0.04842034345816759, -0.8541271613489506], [-0.8072674111387677, -0.3028387654001744, -0.5065649110274126]], "T": [-0.0933519945284177, -0.08918267504361496, -0.055486715549366794], "aligned_model": [[-0.2101716195968792, 0.34990986167120247, 0.3972078051180726, -0.13984740200152213, -0.08355922259042924, -0.6346420679834517, 0.29792234378288945, -0.23902791532494122, 0.6116005914201685, 0.12877534026021692, -0.510395039244807, -0.13013021304997074], [-0.27799488508846804, -0.669978280609887, -0.10192090660427885, 0.6202814363751875, 0.3049394049214156, -0.5595067985488552, -0.21031278038813853, -0.5561430646380345, -0.07249119918474456, 0.37856805084499223, 0.258914373027642, -0.060800314129773866], [-0.6575877955051381, 0.17274216441945392, -0.5719520406100342, -0.038309995778912864, -0.6796192285110726, 0.028502001557898587, 0.503971868993177, 0.5695932008740874, -0.07767455334897647, 0.48064091302590795, 0.4967658916486756, -0.04512068141150362]], "inverted": false, "swapped": false, "error_lsq": 0.04541493259760862, "error_max": 0.2465604983614061, "target": "0.xyz", "model": "22.xyz", "model_rescale": 4.204369325754507, "target_rescale": 3.751011558992144},
{"mapping": [1, 12, 4, 5, 6, 3, 13, 14, 7, 11, 10, 15], "R": [[0.6960529002326614, -0.7169732126012587, -0.0382069691277811], [-0.5072069248896687, -0.5286769735227919, 0.6806186840006284], [-0.5081845092303254, -0.4543677696305183, -0.7316409190985163]], "T": [0.07106375994487946, -0.07150652648438596, -0.05429831764070735], "aligned_model": [[-0.3729964115003694, 0.06713802425983101, 0.5969321816691208, -0.05917522367081457, -0.21257062086749118, -0.6147550506234519, 0.41716032906514666, -0.16986382250564613, 0.7416254885556268, -0.0153351116388932, -0.5776638373432297, 0.03714651706071982], [-0.2351254381190749, -0.6192782673900872, -0.40695047507018334, 0.7482060606552082, 0.35798417238821667, -0.5745534672443517, -0.19995934808867083, -0.4296898224465048, 0.14006406841232882, 0.27458667366734435, 0.04982053650829335, -0.051549657295461265], [-0.5142535761941177, -0.06265120180494387, -0.4358802734595101, -0.1029986707249687, -0.5959372501366335, -0.009299102795958178, 0.5069920553722679, 0.5886617033438357, -0.08908912733176307, 0.5717751075241061, 0.37271021301048884, -0.04807813144924082]], "inverted": true, "swapped": false, "error_lsq": 0.043761240752095816, "error_max": 0.22578747439057303, "target": "0.xyz", "model": "23.xyz", "model_rescale": 4.410303926677745, "target_rescale": 3.751011558992144},
{"mapping": [13, 11, 14, 5, 6, 7, 10, 1, 9, 4, 0, 16], "R": [[0.3795068357160333, -0.44509828113493294, 0.8110869754690506], [-0.9111499410206256, -0.3319487771455848, 0.2441634582194101], [0.1605625940962419, -0.8316835512875551, -0.5315281026388036]], "T": [0.017902820386756786, -0.024893319733273384, 0.02629706839802809], "aligned_model": [[-0.29738956230276886, 0.24977497015732575, 0.32751667224382275, -0.1161183527172519, -0.10866848392432182, -0.4685493203079314, 0.4275737692246823, -0.2587265201681911, 0.6369307762995864, 0.14415090207890033, -0.67198542149737, -0.026866966625933367], [-0.20937683397637094, -0.6131363729731892, -0.2239218650267972, 0.5835741532789284, 0.29142976957580635, -0.47650623712876183, -0.17172824916648913, -0.5829788443314247, -0.10683176891623694, 0.4722878559606827, 0.1163880307547964, -0.02564460207388643], [-0.5743219208285992, -0.004148014727481032, -0.5417494885946272, -0.059770886578860274, -0.6532744862264646, -0.010322384593365375, 0.5104387454432824, 0.616510677821327, -0.023807462058399842, 0.4853794938902047, 0.2992065860049877, 0.13781088580155842]], "inverted": false, "swapped": false, "error_lsq": 0.04194119444233916, "error_max": 0.2681796888754583, "target": "0.xyz", "model": "24.xyz", "model_rescale": 4.28219845311461, "target_rescale": 3.751011558992144},
{"mapping": [9, 13, 7, 1, 3, 11, 2, 14, 4, 0, 8, 15], "R": [[0.7525582840739049, 0.3075724296069256, -0.5822844919946203], [-0.5078297573089012, -0.29187527639994887, -0.810504633310653], [-0.41924332631936145, 0.9056533683325793, -0.06345872488894806]], "T": [-0.1020351499521953, -0.1386844254069367, 0.034359968493929444], "aligned_model": [[-0.2991512299890797, 0.2758794595261963, 0.3723593630848266, -0.22022462787939656, 0.02560441257896197, -0.5537045454955964, 0.33812680862513816, -0.2466093996532504, 0.5279872075380562, 0.28576453924531936, -0.6066219953410659, -0.061767529779560924], [-0.3423374078085113, -0.5942357907464135, -0.30897889910104476, 0.48126721958843266, 0.3538549450274209, -0.4427049000670211, -0.2690151561684069, -0.6149468432497575, 0.21122303282297783, 0.41174749355739093, 0.2583057794118028, -0.09062443728981275], [-0.5792721669330756, -0.016334788800467348, -0.5585107121606622, -0.07319747672257958, -0.5497277436767736, 0.02777366714110739, 0.542347542385719, 0.610916141445461, -0.08927325019432798, 0.49500112566441623, 0.29843751329338297, 0.07379189391136223]], "inverted": false, "swapped": false, "error_lsq": 0.03942610779991285, "error_max": 0.2196880346374384, "target": "0.xyz", "model": "25.xyz", "model_rescale": 4.100010024507729, "target_rescale": 3.751011558992144},
{"mapping": [10, 1, 0, 5, 4, 8, 2, 3, 6, 5, 7, 11], "R": [[0.3323292230317569, 0.28808768788220757, -0.8980883985498267], [-4.705288763656723e-05, -0.9522035911149802, -0.3054641040347644], [-0.943163445700232, 0.1015569060104697, -0.3164315242456826]], "T": [-0.02544781664760163, -0.15108127647715033, 0.008568574980925584], "aligned_model": [[-0.37819197746112126, 0.3013996551774359, 0.2778968456817024, -0.021974425110722846, 0.10292631916665107, -0.4299506516925845, 0.3875716129173178, -0.31686644204613634, 0.5340950487094558, -0.021974425110722846, -0.5180869193733513, -0.07920217839737513], [-0.2573832996954432, -0.7774200436361673, -0.4485439546998593, 0.5891956279735346, 0.5296603369952617, -0.6124235776038758, -0.18873384652011796, -0.5687841424555694, 0.17184316302531719, 0.5891956279735346, 0.0813823631410496, -0.05443321852060752], [-0.5198950466678646, 0.01269564094910877, -0.6185976285367271, 0.13570712385447928, -0.5261748374826287, -0.011395557519213369, 0.6215567650431039, 0.6399726666496356, -0.04723219869657233, 0.13570712385447928, 0.41084163823072817, -0.05123394432496678]], "inverted": true, "swapped": false, "error_lsq": 0.057335661927548, "error_max": 0.4221094145680866, "target": "0.xyz", "model": "26.xyz", "model_rescale": 3.6694154284099745, "target_rescale": 3.751011558992144},
{"mapping": [6, 2, 12, 7, 3, 0, 10, 4, 9, 8, 5, 13], "R": [[0.3659347081368199, 0.16916103365489796, 0.9151373307179786], [0.5953454967860592, 0.7132565475366166, -0.3699038210842207], [-0.7153010057572835, 0.6801835355909118, 0.16029606693136897]], "T": [-0.011084008531537185, -0.06961891228394747, 0.03297415719258112], "aligned_model": [[-0.21290325909596808, 0.02124055921317219, 0.42084204574499734, -0.17189173526841084, 0.10257721821088037, -0.5324239397886706, 0.40896099492173066, -0.11530696002777516, 0.5664205096643689, 0.0849598107635115, -0.7248045377667129, -0.010028244110574493], [-0.2980965498547044, -0.7390966011100145, -0.2688594658849016, 0.5257956213883163, 0.4087574669382067, -0.45409205946851466, -0.2515646831688018, -0.47264913537292386, 0.28610897248036, 0.25174833532511287, 0.1917258755749286, -0.12622274087000646], [-0.5820521764193131, -0.08053528156697087, -0.6022233701918847, -0.09252856322416306, -0.6081719928163332, 0.1645736188326014, 0.42329281088939963, 0.7416594087303772, -0.03637812420304998, 0.5769005027297746, 0.25270218846854264, 0.0247127241245819]], "inverted": false, "swapped": false, "error_lsq": 0.049337661906547405, "error_max": 0.23095066304104112, "target": "0.xyz", "model": "27.xyz", "model_rescale": 4.103607728864725, "target_rescale": 3.751011558992144},
{"mapping": [0, 2, 1, 6, 5, 3, 13, 12, 8, 11, 10, 14], "R": [[0.8300972922845073, 0.548783856001111, 0.09886740987039516], [-0.3371614354498428, 0.3527413477767731, 0.8728663746611088], [0.444140351451352, -0.7578982919634912, 0.4778383903073215]], "T": [-0.0743012359986348, 0.02193275491049887, 0.08444476443313383], "aligned_model": [[-0.26705555853038776, 0.07403807554327248, 0.325276896137839, -0.18955869072338105, -0.07451068944881192, -0.5309066158818728, 0.306607536564883, -0.20181403699255068, 0.7400904088150877, 0.2042626926505942, -0.5124417939319037, -0.03634576174221957], [-0.31623489054077136, -0.693994841692232, -0.3321399787506685, 0.633427072744625, 0.3726200734389047, -0.5636965069755975, -0.11569442012602033, -0.6655496207880043, 0.11317615517363966, 0.5407743264261783, 0.15686204099630066, -0.07599437392929717], [-0.5140367772178311, 0.0022022492357520324, -0.6351597433841139, -0.03412032840122188, -0.557551163228777, -0.0254676882336987, 0.5902508543819627, 0.5828442887219958, 0.05759578730849249, 0.4383752587140516, 0.3071603129609629, -0.0301413055040127]], "inverted": false, "swapped": false, "error_lsq": 0.03623377520239438, "error_max": 0.17985369216474442, "target": "0.xyz", "model": "28.xyz", "model_rescale": 4.137296879288765, "target_rescale": 3.751011558992144},
{"mapping": [0, 5, 6, 9, 8, 1, 2, 10, 3, 4, 11], "R": [[-0.16407566027115453, 0.7031756612426789, 0.6918259659354411], [-0.8079455856850621, -0.4981681905586689, 0.31472588785723316], [0.5659532739357611, -0.5073188773852431, 0.649864946254197]], "T": [-0.03681848685550533, -0.015217488794983275, -0.023559959811051787], "aligned_model": [[0.4700008060276348, 0.2550985513584283, -0.1788493133162649, -0.5923225604506449, -0.03915214144708782, 0.493683668990574, 0.6680262041884776, -0.4909680611226423, -0.5045154546071203, 0.12791463272348835, 0.012502678365055697], [-0.22168875578695352, -0.7893475731664471, 0.027846197151729896, 0.14209907053060303, 0.5651708923431008, -0.173156347462231, 0.3727353335310687, -0.4921556519841628, 0.23412479407290207, 0.31266220186496363, -0.059142344446622024], [0.26504914307668764, 0.04119641285870085, -0.7328745943298337, -0.21335761208612652, -0.28094560779355127, -0.4657175551144734, -0.061465299049555874, 0.1438900286976803, 0.41589480136136014, 0.6959581945881593, -0.0018738904260488139]], "inverted": true, "swapped": true, "error_lsq": 0.052176806779791446, "error_max": 0.2901816498085862, "target": "0.xyz", "model": "29.xyz", "model_rescale": 3.607286011436655, "target_rescale": 3.751011558992144},
