[{"mapping": [5, 8, 2, 12, 13, 10, 1, 4, 0, 7, 11, 14], "R": [[-0.13450985608593807, -0.05121566681117934, -0.989587820301375], [0.8191231604468052, 0.5562387843184438, -0.1401273093996211], [0.5576238397301334, -0.8294428071259802, -0.032867659965327284]], "T": [-0.041608648613731446, -0.07483120482936796, 0.02987247478102661], "aligned_model": [[-0.20278668774851336, 0.20572735039935916, 0.47391817412183107, -0.1819889438169802, -0.09472060585570076, -0.755761387407169, 0.3816946472562845, -0.14143749638867384, 0.6932270964339681, 0.18039359570682464, -0.6456987401181257, -0.07492454012255609], [-0.3607237077974099, -0.6773629001021481, -0.1991148528564189, 0.6498366617586314, 0.19562586746807958, -0.4476863211956205, -0.19002114141287935, -0.7393701226975181, 0.09896137379756463, 0.4055526726709197, 0.35088642326888425, -0.03302891692502738], [-0.5015154846638171, -0.09740168569068439, -0.604575136816158, -0.054537002949007665, -0.6420905378489834, 0.18290409243633726, 0.5713806904632123, 0.44700098939056915, 0.10279082579007562, 0.42940139432461727, 0.3308220576006191, 0.01777154331678236]], "inverted": false, "swapped": true, "error_lsq": 0.04776933024459934, "error_max": 0.3254231715665559, "target": "1.xyz", "model": "0.xyz", "model_rescale": 3.751011558992144, "target_rescale": 3.9405287249114394},
{"mapping": [0, 1, 2, 3, 4, 5, 6, 7, 8, 9, 10, 11, 12, 13, 14], "R": [[1.0, 0.0, 0.0], [0.0, 1.0, 0.0], [0.0, 0.0, 1.0]], "T": [0.0, 0.0, 0.0], "aligned_model": [[0.08417588683037931, 0.1506646801599816, -0.5249301665848123, 0.1999983644371761, -0.2983104507191264, -0.5088157300629913, 0.5677158463171146, 0.5864189202305419, -0.5977879021939982, -0.04517147632364968, -0.12401960095113428, 0.5977879021939982, 0.5654060293774595, -0.14602086170883927, 0.03197477008693438], [-0.0014465317722383057, -0.5349029653494967, 0.43070357266286385, 0.5493421698248495, -0.7105137648915181, 0.28998626320778326, -0.4762051569722219, -0.07554823750376115, -0.24225233887146838, 0.3734268933753486, -0.29775164245919095, 0.01811906598945151, 0.48029087772797113, 0.7105137648915181, 0.034995379967215204], [-0.7539342452241019, -0.4205526379045098, -0.4718907232535882, -0.4915584646686044, 0.17819942424497417, 0.2170266504069757, 0.12105003752021115, -0.3001371979661382, -0.15614634303010363, 0.5410189593397553, 0.7539342452241019, 0.5282540225732735, 0.04014721400198818, 0.036746375958280196, 0.027509087629461797]], "inverted": false, "swapped": false, "error_lsq": 0.0, "error_max": 0.0, "target": "1.xyz", "model": "1.xyz", "model_rescale": 3.9405287249114394, "target_rescale": 3.9405287249114394},
{"mapping": [10, 11, 9, 1, 7, 5, 4, 6, 3, 2, 0, 8, 14], "R": [[0.848484042325046, -0.46766061448940704, -0.24772642082575647], [0.04291032497161222, -0.4057609380313173, 0.9129713934065931], [-0.5274784677411773, -0.7852716796264436, -0.32421421197425027]], "T": [-0.07401011958982173, -0.04610535454433258, -0.030891674323894936], "aligned_model": [[-0.22676148796201873, 0.2938673242832648, -0.42099913723760096, 0.4081615064923958, 0.5332398253267007, -0.6951105364065997, -0.038987178352861036, 0.6004028203822567, -0.03944837650004469, -0.603928286833872, 0.18485769517913248, -0.4292501629543893, -0.0700607261324325], [0.7577093082198076, 0.4544747204521384, 0.29436910935287125, -0.20655008300947747, -0.2643040802318949, 0.012535222381031871, 0.3920837554566135, 0.2819961895278157, -0.7092037702901339, -0.6742156953814862, -0.7302267921960682, -0.1160172358023454, -0.033818054906855445], [0.023905729945409442, -0.5317077720410186, -0.4757122925511019, 0.44602924317167086, -0.18358039134138987, -0.060583457084540396, 0.6266322167808308, 0.004354721886649964, -0.4083991132741489, 0.06077204666892684, 0.17027947550021377, 0.5252873369568064, -0.08415739502966475]], "inverted": false, "swapped": true, "error_lsq": 0.050584787788512345, "error_max": 0.30424055349339835, "target": "1.xyz", "model": "2.xyz", "model_rescale": 3.932901565614263, "target_rescale": 3.9405287249114394},
{"mapping": [9, 10, 11, 5, 12, 7, 6, 3, 2, 0, 4, 8, 1, 14], "R": [[-0.18863132673660443, -0.9137975574566137, 0.35971133782508924], [-0.9597950584321218, 0.24907801837904414, 0.12943564644119127], [-0.20787416477972653, -0.3208335467913162, -0.924042297121964]], "T": [0.03346605270352341, -0.04388829959718077, 0.009396123785121044], "aligned_model": [[-0.10463912118905944, 0.6001434541618943, 0.09416633053233908, -0.05747715332389244, -0.49763445964073016, -0.11607788435339486, 0.40507523963296393, -0.6830665900644664, -0.430835989585476, -0.25228901528997716, 0.8031028449940589, 0.31142956340251465, 0.34256144539876815, 0.005351247377161035], [0.16250662951079803, 0.09856767787633389, -0.5447542121650217, 0.5447907123571425, -0.4617358319342185, -0.6643961389348165, -0.691723210468321, -0.16264187004449143, 0.5061363918865839, -0.22262616548820502, 0.08852059396407866, 0.44931493955579976, -0.3761625882790328, -0.062300289486141185], [-0.6009461699459507, -0.565961821573518, -0.6088108017873483, -0.17841335722570834, -0.29932833197556347, 0.18907265538371248, -0.06769009882542716, 0.24579504693561066, 0.41637837680429424, 0.6890293593704899, 0.134700005482483, 0.3556692872684795, 0.5383000703873164, -0.03389785724177294]], "inverted": false, "swapped": true, "error_lsq": 0.040792090712245134, "error_max": 0.2604287661406335, "target": "1.xyz", "model": "3.xyz", "model_rescale": 3.9243930471874484, "target_rescale": 3.9405287249114394},
{"mapping": [7, 0, 12, 11, 9, 1, 6, 13, 5, 8, 10, 4, 14], "R": [[0.2567970797052732, 0.7222737673902883, 0.6421649825353942], [-0.9417615369543865, 0.33627751995410804, -0.001623910966248976], [-0.21711855601987456, -0.6043492653369855, 0.7665647383740597]], "T": [-0.011947498810382942, 0.006760115706189673, -0.1468684543165797], "aligned_model": [[-0.10866094122294537, -0.4755263402606953, 0.5059297550597041, 0.49387584998998957, 0.5935924776825237, -0.629667806276952, -0.1323761249206753, 0.4873374599530819, 0.20620649358816234, -0.44070190947763954, 0.22529660071067753, -0.48730477499338154, 0.03920514647950245], [-0.5704244457667695, -0.0717756108779399, -0.3642717058057419, -0.5509783407621729, 0.1739973776426576, -0.3143229876092645, -0.6882264959341458, 0.3831470807645974, 0.583106629131589, 0.48852332128915466, 0.022205499733310496, 0.048478237514803346, -0.011629005638490977], [-0.4586079543021029, -0.7422097983445031, -0.5291165954850183, 0.11733136194251803, 0.05198489974931789, -0.178693160828359, 0.1104568280091443, -0.5163946114249294, -0.04528312536312443, 0.009631134244131978, 0.6379438961746424, 0.48390014683795624, -0.15387270583871007]], "inverted": false, "swapped": true, "error_lsq": 0.04730344176582683, "error_max": 0.27300599386526686, "target": "1.xyz", "model": "4.xyz", "model_rescale": 3.8936222436046832, "target_rescale": 3.9405287249114394},
{"mapping": [0, 3, 7, 1, 11, 9, 5, 10, 4, 8, 6, 14], "R": [[-0.42174251082545905, -0.8733217445324152, -0.24380809069736978], [0.579714347846097, -0.4664663756283317, 0.6680871165570723], [-0.6971832825477189, 0.14042168968869295, 0.7030058460645688]], "T": [-0.13148243999086767, -0.11405315185723498, 0.003945701150576589], "aligned_model": [[0.01809556663663206, -0.5757367837292644, -0.23964643204793443, 0.3746523860455723, -0.5282113897692493, -0.5704583336340222, -0.2230573789878404, -0.002960387103763118, 0.5713884177817083, 0.37026410778534785, 0.015454993463617756, -0.182236724225707], [-0.5682741800513704, -0.5827647586649218, 0.060625227421597386, -0.058162226713518075, 0.576960843722228, 0.04701700223761375, -0.39929706307863966, 0.4566357915179696, 0.1634955200073937, -0.4519161653029683, 0.5180655339067425, -0.09346261989231917], [-0.5849636263176605, -0.4039187337124033, -0.6265025825587563, -0.47185813636597645, -0.03891205483039416, 0.46821522588200826, 0.5519748871018693, 0.5786194868410653, 0.23742645399764206, 0.27692415832236716, -0.3736269448766105, 0.005906585792367414]], "inverted": false, "swapped": true, "error_lsq": 0.04619102409336831, "error_max": 0.2360800802841767, "target": "1.xyz", "model": "5.xyz", "model_rescale": 3.6523030999806103, "target_rescale": 3.9405287249114394},
{"mapping": [2, 0, 1, 8, 4, 13, 7, 5, 12, 11, 6, 10, 14], "R": [[0.7480189719113081, 0.6189067642938116, -0.23962895228271985], [-0.5858237818317148, 0.7854116340829288, 0.19984759615159498], [0.3118943960720312, -0.009109454349627885, 0.9500731043137234]], "T": [0.07576263365136096, -0.0783048357821998, 0.02334970157288022], "aligned_model": [[0.08877632305361402, -0.1669717316497325, 0.1933410699895755, 0.6354337522819996, 0.7813480268531113, -0.2459472711397436, -0.3880540912369721, 0.3288978619482503, -0.634806641382108, -0.2560231129040029, -0.02516590354206863, 0.5334766269223796, 0.03677799546999168], [-0.6297947812904947, 0.12281547002720189, 0.5141235627689672, -0.2070299287428551, 0.26937085836850305, -0.729236781239204, 0.3845514760040494, -0.6475120302554602, -0.13232590470377376, 0.15209231201882487, 0.6041021197968807, -0.06777280994230817, -0.09255665864714731], [0.6393266377316197, 0.7133751858794333, 0.3710413082219281, 0.3559400525346496, -0.05938381344350477, 0.04045343927657531, 0.12491300277333883, -0.021503090431427587, -0.18676487090649826, -0.6648118794489961, -0.2730620435173338, -0.6569742836903666, -0.012439905497628013]], "inverted": true, "swapped": true, "error_lsq": 0.0466643480859514, "error_max": 0.3031137173369138, "target": "1.xyz", "model": "6.xyz", "model_rescale": 4.08911054899281, "target_rescale": 3.9405287249114394},
{"mapping": [13, 12, 2, 1, 5, 6, 10, 11, 7, 3, 4, 8, 9, 0, 14], "R": [[0.5092317086321345, 0.28716557567784495, -0.8113069696910098], [-0.09371972175470066, 0.9555872817988926, 0.27940930660667984], [0.8555113562529832, -0.06624861515394873, 0.5135284221076429]], "T": [0.05277294151916317, -0.01817184148785031, -0.023209423328954648], "aligned_model": [[-0.031146512312715098, 0.17582096504551092, -0.49650965838089317, 0.1929764867507735, -0.22625287054467264, -0.3612028481500536, 0.5185162251797931, 0.5569100037126308, -0.6503698562967251, -0.05364216656575244, -0.10277898499686255, 0.4895102794649181, 0.5980958847584527, -0.2520731807502605, 0.18123244417489037], [-0.11880720416522914, -0.5931321231770396, 0.4052754181226601, 0.5671816919999674, -0.6871611195521586, 0.2047275595225988, -0.5493154209056499, -0.09829014112922303, -0.26411895024798293, 0.45983569143998015, -0.21729082465287708, -0.025805251590024895, 0.5260783283868625, 0.8545690421213176, 0.0850106536539044], [-0.7434347848644778, -0.4260515467437544, -0.43445215830021017, -0.442315931979452, 0.21152270404273832, 0.14437001768457436, 0.11907406225614392, -0.3129643948871174, -0.23389684608984804, 0.5985912356456866, 0.6348215169791236, 0.5005760308211691, 0.12160752345551268, 0.1501352475388667, -0.03791627070697932]], "inverted": true, "swapped": false, "error_lsq": 0.03174782952551462, "error_max": 0.21179247736909004, "target": "1.xyz", "model": "7.xyz", "model_rescale": 3.964800864290218, "target_rescale": 3.9405287249114394},
{"mapping": [7, 11, 12, 1, 3, 4, 0, 9, 10, 5, 8, 2, 13, 14], "R": [[0.1381714934187672, 0.753251645510614, 0.6430556717283348], [-0.12263813324659195, 0.6572988279794967, -0.7435846549052576], [-0.9827861042364298, 0.023879055097141832, 0.18319733635467772]], "T": [-0.023742587265382743, -0.07629042700895503, 0.06527998953687268], "aligned_model": [[-0.1926279709520178, 0.41219962152915496, 0.44197719584207723, -0.6762803213050401, 0.10158492010793342, -0.4855640998466932, -0.4980231742114819, 0.5992057346199371, 0.21966121712370582, 0.2639464318339984, -0.3892275988480741, -0.0752968035115719, 0.514907120239923, 0.024725616839021917], [0.025311898120232185, -0.5304939636499353, 0.14021101177258888, -0.1336422662112308, 0.6257794426260478, -0.6392324125128211, 0.47304953128348315, -0.22759101830284242, -0.8174066358359366, 0.015339728280986814, -0.04610298842523722, 0.6220776828272231, 0.38131312252661365, -0.07766466631796975], [-0.5678327322612327, -0.4250102579908964, -0.47156944438764287, -0.17260826496582798, -0.2082100533514496, 0.3741346177746306, -0.1556001896753213, 0.21770420240568777, 0.31817344764067695, 0.6120203208887836, 0.618387282021818, 0.5050097337425531, 0.23248549888831604, 0.03973087799492628]], "inverted": false, "swapped": true, "error_lsq": 0.044408270539584835, "error_max": 0.3305804578787737, "target": "1.xyz", "model": "8.xyz", "model_rescale": 4.121658175737393, "target_rescale": 3.9405287249114394},
{"mapping": [7, 0, 3, 12, 1, 6, 8, 10, 5, 4, 11, 9, 14], "R": [[0.6823759338882068, -0.6689011898799991, -0.2948462023281274], [-0.721773483524525, -0.5526374881005118, -0.4166951466321981], [0.11578481476890642, 0.49715491038817883, -0.8599016639976064]], "T": [0.047289200753283515, -0.06724992405866986, -0.07525186617065407], "aligned_model": [[-0.4918975765460702, -0.23341263446656357, 0.13333661456167092, -0.005425873385893461, -0.537316329232691, -0.6229494823316908, 0.24712324480779602, 0.1550454128525292, 0.6524544499170587, -0.1718730061150056, -0.19275332005327317, 0.4874162079555477, 0.056989788471782384], [0.18919520088004244, -0.3214541495421009, 0.17586064246666555, 0.6230010488214777, -0.4293538272819299, 0.1297844613543866, -0.6976605279794628, -0.007151962364247755, -0.18380839402107668, -0.6009642043209382, 0.5943516950270669, 0.3319561770562727, -0.013368720684446098], [-0.3636795709390235, -0.7325883172747019, -0.7942087386834591, -0.3449736107032777, -0.18840082558316473, 0.19985412055366167, -0.019870665019784378, 0.7354457234909035, 0.026114752004112146, 0.46575734265536795, 0.30077190269860443, 0.2095503945262692, -0.07269707376641912]], "inverted": true, "swapped": true, "error_lsq": 0.042206216854391895, "error_max": 0.21656493898853044, "target": "1.xyz", "model": "9.xyz", "model_rescale": 3.833441315466971, "target_rescale": 3.9405287249114394},
{"mapping": [8, 9, 13, 10, 3, 5, 7, 11, 2, 1, 4, 6, 12, 0, 14], "R": [[0.8014093010180917, 0.41779717467777344, -0.42800543579838357], [0.44978019814986214, -0.8926621360957355, -0.029190480182242087], [-0.39425994672799947, -0.16911484740338195, -0.9033046345468213]], "T": [0.10505778673611198, 0.07672680592759155, 0.02811899313714919], "aligned_model": [[0.14826320406241272, -0.09529863411376206, -0.5871225857534578, 0.30370686493177335, -0.14560742350059147, -0.5068253931062613, 0.4692731183884974, 0.6910441048197067, -0.5026840160529626, 0.0488694632845368, -0.1327419553488582, 0.3438523441381075, 0.5748367485544827, -0.1493091972136023, 0.0788295679990128], [-0.07102068180986433, -0.5386215295429139, 0.35166861679026545, 0.5516153485802051, -0.7425695102877785, 0.18937001664243108, -0.4706682216944161, -0.013539695226357173, -0.23501230198190132, 0.6414079837855297, -0.28679664643596053, 0.0646244952265527, 0.41244145021063006, 0.7061783495514593, -0.010320323980775939], [-0.7359905108985426, -0.4608737033222371, -0.25645063629369713, -0.6127971942923471, 0.1703946001839867, 0.29334659873816693, -0.07967642747922273, -0.3092370129333327, -0.19575348098620968, 0.5009688346243788, 0.6968600209919122, 0.6637763390994186, 0.20023366990104272, -0.02583611236290813, 0.0007014198815672307]], "inverted": false, "swapped": false, "error_lsq": 0.046152831846760785, "error_max": 0.29156872409484585, "target": "1.xyz", "model": "10.xyz", "model_rescale": 4.2482417240324, "target_rescale": 3.9405287249114394},
{"mapping": [4, 8, 0, 2, 11, 12, 7, 13, 5, 9, 10, 14], "R": [[-0.23303008665257482, 0.8113468664389385, -0.5361093554811454], [0.7477506434295393, 0.501956576810106, 0.43463613546021523], [0.6217442834199634, -0.29959281920098774, -0.7236561260141455]], "T": [-0.0573338272964726, 0.013668800534502597, 0.04728560241603983], "aligned_model": [[-0.6598260123015761, -0.030870421356607294, 0.32606822176303396, 0.6674257204544197, -0.46513747010333917, 0.17906875828463695, -0.09437654509862317, 0.5334664675358263, 0.18016497466235595, -0.03387410006514727, -0.6742045933087809, -0.05113939810319214], [-0.488588179038816, -0.6227944858104675, -0.2518017887987869, -0.3677543386455977, 0.6993583602860817, 0.694986117601211, 0.2837915189428613, 0.27709996727766417, -0.1269103523806736, 0.40248227483449234, 0.09916173567233302, 0.06710056011033737], [-0.054277498105121245, -0.1388122896217138, 0.645643984554615, -0.06663581273505623, 0.03125421171493779, 0.22587909354267577, 0.6517180451710206, -0.28295859558747405, -0.512998136264098, -0.48418720472962873, -0.48620775668955174, 0.036774248603751176]], "inverted": false, "swapped": true, "error_lsq": 0.05258453636963315, "error_max": 0.2979913681604077, "target": "1.xyz", "model": "11.xyz", "model_rescale": 3.6694154284099745, "target_rescale": 3.9405287249114394},
{"mapping": [6, 11, 9, 12, 7, 4, 1, 8, 13, 2, 5, 0, 10, 14], "R": [[-0.5904488485160128, -0.3995732306080601, 0.7012213563972173], [0.05173656737275874, -0.8857948816110396, -0.46118407963433505], [0.8054151009775016, -0.2360268228255483, 0.5436891152343208]], "T": [0.04553990470799665, 0.04226293446587942, 0.006990015179667755], "aligned_model": [[0.10558536794476504, 0.03531997471713447, -0.21129419979598515, 0.5431425374852312, 0.5720658406430763, -0.5394566798268678, 0.2156672768817897, -0.29472767300844915, 0.21745699188974882, 0.23859296329115437, -0.2912027313653619, 0.6233382588567549, -0.675335705633648, 0.059112628176466966], [-0.3531024751650042, 0.2710075615160187, 0.6248889132296509, 0.4569652244493286, -0.1934151070128969, -0.48949022559580185, -0.6332984290248471, -0.21340766078689594, 0.6961338524468199, 0.23330755066005449, 0.4255448974756326, -0.31107583840270314, 0.1326348730128833, 0.08429415133401462], [-0.6284676785200988, -0.7574067650028175, -0.16263555178324335, -0.356862612422304, -0.3199707215298964, -0.017331636835922065, -0.011959149224770219, 0.5161744360115967, 0.2723191241260528, 0.7879961439539667, 0.3672473966132424, 0.34875790722073685, -0.3733059422885639, -0.02545949066556373]], "inverted": true, "swapped": true, "error_lsq": 0.03824368374043992, "error_max": 0.23900180794986364, "target": "1.xyz", "model": "12.xyz", "model_rescale": 3.9764082729961374, "target_rescale": 3.9405287249114394},
{"mapping": [3, 14, 7, 8, 6, 0, 13, 11, 4, 9, 5, 12, 10, 2, 15], "R": [[-0.04448517619108877, -0.5851167963521999, 0.8097279813158156], [-0.7342913380189267, -0.5304265267781709, -0.4236318337901682], [0.6773753021845585, -0.6134215795980643, -0.4060500777906506]], "T": [0.057926425742093224, 0.0361837876275993, 0.06830394313476261], "aligned_model": [[-0.014354852985993594, 0.27287040828592013, -0.5308580074864779, 0.2922837755784181, -0.06547790704026701, -0.5420014821578503, 0.4887633412897064, 0.6305806234605946, -0.6156112279004569, -0.10994295390491038, -0.3957453218017736, 0.49905519377670365, 0.773544800243803, -0.1372182512172922, -0.006801927051089618], [0.020289932111534542, -0.546881507924298, 0.31922464148493823, 0.47459725993960755, -0.717440708387784, 0.3910839595262592, -0.39217840717206076, -0.0438328252663171, -0.20905224089595037, 0.26521323737455266, -0.26412140567751263, 0.06560847405915857, 0.3929162945404613, 0.7985603596855592, -0.005229713571042405], [-0.7701268825246225, -0.434331098487135, -0.31150451537874724, -0.43421281929368727, 0.09021958493078447, 0.27138103886778675, 0.14155644107671533, -0.4759471112930401, 0.022806237490273176, 0.5982704600423498, 0.7061304416350925, 0.5284703617149749, -0.014031708593153905, -0.06192674195016966, -0.007087283385445051]], "inverted": false, "swapped": false, "error_lsq": 0.04334883496962931, "error_max": 0.2779407559811405, "target": "1.xyz", "model": "13.xyz", "model_rescale": 4.170626492500431, "target_rescale": 3.9405287249114394},
{"mapping": [6, 11, 7, 12, 1, 2, 3, 10, 4, 9, 5, 13, 8, 14], "R": [[0.35617607796577366, 0.8661942072082911, -0.3504942180460604], [0.5570590476880868, 0.10431764849830527, 0.8238950452579661], [0.7502158481888803, -0.48869768120033497, -0.44536586927564936]], "T": [0.019302576741184962, 0.08315613856970873, 0.057674824753067816], "aligned_model": [[0.27200925985808144, -0.024159823146243098, -0.2293227211285765, -0.5840353349452791, 0.2815680039085572, -0.3321977650331606, -0.7000574612790803, 0.5856357334217142, 0.8034543982423126, -0.09844461874156801, 0.02541273265130102, -0.5312518004174407, 0.3873295094120685, -0.012757090711042786], [-0.2831510341002237, -0.6869630311386541, 0.011648738106301335, -0.31498831136931965, 0.40151806947928226, 0.7194316821620135, 0.3194317402551517, -0.4378595585423869, 0.17663417663861358, -0.3763785372403632, 0.1575386775734307, 0.06010409847345416, 0.5700786907772959, 0.03902906685107017], [-0.5470434012239218, -0.1466740758321888, -0.5528570554427026, -0.11390450203712588, -0.5040618360552507, 0.4518055699975154, -0.042828236197529096, 0.3409823381301844, 0.01360956468280268, 0.5150074181884935, 0.6777683264781982, 0.5308140004080301, 0.31821437476492953, 0.06304061525943189]], "inverted": true, "swapped": true, "error_lsq": 0.04626856504399091, "error_max": 0.36041215646003816, "target": "1.xyz", "model": "14.xyz", "model_rescale": 3.9786697098870705, "target_rescale": 3.9405287249114394},
{"mapping": [6, 7, 4, 10, 1, 8, 12, 2, 5, 9, 0, 14], "R": [[0.7784266773952904, 0.29668137922370447, -0.5532016514267187], [0.5078388583267612, 0.22038129953094995, 0.832785552702748], [0.36898726521751424, -0.9291997858582245, 0.02088434984215868]], "T": [0.025257483340074334, -0.03246761200661292, 0.02427539874174373], "aligned_model": [[-0.20842139318780595, -0.5748492865656399, 0.5668467158267081, 0.6272126867164016, -0.16597858732758392, 0.4760828770201084, -0.5351535084343017, 0.04504467140821689, 0.4553591983838024, 0.24892394156182873, -0.45691578304595115, 0.005203064411553264], [-0.3166377903183865, -0.06367458590446712, 0.12720806754378808, -0.5317322926572999, 0.359131780455362, 0.45453661760288083, -0.4588839120454013, 0.5321770882170689, -0.018715421094980568, -0.5423768581597649, 0.552968937389066, -0.07932714080342629], [-0.6302223000266042, -0.25603695077342264, -0.5295826611657245, -0.22237913681718863, -0.5195667019960003, 0.023011715403813967, 0.26109550649634533, 0.6280327437784504, 0.47694463665966763, 0.37663245839622883, 0.007616877985186139, 0.044420305933078316]], "inverted": true, "swapped": true, "error_lsq": 0.05643655261959823, "error_max": 0.3427698233026775, "target": "1.xyz", "model": "15.xyz", "model_rescale": 3.769337070930944, "target_rescale": 3.9405287249114394},
{"mapping": [7, 12, 1, 0, 6, 11, 4, 9, 8, 2, 14], "R": [[0.16880761944656242, 0.5102680535281503, -0.843285539521091], [0.3736471092682553, 0.7585762595926353, 0.5338069839538664], [0.9120810410003386, -0.4052018903349782, -0.06260673060222234]], "T": [0.028590009894531657, 0.011316020270427073, 0.09914467264492266], "aligned_model": [[-0.28495347884670646, -0.2780763622310538, -0.07854539929495187, -0.6206632489715546, 0.27782727408321156, 0.36390225508691226, 0.591772560369382, 0.3019009502798752, 0.12143883889005473, -0.5005106751327985, 0.028533416458799844], [0.009726717749161472, -0.5857144289332027, 0.5852792239933028, 0.383416613689943, 0.09581120674680169, -0.5077760811968218, 0.5666336348081026, -0.5438782631348458, 0.5017966234077605, 0.13263171817457237, -0.0418624676794318], [-0.4851198039260163, -0.21942318984006665, -0.2813468440881194, -0.025418053433532137, -0.604038870160372, -0.40567220241477264, 0.0944829417822145, 0.3255294311294076, 0.5364387670940365, 0.7229018918686753, 0.08588353921232213]], "inverted": true, "swapped": true, "error_lsq": 0.04254534332562216, "error_max": 0.2139637540250937, "target": "1.xyz", "model": "16.xyz", "model_rescale": 3.7852294659196426, "target_rescale": 3.9405287249114394},
{"mapping": [8, 10, 6, 4, 5, 9, 12, 11, 1, 0, 3, 7, 14], "R": [[0.41375523866288716, -0.5964217107157584, -0.6878137432953094], [0.34501357503451335, 0.801886823028586, -0.4877941739043484], [0.8424798131236865, -0.0354776836900261, 0.5375584604850612]], "T": [-0.061873280492403426, 0.08243009482396166, -0.08444606058939413], "aligned_model": [[-0.057327001558444, -0.4541678315249918, 0.373781339933462, 0.1158970298753598, -0.5946264703177684, -0.6754033976508564, -0.14200328634717235, -0.1886823853612675, 0.608754645995754, 0.49238401201307674, 0.031338161454451924, 0.4322577184928255, -0.08843668478814623], [-0.24190652840670349, -0.5668862020249762, -0.1626103749219722, -0.6771673268355479, 0.033553588436255236, 0.10238553111241902, 0.6430581993477811, 0.04552524178204262, -0.08937705816536434, 0.47807669603105063, 0.8317218480546776, 0.37057662334313823, 0.10810538595007428], [-0.6634135366353782, 0.2269171999366078, 0.4758092072648474, -0.21476660259940297, -0.4067365706107901, 0.15507888015032553, 0.3964389720919686, 0.7025027761662033, -0.16460861937922608, -0.41876198775598733, -0.19968227513761302, 0.25093902813914687, -0.043961774487527826]], "inverted": false, "swapped": true, "error_lsq": 0.03772409902298194, "error_max": 0.24356060838443505, "target": "1.xyz", "model": "17.xyz", "model_rescale": 3.901054581598922, "target_rescale": 3.9405287249114394},
{"mapping": [0, 1, 2, 3, 4, 5, 6, 7, 8, 9, 10, 11, 12, 13, 14], "R": [[1.0, 0.0, 0.0], [0.0, 1.0, 0.0], [0.0, 0.0, 1.0]], "T": [0.0, 0.0, 0.0], "aligned_model": [[0.08417588683037931, 0.1506646801599816, -0.5249301665848123, 0.1999983644371761, -0.2983104507191264, -0.5088157300629913, 0.5677158463171146, 0.5864189202305419, -0.5977879021939982, -0.04517147632364968, -0.12401960095113428, 0.5977879021939982, 0.5654060293774595, -0.14602086170883927, 0.03197477008693438], [-0.0014465317722383057, -0.5349029653494967, 0.43070357266286385, 0.5493421698248495, -0.7105137648915181, 0.28998626320778326, -0.4762051569722219, -0.07554823750376115, -0.24225233887146838, 0.3734268933753486, -0.29775164245919095, 0.01811906598945151, 0.48029087772797113, 0.7105137648915181, 0.034995379967215204], [-0.7539342452241019, -0.4205526379045098, -0.4718907232535882, -0.4915584646686044, 0.17819942424497417, 0.2170266504069757, 0.12105003752021115, -0.3001371979661382, -0.15614634303010363, 0.5410189593397553, 0.7539342452241019, 0.5282540225732735, 0.04014721400198818, 0.036746375958280196, 0.027509087629461797]], "inverted": false, "swapped": false, "error_lsq": 0.0, "error_max": 0.0, "target": "1.xyz", "model": "18.xyz", "model_rescale": 3.9405287249114394, "target_rescale": 3.9405287249114394},
{"mapping": [1, 12, 2, 6, 14, 11, 4, 0, 10, 9, 13, 7, 8, 5, 15], "R": [[0.9144588736023582, -0.062050078222745164, 0.39989343115692433], [-0.39504232064534167, -0.35124104107485976, 0.8488647100473621], [0.08778686341958913, -0.9342266956457626, -0.3457078936815741]], "T": [0.06189880721210828, -0.09462552701885428, -0.01875954797002577], "aligned_model": [[0.1276205790636604, 0.15238376709966941, -0.41983392325286145, 0.19976508202723336, -0.5103791026250319, -0.5070616770020848, 0.7434735836383639, 0.633515963513414, -0.7005759623576395, 0.014731658745484509, -0.09652990133643222, 0.5000659762835539, 0.4897961160277521, -0.11950023734081558, 0.03161428860476821], [-0.10772804027188719, -0.6201799338141027, 0.45452176525461097, 0.4763006387023405, -0.5940895242399203, 0.08051740871937464, -0.34767009619086015, 0.04759865964508721, -0.05296580067804145, 0.34604455439210474, -0.3840016884027775, 0.08109504670003327, 0.5290819954108934, 0.7153600169278522, -0.07512765232760185], [-0.6752870773475723, -0.14423504255615532, -0.48960571265710584, -0.48062496035302216, 0.13214661979184808, 0.387223359753393, 0.05927441109993219, -0.37330202117421074, -0.20530908540524662, 0.6078144591602744, 0.5664682939021073, 0.5035022262975948, -0.03160381162476622, 0.028994488419709058, -0.035789742454802854]], "inverted": true, "swapped": false, "error_lsq": 0.045853926055155335, "error_max": 0.28918252040798836, "target": "1.xyz", "model": "19.xyz", "model_rescale": 4.410303926677745, "target_rescale": 3.9405287249114394},
{"mapping": [7, 11, 12, 1, 3, 4, 0, 9, 10, 5, 8, 2, 13, 14], "R": [[0.1381714934187672, 0.753251645510614, 0.6430556717283348], [-0.12263813324659195, 0.6572988279794967, -0.7435846549052576], [-0.9827861042364298, 0.023879055097141832, 0.18319733635467772]], "T": [-0.023742587265382743, -0.07629042700895503, 0.06527998953687268], "aligned_model": [[-0.1926279709520178, 0.41219962152915496, 0.44197719584207723, -0.6762803213050401, 0.10158492010793342, -0.4855640998466932, -0.4980231742114819, 0.5992057346199371, 0.21966121712370582, 0.2639464318339984, -0.3892275988480741, -0.0752968035115719, 0.514907120239923, 0.024725616839021917], [0.025311898120232185, -0.5304939636499353, 0.14021101177258888, -0.1336422662112308, 0.6257794426260478, -0.6392324125128211, 0.47304953128348315, -0.22759101830284242, -0.8174066358359366, 0.015339728280986814, -0.04610298842523722, 0.6220776828272231, 0.38131312252661365, -0.07766466631796975], [-0.5678327322612327, -0.4250102579908964, -0.47156944438764287, -0.17260826496582798, -0.2082100533514496, 0.3741346177746306, -0.1556001896753213, 0.21770420240568777, 0.31817344764067695, 0.6120203208887836, 0.618387282021818, 0.5050097337425531, 0.23248549888831604, 0.03973087799492628]], "inverted": false, "swapped": true, "error_lsq": 0.044408270539584835, "error_max": 0.3305804578787737, "target": "1.xyz", "model": "20.xyz", "model_rescale": 4.121658175737393, "target_rescale": 3.9405287249114394},
{"mapping": [2, 0, 1, 8, 4, 13, 7, 5, 12, 11, 6, 10, 14], "R": [[0.7480189719113081, 0.6189067642938116, -0.23962895228271985], [-0.5858237818317148, 0.7854116340829288, 0.19984759615159498], [0.3118943960720312, -0.009109454349627885, 0.9500731043137234]], "T": [0.07576263365136096, -0.0783048357821998, 0.02334970157288022], "aligned_model": [[0.08877632305361402, -0.1669717316497325, 0.1933410699895755, 0.6354337522819996, 0.7813480268531113, -0.2459472711397436, -0.3880540912369721, 0.3288978619482503, -0.634806641382108, -0.2560231129040029, -0.02516590354206863, 0.5334766269223796, 0.03677799546999168], [-0.6297947812904947, 0.12281547002720189, 0.5141235627689672, -0.2070299287428551, 0.26937085836850305, -0.729236781239204, 0.3845514760040494, -0.6475120302554602, -0.13232590470377376, 0.15209231201882487, 0.6041021197968807, -0.06777280994230817, -0.09255665864714731], [0.6393266377316197, 0.7133751858794333, 0.3710413082219281, 0.3559400525346496, -0.05938381344350477, 0.04045343927657531, 0.12491300277333883, -0.021503090431427587, -0.18676487090649826, -0.6648118794489961, -0.2730620435173338, -0.6569742836903666, -0.012439905497628013]], "inverted": true, "swapped": true, "error_lsq": 0.0466643480859514, "error_max": 0.3031137173369138, "target": "1.xyz", "model": "21.xyz", "model_rescale": 4.08911054899281, "target_rescale": 3.9405287249114394},
{"mapping": [13, 4, 12, 7, 15, 9, 1, 0, 14, 5, 11, 8, 6, 10, 16], "R": [[0.5965530756680735, 0.44849532924049695, 0.6655646982528598], [-0.3205558992213142, -0.627118442893488, 0.7099058909864477], [0.7357773735209425, -0.6368472330412573, -0.23034161235503633]], "T": [0.0171581765079511, -0.04659091296259632, -0.02624801760628264], "aligned_model": [[-0.0657191641797634, 0.23266382163932328, -0.4866202820496462, 0.21065918922207133, -0.3109337527388156, -0.5669650119881127, 0.5289190075826382, 0.7020083627893114, -0.5815096667417805, -0.1266547607404878, 0.017258751864168646, 0.4521081362980475, 0.6002875122090474, -0.10682518401930763, 0.04040925194234017], [0.05652304841617685, -0.41310422190981566, 0.33114154376930677, 0.4939484130139925, -0.6228864271466925, 0.2784684139754058, -0.5630043589148745, -0.06229303247382628, -0.21340506008167903, 0.38448881389445067, -0.27173777208594874, 0.037074574048218484, 0.4121032136146908, 0.7478597741822814, -0.046419572474580735], [-0.673726838416313, -0.5789843898026762, -0.4115984579313163, -0.44597505171394963, 0.2766483082027246, 0.2200935058815848, 0.29221137679664355, -0.38792890453910833, -0.18622439000768262, 0.5133973864517878, 0.7053269354709358, 0.5072129808012015, 0.04533413547440338, 0.041661048226905396, -0.06778124004316444]], "inverted": true, "swapped": false, "error_lsq": 0.033928579607651714, "error_max": 0.21600790058781758, "target": "1.xyz", "model": "22.xyz", "model_rescale": 4.204369325754507, "target_rescale": 3.9405287249114394},
{"mapping": [1, 12, 2, 6, 14, 11, 4, 0, 10, 9, 13, 7, 8, 5, 15], "R": [[0.9144588736023582, -0.062050078222745164, 0.39989343115692433], [-0.39504232064534167, -0.35124104107485976, 0.8488647100473621], [0.08778686341958913, -0.9342266956457626, -0.3457078936815741]], "T": [0.06189880721210828, -0.09462552701885428, -0.01875954797002577], "aligned_model": [[0.1276205790636604, 0.15238376709966941, -0.41983392325286145, 0.19976508202723336, -0.5103791026250319, -0.5070616770020848, 0.7434735836383639, 0.633515963513414, -0.7005759623576395, 0.014731658745484509, -0.09652990133643222, 0.5000659762835539, 0.4897961160277521, -0.11950023734081558, 0.03161428860476821], [-0.10772804027188719, -0.6201799338141027, 0.45452176525461097, 0.4763006387023405, -0.5940895242399203, 0.08051740871937464, -0.34767009619086015, 0.04759865964508721, -0.05296580067804145, 0.34604455439210474, -0.3840016884027775, 0.08109504670003327, 0.5290819954108934, 0.7153600169278522, -0.07512765232760185], [-0.6752870773475723, -0.14423504255615532, -0.48960571265710584, -0.48062496035302216, 0.13214661979184808, 0.387223359753393, 0.05927441109993219, -0.37330202117421074, -0.20530908540524662, 0.6078144591602744, 0.5664682939021073, 0.5035022262975948, -0.03160381162476622, 0.028994488419709058, -0.035789742454802854]], "inverted": true, "swapped": false, "error_lsq": 0.045853926055155335, "error_max": 0.28918252040798836, "target": "1.xyz", "model": "23.xyz", "model_rescale": 4.410303926677745, "target_rescale": 3.9405287249114394},
{"mapping": [13, 7, 14, 6, 1, 9, 0, 12, 11, 4, 3, 2, 5, 15, 16], "R": [[0.8783011762572517, -0.18398266031965538, 0.44129063494122656], [0.46343258812734855, 0.10068255399347482, -0.8803938093733615], [0.1175469269981817, 0.9777593794093994, 0.1736931660435459]], "T": [-0.08889808405332314, 0.06534435354439677, -0.011914452416768499], "aligned_model": [[0.07409939326305712, 0.00420568685459928, -0.42016034424687765, 0.2491196587234267, -0.26253112933726863, -0.6162507238523812, 0.5174586946011229, 0.6523755153013516, -0.637798776051246, 0.10013115456949084, 0.13702313543226305, 0.5808511517010517, 0.4040511273573517, -0.18209626094506354, -0.06139207228184345], [0.03326356538817235, -0.5043380214732069, 0.3728994125796723, 0.5153603537621201, -0.7408961951661512, 0.39427446196345045, -0.3672852677876279, 0.008321096955265284, -0.1800061869958942, 0.2618292828884101, -0.3736001531267826, -0.06109056889635067, 0.4347427613248837, 0.7676870499319539, -0.012404241520808754], [-0.6949878520224834, -0.341648551531988, -0.5157251218630414, -0.5229210031340276, 0.22507308474642337, 0.0663425645259866, 0.11278069108160438, -0.31759015294174175, -0.20998673516110247, 0.6201820532510827, 0.7401083579310308, 0.5949991516260253, 0.11516003253897483, -0.09760591926067871, 0.07548580506591164]], "inverted": true, "swapped": false, "error_lsq": 0.03845852037293021, "error_max": 0.27219012096044987, "target": "1.xyz", "model": "24.xyz", "model_rescale": 4.28219845311461, "target_rescale": 3.9405287249114394},
{"mapping": [11, 9, 14, 10, 7, 2, 3, 5, 13, 0, 4, 1, 8, 6, 15], "R": [[-0.6817876935709167, -0.7143101106940231, -0.15788162228562985], [-0.7174283235651095, 0.6950700618480853, -0.046628421258450875], [0.14304594171736035, 0.08147806381346692, -0.9863565195584212]], "T": [-0.019728529710678955, -0.03809477174245145, -0.054980796264467564], "aligned_model": [[0.0644879773386881, 0.1829872184350118, -0.4546225551198295, 0.1299408397532355, -0.2318689616909396, -0.5691192930524639, 0.43977426037887063, 0.7782640864457788, -0.5551181727896012, -0.05419440002150239, -0.14120174917628292, 0.5170051733627122, 0.48194991308439594, -0.02263062915745588, -0.026567496701583367], [0.030218708745026496, -0.5923996728922815, 0.448292057535806, 0.5929267580334145, -0.7671401501797965, 0.27840954738047274, -0.5232040775465008, -0.04014052112945407, -0.2891588814499482, 0.38552145033971097, -0.2721122401277725, 0.02039031450602348, 0.43830727898976835, 0.8426054464927818, -0.003758668870145032], [-0.5885704509361875, -0.3844137725948276, -0.4479689180476803, -0.51227252769144, 0.11541661876463935, 0.203427465057001, 0.33690119130584306, -0.3524438702473727, -0.11191233267102235, 0.6413779993347262, 0.6270226160942232, 0.28907417829382065, -0.11247760505998468, 0.13621501535345243, 0.010290797896785588]], "inverted": false, "swapped": false, "error_lsq": 0.03920458686021965, "error_max": 0.255283506200712, "target": "1.xyz", "model": "25.xyz", "model_rescale": 4.100010024507729, "target_rescale": 3.9405287249114394},
{"mapping": [4, 8, 0, 2, 11, 12, 7, 13, 5, 9, 10, 14], "R": [[-0.23303008665257482, 0.8113468664389385, -0.5361093554811454], [0.7477506434295393, 0.501956576810106, 0.43463613546021523], [0.6217442834199634, -0.29959281920098774, -0.7236561260141455]], "T": [-0.0573338272964726, 0.013668800534502597, 0.04728560241603983], "aligned_model": [[-0.6598260123015761, -0.030870421356607294, 0.32606822176303396, 0.6674257204544197, -0.46513747010333917, 0.17906875828463695, -0.09437654509862317, 0.5334664675358263, 0.18016497466235595, -0.03387410006514727, -0.6742045933087809, -0.05113939810319214], [-0.488588179038816, -0.6227944858104675, -0.2518017887987869, -0.3677543386455977, 0.6993583602860817, 0.694986117601211, 0.2837915189428613, 0.27709996727766417, -0.1269103523806736, 0.40248227483449234, 0.09916173567233302, 0.06710056011033737], [-0.054277498105121245, -0.1388122896217138, 0.645643984554615, -0.06663581273505623, 0.03125421171493779, 0.22587909354267577, 0.6517180451710206, -0.28295859558747405, -0.512998136264098, -0.48418720472962873, -0.48620775668955174, 0.036774248603751176]], "inverted": false, "swapped": true, "error_lsq": 0.05258453636963315, "error_max": 0.2979913681604077, "target": "1.xyz", "model": "26.xyz", "model_rescale": 3.6694154284099745, "target_rescale": 3.9405287249114394},
{"mapping": [5, 8, 9, 1, 13, 2, 4, 0, 3, 7, 12, 11, 6, 14], "R": [[0.4181896251574715, -0.8117103932614099, -0.40772990432645556], [0.3156968087684865, 0.5507590085040797, -0.7726577764346882], [0.8517352654105894, 0.19439843626688535, 0.4865760841152621]], "T": [0.018510337638094163, -0.1679566805810983, -0.022100691641767273], "aligned_model": [[-0.5181442409466971, 0.02882591365436081, -0.5240840041199903, 0.6871749269362457, -0.634268075656649, -0.35821261886039757, 0.39783417539061267, 0.3622875227463585, -0.14333608423923117, 0.447442846660482, -0.1512690438392153, 0.03840664011658031, 0.5931081696276091, -0.007740536547543676], [-0.33656296513959283, -0.369451385384748, -0.3945714520921344, -0.0900516826252071, 0.14887448290399202, 0.2681484505900045, -0.791141365474632, 0.44035384535468164, 0.577543783911342, 0.20746836876119734, 0.24404466906201455, -0.37741728719281975, -0.34453513253773715, -0.15984343741010704], [-0.2935041387219033, -0.6543282811753272, 0.27526565978254186, -0.202389426032086, 0.009530863515387285, -0.6150848656307356, -0.32759740936006965, -0.3175326965671951, 0.015855634311063304, 0.3166469413054434, 0.572378032615583, 0.7476144377094817, 0.427769430779901, 0.025321658923189595]], "inverted": false, "swapped": true, "error_lsq": 0.04294266899433597, "error_max": 0.2749939254040005, "target": "1.xyz", "model": "27.xyz", "model_rescale": 4.103607728864725, "target_rescale": 3.9405287249114394},
