[{"mapping": [7, 12, 6, 2, 3, 11, 0, 10, 5, 13, 8, 14], "R": [[0.39853135552744545, 0.737212700689562, 0.5456099271489285], [0.8421580950875881, -0.0585388643420397, -0.5360437894799166], [-0.36323890422131505, 0.6731200749521191, -0.6441792166443681]], "T": [0.05547610200935626, -0.14218229346623, -0.047563869125148706], "aligned_model": [[-0.44230798498593227, 0.16987103987169083, 0.44784714636590733, -0.032811815276837526, -0.14093355225043752, -0.48131821077177583, 0.42529232918972637, -0.2842970891608688, 0.5576670912120958, 0.24369123239259965, -0.6265580729290354, 0.0015003488034162973], [-0.20066323988508822, -0.7333906201424313, -0.44991647039492955, 0.5680969252871039, 0.42128470545162056, -0.5627830440606209, -0.19079230197355107, -0.42521756216252116, 0.3028999807532221, 0.39016727144710317, 0.00964699211499151, -0.07577760045784201], [-0.4865455981549998, -0.027400288813821505, -0.5086215747819143, 0.018458324083306332, -0.6786344187403968, -0.06441484562022468, 0.5222571439049617, 0.6454003137558209, 0.03694163960786215, 0.5153442466860005, 0.297887451081828, -0.08872064765486036]], "inverted": true, "swapped": true, "error_lsq": 0.04012963983521876, "error_max": 0.22561705440827903, "target": "10.xyz", "model": "0.xyz", "model_rescale": 3.751011558992144, "target_rescale": 4.2482417240324},
{"mapping": [13, 9, 7, 6, 11, 12, 10, 4, 0, 1, 2, 8, 5, 3, 14], "R": [[0.9868645429711075, -0.056977481729663965, 0.15116858272198438], [0.040246565607284124, 0.9929473177925482, 0.11151608872895127], [-0.15645634465641275, -0.10396725765514145, 0.9821976489243005]], "T": [-0.02654282951765883, 0.05006136213012387, 0.045937889952804865], "aligned_model": [[0.15248836892088094, -0.04247284649464469, -0.564192102703973, -0.6322334019721835, -0.6953015475682124, -0.563225225022601, -0.03508859278985107, 0.2004277376320093, 0.004275723974763647, -0.14213153794895456, 0.5873675961970057, 0.5731943485357425, 0.45930444924631836, -0.11830579415944475, -0.06026215755232353], [-0.6536623489046282, -0.37924619152687183, 0.13494556077627734, 0.4865603556848276, -0.05089764832260628, -0.4540748878050536, 0.2666286216983665, 0.7476979675544972, 0.13218569980780526, 0.6220264762021815, -0.30385455095572034, 0.33207691171045767, -0.2416035976600615, -0.44863904188201825, 0.010958212917525273], [0.060869963275550124, -0.4536928539635925, 0.42462635777255886, -0.03364417043508542, -0.37750046939417475, 0.144901276786443, -0.7449346283091828, -0.24963189593459525, 0.7994697926756572, 0.42696375285919497, 0.47207826312995527, 0.08059043957499124, -0.21668354851680713, 0.6171500702072632, 0.02755955809391693]], "inverted": true, "swapped": false, "error_lsq": 0.048273042428821404, "error_max": 0.327325798957854, "target": "10.xyz", "model": "1.xyz", "model_rescale": 3.9405287249114394, "target_rescale": 4.2482417240324},
{"mapping": [8, 10, 11, 5, 0, 7, 2, 13, 6, 6, 4, 3, 14], "R": [[-0.20273066456546535, -0.9431382135417734, 0.2634209327332909], [0.30187508426412535, 0.19571211481205314, 0.9330424436306856], [-0.9315426512754915, 0.2686765309308313, 0.2450330805862792]], "T": [-0.03941866878607767, -0.059164252700860925, -0.09415124958261209], "aligned_model": [[-0.17924428763644648, 0.1795434726227348, -0.49916302367783777, 0.45417729512784366, 0.5984397753264616, -0.6900623997536794, 0.13535395010032417, 0.6276969024124875, -0.20728637314608256, -0.20728637314608256, -0.14939023896038534, -0.4802109895105724, -0.08658443047483405], [0.707583102944709, 0.5320579947801217, 0.23812385697521818, -0.28421049589341885, -0.027885121705239657, 0.05674856898504628, 0.23017832609819097, 0.25813949090426314, -0.7088680175863963, -0.7088680175863963, -0.6824768419053374, -0.12754833839997615, -0.02414191403876751], [-0.10447846122842508, -0.6216604705760209, -0.501081205513548, 0.3097700475778786, -0.33075467927490443, -0.009647226582602822, 0.5401875074779491, 0.20578489424343707, -0.19872189446624258, -0.19872189446624258, 0.3909263215159161, 0.6510652267254754, -0.019547815844026026]], "inverted": false, "swapped": true, "error_lsq": 0.05137533439867998, "error_max": 0.35475953801811627, "target": "10.xyz", "model": "2.xyz", "model_rescale": 3.932901565614263, "target_rescale": 4.2482417240324},
{"mapping": [11, 12, 10, 7, 8, 13, 0, 9, 3, 2, 1, 4, 5, 14], "R": [[-0.10146219943947932, 0.7039162059040822, 0.7029988599923226], [0.13356592590387678, -0.6906092026725538, 0.710787642423122], [0.9858324226370035, 0.16601477117889651, -0.023948491144020256]], "T": [0.12888690462057334, -0.02899201710813959, -0.04234396889515142], "aligned_model": [[-0.12306899031258539, 0.5263369616508351, 0.018552598169982337, -0.2961707853108588, -0.5155412362056515, 0.05565275130547759, 0.5051124783255551, -0.6653061450507356, -0.3606188471710151, -0.3010253920940959, 0.8537607018810796, 0.33298530428834605, 0.34259794083297224, 0.0465425717433985], [0.11986101319536804, 0.07849160956256626, -0.6143424708637187, 0.44460089559907734, -0.35271070224754875, -0.7099630438753933, -0.5965229912259176, -0.005359035901050524, 0.46878177911767327, -0.24912168423633468, -0.15333396664018506, 0.4803889743850551, -0.24678317039703934, -0.000490568122063554], [-0.6585404338488744, -0.48223120384875495, -0.6088643397805017, -0.23970072719206154, -0.33811067861686345, 0.36582482083089823, -0.028710450972408978, 0.12077871066157271, 0.4743060252996873, 0.489979806368722, 0.026256253739545876, 0.5362642135985831, 0.5612534201127239, -0.0046090532951709035]], "inverted": true, "swapped": true, "error_lsq": 0.050446463749110916, "error_max": 0.2945790102815187, "target": "10.xyz", "model": "3.xyz", "model_rescale": 3.9243930471874484, "target_rescale": 4.2482417240324},
{"mapping": [6, 7, 4, 5, 2, 12, 0, 3, 9, 8, 13, 10, 14], "R": [[0.9950445116263116, 0.08295432620626418, -0.054817877065972784], [0.0191109766643318, -0.7005997656310422, -0.7132984921957038], [-0.09757658762885059, 0.7087161266412624, -0.6987132898301819]], "T": [-0.09341720747797133, -0.1657900951085701, -0.1311869879721783], "aligned_model": [[-0.06636646321992618, -0.23815941774248486, 0.48501114307872817, 0.4824698685772201, 0.463593438906751, -0.5598539481166851, -0.13115163518645462, 0.47912707866696314, 0.13433607910171008, -0.34760953304388054, 0.2941129694584695, -0.6701946722168164, -0.04810902195224221], [-0.6446231375299338, 0.26390536786208885, -0.4261958211607709, -0.42279670853252826, 0.22438419744635477, -0.5287231492232057, -0.5301167608556859, 0.27023569026016225, 0.612063388349631, 0.5068630456054649, -0.11158495356783257, 0.0017690327848687848, -0.08735063775702621], [-0.6120370090447596, -0.6193728935982938, -0.6144282126226847, 0.11322430013858198, 0.10152187771835058, -0.24838947311702966, 0.44297775780621684, -0.6173931218742506, -0.16253224689295423, 0.16961756034396627, 0.5634846654071822, 0.4300668212343969, -0.15966971012775827]], "inverted": true, "swapped": true, "error_lsq": 0.04626577580997403, "error_max": 0.26236820550446505, "target": "10.xyz", "model": "4.xyz", "model_rescale": 3.8936222436046832, "target_rescale": 4.2482417240324},
{"mapping": [1, 6, 12, 0, 11, 7, 3, 9, 13, 5, 10, 14], "R": [[-0.35533656619756, -0.73923464071174, 0.5720734836493574], [0.66905255767525, 0.22625353119503694, 0.7079392733066747], [-0.6527668801273033, 0.6343039378669826, 0.4141906742254173]], "T": [-0.11161840299293632, -0.04246922594173849, -0.028906218249182342], "aligned_model": [[0.08944977837005391, -0.4776511680832478, -0.38655381951859824, 0.4194928796519567, -0.5616880642670364, -0.6544672290421648, -0.3332646706832737, -0.11800973408537033, 0.6732624816610704, 0.38913195270571066, 0.11264839628269183, -0.12480276077669562], [-0.46187337620377233, -0.5636504845551488, -0.02428395890055382, -0.02574587812270969, 0.46012797393441407, 0.13552314765535683, -0.32271713608775343, 0.3040943888174831, 0.020152056912643407, -0.48389023572384504, 0.6632517212345446, -0.032065313850851804], [-0.6027360519979915, -0.26474446492558107, -0.5647232300295796, -0.4548922471147856, -0.12975479642873816, 0.313946291994016, 0.7627097812261732, 0.7044169972190062, 0.09650156959937943, 0.07986774397355936, -0.3858606845038362, 0.06455381026389617]], "inverted": false, "swapped": true, "error_lsq": 0.04253231965658314, "error_max": 0.23555203578129782, "target": "10.xyz", "model": "5.xyz", "model_rescale": 3.6523030999806103, "target_rescale": 4.2482417240324},
{"mapping": [4, 6, 1, 5, 0, 3, 11, 2, 7, 8, 10, 13, 14], "R": [[0.4142930606869818, 0.8928422983566335, -0.17661792132130127], [-0.8933231330948153, 0.43604192361788585, 0.10881737326951461], [0.17416957180941772, 0.11269459220769347, 0.9782458224510167]], "T": [0.007400239017165328, 0.03915331966903033, 0.07211632001364697], "aligned_model": [[0.07643472951833517, -0.08794527477678835, 0.4663766942709556, 0.5943217357693665, 0.5787564160859069, -0.2709898501458581, -0.556920758222076, 0.2584121130210377, -0.6250594905968285, -0.23406842334340175, 0.040668034146060364, 0.6701739241875925, -0.029076945250007417], [-0.5080444774877176, 0.05359423008569883, 0.3698328225761493, -0.2742535482030002, 0.40118019783439857, -0.7826407962484264, 0.3682987648430431, -0.5207816763303271, -0.1648147296337715, 0.0845488868729021, 0.6470660102252892, -0.09289715228019937, -0.04026162809085531], [0.6480689135474249, 0.7443739054305913, 0.5470906485763508, 0.19350204111711988, -0.007329385439177646, 0.11052516075222873, -0.12420527594482043, -0.3022045240384821, 0.024098593474171856, -0.6676076081871226, -0.4802328068868871, -0.35094426254900696, 0.034974339629398665]], "inverted": true, "swapped": true, "error_lsq": 0.048983005876519756, "error_max": 0.28376606811577476, "target": "10.xyz", "model": "6.xyz", "model_rescale": 4.08911054899281, "target_rescale": 4.2482417240324},
{"mapping": [0, 3, 11, 10, 8, 9, 4, 5, 13, 12, 2, 7, 6, 1, 14], "R": [[0.638693955445979, 0.22324801819817253, -0.7363629225099252], [0.024130961048228317, 0.9507034033082649, 0.30916134243622967], [0.7690823935025809, -0.21522862567203088, 0.6018213278836753]], "T": [-0.07585971619061993, 0.06871230517306433, 0.07481438586696278], "aligned_model": [[0.24396835470830008, -0.041298206862872555, -0.5330436844237352, -0.585041722607455, -0.5876063777399826, -0.6077443882402244, -0.03376673139394726, 0.12847895654261807, 0.11222683690585455, -0.1655070202734072, 0.5514057802955504, 0.6374591111411957, 0.318570473776433, -0.11928753208015168, -0.19496883145364366], [-0.8072439465019622, -0.4744830002524198, 0.164593431415839, 0.5633052244347588, 0.0002521370294551878, -0.5071700738080206, 0.19510930275465738, 0.7150419808910008, 0.25534800898797844, 0.6820774578864428, -0.28478780626821054, 0.3616081789640353, -0.15777736341521564, -0.4683491232766596, -0.03642286954670046], [-0.047932643915437625, -0.49981227423721, 0.4302306091576217, -0.04922765160221203, -0.37080600533592467, 0.07875000850653617, -0.6173571747562115, -0.2730431808112595, 0.7572256144948496, 0.42659339081009373, 0.43774028935170817, 0.14320460613008074, -0.13078284592082412, 0.5724338245286795, 0.12090534142160245]], "inverted": false, "swapped": false, "error_lsq": 0.04808429595933309, "error_max": 0.2785138279548346, "target": "10.xyz", "model": "7.xyz", "model_rescale": 3.964800864290218, "target_rescale": 4.2482417240324},
{"mapping": [0, 10, 13, 1, 2, 12, 5, 8, 11, 7, 6, 3, 9, 14], "R": [[-0.1939137477854993, -0.47692756417573756, -0.8572849916738186], [0.9807866134271483, -0.11325255526781086, -0.1588441929924313], [-0.021332541852462916, -0.8716157165028111, 0.48972539795624637]], "T": [-0.07080094760342995, -0.04900414081290505, 0.11175126817516548], "aligned_model": [[-0.24625507934526664, 0.3511340038927737, 0.10280796400579992, -0.7158554005229298, 0.25851622497241666, -0.3589306209115892, -0.351308934102496, 0.6941477404871459, 0.26907708472439285, 0.2241457953359802, -0.66144193396629, 0.09759062754523143, 0.6108552078190079, -0.013294790473304313], [-0.20012865898849994, -0.6125492259474323, 0.2952497535946717, -0.2065452489431419, 0.5615728187252027, -0.5729968247646756, 0.44241268210339274, -0.17425507743745017, -0.5479278248452539, -0.06760637006461426, -0.09259935296996141, 0.6331289648948406, 0.3395784158993489, 0.013614414924775026], [-0.5287174581218947, -0.3126800893450872, -0.5861281937734796, -0.21181400334148934, -0.07638759345497342, 0.18546026243723535, -0.2587348680460194, 0.029744745020474833, 0.4293912557336068, 0.7088897384466062, 0.4441249295116261, 0.6223005344209316, 0.3173202564160563, 0.1540455228214277]], "inverted": true, "swapped": true, "error_lsq": 0.0446608990655555, "error_max": 0.28565538074932373, "target": "10.xyz", "model": "8.xyz", "model_rescale": 4.121658175737393, "target_rescale": 4.2482417240324},
{"mapping": [9, 7, 11, 10, 3, 2, 6, 1, 12, 4, 13, 0, 14], "R": [[0.7509764587373082, -0.42472389127335164, -0.5056124747313836], [0.297228407373319, -0.4663215073433226, 0.8331863690911966], [-0.5896521281846544, -0.7759857395407944, -0.22395646844115508]], "T": [0.016046670347197894, -0.008931454239166555, -0.047650896348008245], "aligned_model": [[-0.6762475900726306, -0.17613635272664807, 0.2470742924327877, 0.3418077955506924, -0.7109570601648194, -0.6535249327859739, 0.30798118009632014, 0.5031238206852521, 0.6027222854614591, -0.24685131040592148, -0.29248719257273503, 0.30105620021818724, -0.07082363928077309], [0.1171452167172772, -0.3254854470078314, 0.026900154736213794, 0.6853914334756671, -0.47359648292133116, 0.19464429619794052, -0.5928611963193788, -0.06851373571328886, -0.11575258574765401, -0.6544616412421198, 0.5774808245944739, 0.44428161792916526, -0.024785015287423974], [-0.45106564144666944, -0.6015220294522977, -0.6884936342137687, -0.34353864604602724, -0.14701807749472934, 0.11630347852280014, 0.13951177721857577, 0.504449397318572, -0.13379627233721791, 0.3397610413541014, 0.3957609168454331, 0.3732890528159151, -0.08256592912559772]], "inverted": false, "swapped": true, "error_lsq": 0.04834550554796127, "error_max": 0.30915184963837183, "target": "10.xyz", "model": "9.xyz", "model_rescale": 3.833441315466971, "target_rescale": 4.2482417240324},
{"mapping": [0, 1, 2, 3, 4, 5, 6, 7, 8, 9, 10, 11, 12, 13, 14], "R": [[1.0, 0.0, 0.0], [0.0, 1.0, 0.0], [0.0, 0.0, 1.0]], "T": [0.0, 0.0, 0.0], "aligned_model": [[0.10053511022781532, 0.022526813730637522, -0.539000061377519, -0.6254822636311304, -0.617738377539645, -0.5442728074816983, -0.06468543172707249, 0.08817752715926779, 0.26942910134443815, -0.24454876099043737, 0.6254822636311304, 0.5620207617879396, 0.4596251053592611, -0.3188619993860009, -0.04936196281245379], [-0.6590367572922612, -0.6075107580154978, 0.062225049131404295, 0.6025666655263248, 0.11205752424750191, -0.40104931891276646, 0.003071870869818798, 0.6590367572922612, 0.27916195147066813, 0.5482857382675254, -0.2325315540336847, 0.38245282532035274, -0.13251457581035236, -0.4864961987234205, 0.07138231995710438], [0.1392343558639481, -0.41956186012601937, 0.47144165283018824, 0.0026835102003516997, -0.49168586339699283, 0.019019892286944257, -0.676044322937895, -0.04253531501698123, 0.676044322937895, 0.5454253195838924, 0.48005745258398674, 0.05656483684546741, -0.3663396061471694, 0.5452843436133838, 0.03853318870109285]], "inverted": false, "swapped": false, "error_lsq": 0.0, "error_max": 0.0, "target": "10.xyz", "model": "10.xyz", "model_rescale": 4.2482417240324, "target_rescale": 4.2482417240324},
{"mapping": [6, 12, 11, 10, 3, 9, 7, 8, 0, 2, 5, 14], "R": [[-0.6393045497952924, 0.030364059796618326, -0.7683539005456445], [0.6418782927218105, -0.5291383168296789, -0.5549818906912082], [-0.42341699297922897, -0.847992137661265, 0.3187905025578803]], "T": [-0.09535723852916278, -0.05678917414756477, -0.08546661500572637], "aligned_model": [[-0.6562454962796025, -0.07897160227655026, 0.2957941841278133, 0.6804310366166688, -0.511465380218699, 0.15073311673909934, -0.09167815093737183, 0.5878548140912683, 0.09590760677826732, -0.07959780238866532, -0.41652182675457783, -0.09947489713464333], [-0.3888359116201749, -0.6252429389219669, -0.1837751968423149, -0.31489082409059554, 0.6650247240987105, 0.6930015348263325, 0.21172685619625967, 0.2931777759311041, -0.3927695334751642, 0.5837505026267096, 0.09091286050065545, 0.03405154082108399], [0.10526590580912383, 0.11356073374106888, 0.45878718207534375, -0.17084948192181698, 0.1598098829834384, 0.10205286748362861, 0.524287091456729, 0.04982487542716031, -0.6461429198370331, -0.411213169213252, -0.6620710007831727, -0.05811967736686178]], "inverted": true, "swapped": true, "error_lsq": 0.045801967942945894, "error_max": 0.29877349767365413, "target": "10.xyz", "model": "11.xyz", "model_rescale": 3.6694154284099745, "target_rescale": 4.2482417240324},
{"mapping": [4, 3, 2, 9, 7, 1, 12, 0, 8, 10, 13, 11, 5, 14], "R": [[0.5470845797880439, 0.8356154392714086, 0.04944997683913016], [-0.37448063267921694, 0.19148669276280614, 0.9072469907599234], [0.7486405801893943, -0.51485889731655, 0.4176812152200209]], "T": [0.056780871274822786, -0.07939640883492195, -0.02445445216886756], "aligned_model": [[-0.21185112662976807, 0.21823587833265412, -0.16278876023254965, 0.408119312580248, 0.6536193557658424, -0.45928774948842843, 0.179387968385464, -0.4320340739603423, 0.4708837907840454, 0.2284044458817435, -0.4972230483073624, 0.6866343790723094, -0.5751648584560795, 0.09132933652803335], [-0.2726883456324171, 0.2726526894839831, 0.5620779648781167, 0.6120072684883135, -0.02481045248077575, -0.584808725200198, -0.6092523922230952, -0.11692167921456505, 0.48650258726948437, 0.07737657835465415, 0.4415612661490256, -0.16530939461886313, 0.06488334878944453, -0.012283425906853121], [-0.7499802318356551, -0.8018318140829085, -0.2630965685624672, -0.26200945880458637, -0.31551831729331475, 0.1299492461146478, 0.234852689878216, 0.4482767241896879, 0.31589310642191154, 0.7640388722459114, 0.21506443931476948, 0.22301392688684202, -0.21749110071453148, -0.08206605410610734]], "inverted": false, "swapped": true, "error_lsq": 0.04704557206093397, "error_max": 0.27252094955830924, "target": "10.xyz", "model": "12.xyz", "model_rescale": 3.9764082729961374, "target_rescale": 4.2482417240324},
{"mapping": [3, 14, 10, 12, 13, 11, 6, 9, 2, 1, 7, 0, 4, 8, 15], "R": [[-0.09219982966384904, 0.5683355811962731, -0.8176147372425792], [0.4588226867119095, -0.7044979891672344, -0.5414465120561666], [-0.88373125641703, -0.4250614666205559, -0.19581066371870554]], "T": [-0.04728367556103989, 0.10335036135349816, -0.02005659509678845], "aligned_model": [[0.08883223564866356, -0.2860874299370572, -0.7094109209864661, -0.5172972418133012, -0.5280528940706674, -0.580455444042712, -0.011651472353586337, 0.10286405948928905, 0.24215494949384725, -0.2693622132495234, 0.5978116985677621, 0.5708403517696795, 0.5958290970061071, -0.19029786804382537, 0.018128110816322623], [-0.7047543069656799, -0.5457917824106898, 0.08565796825325543, 0.5336655701377586, 0.039783726659213495, -0.4686510173093439, -0.07037218074683092, 0.6823864187174269, 0.18996738302479566, 0.4237411950819655, -0.15954960164613058, 0.4212996420341383, 0.02567710131821653, -0.27471755915693863, 0.022758982303821867], [0.17199222960650148, -0.42055039487429124, 0.43537878895894044, -0.053666170756969986, -0.3932868024409749, 0.11809906657273855, -0.7631646829009878, 0.04054066927476098, 0.7181725615945806, 0.48129499313438295, 0.2728073095678273, 0.18955942350240382, -0.33027675597566597, 0.5598265180199496, -0.048604845461103205]], "inverted": false, "swapped": false, "error_lsq": 0.04396897660299684, "error_max": 0.3147268030296096, "target": "10.xyz", "model": "13.xyz", "model_rescale": 4.170626492500431, "target_rescale": 4.2482417240324},
{"mapping": [12, 6, 11, 7, 10, 2, 9, 1, 0, 4, 5, 3, 13, 14], "R": [[0.2406696761475126, -0.9648938773261372, -0.10515660931004345], [-0.06294801060263949, -0.12362956466553138, 0.9903298837770077], [-0.9685637072202437, -0.23172297305002998, -0.09049203731065902]], "T": [0.005381129511722918, -0.0017746289560909845, -0.006889345713947184], "aligned_model": [[0.28238448846209496, 0.05793980695573474, -0.2343320717271315, -0.6048248761244216, 0.32980280212032537, -0.23395561532584933, -0.6398669707169863, 0.641105763902492, 0.6508360012137593, -0.19970936656886412, 0.25936113414161355, -0.7268485593932894, 0.34071766619017774, -0.07942718103801225], [-0.37712145522085466, -0.6675894795354347, -0.02841734582844232, -0.13092564985043825, 0.46301552290106357, 0.4913442541418784, 0.48598589526181724, -0.3435910046984338, 0.21126125672248694, -0.4636740539100256, 0.1009037819245692, -0.03423925898942732, 0.6184537934577146, 0.030668211549192755], [-0.38820805290512794, 0.11622742088694311, -0.6449840313469267, -0.24115974774831778, -0.6022672396588856, 0.45808586290518016, 0.05356465910482286, 0.15003320657512836, 0.03585035144125199, 0.6099569801524571, 0.6114847341553775, 0.4590586988473535, 0.3653372688815656, 0.020892989830044187]], "inverted": false, "swapped": true, "error_lsq": 0.04692659189765878, "error_max": 0.3345775835223819, "target": "10.xyz", "model": "14.xyz", "model_rescale": 3.9786697098870705, "target_rescale": 4.2482417240324},
{"mapping": [12, 4, 11, 10, 7, 9, 5, 2, 8, 0, 3, 14], "R": [[0.7080753194749935, 0.11793178151353853, 0.6962193884541202], [-0.3680692260490032, 0.9030620388361686, 0.22136846850613118], [-0.6026229225527967, -0.41300248052778715, 0.6828430012029273]], "T": [-0.030699652136757884, -0.14000575808886437, -0.09671150555782197], "aligned_model": [[0.024069124619097125, -0.7972110388243921, 0.4517382574692904, 0.718991347145359, 0.0798441464386114, 0.24053740213816996, -0.4501402370536073, -0.07678716266961841, 0.6636736762249985, 0.059703057377275555, -0.40065813360652136, -0.03040584249132603], [-0.5099445354638842, 0.07971587818049511, 0.01103199459260859, -0.4739473669768832, 0.4132739079003006, 0.5658811194455474, -0.29763769826406483, 0.218938973755029, 0.16258113857582115, -0.7413386198884544, 0.6349641406414113, -0.048844442273487734], [-0.5691157174333255, -0.10647248519893425, -0.5547271621498725, -0.0498014749829782, -0.451078062362019, 0.19665567571113457, 0.40990172820954024, 0.5243238201540362, 0.08726189796396856, 0.20996275344691223, 0.03318933276974591, -0.0701338122543779]], "inverted": false, "swapped": true, "error_lsq": 0.05074913376651919, "error_max": 0.28271964475333655, "target": "10.xyz", "model": "15.xyz", "model_rescale": 3.769337070930944, "target_rescale": 4.2482417240324},
{"mapping": [6, 0, 7, 11, 4, 5, 3, 13, 9, 8, 14], "R": [[0.9937317071001976, -0.06350751817726055, -0.0920004860785649], [-0.049103079754779, -0.9872917064143384, 0.1511422310410297], [-0.10042998487664481, -0.14567732006194067, -0.9842214875510736]], "T": [-0.15076760129166925, -0.027954012129968404, -0.09748152048523058], "aligned_model": [[-0.14848895622284963, -0.27971668842676467, -0.2004518866973685, -0.6797728300882373, 0.4249797679896734, 0.3663737372400664, 0.5093083540141433, 0.18536593616743027, 0.1772479174472286, -0.33858255308478624, -0.09363666764736461], [0.07408141384136857, -0.694723144473983, 0.6334661831252605, 0.3686861050541666, 0.12666109374615336, -0.4535068585842019, 0.5358363621109331, -0.6063402727637927, 0.4189190530238, 0.1587112187035828, 0.03427334384205494], [-0.7689077246718217, -0.04635404466349696, -0.03448331516098392, 0.07034924662740881, -0.6271245284545306, -0.19184683362154747, -0.06987722936853116, 0.3363042790978229, 0.4946505675147716, 0.6356221542140212, -0.054114964289336036]], "inverted": true, "swapped": true, "error_lsq": 0.042323537233497806, "error_max": 0.23466139706842162, "target": "10.xyz", "model": "16.xyz", "model_rescale": 3.7852294659196426, "target_rescale": 4.2482417240324},
{"mapping": [2, 10, 11, 8, 13, 0, 1, 12, 7, 3, 4, 6, 14], "R": [[-0.02291359619791703, -0.933559029903373, 0.3576905153832738], [0.603134732853322, 0.27243153835269596, 0.7496729626555405], [-0.7973101411215279, 0.23291327698664305, 0.5568194898421863]], "T": [-0.003580851212189871, 0.08824450773595538, 0.031405820120969326], "aligned_model": [[-0.1264707322404158, -0.3780427328283453, 0.3461066485243114, 0.02139225672728165, -0.6601030835383975, -0.6663297546091784, -0.42013853682391045, 0.01427683654095434, 0.6289038075977104, 0.5436587863442732, 0.2627482245639222, 0.23961938800813656, 0.048144741949940666], [0.04295503930743694, -0.5855427339862668, -0.39732707465246153, -0.6571222116783385, 0.004313233007340267, 0.10277045644246392, 0.5546970770244077, 0.1217646902229991, -0.11259324354475214, 0.29932466702400323, 0.7988995732405032, 0.6332338142767903, 0.06968233701874874], [-0.6753453356035652, 0.3169635124157456, 0.35893592858187684, -0.19523080499985473, -0.4131396117512945, 0.18753349083929957, 0.4244842195222002, 0.6327190144422974, -0.02810326164348683, -0.6091375392151768, -0.21344266641551612, 0.3555506449203658, -0.04603289394971726]], "inverted": true, "swapped": true, "error_lsq": 0.05751289443321039, "error_max": 0.4093963627868397, "target": "10.xyz", "model": "17.xyz", "model_rescale": 3.901054581598922, "target_rescale": 4.2482417240324},
{"mapping": [13, 9, 7, 6, 11, 12, 10, 4, 0, 1, 2, 8, 5, 3, 14], "R": [[0.9868645429711075, -0.056977481729663965, 0.15116858272198438], [0.040246565607284124, 0.9929473177925482, 0.11151608872895127], [-0.15645634465641275, -0.10396725765514145, 0.9821976489243005]], "T": [-0.02654282951765883, 0.05006136213012387, 0.045937889952804865], "aligned_model": [[0.15248836892088094, -0.04247284649464469, -0.564192102703973, -0.6322334019721835, -0.6953015475682124, -0.563225225022601, -0.03508859278985107, 0.2004277376320093, 0.004275723974763647, -0.14213153794895456, 0.5873675961970057, 0.5731943485357425, 0.45930444924631836, -0.11830579415944475, -0.06026215755232353], [-0.6536623489046282, -0.37924619152687183, 0.13494556077627734, 0.4865603556848276, -0.05089764832260628, -0.4540748878050536, 0.2666286216983665, 0.7476979675544972, 0.13218569980780526, 0.6220264762021815, -0.30385455095572034, 0.33207691171045767, -0.2416035976600615, -0.44863904188201825, 0.010958212917525273], [0.060869963275550124, -0.4536928539635925, 0.42462635777255886, -0.03364417043508542, -0.37750046939417475, 0.144901276786443, -0.7449346283091828, -0.24963189593459525, 0.7994697926756572, 0.42696375285919497, 0.47207826312995527, 0.08059043957499124, -0.21668354851680713, 0.6171500702072632, 0.02755955809391693]], "inverted": true, "swapped": false, "error_lsq": 0.048273042428821404, "error_max": 0.327325798957854, "target": "10.xyz", "model": "18.xyz", "model_rescale": 3.9405287249114394, "target_rescale": 4.2482417240324},
{"mapping": [9, 5, 14, 3, 10, 11, 2, 1, 4, 12, 7, 0, 8, 13, 15], "R": [[-0.6407479226189796, 0.18990134710884354, -0.7438948702778566], [-0.3309046773029175, -0.9426195362033118, 0.04439036502334234], [-0.6927800474887499, 0.27460132616959454, 0.6668207536267792]], "T": [-0.03035336794163546, 0.05899012557203798, 0.13557530130477607], "aligned_model": [[0.1088096396816417, 0.1666153348263147, -0.7684880113921657, -0.5870858602592515, -0.689994292643709, -0.471284907869823, -0.20613559085302446, 0.038084611709902766, 0.4653414229894259, -0.18029651509643302, 0.42781879301888326, 0.5529896076594787, 0.6305798703666079, -0.3147228329017532, -0.048386250941562715], [-0.6957535141420427, -0.42658328915345317, 0.052736077414249696, 0.6883021291759814, 0.021586922289883126, -0.49677361782854246, 0.06938635440505216, 0.6294161533183134, 0.27440894478181044, 0.4469067290193652, -0.3663263684063316, 0.41381791789962385, -0.14494664981549701, -0.32171333622809284, 0.056637086564658934], [0.1332210334948305, -0.5099356837300295, 0.36979122112233365, -0.003866188187308661, -0.2903107019742157, 0.009403828626728228, -0.7154933278594231, -0.18915506960355127, 0.6280653369300232, 0.492193898128605, 0.45931856349266925, 0.05506152257889013, -0.17077286937667285, 0.6104739504328398, 0.10012639374637411]], "inverted": false, "swapped": false, "error_lsq": 0.045895175068448736, "error_max": 0.26005083478783, "target": "10.xyz", "model": "19.xyz", "model_rescale": 4.410303926677745, "target_rescale": 4.2482417240324},
{"mapping": [0, 10, 13, 1, 2, 12, 5, 8, 11, 7, 6, 3, 9, 14], "R": [[-0.1939137477854993, -0.47692756417573756, -0.8572849916738186], [0.9807866134271483, -0.11325255526781086, -0.1588441929924313], [-0.021332541852462916, -0.8716157165028111, 0.48972539795624637]], "T": [-0.07080094760342995, -0.04900414081290505, 0.11175126817516548], "aligned_model": [[-0.24625507934526664, 0.3511340038927737, 0.10280796400579992, -0.7158554005229298, 0.25851622497241666, -0.3589306209115892, -0.351308934102496, 0.6941477404871459, 0.26907708472439285, 0.2241457953359802, -0.66144193396629, 0.09759062754523143, 0.6108552078190079, -0.013294790473304313], [-0.20012865898849994, -0.6125492259474323, 0.2952497535946717, -0.2065452489431419, 0.5615728187252027, -0.5729968247646756, 0.44241268210339274, -0.17425507743745017, -0.5479278248452539, -0.06760637006461426, -0.09259935296996141, 0.6331289648948406, 0.3395784158993489, 0.013614414924775026], [-0.5287174581218947, -0.3126800893450872, -0.5861281937734796, -0.21181400334148934, -0.07638759345497342, 0.18546026243723535, -0.2587348680460194, 0.029744745020474833, 0.4293912557336068, 0.7088897384466062, 0.4441249295116261, 0.6223005344209316, 0.3173202564160563, 0.1540455228214277]], "inverted": true, "swapped": true, "error_lsq": 0.0446608990655555, "error_max": 0.28565538074932373, "target": "10.xyz", "model": "20.xyz", "model_rescale": 4.121658175737393, "target_rescale": 4.2482417240324},
{"mapping": [4, 6, 1, 5, 0, 3, 11, 2, 7, 8, 10, 13, 14], "R": [[0.4142930606869818, 0.8928422983566335, -0.17661792132130127], [-0.8933231330948153, 0.43604192361788585, 0.10881737326951461], [0.17416957180941772, 0.11269459220769347, 0.9782458224510167]], "T": [0.007400239017165328, 0.03915331966903033, 0.07211632001364697], "aligned_model": [[0.07643472951833517, -0.08794527477678835, 0.4663766942709556, 0.5943217357693665, 0.5787564160859069, -0.2709898501458581, -0.556920758222076, 0.2584121130210377, -0.6250594905968285, -0.23406842334340175, 0.040668034146060364, 0.6701739241875925, -0.029076945250007417], [-0.5080444774877176, 0.05359423008569883, 0.3698328225761493, -0.2742535482030002, 0.40118019783439857, -0.7826407962484264, 0.3682987648430431, -0.5207816763303271, -0.1648147296337715, 0.0845488868729021, 0.6470660102252892, -0.09289715228019937, -0.04026162809085531], [0.6480689135474249, 0.7443739054305913, 0.5470906485763508, 0.19350204111711988, -0.007329385439177646, 0.11052516075222873, -0.12420527594482043, -0.3022045240384821, 0.024098593474171856, -0.6676076081871226, -0.4802328068868871, -0.35094426254900696, 0.034974339629398665]], "inverted": true, "swapped": true, "error_lsq": 0.048983005876519756, "error_max": 0.28376606811577476, "target": "10.xyz", "model": "21.xyz", "model_rescale": 4.08911054899281, "target_rescale": 4.2482417240324},
{"mapping": [6, 10, 4, 3, 12, 7, 9, 15, 1, 2, 8, 11, 5, 0, 16], "R": [[0.8274089621370555, -0.5500306652079612, -0.11340492364165068], [0.004130798406645153, 0.20788699072220768, -0.978144128231105], [0.5615846738291604, 0.8088567650822689, 0.1742796250307046]], "T": [-0.08099485373556012, 0.047803288091833304, 0.04322696534188293], "aligned_model": [[0.08912435204750335, -0.03598358922840008, -0.5883103144346655, -0.8104239126999456, -0.5473062235530625, -0.46177086350224394, 0.06130318700849177, 0.1616359434753824, 0.3208955213504222, -0.21216035477030581, 0.519064651337512, 0.6399480863236419, 0.42566177020167906, -0.31990577751655114, -0.11792745774492619], [-0.6480700521274632, -0.533113552337565, 0.17786257845325715, 0.5177689352949638, -0.021454537964719217, -0.5464568789557419, 0.12728836237710434, 0.7351313649410266, 0.22077204620101998, 0.5792332668472582, -0.21165889954188494, 0.30393552653168504, -0.17666165925827193, -0.3542396808186329, 0.030764719652942474], [0.2491004185774755, -0.5150247877121743, 0.5036700022032262, 0.006561427274763262, -0.5248633144050335, -0.04429830104550814, -0.6503009736258184, 0.05797243629893514, 0.7054688519644776, 0.5140046393999945, 0.2742464052595183, 0.06626137154287393, -0.3934005724747339, 0.6607724453083756, 0.0679518592557216]], "inverted": true, "swapped": false, "error_lsq": 0.03747554497382285, "error_max": 0.23263396809710207, "target": "10.xyz", "model": "22.xyz", "model_rescale": 4.204369325754507, "target_rescale": 4.2482417240324},
{"mapping": [9, 5, 14, 3, 10, 11, 2, 1, 4, 12, 7, 0, 8, 13, 15], "R": [[-0.6407479226189796, 0.18990134710884354, -0.7438948702778566], [-0.3309046773029175, -0.9426195362033118, 0.04439036502334234], [-0.6927800474887499, 0.27460132616959454, 0.6668207536267792]], "T": [-0.03035336794163546, 0.05899012557203798, 0.13557530130477607], "aligned_model": [[0.1088096396816417, 0.1666153348263147, -0.7684880113921657, -0.5870858602592515, -0.689994292643709, -0.471284907869823, -0.20613559085302446, 0.038084611709902766, 0.4653414229894259, -0.18029651509643302, 0.42781879301888326, 0.5529896076594787, 0.6305798703666079, -0.3147228329017532, -0.048386250941562715], [-0.6957535141420427, -0.42658328915345317, 0.052736077414249696, 0.6883021291759814, 0.021586922289883126, -0.49677361782854246, 0.06938635440505216, 0.6294161533183134, 0.27440894478181044, 0.4469067290193652, -0.3663263684063316, 0.41381791789962385, -0.14494664981549701, -0.32171333622809284, 0.056637086564658934], [0.1332210334948305, -0.5099356837300295, 0.36979122112233365, -0.003866188187308661, -0.2903107019742157, 0.009403828626728228, -0.7154933278594231, -0.18915506960355127, 0.6280653369300232, 0.492193898128605, 0.45931856349266925, 0.05506152257889013, -0.17077286937667285, 0.6104739504328398, 0.10012639374637411]], "inverted": false, "swapped": false, "error_lsq": 0.045895175068448736, "error_max": 0.26005083478783, "target": "10.xyz", "model": "23.xyz", "model_rescale": 4.410303926677745, "target_rescale": 4.2482417240324},
{"mapping": [15, 8, 11, 1, 10, 9, 4, 0, 13, 7, 6, 12, 5, 14, 16], "R": [[0.9374819267921812, -0.346065821084278, -0.03696057920655099], [-0.018476190371596535, -0.15553540711925956, 0.987657515296471], [-0.3475431877153856, -0.9252281797532492, -0.15220561114202577]], "T": [-0.0919027040000801, 0.03687125128521009, 0.05722937274307117], "aligned_model": [[0.15056943404842357, -0.2819876135200986, -0.6294226181360718, -0.6471112792642701, -0.6200899892920051, -0.42730467300191727, 0.009323012796688679, 0.21986706555396834, 0.19640634460140027, -0.17967198408768198, 0.5167815408630663, 0.6006279125051655, 0.46716094160834826, -0.12924839102567817, -0.12205468535480567], [-0.6341043442296913, -0.494975284652017, 0.006691367383967545, 0.6837208112507254, -0.07836430825533436, -0.49213241240189476, -0.04307200052609437, 0.6974798675471939, 0.12678607619938978, 0.5820519859604454, -0.22266109950424592, 0.4148098471467224, -0.07012422352659903, -0.3952050012333389, 0.12020025813574939], [0.07492692422230138, -0.5400257290675304, 0.39022036830557305, -0.0410784819576828, -0.3054314932859769, 0.04825013983066553, -0.6189708962157374, -0.1345561272271038, 0.6920363044823983, 0.42737180032220257, 0.4314546240408388, 0.21130596974855506, -0.2103558322977559, 0.5769075440036588, -0.023933207082313397]], "inverted": true, "swapped": false, "error_lsq": 0.04521155827503997, "error_max": 0.34627274349758475, "target": "10.xyz", "model": "24.xyz", "model_rescale": 4.28219845311461, "target_rescale": 4.2482417240324},
{"mapping": [13, 2, 11, 8, 6, 14, 0, 1, 9, 5, 7, 3, 4, 12, 15], "R": [[-0.6873895708918183, 0.4921861382734466, 0.534086494044395], [0.7012828299677402, 0.6410866014570675, 0.31178576270359865], [-0.18893906483731615, 0.588863969626007, -0.785837931799364]], "T": [-0.059166045796823725, -0.013146778901655961, 0.10048542305034316], "aligned_model": [[0.12851627104795682, -0.14647399744731257, -0.4294464373773654, -0.4952908448800599, -0.6608945856140315, -0.6689730217416529, 0.006072037846338689, 0.07713916048554251, 0.19064934205186787, -0.257672244123071, 0.638254154150801, 0.548152440012261, 0.5334393634399892, -0.2910457937744443, -0.048580825782287174], [-0.5675732003705298, -0.4915984642547668, -0.007943565625910717, 0.5065675988846918, 0.07708730615276478, -0.46749958590829555, 0.09134239527668227, 0.5732259361570808, 0.09558790387695942, 0.726855319093539, -0.24829091424364755, 0.4653733219628563, -0.043997400467672636, -0.5007400970289729, -0.007295014209799422], [0.2019898468849647, -0.38142881283534136, 0.49966261356999486, -0.046613802221512374, -0.5643286180354813, 0.05754821600518514, -0.7059760930543642, -0.11737996800945377, 0.719066642158967, 0.4723360181862284, 0.35318743346875514, 0.14768833316192423, -0.3267330703672192, 0.6416918890394814, 0.02741127986996353]], "inverted": true, "swapped": false, "error_lsq": 0.036631780510698195, "error_max": 0.2084491864204613, "target": "10.xyz", "model": "25.xyz", "model_rescale": 4.100010024507729, "target_rescale": 4.2482417240324},
{"mapping": [6, 12, 11, 10, 3, 9, 7, 8, 0, 2, 5, 14], "R": [[-0.6393045497952924, 0.030364059796618326, -0.7683539005456445], [0.6418782927218105, -0.5291383168296789, -0.5549818906912082], [-0.42341699297922897, -0.847992137661265, 0.3187905025578803]], "T": [-0.09535723852916278, -0.05678917414756477, -0.08546661500572637], "aligned_model": [[-0.6562454962796025, -0.07897160227655026, 0.2957941841278133, 0.6804310366166688, -0.511465380218699, 0.15073311673909934, -0.09167815093737183, 0.5878548140912683, 0.09590760677826732, -0.07959780238866532, -0.41652182675457783, -0.09947489713464333], [-0.3888359116201749, -0.6252429389219669, -0.1837751968423149, -0.31489082409059554, 0.6650247240987105, 0.6930015348263325, 0.21172685619625967, 0.2931777759311041, -0.3927695334751642, 0.5837505026267096, 0.09091286050065545, 0.03405154082108399], [0.10526590580912383, 0.11356073374106888, 0.45878718207534375, -0.17084948192181698, 0.1598098829834384, 0.10205286748362861, 0.524287091456729, 0.04982487542716031, -0.6461429198370331, -0.411213169213252, -0.6620710007831727, -0.05811967736686178]], "inverted": true, "swapped": true, "error_lsq": 0.045801967942945894, "error_max": 0.29877349767365413, "target": "10.xyz", "model": "26.xyz", "model_rescale": 3.6694154284099745, "target_rescale": 4.2482417240324},
{"mapping": [12, 11, 6, 9, 1, 10, 7, 8, 0, 2, 5, 4, 3, 14], "R": [[0.4025022328393442, -0.6551628885444307, -0.6393383627105921], [0.08813862040294129, 0.7229018723583877, -0.6853061115546861], [0.9111660310573527, 0.21948683881922304, 0.3487147708835058]], "T": [-0.05239316133031037, -0.05898719126538597, -0.016141791960796317], "aligned_model": [[-0.5584268887587567, 0.00812519509260854, -0.45656562538258527, 0.7539660598411706, -0.7277207499076779, -0.1495780679196182, 0.31669715400604914, 0.45427864483078295, -0.43561732812918785, 0.5067338442374625, -0.08391462447918616, -0.04468978866309571, 0.5958598345272498, 0.03887793162730921], [-0.25475764998341843, -0.34623456097073096, -0.5188038739474177, -0.06000648272392588, 0.09066968397797488, 0.3829674668781937, -0.5723276539973636, 0.17875630822753297, 0.5039888436285963, 0.266618771942815, 0.29193801508433626, -0.4225025041404567, -0.4376155922514395, -0.07983187899844235], [-0.2781033378200633, -0.6319043745986179, 0.2778697820870972, -0.10385663682390935, 0.24298057433068435, -0.7024254924785117, -0.22630336130410383, -0.5586554523114424, -0.011649151309447516, 0.296920507423384, 0.5611736316824402, 0.6935834051719589, 0.42058516744985724, -0.00026942004405182407]], "inverted": true, "swapped": true, "error_lsq": 0.04382427295941512, "error_max": 0.302593106391964, "target": "10.xyz", "model": "27.xyz", "model_rescale": 4.103607728864725, "target_rescale": 4.2482417240324},
