[{"mapping": [11, 12, 1, 6, 7, 3, 10, 4, 8, 9, 2, 5, 14], "R": [[-0.08967997011012642, -0.9769314472223513, 0.19381034644489276], [0.9947915252779184, -0.09732757374639787, -0.03028472591707953], [0.048449191905334976, 0.19008495683951954, 0.980571458378755]], "T": [-0.06101006017181623, 0.09056205853793828, -0.01488083855207946], "aligned_model": [[-0.32975828819172437, -0.1364844422261809, -0.5371566533757051, 0.15550700463159048, 0.4426313931815138, 0.6940332622760009, -0.4143049803499158, -0.2338955490956461, -0.8123166353239643, 0.16672415318865927, 0.25903487256269464, 0.233081632777999, -0.09488907790886353], [-0.19988885132156073, -0.6083987918114621, -0.5140899489243465, -0.5910877123283231, -0.25339573752758726, 0.18700263113223092, 0.7770229766397706, 0.49365586474713996, 0.02577721736385262, 0.5348112261500685, 0.6907498223690626, -0.11572921479166454, 0.06385097673526267], [-0.5774091802725988, -0.39976164540000103, 0.20291685336244755, 0.22432448757838505, -0.1798393805940741, 0.230216054691699, -0.16699952578763774, 0.42326300425169705, -0.22456450610098255, -0.4299950098543159, 0.1993369041014029, 0.638090667610933, -0.06282808832207865]], "inverted": true, "swapped": false, "error_lsq": 0.04883923277120736, "error_max": 0.2533024444762922, "target": "100.xyz", "model": "0.xyz", "model_rescale": 4.1981797802140415, "target_rescale": 3.908906151649313},
{"mapping": [13, 11, 9, 12, 4, 10, 3, 7, 14, 2, 0, 6, 15], "R": [[-0.2897465862440645, 0.7355337508573735, 0.612402659293372], [0.4639919260038944, -0.45168548885953, 0.7620313062840159], [0.8371131395236293, 0.5049458589823373, -0.2104073932481511]], "T": [0.0018736200670168845, 0.046327660844282505, 0.13288700042632212], "aligned_model": [[-0.26974059208723455, 0.00451840374358195, -0.5472896436591024, 0.0886574707042371, 0.39198413713522584, 0.6674382132878682, -0.23803107252943906, -0.528436147436238, -0.703237351988085, -0.038407953603828954, 0.3399627537354164, 0.22990237344810646, -0.005113898604050237], [-0.04871865645209752, -0.616208543204982, -0.5271443379070023, -0.5492452277397185, -0.09190160601895539, -0.1653913116977215, 0.7230398249016019, 0.3786196681365609, -0.040916389812920194, 0.4851552429551551, 0.7853827257456695, 0.09910701373565914, 0.05850205579119457], [-0.615332360475543, -0.27549837847438785, 0.16766175221387913, 0.3081129144399477, -0.3767108373899292, 0.22540654507893826, 0.02988486158356142, 0.30438120410785774, -0.16945615411073467, -0.5695585992790886, 0.0834602998126524, 0.6886936385047122, 0.07570574925301031]], "inverted": true, "swapped": false, "error_lsq": 0.047048209582271516, "error_max": 0.2597804591476855, "target": "100.xyz", "model": "1.xyz", "model_rescale": 4.327790193514246, "target_rescale": 3.908906151649313},
{"mapping": [8, 4, 0, 5, 7, 6, 9, 2, 1, 10, 11, 3, 12], "R": [[-0.3391872858368318, 0.3606346756686795, -0.8688467159585687], [-0.583535428315022, -0.8050916562752078, -0.10636648389998754], [-0.737860684023649, 0.4709246815589398, 0.4835199636734392]], "T": [-0.15747202496855237, 0.07300616045372178, -0.11142357739775013], "aligned_model": [[-0.20719341475995262, 0.15714113081109163, -0.5015425464969061, 0.16507874759579313, 0.4345774072858706, 0.5752598003331276, -0.32197250983750136, -0.42424939388870997, -0.833968951503926, -0.026320172989637097, 0.3748931313628203, 0.03139584827972838, -0.030892384045340587], [-0.17125574793300946, -0.7453655941528595, -0.36447279697583557, -0.6265152685796551, -0.06924150706836223, -0.007937127042878703, 0.9614774724205508, 0.4848484455236321, 0.017989378290778985, 0.44562570135783913, 0.520951072901623, -0.005829872792633764, 0.050006302483253634], [-0.5766640313490777, -0.5012412598482568, 0.34588885387920976, 0.16242265158830335, -0.40378978856108405, 0.2681979803293971, -0.18327665612751706, 0.36974807394007947, -0.014197714259676891, -0.4539211811552414, 0.18199773865295707, 0.6802435041242667, 0.0013424640515161124]], "inverted": true, "swapped": false, "error_lsq": 0.05373941603434721, "error_max": 0.29868089767388106, "target": "100.xyz", "model": "2.xyz", "model_rescale": 3.8777934143252244, "target_rescale": 3.908906151649313},
{"mapping": [11, 12, 1, 6, 7, 3, 10, 4, 8, 9, 2, 5, 14], "R": [[-0.08967997011012642, -0.9769314472223513, 0.19381034644489276], [0.9947915252779184, -0.09732757374639787, -0.03028472591707953], [0.048449191905334976, 0.19008495683951954, 0.980571458378755]], "T": [-0.06101006017181623, 0.09056205853793828, -0.01488083855207946], "aligned_model": [[-0.32975828819172437, -0.1364844422261809, -0.5371566533757051, 0.15550700463159048, 0.4426313931815138, 0.6940332622760009, -0.4143049803499158, -0.2338955490956461, -0.8123166353239643, 0.16672415318865927, 0.25903487256269464, 0.233081632777999, -0.09488907790886353], [-0.19988885132156073, -0.6083987918114621, -0.5140899489243465, -0.5910877123283231, -0.25339573752758726, 0.18700263113223092, 0.7770229766397706, 0.49365586474713996, 0.02577721736385262, 0.5348112261500685, 0.6907498223690626, -0.11572921479166454, 0.06385097673526267], [-0.5774091802725988, -0.39976164540000103, 0.20291685336244755, 0.22432448757838505, -0.1798393805940741, 0.230216054691699, -0.16699952578763774, 0.42326300425169705, -0.22456450610098255, -0.4299950098543159, 0.1993369041014029, 0.638090667610933, -0.06282808832207865]], "inverted": true, "swapped": false, "error_lsq": 0.04883923277120736, "error_max": 0.2533024444762922, "target": "100.xyz", "model": "3.xyz", "model_rescale": 4.1981797802140415, "target_rescale": 3.908906151649313},
{"mapping": [7, 9, 11, 8, 10, 6, 2, 0, 1, 3, 5, 4, 12], "R": [[0.6691636320716432, -0.2658636476475356, -0.6939283495954274], [0.5732311177869356, -0.40956720450084233, 0.709690630203123], [-0.472891233914763, -0.8726804832565653, -0.12166616222130433]], "T": [-0.09273151623718279, -0.016053124971064738, -0.008750656109134336], "aligned_model": [[-0.22789387592966706, 0.21324244940228404, -0.6267697854296559, 0.1382229737494298, 0.481707762335034, 0.4903892875935253, -0.17191840976043427, -0.31399740445104274, -0.7351233918368766, -0.05808308849367866, 0.456951667004846, -0.183676229108533, -0.07084526292877309], [-0.31875637243419136, -0.6230997271906024, -0.5313252440214296, -0.6009379899299603, -0.07343644037768213, 0.08023048152263193, 0.7760554748761439, 0.5940442792764443, 0.12195426890796038, 0.465029829358706, 0.7428922889384897, -0.1513961143337342, 0.009025723839667321], [-0.6122108381046452, -0.374206608690123, 0.29819847772899655, 0.26203687744998344, -0.40000636399858347, 0.18666608957146888, 0.06360492019747818, 0.5590295124582316, -0.15099912996116083, -0.4949264997078899, 0.0018153423439630605, 0.5502890604060366, -0.01254020442888068]], "inverted": true, "swapped": false, "error_lsq": 0.058286497631282685, "error_max": 0.36511532982813844, "target": "100.xyz", "model": "4.xyz", "model_rescale": 4.167029944361197, "target_rescale": 3.908906151649313},
{"mapping": [12, 4, 2, 1, 5, 6, 11, 8, 10, 14, 7, 0, 15], "R": [[0.37188706990207043, -0.9249290608599386, -0.07877969038022914], [-0.2965194149995199, -0.19878349077558968, 0.9341099294640935], [-0.8796455216551696, -0.32402369692944255, -0.3481844339716835]], "T": [-0.1311050348980165, 0.11527147302094767, -0.00994091473399868], "aligned_model": [[-0.18457912911091373, -0.17023147212364054, -0.46382906811571334, 0.23205341863388085, 0.4716871379193227, 0.5622531639141682, -0.42308166856036133, -0.20095506364330293, -0.776172906368046, 0.12914143865348326, 0.2796539612595524, 0.15828021048799978, -0.22201333079997138], [-0.17075993755869248, -0.7083365033540361, -0.585979955430256, -0.4546948182335807, -0.09595112715249562, 0.08248876743265099, 0.784096920969176, 0.4700348723895684, 0.14969388710091358, 0.3498545608068787, 0.5764163652860806, 0.004166669731120426, 0.08925075644511526], [-0.5751358653232634, -0.31149762817156545, 0.23189180910539786, 0.20202898271496514, -0.4160168968958729, 0.16340090325305148, -0.19742228650165647, 0.5730604933511766, -0.32213391712940403, -0.4601921048208526, 0.28068404676134123, 0.7330359170623095, -0.024952818140751218]], "inverted": false, "swapped": false, "error_lsq": 0.048124848220284656, "error_max": 0.27311888906791176, "target": "100.xyz", "model": "5.xyz", "model_rescale": 4.384278389366277, "target_rescale": 3.908906151649313},
{"mapping": [4, 9, 8, 10, 14, 15, 1, 0, 2, 12, 11, 7, 16], "R": [[-0.0011543839232635053, -0.6569639733527257, -0.7539210867951349], [0.5977405153372315, 0.6039575820713133, -0.5272015889419852], [0.8016888072825632, -0.45125777198312317, 0.39199678506677715]], "T": [-0.17123283909270176, 0.08246846792980544, -0.006186872199691596], "aligned_model": [[-0.2791419724847765, -0.013697597444928628, -0.3762497401292073, 0.18934959649817523, 0.3530477848654668, 0.5192304637045178, -0.438510707734661, -0.30573212509754394, -0.7967495231931532, 0.17324700975656665, 0.30979812974483906, 0.1946957333373438, -0.13708035967618093], [-0.23075463242000183, -0.7393094303017557, -0.5687947079703727, -0.4726102960465409, -0.08547256319792543, -0.03958084986854532, 0.7896247311190295, 0.5223870896169716, 0.20333895847354574, 0.4196270916533331, 0.6670431778652987, 0.027418502871699557, -0.0026366133622927335], [-0.6034120388524158, -0.30381630031508766, 0.22821455521809567, 0.22998266759186967, -0.37277828212033753, 0.16566924216983908, -0.043815506743971444, 0.5761906414709778, -0.4377904362565377, -0.4029940362092891, 0.16460344631649948, 0.6592586883712062, 0.01743799462402746]], "inverted": true, "swapped": false, "error_lsq": 0.04458177904839419, "error_max": 0.27865197465363356, "target": "100.xyz", "model": "6.xyz", "model_rescale": 4.205422722616799, "target_rescale": 3.908906151649313},
{"mapping": [4, 0, 5, 10, 3, 11, 7, 6, 8, 9, 12], "R": [[-0.9434496364815242, -0.28634443055498116, -0.16706181644236756], [-0.3021842280652177, 0.5355552743860229, 0.7885843267437798], [-0.13633589304181126, 0.7944730424422566, -0.5917981996432876]], "T": [0.01527438109376062, -0.06896182456072383, -0.13567777793283237], "aligned_model": [[-0.2386427584924693, 0.44647918218150656, -0.765030697216434, -0.5656533016197044, -0.03487939731197887, -0.20008456690522736, 0.2423445366561271, 0.07770997347698166, 0.7730157772266707, -0.08328474868746463, 0.05156755188853924], [-0.5584940143258393, -0.6416923782055027, -0.13953257567897648, 0.3167402209573953, -0.20455859717457306, 0.46346167760812595, 0.6611352016062362, 0.4821627612080065, -0.004288210064980008, -0.23340504250150507, 0.003997308740956412], [-0.14271464508950327, 0.12288447581749623, -0.29140143041454425, 0.25252800363974687, -0.5585768380470086, -0.5088823360710875, -0.07468994839149307, 0.4937782656886211, 0.18925824343575015, 0.4576803747834121, -0.0006160463180613918]], "inverted": false, "swapped": true, "error_lsq": 0.04864493948507282, "error_max": 0.29176294126612123, "target": "100.xyz", "model": "7.xyz", "model_rescale": 3.576223427866931, "target_rescale": 3.908906151649313},
{"mapping": [6, 0, 3, 11, 8, 12, 1, 9, 4, 7, 13, 10, 14], "R": [[0.8069134830025703, 0.5901663088393813, 0.024379476195383276], [0.16808456846055253, -0.1898566949774424, -0.9673169145722991], [-0.566249246175296, 0.7846388744404287, -0.2523957763568292]], "T": [-0.08062735331118442, 0.002659753938784218, 0.06160519916451891], "aligned_model": [[-0.3950648472815713, 0.0417414681879234, -0.49176282780471203, 0.2924095130800297, 0.36886669274052164, 0.6903024730286412, -0.24198568841627072, -0.5144196371866674, -0.5889943441670132, -0.010635298877280971, 0.42380055779788217, -0.12925466761454407, -0.052796701340480576], [-0.2530585608036816, -0.6935872488220933, -0.6490318757504894, -0.4456146005782246, -0.1507494863339503, 0.14635326327810227, 0.8009271384705694, 0.42839146134627326, 0.2840195182885067, 0.3915938088783837, 0.5598134103857582, -0.042387558832290353, 0.1136111889055798], [-0.4956224123037434, -0.3350823356180397, 0.16123287244143075, 0.19741119700374965, -0.42570510986418464, 0.2927770539813529, 0.06352945274190484, 0.6005014888176278, -0.2642044975219332, -0.6291971574897073, -0.08181918657929292, 0.765335357474896, 0.027593912180814875]], "inverted": false, "swapped": false, "error_lsq": 0.05171793076318628, "error_max": 0.2845432659611708, "target": "100.xyz", "model": "8.xyz", "model_rescale": 4.159702230302055, "target_rescale": 3.908906151649313},
{"mapping": [11, 8, 6, 0, 9, 3, 12, 1, 7, 10, 4, 2, 13], "R": [[-0.6662490650895554, 0.2871783246243628, 0.6882156588840722], [-0.06376062918000272, -0.9414335499434427, 0.3311154680884864], [0.7429984962527607, 0.17672430762866603, 0.6455398931586684]], "T": [-0.015434049652955972, 0.06412161905471991, -0.02521325238177518], "aligned_model": [[-0.20130056734675827, -0.13833014083897482, -0.5584508470604879, 0.2301675519965358, 0.41746949794772836, 0.7366265856521637, -0.39127730571656344, -0.5250915042530513, -0.6617507753122573, 0.019386186135912878, 0.3593865917067393, 0.14763614714119325, -0.04226472790572236], [-0.04534511011249211, -0.618191842819343, -0.4115534877932068, -0.4845110409718627, -0.2871146671561254, 0.03359722033684065, 0.6396595932903538, 0.2897690202613741, 0.05664062397066108, 0.4894771614334058, 0.5992673149071727, 0.2365134167513241, -0.007927743665658571], [-0.7643647684635871, -0.31251163481611327, 0.2020585609038248, 0.35313826437988377, -0.39857945455867605, 0.1821191871276947, -0.04859296916368889, 0.6283202979432908, -0.23876345633845847, -0.4577652678867471, 0.08435163941957197, 0.6181558279834212, 0.02918440873445914]], "inverted": true, "swapped": false, "error_lsq": 0.04466213190084059, "error_max": 0.23624311692523695, "target": "100.xyz", "model": "9.xyz", "model_rescale": 3.934033012280779, "target_rescale": 3.908906151649313},
{"mapping": [12, 4, 2, 1, 5, 6, 11, 8, 10, 14, 7, 0, 15], "R": [[0.37188706990207043, -0.9249290608599386, -0.07877969038022914], [-0.2965194149995199, -0.19878349077558968, 0.9341099294640935], [-0.8796455216551696, -0.32402369692944255, -0.3481844339716835]], "T": [-0.1311050348980165, 0.11527147302094767, -0.00994091473399868], "aligned_model": [[-0.18457912911091373, -0.17023147212364054, -0.46382906811571334, 0.23205341863388085, 0.4716871379193227, 0.5622531639141682, -0.42308166856036133, -0.20095506364330293, -0.776172906368046, 0.12914143865348326, 0.2796539612595524, 0.15828021048799978, -0.22201333079997138], [-0.17075993755869248, -0.7083365033540361, -0.585979955430256, -0.4546948182335807, -0.09595112715249562, 0.08248876743265099, 0.784096920969176, 0.4700348723895684, 0.14969388710091358, 0.3498545608068787, 0.5764163652860806, 0.004166669731120426, 0.08925075644511526], [-0.5751358653232634, -0.31149762817156545, 0.23189180910539786, 0.20202898271496514, -0.4160168968958729, 0.16340090325305148, -0.19742228650165647, 0.5730604933511766, -0.32213391712940403, -0.4601921048208526, 0.28068404676134123, 0.7330359170623095, -0.024952818140751218]], "inverted": false, "swapped": false, "error_lsq": 0.048124848220284656, "error_max": 0.27311888906791176, "target": "100.xyz", "model": "10.xyz", "model_rescale": 4.384278389366277, "target_rescale": 3.908906151649313},
{"mapping": [8, 9, 6, 0, 2, 4, 12, 5, 10, 3, 1, 7, 13], "R": [[-0.29704503795253856, -0.20741915185008664, -0.9320630562754679], [-0.36283595372294875, 0.9274233733134185, -0.09075217527926285], [0.883240803016784, 0.31122850460353174, -0.35074563690588706]], "T": [-0.16421666171434735, 0.03249455273593055, -0.03518259453613962], "aligned_model": [[-0.1481994294606149, -0.0869966387985459, -0.47987440157544115, 0.23125850524391606, 0.40503401300581454, 0.5757465251066426, -0.35803712753772493, -0.2282651528344573, -0.9229258814447974, 0.12845949966002596, 0.3508012852385901, 0.030412027169307743, -0.10520653162625745], [-0.07614349825928865, -0.6708736686627321, -0.44960741117364994, -0.583708786724016, -0.1005142234666889, 0.0753352226467282, 0.8388065777288483, 0.3922680131682202, 0.038608824134256745, 0.45759680599622654, 0.7241297695402171, -0.10720994301434278, -0.048407223481334805], [-0.6418686846431949, -0.2962401274784121, 0.305557457192647, 0.29482484814768856, -0.4020056254609759, 0.22121216091291387, -0.15859387725315738, 0.5306898278548139, -0.25442872733345534, -0.4394509226089925, 0.10761604767835345, 0.6502141126013903, -0.04077585434474293]], "inverted": false, "swapped": false, "error_lsq": 0.048164892604242025, "error_max": 0.25229938166112836, "target": "100.xyz", "model": "11.xyz", "model_rescale": 4.045068178132417, "target_rescale": 3.908906151649313},
{"mapping": [1, 4, 3, 7, 0, 5, 9, 8, 11, 2, 10, 6, 12], "R": [[-0.6038298573375671, -0.0565546637050804, 0.7951044418193743], [0.15071836875377476, 0.971386565900054, 0.18355411438892166], [-0.7827346144817505, 0.23067229916508275, -0.5780283848480108]], "T": [-0.018488471959826683, -0.02700134606684987, 0.0709573679140503], "aligned_model": [[-0.32450493367422134, 0.17794618236639814, -0.6882309682802764, -0.010183045750171107, 0.5707335797294245, 0.5690377202551254, -0.33577533570296336, -0.2840186995458653, -0.8073242932499453, 0.08878898390519328, 0.34175998071424035, 0.1582631935830558, -0.06428567220353677], [-0.22469753203517767, -0.7005999389742239, -0.48926706540289533, -0.421666200798103, -0.0674865397687529, -0.016907712240671405, 0.6662147919922353, 0.3921897017706003, 0.1535108185306466, 0.3980439698384788, 0.7679132228872516, -0.09714994786927095, 0.13018289050232565], [-0.5356610195698505, -0.3964595581378927, 0.23247861122924782, 0.1587133819376036, -0.36097302118304264, 0.27426556485457554, -0.20105507004822673, 0.5039258223581768, -0.05025918278361888, -0.5719302536245272, 0.1639830741848197, 0.7257208268458986, -0.06599854079828835]], "inverted": true, "swapped": false, "error_lsq": 0.05017609229371272, "error_max": 0.27717065443896177, "target": "100.xyz", "model": "12.xyz", "model_rescale": 4.08573026848732, "target_rescale": 3.908906151649313},
{"mapping": [11, 10, 12, 5, 9, 1, 0, 4, 7, 8, 2, 3, 13], "R": [[-0.7009783314931377, -0.5727640965251092, 0.4249360757912566], [-0.6328670833545075, 0.22486834908096698, -0.7408869552016419], [0.32879877369518284, -0.7882737565804003, -0.520111383362418]], "T": [-0.07490071023060593, 0.08122766126145657, -0.07119126055219617], "aligned_model": [[-0.39249721720686404, -0.08013815515198316, -0.5812915419709154, 0.15765389869476426, 0.4043007890406829, 0.6963585757599319, -0.2366013066718153, -0.5093454666762325, -0.5196845674980415, 0.0034916227021692114, 0.3313381709457668, 0.07967913700543594, 0.03894275317355876], [-0.2092795564653403, -0.6439300675462926, -0.5015846971494087, -0.4466844937899031, -0.2080214730133257, 0.08416365553623659, 0.6890511120845757, 0.20736091531919426, 0.11752753714729647, 0.48533451458056437, 0.6635382306969331, 0.16873920971127748, 0.08406557132063595], [-0.842183920403521, -0.2937031320652744, 0.2529086038563139, 0.35702897606400463, -0.3798909636228167, 0.2881329715465999, 0.1820706392654446, 0.45592175737903917, -0.20567467969153608, -0.5521472513201662, -0.0028000051628226663, 0.623180908629142, -0.006093269209531099]], "inverted": false, "swapped": false, "error_lsq": 0.04596302815084325, "error_max": 0.2696611592717067, "target": "100.xyz", "model": "13.xyz", "model_rescale": 3.7495073506811774, "target_rescale": 3.908906151649313},
{"mapping": [3, 11, 7, 6, 2, 8, 5, 10, 4, 9, 0, 12], "R": [[0.12144281671309065, -0.9920798834631764, -0.032080322574458114], [0.8905711560966371, 0.0946307075624303, 0.44489104858935224], [-0.4383316760142829, -0.08259863203421959, 0.8950099484299522]], "T": [-0.19889222750393193, -0.050078969266203935, 0.02084483895402169], "aligned_model": [[-0.602867249592746, -0.13858881278585355, 0.24249715036888453, 0.611774592754559, -0.6041216709047535, -0.03770063767202614, -0.2266780741679613, 0.4365637445440405, -0.45046554417779433, 0.18700887902372282, -0.4109336758967313, -0.05582599839100996], [-0.21024874583661202, -0.4388736817003565, 0.0859511470148586, 0.1305746034430209, 0.4050736544829322, 0.7554451935033096, -0.8236942331003324, -0.5280062455856152, -0.22654025335014083, 0.06254344374260988, 0.5118150964641713, 0.016240612724353717], [-0.08353583683822133, -0.5398137685039647, -0.5915220960471492, -0.09762463511399248, -0.48657195413355536, -0.07447678697722583, 0.2179576806978649, 0.08960525957919364, 0.47881588350642934, 0.49752701761564266, 0.4900204880283309, 0.02480310337903929]], "inverted": true, "swapped": true, "error_lsq": 0.05087362132283572, "error_max": 0.2619687771588036, "target": "100.xyz", "model": "14.xyz", "model_rescale": 3.737118095005081, "target_rescale": 3.908906151649313},
{"mapping": [6, 8, 7, 9, 10, 5, 3, 2, 4, 0, 1, 11, 12], "R": [[-0.9879128088069118, -0.07580771074880188, -0.1352089981704781], [-0.13675849423700934, 0.8368869310547409, 0.5300163949198209], [0.07297531397167296, 0.5421009644160428, -0.8371386670856462]], "T": [-0.03021575784617216, -0.00482231268507665, -0.09711881648755555], "aligned_model": [[-0.41000229554225476, 0.09567712650129163, -0.6408617292691443, -0.03052064321779387, 0.6019482031745124, 0.6867542093444855, -0.332937247139238, -0.3957605666340381, -0.7379492655997985, 0.026255116658000854, 0.2536236740564475, 0.25940495948673176, 0.0165751503272558], [-0.14144983546268924, -0.6618139407800568, -0.5025322974510656, -0.5295372722920129, -0.12334020662648917, 0.004727010839187563, 0.7715612679744044, 0.3577141196485445, 0.08781391172926811, 0.4903840865173252, 0.5890447225171062, 0.12593928862355674, 0.021769603195364765], [-0.5331018222952582, -0.31306636033248536, 0.10488009329451892, 0.33422152748999545, -0.4164736338220779, 0.22542568768712268, -0.09021450249970753, 0.48984299350852784, -0.1739980682046828, -0.5562134248901833, 0.1746596571370287, 0.6738071973105824, -0.043018709118505076]], "inverted": true, "swapped": false, "error_lsq": 0.04712800666242491, "error_max": 0.2876692504363542, "target": "100.xyz", "model": "15.xyz", "model_rescale": 4.098986239134535, "target_rescale": 3.908906151649313},
{"mapping": [6, 11, 12, 13, 8, 3, 0, 2, 4, 5, 7, 10, 14], "R": [[-0.803995476162206, -0.5508017815379608, 0.2240729161797923], [-0.20586610821359597, 0.6113500275722479, 0.7641140551490988], [-0.5578623663590292, 0.5682152244018286, -0.6049140756820625]], "T": [-0.12250452605946523, 0.054731357390417165, 0.08315732149385117], "aligned_model": [[0.03177283118506778, -0.09375872563498237, -0.7491450449685931, 0.10789707989567372, 0.5633346255246955, 0.5370522802628795, -0.23022707912346296, -0.3298189298809194, -0.63312019976338, -0.26536530865149294, 0.5086501380383714, 0.1125114556310514, -0.167576430368451], [-0.1317501837575097, -0.7037400460887602, -0.419858955986903, -0.34261853428709027, -0.2778709145437614, 0.2898190961054771, 0.8159173569567285, 0.5193236811113169, -0.18217355452083633, 0.36979664036616583, 0.43814515477389343, -0.012715648784658404, 0.12800636708838065], [-0.7471228471105625, -0.28155138177405986, 0.2336425259050458, 0.15013016098476273, -0.12755849271930875, -0.26595008639722656, 0.02266988549126163, 0.6157232972741342, -0.39632773229506285, -0.4168413822625477, 0.3348549769713894, 0.7300299551891083, 0.02505175600794226]], "inverted": true, "swapped": false, "error_lsq": 0.0741541950899029, "error_max": 0.5455968599637641, "target": "100.xyz", "model": "16.xyz", "model_rescale": 4.1004253527958685, "target_rescale": 3.908906151649313},
{"mapping": [5, 4, 11, 6, 3, 2, 8, 12, 10, 1, 7, 9, 13], "R": [[0.6619998896842945, 0.5470719629374419, -0.5123167120305135], [0.721139535271909, -0.2786503450608039, 0.6342805025107663], [0.20423985097379288, -0.7893454583167432, -0.5789817188037406]], "T": [-0.10622656801193239, 0.07498517499922552, -0.05816261682492746], "aligned_model": [[-0.07681209986380183, -0.35023767018516283, -0.5045548328470125, 0.1599605152218693, 0.4047428044224948, 0.7624498509391974, -0.35589552122334855, -0.36839307267835864, -0.8493989403492814, 0.22287176028367536, 0.22988575755614485, 0.20204018943274318, -0.08445204856270094], [-0.1312764841277442, -0.6180109679922284, -0.3653741089236883, -0.491946305435463, -0.14329841647786884, 0.037889918940078315, 0.6910809475200413, 0.33913607631475495, -0.1775421029781581, 0.4896872805479687, 0.6985386636667263, 0.02865263894052772, 0.13274331843749698], [-0.7700891589752856, -0.3123907838820705, 0.33316160241697096, 0.1974042611936418, -0.3529512625011198, 0.25497780488385596, 0.0010150694108508884, 0.4720146426820208, -0.2141154813615736, -0.5236394913197119, 0.14273043366208252, 0.6974398966050701, -0.04880689754985602]], "inverted": true, "swapped": false, "error_lsq": 0.049840808438659304, "error_max": 0.3857147939338236, "target": "100.xyz", "model": "17.xyz", "model_rescale": 4.128333443378841, "target_rescale": 3.908906151649313},
{"mapping": [3, 11, 7, 6, 2, 8, 5, 10, 4, 9, 0, 12], "R": [[0.12144281671309065, -0.9920798834631764, -0.032080322574458114], [0.8905711560966371, 0.0946307075624303, 0.44489104858935224], [-0.4383316760142829, -0.08259863203421959, 0.8950099484299522]], "T": [-0.19889222750393193, -0.050078969266203935, 0.02084483895402169], "aligned_model": [[-0.602867249592746, -0.13858881278585355, 0.24249715036888453, 0.611774592754559, -0.6041216709047535, -0.03770063767202614, -0.2266780741679613, 0.4365637445440405, -0.45046554417779433, 0.18700887902372282, -0.4109336758967313, -0.05582599839100996], [-0.21024874583661202, -0.4388736817003565, 0.0859511470148586, 0.1305746034430209, 0.4050736544829322, 0.7554451935033096, -0.8236942331003324, -0.5280062455856152, -0.22654025335014083, 0.06254344374260988, 0.5118150964641713, 0.016240612724353717], [-0.08353583683822133, -0.5398137685039647, -0.5915220960471492, -0.09762463511399248, -0.48657195413355536, -0.07447678697722583, 0.2179576806978649, 0.08960525957919364, 0.47881588350642934, 0.49752701761564266, 0.4900204880283309, 0.02480310337903929]], "inverted": true, "swapped": true, "error_lsq": 0.05087362132283572, "error_max": 0.2619687771588036, "target": "100.xyz", "model": "18.xyz", "model_rescale": 3.737118095005081, "target_rescale": 3.908906151649313},
{"mapping": [14, 9, 10, 2, 3, 1, 8, 7, 11, 5, 6, 4, 15], "R": [[0.35858854976663523, -0.3369794191028018, -0.870551045647181], [0.5369539699687155, -0.6883918127592383, 0.4876444875735664], [-0.7636063685637369, -0.6423095696213692, -0.06590698492355923]], "T": [-0.1809729746725167, 0.14480489460546286, 0.0024653372305755757], "aligned_model": [[-0.2692518419262151, -0.02490514305150074, -0.6151075583824486, 0.24844024058670897, 0.24168014990486006, 0.5674310220235249, -0.2840317166984567, -0.3139402694928183, -0.6527156093955561, 0.3443291441837445, 0.30513455974012726, -0.0700806712397401, -0.08477561410577256], [-0.07308474096721368, -0.7798287923318349, -0.5277684060342189, -0.3451875800013862, -0.19639539316833754, 0.1494855645915597, 0.8184818776665627, 0.4908289297267773, -0.13061450077481207, 0.3845006984408824, 0.684796000643987, -0.054263172226617085, 0.06932997286709439], [-0.6433709897816708, -0.24783522576363443, 0.22728919574372225, 0.1957118363507863, -0.5421436421737675, -0.026373045760846883, -0.0560197727852999, 0.4326123450944933, -0.14056162409213577, -0.49676408296370067, 0.3280954983026547, 0.8290195025067464, 0.017090640587528565]], "inverted": false, "swapped": false, "error_lsq": 0.05445036814578692, "error_max": 0.2994284347840522, "target": "100.xyz", "model": "19.xyz", "model_rescale": 4.2086021807940694, "target_rescale": 3.908906151649313},
{"mapping": [4, 3, 2, 6, 9, 14, 8, 0, 1, 12, 13, 7, 15], "R": [[0.6093761225907235, 0.7496502294941445, 0.2582349214100841], [0.16744680198902617, -0.4400218910413416, 0.8822371018655075], [0.7749982643335038, -0.494373612588474, -0.3936653673569446]], "T": [-0.0584168646041906, 0.046877694010088816, -0.05462030375371832], "aligned_model": [[-0.38828236222212714, -0.027279841275702987, -0.5134433263139703, 0.29505269485740354, 0.3925702653969264, 0.7172172493564498, -0.17394365078878715, -0.5031519614933136, -0.9676887777189995, 0.1148855141926928, 0.4361321844702598, 0.09596704275925094, -0.0858283390736247], [-0.2101872558827725, -0.7498168930047133, -0.4512120125014031, -0.3616727647338869, -0.2009767386649307, 0.05351597059121774, 0.7318298405791235, 0.2955972748460398, 0.002063692669549977, 0.5434987227732955, 0.6202434104039799, 0.18582572195103572, 0.031571489405907524], [-0.5080783507576647, -0.19495653494428536, -0.014395833824429993, 0.21796385121751902, -0.45597319600946995, 0.17698194598707942, 0.028892670925181746, 0.3554429116620029, -0.20948966061489968, -0.4526667981261433, 0.25811757040588723, 0.6734739294295745, 0.0014381299145241264]], "inverted": false, "swapped": false, "error_lsq": 0.0444444602876326, "error_max": 0.26372727903220955, "target": "100.xyz", "model": "20.xyz", "model_rescale": 4.100767439757852, "target_rescale": 3.908906151649313},
{"mapping": [10, 11, 4, 5, 9, 12, 1, 2, 0, 8, 6, 3, 13], "R": [[-0.10322256040750133, 0.9569746965446931, 0.2711909533817681], [0.994627599216648, 0.10145042545570282, 0.02058519009831619], [-0.007812931552667046, 0.2718588629198052, -0.9623054176052964]], "T": [-0.07615598766720069, 0.045393636317071016, -0.05326464078192092], "aligned_model": [[-0.32551983512479665, 0.16742023974200512, -0.47812548194284965, 0.12033304889406554, 0.466289523155337, 0.6582895259697461, -0.23551233299424582, -0.5238884673684899, -0.8456172031975792, 0.07124767584301744, 0.3587062601861183, 0.03653530654642631, -0.07795156756229649], [-0.25478043172923304, -0.7885202024051283, -0.4930852320157992, -0.4911393895056561, -0.09861452423913217, 0.05511091151161072, 0.8865170809259976, 0.32481318389063474, 0.2678011661449581, 0.3724647096285406, 0.5669973511426183, 0.09098331697619946, 0.051732518106832874], [-0.4738048643098698, -0.28338167624665367, 0.2116979125476877, 0.2163168634495176, -0.5007311604457791, 0.08731422211550016, -0.018019256381831092, 0.3283652286366723, -0.15720691821566696, -0.4208175619399166, 0.2797217781911848, 0.6252869562968941, -0.017990888432863568]], "inverted": false, "swapped": false, "error_lsq": 0.043475989746359314, "error_max": 0.23147797887289767, "target": "100.xyz", "model": "21.xyz", "model_rescale": 4.063480741565924, "target_rescale": 3.908906151649313},
{"mapping": [6, 0, 3, 11, 8, 12, 1, 9, 4, 7, 13, 10, 14], "R": [[0.8069134830025703, 0.5901663088393813, 0.024379476195383276], [0.16808456846055253, -0.1898566949774424, -0.9673169145722991], [-0.566249246175296, 0.7846388744404287, -0.2523957763568292]], "T": [-0.08062735331118442, 0.002659753938784218, 0.06160519916451891], "aligned_model": [[-0.3950648472815713, 0.0417414681879234, -0.49176282780471203, 0.2924095130800297, 0.36886669274052164, 0.6903024730286412, -0.24198568841627072, -0.5144196371866674, -0.5889943441670132, -0.010635298877280971, 0.42380055779788217, -0.12925466761454407, -0.052796701340480576], [-0.2530585608036816, -0.6935872488220933, -0.6490318757504894, -0.4456146005782246, -0.1507494863339503, 0.14635326327810227, 0.8009271384705694, 0.42839146134627326, 0.2840195182885067, 0.3915938088783837, 0.5598134103857582, -0.042387558832290353, 0.1136111889055798], [-0.4956224123037434, -0.3350823356180397, 0.16123287244143075, 0.19741119700374965, -0.42570510986418464, 0.2927770539813529, 0.06352945274190484, 0.6005014888176278, -0.2642044975219332, -0.6291971574897073, -0.08181918657929292, 0.765335357474896, 0.027593912180814875]], "inverted": false, "swapped": false, "error_lsq": 0.05171793076318628, "error_max": 0.2845432659611708, "target": "100.xyz", "model": "22.xyz", "model_rescale": 4.159702230302055, "target_rescale": 3.908906151649313},
{"mapping": [4, 2, 8, 3, 0, 1, 12, 9, 14, 10, 11, 5, 15], "R": [[-0.8563855147074624, -0.46492779922103156, -0.22460185153004192], [-0.5087827178613505, 0.6857015098844947, 0.5205320214431977], [-0.08799997843665779, 0.5600496235634949, -0.8237720697750899]], "T": [-0.08942606924496947, 0.06800279829656493, -0.05876899935172533], "aligned_model": [[-0.19208157670268183, -0.08595884456164664, -0.671804724549751, 0.17703086960986225, 0.4672058100582925, 0.6325172271185799, -0.3612207594301022, -0.6068446949467325, -0.6975608514404913, 0.2114251952415363, 0.2965452536091745, 0.3441125581226298, -0.12115876998221131], [-0.14435405227068338, -0.7616829197186119, -0.41045588673796235, -0.48787398994004677, -0.3062523638183557, 0.245100766623564, 0.7097703713632673, 0.3117122692172436, 0.20680327469196713, 0.3856423077976644, 0.7264238527059602, -0.05639700476669389, 0.07184383328513105], [-0.5532024847189984, -0.2909609945863002, 0.13031751020407875, 0.19412517339788085, -0.3403659565659295, 0.13630353448768162, 0.06911479863887632, 0.4642088419135353, -0.18606947463527118, -0.48597128419793045, 0.006586296000357206, 0.6648632242378383, 0.06780145108905716]], "inverted": false, "swapped": false, "error_lsq": 0.04662323332320957, "error_max": 0.27294232940099145, "target": "100.xyz", "model": "23.xyz", "model_rescale": 4.121870227629783, "target_rescale": 3.908906151649313},
{"mapping": [6, 11, 12, 13, 8, 3, 0, 2, 4, 5, 7, 10, 14], "R": [[-0.803995476162206, -0.5508017815379608, 0.2240729161797923], [-0.20586610821359597, 0.6113500275722479, 0.7641140551490988], [-0.5578623663590292, 0.5682152244018286, -0.6049140756820625]], "T": [-0.12250452605946523, 0.054731357390417165, 0.08315732149385117], "aligned_model": [[0.03177283118506778, -0.09375872563498237, -0.7491450449685931, 0.10789707989567372, 0.5633346255246955, 0.5370522802628795, -0.23022707912346296, -0.3298189298809194, -0.63312019976338, -0.26536530865149294, 0.5086501380383714, 0.1125114556310514, -0.167576430368451], [-0.1317501837575097, -0.7037400460887602, -0.419858955986903, -0.34261853428709027, -0.2778709145437614, 0.2898190961054771, 0.8159173569567285, 0.5193236811113169, -0.18217355452083633, 0.36979664036616583, 0.43814515477389343, -0.012715648784658404, 0.12800636708838065], [-0.7471228471105625, -0.28155138177405986, 0.2336425259050458, 0.15013016098476273, -0.12755849271930875, -0.26595008639722656, 0.02266988549126163, 0.6157232972741342, -0.39632773229506285, -0.4168413822625477, 0.3348549769713894, 0.7300299551891083, 0.02505175600794226]], "inverted": true, "swapped": false, "error_lsq": 0.0741541950899029, "error_max": 0.5455968599637641, "target": "100.xyz", "model": "24.xyz", "model_rescale": 4.1004253527958685, "target_rescale": 3.908906151649313},
{"mapping": [5, 3, 0, 2, 4, 11, 9, 7, 10, 6, 8, 12], "R": [[0.09825139353709071, -0.3605965305653589, 0.927532644068254], [0.2641656728228814, 0.9080552285045569, 0.32504184236428957], [-0.9594598276999692, 0.21308647101532163, 0.18447491672360877]], "T": [-0.04432670923774855, -0.154928137880112, 0.04317709479977469], "aligned_model": [[0.16462864614646827, 0.252900078715527, -0.6173632709224135, 0.2957971474293363, -0.2506792576622546, 0.5743487479798803, -0.6173730625579857, 0.2424673933767097, -0.09377004973002905, -0.3073015540035375, -0.3966494471673347, -0.12709746542495542], [0.16125469772963014, -0.4250498747597713, -0.6500588794133475, -0.6724160333957265, -0.33977058934650195, 0.13532319915135654, 0.0841756331523463, 0.23109316023177268, 0.619503522661758, 0.485531332422719, -0.3788736686544306, -0.060430638895189265], [-0.6600100609520615, -0.1528738808805628, 0.12854075442840396, 0.5385240991640611, -0.4337055846779664, 0.08933708123984103, -0.014064804270935809, 0.6407210167224253, -0.1432571524226739, 0.5169991299631869, 0.7570784923276468, 0.13857691309647913]], "inverted": false, "swapped": true, "error_lsq": 0.04578925299712327, "error_max": 0.22658499838236904, "target": "100.xyz", "model": "25.xyz", "model_rescale": 4.000023889224531, "target_rescale": 3.908906151649313},
{"mapping": [11, 5, 7, 6, 8, 1, 10, 2, 4, 9, 3, 0, 12], "R": [[0.9578514214926714, 0.25184816594374254, -0.13817798542185264], [-0.285875330918734, 0.8829420555478684, -0.37240921271768956], [0.028212577276330753, 0.3962143710867617, 0.9177244807826306]], "T": [-0.03335600464540828, 0.019471271488375307, -0.020548095973875524], "aligned_model": [[-0.25143595065940594, -0.1179208991173348, -0.5038129239094514, 0.20263826383236308, 0.34538152591324633, 0.6912301549047193, -0.4172648896949429, -0.4066074255338529, -0.7180222005592598, 0.20971884475925695, 0.24286054166395943, 0.19981184273677682, -0.08437019218961606], [-0.1117883580150233, -0.7255490148779526, -0.4729052806192715, -0.5447303613309911, -0.27698484534945267, 0.028043173085189176, 0.755392960047832, 0.279396278366779, 0.16063789588656457, 0.39306389580180673, 0.8142889407357902, 0.21705978595927766, -0.025644611258104206], [-0.6074399565907107, -0.40047413460011505, 0.20245468381849605, 0.19943770095456453, -0.4435140463125793, 0.30296015921564867, -0.06317375726292293, 0.5073476950463311, -0.18210174806531348, -0.4359229030369986, 0.12658648593591418, 0.6983158088086681, -0.02772535264610687]], "inverted": true, "swapped": false, "error_lsq": 0.04257183727765262, "error_max": 0.1991117620067136, "target": "100.xyz", "model": "26.xyz", "model_rescale": 4.083642600036522, "target_rescale": 3.908906151649313},
{"mapping": [4, 1, 5, 0, 2, 8, 10, 9, 6, 7, 11, 3, 13], "R": [[0.2941786055975381, -0.6745867308060315, 0.6770462987337864], [0.08745266440718735, 0.7244196714596673, 0.683789566380149], [-0.9517410254353715, -0.14194675840856327, 0.2721031758001531]], "T": [-0.10647485219230644, 0.09802884575746688, 0.08375469825774477], "aligned_model": [[-0.25472018128177826, 0.12045570586776984, -0.5545145833290576, 0.14429496511589623, 0.3608558184735552, 0.6111429006808866, -0.2770609809129071, -0.27093992261416816, -0.6441241237971883, -0.08419439291030062, 0.233655580786153, 0.029589115344417036, -0.022233209276819946], [-0.3151688288065159, -0.6308790675007422, -0.42721390800160614, -0.5602845066193537, -0.09631157740414904, 0.0483846101699764, 0.8434064431951054, 0.4347652904225605, 0.19059908009038462, 0.4093804000446187, 0.6137603075575621, -0.022629683026286748, 0.0024718983108897447], [-0.614374485521686, -0.3203407808209426, 0.17822003092114846, 0.3219892188364885, -0.500969841809966, 0.13731786161762116, -0.09121526062727665, 0.5598478769229919, -0.21924356199052675, -0.617648129585388, 0.28169063172220093, 0.8516232496109865, -0.09014617401077658]], "inverted": false, "swapped": false, "error_lsq": 0.04994121251162804, "error_max": 0.2378339417331785, "target": "100.xyz", "model": "27.xyz", "model_rescale": 3.947033556519647, "target_rescale": 3.908906151649313},
