[{"mapping": [11, 1, 6, 0, 2, 8, 3, 10, 7, 5, 9, 12], "R": [[-0.9637628697000348, -0.12530532594497856, -0.23549884559669698], [-0.09964342323620726, -0.6498094834911888, 0.7535375394568506], [-0.24745165021337867, 0.7496974125970672, 0.6137764009408789]], "T": [-0.07080814974002893, 0.0095463627068927, 0.006069718311859887], "aligned_model": [[-0.31237569483060873, 0.22954202789402467, 0.30510966677476054, 0.06862929048756237, 0.05862436596018146, -0.655875620392207, 0.37074165285054017, -0.1659500730302079, 0.591921770098653, -0.0036221369301362855, -0.611494143058194, -0.03760864336381913], [-0.31292444287774557, -0.7280364381377962, -0.2705992908288323, 0.5625076856652799, 0.31606766448080964, -0.5480064285735836, -0.15599757118909802, -0.5735297153970754, 0.1923071598997777, 0.5058566350943106, 0.08819539660199822, -0.022285618760988016], [-0.42395715095912245, 0.001577723248561494, -0.638726916219986, -0.06198545164577389, -0.7628364852342862, -0.089791066209529, 0.5508756959188014, 0.5410000276400744, -0.04962487200934083, 0.5554933234604325, 0.540915490936706, 0.019011426427024712]], "inverted": true, "swapped": true, "error_lsq": 0.04480144075301914, "error_max": 0.22461735485256917, "target": "1000.xyz", "model": "0.xyz", "model_rescale": 3.751011558992144, "target_rescale": 3.7591878231112084},
{"mapping": [8, 12, 2, 6, 5, 4, 3, 1, 9, 10, 11, 13, 14], "R": [[0.4971447923684649, -0.5815272892623766, -0.643951137326481], [-0.7200814780771032, 0.1375358809172243, -0.6801224495564145], [0.4840761513968752, 0.8018166207453395, -0.35037178303241584]], "T": [0.07917221909931164, 0.004314096473246619, 0.04738807279121593], "aligned_model": [[0.023412037707697897, 0.05510578587838241, -0.1283853927287309, 0.5603851803731884, -0.48217235530293984, 0.2293001537827033, 0.17568253395151395, 0.7359504011770674, -0.5088322483428479, -0.29482958883388866, 0.02565285165376728, -0.4302673061483246, 0.05700303282036275], [0.5076503371416766, -0.3640721054396549, 0.7624872566174595, -0.5523117130692162, 0.26298169851624636, 0.00020336126771890867, 0.27017318493876324, 0.10828219060408159, -0.2797583032327505, -0.46010082606978614, -0.7829272978335262, 0.18219011573174196, -0.03260677088391633], [-0.38151947335459335, 0.6921264050698395, 0.3039643752770177, -0.10203595246364355, -0.04244169642867972, -0.7291546980807931, 0.7569024093061228, -0.1612230591871048, 0.1353837506829886, -0.5155463599013557, 0.16620580431657817, 0.5335297087254292, 0.0812877656613812]], "inverted": false, "swapped": false, "error_lsq": 0.04256440705746379, "error_max": 0.26945629741239757, "target": "1000.xyz", "model": "1.xyz", "model_rescale": 3.9405287249114394, "target_rescale": 3.7591878231112084},
{"mapping": [4, 11, 7, 9, 1, 8, 6, 3, 0, 2, 5, 6, 12], "R": [[0.11236517477534608, -0.9005229643133367, 0.42003863898697125], [0.9897792422500683, 0.13879041028913836, 0.032776113598986356], [-0.08781297801912281, 0.41206263207926763, 0.9069141459561205]], "T": [0.03526301523065005, -0.0025566988235698855, 0.02594610709129556], "aligned_model": [[0.10088260735052736, 0.27633397550348654, -0.016045283973234695, 0.5818193825049919, -0.6539670121960602, 0.583712720516276, -0.04910213519520627, 0.4476514812794652, -0.6330983673000858, -0.3916066215207412, -0.17305490531957407, -0.04910213519520627, -0.0064186204666871124], [0.4531955899389692, -0.47080909162264767, 0.7480556684953458, -0.5605322267740332, 0.29468568665189215, -0.07039982925823268, 0.108683430705814, 0.3835552421522988, -0.25664456092202215, -0.390235788652252, -0.6965575118358884, 0.108683430705814, -0.029488911296219913], [-0.502901358914299, 0.5057781378981742, 0.2766618537384478, -0.1748536804841293, -0.22671031164470065, -0.5174598190216774, 0.5511735324656112, 0.11342753754738612, 0.46373876229661104, -0.33689940280368813, 0.08110765069388606, 0.5511735324656112, -0.04675745461404637]], "inverted": false, "swapped": false, "error_lsq": 0.061045121519960596, "error_max": 0.3781896355971552, "target": "1000.xyz", "model": "2.xyz", "model_rescale": 3.932901565614263, "target_rescale": 3.7591878231112084},
{"mapping": [10, 7, 11, 5, 1, 6, 8, 12, 0, 2, 4, 3, 13], "R": [[-0.06004435100185686, -0.48732945087676216, 0.8711513543701346], [0.6699209562769696, 0.627311196581587, 0.3970976894724127], [-0.7400003974686209, 0.6074460214303256, 0.28880571807835126]], "T": [-0.00910146924369099, 0.006917952459062834, 0.16043652885693366], "aligned_model": [[0.15248060133446426, 0.2254578884503905, -0.011686231267014574, 0.5658351132218256, -0.5812605918485374, 0.20617707244506764, 0.14970570272608713, 0.6362349835079896, -0.5837077449794312, -0.37597358803048514, -0.09765165966599587, -0.3486720303312179, 0.08106557042480857], [0.4971431266724822, -0.47126381426697617, 0.8881134127599102, -0.37376121849045724, 0.21002791885125094, -0.13947363742610402, 0.3322374334302618, 0.17224036008238114, -0.3375182344928877, -0.43956219574591904, -0.8423191791248202, 0.11049660810156657, 0.01583054793814957], [-0.3362685680932901, 0.6359011995066532, 0.30602697537692103, -0.042863693973060724, -0.2640029849543635, -0.47116216697849417, 0.7989772424872394, -0.21284510000663986, 0.17233905573615782, -0.4397802477280313, -0.024446035635037194, 0.5273817212484035, 0.08822158263672886]], "inverted": false, "swapped": false, "error_lsq": 0.03994911256639787, "error_max": 0.2748864969570376, "target": "1000.xyz", "model": "3.xyz", "model_rescale": 3.9243930471874484, "target_rescale": 3.7591878231112084},
{"mapping": [8, 0, 4, 1, 10, 9, 2, 7, 6, 11, 5, 3, 12], "R": [[-0.040098895510881194, 0.43571997394393336, -0.8991886247529522], [0.8726404467532553, 0.4536239569701407, 0.1808976405402553], [0.48671421724569225, -0.7774145676336728, -0.3984166923735287]], "T": [-0.052423827310841206, -0.0003581856217332105, -0.04297926998521584], "aligned_model": [[0.12858179426295602, 0.24448542602539658, 0.035656324639982154, 0.5800687607318226, -0.6007697452627574, 0.1669974279742501, 0.3406178317088779, 0.6303097061759564, -0.6182577087142777, -0.4793559003343769, -0.018321110670654547, -0.36889760964336904, -0.02311011090585478], [0.4557865170611215, -0.3796884979169807, 0.5292701304396339, -0.32894413972976205, 0.391227713719223, -0.14578119598937211, 0.23957465246230877, 0.3654977364842947, -0.394214879484728, -0.3839319040243848, -0.7200194876230396, 0.09498984614687406, -0.10157536325635064], [-0.43732092906941766, 0.6579313968032842, 0.21020643873152212, 0.0033316014867650345, -0.25059660361060765, -0.6974973007235624, 0.7564986707971061, 0.16424796139318296, 0.17202174883084384, -0.5877124973195761, 0.19057525233115177, 0.543285574857685, 0.01250766511480976]], "inverted": false, "swapped": false, "error_lsq": 0.04237530602052504, "error_max": 0.27872157595626973, "target": "1000.xyz", "model": "4.xyz", "model_rescale": 3.8936222436046832, "target_rescale": 3.7591878231112084},
{"mapping": [8, 9, 4, 11, 0, 5, 3, 7, 6, 1, 2, 12], "R": [[-0.0651291450446323, -0.08471577246941006, -0.9942743245003698], [-0.24605083848162615, -0.9642618008117776, 0.09827596032457041], [-0.9670662745377094, 0.25104266049844787, 0.0419571598373516]], "T": [-0.13791354620841284, -0.05627243014425444, -0.0236511261574728], "aligned_model": [[0.12862159471443207, -0.7100240940900902, -0.3047454683478323, 0.2923642818919634, -0.4305374946029808, -0.8198885295563181, -0.2465751077682219, -0.023154783222315345, 0.5944010463541989, 0.4646328476132659, 0.19677814379938102, -0.11432439457038562], [-0.59879823841786, -0.5020871770903944, 0.11628934177841314, -0.11224907928032131, 0.4323470491948965, -0.004461635604504792, -0.35628866503885936, 0.33166336412342934, 0.25441537448336593, -0.4878713658854454, 0.6719908253505317, -0.0760268885034441], [-0.5686126993893421, -0.26557207772146807, -0.6412925571728157, -0.42239040562115715, 0.05025935902146173, 0.26777623759858027, 0.6223887327466315, 0.5349637580649339, 0.028759917023573604, 0.26775751696402716, -0.2676571460612276, 0.01290408382232102]], "inverted": true, "swapped": true, "error_lsq": 0.04713283112872154, "error_max": 0.3089278123614117, "target": "1000.xyz", "model": "5.xyz", "model_rescale": 3.6523030999806103, "target_rescale": 3.7591878231112084},
{"mapping": [6, 3, 2, 5, 10, 8, 2, 1, 11, 9, 7, 4, 12], "R": [[0.42173418515095173, 0.4431378190406957, -0.7910557189041229], [0.18930879915859777, -0.896243142799644, -0.4011363951896497], [-0.8867369709424507, 0.01941912254641623, -0.46186625991009]], "T": [0.04572245962855384, -0.06921090732394179, -0.011125137599055784], "aligned_model": [[0.10391976551594988, 0.194804170906478, 0.09546447251287768, 0.5603537577329384, -0.5859670316667972, 0.24850452000260587, 0.09546447251287768, 0.6357748094823734, -0.6598765600316246, -0.4283498956063615, -0.033479578348205724, -0.3052956647553312, 0.0966878477301708], [0.4801850353149069, -0.3176308400485002, 0.5276414481897665, -0.4726651282164409, 0.35258386079219683, -0.10892900597188046, 0.5276414481897665, 0.24302991300677695, -0.5002904811253737, -0.3469988918548143, -0.7225384438595073, 0.10931548795034489, -0.14915327407840373], [-0.3537643558323591, 0.6203041009823955, 0.455248781141124, -0.20160571047242518, -0.18925599355575595, -0.6522218629820027, 0.455248781141124, 0.18049626137461836, 0.2903204257233283, -0.4809677844851572, 0.17247286588105054, 0.4060633143879402, 0.035140156319306365]], "inverted": true, "swapped": false, "error_lsq": 0.04484951465152938, "error_max": 0.3472825050839898, "target": "1000.xyz", "model": "6.xyz", "model_rescale": 4.08911054899281, "target_rescale": 3.7591878231112084},
{"mapping": [6, 11, 3, 13, 4, 7, 9, 2, 10, 5, 12, 8, 14], "R": [[-0.8552093809719074, 0.5174346262665697, -0.029636501784499697], [0.31821142942074315, 0.5693515130542218, 0.7580107787946527], [0.4090946111642816, 0.6388272553071322, -0.6515683670905931]], "T": [0.054000755299293365, -0.016739742133661174, 0.0829747907405335], "aligned_model": [[0.1581510508420834, 0.10244655337144057, -0.13303283792173698, 0.5816649172009378, -0.5318898226586513, 0.2641238888152952, 0.10575310261032317, 0.7594345907441671, -0.4803695709933089, -0.4348756198566848, 0.0107182896561012, -0.4742753200737402, 0.09015586425172528], [0.3694457425151638, -0.401566883512507, 0.7489758838921237, -0.5147737776615167, 0.29417813924531017, -0.12321192011379398, 0.3109023941316676, 0.19315925997015262, -0.44842088814498454, -0.27527049923841146, -0.7210800885449105, 0.1780339449240563, 0.011819820826487991], [-0.2156159891545884, 0.5235336844931116, 0.1547344683634444, -0.01411874175312676, -0.1555871328792523, -0.6544537879130433, 0.7932772847521208, -0.24633517876633193, 0.3006319547813057, -0.44110818649544214, -0.017191184502182308, 0.4678599324430826, 0.24185185625408895]], "inverted": true, "swapped": false, "error_lsq": 0.04628196987417476, "error_max": 0.3246372455443969, "target": "1000.xyz", "model": "7.xyz", "model_rescale": 3.964800864290218, "target_rescale": 3.7591878231112084},
{"mapping": [6, 7, 11, 0, 10, 3, 12, 4, 8, 5, 1, 9, 13], "R": [[0.16670857925463506, 0.5370101431736539, -0.826939148747665], [-0.251246791442431, 0.8341267519541042, 0.491027098503107], [0.9534585986778791, 0.1259073778740073, 0.2739781611809732]], "T": [0.11015680722309028, -0.06093298638075817, 0.03657664451169591], "aligned_model": [[0.37673521590318376, 0.14205685059000078, 0.0337761923972819, 0.5815430502703782, -0.5910298595938592, 0.1517208265664533, 0.04529986729001888, 0.6112786198655704, -0.5356320599179416, -0.5706420007920885, 0.15018719355853877, -0.4117156055710256, 0.034426795421440226], [0.34483383411168056, -0.4540387991668226, 0.7546766063055548, -0.4008103329440252, 0.2504988182237826, -0.11092004668168406, 0.18558296404169747, 0.3888314534419451, -0.3347157609042574, -0.3692553367855831, -0.8042515053570934, 0.24362365329325264, -0.07186441928960938], [-0.2809057370334611, 0.6292851497220647, 0.16338484018759947, -0.38227627917586693, -0.25750073028297793, -0.6857365990335841, 0.7477013880120195, 0.2407390126864582, 0.3513103618954523, -0.33828470881021805, 0.13141882230753188, 0.3663510595040311, 0.05199239964413808]], "inverted": false, "swapped": false, "error_lsq": 0.05073053653854434, "error_max": 0.28551748202101523, "target": "1000.xyz", "model": "8.xyz", "model_rescale": 4.121658175737393, "target_rescale": 3.7591878231112084},
{"mapping": [1, 7, 4, 8, 0, 2, 9, 6, 10, 3, 11, 5, 12], "R": [[-0.6854204146432589, 0.7281218783258421, 0.006114367793212838], [0.6781938432238945, 0.6353188205954589, 0.36935498806757555], [0.26505087474571126, 0.257310175664397, -0.9292682644404093]], "T": [0.016961279930082552, -0.08305244315198049, 0.08329450594400174], "aligned_model": [[0.10821098115358406, 0.21690058831651152, -0.09427348896164184, 0.6255449858742363, -0.5465868782919433, 0.120047662695558, 0.3831657729266916, 0.6589097439892668, -0.6774340418176635, -0.3625472340564662, -0.02656968405377042, -0.4161978643991165, 0.02883454261270537], [0.46563025979232886, -0.42246308670724486, 0.7829167856767627, -0.4340714545709303, 0.3712697777348142, -0.09811527634764916, 0.32537488695764827, 0.1773280381883338, -0.38475267318235684, -0.5091336051953202, -0.7160735083633974, 0.07433263508167387, -0.010051650775824539], [-0.3235869254704575, 0.6310495591535207, 0.24408019756511973, -0.10896798184038754, -0.22464872923958062, -0.6033587978442602, 0.7096100832399557, 0.1002126773290397, 0.14050411116748673, -0.4617854172173093, 0.10382401462646758, 0.49478083513266274, 0.03576535302092905]], "inverted": true, "swapped": false, "error_lsq": 0.031498295768288394, "error_max": 0.21009830191969997, "target": "1000.xyz", "model": "9.xyz", "model_rescale": 3.833441315466971, "target_rescale": 3.7591878231112084},
{"mapping": [6, 9, 4, 11, 5, 12, 3, 7, 13, 0, 8, 2, 14], "R": [[0.49222831703265246, 0.8134903204588707, -0.30974954791077053], [-0.6059838814031794, 0.06478544187332702, -0.7928343975893172], [-0.6248958468342867, 0.5779587745168352, 0.5248512508971072]], "T": [0.01580889897889172, -0.049334844740704445, -0.09987079651350696], "aligned_model": [[0.19587225839929734, 0.17251496869022787, -0.044802237752665605, 0.5860521714809027, -0.5842387310538122, 0.24772359370029695, 0.1972797507834368, 0.6085076922532078, -0.7058055338631509, -0.5139526745773403, 0.1661206540574261, -0.344911557785443, 0.03764473165556778], [0.52605369027933, -0.298053258219132, 0.7220898165056158, -0.40997954045916446, 0.23942392149696695, -0.04599862447238619, 0.36660729361447425, -0.026349556511507936, -0.31994766800839153, -0.2633432752409261, -0.730510100476274, -0.09245337698717034, -0.04534819323259652], [-0.41249643270902414, 0.6561004232066056, 0.09285403897830873, -0.20034514478164572, 0.018435661805740564, -0.6559503783337456, 0.640657607555835, 0.20359879629276822, 0.10440316563488754, -0.470513520119034, 0.24793088495961713, 0.5203483576378906, -0.007544480505016535]], "inverted": false, "swapped": false, "error_lsq": 0.050591369227031495, "error_max": 0.31123697837736064, "target": "1000.xyz", "model": "10.xyz", "model_rescale": 4.2482417240324, "target_rescale": 3.7591878231112084},
{"mapping": [6, 1, 3, 10, 2, 0, 7, 9, 8, 4, 11, 12], "R": [[-0.041874645226019164, -0.7136763182636361, -0.6992228735080517], [-0.19202090426638735, 0.6925388632301647, -0.6953545104769154], [0.9804970608889729, 0.1051476850222248, -0.16604059118948322]], "T": [0.05475796820642004, 0.15195605617945768, 0.005162195608478165], "aligned_model": [[-0.6874865905399699, -0.0814562772186645, 0.4346429499996328, 0.5586328419071789, -0.6986976496215218, -0.018608551459166844, -0.18273107313250797, 0.7287613352762483, 0.10271934513114847, -0.031154575233252588, -0.30330593523565097, 0.05544978248953286], [-0.12383022338633315, -0.6304075186462033, -0.19804688484926686, -0.4547158598907047, 0.5183087960268402, 0.6529410582240491, 0.16059871959400268, 0.2939010117774781, -0.21370587146545256, 0.5825273652775653, -0.0324898123628643, 0.11105060975152858], [0.09775504029119016, 0.06525971182703301, 0.507526522897946, -0.10990053583502818, 0.00905274611447511, 0.27621922300606316, 0.6526485681631682, -0.3267385503330811, -0.7203372263647833, -0.49114292761892997, -0.42499518282410575, 0.029844900530409287]], "inverted": false, "swapped": true, "error_lsq": 0.04718815957629267, "error_max": 0.25633613400712113, "target": "1000.xyz", "model": "11.xyz", "model_rescale": 3.6694154284099745, "target_rescale": 3.7591878231112084},
{"mapping": [0, 8, 1, 11, 12, 6, 3, 4, 10, 7, 9, 2, 13], "R": [[0.9370817631022601, -0.333600232149732, -0.10290118741202682], [-0.12164030929356341, -0.035719411745136, -0.9919313276530528], [0.32723295129941665, 0.9420376896569622, -0.07405124475420553]], "T": [-0.04604316188499997, -0.040573877249522286, -0.07110520031016342], "aligned_model": [[0.1251995530036118, 0.13219535045633302, -0.051548451581890954, 0.5348168261358799, -0.6423039686295979, 0.2814555826525896, 0.3677927284116637, 0.6030881750544469, -0.5793672443626409, -0.38489062048790584, -0.07370556049209301, -0.28607859504211386, -0.008648689130331427], [0.5671174353806712, -0.36143531023352377, 0.6947369294183364, -0.4942146902871975, 0.2818847873337597, -0.09520690624181531, 0.25355102777258615, 0.287105522908318, -0.3309614706564102, -0.564469109658977, -0.8184517878874188, 0.12824364402828603, 0.07429105641222308], [-0.4059560112347132, 0.5906174189593396, 0.34813363792453345, -0.028206063139647068, -0.11866527013703379, -0.5289421122374348, 0.6242215550728182, 0.06649337477583302, 0.11535995984899598, -0.4746910074522626, 0.1259405170627652, 0.5121590697518821, -0.08898608957188883]], "inverted": false, "swapped": false, "error_lsq": 0.04048146687466388, "error_max": 0.2369435315384268, "target": "1000.xyz", "model": "12.xyz", "model_rescale": 3.9764082729961374, "target_rescale": 3.7591878231112084},
{"mapping": [6, 1, 5, 11, 4, 14, 9, 13, 7, 3, 8, 0, 15], "R": [[-0.3378805904659401, 0.5999308672465188, -0.7252031860873389], [-0.93668447406013, -0.1390459681495182, 0.3213851502419812], [0.09197229279019534, 0.7878763692776951, 0.6089268626795106]], "T": [0.09146096385683786, -0.024053361062979214, 0.15199520873097322], "aligned_model": [[0.16284607033674012, 0.27201026985230503, -0.0632855290111578, 0.4745278127619754, -0.4859729554648512, 0.2761433785495734, 0.042446855568219505, 0.6129350020946557, -0.6340834302403272, -0.22505477781676067, 0.051906510076374285, -0.48513673011733427, 0.018722609398539314], [0.5094583789767779, -0.3318053840100605, 0.7711588176222184, -0.5634096866182515, 0.3565347061948682, -0.0834185158551188, 0.25726232530756704, 0.12851207331099673, -0.23356259621448416, -0.5562850533934043, -0.7296154061541587, 0.12194957493660465, -0.02458810581471712], [-0.3901562419835252, 0.6773648107613246, 0.3676686184284014, -0.2872077535800908, -0.041877207194957466, -0.6233603378893078, 0.6811059989329518, -0.129552588037394, 0.12507102808607623, -0.4180843105165743, 0.13554886076462028, 0.5683198122381757, 0.07263828961348659]], "inverted": true, "swapped": false, "error_lsq": 0.04515481245636977, "error_max": 0.2524647778597924, "target": "1000.xyz", "model": "13.xyz", "model_rescale": 4.170626492500431, "target_rescale": 3.7591878231112084},
{"mapping": [12, 1, 8, 11, 4, 5, 7, 10, 2, 6, 3, 0, 13], "R": [[0.0019893226948926035, 0.24463566057924016, -0.9696130342400384], [-0.9106635581134828, -0.4001481632568553, -0.10282670551105119], [-0.41314395374894086, 0.8831958112531578, 0.2219847572820467]], "T": [-0.010565027944745576, -0.05850464682149152, 0.11905330225788816], "aligned_model": [[0.21414758146114607, 0.20348367478937962, -0.010953131123736177, 0.4503541062184052, -0.49195866457715637, 0.11534716941888519, 0.21324990018175682, 0.4758631739858937, -0.6321294954502009, -0.2193458695835875, -0.019394058591465646, -0.3038483860010421, 0.023189085259673496], [0.43986991084982713, -0.36398485631848115, 0.6798172067586048, -0.40746177397326183, 0.3798887073291817, -0.049845835191223445, 0.3787823909803476, 0.22570358683309988, -0.26996515451604397, -0.5332599614375737, -0.7475036266583892, -0.011299203283689434, -0.09855026308356055], [-0.36760177541631556, 0.7911243285332807, 0.1992841112211331, -0.2876924737538856, -0.16225536138289834, -0.7816636188069047, 0.7641244048559112, 0.1497386287885195, 0.16234572257098723, -0.5431454733665075, 0.14505442591508522, 0.6363684136895027, 0.031797646775279034]], "inverted": true, "swapped": false, "error_lsq": 0.04347263668258086, "error_max": 0.21928562054628195, "target": "1000.xyz", "model": "14.xyz", "model_rescale": 3.9786697098870705, "target_rescale": 3.7591878231112084},
{"mapping": [7, 3, 6, 2, 1, 8, 5, 9, 11, 0, 10, 12], "R": [[0.5910756464589731, -0.6223624159980852, -0.5131224057826103], [0.44459872843638093, 0.7821583037892746, -0.4365321963913297], [0.6730241829502566, 0.029889981038995372, 0.7390162638248419]], "T": [0.06631931046265235, -0.054343183246729716, 0.05777636914725237], "aligned_model": [[-0.1352873432491878, -0.5960761609265718, 0.5366763028376678, 0.7190947060021788, -0.010550642288080697, 0.3951553507921066, -0.48876094308366935, -0.2326363413331746, 0.5681396399938715, 0.055005238368530385, -0.3707153883447448, 0.04331017799841097], [-0.5078494921756529, 0.018056888600595893, -0.10106550464444869, -0.539645822896852, 0.46764233748486206, 0.6650476534953039, -0.40578870688544433, 0.21689203812925306, 0.24263354062791043, -0.6150414553007727, 0.6114452962136837, -0.03765228242399933], [-0.42118200897321545, -0.2164043094815224, -0.5842047959027342, -0.14294848068516733, -0.5387811903866297, 0.24935411545690683, 0.4057362816749451, 0.707117564007248, -0.027350535743985327, 0.18159062548041785, 0.027668115817700137, 0.01937111260986689]], "inverted": true, "swapped": true, "error_lsq": 0.04843256586238371, "error_max": 0.2672449034779777, "target": "1000.xyz", "model": "15.xyz", "model_rescale": 3.769337070930944, "target_rescale": 3.7591878231112084},
{"mapping": [0, 9, 7, 3, 2, 4, 6, 8, 1, 10, 12], "R": [[0.4572452866602563, -0.5152607033992368, -0.7248676812767305], [-0.8823000907711046, -0.1604627793588754, -0.4424909561400386], [0.11168391850342951, 0.8418777250723224, -0.5279854149261803]], "T": [-0.048240650012871956, 0.009021677206707678, -0.09805165472108768], "aligned_model": [[-0.1547007904102865, -0.46246752543050224, -0.17873567319028286, -0.6108834654051404, 0.5725216654905739, 0.2550270025155634, 0.5554373993506719, 0.3057269882324443, 0.08383345614325746, -0.38403090114297206, -0.05910202546215619], [0.07863031535640982, -0.6218912096759577, 0.6387973482945564, 0.3681991148378294, 0.22532964721362683, -0.5102248583648766, 0.5268890548712425, -0.46581808166821803, 0.40671695000295716, -0.09419306773063427, 0.04362928448840644], [-0.6581064793450543, 0.024226876693388466, -0.3471861486451278, 0.17325851102651035, -0.6174646350899798, -0.37644554636978056, -0.0437867144807732, 0.46015302526258917, 0.5791881077005588, 0.6173305913096214, -0.0669499808381756]], "inverted": true, "swapped": true, "error_lsq": 0.047442255559068426, "error_max": 0.2295293622977095, "target": "1000.xyz", "model": "16.xyz", "model_rescale": 3.7852294659196426, "target_rescale": 3.7591878231112084},
{"mapping": [10, 1, 6, 0, 11, 9, 5, 4, 2, 8, 3, 7, 12], "R": [[0.6487310408474476, -0.027092709453466174, 0.7605353520615972], [0.29707064262672744, -0.9110633821291898, -0.28585406597189655], [0.7006404712335212, 0.4113751315257065, -0.5829866475588247]], "T": [-0.002134180128765319, -0.09583490385827505, 0.07224414064814304], "aligned_model": [[0.3025891066332401, 0.058394127740803686, -0.11033031058422765, 0.506866559121727, -0.6214328235464437, 0.04796640039885203, 0.26539350393404637, 0.6758327040016454, -0.49649310681564457, -0.2783710554559566, 0.11314984508086881, -0.43796248999563075, -0.007597374525328741], [0.559049461808335, -0.3477419978202574, 0.7744217818855297, -0.3919306631418908, 0.1762491145647282, 0.022052373676955853, 0.22627517954099619, -0.004565699470138268, -0.3601272864602106, -0.3939514797531264, -0.8751031120655879, 0.2776845982661675, -0.04012114274266289], [-0.284862652047743, 0.7103141165952528, 0.2076698921677787, -0.27270905112638294, -0.21125462762623193, -0.782656033137059, 0.5790804485354981, 0.2561395496241508, 0.3168781716697036, -0.43670144302330277, 0.18154201057882796, 0.47469149251882126, -0.0006528951061266081]], "inverted": true, "swapped": false, "error_lsq": 0.05223725920303039, "error_max": 0.3226248647719871, "target": "1000.xyz", "model": "17.xyz", "model_rescale": 3.901054581598922, "target_rescale": 3.7591878231112084},
{"mapping": [8, 12, 2, 6, 5, 4, 3, 1, 9, 10, 11, 13, 14], "R": [[0.4971447923684649, -0.5815272892623766, -0.643951137326481], [-0.7200814780771032, 0.1375358809172243, -0.6801224495564145], [0.4840761513968752, 0.8018166207453395, -0.35037178303241584]], "T": [0.07917221909931164, 0.004314096473246619, 0.04738807279121593], "aligned_model": [[0.023412037707697897, 0.05510578587838241, -0.1283853927287309, 0.5603851803731884, -0.48217235530293984, 0.2293001537827033, 0.17568253395151395, 0.7359504011770674, -0.5088322483428479, -0.29482958883388866, 0.02565285165376728, -0.4302673061483246, 0.05700303282036275], [0.5076503371416766, -0.3640721054396549, 0.7624872566174595, -0.5523117130692162, 0.26298169851624636, 0.00020336126771890867, 0.27017318493876324, 0.10828219060408159, -0.2797583032327505, -0.46010082606978614, -0.7829272978335262, 0.18219011573174196, -0.03260677088391633], [-0.38151947335459335, 0.6921264050698395, 0.3039643752770177, -0.10203595246364355, -0.04244169642867972, -0.7291546980807931, 0.7569024093061228, -0.1612230591871048, 0.1353837506829886, -0.5155463599013557, 0.16620580431657817, 0.5335297087254292, 0.0812877656613812]], "inverted": false, "swapped": false, "error_lsq": 0.04256440705746379, "error_max": 0.26945629741239757, "target": "1000.xyz", "model": "18.xyz", "model_rescale": 3.9405287249114394, "target_rescale": 3.7591878231112084},
{"mapping": [2, 13, 3, 9, 1, 5, 14, 11, 4, 8, 7, 12, 15], "R": [[-0.7491787954534554, -0.6048023294866052, -0.27008382900589517], [-0.5754375956924642, 0.7962254543721482, -0.18680631486526994], [0.3280285138621119, 0.015465059244705065, -0.9445412251648798]], "T": [-0.08299364757173024, -0.02356221930223089, 0.09233370397254018], "aligned_model": [[0.15523436314319133, 0.302758836761986, -0.25096432608789115, 0.4469692007932792, -0.5253825913441877, 0.30845271156070336, 0.2994205836911916, 0.6363778236408781, -0.6223570416410964, -0.23982000648760532, -0.05550658927686081, -0.3724161179117981, -0.06476176085383907], [0.5175133474057417, -0.2865915158724669, 0.7696745482400758, -0.543101447149668, 0.4155885589722745, -0.11128543128080837, 0.3438191015201667, 0.013222277238426526, -0.470382374950249, -0.42401107105973457, -0.7267165302058508, 0.12001316235950511, 0.0044485030714249765], [-0.5446984216188653, 0.5753869674415907, 0.3530823888241005, -0.10318667101960766, -0.12436433558532992, -0.6359087204720888, 0.6567176893181245, 0.11143315735408868, 0.3023430043873855, -0.5300153667355658, 0.07126178841432407, 0.5347812213713071, 0.07064627794372341]], "inverted": true, "swapped": false, "error_lsq": 0.042792972246351625, "error_max": 0.23784144551567823, "target": "1000.xyz", "model": "19.xyz", "model_rescale": 4.410303926677745, "target_rescale": 3.7591878231112084},
{"mapping": [6, 7, 11, 0, 10, 3, 12, 4, 8, 5, 1, 9, 13], "R": [[0.16670857925463506, 0.5370101431736539, -0.826939148747665], [-0.251246791442431, 0.8341267519541042, 0.491027098503107], [0.9534585986778791, 0.1259073778740073, 0.2739781611809732]], "T": [0.11015680722309028, -0.06093298638075817, 0.03657664451169591], "aligned_model": [[0.37673521590318376, 0.14205685059000078, 0.0337761923972819, 0.5815430502703782, -0.5910298595938592, 0.1517208265664533, 0.04529986729001888, 0.6112786198655704, -0.5356320599179416, -0.5706420007920885, 0.15018719355853877, -0.4117156055710256, 0.034426795421440226], [0.34483383411168056, -0.4540387991668226, 0.7546766063055548, -0.4008103329440252, 0.2504988182237826, -0.11092004668168406, 0.18558296404169747, 0.3888314534419451, -0.3347157609042574, -0.3692553367855831, -0.8042515053570934, 0.24362365329325264, -0.07186441928960938], [-0.2809057370334611, 0.6292851497220647, 0.16338484018759947, -0.38227627917586693, -0.25750073028297793, -0.6857365990335841, 0.7477013880120195, 0.2407390126864582, 0.3513103618954523, -0.33828470881021805, 0.13141882230753188, 0.3663510595040311, 0.05199239964413808]], "inverted": false, "swapped": false, "error_lsq": 0.05073053653854434, "error_max": 0.28551748202101523, "target": "1000.xyz", "model": "20.xyz", "model_rescale": 4.121658175737393, "target_rescale": 3.7591878231112084},
{"mapping": [6, 3, 2, 5, 10, 8, 2, 1, 11, 9, 7, 4, 12], "R": [[0.42173418515095173, 0.4431378190406957, -0.7910557189041229], [0.18930879915859777, -0.896243142799644, -0.4011363951896497], [-0.8867369709424507, 0.01941912254641623, -0.46186625991009]], "T": [0.04572245962855384, -0.06921090732394179, -0.011125137599055784], "aligned_model": [[0.10391976551594988, 0.194804170906478, 0.09546447251287768, 0.5603537577329384, -0.5859670316667972, 0.24850452000260587, 0.09546447251287768, 0.6357748094823734, -0.6598765600316246, -0.4283498956063615, -0.033479578348205724, -0.3052956647553312, 0.0966878477301708], [0.4801850353149069, -0.3176308400485002, 0.5276414481897665, -0.4726651282164409, 0.35258386079219683, -0.10892900597188046, 0.5276414481897665, 0.24302991300677695, -0.5002904811253737, -0.3469988918548143, -0.7225384438595073, 0.10931548795034489, -0.14915327407840373], [-0.3537643558323591, 0.6203041009823955, 0.455248781141124, -0.20160571047242518, -0.18925599355575595, -0.6522218629820027, 0.455248781141124, 0.18049626137461836, 0.2903204257233283, -0.4809677844851572, 0.17247286588105054, 0.4060633143879402, 0.035140156319306365]], "inverted": true, "swapped": false, "error_lsq": 0.04484951465152938, "error_max": 0.3472825050839898, "target": "1000.xyz", "model": "21.xyz", "model_rescale": 4.08911054899281, "target_rescale": 3.7591878231112084},
{"mapping": [5, 3, 10, 15, 6, 11, 12, 9, 0, 1, 2, 7, 16], "R": [[-0.29227749969627637, -0.46676155978163913, -0.8346900679183292], [-0.20283682989979038, -0.8226880303355152, 0.5310759128212036], [-0.9345753493472301, 0.3245274272736936, 0.14577676543132956]], "T": [0.0015458877931601698, -0.07297714359130733, 0.06611244383998764], "aligned_model": [[0.19587128778097151, 0.28435802724595344, -0.02713742804671027, 0.5116389722268294, -0.6210629232041541, 0.24865867335468406, 0.29108025876827653, 0.5507810772577757, -0.7377256602720057, -0.28525688935546, 0.04535646309569602, -0.40682944637077934, -0.0317273264931259], [0.49579282573061567, -0.5364171465726867, 0.7221347609718147, -0.5038186482482566, 0.30489378019898083, -0.10405537910853146, 0.260399765393994, 0.38031956131093403, -0.27277948618372405, -0.5571744738088819, -0.7931378834059066, 0.3125015614689559, -0.08646810945847], [-0.303302519128872, 0.7439911060718288, 0.20068486237131916, -0.22661210410919802, -0.09243080569702002, -0.6576709800843297, 0.6577197380931391, 0.0863711590277024, 0.18288572971989459, -0.4936156095002497, 0.03959883045737183, 0.5024975288291371, 0.09736204357246306]], "inverted": true, "swapped": false, "error_lsq": 0.039946086793905926, "error_max": 0.2384856920820574, "target": "1000.xyz", "model": "22.xyz", "model_rescale": 4.204369325754507, "target_rescale": 3.7591878231112084},
{"mapping": [2, 13, 3, 9, 1, 5, 14, 11, 4, 8, 7, 12, 15], "R": [[-0.7491787954534554, -0.6048023294866052, -0.27008382900589517], [-0.5754375956924642, 0.7962254543721482, -0.18680631486526994], [0.3280285138621119, 0.015465059244705065, -0.9445412251648798]], "T": [-0.08299364757173024, -0.02356221930223089, 0.09233370397254018], "aligned_model": [[0.15523436314319133, 0.302758836761986, -0.25096432608789115, 0.4469692007932792, -0.5253825913441877, 0.30845271156070336, 0.2994205836911916, 0.6363778236408781, -0.6223570416410964, -0.23982000648760532, -0.05550658927686081, -0.3724161179117981, -0.06476176085383907], [0.5175133474057417, -0.2865915158724669, 0.7696745482400758, -0.543101447149668, 0.4155885589722745, -0.11128543128080837, 0.3438191015201667, 0.013222277238426526, -0.470382374950249, -0.42401107105973457, -0.7267165302058508, 0.12001316235950511, 0.0044485030714249765], [-0.5446984216188653, 0.5753869674415907, 0.3530823888241005, -0.10318667101960766, -0.12436433558532992, -0.6359087204720888, 0.6567176893181245, 0.11143315735408868, 0.3023430043873855, -0.5300153667355658, 0.07126178841432407, 0.5347812213713071, 0.07064627794372341]], "inverted": true, "swapped": false, "error_lsq": 0.042792972246351625, "error_max": 0.23784144551567823, "target": "1000.xyz", "model": "23.xyz", "model_rescale": 4.410303926677745, "target_rescale": 3.7591878231112084},
{"mapping": [7, 4, 1, 5, 11, 13, 3, 0, 9, 14, 15, 10, 16], "R": [[-0.841663270106717, 0.11815795952228178, -0.5269171057716753], [0.5358018038410366, 0.06125594992450095, -0.8421188369817758], [-0.06722623560753099, -0.9911036298997085, -0.11486613097716353]], "T": [0.01618883353989719, -0.09219230297784532, 0.0021167757183335398], "aligned_model": [[0.1328239374927822, 0.23450367167890523, -0.06943376901895526, 0.4837823588009205, -0.5229473938517606, 0.12969626254201255, 0.33462111128521566, 0.6650374259133286, -0.5300720106261934, -0.3770367442943561, -0.14304043513472825, -0.3766598237672583, 0.05673049496803892], [0.45925835895959843, -0.289657296019307, 0.7314927658179533, -0.500327495006107, 0.1956534437944612, -0.09052024084014076, 0.34271885802936, 0.2883872608360959, -0.3716815778849026, -0.38121049517201205, -0.7854661553860871, 0.03867611455422272, -0.015132413394296551], [-0.35034501888776676, 0.6243953154114719, 0.22694343549036042, 0.10401865788915174, -0.16280272279456748, -0.6916410289935663, 0.722327960826809, 0.06950008869992169, 0.12823108486389242, -0.46691639958205927, -0.05560320694909798, 0.5044387203118705, 0.08493209333676727]], "inverted": false, "swapped": false, "error_lsq": 0.0382270445461022, "error_max": 0.24124718081794636, "target": "1000.xyz", "model": "24.xyz", "model_rescale": 4.28219845311461, "target_rescale": 3.7591878231112084},
{"mapping": [1, 13, 5, 4, 10, 0, 9, 3, 14, 6, 2, 11, 15], "R": [[-0.5514567862035846, 0.5205189326229352, 0.6518860741963235], [0.5767285639586501, 0.8024991778995523, -0.152902691227906], [-0.6027267842598398, 0.2916420927294675, -0.7427417541004204]], "T": [0.044670491978897275, -0.03973682922270611, 0.1698228536986777], "aligned_model": [[0.2889291050768613, 0.13564590195538762, -0.07715107805698329, 0.6662096508818924, -0.7100348570454439, 0.20643579502124598, 0.24384890422500557, 0.7090090451871416, -0.6189181693057112, -0.4660020087568312, -0.06411456975086499, -0.35923406297591454, 0.06338142953216554], [0.35441654174945125, -0.4892773386732567, 0.8013728188093867, -0.322541870909891, 0.14250407179233787, -0.34425168976974535, 0.33347360410851473, 0.3495263891040298, -0.40567393697290094, -0.2327097582151456, -0.682457412892532, 0.18867789608743857, -0.07086818592884943], [-0.27160465895251096, 0.5473851162191177, 0.11528162181431689, -0.09163260211010635, 0.005771310032820082, -0.5695396138863633, 0.6969998793994486, 0.08512469292222782, 0.24653495626765096, -0.547235149972865, -0.03959559357731954, 0.45471738681021545, 0.10527163465655433]], "inverted": true, "swapped": false, "error_lsq": 0.04794661174082246, "error_max": 0.2950667829629924, "target": "1000.xyz", "model": "25.xyz", "model_rescale": 4.100010024507729, "target_rescale": 3.7591878231112084},
{"mapping": [6, 1, 3, 10, 2, 0, 7, 9, 8, 4, 11, 12], "R": [[-0.041874645226019164, -0.7136763182636361, -0.6992228735080517], [-0.19202090426638735, 0.6925388632301647, -0.6953545104769154], [0.9804970608889729, 0.1051476850222248, -0.16604059118948322]], "T": [0.05475796820642004, 0.15195605617945768, 0.005162195608478165], "aligned_model": [[-0.6874865905399699, -0.0814562772186645, 0.4346429499996328, 0.5586328419071789, -0.6986976496215218, -0.018608551459166844, -0.18273107313250797, 0.7287613352762483, 0.10271934513114847, -0.031154575233252588, -0.30330593523565097, 0.05544978248953286], [-0.12383022338633315, -0.6304075186462033, -0.19804688484926686, -0.4547158598907047, 0.5183087960268402, 0.6529410582240491, 0.16059871959400268, 0.2939010117774781, -0.21370587146545256, 0.5825273652775653, -0.0324898123628643, 0.11105060975152858], [0.09775504029119016, 0.06525971182703301, 0.507526522897946, -0.10990053583502818, 0.00905274611447511, 0.27621922300606316, 0.6526485681631682, -0.3267385503330811, -0.7203372263647833, -0.49114292761892997, -0.42499518282410575, 0.029844900530409287]], "inverted": false, "swapped": true, "error_lsq": 0.04718815957629267, "error_max": 0.25633613400712113, "target": "1000.xyz", "model": "26.xyz", "model_rescale": 3.6694154284099745, "target_rescale": 3.7591878231112084},
{"mapping": [10, 1, 8, 2, 9, 11, 5, 4, 3, 12, 6, 7, 13], "R": [[-0.9543133977569318, -0.29874299298622226, 0.006209911694578213], [-0.29015863311246365, 0.9314548927374344, 0.2195444156106036], [-0.0713716084443051, 0.20771231773086715, -0.9755827420423878]], "T": [0.038783897477994975, 0.03277027463801163, 0.09404211008658063], "aligned_model": [[0.2033315326813146, 0.12526509888656678, 0.010448448722367335, 0.49606555569209404, -0.500832019128687, 0.04015990031129586, 0.22083032903282995, 0.736102882852004, -0.6888430044423258, -0.2804746433574825, 0.0018633527366922545, -0.42466170930530445, 0.07874936130658636], [0.40611250629995654, -0.5302719702922831, 0.6655392702035658, -0.3333041543434682, 0.2636958301447389, -0.14174780766652958, 0.15250578324915007, 0.4620897608620669, -0.30406028938387386, -0.49665093957058537, -0.6508680609014071, 0.12658492900633328, 0.002566270681173523], [-0.3480329669074867, 0.7686909712896014, 0.17864526029285804, -0.2509399817821571, -0.2528751506961494, -0.7460275386986496, 0.8546346451912403, 0.023603615822418808, 0.19371900347756266, -0.4034716841010238, 0.14370025505082673, 0.509428081079169, 0.06640446960497634]], "inverted": false, "swapped": false, "error_lsq": 0.04772648205177673, "error_max": 0.25666275141578154, "target": "1000.xyz", "model": "27.xyz", "model_rescale": 4.103607728864725, "target_rescale": 3.7591878231112084},
{"mapping": [6, 2, 9, 13, 5, 11, 3, 10, 1, 8, 4, 0, 14], "R": [[0.1241805651882173, -0.9341818948014056, 0.33448972279397593], [-0.9677137295899523, -0.039504553211710536, 0.2489367948669868], [-0.21933837966174552, -0.35460340903719334, -0.9089263432790148]], "T": [0.14351087895112086, 0.023751487405809624, 0.008216647179932035], "aligned_model": [[0.028900872306609787, 0.06861464695635416, -0.03545811827731579, 0.47788501952967255, -0.4768274361742713, 0.3240953932430348, 0.26049471101369015, 0.5033253054433602, -0.6430068238809683, -0.1951461921035093, -0.01665431273672241, -0.3094533923699981, 0.031235413038014664], [0.4731707852416452, -0.45104767418248526, 0.8115565109696214, -0.4960910294889404, 0.3899957046776074, -0.02382953258239892, 0.10991100120507172, 0.38332331439692086, -0.2814407243310336, -0.5721911871928855, -0.8619027747222876, 0.1670403138649139, -0.0263035795669116], [-0.4232391488890967, 0.565241796360936, 0.14034260576363, -0.18628328776758346, -0.11900740119232642, -0.6529841643698746, 0.7447098065403164, 0.0401063951890899, 0.31005840887267144, -0.4417207858298952, 0.11579418424250831, 0.5411175967945367, 0.1033429739082746]], "inverted": false, "swapped": false, "error_lsq": 0.043513212963756806, "error_max": 0.2582248748941624, "target": "1000.xyz", "model": "28.xyz", "model_rescale": 4.137296879288765, "target_rescale": 3.7591878231112084},
