[{"mapping": [3, 2, 0, 8, 4, 5, 10, 9, 1, 7, 6, 11], "R": [[0.480887388047453, -0.8248305178633789, -0.2973246320406849], [0.876477344989477, 0.4611801540491001, 0.13820394072328665], [0.023125391609566837, -0.32705883616327897, 0.9447209820631834]], "T": [-0.03038049738749821, 0.07693924361430662, -0.015509978510008213], "aligned_model": [[-0.6355782082437503, 0.6255048122905401, 0.2495624386674548, 0.13694811079647337, -0.22248840918359225, 0.13468178417991755, -0.5402852240310745, -0.40506412947722553, 0.636971048696068, 0.10262283512722209, 0.20269267999237273, -0.001651445553724918], [0.274437202805016, 0.24265674014835928, -0.3492176826798751, 0.6872523714374367, 0.07151724158311991, -0.7188230116693807, -0.2831679412921828, 0.4378029507974259, -0.05519705323807325, -0.35830490666735737, 0.404272572518507, 0.016404550109322603], [-0.2777366012560262, -0.45266260343344733, -0.36595772172706664, -0.06672046162794584, -0.7999930050076212, 0.152428131517131, 0.25296968755453364, 0.29872876052461633, 0.18213230571320238, 0.8148369086712369, 0.5875524338732395, -0.03401533857384797]], "inverted": false, "swapped": false, "error_lsq": 0.05128507959777215, "error_max": 0.2799404791791542, "target": "1001.xyz", "model": "0.xyz", "model_rescale": 3.751011558992144, "target_rescale": 3.726123949598847},
{"mapping": [1, 10, 8, 6, 4, 2, 0, 7, 9, 12, 11, 14], "R": [[-0.2551256285654226, 0.3367300035174926, 0.906379511231475], [0.7101000601201493, -0.570975514826978, 0.41200105107320756], [0.656253623431108, 0.7487321725418088, -0.0934415086263311]], "T": [0.06627688632713931, -0.07864816312110072, 0.03308433728889203], "aligned_model": [[-0.5334597066959347, 0.6810061060485003, -0.00431357637332945, -0.1291972661512491, 0.0646485320722331, -0.08248124252945015, -0.6390361830461595, -0.3808111743746488, 0.6939138266705747, 0.12014427883872195, 0.398665727971476, 0.09483697082994708], [0.16048720249312315, 0.31391610960355215, -0.4291496919526209, 0.6462611208360983, 0.18862588067893743, -0.8917417740830278, -0.32867062807122954, 0.2572473001649646, -0.1010416639709568, 0.06515305552117882, 0.5531367316682829, -0.06459060903598385], [-0.229243406835635, -0.34168896262692616, -0.5260077096965516, 0.037788698633169235, -0.7113187147487818, 0.05517281618828445, 0.15769075642917096, 0.3894037551136832, 0.23248349368207316, 0.7599919088674315, 0.38959028898252, 0.07769957223956761]], "inverted": false, "swapped": false, "error_lsq": 0.04826061339259247, "error_max": 0.3100371892508797, "target": "1001.xyz", "model": "1.xyz", "model_rescale": 3.9405287249114394, "target_rescale": 3.726123949598847},
{"mapping": [8, 11, 3, 5, 9, 7, 4, 2, 6, 1, 0, 12], "R": [[0.14650788543849075, -0.4914404623272802, -0.8584996863667982], [0.9760975484695699, -0.06901509007381061, 0.20608370438683263], [-0.16052730414492633, -0.8681723269775723, 0.4695825755863493]], "T": [0.029248866095086867, -0.014212204489242309, 0.004953477373661013], "aligned_model": [[-0.561545070143626, 0.5052433607779383, 0.056827065241730534, 0.13835162381848493, -0.19697136643787022, 0.2469699225284806, -0.5250387167404931, -0.27052745420233476, 0.5541904317345299, -0.16851651262395106, 0.5425355557765807, -0.03760254646878844], [-0.051042714424697946, 0.33965645732349636, -0.4990747275677924, 0.7041315990174492, 0.39666582465918426, -0.7422562278006696, -0.43172023007181176, 0.4959338604580221, -0.13777926619595984, -0.10407312707153869, 0.37140084669631274, 0.02779073883032412], [-0.49534224372659397, -0.38978757731366287, -0.2966214804968851, 0.01740532853877496, -0.6510836851757624, 0.23179988986938002, 0.10569098762304462, 0.3426734467704524, 0.07220842005152141, 0.7665571813634984, 0.5441837966501823, 0.043878432074055715]], "inverted": true, "swapped": false, "error_lsq": 0.06482605793111718, "error_max": 0.3555112979978549, "target": "1001.xyz", "model": "2.xyz", "model_rescale": 3.932901565614263, "target_rescale": 3.726123949598847},
{"mapping": [10, 8, 3, 12, 11, 0, 1, 6, 7, 4, 5, 13], "R": [[0.9081916008265256, -0.12882769821065682, -0.39823540822219394], [-0.3013902855652009, 0.4589262039271065, -0.835793416530654], [0.29043400619603776, 0.8790848443255068, 0.3779655070533818]], "T": [0.06274089379515678, -0.02414486030214349, -0.008871860132553238], "aligned_model": [[-0.4934698370181526, 0.5488799887674674, 0.22699775844879977, -0.10279329961627644, -0.13771988261609736, 0.005693047735713372, -0.5733564578650345, -0.3568053855841635, 0.7302846639697176, 0.18652857092746955, 0.22218172445646778, 0.027495401654770782], [0.3766199422972194, 0.03783661628334847, -0.4112751176843249, 0.7162404856843436, 0.15222177653033933, -0.6484282036322593, -0.39786431287938406, 0.30533257462105434, -0.04655759760658795, -0.26750869878860084, 0.4719777046994748, 0.08103786432769562], [-0.21662805432866022, -0.555327533020752, -0.29841516313674976, 0.07806363560786027, -0.8611740277353496, 0.2276998618537357, -0.07582371513607296, 0.4178807614377871, 0.24336915844848114, 0.8209938263764742, 0.4863459784687166, 0.024577767392534557]], "inverted": true, "swapped": false, "error_lsq": 0.04999280843715112, "error_max": 0.24253353021570503, "target": "1001.xyz", "model": "3.xyz", "model_rescale": 3.9243930471874484, "target_rescale": 3.726123949598847},
{"mapping": [4, 0, 1, 3, 2, 9, 8, 10, 5, 11, 6, 12], "R": [[-0.6909016834867139, -0.6429771692788238, -0.3305075241827564], [0.5519203577019771, -0.7643878654451108, 0.3333093306740581], [-0.46694623085463083, 0.047870146714394796, 0.882989052335416]], "T": [-0.06197173500807222, -0.02251502195217329, 0.06735865025300714], "aligned_model": [[-0.4887334590638681, 0.5202870878611002, 0.29358840670340103, 0.005978995162048681, -0.03731276801922477, -0.10662719393422118, -0.6056401495898175, -0.5215212345788215, 0.6953357278847434, 0.1241571999752548, 0.35208226099612583, 0.0523214198639602], [0.20801860582121942, 0.22072183100573003, -0.467055711262046, 0.6313719352643692, 0.3505933424657504, -0.6724461117445732, -0.33992586117254175, 0.26144810723475415, -0.014798112019651016, -0.2154807375485003, 0.42814388939591375, -0.02095814358810588], [-0.2748342000326759, -0.5028455674749336, -0.36405862009729417, -0.07675212594403152, -0.776084634184069, 0.3380667223273966, 0.07073252752109067, 0.5204667148750735, 0.060361813623298594, 0.8118412447801644, 0.4507414207999148, 0.033927200034070716]], "inverted": false, "swapped": false, "error_lsq": 0.04429401520665922, "error_max": 0.22962383283374263, "target": "1001.xyz", "model": "4.xyz", "model_rescale": 3.8936222436046832, "target_rescale": 3.726123949598847},
{"mapping": [4, 6, 1, 7, 5, 0, 2, 10, 9, 3, 8, 11], "R": [[-0.4495537456019105, 0.6980586033529431, -0.5573290016679836], [-0.17929764469529835, -0.6817510711120569, -0.7092727484150803], [-0.8750735880038955, -0.21892844338390946, 0.43164401102701183]], "T": [0.0585131805137933, 0.08664454308730103, 0.08755652019011993], "aligned_model": [[-0.6355114351552975, 0.562835939215726, 0.11222009317207156, 0.0949159861310201, -0.07403872550830283, 0.1536074282401811, -0.540379221942924, -0.4177420230965578, 0.6307160686659546, 0.023692206073252522, 0.37599118180393576, -0.002391204338378486], [0.14489137231998567, 0.3008827865272252, -0.5163461629641043, 0.7183452165773296, 0.257443022526872, -0.7647420558899469, -0.3493088291340348, 0.38341061975868, -0.12271722981655635, -0.17074592716911624, 0.4056042971171257, 0.08291592399885889], [-0.2939690210735813, -0.49069010384737777, -0.4383964654553577, -0.05164341602931184, -0.6937428646028689, 0.3085005223905145, 0.17937706501854694, 0.3783799653526529, 0.19141915378919766, 0.6002159372316683, 0.6735046581143511, -0.07139293466042847]], "inverted": true, "swapped": false, "error_lsq": 0.03970404846975428, "error_max": 0.19137502776146903, "target": "1001.xyz", "model": "5.xyz", "model_rescale": 3.6523030999806103, "target_rescale": 3.726123949598847},
{"mapping": [5, 6, 9, 1, 8, 11, 7, 3, 10, 4, 2, 12], "R": [[-0.17369967603362985, 0.9703168256760276, -0.16826669413704487], [-0.3289482030130483, 0.10388332192807931, 0.9386167136588148], [0.9282356932806985, 0.2183884457456135, 0.3011394767952498]], "T": [0.011995906353624759, 0.07285812652443034, -0.021057190297490817], "aligned_model": [[-0.529252345443772, 0.5281082850460121, 0.12999006422556564, -0.06432244515004647, 0.040149525830749704, -0.07787532502440593, -0.5407596312955445, -0.4266935872816204, 0.7182670596445329, 0.22847034081303436, 0.3691504563629704, -0.09131610446679472], [0.2614499494480513, 0.3657791810682207, -0.5365238271117411, 0.7585333867580193, 0.13146427494422797, -0.7035955768112454, -0.3151213381188698, 0.1535162891993741, -0.25527927180133914, -0.06702682901408548, 0.4970651495661467, 0.0793716457255593], [-0.38900689370728003, -0.2864808713011819, -0.391724006280924, 0.05894163919897555, -0.6914867509108523, 0.3834323787743083, 0.08263133515474957, 0.5115650885417766, 0.025632717778229588, 0.4914880470878387, 0.49730625673443934, -0.0007364448420742013]], "inverted": false, "swapped": false, "error_lsq": 0.04899014719576265, "error_max": 0.31231500005887514, "target": "1001.xyz", "model": "6.xyz", "model_rescale": 4.08911054899281, "target_rescale": 3.726123949598847},
{"mapping": [12, 4, 7, 10, 5, 2, 13, 11, 6, 1, 9, 14], "R": [[0.5009338272960019, 0.3420868569821752, 0.7950106181370387], [0.8604274333234008, -0.09767401216502081, -0.500124403855773], [-0.09343410862786758, 0.934578177376106, -0.3432691330680225]], "T": [0.11479805656959288, 0.08144360671505095, 0.041184142004020666], "aligned_model": [[-0.5377422702097722, 0.5959318025867318, 0.02486746323026859, -0.17188165975450861, 0.05140339458869775, 0.15279778909714936, -0.49762525178697026, -0.3083744245443748, 0.4838911536806024, 0.02658244997171827, 0.34690342657378936, 0.11716241982734936], [0.166527466026396, 0.3366383816380273, -0.5174082472643893, 0.6971675592736536, 0.1776891540567348, -0.699297513836168, -0.305300488058383, 0.37713658779894715, -0.24482918399030795, -0.1913836184874303, 0.4259576748925027, 0.14673526180273577], [-0.23259273215185827, -0.40629260040588544, -0.44107917808623387, -0.19959304336852984, -0.7119553809481053, 0.2390195945890306, 0.1473030323633839, 0.3205079238821917, -0.03918574143384056, 0.7162614492779941, 0.7060107825283214, 0.19315838998153723]], "inverted": true, "swapped": false, "error_lsq": 0.04865573703834042, "error_max": 0.2568225230980484, "target": "1001.xyz", "model": "7.xyz", "model_rescale": 3.964800864290218, "target_rescale": 3.726123949598847},
{"mapping": [2, 11, 6, 12, 4, 3, 0, 1, 10, 5, 8, 13], "R": [[0.3564289620545642, -0.16967533235236476, -0.9187865239541887], [-0.9315865697186432, 0.010660274593632502, -0.3633632090146723], [0.07144828989246699, 0.9854423575921136, -0.15426763022338513]], "T": [-0.016542868851011253, 0.06506561339834498, 0.019691736082086422], "aligned_model": [[-0.594066381935235, 0.5870386908652254, 0.08738459702653946, 0.1513921177773874, -0.08818538892577077, -0.03269366205004831, -0.5636679654262777, -0.559134241881826, 0.7260772502789326, 0.29380970894730113, 0.24585346832367083, 0.030108100260782016], [0.1984640076475454, 0.14904978587250778, -0.3145224207931108, 0.7604274543121868, 0.16181731017368745, -0.6504999134467279, -0.39730838330391344, 0.20054676626896634, -0.13931123025034148, -0.18208426390580384, 0.49064849296691226, 0.09240542831041025], [-0.2757404693402125, -0.5422417867104459, -0.40647469773629324, -0.2230935347965281, -0.6735613587557745, 0.13660120692334227, 0.014814401376659778, 0.5200509573439488, 0.30583763846557344, 0.7556733517294254, 0.6037165268767221, 0.07598026085158731]], "inverted": true, "swapped": false, "error_lsq": 0.0463574715140773, "error_max": 0.27451530943658187, "target": "1001.xyz", "model": "8.xyz", "model_rescale": 4.121658175737393, "target_rescale": 3.726123949598847},
{"mapping": [2, 10, 0, 11, 3, 4, 1, 6, 5, 9, 7, 12], "R": [[0.5121797568415077, -0.42577523337238166, -0.745913766683836], [-0.853323255974658, -0.35087838657622716, -0.38564722045734], [-0.09752598368938648, 0.8340262636634159, -0.5430367151722432]], "T": [0.0052765981165974266, 0.13627668585834335, 0.05539181518961295], "aligned_model": [[-0.5542940892263785, 0.5685781995148895, 0.06862247858471571, 0.17477171141432335, -0.04957082433482634, 0.022952581033347526, -0.4571505372100385, -0.46158230837684316, 0.5583409771414736, 0.13092361335948585, 0.3336431346229891, -0.0513186432624571], [0.15543269791959707, 0.19640474565051752, -0.4898511729642389, 0.7205223769468914, 0.3915697109152087, -0.7109067012501216, -0.36893318243831247, 0.10111202463932525, -0.13672393664089683, -0.10329606811912873, 0.5450532712912712, 0.06924926790220612], [-0.35553414398953714, -0.4501343986540544, -0.4165991242957182, -0.12615832544971578, -0.6892565737012595, 0.32014790285159683, -0.021131705395940947, 0.5662619142589103, 0.09156306129245045, 0.8427973905744652, 0.47999519626164117, 0.049611302475167166]], "inverted": true, "swapped": false, "error_lsq": 0.0443684604738549, "error_max": 0.24602137328575238, "target": "1001.xyz", "model": "9.xyz", "model_rescale": 3.833441315466971, "target_rescale": 3.726123949598847},
{"mapping": [11, 1, 6, 10, 12, 3, 7, 8, 5, 2, 13, 14], "R": [[-0.5575910719357429, -0.7990606673780523, -0.22493164816648464], [0.6311800214722454, -0.5840989355059523, 0.5103334341732958], [-0.5391697107514899, 0.14258500408582755, 0.8300394807585958]], "T": [0.0463649363617618, 0.013154552925769208, -0.03752598371246611], "aligned_model": [[-0.5853390544747402, 0.6136148785915505, 0.2320421081817658, -0.2245716847648236, -0.021629362040404013, -0.08696266605083063, -0.5198448781241889, -0.47899742410829477, 0.6660311552128553, 0.19114282108668595, 0.4902478114994599, 0.008182588251645716], [0.1733674687088662, 0.16810296983899325, -0.37447589674399534, 0.7887572630752647, 0.1937070101866827, -0.7322264185925492, -0.337839415368438, 0.36516264118807445, -0.08642060217655187, -0.12280466464632898, 0.37433397278582187, -0.04003129440352117], [-0.23906746981665628, -0.48454659179470233, -0.5633550342589877, -0.009455948779519982, -0.6083128466241977, 0.3878594973290824, -0.026405867585080962, 0.4181537924198389, 0.2145330712094869, 0.6532740670832718, 0.5176352192220521, 0.03125060782341808]], "inverted": false, "swapped": false, "error_lsq": 0.03935866979675101, "error_max": 0.19891872229545848, "target": "1001.xyz", "model": "10.xyz", "model_rescale": 4.2482417240324, "target_rescale": 3.726123949598847},
{"mapping": [8, 2, 1, 7, 3, 0, 10, 9, 6, 4, 5, 11], "R": [[0.09980790030765249, 0.042148346190553854, 0.9941136252710647], [0.8282711609549146, 0.5501169094464972, -0.10648131231081051], [-0.5513667263868718, 0.8340233227281091, 0.01999575402401013]], "T": [0.05836566602724619, 0.004912957857797249, -0.026938304788256217], "aligned_model": [[-0.4511321479683342, 0.6433574373297668, 0.12169674158862402, -0.11653047833432201, -0.07686224865686242, -0.04046246966424959, -0.4908519042851249, -0.5003575289965554, 0.6210286153507303, 0.18494071177340762, 0.3672377150625172, 0.021851850061083526], [-0.02143722917450656, 0.19173547292292006, -0.4729987721091534, 0.6581444820023629, 0.390648654380558, -0.7355915791089089, -0.2260876031052519, 0.36063255951772144, -0.17122161962593682, -0.0984177142433039, 0.4547321773409743, 0.039494205054843357], [-0.3683698120219934, -0.44002335869091025, -0.5434033152066167, -0.06238066992628019, -0.7276472386331397, 0.09846307583141421, 0.21801304513540656, 0.4635745477204275, 0.24300456734620313, 0.8327948574369411, 0.48924664019738406, 0.08829015703916902]], "inverted": false, "swapped": false, "error_lsq": 0.04687996068715638, "error_max": 0.3164371691555071, "target": "1001.xyz", "model": "11.xyz", "model_rescale": 3.6694154284099745, "target_rescale": 3.726123949598847},
{"mapping": [9, 4, 6, 8, 11, 5, 7, 10, 0, 12, 1, 13], "R": [[-0.3329853905822142, 0.24150012249684666, 0.9114814427583363], [-0.46022090121461806, -0.8853150488947692, 0.0664378377557336], [0.8229929840187066, -0.3973599816721112, 0.4059403813634761]], "T": [0.029612721395228817, 0.05859354821681677, 0.04966982092198894], "aligned_model": [[-0.6724027304291486, 0.6241393655783988, 0.16462070471446605, -0.1973402745728905, -0.08573919859752337, 0.035648612614852006, -0.5715669430543235, -0.4925994088808843, 0.6600532318536165, 0.023288246148854316, 0.646910132855217, 0.14890455503004718], [0.2665069790628532, 0.2803084063049023, -0.3465056086408255, 0.7457897320187112, 0.19381172815222392, -0.7241431870797594, -0.3777663686558715, 0.17326933724652277, -0.2614897049189586, -0.08058834324174514, 0.45669443769856893, 0.043745625905696355], [-0.2799247445121735, -0.33119661342156237, -0.3211702402997861, -0.17135414587866696, -0.6668764980804994, 0.2281566935796842, 0.031275461223205576, 0.3927044280847947, 0.15373392741623124, 0.7147689882416932, 0.47030396325971885, 0.07114127661536573]], "inverted": true, "swapped": false, "error_lsq": 0.03496222198895523, "error_max": 0.2015865231844056, "target": "1001.xyz", "model": "12.xyz", "model_rescale": 3.9764082729961374, "target_rescale": 3.726123949598847},
{"mapping": [4, 12, 9, 6, 5, 2, 7, 3, 1, 8, 11, 15], "R": [[0.10280906603535586, -0.8983668425017094, 0.42704485974478956], [0.5609764504573972, 0.4068971741258651, 0.7209300324723649], [-0.8214229835919844, 0.16544396629038643, 0.5457953609595343]], "T": [0.09243973686575106, 0.10948295039064902, -0.018702588778670936], "aligned_model": [[-0.5657595445783616, 0.6871561636713612, 0.23439516646439823, -0.17061689615988102, -0.08162474554188177, 0.03283237760384672, -0.5255503056742992, -0.3487607549579734, 0.5332523507798624, 0.16731407269277404, 0.3277889958116662, -0.006510586850830516], [0.1296963085428462, 0.14879959974953988, -0.24411237621720938, 0.7695977417182659, 0.14066792503725273, -0.6433798200312578, -0.28181497668154004, 0.2372446101505391, -0.33995719573818134, -0.14288373662092746, 0.4561671844262998, 0.13960776951669132], [-0.3054583172966776, -0.24669405291499635, -0.4838027151237061, -0.2992528976199666, -0.838185937697471, 0.23801539956767148, 0.17105498949778428, 0.6866076490766386, 0.06502537980351629, 0.6373139702881045, 0.6558086912857424, 0.011130337361365338]], "inverted": false, "swapped": false, "error_lsq": 0.049905374118306346, "error_max": 0.2750676111147924, "target": "1001.xyz", "model": "13.xyz", "model_rescale": 4.170626492500431, "target_rescale": 3.726123949598847},
{"mapping": [12, 6, 11, 4, 5, 9, 10, 8, 3, 0, 2, 13], "R": [[-0.8314928452837917, -0.24679085965769038, -0.497708669636448], [0.2269879659610085, 0.666783180571269, -0.7098426962476595], [0.5070464589667784, -0.7032030017688214, -0.49840688874911265]], "T": [0.034788564964982935, 0.009633341680716698, 0.1868152292949835], "aligned_model": [[-0.5044740897412224, 0.5632472703209483, 0.16363198974823057, -0.15620104389571787, -0.012438561013641644, -0.0220045286184445, -0.4280617299872236, -0.6360198633717442, 0.6631287776960137, 0.1075089059231736, 0.48736348167004157, 0.058235684530267694], [0.18209689477551314, 0.22085099929393423, -0.38546975315300724, 0.6902502931348476, 0.20987843886227187, -0.7955847634218488, -0.3012507786461841, 0.2786030158439582, -0.26758772794884134, 0.10375378443588895, 0.43979911270657956, -0.00570648203079302], [-0.2770362914304607, -0.43254554188443983, -0.3849824337590749, 0.1289648594297648, -0.6991256987486281, 0.11822378522113197, 0.1005077952811414, 0.3577762179966559, 0.12508468540907322, 0.7713761763264949, 0.39433756892009136, 0.08898137346625491]], "inverted": false, "swapped": false, "error_lsq": 0.04407370707829805, "error_max": 0.2468495053116976, "target": "1001.xyz", "model": "14.xyz", "model_rescale": 3.9786697098870705, "target_rescale": 3.726123949598847},
{"mapping": [9, 2, 0, 8, 3, 1, 6, 7, 4, 10, 5, 11], "R": [[-0.26689072942813763, -0.5467869229806971, 0.7935952365044905], [-0.8508587899578515, -0.25300142529913117, -0.46046671795914745], [0.45255790579413985, -0.798131780882023, -0.3977147247076892]], "T": [-0.010246613142731429, 0.009268997678836276, 0.052819382963416206], "aligned_model": [[-0.4666130515462531, 0.6650790133088058, 0.21608968153548183, 0.035797122077317015, -0.06123016749280551, -0.06976938707284835, -0.7258529576633939, -0.32915049291977294, 0.5656730644535197, 0.15492955534415406, 0.40070642014105423, -0.10174250690457798], [0.06531668102311086, 0.3109458415989651, -0.3722872167051039, 0.5126706930446944, 0.3350126955634432, -0.64236614966183, -0.30577371798528263, 0.2667572011420287, -0.09639046759223638, -0.2998836805317905, 0.6236555687845785, -0.028024414828258733], [-0.3667072540214708, -0.4019044852986997, -0.4828972614066062, -0.07638910581251712, -0.8053419962520274, 0.23309907018944356, 0.17935529799416228, 0.5713520684627436, 0.23189292217903731, 0.8074467369707272, 0.3663577911524801, 0.035298712070732166]], "inverted": true, "swapped": false, "error_lsq": 0.0510321532747799, "error_max": 0.24396791547760555, "target": "1001.xyz", "model": "15.xyz", "model_rescale": 3.769337070930944, "target_rescale": 3.726123949598847},
{"mapping": [3, 10, 0, 7, 4, 1, 2, 8, 6, 9, 11], "R": [[-0.3711948875361835, 0.5697685455220318, 0.733197217671145], [0.9284129677479149, 0.2415426177224459, 0.28232344065149334], [-0.016239359116325347, 0.7855068226040411, -0.6186398910982014]], "T": [0.04370457546372856, 0.09719935888872785, 0.052053680262848415], "aligned_model": [[-0.3447188430322585, -0.4590557104098388, -0.11222696471993707, -0.573688455498274, 0.48834549496667395, 0.4648899973189931, 0.6550943201294801, 0.27293326326323575, -0.017082101488285234, -0.4004805655775845, -0.051384304261034124], [-0.003114976657383625, -0.5994081864955371, 0.7082993599131258, 0.3256973669917296, 0.31749488668491477, -0.41928893205043105, 0.17132306811819148, -0.4860395778904646, 0.6758565301808206, -0.15787117077464732, 0.06311612960502352], [-0.5434856103757321, -0.005880319604480919, -0.30742385301903263, 0.11546255574975618, -0.5437498711042019, -0.37974858068090794, 0.04128768845964821, 0.32895694962991723, 0.363082969488268, 0.6325274366840404, 0.043188241996502466]], "inverted": true, "swapped": true, "error_lsq": 0.05158767305902518, "error_max": 0.29377684059814674, "target": "1001.xyz", "model": "16.xyz", "model_rescale": 3.7852294659196426, "target_rescale": 3.726123949598847},
{"mapping": [10, 8, 11, 0, 9, 7, 6, 4, 2, 1, 3, 12], "R": [[-0.6600442113483105, 0.7198603602518341, -0.21480852125483052], [0.022224913447451977, 0.30453044517115335, 0.9522432783622643], [0.7508979240135376, 0.6237485628856865, -0.21700239171539226]], "T": [0.04590424988450915, 0.044545130893990224, 0.09650403388939983], "aligned_model": [[-0.6433227968310703, 0.47128081096203367, 0.22089792856893212, -0.016885340512941084, -0.04277366102197493, 0.00041379091154478825, -0.581496089129426, -0.44808261274158034, 0.5468637599950844, 0.1818351213038646, 0.5869899181575781, 0.008195463598635676], [0.059425063408727795, 0.21553263055568167, -0.4380811281337062, 0.7200171537273081, 0.3713021325673585, -0.6433474416589717, -0.5631759877090342, 0.4139692175151802, -0.27435385093432585, -0.038799337752554904, 0.5066438123423055, 0.04050076992434974], [-0.32062872790619146, -0.3661232107663508, -0.4273100370849275, 0.02205828554936591, -0.6988750427064919, 0.22363165459126938, -0.059819644774688555, 0.44477046762444555, 0.24289402551760086, 0.7664522796429575, 0.4517313967934575, 0.012781049747558754]], "inverted": true, "swapped": false, "error_lsq": 0.04517902057768832, "error_max": 0.25337433056753816, "target": "1001.xyz", "model": "17.xyz", "model_rescale": 3.901054581598922, "target_rescale": 3.726123949598847},
{"mapping": [1, 10, 8, 6, 4, 2, 0, 7, 9, 12, 11, 14], "R": [[-0.2551256285654226, 0.3367300035174926, 0.906379511231475], [0.7101000601201493, -0.570975514826978, 0.41200105107320756], [0.656253623431108, 0.7487321725418088, -0.0934415086263311]], "T": [0.06627688632713931, -0.07864816312110072, 0.03308433728889203], "aligned_model": [[-0.5334597066959347, 0.6810061060485003, -0.00431357637332945, -0.1291972661512491, 0.0646485320722331, -0.08248124252945015, -0.6390361830461595, -0.3808111743746488, 0.6939138266705747, 0.12014427883872195, 0.398665727971476, 0.09483697082994708], [0.16048720249312315, 0.31391610960355215, -0.4291496919526209, 0.6462611208360983, 0.18862588067893743, -0.8917417740830278, -0.32867062807122954, 0.2572473001649646, -0.1010416639709568, 0.06515305552117882, 0.5531367316682829, -0.06459060903598385], [-0.229243406835635, -0.34168896262692616, -0.5260077096965516, 0.037788698633169235, -0.7113187147487818, 0.05517281618828445, 0.15769075642917096, 0.3894037551136832, 0.23248349368207316, 0.7599919088674315, 0.38959028898252, 0.07769957223956761]], "inverted": false, "swapped": false, "error_lsq": 0.04826061339259247, "error_max": 0.3100371892508797, "target": "1001.xyz", "model": "18.xyz", "model_rescale": 3.9405287249114394, "target_rescale": 3.726123949598847},
{"mapping": [3, 13, 11, 12, 14, 5, 2, 1, 9, 8, 4, 15], "R": [[0.3986187304875291, -0.9018950185831078, -0.16639856717978846], [0.7622694481306918, 0.42670161303098225, -0.486693971488541], [0.5099494054816043, 0.06716478907682072, 0.8575782733705566]], "T": [0.05598148949886145, 0.11977364949863628, 0.08004560064386437], "aligned_model": [[-0.6485159683962578, 0.5419230398687882, 0.23739799998250358, -0.03881566895031849, -0.014481045883772733, 0.05106080961555386, -0.5448903363603683, -0.5349079257898393, 0.6331512906779995, 0.20668651205429966, 0.36561770164393137, 0.029689884798161724], [0.4174308221402098, 0.19876535739571977, -0.36874177016941695, 0.6375050246543201, 0.25433095231847397, -0.6743132500955082, -0.5070865445418022, 0.26969627316797623, -0.3859000694268337, -0.2134354668412019, 0.6500873974408705, 0.0912943078095116], [-0.2948038815063774, -0.37706594491098255, -0.4176028057338721, -0.07196355743142563, -0.6793412081969841, 0.3263470938616535, 0.11644105405807678, 0.33281492194555573, 0.06666809895429804, 0.7422629641285031, 0.4769810783829955, 0.0708246826765647]], "inverted": true, "swapped": false, "error_lsq": 0.040076209901014924, "error_max": 0.20535549150608023, "target": "1001.xyz", "model": "19.xyz", "model_rescale": 4.410303926677745, "target_rescale": 3.726123949598847},
{"mapping": [2, 11, 6, 12, 4, 3, 0, 1, 10, 5, 8, 13], "R": [[0.3564289620545642, -0.16967533235236476, -0.9187865239541887], [-0.9315865697186432, 0.010660274593632502, -0.3633632090146723], [0.07144828989246699, 0.9854423575921136, -0.15426763022338513]], "T": [-0.016542868851011253, 0.06506561339834498, 0.019691736082086422], "aligned_model": [[-0.594066381935235, 0.5870386908652254, 0.08738459702653946, 0.1513921177773874, -0.08818538892577077, -0.03269366205004831, -0.5636679654262777, -0.559134241881826, 0.7260772502789326, 0.29380970894730113, 0.24585346832367083, 0.030108100260782016], [0.1984640076475454, 0.14904978587250778, -0.3145224207931108, 0.7604274543121868, 0.16181731017368745, -0.6504999134467279, -0.39730838330391344, 0.20054676626896634, -0.13931123025034148, -0.18208426390580384, 0.49064849296691226, 0.09240542831041025], [-0.2757404693402125, -0.5422417867104459, -0.40647469773629324, -0.2230935347965281, -0.6735613587557745, 0.13660120692334227, 0.014814401376659778, 0.5200509573439488, 0.30583763846557344, 0.7556733517294254, 0.6037165268767221, 0.07598026085158731]], "inverted": true, "swapped": false, "error_lsq": 0.0463574715140773, "error_max": 0.27451530943658187, "target": "1001.xyz", "model": "20.xyz", "model_rescale": 4.121658175737393, "target_rescale": 3.726123949598847},
{"mapping": [5, 6, 9, 1, 8, 11, 7, 3, 10, 4, 2, 12], "R": [[-0.17369967603362985, 0.9703168256760276, -0.16826669413704487], [-0.3289482030130483, 0.10388332192807931, 0.9386167136588148], [0.9282356932806985, 0.2183884457456135, 0.3011394767952498]], "T": [0.011995906353624759, 0.07285812652443034, -0.021057190297490817], "aligned_model": [[-0.529252345443772, 0.5281082850460121, 0.12999006422556564, -0.06432244515004647, 0.040149525830749704, -0.07787532502440593, -0.5407596312955445, -0.4266935872816204, 0.7182670596445329, 0.22847034081303436, 0.3691504563629704, -0.09131610446679472], [0.2614499494480513, 0.3657791810682207, -0.5365238271117411, 0.7585333867580193, 0.13146427494422797, -0.7035955768112454, -0.3151213381188698, 0.1535162891993741, -0.25527927180133914, -0.06702682901408548, 0.4970651495661467, 0.0793716457255593], [-0.38900689370728003, -0.2864808713011819, -0.391724006280924, 0.05894163919897555, -0.6914867509108523, 0.3834323787743083, 0.08263133515474957, 0.5115650885417766, 0.025632717778229588, 0.4914880470878387, 0.49730625673443934, -0.0007364448420742013]], "inverted": false, "swapped": false, "error_lsq": 0.04899014719576265, "error_max": 0.31231500005887514, "target": "1001.xyz", "model": "21.xyz", "model_rescale": 4.08911054899281, "target_rescale": 3.726123949598847},
{"mapping": [12, 0, 6, 13, 7, 11, 9, 14, 1, 15, 2, 16], "R": [[-0.7024883598079139, -0.6806302030349545, -0.20797266899999994], [0.6872650107278777, -0.7246710676241832, 0.05018614129056569], [-0.1848699796170195, -0.10767715851109258, 0.9768463134860979]], "T": [0.010875542851342703, -0.017544121166903816, 0.007495570059983341], "aligned_model": [[-0.6279656365281098, 0.5968058149310385, 0.2851558110826271, -0.13562948425949334, -0.10972513144106377, 0.15050251767646963, -0.6482825629569225, -0.42716857286490023, 0.7241761549927744, 0.02924363282183975, 0.4174297168405254, 0.029374032965896066], [0.30843877610011083, 0.25124802516159334, -0.278724859874715, 0.5831923278711187, 0.2148240896780942, -0.6559238108069234, -0.2714968137994196, 0.25120528499881567, -0.24313694370286343, -0.11268762049042848, 0.30334746899376164, 0.019347109723174192], [-0.16739469339844448, -0.4220575657823798, -0.6344694482536202, -0.22570383357707285, -0.6537582994624149, 0.40607894905958863, 0.10004951656942836, 0.39183096436944775, 0.27265306364626185, 0.7300724488081782, 0.5104827670634314, -0.01622137281439891]], "inverted": false, "swapped": false, "error_lsq": 0.042853153634709006, "error_max": 0.22712059906511434, "target": "1001.xyz", "model": "22.xyz", "model_rescale": 4.204369325754507, "target_rescale": 3.726123949598847},
{"mapping": [3, 13, 11, 12, 14, 5, 2, 1, 9, 8, 4, 15], "R": [[0.3986187304875291, -0.9018950185831078, -0.16639856717978846], [0.7622694481306918, 0.42670161303098225, -0.486693971488541], [0.5099494054816043, 0.06716478907682072, 0.8575782733705566]], "T": [0.05598148949886145, 0.11977364949863628, 0.08004560064386437], "aligned_model": [[-0.6485159683962578, 0.5419230398687882, 0.23739799998250358, -0.03881566895031849, -0.014481045883772733, 0.05106080961555386, -0.5448903363603683, -0.5349079257898393, 0.6331512906779995, 0.20668651205429966, 0.36561770164393137, 0.029689884798161724], [0.4174308221402098, 0.19876535739571977, -0.36874177016941695, 0.6375050246543201, 0.25433095231847397, -0.6743132500955082, -0.5070865445418022, 0.26969627316797623, -0.3859000694268337, -0.2134354668412019, 0.6500873974408705, 0.0912943078095116], [-0.2948038815063774, -0.37706594491098255, -0.4176028057338721, -0.07196355743142563, -0.6793412081969841, 0.3263470938616535, 0.11644105405807678, 0.33281492194555573, 0.06666809895429804, 0.7422629641285031, 0.4769810783829955, 0.0708246826765647]], "inverted": true, "swapped": false, "error_lsq": 0.040076209901014924, "error_max": 0.20535549150608023, "target": "1001.xyz", "model": "23.xyz", "model_rescale": 4.410303926677745, "target_rescale": 3.726123949598847},
{"mapping": [13, 9, 11, 5, 14, 1, 7, 0, 10, 3, 4, 16], "R": [[0.2957920633480087, -0.8139026084254883, 0.5000695944151315], [-0.8768765357863493, -0.023680582455869514, 0.4801320349673436], [-0.3789387763843378, -0.580518538905294, -0.72069662808952]], "T": [0.014741421244094308, 0.14086369938864687, -0.06415991280417954], "aligned_model": [[-0.5608465449150154, 0.5265244333366584, 0.1326412081077068, -0.06798786752201294, 0.0022991833843709376, -0.026564780998103468, -0.48563020252864436, -0.4499435224597519, 0.5793040993564817, 0.2103077160212494, 0.397425834846755, 0.026386736630986823], [0.17522076952685675, 0.1255938151700452, -0.37567099547872806, 0.7265055155197339, 0.1915096800366008, -0.6155245131288959, -0.29535652141975244, 0.12236677344023758, -0.14947879816265588, -0.06674743622918014, 0.43601621016373115, 0.09519853441432585], [-0.4662851529638528, -0.4250822906055524, -0.41058888945963395, 0.14980634950572003, -0.7390155754283326, 0.33896044042941853, -0.02850807185308485, 0.530912837295823, 0.07990313892614967, 0.7890120659601682, 0.4260665735874699, 0.0463810708337125]], "inverted": false, "swapped": false, "error_lsq": 0.040800572219707086, "error_max": 0.20566911280104358, "target": "1001.xyz", "model": "24.xyz", "model_rescale": 4.28219845311461, "target_rescale": 3.726123949598847},
{"mapping": [13, 3, 4, 9, 7, 0, 2, 11, 1, 8, 5, 15], "R": [[-0.3906397364450226, -0.7229336210083045, -0.5698838266927608], [0.11824679066366833, -0.6533516417673741, 0.7477628826691116], [-0.9129174622099778, 0.224718961851683, 0.3407096936930266]], "T": [-0.12204371732114581, 0.049730968357967115, 0.09410267702040603], "aligned_model": [[-0.5656252242698365, 0.5491831084170619, 0.12281169650603597, 0.01595937445391822, -0.08831128407510558, 0.0764920148000265, -0.5478352594583868, -0.30060221073005433, 0.48882867980695943, 0.19684125682491915, 0.4417068158794034, -0.10553267489426016], [0.09436188730682232, 0.14798482481080658, -0.3763295748392693, 0.6770785232140669, 0.2793513047955335, -0.7414864975106871, -0.4791111899394035, 0.44603681897473435, -0.10623196906480709, -0.044686095012934135, 0.49498231728412423, -0.0223173161666686], [-0.2985294468613695, -0.2798573114294001, -0.44734613207950097, -0.11628714201907514, -0.6486507341409466, 0.10471666831969259, 0.0057422863485200315, 0.42202890111213043, 0.20540351000962268, 0.7034825653799601, 0.5515054027552616, 0.08935392883311008]], "inverted": false, "swapped": false, "error_lsq": 0.04407503185168261, "error_max": 0.2434061624251673, "target": "1001.xyz", "model": "25.xyz", "model_rescale": 4.100010024507729, "target_rescale": 3.726123949598847},
{"mapping": [8, 2, 1, 7, 3, 0, 10, 9, 6, 4, 5, 11], "R": [[0.09980790030765249, 0.042148346190553854, 0.9941136252710647], [0.8282711609549146, 0.5501169094464972, -0.10648131231081051], [-0.5513667263868718, 0.8340233227281091, 0.01999575402401013]], "T": [0.05836566602724619, 0.004912957857797249, -0.026938304788256217], "aligned_model": [[-0.4511321479683342, 0.6433574373297668, 0.12169674158862402, -0.11653047833432201, -0.07686224865686242, -0.04046246966424959, -0.4908519042851249, -0.5003575289965554, 0.6210286153507303, 0.18494071177340762, 0.3672377150625172, 0.021851850061083526], [-0.02143722917450656, 0.19173547292292006, -0.4729987721091534, 0.6581444820023629, 0.390648654380558, -0.7355915791089089, -0.2260876031052519, 0.36063255951772144, -0.17122161962593682, -0.0984177142433039, 0.4547321773409743, 0.039494205054843357], [-0.3683698120219934, -0.44002335869091025, -0.5434033152066167, -0.06238066992628019, -0.7276472386331397, 0.09846307583141421, 0.21801304513540656, 0.4635745477204275, 0.24300456734620313, 0.8327948574369411, 0.48924664019738406, 0.08829015703916902]], "inverted": false, "swapped": false, "error_lsq": 0.04687996068715638, "error_max": 0.3164371691555071, "target": "1001.xyz", "model": "26.xyz", "model_rescale": 3.6694154284099745, "target_rescale": 3.726123949598847},
{"mapping": [8, 1, 0, 7, 5, 2, 10, 9, 6, 12, 3, 13], "R": [[0.27160737483905883, -0.7715228570516646, -0.5753102771373652], [0.6767363175163259, 0.5781418205100188, -0.45582890642411455], [0.6842933511933883, -0.26552686572962453, 0.6791451193142186]], "T": [-0.09551054301950958, -0.017049565816722758, 0.010080630155518737], "aligned_model": [[-0.6468322249288961, 0.6792715510185052, 0.1560137411253238, -0.008689468280328252, 0.07826562101882599, 0.0962362034395383, -0.6144052295039297, -0.42379952247201014, 0.5561458224908634, 0.2139888047703637, 0.27716787195686965, -0.07944687737444414], [0.2030996485667286, 0.12406481808821934, -0.37950596304025525, 0.600859987105042, 0.25524470487548273, -0.6594415852110032, -0.290151190739893, 0.30289594772871153, -0.12657000015152783, -0.13994173490052506, 0.5505403700456041, -0.07146196851426516], [-0.2264271263621134, -0.38922638344297367, -0.4821532956666532, -0.07225047033270554, -0.7121632169497866, 0.12275416229235658, 0.1444477641399723, 0.5147832651818646, 0.19592919097135697, 0.730386455380451, 0.4480117709208633, 0.017470380095372925]], "inverted": false, "swapped": false, "error_lsq": 0.038133594345317566, "error_max": 0.20564809763128888, "target": "1001.xyz", "model": "27.xyz", "model_rescale": 4.103607728864725, "target_rescale": 3.726123949598847},
{"mapping": [11, 9, 5, 10, 6, 1, 8, 13, 0, 2, 3, 14], "R": [[0.7777782731284699, 0.030807893190228544, 0.6277832679886227], [0.24647916940696302, 0.9038474087989867, -0.34972543610068024], [-0.5781945839401724, 0.4267443442209126, 0.695399372862612]], "T": [-0.05810385325493729, 0.1532193629117205, 0.04099875012068796], "aligned_model": [[-0.6340123694049571, 0.5617847071735504, 0.23740156433294546, 0.08080994639313048, -0.08220155741338049, 0.2050240466214025, -0.6585776794168509, -0.6079401838665268, 0.5541668645056257, 0.09791446264615959, 0.5148269573634776, 0.014719534326104747], [0.2666174889385817, 0.2787621506203144, -0.2990415619933829, 0.619825853027604, 0.18445633877241008, -0.6719648979313138, -0.4027942763879135, 0.26559177645868814, -0.18638663671773747, -0.05644691581600614, 0.33498349078960765, 0.03603022409146603], [-0.31611674870114403, -0.4787137734509913, -0.45223244755648684, -0.10985421125171796, -0.5912281196382937, 0.2705537022312252, 0.09159513155126435, 0.3649200108722991, 0.18058411529300275, 0.7287625488917006, 0.49071303789429865, 0.1125792500928487]], "inverted": true, "swapped": false, "error_lsq": 0.03739344144143802, "error_max": 0.179902920525367, "target": "1001.xyz", "model": "28.xyz", "model_rescale": 4.137296879288765, "target_rescale": 3.726123949598847},
{"mapping": [10, 9, 5, 6, 2, 8, 1, 7, 0, 3, 11], "R": [[0.9615883566839536, 0.2728421383479849, 0.030083215113297618], [0.03469959179269075, -0.01210894968438845, -0.9993244276344704], [-0.2722935376010134, 0.961982609447406, -0.02111133585269966]], "T": [-0.017017595724233524, 0.0870688612528166, -0.02560776807023038], "aligned_model": [[0.5769313252371364, 0.045436878094166834, -0.1410132831346509, -0.6435850687154319, 0.02293005106461103, 0.538320870401075, 0.6358375741608373, -0.36020276703595194, -0.5712795736969585, 0.11756161356883932, 0.0004813907662252828], [-0.43214821239790796, -0.6646780329639255, -0.16308818772786615, -0.001514624394455183, 0.5724172224967133, -0.056305919089354395, 0.5360123336462876, -0.3582959864075975, 0.3428601098120225, 0.1315990588002354, 0.012290054873799916], [0.31939170351920887, -0.19964007039920742, -0.7351213219002881, -0.21227466014996765, -0.4027666264917068, -0.4003499857015005, 0.027687565369184472, 0.32264540210653114, 0.36726173996619194, 0.6783157097161763, 0.040604565748376356]], "inverted": false, "swapped": true, "error_lsq": 0.04256022003185865, "error_max": 0.22299811000002623, "target": "1001.xyz", "model": "29.xyz", "model_rescale": 3.607286011436655, "target_rescale": 3.726123949598847},
