[{"mapping": [4, 5, 11, 6, 10, 0, 7, 1, 9, 8, 2, 12], "R": [[-0.31529515365024136, 0.5244702066958371, 0.7908982035465099], [0.5662178114601746, -0.5648432679239929, 0.6002911565783678], [0.7615683528547658, 0.6370895423481461, -0.1188720276629825]], "T": [-0.09448839361089656, -0.062106976814962744, 0.025489146178474982], "aligned_model": [[-0.21791427226770926, 0.2593068604312476, 0.3753350006346132, -0.0080202530844658, -0.15378230938286505, -0.7289774188424313, 0.4914423869741149, -0.41525252938923984, 0.6208861258273143, 0.0953613974261058, -0.4381256358923437, -0.04261688997379219], [-0.416025547875337, -0.6834117150624683, -0.1517367494683364, 0.6288299794103545, 0.23246869067947717, -0.5098525386199266, -0.19995533947549812, -0.57824638302327, 0.22899736432895434, 0.3702616649634142, 0.15424115931335564, -0.022015549193662186], [-0.44740684273650594, 0.06877271606177329, -0.5558237572467315, -0.17630741255141552, -0.6877826537786028, -0.16989927417041956, 0.4441728704702295, 0.5663355875811307, -0.031983834496713236, 0.5947190291447124, 0.564830357704018, 0.012324959372086592]], "inverted": false, "swapped": true, "error_lsq": 0.04595385111246397, "error_max": 0.23990785050807215, "target": "1002.xyz", "model": "0.xyz", "model_rescale": 3.751011558992144, "target_rescale": 3.8151274772297974},
{"mapping": [13, 2, 0, 12, 9, 5, 6, 8, 1, 4, 11, 10, 14], "R": [[-0.32818164379448017, 0.2139264457694834, 0.9200718909285239], [0.94115840671867, 0.15729624395863856, 0.299129980274929], [-0.08073203911166779, 0.9641023635677599, -0.25296041276043846]], "T": [0.030878347545232526, -0.0014286356430582953, 0.01892346056500795], "aligned_model": [[-0.20285001088490293, 0.2006404081736913, 0.752486486492921, 0.07674898416746556, -0.5616083268097253, -0.3978214863671733, 0.20769040696773458, 0.030185374090151318, 0.5816922809424611, -0.07898026336675348, -0.2628464608996641, -0.6397993650034344, 0.008575104624616917], [0.013247036696597646, 0.5660224120778025, 0.14510039074054984, -0.6211224598077932, -0.179488759313911, 0.3669146385188655, -0.497043589822051, 0.6459979094468157, 0.0667101636415544, 0.3377851091022272, -0.7249084216043324, -0.06339566652113639, -0.04525539397800379], [-0.6685777230030729, -0.5580672267080063, -0.16360176161267018, -0.38832407234976457, -0.20788869608541682, -0.24683156154891164, 0.5544877033100493, 0.16472003336647278, 0.4404049717174678, 0.7249256495801536, 0.18334281811184247, 0.48668968540761454, -0.005275569424679362]], "inverted": true, "swapped": false, "error_lsq": 0.04331900640395781, "error_max": 0.2489863337648139, "target": "1002.xyz", "model": "1.xyz", "model_rescale": 3.9405287249114394, "target_rescale": 3.8151274772297974},
{"mapping": [8, 9, 2, 4, 3, 11, 1, 5, 2, 0, 7, 6, 12], "R": [[-0.3243794480578187, 0.06584114579143585, -0.9436328296528136], [-0.9412572325053585, -0.12146907828093356, 0.31508742481719915], [-0.0938764929791191, 0.9904091106923703, 0.10137552724148996]], "T": [-0.10390459360800822, -0.03992264773381369, -0.0052941646858609], "aligned_model": [[0.08428394107989953, -0.020886310616166526, 0.5294178273619198, 0.1307194922719708, -0.5092230550248036, -0.44594510032619206, 0.33552668850368883, 0.19241145657292105, 0.5294178273619198, -0.038199294232221695, -0.5366238670557888, -0.5208031869538748, -0.015983286815883874], [-0.07469979299979917, 0.493941173529189, 0.15022896185762227, -0.6269360229908593, -0.31823763973151853, 0.5849141558031545, -0.4929361056694982, 0.6004030695827693, 0.15022896185762227, 0.2469526106588997, -0.6712821395890419, 0.011455123024878326, -0.04346898615623379], [-0.7563370367570423, -0.6040248989275654, 0.1587628497578572, -0.30871228787089006, -0.2969401635148016, 0.008902657030803132, 0.47314630976115934, 0.16864851128793606, 0.1587628497578572, 0.779763405197986, 0.202188546852412, 0.33954142066972376, -0.0076979124843565136]], "inverted": false, "swapped": false, "error_lsq": 0.05749649184919292, "error_max": 0.3969178219605854, "target": "1002.xyz", "model": "2.xyz", "model_rescale": 3.932901565614263, "target_rescale": 3.8151274772297974},
{"mapping": [0, 4, 6, 1, 3, 7, 10, 5, 12, 9, 11, 8, 13], "R": [[-0.6375266632465468, 0.7602580951456787, 0.12476931680180238], [0.7347186912236997, 0.6486846113028578, -0.1984860696003482], [-0.23183657695941362, -0.03486981250773641, -0.97212956840095]], "T": [-0.07681397221197511, -0.04184568069309164, -0.04397904257243723], "aligned_model": [[-0.18256564611355774, 0.16704880658567423, 0.5982635837877237, 0.18665673521128734, -0.5188060206932679, -0.43788679450345264, 0.39220406617356907, 0.28665037234075913, 0.41294670411239154, -0.20396354868051556, -0.30612487057485627, -0.692786105456128, 0.012475849937761005], [-0.06318841278105197, 0.5693172552865078, 0.06229169762413624, -0.6013544656531037, -0.23190610353481808, 0.5738774071204641, -0.4606414692024612, 0.5348795683672917, 0.08933958793953561, 0.3818038363627872, -0.7359455367783115, -0.0918790827467823, -0.016030912827009455], [-0.7052742870714747, -0.6186417395866598, -0.03311808016358371, -0.4517801298620743, -0.21487533518802823, -0.059917784146027275, 0.29920838070677336, 0.18423432905542575, 0.527032967265902, 0.5426614020706478, 0.4691979249951982, 0.35207867453138386, 0.02519792815359602]], "inverted": true, "swapped": false, "error_lsq": 0.055795233821360896, "error_max": 0.3080896036977227, "target": "1002.xyz", "model": "3.xyz", "model_rescale": 3.9243930471874484, "target_rescale": 3.8151274772297974},
{"mapping": [6, 10, 11, 5, 3, 4, 1, 8, 9, 7, 0, 2, 12], "R": [[-0.8257220929831786, 0.5008153687281509, 0.2595515201364953], [0.5587619250120688, 0.6631903465486347, 0.49795951180945347], [0.07725371393199418, 0.5562036773434605, -0.8274474805045486]], "T": [0.05343248183773488, 0.07985201297520247, -0.017226318118705165], "aligned_model": [[0.02675980490537671, 0.05452472781001557, 0.7043509246694354, 0.1663710737437469, -0.5193076161358764, -0.4079367983661323, 0.17003657333382502, 0.20584002244796226, 0.7078482792675471, -0.28304034729929184, -0.39896242744482985, -0.7618743572179927, 0.04950327241360189], [-0.2586616892931093, 0.6149964693358441, 0.06101460983658999, -0.6617959419811844, -0.03817408305000565, 0.417268280409248, -0.3438939296970337, 0.6220883509065352, 0.20164102273340193, 0.18595445857362305, -0.6170068787675183, -0.13396077547559213, -0.03890652435361404], [-0.6545751679792611, -0.4762981396718493, -0.466764319195439, -0.1212757541680154, -0.3503809236622887, 0.14294833404298551, 0.5458040202269955, 0.26399968407203595, 0.2164289684752318, 0.7028063653080514, 0.1645672032590355, 0.3579714164126106, -0.009227436359013966]], "inverted": false, "swapped": false, "error_lsq": 0.05576004140380118, "error_max": 0.2832876784129549, "target": "1002.xyz", "model": "4.xyz", "model_rescale": 3.8936222436046832, "target_rescale": 3.8151274772297974},
{"mapping": [10, 6, 11, 4, 7, 8, 2, 1, 0, 3, 5, 12], "R": [[-0.42630557807721786, -0.3153322838113174, -0.8478379001239496], [-0.3495936343799283, 0.9218813495311182, -0.1670900002624856], [0.8342948189346993, 0.22516733371655678, -0.5032413207653905]], "T": [-0.12225752427153908, -0.026313379573677416, -0.034135584295644436], "aligned_model": [[0.0537545940602667, -0.4925661720698125, -0.15363685980879555, 0.3677200235016078, -0.6322674972326037, -0.7446434706690261, -0.23408293465047758, 0.16837427901430535, 0.6620551601394329, 0.24215393205181923, -0.03331712637319789, -0.17599588574842143], [-0.53811532766181, -0.6210580396069557, 0.06575334763328078, 0.04533327778083673, 0.49977756003019047, -0.09870412413946597, -0.17822413002373882, 0.43273000413534257, -0.019104093272869306, -0.5403474488555001, 0.6605745729310047, -0.039692693840507574], [-0.5874219053581852, -0.22052969001507228, -0.780614830261365, -0.37897131035029746, -0.007093719364781245, 0.35880659852511587, 0.6140929357727936, 0.5713532408798494, 0.12720469376544696, 0.21079472567574248, -0.21672439364331392, -0.07161162635041494]], "inverted": false, "swapped": true, "error_lsq": 0.04062368802549307, "error_max": 0.1835235960172667, "target": "1002.xyz", "model": "5.xyz", "model_rescale": 3.6523030999806103, "target_rescale": 3.8151274772297974},
{"mapping": [10, 6, 8, 9, 4, 2, 7, 1, 5, 0, 11, 3, 12], "R": [[0.8740348716748495, 0.43583777805364154, 0.214728839044955], [0.3625819474316526, -0.2909157852160752, -0.8853825937462204], [-0.32341517356642335, 0.8517120623387807, -0.4122974513304941]], "T": [0.0279660437297826, 0.01045539270857237, -0.0394330689618404], "aligned_model": [[-0.1966663419607578, 0.17639175688613296, 0.6748273669785783, 0.33542410762928043, -0.5263473148605997, -0.5420987286579821, 0.041351905253666464, -0.0038956656843442475, 0.520141840564285, -0.03951061773835176, -0.37533331232443407, -0.3829414218368444, 0.0327695578787593], [-0.17296398789802842, 0.4006752217968201, 0.07774054234597635, -0.5615258481944676, -0.08749882650652463, 0.49318400952152336, -0.4791281507772195, 0.6672862062031746, 0.09149509038010648, 0.3559493006266696, -0.771109138722192, 2.516320174072474e-05, -0.0035662128003942587], [-0.7637055755392061, -0.5377530010661833, -0.21477912620174572, -0.3571906403568156, -0.1502178754703521, -0.17438073289663786, 0.43695630157065046, 0.18402381706020937, 0.42435468680406296, 0.8896764995214966, -0.00663801206842049, 0.5206445756572121, 0.06501333374680857]], "inverted": true, "swapped": false, "error_lsq": 0.0470939469254918, "error_max": 0.3002861574340762, "target": "1002.xyz", "model": "6.xyz", "model_rescale": 4.08911054899281, "target_rescale": 3.8151274772297974},
{"mapping": [7, 13, 12, 5, 6, 2, 8, 1, 11, 9, 4, 3, 14], "R": [[0.0340724630993435, -0.38022777484004533, -0.9242650629005362], [-0.7011402227456991, 0.6499408214467082, -0.2932222990587348], [0.7122088565206528, 0.6580302180427327, -0.24444790208995087]], "T": [0.01818123663151054, -0.026553454872192718, 0.033925552383549926], "aligned_model": [[-0.20228960420913866, 0.32854419792313583, 0.6276884759420421, 0.15389061854813024, -0.4639220601656916, -0.43497862774403867, 0.09018891987434866, -0.07913046987678406, 0.5217558677988707, -0.023886648844169925, -0.23633853297235202, -0.6118344714319798, 0.0444254672850153], [-0.0555981564725068, 0.47838930504031485, -0.046374679663064085, -0.6362806190141699, -0.0526400180716237, 0.5188082190767478, -0.4173022613382009, 0.6695121652250324, 0.18892281919855017, 0.2245366369397159, -0.6796175064698265, -0.23798901608036394, 0.056196480806579165], [-0.7075850531949656, -0.3957279869034625, -0.3350052843420366, -0.4023277897818938, -0.09271910360787518, -0.34995766579353843, 0.5882532867468714, 0.24361375698863524, 0.2449080851070055, 0.7753710100628609, 0.10860166030258178, 0.46384025010347935, 0.17473908507341707]], "inverted": true, "swapped": false, "error_lsq": 0.04857339711613248, "error_max": 0.2561038595432045, "target": "1002.xyz", "model": "7.xyz", "model_rescale": 3.964800864290218, "target_rescale": 3.8151274772297974},
{"mapping": [0, 3, 6, 2, 1, 5, 12, 10, 11, 9, 7, 8, 13], "R": [[-0.24939183058459205, 0.9683221212875779, -0.012489365988385959], [-0.8630882176842487, -0.21640290664118916, 0.45634253636043143], [0.43918383774029424, 0.12458752514746604, 0.8897165308373991]], "T": [0.04484876712885596, -0.04412823930198156, -0.04286707000539951], "aligned_model": [[0.03147117562705668, 0.10812600747948378, 0.563686694694988, 0.14949135564428556, -0.5892977625483546, -0.5096372969342673, 0.1413678363024565, 0.006371508322760747, 0.6972650140005213, 0.01365196091029127, -0.34999659453299464, -0.5449362372301018, -0.0034505296087374918], [-0.1294030553791798, 0.440135349676682, 0.1218252077403619, -0.6295789754599848, -0.3319927002839093, 0.5813889667133436, -0.4542507549576244, 0.6972006164787673, 0.12500691756538146, 0.12872567062693197, -0.5966301374256389, 0.06801475667012294, -0.009878492788069168], [-0.7539989975064465, -0.579008341449335, -0.24229746265452368, -0.3342535692721543, -0.3223525296885997, -0.024315716767750226, 0.5841564771814014, 0.30938999684891655, 0.43970900070576086, 0.6227191467183716, 0.1708897027658764, 0.43737784511082073, 0.007988698768740858]], "inverted": false, "swapped": false, "error_lsq": 0.03973794032773857, "error_max": 0.24555239863872058, "target": "1002.xyz", "model": "8.xyz", "model_rescale": 4.121658175737393, "target_rescale": 3.8151274772297974},
{"mapping": [2, 8, 6, 1, 3, 11, 4, 7, 9, 5, 0, 10, 12], "R": [[0.057149059847257794, -0.996406521345307, 0.06251423181259341], [0.6314827866157156, 0.08457625759551127, 0.7707634830862112], [-0.7732809807350915, -0.004571747114817448, 0.6340470203081889]], "T": [-0.03297316965716422, 0.06191821491886449, 0.021344800714226175], "aligned_model": [[-0.16832490140827633, 0.17411607604555845, 0.6114546361653369, 0.22837721293841612, -0.7295608023010995, -0.4216723926941576, 0.42476981287359156, 0.08993196531043239, 0.6676789423027962, -0.15096734412648136, -0.2963633670732554, -0.7188984292683909, 0.0035717233629174935], [-0.2506892803810933, 0.4527645697311836, 0.10650350128879807, -0.5397734740132101, -0.037831455004989516, 0.5421121684430479, -0.5580283272987804, 0.6841510984091146, 0.2131464346361552, -0.0006174096264886172, -0.6552848444099547, 0.0688618970344051, -0.014751509631002892], [-0.5838848362444636, -0.5573662748420479, -0.22946788918818029, -0.18983001951948913, -0.33572615143341356, -0.1248015490956681, 0.462100475045208, 0.25141321839733805, 0.44490879895077706, 0.6245732621861658, 0.20861364146669253, 0.3468277558767269, -0.0013561808385672176]], "inverted": false, "swapped": false, "error_lsq": 0.041865492578284175, "error_max": 0.2576709071849774, "target": "1002.xyz", "model": "9.xyz", "model_rescale": 3.833441315466971, "target_rescale": 3.8151274772297974},
{"mapping": [9, 7, 11, 8, 2, 4, 0, 6, 12, 1, 13, 5, 14], "R": [[-0.9829743770915998, -0.15530334098909393, 0.09819494008861324], [0.15380075779993463, -0.4030451771097994, 0.9021640161903467], [-0.10053208881519862, 0.9019065680469099, 0.42006885344226297]], "T": [0.05001775999165877, 0.030062522575871036, 0.03537059603601751], "aligned_model": [[-0.15877480562117338, 0.2432213727763672, 0.6563115890005113, 0.29183031500835377, -0.5164349164248615, -0.4915192650786601, 0.03281847786923705, 0.05329484163014211, 0.5172102009524466, 0.01901144199830849, -0.39251406372559394, -0.5491404202227215, 0.008798363965032037], [-0.20340486702566044, 0.32049616926822, 0.04673830984731556, -0.5087638607157813, -0.28727704849892016, 0.6138166910966398, -0.37663366580528956, 0.6511521552372304, 0.23646088276194868, 0.16025721326439832, -0.6089121202626523, -0.06502796336760365, 0.03166147337733971], [-0.7128330988694356, -0.5322865519483412, -0.2768261241072796, -0.47330629481108516, -0.2729753410837425, 0.0787445663736913, 0.581379164425173, 0.31008225756757296, 0.3549812925597284, 0.761798076019284, 0.21303188113076882, 0.33437306430716174, -0.05015864080241751]], "inverted": true, "swapped": false, "error_lsq": 0.035733257386987786, "error_max": 0.21536642283906884, "target": "1002.xyz", "model": "10.xyz", "model_rescale": 4.2482417240324, "target_rescale": 3.8151274772297974},
{"mapping": [0, 1, 2, 7, 10, 6, 3, 9, 5, 11, 4, 12], "R": [[0.4539982723646795, 0.575794442587858, 0.6799605345715474], [-0.1996536793692906, -0.6779935471760336, 0.7074342077550139], [0.8683455400957565, -0.45693053068557127, -0.1928484200692645]], "T": [0.03537325539630901, 0.030278951777165122, 0.02088974513915895], "aligned_model": [[-0.6822987530359618, -0.02188472983334685, 0.21027805933809773, 0.6611829515628044, -0.3563888281803705, 0.203043322742501, -0.4035565698220734, 0.5963870839418954, 0.09793461034919082, -0.035058611561498, -0.46969572605001536, 0.07682279291178323], [-0.3195060047030919, -0.7751555987287577, -0.27148358773772724, -0.18881679944549484, 0.6955886164241154, 0.6680827516254606, 0.10141617113904229, 0.4617834980263861, -0.3357658766470608, 0.48177355583037285, 0.06745123327262485, 0.08076343099476993], [0.08274779711816752, 0.11989024311452455, 0.5989292697760505, -0.29211566646284914, -0.033265337174500136, 0.32203012658015684, 0.5301025642826295, -0.29355086093590443, -0.5916144486617716, -0.5773444767527232, -0.30720546095915624, 0.006588539929732438]], "inverted": false, "swapped": true, "error_lsq": 0.049658610884335576, "error_max": 0.26889803931704503, "target": "1002.xyz", "model": "11.xyz", "model_rescale": 3.6694154284099745, "target_rescale": 3.8151274772297974},
{"mapping": [11, 9, 8, 4, 6, 7, 1, 10, 2, 12, 0, 5, 13], "R": [[-0.3591474748952987, -0.9251801431287818, 0.12269797894235057], [0.5344370184793563, -0.31165760393014824, -0.7856504382939111], [0.7651079430741957, -0.21659002902425017, 0.6063815587334822]], "T": [-0.03825191926719059, -0.005307027680307323, 0.02283089224720425], "aligned_model": [[0.00771209497570198, 0.12232648284449774, 0.6150512667037447, 0.14014454950228308, -0.4844304687689227, -0.478394631826119, 0.413064682909057, 0.11319235221464655, 0.5418046555565029, -0.09539242405973394, -0.33821644164337566, -0.793330771172059, -0.0494182151088356], [-0.07187560035131851, 0.5898854692107609, 0.1453058753249314, -0.6797485940287848, -0.21792814173686753, 0.5826379482626851, -0.509575956467974, 0.5822968641097952, 0.07210577186684713, 0.16670264793269152, -0.5838237655695416, 0.04993574533385194, -0.1153548947098916], [-0.710984195792213, -0.49160737937527266, -0.3280373906733951, -0.22411429045998352, -0.25207235850757953, -0.09013112045709609, 0.5312595166980582, 0.2107539783673064, 0.3124085189078177, 0.6777477835197175, 0.3162206223385698, 0.2899918098837732, 0.07456875631137574]], "inverted": true, "swapped": false, "error_lsq": 0.04612402466553867, "error_max": 0.25092828752043034, "target": "1002.xyz", "model": "12.xyz", "model_rescale": 3.9764082729961374, "target_rescale": 3.8151274772297974},
{"mapping": [0, 5, 12, 1, 7, 4, 11, 6, 13, 14, 8, 3, 15], "R": [[0.5470269956895768, -0.7519183128564783, 0.3679406430090371], [0.8307637286700106, 0.5416663158510833, -0.12817655557322455], [-0.10292275313621015, 0.37578777662848795, 0.9209725586701707]], "T": [0.0588760875716357, -0.037552602004564735, -0.05776349750339946], "aligned_model": [[-0.28695705317272857, 0.21805915645723842, 0.682986523326415, 0.2998452374301574, -0.6653519634932894, -0.41385678612886184, 0.10880942526524182, 0.10538349208897912, 0.4842750252285773, -0.03819980753991257, -0.18638660075662855, -0.5623092967446028, -0.03218421983319709], [-0.004797541858092745, 0.6034492464195943, -0.13425181402311506, -0.5610116643686949, -0.11399163184885874, 0.4646033329631252, -0.3859488004915131, 0.6604523750507058, 0.14708089133056312, 0.21361490612102046, -0.6563813658275391, -0.22794097793814133, 0.005686413648130904], [-0.6952856369620627, -0.5740979692672857, -0.14913614836370417, -0.3246849412023327, -0.2594674976872181, -0.25832961846808933, 0.6540450788821551, 0.24929499697340743, 0.34151931350417686, 0.6947650355273057, 0.18003896553655982, 0.47732942146944013, -0.019986749181274015]], "inverted": false, "swapped": false, "error_lsq": 0.044188171063342975, "error_max": 0.2229419089001804, "target": "1002.xyz", "model": "13.xyz", "model_rescale": 4.170626492500431, "target_rescale": 3.8151274772297974},
{"mapping": [12, 5, 4, 8, 10, 11, 0, 3, 2, 1, 7, 9, 13], "R": [[-0.028965748570574545, -0.3985053172089862, 0.9167085128686827], [0.9842365910645466, -0.17144180861217595, -0.04342855131622994], [0.17446867403458605, 0.901000121207512, 0.39718945525361327]], "T": [0.05768221197371407, 0.03983786301024726, 0.059299221788663994], "aligned_model": [[-0.051907910600837374, 0.05721968043917434, 0.6110725665680007, 0.11472723980499688, -0.4002914147721261, -0.3734052074311157, 0.2806881049150799, -0.00025442226953448915, 0.6455184511253759, -0.27316508616246327, -0.21109262522301767, -0.7176262173323315, 0.03262997306618658], [-0.09369805902162621, 0.5443039680016423, -0.16239313759400625, -0.6135256419097384, -0.21051943653877653, 0.5589984293678804, -0.29332099012808616, 0.5922705237827652, 0.18802264665607898, -0.08975035888071838, -0.6858782435598328, 0.15364282540887103, 0.12241084359273145], [-0.6519421463469114, -0.6974924029903217, -0.33557400904578083, -0.289152048898248, -0.15496623212916077, -0.15116596369637425, 0.5010366515100506, 0.46787614986248893, 0.31507645508399196, 0.7408866541540762, 0.30122074303768853, 0.26485142548475443, 0.0053489747348250405]], "inverted": true, "swapped": false, "error_lsq": 0.053433023892558246, "error_max": 0.31326396573049564, "target": "1002.xyz", "model": "14.xyz", "model_rescale": 3.9786697098870705, "target_rescale": 3.8151274772297974},
{"mapping": [6, 3, 11, 9, 4, 5, 2, 1, 7, 8, 0, 12], "R": [[0.43957996056290044, -0.6348539218280373, -0.6353974789146393], [0.6949211410202809, -0.20781913859372766, 0.6884009103692648], [-0.5690817744705854, -0.7441583860803569, 0.34982028299069307]], "T": [0.0025004440341721765, -0.0002801544672124002, -0.06987180497136328], "aligned_model": [[-0.06829085274878319, -0.6568704523741182, 0.48381127833303783, 0.6338691136828342, -0.034955662257255944, 0.48733423911572843, -0.3842948877091512, -0.19643151067831083, 0.6019690971774599, 0.08636186417955949, -0.5131893430228576, 0.044041713069193716], [-0.5939191306614442, -0.03169200212718758, 0.16401136911123676, -0.40596133808797014, 0.5024425588432185, 0.483689795423235, -0.2957524362409727, 0.37571860790458655, -0.1315479579344957, -0.6202150177665471, 0.612304748111582, -0.044404706350802424], [-0.4799618269934589, -0.21568300968874546, -0.6248856657727963, -0.2611882032338121, -0.4015189554472641, 0.13934914456104544, 0.3979609800959256, 0.6235655741118199, 0.3314001843119815, 0.3246611755119705, -0.07560126562198113, -0.09813163796085453]], "inverted": true, "swapped": true, "error_lsq": 0.049895704095732796, "error_max": 0.2801754979988729, "target": "1002.xyz", "model": "15.xyz", "model_rescale": 3.769337070930944, "target_rescale": 3.8151274772297974},
{"mapping": [8, 1, 9, 7, 6, 3, 10, 0, 11, 5, 12], "R": [[-0.23624897027749425, -0.968438010538927, -0.0794622160918575], [-0.3535388159156841, 0.009496195680699537, 0.9353716522904305], [-0.9050948733054232, 0.24907356746752413, -0.34462389398479176]], "T": [0.0017824348110454854, -0.02494988537283608, -0.03540724218366657], "aligned_model": [[-0.38262760100535526, -0.4535959740559434, -0.20157053782750392, -0.6690854031034024, 0.3703461015244191, 0.4920694595287994, 0.7005596421672505, 0.3068513682926353, 0.19361495083410687, -0.4349972750725031, 0.0010613994086676563], [0.0783977763188882, -0.6858034372365798, 0.712713569719047, 0.27092792547397765, 0.37057637484553924, -0.4348186576014864, 0.29617258210593567, -0.6544460084060402, 0.5630587024716964, 0.04062238739798172, 0.038663282536382494], [-0.6587501898443543, 0.0976622071555848, -0.1550140126565238, -0.037810742226686324, -0.5184313295495971, -0.2559606678428743, 0.05198857179610127, 0.35433193081837183, 0.39370625799111386, 0.5284969066316282, -0.05600132504898704]], "inverted": false, "swapped": true, "error_lsq": 0.043041770938990434, "error_max": 0.2191882111490198, "target": "1002.xyz", "model": "16.xyz", "model_rescale": 3.7852294659196426, "target_rescale": 3.8151274772297974},
{"mapping": [3, 1, 4, 0, 8, 2, 10, 7, 5, 6, 9, 11, 12], "R": [[-0.9532134076193138, 0.059491653292611, -0.29638647527052897], [-0.2987592427422665, -0.3349774745206207, 0.8936067403728861], [-0.04612065058998621, 0.9403461249732988, 0.33707870125069866]], "T": [-0.03453517913065235, 0.013417803494484081, -0.041990169015552706], "aligned_model": [[-0.08251983426455038, 0.253265460311395, 0.6482200055379055, 0.1586334127376716, -0.582893973797135, -0.4041170088604496, 0.22048140833097446, -0.11922592989280625, 0.5115301555145486, 0.15759600131827498, -0.3647094497421414, -0.6227642282953905, -0.05938288677090882], [0.020848121048106, 0.5275361116594606, -0.15889775518582125, -0.5494755759147091, -0.30331490415351003, 0.46012004803774936, -0.42183715097427305, 0.5930295344007384, 0.33356542894071095, 0.2184700130431314, -0.7489034842537792, 0.0844090918844599, -0.04498610935507959], [-0.8358022591321554, -0.3985112923636658, -0.11905761437669175, -0.3760322236608154, -0.1942693057032886, -0.23680648476927235, 0.5863208526997811, 0.34311335382943525, 0.13556871918875563, 0.7996941166643595, 0.19699307471471883, 0.3903047501365848, 0.024488563533333313]], "inverted": false, "swapped": false, "error_lsq": 0.05253044531605528, "error_max": 0.2709137242226266, "target": "1002.xyz", "model": "17.xyz", "model_rescale": 3.901054581598922, "target_rescale": 3.8151274772297974},
{"mapping": [13, 2, 0, 12, 9, 5, 6, 8, 1, 4, 11, 10, 14], "R": [[-0.32818164379448017, 0.2139264457694834, 0.9200718909285239], [0.94115840671867, 0.15729624395863856, 0.299129980274929], [-0.08073203911166779, 0.9641023635677599, -0.25296041276043846]], "T": [0.030878347545232526, -0.0014286356430582953, 0.01892346056500795], "aligned_model": [[-0.20285001088490293, 0.2006404081736913, 0.752486486492921, 0.07674898416746556, -0.5616083268097253, -0.3978214863671733, 0.20769040696773458, 0.030185374090151318, 0.5816922809424611, -0.07898026336675348, -0.2628464608996641, -0.6397993650034344, 0.008575104624616917], [0.013247036696597646, 0.5660224120778025, 0.14510039074054984, -0.6211224598077932, -0.179488759313911, 0.3669146385188655, -0.497043589822051, 0.6459979094468157, 0.0667101636415544, 0.3377851091022272, -0.7249084216043324, -0.06339566652113639, -0.04525539397800379], [-0.6685777230030729, -0.5580672267080063, -0.16360176161267018, -0.38832407234976457, -0.20788869608541682, -0.24683156154891164, 0.5544877033100493, 0.16472003336647278, 0.4404049717174678, 0.7249256495801536, 0.18334281811184247, 0.48668968540761454, -0.005275569424679362]], "inverted": true, "swapped": false, "error_lsq": 0.04331900640395781, "error_max": 0.2489863337648139, "target": "1002.xyz", "model": "18.xyz", "model_rescale": 3.9405287249114394, "target_rescale": 3.8151274772297974},
{"mapping": [2, 10, 11, 5, 6, 1, 7, 12, 13, 4, 8, 0, 15], "R": [[-0.33469844321712333, -0.6787460053313764, -0.6536672030588142], [0.04707289547145771, 0.6807657756526961, -0.7309870732180674], [0.9411488164046999, -0.27543024334063615, -0.19590070554582145]], "T": [0.05733964952889358, 0.12404810475699653, 0.09924614727357364], "aligned_model": [[-0.18189495998937386, 0.29526268659571137, 0.6612214460088367, 0.043065582258553885, -0.5039531339235993, -0.5201494390686107, 0.2286142420034315, 0.0024053733255133478, 0.6800358458274949, -0.18927840371083202, -0.29304451486303196, -0.5636817128887873, 0.0555101205520813], [-0.03927088096374891, 0.3804626475134602, -0.01783466072140262, -0.5525214702190296, -0.24242323349515543, 0.36531813506956085, -0.3560190592291031, 0.6067957917760861, 0.20247865689709255, 0.118002425780934, -0.5435703651416458, -0.03306463536506006, 0.12221001727519605], [-0.7201554597085189, -0.6047057315096437, -0.2673725356112109, -0.38377818335500735, -0.23080328095809213, -0.11007310411825763, 0.5848654230198799, 0.3523784411144083, 0.3388874228882316, 0.7875832842915067, 0.16079833268989063, 0.34889051886680145, 0.05948912315109067]], "inverted": true, "swapped": false, "error_lsq": 0.03683456177232872, "error_max": 0.2184026512383767, "target": "1002.xyz", "model": "19.xyz", "model_rescale": 4.410303926677745, "target_rescale": 3.8151274772297974},
{"mapping": [0, 3, 6, 2, 1, 5, 12, 10, 11, 9, 7, 8, 13], "R": [[-0.24939183058459205, 0.9683221212875779, -0.012489365988385959], [-0.8630882176842487, -0.21640290664118916, 0.45634253636043143], [0.43918383774029424, 0.12458752514746604, 0.8897165308373991]], "T": [0.04484876712885596, -0.04412823930198156, -0.04286707000539951], "aligned_model": [[0.03147117562705668, 0.10812600747948378, 0.563686694694988, 0.14949135564428556, -0.5892977625483546, -0.5096372969342673, 0.1413678363024565, 0.006371508322760747, 0.6972650140005213, 0.01365196091029127, -0.34999659453299464, -0.5449362372301018, -0.0034505296087374918], [-0.1294030553791798, 0.440135349676682, 0.1218252077403619, -0.6295789754599848, -0.3319927002839093, 0.5813889667133436, -0.4542507549576244, 0.6972006164787673, 0.12500691756538146, 0.12872567062693197, -0.5966301374256389, 0.06801475667012294, -0.009878492788069168], [-0.7539989975064465, -0.579008341449335, -0.24229746265452368, -0.3342535692721543, -0.3223525296885997, -0.024315716767750226, 0.5841564771814014, 0.30938999684891655, 0.43970900070576086, 0.6227191467183716, 0.1708897027658764, 0.43737784511082073, 0.007988698768740858]], "inverted": false, "swapped": false, "error_lsq": 0.03973794032773857, "error_max": 0.24555239863872058, "target": "1002.xyz", "model": "20.xyz", "model_rescale": 4.121658175737393, "target_rescale": 3.8151274772297974},
{"mapping": [10, 6, 8, 9, 4, 2, 7, 1, 5, 0, 11, 3, 12], "R": [[0.8740348716748495, 0.43583777805364154, 0.214728839044955], [0.3625819474316526, -0.2909157852160752, -0.8853825937462204], [-0.32341517356642335, 0.8517120623387807, -0.4122974513304941]], "T": [0.0279660437297826, 0.01045539270857237, -0.0394330689618404], "aligned_model": [[-0.1966663419607578, 0.17639175688613296, 0.6748273669785783, 0.33542410762928043, -0.5263473148605997, -0.5420987286579821, 0.041351905253666464, -0.0038956656843442475, 0.520141840564285, -0.03951061773835176, -0.37533331232443407, -0.3829414218368444, 0.0327695578787593], [-0.17296398789802842, 0.4006752217968201, 0.07774054234597635, -0.5615258481944676, -0.08749882650652463, 0.49318400952152336, -0.4791281507772195, 0.6672862062031746, 0.09149509038010648, 0.3559493006266696, -0.771109138722192, 2.516320174072474e-05, -0.0035662128003942587], [-0.7637055755392061, -0.5377530010661833, -0.21477912620174572, -0.3571906403568156, -0.1502178754703521, -0.17438073289663786, 0.43695630157065046, 0.18402381706020937, 0.42435468680406296, 0.8896764995214966, -0.00663801206842049, 0.5206445756572121, 0.06501333374680857]], "inverted": true, "swapped": false, "error_lsq": 0.0470939469254918, "error_max": 0.3002861574340762, "target": "1002.xyz", "model": "21.xyz", "model_rescale": 4.08911054899281, "target_rescale": 3.8151274772297974},
{"mapping": [2, 15, 11, 1, 4, 14, 6, 9, 5, 10, 0, 13, 16], "R": [[-0.7865780595435079, 0.6144031485654073, 0.061674364834052586], [0.5099564879981229, 0.5900290009590632, 0.6259474086342003], [0.3481943948333894, 0.5238077405500647, -0.7774227385061785]], "T": [-0.04945650408274514, 0.016708379270451205, 0.06090974944033531], "aligned_model": [[-0.24522017434825266, 0.14707909021871218, 0.6504761449076243, 0.2959359521846883, -0.5933437762222266, -0.31319504464005754, 0.15099758117217593, 0.13289939972233544, 0.49825951904802357, 0.0694649110164718, -0.302309446956729, -0.6901602664464387, -0.0867707575289392], [-0.1316115448878712, 0.3325016957803062, 0.10242095007473734, -0.48754179289272004, -0.3083218332592904, 0.5686457178017044, -0.506695972830072, 0.6569549724655777, 0.2749488336742555, 0.21952047131782804, -0.7119210680838616, 0.01386298090781899, -0.012200040891228274], [-0.6180096970885587, -0.5661112703942894, -0.2368160847459038, -0.44548357228991875, -0.23035333097890306, -0.13307412232945734, 0.5522651935520427, 0.31463841516808666, 0.4229153842905399, 0.8328296685803345, 0.1333246367729071, 0.22283738336797523, 0.06704164685622421]], "inverted": false, "swapped": false, "error_lsq": 0.03826259928945874, "error_max": 0.19905896043660157, "target": "1002.xyz", "model": "22.xyz", "model_rescale": 4.204369325754507, "target_rescale": 3.8151274772297974},
{"mapping": [2, 10, 11, 5, 6, 1, 7, 12, 13, 4, 8, 0, 15], "R": [[-0.33469844321712333, -0.6787460053313764, -0.6536672030588142], [0.04707289547145771, 0.6807657756526961, -0.7309870732180674], [0.9411488164046999, -0.27543024334063615, -0.19590070554582145]], "T": [0.05733964952889358, 0.12404810475699653, 0.09924614727357364], "aligned_model": [[-0.18189495998937386, 0.29526268659571137, 0.6612214460088367, 0.043065582258553885, -0.5039531339235993, -0.5201494390686107, 0.2286142420034315, 0.0024053733255133478, 0.6800358458274949, -0.18927840371083202, -0.29304451486303196, -0.5636817128887873, 0.0555101205520813], [-0.03927088096374891, 0.3804626475134602, -0.01783466072140262, -0.5525214702190296, -0.24242323349515543, 0.36531813506956085, -0.3560190592291031, 0.6067957917760861, 0.20247865689709255, 0.118002425780934, -0.5435703651416458, -0.03306463536506006, 0.12221001727519605], [-0.7201554597085189, -0.6047057315096437, -0.2673725356112109, -0.38377818335500735, -0.23080328095809213, -0.11007310411825763, 0.5848654230198799, 0.3523784411144083, 0.3388874228882316, 0.7875832842915067, 0.16079833268989063, 0.34889051886680145, 0.05948912315109067]], "inverted": true, "swapped": false, "error_lsq": 0.03683456177232872, "error_max": 0.2184026512383767, "target": "1002.xyz", "model": "23.xyz", "model_rescale": 4.410303926677745, "target_rescale": 3.8151274772297974},
{"mapping": [8, 15, 5, 4, 10, 11, 0, 13, 12, 7, 3, 1, 16], "R": [[-0.9418953519562405, 0.3116020346665047, 0.12544846732791987], [0.32979243676109105, 0.7869111082822088, 0.5215437242621636], [0.06379729319031874, 0.5326115654524978, -0.843951909606127]], "T": [-0.021888131832363798, 0.14746104911387972, -0.02918182474962611], "aligned_model": [[-0.1498220950674826, 0.2814270175847319, 0.5499214533777913, 0.09979371730753112, -0.529754576402375, -0.5608213025687253, 0.23097010342478722, 0.2441047640337732, 0.6293520591834785, -0.16725930642865386, -0.22309975971746296, -0.6326783961336053, -0.05802054646639998], [-0.19428714511605535, 0.4189311174262055, -0.06773038852469887, -0.44691513966030383, -0.13310286763931398, 0.47561750052204943, -0.29026315558261384, 0.692968395668879, 0.13124064206538974, 0.27952312674552005, -0.7128417266597151, -0.18351354642622061, 0.04093655635806301], [-0.7657602252244077, -0.6153713103081231, -0.17860898712904277, -0.35444302255736065, -0.32437584462729524, 0.021669600894225118, 0.5319296121072864, 0.3255802617709141, 0.4417735306552446, 0.6059226752583704, 0.14006355756297184, 0.47453081129618896, 0.013093591062106624]], "inverted": false, "swapped": false, "error_lsq": 0.040665086928393226, "error_max": 0.1980650428851508, "target": "1002.xyz", "model": "24.xyz", "model_rescale": 4.28219845311461, "target_rescale": 3.8151274772297974},
{"mapping": [5, 3, 1, 8, 11, 9, 2, 7, 4, 13, 14, 12, 15], "R": [[0.10005871946821368, -0.09678960212276422, 0.9902626043526529], [-0.6781790439528546, 0.7216206016894839, 0.13905715213716785], [-0.7280531828112379, -0.6854892268578875, 0.006563753514738202]], "T": [0.017561013882519204, -0.06956678533501795, 0.051792298966461175], "aligned_model": [[-0.1474256257619256, 0.37937316373906405, 0.44566169405451134, 0.12799020678739945, -0.4744510661180294, -0.37326556761530133, 0.24153949686416587, 0.014885291078133848, 0.6170979088322474, -0.1674000099151337, -0.3412629798531825, -0.6948223633503051, 0.08619298338574366], [-0.05984358956488142, 0.5098425916477769, -0.026362290262046485, -0.5096578567984307, -0.2238841416097482, 0.4319977482280515, -0.37616817416400095, 0.6600557043385926, 0.27064404114755725, 0.12672652419834254, -0.6485775406691151, -0.05187101241217411, -0.09233863490273879], [-0.783651025931758, -0.3134775833677099, -0.42227581648577905, -0.47363257587425867, -0.12310006202882737, -0.17747018323517982, 0.621537199704764, 0.3223285605289016, 0.29563790209227875, 0.5811077183953391, 0.3925803733200518, 0.32858948770948815, 0.06783025593376815]], "inverted": true, "swapped": false, "error_lsq": 0.050784650378607105, "error_max": 0.35457392390184245, "target": "1002.xyz", "model": "25.xyz", "model_rescale": 4.100010024507729, "target_rescale": 3.8151274772297974},
{"mapping": [0, 1, 2, 7, 10, 6, 3, 9, 5, 11, 4, 12], "R": [[0.4539982723646795, 0.575794442587858, 0.6799605345715474], [-0.1996536793692906, -0.6779935471760336, 0.7074342077550139], [0.8683455400957565, -0.45693053068557127, -0.1928484200692645]], "T": [0.03537325539630901, 0.030278951777165122, 0.02088974513915895], "aligned_model": [[-0.6822987530359618, -0.02188472983334685, 0.21027805933809773, 0.6611829515628044, -0.3563888281803705, 0.203043322742501, -0.4035565698220734, 0.5963870839418954, 0.09793461034919082, -0.035058611561498, -0.46969572605001536, 0.07682279291178323], [-0.3195060047030919, -0.7751555987287577, -0.27148358773772724, -0.18881679944549484, 0.6955886164241154, 0.6680827516254606, 0.10141617113904229, 0.4617834980263861, -0.3357658766470608, 0.48177355583037285, 0.06745123327262485, 0.08076343099476993], [0.08274779711816752, 0.11989024311452455, 0.5989292697760505, -0.29211566646284914, -0.033265337174500136, 0.32203012658015684, 0.5301025642826295, -0.29355086093590443, -0.5916144486617716, -0.5773444767527232, -0.30720546095915624, 0.006588539929732438]], "inverted": false, "swapped": true, "error_lsq": 0.049658610884335576, "error_max": 0.26889803931704503, "target": "1002.xyz", "model": "26.xyz", "model_rescale": 3.6694154284099745, "target_rescale": 3.8151274772297974},
{"mapping": [11, 12, 6, 2, 10, 9, 0, 7, 1, 5, 4, 8, 13], "R": [[-0.13232568164725814, 0.8380127333786145, 0.5293624209101856], [-0.9272863529415358, -0.2933388149026417, 0.23257764148752497], [0.35018557026949937, -0.46009455372435976, 0.8158940298888138]], "T": [-0.06799313524256384, 0.06438116942444783, 0.05070923987521851], "aligned_model": [[-0.1843020834428894, 0.22291691822879217, 0.5834083878038576, 0.2147321928755273, -0.5444413815455074, -0.46462579239099583, 0.2588224277940176, -0.0734103381684166, 0.693609824888729, 0.09524188819667806, -0.4087129247730202, -0.635005016620585, -0.044120970718799196], [-0.11497484306257907, 0.289890513463744, 0.14340370031779226, -0.4403099098533184, -0.2113784207788862, 0.5022454349472556, -0.4191370316437341, 0.6034468243378572, 0.1560831016389832, 0.05003678118590063, -0.6505498217910615, 0.08106174253733095, 0.020745297877900193], [-0.7802414918763576, -0.6523196997124125, -0.15083958098068362, -0.306338305335842, -0.1918694832197303, -0.28961553990418515, 0.3610881697754508, 0.37552826383114535, 0.4879715643934907, 0.824742227137391, 0.27051431923158276, 0.34494804983548205, 0.022435757585747014]], "inverted": true, "swapped": false, "error_lsq": 0.04159710647815944, "error_max": 0.24755918781906033, "target": "1002.xyz", "model": "27.xyz", "model_rescale": 4.103607728864725, "target_rescale": 3.8151274772297974},
{"mapping": [12, 10, 11, 13, 2, 0, 8, 5, 6, 7, 4, 1, 14], "R": [[0.049801301627113215, 0.11822729652710384, -0.991736929186434], [0.9931676146311752, -0.1107867031566322, 0.03666600130238026], [-0.10553634257480776, -0.986787014892057, -0.12293684409629327]], "T": [0.07557961980334191, 0.12063338860742803, -0.1188729714017609], "aligned_model": [[-0.23155201732286676, 0.3131728845655155, 0.7011243550206919, 0.23058950110684226, -0.5720663520520272, -0.5311601586558278, 0.13110218511263955, 0.022857771213360738, 0.52644161108389, 0.15865091854250896, -0.3510066056120661, -0.6149449940766722, -0.06909596679860083], [-0.2870317542282915, 0.38209115863387244, -0.10772646954863371, -0.4931251208548597, -0.1933551064535939, 0.47762510879601394, -0.458443843627365, 0.5890468295638266, 0.4824870767799091, 0.07287936030128336, -0.6575229000238902, 0.0834381374759685, 0.12020089236294446], [-0.8093604122127023, -0.4862481901335133, 0.05026245624155257, -0.25723829117014413, -0.2714725334617826, -6.432721389448837e-05, 0.4589390920370241, 0.44054607135108503, 0.14007226610296986, 0.5958996901275588, 0.06580585760656027, 0.45091041111653796, -0.06204783963017302]], "inverted": true, "swapped": false, "error_lsq": 0.05518885649746753, "error_max": 0.3452673249703607, "target": "1002.xyz", "model": "28.xyz", "model_rescale": 4.137296879288765, "target_rescale": 3.8151274772297974},
