[{"mapping": [8, 13, 7, 5, 11, 15, 2, 12, 0, 3, 10, 16], "R": [[0.5681878293178566, 0.717176658733135, 0.4035098893254527], [-0.8096581620221617, 0.5748314574647592, 0.1184164523190766], [-0.1470246621691666, -0.39398786234770944, 0.9072801733955863]], "T": [0.049447902902749634, -0.0827971154294114, 0.009558683445517906], "aligned_model": [[-0.15296825592901184, 0.0377310506405349, 0.5119131648062759, -0.27525111776617023, -0.20192656476853893, -0.612923263703769, 0.36452309482451234, -0.2000871020120949, 0.7833611003865605, 0.06810160843594193, -0.5485306154371042, 0.06369936298341226], [-0.4156643822033329, -0.7006388898827318, -0.3491025732698504, 0.6109354509975262, 0.4825017732284721, -0.3838568078870159, -0.21445744336757788, -0.5606282204971786, 0.04798772465774864, 0.43691825134027906, 0.10351911183454174, -0.003958958973822729], [-0.4395950593129723, 0.06612507952567276, -0.5931158824430675, -0.006945046005256646, -0.6056970195831274, -0.06791123600104865, 0.5444929782471446, 0.5791004892078501, -0.07479431957912056, 0.3926983294561715, 0.4042370823023582, -0.016643650461041395]], "inverted": true, "swapped": true, "error_lsq": 0.041555763070800826, "error_max": 0.21195724378259342, "target": "1003.xyz", "model": "0.xyz", "model_rescale": 3.751011558992144, "target_rescale": 4.305885194134966},
{"mapping": [7, 13, 0, 6, 12, 3, 15, 8, 2, 5, 10, 14, 11, 9, 16], "R": [[0.07553898534385539, 0.21319422092688178, 0.9740852559486777], [0.43782551793651114, -0.8847639606978187, 0.15969204643292279], [0.8958809505379869, 0.414416406545022, -0.160176042058307]], "T": [-0.04312264052867172, -0.04506659048447463, -0.06810213566048681], "aligned_model": [[0.20692012914552455, 0.028361011788949633, -0.4318912979229636, 0.19879986790724324, -0.2609062445728439, -0.4481298681219897, 0.4612352275954302, 0.4891370014853181, -0.6272766322138678, 0.038490518338583204, -0.03518888249841394, 0.6360144263643155, 0.4902263187403993, -0.16192166905129762, -0.044783695895353026], [0.13733743801361453, -0.5946670799089692, 0.3373604098140934, 0.5697725007912302, -0.7730099779207332, 0.23524953019002542, -0.4788076085904911, -0.19837260369114373, -0.28450839365039365, 0.443307932108045, -0.24928793064418725, 0.015890969825228154, 0.6153742021013325, 0.7358090012766827, 0.03730896011277249], [-0.8112150015384927, -0.34719869516588187, -0.5833275285006386, -0.35813038979292744, 0.12590012890492863, 0.34979740922920943, 0.23663703029471608, -0.28422465433339594, -0.1328574842205862, 0.5165313553513454, 0.6434411048870481, 0.3870518333293056, 0.13351230766975736, 0.024056999278625854, -0.050308010541037375]], "inverted": false, "swapped": true, "error_lsq": 0.03630358012469612, "error_max": 0.19392840002173023, "target": "1003.xyz", "model": "1.xyz", "model_rescale": 3.9405287249114394, "target_rescale": 4.305885194134966},
{"mapping": [1, 12, 2, 14, 10, 0, 8, 15, 5, 9, 11, 6, 16], "R": [[0.3778814177098586, 0.8593769779803095, 0.34449505637529537], [-0.886290124553825, 0.44336872363165913, -0.13384315456383475], [-0.267760059134951, -0.25474572542569596, 0.9291981307070003]], "T": [-0.0825313577134857, 0.06526780902646523, -0.04827188978030632], "aligned_model": [[-0.443868348483422, 0.31534055886506096, -0.3143937759918559, 0.547337736564905, 0.487096994877008, -0.8312669525401345, 0.1533466566225229, 0.6225677524042312, 0.07234212647987219, -0.5102019586204838, -0.018246608872018358, -0.46753624096099194, -0.11653466106076263], [0.7264689425078155, 0.5570066924727173, 0.3554074571365743, -0.32142644215851784, -0.1908053447176487, 0.10202675773229071, 0.2607153025825992, 0.181705385883202, -0.6788987329492183, -0.602806678027015, -0.6377471806468601, -0.2817346497112497, -0.011078916532672178], [0.030870764779957774, -0.5118007029778251, -0.5628788483971547, 0.30646829041850676, -0.4457805856834051, -0.01839759168919307, 0.4613101378612036, 0.10873646923392043, -0.1441732063938338, 0.00783106920635493, 0.46449407241408297, 0.4537545337765873, -0.03731405296055755]], "inverted": false, "swapped": true, "error_lsq": 0.036739531117613605, "error_max": 0.20883127631599105, "target": "1003.xyz", "model": "2.xyz", "model_rescale": 3.932901565614263, "target_rescale": 4.305885194134966},
{"mapping": [15, 13, 12, 8, 10, 3, 2, 5, 6, 9, 1, 7, 4, 16], "R": [[0.9156773305461585, 0.022476703938913045, 0.40128521540657863], [0.39117092891158034, 0.17946596267202258, -0.9026501385457468], [-0.09230563741350312, 0.9835073797497644, 0.15554068046475888]], "T": [0.017844540815402717, -0.06629023657565412, -0.0056864214151337265], "aligned_model": [[-0.2567858077934296, 0.4428579441666074, 0.2946052474158572, 0.004077037461525414, -0.4395423831488674, -0.23850874889765278, 0.4455252451292547, -0.6849344014317684, -0.14629805960569545, -0.34503806162410733, 0.755676878837682, 0.38918536576052626, 0.23065773357132197, -0.03166807778855051], [0.11234280205129978, 0.0782684595527305, -0.449320845685643, 0.46848573424975326, -0.49189361580710655, -0.5959761327498516, -0.5349558876745437, -0.26865264021825475, 0.3761129243300022, -0.11234973836292364, 0.10551574474615523, 0.5837509009138226, -0.5409071061907044, -0.06692396080424728], [-0.6599359902551123, -0.43409264265561337, -0.6315132472431749, -0.26518039082261347, -0.4028287747788496, 0.2607039946648622, 0.008569837206825932, 0.22260706678893638, 0.5402134287327254, 0.7004070173596647, -0.015739547156319738, 0.29022211008161153, 0.5379354056010688, 0.0625280955330862]], "inverted": true, "swapped": true, "error_lsq": 0.04190165332827202, "error_max": 0.282508037904349, "target": "1003.xyz", "model": "3.xyz", "model_rescale": 3.9243930471874484, "target_rescale": 4.305885194134966},
{"mapping": [1, 2, 13, 8, 15, 0, 6, 12, 10, 3, 14, 9, 16], "R": [[0.14307150083149955, -0.8336757505274586, -0.5333997456245189], [-0.7335735407541564, -0.45111113051659846, 0.5082997228303858], [-0.6643797151894636, 0.318564735817566, -0.6761036186401106]], "T": [-0.009937198904326233, -0.08104880414399118, -0.08181113810061347], "aligned_model": [[-0.009191260787355576, -0.2482841355749159, 0.39533161342639067, 0.43658396411590705, 0.6866482372524435, -0.6182352846437902, -0.3217552435049824, 0.3866659202926841, 0.23537677135867507, -0.4333102198768004, 0.47272841019663914, -0.6377179529672076, -0.06763493297633491], [-0.572698495905105, 0.09779649902087717, -0.2764738159864831, -0.43954116568487145, 0.09675598222527076, -0.48521551852290673, -0.5304311278913356, 0.2891603273660435, 0.6072974124897611, 0.400274045947305, 0.09721334170809576, -0.07919160660413824, -0.07711632448092624], [-0.6582614340967803, -0.6421383760498739, -0.5091655045817238, 0.07823285888648746, 0.0543074766141618, -0.25348347375975777, 0.3888214474782342, -0.6480437024670063, 0.03677901959302346, -0.002239719711379873, 0.5564400917622716, 0.406308806978996, -0.02048717527568853]], "inverted": true, "swapped": true, "error_lsq": 0.038349710227558884, "error_max": 0.23149218879858316, "target": "1003.xyz", "model": "4.xyz", "model_rescale": 3.8936222436046832, "target_rescale": 4.305885194134966},
{"mapping": [15, 14, 10, 13, 3, 9, 6, 0, 1, 8, 2, 16], "R": [[-0.9530171975797705, 0.3027734410749189, 0.009298628761995303], [-0.07616082175605428, -0.20978885380758494, -0.9747759568472864], [-0.2931855220617883, -0.9296864418704581, 0.22299185961735085]], "T": [-0.06515431538942049, 0.0007237436873156235, -0.05174637146754478], "aligned_model": [[0.009789669137503787, -0.4379035027161441, -0.4448127570729853, 0.5143836024441738, -0.5624335868118198, -0.6664528711865935, -0.27343578030260474, 0.04878355729875006, 0.6309923740678627, 0.19824196808462344, 0.1448549360213909, -0.13445956674905998], [-0.5018642070216731, -0.6781769490562057, -0.005830046714340533, -0.06916256148504377, 0.4051798163557933, 0.11695948142533472, -0.24356475866597194, 0.3876943672263398, 0.20116140969315846, -0.5312205426857978, 0.5856246461715633, 0.002122249866650893], [-0.5782089439062439, -0.32055858847732954, -0.6872615946933753, -0.2622628938464712, -0.13160013172365692, 0.455503572059032, 0.5944826556082877, 0.5808044823315178, 0.170108194386611, -0.017545825758942465, -0.18038760462090864, -0.0037886020830021766]], "inverted": false, "swapped": true, "error_lsq": 0.04230107166929114, "error_max": 0.23057798362813028, "target": "1003.xyz", "model": "5.xyz", "model_rescale": 3.6523030999806103, "target_rescale": 4.305885194134966},
{"mapping": [5, 10, 15, 11, 8, 3, 12, 6, 2, 1, 13, 7, 16], "R": [[-0.016140211815427297, 0.2519688652371568, -0.9676007361064032], [0.4382279226613136, -0.8680450663596367, -0.23335391697729016], [-0.8987189668425294, -0.42779604219743994, -0.09640936115182663]], "T": [0.024699428858537417, -0.08040753867938767, -2.3488791622006122e-06], "aligned_model": [[0.14192186654952993, -0.22105626334420903, 0.23216532695799114, 0.7039605191996566, 0.4924142636724546, -0.33034437955458773, -0.49656110824903704, 0.5474748830504694, -0.5714211151084531, -0.11276764333471222, -0.05464554269669869, 0.4994048076036793, 0.050537289918211464], [-0.5411053616168414, 0.06103685491025303, 0.4896485022516597, -0.5016235041062009, 0.2780846744746564, -0.5219930156919431, 0.49498021554198046, -0.5355428186221807, -0.07649499864993879, 0.18040849453857627, 0.4733801418949246, -0.10166366914144506, -0.15828861162031704], [0.6008163566160292, 0.6838548779847547, 0.4091041171137534, 0.34995910362994787, -0.07898443344656023, 0.3101495044619712, 0.1103812409590322, -0.20057078580178953, -0.21768677037792783, -0.6979226311934125, -0.26849644636564596, -0.6497810250607599, 0.0192866309623962]], "inverted": true, "swapped": true, "error_lsq": 0.04629472381192528, "error_max": 0.2596748944502944, "target": "1003.xyz", "model": "6.xyz", "model_rescale": 4.08911054899281, "target_rescale": 4.305885194134966},
{"mapping": [9, 6, 0, 5, 10, 12, 3, 2, 14, 11, 15, 8, 13, 1, 16], "R": [[0.7638008538324043, 0.49289263334119227, 0.4167314575153592], [0.28825648119063757, -0.8381651947733259, 0.46301976990425026], [0.5775088369336717, -0.2335293520493265, -0.7822707875121887]], "T": [0.08092640452718997, 0.0031032223471445936, -0.02243674124457598], "aligned_model": [[0.10018832743536651, 0.20328538431720572, 0.7388647708239107, -0.4287738094192504, -0.5154976134587792, 0.019778545322921393, -0.0223176629537106, 0.45794364746173544, -0.6772040059725557, -0.36487536836482587, -0.47157675352918355, -0.04955476370620224, 0.25032147652582437, 0.7256091463035783, 0.07014221901351927], [-0.6822807552899903, -0.6944094123412973, -0.32682082245039445, -0.38536051076532446, 0.3092643000057157, 0.7843514445545512, -0.07353277797036552, 0.3898205546508607, -0.17972526827175594, -0.7427923768171153, 0.3129895734830533, -0.04435047547293451, 0.4540838870167088, 0.25059956753445206, -0.07107811169705086], [-0.42524064721268096, 0.11603491996632359, -0.16774990574127105, -0.4422799510142742, -0.33645404770779275, -0.05210670537760212, -0.6554577499932396, -0.35570723453518505, 0.23038758307486865, 0.05625297255500414, 0.3437391712767306, 0.5556937064740647, 0.3686991043753758, 0.28924360969392116, -0.06098479375216254]], "inverted": true, "swapped": true, "error_lsq": 0.04032198676614041, "error_max": 0.20411620902294436, "target": "1003.xyz", "model": "7.xyz", "model_rescale": 3.964800864290218, "target_rescale": 4.305885194134966},
{"mapping": [14, 5, 6, 15, 7, 10, 8, 9, 3, 2, 12, 1, 0, 16], "R": [[0.12299608206907564, -0.9573999372108151, -0.2612610266082275], [-0.9155055033536472, -0.21107390791651715, 0.3424871949811188], [-0.38304260484291097, 0.1970613245301507, -0.9024661751276778]], "T": [-0.013108308638447783, 0.00950110154426253, 0.11922942638479384], "aligned_model": [[-0.3772650070297862, 0.22676032816570943, 0.4774414190739057, -0.686970712297377, 0.213124581933503, -0.3662726812166926, -0.33108916685927425, 0.688646109515678, 0.3074441466742611, 0.05947712344253056, -0.5881834930679856, -0.03222594859140833, 0.6162405506353638, 0.05406063908244514], [-0.28926675830851956, -0.6131480783208526, 0.24375046525192873, -0.10399726731735348, 0.7505583105509401, -0.6410780468415068, 0.3587648051230521, -0.22973720416827773, -0.5262936552222705, -0.018202514542700755, -0.10899688374730625, 0.6505744250913699, 0.3591411255511099, -0.021120256918410435], [-0.5517666840434186, -0.25725129917955714, -0.3552789472901715, -0.14230770366401624, -0.09908740740222977, 0.1284370910757236, -0.2419008028224549, -0.16831009232514016, 0.2848135848853197, 0.7490908262003076, 0.6390514265870991, 0.5225586086484078, 0.33022836453390714, 0.07853807352124476]], "inverted": false, "swapped": true, "error_lsq": 0.04111984028516132, "error_max": 0.27741881971312443, "target": "1003.xyz", "model": "8.xyz", "model_rescale": 4.121658175737393, "target_rescale": 4.305885194134966},
{"mapping": [0, 7, 6, 9, 1, 2, 8, 10, 14, 13, 3, 5, 16], "R": [[0.6569666402939116, 0.17784683064368495, 0.732642708535973], [0.679612463508797, -0.5603904317677018, -0.4733808862076214], [0.326376673468608, 0.8089085664110656, -0.489024741912268]], "T": [-0.05684269781781465, -0.07028074306614959, 0.056232505731577974], "aligned_model": [[-0.5545105284772462, -0.2163366944188314, 0.13098303491128793, 0.09129060619366658, -0.654293499808712, -0.6193619477311283, 0.21392509266467163, 0.2867440554414388, 0.7503750017924202, -0.2875599336101745, -0.08429745973444425, 0.44788707166711467, -0.02810730245486618], [0.17685970675128512, -0.4079061450861382, 0.11177442689754583, 0.5947788999669417, -0.4887041706523747, 0.037719578170303636, -0.5597992940537796, 0.10086786555915492, -0.18002887196726658, -0.6288747176774965, 0.534345953904257, 0.5015783655062216, -0.002224157906944496], [-0.44784785824581536, -0.6569155158398021, -0.6162609185173411, -0.3537984694280092, -0.14868038804031078, 0.3294897880902015, -0.14518346969219356, 0.6892565022849362, 0.14822733663389612, 0.19697279380961796, 0.281888892502702, 0.12828610084624534, 0.01564063955496165]], "inverted": false, "swapped": true, "error_lsq": 0.0447581231936192, "error_max": 0.27501720423750226, "target": "1003.xyz", "model": "9.xyz", "model_rescale": 3.833441315466971, "target_rescale": 4.305885194134966},
{"mapping": [14, 15, 3, 2, 12, 10, 13, 0, 9, 4, 11, 6, 8, 5, 16], "R": [[-0.21602239631003967, -0.5078145610218119, 0.8339416621722966], [-0.6147532328260634, -0.592820896923937, -0.5202324931222605], [0.7585596792753833, -0.625050202611377, -0.184118052328131]], "T": [-0.0588938616199271, 0.08355224206515334, -0.05510732002955439], "aligned_model": [[0.19325250122119847, -0.08745393675446261, -0.4253176131676203, -0.5426568788615238, -0.6681172386822836, -0.5355682049519837, -0.1278458827579041, 0.137274818634911, 0.19084286397217093, -0.33606620963613404, 0.5217599139322291, 0.5633678000336044, 0.34854839495454876, -0.07876393381754285, -0.029411375824675807], [-0.6920371050399854, -0.5512262170211971, 0.10907564511937672, 0.4854551521491536, -0.032195328026932715, -0.4644170863305206, 0.1393128068872242, 0.7810350557692552, 0.23309241992169882, 0.6389532724620075, -0.30889036520112806, 0.23188592145318282, -0.1504535261909954, -0.30467255948085237, 0.08618345282469161], [0.028507819969716894, -0.41789474977550534, 0.4762402138219614, -0.14001263368867292, -0.535125579075675, 0.08833001474959452, -0.6692749504398282, 0.13953146960728524, 0.684921401194259, 0.37007558610836516, 0.46462485096162426, 0.27874525288125346, -0.4194479727984356, 0.6050846100376583, 0.0238165742684915]], "inverted": false, "swapped": true, "error_lsq": 0.045000774847208116, "error_max": 0.30705535126674044, "target": "1003.xyz", "model": "10.xyz", "model_rescale": 4.2482417240324, "target_rescale": 4.305885194134966},
{"mapping": [12, 10, 14, 5, 1, 7, 8, 9, 3, 0, 2, 16], "R": [[-0.6699293323179258, 0.6018156502898858, -0.43475580820297255], [0.7250305848168358, 0.6563431737845189, -0.2086726846202488], [0.15976651958472132, -0.4550072101545497, -0.8760382970664913]], "T": [-0.052287943257832356, 0.06233402499217612, 0.01162415867948479], "aligned_model": [[-0.7247122195427192, -0.03232301628018118, 0.3650819609885355, 0.5774902230504936, -0.5885825699355464, -0.011453149368961454, -0.06623737629559139, 0.6315846888425092, 0.17609125956704424, 0.010780368562630566, -0.4868377579384369, 0.0258831907132301], [-0.3407019193581745, -0.677667850330834, -0.3484232090367297, -0.350421540489707, 0.5971113111227843, 0.8282233014027959, 0.22781417393596032, 0.20491138296183753, -0.25707515021396377, 0.6644510915532085, 0.048150571660557875, 0.06975922684290405], [0.031009008008795795, 0.01947970902328542, 0.5853740806806836, -0.12972295036593787, -0.008777979001005277, 0.25607350639669263, 0.5825302252991816, -0.36832731874562613, -0.5012781030069392, -0.4314628656812653, -0.4506818076294918, -0.019023215124017077]], "inverted": true, "swapped": true, "error_lsq": 0.04261331557009437, "error_max": 0.1924992339787256, "target": "1003.xyz", "model": "11.xyz", "model_rescale": 3.6694154284099745, "target_rescale": 4.305885194134966},
{"mapping": [5, 14, 8, 15, 10, 9, 3, 0, 13, 1, 7, 2, 6, 16], "R": [[-0.06564778648219322, -0.8609379578641398, 0.5044563418559761], [0.5772816488515629, -0.4451234737293895, -0.6845516715590597], [0.8139018773962926, 0.24627408682970786, 0.526225054636307]], "T": [0.12056443070997563, 0.04953146274689867, 0.009944275115149517], "aligned_model": [[-0.011254888980872818, 0.09121652094024446, -0.023207613870982358, 0.4719453200558761, 0.6375151101029313, -0.432981404708017, 0.22262885405623764, -0.3285653330622369, 0.40749299023405094, 0.10976766579956693, -0.4724434355972616, 0.460142935569016, -0.5968764308571803, 0.0628845605744375], [-0.4128635019437867, 0.3031302116425842, 0.6097170279378961, 0.5099400213985814, -0.1498080536168063, -0.4960792255057217, -0.5767690362155705, -0.2071929899477346, 0.5196031794159032, 0.36672735173224047, 0.45981113579296984, -0.2126631492697566, 0.02122415416291839, -0.003789837447463147], [-0.5865297514906929, -0.7691157290082637, -0.1280185279455301, -0.4371905131938898, -0.4810637042019334, -0.1581901654224202, -0.11079739133930601, 0.5532891891792895, 0.2958989620313697, 0.697901481244142, 0.36774534847162343, 0.4776000702672776, -0.061800431158410676, -0.020633377780840262]], "inverted": true, "swapped": true, "error_lsq": 0.03648489339913846, "error_max": 0.22874741333720813, "target": "1003.xyz", "model": "12.xyz", "model_rescale": 3.9764082729961374, "target_rescale": 4.305885194134966},
{"mapping": [9, 0, 4, 12, 5, 11, 14, 3, 2, 6, 1, 13, 7, 8, 15, 16], "R": [[0.22368002620046157, -0.10686415301481902, 0.9687865083078862], [0.7428230436119563, 0.6622078321531738, -0.09846173324730659], [-0.6310159837579636, 0.7416608657839643, 0.22750382064165442]], "T": [-0.11517067503086346, 0.07771786361581445, 0.07143297440599616], "aligned_model": [[0.044617886804103904, -0.34745910452032747, -0.6371527182131359, -0.5719614524785029, 0.13146693338666288, 0.6144864500269053, 0.5433065038250338, -0.3972734423586632, -0.7461788793865204, 0.3248996505001058, -0.4126065711866527, -0.23920844084384396, 0.18195723566355976, 0.3305525714181946, 0.20750562408927953, -0.08811193291680527], [-0.062080815812101064, -0.5597881202986251, -0.13375005090902686, 0.44224265016611375, 0.5097316562119218, 0.14192646881396986, 0.5647035033748214, 0.3585591852365645, 0.022790656675999693, -0.34486862895661813, -0.48588012869156827, -0.029856184248114342, -0.6575276198998551, -0.032492693104068715, 0.5399673813694461, 0.07178685741438331], [-0.6949201751770838, -0.24868714516697044, -0.4274571803017974, 0.5943402489665944, -0.5112338892058413, -0.40266540303804577, 0.10832344564954352, -0.437285211103574, 0.11109613421298631, -0.31383155981194505, 0.4811940149303859, 0.6698541947268939, 0.20977469395680182, 0.44918477657523986, 0.5378871291908668, -0.008177131551356409]], "inverted": false, "swapped": true, "error_lsq": 0.038580887054108816, "error_max": 0.32997329353772614, "target": "1003.xyz", "model": "13.xyz", "model_rescale": 4.170626492500431, "target_rescale": 4.305885194134966},
{"mapping": [0, 2, 9, 3, 6, 14, 5, 1, 7, 12, 13, 10, 8, 16], "R": [[-0.9201553276728252, -0.22643964662877294, 0.3194358454994558], [0.34077757140644194, -0.06135317888867048, 0.9381398799041549], [-0.19283365832147448, 0.9720909802456204, 0.13362000727236023]], "T": [-0.023494340614858302, 0.014344073799939704, 0.12235308436056053], "aligned_model": [[0.34282278325089394, -0.03740591832898546, -0.25411288374434093, -0.5493766413498774, 0.21127334343352436, -0.34260843011059844, -0.6484242194621377, 0.6248281731669659, 0.7175622824614112, -0.14337432938546854, 0.34414290844164663, -0.6807571215193677, 0.3121582211254721, -0.0535451458874945], [-0.27751033105360073, -0.6198555105016299, 0.1921035699502188, -0.2076951016130541, 0.41811561348771636, 0.7240832354295611, 0.3382695985120783, -0.3676178590369343, 0.2141396009799644, -0.41946773625178596, -0.14977131339912284, 0.0417617202915913, 0.4253045989826039, 0.044214382148059624], [-0.4637198258537904, 0.14129704248590214, -0.6176400603591838, -0.17996201927702227, -0.42766752862452734, 0.38031555374064013, -0.18013923255730035, 0.21065891414363003, -0.12039406068083752, 0.7645401707389434, 0.5945548345084462, 0.4619366425027775, 0.3906082014011277, 0.04948446895206138]], "inverted": false, "swapped": true, "error_lsq": 0.04111199811885454, "error_max": 0.2083940430055377, "target": "1003.xyz", "model": "14.xyz", "model_rescale": 3.9786697098870705, "target_rescale": 4.305885194134966},
{"mapping": [1, 12, 0, 7, 4, 9, 15, 5, 6, 8, 3, 16], "R": [[-0.20706618964277398, -0.8757508530973959, 0.4361009474949656], [0.6923210976072136, -0.4461237389977109, -0.5671552761904324], [0.6912417022393587, 0.1844832046607124, 0.6986779345902862]], "T": [-0.09170048724058269, -0.05668092481199631, 0.008049991073236774], "aligned_model": [[0.034363377472857004, -0.8088310093823503, 0.42865248547528534, 0.5608769035528358, 0.03668828318583492, 0.41352804963449097, -0.4948811221236994, -0.06687115503529098, 0.6049114393241753, 0.044763060736455584, -0.22886987008737358, -0.04097584598588369], [-0.4757692251705514, -0.26700720321701316, 0.13586238778787219, -0.4857842931025271, 0.5137057543299717, 0.5367253658927036, -0.4599501852489436, 0.4989420566477026, 0.020063486537652955, -0.5803403151758937, 0.5745321555561099, 0.0036945053873551695], [-0.610406004210688, -0.22955224583568706, -0.49693371313476886, -0.18694333204084612, -0.4655011451606258, 0.16612056018129231, 0.46651849428287917, 0.5349591934663244, 0.17984089752088184, 0.25436390914717716, 0.00966835860846359, 0.037831521049427594]], "inverted": false, "swapped": true, "error_lsq": 0.051929065442331196, "error_max": 0.3344244690094305, "target": "1003.xyz", "model": "15.xyz", "model_rescale": 3.769337070930944, "target_rescale": 4.305885194134966},
{"mapping": [3, 10, 0, 2, 9, 5, 6, 14, 7, 13, 16], "R": [[-0.3167642155610202, 0.5473603448464928, -0.7746335163350087], [0.7064706503891081, 0.6810955228327673, 0.19237491758529712], [0.6328978210412814, -0.4863183542358729, -0.6024407078331526]], "T": [-0.12223635004232962, 0.034604380986138585, 0.10712818514654793], "aligned_model": [[-0.2090158127082265, -0.3172385714756085, -0.05938509993369749, -0.6832636028443781, 0.3760169133853542, 0.2571853714980764, 0.5164207950383708, 0.34217294062003195, 0.229321772566975, -0.46656619638603253, -0.06302237906969468], [-0.10504625225308775, -0.6513397770666448, 0.7407137531638638, 0.25446009454966917, 0.20399472557195758, -0.38568381192279233, 0.35916284587560954, -0.6140287205561775, 0.643169677755948, 0.10952289858982106, 0.0411390639171756], [-0.5175437583783258, -0.09166273298439459, -0.1384486049606825, -0.09205365413377353, -0.48904611972052975, -0.4089761579422357, 0.020821462640533223, 0.2960917414323013, 0.4996387120206592, 0.6179017873315549, 0.047494931918670255]], "inverted": true, "swapped": true, "error_lsq": 0.04028897298553716, "error_max": 0.1952408656313906, "target": "1003.xyz", "model": "16.xyz", "model_rescale": 3.7852294659196426, "target_rescale": 4.305885194134966},
{"mapping": [13, 10, 14, 15, 2, 3, 9, 5, 8, 7, 0, 11, 16], "R": [[-0.23978345125221096, -0.08809849512630524, 0.9668208477593245], [-0.18706027386341167, -0.9730201232851203, -0.1350566311750536], [0.9526344264447533, -0.21323811769636639, 0.21683439467387688]], "T": [-0.07500087179079933, 0.06178253107328481, -0.13412053024339776], "aligned_model": [[0.033053110533894814, -0.38285142117431153, 0.3624155368807916, 0.20235652924773828, -0.6077764226075721, -0.5755259369052285, -0.12048291606547329, -0.17642511284593315, 0.47488728356902604, 0.47632975247927484, -0.16880307907947123, 0.4098291312541453, -0.073240605070598], [-0.22646605363994238, -0.4864715173808579, -0.3818341901181787, -0.612206291796034, 0.12226774361354362, 0.18761638755738463, 0.6445768064979257, 0.08179728689038507, -0.12360033259500296, 0.5197501250071418, 0.7716830259685755, 0.26295245076306517, 0.11499018293486846], [-0.672917885811013, 0.2566589741576277, 0.39877646297223734, -0.06942100992227897, -0.4736102499523731, 0.25432317389708264, 0.40500415043802596, 0.6250100472638036, -0.2636126679692824, -0.5006032356477617, -0.3579309817687994, 0.5628458019302449, -0.06876788244434003]], "inverted": false, "swapped": true, "error_lsq": 0.04232741141950276, "error_max": 0.25663067815544194, "target": "1003.xyz", "model": "17.xyz", "model_rescale": 3.901054581598922, "target_rescale": 4.305885194134966},
{"mapping": [7, 13, 0, 6, 12, 3, 15, 8, 2, 5, 10, 14, 11, 9, 16], "R": [[0.07553898534385539, 0.21319422092688178, 0.9740852559486777], [0.43782551793651114, -0.8847639606978187, 0.15969204643292279], [0.8958809505379869, 0.414416406545022, -0.160176042058307]], "T": [-0.04312264052867172, -0.04506659048447463, -0.06810213566048681], "aligned_model": [[0.20692012914552455, 0.028361011788949633, -0.4318912979229636, 0.19879986790724324, -0.2609062445728439, -0.4481298681219897, 0.4612352275954302, 0.4891370014853181, -0.6272766322138678, 0.038490518338583204, -0.03518888249841394, 0.6360144263643155, 0.4902263187403993, -0.16192166905129762, -0.044783695895353026], [0.13733743801361453, -0.5946670799089692, 0.3373604098140934, 0.5697725007912302, -0.7730099779207332, 0.23524953019002542, -0.4788076085904911, -0.19837260369114373, -0.28450839365039365, 0.443307932108045, -0.24928793064418725, 0.015890969825228154, 0.6153742021013325, 0.7358090012766827, 0.03730896011277249], [-0.8112150015384927, -0.34719869516588187, -0.5833275285006386, -0.35813038979292744, 0.12590012890492863, 0.34979740922920943, 0.23663703029471608, -0.28422465433339594, -0.1328574842205862, 0.5165313553513454, 0.6434411048870481, 0.3870518333293056, 0.13351230766975736, 0.024056999278625854, -0.050308010541037375]], "inverted": false, "swapped": true, "error_lsq": 0.03630358012469612, "error_max": 0.19392840002173023, "target": "1003.xyz", "model": "18.xyz", "model_rescale": 3.9405287249114394, "target_rescale": 4.305885194134966},
{"mapping": [13, 8, 6, 14, 12, 0, 7, 2, 1, 4, 11, 9, 15, 3, 5, 16], "R": [[0.310039783704568, -0.8675306220154291, 0.3889292382759977], [0.04030466802623023, -0.39672624736001894, -0.9170516988648638], [0.9498688679263683, 0.29999817419637753, -0.08803538619850426]], "T": [-0.010449170989403497, 0.002299901426603618, -0.0488831526354781], "aligned_model": [[-0.4852995369740915, -0.011649111094971867, 0.6774786721532462, 0.1304203078820731, -0.7884902043062146, 0.34848611053435014, 0.32703548376868236, -0.3592277610558054, -0.26271380756843893, 0.16361598074983763, 0.7140105277422897, 0.7043242016496564, -0.3634819455233806, 0.11195461519154375, 0.3945487366082994, 0.06615282821431086], [-0.1946982943390719, -0.5546417172505238, -0.10229929497890104, -0.637731881413252, 0.05645017140858137, 0.4566819674987185, -0.21472828997845472, 0.5173359433252789, 0.11508326107596098, 0.7329022255032676, -0.36711631899666947, 0.29333891081665275, -0.5800760300043336, 0.4671666112023808, 0.042130332039211155, 0.02255453306879164], [-0.39640918164817757, -0.25703357134452176, -0.23989175763587067, 0.44368483470372805, 0.03289735173653513, -0.5259063037154963, -0.7467457606396344, -0.17479140863512937, -0.754331511131259, -0.09356968020659281, 0.2673151042001701, 0.14286805575295788, 0.21866165443091895, 0.38258442065671516, 0.6002369691209979, -0.02012545897046307]], "inverted": false, "swapped": true, "error_lsq": 0.04372129342313259, "error_max": 0.3309632811263117, "target": "1003.xyz", "model": "19.xyz", "model_rescale": 4.410303926677745, "target_rescale": 4.305885194134966},
{"mapping": [14, 5, 6, 15, 7, 10, 8, 9, 3, 2, 12, 1, 0, 16], "R": [[0.12299608206907564, -0.9573999372108151, -0.2612610266082275], [-0.9155055033536472, -0.21107390791651715, 0.3424871949811188], [-0.38304260484291097, 0.1970613245301507, -0.9024661751276778]], "T": [-0.013108308638447783, 0.00950110154426253, 0.11922942638479384], "aligned_model": [[-0.3772650070297862, 0.22676032816570943, 0.4774414190739057, -0.686970712297377, 0.213124581933503, -0.3662726812166926, -0.33108916685927425, 0.688646109515678, 0.3074441466742611, 0.05947712344253056, -0.5881834930679856, -0.03222594859140833, 0.6162405506353638, 0.05406063908244514], [-0.28926675830851956, -0.6131480783208526, 0.24375046525192873, -0.10399726731735348, 0.7505583105509401, -0.6410780468415068, 0.3587648051230521, -0.22973720416827773, -0.5262936552222705, -0.018202514542700755, -0.10899688374730625, 0.6505744250913699, 0.3591411255511099, -0.021120256918410435], [-0.5517666840434186, -0.25725129917955714, -0.3552789472901715, -0.14230770366401624, -0.09908740740222977, 0.1284370910757236, -0.2419008028224549, -0.16831009232514016, 0.2848135848853197, 0.7490908262003076, 0.6390514265870991, 0.5225586086484078, 0.33022836453390714, 0.07853807352124476]], "inverted": false, "swapped": true, "error_lsq": 0.04111984028516132, "error_max": 0.27741881971312443, "target": "1003.xyz", "model": "20.xyz", "model_rescale": 4.121658175737393, "target_rescale": 4.305885194134966},
{"mapping": [5, 10, 15, 11, 8, 3, 12, 6, 2, 1, 13, 7, 16], "R": [[-0.016140211815427297, 0.2519688652371568, -0.9676007361064032], [0.4382279226613136, -0.8680450663596367, -0.23335391697729016], [-0.8987189668425294, -0.42779604219743994, -0.09640936115182663]], "T": [0.024699428858537417, -0.08040753867938767, -2.3488791622006122e-06], "aligned_model": [[0.14192186654952993, -0.22105626334420903, 0.23216532695799114, 0.7039605191996566, 0.4924142636724546, -0.33034437955458773, -0.49656110824903704, 0.5474748830504694, -0.5714211151084531, -0.11276764333471222, -0.05464554269669869, 0.4994048076036793, 0.050537289918211464], [-0.5411053616168414, 0.06103685491025303, 0.4896485022516597, -0.5016235041062009, 0.2780846744746564, -0.5219930156919431, 0.49498021554198046, -0.5355428186221807, -0.07649499864993879, 0.18040849453857627, 0.4733801418949246, -0.10166366914144506, -0.15828861162031704], [0.6008163566160292, 0.6838548779847547, 0.4091041171137534, 0.34995910362994787, -0.07898443344656023, 0.3101495044619712, 0.1103812409590322, -0.20057078580178953, -0.21768677037792783, -0.6979226311934125, -0.26849644636564596, -0.6497810250607599, 0.0192866309623962]], "inverted": true, "swapped": true, "error_lsq": 0.04629472381192528, "error_max": 0.2596748944502944, "target": "1003.xyz", "model": "21.xyz", "model_rescale": 4.08911054899281, "target_rescale": 4.305885194134966},
{"mapping": [6, 0, 1, 11, 8, 9, 10, 7, 13, 5, 15, 9, 2, 4, 14, 3, 16], "R": [[-0.04423460391030015, 0.6848240572678532, 0.7273646337320059], [0.1748788276046035, -0.711527453357831, 0.6805483662266474], [0.9835957988282271, 0.15730446180994262, -0.08828709317984179]], "T": [0.03310942963200216, -0.05074966466410125, 0.021467945476763246], "aligned_model": [[-0.41372343744045054, -0.7192259241336435, -0.10351056577134457, 0.5212298310397285, 0.0313742373781505, 0.6037537164400376, 0.09084576586624596, -0.43656412601213807, -0.32586048935692424, 0.4428669889149873, 0.5350105317585688, 0.6037537164400376, -0.038141215675611774, -0.4463377459471782, 0.4060875720164501, -0.03692208653714583, -0.011115875267569318], [-0.6206195371711927, -0.04640743671145082, 0.14298359477657968, -0.16511178215059702, -0.4541455240957729, -0.3002110935917562, -0.7438637529362987, -0.3904708361282779, 0.15415018805468486, -0.6223274165052533, 0.4019089704221114, -0.3002110935917562, 0.6102948658323879, 0.45293378364403314, 0.3054999450344654, 0.6528396421013113, -0.0387830976841293], [-0.15503374251497248, -0.1630640536724419, -0.7360284454773579, -0.556937457395662, -0.5424742392915854, 0.367418382639718, 0.43060702370296183, 0.43352675778033706, 0.5371098887330711, -0.03444869032004637, -0.2518495652322985, 0.367418382639718, -0.2599522094822897, 0.07367499095275672, 0.4033005093580133, 0.5257857990600902, 0.03437430490395142]], "inverted": false, "swapped": false, "error_lsq": 0.04115372898512301, "error_max": 0.35789453886627076, "target": "1003.xyz", "model": "22.xyz", "model_rescale": 4.204369325754507, "target_rescale": 4.305885194134966},
{"mapping": [13, 8, 6, 14, 12, 0, 7, 2, 1, 4, 11, 9, 15, 3, 5, 16], "R": [[0.310039783704568, -0.8675306220154291, 0.3889292382759977], [0.04030466802623023, -0.39672624736001894, -0.9170516988648638], [0.9498688679263683, 0.29999817419637753, -0.08803538619850426]], "T": [-0.010449170989403497, 0.002299901426603618, -0.0488831526354781], "aligned_model": [[-0.4852995369740915, -0.011649111094971867, 0.6774786721532462, 0.1304203078820731, -0.7884902043062146, 0.34848611053435014, 0.32703548376868236, -0.3592277610558054, -0.26271380756843893, 0.16361598074983763, 0.7140105277422897, 0.7043242016496564, -0.3634819455233806, 0.11195461519154375, 0.3945487366082994, 0.06615282821431086], [-0.1946982943390719, -0.5546417172505238, -0.10229929497890104, -0.637731881413252, 0.05645017140858137, 0.4566819674987185, -0.21472828997845472, 0.5173359433252789, 0.11508326107596098, 0.7329022255032676, -0.36711631899666947, 0.29333891081665275, -0.5800760300043336, 0.4671666112023808, 0.042130332039211155, 0.02255453306879164], [-0.39640918164817757, -0.25703357134452176, -0.23989175763587067, 0.44368483470372805, 0.03289735173653513, -0.5259063037154963, -0.7467457606396344, -0.17479140863512937, -0.754331511131259, -0.09356968020659281, 0.2673151042001701, 0.14286805575295788, 0.21866165443091895, 0.38258442065671516, 0.6002369691209979, -0.02012545897046307]], "inverted": false, "swapped": true, "error_lsq": 0.04372129342313259, "error_max": 0.3309632811263117, "target": "1003.xyz", "model": "23.xyz", "model_rescale": 4.410303926677745, "target_rescale": 4.305885194134966},
{"mapping": [3, 0, 7, 11, 1, 10, 4, 2, 5, 10, 14, 8, 13, 12, 15, 6, 16], "R": [[0.6519190670204698, -0.1559988530714448, 0.7420686544353926], [-0.21862195268187262, 0.898388411042069, 0.3809234893136302], [-0.7260895067832377, -0.41056378401619886, 0.5515717608739361]], "T": [0.12376401937147552, 0.020854249184915102, -0.006950848035662035], "aligned_model": [[-0.2869611463998408, -0.6047292706798821, -0.15424780281856681, 0.5540336131921633, -0.023341576883671167, 0.4756802943675459, -0.013204244418219685, -0.5768173508323162, -0.20526518932764554, 0.4756802943675459, 0.5709643693111881, 0.5247051658908841, -0.003191542720105217, -0.5694168386773559, 0.47255145080733063, 0.0020203958149467294, 0.06506027271819916], [-0.7793882340013647, -0.12878666194013236, 0.14421431916324723, 0.014055312293540324, -0.5089020160617141, -0.5262532751794918, -0.4561684078618873, -0.45387711419742005, 0.12525355346070804, -0.5262532751794918, 0.5275995193421346, -0.4376485441105378, 0.6682448984748325, 0.4222417395485428, 0.32513032989783086, 0.7101671562692462, -0.08116988061895494], [-0.01990426225904179, -0.13844584852610475, -0.5980706468411249, -0.4712172992264521, -0.6657782856494108, -0.031694300752592, 0.4700957454639619, 0.3346773526780768, 0.5188272406267441, -0.031694300752592, -0.04397878615974121, 0.5450709385112305, -0.24975582388073553, 0.06060812914703384, 0.5362595948068103, 0.28956946494486857, -0.031141275746967196]], "inverted": false, "swapped": false, "error_lsq": 0.04301356960577656, "error_max": 0.45408175317220995, "target": "1003.xyz", "model": "24.xyz", "model_rescale": 4.28219845311461, "target_rescale": 4.305885194134966},
{"mapping": [9, 3, 6, 10, 5, 12, 0, 14, 2, 15, 1, 13, 8, 8, 7, 16], "R": [[-0.43692561307186595, -0.08695191399920568, -0.8952850793426913], [0.3922195292022287, 0.877294458856305, -0.2766193655050298], [0.8094812224839786, -0.47201037818240604, -0.3492081805083408]], "T": [-0.1167214223892444, 0.004636888110412581, -0.03585168874649996], "aligned_model": [[0.0006785230187259517, -0.2999512690218712, 0.18255764761172608, 0.04017718684364732, 0.2504081685343251, -0.45008843875501914, -0.5237437612756181, 0.6555271786289446, -0.7362730505443792, 0.32406563352076034, -0.5697838011283626, -0.27141015797256385, 0.2740439738560577, 0.2740439738560577, -0.049928227787145146, -0.09200281326427528], [0.43490728441867543, -0.152208621162254, 0.6364276972805278, -0.6676549825715286, -0.11815725031595845, -0.626336397477784, 0.6233624757555709, -0.2655501238315677, -0.13234773636842628, -0.48145892346402036, 0.29070405450592995, -0.13618175831914503, 0.09738463218292837, 0.09738463218292837, 0.7003646738212688, 0.04447171907708739], [-0.69422684321234, -0.6350797931072882, -0.2145760803423213, -0.30318958448475714, -0.696990224808998, 0.2892748980355877, -0.1556855228561924, -0.088188980206757, -0.0482012222983357, 0.28786380749269613, 0.4997927613024405, 0.5483631723734824, 0.4025685027894477, 0.4025685027894477, 0.3635364245678711, -0.10590379745623735]], "inverted": true, "swapped": true, "error_lsq": 0.045206365607662134, "error_max": 0.3780876328210121, "target": "1003.xyz", "model": "25.xyz", "model_rescale": 4.100010024507729, "target_rescale": 4.305885194134966},
{"mapping": [12, 10, 14, 5, 1, 7, 8, 9, 3, 0, 2, 16], "R": [[-0.6699293323179258, 0.6018156502898858, -0.43475580820297255], [0.7250305848168358, 0.6563431737845189, -0.2086726846202488], [0.15976651958472132, -0.4550072101545497, -0.8760382970664913]], "T": [-0.052287943257832356, 0.06233402499217612, 0.01162415867948479], "aligned_model": [[-0.7247122195427192, -0.03232301628018118, 0.3650819609885355, 0.5774902230504936, -0.5885825699355464, -0.011453149368961454, -0.06623737629559139, 0.6315846888425092, 0.17609125956704424, 0.010780368562630566, -0.4868377579384369, 0.0258831907132301], [-0.3407019193581745, -0.677667850330834, -0.3484232090367297, -0.350421540489707, 0.5971113111227843, 0.8282233014027959, 0.22781417393596032, 0.20491138296183753, -0.25707515021396377, 0.6644510915532085, 0.048150571660557875, 0.06975922684290405], [0.031009008008795795, 0.01947970902328542, 0.5853740806806836, -0.12972295036593787, -0.008777979001005277, 0.25607350639669263, 0.5825302252991816, -0.36832731874562613, -0.5012781030069392, -0.4314628656812653, -0.4506818076294918, -0.019023215124017077]], "inverted": true, "swapped": true, "error_lsq": 0.04261331557009437, "error_max": 0.1924992339787256, "target": "1003.xyz", "model": "26.xyz", "model_rescale": 3.6694154284099745, "target_rescale": 4.305885194134966},
