[{"mapping": [8, 2, 7, 12, 11, 4, 1, 0, 3, 9, 6, 13], "R": [[0.7476735575349244, -0.44684476593723454, 0.49123722020788346], [-0.4264160811413663, 0.2440261835240635, 0.870988259104978], [-0.5090712888261429, -0.8606863406079932, -0.008089869202379734]], "T": [-0.006669058008443725, -0.005628148634535507, -0.012838435158323658], "aligned_model": [[-0.23246456139547714, 0.287182356778255, 0.4657071004166789, -0.23991231558558182, -0.10474445037022427, -0.663431485044564, 0.3876146160628101, -0.21200485783103784, 0.7069590343934651, 0.03705229304949134, -0.5705727735206088, -0.02374249449265773], [-0.32136062679577226, -0.6828715369912044, -0.12820115631977164, 0.6830815558293459, 0.31539607096216493, -0.48336292985121787, -0.24750721124258274, -0.5171374605971597, -0.08952173425560789, 0.29746277408740696, 0.24732823198744178, -0.01975094083598578], [-0.5287608386900435, -0.04319193018324116, -0.6046885783121098, -0.07027740160533885, -0.6843403670128276, 0.12753259536992573, 0.5273199115000564, 0.6533028671323377, 0.013039152221644496, 0.5302547485198108, 0.3353713694498979, -0.07360978303654947]], "inverted": false, "swapped": true, "error_lsq": 0.038466378997390076, "error_max": 0.2677328874702161, "target": "1004.xyz", "model": "0.xyz", "model_rescale": 3.751011558992144, "target_rescale": 3.876932883216149},
{"mapping": [2, 8, 1, 4, 3, 12, 13, 6, 7, 5, 10, 11, 9, 14], "R": [[0.27335300067906965, -0.953695954401035, -0.1254677790464436], [0.930226806279377, 0.22888695138990778, 0.28686033598722627], [-0.2448596044655363, -0.1951276250112542, 0.949720476802753]], "T": [0.030164241947650404, -0.04663901020348742, -0.04120853794080309], "aligned_model": [[-0.46488016803066984, 0.11738353550539402, 0.6342494838666678, 0.6038760022455686, -0.37739626111293717, -0.27836897212060285, -0.6919755880649842, 0.6243181243796596, 0.30017120955514864, -0.4127106425313686, 0.18563319341890608, 0.1100124198657422, -0.4061996813775167, 0.0020781848710145386], [-0.5717274263076136, -0.7029579330300165, -0.1495588659970337, -0.43564437091064356, 0.12413345779693169, 0.6007657928365101, -0.009303122720773098, 0.4071927962090655, 0.3954741258884227, -0.3913226321801852, -0.013883002328864184, 0.6651216650652153, 0.15201069528438885, -0.000993969990484296], [-0.4448807928835784, 0.004140315528556954, -0.3731333384829048, 0.3397161466712176, -0.6642150307085923, -0.23524302171795655, -0.10919600528427541, 0.027665265129958247, -0.45510373740030835, 0.23291020354605818, 0.7632852141824851, 0.3105754846510095, 0.4108030130887491, -0.02974048905667426]], "inverted": false, "swapped": false, "error_lsq": 0.03392212117286581, "error_max": 0.22105572098806356, "target": "1004.xyz", "model": "1.xyz", "model_rescale": 3.9405287249114394, "target_rescale": 3.876932883216149},
{"mapping": [1, 0, 2, 5, 4, 3, 9, 6, 8, 7, 11, 10, 13], "R": [[-0.867991705154667, 0.2923796106105433, -0.40137832911346966], [-0.3362150668208731, -0.9408609471979049, 0.041714588341455056], [-0.36544469981835775, 0.17115735840766014, 0.9149619281902291]], "T": [-0.029251114835712775, -0.04766669162512703, 0.0726897497745713], "aligned_model": [[-0.33210448335314774, 0.25320141433593607, -0.3843799329880279, 0.49790823131656975, 0.5955351262142857, -0.7290207225913578, 0.060961545624618294, 0.612176223349696, 0.06248053370685272, -0.616432446339935, -0.033871719036003015, -0.46484163414600016, -0.025628856809555657], [0.5688134293561641, 0.5921593573947435, 0.012053134685986039, -0.460507010543909, -0.010658889410509811, 0.11714979430203513, 0.47805788499754376, 0.1742914245621378, -0.5806254682017565, -0.5323927524801702, -0.7407512487455199, -0.048966307646999246, -0.10979075469772905], [-0.1116149806164968, -0.43563297969059867, -0.5724812822536065, 0.15489102602939697, -0.4635415515609119, 0.06125036472609227, 0.39549188043669037, 0.27891769011746725, -0.27999535156540856, -0.020630661034212308, 0.36113839916813617, 0.6902900218683363, 0.05503777396375963]], "inverted": false, "swapped": true, "error_lsq": 0.049140398289460076, "error_max": 0.2847056708116546, "target": "1004.xyz", "model": "2.xyz", "model_rescale": 3.932901565614263, "target_rescale": 3.876932883216149},
{"mapping": [4, 5, 7, 9, 0, 1, 2, 8, 3, 6, 12, 11, 10, 13], "R": [[0.5801322770067399, -0.4005157957343183, -0.7092486436661555], [-0.4404343427817985, -0.8867254992565987, 0.1404830191393288], [-0.685174525849685, 0.23087872646790492, -0.6908189942316425]], "T": [0.04095150876203083, 0.07854063745633366, -0.06902812104489917], "aligned_model": [[-0.28428124961516293, 0.0707004925080193, 0.4964741746143913, 0.6018618120359832, -0.26117864698992926, -0.5639349248018385, -0.7179456614947158, 0.7208055719290924, 0.22250109909283555, -0.4358525324062594, 0.032522151749434715, 0.29462278838532635, -0.2502307920332896, 0.02012655749613443], [-0.5774302430342042, -0.5933078106429324, -0.3562842689042541, -0.26833906132225377, 0.1404028873433117, 0.4994534006091481, -0.16683234593300306, 0.3550010671597409, 0.42138252730135495, -0.2717103871511668, -0.22911113286997542, 0.8061165269505971, 0.28914959605181617, 0.020816454056740326], [-0.5456330532105302, 0.18500799136307264, -0.4054340500211988, 0.2547728141687663, -0.6638732775076751, -0.1446156148358617, -0.30999915079166884, -0.056585889116778115, -0.40096887313694074, 0.27254820537240676, 0.6298346296543903, 0.382627616534443, 0.5506509689396688, 0.029250909851649826]], "inverted": true, "swapped": false, "error_lsq": 0.04995774355977487, "error_max": 0.30915219402553507, "target": "1004.xyz", "model": "3.xyz", "model_rescale": 3.9243930471874484, "target_rescale": 3.876932883216149},
{"mapping": [12, 10, 11, 5, 8, 9, 6, 7, 2, 1, 4, 0, 13], "R": [[0.3276087191291126, 0.8635728425768114, -0.38329423777874333], [0.8442071832486286, -0.4497170062703046, -0.2916656407989996], [-0.42424846364129404, -0.22802754183449092, -0.8763656093565749]], "T": [-0.006664295340384201, -0.023782781865457216, -0.13933553223925824], "aligned_model": [[-0.05877900810588787, -0.25782329072648935, 0.5502694946002125, 0.41862435443317264, 0.6185617620395844, -0.5932666067209669, -0.20329657795940734, 0.4068028856750589, 0.10210569451531737, -0.5627969898825336, 0.20780397034274303, -0.4087841376869323, 0.05778433578748097], [-0.6806027167349765, -0.10137073643832831, -0.29660317859534474, -0.5237718216519686, 0.07000024820082293, -0.2349373652080237, -0.6093643343164529, 0.4142092974306639, 0.670030543028873, 0.4011016382769094, -0.13610051999481787, 0.17810974103101648, -0.022871241346786267], [-0.4522162426798233, -0.847904621282058, -0.5624004934325348, 0.01632974791573691, -0.008401754984213278, -0.13322485725147784, 0.20945436118112967, -0.6143700551001147, 0.09027447453540013, -0.0131381011498653, 0.6484839405325594, 0.598965113243626, -0.1447811961574011]], "inverted": false, "swapped": true, "error_lsq": 0.0507964290250457, "error_max": 0.2954001496253225, "target": "1004.xyz", "model": "4.xyz", "model_rescale": 3.8936222436046832, "target_rescale": 3.876932883216149},
{"mapping": [12, 10, 11, 5, 7, 3, 1, 2, 4, 6, 8, 13], "R": [[-0.7130734492289201, 0.15777208542724358, -0.68310630583], [0.681227452720778, 0.3862025355319809, -0.6219137876010061], [0.1656967521236643, -0.908820978305743, -0.38286944997879024]], "T": [-0.05732142784221897, -0.09383212537583104, 0.044070398256303094], "aligned_model": [[-0.025462568797197688, -0.6749265798524502, -0.2025226165392925, 0.3841490472913369, -0.607791208082235, -0.7003718371121834, -0.2408688306892899, -0.16943122893598053, 0.7127737895149477, 0.4894973679458541, 0.11436766593103323, -0.05186495845944543], [-0.570613566669012, -0.4577425624945067, 0.11891213609254932, -0.020952363612095654, 0.41038433149801296, -0.027065698861610074, -0.26717432178954326, 0.43556871829789595, 0.14353860348873992, -0.5328692710180009, 0.4799114514916712, -0.04297455131429333], [-0.5070077989472971, -0.19531204799157115, -0.6610867974470016, -0.4607894980408771, -0.13256129446256906, 0.35871504373816687, 0.7089004290781321, 0.5471556146177632, 0.21692850840451008, -0.06298093620688341, -0.19715086254835823, 0.0044743590815038495]], "inverted": false, "swapped": true, "error_lsq": 0.0391725569702552, "error_max": 0.2602788924094163, "target": "1004.xyz", "model": "5.xyz", "model_rescale": 3.6523030999806103, "target_rescale": 3.876932883216149},
{"mapping": [12, 10, 7, 5, 8, 9, 3, 6, 1, 0, 2, 4, 13], "R": [[0.17999500926094208, -0.8764195325898428, 0.4466437053582586], [-0.9609520990521234, -0.059651256290576715, 0.27020879140078746], [-0.2101734045222461, -0.4778394401030094, -0.8529341179209393]], "T": [0.09195571160355383, -0.02826564641900852, 0.084787904376782], "aligned_model": [[0.2359522031768143, -0.2839112903436269, 0.1418847454963114, 0.7111813259256203, 0.631412227603313, -0.32840844016452936, -0.4489321121708956, 0.25801897725375444, -0.5342318866854254, -0.14365145733826223, -0.040496900682872636, 0.5361369161972646, 0.1461285963968288], [-0.5620179266658971, -0.0825421507193034, 0.6317445274102426, -0.2887446202451147, 0.32232844187670756, -0.48731113857206154, 0.4096831374769697, -0.690498585187901, 0.053898656026599885, -0.1791460824899195, 0.5794046066237907, -0.16978215824152026, 0.0038101968705900185], [0.5605990253483945, 0.7382012066084406, 0.4725296112243382, 0.14644419148964616, 0.030778773860880335, 0.04877282177681187, 0.2653815429101731, -0.10781252527538289, -0.24212837723778596, -0.7333032625997561, -0.31411279099813944, -0.5948793431269932, 0.09963886550116216]], "inverted": true, "swapped": true, "error_lsq": 0.049287579559869184, "error_max": 0.2340945006290796, "target": "1004.xyz", "model": "6.xyz", "model_rescale": 4.08911054899281, "target_rescale": 3.876932883216149},
{"mapping": [5, 7, 13, 2, 10, 8, 4, 1, 11, 6, 0, 9, 3, 14], "R": [[0.8033624060058653, -0.4127209302630981, 0.42926714099640806], [-0.5938331116441713, -0.6089867130506803, 0.5258302186473592], [0.04439684821547915, -0.6773452716676268, -0.7343243852808106]], "T": [0.0029402979837407496, -0.017118548027980966, -0.12531451641621424], "aligned_model": [[-0.4666197804001223, 0.0733661999005517, 0.6363630114577772, 0.5038895975145397, -0.2889986912541131, -0.46430984910983936, -0.6909774814288887, 0.607643758832759, 0.2749436850489164, -0.09968291295030553, 0.12849769869647548, 0.08933201319557808, -0.4174464290252742, 0.060190019991967256], [-0.4767207326357574, -0.7876286828353667, -0.27350790011024384, -0.4342532570267878, 0.23048794993389338, 0.4782776377631717, -0.10319387753493192, 0.24883237873530417, 0.3508987773545704, -0.27362303582095565, 0.07268415738311096, 0.7108857569043656, 0.19093670617048558, 0.13523133133406112], [-0.5110351332818776, -0.09995137316150718, -0.3878686794867118, 0.3492252365437849, -0.7358368724621003, -0.1628497322753144, -0.03632776028042742, 0.19335441499437153, -0.4928855552651722, 0.2903979933463924, 0.8024931125301092, 0.15236067414015877, 0.5122115200880469, -0.0957046181660087]], "inverted": false, "swapped": false, "error_lsq": 0.04288842656154264, "error_max": 0.30697197061446413, "target": "1004.xyz", "model": "7.xyz", "model_rescale": 3.964800864290218, "target_rescale": 3.876932883216149},
{"mapping": [0, 2, 1, 7, 3, 10, 6, 8, 5, 4, 12, 9, 11, 13], "R": [[-0.6355683289688555, 0.7671806408847754, -0.08652608545035223], [0.4083032880361621, 0.23889064138940952, -0.8810333060874687], [-0.6552414243548673, -0.5952857513061954, -0.4650737039451092]], "T": [-0.03172692880284083, -0.04835401022365863, -0.05052891278559661], "aligned_model": [[-0.17567492368963922, -0.001242711249810291, 0.5665028900766869, 0.569831255377455, -0.3946399730033064, -0.1595374884605506, -0.6088476016010087, 0.5871828001892355, 0.2589290425155754, -0.45262920196531337, 0.18521979109496578, 0.11053801515728684, -0.5528029276094452, 0.013361873637890515], [-0.5239681936923208, -0.7025032525129923, -0.35196387799546386, -0.31541414238091064, 0.02497836475215847, 0.7571480232507213, -0.10209667028780534, 0.40095298674328833, 0.544475423482139, -0.39709917591679594, -0.032130760136676685, 0.47794576538758055, 0.2737090104065682, 0.015273708515429606], [-0.5665032297571404, 0.04830533758623508, -0.386775880307014, 0.2208744803758912, -0.6741306934372909, -0.15035349851403101, -0.07396560830262783, 0.027775309595953437, -0.5635036605436043, 0.3925416017673033, 0.672897561827247, 0.3697399995790882, 0.507940906187563, -0.04725939879382858]], "inverted": true, "swapped": false, "error_lsq": 0.04243726029658278, "error_max": 0.27575854756003076, "target": "1004.xyz", "model": "8.xyz", "model_rescale": 4.121658175737393, "target_rescale": 3.876932883216149},
{"mapping": [4, 6, 9, 1, 5, 8, 12, 7, 10, 11, 2, 3, 13], "R": [[0.19354308239423323, -0.42293155419280587, 0.885251363018096], [0.4627318156427767, -0.7562952538555213, -0.4624897358726485], [0.8651129071105566, 0.4991456595660936, 0.04932817133293177]], "T": [-0.04398191119250679, 0.02704781645155576, -0.08641480609588045], "aligned_model": [[-0.7921040203730556, -0.2393681907985119, 0.3073151584930322, 0.2570103740510989, -0.48288076072993574, -0.5355942980245955, 0.16502562561499495, 0.09443645783966208, 0.6492012914434291, -0.10492507730011312, -0.22237588973061112, 0.46206548801432507, -0.08106866206452193], [0.16079411144835593, -0.28305720865359346, 0.03679884005176128, 0.6233153720300174, -0.48429051871866513, -0.044554000984328136, -0.643981161820697, 0.09092619875450442, -0.2289635425591305, -0.5510858646581077, 0.6799658114358197, 0.42965733362933844, 0.00486206945643463], [-0.4053139614600253, -0.6937725870103509, -0.6014110745304423, -0.3305557129925066, -0.11791181926624451, 0.32594059211629467, -0.2815011176889311, 0.6653896076990048, 0.07209739294883452, 0.38859840836271686, 0.20989968216324742, 0.22790102859278008, -0.03828500497528852]], "inverted": false, "swapped": true, "error_lsq": 0.04257753696063046, "error_max": 0.2307123315678191, "target": "1004.xyz", "model": "9.xyz", "model_rescale": 3.833441315466971, "target_rescale": 3.876932883216149},
{"mapping": [8, 9, 13, 2, 10, 12, 11, 5, 0, 7, 4, 1, 6, 14], "R": [[0.7771442237391896, 0.5431558896094675, -0.3178498625001443], [-0.2578004601266945, 0.7355101561264507, 0.6265490667085132], [0.574095617704296, -0.40497714727795747, 0.7116233075970254]], "T": [-0.055479937341231925, 0.03212922083310714, 0.03502871562605173], "aligned_model": [[-0.2016130701646554, 0.010128454590018196, 0.6298836529017668, 0.4794506095653309, -0.26268278718405014, -0.4571398541884397, -0.6820035049430837, 0.5913763008709894, 0.2686050995213076, -0.4954861334586271, 0.2074448862016366, 0.12362884615462404, -0.22175912755933674, -0.043642531837458975], [-0.5273132229698575, -0.7759210161731749, -0.033898050829263796, -0.4479737261882224, 0.0636286069269774, 0.477616339153681, -0.1397201511736284, 0.1748743920365317, 0.455538291037509, -0.40321633841545806, 0.09852185453620065, 0.7476430681429761, 0.43676883413764006, -0.05724167060699108], [-0.48768403717391445, 0.00932891183299426, -0.3669708987776255, 0.034177143365671715, -0.759847948525434, -0.021809615801760183, -0.17299314289826057, 0.17154254148647424, -0.388665289351735, 0.2815703311855157, 0.7849454679693749, 0.0746381955051044, 0.5544972731827963, 0.0648542952645424]], "inverted": true, "swapped": false, "error_lsq": 0.047452875501487565, "error_max": 0.2707575379083989, "target": "1004.xyz", "model": "10.xyz", "model_rescale": 4.2482417240324, "target_rescale": 3.876932883216149},
{"mapping": [0, 6, 5, 12, 2, 7, 8, 10, 9, 3, 1, 13], "R": [[-0.12451724526460672, 0.5905838203184115, 0.7973118629556595], [0.9917897847718726, 0.050492348542817256, 0.11748849118442695], [0.029128653485464784, 0.8053951042294341, -0.5920221681908395]], "T": [0.006691742145323108, 0.041326328808817966, 0.02328894942155063], "aligned_model": [[-0.7571975208982787, 0.05552090298089771, 0.2563904109816164, 0.6386281871018359, -0.5732923873234793, 0.18091903604095375, -0.04979245713679365, 0.5654992027869229, 0.033327046049700375, -0.055050729315404646, -0.43912341761482915, 0.020937328709865484], [-0.32638782483696943, -0.6658993370278093, -0.2945577188457533, -0.32058296744434617, 0.49499900627622145, 0.7711030725947716, 0.24667859478301196, 0.2787926806844409, -0.3164686487061146, 0.6072390164145286, 0.1254146672250545, 0.06580084893360319], [-0.1464411202361991, 0.04921132441158141, 0.5523670497915723, -0.01795059368560828, 0.08434717564100863, 0.1830410182770572, 0.6327858859785018, -0.42672753834670046, -0.4866122025514878, -0.4159188996965607, -0.5243552148880997, 0.08144540515929127]], "inverted": false, "swapped": true, "error_lsq": 0.04762596243721834, "error_max": 0.2168781047024885, "target": "1004.xyz", "model": "11.xyz", "model_rescale": 3.6694154284099745, "target_rescale": 3.876932883216149},
{"mapping": [3, 8, 11, 9, 4, 0, 1, 7, 6, 2, 10, 5, 12, 13], "R": [[-0.11894962994422616, 0.35310573079555785, -0.9279910174217565], [0.4763281115788166, 0.8403481690936314, 0.2587015361777736], [0.8711845474156954, -0.4112557568962609, -0.26815328967550145]], "T": [0.03343281643516834, 0.06251391758398711, 0.0067812378112556936], "aligned_model": [[-0.43450694038344495, 0.11339500902853988, 0.5140065527960543, 0.6757996668617778, -0.23184130188087496, -0.38280880091002584, -0.7974709088508379, 0.6175979795264946, 0.29356918892824957, -0.3657818202934907, 0.16235047403093392, 0.16942749318175704, -0.32651468628305136, -0.06103106528205938], [-0.5393351107947657, -0.6872037958605106, -0.21459369536297151, -0.3845925829783962, -0.04280426661946955, 0.5588959696085372, -0.07255295926718455, 0.3038989223869145, 0.4230706186506323, -0.38733103435619837, -0.136306878291795, 0.8337881182746134, 0.300893710666754, 0.11348019355876018], [-0.3932925449231408, -0.05746243280542175, -0.480341851021588, 0.18607672999649258, -0.6760191517448902, -0.29502273638923787, -0.08170284089824542, 0.39748529481133205, -0.3427652776566413, 0.26090869879856005, 0.5961701722134752, 0.18345140428626658, 0.5315491577560856, -0.05145139515930276]], "inverted": true, "swapped": false, "error_lsq": 0.0406753144045977, "error_max": 0.28410180209859576, "target": "1004.xyz", "model": "12.xyz", "model_rescale": 3.9764082729961374, "target_rescale": 3.876932883216149},
{"mapping": [5, 6, 13, 14, 9, 2, 0, 11, 1, 4, 3, 8, 7, 15], "R": [[-0.0481883577580349, 0.14814027937459767, -0.9877916479720811], [0.8463171393192879, 0.5312940287895116, 0.0383921172511586], [0.530495223231087, -0.8341349486740295, -0.15097584419228638]], "T": [0.05041085967910591, -0.0004305094351064612, -0.13460673482654636], "aligned_model": [[-0.41515913861438564, 0.21800164860525184, 0.5718503955816394, 0.5988285021360431, -0.33110378722298045, -0.37211614064006954, -0.6697044599892437, 0.7379539122351229, 0.031865277511757356, -0.44059305527437237, 0.22518195130323007, 0.23263741543021957, -0.47108631203553947, 0.02963463144334881], [-0.5684104840369026, -0.7376550980581625, -0.2745356358803669, -0.3518411572507415, 0.03404520629258018, 0.6688296724440469, 0.08840307732107072, 0.23391591625290112, 0.5364568924097137, -0.4291859190321706, 0.15634030068695703, 0.5935638910808683, 0.16096431994301055, -0.04158377255788471], [-0.5389175446932372, -0.0247339033534779, -0.30028031824006807, 0.3285959050826407, -0.598025687548446, -0.03550448026853238, -0.16011072951844968, 0.18619071279207114, -0.47332572954545526, 0.16696858913222687, 0.6736762762158703, 0.20246443152160473, 0.3879122675710929, -0.03732656188409619]], "inverted": true, "swapped": false, "error_lsq": 0.0397760223816156, "error_max": 0.22745234481732785, "target": "1004.xyz", "model": "13.xyz", "model_rescale": 4.170626492500431, "target_rescale": 3.876932883216149},
{"mapping": [5, 12, 4, 8, 6, 3, 11, 0, 2, 10, 7, 1, 9, 13], "R": [[-0.6800273405386716, -0.04477800654663355, 0.7318181100858405], [0.4370038502578215, 0.7767065934901233, 0.4536017002710727], [-0.5887193312434553, 0.6282688896950718, -0.5086135578821908]], "T": [0.055109920262912365, 0.05233582278709598, -0.029783467527522794], "aligned_model": [[-0.39467679728283755, -0.023586500728908666, 0.5353666527940792, 0.5026867857488427, -0.32839103324088137, -0.31519436256024513, -0.6379818883750614, 0.5022740202270436, 0.40246447378081174, -0.12393514235852979, 0.3997858225765484, 0.0003467292737120084, -0.5459692572282211, -0.02699866215633051], [-0.5315020921745324, -0.6750545627591279, -0.3295005498101934, -0.45666813019626956, 0.061561979402141434, 0.5907660879969849, -0.045342600300172, 0.4032470414450278, 0.39304614864962784, -0.2648475367715184, 0.057289154357675315, 0.6371748683912776, 0.20784205354600044, 0.021295347837998163], [-0.5627422146448818, -0.050184975417054564, -0.3856171168824594, 0.27377248799636544, -0.7783361802511379, -0.24987706593219955, -0.12848666703631575, 0.15122479430368777, -0.4727207714852866, 0.4011061783736334, 0.7041128396981239, 0.465977315052964, 0.49062797839350925, -0.08127337490520442]], "inverted": true, "swapped": false, "error_lsq": 0.04877330019911802, "error_max": 0.3136973102570096, "target": "1004.xyz", "model": "14.xyz", "model_rescale": 3.9786697098870705, "target_rescale": 3.876932883216149},
{"mapping": [9, 0, 10, 12, 3, 7, 4, 8, 11, 6, 2, 13], "R": [[0.07376114609010709, 0.6381450749286806, 0.7663746842581263], [0.9959340775264787, -0.007284267660892407, -0.0897900477008825], [-0.0517165983892614, 0.7698816810321658, -0.6360877224582556]], "T": [0.030936729000922918, -0.013281455915853477, -0.043762754685599335], "aligned_model": [[-0.04472984508594203, -0.7991553542668038, 0.5961856453110432, 0.5761374268704145, 0.05369128070679779, 0.3540377010234041, -0.5267559332547077, 0.053813715157763946, 0.6689459745360294, -0.057859137093922784, -0.4442477472987247, 0.0532908701619849], [-0.40702051959278146, -0.2327257923282106, 0.07264078257024724, -0.49628198876521595, 0.5183552324766969, 0.6769543764435446, -0.3045877415191206, 0.24511162711305431, 0.09143974327898023, -0.7119110966070183, 0.550483965801124, 0.012215901353138808], [-0.521224783995988, -0.1454491256678758, -0.5380115960083435, -0.08235541466486021, -0.5273095460448455, 0.04358841484231992, 0.4885820352732618, 0.5474700181955919, 0.33777079520200737, 0.04142127083146197, 0.004162796592420644, 0.011321629318679555]], "inverted": false, "swapped": true, "error_lsq": 0.049613056635259466, "error_max": 0.28725908031189196, "target": "1004.xyz", "model": "15.xyz", "model_rescale": 3.769337070930944, "target_rescale": 3.876932883216149},
{"mapping": [5, 0, 11, 8, 12, 9, 10, 1, 7, 2, 13], "R": [[0.03569097017979733, 0.35497584241682795, -0.9341939337996628], [-0.45269692868513195, -0.8276388213509517, -0.33178226618048223], [-0.8909498557195425, 0.4347483555958219, 0.13115724112703592]], "T": [-0.01936104551044709, -0.0007497730314708836, -0.04231661546294849], "aligned_model": [[-0.3479932386287537, -0.30976917409377486, -0.051307443703789174, -0.5502300890833269, 0.33587696323191385, 0.40313664879487315, 0.6736115577406366, 0.20482310194999587, -0.018346379207995683, -0.3580322017810537, -0.059143614527554345], [0.2510691722455859, -0.8099805914745565, 0.7168654201622864, 0.36326306479313764, 0.22802752350957559, -0.41818386924260165, 0.29700090652818434, -0.5316157344314096, 0.584492882553863, -0.13512778147989077, 0.050253504461167976], [-0.5749321009911003, 0.04910221665288475, -0.2604863630882273, 0.007875476110102406, -0.636866541732018, -0.23197510791584675, 0.005687442389308128, 0.3744074360223746, 0.4536067392486033, 0.600468725425408, -0.04267031489771209]], "inverted": true, "swapped": true, "error_lsq": 0.04858795032633041, "error_max": 0.27928219808226823, "target": "1004.xyz", "model": "16.xyz", "model_rescale": 3.7852294659196426, "target_rescale": 3.876932883216149},
{"mapping": [3, 11, 8, 7, 10, 12, 6, 5, 2, 1, 9, 4, 13], "R": [[0.32991723868638073, -0.37113122057099746, -0.867995525757498], [-0.7967756143162086, -0.6025824743402353, -0.045199358944882306], [-0.5062639983729658, 0.706509715952641, -0.49451065227751806]], "T": [0.024431550369773913, 0.11330573182395967, -0.008233344908319826], "aligned_model": [[0.10145052923495206, -0.3975735603364801, 0.2575041561858184, 0.04507790404667328, -0.5597644683352055, -0.661370928601712, -0.16228314967474702, -0.1639020974761958, 0.6841573930067449, 0.34336962704049157, -0.18932622938009575, 0.5274473438037602, 0.02897933070227883], [-0.12445332182959881, -0.4241523882919247, -0.3334115971974354, -0.6174278506527889, -0.02959488903099511, 0.24713132909185334, 0.6706721079493961, 0.06275649084907543, -0.12106816534706707, 0.43817874250941025, 0.6466910342146789, 0.3988311799428427, 0.06090295149542763], [-0.6824080602473667, 0.30263741971617897, 0.39545876790997114, -0.24072448179999523, -0.46590714784401605, 0.2010233836498786, 0.38888721920687963, 0.6375734112536757, -0.24436738435836874, -0.5545594070815824, -0.250170528744101, 0.5788967624738323, 0.02941474300818759]], "inverted": false, "swapped": true, "error_lsq": 0.03592365783086258, "error_max": 0.2021230031150389, "target": "1004.xyz", "model": "17.xyz", "model_rescale": 3.901054581598922, "target_rescale": 3.876932883216149},
{"mapping": [2, 8, 1, 4, 3, 12, 13, 6, 7, 5, 10, 11, 9, 14], "R": [[0.27335300067906965, -0.953695954401035, -0.1254677790464436], [0.930226806279377, 0.22888695138990778, 0.28686033598722627], [-0.2448596044655363, -0.1951276250112542, 0.949720476802753]], "T": [0.030164241947650404, -0.04663901020348742, -0.04120853794080309], "aligned_model": [[-0.46488016803066984, 0.11738353550539402, 0.6342494838666678, 0.6038760022455686, -0.37739626111293717, -0.27836897212060285, -0.6919755880649842, 0.6243181243796596, 0.30017120955514864, -0.4127106425313686, 0.18563319341890608, 0.1100124198657422, -0.4061996813775167, 0.0020781848710145386], [-0.5717274263076136, -0.7029579330300165, -0.1495588659970337, -0.43564437091064356, 0.12413345779693169, 0.6007657928365101, -0.009303122720773098, 0.4071927962090655, 0.3954741258884227, -0.3913226321801852, -0.013883002328864184, 0.6651216650652153, 0.15201069528438885, -0.000993969990484296], [-0.4448807928835784, 0.004140315528556954, -0.3731333384829048, 0.3397161466712176, -0.6642150307085923, -0.23524302171795655, -0.10919600528427541, 0.027665265129958247, -0.45510373740030835, 0.23291020354605818, 0.7632852141824851, 0.3105754846510095, 0.4108030130887491, -0.02974048905667426]], "inverted": false, "swapped": false, "error_lsq": 0.03392212117286581, "error_max": 0.22105572098806356, "target": "1004.xyz", "model": "18.xyz", "model_rescale": 3.9405287249114394, "target_rescale": 3.876932883216149},
{"mapping": [2, 6, 5, 8, 10, 14, 3, 7, 11, 1, 4, 13, 12, 15], "R": [[0.16477955848129117, -0.8651590312281476, 0.4736534047075815], [0.04944929433772338, -0.47236762148246936, -0.8800134075481443], [0.985090079330927, 0.16843004737684975, -0.03505502452459869]], "T": [0.025339381080443986, 0.05762123393813429, 0.0955300279632218], "aligned_model": [[-0.12270983975784447, 0.14114986466041038, 0.5044580331217898, 0.5850762598061563, -0.3711402111718747, -0.4206504408177997, -0.8182094622820563, 0.6546481136235589, 0.18106821947508533, -0.3898124409168629, 0.18298690443306845, 0.16315646218532476, -0.35851741148539296, 0.014686789596459183], [-0.4916623253992945, -0.6698745230157599, -0.3427560309246187, -0.4453198694563952, 0.1042083375195435, 0.6295143189778627, 0.0044802047345775045, 0.22216512422031084, 0.41467725303236475, -0.4450473433204693, 0.07906656126970074, 0.7142181123876348, 0.25409721035364785, 0.04154017923581456], [-0.5615044328254248, -0.029455215562864193, -0.45347453103968155, 0.1730995364484989, -0.5816240251545723, -0.17607693093713594, -0.00949365865527313, 0.3648279601073958, -0.5106652623687409, 0.19796386079479378, 0.809219305543111, 0.060646840923189345, 0.43345045602585225, 0.06066932396459643]], "inverted": true, "swapped": false, "error_lsq": 0.03737855433766545, "error_max": 0.2448679804019446, "target": "1004.xyz", "model": "19.xyz", "model_rescale": 4.410303926677745, "target_rescale": 3.876932883216149},
{"mapping": [0, 2, 1, 7, 3, 10, 6, 8, 5, 4, 12, 9, 11, 13], "R": [[-0.6355683289688555, 0.7671806408847754, -0.08652608545035223], [0.4083032880361621, 0.23889064138940952, -0.8810333060874687], [-0.6552414243548673, -0.5952857513061954, -0.4650737039451092]], "T": [-0.03172692880284083, -0.04835401022365863, -0.05052891278559661], "aligned_model": [[-0.17567492368963922, -0.001242711249810291, 0.5665028900766869, 0.569831255377455, -0.3946399730033064, -0.1595374884605506, -0.6088476016010087, 0.5871828001892355, 0.2589290425155754, -0.45262920196531337, 0.18521979109496578, 0.11053801515728684, -0.5528029276094452, 0.013361873637890515], [-0.5239681936923208, -0.7025032525129923, -0.35196387799546386, -0.31541414238091064, 0.02497836475215847, 0.7571480232507213, -0.10209667028780534, 0.40095298674328833, 0.544475423482139, -0.39709917591679594, -0.032130760136676685, 0.47794576538758055, 0.2737090104065682, 0.015273708515429606], [-0.5665032297571404, 0.04830533758623508, -0.386775880307014, 0.2208744803758912, -0.6741306934372909, -0.15035349851403101, -0.07396560830262783, 0.027775309595953437, -0.5635036605436043, 0.3925416017673033, 0.672897561827247, 0.3697399995790882, 0.507940906187563, -0.04725939879382858]], "inverted": true, "swapped": false, "error_lsq": 0.04243726029658278, "error_max": 0.27575854756003076, "target": "1004.xyz", "model": "20.xyz", "model_rescale": 4.121658175737393, "target_rescale": 3.876932883216149},
{"mapping": [12, 10, 7, 5, 8, 9, 3, 6, 1, 0, 2, 4, 13], "R": [[0.17999500926094208, -0.8764195325898428, 0.4466437053582586], [-0.9609520990521234, -0.059651256290576715, 0.27020879140078746], [-0.2101734045222461, -0.4778394401030094, -0.8529341179209393]], "T": [0.09195571160355383, -0.02826564641900852, 0.084787904376782], "aligned_model": [[0.2359522031768143, -0.2839112903436269, 0.1418847454963114, 0.7111813259256203, 0.631412227603313, -0.32840844016452936, -0.4489321121708956, 0.25801897725375444, -0.5342318866854254, -0.14365145733826223, -0.040496900682872636, 0.5361369161972646, 0.1461285963968288], [-0.5620179266658971, -0.0825421507193034, 0.6317445274102426, -0.2887446202451147, 0.32232844187670756, -0.48731113857206154, 0.4096831374769697, -0.690498585187901, 0.053898656026599885, -0.1791460824899195, 0.5794046066237907, -0.16978215824152026, 0.0038101968705900185], [0.5605990253483945, 0.7382012066084406, 0.4725296112243382, 0.14644419148964616, 0.030778773860880335, 0.04877282177681187, 0.2653815429101731, -0.10781252527538289, -0.24212837723778596, -0.7333032625997561, -0.31411279099813944, -0.5948793431269932, 0.09963886550116216]], "inverted": true, "swapped": true, "error_lsq": 0.049287579559869184, "error_max": 0.2340945006290796, "target": "1004.xyz", "model": "21.xyz", "model_rescale": 4.08911054899281, "target_rescale": 3.876932883216149},
{"mapping": [1, 8, 0, 6, 2, 14, 15, 7, 13, 11, 5, 12, 9, 16], "R": [[-0.2135839384222033, 0.15300147599455194, 0.9648691359928293], [-0.9766629670142875, -0.01058004050907052, -0.21451692615193596], [-0.02261305178230441, -0.9881693230850241, 0.15169060222299818]], "T": [-6.151125594372128e-05, 0.04449683107843797, -0.03951229274472598], "aligned_model": [[-0.1928919018375107, 0.05431746346855543, 0.5616120853255309, 0.6075797429392354, -0.35565183220828483, -0.38271222942804267, -0.7148031751280525, 0.6683615886106868, 0.3281270106993753, -0.4968757682033965, -0.0578569300975363, 0.1381416915816201, -0.24457710338849087, 0.033420198136332166], [-0.6265910687633983, -0.6124695894643378, -0.21857847086328372, -0.3518998338691184, -0.02510717831860474, 0.5596637553793739, -0.013087284481127136, 0.2717615213462822, 0.5512000290557884, -0.4779079681657416, -0.13581681538784912, 0.7308503845417007, 0.36222706199042776, 0.05506266661480779], [-0.41694553508047083, 0.17542971675364558, -0.5036174043205165, 0.13138509977468357, -0.6639837771970747, -0.04152573153300905, -0.1711764163879015, 0.04626362538838909, -0.3083507744480475, 0.2177071662369888, 0.6401021070491006, 0.19455645871064461, 0.549391126443176, -0.07165243412586422]], "inverted": true, "swapped": false, "error_lsq": 0.04029097825326656, "error_max": 0.260104938632829, "target": "1004.xyz", "model": "22.xyz", "model_rescale": 4.204369325754507, "target_rescale": 3.876932883216149},
{"mapping": [2, 6, 5, 8, 10, 14, 3, 7, 11, 1, 4, 13, 12, 15], "R": [[0.16477955848129117, -0.8651590312281476, 0.4736534047075815], [0.04944929433772338, -0.47236762148246936, -0.8800134075481443], [0.985090079330927, 0.16843004737684975, -0.03505502452459869]], "T": [0.025339381080443986, 0.05762123393813429, 0.0955300279632218], "aligned_model": [[-0.12270983975784447, 0.14114986466041038, 0.5044580331217898, 0.5850762598061563, -0.3711402111718747, -0.4206504408177997, -0.8182094622820563, 0.6546481136235589, 0.18106821947508533, -0.3898124409168629, 0.18298690443306845, 0.16315646218532476, -0.35851741148539296, 0.014686789596459183], [-0.4916623253992945, -0.6698745230157599, -0.3427560309246187, -0.4453198694563952, 0.1042083375195435, 0.6295143189778627, 0.0044802047345775045, 0.22216512422031084, 0.41467725303236475, -0.4450473433204693, 0.07906656126970074, 0.7142181123876348, 0.25409721035364785, 0.04154017923581456], [-0.5615044328254248, -0.029455215562864193, -0.45347453103968155, 0.1730995364484989, -0.5816240251545723, -0.17607693093713594, -0.00949365865527313, 0.3648279601073958, -0.5106652623687409, 0.19796386079479378, 0.809219305543111, 0.060646840923189345, 0.43345045602585225, 0.06066932396459643]], "inverted": true, "swapped": false, "error_lsq": 0.03737855433766545, "error_max": 0.2448679804019446, "target": "1004.xyz", "model": "23.xyz", "model_rescale": 4.410303926677745, "target_rescale": 3.876932883216149},
{"mapping": [6, 12, 7, 0, 14, 9, 15, 1, 11, 5, 3, 10, 8, 16], "R": [[0.40287525860367934, 0.16543315226881306, -0.900179647701181], [0.8249004311776951, -0.49173353853191987, 0.2788142853688269], [-0.39652339735237724, -0.854885956846456, -0.33457315513777874]], "T": [-0.008526862667243196, -0.00039875060950846693, -0.05697581416888796], "aligned_model": [[-0.40477135929460595, 0.11911682693887635, 0.5830745158908883, 0.4605079746536897, -0.31269197682841937, -0.37916383756631084, -0.7103322336930826, 0.7690653652711651, 0.2057344884438855, -0.34670977940877495, 0.4056135474509867, 0.01542271469968391, -0.5249963494829695, 0.06632094339500916], [-0.5281509486799864, -0.7932741758494071, -0.14858700468722025, -0.489576929967154, 0.11449865945384298, 0.49179709666441296, -0.0030401415566429424, 0.312352289585511, 0.46946818296178855, -0.4524257417511916, 0.07823891507597137, 0.5769308399001346, 0.4311734037902607, 0.009902764674600207], [-0.43429001491424063, -0.09206831106044626, -0.3215111557091359, 0.2763361137692413, -0.6506357829243097, -0.17007517045511328, -0.18649969261567262, 0.12706891810305998, -0.42308867213361806, 0.22034340177461503, 0.7377284219320053, 0.2428589869158565, 0.414947285487715, 0.03646889909378728]], "inverted": false, "swapped": false, "error_lsq": 0.0386645787929217, "error_max": 0.2713682233459403, "target": "1004.xyz", "model": "24.xyz", "model_rescale": 4.28219845311461, "target_rescale": 3.876932883216149},
{"mapping": [3, 1, 4, 0, 9, 11, 5, 2, 13, 8, 6, 14, 10, 15], "R": [[-0.5467078936069862, -0.6235621563493154, 0.5588208265954342], [-0.31512840906177897, -0.4650934953857222, -0.827273912529631], [0.7757606363241205, -0.6283774961906922, 0.05776813491114674]], "T": [0.017382961215306775, 0.07428407710410975, -0.1540167254089672], "aligned_model": [[-0.0840847305187287, -0.136431894270157, 0.5542152443247973, 0.5446983604697863, -0.391946163261929, -0.40244647142706613, -0.7675683459229813, 0.6154556085007037, 0.35256884120497056, -0.35587663574806094, 0.20878349126725368, 0.10022154425706128, -0.360480345574285, 0.06908233716865746], [-0.5528034267165957, -0.538220269700439, -0.3570309905841563, -0.3879692090609951, 0.1458949697004346, 0.4123450730151328, -0.2485771955930652, 0.275732150481517, 0.46412378276960975, -0.19562409413822504, -0.012275314818504468, 0.6855803348535421, 0.3450450334222662, 0.033086365984398215], [-0.5973122419054777, -0.04886533823699449, -0.3998357344831849, 0.2628939858643903, -0.6871163706865897, -0.07697724345701552, -0.08406870950862254, 0.11151633597791064, -0.4516606178025381, 0.365379952766959, 0.7223795569467049, 0.2927486261076908, 0.4891105129689376, -0.12060948728842616]], "inverted": true, "swapped": false, "error_lsq": 0.04360063724344907, "error_max": 0.30700095142388134, "target": "1004.xyz", "model": "25.xyz", "model_rescale": 4.100010024507729, "target_rescale": 3.876932883216149},
{"mapping": [0, 6, 5, 12, 2, 7, 8, 10, 9, 3, 1, 13], "R": [[-0.12451724526460672, 0.5905838203184115, 0.7973118629556595], [0.9917897847718726, 0.050492348542817256, 0.11748849118442695], [0.029128653485464784, 0.8053951042294341, -0.5920221681908395]], "T": [0.006691742145323108, 0.041326328808817966, 0.02328894942155063], "aligned_model": [[-0.7571975208982787, 0.05552090298089771, 0.2563904109816164, 0.6386281871018359, -0.5732923873234793, 0.18091903604095375, -0.04979245713679365, 0.5654992027869229, 0.033327046049700375, -0.055050729315404646, -0.43912341761482915, 0.020937328709865484], [-0.32638782483696943, -0.6658993370278093, -0.2945577188457533, -0.32058296744434617, 0.49499900627622145, 0.7711030725947716, 0.24667859478301196, 0.2787926806844409, -0.3164686487061146, 0.6072390164145286, 0.1254146672250545, 0.06580084893360319], [-0.1464411202361991, 0.04921132441158141, 0.5523670497915723, -0.01795059368560828, 0.08434717564100863, 0.1830410182770572, 0.6327858859785018, -0.42672753834670046, -0.4866122025514878, -0.4159188996965607, -0.5243552148880997, 0.08144540515929127]], "inverted": false, "swapped": true, "error_lsq": 0.04762596243721834, "error_max": 0.2168781047024885, "target": "1004.xyz", "model": "26.xyz", "model_rescale": 3.6694154284099745, "target_rescale": 3.876932883216149},
{"mapping": [12, 11, 9, 10, 3, 1, 6, 8, 7, 2, 4, 5, 0, 13], "R": [[-0.025422834099838837, 0.9343133627184794, 0.35554496164622984], [-0.08310142313557078, 0.35245374855633316, -0.9321322377224339], [-0.9962167600372798, -0.053243735540212556, 0.06868239691907232]], "T": [0.06227284412254203, 0.029509240353409818, -0.0039903785690222696], "aligned_model": [[-0.28792209079022074, 0.021971612154728877, 0.47168155685596475, 0.4442497780567322, -0.09085203419052426, -0.5995380612605324, -0.5892533816912695, 0.6613990588065249, 0.20630643690040285, -0.3510331643161183, 0.3070327490338293, 0.01587585051923724, -0.2912096487908464, 0.02748217918211362], [-0.5303730466905009, -0.8267408785212326, -0.2621532257749537, -0.357550006683365, 0.10139160607801218, 0.6104629981617077, -0.02124627115689365, 0.20754069903033331, 0.4687124586769904, -0.3801329186809904, 0.0011589103087152018, 0.7932718614870995, 0.2685089322688858, -0.003543908888887868], [-0.44402236101277065, -0.04123301373665219, -0.46462151870203133, 0.25324391369815746, -0.7940643735042977, -0.06837757061993907, -0.214056765534022, 0.1290876850998566, -0.4311711153586792, 0.34743684168208455, 0.7801138350550985, 0.19723704815189236, 0.5008488211779718, 0.027161800867074815]], "inverted": false, "swapped": false, "error_lsq": 0.041901128063994805, "error_max": 0.2770947755981243, "target": "1004.xyz", "model": "27.xyz", "model_rescale": 4.103607728864725, "target_rescale": 3.876932883216149},
