[{"mapping": [3, 6, 12, 7, 1, 4, 9, 5, 13, 10, 8, 15], "R": [[-0.4992664961887759, -0.5203979747253835, -0.6927618015487736], [0.8442991126634798, -0.47182627963297097, -0.2540452129117382], [-0.1946586092086451, -0.7117344376587582, 0.6749386017346521]], "T": [-0.08358118264331013, -0.03313712293678301, 0.03257011468993555], "aligned_model": [[-0.31057446115535814, 0.19808510426567014, 0.35124527496950053, -0.28497731660926595, 0.12167253355795318, -0.4919794012247307, 0.3053667602457829, -0.25580890133402234, 0.5939071749479298, 0.10211871186192845, -0.5020633257851983, 0.01065030872035913], [-0.36435159840098214, -0.76982648963984, -0.24212155145300418, 0.6951775046414238, 0.4408776597979737, -0.6091718532293511, -0.33722821705849704, -0.6327539091915605, 0.15578895323092257, 0.49074477141792455, 0.3024787506700937, -0.07605898480804618], [-0.5277791038944752, -0.05606961507469353, -0.5326951682867568, -0.12099358549887516, -0.5794424632807347, 0.0422910906339571, 0.5931469469457372, 0.6312045303065437, -0.1891328336351169, 0.45238452248618755, 0.39998410697999676, 0.0690533176717925]], "inverted": true, "swapped": true, "error_lsq": 0.04357240820233965, "error_max": 0.2608403246237936, "target": "1005.xyz", "model": "0.xyz", "model_rescale": 3.751011558992144, "target_rescale": 4.325837376516469},
{"mapping": [5, 4, 0, 9, 2, 10, 3, 6, 8, 13, 1, 12, 14, 11, 15], "R": [[0.7620529603831658, -0.5095786542272854, 0.3995057956114804], [0.438705900112332, 0.8601146580629992, 0.26026891514700445], [-0.47624827430436095, -0.023073147619661893, 0.879008083626675]], "T": [-0.05977921842217736, -0.09564480693620687, 0.0409588214859529], "aligned_model": [[0.05207327327121976, 0.22606042191001408, -0.4501709092244893, 0.05929761452004138, -0.16172525892591427, -0.6000148766166314, 0.3815528985695825, 0.6698894702081253, -0.664232869185543, 0.16532414534481654, -0.05394558603425191, 0.5477705563286047, 0.5059253730221981, -0.13180406453425347, -0.006913977564484017], [0.010031174208807184, -0.4949530094148099, 0.3258913884860239, 0.4954587750169433, -0.5899164456465781, 0.33393285305604564, -0.613976718775093, 0.021839662310867883, -0.22423722528632867, 0.38162209362938004, -0.1930863235036741, -0.04361057885039536, 0.49390451973146804, 0.647011559946446, -0.0011543750819965615], [-0.809856933020021, -0.4665333186158264, -0.590956882388851, -0.3999669590285844, 0.1424653904064226, 0.1347100598566387, 0.14948630968986107, -0.24832499452430548, -0.16117513038201628, 0.5561097852520367, 0.8358485103371843, 0.4657518181900709, 0.08085128203282008, 0.13845653332308777, 0.02280093372345828]], "inverted": false, "swapped": true, "error_lsq": 0.03685232481488547, "error_max": 0.23333724077086174, "target": "1005.xyz", "model": "1.xyz", "model_rescale": 3.9405287249114394, "target_rescale": 4.325837376516469},
{"mapping": [7, 12, 11, 4, 6, 10, 2, 3, 9, 0, 5, 8, 15], "R": [[0.4818431249333939, -0.8659056669393533, 0.13429288483287372], [-0.669178668266161, -0.2646834242376095, 0.69436488597234], [-0.5657093890788352, -0.42444088033101546, -0.7069814892993194]], "T": [-0.022436303953330114, 0.09815521422111259, 0.019574222836948364], "aligned_model": [[-0.47371739853166556, 0.4365403870249123, -0.4636130332654524, 0.4694249443102467, 0.5744993455413514, -0.7108587676196542, 0.12675815103192184, 0.606462107900255, -0.17408628528041659, -0.5113073298911733, 0.09912726226187746, -0.46094721151275897, -0.022298892685512176], [0.6662126760447478, 0.4183449710101944, -0.056515972302579265, -0.2683782050524056, -0.283640984975404, 0.09231669340525547, 0.3713406007135531, 0.3330371379483663, -0.5270849348620608, -0.598191128580812, -0.7443973065852972, 0.011952455287466218, 0.043836591520993035], [0.28080305600657124, -0.46939642712794316, -0.5700627664328044, 0.3694676034963614, -0.33792209117012756, -0.08635617997321189, 0.42958860154879414, 0.1762187040326027, -0.35999832596195097, 0.09388965842734691, 0.1708798408964155, 0.49184070352310666, -0.07583202767651628]], "inverted": false, "swapped": true, "error_lsq": 0.04961767094072297, "error_max": 0.3097093786081122, "target": "1005.xyz", "model": "2.xyz", "model_rescale": 3.932901565614263, "target_rescale": 4.325837376516469},
{"mapping": [2, 8, 7, 3, 1, 13, 10, 12, 6, 14, 0, 5, 11, 15], "R": [[0.1436018887795321, -0.6410470447387402, 0.7539477329169962], [-0.3947017815119094, 0.661528385444751, 0.6376446494107716], [-0.9075180445645562, -0.3891514893747531, -0.1580256849601849]], "T": [0.04933735569555363, -0.008232915449674014, -0.0777419423783445], "aligned_model": [[-0.08172733617814183, 0.5805601249886592, 0.12695807223482442, -0.49359348628168487, -0.46761967732748166, -0.2909927693325909, 0.5160474272468815, -0.6421619781291021, -0.2781161127346676, -0.2198233347688719, 0.8452411049119712, 0.5159958400426473, 0.2600169199524208, 0.04902511742784009], [0.15595947775935504, -0.01937610148296813, -0.48322396361182196, 0.3724810434870514, -0.534074931212004, -0.5678232966954396, -0.525291811604718, -0.1161489842802975, 0.4174368147537712, -0.151941062827607, 0.0687015823781962, 0.5990789074999997, -0.5245325865447442, -0.027748449268284667], [-0.5477035749593203, -0.4524906038377916, -0.6801893990633637, -0.26616488767812696, -0.390190495466437, 0.26118245249368044, -0.0741874994215557, 0.17217038854847913, 0.5066240633823719, 0.6812587116727279, 0.22231504909052394, 0.32346629494607726, 0.42751109558772804, 0.030294767762103963]], "inverted": true, "swapped": true, "error_lsq": 0.04305637433957411, "error_max": 0.34289393019253533, "target": "1005.xyz", "model": "3.xyz", "model_rescale": 3.9243930471874484, "target_rescale": 4.325837376516469},
{"mapping": [7, 10, 1, 2, 12, 8, 4, 13, 14, 9, 6, 5, 15], "R": [[-0.03401886800234788, 0.5461362725874372, -0.8370053096511035], [-0.7256885471905026, -0.5893393842407707, -0.35504256457394956], [-0.6871818166223381, 0.5953270210119898, 0.41637349694308523]], "T": [-0.00899030848283916, -0.17528992121733203, -0.10212887589785585], "aligned_model": [[0.019750024804848873, -0.3871494448522974, 0.5997915831825125, 0.11734923338219744, 0.677673222280994, -0.5125184170254979, -0.10337827490826873, 0.3988254967118611, 0.24177712740212398, -0.3958364709694029, 0.21735017122415562, -0.5855131171458245, -0.0109152477760493], [-0.5868925361890311, 0.0013584073801612695, -0.2998630989793759, -0.6738729191500507, 0.09214646709111188, -0.5222517231311046, -0.4050345623599954, 0.3272215779699317, 0.5870349881219068, 0.4349052304866712, 0.2340366539307381, 0.005906914524197726, -0.06686584601357386], [-0.7535440201242287, -0.6597773876230006, -0.6073462841712005, -0.08081348531765045, -0.005981314989850051, -0.32311600764144066, 0.5589368730842816, -0.45568820110621366, 0.056483631378973415, 0.08763467189279667, 0.5390620972222813, 0.5162197303212834, -0.08499998755506802]], "inverted": true, "swapped": true, "error_lsq": 0.045313140967540716, "error_max": 0.32725653031776664, "target": "1005.xyz", "model": "4.xyz", "model_rescale": 3.8936222436046832, "target_rescale": 4.325837376516469},
{"mapping": [0, 8, 5, 9, 4, 2, 1, 12, 14, 11, 6, 15], "R": [[-0.64353355777447, -0.5963582260385814, -0.47981394962448654], [-0.6414162720101211, 0.7622329365700807, -0.08709831461279512], [0.4176717922229979, 0.2517097865476581, -0.873036343652062]], "T": [-0.23206813778167784, -0.10649571345750201, 0.09394597537750016], "aligned_model": [[-0.055995069342678505, -0.599518027134019, -0.17890225072594823, 0.3121024367557566, -0.5429015722674466, -0.7151183368610372, -0.23882538980032847, 0.08871259861850905, 0.5284006279363778, 0.43393678780389094, 0.12262957319891832, -0.12697333596689692], [-0.4771845933436073, -0.5698394305795604, 0.1381642451970898, -0.11251753145944304, 0.40181348271363787, -0.04716318075538401, -0.23490124275903607, 0.3395317080091668, 0.19374706896916077, -0.45386430404776695, 0.5787993846490065, -0.08766270148345628], [-0.6550559752216859, -0.17633450688957342, -0.7336292381766898, -0.41775745843870704, -0.2851370629012447, 0.26170528890248645, 0.8844172635656052, 0.5943784265589009, 0.12083518756366374, 0.04917586359094314, -0.09169961229833326, 0.06838654302015282]], "inverted": true, "swapped": true, "error_lsq": 0.0416767811825618, "error_max": 0.22420261880476258, "target": "1005.xyz", "model": "5.xyz", "model_rescale": 3.6523030999806103, "target_rescale": 4.325837376516469},
{"mapping": [5, 6, 14, 9, 13, 4, 12, 8, 3, 2, 1, 10, 15], "R": [[-0.016647523982155576, 0.9978992036711442, -0.06261021687999638], [0.07221528374023445, 0.06365536816986425, 0.9953556886347095], [0.9972501254648111, 0.012048793120294776, -0.07312327840546642]], "T": [0.09368568024313914, -0.1035910213347061, -0.11391432333493177], "aligned_model": [[0.18046841778559622, -0.18651173081255776, 0.2739978955695491, 0.552967074108086, 0.3329832752883046, -0.3601571584618134, -0.224520421615699, 0.33068150733916146, -0.5876406734841411, -0.27032232078040974, -0.046582566301322126, 0.7407638842753056, 0.14495572175423443], [-0.7339646987186057, 0.0009106502398341376, 0.3713005243792402, -0.21929304145744938, 0.5881444735457826, -0.5472449854230999, 0.5261348012119536, -0.5716406674405178, -0.006141616509602113, -0.23202981283977436, 0.5321590046648794, -0.10354312925505163, -0.063964598234406], [0.4714604492088539, 0.621254319469562, 0.5272931521186387, 0.4637290999399597, -0.024056656150279396, 0.19575881195758643, 0.11946015020236987, -0.4979987765419743, -0.07494975955250543, -0.4545059902461894, -0.5803103152909965, -0.3717332959069791, -0.025291449726257728]], "inverted": false, "swapped": true, "error_lsq": 0.059435552566335995, "error_max": 0.33788836425286184, "target": "1005.xyz", "model": "6.xyz", "model_rescale": 4.08911054899281, "target_rescale": 4.325837376516469},
{"mapping": [1, 2, 7, 12, 14, 9, 13, 10, 6, 3, 5, 4, 0, 8, 15], "R": [[-0.8926088418551187, 0.3787176807403284, -0.2445861274412972], [0.44637163423296633, 0.8185359365651852, -0.3615954710772056], [0.06325993672344815, -0.4319396240749649, -0.899681244419224]], "T": [0.07711381304880482, -0.1038779313360497, -0.009562034312240182], "aligned_model": [[0.2441380798741388, 0.2605486299813063, 0.7550041026453975, -0.43396305863780626, -0.5404568777780135, -0.2038438206374622, -0.09951645796067532, 0.5648809865536358, -0.7048017490344366, -0.2623985382813349, -0.21650209751924343, -0.2508924430191499, 0.2743076245787046, 0.6399369887238759, 0.009892170310617898], [-0.6203279514168832, -0.5353239216634766, -0.3844878905170449, -0.42981375350352524, 0.22398491000988177, 0.58824549852133, -0.052141031532410426, 0.31036775790890636, -0.011862262389096115, -0.6788538793700071, 0.42387125917902435, -0.2101342624401968, 0.6693314683825299, 0.03737571700354125, -0.02947284200346041], [-0.5984259990016915, 0.20305747774899308, -0.24685344927616573, -0.43949185509246486, -0.4341723272401185, -0.004438892735283535, -0.723677413495218, -0.2846338802694935, 0.09066417147987099, 0.16176877579371943, 0.6091756564554488, 0.6067342425689225, 0.2948681185689585, 0.28375663237953236, -0.054261225802930635]], "inverted": false, "swapped": true, "error_lsq": 0.04839840374521243, "error_max": 0.3059268287017943, "target": "1005.xyz", "model": "7.xyz", "model_rescale": 3.964800864290218, "target_rescale": 4.325837376516469},
{"mapping": [6, 3, 4, 14, 5, 13, 9, 2, 1, 10, 11, 0, 8, 15], "R": [[0.7314365524284101, 0.5169405886778843, 0.44471676103898394], [-0.27808063960498935, -0.3693553034810232, 0.8867061619653503], [0.6226328995873269, -0.7722364194777428, -0.12640880026198292]], "T": [0.16553060384625432, -0.10096819504758814, 0.08848210876344337], "aligned_model": [[-0.27328078347764584, 0.4108414895377068, 0.3981597840312875, -0.6220456327304619, 0.04571495174087767, -0.377015426905539, -0.3980377977318249, 0.6460840938998387, 0.22429765129911447, 0.03888480010623177, -0.4579598234088357, -0.0024686517552739706, 0.570130216215781, 0.05788301863961537], [-0.051364896063876966, -0.45501626832229053, 0.18821747029257152, -0.2015189986219863, 0.6672084720268542, -0.5498082091072585, 0.3889726971346544, -0.26394881083005456, -0.8548523383463034, 0.08105812460563883, -0.011753434237999488, 0.6977366550747642, 0.25800934058764463, -0.08199133801115559], [-0.5709784290794182, -0.44974902670400524, -0.5123131378099814, -0.10848161694319355, -0.2898228722737056, 0.3076217457947472, 0.0698579423621008, 0.0018409313804048921, 0.3522692018446799, 0.7487911927489634, 0.5002250809162664, 0.34000289440647735, 0.4493042852655815, 0.07824684681610379]], "inverted": true, "swapped": true, "error_lsq": 0.046019018404378234, "error_max": 0.3480827415079417, "target": "1005.xyz", "model": "8.xyz", "model_rescale": 4.121658175737393, "target_rescale": 4.325837376516469},
{"mapping": [8, 10, 9, 5, 7, 2, 13, 12, 14, 1, 4, 6, 15], "R": [[-0.8945393541143855, -0.2261383345229992, -0.3855655555152489], [-0.44687378758715557, 0.43284326391830963, 0.782911570260687], [-0.010156865073841281, 0.8726443505459192, -0.4882506278051909]], "T": [-0.14950348100625988, 0.010840193180346826, -0.038139689871265425], "aligned_model": [[-0.6547232266448961, -0.25214502234452296, 0.38326113369265435, 0.0822671919164622, -0.7294552341621039, -0.5720364623779581, 0.293142349457526, 0.2847718306758966, 0.6595906002798387, -0.2856599585368617, -0.1711480924724862, 0.48366789745384964, -0.04479551050220193], [0.08970821227986595, -0.37009815917203853, 0.20865608493278823, 0.7565531562266509, -0.495081660456359, 0.08291049327066169, -0.5736392573741597, -0.23655958397173057, -0.10826089303407707, -0.6589455095951131, 0.68575312632922, 0.4051519631194264, 0.004239466856574406], [-0.43975045249622996, -0.6121880438833704, -0.522937605459453, -0.4093005349535595, -0.08592516424117046, 0.24694412769800228, 0.04113309787049349, 0.5118345674076961, -0.01908186590344907, 0.37926541772069394, 0.16855732578177782, 0.23299930672204017, -0.07047474230438253]], "inverted": true, "swapped": true, "error_lsq": 0.03473896963484582, "error_max": 0.2147071167742868, "target": "1005.xyz", "model": "9.xyz", "model_rescale": 3.833441315466971, "target_rescale": 4.325837376516469},
{"mapping": [12, 6, 11, 0, 5, 14, 4, 8, 7, 10, 1, 2, 3, 13, 15], "R": [[0.6423043823922624, 0.734716452919473, -0.21825859471993786], [0.5926964217282467, -0.2955776106049807, 0.7492294893953271], [0.4859588789498826, -0.6105944725580785, -0.6253146072588542]], "T": [0.00694577035499299, 0.07836318926785797, 0.039951113790694485], "aligned_model": [[0.16405993665468238, -0.26296508064685364, -0.5772592464974077, -0.6686390688376418, -0.5246426464019164, -0.4934875740522954, 0.07994500953314362, 0.029951848580004582, 0.4230745047670008, -0.29785198700449067, 0.4994118870094214, 0.48558313555094884, 0.49466864835873914, -0.14315997895825103, -0.08484436976055207], [-0.6426063767038337, -0.49226862364967744, -0.043170685456762545, 0.5878077150796581, 0.2822688255701656, -0.5653398720094837, 0.09525952135206935, 0.7266064573281908, 0.44667347003962743, 0.4432701838647231, -0.21187570799128724, 0.2306332714020033, -0.25704930951955435, -0.41779088376186135, 0.018683553751000927], [0.12822004055215896, -0.4411222574169574, 0.4983896343375538, -0.07609755391202966, -0.6107424297907565, 0.10624092048489822, -0.6622491695035553, 0.08478130735730766, 0.5745246101510872, 0.5489914259941231, 0.6008584183650911, -0.072836856609367, -0.31338311034243355, 0.5644843673246831, 0.04806256083028884]], "inverted": true, "swapped": true, "error_lsq": 0.04599808621939368, "error_max": 0.30862796700847034, "target": "1005.xyz", "model": "10.xyz", "model_rescale": 4.2482417240324, "target_rescale": 4.325837376516469},
{"mapping": [13, 10, 8, 0, 3, 4, 2, 5, 9, 6, 14, 15], "R": [[0.10069338219755575, 0.22629204334696928, -0.9688409332287062], [0.36310785465460504, -0.9149787884434174, -0.17597301664387716], [-0.9262901967902646, -0.33407443454486224, -0.1743007272325145]], "T": [-0.13408837508537672, 0.024385231567854763, 0.13938683136343102], "aligned_model": [[-0.702377210645648, 0.005296782941815098, 0.30779596602459003, 0.5982049685560091, -0.4132126980916587, 0.20875376590226377, -0.17594180068280146, 0.5867066470677318, 0.20628601686768336, -0.18448816531405082, -0.41883684813421573, -0.14142182212871177], [-0.3035248509091666, -0.6570597956046929, -0.2336462181550919, -0.328433347461537, 0.6370785874715806, 0.6411338544651177, 0.25758530558401993, 0.2892269618531896, -0.15847504803875448, 0.5247441932632243, -0.004370837694872183, 0.0018725852776223934], [-0.1973007261899872, 0.17660617725763075, 0.5405306466114552, -0.12268453726031928, 0.2874296898624063, 0.11145807674826595, 0.5964065768738929, -0.2579533691490795, -0.49991409316939395, -0.47462041002971966, -0.6269504947149427, 0.03218475301414747]], "inverted": false, "swapped": true, "error_lsq": 0.04516585767340808, "error_max": 0.1960264158973156, "target": "1005.xyz", "model": "11.xyz", "model_rescale": 3.6694154284099745, "target_rescale": 4.325837376516469},
{"mapping": [8, 0, 9, 5, 4, 7, 2, 1, 6, 12, 13, 3, 10, 15], "R": [[0.4506863340619036, -0.774728533195897, -0.44348340232975625], [0.884286637139514, 0.4554321898134906, 0.10304690125461563], [0.12214324240960732, -0.43860827663625185, 0.890339153356655]], "T": [0.030236315107844712, 0.0019895610854295254, -0.01833333706048563], "aligned_model": [[-0.11522174185107373, -0.06432448551304867, 0.01044648309666333, 0.5303496208224243, 0.721518576126055, -0.47218727649574616, 0.20218115609899606, -0.3758521124140332, 0.5406950596987996, 0.09153690195203543, -0.42440265149510165, 0.5169258868891538, -0.5787603191350795, 0.015359752475765053], [-0.3247051913724767, 0.36893482086029933, 0.6866019183994347, 0.4314233127620287, -0.00890697029245982, -0.582756647235831, -0.4804902675136401, -0.3448905644196559, 0.547807543352897, 0.1924944117942931, 0.3199128110840728, -0.23990613926444762, 0.055548490835942016, 0.10991975914579753], [-0.5613534590249111, -0.7837256053888343, -0.31651543482236955, -0.5778323767135927, -0.1622420373620847, -0.033393748427762444, 0.03313721950704602, 0.5784454036987658, 0.24890947798097918, 0.6973645878002956, 0.46753079145727977, 0.40574207473133356, -0.3521527007439319, -0.004818733039797766]], "inverted": false, "swapped": true, "error_lsq": 0.039495635615327415, "error_max": 0.27788832426537696, "target": "1005.xyz", "model": "12.xyz", "model_rescale": 3.9764082729961374, "target_rescale": 4.325837376516469},
{"mapping": [9, 11, 13, 14, 6, 5, 4, 10, 12, 0, 1, 2, 3, 8, 7, 15], "R": [[0.0053001774258850665, 0.6899177557004508, -0.7238683571537766], [-0.45317759092902127, -0.6436204617092145, -0.6167517915247482], [-0.8914044980809906, 0.33130981216751054, 0.30924396382549835]], "T": [0.08971107777903715, 0.058460946571092784, -0.033118582004220846], "aligned_model": [[0.1748255268025169, -0.4037829677090684, -0.3189806725427701, -0.02307406400806898, 0.2567541496529608, 0.4776762763755744, 0.7777651550442483, -0.6309827394274838, -0.40672974382701077, 0.6357213302217799, -0.23637860624834522, 0.25111040853312866, 0.2676630572272428, -0.10685531952681561, 0.7024942731528944, 0.16588874248463403], [0.46920682893772914, -0.25927589314014715, -0.3616888436423842, -0.6790485760759023, -0.6264239182460882, 0.03987260315849554, -0.11719407868910815, 0.2908516094435583, 0.19636581759324068, 0.5207232386013879, 0.6025673269692794, 0.7475914373678023, -0.23260438392004262, 0.27452407995233463, 0.25518620794009045, 0.0008629295337398424], [-0.4638650006822, 0.5017193621503688, -0.208975777448046, 0.2535297310418062, -0.3275470788969412, -0.7760596186967991, -0.14077832675027355, 0.2365884824346906, -0.4096053575219607, -0.15678875260559003, -0.002518859098589385, 0.3347250486223501, 0.7363341544976146, 0.6105670637051007, 0.36289862207875195, 0.016561460331070817]], "inverted": false, "swapped": false, "error_lsq": 0.03961977350247322, "error_max": 0.2571707464031855, "target": "1005.xyz", "model": "13.xyz", "model_rescale": 4.170626492500431, "target_rescale": 4.325837376516469},
{"mapping": [9, 5, 10, 8, 13, 1, 7, 6, 14, 4, 3, 2, 12, 15], "R": [[0.9154969566842694, -0.002559072767859355, 0.4023167576032722], [-0.4021680353817556, 0.022100188824590007, 0.9152991057414492], [-0.011233593326278074, -0.999752485768596, 0.01920347834361087]], "T": [-0.11413857479569771, -0.000783165249007959, 0.062258976912228536], "aligned_model": [[0.32252187754619865, 0.10532212791383001, -0.36972075589452247, -0.681973140501594, 0.2775917126549194, -0.2236714483267498, -0.736837164635158, 0.5961881914324677, 0.6661255199303135, -0.027944735253273692, -0.004976130885020982, -0.4593187517186479, 0.3994354122466563, -0.01955969241777536], [-0.38629057469594447, -0.8339360947651006, 0.10136825781997015, -0.24138605303729643, 0.5614418361439896, 0.7829973358813483, 0.4383569556521601, -0.24432029882705558, 0.1136833710396582, -0.5245936152114646, 0.08653757875878182, 0.05545125854686861, 0.4554565666519369, -0.00869205603218607], [-0.40540539770468637, -0.010260241296089628, -0.5776032445972163, -0.14373256867542056, -0.21029590549922844, 0.18501553895145734, -0.056006952092490084, 0.31922137033900033, -0.15515044403248024, 0.527976538694128, 0.7372988813032262, 0.4400014375671276, 0.34573815888058945, 0.0070759292829489645]], "inverted": false, "swapped": true, "error_lsq": 0.05180198236681926, "error_max": 0.3862740114989597, "target": "1005.xyz", "model": "14.xyz", "model_rescale": 3.9786697098870705, "target_rescale": 4.325837376516469},
{"mapping": [10, 9, 1, 7, 12, 3, 5, 4, 2, 8, 6, 15], "R": [[0.8473427484221732, 0.46069945725868305, -0.2641330664228025], [-0.530271270916781, 0.7071599479090958, -0.46769347580814835], [-0.028681804975622213, 0.5363588520335616, 0.843502540546607]], "T": [0.04539854839963074, -0.045599939642135184, -0.06881820210808626], "aligned_model": [[-0.029377725908671812, -0.6892892503525954, 0.6255293273483352, 0.6566914216626276, 0.09801229278165731, 0.34318712733642887, -0.6125833894435769, -0.090711100304653, 0.48776120390575406, 0.18928768288876957, -0.446596529417151, -0.048556463729587704], [-0.6521887656836118, -0.15950179446867957, 0.12369983814992122, -0.46268702911039783, 0.5934371348659656, 0.5248102574538338, -0.11481655789665982, 0.2389426947331442, 0.0006564064353664981, -0.6233160850719092, 0.5681125731519713, -0.022474182334505006], [-0.40294292727436903, -0.1413336245741294, -0.5943316295442866, -0.285483364128327, -0.444499970427109, 0.17851637557682387, 0.487809743861263, 0.5630118902184711, 0.19036640970936053, 0.19252129502502363, 0.037020906595605974, -0.12068861116449767]], "inverted": true, "swapped": true, "error_lsq": 0.05102957459161348, "error_max": 0.30141115853956674, "target": "1005.xyz", "model": "15.xyz", "model_rescale": 3.769337070930944, "target_rescale": 4.325837376516469},
{"mapping": [8, 0, 2, 4, 7, 10, 1, 11, 12, 6, 15], "R": [[-0.4354994522037755, 0.39247116996407017, 0.8101275256879287], [-0.27288329575501735, -0.915164261025485, 0.2966632472005216], [0.8578315300967266, -0.09187358754675903, 0.5056523607016947]], "T": [-0.0653460388610055, 0.10417355498841044, 0.0030280393625697344], "aligned_model": [[-0.16947704992802415, -0.40875050317676714, -0.12833688301260385, -0.7296125368385813, 0.430927547192511, 0.2860134070934616, 0.622331543219865, 0.3038179130291565, 0.2135030056532078, -0.4386723476134306, -0.05911796492762399], [-0.10021558228549884, -0.6529498677209298, 0.5176257442782913, 0.3341884855045988, 0.23327104723394276, -0.4172374263026156, 0.5145862358789731, -0.49896421152120785, 0.4649472156713965, 0.16258576103072922, 0.03822709585766233], [-0.6053634247250221, -0.1925566987307289, -0.29712270987238537, 0.07042807067750306, -0.5728458833132117, -0.296735126108024, -0.003254661286184124, 0.26027242273549017, 0.5898490988619582, 0.7009675806308289, 0.09057893835355295]], "inverted": false, "swapped": true, "error_lsq": 0.03874084884574081, "error_max": 0.21730606239061956, "target": "1005.xyz", "model": "16.xyz", "model_rescale": 3.7852294659196426, "target_rescale": 4.325837376516469},
{"mapping": [10, 1, 2, 7, 11, 13, 6, 3, 8, 0, 9, 4, 15], "R": [[-0.3080938364333641, -0.23712965973102026, -0.9213293181200859], [0.9416112885046676, 0.06224893143205415, -0.33089764564914526], [0.13581741166857597, -0.9694816114869937, 0.20410545234322036]], "T": [0.025503320592032887, 0.060304673863978704, 0.08716854941683093], "aligned_model": [[-0.024434938510222475, -0.44366182994124426, 0.2940285120124655, 0.0870094185513445, -0.4338335338965892, -0.6980905418610943, -0.20397891492868372, 0.04146689544115456, 0.5242430209026614, 0.3852308002004154, -0.08411586731169288, 0.45264208722627014, -0.04273925766850187], [-0.1447790507261416, -0.562348569348768, -0.25940166675103205, -0.6828234552151452, 0.23079604003699888, -0.015056572180968668, 0.7232671381291098, 0.027023797711728574, -0.17354806126645525, 0.47265053681711683, 0.6777617407415392, 0.44253594854612327, 0.1389777972087686], [-0.5766293590096202, 0.27037744139958503, 0.3883049120252184, -0.10920352910166596, -0.48394808465299066, -0.03353082522338906, 0.4582787708377839, 0.7755418286595741, -0.2582731534537629, -0.5685622816580532, -0.3186992675753951, 0.4996625972648686, 0.05243564763102113]], "inverted": false, "swapped": true, "error_lsq": 0.04684585200537515, "error_max": 0.2802649644282458, "target": "1005.xyz", "model": "17.xyz", "model_rescale": 3.901054581598922, "target_rescale": 4.325837376516469},
{"mapping": [5, 4, 0, 9, 2, 10, 3, 6, 8, 13, 1, 12, 14, 11, 15], "R": [[0.7620529603831658, -0.5095786542272854, 0.3995057956114804], [0.438705900112332, 0.8601146580629992, 0.26026891514700445], [-0.47624827430436095, -0.023073147619661893, 0.879008083626675]], "T": [-0.05977921842217736, -0.09564480693620687, 0.0409588214859529], "aligned_model": [[0.05207327327121976, 0.22606042191001408, -0.4501709092244893, 0.05929761452004138, -0.16172525892591427, -0.6000148766166314, 0.3815528985695825, 0.6698894702081253, -0.664232869185543, 0.16532414534481654, -0.05394558603425191, 0.5477705563286047, 0.5059253730221981, -0.13180406453425347, -0.006913977564484017], [0.010031174208807184, -0.4949530094148099, 0.3258913884860239, 0.4954587750169433, -0.5899164456465781, 0.33393285305604564, -0.613976718775093, 0.021839662310867883, -0.22423722528632867, 0.38162209362938004, -0.1930863235036741, -0.04361057885039536, 0.49390451973146804, 0.647011559946446, -0.0011543750819965615], [-0.809856933020021, -0.4665333186158264, -0.590956882388851, -0.3999669590285844, 0.1424653904064226, 0.1347100598566387, 0.14948630968986107, -0.24832499452430548, -0.16117513038201628, 0.5561097852520367, 0.8358485103371843, 0.4657518181900709, 0.08085128203282008, 0.13845653332308777, 0.02280093372345828]], "inverted": false, "swapped": true, "error_lsq": 0.03685232481488547, "error_max": 0.23333724077086174, "target": "1005.xyz", "model": "18.xyz", "model_rescale": 3.9405287249114394, "target_rescale": 4.325837376516469},
{"mapping": [7, 3, 14, 10, 11, 9, 5, 12, 13, 8, 4, 0, 2, 1, 6, 15], "R": [[-0.34267499356126296, -0.3217058445973088, 0.8826546314044476], [0.9300727561079382, 0.01627164581963414, 0.3670148524080527], [-0.1324330666169621, 0.9466998379075877, 0.2936339554141767]], "T": [0.006794710704473975, 0.12391690422190932, 0.0066409797931851755], "aligned_model": [[0.1900875025732257, -0.4545253907404298, -0.5308035547213773, 0.009405615916458929, 0.13355137336365647, 0.421879545774063, 0.8023924952802176, -0.507768761305258, -0.3116243077577409, 0.6549530846451267, -0.20775434936085024, 0.19502486332447005, 0.5422678738288295, 0.02040454334047538, 0.600591475508689, 0.02503279653586165], [0.5180658009360934, -0.22016053341288017, -0.42458571232536285, -0.6270061179864224, -0.4782430506508683, 0.011920085259044394, -0.1095764470207449, 0.2540148146671747, -0.05146618046088952, 0.5125820379273323, 0.8138182391601978, 0.7060690944193162, -0.36138501936634687, 0.22987655190972672, 0.25401912476404953, 0.09357369796456595], [-0.5471423249472998, 0.6345128423475654, -0.09271669091269326, 0.23904544368750438, -0.36825812545906395, -0.6291035751925311, -0.054740311025037486, 0.14242768451959914, -0.5583191494731843, -0.026559798334924473, -0.10591957054098791, 0.3202370496808137, 0.489420243585845, 0.6578757680968601, 0.4411087805681936, 0.024916886560694577]], "inverted": true, "swapped": false, "error_lsq": 0.045452106070776356, "error_max": 0.306837616359269, "target": "1005.xyz", "model": "19.xyz", "model_rescale": 4.410303926677745, "target_rescale": 4.325837376516469},
{"mapping": [6, 3, 4, 14, 5, 13, 9, 2, 1, 10, 11, 0, 8, 15], "R": [[0.7314365524284101, 0.5169405886778843, 0.44471676103898394], [-0.27808063960498935, -0.3693553034810232, 0.8867061619653503], [0.6226328995873269, -0.7722364194777428, -0.12640880026198292]], "T": [0.16553060384625432, -0.10096819504758814, 0.08848210876344337], "aligned_model": [[-0.27328078347764584, 0.4108414895377068, 0.3981597840312875, -0.6220456327304619, 0.04571495174087767, -0.377015426905539, -0.3980377977318249, 0.6460840938998387, 0.22429765129911447, 0.03888480010623177, -0.4579598234088357, -0.0024686517552739706, 0.570130216215781, 0.05788301863961537], [-0.051364896063876966, -0.45501626832229053, 0.18821747029257152, -0.2015189986219863, 0.6672084720268542, -0.5498082091072585, 0.3889726971346544, -0.26394881083005456, -0.8548523383463034, 0.08105812460563883, -0.011753434237999488, 0.6977366550747642, 0.25800934058764463, -0.08199133801115559], [-0.5709784290794182, -0.44974902670400524, -0.5123131378099814, -0.10848161694319355, -0.2898228722737056, 0.3076217457947472, 0.0698579423621008, 0.0018409313804048921, 0.3522692018446799, 0.7487911927489634, 0.5002250809162664, 0.34000289440647735, 0.4493042852655815, 0.07824684681610379]], "inverted": true, "swapped": true, "error_lsq": 0.046019018404378234, "error_max": 0.3480827415079417, "target": "1005.xyz", "model": "20.xyz", "model_rescale": 4.121658175737393, "target_rescale": 4.325837376516469},
{"mapping": [5, 6, 14, 9, 13, 4, 12, 8, 3, 2, 1, 10, 15], "R": [[-0.016647523982155576, 0.9978992036711442, -0.06261021687999638], [0.07221528374023445, 0.06365536816986425, 0.9953556886347095], [0.9972501254648111, 0.012048793120294776, -0.07312327840546642]], "T": [0.09368568024313914, -0.1035910213347061, -0.11391432333493177], "aligned_model": [[0.18046841778559622, -0.18651173081255776, 0.2739978955695491, 0.552967074108086, 0.3329832752883046, -0.3601571584618134, -0.224520421615699, 0.33068150733916146, -0.5876406734841411, -0.27032232078040974, -0.046582566301322126, 0.7407638842753056, 0.14495572175423443], [-0.7339646987186057, 0.0009106502398341376, 0.3713005243792402, -0.21929304145744938, 0.5881444735457826, -0.5472449854230999, 0.5261348012119536, -0.5716406674405178, -0.006141616509602113, -0.23202981283977436, 0.5321590046648794, -0.10354312925505163, -0.063964598234406], [0.4714604492088539, 0.621254319469562, 0.5272931521186387, 0.4637290999399597, -0.024056656150279396, 0.19575881195758643, 0.11946015020236987, -0.4979987765419743, -0.07494975955250543, -0.4545059902461894, -0.5803103152909965, -0.3717332959069791, -0.025291449726257728]], "inverted": false, "swapped": true, "error_lsq": 0.059435552566335995, "error_max": 0.33788836425286184, "target": "1005.xyz", "model": "21.xyz", "model_rescale": 4.08911054899281, "target_rescale": 4.325837376516469},
{"mapping": [12, 0, 6, 8, 5, 9, 11, 0, 7, 14, 13, 3, 1, 2, 15, 16], "R": [[0.15073457158155867, -0.42520539579778005, -0.8924569795315499], [-0.8327006472788212, 0.4319558877554244, -0.3464444299665608], [0.5328120878429431, 0.7953706572522503, -0.2889581226243132]], "T": [0.13119710990606137, 0.06085187240157531, 0.0036623969401138948], "aligned_model": [[0.09805893973561476, -0.5504994661018817, -0.4223667094234964, 0.10755174965993544, 0.3690352189777834, 0.54672364541961, 0.6542443982764754, -0.5504994661018817, -0.47417922859585526, 0.5224495996001955, -0.23428132678315444, 0.18001949794357686, 0.1770902437349545, 0.2928679813412355, 0.7763190276714124, 0.09058070085089358], [0.5466242442719941, -0.00843304077627808, -0.4227721363735187, -0.6231675534926262, -0.4061558288701121, 0.0922702819498385, -0.47402865600852284, -0.00843304077627808, 0.1616444720840181, 0.5512454864275451, 0.6024513142648957, 0.9144560307179379, -0.34047699188591785, 0.31912325867381314, 0.13520862576605888, 0.08195991981113815], [-0.5512218886899867, 0.365005415752237, -0.11978412839352687, 0.11465942391953798, -0.46863612600304533, -0.5741768483418969, 0.16558023015973983, 0.365005415752237, -0.35572114280635453, -0.13146043080469408, -0.0954613787990328, 0.1561587530467629, 0.6869100418120985, 0.6581944815132544, 0.3350168934269166, 0.01671644161710643]], "inverted": true, "swapped": false, "error_lsq": 0.044901288729365246, "error_max": 0.35174975393007796, "target": "1005.xyz", "model": "22.xyz", "model_rescale": 4.204369325754507, "target_rescale": 4.325837376516469},
{"mapping": [7, 3, 14, 10, 11, 9, 5, 12, 13, 8, 4, 0, 2, 1, 6, 15], "R": [[-0.34267499356126296, -0.3217058445973088, 0.8826546314044476], [0.9300727561079382, 0.01627164581963414, 0.3670148524080527], [-0.1324330666169621, 0.9466998379075877, 0.2936339554141767]], "T": [0.006794710704473975, 0.12391690422190932, 0.0066409797931851755], "aligned_model": [[0.1900875025732257, -0.4545253907404298, -0.5308035547213773, 0.009405615916458929, 0.13355137336365647, 0.421879545774063, 0.8023924952802176, -0.507768761305258, -0.3116243077577409, 0.6549530846451267, -0.20775434936085024, 0.19502486332447005, 0.5422678738288295, 0.02040454334047538, 0.600591475508689, 0.02503279653586165], [0.5180658009360934, -0.22016053341288017, -0.42458571232536285, -0.6270061179864224, -0.4782430506508683, 0.011920085259044394, -0.1095764470207449, 0.2540148146671747, -0.05146618046088952, 0.5125820379273323, 0.8138182391601978, 0.7060690944193162, -0.36138501936634687, 0.22987655190972672, 0.25401912476404953, 0.09357369796456595], [-0.5471423249472998, 0.6345128423475654, -0.09271669091269326, 0.23904544368750438, -0.36825812545906395, -0.6291035751925311, -0.054740311025037486, 0.14242768451959914, -0.5583191494731843, -0.026559798334924473, -0.10591957054098791, 0.3202370496808137, 0.489420243585845, 0.6578757680968601, 0.4411087805681936, 0.024916886560694577]], "inverted": true, "swapped": false, "error_lsq": 0.045452106070776356, "error_max": 0.306837616359269, "target": "1005.xyz", "model": "23.xyz", "model_rescale": 4.410303926677745, "target_rescale": 4.325837376516469},
{"mapping": [9, 12, 5, 2, 4, 8, 3, 6, 15, 10, 14, 11, 0, 7, 1, 16], "R": [[-0.5581308114813869, 0.6737405551431821, 0.4843177279746067], [-0.8271805094676772, -0.4058583809676602, -0.38865328939184807], [-0.06528707400337795, -0.6175375607634456, 0.7838271231683751]], "T": [0.04679154836268146, 0.18410100795220458, 0.0633297250321037], "aligned_model": [[0.10794548779318894, -0.42187326325550306, -0.292537628040798, 0.2676810235528846, 0.2779254292282122, 0.2903002527372012, 0.7365701516820045, -0.712409847073658, -0.4074193859004996, 0.593987272121979, -0.35160203353401315, 0.2838771369664468, 0.15545979448504, 0.13780447501038262, 0.7744476937501781, 0.14295824668237103], [0.5473663388909142, -0.2498913415089174, -0.32343536722828997, -0.6977907768950338, -0.3426225767221403, 0.03322180580781417, -0.3882158401583827, 0.1558417492671848, 0.25133940850300496, 0.2852232196756231, 0.7145407381769915, 0.7673988689498197, -0.34967729517194485, 0.3393481020600399, 0.2601186130530113, 0.11875073908429122], [-0.443344212188377, 0.5513663729836734, -0.08788062956675614, 0.14313367698642931, -0.31485510736469813, -0.7071543075789354, 0.14020552360140698, 0.09002701376870502, -0.48300864587175957, -0.274509118902867, -0.0710809758708096, 0.1287171522851753, 0.5864527951454008, 0.7032874452264856, 0.5117415974941129, 0.09368657301416705]], "inverted": true, "swapped": false, "error_lsq": 0.03879909652062913, "error_max": 0.24932645195476874, "target": "1005.xyz", "model": "24.xyz", "model_rescale": 4.28219845311461, "target_rescale": 4.325837376516469},
{"mapping": [6, 7, 13, 12, 14, 10, 11, 4, 2, 8, 0, 1, 9, 3, 5, 15], "R": [[-0.7559031176230965, -0.3519357513999697, 0.5520432081406507], [-0.5597430555016252, -0.08992183513813212, -0.823772890658035], [0.33955586960820977, -0.9316948483553664, -0.12902139730557521]], "T": [0.06479385297533027, 0.029717783719150632, 0.07537183980785406], "aligned_model": [[0.1720593220868789, -0.39373152944764744, -0.3285439376093803, 0.19856883801037986, 0.16925970136647986, 0.6496723118200102, 0.5041476771006121, -0.5460586102673299, -0.3985573052325645, 0.5744629402419118, -0.31786856923567586, 0.21105248512059258, 0.27626639067519954, -0.02184685502182762, 0.8092188431468438, 0.02501310345093384], [0.49914071453238035, -0.2440992812855035, -0.41467810801768806, -0.7170168334874194, -0.32211195539980625, 0.022516207445093202, -0.2829194380907807, 0.3659679885346177, 0.020171767276349374, 0.4567841211771298, 0.6747333074958286, 0.6103962459730842, -0.3016609255434692, 0.39540026456699323, 0.27282092358138305, 0.0860713870257932], [-0.6864243049211793, 0.6413441839522687, 0.048648613162053767, -0.01902924640016221, -0.5920465792412706, -0.46088383103071057, -0.0001480649461447492, 0.2954710014092622, -0.4286069317147128, -0.12412207444493961, -0.24568674791486894, 0.3018631969146432, 0.6252274578796229, 0.7527307223646142, 0.41005523992116605, 0.04839251817171161]], "inverted": false, "swapped": false, "error_lsq": 0.04729492547092202, "error_max": 0.3420967802453568, "target": "1005.xyz", "model": "25.xyz", "model_rescale": 4.100010024507729, "target_rescale": 4.325837376516469},
{"mapping": [13, 10, 8, 0, 3, 4, 2, 5, 9, 6, 14, 15], "R": [[0.10069338219755575, 0.22629204334696928, -0.9688409332287062], [0.36310785465460504, -0.9149787884434174, -0.17597301664387716], [-0.9262901967902646, -0.33407443454486224, -0.1743007272325145]], "T": [-0.13408837508537672, 0.024385231567854763, 0.13938683136343102], "aligned_model": [[-0.702377210645648, 0.005296782941815098, 0.30779596602459003, 0.5982049685560091, -0.4132126980916587, 0.20875376590226377, -0.17594180068280146, 0.5867066470677318, 0.20628601686768336, -0.18448816531405082, -0.41883684813421573, -0.14142182212871177], [-0.3035248509091666, -0.6570597956046929, -0.2336462181550919, -0.328433347461537, 0.6370785874715806, 0.6411338544651177, 0.25758530558401993, 0.2892269618531896, -0.15847504803875448, 0.5247441932632243, -0.004370837694872183, 0.0018725852776223934], [-0.1973007261899872, 0.17660617725763075, 0.5405306466114552, -0.12268453726031928, 0.2874296898624063, 0.11145807674826595, 0.5964065768738929, -0.2579533691490795, -0.49991409316939395, -0.47462041002971966, -0.6269504947149427, 0.03218475301414747]], "inverted": false, "swapped": true, "error_lsq": 0.04516585767340808, "error_max": 0.1960264158973156, "target": "1005.xyz", "model": "26.xyz", "model_rescale": 3.6694154284099745, "target_rescale": 4.325837376516469},
