[{"mapping": [1, 11, 3, 6, 0, 4, 14, 12, 13, 9, 8, 15], "R": [[0.8548831333048857, -0.025647980705588352, -0.5181862690930228], [0.3764923838087444, -0.6565342803395838, 0.6536177963251871], [-0.3569710258898192, -0.7538600134141024, -0.5516038133030441]], "T": [-0.05866086812668767, 0.02543977752438055, -0.013750829713973282], "aligned_model": [[-0.1370025782801883, 0.0658239878930666, 0.4765373064854227, -0.04853801145526979, -0.31101259888426236, -0.5326830367219079, 0.3045573585041544, -0.3260484120259571, 0.7305044738967429, 0.060231722566259686, -0.4078868956000068, -0.03684085391750503], [-0.3620753370997555, -0.8123916855475695, -0.12124609497455495, 0.6370900022305496, 0.39694359460615924, -0.6675321400788625, -0.2900816536023566, -0.4500053847604233, 0.05577713725367951, 0.5212094621157682, 0.1861212002212292, -0.04025406438680648], [-0.5937043641283506, 0.08994073224084786, -0.5954190527449457, -0.07779011588764606, -0.5552614517306602, 0.03596817417129728, 0.474084908356121, 0.5760137876042468, -0.007628552917568719, 0.4705445147109865, 0.3983145634777538, -0.03311139779851932]], "inverted": true, "swapped": true, "error_lsq": 0.048190810718157694, "error_max": 0.23520753316059803, "target": "1006.xyz", "model": "0.xyz", "model_rescale": 3.751011558992144, "target_rescale": 4.389875527435808},
{"mapping": [9, 8, 13, 5, 12, 10, 7, 6, 14, 1, 4, 2, 0, 3, 15], "R": [[-0.16176738758617587, -0.09702967645543123, 0.9820471242259704], [0.8311325021433484, 0.5231167634956646, 0.18859378470871757], [-0.5320245071371065, 0.8467196074479293, -0.003978714458666988]], "T": [0.044294441884080285, 0.0005952764915550038, -0.03537956310002333], "aligned_model": [[0.08830768869365437, 0.2037447061075207, -0.44742725240731507, 0.19601498047262722, -0.3321154739984798, -0.697854893914843, 0.7184855702481017, 0.45839646666151834, -0.5936855404829431, 0.08322554736769341, -0.11728155447339712, 0.47085839688067127, 0.6689411782086199, -0.15635276940520526, -0.004170838869189529], [-0.26721752280288247, -0.521444835988824, 0.47154906039070327, 0.5862741552137298, -0.6726709738199269, 0.3028363513597636, -0.37550867897875756, 0.1143027610796088, -0.19882760955264422, 0.3788083473196576, -0.3873190421055384, 0.010416463169045383, 0.31433643170949555, 0.770248010703725, 0.022974432129950196], [-0.6840737495643172, -0.17546867877815117, -0.43556962233906654, -0.37234219465077956, 0.18910793372288429, 0.08053712240259578, -0.009629681860791894, -0.4757312643659709, -0.18596845915908466, 0.5546125824174074, 0.69317706001325, 0.5326577366238836, 0.04407594772954631, 0.0815268879815236, 0.012754784679047379]], "inverted": true, "swapped": true, "error_lsq": 0.04455645252739826, "error_max": 0.28855922517875665, "target": "1006.xyz", "model": "1.xyz", "model_rescale": 3.9405287249114394, "target_rescale": 4.389875527435808},
{"mapping": [0, 7, 6, 11, 12, 5, 1, 4, 14, 13, 10, 3, 15], "R": [[-0.9193703409921734, 0.17617740036798415, -0.3517381123840776], [-0.3153493950421811, 0.20448922565437488, 0.9266816689876868], [0.23518702164546693, 0.9628840429620035, -0.13244389249294014]], "T": [-0.047676011007628506, 0.029844059317275275, -0.14396537689387576], "aligned_model": [[-0.36202671641014555, 0.102333227551451, -0.5018507661720828, 0.4965204513694723, 0.673470335206075, -0.7280703843566423, 0.04218666399489609, 0.7393198662937596, 0.13962088071731457, -0.546252350299739, -0.037999691554748756, -0.4982229636695077, -0.023045273386171038], [0.6507291634918427, 0.6657006826184294, 0.2733366419742258, -0.4169758944622457, -0.2619586186975529, 0.0705148432696962, 0.27287917726965694, 0.11583933398614532, -0.6253336215567672, -0.5586793976761035, -0.6236522629711545, -0.10446715130509848, 0.0008996976309428931], [-0.04093355022535973, -0.5560751950491595, -0.47975720786402754, 0.33812602434959105, -0.34437907218193164, -0.021523268450040767, 0.5083459910700157, 0.13997365899062345, -0.2155687415508395, 0.02574481486288341, 0.33396862225195667, 0.5081540102824026, -0.08295573689747024]], "inverted": true, "swapped": true, "error_lsq": 0.03816102083394608, "error_max": 0.19833721018201, "target": "1006.xyz", "model": "2.xyz", "model_rescale": 3.932901565614263, "target_rescale": 4.389875527435808},
{"mapping": [3, 10, 13, 1, 5, 6, 9, 0, 2, 7, 12, 4, 8, 15], "R": [[0.38196895942248726, 0.3137714236929931, 0.8692797062576433], [0.4284087057987141, -0.8935509514888141, 0.13428580673066656], [0.8188807573960774, 0.32111398407280134, -0.4757311366720908]], "T": [0.09419346545336842, -0.13189952574186248, 0.026110475888838303], "aligned_model": [[-0.25677039077609404, 0.45734453900514377, 0.18819818708371816, -0.21441445548104204, -0.3795343014124423, -0.2685420239056245, 0.27183932355958607, -0.5886590358194783, -0.27046347597595255, -0.17788814782038453, 0.8021862219530439, 0.42465488621186864, 0.31804855690335, 0.11381002852701166], [0.07943208071404903, 0.11907212273036599, -0.4121822840504246, 0.47600016447518934, -0.43607807485576267, -0.6176967497915582, -0.8005057544166775, -0.11988058857397334, 0.3648133434281717, -0.23953411398705632, 0.08748990448941468, 0.5765039940690536, -0.33861251001194276, -0.07532489586836014], [-0.6655939962061649, -0.6526431696877518, -0.7062449449456222, -0.1408344475506419, -0.377176145550267, 0.12976143656471614, 0.1520972568944732, 0.19492470080589275, 0.37969395677560236, 0.7409792123717266, 0.3359185446343125, 0.33649536077138753, 0.5001715123567276, -0.013652914177292905]], "inverted": false, "swapped": true, "error_lsq": 0.04231240744887616, "error_max": 0.31250118262079774, "target": "1006.xyz", "model": "3.xyz", "model_rescale": 3.9243930471874484, "target_rescale": 4.389875527435808},
{"mapping": [11, 1, 10, 14, 13, 4, 8, 3, 5, 0, 9, 7, 15], "R": [[0.7346145272274999, -0.2928033091207616, -0.6120520554284976], [0.6654543524041956, 0.1349932090854974, 0.7341303279167205], [-0.132332918250258, -0.9465955079487388, 0.29401520892402755]], "T": [-0.044371304566316175, -0.05769608295638806, 0.019352150757002945], "aligned_model": [[0.0473135559549062, -0.3173809311427412, 0.4984125521302922, 0.42441307885995705, 0.7113468242017165, -0.5288904463916551, -0.24400618785013545, 0.28317667650937467, 0.2654117368494826, -0.41957972330609095, 0.24638916611126221, -0.6555663498785832, -0.03383406573643342], [-0.6495188634518562, 0.11075969904509742, -0.30091155983129064, -0.5560625466351145, 0.10321760355511705, -0.6271133337734195, -0.3258728759198063, 0.3800976604427551, 0.5615089932763141, 0.537056482845334, -0.07798228179913896, 0.05405956586288113, -0.0814089899352852], [-0.5885538146274393, -0.6049393540694921, -0.5300146653688491, -0.017213280069410475, -0.1441613656998796, -0.36585463777428173, 0.47300658666945294, -0.570004032986514, 0.005131507617386219, 0.03980365091323859, 0.6592832624722255, 0.4782663157287562, -0.04767985743422978]], "inverted": true, "swapped": true, "error_lsq": 0.03849453480751304, "error_max": 0.2940179665526867, "target": "1006.xyz", "model": "4.xyz", "model_rescale": 3.8936222436046832, "target_rescale": 4.389875527435808},
{"mapping": [9, 14, 13, 6, 10, 11, 4, 1, 0, 8, 3, 15], "R": [[0.02477666365391279, -0.17588476948149456, 0.9840989100708435], [0.6417633928220499, 0.7575758986837096, 0.11924137439287175], [-0.7665023578383252, 0.6286042519725836, 0.13164660964216507]], "T": [0.05211667258226112, -0.11872468331182635, -0.017232954480962466], "aligned_model": [[0.17234620831828934, -0.5705468738835653, -0.30930587547591165, 0.5438165141542957, -0.6595458682564926, -0.6950985333368687, -0.27139378889045734, 0.03548153950608815, 0.686582961064446, 0.17194824679391046, -0.07594578852831381, -0.0007906992503225255], [-0.5706948922475922, -0.31529821030194277, 0.2394453668110823, -0.16729890587384494, 0.2484799069843458, -0.001351846935905704, -0.2601217572336602, 0.4157872419337751, 0.16619556929561297, -0.6673661784333641, 0.6612251426453529, -0.0800785315340519], [-0.542335609096681, -0.2248718655375779, -0.6212426660498789, -0.38355427584304524, -0.13668670609444408, 0.3778658094205176, 0.7461325694050895, 0.437378708160285, 0.0886122830752365, 0.02975778698683161, -0.16410033692712025, 0.012329021776305307]], "inverted": true, "swapped": true, "error_lsq": 0.04786380518561852, "error_max": 0.2556192907959739, "target": "1006.xyz", "model": "5.xyz", "model_rescale": 3.6523030999806103, "target_rescale": 4.389875527435808},
{"mapping": [6, 5, 13, 9, 14, 0, 3, 8, 1, 4, 10, 12, 15], "R": [[-0.16463345446202537, -0.8614682011051441, -0.4803835594153565], [0.5158785948422954, 0.339902739381995, -0.7863430569059251], [0.8406932264836202, -0.3772779694671858, 0.3884536429218781]], "T": [0.07043402747982078, -0.1508058198102994, 0.0024101677461003737], "aligned_model": [[0.12540805221489448, -0.16592514856894483, 0.18495747265858833, 0.6512329677124552, 0.5326780404601261, -0.4189864084158147, -0.45371976131358427, 0.45641653072032673, -0.5776478197327407, -0.0743329499613018, 0.05962931661270984, 0.5193935223796922, 0.041979089897887914], [-0.4739452092534161, -0.022782962200446566, 0.49540090828981953, -0.323334498624789, 0.32227035129380693, -0.5608159513604325, 0.3821376399138322, -0.5340469360487917, -0.0023598049958863387, -0.17299050048894785, 0.6491299474490604, -0.1211479399098937, -0.09668813990073284], [0.5228698601130386, 0.6406320521244327, 0.4417745037839724, 0.3593015446724568, -0.17645953285423455, 0.29785824242851133, 0.29825780997721524, -0.14496343961762953, -0.22254580503731772, -0.8257984028685261, -0.12232157811053379, -0.6631139016248574, -0.03538161350473925]], "inverted": true, "swapped": true, "error_lsq": 0.04998882806884629, "error_max": 0.29236632553657427, "target": "1006.xyz", "model": "6.xyz", "model_rescale": 4.08911054899281, "target_rescale": 4.389875527435808},
{"mapping": [13, 14, 10, 5, 0, 2, 3, 1, 6, 9, 7, 8, 4, 12, 15], "R": [[0.24827264014991926, -0.4701861232245409, 0.8469272139210462], [0.5701361686502151, -0.6359032127623467, -0.5201652172102428], [0.7831382032245919, 0.6120066286614897, 0.11019274533541407]], "T": [-0.013780095985170134, -0.06183375535589447, 0.003180051419176981], "aligned_model": [[0.1277835499717489, 0.46392793410916494, 0.6330816537351376, -0.390937977854325, -0.5320114149284089, -0.0689822484961389, 0.12413290630575452, 0.22300380411687679, -0.6090759335186545, -0.3645855424474445, -0.5192873526403236, -0.1593142473052788, 0.5568188445228289, 0.5019901981430888, 0.049789366085528156], [-0.6843660913802208, -0.5250584445276405, -0.3792946310784195, -0.287889731545247, 0.329515095623589, 0.6456397011490549, -0.10546759117591965, 0.4383477427399491, -0.21231755694048673, -0.5711634091319207, 0.3409774355021899, -0.07064217146043823, 0.4791788457823641, -0.04808287290416907, -0.048617504483571314], [-0.4617425222067487, 0.1665290224004505, -0.36609010859440405, -0.5318277182865769, -0.2673982418398424, -0.030785636956161933, -0.7876219751043093, -0.42856448335424924, -0.03283371067098998, 0.3378199346220208, 0.4260943184491206, 0.5475305347809506, 0.30167844128843446, 0.6189384632493865, -0.027656285695000157]], "inverted": false, "swapped": true, "error_lsq": 0.05492109933128666, "error_max": 0.3682073742763631, "target": "1006.xyz", "model": "7.xyz", "model_rescale": 3.964800864290218, "target_rescale": 4.389875527435808},
{"mapping": [11, 14, 10, 4, 3, 8, 1, 13, 9, 6, 7, 0, 5, 15], "R": [[0.9122421280105772, -0.3080208100596016, -0.2700693993272119], [0.40387236039325436, 0.7865940594083812, 0.46707269478511126], [0.06856687533434375, -0.5351569548026741, 0.8419653302441934]], "T": [-0.04158522294625072, -0.06499604328812417, 0.1267403188795552], "aligned_model": [[-0.22963232848719664, 0.20598850535902363, 0.3212843413808391, -0.734392738109424, 0.36847061362873706, -0.2833652565960142, -0.28952289869354964, 0.7020680194292706, 0.27862255394046814, 0.19004411282754344, -0.5243232004373231, -0.1686217701126128, 0.47123700544809705, -0.046669070116986504], [-0.10830552520863343, -0.5014803084690695, 0.004244036324318662, -0.1128840418391547, 0.5667621658662392, -0.5134151323111026, 0.5283259006265667, -0.007332027661962198, -0.56618604851805, -0.03658829484695264, -0.1538238827059303, 0.43078427996839974, 0.32088986089839033, -0.040042515941857024], [-0.7045072704616854, -0.3397933844024138, -0.5937480381412346, -0.347710480236624, -0.15437803527003938, 0.36765101199850553, -0.15459128173790246, -0.13286417092313482, 0.5018943768238985, 0.6958276148381145, 0.723166826758938, 0.6094346555308982, 0.38690971924648, 0.059523494701221605]], "inverted": true, "swapped": true, "error_lsq": 0.041741444305796335, "error_max": 0.2605588111883391, "target": "1006.xyz", "model": "8.xyz", "model_rescale": 4.121658175737393, "target_rescale": 4.389875527435808},
{"mapping": [0, 2, 1, 3, 7, 6, 4, 14, 11, 8, 5, 10, 15], "R": [[-0.10200899593667084, 0.5230870942627494, -0.8461525019544325], [0.9811067219713203, 0.19346281292945872, 0.001319134607032868], [0.16438906548393808, -0.8300313438835758, -0.5329392116556472]], "T": [-0.10676019832187719, -0.033031269454735786, 0.09026496323722741], "aligned_model": [[-0.598258396635338, -0.19121338684302955, 0.16594586203618408, 0.14789026258417512, -0.6882012823467873, -0.6821350853454642, 0.3863582262921301, 0.36401509209402827, 0.729860616871463, -0.33012194128714256, -0.3895514670432514, 0.6022277411750194, -0.040078745116790035], [0.11611906334718733, -0.3026350592887903, 0.09556928221062727, 0.6661287281591709, -0.5058809564090744, 0.15598605591848005, -0.6211819599998721, -0.049538283261384056, -0.18462121884187052, -0.48959798905856045, 0.5979256630697689, 0.33332761719328846, -0.021213503627261182], [-0.3904781440032946, -0.5615794144661022, -0.5435684474055144, -0.2140706959941139, -0.09679213666577816, 0.19766929217829524, -0.2536711627676653, 0.5878221010862575, 0.017490800636682208, 0.33364036967890687, 0.0514689130942471, 0.22697359414307403, 0.06617036444409424]], "inverted": true, "swapped": true, "error_lsq": 0.045251390498232756, "error_max": 0.25929916905085937, "target": "1006.xyz", "model": "9.xyz", "model_rescale": 3.833441315466971, "target_rescale": 4.389875527435808},
{"mapping": [11, 10, 2, 0, 3, 1, 13, 6, 8, 7, 12, 9, 14, 4, 15], "R": [[-0.15130311076616315, -0.7947768893720197, -0.5877389427225482], [0.2720012993068103, -0.6051057971290271, 0.7482394452688605], [-0.9503276602561296, -0.046654800406617125, 0.30773473601647494]], "T": [-0.04484160774013983, 0.1157262312261348, 0.04877275606006741], "aligned_model": [[0.013257308554181793, 0.0425466571886844, -0.589328904695278, -0.5934797989218147, -0.5204925611307367, -0.6582521813630658, 0.11794733344929777, -0.05610486670466454, 0.30255082428348545, -0.13532424406278193, 0.4409134086902956, 0.4917417109267906, 0.4775384434842737, -0.14487216977152167, -0.06479594163261425], [-0.7356249667870941, -0.5017326670536176, 0.0610120092665324, 0.54735485055413, -0.07284959906370501, -0.22536130359921502, 0.035164197312389, 0.7225129473579235, 0.30126520399299284, 0.5850025883574373, -0.34866668018693037, 0.5633188268656346, -0.27315554633117395, -0.5059014770549384, 0.04876315566461266], [0.054742134506729975, -0.4676377221741281, 0.5018285745389367, 0.13608315654868802, -0.5712974655697347, 0.054957531401121765, -0.7198294128397983, -0.051239842683436246, 0.4518472081012029, 0.6556034675692003, 0.48894067021894666, -0.029994111151304292, -0.16419439202188157, 0.6064034162740499, 0.031908695103499696]], "inverted": true, "swapped": true, "error_lsq": 0.04630299955633215, "error_max": 0.24690779223341272, "target": "1006.xyz", "model": "10.xyz", "model_rescale": 4.2482417240324, "target_rescale": 4.389875527435808},
{"mapping": [8, 9, 5, 13, 2, 1, 0, 10, 14, 11, 12, 15], "R": [[0.8780495123505093, 0.2746719123055357, -0.39189844915673394], [-0.2786759484411146, 0.9591900061265729, 0.0478983079800364], [0.3890613956967181, 0.0671555860470693, 0.918760772802799]], "T": [-0.09312640443712412, 0.00919520021417336, 0.060173184950757956], "aligned_model": [[-0.566145795580704, -0.18046503386974014, 0.3696856342308509, 0.6488698608142779, -0.4537609147125688, 0.05024717420516604, -0.20656412907846533, 0.5323402077283271, 0.13567042837735283, 0.08189218633127791, -0.4753830369474447, -0.05962097913532309], [-0.27122093716926027, -0.6885160395130323, -0.15100020241994536, -0.24313124236881484, 0.556981888184952, 0.6812818181714675, 0.1724892247267774, 0.20558951480359217, -0.19047509181630284, 0.49527448719920725, 0.03714838815031145, 0.06170958210168732], [-0.06309348381271554, 0.05417329492066991, 0.549790520950372, -0.03735980149926222, 0.33328878642403575, 0.20298454514906245, 0.7350044083438719, -0.41500338455305447, -0.5540325987814048, -0.6190214849059317, -0.6458473466197414, 0.024308834238454695]], "inverted": true, "swapped": true, "error_lsq": 0.0443322710375006, "error_max": 0.22936493001020467, "target": "1006.xyz", "model": "11.xyz", "model_rescale": 3.6694154284099745, "target_rescale": 4.389875527435808},
{"mapping": [5, 13, 14, 10, 3, 6, 0, 7, 11, 4, 8, 1, 9, 15], "R": [[0.18802248429634474, 0.9607677594400591, -0.2038942319428384], [-0.2763688612010605, -0.14745410593200872, -0.9496723325454002], [-0.9424796008176836, 0.23490976792019766, 0.2378016042381108]], "T": [-0.03223007465627215, 0.0384696971116421, 0.039214295703968664], "aligned_model": [[0.041308554819881514, 0.1333629857181919, -0.05689276644458475, 0.47844273649160707, 0.5937598507712036, -0.4103351082047064, 0.016866208327876712, -0.46552897542312505, 0.5082968718290751, 0.29982632860373304, -0.5078144649333087, 0.6112285184409396, -0.6759880740864369, 0.03173218434546294], [-0.387425676330205, 0.22879839049998194, 0.6888116930803357, 0.5429565285293176, -0.1572111058206198, -0.3899799321142195, -0.6576224699909312, -0.36707774226418544, 0.6729920716070908, 0.38703997979407606, 0.14921446301943547, -0.16401171225632644, 0.11331867977365537, 0.07118412060884849], [-0.5018844815336743, -0.7091797860125971, -0.17505656304430367, -0.33532315078524755, -0.4256914900311703, -0.18835327361444276, 0.12851987097874135, 0.5336172247799889, 0.2220310244244501, 0.7288637554576118, 0.3205153989363929, 0.23315709015990876, -0.2336194941340003, 0.04149933407075795]], "inverted": true, "swapped": true, "error_lsq": 0.04613592915956372, "error_max": 0.29981653600329444, "target": "1006.xyz", "model": "12.xyz", "model_rescale": 3.9764082729961374, "target_rescale": 4.389875527435808},
{"mapping": [5, 13, 6, 12, 14, 9, 0, 4, 7, 2, 10, 11, 3, 1, 8, 15], "R": [[-0.09390245986662796, 0.9520690320433511, 0.2911131846121593], [-0.6689238036417147, 0.15623460847429163, -0.7267266969338513], [-0.7373759373294584, -0.26297396323385636, 0.6221908241918883]], "T": [-0.030204832665906737, -0.11023802483195322, -0.004534926057778665], "aligned_model": [[-0.20679835763935167, 0.016662036565879067, 0.4137110579758684, -0.5389887291547751, 0.61270827850114, -0.510940982975222, -0.1939703716326665, 0.355445076621292, 0.2890848319911119, -0.29503037105967805, -0.3936709254239312, 0.24973039245274814, 0.6437097424277612, -0.5684999189789819, 0.03506990276178654, 0.07122800545938035], [-0.19229432797732243, -0.7157089731824713, -0.5753049811752576, -0.49276567982740027, -0.5399536499884772, 0.028382649272683386, 0.4823988361149376, 0.16355241910319146, 0.5716631666170557, 0.5956857863203213, -0.2990820266746318, -0.4016669430438881, 0.13821618759940757, 0.05128335190203015, 0.17895668375983603, -0.07867796396783233], [-0.8199522400058497, 0.07089035789153081, -0.41722150671254893, 0.04046590488518134, 0.1974929248957859, -0.337965861956321, -0.39063120005715746, -0.54506860868616, -0.06855503279481079, 0.25584656516004267, 0.6871132802881375, 0.6790220606792452, 0.43427379891820045, 0.29122143172705955, 0.637149159833327, -0.021971000190799617]], "inverted": false, "swapped": false, "error_lsq": 0.03771418071672018, "error_max": 0.3239259826302103, "target": "1006.xyz", "model": "13.xyz", "model_rescale": 4.170626492500431, "target_rescale": 4.389875527435808},
{"mapping": [9, 5, 8, 0, 12, 4, 2, 13, 14, 3, 10, 1, 11, 15], "R": [[0.26728928829905574, -0.444980196217451, -0.8547216279788779], [-0.8787540964299753, 0.25140780042051525, -0.4056912075646406], [0.3954082376078201, 0.8595270460328734, -0.32382955820906856]], "T": [-0.06611710791737807, -0.04217738105663295, -0.07649641991624387], "aligned_model": [[0.2774037042720739, -0.12037778138025612, -0.03804277808662665, -0.6853422746064721, 0.24979545304505107, -0.23946001886867327, -0.7187462207394166, 0.47206349941234255, 0.5813332150227652, -0.09020119282792027, 0.4451774748271767, -0.4679680972916275, 0.2316436213201848, -0.05409558200695842], [-0.3160730790137992, -0.7101095055879928, 0.1700948311661758, -0.3751813580783647, 0.6712575065754668, 0.7620280842494506, 0.21887957672483255, -0.4951697268219023, 0.16884967666412914, -0.425925177140742, 0.04104077283229031, 0.09384554838626367, 0.5633990572311912, -0.01086173926133295], [-0.625531580125926, 0.09816079352440546, -0.5977713627760753, -0.1009664036953212, -0.26774604670946567, 0.09838891122542673, 0.026674036992313438, 0.2825291269349053, -0.0007295324921585133, 0.6295130267893431, 0.5457772903283536, 0.4826681664949223, 0.4458307815836605, -0.01292410695351709]], "inverted": true, "swapped": true, "error_lsq": 0.04740436619915595, "error_max": 0.26245126134534713, "target": "1006.xyz", "model": "14.xyz", "model_rescale": 3.9786697098870705, "target_rescale": 4.389875527435808},
{"mapping": [3, 2, 13, 10, 6, 9, 4, 8, 14, 11, 7, 15], "R": [[0.5274638224549897, -0.4422784244063632, -0.7253769442888269], [0.02132825769867311, -0.8466464782857208, 0.5317281694906952], [-0.8493097323266172, -0.2959383991830249, -0.43714235949433977]], "T": [-0.016799978959682042, 0.08014344239839313, -0.07303198193227087], "aligned_model": [[0.11244349542651802, -0.7085537447854979, 0.6484223906655144, 0.4889716450800799, -0.0341572926407177, 0.35426601550238235, -0.39727174890301703, -0.08243988274326813, 0.5489386757905051, 0.13164223400274766, -0.5688644720638666, -0.01004271856404328], [-0.37585339580494237, -0.0815903285736278, -0.07605747239824232, -0.5486529599099006, 0.6136318461900518, 0.6673633102990764, -0.42300636680771597, 0.4478705946213837, -0.1284366989920933, -0.6778287716969271, 0.5886381012778908, 0.008596632019485892], [-0.7223814724688099, -0.07924101411831647, -0.4690373453888881, -0.13922964580732286, -0.37865977266069417, 0.03627430064013469, 0.48325982640739606, 0.3489198763172012, 0.2523893759016689, 0.2898082197852738, 0.1094752689199748, -0.07161112365378812]], "inverted": true, "swapped": true, "error_lsq": 0.05061063891176378, "error_max": 0.270685804156046, "target": "1006.xyz", "model": "15.xyz", "model_rescale": 3.769337070930944, "target_rescale": 4.389875527435808},
{"mapping": [8, 2, 9, 6, 12, 4, 14, 1, 13, 5, 15], "R": [[0.1682626938663686, -0.35817783656139746, 0.9183661052374645], [-0.42862675788435134, 0.8123784273236404, 0.3953737386887482], [-0.8876749226368752, -0.4601629365945999, -0.01683162221094316]], "T": [-0.05372302017790563, 0.03501163767811334, 0.011468313943465841], "aligned_model": [[-0.18865862622262525, -0.2176818594003852, -0.3172659033552016, -0.6191808367125821, 0.46220190320588417, 0.4308048569867118, 0.491826516393596, 0.09724187137399339, 0.17561137779787883, -0.39889541433455056, 0.0066222449584511164], [0.17750264540833516, -0.6473431210763313, 0.6498307319946666, 0.26448550395099985, 0.06880831890454793, -0.5143381902502653, 0.4429331422282171, -0.5733722281962059, 0.5196913478452339, 0.20171364913392265, 0.006152697682221223], [-0.5167966963196611, -0.0991170356002068, -0.20534413704490928, 0.08840141606173722, -0.6033859473107952, -0.4018434050522395, -0.06229285651709074, 0.32726914192560164, 0.5913226811572305, 0.5882257530469683, 0.037778692877141695]], "inverted": false, "swapped": true, "error_lsq": 0.04375095812389396, "error_max": 0.20743293944600033, "target": "1006.xyz", "model": "16.xyz", "model_rescale": 3.7852294659196426, "target_rescale": 4.389875527435808},
{"mapping": [2, 11, 14, 4, 1, 3, 5, 13, 8, 7, 0, 9, 15], "R": [[0.4861184561897817, 0.8728108702072276, -0.043474491368676094], [-0.593008478296981, 0.29292188389701984, -0.7500251426466447], [-0.6418954675175408, 0.39038180641818165, 0.6599789799668736]], "T": [0.07410460757889607, 0.08933777585286734, 0.043594038143062126], "aligned_model": [[-0.1193689852175203, -0.24448261517269665, 0.18502679671896713, 0.021355366677070234, -0.5238018498815057, -0.6794759395100848, -0.23194258352270852, -0.23632661576604952, 0.6192707469159013, 0.5212226994568092, -0.10282602897332917, 0.6232033828551774, 0.021911475636251815], [0.05766218885914831, -0.6958650337978631, -0.3481352010990697, -0.618114066355296, -0.03689377609751937, 0.259135916111967, 0.6634988950660599, 0.2136278997999071, 0.024232782408152034, 0.3448813461561097, 0.6131842640694767, 0.35743035276391283, 0.04041005581788829], [-0.6392560650031298, 0.1444340556371081, 0.5591312563811792, -0.40818962999284114, -0.30169562737128564, 0.26625230454370913, 0.28077922291467783, 0.75908281889456, -0.08341165653194027, -0.5321088495178625, -0.3913894586840297, 0.3915623040934187, 0.050564021779609974]], "inverted": false, "swapped": true, "error_lsq": 0.04755529888383565, "error_max": 0.2865666487577418, "target": "1006.xyz", "model": "17.xyz", "model_rescale": 3.901054581598922, "target_rescale": 4.389875527435808},
{"mapping": [9, 8, 13, 5, 12, 10, 7, 6, 14, 1, 4, 2, 0, 3, 15], "R": [[-0.16176738758617587, -0.09702967645543123, 0.9820471242259704], [0.8311325021433484, 0.5231167634956646, 0.18859378470871757], [-0.5320245071371065, 0.8467196074479293, -0.003978714458666988]], "T": [0.044294441884080285, 0.0005952764915550038, -0.03537956310002333], "aligned_model": [[0.08830768869365437, 0.2037447061075207, -0.44742725240731507, 0.19601498047262722, -0.3321154739984798, -0.697854893914843, 0.7184855702481017, 0.45839646666151834, -0.5936855404829431, 0.08322554736769341, -0.11728155447339712, 0.47085839688067127, 0.6689411782086199, -0.15635276940520526, -0.004170838869189529], [-0.26721752280288247, -0.521444835988824, 0.47154906039070327, 0.5862741552137298, -0.6726709738199269, 0.3028363513597636, -0.37550867897875756, 0.1143027610796088, -0.19882760955264422, 0.3788083473196576, -0.3873190421055384, 0.010416463169045383, 0.31433643170949555, 0.770248010703725, 0.022974432129950196], [-0.6840737495643172, -0.17546867877815117, -0.43556962233906654, -0.37234219465077956, 0.18910793372288429, 0.08053712240259578, -0.009629681860791894, -0.4757312643659709, -0.18596845915908466, 0.5546125824174074, 0.69317706001325, 0.5326577366238836, 0.04407594772954631, 0.0815268879815236, 0.012754784679047379]], "inverted": true, "swapped": true, "error_lsq": 0.04455645252739826, "error_max": 0.28855922517875665, "target": "1006.xyz", "model": "18.xyz", "model_rescale": 3.9405287249114394, "target_rescale": 4.389875527435808},
{"mapping": [8, 9, 7, 5, 13, 6, 0, 4, 12, 1, 10, 11, 14, 2, 10, 15], "R": [[-0.48821954750963237, 0.2659004166440709, 0.8312271902783254], [-0.310526703995113, -0.9430505956419072, 0.11928428297716169], [0.8156070374484402, -0.19988132100812617, 0.5429849150543918]], "T": [0.11124823478457839, 0.011881885455074334, -0.0009633986070373274], "aligned_model": [[-0.3424496182243137, 0.11287537576269424, 0.32918240446597447, -0.5368984402401512, 0.6621651056908907, -0.5976395772344775, -0.13377552012898547, 0.4491022246705511, 0.47356615404040286, -0.2495111476039158, -0.12977820938776535, 0.13088064643360342, 0.5259588272837898, -0.666193424028321, -0.12977820938776535, 0.08174307578015028], [-0.24788544713848853, -0.7502539991043193, -0.43214035032294745, -0.5088385459358977, -0.3311390746382817, 0.0947059983804799, 0.3226016456758206, 0.2101064800930691, 0.4216869598462811, 0.5642830317751104, 0.00480282445290461, -0.5163535891691867, 0.06483155188787776, 0.003962389512446311, 0.00480282445290461, 0.009511835084409496], [-0.5477278329188385, -0.09127448782449175, -0.5019369515629892, 0.0033681998571832156, 0.17269450550157694, -0.22210066792448074, -0.5631829714541331, -0.6183989986616584, 0.029443649897218413, -0.015965583195316685, 0.7472078231406919, 0.48872533279398356, 0.6509188141966206, 0.3874269098962884, 0.7472078231406919, 0.025704468992517115]], "inverted": false, "swapped": false, "error_lsq": 0.044717273786156336, "error_max": 0.3858497265524065, "target": "1006.xyz", "model": "19.xyz", "model_rescale": 4.410303926677745, "target_rescale": 4.389875527435808},
{"mapping": [11, 14, 10, 4, 3, 8, 1, 13, 9, 6, 7, 0, 5, 15], "R": [[0.9122421280105772, -0.3080208100596016, -0.2700693993272119], [0.40387236039325436, 0.7865940594083812, 0.46707269478511126], [0.06856687533434375, -0.5351569548026741, 0.8419653302441934]], "T": [-0.04158522294625072, -0.06499604328812417, 0.1267403188795552], "aligned_model": [[-0.22963232848719664, 0.20598850535902363, 0.3212843413808391, -0.734392738109424, 0.36847061362873706, -0.2833652565960142, -0.28952289869354964, 0.7020680194292706, 0.27862255394046814, 0.19004411282754344, -0.5243232004373231, -0.1686217701126128, 0.47123700544809705, -0.046669070116986504], [-0.10830552520863343, -0.5014803084690695, 0.004244036324318662, -0.1128840418391547, 0.5667621658662392, -0.5134151323111026, 0.5283259006265667, -0.007332027661962198, -0.56618604851805, -0.03658829484695264, -0.1538238827059303, 0.43078427996839974, 0.32088986089839033, -0.040042515941857024], [-0.7045072704616854, -0.3397933844024138, -0.5937480381412346, -0.347710480236624, -0.15437803527003938, 0.36765101199850553, -0.15459128173790246, -0.13286417092313482, 0.5018943768238985, 0.6958276148381145, 0.723166826758938, 0.6094346555308982, 0.38690971924648, 0.059523494701221605]], "inverted": true, "swapped": true, "error_lsq": 0.041741444305796335, "error_max": 0.2605588111883391, "target": "1006.xyz", "model": "20.xyz", "model_rescale": 4.121658175737393, "target_rescale": 4.389875527435808},
{"mapping": [6, 5, 13, 9, 14, 0, 3, 8, 1, 4, 10, 12, 15], "R": [[-0.16463345446202537, -0.8614682011051441, -0.4803835594153565], [0.5158785948422954, 0.339902739381995, -0.7863430569059251], [0.8406932264836202, -0.3772779694671858, 0.3884536429218781]], "T": [0.07043402747982078, -0.1508058198102994, 0.0024101677461003737], "aligned_model": [[0.12540805221489448, -0.16592514856894483, 0.18495747265858833, 0.6512329677124552, 0.5326780404601261, -0.4189864084158147, -0.45371976131358427, 0.45641653072032673, -0.5776478197327407, -0.0743329499613018, 0.05962931661270984, 0.5193935223796922, 0.041979089897887914], [-0.4739452092534161, -0.022782962200446566, 0.49540090828981953, -0.323334498624789, 0.32227035129380693, -0.5608159513604325, 0.3821376399138322, -0.5340469360487917, -0.0023598049958863387, -0.17299050048894785, 0.6491299474490604, -0.1211479399098937, -0.09668813990073284], [0.5228698601130386, 0.6406320521244327, 0.4417745037839724, 0.3593015446724568, -0.17645953285423455, 0.29785824242851133, 0.29825780997721524, -0.14496343961762953, -0.22254580503731772, -0.8257984028685261, -0.12232157811053379, -0.6631139016248574, -0.03538161350473925]], "inverted": true, "swapped": true, "error_lsq": 0.04998882806884629, "error_max": 0.29236632553657427, "target": "1006.xyz", "model": "21.xyz", "model_rescale": 4.08911054899281, "target_rescale": 4.389875527435808},
{"mapping": [7, 0, 6, 4, 8, 13, 12, 10, 9, 14, 2, 1, 11, 3, 15, 16], "R": [[0.6785296826895453, -0.7085574558600652, 0.19376222917363706], [-0.505954745379379, -0.642032675573297, -0.576024165399579], [0.5325478995708396, 0.29281457484439805, -0.7941362347994088]], "T": [0.06632712593436932, -0.04903762749842304, 0.055948156652543796], "aligned_model": [[-0.07512819642156451, -0.11912902900055963, 0.42424659278715204, -0.5213898484208851, 0.673984318878201, -0.500520371478757, -0.2538953810543809, 0.3905626272067221, 0.2817831722384363, -0.2686607804605934, -0.3075838114261723, 0.2771449156209197, 0.647009422886191, -0.7626168588674144, 0.059855342305334486, 0.03378755309973187], [-0.22413299614452276, -0.7791821305912159, -0.5328892100398751, -0.40946841063797573, -0.3689609726496193, -0.061920974807989665, 0.43486960978914674, 0.2069645206461927, 0.6117848619703945, 0.48047366428123234, -0.24713689175160358, -0.573656484906292, 0.03961297348100927, 0.18531225996987472, 0.2316837412053584, -0.0786690249619324], [-0.6186837368014338, -0.12453568578052446, -0.38376246395073554, 0.16068876237865654, 0.15167593292967582, -0.2835336544460997, -0.4004078860954805, -0.6372110235326033, -0.10038463288878363, 0.19459692294357153, 0.6409277475766738, 0.6130202303286337, 0.5467048898831632, 0.16645075209271526, 0.7287487564322319, 0.03781512280520203]], "inverted": true, "swapped": false, "error_lsq": 0.039916641988181144, "error_max": 0.3240058880750288, "target": "1006.xyz", "model": "22.xyz", "model_rescale": 4.204369325754507, "target_rescale": 4.389875527435808},
{"mapping": [8, 9, 7, 5, 13, 6, 0, 4, 12, 1, 10, 11, 14, 2, 10, 15], "R": [[-0.48821954750963237, 0.2659004166440709, 0.8312271902783254], [-0.310526703995113, -0.9430505956419072, 0.11928428297716169], [0.8156070374484402, -0.19988132100812617, 0.5429849150543918]], "T": [0.11124823478457839, 0.011881885455074334, -0.0009633986070373274], "aligned_model": [[-0.3424496182243137, 0.11287537576269424, 0.32918240446597447, -0.5368984402401512, 0.6621651056908907, -0.5976395772344775, -0.13377552012898547, 0.4491022246705511, 0.47356615404040286, -0.2495111476039158, -0.12977820938776535, 0.13088064643360342, 0.5259588272837898, -0.666193424028321, -0.12977820938776535, 0.08174307578015028], [-0.24788544713848853, -0.7502539991043193, -0.43214035032294745, -0.5088385459358977, -0.3311390746382817, 0.0947059983804799, 0.3226016456758206, 0.2101064800930691, 0.4216869598462811, 0.5642830317751104, 0.00480282445290461, -0.5163535891691867, 0.06483155188787776, 0.003962389512446311, 0.00480282445290461, 0.009511835084409496], [-0.5477278329188385, -0.09127448782449175, -0.5019369515629892, 0.0033681998571832156, 0.17269450550157694, -0.22210066792448074, -0.5631829714541331, -0.6183989986616584, 0.029443649897218413, -0.015965583195316685, 0.7472078231406919, 0.48872533279398356, 0.6509188141966206, 0.3874269098962884, 0.7472078231406919, 0.025704468992517115]], "inverted": false, "swapped": false, "error_lsq": 0.044717273786156336, "error_max": 0.3858497265524065, "target": "1006.xyz", "model": "23.xyz", "model_rescale": 4.410303926677745, "target_rescale": 4.389875527435808},
{"mapping": [12, 5, 6, 2, 15, 0, 7, 13, 11, 1, 4, 8, 9, 3, 10, 16], "R": [[-0.306815836102377, -0.3768232577706701, -0.8739955807210347], [-0.9033714104899622, -0.173801414352246, 0.39206270299345675], [-0.2996400130592973, 0.9098336665414499, -0.2870863316174527]], "T": [0.12250654791500158, -0.009584199944912643, 0.017873606532851694], "aligned_model": [[-0.17531033689092768, -0.019274773586609575, 0.4739737933989298, -0.6820024126770485, 0.6386898696364569, -0.5570501341377845, -0.08433306577790946, 0.388114703363742, 0.40966868131064116, -0.38275662092571916, -0.22408289336553133, 0.21979226428190507, 0.5817611698176848, -0.6868913408358752, 0.06719998411816891, 0.011950780162239119], [-0.3376389389621928, -0.6147094644014277, -0.45379203512428207, -0.431160457699973, -0.48567088753184284, -0.05430767178885502, 0.44932713548732406, 0.061663530254589975, 0.5463135606452967, 0.6732212008282001, -0.4058270257533369, -0.3343944748153878, 0.027453119364221533, 0.043990192032798685, 0.21342162426859088, 0.01679512804845822], [-0.6528431937014154, -0.0786846899393944, -0.48912566790153617, 0.10693955065695437, 0.14519381354595118, -0.308605088070334, -0.4163482919262959, -0.6290906061788513, 0.1139833122093232, 0.13961622215465969, 0.4614406873440332, 0.7666996490714366, 0.4422948746943339, 0.40678982738755337, 0.6269659908584626, 0.05688364366998179]], "inverted": true, "swapped": false, "error_lsq": 0.041010221429666815, "error_max": 0.3001504616209389, "target": "1006.xyz", "model": "24.xyz", "model_rescale": 4.28219845311461, "target_rescale": 4.389875527435808},
{"mapping": [9, 13, 7, 12, 4, 11, 5, 3, 1, 8, 14, 2, 0, 10, 6, 15], "R": [[0.32684111858751436, -0.08988159464698198, -0.9407955049553427], [-0.9055929119028849, -0.31452458932075916, -0.2845624019856834], [-0.27032639736384656, 0.9449844346106044, -0.18419570361971066]], "T": [0.01220519028200517, -0.1198102139855905, 0.0044145931347101125], "aligned_model": [[-0.1682422895672897, 0.026079029311062926, 0.36370323770426005, -0.564074869531683, 0.7324227530886892, -0.5221239586747498, -0.28309836971735647, 0.5094443840470781, 0.3248181040632637, -0.1690560812035084, -0.48667591043725505, 0.18763027673984, 0.5789900031494911, -0.5913916121652607, -0.025702182939943145, 0.06672715402572281], [-0.22765095257761103, -0.7134160591781147, -0.6105469551301472, -0.6112283027981477, -0.24594531767044375, -0.08172537251982173, 0.5497789627608076, 0.12140417468840503, 0.42545269323458873, 0.5296600417001562, -0.3387673660923622, -0.43405737735308264, 0.1252530607574585, 0.23594810169673863, 0.29295209894353197, -0.10242689560977336], [-0.6379893031757305, 0.023284518435814774, -0.4866786559528616, -0.09965007369303666, 0.009431650930220345, -0.09315065003247346, -0.4311618327080185, -0.538369109402788, -0.11740054136696379, 0.1695775289519501, 0.5366927514138757, 0.5868704144161746, 0.5375685477395581, 0.37698906854356956, 0.8046567058992377, 0.05143901387633484]], "inverted": false, "swapped": false, "error_lsq": 0.044303760630176894, "error_max": 0.2947186593245461, "target": "1006.xyz", "model": "25.xyz", "model_rescale": 4.100010024507729, "target_rescale": 4.389875527435808},
{"mapping": [8, 9, 5, 13, 2, 1, 0, 10, 14, 11, 12, 15], "R": [[0.8780495123505093, 0.2746719123055357, -0.39189844915673394], [-0.2786759484411146, 0.9591900061265729, 0.0478983079800364], [0.3890613956967181, 0.0671555860470693, 0.918760772802799]], "T": [-0.09312640443712412, 0.00919520021417336, 0.060173184950757956], "aligned_model": [[-0.566145795580704, -0.18046503386974014, 0.3696856342308509, 0.6488698608142779, -0.4537609147125688, 0.05024717420516604, -0.20656412907846533, 0.5323402077283271, 0.13567042837735283, 0.08189218633127791, -0.4753830369474447, -0.05962097913532309], [-0.27122093716926027, -0.6885160395130323, -0.15100020241994536, -0.24313124236881484, 0.556981888184952, 0.6812818181714675, 0.1724892247267774, 0.20558951480359217, -0.19047509181630284, 0.49527448719920725, 0.03714838815031145, 0.06170958210168732], [-0.06309348381271554, 0.05417329492066991, 0.549790520950372, -0.03735980149926222, 0.33328878642403575, 0.20298454514906245, 0.7350044083438719, -0.41500338455305447, -0.5540325987814048, -0.6190214849059317, -0.6458473466197414, 0.024308834238454695]], "inverted": true, "swapped": true, "error_lsq": 0.0443322710375006, "error_max": 0.22936493001020467, "target": "1006.xyz", "model": "26.xyz", "model_rescale": 3.6694154284099745, "target_rescale": 4.389875527435808},
