[{"mapping": [1, 6, 7, 8, 9, 5, 10, 2, 3, 4, 0, 11], "R": [[-0.7546568122369106, -0.3622213333760947, -0.547072939736255], [0.5108872759600027, 0.19877457740579163, -0.836350918358626], [0.41168833722440096, -0.9106505218932195, 0.03504768136431935]], "T": [-0.0427074944583363, 0.06709470484245214, 0.00015929117354546163], "aligned_model": [[0.06032427605342883, -0.5664475921463451, 0.01862835393002918, -0.5567093968498033, -0.5365439314782293, 0.6231698381297883, 0.12098807682759205, 0.05386344635191748, -0.1718536814399328, 0.2694672472602726, 0.5158822919012012, 0.022547040296966303], [0.06489946348485268, -0.22572616015000216, -0.7736906748567683, 0.4242556215670209, -0.16874230318057185, -0.3572905715980197, -0.48042326205796226, 0.722692844844899, 0.17199450294298457, 0.6628917866032096, 0.2744902555359572, 0.06653384780381484], [0.7010588522374313, 0.40649257624109003, 0.4313450618716628, 0.10665630800325968, -0.2641566250067149, 0.25548427548917574, -0.3675215239738793, 0.4579970111167339, -0.6679348710023467, -0.4469662334186226, 0.16676040200071043, 0.02411314308411627]], "inverted": false, "swapped": false, "error_lsq": 0.04849856316534373, "error_max": 0.29563433222048285, "target": "1007.xyz", "model": "0.xyz", "model_rescale": 3.751011558992144, "target_rescale": 3.868684924325286},
{"mapping": [1, 4, 10, 8, 5, 6, 11, 0, 13, 3, 7, 14], "R": [[-0.9905833793752274, -0.026610657551894262, 0.13429981909969196], [0.1359176061845051, -0.30907841589964336, 0.9412741030932705], [0.01646125252306003, 0.9506641918835603, 0.3097847985872599]], "T": [-0.05838618448616236, 0.03656745545832683, 0.00270727954077421], "aligned_model": [[0.1331057670972657, -0.3967269477856664, -0.2904145396447594, -0.6360210131999539, -0.583840504595727, 0.4750545665859031, 0.4633103164087266, 0.1262117895372122, -0.18905981629731813, 0.22036344046947334, 0.5608086343604587, -0.029475724098729273], [0.2466178186512602, -0.310225874335596, -0.7482634837078596, 0.18991889597117004, -0.008928599366734201, -0.3017211244225646, -0.5363140643034079, 0.7343381591377903, 0.24143031829029465, 0.6418652171083927, 0.21602384184812093, 0.01714424606854794], [0.6390210597130435, 0.6278743645749757, 0.05425325376552334, 0.29122000454488467, -0.33182808999310703, 0.4085736948648079, -0.1880032712847897, 0.23625417327438183, -0.6817324969787903, -0.3705475340133009, 0.1578530351857841, -0.03960981701079648]], "inverted": true, "swapped": false, "error_lsq": 0.05169194173745576, "error_max": 0.27937924654123636, "target": "1007.xyz", "model": "1.xyz", "model_rescale": 3.9405287249114394, "target_rescale": 3.868684924325286},
{"mapping": [0, 1, 7, 2, 4, 6, 3, 5, 8, 9, 11, 12], "R": [[0.24230413907605328, 0.11893736657573684, -0.9628824471443239], [0.9376796016673552, 0.22609543308232113, 0.26388978713900213], [0.2490896802430057, -0.9668168171744566, -0.05674128325206182]], "T": [0.0024196003255121095, -0.007930446133357048, 0.04170658899277313], "aligned_model": [[0.10598900176730536, -0.6118319082905728, 0.02083543992605716, -0.4239771658763522, -0.5153918213954638, 0.38064526102294294, 0.18932929629608233, 0.10416007458220694, -0.17616218274635156, 0.2227707184488295, 0.6301357818639393, -0.0731865267617371], [0.13696723625260662, -0.22381022018062588, -0.79668706483467, 0.46353685998490013, -0.31769115648335844, -0.24594745897308576, -0.4088156194666683, 0.6527756703476147, 0.1867716707931442, 0.5756018713878926, 0.3223281494624548, 0.036855412649209544], [0.8609794550148597, 0.49261382965145895, 0.12191697773899217, 0.286806577886688, -0.3155263262622106, 0.3509782245791424, -0.32044741405372257, 0.3266497130007132, -0.68691498804772, -0.469484692466665, 0.10890736657072334, 0.046849653030356576]], "inverted": true, "swapped": false, "error_lsq": 0.04749984181189145, "error_max": 0.2578413760136674, "target": "1007.xyz", "model": "2.xyz", "model_rescale": 3.932901565614263, "target_rescale": 3.868684924325286},
{"mapping": [3, 1, 2, 10, 6, 0, 4, 8, 5, 9, 7, 13], "R": [[-0.9824086338780688, 0.1385408635410225, -0.12521862964884448], [-0.053879649154830275, 0.4317390804736535, 0.9003878885228946], [0.17880229162060282, 0.8912955713572641, -0.416679667118698]], "T": [-0.03535017966553128, 0.13764761266047215, 0.16339931380019976], "aligned_model": [[0.22464315871307833, -0.4231093278067825, -0.18011216145177578, -0.743694370291965, -0.45924044806784303, 0.25533250469174135, 0.35912038892543496, 0.23881764127998434, -0.024138367617103876, 0.11068675583433568, 0.602464112701447, -0.10745391807366558], [0.20927600598277826, -0.31091573046833804, -0.6759783240464434, 0.24203489637153344, -0.1798599923325489, -0.3913329666681265, -0.5203867347051441, 0.7809595471471182, 0.12974902341488748, 0.6868551193026704, 0.25710960993223136, 0.1543748970087964], [0.5969409096708034, 0.6074740723105545, 0.05730192021575384, 0.1411003697345844, -0.2681076059672244, 0.4543176061969434, -0.2544645070079704, 0.38648783084432226, -0.5553576640533631, -0.30225857296487235, -0.1343662097370211, 0.07426022740010634]], "inverted": false, "swapped": false, "error_lsq": 0.05004474290053207, "error_max": 0.2507083504943138, "target": "1007.xyz", "model": "3.xyz", "model_rescale": 3.9243930471874484, "target_rescale": 3.868684924325286},
{"mapping": [1, 7, 2, 8, 4, 0, 3, 9, 10, 11, 5, 12], "R": [[-0.6373440207369641, -0.7698476673028131, -0.0335733283911174], [-0.7120140716416844, 0.5716849897237817, 0.4076913468651869], [-0.29466686446743706, 0.2837443244770493, -0.9125023820856537]], "T": [-0.008338703056509833, 0.12760341071206915, -0.03331106620049111], "aligned_model": [[0.12822335122093245, -0.4702469705316439, -0.09578774984199206, -0.5936835049195095, -0.43933605982934515, 0.46580353618576514, 0.1701242166767351, -0.13460451116270739, -0.2745184300696864, 0.29636008284425813, 0.708525103059131, 0.09245690520494834], [0.1219078558629269, -0.2361550515244838, -0.7387510921471936, 0.3559902591915498, -0.27428827023927804, -0.45772126864809937, -0.43068529111868215, 0.7740323278151263, 0.2614465584277552, 0.7954997366691796, 0.109339526323746, 0.1012700603268672], [0.6677443281650113, 0.51188549697796, 0.2716430777381807, 0.006024404939484099, -0.1046666874016711, 0.36153891804520827, -0.3640951076128513, 0.21942197994332524, -0.6723432126967845, -0.3286197674456613, 0.2104014976597457, 0.0243934483306699]], "inverted": false, "swapped": false, "error_lsq": 0.047195850307442506, "error_max": 0.2342336249315949, "target": "1007.xyz", "model": "4.xyz", "model_rescale": 3.8936222436046832, "target_rescale": 3.868684924325286},
{"mapping": [9, 8, 3, 7, 10, 0, 2, 6, 4, 5, 1, 11], "R": [[0.4941371012493536, 0.7698794283853583, 0.4038739790057295], [0.4977635007978447, 0.13033703972623067, -0.8574635580296561], [-0.7127832927632076, 0.6247382826627783, -0.3188135124695979]], "T": [-0.0863215885456026, 0.015094344234317422, 0.11758471044787569], "aligned_model": [[0.10938343154717961, -0.5947071249385723, -0.07654443471821543, -0.5921326910531779, -0.5204130700250641, 0.5941749268609795, 0.2128153037557635, 0.013059918344796223, -0.03856420541177072, 0.0813405003049456, 0.6855506343523886, -0.020647220182366796], [0.03587605739754289, -0.22698602528876, -0.5352958952171228, 0.41545788121172345, -0.2642459814066015, -0.5025634638534124, -0.45567421675309105, 0.7636665374965135, 0.11891742509959129, 0.6945918098930647, 0.2130676852530652, 0.12507353710690128], [0.7035058735148388, 0.5959193918257022, 0.2826817240514253, 0.05748733756795918, -0.24710826681225243, 0.3449020991851378, -0.3784521294886841, 0.37130033012970465, -0.6682680742024698, -0.29149165793885223, 0.027425989708077025, 0.005425759102030345]], "inverted": true, "swapped": false, "error_lsq": 0.042209347764190136, "error_max": 0.2652586650781766, "target": "1007.xyz", "model": "5.xyz", "model_rescale": 3.6523030999806103, "target_rescale": 3.868684924325286},
{"mapping": [8, 6, 10, 1, 2, 9, 4, 5, 3, 0, 7, 12], "R": [[0.26063563362865005, -0.5957695386611704, -0.7596892280968899], [-0.24230373096826338, -0.8020668864660038, 0.5458732559794353], [-0.9345362317437733, 0.04180151239114199, -0.35340439318146805]], "T": [0.02473254012637586, -0.03257384196508105, 0.11486693366480479], "aligned_model": [[0.038747272989001914, -0.45208598550563966, -0.048282052558271414, -0.5369546748991153, -0.577977829858566, 0.5340976076078103, -0.02208211316175803, 0.17364976214985653, 0.11040363137945108, -0.05458239337982298, 0.6204388924697479, 0.06794385160419118], [0.13194581083811385, -0.24834481239018708, -0.7953270600845047, 0.36060147792034886, -0.23466557416383155, -0.35293504841100387, -0.40378952420118996, 0.5982615310546352, 0.24617064971961633, 0.8251752742634644, 0.20329743480404022, 0.051495191589912476], [0.767890649750826, 0.50049816166382, 0.2616642060187248, 0.003981829600552281, -0.299995424110206, 0.5155897812974151, -0.32003409809576655, 0.32408911967438897, -0.5156904986337341, -0.38024853310103257, -0.12244455419501742, 0.06802773677264648]], "inverted": false, "swapped": false, "error_lsq": 0.05340938137665557, "error_max": 0.28928349511421286, "target": "1007.xyz", "model": "6.xyz", "model_rescale": 4.08911054899281, "target_rescale": 3.868684924325286},
{"mapping": [8, 4, 5, 3, 6, 10, 12, 9, 2, 1, 11, 14], "R": [[-0.12090878642446193, -0.07471059529015171, -0.9898481662945865], [0.060710727421880925, 0.9947405108558115, -0.08249559768997052], [0.9908053658217996, -0.07006884481501426, -0.11573713338863864]], "T": [-0.005999835315930665, -0.013192772632266661, -0.031906052762086606], "aligned_model": [[-0.00679466652931368, -0.450270337697728, -0.12414335606755483, -0.6208485142203415, -0.48080479609732446, 0.421819257066053, 0.5205978398513328, 0.1155691154010297, -0.2945111554825915, 0.15221911730541124, 0.559797101318589, 0.0606863639893238], [0.11775711879063892, -0.2934629440752581, -0.7501093495303681, 0.35161153759344976, 0.024081892166426547, -0.33221383571015917, -0.47332439269829074, 0.6894834241456131, 0.18966335810093055, 0.6037731319168809, 0.12260970824731883, 0.1320157019922315], [0.6374223176695389, 0.43811718221145857, 0.12138222722214206, 0.30769717683977316, -0.18128414698945203, 0.4523162969989404, -0.16965836212583754, 0.2937079220779715, -0.7569923591083731, -0.39558983644050805, 0.04531166307501901, 0.010898295211943736]], "inverted": true, "swapped": false, "error_lsq": 0.04756074300893973, "error_max": 0.3314075167447949, "target": "1007.xyz", "model": "7.xyz", "model_rescale": 3.964800864290218, "target_rescale": 3.868684924325286},
{"mapping": [1, 0, 3, 2, 6, 5, 10, 7, 11, 12, 8, 13], "R": [[-0.08975630796235728, 0.6601337295931137, -0.7457662262629305], [-0.9874450262251379, -0.15670823661083716, -0.019870801734169663], [-0.12998509670036512, 0.7346196210501104, 0.6659113206756504]], "T": [-0.08371192870644638, 0.04712665394528339, 0.03526602174094906], "aligned_model": [[0.051484626176174456, -0.5507301307469205, -0.2624748899614408, -0.572305583895816, -0.48826730269150465, 0.5535989079532015, 0.4615137693587904, 0.08971920116298919, -0.15327847544633372, 0.07433053771469282, 0.6555707484444467, -0.00584543923139387], [0.22810412776360536, -0.21166433083632066, -0.6360701904767276, 0.4135008605216414, -0.24150453223288168, -0.4402311115648196, -0.43357551934088695, 0.6697938643062598, 0.06418481714514503, 0.6929455830702436, 0.23079176548122007, 0.04561001710293547], [0.7508699182441778, 0.5128438663709045, 0.20033743403744142, 0.2914981598858888, -0.2639543166783061, 0.2706126359965181, -0.3478636844610885, 0.33369583475433295, -0.7905686100931815, -0.32336390852140656, 0.13912087948184138, 0.030100167625494466]], "inverted": true, "swapped": false, "error_lsq": 0.045570065858499126, "error_max": 0.24044881143726066, "target": "1007.xyz", "model": "8.xyz", "model_rescale": 4.121658175737393, "target_rescale": 3.868684924325286},
{"mapping": [6, 1, 4, 2, 0, 9, 5, 8, 10, 11, 7, 12], "R": [[-0.15072789815516552, 0.260958377882304, -0.9535102651417879], [-0.9224901052481215, -0.38386188815055233, 0.04076832771653455], [-0.3553774140783794, 0.8857487091938264, 0.2985902170608318]], "T": [-0.004536428141068421, 0.11327447112359132, 0.015596152630833582], "aligned_model": [[0.12031932012746664, -0.5082508059489842, -0.13960723913756912, -0.5976480362007448, -0.5789090694036371, 0.5548572221838178, 0.20130585402867207, 0.09614907960239073, -0.06484651326994476, 0.18439685440646317, 0.6511480156879443, -0.06559871323898944], [0.1109818273704988, -0.16824066880813618, -0.7272039773457958, 0.424265801421448, -0.356499366023023, -0.3451456009133217, -0.3309701258343811, 0.7013410371199787, 0.10410166662319902, 0.6309619377004483, 0.2650852734433243, 0.0732075461851749], [0.6972029571764593, 0.3923623497509243, 0.26754807541366193, 0.19957839015206824, -0.2456180392192362, 0.42805172425621174, -0.3612242279493284, 0.43343999931875365, -0.7412125311755232, -0.2995799509185223, -0.03175678532323811, 0.06453641516038627]], "inverted": true, "swapped": false, "error_lsq": 0.03999162451460222, "error_max": 0.2231107930367629, "target": "1007.xyz", "model": "9.xyz", "model_rescale": 3.833441315466971, "target_rescale": 3.868684924325286},
{"mapping": [12, 0, 10, 5, 13, 11, 8, 4, 2, 3, 7, 14], "R": [[-0.3933995161545271, -0.9060452597370479, 0.1559448876924464], [0.7467740790073301, -0.215978356869659, 0.6290324509010933], [-0.5362511497536747, 0.36391666171241466, 0.7615768954714646]], "T": [0.007537581984265912, 0.07062431278321746, 0.19807997321321208], "aligned_model": [[0.12541846152395275, -0.5717419702208315, -0.031944615940650005, -0.5729139664233939, -0.6437244547529385, 0.566334850065779, 0.26103856690439364, -0.05727531144018703, -0.2216449861706417, 0.3070073533874113, 0.645976873364839, 0.04678516853915276], [-0.07079258198799632, -0.23437330564048486, -0.748663127508124, 0.3784910349354901, -0.13933200801960607, -0.3020578091468455, -0.49553923402727984, 0.8654236844257562, 0.19002275273420743, 0.6661715974682345, 0.17386939056138406, 0.09866495714467863], [0.7717745064127102, 0.3857888298412303, 0.2525169987358229, 0.0376764732221698, -0.21114202555335598, 0.3172048246167458, -0.2738897835342126, 0.20049405125978742, -0.4726432319309261, -0.35866335855438375, 0.03792473003376412, 0.11628636209326429]], "inverted": true, "swapped": false, "error_lsq": 0.04499710182938577, "error_max": 0.2962484466235383, "target": "1007.xyz", "model": "10.xyz", "model_rescale": 4.2482417240324, "target_rescale": 3.868684924325286},
{"mapping": [9, 4, 0, 5, 6, 10, 1, 7, 2, 3, 8, 11], "R": [[-0.11862355662901386, 0.6179078395209647, 0.777250508955264], [-0.9241522687408137, -0.35498525100314354, 0.1411667657469073], [0.363140518248639, -0.7015521174002464, 0.6131505447908703]], "T": [-0.004867686213455553, 0.016493790186772574, 0.0020540418422327067], "aligned_model": [[0.08576301824095407, -0.6007028323753687, 0.11579269719781063, -0.6271911428203892, -0.5805926835802799, 0.3179442662067002, 0.32920782688685923, 0.0500859784827994, -0.2485519377427022, 0.4580746868639683, 0.6038272953595052, -0.05034120388297145], [0.2760062678122499, -0.2744900771594792, -0.7299136353981336, 0.3335235986602744, -0.23240597748270267, -0.24369310937890162, -0.34022043815180464, 0.6673550691346355, 0.26875586077332314, 0.5489274385640942, 0.08151784145793077, 0.026522512107927956], [0.779067717079477, 0.5731481214601855, 0.048492203311128856, 0.2784446824536373, -0.16248097328837008, 0.49510331240611993, -0.5081371621252373, 0.18070436229578127, -0.6496660818954761, -0.39828381014881165, 0.04809881482454656, 0.1188371902696354]], "inverted": true, "swapped": false, "error_lsq": 0.05711782807106588, "error_max": 0.32513370354643717, "target": "1007.xyz", "model": "11.xyz", "model_rescale": 3.6694154284099745, "target_rescale": 3.868684924325286},
{"mapping": [6, 7, 9, 12, 10, 11, 8, 0, 2, 1, 4, 13], "R": [[-0.9665299042490643, 0.09630143275817202, 0.2377939827687358], [0.254826465573898, 0.2529780673848281, 0.9333089359185158], [0.029722325538382097, 0.9626671966318165, -0.2690510209860386]], "T": [-0.04660111580883523, 0.06478200406087264, 0.13513152906004328], "aligned_model": [[0.15057171909473616, -0.5346005311453879, -0.12000906450289935, -0.592697723919546, -0.5498366916036456, 0.4675707664754876, 0.24676743738851448, 0.11074644246470654, -0.11520520275388031, 0.1395685431248076, 0.6514199328135674, -0.0009796585995746968], [0.10854853162967867, -0.31948501001596136, -0.7346589683769872, 0.4230279991364193, -0.2316515724822592, -0.418085141288809, -0.4226563243705498, 0.7262834140730182, 0.09451007696845878, 0.6693796751216419, 0.3086186136774558, 0.17805405686730824], [0.6633949081564252, 0.543004978788266, 0.12128697972727823, -0.052503227551830345, -0.1146881604377124, 0.3530655656792004, -0.36380395703206075, 0.355121289918943, -0.5135003344249036, -0.42725268866124627, 0.10368358411822624, 0.135519438362031]], "inverted": true, "swapped": false, "error_lsq": 0.03595166960347592, "error_max": 0.2383911861336086, "target": "1007.xyz", "model": "12.xyz", "model_rescale": 3.9764082729961374, "target_rescale": 3.868684924325286},
{"mapping": [13, 11, 10, 3, 8, 12, 1, 4, 2, 0, 9, 15], "R": [[0.6940692942000791, -0.545550025909733, -0.4697264992295983], [0.23886207353629066, 0.7900330377330681, -0.5646173120939566], [0.679126442332021, 0.2796836936972736, 0.6786488833007109]], "T": [0.06067146869614208, 0.15124796471808313, 0.1893271739906815], "aligned_model": [[0.10306980169162279, -0.5321370987736533, -0.09473709874415061, -0.7670222877452665, -0.47049477939404655, 0.47756378739539124, 0.21996161794171698, 0.08257292425977493, -0.06724690267122575, 0.3104901721923922, 0.5988411150830624, -0.007545282398732256], [-0.10413626495729952, -0.3020153653554416, -0.6333589810544769, 0.3025658719921397, -0.17545595418757046, -0.31254144925867877, -0.31011950214485307, 0.8690668434415669, 0.07409034720848895, 0.5641436360272718, 0.17642984897539213, 0.23321632025287525], [0.7438195750019259, 0.4607586657054023, 0.10940836037413426, 0.16766190686281465, -0.14350882603039372, 0.32465532716260465, -0.21698463624229153, 0.1783679143631987, -0.5942180424665966, -0.3530893758120032, -0.07757811057792857, 0.20403561830174927]], "inverted": false, "swapped": false, "error_lsq": 0.04248209516492497, "error_max": 0.21155007947771617, "target": "1007.xyz", "model": "13.xyz", "model_rescale": 4.170626492500431, "target_rescale": 3.868684924325286},
{"mapping": [10, 0, 1, 4, 2, 9, 3, 12, 6, 5, 11, 13], "R": [[0.44167411460622974, 0.137400594041998, -0.8865918188454647], [-0.22655032909427142, -0.9390980433689791, -0.2583985551968755], [-0.8681007573283648, 0.31498562141383757, -0.3836471470354734]], "T": [-0.1228884254607424, -0.002630759455175921, 0.1661784734476816], "aligned_model": [[0.20010378407003648, -0.5358370507923954, 0.006967679783563649, -0.6412300881957543, -0.6124210408274576, 0.5796870718937165, 0.11470614433528604, 0.021140293905928212, 0.03501032081517223, 0.2188504716533488, 0.5218817115898213, -0.05554332939438024], [0.1559198904106434, -0.390188556434574, -0.7172730837126929, 0.47752653469692125, -0.1783309796045191, -0.3231352282713514, -0.4427997764290071, 0.6912849713769574, 0.2293904740749413, 0.7196246945910276, 0.11697554595135679, 0.04289086428971137], [0.6007656672125012, 0.3536105767946168, 0.4176505597832027, 0.10425897620601865, -0.2368344523599658, 0.41106823323741726, -0.30845155228774823, 0.3490522213927494, -0.6267423297513166, -0.2683113580282505, -0.09768788137221962, 0.1049497158156116]], "inverted": true, "swapped": false, "error_lsq": 0.047438320245638405, "error_max": 0.28333830187905185, "target": "1007.xyz", "model": "14.xyz", "model_rescale": 3.9786697098870705, "target_rescale": 3.868684924325286},
{"mapping": [6, 7, 10, 8, 5, 1, 4, 9, 2, 3, 0, 11], "R": [[-0.5334645385955167, -0.5140305257404394, -0.6717054448700565], [0.55291098852983, -0.812904038671853, 0.18296574180418834], [-0.6400820453848389, -0.27378758649361434, 0.7178686040341665]], "T": [-0.009140892983230632, 0.015731393173824992, 0.11340267060140233], "aligned_model": [[0.13865836788013863, -0.5001748003717398, -0.04389135591467411, -0.39742455183595093, -0.6495926539197134, 0.4878085231232276, 0.07029823212936832, 0.07367582496411003, -0.00633076054045857, 0.06844700627399669, 0.590061649385283, 0.021780487663298417], [0.11760278847740784, -0.18184634668933802, -0.7887194941908954, 0.27783822662862545, -0.21058213660552044, -0.33435257403861135, -0.42373381238489594, 0.5837005931128404, 0.19817252913883693, 0.8610324305987088, 0.22512964898842813, 0.057643497903827834], [0.8848514946403395, 0.5092874314801634, 0.32309807742055874, -0.11630134361305697, -0.31468997811160626, 0.41532084697472715, -0.3054940811116226, 0.35416530723401995, -0.7354522942368104, -0.2395782160198466, -0.17105166626069432, 0.19917279824644518]], "inverted": false, "swapped": false, "error_lsq": 0.0555009459719687, "error_max": 0.3660314596284254, "target": "1007.xyz", "model": "15.xyz", "model_rescale": 3.769337070930944, "target_rescale": 3.868684924325286},
{"mapping": [6, 8, 5, 10, 2, 4, 1, 3, 0, 7, 11], "R": [[-0.8043039607614226, -0.39985914742512507, 0.43955409328538864], [0.5734454429483286, -0.32843253197836875, 0.7505280780224501], [-0.15574165359749836, 0.8557129975399054, 0.49345699222524636]], "T": [-0.08858277008259947, -0.019149579032293244, -0.05621022539221612], "aligned_model": [[-0.22213282770796183, -0.4237798822363232, -0.1577381511230853, -0.6617090976144325, 0.37810582861054765, 0.31302909680293217, 0.6551885325229562, 0.33951532599219747, 0.126875279797235, -0.37948301036966775, -0.045244963983227256], [0.02481308472156455, -0.6708154254578145, 0.7028982409775438, 0.29550469969864523, 0.2953237499656434, -0.41781804559505703, 0.18869006524455673, -0.37360045304107736, 0.538953229951219, -0.048967430773569624, 0.06108278193368811], [-0.6552258777142054, -0.24543744271102771, -0.26329332272222344, 0.06311141635547528, -0.6178478064255564, -0.20092842460148833, -0.003819214090394124, 0.4269120045468765, 0.3819819139959484, 0.6968241238651514, 0.16194023672522065]], "inverted": false, "swapped": true, "error_lsq": 0.045880809171376165, "error_max": 0.21178971152580864, "target": "1007.xyz", "model": "16.xyz", "model_rescale": 3.7852294659196426, "target_rescale": 3.868684924325286},
{"mapping": [6, 10, 9, 4, 0, 11, 8, 5, 3, 1, 2, 12], "R": [[-0.4904448149560602, 0.20413174561602448, -0.847227309471591], [0.8364324709242705, 0.3831627652140782, -0.3918762775890125], [0.24463157005226344, -0.9008421203436572, -0.3586626118631669]], "T": [0.04210772647600555, 0.07089610995637019, 0.029999120187323196], "aligned_model": [[0.10069311243061455, -0.3951434459479364, -0.21722029187381545, -0.5792800304661533, -0.5049421419486858, 0.5508512419634141, 0.21696419635101116, -0.12695919705247125, 0.02585011614204935, 0.15553851531725044, 0.6016310948261685, 0.02533279909544008], [0.18713900909036074, -0.19741322956983565, -0.7470908530948668, 0.40948823369580484, -0.14860997565099507, -0.346635129091661, -0.4919584670561772, 0.6299343446941185, 0.1952526054359601, 0.7024779465233512, 0.18991308777265337, -0.0006122218092985687], [0.9077511220964384, 0.6513497344270127, 0.13444093503564303, 0.06192582301749596, -0.3139495323417737, 0.35369616110954477, -0.24717564657788443, 0.3318295991491097, -0.7553457233692001, -0.21998486751709329, -0.18646237821790196, 0.08525314983122526]], "inverted": true, "swapped": false, "error_lsq": 0.04893565424525273, "error_max": 0.28860078486648266, "target": "1007.xyz", "model": "17.xyz", "model_rescale": 3.901054581598922, "target_rescale": 3.868684924325286},
{"mapping": [1, 4, 10, 8, 5, 6, 11, 0, 13, 3, 7, 14], "R": [[-0.9905833793752274, -0.026610657551894262, 0.13429981909969196], [0.1359176061845051, -0.30907841589964336, 0.9412741030932705], [0.01646125252306003, 0.9506641918835603, 0.3097847985872599]], "T": [-0.05838618448616236, 0.03656745545832683, 0.00270727954077421], "aligned_model": [[0.1331057670972657, -0.3967269477856664, -0.2904145396447594, -0.6360210131999539, -0.583840504595727, 0.4750545665859031, 0.4633103164087266, 0.1262117895372122, -0.18905981629731813, 0.22036344046947334, 0.5608086343604587, -0.029475724098729273], [0.2466178186512602, -0.310225874335596, -0.7482634837078596, 0.18991889597117004, -0.008928599366734201, -0.3017211244225646, -0.5363140643034079, 0.7343381591377903, 0.24143031829029465, 0.6418652171083927, 0.21602384184812093, 0.01714424606854794], [0.6390210597130435, 0.6278743645749757, 0.05425325376552334, 0.29122000454488467, -0.33182808999310703, 0.4085736948648079, -0.1880032712847897, 0.23625417327438183, -0.6817324969787903, -0.3705475340133009, 0.1578530351857841, -0.03960981701079648]], "inverted": true, "swapped": false, "error_lsq": 0.05169194173745576, "error_max": 0.27937924654123636, "target": "1007.xyz", "model": "18.xyz", "model_rescale": 3.9405287249114394, "target_rescale": 3.868684924325286},
{"mapping": [8, 7, 9, 4, 13, 5, 11, 1, 14, 3, 2, 15], "R": [[0.8502429767958498, -0.2781458048621592, -0.446902440860322], [-0.3124606297882337, -0.9499251713955847, -0.003244006998962712], [-0.42362157079364154, 0.14239761229265968, -0.8945768188208751]], "T": [-0.0937546161399856, 0.14427454809906493, 0.05874755653210809], "aligned_model": [[0.03408433232571283, -0.5105558172791526, -0.09895098223446624, -0.7080683870430641, -0.4610263338457137, 0.4948493716686788, 0.1663954636346457, 0.17870037964545998, -0.12343150458526587, 0.16366597476291062, 0.7723826691495954, -0.05472919736245504], [-0.030438717426267414, -0.2853601317679586, -0.6062611785277476, 0.34750156593613635, -0.2643488074075365, -0.30622703058902223, -0.41467810201098665, 0.7305778741054839, 0.11071822549373231, 0.766863432785917, 0.19036438874949368, 0.1431738315981701], [0.7835955638002636, 0.4293097638952586, 0.21899414087233512, 0.39930944329568735, -0.3278637263865057, 0.43538573289524096, -0.31422304931776224, 0.1911715315698713, -0.7143838796296863, -0.46235350364485045, 0.11358561478602006, 0.05080074450674456]], "inverted": false, "swapped": false, "error_lsq": 0.041924641805901997, "error_max": 0.2537691785627747, "target": "1007.xyz", "model": "19.xyz", "model_rescale": 4.410303926677745, "target_rescale": 3.868684924325286},
{"mapping": [1, 0, 3, 2, 6, 5, 10, 7, 11, 12, 8, 13], "R": [[-0.08975630796235728, 0.6601337295931137, -0.7457662262629305], [-0.9874450262251379, -0.15670823661083716, -0.019870801734169663], [-0.12998509670036512, 0.7346196210501104, 0.6659113206756504]], "T": [-0.08371192870644638, 0.04712665394528339, 0.03526602174094906], "aligned_model": [[0.051484626176174456, -0.5507301307469205, -0.2624748899614408, -0.572305583895816, -0.48826730269150465, 0.5535989079532015, 0.4615137693587904, 0.08971920116298919, -0.15327847544633372, 0.07433053771469282, 0.6555707484444467, -0.00584543923139387], [0.22810412776360536, -0.21166433083632066, -0.6360701904767276, 0.4135008605216414, -0.24150453223288168, -0.4402311115648196, -0.43357551934088695, 0.6697938643062598, 0.06418481714514503, 0.6929455830702436, 0.23079176548122007, 0.04561001710293547], [0.7508699182441778, 0.5128438663709045, 0.20033743403744142, 0.2914981598858888, -0.2639543166783061, 0.2706126359965181, -0.3478636844610885, 0.33369583475433295, -0.7905686100931815, -0.32336390852140656, 0.13912087948184138, 0.030100167625494466]], "inverted": true, "swapped": false, "error_lsq": 0.045570065858499126, "error_max": 0.24044881143726066, "target": "1007.xyz", "model": "20.xyz", "model_rescale": 4.121658175737393, "target_rescale": 3.868684924325286},
{"mapping": [8, 6, 10, 1, 2, 9, 4, 5, 3, 0, 7, 12], "R": [[0.26063563362865005, -0.5957695386611704, -0.7596892280968899], [-0.24230373096826338, -0.8020668864660038, 0.5458732559794353], [-0.9345362317437733, 0.04180151239114199, -0.35340439318146805]], "T": [0.02473254012637586, -0.03257384196508105, 0.11486693366480479], "aligned_model": [[0.038747272989001914, -0.45208598550563966, -0.048282052558271414, -0.5369546748991153, -0.577977829858566, 0.5340976076078103, -0.02208211316175803, 0.17364976214985653, 0.11040363137945108, -0.05458239337982298, 0.6204388924697479, 0.06794385160419118], [0.13194581083811385, -0.24834481239018708, -0.7953270600845047, 0.36060147792034886, -0.23466557416383155, -0.35293504841100387, -0.40378952420118996, 0.5982615310546352, 0.24617064971961633, 0.8251752742634644, 0.20329743480404022, 0.051495191589912476], [0.767890649750826, 0.50049816166382, 0.2616642060187248, 0.003981829600552281, -0.299995424110206, 0.5155897812974151, -0.32003409809576655, 0.32408911967438897, -0.5156904986337341, -0.38024853310103257, -0.12244455419501742, 0.06802773677264648]], "inverted": false, "swapped": false, "error_lsq": 0.05340938137665557, "error_max": 0.28928349511421286, "target": "1007.xyz", "model": "21.xyz", "model_rescale": 4.08911054899281, "target_rescale": 3.868684924325286},
{"mapping": [2, 15, 11, 14, 9, 1, 8, 13, 10, 7, 0, 16], "R": [[-0.4811834093993327, -0.5512902833312439, -0.6815728501219742], [0.8702116699195843, -0.3942348337350902, -0.2954835789102913], [-0.10580253330900352, -0.7352944439980643, 0.6694384994687522]], "T": [-0.02339778005474451, 0.07539079466840437, 0.04726165463802402], "aligned_model": [[0.07502501080385628, -0.384899746250338, -0.1323601697240718, -0.5875105296960722, -0.6436579135681584, 0.4414563531211644, 0.3227818082526343, -0.007200441183361706, -0.16915056562735087, 0.22371005791713372, 0.7091544209801011, 0.005967683811349371], [0.03501393541697699, -0.3065911282353865, -0.6808749466619115, 0.27578773728313344, 0.002623296567180508, -0.42938772781450407, -0.47956502579457005, 0.7335611704586746, 0.2201444059613452, 0.5804302389989499, 0.3188503238505301, 0.11189307090899547], [0.7613600322092429, 0.5521509067573533, 0.09289449792117706, 0.27843357557530657, -0.295564641839549, 0.4461446692867875, -0.1828377761167561, 0.10452742690923428, -0.7330830940022257, -0.3882484647536974, 0.11186915101959911, 0.05568209367614421]], "inverted": false, "swapped": false, "error_lsq": 0.039950675729140565, "error_max": 0.21861489901756387, "target": "1007.xyz", "model": "22.xyz", "model_rescale": 4.204369325754507, "target_rescale": 3.868684924325286},
{"mapping": [8, 7, 9, 4, 13, 5, 11, 1, 14, 3, 2, 15], "R": [[0.8502429767958498, -0.2781458048621592, -0.446902440860322], [-0.3124606297882337, -0.9499251713955847, -0.003244006998962712], [-0.42362157079364154, 0.14239761229265968, -0.8945768188208751]], "T": [-0.0937546161399856, 0.14427454809906493, 0.05874755653210809], "aligned_model": [[0.03408433232571283, -0.5105558172791526, -0.09895098223446624, -0.7080683870430641, -0.4610263338457137, 0.4948493716686788, 0.1663954636346457, 0.17870037964545998, -0.12343150458526587, 0.16366597476291062, 0.7723826691495954, -0.05472919736245504], [-0.030438717426267414, -0.2853601317679586, -0.6062611785277476, 0.34750156593613635, -0.2643488074075365, -0.30622703058902223, -0.41467810201098665, 0.7305778741054839, 0.11071822549373231, 0.766863432785917, 0.19036438874949368, 0.1431738315981701], [0.7835955638002636, 0.4293097638952586, 0.21899414087233512, 0.39930944329568735, -0.3278637263865057, 0.43538573289524096, -0.31422304931776224, 0.1911715315698713, -0.7143838796296863, -0.46235350364485045, 0.11358561478602006, 0.05080074450674456]], "inverted": false, "swapped": false, "error_lsq": 0.041924641805901997, "error_max": 0.2537691785627747, "target": "1007.xyz", "model": "23.xyz", "model_rescale": 4.410303926677745, "target_rescale": 3.868684924325286},
{"mapping": [0, 3, 1, 4, 10, 7, 11, 5, 9, 15, 13, 16], "R": [[-0.05219752023256171, -0.9979572686886847, -0.036833527566494495], [0.828502196657119, -0.022682770160217178, -0.5595262300126664], [0.5575477818231365, -0.05972254021120632, 0.8279937736328825]], "T": [0.07942918065409714, 0.11259187737915258, 0.007270417454954374], "aligned_model": [[0.06977565446328486, -0.5958526939292567, -0.10151547996970199, -0.5404240367594261, -0.4351340098087873, 0.469163574752518, 0.23111849114047095, -0.020333886703608597, -0.09232927657126651, 0.08801007713007389, 0.7772720234511882, 0.0035655316413972654], [0.025657478722539234, -0.1781359368683821, -0.6816924194994476, 0.36214922973863656, -0.18175628465361895, -0.3330714303216521, -0.36373958282086205, 0.6718027278694709, 0.14271608585374665, 0.6833204633256349, 0.17859889570738574, 0.056036123885963074], [0.7574270883234229, 0.5256551322335673, 0.276912467391798, 0.17276207808043154, -0.2617422751902093, 0.3096314845720891, -0.38108532116448846, 0.2773307598105272, -0.5944035374938419, -0.4211096010262376, 0.060609559906138505, 0.08134054119941919]], "inverted": true, "swapped": false, "error_lsq": 0.03851346253766784, "error_max": 0.18015162805435117, "target": "1007.xyz", "model": "24.xyz", "model_rescale": 4.28219845311461, "target_rescale": 3.868684924325286},
{"mapping": [4, 3, 9, 1, 5, 13, 11, 0, 10, 6, 2, 15], "R": [[-0.5503561473918952, -0.7895740374223262, -0.2714423519949624], [0.4541066800477505, -0.555887669728202, 0.6962585882990309], [-0.7006391611692571, 0.2599264089559891, 0.6644870410800225]], "T": [0.06748830404324521, -0.07807648162148259, 0.07199997730533042], "aligned_model": [[0.06868370790159467, -0.5011925137020627, -0.16885118976204963, -0.49426057577296945, -0.6794077634534276, 0.5649051415389229, 0.060962036179269874, 0.07437652946863571, 0.0666860998998306, 0.17095301418380693, 0.6195427168888993, 0.07091876546643494], [0.19989841694460783, -0.16756603191796401, -0.70604225609472, 0.20704263526779856, -0.2601169669051594, -0.31502831332796993, -0.38127111771551525, 0.7011257851304559, 0.09010874901565294, 0.7052043602203218, 0.3176499923070719, -0.00911990198516581], [0.7482965836863613, 0.5903040316750465, 0.15370868942927404, 0.1861169526252865, -0.2944535763543799, 0.294141320066518, -0.38022506813130746, 0.3135585662127343, -0.7035114046175424, -0.3615473805693834, 0.1581191242915397, 0.09882053832846967]], "inverted": true, "swapped": false, "error_lsq": 0.045535444216921434, "error_max": 0.20984674706186263, "target": "1007.xyz", "model": "25.xyz", "model_rescale": 4.100010024507729, "target_rescale": 3.868684924325286},
{"mapping": [9, 4, 0, 5, 6, 10, 1, 7, 2, 3, 8, 11], "R": [[-0.11862355662901386, 0.6179078395209647, 0.777250508955264], [-0.9241522687408137, -0.35498525100314354, 0.1411667657469073], [0.363140518248639, -0.7015521174002464, 0.6131505447908703]], "T": [-0.004867686213455553, 0.016493790186772574, 0.0020540418422327067], "aligned_model": [[0.08576301824095407, -0.6007028323753687, 0.11579269719781063, -0.6271911428203892, -0.5805926835802799, 0.3179442662067002, 0.32920782688685923, 0.0500859784827994, -0.2485519377427022, 0.4580746868639683, 0.6038272953595052, -0.05034120388297145], [0.2760062678122499, -0.2744900771594792, -0.7299136353981336, 0.3335235986602744, -0.23240597748270267, -0.24369310937890162, -0.34022043815180464, 0.6673550691346355, 0.26875586077332314, 0.5489274385640942, 0.08151784145793077, 0.026522512107927956], [0.779067717079477, 0.5731481214601855, 0.048492203311128856, 0.2784446824536373, -0.16248097328837008, 0.49510331240611993, -0.5081371621252373, 0.18070436229578127, -0.6496660818954761, -0.39828381014881165, 0.04809881482454656, 0.1188371902696354]], "inverted": true, "swapped": false, "error_lsq": 0.05711782807106588, "error_max": 0.32513370354643717, "target": "1007.xyz", "model": "26.xyz", "model_rescale": 3.6694154284099745, "target_rescale": 3.868684924325286},
{"mapping": [6, 12, 11, 3, 9, 2, 10, 1, 8, 5, 0, 13], "R": [[-0.9496219026748325, -0.28476985077111067, -0.1308601316369139], [0.10326729061706921, 0.10990823979660452, -0.9885626158789447], [0.295895435329511, -0.9522742834481102, -0.07496386085673362]], "T": [0.004040941710044417, 0.05642749314938555, -0.06338685420855002], "aligned_model": [[-0.013155281502583554, -0.3702283479579449, -0.10587191149017584, -0.6968757026852295, -0.5819867666024261, 0.4167093237412253, 0.09989017784363036, 0.1920305900944619, -0.024162175553163343, 0.28581135232908966, 0.6107379117404415, 0.04041679887955973], [0.20903374382823894, -0.31060650586293853, -0.7416929033552999, 0.30287771477354697, -0.24269875175344824, -0.29155865256261804, -0.45337739666719135, 0.7870404179798137, 0.051712713938787354, 0.7593676540105352, 0.28356946075471984, 0.028217855855268512], [0.605646817563922, 0.5323826949779533, 0.23173763923410245, 0.2541180531623653, -0.24215639907208836, 0.34982023075921087, -0.36802207565274314, 0.39542825001839144, -0.7017750961614249, -0.2924262955046416, 0.06798535077200978, -0.02941079345444063]], "inverted": false, "swapped": false, "error_lsq": 0.04378731629072708, "error_max": 0.25292139420531545, "target": "1007.xyz", "model": "27.xyz", "model_rescale": 4.103607728864725, "target_rescale": 3.868684924325286},
{"mapping": [4, 13, 12, 11, 10, 2, 3, 7, 9, 5, 1, 14], "R": [[-0.034450421416621524, 0.44568375710801694, -0.8945273372649377], [-0.10084548015611623, 0.8889400612512053, 0.4467837918219348], [0.9943054649333373, 0.1056009287496365, 0.014320832759118482]], "T": [-0.14830275111166477, 0.055817169580152315, -0.002020348782245801], "aligned_model": [[0.22155380429711888, -0.41028773351107584, -0.13285610788300942, -0.7065424725848878, -0.46059458245201146, 0.37294050483904806, 0.23763899982805034, 0.0013598252244163, -0.09496633119590746, 0.13815094347200704, 0.6810145671572123, 0.005904551645924683], [-0.0621565773376208, -0.1303743915942634, -0.7601031505895455, 0.38462406646111424, -0.15355974469607314, -0.3641804151476536, -0.5252996436911037, 0.7342556960813444, 0.22438857570744977, 0.6385967445109904, 0.33721896852418676, 0.05847522271058875], [0.8170630478226715, 0.5606243921496458, 0.2650546396982938, 0.22670584427901783, -0.34612846573389655, 0.3033125894684289, -0.2792983082053775, 0.19137955961153133, -0.8013093036664148, -0.33884769073159704, 0.18747013975279492, 0.017301932197518702]], "inverted": false, "swapped": false, "error_lsq": 0.04425959666815895, "error_max": 0.2370462958729928, "target": "1007.xyz", "model": "28.xyz", "model_rescale": 4.137296879288765, "target_rescale": 3.868684924325286},
{"mapping": [0, 7, 9, 8, 6, 10, 5, 3, 4, 1, 11], "R": [[-0.6871107266526916, 0.15240346800456694, -0.7103886487402453], [-0.16344500839247522, 0.9202672908985122, 0.35551911697389404], [0.7079297836299829, 0.360390477458124, -0.6074159408569316]], "T": [-0.00274837873822472, 0.1103026317992268, -0.017724600165931473], "aligned_model": [[0.5535571437549075, 0.10549882122496673, -0.25944707402964645, -0.6008370689198846, -0.003581619957692621, 0.4210910802900987, 0.6918512777617597, -0.37130418578297697, -0.4807842956337145, 0.07281660273014981, 0.09255832927193094], [-0.23342827292353546, -0.6611713773732472, -0.3685605224976362, 0.18627120945092324, 0.6973141518084772, -0.012987736104520725, 0.4026776309014237, -0.3786241868191027, 0.2340805469408217, 0.1450484147606, -0.09147204149625147], [0.33197026461906826, -0.23146084443555542, -0.6156811033676941, -0.4752736281992919, -0.20212868501306955, -0.5145931489551605, 0.014942009662704394, 0.3914546687848906, 0.2942572661632685, 0.7518340723990691, 0.06043315012476905]], "inverted": true, "swapped": true, "error_lsq": 0.04228250424081236, "error_max": 0.1919630719716482, "target": "1007.xyz", "model": "29.xyz", "model_rescale": 3.607286011436655, "target_rescale": 3.868684924325286},
