[{"mapping": [7, 1, 8, 12, 6, 3, 0, 2, 11, 10, 9, 13], "R": [[-0.665609827194706, 0.7423755163828101, 0.07643396245904183], [-0.38594824119839843, -0.4300678059614529, 0.816140697056191], [0.6387546579538164, 0.5137317149552464, 0.5727758828647073]], "T": [-0.05384894283482176, -0.13335438972374158, -0.009333344168554483], "aligned_model": [[-0.2307680782910854, 0.11094367839692384, 0.473764043548207, -0.10768046858741392, -0.04685649184853711, -0.6258040436773595, 0.6214953046166525, -0.27086712772959487, 0.4813584195691546, 0.06904716602651917, -0.5718833742855884, -0.06510656527732873], [-0.3495019963434892, -0.9390639383948483, -0.12816788699522047, 0.5373948615991343, 0.34510676353269515, -0.3957286311973066, -0.10111498459834145, -0.5741248402783206, 0.14336423532307163, 0.34895741911457845, 0.20876637490461192, -0.04233234068950771], [-0.4688123884507626, -0.13603821086550671, -0.5745469120125938, -0.12494090985890623, -0.7332408466114815, 0.05816391060278768, 0.5467759961663571, 0.6163448999131059, 0.08108088641058277, 0.539786073238195, 0.39588786284919264, -0.018508616027408012]], "inverted": true, "swapped": true, "error_lsq": 0.046410226930282135, "error_max": 0.30030986421748834, "target": "1008.xyz", "model": "0.xyz", "model_rescale": 3.751011558992144, "target_rescale": 3.985333085067416},
{"mapping": [1, 10, 8, 5, 13, 4, 12, 9, 11, 2, 0, 7, 3, 14], "R": [[0.9898134115956748, 0.0479670836051672, 0.1340468914811018], [-0.05181800555746906, 0.9983338192896666, 0.025386602028503756], [-0.13260582387428352, -0.03207404173038417, 0.9906497621872729]], "T": [0.015493676700665733, -0.0746391103762403, -0.010072222308134725], "aligned_model": [[0.08259208870194024, -0.020482323595484964, -0.6087558762721195, -0.4451374137592789, -0.09003271995792379, -0.28997220251968886, 0.6035599095009031, 0.06121645236072881, 0.6788720879734274, -0.5466851326280818, -0.0023198294455631496, 0.5520827017285355, 0.17391319773556518, 0.05250886696629417], [-0.6271343764073349, -0.3463283677818101, -0.2894756613042829, 0.24673936884511735, 0.6431901856317669, -0.7639873004800394, 0.3765725045278253, 0.3142409151344582, -0.07411583622208211, 0.3705679645991744, -0.09958488717588893, -0.1880679933302008, 0.45094524064569996, -0.04066054559032443], [-0.4295151070445114, 0.7628083783941745, -0.07771839099855782, 0.2630960748836696, 0.022904734820770205, 0.2288077461751194, -0.060681396308638745, 0.5199007721727463, 0.4333911905773729, -0.4217562622242524, -0.7680728197472962, -0.3827424928271301, -0.5411750700021517, 0.011817164801972611]], "inverted": false, "swapped": false, "error_lsq": 0.045930610032246806, "error_max": 0.3228148321717354, "target": "1008.xyz", "model": "1.xyz", "model_rescale": 3.9405287249114394, "target_rescale": 3.985333085067416},
{"mapping": [9, 2, 3, 11, 5, 4, 10, 0, 8, 6, 8, 12, 13], "R": [[0.06160673234595293, -0.9925807213325369, -0.10482424418346646], [-0.8654308844029518, -0.000802474326461522, -0.5010276842216209], [0.497226301447519, 0.12158481679032236, -0.8590594493251821]], "T": [-0.053730383034630645, -0.03008558352469049, -0.11533470779716609], "aligned_model": [[-0.35447209838503535, 0.24767493977900332, -0.3840905073515359, 0.32698449510804145, 0.4990970670653545, -0.8498367114664227, 0.18106237922815002, 0.7618523416726014, 0.05935856950682191, -0.584281949867514, 0.05935856950682191, -0.37037381050577123, -0.09635000500658378], [0.614143054299968, 0.5793114224651816, 0.3142886397511107, -0.2209762708713687, -0.018789803044664488, -0.03153303076617069, 0.4012214419341476, 0.07679385756877741, -0.7879901959395443, -0.6063886760340377, -0.7879901959395443, -0.04829604902411575, -0.024961600827722228], [0.09474717916601127, -0.5284192853892218, -0.5310237044939767, 0.32033922802589926, -0.3006755452362744, -0.2552867708723669, 0.43973905096840665, 0.184312475481842, -0.012086328735184643, 0.25803618305369647, -0.012086328735184643, 0.4892914736947724, -0.03376727733977482]], "inverted": false, "swapped": true, "error_lsq": 0.0583336080313389, "error_max": 0.41363923348441045, "target": "1008.xyz", "model": "2.xyz", "model_rescale": 3.932901565614263, "target_rescale": 3.985333085067416},
{"mapping": [11, 3, 8, 7, 4, 8, 2, 0, 1, 5, 12, 10, 6, 13], "R": [[0.792495387190214, 0.008257139256208357, -0.6098220075838003], [-0.333923831616427, -0.8308374350528513, -0.4452011131987468], [-0.510339040208406, 0.5564539299583595, -0.6556775792057101]], "T": [-0.008739920345118833, -0.031668569213508836, 0.009861818502736396], "aligned_model": [[0.14148432061899266, -0.05835403940401028, -0.48940773743334626, -0.6461951498918309, -0.0666862913291209, -0.48940773743334626, 0.5285546986305042, 0.21591588963744882, 0.705981320709572, -0.3017279622757296, -0.05350500625971799, 0.41745249817299196, 0.30122313021718494, -0.003968127170338903], [-0.9001701619828624, -0.28143511975145746, -0.5721980851502774, 0.23416104376462157, 0.8191691465287779, -0.5721980851502774, 0.5980135295071836, 0.2598763077358941, -0.07619910482411457, 0.41903688845709647, -0.015951869364965683, -0.285697638473405, 0.3551453008401067, -0.008650941044241925], [-0.1345208645007349, 0.4524006162409726, 0.13465371547008723, 0.19077062020842528, 0.19945033107142465, 0.13465371547008723, 0.10480811989907393, 0.5697561664904982, 0.19949092991664505, -0.4674455074061207, -0.7522922883473575, -0.5068341217463299, -0.4602341269190614, -0.10359278317432283]], "inverted": false, "swapped": false, "error_lsq": 0.057841622183146944, "error_max": 0.4233389428586044, "target": "1008.xyz", "model": "3.xyz", "model_rescale": 3.9243930471874484, "target_rescale": 3.985333085067416},
{"mapping": [9, 12, 4, 3, 7, 10, 2, 6, 8, 11, 1, 0, 13], "R": [[0.0593353539082172, -0.5401593163555957, -0.8394684203297005], [-0.9689663586242727, 0.17098968400435766, -0.17851253126463673], [0.23996564677262575, 0.8240087626465789, -0.513250472431005]], "T": [0.03445967376221934, -0.07265988661386022, -0.0327358299669867], "aligned_model": [[-0.15879394361696064, -0.17417590257713877, 0.6306578957605964, 0.3992920017687478, 0.5575886859587414, -0.6526046796413791, -0.09709029185471155, 0.32483750746328455, 0.1729207738377039, -0.4324146218032492, 0.4258685468938028, -0.7223301318383448, 0.003450045960259905], [-0.6691591409030345, 0.06353431345786001, -0.2821158667317455, -0.5896923998336108, 0.05074930752427999, -0.25261756852052986, -0.7016842261074281, 0.4651574657112688, 0.6861744531456104, 0.3187172964890358, 0.007863167624335726, 0.09220270181295281, -0.06129994998740775], [-0.4282762139705025, -0.6684164390091909, -0.5367693940383691, -0.022561741049591695, -0.04846376285704825, -0.24443863130922666, 0.43616899475236226, -0.6487303517547182, 0.02081516491877252, -0.025869681328391257, 0.6971228822828137, 0.37527930123851155, -0.11878981250445739]], "inverted": true, "swapped": true, "error_lsq": 0.048912836946159374, "error_max": 0.2769402205649494, "target": "1008.xyz", "model": "4.xyz", "model_rescale": 3.8936222436046832, "target_rescale": 3.985333085067416},
{"mapping": [4, 12, 9, 3, 10, 11, 8, 5, 1, 7, 2, 13], "R": [[-0.42382034861133505, -0.006123179708313331, 0.9057255758634764], [-0.5900745226590874, -0.7567828712255751, -0.28123254350843674], [0.6871596392481273, -0.6536376614683661, 0.3171268479623715]], "T": [-0.09563658602261724, -0.045583745545454246, 0.011378057075163865], "aligned_model": [[0.1345109551561959, -0.6559549279615166, -0.32499459438430045, 0.3237308800300025, -0.7094300078027634, -0.5539229734031385, -0.14486968041693163, 0.023223893240011367, 0.6077422304970441, 0.2739502004312432, 0.22545943051307774, -0.17189736368382746], [-0.6189384298455305, -0.3800929264580563, 0.12051577656290458, -0.007091145147051399, 0.33063200994561115, 0.05062736208783444, -0.4705523817921232, 0.3999055660185371, 0.12918333396255402, -0.43516917298834984, 0.6355973837934639, -0.08569447102998648], [-0.5098421233785254, -0.18940656417836294, -0.6737616141825037, -0.4610391393746131, -0.16463219771410934, 0.40113677887638777, 0.6554638441474809, 0.3684613386987, 0.420148550712562, 0.039126254771104076, -0.2450168823672576, -0.021353526735344526]], "inverted": false, "swapped": true, "error_lsq": 0.04649093861552769, "error_max": 0.2896198243404077, "target": "1008.xyz", "model": "5.xyz", "model_rescale": 3.6523030999806103, "target_rescale": 3.985333085067416},
{"mapping": [2, 9, 4, 3, 7, 10, 12, 5, 11, 8, 6, 1, 13], "R": [[-0.45945498747461844, 0.07282148184799689, 0.8852107919959857], [0.43188396215404445, 0.8891969564209342, 0.15101329718230563], [-0.7761297299542276, 0.451692156754143, -0.43999640658529093]], "T": [0.06983285631466839, -0.08900308629893872, 0.006758045058804198], "aligned_model": [[0.3883902798194061, -0.10750090693421006, 0.3610087413759535, 0.5252894509191075, 0.4484995559526946, -0.5393870557220413, -0.46066103534090985, 0.14405191452187543, -0.42199955967052, -0.01840098384911483, -0.16701191724861897, 0.7309052692366486, -0.002100848395975935], [-0.7058677222377707, -0.07623085431291145, 0.5786834052840119, -0.036285627851105805, 0.2633144027387437, -0.3806497469194498, 0.3120210570415241, -0.6118496901615654, -0.2508505688335868, 0.17350753684788806, 0.7050696988094078, -0.3916350515579737, -0.038399934684028865], [0.39514951848773217, 0.72648029904114, 0.357165399645003, 0.44300215032146795, -0.1402966317656876, 0.3118049155855595, 0.16142985223149856, -0.24066865214965624, -0.3143355834887065, -0.7151641825187764, -0.2508637840346567, -0.3979341423551434, 0.034340580482014584]], "inverted": false, "swapped": true, "error_lsq": 0.06986804854529605, "error_max": 0.37702185949032074, "target": "1008.xyz", "model": "6.xyz", "model_rescale": 4.08911054899281, "target_rescale": 3.985333085067416},
{"mapping": [12, 4, 7, 6, 0, 5, 9, 3, 8, 2, 13, 11, 1, 14], "R": [[0.6261377616573551, 0.32684083765352845, -0.7079029384517749], [-0.10224842009796688, 0.9344809244465031, 0.34101416749613084], [0.7729791484989664, -0.14113989049007147, 0.6185327536179988]], "T": [0.059029113695897466, -0.10153291525582099, -0.039570162984383775], "aligned_model": [[0.08774827127918283, -0.006601308366346599, -0.680437751770759, -0.3119115608784106, -0.16703648023792395, -0.21841677885846322, 0.6494697672619367, 0.07426289819603821, 0.5684999278817082, -0.5213686913631278, -0.13780704839385835, 0.5085502953574272, 0.16703592309645823, 0.18937234358539193], [-0.6930516233184246, -0.2738933136669287, -0.3099132402538959, 0.15019661751723062, 0.7921952321663349, -0.7461890737082147, 0.4123416504879901, 0.3978732621890609, -0.12204101158069797, 0.34358483802617423, -0.21542075547876202, -0.21937814840751976, 0.46330522035239874, -0.006708443232667172], [-0.43615905089080514, 0.6407489022061715, -0.13472981603159467, 0.1799252235951384, 0.14697883553503688, 0.25698243548247285, 0.0036741800665716223, 0.5742806641759843, 0.41338444927048734, -0.3789049783026902, -0.7354003200591924, -0.3981427096443316, -0.49480468335947203, -0.07676860937049039]], "inverted": true, "swapped": false, "error_lsq": 0.045780673475606985, "error_max": 0.28160453124729534, "target": "1008.xyz", "model": "7.xyz", "model_rescale": 3.964800864290218, "target_rescale": 3.985333085067416},
{"mapping": [1, 3, 2, 4, 11, 0, 10, 6, 5, 12, 7, 8, 9, 13], "R": [[-0.4488549031872753, -0.6923940771948657, 0.5649068221841651], [-0.05383948756326884, 0.6519720656249482, 0.7563291183232752], [-0.8919812696820861, 0.30906773935532095, -0.329919000704908]], "T": [-0.0235869971950459, -0.041656725548044664, 0.011067404251900205], "aligned_model": [[0.04494306103148676, 0.20809893771398832, -0.6120960887120156, -0.639362962128803, -0.1523229361448162, -0.23970655878691044, 0.6647718245482316, -0.22880890985279162, 0.7913872054276573, -0.26678286068179446, -0.19266868309933657, 0.5044137286687088, 0.2773863744921237, 0.04210767431352478], [-0.7208115167524549, -0.27178824955012054, -0.3347052045289507, 0.28217107640868216, 0.7677180192020958, -0.5910013111320754, 0.3769439031326337, 0.18385243159744236, -0.22366243678008307, 0.37495713442310497, -0.27476791603523615, -0.03743333015929367, 0.46803929987687154, -0.02661068861053812], [-0.30065730101856214, 0.6586195681184228, -0.06885984969154668, 0.11618120307782737, 0.1354575368068824, 0.4168656717563254, 0.17252841875254993, 0.5045604738964163, 0.053039932252839296, -0.5702789649217995, -0.6400268449341296, -0.5477303926532228, -0.34033225139664214, -0.028302677372073683]], "inverted": false, "swapped": false, "error_lsq": 0.06527940470419831, "error_max": 0.38067849039869184, "target": "1008.xyz", "model": "8.xyz", "model_rescale": 4.121658175737393, "target_rescale": 3.985333085067416},
{"mapping": [5, 11, 10, 2, 8, 7, 12, 4, 9, 6, 1, 3, 13], "R": [[-0.6322862240640321, 0.47228338050543756, -0.6141356033948894], [-0.7734970415404138, -0.4296226580597285, 0.4659685594650367], [-0.04377736386623099, 0.7696575733272881, 0.6369542858265999]], "T": [-0.0647606089014248, 0.0156849088680504, -0.08630434501090972], "aligned_model": [[-0.350363078576854, -0.27877414560358915, 0.3499127368294439, 0.21056569203723643, -0.7346036550767874, -0.27178958002731735, 0.2236831861502023, 0.2490884407853464, 0.6759320304801166, -0.2209611054279665, -0.6200305218302361, 0.26349075086925555, -0.019413254173652972], [0.35816678083738823, -0.3067037376905819, -0.18334398421518516, 0.7268105034654937, -0.36410152338435053, 0.03751290275148, -0.602885495767488, -0.13045358019719408, 0.021662721393692068, -0.7233604894736599, 0.6165867925939699, 0.4049207374854877, -0.06442418838734212], [-0.4621160092138826, -0.556898244236943, -0.667418606709681, -0.3128977352368496, -0.016009965057295253, 0.4094816010082443, -0.10469815280431977, 0.6441176407316529, -0.11711337126527782, 0.3408131396630803, 0.06525705511323876, 0.2895616868401874, -0.09100360487306576]], "inverted": false, "swapped": true, "error_lsq": 0.055532433187558246, "error_max": 0.3554178469242203, "target": "1008.xyz", "model": "9.xyz", "model_rescale": 3.833441315466971, "target_rescale": 3.985333085067416},
{"mapping": [1, 13, 10, 8, 9, 0, 3, 2, 5, 11, 12, 6, 7, 14], "R": [[0.8081268995766201, -0.04714599677097733, 0.5871185307662762], [0.15551699845653924, -0.9443403514342484, -0.2898892268507222], [0.5681068362304299, 0.3255741937585221, -0.7558148364425907]], "T": [0.06080569342619359, -0.04124687560143262, -0.11911827168190486], "aligned_model": [[0.26029201193573515, -0.024596238503445708, -0.7374769071623319, -0.5406839920525652, -0.035947709190188235, -0.13325744877909096, 0.5931078033756609, 0.22252767331255408, 0.47057238875093355, -0.4085575465293247, -0.10179247837600335, 0.5101427068458559, 0.045591278280348355, 0.0814382648811155], [-0.7400735640300353, -0.2930043490250844, -0.21894544551137035, 0.3764541807128053, 0.6726658846449898, -0.638874257400563, 0.6258321860092013, 0.23800427712082314, -0.32981659513506667, 0.24891251474516232, -0.3440631586838851, -0.2242642658918939, 0.555064493448775, 0.04500931008822023], [-0.25123716200894175, 0.632554014632204, -0.03591820335588819, 0.14789361605602713, 0.2535444127556458, 0.14356779773365158, 0.042070558736500896, 0.5231550734388171, 0.33503365646321737, -0.5201703359026513, -0.6139760194614906, -0.5943344869642568, -0.4159267107382318, -0.08519168871131674]], "inverted": true, "swapped": false, "error_lsq": 0.052265657942897996, "error_max": 0.34017464256101343, "target": "1008.xyz", "model": "10.xyz", "model_rescale": 4.2482417240324, "target_rescale": 3.985333085067416},
{"mapping": [1, 7, 4, 6, 2, 9, 3, 12, 8, 10, 5, 13], "R": [[0.4828803511420461, 0.7463958771251004, -0.45795170170181376], [-0.55481923002947, -0.143830452461459, -0.8194439718090791], [-0.6774970025545803, 0.6497738033772866, 0.3446618864542102]], "T": [-0.05383978992656556, 0.07283354708942232, -0.11968682760457391], "aligned_model": [[-0.7419149040340743, -0.011930643028702156, 0.372974434199218, 0.6773401193252212, -0.6680911361275332, 0.17594449774533194, -0.20094745908770584, 0.5974767130844547, 0.08923234147009478, 0.11094560828512141, -0.5567927079218462, 0.032528738453426756], [-0.39031857127193836, -0.38915194015677984, -0.1407462196712424, -0.3904371586572035, 0.5047149532984861, 0.6745061609547607, 0.14468748298297868, 0.24328520954583438, -0.5379494853567347, 0.7306297523790177, 0.11431070491020695, 0.10260050109325357], [-0.053193514555487514, 0.15225837542852047, 0.5326836672417488, -0.18110535203331413, 0.14303447422570967, 0.24746404497902555, 0.4916437743947656, -0.233267390339757, -0.5717301805908259, -0.418702201681064, -0.4119453055354576, -0.13194810167950757]], "inverted": false, "swapped": true, "error_lsq": 0.05061557454680456, "error_max": 0.31952099863735717, "target": "1008.xyz", "model": "11.xyz", "model_rescale": 3.6694154284099745, "target_rescale": 3.985333085067416},
{"mapping": [11, 9, 8, 2, 12, 11, 5, 10, 7, 1, 4, 6, 0, 13], "R": [[0.32709002472228144, 0.9073697912020889, -0.263992760773956], [0.7886905943992829, -0.10823319329528203, 0.6051881708817617], [0.5205566847455554, -0.4061596211872667, -0.7510360178338538]], "T": [0.027048633292965932, 0.050814194893610456, -0.032478152035684854], "aligned_model": [[0.05299574641500178, -0.01793136500029656, -0.5670047227224241, -0.5699269480568433, 0.031033252494920255, 0.05299574641500178, 0.7511629054032717, -0.08434407902562871, 0.5329723768562689, -0.5236675904933857, -0.19024213596169065, 0.4765687337818872, 0.2350958271074503, 0.021652059575720875], [-0.6821456557420158, -0.4899823435890887, -0.3720655313721664, 0.27389685105888517, 0.7044447706399959, -0.6821456557420158, 0.39741688408841647, 0.20920782862457477, -0.025430399191489858, 0.5171843715666334, -0.2003902615556698, -0.1695238878959761, 0.38675853023294604, 0.10567570996904879], [-0.11688936920441953, 0.5593006669573216, 0.16968811278444726, 0.10953542894381202, 0.15331660980046924, -0.11688936920441953, -0.04227045747274954, 0.5725275568169261, 0.5064033247671793, -0.474839987267926, -0.6938099087259512, -0.2956086177417858, -0.6279574825961912, -0.14144198518342563]], "inverted": true, "swapped": false, "error_lsq": 0.05512648211595579, "error_max": 0.2998434963870319, "target": "1008.xyz", "model": "12.xyz", "model_rescale": 3.9764082729961374, "target_rescale": 3.985333085067416},
{"mapping": [2, 12, 9, 5, 6, 1, 14, 13, 11, 4, 7, 8, 3, 15], "R": [[0.5587736483108691, -0.10701308558736805, -0.8223868976743441], [-0.5545477189143573, -0.7855496702709471, -0.2745697415668548], [-0.6166432010492328, 0.6094751143814463, -0.49828831769315923]], "T": [-0.03876516251965324, -0.03342262694983001, 0.02007121501261503], "aligned_model": [[-0.056089674829114436, -0.11956129373586273, -0.5553860071180553, -0.8215627731985522, -0.1372155586143094, -0.019315639960543404, 0.48433619773492587, 0.17266350384129459, 0.7440039035577118, -0.42771155255759036, -0.1116341654532262, 0.5017001407992463, 0.5681104813573646, -0.02097775503403545], [-0.6707246863512519, -0.2768445506818174, -0.320162952215833, 0.22890433420191975, 0.7026873959340664, -0.6548394896588929, 0.5678961407444919, 0.24050041869998973, 0.010281265790445603, 0.3835062727567639, -0.06259147523218841, -0.39760216663428877, 0.18300451895124448, 0.038886184787428536], [-0.4593090727152654, 0.6043924341852372, 0.13134571932695774, 0.16579826124293418, 0.19925927102614102, 0.14962960753908894, 0.07997735905027145, 0.5247935449026813, 0.14619519251541507, -0.41668354460098533, -0.7315091104512292, -0.2536500947755976, -0.5215049021672156, -0.05767014240514683]], "inverted": true, "swapped": false, "error_lsq": 0.04812128882201722, "error_max": 0.3427592614494557, "target": "1008.xyz", "model": "13.xyz", "model_rescale": 4.170626492500431, "target_rescale": 3.985333085067416},
{"mapping": [7, 9, 1, 3, 6, 10, 5, 11, 12, 2, 0, 8, 4, 13], "R": [[0.45593720859471193, 0.8067892886020469, 0.37578225825052625], [-0.7032583873078684, 0.585354986449373, -0.40346893377308557], [-0.5454804327379656, -0.08031552549698867, 0.8342664525582604]], "T": [-0.027975447546157856, 0.00423000003649105, -0.09524110094143415], "aligned_model": [[-0.04311736748925212, -0.2503254922115523, -0.6380379345335985, -0.5803726873981402, -0.02903063668187702, 0.2549085870817468, 0.546940500116521, 0.024688809473810025, 0.6921176430759616, -0.3217511789263746, -0.3543446992908825, 0.49665223363684086, 0.40348722224936173, -0.0004551923133114498], [-0.7739736361534183, -0.4096376092810304, -0.4556233861445842, 0.2987262823440126, 0.8034916189030626, -0.40430866718552355, 0.5799254572900481, 0.20681065178000516, 0.01074059059740632, 0.3991154625670002, -0.23199562003872568, -0.3837057745618074, 0.26652242820604916, 0.0668134127695838], [-0.32239661104420037, 0.5647441246954547, -0.01054697432191036, 0.19390044491602912, 0.1668066393899079, 0.1719687142075, 0.31128838381578317, 0.5799234765527153, 0.03563928045702036, -0.5319257221160627, -0.53517174827525, -0.4499634201268661, -0.5933432764946636, -0.019858788982170417]], "inverted": false, "swapped": false, "error_lsq": 0.05734972670012423, "error_max": 0.3713426493325277, "target": "1008.xyz", "model": "14.xyz", "model_rescale": 3.9786697098870705, "target_rescale": 3.985333085067416},
{"mapping": [12, 11, 9, 4, 10, 2, 8, 5, 3, 7, 0, 13], "R": [[-0.8288725818175267, 0.5060483697542012, 0.2385063742969213], [-0.5594273607690131, -0.7471984081161906, -0.3587973898060674], [-0.0033572509831990838, -0.43082431033745766, 0.9024295775782674]], "T": [0.04919740001094524, -0.06163950296232676, 0.053287454700771855], "aligned_model": [[-0.11441859166814106, -0.5270530559306679, 0.49131346710008195, 0.5865115599514811, -0.13726627441162784, 0.46841613666036014, -0.5263562687713269, -0.1608301049270033, 0.6769183651207391, 0.21962593234021316, -0.5251038722538, 0.031597303557027986], [-0.346327103587999, 0.06858699029492835, 0.12969680466022276, -0.6470355436776218, 0.3661050549021717, 0.5929075137615947, -0.48732363650356403, 0.3688784037137951, -0.053584681918900326, -0.48091076072407746, 0.5986169399543769, -0.09493549065048787], [-0.5453361982538758, -0.09561292740565032, -0.5102143793533253, -0.09496547199520632, -0.5224956298279558, 0.22261731477896685, 0.34551978228975044, 0.385913054232865, 0.13347641397747523, 0.3436439394837013, 0.028261298814484373, -0.030840702867399178]], "inverted": false, "swapped": true, "error_lsq": 0.04571325188934369, "error_max": 0.21117102862308115, "target": "1008.xyz", "model": "15.xyz", "model_rescale": 3.769337070930944, "target_rescale": 3.985333085067416},
{"mapping": [7, 1, 12, 11, 4, 3, 9, 2, 10, 0, 13], "R": [[-0.8184890865475387, 0.5162885913456707, -0.2520351278073733], [0.4956907909714745, 0.41281911398046495, -0.7641145325659355], [-0.29045869749182934, -0.7503508976330255, -0.5938074397249188]], "T": [-0.11114493026060664, 0.042786038285149416, -0.09258463887479498], "aligned_model": [[-0.1592159053902525, -0.401949067713297, -0.03367239901312556, -0.5302574310643241, 0.3325995448615237, 0.4064394519301808, 0.5607876054063784, 0.288272143179566, 0.05182075847497768, -0.49777675802402827, -0.0944218119564285], [-0.14439096090759052, -0.7318344360860802, 0.7146058040861433, 0.3530113190226785, 0.14759926070898294, -0.2705872139054413, 0.3030291090104443, -0.4693959913235067, 0.481541011206305, 0.07944976514847328, 0.13303683066493377], [-0.5943765407582493, -0.18075879836729206, -0.1865192424088787, 0.22253412948376003, -0.7600267640327649, -0.27814425596312287, 0.08174472763278223, 0.36674565379559243, 0.48204265522388556, 0.6919906800775512, -0.10101463745948648]], "inverted": false, "swapped": true, "error_lsq": 0.04098989374872611, "error_max": 0.18619196071986713, "target": "1008.xyz", "model": "16.xyz", "model_rescale": 3.7852294659196426, "target_rescale": 3.985333085067416},
{"mapping": [8, 12, 4, 6, 11, 10, 2, 9, 7, 1, 5, 3, 13], "R": [[0.2085223993741423, -0.3930546797850918, -0.8955592820457448], [0.6335528327598553, 0.7518733894932261, -0.1824752429068951], [0.7450699410533306, -0.5293339445671384, 0.4058033490100592]], "T": [-0.029362677117044652, 0.11567039472173529, -0.018916483886936668], "aligned_model": [[0.032782019282636354, -0.3661012295618255, 0.4820733121506765, 0.08089852497722896, -0.5267928082244799, -0.7199158134192265, -0.0018844871611025972, -0.22631205689400277, 0.46503946724254724, 0.4796418544591353, -0.15412552353160774, 0.38533734975743006, -0.07687475886112656], [-0.2113796969115801, -0.45107518690832366, -0.354001298569734, -0.7233449162100427, 0.04495809941794715, 0.16193825414560634, 0.8345079798166772, 0.08512071345237882, -0.06647164176785, 0.6264210439897606, 0.6056410291442719, 0.2799930315419776, 0.04274821256178536], [-0.7168025883177319, 0.15877452196338554, 0.3948656938758829, -0.21104096690304974, -0.3635291465529317, 0.2461418497281978, 0.32073955257618203, 0.6951480616235797, -0.12630344151490983, -0.43415950813192555, -0.30953654482810333, 0.43002751942421813, 0.011429694200380005]], "inverted": true, "swapped": true, "error_lsq": 0.046311214932477265, "error_max": 0.31173313130850183, "target": "1008.xyz", "model": "17.xyz", "model_rescale": 3.901054581598922, "target_rescale": 3.985333085067416},
{"mapping": [1, 10, 8, 5, 13, 4, 12, 9, 11, 2, 0, 7, 3, 14], "R": [[0.9898134115956748, 0.0479670836051672, 0.1340468914811018], [-0.05181800555746906, 0.9983338192896666, 0.025386602028503756], [-0.13260582387428352, -0.03207404173038417, 0.9906497621872729]], "T": [0.015493676700665733, -0.0746391103762403, -0.010072222308134725], "aligned_model": [[0.08259208870194024, -0.020482323595484964, -0.6087558762721195, -0.4451374137592789, -0.09003271995792379, -0.28997220251968886, 0.6035599095009031, 0.06121645236072881, 0.6788720879734274, -0.5466851326280818, -0.0023198294455631496, 0.5520827017285355, 0.17391319773556518, 0.05250886696629417], [-0.6271343764073349, -0.3463283677818101, -0.2894756613042829, 0.24673936884511735, 0.6431901856317669, -0.7639873004800394, 0.3765725045278253, 0.3142409151344582, -0.07411583622208211, 0.3705679645991744, -0.09958488717588893, -0.1880679933302008, 0.45094524064569996, -0.04066054559032443], [-0.4295151070445114, 0.7628083783941745, -0.07771839099855782, 0.2630960748836696, 0.022904734820770205, 0.2288077461751194, -0.060681396308638745, 0.5199007721727463, 0.4333911905773729, -0.4217562622242524, -0.7680728197472962, -0.3827424928271301, -0.5411750700021517, 0.011817164801972611]], "inverted": false, "swapped": false, "error_lsq": 0.045930610032246806, "error_max": 0.3228148321717354, "target": "1008.xyz", "model": "18.xyz", "model_rescale": 3.9405287249114394, "target_rescale": 3.985333085067416},
{"mapping": [8, 4, 7, 13, 14, 0, 3, 12, 1, 11, 5, 6, 10, 15], "R": [[0.18230558669813848, -0.9420925695313784, -0.2814716033499871], [0.5290447652331844, -0.14731120392311373, 0.8357099051573385], [-0.8287800126921572, -0.3012656628832562, 0.4715534868172433]], "T": [-0.030633001706107783, 0.00721761750247599, 0.00821170666097043], "aligned_model": [[-0.07850231102356137, -0.17985788960299703, -0.6023158447097549, -0.5884070519061837, -0.1061400732731842, 0.25437632054454423, 0.6103112386211698, 0.0943155869742659, 0.614447603916388, -0.37337648322428435, -0.07380722086314559, 0.40128607629433827, 0.23972309912085943, -0.01069324407920132], [-0.6924346543593455, -0.40862963075735786, -0.39746865943125836, 0.35939638830433035, 0.7721647805466779, -0.5812830956864296, 0.5372280861874086, 0.20940514130858115, -0.10874241316804177, 0.4236795938416911, -0.28497040253975164, -0.470477559530566, 0.5953182582946216, 0.019715378081518097], [-0.27545602721092916, 0.5908505549735106, 0.07915741278983338, 0.13544404410654715, 0.10251696616528966, 0.2206048674791207, 0.19180903439106603, 0.5018179440742868, 0.08530715085869979, -0.4695952941670318, -0.768978611409739, -0.3706506476193608, -0.4378255697992292, -0.02393730195877719]], "inverted": false, "swapped": false, "error_lsq": 0.047400265437258005, "error_max": 0.3457881828392645, "target": "1008.xyz", "model": "19.xyz", "model_rescale": 4.410303926677745, "target_rescale": 3.985333085067416},
{"mapping": [1, 3, 2, 4, 11, 0, 10, 6, 5, 12, 7, 8, 9, 13], "R": [[-0.4488549031872753, -0.6923940771948657, 0.5649068221841651], [-0.05383948756326884, 0.6519720656249482, 0.7563291183232752], [-0.8919812696820861, 0.30906773935532095, -0.329919000704908]], "T": [-0.0235869971950459, -0.041656725548044664, 0.011067404251900205], "aligned_model": [[0.04494306103148676, 0.20809893771398832, -0.6120960887120156, -0.639362962128803, -0.1523229361448162, -0.23970655878691044, 0.6647718245482316, -0.22880890985279162, 0.7913872054276573, -0.26678286068179446, -0.19266868309933657, 0.5044137286687088, 0.2773863744921237, 0.04210767431352478], [-0.7208115167524549, -0.27178824955012054, -0.3347052045289507, 0.28217107640868216, 0.7677180192020958, -0.5910013111320754, 0.3769439031326337, 0.18385243159744236, -0.22366243678008307, 0.37495713442310497, -0.27476791603523615, -0.03743333015929367, 0.46803929987687154, -0.02661068861053812], [-0.30065730101856214, 0.6586195681184228, -0.06885984969154668, 0.11618120307782737, 0.1354575368068824, 0.4168656717563254, 0.17252841875254993, 0.5045604738964163, 0.053039932252839296, -0.5702789649217995, -0.6400268449341296, -0.5477303926532228, -0.34033225139664214, -0.028302677372073683]], "inverted": false, "swapped": false, "error_lsq": 0.06527940470419831, "error_max": 0.38067849039869184, "target": "1008.xyz", "model": "20.xyz", "model_rescale": 4.121658175737393, "target_rescale": 3.985333085067416},
{"mapping": [2, 9, 4, 3, 7, 10, 12, 5, 11, 8, 6, 1, 13], "R": [[-0.45945498747461844, 0.07282148184799689, 0.8852107919959857], [0.43188396215404445, 0.8891969564209342, 0.15101329718230563], [-0.7761297299542276, 0.451692156754143, -0.43999640658529093]], "T": [0.06983285631466839, -0.08900308629893872, 0.006758045058804198], "aligned_model": [[0.3883902798194061, -0.10750090693421006, 0.3610087413759535, 0.5252894509191075, 0.4484995559526946, -0.5393870557220413, -0.46066103534090985, 0.14405191452187543, -0.42199955967052, -0.01840098384911483, -0.16701191724861897, 0.7309052692366486, -0.002100848395975935], [-0.7058677222377707, -0.07623085431291145, 0.5786834052840119, -0.036285627851105805, 0.2633144027387437, -0.3806497469194498, 0.3120210570415241, -0.6118496901615654, -0.2508505688335868, 0.17350753684788806, 0.7050696988094078, -0.3916350515579737, -0.038399934684028865], [0.39514951848773217, 0.72648029904114, 0.357165399645003, 0.44300215032146795, -0.1402966317656876, 0.3118049155855595, 0.16142985223149856, -0.24066865214965624, -0.3143355834887065, -0.7151641825187764, -0.2508637840346567, -0.3979341423551434, 0.034340580482014584]], "inverted": false, "swapped": true, "error_lsq": 0.06986804854529605, "error_max": 0.37702185949032074, "target": "1008.xyz", "model": "21.xyz", "model_rescale": 4.08911054899281, "target_rescale": 3.985333085067416},
{"mapping": [11, 6, 1, 4, 13, 8, 12, 7, 10, 2, 15, 5, 14, 16], "R": [[0.4674997468437912, 0.8804822124076821, -0.07870870558372127], [0.8811747796329541, -0.4570540556758004, 0.1209652757162872], [0.07053364048314946, -0.1259073620721843, -0.9895313748114398]], "T": [0.009622035246520756, 0.02054220983672997, -0.04851086177192073], "aligned_model": [[-0.01576920016432501, 0.009131920328408392, -0.636519748843873, -0.5118616929684217, 0.010665087696993116, -0.09128358984760673, 0.5324106160264132, 0.2156883185699069, 0.7022691627281167, -0.5936274573253689, -0.16311557880872882, 0.5328910956377575, 0.22342669819333005, -0.012945824433348858], [-0.626100535814491, -0.31995407088568684, -0.4285707458298048, 0.47093403117109456, 0.6347229537439844, -0.6477697325474636, 0.5399139986789797, 0.27684959044495683, -0.06314840666926938, 0.1899393252376984, -0.07205111921622434, -0.45249215515815655, 0.4215694482030128, 0.04905862973344817], [-0.4572913345435649, 0.6145322523262027, -0.1524181722509806, 0.05869974567863396, 0.19543768174362353, 0.10621218289532638, -0.004755281613127528, 0.5820756917894989, 0.35691637795831294, -0.4071868943958492, -0.7507182456689889, -0.061042179313359805, -0.5015972841436108, -0.01780001778882974]], "inverted": false, "swapped": false, "error_lsq": 0.047439534806470576, "error_max": 0.3144843998867715, "target": "1008.xyz", "model": "22.xyz", "model_rescale": 4.204369325754507, "target_rescale": 3.985333085067416},
{"mapping": [8, 4, 7, 13, 14, 0, 3, 12, 1, 11, 5, 6, 10, 15], "R": [[0.18230558669813848, -0.9420925695313784, -0.2814716033499871], [0.5290447652331844, -0.14731120392311373, 0.8357099051573385], [-0.8287800126921572, -0.3012656628832562, 0.4715534868172433]], "T": [-0.030633001706107783, 0.00721761750247599, 0.00821170666097043], "aligned_model": [[-0.07850231102356137, -0.17985788960299703, -0.6023158447097549, -0.5884070519061837, -0.1061400732731842, 0.25437632054454423, 0.6103112386211698, 0.0943155869742659, 0.614447603916388, -0.37337648322428435, -0.07380722086314559, 0.40128607629433827, 0.23972309912085943, -0.01069324407920132], [-0.6924346543593455, -0.40862963075735786, -0.39746865943125836, 0.35939638830433035, 0.7721647805466779, -0.5812830956864296, 0.5372280861874086, 0.20940514130858115, -0.10874241316804177, 0.4236795938416911, -0.28497040253975164, -0.470477559530566, 0.5953182582946216, 0.019715378081518097], [-0.27545602721092916, 0.5908505549735106, 0.07915741278983338, 0.13544404410654715, 0.10251696616528966, 0.2206048674791207, 0.19180903439106603, 0.5018179440742868, 0.08530715085869979, -0.4695952941670318, -0.768978611409739, -0.3706506476193608, -0.4378255697992292, -0.02393730195877719]], "inverted": false, "swapped": false, "error_lsq": 0.047400265437258005, "error_max": 0.3457881828392645, "target": "1008.xyz", "model": "23.xyz", "model_rescale": 4.410303926677745, "target_rescale": 3.985333085067416},
{"mapping": [12, 3, 7, 11, 9, 0, 8, 10, 4, 14, 6, 5, 15, 16], "R": [[0.6933843316796033, 0.6629249329621938, -0.28239812647802937], [-0.5579952972028301, 0.2460223452343383, -0.7925365947039427], [-0.4559160195482883, 0.7071092835640522, 0.5404970344199658]], "T": [-0.08661089546512432, -0.0037559149871748488, -0.030818660521122677], "aligned_model": [[-0.06232369548625005, 0.2276421575321708, -0.6400162964633386, -0.5765707411307331, -0.015035395251503991, -0.05744355650732724, 0.526027743930169, 0.025455651601495835, 0.5372259754581501, -0.3537550913731352, -0.02539109629308413, 0.4137294252069018, 0.26847212600477777, -0.06665740043903948], [-0.6977068851166889, -0.37930055792224493, -0.3627486555648155, 0.36085921706451574, 0.6185158298718334, -0.7364914138998248, 0.48554979210640375, 0.3639390874122167, -0.05633205016081038, 0.41332951754369246, -0.11322178078599159, -0.26394881369589285, 0.4013681925584982, -0.06091026831881342], [-0.43581004037653415, 0.7238085484229434, 0.05162872294772016, 0.13566449696041885, -0.022169559545908525, 0.14982952257939586, 0.21608312112492115, 0.4945625539457551, 0.25544639406642533, -0.4921468631901522, -0.7805969278602394, -0.30931686949077, -0.4989048664531883, 0.07298628954249944]], "inverted": true, "swapped": false, "error_lsq": 0.0497902202327846, "error_max": 0.3488978018225032, "target": "1008.xyz", "model": "24.xyz", "model_rescale": 4.28219845311461, "target_rescale": 3.985333085067416},
{"mapping": [0, 5, 3, 9, 12, 1, 14, 11, 10, 7, 4, 2, 13, 15], "R": [[0.393721413396514, -0.9009030002316256, -0.18263962551075097], [-0.5879063832839635, -0.09405099281831297, -0.8034429010476472], [0.7066466819613753, 0.4237076762622383, -0.5666765143796183]], "T": [0.0375257761848689, -0.020177458989882394, -0.028808340500991132], "aligned_model": [[0.31921071486405717, -0.23813939374083465, -0.648647850233643, -0.48959027633256674, 0.15076958153647058, -0.18273266715827136, 0.7150896263550826, 0.1520097751754827, 0.6196470693836241, -0.5608150150338332, -0.23526729062473623, 0.5022000251662432, 0.03707341329275738, 0.060552094139421045], [-0.6544785428641102, -0.2856253598075336, -0.3770450419700899, 0.3084010616126012, 0.7207694647757525, -0.6035796618185386, 0.3223233190399553, 0.2767161051988217, -0.03731746132038051, 0.2737654922869303, -0.3336389793389979, 0.000897794883204503, 0.4370834334072672, -0.07537041299280357], [-0.4576088796250555, 0.7319983412227415, -0.07189694091174598, 0.23775967493970085, 0.12150266024331577, 0.11612435669808618, 0.03238864378827782, 0.4130340485553776, 0.5102147008920439, -0.430220653103233, -0.6304514165741255, -0.5312162429027152, -0.40805592268047025, -0.07250784786891148]], "inverted": true, "swapped": false, "error_lsq": 0.05822193740709296, "error_max": 0.40085132901001796, "target": "1008.xyz", "model": "25.xyz", "model_rescale": 4.100010024507729, "target_rescale": 3.985333085067416},
{"mapping": [1, 7, 4, 6, 2, 9, 3, 12, 8, 10, 5, 13], "R": [[0.4828803511420461, 0.7463958771251004, -0.45795170170181376], [-0.55481923002947, -0.143830452461459, -0.8194439718090791], [-0.6774970025545803, 0.6497738033772866, 0.3446618864542102]], "T": [-0.05383978992656556, 0.07283354708942232, -0.11968682760457391], "aligned_model": [[-0.7419149040340743, -0.011930643028702156, 0.372974434199218, 0.6773401193252212, -0.6680911361275332, 0.17594449774533194, -0.20094745908770584, 0.5974767130844547, 0.08923234147009478, 0.11094560828512141, -0.5567927079218462, 0.032528738453426756], [-0.39031857127193836, -0.38915194015677984, -0.1407462196712424, -0.3904371586572035, 0.5047149532984861, 0.6745061609547607, 0.14468748298297868, 0.24328520954583438, -0.5379494853567347, 0.7306297523790177, 0.11431070491020695, 0.10260050109325357], [-0.053193514555487514, 0.15225837542852047, 0.5326836672417488, -0.18110535203331413, 0.14303447422570967, 0.24746404497902555, 0.4916437743947656, -0.233267390339757, -0.5717301805908259, -0.418702201681064, -0.4119453055354576, -0.13194810167950757]], "inverted": false, "swapped": true, "error_lsq": 0.05061557454680456, "error_max": 0.31952099863735717, "target": "1008.xyz", "model": "26.xyz", "model_rescale": 3.6694154284099745, "target_rescale": 3.985333085067416},
{"mapping": [12, 1, 3, 7, 8, 6, 4, 5, 0, 9, 11, 2, 10, 13], "R": [[-0.9204897133098473, -0.3656797233199619, 0.13775713282219207], [-0.3533091689589515, 0.9294354707929152, 0.10640646954714209], [-0.16694705394312917, 0.049275202532185244, -0.9847337892014886]], "T": [0.003392288150114069, 0.06858965347951909, -0.02672399491482467], "aligned_model": [[-0.21732471623618638, 0.015661921850772628, -0.7157323845708339, -0.5188873645592118, -0.06424410174622289, -0.01069871389464097, 0.684323960551013, 0.06814733104697804, 0.5329138826094137, -0.4898495668626334, 0.13382451782771929, 0.5211785740786786, 0.21384174115842366, 0.0482047255359837], [-0.5325419995093614, -0.40729956052134664, -0.2977819912795462, 0.1812792824585363, 0.7040249443708804, -0.6058461039573209, 0.5281968802331196, 0.28533267112936633, -0.03691649363359892, 0.22540050143383913, -0.20053735981382367, -0.30638603410645193, 0.3980961519984135, 0.037880322289372485], [-0.49540037911509904, 0.7169328922194496, 0.011521832753943882, 0.305922268561621, -0.024602136849147145, 0.10027318834670323, -0.051700478376381066, 0.7314367719681717, 0.35460090206381145, -0.47055545605495563, -0.8309214541388171, -0.2578521888397843, -0.48391893698544475, -0.04467230288078487]], "inverted": false, "swapped": false, "error_lsq": 0.050556724692927546, "error_max": 0.4155928446272205, "target": "1008.xyz", "model": "27.xyz", "model_rescale": 4.103607728864725, "target_rescale": 3.985333085067416},
