[{"mapping": [14, 4, 0, 9, 12, 7, 8, 1, 10, 2, 3, 16], "R": [[-0.8465409081123102, -0.3767435112625065, 0.37607554774803276], [-0.38285355875520066, 0.9217534979433821, 0.061592544821737094], [-0.369853543231457, -0.09184125298980422, -0.9245396372294697]], "T": [-0.008884881941236258, -0.013958814702655975, -0.04246153132301143], "aligned_model": [[-0.40908142604040854, 0.09593374976497696, 0.46565794664631016, 0.0018230626176986928, -0.05141153064147549, -0.4363100504525656, 0.30064206805630106, -0.25721542127699326, 0.6619829245873237, 0.12325494257976939, -0.605834514560862, -0.051799288819525856], [-0.36835013650228493, -0.6391177436523734, -0.18070110696554828, 0.6781598221650451, 0.3431307753615275, -0.5224294459771606, -0.20162120224229263, -0.5304537506759324, 0.13404968407561785, 0.3559196358255482, 0.026279377964086748, -0.04131087339917616], [-0.5508484011911671, -0.007639323141158429, -0.6479390137582888, -0.14239881769350607, -0.5706123648587491, 0.07476104155355759, 0.5945479257231101, 0.609515407979811, 0.07547673837018798, 0.3349932109585009, 0.47872220371452445, -0.06662686230326019]], "inverted": false, "swapped": true, "error_lsq": 0.04189956460245917, "error_max": 0.19638357498843684, "target": "1009.xyz", "model": "0.xyz", "model_rescale": 3.751011558992144, "target_rescale": 4.293376197927528},
{"mapping": [5, 4, 10, 0, 1, 2, 7, 14, 8, 15, 3, 13, 12, 9, 16], "R": [[-0.861207157422686, -0.05309010962316606, -0.5054737107547107], [0.39213074199760406, -0.7021236404005766, -0.594353324859086], [-0.32335075875022345, -0.7100731186651428, 0.6254921685879151]], "T": [0.0432615872773238, 0.10610446028973852, -0.04432990022157654], "aligned_model": [[-0.0689636692062861, 0.11320707102411992, -0.46192821811584345, 0.2984088498251906, -0.20452788784957043, -0.42140083287450886, 0.3164188384906181, 0.7574201226530073, -0.5866003350601866, -0.12371632408214114, -0.04523145374001072, 0.5337918728345119, 0.395508719749673, -0.05648576020291438, 0.09318521764337481], [-0.06459891344793173, -0.4010613758546694, 0.36941699455724153, 0.3890679714684888, -0.7026135302384411, 0.27599111431045864, -0.4972541741546356, -0.06745841209521436, -0.25906201816198726, 0.3378165453800997, -0.27843842801485824, -0.007643677246807715, 0.6391952925410369, 0.7332586853699685, 0.08214127541435687], [-0.8277484505405092, -0.41971458575409937, -0.4459881315945987, -0.7331175276400995, 0.1508228421314434, 0.183640369648589, 0.08341697249337973, -0.10805750812971178, -0.12638204609546996, 0.6996381611451252, 0.6440712985334308, 0.5777505177241246, -0.0433726223100617, 0.24868609493577457, -0.03397897969534143]], "inverted": true, "swapped": true, "error_lsq": 0.046577993463544805, "error_max": 0.3061424883885695, "target": "1009.xyz", "model": "1.xyz", "model_rescale": 3.9405287249114394, "target_rescale": 4.293376197927528},
{"mapping": [7, 3, 13, 10, 2, 14, 4, 8, 9, 12, 11, 6, 16], "R": [[-0.8433223933580928, -0.07118163628724154, -0.5326729911646064], [0.4773575812217506, -0.5545149454353049, -0.6816472070939633], [-0.24685437105892588, -0.8291238447568322, 0.5016139646628176]], "T": [0.01840278869934933, -0.05322813470762536, 0.01636119635355592], "aligned_model": [[-0.23164449584853317, 0.12748186266179592, -0.4615163498850876, 0.5097977962590412, 0.478915393127577, -0.6896668382501961, -0.03703120676024757, 0.6601142898564656, 0.09849305864389082, -0.3527187130291264, -0.07545065813726695, -0.5002674656239466, -0.030523393730434896], [0.5730892541411483, 0.4496920665537686, 0.19294986885285986, -0.40555917473455116, -0.19461901291619438, 0.13173920150097312, 0.37704721353811244, 0.26652707776911877, -0.6177983972613235, -0.563293377494868, -0.7793081657843257, 0.05428238577465275, -0.025916346367353855], [0.0029943323489260605, -0.5876036109723034, -0.5749227094114272, 0.3631656798658376, -0.2379611278386598, 0.10927072362378096, 0.4798408776993245, 0.16725223722305815, -0.3885786708905063, -0.08545762902548108, 0.2774731880833132, 0.5771202043551668, 0.010526854527614678]], "inverted": false, "swapped": true, "error_lsq": 0.04462216622541984, "error_max": 0.24302604413182505, "target": "1009.xyz", "model": "2.xyz", "model_rescale": 3.932901565614263, "target_rescale": 4.293376197927528},
{"mapping": [10, 8, 5, 2, 0, 14, 4, 12, 15, 13, 1, 3, 7, 16], "R": [[0.07310590338118805, -0.667907738623489, -0.7406448403774091], [-0.4977392503194512, 0.6191002161317394, -0.6074294700432837], [0.8642402244643854, 0.41305468775029175, -0.2871840165212157]], "T": [-0.08233047469331174, -0.07432819006392044, -0.022373979744813397], "aligned_model": [[-0.15911145062060178, 0.477578885671244, 0.10678300850992688, -0.07759182917095962, -0.44491386912953185, -0.16808926785832973, 0.36429417886576354, -0.7044508455188165, -0.23230925736942615, -0.1379429655370908, 0.7645256326477727, 0.3177033482442001, 0.3903779945602947, -0.07704365124174196], [0.08698742406182525, 0.2161466751581474, -0.5573072708456485, 0.4480635167269068, -0.631220661742532, -0.6648901407917698, -0.507062314027072, -0.1779528926248627, 0.5953018054745415, -0.039961352660160404, 0.01094114873601032, 0.3378723054314805, -0.34438067703614783, -0.10904092751023009], [-0.696140645126941, -0.39510848805927723, -0.6440218487028178, -0.1767356776337978, -0.4442755405334768, 0.4113191192059849, -0.15000945667838664, 0.08006116739457131, 0.38279589008112896, 0.7752906224423226, 0.14813372786757326, 0.5250419076030183, 0.37586482614112865, 0.021680759056066475]], "inverted": false, "swapped": true, "error_lsq": 0.04239588770388728, "error_max": 0.37194107805718674, "target": "1009.xyz", "model": "3.xyz", "model_rescale": 3.9243930471874484, "target_rescale": 4.293376197927528},
{"mapping": [13, 12, 15, 3, 2, 14, 7, 9, 10, 0, 8, 4, 16], "R": [[0.5319748089322902, -0.49541012993252875, 0.6867107148004087], [0.8131965682944843, 0.07283701262321157, -0.5774132929767035], [0.23603843749594597, 0.865600122892991, 0.4416132734328887]], "T": [-0.01465365833984971, 0.0011596843598146583, -0.05281706445775704], "aligned_model": [[-0.034591467531990376, -0.2094002814931932, 0.6030719851053804, 0.41669237159469924, 0.5113910442117494, -0.6355171020690461, -0.23906935789001993, 0.334581327609239, 0.1731849074057557, -0.5911146178328686, 0.3718334080831443, -0.37306766141559855, -0.05078866946589914], [-0.6910161982993436, 0.180949732496201, -0.29123076694252786, -0.662524811426391, 0.14247209817461193, -0.3562743691381537, -0.5664147925080275, 0.2274031408856796, 0.6417839655632926, 0.5343312293174909, 0.09323479016171664, -0.08382386664462187, -0.04106059795834055], [-0.45411206500346635, -0.634206852386527, -0.4626748971388094, 0.0025359319758753024, -0.059948437370835245, -0.22882039957071565, 0.23436335991172708, -0.6149372933694632, 0.1476742534500926, -0.10775098619057545, 0.5627762064747363, 0.4642326591074667, -0.062061164518541774]], "inverted": true, "swapped": true, "error_lsq": 0.042592789091859866, "error_max": 0.26491892587206317, "target": "1009.xyz", "model": "4.xyz", "model_rescale": 3.8936222436046832, "target_rescale": 4.293376197927528},
{"mapping": [15, 9, 13, 3, 14, 0, 10, 4, 1, 2, 7, 16], "R": [[-0.1366319299113697, -0.24734873041042393, -0.9592446618527757], [0.7422789869379318, -0.6668114711066401, 0.06621455694177936], [-0.6560134307154787, -0.7029801331225158, 0.2747095032137728]], "T": [-0.17018641146023233, -0.07326211081830195, 0.07424938981509976], "aligned_model": [[0.05552958478813788, -0.43025025327047556, -0.15717604239010566, 0.41143569087031534, -0.514305941218332, -0.7844476259691211, -0.1936028999489799, -0.005908279633718039, 0.6147599197483251, 0.08530495381671221, 0.1266568080101555, -0.18044787258781647], [-0.5509964393056316, -0.6688674011894113, 0.15025150676907215, -0.04205984819108377, 0.5243543166417536, 0.07498164473126503, -0.47438073807592496, 0.4396120444677384, 0.29736678799525307, -0.5543698809190785, 0.5000696904431057, -0.02703877825725033], [-0.5223097355153127, -0.18411365910680622, -0.6941353050370375, -0.4645851029459005, -0.1877507002594928, 0.5436147264343905, 0.6438414192002394, 0.41039818785579163, 0.07582467454497968, 0.07584928917803432, -0.1210722368785127, 0.04372316180514495]], "inverted": false, "swapped": true, "error_lsq": 0.043156102545531184, "error_max": 0.23333541042073563, "target": "1009.xyz", "model": "5.xyz", "model_rescale": 3.6523030999806103, "target_rescale": 4.293376197927528},
{"mapping": [1, 3, 13, 7, 14, 8, 9, 4, 10, 0, 12, 6, 16], "R": [[-0.9152159376043536, 0.39010899316332737, -0.10096910917740731], [-0.31907948763132266, -0.8546094419880914, -0.40967179819672256], [-0.24610580677407196, -0.3427209872737567, 0.90662795939359]], "T": [-0.07021057673365452, 0.006167672261820252, 0.018594240073756062], "aligned_model": [[0.18155448867099108, 0.04716907496073265, 0.36893727546889776, 0.49331394035977183, 0.6165715289695008, -0.37297512819561307, -0.52403421589478, 0.29413585816525645, -0.6167729351297888, 0.007018549128202323, -0.08727526546274136, 0.4895191757367884, -0.01607944211292279], [-0.6169159115718943, -0.004378104902074791, 0.46535582321463465, -0.22530431665642514, 0.22909626013632095, -0.6254943766226693, 0.5370905898573977, -0.4916430540966896, -0.25328149520408566, 0.03142972045731674, 0.5752999493583901, -0.10039921146360639, 0.019971031656568147], [0.5680396008096823, 0.8032669525173471, 0.5052543392844564, 0.30813979109861006, -0.13253774305480276, 0.2334007465281402, 0.05458436224265769, -0.13127027967607466, -0.32757809112989383, -0.7643453239851161, -0.27134030721550273, -0.5013808682550388, 0.025876560317324666]], "inverted": true, "swapped": true, "error_lsq": 0.04549940053836589, "error_max": 0.2269807231388552, "target": "1009.xyz", "model": "6.xyz", "model_rescale": 4.08911054899281, "target_rescale": 4.293376197927528},
{"mapping": [9, 11, 10, 15, 3, 1, 2, 8, 13, 12, 7, 14, 4, 5, 16], "R": [[-0.7756328537501582, -0.5311404264241557, 0.3410037002751604], [0.16049375455012177, -0.6884659198160117, -0.7072880827515038], [0.6104387200479593, -0.49386690987538207, 0.6192415073267863]], "T": [0.04330088697333871, -0.09444831401511167, 9.167155826756562e-05], "aligned_model": [[-0.06697279457049084, 0.4288156928128623, 0.6810751610129001, -0.46406763333462625, -0.540949967137006, -0.09936296633650755, 0.11766484873250008, 0.39335936006748734, -0.7521970129399932, -0.07063433228890863, -0.28803784966463186, -0.3004123393195489, 0.2545437938875128, 0.738275542107614, 0.005234036770390929], [-0.6736058965807613, -0.7585163982998471, -0.22192538986804722, -0.27167830393604525, 0.30367411166067493, 0.7517984029455992, -0.13855548509636023, 0.41926142528164345, -0.1066061861134584, -0.6999046390748724, 0.41962749145871825, -0.1097272742130285, 0.37589312249132034, 0.09502346610027104, -0.08399963058669371], [-0.3761350400118478, 0.12080648899777113, -0.2506534889345338, -0.5883191584455252, -0.36011651178412774, -0.13037872365653985, -0.5377444024560009, -0.3876795522383189, 0.08714294158269839, 0.16952070804011588, 0.2845499232702197, 0.652652368947219, 0.37046794720844506, 0.3696717687536598, 0.04028476280884549]], "inverted": false, "swapped": true, "error_lsq": 0.04281987408653442, "error_max": 0.2940139186170338, "target": "1009.xyz", "model": "7.xyz", "model_rescale": 3.964800864290218, "target_rescale": 4.293376197927528},
{"mapping": [9, 13, 12, 2, 0, 1, 10, 14, 7, 4, 8, 5, 6, 16], "R": [[0.8245937459944261, -0.1231739944892632, 0.552153349304737], [-0.5635997550515384, -0.26338943912323803, 0.7829312354633657], [0.0489945933009554, -0.9567936927258169, -0.28661011738486997]], "T": [-0.05167477336324772, -0.0590158124475282, -0.044056604480250075], "aligned_model": [[-0.24960748206909172, 0.3362725831914914, 0.25079040195012187, -0.5600617560066004, 0.2904282594583607, -0.26157463897825617, -0.5028747499326284, 0.6748970017458598, 0.24479616590600423, 0.12086293088211153, -0.6271881812711095, -0.017818010222444253, 0.5646434145958159, -0.0023780497887620836], [0.014084723811471085, -0.701230205697974, 0.17096355914882969, -0.1215126343220668, 0.6480869322913605, -0.6064755318401478, 0.47037157983744404, -0.16529390967237007, -0.4995800741353086, 0.0018881741917896946, -0.10637376074960783, 0.5399628057615613, 0.2511517911047479, -0.08509498354852675], [-0.7108468887573939, -0.322624671346321, -0.5577579773703482, -0.22947479936618864, 0.006619753381205948, 0.5960519074869465, 0.0011886719447288044, 0.026697292905108458, 0.37185673099932126, 0.5638452487873308, 0.4068831862778355, 0.49959503903792246, 0.3008723138298971, -0.0360907690850237]], "inverted": false, "swapped": true, "error_lsq": 0.044571006625167095, "error_max": 0.32231819973406656, "target": "1009.xyz", "model": "8.xyz", "model_rescale": 4.121658175737393, "target_rescale": 4.293376197927528},
{"mapping": [10, 2, 9, 12, 8, 4, 3, 7, 13, 1, 0, 14, 16], "R": [[0.763192675315345, 0.6458129749710037, -0.021506782746581687], [0.049327418131584366, -0.02504204140959601, 0.9984686785185164], [0.6442854539452825, -0.7630848560423291, -0.05096818922994432]], "T": [-0.06774975785950779, 0.05071393916677427, -0.10755873984163641], "aligned_model": [[-0.6631087995978997, -0.196151152666003, 0.1636467814700801, 0.24807858938274538, -0.6070947364114413, -0.3616742247640652, 0.31247208601383347, 0.12470185198723699, 0.6972179360803111, -0.21048063497502129, -0.3491727776015163, 0.34801798382469673, -0.02971540630775959], [0.17307857195519438, -0.2511705260133504, 0.16175394584541575, 0.5390634136615441, -0.44492397947051343, 0.0417751610318199, -0.642786133379183, -0.21597891373630976, -0.1344823215942993, -0.6568452398861792, 0.7788937537293137, 0.38386429167960323, 0.05814541558865366], [-0.44881241830996355, -0.5424402585970866, -0.7581400854752764, -0.3721944139018126, -0.09158374194613071, 0.45507055568189625, -0.043609849923380434, 0.48134964795331114, 0.037594346456450545, 0.37462059390385916, -0.006801052531586277, 0.40269190437701086, -0.0666697937282022]], "inverted": false, "swapped": true, "error_lsq": 0.04079669876624582, "error_max": 0.2314536473267764, "target": "1009.xyz", "model": "9.xyz", "model_rescale": 3.833441315466971, "target_rescale": 4.293376197927528},
{"mapping": [10, 2, 12, 13, 15, 9, 3, 7, 6, 14, 5, 4, 8, 11, 16], "R": [[-0.2660416458724759, -0.944653431009315, -0.19196806490610296], [0.9540865078988364, -0.22960997558116003, -0.19234914753911095], [0.1376254994790852, -0.23432702446783368, 0.9623669089786825]], "T": [-0.04514496230523926, -0.012092854010396442, 0.051467519354201484], "aligned_model": [[0.22348573768778454, -0.1297848710923438, -0.5370963148687391, -0.5492695763124562, -0.6119632153874318, -0.6162779394999258, -0.1913540798354968, 0.17680843361528695, 0.22933974297971707, -0.15649421373432792, 0.6107963375882615, 0.5088919661602518, 0.4898894587974213, -0.2687324913418531, -0.054393956461616114], [-0.649730219119466, -0.3928279974670346, -0.10728111921566089, 0.5765198759192303, -0.08382773491937072, -0.41270057621702405, 0.3576636211934469, 0.6083960387406556, 0.34093963145810036, 0.5923858976158376, -0.18934031555344233, 0.26744456819461515, -0.2452830625069165, -0.5030413300899512, 0.041784261261959374], [0.13594060763257793, -0.32882173928710434, 0.44793675526605636, -0.1483726016180765, -0.5040788463313707, 0.00196091320379687, -0.63519360863931, -0.09242832196636466, 0.6800009079324693, 0.4594068228893245, 0.49169828094705503, 0.18535228198416767, -0.3914383936055825, 0.6110730625102722, 0.06508578690418142]], "inverted": false, "swapped": true, "error_lsq": 0.04382945718192274, "error_max": 0.3787466655561401, "target": "1009.xyz", "model": "10.xyz", "model_rescale": 4.2482417240324, "target_rescale": 4.293376197927528},
{"mapping": [8, 5, 6, 0, 3, 13, 7, 12, 10, 9, 2, 16], "R": [[-0.28146003622344934, -0.14254671466892338, -0.9489260677977983], [-0.5188340090569868, -0.8092793538192402, 0.27545997627199487], [-0.807212189609987, 0.5698660909538398, 0.15382171279127316]], "T": [-0.03128308925419046, 0.09365178222607862, -0.038770359781395876], "aligned_model": [[-0.6601119454003407, 0.10671340407526084, 0.45734973331997864, 0.5879804439718528, -0.5850431100400625, 0.013982521463270225, -0.21733687879397856, 0.520519102201303, -0.09288788929394387, 0.1256107896630942, -0.36773003661080406, -0.012280532192622994], [-0.27561474391285345, -0.6966090527045369, -0.2526332190340437, -0.39006000338199254, 0.6150090132447291, 0.8117629428175218, 0.18495772141111155, 0.32518192794390716, -0.3979068421272665, 0.45279510715201865, 0.1734455287284477, 0.11580300991359609], [-0.10963399777197136, 0.07042467483828971, 0.4473907990893963, -0.08494887003631724, 0.18736442026197744, 0.31167226284566674, 0.6031198193028907, -0.2627635009156075, -0.5291319941301432, -0.6180204885710313, -0.4596973053359922, 0.00941647027719876]], "inverted": true, "swapped": true, "error_lsq": 0.040756735566078235, "error_max": 0.22306938938566248, "target": "1009.xyz", "model": "11.xyz", "model_rescale": 3.6694154284099745, "target_rescale": 4.293376197927528},
{"mapping": [14, 0, 11, 5, 4, 13, 7, 15, 10, 2, 9, 8, 12, 16], "R": [[-0.3431115261866562, -0.8826086704018027, -0.32136648165206355], [-0.798784192803084, 0.09417030166262341, 0.5942017903142808], [-0.49418447357822715, 0.46057994877798697, -0.7373247702728274]], "T": [0.06355824823151614, -0.013231179099649049, 0.01998852079937162], "aligned_model": [[-0.14538611367482523, 0.11307127326729306, -0.20994694742393893, 0.6560528786036393, 0.5726263826498805, -0.44098393113758527, 0.2650834260705127, -0.4080779757322063, 0.3560812542366862, 0.060904332442817496, -0.46739453011246523, 0.6724510037954272, -0.4752216444169576, 0.04900544168753177], [-0.37769655446746425, 0.4842808321805988, 0.6716699319993722, 0.3457937226073326, -0.20012071288947825, -0.6344994149720746, -0.631632503387783, -0.19853873527284113, 0.5990859872884755, 0.16060953433849157, 0.31933340450691466, 0.006445894546232456, 0.24196797509363172, -0.055712073435154844], [-0.5864065122572156, -0.5879811568267449, -0.2255425957649741, -0.3989744941751563, -0.31007988856542557, 0.022358028509826308, -0.15873806914481398, 0.6350340243704341, 0.1792918280763473, 0.536239861662226, 0.33082653919927746, 0.4270113430496373, -0.2099123559347289, -0.014031092546273626]], "inverted": false, "swapped": true, "error_lsq": 0.04307500221910364, "error_max": 0.2536835459280327, "target": "1009.xyz", "model": "12.xyz", "model_rescale": 3.9764082729961374, "target_rescale": 4.293376197927528},
{"mapping": [13, 3, 15, 10, 12, 14, 6, 9, 2, 13, 1, 8, 7, 4, 5, 16], "R": [[0.7194567486580943, -0.5086457383941059, 0.4729286411540738], [-0.5049771498019975, 0.08440910591190881, 0.8589954487754887], [-0.47684385807953417, -0.8568282299578294, -0.19612577433666933]], "T": [-0.10222510842335775, 0.1513648129980527, 0.027176973009220597], "aligned_model": [[0.08248427064670666, -0.3302143350557968, -0.6397881482671478, -0.44623163433790625, -0.0006202481111841629, 0.5809123652124116, 0.6268658840268347, -0.5341476141041872, -0.6462490721832771, 0.08248427064670666, -0.10145695991795561, -0.460440504456285, 0.2868394594625069, 0.29689015104242766, 0.1980281593933525, -0.05651573018781358], [-0.3326462623846641, -0.5852534651336216, -0.14797077783325496, 0.6089483314102582, 0.5614097619528554, 0.061632122085489405, 0.3493057577913152, 0.44481552921345335, 0.13399971010707215, -0.3326462623846641, -0.5955553199269004, -0.07884243143000813, -0.39271635522805826, 0.002700670466926014, 0.5217599219038819, 0.12652318673316285], [-0.5828708697242531, -0.15994567811388127, -0.4792662832872736, 0.4248657945908378, -0.45220219460653166, -0.23641158635229434, 0.18297721977236817, -0.4380755982060734, 0.049073637525120596, -0.5828708697242531, 0.4694650352658759, 0.6234080586596265, 0.11424150961816201, 0.49795207915654477, 0.6814966299400501, 0.005560058338672853]], "inverted": false, "swapped": true, "error_lsq": 0.04945261942895316, "error_max": 0.4335130390803215, "target": "1009.xyz", "model": "13.xyz", "model_rescale": 4.170626492500431, "target_rescale": 4.293376197927528},
{"mapping": [12, 11, 14, 0, 13, 1, 4, 9, 15, 10, 2, 8, 3, 16], "R": [[0.05094329753826271, 0.9752769537273511, -0.21503405303399276], [0.5615235743663696, -0.20602803010828147, -0.8014011019711148], [-0.8258910677969244, -0.07992067528492897, -0.558136748293155]], "T": [-0.07349684965307614, 0.020583088413415843, 0.057533290208110405], "aligned_model": [[0.20897635467315967, -0.04770519062422281, -0.22976613681862645, -0.5058657943200486, 0.3837442833880742, -0.33992214503035845, -0.663382525037406, 0.5117318212132977, 0.6806380434512602, -0.2643088361861722, 0.21608147660985816, -0.3305794164990287, 0.30182601186814845, -0.07828492459629158], [-0.40352085710352736, -0.7471827624728969, 0.18063572126006244, -0.569761945374177, 0.48317913061188733, 0.788813619208473, 0.25050756885926745, -0.3564791557591951, 0.21356566090838958, -0.4505452117120164, -0.031397117092939505, 0.24116780646304986, 0.7074252611345513, 0.04966674899473723], [-0.32796577124470927, -0.061001691016387555, -0.6454395093636633, -0.23254722740554987, -0.40881217640532497, 0.3614221162168588, 0.010705505196870732, 0.1243299637695367, 0.2281172264634154, 0.5345117756993111, 0.5159932503514851, 0.7071917303325413, 0.18784461393977211, 0.009523294586709953]], "inverted": false, "swapped": true, "error_lsq": 0.04800994331685561, "error_max": 0.3296470623274353, "target": "1009.xyz", "model": "14.xyz", "model_rescale": 3.9786697098870705, "target_rescale": 4.293376197927528},
{"mapping": [4, 0, 7, 1, 14, 13, 10, 9, 3, 8, 12, 16], "R": [[-0.46439318088191284, -0.08141704266902244, 0.881878811806594], [-0.6030367772042562, -0.700192866278361, -0.3821996799475347], [0.6486028205993893, -0.7092962816594517, 0.27606732138120305]], "T": [-0.04706411956539091, 0.0004922820259231839, 0.05632057088913227], "aligned_model": [[-0.005908721532991677, -0.76451249266844, 0.43026404929167184, 0.6363822484937012, -0.01245473880632341, 0.4789297441321504, -0.5021008565702327, -0.22743111076413053, 0.7291073942381258, 0.1537774983095827, -0.4069787322449234, -0.025719685110853308], [-0.3617760341832472, 0.016152957984372072, -0.02784458846447973, -0.4869058252466145, 0.4233123931962775, 0.595258431184003, -0.4332499460878791, 0.36096741525118575, 0.060604785603399956, -0.6850225297922885, 0.5221247672261364, 0.03105266355357368], [-0.4633823427689963, -0.2671287220292902, -0.41942161782636056, -0.16470692072556975, -0.5471966506410518, -0.044309093730943674, 0.3574664035551785, 0.6278586322599592, 0.20976349113986875, 0.21922311889024376, 0.13771968703891785, 0.014080508711874128]], "inverted": true, "swapped": true, "error_lsq": 0.048554815257882716, "error_max": 0.28714260236824285, "target": "1009.xyz", "model": "15.xyz", "model_rescale": 3.769337070930944, "target_rescale": 4.293376197927528},
{"mapping": [4, 8, 14, 7, 0, 10, 12, 2, 13, 3, 16], "R": [[-0.4068697710248066, 0.6175762762605908, 0.6730947425335638], [0.8952925421901399, 0.12326496035904427, 0.4280852875846125], [0.1814063210721682, 0.7767916661163315, -0.6030642205663304]], "T": [0.07585896560408595, 0.005979750361530194, -0.014411363490098604], "aligned_model": [[-0.3834710065410358, -0.29171966991540593, -0.07310426787174945, -0.5317983242889532, 0.4412327151061525, 0.37176848906314713, 0.6131924758799652, 0.2080821109569176, -0.0969720023531887, -0.3865914161571567, 0.052007026812478], [0.039607243543392325, -0.6253592938463421, 0.710615132532564, 0.29753320574282316, 0.18147662290284733, -0.542700710099562, 0.35082553696146856, -0.4326841854267154, 0.5626626021381059, -0.002886325644141992, 0.05697466882090234], [-0.4513420062384031, -0.07010795949352142, -0.17411930191288036, 0.012514271739354633, -0.6891703877588615, -0.32628773521405713, 0.010465861942941003, 0.2802648573560366, 0.5340194026838995, 0.630306791060098, -0.012326186940829506]], "inverted": false, "swapped": true, "error_lsq": 0.04092138630490839, "error_max": 0.25005936737904005, "target": "1009.xyz", "model": "16.xyz", "model_rescale": 3.7852294659196426, "target_rescale": 4.293376197927528},
{"mapping": [9, 13, 14, 12, 15, 3, 1, 7, 0, 10, 8, 4, 16], "R": [[-0.23543581564250687, -0.5754334016406906, 0.7832281768354428], [-0.5522188909472554, -0.5839538576704744, -0.5950228471182896], [0.799765136270475, -0.5726030845079301, -0.18028154208979225]], "T": [0.07546257581887622, 0.07065736952889577, -0.07606446598063563], "aligned_model": [[-0.12987522355646758, -0.4685755783246884, 0.22699446625287348, 0.21379726296175888, -0.6411415231268525, -0.669009762307031, -0.27941738859099025, -0.09743310878331721, 0.8317842782210758, 0.4252914304493119, -0.00314405278610308, 0.37468938985501815, 0.06980565995169488], [-0.2567052396339871, -0.40063350089749933, -0.3968700188502733, -0.5056037823658593, -0.08574592487145828, 0.20033669880949723, 0.6700402864691793, 0.1519987882747273, -0.1379080048434111, 0.42323440184492417, 0.79709910228706, 0.37463818032763285, 0.04117463715234172], [-0.658988508247843, 0.27386416748930764, 0.47408453168000075, -0.31491880087197843, -0.3876365514881751, 0.16589559482309899, 0.44192137820442745, 0.5708253584715568, -0.1398989160643735, -0.5651337593905219, -0.1299955301711786, 0.3941293223757224, -0.028393589666869674]], "inverted": false, "swapped": true, "error_lsq": 0.04250325623266474, "error_max": 0.288325989747907, "target": "1009.xyz", "model": "17.xyz", "model_rescale": 3.901054581598922, "target_rescale": 4.293376197927528},
{"mapping": [5, 4, 10, 0, 1, 2, 7, 14, 8, 15, 3, 13, 12, 9, 16], "R": [[-0.861207157422686, -0.05309010962316606, -0.5054737107547107], [0.39213074199760406, -0.7021236404005766, -0.594353324859086], [-0.32335075875022345, -0.7100731186651428, 0.6254921685879151]], "T": [0.0432615872773238, 0.10610446028973852, -0.04432990022157654], "aligned_model": [[-0.0689636692062861, 0.11320707102411992, -0.46192821811584345, 0.2984088498251906, -0.20452788784957043, -0.42140083287450886, 0.3164188384906181, 0.7574201226530073, -0.5866003350601866, -0.12371632408214114, -0.04523145374001072, 0.5337918728345119, 0.395508719749673, -0.05648576020291438, 0.09318521764337481], [-0.06459891344793173, -0.4010613758546694, 0.36941699455724153, 0.3890679714684888, -0.7026135302384411, 0.27599111431045864, -0.4972541741546356, -0.06745841209521436, -0.25906201816198726, 0.3378165453800997, -0.27843842801485824, -0.007643677246807715, 0.6391952925410369, 0.7332586853699685, 0.08214127541435687], [-0.8277484505405092, -0.41971458575409937, -0.4459881315945987, -0.7331175276400995, 0.1508228421314434, 0.183640369648589, 0.08341697249337973, -0.10805750812971178, -0.12638204609546996, 0.6996381611451252, 0.6440712985334308, 0.5777505177241246, -0.0433726223100617, 0.24868609493577457, -0.03397897969534143]], "inverted": true, "swapped": true, "error_lsq": 0.046577993463544805, "error_max": 0.3061424883885695, "target": "1009.xyz", "model": "18.xyz", "model_rescale": 3.9405287249114394, "target_rescale": 4.293376197927528},
{"mapping": [10, 8, 15, 1, 5, 9, 2, 0, 11, 12, 3, 13, 4, 14, 7, 16], "R": [[0.3853618092775079, 0.7476457413834445, -0.5408531421204512], [0.4217215441863623, 0.37863556489855416, 0.8238847299003803], [0.8207601446948041, -0.5455831324236043, -0.16938663021446596]], "T": [0.0794035620605219, 0.020149026841715288, -0.08720093878319873], "aligned_model": [[-0.355571105882377, -0.08310369415030844, 0.8144917484928034, 0.2066635855564246, -0.7191077998837386, 0.3936502837692702, 0.2692335115112635, -0.565236856485864, -0.2699116066703634, 0.14285698009890707, 0.734702700722406, 0.7398248417770695, -0.31334255668910366, 0.0770997386690088, 0.20157847549851582, 0.09333685163747242], [-0.1842505292552335, -0.6900499211074089, -0.058562532449254114, -0.6767784545792934, -0.08408165851104207, 0.27823243882231746, -0.2763037398298328, 0.46703723272119785, 0.510045162532356, 0.616358591589303, -0.353363845050568, 0.2768204934854939, -0.18188650856990474, 0.4958802921963656, -0.1315382164516785, 0.044793323434818566], [-0.5920746108246318, -0.16475091524247262, -0.3847079776819521, 0.41440246740090475, -0.0035687436734842953, -0.6562108500669437, -0.5029213150996643, -0.15297731867197378, -0.5792993459808112, -0.30804616238813093, 0.15911518959908974, 0.28496318864156656, 0.3688202743407366, 0.4766094441399911, 0.5585854499599394, -0.038495017777285645]], "inverted": false, "swapped": true, "error_lsq": 0.04638762275189687, "error_max": 0.32881472883774854, "target": "1009.xyz", "model": "19.xyz", "model_rescale": 4.410303926677745, "target_rescale": 4.293376197927528},
{"mapping": [9, 13, 12, 2, 0, 1, 10, 14, 7, 4, 8, 5, 6, 16], "R": [[0.8245937459944261, -0.1231739944892632, 0.552153349304737], [-0.5635997550515384, -0.26338943912323803, 0.7829312354633657], [0.0489945933009554, -0.9567936927258169, -0.28661011738486997]], "T": [-0.05167477336324772, -0.0590158124475282, -0.044056604480250075], "aligned_model": [[-0.24960748206909172, 0.3362725831914914, 0.25079040195012187, -0.5600617560066004, 0.2904282594583607, -0.26157463897825617, -0.5028747499326284, 0.6748970017458598, 0.24479616590600423, 0.12086293088211153, -0.6271881812711095, -0.017818010222444253, 0.5646434145958159, -0.0023780497887620836], [0.014084723811471085, -0.701230205697974, 0.17096355914882969, -0.1215126343220668, 0.6480869322913605, -0.6064755318401478, 0.47037157983744404, -0.16529390967237007, -0.4995800741353086, 0.0018881741917896946, -0.10637376074960783, 0.5399628057615613, 0.2511517911047479, -0.08509498354852675], [-0.7108468887573939, -0.322624671346321, -0.5577579773703482, -0.22947479936618864, 0.006619753381205948, 0.5960519074869465, 0.0011886719447288044, 0.026697292905108458, 0.37185673099932126, 0.5638452487873308, 0.4068831862778355, 0.49959503903792246, 0.3008723138298971, -0.0360907690850237]], "inverted": false, "swapped": true, "error_lsq": 0.044571006625167095, "error_max": 0.32231819973406656, "target": "1009.xyz", "model": "20.xyz", "model_rescale": 4.121658175737393, "target_rescale": 4.293376197927528},
{"mapping": [1, 3, 13, 7, 14, 8, 9, 4, 10, 0, 12, 6, 16], "R": [[-0.9152159376043536, 0.39010899316332737, -0.10096910917740731], [-0.31907948763132266, -0.8546094419880914, -0.40967179819672256], [-0.24610580677407196, -0.3427209872737567, 0.90662795939359]], "T": [-0.07021057673365452, 0.006167672261820252, 0.018594240073756062], "aligned_model": [[0.18155448867099108, 0.04716907496073265, 0.36893727546889776, 0.49331394035977183, 0.6165715289695008, -0.37297512819561307, -0.52403421589478, 0.29413585816525645, -0.6167729351297888, 0.007018549128202323, -0.08727526546274136, 0.4895191757367884, -0.01607944211292279], [-0.6169159115718943, -0.004378104902074791, 0.46535582321463465, -0.22530431665642514, 0.22909626013632095, -0.6254943766226693, 0.5370905898573977, -0.4916430540966896, -0.25328149520408566, 0.03142972045731674, 0.5752999493583901, -0.10039921146360639, 0.019971031656568147], [0.5680396008096823, 0.8032669525173471, 0.5052543392844564, 0.30813979109861006, -0.13253774305480276, 0.2334007465281402, 0.05458436224265769, -0.13127027967607466, -0.32757809112989383, -0.7643453239851161, -0.27134030721550273, -0.5013808682550388, 0.025876560317324666]], "inverted": true, "swapped": true, "error_lsq": 0.04549940053836589, "error_max": 0.2269807231388552, "target": "1009.xyz", "model": "21.xyz", "model_rescale": 4.08911054899281, "target_rescale": 4.293376197927528},
{"mapping": [2, 7, 8, 10, 13, 4, 3, 12, 6, 11, 1, 2, 15, 9, 14, 5, 16], "R": [[0.8388614288333139, 0.41493636689426977, 0.35233409520555287], [-0.5380349371847608, 0.7302925205865166, 0.42094089934809525], [-0.08264326702352777, -0.5426791370634925, 0.8358644893831187]], "T": [-0.005161136090291844, -0.031347349467822014, -0.0319234224788329], "aligned_model": [[-0.22252382217556255, 0.08151086006571326, -0.5274166861482421, 0.31221782517993674, 0.2759280946364741, -0.15566364810011785, 0.45712907880202575, 0.6689560145360486, -0.4337214268462709, -0.26691515826708406, -0.707139697776246, -0.22252382217556255, 0.05390797289790003, 0.556561725805712, 0.5431688825109929, 0.1008824475430787, -0.015239101177424011], [-0.17975535695274125, -0.4960936462858276, 0.35383759453979824, 0.058672630784970994, -0.6291895059454475, -0.617734347417146, -0.5474220751379605, -0.2610644699945987, -0.13608725398642546, 0.6724119773128749, 0.13385185212268513, -0.17975535695274125, 0.36055205709410587, 0.3677839769745257, -0.010714073950297567, 0.5210831809526378, -0.07780186664718587], [0.6403729075612807, -0.5632378610984865, -0.2761440551116794, -0.7683352687396428, -0.04934657764245726, 0.3141856186952905, 0.491749622496545, -0.22625720184411807, -0.6326977213132234, 0.1167395255004775, 0.2996390965024565, 0.6403729075612807, 0.579985650336666, -0.21278033342849456, 0.3008393227153916, -0.45772187407034565, -0.0343857152609204]], "inverted": false, "swapped": false, "error_lsq": 0.04643612443280191, "error_max": 0.38991160350951914, "target": "1009.xyz", "model": "22.xyz", "model_rescale": 4.204369325754507, "target_rescale": 4.293376197927528},
{"mapping": [10, 8, 15, 1, 5, 9, 2, 0, 11, 12, 3, 13, 4, 14, 7, 16], "R": [[0.3853618092775079, 0.7476457413834445, -0.5408531421204512], [0.4217215441863623, 0.37863556489855416, 0.8238847299003803], [0.8207601446948041, -0.5455831324236043, -0.16938663021446596]], "T": [0.0794035620605219, 0.020149026841715288, -0.08720093878319873], "aligned_model": [[-0.355571105882377, -0.08310369415030844, 0.8144917484928034, 0.2066635855564246, -0.7191077998837386, 0.3936502837692702, 0.2692335115112635, -0.565236856485864, -0.2699116066703634, 0.14285698009890707, 0.734702700722406, 0.7398248417770695, -0.31334255668910366, 0.0770997386690088, 0.20157847549851582, 0.09333685163747242], [-0.1842505292552335, -0.6900499211074089, -0.058562532449254114, -0.6767784545792934, -0.08408165851104207, 0.27823243882231746, -0.2763037398298328, 0.46703723272119785, 0.510045162532356, 0.616358591589303, -0.353363845050568, 0.2768204934854939, -0.18188650856990474, 0.4958802921963656, -0.1315382164516785, 0.044793323434818566], [-0.5920746108246318, -0.16475091524247262, -0.3847079776819521, 0.41440246740090475, -0.0035687436734842953, -0.6562108500669437, -0.5029213150996643, -0.15297731867197378, -0.5792993459808112, -0.30804616238813093, 0.15911518959908974, 0.28496318864156656, 0.3688202743407366, 0.4766094441399911, 0.5585854499599394, -0.038495017777285645]], "inverted": false, "swapped": true, "error_lsq": 0.04638762275189687, "error_max": 0.32881472883774854, "target": "1009.xyz", "model": "23.xyz", "model_rescale": 4.410303926677745, "target_rescale": 4.293376197927528},
{"mapping": [12, 9, 4, 10, 14, 6, 13, 11, 15, 2, 5, 12, 0, 1, 7, 3, 16], "R": [[0.8601445859196007, 0.29022062305514906, -0.41943209374901186], [-0.15958557287712005, -0.6279145017575588, -0.7617452483685331], [-0.48444167475835537, 0.7221463621981613, -0.493782234716157]], "T": [0.07240717877958053, -0.11219229786222067, -0.09270998732548998], "aligned_model": [[-0.16998501646217298, 0.05842788996734291, -0.37916326469679174, 0.2160486141501093, 0.1557086606111189, -0.3016060429936356, 0.22684576162711106, 0.6135500187377938, -0.41251439912947624, -0.36242691084278095, -0.5165362579396822, -0.16998501646217298, 0.0648770516704531, 0.7308848263093941, 0.5812548274501117, 0.07084858381793069, 0.09289021349671978], [-0.048176174958793325, -0.41805835251352746, 0.33475618164809884, 0.1361842707130274, -0.7812005031711816, -0.6212330590761458, -0.5588341554440708, -0.3308746111974027, -0.5860435310179133, 0.6611940837251271, -0.03418570972165466, -0.048176174958793325, 0.43275910923699895, 0.4365583616863327, -0.026951964654488944, 0.7787875235666709, 0.006070022648943477], [0.6710463838282927, -0.6392175533524681, -0.3576733135295447, -0.677055916123744, -0.15303307054069437, 0.3302435599126956, 0.427719065488645, -0.33778948301432904, -0.31548849380618516, 0.12103465110060295, 0.11383936266115253, 0.6710463838282927, 0.4301256198900749, -0.13290017168644763, 0.3265024322417318, -0.21682087815440715, -0.09860053588364756]], "inverted": false, "swapped": false, "error_lsq": 0.04181079150937829, "error_max": 0.29193048513453085, "target": "1009.xyz", "model": "24.xyz", "model_rescale": 4.28219845311461, "target_rescale": 4.293376197927528},
{"mapping": [14, 12, 7, 0, 6, 9, 13, 5, 9, 10, 15, 2, 8, 4, 3, 16], "R": [[0.131335796527871, 0.9911143132132281, 0.021055324605932457], [-0.7405183070302284, 0.08396356862126972, 0.666770392337172], [0.6590777992797774, -0.10316267390996053, 0.744965715458284]], "T": [-0.04405332728854307, 0.01774058876564084, 0.023374358922440136], "aligned_model": [[-0.009279082662451442, -0.45706686255220125, 0.21046928431681078, 0.2299919574093065, 0.38304493251232047, -0.6532362264089199, -0.511869544567401, 0.6621681974767372, -0.6532362264089199, 0.166516815838541, -0.7121890723303607, -0.24081587923254066, 0.3670610244381318, 0.5519468104098849, -0.2804805903065826, -0.044704771811344725], [0.32068353578167835, -0.27482434090093133, 0.6247953268517569, -0.5287869155998554, -0.004816097789948504, -0.30453697658558126, 0.6191842296978919, -0.3558362540756664, -0.30453697658558126, -0.5679985570814812, 0.2395669040279385, -0.11051451773204003, 0.054449063482200036, 0.19255773248791402, 0.6891489042378321, 0.05657631549810618], [-0.6483577417650833, -0.3666133021190131, -0.12386209813294191, -0.4724116219564186, -0.6185806879116982, 0.14238568222388792, -0.22148515154510512, -0.1076610387110882, 0.14238568222388792, 0.33714088494296524, 0.39680213192170155, 0.514880421621716, 0.6287194097210645, -0.10794974513017436, 0.37396455404783435, -0.017431358853788673]], "inverted": true, "swapped": true, "error_lsq": 0.04164977254379548, "error_max": 0.3329230920590191, "target": "1009.xyz", "model": "25.xyz", "model_rescale": 4.100010024507729, "target_rescale": 4.293376197927528},
{"mapping": [8, 5, 6, 0, 3, 13, 7, 12, 10, 9, 2, 16], "R": [[-0.28146003622344934, -0.14254671466892338, -0.9489260677977983], [-0.5188340090569868, -0.8092793538192402, 0.27545997627199487], [-0.807212189609987, 0.5698660909538398, 0.15382171279127316]], "T": [-0.03128308925419046, 0.09365178222607862, -0.038770359781395876], "aligned_model": [[-0.6601119454003407, 0.10671340407526084, 0.45734973331997864, 0.5879804439718528, -0.5850431100400625, 0.013982521463270225, -0.21733687879397856, 0.520519102201303, -0.09288788929394387, 0.1256107896630942, -0.36773003661080406, -0.012280532192622994], [-0.27561474391285345, -0.6966090527045369, -0.2526332190340437, -0.39006000338199254, 0.6150090132447291, 0.8117629428175218, 0.18495772141111155, 0.32518192794390716, -0.3979068421272665, 0.45279510715201865, 0.1734455287284477, 0.11580300991359609], [-0.10963399777197136, 0.07042467483828971, 0.4473907990893963, -0.08494887003631724, 0.18736442026197744, 0.31167226284566674, 0.6031198193028907, -0.2627635009156075, -0.5291319941301432, -0.6180204885710313, -0.4596973053359922, 0.00941647027719876]], "inverted": true, "swapped": true, "error_lsq": 0.040756735566078235, "error_max": 0.22306938938566248, "target": "1009.xyz", "model": "26.xyz", "model_rescale": 3.6694154284099745, "target_rescale": 4.293376197927528},
