[{"mapping": [6, 7, 0, 8, 4, 1, 10, 5, 9, 3, 11], "R": [[-0.5580194209301176, -0.41067032891988453, 0.7210854365535683], [0.09095914358830483, 0.8334518331481808, 0.5450545624243679], [-0.8248277153821265, 0.3697403450622759, -0.4277280878908127]], "T": [-0.12774224865256087, -0.0072566315411420335, 0.14973661580988196], "aligned_model": [[0.13326199604582226, 0.7714997826247884, -0.20266587229138192, -0.5462081236684091, -0.7265912007084513, 0.01127253676201681, 0.3696186033084391, 0.4438893943110529, -0.03044429604511928, -0.36537833788999713, -0.11169332291103298], [0.12892321576375826, -0.14623810916890334, -0.5483699197891396, 0.17461390655914086, -0.04714507143144547, -0.5679566021219273, 0.27498795025366674, -0.5284617027515937, 0.5661245549383196, 0.5228320503130688, -0.0675830468934667], [-0.512446380719323, -0.11227717758009048, 0.4402090824978093, -0.2917528059315047, 0.6902338976977892, -0.26034995059506655, 0.5167945471353969, 0.45018440002061, -0.02668205621144948, 0.519287144491587, 0.1803211132127178]], "inverted": false, "swapped": false, "error_lsq": 0.04862978092793002, "error_max": 0.26080723069323075, "target": "1010.xyz", "model": "0.xyz", "model_rescale": 3.751011558992144, "target_rescale": 3.9003291610590667},
{"mapping": [2, 0, 4, 5, 10, 8, 7, 1, 12, 9, 14], "R": [[0.4987943768581633, -0.08730485659675354, -0.8623120268379059], [0.5149599393360743, 0.8301169388273952, 0.21382733396556597], [0.697151655304399, -0.5507120208298121, 0.4590161648786255]], "T": [-0.02122709755198078, 0.03598786388847026, 0.18970943907336818], "aligned_model": [[0.08625521948006214, 0.6710122178167014, -0.2616548772768634, -0.48748342247904675, -0.7072187797819545, -0.16360366647316749, 0.536683005891283, 0.46327082196943353, 0.18424309886047857, -0.5428875126981039, -0.032054945771094696], [0.02230105315280164, -0.08307746670409533, -0.6693356714231409, 0.06109688557403278, -0.11383419462125172, -0.5063350841675501, 0.21107870696049447, -0.42038352307718435, 0.7344314833793939, 0.438398994486136, 0.08738604211184209], [-0.630045600389896, -0.0968785854640617, 0.454826702151241, -0.22509246966274238, 0.613292383517619, -0.16530180690896762, 0.5023698570119022, 0.3962826042577701, 0.33780944871501073, 0.20090383834161488, 0.20535544244898546]], "inverted": false, "swapped": false, "error_lsq": 0.044897141231626934, "error_max": 0.20952808633105882, "target": "1010.xyz", "model": "1.xyz", "model_rescale": 3.9405287249114394, "target_rescale": 3.9003291610590667},
{"mapping": [3, 7, 0, 11, 5, 6, 4, 1, 8, 9, 12], "R": [[0.9227202728038322, 0.10926938726944908, -0.3696586251700084], [0.025291824652279186, -0.9740765036535715, -0.22480055301487226], [-0.3846395998367563, 0.1980786864753328, -0.9015637593657073]], "T": [-0.008372860857687073, -0.01431456176105186, 0.16154067632240093], "aligned_model": [[0.25110541746012777, 0.594060030303151, -0.30348704966740037, -0.6517461841811313, -0.6335461637414432, -0.08877584643528987, 0.595742921544692, 0.4611773472281054, 0.048937726820882516, -0.5270980950901374, 0.00019105529617166953], [0.2111342976220585, -0.2951433897428744, -0.7754625051665118, -0.06138452174798534, -0.12991346033709925, -0.4127283724773944, 0.30493486023885585, -0.43722170280111156, 0.7546245549988287, 0.6026159645001123, 0.0002715005845995537], [-0.2952344471825557, -0.27103259397766144, 0.3525679311545388, -0.14089853201500668, 0.5134945318008841, -0.1992327826932449, 0.3190832099058635, 0.6389278195323725, 0.23988543598272563, 0.18803528384302212, 0.24792595766753756]], "inverted": false, "swapped": false, "error_lsq": 0.06031127639248053, "error_max": 0.36572670905163457, "target": "1010.xyz", "model": "2.xyz", "model_rescale": 3.932901565614263, "target_rescale": 3.9003291610590667},
{"mapping": [0, 1, 8, 7, 9, 3, 10, 11, 6, 5, 13], "R": [[-0.8607800936470296, -0.26954587967843613, 0.43174373085128825], [-0.21806667337991906, 0.961767041886135, 0.16568368387565946], [-0.4598962451923557, 0.048468297782899405, -0.8866488976861142]], "T": [-0.020449813298050283, -0.0009391176713426791, 0.0647058252675686], "aligned_model": [[0.09591878464004916, 0.6699091814566861, -0.30422178313470083, -0.7105207979166072, -0.5729634783572013, 0.009499840068914474, 0.46773288719334055, 0.40001209304803315, 0.15275690607682915, -0.43899335428738034, -0.022569119250234915], [-0.009088429093533676, 0.05150074134320633, -0.6283047589056566, -0.055077041707384845, -0.01621897252858133, -0.45196111847682585, 0.18705896339480965, -0.578154940243255, 0.6437743280625439, 0.5384346917835645, 0.07976376204259089], [-0.5950988937821455, -0.19877688851061773, 0.319013801677264, -0.11026179663941649, 0.5487390011422099, -0.17271290005509093, 0.5540725719490428, 0.601122060901686, 0.20974466811695594, 0.2898655099912809, 0.14781467922730676]], "inverted": true, "swapped": false, "error_lsq": 0.04453156498813271, "error_max": 0.24104341783093675, "target": "1010.xyz", "model": "3.xyz", "model_rescale": 3.9243930471874484, "target_rescale": 3.9003291610590667},
{"mapping": [11, 5, 3, 10, 4, 6, 1, 0, 9, 8, 12], "R": [[-0.7583126234332833, -0.28542295312134724, -0.5860850646222107], [-0.31161586092858073, 0.9483945593473526, -0.058679766683929366], [0.572588438897845, 0.13813579417308963, -0.8081218856142302]], "T": [-0.0903478473078888, 0.030628831857812268, 0.19504656820815788], "aligned_model": [[0.02190628339890527, 0.5902817096979833, -0.26233975234068496, -0.6970693384731859, -0.5055497636523012, 0.0365594816842722, 0.48236398503963984, 0.43907376378377694, 0.07865345434191823, -0.4552695096870984, 0.017950845744502633], [0.24121440338679642, -0.26148742335483144, -0.6141837064171304, 0.005784750358185757, -0.06816832393377179, -0.4843820627952763, 0.24466424540202267, -0.4900153710665648, 0.6806866029680517, 0.5259343043072191, -0.018320193183222436], [-0.559398133934147, 0.036823310292594336, 0.2821611218217138, -0.16328222395277162, 0.6076162715450578, -0.29502977581735335, 0.5643029815858808, 0.6097328653424336, -0.020709882533722107, 0.32861691747883764, 0.20268836218995182]], "inverted": false, "swapped": false, "error_lsq": 0.03899219334090479, "error_max": 0.2018804393418275, "target": "1010.xyz", "model": "4.xyz", "model_rescale": 3.8936222436046832, "target_rescale": 3.9003291610590667},
{"mapping": [5, 7, 9, 1, 0, 6, 10, 8, 4, 2, 11], "R": [[-0.288275587060965, -0.8042314915739474, -0.5197200148785882], [0.5884816790658148, -0.5769628305777393, 0.5663949201181119], [-0.7553717623187509, -0.14256787889446476, 0.6395997972161951]], "T": [0.031931539692081304, -0.07686591172406071, 0.24446622025794906], "aligned_model": [[0.05682547036391057, 0.6102232172418253, -0.23100654881031812, -0.6670504130778271, -0.7611638229161215, 0.049791376090653997, 0.44640506080044484, 0.4152770425594988, 0.10917475474724027, -0.2864672817792546, 0.004552304317675181], [0.1466161759714654, -0.16452922782741805, -0.6304560608807324, 0.014846956494610694, -0.10522461522841586, -0.5136383558747214, 0.3155528808803857, -0.5097440516670438, 0.6537143489117119, 0.5482470615994859, 0.006342113292149912], [-0.5343835121948641, -0.03417585494700082, 0.32469995501245297, -0.1377925228286132, 0.6355082112537198, -0.42150636655189067, 0.5159189619939055, 0.7043853084915792, -0.05704757279994699, 0.4994454860667235, 0.09846972052241013]], "inverted": true, "swapped": false, "error_lsq": 0.04668318708917476, "error_max": 0.2506842915662044, "target": "1010.xyz", "model": "5.xyz", "model_rescale": 3.6523030999806103, "target_rescale": 3.9003291610590667},
{"mapping": [2, 10, 8, 1, 5, 6, 11, 9, 3, 3, 12], "R": [[0.4114142656639974, 0.537731589670106, -0.7359232565145732], [0.9113795130955975, -0.25263706538526354, 0.32490290288508306], [-0.011210937417780564, -0.804375068400546, -0.5940160471046483]], "T": [-0.029357337348091816, -0.05711090357322117, 0.16848376656454173], "aligned_model": [[-0.007081034883606729, 0.6418453576041911, -0.24451683016829479, -0.5790808540254919, -0.5875493174346353, -0.03236189500592587, 0.6294162966742542, 0.404810165846637, -0.19543716546138792, -0.19543716546138792, -0.08804639814662381], [0.23096825561815243, -0.33225557170340675, -0.6670166139655774, 0.03448655839794153, -0.14010901716094393, -0.5355918656042419, 0.3598765790538689, -0.42770918058050267, 0.615469833948769, 0.615469833948769, 0.0081384137186504], [-0.5334605322207822, -0.11866670889269232, 0.35669779299891496, -0.24599038964512582, 0.5498452178082243, -0.27159736649987304, 0.5767823602313492, 0.612125932537898, 0.22038121502025654, 0.22038121502025654, 0.2270230776600497]], "inverted": false, "swapped": false, "error_lsq": 0.050963169544329084, "error_max": 0.3236608511460315, "target": "1010.xyz", "model": "6.xyz", "model_rescale": 4.08911054899281, "target_rescale": 3.9003291610590667},
{"mapping": [11, 13, 0, 8, 3, 1, 7, 2, 5, 4, 14], "R": [[-0.9080024944912354, -0.36723048115346346, -0.20167608611208726], [0.3829304106600455, -0.9227354696396913, -0.04385833627199436], [-0.1699875601019768, -0.11705138521441857, 0.9784698271433631]], "T": [-0.013439044264624129, 0.06852426309001099, 0.040485380776568825], "aligned_model": [[0.05663455151482012, 0.6694496031830928, -0.3197790896334189, -0.6359006037921987, -0.6567142544184073, 0.1000766285849815, 0.5303795574352759, 0.42420974025716357, 0.11393763887333609, -0.44971495116001853, -0.0860176613068986], [0.0195754230878242, -0.0987616597245498, -0.6690692115189436, 0.25241579605875025, -0.1446044365942291, -0.634096909918471, 0.24425870534685368, -0.45694613200890327, 0.786173326281011, 0.5000112760621853, -0.0372289514000492], [-0.5402251884350963, -0.16340929195112144, 0.5372426916655209, -0.1689769888698446, 0.4494164234210282, -0.13666917917908467, 0.562661307823472, 0.46766678085438995, 0.26242283204872363, 0.38737409549817325, -0.06398166885768528]], "inverted": true, "swapped": false, "error_lsq": 0.048632369903303684, "error_max": 0.2534625444345641, "target": "1010.xyz", "model": "7.xyz", "model_rescale": 3.964800864290218, "target_rescale": 3.9003291610590667},
{"mapping": [7, 1, 6, 12, 11, 2, 5, 3, 8, 9, 13], "R": [[-0.28226254609015744, -0.8374084601962831, -0.46805440481464544], [0.29026812402517466, -0.5395742882764384, 0.7903189252484599], [-0.9143698766088084, 0.08721615803660032, 0.39537459519767737]], "T": [-0.0040100564432786374, -0.15061234407293878, 0.17827962407348885], "aligned_model": [[0.03153239561742559, 0.5812443110852535, -0.22153451300798993, -0.5658139092990605, -0.7587056494322956, -0.01669054086496659, 0.523513238993584, 0.3974678390966529, 0.143330725561519, -0.37370201357367294, 0.005919275361278512], [0.12599333504434318, -0.04579553944924086, -0.5789703896268295, 0.17664408350205762, -0.13837391022852774, -0.569179107344823, 0.34079799283591417, -0.4883011879668889, 0.5981274973111841, 0.41559292059133623, -0.07480846899704688], [-0.47676174663777593, -0.2795529369459848, 0.5033924026350465, -0.20636904525453537, 0.5209428802794502, -0.3347991201296029, 0.6017247521821266, 0.6790235105112585, 0.08480810279789461, 0.30710579334111543, 0.19400722123948255]], "inverted": false, "swapped": false, "error_lsq": 0.04115157272762459, "error_max": 0.20224400975732362, "target": "1010.xyz", "model": "8.xyz", "model_rescale": 4.121658175737393, "target_rescale": 3.9003291610590667},
{"mapping": [9, 4, 10, 7, 11, 5, 1, 0, 6, 8, 12], "R": [[0.6510189580456219, 0.44932170455862763, 0.6117878080492634], [-0.6894316161949744, 0.6872282423137176, 0.22891349797944183], [-0.31758205688605645, -0.5708128842089393, 0.7571752032159359]], "T": [-0.09869565859267067, -0.016161392027873298, 0.25248409824254575], "aligned_model": [[0.07269743967711216, 0.6942784968150522, -0.3221606698164053, -0.5987542152536918, -0.7026662340483466, -0.014123058684821235, 0.5277145734495582, 0.48556838427208154, 0.07066053197275853, -0.4494796983009413, -0.01717439054462798], [0.22560425976111964, -0.113285078047808, -0.7214117472516212, 0.04070397843759781, -0.09698775487171314, -0.5197310163026102, 0.19110572535318276, -0.4735747697504416, 0.6195674906817602, 0.6000256950828947, 0.009710442579117087], [-0.5255670520782254, -0.1346681924494178, 0.42326511536950456, -0.19686952627285326, 0.4305815929095955, -0.09534202948279291, 0.4514370548902897, 0.5136981354190424, 0.03488511272124273, 0.41926949595827123, 0.272832107033819]], "inverted": true, "swapped": false, "error_lsq": 0.04059548681769016, "error_max": 0.2093283535990888, "target": "1010.xyz", "model": "9.xyz", "model_rescale": 3.833441315466971, "target_rescale": 3.9003291610590667},
{"mapping": [13, 0, 4, 2, 3, 5, 11, 6, 8, 9, 14], "R": [[-0.8227047046916807, 0.4990100856789497, 0.2722974536584244], [-0.4936548421990335, -0.3896130328899565, -0.7775002131033385], [-0.2818898111880275, -0.7740740397358491, 0.5668752202693299]], "T": [0.1881074742928546, -0.0406631534382364, 0.23010850174691744], "aligned_model": [[0.020065178772323528, 0.5617710106224394, -0.24214182135048887, -0.4147537007441531, -0.627897283083671, -0.06471973830453634, 0.44423432097930426, 0.31744271843625893, 0.08637828653187224, -0.43520198081344985, 0.10138416849182907], [0.03634251045885212, -0.13954807790233614, -0.6842394864137087, 0.08404653197224957, -0.11258124576261849, -0.45081213150259175, 0.42976889494667136, -0.5970231942553199, 0.726731566801261, 0.4763017381302124, -0.007259880801193275], [-0.5454677073122657, -0.3306234262142649, 0.42143969973221607, -0.1409119194234687, 0.5187014221086811, -0.24454022924265256, 0.6525180273289126, 0.5974849675817536, 0.13891706529165498, 0.2763983558557641, 0.24960555831214545]], "inverted": true, "swapped": false, "error_lsq": 0.04501527301673687, "error_max": 0.20935396976952492, "target": "1010.xyz", "model": "10.xyz", "model_rescale": 4.2482417240324, "target_rescale": 3.9003291610590667},
{"mapping": [0, 4, 2, 1, 3, 6, 9, 5, 10, 8, 11], "R": [[0.4277623538753156, -0.9024705663038504, 0.05065812434602557], [0.2954809006253484, 0.1925805607718779, 0.9357370169969885], [-0.8542308856349567, -0.38530456079314335, 0.3490415297057366]], "T": [-0.07803042199371736, -0.04976396636611277, 0.1785247160555694], "aligned_model": [[-0.05802190122089506, 0.7487647244668794, -0.4905786716629502, -0.6620538559987069, -0.7056391770969324, 0.1315989900369065, 0.4895892509987101, 0.48109398577072116, 0.15999514681857352, -0.3910591083867405, 0.04287177581216249], [0.22972531763811835, -0.16043515974785366, -0.6560626336139642, 0.017392331552198034, -0.004223067042608802, -0.5545425104767338, 0.3936398192383027, -0.47009530860207394, 0.5357605512475381, 0.45556455146123753, -0.02499666598268229], [-0.5252684887689287, -0.08605278294407681, 0.27834031690538164, -0.21333394971708974, 0.6904865344154396, -0.17038253402707537, 0.5791640699420161, 0.4521807587400155, 0.053996685478597095, 0.3318673373983842, 0.20252386659581212]], "inverted": true, "swapped": false, "error_lsq": 0.03810195159056358, "error_max": 0.20817073049918555, "target": "1010.xyz", "model": "11.xyz", "model_rescale": 3.6694154284099745, "target_rescale": 3.9003291610590667},
{"mapping": [5, 0, 11, 7, 9, 6, 2, 4, 12, 10, 13], "R": [[0.12094098867309763, 0.008404024066170135, -0.99262412303866], [-0.8504833550492323, 0.5165536326235505, -0.09924921867508785], [0.511909503763092, 0.8562135930963192, 0.06961998961588312]], "T": [0.03059359287870563, -0.01748944350462235, 0.21841263759784352], "aligned_model": [[-0.009973625880914567, 0.6157152041453202, -0.28053579805188594, -0.5982728166088527, -0.7056803976350391, -0.008126830374024518, 0.21380497683140479, 0.5030127074838614, 0.21068905825602632, -0.34182749222562014, 0.14775617359745258], [0.09260602422327484, -0.1424566875913919, -0.6485509494145587, 0.12434838391559476, -0.0911668495946871, -0.44034547966326537, 0.3694785103107696, -0.5502726716459748, 0.603272123072853, 0.48095273137166505, -0.03613790931280113], [-0.5758191177636294, -0.17242460776085655, 0.4419937789423602, -0.15114708450466502, 0.5301152484545613, -0.155149050696071, 0.7113659466468671, 0.42000842554305906, 0.00867661046541765, 0.3464232659954706, 0.18947839869596142]], "inverted": false, "swapped": false, "error_lsq": 0.046857993306332224, "error_max": 0.29554532944998013, "target": "1010.xyz", "model": "12.xyz", "model_rescale": 3.9764082729961374, "target_rescale": 3.9003291610590667},
{"mapping": [7, 8, 14, 4, 6, 3, 12, 11, 9, 5, 15], "R": [[-0.6418295063883671, -0.7305543978195723, 0.2331204764831857], [0.35578905648025794, -0.5529903593440536, -0.7534028203832414], [0.67931511982154, -0.40061444594399853, 0.6148487892830482]], "T": [0.07957004145981415, 0.09259741141149358, 0.18803691404000022], "aligned_model": [[-0.05407114277064699, 0.6047335480352016, -0.18413681030797496, -0.5374013277407148, -0.5745626568263574, 0.08903272757948946, 0.348960617665474, 0.4322247363489591, 0.1023272414988561, -0.49303252427287325, 0.01248675032831556], [0.033446221036143864, -0.26956614164887527, -0.6225794176711599, 0.169765441692888, -0.11537341026289266, -0.6340989387617555, 0.3773436634219189, -0.5909105513812196, 0.6934131622665869, 0.6894743002564846, 0.030812896723359053], [-0.5533636993112765, -0.11641946845949913, 0.42843000680489585, -0.17148380367810623, 0.5234729825600161, -0.23654089924031063, 0.6915861413910768, 0.38551154461570214, 0.18674467240791276, 0.3247416583387482, 0.13084267858931692]], "inverted": false, "swapped": false, "error_lsq": 0.04470266898688234, "error_max": 0.2256898755392649, "target": "1010.xyz", "model": "13.xyz", "model_rescale": 4.170626492500431, "target_rescale": 3.9003291610590667},
{"mapping": [2, 4, 11, 3, 9, 6, 8, 12, 0, 1, 13], "R": [[-0.6503121061646018, -0.6998377439343795, 0.29550177112937515], [-0.5429597733883953, 0.7002508273032083, 0.46351209622101], [-0.5313086194085149, 0.14098195283797962, -0.8353653332023107]], "T": [0.01733847195846101, 0.0215420008008005, 0.17570883460856596], "aligned_model": [[0.11234035518502192, 0.6872203744196291, -0.3725650125337094, -0.5660353463330238, -0.6129693188202389, -0.09856023803201651, 0.616315331876891, 0.4718811759554621, 0.04487594751995043, -0.5288388477819863, -0.007103261918251381], [0.20079712591860682, -0.03704684505808074, -0.5499272869823502, -0.066183477622539, -0.03244347320146622, -0.6254774507120279, 0.22051806051931144, -0.4183906806538635, 0.6005012203462324, 0.5464485560364285, -0.07706852291877393], [-0.4502100175909431, -0.049876436384358125, 0.32082181484337435, -0.1812965336946198, 0.6817761186176232, -0.3490983541919202, 0.5671057453603967, 0.5438885288033661, 0.034619089868109826, 0.3060081575813043, 0.16978370080614238]], "inverted": true, "swapped": false, "error_lsq": 0.041889545749862755, "error_max": 0.18841845360177692, "target": "1010.xyz", "model": "14.xyz", "model_rescale": 3.9786697098870705, "target_rescale": 3.9003291610590667},
{"mapping": [1, 10, 2, 0, 3, 4, 7, 5, 6, 9, 11], "R": [[-0.3453376783045945, 0.7945050748650856, 0.49950332727301944], [-0.48067312807594254, -0.6068764852470203, 0.6329725709696365], [0.806036743510419, -0.02150854871551905, 0.5914745560404702]], "T": [0.0009490550878559594, 0.0035802189793331628, 0.17197025853819028], "aligned_model": [[0.0930876791545496, 0.6959706773248839, -0.44398384002244595, -0.5935072784865252, -0.8003815079749882, 0.1323861389188818, 0.566401599040705, 0.3730902226639183, 0.1216302523072907, -0.3815909019163718, -0.01654188147217026], [0.23478067791970317, -0.08298189761065101, -0.7212928885573321, -0.10274466785248507, -0.022696209113482736, -0.5247721573694597, 0.23288572914989902, -0.563208188772217, 0.7757973938883537, 0.4339463150218151, 0.10201311896733478], [-0.4594795915949781, -0.27722116289743637, 0.3464440763044564, -0.17317068657300408, 0.6217792294699914, -0.10817754083158346, 0.42605372697595445, 0.6019951880056981, 0.043625511013677315, 0.4083226918270846, 0.16335037231861563]], "inverted": false, "swapped": false, "error_lsq": 0.04852001565990649, "error_max": 0.2122971525817818, "target": "1010.xyz", "model": "15.xyz", "model_rescale": 3.769337070930944, "target_rescale": 3.9003291610590667},
{"mapping": [0, 2, 9, 1, 7, 3, 6, 8, 4, 5, 10], "R": [[-0.1863216614167592, -0.968130780557433, 0.16735301080098477], [-0.6504192001449223, 0.2492101100132451, 0.7175299193413653], [-0.736368863118029, 0.024841755260895326, -0.6761240896653659]], "T": [-0.07808152304290775, -0.02026668588818354, 0.16711322254858468], "aligned_model": [[-0.030004375441511834, 0.6023867615203061, -0.17829644259516436, -0.8080750788232135, -0.6146712588146759, 0.10064589011235198, 0.422958399048207, 0.34637049025884104, 0.30546363490324724, -0.3711142564124824, -0.02910260421817705], [0.22041254929075446, -0.1624861230015198, -0.8251066598147138, -0.012584912601137262, 0.033618874888415355, -0.5488637361530674, 0.3018215646523861, -0.43529252930694645, 0.6457557885229508, 0.5729383692972828, -0.02848596010292688], [-0.4305758339465526, -0.08440696279696464, 0.22160422346951641, -0.16179230382457072, 0.6364790753621374, -0.2428686172379937, 0.587500050165835, 0.6243743617735014, 0.035432928150323284, 0.27797575542028835, 0.1297991374829555]], "inverted": true, "swapped": false, "error_lsq": 0.0509720439190589, "error_max": 0.30274162708474506, "target": "1010.xyz", "model": "16.xyz", "model_rescale": 3.7852294659196426, "target_rescale": 3.9003291610590667},
{"mapping": [9, 8, 7, 10, 5, 11, 3, 2, 0, 4, 12], "R": [[-0.7378663216023632, 0.6674311622643221, 0.1004436911084739], [0.3069478899677264, 0.19928775507414231, 0.9306274139105668], [0.6011125387890015, 0.7175096057308259, -0.35191430973269083]], "T": [-0.026721740787067124, -0.042991561321650475, 0.23418710226107867], "aligned_model": [[0.10860889213078789, 0.49776038542740764, -0.2843648605738309, -0.6079084222126688, -0.5674459949809645, 0.08603768935058982, 0.5589610798381424, 0.33369288145606224, 0.11658450047532654, -0.44518973476829843, -0.05017525660482584], [0.17003798035256132, -0.06082361208530091, -0.6678163264333689, 0.08598514456002171, -0.04104437669531159, -0.6286628416631816, 0.3118374105886411, -0.45452089893665687, 0.6060894480341148, 0.4905221383971867, -0.049876840447227386], [-0.5925932916041663, -0.15156726064305745, 0.4203081405830552, -0.308806568008243, 0.6081155713014386, -0.1926694740399267, 0.6386217761951273, 0.5077413480438219, 0.0795768818755328, 0.4392099188333739, 0.14558477148151938]], "inverted": true, "swapped": false, "error_lsq": 0.03349571806289691, "error_max": 0.1869341490185648, "target": "1010.xyz", "model": "17.xyz", "model_rescale": 3.901054581598922, "target_rescale": 3.9003291610590667},
{"mapping": [2, 0, 4, 5, 10, 8, 7, 1, 12, 9, 14], "R": [[0.4987943768581633, -0.08730485659675354, -0.8623120268379059], [0.5149599393360743, 0.8301169388273952, 0.21382733396556597], [0.697151655304399, -0.5507120208298121, 0.4590161648786255]], "T": [-0.02122709755198078, 0.03598786388847026, 0.18970943907336818], "aligned_model": [[0.08625521948006214, 0.6710122178167014, -0.2616548772768634, -0.48748342247904675, -0.7072187797819545, -0.16360366647316749, 0.536683005891283, 0.46327082196943353, 0.18424309886047857, -0.5428875126981039, -0.032054945771094696], [0.02230105315280164, -0.08307746670409533, -0.6693356714231409, 0.06109688557403278, -0.11383419462125172, -0.5063350841675501, 0.21107870696049447, -0.42038352307718435, 0.7344314833793939, 0.438398994486136, 0.08738604211184209], [-0.630045600389896, -0.0968785854640617, 0.454826702151241, -0.22509246966274238, 0.613292383517619, -0.16530180690896762, 0.5023698570119022, 0.3962826042577701, 0.33780944871501073, 0.20090383834161488, 0.20535544244898546]], "inverted": false, "swapped": false, "error_lsq": 0.044897141231626934, "error_max": 0.20952808633105882, "target": "1010.xyz", "model": "18.xyz", "model_rescale": 3.9405287249114394, "target_rescale": 3.9003291610590667},
{"mapping": [5, 9, 14, 2, 3, 11, 4, 13, 0, 1, 15], "R": [[-0.5760144028985466, 0.8165169106026788, -0.03882708272956348], [-0.5147277214494375, -0.3991963016528757, -0.7587474451476836], [-0.6350297476692739, -0.41706408074362356, 0.6502267082553399]], "T": [0.04680001304463005, 0.027937892140394993, 0.22703189683134314], "aligned_model": [[0.05212681674700827, 0.5606955700387608, -0.21785642312574033, -0.5648581892835618, -0.7098772784906686, 0.05036151220791041, 0.49002046877150535, 0.39433726765933996, 0.11522604456754744, -0.4406323147431381, 0.01701768518876474], [0.107247016746505, -0.2446914765071329, -0.6400385357365411, 0.1098105752078298, -0.06880128250633283, -0.5853295734006638, 0.41658304178665106, -0.5230620609926375, 0.7082186063548244, 0.46063826064562174, 0.021152654073354496], [-0.6005817392787662, -0.27356218104920615, 0.5160014880871583, -0.3849292051228831, 0.6058585107821579, -0.15125837971878534, 0.6596698562128318, 0.391186560713407, 0.2992142079184915, 0.3304704820028231, 0.20145221347124712]], "inverted": false, "swapped": false, "error_lsq": 0.03882454226122286, "error_max": 0.2067622640846049, "target": "1010.xyz", "model": "19.xyz", "model_rescale": 4.410303926677745, "target_rescale": 3.9003291610590667},
{"mapping": [7, 1, 6, 12, 11, 2, 5, 3, 8, 9, 13], "R": [[-0.28226254609015744, -0.8374084601962831, -0.46805440481464544], [0.29026812402517466, -0.5395742882764384, 0.7903189252484599], [-0.9143698766088084, 0.08721615803660032, 0.39537459519767737]], "T": [-0.0040100564432786374, -0.15061234407293878, 0.17827962407348885], "aligned_model": [[0.03153239561742559, 0.5812443110852535, -0.22153451300798993, -0.5658139092990605, -0.7587056494322956, -0.01669054086496659, 0.523513238993584, 0.3974678390966529, 0.143330725561519, -0.37370201357367294, 0.005919275361278512], [0.12599333504434318, -0.04579553944924086, -0.5789703896268295, 0.17664408350205762, -0.13837391022852774, -0.569179107344823, 0.34079799283591417, -0.4883011879668889, 0.5981274973111841, 0.41559292059133623, -0.07480846899704688], [-0.47676174663777593, -0.2795529369459848, 0.5033924026350465, -0.20636904525453537, 0.5209428802794502, -0.3347991201296029, 0.6017247521821266, 0.6790235105112585, 0.08480810279789461, 0.30710579334111543, 0.19400722123948255]], "inverted": false, "swapped": false, "error_lsq": 0.04115157272762459, "error_max": 0.20224400975732362, "target": "1010.xyz", "model": "20.xyz", "model_rescale": 4.121658175737393, "target_rescale": 3.9003291610590667},
{"mapping": [2, 10, 8, 1, 5, 6, 11, 9, 3, 3, 12], "R": [[0.4114142656639974, 0.537731589670106, -0.7359232565145732], [0.9113795130955975, -0.25263706538526354, 0.32490290288508306], [-0.011210937417780564, -0.804375068400546, -0.5940160471046483]], "T": [-0.029357337348091816, -0.05711090357322117, 0.16848376656454173], "aligned_model": [[-0.007081034883606729, 0.6418453576041911, -0.24451683016829479, -0.5790808540254919, -0.5875493174346353, -0.03236189500592587, 0.6294162966742542, 0.404810165846637, -0.19543716546138792, -0.19543716546138792, -0.08804639814662381], [0.23096825561815243, -0.33225557170340675, -0.6670166139655774, 0.03448655839794153, -0.14010901716094393, -0.5355918656042419, 0.3598765790538689, -0.42770918058050267, 0.615469833948769, 0.615469833948769, 0.0081384137186504], [-0.5334605322207822, -0.11866670889269232, 0.35669779299891496, -0.24599038964512582, 0.5498452178082243, -0.27159736649987304, 0.5767823602313492, 0.612125932537898, 0.22038121502025654, 0.22038121502025654, 0.2270230776600497]], "inverted": false, "swapped": false, "error_lsq": 0.050963169544329084, "error_max": 0.3236608511460315, "target": "1010.xyz", "model": "21.xyz", "model_rescale": 4.08911054899281, "target_rescale": 3.9003291610590667},
{"mapping": [0, 13, 15, 1, 11, 2, 10, 14, 6, 8, 16], "R": [[0.9547519072768995, 0.014087851293177245, -0.2970695676050721], [-0.28530734596189145, 0.32536453738003823, -0.9015196260512889], [0.08395542800382094, 0.9454837123194749, 0.3146617800866197]], "T": [0.1001371627100924, -0.04851745434705318, 0.20778739256149356], "aligned_model": [[0.10847805811472591, 0.6790333746845076, -0.30958398095684225, -0.607555771123092, -0.5756946370140056, -0.18432669305351437, 0.5129843105270115, 0.3607144466986715, 0.06625098953213662, -0.42681941768089326, 0.12308047980902243], [0.2914525065515375, -0.15828517482445026, -0.6236035055770035, -0.050960631677563234, -0.06465052968828339, -0.5679864709938185, 0.48619240509765, -0.581315025300281, 0.6757261234927912, 0.3977305557526946, -0.04257302716179508], [-0.4882228468242028, -0.09147869193707983, 0.3892030368901333, -0.15160532238018617, 0.5667917555157178, -0.20511221373693525, 0.6491240078190514, 0.45283598652305723, 0.03490854545617564, 0.2705687108395239, 0.1665088458532203]], "inverted": false, "swapped": false, "error_lsq": 0.03869576874316723, "error_max": 0.19169596709731254, "target": "1010.xyz", "model": "22.xyz", "model_rescale": 4.204369325754507, "target_rescale": 3.9003291610590667},
{"mapping": [5, 9, 14, 2, 3, 11, 4, 13, 0, 1, 15], "R": [[-0.5760144028985466, 0.8165169106026788, -0.03882708272956348], [-0.5147277214494375, -0.3991963016528757, -0.7587474451476836], [-0.6350297476692739, -0.41706408074362356, 0.6502267082553399]], "T": [0.04680001304463005, 0.027937892140394993, 0.22703189683134314], "aligned_model": [[0.05212681674700827, 0.5606955700387608, -0.21785642312574033, -0.5648581892835618, -0.7098772784906686, 0.05036151220791041, 0.49002046877150535, 0.39433726765933996, 0.11522604456754744, -0.4406323147431381, 0.01701768518876474], [0.107247016746505, -0.2446914765071329, -0.6400385357365411, 0.1098105752078298, -0.06880128250633283, -0.5853295734006638, 0.41658304178665106, -0.5230620609926375, 0.7082186063548244, 0.46063826064562174, 0.021152654073354496], [-0.6005817392787662, -0.27356218104920615, 0.5160014880871583, -0.3849292051228831, 0.6058585107821579, -0.15125837971878534, 0.6596698562128318, 0.391186560713407, 0.2992142079184915, 0.3304704820028231, 0.20145221347124712]], "inverted": false, "swapped": false, "error_lsq": 0.03882454226122286, "error_max": 0.2067622640846049, "target": "1010.xyz", "model": "23.xyz", "model_rescale": 4.410303926677745, "target_rescale": 3.9003291610590667},
{"mapping": [3, 1, 9, 4, 15, 10, 7, 11, 0, 5, 16], "R": [[0.637233601654315, 0.3487319327353282, -0.6872549570671371], [-0.7701033042057024, 0.3223520507592298, -0.5504816583890682], [0.029567512139669627, 0.8800427230890564, 0.4739731719874755]], "T": [-0.06413011406444899, -0.0017148160622932895, 0.33750118915046834], "aligned_model": [[0.08008058897267586, 0.6532034108950688, -0.2936619607167469, -0.4717001107425566, -0.6778333636378486, -0.044142994592826904, 0.5486676035087231, 0.32964337162083424, 0.1870454528193747, -0.5421402301224898, -0.022600608466480133], [0.19265106005211596, -0.07305249985999224, -0.5805834160779486, 0.0702250418359838, -0.19438041828203437, -0.47872246503179516, 0.22321397543606225, -0.4740092333631579, 0.64489149806293, 0.405113601247163, 0.026380081652151676], [-0.5289145101335864, -0.12798661778959475, 0.4056646611621353, -0.21258582909712986, 0.6466330024908351, -0.10504616894291202, 0.4632664179480094, 0.487840511912218, 0.03884265466643505, 0.29751367555442476, 0.22829401624764106]], "inverted": false, "swapped": false, "error_lsq": 0.039764447268862996, "error_max": 0.19933917365752835, "target": "1010.xyz", "model": "24.xyz", "model_rescale": 4.28219845311461, "target_rescale": 3.9003291610590667},
{"mapping": [6, 0, 13, 14, 12, 2, 1, 4, 8, 11, 15], "R": [[0.1998437394452132, 0.23295824401596982, 0.9517315463667], [0.878809712001559, 0.3869329958282399, -0.2792424516994517], [-0.43330816966252916, 0.8921957819247855, -0.12739983053100884]], "T": [-0.03396690224273238, 0.0050881118028507505, 0.3580501145263144], "aligned_model": [[0.15785594570732064, 0.5819447147886678, -0.3336745382954689, -0.5685973135686246, -0.7833722255187946, -0.04433201081684068, 0.5172536765399216, 0.5127584316676631, 0.15431651847859712, -0.4695831848380232, 0.021991145393310027], [0.22688937980975243, -0.17722475765792373, -0.5029369261169769, -0.016962963160902206, -0.09120108403150011, -0.4532090853063324, 0.32288415775685675, -0.47255354070751276, 0.6131271756362615, 0.3297874241681371, -0.016872554718381443], [-0.4941267024992857, -0.14491019173109887, 0.42877741247585177, -0.18400956694158388, 0.4744114158429419, -0.15051282949736589, 0.42903564508844055, 0.4452191117297229, 0.08095102166802226, 0.3939093132898736, 0.3147771845929569]], "inverted": true, "swapped": false, "error_lsq": 0.043348307157933245, "error_max": 0.19777176742163263, "target": "1010.xyz", "model": "25.xyz", "model_rescale": 4.100010024507729, "target_rescale": 3.9003291610590667},
{"mapping": [0, 4, 2, 1, 3, 6, 9, 5, 10, 8, 11], "R": [[0.4277623538753156, -0.9024705663038504, 0.05065812434602557], [0.2954809006253484, 0.1925805607718779, 0.9357370169969885], [-0.8542308856349567, -0.38530456079314335, 0.3490415297057366]], "T": [-0.07803042199371736, -0.04976396636611277, 0.1785247160555694], "aligned_model": [[-0.05802190122089506, 0.7487647244668794, -0.4905786716629502, -0.6620538559987069, -0.7056391770969324, 0.1315989900369065, 0.4895892509987101, 0.48109398577072116, 0.15999514681857352, -0.3910591083867405, 0.04287177581216249], [0.22972531763811835, -0.16043515974785366, -0.6560626336139642, 0.017392331552198034, -0.004223067042608802, -0.5545425104767338, 0.3936398192383027, -0.47009530860207394, 0.5357605512475381, 0.45556455146123753, -0.02499666598268229], [-0.5252684887689287, -0.08605278294407681, 0.27834031690538164, -0.21333394971708974, 0.6904865344154396, -0.17038253402707537, 0.5791640699420161, 0.4521807587400155, 0.053996685478597095, 0.3318673373983842, 0.20252386659581212]], "inverted": true, "swapped": false, "error_lsq": 0.03810195159056358, "error_max": 0.20817073049918555, "target": "1010.xyz", "model": "26.xyz", "model_rescale": 3.6694154284099745, "target_rescale": 3.9003291610590667},
{"mapping": [3, 7, 10, 12, 2, 9, 5, 8, 1, 6, 13], "R": [[0.03447790396163242, 0.769185704094405, -0.6380945280718266], [0.06586516444651958, -0.6388348657154167, -0.7665192720726588], [-0.9972326981456463, -0.015600223176613637, -0.07268823003756841]], "T": [-0.027417207274984808, -0.10729655897042699, 0.2673725899414535], "aligned_model": [[0.053567836845547195, 0.47322340924489265, -0.2045856887100088, -0.6301051636788713, -0.6257107697800814, -0.023271587066685386, 0.5849809435470164, 0.4044938851324879, 0.15673975944723867, -0.3660382770684912, -0.07673318837531624], [0.12743100082899672, 0.015742838801052386, -0.6489841026454589, -0.03608422285877509, 0.02490710230329614, -0.5662412393609373, 0.28572308170452426, -0.5542511056525051, 0.7557198701442697, 0.45337291483520403, -0.09560891242818859], [-0.5015068646110441, -0.09366591826102677, 0.4599255803258014, -0.24392853830752426, 0.5618155406366019, -0.2368259122823172, 0.5779890200198962, 0.4158368411457449, 0.2979586714416551, 0.062004763739758495, 0.2939186301709304]], "inverted": false, "swapped": false, "error_lsq": 0.0509318871382689, "error_max": 0.2698273256655812, "target": "1010.xyz", "model": "27.xyz", "model_rescale": 4.103607728864725, "target_rescale": 3.9003291610590667},
{"mapping": [9, 7, 13, 10, 12, 11, 1, 8, 0, 3, 14], "R": [[-0.08477006942765077, -0.9963812153962028, -0.0062055567692970715], [0.6235280965447323, -0.057904248008597156, 0.7796536480270339], [-0.77719157750746, 0.06222195487241278, 0.6261802297927659]], "T": [-0.08330898687558082, -0.0750023695320645, 0.06429372280109875], "aligned_model": [[-0.06328294218002181, 0.6155415886806579, -0.2545936065791872, -0.468824931102165, -0.7439110283682195, 0.006220056678629793, 0.5614863666166083, 0.4689448699670346, 0.11423027213012536, -0.4791154800398407, -0.010134006265893586], [0.4248528077593709, -0.24317083412295282, -0.5782080033268457, -0.043501125766428436, -0.03951677955469367, -0.7106242333617487, 0.3583177938316799, -0.5558511026223967, 0.6006002752384, 0.521690091460744, 0.027138336136349486], [-0.5836782560080086, 0.00591148127817908, 0.43485842986841317, -0.2676104873169042, 0.6116869386929764, -0.18071776680956048, 0.5107614374369607, 0.4331841540872712, 0.18358768120753644, 0.28974034515363095, 0.15579785642798122]], "inverted": true, "swapped": false, "error_lsq": 0.03960848671357674, "error_max": 0.2513282718796564, "target": "1010.xyz", "model": "28.xyz", "model_rescale": 4.137296879288765, "target_rescale": 3.9003291610590667},
{"mapping": [6, 0, 8, 4, 3, 9, 1, 7, 5, 2, 10], "R": [[-0.5109876560073088, 0.7481933159352364, -0.42320016233218966], [-0.44628571793953686, 0.18985738845904573, 0.8745188562922489], [0.734656840553022, 0.6357365287895186, 0.2368932092553628]], "T": [-0.03135175958084932, -0.04748282468916212, 0.1507975059373571], "aligned_model": [[-0.04390751598489655, 0.6337204215096233, -0.34480122057041673, -0.663609024446009, -0.6003654069098905, 0.146536452844137, 0.5080306125341479, 0.3172287186371948, 0.0851528640980038, -0.21712674065976031, -0.0742980015144058], [0.14897953839548053, -0.014764376237039106, -0.6602256117067669, 0.08021130147064734, -0.07996876429529395, -0.6698691848007682, 0.29688458456783273, -0.4315589804985488, 0.5988657729314416, 0.56950576375799, -0.07633281791349698], [-0.5401386096546029, -0.06629427059420437, 0.3621020026690528, -0.2776589375288704, 0.5263462482382949, -0.2871353871822908, 0.5475804566586127, 0.6457615262740214, 0.002951943112462635, 0.5945675073990052, 0.08543933462699457]], "inverted": true, "swapped": false, "error_lsq": 0.05260521736865427, "error_max": 0.36920562070040547, "target": "1010.xyz", "model": "29.xyz", "model_rescale": 3.607286011436655, "target_rescale": 3.9003291610590667},
{"mapping": [11, 13, 0, 8, 3, 1, 7, 2, 5, 4, 14], "R": [[-0.9080024944912354, -0.36723048115346346, -0.20167608611208726], [0.3829304106600455, -0.9227354696396913, -0.04385833627199436], [-0.1699875601019768, -0.11705138521441857, 0.9784698271433631]], "T": [-0.013439044264624129, 0.06852426309001099, 0.040485380776568825], "aligned_model": [[0.05663455151482012, 0.6694496031830928, -0.3197790896334189, -0.6359006037921987, -0.6567142544184073, 0.1000766285849815, 0.5303795574352759, 0.42420974025716357, 0.11393763887333609, -0.44971495116001853, -0.0860176613068986], [0.0195754230878242, -0.0987616597245498, -0.6690692115189436, 0.25241579605875025, -0.1446044365942291, -0.634096909918471, 0.24425870534685368, -0.45694613200890327, 0.786173326281011, 0.5000112760621853, -0.0372289514000492], [-0.5402251884350963, -0.16340929195112144, 0.5372426916655209, -0.1689769888698446, 0.4494164234210282, -0.13666917917908467, 0.562661307823472, 0.46766678085438995, 0.26242283204872363, 0.38737409549817325, -0.06398166885768528]], "inverted": true, "swapped": false, "error_lsq": 0.048632369903303684, "error_max": 0.2534625444345641, "target": "1010.xyz", "model": "30.xyz", "model_rescale": 3.964800864290218, "target_rescale": 3.9003291610590667},
