[{"mapping": [8, 7, 4, 14, 12, 9, 3, 1, 0, 10, 5, 15], "R": [[-0.6343643011013282, 0.6798233955611219, 0.367997397186407], [-0.7656722596355126, -0.48701866657840204, -0.42018901607353315], [-0.10643272200254968, -0.548318310155645, 0.8294691714796797]], "T": [-0.018015230865281437, -0.1166236460621997, -0.021125256977984605], "aligned_model": [[-0.26857429754243045, 0.07860539230406612, 0.3926901951971239, -0.14862497554123727, -0.12345213859720665, -0.4879572172069803, 0.44463992196576857, -0.210486767030293, 0.5792829382801868, 0.20711088320757803, -0.6477320414244809, 0.02214056884845389], [-0.27828794987668953, -0.8046321997334458, -0.44427466851265307, 0.7456312459598337, 0.4463734724015737, -0.5836651291500956, -0.1701300552341991, -0.5099811976592292, 0.1491668398504637, 0.48357626198847287, 0.10398371317808021, -0.08420529723505471], [-0.6576553879134468, 0.001902112780780743, -0.616479607972037, -0.03055044983535725, -0.5751394791619002, -0.04754789741932379, 0.6325032947711225, 0.5886535763658298, 0.059105904022213204, 0.39058152970008353, 0.39776808740587166, 0.03881006260972612]], "inverted": true, "swapped": true, "error_lsq": 0.038674926183372337, "error_max": 0.1888909541960599, "target": "1011.xyz", "model": "0.xyz", "model_rescale": 3.751011558992144, "target_rescale": 4.238244400198842},
{"mapping": [3, 0, 1, 2, 4, 9, 13, 10, 7, 11, 8, 12, 14, 5, 15], "R": [[0.8933436898126739, 0.2914309117060204, 0.3420600467375211], [-0.2929991294166504, 0.9548898702363011, -0.04834093380547789], [-0.34071771605386536, -0.05703822772753656, 0.9384338434566071]], "T": [-0.06183012357584336, -0.029490116821097936, 0.014443495749320934], "aligned_model": [[-0.020281682911157034, 0.33855261178375373, -0.5075638435196363, 0.08922665748246683, -0.26268660534547006, -0.6280022548704974, 0.605477633243591, 0.5629278139925038, -0.7061857113093728, 0.14654427563868092, -0.26103946784845217, 0.47448493493045873, 0.7428452130106139, -0.012835282651885431, -0.02237808053656326], [-0.07132609268210885, -0.4163214477209369, 0.3658150884192402, 0.5483551565856789, -0.7543698693510755, 0.2375592510158393, -0.31099725391640487, 0.13804257051297686, -0.24782394378565847, 0.3775429444609058, -0.19930437924402078, -0.11425176700465378, 0.26226704734685974, 0.7568167088848318, -0.02324666369436737], [-0.7859729509378576, -0.3375535370817586, -0.44235068858453763, -0.4945694966533003, 0.2687798102242396, 0.23308733001586573, 0.0734047939052885, -0.38809158741527794, -0.12823723547962615, 0.4461433989992656, 0.6667965857572553, 0.5977067947577309, 0.18179521616709346, 0.012550394586300742, -0.05382242340870557]], "inverted": false, "swapped": true, "error_lsq": 0.04564112489364335, "error_max": 0.31477485766785374, "target": "1011.xyz", "model": "1.xyz", "model_rescale": 3.9405287249114394, "target_rescale": 4.238244400198842},
{"mapping": [8, 6, 7, 10, 0, 9, 11, 14, 3, 1, 2, 5, 15], "R": [[-0.9743624096586856, -0.005852688467128067, -0.22490807162444607], [0.21221593906343061, 0.30806799420651104, -0.9273933934167332], [0.07471472312433827, -0.9513463391338005, -0.29892783939467665]], "T": [-0.06620556055784456, 0.050803884158416725, -0.10381910136778863], "aligned_model": [[-0.2849948454365747, 0.3025429409585017, -0.5969635368578311, 0.5268343594261896, 0.4689496892665056, -0.7077090597329074, -0.039141115305830546, 0.5923675459307863, 0.0824463544537032, -0.5487964071389009, -0.029141087894217113, -0.24811124343119723, -0.02230031495429617], [0.7166428780377465, 0.6212693131233961, -0.05015126712827852, -0.3584224930247145, -0.16493170853310732, 0.16537840100728968, 0.3605245701279019, 0.16119224215781355, -0.7045814972055366, -0.5141042495358512, -0.5921790810172872, -0.16682658697603614, -0.0149779274613187], [-0.15744263782968204, -0.3751226406075042, -0.5412269231166268, 0.14369170765125636, -0.42148832728231134, 0.01872604955468779, 0.44280803130714286, 0.4571863462962753, -0.33061977092207573, 0.0038403455400940756, 0.3445297236523607, 0.6311841659671859, -0.10294572062215858]], "inverted": true, "swapped": true, "error_lsq": 0.05209532526285712, "error_max": 0.3045354429908231, "target": "1011.xyz", "model": "2.xyz", "model_rescale": 3.932901565614263, "target_rescale": 4.238244400198842},
{"mapping": [8, 11, 6, 9, 4, 0, 13, 7, 1, 3, 14, 5, 10, 15], "R": [[-0.5009955110257657, -0.6923093049822816, -0.5193373895330304], [0.7875290505638893, -0.6135274636332301, 0.05815535990529884], [-0.3588892481671348, -0.3798577070466336, 0.8525881948205141]], "T": [-0.03230087393425274, -0.0530040895878258, 0.004538892891758069], "aligned_model": [[-0.09929274376290759, 0.4587887544143695, 0.07405266144432054, -0.3092669264244831, -0.4825046228264111, 0.012005189576794681, 0.3981743564076001, -0.7115141159575238, -0.33414423245481806, -0.2402646979035436, 0.8222470311378196, 0.3923391208135152, 0.4547331075755745, -0.015542969987603145], [0.03295512820724248, 0.24420466124578985, -0.5523085889828001, 0.5132540389475897, -0.4921205103838532, -0.6509569302975411, -0.6365666259167776, 0.09351921235387842, 0.4320156514467973, -0.2529921087906678, -0.22226794232614677, 0.5642795734940543, -0.3279412451416458, -0.08157767550543107], [-0.689873738663562, -0.25228506441549686, -0.5192891474183777, -0.20116213047750708, -0.48020258070856364, 0.2771853626745055, -0.04202490723954211, -0.016000541199219013, 0.491624223147151, 0.7534706988798815, 0.046118510179051886, 0.2481046059421465, 0.5218701565990871, 0.07636091575754204]], "inverted": true, "swapped": true, "error_lsq": 0.04763031565989993, "error_max": 0.3046726173651643, "target": "1011.xyz", "model": "3.xyz", "model_rescale": 3.9243930471874484, "target_rescale": 4.238244400198842},
{"mapping": [10, 11, 2, 3, 1, 13, 0, 5, 9, 8, 7, 4, 15], "R": [[0.3514650326086986, -0.41108630863741547, 0.8411185277380532], [0.9049780358004493, -0.0809118876561496, -0.41769369297929226], [0.2397646462098345, 0.9079985205311638, 0.34358638090164545]], "T": [-0.06594260886174219, -0.020516286407503193, -0.05672949480201607], "aligned_model": [[0.0017908790927924911, -0.24729386222364727, 0.5238567580173863, 0.4463176839439674, 0.6773795592930826, -0.579311742795288, -0.22234942739235505, 0.3333625188143079, 0.19854934154969878, -0.5130982734111824, 0.22638081787078368, -0.5340823052524962, -0.034296061195697655], [-0.6476726950418228, 0.2772005601077511, -0.2854196053140278, -0.6175247284715575, 0.07522917329951267, -0.49861760189899507, -0.6470958940836931, 0.20008208037838188, 0.5811285168693039, 0.5065023995191702, 0.2235429598586095, 0.051799998648350165, -0.09132561018939564], [-0.4839427773398804, -0.580119418181998, -0.5014546638651229, 0.10237211563640157, -0.013018597975536825, -0.24618558384864436, 0.07281442370881776, -0.6990489464800156, 0.03124159270506638, 0.0712897106170733, 0.5248233170730623, 0.5805275352387452, -0.07222839191700425]], "inverted": true, "swapped": true, "error_lsq": 0.039046875944816935, "error_max": 0.2844508392901398, "target": "1011.xyz", "model": "4.xyz", "model_rescale": 3.8936222436046832, "target_rescale": 4.238244400198842},
{"mapping": [4, 0, 12, 8, 14, 10, 3, 5, 9, 7, 11, 15], "R": [[-0.9873629635191659, -0.1537743636436983, 0.038312182874721976], [-0.1118998522857515, 0.8476889970470163, 0.5185574098823108], [-0.11221765159313167, 0.507717253371795, -0.8541840488439967]], "T": [-0.018395510854572375, -0.09899238351112614, 0.012254434025686954], "aligned_model": [[0.16015370517017008, -0.5728009071319107, -0.2980760341892962, 0.388393354549734, -0.6488719612648568, -0.7191414042050881, -0.3673113448349214, 0.046673370566585146, 0.619834328757509, 0.4853133629831773, 0.01296770220370655, -0.07958613038971135], [-0.6353426801201034, -0.45288642281323155, 0.28362439194009165, 0.008391997950894445, 0.48023137911347513, 0.04884554337671869, -0.5010231343460007, 0.5585476600810508, 0.039697854580505856, -0.5544468272448059, 0.5068955282869146, -0.11361238569570195], [-0.5453560747901804, -0.022964736700850176, -0.6283684373293397, -0.5508416627568786, -0.15396986254281414, 0.27210692176489226, 0.6128974445620481, 0.4413111134566333, 0.12670557236182714, 0.1607811811279858, -0.15320491715850992, 0.06018817728070477]], "inverted": false, "swapped": true, "error_lsq": 0.04487504280451061, "error_max": 0.2218543424633232, "target": "1011.xyz", "model": "5.xyz", "model_rescale": 3.6523030999806103, "target_rescale": 4.238244400198842},
{"mapping": [7, 4, 8, 9, 11, 3, 13, 1, 0, 10, 14, 5, 15], "R": [[0.8311982456594236, -0.5021053284204846, -0.2387461320827084], [-0.3159202703292194, -0.07318862907479955, -0.9459586710682791], [0.45749738710489896, 0.8617039304458979, -0.21945951117753268]], "T": [0.08760480534654477, -0.04395274520883396, 0.10426075863092868], "aligned_model": [[0.19553542115004113, -0.20303470740023052, 0.38151725789014856, 0.6735684144180031, 0.47658784127273235, -0.34662747735490684, -0.4278190947131678, 0.3795719833775182, -0.5620955545195064, -0.307331464307127, -0.03877333016612858, 0.6209098756681077, 0.039073739348810387], [-0.5438185820763886, 0.07701115283980381, 0.34889780217709154, -0.2476367630393283, 0.3938398638709429, -0.6360821518847696, 0.4395407347365883, -0.7049557685109863, -0.03951583567128552, 0.02406199948655644, 0.5705741039147054, -0.06848345844965112, -0.07260619323009582], [0.5751181699662684, 0.8332171028358984, 0.6076191977864143, 0.33842062518366023, -0.12484716110864019, -0.21972705029824965, -0.06483863026423872, -0.0992972217194294, -0.003981934819192526, -0.5436771338205201, -0.5015581557744243, -0.4751065242718273, 0.04876845578607015]], "inverted": true, "swapped": true, "error_lsq": 0.05402903758161851, "error_max": 0.38213271321991216, "target": "1011.xyz", "model": "6.xyz", "model_rescale": 4.08911054899281, "target_rescale": 4.238244400198842},
{"mapping": [12, 6, 8, 14, 5, 1, 11, 9, 10, 13, 3, 0, 7, 4, 15], "R": [[-0.6331067006132206, -0.6713241631459796, 0.3853566836256919], [-0.652596825326951, 0.19518198288902627, -0.7321348080297049], [0.4162851056809825, -0.7150020010684289, -0.561675038840356]], "T": [0.04280749805402417, 0.05738894830885035, -0.013721326023073646], "aligned_model": [[0.10451255240572838, 0.37352794689074653, 0.6503233129022555, -0.4989792959698529, -0.3620385297985793, -0.14530210979547742, -0.015579402835327771, 0.407140506769527, -0.6776752343240758, -0.2074229535357579, -0.45626945086561144, -0.24247554019568718, 0.46406040715145325, 0.6695226428442825, -0.027011311844069075], [-0.6716297580531575, -0.5842429307524555, -0.16846256838989968, -0.5266210023853903, 0.3449717946618347, 0.7841360557589818, -0.14174759980898263, 0.5032933598691036, -0.16703332605966648, -0.6051186936570092, 0.3887187515167272, -0.24578500904556042, 0.5354862210049308, -0.20702131439864765, 0.061814835908304486], [-0.3295356185026084, 0.10436504030360703, -0.285753360395549, -0.36872933409061615, -0.6253407359802765, -0.021408879199868072, -0.6073510209498652, -0.3425101456186134, 0.09098516933710475, 0.14903828401955377, 0.5204001681039979, 0.4967156085053138, 0.2641105636547717, 0.395908119968002, 0.023176172927126364]], "inverted": false, "swapped": true, "error_lsq": 0.05324831371404588, "error_max": 0.3151188761997414, "target": "1011.xyz", "model": "7.xyz", "model_rescale": 3.964800864290218, "target_rescale": 4.238244400198842},
{"mapping": [9, 7, 1, 8, 5, 4, 11, 3, 0, 13, 6, 14, 10, 15], "R": [[0.3976755749304795, 0.24705541038017054, -0.8836389315244085], [0.08383775999010414, 0.9492537699235599, 0.3031311766970718], [0.9136877842586902, -0.19463017363141616, 0.35678246650956724]], "T": [0.008865726817099769, -0.047102702918971354, -0.002138516461074255], "aligned_model": [[-0.23263032368141465, 0.03258493000127413, 0.46435067332200786, -0.6821027578767345, 0.1443098997935084, -0.38270110354479697, -0.3216614855523204, 0.7907438011923522, 0.3407492206416451, -0.011066087537548145, -0.4640910410777548, -0.007059058775291642, 0.5081314802731887, 0.08162974228275732], [-0.02913678953196874, -0.5585602483318431, 0.0006391365653373587, -0.15343496640365673, 0.6567160108621565, -0.7158495634445806, 0.4878396940344927, -0.2259613679897468, -0.2713224091302519, 0.024442602749413275, -0.27428511465445854, 0.6059881196211617, 0.3013753367838336, -0.03750197494868616], [-0.6194133798156457, -0.47231949560100933, -0.5969997284226107, -0.07522615914295379, -0.32921128597747457, 0.17087592413553476, 0.004861734649251201, 0.02648428328992565, 0.5207626160056645, 0.7207074818266438, 0.5074808718271314, 0.575659040818579, 0.4558144705683547, 0.027338664563630807]], "inverted": false, "swapped": true, "error_lsq": 0.04788425886017995, "error_max": 0.2781297354057021, "target": "1011.xyz", "model": "8.xyz", "model_rescale": 4.121658175737393, "target_rescale": 4.238244400198842},
{"mapping": [0, 10, 13, 6, 3, 7, 5, 9, 11, 1, 4, 8, 15], "R": [[0.23370106361270807, -0.510102419488607, -0.8277556007047965], [-0.052984166091478546, 0.8433840359869951, -0.5346924779589459], [0.9708637860224677, 0.1688161410356146, 0.17007239492628975]], "T": [-0.02147977119212604, -0.028717657267603173, -0.01942166090949095], "aligned_model": [[-0.4228310990133498, -0.12879776242436997, 0.030996195986320203, 0.13734193121201324, -0.695986204161452, -0.3957936382457987, 0.3932627161761307, 0.1708160115677795, 0.5919956227563814, -0.29500708104243906, -0.229570109935707, 0.3862510942781091, -0.0659401807184205], [0.10538617816605733, -0.39436809716191745, 0.23061251504910435, 0.632914999979859, -0.4196233860825965, 0.09029160805763578, -0.6962611472035837, -0.1297421388086521, -0.1470096048064567, -0.5994270353788235, 0.7234334264258881, 0.4651035698763964, -0.07092344870120147], [-0.5241790258283003, -0.6791236994248593, -0.6961908090110364, -0.2878052802454291, -0.21014867259859069, 0.5541177869077558, 0.035867222571691185, 0.607066774292415, -0.0909448449676228, 0.3844091176701359, 0.12703004095077042, 0.27037471169643307, -0.06939788805427335]], "inverted": true, "swapped": true, "error_lsq": 0.0432842554442828, "error_max": 0.2683297593847535, "target": "1011.xyz", "model": "9.xyz", "model_rescale": 3.833441315466971, "target_rescale": 4.238244400198842},
{"mapping": [12, 6, 10, 3, 0, 13, 4, 1, 5, 2, 11, 9, 8, 14, 15], "R": [[0.8896553015308997, -0.11710530687796962, -0.4413612936801107], [0.4305011868375145, -0.10718376728995375, 0.8962033073812129], [-0.1522569295285302, -0.9873185844146507, -0.04494263321162431]], "T": [0.012780441593361634, 0.11610449661500136, -0.045619729689954897], "aligned_model": [[0.07052647249328806, -0.03344122772780481, -0.5953379817339861, -0.5960413338559518, -0.6172975277294981, -0.4510085780887118, 0.06143002767855135, 0.09873160967439168, 0.2576802095421422, -0.23812071957336803, 0.3354520094758746, 0.6071080058474931, 0.5381826374253407, -0.25642698254252133, -0.05759160259070737], [-0.6694046031036421, -0.5172279311879487, 0.03132132348836067, 0.6379762025926871, -0.006693343281360703, -0.4420708514665349, -0.12653077328143647, 0.8376601877543541, 0.2988234964454106, 0.5300288413175895, -0.21315686099889494, 0.4091585119462823, -0.25554173317760376, -0.4528255410258444, 0.13958461327356003], [0.07543936937799026, -0.40861486271122616, 0.40541017156139336, -0.012019459394547828, -0.19316351150547828, -0.008709416177125215, -0.8001011982055846, 0.14299485754069904, 0.6805485518953268, 0.5720636695726782, 0.3820841718039635, -0.06939921340133433, -0.328316410085288, 0.5580997528023315, -0.01819456525170554]], "inverted": true, "swapped": true, "error_lsq": 0.042501013240622214, "error_max": 0.32127489392458575, "target": "1011.xyz", "model": "10.xyz", "model_rescale": 4.2482417240324, "target_rescale": 4.238244400198842},
{"mapping": [4, 7, 3, 1, 13, 10, 0, 5, 9, 11, 8, 15], "R": [[-0.2059907731287292, 0.7610535138414541, -0.615114095477745], [0.654948862895859, 0.5742658192507413, 0.49118301663605646], [0.7270555607223219, -0.3016891080398011, -0.6167445935822216]], "T": [-0.05259409101579926, 0.06214704800183049, -0.06843110005008152], "aligned_model": [[-0.7500148343777344, -0.0411542985866338, 0.34666506552785237, 0.5986948101017932, -0.4301876627280533, 0.1979783219818657, -0.2439184492075484, 0.5822552452753963, 0.14291811629973808, 0.006266431546186058, -0.5160103247731193, -0.016726818696735632], [-0.31176669982374505, -0.6328591195873599, -0.07764187764645183, -0.31027033539123194, 0.5948089783478769, 0.6104235060052073, 0.22980924131240757, 0.36847463272394454, -0.325314424538382, 0.4778892434531159, -0.04396352062795725, 0.08654176582321486], [-0.003057109251017126, -0.07598971543941505, 0.6136203584978712, -0.041343445039425886, 0.2504994688655125, 0.3974342952114265, 0.5391305045287955, -0.420300725721092, -0.5697493198139272, -0.536570476193234, -0.5861875506384913, -0.0022939951526469438]], "inverted": false, "swapped": true, "error_lsq": 0.042814101718248565, "error_max": 0.19911645333450867, "target": "1011.xyz", "model": "11.xyz", "model_rescale": 3.6694154284099745, "target_rescale": 4.238244400198842},
{"mapping": [0, 3, 1, 2, 10, 4, 13, 8, 5, 11, 9, 14, 7, 15], "R": [[0.6700464599620406, 0.7375835026037991, 0.08371569852213712], [-0.6093702115342479, 0.6109355471409639, -0.5053965794643621], [-0.42391707536621326, 0.28762533602984786, 0.8588166156326237]], "T": [-0.06497011775242462, 0.00714659055025995, 0.010227512634125503], "aligned_model": [[0.14479586125371374, 0.10246224205939897, -0.1535284896381537, 0.4510771788437676, 0.6228187045949467, -0.6482056636481801, 0.34384581181720003, -0.4434399926256017, 0.3729074020114859, 0.23283527402146348, -0.44914449270857604, 0.72763452630683, -0.6902889204240403, -0.015504591608444612], [-0.4067997878719948, 0.1931748649287073, 0.6960643724958604, 0.533555500283641, -0.07662161762156619, -0.5312446519109711, -0.5918116974286898, -0.2156596250564447, 0.5996132817902051, 0.0847014413099062, 0.4565036331350586, -0.2477737629417041, 0.22591953353174513, 0.011365803492500774], [-0.45720521440191925, -0.7523358591225174, -0.27465033086089863, -0.25885683281539434, -0.3065588478867464, -0.01103538468045797, -0.03604181001779241, 0.5590478336055383, 0.289385173961036, 0.5586414105658563, 0.3104935135168575, 0.26989023631983217, -0.2003345184849646, -0.05134391004601369]], "inverted": false, "swapped": true, "error_lsq": 0.043636005915801045, "error_max": 0.26352481908429065, "target": "1011.xyz", "model": "12.xyz", "model_rescale": 3.9764082729961374, "target_rescale": 4.238244400198842},
{"mapping": [2, 5, 9, 0, 3, 12, 3, 4, 14, 6, 1, 13, 11, 8, 10, 15], "R": [[-0.83408129624924, -0.5354546455910787, -0.13265260556099223], [0.5162184249895441, -0.842400386295146, 0.15453196067837666], [-0.19449146240517218, 0.060414498961102306, 0.9790419599622769]], "T": [0.04963976988579229, 0.11535162929329248, -0.0280159386069933], "aligned_model": [[0.7523051267730636, -0.4632005416661354, 0.1302333942147652, 0.20486959481282224, 0.17008442164918297, 0.10080869380540781, 0.17008442164918297, -0.33934588085216544, -0.3617881053593102, -0.7023084492666914, 0.5939961129513064, -0.2671389132236846, 0.21197682228000897, 0.6160437918618782, 0.5784210475150812, 0.00822871780353178], [-0.10367270529236416, 0.3572956148379133, 0.44190708204116524, -0.0776178623751961, -0.601521126814965, 0.7477440957372208, -0.601521126814965, -0.32258094367519086, -0.16204428630342163, 0.057788250123328284, 0.43515828578920634, 0.4296092174045447, 0.018534874132051585, -0.14803516956962118, 0.4758467119568355, 0.01614828963230816], [-0.3355045579019413, -0.6454961638294893, -0.5263785882064334, -0.7104926123773061, 0.39628346597066794, 0.04035835888951975, 0.39628346597066794, -0.44367077958974843, 0.5985514153595458, 0.09412798793532348, -0.0967360410970246, 0.3907608282137356, 0.7432284429540112, 0.30284160584773073, 0.4583795329615725, -0.022315329988820267]], "inverted": false, "swapped": false, "error_lsq": 0.04560002113419555, "error_max": 0.3368418565155805, "target": "1011.xyz", "model": "13.xyz", "model_rescale": 4.170626492500431, "target_rescale": 4.238244400198842},
{"mapping": [7, 9, 4, 8, 0, 14, 12, 1, 3, 5, 2, 11, 10, 15], "R": [[-0.1467869368978732, 0.022010310815506223, 0.988923223194776], [-0.9886709773303869, 0.028428482292477353, -0.14738222409478008], [-0.03135751490021901, -0.9993534748087642, 0.017588025668943963]], "T": [-0.02725423798796786, -0.003936492179030682, -0.03472502249456305], "aligned_model": [[0.2532622492783978, -0.1242478528540359, -0.22103743354349495, -0.6191739628907796, 0.23734628471005556, -0.3672972085556616, -0.7101413746866387, 0.5077171249285716, 0.7463954899882935, -0.04862233616684937, 0.4283161495620459, -0.5000387056468701, 0.2298033545657356, 0.03090124340287366], [-0.5013648487730898, -0.6574125715128943, -0.005060151161285248, -0.2617302013422441, 0.5611904614046103, 0.613200080683236, 0.40494135825622246, -0.45450074080181, 0.20568740737776012, -0.21295064358165214, 0.04888971444945417, -0.027989115450106256, 0.5991823149318902, 0.043991403445574756], [-0.43107979404690894, 0.02213116268585217, -0.8047430438864385, -0.3126804926647257, -0.24559183871481075, 0.47922484576493946, 0.003985663983063735, 0.23804444051125612, 0.00610302009995501, 0.7245766246224259, 0.6020500959088626, 0.3792277865850382, 0.35333846931825363, -0.01071383904589664]], "inverted": true, "swapped": true, "error_lsq": 0.04723622747259994, "error_max": 0.3024917088642568, "target": "1011.xyz", "model": "14.xyz", "model_rescale": 3.9786697098870705, "target_rescale": 4.238244400198842},
{"mapping": [9, 8, 5, 1, 11, 10, 4, 0, 2, 7, 12, 15], "R": [[0.1211515911270995, 0.63107836835477, -0.7661999640838242], [0.763277640608504, 0.434254561028917, 0.4783620172763493], [0.6346097504092478, -0.6427776203480206, -0.4290773770140398]], "T": [0.002652674257837169, -0.012111733284995856, 0.049012907708080145], "aligned_model": [[-0.027134262518566318, -0.6253991428571908, 0.4806816333043274, 0.5918247277024462, -0.08893747036599192, 0.4431871970999044, -0.6438509195679559, 0.06127902037329432, 0.761627731975856, -0.03500606659478749, -0.49688871511307625, 0.06197086332907727], [-0.48174812893502555, -0.12722782830565002, 0.16722503426341587, -0.45396703219397216, 0.3296137636581699, 0.5572671536117639, -0.2873315621577058, 0.25437649190192874, 0.1482255981464375, -0.6985290352862394, 0.5906850662551061, 0.01608496926621025], [-0.4181335015234823, -0.24490034530438826, -0.5509947093595104, -0.09674671458902462, -0.47088664012530396, 0.29833437168356935, 0.4188346103204185, 0.6485074463316871, -0.06958869197884887, 0.15213749864141823, -0.09967762347067119, 0.09308079324796643]], "inverted": false, "swapped": true, "error_lsq": 0.05610899928819226, "error_max": 0.35250128654792856, "target": "1011.xyz", "model": "15.xyz", "model_rescale": 3.769337070930944, "target_rescale": 4.238244400198842},
{"mapping": [11, 13, 9, 8, 5, 10, 1, 0, 7, 4, 15], "R": [[-0.12191563655664384, -0.39215710892649325, 0.911783625363717], [0.992125781896406, -0.02159723181861206, 0.12336933360531083], [-0.02868815887145204, 0.9196446930723778, 0.3917022185849586]], "T": [-0.0001730811122012182, 0.03755501486536554, -0.00031199482126011494], "aligned_model": [[-0.25980356110274233, -0.22133893597199872, -0.04878453396693182, -0.6473895559205074, 0.2982382667003881, 0.3787084833551451, 0.6107361636025885, 0.139911946372914, 0.1045917131201935, -0.4937363760378463, 0.0614925205399681], [0.0699501774642562, -0.6541302360959552, 0.6927431255002046, 0.3115793416156658, 0.24143126332782577, -0.5744234461776361, 0.47307448458512547, -0.532218837407842, 0.5309800901505927, 0.04901461586257433, -0.011936081199469581], [-0.5721539109053274, -0.026379665870431408, -0.08996041763904992, 0.01004675493042385, -0.7003603111755384, -0.25002242388776424, -0.02711437238924332, 0.29898830053760095, 0.4779950273660081, 0.6215761737465332, 0.0016024525105657224]], "inverted": true, "swapped": true, "error_lsq": 0.03565055397534015, "error_max": 0.17750850861846898, "target": "1011.xyz", "model": "16.xyz", "model_rescale": 3.7852294659196426, "target_rescale": 4.238244400198842},
{"mapping": [11, 10, 0, 14, 5, 2, 1, 3, 6, 8, 9, 7, 15], "R": [[0.035472801719255875, -0.9104290714421759, 0.4121414638338687], [-0.9342156324729822, -0.17667899163075462, -0.30988011546313476], [0.354940604018887, -0.3740366824113345, -0.856804369637218]], "T": [0.12985777118631292, 0.11250040712616038, 0.005309061633605615], "aligned_model": [[-0.07148060178688809, -0.2504836009834147, 0.29061538407284404, -0.13579695975926837, -0.5829113556750054, -0.6211632563414572, -0.37936019756089157, -0.17781939588847395, 0.7508462879388972, 0.57939521284447, 0.03533742275649922, 0.3251248389704683, 0.09146207162850363], [-0.029155096776399603, -0.5023226545641302, -0.34435020858195625, -0.6444897532415483, 0.15817640760299062, 0.012852930672873408, 0.5849650841046373, 0.03618254002945659, -0.21723640363187557, 0.31426667285609067, 0.714439954479271, 0.720180854024125, 0.07154529672933928], [-0.5733593991219819, 0.2456363769520854, 0.4517295240765774, -0.33677966883459715, -0.3271911296365756, 0.20989482405256238, 0.29005433470915143, 0.7426375867483486, -0.1963311404871253, -0.4959815358959134, -0.25623645724342264, 0.28065760657493616, 0.06102377524912857]], "inverted": false, "swapped": true, "error_lsq": 0.05491740164683135, "error_max": 0.432550652353537, "target": "1011.xyz", "model": "17.xyz", "model_rescale": 3.901054581598922, "target_rescale": 4.238244400198842},
{"mapping": [3, 0, 1, 2, 4, 9, 13, 10, 7, 11, 8, 12, 14, 5, 15], "R": [[0.8933436898126739, 0.2914309117060204, 0.3420600467375211], [-0.2929991294166504, 0.9548898702363011, -0.04834093380547789], [-0.34071771605386536, -0.05703822772753656, 0.9384338434566071]], "T": [-0.06183012357584336, -0.029490116821097936, 0.014443495749320934], "aligned_model": [[-0.020281682911157034, 0.33855261178375373, -0.5075638435196363, 0.08922665748246683, -0.26268660534547006, -0.6280022548704974, 0.605477633243591, 0.5629278139925038, -0.7061857113093728, 0.14654427563868092, -0.26103946784845217, 0.47448493493045873, 0.7428452130106139, -0.012835282651885431, -0.02237808053656326], [-0.07132609268210885, -0.4163214477209369, 0.3658150884192402, 0.5483551565856789, -0.7543698693510755, 0.2375592510158393, -0.31099725391640487, 0.13804257051297686, -0.24782394378565847, 0.3775429444609058, -0.19930437924402078, -0.11425176700465378, 0.26226704734685974, 0.7568167088848318, -0.02324666369436737], [-0.7859729509378576, -0.3375535370817586, -0.44235068858453763, -0.4945694966533003, 0.2687798102242396, 0.23308733001586573, 0.0734047939052885, -0.38809158741527794, -0.12823723547962615, 0.4461433989992656, 0.6667965857572553, 0.5977067947577309, 0.18179521616709346, 0.012550394586300742, -0.05382242340870557]], "inverted": false, "swapped": true, "error_lsq": 0.04564112489364335, "error_max": 0.31477485766785374, "target": "1011.xyz", "model": "18.xyz", "model_rescale": 3.9405287249114394, "target_rescale": 4.238244400198842},
{"mapping": [13, 3, 10, 14, 4, 2, 7, 12, 0, 1, 11, 6, 8, 9, 5, 15], "R": [[0.3175303456252579, 0.9272934366410717, 0.1982457110998766], [0.896772099165251, -0.22571128704982857, -0.3805971847729033], [-0.3081789768395207, 0.2986323781184843, -0.9032410647072271]], "T": [0.07142209578455289, -0.04235377494889479, 0.002111632319629124], "aligned_model": [[0.569796185779964, -0.46516403104624177, 0.1519861420051014, 0.24562302782689896, -0.14210386743765083, -0.04993501605290407, 0.45804276761672086, -0.2192775299337611, -0.38831109504683536, -0.5482420553143723, 0.6667503785416729, -0.2290106583484282, 0.102643542512982, 0.7790692582118577, 0.40045972355123555, 0.07094348208200416], [-0.35386832545367686, 0.21096219144275352, 0.5810368642518332, -0.014401255943784594, -0.6912989153476814, 0.8128514778831621, -0.4559935192564682, -0.3655193607136179, -0.19774172607529966, 0.1815034746333002, 0.27936211074560746, 0.3996092362038658, 0.0443003176713639, -0.010536639783935875, 0.5456435706196782, -0.0028703000682502103], [-0.3233292941432493, -0.6088997788158399, -0.46990275555430777, -0.7519517960688803, 0.2627682961494798, 0.09814136702703818, 0.4205039924106702, -0.3313502005697864, 0.4891170079046217, 0.039843523761513615, -0.24546931715160342, 0.5243111273491404, 0.7529701043583353, 0.2974639818532224, 0.4892009504912083, -0.0031961778895514947]], "inverted": false, "swapped": false, "error_lsq": 0.03964072848620437, "error_max": 0.24512835798750762, "target": "1011.xyz", "model": "19.xyz", "model_rescale": 4.410303926677745, "target_rescale": 4.238244400198842},
{"mapping": [9, 7, 1, 8, 5, 4, 11, 3, 0, 13, 6, 14, 10, 15], "R": [[0.3976755749304795, 0.24705541038017054, -0.8836389315244085], [0.08383775999010414, 0.9492537699235599, 0.3031311766970718], [0.9136877842586902, -0.19463017363141616, 0.35678246650956724]], "T": [0.008865726817099769, -0.047102702918971354, -0.002138516461074255], "aligned_model": [[-0.23263032368141465, 0.03258493000127413, 0.46435067332200786, -0.6821027578767345, 0.1443098997935084, -0.38270110354479697, -0.3216614855523204, 0.7907438011923522, 0.3407492206416451, -0.011066087537548145, -0.4640910410777548, -0.007059058775291642, 0.5081314802731887, 0.08162974228275732], [-0.02913678953196874, -0.5585602483318431, 0.0006391365653373587, -0.15343496640365673, 0.6567160108621565, -0.7158495634445806, 0.4878396940344927, -0.2259613679897468, -0.2713224091302519, 0.024442602749413275, -0.27428511465445854, 0.6059881196211617, 0.3013753367838336, -0.03750197494868616], [-0.6194133798156457, -0.47231949560100933, -0.5969997284226107, -0.07522615914295379, -0.32921128597747457, 0.17087592413553476, 0.004861734649251201, 0.02648428328992565, 0.5207626160056645, 0.7207074818266438, 0.5074808718271314, 0.575659040818579, 0.4558144705683547, 0.027338664563630807]], "inverted": false, "swapped": true, "error_lsq": 0.04788425886017995, "error_max": 0.2781297354057021, "target": "1011.xyz", "model": "20.xyz", "model_rescale": 4.121658175737393, "target_rescale": 4.238244400198842},
{"mapping": [7, 4, 8, 9, 11, 3, 13, 1, 0, 10, 14, 5, 15], "R": [[0.8311982456594236, -0.5021053284204846, -0.2387461320827084], [-0.3159202703292194, -0.07318862907479955, -0.9459586710682791], [0.45749738710489896, 0.8617039304458979, -0.21945951117753268]], "T": [0.08760480534654477, -0.04395274520883396, 0.10426075863092868], "aligned_model": [[0.19553542115004113, -0.20303470740023052, 0.38151725789014856, 0.6735684144180031, 0.47658784127273235, -0.34662747735490684, -0.4278190947131678, 0.3795719833775182, -0.5620955545195064, -0.307331464307127, -0.03877333016612858, 0.6209098756681077, 0.039073739348810387], [-0.5438185820763886, 0.07701115283980381, 0.34889780217709154, -0.2476367630393283, 0.3938398638709429, -0.6360821518847696, 0.4395407347365883, -0.7049557685109863, -0.03951583567128552, 0.02406199948655644, 0.5705741039147054, -0.06848345844965112, -0.07260619323009582], [0.5751181699662684, 0.8332171028358984, 0.6076191977864143, 0.33842062518366023, -0.12484716110864019, -0.21972705029824965, -0.06483863026423872, -0.0992972217194294, -0.003981934819192526, -0.5436771338205201, -0.5015581557744243, -0.4751065242718273, 0.04876845578607015]], "inverted": true, "swapped": true, "error_lsq": 0.05402903758161851, "error_max": 0.38213271321991216, "target": "1011.xyz", "model": "21.xyz", "model_rescale": 4.08911054899281, "target_rescale": 4.238244400198842},
{"mapping": [0, 14, 12, 13, 1, 9, 8, 2, 11, 15, 7, 5, 8, 6, 10, 16], "R": [[-0.13780759535598625, 0.11809068386071306, 0.9833939480429552], [-0.6499852937744045, -0.7599467666159421, 0.00017258903814393323], [0.7473474322824707, -0.6391678201343403, 0.18148364434712577]], "T": [0.05390499290224308, 0.0430273138917563, -0.055663490858622065], "aligned_model": [[0.6174257999900209, -0.3674033350301902, 0.14666538829471398, 0.33199937072445285, -0.09957085303709912, -0.19341586713538153, 0.16672487259039614, -0.31721218759114134, -0.3913942304743893, -0.6584436831321753, 0.7053015728372478, 0.03450561592772238, 0.16672487259039614, 0.6961754416701529, 0.47988709523123, 0.08530038149228772], [-0.4686776892261463, 0.3639513555568401, 0.6665908052622838, 0.1703582401689296, -0.6817356234826722, 0.6926270274520516, -0.2134713404316111, -0.487940107084587, -0.10712454211815334, -0.11104044452330294, 0.2699810506347144, 0.44617245434528047, -0.2134713404316111, -0.06712593902758326, 0.6779744248048297, 0.025970868909587982], [-0.19947478367848814, -0.4180578040634356, -0.4397645027168514, -0.6414794331692709, 0.22922636608197308, 0.10054219372151887, 0.5785621260455878, -0.3744102015516491, 0.5485351950513979, -0.03751115042704408, -0.22878392592283062, 0.5229786384837519, 0.5785621260455878, 0.3061638990141248, 0.20224506668349326, -0.08711277848585375]], "inverted": true, "swapped": false, "error_lsq": 0.046235116864400176, "error_max": 0.3300553328965273, "target": "1011.xyz", "model": "22.xyz", "model_rescale": 4.204369325754507, "target_rescale": 4.238244400198842},
{"mapping": [13, 3, 10, 14, 4, 2, 7, 12, 0, 1, 11, 6, 8, 9, 5, 15], "R": [[0.3175303456252579, 0.9272934366410717, 0.1982457110998766], [0.896772099165251, -0.22571128704982857, -0.3805971847729033], [-0.3081789768395207, 0.2986323781184843, -0.9032410647072271]], "T": [0.07142209578455289, -0.04235377494889479, 0.002111632319629124], "aligned_model": [[0.569796185779964, -0.46516403104624177, 0.1519861420051014, 0.24562302782689896, -0.14210386743765083, -0.04993501605290407, 0.45804276761672086, -0.2192775299337611, -0.38831109504683536, -0.5482420553143723, 0.6667503785416729, -0.2290106583484282, 0.102643542512982, 0.7790692582118577, 0.40045972355123555, 0.07094348208200416], [-0.35386832545367686, 0.21096219144275352, 0.5810368642518332, -0.014401255943784594, -0.6912989153476814, 0.8128514778831621, -0.4559935192564682, -0.3655193607136179, -0.19774172607529966, 0.1815034746333002, 0.27936211074560746, 0.3996092362038658, 0.0443003176713639, -0.010536639783935875, 0.5456435706196782, -0.0028703000682502103], [-0.3233292941432493, -0.6088997788158399, -0.46990275555430777, -0.7519517960688803, 0.2627682961494798, 0.09814136702703818, 0.4205039924106702, -0.3313502005697864, 0.4891170079046217, 0.039843523761513615, -0.24546931715160342, 0.5243111273491404, 0.7529701043583353, 0.2974639818532224, 0.4892009504912083, -0.0031961778895514947]], "inverted": false, "swapped": false, "error_lsq": 0.03964072848620437, "error_max": 0.24512835798750762, "target": "1011.xyz", "model": "23.xyz", "model_rescale": 4.410303926677745, "target_rescale": 4.238244400198842},
{"mapping": [12, 3, 4, 2, 7, 8, 13, 1, 11, 10, 5, 9, 14, 6, 15, 16], "R": [[-0.8458867694603549, 0.4862497409925238, 0.21917290579957224], [-0.23359636270832115, -0.7071669349587444, 0.6673437385864182], [0.4794875520609134, 0.5132992455534672, 0.71176932494515]], "T": [0.07549513743914585, 0.01176868008044371, 0.09571551524127322], "aligned_model": [[0.7168464307788891, -0.3049699170729161, 0.05814588075182227, 0.24914309310270033, -0.024833059081490944, -0.13859439352509578, 0.46105640341402765, -0.582529810093466, -0.3778181506724737, -0.4871282702588795, 0.5835352402068645, -0.1685640187384774, 0.20525793810533258, 0.7769783577375247, 0.4188779325390508, 0.017866597754831966], [-0.3789432361289442, 0.07899069497234892, 0.5021344269455306, 0.13379130036058326, -0.6444212221823975, 0.8019098506037694, -0.4604861096196762, -0.42560205793859307, -0.17539916963379323, 0.3313491862540805, 0.26354578001286766, 0.42695708114694864, 0.016556666789676405, -0.025378331345966343, 0.5192320070750261, -0.0011976665026105712], [-0.19096994279091326, -0.7166751097926863, -0.38711448650364033, -0.7918940942223789, 0.05993896099834381, 0.02122208848432003, 0.44572201177280746, -0.2390162512818997, 0.4959613715165675, 0.024251206249450513, -0.1765078844827708, 0.49630720703491205, 0.7600111427755625, 0.3863002377262996, 0.46161634691526054, -0.008931773287223471]], "inverted": false, "swapped": false, "error_lsq": 0.04207005736273069, "error_max": 0.30734110452813734, "target": "1011.xyz", "model": "24.xyz", "model_rescale": 4.28219845311461, "target_rescale": 4.238244400198842},
{"mapping": [12, 4, 3, 7, 14, 1, 10, 2, 6, 0, 9, 8, 10, 11, 5, 15], "R": [[-0.1364731655280464, 0.5401446111855321, -0.830432943769685], [0.30406945744524694, 0.8206511175199005, 0.4838114388501905], [0.9428238648547816, -0.18648201607814296, -0.27623833466722825]], "T": [0.11569848526238338, 0.04467777516985584, -0.09337878513105932], "aligned_model": [[0.678493780586895, -0.3594393100938539, 0.10781031279056244, 0.31097712781499165, 0.12784422166146572, -0.11771524238742317, 0.20253634412370639, -0.35318741633429684, -0.49704178800834453, -0.6942368527883855, 0.7102220403350281, 0.0013599792484176032, 0.20253634412370639, 0.5444643154618837, 0.4966986116773777, 0.04194778673651346], [-0.4698032689786076, 0.26635766369754066, 0.7481005779178588, 0.16301623834918633, -0.6381649705220894, 0.6185135587377829, -0.20093230757255182, -0.4427899147403896, -0.1780758077542427, 0.13048765079529367, 0.2829226405444795, 0.3029217292942962, -0.20093230757255182, -0.10033297994490013, 0.6303979522821872, 0.05135274627555757], [-0.14806526431491907, -0.6030361950370466, -0.4176926488017685, -0.8372929371979424, 0.24384946196256455, 0.06820068165935986, 0.6561808805070583, -0.19968629646189817, 0.5288167900441519, -0.04652171034464267, -0.30937603156091764, 0.5408000722345044, 0.6561808805070583, 0.2092906963218549, 0.3935005209699486, -0.09492786937535422]], "inverted": true, "swapped": false, "error_lsq": 0.04518659112782568, "error_max": 0.2753222282570845, "target": "1011.xyz", "model": "25.xyz", "model_rescale": 4.100010024507729, "target_rescale": 4.238244400198842},
{"mapping": [4, 7, 3, 1, 13, 10, 0, 5, 9, 11, 8, 15], "R": [[-0.2059907731287292, 0.7610535138414541, -0.615114095477745], [0.654948862895859, 0.5742658192507413, 0.49118301663605646], [0.7270555607223219, -0.3016891080398011, -0.6167445935822216]], "T": [-0.05259409101579926, 0.06214704800183049, -0.06843110005008152], "aligned_model": [[-0.7500148343777344, -0.0411542985866338, 0.34666506552785237, 0.5986948101017932, -0.4301876627280533, 0.1979783219818657, -0.2439184492075484, 0.5822552452753963, 0.14291811629973808, 0.006266431546186058, -0.5160103247731193, -0.016726818696735632], [-0.31176669982374505, -0.6328591195873599, -0.07764187764645183, -0.31027033539123194, 0.5948089783478769, 0.6104235060052073, 0.22980924131240757, 0.36847463272394454, -0.325314424538382, 0.4778892434531159, -0.04396352062795725, 0.08654176582321486], [-0.003057109251017126, -0.07598971543941505, 0.6136203584978712, -0.041343445039425886, 0.2504994688655125, 0.3974342952114265, 0.5391305045287955, -0.420300725721092, -0.5697493198139272, -0.536570476193234, -0.5861875506384913, -0.0022939951526469438]], "inverted": false, "swapped": true, "error_lsq": 0.042814101718248565, "error_max": 0.19911645333450867, "target": "1011.xyz", "model": "26.xyz", "model_rescale": 3.6694154284099745, "target_rescale": 4.238244400198842},
