[{"mapping": [3, 0, 1, 12, 10, 2, 9, 7, 8, 13, 5, 14], "R": [[0.4852082464100217, 0.6779083655520747, -0.552280006455264], [0.09011686254735507, -0.6670170571957376, -0.7395723064681096], [-0.8697424381392074, 0.30907684048542505, -0.3847331516456754]], "T": [-0.06539752520525684, -0.07010584431715243, -0.029004917188451274], "aligned_model": [[-0.13264636814655845, 0.26293069520747053, 0.3878409323998026, 0.025963712889281884, -0.4384115541165091, -0.4500315629410413, 0.29815440866234966, -0.3904467114071241, 0.591770367499011, 0.26205026516900004, -0.5006634385930206, -0.07886828416211317], [-0.3865198201398819, -0.744697334027659, -0.30550842504615366, 0.730682379599204, 0.3412198902012196, -0.6653132234251837, -0.25148893382482507, -0.395899437227125, 0.10497888801366319, 0.42735422993389693, 0.22706606846820626, -0.028319246548304325], [-0.5884887607572156, -0.003329588657659713, -0.4836504974517834, 0.03317762093846366, -0.5248217990554438, -0.10270216485433672, 0.5044948188179759, 0.5808857377822183, -0.0060161422061632275, 0.490219384469512, 0.3444479844857448, -0.062264848157749825]], "inverted": true, "swapped": true, "error_lsq": 0.0506477468427513, "error_max": 0.36752956901294837, "target": "1012.xyz", "model": "0.xyz", "model_rescale": 3.751011558992144, "target_rescale": 4.283690984159486},
{"mapping": [0, 1, 3, 7, 12, 9, 13, 2, 4, 8, 11, 6, 10, 5, 14], "R": [[0.6226549702960339, -0.7817331688138245, -0.03455489461627509], [-0.4694751950898326, -0.3378816741090155, -0.815738325381769], [0.6260142403819653, 0.5241461886512061, -0.5773880356929865]], "T": [-0.003872757930799672, -0.00470682540176013, -0.007507879210383643], "aligned_model": [[-0.08346821250223328, -0.5303684120744347, 0.28405051063719516, -0.43843918563623857, 0.020920960189615513, 0.33486852812173595, 0.6437498014423744, 0.6433667538163091, -0.36740278768830664, 0.17357054160645732, -0.34367032946220843, -0.725446346431543, -0.13336155357226967, 0.5471350988413634, 0.004525615450138591], [-0.5806901497341408, -0.4577683092877805, -0.12618298103687106, 0.00024253136041210016, 0.455768387489931, 0.5415902907212897, 0.19678500960739903, -0.4905610219417147, -0.23946166289191276, -0.4945805995992095, 0.7129789187030218, 0.19966584154057318, 0.45147728347099936, 0.031434810909605836, 0.04456905066779721], [-0.4947576018394188, -0.06428082543214816, -0.7044652843235021, -0.5083117805292717, -0.5900222171724018, 0.13741769953059352, -0.2672929044065256, -0.17710981353304373, 0.654542008373087, 0.4035344701196465, -0.08622110565167784, -0.04341212206800021, 0.6615081585227552, 0.28433141028934206, -0.029983817577879296]], "inverted": true, "swapped": false, "error_lsq": 0.05706862263115881, "error_max": 0.5583500436910674, "target": "1012.xyz", "model": "1.xyz", "model_rescale": 3.9405287249114394, "target_rescale": 4.283690984159486},
{"mapping": [11, 8, 1, 5, 9, 3, 10, 13, 7, 2, 6, 4, 14], "R": [[-0.519424649922942, -0.032679382161996284, -0.8538911470638042], [0.8370366238218107, -0.2205389780466807, -0.5007317141375315], [-0.17195267788962737, -0.9748305581708218, 0.1419072211797206]], "T": [0.03103667755666782, 0.006792707522855476, -0.04189795203201202], "aligned_model": [[-0.3919904237589109, 0.2846594587467826, -0.3724259119855777, 0.4129769909750454, 0.40368771994525793, -0.6050508834201567, -0.17499852550830003, 0.7972863125600899, 0.239004693279045, -0.46264734671798563, -0.05750797599105863, -0.6051157043909108, 0.028104875550610905], [0.6360036982718731, 0.4471056404046493, 0.3832758526037461, -0.2744856974081104, -0.2288838755395819, 0.1210081441100306, 0.35100609325589166, 0.16294189755171107, -0.7277484741292968, -0.5066826804816997, -0.669040453881619, -0.2801247356618867, 0.04445718447630972], [0.12605244230749893, -0.49450461622326314, -0.4456558726093494, 0.39655237215538425, -0.5471499197667886, -0.03876250898137633, 0.585182063728471, -0.15486424628608286, -0.07293996462453411, -0.025601893224236144, 0.39415903388352763, 0.3924690482962339, -0.0018155890668408309]], "inverted": true, "swapped": true, "error_lsq": 0.05729575099842025, "error_max": 0.4042659444409133, "target": "1012.xyz", "model": "2.xyz", "model_rescale": 3.932901565614263, "target_rescale": 4.283690984159486},
{"mapping": [3, 0, 1, 2, 11, 12, 8, 10, 6, 5, 9, 7, 13, 14], "R": [[0.261422312589536, -0.8972163925958219, 0.3558948149912822], [0.5837824235535112, -0.14666188843521027, -0.7985539258125319], [0.7686718782616726, 0.4165249516391042, 0.48543847007804625]], "T": [0.02503629131590748, -0.10268792927427092, 0.018209188348365903], "aligned_model": [[-0.2659894981229295, 0.5061447623878537, 0.1250666851602887, -0.0694421267021274, -0.44644279183359964, -0.16045837580488534, 0.4224845847057998, -0.693549237195676, -0.2339353976959541, -0.13706658337139138, 0.678879449397029, 0.31287753527288836, 0.40166999815587845, -0.020429092300471418], [0.03625959207896687, 0.19835335036241483, -0.3232289800193473, 0.5605983843651582, -0.5080137508577054, -0.7378912690928124, -0.6374148570995798, -0.29630052939452334, 0.5844503958974703, 0.04088993072187766, -0.0642916970836711, 0.49177772964034894, -0.5482795944723865, -0.13341206669572298], [-0.5418443433596857, -0.47315738338999946, -0.6212418601007428, -0.2242192466804852, -0.4470694236636546, 0.4825191806921679, -0.12019150966966013, 0.035864365333982934, 0.3580781322989957, 0.6267670631735217, 0.1621072636698349, 0.4022964809014283, 0.5510108166351005, 0.02297682721629262]], "inverted": false, "swapped": true, "error_lsq": 0.04131209532134672, "error_max": 0.235682938451422, "target": "1012.xyz", "model": "3.xyz", "model_rescale": 3.9243930471874484, "target_rescale": 4.283690984159486},
{"mapping": [9, 5, 7, 0, 2, 8, 1, 6, 4, 10, 3, 11, 14], "R": [[-0.4411184536244063, 0.4152262883209722, 0.7956140014851433], [-0.10026102073647242, -0.9037797276821378, 0.4160888505495933], [0.891830834627786, 0.10377539842366354, 0.440304927395909]], "T": [-0.11548856340650317, -0.12665566413905915, -0.1810760361898227], "aligned_model": [[0.023309306347986294, -0.14567723385336817, 0.4258737901620342, 0.3782685515531071, 0.5511419026387228, -0.5136635824006975, -0.16461136931714598, 0.41205456754215464, 0.3322507339369531, -0.4511360348262768, 0.08072410138749743, -0.4961803402908607, -0.15514850656875367], [-0.6904236262861673, 0.21469630489709712, -0.14501241889004995, -0.6212631963526523, 0.07178582826214233, -0.6702843027032434, -0.43775521768035586, 0.37784298681571493, 0.4899446409588336, 0.49805207399642615, 0.03981480388513048, 0.09141438523078127, -0.09098270845207027], [-0.5166243014293634, -0.7286179143018621, -0.7199219152183101, 0.09296706499817453, -0.026572808789809, -0.08632718894758748, 0.4258391933479936, -0.5302402795843876, 0.12717669875827098, 0.04529472788793648, 0.41175661780083994, 0.4596930008789829, -0.1673525800299146]], "inverted": true, "swapped": true, "error_lsq": 0.049230426222655506, "error_max": 0.30314170471661944, "target": "1012.xyz", "model": "4.xyz", "model_rescale": 3.8936222436046832, "target_rescale": 4.283690984159486},
{"mapping": [13, 9, 5, 12, 6, 2, 0, 3, 11, 8, 10, 14], "R": [[-0.8217209128815275, 0.286841736555246, 0.4924393967821019], [-0.08443239503667771, 0.793282808844562, -0.6029706094496255], [-0.563600844571333, -0.5370513973184069, -0.6276383390431364]], "T": [-0.10484323178613617, -0.045101506998682386, -0.00589588158783565], "aligned_model": [[0.04553759637078861, -0.3734142861428995, -0.35428968904087677, 0.4046470245813957, -0.7495120842254119, -0.6174982057058055, -0.3889542813664647, 0.007383868689103873, 0.5330979723640795, 0.30422812318924064, 0.2808547668388658, -0.06453276333691899], [-0.557538458655117, -0.6569983202829687, 0.13744795753599015, -0.08243940191932399, 0.40831806595321435, 0.26060546613737695, -0.3929438591808114, 0.2900248983079022, 0.2866731491780207, -0.5871885755620238, 0.5747779687409375, -0.011815985143389947], [-0.588198580728876, -0.06196441778581675, -0.5730702717323775, -0.6323947911691905, -0.18905994534037857, 0.3831729757298935, 0.5956179838709426, 0.5351750495963997, 0.2873997574043284, 0.037174097596283776, -0.15132351101028163, -0.023243627155408668]], "inverted": false, "swapped": true, "error_lsq": 0.0510429241548761, "error_max": 0.2783498665770657, "target": "1012.xyz", "model": "5.xyz", "model_rescale": 3.6523030999806103, "target_rescale": 4.283690984159486},
{"mapping": [12, 8, 8, 13, 9, 10, 1, 5, 3, 2, 0, 7, 14], "R": [[-0.8052293443554785, 0.2558338585542831, -0.5349343322372131], [0.26126051229058445, 0.9629229215143765, 0.06724873188305648], [0.5323050325767242, -0.08560656539918511, -0.8422130777030523]], "T": [0.017352831430563813, -0.10669355792205445, -0.033901994178668245], "aligned_model": [[0.20780733222565057, 0.11805218556327776, 0.11805218556327776, 0.6303166068968423, 0.5437389586797701, -0.43760081848461513, -0.43102617879806016, 0.39655824441331394, -0.5873443017594322, -0.17603580378992575, -0.034504707933637975, 0.5431688697476573, -0.010099667659824771], [-0.5714077767115501, 0.2651704831395697, 0.2651704831395697, -0.17302411736781628, 0.30820630762911083, -0.6806520688878657, 0.3669130188511238, -0.6118630243401176, 0.02999110632415436, 0.002356477215830502, 0.5891490857820483, -0.10307487352217909, -0.14610819708869557], [0.5995355334583892, 0.5270165039246486, 0.5270165039246486, 0.4602215968153058, -0.012279119662092115, 0.09933279896770042, 0.17151259085038936, -0.16896381646069222, -0.21644257010377513, -0.7109214747308116, -0.3107523718529065, -0.588220899344249, -0.006945536304766756]], "inverted": true, "swapped": true, "error_lsq": 0.05044530965735516, "error_max": 0.38975164692421777, "target": "1012.xyz", "model": "6.xyz", "model_rescale": 4.08911054899281, "target_rescale": 4.283690984159486},
{"mapping": [7, 13, 6, 2, 0, 8, 3, 4, 12, 5, 1, 1, 11, 10, 14], "R": [[-0.8879882235816723, 0.2374496442817039, -0.3938204936398797], [-0.3662627574941518, -0.8830327009617414, 0.2934362648088886], [-0.2780800374946867, 0.4048097274803365, 0.871091600972165]], "T": [0.04019619629388293, 0.006796671763148528, 0.010404063008824835], "aligned_model": [[-0.161920942151298, -0.6492104867226626, 0.13273162712190598, -0.48200945332596523, 0.015380371706107447, 0.5819712501624767, 0.545594126765798, 0.7133310809872461, -0.2306644263393181, 0.38554414335765547, -0.47762465077841154, -0.47762465077841154, -0.19453841060601818, 0.31561404738520626, 0.013457355953644903], [-0.6709144293464663, -0.19834067362171778, -0.09433009299571876, -0.10047754531452446, 0.4530369766611961, 0.35197400789306055, 0.3471443451524833, -0.17501405216368088, -0.3699989154181834, -0.6446676672186178, 0.4840694431482579, 0.4840694431482579, 0.26021497873072424, -0.04894416199748327, 0.16744574332181317], [-0.304469388264819, 0.14653494595680966, -0.46954753657633364, -0.5945199364710595, -0.8171888008067201, 0.23949219214895262, -0.494757128452817, -0.09295829656326422, 0.5513860651111379, 0.2023161264056214, -0.19457967021677441, -0.19457967021677441, 0.48496690286714456, 0.6739648102308787, 0.03941565914957221]], "inverted": false, "swapped": false, "error_lsq": 0.049927167641041284, "error_max": 0.3335538364964213, "target": "1012.xyz", "model": "7.xyz", "model_rescale": 3.964800864290218, "target_rescale": 4.283690984159486},
{"mapping": [13, 8, 9, 12, 7, 11, 5, 0, 1, 4, 10, 6, 2, 14], "R": [[-0.023103416688998263, 0.8783709743188954, 0.47742084538839447], [-0.9474428727201192, -0.17165850830833143, 0.2699728865223446], [0.31908969752899063, -0.4460916811591909, 0.8361722172683235]], "T": [0.02129450267081563, -0.05376509093801943, 0.04809620652144818], "aligned_model": [[-0.2858489791640419, 0.06968177493389406, 0.3660959706314885, -0.696295854275535, 0.2894886928479888, -0.21542418470411795, -0.3576017912455312, 0.7641481693064414, 0.33906327294443306, 0.0801987854558709, -0.53886364163779, 0.022318797141589197, 0.4501630596371873, -0.02593618241100427], [-0.029683565398257172, -0.5448517627251126, 0.06943173317446108, -0.21510678183357765, 0.6443786750146183, -0.6651317393023792, 0.4603315036920763, -0.15968395831292037, -0.6455937500389077, 0.19180545072738284, -0.1841774643051917, 0.6850324351051045, 0.27750860565246227, -0.07331091526855657], [-0.6794788191776757, -0.42046044869531685, -0.51371006998133, -0.2873263058920097, -0.1082118485138449, 0.4643423099276376, -0.048738295185671826, 0.026142976590110265, 0.17578303052731975, 0.8303439663591773, 0.5207252071376512, 0.3781166286546783, 0.5106715519906713, 0.06861515498362503]], "inverted": true, "swapped": true, "error_lsq": 0.04819788045692951, "error_max": 0.3380798558806133, "target": "1012.xyz", "model": "8.xyz", "model_rescale": 4.121658175737393, "target_rescale": 4.283690984159486},
{"mapping": [7, 9, 0, 2, 13, 5, 8, 10, 1, 12, 6, 3, 14], "R": [[0.9043030030168948, 0.23368040352375294, 0.35725277849668613], [-0.33223767731520226, -0.14023627665470165, 0.9327121273373826], [0.2680563457686197, -0.9621472110436129, -0.049178651609943926]], "T": [0.005788289611268073, -0.03193048185095529, -0.00044520022020796274], "aligned_model": [[-0.5333473910984362, -0.24181705701962508, 0.343623526451574, 0.11628035562652889, -0.4739453262727543, -0.5869697285441985, 0.18971802367689358, 0.13965786021862484, 0.6539732254682663, -0.28177954036280084, -0.4257996708908919, 0.5625616579884936, 0.014581561193522798], [0.353767269101684, -0.2591942683347054, 0.13432801005978337, 0.6458407687293832, -0.6548247291936912, 0.07545253426549954, -0.6511057458349072, 0.05437353200890066, -0.18266453492943133, -0.6109066512592801, 0.6478268736580032, 0.2814348165864211, -0.043940435445949944], [-0.3803596805286019, -0.5807335473115625, -0.6498740165049604, -0.1903506679602255, -0.07880890830762777, 0.23266732762161935, -0.21455879593252986, 0.7267365248273004, -0.15753629573380928, 0.4849069006905153, 0.07954281558623641, 0.09685838752711412, 0.05258538998562059]], "inverted": true, "swapped": true, "error_lsq": 0.04732419265492419, "error_max": 0.28811243594724906, "target": "1012.xyz", "model": "9.xyz", "model_rescale": 3.833441315466971, "target_rescale": 4.283690984159486},
{"mapping": [13, 0, 2, 5, 4, 7, 3, 9, 10, 8, 6, 1, 12, 11, 14], "R": [[0.11735650964504293, -0.9403803896480074, -0.31923685941537944], [0.04655004226436579, -0.315895848295471, 0.9476512578975826], [-0.9919982576643565, -0.12607353328572413, 0.006702312715378966]], "T": [-0.038277067845509695, 0.07119157756843693, 0.0017215057926130706], "aligned_model": [[-0.28427316011342013, -0.6253720216047515, 0.23399486665138117, -0.3454701749719016, -0.01736900051860355, 0.5575411275725386, 0.6026258985442355, 0.6801393434424002, -0.17709756303593344, 0.4084403644030817, -0.24361535070791931, -0.7461515499734366, -0.3337802797361767, 0.2734748549676345, 0.04694362781882589], [-0.5843869064089824, -0.27362092404148597, -0.33082358744319484, -0.048186539897013506, 0.6012925587699024, 0.31558253023605326, 0.28811307952014464, -0.26109646906629813, -0.4863074495604625, -0.49381851004136673, 0.7158273314301122, 0.27583115169953587, 0.3550973937341441, 0.11224100825195099, 0.05952273279636136], [-0.37957800292650534, 0.01743187522197377, -0.528280433556316, -0.5888853528464049, -0.5936509679917702, 0.17256563663945076, -0.5428060870908628, -0.17540172980505603, 0.5896652517286392, 0.29965857800942763, -0.05752798770076756, -0.049710927217956696, 0.44341755130395333, 0.6070831860354555, -0.03850431550170507]], "inverted": true, "swapped": false, "error_lsq": 0.048912165969463385, "error_max": 0.3647511637104056, "target": "1012.xyz", "model": "10.xyz", "model_rescale": 4.2482417240324, "target_rescale": 4.283690984159486},
{"mapping": [13, 12, 10, 11, 7, 6, 5, 3, 8, 0, 9, 14], "R": [[0.7577580784402975, -0.31854182950387677, 0.5695031144908616], [-0.4806633536600251, 0.317783513945952, 0.8172982189583315], [-0.4413223708433167, -0.8930536048415494, 0.0876916408373567]], "T": [0.04328976815798384, 0.09395501785903482, -0.07367728152624572], "aligned_model": [[-0.5869578274694331, -0.14476593940347515, 0.5304753792903436, 0.7188085214333138, -0.4536706849496682, -0.049306142164465674, -0.2923015873811922, 0.6450717135540429, -0.11073329524843221, 0.05949633315028442, -0.5114477262853953, 0.07209685783708408], [-0.382561779638814, -0.6248235552912705, -0.1847395553002571, -0.28546529702430057, 0.6496494826980268, 0.6819499994357702, 0.11805485568405263, 0.28461684687697963, -0.3602556734575069, 0.5250642153569571, 0.18700499003458446, 0.057636860676417934], [-0.07514909513415534, 0.24486272706098786, 0.41534441654362464, -0.12640652306064698, 0.09365179379116848, 0.47443238972917934, 0.47771393238530735, -0.2121292202567483, -0.5564011470068746, -0.6880180077427654, -0.43877975622884746, -0.04392922022587285]], "inverted": true, "swapped": true, "error_lsq": 0.04800865857406772, "error_max": 0.2652266028695731, "target": "1012.xyz", "model": "11.xyz", "model_rescale": 3.6694154284099745, "target_rescale": 4.283690984159486},
{"mapping": [10, 3, 1, 2, 6, 12, 5, 13, 0, 9, 8, 7, 11, 14], "R": [[-0.7307460420308967, 0.16539980632380158, 0.6623089355612137], [0.517189752712617, 0.767385704571281, 0.37899068604479025], [-0.4455614230891642, 0.6194853383960653, -0.6463071512578762]], "T": [0.03564474893118901, 0.04668277072901378, -0.027885454307912658], "aligned_model": [[-0.22555367602828064, 0.04565494592508645, -0.27959213155124524, 0.6341680322291311, 0.7402234458878995, -0.5263949045050754, 0.2637472078499949, -0.27058716769279884, 0.2963175290817464, 0.16572993240958542, -0.47073533136185125, 0.7137182577839578, -0.49007526153012354, 0.0016439717577832469], [-0.2918311592367355, 0.4453465364717462, 0.6398070103766997, 0.30074446449796327, -0.29012588012110313, -0.5212969788500252, -0.553291628532576, -0.3263340018135455, 0.7248884636963935, 0.1949408422351288, 0.27714096508074626, -0.1116699070825341, 0.22278601974079332, 0.019882541673302192], [-0.6372674428863626, -0.5364416262568287, -0.15583631849071883, -0.31920827619561737, -0.23969929993398698, 0.09453086597071998, 0.04446521493957106, 0.5977046327057595, 0.16084467185007134, 0.6130429280951698, 0.3639321326001548, 0.28660746401338044, -0.5716426157078074, -0.06193687105108992]], "inverted": true, "swapped": true, "error_lsq": 0.05423189579220861, "error_max": 0.3492114891309686, "target": "1012.xyz", "model": "12.xyz", "model_rescale": 3.9764082729961374, "target_rescale": 4.283690984159486},
{"mapping": [9, 12, 0, 1, 2, 3, 7, 4, 13, 6, 8, 10, 11, 14, 15], "R": [[0.008093906332149134, 0.9355772202710233, -0.3530293947962855], [-0.956306296844714, 0.11042330594102767, 0.27071195045694674], [0.29225460697042327, 0.33541311604497437, 0.8955921428248264]], "T": [-0.002011143104414188, -0.10761476992917547, -0.06497162181173828], "aligned_model": [[-0.16810883211392227, -0.5757344005758562, 0.2866366969140674, -0.5010783337155553, -0.05282057396778799, 0.42024460782058104, 0.5504567231540775, 0.6652974464231538, -0.2412523379151373, 0.35730885404038826, -0.1383782104180965, -0.6893799215969486, -0.21983465940272728, 0.23807394677761853, 0.09859997731409993], [-0.45701545942218574, -0.38492735656433164, -0.20578248059389118, 0.06914990710388706, 0.3646747703999849, 0.5618007735268299, 0.23953927203721975, -0.33255495610684976, -0.30973129865694843, -0.5486644605725244, 0.585281372375641, 0.29011581125731833, 0.4121946432556078, 0.041236915271626165, -0.08005005333198323], [-0.5252213827080715, -0.03101741620559237, -0.7238748457663453, -0.4156976779722345, -0.705768395943077, 0.22143081935083442, -0.4461500928999857, -0.2062687582452445, 0.4607593984899669, 0.4449529958863065, -0.09582280622851612, 0.059452837604408545, 0.4943992645072946, 0.682698335458371, -0.038396001026559476]], "inverted": false, "swapped": false, "error_lsq": 0.04362540172296922, "error_max": 0.32511452726327716, "target": "1012.xyz", "model": "13.xyz", "model_rescale": 4.170626492500431, "target_rescale": 4.283690984159486},
{"mapping": [3, 4, 11, 10, 8, 13, 12, 2, 0, 6, 7, 5, 9, 14], "R": [[0.037329058485398275, 0.8883614410929284, 0.4576248369263733], [0.003394382698944487, 0.4578286487405826, -0.8890339737931648], [-0.9992972628595993, 0.03474015503230121, 0.01407487369907287]], "T": [0.00284438882589322, 0.09028486876466486, 0.02783620027942904], "aligned_model": [[0.23469082530099653, 0.04448231723091445, -0.19478190515949712, -0.5485814453468709, 0.0835247695728647, -0.30395563708992845, -0.7023034137770442, 0.408719817199511, 0.75100908179812, -0.04421935034255525, 0.22585115133533173, -0.40816418074208954, 0.3399777481645486, -0.043066756052658216], [-0.3441146361690077, -0.730488753449187, -0.10165888173075104, -0.30257056934618626, 0.6907498771220238, 0.7780842118827374, 0.4757560242385778, -0.4637676167312444, 0.12852747140305631, -0.45987497849351894, 0.007556822393362209, 0.024974088880486703, 0.5746912541055971, 0.0782101538197196], [-0.39074077256373196, 0.011010409614564086, -0.6982265923611057, -0.28160985340294187, -0.28197864180020493, 0.26676770517453846, -0.059650302788416196, 0.21740790545045208, -0.020324118839210002, 0.6193135537021401, 0.7539140913289251, 0.5218413507052834, 0.3462437283925658, -9.536149199199442e-05]], "inverted": true, "swapped": true, "error_lsq": 0.04248442595379818, "error_max": 0.27430509570585837, "target": "1012.xyz", "model": "14.xyz", "model_rescale": 3.9786697098870705, "target_rescale": 4.283690984159486},
{"mapping": [8, 1, 13, 12, 9, 7, 3, 2, 5, 10, 0, 14], "R": [[0.709309830469651, 0.5389157496166919, 0.4543670093813966], [0.6896959082061973, -0.6637371042221549, -0.28943498524265704], [0.14559917102354625, 0.518674147508691, -0.8424832402507417]], "T": [0.04198778168745301, -0.03340472911326034, 0.030958593953243994], "aligned_model": [[-0.1344114363565218, -0.5987521639438252, 0.5306187160764484, 0.5447309917898954, 0.09424176688281193, 0.3665565946077337, -0.4767832868492321, -0.20362934269899924, 0.6627401949598715, 0.16285831984619376, -0.5185795860448448, 0.05376382849780506], [-0.1726050086989406, -0.19971796465149036, -0.045472563693979895, -0.5700562832907216, 0.45086571797256225, 0.6383478808692261, -0.19101316572737875, 0.3605234027104476, 0.031380647297683084, -0.6564289478462395, 0.45476804091452205, -0.08591726563125117], [-0.6113492640935423, -0.14031401879117808, -0.58982851420358, -0.30479384093292583, -0.42995729556202655, 0.1957874940693183, 0.38266662818722025, 0.5714577212505275, 0.19740356171866144, 0.4200522097623028, -0.0738454786845972, 0.04268729115364989]], "inverted": false, "swapped": true, "error_lsq": 0.05165566760515928, "error_max": 0.2576727753292286, "target": "1012.xyz", "model": "15.xyz", "model_rescale": 3.769337070930944, "target_rescale": 4.283690984159486},
{"mapping": [9, 0, 5, 6, 13, 8, 12, 1, 10, 4, 14], "R": [[-0.6075266993038116, 0.21698527488858926, 0.7640868406892893], [0.5276999848055947, 0.8292435270959572, 0.1840866611290228], [-0.5936699720123895, 0.5150461758434672, -0.618290709197404]], "T": [-0.03808552508238994, 0.012066264154802338, 0.01385590727671325], "aligned_model": [[-0.13050570459383848, -0.3745656546153835, -0.17142376230123357, -0.7037332463960579, 0.3722597401377238, 0.46321901997615156, 0.6074787056337458, 0.17719722726285653, 0.21339273192893737, -0.5269100969346374, -0.003782829407093402], [-0.21891889422664362, -0.6490605746912139, 0.6167794546138382, 0.4647755617984887, 0.2386672442559748, -0.34017219816496913, 0.4774835613692084, -0.5880919126792756, 0.4076936286888535, 0.14747146452617169, 0.03943716213490944], [-0.6088769159498469, -0.10114298920202057, -0.169930660934609, 0.09573212866290091, -0.622187499619125, -0.2822430715093667, -0.1279498997648379, 0.2608489789222955, 0.5921295282109349, 0.6606960211389119, 0.04714198726854005]], "inverted": false, "swapped": true, "error_lsq": 0.03988532961421101, "error_max": 0.26437102973835513, "target": "1012.xyz", "model": "16.xyz", "model_rescale": 3.7852294659196426, "target_rescale": 4.283690984159486},
{"mapping": [10, 8, 13, 12, 11, 1, 0, 9, 5, 6, 2, 7, 14], "R": [[-0.9386109068243979, -0.3335299647738876, -0.08813244685251262], [-0.21812988405607087, 0.3758704279660797, 0.9006335409378675], [-0.2672618926670368, 0.8645687849896767, -0.42554893578707015]], "T": [-0.045437464937232275, 0.08490308095970288, -0.02250720611009782], "aligned_model": [[-0.09630897926043232, -0.40859636996234433, 0.23630335501568472, 0.10581820766683936, -0.628802995468666, -0.7197698797745495, -0.37102283399582286, 0.08627116456997905, 0.5693994519872099, 0.5618997772729648, 0.022047752343921784, 0.549805105504878, -0.053277905683379034], [-0.15017598780048025, -0.3089692074822904, -0.5161266714059357, -0.6993561815114968, -0.11707848819360127, 0.16588745924956377, 0.601182474645331, 0.10641819063576981, -0.05689006436422718, 0.5405663253122239, 0.779299637901333, 0.47848173715770137, 0.05181639955898286], [-0.7270017954770424, 0.39705568139347636, 0.406057612173671, -0.14714449655884287, -0.4936269762278101, 0.05660918215267649, 0.41450775463492606, 0.6346698925977858, -0.16072768361131076, -0.30223706626493685, -0.16709496008406483, 0.2505260764235238, -0.06583852400887794]], "inverted": true, "swapped": true, "error_lsq": 0.04701743828963393, "error_max": 0.2310589799305457, "target": "1012.xyz", "model": "17.xyz", "model_rescale": 3.901054581598922, "target_rescale": 4.283690984159486},
{"mapping": [0, 1, 3, 7, 12, 9, 13, 2, 4, 8, 11, 6, 10, 5, 14], "R": [[0.6226549702960339, -0.7817331688138245, -0.03455489461627509], [-0.4694751950898326, -0.3378816741090155, -0.815738325381769], [0.6260142403819653, 0.5241461886512061, -0.5773880356929865]], "T": [-0.003872757930799672, -0.00470682540176013, -0.007507879210383643], "aligned_model": [[-0.08346821250223328, -0.5303684120744347, 0.28405051063719516, -0.43843918563623857, 0.020920960189615513, 0.33486852812173595, 0.6437498014423744, 0.6433667538163091, -0.36740278768830664, 0.17357054160645732, -0.34367032946220843, -0.725446346431543, -0.13336155357226967, 0.5471350988413634, 0.004525615450138591], [-0.5806901497341408, -0.4577683092877805, -0.12618298103687106, 0.00024253136041210016, 0.455768387489931, 0.5415902907212897, 0.19678500960739903, -0.4905610219417147, -0.23946166289191276, -0.4945805995992095, 0.7129789187030218, 0.19966584154057318, 0.45147728347099936, 0.031434810909605836, 0.04456905066779721], [-0.4947576018394188, -0.06428082543214816, -0.7044652843235021, -0.5083117805292717, -0.5900222171724018, 0.13741769953059352, -0.2672929044065256, -0.17710981353304373, 0.654542008373087, 0.4035344701196465, -0.08622110565167784, -0.04341212206800021, 0.6615081585227552, 0.28433141028934206, -0.029983817577879296]], "inverted": true, "swapped": false, "error_lsq": 0.05706862263115881, "error_max": 0.5583500436910674, "target": "1012.xyz", "model": "18.xyz", "model_rescale": 3.9405287249114394, "target_rescale": 4.283690984159486},
{"mapping": [11, 13, 5, 9, 8, 1, 6, 2, 14, 10, 4, 7, 12, 3, 15], "R": [[-0.46814621232401715, 0.7210239154531513, 0.5108460014831119], [0.8740481153923065, 0.29284072697965774, 0.38766506239430865], [0.1299192667229688, 0.6279879154622586, -0.7673018716043468]], "T": [-0.062015753824544086, 0.11044327714311197, 0.006308613684957415], "aligned_model": [[-0.20708683544124026, -0.6467984706509871, 0.2400436422378178, -0.4468272305125459, 0.06237294233474638, 0.5007108396658917, 0.521192988548061, 0.6876382867573612, -0.2252957054235739, 0.3242424375727736, -0.4070516385987443, -0.580985470514461, -0.1664770705481555, 0.4059328784151618, -0.03158061110415014], [-0.5773615147830754, -0.19704528662565035, -0.17161477536222525, -0.19349509605323856, 0.44099876648021574, 0.3907521374958665, 0.3243421457740073, -0.25012152874392424, -0.4157457739874276, -0.5465730085429062, 0.7527999155351244, 0.3269041088053243, 0.29924227648292345, -0.023221019901431328, 0.08540605340581776], [-0.15209640953637993, 0.12800414616037345, -0.7151246951012432, -0.5840738383446492, -0.6626702172752282, 0.20702021715079702, -0.408900119858555, -0.24536006376202643, 0.5505546076549145, 0.198761846623113, 0.061018904745020024, -0.4172957895691086, 0.5098777086124043, 0.7052982617875183, 0.0004617150146054476]], "inverted": true, "swapped": false, "error_lsq": 0.048454695037713255, "error_max": 0.37513822216184184, "target": "1012.xyz", "model": "19.xyz", "model_rescale": 4.410303926677745, "target_rescale": 4.283690984159486},
{"mapping": [13, 8, 9, 12, 7, 11, 5, 0, 1, 4, 10, 6, 2, 14], "R": [[-0.023103416688998263, 0.8783709743188954, 0.47742084538839447], [-0.9474428727201192, -0.17165850830833143, 0.2699728865223446], [0.31908969752899063, -0.4460916811591909, 0.8361722172683235]], "T": [0.02129450267081563, -0.05376509093801943, 0.04809620652144818], "aligned_model": [[-0.2858489791640419, 0.06968177493389406, 0.3660959706314885, -0.696295854275535, 0.2894886928479888, -0.21542418470411795, -0.3576017912455312, 0.7641481693064414, 0.33906327294443306, 0.0801987854558709, -0.53886364163779, 0.022318797141589197, 0.4501630596371873, -0.02593618241100427], [-0.029683565398257172, -0.5448517627251126, 0.06943173317446108, -0.21510678183357765, 0.6443786750146183, -0.6651317393023792, 0.4603315036920763, -0.15968395831292037, -0.6455937500389077, 0.19180545072738284, -0.1841774643051917, 0.6850324351051045, 0.27750860565246227, -0.07331091526855657], [-0.6794788191776757, -0.42046044869531685, -0.51371006998133, -0.2873263058920097, -0.1082118485138449, 0.4643423099276376, -0.048738295185671826, 0.026142976590110265, 0.17578303052731975, 0.8303439663591773, 0.5207252071376512, 0.3781166286546783, 0.5106715519906713, 0.06861515498362503]], "inverted": true, "swapped": true, "error_lsq": 0.04819788045692951, "error_max": 0.3380798558806133, "target": "1012.xyz", "model": "20.xyz", "model_rescale": 4.121658175737393, "target_rescale": 4.283690984159486},
{"mapping": [12, 8, 8, 13, 9, 10, 1, 5, 3, 2, 0, 7, 14], "R": [[-0.8052293443554785, 0.2558338585542831, -0.5349343322372131], [0.26126051229058445, 0.9629229215143765, 0.06724873188305648], [0.5323050325767242, -0.08560656539918511, -0.8422130777030523]], "T": [0.017352831430563813, -0.10669355792205445, -0.033901994178668245], "aligned_model": [[0.20780733222565057, 0.11805218556327776, 0.11805218556327776, 0.6303166068968423, 0.5437389586797701, -0.43760081848461513, -0.43102617879806016, 0.39655824441331394, -0.5873443017594322, -0.17603580378992575, -0.034504707933637975, 0.5431688697476573, -0.010099667659824771], [-0.5714077767115501, 0.2651704831395697, 0.2651704831395697, -0.17302411736781628, 0.30820630762911083, -0.6806520688878657, 0.3669130188511238, -0.6118630243401176, 0.02999110632415436, 0.002356477215830502, 0.5891490857820483, -0.10307487352217909, -0.14610819708869557], [0.5995355334583892, 0.5270165039246486, 0.5270165039246486, 0.4602215968153058, -0.012279119662092115, 0.09933279896770042, 0.17151259085038936, -0.16896381646069222, -0.21644257010377513, -0.7109214747308116, -0.3107523718529065, -0.588220899344249, -0.006945536304766756]], "inverted": true, "swapped": true, "error_lsq": 0.05044530965735516, "error_max": 0.38975164692421777, "target": "1012.xyz", "model": "21.xyz", "model_rescale": 4.08911054899281, "target_rescale": 4.283690984159486},
{"mapping": [0, 4, 1, 2, 15, 5, 11, 8, 7, 6, 14, 3, 12, 10, 16], "R": [[-0.6650931963427325, 0.7200500420831113, -0.19793680070850206], [0.32527504494406545, 0.5179343496482154, 0.791163797573623], [0.6721957938839278, 0.46181375721235285, -0.5786889219037863]], "T": [0.010321452460484905, 0.0552097331014523, -0.0344612336324448], "aligned_model": [[-0.1812023516093311, -0.5829907896779154, 0.2072209058126865, -0.37395359544970375, -0.002153384649462218, 0.6310212863196103, 0.5851614529892863, 0.6127876768796288, -0.12383761530483625, 0.36856966237233657, -0.32029598915769997, -0.8172558283151157, -0.2978374316432435, 0.34710767426747025, -0.02231069009575633], [-0.6939556892707828, -0.2523161404790627, -0.27712485482800386, 0.046566628236960866, 0.5268696944959739, 0.28228860840746406, 0.2845024010902404, -0.22484557044465944, -0.31532326469698657, -0.5417454753169471, 0.6041653657709019, 0.3178532146687, 0.3800790256998391, 0.0865508310445662, 0.021702625601196554], [-0.08082070489487209, -0.23371134348186065, -0.727846197560422, -0.6456173623468482, -0.5902384166388833, 0.21230982339243945, -0.48487979059594133, -0.23286862626162608, 0.5575715611418615, 0.23174700776602897, -0.0003671490224412266, -0.05478533825664289, 0.5524523468107527, 0.6981561191484138, -0.0256256548984036]], "inverted": false, "swapped": false, "error_lsq": 0.04383028601995234, "error_max": 0.2716166266474653, "target": "1012.xyz", "model": "22.xyz", "model_rescale": 4.204369325754507, "target_rescale": 4.283690984159486},
{"mapping": [11, 13, 5, 9, 8, 1, 6, 2, 14, 10, 4, 7, 12, 3, 15], "R": [[-0.46814621232401715, 0.7210239154531513, 0.5108460014831119], [0.8740481153923065, 0.29284072697965774, 0.38766506239430865], [0.1299192667229688, 0.6279879154622586, -0.7673018716043468]], "T": [-0.062015753824544086, 0.11044327714311197, 0.006308613684957415], "aligned_model": [[-0.20708683544124026, -0.6467984706509871, 0.2400436422378178, -0.4468272305125459, 0.06237294233474638, 0.5007108396658917, 0.521192988548061, 0.6876382867573612, -0.2252957054235739, 0.3242424375727736, -0.4070516385987443, -0.580985470514461, -0.1664770705481555, 0.4059328784151618, -0.03158061110415014], [-0.5773615147830754, -0.19704528662565035, -0.17161477536222525, -0.19349509605323856, 0.44099876648021574, 0.3907521374958665, 0.3243421457740073, -0.25012152874392424, -0.4157457739874276, -0.5465730085429062, 0.7527999155351244, 0.3269041088053243, 0.29924227648292345, -0.023221019901431328, 0.08540605340581776], [-0.15209640953637993, 0.12800414616037345, -0.7151246951012432, -0.5840738383446492, -0.6626702172752282, 0.20702021715079702, -0.408900119858555, -0.24536006376202643, 0.5505546076549145, 0.198761846623113, 0.061018904745020024, -0.4172957895691086, 0.5098777086124043, 0.7052982617875183, 0.0004617150146054476]], "inverted": true, "swapped": false, "error_lsq": 0.048454695037713255, "error_max": 0.37513822216184184, "target": "1012.xyz", "model": "23.xyz", "model_rescale": 4.410303926677745, "target_rescale": 4.283690984159486},
{"mapping": [15, 9, 6, 14, 13, 0, 12, 5, 10, 4, 7, 11, 1, 3, 16], "R": [[-0.9083234544162052, -0.06922697249507527, -0.4124998526503717], [0.2941275217689995, 0.5954675484258426, -0.747601096648302], [0.29738443653869817, -0.8003911700230602, -0.520515582719363]], "T": [-0.043913027790810626, -0.018286085862859222, -0.05332670632475931], "aligned_model": [[-0.10965236104468687, -0.5133446089275564, 0.18635478378825254, -0.4683447357116357, -0.05646794080548593, 0.5451544895101057, 0.594034620792258, 0.48800095514854425, -0.3562668565686958, 0.3071790782997512, -0.07191353637297881, -0.6393767925043213, -0.2057130272396716, 0.33122430052362684, -0.0008373861495515125], [-0.5935534118183668, -0.43296626350874373, -0.09274207180676398, -0.09574942179016298, 0.37126820162998714, 0.40048337351309765, 0.31355301678187825, -0.3065057508164658, -0.2588899584884173, -0.4597282381261651, 0.6459024334786372, 0.18837887705511125, 0.523751614522097, 0.031496045832774114, 0.010568953520903694], [-0.47053173336312654, -0.06303878784298375, -0.7739730348851063, -0.5748697504860834, -0.6383706833762899, 0.16580204815778468, -0.41260576556279316, -0.2253702267361803, 0.46467793496814913, 0.34132191236937015, -0.05263462512397025, 0.005273503795081014, 0.591926144199804, 0.7627889159390262, 0.0550804222488736]], "inverted": false, "swapped": false, "error_lsq": 0.03750476794609725, "error_max": 0.2624825997611041, "target": "1012.xyz", "model": "24.xyz", "model_rescale": 4.28219845311461, "target_rescale": 4.283690984159486},
{"mapping": [0, 1, 6, 8, 10, 13, 14, 2, 3, 4, 11, 5, 9, 7, 15], "R": [[0.6621646865366126, 0.7435181495586362, 0.09337392130981487], [-0.006321989505293668, -0.11905789310032806, 0.992867186757225], [0.7493316757968829, -0.6580318984421749, -0.07413541852598315]], "T": [0.05188593485056298, 0.07390737151951068, 0.015002669293169069], "aligned_model": [[0.1461069269707326, -0.45946770858210767, 0.09979114496635699, -0.4342604029030385, -0.1026880005892889, 0.5728453944849639, 0.478953710565675, 0.6279583582238502, -0.3997463136430132, 0.20738475263652745, -0.06327222060965568, -0.7628286097305447, -0.1918269853407332, 0.24696556046652854, 0.06411537582170214], [-0.6658593267792381, -0.31014015575130194, -0.2248260815553292, 0.03769269635979911, 0.4379335600259058, 0.1976121136831112, 0.43168690833494017, -0.18427737068213987, -0.2845948982897232, -0.5638996893888187, 0.5879393773698826, 0.31484303900855337, 0.4553770175342545, 0.010301251117805776, 0.005478958991698826], [-0.31578700522504394, -0.015036421771291032, -0.8339146116116114, -0.47926071446154717, -0.6729629195207056, 0.2723251034505406, -0.5043734399730472, -0.2500656734243553, 0.5322548123743636, 0.33698223968290375, -0.12278981033122083, -0.04391164046048498, 0.5169574536912129, 0.765631876603412, -0.010572974721569886]], "inverted": false, "swapped": false, "error_lsq": 0.04179167159071951, "error_max": 0.24427484343583955, "target": "1012.xyz", "model": "25.xyz", "model_rescale": 4.100010024507729, "target_rescale": 4.283690984159486},
{"mapping": [13, 12, 10, 11, 7, 6, 5, 3, 8, 0, 9, 14], "R": [[0.7577580784402975, -0.31854182950387677, 0.5695031144908616], [-0.4806633536600251, 0.317783513945952, 0.8172982189583315], [-0.4413223708433167, -0.8930536048415494, 0.0876916408373567]], "T": [0.04328976815798384, 0.09395501785903482, -0.07367728152624572], "aligned_model": [[-0.5869578274694331, -0.14476593940347515, 0.5304753792903436, 0.7188085214333138, -0.4536706849496682, -0.049306142164465674, -0.2923015873811922, 0.6450717135540429, -0.11073329524843221, 0.05949633315028442, -0.5114477262853953, 0.07209685783708408], [-0.382561779638814, -0.6248235552912705, -0.1847395553002571, -0.28546529702430057, 0.6496494826980268, 0.6819499994357702, 0.11805485568405263, 0.28461684687697963, -0.3602556734575069, 0.5250642153569571, 0.18700499003458446, 0.057636860676417934], [-0.07514909513415534, 0.24486272706098786, 0.41534441654362464, -0.12640652306064698, 0.09365179379116848, 0.47443238972917934, 0.47771393238530735, -0.2121292202567483, -0.5564011470068746, -0.6880180077427654, -0.43877975622884746, -0.04392922022587285]], "inverted": true, "swapped": true, "error_lsq": 0.04800865857406772, "error_max": 0.2652266028695731, "target": "1012.xyz", "model": "26.xyz", "model_rescale": 3.6694154284099745, "target_rescale": 4.283690984159486},
