[{"mapping": [3, 6, 5, 1, 2, 9, 11, 10, 4, 7, 8, 12], "R": [[-0.47415801828312115, 0.7847708180833975, -0.39913523620765246], [-0.5643030857838057, -0.6188606967024852, -0.5464187638174495], [-0.6758226106551174, -0.03385559276736816, 0.7362863558193049]], "T": [-0.026421162271826816, -0.1269355495111879, 0.12732437286934767], "aligned_model": [[-0.18750107793490328, 0.42374233955140084, 0.4462619563063581, 0.007858896013061077, -0.30807724666600816, -0.7181480078089352, 0.37154100053431444, -0.47282722851919495, 0.5898382602850127, 0.1627632110147315, -0.3956593434950248, -0.08215029682026356], [-0.44597210138014404, -0.5810412728032062, -0.18513529343858015, 0.6730778875955704, 0.19141520655591587, -0.5482630270553208, -0.22151984091965518, -0.5469916505181909, 0.08157841880541111, 0.37882173684709264, 0.22306988527046884, 0.0345150870176954], [-0.38764389126571636, -0.132653564739859, -0.60190751959796, -0.13586303064104205, -0.7018007629171092, -0.08081644288002476, 0.6104291492137521, 0.5158737739308518, -0.024716776816773922, 0.6175518458181013, 0.5092744460010712, -0.005775480751728956]], "inverted": false, "swapped": true, "error_lsq": 0.052925588313439104, "error_max": 0.29386048975721696, "target": "1013.xyz", "model": "0.xyz", "model_rescale": 3.751011558992144, "target_rescale": 3.9304625537739546},
{"mapping": [4, 1, 8, 5, 3, 2, 13, 7, 6, 10, 11, 12, 14], "R": [[0.8152684114129435, -0.01705658550836578, -0.5788320051992731], [0.01977857954602044, -0.9981627510668557, 0.0572706746405869], [-0.57874538887438, -0.058139446793395166, -0.813433205360588]], "T": [0.08515874241596039, -0.07662006960577857, -0.13707027478515857], "aligned_model": [[0.419390420956953, -0.2902263568913804, 0.47800183722632617, 0.6305482810977387, -0.3530534765277587, 0.24731860417036516, 0.23759385563995564, -0.5679476902095073, -0.3157368517770988, 0.6175906500690647, -0.09611946642856584, -0.3443683181491108, 0.07561076444646374], [-0.7901338881088819, -0.5894348851195014, -0.2976613286429164, 0.21046780635682277, 0.4959090232403965, 0.39070006651097994, 0.6333719001161676, -0.14643897963960006, -0.5701115495013657, -0.4145500594934676, -0.10061115268055362, 0.3893062080608124, -0.04389686440398955], [-0.2060716209647756, -0.4230642286434184, -0.6241363039875283, -0.23814870753606363, -0.3892336712683373, -0.7996819043267135, -0.1503795755675984, -0.04621692447726547, 0.26227246910434565, 0.3871179869836865, 0.6396495124339489, 0.2507367804617715, -0.09415360667842987]], "inverted": true, "swapped": false, "error_lsq": 0.048461928718576235, "error_max": 0.28739499629294496, "target": "1013.xyz", "model": "1.xyz", "model_rescale": 3.9405287249114394, "target_rescale": 3.9304625537739546},
{"mapping": [11, 0, 6, 3, 1, 7, 4, 2, 5, 10, 9, 2, 12], "R": [[-0.5031808939631731, 0.5349129225332405, -0.6787320187359441], [-0.7235867955840429, 0.16861566459734192, 0.6693212284910837], [0.472473424868361, 0.827911180598103, 0.3022117466840377]], "T": [0.11602045875915942, -0.014041812537847587, -0.12443267242473104], "aligned_model": [[0.2740379346956021, -0.3939565567977903, 0.28050523574857145, 0.6584784812680083, -0.4075330958220874, 0.49657049059913183, 0.18773459574252224, -0.5356979717854821, -0.3456906358844497, 0.7690095299604359, 0.2466678330254473, -0.5356979717854821, 0.044174384659018046], [-0.6948327589215846, -0.47640354385761136, -0.324055286378153, 0.1604507451255047, 0.40541670478627523, 0.3064307804691665, 0.6799178204968102, 0.014889016186174109, -0.5104369932087329, -0.16705200669298736, -0.2659916414350449, 0.014889016186174109, 0.023694443938912], [0.014017512327020573, -0.6030505380445764, -0.5393930290440513, -0.17016362151593498, -0.5453513820206055, -0.7419995461753379, -0.05391436162572681, 0.07202526699076191, 0.1372751227714925, 0.3871142684210445, 0.6304405980028667, 0.07202526699076191, -0.0903353515440933]], "inverted": true, "swapped": false, "error_lsq": 0.05497804164653516, "error_max": 0.3898015382586909, "target": "1013.xyz", "model": "2.xyz", "model_rescale": 3.932901565614263, "target_rescale": 3.9304625537739546},
{"mapping": [1, 11, 10, 6, 9, 12, 5, 8, 3, 2, 0, 7, 13], "R": [[0.5684216935322316, -0.6785439114690325, -0.4652686734890454], [-0.5034794825320791, -0.7341444359305229, 0.4555659753114629], [-0.6506959266748025, -0.024700352235553114, -0.758936560990614]], "T": [0.005851042942418581, -0.09666864129142264, -0.029325881502232032], "aligned_model": [[0.43196112520120694, -0.33701852955327805, 0.3561153818047385, 0.6269198404761658, -0.34468872122663263, 0.25872505588090366, 0.22735128410326472, -0.703708336127753, -0.3358987612686793, 0.7287971548237941, 0.13593085722529427, -0.3697257770731014, 0.06384167935752177], [-0.695740590962856, -0.6338560246470615, -0.30118406682021637, 0.12585520596212812, 0.4534921769553335, 0.2861220343325698, 0.577600597820088, -0.13556549195896592, -0.40573371157137084, -0.14409825212414387, -0.33447516648417297, 0.4100997093436378, -0.03560012315006657], [0.06184219309863748, -0.6550885120480074, -0.6197780590266703, -0.2066643906174894, -0.3673168387647172, -0.6397813200030692, -0.14377378234946675, -0.2131715997379539, 0.19060895370071163, 0.3821339640600756, 0.5834364114261835, 0.30514450344805405, -0.10890131765266636]], "inverted": false, "swapped": false, "error_lsq": 0.04697183565656655, "error_max": 0.26083273751344727, "target": "1013.xyz", "model": "3.xyz", "model_rescale": 3.9243930471874484, "target_rescale": 3.9304625537739546},
{"mapping": [5, 1, 0, 3, 7, 2, 4, 9, 11, 6, 10, 8, 12], "R": [[0.33768847588657136, -0.9287017200606417, 0.15323057269947848], [0.9406046801208278, 0.3390165783063992, -0.018182281710950654], [-0.03506178814892012, 0.1502693408178354, 0.9880231759538707]], "T": [0.001604979762008879, -0.06309218816440487, -0.007086718703224887], "aligned_model": [[0.24655717778490407, -0.2793357582748748, 0.45249643646177196, 0.6519703702943764, -0.24313282457233978, 0.4191621737571236, 0.10921656579372027, -0.6461788146370901, -0.17266704991570558, 0.5325805260104666, 0.09640715758256706, -0.46958248636318023, 0.04110877970170588], [-0.7107354485639238, -0.29300414181465695, -0.2527953669180279, 0.10766251079137815, 0.42028327639558105, 0.38070584347174097, 0.5134833162066895, -0.3085000387977721, -0.5993621833294714, -0.47381871221601096, 0.20614164156849757, 0.32337671030773674, -0.14652111040685784], [-0.31397387665825616, -0.6222071095719556, -0.7028107671639119, -0.03574089722704249, -0.5981622860405968, -0.6998376026235461, -0.09845248773645723, 0.12647425740241494, 0.5480509519201864, 0.25915603981491386, 0.6376251638666143, 0.150902303689094, -0.08233348413783509]], "inverted": false, "swapped": false, "error_lsq": 0.05725887925364813, "error_max": 0.33850448433580566, "target": "1013.xyz", "model": "4.xyz", "model_rescale": 3.8936222436046832, "target_rescale": 3.9304625537739546},
{"mapping": [9, 10, 8, 0, 7, 11, 6, 4, 2, 3, 1, 12], "R": [[0.6603553252653142, -0.31869602797997787, -0.6799732981106881], [-0.7508947540469278, -0.29153099347672295, -0.5925932400789591], [-0.009376179314903088, 0.9019104842456709, -0.43182121956799985]], "T": [-0.18046888266277705, -0.06738802414765577, 0.03713205496400968], "aligned_model": [[0.13359960768044987, -0.4963299027785146, -0.3616323026366282, 0.21803746129185075, -0.5954031314067154, -0.7674095179047632, -0.15752272839339054, -0.17707189253059813, 0.7403474711142085, 0.28604816704893543, 0.2128232652064166, -0.00793845447615385], [-0.7268627159619305, -0.5880937033926258, 0.15402512515902234, -0.01339612348777347, 0.51047297738906, 0.028756611172265856, -0.34607957970923786, 0.33796879244495165, 0.0583866036349342, -0.46376155934948626, 0.6661333169907269, 0.05137316021990035], [-0.37002833797865914, -0.35757486493275215, -0.5310954785052138, -0.5176484675294567, -0.12352399738487671, 0.2538512187089213, 0.6682043211956719, 0.5682107438332316, -0.029229305635947382, 0.17194020250940456, -0.09602935022874842, -0.017791964776056483]], "inverted": false, "swapped": true, "error_lsq": 0.051141748171628275, "error_max": 0.30870333511838577, "target": "1013.xyz", "model": "5.xyz", "model_rescale": 3.6523030999806103, "target_rescale": 3.9304625537739546},
{"mapping": [5, 3, 1, 6, 4, 2, 10, 7, 7, 8, 9, 11, 12], "R": [[-0.8768559140832902, 0.4006337974548141, 0.26573721281388646], [0.29655947021329865, 0.885811780996908, -0.35691731433750007], [-0.37838629278022934, -0.2341581708675168, -0.8955410456545326]], "T": [0.14458404345599501, -0.07790783840532262, -0.12778873526813672], "aligned_model": [[0.2230756289753264, -0.37070643185684843, 0.4523306619094279, 0.7420656168017661, -0.16034795438499527, 0.23259846873701068, 0.2748007593245393, -0.42162235188165526, -0.42162235188165526, 0.6258922597642411, 0.08962450075898054, -0.6114319934311485, 0.08394544078845645], [-0.7448890133420254, -0.29377754010501006, -0.3487576892227309, 0.17447556552230703, 0.3427971222255765, 0.2749221540433237, 0.6637906065145329, -0.3881548253918557, -0.3881548253918557, -0.31561663431865955, 0.0981355842118723, 0.25461229548596753, -0.16246650353653946], [-0.014304316648392462, -0.5407254142976601, -0.6884198467274523, -0.17186649617173255, -0.3710075970370657, -0.7941040446977331, 0.07617220554865892, 0.09576256676722669, 0.09576256676722669, 0.27907737529662513, 0.5712470558043953, 0.1762492815444887, -0.14515313061496346]], "inverted": false, "swapped": false, "error_lsq": 0.05517155629735784, "error_max": 0.3626010989940058, "target": "1013.xyz", "model": "6.xyz", "model_rescale": 4.08911054899281, "target_rescale": 3.9304625537739546},
{"mapping": [11, 1, 9, 8, 6, 3, 4, 2, 13, 10, 12, 7, 14], "R": [[0.9008556122779522, -0.10449790365578274, -0.4213541906269155], [0.3438606891867992, -0.4206953285316015, 0.8395089439569229], [-0.2649886643977356, -0.9011634861018477, -0.3430530265971568]], "T": [0.060599151441992974, -0.026438764129306735, -0.06842629591820307], "aligned_model": [[0.31065444343968135, -0.24336626077219697, 0.3977210534299868, 0.6934153424185654, -0.23167089955283343, 0.18320989284863837, 0.37018208820980764, -0.7213614161357017, -0.377892030447927, 0.6597615333114211, 0.10297443921517148, -0.5251971667028628, 0.12017123436169486], [-0.5446680805517075, -0.5468508337235105, -0.3678501292168796, 0.09583041894212975, 0.3147502764942856, 0.4131330960159277, 0.6064219482808271, -0.07642756161292696, -0.4961879057315152, -0.10515241793549068, -0.2921669741084817, 0.3047212895358004, -0.13863682969355529], [0.047512435752791154, -0.48642433999679735, -0.6883814643754296, -0.2914574340893781, -0.28593772620017643, -0.7151059864342613, -0.09067969233781206, -0.25863232676624404, 0.28222417067266414, 0.32410841510620714, 0.5915697430233963, 0.3142807160921668, -0.1743863049135041]], "inverted": true, "swapped": false, "error_lsq": 0.0480935706366944, "error_max": 0.28784720118852786, "target": "1013.xyz", "model": "7.xyz", "model_rescale": 3.964800864290218, "target_rescale": 3.9304625537739546},
{"mapping": [7, 2, 12, 9, 6, 11, 10, 0, 1, 8, 5, 3, 13], "R": [[0.41001090552997715, -0.10745847046817247, 0.9057282895389374], [-0.8409632236089845, 0.3398890580673252, 0.4210181525104253], [-0.3530891019044251, -0.9343062160398738, 0.048989598748909804]], "T": [-0.026776174539242255, -0.06956323551579449, -0.17320508103399582], "aligned_model": [[0.2213409767598528, -0.38134613245441346, 0.5280969941594384, 0.6416063834443213, -0.319911792610914, 0.31454944456941836, 0.3854842547341865, -0.7225098556035956, -0.18438627360353022, 0.5778965607338823, 0.16366353055437044, -0.5219074708589284, 0.03602563379935681], [-0.7366093543651644, -0.5219504512020369, -0.33452579482611877, 0.0914271379437612, 0.3379244581175528, 0.4443478759101679, 0.552650136701906, -0.1825540948778376, -0.664314731905381, -0.2667174543701643, 0.1636370573610077, 0.3475959101312527, -0.06399439792404253], [-0.19165825206032955, -0.5021954756989082, -0.6120507784158634, -0.20789776938925567, -0.46394742768073527, -0.7268525462920801, 0.17034385419357437, -0.04534936838878387, 0.2563872901595434, 0.2587193088915115, 0.6068084221147716, 0.1535761031094914, -0.12719315500931447]], "inverted": false, "swapped": false, "error_lsq": 0.04572962192720864, "error_max": 0.3494183961144259, "target": "1013.xyz", "model": "8.xyz", "model_rescale": 4.121658175737393, "target_rescale": 3.9304625537739546},
{"mapping": [2, 0, 3, 11, 5, 10, 7, 4, 1, 8, 6, 9, 12], "R": [[0.8692765168035028, 0.49023872593693363, 0.06343759867540152], [-0.07010305891629719, -0.004776974961688107, 0.9975283162100178], [0.4893300506453159, -0.8715751098453578, 0.030214722131853555]], "T": [0.10253444915562722, -0.022559513215336155, -0.10311252097828415], "aligned_model": [[0.34538765906593355, -0.3602048270045256, 0.5681239800081783, 0.6712254442005534, -0.26871209062532536, 0.1988106148547571, 0.3009666161638486, -0.7723669416205563, -0.2618354656206436, 0.6293763763422943, 0.009887841104339254, -0.37408348174929057, 0.05202652850388253], [-0.6731056956719683, -0.42997138837832755, -0.38396522527445975, 0.20029762104778698, 0.33894975867905347, 0.16269080605835823, 0.5937999852829007, -0.139954393015141, -0.5868173381463886, -0.12385147764491662, -0.12183544069860246, 0.4220442507854847, -0.091365166328877], [-0.09052547262497926, -0.5916943149465314, -0.6277993718918182, -0.27619436409403075, -0.4395719677335124, -0.8331084454344642, 0.08645687006528142, -0.008804958538077987, 0.051093146633323, 0.3895647155848989, 0.5764041795765302, 0.4149151404560878, -0.08204495151908534]], "inverted": false, "swapped": false, "error_lsq": 0.04825914913152983, "error_max": 0.3198540505896965, "target": "1013.xyz", "model": "9.xyz", "model_rescale": 3.833441315466971, "target_rescale": 3.9304625537739546},
{"mapping": [7, 4, 6, 12, 5, 1, 0, 2, 9, 11, 8, 13, 14], "R": [[-0.883284321210763, -0.05314083158459225, 0.4658163371133951], [-0.1681623418735713, 0.9633550421228668, -0.20897006865110113], [-0.4376416738369854, -0.2629127513738118, -0.8598526911548362]], "T": [0.13478692459361427, -0.07323155603005702, -0.10995443924644842], "aligned_model": [[0.26750815778303016, -0.17586156097548186, 0.39272702894811995, 0.7043716125116913, -0.37613258358718826, 0.31783964796757713, 0.12370861221282824, -0.5576019117805954, -0.30615082622072054, 0.6251860877464583, 0.07269183349975564, -0.4267140482841302, 0.07703020380210072], [-0.7021784073433327, -0.387810697882786, -0.22834154058109393, 0.05516465018652775, 0.2255697257572117, 0.42812928688603347, 0.6076568595316548, -0.1252986888914677, -0.5285717123870735, -0.33533832835389066, -0.15558277232169263, 0.4557645361517786, -0.14224661405696643], [0.0653307833640532, -0.7736185576188874, -0.7187543762562014, -0.2586412067452003, -0.4372375760402388, -0.6205794861934895, -0.11950421685231899, 0.07588680447408581, 0.3961575725140689, 0.28519841943553426, 0.6626527308044603, 0.09145641778054565, -0.07965710313278984]], "inverted": true, "swapped": false, "error_lsq": 0.04194830333037584, "error_max": 0.20755412850345015, "target": "1013.xyz", "model": "10.xyz", "model_rescale": 4.2482417240324, "target_rescale": 3.9304625537739546},
{"mapping": [7, 1, 5, 2, 11, 6, 4, 3, 0, 10, 8, 12], "R": [[-0.9338955799069762, -0.06219197205996295, 0.35209544791363856], [-0.2145994844123581, -0.6901576616011234, -0.6911074181509121], [0.28598270423255157, -0.7209816646382642, 0.6311888244695678]], "T": [-0.06223856308499822, 0.18979518527261877, -0.09579587509045574], "aligned_model": [[-0.7364145174897864, -0.13451628780669486, 0.4904995403831651, 0.6303694483431177, -0.5589917632980631, 0.22511146552377528, -0.16054397563429149, 0.5572298081662211, 0.13284501564456477, -0.1391436189837168, -0.4401212581655033, 0.010441745680218627], [-0.0805272720094313, -0.6348742534816639, 0.07293536547934107, -0.43342502025133844, 0.5071137492394763, 0.595549584591872, 0.046056837388810806, 0.28342968055743134, -0.2489778856505733, 0.6377680631477847, -0.06477929820923131, -0.014138160751838658], [-0.030094378719155268, 0.0628246740438738, 0.5670917965898705, -0.09986557900309818, 0.1349756204921893, 0.3829953558604292, 0.5492200900470355, -0.1161647738544537, -0.5845948615764879, -0.6615714967872247, -0.539781233332914, -0.09984292390570808]], "inverted": true, "swapped": true, "error_lsq": 0.047782508627924825, "error_max": 0.2945585424047778, "target": "1013.xyz", "model": "11.xyz", "model_rescale": 3.6694154284099745, "target_rescale": 3.9304625537739546},
{"mapping": [0, 4, 1, 12, 8, 2, 10, 11, 6, 5, 7, 9, 13], "R": [[0.8655175631157682, -0.02725184151830179, 0.5001366663943002], [0.3028871382469074, -0.766788168582888, -0.5659463631881553], [0.39892195906309913, 0.6413214807373614, -0.6554143948084274]], "T": [0.05854936259731278, -0.07797567125336419, -0.09970667720736981], "aligned_model": [[0.3656215667438637, -0.27403071985075456, 0.4118192472160375, 0.7209825979909632, -0.4170302681736119, 0.21580102464582626, 0.2530383985921424, -0.6697806657727696, -0.12503573894923445, 0.49172419763856096, 0.09346323228822076, -0.43068439350261717, 0.1027137747568185], [-0.7104120029740553, -0.566936034291242, -0.2368095082965903, 0.0728882725436718, 0.37722545310011474, 0.31142189623355016, 0.5095496348010344, -0.14993864062456005, -0.5097726747716456, -0.41776541425552133, 0.17914909713374788, 0.48244026142671975, -0.17412404333032136], [-0.22803754717135521, -0.5446638682797196, -0.8523325437128737, -0.11351896790782981, -0.4728203361562338, -0.5996616977947932, 0.04353024865998267, -0.002828662566330381, 0.2160506531848908, 0.48465047840398845, 0.596592966376213, 0.20240353642460046, -0.16067405392691714]], "inverted": true, "swapped": false, "error_lsq": 0.05323170138059267, "error_max": 0.31294659982163026, "target": "1013.xyz", "model": "12.xyz", "model_rescale": 3.9764082729961374, "target_rescale": 3.9304625537739546},
{"mapping": [6, 5, 4, 7, 9, 0, 2, 12, 13, 3, 11, 1, 15], "R": [[-0.5092093207429629, 0.850472196425121, -0.1319200923905105], [-0.7211909109272798, -0.5053069590150876, -0.47386553701108636], [-0.4696696047908263, -0.14615717662419148, 0.8706598314249223]], "T": [0.009373539877756222, -0.09513218773031573, -0.03014622376497561], "aligned_model": [[0.07941747263450658, -0.2388709212832805, 0.4434533833509282, 0.6546959122219032, -0.32873740014647984, 0.1857275417746783, 0.21253887776647068, -0.6220410994841814, -0.2917102778474841, 0.7334577064469653, 0.12042090939088557, -0.3189622010840022, 0.10921234988253578], [-0.8402943390071261, -0.36071036061944506, -0.30290242338373835, 0.21511909238960264, 0.15025634784527742, 0.295562658821957, 0.675090797165766, -0.08406134467369195, -0.5458745867877645, -0.11857769937812085, -0.21460397299230055, 0.4318120910878471, -0.13389996377335994], [-0.18339772127059692, -0.7855711554573686, -0.5633159345007372, -0.27167650728872833, -0.4625402400991698, -0.6161195477266537, -0.0718584872429297, 0.06154087773636885, 0.2538614708188664, 0.39833466848222593, 0.7469893326213857, 0.10344998310069464, -0.041006533639735214]], "inverted": false, "swapped": false, "error_lsq": 0.04806994188113677, "error_max": 0.27441623516664404, "target": "1013.xyz", "model": "13.xyz", "model_rescale": 4.170626492500431, "target_rescale": 3.9304625537739546},
{"mapping": [1, 0, 7, 10, 4, 8, 12, 2, 3, 9, 11, 6, 13], "R": [[0.4193899337326878, -0.27722831368702405, 0.8644400184940195], [0.175624128936117, 0.9590176158377623, 0.22235417209552027], [-0.8906560777422012, 0.058563423765206166, 0.4508903154623915]], "T": [-0.003952353605605016, -0.048135399555861644, -0.11763416778573318], "aligned_model": [[0.23189763114620698, -0.13540343178488173, 0.5019353850602497, 0.5455640765831589, -0.34555982497716814, 0.2795523645284193, 0.2687097404912116, -0.6328726707430636, -0.2540177196944893, 0.6042825599320735, 0.19565501484170078, -0.5135905573778247, -0.007550314382147476], [-0.7790019764159974, -0.44187776356880354, -0.3361355039909639, 0.07818535343222131, 0.4412984380598959, 0.3040723099373227, 0.6307738619174935, -0.1915676073592968, -0.4597349230135012, -0.3922737731136993, 0.0803173643365561, 0.2324558600007144, 0.00040465647296142326], [-0.14962325055881898, -0.5460568228296607, -0.6820483229960062, -0.13771065383161257, -0.5008077377156795, -0.7068124913637782, -0.1386987901325738, -0.24732072719994141, 0.37585012720465427, 0.29215298216245333, 0.5481859558520896, 0.48984152172485695, -0.028261584782361376]], "inverted": false, "swapped": false, "error_lsq": 0.04790049532125625, "error_max": 0.27531118028822193, "target": "1013.xyz", "model": "14.xyz", "model_rescale": 3.9786697098870705, "target_rescale": 3.9304625537739546},
{"mapping": [1, 7, 5, 2, 4, 6, 8, 10, 3, 0, 11, 12], "R": [[0.8893313912529669, 0.25157363156772733, -0.3818381652374313], [-0.13150665625741556, 0.9404880466404905, 0.31335001753047437], [0.437944832018893, -0.2284577466976772, 0.8694891500655795]], "T": [-0.007185939853844005, 0.09190484948635971, 0.08915626843441664], "aligned_model": [[-0.13435507808529767, -0.6844529579236875, 0.6344964107364593, 0.6086374955764594, -0.009644743779153843, 0.39587619587489803, -0.4779715481656582, -0.13262588001197564, 0.60627956112217, 0.05783870519726391, -0.423617618163039, 0.04289405438889792], [-0.5039186677502541, 0.017303657846838738, 0.24081681280412884, -0.553066575428023, 0.32275829083913216, 0.6294725228817823, -0.2852237299794169, 0.18746360077177485, 0.05157614359892294, -0.5627543092787829, 0.5639099382918883, -0.09366319437355225], [-0.493326845400813, -0.17093637558841251, -0.48063727478559365, -0.1808422537400553, -0.5377974020787574, -0.06898805048305763, 0.29129840350684805, 0.7975555114512378, 0.21145528036186845, 0.28072098603128365, 0.022028408527870455, -0.010563893928588447]], "inverted": false, "swapped": true, "error_lsq": 0.04517119843615048, "error_max": 0.251013713268716, "target": "1013.xyz", "model": "15.xyz", "model_rescale": 3.769337070930944, "target_rescale": 3.9304625537739546},
{"mapping": [11, 6, 8, 10, 7, 4, 1, 5, 0, 9, 12], "R": [[0.347813283463943, 0.2777662470021107, 0.8954729654614891], [0.24671653403857927, 0.8943285152837759, -0.3732391439577413], [-0.9045202439293559, 0.3507455185411203, 0.2425298116630186]], "T": [-0.08284578460749449, 0.02344016718554188, -0.02259128741888781], "aligned_model": [[-0.24325048825006945, -0.22736758247392136, -0.05355903850776049, -0.740090626913392, 0.20503024297863054, 0.3465841978374327, 0.7227641091172304, 0.31364027000439293, 0.07332550800962943, -0.5683010785950017, 0.09385061748399957], [-0.08688390419712563, -0.6515098802888232, 0.6456758287668232, 0.32905588594253843, 0.3630974598707552, -0.39861864646694434, 0.26510659380698437, -0.6959453192853412, 0.5187171294311772, 0.22692536645855682, 0.08044398358674112], [-0.6249277602115043, -0.020694527111864546, -0.15178712781026976, 0.01380089239833281, -0.6002282420028414, -0.312119369073687, 0.032674151064718535, 0.2670274690987337, 0.42441555556912075, 0.6272182251057897, 0.08883834019724836]], "inverted": true, "swapped": true, "error_lsq": 0.04807138694711337, "error_max": 0.2566914976620096, "target": "1013.xyz", "model": "16.xyz", "model_rescale": 3.7852294659196426, "target_rescale": 3.9304625537739546},
{"mapping": [0, 10, 9, 8, 7, 11, 2, 5, 4, 3, 3, 1, 12], "R": [[0.8890157775454892, -0.2862889371334499, -0.3573368043599613], [0.2810160672040312, -0.2749984443956416, 0.9194595290458178], [-0.36149815663204865, -0.9178314115647694, -0.16402616467092707]], "T": [0.013093419828178646, -0.04202511396753916, -0.154276598179079], "aligned_model": [[0.2856923150424263, -0.23808998384390212, 0.5334140299495904, 0.649517201654584, -0.37195657281481165, 0.23840118538846344, 0.15889135831397339, -0.6341476963292093, -0.3873504084330694, 0.3877240455374859, 0.3877240455374859, -0.30308948560585053, 0.031872219226279], [-0.6294771191400301, -0.5210654502481489, -0.4816036599749196, -0.0053975848317496244, 0.5008649014017074, 0.3609658140314306, 0.5269333692157708, -0.07357195156481414, -0.5680893321493692, -0.039607518931294106, -0.039607518931294106, 0.2106758903291837, -0.07410354251157003], [0.060984033812729765, -0.751505473247096, -0.686534947183358, -0.28780227094522726, -0.37435372001238976, -0.7241597416059, 0.01635817722531699, -0.04340394531403363, 0.10006149146895368, 0.5472513204937631, 0.5472513204937631, 0.402881123642842, -0.23833716329574245]], "inverted": false, "swapped": false, "error_lsq": 0.05710016179615788, "error_max": 0.44125607920683346, "target": "1013.xyz", "model": "17.xyz", "model_rescale": 3.901054581598922, "target_rescale": 3.9304625537739546},
{"mapping": [4, 1, 8, 5, 3, 2, 13, 7, 6, 10, 11, 12, 14], "R": [[0.8152684114129435, -0.01705658550836578, -0.5788320051992731], [0.01977857954602044, -0.9981627510668557, 0.0572706746405869], [-0.57874538887438, -0.058139446793395166, -0.813433205360588]], "T": [0.08515874241596039, -0.07662006960577857, -0.13707027478515857], "aligned_model": [[0.419390420956953, -0.2902263568913804, 0.47800183722632617, 0.6305482810977387, -0.3530534765277587, 0.24731860417036516, 0.23759385563995564, -0.5679476902095073, -0.3157368517770988, 0.6175906500690647, -0.09611946642856584, -0.3443683181491108, 0.07561076444646374], [-0.7901338881088819, -0.5894348851195014, -0.2976613286429164, 0.21046780635682277, 0.4959090232403965, 0.39070006651097994, 0.6333719001161676, -0.14643897963960006, -0.5701115495013657, -0.4145500594934676, -0.10061115268055362, 0.3893062080608124, -0.04389686440398955], [-0.2060716209647756, -0.4230642286434184, -0.6241363039875283, -0.23814870753606363, -0.3892336712683373, -0.7996819043267135, -0.1503795755675984, -0.04621692447726547, 0.26227246910434565, 0.3871179869836865, 0.6396495124339489, 0.2507367804617715, -0.09415360667842987]], "inverted": true, "swapped": false, "error_lsq": 0.048461928718576235, "error_max": 0.28739499629294496, "target": "1013.xyz", "model": "18.xyz", "model_rescale": 3.9405287249114394, "target_rescale": 3.9304625537739546},
{"mapping": [1, 12, 3, 10, 13, 14, 11, 4, 0, 2, 6, 7, 15], "R": [[-0.9183376368765388, 0.39335426169987, 0.04391365958975396], [-0.38899845472041683, -0.8765119377487582, -0.28356132530555894], [-0.0730492089015502, -0.27748738311221915, 0.9579481015652103]], "T": [-0.04075803916262031, -0.013682973424589545, -0.06488801688506313], "aligned_model": [[0.20432545215368003, -0.19687579658334078, 0.458969896323897, 0.702110589042485, -0.25353955139442524, 0.24302892023787961, 0.2987254151859298, -0.7202221747181035, -0.3232046595594578, 0.7290449741521126, 0.20601776540545985, -0.6076564882087391, -0.0021220884139319385], [-0.623377166045967, -0.2780317333483707, -0.46553238135758734, 0.14706285698748242, 0.5047232106364921, 0.24657087368597766, 0.619337021413578, -0.2833490175281045, -0.5323111622037107, -0.10825978677425464, -0.3524887706735482, 0.3044229231255018, -0.011850571222586103], [-0.0038429700145904133, -0.5186346875660467, -0.585976011295746, -0.26541486341770204, -0.43544017482175795, -0.7368045733223594, -0.12189566776174976, -0.08143316020506991, 0.2871389229733009, 0.32726479782015655, 0.5536552634296568, 0.2054087385348095, -0.05533540881928026]], "inverted": true, "swapped": false, "error_lsq": 0.04660318131335893, "error_max": 0.28638423428749443, "target": "1013.xyz", "model": "19.xyz", "model_rescale": 4.410303926677745, "target_rescale": 3.9304625537739546},
{"mapping": [7, 2, 12, 9, 6, 11, 10, 0, 1, 8, 5, 3, 13], "R": [[0.41001090552997715, -0.10745847046817247, 0.9057282895389374], [-0.8409632236089845, 0.3398890580673252, 0.4210181525104253], [-0.3530891019044251, -0.9343062160398738, 0.048989598748909804]], "T": [-0.026776174539242255, -0.06956323551579449, -0.17320508103399582], "aligned_model": [[0.2213409767598528, -0.38134613245441346, 0.5280969941594384, 0.6416063834443213, -0.319911792610914, 0.31454944456941836, 0.3854842547341865, -0.7225098556035956, -0.18438627360353022, 0.5778965607338823, 0.16366353055437044, -0.5219074708589284, 0.03602563379935681], [-0.7366093543651644, -0.5219504512020369, -0.33452579482611877, 0.0914271379437612, 0.3379244581175528, 0.4443478759101679, 0.552650136701906, -0.1825540948778376, -0.664314731905381, -0.2667174543701643, 0.1636370573610077, 0.3475959101312527, -0.06399439792404253], [-0.19165825206032955, -0.5021954756989082, -0.6120507784158634, -0.20789776938925567, -0.46394742768073527, -0.7268525462920801, 0.17034385419357437, -0.04534936838878387, 0.2563872901595434, 0.2587193088915115, 0.6068084221147716, 0.1535761031094914, -0.12719315500931447]], "inverted": false, "swapped": false, "error_lsq": 0.04572962192720864, "error_max": 0.3494183961144259, "target": "1013.xyz", "model": "20.xyz", "model_rescale": 4.121658175737393, "target_rescale": 3.9304625537739546},
{"mapping": [5, 3, 1, 6, 4, 2, 10, 7, 7, 8, 9, 11, 12], "R": [[-0.8768559140832902, 0.4006337974548141, 0.26573721281388646], [0.29655947021329865, 0.885811780996908, -0.35691731433750007], [-0.37838629278022934, -0.2341581708675168, -0.8955410456545326]], "T": [0.14458404345599501, -0.07790783840532262, -0.12778873526813672], "aligned_model": [[0.2230756289753264, -0.37070643185684843, 0.4523306619094279, 0.7420656168017661, -0.16034795438499527, 0.23259846873701068, 0.2748007593245393, -0.42162235188165526, -0.42162235188165526, 0.6258922597642411, 0.08962450075898054, -0.6114319934311485, 0.08394544078845645], [-0.7448890133420254, -0.29377754010501006, -0.3487576892227309, 0.17447556552230703, 0.3427971222255765, 0.2749221540433237, 0.6637906065145329, -0.3881548253918557, -0.3881548253918557, -0.31561663431865955, 0.0981355842118723, 0.25461229548596753, -0.16246650353653946], [-0.014304316648392462, -0.5407254142976601, -0.6884198467274523, -0.17186649617173255, -0.3710075970370657, -0.7941040446977331, 0.07617220554865892, 0.09576256676722669, 0.09576256676722669, 0.27907737529662513, 0.5712470558043953, 0.1762492815444887, -0.14515313061496346]], "inverted": false, "swapped": false, "error_lsq": 0.05517155629735784, "error_max": 0.3626010989940058, "target": "1013.xyz", "model": "21.xyz", "model_rescale": 4.08911054899281, "target_rescale": 3.9304625537739546},
{"mapping": [14, 5, 12, 13, 6, 7, 0, 11, 15, 3, 2, 1, 16], "R": [[-0.9017444322956736, 0.427145413112185, 0.06636094394276093], [0.3197688185168135, 0.5558525078131673, 0.7673173347854031], [0.29086918284361907, 0.7131442950869297, -0.6378246881838706]], "T": [-0.003237469230944305, -0.07818437325071195, -0.16669083865416207], "aligned_model": [[0.318390439605605, -0.4434275167177682, 0.5411914794498749, 0.6444702306429941, -0.21618982926511626, 0.37427949253581966, 0.13261406396117187, -0.7142230753846109, -0.23144132479711158, 0.732812968885182, 0.06683866486420487, -0.4959507293516923, 0.02923738919489227], [-0.6157241276672486, -0.33399504227297605, -0.40793052783351, 0.04397831634567126, 0.4980288534585047, 0.2804130185963988, 0.6783326471158886, -0.3153209717489735, -0.5335740813305807, -0.310466969317167, -0.038963386727005694, 0.26592941800943415, -0.04379084993353275], [-0.027302580087303574, -0.655078673940932, -0.5406348176272706, -0.21445043269376773, -0.5888208402799624, -0.6511338612566917, -0.0702244869854769, -0.011260044557802301, 0.35489350924542856, 0.2314967696514761, 0.5508082059581905, 0.3517855091494693, -0.1613880510417352]], "inverted": true, "swapped": false, "error_lsq": 0.040611311325909304, "error_max": 0.20267253214612954, "target": "1013.xyz", "model": "22.xyz", "model_rescale": 4.204369325754507, "target_rescale": 3.9304625537739546},
{"mapping": [1, 12, 3, 10, 13, 14, 11, 4, 0, 2, 6, 7, 15], "R": [[-0.9183376368765388, 0.39335426169987, 0.04391365958975396], [-0.38899845472041683, -0.8765119377487582, -0.28356132530555894], [-0.0730492089015502, -0.27748738311221915, 0.9579481015652103]], "T": [-0.04075803916262031, -0.013682973424589545, -0.06488801688506313], "aligned_model": [[0.20432545215368003, -0.19687579658334078, 0.458969896323897, 0.702110589042485, -0.25353955139442524, 0.24302892023787961, 0.2987254151859298, -0.7202221747181035, -0.3232046595594578, 0.7290449741521126, 0.20601776540545985, -0.6076564882087391, -0.0021220884139319385], [-0.623377166045967, -0.2780317333483707, -0.46553238135758734, 0.14706285698748242, 0.5047232106364921, 0.24657087368597766, 0.619337021413578, -0.2833490175281045, -0.5323111622037107, -0.10825978677425464, -0.3524887706735482, 0.3044229231255018, -0.011850571222586103], [-0.0038429700145904133, -0.5186346875660467, -0.585976011295746, -0.26541486341770204, -0.43544017482175795, -0.7368045733223594, -0.12189566776174976, -0.08143316020506991, 0.2871389229733009, 0.32726479782015655, 0.5536552634296568, 0.2054087385348095, -0.05533540881928026]], "inverted": true, "swapped": false, "error_lsq": 0.04660318131335893, "error_max": 0.28638423428749443, "target": "1013.xyz", "model": "23.xyz", "model_rescale": 4.410303926677745, "target_rescale": 3.9304625537739546},
{"mapping": [4, 0, 3, 10, 7, 1, 11, 12, 5, 8, 15, 13, 16], "R": [[0.4881221349398799, -0.8331172546784923, 0.2601007907306433], [0.8461297146618035, 0.5247933635285352, 0.09303994605943094], [-0.21401235326043405, 0.17466415073900798, 0.9610885219887668]], "T": [0.037915221987932325, 0.03081282988222661, 0.012391864770249658], "aligned_model": [[0.3733049731934865, -0.3332849973727134, 0.3779248028804549, 0.673985436528589, -0.3111075740290347, 0.2577731663774532, 0.25808075513067236, -0.7011803600160298, -0.1830674111144466, 0.7140350968005957, 0.10270330947383688, -0.5648088081318933, 0.0742438639024746], [-0.5679347308762746, -0.3074903455679067, -0.4380140816377325, 0.06355371874366043, 0.3809297104771441, 0.2939150680586868, 0.6218815352310612, -0.26603905651571297, -0.5221764568407823, -0.3305251170967646, -0.10620594353642948, 0.35984958901905784, -0.01482759276310449], [-0.04145464173826756, -0.5516534966264489, -0.6759727163711748, -0.12224343018014934, -0.4320540312230429, -0.7742306915588254, -0.04133345685734492, -0.09620147290710014, 0.2148061875457138, 0.3090456532354735, 0.7097745074317336, 0.1628750149299384, -0.09266722014688338]], "inverted": false, "swapped": false, "error_lsq": 0.03501538481576308, "error_max": 0.1832196499761621, "target": "1013.xyz", "model": "24.xyz", "model_rescale": 4.28219845311461, "target_rescale": 3.9304625537739546},
{"mapping": [13, 4, 7, 9, 1, 3, 5, 0, 2, 12, 14, 6, 15], "R": [[-0.3736061432203285, 0.5125547439904707, -0.7731145349564285], [0.8579921835020474, 0.5077013645086434, -0.07803036284325937], [0.35251647166823374, -0.692478850860389, -0.6294483126624894]], "T": [0.10795735784872643, -0.019378760123811796, -0.05488199704229161], "aligned_model": [[0.32220163866619567, -0.24832208364487382, 0.4636916310507039, 0.7191965323703976, -0.19472930195383184, 0.12914166499629112, 0.32416432998632977, -0.6942945324119205, -0.28922493705077335, 0.7010794856949136, 0.08649775262251894, -0.617144950806663, 0.03634502410415691], [-0.5714382718404755, -0.3580156994029579, -0.4477099697858972, 0.10606009450117326, 0.41484047006412533, 0.19027399554433816, 0.7981657773749934, -0.10975662333786756, -0.5135384551783844, -0.26386819595266203, -0.2054172552176584, 0.15993659384726985, -0.032616163921093684], [-0.007488531277813369, -0.5962123545416399, -0.5985100936755511, -0.3147385904920395, -0.41503730376320735, -0.8002961718681083, -0.15565974914609657, -0.17226137534140598, 0.20363772133496869, 0.36087148455506773, 0.6834091302113016, 0.44936970674647275, -0.0683936672083268]], "inverted": true, "swapped": false, "error_lsq": 0.05009009522184852, "error_max": 0.31985576089333195, "target": "1013.xyz", "model": "25.xyz", "model_rescale": 4.100010024507729, "target_rescale": 3.9304625537739546},
{"mapping": [7, 1, 5, 2, 11, 6, 4, 3, 0, 10, 8, 12], "R": [[-0.9338955799069762, -0.06219197205996295, 0.35209544791363856], [-0.2145994844123581, -0.6901576616011234, -0.6911074181509121], [0.28598270423255157, -0.7209816646382642, 0.6311888244695678]], "T": [-0.06223856308499822, 0.18979518527261877, -0.09579587509045574], "aligned_model": [[-0.7364145174897864, -0.13451628780669486, 0.4904995403831651, 0.6303694483431177, -0.5589917632980631, 0.22511146552377528, -0.16054397563429149, 0.5572298081662211, 0.13284501564456477, -0.1391436189837168, -0.4401212581655033, 0.010441745680218627], [-0.0805272720094313, -0.6348742534816639, 0.07293536547934107, -0.43342502025133844, 0.5071137492394763, 0.595549584591872, 0.046056837388810806, 0.28342968055743134, -0.2489778856505733, 0.6377680631477847, -0.06477929820923131, -0.014138160751838658], [-0.030094378719155268, 0.0628246740438738, 0.5670917965898705, -0.09986557900309818, 0.1349756204921893, 0.3829953558604292, 0.5492200900470355, -0.1161647738544537, -0.5845948615764879, -0.6615714967872247, -0.539781233332914, -0.09984292390570808]], "inverted": true, "swapped": true, "error_lsq": 0.047782508627924825, "error_max": 0.2945585424047778, "target": "1013.xyz", "model": "26.xyz", "model_rescale": 3.6694154284099745, "target_rescale": 3.9304625537739546},
{"mapping": [2, 0, 4, 10, 7, 8, 9, 1, 6, 11, 12, 3, 13], "R": [[0.3123392110912839, -0.20652991939107293, -0.9272484077156409], [-0.6436739540414476, -0.7638750283839919, -0.04667742387926188], [-0.6986616191716295, 0.611424838723185, -0.37152605358010143]], "T": [0.037768382346736885, -0.020325077680452733, -0.21186457162784078], "aligned_model": [[0.2599507915205034, -0.14907020948849412, 0.47463170991912734, 0.6303535767497609, -0.3774790496777222, 0.2677788641530205, 0.3106824624617872, -0.7815649151098816, -0.34549524661519954, 0.6583540841554953, 0.12048590023606129, -0.3859738930655801, 0.055948178384567185], [-0.6244650968839767, -0.5741605040644633, -0.38264130359985166, 0.011130325460530874, 0.4480787104129573, 0.3477512736482992, 0.534363425033702, -0.3490540637548824, -0.3516382360054829, -0.17129331504626627, -0.0681172982879867, 0.4189614705715582, -0.07199909078923514], [0.006720561566961991, -0.5205569819916377, -0.8063458207407356, -0.31057660169614093, -0.2774083449040239, -0.6808764800926512, 0.07571516566607545, -0.22850353460907102, 0.251310356061485, 0.36107298802624743, 0.5759212680780273, 0.31757006351305006, -0.19535243334396535]], "inverted": true, "swapped": false, "error_lsq": 0.04896296817368665, "error_max": 0.3004925990331751, "target": "1013.xyz", "model": "27.xyz", "model_rescale": 4.103607728864725, "target_rescale": 3.9304625537739546},
{"mapping": [13, 3, 10, 6, 0, 9, 5, 2, 4, 11, 8, 1, 14], "R": [[0.24465969276355504, 0.043996009357677224, -0.9686103374925554], [0.5973485626115786, -0.7937181431913439, 0.11483119748032872], [-0.7637514841116342, -0.6066925583271023, -0.22047179000450762]], "T": [0.16906687651032348, -0.1558698276515479, -0.1758076837616004], "aligned_model": [[0.189422117003075, -0.3478461737184224, 0.43609137964188616, 0.6962242144455765, -0.34607224666484926, 0.379841064098848, 0.24028828852406947, -0.5355457365681979, -0.3965799392194771, 0.7430096887535967, 0.1348468780230684, -0.4853972082765474, 0.03031992758081936], [-0.7018300851219288, -0.24506398761486037, -0.2783421849520328, 0.19474147106424433, 0.2806868282410109, 0.3990742136302089, 0.569558984623175, -0.36356392517273567, -0.4829095211037246, -0.30429836592426046, -0.1546804757760611, 0.34383867516804556, -0.09029533036617775], [0.17259667097734194, -0.7128143437747344, -0.5923094397367183, -0.1968818652572698, -0.4076302688387819, -0.7394878048810706, -0.11399377614913879, -0.13451684243330658, 0.45244227118942126, 0.17149600288712508, 0.6434038603173806, 0.1775038020533286, -0.15111806081995532]], "inverted": true, "swapped": false, "error_lsq": 0.04772104752936462, "error_max": 0.288270489059482, "target": "1013.xyz", "model": "28.xyz", "model_rescale": 4.137296879288765, "target_rescale": 3.9304625537739546},
