[{"mapping": [4, 10, 2, 3, 1, 8, 9, 12, 6, 13, 5, 14], "R": [[-0.3398680830785549, -0.8839968667826916, -0.32099723616083264], [-0.7831331081956281, 0.07702003256768919, 0.6170660008711607], [-0.520761193784986, 0.46110460212587007, -0.718463864746154]], "T": [-0.18811624025182982, -0.06145942923348794, 0.019000886025495337], "aligned_model": [[-0.24035940735223515, 0.3283760695433119, 0.30244939923434183, -0.14270507976856758, -0.22983555387186366, -0.5516701149194982, 0.23182440791011405, -0.30316199107675246, 0.6733912487613452, 0.2871958414969101, -0.4646577790927116, -0.05320457840384535], [-0.33824604976461164, -0.6419685135773069, -0.14653083397295372, 0.7343032057290466, 0.24424869434319738, -0.687715538998049, -0.294264622312317, -0.5546488120418808, 0.12174961807030807, 0.26733601928070305, 0.3802045478306492, -0.03091267860972797], [-0.4143781040969431, 0.005348796051572638, -0.5819246759239997, -0.16219018444935313, -0.6828471626720081, -0.07851663989011452, 0.6144802124798616, 0.4853110720172273, 0.030456953224462124, 0.49090929768457814, 0.3871405693503877, 0.08816161157789142]], "inverted": true, "swapped": true, "error_lsq": 0.04938109150046954, "error_max": 0.2338370566275779, "target": "1014.xyz", "model": "0.xyz", "model_rescale": 3.751011558992144, "target_rescale": 4.249054385814812},
{"mapping": [5, 10, 11, 4, 9, 8, 6, 2, 13, 7, 12, 0, 3, 1, 14], "R": [[0.03965033398399289, 0.8848263759944989, 0.4642306919618734], [-0.7991498514372241, 0.3069758581754958, -0.5168416947627977], [-0.5998227787962215, -0.35049694269973286, 0.7192805622254222]], "T": [0.08506978152248301, 0.012636935320763015, 0.01750156885184069], "aligned_model": [[-0.25209343129913786, 0.003446290510195127, -0.19989666637778486, 0.6428535681831293, -0.4947147249777154, 0.3956114554480792, 0.4277233992016084, -0.05614828639491912, -0.554880557763504, 0.2679980477793523, -0.3809603620786386, 0.43301152531618775, -0.1807361355379572, 0.7476255710742562, 0.04006657319106831], [-0.37083343997027907, 0.3945939086537693, 0.757820637010652, 0.08445364810200527, 0.14152627151177558, -0.4714224988511424, 0.6750741628358338, -0.7829693293070684, -0.30317412811699906, 0.34934159528616493, 0.33779312945985684, -0.3093145199333174, -0.2502270954198723, 0.07988375080469631, 0.04166467475965193], [-0.34216144869315246, -0.7035395009674289, 0.0024561963561409855, -0.5386401190421843, -0.26785274839753187, -0.3136609065051, 0.10405307469486491, 0.1930186078159632, 0.15251687820096127, 0.5586524213496292, 0.4961083581322572, 0.609775426020179, 0.6835763434163935, 0.22288715981316531, 0.029159785967452688]], "inverted": true, "swapped": false, "error_lsq": 0.0428916675124468, "error_max": 0.2773368585020541, "target": "1014.xyz", "model": "1.xyz", "model_rescale": 3.9405287249114394, "target_rescale": 4.249054385814812},
{"mapping": [6, 3, 13, 4, 0, 9, 2, 1, 7, 12, 8, 10, 14], "R": [[0.3128947278940096, 0.14494071842731943, 0.938663452680409], [-0.5638624832133475, -0.7669348748004634, 0.30638211083429], [0.7643009808188207, -0.6251424525310774, -0.15824324555196229]], "T": [0.005369348883505792, -0.09867959617840824, -0.05929284917644434], "aligned_model": [[-0.4017649119123048, 0.3954584970327123, -0.49935404161457186, 0.2716952233791885, 0.5438276697916172, -0.7588439233404766, 0.17617306222864484, 0.6740740348627828, 0.06926930953336122, -0.46260580240245897, 0.059018752980888156, -0.4613114886705756, -0.10965310258487584], [0.6672731867060075, 0.44193260539453816, 0.32364526218628176, -0.175775146218378, -0.334664125355317, -0.07466859784404911, 0.3993831698240341, 0.24048145538592944, -0.6942966707031643, -0.5999256150490463, -0.7097047857234519, -0.028306360797411945, 0.0034582157660443535], [0.09384100793322733, -0.5322616142396905, -0.4108914613835128, 0.37692307858343244, -0.27012375779566167, -0.08265051715487805, 0.5166957741336404, 0.10068360365748585, -0.500976972687916, 0.0012725535106642705, 0.3377559662675229, 0.5581195626243776, -0.07526687386004753]], "inverted": true, "swapped": true, "error_lsq": 0.0453953852638747, "error_max": 0.24011536317029758, "target": "1014.xyz", "model": "2.xyz", "model_rescale": 3.932901565614263, "target_rescale": 4.249054385814812},
{"mapping": [12, 10, 8, 9, 7, 0, 4, 5, 13, 3, 2, 6, 1, 14], "R": [[-0.5570222826030243, 0.8236116216406381, -0.10672428674952722], [0.5779888774256857, 0.4767267856416744, 0.6623144490526784], [0.5963682035923046, 0.30723845551987117, -0.741585798942949]], "T": [0.002746727543013236, -0.15308814400052861, 0.0018750723452954695], "aligned_model": [[-0.18945928412318364, 0.5253331461070821, 0.16380448331292102, -0.12894270800088314, -0.6039621572885002, -0.19114934427655988, 0.4199884705322008, -0.6031874555383934, -0.2523823223688325, -0.18428274661970245, 0.7357455932873213, 0.3493468105805892, 0.3730294397730602, 0.0059279866755843034], [0.0075481871011885415, 0.26403786011923397, -0.51385643340948, 0.5256696780309004, -0.48261210595226534, -0.7295239203597642, -0.439878060140601, -0.1744899593457785, 0.5068840731989448, -0.21054743685770289, -0.08103426397642535, 0.5700710224944054, -0.5764684233504191, -0.0023035792017480072], [-0.6393497711121227, -0.39416888287095986, -0.612766647136321, -0.325370623936521, -0.2760566764073622, 0.14400825798925104, -0.10213647894099528, 0.200507511419435, 0.23866909978360956, 0.795505310036341, 0.2597979731202532, 0.36629399675525987, 0.5228630697995232, 0.03610022455770661]], "inverted": false, "swapped": true, "error_lsq": 0.04327338976666677, "error_max": 0.2869996289344432, "target": "1014.xyz", "model": "3.xyz", "model_rescale": 3.9243930471874484, "target_rescale": 4.249054385814812},
{"mapping": [3, 13, 1, 0, 4, 5, 7, 2, 10, 9, 8, 12, 14], "R": [[0.7237055932890657, -0.35737028907424995, 0.590369960896647], [0.20014213404929604, -0.7100186196035534, -0.6751419746945514], [0.6604493473539929, 0.606761927203126, -0.4423195940453388]], "T": [0.02497541818575472, -0.07853063581768911, -0.10274449249369093], "aligned_model": [[0.011530897849236724, -0.5632494296760538, 0.6375154457980066, 0.26232001321499804, 0.5134454307523206, -0.39909574780848145, -0.25810201815191974, 0.5662772051901331, 0.10991899143430733, -0.5468170558271083, 0.30665522882889396, -0.29821653658900205, -0.06497653870397797], [-0.5527229756351131, 0.10920635049976012, -0.3404245413817215, -0.6428737515470738, 0.031578461559561316, -0.5509269044225736, -0.566314435676935, 0.3236308872480442, 0.6862965997592636, 0.4255255235145102, 0.02732011345172615, 0.16681399020077703, 0.010720236111361414], [-0.7683956161689773, -0.5216381822778186, -0.4822111421631934, 0.020787383289402564, 0.025437270605635123, -0.16657653272127676, 0.38291166059195014, -0.4955062603688939, 0.005723805766030113, -0.03851997194887126, 0.5630857454943167, 0.4533755094035324, -0.19140335413087206]], "inverted": true, "swapped": true, "error_lsq": 0.0513154517464465, "error_max": 0.31263318299297305, "target": "1014.xyz", "model": "4.xyz", "model_rescale": 3.8936222436046832, "target_rescale": 4.249054385814812},
{"mapping": [1, 3, 2, 4, 6, 13, 11, 9, 8, 0, 10, 14], "R": [[0.8966832517905456, 0.43774029204446097, -0.06589827523663325], [0.23593289529084271, -0.5985425186881145, -0.765560266890967], [-0.3745594944438244, 0.6709174986861784, -0.6399803864796706]], "T": [0.028942350140946843, -0.12874713595535583, 0.035230978025540115], "aligned_model": [[-0.00704143103956778, -0.5263828894330693, -0.10881958412476486, 0.35463989847856614, -0.6811730883238517, -0.6257227388403721, -0.19299651460476172, -0.21723161070635935, 0.7380867170711078, 0.2951818631061579, 0.0972555753078104, -0.0982481546757984], [-0.4788225922384418, -0.6842268107356133, 0.18101719574739902, -0.0358983403153736, 0.34259995859871273, 0.04154425286181937, -0.061894460495707876, 0.41671570877999353, 0.04438807278204776, -0.6866764189063758, 0.636232262543218, -0.046055923511870836], [-0.6459011558591706, -0.19101392891570965, -0.6676708855551834, -0.355227392416604, -0.18716490913247866, 0.350096084346273, 0.8092247611868161, 0.5116894758526426, 0.06710995245532764, -0.053691293408801834, -0.08343369988636976, 0.06526771060877692]], "inverted": true, "swapped": true, "error_lsq": 0.0477743275077015, "error_max": 0.3026437526082882, "target": "1014.xyz", "model": "5.xyz", "model_rescale": 3.6523030999806103, "target_rescale": 4.249054385814812},
{"mapping": [8, 4, 0, 12, 5, 10, 1, 9, 2, 6, 3, 13, 14], "R": [[-0.4169353476388553, 0.8151997398368347, -0.40201281081481], [-0.33395502687060663, 0.273965082914147, 0.9018964316215567], [0.8453632094650914, 0.5102867012903647, 0.1580143239364039]], "T": [0.14009296160386292, 0.007334553401398929, 0.11593179436575125], "aligned_model": [[0.12920639751033158, -0.2576695913406138, 0.2126205646514242, 0.5334098535284286, 0.6515263250143546, -0.18629646728465227, -0.41688481988164233, 0.44340962262273215, -0.6225455097176276, -0.21150931318072774, 0.0722690309119223, 0.3888452412618563, 0.1447015705685087], [-0.3322500129670874, -0.05238225912605341, 0.4882466132773174, -0.5205760241700232, 0.36559104710170154, -0.6910508592210443, 0.5253821624072719, -0.5707151086950057, -0.06023626741225705, -0.20318091586685058, 0.7191254179165445, -0.079626280879452, -0.047500608201878784], [0.762802421052868, 0.44054908390825115, 0.5077724135686502, 0.317249270687218, -0.01505414874015125, 0.01759950673912998, 0.21180184779736455, -0.28281828455121505, -0.03513133081087087, -0.6637803497492981, -0.28015434315619053, -0.5821267187122694, -0.028599628551697218]], "inverted": true, "swapped": true, "error_lsq": 0.05540047554467424, "error_max": 0.35056355868428324, "target": "1014.xyz", "model": "6.xyz", "model_rescale": 4.08911054899281, "target_rescale": 4.249054385814812},
{"mapping": [10, 12, 13, 5, 11, 4, 2, 8, 9, 0, 1, 3, 9, 6, 14], "R": [[0.051308999874862427, 0.3939760613342322, -0.9176874465892009], [0.9982958735586088, -0.045810655318565485, 0.0361487578643927], [-0.02779811806033411, -0.9179783477592756, -0.39565517521884475]], "T": [0.1102641345813285, 0.07451151222612544, -0.05000878384948225], "aligned_model": [[-0.17561579344619033, -0.11488918194090539, -0.13056538268838053, 0.5404143510412562, -0.45744645969862546, 0.5690828587976279, 0.3604251461303534, -0.03732286663984072, -0.3687480046935772, 0.3576981824757429, -0.27116349383638383, 0.431181862186024, -0.3687480046935772, 0.5264320142880263, -0.021828961007331144], [-0.33464066133145814, 0.2967796737152473, 0.7314701736170013, -0.08615866447505742, 0.08317420496324177, -0.45456082640897294, 0.7443948748055327, -0.5885809851332989, -0.23710516188808917, 0.17578781798759924, 0.45066262783053407, -0.35957289500263123, -0.23710516188808917, 0.14899448719407526, 0.04067126284009238], [-0.5697607094121194, -0.6886830094594419, -0.2651854163790652, -0.6580031219658962, -0.1988734937507906, -0.13011701377606655, 0.3225704589047672, 0.01061621347974432, 0.48664727616387915, 0.8517537596938731, 0.4509596396709965, 0.5288124111457175, 0.48664727616387915, 0.21532034910397008, 0.04364490857816229]], "inverted": false, "swapped": false, "error_lsq": 0.04420189212612686, "error_max": 0.4123940388781427, "target": "1014.xyz", "model": "7.xyz", "model_rescale": 3.964800864290218, "target_rescale": 4.249054385814812},
{"mapping": [1, 2, 0, 3, 7, 6, 5, 4, 10, 9, 13, 11, 12, 14], "R": [[-0.934771465320522, -0.12492733843925245, 0.33255896880554714], [0.15939432008328872, -0.9841009372380017, 0.07835046938259595], [0.3174834772830084, 0.1262477937936797, 0.9398221832956053]], "T": [0.10812090980649473, 0.007877235537125249, -0.02014151979982398], "aligned_model": [[-0.028526903959860753, 0.14370663563935582, 0.13305679174013763, -0.6101814991412019, 0.23540514346043018, -0.34088520934614336, -0.28274899485775945, 0.46412238049250587, 0.48322912461339035, 0.07582420703347519, -0.4394239908292629, -0.10953573122292716, 0.5138781050261421, 0.02326783081259086], [-0.32883327741883317, -0.7493194648006575, 0.33356237913100545, -0.014310211174256455, 0.7394656151390456, -0.638554361364853, 0.5121038573973737, -0.24999089854908793, -0.4969650211982152, -0.006424151931756184, -0.037970514927421914, 0.5010126227796063, 0.3002895705318539, -0.0531176774326014], [-0.6952282156160046, -0.20558729264908887, -0.5524789338800855, -0.40960257719470583, -0.0701908563902871, 0.3753476021816317, -0.026875702326639134, -0.2920321396923785, 0.43633367738248546, 0.7439896387352447, 0.4846536233817304, 0.5817185908056464, 0.4529045736496969, 0.09386305033777498]], "inverted": false, "swapped": true, "error_lsq": 0.05421587378287539, "error_max": 0.322086710264135, "target": "1014.xyz", "model": "8.xyz", "model_rescale": 4.121658175737393, "target_rescale": 4.249054385814812},
{"mapping": [10, 4, 2, 6, 8, 12, 0, 5, 3, 7, 9, 13, 14], "R": [[0.6679123261692382, 0.15099871434687273, -0.7287609435314086], [0.514831967091499, 0.6133711683025712, 0.5989356021775937], [0.5374394572525307, -0.7752259013737418, 0.3319391986906258]], "T": [-0.012513872159710449, -0.10830149383860754, -0.06313055506416387], "aligned_model": [[-0.5017429733707821, -0.1788051732724255, 0.11526697500070379, 0.2697896470770347, -0.6365053898175446, -0.615520178236373, 0.17465440942666574, 0.2866457583176512, 0.8025255973444585, -0.17511980812714284, -0.32924991832909184, 0.24785092067481673, 0.016947629747226245], [0.36366838791865624, -0.3321458145420208, 0.08926539029224373, 0.6774578928645048, -0.4709189630295967, -0.012407623063873552, -0.6997085012914848, -0.21283252957337956, -0.15315984351144224, -0.5414209676255315, 0.5242646960658123, 0.5156056687168344, 0.04271964619098767], [-0.4397481328351932, -0.4983298819895779, -0.8072022605784457, -0.3438062742667964, -0.17723997445017747, 0.25483837743876847, 0.009543507013513919, 0.49062561496016155, -0.020364443085559236, 0.519874248014912, 0.22787172428169117, 0.25258386997659665, -0.04757094052080506]], "inverted": false, "swapped": true, "error_lsq": 0.043521718073146594, "error_max": 0.2292625768190401, "target": "1014.xyz", "model": "9.xyz", "model_rescale": 3.833441315466971, "target_rescale": 4.249054385814812},
{"mapping": [8, 9, 3, 7, 2, 11, 6, 10, 13, 1, 5, 12, 0, 6, 14], "R": [[-0.5396958160151047, -0.36754366307547615, 0.7573903101498274], [0.8418331144839335, -0.24281889988004088, 0.4820331826952663], [0.006740440198635678, 0.8977475355544611, 0.4404587709103101]], "T": [0.10537434782222527, 0.030831041123743356, 0.08776590404011647], "aligned_model": [[-0.15864110665960646, -0.23818849860431662, -0.012758717979366452, 0.4274040096062536, -0.5197166472969021, 0.5064210545226429, 0.5836223570589438, -0.006111853556892255, -0.6585158122128969, 0.212017332949911, -0.3501760270117899, 0.5821892694358606, -0.18804680967309373, 0.5836223570589438, 0.07578535863652804], [-0.4540732970779993, 0.10692132329594045, 0.7024037570356146, 0.13713029246856293, 0.27243803910642816, -0.37669600120978836, 0.4119070845102855, -0.7835873188068085, -0.08171598823826676, 0.06659486820895968, 0.38246734014534123, -0.2116857900337391, -0.28094490391816457, 0.4119070845102855, 0.07114427682907555], [-0.46243677222075225, -0.6430452658573906, -0.4501527847546701, -0.4857420234348327, -0.17211399374809072, -0.2842829232059911, 0.38321379938359235, 0.08085899228771573, 0.28649066595457306, 0.817805050462485, 0.4430981016608677, 0.3649899550217887, 0.6174098845883704, 0.38321379938359235, 0.007043042640352201]], "inverted": true, "swapped": false, "error_lsq": 0.05248367016384692, "error_max": 0.41688848457102173, "target": "1014.xyz", "model": "10.xyz", "model_rescale": 4.2482417240324, "target_rescale": 4.249054385814812},
{"mapping": [5, 12, 8, 10, 3, 1, 0, 2, 9, 6, 13, 14], "R": [[-0.7694692967424595, 0.6027675309492833, 0.21115943029845882], [0.19490111291658702, 0.5364535276768254, -0.8211158071958945], [-0.6082191690127341, -0.5906681947391398, -0.530264581288497]], "T": [-0.030697897523132518, 0.014051330268091876, 0.09199407394854217], "aligned_model": [[-0.6626604250206287, 0.06892551711270181, 0.38545849674990174, 0.6040457909883226, -0.5399769249400508, 0.08674042773504423, -0.2567433780720041, 0.5186055116652988, -0.020643353531539378, 0.11263094719414413, -0.3744195893602338, -0.045197418157949906], [-0.06045152576644849, -0.6657077214307854, -0.40188369862789014, -0.19164659269799678, 0.651726774777676, 0.7078511219477901, 0.1600689488757074, 0.539473877946596, -0.451702836147804, 0.3573858853369632, 0.0016214563063680562, 0.019395699530463474], [0.1382737245610775, 0.04818438840782138, 0.5252257785905083, -0.3064156360563539, 0.04578316158408122, 0.39636018611604285, 0.655605668200138, -0.08464180179060524, -0.5147315615318165, -0.7064232202548638, -0.5701437272745139, -0.06188467069715883]], "inverted": false, "swapped": true, "error_lsq": 0.05644466236062582, "error_max": 0.293286461446899, "target": "1014.xyz", "model": "11.xyz", "model_rescale": 3.6694154284099745, "target_rescale": 4.249054385814812},
{"mapping": [9, 11, 5, 7, 12, 6, 10, 2, 0, 1, 3, 4, 13, 14], "R": [[0.8473917305964048, 0.5112882213242148, -0.14321874755754171], [-0.35419549254964344, 0.7452694449632532, 0.5649061935062141], [0.3955664393933662, -0.42796940210637174, 0.8126311481147946]], "T": [0.14872373561113417, 0.07394533906717121, 0.03815075407266521], "aligned_model": [[-0.037933028225265925, 0.019337340466262787, -0.011875486078457564, 0.5511987922050896, 0.5321618191577101, -0.5809010012437278, 0.20535661552326157, -0.06943303654375424, 0.4007176916658294, 0.03185791567361937, -0.43126911568945303, 0.4267028771206949, -0.4638844456552115, 0.02622791187921175], [-0.314618889403332, 0.22584202926743285, 0.619809300935797, 0.5908781542844401, -0.12327889888341853, -0.41954203212059543, -0.6961797120092754, -0.41073721744953445, 0.579011435508404, 0.22709504093834812, 0.5629102723215954, -0.13057209110160456, 0.014201422384305218, 0.0061684734636919675], [-0.5937678538231104, -0.7447790464399046, -0.25048317135005815, -0.3150093551834905, -0.4985002663385285, 0.041298445779005204, -0.04926552165007792, 0.6095470821362338, 0.30551383629000217, 0.7802263501929658, 0.34253888657208664, 0.42293348307181505, -0.38359259404262847, -0.02756481556189431]], "inverted": true, "swapped": true, "error_lsq": 0.04716355957884317, "error_max": 0.35651423904917146, "target": "1014.xyz", "model": "12.xyz", "model_rescale": 3.9764082729961374, "target_rescale": 4.249054385814812},
{"mapping": [5, 6, 14, 4, 13, 0, 3, 9, 12, 8, 11, 2, 1, 7, 15], "R": [[0.5303324694653836, -0.5636293276191249, 0.6333004444008874], [0.22731479128376075, -0.6251142438677152, -0.746699516390171], [0.8167468747992663, 0.5399575568147078, -0.20339709767920358]], "T": [-0.017698066847097835, -0.00632153628697903, 0.057514441424414], "aligned_model": [[-0.039508012658754796, -0.19680038570683933, -0.17781366781197455, 0.4663268486001516, -0.5570279924262109, 0.5100159921584504, 0.4112685204523865, -0.035383300946200666, -0.574499813831094, 0.1726799834261908, -0.2716768895633467, 0.4739411907384212, -0.1329771402917776, 0.7361412515783368, 0.05421968255648066], [-0.5110077310119286, 0.3070153925013787, 0.7501722003937564, -0.017810361427638605, 0.2454026695954135, -0.4971020217699197, 0.6881402304427621, -0.6037839778952203, -0.29747752450912324, 0.2635875313108665, 0.6322552353318117, -0.3121242606411922, -0.3641442485708621, 0.030228876298634504, 0.060858756776988834], [-0.6115446568266009, -0.6158362355157484, -0.14469401602864052, -0.4730056900526096, -0.08474834968628425, -0.030578239879307162, 0.26282875861844723, -0.0074854807293932984, 0.16893050860605857, 0.6824609430156716, 0.4553324439205322, 0.6061810506548466, 0.5693701047324772, 0.0952510053735571, 0.013887381958603257]], "inverted": true, "swapped": false, "error_lsq": 0.03779127426443064, "error_max": 0.25326492891956753, "target": "1014.xyz", "model": "13.xyz", "model_rescale": 4.170626492500431, "target_rescale": 4.249054385814812},
{"mapping": [9, 12, 10, 8, 6, 1, 4, 11, 13, 7, 5, 0, 3, 14], "R": [[-0.9469349510530491, -0.052930596293223345, -0.3170371436444058], [-0.20581631930923294, -0.6577689900855714, 0.7245547587227673], [-0.24688831722088367, 0.7513576429756016, 0.6119704659229799]], "T": [-0.10613598296788525, 0.08344159137054422, 0.08318354003307513], "aligned_model": [[0.38000262819315683, -0.10271023472482292, -0.18724953269847405, -0.6844168458514307, 0.4063638201573157, -0.44894466822449175, -0.582540674721259, 0.4903041920709463, 0.6242943207501293, -0.14603125770719452, 0.25951351635172903, -0.4076728620982792, 0.2202225860295085, 0.02204803456481015], [-0.29726000043304135, -0.5739529184964787, -0.014151038497316054, -0.3481503360780859, 0.538222302477492, 0.7394408484335522, 0.2178154549287875, -0.45591192427181915, 0.12765183403076966, -0.4466180504010139, -0.04994445981440529, 0.13546811496158354, 0.6760502492685141, 0.10741439181712642], [-0.3683467279161724, -0.1211133133521625, -0.6835222400999912, -0.03169663426979073, -0.47035996026035864, 0.28302302926284656, -0.06561083271357546, 0.16160177156696223, -0.06256486259590796, 0.6041181929570876, 0.5887304941092985, 0.6276506967675912, 0.5419161546846977, 4.733298034192979e-05]], "inverted": true, "swapped": true, "error_lsq": 0.04290292715872592, "error_max": 0.26456781119323636, "target": "1014.xyz", "model": "14.xyz", "model_rescale": 3.9786697098870705, "target_rescale": 4.249054385814812},
{"mapping": [5, 3, 7, 11, 0, 8, 6, 2, 12, 13, 1, 14], "R": [[0.3849962932051366, 0.5115887668507335, -0.7681502378118819], [0.8910963135563039, 0.010620371559737718, 0.4536899466312856], [0.2402607212689375, -0.8591647928890471, -0.4517860605145438]], "T": [0.07574868621429498, 0.09179796247575896, 0.03492398429418116], "aligned_model": [[0.059906471300648856, -0.6317061740526485, 0.5028823420911823, 0.49765428760817165, -0.028588389332878494, 0.6018065022043494, -0.34229512488295855, -0.37963314993970565, 0.7513609911774878, -0.0490796513156912, -0.5474343066279143, 0.048480798537293375], [-0.25481649731168493, -0.11863026608248887, 0.09208231152690818, -0.5670751241189638, 0.4327062286446039, 0.5960170774874743, -0.38807204451571004, 0.37445361252590886, -0.01593488507955633, -0.6334684527435498, 0.5344265468070258, -0.03701401691552826], [-0.5004978664665379, -0.31629977633327305, -0.5745713221368367, -0.16675505662640033, -0.47788305750541255, 0.08881332421029994, 0.6439035393768694, 0.6021421860021984, 0.11146239685534025, 0.15793652072441722, -0.024334223367906735, 0.11604982914107297]], "inverted": true, "swapped": true, "error_lsq": 0.05206183972193318, "error_max": 0.28856930749715454, "target": "1014.xyz", "model": "15.xyz", "model_rescale": 3.769337070930944, "target_rescale": 4.249054385814812},
{"mapping": [5, 3, 9, 13, 7, 0, 8, 1, 10, 6, 14], "R": [[-0.949036005991082, -0.2852019663031512, -0.13412866117765918], [-0.13473989563257344, -0.01757221157352401, 0.9907251777891478], [-0.2849137059837914, 0.9583063475722321, -0.021751421685723915]], "T": [0.1036360995873978, 0.05756376539305309, -0.0038005974355104014], "aligned_model": [[-0.1765418485783041, -0.34931981011505364, -0.28049843883844006, -0.6165493924010181, 0.3255793829260779, 0.41092089033796064, 0.7728364333229099, 0.2564199074186137, 0.16150473751280914, -0.5507701942349704, -0.030955536659413946], [-0.09024333461594246, -0.6178808889368722, 0.7188375996200456, 0.25093247629252696, 0.12519022563391252, -0.37881595515687433, 0.34897330290879425, -0.6278977198877664, 0.5966324970176726, 0.15506200380871, 0.11527429094113562], [-0.5576259275963235, -0.08587380574081593, 0.013566229931354333, -0.0296263556827677, -0.710974982049883, -0.3281839050538046, -0.0374041305408143, 0.3037515146876294, 0.5529736889437702, 0.5776961318991723, 0.04591914842625921]], "inverted": false, "swapped": true, "error_lsq": 0.039287874080090164, "error_max": 0.23522147549964734, "target": "1014.xyz", "model": "16.xyz", "model_rescale": 3.7852294659196426, "target_rescale": 4.249054385814812},
{"mapping": [1, 6, 10, 2, 3, 13, 11, 9, 4, 0, 5, 12, 14], "R": [[-0.9641614047635793, -0.2474796154706932, 0.0956379918797947], [0.25670680807095775, -0.9612417646801382, 0.10057775362690588], [0.06704028829250579, 0.121524111850661, 0.9903219123015334]], "T": [0.1225605097305657, 0.13177251990192396, -0.0613536021236368], "aligned_model": [[0.12511334297674803, -0.4710826381551488, 0.32205027429071015, 0.12903857670150126, -0.4756594253009005, -0.5346522267064158, -0.18818919888331725, -0.09906237032040974, 0.5079220506542956, 0.31004164255985645, -0.20347912039964522, 0.42511272989555804, 0.00661221290345089], [-0.22826973880841195, -0.45084100321869247, -0.3778870900295175, -0.6346681646696668, 0.15049129622010887, 0.16108631447671792, 0.6740382476889525, 0.1621130839159752, -0.17037680382434972, 0.4244915962500604, 0.6667696525842324, 0.4134443591817835, 0.08466387393568137], [-0.7382226414476217, 0.22854507976495017, 0.4903640779303422, -0.2080847618508409, -0.6180519634135476, 0.29069425190647724, 0.45067668539559036, 0.6701563317466491, -0.22676158210619268, -0.5802390428233876, -0.1819576874002534, 0.4891367344739934, 0.02949921496701502]], "inverted": false, "swapped": true, "error_lsq": 0.043471803351832254, "error_max": 0.2924521615431066, "target": "1014.xyz", "model": "17.xyz", "model_rescale": 3.901054581598922, "target_rescale": 4.249054385814812},
{"mapping": [5, 10, 11, 4, 9, 8, 6, 2, 13, 7, 12, 0, 3, 1, 14], "R": [[0.03965033398399289, 0.8848263759944989, 0.4642306919618734], [-0.7991498514372241, 0.3069758581754958, -0.5168416947627977], [-0.5998227787962215, -0.35049694269973286, 0.7192805622254222]], "T": [0.08506978152248301, 0.012636935320763015, 0.01750156885184069], "aligned_model": [[-0.25209343129913786, 0.003446290510195127, -0.19989666637778486, 0.6428535681831293, -0.4947147249777154, 0.3956114554480792, 0.4277233992016084, -0.05614828639491912, -0.554880557763504, 0.2679980477793523, -0.3809603620786386, 0.43301152531618775, -0.1807361355379572, 0.7476255710742562, 0.04006657319106831], [-0.37083343997027907, 0.3945939086537693, 0.757820637010652, 0.08445364810200527, 0.14152627151177558, -0.4714224988511424, 0.6750741628358338, -0.7829693293070684, -0.30317412811699906, 0.34934159528616493, 0.33779312945985684, -0.3093145199333174, -0.2502270954198723, 0.07988375080469631, 0.04166467475965193], [-0.34216144869315246, -0.7035395009674289, 0.0024561963561409855, -0.5386401190421843, -0.26785274839753187, -0.3136609065051, 0.10405307469486491, 0.1930186078159632, 0.15251687820096127, 0.5586524213496292, 0.4961083581322572, 0.609775426020179, 0.6835763434163935, 0.22288715981316531, 0.029159785967452688]], "inverted": true, "swapped": false, "error_lsq": 0.0428916675124468, "error_max": 0.2773368585020541, "target": "1014.xyz", "model": "18.xyz", "model_rescale": 3.9405287249114394, "target_rescale": 4.249054385814812},
{"mapping": [1, 0, 8, 4, 6, 12, 9, 3, 2, 11, 5, 14, 10, 13, 15], "R": [[0.5065516888367001, -0.42463049699777655, -0.7503961137666617], [0.13177712401145825, -0.8219641161400307, 0.5540846337568001], [-0.8520799118181088, -0.3795575487295171, -0.36041072553197484]], "T": [0.17854060721530204, 0.03293155083022899, -0.003255385037078437], "aligned_model": [[-0.2599469487575078, -0.059374019378073045, -0.17845281374633884, 0.5364433402051896, -0.5116788544910075, 0.46933338140550207, 0.3054154213798287, 0.0033133341640873837, -0.6203961248660458, 0.23466558457404094, -0.37960361596634395, 0.5194268276928097, -0.1252951209693515, 0.7575985354753599, 0.14745733955206974], [-0.33648190194395994, 0.1497339499355751, 0.634535905807423, 0.1678235056182294, 0.21922626131772088, -0.3768328826249329, 0.6943155235207685, -0.7987636772117193, -0.04500471847090025, 0.17179248124714475, 0.5623562178706254, -0.45641796857915257, -0.34700658328278566, 0.11013491112397734, 0.0247997424977134], [-0.3300302129321945, -0.6376275849104034, -0.2911790780505855, -0.6264526434295716, -0.22045306255333103, -0.2215939610224742, 0.364825949935685, 0.05158114754159672, 0.3298381739994861, 0.7015714240586354, 0.3120971015822442, 0.4907816526620734, 0.6141868401724941, 0.3284996484597631, 0.020304132648191087]], "inverted": true, "swapped": false, "error_lsq": 0.03808227966333265, "error_max": 0.24145804291254672, "target": "1014.xyz", "model": "19.xyz", "model_rescale": 4.410303926677745, "target_rescale": 4.249054385814812},
{"mapping": [1, 2, 0, 3, 7, 6, 5, 4, 10, 9, 13, 11, 12, 14], "R": [[-0.934771465320522, -0.12492733843925245, 0.33255896880554714], [0.15939432008328872, -0.9841009372380017, 0.07835046938259595], [0.3174834772830084, 0.1262477937936797, 0.9398221832956053]], "T": [0.10812090980649473, 0.007877235537125249, -0.02014151979982398], "aligned_model": [[-0.028526903959860753, 0.14370663563935582, 0.13305679174013763, -0.6101814991412019, 0.23540514346043018, -0.34088520934614336, -0.28274899485775945, 0.46412238049250587, 0.48322912461339035, 0.07582420703347519, -0.4394239908292629, -0.10953573122292716, 0.5138781050261421, 0.02326783081259086], [-0.32883327741883317, -0.7493194648006575, 0.33356237913100545, -0.014310211174256455, 0.7394656151390456, -0.638554361364853, 0.5121038573973737, -0.24999089854908793, -0.4969650211982152, -0.006424151931756184, -0.037970514927421914, 0.5010126227796063, 0.3002895705318539, -0.0531176774326014], [-0.6952282156160046, -0.20558729264908887, -0.5524789338800855, -0.40960257719470583, -0.0701908563902871, 0.3753476021816317, -0.026875702326639134, -0.2920321396923785, 0.43633367738248546, 0.7439896387352447, 0.4846536233817304, 0.5817185908056464, 0.4529045736496969, 0.09386305033777498]], "inverted": false, "swapped": true, "error_lsq": 0.05421587378287539, "error_max": 0.322086710264135, "target": "1014.xyz", "model": "20.xyz", "model_rescale": 4.121658175737393, "target_rescale": 4.249054385814812},
{"mapping": [8, 4, 0, 12, 5, 10, 1, 9, 2, 6, 3, 13, 14], "R": [[-0.4169353476388553, 0.8151997398368347, -0.40201281081481], [-0.33395502687060663, 0.273965082914147, 0.9018964316215567], [0.8453632094650914, 0.5102867012903647, 0.1580143239364039]], "T": [0.14009296160386292, 0.007334553401398929, 0.11593179436575125], "aligned_model": [[0.12920639751033158, -0.2576695913406138, 0.2126205646514242, 0.5334098535284286, 0.6515263250143546, -0.18629646728465227, -0.41688481988164233, 0.44340962262273215, -0.6225455097176276, -0.21150931318072774, 0.0722690309119223, 0.3888452412618563, 0.1447015705685087], [-0.3322500129670874, -0.05238225912605341, 0.4882466132773174, -0.5205760241700232, 0.36559104710170154, -0.6910508592210443, 0.5253821624072719, -0.5707151086950057, -0.06023626741225705, -0.20318091586685058, 0.7191254179165445, -0.079626280879452, -0.047500608201878784], [0.762802421052868, 0.44054908390825115, 0.5077724135686502, 0.317249270687218, -0.01505414874015125, 0.01759950673912998, 0.21180184779736455, -0.28281828455121505, -0.03513133081087087, -0.6637803497492981, -0.28015434315619053, -0.5821267187122694, -0.028599628551697218]], "inverted": true, "swapped": true, "error_lsq": 0.05540047554467424, "error_max": 0.35056355868428324, "target": "1014.xyz", "model": "21.xyz", "model_rescale": 4.08911054899281, "target_rescale": 4.249054385814812},
{"mapping": [0, 1, 11, 2, 8, 13, 15, 7, 6, 9, 5, 12, 10, 14, 16], "R": [[-0.6371183352239536, 0.34474060156960523, -0.689372282987128], [0.5889219689722414, -0.35926926535920267, -0.723945101116181], [-0.4972435433299427, -0.8672251798683466, 0.02587172238174107]], "T": [0.11533102557057909, 0.020495320458229674, 0.013351943873513891], "aligned_model": [[-0.15390545693692212, -0.14458845046946597, -0.15925353313918986, 0.5003976300488191, -0.506728560736821, 0.4632078211520486, 0.4683709234668698, -0.0658185741984384, -0.5515657052190288, 0.22162142185967315, -0.288142590967432, 0.474737133954129, -0.234087796939864, 0.6933339562848879, 0.1213280481149539], [-0.4715241610222378, 0.38174834305306893, 0.7343339277305045, 0.2173081756307283, 0.29587353671325367, -0.541237716922203, 0.6423713280278635, -0.6418956841250674, -0.3092216334893225, 0.23984699067932802, 0.3039304765209983, -0.33232182633437796, -0.2663378740918002, 0.14212993287726133, -0.020793048422270186], [-0.5209774905674072, -0.6438668179609307, -0.017156958830251656, -0.5647849253259004, -0.12070299693562127, 0.026301686711116413, -0.12856380436043957, 0.19833617985077007, -0.03246954991542576, 0.6827806615055264, 0.517933559683662, 0.5530896729788644, 0.6817594649222953, 0.2642308371555227, -0.009559990750171159]], "inverted": true, "swapped": false, "error_lsq": 0.04440010897464642, "error_max": 0.3175127360238532, "target": "1014.xyz", "model": "22.xyz", "model_rescale": 4.204369325754507, "target_rescale": 4.249054385814812},
{"mapping": [1, 0, 8, 4, 6, 12, 9, 3, 2, 11, 5, 14, 10, 13, 15], "R": [[0.5065516888367001, -0.42463049699777655, -0.7503961137666617], [0.13177712401145825, -0.8219641161400307, 0.5540846337568001], [-0.8520799118181088, -0.3795575487295171, -0.36041072553197484]], "T": [0.17854060721530204, 0.03293155083022899, -0.003255385037078437], "aligned_model": [[-0.2599469487575078, -0.059374019378073045, -0.17845281374633884, 0.5364433402051896, -0.5116788544910075, 0.46933338140550207, 0.3054154213798287, 0.0033133341640873837, -0.6203961248660458, 0.23466558457404094, -0.37960361596634395, 0.5194268276928097, -0.1252951209693515, 0.7575985354753599, 0.14745733955206974], [-0.33648190194395994, 0.1497339499355751, 0.634535905807423, 0.1678235056182294, 0.21922626131772088, -0.3768328826249329, 0.6943155235207685, -0.7987636772117193, -0.04500471847090025, 0.17179248124714475, 0.5623562178706254, -0.45641796857915257, -0.34700658328278566, 0.11013491112397734, 0.0247997424977134], [-0.3300302129321945, -0.6376275849104034, -0.2911790780505855, -0.6264526434295716, -0.22045306255333103, -0.2215939610224742, 0.364825949935685, 0.05158114754159672, 0.3298381739994861, 0.7015714240586354, 0.3120971015822442, 0.4907816526620734, 0.6141868401724941, 0.3284996484597631, 0.020304132648191087]], "inverted": true, "swapped": false, "error_lsq": 0.03808227966333265, "error_max": 0.24145804291254672, "target": "1014.xyz", "model": "23.xyz", "model_rescale": 4.410303926677745, "target_rescale": 4.249054385814812},
{"mapping": [12, 0, 1, 2, 7, 5, 10, 6, 13, 9, 11, 15, 14, 8, 16], "R": [[-0.4019321979729058, -0.8498574456272221, 0.3408706944644001], [0.7267256922338576, -0.5225417937665782, -0.4458921865366417], [0.5570639788030539, 0.06850106480325964, 0.8276396121748466]], "T": [0.060740100704649774, 0.06900562719818795, 0.08951554732719878], "aligned_model": [[-0.18794726031950265, -0.05653592928168233, -0.21431325830418588, 0.5164529798518411, -0.5308269523448457, 0.398876987711415, 0.3822978721964728, -0.08476355969578872, -0.5095055050274021, 0.28857638698623167, -0.26718328895375754, 0.38794434426272195, -0.1912929882589379, 0.8180013268015434, 0.08912511065009625], [-0.4446915434338633, 0.09848681752763219, 0.827165556220352, 0.0997188816422202, 0.23863595627728904, -0.3821054470051779, 0.5984961707191978, -0.6742819882678232, -0.3404682223413742, 0.16929853436962833, 0.43054340672552205, -0.39928613367082466, -0.2144126126559702, 0.21632159771240644, 0.15078979300651285], [-0.47656364159884335, -0.6559795923575423, -0.20352800113173047, -0.700596102352271, -0.16189023996726515, -0.18934692380219498, 0.28957631357248964, 0.1547098359169402, 0.12609066886731388, 0.6643650433284582, 0.4926013584147982, 0.5172472395532233, 0.650143243218223, 0.373346672357801, 0.006173654142209356]], "inverted": false, "swapped": false, "error_lsq": 0.033766252147307434, "error_max": 0.20526971904750013, "target": "1014.xyz", "model": "24.xyz", "model_rescale": 4.28219845311461, "target_rescale": 4.249054385814812},
{"mapping": [9, 5, 10, 1, 11, 4, 6, 7, 12, 2, 14, 4, 13, 0, 15], "R": [[-0.17502312411433302, 0.05652898440088788, -0.9829401710927592], [-0.8335046192277167, 0.5228889295913483, 0.17848590150729793], [0.524058160657114, 0.8505243331224674, -0.04440048440348565]], "T": [0.03142130988241418, -0.00822985625383105, 0.003502313564639342], "aligned_model": [[-0.35056692412906254, -0.06449155196202996, -0.2345999584115296, 0.4959553473264221, -0.44089679100740153, 0.6009632036856256, 0.397761264731167, -0.010128097806634442, -0.7015269510281462, 0.2147279462217094, -0.3409109689653479, 0.6009632036856256, -0.20086415921176468, 0.7735171383133116, 0.09900356483227547], [-0.419528797541808, 0.19791872983594727, 0.7336778321357159, 0.049991644542694266, 0.205734770339371, -0.42383441590316245, 0.7823729701970811, -0.7814798510083466, -0.06398388259439014, 0.13661505088866222, 0.4821965987592556, -0.42383441590316245, -0.32232411708003084, 0.2138245803272526, 0.006864069830647603], [-0.37305027751800346, -0.8172194202161439, -0.08874997936967413, -0.43318497013805823, -0.16266573807966395, 0.19726364672337007, 0.2335878264729142, 0.08034044266117343, 0.21349811258934656, 0.6470849845065899, 0.45182718600198024, 0.19726364672337007, 0.4510564590048808, 0.25950969755174924, 0.02978791124777886]], "inverted": false, "swapped": false, "error_lsq": 0.04572896513372815, "error_max": 0.36063333074218373, "target": "1014.xyz", "model": "25.xyz", "model_rescale": 4.100010024507729, "target_rescale": 4.249054385814812},
{"mapping": [5, 12, 8, 10, 3, 1, 0, 2, 9, 6, 13, 14], "R": [[-0.7694692967424595, 0.6027675309492833, 0.21115943029845882], [0.19490111291658702, 0.5364535276768254, -0.8211158071958945], [-0.6082191690127341, -0.5906681947391398, -0.530264581288497]], "T": [-0.030697897523132518, 0.014051330268091876, 0.09199407394854217], "aligned_model": [[-0.6626604250206287, 0.06892551711270181, 0.38545849674990174, 0.6040457909883226, -0.5399769249400508, 0.08674042773504423, -0.2567433780720041, 0.5186055116652988, -0.020643353531539378, 0.11263094719414413, -0.3744195893602338, -0.045197418157949906], [-0.06045152576644849, -0.6657077214307854, -0.40188369862789014, -0.19164659269799678, 0.651726774777676, 0.7078511219477901, 0.1600689488757074, 0.539473877946596, -0.451702836147804, 0.3573858853369632, 0.0016214563063680562, 0.019395699530463474], [0.1382737245610775, 0.04818438840782138, 0.5252257785905083, -0.3064156360563539, 0.04578316158408122, 0.39636018611604285, 0.655605668200138, -0.08464180179060524, -0.5147315615318165, -0.7064232202548638, -0.5701437272745139, -0.06188467069715883]], "inverted": false, "swapped": true, "error_lsq": 0.05644466236062582, "error_max": 0.293286461446899, "target": "1014.xyz", "model": "26.xyz", "model_rescale": 3.6694154284099745, "target_rescale": 4.249054385814812},
