[{"mapping": [3, 10, 0, 9, 4, 8, 5, 2, 7, 6, 11], "R": [[0.8193996723710517, 0.500378279728876, 0.27965291719162155], [-0.16854416696705526, -0.25598506112343294, 0.9518742103151099], [0.5478841489764005, -0.8270992840386233, -0.125418234891113]], "T": [0.03258923523801363, -0.06476887967136677, 0.05826774254715504], "aligned_model": [[0.2579355235336571, -0.2390449926042609, -0.4586660780009165, 0.46468244439621964, -0.046939728751357546, 0.6121746122800483, -0.7500471021628994, 0.07722364301435852, -0.3115839784046345, 0.4041878286869769, -0.03233161582726908], [-0.25547129818227843, 0.32440624826663433, -0.3934927226045233, 0.25175555001706484, -0.8027352402229317, -0.22241715946560814, 0.18122756473069165, -0.6153195371341612, 0.7862898334206974, 0.44609829176464066, -0.07915498935836127], [-0.5637323802119898, -0.42806435800126286, 0.2410250852266752, -0.22889800826192236, -0.2602118664148499, 0.26401346252249014, 0.18337747538652271, 0.644486122330801, 0.2903176849022099, 0.4133504173577994, 0.07853048750274998]], "inverted": false, "swapped": false, "error_lsq": 0.057273099131621485, "error_max": 0.35153480575429463, "target": "1015.xyz", "model": "0.xyz", "model_rescale": 3.751011558992144, "target_rescale": 3.7906250867366564},
{"mapping": [4, 10, 5, 6, 8, 1, 13, 2, 11, 7, 14], "R": [[-0.38551709922447686, 0.7062800804893852, 0.5937550118604918], [-0.8823648968435027, -0.0940118778364982, -0.46107912080684227], [-0.2698309749155944, -0.7016624649570213, 0.6594399367998097]], "T": [-0.019753855322558626, -0.02741044818378994, 0.14937735763406673], "aligned_model": [[0.26125728284814753, -0.30492171484136066, -0.5495832023218733, 0.46357046106565947, 0.013599361826820013, 0.6658265010563078, -0.599687458304145, -0.24613328242485977, -0.115747006141012, 0.4378868465382166, -0.04847723314197788], [-0.2752618176668843, 0.18279015731399909, -0.34904297704091786, 0.48456678981930396, -0.6496479246866054, -0.1386644959872956, -0.07251441077669596, -0.6676781086101854, 0.7453269201789858, 0.3445355948378878, 0.01677681385027293], [-0.5471686988325299, -0.5901824746139324, 0.07243954875657821, -0.11139583543747156, -0.07893457346255295, 0.092039226947776, 0.5842852179812812, 0.6211270582010648, -0.024959280679266005, 0.45252443889683863, 0.1644194945814373]], "inverted": true, "swapped": false, "error_lsq": 0.04914547086892644, "error_max": 0.23461957572008973, "target": "1015.xyz", "model": "1.xyz", "model_rescale": 3.9405287249114394, "target_rescale": 3.7906250867366564},
{"mapping": [9, 11, 3, 5, 8, 2, 7, 4, 0, 1, 12], "R": [[-0.6060505894509686, 0.016364058172527507, -0.7952577573505712], [-0.3829486651825132, 0.8702918152646348, 0.30974582502161097], [0.6971750159472623, 0.492264536487764, -0.5211742734013468]], "T": [-0.08357420169210701, -0.02463872462556859, 0.06187725366551783], "aligned_model": [[0.1693448743358174, -0.20934233709762134, -0.5541359431799197, 0.3996055827923492, 0.08943884609192167, 0.5760912795276322, -0.696095330112088, -0.04544938297682062, 0.06401199880920973, 0.1854463153452131, -0.0013253473757710577], [-0.4021321709345574, 0.24659323081616097, -0.3488296524404755, 0.32979430557826866, -0.7556773603350366, 0.12466636872340414, -0.0063470870184194825, -0.539418202194539, 0.7987105656459528, 0.21168713712771156, -0.037860593736605], [-0.60438976943033, -0.5848297058617926, 0.0783565843363335, -0.34920765647207086, -0.1287500489600076, 0.14384718418150208, 0.5652589541562123, 0.5364763577044476, 0.11883555338422527, 0.7682796749791827, 0.09031699432152113]], "inverted": false, "swapped": false, "error_lsq": 0.05409956141279031, "error_max": 0.29517614258960007, "target": "1015.xyz", "model": "2.xyz", "model_rescale": 3.932901565614263, "target_rescale": 3.7906250867366564},
{"mapping": [2, 10, 5, 1, 4, 0, 9, 7, 11, 3, 13], "R": [[0.13297758467581777, -0.42756354295608384, 0.8941512057301197], [-0.627293847886061, -0.7347818891488856, -0.2580658903906021], [0.7673456785426536, -0.5265785716430511, -0.3659175009592722]], "T": [-0.02721713912035048, 0.03893548499041103, 0.119547624181509], "aligned_model": [[0.3506643847166543, -0.32132081989829275, -0.5435974134030231, 0.454979195234544, 0.19044418934042517, 0.5972938574128026, -0.6598548307560619, -0.12530353462051674, -0.16517554566585682, 0.3237621991864996, -0.1243011253872521], [-0.3715516924956603, 0.46537668585420333, -0.4453169003689955, 0.31247065216214326, -0.7917598538025512, -0.20097663494760928, -0.06475486298387698, -0.444576159228888, 0.9144177270576748, 0.2196603028347225, 0.02819727715070273], [-0.4992461090127125, -0.3752213799607731, -0.005555234539398879, -0.37181154014453555, -0.041061232168666806, 0.0824192110856086, 0.4784498424076644, 0.6356271686988995, 0.2300330089875109, 0.44333385362625405, 0.057226533359372694]], "inverted": true, "swapped": false, "error_lsq": 0.049116188401200606, "error_max": 0.2772046718641677, "target": "1015.xyz", "model": "3.xyz", "model_rescale": 3.9243930471874484, "target_rescale": 3.7906250867366564},
{"mapping": [11, 6, 5, 10, 9, 8, 0, 1, 3, 4, 12], "R": [[0.4126143995405649, 0.8212673273838178, 0.3940423000943179], [0.7642013157399703, -0.5475147145266155, 0.34091639209362923], [0.49572745164362, 0.16046063177203332, -0.8535260273349856]], "T": [0.08470935422738443, -0.02881503060679886, 0.10483610352315172], "aligned_model": [[0.10583301901108388, -0.35238771200316465, -0.6331437807101283, 0.530098275147017, 0.35414582722609167, 0.6835320021746113, -0.640881858488803, -0.21521197731351674, -0.1831326596079579, 0.3587737895373093, -0.03003436881262006], [-0.32767688592969535, 0.25012573110042924, -0.2394568495874052, 0.3375345422040431, -0.6581151285066066, -0.1749613850745536, 0.08193128550653897, -0.5201085185940194, 0.5871509302246438, 0.3423382329239877, -0.05757541303549775], [-0.6275363861339762, -0.3978116069934177, -0.013231675874149071, -0.30080464781018185, -0.06567127337938582, 0.23285582191639154, 0.5344580290076051, 0.527728765472456, 0.14726205178951443, 0.47833471089508683, 0.11861033344928015]], "inverted": false, "swapped": false, "error_lsq": 0.04499212538469676, "error_max": 0.2981511516810184, "target": "1015.xyz", "model": "4.xyz", "model_rescale": 3.8936222436046832, "target_rescale": 3.7906250867366564},
{"mapping": [8, 9, 5, 3, 7, 10, 1, 4, 0, 2, 11], "R": [[0.5372247628831877, 0.720193842508076, -0.4389879079867184], [0.27307048129949346, -0.6409567241470928, -0.7173611294274947], [-0.798011319711673, 0.2655095233397106, -0.5410015033509186]], "T": [-0.008842459720802002, -0.08553396408574926, -0.04775274218410086], "aligned_model": [[0.39744482444428286, -0.2712028716740386, -0.5331851637873187, 0.35672556168028396, 0.0332983652600026, 0.5516633904256814, -0.6322545838710905, 0.04652001674588792, -0.11132223528567847, 0.24886831627307243, -0.10896506405116214], [-0.07826122651050328, 0.24212136521023225, -0.5802801170256287, 0.3486727833297756, -0.7026836624193173, -0.31408591908081585, 0.24965382934956087, -0.411786338061492, 0.7844123755108674, 0.24088588302301728, -0.15746243209383115], [-0.6647945368339812, -0.5014541233203363, 0.323005710032792, -0.13778914898109884, -0.240360966579578, 0.1340839848667497, 0.3292289997550035, 0.6741329714725126, 0.07638255013698647, 0.5720808679680489, 0.06967781382212423]], "inverted": false, "swapped": false, "error_lsq": 0.05957364325953615, "error_max": 0.34136156638705584, "target": "1015.xyz", "model": "5.xyz", "model_rescale": 3.6523030999806103, "target_rescale": 3.7906250867366564},
{"mapping": [8, 9, 7, 6, 5, 1, 11, 3, 10, 2, 12], "R": [[0.48022796068530504, -0.32527562367964297, -0.8146022798985113], [-0.02918033716025578, -0.9341091513879369, 0.35579291900840615], [-0.8766582080259371, -0.14709133874272712, -0.4580769851974943]], "T": [0.031872448349241134, -0.03628426701785658, 0.05941787088409702], "aligned_model": [[0.18206289403593962, -0.4720343065192261, -0.4973977934114339, 0.48156503954716884, 0.11806565443712552, 0.6572787756058711, -0.7865888821413527, -0.07484242738570551, -0.10296904456218456, 0.4640430007271514, 0.008407645826568826], [-0.10676484990102728, 0.1814094427707388, -0.45908900936245284, 0.3546872391535958, -0.6486166956033851, -0.2687531615308146, 0.11887268976566528, -0.4118136979799525, 0.7292475301447269, 0.2666799806299549, -0.13467292685518434], [-0.5934055509746552, -0.4110609344802373, 0.14845281197297466, -0.2004711763184138, -0.2261049094918032, 0.2522908988188988, 0.3433480954010053, 0.6340745377088534, -0.007304546558891019, 0.6049936332798301, 0.0893812629816613]], "inverted": true, "swapped": false, "error_lsq": 0.051483836129347926, "error_max": 0.23413214750570413, "target": "1015.xyz", "model": "6.xyz", "model_rescale": 4.08911054899281, "target_rescale": 3.7906250867366564},
{"mapping": [8, 10, 11, 4, 9, 3, 13, 1, 7, 6, 14], "R": [[-0.5031552939578201, -0.3021280380429448, -0.8096625215424884], [0.2585161421320679, 0.8413747851271588, -0.47461339552248183], [0.8246236441064323, -0.4481150740385199, -0.3452372025145605]], "T": [-0.05847767004814762, 0.05873986715859327, 0.08553857399758721], "aligned_model": [[0.2336233102570361, -0.3355761743343391, -0.49360744667678363, 0.44088725267173623, 0.14458603486512983, 0.712275974677916, -0.6742782193357505, -0.17494623026137862, -0.1268846596395765, 0.3141963109929993, -0.06268559705706657], [-0.2264903572062303, 0.060439704307866264, -0.29439412955622046, 0.35708705851547096, -0.6956683906290134, -0.12122546256706393, 0.13110880115285134, -0.4592181752900649, 0.7346154046318865, 0.24153304091231084, -0.10660095303992798], [-0.4607852399612469, -0.5796594626636801, -0.08907391356413302, -0.31254824702099626, 0.020803573908363404, 0.0871925099085473, 0.4747004211013913, 0.5916024035685278, 0.4567550959327995, 0.36274558317567684, 0.08246139795397359]], "inverted": false, "swapped": false, "error_lsq": 0.05077344137062531, "error_max": 0.298209024375318, "target": "1015.xyz", "model": "7.xyz", "model_rescale": 3.964800864290218, "target_rescale": 3.7906250867366564},
{"mapping": [11, 9, 7, 10, 4, 6, 1, 2, 5, 3, 13], "R": [[0.8177755791140259, -0.574562083567906, 0.03348901806303821], [0.5391156601449023, 0.7443559704858668, -0.39406661135976745], [0.20148798274648066, 0.34031250539489494, 0.9184715518080043]], "T": [-0.03614768370253491, -0.06737149165179848, 0.1173123467761113], "aligned_model": [[0.402772090755373, -0.17324583690639908, -0.7171787627254076, 0.24252243215956293, 0.21830596149897946, 0.5157999863365343, -0.5928470343953957, -0.19554526438824146, -0.1096836875200114, 0.45632882108890516, -0.06963814974397725], [-0.3065694079335245, 0.10447421188974668, -0.2748453285865853, 0.5604805143262046, -0.7093614898055756, -0.2445465825425935, 0.06958827489149222, -0.6073880209412081, 0.7651591816640768, 0.27432420737490837, -0.010129019105076159], [-0.5439494114784997, -0.5350141645286304, 0.11520489470971965, -0.33355219842791606, -0.01757864524343497, 0.13895905287241514, 0.6015103914427018, 0.4660002977005098, 0.14088896865356032, 0.5255691742725586, 0.07615576236623917]], "inverted": true, "swapped": false, "error_lsq": 0.05475185881555433, "error_max": 0.31367734743141484, "target": "1015.xyz", "model": "8.xyz", "model_rescale": 4.121658175737393, "target_rescale": 3.7906250867366564},
{"mapping": [10, 5, 7, 0, 11, 2, 9, 8, 4, 1, 12], "R": [[-0.0750924294918241, -0.4627004919122055, 0.8833285808900436], [0.8442603008384335, 0.44189288640799923, 0.3032411933926603], [-0.5306464656070115, 0.7685303713752699, 0.3574568460843585]], "T": [0.003547362082888029, -0.12227879469866382, 0.08080396811601516], "aligned_model": [[0.1487095425853276, -0.2730348982312837, -0.5718603039075015, 0.44846260730848925, 0.007824722414388252, 0.6340172770194286, -0.7077534996687248, 0.024198934294560978, -0.13575817565801795, 0.35830275478617685, 0.04448159521707945], [-0.2332125516614105, 0.1630454777543059, -0.47041551522607333, 0.44288237364573085, -0.7210993681792885, -0.20134813779676217, 0.21345211813760995, -0.6270595211207917, 0.7509828377885515, 0.3614436445578762, -0.05748481666788313], [-0.6561508972002215, -0.3922818793836366, 0.0267877478380502, -0.23773570207236178, -0.12997482474141187, 0.3611647645923277, 0.35379784217270926, 0.6055165261182367, 0.15913663115772053, 0.42005745567534597, 0.12387645818246473]], "inverted": true, "swapped": false, "error_lsq": 0.041486894217539476, "error_max": 0.22023020438461194, "target": "1015.xyz", "model": "9.xyz", "model_rescale": 3.833441315466971, "target_rescale": 3.7906250867366564},
{"mapping": [12, 6, 7, 1, 11, 0, 3, 9, 4, 5, 14], "R": [[-0.2527480321171939, 0.9185269465387824, -0.3040175665040217], [0.7153965104296105, 0.3889695363641482, 0.5804399474931031], [0.6514033045095969, -0.07078805169518998, -0.7554222571589858]], "T": [0.10029119105908617, -0.13640531877239354, 0.08189719946246592], "aligned_model": [[0.2268050650663581, -0.12440887059523638, -0.4956966157688744, 0.5364456247353985, -0.0917556891791838, 0.7733739527038455, -0.6104561053290412, -0.29931437367000363, -0.30824996348546335, 0.33688429771383377, 0.0339632339682894], [-0.20103724038109938, 0.3010786804818652, -0.4311432399162892, 0.32731271923678634, -0.720067999619032, -0.03279974608103241, 0.07512481692687614, -0.49130908179962735, 0.5473297143585043, 0.3979216107780384, -0.15122369275312425], [-0.5036256538093865, -0.3864479731762184, 0.03897787125257264, -0.2927277117797488, -0.21440155487381757, 0.07493709977741664, 0.5340201165056616, 0.6920355757013066, 0.12079590899293373, 0.4224168548535664, 0.14821358889493694]], "inverted": true, "swapped": false, "error_lsq": 0.04768342247820787, "error_max": 0.2506772755284663, "target": "1015.xyz", "model": "10.xyz", "model_rescale": 4.2482417240324, "target_rescale": 3.7906250867366564},
{"mapping": [1, 8, 10, 2, 0, 6, 9, 4, 7, 5, 11], "R": [[0.07387904658161681, -0.13123966578964594, 0.9885939695343148], [0.9801001997266825, 0.1926961972854283, -0.047663130902750955], [-0.18424300521840375, 0.9724424536573656, 0.14286423398784553]], "T": [0.037941565388839624, 0.018878359363730265, -0.04511772940844834], "aligned_model": [[0.2232254761795731, -0.41612404539561565, -0.5079158956488647, 0.6460882032828957, 0.010378385571899785, 0.5772216009353667, -0.6175214975936928, 0.06245437892506679, -0.20559418584379824, 0.22243804721248933, -0.01705991146539746], [-0.2218785803606111, 0.09468451302380011, -0.31970467367567346, 0.3827832998927189, -0.7180301939437208, -0.21347033746198057, 0.1277355531328236, -0.3963141623570602, 0.6249742401101356, 0.25561277102223845, 0.004794111849194732], [-0.682967650733883, -0.4512404659364832, 0.0039080240462575355, -0.2583972348969663, -0.21845419733874527, 0.22997001020803626, 0.44255960917637965, 0.7248523168348551, 0.13347221406303023, 0.6434344014087656, 0.06705709550797632]], "inverted": false, "swapped": false, "error_lsq": 0.04516516971656092, "error_max": 0.2669336137149584, "target": "1015.xyz", "model": "11.xyz", "model_rescale": 3.6694154284099745, "target_rescale": 3.7906250867366564},
{"mapping": [9, 6, 4, 7, 8, 10, 0, 1, 5, 12, 13], "R": [[0.6073961089688644, -0.5771903964370194, -0.5458215945438215], [0.6371489206607984, 0.764326668412628, -0.09922699659887126], [0.4744588704095046, -0.2874995481981307, 0.8320052824805908]], "T": [-0.009387408340556775, -0.08233158325463094, 0.02787147771115825], "aligned_model": [[0.4529706456884625, -0.39001541714950116, -0.6583599412272795, 0.40057985306544713, 0.20299246374555946, 0.6253584334435216, -0.5480720036726794, -0.2361452191006373, -0.07662795070025892, 0.30639902635670924, -0.10148933428942104], [-0.2619564839491052, 0.23042005568191312, -0.43769939893518894, 0.4114034421865397, -0.7664553308720414, -0.0708049052333679, 0.1745931836267766, -0.4680547955829497, 0.7134866435241956, 0.17429271330543647, -0.07803858252034306], [-0.6035128678463536, -0.2499118275940991, 0.04293855729920967, -0.3467188154057509, -0.21598778331799443, 0.05008947357168245, 0.4209954217037114, 0.7463921752780274, 0.10986447659800944, 0.5721061682103297, 0.10793914384245136]], "inverted": true, "swapped": false, "error_lsq": 0.042148468358707995, "error_max": 0.21807178882956893, "target": "1015.xyz", "model": "12.xyz", "model_rescale": 3.9764082729961374, "target_rescale": 3.7906250867366564},
{"mapping": [14, 3, 4, 11, 6, 13, 0, 5, 2, 1, 15], "R": [[0.23535347210643948, -0.5580049029792344, 0.7957633262588687], [-0.9112597917734907, -0.4113950531128465, -0.018965815859399326], [0.33795611411006876, -0.7206834523737959, -0.6053106858549655]], "T": [0.05950726298362522, 0.014085668603950746, 0.16411342735672435], "aligned_model": [[0.30091273553688624, -0.15624943305263186, -0.5430028059939113, 0.5293917975170527, 0.10614274204129134, 0.5780042890434783, -0.5563132168310537, -0.1980276486480104, -0.3142733840576975, 0.2382662071157162, -0.007260726511197489], [-0.27128278336727374, 0.28012728983129365, -0.3683316331440898, 0.2891153720312565, -0.701335210759408, -0.2810700611108785, 0.09979826291168103, -0.6032652500162372, 0.691333227251049, 0.4993732391297172, -0.013275911525244738], [-0.5423540411200294, -0.6047261860893158, 0.08285860667720801, -0.41391069427523913, -0.0998125152166649, 0.02800877875685634, 0.5389819660741236, 0.6694623349487105, 0.3587497192193543, 0.5327104865514156, 0.08422566681280395]], "inverted": false, "swapped": false, "error_lsq": 0.047981834495711355, "error_max": 0.23530461556946936, "target": "1015.xyz", "model": "13.xyz", "model_rescale": 4.170626492500431, "target_rescale": 3.7906250867366564},
{"mapping": [12, 10, 11, 8, 5, 4, 3, 6, 1, 2, 13], "R": [[0.6024809449775093, 0.5363438655793565, -0.5910600382316509], [0.504118445007624, -0.8298556317391512, -0.23917404515103524], [-0.6187740333450513, -0.15386646264279755, -0.7703530407103552]], "T": [0.0020982451859076073, 0.1454243784298579, 0.07480363819300162], "aligned_model": [[0.23920961608043229, -0.14429607063056754, -0.5301621007659757, 0.5135335396135493, 0.00363728640485296, 0.6760196674133194, -0.4781261682149308, -0.12215206570809624, -0.42640545028673427, 0.28801447448761897, -0.04168217223354587], [-0.2941255039721959, 0.19050150257929366, -0.3085209654615751, 0.300830382972345, -0.753028308821597, -0.07498445269076509, 0.10097127133880623, -0.5553784991359285, 0.7759711187017448, 0.18539393178992214, 0.05355606393181497], [-0.46024796666304646, -0.4682111517988289, -0.026646842424960848, -0.4407923336403472, -0.06661852583722533, 0.09249528650636352, 0.5676342769256757, 0.5230518440659799, 0.17283353768358076, 0.6660620519702878, 0.07463394555174416]], "inverted": false, "swapped": false, "error_lsq": 0.04697555752525277, "error_max": 0.2172075834896797, "target": "1015.xyz", "model": "14.xyz", "model_rescale": 3.9786697098870705, "target_rescale": 3.7906250867366564},
{"mapping": [2, 4, 0, 5, 3, 8, 1, 9, 10, 7, 11], "R": [[0.7404716309290523, 0.2842654739964655, 0.6090114153961604], [-0.45711814960828845, 0.8772905521861868, 0.14630203123521662], [-0.4926913446448641, -0.38672267497319146, 0.7795516734467417]], "T": [-0.03424889441703762, -0.01275874394273862, 0.17358260163564304], "aligned_model": [[0.11322493584362206, -0.18906764095512263, -0.5103443364717477, 0.5577991085892481, 0.1774145827548038, 0.4369762073259812, -0.6424978666383013, 0.024042234512832446, -0.2583595783455156, 0.32971845886860146, -0.061315549324478996], [-0.31858600237629237, 0.3097522350028187, -0.4371702328410294, 0.32796016866576844, -0.8858685504268624, -0.17650291822321718, 0.21179270082548948, -0.5335429538449241, 0.7863491162768195, 0.3850625304534399, -0.04805955228014531], [-0.6255222560984968, -0.323340485241091, -0.10393064890315501, -0.2483763684753067, -0.02142270740859556, 0.020733411587149364, 0.3742861839071607, 0.5094400402221098, 0.23292919025972886, 0.5558678416995824, 0.2635299207901368]], "inverted": false, "swapped": false, "error_lsq": 0.05098396651973866, "error_max": 0.25137175565447006, "target": "1015.xyz", "model": "15.xyz", "model_rescale": 3.769337070930944, "target_rescale": 3.7906250867366564},
{"mapping": [3, 0, 1, 2, 9, 8, 5, 7, 4, 6, 10], "R": [[-0.1100943724749407, -0.8375719952244829, -0.535119035323009], [-0.43942260261475763, -0.44189918632837427, 0.7820696167436716], [-0.8915082755985061, 0.32124486289744686, -0.31939745240276846]], "T": [-0.0342058108669161, -0.07347760783002047, 0.08875931541663822], "aligned_model": [[0.20078543276070013, -0.3762220848497403, -0.7185671659847737, 0.43854135075487255, 0.3338422571413622, 0.6899302065769424, -0.5139089170073855, -0.2622424696781334, -0.15231181302688432, 0.3470813256749252, -0.009337566201962633], [-0.2598536467468436, 0.2638680594044891, -0.46432902962351874, 0.31199080488405095, -0.7424916361488602, -0.20624298806883026, 0.15194609490884134, -0.4789626591916756, 0.691429817200063, 0.39392468805462266, -0.040092963440473604], [-0.5353292410020127, -0.3433204037913587, -0.05270851874951003, -0.32891290319950733, -0.19006057709510482, 0.22838056665449197, 0.500001343571656, 0.631638360272553, 0.18362831944387698, 0.49822499506383194, 0.042652181170306835]], "inverted": true, "swapped": false, "error_lsq": 0.043026517213339006, "error_max": 0.23763678891998036, "target": "1015.xyz", "model": "16.xyz", "model_rescale": 3.7852294659196426, "target_rescale": 3.7906250867366564},
{"mapping": [9, 0, 4, 8, 10, 11, 1, 5, 3, 2, 12], "R": [[-0.7897349163825369, -0.38655222395897393, -0.4763361628079888], [-0.4651696301584005, 0.8835606130538769, 0.05420201322971345], [0.3999199632733584, 0.2643823390701967, -0.8775910219249097]], "T": [0.023737784291426946, -0.051529402448078784, 0.14486202567631656], "aligned_model": [[0.38193046240183304, -0.3412990777516847, -0.6188799482302293, 0.4080080502854109, 0.08179565188796722, 0.7511438893467605, -0.3698134215538451, -0.34600203756546427, -0.32111017609065984, 0.2775382896619907, 0.07427887376784344], [-0.18389079685392995, 0.08546735256686426, -0.3308015812591457, 0.30981607929312976, -0.7681594472280725, -0.13787390172085975, 0.17654723892337398, -0.4334114749398491, 0.6633799722818273, 0.34393336313310197, -0.10382026296457533], [-0.6306637650817182, -0.41525147550341346, 0.040765027254466235, -0.23720042569858119, -0.21890402305267992, 0.18170032377537687, 0.6619235774141338, 0.5317309406888922, 0.09506402063429403, 0.5363738716564854, 0.08865605025196717]], "inverted": true, "swapped": false, "error_lsq": 0.04803463572891113, "error_max": 0.2983281167415357, "target": "1015.xyz", "model": "17.xyz", "model_rescale": 3.901054581598922, "target_rescale": 3.7906250867366564},
{"mapping": [4, 10, 5, 6, 8, 1, 13, 2, 11, 7, 14], "R": [[-0.38551709922447686, 0.7062800804893852, 0.5937550118604918], [-0.8823648968435027, -0.0940118778364982, -0.46107912080684227], [-0.2698309749155944, -0.7016624649570213, 0.6594399367998097]], "T": [-0.019753855322558626, -0.02741044818378994, 0.14937735763406673], "aligned_model": [[0.26125728284814753, -0.30492171484136066, -0.5495832023218733, 0.46357046106565947, 0.013599361826820013, 0.6658265010563078, -0.599687458304145, -0.24613328242485977, -0.115747006141012, 0.4378868465382166, -0.04847723314197788], [-0.2752618176668843, 0.18279015731399909, -0.34904297704091786, 0.48456678981930396, -0.6496479246866054, -0.1386644959872956, -0.07251441077669596, -0.6676781086101854, 0.7453269201789858, 0.3445355948378878, 0.01677681385027293], [-0.5471686988325299, -0.5901824746139324, 0.07243954875657821, -0.11139583543747156, -0.07893457346255295, 0.092039226947776, 0.5842852179812812, 0.6211270582010648, -0.024959280679266005, 0.45252443889683863, 0.1644194945814373]], "inverted": true, "swapped": false, "error_lsq": 0.04914547086892644, "error_max": 0.23461957572008973, "target": "1015.xyz", "model": "18.xyz", "model_rescale": 3.9405287249114394, "target_rescale": 3.7906250867366564},
{"mapping": [14, 12, 1, 13, 10, 9, 0, 6, 4, 7, 15], "R": [[-0.38183819335698804, -0.8973054839977297, -0.22145532841065693], [0.9117113950932891, -0.3263914126969318, -0.2495014584621696], [0.1515979094543192, -0.29717253255525095, 0.9427123419918606]], "T": [0.004267601870333109, -0.07766775218883601, 0.052605895167590976], "aligned_model": [[0.21704266092660632, -0.28700582678497005, -0.603098914475326, 0.5001178629230679, 0.14274737064798973, 0.6970218093310203, -0.48704718773669403, -0.2967256947621773, -0.2577120806002218, 0.34600077476839874, 0.006249781922228708], [-0.20975863179077436, 0.1717944238356465, -0.33147360817258553, 0.21094916542559253, -0.7596836155588017, -0.019515790470080778, 0.12133971661825357, -0.45241990251842756, 0.588868695088685, 0.41853601574736277, -0.11744992697300544], [-0.6802090445312197, -0.33863249086055297, 0.0995944711189119, -0.29691182806350364, -0.3128824804307762, 0.37775171530112883, 0.4904187122805088, 0.6246612393414401, 0.20012145041301513, 0.41678415943975, 0.0534982183305207]], "inverted": true, "swapped": false, "error_lsq": 0.04538262389236526, "error_max": 0.2356366414289848, "target": "1015.xyz", "model": "19.xyz", "model_rescale": 4.410303926677745, "target_rescale": 3.7906250867366564},
{"mapping": [11, 9, 7, 10, 4, 6, 1, 2, 5, 3, 13], "R": [[0.8177755791140259, -0.574562083567906, 0.03348901806303821], [0.5391156601449023, 0.7443559704858668, -0.39406661135976745], [0.20148798274648066, 0.34031250539489494, 0.9184715518080043]], "T": [-0.03614768370253491, -0.06737149165179848, 0.1173123467761113], "aligned_model": [[0.402772090755373, -0.17324583690639908, -0.7171787627254076, 0.24252243215956293, 0.21830596149897946, 0.5157999863365343, -0.5928470343953957, -0.19554526438824146, -0.1096836875200114, 0.45632882108890516, -0.06963814974397725], [-0.3065694079335245, 0.10447421188974668, -0.2748453285865853, 0.5604805143262046, -0.7093614898055756, -0.2445465825425935, 0.06958827489149222, -0.6073880209412081, 0.7651591816640768, 0.27432420737490837, -0.010129019105076159], [-0.5439494114784997, -0.5350141645286304, 0.11520489470971965, -0.33355219842791606, -0.01757864524343497, 0.13895905287241514, 0.6015103914427018, 0.4660002977005098, 0.14088896865356032, 0.5255691742725586, 0.07615576236623917]], "inverted": true, "swapped": false, "error_lsq": 0.05475185881555433, "error_max": 0.31367734743141484, "target": "1015.xyz", "model": "20.xyz", "model_rescale": 4.121658175737393, "target_rescale": 3.7906250867366564},
{"mapping": [8, 9, 7, 6, 5, 1, 11, 3, 10, 2, 12], "R": [[0.48022796068530504, -0.32527562367964297, -0.8146022798985113], [-0.02918033716025578, -0.9341091513879369, 0.35579291900840615], [-0.8766582080259371, -0.14709133874272712, -0.4580769851974943]], "T": [0.031872448349241134, -0.03628426701785658, 0.05941787088409702], "aligned_model": [[0.18206289403593962, -0.4720343065192261, -0.4973977934114339, 0.48156503954716884, 0.11806565443712552, 0.6572787756058711, -0.7865888821413527, -0.07484242738570551, -0.10296904456218456, 0.4640430007271514, 0.008407645826568826], [-0.10676484990102728, 0.1814094427707388, -0.45908900936245284, 0.3546872391535958, -0.6486166956033851, -0.2687531615308146, 0.11887268976566528, -0.4118136979799525, 0.7292475301447269, 0.2666799806299549, -0.13467292685518434], [-0.5934055509746552, -0.4110609344802373, 0.14845281197297466, -0.2004711763184138, -0.2261049094918032, 0.2522908988188988, 0.3433480954010053, 0.6340745377088534, -0.007304546558891019, 0.6049936332798301, 0.0893812629816613]], "inverted": true, "swapped": false, "error_lsq": 0.051483836129347926, "error_max": 0.23413214750570413, "target": "1015.xyz", "model": "21.xyz", "model_rescale": 4.08911054899281, "target_rescale": 3.7906250867366564},
{"mapping": [9, 10, 13, 5, 14, 11, 0, 2, 6, 8, 16], "R": [[-0.5994010032957993, 0.5730230645999692, 0.5588944486076499], [-0.4506807968532812, 0.3354403128109398, -0.8272645380342316], [-0.6615173894885009, -0.7477461895441251, 0.05718723132448933]], "T": [-0.04396367681545814, -0.14145194531875444, 0.1107380074207324], "aligned_model": [[0.2702052335451512, -0.12920680677256263, -0.6503326078804252, 0.40051453643407303, 0.007281114991991869, 0.6914877929133917, -0.5642900616734368, -0.035725351953982895, -0.2406137323265814, 0.3174045918885438, -0.08913415300623984], [-0.23254591021851245, 0.31860065071803306, -0.35918879359522626, 0.23530203873423605, -0.7076639823211597, -0.02897556995403805, 0.17818535395155716, -0.609058664681143, 0.5736617106812469, 0.39338519510379594, -0.1405154871869243], [-0.5221501318931496, -0.5466968767235952, -0.03635839080164445, -0.2870365611415012, -0.18692033096954636, 0.2906080463848072, 0.5873634875569526, 0.6607652025519131, 0.18493600753632033, 0.36396562372388086, 0.12571804611478588]], "inverted": false, "swapped": false, "error_lsq": 0.04608296877212281, "error_max": 0.21825650823438708, "target": "1015.xyz", "model": "22.xyz", "model_rescale": 4.204369325754507, "target_rescale": 3.7906250867366564},
{"mapping": [14, 12, 1, 13, 10, 9, 0, 6, 4, 7, 15], "R": [[-0.38183819335698804, -0.8973054839977297, -0.22145532841065693], [0.9117113950932891, -0.3263914126969318, -0.2495014584621696], [0.1515979094543192, -0.29717253255525095, 0.9427123419918606]], "T": [0.004267601870333109, -0.07766775218883601, 0.052605895167590976], "aligned_model": [[0.21704266092660632, -0.28700582678497005, -0.603098914475326, 0.5001178629230679, 0.14274737064798973, 0.6970218093310203, -0.48704718773669403, -0.2967256947621773, -0.2577120806002218, 0.34600077476839874, 0.006249781922228708], [-0.20975863179077436, 0.1717944238356465, -0.33147360817258553, 0.21094916542559253, -0.7596836155588017, -0.019515790470080778, 0.12133971661825357, -0.45241990251842756, 0.588868695088685, 0.41853601574736277, -0.11744992697300544], [-0.6802090445312197, -0.33863249086055297, 0.0995944711189119, -0.29691182806350364, -0.3128824804307762, 0.37775171530112883, 0.4904187122805088, 0.6246612393414401, 0.20012145041301513, 0.41678415943975, 0.0534982183305207]], "inverted": true, "swapped": false, "error_lsq": 0.04538262389236526, "error_max": 0.2356366414289848, "target": "1015.xyz", "model": "23.xyz", "model_rescale": 4.410303926677745, "target_rescale": 3.7906250867366564},
{"mapping": [3, 0, 5, 1, 4, 10, 13, 15, 7, 11, 16], "R": [[0.7582347138462385, -0.6518318401462854, 0.013977513728153118], [0.5456611468403615, 0.6227077356210328, -0.5607931782989052], [0.35683894342878897, 0.43283984124527386, 0.827837931169738]], "T": [-0.05454770182251415, -0.07327566028757149, 0.21720754198003334], "aligned_model": [[0.29698131471421646, -0.3484525113077973, -0.47664925834776056, 0.43279352983877134, 0.08698592616751999, 0.5738162479860991, -0.547684460739966, -0.21955887974520918, -0.1524690654199479, 0.3391995267694911, -0.007371813755494394], [-0.17738193773730665, 0.1340003915318641, -0.5031508274115911, 0.4631521313450202, -0.6182767306917335, -0.228872506826345, 0.32675375926450323, -0.5814282360417721, 0.5666431917846102, 0.30363276418067814, -0.06388545816606239], [-0.6042790483927731, -0.446902699162003, 0.0365430737052978, -0.24222591115260433, -0.17880563759540297, 0.14841572412556026, 0.5188351672505951, 0.6903528280705591, 0.06605805969134532, 0.5391153644257447, 0.1070872013729044]], "inverted": false, "swapped": false, "error_lsq": 0.04150123663500526, "error_max": 0.2379636013026729, "target": "1015.xyz", "model": "24.xyz", "model_rescale": 4.28219845311461, "target_rescale": 3.7906250867366564},
{"mapping": [11, 9, 13, 5, 14, 8, 4, 2, 3, 1, 15], "R": [[0.995052016266603, -0.01630126573346024, -0.0980089468327005], [0.055297109066965104, 0.9104125283103829, 0.40998933891545586], [0.08254522792145022, -0.4133803297581822, 0.9068092347988149]], "T": [-0.050154319678857195, -0.1050647264420822, 0.06270188730093618], "aligned_model": [[0.18074944236228643, -0.23927985695322207, -0.5662465940440036, 0.538802566191309, 0.11051625365386916, 0.633566815213875, -0.46001123539685473, -0.24130402103369883, -0.1936137557434608, 0.2597893844594901, -0.04537844254966711], [-0.2528633597834221, 0.25952796413402546, -0.3823136796146974, 0.4009221145304892, -0.8382846449104719, -0.01941944848556726, 0.15763981346974876, -0.6170076463915931, 0.6455895511044045, 0.376280451005954, -0.10888457382700474], [-0.4077405511612773, -0.4741196705821531, -0.0357777514184662, -0.287137767773864, -0.0665967705450366, 0.1471788249441147, 0.6082770025449833, 0.47520190278389685, 0.18912534503332223, 0.34926622433398424, 0.13651733417971898]], "inverted": true, "swapped": false, "error_lsq": 0.045321287750978136, "error_max": 0.26011925784868667, "target": "1015.xyz", "model": "25.xyz", "model_rescale": 4.100010024507729, "target_rescale": 3.7906250867366564},
{"mapping": [1, 8, 10, 2, 0, 6, 9, 4, 7, 5, 11], "R": [[0.07387904658161681, -0.13123966578964594, 0.9885939695343148], [0.9801001997266825, 0.1926961972854283, -0.047663130902750955], [-0.18424300521840375, 0.9724424536573656, 0.14286423398784553]], "T": [0.037941565388839624, 0.018878359363730265, -0.04511772940844834], "aligned_model": [[0.2232254761795731, -0.41612404539561565, -0.5079158956488647, 0.6460882032828957, 0.010378385571899785, 0.5772216009353667, -0.6175214975936928, 0.06245437892506679, -0.20559418584379824, 0.22243804721248933, -0.01705991146539746], [-0.2218785803606111, 0.09468451302380011, -0.31970467367567346, 0.3827832998927189, -0.7180301939437208, -0.21347033746198057, 0.1277355531328236, -0.3963141623570602, 0.6249742401101356, 0.25561277102223845, 0.004794111849194732], [-0.682967650733883, -0.4512404659364832, 0.0039080240462575355, -0.2583972348969663, -0.21845419733874527, 0.22997001020803626, 0.44255960917637965, 0.7248523168348551, 0.13347221406303023, 0.6434344014087656, 0.06705709550797632]], "inverted": false, "swapped": false, "error_lsq": 0.04516516971656092, "error_max": 0.2669336137149584, "target": "1015.xyz", "model": "26.xyz", "model_rescale": 3.6694154284099745, "target_rescale": 3.7906250867366564},
{"mapping": [5, 7, 6, 8, 0, 4, 12, 2, 9, 10, 13], "R": [[0.8131538387965422, -0.564040980832464, -0.1436614297297606], [-0.5623383790459859, -0.6976235101906465, -0.44395606255711195], [0.1501878220841497, 0.44179091205097576, -0.8844571262230787]], "T": [-0.048588305769224654, 0.0052811273248052695, 0.029279119705126956], "aligned_model": [[0.18375287861382059, -0.2416075615774839, -0.6113415605729171, 0.43883592488221645, 0.17020409332280492, 0.7135783528505253, -0.6800142172641999, -0.07271668420967956, -0.2059505968870836, 0.3320396095007525, -0.04918968249883328], [-0.30965122655348604, 0.26770431387292193, -0.38293474988156906, 0.3681393384550522, -0.6133432285407329, -0.23844284218828352, 0.09638554384635153, -0.4347118326931561, 0.6546319143675585, 0.24636217910706223, -0.03295286855985382], [-0.6583353698464768, -0.509243082963994, 0.09082291465739761, -0.16848015420954213, -0.05051521319291615, 0.21697883004617888, 0.5012262745227589, 0.5469215278323492, 0.16508854563517006, 0.42789301369457194, 0.07183683616372595]], "inverted": true, "swapped": false, "error_lsq": 0.038850094727537844, "error_max": 0.2106805028544951, "target": "1015.xyz", "model": "27.xyz", "model_rescale": 4.103607728864725, "target_rescale": 3.7906250867366564},
{"mapping": [9, 5, 11, 0, 10, 3, 8, 13, 1, 2, 14], "R": [[-0.37510072385307125, -0.6048153492475248, -0.702494014408306], [0.10245829516607935, 0.7261338707507539, -0.6798763854556126], [0.92130437137602, -0.3269984633956601, -0.21040499095866194]], "T": [-0.037840898195071554, -0.19822066255607612, 0.07731843122813586], "aligned_model": [[0.2020220262925868, -0.25501725748497817, -0.6151355814731871, 0.3625447495369636, 0.17020533400756702, 0.7023963500707271, -0.6809850330714885, -0.23518021791170393, -0.043182112321677096, 0.36123196717332684, 0.00869033134178622], [-0.22778097079093362, 0.2039540164716116, -0.5688350321468609, 0.34383906298076056, -0.6155893357119971, -0.07935613601147995, 0.1291774100529664, -0.4081306898484507, 0.6968509633250106, 0.19798993104042478, -0.05093267812918667], [-0.7048042520423852, -0.4938473651011147, 0.11522715279630552, -0.1583812251627356, -0.12834010187979092, 0.11540902292761591, 0.4664920436847995, 0.6577213139652848, 0.11829510812012983, 0.5517430510368532, 0.09467937399426116]], "inverted": false, "swapped": false, "error_lsq": 0.04203810312066681, "error_max": 0.20552830041686315, "target": "1015.xyz", "model": "28.xyz", "model_rescale": 4.137296879288765, "target_rescale": 3.7906250867366564},
{"mapping": [3, 7, 1, 8, 2, 4, 0, 5, 9, 6, 10], "R": [[-0.2501673100702776, 0.9183672034743732, -0.3066235420753942], [0.005892386531573646, 0.31813183010370094, 0.9480281738723975], [0.9681846914474346, 0.23535891369890655, -0.08499755872556863]], "T": [0.00433399619206006, -0.015476893826898923, 0.03839440671615291], "aligned_model": [[0.41950751850342316, -0.4801745449565185, -0.6412890297057432, 0.24221067495170748, 0.023523203541198155, 0.7396378925462159, -0.5534725564966245, -0.06886410845613385, -0.00921926038188751, 0.23891050904153494, 0.06682025757275067], [-0.24315388896832665, 0.16966022544836945, -0.4023101445653065, 0.3847283552621119, -0.7848556795338012, -0.04906480974738941, 0.1596380689102155, -0.5055766744588437, 0.7548614038269538, 0.10610891664592448, 0.03115076841195752], [-0.4531977588210476, -0.45656816288320745, 0.016260486061121987, -0.5107907371831238, -0.10234341510738715, 0.2788730849575586, 0.42401979743923146, 0.49407235212509387, 0.16950288337910963, 0.7064801596461436, 0.06788543272573022]], "inverted": false, "swapped": false, "error_lsq": 0.06090841953476715, "error_max": 0.32930349884633847, "target": "1015.xyz", "model": "29.xyz", "model_rescale": 3.607286011436655, "target_rescale": 3.7906250867366564},
{"mapping": [8, 10, 11, 4, 9, 3, 13, 1, 7, 6, 14], "R": [[-0.5031552939578201, -0.3021280380429448, -0.8096625215424884], [0.2585161421320679, 0.8413747851271588, -0.47461339552248183], [0.8246236441064323, -0.4481150740385199, -0.3452372025145605]], "T": [-0.05847767004814762, 0.05873986715859327, 0.08553857399758721], "aligned_model": [[0.2336233102570361, -0.3355761743343391, -0.49360744667678363, 0.44088725267173623, 0.14458603486512983, 0.712275974677916, -0.6742782193357505, -0.17494623026137862, -0.1268846596395765, 0.3141963109929993, -0.06268559705706657], [-0.2264903572062303, 0.060439704307866264, -0.29439412955622046, 0.35708705851547096, -0.6956683906290134, -0.12122546256706393, 0.13110880115285134, -0.4592181752900649, 0.7346154046318865, 0.24153304091231084, -0.10660095303992798], [-0.4607852399612469, -0.5796594626636801, -0.08907391356413302, -0.31254824702099626, 0.020803573908363404, 0.0871925099085473, 0.4747004211013913, 0.5916024035685278, 0.4567550959327995, 0.36274558317567684, 0.08246139795397359]], "inverted": false, "swapped": false, "error_lsq": 0.05077344137062531, "error_max": 0.298209024375318, "target": "1015.xyz", "model": "30.xyz", "model_rescale": 3.964800864290218, "target_rescale": 3.7906250867366564},
