[{"mapping": [7, 9, 6, 8, 4, 3, 2, 1, 10, 5, 0, 11], "R": [[-0.040306155008223266, 0.9912860169714331, 0.1254091161972083], [-0.4521335061045092, -0.13002061936811055, 0.882422762170592], [0.8910391161593847, -0.021134594768879078, 0.45343425364418416]], "T": [-0.023054727655501858, 0.014197958729835444, 0.0008108423319282965], "aligned_model": [[0.45597932920109785, -0.4441826095394149, 0.16160196127969645, -0.15536934659074564, -0.3507606476524853, -0.693114177337198, 0.38727291115131907, 0.6592947208777904, -0.25523899277678214, 0.5054399289281898, 0.33643159671692235, 0.024823836894413955], [-0.8005925860554274, -0.276794928586983, -0.3116244309828011, 0.3248927980763893, 0.6199526302654864, 0.08176874035750596, 0.6923921429122143, 0.047543766031419556, -0.5285726901193045, -0.3357127865120929, 0.27941502011044705, 0.020684824434221705], [-0.05616327781095304, -0.32680306314058916, -0.6195891617367314, -0.5368368574777617, 0.4227333170298316, 0.14394378106167527, -0.1421371305772382, -0.1867200797600629, 0.3373399432174825, 0.5364807041466779, 0.42885393238635094, 0.050789032756103775]], "inverted": true, "swapped": false, "error_lsq": 0.06198336597926144, "error_max": 0.3321521689001978, "target": "1016.xyz", "model": "0.xyz", "model_rescale": 3.751011558992144, "target_rescale": 4.048833762686002},
{"mapping": [3, 7, 1, 6, 10, 11, 4, 8, 12, 2, 5, 14], "R": [[-0.8515511657027172, -0.07775691160263234, -0.5184732152082345], [-0.3663348288901023, -0.6192038465969797, 0.6945396961308719], [-0.37504587097100983, 0.7813708844444647, 0.4987986924702913]], "T": [0.09618843181224454, -0.02486609239093738, 0.0581974193187375], "aligned_model": [[0.138024338538016, -0.2416897876417934, 0.22752742872310752, -0.4129836187657736, -0.16594499646252706, -0.6881529972867491, 0.31307077143599493, 0.7050299069815111, -0.4434449220477842, 0.7543658479658057, 0.3944001184186604, 0.05197642129433578], [-0.7796941103402992, -0.4013692061985334, -0.04093633985382176, 0.14610194143271923, 0.7285728308244208, 0.11181737170679026, 0.6481348457761138, 0.2356781829081274, -0.5015081385775186, -0.42700603810726884, 0.1327038452056993, -0.039142684845353465], [0.16724011618489962, -0.37047581043674627, -0.6260374559052359, -0.4664353089691478, 0.24811741008816068, 0.11164966125366252, -0.29621160694245324, 0.015220787732845721, 0.24145490835003752, 0.35623106660171855, 0.5838660903775796, 0.08727128175946466]], "inverted": false, "swapped": false, "error_lsq": 0.047939169794900795, "error_max": 0.30322964799955154, "target": "1016.xyz", "model": "1.xyz", "model_rescale": 3.9405287249114394, "target_rescale": 4.048833762686002},
{"mapping": [8, 3, 4, 7, 0, 6, 1, 2, 10, 9, 5, 12], "R": [[0.40720572812992506, 0.19471079822070014, 0.8923402938534355], [0.14977070508999069, -0.9780214806236385, 0.14506108828901382], [0.9009729357061869, 0.07457672891059126, -0.42741792268220524]], "T": [0.014067567971455787, 0.01642696094775767, 0.014101247796537441], "aligned_model": [[0.37466517568780067, -0.3390975750661415, 0.24014573237583078, -0.5321665493961126, -0.07908865448735752, -0.4647512241487781, 0.26226630361742503, 0.6065961614795017, -0.17970018299892107, 0.30775437119983834, 0.3368246076288313, 0.09873034526088698], [-0.6627398972127913, -0.3606086491550019, -0.2048425671287434, 0.12400778096884929, 0.7860253076110261, 0.24485052163349771, 0.6000130239710586, 0.3290010771272527, -0.7673147443480979, -0.5549624795651784, 0.24377141918786752, 0.036151706841336534], [-0.08280857727471248, -0.23068071441997168, -0.6116975868197961, -0.5506681824521297, 0.3334291220985575, 0.13204587304750848, -0.46029418538866074, 0.1381049384335313, 0.2584168579736131, 0.5015879409173511, 0.6241985113831455, 0.00025714259634921494]], "inverted": true, "swapped": false, "error_lsq": 0.05681900268093737, "error_max": 0.3240305795189222, "target": "1016.xyz", "model": "2.xyz", "model_rescale": 3.932901565614263, "target_rescale": 4.048833762686002},
{"mapping": [4, 5, 6, 12, 11, 9, 10, 1, 7, 0, 3, 13], "R": [[-0.38398967639549036, -0.1385610141228088, 0.9128815770881487], [-0.71697731480483, -0.578229079496595, -0.38935159134100905], [0.5818036253556198, -0.8040223734385625, 0.12268889327595423]], "T": [0.08501593141569491, 0.006288158180217966, 0.12661080754975307], "aligned_model": [[0.26474883225035484, -0.3230479981322208, 0.18982634472462367, -0.31661598685115966, 0.003644839847564474, -0.6471110900055039, 0.16317685394589035, 0.784914739007549, -0.3344358156024621, 0.5948231940314905, 0.2137946402095246, 0.038459957727152876], [-0.8298668860843081, -0.3516563213842321, -0.0944350502290347, 0.20544389506432875, 0.8756469077098569, -0.0077092711517676455, 0.5308998326162744, 0.22909829007047988, -0.49920497352839516, -0.34638054580820604, 0.08021396109176653, 0.02130266156431307], [-0.05162283362475095, -0.3447269318748718, -0.5408934045953961, -0.491578973063748, 0.31450122359246097, 0.06671893943842547, -0.35486494629031134, 0.030351131824669586, 0.4063954980994273, 0.3809170586611277, 0.6151151554387928, 0.021579222488960728]], "inverted": true, "swapped": false, "error_lsq": 0.03980029590996753, "error_max": 0.2392916000326785, "target": "1016.xyz", "model": "3.xyz", "model_rescale": 3.9243930471874484, "target_rescale": 4.048833762686002},
{"mapping": [2, 4, 7, 8, 11, 10, 9, 1, 3, 0, 5, 12], "R": [[0.4576594626497708, 0.057872296482475105, 0.8872421391857851], [0.7881884772764889, -0.4882037951707517, -0.37472120125427244], [0.41146900312865997, 0.8708087342698854, -0.2690453638024405]], "T": [-0.045541460679507026, 0.07711280694327119, 0.03602643192037243], "aligned_model": [[0.2651929203078611, -0.24181080085072382, 0.31643507423001865, -0.23903462350609006, -0.2541223043769948, -0.7452500281830182, 0.09822142342547048, 0.6554487799616371, -0.24871064729076892, 0.5348022639527075, 0.44428593964047747, 0.04672051384222743], [-0.7844048518364805, -0.3731531706242668, -0.3210217957589775, 0.23836684698974833, 0.766575651247838, 0.16127194114533142, 0.7119675452794628, 0.10723572511365836, -0.4665172750296135, -0.4387506772411365, 0.14767315574131554, 0.06410940490419542], [-0.07553502377392639, -0.29729948215469776, -0.5584317964003332, -0.5409431508344571, 0.36354604866632995, 0.014745449531006996, -0.235964535103864, -0.09763580025183051, 0.3768225380462305, 0.38302553901680864, 0.60936180920678, 0.11019954414673856]], "inverted": true, "swapped": false, "error_lsq": 0.043277174741409546, "error_max": 0.24489532383936743, "target": "1016.xyz", "model": "4.xyz", "model_rescale": 3.8936222436046832, "target_rescale": 4.048833762686002},
{"mapping": [4, 2, 10, 3, 9, 0, 8, 7, 1, 5, 6, 11], "R": [[0.11163362369426108, -0.6293489693773956, -0.7690629420304287], [-0.8867274926950219, 0.28627975013711215, -0.36298520405139534], [0.44861151095317264, 0.722470607986957, -0.5261025877481206]], "T": [0.08539810146335103, 0.05992214434016858, -0.03527168147232838], "aligned_model": [[0.2946072606368447, -0.32106248485430733, 0.31278292036556, -0.3077940690009803, -0.17959528658043095, -0.797542809311147, 0.1995023596407422, 0.7267798175932451, -0.33992992534170424, 0.48453439613179455, 0.42795695552582413, 0.13193937634736297], [-0.6953020802105483, -0.46501258229594394, -0.09391317109250114, 0.26042958609784084, 0.5296109424307424, 0.07065969105807157, 0.7108639092618807, 0.15137210248524915, -0.3232394691477938, -0.4432976280430329, 0.18932546807719808, -0.07814426869008706], [-0.16369479962688566, -0.3764340906939454, -0.6045679482294585, -0.4033460152780567, 0.26673308846114085, 0.019667941280308764, -0.36560161241595, -0.03153982434881395, 0.5263260524302117, 0.45933011392252027, 0.6722004659772589, 0.05281776861645573]], "inverted": true, "swapped": false, "error_lsq": 0.04450837999800725, "error_max": 0.2431857635354263, "target": "1016.xyz", "model": "5.xyz", "model_rescale": 3.6523030999806103, "target_rescale": 4.048833762686002},
{"mapping": [4, 2, 3, 1, 8, 6, 5, 7, 10, 11, 9, 12], "R": [[0.54766342422586, -0.7348103050435848, -0.4001482092512216], [-0.7850332245208047, -0.6167246190590985, 0.05808253304460226], [-0.28946089574184836, 0.28231996005979365, -0.9146080198577766]], "T": [0.024427063310408184, 0.03877249926226136, -0.010236299693165175], "aligned_model": [[0.06902690459179658, -0.39041284196973153, 0.4195356586993305, -0.3342429411214791, -0.1859188610538569, -0.6034082468235122, 0.2225111411871037, 0.7027150126914936, -0.28075237657109603, 0.6737542871856783, 0.23790693492870846, 0.1014638394083688], [-0.5317114068696377, -0.462729029165974, -0.18472154299252988, 0.17762888706250637, 0.607173168169198, 0.0926188213954256, 0.652295651200368, 0.1153861904719882, -0.4155659885170844, -0.45406974384233356, 0.14509843023545396, 0.07194906278369462], [-0.05135282835358154, -0.40089689942191487, -0.536145335434505, -0.5885524740142197, 0.2836656811711708, 0.1496006766730211, -0.22990780470556785, -0.03979741842717691, 0.5457448957289296, 0.3215010706573045, 0.6722474114656869, -0.07421583524436126]], "inverted": false, "swapped": false, "error_lsq": 0.04780689017850423, "error_max": 0.3176592608991244, "target": "1016.xyz", "model": "6.xyz", "model_rescale": 4.08911054899281, "target_rescale": 4.048833762686002},
{"mapping": [10, 11, 8, 9, 0, 1, 3, 4, 13, 5, 6, 14], "R": [[0.5526047383352111, -0.6587622639086572, 0.5105490013891062], [0.11811167733743799, 0.6682944139515861, 0.7344604876762556], [-0.8250318992899669, -0.3455645466928673, 0.44711017570945893]], "T": [0.05159412394164847, -0.11922115567817992, 0.1279652456639629], "aligned_model": [[0.29850930588978497, -0.2931721133076225, 0.3228947868749293, -0.30439434884240674, -0.18538316003862115, -0.6351545337155102, 0.3125061282464818, 0.721264811645506, -0.42793415035228716, 0.6845400414791727, 0.19529825801751832, -0.056796514744141435], [-0.6599234167094638, -0.48500645778538565, -0.04844429172743206, 0.2093594192314701, 0.7875937583070495, 0.13816680280247706, 0.5852545837124715, 0.0539868712320245, -0.4867069928945033, -0.4785354755349343, 0.28145091198185607, -0.08384321268455419], [-0.2794029616634615, -0.175132786946736, -0.49375459405988203, -0.4883660945619826, 0.20660786613902354, 0.11937578173158882, -0.12121399682104636, -0.007643158007679451, 0.541367369448688, 0.3532959240053456, 0.3886450924109091, 0.00811269842001891]], "inverted": true, "swapped": false, "error_lsq": 0.04521140120101528, "error_max": 0.23399911269837942, "target": "1016.xyz", "model": "7.xyz", "model_rescale": 3.964800864290218, "target_rescale": 4.048833762686002},
{"mapping": [0, 2, 1, 7, 9, 12, 8, 5, 6, 3, 10, 13], "R": [[-0.6497295484112456, -0.7583525038851546, -0.05246897914421372], [0.33320282769441956, -0.34615527238584587, 0.8770133425529649], [-0.6832476780332022, 0.5523386707904834, 0.477592507491104]], "T": [-0.030149297252037993, -0.10522515054979116, 0.06286839474475009], "aligned_model": [[0.22103339378604456, -0.3760520108598383, 0.24978124582886427, -0.28288201476971886, -0.17503803870078904, -0.6402289815562024, 0.18076767790768666, 0.7173529003002532, -0.12535290700751747, 0.5017907298751609, 0.3612298633877492, -0.00022334703888892554], [-0.7437635800150348, -0.5173809924202724, -0.1339371011182367, 0.1494952488076528, 0.5286315719469924, 0.330406615548923, 0.5932649055980161, 0.26648535281931324, -0.47300572392556217, -0.5152485114309282, 0.36154320741371004, -0.03313849329349795], [-0.14288704829788434, -0.32325024309197364, -0.6327855466063941, -0.5520274148108408, 0.2888985580762109, -0.0304197634191668, -0.17937786933250224, 0.10915542649191798, 0.5012512704543908, 0.33651661193985444, 0.6143062113915452, 0.0625109472996284]], "inverted": false, "swapped": false, "error_lsq": 0.042531301857668326, "error_max": 0.2473726927823049, "target": "1016.xyz", "model": "8.xyz", "model_rescale": 4.121658175737393, "target_rescale": 4.048833762686002},
{"mapping": [3, 10, 0, 5, 9, 7, 4, 1, 11, 2, 6, 12], "R": [[0.0625654729331501, 0.2621948330902049, 0.9629846473840854], [0.40988677945798163, 0.8729979678748085, -0.2643243766889824], [-0.9099881260885857, 0.41125225541904903, -0.05285066499610069]], "T": [0.003194029661584219, -0.048792030046723445, 0.09853572931966385], "aligned_model": [[0.14614079929708132, -0.32043781339330274, 0.42269545127477454, -0.30824364174111835, -0.21763710296768765, -0.6018271528879495, 0.34471064953201724, 0.6569840697628316, -0.3776137335518057, 0.5673086691545488, 0.2353161457761268, 0.0847821708972876], [-0.8115022391408411, -0.4826012130478517, -0.09212245096981837, 0.15214997344864856, 0.7432727337492451, 0.08943793539469785, 0.6414857749897451, 0.15115700093953946, -0.5175388658619589, -0.4209682751466141, 0.37904199110494063, -0.018459865528656822], [-0.04472399797452618, -0.43396108146905427, -0.5655164335481475, -0.39577873975675804, 0.22913755874581226, 0.3632105404249757, -0.3430646193498477, 0.011871525719822765, 0.2942240681217594, 0.2585543749580854, 0.5917490945579524, 0.08618884966471124]], "inverted": true, "swapped": false, "error_lsq": 0.04624166700084817, "error_max": 0.3249685652915442, "target": "1016.xyz", "model": "9.xyz", "model_rescale": 3.833441315466971, "target_rescale": 4.048833762686002},
{"mapping": [4, 5, 3, 2, 8, 13, 9, 7, 1, 6, 11, 14], "R": [[0.15954943746755193, 0.8349906162783738, -0.526625718827755], [0.39008886311066493, 0.43671846121223734, 0.810621776486078], [0.9068487502780258, -0.3347650763796569, -0.25604235539399695]], "T": [0.026667721198080474, -0.04210519041071684, 0.20978772570127588], "aligned_model": [[0.28060931303844905, -0.4050594814691411, 0.42859668379819144, -0.2556454025745381, -0.05326973487165154, -0.7175870516438088, 0.15822854944858822, 0.6134260950215704, -0.25605185439278755, 0.37493450783098975, 0.40589384003395884, 0.05810304693298335], [-0.6327117303083231, -0.41414765365488493, -0.02077155677419666, 0.15697258626221097, 0.7329275293401829, 0.06306778677743571, 0.5440792068617926, 0.2456253468152705, -0.638734875064592, -0.6140129642568873, 0.3900097474902253, 0.0010490764428415025], [-0.26202808905485964, -0.15439798171646238, -0.5598354514748626, -0.4205436109053893, 0.18756951674188035, -0.05612583052725342, -0.3351799131517299, 0.08001975786069285, 0.5410151307893245, 0.32319544848778087, 0.5769407078205989, 0.13126145522506547]], "inverted": false, "swapped": false, "error_lsq": 0.04307941956492137, "error_max": 0.22266784962265776, "target": "1016.xyz", "model": "10.xyz", "model_rescale": 4.2482417240324, "target_rescale": 4.048833762686002},
{"mapping": [7, 5, 9, 4, 0, 6, 10, 8, 2, 3, 1, 11], "R": [[-0.3257055004967782, 0.37357447826917006, 0.868537872595122], [0.9246547711753592, 0.31756337288779957, 0.21015960207130274], [-0.19730555260505755, 0.8715478262184133, -0.4488595610267994]], "T": [0.04529327960438424, -0.015036404845642915, 0.0709949111585025], "aligned_model": [[0.31378586541839226, -0.40820031722112715, 0.3246654321692922, -0.515261343663042, -0.050872765144801144, -0.5959723031790629, 0.3495243526696523, 0.6461606665628924, -0.2106518457623846, 0.5765727800967121, 0.1793953338815339, 0.023032655324746576], [-0.5683348521900925, -0.4009428217158357, -0.047781800359891206, 0.24701503388781806, 0.7261661388758514, 0.03466962723911255, 0.42882178180103303, 0.08723824318137847, -0.4700663481290155, -0.4953777316904017, 0.2795033731392763, -0.007558144108157852], [-0.21242845806937294, -0.38683252945444213, -0.7037242906060922, -0.5478323167682289, 0.19432518705187762, 0.15339576585535208, -0.2831741542082689, 0.14418035107258237, 0.5955872575582541, 0.4518963794326277, 0.6990152229171624, -0.052517274686665796]], "inverted": true, "swapped": false, "error_lsq": 0.04531671866161293, "error_max": 0.2269749910105403, "target": "1016.xyz", "model": "11.xyz", "model_rescale": 3.6694154284099745, "target_rescale": 4.048833762686002},
{"mapping": [12, 2, 1, 3, 11, 8, 4, 0, 10, 5, 6, 13], "R": [[-0.26176328138599114, -0.7767791746854168, -0.5727949880132344], [0.9452742697100988, -0.3261152023480534, 0.010267902489207725], [-0.19477304624120387, -0.5387606041392884, 0.8196343525532535]], "T": [0.03883873990320927, -0.060560203611833556, 0.16858239788587173], "aligned_model": [[0.23472770385695932, -0.32468228239309604, 0.17512833546785758, -0.285277654810272, -0.2369098620475595, -0.6624457106293367, 0.18514912943928677, 0.6922947945428215, -0.32678102633972306, 0.6702492616717514, 0.3832001796688269, 0.12752564272528777], [-0.6896358216677738, -0.31741949003917597, -0.14893558824532538, 0.3181510296578489, 0.568099644526241, 0.1538445769670598, 0.5473622482195586, 0.040137731370147624, -0.5572194326228929, -0.3349655452851975, 0.2704042622744209, -0.03647111522383559], [0.002269798137229495, -0.3091092879502986, -0.6621332162885996, -0.533397135346125, 0.440203738668005, -0.01804171850124331, -0.22727390460709382, -0.1026978538293152, 0.3208341107795072, 0.5816117599629324, 0.4714562240525565, 0.0881686250172311]], "inverted": false, "swapped": false, "error_lsq": 0.05231956180648443, "error_max": 0.34091647786275897, "target": "1016.xyz", "model": "12.xyz", "model_rescale": 3.9764082729961374, "target_rescale": 4.048833762686002},
{"mapping": [0, 7, 1, 8, 11, 3, 10, 12, 4, 5, 13, 15], "R": [[-0.6107869012181957, 0.7812927661239892, 0.12853394455395648], [0.18578841904470023, 0.2992156981001606, -0.9359234099857234], [-0.7696895638172216, -0.5477696410104882, -0.32791217686767293]], "T": [0.11610554680450069, -0.04872610891020653, 0.0836961161499674], "aligned_model": [[0.11976577297120823, -0.4290013333161836, 0.4008185857682665, -0.27355672535746, -0.21331520749065347, -0.7002469310909268, 0.2787705027207201, 0.6954108864488386, -0.15139989450500685, 0.5650000172333962, 0.31702461276360294, 0.022908225007002042], [-0.7147975979975841, -0.5091420824563527, 0.08724274187238082, 0.28939188347418826, 0.6737880151409736, 0.15511027187718893, 0.6151867310259954, 0.2151474273782055, -0.6431284930786032, -0.6508720013615034, 0.3765744530004514, -0.08114884894426493], [-0.2051694367835613, -0.16511971829719635, -0.4674604272402705, -0.3995143695889838, 0.08377315885246113, 0.0621831197268109, -0.3392775852108697, 0.039091012692242515, 0.3853422106779083, 0.45617159783582395, 0.4751440784125132, 0.12672749901790756]], "inverted": true, "swapped": false, "error_lsq": 0.04677405102758129, "error_max": 0.2851423775849282, "target": "1016.xyz", "model": "13.xyz", "model_rescale": 4.170626492500431, "target_rescale": 4.048833762686002},
{"mapping": [5, 12, 4, 8, 1, 10, 0, 2, 11, 6, 3, 13], "R": [[-0.4687923695149534, 0.19395618105391754, -0.8617509582910458], [0.3642260845771309, -0.8463493085597229, -0.3886286237709362], [-0.8047192514151557, -0.49605831081785046, 0.3261181973922534]], "T": [0.02459543143934085, 0.10262240505162305, 0.006783101516399795], "aligned_model": [[0.06617939619434482, -0.30733903585634303, 0.30610486121799546, -0.31231702104910625, -0.1471677115986382, -0.5342613737629145, 0.17277368997061324, 0.6579474855324169, -0.15851466818563442, 0.5316716819930742, 0.32958823357333455, 0.027512973123661258], [-0.8057729101352865, -0.4380688098877262, -0.11275447484256905, 0.1469987511867456, 0.7419456872156348, 0.036549226784841585, 0.6595724927329785, 0.2611329884982772, -0.35991836170224817, -0.4912588166742387, 0.1620600535102205, 0.01286667324444593], [0.024348794726654976, -0.35815338706033045, -0.6075688913555694, -0.6535781875268324, 0.3973949721400361, -0.033734936043232994, -0.14719160438769469, -0.07489760457645328, 0.5089647236783604, 0.319301961164666, 0.6223480136272596, 0.05465728570792157]], "inverted": false, "swapped": false, "error_lsq": 0.045486932045157275, "error_max": 0.25249914608364815, "target": "1016.xyz", "model": "14.xyz", "model_rescale": 3.9786697098870705, "target_rescale": 4.048833762686002},
{"mapping": [2, 5, 4, 10, 6, 7, 1, 0, 8, 3, 9, 11], "R": [[0.003394118223775555, 0.6151627987375796, 0.7883928024854305], [0.9326626205850577, 0.2824558917865426, -0.2244083451177372], [-0.36073385774680977, 0.7360661656701909, -0.5727806592673041]], "T": [0.03123052545341606, 0.0287175431200955, 0.006924565275653234], "aligned_model": [[0.4337944774737813, -0.4224592906400671, 0.10863438101053444, -0.36585968330971674, -0.1124441548882211, -0.6114159040701757, 0.20916241750375753, 0.7256876856331093, -0.11428716352802293, 0.5357381747355439, 0.20726447029724965, 0.03836310093503127], [-0.7237411995812122, -0.5885661302170617, -0.1744751102995956, 0.38390107843148363, 0.720950212241551, 0.1662647623600306, 0.6112147977794362, 0.0345828253275732, -0.41843274843705314, -0.4351008391008207, 0.1314398437957202, 0.10531500763102378], [-0.1530614382782362, -0.23346263308231793, -0.5654705070583996, -0.6322037558344681, 0.3640340846581947, 0.07736840454238265, -0.2925905121379197, -0.031810912242066926, 0.23299832530952505, 0.6197000318475868, 0.595035479352113, 0.07135457301839178]], "inverted": true, "swapped": false, "error_lsq": 0.05689731051246552, "error_max": 0.31118954664548676, "target": "1016.xyz", "model": "15.xyz", "model_rescale": 3.769337070930944, "target_rescale": 4.048833762686002},
{"mapping": [2, 7, 1, 0, 3, 6, 5, 10, 8, 9, 11], "R": [[-0.7038296994825173, 0.6595086361796372, 0.2639547554616592], [-0.707611567052052, -0.6836076966945805, -0.1787914628668544], [0.06252698857684473, -0.31261617972268363, 0.9478193392599171]], "T": [0.10217057870313861, 0.04040321540104405, -0.0386982752592312], "aligned_model": [[-0.3602421389971092, -0.23021095648640766, 0.002258919055960762, -0.6253530564468064, 0.3834348560677349, 0.2702613432019437, 0.6521183467872222, 0.28454363894597434, 0.06753101688519884, -0.6043731091712801, 0.08265727084873918], [0.030634665120186685, -0.5804405366276599, 0.5931588133673772, 0.37955587629047427, 0.2053128103152436, -0.4955966593381109, 0.4415682869162879, -0.4555809352738486, 0.525950189547829, -0.043566480361777946, -0.004931532330658933], [-0.559792979102596, -0.047000487260125366, -0.22306852747492517, 0.12348084094241712, -0.5743929409939593, -0.4777005482479202, -0.06746164250821013, 0.4649812258495154, 0.5533314577493448, 0.525736126244634, 0.02610508202560178]], "inverted": false, "swapped": true, "error_lsq": 0.04445450667212526, "error_max": 0.23471687930025564, "target": "1016.xyz", "model": "16.xyz", "model_rescale": 3.7852294659196426, "target_rescale": 4.048833762686002},
{"mapping": [3, 2, 1, 7, 6, 11, 5, 4, 8, 0, 10, 12], "R": [[-0.7116896514359669, -0.20652849978318175, -0.6714490440951273], [-0.5601114276301202, 0.7437105901578314, 0.3649243027330993], [0.4239964960670083, 0.6357991324816341, -0.6449701035385291]], "T": [0.053116844892568786, -0.09108388180399775, 0.03847247663888729], "aligned_model": [[0.31701382619178603, -0.33322307377448585, 0.2767309600299355, -0.3538964645679157, -0.17225082701840053, -0.6459656171449675, 0.354810493034032, 0.7284897511612183, -0.261448912078748, 0.5288586267553431, 0.16862943248708082, 0.024430316077925875], [-0.785121489380149, -0.32089052287719505, -0.13261155507444566, 0.33735721168761845, 0.7632177472470596, 0.016463939876635428, 0.39438087152704654, 0.12233923136208326, -0.5553503017702677, -0.42114717990453104, 0.4553590130043429, -0.0606444657671221], [-0.24642321250661173, -0.376277322629608, -0.6115477800540445, -0.3386288366791034, 0.12076084130925732, 0.23250662764473679, -0.2863565961127771, 0.048898278014811204, 0.3696989657445066, 0.3996858927459752, 0.6192582203515243, 0.12031606226611932]], "inverted": false, "swapped": false, "error_lsq": 0.043463145541833025, "error_max": 0.25154926703273006, "target": "1016.xyz", "model": "17.xyz", "model_rescale": 3.901054581598922, "target_rescale": 4.048833762686002},
{"mapping": [3, 7, 1, 6, 10, 11, 4, 8, 12, 2, 5, 14], "R": [[-0.8515511657027172, -0.07775691160263234, -0.5184732152082345], [-0.3663348288901023, -0.6192038465969797, 0.6945396961308719], [-0.37504587097100983, 0.7813708844444647, 0.4987986924702913]], "T": [0.09618843181224454, -0.02486609239093738, 0.0581974193187375], "aligned_model": [[0.138024338538016, -0.2416897876417934, 0.22752742872310752, -0.4129836187657736, -0.16594499646252706, -0.6881529972867491, 0.31307077143599493, 0.7050299069815111, -0.4434449220477842, 0.7543658479658057, 0.3944001184186604, 0.05197642129433578], [-0.7796941103402992, -0.4013692061985334, -0.04093633985382176, 0.14610194143271923, 0.7285728308244208, 0.11181737170679026, 0.6481348457761138, 0.2356781829081274, -0.5015081385775186, -0.42700603810726884, 0.1327038452056993, -0.039142684845353465], [0.16724011618489962, -0.37047581043674627, -0.6260374559052359, -0.4664353089691478, 0.24811741008816068, 0.11164966125366252, -0.29621160694245324, 0.015220787732845721, 0.24145490835003752, 0.35623106660171855, 0.5838660903775796, 0.08727128175946466]], "inverted": false, "swapped": false, "error_lsq": 0.047939169794900795, "error_max": 0.30322964799955154, "target": "1016.xyz", "model": "18.xyz", "model_rescale": 3.9405287249114394, "target_rescale": 4.048833762686002},
{"mapping": [14, 13, 11, 9, 8, 7, 5, 2, 12, 3, 6, 15], "R": [[-0.8103642810241474, 0.5738724090897569, 0.11823785403049097], [-0.08266893385718259, -0.3117607252557833, 0.9465574982867682], [0.5800651510090342, 0.7572817892129105, 0.3000811762029727]], "T": [-0.023031812105738875, -0.10222723592662726, 0.14625819163529785], "aligned_model": [[0.18721557813411913, -0.35014196222845273, 0.16716073121252276, -0.2982631240165319, -0.19025542789682606, -0.6426478256883809, 0.2556529991518063, 0.7537293420013045, -0.12276186833582305, 0.5573676491792003, 0.3007589524468386, 0.014363467193026974], [-0.7655025297965325, -0.4522374952227514, -0.13751263748388354, 0.272206776468714, 0.6260417039377423, 0.1825729472582755, 0.6032198009477897, 0.28218845231711315, -0.5646376798468425, -0.642247966028252, 0.5020734877204249, -0.0928123603407223], [-0.19374310470826817, -0.32472122770924483, -0.5478563081432981, -0.4645255198877948, 0.26429534293326506, -0.028642924173446604, -0.19424422670900576, 0.08151275847254788, 0.4226086203435712, 0.457614372358639, 0.4433501500965234, 0.13624320722129774]], "inverted": true, "swapped": false, "error_lsq": 0.04069342354403044, "error_max": 0.26730151086387066, "target": "1016.xyz", "model": "19.xyz", "model_rescale": 4.410303926677745, "target_rescale": 4.048833762686002},
{"mapping": [0, 2, 1, 7, 9, 12, 8, 5, 6, 3, 10, 13], "R": [[-0.6497295484112456, -0.7583525038851546, -0.05246897914421372], [0.33320282769441956, -0.34615527238584587, 0.8770133425529649], [-0.6832476780332022, 0.5523386707904834, 0.477592507491104]], "T": [-0.030149297252037993, -0.10522515054979116, 0.06286839474475009], "aligned_model": [[0.22103339378604456, -0.3760520108598383, 0.24978124582886427, -0.28288201476971886, -0.17503803870078904, -0.6402289815562024, 0.18076767790768666, 0.7173529003002532, -0.12535290700751747, 0.5017907298751609, 0.3612298633877492, -0.00022334703888892554], [-0.7437635800150348, -0.5173809924202724, -0.1339371011182367, 0.1494952488076528, 0.5286315719469924, 0.330406615548923, 0.5932649055980161, 0.26648535281931324, -0.47300572392556217, -0.5152485114309282, 0.36154320741371004, -0.03313849329349795], [-0.14288704829788434, -0.32325024309197364, -0.6327855466063941, -0.5520274148108408, 0.2888985580762109, -0.0304197634191668, -0.17937786933250224, 0.10915542649191798, 0.5012512704543908, 0.33651661193985444, 0.6143062113915452, 0.0625109472996284]], "inverted": false, "swapped": false, "error_lsq": 0.042531301857668326, "error_max": 0.2473726927823049, "target": "1016.xyz", "model": "20.xyz", "model_rescale": 4.121658175737393, "target_rescale": 4.048833762686002},
{"mapping": [4, 2, 3, 1, 8, 6, 5, 7, 10, 11, 9, 12], "R": [[0.54766342422586, -0.7348103050435848, -0.4001482092512216], [-0.7850332245208047, -0.6167246190590985, 0.05808253304460226], [-0.28946089574184836, 0.28231996005979365, -0.9146080198577766]], "T": [0.024427063310408184, 0.03877249926226136, -0.010236299693165175], "aligned_model": [[0.06902690459179658, -0.39041284196973153, 0.4195356586993305, -0.3342429411214791, -0.1859188610538569, -0.6034082468235122, 0.2225111411871037, 0.7027150126914936, -0.28075237657109603, 0.6737542871856783, 0.23790693492870846, 0.1014638394083688], [-0.5317114068696377, -0.462729029165974, -0.18472154299252988, 0.17762888706250637, 0.607173168169198, 0.0926188213954256, 0.652295651200368, 0.1153861904719882, -0.4155659885170844, -0.45406974384233356, 0.14509843023545396, 0.07194906278369462], [-0.05135282835358154, -0.40089689942191487, -0.536145335434505, -0.5885524740142197, 0.2836656811711708, 0.1496006766730211, -0.22990780470556785, -0.03979741842717691, 0.5457448957289296, 0.3215010706573045, 0.6722474114656869, -0.07421583524436126]], "inverted": false, "swapped": false, "error_lsq": 0.04780689017850423, "error_max": 0.3176592608991244, "target": "1016.xyz", "model": "21.xyz", "model_rescale": 4.08911054899281, "target_rescale": 4.048833762686002},
{"mapping": [13, 7, 0, 6, 11, 5, 1, 2, 12, 3, 15, 16], "R": [[0.016751888118838487, 0.8941684553962871, -0.44741719638238375], [0.9480720749427151, -0.15635106620986428, -0.27697235387102065], [-0.31761409754333825, -0.41954393985524, -0.8503553184242889]], "T": [-0.01587994170472895, 0.003244391371217544, 0.05419462300489327], "aligned_model": [[0.17760582372663059, -0.28108324585995503, 0.23977459266489598, -0.3877180204852898, -0.1490784992134389, -0.6581627406519541, 0.3538472029096269, 0.6797645809104808, -0.23177191091318372, 0.5648100046303874, 0.3187304138042376, 0.005460309630366103], [-0.621481643121977, -0.5154736810445171, -0.08875785159497658, 0.06167250588282436, 0.7237357650204775, 0.24960252445038347, 0.6444805363877724, 0.18212583177397748, -0.6372806904903701, -0.5538192461450732, 0.39389699901394837, -0.025348550201393975], [-0.040729591135055955, -0.3537207564843938, -0.6712402427995523, -0.5891456657651859, 0.27565196660191404, 0.21074982218535582, -0.23236501498633302, 0.1272285727005231, 0.3509904841141535, 0.3809332238418865, 0.5708506672183247, 0.02268767460314887]], "inverted": true, "swapped": false, "error_lsq": 0.0413162037340789, "error_max": 0.224607939499723, "target": "1016.xyz", "model": "22.xyz", "model_rescale": 4.204369325754507, "target_rescale": 4.048833762686002},
{"mapping": [14, 13, 11, 9, 8, 7, 5, 2, 12, 3, 6, 15], "R": [[-0.8103642810241474, 0.5738724090897569, 0.11823785403049097], [-0.08266893385718259, -0.3117607252557833, 0.9465574982867682], [0.5800651510090342, 0.7572817892129105, 0.3000811762029727]], "T": [-0.023031812105738875, -0.10222723592662726, 0.14625819163529785], "aligned_model": [[0.18721557813411913, -0.35014196222845273, 0.16716073121252276, -0.2982631240165319, -0.19025542789682606, -0.6426478256883809, 0.2556529991518063, 0.7537293420013045, -0.12276186833582305, 0.5573676491792003, 0.3007589524468386, 0.014363467193026974], [-0.7655025297965325, -0.4522374952227514, -0.13751263748388354, 0.272206776468714, 0.6260417039377423, 0.1825729472582755, 0.6032198009477897, 0.28218845231711315, -0.5646376798468425, -0.642247966028252, 0.5020734877204249, -0.0928123603407223], [-0.19374310470826817, -0.32472122770924483, -0.5478563081432981, -0.4645255198877948, 0.26429534293326506, -0.028642924173446604, -0.19424422670900576, 0.08151275847254788, 0.4226086203435712, 0.457614372358639, 0.4433501500965234, 0.13624320722129774]], "inverted": true, "swapped": false, "error_lsq": 0.04069342354403044, "error_max": 0.26730151086387066, "target": "1016.xyz", "model": "23.xyz", "model_rescale": 4.410303926677745, "target_rescale": 4.048833762686002},
{"mapping": [9, 11, 10, 1, 0, 7, 3, 4, 14, 15, 5, 16], "R": [[0.46125762256069747, 0.7643376563303048, -0.4505877858366231], [0.4813492410957326, 0.2110433592738038, 0.8507429744658436], [0.7453484512134012, -0.6093017705717961, -0.2705679926596251]], "T": [0.013998117361435067, -0.06452718419366439, 0.12719442757096996], "aligned_model": [[0.2620864670933956, -0.3339629776314088, 0.27221233521777627, -0.38021010854613957, -0.15339323968694568, -0.6099899571816789, 0.27102932430010895, 0.6186669321168687, -0.16073797868601608, 0.42869758873579056, 0.392205275603122, 0.025574849817930824], [-0.5988412214421434, -0.4388714459263717, -0.16126506474270236, 0.30783572667046216, 0.6654659502927077, 0.1582514130763703, 0.6374058039942668, 0.23945705912509463, -0.678204132985743, -0.5249416879647842, 0.17556775906569022, 0.0314923407682281], [-0.08583295084525072, -0.2463172010163315, -0.46250985971150615, -0.5378477416257921, 0.22453901280523286, 0.07297749194499667, -0.3732813694335123, 0.0012834381088458469, 0.3530658274293323, 0.4812523663236168, 0.5686871195874602, 0.05587500652769389]], "inverted": true, "swapped": false, "error_lsq": 0.04021308789349153, "error_max": 0.21554843856524508, "target": "1016.xyz", "model": "24.xyz", "model_rescale": 4.28219845311461, "target_rescale": 4.048833762686002},
{"mapping": [5, 8, 10, 6, 2, 0, 14, 12, 3, 9, 13, 15], "R": [[-0.27713221156234386, 0.18742284214594568, -0.9423748805844202], [-0.391406233272841, -0.9177448885286503, -0.06742017602099379], [-0.8774958107419834, 0.3501670998558708, 0.3276951392816164]], "T": [0.0637183342117458, -0.052227869347547855, 0.15875098750825092], "aligned_model": [[0.17105735717012774, -0.16422140453370213, 0.21173006579598738, -0.437283008609617, -0.17625247206734468, -0.7175861001347758, 0.32664368440693603, 0.7831653327255956, -0.20369888609479, 0.5273550720441479, 0.3180453177380991, -0.006776447287860629], [-0.8166392188046021, -0.3553951181039248, 0.0020830531420053464, 0.27448864968900755, 0.5890162619966832, 0.17461990213791165, 0.5004521283104189, 0.20565450050949152, -0.6274881027516322, -0.4587384933334234, 0.3547978344646364, -0.029498897325496466], [-0.20101880539510933, -0.42269475519778166, -0.6189685440965855, -0.5153789003033259, 0.1587277869684558, 0.09827254938069221, -0.2946359391980178, 0.14107049318954887, 0.6032833699138845, 0.435633222036962, 0.508842859484146, 0.15875780331191658]], "inverted": true, "swapped": false, "error_lsq": 0.04547294902360757, "error_max": 0.21041771033729995, "target": "1016.xyz", "model": "25.xyz", "model_rescale": 4.100010024507729, "target_rescale": 4.048833762686002},
{"mapping": [7, 5, 9, 4, 0, 6, 10, 8, 2, 3, 1, 11], "R": [[-0.3257055004967782, 0.37357447826917006, 0.868537872595122], [0.9246547711753592, 0.31756337288779957, 0.21015960207130274], [-0.19730555260505755, 0.8715478262184133, -0.4488595610267994]], "T": [0.04529327960438424, -0.015036404845642915, 0.0709949111585025], "aligned_model": [[0.31378586541839226, -0.40820031722112715, 0.3246654321692922, -0.515261343663042, -0.050872765144801144, -0.5959723031790629, 0.3495243526696523, 0.6461606665628924, -0.2106518457623846, 0.5765727800967121, 0.1793953338815339, 0.023032655324746576], [-0.5683348521900925, -0.4009428217158357, -0.047781800359891206, 0.24701503388781806, 0.7261661388758514, 0.03466962723911255, 0.42882178180103303, 0.08723824318137847, -0.4700663481290155, -0.4953777316904017, 0.2795033731392763, -0.007558144108157852], [-0.21242845806937294, -0.38683252945444213, -0.7037242906060922, -0.5478323167682289, 0.19432518705187762, 0.15339576585535208, -0.2831741542082689, 0.14418035107258237, 0.5955872575582541, 0.4518963794326277, 0.6990152229171624, -0.052517274686665796]], "inverted": true, "swapped": false, "error_lsq": 0.04531671866161293, "error_max": 0.2269749910105403, "target": "1016.xyz", "model": "26.xyz", "model_rescale": 3.6694154284099745, "target_rescale": 4.048833762686002},
{"mapping": [11, 10, 2, 4, 5, 8, 0, 6, 9, 12, 7, 13], "R": [[0.3332089677835148, -0.916941949768695, -0.2195204877523482], [-0.39222859543303484, 0.07691715101495228, -0.9166463226372383], [0.8573963568346168, 0.39153698756838695, -0.3340213685568626]], "T": [0.048928982263171876, 0.03956248383675715, 0.08928039088456143], "aligned_model": [[0.2232728491166671, -0.3314655735144211, 0.3938844343410903, -0.4116132546263364, -0.07901324007250082, -0.5819069279015499, 0.19684657289110744, 0.7335346698340199, -0.15722120783259533, 0.5923447462804833, -0.023773431844077146, 0.07728887448091662], [-0.7453887769621795, -0.3242293769132671, -0.12027698349676966, 0.2077152657933242, 0.8142084308084215, 0.09915411298635368, 0.5077294553034141, 0.0841878164176528, -0.476085913785302, -0.5292101114601817, 0.26762614703874954, 0.027922434200859925], [-0.21010431731865026, -0.202003291939313, -0.47426794507921044, -0.5703832052384941, 0.1869171887905398, 0.17205771031442335, -0.35329549678184385, 0.11195337132565869, 0.4848462698777256, 0.19382634065840892, 0.6713713195446032, 0.04097319594093735]], "inverted": false, "swapped": false, "error_lsq": 0.04473765343405018, "error_max": 0.2857494698928318, "target": "1016.xyz", "model": "27.xyz", "model_rescale": 4.103607728864725, "target_rescale": 4.048833762686002},
{"mapping": [4, 2, 12, 3, 9, 0, 10, 11, 1, 8, 6, 14], "R": [[-0.4899036275575775, 0.16645309644017187, -0.8557381622852902], [0.8425366416552402, 0.3424974254127363, -0.4157252951817542], [0.22388935475863073, -0.9246560875650611, -0.3080335640066485]], "T": [0.17531269102189712, 0.09531951525141664, 0.02673166108151952], "aligned_model": [[0.23132114171528, -0.20173053695251547, 0.1398448851076416, -0.3963359883596928, -0.22428391054519836, -0.5290986342174973, 0.23829009710064677, 0.824483477970887, -0.3916915822856412, 0.5285261283741838, 0.3598251499706051, 0.05302828327410471], [-0.7948874716555777, -0.41379317050824765, -0.11660201763411608, 0.16436590471242862, 0.7569469250179536, 0.030229821668764714, 0.5557964745934362, 0.1623035510221838, -0.48957252034398474, -0.5481035195384747, 0.5046188892382114, 0.0020496333584983234], [-0.13452546603977938, -0.3473851437659742, -0.8046075691775911, -0.45491264339066195, 0.29635297462079196, 0.12295929560218892, -0.18248137040665663, 0.24156103938713525, 0.39991833397181314, 0.39214518406906335, 0.4736057348412184, 0.049260770383237854]], "inverted": true, "swapped": false, "error_lsq": 0.04768846092963384, "error_max": 0.27612724513656967, "target": "1016.xyz", "model": "28.xyz", "model_rescale": 4.137296879288765, "target_rescale": 4.048833762686002},
{"mapping": [3, 2, 0, 9, 8, 1, 5, 7, 10, 4, 11], "R": [[-0.8419230541244063, 0.11670357908674761, -0.5268262005274373], [-0.5378570921597539, -0.1031481693951497, 0.8367019801362273], [0.04330495753705928, 0.9877958947974894, 0.1496126694967399]], "T": [0.07484002151162132, -0.020302647581433637, 0.04825724170390415], "aligned_model": [[0.6399034380109041, 0.1302238920297546, -0.1995926576668164, -0.6833506652713478, 0.004341983154462756, 0.4676071815721734, 0.6282797366614079, -0.4754143286809121, -0.42744450245756954, 0.13817242425777343, -0.0013074908999322066], [-0.24520782069097757, -0.6814953106407302, -0.17624839639696727, 0.025772133308471383, 0.5763732791494579, -0.0526899859668015, 0.37011607279792136, -0.39068903694127727, 0.3258041911234187, 0.16045128876189418, 0.006961402143542461], [0.20120998458731998, -0.1643868873994147, -0.7073781603567896, -0.449603264185274, -0.4276238707179567, -0.3924223459887083, 0.12229100421983662, 0.284958422020601, 0.4493477101059396, 0.8314237127623368, 0.05793771673510802]], "inverted": false, "swapped": true, "error_lsq": 0.04993824116652121, "error_max": 0.24583413755845462, "target": "1016.xyz", "model": "29.xyz", "model_rescale": 3.607286011436655, "target_rescale": 4.048833762686002},
