[{"mapping": [7, 10, 0, 5, 1, 6, 9, 4, 2, 3, 8, 11], "R": [[-0.7027041400877874, 0.709984205218517, -0.04614455378172169], [-0.6575694322360255, -0.6728547210401268, -0.3389232452382173], [-0.27167873176285773, -0.20781951956985228, 0.9396817088745961]], "T": [-0.09055642866909058, 0.02939316761303381, 0.07325584001769975], "aligned_model": [[0.14462360889037343, -0.582245374511008, -0.06386050866369598, -0.1259646045697541, 0.5353732490709555, 0.39413713327924743, -0.2332757998267416, -0.4960471757736899, 0.42737128198124746, -0.6595273572318712, 0.22667757599339544, -0.08767142880693343], [-0.3262994794613723, -0.10266471402564817, -0.5038918191101941, -0.7501223712665952, -0.29775625742249334, 0.32536967009919493, 0.5297200724743636, -0.0009145494863966666, -0.08903044951055936, 0.38900462052148027, 0.536394202000673, -0.03900455347060627], [-0.7721886588210731, -0.3768153125780122, 0.3858031880982325, -0.20921206657435615, 0.017885705991122686, -0.37688252586200255, -0.24084699950498228, 0.7711148250858231, 0.6786292611672307, 0.21811508264449514, 0.2863662060416823, 0.08532581990427272]], "inverted": true, "swapped": false, "error_lsq": 0.049843384405438736, "error_max": 0.2795105112975155, "target": "1017.xyz", "model": "0.xyz", "model_rescale": 3.751011558992144, "target_rescale": 3.6765275557678083},
{"mapping": [2, 0, 7, 3, 13, 5, 8, 6, 11, 4, 10, 14], "R": [[-0.08814231743510162, 0.7684189122813803, 0.6338480157935895], [-0.6131015212187125, -0.5433630193223028, 0.5734659134702353], [0.7850716251123018, -0.33806656812120833, 0.5190120797845443]], "T": [-0.0426355569393754, -0.008895878144912016, 0.06749153273090708], "aligned_model": [[0.03548677665061736, -0.5290462824218982, -0.3426179414403854, 0.050287678866267865, 0.539498892073162, 0.36260548134126724, -0.275069474341619, -0.3818730699278491, 0.25342982904879807, -0.44936264540353354, 0.21737755024148267, -0.0011261948547849135], [-0.19170203282191695, -0.4920738411731747, -0.49949854417321826, -0.7118994236249022, -0.2843643762074316, 0.26994939476116636, 0.39969515110266685, -0.028792984890492, -0.08231010515021506, 0.6622569131524503, 0.6612835499478988, -0.03173932958098529], [-0.7351397106148583, -0.25723632360253074, 0.3976378894762914, -0.21633442944089143, -0.2682744395602528, -0.3173604669608988, -0.4009592085422005, 0.7370046096716723, 0.8048426210325137, 0.1659850662904063, 0.46208811961960444, 0.09504079822357699]], "inverted": false, "swapped": false, "error_lsq": 0.04815315636981132, "error_max": 0.27247092045697613, "target": "1017.xyz", "model": "1.xyz", "model_rescale": 3.9405287249114394, "target_rescale": 3.6765275557678083},
{"mapping": [0, 2, 9, 5, 11, 6, 1, 8, 10, 4, 7, 12], "R": [[-0.0016571020641033551, -0.13344014003923943, -0.9910554893844528], [-0.9544129568504284, -0.29560474444040763, 0.04139737745731831], [-0.298484776510916, 0.945944799705897, -0.12686715138521487]], "T": [-0.027793798417028347, 0.05198976555618666, 0.043102135368313685], "aligned_model": [[0.1782910801509487, -0.5207096654418523, -0.08671299697943925, -0.07344891356725985, 0.47657380042235997, 0.45394385292664874, -0.4573100095664233, -0.3870735466851914, 0.2600104409693794, -0.4886896526571094, 0.23561135801298905, -0.11089514775352516], [-0.08005548436430603, -0.2545023391909512, -0.5937147962871667, -0.5943741614109893, -0.4512180929843586, 0.1766023514924584, 0.46600116926521257, -0.1117529702848709, -0.2077667892503185, 0.48878794916704615, 0.8000005848314415, 0.03279695035864915], [-0.7587850531282576, -0.3136417016975088, 0.5226594874603293, -0.2858440072643962, 0.04617872133505786, -0.17542985792689408, -0.47779777278776997, 0.7100325283280386, 0.7922232012439415, 0.34055478743477285, 0.04582076910254904, 0.021323423492570198]], "inverted": true, "swapped": false, "error_lsq": 0.052732364961962486, "error_max": 0.3413637843491913, "target": "1017.xyz", "model": "2.xyz", "model_rescale": 3.932901565614263, "target_rescale": 3.6765275557678083},
{"mapping": [4, 1, 3, 0, 7, 5, 6, 11, 8, 10, 12, 13], "R": [[-0.8191039505618655, -0.27965424436030395, 0.5008614796380458], [0.5598352150915512, -0.580132360768897, 0.5916341571715608], [0.12511294943906423, 0.765009769610803, 0.6317490025973008]], "T": [-0.03416249416951732, -0.09619272842791766, 0.067822170282797], "aligned_model": [[0.24945914326576113, -0.7431780316763643, -0.08654849037387573, -0.20361056099696173, 0.6390654029114008, 0.40518973672478664, -0.19031274841669943, -0.4140633879361728, 0.264637950335768, -0.47973758713480785, 0.06341871430687397, -0.024729541178183417], [-0.26269668054242895, -0.23074816766979067, -0.5489388617394607, -0.6273243135618588, -0.3178185256654053, 0.37080734190732023, 0.40868045180724993, 0.031912483045522314, -0.2751854743249014, 0.443903233739216, 0.660253182395036, 0.01795970195134791], [-0.7415365914826857, -0.09939153207576215, 0.29795718338237387, -0.30384558600574074, -0.018135679492514767, -0.2572627988710351, -0.3650894034358171, 0.8659280931251664, 0.7139387362456352, 0.21916492194591183, 0.10520267203242464, 0.0503645102244763]], "inverted": false, "swapped": false, "error_lsq": 0.0480666146835168, "error_max": 0.31282466310199764, "target": "1017.xyz", "model": "3.xyz", "model_rescale": 3.9243930471874484, "target_rescale": 3.6765275557678083},
{"mapping": [7, 0, 5, 1, 9, 8, 4, 6, 11, 3, 10, 12], "R": [[0.3140568583863726, -0.8930299746707169, -0.3222821031954781], [-0.7714541478551358, -0.04218033461454679, -0.6348852787149118], [0.5533776174165235, 0.44801594135859024, -0.7021787014934219]], "T": [0.003828579998149388, 0.024992534820986574, 0.03923240246451416], "aligned_model": [[-0.05264667578862418, -0.7185140493022165, -0.3564518918052428, -0.03277965326072469, 0.6393407369093148, 0.4951376513624478, -0.13301972326341427, -0.3438045519633724, 0.41481785600718196, -0.5854442948301462, 0.2191388651696758, -0.06618366940335452], [-0.05943011803632469, -0.39152749720564645, -0.5548457924891947, -0.6051011720739993, -0.279143943069853, 0.2521933148117738, 0.42383168742757893, 0.05649934344336289, -0.08441730643278383, 0.33920843456039534, 0.6423693809106719, -0.06883196050413418], [-0.7561304833181509, -0.12826249947748142, 0.36726989360560186, -0.2951357446001908, 0.07546350803897373, -0.28221988152636984, -0.37857992583919065, 0.6714309798986672, 0.7065039986155223, 0.1227741148435639, 0.3030790066318247, 0.061101558719663336]], "inverted": true, "swapped": false, "error_lsq": 0.04412498956257605, "error_max": 0.21981122690561494, "target": "1017.xyz", "model": "4.xyz", "model_rescale": 3.8936222436046832, "target_rescale": 3.6765275557678083},
{"mapping": [0, 9, 6, 1, 1, 2, 3, 7, 5, 8, 10, 11], "R": [[0.8365363833541883, -0.23607909004235794, 0.49444265852519975], [-0.4589540509768867, -0.7948341503816234, 0.3969884790255616], [0.2992792315156539, -0.5590217675832452, -0.7732571402525195]], "T": [-0.09379943511629077, 0.0824653339357406, 0.10305862265695453], "aligned_model": [[0.014645785663945005, -0.5383324124721455, -0.30833260664423423, 0.31279015692778334, 0.31279015692778334, 0.5003918290779797, -0.21729812270558957, -0.27313597295284664, 0.32120059537219703, -0.7349538346790901, 0.058416206262141945, 0.031408819053600795], [-0.09835498460055517, -0.2377006297452902, -0.5634287045613064, -0.5475976170942035, -0.5475976170942035, 0.3429292302949679, 0.39707496551328714, 0.17416111823339345, -0.3671171964287656, 0.44854643594691157, 0.6727333302524632, -0.0028439593748527114], [-0.7561630923103639, -0.18315830829681334, 0.5170695373148326, -0.1812200232908554, -0.1812200232908554, -0.2660670540071148, -0.361754120502643, 0.7188327831467329, 0.6348681563553131, 0.07533698846311787, 0.27003613769732954, 0.18073354431375235]], "inverted": true, "swapped": false, "error_lsq": 0.05898648570969331, "error_max": 0.3593987837942341, "target": "1017.xyz", "model": "5.xyz", "model_rescale": 3.6523030999806103, "target_rescale": 3.6765275557678083},
{"mapping": [1, 3, 7, 5, 8, 6, 2, 11, 9, 4, 10, 12], "R": [[-0.9371059558636967, 0.20009120145958947, -0.28599989262803127], [0.2193166391084131, 0.9749706330572316, -0.036503102418443414], [0.2715375467499431, -0.09693180992037265, -0.957534116849412]], "T": [-0.004167511009290643, -0.05670142896516313, -0.0006619659098473299], "aligned_model": [[-0.06650922296044967, -0.6628736896561539, -0.34616709762195524, 0.12370259121309746, 0.6224095370290351, 0.4647773767558937, -0.30668860851248464, -0.45663310278166985, 0.3448500902112969, -0.3925480293718027, 0.21942846468858448, -0.06415770916186657], [-0.09753494788035362, -0.2421285751649449, -0.5179286996449932, -0.701616710036237, -0.30313118288580676, 0.30593335484316275, 0.47779243033429736, 0.029150600548809857, -0.09603184877415119, 0.3497304546261891, 0.6094992602717653, -0.1429297648958915], [-0.6911842325149468, -0.12051039774202091, 0.36964027177605313, -0.17853002708272378, -0.020070261061133056, -0.2675161730779131, -0.44676614000570747, 0.749320247500165, 0.631242067386758, 0.1138164114536068, 0.33823997120316185, -0.010387212242867115]], "inverted": false, "swapped": false, "error_lsq": 0.042523035742997296, "error_max": 0.23381777986338317, "target": "1017.xyz", "model": "6.xyz", "model_rescale": 4.08911054899281, "target_rescale": 3.6765275557678083},
{"mapping": [3, 8, 11, 9, 1, 6, 4, 12, 13, 5, 7, 14], "R": [[0.7403421693085136, -0.5751218628936818, -0.3480349338288693], [0.21891820277777985, 0.6957796926467156, -0.6840799951708785], [0.6355850004807472, 0.43026208538766597, 0.6410196916177737]], "T": [-0.029082477604107957, -0.020635312175261284, 0.061253592294161385], "aligned_model": [[0.0594721501557276, -0.5084845117595888, -0.1928395758573136, 0.019849773073296977, 0.5273750902154863, 0.2525781980875913, -0.4190595277843481, -0.30318666864009325, 0.2952042158794339, -0.48598297241715654, 0.24608647583719925, -0.011422046958710297], [-0.014452173848910638, -0.28546543125431456, -0.4819272786325419, -0.7092796185402236, -0.4954420049456315, 0.2721704922851716, 0.34261554684734014, 0.04871756595368208, -0.05364782009157483, 0.5735989629674811, 0.6556883303974622, -0.18177219979609355], [-0.7252394356269561, -0.34517926927235315, 0.38517394888019274, -0.3101383328503605, 0.11472918085716692, -0.22870328570091153, -0.40006647387933114, 0.715515763570277, 0.7167250539934562, 0.19774093115201635, 0.31846428821606443, 0.028272156253171594]], "inverted": false, "swapped": false, "error_lsq": 0.04667690905714161, "error_max": 0.2529684982852053, "target": "1017.xyz", "model": "7.xyz", "model_rescale": 3.964800864290218, "target_rescale": 3.6765275557678083},
{"mapping": [2, 12, 8, 7, 1, 0, 4, 10, 5, 11, 3, 13], "R": [[0.27276180846721965, 0.6231593784032301, 0.7329893484558913], [0.7608184886024492, -0.6060360880156099, 0.23211093775050948], [0.5888601049845174, 0.4943608491080539, -0.639414675798724]], "T": [-0.044624484898168504, 0.04186070771150391, 0.016577333907315167], "aligned_model": [[0.12691994257962702, -0.6427982062584034, -0.1382519967646153, -0.038212017762605834, 0.5162359907537728, 0.5635302189258333, -0.4063149105938886, -0.297125540744621, 0.25378626742004584, -0.791889338816668, 0.3948985213288384, -0.06118833023579008], [0.013319717682070617, -0.34664379829357056, -0.5941957307916441, -0.5971620300452101, -0.44322435007742145, 0.32643455742181615, 0.35414369805132656, 0.1590662569054287, -0.1365220022917126, 0.396902672643719, 0.5437577718771849, -0.0050723917401404445], [-0.6224583842208244, -0.23227480125806882, 0.4381501953057573, -0.2972091952121836, -0.09852220881022974, -0.23307232621770194, -0.4999038031328572, 0.7896491863517104, 0.7769728590395759, 0.06828580254559138, 0.3009741687727049, 0.07670303242895898]], "inverted": true, "swapped": false, "error_lsq": 0.04531060740150986, "error_max": 0.2572098178282089, "target": "1017.xyz", "model": "8.xyz", "model_rescale": 4.121658175737393, "target_rescale": 3.6765275557678083},
{"mapping": [4, 5, 7, 9, 6, 1, 0, 11, 8, 10, 2, 12], "R": [[0.4508559099072708, -0.6880313411190422, -0.5686315345983014], [-0.07868274404638104, 0.6039383897453355, -0.7931377227071874], [0.8891220244100463, 0.40233231914642853, 0.21815299832740725]], "T": [-0.07961828858957318, -0.0022016142824553414, 0.12484329993568452], "aligned_model": [[0.04980870117908773, -0.5720118492229345, -0.2907638256554965, 0.06279216770058299, 0.5235116387563765, 0.3735090569381855, -0.2379515571805819, -0.34079612045274055, 0.38614932025356297, -0.7744228158767353, 0.32242447198448687, -0.022658588592268512], [-0.12033714798396485, -0.15499144979905172, -0.5646621252625631, -0.7423637656806217, -0.3404792274404948, 0.2873133698892309, 0.5246875502902715, 0.02484765109018179, -0.11899637097286454, 0.2986493298525591, 0.5464454242457, 0.030691133113463685], [-0.7454558254891359, -0.21562953875396537, 0.4318720381318738, -0.22880775493594271, 0.08029448098677941, -0.3061884835659109, -0.4374223200655918, 0.7028455074916418, 0.6725410789064188, 0.18155492898739128, 0.26518038214548323, 0.06651003175339136]], "inverted": false, "swapped": false, "error_lsq": 0.03883998596594138, "error_max": 0.2587491908093374, "target": "1017.xyz", "model": "9.xyz", "model_rescale": 3.833441315466971, "target_rescale": 3.6765275557678083},
{"mapping": [10, 13, 9, 8, 11, 12, 0, 3, 7, 5, 6, 14], "R": [[0.7769119430886231, 0.4270932535480841, -0.4626004598570698], [-0.19275656462309848, -0.5381143906417265, -0.8205350750449276], [-0.599376959417829, 0.726652774960638, -0.3357424685097834]], "T": [-0.027990041599438242, 0.10211233971131953, 0.05309074312170625], "aligned_model": [[0.13656714291768937, -0.7357457695795124, -0.23612775850694145, -0.01217758350370085, 0.5458267024556511, 0.44197098103968924, -0.2957631436940135, -0.2578239177980258, 0.3416631415293701, -0.6309261553964134, 0.23580546394705748, -0.05367850357932483], [-0.2872288750369648, -0.02205924098024467, -0.5933303327188799, -0.6547610309348598, -0.25843765327014845, 0.3854190798229702, 0.3231240276629691, -0.10377355620280929, -0.23461990266216712, 0.4072284174182692, 0.6676459426464924, 0.0415974955972197], [-0.6519542873848542, -0.2923796455870928, 0.41495854591215786, -0.13252183552640728, -0.024852363351220846, -0.19569427555519886, -0.5328054603879916, 0.8649461717312593, 0.4934109651541259, 0.08150593749264752, 0.32107067380597715, 0.12161009928903056]], "inverted": false, "swapped": false, "error_lsq": 0.04410885953526583, "error_max": 0.29131719501955183, "target": "1017.xyz", "model": "10.xyz", "model_rescale": 4.2482417240324, "target_rescale": 3.6765275557678083},
{"mapping": [4, 9, 8, 10, 0, 6, 5, 3, 1, 7, 2, 11], "R": [[0.6067241339262297, 0.49192122947540534, -0.6244191935734139], [-0.5807076910012983, -0.26212832044666357, -0.7707576280723741], [-0.5428299944949685, 0.8302422824761558, 0.1266228631226433]], "T": [0.00033398073081803564, -0.008092750773814869, 0.08601530846012734], "aligned_model": [[0.10098829490089525, -0.6307763703748883, -0.23079301411369413, -0.11748322850287704, 0.5608415005863844, 0.43467688470190274, -0.24338194685693176, -0.35216533595692356, 0.4684415894975244, -0.6402485815429413, 0.18517940455858048, -0.055688597065506155], [-0.032559892877614446, -0.3238156457045337, -0.41853652112167083, -0.6133767504269602, -0.5036180218465405, 0.34294259189499665, 0.44971943809601833, 0.148825297353128, -0.17026370279215586, 0.20366119703408742, 0.6175618805645902, -0.029735498831498994], [-0.7829551445637195, -0.3398129203865574, 0.4796827475398606, -0.10040557960440114, -0.03283544604953509, -0.24353372902948756, -0.45730477830621413, 0.7995926233731305, 0.5897239570799251, 0.14407125728456222, 0.4355088534068355, -0.024437315151966274]], "inverted": true, "swapped": false, "error_lsq": 0.04816093305929495, "error_max": 0.2343871082111638, "target": "1017.xyz", "model": "11.xyz", "model_rescale": 3.6694154284099745, "target_rescale": 3.6765275557678083},
{"mapping": [9, 6, 4, 11, 8, 10, 7, 0, 1, 5, 12, 13], "R": [[0.027559023717158595, -0.9995997196403658, -0.006395366030118085], [0.9995537080797939, 0.027630406253652404, -0.011355409027956247], [0.011527570242299714, -0.0060795678432126, 0.9999150733833091]], "T": [-0.010076620798757888, -0.022444316868523703, 0.05678462153568608], "aligned_model": [[0.2136615486181881, -0.5526269192208928, -0.12814632274574494, -0.16161349524126079, 0.555019880275169, 0.366947316606812, -0.24404567033287194, -0.4073684716310414, 0.354252353634535, -0.6195752779212997, 0.147735301751859, -0.04464964396192653], [-0.1530872097611196, -0.17059113436635764, -0.6374673153328018, -0.6275181614997716, -0.45789514978383405, 0.3744847806421663, 0.3767518984513769, 0.004701511163027267, -0.0838775690214964, 0.499378563981911, 0.5839789428485631, -0.03805478597981709], [-0.70318901812078, -0.0027681080489924334, 0.45110036632969036, -0.33812152824477987, -0.1954976963117157, -0.2654405008259825, -0.5246499698019078, 0.6502154546647022, 0.8183381968144421, 0.08476783906786133, 0.31968142151900575, 0.17285806855088956]], "inverted": true, "swapped": false, "error_lsq": 0.041987772162962934, "error_max": 0.20507485889974408, "target": "1017.xyz", "model": "12.xyz", "model_rescale": 3.9764082729961374, "target_rescale": 3.6765275557678083},
{"mapping": [11, 13, 6, 14, 3, 8, 10, 5, 4, 12, 2, 15], "R": [[0.7819969912093537, -0.5719039556364669, 0.24780349324995407], [0.42986441605737125, 0.7827616336555169, 0.4500008985375494], [-0.4513283611154667, -0.2453774447750011, 0.8579584022833032]], "T": [-0.07289332687024272, 0.07636784053346568, 0.1694749546095981], "aligned_model": [[0.0348848730316981, -0.5066504592747914, -0.3114626849256653, -0.007603608063692091, 0.6112044601760764, 0.3664983925931502, -0.23277053311824247, -0.45614103237056247, 0.2075248575849822, -0.6415031217011226, 0.4128733735862976, 0.0027360823133968926], [-0.13509973776104245, -0.2425526666769931, -0.6238483334938496, -0.6235113544080328, -0.2580777706239823, 0.319991661091625, 0.4551711765054218, -0.014424745534065087, -0.24246575064572495, 0.32426659120919515, 0.708470681888368, 0.002884619790926579], [-0.5882915144991663, -0.12142882047024767, 0.3603696290423952, -0.21093851082146514, -0.18913318563468212, -0.32775254621089916, -0.5212451120868293, 0.9095437408576255, 0.7487628836585678, 0.01966625798598637, 0.1966084133781431, 0.19113329039300458]], "inverted": true, "swapped": false, "error_lsq": 0.04283923996697948, "error_max": 0.23944117122482472, "target": "1017.xyz", "model": "13.xyz", "model_rescale": 4.170626492500431, "target_rescale": 3.6765275557678083},
{"mapping": [7, 0, 3, 1, 9, 10, 8, 6, 11, 4, 12, 13], "R": [[-0.03996769957992785, -0.1555235734920586, 0.9870233032094781], [0.4914455439482086, 0.8570153434005975, 0.15493862820292972], [-0.8699907242745398, 0.4912607446806804, 0.04217843539115017]], "T": [-0.1559773328422253, -0.02850284164793817, 0.08001641452719221], "aligned_model": [[0.004621560899619348, -0.49853586585225523, -0.16929087616846186, -0.009876704360084837, 0.5504540461595353, 0.3258935065536222, -0.16213330282006894, -0.3000392718231607, 0.34167683113271186, -0.6061434176881435, 0.11689179912810477, -0.11392770532989316], [-0.06886606044034058, -0.2770409284686917, -0.5988784314114027, -0.683131682874823, -0.4207628761293057, 0.15325127189053947, 0.5197108697610873, -0.009186725564731817, -0.09846955373120844, 0.5195833948926928, 0.6461000874116746, -0.011504993993643603], [-0.7137144017993635, -0.34038919603168033, 0.4672734875367937, -0.29539024029716743, 0.021765143517660734, -0.15040546231312177, -0.42096275017099893, 0.9084862766384225, 0.5771126259488936, 0.08390279616643288, 0.15849855331126697, 0.17111769308529434]], "inverted": false, "swapped": false, "error_lsq": 0.04370915405412476, "error_max": 0.23862213740940827, "target": "1017.xyz", "model": "14.xyz", "model_rescale": 3.9786697098870705, "target_rescale": 3.6765275557678083},
{"mapping": [3, 5, 4, 2, 0, 9, 8, 10, 1, 7, 6, 11], "R": [[-0.3453147131021251, -0.8626619221873071, -0.36955670325850865], [-0.2305064101173488, -0.3037549458634981, 0.9244456326676413], [-0.90973872282651, 0.4044098674260602, -0.09395805084412251]], "T": [-0.0388752069863712, 0.008418386911592184, 0.07242812708536281], "aligned_model": [[0.33556651387512487, -0.7821882304519507, -0.24425044211390293, -0.11855865412392483, 0.5240657796261161, 0.3313197318388022, -0.3070117815138141, -0.3852111220751575, 0.299350215159788, -0.4804541737188718, 0.2837380907304538, 0.02322467259886206], [-0.08982172860486468, -0.22082106881686175, -0.52020968400318, -0.6990499460610671, -0.39038091222975413, 0.3593557090896751, 0.011367937793420178, -0.024341047239329637, 0.00751382310776471, 0.47330839696782545, 0.6772309689481587, 0.0866519223900592], [-0.7614132905020895, -0.1265558140097121, 0.30327029292251034, -0.4245492590804425, -0.01624064235954141, -0.2842411472009526, -0.37514555799037885, 0.8282715248144237, 0.6608793460242984, 0.2329313983294989, 0.3480475767796323, 0.08204009786518593]], "inverted": false, "swapped": false, "error_lsq": 0.05350471476822932, "error_max": 0.3976402559496763, "target": "1017.xyz", "model": "15.xyz", "model_rescale": 3.769337070930944, "target_rescale": 3.6765275557678083},
{"mapping": [1, 7, 6, 9, 3, 2, 4, 8, 5, 10, 11], "R": [[0.6991154964930325, -0.7038189343592589, -0.1260017071340625], [0.1579774043680497, 0.323917359869352, -0.932802596310925], [0.6973382696170018, 0.6322313276109197, 0.3376431342629368]], "T": [0.036628585951309724, 0.17704362152078912, -0.012757359585823967], "aligned_model": [[-0.17592320908872466, -0.3515174016963968, -0.3907855217351453, -0.6581181492097828, 0.5203028394686254, 0.2676974815043541, 0.6952114253704752, 0.23636192442225196, 0.13509982298675838, -0.2955483959208265, -0.06015468541041812], [0.17697006313094193, -0.622036612354376, 0.7029974065596922, 0.09990171129995243, 0.21084032160979677, -0.46482731795581533, 0.18683973024658812, -0.4521703821038626, 0.6156923203026832, 0.09790645909219325, 0.04395079779754804], [-0.6208941561920917, 0.04811697154510225, -0.13226472712797135, -0.08654472755724854, -0.5315705579555248, -0.41291532839979084, 0.14600906404429634, 0.28164229262078105, 0.35261277427050225, 0.6979368890354675, 0.002089112940254991]], "inverted": false, "swapped": true, "error_lsq": 0.061499937515897884, "error_max": 0.2848801849024708, "target": "1017.xyz", "model": "16.xyz", "model_rescale": 3.7852294659196426, "target_rescale": 3.6765275557678083},
{"mapping": [3, 4, 5, 1, 2, 8, 0, 6, 7, 10, 11, 12], "R": [[0.6728815056114975, -0.4419835503856976, 0.5931956006196086], [0.7218744205949831, 0.5675341872903364, -0.39598266015995587], [-0.1616409610731821, 0.69466213906125, 0.700939877777108]], "T": [-0.019684483975921905, 0.013476862407443752, -0.029151096157547025], "aligned_model": [[0.2201676565659611, -0.6587956040916696, -0.37135378520006457, 0.07079620518377053, 0.5532473620593189, 0.329312202996156, -0.3687778156224697, -0.29155826612862057, 0.23328651953427823, -0.5974600238014378, 0.40371651665036523, -0.04299036831406307], [-0.2576569283988188, -0.25052467201349793, -0.45779160440819566, -0.6624147157328786, -0.19887604708444231, 0.49265812053594116, 0.21477891277189554, 0.06336433123696072, -0.2400397650083069, 0.43770514069086996, 0.434025216369051, 0.09557638238326814], [-0.7372844093995233, -0.18286137901909513, 0.2648620758639504, -0.12526547455766665, -0.0019047632070188295, -0.29895203313400226, -0.5799309850947728, 0.814050613360262, 0.5734781399264711, 0.33889899386167005, 0.39723223968253374, 0.0049715073096241735]], "inverted": false, "swapped": false, "error_lsq": 0.054086102501647144, "error_max": 0.2819469943019733, "target": "1017.xyz", "model": "17.xyz", "model_rescale": 3.901054581598922, "target_rescale": 3.6765275557678083},
{"mapping": [2, 0, 7, 3, 13, 5, 8, 6, 11, 4, 10, 14], "R": [[-0.08814231743510162, 0.7684189122813803, 0.6338480157935895], [-0.6131015212187125, -0.5433630193223028, 0.5734659134702353], [0.7850716251123018, -0.33806656812120833, 0.5190120797845443]], "T": [-0.0426355569393754, -0.008895878144912016, 0.06749153273090708], "aligned_model": [[0.03548677665061736, -0.5290462824218982, -0.3426179414403854, 0.050287678866267865, 0.539498892073162, 0.36260548134126724, -0.275069474341619, -0.3818730699278491, 0.25342982904879807, -0.44936264540353354, 0.21737755024148267, -0.0011261948547849135], [-0.19170203282191695, -0.4920738411731747, -0.49949854417321826, -0.7118994236249022, -0.2843643762074316, 0.26994939476116636, 0.39969515110266685, -0.028792984890492, -0.08231010515021506, 0.6622569131524503, 0.6612835499478988, -0.03173932958098529], [-0.7351397106148583, -0.25723632360253074, 0.3976378894762914, -0.21633442944089143, -0.2682744395602528, -0.3173604669608988, -0.4009592085422005, 0.7370046096716723, 0.8048426210325137, 0.1659850662904063, 0.46208811961960444, 0.09504079822357699]], "inverted": false, "swapped": false, "error_lsq": 0.04815315636981132, "error_max": 0.27247092045697613, "target": "1017.xyz", "model": "18.xyz", "model_rescale": 3.9405287249114394, "target_rescale": 3.6765275557678083},
{"mapping": [9, 8, 4, 7, 13, 11, 5, 1, 12, 6, 10, 15], "R": [[-0.2426762804529142, -0.241381416244548, -0.9395973790924042], [-0.9246992201481927, 0.3504103290016547, 0.14880844595074788], [0.29332503330411996, 0.9049572438633378, -0.30824148263400325]], "T": [0.01695454686109945, -0.044844753033539235, 0.18905491585187592], "aligned_model": [[0.10404539107337363, -0.6239574997578913, -0.18278889377531748, -0.07047443386996333, 0.5973970264562962, 0.4551989204273742, -0.35179788886827174, -0.36057770300577907, 0.22208677421182424, -0.6599441649912904, 0.3368408553240713, 0.013562216607098693], [-0.1325527349318712, -0.15474887561677586, -0.7245947515435399, -0.5742840160482291, -0.2927008645714719, 0.2925822928935078, 0.37823774187413745, 0.19922592543263712, -0.2539102498738612, 0.26663879410505903, 0.6722717151548055, -0.005360605532551778], [-0.5683962982353749, -0.19750036851741395, 0.3699071374706844, -0.26665967580405536, -0.04112701486085951, -0.2727871130002698, -0.4243662171434093, 0.6721887774295465, 0.652035962486004, 0.133651041016698, 0.225397145523889, 0.1849511492269936]], "inverted": true, "swapped": false, "error_lsq": 0.04037855805745455, "error_max": 0.24766594095979869, "target": "1017.xyz", "model": "19.xyz", "model_rescale": 4.410303926677745, "target_rescale": 3.6765275557678083},
{"mapping": [2, 12, 8, 7, 1, 0, 4, 10, 5, 11, 3, 13], "R": [[0.27276180846721965, 0.6231593784032301, 0.7329893484558913], [0.7608184886024492, -0.6060360880156099, 0.23211093775050948], [0.5888601049845174, 0.4943608491080539, -0.639414675798724]], "T": [-0.044624484898168504, 0.04186070771150391, 0.016577333907315167], "aligned_model": [[0.12691994257962702, -0.6427982062584034, -0.1382519967646153, -0.038212017762605834, 0.5162359907537728, 0.5635302189258333, -0.4063149105938886, -0.297125540744621, 0.25378626742004584, -0.791889338816668, 0.3948985213288384, -0.06118833023579008], [0.013319717682070617, -0.34664379829357056, -0.5941957307916441, -0.5971620300452101, -0.44322435007742145, 0.32643455742181615, 0.35414369805132656, 0.1590662569054287, -0.1365220022917126, 0.396902672643719, 0.5437577718771849, -0.0050723917401404445], [-0.6224583842208244, -0.23227480125806882, 0.4381501953057573, -0.2972091952121836, -0.09852220881022974, -0.23307232621770194, -0.4999038031328572, 0.7896491863517104, 0.7769728590395759, 0.06828580254559138, 0.3009741687727049, 0.07670303242895898]], "inverted": true, "swapped": false, "error_lsq": 0.04531060740150986, "error_max": 0.2572098178282089, "target": "1017.xyz", "model": "20.xyz", "model_rescale": 4.121658175737393, "target_rescale": 3.6765275557678083},
{"mapping": [1, 3, 7, 5, 8, 6, 2, 11, 9, 4, 10, 12], "R": [[-0.9371059558636967, 0.20009120145958947, -0.28599989262803127], [0.2193166391084131, 0.9749706330572316, -0.036503102418443414], [0.2715375467499431, -0.09693180992037265, -0.957534116849412]], "T": [-0.004167511009290643, -0.05670142896516313, -0.0006619659098473299], "aligned_model": [[-0.06650922296044967, -0.6628736896561539, -0.34616709762195524, 0.12370259121309746, 0.6224095370290351, 0.4647773767558937, -0.30668860851248464, -0.45663310278166985, 0.3448500902112969, -0.3925480293718027, 0.21942846468858448, -0.06415770916186657], [-0.09753494788035362, -0.2421285751649449, -0.5179286996449932, -0.701616710036237, -0.30313118288580676, 0.30593335484316275, 0.47779243033429736, 0.029150600548809857, -0.09603184877415119, 0.3497304546261891, 0.6094992602717653, -0.1429297648958915], [-0.6911842325149468, -0.12051039774202091, 0.36964027177605313, -0.17853002708272378, -0.020070261061133056, -0.2675161730779131, -0.44676614000570747, 0.749320247500165, 0.631242067386758, 0.1138164114536068, 0.33823997120316185, -0.010387212242867115]], "inverted": false, "swapped": false, "error_lsq": 0.042523035742997296, "error_max": 0.23381777986338317, "target": "1017.xyz", "model": "21.xyz", "model_rescale": 4.08911054899281, "target_rescale": 3.6765275557678083},
{"mapping": [10, 6, 11, 5, 9, 12, 7, 2, 15, 0, 3, 16], "R": [[-0.6316003987125183, -0.4545713802704956, -0.6280491991756418], [-0.6759980822606397, 0.7195386686739036, 0.1590304909849812], [0.3796149748444151, 0.5250037757216259, -0.761750291336939]], "T": [-0.09284939980353524, -0.02084745338366057, 0.1233951465905512], "aligned_model": [[0.06200377451755651, -0.6582697315206126, -0.12468951945082096, 0.05224671840605061, 0.496512948834709, 0.437774676181107, -0.25073711004102417, -0.1831874810814179, 0.2015293583169977, -0.7663862631971621, 0.32758628287380825, -0.11479305400766623], [-0.188005638382648, -0.13292734931505512, -0.7193635694888069, -0.6123862689434619, -0.3195919730647526, 0.30282964302723364, 0.3347668402580204, 0.21045687914910893, -0.25959003126203595, 0.3572582465206713, 0.6764265520699784, 0.020931040773594776], [-0.6506940245037504, -0.3491533418847872, 0.4347702781933749, -0.23263575110624293, -0.1429717911675816, -0.2749021459919401, -0.4719250471901779, 0.8013266816262461, 0.7461713071567487, 0.06454303083415117, 0.4255898211709491, 0.11717550845544304]], "inverted": true, "swapped": false, "error_lsq": 0.0435553948703844, "error_max": 0.23583916923177267, "target": "1017.xyz", "model": "22.xyz", "model_rescale": 4.204369325754507, "target_rescale": 3.6765275557678083},
{"mapping": [9, 8, 4, 7, 13, 11, 5, 1, 12, 6, 10, 15], "R": [[-0.2426762804529142, -0.241381416244548, -0.9395973790924042], [-0.9246992201481927, 0.3504103290016547, 0.14880844595074788], [0.29332503330411996, 0.9049572438633378, -0.30824148263400325]], "T": [0.01695454686109945, -0.044844753033539235, 0.18905491585187592], "aligned_model": [[0.10404539107337363, -0.6239574997578913, -0.18278889377531748, -0.07047443386996333, 0.5973970264562962, 0.4551989204273742, -0.35179788886827174, -0.36057770300577907, 0.22208677421182424, -0.6599441649912904, 0.3368408553240713, 0.013562216607098693], [-0.1325527349318712, -0.15474887561677586, -0.7245947515435399, -0.5742840160482291, -0.2927008645714719, 0.2925822928935078, 0.37823774187413745, 0.19922592543263712, -0.2539102498738612, 0.26663879410505903, 0.6722717151548055, -0.005360605532551778], [-0.5683962982353749, -0.19750036851741395, 0.3699071374706844, -0.26665967580405536, -0.04112701486085951, -0.2727871130002698, -0.4243662171434093, 0.6721887774295465, 0.652035962486004, 0.133651041016698, 0.225397145523889, 0.1849511492269936]], "inverted": true, "swapped": false, "error_lsq": 0.04037855805745455, "error_max": 0.24766594095979869, "target": "1017.xyz", "model": "23.xyz", "model_rescale": 4.410303926677745, "target_rescale": 3.6765275557678083},
{"mapping": [1, 10, 4, 3, 0, 7, 11, 15, 5, 9, 13, 16], "R": [[0.4753392518302805, -0.5685049586622366, 0.6714571525018393], [-0.42240715328184997, -0.8169430910949372, -0.3926527508735589], [0.7717673176066433, -0.09698503950969994, -0.6284656789241152]], "T": [-0.04442173632588712, 0.07215409747534518, 0.13149376545092867], "aligned_model": [[0.06777638136434064, -0.5499818548924454, -0.21615589184525635, 0.04008725116800695, 0.589221603839399, 0.4020599367213303, -0.31267194501976014, -0.3885151545118507, 0.15215117292987806, -0.6468185795567624, 0.3645703462041158, -0.022132666569470875], [-0.1312350389418382, -0.19556395236332558, -0.5684169816401383, -0.7358849134845155, -0.31031241037667423, 0.2991611929099057, 0.4533584357431112, 0.2349531430364018, -0.2135328795717391, 0.2304453306272477, 0.6318904266238757, -0.02405798122046446], [-0.6945690597292025, -0.17918284870141055, 0.31604848747132125, -0.2547473152665792, -0.018843518420466054, -0.3056020946731635, -0.2968128590977597, 0.7351578948807449, 0.656226150501019, 0.19844085202764639, 0.24814427804404304, 0.06303455855623986]], "inverted": true, "swapped": false, "error_lsq": 0.03942249519376229, "error_max": 0.22024228157066533, "target": "1017.xyz", "model": "24.xyz", "model_rescale": 4.28219845311461, "target_rescale": 3.6765275557678083},
{"mapping": [14, 13, 4, 2, 6, 10, 12, 3, 1, 9, 5, 15], "R": [[0.934952904973678, -0.3183604128494872, 0.15655578242781368], [0.33206816118395016, 0.6299769007953748, -0.7020397715173726], [0.12487514488156129, 0.7083613145807431, 0.6947160903536427]], "T": [-0.10042309281746915, -0.03491556922234546, 0.06685565384112548], "aligned_model": [[0.12961630996842982, -0.5616301364943915, -0.3319020866544713, -0.04257708854293939, 0.69928122864064, 0.5108331380005764, -0.44208415956733926, -0.3186665016391921, 0.2015585227983535, -0.5261612355802405, 0.23079611960647434, -0.06947351070437491], [-0.08293140461880993, -0.23431913274107558, -0.5888991284427796, -0.6236538081097444, -0.3925039013054679, 0.26494707954309465, 0.29470815981314946, 0.02759639779704392, -0.017199158148251632, 0.46921815513235493, 0.6522523576847915, -0.09841124526245917], [-0.6576586507876482, -0.25007137033925225, 0.48419036908942703, -0.2778487851339977, -0.14480614705893602, -0.3407630785416842, -0.5323403182390444, 0.8074685171813901, 0.6310990689160224, 0.2133817799894499, 0.44550424351967105, 0.08913889699703514]], "inverted": true, "swapped": false, "error_lsq": 0.03693937321000005, "error_max": 0.18355410765422808, "target": "1017.xyz", "model": "25.xyz", "model_rescale": 4.100010024507729, "target_rescale": 3.6765275557678083},
{"mapping": [4, 9, 8, 10, 0, 6, 5, 3, 1, 7, 2, 11], "R": [[0.6067241339262297, 0.49192122947540534, -0.6244191935734139], [-0.5807076910012983, -0.26212832044666357, -0.7707576280723741], [-0.5428299944949685, 0.8302422824761558, 0.1266228631226433]], "T": [0.00033398073081803564, -0.008092750773814869, 0.08601530846012734], "aligned_model": [[0.10098829490089525, -0.6307763703748883, -0.23079301411369413, -0.11748322850287704, 0.5608415005863844, 0.43467688470190274, -0.24338194685693176, -0.35216533595692356, 0.4684415894975244, -0.6402485815429413, 0.18517940455858048, -0.055688597065506155], [-0.032559892877614446, -0.3238156457045337, -0.41853652112167083, -0.6133767504269602, -0.5036180218465405, 0.34294259189499665, 0.44971943809601833, 0.148825297353128, -0.17026370279215586, 0.20366119703408742, 0.6175618805645902, -0.029735498831498994], [-0.7829551445637195, -0.3398129203865574, 0.4796827475398606, -0.10040557960440114, -0.03283544604953509, -0.24353372902948756, -0.45730477830621413, 0.7995926233731305, 0.5897239570799251, 0.14407125728456222, 0.4355088534068355, -0.024437315151966274]], "inverted": true, "swapped": false, "error_lsq": 0.04816093305929495, "error_max": 0.2343871082111638, "target": "1017.xyz", "model": "26.xyz", "model_rescale": 3.6694154284099745, "target_rescale": 3.6765275557678083},
{"mapping": [4, 5, 6, 0, 2, 10, 8, 3, 12, 7, 9, 13], "R": [[0.19737953830953436, 0.3614837982724238, -0.9112468279468833], [-0.39526940533120297, -0.8212808950038321, -0.41141194526997105], [-0.8971083630564549, 0.4413922916049239, -0.01922055789829208]], "T": [-0.04750793915267866, -0.01354147717568965, 0.02484493783550529], "aligned_model": [[0.19592915559189406, -0.7245902378861051, -0.051569293487881154, -0.13337752083452553, 0.4473845593354578, 0.3925218509893088, -0.1866642995983318, -0.33521601424086944, 0.37073043545102474, -0.5895345773571781, 0.10076140745861205, -0.006784865589881284], [-0.10968019174599238, -0.2347171541843447, -0.5098264514642417, -0.5698602046484056, -0.47883527148537514, 0.27543363886229694, 0.4507559968526545, 0.16231501896556427, -0.07884803969418061, 0.23569968897037327, 0.5818995710003684, -0.05353223008687097], [-0.7542739866888691, -0.3195667059321994, 0.49905497727031795, -0.32166513638754546, -0.0018523676530403307, -0.266287138705482, -0.39159299918328705, 0.7590995099203589, 0.6960710757788366, 0.225380444151277, 0.32204805772628126, 0.020878795295784153]], "inverted": true, "swapped": false, "error_lsq": 0.047105355859639375, "error_max": 0.21235824756969462, "target": "1017.xyz", "model": "27.xyz", "model_rescale": 4.103607728864725, "target_rescale": 3.6765275557678083},
{"mapping": [12, 10, 11, 13, 4, 2, 3, 5, 7, 0, 1, 14], "R": [[0.8878743571649046, 0.3229441626166824, -0.32769832730854354], [-0.4185224112953509, 0.2710816424941315, -0.8668066303081727], [-0.19109714056608162, 0.9067644737937708, 0.37584580872077533]], "T": [-0.21807231084103257, -0.15643498439041528, 0.07553159316692973], "aligned_model": [[-0.009877805014975871, -0.6696228318029092, -0.21952237942856506, 0.17917717956244616, 0.6734257670713599, 0.2508609724590803, -0.3438484638687574, -0.3791013228861574, 0.05387551099693155, -0.2244217999966262, 0.3062738978315505, -0.1376281250918525], [-0.1642470606236062, -0.2814006726852836, -0.7904779645574387, -0.600637921336589, -0.13492970135919927, 0.23982660342007675, 0.36639149821337813, 0.1784569994649077, -0.1681165251585008, 0.5562731756492371, 0.49368127469873435, -0.024015334383869935], [-0.7574675883053613, -0.12511979624714822, 0.34019861049492717, -0.17892690273421166, -0.08688142051970296, -0.3299299168082651, -0.44826577317286076, 0.7056565226936753, 0.7433557986029516, 0.11674449869424097, 0.3999861126199443, 0.08794438027424346]], "inverted": false, "swapped": false, "error_lsq": 0.05588028832220627, "error_max": 0.35383531174208516, "target": "1017.xyz", "model": "28.xyz", "model_rescale": 4.137296879288765, "target_rescale": 3.6765275557678083},
{"mapping": [6, 5, 4, 8, 2, 3, 1, 10, 7, 9, 11], "R": [[-0.4480326933932437, -0.1841856295718518, -0.8748384762400521], [-0.6634981825660416, -0.5873481307259145, 0.4634569398167792], [-0.5991968519462993, 0.7880976000420219, 0.14094433449291266]], "T": [0.09355573589843609, -0.10857840375893138, -0.05601918295728803], "aligned_model": [[0.5720663603382911, 0.12245081785408514, -0.06303137770998478, -0.5657158950298425, -0.07365115463781467, 0.45700018771299716, 0.5495486068354388, -0.45106087830311575, -0.4699166901923401, 0.1450757884328091, -0.0013467545906250128], [-0.3636444989862959, -0.6859177785789465, -0.29497535540564107, 0.127889015223021, 0.604274146328389, 0.16569652609721278, 0.32665263907786934, -0.49637414175775263, 0.47367289199332174, 0.0731653433866844, -0.011290970729910255], [0.3677273022277294, -0.09408387396799295, -0.6882934507117764, -0.23467779732184196, -0.3550185726442985, -0.6009334225883127, 0.07684569343196468, 0.3619494305915055, 0.3132699527045083, 0.6210209713629659, 0.03794778869854745]], "inverted": false, "swapped": true, "error_lsq": 0.05172713485260911, "error_max": 0.3060981489877541, "target": "1017.xyz", "model": "29.xyz", "model_rescale": 3.607286011436655, "target_rescale": 3.6765275557678083},
