[{"mapping": [2, 4, 10, 8, 3, 9, 6, 0, 1, 7, 5, 11], "R": [[-0.006854690654976681, 0.6982268882800655, -0.7158437159735092], [0.5271483113092825, 0.6108367855685677, 0.5907563620309406], [0.8497456508272323, -0.37330635392261546, -0.37225622227332433]], "T": [-0.14602747296441582, -0.0039377080612947035, 0.0875798939786177], "aligned_model": [[-0.33723036417468677, -0.9250287469674778, -0.011758851943753146, -0.26353637661341145, -0.6478892525692459, -0.07731415988164342, 0.4139579119338727, -0.2680401814772654, 0.3059827147217436, 0.7484710130006633, 0.23913121138646593, -0.13910516800374975], [0.3006483094329926, 0.20936207045474106, -0.02339694894453412, -0.41742713329775405, -0.3275962929250419, -0.5778271163272346, -0.3982691448035064, 0.5969014763810834, 0.3161781481421969, 0.10431071860855032, 0.6609629332472686, 0.06512123342903961], [-0.633127437693696, 0.08463263590492692, 0.7534286916183841, -0.3796691225768412, 0.43023480697826366, 0.27542518168454716, -0.1492187000883564, 0.004534319734845929, -0.3541136517677329, 0.3787122463472565, 0.40102248455377854, 0.09147863510473313]], "inverted": true, "swapped": false, "error_lsq": 0.06973807978873905, "error_max": 0.3841825499662443, "target": "1019.xyz", "model": "0.xyz", "model_rescale": 3.751011558992144, "target_rescale": 3.8258028609853354},
{"mapping": [2, 8, 6, 0, 4, 1, 7, 5, 3, 11, 10, 14], "R": [[0.8814505940941598, 0.41645364582094235, 0.22273574264921625], [-0.4426470975921314, 0.5640827483675269, 0.6970467703012471], [0.16464627892641517, -0.713005619807153, 0.6815530712711245]], "T": [-0.04280611903992124, 0.14085529661240678, 0.056313013388425516], "aligned_model": [[-0.43124498382365917, -0.7053928619795653, 0.2862521471979319, -0.13713975103389175, -0.5619567097469613, -0.22643704141087787, 0.3757795659559152, -0.3221966178844563, 0.25277046785436363, 0.6093211856067512, -0.1081949230102563, 0.006079271686217733], [0.2872366617100758, 0.15997270728170526, -0.29468405105029705, -0.422748309650958, -0.0036736723088367784, -0.5207103795673483, -0.37054645833576105, 0.680935076808567, 0.019561801808608864, 0.2546846296050693, 0.5533230788616036, 0.16561716823537256], [-0.6588274247534628, 0.024194719071817992, 0.5718242929238254, -0.44264255515574974, 0.6352499799235586, 0.17587927069311518, 0.002171595326606747, -0.08630825842714013, -0.6374652357020034, 0.5018507226919, 0.7620384423270594, 0.05537454088058199]], "inverted": false, "swapped": false, "error_lsq": 0.04891679898407447, "error_max": 0.33925519049293, "target": "1019.xyz", "model": "1.xyz", "model_rescale": 3.9405287249114394, "target_rescale": 3.8258028609853354},
{"mapping": [10, 8, 1, 3, 4, 7, 6, 9, 11, 0, 2, 12], "R": [[0.44605765226443167, -0.7982051383023222, -0.40484704277555816], [0.8865355837448473, 0.33197104255443605, 0.3222574834809956], [-0.12283008430562398, -0.5026567259005812, 0.8557154820945929]], "T": [-0.03461616093708254, 0.044543014023849206, 0.1129219354561409], "aligned_model": [[-0.4619448878265433, -0.7410654800081824, 0.09802245001716467, -0.33983379397665414, -0.6074213667983714, -0.05783134143360066, 0.36676411320640956, -0.33244269784921104, 0.32245057813297573, 0.7681893562158357, 0.07731217912683044, -0.05455935939514126], [0.18765041815782835, 0.3338470568073746, -0.188471542700482, -0.3204712789196693, -0.19124953708892634, -0.7479469307928844, -0.24922624482325162, 0.6712396892398089, 0.328845811578511, 0.08537918037379807, 0.5068036216641416, 0.09256800990155242], [-0.6000980848584623, -0.020952261172074355, 0.8581316694216584, -0.20394781853997015, 0.4415429799142615, 0.13110423220396528, -0.10605110277994886, -0.2980911279302313, -0.4341516904751871, 0.35117746513500037, 0.6007300994265439, 0.18394572945455406]], "inverted": true, "swapped": false, "error_lsq": 0.06387812867023271, "error_max": 0.3392742708281736, "target": "1019.xyz", "model": "2.xyz", "model_rescale": 3.932901565614263, "target_rescale": 3.8258028609853354},
{"mapping": [9, 12, 1, 8, 10, 11, 3, 5, 7, 4, 6, 13], "R": [[0.6062081679026642, -0.07431902280903069, 0.7918259531088926], [0.2020383987283807, 0.977352762232495, -0.06294492509951796], [-0.7692152771541704, 0.19813697536104374, 0.6074945237509636]], "T": [0.04893083903561102, -0.0345467460657088, 0.10723422719509584], "aligned_model": [[-0.33812170943228403, -0.6064600213875738, 0.19412216751664702, -0.11057718183598397, -0.5245273113962398, -0.5045547391092637, 0.3105617908625335, -0.14489365973466162, 0.33545623219139403, 0.6333127641504893, -0.16828119434135622, -0.0383973880721894], [0.21354919588840282, 0.3554524920123884, -0.31150685356950975, -0.45564805349393644, -0.08982639934697755, -0.735481331158647, -0.45027554086809274, 0.6398044379866159, 0.2362756958833379, 0.6104959664684565, 0.45737557536825724, 0.03875306822750603], [-0.4658553536727255, 0.1458764907389955, 0.7787855639501859, -0.4724360288054799, 0.5329516803698697, 0.11452261341240924, -0.032065063181829, -0.04923375642566641, -0.48799761953424486, 0.18236124725692315, 0.5285697501610802, 0.12786056553059125]], "inverted": true, "swapped": false, "error_lsq": 0.050269917381877464, "error_max": 0.29710622794075114, "target": "1019.xyz", "model": "3.xyz", "model_rescale": 3.9243930471874484, "target_rescale": 3.8258028609853354},
{"mapping": [1, 0, 10, 7, 3, 4, 8, 5, 9, 11, 6, 12], "R": [[-0.38362567983978657, 0.6658213204958021, 0.6399322674632749], [-0.8662069911602819, -0.49968495527245316, 0.0006276459337541951], [0.32018242648920203, -0.5540730228477049, 0.7684310633491425]], "T": [-0.029351702553235673, -0.0017097072132135904, 0.09634650631322109], "aligned_model": [[-0.27178483272952764, -0.8133698955050861, 0.350339322654726, -0.3820546422737125, -0.4984118619659462, -0.2520328395470895, 0.3379528198689532, -0.32235620837544365, 0.527222719212346, 0.576600715173802, -0.1155691917254703, -0.09889635537603969], [0.20346519480547345, 0.29306352145793, -0.2788389496167508, -0.49337796222473884, -0.05686519026700457, -0.5466587007752491, -0.4699056378188333, 0.6912599430785744, 0.12273436694249544, 0.4716790553204707, 0.481915176936594, 0.09049743555883981], [-0.5434110547652176, -0.051120676951045246, 0.6218575222779495, -0.42975398051285296, 0.575818935036187, 0.17257625826693954, -0.10911961568447684, 0.009372239330142668, -0.31889556431632327, 0.28305169730989077, 0.6256763002306156, 0.06728802957830012]], "inverted": false, "swapped": false, "error_lsq": 0.04511303029374858, "error_max": 0.2234109758710678, "target": "1019.xyz", "model": "4.xyz", "model_rescale": 3.8936222436046832, "target_rescale": 3.8258028609853354},
{"mapping": [0, 1, 7, 2, 5, 4, 10, 9, 3, 8, 6, 11], "R": [[-0.8397532711793834, -0.5319854836777629, -0.10865490646842439], [-0.4730275637186821, 0.8150306248090498, -0.3346191933911417], [0.26656962975157816, -0.22960079655677784, -0.9360684305725729]], "T": [0.00597952114201547, 0.06887679187180386, 0.08970875429112045], "aligned_model": [[-0.3125312242238304, -0.7694741129325543, 0.2693353153587149, -0.21746235577872267, -0.5305258048770697, -0.3128414392077369, 0.3833337570588701, 0.004112629950372211, 0.26410503896316107, 0.6867898426515636, -0.2990562910235268, -0.12814560652772938], [0.37985395818514467, 0.21377181780194127, -0.056059856380412595, -0.4007447839657915, -0.17047416680517746, -0.6513408243905283, -0.43498896679154253, 0.6811608574637495, 0.14195250499890827, 0.35510408357015616, 0.4544213353049277, -0.003687705593574009], [-0.6748580616872079, -0.05446426684076976, 0.668312320616155, -0.4457235645598001, 0.648317750620779, 0.19102202772514087, 0.03322444348465173, 0.005206200715893283, -0.4185364518069984, 0.06887440899504775, 0.7165398211928556, 0.16542546134436265]], "inverted": true, "swapped": false, "error_lsq": 0.04806257235044111, "error_max": 0.30203619814449456, "target": "1019.xyz", "model": "5.xyz", "model_rescale": 3.6523030999806103, "target_rescale": 3.8258028609853354},
{"mapping": [0, 3, 10, 1, 4, 2, 6, 7, 5, 9, 11, 12], "R": [[0.8372984498624861, -0.06466819564754067, 0.5429082153822776], [-0.2917859216240887, 0.7868996496782746, 0.5437369927439092], [-0.46237677471934, -0.6136831151399721, 0.6400005878061681]], "T": [0.05185902104930584, 0.006211053363175484, 0.06194766521923301], "aligned_model": [[-0.5689152245524877, -0.5914073009995114, 0.29478452130048466, -0.20107451422282413, -0.3263965714378493, -0.41794357431441, 0.3857704035303683, -0.12154833858531272, 0.1877748373912035, 0.5692509704875743, -0.1732581678908105, 0.0006027087050864272], [0.21251999628265902, 0.23328183588658596, -0.2814691247476384, -0.4156161744349183, -0.08717314107444196, -0.5773692872273747, -0.5511710355353497, 0.6659564047745797, 0.29144336756177924, 0.36424037102694584, 0.5792445974835952, 0.07508044340137934], [-0.685875633807794, -0.0695361801381835, 0.7452487395026254, -0.4284208519353248, 0.48305774691800446, 0.18414071606441135, 0.08322811861693041, 0.023424703069669657, -0.5414369118058753, 0.4180143071984066, 0.6908545038666352, 0.0006408322506042466]], "inverted": true, "swapped": false, "error_lsq": 0.048596199732388316, "error_max": 0.25843850175855054, "target": "1019.xyz", "model": "6.xyz", "model_rescale": 4.08911054899281, "target_rescale": 3.8258028609853354},
{"mapping": [2, 6, 10, 1, 4, 9, 11, 7, 13, 12, 5, 14], "R": [[0.24927033019731193, 0.37405527732441507, 0.8932787649939284], [0.5059728067012295, 0.7361871762126942, -0.4494663062553854], [-0.8257456154059819, 0.564013378463432, -0.005752178027676051]], "T": [-0.1546817001816236, -0.014286333540065949, 0.12419592676580346], "aligned_model": [[-0.40503299210555366, -0.5962403743167489, 0.29163319208064653, -0.15633952808071694, -0.5406154779610248, -0.29865937779002405, 0.3268238608520545, -0.21957409117569873, 0.3290322824331632, 0.5019635343312786, -0.05295597469222624, -0.14239530416363788], [0.28206407077830664, 0.18692188569772875, -0.1426307171645123, -0.37745814175852765, 0.12016712501319948, -0.7798479752646457, -0.34768014451535467, 0.734703835862076, 0.2194611140847061, 0.24988245353003244, 0.5372529971027097, -0.17386824996791791], [-0.5826563999500466, 0.007216628337999811, 0.6752001324112437, -0.5130242456843357, 0.6985014868592436, 0.036200989535027484, 0.08505484279802046, -0.060443365551605815, -0.3730740563454533, 0.20806371522243144, 0.639906575396509, 0.08239378677107578]], "inverted": false, "swapped": false, "error_lsq": 0.0453787658877021, "error_max": 0.2954352593151087, "target": "1019.xyz", "model": "7.xyz", "model_rescale": 3.964800864290218, "target_rescale": 3.8258028609853354},
{"mapping": [5, 1, 4, 3, 2, 0, 6, 8, 10, 11, 12, 13], "R": [[-0.3840015798556203, 0.7310517263492693, 0.5640090070824585], [0.5417016008972897, -0.31629851933552383, 0.778790486749465], [0.7477313436346648, 0.6045813593453806, -0.274552759371292]], "T": [-0.11423059797431583, 0.04885863162469571, 0.11542253940229935], "aligned_model": [[-0.2787210186512072, -0.8619275889618342, 0.23450184947138858, -0.082748700530257, -0.40658772112744507, -0.46329848293927767, 0.2859383344451511, -0.3320339322189995, 0.3237808637447719, 0.68305401748015, 0.05206546851766354, -0.1163833398185928], [0.28819399680321556, 0.09836668093701799, -0.18073703863899565, -0.4787624838798312, -0.232508271821052, -0.5752855788611749, -0.37021366408429457, 0.7381031207355457, 0.3478276363598479, 0.1773322215273465, 0.5821686405839581, 0.11448299373621791], [-0.6686260607806129, 0.07519749876970239, 0.681783646213614, -0.3811532798936942, 0.6388427395675864, 0.07352995383157368, 0.1427914939676308, -0.1464196329639998, -0.512190005578768, 0.302412119729199, 0.6239507981074925, 0.0732208188303855]], "inverted": false, "swapped": false, "error_lsq": 0.04790655567578317, "error_max": 0.23749597682752405, "target": "1019.xyz", "model": "8.xyz", "model_rescale": 4.121658175737393, "target_rescale": 3.8258028609853354},
{"mapping": [9, 7, 3, 6, 11, 8, 2, 5, 1, 0, 10, 12], "R": [[-0.4091000783662378, 0.11988655132612427, -0.9045796486168959], [-0.8915706794316385, 0.1585329907813728, 0.42422755027428377], [0.19426489507511369, 0.980048215979725, 0.042031475068255]], "T": [-0.10781182946988688, 0.06649177224214323, 0.049173288496483836], "aligned_model": [[-0.4996561826252098, -0.7798857376950843, 0.21741519241060897, -0.21380678439272816, -0.4466263116815782, -0.3694552562480122, 0.37071447059171747, -0.18064237660892465, 0.4633577511111786, 0.5744925380901049, -0.06150516379242843, -0.03676238974813284], [0.31067196569418853, 0.12588451217873314, -0.12621040889737353, -0.30117553813108944, -0.10947700585263728, -0.6125181295069865, -0.4188490840514354, 0.6796412455106959, -0.04946619252541429, 0.45354529806046906, 0.5017674025917691, 0.05515418832688189], [-0.6436642487811635, 0.04944648977510756, 0.7418328333616638, -0.5285531766302151, 0.5563929749568552, 0.016899331848178614, 0.18260223670658157, 0.07065214111251868, -0.3185912779578531, 0.10811869783801123, 0.6695535339370821, -0.0013494463666574377]], "inverted": false, "swapped": false, "error_lsq": 0.049219578094408516, "error_max": 0.309812661179756, "target": "1019.xyz", "model": "9.xyz", "model_rescale": 3.833441315466971, "target_rescale": 3.8258028609853354},
{"mapping": [1, 12, 9, 0, 11, 10, 13, 6, 5, 3, 7, 14], "R": [[0.9116961508782373, -0.14019674330450518, -0.3862059057557476], [0.306805412227966, -0.3929057580674056, 0.8668884036051616], [-0.2732774551649561, -0.9088288829280726, -0.31519754766539254]], "T": [-0.08677464862210546, 0.07424620907381521, 0.08566945083381305], "aligned_model": [[-0.3545205559986384, -0.6658737194004088, 0.4236938699523469, -0.21705379821650647, -0.5237024992324746, -0.5042235641182766, 0.34631746000804076, -0.28846283327809674, 0.360556561298647, 0.5689893951911804, -0.09119834349957379, -0.01688222329472773], [0.19235369692707807, 0.198740555640261, -0.10812316844904171, -0.3362384920631053, 0.0030477137171514984, -0.6251743598823047, -0.4917730356629608, 0.681353989250739, 0.06716934140650158, 0.5005731614395739, 0.3430055745545876, 0.08403327651932097], [-0.5925426718165666, -0.02462778941938673, 0.6890544259691277, -0.4419218825077792, 0.6046703262314571, 0.1965811913847502, -0.2717378538544911, -0.1423033270668263, -0.4215582180111206, 0.4632150749321508, 0.6953109940145742, 0.1491998199442202]], "inverted": true, "swapped": false, "error_lsq": 0.045681389472754415, "error_max": 0.26404051066297507, "target": "1019.xyz", "model": "10.xyz", "model_rescale": 4.2482417240324, "target_rescale": 3.8258028609853354},
{"mapping": [3, 8, 4, 7, 10, 9, 5, 1, 2, 6, 0, 11], "R": [[0.053197726135899036, -0.3685668472911301, -0.9280778421080026], [0.23716643785366645, 0.9074642960857517, -0.34678614748198056], [0.9700113827629925, -0.2016606813622026, 0.1356867233842698]], "T": [-0.06757454877276957, 0.1029180778299158, 0.04920593148817021], "aligned_model": [[-0.41957618308924316, -0.6657365575589751, 0.3497613806480099, -0.20420785644933498, -0.5067095754863242, -0.39320631664072814, 0.43087558598101217, -0.22060020524987728, 0.34255219659779135, 0.5426606412993079, -0.1595462904540558, -0.05862707018607075], [0.21593296585025967, 0.18951865421888733, -0.3178864425160247, -0.4031446385298325, -0.03485006265091195, -0.6193940342431453, -0.4588457517068121, 0.7907037862489968, 0.38726723412691055, 0.22395134151429053, 0.5398008453725209, -0.0040856442873378335], [-0.6728703186239811, -0.05831327781306733, 0.6930955632599226, -0.37949922714571604, 0.4999638824066569, 0.2762303060532097, 0.036754694212429974, -0.0025678216345711366, -0.49732759578130625, 0.23208868087307072, 0.6611815209443811, 0.1146036830490804]], "inverted": true, "swapped": false, "error_lsq": 0.04035873320024639, "error_max": 0.2703897633837546, "target": "1019.xyz", "model": "11.xyz", "model_rescale": 3.6694154284099745, "target_rescale": 3.8258028609853354},
{"mapping": [5, 0, 8, 12, 4, 1, 10, 6, 7, 9, 11, 13], "R": [[-0.18213067104576763, 0.46227199754779624, 0.8678323679994824], [0.34116278038705905, -0.7980562217601682, 0.4967033563289633], [0.9221910734457313, 0.38653701917546784, -0.012359484777056506]], "T": [-0.07896410499332036, 0.005067530213559983, 0.0827129649873283], "aligned_model": [[-0.29771806757631414, -0.7739250184967822, 0.32781101733485246, -0.12258412198913092, -0.5851751626025535, -0.5748718272935951, 0.4483726039163846, -0.3105567029586027, 0.38364752535253344, 0.6591272424730876, 0.08176767560605612, -0.198255414354424], [0.3174401117937964, 0.016022760063792323, -0.18529841539976075, -0.4446916987163829, 0.09338466702344658, -0.6535150287077752, -0.25954384651289975, 0.5177754930617482, 0.3619774755177575, 0.25024893794433606, 0.5160826286735335, -0.020914831343790706], [-0.6237860559658637, -0.08356143492685267, 0.6917225362723256, -0.4248128278312412, 0.6152813627074124, 0.2745932353361629, -0.1527134609967809, 0.024831648023888993, -0.3763851605601958, 0.28219606449319135, 0.590706579866858, 0.08526760338120404]], "inverted": false, "swapped": false, "error_lsq": 0.045206798257805346, "error_max": 0.2267153707561788, "target": "1019.xyz", "model": "12.xyz", "model_rescale": 3.9764082729961374, "target_rescale": 3.8258028609853354},
{"mapping": [2, 8, 6, 7, 11, 3, 4, 1, 0, 5, 13, 15], "R": [[-0.7903108257441221, -0.21069048301973442, 0.5753419149310736], [-0.22787327354173909, 0.9727320020314814, 0.04319980820788222], [-0.5687552812212081, -0.09696376946435742, -0.8167713618230303]], "T": [-0.05297700704500782, 0.17049509347003725, 0.17052856195834062], "aligned_model": [[-0.3562619246547737, -0.7173127858751296, 0.3759655914851333, -0.055262375975513506, -0.7227780282176607, -0.5370802377155974, 0.44836058909468723, -0.33799893285651617, 0.29235629888297054, 0.7729178158518061, -0.0830382168905053, -0.042228043717389155], [0.24788147381980544, 0.06794925808101396, -0.15386380885112247, -0.3261134438214828, 0.022923457834313793, -0.5176266653631345, -0.3074244378604931, 0.6612160449493899, 0.14241587835621236, 0.3127855414051416, 0.29539169456717973, 0.06343326028097702], [-0.5631533315029318, -0.04809248290946655, 0.71316873311272, -0.399040078945474, 0.5706959058799544, 0.14652951222191352, -0.019516848533220693, -0.11456445417304997, -0.46748742451668956, 0.14873232894926794, 0.7688409459885437, 0.1672272842285431]], "inverted": true, "swapped": false, "error_lsq": 0.046708878509333286, "error_max": 0.24849982083959005, "target": "1019.xyz", "model": "13.xyz", "model_rescale": 4.170626492500431, "target_rescale": 3.8258028609853354},
{"mapping": [6, 3, 7, 11, 1, 9, 10, 2, 12, 8, 0, 13], "R": [[-0.8277395068672712, -0.5038363006375814, -0.2469742717996421], [-0.07405634720086365, -0.338206003241248, 0.9381536957294612], [-0.5562040688545815, 0.7948368898908869, 0.2426341943300459]], "T": [-0.05629870909946989, 0.15108644592456635, 0.03667460383614142], "aligned_model": [[-0.44133836907011303, -0.7371821903477539, 0.29641793025074314, -0.2815501472890847, -0.43746631920425644, -0.27984790370878465, 0.2733370117117793, -0.3417420559347131, 0.5350612974198301, 0.655137396636808, -0.12525066720203643, -0.07793623385090671], [0.34747148464912103, 0.08504885143039051, -0.06317837681753427, -0.3191421454061403, -0.13406142728519896, -0.6168777727858207, -0.3033320205759529, 0.7429376945121555, 0.010158830875100389, 0.22515760854249509, 0.4162358640296676, 0.11854966222951821], [-0.6848977375440795, -0.049987530377850614, 0.7346082403300391, -0.4406162012500189, 0.6401780531272778, 0.1653725246971643, 0.09299914416621305, 0.07082665398179457, -0.3709267592530119, 0.23649558153405809, 0.5665800860499327, -0.05729196566140923]], "inverted": true, "swapped": false, "error_lsq": 0.0491736937707955, "error_max": 0.2820603103090494, "target": "1019.xyz", "model": "14.xyz", "model_rescale": 3.9786697098870705, "target_rescale": 3.8258028609853354},
{"mapping": [3, 9, 10, 0, 6, 1, 4, 8, 2, 5, 7, 11], "R": [[-0.2606287039955261, -0.8857694267140053, 0.3840380207119536], [-0.7630131400574676, -0.054733184091283915, -0.6440615084437767], [0.5915096167884812, -0.46088697232398756, -0.661588672808696]], "T": [-0.10266002851467512, 0.029863471338274317, 0.11728733473045569], "aligned_model": [[-0.4331982005836382, -0.6624726893599288, 0.28522465878666314, -0.24468091681664111, -0.7466698965537844, -0.25042289455280153, 0.44155787594118934, 0.01593185464042876, 0.3599870577250599, 0.5522800669834745, -0.08099695415901786, -0.19890021263949237], [0.3956297166580912, 0.22939186653723756, -0.34696853457816623, -0.3747519845070093, -0.07959498178360526, -0.5871435976966303, -0.2395231515946742, 0.5060397885097281, 0.15259863368594717, 0.4911299369039658, 0.34189320054071165, 0.02026736072220497], [-0.6586693669563134, -0.06767880356493053, 0.7496354170166454, -0.4303640016650443, 0.5652000803766701, 0.3584107547325308, 0.03872239378605938, -0.059970122762175226, -0.6071028707419861, 0.1715672277236889, 0.699562325344007, 0.14402705651095754]], "inverted": true, "swapped": false, "error_lsq": 0.05511576941036637, "error_max": 0.27459124139537894, "target": "1019.xyz", "model": "15.xyz", "model_rescale": 3.769337070930944, "target_rescale": 3.8258028609853354},
{"mapping": [3, 5, 8, 6, 0, 1, 7, 4, 10, 2, 11], "R": [[0.6083590937479387, -0.7936274302407609, 0.007396960432049765], [-0.7600050737031117, -0.5798497714620213, 0.29354136076704695], [-0.22867334999888989, -0.18420028367211636, -0.9559177550895253]], "T": [-0.10894183993137499, 0.18071926419849835, -0.040385914392408115], "aligned_model": [[-0.2915025829891683, -0.3928013560466137, -0.14274479221857045, -0.6416949763165192, 0.3459142917766974, 0.4661822045107713, 0.5384958726843481, 0.1819984256129704, 0.2864790718250406, -0.4412297034925454, 0.013529675344759962], [-0.0524915624587739, -0.5317790126964997, 0.7097543258571942, 0.20871908299319425, 0.16805961174972392, -0.27224302556136726, 0.4028420090027075, -0.450140806794482, 0.27319118365917505, 0.07451174641166837, 0.06564094546280216], [-0.5838601779679946, -0.09129743128069538, -0.295129127507162, -0.05767568170178748, -0.7500757208376483, -0.21609997942313097, -0.012283751990878326, 0.38769471419988516, 0.6654467757119069, 0.6337508352225432, 0.06374715279873892]], "inverted": true, "swapped": true, "error_lsq": 0.046259631512575575, "error_max": 0.29893145372668284, "target": "1019.xyz", "model": "16.xyz", "model_rescale": 3.7852294659196426, "target_rescale": 3.8258028609853354},
{"mapping": [9, 11, 1, 10, 7, 6, 4, 8, 0, 3, 2, 12], "R": [[-0.4774010066765406, -0.6701575430462337, -0.5683107832185321], [0.8459541831280573, -0.5254260746878021, -0.0910437262325619], [-0.23759166414747612, -0.5242292509355082, 0.8177615138848424]], "T": [-0.021639918254707916, 0.04231551516523053, 0.12496377386353409], "aligned_model": [[-0.2981809261557189, -0.720660276352154, 0.3590983676912832, -0.31402693023331524, -0.4606155095811144, -0.6114804467619684, 0.462723553850123, -0.17532596730540562, 0.43745919058361327, 0.5841421710854594, -0.14440590062385067, -0.08108757678544012], [0.2957491864579102, 0.26421769917166193, -0.07126373253456841, -0.44983861704582806, -0.19777611430811448, -0.6203826246751163, -0.4404687664270525, 0.6227668160673631, 0.16303889397365198, 0.5275807142674862, 0.3811334105041076, 0.03421138794630006], [-0.6538547099412924, 0.13283994880874578, 0.6874513438185741, -0.44208932828206016, 0.6159662635241133, 0.14264320497442068, -0.059692797716169435, -0.12735110255218207, -0.36534330319293595, 0.298287511238038, 0.6191479180864564, 0.05533514103440079]], "inverted": false, "swapped": false, "error_lsq": 0.04710187701750543, "error_max": 0.23349831148912853, "target": "1019.xyz", "model": "17.xyz", "model_rescale": 3.901054581598922, "target_rescale": 3.8258028609853354},
{"mapping": [2, 8, 6, 0, 4, 1, 7, 5, 3, 11, 10, 14], "R": [[0.8814505940941598, 0.41645364582094235, 0.22273574264921625], [-0.4426470975921314, 0.5640827483675269, 0.6970467703012471], [0.16464627892641517, -0.713005619807153, 0.6815530712711245]], "T": [-0.04280611903992124, 0.14085529661240678, 0.056313013388425516], "aligned_model": [[-0.43124498382365917, -0.7053928619795653, 0.2862521471979319, -0.13713975103389175, -0.5619567097469613, -0.22643704141087787, 0.3757795659559152, -0.3221966178844563, 0.25277046785436363, 0.6093211856067512, -0.1081949230102563, 0.006079271686217733], [0.2872366617100758, 0.15997270728170526, -0.29468405105029705, -0.422748309650958, -0.0036736723088367784, -0.5207103795673483, -0.37054645833576105, 0.680935076808567, 0.019561801808608864, 0.2546846296050693, 0.5533230788616036, 0.16561716823537256], [-0.6588274247534628, 0.024194719071817992, 0.5718242929238254, -0.44264255515574974, 0.6352499799235586, 0.17587927069311518, 0.002171595326606747, -0.08630825842714013, -0.6374652357020034, 0.5018507226919, 0.7620384423270594, 0.05537454088058199]], "inverted": false, "swapped": false, "error_lsq": 0.04891679898407447, "error_max": 0.33925519049293, "target": "1019.xyz", "model": "18.xyz", "model_rescale": 3.9405287249114394, "target_rescale": 3.8258028609853354},
{"mapping": [3, 2, 7, 14, 5, 11, 13, 1, 12, 4, 8, 15], "R": [[0.9012291620551868, -0.226671565075408, -0.36933182782908275], [0.4139614340714292, 0.7023657652128784, 0.5790667171910794], [0.12814807280186416, -0.6747609454045137, 0.7268257961808836]], "T": [-0.0216814815374684, 0.06766050490785908, 0.08309958990351118], "aligned_model": [[-0.28073051506733737, -0.8753522871265803, 0.39581333362412535, -0.05903725079705862, -0.6047778925961975, -0.3479458732092183, 0.28458368431682, -0.24336652040429294, 0.2983152720415037, 0.6308897098588618, -0.09952836912535667, -0.06122354210375725], [0.2818464385404993, 0.22549938834575617, -0.09807706491850848, -0.4209149061862986, -0.008401420294713469, -0.5733453477038633, -0.5255224484265513, 0.6421919966253391, 0.1790785776590295, 0.3692296388909439, 0.3713295462879071, 0.06605385457826157], [-0.6994900720107774, 0.12382213369637013, 0.6251832423065139, -0.5165983142560621, 0.6708714858833851, 0.12641524001288845, 0.007830224091920857, -0.15415287593602528, -0.3473968130695292, 0.21678551363650814, 0.7715740853905687, 0.07849624005434816]], "inverted": true, "swapped": false, "error_lsq": 0.042864961021006, "error_max": 0.22492896038302013, "target": "1019.xyz", "model": "19.xyz", "model_rescale": 4.410303926677745, "target_rescale": 3.8258028609853354},
{"mapping": [5, 1, 4, 3, 2, 0, 6, 8, 10, 11, 12, 13], "R": [[-0.3840015798556203, 0.7310517263492693, 0.5640090070824585], [0.5417016008972897, -0.31629851933552383, 0.778790486749465], [0.7477313436346648, 0.6045813593453806, -0.274552759371292]], "T": [-0.11423059797431583, 0.04885863162469571, 0.11542253940229935], "aligned_model": [[-0.2787210186512072, -0.8619275889618342, 0.23450184947138858, -0.082748700530257, -0.40658772112744507, -0.46329848293927767, 0.2859383344451511, -0.3320339322189995, 0.3237808637447719, 0.68305401748015, 0.05206546851766354, -0.1163833398185928], [0.28819399680321556, 0.09836668093701799, -0.18073703863899565, -0.4787624838798312, -0.232508271821052, -0.5752855788611749, -0.37021366408429457, 0.7381031207355457, 0.3478276363598479, 0.1773322215273465, 0.5821686405839581, 0.11448299373621791], [-0.6686260607806129, 0.07519749876970239, 0.681783646213614, -0.3811532798936942, 0.6388427395675864, 0.07352995383157368, 0.1427914939676308, -0.1464196329639998, -0.512190005578768, 0.302412119729199, 0.6239507981074925, 0.0732208188303855]], "inverted": false, "swapped": false, "error_lsq": 0.04790655567578317, "error_max": 0.23749597682752405, "target": "1019.xyz", "model": "20.xyz", "model_rescale": 4.121658175737393, "target_rescale": 3.8258028609853354},
{"mapping": [0, 3, 10, 1, 4, 2, 6, 7, 5, 9, 11, 12], "R": [[0.8372984498624861, -0.06466819564754067, 0.5429082153822776], [-0.2917859216240887, 0.7868996496782746, 0.5437369927439092], [-0.46237677471934, -0.6136831151399721, 0.6400005878061681]], "T": [0.05185902104930584, 0.006211053363175484, 0.06194766521923301], "aligned_model": [[-0.5689152245524877, -0.5914073009995114, 0.29478452130048466, -0.20107451422282413, -0.3263965714378493, -0.41794357431441, 0.3857704035303683, -0.12154833858531272, 0.1877748373912035, 0.5692509704875743, -0.1732581678908105, 0.0006027087050864272], [0.21251999628265902, 0.23328183588658596, -0.2814691247476384, -0.4156161744349183, -0.08717314107444196, -0.5773692872273747, -0.5511710355353497, 0.6659564047745797, 0.29144336756177924, 0.36424037102694584, 0.5792445974835952, 0.07508044340137934], [-0.685875633807794, -0.0695361801381835, 0.7452487395026254, -0.4284208519353248, 0.48305774691800446, 0.18414071606441135, 0.08322811861693041, 0.023424703069669657, -0.5414369118058753, 0.4180143071984066, 0.6908545038666352, 0.0006408322506042466]], "inverted": true, "swapped": false, "error_lsq": 0.048596199732388316, "error_max": 0.25843850175855054, "target": "1019.xyz", "model": "21.xyz", "model_rescale": 4.08911054899281, "target_rescale": 3.8258028609853354},
{"mapping": [5, 9, 4, 11, 14, 15, 1, 10, 6, 0, 13, 16], "R": [[-0.44169554129870053, -0.6750870360274721, -0.590899773721814], [0.5825668301147284, 0.28506974876515917, -0.7611511852378913], [0.6822909476513122, -0.6804356928664251, 0.26736927764136026]], "T": [-0.07943092168727325, 0.04158814344967559, 0.124583793789956], "aligned_model": [[-0.41021307324871936, -0.746590804592816, 0.31390740180482823, -0.22292716467883728, -0.591055526173492, -0.3834332339429418, 0.40998555506434065, -0.33033273259183027, 0.3961326745398528, 0.6671832660401267, -0.017882781569294556, -0.04713383123970562], [0.19964283128968166, 0.2137573160067259, -0.050210728955515795, -0.47139174925397515, -0.06063067674265089, -0.6186459122109581, -0.5447625238594029, 0.7286963087736299, 0.445064740837395, 0.20151960271822053, 0.40591560639908936, 0.06001343839556152], [-0.4781855964484225, -0.056532407100527385, 0.6930467355595293, -0.425101105209011, 0.4982335801272063, 0.18098063575200146, -0.09143191975022828, -0.21610089862357235, -0.28359512513570345, 0.2552305740781176, 0.6724955496568105, 0.15430006689390918]], "inverted": false, "swapped": false, "error_lsq": 0.04488422593191046, "error_max": 0.24329328204903777, "target": "1019.xyz", "model": "22.xyz", "model_rescale": 4.204369325754507, "target_rescale": 3.8258028609853354},
{"mapping": [3, 2, 7, 14, 5, 11, 13, 1, 12, 4, 8, 15], "R": [[0.9012291620551868, -0.226671565075408, -0.36933182782908275], [0.4139614340714292, 0.7023657652128784, 0.5790667171910794], [0.12814807280186416, -0.6747609454045137, 0.7268257961808836]], "T": [-0.0216814815374684, 0.06766050490785908, 0.08309958990351118], "aligned_model": [[-0.28073051506733737, -0.8753522871265803, 0.39581333362412535, -0.05903725079705862, -0.6047778925961975, -0.3479458732092183, 0.28458368431682, -0.24336652040429294, 0.2983152720415037, 0.6308897098588618, -0.09952836912535667, -0.06122354210375725], [0.2818464385404993, 0.22549938834575617, -0.09807706491850848, -0.4209149061862986, -0.008401420294713469, -0.5733453477038633, -0.5255224484265513, 0.6421919966253391, 0.1790785776590295, 0.3692296388909439, 0.3713295462879071, 0.06605385457826157], [-0.6994900720107774, 0.12382213369637013, 0.6251832423065139, -0.5165983142560621, 0.6708714858833851, 0.12641524001288845, 0.007830224091920857, -0.15415287593602528, -0.3473968130695292, 0.21678551363650814, 0.7715740853905687, 0.07849624005434816]], "inverted": true, "swapped": false, "error_lsq": 0.042864961021006, "error_max": 0.22492896038302013, "target": "1019.xyz", "model": "23.xyz", "model_rescale": 4.410303926677745, "target_rescale": 3.8258028609853354},
{"mapping": [15, 6, 1, 9, 7, 11, 10, 5, 4, 3, 0, 16], "R": [[0.09132006611169113, -0.9279663590513387, -0.361301926364029], [-0.9718102523931322, -0.0038525453082503547, -0.2357328811138667], [0.21736025135464143, 0.37264405853796967, -0.9021590362942652]], "T": [-0.2031973542126664, 0.021013714043123435, 0.050837825423803745], "aligned_model": [[-0.4643885293035974, -0.8445033280405271, 0.25529235611361156, -0.167687643493977, -0.37595315506167054, -0.2774916499029505, 0.31381917613537325, -0.22501346637493624, 0.33345095007265313, 0.6147727266088329, -0.023548186065035587, -0.10110950127626475], [0.08903869161463165, 0.372679536554222, -0.3035534738532455, -0.391148403837618, -0.08086609864244748, -0.5953639007198398, -0.3427867072847708, 0.6027395799738253, 0.3501458390739207, 0.24995973671508848, 0.5158083805837915, 0.042315073220242964], [-0.6098178816701133, -0.1564201948554828, 0.6995123783671932, -0.4195677789827774, 0.6846412915885685, 0.17445206512848904, -0.10449120297763867, -0.18732411021082016, -0.2276671382151824, 0.3470803784401103, 0.5924005876526527, 0.11054169553511087]], "inverted": false, "swapped": false, "error_lsq": 0.044203578064754896, "error_max": 0.26551726010360266, "target": "1019.xyz", "model": "24.xyz", "model_rescale": 4.28219845311461, "target_rescale": 3.8258028609853354},
{"mapping": [7, 4, 8, 13, 0, 2, 11, 3, 9, 5, 1, 15], "R": [[0.5134506192069493, 0.38860371933044857, -0.7650853618770538], [0.029136618832513894, 0.8831750297761777, 0.46813771929086934], [0.8576243461323899, -0.26265760240737357, 0.44214416745966584]], "T": [-0.02751946924831395, -0.11004436249823449, 0.054250679327403864], "aligned_model": [[-0.3271696789130889, -0.6900911302082738, 0.30600642486277546, -0.26564931488966836, -0.6171768103308354, -0.508341495672433, 0.4781985614105372, -0.1619006866190536, 0.3237704252957142, 0.632564872300384, -0.047616736279944234, -0.08495468154460156], [0.21832471176024407, 0.19858417184960156, -0.040772756869115134, -0.3765693114658091, -0.10843002909145674, -0.5892716993803064, -0.29379903089014525, 0.6511105222510115, 0.22639752780223102, 0.35466963462814893, 0.37816498637338014, -0.10944047356998336], [-0.5844429159659191, 0.03435608446401352, 0.659153960472238, -0.420275489739868, 0.6180376834973732, 0.14330887871544598, -0.029179330616900492, 0.002964475528090163, -0.4150849663688982, 0.3255627576268838, 0.4679234127518885, 0.10101553943576232]], "inverted": true, "swapped": false, "error_lsq": 0.03910230325571364, "error_max": 0.21670739259026933, "target": "1019.xyz", "model": "25.xyz", "model_rescale": 4.100010024507729, "target_rescale": 3.8258028609853354},
{"mapping": [3, 8, 4, 7, 10, 9, 5, 1, 2, 6, 0, 11], "R": [[0.053197726135899036, -0.3685668472911301, -0.9280778421080026], [0.23716643785366645, 0.9074642960857517, -0.34678614748198056], [0.9700113827629925, -0.2016606813622026, 0.1356867233842698]], "T": [-0.06757454877276957, 0.1029180778299158, 0.04920593148817021], "aligned_model": [[-0.41957618308924316, -0.6657365575589751, 0.3497613806480099, -0.20420785644933498, -0.5067095754863242, -0.39320631664072814, 0.43087558598101217, -0.22060020524987728, 0.34255219659779135, 0.5426606412993079, -0.1595462904540558, -0.05862707018607075], [0.21593296585025967, 0.18951865421888733, -0.3178864425160247, -0.4031446385298325, -0.03485006265091195, -0.6193940342431453, -0.4588457517068121, 0.7907037862489968, 0.38726723412691055, 0.22395134151429053, 0.5398008453725209, -0.0040856442873378335], [-0.6728703186239811, -0.05831327781306733, 0.6930955632599226, -0.37949922714571604, 0.4999638824066569, 0.2762303060532097, 0.036754694212429974, -0.0025678216345711366, -0.49732759578130625, 0.23208868087307072, 0.6611815209443811, 0.1146036830490804]], "inverted": true, "swapped": false, "error_lsq": 0.04035873320024639, "error_max": 0.2703897633837546, "target": "1019.xyz", "model": "26.xyz", "model_rescale": 3.6694154284099745, "target_rescale": 3.8258028609853354},
{"mapping": [1, 5, 10, 0, 8, 4, 2, 7, 6, 12, 9, 13], "R": [[0.32519016342988694, -0.7073902686405277, 0.6275749879027412], [0.9393418063604945, 0.1651168863389999, -0.3006216636723258], [0.10903361147759277, 0.6872666307033944, 0.7181756400002421]], "T": [-0.06240159199052211, 0.08743911820159422, 0.15116599924429952], "aligned_model": [[-0.25192785185957106, -0.7484936136435094, 0.03804157604607281, -0.23335752052595213, -0.5153552536722708, -0.33784852401246024, 0.38933004209523747, -0.4010606037960307, 0.3230221491974052, 0.6830617671331016, 0.1182167781989526, -0.025989195749463373], [0.28528502836245007, 0.0909674871108298, -0.2526443637893586, -0.34592944037214746, 0.01942275384654088, -0.6710272605386177, -0.36813513070633386, 0.6174996293555958, 0.2616718609847676, 0.3581703516461797, 0.46574045721820717, 0.04794688027968757], [-0.6882286912013937, -0.24284388408111562, 0.6371136457704641, -0.3177680111147785, 0.5967711461839034, 0.30733356965934244, -0.07360117073714909, 0.12938405818023235, -0.38946504210954813, 0.1242997974445258, 0.6888728308158245, 0.13147184098980186]], "inverted": false, "swapped": false, "error_lsq": 0.04927609282245147, "error_max": 0.25289895309877314, "target": "1019.xyz", "model": "27.xyz", "model_rescale": 4.103607728864725, "target_rescale": 3.8258028609853354},
{"mapping": [12, 2, 5, 13, 1, 8, 11, 3, 10, 9, 0, 14], "R": [[0.7077644834794199, 0.04561295235730872, -0.7049743927990292], [0.61222463028259, 0.458319139619602, 0.6443016128597645], [0.35249175593261206, -0.8876164852207273, 0.29645663622854906]], "T": [0.03996181003890703, -0.029232950863206167, 0.002160723359305519], "aligned_model": [[-0.4384006575246905, -0.6451269800381565, 0.2972631752145952, -0.25325443626051153, -0.5147016062108671, -0.3272082882860675, 0.34368136744969063, -0.20913910410424602, 0.4035747157942969, 0.6231022661988568, -0.17291501599438575, -0.06923568682700286], [0.3157905539662491, 0.23832804018705495, -0.061373028709297554, -0.3892041304755112, -0.007718531242059637, -0.7408137640971951, -0.6094446566027227, 0.6754381233972258, 0.2099331471603204, 0.41755790490266564, 0.44363730657707934, 0.01683728833399256], [-0.621875932508281, -0.01746507626843989, 0.6861953959137331, -0.4498542273981948, 0.7055428787324453, 0.1785660575754326, -0.20561328952085678, -0.0679696141595111, -0.2630948300794022, 0.36333805604583624, 0.4928428175384147, 0.1027278539289332]], "inverted": true, "swapped": false, "error_lsq": 0.04160959810467227, "error_max": 0.27209215013262045, "target": "1019.xyz", "model": "28.xyz", "model_rescale": 4.137296879288765, "target_rescale": 3.8258028609853354},
{"mapping": [5, 4, 10, 7, 8, 2, 6, 1, 0, 3, 11], "R": [[-0.4456064165630932, 0.825898833522294, -0.34543601188109097], [-0.732684697464654, -0.11473716178763668, 0.6708267420176737], [0.5144006761454808, 0.5520203805036838, 0.6562510524865012]], "T": [0.07944043694963324, 0.1398350036406415, -0.05648732479957219], "aligned_model": [[0.5010839902683648, 0.0814173085805669, -0.11267326138395845, -0.5678983012068429, -0.088308001678058, 0.6025744415056448, 0.5628148787575665, -0.3946519108290626, -0.5388033943727536, 0.15324952022390886, 0.022613740844521897], [-0.32230891665860806, -0.6731378208331575, -0.24203806195334776, 0.08290316128962848, 0.7009088975494261, -0.13617748354163872, 0.356939523410469, -0.3533308971968707, 0.29156845968702255, 0.2583416533692647, -0.044520698474236786], [0.3901240419328254, -0.1268788762095509, -0.7495773827641553, -0.2733171207607775, -0.11099776038382597, -0.5322010396350187, 0.007727990637928742, 0.2579037932658443, 0.49620202019712156, 0.5464955795528782, -0.09972722405027082]], "inverted": true, "swapped": true, "error_lsq": 0.04389419772575279, "error_max": 0.2167524785111355, "target": "1019.xyz", "model": "29.xyz", "model_rescale": 3.607286011436655, "target_rescale": 3.8258028609853354},
