[{"mapping": [10, 5, 4, 5, 0, 2, 1, 9, 8, 7, 6, 11], "R": [[0.2975622317402634, -0.9476140141504045, -0.1161223424992418], [0.7113907108776302, 0.30119724161475403, -0.6349830534122023], [0.636694569412033, 0.10633861871127048, 0.7637487305729583]], "T": [-0.16758737580582192, 0.1448823538845248, 0.026177607739920866], "aligned_model": [[-0.5318705449536575, 0.17852316913399616, -0.5132919281899915, 0.17852316913399616, 0.1103004835259033, 0.33916747344604325, 0.5389008466873587, -0.5312999446928239, -0.13502530545514213, 0.2156439177775468, 0.11794831020704641, -0.1322232509822322], [-0.42518381075990835, -0.45989256332347045, 0.6219320777544974, -0.45989256332347045, 0.175424864008063, 0.7400584664694667, 0.10945317101529016, 0.06822074366760006, 0.6388262166752623, -0.6774411942115863, 0.020304460270293534, 0.12477590157171767], [-0.03772612116583404, -0.42453418789830466, -0.5263261389984885, -0.42453418789830466, -0.5257615978913572, -0.16802631434822593, 0.06490387787531234, 0.5070025126486946, 0.4237485607496353, 0.29732529393888774, 0.6804743354489616, -0.030190513915468023]], "inverted": false, "swapped": false, "error_lsq": 0.05222573307548347, "error_max": 0.4030651551354061, "target": "102.xyz", "model": "0.xyz", "model_rescale": 3.751011558992144, "target_rescale": 3.587780014221119},
{"mapping": [9, 8, 3, 5, 2, 0, 1, 11, 7, 10, 6, 14], "R": [[-0.3881438786894086, -0.8161581950739981, -0.42805388685245643], [0.5583342036681552, 0.16128146702674115, -0.8137881821505824], [0.733217052754632, -0.5548640274943548, 0.39308862174140236]], "T": [-0.010009997113787021, -0.008148175114512012, -0.02273162230498532], "aligned_model": [[-0.5288376527829671, 0.48657299857502123, -0.32557474040363144, -0.14209005254214738, 0.04421084156738909, 0.2812227305394459, 0.5480950595678722, -0.4829469239072827, -0.04749070400842236, -0.0415845891766392, 0.1064773746384644, -0.06275794642905888], [-0.41341695361547653, -0.2539143714083754, 0.592140932860852, -0.42208171393823196, 0.15224895624695114, 0.6521595817426544, 0.3319439008339509, -0.10134735398027275, 0.5513331398810888, -0.7389571608382393, 0.13351484354373502, -0.007038031514881245], [-0.05038487201370609, -0.38800214847955644, -0.3741256591800176, -0.47139623132884567, -0.8320961649505301, -0.2565727715439512, 0.21922224730503592, 0.6131736892474089, 0.33117921191560756, 0.34790974026857097, 0.7053398210555044, -0.007891343750012016]], "inverted": false, "swapped": false, "error_lsq": 0.04089368364729796, "error_max": 0.2186859927964239, "target": "102.xyz", "model": "1.xyz", "model_rescale": 3.9405287249114394, "target_rescale": 3.587780014221119},
{"mapping": [8, 7, 2, 4, 1, 0, 6, 9, 5, 3, 11, 12], "R": [[0.3766327079161075, 0.630305963265545, 0.6788683200736897], [-0.7744434968328191, 0.6163596631118754, -0.14261148586972555], [-0.5083159190317922, -0.4720330055838352, 0.7202775632340324]], "T": [0.006255339461227102, -0.005149174443107911, -0.009199809138034037], "aligned_model": [[-0.6159069801128726, 0.5919421965711874, -0.3839343818826366, -0.23505793091164257, 0.10236691468965249, 0.41291520400850895, 0.5226027532845192, -0.5633616300712508, -0.23212175815128674, 0.16721954779347342, 0.12660335014316312, -0.05797088972277096], [-0.4483130178515255, -0.43549533628912607, 0.49041342121027465, -0.4655838000023205, 0.22618844374301172, 0.7225770930536871, 0.07898422811810321, -0.04491838771316108, 0.6275571979352077, -0.5425204166665083, 0.23912627405480055, 0.028570070221311597], [0.12198565540517525, -0.32650556003013304, -0.26676401990593307, -0.4797989836070382, -0.7605131950678667, -0.0984871119164717, 0.13798243232096416, 0.5603052608890696, 0.2571369815283236, 0.100901735974394, 0.6491770970663291, -0.059064774111304896]], "inverted": false, "swapped": false, "error_lsq": 0.04799276815346291, "error_max": 0.23895162544101495, "target": "102.xyz", "model": "2.xyz", "model_rescale": 3.932901565614263, "target_rescale": 3.587780014221119},
{"mapping": [10, 2, 9, 6, 5, 7, 0, 11, 8, 1, 3, 13], "R": [[-0.5394091647573119, -0.1306779102002465, -0.8318419541965382], [-0.8376855942036868, 0.18365779971236973, 0.5143468264395408], [0.08556049461892601, 0.97426541373001, -0.2085337031994045]], "T": [0.016646019516259623, 0.0721240223073027, 0.009738211136141333], "aligned_model": [[-0.5036992726283459, 0.5449386101564805, -0.3820224387528373, -0.055657277292287165, -0.06640741085528423, 0.27697431851276283, 0.6452601279288154, -0.6518940482106936, -0.28407381010552546, 0.18539972231696591, 0.17914930039063587, -0.05267142582264251], [-0.41740890997359875, -0.4981414545971445, 0.602615522759836, -0.3602726570571699, 0.2203154184360706, 0.7020247400684403, -0.06908188902803711, -0.013822159910287873, 0.6203305826130183, -0.5844171203863511, 0.23115633195360663, 0.04328736493537266], [-0.042642371684593235, -0.2901018757499972, -0.30559521195409556, -0.5141869797326993, -0.6887896147030248, -0.20285720239089883, 0.19373691344583335, 0.5957212569431766, 0.3942169190536658, 0.3084764521661699, 0.46688904650106183, -0.07851181334908984]], "inverted": false, "swapped": false, "error_lsq": 0.049342857145394874, "error_max": 0.29051080631908954, "target": "102.xyz", "model": "3.xyz", "model_rescale": 3.9243930471874484, "target_rescale": 3.587780014221119},
{"mapping": [9, 0, 11, 1, 5, 6, 3, 8, 10, 7, 4, 12], "R": [[-0.49032804740622776, 0.8247329068394191, 0.2817694772380397], [0.07690698833873849, 0.3629845215634523, -0.9286159336614987], [-0.8681380771924829, -0.4336563956423954, -0.24140921574576438]], "T": [-0.0514397849089192, 0.06692593583287501, 0.03940249505466574], "aligned_model": [[-0.7287440117737837, 0.6055480425982317, -0.5392796872190425, -0.08588578483263551, 0.17396990039254906, 0.2318547408233319, 0.5702074260537643, -0.46412532519597055, -0.18741847703874034, 0.06937935244006649, 0.190148721559713, -0.00035850216943984076], [-0.05908426220057175, -0.2906078167144406, 0.5822987008996351, -0.5441299030705714, 0.04982077419166117, 0.6253453684493487, 0.30076621449623975, -0.09200041398569117, 0.6108501290537359, -0.6583177732760845, -0.08576663445826876, 0.03741138642876247], [-0.11247839919946499, -0.36539246990594354, -0.31065067823334985, -0.3288155582965321, -0.6834536365458098, -0.3203591812021933, 0.14815376880183034, 0.4874755126394771, 0.4669349345661153, 0.3593135098076785, 0.559678615936853, -0.06405089982315203]], "inverted": true, "swapped": false, "error_lsq": 0.043202657166960264, "error_max": 0.3117906509462831, "target": "102.xyz", "model": "4.xyz", "model_rescale": 3.8936222436046832, "target_rescale": 3.587780014221119},
{"mapping": [4, 6, 10, 5, 7, 8, 9, 2, 3, 1, 0, 11], "R": [[-0.4042238679717563, 0.7417041836017559, -0.5352363670282552], [-0.9125869268454805, -0.3664217896607553, 0.181439171659625], [-0.06154807480883312, 0.5617917550921002, 0.8249859746673662]], "T": [0.01554967373190897, 0.11802249249384056, -0.05032275706309601], "aligned_model": [[-0.6649095121971124, 0.5302261795634422, -0.48708063944251645, -0.09484744946002474, 0.023566568599600886, 0.2919865006789094, 0.5935700141316385, -0.5623083791688506, -0.025755361146007037, 0.12230192085850916, 0.14725805956692395, -0.038711506346468895], [-0.26758445419462185, -0.34751839665220785, 0.45546797777905657, -0.5882113603864937, 0.1666063966686568, 0.7866036306994433, 0.1883449150666598, 0.04981888471942797, 0.5335500859668905, -0.5542087715142684, 0.09213880375646145, -0.03842194209524946], [-0.18782613104812085, -0.4414600769213087, -0.23187361005990437, -0.43270617365383507, -0.6963280674436438, -0.20013853952275096, 0.15700111225476204, 0.4172099193440398, 0.3445351230373505, 0.37372659452764706, 0.8241492234686432, -0.08993385543737058]], "inverted": true, "swapped": false, "error_lsq": 0.03666669322999878, "error_max": 0.1709781355581918, "target": "102.xyz", "model": "5.xyz", "model_rescale": 3.6523030999806103, "target_rescale": 3.587780014221119},
{"mapping": [5, 11, 8, 7, 9, 10, 4, 1, 6, 3, 2, 12], "R": [[0.774373953412868, 0.5151405623360674, -0.367389685908309], [-0.6080656904899022, 0.7664201385750182, -0.20701760127025168], [0.17493169045305734, 0.38370610136239763, 0.906735094419812]], "T": [-0.07435721744326385, 0.05382712817124383, -0.004346099223656034], "aligned_model": [[-0.6737072459475096, 0.6027400181407766, -0.5774894317994037, -0.023890516032743586, 0.0416725189227056, 0.4401620338078239, 0.4638709522518297, -0.4237196008081529, -0.20512669503929543, 0.07805153588463823, 0.22013309157787675, -0.10740026532050106], [-0.2395783814759743, -0.27770459029547545, 0.3917094064685033, -0.5156181095651327, 0.27643148977934806, 0.6288103406861306, -0.002178008629537237, 0.008110116837597242, 0.6570637273360366, -0.571829282794694, 0.1676620906132687, -0.04629302914631586], [-0.14071427816346765, -0.4584331573479031, -0.29827915887539286, -0.3785162382851358, -0.6823190143556205, -0.11983327203983474, 0.18619382815512958, 0.5941777064497408, 0.1996867687889899, 0.2563574302389044, 0.685964478290244, -0.007929574310145855]], "inverted": false, "swapped": false, "error_lsq": 0.04401210402466812, "error_max": 0.21293168204961216, "target": "102.xyz", "model": "6.xyz", "model_rescale": 4.08911054899281, "target_rescale": 3.587780014221119},
{"mapping": [1, 10, 3, 11, 8, 4, 5, 2, 6, 13, 7, 14], "R": [[0.2533864640292739, -0.9492987111458082, -0.18608400485707705], [0.4691985969772552, -0.04761598747174822, 0.8818080257809324], [-0.845959795995836, -0.3107485716041145, 0.4333443766852014]], "T": [-0.019374615552507555, -0.0053603949623373046, -0.04723436819108649], "aligned_model": [[-0.6708286637193489, 0.5323156892126976, -0.3755084702490797, 0.009756014072168539, 0.08779065573673227, 0.2963314348568355, 0.6793119491783287, -0.5153473293732961, -0.21066791735313728, -0.05368038268735616, 0.17837120260529662, -0.12254778664179673], [-0.3415730155709676, -0.19499849499528513, 0.6549319974740565, -0.5134733895235123, 0.22846055152761724, 0.603831890892031, 0.2276927136256453, -0.022277107849809068, 0.37621067546897546, -0.5975332107572554, 0.12005832489360932, -0.06474516537135055], [-0.02454613939492792, -0.4702593049808127, -0.29949231215986905, -0.33964444690401663, -0.6788927750036842, -0.20867766564476758, 0.14776450981960593, 0.5882689246891151, 0.211519100094057, 0.38177494747284035, 0.6906380466939306, -0.16209736613596237]], "inverted": true, "swapped": false, "error_lsq": 0.046304030493264585, "error_max": 0.3258917068588078, "target": "102.xyz", "model": "7.xyz", "model_rescale": 3.964800864290218, "target_rescale": 3.587780014221119},
{"mapping": [4, 0, 10, 6, 3, 5, 1, 12, 8, 2, 7, 13], "R": [[0.027555857420758362, 0.7063352372139517, 0.7073409414078317], [0.18573400538598644, 0.6916700283203945, -0.697922238624435], [-0.9822135989514119, 0.1506091119194824, -0.11213091207039949]], "T": [-0.0787637313881579, 0.00808762030133564, -0.03900712128584001], "aligned_model": [[-0.4592014101346398, 0.46136404197727815, -0.4183479007252498, -0.3042621136772241, 0.19925466315463902, 0.1868199471370427, 0.5909460348429858, -0.5406953350567967, -0.05133561623070143, 0.14942190916011894, 0.10992145969679187, -0.08858928450620063], [-0.5820406066206834, -0.35933958982460135, 0.657964269109728, -0.30598434584985756, 0.029450955007103236, 0.7601390845548601, 0.10138586659492166, -0.02650736367260914, 0.6690534862051998, -0.5580631344477305, 0.007333478981836915, 0.08319366977558734], [0.006919378621128763, -0.332977538540893, -0.40978595870302886, -0.4714595497001991, -0.7084935482793243, -0.2899147293481171, 0.28642206828627415, 0.5577317813378548, 0.35269353484859256, 0.2179235388128088, 0.6474697500636752, -0.02017320885326338]], "inverted": true, "swapped": false, "error_lsq": 0.050537104783062343, "error_max": 0.2950389587445585, "target": "102.xyz", "model": "8.xyz", "model_rescale": 4.121658175737393, "target_rescale": 3.587780014221119},
{"mapping": [2, 4, 8, 1, 6, 7, 5, 3, 11, 0, 10, 12], "R": [[-0.747998178410947, -0.2543520296564146, 0.613028359950474], [0.6212562633312465, 0.05668027076596216, 0.7815548619115581], [-0.2335366788442501, 0.9654493212569782, 0.11562105223028352]], "T": [0.027236865512458915, 0.12025006313218736, -0.04880363884334953], "aligned_model": [[-0.5858125010688425, 0.5812313437716398, -0.4898889978791931, -0.09930410884902524, -0.05609718228329289, 0.2673179323360835, 0.58327513068589, -0.48983136148302014, -0.221319904873895, 0.15829450144594714, 0.17143737043516005, 0.01599417340059297], [-0.20498011367182714, -0.48006470891443864, 0.5080661021160578, -0.47699482415760175, 0.17905200885040046, 0.7490222959131533, 0.06342998855677442, -0.004187171692627861, 0.5871905414268334, -0.6011534130269379, 0.11290507232684882, 0.044299992087119974], [-0.07604803439877295, -0.39642442395216704, -0.3845608413656473, -0.3685185776988625, -0.7342084956628069, -0.0958936691010839, 0.21446586767789994, 0.5341541766895823, 0.3022208562828122, 0.23619664847463567, 0.6966043676104803, -0.09163235601056141]], "inverted": false, "swapped": false, "error_lsq": 0.03438197444576684, "error_max": 0.2171115858462751, "target": "102.xyz", "model": "9.xyz", "model_rescale": 3.833441315466971, "target_rescale": 3.587780014221119},
{"mapping": [7, 10, 6, 11, 12, 1, 13, 3, 5, 8, 2, 14], "R": [[-0.2516973268582583, 0.771488686880694, -0.5843403645714625], [0.5037832038105976, 0.6199699677651249, 0.6015311485099006], [0.8263479528689698, -0.14297707887774402, -0.5447078259992695]], "T": [-0.03671356690413205, 0.08459245333799303, -0.059535295873527995], "aligned_model": [[-0.547814023002875, 0.5806310569870248, -0.4504046169121292, -0.1572593541392704, -0.032860679456782754, 0.19247711855545566, 0.5769876858814682, -0.6574510628735178, 0.14681352558655494, 0.2107707164469251, 0.05509802431420055, -0.08169199574900989], [-0.34282658407851935, -0.37512193610574746, 0.5219371377096191, -0.4696789437020771, 0.15556078653224584, 0.7022617756015174, 0.21883728812431408, 0.024512460861238747, 0.5959854277047846, -0.6308751466120678, 0.03396713052633926, 0.04202637325210763], [-0.061342783471022566, -0.3481569149718295, -0.37389004808840864, -0.4384667047679088, -0.6578401581742788, -0.39354902455381446, 0.4314185085492844, 0.5449456429072428, 0.3432428484655258, 0.12598291156890484, 0.6515610149985003, 0.01245022608331258]], "inverted": true, "swapped": false, "error_lsq": 0.0471171964501312, "error_max": 0.30297023440115317, "target": "102.xyz", "model": "10.xyz", "model_rescale": 4.2482417240324, "target_rescale": 3.587780014221119},
{"mapping": [8, 2, 9, 3, 7, 5, 6, 10, 4, 1, 0, 11], "R": [[0.09631888526647105, -0.021349704324530844, 0.9951215315057151], [-0.28460650151679545, 0.9574375316511656, 0.04808858783634321], [-0.9537933799494496, -0.28784989684031237, 0.08614305110469919]], "T": [0.024506201507868343, -0.014613120504035432, -0.004331926616562504], "aligned_model": [[-0.4655435610298129, 0.6223023919591721, -0.5716023427918133, -0.0893319394435945, -0.1730042155114099, 0.2893593859546506, 0.5789405071454545, -0.527335199971827, 0.11088515179747105, 0.1321831202137576, -0.052433148181636476, -0.01912375450236759], [-0.37913813446327504, -0.3213326166539845, 0.5228147321026866, -0.5825952894579136, 0.12776541123163887, 0.6261084456871713, 0.22683591291969002, 0.12081105372649684, 0.7856699338675516, -0.6413921996990448, -0.11225716601298155, 0.1032956865657196], [-0.06622355278353685, -0.31468680695213497, -0.19178007623225796, -0.5722304737769762, -0.636213430986659, -0.29332126141529846, 0.22973452363612296, 0.29920344723860565, 0.33907059239690646, 0.303402083235555, 0.7429200073253012, -0.0035195331401192517]], "inverted": false, "swapped": false, "error_lsq": 0.05191849810047746, "error_max": 0.2997747371362297, "target": "102.xyz", "model": "11.xyz", "model_rescale": 3.6694154284099745, "target_rescale": 3.587780014221119},
{"mapping": [9, 12, 3, 10, 2, 1, 0, 11, 4, 7, 6, 13], "R": [[-0.6739433873853483, -0.3995430862535613, -0.6214222661174458], [0.6338435288355646, 0.11940895191814022, -0.7641883819812297], [0.37952956611157573, -0.9089041888058337, 0.1727729261729642]], "T": [0.020110220668314555, -0.04130715418738505, 0.0322789556005961], "aligned_model": [[-0.6307902590124508, 0.5350745340615737, -0.3330694787354028, -0.05793478550698053, -0.0766540646519093, 0.31556621817663943, 0.5632852045607628, -0.579085730171654, -0.10409241241551292, 0.016252890393017555, 0.0911646438736666, 0.09557963506629441], [-0.5109808828738601, -0.21831195692830002, 0.6813593491426878, -0.5050656338332826, 0.14063237353119862, 0.6106017374123621, 0.3521788173946447, 0.0354325389387047, 0.6429709345540069, -0.762161252783405, -0.043417062333608515, 0.05334680759260629], [0.011750413928527326, -0.37423003077553296, -0.2747489348216039, -0.3947641767362511, -0.5872759287577809, -0.4195993960507214, 0.27899253744610963, 0.4566654314724997, 0.2852924986250037, 0.21261144854075095, 0.5933508321763511, 0.04831082349815634]], "inverted": false, "swapped": false, "error_lsq": 0.04476428439865546, "error_max": 0.24698992386742769, "target": "102.xyz", "model": "12.xyz", "model_rescale": 3.9764082729961374, "target_rescale": 3.587780014221119},
{"mapping": [12, 0, 8, 9, 2, 7, 4, 13, 14, 5, 6, 15], "R": [[0.06728578531892683, 0.6684535517712544, -0.7407040382085212], [-0.6782738187719857, 0.5751002269320602, 0.4573886266088835], [0.7317221124596981, 0.4716244036382003, 0.4920906136378027]], "T": [-0.1421294047151896, 0.07207522429627258, -0.02335605154088325], "aligned_model": [[-0.6125286359678364, 0.40918613126437003, -0.38258106276646187, -0.02970251796018361, -0.008638348328843443, 0.44172323347589976, 0.5523053032590939, -0.5363656192101678, -0.2711547036375585, 0.29522039424389934, 0.04709143876886929, -0.06925921750303676], [-0.3589224702012992, -0.1692705678158837, 0.588232946795974, -0.46772723902845925, 0.18896188217117785, 0.4131869381933131, 0.07453803469777501, 0.02688722752456682, 0.5878864728907949, -0.5932630721539163, 0.04287707095259015, 0.14319854578712127], [-0.009973767619039266, -0.4294488019312197, -0.44218422907060023, -0.2630905343353925, -0.8010302513069625, -0.3606876309142331, 0.15999632151391463, 0.44249413716287683, 0.5733844847363355, 0.23908253263058235, 0.7162396122726167, 0.011573645406629612]], "inverted": false, "swapped": false, "error_lsq": 0.047957927318818205, "error_max": 0.28166454804159613, "target": "102.xyz", "model": "13.xyz", "model_rescale": 4.170626492500431, "target_rescale": 3.587780014221119},
{"mapping": [11, 1, 12, 9, 10, 8, 0, 6, 4, 3, 2, 13], "R": [[-0.49432065297587646, 0.7227315699833771, 0.48301777378360133], [-0.7396144425133425, -0.6416385244419985, 0.20315137306346892], [0.4567467224482086, -0.2568250020953142, 0.8517178815966947]], "T": [0.02996464275912826, 0.07537569804822522, 0.008083689949171068], "aligned_model": [[-0.5300104188551421, 0.5716610913856564, -0.4425085446788651, -0.017432672325826612, -0.05155012901062013, 0.18844834720825998, 0.6123349356238469, -0.5907311909029879, -0.04760524847551352, -0.01943857970575741, 0.22936671313553175, -0.06723790776053827], [-0.31791609428922485, -0.4236915464413238, 0.55386276502499, -0.48396539423363416, 0.15432108430853253, 0.7296121178249062, 0.11078741234147269, -0.13910900962700182, 0.7059173919041751, -0.5536796702438782, 0.09463560498040605, 0.04581110826433505], [-0.169142571031632, -0.21171465608273668, -0.28092381008210626, -0.5760374237520481, -0.5445927732246879, -0.3056262322190547, 0.13237873815044784, 0.5336522004956558, 0.3234615821295458, 0.2861525117592667, 0.6348213045463101, 0.013926647856548036]], "inverted": true, "swapped": false, "error_lsq": 0.04522854620012481, "error_max": 0.2473796410579241, "target": "102.xyz", "model": "14.xyz", "model_rescale": 3.9786697098870705, "target_rescale": 3.587780014221119},
{"mapping": [9, 5, 6, 8, 7, 10, 4, 0, 1, 2, 0, 11], "R": [[-0.10054825796615469, -0.9285749497535758, 0.35726546224077627], [0.9859279020933374, -0.14119382053245672, -0.08950126768531859], [0.13355231070184542, 0.3432387911259337, 0.9297047448370936]], "T": [-0.05362071550518883, 0.026845538758633408, -0.06744836546123469], "aligned_model": [[-0.6504497669216536, 0.55195866977921, -0.6181496367106528, -0.008955940524368634, 0.012672241145104339, 0.45099878512752317, 0.5001773740519837, -0.22450577637577696, -0.10416367708402141, 0.2942077503937455, -0.22450577637577696, -0.14398785086727223], [-0.1479909996369647, -0.3604939704495699, 0.5259973596112695, -0.4453646300034081, 0.22085329265094086, 0.6685694225175114, 0.06581966421842433, -0.05905780088213075, 0.6458265192958152, -0.6468717133296322, -0.05905780088213075, 0.06835642670363012], [-0.09277693187135573, -0.42508127845284527, -0.3113955885772376, -0.28482071976516066, -0.6958131008808162, -0.2282917833915355, 0.19082169404744675, 0.6013000912013301, 0.2063764804903544, 0.35559754081379763, 0.6013000912013301, -0.08086097626979938]], "inverted": true, "swapped": false, "error_lsq": 0.0567258938757722, "error_max": 0.37022944754778425, "target": "102.xyz", "model": "15.xyz", "model_rescale": 3.769337070930944, "target_rescale": 3.587780014221119},
{"mapping": [8, 2, 6, 5, 10, 7, 9, 0, 1, 4, 11], "R": [[0.16860715773806514, 0.8565560633004645, -0.48773285390949606], [-0.985395342596217, 0.13451594255796226, -0.10441015270282578], [-0.023825304807612024, 0.49821398175979925, 0.866726706193983]], "T": [0.05448226400506579, 0.07226788622371272, 0.03682025633378823], "aligned_model": [[-0.28374002918945146, -0.5009991225409113, -0.09411274651537338, -0.7130343974869301, 0.3237570057647368, 0.3952662073070556, 0.7538218043214522, 0.4220931632248948, 0.020071396619490707, -0.39720167590894623, -0.0032954749048464613], [-0.12103071220382475, -0.5700624748122013, 0.665658205957149, 0.32617289110737624, 0.2515224687092335, -0.42994460426700754, 0.28405045503216264, -0.4830395793673149, 0.6163381570026443, 0.010571775724314378, 0.045827914742810553], [-0.6226024577051736, 0.03808978654681262, -0.1842863455284648, -0.0578689438291906, -0.5855226858698664, -0.40178531487892477, 0.12298926929448818, 0.2327846568073459, 0.5835531872241733, 0.5706777968121928, 0.048188658350384786]], "inverted": true, "swapped": true, "error_lsq": 0.04824039668288655, "error_max": 0.23620911183996238, "target": "102.xyz", "model": "16.xyz", "model_rescale": 3.7852294659196426, "target_rescale": 3.587780014221119},
{"mapping": [2, 9, 1, 8, 0, 4, 10, 7, 5, 11, 6, 12], "R": [[0.015401329431834435, 0.7646904421452709, -0.6442137275341179], [-0.9658162373250878, -0.1553652332981715, -0.20751057804703577], [-0.2587697717488313, 0.6253880171332635, 0.7361576144109242]], "T": [-0.09871964075222757, 0.04848183339610283, -0.1243124988736581], "aligned_model": [[-0.6519528934365185, 0.5854739421436322, -0.6436167783901221, -0.03171698435056561, 0.24750943842839163, 0.1581826473720661, 0.6368071609440794, -0.4092850178560675, -0.15641667313237265, -0.07186586006955352, 0.1942362753409625, -0.0220588613558879], [-0.20836010766796864, -0.43200682255558687, 0.46939286780568446, -0.5080381438438837, 0.20636471079829455, 0.6992081449770138, 0.12129607680613956, -0.010027189345631779, 0.5989648899938563, -0.5869238884785861, 0.12287040610916196, 0.003844825215261402], [-0.07901121340548685, -0.34402043714104685, -0.13754748105555775, -0.45597809886918883, -0.6908330876360319, -0.23541230473487446, 0.19655115631677567, 0.5014293376520599, 0.23043877654857614, 0.24102367166688116, 0.7099754654274568, -0.10026026622405475]], "inverted": false, "swapped": false, "error_lsq": 0.047170331296337215, "error_max": 0.2449645175311633, "target": "102.xyz", "model": "17.xyz", "model_rescale": 3.901054581598922, "target_rescale": 3.587780014221119},
{"mapping": [9, 8, 3, 5, 2, 0, 1, 11, 7, 10, 6, 14], "R": [[-0.3881438786894086, -0.8161581950739981, -0.42805388685245643], [0.5583342036681552, 0.16128146702674115, -0.8137881821505824], [0.733217052754632, -0.5548640274943548, 0.39308862174140236]], "T": [-0.010009997113787021, -0.008148175114512012, -0.02273162230498532], "aligned_model": [[-0.5288376527829671, 0.48657299857502123, -0.32557474040363144, -0.14209005254214738, 0.04421084156738909, 0.2812227305394459, 0.5480950595678722, -0.4829469239072827, -0.04749070400842236, -0.0415845891766392, 0.1064773746384644, -0.06275794642905888], [-0.41341695361547653, -0.2539143714083754, 0.592140932860852, -0.42208171393823196, 0.15224895624695114, 0.6521595817426544, 0.3319439008339509, -0.10134735398027275, 0.5513331398810888, -0.7389571608382393, 0.13351484354373502, -0.007038031514881245], [-0.05038487201370609, -0.38800214847955644, -0.3741256591800176, -0.47139623132884567, -0.8320961649505301, -0.2565727715439512, 0.21922224730503592, 0.6131736892474089, 0.33117921191560756, 0.34790974026857097, 0.7053398210555044, -0.007891343750012016]], "inverted": false, "swapped": false, "error_lsq": 0.04089368364729796, "error_max": 0.2186859927964239, "target": "102.xyz", "model": "18.xyz", "model_rescale": 3.9405287249114394, "target_rescale": 3.587780014221119},
{"mapping": [7, 11, 8, 9, 5, 2, 10, 4, 1, 13, 12, 15], "R": [[-0.8423319008052873, 0.23980082341445844, -0.48267228424211384], [-0.1404852764438709, 0.7669139733821454, 0.6261843534724415], [0.5203276429214974, 0.5952634059985195, -0.6123076199842697]], "T": [-0.02438049800289141, 0.059281128940825795, 0.15132199154053], "aligned_model": [[-0.5497838291815145, 0.450701759522969, -0.5417932301360056, -0.13142677492601273, 0.016233160877122094, 0.42005166300775165, 0.739196531437785, -0.6605215582989453, -0.00047825987656752167, 0.10050693509606684, -0.011722946465335088, 0.004332944580729508], [-0.34600303812834776, -0.31115220227957097, 0.301371830544237, -0.39652598977275, 0.2579623086550133, 0.6429939619734379, 0.1921655371034622, -0.04419161641534537, 0.6806084642773095, -0.5976298309724267, 0.017664682285377792, 0.07932166254335805], [-0.08388351955730819, -0.24401229435548016, -0.3446097702570701, -0.45678228577008223, -0.6549899594428499, -0.3146014633589829, 0.020188886931722078, 0.4966956601806678, 0.3724564514414146, 0.21613684455871957, 0.697441868459729, 0.13231509971502836]], "inverted": true, "swapped": false, "error_lsq": 0.04524231193539529, "error_max": 0.2602710981240428, "target": "102.xyz", "model": "19.xyz", "model_rescale": 4.410303926677745, "target_rescale": 3.587780014221119},
{"mapping": [4, 0, 10, 6, 3, 5, 1, 12, 8, 2, 7, 13], "R": [[0.027555857420758362, 0.7063352372139517, 0.7073409414078317], [0.18573400538598644, 0.6916700283203945, -0.697922238624435], [-0.9822135989514119, 0.1506091119194824, -0.11213091207039949]], "T": [-0.0787637313881579, 0.00808762030133564, -0.03900712128584001], "aligned_model": [[-0.4592014101346398, 0.46136404197727815, -0.4183479007252498, -0.3042621136772241, 0.19925466315463902, 0.1868199471370427, 0.5909460348429858, -0.5406953350567967, -0.05133561623070143, 0.14942190916011894, 0.10992145969679187, -0.08858928450620063], [-0.5820406066206834, -0.35933958982460135, 0.657964269109728, -0.30598434584985756, 0.029450955007103236, 0.7601390845548601, 0.10138586659492166, -0.02650736367260914, 0.6690534862051998, -0.5580631344477305, 0.007333478981836915, 0.08319366977558734], [0.006919378621128763, -0.332977538540893, -0.40978595870302886, -0.4714595497001991, -0.7084935482793243, -0.2899147293481171, 0.28642206828627415, 0.5577317813378548, 0.35269353484859256, 0.2179235388128088, 0.6474697500636752, -0.02017320885326338]], "inverted": true, "swapped": false, "error_lsq": 0.050537104783062343, "error_max": 0.2950389587445585, "target": "102.xyz", "model": "20.xyz", "model_rescale": 4.121658175737393, "target_rescale": 3.587780014221119},
{"mapping": [5, 11, 8, 7, 9, 10, 4, 1, 6, 3, 2, 12], "R": [[0.774373953412868, 0.5151405623360674, -0.367389685908309], [-0.6080656904899022, 0.7664201385750182, -0.20701760127025168], [0.17493169045305734, 0.38370610136239763, 0.906735094419812]], "T": [-0.07435721744326385, 0.05382712817124383, -0.004346099223656034], "aligned_model": [[-0.6737072459475096, 0.6027400181407766, -0.5774894317994037, -0.023890516032743586, 0.0416725189227056, 0.4401620338078239, 0.4638709522518297, -0.4237196008081529, -0.20512669503929543, 0.07805153588463823, 0.22013309157787675, -0.10740026532050106], [-0.2395783814759743, -0.27770459029547545, 0.3917094064685033, -0.5156181095651327, 0.27643148977934806, 0.6288103406861306, -0.002178008629537237, 0.008110116837597242, 0.6570637273360366, -0.571829282794694, 0.1676620906132687, -0.04629302914631586], [-0.14071427816346765, -0.4584331573479031, -0.29827915887539286, -0.3785162382851358, -0.6823190143556205, -0.11983327203983474, 0.18619382815512958, 0.5941777064497408, 0.1996867687889899, 0.2563574302389044, 0.685964478290244, -0.007929574310145855]], "inverted": false, "swapped": false, "error_lsq": 0.04401210402466812, "error_max": 0.21293168204961216, "target": "102.xyz", "model": "21.xyz", "model_rescale": 4.08911054899281, "target_rescale": 3.587780014221119},
{"mapping": [6, 11, 0, 8, 1, 2, 14, 7, 13, 5, 12, 16], "R": [[0.02516787967564038, 0.22861750449394774, 0.973190944507599], [0.3932272671421387, -0.897287585031047, 0.20061731262549803], [0.9190967817420306, 0.37763610313119095, -0.112481462487518]], "T": [0.07624925484284815, 0.05636984393476736, 0.03154582016587079], "aligned_model": [[-0.5922951946080605, 0.4545850771607706, -0.5664131668485906, -0.1143624593991638, 0.07504294807628631, 0.3550211293268996, 0.5681864378540711, -0.5108436458658797, -0.14337293738309148, 0.1433115471980778, 0.12266141598051815, 0.043775244146206586], [-0.2475396091276893, -0.40915616239375757, 0.3835777132373837, -0.41168107177702196, 0.11357540283733014, 0.584604804154145, 0.2627276463529825, 0.09188921258336713, 0.5212199143201578, -0.6377628162353652, 0.13423104494324092, 0.09089969091898202], [-0.0959355196412898, -0.443891424106476, -0.25129586734042986, -0.443172551877123, -0.76011348163047, -0.3740499122721488, 0.3882485693831582, 0.43136639041914127, 0.44676921879943543, 0.1383706907595889, 0.7641801428058453, 0.03587926324627657]], "inverted": false, "swapped": false, "error_lsq": 0.041158824624698435, "error_max": 0.23509487764019146, "target": "102.xyz", "model": "22.xyz", "model_rescale": 4.204369325754507, "target_rescale": 3.587780014221119},
{"mapping": [7, 11, 8, 9, 5, 2, 10, 4, 1, 13, 12, 15], "R": [[-0.8423319008052873, 0.23980082341445844, -0.48267228424211384], [-0.1404852764438709, 0.7669139733821454, 0.6261843534724415], [0.5203276429214974, 0.5952634059985195, -0.6123076199842697]], "T": [-0.02438049800289141, 0.059281128940825795, 0.15132199154053], "aligned_model": [[-0.5497838291815145, 0.450701759522969, -0.5417932301360056, -0.13142677492601273, 0.016233160877122094, 0.42005166300775165, 0.739196531437785, -0.6605215582989453, -0.00047825987656752167, 0.10050693509606684, -0.011722946465335088, 0.004332944580729508], [-0.34600303812834776, -0.31115220227957097, 0.301371830544237, -0.39652598977275, 0.2579623086550133, 0.6429939619734379, 0.1921655371034622, -0.04419161641534537, 0.6806084642773095, -0.5976298309724267, 0.017664682285377792, 0.07932166254335805], [-0.08388351955730819, -0.24401229435548016, -0.3446097702570701, -0.45678228577008223, -0.6549899594428499, -0.3146014633589829, 0.020188886931722078, 0.4966956601806678, 0.3724564514414146, 0.21613684455871957, 0.697441868459729, 0.13231509971502836]], "inverted": true, "swapped": false, "error_lsq": 0.04524231193539529, "error_max": 0.2602710981240428, "target": "102.xyz", "model": "23.xyz", "model_rescale": 4.410303926677745, "target_rescale": 3.587780014221119},
{"mapping": [6, 4, 7, 5, 0, 1, 10, 14, 11, 15, 9, 16], "R": [[0.11991056144158399, -0.9890454854241882, -0.08608417402052254], [0.7916426386208254, 0.14758166486495883, -0.5928925576469517], [0.5991021532027916, 0.002946176796881861, 0.8006671780896606]], "T": [-0.0316416216978917, 0.03946333550729469, -0.043103344637450886], "aligned_model": [[-0.6248154010273117, 0.5267997187798408, -0.3558997392831069, -0.0432751514919079, -0.04836276142478021, 0.2666474510112543, 0.539380350702442, -0.44647395394030026, -0.07872083503170862, -0.1136684939993357, 0.16511803229873984, 0.048567179044218464], [-0.4359631293527853, -0.29988133525571253, 0.5607512344732906, -0.5118303159596993, 0.1671894823823376, 0.8068105105681853, 0.22767467816904619, -0.036117378478041674, 0.5109386328280717, -0.5458507220042437, -0.05393574843851607, 0.08679986088182198], [-0.039548940820113426, -0.25960469950926146, -0.29814549067219553, -0.34566243682384123, -0.7872755330299332, -0.2850481556971748, 0.20648500405917394, 0.486379121374811, 0.37667764385406777, 0.35688820169143254, 0.544248537376724, -0.11903773325818094]], "inverted": false, "swapped": false, "error_lsq": 0.044648992900547406, "error_max": 0.25067647446864466, "target": "102.xyz", "model": "24.xyz", "model_rescale": 4.28219845311461, "target_rescale": 3.587780014221119},
{"mapping": [8, 12, 3, 11, 9, 7, 13, 0, 4, 14, 2, 15], "R": [[0.7877271851366776, 0.28483217018107976, 0.546220208914484], [0.6125171074994014, -0.4566300469220091, -0.6452222820614385], [0.06564049677762215, 0.842828354457739, -0.5341644785127955]], "T": [-0.0960882591026616, -0.010741061979426356, -0.0458919671031166], "aligned_model": [[-0.6747405270177342, 0.5420201507548116, -0.4433996303234545, 0.022435240398951464, 0.08667237432225959, 0.2968955233190536, 0.4680616683330546, -0.5144656501444584, -0.17854205822221197, 0.23082163203727607, 0.12974965861059007, -0.13021198643009407], [-0.39121644767588254, -0.3380289859346564, 0.6157610731725458, -0.42599470131570105, 0.16794596675705115, 0.6339064831180857, 0.12702702785027342, 0.15932126957193748, 0.6264829511825492, -0.6386744987279458, -0.0690090768108114, 0.009064708626309509], [-0.09432842697272079, -0.31069410518977647, -0.34070585912752044, -0.3775448976381333, -0.6716260803735378, -0.2344106534540934, 0.07929297502634308, 0.6335146372864635, 0.30310015470797985, 0.23513142513086804, 0.5978332054344122, 0.016793143715223925]], "inverted": false, "swapped": false, "error_lsq": 0.03845175282522801, "error_max": 0.22156980680767263, "target": "102.xyz", "model": "25.xyz", "model_rescale": 4.100010024507729, "target_rescale": 3.587780014221119},
{"mapping": [8, 2, 9, 3, 7, 5, 6, 10, 4, 1, 0, 11], "R": [[0.09631888526647105, -0.021349704324530844, 0.9951215315057151], [-0.28460650151679545, 0.9574375316511656, 0.04808858783634321], [-0.9537933799494496, -0.28784989684031237, 0.08614305110469919]], "T": [0.024506201507868343, -0.014613120504035432, -0.004331926616562504], "aligned_model": [[-0.4655435610298129, 0.6223023919591721, -0.5716023427918133, -0.0893319394435945, -0.1730042155114099, 0.2893593859546506, 0.5789405071454545, -0.527335199971827, 0.11088515179747105, 0.1321831202137576, -0.052433148181636476, -0.01912375450236759], [-0.37913813446327504, -0.3213326166539845, 0.5228147321026866, -0.5825952894579136, 0.12776541123163887, 0.6261084456871713, 0.22683591291969002, 0.12081105372649684, 0.7856699338675516, -0.6413921996990448, -0.11225716601298155, 0.1032956865657196], [-0.06622355278353685, -0.31468680695213497, -0.19178007623225796, -0.5722304737769762, -0.636213430986659, -0.29332126141529846, 0.22973452363612296, 0.29920344723860565, 0.33907059239690646, 0.303402083235555, 0.7429200073253012, -0.0035195331401192517]], "inverted": false, "swapped": false, "error_lsq": 0.05191849810047746, "error_max": 0.2997747371362297, "target": "102.xyz", "model": "26.xyz", "model_rescale": 3.6694154284099745, "target_rescale": 3.587780014221119},
{"mapping": [6, 4, 1, 2, 0, 5, 8, 3, 7, 11, 9, 13], "R": [[0.5820842878789181, -0.7389486209012941, -0.33931227132623476], [-0.12521282862658012, -0.4937725236937469, 0.860529164173091], [-0.8034299156440612, -0.4584142564462668, -0.37994307486121226]], "T": [0.05177632197104485, 0.003604262238089573, 0.04379934996763082], "aligned_model": [[-0.6043510674040986, 0.696233916756131, -0.5354212911743866, -0.0883435860218765, 0.04271858584664181, 0.1212172523301421, 0.620269620341199, -0.5206956725379966, -0.07341578589973638, 0.0038879566654099543, 0.13234024568961397, 0.04085622104700131], [-0.10043236984222076, -0.15128902636789537, 0.47746586340065417, -0.5287598722143279, 0.07453649286310587, 0.6918647694996249, 0.23876066785261968, 0.2157399017721307, 0.5394526053059971, -0.8216302446388999, -0.11896491721322605, -0.04015810060380709], [-0.12901170263473144, -0.44221818856114586, -0.41478630152585805, -0.3550546157091147, -0.6133307126592449, -0.34019795608555875, 0.2166403955462972, 0.5730492968508266, 0.34928587025402946, 0.2737345199026317, 0.709644516589761, 0.00860039657761602]], "inverted": true, "swapped": false, "error_lsq": 0.050577213508443686, "error_max": 0.26758783037077105, "target": "102.xyz", "model": "27.xyz", "model_rescale": 4.103607728864725, "target_rescale": 3.587780014221119},
{"mapping": [0, 12, 1, 3, 2, 4, 13, 5, 7, 10, 11, 14], "R": [[0.6701725534012528, -0.6509459397024957, 0.35656434517837], [0.7006342647440065, 0.7133727489350434, -0.01452405396180332], [-0.2449089131376616, 0.25955482014729464, 0.9341578665322232]], "T": [0.016897285130074068, -0.08021729148465884, 0.16851825584612823], "aligned_model": [[-0.5548297189223254, 0.5653994714762057, -0.5301767091054584, -0.11123889735968853, 0.07592772200418005, 0.33421305525389133, 0.6122941779239962, -0.6509726909395263, -0.291498209400551, 0.10886585583201178, 0.3475471082070759, -0.07023476933176709], [-0.12693451962566737, -0.3238262735828584, 0.4771959508840232, -0.49948990020625805, 0.08140447666956457, 0.5996843214705725, 0.1699304865620469, 0.0723205168023032, 0.492849089114488, -0.5582216184099966, 0.10818782723852913, -0.01651458710299189], [-0.25649641968135917, -0.4455612443322512, -0.2706415717088092, -0.4408440755130918, -0.5468239823959847, -0.340061910760987, 0.11559224954166672, 0.42507686998658206, 0.4792728019811584, 0.31961068368236967, 0.740563218412303, 0.05666889933391245]], "inverted": false, "swapped": false, "error_lsq": 0.04643084123346799, "error_max": 0.3003126658965615, "target": "102.xyz", "model": "28.xyz", "model_rescale": 4.137296879288765, "target_rescale": 3.587780014221119},
{"mapping": [8, 10, 9, 3, 4, 6, 5, 7, 0, 2, 11], "R": [[0.5840313751926827, 0.803970093554392, 0.11197964752885506], [0.05514718742947439, 0.09833450780958358, -0.9936242309306198], [-0.8098556294236416, 0.5864830886257417, 0.013093748387990573]], "T": [-0.0023484530242371474, 0.01357854467514569, -0.11322716861565195], "aligned_model": [[0.4717569792590052, 0.18729998046596585, -0.45484082774357815, -0.45372374283307654, 0.04073359578387612, 0.4977063983019119, 0.7272910224673169, -0.2804071836958662, -0.6324281947278878, 0.0962219431650638, 0.021809040267167436], [-0.3152272583570257, -0.6596197676768991, -0.3339084224612695, 0.3478635917797041, 0.712889192070493, -0.11755065437911308, 0.36438465262075354, -0.5088078348437073, -0.004755277815824219, 0.37599243018968714, 0.05788716552115325], [0.39046695139192567, -0.16604130993753974, -0.5778304471090879, -0.33315215879817417, -0.06921329963500075, -0.5079814680381707, -0.02910266426191585, 0.3455993143892454, 0.1775813437543149, 0.6484089175802873, -0.07298115755288509]], "inverted": false, "swapped": true, "error_lsq": 0.05503444794458174, "error_max": 0.3496031557536335, "target": "102.xyz", "model": "29.xyz", "model_rescale": 3.607286011436655, "target_rescale": 3.587780014221119},
