[{"mapping": [9, 11, 7, 0, 2, 10, 12, 13, 6, 8, 4, 14], "R": [[-0.19552550414930098, -0.7123834396679382, 0.6740026796044944], [0.26237261452428184, -0.7002137734642947, -0.6639738568637972], [0.944949939613128, 0.04701602213895323, 0.32381955667836854]], "T": [-0.148271073071645, -0.024761201305624043, 0.07180051826412809], "aligned_model": [[-0.23021236932126027, 0.10002465025219007, 0.4484172518595052, 0.025715087264268188, -0.34124988467908945, -0.5972379117175297, 0.38312702050233427, -0.21641360094537537, 0.7283474391223619, 0.1664416178228839, -0.5746810809315988, -0.05463575676814114], [-0.40100059419537315, -0.6401100450925394, -0.2854859060700291, 0.623985444976885, 0.4726774745686707, -0.6131740558326869, -0.2752971889465278, -0.5343237832449969, 0.11692755904374147, 0.4915241281890714, 0.14570784384689983, -0.047875841266057755], [-0.48042796583692654, 0.03671363229712574, -0.5074036288120916, -0.1243008858044819, -0.5682533981540656, -0.061542339470884916, 0.5137238049049666, 0.551727955003599, 0.03178984397265808, 0.4803403288033777, 0.26993913877454356, 0.0396452596757422]], "inverted": false, "swapped": true, "error_lsq": 0.03878391873158369, "error_max": 0.2612532368859526, "target": "1020.xyz", "model": "0.xyz", "model_rescale": 3.751011558992144, "target_rescale": 4.161968511723119},
{"mapping": [6, 0, 11, 12, 7, 10, 4, 10, 1, 9, 13, 5, 8, 2, 14], "R": [[-0.06540208926089758, 0.17791310159536008, 0.9818704064188049], [0.08620897396319152, -0.979290644734474, 0.18318800709585822], [0.9941280498650682, 0.09662691869379628, 0.04870994821614094]], "T": [-0.016147343281415524, -0.02768310135959938, 0.06216157388477611], "aligned_model": [[-0.013149853890105576, 0.7298810163080791, -0.4989513766076218, -0.10403800873267731, 0.33034253308655204, -0.7115502898491389, -0.08421650347576981, -0.7115502898491389, 0.501800876696558, -0.6167496945147138, -0.18818729944747142, -0.31410935602249834, 0.14117141724933902, 0.33622885485347853, -0.04729262215651872], [-0.5651434723026577, 0.10175531863637104, -0.1582437528761247, 0.3865637001620038, -0.09723982184813655, -0.44668860858881065, -0.7304095437870058, -0.44668860858881065, -0.4874570190395412, 0.24279636347887695, 0.6739731948390816, 0.2604055357516109, -0.18477973139072973, 0.5257992902263098, -0.0012083002105472973], [-0.4621027773668038, 0.015343835615613824, -0.559598163156956, -0.5482890157888411, -0.49889426291458766, 0.17749966362697842, 0.4186950315764277, 0.17749966362697842, -0.01544728822982415, 0.04463170999428538, 0.13688033851394685, 0.5293977273728261, 0.6874532726604772, 0.5653775903036184, 0.02565309608471314]], "inverted": true, "swapped": false, "error_lsq": 0.04784620135405224, "error_max": 0.40533258423406965, "target": "1020.xyz", "model": "1.xyz", "model_rescale": 3.9405287249114394, "target_rescale": 4.161968511723119},
{"mapping": [10, 9, 11, 0, 5, 13, 4, 2, 6, 12, 8, 1, 14], "R": [[-0.5231264679997549, -0.49045988603481117, -0.6969847908446937], [-0.3087969506844828, 0.8713219302320244, -0.38136929234628225], [0.7943444729624963, 0.01572240717762685, -0.6072640810936165]], "T": [-0.04417414739971032, 0.04803818993814824, 0.06085262148709246], "aligned_model": [[-0.3305876325348684, 0.11597465344991867, -0.43423224153201456, 0.5323791717271791, 0.6536290877420174, -0.7404415147115484, -0.06965876479830305, 0.7676940731070268, 0.06448258914342314, -0.5497701579029217, -0.008076701386662513, -0.46797281495974, -0.037436468059575116], [0.7226023481702921, 0.48648903236083524, 0.1276885829047461, -0.304863052788886, -0.2582685650686056, 0.14723081578647768, 0.24775886831260224, 0.22753010787253208, -0.7155638070040337, -0.44202759148627174, -0.5882170633303023, -0.18518823733526715, -0.006338844822102473], [-0.10800157374239507, -0.42426589579597784, -0.4711685749325636, 0.24153504679292925, -0.2927989054141704, 0.06026122735774396, 0.5186804144418284, 0.11569528585272652, -0.381009663232412, -0.1504684855344552, 0.41634611388407305, 0.6130989542586228, -0.024783594347305885]], "inverted": false, "swapped": true, "error_lsq": 0.04507587013461638, "error_max": 0.28701231981933256, "target": "1020.xyz", "model": "2.xyz", "model_rescale": 3.932901565614263, "target_rescale": 4.161968511723119},
{"mapping": [7, 9, 5, 11, 6, 8, 0, 12, 13, 1, 3, 10, 4, 14], "R": [[-0.36364411905279953, 0.3611239770375755, -0.8586922777612934], [-0.27007432581334234, 0.8413382792898223, 0.46819841770141635], [0.8915283580541801, 0.4021683391444507, -0.20841740276428955]], "T": [0.11005512103121422, -0.11549948649027808, 0.10706903121534551], "aligned_model": [[-0.05396125754494806, 0.4231924877456285, 0.2214877683313659, -0.19518391687575132, -0.5048541279784189, -0.2631708478107146, 0.23949476958554083, -0.6192431281669792, -0.24109669601355393, -0.19351189482694925, 0.79612109090313, 0.4035573405703289, 0.35423054700681106, 0.052747777127213666], [0.03689173345443772, 0.3040627477860518, -0.5562241529171121, 0.4268059298437218, -0.4529786904906402, -0.715589477615932, -0.7729636775676685, -0.023310597937783728, 0.364214314377172, -0.2791641916894516, 0.07157231764816335, 0.5680024760878295, -0.19519451257917478, -0.11262758004912507], [-0.7351704337923456, -0.3161794496819632, -0.5994485688027005, -0.12589023666232146, -0.43894468393979924, 0.2889859759725171, -0.09438907996909483, 0.11565266544619719, 0.4828280553205865, 0.7551715078492646, 0.10410977661497516, 0.21780629487485137, 0.536220714495786, 0.023143825331144452]], "inverted": false, "swapped": true, "error_lsq": 0.04748858721948263, "error_max": 0.2797193677492257, "target": "1020.xyz", "model": "3.xyz", "model_rescale": 3.9243930471874484, "target_rescale": 4.161968511723119},
{"mapping": [1, 4, 13, 12, 11, 8, 6, 10, 9, 2, 7, 5, 14], "R": [[-0.15805881841264144, 0.6276662896435098, 0.7622679573267853], [-0.6817638173018202, 0.4890647575647411, -0.5440714661937268], [-0.7142937122361152, -0.6056820054725839, 0.3506191679110811]], "T": [-0.045899914170817166, -0.020470009492934503, -0.21969668546983867], "aligned_model": [[-0.11597226123688877, -0.2305981305775437, 0.5113873373014175, 0.30935370502368303, 0.5812711261568637, -0.4729472433580942, -0.10533944644145286, 0.4741968970435402, 0.24736510214482155, -0.6370229116797551, 0.1961061653192881, -0.4625603569206434, -0.018034096463883965], [-0.5399151486639745, 0.04232968970533508, -0.2819588237444767, -0.6419334713025017, -0.03844766067303875, -0.6119944727085986, -0.5212668644701529, 0.44126264468081294, 0.5277889660339227, 0.5225692960114416, 0.1359785329469511, 0.13902301796819863, -0.04560615210233167], [-0.7337419195030055, -0.6802255876387366, -0.5598176829411882, -0.05228570041335778, -0.0009060422283999892, -0.20457107446064524, 0.5122910376759852, -0.5058495996951354, 0.038439870262378495, 0.003992805567703067, 0.6027683191547857, 0.49218717813111756, -0.1252112885405371]], "inverted": false, "swapped": true, "error_lsq": 0.040742877347164634, "error_max": 0.20762885331417358, "target": "1020.xyz", "model": "4.xyz", "model_rescale": 3.8936222436046832, "target_rescale": 4.161968511723119},
{"mapping": [2, 9, 5, 0, 7, 11, 13, 12, 8, 4, 6, 14], "R": [[-0.7648032624249648, 0.4822810752568193, 0.42717787189092177], [0.06442945854771834, 0.7169782196973451, -0.6941117182059913], [-0.6410341758871975, -0.5033360675818412, -0.579420390058781]], "T": [-0.03020460167227905, -0.22291388491310388, 0.08136892105003463], "aligned_model": [[0.037291038095829496, -0.6419646204839092, -0.08932103064911129, 0.37657905364566063, -0.6258794419799051, -0.5790405854255966, -0.17309238678368738, -0.037809798743770925, 0.594108824351248, 0.2612495861346996, -0.01851499756934573, -0.07605759837701412], [-0.48544370391068864, -0.38514801106612495, 0.14589860286434586, -0.06024774840993807, 0.2867967155476386, 0.0036986935826738288, -0.24034460317666229, 0.3552537450640935, 0.15473495555006367, -0.6156405007534429, 0.6442144667312624, -0.13484970691341364], [-0.7065888866126919, -0.14810117098947778, -0.67116359140445, -0.4642187818266214, -0.2992337079166511, 0.37963366509915053, 0.7697779742152537, 0.5353653514949861, 0.09202234493902445, 0.18607978350698595, -0.11379344652699996, 0.05950518529701002]], "inverted": true, "swapped": true, "error_lsq": 0.042166085737251856, "error_max": 0.20483285582486682, "target": "1020.xyz", "model": "5.xyz", "model_rescale": 3.6523030999806103, "target_rescale": 4.161968511723119},
{"mapping": [13, 4, 3, 11, 9, 1, 0, 12, 8, 6, 5, 7, 14], "R": [[0.6936653654449203, -0.5758097776777843, -0.4327487269915722], [0.6164920759751203, 0.16389685816065896, 0.7701138488203882], [-0.37251292734890706, -0.8009874654548135, 0.4686717392186375]], "T": [0.053301870813777436, -0.004564336342199521, 0.18069475467548385], "aligned_model": [[0.26240488578071375, -0.1994762583662477, 0.27906719864064433, 0.6115869287779561, 0.6498165232206102, -0.42587192305637744, -0.414016796295552, 0.06521035831265051, -0.5912648193435199, -0.035793396294251684, 0.014840680988625524, 0.5738073215907278, 0.09077220070831513], [-0.6249438341803258, 0.028373789248303555, 0.5015695343355968, -0.33080002278320453, 0.3074896199134046, -0.4959733286998492, 0.4123112185022375, -0.6416831622125297, -0.19652784935782952, -0.15217433232451139, 0.5553001828181201, 0.19256670598393658, -0.014681617080165743], [0.4376635880909639, 0.6109997632298119, 0.6262838633974463, 0.027645330357842002, 0.1850939926599616, 0.4412433423939825, -0.13143853555998591, -0.18589247352512422, -0.1024716057336087, -0.6913200945403328, -0.4445212421442086, -0.48990587210383435, 0.08672968295887545]], "inverted": true, "swapped": true, "error_lsq": 0.061981624564721415, "error_max": 0.3197723571831331, "target": "1020.xyz", "model": "6.xyz", "model_rescale": 4.08911054899281, "target_rescale": 4.161968511723119},
{"mapping": [6, 5, 0, 2, 7, 3, 8, 9, 4, 1, 13, 11, 10, 12, 14], "R": [[0.0357375811012029, -0.9824116921445901, 0.18327600070559757], [-0.8734742275092799, -0.11981078613626683, -0.4718984524264479], [0.48555699889312864, -0.14322235392218974, -0.8623930415784241]], "T": [-0.04402350067201031, -0.041441380516276646, 0.08493811132509652], "aligned_model": [[-0.03999655780987472, 0.7116675552469268, -0.6628874111423267, -0.27268574075062935, 0.42523583691127737, -0.30798024832719134, -0.11802332941003627, -0.7264297536356613, 0.3224354844409801, -0.7029120222565985, -0.05642005469031724, -0.23564424413956958, 0.26401500431474323, 0.34100033871516094, -0.19174545381853136], [-0.2027232728196155, -0.13494876687583318, -0.32578402218677616, 0.34553589176492233, 0.2735853203014482, -0.7202098730243756, -0.5964471092132418, -0.32566434141727024, -0.6396671241287963, 0.26019177402617216, 0.6902156411545798, 0.20760378089953596, -0.13862815282863028, 0.436727846033926, -0.05635304722415595], [-0.3874122897541391, 0.1111798011269079, -0.5637628255858338, -0.5844658877601235, -0.44406360549654533, -0.22498382273468467, 0.4743500265835763, 0.3458908317948637, 0.016503751450397425, -0.028328896493782257, 0.06447227540700137, 0.5807092895973599, 0.7290979589056609, 0.4470330600542106, 0.15788075482398323]], "inverted": true, "swapped": false, "error_lsq": 0.0460791599944711, "error_max": 0.38495204144456424, "target": "1020.xyz", "model": "7.xyz", "model_rescale": 3.964800864290218, "target_rescale": 4.161968511723119},
{"mapping": [11, 13, 12, 9, 6, 3, 7, 1, 4, 0, 2, 5, 8, 14], "R": [[0.9360087378900536, -0.30960398219521995, 0.16743063280753356], [-0.3512133358579453, -0.8528545940991775, 0.38637835607013693], [0.023169706709480445, -0.42045738848638314, -0.907016399608192]], "T": [0.04507591957209223, -0.15860215516044704, 0.059678200066451616], "aligned_model": [[-0.16611973493000393, 0.29938947752922807, 0.44540504384417573, -0.6097213264725088, 0.18969809545389849, -0.4471377266360941, -0.4920212616752012, 0.7346764360631114, 0.22392476658075688, 0.11785783130525265, -0.4007457730392372, -0.30661767025449005, 0.6512757776950322, 0.02132395399695276], [-0.07028021348224422, -0.4675222769978371, 0.16778421971248994, -0.1925198780269412, 0.707567988025918, -0.5903674174109279, 0.4784821015007039, -0.4082717933902761, -0.564552603383178, 0.2139765708296085, -0.05774532772841004, 0.4994899135983357, 0.16361158617132268, -0.06870440323736211], [-0.5641260043721565, -0.5186994845966201, -0.46344409231798955, -0.09302055596522296, -0.07805445431716221, 0.3371590406805552, -0.19555118810160413, 0.02663143826611363, 0.29067912345755964, 0.6474596577469495, 0.7564033917057198, 0.44574689023479597, 0.30706339155065965, 0.01856788475342424]], "inverted": false, "swapped": true, "error_lsq": 0.0441515494753751, "error_max": 0.2666178894730602, "target": "1020.xyz", "model": "8.xyz", "model_rescale": 4.121658175737393, "target_rescale": 4.161968511723119},
{"mapping": [3, 4, 0, 5, 10, 11, 1, 12, 8, 13, 7, 6, 14], "R": [[-0.538021965843409, 0.8425585749759946, -0.025048193635765173], [0.8426257239378098, 0.5367902925667035, -0.04287273217833031], [-0.022677160939491632, -0.04417272394333432, -0.9987664976515535]], "T": [-0.09779580487898593, -0.07465497865247031, -0.1442398590379173], "aligned_model": [[-0.6135288292461403, -0.09978647038016467, 0.36127929429903444, 0.11959375625861654, -0.8116400858062387, -0.4270916227967664, 0.2862487493629621, 0.205977623386418, 0.6270288804287045, -0.2678841985750651, -0.25485635714504257, 0.43311001468524707, -0.08171325803636711], [-0.05795316433963312, -0.4587711126436843, 0.26588978751147496, 0.7132740335949774, -0.29992432227247645, 0.018981478582482073, -0.6968413890690276, -0.15708436689723482, -0.15808145068154938, -0.5658628148017737, 0.7038953720671297, 0.48053303144141857, 0.00233235691960669], [-0.6335573726049888, -0.4645443016462201, -0.5478219092853879, -0.33848773157140405, -0.0717050901489841, 0.4252621458014057, -0.07813584921971421, 0.5201211169880535, -0.15722428780302736, 0.3294821835022918, 0.21448441821438746, 0.3030205337856037, -0.0798184220529273]], "inverted": true, "swapped": true, "error_lsq": 0.046734485398566436, "error_max": 0.3170528371939164, "target": "1020.xyz", "model": "9.xyz", "model_rescale": 3.833441315466971, "target_rescale": 4.161968511723119},
{"mapping": [6, 3, 12, 11, 7, 1, 5, 0, 4, 10, 8, 13, 2, 9, 14], "R": [[0.6249052212162903, -0.7702788971328962, 0.1271372688409978], [-0.46623746859147114, -0.4988344227973278, -0.7306071731880776], [0.6261917337190233, 0.39728407879524397, -0.6708571184371364]], "T": [-0.1218955295306583, -0.08886722847726933, -0.028721745990700362], "aligned_model": [[0.006843360631743345, 0.7327748152035038, -0.464615421987142, -0.18570139637974653, 0.33605180371124765, -0.5505834207225772, -0.0931145745963332, -0.7100644271380764, 0.412959551932376, -0.7529100042498957, -0.16118105044190287, -0.3667007188676652, 0.20292126112031666, 0.3839133163520214, -0.04096369091951742], [-0.6114164772196953, -0.07794890912507571, -0.2083259588640862, 0.40527521870998695, 0.24991805273301013, -0.6879465667900959, -0.5287887402357146, -0.269018594457774, -0.6802110741980719, 0.43749471362866943, 0.669929136358786, -0.08182503751321443, 0.03530939709980696, 0.4691104269544476, -0.04812104261908956], [-0.4429658151617563, 0.12536018637693314, -0.5096507889479319, -0.49464999613979416, -0.37429771447478716, -0.08293955916973257, 0.484187526290707, 0.26355516881151064, -0.01626871216190011, -0.005962525504512636, 0.14518652562126155, 0.7300320798545158, 0.6003446043246904, 0.2724899304072608, -0.00032048820761197]], "inverted": true, "swapped": false, "error_lsq": 0.04518901365070931, "error_max": 0.3928257020298696, "target": "1020.xyz", "model": "10.xyz", "model_rescale": 4.2482417240324, "target_rescale": 4.161968511723119},
{"mapping": [10, 9, 2, 5, 1, 8, 4, 6, 7, 12, 11, 14], "R": [[0.35507961779340225, 0.9157404995822648, 0.18798351643831948], [-0.8820085355527006, 0.39481132199072566, -0.2572643839323978], [-0.3098054361044557, -0.0744537269232383, 0.9478803902958264]], "T": [-0.11846771727345895, 0.08341719719871402, 0.09163103736024941], "aligned_model": [[-0.7229655738618974, -0.17770663055324715, 0.38268166040373486, 0.6693129657380378, -0.39993178993983985, 0.23666742971957538, -0.34458845577489705, 0.5161147971812327, 0.3157158104729578, -0.1650260485199418, -0.36933959184497356, -0.06416897065773457], [-0.36137385183927395, -0.5625290710348195, -0.37827487944685023, -0.20003011614162222, 0.7367319493399603, 0.7131928243921352, 0.19850932573886995, 0.34261657744703045, -0.3563158629464459, 0.5458687518959359, -0.08543261590364087, 0.07316835854935994], [0.043418058184759606, -0.08856586925655274, 0.5712608962344956, 0.021761146486505595, 0.27310748072593405, 0.19042922975432236, 0.522638365214162, -0.47428175487463403, -0.5228697948791945, -0.4779471289895227, -0.5000522381359704, 0.006293899390051899]], "inverted": true, "swapped": true, "error_lsq": 0.05278703925223419, "error_max": 0.2771446715796371, "target": "1020.xyz", "model": "11.xyz", "model_rescale": 3.6694154284099745, "target_rescale": 4.161968511723119},
{"mapping": [3, 10, 11, 13, 4, 2, 0, 5, 12, 6, 7, 8, 9, 14], "R": [[0.9952912382875381, -0.046813228963352604, 0.08487563008357799], [-0.0642407641944815, 0.33713250104907, 0.9392629030000643], [-0.07258426278311758, -0.9402926131425389, 0.3325377068330865]], "T": [0.1766383920877425, 0.022466463639305864, -0.11450884665411365], "aligned_model": [[-0.18600795336394993, -0.0452113118528327, -0.02926601768911652, 0.5261824191903388, 0.4528620277001075, -0.3032638353826043, 0.12326071908722726, -0.3565005275143111, 0.48863143135066345, 0.08044481306585732, -0.5067707716092262, 0.6611032248018427, -0.437548885861416, 0.13034951833323], [-0.2923967419151962, 0.32163597845494357, 0.6534359747153714, 0.565946867219433, -0.24847562253852057, -0.6577809647186487, -0.5265071761029442, -0.2947283884552808, 0.5721276267320978, 0.24332494560367107, 0.3427548863023468, -0.19655502802608316, 0.17584949409604167, 0.07235543676902206], [-0.6389513335162756, -0.7678552613161684, -0.14639780186647022, -0.3921341293542716, -0.43142364934216143, -0.07828230681588688, 0.3160465186847867, 0.4520358592843253, 0.26096599334407866, 0.7411224413941843, 0.3212192957201775, 0.3853139300467231, -0.34358173684187515, -0.03898235976875057]], "inverted": false, "swapped": true, "error_lsq": 0.041554203094599736, "error_max": 0.2650365764459884, "target": "1020.xyz", "model": "12.xyz", "model_rescale": 3.9764082729961374, "target_rescale": 4.161968511723119},
{"mapping": [9, 10, 5, 6, 13, 0, 2, 7, 1, 4, 14, 3, 8, 11, 15], "R": [[-0.10441245000529656, -0.763788938917405, 0.6369650673869924], [0.2665191852429326, 0.595550792311187, 0.7578171136065488], [-0.9581573796518685, 0.24888895227579277, 0.1413814883700242]], "T": [-0.045006645328884334, -0.07185643737801559, -0.05336370323436902], "aligned_model": [[-0.08509445573012979, 0.7113814760283299, -0.458746975099877, -0.3210698094483282, 0.2911462555673761, -0.521842197480936, -0.0902998139575044, -0.6074079916083833, 0.3579637569035568, -0.7548451000255251, -0.030622264089804133, -0.2349693951182823, 0.20469024023787852, 0.41623480374314714, -0.12688912627316606], [-0.5660854676325232, -0.1470654945556197, -0.25085916662793895, 0.5135848746713118, 0.35786774407244737, -0.6193377009948948, -0.6919290179724381, -0.2696102692743797, -0.5500678192819614, -0.015865817805620658, 0.7156182434220332, 0.3359970469446357, -0.1300406250088555, 0.407867708823483, -0.016639694317789493], [-0.3934074645777361, 0.2081081050861937, -0.7601881993271311, -0.4592040724210169, -0.33052593241189865, -0.05312770625464687, 0.44635425479462976, 0.41099805939935785, 0.05732192095928405, -0.14748139834539536, 0.08259495316638875, 0.6579823000101384, 0.6053615067709465, 0.37984036872085414, -0.010526273651115386]], "inverted": false, "swapped": false, "error_lsq": 0.04097304610490279, "error_max": 0.3826452164696162, "target": "1020.xyz", "model": "13.xyz", "model_rescale": 4.170626492500431, "target_rescale": 4.161968511723119},
{"mapping": [0, 5, 8, 6, 4, 13, 12, 2, 3, 7, 9, 11, 10, 14], "R": [[0.21913767567519277, -0.3519806404851149, 0.9099935757044455], [-0.6242822064326995, -0.7673449350915448, -0.14647005605540464], [0.7498335854249225, -0.5359956896403565, -0.38788943638073514]], "T": [0.023326745326985143, 0.15861466884178899, -0.016381003325201246], "aligned_model": [[0.17038034366848076, 0.06864322790091879, -0.2783328845313049, -0.634628347844512, 0.3285575335071887, -0.30657098027563534, -0.7027220042295115, 0.641719758617245, 0.6876626480136236, -0.26394978727927754, 0.24559310459337108, -0.34831986137356136, 0.28005881725510384, -0.04490854593048517], [-0.3780201780236421, -0.6799534989284605, 0.011304812518527274, -0.43469131227303137, 0.454842787366061, 0.7605323428919065, 0.27126970119989485, -0.39659290837752514, 0.20628247024740182, -0.44879882824177253, 0.010556450218316443, 0.2831449528589472, 0.6017263616738431, 0.09447131479519988], [-0.440642050409954, 0.0075445066212287, -0.6643012684819154, -0.08862837650166426, -0.27949157103119643, 0.13688470667340064, -0.041088556513344296, -0.07712391418163846, 0.2327710009179474, 0.5386080147178232, 0.6016021557351188, 0.5201887157498102, 0.534365670023184, 0.023184067802066735]], "inverted": true, "swapped": true, "error_lsq": 0.04093469149751754, "error_max": 0.22494239861207496, "target": "1020.xyz", "model": "14.xyz", "model_rescale": 3.9786697098870705, "target_rescale": 4.161968511723119},
{"mapping": [3, 0, 10, 9, 4, 13, 5, 12, 11, 7, 8, 14], "R": [[0.2025403376999047, -0.8302290833115228, -0.5193236763600497], [-0.9701735299939663, -0.09798816411991712, -0.2217242462868128], [0.13319434411211156, 0.5487421880228613, -0.8253128363114363]], "T": [-0.020630034352489744, 0.09678675456037447, -0.09938239479867444], "aligned_model": [[0.11590583505776395, -0.69415854461174, 0.6441000380080025, 0.3556255429197634, -0.09838145408861992, 0.4997228132117382, -0.49967568318277805, 0.12446242361997875, 0.5313144355843945, 0.10511891424380451, -0.5832804434143607, -0.017399280580610882], [-0.26831419456912686, -0.09200736652162791, -0.009014507680122671, -0.45721865092543534, 0.3471010584411085, 0.5612084867784409, -0.532693586943472, 0.467509041232284, 0.010789666842548479, -0.5542252393411549, 0.48788872481121515, 0.05365105809978152], [-0.6941515814726456, -0.08162622849660539, -0.4348242691871273, -0.16820467832436214, -0.5253419810246792, -0.008976962282530476, 0.18362352671816018, 0.5186480017328889, 0.26047571383277757, 0.4661813580154545, 0.15154221958857028, -0.0073786252260708285]], "inverted": true, "swapped": true, "error_lsq": 0.0627754114582663, "error_max": 0.3436295273360949, "target": "1020.xyz", "model": "15.xyz", "model_rescale": 3.769337070930944, "target_rescale": 4.161968511723119},
{"mapping": [8, 2, 12, 6, 1, 4, 13, 3, 11, 7, 14], "R": [[-0.4211369005336927, -0.9052217904432747, 0.05672055284944727], [-0.26378158369324356, 0.0624058484561365, -0.9625615752681769], [0.8677920183506871, -0.4203320356398521, -0.2650622430707531]], "T": [0.05471810756990554, -0.055536116458553435, -0.011212964663821011], "aligned_model": [[-0.2644676221114763, -0.3093672954286585, -0.04379436915139921, -0.7019864438014995, 0.3724394849951935, 0.38195625591212323, 0.5569674047869837, 0.3213444467282165, 0.14872201482163605, -0.5198862466013087, -0.01930149945863993], [0.10269960161986758, -0.7982823172870358, 0.6638729617923111, 0.4100613131143065, 0.1839583965066217, -0.3082786350709244, 0.43668711073929756, -0.6427401408733954, 0.4080057836856118, 0.14131566772833742, -0.0012352443296563195], [-0.648065634870155, 0.0894099670440672, -0.12607930565707812, -0.03866893481201599, -0.6281986967926392, -0.29260329259131307, -0.0017413436333498303, 0.2884417718009053, 0.45550775222134804, 0.6137438210452701, 0.032471503468737596]], "inverted": true, "swapped": true, "error_lsq": 0.03829798045926788, "error_max": 0.2274226754069735, "target": "1020.xyz", "model": "16.xyz", "model_rescale": 3.7852294659196426, "target_rescale": 4.161968511723119},
{"mapping": [12, 7, 5, 6, 11, 9, 3, 2, 8, 1, 4, 0, 14], "R": [[-0.6271025160647717, 0.7128453915841879, 0.31399662743796886], [-0.4367431248047357, -0.6555619478347975, 0.6160308234876251], [0.644978974293758, 0.249178611137136, 0.7224348707466578]], "T": [-0.05334789835607971, 0.2284757262677514, -0.09032115506403715], "aligned_model": [[0.022508420425597905, -0.44209587569516773, 0.08766889346366045, 0.2040824111059119, -0.5629847179297983, -0.6482951799886556, -0.3738093996844663, 0.05425257273515775, 0.6384232635763685, 0.38106484101686056, 0.11194310395458627, 0.4529702821399298, -0.07196276490370215], [-0.19404557825805532, -0.5070746457866863, -0.31995397129730374, -0.6203644624192578, -0.060082729560217735, 0.14869842918042991, 0.669694967345302, 0.29113270420272785, 0.056999613017168854, 0.5269127476474573, 0.7004385713466619, 0.05416693285272972, 0.12853304543191738], [-0.687120930830924, 0.16916378295600593, 0.5302928287215314, -0.14808398591518462, -0.4042325837228619, 0.21447397349465952, 0.3661009517373319, 0.7336031834794124, -0.24699916296582086, -0.6013953230714696, -0.09892699704871663, 0.36007589240222543, -0.09119693209301541]], "inverted": true, "swapped": true, "error_lsq": 0.04992454314953633, "error_max": 0.30193239941500644, "target": "1020.xyz", "model": "17.xyz", "model_rescale": 3.901054581598922, "target_rescale": 4.161968511723119},
{"mapping": [6, 0, 11, 12, 7, 10, 4, 10, 1, 9, 13, 5, 8, 2, 14], "R": [[-0.06540208926089758, 0.17791310159536008, 0.9818704064188049], [0.08620897396319152, -0.979290644734474, 0.18318800709585822], [0.9941280498650682, 0.09662691869379628, 0.04870994821614094]], "T": [-0.016147343281415524, -0.02768310135959938, 0.06216157388477611], "aligned_model": [[-0.013149853890105576, 0.7298810163080791, -0.4989513766076218, -0.10403800873267731, 0.33034253308655204, -0.7115502898491389, -0.08421650347576981, -0.7115502898491389, 0.501800876696558, -0.6167496945147138, -0.18818729944747142, -0.31410935602249834, 0.14117141724933902, 0.33622885485347853, -0.04729262215651872], [-0.5651434723026577, 0.10175531863637104, -0.1582437528761247, 0.3865637001620038, -0.09723982184813655, -0.44668860858881065, -0.7304095437870058, -0.44668860858881065, -0.4874570190395412, 0.24279636347887695, 0.6739731948390816, 0.2604055357516109, -0.18477973139072973, 0.5257992902263098, -0.0012083002105472973], [-0.4621027773668038, 0.015343835615613824, -0.559598163156956, -0.5482890157888411, -0.49889426291458766, 0.17749966362697842, 0.4186950315764277, 0.17749966362697842, -0.01544728822982415, 0.04463170999428538, 0.13688033851394685, 0.5293977273728261, 0.6874532726604772, 0.5653775903036184, 0.02565309608471314]], "inverted": true, "swapped": false, "error_lsq": 0.04784620135405224, "error_max": 0.40533258423406965, "target": "1020.xyz", "model": "18.xyz", "model_rescale": 3.9405287249114394, "target_rescale": 4.161968511723119},
{"mapping": [4, 3, 8, 6, 1, 7, 13, 9, 12, 5, 2, 11, 14, 10, 15], "R": [[-0.08293631257173459, -0.8499121050728934, 0.5203565909139294], [0.8153349414792467, -0.35810911755296365, -0.4549580124895822], [0.5730187616998563, 0.38653237067029783, 0.7226632861602716]], "T": [-0.03399518741910788, -0.1723078373795492, 0.0009811476558389681], "aligned_model": [[-0.011825187864470128, 0.7539061141109479, -0.5874800213964878, -0.22054608672976767, 0.362381843838374, -0.5678089161530718, -0.13613974015146496, -0.7461371558201503, 0.4316634467466019, -0.6555371275365558, -0.08364621686072397, -0.31049897284327144, 0.366376038595776, 0.18805174297411975, -0.03313035726150368], [-0.7629919178112672, 0.1326953862436629, -0.05245208709818272, 0.33970921740193555, 0.1514514202516764, -0.6209103797649042, -0.5777770474203956, -0.2410004963206664, -0.4607653703198235, 0.37888653275497003, 0.6950910892301527, 0.03431838332568907, -0.21298762347737832, 0.4037796070722301, -0.13361216960580918], [-0.4294440338337682, 0.10874555504834459, -0.5005777155072794, -0.5102142681799233, -0.4156537238672026, -0.09609722749475982, 0.5268053154419208, 0.2787310034722246, -0.008680649606003107, -0.03267930043857685, -0.02090858520618781, 0.6334876404786355, 0.6626358902962579, 0.48752246552564665, 0.010428055789523629]], "inverted": false, "swapped": false, "error_lsq": 0.039374734445823595, "error_max": 0.29359749498012694, "target": "1020.xyz", "model": "19.xyz", "model_rescale": 4.410303926677745, "target_rescale": 4.161968511723119},
{"mapping": [11, 13, 12, 9, 6, 3, 7, 1, 4, 0, 2, 5, 8, 14], "R": [[0.9360087378900536, -0.30960398219521995, 0.16743063280753356], [-0.3512133358579453, -0.8528545940991775, 0.38637835607013693], [0.023169706709480445, -0.42045738848638314, -0.907016399608192]], "T": [0.04507591957209223, -0.15860215516044704, 0.059678200066451616], "aligned_model": [[-0.16611973493000393, 0.29938947752922807, 0.44540504384417573, -0.6097213264725088, 0.18969809545389849, -0.4471377266360941, -0.4920212616752012, 0.7346764360631114, 0.22392476658075688, 0.11785783130525265, -0.4007457730392372, -0.30661767025449005, 0.6512757776950322, 0.02132395399695276], [-0.07028021348224422, -0.4675222769978371, 0.16778421971248994, -0.1925198780269412, 0.707567988025918, -0.5903674174109279, 0.4784821015007039, -0.4082717933902761, -0.564552603383178, 0.2139765708296085, -0.05774532772841004, 0.4994899135983357, 0.16361158617132268, -0.06870440323736211], [-0.5641260043721565, -0.5186994845966201, -0.46344409231798955, -0.09302055596522296, -0.07805445431716221, 0.3371590406805552, -0.19555118810160413, 0.02663143826611363, 0.29067912345755964, 0.6474596577469495, 0.7564033917057198, 0.44574689023479597, 0.30706339155065965, 0.01856788475342424]], "inverted": false, "swapped": true, "error_lsq": 0.0441515494753751, "error_max": 0.2666178894730602, "target": "1020.xyz", "model": "20.xyz", "model_rescale": 4.121658175737393, "target_rescale": 4.161968511723119},
{"mapping": [13, 4, 3, 11, 9, 1, 0, 12, 8, 6, 5, 7, 14], "R": [[0.6936653654449203, -0.5758097776777843, -0.4327487269915722], [0.6164920759751203, 0.16389685816065896, 0.7701138488203882], [-0.37251292734890706, -0.8009874654548135, 0.4686717392186375]], "T": [0.053301870813777436, -0.004564336342199521, 0.18069475467548385], "aligned_model": [[0.26240488578071375, -0.1994762583662477, 0.27906719864064433, 0.6115869287779561, 0.6498165232206102, -0.42587192305637744, -0.414016796295552, 0.06521035831265051, -0.5912648193435199, -0.035793396294251684, 0.014840680988625524, 0.5738073215907278, 0.09077220070831513], [-0.6249438341803258, 0.028373789248303555, 0.5015695343355968, -0.33080002278320453, 0.3074896199134046, -0.4959733286998492, 0.4123112185022375, -0.6416831622125297, -0.19652784935782952, -0.15217433232451139, 0.5553001828181201, 0.19256670598393658, -0.014681617080165743], [0.4376635880909639, 0.6109997632298119, 0.6262838633974463, 0.027645330357842002, 0.1850939926599616, 0.4412433423939825, -0.13143853555998591, -0.18589247352512422, -0.1024716057336087, -0.6913200945403328, -0.4445212421442086, -0.48990587210383435, 0.08672968295887545]], "inverted": true, "swapped": true, "error_lsq": 0.061981624564721415, "error_max": 0.3197723571831331, "target": "1020.xyz", "model": "21.xyz", "model_rescale": 4.08911054899281, "target_rescale": 4.161968511723119},
{"mapping": [15, 9, 1, 8, 5, 2, 3, 4, 14, 0, 6, 7, 12, 10, 16], "R": [[-0.3053152937515897, -0.9022803521360818, -0.3044219728445513], [0.27575742629140754, -0.38976371672526516, 0.8786592553257755], [-0.9114496218916982, 0.184321488909176, 0.36781133136403643]], "T": [-0.0732000612103951, -0.06698191672319856, -0.00029141509325129183], "aligned_model": [[0.055098040153833905, 0.6368985814709307, -0.5745557854872234, -0.15500640393519846, 0.45997869180054907, -0.501074389869772, -0.18992894270510802, -0.6395740317335504, 0.2575288569073284, -0.7728003547255254, -0.298151879658626, -0.16033364471557765, 0.33168076227742094, 0.4087958493676208, -0.1089259454987504], [-0.6295274386383382, -0.08780982754386307, -0.0964641092524882, 0.3808242403237865, 0.32077524010813996, -0.61457620018729, -0.7582969583600608, -0.36645881354155907, -0.580788673549826, 0.22426213974336293, 0.6435195074514183, 0.3612997242333549, -0.1576943847104233, 0.4981909495010598, -0.06382085111538355], [-0.44592484163768203, 0.05331574259584653, -0.6149227023904097, -0.5233013443114987, -0.2514763242974846, -0.19604097183601485, 0.5122870713125813, 0.27507434104508904, 0.19577894295978696, 0.16038131770768235, 0.011896044611059801, 0.5607600644115629, 0.6102921360752844, 0.31497828323638916, 0.03100266243666039]], "inverted": true, "swapped": false, "error_lsq": 0.042072190158044434, "error_max": 0.28087336555666137, "target": "1020.xyz", "model": "22.xyz", "model_rescale": 4.204369325754507, "target_rescale": 4.161968511723119},
{"mapping": [4, 3, 8, 6, 1, 7, 13, 9, 12, 5, 2, 11, 14, 10, 15], "R": [[-0.08293631257173459, -0.8499121050728934, 0.5203565909139294], [0.8153349414792467, -0.35810911755296365, -0.4549580124895822], [0.5730187616998563, 0.38653237067029783, 0.7226632861602716]], "T": [-0.03399518741910788, -0.1723078373795492, 0.0009811476558389681], "aligned_model": [[-0.011825187864470128, 0.7539061141109479, -0.5874800213964878, -0.22054608672976767, 0.362381843838374, -0.5678089161530718, -0.13613974015146496, -0.7461371558201503, 0.4316634467466019, -0.6555371275365558, -0.08364621686072397, -0.31049897284327144, 0.366376038595776, 0.18805174297411975, -0.03313035726150368], [-0.7629919178112672, 0.1326953862436629, -0.05245208709818272, 0.33970921740193555, 0.1514514202516764, -0.6209103797649042, -0.5777770474203956, -0.2410004963206664, -0.4607653703198235, 0.37888653275497003, 0.6950910892301527, 0.03431838332568907, -0.21298762347737832, 0.4037796070722301, -0.13361216960580918], [-0.4294440338337682, 0.10874555504834459, -0.5005777155072794, -0.5102142681799233, -0.4156537238672026, -0.09609722749475982, 0.5268053154419208, 0.2787310034722246, -0.008680649606003107, -0.03267930043857685, -0.02090858520618781, 0.6334876404786355, 0.6626358902962579, 0.48752246552564665, 0.010428055789523629]], "inverted": false, "swapped": false, "error_lsq": 0.039374734445823595, "error_max": 0.29359749498012694, "target": "1020.xyz", "model": "23.xyz", "model_rescale": 4.410303926677745, "target_rescale": 4.161968511723119},
{"mapping": [6, 2, 13, 7, 0, 14, 15, 9, 5, 11, 1, 10, 4, 3, 16], "R": [[-0.8203844574187085, -0.32500892292035205, -0.4704663027762603], [0.5513833453372387, -0.23167628681189578, -0.8014377733884069], [0.1514785414193262, -0.9168943767693228, 0.3692681320372348]], "T": [-0.15024670102078377, -0.09849750835188108, 0.03439758914407402], "aligned_model": [[-0.11072527346060476, 0.7324865087250033, -0.3474222430214178, -0.23219517775108134, 0.4386838283816089, -0.6881509164963941, -0.2745724144623295, -0.5697901188882368, 0.3403585132551957, -0.7248067874024674, -0.182461417712351, -0.2954289427659079, 0.327123654428246, 0.4194477307163542, -0.08291753989726494], [-0.7328421890541669, 0.08667419194153404, -0.30219672112092294, 0.3203906750702743, 0.23969416967145385, -0.481134457440907, -0.7667836579155903, -0.29205670686401314, -0.4920724804719312, 0.16707600505822423, 0.7589749060043542, 0.1967659184237342, -0.1252980040917087, 0.5002940899992439, -0.004051194747689016], [-0.38266712116850793, 0.1736364953474967, -0.6088869980979691, -0.4752572289761596, -0.29601583603678316, -0.11526205865734797, 0.25177037979026196, 0.45740839376237313, 0.03709915792062046, 0.04293589827688388, 0.028183072517043037, 0.596114218563389, 0.5296587830182931, 0.3895705904066497, 0.06581267525260956]], "inverted": false, "swapped": false, "error_lsq": 0.03873098568504, "error_max": 0.25700926076008745, "target": "1020.xyz", "model": "24.xyz", "model_rescale": 4.28219845311461, "target_rescale": 4.161968511723119},
{"mapping": [8, 3, 6, 0, 1, 10, 11, 14, 5, 2, 4, 13, 9, 7, 15], "R": [[-0.027109734489198622, -0.9688116557578962, -0.2463108563656286], [0.695587359518704, 0.15868147612034478, -0.7006985189181336], [0.7179298625727466, -0.1903264690050036, 0.6695913288136017]], "T": [-0.08429714340621759, -0.044756334561361515, 0.14828642648408158], "aligned_model": [[-0.023613209644646707, 0.6344719987349063, -0.6216672999929767, -0.27076967884264863, 0.33545392655974887, -0.45076767859107963, -0.15052019230606428, -0.7856222894221583, 0.46740083275477645, -0.6579725040091022, 0.08422970855827024, -0.3333384629816908, 0.3709821341502296, 0.2523915964200984, -0.10102947773931065], [-0.4998721349579195, 0.22371310819903745, -0.20332136149369678, 0.3804189548245005, -0.04511143477461437, -0.708294241480733, -0.5380245523488323, -0.3263069925357661, -0.663673049179996, 0.3122349321422426, 0.6445442954306166, 0.2542520753224117, -0.20879667447751782, 0.4529417658254682, -0.0012701460333112424], [-0.37241802456415535, 0.04179500209010348, -0.5576084537954766, -0.522540033086025, -0.3351246946260313, -0.08649349546466334, 0.36914394698944125, 0.24324374033893204, -0.046269797728048734, 0.037679733547234404, -0.028099272157598776, 0.5971615192436255, 0.6201817858453929, 0.642738951096641, 0.09070951418948131]], "inverted": false, "swapped": false, "error_lsq": 0.044737610493086076, "error_max": 0.29754396958449886, "target": "1020.xyz", "model": "25.xyz", "model_rescale": 4.100010024507729, "target_rescale": 4.161968511723119},
{"mapping": [10, 9, 2, 5, 1, 8, 4, 6, 7, 12, 11, 14], "R": [[0.35507961779340225, 0.9157404995822648, 0.18798351643831948], [-0.8820085355527006, 0.39481132199072566, -0.2572643839323978], [-0.3098054361044557, -0.0744537269232383, 0.9478803902958264]], "T": [-0.11846771727345895, 0.08341719719871402, 0.09163103736024941], "aligned_model": [[-0.7229655738618974, -0.17770663055324715, 0.38268166040373486, 0.6693129657380378, -0.39993178993983985, 0.23666742971957538, -0.34458845577489705, 0.5161147971812327, 0.3157158104729578, -0.1650260485199418, -0.36933959184497356, -0.06416897065773457], [-0.36137385183927395, -0.5625290710348195, -0.37827487944685023, -0.20003011614162222, 0.7367319493399603, 0.7131928243921352, 0.19850932573886995, 0.34261657744703045, -0.3563158629464459, 0.5458687518959359, -0.08543261590364087, 0.07316835854935994], [0.043418058184759606, -0.08856586925655274, 0.5712608962344956, 0.021761146486505595, 0.27310748072593405, 0.19042922975432236, 0.522638365214162, -0.47428175487463403, -0.5228697948791945, -0.4779471289895227, -0.5000522381359704, 0.006293899390051899]], "inverted": true, "swapped": true, "error_lsq": 0.05278703925223419, "error_max": 0.2771446715796371, "target": "1020.xyz", "model": "26.xyz", "model_rescale": 3.6694154284099745, "target_rescale": 4.161968511723119},
