[{"mapping": [2, 5, 1, 8, 7, 10, 4, 9, 0, 12, 11, 13], "R": [[-0.7485747468115251, 0.26782612201949235, 0.6065517428876626], [-0.3250561727165024, 0.6490816009953042, -0.6877728984397918], [-0.5779051245792517, -0.7120128114109835, -0.39882756094792016]], "T": [0.10819372643211266, -0.10998135438307574, 0.11793560206011593], "aligned_model": [[0.07730264387630227, 0.07629247284281997, 0.6077541928697036, -0.1766903714129101, -0.2521311705261712, -0.6039553975292913, 0.20306823150277467, -0.27113585467613477, 0.5129345457362001, 0.21470986777111234, -0.5538510932592587, 0.0033443952654018394], [-0.1938985377275278, -0.69428877369556, -0.3829279183336399, 0.6579793807486953, 0.395764474795095, -0.49474217223471073, -0.4579901894730607, -0.49007648689938776, 0.26740436765426623, 0.40733822739456704, 0.12269418503777521, -0.0837015212894548], [-0.5300005129001973, -0.07118416512151692, -0.3978145636724015, -0.008603562320693495, -0.6693831629144583, 0.015051136851193678, 0.5021593738908846, 0.7415758021665828, -0.31548162580917116, 0.4266154026427547, 0.4560203922461144, 0.03299723029447074]], "inverted": true, "swapped": true, "error_lsq": 0.05774109161995928, "error_max": 0.3500586670105781, "target": "1022.xyz", "model": "0.xyz", "model_rescale": 3.751011558992144, "target_rescale": 4.04850365166299},
{"mapping": [0, 1, 7, 12, 4, 6, 8, 3, 13, 10, 11, 9, 5, 14], "R": [[-0.9540752490969359, -0.24210855224085798, -0.17641957939088132], [-0.03305877831171612, -0.5002256581486887, 0.8652637794951594], [-0.29773736117114447, 0.8313589717213299, 0.4692491064469878]], "T": [-0.0369142114653367, -0.08821657364896271, 0.06194060768614064], "aligned_model": [[0.016134638482978317, 0.023038648301866388, -0.5251610362283192, -0.6997193934537024, 0.3882799976048243, -0.48462010453700644, 0.619619065429465, -0.2740076006729985, -0.07610356061291243, 0.020489276857333996, -0.7048299864667911, -0.1796734057118931, 0.34003837820256777, -0.08074637064884363], [-0.7426277278365162, -0.18951414097205535, -0.3295095461826354, -0.31242409652098424, 0.43125192840205895, 0.23596568507658958, -0.08238137518744118, -0.7949510586730556, -0.4070112098749952, 0.7171783686726269, 0.340036739010639, 0.19460313620058442, -0.02866901681217407, -0.08297659032836677], [-0.3181072567909017, -0.6249582254006494, -0.31630503116773145, 0.3117312830408712, -0.35631329828471325, -0.44618441797844743, -0.034745787057696195, 0.22843079353662615, 0.7133516707849182, 0.20511034799481365, 0.14690299128594225, 0.6397143051776288, 0.5563563038498548, 0.09442286191024085]], "inverted": false, "swapped": false, "error_lsq": 0.04652362481068474, "error_max": 0.3007622697948461, "target": "1022.xyz", "model": "1.xyz", "model_rescale": 3.9405287249114394, "target_rescale": 4.04850365166299},
{"mapping": [0, 6, 12, 5, 4, 8, 2, 1, 9, 11, 10, 3, 13], "R": [[0.096798285474273, 0.40820867159343566, -0.9077421287817175], [0.4400773296670266, -0.8355847048509304, -0.3288314840953084], [-0.8927273020594703, -0.36764640819013383, -0.2605265489398598]], "T": [0.015418387495952632, -0.008639235237394564, -0.06023249094947587], "aligned_model": [[-0.0936909411293209, 0.22912758645619108, -0.3783936432992549, 0.5031788516633074, 0.35675198745556286, -0.7877486616262965, 0.08154019837424502, 0.5141572842061009, 0.13696873730972187, -0.5295039349114126, -0.018787080535388676, -0.45794023091509933, -0.059676873764425056], [0.673787815460022, 0.4368706984519069, 0.16348623736523843, -0.2117731220878469, -0.2783186527993515, 0.18931984300870455, 0.23524829565972716, 0.4853327079211275, -0.7629258759158358, -0.5595862881709258, -0.6728203497975584, -0.20437247246289203, -0.03541624306029858], [0.06811891070183217, -0.6212970865369127, -0.49558678738670797, 0.25445066746751477, -0.3577280592106024, -0.008563403716294951, 0.5430620806412864, 0.25171294038975706, -0.36612056886257077, -0.13935001546898707, 0.4124998941401812, 0.5201621594610849, 0.051759617969063046]], "inverted": false, "swapped": true, "error_lsq": 0.04743127123443651, "error_max": 0.30742786608067313, "target": "1022.xyz", "model": "2.xyz", "model_rescale": 3.932901565614263, "target_rescale": 4.04850365166299},
{"mapping": [9, 12, 5, 4, 10, 6, 11, 7, 7, 1, 2, 0, 3, 13], "R": [[0.2663116470540514, 0.8581894150530534, 0.43884967190856683], [0.7396855368608324, 0.10996270319409457, -0.6639077574973425], [-0.6180157062747362, 0.5014171235579673, -0.6055059495996662]], "T": [0.00838990183883992, -0.06351651058144975, 0.12405566058678907], "aligned_model": [[0.09893513391430014, -0.046141852061775734, -0.45233166623772403, -0.8270833678017232, 0.21280418803326306, -0.41805866230518984, 0.859349632722658, -0.21543481910494544, -0.21543481910494544, 0.027653436632212897, -0.6410751364265511, -0.26331778386546345, 0.2837904667726532, -0.020916204620200014], [-0.7154326074149457, -0.19929723914559155, -0.43024007696021654, -0.13484007397384945, 0.3086321320326873, 0.17146183092598843, 0.10547966980069157, -0.6856980541924835, -0.6856980541924835, 0.6699389332385919, 0.45382112461216234, 0.2134931246961283, -0.04937969383837387, -0.07326992061403015], [-0.20244074525349937, -0.6254239533632161, -0.28831449864660785, 0.3692571482635416, -0.45288942146289124, -0.3551301716783851, -0.08811532187267745, 0.3933791991632942, 0.3933791991632942, 0.2262351549590169, 0.1930251354399085, 0.6703073650560765, 0.5537534117185914, 0.012384039414310974]], "inverted": false, "swapped": false, "error_lsq": 0.05870796662886608, "error_max": 0.3875624581273416, "target": "1022.xyz", "model": "3.xyz", "model_rescale": 3.9243930471874484, "target_rescale": 4.04850365166299},
{"mapping": [8, 12, 7, 3, 2, 12, 11, 0, 5, 4, 10, 9, 13], "R": [[0.7546286107333886, 0.5541607317610335, 0.3513424870929671], [-0.2615834024459815, -0.23698828216056264, 0.9356338373976056], [0.6017555844588229, -0.797961426068116, -0.033878888410911606]], "T": [-0.06564973895496105, 0.13697353676687293, -0.13786758206039643], "aligned_model": [[0.017411937000071945, -0.45280407343849444, 0.707603596922298, 0.4391661425293838, 0.5803259266158425, -0.45280407343849444, -0.2888287677460747, 0.2247784855702692, 0.19878536439108602, -0.4136657697403754, 0.22801884531757005, -0.5455692304850269, 0.03478750281329712], [-0.602683366274001, -0.17340343608289663, -0.43352059546411503, -0.4114566858095142, 0.20962940055318172, -0.17340343608289663, -0.5100975128369957, 0.1744996710485512, 0.5409190946389879, 0.43079919112466536, -0.0818833612475556, 0.10903256087192872, 0.04939802924224765], [-0.502481382955015, -0.4956749511283186, -0.4243975742512748, 0.0709937326199147, -0.21035293685447298, -0.4956749511283186, 0.2339290735895407, -0.776873719016438, 0.2430539308222048, 0.12725607778635264, 0.5912708792053976, 0.5301046655448065, -0.10408252886341479]], "inverted": true, "swapped": true, "error_lsq": 0.06099410439009393, "error_max": 0.4057800866300511, "target": "1022.xyz", "model": "4.xyz", "model_rescale": 3.8936222436046832, "target_rescale": 4.04850365166299},
{"mapping": [7, 0, 8, 3, 12, 6, 1, 4, 10, 2, 11, 13], "R": [[-0.9298218780449116, 0.36785158336541157, -0.010792947910262307], [0.29099241437728385, 0.7528654969001577, 0.5903532487859774], [0.22528801540231363, 0.5457827005254369, -0.8070728306189279]], "T": [-0.11246267423436959, 0.08302180679827552, 0.15698384946822347], "aligned_model": [[0.11435418842793091, -0.5171319237076272, -0.27374700301580135, 0.39889795607259715, -0.566463752557928, -0.8065954434576809, -0.21215577394494461, -0.10384773764567343, 0.6885177956593211, 0.13915548058571683, 0.18705630301070106, -0.020492047211514416], [-0.5275616171996593, -0.45811242349872705, 0.07069022311299249, -0.08674138766924823, 0.3428411731021068, 0.11784013975081847, -0.575664763109311, 0.4074695065197808, 0.22522296563426747, -0.5162623699162252, 0.6298326609863456, 0.03936879739666637], [-0.6053977517861562, -0.03667087098575536, -0.6558938149835885, -0.39882960447134547, -0.1602311803122149, 0.4325044213654045, 0.5394129387728392, 0.5721930748786794, 0.09380480097298376, 0.08374218498441618, -0.3099517427629271, 0.0646022636031821]], "inverted": false, "swapped": true, "error_lsq": 0.043279428561648764, "error_max": 0.2835882074149935, "target": "1022.xyz", "model": "5.xyz", "model_rescale": 3.6523030999806103, "target_rescale": 4.04850365166299},
{"mapping": [10, 11, 9, 5, 4, 3, 12, 2, 8, 0, 6, 1, 13], "R": [[0.12002663341340591, -0.505751851428106, 0.8542884009797198], [-0.9120182219173767, -0.3961165262867901, -0.10636945281965499], [0.39219430154211826, -0.7663594211461939, -0.5087994373604989]], "T": [0.10402785542687143, 0.04223462124526523, -0.009576260396913075], "aligned_model": [[0.26799150152425066, -0.3289290878898552, 0.3246997957856387, 0.6620600727194642, 0.44490642850501716, -0.2337569486400729, -0.3741641324399637, 0.20749008051869935, -0.7063658234158873, -0.11612146257758937, 0.14406990547732398, 0.5367300142988561, 0.05247256079841286], [-0.4533557553160925, 0.01726200220880312, 0.336260207444982, -0.20087849191989762, 0.37884362313657166, -0.6104723978523379, 0.4178301664666454, -0.534758386085607, -0.1250088751999921, -0.07710330542777816, 0.6448563546019752, -0.17181858424191776, -0.08082965365217135], [0.6175509805298426, 0.6374687371205481, 0.7267274741131019, 0.0781460016217652, 0.2100493440186461, 0.23355499091843412, -0.07672435414424995, -0.29973518095963547, -0.056762044482385046, -0.6663702497589028, -0.4502438038712169, -0.6070783832224871, 0.02352622759832841]], "inverted": true, "swapped": true, "error_lsq": 0.05061321406444562, "error_max": 0.2901663344144842, "target": "1022.xyz", "model": "6.xyz", "model_rescale": 4.08911054899281, "target_rescale": 4.04850365166299},
{"mapping": [1, 13, 11, 8, 7, 12, 2, 9, 3, 5, 10, 4, 6, 14], "R": [[-0.6832261194494262, 0.1529899851853227, 0.714000093932118], [-0.024054109636869353, -0.9819900258861152, 0.18739527440617237], [0.7298105709782889, 0.11085870959551135, 0.6746012726012027]], "T": [-0.11031383617657942, -0.07689602462573943, 0.05678462464220237], "aligned_model": [[0.10123358266694141, 0.08677569096601023, -0.5223651128108198, -0.6186087111117398, 0.4580067606470468, -0.36273158894642465, 0.6420993409196345, -0.40199872317508556, 0.03776974344638595, -0.19147839340396275, -0.7717476341122982, -0.20452545192888422, 0.3084566429578246, -0.1781475995680595], [-0.7157518389988317, -0.05184953398560646, -0.27184703604447424, -0.19135443732378252, 0.4246142447116066, 0.31963509474587803, -0.2638561237960791, -0.7808725543656666, -0.3643572163941437, 0.6718840023088319, 0.2046786557675057, 0.2610886748566375, -0.06555791740814006, -0.22748291909945995], [-0.234860702558033, -0.6477882345774439, -0.31299762415844207, 0.49688071092595715, -0.1006577886798469, -0.4789860982119962, -0.16471001534137117, 0.24088861748263113, 0.7792033072210176, 0.17185858128432754, 0.0068253531127257724, 0.6681274123443248, 0.32816203634726565, 0.047460985709640496]], "inverted": true, "swapped": false, "error_lsq": 0.05034871736648246, "error_max": 0.29371793604960755, "target": "1022.xyz", "model": "7.xyz", "model_rescale": 3.964800864290218, "target_rescale": 4.04850365166299},
{"mapping": [10, 3, 6, 4, 1, 0, 5, 11, 9, 1, 2, 7, 8, 13], "R": [[-0.19784670940961857, -0.8629133841379877, 0.4650130869677883], [0.4680326652344935, -0.4999817898558621, -0.7286725149791404], [0.8612793413575429, 0.07347585513659932, 0.5027914029323323]], "T": [-0.18604268112509506, -0.10093872091298471, 0.059951149753594474], "aligned_model": [[0.3440298138305664, -0.07786757421242378, -0.5461826619045156, -0.8608487312031473, 0.09093311071774987, -0.3800011426144672, 0.6135618406540176, -0.5005851826963369, 0.08312505283537688, 0.09093311071774987, -0.666366308024047, -0.14118530194975756, 0.450313660374712, -0.11712113997890874], [-0.7218392570052051, -0.17185856227709, -0.4115122497764096, -0.25831837657120965, 0.5963418069017815, 0.31971212572802693, -0.17518203364119417, -0.8370065123057508, -0.5272332436349548, 0.5963418069017815, 0.3521295157254946, 0.3718853826624689, -0.06492928233237265, -0.11956002540109147], [-0.03299876890750755, -0.6536532350757935, -0.27223720132461027, 0.18226972469950348, 0.07423986683334044, -0.4864848967876447, -0.1728390180669527, 0.2753590086472782, 0.5286498138016656, 0.07423986683334044, 0.11120653138350159, 0.5903079613185086, 0.489848240198937, 0.09149864734719056]], "inverted": false, "swapped": false, "error_lsq": 0.04671451551471145, "error_max": 0.27922008325878545, "target": "1022.xyz", "model": "8.xyz", "model_rescale": 4.121658175737393, "target_rescale": 4.04850365166299},
{"mapping": [0, 1, 2, 7, 6, 12, 5, 11, 10, 4, 8, 3, 13], "R": [[-0.9448005720235723, 0.32750795972195473, -0.00950870247160332], [-0.26471239215803183, -0.7459017459302766, 0.6111938602899557], [0.19307829640304836, 0.5799733801968224, 0.7914238116971013]], "T": [-0.10749951680822847, -0.18122735761212241, 0.025594229338309314], "aligned_model": [[-0.4882910362946271, -0.19482964534580025, 0.1661811931041797, 0.16000063227835185, -0.8094538380317566, -0.5615229407404992, 0.28503528961054747, 0.18550563192737804, 0.6895772889908951, -0.12088922039744264, -0.24673117828017788, 0.4238447562155826, -0.011689436601433845], [0.16909597803982954, -0.36192623469436935, 0.046783541022040825, 0.7123708081074269, -0.4312175395904914, 0.06695148758244349, -0.5644177325904913, 0.10471262684660279, -0.1879821797183494, -0.6702572215004753, 0.6081920984717704, 0.38170033736450626, -0.08361852992873334], [-0.4501756589558293, -0.7158773374285547, -0.5229743268492306, -0.3423863424878631, -0.0353093254660227, 0.3519658712785855, -0.2523998332902472, 0.6882622332303369, 0.19996570902911215, 0.22157824888093994, 0.2362272439188062, 0.03044250295759051, 0.011756449141465307]], "inverted": false, "swapped": true, "error_lsq": 0.046090885197085034, "error_max": 0.25383563560638445, "target": "1022.xyz", "model": "9.xyz", "model_rescale": 3.833441315466971, "target_rescale": 4.04850365166299},
{"mapping": [12, 1, 0, 8, 4, 5, 6, 10, 11, 3, 2, 9, 7, 14], "R": [[0.12324858676203564, 0.4041199103102913, -0.9063646528588607], [-0.9458422851057151, 0.32423447009250855, 0.015949298098330233], [0.3003200918472825, 0.8553122859486074, 0.4221951396430417]], "T": [-0.10243851061138645, -0.12914189403279075, 0.013994293682523314], "aligned_model": [[0.23269512552723928, 0.03510673400934358, -0.482574674222631, -0.5691595299245555, 0.3123574709100979, -0.348830337805611, 0.5035731836013644, -0.55442644269813, 0.0701181867648181, 0.061548632388642416, -0.5710211751774207, -0.40535984686986826, 0.21331162627290665, -0.114600406229627], [-0.6126834068288185, -0.3541163528864206, -0.4356939959489609, -0.2826829710830905, 0.4836320521650178, 0.255923682449842, -0.0777461034855588, -0.7884876333450666, -0.5358183370412912, 0.6578813630896458, 0.4083618249812019, 0.28863495170104736, 0.00046009753714540413, -0.05869407633041755], [-0.11597919839261012, -0.6759888448502708, -0.4607111598666954, 0.6191025403345173, -0.28326815713330467, -0.48445406950768694, -0.2882272595467787, 0.20563001273971668, 0.5337784199658694, 0.34266503991149794, 0.1043839692099694, 0.6397828344379252, 0.5861998088783072, 0.07649260472030048]], "inverted": false, "swapped": false, "error_lsq": 0.04793946950582122, "error_max": 0.30971962377962553, "target": "1022.xyz", "model": "10.xyz", "model_rescale": 4.2482417240324, "target_rescale": 4.04850365166299},
{"mapping": [8, 0, 6, 1, 11, 9, 12, 5, 2, 10, 3, 13], "R": [[0.18058354096346543, 0.3331767181180242, -0.9254095629704718], [-0.25050382940756266, 0.9254300435200012, 0.2843010130173937], [0.9511242906083536, 0.18047855566430093, 0.25057947793082475]], "T": [0.08195092384698037, 0.06983505355936534, 0.05839891296781013], "aligned_model": [[-0.6973520599602631, 0.03999198089235896, 0.3651282339782596, 0.6162190922221528, -0.5141258716448177, 0.1362626166211796, -0.2726205873142318, 0.5317361300965084, 0.14763840394340233, -0.04216518108631684, -0.4336959140650573, -0.00025124132016822454], [-0.21008410861887308, -0.6317851923084866, -0.23805477072836614, -0.4246512791663666, 0.5711854464659343, 0.8767002882503951, -0.0529129054293828, 0.25485359897410015, -0.2771612755287307, 0.6253427418785532, 0.10522351749944958, 0.06747532876241294], [0.09399276223783412, 0.06575317139091028, 0.6780428996929697, -0.1867531028537563, 0.06749906069922662, 0.21107200532588194, 0.5415763538536961, -0.3179792780511489, -0.4921428786064251, -0.5262282123083265, -0.5178769126359265, -0.05176357889057879]], "inverted": false, "swapped": true, "error_lsq": 0.03780135905283084, "error_max": 0.2118731280731831, "target": "1022.xyz", "model": "11.xyz", "model_rescale": 3.6694154284099745, "target_rescale": 4.04850365166299},
{"mapping": [7, 10, 12, 0, 8, 2, 9, 5, 6, 3, 1, 4, 11, 13], "R": [[-0.4470055897890165, -0.06976564102469962, -0.8918064577192669], [-0.6095008454174554, -0.7059617053307584, 0.36073091084892484], [-0.6547478309492755, 0.704805523487792, 0.27304661127419033]], "T": [-0.11527357019483003, -0.1472793066512187, 0.05888243174321347], "aligned_model": [[0.21610012935427575, 0.023290885812373513, -0.6069699119753981, -0.6842445026668189, 0.33754913133357484, -0.2620116908761143, 0.6374356921804523, -0.40770735629641797, -0.03115566037655522, -0.16495769807403005, -0.7480332175337681, -0.2064611157793968, 0.49456803387409737, -0.21466417242970598], [-0.7686742545831337, -0.2549589058920603, -0.32858494041389635, -0.22480047794244637, 0.4259600416575784, 0.32668502391584664, -0.18303625921279676, -0.8859544624493997, -0.44734665646549665, 0.702681867607702, 0.4143470866432045, 0.302014365660554, -0.009774213543046917, -0.11958712000833434], [-0.17823591086523155, -0.5516368412918005, -0.37370452473144683, 0.4843238618238415, -0.13846523569198257, -0.36554578442691293, -0.2183114959825875, 0.17469386222183975, 0.5308343321281048, 0.1867354344166001, 0.03310420146720738, 0.6398287952753009, 0.45158361104246775, 0.12420223551535614]], "inverted": true, "swapped": false, "error_lsq": 0.03969507903897539, "error_max": 0.20950759964891388, "target": "1022.xyz", "model": "12.xyz", "model_rescale": 3.9764082729961374, "target_rescale": 4.04850365166299},
{"mapping": [8, 10, 1, 0, 13, 12, 11, 2, 7, 6, 5, 4, 3, 15], "R": [[-0.3415786329057665, 0.4526124677969058, 0.8236904707091266], [0.9359696755233466, 0.24340596701878237, 0.2543900582184233], [-0.08535106351387187, 0.8578435109123612, -0.5067738220770728]], "T": [-0.15117597823136522, 0.011919344034188553, 0.03441210736141343], "aligned_model": [[0.22221857164007094, 0.09627360901790291, -0.38697465205040316, -0.692862229286495, 0.11171043612620721, -0.36517209857026345, 0.5739352689226804, -0.3806052102446622, -0.172257255942148, 0.03371491286116873, -0.7769360790677057, -0.31094754041978334, 0.5312328434464831, -0.10059202988648361], [-0.5797601979503836, -0.3334651578943351, -0.4064627117917029, -0.2517648741839971, 0.44517689266162946, 0.1699061907030484, -0.10915125812016548, -0.7465807816582831, -0.4074225366345835, 0.7140347001347478, 0.5227633562563583, 0.20643175914362838, -0.29475253221287123, 0.02001824652118485], [-0.06630862720592073, -0.6479552032243281, -0.381133340272271, 0.43957204119343024, -0.30860272597740634, -0.5456390556473318, -0.26575499159198135, 0.12551260532060526, 0.6626968085679988, 0.27212662273232063, 0.2586588402534825, 0.7070945659281529, 0.42004665940384905, 0.12909234142015655]], "inverted": false, "swapped": false, "error_lsq": 0.04071546489522891, "error_max": 0.2247070326714145, "target": "1022.xyz", "model": "13.xyz", "model_rescale": 4.170626492500431, "target_rescale": 4.04850365166299},
{"mapping": [4, 8, 12, 11, 0, 10, 2, 5, 6, 1, 9, 3, 2, 13], "R": [[0.14875441163309178, -0.04498669703586623, -0.9878503541070867], [0.1018795411004759, -0.9929516568756757, 0.06056043438588767], [-0.9836120597699327, -0.10965037253768975, -0.1431227154490045]], "T": [-0.08455394401993227, -0.009715376122467173, -0.0036697226568605107], "aligned_model": [[0.28819674884388957, -0.04674491659993186, -0.4454286878598323, -0.656997398653558, 0.3597589176568389, -0.5309123518205126, 0.5146590038375389, -0.4923295917508225, -0.1065742908314185, -0.07675427956602057, -0.7148659928572401, -0.07880477721279475, 0.5146590038375389, -0.14512284047710677], [-0.5403621972345432, -0.15743195362271756, -0.5313805580667047, -0.13503560711019924, 0.35628805796763074, 0.07991160112848253, -0.09478302601639244, -0.7900505271487053, -0.5307169731779086, 0.754576459960218, 0.4826392182969397, 0.21671433271457122, -0.09478302601639244, -0.06661470670000436], [-0.2909570401740284, -0.7305167374970467, -0.3688285626042799, 0.39163140570409855, -0.16014966932970537, -0.33692560288917994, 0.2544765639672717, 0.22440022614555927, 0.6563012670253141, 0.07764217331851665, 0.12517170277958695, 0.647613732120613, 0.2544765639672717, 0.055070518366765076]], "inverted": false, "swapped": false, "error_lsq": 0.05525064069774149, "error_max": 0.49281676245154865, "target": "1022.xyz", "model": "14.xyz", "model_rescale": 3.9786697098870705, "target_rescale": 4.04850365166299},
{"mapping": [8, 11, 0, 7, 12, 1, 10, 5, 2, 3, 4, 13], "R": [[0.07911083559131973, 0.8512211952794554, 0.5188101313573764], [-0.708597466549845, -0.3180439944804289, 0.6298711360064645], [0.7011641078172671, -0.4174571765845545, 0.5780124562904052]], "T": [-0.0664124657083294, 0.22383420350460276, -0.06322962982286745], "aligned_model": [[0.03505563869291026, -0.6372439495384301, 0.5655842338715745, 0.5214359536872152, -0.19205539666386007, 0.5715858067935027, -0.38774729461236357, -0.018751494505162142, 0.46078205535664096, 0.014042272823683394, -0.4096366675893268, -0.03969656154904774], [-0.37487220257906156, -0.28904086434518944, 0.237456625815058, -0.5841881945469984, 0.2189738203392696, 0.5504125710170872, -0.2474292001376452, 0.36384281111586536, -0.016663230218162378, -0.530069094138069, 0.5925959517011776, 0.09365549620110736], [-0.6273126584054491, -0.19684533670821652, -0.3706059606503918, -0.14700165881406235, -0.661927122652487, 0.21310982449091792, 0.5202403411395797, 0.5337001467855247, 0.240158707203527, 0.09295834940485725, 0.09153195508473227, -0.02804009300470134]], "inverted": true, "swapped": true, "error_lsq": 0.05674170443671952, "error_max": 0.35677882294733876, "target": "1022.xyz", "model": "15.xyz", "model_rescale": 3.769337070930944, "target_rescale": 4.04850365166299},
{"mapping": [11, 9, 8, 12, 3, 10, 2, 5, 0, 6, 13], "R": [[0.7927434223802285, 0.31449223081798466, 0.5221613764230462], [-0.17096084988199203, 0.9369574387933919, -0.30476736324179154], [-0.5850899538365957, 0.15233316987726137, 0.7965327057156133]], "T": [-0.04109384255940636, -4.696010789451838e-05, 0.13663536144436597], "aligned_model": [[-0.31068311149459027, -0.3664514839296596, -0.19052539118148498, -0.5499046411971606, 0.37168298660091065, 0.3463640489050824, 0.5763443028043418, 0.3745548769902151, 0.11113423144212446, -0.48375313834940686, 0.043863450100798645], [-0.07636694821427281, -0.6842422428404463, 0.6718970331962435, 0.3345108914880117, 0.2210343973918481, -0.428309989497289, 0.210152569623677, -0.4320450563491264, 0.6017261818842103, 0.13720198628090097, 0.04050567466158515], [-0.5901654783807614, -0.18478268463222589, -0.32498816716979817, 0.07806000426043705, -0.47978669743933045, -0.4397756333278463, 0.18566449627460338, 0.27379557201481536, 0.46645547375594365, 0.7232866017257045, 0.036454120142236035]], "inverted": true, "swapped": true, "error_lsq": 0.04417277370955381, "error_max": 0.2864571983741533, "target": "1022.xyz", "model": "16.xyz", "model_rescale": 3.7852294659196426, "target_rescale": 4.04850365166299},
{"mapping": [4, 11, 10, 9, 12, 8, 7, 3, 5, 1, 0, 2, 13], "R": [[-0.44428895316172484, 0.27134494905832085, -0.8538028137216439], [0.08438144375085183, -0.9361175320505748, -0.3414143203470866], [-0.8919008342013034, -0.22373172508180078, 0.3930101997950448]], "T": [-0.005486888048971461, 0.038552391167261196, -0.1996003471639074], "aligned_model": [[0.16585290855831047, -0.42787252547877963, 0.30515775259060196, 0.04483305673437479, -0.5878265171821703, -0.6835676654778222, -0.1870287642981808, -0.0753304702156829, 0.5977537595848187, 0.5069469237881936, -0.12735005162022583, 0.32902674041224417, -0.006829297179398508], [-0.34098186360619354, -0.46811988303597374, -0.4088797338436576, -0.7813718149969827, 0.06836809059872134, 0.29289921099563243, 0.6468314048576529, 0.09417559529183951, -0.06934160668965281, 0.578404867125457, 0.7272161040095269, 0.47737056225209396, 0.05848469074441046], [-0.5226106432925103, 0.21466545534314463, 0.407924858604795, -0.24942543480177082, -0.3846409852748476, 0.20344922119707687, 0.5766231396309481, 0.5693377291445995, -0.14803734830003007, -0.38941502662975014, -0.2701500984122189, 0.1516215297334106, -0.06358769979967346]], "inverted": false, "swapped": true, "error_lsq": 0.046442289081316014, "error_max": 0.3269198029553234, "target": "1022.xyz", "model": "17.xyz", "model_rescale": 3.901054581598922, "target_rescale": 4.04850365166299},
{"mapping": [0, 1, 7, 12, 4, 6, 8, 3, 13, 10, 11, 9, 5, 14], "R": [[-0.9540752490969359, -0.24210855224085798, -0.17641957939088132], [-0.03305877831171612, -0.5002256581486887, 0.8652637794951594], [-0.29773736117114447, 0.8313589717213299, 0.4692491064469878]], "T": [-0.0369142114653367, -0.08821657364896271, 0.06194060768614064], "aligned_model": [[0.016134638482978317, 0.023038648301866388, -0.5251610362283192, -0.6997193934537024, 0.3882799976048243, -0.48462010453700644, 0.619619065429465, -0.2740076006729985, -0.07610356061291243, 0.020489276857333996, -0.7048299864667911, -0.1796734057118931, 0.34003837820256777, -0.08074637064884363], [-0.7426277278365162, -0.18951414097205535, -0.3295095461826354, -0.31242409652098424, 0.43125192840205895, 0.23596568507658958, -0.08238137518744118, -0.7949510586730556, -0.4070112098749952, 0.7171783686726269, 0.340036739010639, 0.19460313620058442, -0.02866901681217407, -0.08297659032836677], [-0.3181072567909017, -0.6249582254006494, -0.31630503116773145, 0.3117312830408712, -0.35631329828471325, -0.44618441797844743, -0.034745787057696195, 0.22843079353662615, 0.7133516707849182, 0.20511034799481365, 0.14690299128594225, 0.6397143051776288, 0.5563563038498548, 0.09442286191024085]], "inverted": false, "swapped": false, "error_lsq": 0.04652362481068474, "error_max": 0.3007622697948461, "target": "1022.xyz", "model": "18.xyz", "model_rescale": 3.9405287249114394, "target_rescale": 4.04850365166299},
{"mapping": [11, 9, 13, 12, 8, 7, 5, 14, 10, 0, 4, 1, 2, 15], "R": [[-0.6966444160867985, -0.11160633358761482, 0.7086822869510808], [0.684753014312446, 0.19123272674499336, 0.7032377646370354], [-0.21400903468102245, 0.975178994095343, -0.05679843791947259]], "T": [-0.21144251512443873, -0.05190574226581521, 0.11570236135381352], "aligned_model": [[0.06429771324966543, 0.0820592276195708, -0.5397236164946588, -0.6988818150942684, 0.2140894098304752, -0.30784991846120724, 0.5837437099522529, -0.5009817360088118, 0.1287519678822801, -0.20778710144975887, -0.6953028952647182, -0.11368705823233548, 0.553654767895591, -0.17964410887750848], [-0.6628442784834593, -0.20649420591656237, -0.4804647317317079, -0.06175935508635419, 0.49764944274515543, 0.19716806926313957, -0.02161324596287975, -0.7484758769060399, -0.6564583117736761, 0.6250946022044626, 0.46463613995367026, 0.2409909863301443, -0.17064609619199214, -0.06781204346962562], [-0.14874920948715487, -0.576373487718285, -0.2841708140444561, 0.36559213179009664, -0.18293426568259097, -0.5356757146770299, -0.12517909263317456, 0.29090524139051666, 0.48541568459191453, 0.23541630997277546, -0.06795123937248292, 0.6989474222030587, 0.5104835144980608, 0.1336800600695081]], "inverted": true, "swapped": false, "error_lsq": 0.04396191820506188, "error_max": 0.2746638694549116, "target": "1022.xyz", "model": "19.xyz", "model_rescale": 4.410303926677745, "target_rescale": 4.04850365166299},
{"mapping": [10, 3, 6, 4, 1, 0, 5, 11, 9, 1, 2, 7, 8, 13], "R": [[-0.19784670940961857, -0.8629133841379877, 0.4650130869677883], [0.4680326652344935, -0.4999817898558621, -0.7286725149791404], [0.8612793413575429, 0.07347585513659932, 0.5027914029323323]], "T": [-0.18604268112509506, -0.10093872091298471, 0.059951149753594474], "aligned_model": [[0.3440298138305664, -0.07786757421242378, -0.5461826619045156, -0.8608487312031473, 0.09093311071774987, -0.3800011426144672, 0.6135618406540176, -0.5005851826963369, 0.08312505283537688, 0.09093311071774987, -0.666366308024047, -0.14118530194975756, 0.450313660374712, -0.11712113997890874], [-0.7218392570052051, -0.17185856227709, -0.4115122497764096, -0.25831837657120965, 0.5963418069017815, 0.31971212572802693, -0.17518203364119417, -0.8370065123057508, -0.5272332436349548, 0.5963418069017815, 0.3521295157254946, 0.3718853826624689, -0.06492928233237265, -0.11956002540109147], [-0.03299876890750755, -0.6536532350757935, -0.27223720132461027, 0.18226972469950348, 0.07423986683334044, -0.4864848967876447, -0.1728390180669527, 0.2753590086472782, 0.5286498138016656, 0.07423986683334044, 0.11120653138350159, 0.5903079613185086, 0.489848240198937, 0.09149864734719056]], "inverted": false, "swapped": false, "error_lsq": 0.04671451551471145, "error_max": 0.27922008325878545, "target": "1022.xyz", "model": "20.xyz", "model_rescale": 4.121658175737393, "target_rescale": 4.04850365166299},
{"mapping": [10, 11, 9, 5, 4, 3, 12, 2, 8, 0, 6, 1, 13], "R": [[0.12002663341340591, -0.505751851428106, 0.8542884009797198], [-0.9120182219173767, -0.3961165262867901, -0.10636945281965499], [0.39219430154211826, -0.7663594211461939, -0.5087994373604989]], "T": [0.10402785542687143, 0.04223462124526523, -0.009576260396913075], "aligned_model": [[0.26799150152425066, -0.3289290878898552, 0.3246997957856387, 0.6620600727194642, 0.44490642850501716, -0.2337569486400729, -0.3741641324399637, 0.20749008051869935, -0.7063658234158873, -0.11612146257758937, 0.14406990547732398, 0.5367300142988561, 0.05247256079841286], [-0.4533557553160925, 0.01726200220880312, 0.336260207444982, -0.20087849191989762, 0.37884362313657166, -0.6104723978523379, 0.4178301664666454, -0.534758386085607, -0.1250088751999921, -0.07710330542777816, 0.6448563546019752, -0.17181858424191776, -0.08082965365217135], [0.6175509805298426, 0.6374687371205481, 0.7267274741131019, 0.0781460016217652, 0.2100493440186461, 0.23355499091843412, -0.07672435414424995, -0.29973518095963547, -0.056762044482385046, -0.6663702497589028, -0.4502438038712169, -0.6070783832224871, 0.02352622759832841]], "inverted": true, "swapped": true, "error_lsq": 0.05061321406444562, "error_max": 0.2901663344144842, "target": "1022.xyz", "model": "21.xyz", "model_rescale": 4.08911054899281, "target_rescale": 4.04850365166299},
{"mapping": [7, 12, 10, 8, 14, 9, 3, 6, 0, 15, 11, 1, 4, 16], "R": [[0.6411671086119128, -0.7320680765640086, 0.23017617189907477], [-0.22906615092610422, 0.10369443388882907, 0.9678719764929525], [-0.7324161640311735, -0.67329324640631, -0.10120655615874433]], "T": [-0.12387433363932784, -0.0438373868099696, 0.06821770056566367], "aligned_model": [[-0.017946833438570148, 0.16410322567519334, -0.48952132061382614, -0.721038241525337, 0.21139186340468644, -0.3562911452591253, 0.7068153466906452, -0.4993980905833637, 0.060734058790454265, -0.08359450937911073, -0.6774255762549303, -0.29648631257199254, 0.47340822605091537, -0.09201214443906985], [-0.7190218649038135, -0.2037428825386747, -0.4966148697180588, -0.09893597130914064, 0.33067363589226695, 0.1664171375464406, 0.13602888198338828, -0.6531835405053538, -0.5778258509045736, 0.6773314623342099, 0.4474065051238515, 0.1774938825538986, -0.16121460642435634, -0.07584082415580953], [-0.12850919960763688, -0.5924400503168137, -0.4907368960724021, 0.41624274444120246, -0.3307317410196487, -0.5715659130308911, -0.11033650307603249, 0.27616793860026323, 0.5981756798787897, 0.16721287557838338, 0.2635468860318455, 0.8106568934944633, 0.4084651371074047, 0.08325868889182916]], "inverted": false, "swapped": false, "error_lsq": 0.04669417865673435, "error_max": 0.2377852924270613, "target": "1022.xyz", "model": "22.xyz", "model_rescale": 4.204369325754507, "target_rescale": 4.04850365166299},
{"mapping": [11, 9, 13, 12, 8, 7, 5, 14, 10, 0, 4, 1, 2, 15], "R": [[-0.6966444160867985, -0.11160633358761482, 0.7086822869510808], [0.684753014312446, 0.19123272674499336, 0.7032377646370354], [-0.21400903468102245, 0.975178994095343, -0.05679843791947259]], "T": [-0.21144251512443873, -0.05190574226581521, 0.11570236135381352], "aligned_model": [[0.06429771324966543, 0.0820592276195708, -0.5397236164946588, -0.6988818150942684, 0.2140894098304752, -0.30784991846120724, 0.5837437099522529, -0.5009817360088118, 0.1287519678822801, -0.20778710144975887, -0.6953028952647182, -0.11368705823233548, 0.553654767895591, -0.17964410887750848], [-0.6628442784834593, -0.20649420591656237, -0.4804647317317079, -0.06175935508635419, 0.49764944274515543, 0.19716806926313957, -0.02161324596287975, -0.7484758769060399, -0.6564583117736761, 0.6250946022044626, 0.46463613995367026, 0.2409909863301443, -0.17064609619199214, -0.06781204346962562], [-0.14874920948715487, -0.576373487718285, -0.2841708140444561, 0.36559213179009664, -0.18293426568259097, -0.5356757146770299, -0.12517909263317456, 0.29090524139051666, 0.48541568459191453, 0.23541630997277546, -0.06795123937248292, 0.6989474222030587, 0.5104835144980608, 0.1336800600695081]], "inverted": true, "swapped": false, "error_lsq": 0.04396191820506188, "error_max": 0.2746638694549116, "target": "1022.xyz", "model": "23.xyz", "model_rescale": 4.410303926677745, "target_rescale": 4.04850365166299},
{"mapping": [10, 1, 11, 14, 0, 7, 3, 9, 8, 12, 13, 6, 4, 16], "R": [[0.4307040968119239, 0.77311172508268, 0.4656095376268697], [0.6249472525678166, -0.627697851448224, 0.4641512025140311], [0.6511028432570101, 0.09106957684630948, -0.7535060846971785]], "T": [-0.1573097752028624, -0.07762922065430275, 0.12376883151328624], "aligned_model": [[0.0810065059262513, 0.08314482544178228, -0.5429285447517158, -0.7914032937136327, 0.278378509882346, -0.3333441835880449, 0.6679480917653419, -0.36427487846960005, 0.20262266252282643, -0.09373209317843406, -0.6872653440671317, -0.5211629781038074, 0.46105402775290094, -0.05730476087251343], [-0.6617334092335535, -0.1905769256116889, -0.4189839591460748, -0.1900238768242563, 0.4709317302761735, 0.25866504163160775, -0.1469488625818737, -0.6319124913222207, -0.6915675060960705, 0.7175843648332482, 0.38387364714959515, 0.3690656945131763, -0.23967412117372472, -0.07972823144006261], [-0.03689103686889325, -0.6921721899729613, -0.2443297880054576, 0.3321982945498364, -0.15844104152436841, -0.4219865650705238, -0.22750773315362147, 0.329573315225008, 0.5351507577036808, 0.222607420071257, 0.1050920580322109, 0.6197250687581058, 0.3792136012794467, 0.05717437987703641]], "inverted": true, "swapped": false, "error_lsq": 0.045917917287240616, "error_max": 0.32289768812808556, "target": "1022.xyz", "model": "24.xyz", "model_rescale": 4.28219845311461, "target_rescale": 4.04850365166299},
{"mapping": [1, 3, 4, 2, 9, 7, 5, 0, 6, 12, 13, 14, 8, 15], "R": [[-0.7509169665689397, -0.5717707607751283, 0.3304571174018394], [0.4695209203509577, -0.1103433151035183, 0.8759991199566101], [-0.4644069494222623, 0.8129591317739143, 0.3513170012876001]], "T": [-0.0963564233773797, -0.0018320492651034553, 0.0711327115759342], "aligned_model": [[0.2118772950741089, 0.05343132508002933, -0.5586121256966937, -0.6575209340338575, 0.16796918412062234, -0.4541087871144148, 0.7389824382046611, -0.4071651013945913, -0.07976081025976665, -0.14027737343750868, -0.5654740062960065, -0.2240867561667904, 0.4267825704202046, -0.12929837195342808], [-0.5094156489754783, -0.27163743715421335, -0.39899517816813307, -0.14534545911217622, 0.43856998134138586, 0.27264833237167185, -0.06410116516275642, -0.742414106569773, -0.5549920526120027, 0.734193594025684, 0.3613618228061401, 0.2589428023217032, -0.3624056643119473, -0.06743872582582933], [-0.1680915826780097, -0.6393699470664465, -0.33288422833988796, 0.43620574202554335, -0.36824378817952896, -0.5630752764589999, -0.08252998542722992, 0.21427723331317208, 0.7824243052866504, 0.2730165960175163, 0.040549029268419697, 0.7752818887820248, 0.35087959400597213, 0.08096696035156085]], "inverted": false, "swapped": false, "error_lsq": 0.04038252474638123, "error_max": 0.22768561085057154, "target": "1022.xyz", "model": "25.xyz", "model_rescale": 4.100010024507729, "target_rescale": 4.04850365166299},
{"mapping": [8, 0, 6, 1, 11, 9, 12, 5, 2, 10, 3, 13], "R": [[0.18058354096346543, 0.3331767181180242, -0.9254095629704718], [-0.25050382940756266, 0.9254300435200012, 0.2843010130173937], [0.9511242906083536, 0.18047855566430093, 0.25057947793082475]], "T": [0.08195092384698037, 0.06983505355936534, 0.05839891296781013], "aligned_model": [[-0.6973520599602631, 0.03999198089235896, 0.3651282339782596, 0.6162190922221528, -0.5141258716448177, 0.1362626166211796, -0.2726205873142318, 0.5317361300965084, 0.14763840394340233, -0.04216518108631684, -0.4336959140650573, -0.00025124132016822454], [-0.21008410861887308, -0.6317851923084866, -0.23805477072836614, -0.4246512791663666, 0.5711854464659343, 0.8767002882503951, -0.0529129054293828, 0.25485359897410015, -0.2771612755287307, 0.6253427418785532, 0.10522351749944958, 0.06747532876241294], [0.09399276223783412, 0.06575317139091028, 0.6780428996929697, -0.1867531028537563, 0.06749906069922662, 0.21107200532588194, 0.5415763538536961, -0.3179792780511489, -0.4921428786064251, -0.5262282123083265, -0.5178769126359265, -0.05176357889057879]], "inverted": false, "swapped": true, "error_lsq": 0.03780135905283084, "error_max": 0.2118731280731831, "target": "1022.xyz", "model": "26.xyz", "model_rescale": 3.6694154284099745, "target_rescale": 4.04850365166299},
{"mapping": [10, 8, 9, 12, 5, 7, 4, 11, 2, 1, 3, 6, 0, 13], "R": [[-0.9704961296140227, 0.09995824772892488, -0.21942108174732244], [0.21578378112857594, -0.04598634223331316, -0.9753576862514877], [-0.10758541818507333, -0.9939283701751165, 0.023060198502601992]], "T": [-0.09374253240005298, -0.08304074389035808, -0.010563064287975314], "aligned_model": [[0.040993250901847744, 0.11324543789810154, -0.6067528333611367, -0.7036202799657343, 0.33956427208779566, -0.3515463694573394, 0.6490779459175857, -0.4049551312343273, 0.09105276687045333, 0.004956399759580704, -0.8245948377665469, -0.3349129371439915, 0.4464739277781988, -0.0762430657379184], [-0.64459614564796, -0.20125138423081101, -0.3713140967093854, -0.3115481318951159, 0.5473614871093861, 0.36374556041000794, -0.4237496552294333, -0.8059406273941344, -0.3763608000378059, 0.7048743981653203, 0.2612109082364511, 0.18876842939763533, 0.12469096185282215, -0.1069198090527023], [-0.179063863536876, -0.6034706600330455, -0.35492107658425925, 0.44283115712304305, -0.2125945966195015, -0.3711843401531196, -0.09811730356297035, 0.3311062875746631, 0.5741964488731744, 0.37556502767850813, -0.023864495864543513, 0.5718002595885665, 0.30872842904476233, 0.03839526737235507]], "inverted": false, "swapped": false, "error_lsq": 0.05425621478432382, "error_max": 0.36466131925543854, "target": "1022.xyz", "model": "27.xyz", "model_rescale": 4.103607728864725, "target_rescale": 4.04850365166299},
