[{"mapping": [7, 2, 3, 10, 6, 8, 12, 13, 4, 5, 11, 14], "R": [[-0.22366471064242233, -0.16504568283356202, -0.9605904537268964], [-0.8611433840226446, 0.4950800297507063, 0.11544624851448337], [0.4565152454927103, 0.8530273657509723, -0.25285992943265523]], "T": [0.007556088224572944, -0.07346972768889293, -0.07867796026456358], "aligned_model": [[-0.11945108881954512, 0.06643922937713534, 0.41353576504555095, -0.36495975583226703, -0.10540051818167327, -0.5358312690341047, 0.3062004001583538, -0.2785261688504577, 0.5813540057927824, 0.22481471301004774, -0.4078815931246177, 0.057348742919344275], [-0.2101070320783981, -0.6707654257949335, -0.45860513101186184, 0.48310884068037996, 0.42873089977572243, -0.5326107001091862, -0.29293287832569537, -0.4605989774748648, 0.20157743876073647, 0.47678545556059393, 0.1240139349728272, -0.03504138897826304], [-0.615805245217911, 0.07843450232355134, -0.5704166158577232, 0.02838189521641994, -0.6331838437398929, -0.08097786103577344, 0.43282093799994176, 0.6831870405511105, -0.005282776811183429, 0.4378140459782868, 0.43526111049480115, -0.008281444548065231]], "inverted": false, "swapped": true, "error_lsq": 0.047068591491246176, "error_max": 0.31627186333826207, "target": "1023.xyz", "model": "0.xyz", "model_rescale": 3.751011558992144, "target_rescale": 4.1392938442742615},
{"mapping": [4, 10, 9, 10, 8, 2, 1, 6, 12, 7, 0, 3, 5, 13, 14], "R": [[-0.21846383614004675, -0.7813474090217002, -0.5846107925056214], [0.44870925726823463, -0.6124245918797355, 0.6508426243745324], [-0.8665642242446685, -0.12013469805187554, 0.48439044125913616]], "T": [-0.0022479829192818337, -0.0006711435861034981, -0.013519731633434631], "aligned_model": [[-0.5183988109843898, 0.17876884153052083, 0.5959453412569766, 0.17876884153052083, -0.41341109588304603, -0.056269529957846544, -0.6331378559102577, -0.1795371084908435, 0.5200173147193334, -0.108629520813734, -0.42574693622172244, 0.1833011244636444, 0.24005031830130732, 0.5424921567182507, 0.04816300699888563], [-0.417932366234824, -0.618065371438695, -0.10382467055595841, -0.618065371438695, 0.2208272279302298, 0.8057699380294182, -0.1221499280252671, -0.6258347723364914, 0.013638363570687685, -0.11472825865456433, 0.45136500789157474, 0.5659455941881717, 0.2639837089225219, 0.47606976354061936, -0.011490574415944246], [-0.44370035029402266, -0.5219595263085491, -0.2698666023358698, -0.5219595263085491, -0.4850084569423566, -0.1880836349080114, 0.25649216166841554, 0.36259826648930726, 0.5146935784644738, 0.6309575501187736, 0.4244488435046362, 0.46389297319982864, -0.5247294628249238, -0.0724984230418546, 0.005067480512452108]], "inverted": true, "swapped": false, "error_lsq": 0.053174153353228615, "error_max": 0.40193957001132663, "target": "1023.xyz", "model": "1.xyz", "model_rescale": 3.9405287249114394, "target_rescale": 4.1392938442742615},
{"mapping": [1, 3, 2, 6, 7, 12, 4, 0, 9, 11, 10, 5, 14], "R": [[0.7255577591725727, 0.6563729471437072, -0.20673773811851354], [-0.12168464672814794, 0.418057356357426, 0.9002337993799645], [0.6773173442745438, -0.6280148095812106, 0.38319526887939903]], "T": [-0.09682128710399848, -0.09840227016103567, -0.06522372355966397], "aligned_model": [[-0.3071266473788159, 0.271652968471354, -0.4341575988395978, 0.5807405094229218, 0.35652932027105677, -0.6289086304571323, -0.035698248006806155, 0.5911283755915125, 0.23148327976871189, -0.5476672592763691, -0.04447689276729322, -0.39030818031730363, -0.14720771719830755], [0.7352136167040294, 0.4658386213429937, 0.1917295895206256, -0.36884310015308874, -0.11729908144156256, 0.22599885365910402, 0.30204399018741956, 0.23545152180331172, -0.6986151619867066, -0.5948427375021312, -0.6753267358178501, -0.16810998628670232, -0.07440679645742569], [-0.2676611995713897, -0.3827369069425083, -0.49759094938831094, 0.1353085913570253, -0.4078932925747685, 0.03788104049743882, 0.4309502515702288, 0.35797664597360734, -0.3474539640421118, 0.09604128913119772, 0.2875195184806352, 0.6598640966896574, 0.010915228407942582]], "inverted": true, "swapped": true, "error_lsq": 0.05224749047121013, "error_max": 0.38025632264744197, "target": "1023.xyz", "model": "2.xyz", "model_rescale": 3.932901565614263, "target_rescale": 4.1392938442742615},
{"mapping": [3, 8, 2, 7, 1, 4, 12, 0, 6, 0, 11, 9, 5, 14], "R": [[-0.5034174891530742, -0.7031765060634326, -0.5021091842769243], [0.21718154471561976, 0.45948100883677334, -0.8612255100455855], [0.8363031796243225, -0.5426048321188863, -0.0785938159875412]], "T": [0.16080930197276055, -0.07766893968222577, 0.004778146744762842], "aligned_model": [[-0.46280815388614305, 0.5581169834858485, 0.24572267633629083, -0.12257571086912367, -0.23935964329045223, -0.20311430290850002, 0.31392014204114294, -0.604015043983625, -0.16229349090269718, -0.604015043983625, 0.811896308983066, 0.3603277619136927, 0.354186650314295, 0.17382077880253433], [-0.03715598278124532, 0.27881865148475, -0.26565046459576913, 0.3842948589081697, -0.6244419664288196, -0.5167843253318884, -0.6631040762542127, -0.04235705264936196, 0.4244103444762206, -0.04235705264936196, -0.13833702394284536, 0.6305126945678234, -0.564049491834375, -0.1603024746185961], [-0.40070385206675996, -0.4654864018678685, -0.580342666706489, -0.16723545591920877, -0.5618158838957342, 0.2963585555991912, -0.17634720759341208, 0.42623803339057875, 0.46949571432796255, 0.42623803339057875, 0.2241561889700234, 0.08455577418329593, 0.5902567790499345, 0.048528752195005034]], "inverted": true, "swapped": true, "error_lsq": 0.06325827134900734, "error_max": 0.4401509763635665, "target": "1023.xyz", "model": "3.xyz", "model_rescale": 3.9243930471874484, "target_rescale": 4.1392938442742615},
{"mapping": [2, 7, 1, 12, 4, 8, 11, 3, 0, 6, 5, 10, 14], "R": [[0.006330094063029923, 0.0573426522382568, -0.9983344881067846], [-0.9112875235239821, -0.4107219152304321, -0.02936933467025099], [-0.41172196854027676, 0.9099556739664454, 0.04965573519334149]], "T": [-0.06384991471158745, -0.10902408445624986, -0.09011367635335221], "aligned_model": [[0.0949181321707049, -0.33507041626167766, 0.6344285699969738, 0.3951780359253137, 0.4771127534504383, -0.5373549527640336, -0.31959908226209516, 0.20700958587713142, 0.23273286915641156, -0.38601113659006786, 0.24847729172278377, -0.43584492405060477, 0.001229159940073804], [-0.5558575913946436, 0.18156873997408726, -0.305770123344544, -0.5345382373532483, 0.16629277256269046, -0.5355903552025071, -0.5094852094065803, 0.16328620680938252, 0.7130730088109796, 0.5682309552844204, -0.1178176366455325, 0.019747104249265346, -0.12531008066218313], [-0.49017145412400787, -0.4966866047947545, -0.593922049708767, -0.005174470552540902, 0.11443916969864845, -0.406214511100371, 0.4098312038652747, -0.72842231525826, -0.09527769994142417, 0.009782260646368307, 0.6303864685530611, 0.46219716319554816, -0.02369684510781131]], "inverted": false, "swapped": true, "error_lsq": 0.04700222078233408, "error_max": 0.25192063142229537, "target": "1023.xyz", "model": "4.xyz", "model_rescale": 3.8936222436046832, "target_rescale": 4.1392938442742615},
{"mapping": [1, 3, 2, 12, 8, 9, 6, 10, 5, 4, 11, 14], "R": [[0.22301669626990456, -0.7459055960699236, 0.6276052859372915], [-0.4087630024030303, -0.6560400114771738, -0.6344480366487787], [0.8849725199413356, -0.11504931591540157, -0.4512064869392733]], "T": [-0.12402840830823367, -0.04558283415734793, -0.005519758297414603], "aligned_model": [[-0.013485229264707826, -0.43814308309191785, -0.2759411724209348, 0.2814085795843232, -0.6378882861918982, -0.6526140225270594, -0.32270384170088284, 0.024979579731051194, 0.618062253798981, 0.3652195596811003, 0.10872666920314494, -0.030072964586102563], [-0.5616635431497079, -0.6798698004267694, -0.02868700913241788, 0.0023034608302059945, 0.3716143997484577, 0.266787838384129, -0.2558959391557616, 0.3441741838175079, 0.10651417276129041, -0.45421352360914075, 0.6007238084508713, -0.0428651434088575], [-0.7137327421243432, -0.2378292453943774, -0.6068106566027545, -0.4875066606761118, -0.2662495725686442, 0.4076571095968142, 0.6935781676025226, 0.5291723549199122, 0.20163723277224357, 0.057243546174221255, 0.05640301755479485, -0.014277831978758863]], "inverted": true, "swapped": true, "error_lsq": 0.04425332175215665, "error_max": 0.23774071953047826, "target": "1023.xyz", "model": "5.xyz", "model_rescale": 3.6523030999806103, "target_rescale": 4.1392938442742615},
{"mapping": [13, 11, 5, 12, 4, 8, 6, 2, 9, 3, 0, 1, 14], "R": [[0.264575694084511, 0.2747047807467643, -0.9244116969914278], [-0.9616917665140611, 0.14647990776926428, -0.23171660026630048], [0.07175408224459373, 0.9503056982123068, 0.3029363491337018]], "T": [-0.021107888456487228, -0.011709003575660615, 0.030933604913246836], "aligned_model": [[0.2802554589143277, -0.08316259280424446, 0.3439916320287981, 0.5576469762561287, 0.41705031946619187, -0.3570222303708547, -0.5358472554351529, 0.23613934133972544, -0.7540409455444699, 0.08386922772410804, -0.011369523137689325, 0.6518460283377403, 0.05172646788968539], [-0.6629708206901002, -0.14221229080523778, 0.427053941515705, -0.21069151056987617, 0.44717828706893475, -0.6370688575043946, 0.5221347303013707, -0.5494906156471303, -0.0829916203794621, -0.05478166325139609, 0.7315145978157943, -0.27132604381784053, 0.024478770126815996], [0.5760836500853227, 0.7053516786973544, 0.5703179645358936, 0.18724224493488695, -0.05693952093640101, 0.07753993621758568, -0.11905203389279498, -0.14090498699341, 0.10456264235948262, -0.705327376910348, -0.42880054452593924, -0.4788278504512655, 0.07886393636142183]], "inverted": false, "swapped": true, "error_lsq": 0.04974034519246964, "error_max": 0.27946281396436856, "target": "1023.xyz", "model": "6.xyz", "model_rescale": 4.08911054899281, "target_rescale": 4.1392938442742615},
{"mapping": [0, 13, 12, 2, 1, 9, 3, 6, 5, 4, 8, 8, 11, 10, 14], "R": [[-0.21037058167617964, -0.8204543526187265, -0.5316002949907122], [0.708596834939768, 0.2466582451099258, -0.6610977504368285], [0.6735241227146724, -0.515765804787675, 0.5294817189791852]], "T": [0.09417963470764291, -0.060704745181538684, -0.03676938155170699], "aligned_model": [[-0.7985815696895132, 0.46570202089509327, 0.7904975415790436, -0.17707401969527597, -0.26067385958015804, -0.4120638262129006, -0.5994431137820622, -0.21275035614936605, 0.5865788348480534, -0.00013231244964821698, -0.06896333703040526, -0.06896333703040526, 0.32745930986025173, 0.5635545897814241, 0.017229521913468007], [-0.32586164203031215, -0.3207183677220453, -0.03358700931942938, -0.7019214850573777, -0.038947684207676005, 0.49504674100652324, -0.015403409304853684, -0.42292294981249107, -0.2617188641608066, -0.043454518498830814, 0.49333070338710283, 0.49333070338710283, 0.3559994901249613, 0.43396298788246546, 0.058373595298450674], [-0.1683955000873406, -0.6114506453898185, -0.1864621301507663, -0.44346594013970014, -0.6782923248241298, -0.25906457219410667, 0.3417629261990958, 0.11729203282555135, 0.5087923301321324, 0.6615551676408947, 0.3259675283248679, 0.3259675283248679, -0.3780452763867731, 0.19618100783794007, -0.1219972611189648]], "inverted": true, "swapped": false, "error_lsq": 0.05226896777495933, "error_max": 0.2938537308416458, "target": "1023.xyz", "model": "7.xyz", "model_rescale": 3.964800864290218, "target_rescale": 4.1392938442742615},
{"mapping": [8, 13, 2, 9, 3, 10, 7, 12, 5, 4, 6, 0, 4, 14], "R": [[0.39794775192180537, 0.27053702314790795, -0.8766112626738545], [-0.15011812558970147, -0.9234484111014585, -0.35313960469427136], [-0.9050426150794313, 0.27212635142606084, -0.32687170839600693]], "T": [0.00904481603064828, -0.03333667798825062, 0.007099908637307452], "aligned_model": [[-0.2350401209159917, 0.40947662662071455, 0.33551798695848795, -0.7050706387699176, 0.104204052089477, -0.359474511058576, -0.37917147513801125, 0.6129736931949449, 0.31990835345856466, 0.3768152627867723, -0.5782482292687136, -0.09456436470271667, 0.3768152627867723, 0.07704599141906651], [-0.14769073737786922, -0.6251868817807251, 0.09729861710720242, -0.13732765447171622, 0.6990235428795685, -0.5162939390436255, 0.36228965647988376, -0.18787568326258414, -0.5182266671802906, 0.1103328660162016, 0.14747350711581234, 0.49214320822815677, 0.1103328660162016, -0.07534423454501368], [-0.6512550372574203, -0.5420067245945521, -0.5040393967659477, -0.15696808583751057, -0.09061861044745453, 0.3086879704908463, -0.11968420298342866, -0.09473932564657592, 0.5409459807671981, 0.5114666477766889, 0.448502214783368, 0.697728370572298, 0.5114666477766889, 0.057328590090823264]], "inverted": false, "swapped": true, "error_lsq": 0.05151313279852708, "error_max": 0.3778934179955293, "target": "1023.xyz", "model": "8.xyz", "model_rescale": 4.121658175737393, "target_rescale": 4.1392938442742615},
{"mapping": [11, 8, 2, 12, 9, 10, 7, 0, 3, 6, 5, 4, 14], "R": [[-0.12132153679491409, 0.666059444440269, 0.7359659646896998], [-0.1455128155060864, -0.7453667926722114, 0.6505800219073994], [0.981889558572252, -0.028163111572776567, 0.1873492298178121]], "T": [-0.013682408013997473, 0.010499101315107649, -0.1143872211215515], "aligned_model": [[-0.6122056037185051, -0.20369236833818763, 0.29160602145630454, 0.1690183024956359, -0.461008178096724, -0.6318256260930384, 0.1324255706066605, 0.3484821715928884, 0.6675460830856923, -0.18248040883202737, -0.2965197399501991, 0.2726988194861416, -0.017307547259444046], [0.29425709403634803, -0.32395894169487277, 0.07360992077300998, 0.5570165414342791, -0.5787216118200763, 0.0222839273592054, -0.537708754859784, -0.13192923522391836, -0.29009439505585943, -0.43846749080251723, 0.6529197904608298, 0.3898145935043374, 0.10136600130072856], [-0.3066709134268406, -0.7128181482724747, -0.6507916399021814, -0.37308155907369744, -0.1346830191682804, 0.16448488095209776, -0.0766128750065556, 0.6681615836272845, -0.09143128196635836, 0.470743254966942, 0.23781268102226374, 0.31501631502189387, -0.08905384481500456]], "inverted": true, "swapped": true, "error_lsq": 0.04590890263533535, "error_max": 0.2568551457079147, "target": "1023.xyz", "model": "9.xyz", "model_rescale": 3.833441315466971, "target_rescale": 4.1392938442742615},
{"mapping": [4, 1, 12, 6, 5, 13, 3, 7, 11, 9, 2, 8, 0, 10, 14], "R": [[-0.9793660328595404, 0.20033403835805988, 0.026616663128899078], [0.06967986608267769, 0.4583607998283416, -0.8860305262480651], [-0.18970210843231555, -0.8658935559616289, -0.4628622471108004]], "T": [0.07178495604447256, -0.04466739180963583, -0.05535432752237128], "aligned_model": [[-0.5425689274812472, 0.22671937243273216, 0.5582240900838064, 0.025812885097300245, -0.3814197606394083, -0.15754955687116862, -0.6615771666837975, 0.027247684141938372, 0.544085113716291, -0.2920754919620482, -0.4811073948157124, 0.2617349810672077, 0.2985671691801439, 0.7181674969681959, 0.00811559302336641], [-0.48863492512378337, -0.13952255594642446, -0.34054259466204473, -0.6405640519979328, 0.19393495628778193, 0.6836802302933476, -0.2748991382482619, -0.3905757928309759, -0.2090121339798244, 0.20432352652002214, 0.3820802327488657, 0.4075978363518513, 0.3737698399597845, 0.4436779942579592, -0.03980513265758159], [-0.30309353566281994, -0.771319939384308, -0.25247076651943157, -0.3778807715764629, -0.49706645744964956, -0.2847055079800485, 0.34899105655779616, 0.5123408250869809, 0.4086073603654978, 0.6254681335484737, 0.11448903626205538, 0.5503968703853509, -0.5424919595916845, 0.08415387372527132, 0.014926653226728884]], "inverted": true, "swapped": false, "error_lsq": 0.0576382245738037, "error_max": 0.3970539435675268, "target": "1023.xyz", "model": "10.xyz", "model_rescale": 4.2482417240324, "target_rescale": 4.1392938442742615},
{"mapping": [8, 7, 3, 0, 13, 12, 2, 4, 6, 5, 10, 14], "R": [[-0.5793592962876793, -0.29091656138052907, -0.7613871289426778], [0.3303144987691879, 0.7701864886900516, -0.5456235923621241], [0.7451410186722413, -0.5676093083748875, -0.3501207439416819]], "T": [-0.06460426635550798, 0.03045376878540443, -0.036487718549985955], "aligned_model": [[-0.6803789739107347, -0.04458494645791966, 0.3590131606564124, 0.7057781238271631, -0.6718941250411223, -0.015478543239589249, -0.22084500602442925, 0.506903503524603, 0.14431022736157953, 0.11444862851798976, -0.28888693981894864, -0.03161950703199694], [-0.16285257869282918, -0.5232009342610638, -0.31646870893272244, -0.2913944266933528, 0.64543692577728, 0.6032711413820384, 0.17784173865055028, 0.29459045554760505, -0.5134620178752064, 0.6077625894519577, 0.030185266516167934, 0.11442193918021457], [0.2627441442037642, 0.09146536987802334, 0.4686347935940443, -0.2948602355645495, 0.21874773642203277, 0.2251428290614565, 0.5455598042479519, -0.1543542812583652, -0.5191385149874586, -0.5378864178576133, -0.6765711348228977, -0.06429180306203222]], "inverted": false, "swapped": true, "error_lsq": 0.047989318157989125, "error_max": 0.3148008683928114, "target": "1023.xyz", "model": "11.xyz", "model_rescale": 3.6694154284099745, "target_rescale": 4.1392938442742615},
{"mapping": [1, 2, 8, 13, 12, 0, 4, 6, 11, 10, 9, 5, 7, 14], "R": [[-0.3023620901323769, -0.8723961710007981, 0.3840600047830115], [-0.6016029279089772, -0.1378721810318444, -0.7868069514365443], [0.7393585622565865, -0.4689522177372325, -0.48314876994276285]], "T": [-0.014347021365364913, 0.041417336238674274, -0.04476685709427706], "aligned_model": [[0.08452636110532658, 0.07280963828754453, -0.16047878805411345, 0.6375225543458014, 0.5056427043876344, -0.40039903058581394, 0.1827790100819676, -0.5112821995925965, 0.4487308523788991, 0.10268979605237027, -0.44949389401060635, 0.5956305537952364, -0.5777273645993665, 0.06731465666352604], [-0.3334481731261461, 0.2324339712800449, 0.7019661743081936, 0.5888787832745985, -0.05362502733288654, -0.703894684927369, -0.5670721685199679, -0.14290268938197892, 0.4492099862280198, 0.20246274453176138, 0.5132567111693096, -0.25465505304702174, 0.10261295491408193, -0.004236241234385527], [-0.8383817682543472, -0.6285733858382572, -0.2647811325779668, -0.34057492593678984, -0.3905431673031867, 0.19876031360168553, -0.010653849954082674, 0.49516183890260734, 0.2634305958790366, 0.6035974921210534, 0.32361896820051667, 0.3514837799439733, -0.09128546977107155, -0.03216382936075578]], "inverted": true, "swapped": true, "error_lsq": 0.044712038044915504, "error_max": 0.2724041036350715, "target": "1023.xyz", "model": "12.xyz", "model_rescale": 3.9764082729961374, "target_rescale": 4.1392938442742615},
{"mapping": [13, 5, 4, 6, 12, 1, 11, 14, 7, 3, 8, 2, 9, 0, 15], "R": [[0.08949998364585154, 0.4312862916120074, -0.8977649400566692], [-0.5571033117743339, -0.7255075732371117, -0.40407259395517825], [-0.8256062335868484, 0.536312311851182, 0.17533810544025752]], "T": [-0.03216697604092924, 0.01899860842650076, -0.09206782403585685], "aligned_model": [[-0.4808049864777278, 0.4905783083568801, 0.6017515306812024, 0.02800478987547362, -0.38949041853582955, -0.21966192195838755, -0.6895225585080164, -0.3742899676902365, 0.5100700737832268, -0.09711245155755546, -0.305679011530291, 0.20423963181069055, 0.23766861851999319, 0.6208081694248102, 0.015816281063367493], [-0.3248247461466398, -0.17839949890526977, -0.310457771827982, -0.7183001352556505, 0.20790046033386228, 0.6188581516678155, -0.11443152297226586, -0.6339472842528147, 0.13224573940508294, -0.19947026754416436, 0.3542619086660624, 0.7007470362793303, 0.3423525065018438, 0.33531767080329117, -0.04634395577971733], [-0.3265672539462138, -0.7170440321401386, -0.01811147120512098, -0.28293093427577304, -0.5858791065495625, -0.18337363928727557, 0.33293186653305973, 0.21683597877856176, 0.42192416816451356, 0.7181771282814313, 0.4668977586286686, 0.24791822095776533, -0.5211716984358163, -0.11802247069740324, -0.021239643812946088]], "inverted": false, "swapped": false, "error_lsq": 0.04714430515468148, "error_max": 0.3049701811964107, "target": "1023.xyz", "model": "13.xyz", "model_rescale": 4.170626492500431, "target_rescale": 4.1392938442742615},
{"mapping": [7, 3, 8, 2, 10, 11, 13, 0, 6, 1, 4, 12, 5, 14], "R": [[-0.9798149717381688, -0.1668066647568826, 0.11017330779465748], [-0.1130951509782321, 0.916985962457422, 0.3825522598041293], [-0.16483964323833705, 0.36237036474954754, -0.9173415998243716]], "T": [0.020075212540783205, 0.03718109687250458, -0.00420144744431461], "aligned_model": [[0.22809204526260324, 0.0828256062271919, -0.4103685659101276, -0.5308858774819467, 0.3322373827137792, -0.20293820755879194, -0.7902308798408428, 0.7691577413836941, 0.7351966257536562, -0.3857810819092105, 0.26843478890030353, -0.4235277073297285, 0.15760937347085374, 0.013361778410209565], [-0.3219695770254607, -0.70423211108914, 0.03046332299578562, -0.24800468943958237, 0.6203502226631632, 0.6855803358887829, 0.4307300927454409, -0.2994858436743707, 0.040532145701428365, -0.5906671766069429, -0.03568023443103567, 0.08330897594454227, 0.585035353806589, 0.08011365044646597], [-0.39284792813842895, 0.032192582851924695, -0.5705569605579632, -0.009165896557626896, -0.15412849548576293, -0.07880087006058237, 0.021752700923216864, 0.29473396649999306, -0.25124714119669334, 0.46613028318029937, 0.5817086089320327, 0.44309296423361805, 0.5414047631011945, 0.07960452339564529]], "inverted": false, "swapped": true, "error_lsq": 0.059821947503725666, "error_max": 0.4407967661332028, "target": "1023.xyz", "model": "14.xyz", "model_rescale": 3.9786697098870705, "target_rescale": 4.1392938442742615},
{"mapping": [2, 8, 3, 1, 7, 0, 11, 10, 4, 12, 9, 14], "R": [[-0.40617222627179816, -0.25663864951615334, -0.877018087715377], [-0.7944730813336164, -0.37501077197070903, 0.4776813204869982], [-0.45148271909529447, 0.8907881479232076, -0.05157353854314789]], "T": [0.0029021477134146753, 0.016755694606596684, 0.0433362031991848], "aligned_model": [[-0.04088569377421409, -0.5826091989773663, 0.4420004245687399, 0.5589266852955685, -0.03954131969921954, 0.670138258178485, -0.4722708550742021, -0.31248710180080946, 0.582741786016237, 0.17422953286158868, -0.540185438529822, 0.04329751770235067], [-0.45306248244617914, -0.11644938273634922, 0.10955907578019561, -0.5095831118141276, 0.4004679999821963, 0.5776839880801542, -0.19570078352807266, 0.3205722514018802, -0.015745019525878916, -0.5811537857440631, 0.5075268415203804, -0.02944110074569701], [-0.3594878360997848, -0.33813255357335603, -0.5512526614748956, -0.39703738541655775, -0.3741200400051016, 0.10647943765249382, 0.49587846075806913, 0.5612499900449217, 0.31354268788352885, 0.1534942844675582, -0.06571822271474811, 0.11507033235170257]], "inverted": false, "swapped": true, "error_lsq": 0.05322825553065511, "error_max": 0.28957058273338837, "target": "1023.xyz", "model": "15.xyz", "model_rescale": 3.769337070930944, "target_rescale": 4.1392938442742615},
{"mapping": [12, 13, 4, 5, 1, 2, 3, 8, 6, 10, 14], "R": [[-0.18793767532575778, 0.9811548876591418, -0.04488336680471866], [0.8663229790017057, 0.18712695200431367, 0.4631068989846573], [0.4627784850733235, 0.04815174198460695, -0.885165229489437]], "T": [0.02940176835947749, 0.084092122631123, 0.1240050622057434], "aligned_model": [[-0.19670163637615215, -0.32479533447818343, -0.15919587718313366, -0.7012328190115125, 0.40199181467017514, 0.2978328039862026, 0.6829430966493437, 0.28438769839646133, 0.1209230435664678, -0.4383873756163623, -0.04513928391213568], [-0.0716673622903661, -0.6733956466238019, 0.6011122052041864, 0.3334279514715459, 0.1401589176489134, -0.30363306693476877, 0.34023497519972534, -0.554150381393205, 0.5526286356270855, 0.12170023694166027, 0.10964803277436666], [-0.44485331708349996, -0.2120114330611795, -0.2037189211150773, -0.020046364177508352, -0.6748427925042589, -0.2791421288757945, -0.1254548615978934, 0.3076193962516177, 0.7109793649988854, 0.6136666964117886, 0.07202196797669698]], "inverted": true, "swapped": true, "error_lsq": 0.03889092205796893, "error_max": 0.1836548915554512, "target": "1023.xyz", "model": "16.xyz", "model_rescale": 3.7852294659196426, "target_rescale": 4.1392938442742615},
{"mapping": [11, 12, 2, 13, 5, 4, 0, 3, 8, 9, 6, 7, 14], "R": [[0.4682206215118846, -0.4958951903978107, 0.7313394627198396], [-0.8703897627766268, -0.40148513933285723, 0.2850111291660793], [0.15228627792638377, -0.7699984695018527, -0.6196057185986367]], "T": [-0.009581187533419149, 0.07793310037178333, 0.008220810032554413], "aligned_model": [[-0.02224961303506122, -0.30400471042703797, 0.22281671378059467, 0.11607359911893471, -0.6812746071824644, -0.6099482056949835, -0.4315315020119858, 0.10708548292437685, 0.6445820596750648, 0.5284160856592127, 0.007554132759432465, 0.3713809876522462, -0.09513457300204646], [-0.2187309914061216, -0.46927664311354056, -0.3990028367224827, -0.762900000773505, -0.023026641223275537, 0.17151235705485315, 0.7657938432495717, 0.24716824758630143, -0.18120771686958134, 0.44355468965846623, 0.8227000321200977, 0.4359025508274168, 0.04256873331467391], [-0.6143155826393756, 0.12162234558332595, 0.3298370853690694, -0.2907122325214756, -0.3859633472170711, 0.21091322023623038, 0.34383543442188963, 0.7242543534092264, -0.09666972799785846, -0.3447283368296608, -0.12395346181370011, 0.23189912778194915, -0.010264180639375377]], "inverted": false, "swapped": true, "error_lsq": 0.043755689161810794, "error_max": 0.23863929946049617, "target": "1023.xyz", "model": "17.xyz", "model_rescale": 3.901054581598922, "target_rescale": 4.1392938442742615},
{"mapping": [4, 10, 9, 10, 8, 2, 1, 6, 12, 7, 0, 3, 5, 13, 14], "R": [[-0.21846383614004675, -0.7813474090217002, -0.5846107925056214], [0.44870925726823463, -0.6124245918797355, 0.6508426243745324], [-0.8665642242446685, -0.12013469805187554, 0.48439044125913616]], "T": [-0.0022479829192818337, -0.0006711435861034981, -0.013519731633434631], "aligned_model": [[-0.5183988109843898, 0.17876884153052083, 0.5959453412569766, 0.17876884153052083, -0.41341109588304603, -0.056269529957846544, -0.6331378559102577, -0.1795371084908435, 0.5200173147193334, -0.108629520813734, -0.42574693622172244, 0.1833011244636444, 0.24005031830130732, 0.5424921567182507, 0.04816300699888563], [-0.417932366234824, -0.618065371438695, -0.10382467055595841, -0.618065371438695, 0.2208272279302298, 0.8057699380294182, -0.1221499280252671, -0.6258347723364914, 0.013638363570687685, -0.11472825865456433, 0.45136500789157474, 0.5659455941881717, 0.2639837089225219, 0.47606976354061936, -0.011490574415944246], [-0.44370035029402266, -0.5219595263085491, -0.2698666023358698, -0.5219595263085491, -0.4850084569423566, -0.1880836349080114, 0.25649216166841554, 0.36259826648930726, 0.5146935784644738, 0.6309575501187736, 0.4244488435046362, 0.46389297319982864, -0.5247294628249238, -0.0724984230418546, 0.005067480512452108]], "inverted": true, "swapped": false, "error_lsq": 0.053174153353228615, "error_max": 0.40193957001132663, "target": "1023.xyz", "model": "18.xyz", "model_rescale": 3.9405287249114394, "target_rescale": 4.1392938442742615},
{"mapping": [3, 14, 13, 12, 10, 2, 1, 12, 7, 0, 6, 5, 11, 9, 15], "R": [[-0.19117448604942977, 0.9429596625726908, 0.27254245659077364], [0.6828272984468684, 0.3272287116208302, -0.6531984773303772], [-0.7051235327086226, 0.06122454615404588, -0.7064363797036102]], "T": [0.06716113593440892, -0.06806841892091114, 0.06876982100352008], "aligned_model": [[-0.5797131709265728, 0.13353861818957086, 0.6209316083112755, -0.05883988792407213, -0.21168042755129285, -0.4464288455266094, -0.5762220005570835, -0.05883988792407213, 0.6439730508058048, -0.2099861810138301, -0.35994712660087014, 0.11168336206384563, 0.40338697752552344, 0.6935430735993293, 0.04697692478665291], [-0.3699898674063082, -0.3378985486399426, -0.27383959416669845, -0.5951779478751049, 0.22879063492792318, 0.6034640407979788, -0.11600549571126942, -0.5951779478751049, -0.04287038291803619, -0.13757855170265898, 0.41163455999587184, 0.7557916048400566, 0.29961497738650317, 0.3744626634881687, -0.03971185416859532], [-0.3958005880213869, -0.6540888740548307, -0.251115053183173, -0.011344776178862287, -0.603559058018756, -0.13271161610624221, 0.20762082145581648, -0.011344776178862287, 0.4716080301959132, 0.6940953075343406, 0.4505381272897802, 0.17141033633701208, -0.4517821028484698, 0.0974361117563029, 0.04938298101516812]], "inverted": false, "swapped": false, "error_lsq": 0.049134705459013175, "error_max": 0.31879508813278196, "target": "1023.xyz", "model": "19.xyz", "model_rescale": 4.410303926677745, "target_rescale": 4.1392938442742615},
{"mapping": [8, 13, 2, 9, 3, 10, 7, 12, 5, 4, 6, 0, 4, 14], "R": [[0.39794775192180537, 0.27053702314790795, -0.8766112626738545], [-0.15011812558970147, -0.9234484111014585, -0.35313960469427136], [-0.9050426150794313, 0.27212635142606084, -0.32687170839600693]], "T": [0.00904481603064828, -0.03333667798825062, 0.007099908637307452], "aligned_model": [[-0.2350401209159917, 0.40947662662071455, 0.33551798695848795, -0.7050706387699176, 0.104204052089477, -0.359474511058576, -0.37917147513801125, 0.6129736931949449, 0.31990835345856466, 0.3768152627867723, -0.5782482292687136, -0.09456436470271667, 0.3768152627867723, 0.07704599141906651], [-0.14769073737786922, -0.6251868817807251, 0.09729861710720242, -0.13732765447171622, 0.6990235428795685, -0.5162939390436255, 0.36228965647988376, -0.18787568326258414, -0.5182266671802906, 0.1103328660162016, 0.14747350711581234, 0.49214320822815677, 0.1103328660162016, -0.07534423454501368], [-0.6512550372574203, -0.5420067245945521, -0.5040393967659477, -0.15696808583751057, -0.09061861044745453, 0.3086879704908463, -0.11968420298342866, -0.09473932564657592, 0.5409459807671981, 0.5114666477766889, 0.448502214783368, 0.697728370572298, 0.5114666477766889, 0.057328590090823264]], "inverted": false, "swapped": true, "error_lsq": 0.05151313279852708, "error_max": 0.3778934179955293, "target": "1023.xyz", "model": "20.xyz", "model_rescale": 4.121658175737393, "target_rescale": 4.1392938442742615},
{"mapping": [13, 11, 5, 12, 4, 8, 6, 2, 9, 3, 0, 1, 14], "R": [[0.264575694084511, 0.2747047807467643, -0.9244116969914278], [-0.9616917665140611, 0.14647990776926428, -0.23171660026630048], [0.07175408224459373, 0.9503056982123068, 0.3029363491337018]], "T": [-0.021107888456487228, -0.011709003575660615, 0.030933604913246836], "aligned_model": [[0.2802554589143277, -0.08316259280424446, 0.3439916320287981, 0.5576469762561287, 0.41705031946619187, -0.3570222303708547, -0.5358472554351529, 0.23613934133972544, -0.7540409455444699, 0.08386922772410804, -0.011369523137689325, 0.6518460283377403, 0.05172646788968539], [-0.6629708206901002, -0.14221229080523778, 0.427053941515705, -0.21069151056987617, 0.44717828706893475, -0.6370688575043946, 0.5221347303013707, -0.5494906156471303, -0.0829916203794621, -0.05478166325139609, 0.7315145978157943, -0.27132604381784053, 0.024478770126815996], [0.5760836500853227, 0.7053516786973544, 0.5703179645358936, 0.18724224493488695, -0.05693952093640101, 0.07753993621758568, -0.11905203389279498, -0.14090498699341, 0.10456264235948262, -0.705327376910348, -0.42880054452593924, -0.4788278504512655, 0.07886393636142183]], "inverted": false, "swapped": true, "error_lsq": 0.04974034519246964, "error_max": 0.27946281396436856, "target": "1023.xyz", "model": "21.xyz", "model_rescale": 4.08911054899281, "target_rescale": 4.1392938442742615},
{"mapping": [9, 3, 2, 15, 12, 7, 5, 11, 1, 8, 6, 0, 4, 0, 16], "R": [[0.26796036703662857, 0.9396920615965334, -0.21254663269516216], [-0.28964311508011886, 0.2889825965548219, 0.9124669444835347], [0.9188602220056543, -0.1829423085589823, 0.3496112185769069]], "T": [-0.06743675350528833, -0.02895932585834874, -0.0791555074099399], "aligned_model": [[-0.6796730654786562, 0.2882761205379546, 0.5942345249315693, 0.15760684979267853, -0.4652874043397689, -0.28097867560330236, -0.6769277721599831, -0.1391531341652218, 0.4720540286710522, -0.1331949310066868, -0.21509442291151487, 0.3741850505258068, 0.5248623897257212, 0.3741850505258068, -0.042718521787855485], [-0.32625503695745534, -0.06294857867463796, -0.2977965191499304, -0.7203740680131325, 0.13217941114613405, 0.637482474700505, -0.19669055602861116, -0.5991538388312692, -0.2225463063298476, -0.06077830776024263, 0.5131120572642216, 0.5682582291965772, 0.22328369321247274, 0.5682582291965772, 0.009477408001422917], [-0.28970139320646604, -0.8707310914367363, -0.18485088180301246, -0.1321465334414714, -0.6797541030636972, -0.20584947721115993, 0.2340792073855321, 0.4264411780806405, 0.4699092958735407, 0.6103555023226782, 0.4106607406019791, 0.14080078897143614, -0.3471991048444023, 0.14080078897143614, -0.09247004620654736]], "inverted": true, "swapped": false, "error_lsq": 0.05172465372677861, "error_max": 0.39018861133584504, "target": "1023.xyz", "model": "22.xyz", "model_rescale": 4.204369325754507, "target_rescale": 4.1392938442742615},
{"mapping": [3, 14, 13, 12, 10, 2, 1, 12, 7, 0, 6, 5, 11, 9, 15], "R": [[-0.19117448604942977, 0.9429596625726908, 0.27254245659077364], [0.6828272984468684, 0.3272287116208302, -0.6531984773303772], [-0.7051235327086226, 0.06122454615404588, -0.7064363797036102]], "T": [0.06716113593440892, -0.06806841892091114, 0.06876982100352008], "aligned_model": [[-0.5797131709265728, 0.13353861818957086, 0.6209316083112755, -0.05883988792407213, -0.21168042755129285, -0.4464288455266094, -0.5762220005570835, -0.05883988792407213, 0.6439730508058048, -0.2099861810138301, -0.35994712660087014, 0.11168336206384563, 0.40338697752552344, 0.6935430735993293, 0.04697692478665291], [-0.3699898674063082, -0.3378985486399426, -0.27383959416669845, -0.5951779478751049, 0.22879063492792318, 0.6034640407979788, -0.11600549571126942, -0.5951779478751049, -0.04287038291803619, -0.13757855170265898, 0.41163455999587184, 0.7557916048400566, 0.29961497738650317, 0.3744626634881687, -0.03971185416859532], [-0.3958005880213869, -0.6540888740548307, -0.251115053183173, -0.011344776178862287, -0.603559058018756, -0.13271161610624221, 0.20762082145581648, -0.011344776178862287, 0.4716080301959132, 0.6940953075343406, 0.4505381272897802, 0.17141033633701208, -0.4517821028484698, 0.0974361117563029, 0.04938298101516812]], "inverted": false, "swapped": false, "error_lsq": 0.049134705459013175, "error_max": 0.31879508813278196, "target": "1023.xyz", "model": "23.xyz", "model_rescale": 4.410303926677745, "target_rescale": 4.1392938442742615},
{"mapping": [14, 6, 12, 13, 15, 8, 11, 7, 0, 1, 10, 4, 5, 2, 16], "R": [[0.815283663075775, -0.06403017111849357, 0.5755108043367068], [0.2355153299947655, 0.9446171444236887, -0.22854098056649094], [-0.5290038544842592, 0.3218673447980906, 0.7852110125905165]], "T": [-0.08692204724157716, -0.0016013067281949022, -0.011215342073348037], "aligned_model": [[-0.5208724923859348, 0.11600251618925049, 0.6078715533711316, -0.013527480848961465, -0.2848611086342029, -0.34580183012382143, -0.6190265296516076, 0.0376455507112879, 0.5835469693585754, -0.11675332672173767, -0.4429628220182165, 0.1562751444282603, 0.3640094376322128, 0.6685870331512423, -0.03775652719987874], [-0.31371543285156583, -0.30788559322089204, -0.3536276985481668, -0.6483460024325289, 0.21137129857164125, 0.7675686513419769, -0.24443111964423694, -0.5394797598894684, -0.10444942259837335, -0.10068995013952999, 0.4274550277779108, 0.6414671443505778, 0.23059647918485687, 0.4549907179608416, 0.044683951109740945], [-0.42645235083809446, -0.6767299152900922, -0.20999941284748522, -0.2767735466754377, -0.6629645179083129, -0.1418503330659077, 0.23090030874063075, 0.35905561256310076, 0.32086804192432594, 0.8406220162773028, 0.3248346167010137, 0.023461252081831085, -0.3831656312176478, 0.22035258233057797, 0.08818614821794496]], "inverted": true, "swapped": false, "error_lsq": 0.04640111066172868, "error_max": 0.27956048580591936, "target": "1023.xyz", "model": "24.xyz", "model_rescale": 4.28219845311461, "target_rescale": 4.1392938442742615},
{"mapping": [7, 12, 14, 13, 9, 5, 4, 2, 6, 0, 1, 8, 11, 10, 15], "R": [[0.4578649028038442, -0.6805560274842326, -0.5720168041546569], [0.7953243957634399, 0.601076975592047, -0.07852117495706146], [0.39726418953128145, -0.41898682899107786, 0.8164748623491453]], "T": [-0.078280438728918, -0.008656802819582034, -0.06494955629138459], "aligned_model": [[-0.6849683599927882, 0.26591226583873884, 0.6392019669188858, -0.09863469087197695, -0.37217469742120857, -0.11993245456762101, -0.6191519923651664, 0.16375783676642547, 0.4950988492660995, -0.14082374191888625, -0.3723835712905768, 0.1912965813156733, 0.25881401116065056, 0.6337146668328665, -0.08735058241351557], [-0.3617973589269108, -0.24504053580616242, -0.2588767578539832, -0.5459711764878072, 0.1822485846877108, 0.8279215405332067, -0.3238865316243193, -0.5504982136812269, 0.0739801113880118, -0.14580000775572152, 0.43226140315908634, 0.557412652623039, 0.21047592382528318, 0.338852381702607, -0.02577372481002988], [-0.4007583107558204, -0.7053197719750586, -0.11742427956890021, -0.31752711904434244, -0.6429244533304074, -0.2188406409058541, 0.312855623094122, 0.2765257474402644, 0.6254159030630037, 0.7368198922421314, 0.29417699786556334, 0.2331102679177775, -0.4321351377286607, -0.020170597430498025, 0.00654075011042983]], "inverted": true, "swapped": false, "error_lsq": 0.04254341727139191, "error_max": 0.2690424145732446, "target": "1023.xyz", "model": "25.xyz", "model_rescale": 4.100010024507729, "target_rescale": 4.1392938442742615},
{"mapping": [8, 7, 3, 0, 13, 12, 2, 4, 6, 5, 10, 14], "R": [[-0.5793592962876793, -0.29091656138052907, -0.7613871289426778], [0.3303144987691879, 0.7701864886900516, -0.5456235923621241], [0.7451410186722413, -0.5676093083748875, -0.3501207439416819]], "T": [-0.06460426635550798, 0.03045376878540443, -0.036487718549985955], "aligned_model": [[-0.6803789739107347, -0.04458494645791966, 0.3590131606564124, 0.7057781238271631, -0.6718941250411223, -0.015478543239589249, -0.22084500602442925, 0.506903503524603, 0.14431022736157953, 0.11444862851798976, -0.28888693981894864, -0.03161950703199694], [-0.16285257869282918, -0.5232009342610638, -0.31646870893272244, -0.2913944266933528, 0.64543692577728, 0.6032711413820384, 0.17784173865055028, 0.29459045554760505, -0.5134620178752064, 0.6077625894519577, 0.030185266516167934, 0.11442193918021457], [0.2627441442037642, 0.09146536987802334, 0.4686347935940443, -0.2948602355645495, 0.21874773642203277, 0.2251428290614565, 0.5455598042479519, -0.1543542812583652, -0.5191385149874586, -0.5378864178576133, -0.6765711348228977, -0.06429180306203222]], "inverted": false, "swapped": true, "error_lsq": 0.047989318157989125, "error_max": 0.3148008683928114, "target": "1023.xyz", "model": "26.xyz", "model_rescale": 3.6694154284099745, "target_rescale": 4.1392938442742615},
