[{"mapping": [12, 6, 9, 2, 8, 7, 4, 0, 5, 1, 10, 13], "R": [[0.05374077158318216, -0.22913687892845633, 0.971909574078047], [0.986253262504219, 0.1644880075642223, -0.015754287268448824], [-0.15625758115825525, 0.959395635847109, 0.23482670684590579]], "T": [-0.162786371755835, -0.046509638700962, -0.0075393503243426155], "aligned_model": [[-0.3417726796176276, 0.26291720570779176, 0.3876857309985816, 0.024071197987709292, 0.14767445256636236, -0.5516345115681636, 0.36453994844076354, -0.23127143722985605, 0.5587816047841788, 0.05397414268236689, -0.6544152824487023, -0.18290790984285563], [-0.1730234525651997, -0.6371755245857731, -0.3050117493174831, 0.6055836013394441, 0.3260092877697741, -0.6951363774609645, -0.26717889518197263, -0.4268625084529375, 0.18423384745508756, 0.4118397992071148, 0.05430543414294779, -0.024028426372980922], [-0.5491275315322071, -0.05970711785775242, -0.5695421608820044, -0.09469501967606067, -0.7278525374750388, 0.03202643036003012, 0.43779013427817876, 0.6507678318808386, -0.014195620613651129, 0.46636306180796494, 0.5955526319620243, 0.014571643101240032]], "inverted": true, "swapped": true, "error_lsq": 0.04840649955211557, "error_max": 0.28324451892265046, "target": "1024.xyz", "model": "0.xyz", "model_rescale": 3.751011558992144, "target_rescale": 4.008760771349043},
{"mapping": [4, 5, 13, 12, 8, 2, 1, 6, 3, 0, 10, 11, 7, 14], "R": [[0.14458781024528644, -0.9738251486140389, -0.17538228261519997], [0.5349704092320858, 0.2260404888803551, -0.8140714702240734], [0.8324067673766999, 0.023880479760148787, 0.5536503375885338]], "T": [-0.010896534325618231, -0.05805483829193737, -0.055730996735019016], "aligned_model": [[0.6066345617346238, -0.4049236317548386, -0.7303702069514314, -0.40390616005216756, 0.16596734387126988, -0.4234637361116686, 0.6055471831811202, 0.5136987826032184, -0.43073178335624784, 0.13490965071388716, 0.12890307174408785, -0.03475488896575183, 0.20010201372858147, -0.04517736001414658], [-0.5233140482518464, -0.44138276529799636, -0.005480975966200202, 0.3203031399048174, -0.30549823103293794, 0.1426322766632979, 0.24399648376445415, 0.03947131183576457, 0.5732756632404298, 0.6004061550460685, -0.8054619412538316, -0.1641968858949186, 0.4829181009230621, -0.05543327306812395], [-0.22235387288330008, -0.35219076443438374, -0.13996769716337804, 0.44861390360437436, -0.6455692695843246, -0.7436634700850424, -0.17592954675245678, 0.4724869022117536, -0.14828396005361777, -0.40311291214806577, 0.2513397454624816, 0.7347724084260137, 0.2644328918491687, -0.013048859613530882]], "inverted": false, "swapped": false, "error_lsq": 0.04053135195483987, "error_max": 0.24100666659242373, "target": "1024.xyz", "model": "1.xyz", "model_rescale": 3.9405287249114394, "target_rescale": 4.008760771349043},
{"mapping": [0, 7, 6, 3, 12, 4, 10, 11, 8, 5, 2, 1, 13], "R": [[0.14677628490096453, -0.27262263690115457, -0.9508594112905087], [-0.7602535512233707, 0.5838881157557672, -0.2847616654878853], [0.6328279861407247, 0.7646905034902955, -0.12156139941952646]], "T": [-0.009541127250434274, -0.048096461382400105, -0.03685865836974249], "aligned_model": [[-0.3290418370056859, 0.22784008264087804, -0.4143795040989134, 0.5017349918519595, 0.403745332921351, -0.7112500823106368, 0.11555662336462857, 0.5970405076963957, 0.1339472472275159, -0.5957199563240315, -0.049900838153903136, -0.3825833818073243, -0.0010059067183025815], [0.6327248883789234, 0.5727880191294635, 0.11130857014445066, -0.31206667758334816, -0.2166673204986863, 0.12972678268280108, 0.47752880876213444, 0.26493150476362287, -0.8710158076808059, -0.527709126756175, -0.6091812175678339, -0.1534602211157576, -0.04007560908677171], [0.09401701560953558, -0.39967761614504776, -0.6229705292079394, 0.22061498162469523, -0.4138702879251006, -0.06956576528493454, 0.532044876525423, 0.2114795016397058, -0.2739708627760155, -0.054558338158694916, 0.35210463795669117, 0.5388068508671296, -0.0013341151368036486]], "inverted": true, "swapped": true, "error_lsq": 0.03681917359699894, "error_max": 0.20044616039174828, "target": "1024.xyz", "model": "2.xyz", "model_rescale": 3.932901565614263, "target_rescale": 4.008760771349043},
{"mapping": [8, 1, 2, 6, 3, 0, 7, 9, 4, 4, 10, 12, 5, 13], "R": [[-0.5945663006179063, 0.35157161528151504, 0.723110166916414], [-0.6492141267012418, -0.7404857400798837, -0.17378689947717954], [0.47435422614443057, -0.5727811694414315, 0.6685131263275426]], "T": [0.06885733419176558, -0.15990376488361205, -0.10629992518060717], "aligned_model": [[0.7336033719973438, -0.5577770053712394, -0.6789393231018953, -0.38541793346623104, 0.22877986325376448, -0.2425840613097413, 0.5425298187283072, 0.650476082053164, -0.22724008594961026, -0.22724008594961026, -0.2259994572852082, 0.08402458340803169, 0.13609326310119935, 0.052125810262261825], [-0.4480041183649215, -0.49044731151099275, 0.1930908595719302, 0.04771905617466546, -0.3517634058379985, 0.030672121846815975, 0.35215765929665543, 0.006792076094732119, 0.6441572160454052, 0.6441572160454052, -0.5847924416612796, -0.15236988487497477, 0.3555855859485848, -0.1447196181619885], [-0.2241880801311288, -0.32272309671171356, -0.2082548545573552, 0.35976767297637324, -0.551608965008553, -0.6681143230986313, -0.25851694987429336, 0.3105034674705407, -0.2767072644323647, -0.2767072644323647, 0.3893557266254219, 0.6571416281571466, 0.3902378323937317, 0.007339969458882573]], "inverted": false, "swapped": false, "error_lsq": 0.05690712157395463, "error_max": 0.39259433447343406, "target": "1024.xyz", "model": "3.xyz", "model_rescale": 3.9243930471874484, "target_rescale": 4.008760771349043},
{"mapping": [7, 11, 0, 6, 4, 12, 9, 10, 1, 2, 5, 8, 13], "R": [[0.469424692664385, -0.6374288035129767, -0.6110032556124089], [-0.8198327319516157, -0.5716210008587128, -0.03352197783594722], [-0.3278944182777408, 0.5166565124231943, -0.7909180100573028]], "T": [-0.04239006859211947, -0.04946816870038825, -0.15324781604168328], "aligned_model": [[0.06460719986360144, -0.3394184975433705, 0.6138721790292779, 0.3114944662577597, 0.6304855159105218, -0.5201357090333355, -0.18027254309386467, 0.21238330718739384, 0.2732159160553601, -0.27543649591505914, 0.17214212935135736, -0.6448878963955109, -0.040843685362779096], [-0.5964965626747666, 0.05242631421860037, -0.10697521851038415, -0.627753961565106, -0.08650016140152081, -0.3857607624171791, -0.5532023934557326, 0.3264188614239608, 0.555125668733435, 0.4912866015828647, 0.11661560243462415, -0.03872650191653133, -0.018627932770677275], [-0.6658846210020131, -0.808222056685227, -0.5389156231419546, 0.1172747862446096, 0.11312297417587588, -0.1481491912114377, 0.48934870605766934, -0.7930775366845157, -0.024748873373964753, 0.19461867689048237, 0.5540988628342232, 0.4719628250128506, -0.17435861374563394]], "inverted": false, "swapped": true, "error_lsq": 0.04952928772976674, "error_max": 0.26391375439791814, "target": "1024.xyz", "model": "4.xyz", "model_rescale": 3.8936222436046832, "target_rescale": 4.008760771349043},
{"mapping": [6, 12, 5, 4, 2, 3, 11, 10, 0, 7, 1, 13], "R": [[-0.7319323882486273, 0.6174435078686966, 0.28816400473247783], [0.6812800340415637, 0.6560160328813058, 0.3248083739976532], [0.01151061462244865, 0.43405815185695146, -0.9008113157357324]], "T": [-0.1663242865834863, -0.08905581962746284, -0.06834612079366317], "aligned_model": [[0.20460657831009826, -0.524449679372522, -0.2440389818375752, 0.3687688246177131, -0.6227314048698053, -0.6745080722852173, -0.24492150345479574, 0.18892579757822753, 0.5743415442148728, 0.23101394263286346, -0.06421318976627936, -0.16524581355248302], [-0.4919226543665078, -0.5477364116546377, 0.23145561080645077, 0.11334010318563018, 0.4016415486515941, 0.0027515631937087004, -0.17356729090353962, 0.2511182959372453, -0.003093426221187842, -0.6463813509621508, 0.5937717312677797, -0.06245481382457777], [-0.5509845025242076, -0.016212455453374908, -0.750387216482502, -0.5130905095811691, -0.20489681071718494, 0.29317409262039973, 0.6487870034475759, 0.5429325003297502, 0.09521258387261575, 0.255684058042864, -0.13886337910802912, -0.04207064517121967]], "inverted": true, "swapped": true, "error_lsq": 0.04617377809047391, "error_max": 0.21977767071606094, "target": "1024.xyz", "model": "5.xyz", "model_rescale": 3.6523030999806103, "target_rescale": 4.008760771349043},
{"mapping": [8, 9, 6, 12, 7, 2, 4, 3, 1, 10, 0, 11, 13], "R": [[0.42672994166629025, 0.47202749846972314, 0.7714218026306361], [0.9015140987413685, -0.28986200805527657, -0.321329030833974], [0.07192973415787607, 0.8325683497314671, -0.549232242652777]], "T": [0.06260060647204804, -0.04583003538126412, 0.03065873627114491], "aligned_model": [[0.08377196870677445, 0.14136296136524054, 0.0965782870935544, 0.5503322991162969, 0.6140152872773604, -0.3292727525612339, -0.4331478200101423, 0.26220602254531866, -0.573222149397986, -0.0018841432115080659, -0.08038192667347802, 0.4982310607559227, 0.05249380965817477], [-0.6560080938257105, 0.003812604455497179, 0.5124282418348152, -0.24184456686465694, 0.44602469882432993, -0.6040287839816556, 0.46525970060944793, -0.6114183358722078, -0.15672293146206212, 0.06994314683741235, 0.5880975219431455, -0.21681514218197276, -0.05790115615319928], [0.6481066061476338, 0.8534722849809924, 0.4997263366467798, 0.2857189271325098, -0.13518981905276606, 0.08152014912936034, 0.165221353627123, -0.16336129496158128, -0.2244589087313748, -0.7426593685064996, -0.36986430069984605, -0.5248498862667401, -0.0032723399638020997]], "inverted": false, "swapped": true, "error_lsq": 0.04629894066681525, "error_max": 0.3287778025296577, "target": "1024.xyz", "model": "6.xyz", "model_rescale": 4.08911054899281, "target_rescale": 4.008760771349043},
{"mapping": [8, 11, 13, 7, 9, 1, 3, 4, 2, 0, 10, 5, 6, 14], "R": [[0.8802226658373594, 0.15522344428945262, 0.4484570669407407], [-0.47446407904760635, 0.30694113162168296, 0.8250278658398805], [-0.009586252640089082, -0.938984996718116, 0.343824489672566]], "T": [-0.06574836512859575, -0.07133902533571013, 0.007046540029417438], "aligned_model": [[0.4987919320785714, -0.2979874073010158, -0.796624384044561, -0.4084566364002734, 0.24952670084388115, -0.3435946409156585, 0.6169370073766801, 0.516428635805187, -0.45581629415560276, 0.2304216511341491, 0.031248616444735394, -0.001198772702276668, 0.0865270316756693, -0.04376859946894906], [-0.43637869823358344, -0.5309397892760235, -0.05762914958090243, 0.36799136314216724, -0.21111839420607784, 0.14702934574497625, 0.2862741607912046, -0.05819652843675638, 0.6223214837275699, 0.6750245196024712, -0.7567742688604607, -0.22253793913003117, 0.3955309994474058, -0.11836209411992077], [-0.10779797801494118, -0.27466825907328146, -0.032027833055264555, 0.5444745027363337, -0.6969567758164973, -0.6356530479572425, -0.17324468976633006, 0.40421993297167175, -0.12265177222601517, -0.4827299021951201, 0.20715903589564813, 0.7510045147620913, 0.09641963408233614, -0.15002186350769736]], "inverted": true, "swapped": false, "error_lsq": 0.0451541117686916, "error_max": 0.291538144685032, "target": "1024.xyz", "model": "7.xyz", "model_rescale": 3.964800864290218, "target_rescale": 4.008760771349043},
{"mapping": [1, 2, 4, 6, 7, 12, 8, 5, 11, 9, 0, 3, 10, 13], "R": [[0.0005639956420782632, -0.9679573987957959, 0.2511138308126263], [-0.20659509543853521, 0.24558368521043145, 0.9471045982884921], [-0.9784263633251398, -0.052413048708697646, -0.19983674305642946]], "T": [-0.037923659706810636, -0.047549758501714806, -0.017401201447219593], "aligned_model": [[0.43658322155621454, -0.35581917272901165, -0.7208933383505287, -0.4927850402225622, 0.17671272723766804, -0.19678369413225294, 0.6025980636987528, 0.6879245627382508, -0.5470994236064612, 0.11595410610275703, -0.1262320372408886, 0.003994247318909294, 0.2744511167569611, 0.023829501242727903], [-0.6026735858522564, -0.5728388161744348, -0.0474801448045086, 0.03286639710812797, -0.29779758974491666, 0.2413018564405757, 0.22709111572267718, 0.161741781825579, 0.605389938153917, 0.5609697964061646, -0.6552651214513185, -0.1796171870789452, 0.6306140111322627, -0.002067441070884919], [-0.19002984076908325, -0.2656401517425941, -0.18665192735724845, 0.3335121633748926, -0.6484007333957043, -0.69710935300651, -0.3419961697663684, 0.34094518417590064, -0.05668374823506043, -0.30003579110812095, 0.351438927355319, 0.6944722276692127, 0.325600130317358, -0.03189541867630112]], "inverted": false, "swapped": false, "error_lsq": 0.03686058036810278, "error_max": 0.26153700472307245, "target": "1024.xyz", "model": "8.xyz", "model_rescale": 4.121658175737393, "target_rescale": 4.008760771349043},
{"mapping": [5, 4, 6, 9, 1, 2, 0, 11, 7, 10, 8, 12, 13], "R": [[0.8382599296846496, 0.247683125277539, 0.4857708922299046], [-0.25520355261388633, 0.9654936310297708, -0.05189600345113425], [-0.48186246691181295, -0.08046811724962681, 0.8725442367513307]], "T": [-0.019407662835651155, -0.014687155343192645, 0.04222511812430726], "aligned_model": [[-0.5485623297745265, -0.17075310229614166, 0.3039727134397342, 0.0734516709163783, -0.6179055096412309, -0.6468900844213967, 0.193863647148209, 0.26051202421910824, 0.7085985679607566, -0.01284538309545261, -0.3236682536897502, 0.2913169192704693, -0.034353383600960144], [0.21882976435897283, -0.3093491068788155, 0.10218856634440793, 0.6547493771726011, -0.3627231435132805, 0.18181911860877198, -0.6972618125173282, -0.2488714971631757, -0.22311914640334593, -0.7210466837072204, 0.7953746638771954, 0.43925057190507694, -0.03945323267215006], [-0.44707273980609646, -0.6022554563355007, -0.6016664864977991, -0.43623272667200896, -0.005983826922630088, 0.23034356664918856, -0.2248592160958964, 0.6702396816550188, 0.035296475009232685, 0.3836863267756521, 0.11456254616395833, 0.23907626843886923, 0.06594102159710083]], "inverted": false, "swapped": true, "error_lsq": 0.04006834471035373, "error_max": 0.2376151604422288, "target": "1024.xyz", "model": "9.xyz", "model_rescale": 3.833441315466971, "target_rescale": 4.008760771349043},
{"mapping": [3, 5, 0, 12, 2, 13, 9, 7, 10, 8, 4, 6, 11, 14], "R": [[-0.2375269133070827, 0.9589758198886305, 0.15474605753859788], [0.8607252024378447, 0.13393911929820218, 0.49113382922575544], [0.45025891589522266, 0.24985133417804956, -0.8572288022846104]], "T": [-0.09448228329326248, 0.005785605782963305, 0.052019065059894704], "aligned_model": [[0.6323487128499015, -0.34685618940908824, -0.7288164247218811, -0.38742349960413436, 0.1661707922014185, -0.4009014654399818, 0.5737998123335479, 0.5099913232135955, -0.39175629420192765, 0.21384580889857596, 0.0836212140368467, -0.18078709616920838, 0.14753885717221155, -0.00834071078933965], [-0.4505575310627072, -0.5070585966581069, 0.07243060838428454, 0.20372585849650118, -0.2182700186702552, -0.06602023789153252, 0.1366100586447804, 0.14906249641284736, 0.7487813371477701, 0.6071089665526717, -0.7523920590363629, -0.38150756890702076, 0.5685373392631209, -0.008215642063951954], [-0.0813581977963431, -0.30955172607433623, -0.1867310183954908, 0.5398972849598822, -0.5792568701013288, -0.6805365622076763, -0.3886555651728424, 0.2928454930736005, -0.13596936312604616, -0.3364437590748023, 0.22336185860002658, 0.6031860489748576, 0.3521412652991298, 0.014596609877061198]], "inverted": false, "swapped": false, "error_lsq": 0.04262017314238059, "error_max": 0.262226832373875, "target": "1024.xyz", "model": "10.xyz", "model_rescale": 4.2482417240324, "target_rescale": 4.008760771349043},
{"mapping": [3, 11, 7, 0, 8, 9, 12, 4, 1, 5, 2, 13], "R": [[0.8164059229573059, -0.4099720518850458, -0.4066992569865293], [-0.0073889389354110935, 0.6967937362519975, -0.71723349942776], [0.5774311842476456, 0.5885587530511693, 0.5658372748990778]], "T": [0.0356921496710898, -0.013569435722030905, -0.0024773940857623633], "aligned_model": [[-0.5419258245332477, -0.1691210938351052, 0.4426459448176694, 0.706881123818398, -0.6055882919985319, 0.02336488205618828, -0.25007830473751225, 0.6101707266604276, 0.042529490007383514, 0.04565590637185091, -0.45518028621299755, 0.027411329948483786], [-0.26021862033034454, -0.6572258339519463, -0.28975574354390765, -0.35711436976816086, 0.5693922227306447, 0.7706223641512708, 0.11948150851257772, 0.24139008235762943, -0.11968075295320355, 0.5808825308449438, 0.1129240545567805, -0.044566052555644914], [0.05135452865248813, 0.264651049669911, 0.5733652103285201, -0.12167930320971128, 0.05158240157647152, 0.2631940113447017, 0.4894497297343154, -0.3631106250909038, -0.6882954918402431, -0.47202482523912886, -0.4615864273047909, -0.021707968767273187]], "inverted": false, "swapped": true, "error_lsq": 0.044321286037513084, "error_max": 0.2781395948479541, "target": "1024.xyz", "model": "11.xyz", "model_rescale": 3.6694154284099745, "target_rescale": 4.008760771349043},
{"mapping": [9, 6, 0, 12, 11, 4, 8, 10, 1, 3, 7, 10, 2, 13], "R": [[0.26791363124895246, 0.637775153573946, 0.7221254320924659], [0.1526318693967673, 0.7119636240800771, -0.6854278302135179], [-0.9512758793512264, 0.29385481359081533, 0.09339994589965588]], "T": [-0.09977532862973072, -0.08800456737058229, -0.036503760001384125], "aligned_model": [[0.6266098882351456, -0.360139099139732, -0.7875103335944658, -0.3573346303275037, 0.25660806677782355, -0.28863652509615956, 0.5616012229366147, 0.2619202338801968, -0.40077515565180744, 0.09988970682692398, 0.0604224284718861, 0.2619202338801968, 0.14897293517517624, -0.20111413200375922], [-0.4299937827656475, -0.48376493852936797, 0.03602122473151051, 0.09464040760751805, -0.35729487129327175, 0.2109627411202076, 0.21414303760222977, -0.11604913506955639, 0.7031122435716849, 0.6254923293297783, -0.7243597119595613, -0.11604913506955639, 0.47502548890734, -0.029650887571268977], [-0.026800143988610567, -0.34543622686064074, -0.18608995677455908, 0.5652208609762636, -0.6242981599390519, -0.6866027114490343, -0.24599297967269024, 0.48495439708473087, -0.039109461208171645, -0.4750296459173343, 0.3121423744161587, 0.48495439708473087, 0.18129208562942983, -0.07167933054552891]], "inverted": false, "swapped": false, "error_lsq": 0.05268332656994694, "error_max": 0.43484063226971376, "target": "1024.xyz", "model": "12.xyz", "model_rescale": 3.9764082729961374, "target_rescale": 4.008760771349043},
{"mapping": [8, 7, 4, 6, 2, 0, 1, 11, 5, 9, 3, 14, 13, 15], "R": [[-0.45910973759940854, -0.7242499284062957, 0.5144708835734809], [0.8161605460066402, -0.5725755881745488, -0.07771202589504878], [0.35085639795156287, 0.38421248942485653, 0.8539792450559963]], "T": [0.05332472730961195, 0.12143348161406103, -0.03282294578999731], "aligned_model": [[0.5137232282875184, -0.2823010827293682, -0.6464356620174359, -0.4338819150679611, 0.27892809055790685, -0.29980158374253185, 0.5427353748448575, 0.5471326990856206, -0.536571642098228, -0.015970612812371485, 0.04650895059533809, -0.01712484374535274, 0.2030295122065121, -0.017535672993968007], [-0.4086356878575958, -0.44710365018882864, -0.015533802346505698, 0.31079466820202073, -0.2466806183442541, 0.07676008954043195, 0.2270392186628709, -0.2317407627183415, 0.6901136761776203, 0.5175461876730914, -0.6758978371244346, -0.14501299158183956, 0.4040758119662416, 0.04651070855156188], [-0.11475421284643675, -0.4004566552346186, -0.11907306134094611, 0.524340256814413, -0.7035349896725096, -0.665605712610967, -0.4235238859507614, 0.47900352763640885, -0.2101616485745838, -0.47980393694464707, 0.2367317994105355, 0.7174111339709177, 0.4888880246322861, -0.0019351404533994067]], "inverted": false, "swapped": false, "error_lsq": 0.042827723828010464, "error_max": 0.2711788822274535, "target": "1024.xyz", "model": "13.xyz", "model_rescale": 4.170626492500431, "target_rescale": 4.008760771349043},
{"mapping": [6, 11, 9, 10, 3, 1, 2, 4, 7, 0, 5, 12, 8, 13], "R": [[0.13345765808889237, -0.47706632872103427, 0.8686752969309435], [-0.8205727066596825, 0.4383221764216099, 0.3667889076052141], [-0.5557422843212774, -0.7617620282330025, -0.33297015746116243]], "T": [0.04026250277020513, 0.05394282832201549, -0.08505917636296009], "aligned_model": [[0.43773260474540276, -0.27929236554867665, -0.7142151326542724, -0.44046319916901433, 0.05510491502235623, -0.3494840986547161, 0.6281104479589914, 0.5728264261771661, -0.3660149710966478, 0.17376195430647387, 0.17486115092289486, -0.04708361558467766, 0.003139797704068803, 0.03345092624118721], [-0.682211314885361, -0.5761777891419271, -0.1103292268898261, 0.10890501548441428, -0.2908850669698637, 0.3799845961354185, 0.13137113749343385, 0.18131033975389346, 0.7524922085952085, 0.5702556249980613, -0.7002993281010945, -0.12903934928650843, 0.5132102652870457, -0.04635210186085529], [-0.17214455116566135, -0.10724801841718914, -0.3301808359213223, 0.2051308690421149, -0.6820072728143968, -0.6617816592038678, -0.3703166346572552, 0.36573602670607874, -0.018747937216681596, -0.35237434420039937, 0.40506509537423174, 0.6182148096994781, 0.49739392811590544, -0.06921397650534339]], "inverted": true, "swapped": false, "error_lsq": 0.051597558129758414, "error_max": 0.26180017022908003, "target": "1024.xyz", "model": "14.xyz", "model_rescale": 3.9786697098870705, "target_rescale": 4.008760771349043},
{"mapping": [2, 10, 5, 8, 4, 6, 11, 7, 9, 12, 0, 13], "R": [[-0.009038238011894961, -0.8501988267254954, 0.5263841423221557], [-0.766256585613915, 0.34410287036565856, 0.542626998599793], [-0.6424711318471402, -0.39844092365205896, -0.6545805337025756]], "T": [-0.029781537192270453, -0.0664016851680014, -0.038885706833575284], "aligned_model": [[0.05990620627915353, -0.80919652473984, 0.44794852641405974, 0.6283629036428755, 0.06955846552560926, 0.3995294116146893, -0.5725243903025438, -0.22973546733513198, 0.7875592285536688, 0.23778823954257644, -0.47305433432033633, -0.0627876681074441], [-0.5020649966757996, 0.010142665897672681, 0.06040211454550051, -0.6193814597693756, 0.5616535440816559, 0.49489358070104406, -0.37907791325436757, 0.25705286092837065, 0.016335041397635475, -0.36243521524490363, 0.554897533289121, -0.07774326567211458], [-0.5583960950396896, -0.08617041203340145, -0.6130302790543452, -0.1616318899943073, -0.3863975936180232, 0.14406492675457017, 0.3288960232028231, 0.6160040209077613, 0.06503129324735812, 0.3878814019890071, -0.02394032844092702, -0.05234457404699588]], "inverted": true, "swapped": true, "error_lsq": 0.05255853208908937, "error_max": 0.30087581258739643, "target": "1024.xyz", "model": "15.xyz", "model_rescale": 3.769337070930944, "target_rescale": 4.008760771349043},
{"mapping": [12, 7, 2, 3, 9, 6, 5, 0, 1, 10, 13], "R": [[-0.20602428106449433, -0.0320082990880419, 0.9780232432827703], [0.9740264755501602, -0.10266527191760422, 0.20182236464132974], [0.09394903160326729, 0.9942008402388198, 0.05232846958619608]], "T": [-0.06432531764669304, 0.05528954137683511, -0.036072177055291664], "aligned_model": [[-0.3306579840332099, -0.27814104227862757, -0.0535332377100574, -0.5841699410877215, 0.38483111579219653, 0.45890708678858017, 0.5656702593563816, 0.10814776404235137, 0.14784042609985315, -0.4129698748136352, -0.08329844146494045], [-0.0022876956932997086, -0.6686085499309262, 0.7371772919750094, 0.40321775046131586, 0.07614745631936026, -0.37386633175889467, 0.46995585037695337, -0.45492383630054506, 0.44901752392967514, -0.1062309308184774, 0.06646596906517138], [-0.55290036331387, -0.0972225030741227, 0.015406773709148815, -0.11407056870721571, -0.7314235140522682, -0.309722114173557, -0.10751888616384875, 0.5049104485402013, 0.49460361569422584, 0.6479897453313794, -0.005835026566295632]], "inverted": true, "swapped": true, "error_lsq": 0.04742011944376232, "error_max": 0.23753470426806672, "target": "1024.xyz", "model": "16.xyz", "model_rescale": 3.7852294659196426, "target_rescale": 4.008760771349043},
{"mapping": [11, 1, 4, 10, 3, 2, 9, 5, 0, 7, 12, 6, 13], "R": [[-0.9546001830972984, 0.27109359297280017, 0.12347774811561009], [-0.2814816745796444, -0.9565498514230572, -0.07602926159293322], [0.09750157591774332, -0.1073342703502719, 0.9894305418279402]], "T": [-0.056752786430486826, 0.10634824345323217, -0.026385291391081284], "aligned_model": [[-0.09433998574227645, -0.2596174051802745, 0.3402306821992861, 0.1136935801802569, -0.5563084548412078, -0.6798385844269627, -0.06707016386700279, -0.2623136625410245, 0.5731689692559596, 0.5410298999611887, -0.18156639894004445, 0.4540995499357688, -0.06740217577738397], [-0.041337454526248776, -0.48677152765369586, -0.1263451295347484, -0.5390760100245435, 0.10892714619382252, -0.07447306800155896, 0.7911948710243809, 0.10611606314066648, -0.32451906454084783, 0.301804984391308, 0.6207964813907373, 0.4644741753781214, 0.07426415646548101], [-0.7365794664033609, 0.2714531004534758, 0.5333863034460143, -0.43864512811002443, -0.4108507693171728, 0.18995979738115906, 0.43898411521622116, 0.7027867592325227, -0.04308261091576271, -0.4482116719593501, -0.27361832749229487, 0.3525697295479556, -0.04239713393620892]], "inverted": true, "swapped": true, "error_lsq": 0.05317917329535272, "error_max": 0.29003560833488784, "target": "1024.xyz", "model": "17.xyz", "model_rescale": 3.901054581598922, "target_rescale": 4.008760771349043},
{"mapping": [4, 5, 13, 12, 8, 2, 1, 6, 3, 0, 10, 11, 7, 14], "R": [[0.14458781024528644, -0.9738251486140389, -0.17538228261519997], [0.5349704092320858, 0.2260404888803551, -0.8140714702240734], [0.8324067673766999, 0.023880479760148787, 0.5536503375885338]], "T": [-0.010896534325618231, -0.05805483829193737, -0.055730996735019016], "aligned_model": [[0.6066345617346238, -0.4049236317548386, -0.7303702069514314, -0.40390616005216756, 0.16596734387126988, -0.4234637361116686, 0.6055471831811202, 0.5136987826032184, -0.43073178335624784, 0.13490965071388716, 0.12890307174408785, -0.03475488896575183, 0.20010201372858147, -0.04517736001414658], [-0.5233140482518464, -0.44138276529799636, -0.005480975966200202, 0.3203031399048174, -0.30549823103293794, 0.1426322766632979, 0.24399648376445415, 0.03947131183576457, 0.5732756632404298, 0.6004061550460685, -0.8054619412538316, -0.1641968858949186, 0.4829181009230621, -0.05543327306812395], [-0.22235387288330008, -0.35219076443438374, -0.13996769716337804, 0.44861390360437436, -0.6455692695843246, -0.7436634700850424, -0.17592954675245678, 0.4724869022117536, -0.14828396005361777, -0.40311291214806577, 0.2513397454624816, 0.7347724084260137, 0.2644328918491687, -0.013048859613530882]], "inverted": false, "swapped": false, "error_lsq": 0.04053135195483987, "error_max": 0.24100666659242373, "target": "1024.xyz", "model": "18.xyz", "model_rescale": 3.9405287249114394, "target_rescale": 4.008760771349043},
{"mapping": [7, 0, 1, 2, 4, 12, 13, 9, 3, 14, 8, 5, 10, 15], "R": [[-0.04984148919308895, 0.9311793704306998, 0.36113820905479005], [0.6159952484177537, -0.2559632555932983, 0.7450051447559475], [0.7861715333702726, 0.25959158667099713, -0.5608444777724649]], "T": [0.019212902958492144, 0.00936087588452169, -0.10907090195932079], "aligned_model": [[0.523187702533356, -0.35838370382775525, -0.6394700057376781, -0.4310054711323629, 0.06898835754252826, -0.11030367285533127, 0.6102142668022913, 0.6475569414581648, -0.5534090759161541, 0.19307867658032657, -0.010677249388457578, 0.07504007491748221, -0.1358385458660565, 0.0034565452601826446], [-0.4777421325367488, -0.5474904540732245, -0.018603384691999854, 0.1856532375066602, -0.4700348362490844, 0.18619338317035697, 0.2660588745231238, -0.18267311439074552, 0.6091164075851258, 0.7451582196053455, -0.6642298606675022, -0.22119319596549503, 0.6648299692230596, 0.027191897573167645], [-0.17514366126121683, -0.2505334652888202, -0.13863861917590214, 0.6131130786700774, -0.6589501468167202, -0.6111613152972574, -0.2992112995650704, 0.2875606182422582, -0.30355988976627923, -0.2767370100803327, 0.23393675678889903, 0.6877921914157623, 0.29617390410472966, -0.07711564313443563]], "inverted": false, "swapped": false, "error_lsq": 0.044508478521723786, "error_max": 0.27838710102476133, "target": "1024.xyz", "model": "19.xyz", "model_rescale": 4.410303926677745, "target_rescale": 4.008760771349043},
{"mapping": [1, 2, 4, 6, 7, 12, 8, 5, 11, 9, 0, 3, 10, 13], "R": [[0.0005639956420782632, -0.9679573987957959, 0.2511138308126263], [-0.20659509543853521, 0.24558368521043145, 0.9471045982884921], [-0.9784263633251398, -0.052413048708697646, -0.19983674305642946]], "T": [-0.037923659706810636, -0.047549758501714806, -0.017401201447219593], "aligned_model": [[0.43658322155621454, -0.35581917272901165, -0.7208933383505287, -0.4927850402225622, 0.17671272723766804, -0.19678369413225294, 0.6025980636987528, 0.6879245627382508, -0.5470994236064612, 0.11595410610275703, -0.1262320372408886, 0.003994247318909294, 0.2744511167569611, 0.023829501242727903], [-0.6026735858522564, -0.5728388161744348, -0.0474801448045086, 0.03286639710812797, -0.29779758974491666, 0.2413018564405757, 0.22709111572267718, 0.161741781825579, 0.605389938153917, 0.5609697964061646, -0.6552651214513185, -0.1796171870789452, 0.6306140111322627, -0.002067441070884919], [-0.19002984076908325, -0.2656401517425941, -0.18665192735724845, 0.3335121633748926, -0.6484007333957043, -0.69710935300651, -0.3419961697663684, 0.34094518417590064, -0.05668374823506043, -0.30003579110812095, 0.351438927355319, 0.6944722276692127, 0.325600130317358, -0.03189541867630112]], "inverted": false, "swapped": false, "error_lsq": 0.03686058036810278, "error_max": 0.26153700472307245, "target": "1024.xyz", "model": "20.xyz", "model_rescale": 4.121658175737393, "target_rescale": 4.008760771349043},
{"mapping": [8, 9, 6, 12, 7, 2, 4, 3, 1, 10, 0, 11, 13], "R": [[0.42672994166629025, 0.47202749846972314, 0.7714218026306361], [0.9015140987413685, -0.28986200805527657, -0.321329030833974], [0.07192973415787607, 0.8325683497314671, -0.549232242652777]], "T": [0.06260060647204804, -0.04583003538126412, 0.03065873627114491], "aligned_model": [[0.08377196870677445, 0.14136296136524054, 0.0965782870935544, 0.5503322991162969, 0.6140152872773604, -0.3292727525612339, -0.4331478200101423, 0.26220602254531866, -0.573222149397986, -0.0018841432115080659, -0.08038192667347802, 0.4982310607559227, 0.05249380965817477], [-0.6560080938257105, 0.003812604455497179, 0.5124282418348152, -0.24184456686465694, 0.44602469882432993, -0.6040287839816556, 0.46525970060944793, -0.6114183358722078, -0.15672293146206212, 0.06994314683741235, 0.5880975219431455, -0.21681514218197276, -0.05790115615319928], [0.6481066061476338, 0.8534722849809924, 0.4997263366467798, 0.2857189271325098, -0.13518981905276606, 0.08152014912936034, 0.165221353627123, -0.16336129496158128, -0.2244589087313748, -0.7426593685064996, -0.36986430069984605, -0.5248498862667401, -0.0032723399638020997]], "inverted": false, "swapped": true, "error_lsq": 0.04629894066681525, "error_max": 0.3287778025296577, "target": "1024.xyz", "model": "21.xyz", "model_rescale": 4.08911054899281, "target_rescale": 4.008760771349043},
{"mapping": [2, 11, 5, 6, 15, 9, 14, 4, 10, 12, 1, 0, 7, 16], "R": [[-0.48425468572610947, 0.7596510925143025, -0.4340825002164149], [-0.8517299522383219, -0.295816515285938, 0.43249124585844534], [0.20013367485861241, 0.5791569795192935, 0.7902681223873806]], "T": [0.018774415811463458, -0.0041649025464213715, -0.045004992340514006], "aligned_model": [[0.5538070897371454, -0.3809976191168151, -0.6178053093504069, -0.46112423629457067, 0.23506321698643254, -0.2296163391390586, 0.38409214635582434, 0.6074120315882179, -0.5020515930430494, 0.18570028071734124, -0.01326360881845683, 0.1339617478761464, -0.056635530991048635, 0.04389256386283459], [-0.488345053357682, -0.5700901572223471, 0.08632749147373511, 0.10269110253604902, -0.4924987472302413, 0.31833000058232763, 0.16546524355221248, -0.06348759268803741, 0.6112678154838597, 0.670095492941961, -0.7514304142510938, -0.06333231532857556, 0.5671404063033382, 0.010101737816533543], [-0.021267916581851433, -0.3702801934667899, -0.3353606950320682, 0.5152121141780174, -0.5412470990956613, -0.6296815541023201, -0.5445959802811867, 0.3241545417294852, -0.07844519708684242, -0.2949613500019263, 0.22063800354043497, 0.7187426714698317, 0.37179204701168306, -0.007173893445114571]], "inverted": true, "swapped": false, "error_lsq": 0.041942279300108076, "error_max": 0.23729968280605154, "target": "1024.xyz", "model": "22.xyz", "model_rescale": 4.204369325754507, "target_rescale": 4.008760771349043},
{"mapping": [7, 0, 1, 2, 4, 12, 13, 9, 3, 14, 8, 5, 10, 15], "R": [[-0.04984148919308895, 0.9311793704306998, 0.36113820905479005], [0.6159952484177537, -0.2559632555932983, 0.7450051447559475], [0.7861715333702726, 0.25959158667099713, -0.5608444777724649]], "T": [0.019212902958492144, 0.00936087588452169, -0.10907090195932079], "aligned_model": [[0.523187702533356, -0.35838370382775525, -0.6394700057376781, -0.4310054711323629, 0.06898835754252826, -0.11030367285533127, 0.6102142668022913, 0.6475569414581648, -0.5534090759161541, 0.19307867658032657, -0.010677249388457578, 0.07504007491748221, -0.1358385458660565, 0.0034565452601826446], [-0.4777421325367488, -0.5474904540732245, -0.018603384691999854, 0.1856532375066602, -0.4700348362490844, 0.18619338317035697, 0.2660588745231238, -0.18267311439074552, 0.6091164075851258, 0.7451582196053455, -0.6642298606675022, -0.22119319596549503, 0.6648299692230596, 0.027191897573167645], [-0.17514366126121683, -0.2505334652888202, -0.13863861917590214, 0.6131130786700774, -0.6589501468167202, -0.6111613152972574, -0.2992112995650704, 0.2875606182422582, -0.30355988976627923, -0.2767370100803327, 0.23393675678889903, 0.6877921914157623, 0.29617390410472966, -0.07711564313443563]], "inverted": false, "swapped": false, "error_lsq": 0.044508478521723786, "error_max": 0.27838710102476133, "target": "1024.xyz", "model": "23.xyz", "model_rescale": 4.410303926677745, "target_rescale": 4.008760771349043},
{"mapping": [6, 7, 1, 10, 12, 0, 5, 15, 3, 2, 14, 9, 4, 16], "R": [[-0.76976799280739, 0.15138824045552635, 0.6201119559410722], [-0.38260094960961355, -0.8870488898238509, -0.2583810759713179], [0.5109537656257213, -0.436148905437184, 0.7407431279997421]], "T": [-0.03306977442797314, -0.12395307707167366, 0.0474766539302261], "aligned_model": [[0.5961789045137527, -0.4440773136119211, -0.8624309654030791, -0.37251318729974936, 0.2858012173327813, -0.17669631448376005, 0.4858608754504306, 0.564272377132401, -0.449662276696863, 0.042624184412434166, 0.18057942760918194, 0.018987708520070104, 0.11818388906661224, -0.10467368617175538], [-0.49849652936783306, -0.43515711887092046, 0.021518218431474473, 0.2012172546166133, -0.20612909719506528, 0.1524058579769075, 0.153545166343691, -0.20521751467785077, 0.6434886221145583, 0.6441423683454016, -0.6891737642945371, -0.18744779984638615, 0.5429882429883525, -0.03544889595236672], [-0.15663457102314307, -0.3722324641313977, -0.1178517061878343, 0.49783914251392836, -0.6858338035936595, -0.6405516645978597, -0.1745768057277968, 0.4294355993478248, -0.16870593102414846, -0.4395487689205643, 0.3524841673111861, 0.6685067838573182, 0.12619118795798298, 0.009004333053855507]], "inverted": false, "swapped": false, "error_lsq": 0.04058389444765768, "error_max": 0.26159305960761736, "target": "1024.xyz", "model": "24.xyz", "model_rescale": 4.28219845311461, "target_rescale": 4.008760771349043},
{"mapping": [14, 13, 7, 4, 12, 9, 11, 6, 3, 5, 2, 0, 1, 15], "R": [[0.8071783624312564, -0.4152891528394912, -0.4195211684249719], [0.5385062770692691, 0.8091535408585152, 0.23512026044797396], [0.24181414511932783, -0.4156987693630875, 0.8767670456684739]], "T": [0.02265738086146291, 0.015984793792198713, -0.07634818429473311], "aligned_model": [[0.5483812600450946, -0.262442209220253, -0.7198922579694452, -0.5364833519257102, 0.13178466720714993, -0.24628936451873223, 0.3607389913994202, 0.6743880451838268, -0.49682214127953656, 0.3178717800002961, 0.060110066350290675, 0.03050941499531074, 0.00241819992027548, 0.01816174018254905], [-0.5264593536720846, -0.4735138517917287, -0.05685711348799217, -0.004026692393607319, -0.38964829244989524, 0.27732354213462235, 0.03996283915071997, -0.1152755871112758, 0.5822916826044021, 0.7736943244186135, -0.5529304184366576, -0.025871851437374728, 0.5641419138613022, 0.009403869222995126], [-0.17388471402841937, -0.255305600021891, -0.29739138406820953, 0.39440626803107404, -0.7150757748633296, -0.6387034017890546, -0.5024971596606728, 0.5321047625697118, 0.021031888717286173, -0.3293410827190516, 0.302746529506699, 0.73835454605904, 0.2537904928078562, -0.002709871705346756]], "inverted": true, "swapped": false, "error_lsq": 0.04678854020233398, "error_max": 0.29452135975673843, "target": "1024.xyz", "model": "25.xyz", "model_rescale": 4.100010024507729, "target_rescale": 4.008760771349043},
{"mapping": [3, 11, 7, 0, 8, 9, 12, 4, 1, 5, 2, 13], "R": [[0.8164059229573059, -0.4099720518850458, -0.4066992569865293], [-0.0073889389354110935, 0.6967937362519975, -0.71723349942776], [0.5774311842476456, 0.5885587530511693, 0.5658372748990778]], "T": [0.0356921496710898, -0.013569435722030905, -0.0024773940857623633], "aligned_model": [[-0.5419258245332477, -0.1691210938351052, 0.4426459448176694, 0.706881123818398, -0.6055882919985319, 0.02336488205618828, -0.25007830473751225, 0.6101707266604276, 0.042529490007383514, 0.04565590637185091, -0.45518028621299755, 0.027411329948483786], [-0.26021862033034454, -0.6572258339519463, -0.28975574354390765, -0.35711436976816086, 0.5693922227306447, 0.7706223641512708, 0.11948150851257772, 0.24139008235762943, -0.11968075295320355, 0.5808825308449438, 0.1129240545567805, -0.044566052555644914], [0.05135452865248813, 0.264651049669911, 0.5733652103285201, -0.12167930320971128, 0.05158240157647152, 0.2631940113447017, 0.4894497297343154, -0.3631106250909038, -0.6882954918402431, -0.47202482523912886, -0.4615864273047909, -0.021707968767273187]], "inverted": false, "swapped": true, "error_lsq": 0.044321286037513084, "error_max": 0.2781395948479541, "target": "1024.xyz", "model": "26.xyz", "model_rescale": 3.6694154284099745, "target_rescale": 4.008760771349043},
{"mapping": [5, 8, 10, 2, 7, 9, 3, 1, 11, 12, 0, 0, 6, 13], "R": [[0.49229028693776045, -0.20776156983695204, -0.8452723841967292], [0.5606064616945327, -0.6671884564006145, 0.49048950931911073], [-0.6658608476949776, -0.7153283817552962, -0.21197791810062477]], "T": [-0.07703440745125444, -0.0627352811945005, -0.10526537208912641], "aligned_model": [[0.35295229866054856, -0.332455396140723, -0.6697904355095786, -0.33228996386630744, 0.3754148062024175, -0.23363129851370157, 0.47365935373436796, 0.6846428725614422, -0.6134951858294732, -0.040177766465095896, -0.008042084938634494, -0.008042084938634494, 0.33209166087164055, -0.0984019354577319], [-0.7040741914889987, -0.5369314923671389, -0.07952020486960937, 0.25947541840593485, -0.24499214233818342, 0.1885129617100862, 0.3416416448126655, -0.1539562185581732, 0.6068736966581814, 0.7284998556625701, -0.3226050542474335, -0.3226050542474335, 0.37935280517619063, -0.03743701369661975], [0.0672870385881452, -0.449148003631428, -0.20650408716580426, 0.436172077839785, -0.5030098508046327, -0.719443904453525, -0.5365969190895402, 0.33196810718104824, -0.10224555651292923, -0.15344586166156132, 0.4985898287834613, 0.4985898287834613, 0.2239221366534468, -0.05860933567423556]], "inverted": false, "swapped": false, "error_lsq": 0.05862192150553632, "error_max": 0.4184717903449602, "target": "1024.xyz", "model": "27.xyz", "model_rescale": 4.103607728864725, "target_rescale": 4.008760771349043},
