[{"mapping": [5, 8, 7, 0, 6, 11, 4, 10, 2, 3, 9, 12], "R": [[-0.1156333284945526, 0.43526796315202376, 0.8928441821475679], [0.9221438972278262, 0.38111165478161596, -0.0663667039643715], [-0.3691606237760835, 0.8156566108621365, -0.44544890504989026]], "T": [0.060017692213869676, 0.013061694990582573, -0.029693560833835106], "aligned_model": [[-0.2582934622347231, 0.09009375679931216, 0.5183845859951672, -0.16832221621313886, -0.23744682555707294, -0.6642134544474129, 0.5850042200969993, -0.26294836151190015, 0.653017469803461, 0.14973264336544528, -0.5803001967249731, 0.012934303089384973], [-0.30272197570511145, -0.7506975435162369, -0.18077808908934118, 0.7802134779403966, 0.2957923361641377, -0.561520634185646, -0.2835540936818981, -0.41969694702474697, 0.10124357470740604, 0.3417825319302102, 0.15388476019231168, -0.12039236175442405], [-0.4336449216190667, 0.0006823152151126353, -0.5642079075910291, 0.010507760845405736, -0.6043950999755824, -0.006738634508856242, 0.5501080298257432, 0.5764351122161228, 0.023704126104971177, 0.45788271037596323, 0.14802264190811576, 0.023595612556662066]], "inverted": true, "swapped": true, "error_lsq": 0.04034716508878421, "error_max": 0.20943023896656196, "target": "1025.xyz", "model": "0.xyz", "model_rescale": 3.751011558992144, "target_rescale": 3.9907532800016874},
{"mapping": [0, 2, 8, 1, 4, 9, 13, 5, 10, 7, 6, 11, 14], "R": [[-0.07816298426585294, 0.5896529345066613, -0.8038656384734574], [-0.13701112326161502, -0.8050349856929099, -0.5771885514396549], [-0.987480885887543, 0.06502375441405545, 0.14371294781144123]], "T": [0.0019458791332485348, 0.0456370641354711, 0.060416814499319516], "aligned_model": [[-0.5966835640485837, -0.6723865922792998, -0.027454884488784442, -0.008938431428146848, 0.5408339644892982, 0.2131294294135152, -0.3988849246873568, -0.03435566094181469, 0.7738841001497646, -0.14894060836335835, 0.42442397783070496, 0.462632062227592, 0.005923604383693375], [-0.37915662662457317, 0.048077313841763405, -0.3214140175199446, -0.6070739677334147, -0.4643685568049567, 0.6523397326334569, 0.6188286079171895, 0.3346380346511828, 0.2241067249571726, -0.10807174972707607, -0.19007266598921863, 0.44702931219810066, 0.09406839895261448], [0.2519830655608119, -0.4181308478793866, -0.4916949048962242, 0.3044155646930319, -0.21356834564675048, -0.08622220303264305, -0.13525719794545144, -0.49207452862270223, -0.15103935407682775, 0.6875403208592306, 0.6345935508058933, 0.5736258292563379, 0.08576234572336802]], "inverted": true, "swapped": false, "error_lsq": 0.04549289383664693, "error_max": 0.23449635883952968, "target": "1025.xyz", "model": "1.xyz", "model_rescale": 3.9405287249114394, "target_rescale": 3.9907532800016874},
{"mapping": [8, 9, 5, 2, 0, 3, 10, 11, 6, 4, 1, 7, 12], "R": [[0.2022357080084553, 0.9377864348183456, 0.2822362858971463], [0.558349598937681, -0.347173556776114, 0.7534694730654674], [0.8045784261167144, 0.005208084688179793, -0.5938235698264521]], "T": [0.08543734123123392, 0.027479717778734945, 0.07888048078344881], "aligned_model": [[-0.6627120741203547, -0.6138146553754409, 0.03072174560337665, 0.027331199423688363, 0.7426223439467544, -0.01880636749262163, -0.5095564980494696, 0.05662205212173266, 0.5106131089975438, -0.13628080130004738, 0.5132391625018353, 0.5330128680804807, 0.06019038791974611], [0.1040871590766416, 0.011724963222121552, -0.4567834613903242, -0.6512435576791227, -0.3543232942630305, 0.5600836434009063, 0.5681349615988247, 0.18220492277554529, 0.2859888753973379, 0.054249341768382774, -0.41620211038730137, 0.5123338880696214, -0.05132479083730596], [0.26621313238648936, -0.3225912368262712, -0.46016650907264267, 0.06756592566142441, -0.27504651801364144, 0.25850783441378977, -0.17638674754838782, -0.6159893480977693, -0.13964703538115888, 0.743576030931591, 0.5762318348894431, 0.5187695968948798, 0.10889633456094186]], "inverted": false, "swapped": false, "error_lsq": 0.05598643321932627, "error_max": 0.3346877576604914, "target": "1025.xyz", "model": "2.xyz", "model_rescale": 3.932901565614263, "target_rescale": 3.9907532800016874},
{"mapping": [4, 2, 6, 5, 10, 3, 0, 1, 11, 7, 9, 8, 13], "R": [[0.4631401326770688, 0.48038348229456135, 0.7448039523541871], [-0.23345303297614992, 0.8768116891902467, -0.4203581129151468], [-0.8549859056721952, 0.020807970537694565, 0.5182336629976856]], "T": [0.08922248587305004, 0.07886033321482966, 0.06065267948174951], "aligned_model": [[-0.7459732601734549, -0.5564023270517442, -0.06401384143456268, -0.0671201156384384, 0.5150090087115846, 0.11206728348853585, -0.4436851874100707, -0.017549061858626203, 0.9117030325700334, -0.17584729008990774, 0.39395765006532946, 0.5506960482918807, 0.12034053278666529], [-0.15261801987442092, -0.08690444878223014, -0.4909672040344444, -0.5743148224463347, -0.2260076016609649, 0.5813144168886007, 0.455612774990094, 0.32303212032424483, 0.3656760847823956, 0.0652729303815296, -0.2813098274116532, 0.4017173691375266, -0.031573231542045666], [0.17061741189485405, -0.43923779968702953, -0.283596454819936, 0.31700964278546134, -0.42812827304695805, 0.14842219071815493, -0.09106198202251534, -0.6305409228374057, -0.13675849883698823, 0.7234467226824525, 0.6238638960673598, 0.5313884982544376, 0.0445088636468007]], "inverted": false, "swapped": false, "error_lsq": 0.052977026021134625, "error_max": 0.4142718379224272, "target": "1025.xyz", "model": "3.xyz", "model_rescale": 3.9243930471874484, "target_rescale": 3.9907532800016874},
{"mapping": [6, 10, 4, 3, 2, 9, 11, 8, 1, 5, 0, 1, 12], "R": [[-0.16836269730183567, -0.2141328553949459, 0.9621855966484105], [0.7138662910734516, -0.6996050744485723, -0.030784058777909795], [0.6797418043833149, 0.6816889760339496, 0.27064962465797093]], "T": [-0.026867664301252536, 0.06584178683585114, -0.06131266663124613], "aligned_model": [[-0.5287145315693712, -0.583379621707404, 0.16969312912359766, -0.14620249249334988, 0.6029039425808168, -0.023802299299876095, -0.6228245541733868, 0.05949241363988632, 0.5659372695043267, 0.025005743663161523, 0.43860909360998224, 0.5659372695043267, 0.01052710987451376], [-0.183285409225242, -0.03171157977676549, -0.2949034637992101, -0.5892820949868645, -0.6083663144837409, 0.7679862639628222, 0.5425959099071977, 0.3406614186614598, 0.3159798673308263, 0.08114482224994254, -0.3629035555677962, 0.3159798673308263, 0.05503480914884153], [0.39432082284535436, -0.48310112243039516, -0.4897913569677862, 0.03628481597242053, -0.054556218319833344, -0.12965832160927265, 0.14767291405776256, -0.621091619270111, 0.2488059415246286, 0.694132941224247, 0.5068696743229733, 0.2488059415246286, 0.05123888192407157]], "inverted": true, "swapped": false, "error_lsq": 0.06331374295461731, "error_max": 0.434788167908621, "target": "1025.xyz", "model": "4.xyz", "model_rescale": 3.8936222436046832, "target_rescale": 3.9907532800016874},
{"mapping": [11, 5, 9, 10, 0, 1, 7, 2, 4, 8, 3, 12], "R": [[0.8776050717533851, -0.4790949635908073, 0.016653945318132232], [-0.47876711473778966, -0.8741837499823392, 0.08114691067728838], [-0.024318467846236307, -0.07918830171647026, -0.996563006032671]], "T": [-0.1635053544987354, 8.251250676606994e-05, 0.012763753835470133], "aligned_model": [[-0.0012320090882861068, -0.35162688545773546, -0.3122473289044263, 0.4496291539886891, -0.6817846505586291, -0.6719697621530604, -0.29296888844735486, -0.005086857361497665, 0.595717197043798, 0.3451038219222997, 0.009445328186585167, -0.05543107695528525], [-0.6179808022714366, -0.5579129171098762, 0.049858947565596654, -0.07212544616596951, 0.563804310341039, 0.2598246351027517, -0.3412714853822918, 0.24928056002192453, 0.23327083776730487, -0.570691384184801, 0.5582753168302133, -0.0854096674046475], [-0.6557028763961095, -0.11940814076116404, -0.6481593240394488, -0.5143331704561187, -0.22362876730351916, 0.431435116195263, 0.6452954128050657, 0.5372444550834036, 0.27537751446386866, 0.03901832347670748, -0.09834716329456364, -0.04950666049786619]], "inverted": false, "swapped": true, "error_lsq": 0.042494140193376606, "error_max": 0.2304304197817896, "target": "1025.xyz", "model": "5.xyz", "model_rescale": 3.6523030999806103, "target_rescale": 3.9907532800016874},
{"mapping": [7, 11, 4, 3, 2, 8, 9, 10, 6, 5, 1, 8, 12], "R": [[-0.46612034465148416, 0.5935547057141453, 0.6560675541638809], [-0.7646101822455431, 0.10279959064763905, -0.6362417098627816], [-0.4450877368659124, -0.7982011372375216, 0.4059209910860831]], "T": [0.06142878226029827, 0.0024238614705033162, 0.06293820170718971], "aligned_model": [[-0.5739203759209753, -0.6754172344534763, 0.009457749946068822, -0.16748730765387604, 0.5543663375640957, 0.19621845479799485, -0.3412559901676766, 0.1698741525236465, 0.6148382355383376, -0.038877682200895144, 0.5809316223560953, 0.19621845479799485, 0.008236055129889987], [-0.14646323772434033, -0.12349337790207383, -0.32766582226545576, -0.6416972813821945, -0.47396734308974875, 0.581583809430862, 0.572408034153148, 0.31117488059766246, 0.3128566577723464, 0.0788148837665867, -0.32350002955416035, 0.581583809430862, -0.05270444248119685], [0.265378658604708, -0.4015742304437829, -0.4034001029796604, 0.18681749802630876, -0.2630612170006755, 0.379337635212097, -0.12581002246075623, -0.6452887756972152, -0.0784616500424843, 0.7322711195340355, 0.38892176323320704, 0.379337635212097, 0.13546498360080933]], "inverted": false, "swapped": false, "error_lsq": 0.05326103561269531, "error_max": 0.35835714641928346, "target": "1025.xyz", "model": "6.xyz", "model_rescale": 4.08911054899281, "target_rescale": 3.9907532800016874},
{"mapping": [9, 8, 10, 11, 12, 6, 3, 4, 7, 1, 13, 2, 14], "R": [[-0.7388076454823815, -0.6699577084049702, 0.07293786345609954], [-0.04309824067241963, 0.1549789184216785, 0.9869772421367115], [-0.672536842580183, 0.726042838814355, -0.1433736083757065]], "T": [0.07427273607392489, 0.033783577762298816, -0.0025733633575362527], "aligned_model": [[-0.6474102494409052, -0.48389958335837907, -0.0039639357334787795, -0.03867808612285452, 0.5352391876218152, 0.11923186816615938, -0.4642302784379399, -0.0805032095562392, 0.7670358185916498, -0.10543058612774601, 0.5786460597935205, 0.41223658526337187, -0.05509111840175028], [-0.09111748325623806, -0.06855918108642364, -0.49052159050057587, -0.5260119803359666, -0.4931867833572443, 0.5283495073540734, 0.6069796698739927, 0.3721260361474271, 0.37886224273334745, -0.017508860633612927, -0.2750636346314087, 0.4533725400251326, -0.028789941580206188], [0.27694533240830244, -0.3808835466936159, -0.4906901651778817, 0.13308100574158135, -0.13604278704731518, 0.047687796418300864, -0.09152379683197348, -0.601253810015393, -0.019573099231641515, 0.7066669771536892, 0.4288376611519301, 0.5973141950061168, 0.07936753191658799]], "inverted": true, "swapped": false, "error_lsq": 0.03756120851446964, "error_max": 0.2018108248343605, "target": "1025.xyz", "model": "7.xyz", "model_rescale": 3.964800864290218, "target_rescale": 3.9907532800016874},
{"mapping": [11, 10, 3, 6, 0, 8, 9, 5, 1, 12, 2, 7, 13], "R": [[-0.3030634086867931, 0.46751049893471686, 0.8304134534681831], [-0.5090287234016347, 0.6572523893908999, -0.5557958756522535], [-0.8056316336063549, -0.5911456927236848, 0.03878712295325462]], "T": [0.07523856593345526, -0.06542878204785738, 0.07856227332120311], "aligned_model": [[-0.6742983750961801, -0.5385623835486172, 0.13726367346322896, -0.15056334657016787, 0.6003361351394695, 0.001337983980259111, -0.44376811435402397, 0.01272082304405145, 0.7445027056184149, -0.1698788294313879, 0.5302817466920279, 0.4357969610062231, 0.04801349231392595], [-0.26834985019274116, 0.15608023285389652, -0.4763028615878234, -0.5991870964166474, -0.5038192565694499, 0.6895386223739131, 0.37451612102157883, 0.346312907696918, 0.25778080976588746, 0.2769445577169427, -0.30595851296127485, 0.3987335430535174, 0.002641323997579742], [0.368649740524729, -0.42075342214549527, -0.515826549336586, 0.053634751775074985, -0.13414811002998986, -0.04641974000437425, 0.18314370029946267, -0.6464418892313384, -0.02507634044672634, 0.7057567375796351, 0.49532345187065974, 0.48031362012759327, 0.051777343816043944]], "inverted": true, "swapped": false, "error_lsq": 0.042129062008418025, "error_max": 0.20451239327809262, "target": "1025.xyz", "model": "8.xyz", "model_rescale": 4.121658175737393, "target_rescale": 3.9907532800016874},
{"mapping": [10, 11, 7, 5, 9, 2, 3, 8, 6, 0, 4, 1, 12], "R": [[0.041990110576785616, 0.988378238368525, 0.14610026876525856], [-0.52826756248647, -0.10215462826145885, 0.8429103240258521], [0.8480390398079283, -0.112573930571401, 0.5178386786609829]], "T": [0.01688100721571497, 0.012214195977600184, -0.01307741221325761], "aligned_model": [[-0.6703837775034993, -0.4602528938176873, -0.014881073468493752, -0.11760118945926845, 0.6415703730459343, -0.011554189189716867, -0.6190176832015182, 0.16359382202043535, 0.6481250788795105, -0.09016154055408937, 0.5759464491008424, 0.4170102350581304, 0.07078886134664422], [-0.21173024455134756, 0.05076530280182296, -0.41141817291834865, -0.5229857921248379, -0.5209613569933308, 0.6961296321657596, 0.4663270710105191, 0.41227041373312606, 0.1550289361995, 0.08878591160993163, -0.26988883453869067, 0.36394701933152707, 0.052660655026666295], [0.21929477595992622, -0.43007756473214936, -0.5372316801224503, 0.2647596223742822, -0.14974065880036141, 0.10438563136994772, 0.09691505900639691, -0.6038258445721753, -0.2606999516934858, 0.7624887735209765, 0.6162012459200343, 0.4240865589866099, 0.04337732758113607]], "inverted": true, "swapped": false, "error_lsq": 0.04119620085899724, "error_max": 0.24951584543916028, "target": "1025.xyz", "model": "9.xyz", "model_rescale": 3.833441315466971, "target_rescale": 3.9907532800016874},
{"mapping": [11, 10, 0, 12, 1, 2, 8, 13, 5, 7, 4, 3, 14], "R": [[-0.8344261958235305, -0.33230489718308376, -0.4396662132022554], [-0.5412113707838822, 0.34348845874759, 0.7675323646866211], [-0.10403449359564479, 0.8784014651714472, -0.466462956864693]], "T": [0.03317023273317092, -0.05296761941264619, 0.10121584510509729], "aligned_model": [[-0.587755207911092, -0.6225422212057803, 0.10706560304059613, -0.14525060556609598, 0.40071924347354837, 0.2549713486975787, -0.5816491983496974, 0.22115900469528993, 0.6122339696396543, -0.24070720680245955, 0.727567714688957, 0.35367331592842843, 0.033696711928296326], [-0.18235617181383496, -0.10289800605144525, -0.22688300984940454, -0.628416684322009, -0.5958596277293622, 0.6219656554882401, 0.41598909358877856, 0.37102167256004437, 0.11844158327288204, 0.09303398934380788, -0.057534932439835346, 0.49458487005221197, 0.027842108652223654], [0.35230802083310225, -0.3920409620038658, -0.5530897967168455, 0.10788183837687107, -0.23905599463988914, -0.007961049502427903, 0.00305255832955445, -0.5473054292747997, -0.20331539352506545, 0.6907823427419205, 0.493266679558251, 0.694331259413984, 0.15107922120789855]], "inverted": false, "swapped": false, "error_lsq": 0.04348132702344734, "error_max": 0.22649131440629333, "target": "1025.xyz", "model": "10.xyz", "model_rescale": 4.2482417240324, "target_rescale": 3.9907532800016874},
{"mapping": [0, 3, 10, 4, 6, 5, 9, 8, 2, 7, 1, 12], "R": [[0.9898917943024415, -0.08692610497632446, -0.1120628745229129], [0.07041487994529332, 0.9871137596674027, -0.1436947116548673], [0.1231096269793026, 0.13435132209595319, 0.9832567019838139]], "T": [-0.018602714333836406, 0.06792723483737817, -0.029539542733622696], "aligned_model": [[-0.741255616926165, -0.09917560144349634, 0.5180246317743182, 0.6010602612474247, -0.566560626597133, 0.02511946175433336, -0.23644710992291815, 0.6782795417293109, 0.07344856215417574, 0.062486861883227926, -0.5467131955643044, 0.10849843227423299], [-0.24474726218328896, -0.517628360025075, -0.15340504584831238, -0.4411989690606074, 0.5122969588798636, 0.644172161550708, 0.04237314485409939, 0.37769980162772687, -0.19071568876769357, 0.4715639369988716, 0.0687752984345539, 0.09694541358979329], [0.11974059464589074, 0.037314301833182156, 0.5379304523558457, -0.26738396725974783, 0.0017859840050784594, 0.14438048302519302, 0.6133539096365808, 0.030055053998485858, -0.565176074038257, -0.6327654965794992, -0.5011180984004331, 0.04707514663203685]], "inverted": false, "swapped": true, "error_lsq": 0.05089428993000877, "error_max": 0.3106402722162085, "target": "1025.xyz", "model": "11.xyz", "model_rescale": 3.6694154284099745, "target_rescale": 3.9907532800016874},
{"mapping": [11, 9, 7, 6, 5, 2, 8, 10, 12, 4, 0, 1, 13], "R": [[-0.7454632640572847, -0.16527510298942394, -0.645731106787411], [-0.011628485026953433, 0.9718482791605685, -0.23532042118910956], [0.6664452717793392, -0.16791385477225312, -0.7263990894119332]], "T": [0.04617932040350323, 0.010523719013098395, 0.04563595522015651], "aligned_model": [[-0.6384365785752031, -0.5805603925891237, -0.0024890179352580477, -0.02197490156158624, 0.5425326146510859, 0.10390722891243423, -0.5259743442818445, 0.07424805677675389, 0.6446262178966984, -0.13523128689518019, 0.5131137252857036, 0.44385951606153706, 0.11556163451120677], [-0.22098479889935832, 0.04653567203953707, -0.3639618418165865, -0.5276197398442318, -0.5834452778398415, 0.6608658546288046, 0.5057312451227135, 0.2914681923411665, 0.21623708180852302, 0.0021387607934866236, -0.23222417258616532, 0.5489182261097768, 0.005271338894472011], [0.19641236553234676, -0.45495043920864753, -0.5943306658179759, 0.20567174237750557, -0.16744860673534265, 0.03962192044275906, 0.04838211301082879, -0.5234080995359457, -0.20197628905434645, 0.763060887729106, 0.5291476790561727, 0.5637626876043047, 0.14598799939792262]], "inverted": false, "swapped": false, "error_lsq": 0.02836565383160228, "error_max": 0.16103144951707835, "target": "1025.xyz", "model": "12.xyz", "model_rescale": 3.9764082729961374, "target_rescale": 3.9907532800016874},
{"mapping": [10, 11, 14, 13, 6, 7, 8, 3, 4, 1, 5, 0, 15], "R": [[-0.5779008938715462, -0.5610498830083528, 0.5926665045696287], [0.7920441142028083, -0.21052970337759416, 0.5730125348999193], [-0.19671471225903986, 0.80056247274779, 0.5660415613793631]], "T": [0.055690077579071406, -0.014226159270149471, 0.1820864818025607], "aligned_model": [[-0.7327377048882607, -0.5408769468423149, 0.0062669956286261486, -0.0807827335213252, 0.5197657274758963, 0.30402860734424264, -0.49087218015431433, -0.11797604518557533, 0.7197175102244535, -0.3672004465957592, 0.7590666108274594, 0.4473252434492533, 0.1074578344948427], [-0.1193192615913492, -0.15166763239899067, -0.3307601991665599, -0.5890165763183289, -0.49268740969358465, 0.6769086884304517, 0.38644783212803574, 0.3773674751837526, 0.20245063982907752, 0.1367013073893813, -0.254014545614693, 0.48189149806114473, 0.024628724513959654], [0.298206982302758, -0.32364301663172834, -0.5501509114876526, 0.02248794018380279, -0.19123299092195983, 0.004057563222095051, -0.01886845764153433, -0.5424395360689094, 0.014806909810868796, 0.6312045983731003, 0.5701417460169218, 0.539293845164803, 0.0960686224761226]], "inverted": true, "swapped": false, "error_lsq": 0.04161441946103856, "error_max": 0.23758036697338708, "target": "1025.xyz", "model": "13.xyz", "model_rescale": 4.170626492500431, "target_rescale": 3.9907532800016874},
{"mapping": [9, 3, 6, 11, 5, 0, 1, 2, 4, 10, 12, 8, 13], "R": [[-0.39896794859343543, -0.876492177153571, 0.26941796410733165], [-0.6100332418109891, 0.4730699104069798, 0.6356605255583424], [-0.6846050101195008, 0.08925426183732466, -0.7234290959473175]], "T": [0.03024283243368015, 0.13796445946702357, 0.04182025324831442], "aligned_model": [[-0.6245654743264029, -0.4527313355421413, 0.16773039971306336, -0.20536946081820392, 0.47111806405629986, -0.0818764677580347, -0.650692983493831, 0.157460934580465, 0.7150642191886813, -0.02330882138453689, 0.5326436925160559, 0.49308923633325824, 0.03462046919255104], [-0.14442596578366285, -0.043821175972616866, -0.43711626967616185, -0.5281813114750329, -0.6530547182463569, 0.7188629568222804, 0.48365487745356067, 0.42136830921253254, 0.2833149396617607, 0.004256139407997017, -0.2195085728781931, 0.42536447412317024, 0.03821685810301938], [0.42625251982931844, -0.4155237532126349, -0.5564009356457491, 0.0617277959331198, -0.04266358536935284, -0.03462976194336049, 0.1292217371875143, -0.5382055907206761, -0.0720043343553187, 0.5873315826404326, 0.4361710211194799, 0.5465288134865959, 0.02212778584931884]], "inverted": true, "swapped": false, "error_lsq": 0.04639291700555777, "error_max": 0.25681904852934595, "target": "1025.xyz", "model": "14.xyz", "model_rescale": 3.9786697098870705, "target_rescale": 3.9907532800016874},
{"mapping": [10, 9, 8, 4, 5, 7, 0, 1, 2, 3, 6, 12], "R": [[-0.6092272004434298, 0.25490899524187566, 0.7509085313036725], [0.2028244777259823, -0.8653402716771529, 0.45831042476567563], [0.7666188423689073, 0.4315178076956835, 0.4754870473172405]], "T": [0.028446417893701663, 0.011935405225123843, -0.03202938463526927], "aligned_model": [[0.03557613246805485, -0.57198131399488, 0.44999354464705316, 0.6852685675124024, -0.11996077690103946, 0.4660724453013625, -0.5567963534148328, -0.01730364120560702, 0.4934729215642985, -0.016308058424428347, -0.42691710502839925, 0.06223823424335184], [-0.5130034772099453, -0.19329674636937624, 0.11455678273875236, -0.5029424657399113, 0.4615582799254566, 0.5760868344988924, -0.16258391251956092, 0.3007961004095269, -0.050532779331830535, -0.5243640944339627, 0.5262635932619113, -0.017863625005513608], [-0.6511960982668734, -0.2744906929629089, -0.6620470913026334, -0.0890127755552638, -0.4062386772564539, 0.12158143230120255, 0.48692246717116516, 0.6127606312862938, 0.3449642093476664, 0.2213806878957435, 0.1317210073208131, -0.1763786061049213]], "inverted": true, "swapped": true, "error_lsq": 0.0504741282339684, "error_max": 0.25660854959301493, "target": "1025.xyz", "model": "15.xyz", "model_rescale": 3.769337070930944, "target_rescale": 3.9907532800016874},
{"mapping": [9, 10, 6, 5, 0, 3, 1, 4, 7, 8, 12], "R": [[-0.5159980707366575, -0.6710552882351593, -0.5323821852087794], [-0.5767222133110383, 0.7317030305762101, -0.3633210202000531], [0.6333541502742878, 0.11956368669967288, -0.7645698432145475]], "T": [0.0274803071706732, 0.06095776879587515, 0.0007479681569410347], "aligned_model": [[-0.30638703735238393, -0.4298415409498725, -0.0550047292626892, -0.46602665338582483, 0.40480494196551214, 0.37821534278093427, 0.5537183405419822, 0.26193872849974215, 0.15294406968194518, -0.47935567490385556, -0.09237965692431946], [-0.040555114979361026, -0.6073381646671037, 0.7021002631246017, 0.4005042378497384, 0.21134064645074774, -0.3429794034127353, 0.530751720718718, -0.6021475153867695, 0.5080496817764261, -0.1451671973068065, -0.018494656542113713], [-0.5820460898032296, -0.05596494871308369, -0.283568993372842, 0.0740766449486567, -0.6901125302169873, -0.25936061887710915, -0.05970787301950062, 0.45360809649337813, 0.5644387732443076, 0.5353368041186756, 0.047518342421511095]], "inverted": false, "swapped": true, "error_lsq": 0.040748139583612564, "error_max": 0.26622740798628103, "target": "1025.xyz", "model": "16.xyz", "model_rescale": 3.7852294659196426, "target_rescale": 3.9907532800016874},
{"mapping": [3, 3, 0, 8, 9, 5, 1, 4, 10, 2, 11, 7, 12], "R": [[0.08419216607599442, 0.9953021943242262, 0.0478039867041703], [-0.8861191231799759, 0.05284188795682923, 0.460435266255647], [0.45574617793919325, -0.08112506918664675, 0.8864051807403197]], "T": [0.0884470780044203, 0.0639920439021302, 0.06912772393958785], "aligned_model": [[-0.66487048801299, -0.66487048801299, -0.057295635963849026, 0.06340613192308589, 0.5674373109763051, 0.13645944178639124, -0.42210364523594734, 0.04575945646201052, 0.812677527086353, -0.22434307670294884, 0.49662087488177764, 0.273504450401376, 0.17080061266865015], [-0.16033653350074928, -0.16033653350074928, -0.2513503944274899, -0.5720636564072807, -0.6141165238686952, 0.7068777635286322, 0.5196348698713538, 0.4172542846833382, 0.11320103163716815, 0.0473624376114859, -0.2014495210785761, 0.4800565127323828, 0.024196803471476645], [-0.052052741699725735, -0.052052741699725735, -0.5182949208845749, 0.20701176353709114, -0.17170190992049314, -0.0597201514203311, 0.14646935819040227, -0.5433836974191375, -0.28062048181394394, 0.5944588541260895, 0.6176411709548718, 0.6021109618326342, 0.06006783101553134]], "inverted": false, "swapped": false, "error_lsq": 0.05632791328749763, "error_max": 0.3899170553638952, "target": "1025.xyz", "model": "17.xyz", "model_rescale": 3.901054581598922, "target_rescale": 3.9907532800016874},
{"mapping": [0, 2, 8, 1, 4, 9, 13, 5, 10, 7, 6, 11, 14], "R": [[-0.07816298426585294, 0.5896529345066613, -0.8038656384734574], [-0.13701112326161502, -0.8050349856929099, -0.5771885514396549], [-0.987480885887543, 0.06502375441405545, 0.14371294781144123]], "T": [0.0019458791332485348, 0.0456370641354711, 0.060416814499319516], "aligned_model": [[-0.5966835640485837, -0.6723865922792998, -0.027454884488784442, -0.008938431428146848, 0.5408339644892982, 0.2131294294135152, -0.3988849246873568, -0.03435566094181469, 0.7738841001497646, -0.14894060836335835, 0.42442397783070496, 0.462632062227592, 0.005923604383693375], [-0.37915662662457317, 0.048077313841763405, -0.3214140175199446, -0.6070739677334147, -0.4643685568049567, 0.6523397326334569, 0.6188286079171895, 0.3346380346511828, 0.2241067249571726, -0.10807174972707607, -0.19007266598921863, 0.44702931219810066, 0.09406839895261448], [0.2519830655608119, -0.4181308478793866, -0.4916949048962242, 0.3044155646930319, -0.21356834564675048, -0.08622220303264305, -0.13525719794545144, -0.49207452862270223, -0.15103935407682775, 0.6875403208592306, 0.6345935508058933, 0.5736258292563379, 0.08576234572336802]], "inverted": true, "swapped": false, "error_lsq": 0.04549289383664693, "error_max": 0.23449635883952968, "target": "1025.xyz", "model": "18.xyz", "model_rescale": 3.9405287249114394, "target_rescale": 3.9907532800016874},
{"mapping": [3, 14, 12, 1, 4, 11, 10, 13, 9, 2, 8, 5, 15], "R": [[-0.48258943017060163, 0.7071273525778532, -0.5167962355937308], [0.7558833950935617, 0.6343244717088615, 0.16208873376365407], [0.4424338763131107, -0.3124153834680852, -0.840624109375317]], "T": [0.12752838892340645, -0.0914369516753041, -0.01588330201113053], "aligned_model": [[-0.6924686349288093, -0.4372214904084012, -0.136554403097925, -0.17773805719592484, 0.514373929485846, 0.03370363248395068, -0.47712024849593115, 0.18111550958313222, 0.6421792071779175, -0.18002560864575606, 0.7264544066135497, 0.4291583378346745, 0.10732589185090097], [-0.31723010319708556, 0.21487262848873231, -0.43106384707493206, -0.5258514337035523, -0.6315943882381723, 0.6199460444585293, 0.3623807418758066, 0.2518065386507885, 0.47634534989196764, 0.1904186132239973, -0.16619399440401444, 0.37725974011556673, -0.0721653493353348], [0.029403875791596756, -0.4482847092366693, -0.35507780828860736, 0.3760553139190187, -0.3212445636159113, -0.08179498375680905, 0.19941547465379805, -0.5908982341825731, -0.05792661602738074, 0.7465426039807698, 0.4401552549467666, 0.6010489696224315, 0.012538716992257268]], "inverted": false, "swapped": false, "error_lsq": 0.054784041707437045, "error_max": 0.27585841731571864, "target": "1025.xyz", "model": "19.xyz", "model_rescale": 4.410303926677745, "target_rescale": 3.9907532800016874},
{"mapping": [11, 10, 3, 6, 0, 8, 9, 5, 1, 12, 2, 7, 13], "R": [[-0.3030634086867931, 0.46751049893471686, 0.8304134534681831], [-0.5090287234016347, 0.6572523893908999, -0.5557958756522535], [-0.8056316336063549, -0.5911456927236848, 0.03878712295325462]], "T": [0.07523856593345526, -0.06542878204785738, 0.07856227332120311], "aligned_model": [[-0.6742983750961801, -0.5385623835486172, 0.13726367346322896, -0.15056334657016787, 0.6003361351394695, 0.001337983980259111, -0.44376811435402397, 0.01272082304405145, 0.7445027056184149, -0.1698788294313879, 0.5302817466920279, 0.4357969610062231, 0.04801349231392595], [-0.26834985019274116, 0.15608023285389652, -0.4763028615878234, -0.5991870964166474, -0.5038192565694499, 0.6895386223739131, 0.37451612102157883, 0.346312907696918, 0.25778080976588746, 0.2769445577169427, -0.30595851296127485, 0.3987335430535174, 0.002641323997579742], [0.368649740524729, -0.42075342214549527, -0.515826549336586, 0.053634751775074985, -0.13414811002998986, -0.04641974000437425, 0.18314370029946267, -0.6464418892313384, -0.02507634044672634, 0.7057567375796351, 0.49532345187065974, 0.48031362012759327, 0.051777343816043944]], "inverted": true, "swapped": false, "error_lsq": 0.042129062008418025, "error_max": 0.20451239327809262, "target": "1025.xyz", "model": "20.xyz", "model_rescale": 4.121658175737393, "target_rescale": 3.9907532800016874},
{"mapping": [7, 11, 4, 3, 2, 8, 9, 10, 6, 5, 1, 8, 12], "R": [[-0.46612034465148416, 0.5935547057141453, 0.6560675541638809], [-0.7646101822455431, 0.10279959064763905, -0.6362417098627816], [-0.4450877368659124, -0.7982011372375216, 0.4059209910860831]], "T": [0.06142878226029827, 0.0024238614705033162, 0.06293820170718971], "aligned_model": [[-0.5739203759209753, -0.6754172344534763, 0.009457749946068822, -0.16748730765387604, 0.5543663375640957, 0.19621845479799485, -0.3412559901676766, 0.1698741525236465, 0.6148382355383376, -0.038877682200895144, 0.5809316223560953, 0.19621845479799485, 0.008236055129889987], [-0.14646323772434033, -0.12349337790207383, -0.32766582226545576, -0.6416972813821945, -0.47396734308974875, 0.581583809430862, 0.572408034153148, 0.31117488059766246, 0.3128566577723464, 0.0788148837665867, -0.32350002955416035, 0.581583809430862, -0.05270444248119685], [0.265378658604708, -0.4015742304437829, -0.4034001029796604, 0.18681749802630876, -0.2630612170006755, 0.379337635212097, -0.12581002246075623, -0.6452887756972152, -0.0784616500424843, 0.7322711195340355, 0.38892176323320704, 0.379337635212097, 0.13546498360080933]], "inverted": false, "swapped": false, "error_lsq": 0.05326103561269531, "error_max": 0.35835714641928346, "target": "1025.xyz", "model": "21.xyz", "model_rescale": 4.08911054899281, "target_rescale": 3.9907532800016874},
{"mapping": [3, 12, 7, 4, 0, 5, 9, 10, 8, 15, 1, 11, 16], "R": [[0.876727989103143, 0.0632826808694485, 0.4768053433269542], [0.19189197478357956, -0.955018734136339, -0.22608999858968243], [0.44105045418502536, 0.2897145487382366, -0.8494350929368193]], "T": [0.030900375400062005, -0.007684739578245611, 0.06839640578592149], "aligned_model": [[-0.6676814006836339, -0.5907721463351299, 0.0008605099561171808, -0.06196577003346877, 0.44656641007829945, 0.18071637453499223, -0.3488523640990778, -0.029087603329824477, 0.6742804339116915, -0.11444456467676233, 0.6239368932124348, 0.3890798536188616, 0.030545846102724407], [-0.4885459719841803, 0.059751492755575855, -0.23020359657942313, -0.6888874550703362, -0.6214719294163616, 0.6540720108502179, 0.5834866967534932, 0.4037354539135391, 0.24944245924640157, 0.17021557905098617, -0.18470666163212715, 0.49374626537744676, -0.05170380251293524], [0.2555722604982005, -0.32396202259571943, -0.6064214605842813, 0.1851479595497969, -0.15647340407029975, -0.12489669707533052, -0.04929726979134008, -0.6231744698371211, 0.09503701377890192, 0.760301993940733, 0.5653564735170864, 0.5224530530343461, 0.05028986443371542]], "inverted": true, "swapped": false, "error_lsq": 0.044251697467437984, "error_max": 0.268282720852417, "target": "1025.xyz", "model": "22.xyz", "model_rescale": 4.204369325754507, "target_rescale": 3.9907532800016874},
{"mapping": [3, 14, 12, 1, 4, 11, 10, 13, 9, 2, 8, 5, 15], "R": [[-0.48258943017060163, 0.7071273525778532, -0.5167962355937308], [0.7558833950935617, 0.6343244717088615, 0.16208873376365407], [0.4424338763131107, -0.3124153834680852, -0.840624109375317]], "T": [0.12752838892340645, -0.0914369516753041, -0.01588330201113053], "aligned_model": [[-0.6924686349288093, -0.4372214904084012, -0.136554403097925, -0.17773805719592484, 0.514373929485846, 0.03370363248395068, -0.47712024849593115, 0.18111550958313222, 0.6421792071779175, -0.18002560864575606, 0.7264544066135497, 0.4291583378346745, 0.10732589185090097], [-0.31723010319708556, 0.21487262848873231, -0.43106384707493206, -0.5258514337035523, -0.6315943882381723, 0.6199460444585293, 0.3623807418758066, 0.2518065386507885, 0.47634534989196764, 0.1904186132239973, -0.16619399440401444, 0.37725974011556673, -0.0721653493353348], [0.029403875791596756, -0.4482847092366693, -0.35507780828860736, 0.3760553139190187, -0.3212445636159113, -0.08179498375680905, 0.19941547465379805, -0.5908982341825731, -0.05792661602738074, 0.7465426039807698, 0.4401552549467666, 0.6010489696224315, 0.012538716992257268]], "inverted": false, "swapped": false, "error_lsq": 0.054784041707437045, "error_max": 0.27585841731571864, "target": "1025.xyz", "model": "23.xyz", "model_rescale": 4.410303926677745, "target_rescale": 3.9907532800016874},
{"mapping": [12, 6, 14, 7, 11, 4, 5, 15, 10, 0, 1, 3, 16], "R": [[0.8067187269248028, -0.5908385891677571, -0.010707809256813555], [-0.5761360142105613, -0.7904157491035086, 0.20811111623050732], [-0.1314236993787418, -0.16171798019822697, -0.9780465766629993]], "T": [0.07587994937420278, 0.00037540066278797177, -0.057058983683204514], "aligned_model": [[-0.6561265068126394, -0.5921820250252283, 0.0012387757936635213, 0.024861992198295775, 0.5053059289850459, 0.16506447857745005, -0.38266575084686166, -0.1173502168609889, 0.6883644399662032, -0.21626866440330944, 0.5928959542342878, 0.3989727784568509, 0.12107128799445457], [-0.0764995837596139, -0.08141956900574344, -0.330983203269449, -0.54166232134727, -0.4364661895285135, 0.6637429231320572, 0.4307886433744163, 0.27849803320786953, 0.22093520999284483, 0.03443889828268536, -0.2828017881003118, 0.43347702641829516, 0.036882461355030385], [0.2661013784507274, -0.41047215697794104, -0.6425332878343213, 0.32441601241227014, -0.21669682294810327, 0.10379505846348593, -0.04798623684626298, -0.6852501130042599, -0.05680292087516836, 0.6385520259219806, 0.5665117661544397, 0.6621662871446278, 0.04813230473721332]], "inverted": false, "swapped": false, "error_lsq": 0.03568522989360326, "error_max": 0.21621355847305648, "target": "1025.xyz", "model": "24.xyz", "model_rescale": 4.28219845311461, "target_rescale": 3.9907532800016874},
{"mapping": [7, 4, 2, 13, 14, 1, 3, 0, 8, 9, 11, 5, 15], "R": [[-0.8107255169630189, 0.35083157548473354, 0.46865908909136234], [-0.5797821263431011, -0.5920606242955614, -0.5597471778685645], [0.08109760858445916, -0.7255214833494938, 0.6834045325283057]], "T": [0.09290396367817193, -0.05068795243088617, 0.05780750489393018], "aligned_model": [[-0.6350423710791153, -0.4977387403022539, 0.07988214595326433, -0.19971580983111403, 0.6005687687189368, 0.07324907917073169, -0.40751176073877743, 0.04272017659650505, 0.6218181891708039, -0.12523383376015218, 0.4603050132703874, 0.4368207652210962, 0.08306084986691134], [-0.19354013731806038, 0.11912198790435638, -0.43031749817374676, -0.5676890006643238, -0.5955265436129532, 0.5825126754833784, 0.5160337694506286, 0.22412018713445384, 0.3944636781736863, -0.022502506074736334, -0.1968601653230385, 0.5474787738158992, -0.028364680043246996], [0.2928253611019573, -0.338367145258934, -0.5118343691375774, 0.05801051697571966, -0.10210490918418771, -0.03464815567183147, 0.22649638290233706, -0.7086885785785065, -0.005720636669028285, 0.6969437703501558, 0.4321432154337398, 0.5570053435729749, -0.012127501038131226]], "inverted": false, "swapped": false, "error_lsq": 0.03849465110095708, "error_max": 0.2233062641948113, "target": "1025.xyz", "model": "25.xyz", "model_rescale": 4.100010024507729, "target_rescale": 3.9907532800016874},
{"mapping": [0, 3, 10, 4, 6, 5, 9, 8, 2, 7, 1, 12], "R": [[0.9898917943024415, -0.08692610497632446, -0.1120628745229129], [0.07041487994529332, 0.9871137596674027, -0.1436947116548673], [0.1231096269793026, 0.13435132209595319, 0.9832567019838139]], "T": [-0.018602714333836406, 0.06792723483737817, -0.029539542733622696], "aligned_model": [[-0.741255616926165, -0.09917560144349634, 0.5180246317743182, 0.6010602612474247, -0.566560626597133, 0.02511946175433336, -0.23644710992291815, 0.6782795417293109, 0.07344856215417574, 0.062486861883227926, -0.5467131955643044, 0.10849843227423299], [-0.24474726218328896, -0.517628360025075, -0.15340504584831238, -0.4411989690606074, 0.5122969588798636, 0.644172161550708, 0.04237314485409939, 0.37769980162772687, -0.19071568876769357, 0.4715639369988716, 0.0687752984345539, 0.09694541358979329], [0.11974059464589074, 0.037314301833182156, 0.5379304523558457, -0.26738396725974783, 0.0017859840050784594, 0.14438048302519302, 0.6133539096365808, 0.030055053998485858, -0.565176074038257, -0.6327654965794992, -0.5011180984004331, 0.04707514663203685]], "inverted": false, "swapped": true, "error_lsq": 0.05089428993000877, "error_max": 0.3106402722162085, "target": "1025.xyz", "model": "26.xyz", "model_rescale": 3.6694154284099745, "target_rescale": 3.9907532800016874},
{"mapping": [9, 11, 10, 8, 4, 6, 12, 2, 0, 7, 5, 1, 13], "R": [[0.7721448714118491, 0.12055644407334881, 0.6239057952485847], [-0.3503404807329426, 0.8999001996502545, 0.25969439391184995], [-0.530145117031356, -0.4191011506329015, 0.7370891265145539]], "T": [0.006448392692484067, -0.017173023397125505, 0.10331206392675366], "aligned_model": [[-0.6359358312790235, -0.5246774998196517, -0.15880091849704012, 0.022736979360812613, 0.4868723171824567, 0.027018491093555044, -0.5434924498167265, 0.14698201646591663, 0.6318522093450357, -0.08698827488782773, 0.6292444238742205, 0.5180802226993364, 0.020290786536159813], [-0.22553883968196198, 0.12190618017110957, -0.4187094776830754, -0.6425645369892293, -0.49486941417772656, 0.6688708733671415, 0.5114127666182886, 0.30278157246509535, 0.12989747780508587, -0.06238548545909979, -0.11724210758305942, 0.566261639413969, 0.009109892485759961], [0.19706562848208478, -0.5560343781529807, -0.3130433862879538, 0.23360914409885564, -0.36201532738152375, 0.11385125595754117, -0.11553707518850506, -0.4797908458404959, -0.05216679934955651, 0.7240808994398007, 0.5808995236193383, 0.5245999921303669, 0.05441466327171592]], "inverted": true, "swapped": false, "error_lsq": 0.04602158522384596, "error_max": 0.2632962638477582, "target": "1025.xyz", "model": "27.xyz", "model_rescale": 4.103607728864725, "target_rescale": 3.9907532800016874},
{"mapping": [1, 8, 13, 2, 12, 6, 7, 11, 10, 0, 3, 9, 14], "R": [[-0.436477726695141, -0.8865072591443737, 0.15359711450210464], [-0.5913222419911502, 0.4113239409708647, 0.6936502156784473], [-0.6781041219647626, 0.21193747915016692, -0.70374519870893]], "T": [0.1196459665143931, 0.08203791942762657, -0.016440364854592014], "aligned_model": [[-0.5991157146020324, -0.5769355776086591, 0.08535055140167117, -0.02683137381316497, 0.5224104343503951, 0.131102889724708, -0.5176370480570923, 0.06625946892753734, 0.6034577491316446, -0.03903821279283656, 0.4581123243439562, 0.39814478071758563, 0.027902200533511334], [-0.1580354447388551, 0.015167756647845324, -0.2464343823136697, -0.607217762165879, -0.6670278518050645, 0.7143675554851228, 0.41504886817114034, 0.43417144469016894, 0.24222439465424994, -0.05592831375936606, -0.3578219754324908, 0.6110267712946575, 0.009389480024437596], [0.4616885483595611, -0.44373711247101144, -0.5739368262287625, 0.19520013314547932, -0.1346557231676793, -0.05242971224818973, -0.07171524992012979, -0.6039887421997011, -0.009980607820450203, 0.6658179371978127, 0.48902442133535196, 0.5427851094764756, 0.08586111933993198]], "inverted": false, "swapped": false, "error_lsq": 0.04186222487605375, "error_max": 0.23383064108121718, "target": "1025.xyz", "model": "28.xyz", "model_rescale": 4.137296879288765, "target_rescale": 3.9907532800016874},
