[{"mapping": [11, 12, 4, 0, 3, 7, 9, 6, 10, 8, 1, 13], "R": [[-0.8465065848321633, 0.5264581747952896, 0.07917317744665942], [-0.3150241383593525, -0.37544781544785244, -0.8716643448750117], [-0.4291694235226169, -0.762811069706417, 0.4836660809345812]], "T": [-0.057699457866911046, -0.08819725977805774, -0.009097944793752009], "aligned_model": [[-0.24950087971673057, 0.24391679638381897, 0.36026670354681667, -0.17780271252578486, -0.005569025946045303, -0.57576115272209, 0.49190753088750144, -0.33545536869576753, 0.5821757562162169, 0.2708367241356338, -0.716336242112111, -0.05103566699090965], [-0.3770221661871168, -0.7063770226445188, -0.21626369131408946, 0.6901546026996518, 0.3149726234376779, -0.4773765692368281, -0.1760233652002849, -0.5196559848726685, 0.08250031415423416, 0.4345385787387335, 0.12219576939264075, -0.11808805299037423], [-0.5646793924654262, -0.14009093528831873, -0.5502581283342093, 0.0023853376829081306, -0.5587813098454021, 0.007796529344503585, 0.5963308626208254, 0.6697176520751802, -0.048600844575195756, 0.3990243527513702, 0.3254417997977101, 0.043665821589617085]], "inverted": false, "swapped": true, "error_lsq": 0.03614627499756178, "error_max": 0.19344357947197255, "target": "1026.xyz", "model": "0.xyz", "model_rescale": 3.751011558992144, "target_rescale": 4.128417268972998},
{"mapping": [11, 10, 9, 12, 3, 4, 8, 5, 6, 1, 7, 13, 0, 14], "R": [[-0.5944037350701885, 0.673310123188435, 0.43970180548478977], [0.25263637552646756, 0.6754469822687348, -0.6927815210475154], [-0.7634520688919895, -0.30070725324812847, -0.571590838230029]], "T": [0.013498019723465895, -0.06748986340445241, 0.07495912643997611], "aligned_model": [[-0.09735534408693097, 0.2182427875288276, 0.5296672347725009, 0.01845607656145947, 0.0483567445153347, -0.20922663614793555, 0.13705660048893223, 0.6066176867610227, -0.5913622326382564, -0.6211309645881152, -0.5179098377165784, 0.5948469237414328, -0.3690166551389687, 0.030150636050446968], [-0.27019305127426807, -0.8222488874237696, -0.20147969079861072, 0.37195004254872294, 0.6946311301762279, -0.7462215809903973, -0.27396614255618856, -0.15051693185212778, -0.3295767549957626, -0.09937398227286405, 0.23756156263501976, 0.35007712346918685, 0.47511068520695043, -0.05483213715976189], [-0.6888169783747856, -0.171763681274668, -0.3120882723690596, -0.524076006757958, 0.038049101212996164, 0.41450434157281657, 0.693440391642691, 0.25216413052807485, -0.284457458651835, 0.36116710094710286, -0.17847003589046728, -0.04822147905844355, 0.44207176128243963, 0.024300615021377106]], "inverted": false, "swapped": false, "error_lsq": 0.047687739531176436, "error_max": 0.3694636611091244, "target": "1026.xyz", "model": "1.xyz", "model_rescale": 3.9405287249114394, "target_rescale": 4.128417268972998},
{"mapping": [0, 3, 10, 7, 11, 8, 1, 2, 12, 9, 6, 5, 13], "R": [[-0.9609622243532808, -0.27654587337878556, -0.008601353565581366], [-0.07160475112796542, 0.21854841723142904, 0.9731954320389815], [-0.2672533685136589, 0.9358199448840585, -0.22981877159035657]], "T": [0.0035010574668813896, -0.05597378735551826, -0.09875481251123801], "aligned_model": [[-0.24575619179023378, 0.14215488061574139, -0.469634528609681, 0.4998260625915344, 0.5950779743989086, -0.6848474565802479, 0.14867364368482575, 0.6212257304906907, 0.1393363418627537, -0.7017127994079376, -0.05286430619159153, -0.47425573811044747, -0.021240333670383988], [0.6771199409939168, 0.48083835136843256, -0.04950295469418583, -0.28399885439087547, -0.08373076313198999, 0.19892848129511512, 0.1894943402896747, 0.31239078917582563, -0.6495337331307072, -0.47724922435606254, -0.6046692975637274, -0.14880072494121227, -0.1024537573421874], [0.04558052109115228, -0.49878379086627406, -0.5637701627396994, 0.25024366303696316, -0.3782984739162306, -0.0041305759011549675, 0.6144455797467571, 0.19094553777148177, -0.444461500165718, -0.05969421880723173, 0.5492048890676182, 0.47978206245100746, -0.06794318118002679]], "inverted": true, "swapped": true, "error_lsq": 0.04938851551345275, "error_max": 0.3012839271614275, "target": "1026.xyz", "model": "2.xyz", "model_rescale": 3.932901565614263, "target_rescale": 4.128417268972998},
{"mapping": [10, 6, 12, 11, 8, 2, 4, 5, 1, 0, 3, 9, 7, 13], "R": [[-0.0031576417686118297, -0.6341713673373963, 0.7731860747244987], [-0.5482825479675, 0.6477100019137028, 0.5290160687684422], [-0.8362871976137904, -0.42225398786792795, -0.3497503292877715]], "T": [-0.08815965887442243, 0.011686272484140559, -0.008617740437956645], "aligned_model": [[0.10436581359228761, 0.23781281186628048, 0.5902897540018368, -0.19580430830851372, -0.06421156350872989, -0.3114536769913566, -0.06678126999218228, 0.544701467409327, -0.6016140191506658, -0.6227826010137985, -0.4900734977257293, 0.5308765782049056, 0.11091427172817064, 0.011153259991339828], [-0.31026993703075534, -0.5876876692341919, -0.18753333665869715, 0.3693111837414137, 0.7288707088472887, -0.7362558814014876, -0.39161651754581184, -0.17425624567872539, -0.4436893231969915, -0.1651278537407495, 0.32631684871977695, 0.40465252055814455, 0.38698536310117077, -0.03877847576802719], [-0.6188829138728354, -0.04304283288502152, -0.29697125898831017, -0.8199288710554697, -0.16308358941027143, 0.28279634482976174, 0.7660539503967034, 0.27723512456917093, -0.28748385111388836, 0.35451502267847285, 0.0039657693528790915, 0.03790756929933954, 0.5651964368734846, -0.04047337084373466]], "inverted": false, "swapped": false, "error_lsq": 0.043556916370657464, "error_max": 0.34075857218944344, "target": "1026.xyz", "model": "3.xyz", "model_rescale": 3.9243930471874484, "target_rescale": 4.128417268972998},
{"mapping": [10, 9, 4, 3, 11, 8, 0, 12, 7, 6, 2, 1, 13], "R": [[0.5172129737563652, 0.840130272393526, -0.16331523255984914], [0.4923540920531134, -0.1359894420698441, 0.8597059495455914], [0.7000558462127519, -0.5250599937659626, -0.48397708120306226]], "T": [0.025988701030981533, -0.058859951812223435, -0.11226507819768707], "aligned_model": [[0.00042449705319704684, -0.5193581925306527, 0.5751600481220889, 0.40778537786440844, 0.6479169427070011, -0.5368109785483711, -0.24533934418839473, 0.3545195357435922, 0.14522602430364234, -0.4660134912995939, 0.28162240876211975, -0.35420856132675205, -0.013718380350932653], [-0.48565809175639046, -0.028293217881186064, -0.2920479075491587, -0.5942798888728491, 0.09699184372022489, -0.5172601277623646, -0.6691021786714149, 0.3015587232878579, 0.4962271377304504, 0.6353384214541264, 0.06270668553338786, 0.14153552114735607, -0.019887366698452744], [-0.6195403975762501, -0.7270721602878588, -0.470015376668853, 0.07474328267395643, 0.021128463691918606, -0.25675863813178584, 0.3053158071574491, -0.6147027528268116, 0.20045630195603503, -0.12313031217675803, 0.6095905070931178, 0.5243479731206097, -0.13729238265380533]], "inverted": false, "swapped": true, "error_lsq": 0.04041886254072269, "error_max": 0.27092301043857303, "target": "1026.xyz", "model": "4.xyz", "model_rescale": 3.8936222436046832, "target_rescale": 4.128417268972998},
{"mapping": [10, 12, 9, 8, 6, 7, 2, 1, 0, 3, 5, 13], "R": [[0.4015242709326895, 0.23142211542378144, 0.8861275666317772], [0.09171840509959402, 0.9525234786829303, -0.29032181579026484], [-0.9112442010887967, 0.19784546254729143, 0.3612356279929893]], "T": [-0.12713954303071068, -0.18976723973647594, -0.010459778432603983], "aligned_model": [[0.13891937671128463, -0.6814760003727633, -0.18070418501521712, 0.40421301031571927, -0.6476709231310778, -0.5887548488277514, -0.11136613471486292, -0.04382607191736479, 0.6214670866632035, 0.3218383197673265, -0.04526460386280717, -0.1598269834005922], [-0.4592778200869968, -0.5118935457621688, 0.1269555573418731, 0.11821646067091549, 0.4792511400516648, -0.01873296985025294, -0.1647378172869885, 0.40553605789860814, -0.02734358449590782, -0.6550791414686895, 0.5246320647534946, -0.14860349665574416], [-0.5551754186893252, -0.29192644188014105, -0.7675217353877168, -0.4234526280605013, -0.08500561567129652, 0.4111946604410137, 0.7643481032137855, 0.46772149509412175, 0.17282947268492388, 0.21161915191111264, -0.24391949622870568, -0.0414268281517529]], "inverted": true, "swapped": true, "error_lsq": 0.04650067006813647, "error_max": 0.22720928965134005, "target": "1026.xyz", "model": "5.xyz", "model_rescale": 3.6523030999806103, "target_rescale": 4.128417268972998},
{"mapping": [4, 12, 9, 10, 8, 11, 6, 3, 7, 1, 5, 0, 13], "R": [[-0.7790268475861271, 0.07413353870555084, -0.6225924743995979], [-0.5052397531381609, -0.6622343429058045, 0.5533339560563835], [-0.37128151393371506, 0.7456204755202944, 0.5533535433120299]], "T": [0.030861737845512084, -0.11654918028310185, 0.025846772343076058], "aligned_model": [[0.21746665455244854, -0.24025918764742085, 0.30675574029785474, 0.5769588109493659, 0.6320373609051468, -0.3002698216359755, -0.4933242547069529, 0.3840532042577466, -0.60173310873811, -0.24456992368029526, 0.08835406110957125, 0.544382302520766, 0.011231066480149182], [-0.5911981120514861, -0.16305693439854163, 0.5566660034868174, -0.08974861857326578, 0.28874481740148156, -0.6684049152245011, 0.5532509460716404, -0.6841691902103377, -0.13447540973455027, 0.11791965913726715, 0.5945323747325504, -0.1779470204649387, -0.061286696008952396], [0.49896204778318454, 0.6697475567591055, 0.4092383782517435, 0.40161019136478315, -0.1227373290536751, 0.1470304969533282, -0.0004672535769089936, -0.11725686444764835, -0.11428276850014443, -0.6517565365079059, -0.22441502385274628, -0.5682199025808973, 0.04265674688957078]], "inverted": false, "swapped": true, "error_lsq": 0.04577269189438645, "error_max": 0.23260263133302111, "target": "1026.xyz", "model": "6.xyz", "model_rescale": 4.08911054899281, "target_rescale": 4.128417268972998},
{"mapping": [5, 10, 12, 7, 2, 8, 9, 11, 4, 3, 6, 13, 1, 14], "R": [[-0.3965098025622385, -0.20261177923201068, -0.89539289889327], [-0.889180650108384, 0.3273521714747996, 0.31968473110795437], [0.2283369176127381, 0.9229241695541255, -0.3099568184569286]], "T": [-0.01776424390357891, -0.0533318343741472, 0.0017914599315379867], "aligned_model": [[-0.06025852311451564, 0.3036325849669664, 0.5898911431974811, -0.08014029533203122, -0.12302996991152194, -0.22248093157180046, -0.09853772601816997, 0.4775469525023727, -0.5262886556332039, -0.7502538456049804, -0.43310743943728985, 0.5498355445079238, 0.1388463038816284, 0.01173787767031342], [-0.3507413414350677, -0.6870517764350285, -0.159474449238965, 0.3921728528309297, 0.746022126522159, -0.6508264557889667, -0.21573911378215568, -0.2247294617524913, -0.4606528762990591, -0.13990397682817515, 0.20717972376584157, 0.3949484034429803, 0.4032735762865949, -0.07355584657623997], [-0.6983821263507861, -0.1181168881026751, -0.355266790005243, -0.6282274020273342, -0.0077957929941698196, 0.2591632308301688, 0.7644557557328842, 0.26602759485849264, -0.2671731867834117, 0.28887277910088927, -0.0918393280219777, -0.11121221668767729, 0.5539967606423762, 0.16330113963874437]], "inverted": true, "swapped": false, "error_lsq": 0.04252180510656785, "error_max": 0.34709572453175686, "target": "1026.xyz", "model": "7.xyz", "model_rescale": 3.964800864290218, "target_rescale": 4.128417268972998},
{"mapping": [2, 7, 1, 0, 3, 12, 9, 8, 4, 11, 6, 5, 10, 13], "R": [[-0.1999953267107702, 0.979796833384196, -0.00018596815519829335], [0.9766346309147715, 0.19936509019130783, 0.08023938254361117], [0.07865536848696716, 0.015865878586265994, -0.9967756050911689]], "T": [-0.032874709268996063, -0.03772279148151521, -0.06275078386741242], "aligned_model": [[-0.15057375742859372, 0.3323252981123058, 0.598559300432658, 0.001344600702143109, -0.05866986101201514, -0.1668259542709447, -0.017568993897667414, 0.5441750911734715, -0.656299121485687, -0.6941629784724221, -0.5376560572018243, 0.5449336230454721, 0.022832736323740707, 0.014979094082535331], [-0.3766202105148058, -0.6396405195565016, -0.16814622532214152, 0.26260301626457355, 0.658449045105523, -0.710410257684251, -0.24203265916797606, -0.2250482099433102, -0.32158986458808947, -0.1138657760853256, 0.2347062196157076, 0.45531395448886214, 0.4050274671436557, -0.03782459504356434], [-0.6194411836310432, -0.16847291116088287, -0.44667878554182283, -0.7122065718541712, -0.26434959287181015, 0.2538302864206591, 0.5944249459275391, 0.40945711188900413, -0.22354531758054105, 0.43124657989401627, -0.1492611755567639, 0.2867102600263176, 0.6271788516753063, -0.0010889678055260518]], "inverted": true, "swapped": false, "error_lsq": 0.04286080164937478, "error_max": 0.32414550409098014, "target": "1026.xyz", "model": "8.xyz", "model_rescale": 4.121658175737393, "target_rescale": 4.128417268972998},
{"mapping": [12, 4, 10, 9, 11, 7, 3, 1, 0, 2, 6, 5, 13], "R": [[0.598836117425694, 0.4851780582802538, 0.6371793752389696], [0.5073323197545088, 0.38579786372843267, -0.7705672752427831], [-0.619684776155611, 0.7847052058613994, -0.015116814975047892]], "T": [-0.027865297990901233, -0.029894694572260315, -0.09291087326899458], "aligned_model": [[-0.581569366283409, -0.23503845890622208, 0.2462827180333578, 0.19436778464741247, -0.5111252082572967, -0.4870942629714068, 0.18073200202917938, 0.14127893321407206, 0.6725706919065079, -0.17517251491513633, -0.26684227262586513, 0.33573089568233905, -0.03738344511833519], [0.16776265190672404, -0.34156087257319195, 0.056384889319203164, 0.6959090242570418, -0.47054415622062773, -0.020987470067011064, -0.6491962883285575, -0.0004037122538396998, -0.3399089976456284, -0.5348111591713449, 0.6491987472236068, 0.5488732821592706, 0.029671500806064732], [-0.47320171689239465, -0.6793360962168886, -0.6908549585720607, -0.40937054912579984, -0.1270615403354926, 0.36443286716918066, -0.29382886866561, 0.6557579400308347, 0.09057982220350841, 0.4767929738991782, 0.3607604779505006, 0.2301970789843639, -0.08379199647023126]], "inverted": true, "swapped": true, "error_lsq": 0.0411633288879444, "error_max": 0.2243159143604981, "target": "1026.xyz", "model": "9.xyz", "model_rescale": 3.833441315466971, "target_rescale": 4.128417268972998},
{"mapping": [4, 6, 1, 5, 13, 7, 11, 12, 3, 9, 2, 0, 10, 14], "R": [[-0.5084796914339058, 0.6613494912496585, 0.5514211220320621], [0.07565730824865485, 0.6722251746299234, -0.736470831942676], [-0.8577437700781326, -0.33276142357188493, -0.3918487716894934]], "T": [0.03391757200588793, -0.08433542341722064, 0.06485913596109974], "aligned_model": [[-0.08317306376246106, 0.37177988250191757, 0.6785042017154241, 0.011911695484912714, -0.1071545701130858, -0.3336446992101733, 0.035567688285770185, 0.5572734477160382, -0.6841143582981506, -0.7537980422953909, -0.5412684026485206, 0.444114493246953, 0.24103340623038047, -0.05963865875044163], [-0.47503918624698993, -0.5793934116459474, 0.013349211710599468, 0.24044583648715515, 0.6684098234890185, -0.5653538158659421, -0.3422924662723532, -0.2998282223398405, -0.44009727396343845, -0.032715159702574964, 0.26181765212602737, 0.45362150191491424, 0.37820414816124415, -0.10020725313951576], [-0.6203801892503642, -0.2545093275448105, -0.28237957411234704, -0.5279882947329032, -0.15686092490999978, 0.34312745914279896, 0.6963593514806742, 0.2714542430738529, -0.27008190736954274, 0.2512715440585871, -0.19202488024162787, -0.01365069778737911, 0.7120950430748607, 0.06137168494848157]], "inverted": true, "swapped": false, "error_lsq": 0.04464135186404355, "error_max": 0.3437293281684634, "target": "1026.xyz", "model": "10.xyz", "model_rescale": 4.2482417240324, "target_rescale": 4.128417268972998},
{"mapping": [11, 12, 6, 9, 2, 1, 7, 8, 10, 0, 3, 13], "R": [[-0.7494667057867517, -0.5692808675377541, 0.3379629428985028], [0.29322296846363505, -0.7431189392134672, -0.6014935851259141], [0.5935654535790714, -0.3517009184487768, 0.7238691292490363]], "T": [-0.03746235757641164, -0.005302940639698488, -0.06435849392189813], "aligned_model": [[-0.6624151810072882, -0.14483256440723838, 0.4192296427793603, 0.7041858836210608, -0.5540911514103883, 0.06467729372468753, -0.2696191597312951, 0.5376628503735743, 0.18402445067701295, 0.050514923839865306, -0.46138654226347997, 0.008815156167136039], [-0.1622486103177092, -0.6716752011652638, -0.019318808384625512, -0.3544814658857976, 0.5059248673107111, 0.6470065496263916, 0.07649198724021752, 0.20185952465304752, -0.32950962508368226, 0.6322927309820705, 0.1630014977919081, -0.02321205671662859], [0.05260467223678364, 0.12191387840351744, 0.6535074854054128, -0.1303702471513144, 0.20572176011250626, 0.32812628481058276, 0.5352636261085189, -0.4815722253144406, -0.5991220397690245, -0.5183629397838283, -0.5736494128676195, -0.028868552336737803]], "inverted": false, "swapped": true, "error_lsq": 0.04314050552727842, "error_max": 0.2663514711134374, "target": "1026.xyz", "model": "11.xyz", "model_rescale": 3.6694154284099745, "target_rescale": 4.128417268972998},
{"mapping": [12, 1, 2, 10, 9, 0, 4, 3, 5, 6, 7, 8, 11, 13], "R": [[0.3701616518842855, 0.8911983131067773, -0.26219442822060846], [0.20384491703186342, 0.19744118453657433, 0.9588869737612811], [0.9063264319628829, -0.408390187644646, -0.10858109117613926]], "T": [-0.08501024877285764, -0.05280658554223695, -0.01893422073603026], "aligned_model": [[-0.11818515306157691, 0.4601820646883748, 0.49919607033356833, 0.0037124719323810146, -0.03652791540959256, -0.288744290235013, 0.15957516222344953, 0.6820382787005729, -0.8208443742348034, -0.5186708812430479, -0.602485305896625, 0.5183914987019019, -0.08161745518683554, -0.07862715120958226], [-0.3942146939651862, -0.6995880134676753, -0.1191343892095966, 0.25240005122203507, 0.7469157198265243, -0.7064719209356265, -0.3327233865461561, -0.20463410297996348, -0.30376318611523345, -0.07361618034089551, 0.37987851652099675, 0.3875515336046797, 0.41629863019649305, -0.16797719309803852], [-0.6055417807750968, -0.04914382078439986, -0.3028658543542341, -0.5689396525402484, -0.07165958974769668, 0.18588749217547443, 0.6209901583852782, 0.3413904412743015, -0.21928320853277697, 0.34350232552212545, -0.3306528216837875, 0.10185033687331999, 0.5511161581126087, 0.021153345905412964]], "inverted": false, "swapped": false, "error_lsq": 0.041699727767801655, "error_max": 0.22813738196431543, "target": "1026.xyz", "model": "12.xyz", "model_rescale": 3.9764082729961374, "target_rescale": 4.128417268972998},
{"mapping": [5, 6, 4, 0, 2, 13, 14, 3, 12, 10, 1, 7, 8, 15], "R": [[-0.09757661041951979, 0.964602253521643, -0.24499244396512565], [-0.8471673622662066, -0.20969108782677606, -0.4881978164606444], [-0.5222894460066707, 0.15991291438464644, 0.8376404923372878]], "T": [-0.06998256436665631, -0.10998451998824962, -0.031498932938303206], "aligned_model": [[0.01895359897682998, 0.26475574235712274, 0.5487107120892772, 0.15232218198299027, -0.10558769878614754, -0.29362431290002283, 0.2436634462999728, 0.4582988746866935, -0.6713681754378912, -0.686705812672672, -0.5660599035736659, 0.49347000063746516, -0.11456233061586624, 0.035126697059085873], [-0.44326020149270773, -0.7948959417752002, -0.1710634751122273, 0.3144422319987348, 0.684743223957805, -0.6319997512722735, -0.5844809009393653, 0.09913708715895425, -0.2996110574270632, 0.07760078843742013, 0.2859341562679715, 0.3882346964692086, 0.3712310576710518, -0.11509052922995203], [-0.7955942050099197, -0.08155306380386297, -0.3911539241290454, -0.5769807983109838, -0.08980503306087657, 0.1964594246784433, 0.5300056565641084, 0.5894924694897045, -0.1294308380750443, 0.44872089799331105, -0.05336794246801772, -0.10452302667306092, 0.4843470216913123, -0.008813109055787069]], "inverted": false, "swapped": false, "error_lsq": 0.04691345638374333, "error_max": 0.38241061750824346, "target": "1026.xyz", "model": "13.xyz", "model_rescale": 4.170626492500431, "target_rescale": 4.128417268972998},
{"mapping": [9, 1, 7, 10, 12, 3, 2, 0, 11, 6, 5, 8, 4, 13], "R": [[-0.8195034655536605, 0.4908029568032024, 0.29584882548148583], [-0.5497669324091858, -0.8190410454748352, -0.164097793577131], [0.1617726490323208, -0.29712661176798505, 0.9410342111763753]], "T": [0.026975868325416506, -0.08494562798538471, 0.05937961168167274], "aligned_model": [[-0.06722552125994907, 0.3952442654420692, 0.7568314093837752, 0.11839641091551192, -0.15965808438484358, -0.3076744639757164, 0.058078685467116496, 0.534259370818864, -0.5726677217424891, -0.7392238631908582, -0.7442826991821879, 0.47779347564722796, 0.1001295464677327, -0.07260779030308134], [-0.46330766241345656, -0.7102125181567823, -0.06840961280541041, 0.11834057930694522, 0.5860217190207101, -0.6808078067171457, -0.2604234882429427, -0.30818149529086314, -0.18276557093654172, -0.12466554845425497, 0.39682413695775753, 0.49641139670266243, 0.4558431667407893, -0.07374591099911013], [-0.6507434111583951, -0.19406500482431457, -0.2934195553768482, -0.45893043770195796, -0.1657352659553237, 0.1512002165460707, 0.6927612522125799, 0.280032284845253, -0.30189379556365925, 0.4041252662915934, 0.042707959424790796, -0.042324801100771615, 0.512434960911635, 0.04165386127962873]], "inverted": true, "swapped": false, "error_lsq": 0.04144836386045369, "error_max": 0.2487817580899895, "target": "1026.xyz", "model": "14.xyz", "model_rescale": 3.9786697098870705, "target_rescale": 4.128417268972998},
{"mapping": [0, 10, 1, 2, 5, 6, 4, 12, 7, 11, 9, 13], "R": [[-0.8526100426399071, 0.47894701027151393, -0.20896381634520894], [0.4368730630890734, 0.4339363252444618, -0.7879347640385612], [-0.2867020089513611, -0.7630917552858969, -0.5792175162043554]], "T": [-0.02936372477980665, -0.07162238037295368, -0.02830870934310636], "aligned_model": [[-0.12410050045806031, -0.6921580232950522, 0.5777983338128326, 0.5919521454776133, 0.06402772593932501, 0.42165542082840474, -0.4491912277566965, -0.1638013690400527, 0.5737322555113816, 0.1766676860101504, -0.47088539243053296, -0.022342457831976595], [-0.38641594114566225, -0.042719850166055603, 0.013864607431939818, -0.5236747019429422, 0.5204758582886995, 0.6491072555251056, -0.4238221834621829, 0.1107738871624398, -0.011651346276496444, -0.49893969781507874, 0.61892900692889, -0.011252404304217214], [-0.744072802329573, -0.03091486336095296, -0.4909432200720354, -0.13231742911634206, -0.48903750642364574, 0.0067072048424314835, 0.40023677677352315, 0.6342136442416594, 0.2015011935537146, 0.4231659023071318, -0.09555977787876, -0.023012628663321627]], "inverted": true, "swapped": true, "error_lsq": 0.043956784378416165, "error_max": 0.22272863989862837, "target": "1026.xyz", "model": "15.xyz", "model_rescale": 3.769337070930944, "target_rescale": 4.128417268972998},
{"mapping": [11, 12, 2, 7, 3, 10, 0, 9, 1, 6, 13], "R": [[-0.6814224748038834, -0.2011581950759087, -0.7037036246787094], [0.6825881319224107, -0.5215907641781308, -0.5118754896288232], [-0.2640773617537574, -0.8291432055307916, 0.492731865958859]], "T": [0.04185559614988676, -0.01209403216652364, -0.04957077644249713], "aligned_model": [[-0.3573925064010682, -0.4053099561468617, -0.19532855544259803, -0.5231228364465785, 0.36978780279313517, 0.45761037845477853, 0.6965040238241216, 0.2545945416971293, -0.0062061457551498625, -0.39169267328585666, 0.023182057400118982], [0.11510202683774207, -0.5266844044829405, 0.7049478648431925, 0.2819203680693858, 0.1919139986938029, -0.5049430670050462, 0.42585487685593393, -0.6267220372393527, 0.618140457208369, -0.04513174994224165, -0.03833383621350244], [-0.5528604268089763, -0.20931264685529777, -0.2250618646079079, 0.07079857596165118, -0.6137130720289328, -0.20573165593794096, -0.044624201030821264, 0.45371826988814595, 0.3868682666817669, 0.6818935079122508, 0.00224285404983926]], "inverted": false, "swapped": true, "error_lsq": 0.04291661237894886, "error_max": 0.24207379865329284, "target": "1026.xyz", "model": "16.xyz", "model_rescale": 3.7852294659196426, "target_rescale": 4.128417268972998},
{"mapping": [5, 7, 12, 6, 1, 2, 3, 11, 9, 8, 0, 10, 13], "R": [[0.8892494363606271, -0.33085147323350017, -0.31586823612311776], [0.28921030751563004, -0.12833571806389843, 0.9486239199470664], [-0.35439079835546217, -0.934915635834724, -0.018436808637398175]], "T": [0.013979127376657807, 0.08881259740253356, 0.1189042099928425], "aligned_model": [[0.14376650972665428, -0.42794809089455904, 0.33797492673794527, -0.007456133080920319, -0.5437771515881756, -0.7565324514639384, -0.1395702250318835, -0.2908094588628841, 0.7184142906205861, 0.37941049628205253, -0.1900593778276045, 0.5915791780576579, 0.038773337541352565], [-0.11296447103229332, -0.37993026433422006, -0.3206511745341977, -0.6460286980307661, -0.029184558732618604, 0.13578795061825621, 0.6896508204537874, 0.03242148081231533, -0.11907463989604575, 0.4448946577138768, 0.7323628789090327, 0.40620232226901287, 0.0415693194867341], [-0.5980438786366759, 0.19041883203153556, 0.5854274024197244, -0.30963329378971427, -0.39584726928149677, 0.1917585092637059, 0.40670859594705383, 0.695794421948789, -0.2510678228456285, -0.41720964960465895, -0.28680455617511663, 0.19493298374284052, 0.08932042212281517]], "inverted": true, "swapped": true, "error_lsq": 0.04267262844721408, "error_max": 0.224010715979343, "target": "1026.xyz", "model": "17.xyz", "model_rescale": 3.901054581598922, "target_rescale": 4.128417268972998},
{"mapping": [11, 10, 9, 12, 3, 4, 8, 5, 6, 1, 7, 13, 0, 14], "R": [[-0.5944037350701885, 0.673310123188435, 0.43970180548478977], [0.25263637552646756, 0.6754469822687348, -0.6927815210475154], [-0.7634520688919895, -0.30070725324812847, -0.571590838230029]], "T": [0.013498019723465895, -0.06748986340445241, 0.07495912643997611], "aligned_model": [[-0.09735534408693097, 0.2182427875288276, 0.5296672347725009, 0.01845607656145947, 0.0483567445153347, -0.20922663614793555, 0.13705660048893223, 0.6066176867610227, -0.5913622326382564, -0.6211309645881152, -0.5179098377165784, 0.5948469237414328, -0.3690166551389687, 0.030150636050446968], [-0.27019305127426807, -0.8222488874237696, -0.20147969079861072, 0.37195004254872294, 0.6946311301762279, -0.7462215809903973, -0.27396614255618856, -0.15051693185212778, -0.3295767549957626, -0.09937398227286405, 0.23756156263501976, 0.35007712346918685, 0.47511068520695043, -0.05483213715976189], [-0.6888169783747856, -0.171763681274668, -0.3120882723690596, -0.524076006757958, 0.038049101212996164, 0.41450434157281657, 0.693440391642691, 0.25216413052807485, -0.284457458651835, 0.36116710094710286, -0.17847003589046728, -0.04822147905844355, 0.44207176128243963, 0.024300615021377106]], "inverted": false, "swapped": false, "error_lsq": 0.047687739531176436, "error_max": 0.3694636611091244, "target": "1026.xyz", "model": "18.xyz", "model_rescale": 3.9405287249114394, "target_rescale": 4.128417268972998},
{"mapping": [2, 9, 11, 10, 3, 8, 7, 13, 6, 0, 1, 14, 12, 15], "R": [[-0.3048867365244153, -0.6284586036811317, -0.7156003503008184], [0.03237203866952132, 0.7441017098326667, -0.6672815721541252], [0.9518382893138262, -0.22661074308881346, -0.20652225573256014]], "T": [-0.012874033743163888, -0.0468653330112988, 0.12308298155688553], "aligned_model": [[-0.2860375871141514, 0.40071290741002946, 0.5676815352171538, 0.22639091983911344, -0.15164260489230613, -0.41438297876455776, 0.1317282534471845, 0.6202216435750377, -0.6104755396281629, -0.6377796398281863, -0.5742610466361384, 0.5430128059677063, -0.021882828577831488, -0.015892819911718988], [-0.15458085483096054, -0.693163219229693, -0.2202528807654589, 0.2203269725577769, 0.7267153198358052, -0.6864819968076049, -0.5598468704578305, -0.02888213177483267, -0.3526342076940653, -0.16474952257961603, 0.2485971397923919, 0.4654997685299437, 0.427184061721096, -0.04681019358459521], [-0.6949049905318856, 0.1071226766188316, -0.26692367419757307, -0.5763915288996989, -0.20516212819471302, 0.16727852429421597, 0.5830456645211183, 0.34712831894702906, -0.20503481898346304, 0.3843693365187989, -0.058757533453576496, -0.044877687157784465, 0.3975553393251492, 0.08335603102383299]], "inverted": true, "swapped": false, "error_lsq": 0.035479153018617975, "error_max": 0.2510616790450938, "target": "1026.xyz", "model": "19.xyz", "model_rescale": 4.410303926677745, "target_rescale": 4.128417268972998},
{"mapping": [2, 7, 1, 0, 3, 12, 9, 8, 4, 11, 6, 5, 10, 13], "R": [[-0.1999953267107702, 0.979796833384196, -0.00018596815519829335], [0.9766346309147715, 0.19936509019130783, 0.08023938254361117], [0.07865536848696716, 0.015865878586265994, -0.9967756050911689]], "T": [-0.032874709268996063, -0.03772279148151521, -0.06275078386741242], "aligned_model": [[-0.15057375742859372, 0.3323252981123058, 0.598559300432658, 0.001344600702143109, -0.05866986101201514, -0.1668259542709447, -0.017568993897667414, 0.5441750911734715, -0.656299121485687, -0.6941629784724221, -0.5376560572018243, 0.5449336230454721, 0.022832736323740707, 0.014979094082535331], [-0.3766202105148058, -0.6396405195565016, -0.16814622532214152, 0.26260301626457355, 0.658449045105523, -0.710410257684251, -0.24203265916797606, -0.2250482099433102, -0.32158986458808947, -0.1138657760853256, 0.2347062196157076, 0.45531395448886214, 0.4050274671436557, -0.03782459504356434], [-0.6194411836310432, -0.16847291116088287, -0.44667878554182283, -0.7122065718541712, -0.26434959287181015, 0.2538302864206591, 0.5944249459275391, 0.40945711188900413, -0.22354531758054105, 0.43124657989401627, -0.1492611755567639, 0.2867102600263176, 0.6271788516753063, -0.0010889678055260518]], "inverted": true, "swapped": false, "error_lsq": 0.04286080164937478, "error_max": 0.32414550409098014, "target": "1026.xyz", "model": "20.xyz", "model_rescale": 4.121658175737393, "target_rescale": 4.128417268972998},
{"mapping": [4, 12, 9, 10, 8, 11, 6, 3, 7, 1, 5, 0, 13], "R": [[-0.7790268475861271, 0.07413353870555084, -0.6225924743995979], [-0.5052397531381609, -0.6622343429058045, 0.5533339560563835], [-0.37128151393371506, 0.7456204755202944, 0.5533535433120299]], "T": [0.030861737845512084, -0.11654918028310185, 0.025846772343076058], "aligned_model": [[0.21746665455244854, -0.24025918764742085, 0.30675574029785474, 0.5769588109493659, 0.6320373609051468, -0.3002698216359755, -0.4933242547069529, 0.3840532042577466, -0.60173310873811, -0.24456992368029526, 0.08835406110957125, 0.544382302520766, 0.011231066480149182], [-0.5911981120514861, -0.16305693439854163, 0.5566660034868174, -0.08974861857326578, 0.28874481740148156, -0.6684049152245011, 0.5532509460716404, -0.6841691902103377, -0.13447540973455027, 0.11791965913726715, 0.5945323747325504, -0.1779470204649387, -0.061286696008952396], [0.49896204778318454, 0.6697475567591055, 0.4092383782517435, 0.40161019136478315, -0.1227373290536751, 0.1470304969533282, -0.0004672535769089936, -0.11725686444764835, -0.11428276850014443, -0.6517565365079059, -0.22441502385274628, -0.5682199025808973, 0.04265674688957078]], "inverted": false, "swapped": true, "error_lsq": 0.04577269189438645, "error_max": 0.23260263133302111, "target": "1026.xyz", "model": "21.xyz", "model_rescale": 4.08911054899281, "target_rescale": 4.128417268972998},
{"mapping": [5, 14, 12, 10, 6, 15, 2, 13, 11, 1, 8, 7, 0, 16], "R": [[-0.981288934213882, 0.139006119439041, 0.13322659774940968], [0.14883592132699702, 0.10867374011215264, 0.9828722636908523], [0.12214702662008556, 0.9843105795268766, -0.12732944246849093]], "T": [0.01717505572046865, -0.11791608775613127, 0.025180083784637177], "aligned_model": [[-0.23552666129545566, 0.35809014611717416, 0.6817862538206063, 0.26968753066283124, -0.14865662564498436, -0.28065888498144653, -0.11593954901342002, 0.6310482896291252, -0.6707756232249088, -0.6392833255007928, -0.5935796786862394, 0.4602406824701526, 0.01889124136565415, 0.042069224384875925], [-0.08135810934319876, -0.6591733083189412, -0.22524541950164395, 0.23356874558928342, 0.597329770724955, -0.7693695785566401, -0.44881449905377474, -0.003036551899509757, -0.38498843471200167, -0.07251551123775435, 0.17584023996309567, 0.427918273611001, 0.4824453159104011, -0.09167954846291464], [-0.6324933993205668, -0.026201900173667848, -0.2777091301881392, -0.6558715083444507, -0.10322296887584151, 0.16086468491524747, 0.6529065949186572, 0.2412641205854459, -0.17801749269826522, 0.4690264115177835, -0.1212709059176483, -0.08230893125075327, 0.5147131652752108, 0.056124789387268614]], "inverted": true, "swapped": false, "error_lsq": 0.038555655431783374, "error_max": 0.3001391146024093, "target": "1026.xyz", "model": "22.xyz", "model_rescale": 4.204369325754507, "target_rescale": 4.128417268972998},
{"mapping": [2, 9, 11, 10, 3, 8, 7, 13, 6, 0, 1, 14, 12, 15], "R": [[-0.3048867365244153, -0.6284586036811317, -0.7156003503008184], [0.03237203866952132, 0.7441017098326667, -0.6672815721541252], [0.9518382893138262, -0.22661074308881346, -0.20652225573256014]], "T": [-0.012874033743163888, -0.0468653330112988, 0.12308298155688553], "aligned_model": [[-0.2860375871141514, 0.40071290741002946, 0.5676815352171538, 0.22639091983911344, -0.15164260489230613, -0.41438297876455776, 0.1317282534471845, 0.6202216435750377, -0.6104755396281629, -0.6377796398281863, -0.5742610466361384, 0.5430128059677063, -0.021882828577831488, -0.015892819911718988], [-0.15458085483096054, -0.693163219229693, -0.2202528807654589, 0.2203269725577769, 0.7267153198358052, -0.6864819968076049, -0.5598468704578305, -0.02888213177483267, -0.3526342076940653, -0.16474952257961603, 0.2485971397923919, 0.4654997685299437, 0.427184061721096, -0.04681019358459521], [-0.6949049905318856, 0.1071226766188316, -0.26692367419757307, -0.5763915288996989, -0.20516212819471302, 0.16727852429421597, 0.5830456645211183, 0.34712831894702906, -0.20503481898346304, 0.3843693365187989, -0.058757533453576496, -0.044877687157784465, 0.3975553393251492, 0.08335603102383299]], "inverted": true, "swapped": false, "error_lsq": 0.035479153018617975, "error_max": 0.2510616790450938, "target": "1026.xyz", "model": "23.xyz", "model_rescale": 4.410303926677745, "target_rescale": 4.128417268972998},
{"mapping": [13, 12, 6, 14, 9, 0, 2, 5, 7, 1, 11, 15, 8, 16], "R": [[0.8267199731488479, -0.05249709017476056, -0.5601590323470214], [-0.49295613464102095, 0.4122742166883488, -0.7661750580473057], [0.2711610873937334, 0.9095460547862277, 0.3149565666981029]], "T": [-0.07677961416157851, 0.014136105168942315, 0.036427509610296185], "aligned_model": [[0.010056368943598695, 0.2514465365959931, 0.5066227613864079, 0.055175202458076125, -0.051957444562203345, -0.1637663100496039, 0.10909378750138389, 0.4792728124613427, -0.5105232733843849, -0.8760433418650936, -0.548469716578855, 0.49383795685353127, 0.15820436214729267, -0.13555668180431357], [-0.2844185573759784, -0.7062960394491595, -0.16108810347187652, 0.33780247216196546, 0.6377428685235109, -0.6839019339329082, -0.4860231028608741, -0.19628707545378493, -0.4124184432668036, -0.1816670255738035, 0.31737338485298566, 0.41735129840983937, 0.6112847460503534, -0.02853310390110886], [-0.5940574222794223, -0.10293157241713428, -0.41836500865595944, -0.5432085824880535, -0.017595154366993646, 0.31131297992747187, 0.7768232121610373, 0.24168300242670848, -0.23161829239951848, 0.279684528294563, -0.2573021043242937, -0.10892477424954299, 0.5501421179542767, 0.13216060024714166]], "inverted": true, "swapped": false, "error_lsq": 0.04147523341288841, "error_max": 0.23270162451671664, "target": "1026.xyz", "model": "24.xyz", "model_rescale": 4.28219845311461, "target_rescale": 4.128417268972998},
{"mapping": [3, 1, 5, 9, 12, 0, 6, 8, 4, 2, 13, 11, 14, 15], "R": [[-0.8201379605276482, -0.4272312473575236, 0.380587949077325], [0.3648366168387892, 0.12191802457703543, 0.9230548403517855], [-0.44075840175222597, 0.8958847339722718, 0.055880002865565326]], "T": [-0.054132152389553365, -0.004831127765301799, -0.05551844755445417], "aligned_model": [[-0.024073516138521087, 0.21204455449480952, 0.7440102458925403, 0.13097814180617146, -0.06700410186376603, -0.3332575629913036, 0.08371107185919023, 0.5100581560353945, -0.5756469052079507, -0.5456711293149572, -0.5233986910090527, 0.3137760862513528, -0.06346609134631599, -0.08466723836441903], [-0.45181395632553817, -0.5680461057034276, -0.13631416460860857, 0.29899058729067834, 0.7594630058261863, -0.6721959329738249, -0.35942451815432835, -0.3024725088317328, -0.4734105006332449, -0.029127970720411275, 0.35653425173664066, 0.392246484311296, 0.43095832669616146, -0.06446561319748939], [-0.6874584559562352, -0.2032216912054443, -0.3219046408924555, -0.630235968013057, -0.04509297358949398, 0.32166505415419794, 0.7614637480790541, 0.21842490623434263, -0.2631342151183923, 0.4204848318181374, -0.10156663065102911, 0.00321799067844801, 0.5690974775213966, -0.023935903229188107]], "inverted": false, "swapped": false, "error_lsq": 0.03835449081810905, "error_max": 0.21887979341120226, "target": "1026.xyz", "model": "25.xyz", "model_rescale": 4.100010024507729, "target_rescale": 4.128417268972998},
{"mapping": [11, 12, 6, 9, 2, 1, 7, 8, 10, 0, 3, 13], "R": [[-0.7494667057867517, -0.5692808675377541, 0.3379629428985028], [0.29322296846363505, -0.7431189392134672, -0.6014935851259141], [0.5935654535790714, -0.3517009184487768, 0.7238691292490363]], "T": [-0.03746235757641164, -0.005302940639698488, -0.06435849392189813], "aligned_model": [[-0.6624151810072882, -0.14483256440723838, 0.4192296427793603, 0.7041858836210608, -0.5540911514103883, 0.06467729372468753, -0.2696191597312951, 0.5376628503735743, 0.18402445067701295, 0.050514923839865306, -0.46138654226347997, 0.008815156167136039], [-0.1622486103177092, -0.6716752011652638, -0.019318808384625512, -0.3544814658857976, 0.5059248673107111, 0.6470065496263916, 0.07649198724021752, 0.20185952465304752, -0.32950962508368226, 0.6322927309820705, 0.1630014977919081, -0.02321205671662859], [0.05260467223678364, 0.12191387840351744, 0.6535074854054128, -0.1303702471513144, 0.20572176011250626, 0.32812628481058276, 0.5352636261085189, -0.4815722253144406, -0.5991220397690245, -0.5183629397838283, -0.5736494128676195, -0.028868552336737803]], "inverted": false, "swapped": true, "error_lsq": 0.04314050552727842, "error_max": 0.2663514711134374, "target": "1026.xyz", "model": "26.xyz", "model_rescale": 3.6694154284099745, "target_rescale": 4.128417268972998},
{"mapping": [12, 9, 3, 6, 1, 10, 8, 7, 2, 4, 0, 1, 5, 13], "R": [[0.863247399405784, 0.33839966503308255, -0.3745525251879214], [-0.23936032568520932, -0.37886647538645746, -0.8939613125388108], [-0.44442160378071355, 0.8613627926337082, -0.2460560455653104]], "T": [-0.04158482357252091, -0.1855511572208972, 0.04253921940978928], "aligned_model": [[0.07759613786927261, 0.3249435486554678, 0.6762760439697516, 0.023192847854364013, 0.14045996675925376, -0.3660675715306982, 0.005260444120979771, 0.5418829435390475, -0.5882340707167233, -0.7220247248168028, -0.45994741819633245, 0.14045996675925376, 0.07204696685422998, -0.0884520610178918], [-0.44211787494295646, -0.7588538146078712, -0.18770446004098165, 0.17023774162049843, 0.6604251939586961, -0.6676606774695177, -0.4300456537471435, -0.04961976282106245, -0.13588472577438415, -0.21425243967577534, 0.3213396452211137, 0.6604251939586961, 0.4346652770110415, -0.18003225797799643], [-0.6988798463988722, -0.00040901519057168906, -0.32827388509430383, -0.5409061889620044, -0.13304654668094665, 0.19801293633902356, 0.631084166285685, 0.23545512201193528, -0.35850627973878413, 0.5026569731088217, 0.11302181976241651, -0.13304654668094665, 0.5204491383633304, 0.010191682705497807]], "inverted": false, "swapped": false, "error_lsq": 0.05240973611494598, "error_max": 0.43142252354136296, "target": "1026.xyz", "model": "27.xyz", "model_rescale": 4.103607728864725, "target_rescale": 4.128417268972998},
