[{"mapping": [10, 14, 13, 5, 9, 11, 8, 12, 1, 7, 6, 15], "R": [[-0.7814786309650111, 0.29048530195201194, 0.5521860544190703], [0.29353992715938326, -0.6097755194270981, 0.7362120123107724], [0.5505683068505814, 0.7374226096732194, 0.391257503742002]], "T": [0.056004874204256073, -0.056962367999721944, -0.19966241485571157], "aligned_model": [[-0.163147058883984, 0.07321126897591393, 0.42102006286335747, -0.2061729883274324, -0.2647253791281687, -0.5724114924448243, 0.4350882707085159, -0.2503058671436801, 0.5416951642460848, 0.17760089569722556, -0.36366368038423413, 0.009453266281774786], [-0.41110968722363644, -0.6277298410135244, -0.4877331248588041, 0.6850952111992945, 0.3929223356530544, -0.5302488635853158, -0.1805349262979038, -0.4910038732179958, 0.18195552390026215, 0.33604546459475476, 0.19282287174436186, -0.006926054917490307], [-0.6088623419235888, 0.02214649639479721, -0.39423050176466146, 0.05925769426768074, -0.6761107278067481, -0.11001303252777134, 0.48914708000043483, 0.5368904632588414, 0.015927412784115497, 0.5770262013864311, 0.40844246314347554, -0.13766946185944373]], "inverted": true, "swapped": true, "error_lsq": 0.04526691882434772, "error_max": 0.25476131959084014, "target": "1027.xyz", "model": "0.xyz", "model_rescale": 3.751011558992144, "target_rescale": 4.251506897511629},
{"mapping": [0, 11, 5, 9, 12, 7, 11, 10, 6, 1, 8, 13, 4, 2, 15], "R": [[-0.682920540113995, -0.22880744526572394, -0.6937338746820587], [-0.4320352416178964, -0.6392692336574585, 0.6361449495981021], [-0.5890374231664535, 0.7341539347371085, 0.33771721042826053]], "T": [0.17591385665276077, 0.08637742413587601, 0.08507137788242916], "aligned_model": [[-0.058959915620939995, 0.32043137852476755, -0.48168524480819935, 0.2805878798569211, -0.20286895236633978, -0.6724226760532017, 0.32043137852476755, 0.6938989246854099, -0.4985043873767971, -0.09575214284967543, -0.2837139808936016, 0.6116900401014687, 0.5227710145684423, -0.009613250716268285, 0.09279614551228085], [0.22302409619247804, -0.617241438753242, 0.37793630644516196, 0.47334735695164304, -0.7242788680081328, 0.0774103307874211, -0.617241438753242, -0.0945100967012375, -0.22208332506593692, 0.40625024381370045, -0.13035471277778266, 0.04459271483636296, 0.5372443352857282, 0.7436564395729489, 0.07100540600123553], [-0.7793632615529915, -0.2480643755072414, -0.3260042176728858, -0.5244897403494774, 0.24027576047205132, 0.31470298293053, -0.2480643755072414, -0.11458745087995828, -0.15641962127230624, 0.4892183247202334, 0.6976090099139943, 0.4912849046978566, -0.003676747664143984, -0.0308267302082518, 0.048071942731807905]], "inverted": true, "swapped": true, "error_lsq": 0.05360985532117465, "error_max": 0.466139775919799, "target": "1027.xyz", "model": "1.xyz", "model_rescale": 3.9405287249114394, "target_rescale": 4.251506897511629},
{"mapping": [2, 4, 0, 14, 10, 5, 1, 13, 11, 6, 12, 7, 15], "R": [[-0.7660301064525459, 0.2841929406287198, -0.576569378743879], [-0.622539356855845, -0.5514425848343354, 0.5552979603750927], [-0.16013314826672362, 0.7843120859250023, 0.5993429124450875]], "T": [0.09245276759123951, 0.044046449950675894, -0.006125290806617955], "aligned_model": [[-0.2636188138588325, 0.2507434580031951, -0.5409002358344792, 0.4711259055312684, 0.48340854050430604, -0.7264568248941099, -0.02225069079297133, 0.6644277503756845, 0.21454771015518165, -0.5315004076659292, 0.01593466409933174, -0.5267408267942263, 0.007263050455512968], [0.6365874034362757, 0.5278711455724606, 0.009092798715565467, -0.38405596063432335, -0.07606453639912522, 0.15760658783548878, 0.3710898781200409, 0.1363795704254223, -0.6675552723900853, -0.40470950954500073, -0.7858501717202252, -0.07128990218461354, 0.009730562340136625], [-0.05058460352810802, -0.27505801583385764, -0.6532168322897565, 0.21434180886065768, -0.4228019140844046, -0.060138990697667885, 0.462213799403189, 0.13870387508314555, -0.3311792283152643, 0.12656392599120575, 0.3546308844050144, 0.6068859440592641, 0.0027596965352266207]], "inverted": true, "swapped": true, "error_lsq": 0.047250721568399406, "error_max": 0.27242565844977706, "target": "1027.xyz", "model": "2.xyz", "model_rescale": 3.932901565614263, "target_rescale": 4.251506897511629},
{"mapping": [12, 11, 14, 6, 8, 1, 13, 7, 5, 2, 10, 0, 4, 15], "R": [[-0.3087232042703084, -0.4211896012921567, -0.8528125836949336], [0.9135994835421493, -0.3807614884026323, -0.1426768117842927], [-0.2646241992271149, -0.8231767785310556, 0.5023485089762306]], "T": [0.15664707154002958, -0.19168238752685202, 0.07948904191137558], "aligned_model": [[-0.13488840720197823, 0.5233428639512531, 0.233475774079087, -0.3060826898327309, -0.4805983269592339, -0.30015180795224694, 0.3854483300180509, -0.6999926066060493, -0.3044539217259926, -0.05390858386125741, 0.7304637868037012, 0.2854885749953303, 0.4422095418117511, 0.09945738453301932], [0.03599662808319498, 0.20381549779584762, -0.39595205517093335, 0.3873533553985607, -0.46836362002213733, -0.5001089225048625, -0.724083884209721, -0.01692755474788038, 0.38158578617812383, -0.16920531619250176, -0.2018003558248857, 0.6265568031949731, -0.37583505229509706, -0.11953467133219271], [-0.749906986088281, -0.5002176658823868, -0.4929111805977335, -0.1632138231428547, -0.3088390623380442, 0.26833725320467205, -0.06492322837376767, -0.010595172964693853, 0.4605084382456155, 0.7390566884832882, -0.027863078718281017, 0.4468713244133208, 0.5442566838425341, 0.07333617297370922]], "inverted": true, "swapped": true, "error_lsq": 0.04687191790057256, "error_max": 0.25862679382069276, "target": "1027.xyz", "model": "3.xyz", "model_rescale": 3.9243930471874484, "target_rescale": 4.251506897511629},
{"mapping": [14, 1, 12, 11, 6, 13, 10, 7, 5, 2, 0, 9, 15], "R": [[0.9247578483872759, 0.3592784403415125, -0.12546682490565517], [0.2621782764359854, -0.362506885419286, 0.894344066558651], [0.27583595344188205, -0.8599463706123648, -0.4294260896352584]], "T": [-0.14998933155501082, -0.14676562164790702, -0.13178449132296918], "aligned_model": [[0.021817893096008123, -0.33720200951231466, 0.6119835275146721, 0.36603097387975814, 0.5694535268876809, -0.524803036849701, -0.2818041053057585, 0.31377664625229684, 0.18831850294498748, -0.462269817174086, 0.17981340147109037, -0.29287208780734436, -0.07503752908593707], [-0.639168821148346, 0.21987003353016743, -0.45099620678547464, -0.6944992538088628, 0.15306992033617578, -0.5358891458399274, -0.6185985197639134, 0.427717969544082, 0.5735742792522778, 0.451724366025765, 0.2179261339357818, 0.11648838937765293, -0.0933895909737915], [-0.4531754184836173, -0.544077469988405, -0.5211038382402844, 0.11449819403408026, -0.16018388479762868, -0.3862522547112651, 0.18584903253533377, -0.608623748099557, 0.0986163368957958, 0.023647217531848286, 0.6293431776261167, 0.5334590584706437, -0.12492608740209735]], "inverted": true, "swapped": true, "error_lsq": 0.04298096595447555, "error_max": 0.29467630244076753, "target": "1027.xyz", "model": "4.xyz", "model_rescale": 3.8936222436046832, "target_rescale": 4.251506897511629},
{"mapping": [0, 11, 4, 5, 13, 14, 12, 8, 7, 6, 1, 15], "R": [[-0.5247247553075104, 0.11919404450975485, -0.842885941821834], [0.8192694408178881, -0.19822913738297648, -0.5380546370345172], [-0.2312174615149521, -0.9728812819896411, 0.006363697413771907]], "T": [-0.2276357402927195, 0.06023424610410463, -0.20345308603328607], "aligned_model": [[0.13692636046797918, -0.5940802803791383, -0.36146051824923586, 0.5330664266177517, -0.6883090540271399, -0.5931296630874053, -0.21078069736335928, 0.041141435446339525, 0.5201187561827703, 0.29806295833512664, 0.09929539879695903, -0.15330308052555036], [-0.5950687993140871, -0.5899071468482976, 0.2940011068285737, -0.19925510139528926, 0.42678679331157354, 0.03658277412867847, -0.32911682616184934, 0.368099605493833, 0.12158033226666767, -0.40600974573643234, 0.5314221848701028, 0.009807727666334198], [-0.712135345500488, 0.06108200944303785, -0.7122861362443536, -0.40450978736132326, -0.10307579024953317, 0.28759229033765954, 0.6168213136826259, 0.47948956834049916, 0.25435235980247883, 0.13501895518193532, -0.10072165292932465, -0.18234306522769533]], "inverted": false, "swapped": true, "error_lsq": 0.04597480273811393, "error_max": 0.23855302438111387, "target": "1027.xyz", "model": "5.xyz", "model_rescale": 3.6523030999806103, "target_rescale": 4.251506897511629},
{"mapping": [12, 6, 7, 14, 1, 11, 5, 10, 0, 9, 2, 3, 15], "R": [[-0.7698337731191898, 0.6162360127022981, 0.1661599783757967], [0.05211139460215625, -0.19878190445041466, 0.9786573235896643], [0.6361134838357778, 0.7620622882099859, 0.12091610550489212]], "T": [0.2036577326752806, -0.11772378717857476, -0.07263382469848101], "aligned_model": [[0.21493593292780422, -0.2240681282403622, 0.1955657602815395, 0.5135048014715812, 0.5334261871361636, -0.10908248134942022, -0.3560595891428991, 0.14314369473681254, -0.6851472132055254, -0.33736219673586826, 0.07132660225938486, 0.7759139878097583, 0.1449855467153252], [-0.4298749770810588, 0.07203342246583253, 0.47865612921676404, -0.5404902726111394, 0.35880760103275977, -0.7772945661352241, 0.4709773767242622, -0.6265243910283265, 0.005757361738538053, -0.00017469422047416971, 0.46649256434687425, 0.1414474702660953, -0.07898612055172047], [0.7801046332226015, 0.5513442948239499, 0.5729290853472627, 0.24443723064254747, -0.012414283148602462, 0.23413024524160836, 0.09038079008494423, -0.35254893778933133, -0.19858390124468908, -0.5477620006910231, -0.4205535132686889, -0.5584760731096582, -0.012877830629131642]], "inverted": true, "swapped": true, "error_lsq": 0.05442439335836668, "error_max": 0.2875985521309496, "target": "1027.xyz", "model": "6.xyz", "model_rescale": 4.08911054899281, "target_rescale": 4.251506897511629},
{"mapping": [12, 6, 7, 14, 13, 3, 8, 1, 10, 11, 4, 9, 2, 5, 15], "R": [[0.5090104474977496, 0.029922110950489633, 0.8602401011429353], [-0.8103364110051694, -0.3203765943503475, 0.4906258643729804], [0.29028135547672024, -0.946817566941351, -0.1388280576607571]], "T": [-0.09307707157730641, -0.023917186375005173, 0.01372147377463858], "aligned_model": [[0.019357019241952128, 0.4503307954759055, 0.7140359849694166, -0.38623310868704697, -0.5153395307034531, -0.22036900692128383, 0.2850959304683244, 0.2690424123976133, -0.6440808394870119, -0.4516191954225034, -0.28518760364603757, -0.08109985122591801, 0.28450866718377643, 0.6171102455585162, -0.01921837940269472], [-0.7719302644515563, -0.5829474133622516, -0.18095612128905397, -0.3006457768522182, 0.2302896519508244, 0.7369757251515174, -0.09363793539984216, 0.34044129699759307, -0.1138525933244644, -0.7284357562876712, 0.4301146787902831, 0.09297915705043869, 0.4455632549201426, -0.12706602907360634, -0.07613305865102202], [-0.48883543944434066, 0.03605977474124769, -0.2967511375722064, -0.44752855224199284, -0.32351667994068384, -0.1747682950519262, -0.6830978116593642, -0.261175171553704, 0.18459845914217235, 0.05894733589679275, 0.31106924699310656, 0.7337623948226938, 0.35560670054995097, 0.4277511782479057, 0.03194802915242875]], "inverted": true, "swapped": true, "error_lsq": 0.04627473678259706, "error_max": 0.2914769376817461, "target": "1027.xyz", "model": "7.xyz", "model_rescale": 3.964800864290218, "target_rescale": 4.251506897511629},
{"mapping": [5, 9, 2, 6, 1, 11, 7, 4, 10, 14, 12, 8, 13, 15], "R": [[-0.9110161246536038, -0.4049303195146524, -0.07798113206982392], [-0.3049216410607807, 0.534173143364568, 0.7884680372220662], [-0.2776191877985567, 0.7420852304457882, -0.6101123645036965]], "T": [0.1495447593958833, -0.0649634102782005, 0.08507272369968408], "aligned_model": [[-0.2678809393623288, 0.3334708481365696, 0.37844206257528357, -0.6064084768462125, 0.21957937322113613, -0.2344673453426288, -0.4592348011555859, 0.6691417341195144, 0.39624859939916296, 0.01924551521445994, -0.5973409097014234, -0.20404489524026076, 0.5459496567584624, 0.06848746768472411], [-0.02124467204495599, -0.5111289679693095, 0.11524846435920381, -0.046477892969825865, 0.49231497194940466, -0.6161096292878299, 0.5159233692702082, -0.16765144773337898, -0.5238548982392207, -0.02645736551922366, 0.0031358231375291507, 0.5970021711191696, 0.06239063763952167, -0.06214209753009002], [-0.6292596662284017, -0.46207865015224325, -0.5434160096905943, -0.10597411510104657, -0.06981997548510507, 0.5042585980008021, -0.16878540897346891, -0.14062893818351357, 0.34860316104366684, 0.6824086031381332, 0.5971788967549964, 0.3500422390275373, 0.5132086567701616, 0.04107764780409781]], "inverted": true, "swapped": true, "error_lsq": 0.045203105101416396, "error_max": 0.25758039927737886, "target": "1027.xyz", "model": "8.xyz", "model_rescale": 4.121658175737393, "target_rescale": 4.251506897511629},
{"mapping": [0, 10, 4, 2, 11, 6, 14, 8, 13, 12, 5, 1, 15], "R": [[-0.9213995277509689, 0.27199296044243887, 0.27756573947454194], [0.06980830572123953, -0.5867793900856794, 0.8067321413102418], [0.3822953187165929, 0.7626990080237656, 0.5216708851823558]], "T": [0.05377356461674066, -0.010126107068786031, -0.13452180920321657], "aligned_model": [[-0.7022187503788184, 0.008292159556114044, 0.29014205796090187, 0.15081224229672374, -0.4526581171753169, -0.5243118249519972, 0.15861876130196714, 0.30698563075643936, 0.539865033598726, -0.28317498329574375, -0.41934280446873595, 0.4181763214799371, -0.014448230244999909], [0.3906682386173816, -0.3705747817140614, 0.23039822967116189, 0.6648016551217905, -0.6158561526849304, 0.09238414111398072, -0.5786858169489907, -0.10085375978767341, -0.3331597328339892, -0.5575554894036078, 0.6331588315949479, 0.31227918695073076, 0.023382889714969584], [-0.4327243576090283, -0.5915783358411472, -0.6011534285189272, -0.25668724629647577, -0.19420691658383968, 0.37891254466831414, 0.06800745390389451, 0.6145343044938342, -0.2610944514610003, 0.5069726866362116, 0.08632133501600106, 0.18597974753451538, -0.08220790198326365]], "inverted": true, "swapped": true, "error_lsq": 0.04987915088736102, "error_max": 0.3122143545467062, "target": "1027.xyz", "model": "9.xyz", "model_rescale": 3.833441315466971, "target_rescale": 4.251506897511629},
{"mapping": [12, 8, 10, 4, 13, 14, 1, 2, 0, 9, 6, 5, 7, 11, 15], "R": [[0.755946727181915, -0.013346049998491955, 0.6544970806752226], [-0.3122493746572661, -0.8860804899691445, 0.3425809295950183], [0.5753649917131711, -0.4633392366781367, -0.6739969421780962]], "T": [-0.2023336023418166, 0.05385272535063325, 0.028713757091978973], "aligned_model": [[0.04803708676891197, 0.0775753498933284, -0.6744025726952254, -0.472742162178043, -0.7230147117055196, -0.4657346174939826, -0.0027136440330585154, 0.06884644472011794, 0.24059372822519345, -0.12287914479743935, 0.47619442882866425, 0.5585930591463636, 0.5635900912037248, -0.3333084427126344, -0.11478987487586997], [-0.813372285776557, -0.44228457947213057, 0.04999542536771916, 0.5613189064434714, -0.049389257663725344, -0.49648828637060505, 0.15764621329273065, 0.6656593082229176, 0.44091341029343917, 0.642144869624438, -0.2652343456996562, 0.3488564613481632, -0.18624586101320256, -0.45030118869054214, 0.03788274938851831], [0.12853228686356877, -0.5271024644195655, 0.3722664928815049, 1.8228218586421874e-06, -0.24494396462484203, -0.026199241516619884, -0.5087195641658696, -0.15023447673912538, 0.7179776062458837, 0.4528204406745114, 0.2433973762976986, 0.17150632321784853, -0.32933584843120023, 0.625051472379807, 0.05310364633663385]], "inverted": true, "swapped": true, "error_lsq": 0.04658382996696275, "error_max": 0.31309700499139653, "target": "1027.xyz", "model": "10.xyz", "model_rescale": 4.2482417240324, "target_rescale": 4.251506897511629},
{"mapping": [7, 5, 0, 9, 12, 11, 6, 10, 2, 13, 1, 15], "R": [[-0.17742868512026236, -0.7927267323368828, -0.5831838385406293], [-0.19980486632096234, 0.6092609213146053, -0.7673846135761002], [0.9636374199308354, -0.019633074068171996, -0.26649102294763427]], "T": [0.029355317816400536, 0.1724584877087635, -0.22329870840708582], "aligned_model": [[-0.7272990035412183, -0.09647498631542044, 0.47529229880362805, 0.5966794997831902, -0.5153743099928012, 0.20675062997818122, -0.35020316155003267, 0.4918641034687759, 0.1159555645375747, 0.0546679675705842, -0.36736138284384945, -0.007731617535605237], [-0.19933480158748726, -0.5321153229162711, -0.32438337408356666, -0.2647648796011468, 0.6608872553034348, 0.7038785516511746, -0.014344674933682106, 0.5287645078431381, -0.48132813301324917, 0.5604574910129312, -0.10088947068506579, 0.1293042410604294], [0.025156405303171092, 0.1940366307391101, 0.3893787116932443, -0.08456826282569008, 0.3146933104453294, 0.3362259714689431, 0.4319461645363269, -0.22820961591195862, -0.4352700154143528, -0.6765892516104368, -0.5509456887865629, -0.15066206978276697]], "inverted": true, "swapped": true, "error_lsq": 0.04970177510357924, "error_max": 0.251176128558533, "target": "1027.xyz", "model": "11.xyz", "model_rescale": 3.6694154284099745, "target_rescale": 4.251506897511629},
{"mapping": [6, 12, 14, 8, 7, 0, 5, 9, 13, 4, 10, 1, 11, 15], "R": [[-0.3392684654131436, 0.40128925159450246, 0.8508018834787183], [-0.6009448168452158, 0.6033718614988077, -0.5242210639208743], [-0.7237141946121275, -0.6891366579323636, 0.03644765027723976]], "T": [0.05612124964603479, 0.12909454196861125, 0.12374415750946738], "aligned_model": [[0.0380235823035705, -0.0015741382087525457, 0.007809538490092693, 0.6485149967172306, 0.6138277243705946, -0.4549676454376115, 0.15664599507924112, -0.3006707048968317, 0.1594163690139022, 0.024979676071640772, -0.41125777982547884, 0.6323753479595717, -0.5728567740099334, 0.057998662628573415], [-0.3077867117283302, 0.35694875492613887, 0.6459821423031004, 0.31608636106010435, -0.26398570570314916, -0.6189565972048067, -0.6779664573158677, -0.36004271364379486, 0.6772712839514949, 0.08747983375488588, 0.41789899907523165, 0.0598424940538628, 0.33785664824602646, 0.06035895636135674], [-0.5220988179541961, -0.7534571538403787, -0.20146953926140038, -0.37378637109892404, -0.4302751223574634, 0.1408579602896058, -0.03428629634796529, 0.5308207881857583, 0.3370248439862402, 0.6971249278626246, 0.32133287724763937, 0.1746475830237128, -0.3095562893727787, 0.062216069289941354]], "inverted": true, "swapped": true, "error_lsq": 0.04879059268467192, "error_max": 0.2950551022661121, "target": "1027.xyz", "model": "12.xyz", "model_rescale": 3.9764082729961374, "target_rescale": 4.251506897511629},
{"mapping": [9, 8, 2, 3, 7, 1, 12, 10, 11, 0, 4, 6, 13, 3, 14, 15], "R": [[0.6579546766149718, -0.7530542032244173, -0.0022384205428221393], [0.11179696749400786, 0.09473830833758186, 0.9892047770772631], [-0.7447127510521303, -0.6511021578365194, 0.14652268930440931]], "T": [-0.22296644547455527, 0.03355007431745916, 0.00866102067267123], "aligned_model": [[-0.6167572564369342, 0.1738814534984138, 0.038353007896166774, 0.5670610246308874, 0.3866531868322286, -0.46734970884697, -0.8192683366439959, -0.4117215624283087, 0.030355205821982506, -0.1324067943877721, 0.07392082698003352, -0.2546946813414844, -0.5014084517500481, 0.5670610246308874, 0.09742009168366081, -0.1313887964530034], [0.4876932046162343, -0.0912613093172624, 0.5484308550078797, -0.24368533982202323, 0.47979514649813193, 0.20698723800672875, -0.10018831020566463, -0.3313411923789567, -0.6436888557493123, 0.7515299182611711, 0.3796618031253141, -0.28219229318046785, -0.49358625048855487, -0.24368533982202323, -0.6401748970294804, 0.02969694389356316], [-0.004827527123290071, -0.5628166256482287, -0.5416747303664283, -0.07759771186679715, 0.02487639558656811, -0.5512666077721717, -0.17505515727897764, -0.682260659599938, -0.3195466442832539, 0.06707186545225528, 0.5635739331331228, 0.7036134522209092, 0.14678375738964333, -0.07759771186679715, 0.29546264090240787, 0.06511775064077877]], "inverted": true, "swapped": false, "error_lsq": 0.04605755601538407, "error_max": 0.41415032222266546, "target": "1027.xyz", "model": "13.xyz", "model_rescale": 4.170626492500431, "target_rescale": 4.251506897511629},
{"mapping": [14, 8, 13, 1, 10, 9, 2, 12, 11, 7, 6, 5, 0, 15], "R": [[-0.4680210067238443, -0.36686462618379345, 0.8039693298380386], [-0.008260968709739192, 0.9115349625924776, 0.41113959717778015], [-0.8836787276273976, 0.18578040269779844, -0.4296481680541275]], "T": [-0.06624231361399753, 0.09281568290665204, -0.10312518506090901], "aligned_model": [[0.3561521540686709, -0.1018088324050966, -0.07230710966795596, -0.5237171269312076, 0.24060886149544775, -0.24764301473966394, -0.6858538272661538, 0.6008706114446662, 0.7157533924840742, -0.2523407196663868, 0.18935058222367046, -0.3298546500679975, 0.008174001456964189, -0.0542013003373881], [-0.2453978008631008, -0.6983297564208872, -0.037952796022044905, -0.2667443437705566, 0.4505245986953403, 0.7623402206080023, 0.3052211924280679, -0.4757213718781536, 0.2107033136363128, -0.5108168280259611, -0.1380534820909094, 0.19858369249118368, 0.7242802583731003, 0.07743757076527225], [-0.3902929312461972, -0.02402502421492589, -0.6858078573000048, -0.07330617956294833, -0.4477687135093442, 0.122923075149663, 0.12233845909547755, 0.13447616874918852, -0.0640167372135424, 0.5080058406067545, 0.5966444946205218, 0.6751729387802377, 0.5424752716646932, -0.012945704498706467]], "inverted": false, "swapped": true, "error_lsq": 0.0485513388084418, "error_max": 0.3308385948399841, "target": "1027.xyz", "model": "14.xyz", "model_rescale": 3.9786697098870705, "target_rescale": 4.251506897511629},
{"mapping": [11, 9, 12, 14, 6, 7, 4, 1, 8, 13, 5, 15], "R": [[0.026429207856006942, -0.9989068298665625, -0.038556999598494124], [-0.6187033152997472, 0.013949967632566895, -0.7855008631695779], [0.7851800459825795, 0.044615509063380965, -0.6176582807198571]], "T": [-0.08657797058509528, -0.14811894950539295, 0.046409754039548945], "aligned_model": [[0.049322428344297564, -0.8090593457867898, 0.6100683595332226, 0.41852888729779736, 0.07531632267570001, 0.2950648588047772, -0.50819622142114, 0.09304940616299917, 0.6197970368636345, 0.14472229718118368, -0.4194738661090317, -0.0857855667793141], [-0.4208146678458714, -0.08898474335319961, 0.0045286546539361205, -0.44618742515022114, 0.45418265365138366, 0.6426132733942398, -0.3640726789030755, 0.14681111320859586, 0.17576948003898862, -0.6228455799580909, 0.6013076431686739, -0.06763323268091989], [-0.6844201682388886, -0.035997436464281704, -0.515827776238531, -0.1304885425270813, -0.42191590295051257, 0.08612446122919698, 0.37362394486318906, 0.5156709332593299, 0.21835030461626515, 0.32532028777836236, -0.07176981396234211, 0.0012962025091238782]], "inverted": false, "swapped": true, "error_lsq": 0.05094371234372553, "error_max": 0.2980226860126353, "target": "1027.xyz", "model": "15.xyz", "model_rescale": 3.769337070930944, "target_rescale": 4.251506897511629},
{"mapping": [11, 0, 14, 10, 12, 6, 8, 5, 1, 4, 15], "R": [[0.35216926645604757, 0.5996147113316431, 0.7186369081243187], [-0.7374616429193085, 0.6505658259567156, -0.18142334833204685], [-0.576304722335818, -0.4660754274277151, 0.6713021398457696]], "T": [-0.11560649148729851, 0.14841730763409341, 0.13305034636437976], "aligned_model": [[-0.34553454171255266, -0.3315086603799552, -0.059355239532940196, -0.6502529922146976, 0.3535738751099489, 0.384681933931428, 0.5953508114633337, 0.24232674193751147, 0.28954800372337475, -0.4970404184046136, -0.059163383229666924], [0.08411776498809852, -0.7289415340618699, 0.5866829438432162, 0.26599335335502905, 0.27081766375016314, -0.3155697557975268, 0.49471069522854527, -0.579375495234949, 0.29363554207904435, 0.14373249548740477, 0.08026082398818699], [-0.6218952868192517, 0.06439931499970873, -0.291248828927673, -0.0699803570642634, -0.6348144706434259, -0.2447503957086893, 0.043308929153231285, 0.30224769226242537, 0.5257554393895334, 0.564273375998431, 0.10692219458375099]], "inverted": true, "swapped": true, "error_lsq": 0.04462307035429895, "error_max": 0.2541295048993373, "target": "1027.xyz", "model": "16.xyz", "model_rescale": 3.7852294659196426, "target_rescale": 4.251506897511629},
{"mapping": [14, 3, 4, 13, 8, 1, 5, 2, 10, 11, 6, 9, 15], "R": [[0.07298378055020494, -0.5257213573750659, -0.8475201603362117], [0.9766527841019017, -0.13448132481751696, 0.16752346874790405], [-0.20204629935389568, -0.8399594202549573, 0.5036322718436065]], "T": [0.02649468391763252, 0.06897377526758144, -0.03786275277001439], "aligned_model": [[0.025136896485384284, -0.2366558580334818, 0.21256251082740638, 0.03269969332604525, -0.6633493177370673, -0.5164472425245087, -0.18087833590877, -0.1669667400351369, 0.5527629141925313, 0.5249634721536469, -0.17246988916444309, 0.44057052879651487, 0.0018372178381619204], [-0.11225832700964264, -0.5920546691495203, -0.2406459268649128, -0.500140543742626, 0.08632364306765955, -0.04953670341476564, 0.7506941563396413, 0.129342624547365, -0.15599536149141968, 0.32734349579026534, 0.7962912029964877, 0.2778072132282302, 0.15788481940611176], [-0.6230326792864088, 0.31495850581506196, 0.4104468424826893, -0.21876787463223263, -0.4344067658907441, 0.13713759479077203, 0.3848428871685876, 0.6245545346255124, -0.15328853460141337, -0.596180048937216, -0.23718250174357441, 0.5253396325007622, -0.03866689514862244]], "inverted": true, "swapped": true, "error_lsq": 0.04017331162637695, "error_max": 0.2576124333361983, "target": "1027.xyz", "model": "17.xyz", "model_rescale": 3.901054581598922, "target_rescale": 4.251506897511629},
{"mapping": [0, 11, 5, 9, 12, 7, 11, 10, 6, 1, 8, 13, 4, 2, 15], "R": [[-0.682920540113995, -0.22880744526572394, -0.6937338746820587], [-0.4320352416178964, -0.6392692336574585, 0.6361449495981021], [-0.5890374231664535, 0.7341539347371085, 0.33771721042826053]], "T": [0.17591385665276077, 0.08637742413587601, 0.08507137788242916], "aligned_model": [[-0.058959915620939995, 0.32043137852476755, -0.48168524480819935, 0.2805878798569211, -0.20286895236633978, -0.6724226760532017, 0.32043137852476755, 0.6938989246854099, -0.4985043873767971, -0.09575214284967543, -0.2837139808936016, 0.6116900401014687, 0.5227710145684423, -0.009613250716268285, 0.09279614551228085], [0.22302409619247804, -0.617241438753242, 0.37793630644516196, 0.47334735695164304, -0.7242788680081328, 0.0774103307874211, -0.617241438753242, -0.0945100967012375, -0.22208332506593692, 0.40625024381370045, -0.13035471277778266, 0.04459271483636296, 0.5372443352857282, 0.7436564395729489, 0.07100540600123553], [-0.7793632615529915, -0.2480643755072414, -0.3260042176728858, -0.5244897403494774, 0.24027576047205132, 0.31470298293053, -0.2480643755072414, -0.11458745087995828, -0.15641962127230624, 0.4892183247202334, 0.6976090099139943, 0.4912849046978566, -0.003676747664143984, -0.0308267302082518, 0.048071942731807905]], "inverted": true, "swapped": true, "error_lsq": 0.05360985532117465, "error_max": 0.466139775919799, "target": "1027.xyz", "model": "18.xyz", "model_rescale": 3.9405287249114394, "target_rescale": 4.251506897511629},
{"mapping": [2, 7, 8, 4, 0, 5, 11, 9, 13, 6, 1, 3, 14, 12, 12, 15], "R": [[-0.9848522471336093, -0.15911390616451132, -0.06891165489923723], [0.11373023927271314, -0.2927650105923944, -0.9493966932993853], [0.1308872949940211, -0.9428528058174864, 0.3064263411837204]], "T": [-0.06999593893277745, -0.07175070931977826, -0.057117132976653405], "aligned_model": [[-0.6840845810069981, 0.21953988930396717, 0.08301203871906626, 0.6469649061904853, 0.43044850793285705, -0.5536987132591048, -0.695071619918836, -0.33750017558423495, -0.15398868092622542, -0.1243011888793722, 0.05189023653232869, -0.21812446940593214, -0.4154764797289641, 0.22698829784089186, 0.22698829784089186, -0.10387603196507644], [0.5029936089600497, -0.1469581052303513, 0.5128226926961077, -0.13326506208016192, 0.39869554310975874, 0.45820388678067536, -0.33558668493239496, -0.13755128063974253, -0.6869876124856144, 0.673331174022185, 0.336973590834729, -0.15948338310822294, -0.6850190852692335, -0.3648156608225215, -0.3648156608225215, -0.05454663959746369], [0.1617193157551385, -0.6944070204760202, -0.512237613691841, -0.18691759361022123, -0.026951968758554427, -0.4771676001111241, -0.2997777455864671, -0.7734422094217146, -0.3135515644543721, -0.04342835888796822, 0.44647757576554176, 0.7770228500500322, 0.265813288426592, 0.2979213994646139, 0.2979213994646139, -0.04513773440844701]], "inverted": false, "swapped": false, "error_lsq": 0.04798909085236422, "error_max": 0.3404906990684556, "target": "1027.xyz", "model": "19.xyz", "model_rescale": 4.410303926677745, "target_rescale": 4.251506897511629},
{"mapping": [5, 9, 2, 6, 1, 11, 7, 4, 10, 14, 12, 8, 13, 15], "R": [[-0.9110161246536038, -0.4049303195146524, -0.07798113206982392], [-0.3049216410607807, 0.534173143364568, 0.7884680372220662], [-0.2776191877985567, 0.7420852304457882, -0.6101123645036965]], "T": [0.1495447593958833, -0.0649634102782005, 0.08507272369968408], "aligned_model": [[-0.2678809393623288, 0.3334708481365696, 0.37844206257528357, -0.6064084768462125, 0.21957937322113613, -0.2344673453426288, -0.4592348011555859, 0.6691417341195144, 0.39624859939916296, 0.01924551521445994, -0.5973409097014234, -0.20404489524026076, 0.5459496567584624, 0.06848746768472411], [-0.02124467204495599, -0.5111289679693095, 0.11524846435920381, -0.046477892969825865, 0.49231497194940466, -0.6161096292878299, 0.5159233692702082, -0.16765144773337898, -0.5238548982392207, -0.02645736551922366, 0.0031358231375291507, 0.5970021711191696, 0.06239063763952167, -0.06214209753009002], [-0.6292596662284017, -0.46207865015224325, -0.5434160096905943, -0.10597411510104657, -0.06981997548510507, 0.5042585980008021, -0.16878540897346891, -0.14062893818351357, 0.34860316104366684, 0.6824086031381332, 0.5971788967549964, 0.3500422390275373, 0.5132086567701616, 0.04107764780409781]], "inverted": true, "swapped": true, "error_lsq": 0.045203105101416396, "error_max": 0.25758039927737886, "target": "1027.xyz", "model": "20.xyz", "model_rescale": 4.121658175737393, "target_rescale": 4.251506897511629},
{"mapping": [12, 6, 7, 14, 1, 11, 5, 10, 0, 9, 2, 3, 15], "R": [[-0.7698337731191898, 0.6162360127022981, 0.1661599783757967], [0.05211139460215625, -0.19878190445041466, 0.9786573235896643], [0.6361134838357778, 0.7620622882099859, 0.12091610550489212]], "T": [0.2036577326752806, -0.11772378717857476, -0.07263382469848101], "aligned_model": [[0.21493593292780422, -0.2240681282403622, 0.1955657602815395, 0.5135048014715812, 0.5334261871361636, -0.10908248134942022, -0.3560595891428991, 0.14314369473681254, -0.6851472132055254, -0.33736219673586826, 0.07132660225938486, 0.7759139878097583, 0.1449855467153252], [-0.4298749770810588, 0.07203342246583253, 0.47865612921676404, -0.5404902726111394, 0.35880760103275977, -0.7772945661352241, 0.4709773767242622, -0.6265243910283265, 0.005757361738538053, -0.00017469422047416971, 0.46649256434687425, 0.1414474702660953, -0.07898612055172047], [0.7801046332226015, 0.5513442948239499, 0.5729290853472627, 0.24443723064254747, -0.012414283148602462, 0.23413024524160836, 0.09038079008494423, -0.35254893778933133, -0.19858390124468908, -0.5477620006910231, -0.4205535132686889, -0.5584760731096582, -0.012877830629131642]], "inverted": true, "swapped": true, "error_lsq": 0.05442439335836668, "error_max": 0.2875985521309496, "target": "1027.xyz", "model": "21.xyz", "model_rescale": 4.08911054899281, "target_rescale": 4.251506897511629},
{"mapping": [15, 7, 5, 6, 8, 9, 14, 12, 13, 11, 1, 2, 3, 0, 4, 16], "R": [[0.4393591139948696, 0.1470549761283142, 0.8861932085868999], [0.724281194174017, -0.64155825139216, -0.2526257347074804], [0.5313946939098128, 0.752846494357605, -0.3883836186272042]], "T": [-0.07437862652244749, 0.027961650716578433, -0.10718016173061276], "aligned_model": [[-0.5960481149742074, 0.30661384438478295, -0.021893446962865257, 0.6443525669583485, 0.37158527150166226, -0.4755091313180941, -0.6940253716458553, -0.3970043945777394, -0.1261162444489568, -0.14480742694199655, 0.19894365419032828, -0.2968506067478986, -0.6184698570150924, 0.5387883852676842, -0.035820916280741175, -0.05402797770361542], [0.3438592411007213, -0.40119678092001465, 0.5668971680314556, 0.08142972826547992, 0.5501280809935977, 0.2851425003378204, -0.11618150760247095, -0.34873981519349767, -0.618280345886428, 0.7613629744894878, 0.3388769461079722, -0.11219549766233813, -0.6268800432485143, -0.3497585035115224, -0.5263597638533539, -0.014113060033117374], [0.2922903316755273, -0.5272563044436412, -0.5594222075990969, -0.2972611043636506, -0.011157045706555527, -0.6368026124188407, -0.19134219066789349, -0.6539690838952978, -0.2353381374718389, 0.10031757950541886, 0.5700384080263666, 0.5652155708154154, 0.06435966466665688, 0.17818469055770722, 0.31416679529870406, -0.09816793445917829]], "inverted": true, "swapped": false, "error_lsq": 0.04416375786205253, "error_max": 0.4099334263301124, "target": "1027.xyz", "model": "22.xyz", "model_rescale": 4.204369325754507, "target_rescale": 4.251506897511629},
{"mapping": [2, 7, 8, 4, 0, 5, 11, 9, 13, 6, 1, 3, 14, 12, 12, 15], "R": [[-0.9848522471336093, -0.15911390616451132, -0.06891165489923723], [0.11373023927271314, -0.2927650105923944, -0.9493966932993853], [0.1308872949940211, -0.9428528058174864, 0.3064263411837204]], "T": [-0.06999593893277745, -0.07175070931977826, -0.057117132976653405], "aligned_model": [[-0.6840845810069981, 0.21953988930396717, 0.08301203871906626, 0.6469649061904853, 0.43044850793285705, -0.5536987132591048, -0.695071619918836, -0.33750017558423495, -0.15398868092622542, -0.1243011888793722, 0.05189023653232869, -0.21812446940593214, -0.4154764797289641, 0.22698829784089186, 0.22698829784089186, -0.10387603196507644], [0.5029936089600497, -0.1469581052303513, 0.5128226926961077, -0.13326506208016192, 0.39869554310975874, 0.45820388678067536, -0.33558668493239496, -0.13755128063974253, -0.6869876124856144, 0.673331174022185, 0.336973590834729, -0.15948338310822294, -0.6850190852692335, -0.3648156608225215, -0.3648156608225215, -0.05454663959746369], [0.1617193157551385, -0.6944070204760202, -0.512237613691841, -0.18691759361022123, -0.026951968758554427, -0.4771676001111241, -0.2997777455864671, -0.7734422094217146, -0.3135515644543721, -0.04342835888796822, 0.44647757576554176, 0.7770228500500322, 0.265813288426592, 0.2979213994646139, 0.2979213994646139, -0.04513773440844701]], "inverted": false, "swapped": false, "error_lsq": 0.04798909085236422, "error_max": 0.3404906990684556, "target": "1027.xyz", "model": "23.xyz", "model_rescale": 4.410303926677745, "target_rescale": 4.251506897511629},
{"mapping": [7, 5, 6, 15, 14, 12, 0, 2, 4, 13, 11, 1, 3, 9, 10, 16], "R": [[-0.150340472040231, 0.1163509173866837, -0.9817638241909293], [-0.08712884520326615, -0.9907458582527304, -0.10407309300970194], [-0.9847874424464734, 0.06989355033433262, 0.15908672107186161]], "T": [-0.006726710103461972, 0.0127863317878894, -0.016266359855856165], "aligned_model": [[-0.4961873577666729, -0.0075200377887529035, 0.19588104146823526, 0.6206860434016762, 0.4731302024197241, -0.4648570665367739, -0.7206183304007676, -0.5467945309208575, -0.006237183797604212, -0.07738142416205447, 0.13220749689511807, -0.572634067562894, -0.5492061300912026, 0.5620857340223766, 0.14922072279317367, -0.09206487828697965], [0.37474300609208133, -0.10233566777971946, 0.5206704548055356, 0.05858104410937789, 0.48036402966433206, 0.3646689645144881, -0.05427696474434059, -0.5461219968228916, -0.6156535715747082, 0.7051385981626642, 0.18933095737985192, -0.1947796235164722, -0.7021956800237255, -0.1127431734701228, -0.48246148880074274, -0.06893756658033028], [0.2508413655997307, -0.6346095730268845, -0.5443780017929141, -0.3532682469384691, 0.07995437578317915, -0.5752574367822969, -0.25343102799528466, -0.4946408787272448, -0.29724219728099, -0.1154776215963883, 0.5755535180724138, 0.5944713797199849, 0.045115936530331524, 0.214199972491523, 0.37640900307231934, 0.005615852390793295]], "inverted": true, "swapped": false, "error_lsq": 0.04372910848912312, "error_max": 0.377897042605369, "target": "1027.xyz", "model": "24.xyz", "model_rescale": 4.28219845311461, "target_rescale": 4.251506897511629},
{"mapping": [6, 11, 10, 12, 14, 8, 1, 5, 9, 6, 2, 4, 3, 13, 7, 15], "R": [[-0.5688453666660211, -0.3535327293792804, -0.7425830311017325], [0.534369262481828, -0.8452225822287235, -0.0069482231711488485], [-0.6251915227650062, -0.40076601121882266, 0.6697179735638932]], "T": [-0.06553875834427675, -0.0906194337944849, -0.016605515119672412], "aligned_model": [[-0.3558156038538229, 0.1892403721460526, -0.018679481704473422, 0.6553358113708148, 0.4126667354386553, -0.503685288332518, -0.6977889435954665, -0.48459416851662873, 0.09507978048261906, -0.3558156038538229, 0.12752902033102856, -0.35180239948570785, -0.561951303929737, 0.42496160625485196, 0.13276839468781476, -0.10773869375391557], [0.7620722250685695, -0.03687720185349628, 0.4924080596862037, -0.14663672491120128, 0.4917073199215445, 0.25191108513400284, -0.1679168194246804, -0.28024829880495794, -0.6725978430729834, 0.7620722250685695, 0.3449722389031812, -0.2983633697084124, -0.677609288106779, -0.20469225981943795, -0.7496183689072806, -0.05659165775756436], [0.012607886384106634, -0.49480676817238783, -0.5528778049746474, -0.264842937896841, -0.12777962414242128, -0.4321130587222741, -0.08112075573182777, -0.7333440571796507, -0.3205405410670796, 0.012607886384106634, 0.4750902769121001, 0.6233508567348095, 0.07859343644818644, 0.2985345166563735, 0.3466308849378287, 0.033866222949420446]], "inverted": true, "swapped": false, "error_lsq": 0.042967539523025206, "error_max": 0.2730583580665754, "target": "1027.xyz", "model": "25.xyz", "model_rescale": 4.100010024507729, "target_rescale": 4.251506897511629},
{"mapping": [7, 5, 0, 9, 12, 11, 6, 10, 2, 13, 1, 15], "R": [[-0.17742868512026236, -0.7927267323368828, -0.5831838385406293], [-0.19980486632096234, 0.6092609213146053, -0.7673846135761002], [0.9636374199308354, -0.019633074068171996, -0.26649102294763427]], "T": [0.029355317816400536, 0.1724584877087635, -0.22329870840708582], "aligned_model": [[-0.7272990035412183, -0.09647498631542044, 0.47529229880362805, 0.5966794997831902, -0.5153743099928012, 0.20675062997818122, -0.35020316155003267, 0.4918641034687759, 0.1159555645375747, 0.0546679675705842, -0.36736138284384945, -0.007731617535605237], [-0.19933480158748726, -0.5321153229162711, -0.32438337408356666, -0.2647648796011468, 0.6608872553034348, 0.7038785516511746, -0.014344674933682106, 0.5287645078431381, -0.48132813301324917, 0.5604574910129312, -0.10088947068506579, 0.1293042410604294], [0.025156405303171092, 0.1940366307391101, 0.3893787116932443, -0.08456826282569008, 0.3146933104453294, 0.3362259714689431, 0.4319461645363269, -0.22820961591195862, -0.4352700154143528, -0.6765892516104368, -0.5509456887865629, -0.15066206978276697]], "inverted": true, "swapped": true, "error_lsq": 0.04970177510357924, "error_max": 0.251176128558533, "target": "1027.xyz", "model": "26.xyz", "model_rescale": 3.6694154284099745, "target_rescale": 4.251506897511629},
