[{"mapping": [5, 0, 1, 6, 7, 9, 10, 4, 8, 3, 11], "R": [[0.4629640791739554, 0.31693825036855805, 0.8277767856420772], [-0.3424311650551901, -0.7974300872007997, 0.49683614323624914], [0.8175604923145181, -0.5134738566667663, -0.2606519517022663]], "T": [-0.04298313450404379, 0.11910292684197199, -0.08891264818445196], "aligned_model": [[0.41857571421413947, 0.5622235979923061, 0.09900841321172765, -0.6102466894826004, -0.2872314867005633, -0.6067237358792615, -0.13330239239772834, 0.4464585129022026, -0.3667021056782797, -0.16631723269093027, 0.018290352506801603], [-0.5360390767561867, 0.02017323316415595, -0.33329706153233357, -0.20080971456994778, -0.7873659832300589, 0.2377783333436186, -0.11449834446594162, 0.7487989157124251, 0.4640191988103958, 0.6358510823161102, 0.08627290659792052], [0.12658379452689375, -0.1709438657263531, -0.6152710910873497, -0.40675293592799056, 0.03461940185974549, 0.10465673648353255, 0.5427789091928218, 0.038673801441903216, -0.5124008814619642, 0.34902862507650567, -0.08883883484368114]], "inverted": true, "swapped": false, "error_lsq": 0.04870182843942334, "error_max": 0.27887161030055924, "target": "1029.xyz", "model": "0.xyz", "model_rescale": 3.751011558992144, "target_rescale": 3.8875857239071903},
{"mapping": [11, 12, 6, 4, 10, 8, 5, 0, 1, 2, 14], "R": [[0.7946424210842225, 0.6034205567104862, -0.06653611314626762], [-0.20085623894097615, 0.15790153017012196, -0.9668111904857226], [-0.5728875927194543, 0.7816333785792042, 0.24667603774782726]], "T": [0.0028829324023281824, 0.03912843242643226, 0.012994088560372923], "aligned_model": [[0.45369600576714786, 0.7393246977306863, 0.1586078470862511, -0.6747625150073108, -0.32550161965864366, -0.6079353639309809, -0.24090006860466323, 0.11906365014790557, -0.1721820286211714, -0.1229556819242758, 0.047578025012868626], [-0.5888018694906209, -0.03741300735282501, -0.2671268910960903, -0.1854304605867954, -0.7118889620996042, 0.2719098789453656, -0.022707273277380514, 0.7509048359809536, 0.33099949122140215, 0.6688019164944925, 0.011635830651260282], [-0.18500110770559838, 0.07439472661716512, -0.6546009781012531, -0.32751130212158464, 0.03728826926069117, 0.12758928549680604, 0.5846865241546854, -0.22233740246154532, -0.5951581077651689, 0.5339682228454246, 0.028815529314441896]], "inverted": false, "swapped": false, "error_lsq": 0.04374192962959514, "error_max": 0.26314821887669787, "target": "1029.xyz", "model": "1.xyz", "model_rescale": 3.9405287249114394, "target_rescale": 3.8875857239071903},
{"mapping": [6, 3, 11, 5, 0, 2, 1, 8, 9, 4, 12], "R": [[0.714285348781184, -0.27122810088426313, 0.645160257461089], [0.18233396029235652, -0.8178929092313334, -0.5457155998807541], [0.6756854056738594, 0.5074312823622742, -0.5347548281591576]], "T": [0.049347415838247276, 0.011117517855228316, -0.0034312190100702702], "aligned_model": [[0.2915858799119861, 0.5974515059008305, 0.06661101472875933, -0.5312539909287024, -0.34434046145109304, -0.6215318878058101, -0.2595926317331279, 0.10597200880594818, -0.09290501375822097, 0.18596029233695302, -0.023923768009708697], [-0.473319287379802, 0.1735410156961708, -0.29149643898933025, -0.17965991791549812, -0.725336702707808, 0.07446940327749559, -0.12383093025357027, 0.7580409851438593, 0.44247833155298977, 0.5165513999294474, 0.049445631036203294], [-0.04812128106302508, -0.0038698243819563286, -0.6482110654021622, -0.3966007204184759, 0.07123486811241725, 0.09695367067517685, 0.7132076689369133, -0.2024004618455747, -0.6698193955032957, 0.4630119551375894, 0.026748245286457036]], "inverted": false, "swapped": false, "error_lsq": 0.05390914054211584, "error_max": 0.3358306569228477, "target": "1029.xyz", "model": "2.xyz", "model_rescale": 3.932901565614263, "target_rescale": 3.8875857239071903},
{"mapping": [1, 10, 2, 4, 0, 7, 3, 12, 5, 9, 13], "R": [[-0.9797988028904465, -0.162119009474208, -0.11709710765663757], [0.05362133629227354, 0.3511214828212348, -0.9347932694428478], [0.19266306897970722, -0.9221882297386577, -0.33533537061097746]], "T": [-0.008766763217061317, 0.007099928075580152, 0.12084056888781985], "aligned_model": [[0.4267401267606807, 0.6742966353289217, 0.0009270163161985631, -0.579288384465771, -0.27236383435041955, -0.6837425817785211, -0.13077136630872016, 0.32239296093472475, -0.21514718220399165, -0.20698991663095007, 0.03797947439566177], [-0.5761210875345952, 0.17537259711554043, -0.46481302399128716, -0.19594314757704978, -0.5994705747253054, 0.22982191518539996, -0.2813513182198012, 0.6281734764821905, 0.5121501582371972, 0.7027523535413455, 0.09031214087652284], [-0.016838829152352575, -0.014267324006015658, -0.56574813586066, -0.5088458559738249, 0.013420187372936071, 0.18825798623885037, 0.5240728014986407, -0.1753531088449602, -0.3472738117149808, 0.24955818144762948, 0.055151568528801265]], "inverted": true, "swapped": false, "error_lsq": 0.04746108348089411, "error_max": 0.25519763800855655, "target": "1029.xyz", "model": "3.xyz", "model_rescale": 3.9243930471874484, "target_rescale": 3.8875857239071903},
{"mapping": [8, 4, 10, 11, 9, 5, 1, 3, 6, 0, 12], "R": [[0.9678238201431566, 0.2405193319477305, -0.07394257314243564], [0.22386654145448076, -0.9572042062219228, -0.18342267910012686], [-0.11489484227203704, 0.16096756987193503, -0.9802492625188798]], "T": [0.023054651636438807, -0.0374369465577482, -0.04536400725501257], "aligned_model": [[0.35230496281144236, 0.6121098050870345, 0.2535210422188657, -0.564966268526044, -0.28982797817187017, -0.5758924445098537, -0.18760025080671547, 0.2545953644852941, -0.35483706489028694, -0.0745355004313695, -0.050838719268682935], [-0.5740210313601184, 0.029981585211915608, -0.193070972541352, -0.32613336899733186, -0.6613744021152949, 0.36574638495175404, -0.07031260287349436, 0.562250027745565, 0.4165860867238833, 0.6373972979422601, 0.03383448470237129], [-0.048213822019774234, -0.016449699250247862, -0.6932768195121524, -0.48923319351304784, 0.057075747203331716, 0.18339061452497643, 0.6363280077201952, -0.24465726230659574, -0.4607884294631224, 0.4629638967892933, 0.014994619361207662]], "inverted": false, "swapped": false, "error_lsq": 0.04036305661974133, "error_max": 0.21393702522672484, "target": "1029.xyz", "model": "4.xyz", "model_rescale": 3.8936222436046832, "target_rescale": 3.8875857239071903},
{"mapping": [6, 5, 7, 8, 9, 3, 1, 4, 10, 2, 11], "R": [[-0.8488194282509665, 0.11008408942284478, 0.5170948379936179], [-0.33759111856112983, 0.6398510278155649, -0.690378808243714], [-0.4068633860306773, -0.7605735700504644, -0.5059545727121595]], "T": [-0.15354193456977355, -0.011212899713213847, -0.06270698066588057], "aligned_model": [[0.3672870519541917, 0.6543808770632842, 0.15432343220679878, -0.6671060210199595, -0.4094170097010594, -0.7050228606098028, 0.15806122479968016, 0.34083164833692203, -0.2604341203781737, -0.2643292950908586, 0.0054580204367914165], [-0.6139687696903443, -0.011818737069459545, -0.13886163656474731, -0.276114467425694, -0.5351156118313148, 0.12549645528228362, -0.07032345309709569, 0.6100749298806659, 0.46470007394918966, 0.6403983394208733, 0.02641636653580101], [-0.05712521461493711, 0.003860432164241062, -0.6182897767528274, -0.5230784772454148, 0.14245109980650703, 0.023672257533675328, 0.673851354234129, -0.04784790164416079, -0.4646376980762018, 0.28411778590512626, -0.014840201776072731]], "inverted": false, "swapped": false, "error_lsq": 0.041839968927122606, "error_max": 0.19543914518145022, "target": "1029.xyz", "model": "5.xyz", "model_rescale": 3.6523030999806103, "target_rescale": 3.8875857239071903},
{"mapping": [8, 5, 9, 10, 6, 4, 1, 7, 11, 3, 12], "R": [[-0.5045145764061991, -0.8627288011445544, -0.03411829229831756], [0.8632565430151238, -0.5047631479662331, -0.001518353317405149], [-0.015911729486492054, -0.030218870443790742, 0.9994166482172739]], "T": [-0.06627953925825236, -0.02269806897891935, 0.02053594424188101], "aligned_model": [[0.3625499892283483, 0.5900479849215894, 0.06619201019478799, -0.6372476436337388, -0.2601200734778447, -0.5753439499127492, -0.03249310631024441, 0.2584781253360826, -0.30363610688893483, -0.0916873989839106, -0.002706882475572006], [-0.5235082853782922, 0.005592248038089876, -0.14827320053521836, -0.33123994331438683, -0.6349998182418221, 0.2401005199883206, -0.15028683079336358, 0.5334528391675694, 0.5764262206970215, 0.5984193261696175, 0.05520041359262193], [-0.11729534870157163, 0.20036188495617493, -0.6789960779706627, -0.4124425508758484, 0.12121800428815674, -0.009827345578805564, 0.7024116299799408, -0.2076014844107911, -0.5788645466353447, 0.33071061286592773, 0.05245888161688744]], "inverted": false, "swapped": false, "error_lsq": 0.040689501417469694, "error_max": 0.19784151745751039, "target": "1029.xyz", "model": "6.xyz", "model_rescale": 4.08911054899281, "target_rescale": 3.8875857239071903},
{"mapping": [4, 5, 8, 9, 3, 1, 6, 12, 11, 13, 14], "R": [[-0.21356509007088975, 0.9660838279221577, -0.14516194311968963], [0.6606257813974732, 0.2522806080324355, 0.7070559184136449], [0.7196968314894758, 0.05510473879854516, -0.6920982144941232]], "T": [-0.024979394977533854, 0.059637295813293786, 0.02367992091582794], "aligned_model": [[0.4107036947565578, 0.7342059953560932, 0.025078606499406103, -0.6259184304493767, -0.22620710491433285, -0.7281387382492057, -0.05375984221864013, 0.32933796908068386, -0.19015330127858554, -0.14147964101925656, -0.15963625956552965], [-0.49081261396464804, 0.051710209939111795, -0.34297897570456165, -0.18754207237193288, -0.7047773827820233, 0.2442633461193925, -0.24530655228227738, 0.6637245630208479, 0.4370189505071474, 0.7402438617572255, 0.05534015515187624], [-0.03983883101984919, 0.08752296279863603, -0.5245383820276064, -0.4148767384766775, 0.06404134020929486, 0.1207686348506439, 0.4177914556604261, -0.10875760071510096, -0.39444892326373493, 0.26677849643170826, -0.07230875491367647]], "inverted": false, "swapped": false, "error_lsq": 0.04322268557322454, "error_max": 0.2874568349942697, "target": "1029.xyz", "model": "7.xyz", "model_rescale": 3.964800864290218, "target_rescale": 3.8875857239071903},
{"mapping": [8, 12, 10, 3, 5, 0, 1, 4, 6, 2, 13], "R": [[-0.6987613031770682, -0.23725599070152698, -0.6748646057236389], [-0.20971574448238217, -0.83400634061991, 0.5103456968780935], [-0.6839239341465437, 0.4981395574354878, 0.5330150407066302]], "T": [-0.002073126031417863, 0.06706985679395727, -0.0633484178116656], "aligned_model": [[0.3812587822681561, 0.7320083612986763, 0.06929464705007314, -0.6691781995597922, -0.22749968917268232, -0.6394043625282539, -0.19401694914182183, 0.1794460682049016, -0.22200374687192564, -0.06730601572650426, 0.03143405217698711], [-0.572728969714839, 0.2225469434319749, -0.49376635109700384, -0.034217031561462635, -0.731839888790163, 0.29107541946638055, -0.17271180597189317, 0.7307081461010831, 0.4150721682414131, 0.5699433290949962, -0.003198469810328175], [0.12312327195558821, 0.02397960047777424, -0.6595894780306907, -0.32919514587576276, -0.16333244658333562, 0.17495763624481114, 0.6213283045496257, -0.21075397436619642, -0.4720423576033823, 0.3626464984866593, -0.06898824972102682]], "inverted": true, "swapped": false, "error_lsq": 0.05215289153490255, "error_max": 0.250841278737999, "target": "1029.xyz", "model": "8.xyz", "model_rescale": 4.121658175737393, "target_rescale": 3.8875857239071903},
{"mapping": [7, 11, 8, 6, 9, 1, 5, 3, 2, 0, 12], "R": [[0.3701390790504896, 0.7679523101514907, 0.522729673438044], [-0.1569140224760691, 0.606292589755113, -0.7796071351382169], [-0.9156282278905752, 0.20653945129448462, 0.344915066862754]], "T": [-0.018590424448941253, 0.0068449150468782895, 0.010010169984628801], "aligned_model": [[0.34012516829842104, 0.5887188273259555, 0.084173464850465, -0.4561906764353904, -0.3932436957013304, -0.635451245942131, 0.046628168996326144, 0.39206120794680105, -0.16686782324246952, -0.3265961440267203, -0.09932430407211308], [-0.5645864878166245, 0.007502786649923491, -0.1663084180274363, -0.354331022873677, -0.7141117093062255, 0.3035448957808469, -0.10115488803143963, 0.6667331430226175, 0.5266220657378079, 0.5760486900385104, 0.040924434215854524], [0.010441046489973509, -0.17494148442017257, -0.6899975757072416, -0.38778376086723376, 0.19179655334765253, -0.06988703930793952, 0.6148245910096585, -0.12635974920495233, -0.42609988204986565, 0.4571832711042378, 0.0029576891399469736]], "inverted": false, "swapped": false, "error_lsq": 0.04625400266854071, "error_max": 0.2330679703438987, "target": "1029.xyz", "model": "9.xyz", "model_rescale": 3.833441315466971, "target_rescale": 3.8875857239071903},
{"mapping": [6, 12, 1, 5, 4, 2, 7, 10, 0, 8, 14], "R": [[-0.8576698140476503, -0.010460297122329931, 0.5140944195919481], [-0.5092350018359584, 0.15589173520708433, -0.8463908552195352], [-0.07128957130324837, -0.9877187601125319, -0.13903038497091985]], "T": [-0.044696219821736397, 0.03285715208421373, 0.02537422833945812], "aligned_model": [[0.2474077844785218, 0.5364573641831288, 0.1839640162522556, -0.5254756929282507, -0.32056666565319636, -0.7486949326159036, 0.059691871881763975, 0.24253383031441528, -0.03694361618833507, -0.15824550943418264, -0.10609550229240347], [-0.5727595457980266, -0.02249422192869429, -0.21607882126986028, -0.16568707490513046, -0.7153441120542187, 0.14770298768166465, -0.06097965002474203, 0.7939405990485547, 0.3046382183208224, 0.6987385726411676, 0.029206537678620734], [-0.0701937263466276, -0.12367876392824526, -0.6314014643613841, -0.40690633985166136, 0.023657968265272188, 0.11395470789175008, 0.6766896340088485, -0.09296861502477369, -0.5990438294358292, 0.4143059125235862, 0.09771817579312861]], "inverted": true, "swapped": false, "error_lsq": 0.043164498366362304, "error_max": 0.2611029998607682, "target": "1029.xyz", "model": "10.xyz", "model_rescale": 4.2482417240324, "target_rescale": 3.8875857239071903},
{"mapping": [5, 6, 4, 9, 7, 8, 2, 0, 10, 1, 11], "R": [[-0.4363282924220725, 0.17676343174240094, 0.8822541076303856], [-0.600205747500838, -0.7876706867048485, -0.13902499765464083], [0.6703511631219856, -0.5901945259866124, 0.4497774334006089]], "T": [-0.08636056002632526, 0.047238689339174855, 0.06139730115360383], "aligned_model": [[0.2216951847007374, 0.559392108876775, 0.40583188411449006, -0.484636061566349, -0.4817415082669277, -0.6438922039182955, 0.17112890473813086, 0.14657245952452008, -0.36614733845588304, -0.07146122752746034, -0.08270925422192396], [-0.6057918920813072, -0.010387849134012722, -0.17009067531067756, -0.3105056755451595, -0.49877834903912355, 0.3014749912959625, -0.12332357418944564, 0.7069049344058649, 0.30525655894320386, 0.6399893385655779, -0.013864318520725546], [-0.14557827274779142, 0.07423516745207659, -0.6287868231377536, -0.5652656835562423, 0.12539375624531712, 0.09854831434663133, 0.7339781336042356, -0.22915756364199938, -0.45836081577724336, 0.44554731285602156, -0.04841986610918846]], "inverted": false, "swapped": false, "error_lsq": 0.055847754022743445, "error_max": 0.3048577995592331, "target": "1029.xyz", "model": "11.xyz", "model_rescale": 3.6694154284099745, "target_rescale": 3.8875857239071903},
{"mapping": [9, 8, 11, 6, 7, 0, 12, 3, 4, 1, 13], "R": [[0.30066848417645015, 0.8560887680215565, 0.42036946117715335], [0.3997543428553772, 0.28705471218275874, -0.870514823298225], [-0.8659069973105091, 0.42978089008354947, -0.25591689769862935]], "T": [-0.10987878592888073, -0.08407907297330797, 0.04309687847588194], "aligned_model": [[0.44018237676885313, 0.6152307168444475, 0.119867768930777, -0.4988782600765924, -0.19291075407595804, -0.7047138230216803, -0.2794631767222033, 0.335762299771925, -0.17886666889387348, -0.09930498784180708, -0.1828725436860741], [-0.6283971357699439, 0.03157731713072748, -0.2151065269012707, -0.2205919143133919, -0.818395199911461, 0.31202779948734494, -0.06644674955439842, 0.6288497337484024, 0.4828056626151539, 0.7007681450344283, 0.01379235782456674], [-0.1709984990898749, -0.1397627937512388, -0.6461614009479844, -0.3440703808781744, 0.12088400114870915, 0.0460104092731407, 0.700895279079439, -0.14233623584053887, -0.42760580720914865, 0.35991943651285807, 0.04535965123687691]], "inverted": false, "swapped": false, "error_lsq": 0.04599577424380705, "error_max": 0.2781892315049162, "target": "1029.xyz", "model": "12.xyz", "model_rescale": 3.9764082729961374, "target_rescale": 3.8875857239071903},
{"mapping": [8, 1, 11, 14, 3, 6, 0, 12, 13, 5, 15], "R": [[0.4803372166214426, 0.8610986184397349, 0.16668931474316312], [-0.8769332626896216, 0.467979754361024, 0.10946690046188037], [0.016254572184492277, -0.19875643091325537, 0.9799141136108428]], "T": [0.0015361042415658124, 0.05536211574708977, 0.06140009614150462], "aligned_model": [[0.34287973970563734, 0.635472933946505, 0.007349855146727001, -0.5637028622770636, -0.26748100981081, -0.7039358364604069, 0.1346978959439551, 0.32406701299986335, -0.18750727592585298, -0.26724152991004535, -0.08056597536069499], [-0.5286231862188551, 0.08797983364580442, -0.3367003881349078, -0.17474541972256916, -0.7256450468002316, 0.3208648149363554, 0.03164802588894948, 0.5354631464620203, 0.3357729841347156, 0.6842784645221822, -0.009409739323305952], [-0.14377915784014034, 0.0418358766649572, -0.6291054375796973, -0.4547040332976046, -0.10015810300148084, -0.06300433828363247, 0.774711747998581, -0.2082113801540644, -0.4486125424194171, 0.546216262804692, 0.08694476464187058]], "inverted": true, "swapped": false, "error_lsq": 0.04572055458218463, "error_max": 0.22741781818728188, "target": "1029.xyz", "model": "13.xyz", "model_rescale": 4.170626492500431, "target_rescale": 3.8875857239071903},
{"mapping": [11, 9, 3, 2, 6, 4, 12, 7, 0, 8, 13], "R": [[-0.10047908250667453, -0.5582241963445262, 0.8235834508986476], [0.9238035553372266, -0.35971801555795085, -0.13111041312325353], [0.36944680960175746, 0.747655466039377, 0.5518336334227238]], "T": [-0.049734220431144324, 0.03988817629986451, -0.08669885492690145], "aligned_model": [[0.3524111412220854, 0.7545225027134908, 0.10759370638672865, -0.5707872016830704, -0.31365107830392, -0.6764875486253578, -0.08503388096714191, 0.23226710600402728, -0.19591846631814397, -0.19849364024193078, -0.032389692188953365], [-0.5139301074680599, -0.029849738921523282, -0.41198249925873376, -0.0477203849369305, -0.7586134974609238, 0.15447944473549574, 0.016983935959168334, 0.7996742382353341, 0.46103229258996214, 0.6032527304528523, -0.052442924536483575], [0.09000447779857258, -0.15462664689092087, -0.5832211811553296, -0.4788221747675393, -0.0714595582939085, 0.22492950929691324, 0.6440100138619151, -0.11180253725047234, -0.4830903357846068, 0.3737870915975144, -0.047574998878074024]], "inverted": false, "swapped": false, "error_lsq": 0.04694376320312199, "error_max": 0.22564433572344267, "target": "1029.xyz", "model": "14.xyz", "model_rescale": 3.9786697098870705, "target_rescale": 3.8875857239071903},
{"mapping": [6, 9, 7, 10, 1, 4, 0, 8, 5, 2, 11], "R": [[-0.31843562595710084, 0.740614785199104, -0.5916827630291374], [-0.9478706719028428, -0.2565588589971548, 0.18899402428788978], [-0.011829685869149675, 0.6210211685720246, 0.7837045149274529]], "T": [0.0015810969471077088, 0.016310229677484578, -0.03123078880836267], "aligned_model": [[0.3911563386366066, 0.591569385344513, 0.08582142737157247, -0.616130331335132, -0.27353888663561765, -0.580258451033709, -0.04515471570842552, 0.20903908866895496, -0.2608825284361525, -0.1968894500718653, 0.06930107119706946], [-0.657436010557479, -0.06205441965764322, -0.11019233906719306, -0.36236278692818824, -0.5811296067165619, 0.192689825816712, 0.0003526137110023697, 0.47486614424334944, 0.6276141807283335, 0.7559378639007737, -0.057401976082947656], [-0.17837978009180752, 0.1509423962044353, -0.6744855378943462, -0.4403277533059765, 0.13624078494443223, 0.04134819273856626, 0.6625751670516575, -0.16876544229393264, -0.48076378260330577, 0.37792421962521755, -0.02417480484087648]], "inverted": true, "swapped": false, "error_lsq": 0.05041460422293213, "error_max": 0.22756994810709902, "target": "1029.xyz", "model": "15.xyz", "model_rescale": 3.769337070930944, "target_rescale": 3.8875857239071903},
{"mapping": [5, 7, 1, 0, 4, 2, 6, 9, 3, 8, 10], "R": [[-0.28280176236531906, 0.7529095776414367, -0.5942645295647917], [0.4806415537556081, -0.4249214929208847, -0.7670889268248382], [-0.8300643710017102, -0.5025623272288524, -0.24171108217013004]], "T": [-0.0003000466302140667, 0.011511056144798486, -0.07012501549574697], "aligned_model": [[0.26417694311617207, 0.7080767044515648, 0.3587181442111294, -0.42658371564813596, -0.4171180433598064, -0.6784666812664826, -0.1422874767376095, 0.15582471211884572, -0.3677259887960828, -0.019279451771577603, -0.06130219832020314], [-0.6028553413306176, -0.07214530373633286, -0.18785471606829035, -0.304528853071846, -0.5799159998554536, 0.24217307505389357, -0.13883312848502577, 0.7803523686888568, 0.495051986126468, 0.566241900585872, 0.02319750148263347], [-0.01858112093843718, -0.021746363576947383, -0.7575024037733206, -0.43873202022138463, 0.2205798512861631, 0.11266149091103057, 0.6289766404448903, -0.2829342698606959, -0.4027355757199832, 0.43327063819308415, -0.07112320721033556]], "inverted": true, "swapped": false, "error_lsq": 0.051433175931400336, "error_max": 0.26834627457231414, "target": "1029.xyz", "model": "16.xyz", "model_rescale": 3.7852294659196426, "target_rescale": 3.8875857239071903},
{"mapping": [4, 5, 10, 9, 0, 8, 3, 7, 11, 2, 12], "R": [[0.9327416673308309, -0.0579735935200279, -0.3558539651026478], [-0.3534567714613689, 0.047721624859799264, -0.9342328174651363], [0.0711427630402949, 0.9971768694545192, 0.02402078874386281]], "T": [0.00465665052190492, 0.053451525837563504, 0.00517380297378197], "aligned_model": [[0.42581172252341015, 0.6578720163209086, 0.09077719371145453, -0.6432833469113781, -0.24087707477594258, -0.6428946708392063, -0.20146404365340004, 0.35632673933651415, -0.3233305113741516, -0.0707496796624717, -0.034155396677923396], [-0.5155396021556574, 0.0003531473139296165, -0.2687440180559587, -0.2504076229360902, -0.5699056895650921, 0.11692337066904292, -0.11283806130642295, 0.6353305027671335, 0.5787766859837017, 0.5648169570950664, 0.04211781958050505], [0.030945622506041603, -0.04678058704878999, -0.7283303611691588, -0.4797026379310627, 0.1351204361950006, 0.0344060175603812, 0.7550787328167116, -0.16562435280356627, -0.3877510908444616, 0.332139094882911, -0.0773672146299429]], "inverted": true, "swapped": false, "error_lsq": 0.042015325254923644, "error_max": 0.2136070501073632, "target": "1029.xyz", "model": "17.xyz", "model_rescale": 3.901054581598922, "target_rescale": 3.8875857239071903},
{"mapping": [11, 12, 6, 4, 10, 8, 5, 0, 1, 2, 14], "R": [[0.7946424210842225, 0.6034205567104862, -0.06653611314626762], [-0.20085623894097615, 0.15790153017012196, -0.9668111904857226], [-0.5728875927194543, 0.7816333785792042, 0.24667603774782726]], "T": [0.0028829324023281824, 0.03912843242643226, 0.012994088560372923], "aligned_model": [[0.45369600576714786, 0.7393246977306863, 0.1586078470862511, -0.6747625150073108, -0.32550161965864366, -0.6079353639309809, -0.24090006860466323, 0.11906365014790557, -0.1721820286211714, -0.1229556819242758, 0.047578025012868626], [-0.5888018694906209, -0.03741300735282501, -0.2671268910960903, -0.1854304605867954, -0.7118889620996042, 0.2719098789453656, -0.022707273277380514, 0.7509048359809536, 0.33099949122140215, 0.6688019164944925, 0.011635830651260282], [-0.18500110770559838, 0.07439472661716512, -0.6546009781012531, -0.32751130212158464, 0.03728826926069117, 0.12758928549680604, 0.5846865241546854, -0.22233740246154532, -0.5951581077651689, 0.5339682228454246, 0.028815529314441896]], "inverted": false, "swapped": false, "error_lsq": 0.04374192962959514, "error_max": 0.26314821887669787, "target": "1029.xyz", "model": "18.xyz", "model_rescale": 3.9405287249114394, "target_rescale": 3.8875857239071903},
{"mapping": [5, 10, 9, 7, 8, 4, 1, 14, 13, 12, 15], "R": [[0.9791475016198049, -0.16766189974237478, 0.11471555015111165], [-0.15567516414260008, -0.25645347363657967, 0.9539375551517546], [-0.13051978141595572, -0.9519039359276282, -0.27720657175583174]], "T": [-0.05352139639481517, 0.05578473311170828, 0.04327065609874311], "aligned_model": [[0.2961509651051374, 0.7195621599265809, -0.034195394217693555, -0.5359846384857281, -0.31434321441624014, -0.7763257464337638, 0.014143445203166606, 0.34532824248395705, -0.08822355495406284, -0.23532967349111517, -0.01674964272242438], [-0.6716643771941697, 0.19081202070466147, -0.2907410841770032, -0.170642791801168, -0.6542695141120419, 0.13333083086005867, -0.016569954960555112, 0.6975595778660049, 0.43516137791190834, 0.5249121776943186, 0.04299522659814371], [-0.15625296224530336, 0.08814251250427872, -0.641241002347463, -0.4167134142061934, 0.03507914955420973, 0.12204567056941487, 0.6957319134197615, -0.12638480736488106, -0.510081823739776, 0.2600752993332866, 0.05173312405672937]], "inverted": false, "swapped": false, "error_lsq": 0.04218584545522645, "error_max": 0.22440817037583966, "target": "1029.xyz", "model": "19.xyz", "model_rescale": 4.410303926677745, "target_rescale": 3.8875857239071903},
{"mapping": [8, 12, 10, 3, 5, 0, 1, 4, 6, 2, 13], "R": [[-0.6987613031770682, -0.23725599070152698, -0.6748646057236389], [-0.20971574448238217, -0.83400634061991, 0.5103456968780935], [-0.6839239341465437, 0.4981395574354878, 0.5330150407066302]], "T": [-0.002073126031417863, 0.06706985679395727, -0.0633484178116656], "aligned_model": [[0.3812587822681561, 0.7320083612986763, 0.06929464705007314, -0.6691781995597922, -0.22749968917268232, -0.6394043625282539, -0.19401694914182183, 0.1794460682049016, -0.22200374687192564, -0.06730601572650426, 0.03143405217698711], [-0.572728969714839, 0.2225469434319749, -0.49376635109700384, -0.034217031561462635, -0.731839888790163, 0.29107541946638055, -0.17271180597189317, 0.7307081461010831, 0.4150721682414131, 0.5699433290949962, -0.003198469810328175], [0.12312327195558821, 0.02397960047777424, -0.6595894780306907, -0.32919514587576276, -0.16333244658333562, 0.17495763624481114, 0.6213283045496257, -0.21075397436619642, -0.4720423576033823, 0.3626464984866593, -0.06898824972102682]], "inverted": true, "swapped": false, "error_lsq": 0.05215289153490255, "error_max": 0.250841278737999, "target": "1029.xyz", "model": "20.xyz", "model_rescale": 4.121658175737393, "target_rescale": 3.8875857239071903},
{"mapping": [8, 5, 9, 10, 6, 4, 1, 7, 11, 3, 12], "R": [[-0.5045145764061991, -0.8627288011445544, -0.03411829229831756], [0.8632565430151238, -0.5047631479662331, -0.001518353317405149], [-0.015911729486492054, -0.030218870443790742, 0.9994166482172739]], "T": [-0.06627953925825236, -0.02269806897891935, 0.02053594424188101], "aligned_model": [[0.3625499892283483, 0.5900479849215894, 0.06619201019478799, -0.6372476436337388, -0.2601200734778447, -0.5753439499127492, -0.03249310631024441, 0.2584781253360826, -0.30363610688893483, -0.0916873989839106, -0.002706882475572006], [-0.5235082853782922, 0.005592248038089876, -0.14827320053521836, -0.33123994331438683, -0.6349998182418221, 0.2401005199883206, -0.15028683079336358, 0.5334528391675694, 0.5764262206970215, 0.5984193261696175, 0.05520041359262193], [-0.11729534870157163, 0.20036188495617493, -0.6789960779706627, -0.4124425508758484, 0.12121800428815674, -0.009827345578805564, 0.7024116299799408, -0.2076014844107911, -0.5788645466353447, 0.33071061286592773, 0.05245888161688744]], "inverted": false, "swapped": false, "error_lsq": 0.040689501417469694, "error_max": 0.19784151745751039, "target": "1029.xyz", "model": "21.xyz", "model_rescale": 4.08911054899281, "target_rescale": 3.8875857239071903},
{"mapping": [11, 5, 15, 2, 1, 4, 6, 12, 3, 7, 16], "R": [[-0.008134835931505768, 0.9963265838176597, 0.08524765581879386], [0.9646207849285255, 0.030284312911393108, -0.2618961658279103], [-0.26351577889804423, 0.08010117832914121, -0.9613236892441798]], "T": [0.015510906874362608, 0.05497462318297958, -0.011918021392617384], "aligned_model": [[0.3719322565596239, 0.6856037648891417, 0.05539284080044666, -0.5084972010453548, -0.31956051324612506, -0.6627129217386439, 0.02958224653223772, 0.22454888736717946, -0.4243968164770992, -0.05445337029011323, -0.0234062253534794], [-0.6100771595072993, -0.06891062318940619, -0.3326587199999059, -0.2252997191667001, -0.6618607713201594, 0.19215132885458083, -0.004776536838129251, 0.7474205404429031, 0.5405354633559507, 0.567757151574172, 0.07660253518415167], [-0.14061525557993867, 0.17072113464191524, -0.6280810197082807, -0.42193707610606007, 0.050311729305966724, -0.09844648832900248, 0.7309116527775341, -0.15953672080306813, -0.5819975673515385, 0.47588856579847644, 0.004914704888059902]], "inverted": false, "swapped": false, "error_lsq": 0.04001169051937521, "error_max": 0.2458924994049957, "target": "1029.xyz", "model": "22.xyz", "model_rescale": 4.204369325754507, "target_rescale": 3.8875857239071903},
{"mapping": [5, 10, 9, 7, 8, 4, 1, 14, 13, 12, 15], "R": [[0.9791475016198049, -0.16766189974237478, 0.11471555015111165], [-0.15567516414260008, -0.25645347363657967, 0.9539375551517546], [-0.13051978141595572, -0.9519039359276282, -0.27720657175583174]], "T": [-0.05352139639481517, 0.05578473311170828, 0.04327065609874311], "aligned_model": [[0.2961509651051374, 0.7195621599265809, -0.034195394217693555, -0.5359846384857281, -0.31434321441624014, -0.7763257464337638, 0.014143445203166606, 0.34532824248395705, -0.08822355495406284, -0.23532967349111517, -0.01674964272242438], [-0.6716643771941697, 0.19081202070466147, -0.2907410841770032, -0.170642791801168, -0.6542695141120419, 0.13333083086005867, -0.016569954960555112, 0.6975595778660049, 0.43516137791190834, 0.5249121776943186, 0.04299522659814371], [-0.15625296224530336, 0.08814251250427872, -0.641241002347463, -0.4167134142061934, 0.03507914955420973, 0.12204567056941487, 0.6957319134197615, -0.12638480736488106, -0.510081823739776, 0.2600752993332866, 0.05173312405672937]], "inverted": false, "swapped": false, "error_lsq": 0.04218584545522645, "error_max": 0.22440817037583966, "target": "1029.xyz", "model": "23.xyz", "model_rescale": 4.410303926677745, "target_rescale": 3.8875857239071903},
{"mapping": [4, 15, 10, 1, 3, 7, 12, 14, 11, 13, 16], "R": [[-0.4044160811134445, -0.2583800505475572, 0.8773182904829274], [0.3774001129189065, 0.8266360150012774, 0.41742311084989675], [-0.8330767000136549, 0.4999126405501768, -0.23679223744141015]], "T": [0.03980393477474339, 0.032697478526580045, -0.026884279850964688], "aligned_model": [[0.3118923258190851, 0.7269313776379509, 0.06423840446595319, -0.7061778261393181, -0.29973542892455646, -0.5779314445466242, -0.12050999881587676, 0.2948732190262978, -0.18770748425861303, -0.10572821369240734, -0.02611198257407691], [-0.599305219708368, 0.22267273957336264, -0.25576755326897904, -0.2115906305918408, -0.7931611213521815, 0.24158272480640425, 0.03972757116997923, 0.6528617157788382, 0.38867800539968667, 0.6018474371541933, -0.06666217957093745], [-0.04749665171344315, 0.005970982881597874, -0.6099578844650918, -0.3735395577528599, -0.1360702594409639, 0.10234749528039151, 0.7607868795028772, -0.11900359964524154, -0.4983054347722695, 0.35921848132260975, -0.041816791663542824]], "inverted": false, "swapped": false, "error_lsq": 0.04045569803738506, "error_max": 0.21338926849087272, "target": "1029.xyz", "model": "24.xyz", "model_rescale": 4.28219845311461, "target_rescale": 3.8875857239071903},
{"mapping": [0, 4, 2, 14, 6, 11, 1, 7, 13, 9, 15], "R": [[0.45162629710023316, -0.13139473761367904, -0.8824789576499625], [0.6570281105165015, -0.6201825415802316, 0.428588003927082], [-0.6036122511667967, -0.7733750953104948, -0.19376070859396433]], "T": [-0.13918799179321747, 0.0926598464464744, 0.042920497253726896], "aligned_model": [[0.34854468242328684, 0.5878570764722243, 0.022291263894418906, -0.6519426402663799, -0.29179059843298294, -0.6642599655596811, 0.11684022483310094, 0.30697076412864477, -0.057856968092741684, -0.25142867452837814, -0.09119221687369794], [-0.5597112368907483, 0.0586697353781887, -0.2574073252344705, -0.1753597324564129, -0.7920275695167307, 0.2259136264812786, -0.13075982357018404, 0.7159253094016483, 0.384719589295558, 0.7141935762634168, 0.036727340238613904], [-0.002719180252164284, -0.027070317044841426, -0.5229040777532181, -0.4524508792795882, -0.03605896491282285, 0.09787432987730843, 0.5855166658611597, -0.09134987532248176, -0.46796386160624487, 0.2836932858280477, 0.03556653413890959]], "inverted": false, "swapped": false, "error_lsq": 0.03909377840895035, "error_max": 0.19521214707239218, "target": "1029.xyz", "model": "25.xyz", "model_rescale": 4.100010024507729, "target_rescale": 3.8875857239071903},
{"mapping": [5, 6, 4, 9, 7, 8, 2, 0, 10, 1, 11], "R": [[-0.4363282924220725, 0.17676343174240094, 0.8822541076303856], [-0.600205747500838, -0.7876706867048485, -0.13902499765464083], [0.6703511631219856, -0.5901945259866124, 0.4497774334006089]], "T": [-0.08636056002632526, 0.047238689339174855, 0.06139730115360383], "aligned_model": [[0.2216951847007374, 0.559392108876775, 0.40583188411449006, -0.484636061566349, -0.4817415082669277, -0.6438922039182955, 0.17112890473813086, 0.14657245952452008, -0.36614733845588304, -0.07146122752746034, -0.08270925422192396], [-0.6057918920813072, -0.010387849134012722, -0.17009067531067756, -0.3105056755451595, -0.49877834903912355, 0.3014749912959625, -0.12332357418944564, 0.7069049344058649, 0.30525655894320386, 0.6399893385655779, -0.013864318520725546], [-0.14557827274779142, 0.07423516745207659, -0.6287868231377536, -0.5652656835562423, 0.12539375624531712, 0.09854831434663133, 0.7339781336042356, -0.22915756364199938, -0.45836081577724336, 0.44554731285602156, -0.04841986610918846]], "inverted": false, "swapped": false, "error_lsq": 0.055847754022743445, "error_max": 0.3048577995592331, "target": "1029.xyz", "model": "26.xyz", "model_rescale": 3.6694154284099745, "target_rescale": 3.8875857239071903},
{"mapping": [2, 6, 11, 10, 4, 8, 5, 3, 9, 7, 13], "R": [[-0.31272894702586784, 0.9186573857284123, 0.2413901682727181], [-0.8898289544260377, -0.3722530830455204, 0.2638789003087775], [0.3322725350629461, -0.1322733904069301, 0.9338622557064288]], "T": [-0.029922438051762156, 0.013444091127258714, 0.009454252971607631], "aligned_model": [[0.31656797893503297, 0.6553743961995614, 0.12567650203510458, -0.4171301975588429, -0.47835017818822145, -0.6597132604128116, -0.13722429878937292, 0.32749613225795665, -0.25471299814925047, -0.10257831363104057, -0.0013728147003015737], [-0.5312534083649835, 0.04150447245126671, -0.2210898716035782, -0.25333786444815026, -0.6633562740543401, 0.08302241443298515, 0.04828648648488048, 0.7301635234713211, 0.44553495572006746, 0.5748339216693269, -0.033424866368638013], [-0.20356844813439778, 0.037226465153149264, -0.8010753636463207, -0.3657633626190039, 0.1374558063023734, 0.09239742282787805, 0.7925575781395829, -0.09729986278841421, -0.46765184036283014, 0.28457442058241733, -0.006719155920370347]], "inverted": true, "swapped": false, "error_lsq": 0.0461037854337527, "error_max": 0.24052669761247353, "target": "1029.xyz", "model": "27.xyz", "model_rescale": 4.103607728864725, "target_rescale": 3.8875857239071903},
{"mapping": [11, 10, 13, 4, 8, 1, 5, 3, 2, 0, 14], "R": [[0.5051437172033474, 0.659162089018128, -0.5570773423603247], [0.47608436246500074, 0.32555824281956436, 0.8169183009019518], [0.7198426944730901, -0.6778769585503666, -0.14936306196722882]], "T": [0.17553269905368712, -0.018016242130458653, -0.007287244730535665], "aligned_model": [[0.384942283861275, 0.6714128666083543, 0.11449087088514275, -0.5391181121019206, -0.39154287208871613, -0.6543045594960268, -0.023191314689530756, 0.1991711044211209, -0.2802788849119576, -0.1519609911045393, 0.04441255661461191], [-0.6723036189263306, 0.09967376129058689, -0.35511162201219687, -0.14927758109655448, -0.602497630854497, 0.21221680369145984, -0.023972104437541844, 0.7107523722567106, 0.3918750996599776, 0.5463508120648696, 0.06317719775367445], [-0.018098711586512377, -0.00207199531543506, -0.5572991837190722, -0.549185727974378, -0.10261184625268571, 0.2401469909950939, 0.6967111249038218, -0.18580442889693316, -0.41416019059944825, 0.2824185578124615, 0.01208907016715189]], "inverted": true, "swapped": false, "error_lsq": 0.040880638867093984, "error_max": 0.1963941137871993, "target": "1029.xyz", "model": "28.xyz", "model_rescale": 4.137296879288765, "target_rescale": 3.8875857239071903},
{"mapping": [6, 5, 4, 8, 9, 7, 0, 2, 3, 1, 10], "R": [[-0.6907334713738484, -0.20882588627237791, 0.6922998055368704], [0.42785878520534965, 0.6537864681419878, 0.6240994423944216], [-0.5829443639374475, 0.7272929281224872, -0.3622442066570333]], "T": [-0.0815000907271271, 0.01286642620417926, -0.06503454961159516], "aligned_model": [[0.4204560025964111, 0.5426285271951004, 0.2950110848572736, -0.6875160555202624, -0.43407189949394015, -0.6864638391624596, -0.013546210010509874, 0.264333367024956, -0.2339567017726776, -0.02138347736318967, -0.07145785035288775], [-0.4996261198912593, 0.19341154981721437, -0.3061281417349047, -0.09714000963993775, -0.6685171375918417, 0.26562571985328015, -0.15776541671402333, 0.696737968975262, 0.3233204313999582, 0.5295636946287144, -0.05859904971230459], [-0.02580071817784299, 0.11121832004369894, -0.6617855555291623, -0.43785771475092317, 0.08397476184378849, 0.2250410047478677, 0.6108259290710039, -0.2226353381670065, -0.6534595808339361, 0.4793631831997356, -0.10675063191315956]], "inverted": true, "swapped": false, "error_lsq": 0.04583694004358116, "error_max": 0.2201059364171423, "target": "1029.xyz", "model": "29.xyz", "model_rescale": 3.607286011436655, "target_rescale": 3.8875857239071903},
{"mapping": [4, 5, 8, 9, 3, 1, 6, 12, 11, 13, 14], "R": [[-0.21356509007088975, 0.9660838279221577, -0.14516194311968963], [0.6606257813974732, 0.2522806080324355, 0.7070559184136449], [0.7196968314894758, 0.05510473879854516, -0.6920982144941232]], "T": [-0.024979394977533854, 0.059637295813293786, 0.02367992091582794], "aligned_model": [[0.4107036947565578, 0.7342059953560932, 0.025078606499406103, -0.6259184304493767, -0.22620710491433285, -0.7281387382492057, -0.05375984221864013, 0.32933796908068386, -0.19015330127858554, -0.14147964101925656, -0.15963625956552965], [-0.49081261396464804, 0.051710209939111795, -0.34297897570456165, -0.18754207237193288, -0.7047773827820233, 0.2442633461193925, -0.24530655228227738, 0.6637245630208479, 0.4370189505071474, 0.7402438617572255, 0.05534015515187624], [-0.03983883101984919, 0.08752296279863603, -0.5245383820276064, -0.4148767384766775, 0.06404134020929486, 0.1207686348506439, 0.4177914556604261, -0.10875760071510096, -0.39444892326373493, 0.26677849643170826, -0.07230875491367647]], "inverted": false, "swapped": false, "error_lsq": 0.04322268557322454, "error_max": 0.2874568349942697, "target": "1029.xyz", "model": "30.xyz", "model_rescale": 3.964800864290218, "target_rescale": 3.8875857239071903},
