[{"mapping": [3, 8, 6, 9, 7, 4, 5, 0, 2, 1, 10, 11], "R": [[-0.08005477222050955, -0.9109178510711782, 0.4047467134450744], [-0.8975519312790383, 0.24249672150373364, 0.36823344595135454], [-0.43358017032838436, -0.33380234969186096, -0.8370090962696891]], "T": [-0.0273953305133343, -0.04652683847053635, 0.042124339783301795], "aligned_model": [[-0.6496685019482634, -0.22806899446413265, 0.37767931494829743, -0.19293944199378738, 0.8037936481773559, -0.671095810564855, 0.5299633434478054, 0.08580626848866722, -0.007333343361015224, 0.5594996900604096, 0.009031385868706013, 0.0033639545891716374], [0.2137872559968227, -0.5640384912239351, -0.2740599666267707, 0.08386857479393817, 0.3322441478271085, -0.09517123230738633, 0.36928046267064174, -0.07494031992603514, -0.7443517675315114, -0.4096923257906276, 0.6226002229189682, -0.03463338374228278], [-0.09587996131227836, -0.26612111525572624, -0.5140210500659071, -0.5279182970270506, -0.20739666435913326, 0.5275436241892919, 0.4950503043822396, 0.6497175145774804, 0.44385575583010306, 0.20195432184004952, -0.07058509200806642, 0.1033180322908804]], "inverted": false, "swapped": false, "error_lsq": 0.04651213436299719, "error_max": 0.22779119491544156, "target": "103.xyz", "model": "0.xyz", "model_rescale": 3.751011558992144, "target_rescale": 3.870766805748915},
{"mapping": [10, 6, 12, 9, 13, 4, 2, 8, 1, 0, 5, 14], "R": [[-0.052080163041349214, -0.7159388583243061, 0.6962177875915524], [0.7545901329597736, -0.48486538610830265, -0.44215301490976855], [0.6541264310951959, 0.5023316718019439, 0.5654922666556337]], "T": [0.05850801666311894, -0.10753318206261586, 0.023268263036148033], "aligned_model": [[-0.6860253475405905, -0.33713621522056353, 0.4038621530113727, -0.05316072039450415, 0.5340041594663409, -0.589778062805334, 0.6680657074191005, -0.03735087618039224, -0.02380693342851193, 0.5867587144672802, 0.08852343029939744, 0.06607550415476345], [0.17503561959291913, -0.713298716276017, -0.28355535936173565, 0.34682770709751687, 0.363403771255509, -0.14814317765546975, 0.2887592901980934, 0.15705132037524827, -0.6665278126992731, -0.5051071484537804, 0.5129774366071994, -0.10252975362127976], [-0.17238114291061785, -0.17732960486494515, -0.6105470236864429, -0.4407100736347173, -0.2589089906170814, 0.4745441845466798, 0.4171334684781094, 0.6242877018835093, 0.4312324788034573, 0.3952772145640638, 0.0877019037672643, -0.030782743247396056]], "inverted": true, "swapped": false, "error_lsq": 0.04885697652549845, "error_max": 0.30454262657991166, "target": "103.xyz", "model": "1.xyz", "model_rescale": 3.9405287249114394, "target_rescale": 3.870766805748915},
{"mapping": [6, 1, 2, 0, 5, 7, 9, 3, 4, 8, 11, 12], "R": [[0.6277608659741101, 0.648575571022517, 0.4304253986746738], [0.5446588465503059, 0.02905952916681681, -0.8381540936123223], [-0.5561142292963974, 0.76059534079392, -0.3350099872192692]], "T": [0.027706707585720153, -0.049811245088968815, 0.10468444368829902], "aligned_model": [[-0.3975074981819814, -0.265034008826622, 0.3855358445162263, -0.2741044927646939, 0.42863600535665186, -0.6849633312292198, 0.7353317226384903, -0.16790043471923197, 0.03752976313300989, 0.5868018816543892, 0.1585263844703847, 0.07717967720095592], [0.2841559884161667, -0.622700053060749, -0.27405200589130224, 0.21780023690794584, 0.28591876550079354, -0.25356674720721295, 0.25134894124827484, -0.04853965933619812, -0.684974578566386, -0.2734996705739064, 0.6500107679884878, -0.10700880836698384], [0.04978034959967173, -0.3571895856891142, -0.42995937931910344, -0.6303149320409164, -0.39991176968934294, 0.38663295722968216, 0.34748165810177356, 0.6418398285797239, 0.4016133396691054, 0.5926043600136696, 0.0773046849386195, 0.05963586168811409]], "inverted": true, "swapped": false, "error_lsq": 0.05653374882201942, "error_max": 0.29914546411452875, "target": "103.xyz", "model": "2.xyz", "model_rescale": 3.932901565614263, "target_rescale": 3.870766805748915},
{"mapping": [0, 6, 10, 1, 11, 4, 8, 7, 5, 9, 3, 13], "R": [[0.21609865952258453, 0.41518626434061007, 0.8836977623913229], [-0.2463091492405038, 0.8989920074473059, -0.3621397155053314], [-0.9447926610388977, -0.1394049369597514, 0.29653514327695873]], "T": [0.041559538134565685, -0.0064531479454835936, 0.04007828828934632], "aligned_model": [[-0.5333786918772742, -0.16923955676112074, 0.3292286172510393, -0.26963518917361695, 0.7570220943197763, -0.7139292651322364, 0.5975050019145358, -0.024713384631995725, 0.0018842387212216621, 0.512990077743152, 0.05909410758024204, 0.07320346329463596], [0.3376093273968446, -0.5968216614613502, -0.31058506320956414, 0.20332264768377065, 0.31109542866529427, -0.27302728707482105, 0.3575240019947119, -0.005164708867137602, -0.6551502721213247, -0.3278052018088036, 0.4997356071391559, -0.11583964127784521], [0.03591009021712336, -0.23143786320441614, -0.5412096948475104, -0.5986083157472912, -0.390020456834168, 0.3885051830947317, 0.35189875130579945, 0.7509571717708161, 0.3473527541291257, 0.5029811325137343, 0.1045062417058305, 0.01868237897810751]], "inverted": false, "swapped": false, "error_lsq": 0.05131585395012114, "error_max": 0.25230273234545775, "target": "103.xyz", "model": "3.xyz", "model_rescale": 3.9243930471874484, "target_rescale": 3.870766805748915},
{"mapping": [10, 11, 1, 8, 7, 6, 2, 3, 5, 0, 4, 12], "R": [[0.134984732482251, -0.00918550608011065, -0.9908051011549888], [0.95271756186787, 0.2759344558027549, 0.12723766505787126], [0.2722285240477872, -0.9611325624381322, 0.0459981316563359]], "T": [-0.06085512645519915, -0.060307285795053144, -0.06316006285396855], "aligned_model": [[-0.6669967402229333, -0.666746240113616, 0.5399031454748362, -0.11561585185293562, 0.613873325157908, -0.43326773439460325, 0.6437022801187373, -0.07195066438282491, 0.12563061349690857, 0.553500209277534, 0.10042812629868304, -0.0024289556093349193], [0.29982439583020676, -0.5303432989505895, -0.3934692951817829, 0.302381883168711, 0.3170969478074555, -0.3851167977925482, 0.3206851133566171, 0.15970998385163362, -0.720009635333395, -0.3023765799587872, 0.5059023487158216, -0.14939188845441226], [-0.05813657126723448, -0.25834250600429287, -0.2587434828862377, -0.5748183458774287, -0.2758248694272667, 0.463455684252431, 0.39472435809092565, 0.5727822776612607, 0.25877002052282516, 0.4728365151578544, 0.012745349392230362, -0.009931056533184067]], "inverted": false, "swapped": false, "error_lsq": 0.0539094383167392, "error_max": 0.2667544793492169, "target": "103.xyz", "model": "4.xyz", "model_rescale": 3.8936222436046832, "target_rescale": 3.870766805748915},
{"mapping": [4, 1, 0, 2, 3, 5, 8, 7, 6, 9, 10, 11], "R": [[0.9348487260538758, -0.33882436295506824, -0.10609387571173783], [0.2967461962978424, 0.9097060626460767, -0.29047646129718496], [0.19493474389704846, 0.24006859572435704, 0.9509823946681282]], "T": [0.11471320347435386, -0.0079951158723136, 0.11421806575181424], "aligned_model": [[-0.6094308412287338, -0.18493115513436897, 0.4640466734506867, -0.11027407468402577, 0.5344194232216802, -0.6051592716695462, 0.722949273621972, -0.06102449208110351, -0.07020371212265315, 0.5677342779657139, 0.018593994876144243, -0.04668858296740637], [0.25683009083917263, -0.6327224846945813, -0.3399264506036629, 0.2392702333882001, 0.19431677915073592, -0.2966673659333042, 0.2727473558418524, 0.18176714939416783, -0.5803141808512883, -0.4248321632874002, 0.6166120513397725, -0.06218783752473451], [-0.07580196297705964, -0.2895612553623581, -0.6277428663428483, -0.5531641610463547, -0.2222319581132171, 0.35006294829494483, 0.4258193717151015, 0.7082332780400571, 0.6365831203787455, 0.16948763957163127, 0.10450292855198516, 0.11333029037125533]], "inverted": false, "swapped": false, "error_lsq": 0.055150420196793025, "error_max": 0.2839843996904953, "target": "103.xyz", "model": "5.xyz", "model_rescale": 3.6523030999806103, "target_rescale": 3.870766805748915},
{"mapping": [9, 11, 3, 7, 0, 10, 1, 6, 4, 2, 5, 12], "R": [[-0.21004296413735463, 0.10867270272383905, -0.9716337771501619], [0.8117166119678857, 0.573339223360513, -0.11134754964407928], [0.5449753160206164, -0.8120790470385626, -0.20863730799923885]], "T": [-0.020447813021746114, 0.034023510356300087, 0.14535543600650308], "aligned_model": [[-0.7351815891524083, -0.4510889788470466, 0.42766318730805475, -0.12617551643103897, 0.7841197186022669, -0.4873863555179332, 0.6101817080502258, -0.057598051701471115, 0.03484168807472417, 0.46367721281376495, 0.1310300864196586, 0.025948403629562015], [0.10596767968005633, -0.5110450737592119, -0.20053802857298467, 0.06528587406688044, 0.30146645913646125, -0.41436894000224433, 0.21344656627759004, 0.12570111909738438, -0.5367534539555623, -0.4267575925385428, 0.6387632159895379, 0.06372535163956643], [0.06385365112444627, -0.3950309332219552, -0.33089882254299313, -0.5289311329270681, -0.37263016871906424, 0.5807697785125694, 0.37445943018784345, 0.7878813404599077, 0.12837515313619513, 0.5052378734550345, -0.12895800587739198, 0.05538920949435959]], "inverted": true, "swapped": false, "error_lsq": 0.059165848746202704, "error_max": 0.28859046866213084, "target": "103.xyz", "model": "6.xyz", "model_rescale": 4.08911054899281, "target_rescale": 3.870766805748915},
{"mapping": [1, 13, 10, 11, 8, 2, 4, 6, 7, 5, 9, 14], "R": [[0.7763101990544072, -0.6236937241794601, 0.09137074621158468], [0.6183149387813213, 0.7816356459569342, 0.08205091985673965], [-0.1225932760144595, -0.0072010685763631704, 0.992430870785165]], "T": [0.06588248223054337, -0.043617031735922185, 0.06971218451790115], "aligned_model": [[-0.6060354134802273, -0.42319585807416993, 0.5807528595077509, -0.028958267143574204, 0.5269348875835755, -0.5939457455846028, 0.6669485050097522, -0.010228197747549558, -0.034345697485377816, 0.6331513896635718, -0.09774790144887753, 0.006700952448088125], [0.22172335158334355, -0.5289662889406376, -0.12766259120685014, -0.012797402786432363, 0.4294357191334373, -0.215412280645768, 0.08282667321745182, 0.0063840245654311276, -0.6605373759990487, -0.5298775320787465, 0.6768461356447601, 0.0829307445719896], [-0.0570430175804347, -0.1775386960209582, -0.42739920846925183, -0.5087222937825613, -0.09999564587922219, 0.5001220421206075, 0.41551720969871386, 0.5604769196155817, 0.5264972164120618, 0.21890314285456533, -0.19242371514582438, -0.018876580741394533]], "inverted": true, "swapped": false, "error_lsq": 0.0503887655631175, "error_max": 0.27814057953579197, "target": "103.xyz", "model": "7.xyz", "model_rescale": 3.964800864290218, "target_rescale": 3.870766805748915},
{"mapping": [11, 8, 5, 10, 3, 12, 0, 2, 7, 1, 6, 13], "R": [[-0.4107579056040615, -0.5799163801089646, -0.7035445508744133], [-0.634854699705242, 0.7357638307853042, -0.23582004912708587], [0.6543985431263825, 0.3497836150957463, -0.6703834495008203]], "T": [0.029989457319257166, 0.010303735075971564, 0.11150207745824872], "aligned_model": [[-0.6609138959620464, -0.10853784523624352, 0.3628173175071876, -0.14433729159174252, 0.5495281065725173, -0.6295727168121512, 0.647261692696794, 0.1458177317131535, -0.06783646615097289, 0.5153563778431467, -0.0020532834387267593, 0.012501786107443708], [0.43631737869614345, -0.6641252226941465, -0.30569860569831014, 0.04523882359701544, 0.4145458852322525, -0.2695556806397919, 0.25693835871065507, 0.052833063841279136, -0.5748459044710117, -0.5137415122644908, 0.5894436844553712, -0.04245709170603501], [-0.05671877846572873, -0.23057006226536234, -0.587381932286057, -0.690697235188789, -0.19285063186357018, 0.35094180511189127, 0.37853339093915883, 0.7621815644561074, 0.5050540473389049, 0.3415356019137605, 0.10278399417798531, 0.056705609213581754]], "inverted": false, "swapped": false, "error_lsq": 0.047020382210974904, "error_max": 0.3176506902008517, "target": "103.xyz", "model": "8.xyz", "model_rescale": 4.121658175737393, "target_rescale": 3.870766805748915},
{"mapping": [10, 2, 1, 0, 4, 11, 9, 7, 8, 6, 5, 12], "R": [[0.20717100038769476, 0.9769323380968604, 0.051801383948342494], [0.806109371148221, -0.140464424133313, -0.5748542661404858], [-0.554317470719967, 0.16085071443266447, -0.8166144679842013]], "T": [-0.03437550798736222, -0.07310196574221364, 0.09757578467265754], "aligned_model": [[-0.6505809019895658, -0.1646647975906918, 0.34070500193198305, -0.08038487071349676, 0.6194815328954556, -0.5478184891750741, 0.6546079236625193, -0.04392117326695007, -0.01123174618309795, 0.5388480833939825, -0.052089928842459804, 0.01708087912575517], [0.350788020933383, -0.6333562064890312, -0.2882543881410957, 0.1900926346375009, 0.3268363653059172, -0.18500847635873607, 0.23169533448792776, 0.1019175501594731, -0.696622886151307, -0.41983676196435116, 0.5434923717090525, -0.09685038106980311], [-0.03314920220481968, -0.2916366735025046, -0.43903931195440143, -0.6423133854026826, -0.3503619556050797, 0.4537854315159358, 0.4519629369783205, 0.7491031898070191, 0.4733940463750981, 0.274696493418527, 0.06271135304701475, 0.0303644506094555]], "inverted": true, "swapped": false, "error_lsq": 0.039455484444171775, "error_max": 0.2501163092494042, "target": "103.xyz", "model": "9.xyz", "model_rescale": 3.833441315466971, "target_rescale": 3.870766805748915},
{"mapping": [8, 13, 5, 2, 4, 10, 6, 12, 0, 1, 7, 14], "R": [[-0.458959720547236, -0.18837583635706495, -0.8682571734180948], [0.04769638963288404, 0.9706306875672627, -0.23579890323894898], [0.887175872829729, -0.1496349311807888, -0.4364955418321354]], "T": [0.036047508491045266, 0.06942734150472193, 0.10060216207343681], "aligned_model": [[-0.7271772955960547, -0.19941059195346345, 0.34488064706914984, -0.13762746655456734, 0.7253653897304269, -0.624033657320711, 0.652137182855103, 0.16813763357108114, -0.006838685524441418, 0.5044365502405517, -0.09163743269040395, 0.011799239421688014], [0.193830783909804, -0.5465668147002926, -0.3502881522931741, -0.007048897891082706, 0.26466891029295003, -0.23963869572445665, 0.2287342419736597, 0.04910956312599725, -0.5982901059746545, -0.42023456910887713, 0.7233441726895886, 0.1272727407594686], [0.0027704477844944786, -0.347501870346481, -0.33055465191539046, -0.5926789084732904, -0.24958945477511124, 0.4807668404588899, 0.3378454815787174, 0.6881048804066088, 0.22763423045838718, 0.3946291196420312, 0.09878269224722741, 0.02930856601579969]], "inverted": false, "swapped": false, "error_lsq": 0.04414022370870013, "error_max": 0.22584790172118, "target": "103.xyz", "model": "10.xyz", "model_rescale": 4.2482417240324, "target_rescale": 3.870766805748915},
{"mapping": [0, 4, 5, 6, 2, 10, 3, 8, 9, 7, 1, 11], "R": [[0.9716389963011524, 0.09522555455566424, 0.21644804140129265], [0.020372983610936035, -0.9456400672952922, 0.3245763464341543], [0.23558990302149624, -0.310961343072289, -0.9207607945112565]], "T": [0.06420428382507018, 0.016537721658146605, 0.04794478099412746], "aligned_model": [[-0.6413889590001012, -0.3705502107414991, 0.30375528671198015, -0.02682759447480404, 0.5916967351577674, -0.4128340852794494, 0.6599062457020798, 0.035460411532005284, -0.03743467878765394, 0.569799779141646, -0.08097508105930334, 0.029423664345691415], [0.2872073221853371, -0.573963840163699, -0.5469960600818933, 0.057370040981990535, 0.4104297341856454, -0.20999883780514056, 0.32649465903778885, 0.15648666461317837, -0.7231384969652872, -0.3565319979264979, 0.7014237421823493, -0.1038897531848415], [-0.004166820053644403, -0.42969107943971185, -0.3870623042069929, -0.592779853287097, -0.2902239381960665, 0.4168864351389653, 0.5030683862244647, 0.6449756948722811, 0.39702860333605955, 0.30042928772666533, 0.14281650839746496, 0.03823645256949471]], "inverted": false, "swapped": false, "error_lsq": 0.04465071521481883, "error_max": 0.29183401904413775, "target": "103.xyz", "model": "11.xyz", "model_rescale": 3.6694154284099745, "target_rescale": 3.870766805748915},
{"mapping": [4, 1, 12, 0, 5, 3, 7, 8, 2, 10, 6, 13], "R": [[-0.8247642622319165, -0.12876140755325843, 0.5506218408944075], [0.3728790325254548, -0.8558754379965099, 0.35838312144569995], [0.4251177940852669, 0.5008969300756256, 0.7539079032566847]], "T": [0.11757821615014857, 0.04775733313842658, 0.13466910982212812], "aligned_model": [[-0.5970407885904239, -0.3836465686766231, 0.46484046880264984, -0.1406212494927101, 0.6001719736944571, -0.6380744481849565, 0.7896129901963467, -0.16687748433481925, -0.02005541507526054, 0.5846674286612391, 0.08185087512533097, 0.045203731123129434], [0.21684150512091416, -0.5257936428058844, -0.3944366021560635, 0.1631642856923093, 0.3837498534375579, -0.3078810288304614, 0.32595624541955137, -0.19718166321759964, -0.5728844712355255, -0.2962158161231849, 0.5892753840061493, 0.04029912775116788], [0.0429692156080001, -0.23450088783511205, -0.24696153849895672, -0.5216479901146528, -0.4119414315681609, 0.3438563632164586, 0.2867873077729932, 0.7916985565266108, 0.2835795111091777, 0.3935878759462945, -0.02450560909199076, 0.03659600001122153]], "inverted": false, "swapped": false, "error_lsq": 0.0475680654915466, "error_max": 0.3396133149910746, "target": "103.xyz", "model": "12.xyz", "model_rescale": 3.9764082729961374, "target_rescale": 3.870766805748915},
{"mapping": [12, 6, 3, 11, 8, 5, 2, 0, 4, 7, 1, 15], "R": [[0.9326500461498153, -0.32529991780091616, 0.15602517391582818], [0.34172719411804686, 0.9351980108185618, -0.09288275061178786], [-0.11569968114456511, 0.13994514653864196, 0.9833762961060857]], "T": [-0.08769823499899684, -0.013350916918864461, 0.00040212540219274756], "aligned_model": [[-0.5454554180475855, -0.5064551020736359, 0.5668695160057518, 0.12638954180303644, 0.48728774829613575, -0.6263623149321033, 0.5069614643458429, 0.126711470120097, -0.00925062493136515, 0.5297071431270839, -0.00042948635618680897, -0.03594242410871215], [0.428850358027269, -0.618651731299257, -0.32596908520664997, 0.12944516369399672, 0.29330860563359945, -0.3209190216614324, 0.36205305430425005, -0.08290031306032541, -0.6301965252932673, -0.30412097949981376, 0.6008766531464692, -0.10688300172590831], [-0.04574902573949339, -0.20432309553430567, -0.4265104974078928, -0.7508104955880156, -0.27346626067143415, 0.5643762168014368, 0.37684762513773107, 0.6905465257629886, 0.3598617054430053, 0.32489722350176653, 0.13616381345500528, -0.012316362078909088]], "inverted": true, "swapped": false, "error_lsq": 0.0414953635538216, "error_max": 0.21856277257783793, "target": "103.xyz", "model": "13.xyz", "model_rescale": 4.170626492500431, "target_rescale": 3.870766805748915},
{"mapping": [6, 12, 10, 11, 9, 4, 1, 0, 8, 7, 3, 13], "R": [[0.3203728523360426, -0.8493958537883516, 0.41938993675722114], [-0.8633918032390798, -0.44398185945851665, -0.23965538293835276], [0.38976381256555714, -0.28531875514749405, -0.8756011525663074]], "T": [-0.035700027113660854, -0.010569835438276061, 0.13470485681938993], "aligned_model": [[-0.6842418306571609, -0.28445426060278795, 0.28567126428302736, -0.07214315666071261, 0.5788078238375276, -0.5554530465591507, 0.6277760743397723, 0.1924376382989272, 0.023702163528937767, 0.6087359980756103, -0.017142459121944502, -0.0836646955136867], [0.4255521782094151, -0.5737939863430864, -0.3481722223925747, 0.2420993770752673, 0.19528216737042195, -0.4101272405929567, 0.32485047977228765, 0.02440073661142792, -0.7332887578216989, -0.41300477230828114, 0.6739293189598489, 0.017165898518859697], [-0.17622983937663556, -0.2610299133802544, -0.1832156149398445, -0.524453560018132, -0.35141394812738286, 0.4053962112368803, 0.3299153709817836, 0.6847854611297882, 0.2950327451630216, 0.4178622934398966, 0.0535252489836255, 0.04934291798913634]], "inverted": false, "swapped": false, "error_lsq": 0.04677280991969102, "error_max": 0.23794846095418007, "target": "103.xyz", "model": "14.xyz", "model_rescale": 3.9786697098870705, "target_rescale": 3.870766805748915},
{"mapping": [6, 10, 4, 1, 0, 7, 3, 8, 5, 2, 9, 11], "R": [[-0.5293207240260495, 0.20329923976616354, 0.8237044313508569], [0.10638687885050044, 0.9791080921426213, -0.17328928388473785], [-0.8417252539427506, -0.004094265665081073, -0.5398905758240978]], "T": [0.007256509585736905, -0.037532680092726145, 0.04301553387783058], "aligned_model": [[-0.5805611797574397, -0.4363031232493451, 0.26837471604735014, -0.1777493676876965, 0.5452812692223035, -0.5839700121689557, 0.6047452915499258, 0.14288041557375944, 0.07164289498790352, 0.806650332354981, 0.0023016656114302828, -0.043261389235857386], [0.461657725739429, -0.5748370700323515, -0.5330809646022525, 0.052843002476099646, 0.25827815686397504, -0.22494657971886065, 0.48419015488955264, -0.11407731203355068, -0.6928208065177006, -0.286975531347767, 0.5467521911643168, 0.047910210178040424], [-0.13763604686336572, -0.4118249141560939, -0.20429785044473953, -0.6037279646336335, -0.2838344207431452, 0.27149580784359206, 0.5077322983566487, 0.5409866188492276, 0.502484197087018, 0.2723519599927478, 0.25749375372906735, 0.028293934064559205]], "inverted": true, "swapped": false, "error_lsq": 0.05653241870335679, "error_max": 0.33000785959945583, "target": "103.xyz", "model": "15.xyz", "model_rescale": 3.769337070930944, "target_rescale": 3.870766805748915},
{"mapping": [8, 1, 7, 5, 9, 2, 6, 3, 10, 0, 11], "R": [[-0.9005727925242248, -0.3340131311413797, 0.2782155164440883], [-0.09889103264175313, -0.4658125773263157, -0.8793402108783966], [0.4233074639410071, -0.819422889007713, 0.3864672301011902]], "T": [0.047307702587458325, 0.01176463091648499, 0.08581978785487135], "aligned_model": [[-0.28965871075086425, -0.4424971315784264, -0.06894041101699332, -0.7585326861140426, 0.387938057907617, 0.4501985262136668, 0.6268144210895348, 0.21156680735520783, 0.22608317663494093, -0.4417316260222084, 0.021385706972738266], [0.08595584033341264, -0.5709035661398446, 0.5513206776279352, 0.2524376548531868, 0.1874381815240322, -0.38777937296157, 0.5847448010834289, -0.4914441441193444, 0.34345256549858233, 0.05822788301829849, -0.01738602309277521], [-0.5470274877445317, -0.11744215540115155, -0.20858878542181744, -0.023277549134419484, -0.7084606984793469, -0.21493852052148207, -0.09688410567688288, 0.42836753928059523, 0.5585368028853492, 0.6162595550495753, 0.05767301238788937]], "inverted": true, "swapped": true, "error_lsq": 0.042306811075686165, "error_max": 0.20206553123781087, "target": "103.xyz", "model": "16.xyz", "model_rescale": 3.7852294659196426, "target_rescale": 3.870766805748915},
{"mapping": [1, 2, 11, 7, 6, 3, 10, 0, 8, 9, 5, 12], "R": [[-0.23877310272778962, -0.9584016730882907, 0.1563765917115136], [0.9694547685919956, -0.24456318224630957, -0.018609179020003863], [0.056079025205370885, 0.1471566611170672, 0.9875221820399236]], "T": [-0.018867360866930014, -0.029656026373051425, 0.11348329057785027], "aligned_model": [[-0.6267828145883182, -0.37380965545986133, 0.3784861357810383, 0.005759025647941368, 0.5530663145399611, -0.6816818579526059, 0.7072711506448428, -0.023102561378605807, 0.09026351598162909, 0.6279470451272005, -0.10835850768200767, 0.07097372258714492], [0.25406918520580624, -0.3290466649791637, -0.4411677540977076, 0.1295444905164212, 0.4321074412446142, -0.2957934916163267, 0.2871923888120375, -0.06953572771536803, -0.6551866171746449, -0.4416264677212042, 0.6016031325740426, -0.04726673798957629], [-0.042057571218400966, -0.2845973972913277, -0.34553781033143793, -0.5687745358234056, -0.383567619099678, 0.46325916626041186, 0.26040170049745287, 0.7947606410278669, 0.258424116234887, 0.5124485336325677, -0.04686701172156056, 0.12162516091450759]], "inverted": true, "swapped": false, "error_lsq": 0.045628942275402956, "error_max": 0.27558878064729175, "target": "103.xyz", "model": "17.xyz", "model_rescale": 3.901054581598922, "target_rescale": 3.870766805748915},
{"mapping": [10, 6, 12, 9, 13, 4, 2, 8, 1, 0, 5, 14], "R": [[-0.052080163041349214, -0.7159388583243061, 0.6962177875915524], [0.7545901329597736, -0.48486538610830265, -0.44215301490976855], [0.6541264310951959, 0.5023316718019439, 0.5654922666556337]], "T": [0.05850801666311894, -0.10753318206261586, 0.023268263036148033], "aligned_model": [[-0.6860253475405905, -0.33713621522056353, 0.4038621530113727, -0.05316072039450415, 0.5340041594663409, -0.589778062805334, 0.6680657074191005, -0.03735087618039224, -0.02380693342851193, 0.5867587144672802, 0.08852343029939744, 0.06607550415476345], [0.17503561959291913, -0.713298716276017, -0.28355535936173565, 0.34682770709751687, 0.363403771255509, -0.14814317765546975, 0.2887592901980934, 0.15705132037524827, -0.6665278126992731, -0.5051071484537804, 0.5129774366071994, -0.10252975362127976], [-0.17238114291061785, -0.17732960486494515, -0.6105470236864429, -0.4407100736347173, -0.2589089906170814, 0.4745441845466798, 0.4171334684781094, 0.6242877018835093, 0.4312324788034573, 0.3952772145640638, 0.0877019037672643, -0.030782743247396056]], "inverted": true, "swapped": false, "error_lsq": 0.04885697652549845, "error_max": 0.30454262657991166, "target": "103.xyz", "model": "18.xyz", "model_rescale": 3.9405287249114394, "target_rescale": 3.870766805748915},
{"mapping": [4, 8, 2, 1, 3, 7, 14, 13, 9, 11, 12, 15], "R": [[-0.8774025230188562, 0.2553953599315654, -0.4061256243153981], [0.4732923875094677, 0.5992674903083395, -0.6456568678370365], [0.07848011547986909, -0.7587171312056757, -0.6466754876205654]], "T": [0.012391525201663131, -0.033589438376382424, 0.014734320371763927], "aligned_model": [[-0.647408360427679, -0.45974160495888067, 0.519044951633, 0.06413273818396951, 0.557491466951016, -0.5242228021007413, 0.5909998260295668, 0.09062187837291245, -0.08985342309757079, 0.48379459820858145, -0.008187716047411017, 0.04335996050159539], [0.2763126174890016, -0.5607303109205927, -0.48008598940750435, 0.18156886513699902, 0.5176046846129425, -0.2936390822453291, 0.3154918750063387, 0.04555548692592262, -0.6416380365098089, -0.39718711926006545, 0.5128019388285082, -0.05116175259748183], [0.07209158067936466, -0.25263240050817787, -0.5323199899263502, -0.6069964696714845, -0.33808246942266496, 0.38895991463111534, 0.3930115109823347, 0.6772642729124481, 0.47171650800252585, 0.4206765220648839, 0.04896909735582162, -0.003140704017934058]], "inverted": true, "swapped": false, "error_lsq": 0.0397621516642165, "error_max": 0.2685352398740408, "target": "103.xyz", "model": "19.xyz", "model_rescale": 4.410303926677745, "target_rescale": 3.870766805748915},
{"mapping": [11, 8, 5, 10, 3, 12, 0, 2, 7, 1, 6, 13], "R": [[-0.4107579056040615, -0.5799163801089646, -0.7035445508744133], [-0.634854699705242, 0.7357638307853042, -0.23582004912708587], [0.6543985431263825, 0.3497836150957463, -0.6703834495008203]], "T": [0.029989457319257166, 0.010303735075971564, 0.11150207745824872], "aligned_model": [[-0.6609138959620464, -0.10853784523624352, 0.3628173175071876, -0.14433729159174252, 0.5495281065725173, -0.6295727168121512, 0.647261692696794, 0.1458177317131535, -0.06783646615097289, 0.5153563778431467, -0.0020532834387267593, 0.012501786107443708], [0.43631737869614345, -0.6641252226941465, -0.30569860569831014, 0.04523882359701544, 0.4145458852322525, -0.2695556806397919, 0.25693835871065507, 0.052833063841279136, -0.5748459044710117, -0.5137415122644908, 0.5894436844553712, -0.04245709170603501], [-0.05671877846572873, -0.23057006226536234, -0.587381932286057, -0.690697235188789, -0.19285063186357018, 0.35094180511189127, 0.37853339093915883, 0.7621815644561074, 0.5050540473389049, 0.3415356019137605, 0.10278399417798531, 0.056705609213581754]], "inverted": false, "swapped": false, "error_lsq": 0.047020382210974904, "error_max": 0.3176506902008517, "target": "103.xyz", "model": "20.xyz", "model_rescale": 4.121658175737393, "target_rescale": 3.870766805748915},
{"mapping": [9, 11, 3, 7, 0, 10, 1, 6, 4, 2, 5, 12], "R": [[-0.21004296413735463, 0.10867270272383905, -0.9716337771501619], [0.8117166119678857, 0.573339223360513, -0.11134754964407928], [0.5449753160206164, -0.8120790470385626, -0.20863730799923885]], "T": [-0.020447813021746114, 0.034023510356300087, 0.14535543600650308], "aligned_model": [[-0.7351815891524083, -0.4510889788470466, 0.42766318730805475, -0.12617551643103897, 0.7841197186022669, -0.4873863555179332, 0.6101817080502258, -0.057598051701471115, 0.03484168807472417, 0.46367721281376495, 0.1310300864196586, 0.025948403629562015], [0.10596767968005633, -0.5110450737592119, -0.20053802857298467, 0.06528587406688044, 0.30146645913646125, -0.41436894000224433, 0.21344656627759004, 0.12570111909738438, -0.5367534539555623, -0.4267575925385428, 0.6387632159895379, 0.06372535163956643], [0.06385365112444627, -0.3950309332219552, -0.33089882254299313, -0.5289311329270681, -0.37263016871906424, 0.5807697785125694, 0.37445943018784345, 0.7878813404599077, 0.12837515313619513, 0.5052378734550345, -0.12895800587739198, 0.05538920949435959]], "inverted": true, "swapped": false, "error_lsq": 0.059165848746202704, "error_max": 0.28859046866213084, "target": "103.xyz", "model": "21.xyz", "model_rescale": 4.08911054899281, "target_rescale": 3.870766805748915},
{"mapping": [6, 1, 15, 11, 9, 0, 12, 13, 4, 3, 10, 16], "R": [[-0.6378857013685836, -0.23918014804546106, -0.732048283086889], [-0.2474946835551842, -0.8364625206530415, 0.4889548375409325], [-0.7292792425411748, 0.493075357652065, 0.4743716666021051]], "T": [0.03856989434312139, -0.029424189756360998, -0.0114896684232757], "aligned_model": [[-0.6164033472150312, -0.42235288452699377, 0.4087310594326161, -0.03289629737512125, 0.5178461432690712, -0.5729116912986523, 0.5245481350383627, 0.1984274716407621, -0.028975857653420374, 0.603858174077627, 0.01812599405591101, 0.02203461380322838], [0.3087448157515573, -0.5457560205272586, -0.44065279830335274, -0.06946692520309206, 0.4536161242908866, -0.26559020076795165, 0.3375272282654039, -0.06908636281670866, -0.5520496027807924, -0.45539473465949026, 0.7667354910427926, -0.043733837233063594], [0.09903591733839404, -0.4000125296778787, -0.4862303989976244, -0.772529873036463, -0.22247294686762564, 0.4012999678845776, 0.4058127547863901, 0.6285122323839781, 0.4452295395327978, 0.4917767411096996, 0.11830716830926355, 0.030788800316373807]], "inverted": true, "swapped": false, "error_lsq": 0.041558979880904554, "error_max": 0.22890323556392705, "target": "103.xyz", "model": "22.xyz", "model_rescale": 4.204369325754507, "target_rescale": 3.870766805748915},
{"mapping": [4, 8, 2, 1, 3, 7, 14, 13, 9, 11, 12, 15], "R": [[-0.8774025230188562, 0.2553953599315654, -0.4061256243153981], [0.4732923875094677, 0.5992674903083395, -0.6456568678370365], [0.07848011547986909, -0.7587171312056757, -0.6466754876205654]], "T": [0.012391525201663131, -0.033589438376382424, 0.014734320371763927], "aligned_model": [[-0.647408360427679, -0.45974160495888067, 0.519044951633, 0.06413273818396951, 0.557491466951016, -0.5242228021007413, 0.5909998260295668, 0.09062187837291245, -0.08985342309757079, 0.48379459820858145, -0.008187716047411017, 0.04335996050159539], [0.2763126174890016, -0.5607303109205927, -0.48008598940750435, 0.18156886513699902, 0.5176046846129425, -0.2936390822453291, 0.3154918750063387, 0.04555548692592262, -0.6416380365098089, -0.39718711926006545, 0.5128019388285082, -0.05116175259748183], [0.07209158067936466, -0.25263240050817787, -0.5323199899263502, -0.6069964696714845, -0.33808246942266496, 0.38895991463111534, 0.3930115109823347, 0.6772642729124481, 0.47171650800252585, 0.4206765220648839, 0.04896909735582162, -0.003140704017934058]], "inverted": true, "swapped": false, "error_lsq": 0.0397621516642165, "error_max": 0.2685352398740408, "target": "103.xyz", "model": "23.xyz", "model_rescale": 4.410303926677745, "target_rescale": 3.870766805748915},
{"mapping": [9, 14, 7, 11, 1, 15, 3, 4, 5, 0, 10, 16], "R": [[-0.08586122486328857, -0.017135540861352105, -0.9961597378454746], [0.6084165301734975, -0.7926685629097385, -0.038805607665018726], [-0.7889595527507208, -0.6094119482041673, 0.07848504003556289]], "T": [-0.0032474512486957846, -0.17164989099606928, 0.035774848686351425], "aligned_model": [[-0.5323542545249835, -0.5304653516205845, 0.4544709284772225, -0.11880498599395618, 0.6288563680019381, -0.6548838952539391, 0.6294375079227483, 0.05568487086120283, -0.034161131379261335, 0.6935033632113101, -0.06451122845276581, 0.09325932199942784], [0.15588149810537835, -0.38251244877021084, -0.3329579644609822, 0.10961544759916367, 0.3023347503713548, -0.3366899744482368, 0.3164079050663521, 0.10552898749979375, -0.49555617648421124, -0.38291271384023845, 0.47519226139018056, -0.1094383949694133], [-0.036261000086380175, -0.3326383124127595, -0.4185427571560989, -0.5194347982752892, -0.2990664137155419, 0.2754536056362575, 0.44900639972642037, 0.6631369639895159, 0.5740416004275227, 0.2365038533652944, 0.07609761861387963, 0.0712206129690619]], "inverted": false, "swapped": false, "error_lsq": 0.045941104962387604, "error_max": 0.2511814543971202, "target": "103.xyz", "model": "24.xyz", "model_rescale": 4.28219845311461, "target_rescale": 3.870766805748915},
{"mapping": [13, 9, 1, 4, 0, 12, 6, 10, 11, 8, 2, 15], "R": [[0.8234121070774392, -0.06140871036012918, 0.5641112232620421], [-0.32303682125778277, -0.86804101015252, 0.37703052503087864], [0.46651871777020804, -0.49268019544659847, -0.7345927517915913]], "T": [-0.03910757352442558, -0.11945519855589035, -0.020729692224714685], "aligned_model": [[-0.5547599049732839, -0.4279787952018899, 0.4776879202983509, 0.03537939304712666, 0.528383846213881, -0.6625226915165984, 0.6249736695533498, 0.26511232569772164, -0.1796721837949355, 0.5539930738128064, -0.04891814032162087, 0.008353000433451163], [0.1730222845636876, -0.6544839829581486, -0.34757657577813383, 0.21769179033520406, 0.4127104286673743, -0.19804884406304316, 0.3190169000749117, -0.21426919380389994, -0.4194531503164617, -0.3538515357916786, 0.5589817152644477, -0.06884665913532942], [-0.059149112787736186, -0.1600030087321773, -0.32199444898423113, -0.6652699723611454, -0.26630535421359447, 0.4146971440838957, 0.4022779392378846, 0.706020180874865, 0.4113812779294299, 0.25356218907589345, 0.07096071694097808, -0.04666017798217918]], "inverted": true, "swapped": false, "error_lsq": 0.04275600052514167, "error_max": 0.2802074629767769, "target": "103.xyz", "model": "25.xyz", "model_rescale": 4.100010024507729, "target_rescale": 3.870766805748915},
{"mapping": [0, 4, 5, 6, 2, 10, 3, 8, 9, 7, 1, 11], "R": [[0.9716389963011524, 0.09522555455566424, 0.21644804140129265], [0.020372983610936035, -0.9456400672952922, 0.3245763464341543], [0.23558990302149624, -0.310961343072289, -0.9207607945112565]], "T": [0.06420428382507018, 0.016537721658146605, 0.04794478099412746], "aligned_model": [[-0.6413889590001012, -0.3705502107414991, 0.30375528671198015, -0.02682759447480404, 0.5916967351577674, -0.4128340852794494, 0.6599062457020798, 0.035460411532005284, -0.03743467878765394, 0.569799779141646, -0.08097508105930334, 0.029423664345691415], [0.2872073221853371, -0.573963840163699, -0.5469960600818933, 0.057370040981990535, 0.4104297341856454, -0.20999883780514056, 0.32649465903778885, 0.15648666461317837, -0.7231384969652872, -0.3565319979264979, 0.7014237421823493, -0.1038897531848415], [-0.004166820053644403, -0.42969107943971185, -0.3870623042069929, -0.592779853287097, -0.2902239381960665, 0.4168864351389653, 0.5030683862244647, 0.6449756948722811, 0.39702860333605955, 0.30042928772666533, 0.14281650839746496, 0.03823645256949471]], "inverted": false, "swapped": false, "error_lsq": 0.04465071521481883, "error_max": 0.29183401904413775, "target": "103.xyz", "model": "26.xyz", "model_rescale": 3.6694154284099745, "target_rescale": 3.870766805748915},
{"mapping": [0, 8, 9, 10, 11, 5, 12, 6, 7, 3, 2, 13], "R": [[0.804714317960881, -0.22578551640084385, 0.5490498766527122], [-0.47183992166954164, -0.8045226551352399, 0.3607081724788404], [0.36028038357317627, -0.5493306817917131, -0.7539455200839227]], "T": [-0.054571722070812664, -0.07749951034426149, 0.03575186157754782], "aligned_model": [[-0.578702201252062, -0.2935141811217505, 0.46895715474597105, -0.007046336835901765, 0.5385085429608008, -0.7069410071288409, 0.6575187221731182, 0.1603801233100729, -0.027672992987095427, 0.49774251146464815, -0.03421890138572806, -0.054979920694872994], [0.27130856037224416, -0.475633979742239, -0.4061589355462255, 0.05196972898449655, 0.4242346296116556, -0.38435878853180483, 0.2250845842233219, 0.23738699456036727, -0.6502365178532908, -0.45040206468473026, 0.6019870836295229, -0.0202881179643878], [0.23713089159161044, -0.4032841710780089, -0.2519355257636847, -0.5497989677434794, -0.32852018137650485, 0.36168160711214487, 0.21211194291299726, 0.6065693674414541, 0.2953232454428084, 0.49261496222590695, 0.03209433463314144, 0.03552986768349743]], "inverted": false, "swapped": false, "error_lsq": 0.05131804118067577, "error_max": 0.28036539445478753, "target": "103.xyz", "model": "27.xyz", "model_rescale": 4.103607728864725, "target_rescale": 3.870766805748915},
{"mapping": [2, 4, 7, 1, 5, 12, 9, 10, 13, 11, 0, 14], "R": [[-0.48958465928316935, 0.48110536471065907, 0.7272169479881548], [-0.8108372537706268, 0.05554849231722456, -0.5826296532952914], [-0.32070205688815145, -0.8749011332990185, 0.36290246301148443]], "T": [0.12931411911401103, -0.08121475550236984, 0.21285058238737622], "aligned_model": [[-0.5559676342102886, -0.46893301026390666, 0.5283419138249765, -0.07333033758754387, 0.619933663911586, -0.6451539311491536, 0.5822998030427318, 0.23876936232365098, -0.14962039902674407, 0.5296916306071812, -0.04457413518436237, 0.05857458696023157], [0.02523577814304262, -0.5161188265160166, -0.23935786866349867, 0.20511802235733528, 0.2802912474308297, -0.18294830137072948, 0.5740036419697829, 0.044893429548468006, -0.6625206106791142, -0.6290105172627287, 0.5339963631357063, -0.00868918103414637], [-0.03286858389694472, -0.31114188734988546, -0.3666740679694429, -0.6116550856138482, -0.19180517561904395, 0.5694219523701025, 0.40157458145120634, 0.6944017756190558, 0.27728326260882685, 0.3209194731340287, -0.1049070225614245, 0.09496815090925215]], "inverted": false, "swapped": false, "error_lsq": 0.05264298858899566, "error_max": 0.28738939783104245, "target": "103.xyz", "model": "28.xyz", "model_rescale": 4.137296879288765, "target_rescale": 3.870766805748915},
{"mapping": [10, 6, 9, 8, 1, 2, 3, 7, 5, 0, 11], "R": [[0.2746459957975548, 0.5361099320426954, -0.7982203441140462], [-0.652677805832018, -0.5056678413198281, -0.5641912052037393], [-0.7061028669865831, 0.6759335581402376, 0.21102740630829464]], "T": [0.14228175111292696, 0.002560118136249117, 0.022715608689636093], "aligned_model": [[0.4157741638531825, 0.15917168998428793, -0.2130994687639835, -0.5074284522904379, -0.056068231495444404, 0.3834272765393326, 0.6790033148114466, -0.3483526059268656, -0.5514815307988375, 0.14038692223635163, 0.12008593256086558], [-0.33094390499970644, -0.8158009576024083, -0.40511186168656416, 0.09496486643318194, 0.7439738335745256, 0.05500787978595705, 0.3321024342184032, -0.3808654870745543, 0.2854863429584234, 0.30126962700865284, 0.039065044032040926], [0.44629074853286466, -0.1431605637584785, -0.6739044252930718, -0.2754192393106696, -0.15529958158531584, -0.570167225198541, -0.006795605301109401, 0.08249430421886374, 0.4200186736544907, 0.6810876040518157, 0.0006093317721499562]], "inverted": false, "swapped": true, "error_lsq": 0.04903188978408571, "error_max": 0.30877215544701875, "target": "103.xyz", "model": "29.xyz", "model_rescale": 3.607286011436655, "target_rescale": 3.870766805748915},
