[{"mapping": [6, 0, 5, 9, 8, 3, 2, 4, 1, 11, 10, 12], "R": [[-0.2819325166812506, -0.3811857369376484, 0.8804609531336856], [-0.8256392083267219, -0.37104982098864203, -0.4250199148486111], [0.4887064085024876, -0.8467700185408069, -0.21011088022518282]], "T": [-0.0630095470743376, -0.03389490906219755, -0.017836714067419712], "aligned_model": [[-0.32606066847278997, 0.23670654828676685, 0.3417415153965225, 0.029524362001268692, -0.04068356619793768, -0.5178280664762416, 0.42627956171057596, -0.2658879077088517, 0.6257104320406953, -0.023250779028503102, -0.5997671642731769, -0.048841804817779416], [-0.34178636345345376, -0.6730904883588795, -0.2259040408174424, 0.7302509428093805, 0.2927236861673883, -0.582949443016996, -0.2900734018330706, -0.36469295449220895, 0.1507579000249377, 0.33223835688075815, 0.0628528960797256, -0.036772054013081465], [-0.5517438579348058, -0.08406805842505244, -0.6767321125116305, -0.04356023046841071, -0.6690419029333113, 0.09224399245448292, 0.49548548336035814, 0.67634386618044, 0.03840127795000524, 0.5910674716465617, 0.2805887458902198, 0.03296707014470543]], "inverted": true, "swapped": true, "error_lsq": 0.040682725314367375, "error_max": 0.21987798470033953, "target": "1030.xyz", "model": "0.xyz", "model_rescale": 3.751011558992144, "target_rescale": 3.804539944064987},
{"mapping": [6, 10, 11, 7, 12, 4, 1, 2, 8, 5, 3, 9, 14], "R": [[-0.9765224616816673, -0.04877652152520813, 0.20982071580060335], [0.13637816046009565, 0.6139851852289949, 0.7774465831610795], [-0.16674795105396967, 0.7878090144617653, -0.5929182722366424]], "T": [0.03281778032969421, -0.031001724386704746, 0.034853509887925335], "aligned_model": [[-0.47294305884193444, 0.32664001874435933, -0.4409806813556876, -0.5991234887133887, -0.5343171084842021, 0.39617095670882685, -0.1764596135423009, 0.42540320739835624, 0.5956245831009704, 0.561079935519991, -0.29241926392858275, 0.17223126199461045, 0.005658722685877193], [-0.15185065505091394, 0.3554132161046461, 0.47233761303820937, -0.23075312842245338, 0.37221110768772725, -0.36938914694594366, -0.6658340600980671, -0.20501495245426743, -0.38266172684922944, 0.24638081967743614, -0.04859881023623937, 0.6127297944296164, 0.01623242697361934], [-0.5067434387628845, -0.6260592938214008, -0.3637634968138588, 0.055508602800069515, 0.295146679252349, -0.5808106772942739, -0.16231755133871179, 0.741489329033071, 0.03626686133171539, 0.21947221597652283, 0.7257349013904891, 0.015794807235534933, 0.0407808175851272]], "inverted": false, "swapped": false, "error_lsq": 0.04581289059155529, "error_max": 0.28549379574695266, "target": "1030.xyz", "model": "1.xyz", "model_rescale": 3.9405287249114394, "target_rescale": 3.804539944064987},
{"mapping": [0, 2, 1, 6, 7, 5, 11, 10, 9, 8, 3, 4, 12], "R": [[-0.44630790504250034, -0.7726348387722469, -0.4514915943979013], [0.6457095643083647, 0.07126438338030486, -0.7602503181335261], [0.6195711520538033, -0.6308381675016259, 0.4670918474624816]], "T": [-0.04811023694322605, 0.03624743525219964, -0.01472712855195495], "aligned_model": [[-0.5111060341141505, 0.2256823747163517, -0.35597474516625005, -0.5109900435276191, -0.6673397034606302, 0.21017664170880576, -0.004630079423387078, 0.36314942628782665, 0.6539644484552043, 0.6144360432205549, -0.137993986047549, 0.08905658524112531, -0.0018654566033871126], [-0.22831213194185201, 0.1871348567536339, 0.6171790922366875, -0.2445883098951756, 0.34092858669521386, -0.37162986107143847, -0.6748951291829962, -0.32965395929190855, -0.33799265393597583, 0.21288801407621366, 0.08627091259306513, 0.6793572568175084, 0.08451582400116478], [-0.6616993964924252, -0.6200701877794372, -0.4562746195969377, 0.032487935710811225, 0.3759570366097155, -0.5578664107224299, -0.014593010073948271, 0.6243884933679985, 0.11724483383847469, 0.3465488084596545, 0.5476057283313776, 0.228769775290566, -0.07199923036967056]], "inverted": false, "swapped": false, "error_lsq": 0.04012064668138988, "error_max": 0.23713014512819697, "target": "1030.xyz", "model": "2.xyz", "model_rescale": 3.932901565614263, "target_rescale": 3.804539944064987},
{"mapping": [8, 7, 9, 10, 12, 3, 1, 2, 0, 4, 6, 5, 13], "R": [[0.6658183542216602, 0.15623362640209135, 0.7295731444912231], [0.4856417354017992, 0.6515899171925423, -0.5827372346512144], [-0.5664256562140245, 0.7423083145124184, 0.3579669568385384]], "T": [-0.0394460314676289, -0.09203027009554782, -0.12352342075522685], "aligned_model": [[-0.27370937221777736, 0.3263607151038571, -0.3331383795602152, -0.6250449305026561, -0.5823478407038939, 0.11923912940925271, 0.009006151375490407, 0.41108700320433744, 0.5484404071048817, 0.680024393126735, -0.14738744952776528, -0.058738567754996, -0.1072257877703557], [-0.03568463734694727, 0.4114400863359878, 0.5257758614977559, -0.2659116579642939, 0.3269846492112928, -0.3858224959720456, -0.7389257014944641, -0.2601768288852416, -0.408232547177577, 0.23483779702353547, 0.08219531377525366, 0.563721634209515, -0.028998975358630802], [-0.8168722380057131, -0.47344565740878564, -0.39157813126490204, 0.2506217819442532, 0.21235443365885462, -0.509775444456372, 0.2341738083717265, 0.5568783521809937, -0.06559256150321849, 0.24896279290860138, 0.5281562220707583, 0.1704441347650227, -0.05382773668747029]], "inverted": true, "swapped": false, "error_lsq": 0.04222386400278751, "error_max": 0.3329536024378976, "target": "1030.xyz", "model": "3.xyz", "model_rescale": 3.9243930471874484, "target_rescale": 3.804539944064987},
{"mapping": [1, 8, 7, 0, 2, 9, 5, 6, 11, 10, 3, 4, 12], "R": [[0.16909333361439915, -0.3662970355021315, -0.9150048777517636], [-0.9250889830551452, -0.3792684054768981, -0.019127206722595047], [-0.34002620186857235, 0.8496952149973318, -0.4029891110854876]], "T": [0.11098070503425368, 0.009134541360507857, -0.03507993135117683], "aligned_model": [[-0.39855685627384224, 0.3646678867787103, -0.42139867891624644, -0.6665474709265677, -0.6877380838970583, 0.41903835617540924, -0.21478438635677516, 0.2525642131156424, 0.7191206480601099, 0.6949008108050413, -0.0926585744064203, -0.03455028296451555, 0.03250789009340757], [-0.23676571924397707, 0.41922923191592865, 0.47507038126636786, -0.2271328671148335, 0.40669735375213306, -0.20616412245835722, -0.6598310357459163, -0.40894966361011714, -0.4957081572002381, 0.3024479710138868, 0.1543649548343593, 0.5768305908406633, -0.07888642039575917], [-0.4710441907043142, -0.43980394535706224, -0.4124322117840416, 0.21581845573007952, 0.19988090948179627, -0.632101171097369, 0.1062893073556465, 0.5364760348762422, -0.07294470117657166, 0.229745032692089, 0.5897340739622214, 0.05930860808451592, -0.018426445489483443]], "inverted": true, "swapped": false, "error_lsq": 0.043465085434000295, "error_max": 0.30874547403531405, "target": "1030.xyz", "model": "4.xyz", "model_rescale": 3.8936222436046832, "target_rescale": 3.804539944064987},
{"mapping": [5, 0, 1, 8, 2, 4, 3, 10, 7, 6, 9, 12], "R": [[0.6664798060775674, -0.5713355265954809, 0.47893672248082336], [0.3765847385407054, 0.8124337969801234, 0.4451238706502818], [-0.6434194609965084, -0.1163058105785128, 0.7566269593641495]], "T": [-0.09473471156867118, 0.030936525166184437, -0.018052823432165577], "aligned_model": [[0.0855285155204636, -0.5294661089952418, -0.34555254596224316, 0.5337788963186245, -0.8183687002655586, -0.6744453615446863, -0.26488385894278726, -0.011476633883228213, 0.6596860867815622, 0.23569646356741442, 0.2957560629244576, -0.13870477330367967], [-0.5069232016070497, -0.5138108198361109, 0.22903741435820818, -0.09577336146717931, 0.14398394480645016, 0.17564771988997058, -0.3542905657011635, 0.2739215708211728, 0.1686427696856429, -0.541129222845154, 0.6302953576650756, 0.05932129933994436], [-0.5775581036704147, -0.14861414845163096, -0.6579286183592608, -0.3646961610395087, -0.1972316777126998, 0.5067975233270987, 0.5676842207313091, 0.5481211716080978, 0.16281173600782778, 0.09422316188611118, -0.3034105839691922, -0.010913801082219116]], "inverted": false, "swapped": true, "error_lsq": 0.04684490157687372, "error_max": 0.3489301993452639, "target": "1030.xyz", "model": "5.xyz", "model_rescale": 3.6523030999806103, "target_rescale": 3.804539944064987},
{"mapping": [10, 8, 9, 4, 11, 6, 2, 0, 1, 5, 3, 7, 12], "R": [[-0.7009654114257143, -0.45617155954661026, 0.5482289669887873], [-0.13412133764626327, -0.6706639365565884, -0.7295350238270935], [0.7004705266981305, -0.584908020515392, 0.40892988245420464]], "T": [0.013215963436673021, 0.007802438246281739, -0.08819967758018846], "aligned_model": [[-0.5348470672730619, 0.43480756104254403, -0.24382758292866902, -0.4737584010221994, -0.7281453880983736, 0.1597132759221615, -0.14167501738709154, 0.5364253649317704, 0.4763735529616153, 0.5837318475569887, -0.060956284436103327, -0.08982626528603982, 0.04854987530335405], [-0.13848561574330853, 0.2809133923566126, 0.5629666981036099, -0.25357383347577583, 0.40621601821193865, -0.3305136100741591, -0.728107950997702, -0.0932143294231303, -0.47997010162682835, 0.3275500713462427, -0.08941436363020533, 0.5114888089567039, 0.04534731385014226], [-0.6238299243887423, -0.5369468605680764, -0.47340629100944287, 0.06565094759719556, 0.1691307887273534, -0.6236483221349018, 0.015029762364716676, 0.7503772511123813, 0.0848259349880752, 0.10200181316089849, 0.595677558498325, 0.36180076548359674, 0.003836332742369747]], "inverted": false, "swapped": false, "error_lsq": 0.04977883118956616, "error_max": 0.3272203382317801, "target": "1030.xyz", "model": "6.xyz", "model_rescale": 4.08911054899281, "target_rescale": 3.804539944064987},
{"mapping": [1, 7, 6, 9, 3, 13, 11, 10, 12, 5, 8, 4, 14], "R": [[0.25256002597065874, 0.9486766644066295, 0.19033134185417758], [-0.17690215505214887, 0.2386659924875635, -0.9548529580871771], [-0.9512723378820631, 0.2074876633446864, 0.22810043564218896]], "T": [-0.016938859817640987, 0.015257255542488614, -0.0732857266923384], "aligned_model": [[-0.4942595522069085, 0.4395652742397844, -0.16554502274771107, -0.6972180644745005, -0.5941824732792865, 0.27870538089264063, 0.006441948789518839, 0.32967026175786784, 0.5920058731409223, 0.6191765742581433, -0.24895168811384788, 0.042670262106818985, -0.14151330307654664], [-0.3529305675298577, 0.40084215037764154, 0.44215549744083593, -0.28817098517204065, 0.5148215942206817, -0.3973155649819198, -0.5567118229837179, -0.2537221151039839, -0.35501666765796763, 0.36491835154471347, 0.030555091415643824, 0.5606514383862471, -0.08887390210213578], [-0.49107603583518117, -0.565441422586326, -0.2849861420362322, 0.17106814447836116, 0.13570403024453961, -0.6008012933356355, 0.056467014919984765, 0.4983672392837553, -0.08252975238268467, 0.15822129708108323, 0.5678733775934675, 0.3692540202297192, -0.041620721081102346]], "inverted": false, "swapped": false, "error_lsq": 0.040607824695803006, "error_max": 0.23206925869724773, "target": "1030.xyz", "model": "7.xyz", "model_rescale": 3.964800864290218, "target_rescale": 3.804539944064987},
{"mapping": [0, 7, 1, 3, 5, 2, 6, 11, 4, 12, 10, 8, 13], "R": [[-0.757303175284423, -0.6052452821295154, -0.24529584008721797], [-0.48809919840828797, 0.7741085883162602, -0.4031315740650858], [0.4338790997701059, -0.1855641181774383, -0.8816546289946605]], "T": [-0.004111437544529635, -0.022287386120791564, -0.018465684558549165], "aligned_model": [[-0.3973662750008515, 0.3457713956050101, -0.23544847005334252, -0.6406704259587003, -0.6317996190345025, 0.2484611491290034, -0.036136910844312066, 0.44147512510025405, 0.492736942331326, 0.7024732808324342, -0.2973380546015694, -0.01125420234855291, -0.014338463869301203], [-0.34353393993915715, 0.46416780095946975, 0.42033468734895696, -0.36705738919395187, 0.42882442240078056, -0.21200686411680902, -0.5835993576809522, -0.3758425909767703, -0.5157626370225464, 0.22058506764434624, 0.12758038705369745, 0.7156258929117294, 0.041887018465347314], [-0.5237484341154375, -0.40290881298156095, -0.5785449366646701, 0.024996884998115, 0.3002448518198203, -0.6005501594280059, 0.1243946067113097, 0.5845141300317349, -0.08714799069360643, 0.09300603493486059, 0.7343236715167317, 0.19715100066248872, 0.024768909781969117]], "inverted": true, "swapped": false, "error_lsq": 0.04424525338585065, "error_max": 0.2655931199192925, "target": "1030.xyz", "model": "8.xyz", "model_rescale": 4.121658175737393, "target_rescale": 3.804539944064987},
{"mapping": [6, 7, 9, 1, 4, 8, 2, 3, 11, 10, 0, 5, 12], "R": [[-0.3832701372516153, -0.7834088130664981, -0.4892592702247637], [0.6801061559618392, 0.11904138235687015, -0.7233842449966517], [0.6249476926223012, -0.6099998204067816, 0.4871761494467435]], "T": [0.04727483852595903, 0.004550829933803055, -0.04543742725037837], "aligned_model": [[-0.3939500495371717, 0.3866185788251645, -0.3548786464926663, -0.5575745587241621, -0.7063941567580023, 0.1584387574031359, -0.07464027832401596, 0.48243378792770253, 0.657909423590179, 0.5547974621145335, -0.25059231168302665, 0.09651257357604567, -0.03211511063082043], [-0.1567344456145403, 0.3199870104400371, 0.5272171776453296, -0.24182914164840258, 0.42278712317705724, -0.4935421288188746, -0.6454781100748925, -0.4460289289293978, -0.13132541466720865, 0.24029037883742477, 0.0714766622624912, 0.5766758251688362, -0.022293509923718906], [-0.5548387505102867, -0.535903279538373, -0.5536522248431037, 0.17453037030837198, 0.1671404791287447, -0.5651482365551023, 0.16656618661861722, 0.4344568956253694, -0.15358142491126447, 0.46771798997119984, 0.6795593568223289, 0.18252428346049338, -0.018871889003246056]], "inverted": true, "swapped": false, "error_lsq": 0.043759897945538445, "error_max": 0.32689385470875437, "target": "1030.xyz", "model": "9.xyz", "model_rescale": 3.833441315466971, "target_rescale": 3.804539944064987},
{"mapping": [4, 7, 6, 5, 1, 3, 2, 8, 9, 11, 0, 12, 14], "R": [[-0.4710168714625454, -0.7727576975330308, -0.4254276057111068], [-0.7248996901688538, 0.06426379538043109, 0.6858502779735542], [-0.5026564890566276, 0.6314393917920793, -0.5904411473656906]], "T": [-0.012867367832887514, 0.06964162570484843, 0.08414737343542986], "aligned_model": [[-0.42641599100218947, 0.519845765071935, -0.32856940331575224, -0.5710514038787551, -0.6502086706971762, 0.159299601577982, -0.018096311169348914, 0.617370749082691, 0.5276770523439563, 0.571461500897629, -0.4155552232481148, -0.05462882867403984, 0.03543663429807829], [-0.048135088501635295, 0.12038214213173391, 0.48621895301584045, -0.31217341084992334, 0.41276887143772945, -0.42433398052077975, -0.6484165582555226, -0.21665449554480704, -0.5169467249127568, 0.41367742261034157, 0.08937777760613842, 0.6625937324671632, 0.0028438571706184274], [-0.5874319308583651, -0.31278598974443417, -0.34947126454882704, 0.07503357997526572, 0.23135025999966552, -0.6091552191210468, 0.05228269821736711, 0.44246819242429103, -0.06294430976967721, 0.1585531840908318, 0.6330334609917465, 0.18255386095184295, 0.037013233965088356]], "inverted": true, "swapped": false, "error_lsq": 0.04781841198804275, "error_max": 0.385130370922351, "target": "1030.xyz", "model": "10.xyz", "model_rescale": 4.2482417240324, "target_rescale": 3.804539944064987},
{"mapping": [7, 10, 3, 4, 5, 0, 6, 2, 11, 1, 9, 12], "R": [[-0.8477063597746844, 0.485680355621266, -0.213327259770416], [0.16467142452282474, -0.14134857061450862, -0.9761679689125531], [-0.5042591095291958, -0.8626326992114526, 0.039844406232074026]], "T": [-0.07416697446447067, 0.06187038006690075, -0.030463861765341552], "aligned_model": [[-0.7302806331424899, 0.02786153006075648, 0.2859641314488553, 0.6425175394975904, -0.4171612579541933, 0.30441357201661423, -0.3383132876933079, 0.5484999087629296, 0.18306921810624432, -0.05070083913117161, -0.5482547305346644, -0.03084954907415647], [-0.364000609536725, -0.5484628110919186, -0.18831306924785357, -0.2826973399732456, 0.7373858005803449, 0.5558931917349083, 0.15614942160424586, 0.35561490496401904, -0.27235320089787024, 0.5646947060386647, -0.10208545517136612, 0.05430585104743586], [0.06427001145143003, 0.0296211830122223, 0.5423819787871053, -0.019973493772783492, 0.2162503726873245, 0.3092500601808552, 0.5781312959242255, -0.33792286249684655, -0.6036329246127635, -0.5386091352705609, -0.6148459201766476, -0.059728275859204365]], "inverted": false, "swapped": true, "error_lsq": 0.045963983749863956, "error_max": 0.2489252156040584, "target": "1030.xyz", "model": "11.xyz", "model_rescale": 3.6694154284099745, "target_rescale": 3.804539944064987},
{"mapping": [2, 4, 8, 10, 9, 1, 12, 5, 0, 6, 7, 11, 13], "R": [[0.259102780219115, -0.7554439637485099, -0.6018057551392022], [0.8506849075851671, -0.11657176844101297, 0.5125877591294496], [-0.4573848896602739, -0.6447599866915403, 0.612440709189048]], "T": [0.011256255245348307, 0.001437294069505024, 0.002196892150318281], "aligned_model": [[-0.36200940126922276, 0.4866541374520207, -0.46491886136642974, -0.5662784422756366, -0.5797131847530256, 0.19967661136459117, -0.10198359168598113, 0.3670196777748601, 0.6615863292464186, 0.42782430944768446, -0.2527489211115678, 0.040921395764875176, 0.11053541269830845], [-0.21301089865514236, 0.3287223668597631, 0.422481282744817, -0.2154776724563208, 0.47827068066729894, -0.39501927306227874, -0.6678066425145684, -0.3688772662466092, -0.27749279236349944, 0.23137916301453657, 0.0017142191702702923, 0.7377369875427681, -0.04141765684689442], [-0.48871888035673383, -0.46100930866350787, -0.40838448739730965, 0.1536246233123703, 0.2631016818797827, -0.7215388703207242, 0.034720586265695005, 0.6193438001751846, -0.09783643308531285, 0.30789711553560706, 0.6967949835951381, 0.04704541203904815, -0.05454046640548904]], "inverted": false, "swapped": false, "error_lsq": 0.04538809824566343, "error_max": 0.260094997537542, "target": "1030.xyz", "model": "12.xyz", "model_rescale": 3.9764082729961374, "target_rescale": 3.804539944064987},
{"mapping": [3, 4, 7, 8, 2, 14, 11, 12, 13, 5, 1, 0, 15], "R": [[-0.997752320467393, -0.05318242318669011, -0.04076685989777383], [-0.03177503100121842, -0.16013392454439512, 0.9865837387748095], [-0.058997071171410884, 0.9856615829350366, 0.15808412165424363]], "T": [0.10838620378559374, -0.012602305629175978, 0.057118966761568635], "aligned_model": [[-0.40159961040534276, 0.29931770104336225, -0.3248513121216976, -0.5576260869885368, -0.5581547263573824, 0.2379581847972239, -0.1947542148731187, 0.3551206666639044, 0.46930158230122143, 0.7610483477167631, -0.20029805636734885, -0.015012519543298852, 0.09611551542114595], [-0.2244713499663339, 0.4988430668028204, 0.47838887815082803, -0.24910879340021483, 0.3557612976375628, -0.5481203826170702, -0.7256011190916304, -0.2488020071241539, -0.5066873889685759, 0.5065610548035603, -0.022978810998023853, 0.6993985790696754, 0.008019473555696361], [-0.578073464466385, -0.4096063444783845, -0.32006349728438893, 0.04507129360234868, 0.2943761228993771, -0.52187976426552, -0.1169019438381727, 0.5961415458712966, 0.06714723477346386, 0.14270773295244507, 0.6120324140046107, 0.12737157362504037, -0.047823146821982174]], "inverted": true, "swapped": false, "error_lsq": 0.0417137433235704, "error_max": 0.2476584588998467, "target": "1030.xyz", "model": "13.xyz", "model_rescale": 4.170626492500431, "target_rescale": 3.804539944064987},
{"mapping": [4, 12, 5, 2, 6, 8, 0, 1, 7, 9, 3, 11, 13], "R": [[0.4904723282566785, -0.4887054340588182, 0.7215288586992586], [-0.5936374494335996, 0.41877806641716875, 0.6871822972966255], [-0.6379901831881455, -0.7653704526628131, -0.08471479414055838]], "T": [-0.0001417094717480966, -0.05734566563538925, -0.003203598211603098], "aligned_model": [[-0.38476896855521164, 0.11511387629387246, -0.32132661600362394, -0.5569572527705435, -0.6393389817089751, 0.2777483903567303, 0.020508330855878977, 0.3942407151282812, 0.631047965438201, 0.6057544870049766, -0.21916523609353059, 0.0706270194792896, -0.026918258138449773], [-0.24595560567583477, 0.292518975688878, 0.7026294489045931, -0.3778453444794735, 0.47658453816752466, -0.3424017193131432, -0.6344587640770468, -0.3599580929095154, -0.5583035077078401, 0.28068841250940113, 0.12603812700446862, 0.6208477953232442, 0.04081823441888469], [-0.5684922790472469, -0.6356725728554494, -0.38595405144749073, 0.13881250593877248, 0.11441719783039907, -0.6301616761433794, 0.1463706441211578, 0.5830580259129937, -0.09304032590130668, 0.4150417837972343, 0.6243891708776069, 0.18308936367034945, -0.0013580301798918875]], "inverted": false, "swapped": false, "error_lsq": 0.03962185420268161, "error_max": 0.25169282305754775, "target": "1030.xyz", "model": "14.xyz", "model_rescale": 3.9786697098870705, "target_rescale": 3.804539944064987},
{"mapping": [10, 7, 3, 4, 6, 0, 9, 1, 2, 11, 8, 12], "R": [[0.8730244233792916, -0.2676306497966651, 0.40767902996434613], [-0.11175984662649888, 0.7039190175080352, 0.7014326435749506], [-0.47469789641968807, -0.6579299750580886, 0.5846281339918444]], "T": [0.022450454353095763, 0.06051293774272916, -0.020484580789627695], "aligned_model": [[-0.00036148244757896325, -0.6793151654854972, 0.4235985005783059, 0.6358032742621818, -0.09241181665670317, 0.5572578591833576, -0.5795923712231348, 0.05557210707526437, 0.6225369423995114, 0.08562384299680542, -0.6019749162030558, 0.05661782228788033], [-0.42721222767345013, -0.043466031254024415, 0.05591149027431412, -0.41623491207228, 0.5302351121940887, 0.5260206690731273, -0.24060985057090017, 0.19163515567544037, -0.04319453648322351, -0.5812848738731893, 0.4361673422160064, 0.026707152718529352], [-0.4053617184983341, -0.3633243807595357, -0.6200657683585129, -0.19072987462665836, -0.4844001075355366, -0.012063820925259452, 0.3536980071107152, 0.681871811199149, 0.4241184974270739, 0.2803531286466616, -0.005548745247434667, 0.0014194654415023225]], "inverted": true, "swapped": true, "error_lsq": 0.055886911247136135, "error_max": 0.31992859509279564, "target": "1030.xyz", "model": "15.xyz", "model_rescale": 3.769337070930944, "target_rescale": 3.804539944064987},
{"mapping": [1, 5, 11, 9, 2, 0, 4, 6, 10, 7, 12], "R": [[0.9982389630351836, 0.03990045698405253, 0.0438967676589684], [0.05822877844830316, -0.8004151900854136, -0.5966112074382696], [0.011330579811294119, 0.5981166082069574, -0.8013289842181829]], "T": [-0.004824450364719198, 0.01664048621893007, 0.03682179717852519], "aligned_model": [[-0.3158618240886234, -0.23767298849662, -0.05823270906804774, -0.6955082031268964, 0.3169958813501994, 0.43659222208067305, 0.6400219923409961, 0.08960282724905816, 0.18343185048905336, -0.4533301769028438, 0.01658725886422208], [-0.006760013453606252, -0.7235307500071908, 0.6975634684602959, 0.3573309293414055, 0.19901427383160283, -0.43053883669009085, 0.47568536026084857, -0.5198190841964281, 0.4404178080783802, 0.052611362507813696, 0.054089979492311514], [-0.6068417407387203, -0.1441814478006221, -0.16290322780429362, 0.04221458799139669, -0.6202188455466273, -0.29176501301965374, -0.04014912598693348, 0.42713512897875494, 0.4509461495633734, 0.6836405113063694, 0.006340630280732919]], "inverted": true, "swapped": true, "error_lsq": 0.031657028624558436, "error_max": 0.20141884812713032, "target": "1030.xyz", "model": "16.xyz", "model_rescale": 3.7852294659196426, "target_rescale": 3.804539944064987},
{"mapping": [10, 11, 6, 4, 5, 9, 0, 3, 8, 2, 1, 7, 12], "R": [[0.9054963970448189, -0.36894562505384465, 0.20965543325294497], [-0.14202625812511765, 0.20207683718629282, 0.9690167665607041], [-0.39988100347707145, -0.9072177674772539, 0.13057988142037036]], "T": [0.03090403219764197, -0.020706382389106322, 0.04718352849010446], "aligned_model": [[-0.428063107964557, 0.45347299931558493, -0.4104791025928463, -0.5982690960634003, -0.5298704786723167, 0.23684075797539417, -0.06858217105007947, 0.3291110147916943, 0.5859492826046785, 0.4609886408813514, -0.10754571062848876, 0.012074546181419635, 0.030937896508460856], [-0.09352236727889612, 0.34738765917833125, 0.5651883702225255, -0.3013368480469615, 0.2649891043677893, -0.49036343586103776, -0.6956868468208159, -0.4230801237264646, -0.28998390301279786, 0.30455678462036734, 0.18472341165133033, 0.679879048431762, -0.031548355870991335], [-0.6110733149038724, -0.42597006076469346, -0.4521174860158359, 0.21203012842005153, 0.23723364652659004, -0.648714526264932, 0.06302725714304923, 0.6649726016994674, -0.16167120126198203, 0.33583231610338515, 0.6897443603799355, 0.031292972982987735, -0.04408693747040196]], "inverted": false, "swapped": false, "error_lsq": 0.043206618325553996, "error_max": 0.2305492245835102, "target": "1030.xyz", "model": "17.xyz", "model_rescale": 3.901054581598922, "target_rescale": 3.804539944064987},
{"mapping": [6, 10, 11, 7, 12, 4, 1, 2, 8, 5, 3, 9, 14], "R": [[-0.9765224616816673, -0.04877652152520813, 0.20982071580060335], [0.13637816046009565, 0.6139851852289949, 0.7774465831610795], [-0.16674795105396967, 0.7878090144617653, -0.5929182722366424]], "T": [0.03281778032969421, -0.031001724386704746, 0.034853509887925335], "aligned_model": [[-0.47294305884193444, 0.32664001874435933, -0.4409806813556876, -0.5991234887133887, -0.5343171084842021, 0.39617095670882685, -0.1764596135423009, 0.42540320739835624, 0.5956245831009704, 0.561079935519991, -0.29241926392858275, 0.17223126199461045, 0.005658722685877193], [-0.15185065505091394, 0.3554132161046461, 0.47233761303820937, -0.23075312842245338, 0.37221110768772725, -0.36938914694594366, -0.6658340600980671, -0.20501495245426743, -0.38266172684922944, 0.24638081967743614, -0.04859881023623937, 0.6127297944296164, 0.01623242697361934], [-0.5067434387628845, -0.6260592938214008, -0.3637634968138588, 0.055508602800069515, 0.295146679252349, -0.5808106772942739, -0.16231755133871179, 0.741489329033071, 0.03626686133171539, 0.21947221597652283, 0.7257349013904891, 0.015794807235534933, 0.0407808175851272]], "inverted": false, "swapped": false, "error_lsq": 0.04581289059155529, "error_max": 0.28549379574695266, "target": "1030.xyz", "model": "18.xyz", "model_rescale": 3.9405287249114394, "target_rescale": 3.804539944064987},
{"mapping": [12, 7, 13, 3, 14, 0, 1, 2, 6, 5, 10, 11, 15], "R": [[0.06123812002488465, 0.4055759192891425, -0.9120077117813123], [0.2221909867525504, 0.885256076787986, 0.4085986342560039], [0.9730781356405795, -0.22766170561319837, -0.03590389582682612]], "T": [-0.0001592282796181706, 0.038176147094185445, -0.1812526828812526], "aligned_model": [[-0.4717068678999879, 0.3418678952336495, -0.2912232415192669, -0.6025330294317965, -0.652343349724496, 0.3038478428404248, -0.028776963759858273, 0.3282310751741014, 0.5561108888698026, 0.7041064201940195, -0.22639796400348786, -0.001699029489822282, 0.0070817948036133735], [-0.13633170698222769, 0.4062471746183099, 0.6277936623181302, -0.4173506824142033, 0.33379719284410675, -0.4689744330956194, -0.6058859700379908, -0.22993799850029212, -0.4133857754619196, 0.182029732664576, 0.10096788575196752, 0.6097656845432253, 0.03246773160607796], [-0.3988047333048147, -0.6743720542508206, -0.3189580615341506, 0.21253622777708028, 0.11371007938049707, -0.5320407209870419, -0.040240490250117444, 0.5774303184722533, 0.03073515275141775, 0.23657345926092707, 0.5689321403196197, 0.25749124196653606, -0.14249280302763742]], "inverted": false, "swapped": false, "error_lsq": 0.032858857137950434, "error_max": 0.16799727581012366, "target": "1030.xyz", "model": "19.xyz", "model_rescale": 4.410303926677745, "target_rescale": 3.804539944064987},
{"mapping": [0, 7, 1, 3, 5, 2, 6, 11, 4, 12, 10, 8, 13], "R": [[-0.757303175284423, -0.6052452821295154, -0.24529584008721797], [-0.48809919840828797, 0.7741085883162602, -0.4031315740650858], [0.4338790997701059, -0.1855641181774383, -0.8816546289946605]], "T": [-0.004111437544529635, -0.022287386120791564, -0.018465684558549165], "aligned_model": [[-0.3973662750008515, 0.3457713956050101, -0.23544847005334252, -0.6406704259587003, -0.6317996190345025, 0.2484611491290034, -0.036136910844312066, 0.44147512510025405, 0.492736942331326, 0.7024732808324342, -0.2973380546015694, -0.01125420234855291, -0.014338463869301203], [-0.34353393993915715, 0.46416780095946975, 0.42033468734895696, -0.36705738919395187, 0.42882442240078056, -0.21200686411680902, -0.5835993576809522, -0.3758425909767703, -0.5157626370225464, 0.22058506764434624, 0.12758038705369745, 0.7156258929117294, 0.041887018465347314], [-0.5237484341154375, -0.40290881298156095, -0.5785449366646701, 0.024996884998115, 0.3002448518198203, -0.6005501594280059, 0.1243946067113097, 0.5845141300317349, -0.08714799069360643, 0.09300603493486059, 0.7343236715167317, 0.19715100066248872, 0.024768909781969117]], "inverted": true, "swapped": false, "error_lsq": 0.04424525338585065, "error_max": 0.2655931199192925, "target": "1030.xyz", "model": "20.xyz", "model_rescale": 4.121658175737393, "target_rescale": 3.804539944064987},
{"mapping": [10, 8, 9, 4, 11, 6, 2, 0, 1, 5, 3, 7, 12], "R": [[-0.7009654114257143, -0.45617155954661026, 0.5482289669887873], [-0.13412133764626327, -0.6706639365565884, -0.7295350238270935], [0.7004705266981305, -0.584908020515392, 0.40892988245420464]], "T": [0.013215963436673021, 0.007802438246281739, -0.08819967758018846], "aligned_model": [[-0.5348470672730619, 0.43480756104254403, -0.24382758292866902, -0.4737584010221994, -0.7281453880983736, 0.1597132759221615, -0.14167501738709154, 0.5364253649317704, 0.4763735529616153, 0.5837318475569887, -0.060956284436103327, -0.08982626528603982, 0.04854987530335405], [-0.13848561574330853, 0.2809133923566126, 0.5629666981036099, -0.25357383347577583, 0.40621601821193865, -0.3305136100741591, -0.728107950997702, -0.0932143294231303, -0.47997010162682835, 0.3275500713462427, -0.08941436363020533, 0.5114888089567039, 0.04534731385014226], [-0.6238299243887423, -0.5369468605680764, -0.47340629100944287, 0.06565094759719556, 0.1691307887273534, -0.6236483221349018, 0.015029762364716676, 0.7503772511123813, 0.0848259349880752, 0.10200181316089849, 0.595677558498325, 0.36180076548359674, 0.003836332742369747]], "inverted": false, "swapped": false, "error_lsq": 0.04977883118956616, "error_max": 0.3272203382317801, "target": "1030.xyz", "model": "21.xyz", "model_rescale": 4.08911054899281, "target_rescale": 3.804539944064987},
{"mapping": [9, 7, 12, 15, 3, 5, 11, 1, 8, 0, 2, 4, 16], "R": [[-0.5053407682908795, -0.10224389316433402, -0.8568412304585862], [0.7357535515906726, -0.5698823631033825, -0.3659245872381577], [-0.4508851508143678, -0.8153405905106804, 0.36321109873020124]], "T": [0.015531481910614701, 0.019136527793399225, -0.08348701517487209], "aligned_model": [[-0.36929925400319064, 0.3537727230332885, -0.34451299262179885, -0.4726495604596368, -0.5793877540929948, 0.10731714833295894, 0.009569140375696443, 0.32258745094633123, 0.5049443352946634, 0.5984047857383309, -0.2093465889468263, 0.012775021877863838, 0.03239101581220949], [-0.21462866801518535, 0.520440543196234, 0.4219606455657437, -0.3797205122877957, 0.6040475531058687, -0.46340746770279667, -0.7351918390722146, -0.3362516864518559, -0.4704666535625105, 0.4157531862091437, 0.06918393973308007, 0.5278647116833158, 0.06161874545311348], [-0.6355800775177454, -0.45776409830209386, -0.5865478589439888, 0.2827087648965756, 0.15781988152572943, -0.5899016059975906, 0.04630588017662299, 0.5563678358039613, -0.04442550203560712, 0.23750104711306722, 0.6007490107539213, 0.3934618528517898, -0.07019537375089349]], "inverted": false, "swapped": false, "error_lsq": 0.042549564799472736, "error_max": 0.2358035972680538, "target": "1030.xyz", "model": "22.xyz", "model_rescale": 4.204369325754507, "target_rescale": 3.804539944064987},
{"mapping": [12, 7, 13, 3, 14, 0, 1, 2, 6, 5, 10, 11, 15], "R": [[0.06123812002488465, 0.4055759192891425, -0.9120077117813123], [0.2221909867525504, 0.885256076787986, 0.4085986342560039], [0.9730781356405795, -0.22766170561319837, -0.03590389582682612]], "T": [-0.0001592282796181706, 0.038176147094185445, -0.1812526828812526], "aligned_model": [[-0.4717068678999879, 0.3418678952336495, -0.2912232415192669, -0.6025330294317965, -0.652343349724496, 0.3038478428404248, -0.028776963759858273, 0.3282310751741014, 0.5561108888698026, 0.7041064201940195, -0.22639796400348786, -0.001699029489822282, 0.0070817948036133735], [-0.13633170698222769, 0.4062471746183099, 0.6277936623181302, -0.4173506824142033, 0.33379719284410675, -0.4689744330956194, -0.6058859700379908, -0.22993799850029212, -0.4133857754619196, 0.182029732664576, 0.10096788575196752, 0.6097656845432253, 0.03246773160607796], [-0.3988047333048147, -0.6743720542508206, -0.3189580615341506, 0.21253622777708028, 0.11371007938049707, -0.5320407209870419, -0.040240490250117444, 0.5774303184722533, 0.03073515275141775, 0.23657345926092707, 0.5689321403196197, 0.25749124196653606, -0.14249280302763742]], "inverted": false, "swapped": false, "error_lsq": 0.032858857137950434, "error_max": 0.16799727581012366, "target": "1030.xyz", "model": "23.xyz", "model_rescale": 4.410303926677745, "target_rescale": 3.804539944064987},
{"mapping": [5, 14, 15, 4, 8, 12, 0, 1, 7, 11, 10, 9, 16], "R": [[0.610933462295199, 0.7440490116927672, -0.270465104675293], [0.4313756411509453, -0.026396276814142167, 0.9017861679976923], [0.6638338352853157, -0.6676034038030122, -0.337090988252461]], "T": [0.051888909028240476, -0.004373508719746076, -0.06130278650071613], "aligned_model": [[-0.40212483052205095, 0.340438787382048, -0.27622045646586324, -0.5937877541571072, -0.6092943927385032, 0.10804757063195833, 0.046005860005713856, 0.40291483776967385, 0.6134783593149045, 0.5010504211478148, -0.13347351892017487, -0.055243176981389364, 0.02477376481987038], [-0.192362721798034, 0.5295357428247116, 0.5031013079798609, -0.14964335903686957, 0.3826033977747675, -0.5623494841234052, -0.7591266002071678, -0.3927285198039927, -0.3572070156726262, 0.31425621045087737, 0.20334776938451474, 0.5899065486312404, -0.08813077854973589], [-0.4539013263524312, -0.3610191004241918, -0.44094438791645435, 0.12812448238585675, 0.23667738491882256, -0.6372236581340611, -0.08774085962538822, 0.6186211300423821, -0.015951905799759525, 0.25086787948580774, 0.5271499195032718, 0.10535228606090022, 0.02048791242899367]], "inverted": false, "swapped": false, "error_lsq": 0.04028425371738172, "error_max": 0.21740088930551582, "target": "1030.xyz", "model": "24.xyz", "model_rescale": 4.28219845311461, "target_rescale": 3.804539944064987},
{"mapping": [1, 4, 3, 8, 5, 0, 6, 14, 2, 13, 11, 9, 15], "R": [[-0.8025933578188214, -0.596185985221948, 0.020153734394508613], [-0.5888609676702796, 0.7864286583650633, -0.1864744648914378], [0.09532398826911816, -0.1615309144624071, -0.9822530737714223]], "T": [0.06587225821563215, 0.09633454611672022, 0.06480037415870657], "aligned_model": [[-0.40102682331115075, 0.3462255193472427, -0.23012543606183478, -0.5076810629634327, -0.7622688229036484, 0.15893772244706644, -0.037602137081694686, 0.33759473155446823, 0.5952806402821037, 0.6149903705049556, -0.12455692543342538, -0.10215936910202734, 0.07895706400827249], [0.053025432742249676, 0.1975664248475549, 0.5666058315579728, -0.2944300902327118, 0.25145648795156983, -0.43642441273641563, -0.7964920236845139, -0.3717850410430671, -0.32733790368805166, 0.281097098870085, 0.12794468603170717, 0.7187992264607365, 0.05117678077702494], [-0.3710975120656188, -0.6028842285746561, -0.4748991977622644, 0.08170137034190117, 0.18889797219394655, -0.5459867271826006, -0.0011609837399592926, 0.6006880251589928, -0.03011245248818603, 0.19613412759960416, 0.5739315913492289, 0.26772099367301383, 0.007566778070346662]], "inverted": true, "swapped": false, "error_lsq": 0.041705398328419754, "error_max": 0.29284023141488325, "target": "1030.xyz", "model": "25.xyz", "model_rescale": 4.100010024507729, "target_rescale": 3.804539944064987},
{"mapping": [7, 10, 3, 4, 5, 0, 6, 2, 11, 1, 9, 12], "R": [[-0.8477063597746844, 0.485680355621266, -0.213327259770416], [0.16467142452282474, -0.14134857061450862, -0.9761679689125531], [-0.5042591095291958, -0.8626326992114526, 0.039844406232074026]], "T": [-0.07416697446447067, 0.06187038006690075, -0.030463861765341552], "aligned_model": [[-0.7302806331424899, 0.02786153006075648, 0.2859641314488553, 0.6425175394975904, -0.4171612579541933, 0.30441357201661423, -0.3383132876933079, 0.5484999087629296, 0.18306921810624432, -0.05070083913117161, -0.5482547305346644, -0.03084954907415647], [-0.364000609536725, -0.5484628110919186, -0.18831306924785357, -0.2826973399732456, 0.7373858005803449, 0.5558931917349083, 0.15614942160424586, 0.35561490496401904, -0.27235320089787024, 0.5646947060386647, -0.10208545517136612, 0.05430585104743586], [0.06427001145143003, 0.0296211830122223, 0.5423819787871053, -0.019973493772783492, 0.2162503726873245, 0.3092500601808552, 0.5781312959242255, -0.33792286249684655, -0.6036329246127635, -0.5386091352705609, -0.6148459201766476, -0.059728275859204365]], "inverted": false, "swapped": true, "error_lsq": 0.045963983749863956, "error_max": 0.2489252156040584, "target": "1030.xyz", "model": "26.xyz", "model_rescale": 3.6694154284099745, "target_rescale": 3.804539944064987},
{"mapping": [9, 10, 11, 3, 12, 8, 7, 1, 5, 0, 6, 2, 13], "R": [[0.893136518760647, -0.18311550986113134, 0.41082340355000513], [0.43026839840761266, 0.6139721688215825, -0.6617456318286282], [-0.1310582473095851, 0.7677935177903109, 0.6271497826287747]], "T": [0.0766744311828944, -0.010139766663872946, -0.09573493724744575], "aligned_model": [[-0.448308352030266, 0.1120853364142101, -0.4036797343852269, -0.5661108749389814, -0.6069467980636659, 0.311503211086803, -0.051186795293521895, 0.2933286001232939, 0.6443206369880257, 0.6145081654921419, -0.1598330816989097, 0.14257993163527483, 0.08430522595771783], [-0.14503528421806328, 0.3038236894852475, 0.6670202711744738, -0.41772202426729776, 0.3280146988633653, -0.2808419834210005, -0.6240405612564026, -0.28937385490614465, -0.5020518947155994, 0.1708452645956565, 0.1372037935442599, 0.6299624662917109, 0.043397916683934355], [-0.5093287139703356, -0.6076565483230427, -0.3122750675266034, 0.17543839081828505, 0.12345992064128086, -0.6248218359717179, -0.04182903885913378, 0.7134226177070891, 0.15281836293545395, 0.2432527259972488, 0.5315963176889292, 0.12348012286175289, -0.07705749742545746]], "inverted": true, "swapped": false, "error_lsq": 0.04499826784532944, "error_max": 0.238451228679901, "target": "1030.xyz", "model": "27.xyz", "model_rescale": 4.103607728864725, "target_rescale": 3.804539944064987},
{"mapping": [1, 5, 7, 4, 8, 0, 2, 12, 3, 10, 13, 11, 14], "R": [[0.8118729985418751, 0.5819985369859748, -0.04625945508552487], [0.16924120616585409, -0.3104368401006819, -0.9354070677752179], [-0.5587661839930471, 0.7516027349966795, -0.3505334226166741]], "T": [0.17892254627947413, 0.14541640092088765, 0.03303509348922316], "aligned_model": [[-0.32853154061558265, 0.1514117009143681, -0.3112152813834145, -0.5840385801942739, -0.6191347445600619, 0.2712977359259954, -0.05409156884190622, 0.28133528396820556, 0.555387512673708, 0.6496709497454328, -0.16077440418565425, -0.0037313928134419527, 0.11897980065352087], [-0.2520092519415332, 0.40248447148297206, 0.5004890955713126, -0.29461457812580233, 0.33109448635124494, -0.29231340409425244, -0.5514547845374478, -0.47797089323934777, -0.5011620030878403, 0.25485573340363954, 0.12578505714772512, 0.7378694821690428, 0.038149086754427505], [-0.5893827984573788, -0.6512890774025066, -0.3590994968888434, 0.2472133932855341, 0.06317121691936857, -0.5233381473489966, 0.07039388447843505, 0.6145791844775292, -0.02813147510934562, 0.19488146955533392, 0.584481487203112, 0.3291737747058043, -0.06215365884429709]], "inverted": true, "swapped": false, "error_lsq": 0.038371492574368844, "error_max": 0.21674789402523484, "target": "1030.xyz", "model": "28.xyz", "model_rescale": 4.137296879288765, "target_rescale": 3.804539944064987},
