[{"mapping": [3, 4, 2, 11, 12, 10, 1, 0, 5, 8, 9, 14], "R": [[0.45587236814562815, -0.6971662571118812, -0.5532988287588431], [0.18466730790900102, -0.5340372000525765, 0.8250468194894437], [-0.8706769603882597, -0.47829225260777003, -0.11470898719998301]], "T": [-0.06592778736447526, 0.03810151558276757, 0.01813994991529281], "aligned_model": [[-0.2483747462813194, 0.14930605933151792, 0.37910940028684637, -0.18694249707205057, 0.015194545392441153, -0.6021263758414336, 0.38949916392194683, -0.1064697304189426, 0.651619730762813, 0.1441994411906356, -0.6842725253487557, -0.06310000346315008], [-0.34473516061621795, -0.6559467744969764, -0.24443923330916167, 0.789083168648715, 0.2793468463541749, -0.48396670646002843, -0.16573293468405476, -0.7042871875034769, -0.05905808859242502, 0.4994027959777429, 0.17327531758607012, -0.029387006927304754], [-0.5007099594959973, -0.033775878498393606, -0.5381200159042108, 0.02508416613296357, -0.6329589198385726, 0.08220086280740177, 0.46302562487969856, 0.5841954310685543, -0.01555258593515707, 0.4775059642845151, 0.22195705587618153, 0.049099999976578435]], "inverted": false, "swapped": true, "error_lsq": 0.04353796516747932, "error_max": 0.2487382641678802, "target": "1031.xyz", "model": "0.xyz", "model_rescale": 3.751011558992144, "target_rescale": 4.051953293347646},
{"mapping": [6, 1, 3, 12, 7, 0, 2, 4, 8, 10, 11, 5, 13, 9, 14], "R": [[0.04547912905578244, -0.8822006878411632, 0.46867216174305315], [-0.6902962451510934, -0.36688103961363133, -0.6236099716187379], [0.722096075844918, -0.29516139507835415, -0.6256652524351747]], "T": [-0.033268936483286035, -0.02929949417345329, -0.04102070197462812], "aligned_model": [[-0.5359294585230332, -0.3149114849425838, 0.6726451204285007, 0.34591395085891835, 0.014078484062083577, 0.3149746786930145, 0.591733463740675, -0.7300348784865135, -0.1466157991787687, -0.6436533293508141, -0.29204911186509847, 0.14398329123416476, 0.5829656937825285, 0.04466235989445867, -0.016742916467137523], [0.26336999025511093, -0.38380280578978176, 0.003761092001899391, 0.5622439844137286, 0.1606175191255, -0.44188481390920875, -0.5279156031649463, -0.3847691690215081, -0.6282024449340899, 0.2460117220993443, 0.719423267899254, -0.13880263708960103, 0.15349228846683788, 0.4139068700727003, 0.022766652297039024], [-0.5157866629882504, -0.5708229541274902, -0.33084518577277133, -0.28241613475043, -0.6745558419823072, -0.5739411997291907, 0.1699107502950126, 0.07616505755946218, 0.2214407169561677, 0.4323590348825731, -0.13682276515831301, 0.5477719240460338, 0.29712755391458756, 0.4403154103947682, -0.036568792552078025]], "inverted": true, "swapped": false, "error_lsq": 0.03904597757806365, "error_max": 0.2372730179517004, "target": "1031.xyz", "model": "1.xyz", "model_rescale": 3.9405287249114394, "target_rescale": 4.051953293347646},
{"mapping": [7, 0, 1, 3, 4, 8, 9, 10, 2, 6, 12, 11, 14], "R": [[-0.002500055436577952, 0.9344863476743933, -0.3559901905010677], [-0.9995017691148792, 0.008865713742173053, 0.03029212201329623], [0.03146368158751642, 0.35588855717768486, 0.9339985929384181]], "T": [-0.05544765232050507, -0.0715819984117316, 0.0766851562760058], "aligned_model": [[-0.2780104305671448, 0.323248319461217, -0.28099279377194175, 0.5409478006468441, 0.41798288273832707, -0.702667477418049, 0.03675555049756245, 0.5771164709548141, 0.1905812473364319, -0.6936998285599852, -0.020764401193819962, -0.5988050116062732, -0.01570904923405149], [0.5665083929655045, 0.558046986201786, 0.1276766261465468, -0.368881106829854, -0.1053246298164035, 0.14827006906322135, 0.3779361110926007, 0.3260747967599411, -0.7179342772289777, -0.5756847828015007, -0.7116378929766101, -0.13107581577873303, -0.0351418832255053], [-0.0490653634749153, -0.5006883329415075, -0.5202326308345409, 0.14726663947702104, -0.47598911874124716, 0.04946338081126048, 0.5579289853698342, 0.15349439081782204, -0.2534830356381678, 0.0174632461452478, 0.35567512851466365, 0.6057309871368566, 0.025556072946316573]], "inverted": false, "swapped": true, "error_lsq": 0.0438020728144308, "error_max": 0.2545878261345775, "target": "1031.xyz", "model": "2.xyz", "model_rescale": 3.932901565614263, "target_rescale": 4.051953293347646},
{"mapping": [1, 7, 0, 8, 4, 3, 10, 2, 6, 12, 9, 11, 13, 14], "R": [[-0.7282545483958274, 0.2670352784453812, 0.6311398203301603], [0.016473783244737916, -0.9138720595229113, 0.4056679347557036], [0.6851086973658959, 0.30582677922142487, 0.6611324027036152]], "T": [0.02586862950352707, -0.05083558139279747, 0.041885873676149446], "aligned_model": [[-0.2257531240053352, 0.4149037946551372, 0.12580975375731196, 0.15534174861529976, -0.3524373420413691, -0.13431067243085204, 0.3915591669972648, -0.6703697586285624, -0.4081060695177742, -0.26826844735762434, 0.683580941144633, 0.31680680574065545, 0.37064402659779916, 0.020409088526120125], [0.13957655965034044, 0.1567358009318188, -0.46795735209429506, 0.5912105679039882, -0.5530619140977183, -0.6388358369940197, -0.6831447482206917, -0.3064347983382369, 0.5894127164770009, -0.062491649576509455, -0.12234474025060804, 0.5210743997621397, -0.40651216856015243, -0.09373019824256756], [-0.5474486362302797, -0.4854399198915004, -0.7883096716323609, -0.1555550345277945, -0.3260505251719235, 0.32055114349265856, -0.13310985097200972, 0.23484615440416035, 0.3002282241099938, 0.6759658345452533, 0.10870308506894592, 0.4504690064769573, 0.5775880492512157, -0.018541495866218352]], "inverted": false, "swapped": true, "error_lsq": 0.04415964802316762, "error_max": 0.3642639731707737, "target": "1031.xyz", "model": "3.xyz", "model_rescale": 3.9243930471874484, "target_rescale": 4.051953293347646},
{"mapping": [2, 4, 3, 12, 13, 5, 6, 10, 9, 7, 11, 8, 14], "R": [[0.2844223485798773, 0.7733479520945998, 0.5666011583286745], [-0.9586450155103967, 0.22314373636846146, 0.1766539191656777], [0.010181447116103193, -0.5934136987891427, 0.8048332250994679]], "T": [-0.024860910244616452, -0.00881295526425449, -0.09169431184400745], "aligned_model": [[0.002808127486636308, -0.21930230845550042, 0.42020913386537456, 0.3866898058975813, 0.6979295414329438, -0.5310418857497562, -0.2738945044241943, 0.26322225994112625, 0.29755127133546627, -0.40900590373728635, 0.13824673354346598, -0.4409489071801912, -0.0552574776443136], [-0.6671806847665638, -0.08971579317039882, -0.19244548178541193, -0.5618780762026852, 0.09081888256038016, -0.5133837134784383, -0.6026939909466716, 0.48522079562524456, 0.5419493634884083, 0.5473728369921477, -0.03334350430489218, 0.10181059341418777, 0.021298326256280486], [-0.482972831381594, -0.7890974695989595, -0.5577927917777901, 0.02430077740503775, -0.09125856900319418, -0.2126851644650789, 0.40858588641519544, -0.5786303398291666, 0.09505374794272922, 0.03319251497563458, 0.6509094681408607, 0.4399095518700268, -0.15244446532273706]], "inverted": false, "swapped": true, "error_lsq": 0.042661670188971684, "error_max": 0.24026001786701132, "target": "1031.xyz", "model": "4.xyz", "model_rescale": 3.8936222436046832, "target_rescale": 4.051953293347646},
{"mapping": [6, 11, 12, 2, 13, 9, 7, 10, 4, 1, 3, 14], "R": [[-0.20118778651411284, 0.11132331532754683, 0.9732063470929666], [-0.14195623642554211, -0.9863465291492263, 0.08348024541872506], [0.9692120002855142, -0.12135750450531912, 0.2142439138057231]], "T": [-0.08340906838901496, -0.11087934331724235, 0.0037251433094622685], "aligned_model": [[-0.06528420814002092, -0.6995810990126259, -0.18969203192367556, 0.43688097214617827, -0.5419676877655829, -0.618649288495141, -0.16651427960273724, -0.09483374170294961, 0.5596998969828622, 0.3783409035244726, 0.06320506006701196, -0.03405645386269496], [-0.6659591454857174, -0.4727662273471217, 0.08637054755914865, 0.1191767284900996, 0.442069602977997, 0.049385722075378294, -0.4440251780142281, 0.4581130243994843, 0.19059265435642392, -0.5180864497687433, 0.5162693971710907, -0.09221777130400455], [-0.5933934336993656, -0.25711223359513374, -0.658472933475145, -0.5097775346728314, -0.12404099227751411, 0.3642755558991492, 0.5992199860575886, 0.49391400245658973, 0.16574176049119743, 0.26421466470225696, -0.18132835327510094, 0.05604423066382706]], "inverted": true, "swapped": true, "error_lsq": 0.04298870365730378, "error_max": 0.19968367975245133, "target": "1031.xyz", "model": "5.xyz", "model_rescale": 3.6523030999806103, "target_rescale": 4.051953293347646},
{"mapping": [0, 1, 4, 10, 3, 7, 5, 9, 8, 11, 12, 13, 14], "R": [[0.013687492736422058, 0.9993163143746888, -0.03434467014223186], [0.9487564135591084, -0.023824698130478883, -0.3151089517761274], [-0.31571176771392073, -0.02827167458039717, -0.9484338628198447]], "T": [0.024447938722474263, 0.030102193442390658, -0.0466670785001919], "aligned_model": [[0.19195094946981556, -0.38349481477795605, 0.2934643766327089, 0.6454338655855139, 0.6132725022857788, -0.23058828203952209, -0.38661564163401274, 0.26496306804274816, -0.5979560861249328, -0.3178311176758387, 0.15140348778702234, 0.5918176782282212, 0.04526291888474808], [-0.38236903697008245, -0.017617713163830755, 0.2547193535038637, -0.3164586528970804, 0.3478706724303208, -0.5663750041899539, 0.5107031202179887, -0.5238329464787572, -0.22975261324538368, -0.10486296118899305, 0.5701904624486187, -0.014012700712342889, 0.0126249244088153], [0.7749250763022715, 0.4807710460624324, 0.5920043381970466, 0.19507661580164515, -0.009722944143342474, 0.18066133998405243, 0.30759144082303785, -0.32500485486505926, -0.1609394195402164, -0.712471614330759, -0.47198675936302953, -0.503283093137531, 0.022488567691240816]], "inverted": false, "swapped": true, "error_lsq": 0.05220673381036582, "error_max": 0.3181031708026654, "target": "1031.xyz", "model": "6.xyz", "model_rescale": 4.08911054899281, "target_rescale": 4.051953293347646},
{"mapping": [5, 10, 3, 6, 4, 8, 9, 12, 11, 13, 7, 1, 0, 2, 14], "R": [[-0.4027983014508534, -0.7776180959087149, -0.48276663644416484], [0.5202369196734578, 0.2394551746478192, -0.8197650680183044], [0.7530651205287496, -0.5813530048513444, 0.3080935052761301]], "T": [-0.05045443692903608, -0.016705725527465513, -0.08036133543187701], "aligned_model": [[-0.4958186005481276, -0.4026412068836651, 0.6836589888036326, 0.21227635494230115, 0.13251750571655857, 0.2425485385479685, 0.505222753565126, -0.7469624893775484, -0.2560005685642932, -0.5277341341544828, -0.39692677320432423, 0.219789403526804, 0.765416598053374, 0.06266735687069946, 0.03300633658637112], [0.22727204416444494, -0.5090640603404474, 0.10787487013481722, 0.4062984292171161, 0.1234829631486404, -0.4575898452362185, -0.5358869606363834, -0.16445058855862382, -0.5217597654990114, 0.06810954792452767, 0.6752555221183414, -0.12461175569716187, 0.32908923628043263, 0.5560273416580431, -0.1398310659562393], [-0.6483638347603187, -0.4712867090149898, -0.34870549804632606, -0.1147558484384246, -0.7464828629882427, -0.5103839192984035, 0.10998312333454935, -0.04795907727782239, 0.13689949268805468, 0.46818673206747446, -0.059492303593936646, 0.5928924162874063, 0.2349741712414029, 0.47580396087045834, -0.007978932083107279]], "inverted": false, "swapped": false, "error_lsq": 0.04327077266611321, "error_max": 0.25895530637403497, "target": "1031.xyz", "model": "7.xyz", "model_rescale": 3.964800864290218, "target_rescale": 4.051953293347646},
{"mapping": [8, 11, 6, 7, 5, 9, 1, 12, 13, 3, 10, 4, 2, 14], "R": [[0.9792851705285084, 0.05040014564664591, 0.1961131818663575], [0.20200983520972954, -0.3095556875133929, -0.9291756038589521], [0.013877365077277992, 0.9495446812272225, -0.313324619351248]], "T": [-0.02451526830151542, -0.04451718860381318, 0.06622609158973143], "aligned_model": [[-0.22832789460192274, 0.16970570520502568, 0.4680057779976605, -0.668563758125825, 0.19236729245519502, -0.35234209794992855, -0.3510366821216801, 0.661711385443599, 0.19639027256136357, 0.2659424842274194, -0.4093052408334483, -0.13179241084871135, 0.5212408093702665, -0.07280775331814078], [-0.09578245051385101, -0.5669956261710087, 0.1042153687585752, -0.08000244047441911, 0.5974610414188548, -0.6129905203395385, 0.479849883647004, -0.16517348214286265, -0.5993243865157787, -0.01943676362783718, -0.1857911782290726, 0.5197587635313216, 0.4368514721529885, -0.0016912153131734275], [-0.584774480540267, -0.45142313430910347, -0.566462092017561, -0.17136404015220386, -0.19121423827860712, 0.17360963451462635, -0.18932898020134964, 0.12319028389412642, 0.4854425573655176, 0.6696010233163155, 0.6956276265468806, 0.5143423214843267, 0.3065322273333697, 0.10303632976895095]], "inverted": false, "swapped": true, "error_lsq": 0.034859255906366245, "error_max": 0.20539667533686082, "target": "1031.xyz", "model": "8.xyz", "model_rescale": 4.121658175737393, "target_rescale": 4.051953293347646},
{"mapping": [11, 8, 7, 9, 6, 12, 1, 4, 0, 5, 13, 10, 14], "R": [[-0.7636049751265894, 0.2667363473207847, -0.5880128935490161], [-0.1869669489604531, 0.7803244391893333, 0.596772259409125], [0.6180216840518948, 0.5656372429586106, -0.5459887429424177]], "T": [-0.09650940568360677, 0.026486447946674922, 0.011102100759801996], "aligned_model": [[-0.6442551009387899, -0.21713187135761458, 0.33829700574135524, 0.051910081990575285, -0.7390535211334147, -0.6925981261462637, 0.234134855780048, 0.36061658369712407, 0.8248593696734098, -0.1919733570885615, -0.2769681656840107, 0.45540546724850595, -0.026505725347166123], [0.1715338382678343, -0.2842644020870739, -0.05771034407381379, 0.5684677340356235, -0.4595448527684823, 0.14015857725735284, -0.5429246926809358, -0.19407573930408803, -0.12300749247864712, -0.656557308727092, 0.7143414103561949, 0.501606686205674, 0.012364025409163013], [-0.4964431023862693, -0.5862701354629616, -0.514598399376587, -0.34441375772059146, -0.11500629217834715, 0.35818532570860234, -0.10435689695139982, 0.5337033276564649, 0.05508601752013636, 0.2342331763124585, 0.17432868145088753, 0.19500068026823822, 0.031626809118457264]], "inverted": false, "swapped": true, "error_lsq": 0.04006181446325071, "error_max": 0.21970977578040501, "target": "1031.xyz", "model": "9.xyz", "model_rescale": 3.833441315466971, "target_rescale": 4.051953293347646},
{"mapping": [3, 9, 13, 5, 2, 8, 10, 7, 11, 6, 4, 12, 0, 1, 14], "R": [[0.18056872384067524, -0.8163140784516006, 0.5486586017664028], [-0.7522656449991506, -0.47398737699794385, -0.45763781072002907], [0.6336334392411451, -0.33010194147917893, -0.6996723325293881]], "T": [-0.012217781984291737, -0.005062681338395214, 0.024616056710251674], "aligned_model": [[-0.6155716374335665, -0.204696713624272, 0.6265143553684376, 0.22732120443737597, 0.09832099920066911, 0.17946638881270438, 0.5539311840887555, -0.55761402809139, -0.19190125161609523, -0.39732309223577067, -0.4850038254434027, -0.022045725510762164, 0.6203088247716494, 0.2575732170708477, -0.058259835914785785], [0.17862906815525198, -0.33058481801063094, 0.215856570216681, 0.5857631460892692, 0.155165133783544, -0.6494476230770223, -0.5850669200790843, -0.3643049411728233, -0.6350156118044556, 0.35152536256476025, 0.6315408677782248, -0.12036176613970992, 0.16796440726061534, 0.457950972420244, -0.019397935262586354], [-0.5724964251807994, -0.692947408039584, -0.398352597470899, -0.20117392777866788, -0.6673076963456956, -0.36982606566401266, 0.16181873444331724, -0.1073002435075563, 0.214905933429614, 0.4556246819213358, -0.05977504739818902, 0.6159108984607885, 0.2084493509211523, 0.5329861051746845, -0.05718538197771372]], "inverted": false, "swapped": false, "error_lsq": 0.039441146995395554, "error_max": 0.28840626236626427, "target": "1031.xyz", "model": "10.xyz", "model_rescale": 4.2482417240324, "target_rescale": 4.051953293347646},
{"mapping": [9, 11, 12, 6, 10, 4, 3, 5, 8, 1, 7, 14], "R": [[0.7895656103666084, -0.533973257624224, -0.3024214064324483], [-0.15713407152385414, 0.30046194707431334, -0.9407611290474588], [0.59320740933736, 0.7903133419742371, 0.1533290285783195]], "T": [-0.04900959978432221, 0.0516989499022182, 0.023542057612152535], "aligned_model": [[-0.6616974006263835, -0.024355775418596494, 0.3264663815969269, 0.6333579094492403, -0.6515297037327151, 0.0392916846012475, -0.07642015114103928, 0.5922103250182454, 0.041175521337116446, 0.14689283024181032, -0.41761125258263015, -0.0710147663802153], [-0.2062843016556632, -0.7017559901475399, -0.22760970357936455, -0.3616631678090985, 0.43392899799914453, 0.7681910540397612, 0.32529001049071554, 0.3139103949630297, -0.297043074046259, 0.40250963967394704, 0.09598392001559904, 0.12067361010636755], [0.03843786366924256, -0.07826200716381407, 0.5428823547023975, -0.1452745124486275, 0.25814314452783244, 0.12134716407631135, 0.6346497692289982, -0.1898397188858791, -0.5580205815698975, -0.5107233752149188, -0.554971895566902, 0.006824084499613595]], "inverted": false, "swapped": true, "error_lsq": 0.04800761839997553, "error_max": 0.27460812413406477, "target": "1031.xyz", "model": "11.xyz", "model_rescale": 3.6694154284099745, "target_rescale": 4.051953293347646},
{"mapping": [7, 9, 13, 11, 8, 0, 1, 4, 12, 2, 3, 5, 10, 14], "R": [[-0.4017880047267208, 0.8508385845787497, -0.33858544305647553], [-0.5223631495024706, -0.5166370158126465, -0.6783973274815154], [-0.7521323947946795, -0.09570735021006782, 0.6520252785101106]], "T": [0.12298105024682657, 0.09838644981759653, -0.055836330203310185], "aligned_model": [[0.06919261072344943, -0.1282878949585802, -0.18234171128911256, 0.6585673767957289, 0.6278418963137535, -0.49034361512178315, 0.23467889337381087, -0.3119344159540466, 0.35376628419654255, 0.14666639585157315, -0.3032700930751424, 0.46650358878238085, -0.6134614386059031, 0.07068697322313827], [-0.37700406885696264, 0.2984356117265228, 0.7460241704689978, 0.4387409102011321, -0.1888956178573225, -0.6051267017135245, -0.5525496222381991, -0.2321175084241815, 0.6574560335428663, 0.20331331666089497, 0.4481193028067925, -0.26920272214476054, 0.11661864661078644, 0.047175537353211935], [-0.5494124535869457, -0.6380801231440738, -0.19617921065655736, -0.47532691824675377, -0.41715889846160426, -0.10172253546797072, 0.04756230034617535, 0.4261798124847163, 0.29471931021589465, 0.702940237548065, 0.32502182753254155, 0.4660066371731429, -0.2024241977936066, -0.04303032829060785]], "inverted": true, "swapped": true, "error_lsq": 0.03637773306976052, "error_max": 0.2218609940970736, "target": "1031.xyz", "model": "12.xyz", "model_rescale": 3.9764082729961374, "target_rescale": 4.051953293347646},
{"mapping": [5, 4, 2, 1, 9, 7, 3, 6, 14, 13, 12, 11, 8, 10, 15], "R": [[-0.9782471556782835, -0.09883322104424029, -0.182385571867317], [0.10865744230876793, -0.993075639517947, -0.04465797159452533], [-0.1767089772429932, -0.06350408344383063, 0.9822123847456283]], "T": [-0.04866408888144862, 0.03250077452892018, -0.12725058619036023], "aligned_model": [[-0.6190479650838364, -0.20139584142247519, 0.6756345926434492, 0.29319477246428083, -0.12646638245242775, 0.4191607361693918, 0.3838619437338699, -0.6935949783814638, -0.2876975826318315, -0.4705554970877293, -0.2870997913492145, 0.14428747180772256, 0.5775610731905666, 0.2641579748915382, -0.040980462611446174], [0.09463644339119706, -0.4773990243654682, 0.19100949998309635, 0.567701654408088, 0.41999948096791995, -0.4198309973331151, -0.6016048930634043, -0.36988851192142785, -0.4753577676544033, 0.11695861740024005, 0.6069849898673547, -0.07697465155274553, 0.011102366642125418, 0.5274722026156611, -0.07459349666284017], [-0.7384995520447776, -0.6094734896618117, -0.42140346787317917, -0.1311384335332364, -0.5803407341088722, -0.5113984745787934, 0.21811108040128124, -0.05105468329571375, 0.44174038875738386, 0.3078988808277481, 0.015332151418209511, 0.6351991007144618, 0.19991449626242452, 0.4234694341038423, -0.1350257864011922]], "inverted": false, "swapped": false, "error_lsq": 0.04356825620765726, "error_max": 0.2765726021512411, "target": "1031.xyz", "model": "13.xyz", "model_rescale": 4.170626492500431, "target_rescale": 4.051953293347646},
{"mapping": [12, 6, 2, 5, 3, 0, 4, 11, 13, 8, 9, 1, 10, 14], "R": [[0.0379253357483473, 0.501124255826692, 0.8645438965897102], [-0.41323540520879753, 0.7955895420825669, -0.4430279679780642], [-0.9098341435615044, -0.3404581629965655, 0.2372552854178554]], "T": [0.03336992612867217, -9.434349918727158e-05, 0.1379297194932316], "aligned_model": [[0.3189592039125378, -0.12381076739235253, -0.2483404089077822, -0.5796035192514789, 0.2008776799997859, -0.48033577763486457, -0.43593303946042844, 0.46881105849577587, 0.6982481143699086, -0.09893124678699922, 0.519889435267209, -0.593433853002124, 0.2077715027029114, -0.010985360220455244], [-0.2691659015263269, -0.7724272703980755, 0.00645712611878041, -0.27417639422167406, 0.40694278559203834, 0.6805558725948219, 0.4927102389859439, -0.5905095114446556, 0.2272242885452407, -0.4907093160263668, 0.19676515942253356, -0.036807175571180795, 0.7212927367785124, 0.0579218290760745], [-0.44064537654999447, -0.07132794931614014, -0.5747475483707143, -0.13518600901153258, -0.3673602664469441, 0.5200621266669057, -0.12211308647721072, 0.33909426669011855, -0.058579731533659335, 0.5959284170995157, 0.5462294718323174, 0.36739571978687724, 0.2534837147033265, 0.15163935204800133]], "inverted": false, "swapped": true, "error_lsq": 0.05356007097417415, "error_max": 0.342647592858853, "target": "1031.xyz", "model": "14.xyz", "model_rescale": 3.9786697098870705, "target_rescale": 4.051953293347646},
{"mapping": [7, 8, 4, 10, 5, 2, 11, 12, 3, 9, 6, 14], "R": [[-0.059733604862106326, -0.8561852193668847, 0.5132044101406935], [-0.8466932089500688, 0.31576945788482413, 0.4282525649484886], [-0.5287177946390805, -0.40894561937353446, -0.7437882588661799]], "T": [0.04568442853227922, -0.06997188252713898, -0.03893839601115076], "aligned_model": [[-0.19446437203421948, -0.600472085059299, 0.6086515133140076, 0.6270934629500462, -0.06127293791159888, 0.3882092076897114, -0.575605508180383, 0.07487677454913003, 0.6396486700622985, 0.022739868976237892, -0.5371500065689845, 0.09110000898038985], [-0.526738386190522, -0.15258958145274495, 0.15903711771945334, -0.5416382935996055, 0.5558254412303261, 0.6119716636223085, -0.1970084739132984, 0.34125127410604256, 0.06570419412514578, -0.7045746692845116, 0.4857363073868189, -0.08230210352497352], [-0.49303050755246025, -0.24780566103651172, -0.44061840575082967, -0.09945522570007156, -0.38877757015768544, 0.031363085330238544, 0.38121246300821554, 0.5256439301985569, 0.24008583943284725, 0.15833409231325904, 0.08945600132077944, -0.09644154753250825]], "inverted": true, "swapped": true, "error_lsq": 0.048340036731897344, "error_max": 0.22685668446288412, "target": "1031.xyz", "model": "15.xyz", "model_rescale": 3.769337070930944, "target_rescale": 4.051953293347646},
{"mapping": [4, 3, 1, 5, 0, 10, 7, 13, 8, 6, 14], "R": [[-0.8798754576178541, 0.22164707151871937, 0.42034718361010553], [-0.36191218678249043, -0.8857993090143971, -0.29048089990209774], [0.3079590039925571, -0.4077157831587986, 0.8596098487238963]], "T": [-0.004661305958831879, -0.03533449973097689, 0.14267645006987487], "aligned_model": [[-0.25185192261163025, -0.20356608575633986, -0.1048719486139614, -0.5972649630407707, 0.3246761768672693, 0.4227412125273476, 0.4967856557511159, 0.20694647689584733, 0.14120490301724384, -0.5197751692870942, 0.0076017949421432205], [-0.059016714140168215, -0.611594692997508, 0.5535191421820832, 0.362531067712465, 0.2532039368211596, -0.4016699738818536, 0.42106277038940315, -0.7139447827058197, 0.5250428488734118, 0.2878675137473714, -0.020936618375202616], [-0.54220298656517, -0.13556287171502404, -0.15748129240319417, 0.01629008893005593, -0.6828451040994724, -0.3546095470007268, 0.02971978818147017, 0.3071846872269235, 0.5069150187056293, 0.6859911458347329, 0.07081868012855261]], "inverted": false, "swapped": true, "error_lsq": 0.040606474918105775, "error_max": 0.19463288042136428, "target": "1031.xyz", "model": "16.xyz", "model_rescale": 3.7852294659196426, "target_rescale": 4.051953293347646},
{"mapping": [3, 5, 6, 2, 4, 1, 7, 8, 12, 13, 9, 11, 14], "R": [[0.5391585799194102, 0.12367181772576696, 0.8330746108240786], [-0.8312657492594373, 0.23704826667367784, 0.502797547105345], [-0.13529700590712165, -0.9635940020399723, 0.230610753056224]], "T": [-0.03988968810088844, 0.1549608141129611, -0.03348302823101525], "aligned_model": [[0.06296643033011326, -0.30514606981098874, 0.2851828823265122, -0.03049227618812128, -0.5726533748213554, -0.6017488169526228, -0.4318780431296764, -0.05740042294126982, 0.5159432276325672, 0.44742887762533445, 0.11668968839869823, 0.5335879968206585, -0.10871424907356661], [-0.033346624355329424, -0.466870399782298, -0.3323392359374192, -0.5565600497039884, -0.14425419392358874, -0.001157100149934337, 0.6198776523994356, 0.2981979946015824, -0.2391207170179288, 0.4161125922689178, 0.7943579129081999, 0.3595034596223004, 0.16065433277292449], [-0.6683192035361206, 0.228078837899656, 0.5338433130577583, -0.31802172815257035, -0.43016567726390864, 0.2933609269438221, 0.2869919224998921, 0.6352066927328859, -0.1898780322895513, -0.5095850070978418, -0.1273863472904651, 0.4225343797823339, -0.060905380142716806]], "inverted": false, "swapped": true, "error_lsq": 0.047538301315073604, "error_max": 0.29061800879597677, "target": "1031.xyz", "model": "17.xyz", "model_rescale": 3.901054581598922, "target_rescale": 4.051953293347646},
{"mapping": [6, 1, 3, 12, 7, 0, 2, 4, 8, 10, 11, 5, 13, 9, 14], "R": [[0.04547912905578244, -0.8822006878411632, 0.46867216174305315], [-0.6902962451510934, -0.36688103961363133, -0.6236099716187379], [0.722096075844918, -0.29516139507835415, -0.6256652524351747]], "T": [-0.033268936483286035, -0.02929949417345329, -0.04102070197462812], "aligned_model": [[-0.5359294585230332, -0.3149114849425838, 0.6726451204285007, 0.34591395085891835, 0.014078484062083577, 0.3149746786930145, 0.591733463740675, -0.7300348784865135, -0.1466157991787687, -0.6436533293508141, -0.29204911186509847, 0.14398329123416476, 0.5829656937825285, 0.04466235989445867, -0.016742916467137523], [0.26336999025511093, -0.38380280578978176, 0.003761092001899391, 0.5622439844137286, 0.1606175191255, -0.44188481390920875, -0.5279156031649463, -0.3847691690215081, -0.6282024449340899, 0.2460117220993443, 0.719423267899254, -0.13880263708960103, 0.15349228846683788, 0.4139068700727003, 0.022766652297039024], [-0.5157866629882504, -0.5708229541274902, -0.33084518577277133, -0.28241613475043, -0.6745558419823072, -0.5739411997291907, 0.1699107502950126, 0.07616505755946218, 0.2214407169561677, 0.4323590348825731, -0.13682276515831301, 0.5477719240460338, 0.29712755391458756, 0.4403154103947682, -0.036568792552078025]], "inverted": true, "swapped": false, "error_lsq": 0.03904597757806365, "error_max": 0.2372730179517004, "target": "1031.xyz", "model": "18.xyz", "model_rescale": 3.9405287249114394, "target_rescale": 4.051953293347646},
{"mapping": [3, 10, 6, 0, 1, 2, 5, 14, 11, 13, 12, 9, 8, 4, 15], "R": [[-0.08589563686194573, 0.12043029653111503, -0.988998727625829], [-0.9351391853377582, -0.352200915111472, 0.038330398386604736], [-0.3437101156700437, 0.9281438784326865, 0.14287161129495152]], "T": [-0.04813132639082633, 0.10160548704636306, 0.019279020406464203], "aligned_model": [[-0.5032290935793153, -0.3385642737537765, 0.6048052010360719, 0.4263588202374859, 0.11805903121233487, 0.2899853439157855, 0.5407095692609853, -0.780663320627668, -0.2636609559478427, -0.49961304315440364, -0.42233842219404805, 0.16378985679007546, 0.6895948597176116, 0.04818990263786242, -0.04240341167076434], [0.14544645003753237, -0.5003755458071701, 0.022193652616247492, 0.5772591971627666, 0.31567592780116477, -0.4710690245148509, -0.48371261697619783, -0.13921242207368068, -0.5507249135991553, -0.012631539914163548, 0.4812066754251838, -0.31504505829907176, 0.12675096958946055, 0.7738898508015287, 0.07056431047268434], [-0.6993255907240405, -0.39444984747344247, -0.33519397898328807, -0.12662131119389294, -0.5824468602187727, -0.540226389828273, 0.06323080615260368, -0.05243272300165357, 0.23659268559227128, 0.503473203014434, -0.1072557552139097, 0.6279674317788951, 0.18480827635093552, 0.29024208745581936, -0.005031122719910776]], "inverted": false, "swapped": false, "error_lsq": 0.040587591361523796, "error_max": 0.2910595763759833, "target": "1031.xyz", "model": "19.xyz", "model_rescale": 4.410303926677745, "target_rescale": 4.051953293347646},
{"mapping": [8, 11, 6, 7, 5, 9, 1, 12, 13, 3, 10, 4, 2, 14], "R": [[0.9792851705285084, 0.05040014564664591, 0.1961131818663575], [0.20200983520972954, -0.3095556875133929, -0.9291756038589521], [0.013877365077277992, 0.9495446812272225, -0.313324619351248]], "T": [-0.02451526830151542, -0.04451718860381318, 0.06622609158973143], "aligned_model": [[-0.22832789460192274, 0.16970570520502568, 0.4680057779976605, -0.668563758125825, 0.19236729245519502, -0.35234209794992855, -0.3510366821216801, 0.661711385443599, 0.19639027256136357, 0.2659424842274194, -0.4093052408334483, -0.13179241084871135, 0.5212408093702665, -0.07280775331814078], [-0.09578245051385101, -0.5669956261710087, 0.1042153687585752, -0.08000244047441911, 0.5974610414188548, -0.6129905203395385, 0.479849883647004, -0.16517348214286265, -0.5993243865157787, -0.01943676362783718, -0.1857911782290726, 0.5197587635313216, 0.4368514721529885, -0.0016912153131734275], [-0.584774480540267, -0.45142313430910347, -0.566462092017561, -0.17136404015220386, -0.19121423827860712, 0.17360963451462635, -0.18932898020134964, 0.12319028389412642, 0.4854425573655176, 0.6696010233163155, 0.6956276265468806, 0.5143423214843267, 0.3065322273333697, 0.10303632976895095]], "inverted": false, "swapped": true, "error_lsq": 0.034859255906366245, "error_max": 0.20539667533686082, "target": "1031.xyz", "model": "20.xyz", "model_rescale": 4.121658175737393, "target_rescale": 4.051953293347646},
{"mapping": [0, 1, 4, 10, 3, 7, 5, 9, 8, 11, 12, 13, 14], "R": [[0.013687492736422058, 0.9993163143746888, -0.03434467014223186], [0.9487564135591084, -0.023824698130478883, -0.3151089517761274], [-0.31571176771392073, -0.02827167458039717, -0.9484338628198447]], "T": [0.024447938722474263, 0.030102193442390658, -0.0466670785001919], "aligned_model": [[0.19195094946981556, -0.38349481477795605, 0.2934643766327089, 0.6454338655855139, 0.6132725022857788, -0.23058828203952209, -0.38661564163401274, 0.26496306804274816, -0.5979560861249328, -0.3178311176758387, 0.15140348778702234, 0.5918176782282212, 0.04526291888474808], [-0.38236903697008245, -0.017617713163830755, 0.2547193535038637, -0.3164586528970804, 0.3478706724303208, -0.5663750041899539, 0.5107031202179887, -0.5238329464787572, -0.22975261324538368, -0.10486296118899305, 0.5701904624486187, -0.014012700712342889, 0.0126249244088153], [0.7749250763022715, 0.4807710460624324, 0.5920043381970466, 0.19507661580164515, -0.009722944143342474, 0.18066133998405243, 0.30759144082303785, -0.32500485486505926, -0.1609394195402164, -0.712471614330759, -0.47198675936302953, -0.503283093137531, 0.022488567691240816]], "inverted": false, "swapped": true, "error_lsq": 0.05220673381036582, "error_max": 0.3181031708026654, "target": "1031.xyz", "model": "21.xyz", "model_rescale": 4.08911054899281, "target_rescale": 4.051953293347646},
{"mapping": [10, 7, 8, 11, 5, 6, 0, 12, 13, 14, 9, 4, 1, 15, 16], "R": [[0.9213747300891144, 0.36513001044962845, 0.13322418032123856], [0.3359004891076094, -0.575581488863529, -0.745571466121734], [-0.1955491451540518, 0.7317007756909225, -0.6529735880438214]], "T": [0.01602009214422593, 0.023297529014709245, 0.02070787733077381], "aligned_model": [[-0.3966810931814121, -0.2351407144262154, 0.550158233779086, 0.4162484742087467, -0.060792743488222105, 0.316294378399012, 0.42207917760706415, -0.7101894427144071, -0.3632820783867136, -0.4588119809717478, -0.4900281378828898, 0.11715934465515093, 0.7804907656447644, 0.12614440385381664, 0.017371476784361174], [-0.07394895357256445, -0.5627613188032023, 0.1782505103748726, 0.6599923463192039, 0.4078491212649922, -0.3701270313627203, -0.6358474534412135, -0.10454009040173481, -0.46780584701953076, 0.2753420980892536, 0.4506650884875185, -0.42907374423750777, 0.13245031716435948, 0.6020233960115945, -0.022252526151042534], [-0.6658460262122423, -0.29433095225482, -0.3933549648544774, -0.12187536876097263, -0.5657637035050262, -0.5366220042092112, 0.047602289306848095, -0.014601619641416694, 0.24803430233791635, 0.37117987833438804, -0.24162734630340924, 0.5416908603594505, 0.20419803909109793, 0.45019131674766866, 0.03445621055198146]], "inverted": true, "swapped": false, "error_lsq": 0.0453647062750697, "error_max": 0.3397783394658191, "target": "1031.xyz", "model": "22.xyz", "model_rescale": 4.204369325754507, "target_rescale": 4.051953293347646},
{"mapping": [3, 10, 6, 0, 1, 2, 5, 14, 11, 13, 12, 9, 8, 4, 15], "R": [[-0.08589563686194573, 0.12043029653111503, -0.988998727625829], [-0.9351391853377582, -0.352200915111472, 0.038330398386604736], [-0.3437101156700437, 0.9281438784326865, 0.14287161129495152]], "T": [-0.04813132639082633, 0.10160548704636306, 0.019279020406464203], "aligned_model": [[-0.5032290935793153, -0.3385642737537765, 0.6048052010360719, 0.4263588202374859, 0.11805903121233487, 0.2899853439157855, 0.5407095692609853, -0.780663320627668, -0.2636609559478427, -0.49961304315440364, -0.42233842219404805, 0.16378985679007546, 0.6895948597176116, 0.04818990263786242, -0.04240341167076434], [0.14544645003753237, -0.5003755458071701, 0.022193652616247492, 0.5772591971627666, 0.31567592780116477, -0.4710690245148509, -0.48371261697619783, -0.13921242207368068, -0.5507249135991553, -0.012631539914163548, 0.4812066754251838, -0.31504505829907176, 0.12675096958946055, 0.7738898508015287, 0.07056431047268434], [-0.6993255907240405, -0.39444984747344247, -0.33519397898328807, -0.12662131119389294, -0.5824468602187727, -0.540226389828273, 0.06323080615260368, -0.05243272300165357, 0.23659268559227128, 0.503473203014434, -0.1072557552139097, 0.6279674317788951, 0.18480827635093552, 0.29024208745581936, -0.005031122719910776]], "inverted": false, "swapped": false, "error_lsq": 0.040587591361523796, "error_max": 0.2910595763759833, "target": "1031.xyz", "model": "23.xyz", "model_rescale": 4.410303926677745, "target_rescale": 4.051953293347646},
{"mapping": [6, 5, 8, 9, 15, 4, 3, 12, 0, 7, 14, 1, 10, 11, 16], "R": [[-0.3461327062315004, 0.9249522727762759, -0.157020517012458], [-0.6398832693521056, -0.3551444404474436, -0.6814850167263642], [-0.6861060787371867, -0.13540945131442628, 0.7147885905738895]], "T": [-0.05354292130765691, 0.06071753417515517, -0.04272247533984483], "aligned_model": [[-0.6327317897109765, -0.18894959086329982, 0.6484766347285711, 0.3218561441497615, -0.024729764136236745, 0.3863648259696825, 0.42153541773071007, -0.7161267023868017, -0.30948369089165734, -0.4203620300908132, -0.2730842777553236, 0.181835018809703, 0.5756349982459373, 0.061690096611806564, -0.0009052265306690455], [0.1880079390515536, -0.3022084693996477, 0.0778773543189422, 0.5269526923156709, 0.3693786442461096, -0.37927833003140016, -0.6436449534719084, -0.38032079679226816, -0.6060364731514954, 0.012316826802159661, 0.6796685901151007, -0.1448082065589037, 0.13174530869186135, 0.5398618270772043, -0.029296040490700323], [-0.5183646699608456, -0.5382542938913921, -0.47001716378071934, -0.22743929264614532, -0.6855383991767784, -0.3372885737925576, 0.25295478520997805, -0.15516694364323053, 0.20287725443356072, 0.5095745549252313, -0.20658575119682354, 0.7564594468607028, 0.10851953955360225, 0.35459803101658605, 0.017002387076605993]], "inverted": true, "swapped": false, "error_lsq": 0.03866244166919272, "error_max": 0.26179388220767813, "target": "1031.xyz", "model": "24.xyz", "model_rescale": 4.28219845311461, "target_rescale": 4.051953293347646},
{"mapping": [6, 2, 12, 11, 14, 13, 7, 0, 4, 1, 8, 3, 9, 5, 15], "R": [[0.564912688025277, -0.39076910489716876, 0.7267552280967243], [-0.8221645850137659, -0.1916971232922662, 0.5360015000637705], [-0.07013593983970257, -0.9003064587013333, -0.42956865616972856]], "T": [0.0438370131539995, 0.002478939147618654, -0.07677843552062266], "aligned_model": [[-0.7092037134049646, -0.23242800849299894, 0.6720936781292085, 0.33305787800201725, 0.056594161794400896, 0.37850559798391764, 0.4950596457396675, -0.7147311904417352, -0.21850046350506352, -0.3460074996244594, -0.36713267160735774, 0.025477908358819287, 0.6130946144214539, 0.06779184137306236, -0.022651714845573725], [0.25426256479752085, -0.36865255124747703, 0.12344349935110283, 0.4367665245378815, 0.2060082946412618, -0.39631111041257083, -0.5549815802853766, -0.29673744261166535, -0.6243978636191215, 0.12892267539186075, 0.5536087119878105, -0.1846854250060432, 0.10552691687717683, 0.6875395059942135, -0.030096807674295727], [-0.5030785703542389, -0.5814754525906842, -0.4952052968978887, -0.23241472872068045, -0.8106433287438495, -0.36292506163514826, 0.22518499085114743, -0.10123266657025357, 0.19313469035290212, 0.4150656823335953, 0.019688909343291303, 0.6746720212108239, 0.2727935621621751, 0.42859159413186765, -0.07882543388528494]], "inverted": false, "swapped": false, "error_lsq": 0.03292864296974782, "error_max": 0.1919125266202335, "target": "1031.xyz", "model": "25.xyz", "model_rescale": 4.100010024507729, "target_rescale": 4.051953293347646},
{"mapping": [9, 11, 12, 6, 10, 4, 3, 5, 8, 1, 7, 14], "R": [[0.7895656103666084, -0.533973257624224, -0.3024214064324483], [-0.15713407152385414, 0.30046194707431334, -0.9407611290474588], [0.59320740933736, 0.7903133419742371, 0.1533290285783195]], "T": [-0.04900959978432221, 0.0516989499022182, 0.023542057612152535], "aligned_model": [[-0.6616974006263835, -0.024355775418596494, 0.3264663815969269, 0.6333579094492403, -0.6515297037327151, 0.0392916846012475, -0.07642015114103928, 0.5922103250182454, 0.041175521337116446, 0.14689283024181032, -0.41761125258263015, -0.0710147663802153], [-0.2062843016556632, -0.7017559901475399, -0.22760970357936455, -0.3616631678090985, 0.43392899799914453, 0.7681910540397612, 0.32529001049071554, 0.3139103949630297, -0.297043074046259, 0.40250963967394704, 0.09598392001559904, 0.12067361010636755], [0.03843786366924256, -0.07826200716381407, 0.5428823547023975, -0.1452745124486275, 0.25814314452783244, 0.12134716407631135, 0.6346497692289982, -0.1898397188858791, -0.5580205815698975, -0.5107233752149188, -0.554971895566902, 0.006824084499613595]], "inverted": false, "swapped": true, "error_lsq": 0.04800761839997553, "error_max": 0.27460812413406477, "target": "1031.xyz", "model": "26.xyz", "model_rescale": 3.6694154284099745, "target_rescale": 4.051953293347646},
