[{"mapping": [9, 3, 4, 2, 7, 6, 10, 13, 5, 11, 14, 15], "R": [[0.44638609105208504, 0.8735603480918059, 0.19398911298565913], [0.889897130636998, -0.4106079750339907, -0.19870628506044746], [-0.09392845468375255, 0.26133007687636883, -0.9606685361353904]], "T": [0.033630714922509575, -0.058822129342569356, 0.027483713845820927], "aligned_model": [[-0.20068372522860192, 0.26011135751061965, 0.40651071402970507, -0.14950486701756385, -0.19261804805478316, -0.44863225233636256, 0.41006103778367387, -0.49080210263980417, 0.6556140881296691, 0.06192133773440879, -0.5247341712646005, 0.05039909381418868], [-0.3457384658611266, -0.6264950338367846, -0.1544785932429058, 0.5869216340369932, 0.37793090549072966, -0.6768750196458405, -0.30351484271686785, -0.45044945655154744, -0.0940256983414022, 0.5162517772349621, 0.287505796472048, -0.06347796706120094], [-0.4325930646087244, -0.06669947645723434, -0.7255543466415093, 0.012061161896815158, -0.629848354894553, 0.07428115488027334, 0.5289826996306636, 0.6133319910336202, -0.04069078499836224, 0.4876015610715566, 0.2938375968914697, 0.06724160754954721]], "inverted": true, "swapped": true, "error_lsq": 0.04762902073107083, "error_max": 0.2589727831877758, "target": "1032.xyz", "model": "0.xyz", "model_rescale": 3.751011558992144, "target_rescale": 4.204049620077888},
{"mapping": [11, 2, 0, 12, 7, 5, 8, 14, 1, 3, 9, 6, 13, 10, 15], "R": [[0.6602986641946981, 0.536521258909364, 0.5255003451958988], [0.2836376777886517, -0.8260659443972324, 0.4869956090621044], [0.6953814361926545, -0.17251085254389126, -0.69762788358352]], "T": [-0.03199252183768046, 0.016681999651494177, 0.09218515851652463], "aligned_model": [[-0.011342392617503347, -0.0498435018699559, -0.5795032331618778, 0.3593451719058273, -0.2314619164629802, -0.590072213909906, 0.6063432732849519, 0.4737976785063493, -0.6038941682319843, -0.11893684703991743, 0.04991214143915261, 0.5677830916003271, 0.7747359533658633, -0.07945975515121183, -0.0283170705681006], [0.07312826154637818, -0.4054716979657651, 0.23579953954748017, 0.5391151302513345, -0.779622893641108, 0.29699762611065933, -0.2331557786320779, -0.24496508938155906, -0.2082092274977905, 0.34404030263333474, -0.28544574429604935, 0.11436583556437734, 0.3641360840805531, 0.6824236321077091, 0.055621369399629306], [-0.6423937564969393, -0.42957062968779647, -0.5841400353661002, -0.4162398150956642, 0.10391726427063384, 0.1443443088972907, 0.15898658640818739, -0.33016048592149994, -0.12712203639853076, 0.6095764099729638, 0.5930896759331153, 0.5896628233572074, 0.10139243533636154, 0.00494706324183615, 0.07337659640091082]], "inverted": false, "swapped": true, "error_lsq": 0.04504796261377651, "error_max": 0.24900654643445794, "target": "1032.xyz", "model": "1.xyz", "model_rescale": 3.9405287249114394, "target_rescale": 4.204049620077888},
{"mapping": [4, 3, 5, 8, 10, 1, 9, 6, 11, 2, 14, 7, 15], "R": [[0.896936437037112, -0.05488518991188657, 0.43873983617117207], [0.378900652846562, -0.41603516612796115, -0.8266492822336016], [0.22790200347434403, 0.9076906722409435, -0.35236106529973515]], "T": [0.0162396630189567, -0.05480632097106693, -0.05707304755250761], "aligned_model": [[-0.4683805555425698, 0.2845710025787338, -0.26553886031490687, 0.41624997839535804, 0.2918424379955672, -0.6246796600019625, 0.08995236374626102, 0.7049543785017213, -0.17868121841129303, -0.3853281280328096, 0.1450290233803222, -0.5470025215071868, 0.03299503849669647], [0.6310872442896339, 0.468348740948798, 0.23375204956414503, -0.2660975994553206, -0.08268911233555166, -0.032715867474653035, 0.35394670685028934, 0.1592443850640936, -0.7303735808081782, -0.543849056282482, -0.6587433488683556, -0.001513018772747468, -0.07156494914765482], [0.04267280077192623, -0.24870695555774783, -0.536745123757615, 0.46225505373784315, -0.6705395951832477, -0.17739609680519974, 0.36290586036553507, 0.25375050562883683, -0.2780561195732062, 0.16729721931385627, 0.2912545803089559, 0.5378599153016006, -0.09343169496289364]], "inverted": false, "swapped": true, "error_lsq": 0.05445839566394057, "error_max": 0.3421410216599907, "target": "1032.xyz", "model": "2.xyz", "model_rescale": 3.932901565614263, "target_rescale": 4.204049620077888},
{"mapping": [1, 0, 5, 2, 4, 9, 3, 7, 14, 8, 10, 12, 6, 15], "R": [[-0.2860636681377911, 0.7847385285250467, -0.5498663652378606], [0.5595226908988297, -0.3290544590944746, -0.76069541954673], [-0.7778829835784329, -0.5252700303637999, -0.3449484875466599]], "T": [0.05954823663810589, -0.11294163876134403, 0.048502605668119744], "aligned_model": [[-0.1863850888637968, 0.2802836905333221, 0.3047915834054321, -0.3366995178736282, -0.29995177220744973, -0.2617662118154313, 0.3555305729209778, -0.7464114812308381, -0.15179897367063666, -0.15660907611836888, 0.7250079369525476, 0.6278012271391077, 0.16650361218628462, 0.09951341069518135], [-0.0035643208219553746, 0.4211019087343586, -0.29614659891494366, 0.4182335454772237, -0.7030020679819928, -0.5670007209475108, -0.6558363287507678, -0.117824601254893, 0.4198245152001687, -0.03113586831257087, -0.07755825848111667, 0.43311295174914877, -0.4805542445763391, -0.09615327276832115], [-0.5458849822462795, -0.6379881750107221, -0.49834473459289547, -0.059210648475841024, -0.4391903375560029, 0.24720403544890052, 0.05723722011315345, -0.10780559830483306, 0.4658170569240813, 0.6972997739912108, -0.04629691093624376, 0.30047570592780726, 0.7341982123159888, 0.04638574545877314]], "inverted": true, "swapped": true, "error_lsq": 0.05764870139444727, "error_max": 0.3543926001228696, "target": "1032.xyz", "model": "3.xyz", "model_rescale": 3.9243930471874484, "target_rescale": 4.204049620077888},
{"mapping": [2, 1, 7, 8, 9, 11, 14, 4, 3, 10, 6, 12, 15], "R": [[-0.4747557243054461, -0.4422983402141152, 0.7609068145857614], [-0.2820221687253586, 0.8954151160127728, 0.3445217937421059], [-0.8337088811969422, -0.05102889632033583, -0.5498413890875001]], "T": [-0.000332691843819094, 0.020438289349429747, -0.10357645916585294], "aligned_model": [[-0.1586031097386969, -0.12351057432162746, 0.4575599771248692, 0.29864493941963877, 0.5867305676993185, -0.6075535995575196, -0.09807563791339935, 0.4730330850475509, 0.1956940335518099, -0.4762380599654019, 0.4218083375997129, -0.6543347167334129, -0.037949355901489824], [-0.5545943284237637, 0.016028915372764616, -0.3969316592534691, -0.4063124672603358, 0.08056152634853925, -0.38666360911358394, -0.6400718188923814, 0.4088843570227802, 0.5808987993538564, 0.42543081867622207, 0.09305576303751499, -0.12541771356482784, 0.03296097037827101], [-0.4118773961430842, -0.7443189734632528, -0.6422449977749836, 0.3468123742858256, -0.07834138902513392, -0.1972226240859044, 0.1348170867688569, -0.6869206689937716, 0.06926456882208674, 0.14656485384263568, 0.5546640736672807, 0.38179442803235897, -0.08592102056195013]], "inverted": true, "swapped": true, "error_lsq": 0.05309987320574225, "error_max": 0.3243285181165163, "target": "1032.xyz", "model": "4.xyz", "model_rescale": 3.8936222436046832, "target_rescale": 4.204049620077888},
{"mapping": [0, 12, 5, 1, 3, 6, 8, 9, 7, 2, 4, 15], "R": [[0.7475561212150001, -0.5051697437785989, 0.43123471057493656], [-0.3388039717016636, 0.268412942085922, 0.9017573738428527], [-0.5712895188896456, -0.8202182773453935, 0.029500222293957212]], "T": [-0.16593389602574599, -0.07956341584979795, -0.012800986010636142], "aligned_model": [[0.10313848539656034, -0.6245715618525394, -0.1665005843141305, 0.34685986882571646, -0.5600423960513974, -0.6696369147288823, -0.2634178625061682, -0.1024825172569078, 0.5884509935705224, 0.35615010284823484, 0.2141108816633569, -0.19451045337926842], [-0.5064630917117099, -0.7603747067763054, 0.1539221875851949, -0.026638102818617254, 0.38632989209882307, 0.12536932568046083, -0.24000918854547235, 0.3811291525424927, 0.10636325108411551, -0.4966242005913927, 0.6487894494496442, -0.10287106288742642], [-0.7547935489719446, -0.11636255184142857, -0.5943803202050769, -0.41278182168748606, -0.11299278765081873, 0.5538053903099734, 0.6498512333806608, 0.3513846302046664, 0.2524571479853332, 0.05239183855793049, -0.21360946173801104, -0.03568502906828029]], "inverted": true, "swapped": true, "error_lsq": 0.0427390053183267, "error_max": 0.21927811979023895, "target": "1032.xyz", "model": "5.xyz", "model_rescale": 3.6523030999806103, "target_rescale": 4.204049620077888},
{"mapping": [7, 8, 14, 2, 11, 9, 13, 1, 3, 10, 12, 0, 15], "R": [[-0.9346278076015971, 0.25739693159108445, 0.24539291119616], [0.2811079038435753, 0.11206279577749412, 0.9531108415075358], [0.21782839037761606, 0.9597857830839267, -0.17709331702656278]], "T": [-0.04676294137087558, -0.1669945047223048, -0.001519713250162348], "aligned_model": [[0.29816317207305243, -0.23855360399088427, 0.23544466712456677, 0.5622988908317199, 0.561580223532119, -0.4007514456593515, -0.461615973028465, 0.4238232496817721, -0.5814030444483701, -0.19311943667165266, 0.06914455469643531, 0.6517908710972941, -0.04571922057394124], [-0.681042717474192, 0.1641785630924091, 0.2989714690848343, -0.11583004940124664, 0.2329395861000693, -0.48702940281187845, 0.5876219595032969, -0.5882832052890825, -0.3370490808128146, 0.14067005215183262, 0.6094673411934919, -0.14630449258246117, -0.1374831185910754], [0.5377460616794254, 0.5711011687012805, 0.4522350071666528, 0.27630646890419486, -0.11636790616133785, 0.34656746826342816, 0.17188992166458358, -0.16525019454198955, -0.2616310021855833, -0.582034865005719, -0.26276667395560716, -0.5643613763038188, -0.03332433874372016]], "inverted": false, "swapped": true, "error_lsq": 0.05014055995695622, "error_max": 0.2579384515048262, "target": "1032.xyz", "model": "6.xyz", "model_rescale": 4.08911054899281, "target_rescale": 4.204049620077888},
{"mapping": [0, 5, 1, 11, 14, 8, 2, 7, 12, 10, 6, 3, 9, 4, 15], "R": [[-0.4288234853119509, -0.037556717423648134, -0.902607285269331], [0.4779734316870715, 0.8383999183485901, -0.26196750850890305], [0.7665845139618956, -0.5437601216432095, -0.3415744619616147]], "T": [-0.007349303499265797, -0.019618597355249304, 0.0374854457631652], "aligned_model": [[0.07366145382059988, 0.29563832873190166, 0.4824864079085309, -0.3015969997711969, -0.40468385323120915, -0.3486995899111799, 0.05400979316885851, 0.5739060733503581, -0.7604723893618531, -0.3528788856937539, -0.35740617712464573, 0.06156552405127291, 0.2584287136418941, 0.7995837917660139, -0.037208651546037225], [-0.7639037764607793, -0.5425325371498678, -0.3059325837867689, -0.3174562010514512, 0.32053712569429943, 0.5768869446246419, 0.06486422614928676, 0.40464298890033273, -0.3199688904317667, -0.5374910624952548, 0.47433833770041156, -0.10660985693638915, 0.4242117663391783, -0.019890773279260573, -0.05093689164749865], [-0.4571589442257223, 0.20334646105153414, -0.2847388238722021, -0.5690867640884232, -0.44113560371674126, -0.007403906144163586, -0.6257333855538615, -0.35769990073977737, -0.12735641565272696, 0.2934013740860796, 0.5377090725811862, 0.6458436861116045, 0.3225670778706319, 0.29069460643568085, 0.04082149793898148]], "inverted": false, "swapped": true, "error_lsq": 0.04622238669610818, "error_max": 0.3317773834321389, "target": "1032.xyz", "model": "7.xyz", "model_rescale": 3.964800864290218, "target_rescale": 4.204049620077888},
{"mapping": [13, 14, 12, 6, 10, 7, 3, 11, 2, 1, 4, 5, 0, 15], "R": [[0.7075872850523571, 0.05675326692905601, -0.7043431697156678], [-0.14966064292529052, 0.9861930962416594, -0.07088630957017258], [0.6905953417099072, 0.15557070295582318, 0.7063114259237265]], "T": [-0.10359223929020511, -0.03165660806044068, 0.06533644566256572], "aligned_model": [[-0.14970655316456571, 0.19360397621682174, 0.44035397420445654, -0.6459588614700983, 0.11335381046150123, -0.24023275541772043, -0.5343124731811838, 0.6196556645465998, 0.32680767783812353, 0.14031951045398838, -0.5603247287702612, -0.03016598024330383, 0.6661760339455636, -0.07838140595904924], [-0.0368645923086376, -0.5586674806117651, 0.1660814394195177, -0.06848858970949058, 0.5609894694900712, -0.6606303069700324, 0.4106816993018785, -0.15453885250573163, -0.5183094099400791, -0.05668410228211725, 0.05372756055104966, 0.4493530191260769, 0.2269074550012864, -0.0026088423808243964], [-0.8118558333692751, -0.30424807652456154, -0.5259331220381793, -0.5014428743217729, -0.16871607611873352, 0.574991839249001, 0.03021688905342948, -0.005594607458258821, 0.2347072406166388, 0.6700048554612309, 0.7719912059001893, 0.46029048494477454, 0.4471710616912882, 0.04523205163925016]], "inverted": true, "swapped": true, "error_lsq": 0.05007605381624884, "error_max": 0.3072073284216064, "target": "1032.xyz", "model": "8.xyz", "model_rescale": 4.121658175737393, "target_rescale": 4.204049620077888},
{"mapping": [8, 2, 11, 12, 7, 9, 1, 3, 0, 4, 13, 10, 15], "R": [[0.49981249418950113, 0.7837176186681918, -0.36874674892279247], [-0.6617585642623818, 0.07086379963815417, -0.7463604521450978], [-0.5588050404903854, 0.6170615982946132, 0.5540504585618863]], "T": [-0.08251797330014113, -0.00592796206611753, 0.03549057353412675], "aligned_model": [[-0.6404618227747271, -0.11682478872226304, 0.28962783170572914, 0.29635217867258357, -0.5226167659700887, -0.5703682218340217, 0.1847666417494179, -0.052774038917332, 0.6900484231953801, -0.17512333002462993, -0.29789115719053494, 0.44105225926530156, -0.04904971271961759], [0.34353761026476304, -0.25225134285083606, 0.08029266021507755, 0.6467610716103654, -0.6498215616522346, -0.14952484913827419, -0.5849187514726277, 0.0998993361447385, -0.2728383648983644, -0.7027377721909661, 0.8437185154403034, 0.3666410843561894, 0.02162980358357563], [-0.16681219004020056, -0.5881353872140836, -0.594820694658859, -0.30367303528618234, -0.2209099917574485, 0.33595180585252216, -0.1026101262431438, 0.6440399656302037, -0.3347745248089663, 0.5057418997229225, -0.022260637353204014, 0.2358454135315773, 0.0334929365839515]], "inverted": true, "swapped": true, "error_lsq": 0.05729435098285734, "error_max": 0.32374862268214577, "target": "1032.xyz", "model": "9.xyz", "model_rescale": 3.833441315466971, "target_rescale": 4.204049620077888},
{"mapping": [1, 0, 14, 13, 12, 11, 10, 6, 9, 8, 4, 3, 5, 2, 15], "R": [[-0.08995380532636962, 0.5040260553937395, 0.8589912970406237], [-0.9958797167063964, -0.05546649225532688, -0.07174300028349767], [0.01148489268969366, -0.8619055654311075, 0.5069387473046318]], "T": [0.01939484046442267, 0.014485389993713457, 0.12242551169435066], "aligned_model": [[0.2287326578318362, -0.11916504107231995, -0.6380491515531991, -0.49992600285581806, -0.6082220612961365, -0.5429772828811615, 0.0011949620912234185, -0.0031203734168400513, 0.3330811507515891, -0.35931951538758683, 0.7903772198129024, 0.4720986195741946, 0.43473601672633944, -0.36939018807538976, 0.0037940080448985967], [-0.600041939005364, -0.7510155612664609, 0.04284051509017238, 0.6995859843592814, 0.11832590046095168, -0.42012568681313084, 0.10566485544605816, 0.7907278042040772, 0.30883629934826523, 0.4517284731252794, -0.2047278314267928, 0.36780999531661734, -0.28100165059973914, -0.44332744069128344, 0.01582182174704642], [0.18782461774209325, -0.3247944521192743, 0.3862856139834086, -0.05802665573571049, -0.4066224004041401, -0.07268880736411369, -0.5442307822068532, 0.23946279128371634, 0.5272135105261386, 0.4962541575818475, 0.39221748275950197, -0.10700311109022749, -0.24216945021784925, 0.4224507074167051, 0.08194868566685007]], "inverted": true, "swapped": true, "error_lsq": 0.04521206407921097, "error_max": 0.3243466824919202, "target": "1032.xyz", "model": "10.xyz", "model_rescale": 4.2482417240324, "target_rescale": 4.204049620077888},
{"mapping": [7, 14, 13, 12, 4, 3, 9, 10, 11, 5, 1, 15], "R": [[0.41755356584943026, -0.4749322820563955, 0.7746536949548035], [0.19609333245454352, -0.7853424721516009, -0.5871836223888433], [0.8872409056244517, 0.39708503987875976, -0.23479149578122804]], "T": [-0.03236366811630193, 0.05272053784953287, 0.008911617814277482], "aligned_model": [[-0.826833519981147, 0.022767380477794023, 0.6198951113166262, 0.6845294110027541, -0.6471209781422175, 0.1341351060205884, -0.34982038401035415, 0.5531753991808075, 0.15010392503961006, -0.031056188912651335, -0.43995993159867547, 0.00695027196987158], [-0.15269588621994976, -0.64826858850393, -0.28001766451674603, -0.3101422484263866, 0.6334279468938543, 0.5944840623996281, 0.2184832397995583, 0.30032286126078345, -0.4366584823847617, 0.5406443304278827, 0.15256318008420916, 0.05398863923649757], [0.03438536861209548, 0.09965070285715494, 0.4941576592982147, -0.18850274775385215, -0.0014964662240938634, 0.2562715235743946, 0.47863370934677224, -0.2122503924886772, -0.5111196723053498, -0.38438093645437255, -0.4907281881715371, -0.009428270436392883]], "inverted": false, "swapped": true, "error_lsq": 0.04227183394493871, "error_max": 0.21096957659623355, "target": "1032.xyz", "model": "11.xyz", "model_rescale": 3.6694154284099745, "target_rescale": 4.204049620077888},
{"mapping": [10, 13, 8, 6, 3, 0, 5, 1, 9, 7, 2, 4, 11, 15], "R": [[-0.6711355847813865, 0.2636967203801229, 0.6928499595878708], [-0.44402806564955394, -0.8913952291475935, -0.0908494489164644], [0.5936464467641176, -0.3686171253667918, 0.7153358030538252]], "T": [0.04971679160799593, 0.07137220929366454, -0.06127819052045032], "aligned_model": [[0.01294909780936633, 0.033116664972020884, 0.058691641089531024, 0.514448821908737, 0.5933951604011645, -0.5739053613541114, 0.15631897059366612, -0.14882927138675556, 0.5218900518208455, 0.017489047629074453, -0.49847429363157336, 0.5565335129328062, -0.6788778787073548, 0.0335186861783926], [-0.3524240299870978, 0.5363593351327058, 0.7418566937980586, 0.5529703913825968, -0.1377895562197562, -0.5631581678268316, -0.5397246589866727, -0.2898872550654352, 0.3554114733983628, 0.35988455023011195, 0.24795719564935903, -0.2201151075642187, -0.010967421214956682, 0.0506138454100276], [-0.5829298261502794, -0.8063495669916746, -0.21851667714678574, -0.4721848420973249, -0.2688394307686993, 0.05561002116659271, 0.027867550390371684, 0.4445026545290604, 0.1514869191298442, 0.7066730881585762, 0.28378090743578677, 0.5498093060454506, -0.1360363495189359, -0.09577829452956763]], "inverted": true, "swapped": true, "error_lsq": 0.04527922407058448, "error_max": 0.2783566341240995, "target": "1032.xyz", "model": "12.xyz", "model_rescale": 3.9764082729961374, "target_rescale": 4.204049620077888},
{"mapping": [3, 4, 6, 2, 0, 7, 1, 5, 12, 9, 8, 14, 11, 10, 13, 15], "R": [[-0.2934766940053396, -0.9554253219411137, -0.03215407080628685], [0.934011396177902, -0.2937415450990277, 0.20331900179924764], [-0.20370110919065426, 0.02963711990992579, 0.9785844364376239]], "T": [-0.02738984519059721, 0.09156878833926949, 0.03714692022844915], "aligned_model": [[-0.41421377031545736, -0.5938624841386916, -0.6405952734735517, 0.37494813095099927, -0.012511577771400391, -0.29266090787656973, 0.5962319431409097, -0.24076660327782462, 0.4193676750082322, 0.2616547008742582, 0.22203339463746566, -0.5403227998149845, 0.008540401415984517, 0.5929347211929752, -0.07803586939420323, -0.1233935228374318], [-0.5322689072895604, 0.010781981777818306, 0.5355286981227079, -0.5308450392608881, -0.15575094869972136, -0.5338720225167225, -0.018166456857024907, 0.6086000531214195, 0.5396145467913741, 0.28797340576764263, -0.4764300610755794, 0.14715240112540348, -0.08768981927915334, 0.02271038214116436, 0.5360835827661716, 0.04293544235708559], [0.4490173219048983, -0.39695671139424593, 0.1397992798147305, -0.25778475672830803, -0.6452895371299108, -0.2937439293583056, -0.011603662751840299, -0.5873312108383429, 0.12007008603354263, -0.4521153848396996, 0.3759952508213994, 0.6475715966832979, 0.8098823650754583, 0.5437067401857323, 0.45466593052004733, 0.039748133393451276]], "inverted": false, "swapped": false, "error_lsq": 0.04419817086066629, "error_max": 0.42628728239419805, "target": "1032.xyz", "model": "13.xyz", "model_rescale": 4.170626492500431, "target_rescale": 4.204049620077888},
{"mapping": [10, 12, 5, 0, 3, 7, 1, 13, 6, 14, 8, 2, 9, 15], "R": [[0.9983827195470807, -0.02226250679476488, 0.05230990442534038], [0.054894826003189845, 0.13827037050671784, -0.9888720153376849], [0.014781860094545244, 0.990144275058513, 0.1392688449761729]], "T": [-0.027237149952229964, 0.10481320543411003, 0.02610856165044264], "aligned_model": [[0.1007427885888336, 0.07131022650423194, -0.27763130714789924, -0.772482593219524, 0.3634638881154979, -0.41449886146280485, -0.6317862170503523, 0.6368476631479841, 0.738557005873231, -0.05093826510019772, 0.3659842945196009, -0.5225413330752796, 0.260621722291548, -0.02446598989322634], [-0.323474888635756, -0.7164847412084636, 0.2072740142581017, -0.2745295839131044, 0.3147894875301998, 0.6567389860845023, 0.31490229975939377, -0.4204351728078379, 0.15300991677236644, -0.2477611985525376, 0.035596071641335394, -0.010349313262031437, 0.5993278066616546, 0.06747078359784264], [-0.4771468292795401, 0.007788689390164048, -0.5391833264980357, -0.29932118598301627, -0.40479646397537467, 0.49454581916814566, -0.1008804176159031, 0.2600432739121434, 0.1934206449220295, 0.6407534315822573, 0.5873035523246996, 0.4644838174451997, 0.17269458397513174, 0.004167511752965487]], "inverted": false, "swapped": true, "error_lsq": 0.049908075291522344, "error_max": 0.2657287912093951, "target": "1032.xyz", "model": "14.xyz", "model_rescale": 3.9786697098870705, "target_rescale": 4.204049620077888},
{"mapping": [3, 13, 5, 4, 10, 0, 8, 14, 1, 9, 12, 15], "R": [[-0.7601369340952564, -0.24131995985771784, -0.6032880890574035], [-0.5443224905750168, -0.27053273502089575, 0.794056084628992], [-0.354830759205674, 0.9319746328395336, 0.07428604219597201]], "T": [0.06586351558281348, -0.06085651796914676, 0.03430533337828259], "aligned_model": [[0.01263237480504667, -0.8075915816577129, 0.5047963649097995, 0.7135776097380383, -0.08976974539715427, 0.561888685342207, -0.4664969828957549, -0.3048018065751247, 0.6924873826921599, 0.04875821255364102, -0.4336731319280215, 0.051547215180212255], [-0.36236506082944003, 0.018938084933644905, 0.06941802091477597, -0.579547277827904, 0.3239999031707967, 0.6858917448258597, -0.28961974436842425, 0.14985226744723004, 0.08082080966847535, -0.6494122034392751, 0.5934665477646739, -0.02676860203597404], [-0.5029799963427544, -0.013953985817452712, -0.3936162346798634, -0.12904190789759504, -0.4955431052106771, -0.0047114087072953476, 0.40661383377536264, 0.6007572695892922, 0.14838104043779032, 0.08125740262703075, -0.04877284503050533, 0.011576431130497524]], "inverted": false, "swapped": true, "error_lsq": 0.048901327491793156, "error_max": 0.25717774153494954, "target": "1032.xyz", "model": "15.xyz", "model_rescale": 3.769337070930944, "target_rescale": 4.204049620077888},
{"mapping": [3, 6, 5, 10, 4, 9, 1, 8, 11, 12, 15], "R": [[-0.5387504175191324, 0.6599284904153129, -0.5236815589278725], [-0.7991951346030917, -0.5969964440953699, 0.06987404785920223], [-0.26652415359532916, 0.456168426434415, 0.8490437222396989]], "T": [0.0744341711855418, 0.0438594827629305, 0.03032324845698621], "aligned_model": [[-0.27717669046117793, -0.2459770330939101, -0.0446127233228137, -0.5361224680407464, 0.47201767858713944, 0.27799591945890934, 0.4740989128738257, 0.127566360028319, 0.10538562103169374, -0.4691735957366638, 0.0386241493665953], [-0.04670403423336125, -0.6628645868505264, 0.5547021646063912, 0.3261779983397307, 0.20887709597250922, -0.36458503115219243, 0.5502398600007398, -0.5825945315298673, 0.41246228229367066, 0.13834162758478386, 0.0620116525934639], [-0.47026094292444043, -0.09065069456429826, -0.31263150282073693, 0.05466232712227294, -0.6976551271390722, -0.3446841871895627, -0.06760637289665573, 0.31154606411406255, 0.6678126794529797, 0.6468791991517365, 0.046806164917491254]], "inverted": false, "swapped": true, "error_lsq": 0.04406779700655644, "error_max": 0.2228121404891614, "target": "1032.xyz", "model": "16.xyz", "model_rescale": 3.7852294659196426, "target_rescale": 4.204049620077888},
{"mapping": [1, 10, 12, 0, 5, 3, 6, 13, 2, 7, 9, 14, 15], "R": [[0.4689455627327034, -0.8187941619981397, -0.3311588432626739], [-0.591185994267086, -0.5695518249375741, 0.571060276059118], [-0.6561929437107239, -0.07201971249625409, -0.7511484418117446]], "T": [-0.041620024186450465, 0.1256746662567701, -0.040601294741690046], "aligned_model": [[0.08361829910585958, -0.42658780663037815, 0.09369451222762845, 0.12242512598502717, -0.42920138441589145, -0.6415212235443729, -0.27021508505185865, -0.028252928853005947, 0.5909433478748816, 0.4057093468355603, -0.17075141675348599, 0.5765107582054977, -0.052605694769178646], [-0.12604631800780514, -0.34189662114475766, -0.38451155751077065, -0.6993663249443554, -0.22097803710140357, 0.26907903350334206, 0.6601693963178454, 0.24972244092257878, -0.007248998673046292, 0.5176406000111916, 0.6898647623107157, 0.17749517108869928, 0.09113207693064075], [-0.6294095074888806, 0.2530863665056721, 0.5965623526819933, -0.3529997498086912, -0.390405472198498, 0.0037858628967476285, 0.487429601109879, 0.8289120276403852, -0.22214022735057132, -0.606539723704089, -0.158539846818648, 0.3027465470715015, -0.016733533393626945]], "inverted": true, "swapped": true, "error_lsq": 0.04808618585418988, "error_max": 0.2979034698916536, "target": "1032.xyz", "model": "17.xyz", "model_rescale": 3.901054581598922, "target_rescale": 4.204049620077888},
{"mapping": [11, 2, 0, 12, 7, 5, 8, 14, 1, 3, 9, 6, 13, 10, 15], "R": [[0.6602986641946981, 0.536521258909364, 0.5255003451958988], [0.2836376777886517, -0.8260659443972324, 0.4869956090621044], [0.6953814361926545, -0.17251085254389126, -0.69762788358352]], "T": [-0.03199252183768046, 0.016681999651494177, 0.09218515851652463], "aligned_model": [[-0.011342392617503347, -0.0498435018699559, -0.5795032331618778, 0.3593451719058273, -0.2314619164629802, -0.590072213909906, 0.6063432732849519, 0.4737976785063493, -0.6038941682319843, -0.11893684703991743, 0.04991214143915261, 0.5677830916003271, 0.7747359533658633, -0.07945975515121183, -0.0283170705681006], [0.07312826154637818, -0.4054716979657651, 0.23579953954748017, 0.5391151302513345, -0.779622893641108, 0.29699762611065933, -0.2331557786320779, -0.24496508938155906, -0.2082092274977905, 0.34404030263333474, -0.28544574429604935, 0.11436583556437734, 0.3641360840805531, 0.6824236321077091, 0.055621369399629306], [-0.6423937564969393, -0.42957062968779647, -0.5841400353661002, -0.4162398150956642, 0.10391726427063384, 0.1443443088972907, 0.15898658640818739, -0.33016048592149994, -0.12712203639853076, 0.6095764099729638, 0.5930896759331153, 0.5896628233572074, 0.10139243533636154, 0.00494706324183615, 0.07337659640091082]], "inverted": false, "swapped": true, "error_lsq": 0.04504796261377651, "error_max": 0.24900654643445794, "target": "1032.xyz", "model": "18.xyz", "model_rescale": 3.9405287249114394, "target_rescale": 4.204049620077888},
{"mapping": [4, 12, 1, 11, 14, 13, 5, 3, 2, 10, 9, 0, 8, 5, 6, 15], "R": [[0.8411497802352625, 0.45526343322386675, -0.2918942506788843], [0.32550552346096706, -0.8572299268516331, -0.39900251466168163], [-0.4318717418477057, 0.24060768665851368, -0.8692495267265132]], "T": [-0.16867195740524682, -0.07086496821376023, 0.036086873011684124], "aligned_model": [[-0.7618194309991613, -0.6454921134515408, -0.38389668739587485, 0.41781273116583745, -0.1432230594614868, -0.13726982626628034, 0.5558963725538353, -0.40004774844161267, 0.4204128441334441, 0.2913649128387355, 0.34385482086072255, -0.5090817549842659, 0.02253554426810539, 0.5558963725538353, 0.052012156077666793, -0.1396069751312502], [-0.3187874882051427, -0.05413778034470773, 0.5494840995713356, -0.32565043039213915, -0.19037979963922935, -0.6547771655204121, 0.05225438602239463, 0.5015828487315896, 0.5680302427733076, 0.26237618924416917, -0.5947287153914085, 0.18639512609696948, -0.036638172729594964, 0.05225438602239463, 0.44443647746564696, -0.04535696471303624], [0.3844767799641638, -0.2331747138947553, 0.1021533068344847, -0.2960776648818789, -0.7286402160462198, -0.2946551675099522, 0.42480914223695804, -0.5505964615656365, 0.046916877026350674, -0.5072550505859221, 0.26388705499105364, 0.575171904841911, 0.7672095530802736, 0.42480914223695804, 0.5300973969169887, 0.02649962774712795]], "inverted": false, "swapped": false, "error_lsq": 0.045807687920782936, "error_max": 0.472954297422795, "target": "1032.xyz", "model": "19.xyz", "model_rescale": 4.410303926677745, "target_rescale": 4.204049620077888},
{"mapping": [13, 14, 12, 6, 10, 7, 3, 11, 2, 1, 4, 5, 0, 15], "R": [[0.7075872850523571, 0.05675326692905601, -0.7043431697156678], [-0.14966064292529052, 0.9861930962416594, -0.07088630957017258], [0.6905953417099072, 0.15557070295582318, 0.7063114259237265]], "T": [-0.10359223929020511, -0.03165660806044068, 0.06533644566256572], "aligned_model": [[-0.14970655316456571, 0.19360397621682174, 0.44035397420445654, -0.6459588614700983, 0.11335381046150123, -0.24023275541772043, -0.5343124731811838, 0.6196556645465998, 0.32680767783812353, 0.14031951045398838, -0.5603247287702612, -0.03016598024330383, 0.6661760339455636, -0.07838140595904924], [-0.0368645923086376, -0.5586674806117651, 0.1660814394195177, -0.06848858970949058, 0.5609894694900712, -0.6606303069700324, 0.4106816993018785, -0.15453885250573163, -0.5183094099400791, -0.05668410228211725, 0.05372756055104966, 0.4493530191260769, 0.2269074550012864, -0.0026088423808243964], [-0.8118558333692751, -0.30424807652456154, -0.5259331220381793, -0.5014428743217729, -0.16871607611873352, 0.574991839249001, 0.03021688905342948, -0.005594607458258821, 0.2347072406166388, 0.6700048554612309, 0.7719912059001893, 0.46029048494477454, 0.4471710616912882, 0.04523205163925016]], "inverted": true, "swapped": true, "error_lsq": 0.05007605381624884, "error_max": 0.3072073284216064, "target": "1032.xyz", "model": "20.xyz", "model_rescale": 4.121658175737393, "target_rescale": 4.204049620077888},
{"mapping": [7, 8, 14, 2, 11, 9, 13, 1, 3, 10, 12, 0, 15], "R": [[-0.9346278076015971, 0.25739693159108445, 0.24539291119616], [0.2811079038435753, 0.11206279577749412, 0.9531108415075358], [0.21782839037761606, 0.9597857830839267, -0.17709331702656278]], "T": [-0.04676294137087558, -0.1669945047223048, -0.001519713250162348], "aligned_model": [[0.29816317207305243, -0.23855360399088427, 0.23544466712456677, 0.5622988908317199, 0.561580223532119, -0.4007514456593515, -0.461615973028465, 0.4238232496817721, -0.5814030444483701, -0.19311943667165266, 0.06914455469643531, 0.6517908710972941, -0.04571922057394124], [-0.681042717474192, 0.1641785630924091, 0.2989714690848343, -0.11583004940124664, 0.2329395861000693, -0.48702940281187845, 0.5876219595032969, -0.5882832052890825, -0.3370490808128146, 0.14067005215183262, 0.6094673411934919, -0.14630449258246117, -0.1374831185910754], [0.5377460616794254, 0.5711011687012805, 0.4522350071666528, 0.27630646890419486, -0.11636790616133785, 0.34656746826342816, 0.17188992166458358, -0.16525019454198955, -0.2616310021855833, -0.582034865005719, -0.26276667395560716, -0.5643613763038188, -0.03332433874372016]], "inverted": false, "swapped": true, "error_lsq": 0.05014055995695622, "error_max": 0.2579384515048262, "target": "1032.xyz", "model": "21.xyz", "model_rescale": 4.08911054899281, "target_rescale": 4.204049620077888},
{"mapping": [3, 13, 12, 1, 0, 4, 11, 7, 5, 6, 2, 14, 15, 11, 9, 16], "R": [[0.954278450689667, -0.2988301028636634, -0.0072943931770529866], [-0.27678703172971164, -0.8925751376900668, 0.3559474155599592], [-0.11287859680021128, -0.337653954811803, -0.9344775166821107]], "T": [-0.0011664560735073458, 0.07695564743718838, 0.02401490632895867], "aligned_model": [[-0.7323346770189666, -0.6285170345274155, -0.6092604114406766, 0.5677056099108769, -0.027853898721324308, -0.3572999955440369, 0.6808421595452235, -0.3600243706366226, 0.36613325732885676, 0.2570857701809924, -0.015623819996077416, -0.3812405564990538, 0.19972450095503438, 0.6808421595452235, -0.07251419989292851, -0.028316334868395594], [-0.30613034684818885, 0.014004782285722439, 0.47388669085715174, -0.46648848840088797, -0.2644670033468923, -0.480441813664812, 0.08091080560390612, 0.3818054299095308, 0.6652830572105768, 0.31898336057633414, -0.6202075743216668, 0.07806777341505677, -0.24893815432884756, 0.08091080560390612, 0.6314517040290571, 0.05772621041219046], [0.29404634330679225, -0.17397096770872886, 0.15681925207688704, -0.0811108518462102, -0.6708215867510793, -0.1968224960488899, 0.3714938772094223, -0.5089802111828352, 0.15320791462292427, -0.6319519390669034, 0.21111984006528853, 0.5410884284789373, 0.6444527124375239, 0.3714938772094223, 0.4655930242633328, -0.010025705673978397]], "inverted": true, "swapped": false, "error_lsq": 0.047329127126160574, "error_max": 0.374180922771477, "target": "1032.xyz", "model": "22.xyz", "model_rescale": 4.204369325754507, "target_rescale": 4.204049620077888},
{"mapping": [4, 12, 1, 11, 14, 13, 5, 3, 2, 10, 9, 0, 8, 5, 6, 15], "R": [[0.8411497802352625, 0.45526343322386675, -0.2918942506788843], [0.32550552346096706, -0.8572299268516331, -0.39900251466168163], [-0.4318717418477057, 0.24060768665851368, -0.8692495267265132]], "T": [-0.16867195740524682, -0.07086496821376023, 0.036086873011684124], "aligned_model": [[-0.7618194309991613, -0.6454921134515408, -0.38389668739587485, 0.41781273116583745, -0.1432230594614868, -0.13726982626628034, 0.5558963725538353, -0.40004774844161267, 0.4204128441334441, 0.2913649128387355, 0.34385482086072255, -0.5090817549842659, 0.02253554426810539, 0.5558963725538353, 0.052012156077666793, -0.1396069751312502], [-0.3187874882051427, -0.05413778034470773, 0.5494840995713356, -0.32565043039213915, -0.19037979963922935, -0.6547771655204121, 0.05225438602239463, 0.5015828487315896, 0.5680302427733076, 0.26237618924416917, -0.5947287153914085, 0.18639512609696948, -0.036638172729594964, 0.05225438602239463, 0.44443647746564696, -0.04535696471303624], [0.3844767799641638, -0.2331747138947553, 0.1021533068344847, -0.2960776648818789, -0.7286402160462198, -0.2946551675099522, 0.42480914223695804, -0.5505964615656365, 0.046916877026350674, -0.5072550505859221, 0.26388705499105364, 0.575171904841911, 0.7672095530802736, 0.42480914223695804, 0.5300973969169887, 0.02649962774712795]], "inverted": false, "swapped": false, "error_lsq": 0.045807687920782936, "error_max": 0.472954297422795, "target": "1032.xyz", "model": "23.xyz", "model_rescale": 4.410303926677745, "target_rescale": 4.204049620077888},
{"mapping": [12, 0, 7, 4, 3, 2, 8, 1, 9, 10, 5, 13, 6, 15, 14, 16], "R": [[0.03993189131081957, -0.634699597387678, 0.7717265481582583], [0.9555375368245539, 0.2500789676431243, 0.15623228111313558], [-0.2921531443876747, 0.7311750344606064, 0.6164654160664049]], "T": [-0.02506157090678445, 0.15205657265152905, 0.10319159480776496], "aligned_model": [[-0.5786861580818868, -0.5771277026974623, -0.6427046578411711, 0.3288496312344421, -0.09210244876666651, -0.15405096364549192, 0.748159278123202, -0.4097527289085178, 0.5107309218929913, 0.36012246387193636, 0.06118737353354176, -0.4577107924043867, -0.11154760122476248, 0.48861180892950623, 0.1182156395039867, -0.05284590519855112], [-0.35084178135844546, -0.2756471317593445, 0.3866505556881039, -0.3185603324113354, -0.1864326315204743, -0.6166474907879795, 0.006037737908920898, 0.4771932020268386, 0.46798438997466063, 0.37473700598168525, -0.44382071028424197, 0.2844067193018599, -0.09187570085059177, 0.033217701273081435, 0.5294809971984122, 0.12047470861098657], [0.39775720174950135, -0.18434681732018288, 0.029614580954968883, -0.2533907416296322, -0.7275800729739675, -0.3715185805528093, -0.1345365814360528, -0.5915272222427632, 0.17759591275523606, -0.37202480878021515, 0.28510755532785026, 0.641229431440368, 0.8179749901547202, 0.5841605879162686, 0.6464893352291634, -0.009373259200548434]], "inverted": false, "swapped": false, "error_lsq": 0.04603721532108151, "error_max": 0.263960485556418, "target": "1032.xyz", "model": "24.xyz", "model_rescale": 4.28219845311461, "target_rescale": 4.204049620077888},
{"mapping": [6, 10, 8, 13, 12, 14, 7, 5, 3, 9, 2, 0, 0, 4, 1, 15], "R": [[0.9185188592614986, -0.34697189166020853, -0.18956163002752327], [-0.386342945284282, -0.8895536786319713, -0.24378962541788676], [-0.08403709782007826, 0.2971611670963482, -0.9511219727037719]], "T": [0.028776432255403155, 0.023368327567994347, -0.041943578479359526], "aligned_model": [[-0.6997174170442347, -0.7184665374913561, -0.5873367226070209, 0.4225973028588868, 0.11997956404120275, -0.36720157631528616, 0.8019303615596169, -0.3337621070429736, 0.4147197016967461, 0.35662419802737266, 0.013079669215969224, -0.1347733442039075, -0.1347733442039075, 0.47753129356798857, -0.11057355605911792, 0.01949067232073109], [-0.24822111989096263, -0.09597710502776163, 0.33001708298412197, -0.4020843380681952, -0.35369156892740583, -0.5889515848212082, 0.084144806050261, 0.738480242451365, 0.658208343945977, 0.35903073851270567, -0.5668248356421828, -0.07013584396179337, -0.07013584396179337, 0.06355517874801236, 0.5459503263632063, 0.012992760237790661], [0.41383379976857, -0.28087752481276257, 0.04925498585163412, -0.1716031639992095, -0.7006754840679411, -0.26196713747861533, -0.10585935912056063, -0.3291045744892274, 0.17730808340249227, -0.5284826542337957, 0.3047633094215995, 0.7518212560670215, 0.7518212560670215, 0.5339493494736317, 0.3006451459974027, 0.03080422354464444]], "inverted": false, "swapped": false, "error_lsq": 0.05066577622025612, "error_max": 0.4317609266217581, "target": "1032.xyz", "model": "25.xyz", "model_rescale": 4.100010024507729, "target_rescale": 4.204049620077888},
{"mapping": [7, 14, 13, 12, 4, 3, 9, 10, 11, 5, 1, 15], "R": [[0.41755356584943026, -0.4749322820563955, 0.7746536949548035], [0.19609333245454352, -0.7853424721516009, -0.5871836223888433], [0.8872409056244517, 0.39708503987875976, -0.23479149578122804]], "T": [-0.03236366811630193, 0.05272053784953287, 0.008911617814277482], "aligned_model": [[-0.826833519981147, 0.022767380477794023, 0.6198951113166262, 0.6845294110027541, -0.6471209781422175, 0.1341351060205884, -0.34982038401035415, 0.5531753991808075, 0.15010392503961006, -0.031056188912651335, -0.43995993159867547, 0.00695027196987158], [-0.15269588621994976, -0.64826858850393, -0.28001766451674603, -0.3101422484263866, 0.6334279468938543, 0.5944840623996281, 0.2184832397995583, 0.30032286126078345, -0.4366584823847617, 0.5406443304278827, 0.15256318008420916, 0.05398863923649757], [0.03438536861209548, 0.09965070285715494, 0.4941576592982147, -0.18850274775385215, -0.0014964662240938634, 0.2562715235743946, 0.47863370934677224, -0.2122503924886772, -0.5111196723053498, -0.38438093645437255, -0.4907281881715371, -0.009428270436392883]], "inverted": false, "swapped": true, "error_lsq": 0.04227183394493871, "error_max": 0.21096957659623355, "target": "1032.xyz", "model": "26.xyz", "model_rescale": 3.6694154284099745, "target_rescale": 4.204049620077888},
