[{"mapping": [9, 11, 2, 0, 1, 10, 12, 4, 5, 8, 7, 13], "R": [[0.42590539182946324, 0.5439248920928469, -0.7230147363452398], [0.9017024100330746, -0.3209008232551968, 0.289750626185143], [-0.07441344603723787, -0.7753504842301462, -0.6271317769440017]], "T": [0.0076670104587068365, -0.17227257507915944, -0.049894228873656216], "aligned_model": [[-0.25791975103407155, 0.4690677630269398, 0.3785154089403207, -0.07681336035344745, -0.21039136547781018, -0.5189910435772656, 0.2972871727227304, -0.4750204711735963, 0.5391644999185802, 0.20750054101111268, -0.504491251125918, -0.010265680417025547], [-0.3747787755547447, -0.5529840546466862, -0.36678759485553747, 0.6071333921844309, 0.32976916980180676, -0.4652844726209711, -0.3843293432829933, -0.4470492294836997, 0.31046434797473793, 0.3151074620883399, 0.21891666895114187, -0.13662253457876747], [-0.5115384420849176, 0.032556341601377686, -0.72367234628043, -0.04889451473794598, -0.6350197633207548, -0.022020998845417084, 0.5962072125836916, 0.5889883369414521, -0.0323364322096211, 0.5161160197336941, 0.44335279277310913, -0.02178646080067572]], "inverted": true, "swapped": true, "error_lsq": 0.04707886384248263, "error_max": 0.2938249062618261, "target": "1034.xyz", "model": "0.xyz", "model_rescale": 3.751011558992144, "target_rescale": 4.1465368122671284},
{"mapping": [1, 0, 2, 13, 11, 8, 7, 6, 4, 3, 12, 5, 10, 14], "R": [[-0.4009102427630378, -0.7826234837072565, -0.47620527086289133], [-0.6711895853239886, 0.6047111343025997, -0.42875282460069647], [0.6235186587426992, 0.14773261928355824, -0.7677236191490562]], "T": [-0.019896181189693156, 0.06980163000200085, 0.018700920026819418], "aligned_model": [[-0.578390172723525, -0.3463087571603672, -0.11798418091094076, 0.49512613551194906, 0.48550086824981364, -0.523505555139816, 0.013152430004141076, -0.10733775642596119, -0.6106971492174186, 0.2561305625321929, 0.6017861221461975, 0.10641367532954532, 0.05638312424439602, 0.033411010357531995], [0.314074841725036, -0.19607709475627072, -0.7453017573030958, -0.44210652383621524, 0.6865642475252738, -0.2518828831820887, 0.3804000908974209, 0.790713699611673, 0.3756378534784293, -0.33891195752401687, 0.17607225833666929, -0.35401732164623295, 0.4898661361225498, 0.08189526578547486], [-0.3190868963475394, -0.6123837434444058, -0.07990594739401843, 0.03299265308482452, 0.04884532200061323, 0.3073441679765221, -0.5662036954318033, -0.17199649495681432, 0.44647701858421507, -0.5645385930676549, -0.37397295400804365, 0.4597330768651863, 0.7188302126500129, 0.01471347143760679]], "inverted": true, "swapped": false, "error_lsq": 0.03740347317077191, "error_max": 0.22668325634556835, "target": "1034.xyz", "model": "1.xyz", "model_rescale": 3.9405287249114394, "target_rescale": 4.1465368122671284},
{"mapping": [12, 4, 7, 9, 10, 8, 11, 3, 6, 0, 1, 5, 13], "R": [[0.8379138017107759, -0.4287026275126873, -0.33780840437489573], [0.43278006669161706, 0.14473623186487555, 0.8898049432656333], [-0.3325686016102461, -0.891776586567104, 0.3068104380130024]], "T": [0.01759879477829114, -0.01596670773488301, 0.1370197555899473], "aligned_model": [[-0.23167715057703547, 0.10583440446840682, -0.3427441689777761, 0.49882039190473376, 0.4309551017444033, -0.7162664535724207, 0.11085994656388569, 0.7426457400492051, 0.07662293173116201, -0.5716146475616559, -0.019446461596676054, -0.5703078638867668, -0.017698491005534035], [0.6756047917610646, 0.4145638170453953, -0.09960020807574305, -0.31941927305714807, -0.02039137210352637, 0.16440817586090217, 0.4464597916383716, 0.2443066636304701, -0.6024363634724933, -0.5162936059633555, -0.8119503085904144, -0.09192987910569989, -0.02448963599580615], [0.06030373290699362, -0.5865258836394072, -0.5853278892529062, 0.16868651673056184, -0.3024328365867056, -0.026525469720796585, 0.5139734290853879, 0.29768064666740535, -0.300551809106006, 0.006206497232889158, 0.2207157299876118, 0.5425171682795513, 0.10440051700406436]], "inverted": false, "swapped": true, "error_lsq": 0.04835108741826162, "error_max": 0.293546658293002, "target": "1034.xyz", "model": "2.xyz", "model_rescale": 3.932901565614263, "target_rescale": 4.1465368122671284},
{"mapping": [7, 9, 11, 10, 2, 3, 5, 4, 0, 12, 6, 1, 1, 13], "R": [[0.8392373189274491, -0.5366675240834434, -0.08757106322075661], [-0.4659386218598739, -0.6267112153574845, -0.6246072791798588], [0.2803246745807234, 0.5649964788733567, -0.7760135666867689]], "T": [-0.15705975234866426, -0.0029945205133097424, -0.044911417651249425], "aligned_model": [[-0.678966494325081, -0.3462383998444917, -0.13084530200952738, 0.4412188927065494, 0.291886352803774, -0.5398800485086059, 0.04551667905078274, -0.15126217909270545, -0.3118365359111024, 0.32445946532415904, 0.45815968224960063, 0.21722590382385393, 0.21722590382385393, -0.07298356329332076], [0.3005957658939845, -0.20337657864032804, -0.8739963294155082, -0.39695303316134123, 0.6297748531927476, -0.10954406182599119, 0.2827245713905436, 0.8652447531835585, 0.4438773564378268, -0.21585770643669988, 0.227803541047698, 0.015753447836089715, 0.015753447836089715, -0.014873172104063376], [-0.4259479487422212, -0.72597779437328, 0.15098996021512326, -0.04272201492886871, 0.25881570913593666, 0.2756838009270861, -0.6727068266960826, -0.1416241690982634, 0.4297463559111788, -0.5980464077303725, -0.231805940722502, 0.5940935762090731, 0.5940935762090731, -0.12374427836717994]], "inverted": false, "swapped": false, "error_lsq": 0.05359379626696512, "error_max": 0.34559366451523005, "target": "1034.xyz", "model": "3.xyz", "model_rescale": 3.9243930471874484, "target_rescale": 4.1465368122671284},
{"mapping": [8, 7, 0, 5, 1, 12, 11, 6, 9, 10, 2, 3, 13], "R": [[-0.7797526723880728, -0.34900863516091996, -0.5197872088525947], [0.5525761961675624, 0.0066942390846650435, -0.8334355011589469], [0.2943557666033514, -0.9370955979761026, 0.1876340132309814]], "T": [-0.046520776114358786, -0.08658305673669678, -0.0437777314193932], "aligned_model": [[-0.026335143602994604, -0.15408772776675023, 0.5185785745185311, 0.37770294665184045, 0.6770138130296841, -0.5844270634287424, -0.31545253120634126, 0.2530154779685071, 0.0666628794613618, -0.3590544892406682, 0.3044504815890007, -0.43976298776089595, -0.041098343901180424], [-0.6484825884675003, 0.009864284928782066, -0.21441733569828494, -0.6651563847904717, 0.2478306565402568, -0.5841046938193848, -0.4172239927412439, 0.44621270003703584, 0.40840099191985835, 0.41796752415007554, -0.028187026979154636, 0.24908366373218313, -0.09395824513056392], [-0.574533606160132, -0.8423733707235799, -0.5719185415483414, -0.07724310923817532, -0.1252174432661315, -0.14085517826661045, 0.38398653106389136, -0.45035625289882086, 0.21475799220271305, -0.1521889135941108, 0.6652713917349034, 0.5494639043070453, -0.09172308824168704]], "inverted": false, "swapped": true, "error_lsq": 0.054935725300215524, "error_max": 0.26944079487306005, "target": "1034.xyz", "model": "4.xyz", "model_rescale": 3.8936222436046832, "target_rescale": 4.1465368122671284},
{"mapping": [6, 7, 1, 9, 5, 8, 12, 11, 3, 10, 2, 13], "R": [[-0.8505248808054131, 0.46356819792895343, 0.24841890628500998], [0.38879324437979934, 0.8722769616861049, -0.2966019474586895], [-0.35418531908531653, -0.15568374346912492, -0.922125442531477]], "T": [-0.08646582786312418, -0.017385564209024092, 0.009090211382721605], "aligned_model": [[-0.0983773379766189, -0.4910487495595559, -0.18243039690116866, 0.36996142530084264, -0.6556646930601085, -0.8113580124890941, -0.283450388580037, 0.06380754525281906, 0.6647228072285063, 0.30072838570645644, 0.2747087070952142, -0.12405124980215854], [-0.4392875385549532, -0.7171118782200888, 0.09243748680834152, -0.0015269646631796661, 0.42028105922561926, -0.14797363988375112, -0.1021518605549048, 0.33988176127893927, 0.09730091779951278, -0.47740554011906516, 0.6523274429757834, -0.04784834098244588], [-0.5915396413921052, -0.06387196285746725, -0.7787530210790281, -0.33161954206200317, -0.008037923225905338, 0.24428888750728506, 0.7164138585394696, 0.47213227554937975, 0.2135648258561375, -0.04054704958297441, -0.2153625060797958, 0.0026165181025256147]], "inverted": true, "swapped": true, "error_lsq": 0.05035542850067948, "error_max": 0.2529048427711351, "target": "1034.xyz", "model": "5.xyz", "model_rescale": 3.6523030999806103, "target_rescale": 4.1465368122671284},
{"mapping": [2, 11, 3, 9, 10, 5, 12, 1, 8, 7, 4, 6, 13], "R": [[0.4945278197081401, -0.28151416404506435, -0.8223089510498605], [0.8308293569979132, 0.43097844719631007, 0.3521081617950532], [0.2552740000179168, -0.8573256986083329, 0.4470210637325569]], "T": [0.042327564100167414, -0.07494472907985691, 0.07703064017136778], "aligned_model": [[0.3282198508348037, -0.20255818570328257, 0.45971061034884964, 0.5976898428357769, 0.453612628945053, -0.46032235982556285, -0.5337674479994843, 0.44283809019314563, -0.6278113484769512, -0.08417132465848404, -0.006468499344308279, 0.4903098640366067, 0.023801183478132287], [-0.47561659193516914, 0.09334652185471859, 0.31218793569142467, -0.12669973507519644, 0.3268740384013955, -0.5856081807571301, 0.378099030294452, -0.720983602313863, -0.139956690091492, 0.12132381707310672, 0.6760737222345328, -0.24117531547900253, -0.07703804573459394], [0.6991795273140619, 0.602710206179752, 0.6203233008816246, 0.1934549821911452, -0.1056928352487398, 0.12600703758786538, 0.17274309030222418, -0.1763314579026351, -0.30313725019598753, -0.7002109071301235, -0.3105910537654414, -0.48026517998480506, 0.03192027925284812]], "inverted": false, "swapped": true, "error_lsq": 0.05010891946931491, "error_max": 0.29169388416027586, "target": "1034.xyz", "model": "6.xyz", "model_rescale": 4.08911054899281, "target_rescale": 4.1465368122671284},
{"mapping": [12, 13, 1, 0, 4, 11, 7, 5, 10, 2, 6, 9, 8, 14], "R": [[0.19737719756900152, 0.3520714503301623, 0.9149250984327755], [0.4320723481942823, -0.8689900623874806, 0.24118407368166297], [0.879974844984609, 0.3477095991401718, -0.3236391615056725]], "T": [-0.017951268161762044, 0.103110000369573, -0.025463895584841162], "aligned_model": [[-0.6621616022955668, -0.47350850534552325, -0.01591826841808092, 0.7541249564413622, 0.35687676045184547, -0.5147854829676072, 0.09149722534444873, -0.10635766633469657, -0.4868587535921748, 0.26884099515686455, 0.4368473705399211, 0.08849326812333705, 0.06386299886982652, -0.037272939176217726], [0.3153882299777158, -0.1940238061820721, -0.6297505515885191, -0.43396383865504445, 0.6607506466735694, -0.10571767439554099, 0.34296884508453446, 0.8328311235707834, 0.5034095438556135, -0.34005757949356274, 0.10958235642674198, -0.3771945547421391, 0.2995339912595087, -0.01682987655698219], [-0.24439976893784274, -0.5154369836266758, -0.05474421578660704, -0.035768163721595525, 0.18758621180201926, 0.20708250453266647, -0.7533222103815301, -0.22594486899473973, 0.3475789224591176, -0.6349655257303933, -0.23103449974711074, 0.5848920685391944, 0.6225121956391625, 0.08681193190303557]], "inverted": true, "swapped": false, "error_lsq": 0.03620295363252772, "error_max": 0.2209963474090893, "target": "1034.xyz", "model": "7.xyz", "model_rescale": 3.964800864290218, "target_rescale": 4.1465368122671284},
{"mapping": [1, 5, 3, 11, 12, 0, 8, 7, 2, 10, 9, 6, 4, 13], "R": [[0.05614365186267728, 0.5767548033460941, 0.8149857588772524], [0.9962655684987989, -0.08599088141083794, -0.007777232023827685], [0.06559578781665587, 0.8123788925934718, -0.5794287941493041]], "T": [-0.06350989321531077, 0.049827709236415614, 0.000608948614610319], "aligned_model": [[-0.6891504526121446, -0.2202764108468665, -0.3740088612379885, 0.7151706828192296, 0.42176729576601646, -0.6718772664716631, 0.03822107779430149, -0.20860185240362594, -0.3633044228700273, 0.3526138260956225, 0.5010170175221732, 0.08281697641442491, 0.22002150627663147, -0.04072875944834476], [0.3859603784848286, -0.28693839666618914, -0.6053969870710206, -0.10678064042289365, 0.6275867833590789, -0.17230723080058627, 0.35233926338823157, 0.7372857797344572, 0.3873607109598054, -0.41577419625019874, 0.19363243245460127, -0.34617599361269424, 0.1578692216747218, 0.058265730002464794], [-0.24168964872748872, -0.7484461707412695, 0.015895671876541825, 0.23780867419873536, 0.037695865605292825, 0.3067209870820104, -0.6988159226541879, -0.11429487920552321, 0.48517415629134536, -0.5334228190184596, -0.3661147831262577, 0.3984472797652107, 0.6354556798072867, -0.07356649320453568]], "inverted": false, "swapped": false, "error_lsq": 0.053202973999229526, "error_max": 0.402864454441904, "target": "1034.xyz", "model": "8.xyz", "model_rescale": 4.121658175737393, "target_rescale": 4.1465368122671284},
{"mapping": [3, 11, 12, 4, 2, 9, 5, 0, 8, 1, 10, 7, 13], "R": [[-0.5434690246473736, 0.7313935362946622, 0.41195256318564305], [0.749817569159287, 0.6435998301120333, -0.15346944862030376], [-0.37737916242009245, 0.22548337798194973, -0.8981882954174804]], "T": [-0.08685140991980869, -0.039694333635058775, -0.060432746187036854], "aligned_model": [[-0.7389652217887109, -0.19193658982644332, 0.3300397014152292, 0.1848515135616873, -0.6847567793238042, -0.6067563218526217, 0.2890619203079855, 0.3746684402807777, 0.6787935740480763, -0.2709135003685105, -0.3116079701297496, 0.4698215849727667, -0.045562854861485085], [0.1867028063308274, -0.20010881532180644, 0.12071973920055776, 0.7467674007214397, -0.5553789264619213, 0.04195823742989834, -0.651631593923865, -0.30464433337939234, -0.14327900554987988, -0.35126873809328457, 0.5086449373230211, 0.4198717242169086, -0.027965993080793478], [-0.43824107589331823, -0.6330183561580244, -0.649299548197715, -0.21636801928892424, -0.13737525089063415, 0.15795271324041776, -0.0678322078341591, 0.5152516463348644, -0.09040467238644549, 0.6544167465926356, 0.052749087611386955, 0.31043373807046637, -0.037189367241462254]], "inverted": false, "swapped": true, "error_lsq": 0.05005680708498553, "error_max": 0.4122866055885331, "target": "1034.xyz", "model": "9.xyz", "model_rescale": 3.833441315466971, "target_rescale": 4.1465368122671284},
{"mapping": [1, 0, 10, 8, 3, 12, 5, 4, 6, 13, 2, 11, 7, 14], "R": [[0.3750937509627288, -0.5487339892435559, -0.7471249474067667], [0.7741556128045435, -0.2578941127037202, 0.5780776018805633], [-0.5098899539625512, -0.7952242675381671, 0.32807102762428353]], "T": [-0.043285559634833846, 0.058402451528229864, 0.005781555673796082], "aligned_model": [[-0.6985621611290554, -0.33860605931868876, -0.0468351163167627, 0.5139284986184973, 0.5239826563679761, -0.5621047752337303, -0.04499138735535628, -0.11743675701589881, -0.5224263976784639, 0.216756120420891, 0.5452608146732661, -0.0019701700040542225, 0.2534962748445057, 0.04318881592461297], [0.12682905828588073, -0.26987733063679764, -0.7632971333292785, -0.46898945672419157, 0.6964701750374701, -0.1198209115250167, 0.3653310683643707, 0.8497596443240111, 0.5000773399476479, -0.1354299131395699, 0.21918998808463425, -0.31075560891995874, 0.1846897366159332, 0.09275019884947164], [-0.32819345527109806, -0.512717382407881, -0.017698998242807504, 0.1433665503914724, 0.16514968635354443, 0.25494638404672126, -0.596901707563082, -0.05877828809594997, 0.197032485876653, -0.7225685527601493, -0.3742326391986425, 0.5779287797598343, 0.5887790180439777, 0.024735717016108313]], "inverted": true, "swapped": false, "error_lsq": 0.04424206951096778, "error_max": 0.3350727549102713, "target": "1034.xyz", "model": "10.xyz", "model_rescale": 4.2482417240324, "target_rescale": 4.1465368122671284},
{"mapping": [5, 8, 7, 4, 2, 9, 1, 10, 12, 3, 11, 13], "R": [[0.6483301196121045, 0.7057082876029028, -0.2857339126045999], [0.49923233499756847, -0.6773955394227715, -0.5402798893749502], [-0.5748348734172538, 0.20763211692489045, -0.7914883273458041]], "T": [-0.052422750698296675, 0.070825211016926, 0.0004496489837444717], "aligned_model": [[-0.638614374275199, -0.12420451081673249, 0.4889859204621286, 0.7074359285092077, -0.6006714295447052, 0.04133916322519865, -0.24523831839323046, 0.4962444069087009, 0.02391267234316892, 0.07568900365867896, -0.3131130006562027, -0.034999859058006615], [-0.31516430193603834, -0.6931741012071427, -0.4166756490258492, -0.20371947386278239, 0.6402881752710942, 0.6183962709396124, 0.3493261470221715, 0.3211642024580505, -0.4230786733362521, 0.666343877059839, 0.08884803559114511, 0.033576881076791576], [0.1528447628949086, 0.0952798758443634, 0.3580070516027438, -0.2523355390121349, -0.06645997332293264, 0.12707945011789057, 0.7265533919019873, -0.016764718908109905, -0.5440931318829929, -0.4977391901128586, -0.5439268320364563, 0.026747142767947957]], "inverted": false, "swapped": true, "error_lsq": 0.05318759227489527, "error_max": 0.2834142481705745, "target": "1034.xyz", "model": "11.xyz", "model_rescale": 3.6694154284099745, "target_rescale": 4.1465368122671284},
{"mapping": [11, 9, 7, 12, 1, 6, 8, 3, 4, 10, 2, 5, 0, 13], "R": [[-0.7149267151011366, 0.5228334356191753, -0.46424669156963105], [0.6853891040632392, 0.3927214021611592, -0.6131979095821867], [-0.13828075811944635, -0.7565811912037088, -0.6391113620103216]], "T": [-0.025595532366246277, 0.00346445593332409, -0.018145060294719066], "aligned_model": [[-0.715615914594056, -0.35716718194267677, -0.1509372997202054, 0.6059597990017219, 0.49043442344621896, -0.4494948914017955, -0.14338902051570324, 0.0039792464131947584, -0.32910327292877406, 0.30031822552271076, 0.42575603533397904, 0.02158560383895425, 0.06123723059499707, 0.00011737374917307822], [0.1327800992592042, -0.2837636417483471, -0.7169390706914847, -0.20469264034153858, 0.6441025279803162, -0.12919981134396513, 0.3651934113670372, 0.8361708684699602, 0.6317048547703907, -0.33192435760996564, 0.32492421127157645, -0.5716844892162818, 0.19807138696584578, 0.07218350610185864], [-0.2465700707652787, -0.69063783199522, -0.15033249786981043, 0.12177272612860335, 0.18127770533062287, 0.33194686913339627, -0.6722663856323878, -0.23488052943586796, 0.22858495903403028, -0.44805592719292286, -0.3634839683614714, 0.5400201695040957, 0.6640030747141499, 0.07946930535676153]], "inverted": false, "swapped": false, "error_lsq": 0.04537258246687626, "error_max": 0.29683455398478303, "target": "1034.xyz", "model": "12.xyz", "model_rescale": 3.9764082729961374, "target_rescale": 4.1465368122671284},
{"mapping": [8, 7, 4, 5, 12, 3, 2, 10, 11, 0, 9, 6, 13, 15], "R": [[-0.761801833377355, 0.5050114959091437, 0.4057355735728745], [0.2841680556776669, 0.8233525656780148, -0.49126272881606303], [-0.5821567510518751, -0.2589477584205725, -0.7707396289368322]], "T": [0.033114255444333135, 0.0908139839074222, 0.00408257630844034], "aligned_model": [[-0.532792582218511, -0.33755951923424243, 0.062466087804303405, 0.7312110061758574, 0.4558901074956354, -0.7906620584798225, -0.17402874827028936, -0.13901913713231187, -0.5347562788343732, 0.23197270378049975, 0.5419149085549958, 0.1532393724403687, 0.12808292600004703, -0.032278431284418596], [0.434779396578603, -0.3536804873148152, -0.6224895109484793, -0.3731266209620102, 0.5492936436379647, -0.07544811651871129, 0.23534834578413105, 0.8759585720416614, 0.505186879089444, -0.26627789076586134, 0.10112934276462877, -0.3463489238417628, 0.29617369489940976, 0.006428530790404119], [-0.24308150405303197, -0.48177678270545193, -0.07465950864425214, 0.019701398485259376, 0.13925104705487346, 0.050911476498733794, -0.7525290203216244, 0.012142963509795442, 0.3733559963997003, -0.5959579590472248, -0.3160964599875548, 0.61899505305143, 0.5726675628329408, 0.01792333487510809]], "inverted": true, "swapped": false, "error_lsq": 0.0438971951163886, "error_max": 0.2684860707338882, "target": "1034.xyz", "model": "13.xyz", "model_rescale": 4.170626492500431, "target_rescale": 4.1465368122671284},
{"mapping": [6, 5, 4, 8, 9, 2, 5, 11, 3, 12, 10, 0, 1, 13], "R": [[0.752741469227689, -0.2487130300897888, 0.6095261349347508], [-0.6477074708654225, -0.44535496889341997, 0.6181698665149078], [0.11770859225246944, -0.8601167248376798, -0.49633044130341747]], "T": [0.022229970771472405, 0.0109377346401099, 0.10239845787700436], "aligned_model": [[-0.6832983905376536, -0.24636244936205473, -0.11769670902392615, 0.5326073997731048, 0.3985265712863663, -0.5020530068700043, -0.24636244936205473, -0.0651668810084777, -0.42015014511332355, 0.29924378013536684, 0.5350614829262044, 0.06663169022052795, 0.22898926069630166, -0.0162897969626384], [0.2048463253582497, 0.10453279743602335, -0.6362822841136976, -0.510397418497823, 0.7245916507373756, -0.2816651808763158, 0.10453279743602335, 0.5885242369022795, 0.48976477653958833, -0.17511008219345536, 0.15554526364250837, -0.23638013713857525, 0.37031989335373133, 0.0641042166486942], [-0.3124731570404923, -0.7614984714052282, -0.1517469772556726, -0.036456973681343846, 0.17591984894008056, 0.371550943325344, -0.7614984714052282, -0.29561570497986156, 0.3271162841512745, -0.5490274246755245, -0.08312999727675535, 0.643435207217298, 0.7496306649893081, 0.024641827045502634]], "inverted": false, "swapped": false, "error_lsq": 0.052129383512835394, "error_max": 0.3325163907611474, "target": "1034.xyz", "model": "14.xyz", "model_rescale": 3.9786697098870705, "target_rescale": 4.1465368122671284},
{"mapping": [5, 8, 2, 1, 11, 3, 7, 4, 9, 6, 12, 13], "R": [[-0.3362321822234467, 0.7126397761833696, 0.6157048554612643], [-0.7119691634742844, 0.2356093125615782, -0.6615044686893572], [-0.6164801942471365, -0.6607819619477957, 0.4281581119930293]], "T": [0.06420153282997765, 0.018954340171741538, -0.05372739097049886], "aligned_model": [[-0.22916694946490995, -0.6653239902450312, 0.6741102417500874, 0.46512219712860825, 0.03081574288589556, 0.5630066346012704, -0.4219150527639005, -0.32549446833141915, 0.6108786934989394, 0.26109778502028425, -0.5092957752254925, 0.02951953791300447], [-0.25382389704389724, -0.20221450354127513, 0.1161324235831424, -0.6704978089778538, 0.5285285839571192, 0.615552354107087, -0.3513760051379734, 0.3046256755971661, -0.009078326314193072, -0.5361096115814968, 0.4838187593590849, -0.010883153782471015], [-0.6498479838901791, -0.1830223864025306, -0.5516323678075362, -0.13044515262025166, -0.37598421528467185, 0.06673630823264406, 0.4802893077114109, 0.641390773392838, 0.10444567979483418, 0.3844908827379091, -0.08973979731747514, -0.036714554673161426]], "inverted": true, "swapped": true, "error_lsq": 0.048217738713065623, "error_max": 0.266661099204168, "target": "1034.xyz", "model": "15.xyz", "model_rescale": 3.769337070930944, "target_rescale": 4.1465368122671284},
{"mapping": [6, 4, 1, 9, 0, 8, 5, 12, 2, 3, 13], "R": [[-0.7967659987516134, -0.029630891373557594, 0.603561060299414], [-0.39221917611718765, -0.7344639940366691, -0.5538291788536052], [0.45970431923063215, -0.6780004806341309, 0.5735741339535709]], "T": [-0.024407540003497666, 0.009358009259901094, 0.06301529364502949], "aligned_model": [[-0.39385695111563906, -0.3641006410556394, -0.10230078687446843, -0.47962232435410035, 0.3252387483717599, 0.5617972443258442, 0.6594669456340952, 0.2830836499322169, -0.03423925379654708, -0.5215989558559315, -0.011241544520419368], [0.20116953262458992, -0.751702734389362, 0.6664428623851046, 0.34555774637649134, 0.2114022886471786, -0.3571698835006142, 0.21545511773296916, -0.6127756776245528, 0.6541780532136068, 0.03379072400721832, -0.010283531847287638], [-0.5416456462278026, -0.08549561237332882, -0.38880258765951453, 0.12942090767046016, -0.6089498665227331, -0.28319504234873166, -0.01230046950151438, 0.3173651073654868, 0.5250239812155459, 0.6724830623277563, 0.0203137732781526]], "inverted": false, "swapped": true, "error_lsq": 0.04751594664124221, "error_max": 0.23661597983444402, "target": "1034.xyz", "model": "16.xyz", "model_rescale": 3.7852294659196426, "target_rescale": 4.1465368122671284},
{"mapping": [3, 1, 5, 2, 10, 6, 7, 0, 11, 12, 4, 8, 13], "R": [[-0.2795808658989147, -0.1934621880858819, 0.9404291154596586], [0.24789083780868493, 0.9317345695189969, 0.2653692229588008], [-0.9275692275801958, 0.3073159184687189, -0.212537653845163]], "T": [0.013675114159266671, -0.007633809321082041, -0.06144838242046621], "aligned_model": [[-0.058352004097010024, -0.47005733420158446, 0.46182386822447385, 0.0827652769670283, -0.4267107310093029, -0.6598134229068329, -0.27505123959333944, -0.12657747401090452, 0.4968384815581174, 0.5637480473770301, -0.13246135424183056, 0.3913181619366891, 0.006295574213749213], [-0.22081785780039484, -0.4475298370430574, -0.21588721967161006, -0.774612745977834, 0.23953418746243657, 0.05929607458556996, 0.6546935853877599, 0.027690736858067694, -0.126308318622201, 0.4570809667425152, 0.775380293626564, 0.42117753828865834, 0.02535821986639955], [-0.8155119595278871, 0.4016516749952531, 0.45972913600541965, -0.25200398900099574, -0.3915542497954714, 0.22286299820875524, 0.30812873914512895, 0.7090663690514377, -0.4036464288243391, -0.22804648875281033, -0.34814228682223625, 0.45946130141876185, -0.026240118957842867]], "inverted": false, "swapped": true, "error_lsq": 0.051201122798759394, "error_max": 0.27666531748423345, "target": "1034.xyz", "model": "17.xyz", "model_rescale": 3.901054581598922, "target_rescale": 4.1465368122671284},
{"mapping": [1, 0, 2, 13, 11, 8, 7, 6, 4, 3, 12, 5, 10, 14], "R": [[-0.4009102427630378, -0.7826234837072565, -0.47620527086289133], [-0.6711895853239886, 0.6047111343025997, -0.42875282460069647], [0.6235186587426992, 0.14773261928355824, -0.7677236191490562]], "T": [-0.019896181189693156, 0.06980163000200085, 0.018700920026819418], "aligned_model": [[-0.578390172723525, -0.3463087571603672, -0.11798418091094076, 0.49512613551194906, 0.48550086824981364, -0.523505555139816, 0.013152430004141076, -0.10733775642596119, -0.6106971492174186, 0.2561305625321929, 0.6017861221461975, 0.10641367532954532, 0.05638312424439602, 0.033411010357531995], [0.314074841725036, -0.19607709475627072, -0.7453017573030958, -0.44210652383621524, 0.6865642475252738, -0.2518828831820887, 0.3804000908974209, 0.790713699611673, 0.3756378534784293, -0.33891195752401687, 0.17607225833666929, -0.35401732164623295, 0.4898661361225498, 0.08189526578547486], [-0.3190868963475394, -0.6123837434444058, -0.07990594739401843, 0.03299265308482452, 0.04884532200061323, 0.3073441679765221, -0.5662036954318033, -0.17199649495681432, 0.44647701858421507, -0.5645385930676549, -0.37397295400804365, 0.4597330768651863, 0.7188302126500129, 0.01471347143760679]], "inverted": true, "swapped": false, "error_lsq": 0.03740347317077191, "error_max": 0.22668325634556835, "target": "1034.xyz", "model": "18.xyz", "model_rescale": 3.9405287249114394, "target_rescale": 4.1465368122671284},
{"mapping": [9, 5, 2, 1, 4, 11, 8, 7, 13, 6, 0, 3, 12, 15], "R": [[0.5957620936880185, 0.7508725167860186, 0.2850578735272872], [0.803006712747186, -0.5638245968429376, -0.1930855853704707], [0.01573998117620079, 0.3439364585651382, -0.9388609936844985]], "T": [-0.026764711960981073, 0.10241288739321636, 0.09754703465627923], "aligned_model": [[-0.6374517808316112, -0.381782346751403, -0.1108081749414066, 0.5077455737877075, 0.3972086042646265, -0.7236807426728727, 0.08443525611169952, -0.19421010720268894, -0.48694605849952666, 0.25619613538815633, 0.5517149001717362, 0.28126404237628344, 0.25757911737109807, -0.03758406177405979], [0.36105667336550007, -0.22071957047220658, -0.699079698946371, -0.28431688944096384, 0.6975697643047507, -0.07137226072133698, 0.21346383261846041, 0.7026928818048219, 0.4632671100319647, -0.2704646968691421, 0.2223498910581666, -0.4426463321801451, 0.2305002040505475, 0.06462594663056054], [-0.28868416922121265, -0.5812832360451183, -0.22783214935213814, 0.08147662339585696, 0.07109051164874938, 0.1551662183662259, -0.6424356747371036, -0.22994573910047655, 0.4282239217737835, -0.48484366033664905, -0.25409299641897504, 0.6750046768548015, 0.5479704890208215, 0.09103278210013638]], "inverted": true, "swapped": false, "error_lsq": 0.03891488327722902, "error_max": 0.25779701898504265, "target": "1034.xyz", "model": "19.xyz", "model_rescale": 4.410303926677745, "target_rescale": 4.1465368122671284},
{"mapping": [1, 5, 3, 11, 12, 0, 8, 7, 2, 10, 9, 6, 4, 13], "R": [[0.05614365186267728, 0.5767548033460941, 0.8149857588772524], [0.9962655684987989, -0.08599088141083794, -0.007777232023827685], [0.06559578781665587, 0.8123788925934718, -0.5794287941493041]], "T": [-0.06350989321531077, 0.049827709236415614, 0.000608948614610319], "aligned_model": [[-0.6891504526121446, -0.2202764108468665, -0.3740088612379885, 0.7151706828192296, 0.42176729576601646, -0.6718772664716631, 0.03822107779430149, -0.20860185240362594, -0.3633044228700273, 0.3526138260956225, 0.5010170175221732, 0.08281697641442491, 0.22002150627663147, -0.04072875944834476], [0.3859603784848286, -0.28693839666618914, -0.6053969870710206, -0.10678064042289365, 0.6275867833590789, -0.17230723080058627, 0.35233926338823157, 0.7372857797344572, 0.3873607109598054, -0.41577419625019874, 0.19363243245460127, -0.34617599361269424, 0.1578692216747218, 0.058265730002464794], [-0.24168964872748872, -0.7484461707412695, 0.015895671876541825, 0.23780867419873536, 0.037695865605292825, 0.3067209870820104, -0.6988159226541879, -0.11429487920552321, 0.48517415629134536, -0.5334228190184596, -0.3661147831262577, 0.3984472797652107, 0.6354556798072867, -0.07356649320453568]], "inverted": false, "swapped": false, "error_lsq": 0.053202973999229526, "error_max": 0.402864454441904, "target": "1034.xyz", "model": "20.xyz", "model_rescale": 4.121658175737393, "target_rescale": 4.1465368122671284},
{"mapping": [2, 11, 3, 9, 10, 5, 12, 1, 8, 7, 4, 6, 13], "R": [[0.4945278197081401, -0.28151416404506435, -0.8223089510498605], [0.8308293569979132, 0.43097844719631007, 0.3521081617950532], [0.2552740000179168, -0.8573256986083329, 0.4470210637325569]], "T": [0.042327564100167414, -0.07494472907985691, 0.07703064017136778], "aligned_model": [[0.3282198508348037, -0.20255818570328257, 0.45971061034884964, 0.5976898428357769, 0.453612628945053, -0.46032235982556285, -0.5337674479994843, 0.44283809019314563, -0.6278113484769512, -0.08417132465848404, -0.006468499344308279, 0.4903098640366067, 0.023801183478132287], [-0.47561659193516914, 0.09334652185471859, 0.31218793569142467, -0.12669973507519644, 0.3268740384013955, -0.5856081807571301, 0.378099030294452, -0.720983602313863, -0.139956690091492, 0.12132381707310672, 0.6760737222345328, -0.24117531547900253, -0.07703804573459394], [0.6991795273140619, 0.602710206179752, 0.6203233008816246, 0.1934549821911452, -0.1056928352487398, 0.12600703758786538, 0.17274309030222418, -0.1763314579026351, -0.30313725019598753, -0.7002109071301235, -0.3105910537654414, -0.48026517998480506, 0.03192027925284812]], "inverted": false, "swapped": true, "error_lsq": 0.05010891946931491, "error_max": 0.29169388416027586, "target": "1034.xyz", "model": "21.xyz", "model_rescale": 4.08911054899281, "target_rescale": 4.1465368122671284},
{"mapping": [7, 13, 2, 15, 5, 0, 12, 10, 6, 14, 9, 1, 8, 16], "R": [[-0.2151048320027825, 0.5862387345593423, 0.7810595734970004], [0.088508220209819, 0.8081929272796152, -0.582228895925389], [-0.9725719542554913, -0.05611005611713643, -0.22573315086222245]], "T": [0.014105791619601096, -0.005761522082151457, -0.03543566681346694], "aligned_model": [[-0.5494418312524244, -0.41872768931962184, 0.04811265369435594, 0.5917545963126952, 0.3819287021513033, -0.6874223989474716, -0.027003304741568052, -0.059647572340680105, -0.4339202407344424, 0.3347461465510884, 0.48851575646357154, 0.037869542940739506, 0.08762258517546931, -0.030706589155276024], [0.36917820988916644, -0.10990862917558542, -0.7213182214998212, -0.44773655620005676, 0.5773610602150784, -0.1537630690794513, 0.2449513402923309, 0.7726649996363883, 0.43571862428146163, -0.19783772997929627, 0.3964940365269005, -0.40934091448317056, 0.2298102799296768, -0.019346575119014726], [-0.2536797094675549, -0.5238397248334044, 0.05443074862395951, 0.014433617794291725, 0.11424203510357167, 0.2578783937178508, -0.7285609144205984, -0.23480467344352224, 0.36447942823950213, -0.5570860086098912, -0.382816239654524, 0.6476143602112094, 0.6125328704028374, -0.04397658571502681]], "inverted": false, "swapped": false, "error_lsq": 0.03640659695597415, "error_max": 0.2153218938154697, "target": "1034.xyz", "model": "22.xyz", "model_rescale": 4.204369325754507, "target_rescale": 4.1465368122671284},
{"mapping": [9, 5, 2, 1, 4, 11, 8, 7, 13, 6, 0, 3, 12, 15], "R": [[0.5957620936880185, 0.7508725167860186, 0.2850578735272872], [0.803006712747186, -0.5638245968429376, -0.1930855853704707], [0.01573998117620079, 0.3439364585651382, -0.9388609936844985]], "T": [-0.026764711960981073, 0.10241288739321636, 0.09754703465627923], "aligned_model": [[-0.6374517808316112, -0.381782346751403, -0.1108081749414066, 0.5077455737877075, 0.3972086042646265, -0.7236807426728727, 0.08443525611169952, -0.19421010720268894, -0.48694605849952666, 0.25619613538815633, 0.5517149001717362, 0.28126404237628344, 0.25757911737109807, -0.03758406177405979], [0.36105667336550007, -0.22071957047220658, -0.699079698946371, -0.28431688944096384, 0.6975697643047507, -0.07137226072133698, 0.21346383261846041, 0.7026928818048219, 0.4632671100319647, -0.2704646968691421, 0.2223498910581666, -0.4426463321801451, 0.2305002040505475, 0.06462594663056054], [-0.28868416922121265, -0.5812832360451183, -0.22783214935213814, 0.08147662339585696, 0.07109051164874938, 0.1551662183662259, -0.6424356747371036, -0.22994573910047655, 0.4282239217737835, -0.48484366033664905, -0.25409299641897504, 0.6750046768548015, 0.5479704890208215, 0.09103278210013638]], "inverted": true, "swapped": false, "error_lsq": 0.03891488327722902, "error_max": 0.25779701898504265, "target": "1034.xyz", "model": "23.xyz", "model_rescale": 4.410303926677745, "target_rescale": 4.1465368122671284},
{"mapping": [6, 15, 8, 10, 7, 5, 14, 13, 12, 9, 11, 4, 0, 16], "R": [[-0.8887314006712047, 0.2671999205030877, 0.3725059730314971], [-0.09661734802413857, -0.9034941938946698, 0.41756835327812325], [0.44813121462556177, 0.3351155682473803, 0.8287798081495799]], "T": [0.07846251596299907, 0.08048175749577502, -0.0044375667403989336], "aligned_model": [[-0.5804452172686715, -0.37921975872302643, 0.07176976140009632, 0.5333491161672212, 0.34961868933778156, -0.4847259210957691, -0.031982766958604664, -0.15841185529884005, -0.4417959957886826, 0.21217039676729266, 0.5747171141947088, -0.04738168926611698, 0.011070439752859249, 0.13494804357748988], [0.3639129331682285, -0.22735285798389804, -0.7351935105846783, -0.3848867686651118, 0.6630891828205756, -0.07899957126212842, 0.25192069174883513, 0.7015705585329611, 0.5574303312483533, -0.2895201564651896, 0.22103516941241774, -0.4879365411053329, 0.356795952734428, 0.05506144163514627], [-0.25624197000656507, -0.4572940294142318, -0.10610236562720801, -0.021591635910805804, 0.16577939563247882, 0.22575045112510153, -0.649852566037113, -0.23318602530271595, 0.38030517033075667, -0.49192168946075165, -0.37144928146247375, 0.3629154607642403, 0.6952013291622444, 0.09853535415574408]], "inverted": true, "swapped": false, "error_lsq": 0.04195933549072275, "error_max": 0.29945007934283485, "target": "1034.xyz", "model": "24.xyz", "model_rescale": 4.28219845311461, "target_rescale": 4.1465368122671284},
{"mapping": [2, 6, 10, 5, 3, 14, 0, 4, 13, 8, 1, 11, 9, 15], "R": [[-0.39814920226969064, -0.8942287895493776, -0.2045289335841369], [0.7530312796386714, -0.19128703158367621, -0.6295658531350399], [0.5238521782122835, -0.4046778267819488, 0.7495430287136857]], "T": [-0.04685565468057398, 0.1491860763282615, 0.08337770198732358], "aligned_model": [[-0.6493690982017845, -0.3232744297179019, -0.14463000490197697, 0.6845260899618398, 0.572738076549251, -0.6437520998405785, -0.1675104914233184, -0.03591478282381677, -0.47361573636410204, 0.2663575107759496, 0.4646747611414057, -0.028155373097960346, 0.30141899671024797, -0.059813061969515746], [0.282064325983695, -0.28070280075344545, -0.6247088747163078, -0.2829613576608814, 0.6135239488079377, -0.3235889114884246, 0.3825809685079288, 0.8198937143379674, 0.4187371408986327, -0.3376977159450233, 0.20800410108317788, -0.2986642172811611, 0.21492500959835245, 0.17552152386215797], [-0.213440332391723, -0.658906171695322, -0.062332970286138656, 0.14346114242277122, 0.06015501347854513, 0.10189983860572926, -0.6889715756784416, -0.20762081117755016, 0.39664198850503785, -0.29975118329165534, -0.29708842331109747, 0.3925014397223596, 0.658926869070364, 0.015372773975822152]], "inverted": false, "swapped": false, "error_lsq": 0.04088503383411381, "error_max": 0.25506803271897904, "target": "1034.xyz", "model": "25.xyz", "model_rescale": 4.100010024507729, "target_rescale": 4.1465368122671284},
{"mapping": [5, 8, 7, 4, 2, 9, 1, 10, 12, 3, 11, 13], "R": [[0.6483301196121045, 0.7057082876029028, -0.2857339126045999], [0.49923233499756847, -0.6773955394227715, -0.5402798893749502], [-0.5748348734172538, 0.20763211692489045, -0.7914883273458041]], "T": [-0.052422750698296675, 0.070825211016926, 0.0004496489837444717], "aligned_model": [[-0.638614374275199, -0.12420451081673249, 0.4889859204621286, 0.7074359285092077, -0.6006714295447052, 0.04133916322519865, -0.24523831839323046, 0.4962444069087009, 0.02391267234316892, 0.07568900365867896, -0.3131130006562027, -0.034999859058006615], [-0.31516430193603834, -0.6931741012071427, -0.4166756490258492, -0.20371947386278239, 0.6402881752710942, 0.6183962709396124, 0.3493261470221715, 0.3211642024580505, -0.4230786733362521, 0.666343877059839, 0.08884803559114511, 0.033576881076791576], [0.1528447628949086, 0.0952798758443634, 0.3580070516027438, -0.2523355390121349, -0.06645997332293264, 0.12707945011789057, 0.7265533919019873, -0.016764718908109905, -0.5440931318829929, -0.4977391901128586, -0.5439268320364563, 0.026747142767947957]], "inverted": false, "swapped": true, "error_lsq": 0.05318759227489527, "error_max": 0.2834142481705745, "target": "1034.xyz", "model": "26.xyz", "model_rescale": 3.6694154284099745, "target_rescale": 4.1465368122671284},
{"mapping": [10, 4, 5, 1, 12, 8, 2, 11, 9, 0, 6, 7, 3, 13], "R": [[-0.3102858379248982, 0.8036458996013813, 0.5078148942647615], [-0.4108176040665845, 0.3683705100050865, -0.8339856494853997], [-0.8572931791238253, -0.4673932342390928, 0.21585173062842394]], "T": [-0.07853065292601327, 0.03815235833943253, -0.028120274029653794], "aligned_model": [[-0.5783999922204843, -0.5492640281347735, 0.029939530860765978, 0.6579602987233948, 0.29094577627782336, -0.6521173405242051, 0.13652472244073593, -0.17015515506872694, -0.37226957870809396, 0.14070805769805403, 0.5883777804040597, -0.012984981315801725, 0.31508143979513326, -0.060666173430142356], [0.2948245731214405, -0.20999253361372675, -0.7450080397403549, -0.44888270172217887, 0.7318010947093123, -0.2084782931058707, 0.3309808317212576, 0.858910020395079, 0.4420251213302079, -0.3340885207955589, 0.19360372238549525, -0.24168121767007034, 0.24197836129459574, 0.06093443692497888], [-0.2429242257736675, -0.6545105454667587, 0.0014180033392377223, -0.023162239632726275, 0.08174970436618045, 0.10800035632390047, -0.6026916942256284, -0.26079446690295277, 0.43606478633414036, -0.5284246401887418, -0.07564339233893387, 0.5318131678983523, 0.6474207693692977, -0.0774679851529992]], "inverted": true, "swapped": false, "error_lsq": 0.043954154918348254, "error_max": 0.22603305525905865, "target": "1034.xyz", "model": "27.xyz", "model_rescale": 4.103607728864725, "target_rescale": 4.1465368122671284},
