[{"mapping": [12, 9, 14, 7, 8, 11, 13, 2, 3, 1, 10, 15], "R": [[0.8658168506226324, -0.48645536539856166, -0.11714247160128641], [-0.46567758838534073, -0.8690526314921427, 0.16700870448032065], [-0.18304525356730636, -0.09004832686693179, -0.9789717738397501]], "T": [-0.020903314437251568, -0.029641830946328843, -0.027650900940531506], "aligned_model": [[-0.2906691781711031, 0.24565995988375994, 0.48486871303479095, -0.1745147647522847, -0.2686306541021769, -0.672426118196753, 0.4755898453538281, -0.22641583352551792, 0.6326894413623807, 0.25996794974846327, -0.609117712023797, -0.019359186151041353], [-0.43363946357666844, -0.6695330930426477, -0.3027974316089072, 0.6636041443249572, 0.4645586673428343, -0.4870680177100362, -0.19552839331307093, -0.45678059352548356, 0.023212205896762317, 0.3499044587030532, 0.1522453322609561, -0.05462277977469161], [-0.5283904232255411, 0.03344337115379638, -0.4639564959501588, 0.045907202867364105, -0.6582231680125934, -0.0664651249892806, 0.5790806119253473, 0.516183442958392, -0.018521437824787226, 0.4489542325889965, 0.25088863984083715, 0.04305089402119036]], "inverted": false, "swapped": true, "error_lsq": 0.03737012670726382, "error_max": 0.2219575237325187, "target": "1036.xyz", "model": "0.xyz", "model_rescale": 3.751011558992144, "target_rescale": 4.056772359969128},
{"mapping": [2, 11, 0, 13, 6, 7, 12, 9, 10, 4, 8, 14, 3, 1, 15], "R": [[-0.9222853669918613, -0.3495614959187887, -0.1649134997618652], [-0.38073957331145425, 0.7482173915812016, 0.5433305736382177], [-0.06653629947103906, 0.5638949330384533, -0.8231618463863949]], "T": [0.07797311187587197, 0.016429779644331403, 0.027039683828253586], "aligned_model": [[0.057499535374223365, 0.01794923902315103, -0.4275835603756033, 0.27801046074492264, -0.20427292799782182, -0.5314574019342811, 0.37989447297314766, 0.669846269444844, -0.5094704765386304, -0.049691767962654315, -0.19360235734889825, 0.7366775493750318, 0.43551609090246357, -0.19119665304651945, 0.07096773845565889], [-0.01444210452502825, -0.6723330169461142, 0.396609735578398, 0.650326817197272, -0.6763529519180123, 0.20401648133689576, -0.6074491467040748, 0.006080732229230033, -0.2119804879381579, 0.5180358372512034, -0.31622885253466565, 0.06397508729940837, 0.5364129341092445, 0.6265919819573381, 0.045494303434168756], [-0.6934229946199044, -0.3694829118267774, -0.5061860929598199, -0.42051650575775945, 0.20158416035855556, 0.3479803835201677, 0.1067036942516428, -0.33878592923571627, -0.21668592734131592, 0.5555463806707557, 0.7473238987595979, 0.317951708196651, 0.20547993702987552, -0.0460782405047008, -0.041745155689275754]], "inverted": true, "swapped": true, "error_lsq": 0.03968366172764789, "error_max": 0.2561643461073671, "target": "1036.xyz", "model": "1.xyz", "model_rescale": 3.9405287249114394, "target_rescale": 4.056772359969128},
{"mapping": [9, 2, 13, 6, 10, 3, 12, 11, 7, 4, 8, 14, 15], "R": [[0.8256303605816412, -0.5614461261470766, -0.0557920704067372], [-0.4865825282315218, -0.7585998794573922, 0.43331705033041396], [-0.2856080371867179, -0.3306122658366916, -0.8995129675400347]], "T": [-0.07181436765647975, -0.05361392315569906, -0.03257387976926737], "aligned_model": [[-0.2738702897876628, 0.19776458833140892, -0.522080888204371, 0.5580873704051638, 0.5088422575735747, -0.7263672517047408, 0.21148635389661402, 0.6173986375415964, 0.01907626361721769, -0.5565183626938078, 0.09905483634583692, -0.5691405729402783, -0.06774966309662035], [0.6033083111134255, 0.4796166267437619, 0.31838684353459684, -0.2644540558354485, -0.2141814939174574, -0.034486624704428655, 0.17210108020340625, 0.3072210556254107, -0.7140957851783839, -0.6068057919292181, -0.7209441490007849, 0.1438189209552928, -0.010652344038155605], [0.0764027189172096, -0.43683997870167546, -0.5812289882420049, 0.3532327470544676, -0.3387100132826174, -0.06800063772437624, 0.5636821189521753, 0.14066230495611623, -0.28772061719550523, -0.11173877538077998, 0.4456503731960959, 0.4516459213412215, -0.09391682430168305]], "inverted": true, "swapped": true, "error_lsq": 0.04439277431669248, "error_max": 0.25514450990893905, "target": "1036.xyz", "model": "2.xyz", "model_rescale": 3.932901565614263, "target_rescale": 4.056772359969128},
{"mapping": [12, 8, 6, 14, 11, 2, 10, 9, 3, 13, 7, 4, 0, 15], "R": [[0.7058441355955842, 0.6889210854446859, -0.16483869168080215], [-0.6550836005031007, 0.5462871324254954, -0.52195387276868], [-0.2695357723887807, 0.47640120379365686, 0.8368944738894731]], "T": [0.02758328099981133, -0.04739749424092826, 0.020052822077292604], "aligned_model": [[-0.2934973645414188, 0.553836826139727, 0.2460374164599018, -0.39565317767480035, -0.2179852168063496, -0.30337400925452296, 0.38329891709194835, -0.6603653664459231, -0.11468573434581503, -0.2593276731447544, 0.737147545566157, 0.4690024559240945, 0.26999164634199174, 0.005383646742467416], [-0.06809332156717429, 0.2551548022393875, -0.3114423899069741, 0.5265820679179478, -0.645151083392695, -0.632072029693328, -0.6166765859722039, -0.04157246890168112, 0.46530058088967924, -0.05975582697581899, -0.03066988152509538, 0.48966026967714466, -0.574018055046309, -0.09374943939239058], [-0.5989840745414134, -0.5585175413611366, -0.6674314310046915, -0.09040196711583444, -0.44643831790903227, 0.28284869576000093, -0.05773596505537838, 0.12465704839763046, 0.40340722438813886, 0.768167996366367, 0.09644651263343677, 0.27292503764070913, 0.6102757004312386, 0.0746774444270618]], "inverted": true, "swapped": true, "error_lsq": 0.041998988812959506, "error_max": 0.23347718408074716, "target": "1036.xyz", "model": "3.xyz", "model_rescale": 3.9243930471874484, "target_rescale": 4.056772359969128},
{"mapping": [0, 2, 13, 1, 3, 10, 7, 9, 14, 12, 5, 8, 15], "R": [[0.8062727581853342, -0.5008867970141331, -0.3147008992442448], [0.5877336096481052, 0.6180241644187132, 0.5221257858835936], [-0.06703315223247822, -0.6059360929763747, 0.7926840529052566]], "T": [-0.0568409455923483, -0.016645749094902212, -0.07881281288071737], "aligned_model": [[-0.03491159938753287, -0.14925118896331419, 0.5525702254526403, 0.3187750478265804, 0.5850320615310565, -0.573880565583794, -0.1869985590226355, 0.21192540961644024, 0.3464186404228345, -0.4267291100276868, 0.10055132444332308, -0.42532068394124545, -0.040975116055314134], [-0.7062164506517647, -0.10454720857879382, -0.23276265284881317, -0.5713884498651913, 0.035073721756480984, -0.4226051004830418, -0.5904689069678528, 0.4443748480088815, 0.5496244617928918, 0.5736986836437737, 0.1845002562649183, 0.01456893693122327, -0.04602258532112456], [-0.535392957119015, -0.7888637912930773, -0.5521609369026702, -0.11444521061915666, 0.04522156059035151, -0.2354347456551996, 0.32539410651624756, -0.5254379039364581, 0.114840621716184, -0.041343170097308174, 0.5668344816722029, 0.673830978782867, -0.14597271828400393]], "inverted": false, "swapped": true, "error_lsq": 0.04722184883726624, "error_max": 0.27924064039464275, "target": "1036.xyz", "model": "4.xyz", "model_rescale": 3.8936222436046832, "target_rescale": 4.056772359969128},
{"mapping": [7, 8, 10, 1, 11, 12, 14, 9, 13, 3, 2, 15], "R": [[0.3873734551165364, -0.5336295631984667, -0.7517854052531815], [-0.10595129646814053, 0.7842823273299397, -0.6112900733814131], [0.9158144621307293, 0.3164501861566001, 0.24727141087003202]], "T": [-0.1088368379924953, -0.08420629864636318, -0.049963463301487376], "aligned_model": [[-0.05190621706163989, -0.6497335177941741, -0.28327947476083215, 0.48278409940552924, -0.653721851147422, -0.7139416069987576, -0.11761547418950269, 0.015827313567249368, 0.6367873414403307, 0.3524491390342349, 0.07120354336235266, -0.06130525264227147], [-0.49133186684970126, -0.6926693801530198, 0.17089953585555084, -0.21492926798833845, 0.49213872757018606, 0.046805213910366864, -0.3255086292327911, 0.3120551996835493, 0.17020332596826004, -0.38053521634676346, 0.6095889187913136, -0.027793656098805505], [-0.6335771460138396, -0.25103014763795817, -0.6509245045735351, -0.33804796142190546, -0.12841062602223197, 0.2716138675050935, 0.6300939011783764, 0.508324088829058, 0.09655364814381409, 0.3098487191967634, -0.13164803311633427, -0.06351108679178208]], "inverted": false, "swapped": true, "error_lsq": 0.04124106794880742, "error_max": 0.23451730082992164, "target": "1036.xyz", "model": "5.xyz", "model_rescale": 3.6523030999806103, "target_rescale": 4.056772359969128},
{"mapping": [4, 5, 6, 7, 10, 3, 12, 1, 9, 2, 11, 0, 15], "R": [[0.8638094775550764, 0.46171136395824663, 0.20163284176403862], [0.5025423330902751, -0.7611419664627963, -0.4100172073722405], [-0.03583838637842625, 0.4555057884165287, -0.889511150453342]], "T": [-0.011519312697069156, -0.05161845722658846, 0.06382909401808867], "aligned_model": [[0.19780942446282107, -0.14062179465954042, 0.18734174039147455, 0.6281301124648442, 0.5330259735181542, -0.293791929523314, -0.38657033598318813, 0.3295756915099566, -0.6130656449121465, -0.021706155927523563, -0.05352168888506876, 0.5179249189564628, -0.0034474067486372634], [-0.5945654223988249, -0.1836152180600683, 0.6446069558214058, -0.19718403116848782, 0.27979890296230775, -0.6318192276196036, 0.5128774535574488, -0.6076928400203597, -0.07249051265414427, 0.07155719443685145, 0.6832656679134097, -0.2932217727024243, -0.07069024590432693], [0.5205744935447508, 0.733158516188741, 0.32034609199925096, 0.3453544589615289, -0.16043940147915234, 0.18108787862105974, 0.2293853509984424, -0.09279780419588046, -0.2853924461358823, -0.6469188913226468, -0.2417986978401062, -0.5241936268891431, -0.008256182969173256]], "inverted": true, "swapped": true, "error_lsq": 0.04808449524169766, "error_max": 0.25840224662492445, "target": "1036.xyz", "model": "6.xyz", "model_rescale": 4.08911054899281, "target_rescale": 4.056772359969128},
{"mapping": [8, 12, 6, 4, 1, 0, 7, 10, 3, 14, 13, 9, 2, 11, 15], "R": [[0.6659607453601024, -0.7036292709526051, -0.2477945413000904], [0.37102310411745176, 0.024241993546998488, 0.9283071592742985], [-0.6471770560290803, -0.7101536276099508, 0.277206932348309]], "T": [-0.0016924518602868055, -0.10420371367367101, -0.02112164252956795], "aligned_model": [[0.22069966993194323, 0.4512125323823732, 0.6829835153154103, -0.544009841405004, -0.454325636084363, -0.05748644100609052, -0.04985316328654857, 0.45733159751223035, -0.6366619881135628, -0.32980426729974616, -0.5408612072084906, -0.09925335143572954, 0.20407529095372787, 0.7419605397633691, -0.009673710219963903], [-0.6525617150588527, -0.5559059017105341, -0.36144710317738216, -0.2583325260190066, 0.3206959122807923, 0.708754168076126, 0.02553551939958748, 0.2935683031075409, -0.22439266164619914, -0.6434060977923374, 0.3836310116662822, -0.12273286806222658, 0.4528163787623115, -0.029189306288978437, -0.036274297368010036], [-0.6153182411471612, 0.2573922460937388, -0.25590063007161323, -0.5000396369522936, -0.2754443012556911, -0.16409223411867702, -0.7214398072304535, -0.3173272100158256, 0.0903623991836147, 0.32871449584522566, 0.31571848573080513, 0.6676365573623607, 0.38854525171924004, 0.2556097992659837, 0.009652857672826868]], "inverted": true, "swapped": true, "error_lsq": 0.040743128838303076, "error_max": 0.29523377967249365, "target": "1036.xyz", "model": "7.xyz", "model_rescale": 3.964800864290218, "target_rescale": 4.056772359969128},
{"mapping": [12, 14, 9, 6, 2, 8, 10, 3, 4, 1, 7, 0, 13, 15], "R": [[-0.8840250399677805, 0.17839107791024328, 0.432060588380826], [0.31917952010451023, -0.44491860640318953, 0.8367627307798181], [0.3415028003630696, 0.8776240977766422, 0.336380410169671]], "T": [-0.005693254999629412, -0.03574133176136194, -0.010104721646099948], "aligned_model": [[-0.2552195817171964, 0.4197747247463028, 0.4622901396526499, -0.720637224901402, 0.09997602665844096, -0.5666409485419436, -0.519317314867829, 0.5695201134008872, 0.15709787211443502, 0.25520792306182305, -0.3519184635636478, 0.02225882710529942, 0.6652812327516389, 0.023514563561414483], [-0.1960125443806795, -0.49762964483342653, 0.15192877079297484, -0.1254778523765818, 0.662223630496462, -0.652762953700798, 0.36103730452496785, -0.3060764325016252, -0.5081389838682872, 0.10916963960839057, -0.1753814615768661, 0.6166858739319541, 0.33908229708597765, 0.03230082297873923], [-0.6415930653750883, -0.3656579281308356, -0.4897095501702384, -0.2763358077941484, -0.1588246798828165, 0.07847492892841852, 0.17809844612123693, 0.15147776769675425, 0.5353911943755172, 0.590751244456771, 0.5983572686486502, 0.49784360167081937, 0.2167155200483718, 0.0018260981316094143]], "inverted": true, "swapped": true, "error_lsq": 0.04723569706313596, "error_max": 0.3372974510776698, "target": "1036.xyz", "model": "8.xyz", "model_rescale": 4.121658175737393, "target_rescale": 4.056772359969128},
{"mapping": [10, 11, 12, 8, 2, 1, 9, 3, 14, 13, 7, 5, 15], "R": [[0.7068614787114846, 0.0725953743965116, 0.7036169139027602], [-0.5416313121001253, -0.5842327004810699, 0.6044068773941056], [0.45495315326581753, -0.8083328913911811, -0.3736516626868705]], "T": [-0.0632543267849903, 0.008619378138692194, -0.05702742358232641], "aligned_model": [[-0.6336914165188645, -0.2275965207632816, 0.32738783615491207, 0.19858125718384254, -0.4960033043276738, -0.4217846620144954, 0.1939231505567581, 0.23774900702222487, 0.6216263520776568, -0.2726724801750253, -0.39031568821373597, 0.45347259838042175, -0.11393863292754264], [0.1929825931552583, -0.20160272977760324, -0.04994335245505031, 0.7747988737273782, -0.545840636646333, 0.05391184833046765, -0.6372592100920612, -0.11692227055975156, -0.1638397295123301, -0.528000055064895, 0.6123260887896926, 0.4441621440581185, -0.044386124541181037], [-0.3689170275307355, -0.8080437568041583, -0.6320899286235168, -0.27528291339709704, -0.21746783633416647, 0.5082168574172602, -0.08784805011518565, 0.5119160483199086, 0.091223074197858, 0.500045784296739, 0.13833461958077728, 0.1023094992166741, -0.04132093626526859]], "inverted": false, "swapped": true, "error_lsq": 0.045116202367867335, "error_max": 0.25277710831688793, "target": "1036.xyz", "model": "9.xyz", "model_rescale": 3.833441315466971, "target_rescale": 4.056772359969128},
{"mapping": [1, 4, 10, 6, 8, 7, 5, 12, 2, 11, 13, 9, 3, 0, 15], "R": [[-0.9190559670554596, -0.1240065982897487, 0.37411026850430024], [-0.06604091918146114, -0.8873381367278154, -0.4563656736675943], [0.38855466335307626, -0.4441321815507342, 0.8073238996199504]], "T": [-0.008196357480448849, 0.062342647059177594, 0.029895977710249287], "aligned_model": [[0.0726643513790171, -0.050519661088159085, -0.5233195267620792, -0.6165008339330601, -0.6147016429506549, -0.5288732595506179, -0.07779477138574602, -0.07028524649785299, 0.18880345526722753, -0.24949102867836376, 0.5912934795437614, 0.593737564778492, 0.47119263895364494, -0.0835222641772755, 0.021161763396198158], [-0.5900563046218361, -0.5030158543250361, 0.03199959776976773, 0.529677903813613, 0.14944895007409237, -0.4146274360724711, 0.02777096772447714, 0.7407357776814365, 0.16725728938762374, 0.6940061098733338, -0.35662470951644676, 0.3797132600643612, -0.2606235929148336, -0.43627910546798754, 0.041718685824884257], [0.1638125933591406, -0.4452932373018257, 0.4662339353479747, -0.01060014784001937, -0.5426319098191674, -0.07494846888344414, -0.6600702032526627, -0.1206214889516799, 0.7159154404123682, 0.4518028104843276, 0.3573486115772308, 0.1755007985142874, -0.27984485698242145, 0.6857590979345066, 0.0957589332234774]], "inverted": true, "swapped": true, "error_lsq": 0.035913690504748214, "error_max": 0.27863902100157767, "target": "1036.xyz", "model": "10.xyz", "model_rescale": 4.2482417240324, "target_rescale": 4.056772359969128},
{"mapping": [5, 3, 9, 13, 6, 11, 12, 2, 1, 10, 7, 15], "R": [[0.253589689422771, 0.38673506993066054, -0.8866387399071788], [-0.7740050475666646, 0.6308890636159354, 0.05380683740133502], [0.5801796754108058, 0.6726180008708773, 0.45932185789996605]], "T": [-0.06847453512729665, 0.0018609305814976315, -0.029404048243684568], "aligned_model": [[-0.6539788168652665, -0.004695382057777878, 0.4010376396444062, 0.5759525652213193, -0.49404747596695453, 0.08832969715613423, -0.2556182735041489, 0.5888315338793844, 0.11591004200830338, -0.03845973209253857, -0.44890032673023417, 0.0024041316703799914], [-0.3419674650449486, -0.6500080794269294, -0.14385072503296803, -0.4371639280904948, 0.6266758590752514, 0.7230976977619706, 0.32327119643857405, 0.2978535822610263, -0.3268735653562221, 0.5567167373100067, 0.0312936171716917, 0.007086462983681447], [0.11571397796308333, 0.003144379760113822, 0.4631157460447601, -0.21411415571486644, 0.10686954281134237, 0.2713569574558551, 0.5608505068198314, -0.057257116339223736, -0.5844107736386954, -0.4139785387976369, -0.6327341308493005, -0.05336410566090653]], "inverted": false, "swapped": true, "error_lsq": 0.03889464180375369, "error_max": 0.19394278175103383, "target": "1036.xyz", "model": "11.xyz", "model_rescale": 3.6694154284099745, "target_rescale": 4.056772359969128},
{"mapping": [10, 0, 13, 1, 7, 11, 6, 12, 3, 14, 9, 5, 2, 15], "R": [[-0.08666304612276007, -0.9159869636972093, 0.3917363893915038], [0.70128750388958, -0.3353778439050559, -0.6290608386363901], [0.707591233216641, 0.2202035062263166, 0.671435076921507]], "T": [0.10316749792329355, 0.02179707235387493, 0.019920420327313268], "aligned_model": [[-0.003200766058654797, -0.00440480172254934, -0.05825035907718196, 0.40073391777197537, 0.6575041828874619, -0.5098068696558975, 0.03880867436781979, -0.2059621643971078, 0.36042680279229433, 0.14544930092074354, -0.4047779014767741, 0.6245986398391778, -0.5038334793465264, 0.06097967341102893], [-0.3559742317500091, 0.283768900824809, 0.7781851805416381, 0.4523793143075897, -0.16694929920614116, -0.484077589947273, -0.7432221082242171, -0.4084781231084581, 0.570761529130632, 0.26110831502217635, 0.36810344116061466, -0.07755681272692247, 0.1897369111391942, 0.06320186097262101], [-0.5302050450526392, -0.7574167254593521, -0.18976563841578598, -0.3997814560458383, -0.38834775313150843, -0.03991664909394879, 0.04599933212942424, 0.473825570803418, 0.26995254225421467, 0.6994233831251643, 0.3459766835072909, 0.467503754313677, -0.33191012943474696, -0.026242409846953925]], "inverted": false, "swapped": true, "error_lsq": 0.038389736540066076, "error_max": 0.2649710175001942, "target": "1036.xyz", "model": "12.xyz", "model_rescale": 3.9764082729961374, "target_rescale": 4.056772359969128},
{"mapping": [14, 11, 6, 12, 10, 1, 7, 8, 2, 5, 3, 4, 0, 13, 9, 15], "R": [[-0.7098687948021788, 0.6931763853554852, 0.12487110535110355], [-0.4715944560742256, -0.5994541609575074, 0.6467251177361109], [0.5231490831170001, 0.40020145888818903, 0.7524319431932748]], "T": [0.044115899969288996, -0.006848984495983937, -0.0304452282539145], "aligned_model": [[-0.31942932191038587, -0.31227008900932063, 0.1072759014119571, 0.6018064252722146, 0.124718852023116, 0.2514050072248906, -0.5084428670718208, -0.416852570391988, -0.21048845265755955, 0.5607891418520232, -0.7761873156774409, -0.15853379632723355, 0.038963957570648536, 0.2749000089942887, 0.4822989070292398, -0.04151059050165812], [-0.07948121295769535, -0.6050251583491231, 0.40246973754727644, -0.3146920748667404, -0.804487380099488, -0.417274095911521, 0.3284790687530874, -0.4955021272634984, -0.15756962733450464, 0.6532785880888202, -0.11562698688437677, 0.6821966925914433, 0.43534214234302226, -0.20973901218539148, 0.1676639595029808, 0.05111306098766012], [-0.7385182969496622, -0.41217679708673716, -0.672417037371625, -0.068226766689998, 0.02806163405762823, 0.4076244376597564, 0.3610488388699522, 0.1895070666756104, 0.7103107540721993, -0.020234700823945302, -0.1844368770847417, -0.026856738699215905, 0.5453571669622155, -0.5596473426418178, 0.342435464754366, -0.06039819448516921]], "inverted": true, "swapped": false, "error_lsq": 0.0465049109428217, "error_max": 0.3076852651351249, "target": "1036.xyz", "model": "13.xyz", "model_rescale": 4.170626492500431, "target_rescale": 4.056772359969128},
{"mapping": [12, 8, 14, 4, 9, 13, 3, 6, 11, 7, 10, 1, 2, 15], "R": [[-0.4507251881944282, 0.8861204667475802, 0.10787642531224442], [0.47913350298451524, 0.34211670293198704, -0.8083237271617939], [-0.7531785253476662, -0.31264465449771806, -0.5787706186125188]], "T": [-0.017671179953762155, 0.02994909015047251, 0.06456522286251765], "aligned_model": [[0.47786082649844724, -0.014140222134522075, -0.24646119447125137, -0.687469827408635, 0.1006783601464264, -0.40420890272636506, -0.5923242233631145, 0.5490744260454916, 0.7776596380555695, -0.27299901128254683, 0.34558834898334917, -0.5067240944140866, 0.32933881923890523, -0.01268992107602391], [-0.1347201515919025, -0.8032237541886388, 0.08896542131557192, -0.27807884375702463, 0.5819217870539567, 0.7172457818423998, 0.22570094042273972, -0.4884566141087744, 0.08010632691420731, -0.427643459094452, -0.103680622295695, 0.1982169604297623, 0.605299088785542, 0.09442160619797411], [-0.3981008003017604, -0.030486842448405327, -0.6173102057137861, 0.1255148002176375, -0.3423362945073035, 0.2072494352365778, -0.18345792032477287, 0.07603075096265971, 0.07722877959706022, 0.5493476606199191, 0.6185047574999494, 0.4918937580999017, 0.3272345037740085, 0.10256071840918102]], "inverted": false, "swapped": true, "error_lsq": 0.045304903943073856, "error_max": 0.3197970169325027, "target": "1036.xyz", "model": "14.xyz", "model_rescale": 3.9786697098870705, "target_rescale": 4.056772359969128},
{"mapping": [1, 2, 7, 4, 10, 8, 9, 12, 5, 3, 11, 15], "R": [[0.06842983350643694, 0.7657574633833859, -0.6394785885070148], [0.7290092721784833, -0.475962054861755, -0.491940650291856], [-0.6810747675285583, -0.4325224035867025, -0.5908142952159351]], "T": [-0.01970211957761539, -0.025588932923331663, -0.005171788715191788], "aligned_model": [[0.09291917394002189, -0.7083140169624612, 0.46110118649647047, 0.6131200630899951, -0.16531705922436704, 0.6620412638162204, -0.5040033945275395, -0.13619656214512058, 0.5940091179334008, 0.17361210216276246, -0.5216941113574891, -0.07792316645455709], [-0.4674095382930688, -0.0525117806456459, 0.09257494812143094, -0.3767494639124189, 0.4083174351892437, 0.45292579887392, -0.2999318366319027, 0.41525195237185064, -0.058222957344821434, -0.630269613912717, 0.5855549899021573, -0.05485544349358862], [-0.4973176037494424, -0.21854359250892827, -0.5194311907859811, -0.1583013213949793, -0.5023487657660395, 0.0921624908519172, 0.41248544260413117, 0.5228586424990099, 0.31791644769315347, 0.15930092164210632, 0.09349112187780995, -0.04230609908892716]], "inverted": true, "swapped": true, "error_lsq": 0.047210536943212776, "error_max": 0.25669901491529373, "target": "1036.xyz", "model": "15.xyz", "model_rescale": 3.769337070930944, "target_rescale": 4.056772359969128},
{"mapping": [12, 8, 9, 14, 11, 10, 2, 7, 13, 3, 15], "R": [[-0.6619259506144962, 0.16965698410121682, -0.7301168013741193], [0.6928987137718736, 0.5100285405749918, -0.5096687750414254], [0.28591153939003355, -0.8432599809931831, -0.45515623262677385]], "T": [-0.016348844107029876, -0.01478430277992824, 0.033791583407113815], "aligned_model": [[-0.28918638285008613, -0.3733872434232277, -0.14305304947014247, -0.6733647945452479, 0.3054586991068401, 0.5546503953676892, 0.5305110463101785, 0.1585365230185259, 0.19206160929268604, -0.3794219063241203, 0.03982123420807572], [0.054677331803157446, -0.7429957035437172, 0.6594060858110888, 0.283495151507603, 0.09372197090527046, -0.3207805957329489, 0.4415446532792482, -0.6439764247073065, 0.5286184089946874, 0.2121806079099025, 0.03017301139835686], [-0.6045363388702111, -0.1794127517704, -0.08309588761305203, 0.045678811970457964, -0.6872448358158965, -0.15853504154297843, -0.08086815546599734, 0.32211368905186044, 0.5846323169657556, 0.5305060562675412, 0.05497974404669702]], "inverted": false, "swapped": true, "error_lsq": 0.0406480408122387, "error_max": 0.23122455009973025, "target": "1036.xyz", "model": "16.xyz", "model_rescale": 3.7852294659196426, "target_rescale": 4.056772359969128},
{"mapping": [12, 4, 7, 8, 14, 3, 13, 1, 10, 11, 9, 0, 15], "R": [[-0.9152014336495814, 0.32861130554419693, -0.23328297347704052], [0.38413483265182846, 0.5363210393358725, -0.7515318842931692], [-0.12184730686109949, -0.7774151739156036, -0.6170728329593429]], "T": [0.005958307055399858, 0.06505905648348757, -0.07365057345909082], "aligned_model": [[0.030979931185782513, -0.3621806023350218, 0.24544937250030185, 0.054336990648220326, -0.6494312311726257, -0.589848738666793, -0.24787055761122245, -0.04066106444684364, 0.670532280324356, 0.5478530387381881, -0.2832567473641668, 0.4499735739711778, 0.02788960444492983], [0.024227785661076237, -0.384664320657606, -0.4482199284803465, -0.7444239138320957, 0.08705622907137366, 0.1343683780379275, 0.6466034348871804, 0.11160982412313879, 0.0028539007449078363, 0.2894787244251571, 0.6383674242119939, 0.38961343371022344, 0.12818465179994354], [-0.7696638658854025, 0.3840053176043881, 0.3608444986649779, -0.2872417134204771, -0.37491885217859655, 0.19143539175711305, 0.41576129951378643, 0.5939991599876384, 0.03187357590703231, -0.6132922476835008, -0.3418323856616665, 0.5443858136185107, -0.039601295080629664]], "inverted": false, "swapped": true, "error_lsq": 0.04048585708014578, "error_max": 0.22112892878596196, "target": "1036.xyz", "model": "17.xyz", "model_rescale": 3.901054581598922, "target_rescale": 4.056772359969128},
{"mapping": [2, 11, 0, 13, 6, 7, 12, 9, 10, 4, 8, 14, 3, 1, 15], "R": [[-0.9222853669918613, -0.3495614959187887, -0.1649134997618652], [-0.38073957331145425, 0.7482173915812016, 0.5433305736382177], [-0.06653629947103906, 0.5638949330384533, -0.8231618463863949]], "T": [0.07797311187587197, 0.016429779644331403, 0.027039683828253586], "aligned_model": [[0.057499535374223365, 0.01794923902315103, -0.4275835603756033, 0.27801046074492264, -0.20427292799782182, -0.5314574019342811, 0.37989447297314766, 0.669846269444844, -0.5094704765386304, -0.049691767962654315, -0.19360235734889825, 0.7366775493750318, 0.43551609090246357, -0.19119665304651945, 0.07096773845565889], [-0.01444210452502825, -0.6723330169461142, 0.396609735578398, 0.650326817197272, -0.6763529519180123, 0.20401648133689576, -0.6074491467040748, 0.006080732229230033, -0.2119804879381579, 0.5180358372512034, -0.31622885253466565, 0.06397508729940837, 0.5364129341092445, 0.6265919819573381, 0.045494303434168756], [-0.6934229946199044, -0.3694829118267774, -0.5061860929598199, -0.42051650575775945, 0.20158416035855556, 0.3479803835201677, 0.1067036942516428, -0.33878592923571627, -0.21668592734131592, 0.5555463806707557, 0.7473238987595979, 0.317951708196651, 0.20547993702987552, -0.0460782405047008, -0.041745155689275754]], "inverted": true, "swapped": true, "error_lsq": 0.03968366172764789, "error_max": 0.2561643461073671, "target": "1036.xyz", "model": "18.xyz", "model_rescale": 3.9405287249114394, "target_rescale": 4.056772359969128},
{"mapping": [2, 6, 3, 0, 8, 7, 11, 5, 9, 12, 10, 14, 13, 1, 4, 15], "R": [[-0.9578052564946206, -0.2868324090999175, -0.018337385888175656], [0.04306581028960896, -0.20630231465947058, 0.9775401224247751], [-0.28417323346046097, 0.9355033533109769, 0.2099501115230566]], "T": [0.06264933313730346, 0.03552853461796647, 0.026014353364128228], "aligned_model": [[-0.5192403989369602, 0.005161821341830693, 0.03296149970079209, 0.5588451627571988, 0.14627587690129518, 0.2610405182157108, -0.5881496569093029, -0.4788916939248864, -0.30163320804348553, 0.4084474895900293, -0.58102837775733, -0.22978168998168558, -0.05163835379167228, 0.25048598806577543, 0.7549461679100682, 0.030642052693593595], [-0.3037414764257623, -0.5962921787043394, 0.5394354076716213, -0.39379861232049895, -0.7080231684456331, -0.24031416042280374, 0.19000500700492456, -0.5943790009115043, -0.24505829222773068, 0.44293532900614596, 0.3101143576726075, 0.7525942053242286, 0.4446657825610965, -0.07484588900231885, -0.031430151389553476, 0.02927841457147122], [-0.5231900551451045, -0.36867695360459374, -0.660006849448947, -0.1792711978211715, 0.13741283443665825, 0.642599541490775, 0.2939899043627496, 0.06083468435745258, 0.6404890149638273, -0.09474325960348778, -0.33201590683935805, 0.01969907915430603, 0.5464707706883006, -0.5969256932336245, 0.2516393864341223, 0.0031273110269115986]], "inverted": false, "swapped": false, "error_lsq": 0.04109408514701279, "error_max": 0.2985719219167727, "target": "1036.xyz", "model": "19.xyz", "model_rescale": 4.410303926677745, "target_rescale": 4.056772359969128},
{"mapping": [12, 14, 9, 6, 2, 8, 10, 3, 4, 1, 7, 0, 13, 15], "R": [[-0.8840250399677805, 0.17839107791024328, 0.432060588380826], [0.31917952010451023, -0.44491860640318953, 0.8367627307798181], [0.3415028003630696, 0.8776240977766422, 0.336380410169671]], "T": [-0.005693254999629412, -0.03574133176136194, -0.010104721646099948], "aligned_model": [[-0.2552195817171964, 0.4197747247463028, 0.4622901396526499, -0.720637224901402, 0.09997602665844096, -0.5666409485419436, -0.519317314867829, 0.5695201134008872, 0.15709787211443502, 0.25520792306182305, -0.3519184635636478, 0.02225882710529942, 0.6652812327516389, 0.023514563561414483], [-0.1960125443806795, -0.49762964483342653, 0.15192877079297484, -0.1254778523765818, 0.662223630496462, -0.652762953700798, 0.36103730452496785, -0.3060764325016252, -0.5081389838682872, 0.10916963960839057, -0.1753814615768661, 0.6166858739319541, 0.33908229708597765, 0.03230082297873923], [-0.6415930653750883, -0.3656579281308356, -0.4897095501702384, -0.2763358077941484, -0.1588246798828165, 0.07847492892841852, 0.17809844612123693, 0.15147776769675425, 0.5353911943755172, 0.590751244456771, 0.5983572686486502, 0.49784360167081937, 0.2167155200483718, 0.0018260981316094143]], "inverted": true, "swapped": true, "error_lsq": 0.04723569706313596, "error_max": 0.3372974510776698, "target": "1036.xyz", "model": "20.xyz", "model_rescale": 4.121658175737393, "target_rescale": 4.056772359969128},
{"mapping": [4, 5, 6, 7, 10, 3, 12, 1, 9, 2, 11, 0, 15], "R": [[0.8638094775550764, 0.46171136395824663, 0.20163284176403862], [0.5025423330902751, -0.7611419664627963, -0.4100172073722405], [-0.03583838637842625, 0.4555057884165287, -0.889511150453342]], "T": [-0.011519312697069156, -0.05161845722658846, 0.06382909401808867], "aligned_model": [[0.19780942446282107, -0.14062179465954042, 0.18734174039147455, 0.6281301124648442, 0.5330259735181542, -0.293791929523314, -0.38657033598318813, 0.3295756915099566, -0.6130656449121465, -0.021706155927523563, -0.05352168888506876, 0.5179249189564628, -0.0034474067486372634], [-0.5945654223988249, -0.1836152180600683, 0.6446069558214058, -0.19718403116848782, 0.27979890296230775, -0.6318192276196036, 0.5128774535574488, -0.6076928400203597, -0.07249051265414427, 0.07155719443685145, 0.6832656679134097, -0.2932217727024243, -0.07069024590432693], [0.5205744935447508, 0.733158516188741, 0.32034609199925096, 0.3453544589615289, -0.16043940147915234, 0.18108787862105974, 0.2293853509984424, -0.09279780419588046, -0.2853924461358823, -0.6469188913226468, -0.2417986978401062, -0.5241936268891431, -0.008256182969173256]], "inverted": true, "swapped": true, "error_lsq": 0.04808449524169766, "error_max": 0.25840224662492445, "target": "1036.xyz", "model": "21.xyz", "model_rescale": 4.08911054899281, "target_rescale": 4.056772359969128},
{"mapping": [7, 13, 10, 14, 4, 2, 8, 0, 1, 9, 6, 5, 11, 12, 15, 16], "R": [[0.4686419068574984, 0.12842840044767856, 0.874002808402478], [-0.3268978561248932, 0.9443538968618365, 0.03651724445810145], [-0.8206781066885582, -0.30282315538993193, 0.4845467797455358]], "T": [0.014708051264068517, -0.045339112982265464, 0.007373895752819621], "aligned_model": [[-0.34783971045358475, 0.09063343265244525, -0.1851499425583865, 0.6396870339561783, -0.006378554872233974, 0.2378911450759096, -0.45047902160140885, -0.5861459849115604, -0.27394419433818606, 0.409569266818976, -0.7042822679210214, -0.054435292645130556, 0.057210262361564596, 0.3541963328835268, 0.5220713215394249, -0.004160628155542169], [-0.2017110918475742, -0.5273772959977907, 0.4103998969351929, -0.10699860277737486, -0.7389911898145148, -0.5102925862409858, 0.3369301375261935, -0.5332905324714294, -0.1422572642209694, 0.4618382951925215, 0.07978864999987524, 0.6488529681999269, 0.47281902842765644, -0.07132210713367192, 0.029213451804455712, -0.08645618361956003], [-0.5841521921830387, -0.4382767438791219, -0.6278379951620585, -0.12461839363715148, 0.07588912921019479, 0.5126079046184938, 0.35122448163951425, 0.038313152518947416, 0.7403712588690091, -0.29987731848420335, -0.1441519845468066, -0.09772418398776668, 0.5691556441221368, -0.647639155027148, 0.5255740935078869, -0.007425086360071633]], "inverted": false, "swapped": false, "error_lsq": 0.04230268619330037, "error_max": 0.3271290048575863, "target": "1036.xyz", "model": "22.xyz", "model_rescale": 4.204369325754507, "target_rescale": 4.056772359969128},
{"mapping": [2, 6, 3, 0, 8, 7, 11, 5, 9, 12, 10, 14, 13, 1, 4, 15], "R": [[-0.9578052564946206, -0.2868324090999175, -0.018337385888175656], [0.04306581028960896, -0.20630231465947058, 0.9775401224247751], [-0.28417323346046097, 0.9355033533109769, 0.2099501115230566]], "T": [0.06264933313730346, 0.03552853461796647, 0.026014353364128228], "aligned_model": [[-0.5192403989369602, 0.005161821341830693, 0.03296149970079209, 0.5588451627571988, 0.14627587690129518, 0.2610405182157108, -0.5881496569093029, -0.4788916939248864, -0.30163320804348553, 0.4084474895900293, -0.58102837775733, -0.22978168998168558, -0.05163835379167228, 0.25048598806577543, 0.7549461679100682, 0.030642052693593595], [-0.3037414764257623, -0.5962921787043394, 0.5394354076716213, -0.39379861232049895, -0.7080231684456331, -0.24031416042280374, 0.19000500700492456, -0.5943790009115043, -0.24505829222773068, 0.44293532900614596, 0.3101143576726075, 0.7525942053242286, 0.4446657825610965, -0.07484588900231885, -0.031430151389553476, 0.02927841457147122], [-0.5231900551451045, -0.36867695360459374, -0.660006849448947, -0.1792711978211715, 0.13741283443665825, 0.642599541490775, 0.2939899043627496, 0.06083468435745258, 0.6404890149638273, -0.09474325960348778, -0.33201590683935805, 0.01969907915430603, 0.5464707706883006, -0.5969256932336245, 0.2516393864341223, 0.0031273110269115986]], "inverted": false, "swapped": false, "error_lsq": 0.04109408514701279, "error_max": 0.2985719219167727, "target": "1036.xyz", "model": "23.xyz", "model_rescale": 4.410303926677745, "target_rescale": 4.056772359969128},
{"mapping": [15, 9, 6, 11, 10, 1, 2, 4, 3, 13, 5, 12, 0, 14, 7, 16], "R": [[-0.7759157535594565, -0.6097424977901803, 0.1617678267358894], [0.6243612435148699, -0.7056248463028514, 0.3350621045069745], [-0.09015420663965884, 0.3609815267692643, 0.9282050184934925]], "T": [0.028439242851105287, -0.088893792462641, -0.0757813327191109], "aligned_model": [[-0.2643560752469534, 0.054106693183753926, -0.05650125019568815, 0.5705635631633308, -0.020103518254613026, 0.41288239877863175, -0.6339409864666072, -0.5931154385892377, -0.33255344004327364, 0.41569728988088933, -0.5089055146283249, -0.10699948212651743, -0.11194646901922518, 0.35226354394209464, 0.520427394248376, 0.0009244892043352541], [-0.17189254257791403, -0.5934355223834616, 0.44113740632731885, -0.4129127403789688, -0.7095252759741867, -0.3028214228309871, 0.13518918265188234, -0.30073684003936657, -0.2884961037896035, 0.429600130054218, 0.21903475279263657, 0.6984865407254566, 0.3755452670981844, -0.1048215053094254, 0.21580375996487483, -0.10900951236870718], [-0.7213015105709797, -0.4461849077427744, -0.614065765626141, -0.11861157119575799, 0.11459752192106666, 0.6609504898566518, 0.5106768527052363, 0.13080200195275743, 0.7236523323486755, -0.35033894261709886, -0.18552036886520262, 0.01290010541048868, 0.5029880712260908, -0.6699480769930043, 0.2513852259504378, 0.03945115345836904]], "inverted": true, "swapped": false, "error_lsq": 0.043679570156445066, "error_max": 0.2732785700641157, "target": "1036.xyz", "model": "24.xyz", "model_rescale": 4.28219845311461, "target_rescale": 4.056772359969128},
{"mapping": [12, 13, 9, 4, 2, 0, 8, 14, 6, 3, 11, 5, 1, 7, 0, 15], "R": [[0.4841748245929822, -0.2147069894562385, -0.8482191037161293], [-0.45751035445561394, -0.8884647291003416, -0.03625880183562334], [-0.7458277380174685, 0.4056246218159041, -0.5284029252194309]], "T": [-0.06253168631154819, -0.024866112029448606, -0.08765843367181796], "aligned_model": [[-0.5425744538569841, 0.02456228894176761, -0.11054103206541897, 0.655526272819613, 0.04590850201218029, 0.36398535138213345, -0.35283148412568005, -0.6153464598078532, -0.29506733656741596, 0.48766277837341016, -0.5714074780592295, -0.3600355132636865, 0.19341810654288377, 0.43114227974978464, 0.36398535138213345, -0.01994397562666709], [-0.2765629589595338, -0.45668865639649436, 0.36123468627078104, -0.14284770763741533, -0.6654550111207365, -0.2506078570058803, 0.3217209566245201, -0.5387944086313896, -0.30045556761810877, 0.5122422957645645, 0.09014793590604478, 0.7660042146996526, 0.4343195918821256, -0.0345870680316086, -0.2506078570058803, -0.04791701477869015], [-0.6267572546738639, -0.4862313712728926, -0.6403744187410759, -0.01609249588084187, 0.12836613045283263, 0.5701242456135281, 0.439171223959325, 0.01441094004373504, 0.7382802797261244, -0.1817113664641366, -0.24352462179245232, 0.018625526370976267, 0.27773942032800597, -0.6891046274397252, 0.5701242456135281, -0.03161324462425117]], "inverted": false, "swapped": false, "error_lsq": 0.046836104738068735, "error_max": 0.46849582802678047, "target": "1036.xyz", "model": "25.xyz", "model_rescale": 4.100010024507729, "target_rescale": 4.056772359969128},
{"mapping": [5, 3, 9, 13, 6, 11, 12, 2, 1, 10, 7, 15], "R": [[0.253589689422771, 0.38673506993066054, -0.8866387399071788], [-0.7740050475666646, 0.6308890636159354, 0.05380683740133502], [0.5801796754108058, 0.6726180008708773, 0.45932185789996605]], "T": [-0.06847453512729665, 0.0018609305814976315, -0.029404048243684568], "aligned_model": [[-0.6539788168652665, -0.004695382057777878, 0.4010376396444062, 0.5759525652213193, -0.49404747596695453, 0.08832969715613423, -0.2556182735041489, 0.5888315338793844, 0.11591004200830338, -0.03845973209253857, -0.44890032673023417, 0.0024041316703799914], [-0.3419674650449486, -0.6500080794269294, -0.14385072503296803, -0.4371639280904948, 0.6266758590752514, 0.7230976977619706, 0.32327119643857405, 0.2978535822610263, -0.3268735653562221, 0.5567167373100067, 0.0312936171716917, 0.007086462983681447], [0.11571397796308333, 0.003144379760113822, 0.4631157460447601, -0.21411415571486644, 0.10686954281134237, 0.2713569574558551, 0.5608505068198314, -0.057257116339223736, -0.5844107736386954, -0.4139785387976369, -0.6327341308493005, -0.05336410566090653]], "inverted": false, "swapped": true, "error_lsq": 0.03889464180375369, "error_max": 0.19394278175103383, "target": "1036.xyz", "model": "26.xyz", "model_rescale": 3.6694154284099745, "target_rescale": 4.056772359969128},
