[{"mapping": [6, 5, 12, 3, 8, 4, 9, 11, 14, 10, 2, 16], "R": [[0.23242629295455458, -0.37649161576082585, -0.8967898759493254], [-0.8396098163147325, 0.38775634127552644, -0.380395026450871], [0.4909514993269142, 0.8413673888750505, -0.22598128738069206]], "T": [0.009187988598022648, -0.006095012227216742, -0.021041961618209787], "aligned_model": [[-0.43702205723940607, 0.2067908621201996, 0.35428835582905244, -0.2788670376608831, -0.10561569385601458, -0.5529363753060592, 0.3222674334080601, -0.2367863320977406, 0.7303285662047433, 0.20062788035684187, -0.40559792218538726, 0.04016478288714257], [-0.3299209847559232, -0.6894581109352806, -0.1507825354418582, 0.7064448952510035, 0.2926648077998837, -0.595005400583768, -0.29661306879942884, -0.5700816355336774, 0.16352908529061677, 0.2991943347070754, 0.29604022808424635, -0.07245657910583235], [-0.672099545381817, 0.13824811807198237, -0.5166273716878566, -0.12450490408074215, -0.6410457672075338, -0.034393833834410636, 0.5404005225572113, 0.5892923467922516, 0.07647310420931619, 0.4581096872561303, 0.37079878855017534, -0.002699399891144292]], "inverted": true, "swapped": true, "error_lsq": 0.045980354302917414, "error_max": 0.2756072800550668, "target": "1037.xyz", "model": "0.xyz", "model_rescale": 3.751011558992144, "target_rescale": 4.273379203594381},
{"mapping": [7, 6, 13, 5, 8, 14, 1, 4, 12, 10, 3, 2, 11, 9, 16], "R": [[0.2634176894802404, 0.5584555706837154, 0.786599323951666], [0.7869460782555229, 0.3472245201183343, -0.5100500000459226], [-0.557966836637398, 0.7533674456737024, -0.3480093404090428]], "T": [-0.025998073316976955, 0.019609831731077786, 0.10981793115197225], "aligned_model": [[0.0624439203381979, 0.1792764624438274, -0.4983947325468078, 0.07992625534348718, -0.2799718489169536, -0.6526142086182858, 0.6056401303063281, 0.6276138110707346, -0.48576150543351987, -0.08040100169136599, -0.03997383003300486, 0.40174685424104684, 0.612751866442079, 0.03137639773394435, -0.024572359590672894], [-0.1427564885261185, -0.6170226206439893, 0.38909138824508205, 0.47366695268365067, -0.6302341355170323, 0.4081705351563266, -0.4288244460067324, -0.08188119173618406, -0.1498597740814933, 0.39611840150960653, -0.44591607186487486, 0.018937000266908265, 0.5660041058484687, 0.7212723326257591, 0.07199136186772864], [-0.6261814284077073, -0.41971405883315027, -0.3679457652364194, -0.4505547281542318, 0.1163120863400819, 0.2310534619454198, 0.08768569479095376, -0.36501740372025815, -0.2716676920437492, 0.5731954644817745, 0.7298854352759033, 0.5934562805011664, -0.10123670017075961, 0.06492864619472638, 0.05546711188822607]], "inverted": true, "swapped": true, "error_lsq": 0.037261460071205156, "error_max": 0.2066012970382062, "target": "1037.xyz", "model": "1.xyz", "model_rescale": 3.9405287249114394, "target_rescale": 4.273379203594381},
{"mapping": [6, 1, 4, 15, 2, 7, 8, 3, 9, 13, 14, 12, 16], "R": [[0.6202720339304978, -0.7585939524653219, 0.19949390769335434], [0.5167775245738538, 0.20388496561283115, -0.8314877695386592], [0.5900877850108772, 0.6188425777854137, 0.5184884472202452]], "T": [0.03276446241086706, -0.1373233983897854, -0.043986443125811625], "aligned_model": [[-0.3903974834181517, 0.1313282025255101, -0.35588926934771964, 0.41033888066606994, 0.5544047424309926, -0.6645752013399693, 0.09284048852831961, 0.7005815311794683, -0.09189447883887006, -0.5330423022383456, 0.03989871294005895, -0.3704359771798262, -0.027174566623605907], [0.6014652453004761, 0.5256126120255722, 0.29169499903375334, -0.23196388533197618, -0.038663428797594004, 0.15859801944893032, 0.34493214264967215, 0.1808583671101957, -0.7397979464343938, -0.5874406046958816, -0.7595734245363766, -0.11132032965372278, -0.1755691725466379], [0.010492455752668217, -0.4330249924268144, -0.6165849149739064, 0.45720037712428746, -0.4114505330388316, -0.08901724693850646, 0.45667561728575196, 0.18876691373445592, -0.38912657454935906, 0.21133801615414283, 0.36963084691776754, 0.4275926991621592, -0.06937231461517109]], "inverted": false, "swapped": true, "error_lsq": 0.04175635413245354, "error_max": 0.20242532825067502, "target": "1037.xyz", "model": "2.xyz", "model_rescale": 3.932901565614263, "target_rescale": 4.273379203594381},
{"mapping": [1, 8, 6, 2, 4, 5, 7, 11, 10, 9, 12, 15, 13, 16], "R": [[-0.5083916931880437, -0.7852012156746577, -0.353549059114055], [-0.7015532825922688, 0.6157491475553329, -0.35871434173851086], [0.4993604689814827, 0.06566611141159727, -0.8639022420567464]], "T": [0.07531702998118288, 0.06525412923292542, 0.05692908032898317], "aligned_model": [[-0.23700878861380043, 0.6101034696924346, 0.31207758733761937, -0.3775538103402969, -0.3428512700750248, -0.1347673054608759, 0.21608569388207888, -0.6979807685047626, -0.1494524480705135, -0.3106755593412031, 0.6203147473922794, 0.46967843741704646, 0.3834813942402601, 0.05835853249746186], [0.03545826300353877, 0.20381621252141677, -0.38016203342245236, 0.4867495892756859, -0.4648572017357324, -0.5675661924039552, -0.6418148993123753, -0.3051081766119037, 0.46765833307093574, -0.09478904290355386, -0.22574705175720997, 0.5484585708116269, -0.4022697465797469, 0.003670014394214313], [-0.6516714749965549, -0.3692704591928162, -0.6311054561531156, -0.12779181146420163, -0.39814758146246687, 0.3515616690103437, -0.17996211326711453, 0.18316110082827322, 0.44031747164653323, 0.625289042883364, 0.11961434326948364, 0.17397624964817274, 0.5807511149820805, 0.09717426732511604]], "inverted": true, "swapped": true, "error_lsq": 0.04293046307263706, "error_max": 0.2357010540607259, "target": "1037.xyz", "model": "3.xyz", "model_rescale": 3.9243930471874484, "target_rescale": 4.273379203594381},
{"mapping": [11, 2, 4, 7, 6, 9, 13, 1, 8, 15, 12, 14, 16], "R": [[-0.06707594630643482, -0.5595440332742084, 0.8260818919782273], [-0.9946320459632424, 0.10288059021066348, -0.011075978551803534], [-0.07879029489772682, -0.8223904540941225, -0.5634412395669952]], "T": [-0.10253793291708703, 0.017709952282740637, -0.11938354756395232], "aligned_model": [[-0.12183819480897472, -0.29017292347164086, 0.4931242305856208, 0.5285577868264912, 0.7442461839891199, -0.5230529383382191, -0.17963862434229105, 0.41396718000565425, 0.24628475784388737, -0.40968615578463935, 0.11998253212980962, -0.6439751331904962, -0.1005928151329692], [-0.6578813569929051, 0.23474220870481147, -0.34859359241040566, -0.34912187790377486, 0.10894134400075965, -0.543267739197734, -0.4594778419124436, 0.20136885239470673, 0.5577670104581265, 0.5002906507222431, -0.00135575117947552, -0.059569990186025795, -0.05601236281629621], [-0.6618742188711787, -0.6977971873641804, -0.5364996208781075, 0.08805913452237434, -0.06962276594752471, -0.19753917993313563, 0.47583125928741044, -0.667144293097416, 0.15173107549813653, 0.15535875089910056, 0.46005996400355376, 0.3897321797959056, -0.10322478254397424]], "inverted": true, "swapped": true, "error_lsq": 0.044700278858577525, "error_max": 0.25584254662166217, "target": "1037.xyz", "model": "4.xyz", "model_rescale": 3.8936222436046832, "target_rescale": 4.273379203594381},
{"mapping": [3, 1, 8, 15, 6, 4, 11, 5, 14, 10, 12, 16], "R": [[0.020837569317490583, -0.09983364696539203, 0.9947859260356113], [-0.22516830946016098, 0.9689703337917646, 0.10195942647117068], [-0.9740970321891924, -0.22611885185686392, -0.002288387017461952]], "T": [-0.00010087489236179636, -0.05939404481695318, -0.0049645306431516795], "aligned_model": [[0.03393522712264091, -0.7079147073923152, -0.15291555689968486, 0.4211978335515084, -0.7143651273103525, -0.7376666962330447, -0.2719929749044715, -0.08164368922414544, 0.7154776367966155, 0.43830696774074085, 0.08227492353664864, 0.0028542054309569666], [-0.5101564031643154, -0.3481376069450939, 0.14771294006187038, -0.12121263843126381, 0.32781045830060873, -0.02641511442465881, -0.3038867732884599, 0.2919635020781618, 0.15166950938834964, -0.44923599356941557, 0.5300487734623223, -0.021237748358298295], [-0.6350821692010987, -0.13215215372153033, -0.6534985731500048, -0.4754890800865262, -0.2652372594292471, 0.33838160351410745, 0.7807773082637537, 0.6285210599258176, 0.03656648052025153, 0.11856254589420229, -0.18217918388335963, 0.060114140629152366]], "inverted": false, "swapped": true, "error_lsq": 0.04160015076753046, "error_max": 0.2734283678350601, "target": "1037.xyz", "model": "5.xyz", "model_rescale": 3.6523030999806103, "target_rescale": 4.273379203594381},
{"mapping": [13, 12, 7, 5, 4, 14, 8, 9, 15, 2, 1, 11, 16], "R": [[0.897390327021452, 0.014396419971442226, 0.4410026576567735], [-0.4280004693180445, -0.21457422237611112, 0.877937071409575], [0.10726695312101084, -0.9766015800640983, -0.18639515708419518]], "T": [-0.07404380614756284, -0.02771864992357871, -0.053524006883746617], "aligned_model": [[0.1336486904334636, -0.18289278927251537, 0.37279978522285756, 0.5698935670974474, 0.5685802211625233, -0.33362791876494113, -0.544396895767891, 0.329954674415469, -0.688304115778585, -0.1325810955439433, 0.09563840283366568, 0.7051337949691716, -0.012763416342427593], [-0.4523987620692245, -0.005581338043515113, 0.3203621530279328, -0.24131507896817894, 0.4672750008704954, -0.6762197037615697, 0.41276310348917583, -0.5939945924606853, -0.18424084897225945, 0.058321376805973005, 0.6518880246250307, -0.15637753508840274, -0.05965489529158876], [0.5501679700830815, 0.5574551088037436, 0.451501165692471, 0.21317165229639032, -0.12418632851154499, 0.21178284723183136, 0.21403127807230496, -0.17080114702877786, -0.02364817888215231, -0.6907388280120011, -0.38502464561205774, -0.4104853534177343, -0.023115801233765134]], "inverted": true, "swapped": true, "error_lsq": 0.044132233793611655, "error_max": 0.2780176671310278, "target": "1037.xyz", "model": "6.xyz", "model_rescale": 4.08911054899281, "target_rescale": 4.273379203594381},
{"mapping": [15, 8, 3, 14, 9, 11, 10, 2, 13, 12, 5, 7, 4, 1, 16], "R": [[0.6857808762402626, -0.4159914077298127, -0.5972066128887945], [-0.7032211973476018, -0.5902072443099516, -0.39640302264874117], [-0.18757541785677284, 0.691813961595906, -0.6972868169963027]], "T": [0.05472413744970884, -0.09312806308856272, -0.06767503755235132], "aligned_model": [[0.13559475509217034, 0.3802493191476348, 0.6759476525869411, -0.4847520729564202, -0.4283225655739338, -0.09763735704637719, -0.010914390744112178, 0.5143474101869108, -0.6834191768201844, -0.2526514303880455, -0.48138528175480433, -0.144847765450705, 0.23474637253504366, 0.687103256023157, -0.0077251850377208706], [-0.5980808359605205, -0.6650416629781649, -0.4167110079281994, -0.40541518145632194, 0.34837408337323383, 0.7568572020540387, 0.031589622327947625, 0.2186559081775082, -0.23721542334389675, -0.5347571570117153, 0.2949715380475262, -0.04725366069443837, 0.4314255076887574, 0.1815206333172392, -0.058160749443880715], [-0.443427791704417, 0.16425215976336954, -0.400494538805725, -0.47970347018830933, -0.3310737474234122, 0.005831899321813577, -0.6504049944690102, -0.3969309124200788, 0.08171255917348974, 0.24235342115412323, 0.23789122371682825, 0.6630413645117548, 0.5284902623101564, 0.28618185664063933, -0.043649259499142015]], "inverted": false, "swapped": true, "error_lsq": 0.04166731490622386, "error_max": 0.24379356620407733, "target": "1037.xyz", "model": "7.xyz", "model_rescale": 3.964800864290218, "target_rescale": 4.273379203594381},
{"mapping": [12, 5, 14, 6, 15, 4, 8, 9, 11, 2, 1, 3, 10, 16], "R": [[0.44724931257370093, 0.49205317250768055, -0.7468947233897687], [-0.879394114060487, 0.08954842701831225, -0.4675971250706289], [-0.16319940121864246, 0.8659473163210757, 0.47275913613404]], "T": [0.04320449160263963, 0.025511933887542346, 0.02230620342998165], "aligned_model": [[-0.16572091186257493, 0.21937876589241445, 0.5627024529688339, -0.7739623883063732, 0.1350016442319334, -0.3568580456152202, -0.49212831129501833, 0.6490557924297893, 0.3320960666782563, 0.14352881982363758, -0.4936185106567348, -0.1385079242021754, 0.5706647151962964, 0.06955572417780842], [0.07472160604729136, -0.628454524008116, 0.29305562771710875, -0.2000549153208242, 0.6416613184716692, -0.6330328746531609, 0.4442623734191803, -0.3347849836201462, -0.70841254363367, 0.1394087779072184, -0.14805790500828975, 0.6768339570930522, 0.2303818002616802, -0.03657924849179096], [-0.5604134765737971, -0.24731547005657908, -0.443384139202803, -0.07361318868906999, -0.09869260039704325, 0.2854529684859239, -0.13551931429980263, -0.005397145007215769, 0.3814562624287053, 0.6498687635021823, 0.5535731164633021, 0.4019818787042271, 0.22042528505910317, -0.011607901692111254]], "inverted": true, "swapped": true, "error_lsq": 0.04121853584124742, "error_max": 0.24920824292985294, "target": "1037.xyz", "model": "8.xyz", "model_rescale": 4.121658175737393, "target_rescale": 4.273379203594381},
{"mapping": [12, 7, 5, 14, 6, 8, 4, 2, 11, 1, 15, 10, 16], "R": [[0.702705862394321, 0.6983916726946813, -0.13584381644881394], [-0.20855577493026045, 0.019650161636342534, -0.977813049560551], [-0.6802271383147636, 0.7154459746608341, 0.1594619002825339]], "T": [-0.017471175161199337, 0.1079213282220198, 0.015358571567165726], "aligned_model": [[-0.44849493243120964, -0.2499287057667137, 0.3231739499071317, 0.047105177795202624, -0.5679145232505894, -0.6971925994360539, 0.11472556547376189, 0.269947642938707, 0.7158751397959178, -0.1135023695228394, -0.3023717006687991, 0.36667568475483076, 0.018639166845850687], [0.24404224466027596, -0.3664228211869941, -0.08736891538628375, 0.8072551509337573, -0.5260104668414337, 0.09561273659021288, -0.6820553923186207, -0.012096656031604966, -0.3243988440419058, -0.5692157431149573, 0.6128499582648504, 0.4991734523913762, 0.09902273549303738], [-0.4104621163846192, -0.5294725856311431, -0.598830299470406, -0.2397636623586125, -0.1362502758602831, 0.1724232667302787, -0.13105973763580941, 0.5809187674550665, -0.1471058760075222, 0.3797942365942122, 0.27340170945379666, 0.25782524036272303, -0.0503432332885931]], "inverted": true, "swapped": true, "error_lsq": 0.04461628774633734, "error_max": 0.24102745435328357, "target": "1037.xyz", "model": "9.xyz", "model_rescale": 3.833441315466971, "target_rescale": 4.273379203594381},
{"mapping": [13, 5, 8, 1, 4, 7, 11, 2, 15, 3, 14, 10, 9, 12, 16], "R": [[-0.23511582372065987, -0.4477380221395732, 0.8626999553533654], [0.5440707727619026, -0.7961228233668227, -0.26490648225497415], [0.8054238285911473, 0.40708612558644386, 0.43078224509907126]], "T": [-0.06041986663458576, 0.06452780024252668, 0.12267138746949635], "aligned_model": [[0.15923908922631647, -0.028604327173123723, -0.47122792172396577, -0.6532072146326586, -0.619698029785189, -0.5922480011952914, 0.024997054829009047, 0.027124810811719607, 0.18154640544606587, -0.10467081841010897, 0.53397555314118, 0.48802611257963047, 0.4434695507279547, -0.21729829568644476, -0.04757894986056169], [-0.6697542428926616, -0.4662772861754192, 0.12675516031210854, 0.4971210235001138, 0.041590973239721205, -0.44083524838441746, 0.062146744906483586, 0.675030234735095, 0.2130762572898542, 0.6939066145505455, -0.267943678354745, 0.3046762842937421, -0.1439056065146374, -0.4306281563987505, 0.006142465187945874], [0.1453252631098115, -0.37596583684235674, 0.6832126723409396, -0.1263591746269458, -0.46864862461401224, -0.0713566770984507, -0.7397615234496143, -0.06836508979199596, 0.6902039160227637, 0.5735788721404513, 0.43005072324530297, 0.09148110662984119, -0.3248642122449468, 0.46302910900929234, 0.07656138399201266]], "inverted": false, "swapped": true, "error_lsq": 0.03364817661488962, "error_max": 0.23152572830430274, "target": "1037.xyz", "model": "10.xyz", "model_rescale": 4.2482417240324, "target_rescale": 4.273379203594381},
{"mapping": [13, 12, 8, 6, 10, 2, 15, 1, 7, 11, 5, 16], "R": [[-0.4997253255853658, -0.012932260660069111, 0.866087383352754], [0.05845500254406823, 0.9971055276556393, 0.04861665759945222], [-0.8642092406623372, 0.07492211524502913, -0.49752292912089735]], "T": [-0.0634759288064767, 0.14250400138993752, 0.0640988124140246], "aligned_model": [[-0.6144434082195475, -0.15825581117848733, 0.34409835875722405, 0.5994298869437226, -0.4240374151281411, 0.15346922014950756, -0.1814858041593572, 0.6563015924992229, 0.14458802957056419, -0.16888891375048018, -0.36909004684284896, -0.10492008627837195], [-0.3453518328404674, -0.4681091459595282, -0.24675297450565342, -0.33764101289774096, 0.5727599480407868, 0.742731841567182, 0.08984237626288245, 0.34781147579165206, -0.3795765210540872, 0.5851186811167243, -0.019186667831610354, 0.12448522236049891], [-0.15122628012927009, 0.12575916995763914, 0.475443243938797, -0.1764407634685255, 0.27460381254534644, 0.16173881925362532, 0.6853941644326841, -0.1366973986828469, -0.4458239099438578, -0.6735139543062859, -0.5776655431958477, 0.003620929452898658]], "inverted": true, "swapped": true, "error_lsq": 0.04187908026002508, "error_max": 0.2302799792930101, "target": "1037.xyz", "model": "11.xyz", "model_rescale": 3.6694154284099745, "target_rescale": 4.273379203594381},
{"mapping": [9, 7, 6, 4, 11, 14, 10, 15, 1, 3, 8, 2, 12, 16], "R": [[-0.2977714041191251, -0.7762546650848099, -0.5556625647126088], [0.30841276689791164, 0.47262933273218893, -0.8255319975963986], [0.9034454914953638, -0.4171932511141514, 0.09867134904066893]], "T": [0.0029960034956780374, -0.021484899842794933, -0.026662218529699626], "aligned_model": [[0.20201387626830697, -0.11467165210886272, -0.06183253215787153, 0.4939447781352459, 0.6820912953966044, -0.47870879027916285, 0.13875808403274753, -0.3736598869632229, 0.4985940541036305, 0.026798388120638762, -0.3798260936801181, 0.5177439837688426, -0.5566328556636331, 0.0036522012826643944], [-0.563766768767768, 0.48669248208737176, 0.8175613601247288, 0.48512879559420724, -0.18007267531833937, -0.5909031590724483, -0.5681122756799687, -0.2126994840596642, 0.5523241831904063, 0.06744072688176606, 0.436190856423224, -0.11874219281497649, 0.15874800666370542, -0.03880256711599009], [-0.4315812276493261, -0.5778336408539665, -0.16680956051675397, -0.4332201882905709, -0.5412219796079983, -0.07192360276891757, 0.17877460777173376, 0.44691440129775467, 0.13357406348920203, 0.7433501695283785, 0.33503126849091275, 0.35076030926035173, -0.22657540198478276, -0.10014375851360235]], "inverted": false, "swapped": true, "error_lsq": 0.0437273832876537, "error_max": 0.3260009299653044, "target": "1037.xyz", "model": "12.xyz", "model_rescale": 3.9764082729961374, "target_rescale": 4.273379203594381},
{"mapping": [4, 1, 6, 12, 5, 11, 9, 7, 8, 0, 3, 15, 2, 10, 14, 16], "R": [[0.6163150664615898, 0.7403092135663326, -0.2685107207566291], [0.5689619171581616, -0.6543362335981379, -0.49812290674522547], [-0.5444612710525475, 0.15422827791751254, -0.824485028738814]], "T": [-0.08223348403761697, 0.061289665589695716, 0.12393769663928744], "aligned_model": [[-0.07906984115789097, -0.2529395558390546, -0.7297235555443219, -0.5160396680793499, 0.18331121135602857, 0.5660683504099671, 0.5416608127604233, -0.41887477754380653, -0.7440505980475601, 0.35658093261966617, -0.30599454391629183, -0.2708552698618976, 0.221732254955265, 0.37127862021163416, 0.0681267824801104, -0.05237084099352754], [-0.0813591208643649, -0.5210770015274835, -0.028191367905037276, 0.5031343023738601, 0.5694485185781273, 0.06711355936323866, 0.3880546744554046, 0.3993927963791324, -0.09701382276423638, -0.4443625030097753, -0.546188384692302, -0.003338397907891741, -0.5069370711769557, -0.02217582682994794, 0.5490542528466095, 0.1199095100248655], [-0.6776974033828008, -0.35799431069577, -0.42432537416839144, 0.1710455849712736, -0.3262466485634239, -0.45118234252336753, 0.08371732371714549, -0.46617990005198495, 0.2781458277199907, -0.41668691884925857, 0.5508976536289911, 0.7263931117554817, 0.1638805790721422, 0.5070791887825382, 0.6696507648938891, 0.08689980654624319]], "inverted": true, "swapped": true, "error_lsq": 0.033350940026986096, "error_max": 0.27244913247179203, "target": "1037.xyz", "model": "13.xyz", "model_rescale": 4.170626492500431, "target_rescale": 4.273379203594381},
{"mapping": [9, 11, 10, 2, 14, 8, 3, 5, 13, 4, 7, 1, 12, 16], "R": [[-0.6703668222504097, 0.6169350842592997, 0.4123098657998113], [0.7409737739310137, 0.526925190194491, 0.4163024264701449], [0.039575118096079026, 0.5845861320186019, -0.8103658829684349]], "T": [-0.08206660522581889, 0.1175323088025273, 0.033950038286187166], "aligned_model": [[0.288311731456719, 0.03635759725873397, -0.18033804504297196, -0.6292736214169922, 0.345557279531429, -0.3018346238596162, -0.7501021182498968, 0.4931924733935078, 0.6761540535604983, -0.12679258370662394, 0.301142128137446, -0.6124239092285666, 0.32078080603935594, -0.017548145781378366], [-0.3251138997793789, -0.7408804369564991, 0.028254539721623007, -0.15349165667725173, 0.4338255472940703, 0.6858944874615646, 0.48677263187249226, -0.3108397461940787, 0.22175927007579227, -0.436826474098585, 0.016438664695071853, -0.15371948448738015, 0.5254081429746383, 0.07859288202358661], [-0.3716622947837829, 0.0199674806664746, -0.5506945752966238, -0.17577053839092288, -0.4908562647082536, 0.37381543277142226, -0.10310300080065532, 0.16425631116606182, -0.012649821966820553, 0.6286461330857429, 0.6811061301705329, 0.5296248836646804, 0.2726651585576741, 0.03852806698533632]], "inverted": false, "swapped": true, "error_lsq": 0.03880638759384656, "error_max": 0.29067159881604654, "target": "1037.xyz", "model": "14.xyz", "model_rescale": 3.9786697098870705, "target_rescale": 4.273379203594381},
{"mapping": [2, 9, 1, 3, 4, 6, 14, 12, 8, 15, 5, 16], "R": [[0.82434168362211, 0.16787733301550406, -0.5406274037659083], [-0.5197199678759956, 0.6029936734184222, -0.6052187908585879], [0.22439238764726183, 0.7798819339342068, 0.5843220220811486]], "T": [-0.04269041872018222, -0.04855894263568273, -0.028768376084044363], "aligned_model": [[0.07717859115195508, -0.7322125177152112, 0.46702543655881545, 0.5033269384226905, 0.06278439332590188, 0.5294740288730462, -0.4785876293680863, 0.015833285697043196, 0.5678438032794955, 0.13083861048620968, -0.5582457158010748, -0.10190462814344795], [-0.39215115964840525, -0.06638017872793145, 0.19596046413768492, -0.5937349908110184, 0.5964664486841436, 0.5832246036920139, -0.37979262245999723, 0.20720320596031372, -0.054032124848267325, -0.5463739790175776, 0.46626470400358566, -0.001979880740105161], [-0.5621050779859167, -0.17668328924616547, -0.5588155100272881, -0.10649559499564153, -0.5143554713378806, 0.007563956162101152, 0.4797619831792558, 0.5340764878684692, 0.3089593878865731, 0.3244671791147419, -0.05253175759203494, -0.023875799152384095]], "inverted": false, "swapped": true, "error_lsq": 0.042285386073091506, "error_max": 0.2099215395313694, "target": "1037.xyz", "model": "15.xyz", "model_rescale": 3.769337070930944, "target_rescale": 4.273379203594381},
{"mapping": [7, 8, 5, 13, 4, 1, 11, 2, 9, 14, 16], "R": [[0.21142854127811517, 0.8127397800954619, 0.54291069411404], [0.9713230251874385, -0.11290679995886377, -0.209245394844837], [-0.10876374705631912, 0.5715821064146686, -0.8133045819081801]], "T": [-0.07688399176348723, -0.13522972188921814, 0.10001175066708871], "aligned_model": [[-0.24668316853716812, -0.4243408915110397, -0.0708510928142847, -0.6018137586322395, 0.37287573156109843, 0.4309814108116097, 0.5507352878156733, 0.471332845289516, 0.08360351201034844, -0.5600598363637177, -0.08315390893862543], [0.14008930570140302, -0.6866009358006615, 0.5560520140889327, 0.42359206677561256, 0.061940499535803495, -0.47819302409831266, 0.4543080861948111, -0.391755120418373, 0.47498057356467094, 0.10314270075898102, -0.061491668677525396], [-0.5864629670620914, -0.14919804408527954, -0.13128571023795266, 0.0899956530851002, -0.5494631245657492, -0.3743287007157919, 0.0018717564075837884, 0.32478997068866955, 0.4154864714430087, 0.6177423239469784, 0.08506997831930112]], "inverted": true, "swapped": true, "error_lsq": 0.04314259401649507, "error_max": 0.24820615010010208, "target": "1037.xyz", "model": "16.xyz", "model_rescale": 3.7852294659196426, "target_rescale": 4.273379203594381},
{"mapping": [2, 15, 8, 3, 10, 14, 13, 12, 1, 0, 9, 7, 16], "R": [[0.011386532177432407, 0.1318098939648531, -0.9912096139253024], [-0.992811164093367, 0.11960660726797862, 0.004500216596729889], [0.11914839208544217, 0.984032728800632, 0.13222423874855938]], "T": [0.017092268641115717, 0.09745155712100147, 0.013361067906615565], "aligned_model": [[0.10642184799436513, -0.3870835779850614, 0.19978988490961244, -0.0034284877825488808, -0.4350250196597641, -0.6942634516148664, -0.31284491165150036, -0.04415132531929549, 0.7221285745161882, 0.5131871845614021, -0.31604997911536403, 0.4925394261523958, 0.012545685210719667], [-0.132003857470343, -0.37773245530683397, -0.43749716964366187, -0.6490574453315702, 0.0687211168143802, 0.18808879210043483, 0.5882715259439393, 0.1288976791451371, -0.10032852873526142, 0.3014943559548072, 0.6579335337210792, 0.46675376748344966, 0.17151430902731746], [-0.5834996090375915, 0.1297635215698041, 0.422376318545943, -0.19567626411367678, -0.37932409802971173, 0.223321030964855, 0.5013883100841641, 0.6305271761135831, -0.24032535792213794, -0.6595234343594636, -0.25592194243817873, 0.4753629545950542, 0.027286091170530505]], "inverted": false, "swapped": true, "error_lsq": 0.04191882715704229, "error_max": 0.2239668897102146, "target": "1037.xyz", "model": "17.xyz", "model_rescale": 3.901054581598922, "target_rescale": 4.273379203594381},
{"mapping": [7, 6, 13, 5, 8, 14, 1, 4, 12, 10, 3, 2, 11, 9, 16], "R": [[0.2634176894802404, 0.5584555706837154, 0.786599323951666], [0.7869460782555229, 0.3472245201183343, -0.5100500000459226], [-0.557966836637398, 0.7533674456737024, -0.3480093404090428]], "T": [-0.025998073316976955, 0.019609831731077786, 0.10981793115197225], "aligned_model": [[0.0624439203381979, 0.1792764624438274, -0.4983947325468078, 0.07992625534348718, -0.2799718489169536, -0.6526142086182858, 0.6056401303063281, 0.6276138110707346, -0.48576150543351987, -0.08040100169136599, -0.03997383003300486, 0.40174685424104684, 0.612751866442079, 0.03137639773394435, -0.024572359590672894], [-0.1427564885261185, -0.6170226206439893, 0.38909138824508205, 0.47366695268365067, -0.6302341355170323, 0.4081705351563266, -0.4288244460067324, -0.08188119173618406, -0.1498597740814933, 0.39611840150960653, -0.44591607186487486, 0.018937000266908265, 0.5660041058484687, 0.7212723326257591, 0.07199136186772864], [-0.6261814284077073, -0.41971405883315027, -0.3679457652364194, -0.4505547281542318, 0.1163120863400819, 0.2310534619454198, 0.08768569479095376, -0.36501740372025815, -0.2716676920437492, 0.5731954644817745, 0.7298854352759033, 0.5934562805011664, -0.10123670017075961, 0.06492864619472638, 0.05546711188822607]], "inverted": true, "swapped": true, "error_lsq": 0.037261460071205156, "error_max": 0.2066012970382062, "target": "1037.xyz", "model": "18.xyz", "model_rescale": 3.9405287249114394, "target_rescale": 4.273379203594381},
{"mapping": [6, 7, 11, 13, 8, 0, 4, 3, 1, 2, 9, 10, 12, 15, 14, 16], "R": [[-0.7677535372258983, -0.5871697341860909, 0.25648822455028364], [0.6215223021177723, -0.7797664813242622, 0.0753277012353634], [0.15577077404746426, 0.21724626086313825, 0.963607559172114]], "T": [0.07984374924101015, 0.029548052029254524, 0.016684418420309502], "aligned_model": [[-0.5051336920074242, -0.11953526834625036, 0.7808176524705798, 0.22228949916595603, -0.6130163753460882, 0.47994364078115725, 0.15017917511234752, -0.29780783607508954, -0.13604142027435465, 0.2696090154358143, 0.7528295433201433, 0.46331155487048203, -0.2696343051622361, -0.18592199426230835, 0.2513947211924057, 0.12388118709625184], [-0.32087493165839914, -0.629337921867087, -0.13574336126003114, -0.5961834221024516, 0.09874409893153828, 0.25994566655525264, -0.2693608696548949, 0.7058866775911397, 0.22319587403991686, 0.5850741077147131, -0.12762427701819754, 0.39529573969518467, -0.40405500578075076, 0.3562406221551772, -0.05707540981741109, -0.03177545854606277], [-0.49600239494666826, -0.3026855022303853, -0.46540123933894634, 0.43633034590143877, 0.06139224058964107, -0.7095071532452186, -0.7374269148094907, 0.0532732424843851, -0.7019560147776118, -0.25211322650163387, 0.15819103644081856, 0.2970737747445764, 0.29143361179349075, 0.4913927774013394, 0.7387591341341834, 0.016690039034959803]], "inverted": false, "swapped": true, "error_lsq": 0.03578838801163629, "error_max": 0.24859432533874687, "target": "1037.xyz", "model": "19.xyz", "model_rescale": 4.410303926677745, "target_rescale": 4.273379203594381},
{"mapping": [12, 5, 14, 6, 15, 4, 8, 9, 11, 2, 1, 3, 10, 16], "R": [[0.44724931257370093, 0.49205317250768055, -0.7468947233897687], [-0.879394114060487, 0.08954842701831225, -0.4675971250706289], [-0.16319940121864246, 0.8659473163210757, 0.47275913613404]], "T": [0.04320449160263963, 0.025511933887542346, 0.02230620342998165], "aligned_model": [[-0.16572091186257493, 0.21937876589241445, 0.5627024529688339, -0.7739623883063732, 0.1350016442319334, -0.3568580456152202, -0.49212831129501833, 0.6490557924297893, 0.3320960666782563, 0.14352881982363758, -0.4936185106567348, -0.1385079242021754, 0.5706647151962964, 0.06955572417780842], [0.07472160604729136, -0.628454524008116, 0.29305562771710875, -0.2000549153208242, 0.6416613184716692, -0.6330328746531609, 0.4442623734191803, -0.3347849836201462, -0.70841254363367, 0.1394087779072184, -0.14805790500828975, 0.6768339570930522, 0.2303818002616802, -0.03657924849179096], [-0.5604134765737971, -0.24731547005657908, -0.443384139202803, -0.07361318868906999, -0.09869260039704325, 0.2854529684859239, -0.13551931429980263, -0.005397145007215769, 0.3814562624287053, 0.6498687635021823, 0.5535731164633021, 0.4019818787042271, 0.22042528505910317, -0.011607901692111254]], "inverted": true, "swapped": true, "error_lsq": 0.04121853584124742, "error_max": 0.24920824292985294, "target": "1037.xyz", "model": "20.xyz", "model_rescale": 4.121658175737393, "target_rescale": 4.273379203594381},
{"mapping": [13, 12, 7, 5, 4, 14, 8, 9, 15, 2, 1, 11, 16], "R": [[0.897390327021452, 0.014396419971442226, 0.4410026576567735], [-0.4280004693180445, -0.21457422237611112, 0.877937071409575], [0.10726695312101084, -0.9766015800640983, -0.18639515708419518]], "T": [-0.07404380614756284, -0.02771864992357871, -0.053524006883746617], "aligned_model": [[0.1336486904334636, -0.18289278927251537, 0.37279978522285756, 0.5698935670974474, 0.5685802211625233, -0.33362791876494113, -0.544396895767891, 0.329954674415469, -0.688304115778585, -0.1325810955439433, 0.09563840283366568, 0.7051337949691716, -0.012763416342427593], [-0.4523987620692245, -0.005581338043515113, 0.3203621530279328, -0.24131507896817894, 0.4672750008704954, -0.6762197037615697, 0.41276310348917583, -0.5939945924606853, -0.18424084897225945, 0.058321376805973005, 0.6518880246250307, -0.15637753508840274, -0.05965489529158876], [0.5501679700830815, 0.5574551088037436, 0.451501165692471, 0.21317165229639032, -0.12418632851154499, 0.21178284723183136, 0.21403127807230496, -0.17080114702877786, -0.02364817888215231, -0.6907388280120011, -0.38502464561205774, -0.4104853534177343, -0.023115801233765134]], "inverted": true, "swapped": true, "error_lsq": 0.044132233793611655, "error_max": 0.2780176671310278, "target": "1037.xyz", "model": "21.xyz", "model_rescale": 4.08911054899281, "target_rescale": 4.273379203594381},
{"mapping": [7, 13, 6, 0, 12, 9, 3, 14, 2, 5, 8, 10, 15, 15, 11, 1, 16], "R": [[-0.3161234048123019, -0.9413358634094366, -0.1181219081673171], [0.18477352775732594, -0.18321214876611028, 0.9655527183870476], [-0.9305507704418874, 0.2834080111847851, 0.23185159655757068]], "T": [-0.04293037627932473, -0.014565191096247848, -0.08804075410258912], "aligned_model": [[-0.07266386818393972, 0.09243230003540248, 0.052062531346254264, 0.5812783633639232, -0.46795152672165946, -0.7402741589765126, 0.15682130534730515, -0.2912064856898635, 0.48744165039636866, -0.6167609690820025, -0.0041706865943578544, -0.6380399515547888, -0.038206295953945625, -0.038206295953945625, -0.19432780171298006, 0.498246951630981, -0.01063732689565379], [-0.5322627381530975, -0.01583028156515351, -0.7477767380039216, -0.4513226219438925, 0.055019243253074446, 0.12885116970891455, 0.5565282323283702, 0.5154223038281174, 0.4677816233251162, -0.2539009677851969, -0.38441295516634155, -0.522243521645002, 0.6234323781639891, 0.6234323781639891, 0.13011687248627724, 0.015297151308708248, -0.029031286191975186], [-0.574765889307165, -0.7348833249304977, 0.0065177121152115575, -0.22834682714159543, -0.6876110454004853, -0.11432778036078678, -0.7111221217448586, -0.35127983681415303, -0.0025954891036882866, 0.24537473850174785, 0.4971706059443179, -0.2861384959413678, 0.26472517761032693, 0.26472517761032693, 0.6481921915796931, 0.4918158846694352, -0.1198769204326476]], "inverted": false, "swapped": false, "error_lsq": 0.045798630551874636, "error_max": 0.43453041890886446, "target": "1037.xyz", "model": "22.xyz", "model_rescale": 4.204369325754507, "target_rescale": 4.273379203594381},
{"mapping": [6, 7, 11, 13, 8, 0, 4, 3, 1, 2, 9, 10, 12, 15, 14, 16], "R": [[-0.7677535372258983, -0.5871697341860909, 0.25648822455028364], [0.6215223021177723, -0.7797664813242622, 0.0753277012353634], [0.15577077404746426, 0.21724626086313825, 0.963607559172114]], "T": [0.07984374924101015, 0.029548052029254524, 0.016684418420309502], "aligned_model": [[-0.5051336920074242, -0.11953526834625036, 0.7808176524705798, 0.22228949916595603, -0.6130163753460882, 0.47994364078115725, 0.15017917511234752, -0.29780783607508954, -0.13604142027435465, 0.2696090154358143, 0.7528295433201433, 0.46331155487048203, -0.2696343051622361, -0.18592199426230835, 0.2513947211924057, 0.12388118709625184], [-0.32087493165839914, -0.629337921867087, -0.13574336126003114, -0.5961834221024516, 0.09874409893153828, 0.25994566655525264, -0.2693608696548949, 0.7058866775911397, 0.22319587403991686, 0.5850741077147131, -0.12762427701819754, 0.39529573969518467, -0.40405500578075076, 0.3562406221551772, -0.05707540981741109, -0.03177545854606277], [-0.49600239494666826, -0.3026855022303853, -0.46540123933894634, 0.43633034590143877, 0.06139224058964107, -0.7095071532452186, -0.7374269148094907, 0.0532732424843851, -0.7019560147776118, -0.25211322650163387, 0.15819103644081856, 0.2970737747445764, 0.29143361179349075, 0.4913927774013394, 0.7387591341341834, 0.016690039034959803]], "inverted": false, "swapped": true, "error_lsq": 0.03578838801163629, "error_max": 0.24859432533874687, "target": "1037.xyz", "model": "23.xyz", "model_rescale": 4.410303926677745, "target_rescale": 4.273379203594381},
{"mapping": [8, 10, 4, 3, 9, 14, 11, 11, 1, 6, 5, 15, 7, 13, 12, 0, 16], "R": [[-0.10370987129114972, 0.49963231580753614, 0.8600068671804731], [-0.6818298835873615, -0.6652349938471857, 0.3042538624378994], [0.7241217248805746, -0.5548242532207237, 0.40965567931379654]], "T": [-0.09136736689747184, 0.015288964118153186, -0.07192844992149576], "aligned_model": [[-0.11266503665650408, 0.18100453751429385, 0.1929569984065962, 0.7549325833168146, -0.3943369617683641, -0.7038726220274609, -0.13794608758725274, -0.13794608758725274, 0.6314317048309547, -0.6844052743783026, -0.19385106268693508, -0.693499216640216, 0.15066568854279283, -0.46252396807809, -0.09392283080218906, 0.4323982080664295, 0.02741716233527139], [-0.6078564270262589, -0.1031111949744337, -0.6056700224616107, -0.2860210862679723, -0.07136629631480322, 0.269934273936139, 0.49704179686950734, 0.49704179686950734, 0.4388094231971409, -0.046930517827445936, -0.4799326579812443, -0.35184322588244016, 0.5776655765583115, 0.4433369372198663, 0.005908851603516009, 0.004850569823977096, -0.0027575552297814093], [-0.6075989624688702, -0.6512201677024192, -0.1582647995745935, -0.119253204941129, -0.6133342811160333, -0.20662465863014728, -0.47993104492024324, -0.47993104492024324, -0.25774360597822304, 0.3995934118378256, 0.3020430336578099, -0.18131483584542607, 0.1870762653577432, 0.34424979789151006, 0.7318633874824071, 0.47208117636600005, -0.07411670964215407]], "inverted": true, "swapped": false, "error_lsq": 0.04000694138830643, "error_max": 0.3465961354140216, "target": "1037.xyz", "model": "24.xyz", "model_rescale": 4.28219845311461, "target_rescale": 4.273379203594381},
{"mapping": [11, 2, 5, 1, 4, 3, 9, 6, 10, 8, 14, 15, 12, 7, 13, 16], "R": [[-0.11172723526489363, 0.7421561635381757, -0.6608488887955851], [-0.8853356258679168, 0.22769133012310588, 0.4053856037846376], [0.4513289869586569, 0.6303656772930039, 0.6316179687293619]], "T": [-0.1371529855346902, -0.02204553895708967, 0.020498807493434107], "aligned_model": [[-0.14828715256816272, -0.4909430127324079, 0.1241142613070029, 0.19411493479388944, 0.4066815942919124, -0.4310398593939794, -0.4468277246357687, 0.6640494134520077, -0.7298520011392846, 0.15244904450972233, -0.521778102521172, -0.46111610101716405, 0.21157902706951096, 0.5837195126379795, 0.018690313058223357, -0.11723338099129851], [0.40316070643801705, -0.3672740540488086, 0.6236295522400633, -0.514560100322207, 0.0042078239714051675, -0.7280507323650742, 0.567749498363382, -0.31287270516103455, 0.0569168560958206, -0.5071443246036301, 0.3680651175227061, -0.2791340238265016, 0.1361550594915817, 0.2112659184676054, 0.6336574228385649, 0.04933936061234201], [-0.7345958388488035, -0.39485901142660995, -0.19455572541188795, -0.47773901666040397, -0.5849202450811256, 0.1492643720643375, -0.2116229556158155, -0.016065083468172286, -0.023204020745099557, 0.42995193896428285, 0.5286350591790219, 0.5018104556344847, 0.5093670878577715, -0.021791506769778063, 0.3861487302587776, 0.0061017806467662805]], "inverted": false, "swapped": true, "error_lsq": 0.04142209891672038, "error_max": 0.3567502608636946, "target": "1037.xyz", "model": "25.xyz", "model_rescale": 4.100010024507729, "target_rescale": 4.273379203594381},
{"mapping": [13, 12, 8, 6, 10, 2, 15, 1, 7, 11, 5, 16], "R": [[-0.4997253255853658, -0.012932260660069111, 0.866087383352754], [0.05845500254406823, 0.9971055276556393, 0.04861665759945222], [-0.8642092406623372, 0.07492211524502913, -0.49752292912089735]], "T": [-0.0634759288064767, 0.14250400138993752, 0.0640988124140246], "aligned_model": [[-0.6144434082195475, -0.15825581117848733, 0.34409835875722405, 0.5994298869437226, -0.4240374151281411, 0.15346922014950756, -0.1814858041593572, 0.6563015924992229, 0.14458802957056419, -0.16888891375048018, -0.36909004684284896, -0.10492008627837195], [-0.3453518328404674, -0.4681091459595282, -0.24675297450565342, -0.33764101289774096, 0.5727599480407868, 0.742731841567182, 0.08984237626288245, 0.34781147579165206, -0.3795765210540872, 0.5851186811167243, -0.019186667831610354, 0.12448522236049891], [-0.15122628012927009, 0.12575916995763914, 0.475443243938797, -0.1764407634685255, 0.27460381254534644, 0.16173881925362532, 0.6853941644326841, -0.1366973986828469, -0.4458239099438578, -0.6735139543062859, -0.5776655431958477, 0.003620929452898658]], "inverted": true, "swapped": true, "error_lsq": 0.04187908026002508, "error_max": 0.2302799792930101, "target": "1037.xyz", "model": "26.xyz", "model_rescale": 3.6694154284099745, "target_rescale": 4.273379203594381},
