[{"mapping": [7, 8, 9, 2, 4, 10, 0, 5, 6, 1, 11], "R": [[0.29782293475954447, 0.8076696229666338, 0.5088922082997025], [0.22010802676946267, 0.4606206461446183, -0.8598727097059005], [-0.9288993250524331, 0.36810107373145495, -0.04059117434719381]], "T": [-0.053777452196715286, -0.12127973621770362, -0.02946430209461622], "aligned_model": [[0.15667239642273537, -0.35907352884924104, -0.6306412100389168, 0.3695319528159471, -0.004168812478301559, -0.20413759696597986, 0.5132536944915826, 0.5800823486068051, -0.2617942869529952, 0.44503475006941084, 0.012336889154930572], [0.8012622315366574, -0.3421125659749691, 0.06943433723783567, -0.5754230310265652, -0.8747220505984828, 0.22967631511638342, -0.3297168208194712, 0.270624128007373, 0.3669034823378849, 0.11819651894072745, -0.12113281458952319], [-0.06454262608499745, 0.48154514749823013, -0.014877612883761708, 0.4836762838995147, -0.3161908765682076, -0.5915879743072497, -0.1629598243025572, -0.39459365815994674, 0.46405431866213054, 0.4129360478201032, -0.05093819717155943]], "inverted": true, "swapped": false, "error_lsq": 0.04782268042121702, "error_max": 0.24112764405197015, "target": "1038.xyz", "model": "0.xyz", "model_rescale": 3.751011558992144, "target_rescale": 3.60696957888349},
{"mapping": [10, 12, 9, 7, 3, 5, 1, 4, 11, 6, 14], "R": [[-0.02761368813758866, 0.90040367195447, 0.43417820276742014], [0.2183659180640723, 0.42928717372780356, -0.8763725510881941], [-0.9754761965601595, 0.0706098435326242, -0.208471676591386]], "T": [0.07038820613797354, -0.10977387858352915, -0.155325887255231], "aligned_model": [[0.007718424158878759, -0.36388556322968785, -0.5019927303528914, 0.28491833497386343, -0.20529483752323402, -0.2989950099864627, 0.73877199626376, 0.6245296515132781, -0.1587755208332296, 0.46228451867493087, 0.027817332616771585], [0.7058560143400211, -0.40423808238058073, 0.2139168222467982, -0.46842789696975384, -0.8200605982293956, 0.06704295135604786, -0.28160771572023147, 0.41655048690885643, 0.2148586601022235, 0.0767700255780316, -0.1076709370641665], [-0.0981059228627972, 0.3706705290810238, -0.11297007216325372, 0.3594761550040382, -0.10149722532515824, -0.6268954953634156, -0.058259976927237764, -0.359001832610136, 0.5366485992641686, 0.4573276831336458, -0.12087141282917924]], "inverted": true, "swapped": false, "error_lsq": 0.044253581939880104, "error_max": 0.23788553833011922, "target": "1038.xyz", "model": "1.xyz", "model_rescale": 3.9405287249114394, "target_rescale": 3.60696957888349},
{"mapping": [4, 5, 2, 11, 0, 1, 6, 7, 9, 10, 12], "R": [[-0.5676021870525407, 0.1333193641120652, -0.8124368925682334], [-0.5923088231865143, 0.6192729495328272, 0.5154330916349075], [0.5718374027890961, 0.773774489841625, -0.27253444487211864]], "T": [0.1033531350728802, 0.04849900035526808, 0.002255744441670423], "aligned_model": [[0.06330604022644189, -0.3666978962023015, -0.5710704136578143, 0.2663371589796385, -0.1157096551049102, -0.24883591194413357, 0.45441281537243805, 0.6626653891057351, -0.054571735318309986, 0.5070946366279379, 0.020166168191255357], [0.7052388409042918, -0.4146558233451758, -0.03187755585181287, -0.451269303835485, -0.6859701155794514, 0.10689395467720594, -0.33898867682590283, 0.19621867614914357, 0.15715893525164093, 0.2954362299495834, 0.07480456867381277], [-0.2401998884333228, 0.3065843787449475, -0.05124298125714505, 0.4831737614826652, -0.3375921626777815, -0.7046949163750886, -0.14595388510424187, -0.5402002934343775, 0.7856035988143628, 0.7004691243440625, -0.009425707702381962]], "inverted": true, "swapped": false, "error_lsq": 0.04807961914243617, "error_max": 0.22340224553543278, "target": "1038.xyz", "model": "2.xyz", "model_rescale": 3.932901565614263, "target_rescale": 3.60696957888349},
{"mapping": [9, 0, 7, 1, 2, 5, 10, 12, 3, 11, 13], "R": [[-0.9188432839414223, -0.1222450372381016, -0.37521083463354044], [0.39439709536463224, -0.2523327544830593, -0.8836170619577994], [0.013339817228284173, -0.9598876662847833, 0.2800673443846475]], "T": [-0.009122066024110378, -0.015506088493688563, 0.08888273778488175], "aligned_model": [[-0.01243426821444217, -0.4266784606960442, -0.598089740654087, 0.2514581593065099, -0.16403490142043475, -0.10630018316820436, 0.6845700076456193, 0.45248368860390253, -0.1765087953225633, 0.659215075125994, 0.053416015069727416], [0.6380332406696858, -0.47680294514832694, 0.35760604888203035, -0.6466178217284462, -0.7912018351974299, 0.13434818492203476, -0.13493986379442355, 0.19625497009189252, 0.039173696643768546, 0.30057807882766624, -0.0034420240006010835], [-0.2467782726738582, 0.33748321335187087, -0.06489293822086016, 0.3762232104861997, -0.17283844048217423, -0.6074647300370679, -0.04405454271399235, -0.4813866647965228, 0.5681293152721988, 0.59000643837736, -0.007905560161455091]], "inverted": true, "swapped": false, "error_lsq": 0.0496534265059263, "error_max": 0.2731961315722899, "target": "1038.xyz", "model": "3.xyz", "model_rescale": 3.9243930471874484, "target_rescale": 3.60696957888349},
{"mapping": [10, 7, 4, 1, 0, 3, 5, 6, 8, 9, 12], "R": [[-0.9604732038851312, -0.16161800323330097, 0.22665137469142346], [0.17066577034418515, 0.30135753094305745, 0.9381134437671865], [-0.21991912024982543, 0.9397144564040638, -0.26186317223649064]], "T": [0.09456704257664986, 0.0719646870539032, 0.05214954681773018], "aligned_model": [[-0.02732490330435189, -0.47437221715571987, -0.4966249476759236, 0.21149182688002982, 0.05188821054780804, -0.1671787491164423, 0.6120390129944826, 0.47786666659535826, -0.17474542696618198, 0.4522717459144876, 0.15178537756243043], [0.7535642747122354, -0.36117510059855257, 0.11687078041770539, -0.5567749765144417, -0.6822185270108085, 0.035175023681681586, -0.4028551568184889, 0.1866358938294298, 0.35652577774981575, 0.19157284806486757, -0.024331107345593475], [-0.08086201340260174, 0.41493984712873, 0.023119512713738806, 0.37023024452517883, -0.3386298670211607, -0.566792317628834, -0.23138524023981213, -0.5490562642823221, 0.5449295670366118, 0.6483278966480804, 0.011699662924089874]], "inverted": false, "swapped": false, "error_lsq": 0.044767234907356554, "error_max": 0.21305568994812799, "target": "1038.xyz", "model": "4.xyz", "model_rescale": 3.8936222436046832, "target_rescale": 3.60696957888349},
{"mapping": [8, 5, 6, 4, 1, 9, 2, 3, 7, 10, 11], "R": [[-0.20843355853018825, -0.44788676189727006, 0.8694555193887846], [-0.9029639703860611, -0.25343975645831535, -0.34702212902204255], [0.37578121275961085, -0.8574180651021581, -0.35160025849448423]], "T": [0.0862080053519248, 0.03695634442416504, -0.042987814443016165], "aligned_model": [[0.15970500280026537, -0.37966440990128597, -0.7064696774805717, 0.30832857896832255, -0.1312704397111842, -0.19088463306953946, 0.687187535086133, 0.5173944893360779, -0.20374393824867781, 0.5306673437091822, 0.025846744787255224], [0.7640573137058101, -0.46350503882785254, -0.027950325692788658, -0.4878697230195649, -0.6565701392961859, 0.2293393732423278, -0.40534277584084366, 0.229487535078034, 0.3223721840905608, 0.21051366835609095, -0.10154234162773743], [-0.15154746701520844, 0.3925258519630803, 0.0023756446551240207, 0.51004441663825, -0.38185786250342957, -0.5609109591050784, -0.061790951877286227, -0.3705423732205976, 0.4612077788120368, 0.3715012099492857, 0.03551574010552211]], "inverted": true, "swapped": false, "error_lsq": 0.04367737370546628, "error_max": 0.21949732473308067, "target": "1038.xyz", "model": "5.xyz", "model_rescale": 3.6523030999806103, "target_rescale": 3.60696957888349},
{"mapping": [9, 1, 5, 2, 3, 7, 4, 11, 6, 10, 12], "R": [[0.6239652143030756, 0.659969844399083, -0.4184581410649907], [-0.5442035464825464, -0.01731584488261958, -0.8387744997982595], [-0.5608118323783265, 0.7510925149406374, 0.3483534450304927]], "T": [-0.043092884652608285, 0.015443916132348488, 0.07258011739497335], "aligned_model": [[0.1292337323077627, -0.40432481684284194, -0.6887759881083851, 0.25707779488646726, -0.031932852338845616, -0.10872364398967793, 0.46752197421286656, 0.5554747765363673, -0.045811083576655656, 0.5839968084847219, -0.09664010529580239], [0.6953051031402029, -0.48049118473255, 0.06213027311540655, -0.5599281173929198, -0.5353785704650275, 0.052200232140603396, -0.24215062867515955, 0.1614404316428236, 0.15182456051296786, 0.33465333329815733, -0.02661570241665432], [-0.10279142724071398, 0.39805628071523275, -0.13912071862158948, 0.46635190459050774, -0.3506346565501468, -0.6065072380752378, 0.027312929298941607, -0.5558868869724303, 0.7082037429038478, 0.40953249744382714, -0.007995399090540103]], "inverted": false, "swapped": false, "error_lsq": 0.04850915311666946, "error_max": 0.24469771839925833, "target": "1038.xyz", "model": "6.xyz", "model_rescale": 4.08911054899281, "target_rescale": 3.60696957888349},
{"mapping": [5, 9, 8, 1, 0, 6, 2, 7, 11, 13, 14], "R": [[0.9820982028722146, 0.17493213600205718, -0.06987036359519366], [-0.1538369839845484, 0.9588982908475449, 0.23842871087223377], [0.10870741590942451, -0.22341176245537125, 0.9686433203831432]], "T": [-0.02673814232549658, 0.11952792823387896, 0.02610517094119427], "aligned_model": [[-0.00624294947286189, -0.5028287611966332, -0.7066479074800064, 0.18784535195319146, -0.02762352635096412, 0.07932262746482668, 0.6091564286235783, 0.5807869419291756, -0.09861669052244777, 0.6007410941354568, -0.09879601280733846], [0.8048070749473779, -0.41470629205772197, 0.16365198460935174, -0.49524271743369447, -0.7372040634522922, -0.0891139790724338, -0.3307223668953939, 0.35202758735495865, 0.17656263459156973, 0.16784041769922986, 0.015089449876898614], [-0.30627062199938704, 0.34624393522961017, 0.05651490920868808, 0.3636804011699808, -0.3620516190554031, -0.4147606069102325, -0.18138533405782808, -0.39359251197757794, 0.6058564792941356, 0.40004398080674275, 0.1322420166929697]], "inverted": false, "swapped": false, "error_lsq": 0.048435146933316735, "error_max": 0.32852357552218203, "target": "1038.xyz", "model": "7.xyz", "model_rescale": 3.964800864290218, "target_rescale": 3.60696957888349},
{"mapping": [7, 5, 8, 3, 10, 9, 6, 4, 1, 0, 13], "R": [[-0.23126698056735406, 0.7691269594818455, -0.5957846120012424], [0.9315517111550767, -0.001551687556586967, -0.3636055578642543], [-0.28058330873968246, -0.6390941342743952, -0.7161226811048187]], "T": [0.16539029238228042, 0.034386092415101474, -0.030635424408134524], "aligned_model": [[-0.13703017407024953, -0.4429400638046629, -0.5963623227023668, 0.38831178574143144, -0.23148918399125806, -0.25777635468255167, 0.6528299979060858, 0.724468501653271, -0.12971813765619333, 0.555954721555034, 0.09084782632743713], [0.6788852702366703, -0.44339922862868664, 0.10190336672815743, -0.49546522916443236, -0.6454963617587723, -0.06920435210026553, -0.26251963049006255, 0.23727612272809046, 0.43502496296822, 0.05938895576434576, 0.016595853884585707], [-0.02665594961000745, 0.2867383106502847, -0.10957814090761805, 0.4115481127360637, -0.2659661337242118, -0.5636042184342303, -0.13434342006693864, -0.406614927216172, 0.5310757122934122, 0.5693592889119443, -0.045437606230827994]], "inverted": false, "swapped": false, "error_lsq": 0.045017239778176114, "error_max": 0.2596026288626403, "target": "1038.xyz", "model": "8.xyz", "model_rescale": 4.121658175737393, "target_rescale": 3.60696957888349},
{"mapping": [6, 3, 2, 10, 0, 1, 5, 9, 11, 7, 12], "R": [[-0.44876002172934815, -0.2478811198169071, 0.8585856936472861], [0.7117060797066914, -0.6801709570380634, 0.17561869294143462], [0.5404524946801595, 0.6898713065784381, 0.4816520334782684]], "T": [0.07320010131936495, 0.03352252758177214, 0.034151783171456604], "aligned_model": [[0.042505901040302246, -0.47272444666149227, -0.6159437761103005, 0.17754489734534323, -0.08843389126127603, -0.25845975355760864, 0.5568004986330759, 0.6979891246025238, 0.007489843311600866, 0.5347420998598613, 0.03558609907394739], [0.6363891395874695, -0.3715049567593346, 0.033785832379905956, -0.6049899856864294, -0.6183726326796789, -0.0010558795886539685, -0.34845318942670706, 0.43967379119390987, 0.06690623383004483, 0.3509638876850931, 0.029647489632230982], [-0.3061301062848793, 0.4349049694472906, -0.05202882793495965, 0.4315115251403516, -0.37539845256576854, -0.5689549985298205, -0.009928979181929906, -0.3371562351719227, 0.6647069074097631, 0.4102114550218205, -0.045216228948246645]], "inverted": false, "swapped": false, "error_lsq": 0.047706878433125904, "error_max": 0.25489429190496277, "target": "1038.xyz", "model": "9.xyz", "model_rescale": 3.833441315466971, "target_rescale": 3.60696957888349},
{"mapping": [8, 1, 12, 5, 4, 7, 2, 9, 0, 13, 14], "R": [[0.6796700861529414, -0.0958812434210296, -0.7272244228220683], [-0.7332668325930486, -0.11475174761829521, -0.6701878756270553], [-0.019191826588717986, 0.9887562002731435, -0.1482998658583487]], "T": [-0.09763775160092635, -0.005765115273353893, -0.04006153516019681], "aligned_model": [[0.23764168544968517, -0.476313071468456, -0.6891479574958561, 0.24766681717086064, -0.02460120877769338, -0.12531283524545295, 0.617514565508342, 0.5177916574120851, -0.12790309830004423, 0.46898144259760355, -0.02922140057509655], [0.6769093388971453, -0.340145142831862, 0.07054008835271909, -0.43813652190190927, -0.775395286267723, 0.1060115080062329, -0.07790107012127158, 0.2433695722461559, 0.08564150409456883, 0.07004062324836367, -0.007944883554569827], [-0.21065652656022577, 0.49882985668701074, 0.04545600416650526, 0.3488535236667729, -0.2356315824523297, -0.6963039088418251, -0.04201660013568438, -0.5059892940769265, 0.6341430335195002, 0.515710648551475, -0.10587412612257396]], "inverted": true, "swapped": false, "error_lsq": 0.04732775528799222, "error_max": 0.21852946977217472, "target": "1038.xyz", "model": "10.xyz", "model_rescale": 4.2482417240324, "target_rescale": 3.60696957888349},
{"mapping": [2, 4, 5, 10, 9, 7, 8, 3, 6, 1, 11], "R": [[0.06168996263382867, -0.8965091364448405, -0.4387091482761253], [0.479661641058027, -0.3588319480100868, 0.800727383810999], [-0.8752822736739031, -0.2598287923964795, 0.40788471414608063]], "T": [0.11554659002764181, 0.0021652855463847043, 0.10617710279110805], "aligned_model": [[0.09459027216861662, -0.5824206495277118, -0.6148191510503852, 0.27014514438865156, -0.15149802706962026, -0.03289874093320991, 0.6341855463492307, 0.5801975579957187, -0.2913919104127647, 0.6831405487521922, 0.02786600561525944], [0.7346605107173027, -0.375682291996983, 0.026977809229270344, -0.6136533109550286, -0.6887787652409213, -0.04849083561125814, -0.23609540580055421, 0.31811042352928864, 0.30043357128213455, 0.28275447260134723, -0.08724644758674763], [0.0024039645120952496, 0.4748402564752457, -0.06742126485548187, 0.21512252824352285, -0.2552013599040438, -0.5525748898438572, -0.1198832982068239, -0.47892953210806866, 0.5135089389229609, 0.4196310226667896, 0.09502466249935941]], "inverted": false, "swapped": false, "error_lsq": 0.04679747663114429, "error_max": 0.22250455056012175, "target": "1038.xyz", "model": "11.xyz", "model_rescale": 3.6694154284099745, "target_rescale": 3.60696957888349},
{"mapping": [4, 9, 11, 10, 7, 6, 12, 0, 8, 2, 13], "R": [[0.6377479879359781, -0.24944799778843002, 0.7287339708583338], [-0.7623199637472389, -0.06904258774095484, 0.6435071048173756], [-0.11020787973652282, -0.9659238155658944, -0.23419096004458456]], "T": [0.12688159130359195, -0.024102412719988652, -0.0416024081511122], "aligned_model": [[0.004013673066731116, -0.45624981971814965, -0.5806551763187797, 0.23511450170778905, -0.11489317181647157, -0.15152316403043792, 0.7395415937283969, 0.4772583984988989, -0.1819619771982432, 0.4527428699545627, 0.19370886840168078], [0.6954417276571063, -0.39617876521295364, 0.18507749832987622, -0.5183043724852904, -0.7114895854940295, 0.02851370395429754, -0.31788466204360594, 0.31440418091389505, 0.176296851392287, 0.09697784092165813, 0.06013531223460965], [-0.16341519265019322, 0.3660778737922412, -0.015831568375684682, 0.34255751607057755, -0.18723604812997163, -0.5310686173292196, -0.031199923943835015, -0.5644668680940936, 0.6194979143789865, 0.5110888009759607, -0.09948285829306938]], "inverted": true, "swapped": false, "error_lsq": 0.04018535578650754, "error_max": 0.22385412520103845, "target": "1038.xyz", "model": "12.xyz", "model_rescale": 3.9764082729961374, "target_rescale": 3.60696957888349},
{"mapping": [13, 8, 11, 7, 3, 14, 4, 6, 1, 9, 15], "R": [[0.6118619028830063, 0.2818649973757814, -0.7390379794399863], [0.7033634833344163, -0.6212881948761201, 0.3453705100602089], [-0.3618077142793711, -0.7311313850204513, -0.5783961235399265]], "T": [0.14312070026782547, 0.0779127098639868, 0.1584908073510051], "aligned_model": [[-0.03541709463421319, -0.4395995331276064, -0.581526969723718, 0.3220018003525957, -0.24932678835843886, -0.1324657914705646, 0.7210179595990667, 0.46787075195632827, -0.11819596043365393, 0.4974485605614985, 0.1652896615546827], [0.5368296131486717, -0.2852435347541026, 0.06458085840355249, -0.6491220585185894, -0.5624382374214749, 0.04318613015772907, -0.28513504673993906, 0.26925761947702953, 0.20402064513030893, 0.2790266475449965, -0.0019729062603320857], [-0.20482734228924035, 0.3264417175450519, -0.16593594071683673, 0.26074390763821753, -0.2214816657245605, -0.5909451070594938, -0.06532788235457943, -0.50602656277014, 0.7234093587933247, 0.6006492382417531, 0.08982130709820219]], "inverted": false, "swapped": false, "error_lsq": 0.04786639351706405, "error_max": 0.23255726117689882, "target": "1038.xyz", "model": "13.xyz", "model_rescale": 4.170626492500431, "target_rescale": 3.60696957888349},
{"mapping": [8, 2, 4, 3, 6, 12, 9, 10, 0, 1, 13], "R": [[0.11989453342648841, 0.6648724385795928, -0.7372719588263686], [-0.991371888074889, 0.1198110928704313, -0.053170307127411054], [0.05298188736988313, 0.7372855230115527, 0.6735005398426244]], "T": [0.04815255985424378, -0.03894911480207484, 0.021627044933899137], "aligned_model": [[-0.1432487148645601, -0.41792343324650033, -0.6108723256801019, 0.2564275829887648, -0.24062819916641492, -0.08584390042889795, 0.8516134118264651, 0.40149827348489286, -0.029929670417195235, 0.5788675866045945, 0.05713598517493049], [0.6366254036432346, -0.24811026266408046, 0.1585710245349832, -0.6193191264388972, -0.7973459041962372, 0.16247023668688923, -0.11722959958134874, 0.2593926157831429, 0.23904159165659458, 0.0535737525915893, -0.11468000184802007], [-0.22028391982034434, 0.43630396750923095, -0.1508117134579786, 0.3302785778328514, -0.19957252578486687, -0.6691560720163681, -0.04641164637239323, -0.3015870070890505, 0.5436258370458449, 0.5698929925231828, -0.04575746196840991]], "inverted": true, "swapped": false, "error_lsq": 0.05059949480460793, "error_max": 0.28122496436752126, "target": "1038.xyz", "model": "14.xyz", "model_rescale": 3.9786697098870705, "target_rescale": 3.60696957888349},
{"mapping": [7, 3, 9, 2, 0, 1, 4, 10, 8, 5, 11], "R": [[-0.041183621802496434, 0.9316211018738949, -0.3610900605645342], [-0.18589170548315262, 0.3479424934281069, 0.9189016786901615], [0.98170677044003, 0.10496734640021088, 0.15885110343307152]], "T": [0.0005691916063104152, 0.03747457879085582, -0.05873256257697665], "aligned_model": [[0.07985129408837219, -0.5590933326550382, -0.615247766273179, 0.25976687049540714, -0.16627174472144152, 0.04295410789279153, 0.5597849017866185, 0.5863951638763557, -0.025902267461322934, 0.5382318706038431, -0.0833725013564297], [0.6931949992545169, -0.44166705591006394, 0.02075702788084645, -0.5842500600838654, -0.6200527293585614, -0.02639261967020469, -0.20856845772816446, 0.37995961396387035, 0.09409483081270441, 0.24049195545654273, 0.06542222555022942], [-0.03381100958203283, 0.4911314070884335, 0.030173376082074085, 0.48910176725425536, -0.21244504444427237, -0.7331186473418281, -0.09941847855758508, -0.5402228733759395, 0.4592650580138977, 0.5019477171858542, -0.10608224392115834]], "inverted": false, "swapped": false, "error_lsq": 0.04982544361562167, "error_max": 0.27312406474493817, "target": "1038.xyz", "model": "15.xyz", "model_rescale": 3.769337070930944, "target_rescale": 3.60696957888349},
{"mapping": [2, 9, 3, 7, 1, 0, 5, 4, 8, 6, 10], "R": [[0.9184304978481893, -0.2081216305745623, -0.33640869119170025], [0.11844998688522873, 0.9560801557942528, -0.26810508444139314], [0.37743214122437496, 0.20638828111940563, 0.9027451778809793]], "T": [0.06601505570685355, -0.09239157579947369, 0.03487363710310391], "aligned_model": [[-0.15719575166035687, -0.628645749768823, -0.5862657538874706, 0.31319197074521904, -0.09540436154635663, 0.010251587051543873, 0.6370662655920908, 0.6093453300397372, -0.08499971595909357, 0.5567290547613591, 0.04302372090812796], [0.6082051531124186, -0.22335015128850622, 0.11683380553550365, -0.6785957627087106, -0.7779612638052005, 0.0332325136868975, -0.3778216644862632, 0.32455467988001063, 0.26210390497585623, 0.3654265649837194, -0.03963804971787522], [-0.041722819328844, 0.43621625850538576, -0.06611113381261795, 0.36107100972498035, -0.3460022232789565, -0.5964576058479327, -0.17123580392089188, -0.3379273250814042, 0.6775408951730801, 0.31967049558508515, 0.011479280683814787]], "inverted": false, "swapped": false, "error_lsq": 0.05112671646624686, "error_max": 0.2917559109611502, "target": "1038.xyz", "model": "16.xyz", "model_rescale": 3.7852294659196426, "target_rescale": 3.60696957888349},
{"mapping": [3, 9, 8, 10, 11, 2, 5, 1, 0, 4, 12], "R": [[0.9704864006059609, -0.04912567257945255, -0.2360991624985207], [0.1391604863945528, 0.913661608111446, 0.38191206434156805], [0.19695305345517733, -0.40349613896148123, 0.8935325179185475]], "T": [0.09919337686102259, -0.06816259174872964, -0.052535533491147784], "aligned_model": [[-0.0737546030963577, -0.512667501775942, -0.5507286342727339, 0.21428962940819862, -0.29740699830105094, -0.03472950500939748, 0.7531131218292926, 0.5344060034359154, -0.06473236757261411, 0.5883915655786625, 0.06091588605200424], [0.7018023712663095, -0.3707854574559396, -0.025720626033223642, -0.6387660570230117, -0.6046368163506576, 0.05511176688142112, -0.13583346377140218, 0.3401299826195411, 0.2931049037188018, 0.13712193135814194, -0.13853880504213023], [-0.15121847588985704, 0.4778487157627297, -0.05009212551734954, 0.5046175992701406, -0.35722492154451635, -0.6364491531697057, -0.05685187229926658, -0.39625241936174715, 0.5027673593243108, 0.4168577790067606, -0.007481457179800505]], "inverted": true, "swapped": false, "error_lsq": 0.043550504842400924, "error_max": 0.2083783782165498, "target": "1038.xyz", "model": "17.xyz", "model_rescale": 3.901054581598922, "target_rescale": 3.60696957888349},
{"mapping": [10, 12, 9, 7, 3, 5, 1, 4, 11, 6, 14], "R": [[-0.02761368813758866, 0.90040367195447, 0.43417820276742014], [0.2183659180640723, 0.42928717372780356, -0.8763725510881941], [-0.9754761965601595, 0.0706098435326242, -0.208471676591386]], "T": [0.07038820613797354, -0.10977387858352915, -0.155325887255231], "aligned_model": [[0.007718424158878759, -0.36388556322968785, -0.5019927303528914, 0.28491833497386343, -0.20529483752323402, -0.2989950099864627, 0.73877199626376, 0.6245296515132781, -0.1587755208332296, 0.46228451867493087, 0.027817332616771585], [0.7058560143400211, -0.40423808238058073, 0.2139168222467982, -0.46842789696975384, -0.8200605982293956, 0.06704295135604786, -0.28160771572023147, 0.41655048690885643, 0.2148586601022235, 0.0767700255780316, -0.1076709370641665], [-0.0981059228627972, 0.3706705290810238, -0.11297007216325372, 0.3594761550040382, -0.10149722532515824, -0.6268954953634156, -0.058259976927237764, -0.359001832610136, 0.5366485992641686, 0.4573276831336458, -0.12087141282917924]], "inverted": true, "swapped": false, "error_lsq": 0.044253581939880104, "error_max": 0.23788553833011922, "target": "1038.xyz", "model": "18.xyz", "model_rescale": 3.9405287249114394, "target_rescale": 3.60696957888349},
{"mapping": [4, 5, 8, 11, 2, 1, 14, 12, 7, 13, 15], "R": [[-0.06533651589396666, 0.08825862853101207, -0.9939524909072175], [0.9948161998762375, -0.07202178989922609, -0.07178851052580582], [-0.07792219295322372, -0.993490451020812, -0.08309546062104717]], "T": [0.09177987320906614, 0.00993099932363295, -0.04426032014149385], "aligned_model": [[0.01116264088199942, -0.49970261756294276, -0.6389667407426852, 0.3100543182125193, -0.27177253775184496, -0.09520202989391058, 0.8191232478819355, 0.46401655425429533, -0.12673221818789301, 0.5602256215690761, 0.0848903576154279], [0.7359176714487207, -0.48931460562033297, 0.11917704263143639, -0.49609729947545267, -0.7365039441378723, -0.044061069343773934, -0.2556433667648706, 0.2928106408968155, 0.41631062199051705, 0.09869266273114913, -0.028298624188485923], [-0.07756561048315518, 0.25932645791898357, 0.11805678849341407, 0.419964656968478, -0.3011451244355095, -0.6748489724438022, -0.030812886469712433, -0.3298439749210571, 0.48746669359374095, 0.4290364084807605, -0.053113408300441735]], "inverted": true, "swapped": false, "error_lsq": 0.04156616975381629, "error_max": 0.19791827339462098, "target": "1038.xyz", "model": "19.xyz", "model_rescale": 4.410303926677745, "target_rescale": 3.60696957888349},
{"mapping": [7, 5, 8, 3, 10, 9, 6, 4, 1, 0, 13], "R": [[-0.23126698056735406, 0.7691269594818455, -0.5957846120012424], [0.9315517111550767, -0.001551687556586967, -0.3636055578642543], [-0.28058330873968246, -0.6390941342743952, -0.7161226811048187]], "T": [0.16539029238228042, 0.034386092415101474, -0.030635424408134524], "aligned_model": [[-0.13703017407024953, -0.4429400638046629, -0.5963623227023668, 0.38831178574143144, -0.23148918399125806, -0.25777635468255167, 0.6528299979060858, 0.724468501653271, -0.12971813765619333, 0.555954721555034, 0.09084782632743713], [0.6788852702366703, -0.44339922862868664, 0.10190336672815743, -0.49546522916443236, -0.6454963617587723, -0.06920435210026553, -0.26251963049006255, 0.23727612272809046, 0.43502496296822, 0.05938895576434576, 0.016595853884585707], [-0.02665594961000745, 0.2867383106502847, -0.10957814090761805, 0.4115481127360637, -0.2659661337242118, -0.5636042184342303, -0.13434342006693864, -0.406614927216172, 0.5310757122934122, 0.5693592889119443, -0.045437606230827994]], "inverted": false, "swapped": false, "error_lsq": 0.045017239778176114, "error_max": 0.2596026288626403, "target": "1038.xyz", "model": "20.xyz", "model_rescale": 4.121658175737393, "target_rescale": 3.60696957888349},
{"mapping": [9, 1, 5, 2, 3, 7, 4, 11, 6, 10, 12], "R": [[0.6239652143030756, 0.659969844399083, -0.4184581410649907], [-0.5442035464825464, -0.01731584488261958, -0.8387744997982595], [-0.5608118323783265, 0.7510925149406374, 0.3483534450304927]], "T": [-0.043092884652608285, 0.015443916132348488, 0.07258011739497335], "aligned_model": [[0.1292337323077627, -0.40432481684284194, -0.6887759881083851, 0.25707779488646726, -0.031932852338845616, -0.10872364398967793, 0.46752197421286656, 0.5554747765363673, -0.045811083576655656, 0.5839968084847219, -0.09664010529580239], [0.6953051031402029, -0.48049118473255, 0.06213027311540655, -0.5599281173929198, -0.5353785704650275, 0.052200232140603396, -0.24215062867515955, 0.1614404316428236, 0.15182456051296786, 0.33465333329815733, -0.02661570241665432], [-0.10279142724071398, 0.39805628071523275, -0.13912071862158948, 0.46635190459050774, -0.3506346565501468, -0.6065072380752378, 0.027312929298941607, -0.5558868869724303, 0.7082037429038478, 0.40953249744382714, -0.007995399090540103]], "inverted": false, "swapped": false, "error_lsq": 0.04850915311666946, "error_max": 0.24469771839925833, "target": "1038.xyz", "model": "21.xyz", "model_rescale": 4.08911054899281, "target_rescale": 3.60696957888349},
{"mapping": [9, 2, 3, 1, 0, 7, 8, 5, 15, 11, 16], "R": [[0.7376000534726833, -0.620173885242123, 0.26707772872477603], [-0.46848611602529516, -0.754866803337153, -0.45901728541644476], [0.486278644615028, 0.21344896646092787, -0.8473326492636367]], "T": [-0.008213656534440145, 0.006879739822994058, -0.09269510447528764], "aligned_model": [[0.12042826259064815, -0.35399665022435944, -0.8605427790871046, 0.26795774310158815, -0.09787476277547502, -0.12532925681006613, 0.6355186280390519, 0.563215463017195, -0.051401460416260036, 0.555768871196367, -0.03664746235560778], [0.7026682268958856, -0.29835140878361804, 0.12011351704600576, -0.5424984605991522, -0.7177206986374779, -0.11237772519061298, -0.24093293685278483, 0.39849897877393853, 0.21154649390331606, 0.11662746099263777, -0.024583717380287362], [-0.175624287897949, 0.4627523697006044, 0.02974672595407213, 0.4092125884225605, -0.3515280405359832, -0.7839676854591148, -0.022270384833305706, -0.22623231636805485, 0.6056983027560978, 0.41304413304824783, -0.11431037638547648]], "inverted": true, "swapped": false, "error_lsq": 0.04389065549561015, "error_max": 0.2380183835821334, "target": "1038.xyz", "model": "22.xyz", "model_rescale": 4.204369325754507, "target_rescale": 3.60696957888349},
{"mapping": [4, 5, 8, 11, 2, 1, 14, 12, 7, 13, 15], "R": [[-0.06533651589396666, 0.08825862853101207, -0.9939524909072175], [0.9948161998762375, -0.07202178989922609, -0.07178851052580582], [-0.07792219295322372, -0.993490451020812, -0.08309546062104717]], "T": [0.09177987320906614, 0.00993099932363295, -0.04426032014149385], "aligned_model": [[0.01116264088199942, -0.49970261756294276, -0.6389667407426852, 0.3100543182125193, -0.27177253775184496, -0.09520202989391058, 0.8191232478819355, 0.46401655425429533, -0.12673221818789301, 0.5602256215690761, 0.0848903576154279], [0.7359176714487207, -0.48931460562033297, 0.11917704263143639, -0.49609729947545267, -0.7365039441378723, -0.044061069343773934, -0.2556433667648706, 0.2928106408968155, 0.41631062199051705, 0.09869266273114913, -0.028298624188485923], [-0.07756561048315518, 0.25932645791898357, 0.11805678849341407, 0.419964656968478, -0.3011451244355095, -0.6748489724438022, -0.030812886469712433, -0.3298439749210571, 0.48746669359374095, 0.4290364084807605, -0.053113408300441735]], "inverted": true, "swapped": false, "error_lsq": 0.04156616975381629, "error_max": 0.19791827339462098, "target": "1038.xyz", "model": "23.xyz", "model_rescale": 4.410303926677745, "target_rescale": 3.60696957888349},
{"mapping": [3, 11, 1, 15, 13, 0, 5, 2, 10, 8, 16], "R": [[-0.832141938038797, -0.32714289148036674, 0.44779160723588834], [0.0531171528985189, -0.8507739277269907, -0.5228405990050359], [0.552013009833093, -0.41129217407319385, 0.7253415640380436]], "T": [0.016653387701636747, -0.23387191320246997, 0.06193822957427865], "aligned_model": [[0.022367790365420893, -0.5097681294070557, -0.6402573750337226, 0.5143093586859792, -0.16449167781362076, -0.005755760480426551, 0.5933007398043035, 0.43702069487987943, -0.09580279211845483, 0.4699951908457008, -0.0038214434520258377], [0.6367759765926175, -0.3325491897318128, 0.3004287967147768, -0.5953885281600769, -0.8425572644747796, 0.06983640290384485, -0.251327552833516, 0.39124578480724465, 0.22141457121764285, 0.13708727838830975, -0.12197654525640146], [-0.16431512892370836, 0.39937662103633065, -0.07708101641242558, 0.4238200645535629, -0.23951696148256008, -0.6291803564091897, -0.1886114967995226, -0.45324440005246636, 0.5134376991202135, 0.6386332572542976, 0.023202746517166625]], "inverted": false, "swapped": false, "error_lsq": 0.04263938242460385, "error_max": 0.2103911256851947, "target": "1038.xyz", "model": "24.xyz", "model_rescale": 4.28219845311461, "target_rescale": 3.60696957888349},
{"mapping": [9, 0, 4, 6, 2, 13, 10, 11, 1, 8, 15], "R": [[0.6578548650095604, -0.07766831030790647, -0.7491292346165432], [-0.12175633888524744, 0.9706168465774041, -0.20755320060504096], [0.743237761772445, 0.22775111572514933, 0.6290684054706894]], "T": [0.028224820900527137, 0.10224420997521823, -0.09742837599860868], "aligned_model": [[0.08408711946982647, -0.34891048923927825, -0.6838595703857496, 0.301808550970088, -0.18094078538101357, -0.19509377032682032, 0.7572271302274323, 0.5260175330117794, -0.08000730798182715, 0.44752179125054564, -0.010753605339005504], [0.7348218140333261, -0.43005781998218995, 0.03099617272574398, -0.6299795240182223, -0.528127105693919, 0.0019410187829381476, -0.17644250007138068, 0.24030903344755788, 0.2754458330252544, 0.03967234096760085, 0.0544104669511408], [-0.3289422250908982, 0.39244679053341847, 0.052598654566760134, 0.3511220458927883, -0.263746679015311, -0.6387088334196043, 0.04607831188498904, -0.2695259981119604, 0.5093371494699183, 0.45231780979353764, -0.05645599810193952]], "inverted": true, "swapped": false, "error_lsq": 0.04575596863669789, "error_max": 0.22897419552124018, "target": "1038.xyz", "model": "25.xyz", "model_rescale": 4.100010024507729, "target_rescale": 3.60696957888349},
{"mapping": [2, 4, 5, 10, 9, 7, 8, 3, 6, 1, 11], "R": [[0.06168996263382867, -0.8965091364448405, -0.4387091482761253], [0.479661641058027, -0.3588319480100868, 0.800727383810999], [-0.8752822736739031, -0.2598287923964795, 0.40788471414608063]], "T": [0.11554659002764181, 0.0021652855463847043, 0.10617710279110805], "aligned_model": [[0.09459027216861662, -0.5824206495277118, -0.6148191510503852, 0.27014514438865156, -0.15149802706962026, -0.03289874093320991, 0.6341855463492307, 0.5801975579957187, -0.2913919104127647, 0.6831405487521922, 0.02786600561525944], [0.7346605107173027, -0.375682291996983, 0.026977809229270344, -0.6136533109550286, -0.6887787652409213, -0.04849083561125814, -0.23609540580055421, 0.31811042352928864, 0.30043357128213455, 0.28275447260134723, -0.08724644758674763], [0.0024039645120952496, 0.4748402564752457, -0.06742126485548187, 0.21512252824352285, -0.2552013599040438, -0.5525748898438572, -0.1198832982068239, -0.47892953210806866, 0.5135089389229609, 0.4196310226667896, 0.09502466249935941]], "inverted": false, "swapped": false, "error_lsq": 0.04679747663114429, "error_max": 0.22250455056012175, "target": "1038.xyz", "model": "26.xyz", "model_rescale": 3.6694154284099745, "target_rescale": 3.60696957888349},
{"mapping": [9, 5, 7, 0, 1, 3, 2, 12, 8, 10, 13], "R": [[-0.34214282785953243, -0.5953912882319695, 0.7269439450478683], [0.48480449485514476, 0.5508604333635679, 0.6793507081933088], [-0.8049241499126054, 0.5848606644765726, 0.10017542630551513]], "T": [0.11672937612089371, -0.006813665864685722, 0.08868475173013028], "aligned_model": [[0.054298615265835154, -0.44093196881309926, -0.482674007352773, 0.226906064015987, -0.21818108485734758, -0.2345359001875388, 0.7365876893402454, 0.5130268865882509, -0.1532021821699475, 0.44745982441812304, 0.16834266002824205], [0.6520474915975601, -0.5011600490787108, 0.08869923104033807, -0.6194114234872136, -0.7476449648153258, 0.21270986172524176, -0.2815329047491354, 0.205972624698595, 0.2915595988152387, 0.3431051017370509, -0.031354837315788565], [-0.07522958796265257, 0.35441765803037095, -0.0778126810536043, 0.31121211619000816, -0.25577224604781895, -0.6050395067674211, 0.03934250286679272, -0.5650759775150145, 0.5851397257136438, 0.44932993267926236, 0.08600909226813173]], "inverted": false, "swapped": false, "error_lsq": 0.04830510713363429, "error_max": 0.2094831175547493, "target": "1038.xyz", "model": "27.xyz", "model_rescale": 4.103607728864725, "target_rescale": 3.60696957888349},
{"mapping": [3, 7, 5, 8, 11, 10, 13, 12, 1, 4, 14], "R": [[0.8161964111869542, -0.5559017435806719, -0.1574695838868737], [-0.35594129325136115, -0.26910267296749574, -0.8949243248232208], [0.45511450660694697, 0.7864839495410685, -0.41750902144767754]], "T": [-0.04287422539013805, -0.011676440559719458, -0.16413919536601007], "aligned_model": [[0.07277888370537502, -0.35674973421323164, -0.7113266703241246, 0.17320192955434208, -0.008506085245101519, -0.12356368854045283, 0.5352466273523121, 0.6832640365497573, -0.19463246602408976, 0.5982943065633349, -0.05091054310214403], [0.715799405233169, -0.393608654677611, -0.0316155658694639, -0.5033623463431046, -0.6871629214731441, 0.034209573376428035, -0.3032206879257927, 0.38562131008820577, 0.3183192074389138, -0.007919128230648508, 0.08592953855089856], [-0.30882542384429895, 0.3609238430812154, 0.13236404327654983, 0.45540583296123005, -0.28496170363932977, -0.6652968158481473, -0.1386291109719295, -0.3925496570391621, 0.6549658899414361, 0.47656204809400315, -0.04343791760986804]], "inverted": false, "swapped": false, "error_lsq": 0.04582780539723094, "error_max": 0.2391983450390255, "target": "1038.xyz", "model": "28.xyz", "model_rescale": 4.137296879288765, "target_rescale": 3.60696957888349},
{"mapping": [5, 9, 0, 8, 7, 1, 3, 2, 6, 4, 10], "R": [[0.6418953430287739, -0.3874733055287483, 0.6616908689868691], [-0.741285866541187, -0.09285410845287095, 0.6647355704411375], [-0.1961265730701844, -0.9171927562110638, -0.34683110484744284]], "T": [0.060183790975247405, -0.061159982435389226, 0.03132931461364524], "aligned_model": [[0.04040434384310921, -0.4029057093983689, -0.6127807612833739, 0.2883945137015545, -0.14771563602628568, -0.1972893958696577, 0.7074743122390316, 0.5314047085983838, -0.14952188417176568, 0.4921591604416178, 0.06747294420173207], [0.5862351157343888, -0.4175325630370637, 0.08358414315077742, -0.7123204608212966, -0.6157921989330475, 0.08496091492003677, -0.2737021879022379, 0.28755913563633007, 0.4224892362813627, 0.22651836533943015, -0.05900977020082987], [-0.15220953078038202, 0.5503099642412528, -0.09785347014822449, 0.23691086873939868, -0.37261765883608816, -0.6609966254621373, -0.010016990420231187, -0.4868066709652778, 0.5194428116640719, 0.6060191537218043, 0.1143391766475121]], "inverted": true, "swapped": false, "error_lsq": 0.042938159986761024, "error_max": 0.22232319646826906, "target": "1038.xyz", "model": "29.xyz", "model_rescale": 3.607286011436655, "target_rescale": 3.60696957888349},
{"mapping": [5, 9, 8, 1, 0, 6, 2, 7, 11, 13, 14], "R": [[0.9820982028722146, 0.17493213600205718, -0.06987036359519366], [-0.1538369839845484, 0.9588982908475449, 0.23842871087223377], [0.10870741590942451, -0.22341176245537125, 0.9686433203831432]], "T": [-0.02673814232549658, 0.11952792823387896, 0.02610517094119427], "aligned_model": [[-0.00624294947286189, -0.5028287611966332, -0.7066479074800064, 0.18784535195319146, -0.02762352635096412, 0.07932262746482668, 0.6091564286235783, 0.5807869419291756, -0.09861669052244777, 0.6007410941354568, -0.09879601280733846], [0.8048070749473779, -0.41470629205772197, 0.16365198460935174, -0.49524271743369447, -0.7372040634522922, -0.0891139790724338, -0.3307223668953939, 0.35202758735495865, 0.17656263459156973, 0.16784041769922986, 0.015089449876898614], [-0.30627062199938704, 0.34624393522961017, 0.05651490920868808, 0.3636804011699808, -0.3620516190554031, -0.4147606069102325, -0.18138533405782808, -0.39359251197757794, 0.6058564792941356, 0.40004398080674275, 0.1322420166929697]], "inverted": false, "swapped": false, "error_lsq": 0.048435146933316735, "error_max": 0.32852357552218203, "target": "1038.xyz", "model": "30.xyz", "model_rescale": 3.964800864290218, "target_rescale": 3.60696957888349},
