[{"mapping": [0, 4, 1, 8, 5, 3, 12, 10, 11, 13, 7, 14], "R": [[-0.9094772309288857, -0.4153217187276569, 0.018948255197547365], [-0.24262868450473918, 0.4931982967982818, -0.8353961703831145], [0.337612926111288, -0.7643711860008715, -0.5493215835320828]], "T": [-0.0968841686469449, -0.0608678239351248, -0.047758201051159674], "aligned_model": [[-0.29336286120573574, 0.4372706759477701, 0.40500601218357185, 0.08854055521335381, -0.34279057410602637, -0.6841655423954641, 0.4068976012919076, -0.2599370501722705, 0.596018209492302, 0.05953388111313222, -0.5576351620138715, -0.01773328288812051], [-0.41241447331416103, -0.6466666604520133, -0.3277160533570389, 0.6694919592553108, 0.4364118821048828, -0.4170671569965154, -0.27437993342018474, -0.5892786798125607, 0.13061507184642743, 0.3887942668969602, 0.17519744389773617, -0.07943263067178613], [-0.7100689822258655, 0.0428558555575282, -0.5180058510584408, -0.113765378188094, -0.5752371241094162, 0.14714194875562514, 0.5227004369883275, 0.5319235584540785, 0.1222813661248771, 0.463958928229251, 0.2787149527295569, -0.010547965903865517]], "inverted": true, "swapped": true, "error_lsq": 0.04973138989409811, "error_max": 0.26109769430987806, "target": "1039.xyz", "model": "0.xyz", "model_rescale": 3.751011558992144, "target_rescale": 4.079660718182569},
{"mapping": [11, 6, 12, 13, 7, 10, 9, 5, 4, 6, 3, 1, 0, 8, 14], "R": [[-0.3583903680405891, 0.9198634499652879, 0.15939754550710372], [-0.1286380584186094, -0.21776876016383495, 0.9674859260077102], [0.9246667475485542, 0.3262330463252677, 0.19637567431663783]], "T": [-0.019103835006521012, 0.070272826557822, 0.0703157224965775], "aligned_model": [[0.09426813011735816, 0.6031086958170092, -0.2646691511901383, -0.7308692305309243, 0.30839825270105653, 0.09016431946722456, -0.46503170167272306, -0.5027997716699912, 0.49915566495540664, 0.6031086958170092, -0.3743929183734529, 0.5939656805082999, 0.13256987192372982, 0.014383154731337965, -0.04422023738381613], [-0.35996146401856033, -0.07751412349944145, 0.20875604484059068, 0.17066508650732487, 0.41963508676608796, -0.7399425915190304, -0.37764546173472313, -0.14200052188437048, -0.2952343872681208, -0.07751412349944145, 0.6912056874512192, 0.38004764123177404, 0.8102068111643329, 0.09168894926982102, 0.055392244288292335], [-0.5920861507366303, -0.3230496663584793, -0.6170671241172277, -0.03367280656696782, -0.3883403768704693, 0.1340746031118578, -0.11598287137331784, 0.4035788518583596, 0.5429525146004269, -0.3230496663584793, -0.19729955923412132, 0.1880904344511285, 0.1410073312620675, 0.7327643796362489, 0.023930950789593182]], "inverted": true, "swapped": false, "error_lsq": 0.04333551382828128, "error_max": 0.32753786319704176, "target": "1039.xyz", "model": "1.xyz", "model_rescale": 3.9405287249114394, "target_rescale": 4.079660718182569},
{"mapping": [10, 4, 2, 9, 1, 3, 13, 11, 0, 6, 5, 7, 14], "R": [[0.9963603398345043, 0.07828772349345131, 0.03372099576057421], [-0.08342863576462611, 0.976770739283595, 0.19737929378187802], [-0.017485306383506684, -0.19947419690173585, 0.9797470637011795]], "T": [-0.0360196070679679, -0.05039385420703319, 0.09830510918841909], "aligned_model": [[-0.460763283502506, 0.3061622588023275, -0.40617655153531496, 0.6347472974105203, 0.49438467663807373, -0.7195932062724604, 0.08268307927541615, 0.614369737617736, -0.13075022087554802, -0.42998820320103964, -0.015567329084661581, -0.49785718325530476, 0.024332207266693023], [0.5865444150328591, 0.4012716060472633, 0.23553473592314728, -0.2670164513151534, -0.2121216686834596, 0.05032830721839108, 0.30098108169263216, 0.26116463834279396, -0.5809103127708817, -0.575545511959172, -0.7640764165278637, 0.008141858996103174, 0.014536311575356904], [-0.13778315310449554, -0.46347996075063225, -0.5056975589088539, 0.10139602429147095, -0.388264509004116, -0.08154378819057925, 0.6907258627897621, 0.258360928991096, -0.458850966054416, 0.14155528869713585, 0.37440289099806756, 0.4956495846833525, 0.08664970515085188]], "inverted": false, "swapped": true, "error_lsq": 0.05063702970809951, "error_max": 0.3087220177337887, "target": "1039.xyz", "model": "2.xyz", "model_rescale": 3.932901565614263, "target_rescale": 4.079660718182569},
{"mapping": [3, 7, 10, 6, 2, 4, 12, 0, 5, 1, 13, 8, 11, 14], "R": [[0.11962153475766707, 0.394970368077202, 0.9108727116140763], [-0.2170758524859996, -0.8848568013918999, 0.41219718011890016], [0.9687975860259445, -0.24703612968846503, -0.020109399266191597]], "T": [0.03168926416823032, -0.0274951601741327, 0.039823902469563896], "aligned_model": [[-0.1819108434588754, 0.30316467703001265, 0.11717398988548894, -0.29622564233855464, -0.3665572971043159, -0.11140457379461038, 0.4679888134957285, -0.7323550305502583, -0.13707041650199814, -0.3571319391605022, 0.7291556237073171, 0.4634735241240781, 0.4522902735909568, 0.06921875312823653], [-0.023890365886243298, 0.28530643432585867, -0.5371718516305626, 0.5064479342161791, -0.49845463758854314, -0.7940677773389726, -0.686344073575287, 0.0785325273268184, 0.6740792629910511, -0.33211978910608375, 0.01757809298910537, 0.42293341532597817, -0.34897300339521165, -0.10035953030359834], [-0.6414436255250305, -0.41079708172327795, -0.5723502957297704, -0.1607818862055495, -0.4109392197221227, 0.20888944678223376, 0.05899061580519775, 0.11623685536903011, 0.2953715095729432, 0.5877805529330266, 0.044932892760121364, 0.46742317723690585, 0.5550322550841482, 0.07555116641924235]], "inverted": false, "swapped": true, "error_lsq": 0.048494594907112665, "error_max": 0.261554837110119, "target": "1039.xyz", "model": "3.xyz", "model_rescale": 3.9243930471874484, "target_rescale": 4.079660718182569},
{"mapping": [4, 2, 12, 11, 13, 1, 9, 10, 7, 6, 8, 5, 14], "R": [[0.025523867280717205, 0.646255328648824, 0.7626942915690643], [-0.9264531204545252, -0.2713200866843688, 0.2609023306941884], [0.3755438027702086, -0.7132597428388814, 0.5918001279539431]], "T": [-0.05945439355781844, 0.03897775502631409, -0.08912274502010958], "aligned_model": [[-0.019618154061157675, -0.24739732842740692, 0.5267484981087687, 0.34852326979452586, 0.5926245231862438, -0.43222732959549204, -0.15818894285751361, 0.2480455053111556, 0.18470932320191508, -0.4822508973804496, 0.16933097792851975, -0.44320088086131343, -0.009892678036443392], [-0.5257788573377793, 0.14944905947913925, -0.3299950499871963, -0.5597518639935976, 0.07315438177787087, -0.5937884643784035, -0.5580234470180421, 0.2726165380067526, 0.5925738654901714, 0.49318226966308154, -0.06274056782439202, 0.2070587855305114, -0.030127095726529052], [-0.651399923053706, -0.8212867221351794, -0.4699531394157557, 0.05499501560348366, 0.16016036139303608, -0.15899286191698397, 0.27240760918251333, -0.7910429316288972, 0.0031726210742874517, 0.12952645265817445, 0.6246526574312026, 0.5515632008399636, -0.11673202466117494]], "inverted": false, "swapped": true, "error_lsq": 0.04325169724713881, "error_max": 0.24481502436384156, "target": "1039.xyz", "model": "4.xyz", "model_rescale": 3.8936222436046832, "target_rescale": 4.079660718182569},
{"mapping": [4, 1, 11, 12, 8, 5, 6, 7, 10, 2, 13, 14], "R": [[0.5901101865634293, -0.804685380472438, 0.0652028079763659], [0.08305967088589289, -0.019821774121700553, -0.9963474235140048], [0.8030386409049083, 0.5933704877431945, 0.05513987204375531]], "T": [-0.13324102411339125, -0.060900694417826015, 0.07208705178730376], "aligned_model": [[0.17806838048847604, -0.4416850491824257, -0.25415551337063214, 0.33640428440541714, -0.65615574109136, -0.790029991384743, -0.3666752070570968, 0.0732976357922166, 0.6649996043971955, 0.4263310553990465, -0.03368592864606593, -0.109165487534931], [-0.5234842302401425, -0.5959658418382581, 0.13343851728535783, 0.06121464723710539, 0.47019266782743024, 0.047837896419284556, -0.11711563668437966, 0.3610179834927987, -0.12854602668799417, -0.567628178637502, 0.5886073642260874, -0.06064625728998042], [-0.4986979419854666, -0.33140043861634416, -0.6302695645377455, -0.5518742273415559, -0.057004884061201994, 0.4499696418720174, 0.6846345674183704, 0.46442545151346337, 0.08052654839595612, 0.1891207641371383, -0.1661252219189839, -0.014019975600129492]], "inverted": true, "swapped": true, "error_lsq": 0.04718891461556655, "error_max": 0.266401016539333, "target": "1039.xyz", "model": "5.xyz", "model_rescale": 3.6523030999806103, "target_rescale": 4.079660718182569},
{"mapping": [8, 9, 11, 13, 12, 5, 1, 7, 0, 2, 4, 10, 14], "R": [[0.1805166696830014, -0.6757024248562338, -0.7147306940449418], [-0.5949150438258757, -0.6536832285220385, 0.46773317968545003], [-0.7832559113062698, 0.34077040627438676, -0.5199862571370274]], "T": [0.03534913391202284, -0.17616482744163497, -0.02847045026633519], "aligned_model": [[0.1511026256332138, -0.20868200492874095, 0.31373794645947456, 0.6467766453512254, 0.5935899313683145, -0.39222269584608344, -0.4278765851083057, 0.35656720320537766, -0.7046961917513417, -0.03667114297213196, 0.049328865455454854, 0.4646223903693731, 0.07550591742846428], [-0.4420428341385292, 0.13576474812957012, 0.29119945500250505, -0.28202086035357865, 0.38297763532179874, -0.6830909505556492, 0.36818710658394993, -0.6752351009182982, -0.16532797055105947, 0.09512753035568983, 0.5995901855815338, 0.01472965940554477, -0.09903169970029456], [0.670152984255778, 0.5546349318368846, 0.4712926495691976, 0.29319384861158226, -0.051567392132213306, 0.35388974203621254, 0.15411511503874256, -0.17797236596147215, -0.25881795443346517, -0.738966109351004, -0.2147533238726439, -0.677407260185282, -0.007685125930527902]], "inverted": true, "swapped": true, "error_lsq": 0.04885505953078225, "error_max": 0.2369336568470679, "target": "1039.xyz", "model": "6.xyz", "model_rescale": 4.08911054899281, "target_rescale": 4.079660718182569},
{"mapping": [7, 6, 5, 12, 4, 2, 13, 11, 1, 0, 10, 3, 8, 9, 14], "R": [[0.20150326885799558, 0.5609600458649042, 0.8029447425463268], [0.9703703828388675, -0.22591840770917132, -0.08568659852802257], [0.13333323947422943, 0.7964199269238543, -0.5898623121118272]], "T": [-0.017207182293929348, 0.06646235599178724, -0.044004627324375586], "aligned_model": [[-0.042311290353409116, 0.40034785741497303, -0.2765526160537298, -0.7118373195994151, 0.25576831800307265, 0.28457940906467305, -0.4536579480560755, -0.43074548219833475, 0.132991417082333, 0.8430563987349392, -0.5137322362452399, 0.7189752405132416, 0.09459866805386641, 0.25421625082623533, 0.001442788030255833], [-0.3716907654515143, -0.07949859275528617, 0.33661967582647373, -0.0047116677181032185, 0.5819042002878936, -0.677032896889781, -0.5191004687598879, 0.11228871016674127, -0.3929806928726703, -0.2353951818307991, 0.5884414775373688, 0.35341525305400007, 0.7064442638048298, 0.2744571183665898, 0.08462444532990002], [-0.681719760017242, -0.2752753706276013, -0.7075226738845337, -0.1869212068632906, -0.43979948718044404, -0.123246065410665, 0.006209212262919664, 0.37002083412982334, 0.5076279718310187, 0.18726314197986982, -0.027404447471905943, 0.002308561759730557, 0.16353231585675648, 0.6614206392246071, 0.11935717850494591]], "inverted": true, "swapped": false, "error_lsq": 0.05028480505979357, "error_max": 0.3370377612836545, "target": "1039.xyz", "model": "7.xyz", "model_rescale": 3.964800864290218, "target_rescale": 4.079660718182569},
{"mapping": [8, 9, 5, 13, 6, 12, 7, 1, 4, 2, 10, 3, 0, 14], "R": [[0.3674584829478597, -0.49730772386798366, -0.7859130302335642], [-0.8022396836822132, -0.5969960999059891, 0.002673316760315736], [-0.4705164749879862, 0.6295082878551195, -0.6183312722858162]], "T": [-0.0015773110463252922, 0.0015922412319447823, 0.014520166789079234], "aligned_model": [[-0.14863418359799874, 0.3434894960364615, 0.2968561051621272, -0.6030454766025389, 0.20332963542272625, -0.3948846904542537, -0.4488443281490285, 0.5960290368870736, 0.17845549463367713, 0.104153825430596, -0.397134369573818, -0.15295947163097307, 0.7035167730565324, -0.01913995715971053], [-0.0930211271319993, -0.4537290010109, 0.38979089330618916, -0.19960976535778735, 0.6115525789545618, -0.6176667447740801, 0.4160388026273886, -0.4297570344829429, -0.5970452566588048, 0.08530536358980888, 0.0004161870662437025, 0.5035223118778611, 0.2796792749385501, -0.08452801676288653], [-0.7214059676268582, -0.39836554196071217, -0.5738932789900203, -0.27919878218752564, -0.12269363025939227, 0.3088569872642069, -0.03829339079493897, 0.04675429074207087, 0.51041724998449, 0.7664533986549515, 0.711204060267034, 0.499198504305977, 0.17686063748847586, 0.030920501837262585]], "inverted": false, "swapped": true, "error_lsq": 0.03918549305169017, "error_max": 0.23153771002114404, "target": "1039.xyz", "model": "8.xyz", "model_rescale": 4.121658175737393, "target_rescale": 4.079660718182569},
{"mapping": [5, 9, 1, 0, 8, 7, 11, 10, 4, 13, 6, 2, 14], "R": [[0.17092249035392718, 0.7138539285785259, -0.679115653585026], [-0.5920790325913075, -0.4765138442802814, -0.6499053587830843], [-0.7875455043722575, 0.5131735816098029, 0.3412110104917688]], "T": [-0.06909186744432078, 0.009569392493290599, 0.03046730041404363], "aligned_model": [[-0.6805684761478406, -0.05415930437443808, 0.3444325937722343, 0.0721258013778267, -0.6316964234957756, -0.4529879921652317, 0.10439435665540125, 0.3856302492922129, 0.7038837671083711, -0.33237007597570123, -0.4725367174125964, 0.5023187310886654, -0.0117290132879308], [0.23806785513287204, -0.30958433744968744, 0.011825873531734157, 0.6558755036061168, -0.42008635554450524, 0.0663820763403364, -0.6672606212701558, 0.06402991078488096, -0.1599118035874051, -0.5735240838477917, 0.5281854146027883, 0.415145913263704, -0.058757906151177444], [-0.3693775321592077, -0.5978487495968906, -0.5804557812958806, -0.3735011079177732, -0.23605988439542872, 0.5037527249556198, -0.20931702336447328, 0.6878082055644709, -0.0718917474837718, 0.31189865151443447, -0.003233902113694502, 0.3347503248235573, 0.024551255428126636]], "inverted": false, "swapped": true, "error_lsq": 0.046928109761145295, "error_max": 0.29673186852332223, "target": "1039.xyz", "model": "9.xyz", "model_rescale": 3.833441315466971, "target_rescale": 4.079660718182569},
{"mapping": [8, 11, 0, 13, 12, 9, 2, 5, 3, 7, 1, 6, 6, 4, 14], "R": [[0.41100912279735513, 0.7982966821056607, -0.44022029521188877], [0.2649112041075121, -0.566641950302839, -0.7802172480119259], [-0.872292127051286, 0.2040571182196023, -0.4443727462257947]], "T": [0.05159612605704245, 0.08542091296931313, -0.13057615030798267], "aligned_model": [[0.08757957286583395, 0.5630016186938542, -0.49448367245203784, -0.7078726006218361, 0.29599042079226495, 0.148671744822741, -0.3278019496760767, -0.5006342463547175, 0.2743628437412411, 0.6326696598110049, -0.23941932453505022, 0.32507051924840513, 0.32507051924840513, 0.10360526313410354, 0.07132908649925077], [-0.5288506131803029, -0.026540166468192433, 0.3768586175873081, -0.14882029833062843, 0.568093550094726, -0.7155947356645762, -0.46045247447110055, 0.15364866839511265, -0.42380961812194745, -0.23147095918317856, 0.7629789989495471, 0.5940058076382175, 0.5940058076382175, 0.2419003926921222, 0.0018319005204299604], [-0.6090477232298445, -0.5679160865539868, -0.4146252300300317, -0.1940178522094435, -0.39575271673504375, -0.04774873082867517, 0.14279100196523617, 0.2538998445766615, 0.5367926423729108, -0.05411003679233739, -0.08775115114501522, 0.2268909519939645, 0.2268909519939645, 0.6496301058681758, -0.09007512715254595]], "inverted": false, "swapped": false, "error_lsq": 0.051753659893506325, "error_max": 0.39997960951915773, "target": "1039.xyz", "model": "10.xyz", "model_rescale": 4.2482417240324, "target_rescale": 4.079660718182569},
{"mapping": [10, 2, 6, 0, 13, 8, 7, 9, 4, 11, 12, 14], "R": [[0.41286856343901207, -0.78786471454434, -0.45695595072148076], [0.5520270216467997, -0.18259394521607658, 0.813588113569878], [-0.7244347566865982, -0.588156988181212, 0.35953531197649485]], "T": [0.06787839577698684, 0.04126237796074075, 0.06852679369048387], "aligned_model": [[-0.5733568959133691, -0.1316854790512294, 0.3928972315239235, 0.6765007260864009, -0.383042408932455, 0.22211054135260544, -0.25715986714979844, 0.4848841373990462, -0.05434020840643167, -0.04096627952518306, -0.4925383523108162, 0.03346245729031391], [-0.4330946079985655, -0.6830692552557365, -0.11145503215153671, -0.43725768280767346, 0.5737695413427644, 0.7694478019968674, 0.10480356788572243, 0.4353819030721068, -0.257705333522121, 0.519517030739717, 0.12429010186834519, 0.061503354880749345], [-0.00655960753045573, -0.06970666913729426, 0.6198037163570539, 0.10649921355569328, 0.10882035953210525, 0.2031489391447246, 0.583226369677868, -0.34091081432558723, -0.6611125024043634, -0.48384824481773203, -0.482695498909121, -0.011472971288534722]], "inverted": false, "swapped": true, "error_lsq": 0.049532991331107744, "error_max": 0.3023225542012973, "target": "1039.xyz", "model": "11.xyz", "model_rescale": 3.6694154284099745, "target_rescale": 4.079660718182569},
{"mapping": [12, 10, 3, 2, 4, 13, 11, 8, 0, 5, 6, 1, 7, 14], "R": [[-0.48202236554852684, -0.1790024887024525, 0.8576785809085656], [0.7752868164570821, 0.3688711413887209, 0.5127030654076733], [-0.4081480017577509, 0.9120812409478176, -0.03902587055075707]], "T": [0.010514581615084236, 0.05432556149262748, 0.038895051450059163], "aligned_model": [[0.14031868653061597, -0.00041258463664990003, -0.15201793370423586, 0.36255443980842067, 0.6509651812623796, -0.4703861707282182, 0.1608214692020617, -0.36095498918189384, 0.4775900846354095, -0.1994255735068372, -0.19287416705536042, 0.693291608928158, -0.557863280167793, 0.04665807886975266], [-0.45260112718878576, 0.2473053154291884, 0.6486225526282312, 0.4946577427412955, -0.17178104780372874, -0.4282432665021255, -0.668188533331811, -0.4004344691911039, 0.573715441941361, 0.20615395111357485, 0.5672739485934376, -0.11368837986788052, 0.24420188192469738, -0.016006722350096474], [-0.5535429427593983, -0.7385846130391266, -0.3218787183991047, -0.4766299757405375, -0.3799025282558789, -0.1172421166574387, 0.006121865195675161, 0.5157266370425777, 0.37492945555959134, 0.7592174458876014, 0.3972008782117336, 0.2621021973461963, -0.08559028053503814, -0.002831844204437682]], "inverted": true, "swapped": true, "error_lsq": 0.052213442800654444, "error_max": 0.33301364751751733, "target": "1039.xyz", "model": "12.xyz", "model_rescale": 3.9764082729961374, "target_rescale": 4.079660718182569},
{"mapping": [3, 7, 4, 6, 0, 11, 14, 13, 10, 8, 5, 1, 9, 12, 15], "R": [[-0.8473280846191357, -0.4483416051745388, -0.2846487696885139], [0.44636805282465475, -0.31084357473153906, -0.8391256362819838], [0.2877336936008586, -0.8380728352104224, 0.4635118600954793]], "T": [0.040278325144508756, 0.10510489307667692, -0.005989204053635854], "aligned_model": [[0.17339731251499718, 0.3465208244396049, -0.23869026255490916, -0.711313566989634, 0.30933503951325797, 0.10142751172287505, -0.42435893585766504, -0.3632387096817962, 0.45494368811808716, 0.5786153122228246, -0.4026921959921583, 0.5527535841436294, 0.15601571181201795, 0.015432939927189845, 0.008991201879064603], [-0.5596082772690238, 0.14760769781169303, 0.3684547583235278, 0.04208683584799594, 0.6532025085258907, -0.6603973017628132, -0.5374907017245061, -0.13925304307998695, -0.26512832130783376, -0.3507048109079442, 0.8138121898819384, 0.2333113465623729, 0.6779443577542127, 0.26618422556360266, 0.06776341387662868], [-0.5048671286845361, -0.6955127657526834, -0.6131852986809692, -0.12763277289544975, -0.398806492235101, 0.19603026388482225, -0.10594497830195483, 0.38381042117597003, 0.5746370980329717, -0.05163609601182008, -0.07182985026558235, 0.3465087285068259, 0.13528687868138223, 0.610978939716557, -0.10198610307644373]], "inverted": false, "swapped": false, "error_lsq": 0.04367519730656792, "error_max": 0.3337846470633387, "target": "1039.xyz", "model": "13.xyz", "model_rescale": 4.170626492500431, "target_rescale": 4.079660718182569},
{"mapping": [6, 5, 7, 8, 10, 12, 13, 0, 2, 9, 1, 11, 4, 14], "R": [[-0.3871529156113233, -0.04689442221055842, -0.9208222049338242], [-0.17339896734742252, 0.9845885776894088, 0.022762486823602657], [0.905563591392951, 0.16848218258642386, -0.38931778291572533]], "T": [0.009354208961388643, -0.006381684782530404, -0.02368172397915895], "aligned_model": [[0.23922224552337748, -0.10453018269511855, -0.1599549615738728, -0.6427287962729638, 0.27276386904461897, -0.22412833783483993, -0.6340784543822837, 0.6464397722984246, 0.6443392302703105, -0.23312223193094334, 0.24904021219035494, -0.4667636716291012, 0.2750568016926352, -0.018372472608955047], [-0.49138914854940213, -0.7554458913050048, 0.026887748639916834, -0.3857453574736105, 0.698951865495687, 0.6984147441178178, 0.22559293584107926, -0.4223442198356349, 0.4124814330826157, -0.2830157270283017, -0.1320940437413724, 0.21004187230465937, 0.5001791356645631, 0.053559120712653216], [-0.404200504414477, -0.1328798942917775, -0.6109044741153817, 0.031414979017531944, -0.29746110763082756, 0.2475275024203371, -0.16755390944324944, 0.12444541262725177, -0.09395445315240585, 0.5776018412050614, 0.6625992725216892, 0.4980130786910178, 0.5326372937862666, 0.036588063899829916]], "inverted": false, "swapped": true, "error_lsq": 0.0441568299419274, "error_max": 0.24904369215252153, "target": "1039.xyz", "model": "14.xyz", "model_rescale": 3.9786697098870705, "target_rescale": 4.079660718182569},
{"mapping": [9, 4, 5, 8, 0, 6, 12, 3, 7, 13, 2, 14], "R": [[0.23220510791230042, 0.7742511412971171, -0.5887409940368932], [0.6656135918719446, 0.3148766291093845, 0.6766175099389907], [0.709252658912722, -0.5489880496338907, -0.4422361215283205]], "T": [0.028448894930147503, -0.014370694936623143, -0.026319893024202942], "aligned_model": [[-0.017353260525373185, -0.7581015639257447, 0.6688779872662711, 0.5370985533806737, -0.026175985900511525, 0.4934142660894036, -0.5284684096995994, 0.01970025925827787, 0.40996792374443236, 0.21367230273568477, -0.4924315167036864, -0.03684595895249179], [-0.4093499479835874, -0.10110750463047964, 0.08380329661530915, -0.5402636114047819, 0.5853749265753581, 0.44264373201599166, -0.47788785018185553, 0.5384148117190165, 0.05744404208605701, -0.5828306962816353, 0.49387054992795276, -0.07543725823290623], [-0.6083479814321292, -0.12882688615805887, -0.43400055926682835, -0.2183533638593998, -0.5143422347780736, -0.11470039758447025, 0.28959388149450177, 0.42547108765755376, 0.44684908620426034, 0.33570571199973087, 0.20598374245000578, -0.025065592853262333]], "inverted": true, "swapped": true, "error_lsq": 0.05813082752469881, "error_max": 0.3159146720593947, "target": "1039.xyz", "model": "15.xyz", "model_rescale": 3.769337070930944, "target_rescale": 4.079660718182569},
{"mapping": [11, 8, 4, 1, 12, 13, 10, 7, 2, 0, 14], "R": [[-0.7239692177075744, 0.5833872790399395, 0.36814107956904063], [0.06252822916556183, 0.5869672383089747, -0.8071924688135751], [-0.6869925708254071, -0.5613632903978593, -0.46142438581460665]], "T": [-0.05630263300320002, -0.08551505976697779, 0.12598722126148537], "aligned_model": [[-0.227547950409518, -0.30749258070722496, -0.11014271745107951, -0.6468059187597264, 0.2729889363991332, 0.26418535537650856, 0.6124425753264512, 0.393261835226853, 0.23496958052830144, -0.5095463368675605, -0.05368664797096685], [-0.050943161573176965, -0.7187372600309319, 0.6375260478700655, 0.33365515857594463, 0.2671524685815515, -0.47078049098388763, 0.35505169190946895, -0.4602055748841516, 0.5504273674009686, 0.19640477982835305, -0.04348652906886238], [-0.5917680883914727, -0.20279529624752246, -0.20718748380669577, -0.014855886706787003, -0.5001111952054766, -0.3612242517507878, 0.1487028709180659, 0.305157016403954, 0.4331163019621906, 0.6880689262914095, 0.04711469375689932]], "inverted": false, "swapped": true, "error_lsq": 0.04125454514513521, "error_max": 0.19680551586734876, "target": "1039.xyz", "model": "16.xyz", "model_rescale": 3.7852294659196426, "target_rescale": 4.079660718182569},
{"mapping": [4, 10, 13, 12, 2, 3, 6, 7, 11, 9, 0, 8, 14], "R": [[-0.8331428473361858, 0.13376428008582114, -0.5366377859466058], [-0.05701801914743745, 0.9443655062067452, 0.32391779231678597], [0.5501108446713767, 0.3004678153480004, -0.7791643924839894]], "T": [0.011487088115107114, 0.17700539558529294, 0.043600518040296014], "aligned_model": [[-0.046597320589320076, -0.5313508872693546, 0.3964671700035975, 0.15651806464384288, -0.6504365084109628, -0.6673962928448721, -0.24579805795512477, -0.16720148325688586, 0.6130695950649087, 0.5954894595928698, -0.3175594756356629, 0.6689042336130065, 0.04965735326024101], [-0.2072260421961507, -0.4116789704805346, -0.2515799888680391, -0.5602609969430254, -0.0174962963713034, 0.11972453822867782, 0.7029209169279127, 0.08029548781585068, -0.17083012770546502, 0.3724913105239791, 0.7778856445010419, 0.32833594616206374, 0.11247420210786666], [-0.6533105134475751, 0.018844373023382592, 0.439355401021332, -0.20177843914379257, -0.2844494620662016, 0.2571413892028753, 0.34373934330113914, 0.620939757054413, -0.20700234603424572, -0.29931292679181937, -0.31905052570044073, 0.38575026569731247, -0.005111618973205417]], "inverted": true, "swapped": true, "error_lsq": 0.04468537907492265, "error_max": 0.2753677109577756, "target": "1039.xyz", "model": "17.xyz", "model_rescale": 3.901054581598922, "target_rescale": 4.079660718182569},
{"mapping": [11, 6, 12, 13, 7, 10, 9, 5, 4, 6, 3, 1, 0, 8, 14], "R": [[-0.3583903680405891, 0.9198634499652879, 0.15939754550710372], [-0.1286380584186094, -0.21776876016383495, 0.9674859260077102], [0.9246667475485542, 0.3262330463252677, 0.19637567431663783]], "T": [-0.019103835006521012, 0.070272826557822, 0.0703157224965775], "aligned_model": [[0.09426813011735816, 0.6031086958170092, -0.2646691511901383, -0.7308692305309243, 0.30839825270105653, 0.09016431946722456, -0.46503170167272306, -0.5027997716699912, 0.49915566495540664, 0.6031086958170092, -0.3743929183734529, 0.5939656805082999, 0.13256987192372982, 0.014383154731337965, -0.04422023738381613], [-0.35996146401856033, -0.07751412349944145, 0.20875604484059068, 0.17066508650732487, 0.41963508676608796, -0.7399425915190304, -0.37764546173472313, -0.14200052188437048, -0.2952343872681208, -0.07751412349944145, 0.6912056874512192, 0.38004764123177404, 0.8102068111643329, 0.09168894926982102, 0.055392244288292335], [-0.5920861507366303, -0.3230496663584793, -0.6170671241172277, -0.03367280656696782, -0.3883403768704693, 0.1340746031118578, -0.11598287137331784, 0.4035788518583596, 0.5429525146004269, -0.3230496663584793, -0.19729955923412132, 0.1880904344511285, 0.1410073312620675, 0.7327643796362489, 0.023930950789593182]], "inverted": true, "swapped": false, "error_lsq": 0.04333551382828128, "error_max": 0.32753786319704176, "target": "1039.xyz", "model": "18.xyz", "model_rescale": 3.9405287249114394, "target_rescale": 4.079660718182569},
{"mapping": [7, 9, 5, 6, 11, 4, 0, 1, 12, 13, 2, 14, 10, 3, 15], "R": [[0.01757296469186692, -0.47342680028727147, -0.880657853926083], [-0.9914839302828689, 0.10542222557653885, -0.07645763758660534], [0.12903800565249657, 0.8745016976108424, -0.4675424836022722]], "T": [0.06903168760983448, -0.048508422411725025, -0.01289404347635781], "aligned_model": [[0.22207274973425462, 0.29314384156542567, -0.3160408033822014, -0.6546872926788657, 0.4443128431690174, 0.06721259504774102, -0.455252379865286, -0.4346867048849671, 0.25652563836260295, 0.7257556095822593, -0.45855127617053626, 0.6512748872583923, 0.1388041858245851, 0.023147208450741377, 0.05410835320422297], [-0.49422012323476167, 0.02400520708150078, 0.3497874338345569, 0.06028012658358828, 0.474626587182975, -0.7775041098081199, -0.49037843858685337, -0.00988165242903595, -0.2662223968730868, -0.07593845314288934, 0.6401684384425625, 0.32287355309816396, 0.7128558307925902, 0.29890025887532967, -0.011567383720765316], [-0.5359093988863188, -0.7433222486708447, -0.6328474532880122, -0.16349067281977353, -0.336478681428059, 0.043912710310376676, 0.03761697861868732, 0.41171775297140445, 0.4535667865670111, -0.15178655261637808, -0.06491020121268656, 0.33754460565579375, 0.16975400436985985, 0.7633986961603423, -0.012915481637413281]], "inverted": true, "swapped": false, "error_lsq": 0.04333546995085443, "error_max": 0.3631724119536213, "target": "1039.xyz", "model": "19.xyz", "model_rescale": 4.410303926677745, "target_rescale": 4.079660718182569},
{"mapping": [8, 9, 5, 13, 6, 12, 7, 1, 4, 2, 10, 3, 0, 14], "R": [[0.3674584829478597, -0.49730772386798366, -0.7859130302335642], [-0.8022396836822132, -0.5969960999059891, 0.002673316760315736], [-0.4705164749879862, 0.6295082878551195, -0.6183312722858162]], "T": [-0.0015773110463252922, 0.0015922412319447823, 0.014520166789079234], "aligned_model": [[-0.14863418359799874, 0.3434894960364615, 0.2968561051621272, -0.6030454766025389, 0.20332963542272625, -0.3948846904542537, -0.4488443281490285, 0.5960290368870736, 0.17845549463367713, 0.104153825430596, -0.397134369573818, -0.15295947163097307, 0.7035167730565324, -0.01913995715971053], [-0.0930211271319993, -0.4537290010109, 0.38979089330618916, -0.19960976535778735, 0.6115525789545618, -0.6176667447740801, 0.4160388026273886, -0.4297570344829429, -0.5970452566588048, 0.08530536358980888, 0.0004161870662437025, 0.5035223118778611, 0.2796792749385501, -0.08452801676288653], [-0.7214059676268582, -0.39836554196071217, -0.5738932789900203, -0.27919878218752564, -0.12269363025939227, 0.3088569872642069, -0.03829339079493897, 0.04675429074207087, 0.51041724998449, 0.7664533986549515, 0.711204060267034, 0.499198504305977, 0.17686063748847586, 0.030920501837262585]], "inverted": false, "swapped": true, "error_lsq": 0.03918549305169017, "error_max": 0.23153771002114404, "target": "1039.xyz", "model": "20.xyz", "model_rescale": 4.121658175737393, "target_rescale": 4.079660718182569},
{"mapping": [8, 9, 11, 13, 12, 5, 1, 7, 0, 2, 4, 10, 14], "R": [[0.1805166696830014, -0.6757024248562338, -0.7147306940449418], [-0.5949150438258757, -0.6536832285220385, 0.46773317968545003], [-0.7832559113062698, 0.34077040627438676, -0.5199862571370274]], "T": [0.03534913391202284, -0.17616482744163497, -0.02847045026633519], "aligned_model": [[0.1511026256332138, -0.20868200492874095, 0.31373794645947456, 0.6467766453512254, 0.5935899313683145, -0.39222269584608344, -0.4278765851083057, 0.35656720320537766, -0.7046961917513417, -0.03667114297213196, 0.049328865455454854, 0.4646223903693731, 0.07550591742846428], [-0.4420428341385292, 0.13576474812957012, 0.29119945500250505, -0.28202086035357865, 0.38297763532179874, -0.6830909505556492, 0.36818710658394993, -0.6752351009182982, -0.16532797055105947, 0.09512753035568983, 0.5995901855815338, 0.01472965940554477, -0.09903169970029456], [0.670152984255778, 0.5546349318368846, 0.4712926495691976, 0.29319384861158226, -0.051567392132213306, 0.35388974203621254, 0.15411511503874256, -0.17797236596147215, -0.25881795443346517, -0.738966109351004, -0.2147533238726439, -0.677407260185282, -0.007685125930527902]], "inverted": true, "swapped": true, "error_lsq": 0.04885505953078225, "error_max": 0.2369336568470679, "target": "1039.xyz", "model": "21.xyz", "model_rescale": 4.08911054899281, "target_rescale": 4.079660718182569},
{"mapping": [0, 4, 1, 8, 2, 7, 6, 5, 12, 13, 11, 14, 15, 9, 16], "R": [[-0.7958421140396131, 0.5070808229430362, -0.33091444290688365], [0.3700490952584232, -0.025260731843719186, -0.9286687043963217], [-0.4792692318722144, -0.8615282551548343, -0.16754124552027394]], "T": [0.04853219408795682, 0.04958646933398823, 0.005493470070049796], "aligned_model": [[0.03400060194202563, 0.5169422838130837, -0.3020127239979975, -0.6237441751325304, 0.3483879658369931, 0.1464056216642861, -0.42030723786168345, -0.461733248301043, 0.49231627381118276, 0.5954550009822162, -0.4933343050104897, 0.5112816373152141, 0.12147464399567863, 0.01983082160000571, 0.07217629456044472], [-0.3999839231264463, -0.03680656471507387, 0.3939327195756385, 0.07602333612151033, 0.486568009400425, -0.6522242249427033, -0.5023107124102221, 0.05090334504422512, -0.22593791622287443, -0.32033272163154936, 0.5885675647641444, 0.341009383836379, 0.7749668046805046, 0.16431674282422928, 0.019093034897568202], [-0.6251844931028755, -0.5038398366940527, -0.6178381444134978, -0.16215972412037186, -0.4847997882592973, 0.0661460016146027, -0.17103759343806393, 0.4926859352109734, 0.5271365564632349, -0.022168805370434738, 0.04760173745485047, 0.34128838313881465, 0.0023652136533793937, 0.7080322996906488, -0.022376897733921472]], "inverted": true, "swapped": false, "error_lsq": 0.03332097314799728, "error_max": 0.18463773715819431, "target": "1039.xyz", "model": "22.xyz", "model_rescale": 4.204369325754507, "target_rescale": 4.079660718182569},
{"mapping": [7, 9, 5, 6, 11, 4, 0, 1, 12, 13, 2, 14, 10, 3, 15], "R": [[0.01757296469186692, -0.47342680028727147, -0.880657853926083], [-0.9914839302828689, 0.10542222557653885, -0.07645763758660534], [0.12903800565249657, 0.8745016976108424, -0.4675424836022722]], "T": [0.06903168760983448, -0.048508422411725025, -0.01289404347635781], "aligned_model": [[0.22207274973425462, 0.29314384156542567, -0.3160408033822014, -0.6546872926788657, 0.4443128431690174, 0.06721259504774102, -0.455252379865286, -0.4346867048849671, 0.25652563836260295, 0.7257556095822593, -0.45855127617053626, 0.6512748872583923, 0.1388041858245851, 0.023147208450741377, 0.05410835320422297], [-0.49422012323476167, 0.02400520708150078, 0.3497874338345569, 0.06028012658358828, 0.474626587182975, -0.7775041098081199, -0.49037843858685337, -0.00988165242903595, -0.2662223968730868, -0.07593845314288934, 0.6401684384425625, 0.32287355309816396, 0.7128558307925902, 0.29890025887532967, -0.011567383720765316], [-0.5359093988863188, -0.7433222486708447, -0.6328474532880122, -0.16349067281977353, -0.336478681428059, 0.043912710310376676, 0.03761697861868732, 0.41171775297140445, 0.4535667865670111, -0.15178655261637808, -0.06491020121268656, 0.33754460565579375, 0.16975400436985985, 0.7633986961603423, -0.012915481637413281]], "inverted": true, "swapped": false, "error_lsq": 0.04333546995085443, "error_max": 0.3631724119536213, "target": "1039.xyz", "model": "23.xyz", "model_rescale": 4.410303926677745, "target_rescale": 4.079660718182569},
{"mapping": [12, 13, 0, 2, 7, 15, 5, 4, 9, 14, 3, 11, 1, 10, 16], "R": [[-0.6685323759240978, -0.6537665850523156, -0.35447667710346625], [-0.5879560922461555, 0.1727691545885146, 0.7902268363029697], [-0.45538126436197585, 0.7367089462547635, -0.49988781999193055]], "T": [0.13129258146155556, -0.01197215908111475, 0.007255652403386926], "aligned_model": [[-0.08889453175271575, 0.5641065360226142, -0.31634620080024967, -0.7511543590725365, 0.36645863857807204, 0.21152760489955716, -0.29849131571473675, -0.4916657712586965, 0.37810118434964646, 0.7108853485949476, -0.5677393195692977, 0.643401442737378, 0.10606524324486874, 0.03991345803593917, 0.0509714969225956], [-0.1780830698182646, -0.1759199914598676, 0.30798152046023536, 0.11852871286242773, 0.4329366007640282, -0.6814801740422802, -0.43139650065774415, -0.08664249233474382, -0.20097375122705202, -0.3577560067754862, 0.5385922525841678, 0.2838372864214761, 0.8454139063093806, 0.2655623670851231, 0.07718421792435436], [-0.7477944355325976, -0.5218755343779853, -0.5100788376987972, -0.18548995907032728, -0.4271220837613781, 0.24099813838189346, -0.1797498471117393, 0.290507492819319, 0.5511158323532649, 0.05878957302824443, 0.13948354122762274, 0.23300501068595916, 0.03150572149696816, 0.5889844456251621, 0.013571786028380276]], "inverted": true, "swapped": false, "error_lsq": 0.041910890910450624, "error_max": 0.2930816752847679, "target": "1039.xyz", "model": "24.xyz", "model_rescale": 4.28219845311461, "target_rescale": 4.079660718182569},
{"mapping": [12, 13, 14, 10, 2, 9, 11, 8, 3, 7, 6, 4, 0, 1, 15], "R": [[-0.8714094838510325, 0.1719415963802871, 0.4594361749891663], [0.2000689071251175, -0.7305627357563145, 0.6528786422651689], [0.4479039448991697, 0.6608435340974803, 0.6022191292090562]], "T": [0.06187772924425542, -0.014459403603831508, -0.011638539571776418], "aligned_model": [[-0.030656897741847648, 0.4248564548908251, -0.3380598712270248, -0.7120243115139686, 0.19773030010429662, 0.19621313044854954, -0.3219562115007067, -0.5151526449063224, 0.45045470157454565, 0.7698338323096727, -0.46614437806708137, 0.6640928033063768, 0.16184965273922705, -0.0004687022286489137, 0.07657159702949329], [-0.4503023748637516, -0.07287319454985748, 0.17472539579047314, 0.06487499006930637, 0.5308469711753186, -0.6719347030342073, -0.3517725493374062, 0.12987691499350257, -0.21046841573530012, -0.33660214899083846, 0.7158287519056092, 0.3205627758834202, 0.7540379282531322, 0.10605322761240858, 0.054931308923945016], [-0.6328455481002471, -0.47827622631847583, -0.6316414849696512, -0.16812018104658355, -0.4027460196892727, 0.06931771096571131, -0.1997034722309715, 0.34634055391028296, 0.6291685675967498, -0.03547576837830978, -0.01994510770400888, 0.23279083028724312, 0.24325680655531462, 0.6140347194433458, 0.009695463772862258]], "inverted": true, "swapped": false, "error_lsq": 0.03836255866147734, "error_max": 0.2380708540036429, "target": "1039.xyz", "model": "25.xyz", "model_rescale": 4.100010024507729, "target_rescale": 4.079660718182569},
{"mapping": [10, 2, 6, 0, 13, 8, 7, 9, 4, 11, 12, 14], "R": [[0.41286856343901207, -0.78786471454434, -0.45695595072148076], [0.5520270216467997, -0.18259394521607658, 0.813588113569878], [-0.7244347566865982, -0.588156988181212, 0.35953531197649485]], "T": [0.06787839577698684, 0.04126237796074075, 0.06852679369048387], "aligned_model": [[-0.5733568959133691, -0.1316854790512294, 0.3928972315239235, 0.6765007260864009, -0.383042408932455, 0.22211054135260544, -0.25715986714979844, 0.4848841373990462, -0.05434020840643167, -0.04096627952518306, -0.4925383523108162, 0.03346245729031391], [-0.4330946079985655, -0.6830692552557365, -0.11145503215153671, -0.43725768280767346, 0.5737695413427644, 0.7694478019968674, 0.10480356788572243, 0.4353819030721068, -0.257705333522121, 0.519517030739717, 0.12429010186834519, 0.061503354880749345], [-0.00655960753045573, -0.06970666913729426, 0.6198037163570539, 0.10649921355569328, 0.10882035953210525, 0.2031489391447246, 0.583226369677868, -0.34091081432558723, -0.6611125024043634, -0.48384824481773203, -0.482695498909121, -0.011472971288534722]], "inverted": false, "swapped": true, "error_lsq": 0.049532991331107744, "error_max": 0.3023225542012973, "target": "1039.xyz", "model": "26.xyz", "model_rescale": 3.6694154284099745, "target_rescale": 4.079660718182569},
