[{"mapping": [4, 0, 2, 10, 5, 6, 8, 11, 1, 3, 9, 12], "R": [[-0.11101023402142057, 0.21021450352889978, 0.9713323789767372], [-0.8222538372652519, 0.5295247876000153, -0.2085716337849599], [-0.5581893541129912, -0.8218353617503065, 0.1140670115838269]], "T": [-0.11747708271659109, -0.03433124396038217, 0.0960608348568647], "aligned_model": [[-0.3684691523859638, 0.20308190075449167, 0.4695468274247455, -0.1345213879565058, -0.0026938219876432717, -0.7025841225405305, 0.3353046439307398, -0.3461974127264551, 0.5897597976264696, 0.20464208677532175, -0.3182303179928983, -0.0919965784612228], [-0.29397263019554404, -0.6536515442868122, -0.15865474813843894, 0.6606657341643053, 0.2205209371481862, -0.6980514362482722, -0.17357751175048908, -0.5702479577018905, 0.15449599785808182, 0.4670818867614153, 0.13875826639890043, -0.03981195803238483], [-0.5069476573132741, 0.045152018004642316, -0.6576329957467761, -0.03912108544863241, -0.6552684678088962, -0.059751500251679274, 0.5402220286412884, 0.6371511171076387, -0.015200151665700698, 0.5432652361519585, 0.4280951241709712, -0.07801192048797809]], "inverted": true, "swapped": true, "error_lsq": 0.04068980801394755, "error_max": 0.24886962686427427, "target": "1040.xyz", "model": "0.xyz", "model_rescale": 3.751011558992144, "target_rescale": 3.9340082936860346},
{"mapping": [3, 6, 1, 11, 8, 4, 2, 5, 12, 9, 10, 13, 14], "R": [[0.41462807463796636, 0.014003945904487058, 0.9098832063628369], [0.15030228484646369, 0.9850945862654223, -0.0836533279701922], [-0.8974924974014798, 0.17144254317309998, 0.4063430465732056]], "T": [-0.1321653862022376, -0.10600459621301107, -0.08999993432952559], "aligned_model": [[-0.48880828334309134, 0.20669818710924587, -0.45984011476336806, 0.5965974629793215, -0.5254924570376577, -0.10366260685219864, -0.7731500652870982, -0.14160481622227522, 0.145523070420021, 0.34659876698238395, 0.4982350159753053, -0.1493248282424819, -0.09338761857972157], [0.5063301138906586, -0.4999089679424986, -0.5751087381350588, -0.0424969218471795, -0.42143279005392004, -0.8656715766918359, 0.2788561875182436, 0.08502813340525996, 0.44875071729088234, 0.20980880227188692, -0.481027665323591, 0.5688974412588444, -0.0690261825911275], [-0.375057711339745, -0.6319746292047671, -0.4878141192573696, -0.4087513639358811, 0.3415288851230842, 0.12832926722014226, 0.2632123535546175, 0.5045616187254206, -0.49879177289183807, 0.2344016752489798, 0.2766153663579034, 0.17779661468816454, -0.10151922717199334]], "inverted": false, "swapped": false, "error_lsq": 0.048918184239397984, "error_max": 0.2940347856742661, "target": "1040.xyz", "model": "1.xyz", "model_rescale": 3.9405287249114394, "target_rescale": 3.9340082936860346},
{"mapping": [2, 4, 8, 7, 9, 10, 5, 11, 1, 6, 3, 0, 12], "R": [[0.8316369069296614, 0.32647734256175626, 0.44921331216503335], [-0.2963708687613669, 0.9450289149570912, -0.1381472332139001], [-0.4696215105615359, -0.018245401854623568, 0.8826792974399393]], "T": [-0.030507357721908338, -0.036871631547359375, -0.07106791877816937], "aligned_model": [[-0.5379671310156603, 0.12324600330888379, -0.35173486827149975, 0.7505818045195043, -0.6239362700280748, -0.1185597820609711, -0.6150925357403904, -0.2219230327141532, 0.12171733568942776, 0.31501631126588775, 0.34662238624451575, -0.04169938342674132, -0.08788912463234366], [0.32473897476067026, -0.32813044573208877, -0.7000612060953647, -0.040910088610348054, -0.5171609776930849, -0.7897696742149238, 0.2911376184269576, -0.046760293121701095, 0.4897629104335681, 0.1764791182698778, -0.464471171727036, 0.762341769081394, -0.014197980727356188], [-0.3465529009746656, -0.6901187478820892, -0.31123920096384244, -0.20815644729058622, 0.188827015970646, 0.2989029276783241, 0.2095499387240481, 0.6151365279989658, -0.6426534629153784, 0.29011146201627513, -0.029457006473344427, 0.18203812044635237, -0.1338512692179874]], "inverted": false, "swapped": false, "error_lsq": 0.05365874487443, "error_max": 0.2829751049824344, "target": "1040.xyz", "model": "2.xyz", "model_rescale": 3.932901565614263, "target_rescale": 3.9340082936860346},
{"mapping": [7, 9, 8, 12, 3, 11, 0, 1, 5, 6, 10, 4, 13], "R": [[0.6935250551853532, -0.6078704372036947, 0.3866736730163326], [-0.405785825803749, -0.7730841334590844, -0.4875231134731829], [0.595282169569123, 0.18120279845412302, -0.7828184236625197]], "T": [-0.15292171475148425, -0.07665110172669987, 0.009382373404578023], "aligned_model": [[-0.4939217552685153, 0.024336137996789353, -0.4741277461963576, 0.555630249465364, -0.6120628972102513, -0.05797545004282367, -0.5835152991180079, -0.11606710768234457, 0.2536641984381717, 0.4265591380297365, 0.44159710127667057, -0.2639146116810116, -0.041820244869035114], [0.22482665325602585, -0.1774898555553073, -0.5876099550089571, -0.133236642285884, -0.2808792964057924, -0.9592321694493827, 0.2605684479042186, -0.12455840103282723, 0.3346305601130776, 0.2532748390904718, -0.39233456947662576, 0.7898924211294347, -0.06485347922788776], [-0.5406836980496619, -0.6964533998133923, -0.4083908439608062, -0.2696910949932726, 0.09974662048107812, 0.10809693202077401, 0.3964514494002158, 0.7477015791165288, -0.4176246235927912, 0.15785147967794322, 0.25440638422616024, 0.012432679134552357, -0.021306506530610905]], "inverted": false, "swapped": false, "error_lsq": 0.04377056571394533, "error_max": 0.24339999624359587, "target": "1040.xyz", "model": "3.xyz", "model_rescale": 3.9243930471874484, "target_rescale": 3.9340082936860346},
{"mapping": [1, 11, 9, 6, 7, 8, 2, 4, 5, 3, 10, 0, 12], "R": [[-0.026133698224528212, -0.5308871057454287, 0.8470394977628559], [-0.05340091497574034, -0.8453776690054737, -0.531493122275938], [0.9982311215830044, -0.059122565067099675, -0.006257012308084342]], "T": [-0.02846142807350268, -0.1710904310040406, -0.07025637350868469], "aligned_model": [[-0.6166707021563312, 0.40330782112083025, -0.2709783532008082, 0.5897247637018904, -0.7331113870416798, -0.2830193036875997, -0.3948281286264553, -0.1584707953160813, 0.03176578301199046, 0.3115844836135234, 0.4592402592184795, -0.23726828249935802, -0.042894445000015734], [0.11151312845363365, -0.47612935193412953, -0.6217953959594937, 0.15420165133917024, -0.11266200799275433, -0.7233273264828366, 0.42049384049750854, -0.22652836187724312, 0.4083061573206899, 0.23758846759661434, -0.6134238173956167, 0.6525400232428487, -0.06777845375782725], [-0.3606102576695296, -0.6590353248609615, -0.5557849178479184, -0.25341588923136027, 0.3078617477480687, 0.09274997038935645, 0.5355637159167999, 0.5062776408302427, -0.5542970497513008, 0.3424223225105897, 0.18196566957008092, -0.033447057535223826, -0.12771361295212647]], "inverted": false, "swapped": false, "error_lsq": 0.05527170023192344, "error_max": 0.3239271447410478, "target": "1040.xyz", "model": "4.xyz", "model_rescale": 3.8936222436046832, "target_rescale": 3.9340082936860346},
{"mapping": [2, 1, 5, 4, 10, 3, 8, 9, 6, 0, 7, 12], "R": [[-0.8605195034506633, 0.3910468725705006, 0.3264789849804345], [0.34676374798255977, -0.01983479923799819, 0.9377427599423396], [0.3731770186735939, 0.9201570106193939, -0.11853264757807941]], "T": [-0.06653155730575352, 0.04110940563097301, 0.11153106137855567], "aligned_model": [[-0.10390278891432156, -0.5545283548582596, -0.19166597766920945, 0.3957772493846855, -0.619917772513398, -0.7381387812235011, -0.2598561049099784, -0.17886027489026807, 0.8154443227768838, 0.30910760124327297, 0.19443727851784934, -0.04034835472865843], [-0.5825919679098227, -0.4879765258081369, 0.013829380985021747, 0.08909185540228012, 0.38779940418355596, 0.03918517782220193, -0.3891724824787328, 0.32376695305125347, 0.21211353880224304, -0.5449980754565883, 0.6038166973761688, 0.004058949140362554], [-0.6217545465192869, -0.06209480657848551, -0.6798081385219681, -0.4157242485830816, -0.1626134283395656, 0.43418830626999455, 0.5578079902036803, 0.4081715499211931, 0.1168563655936929, 0.17695771566792007, -0.07416746079015729, -0.058534579048417634]], "inverted": false, "swapped": true, "error_lsq": 0.040654657830663195, "error_max": 0.22783868390424739, "target": "1040.xyz", "model": "5.xyz", "model_rescale": 3.6523030999806103, "target_rescale": 3.9340082936860346},
{"mapping": [6, 9, 8, 11, 5, 5, 1, 3, 10, 4, 7, 2, 12], "R": [[0.7635541105187, -0.05672733801359825, -0.6432473314611481], [0.36164276152278824, 0.8628279314719873, 0.35318900564703826], [0.5349762923234719, -0.5023046583435822, 0.6793308449188573]], "T": [-0.10263051570717474, -0.04505681468097268, -0.0639274553572578], "aligned_model": [[-0.5292005704792974, 0.2262477907147184, -0.49231632249704654, 0.7762212814991131, -0.4069353287397752, -0.4069353287397752, -0.6466024552363077, 0.13051360136736648, 0.14720478234415668, 0.25822749344664836, 0.32738082267060575, -0.2356076495485388, -0.0898164036634831], [0.24511833965566987, -0.3785363498265194, -0.42991096863281736, -0.08891859003876147, -0.6070289826196238, -0.6070289826196238, 0.1580135101338131, 0.0014749935665778896, 0.39018562159260506, 0.3905949979959088, -0.4921263938252839, 0.6653029919632218, -0.1041416342946023], [-0.45947875449495956, -0.6146481961913208, -0.45601845861929063, -0.08019602476946275, 0.17163441170587923, 0.17163441170587923, 0.3171654967921796, 0.5888506956578674, -0.661271064330549, 0.03157436278147821, 0.2224937379358753, 0.16827431291524417, 0.0225220260278977]], "inverted": false, "swapped": false, "error_lsq": 0.05997119972508547, "error_max": 0.357495502143533, "target": "1040.xyz", "model": "6.xyz", "model_rescale": 4.08911054899281, "target_rescale": 3.9340082936860346},
{"mapping": [1, 13, 11, 7, 8, 10, 3, 4, 2, 6, 5, 0, 14], "R": [[0.5490451024691875, 0.7226628630578875, -0.4198902973534595], [0.2847944172486893, -0.6340828840991298, -0.7189096160133828], [-0.7857745321392005, 0.2751313912469945, -0.5539504510260049]], "T": [-0.0896393479735367, -0.16217087961403687, -0.07577922366488302], "aligned_model": [[-0.4247025198582667, 0.18085763827015996, -0.4053951592418845, 0.6641839294284275, -0.5551880903833998, -0.2273654232171261, -0.37919462006888505, 0.007326173299166738, 0.22889630454434803, 0.10217570944417273, 0.44199815685355337, -0.32842864447856784, -0.24678174145331358], [0.2141250383344016, -0.26037160006369897, -0.5285085105364588, -0.0007081376816485963, -0.36332632016319477, -0.8473720847717148, 0.34630160934724197, -0.18820685081468297, 0.45643039561444754, 0.2637214236440777, -0.547752085513863, 0.7462282605786343, -0.14756258492297683], [-0.6087708857359525, -0.7488932714219242, -0.4083842007436569, -0.14627187542439085, 0.38023594106437586, 0.09973640284867388, 0.4571981760783749, 0.6219093211674133, -0.4832188433043494, 0.10019150181755207, 0.31047189504079775, -0.026313507499674677, -0.12535369677052124]], "inverted": false, "swapped": false, "error_lsq": 0.05006923912005104, "error_max": 0.31861992916051146, "target": "1040.xyz", "model": "7.xyz", "model_rescale": 3.964800864290218, "target_rescale": 3.9340082936860346},
{"mapping": [3, 11, 10, 4, 8, 9, 1, 7, 6, 2, 12, 0, 13], "R": [[-0.45043436679110527, -0.8843644011320457, 0.12250913118561471], [0.2405034188263506, 0.011955764865658025, 0.9705746572105178], [-0.8598063658442714, 0.46664404603169984, 0.20730737458380905]], "T": [-0.12210155288475412, -0.007981894646323345, -0.060759361449477904], "aligned_model": [[-0.48963651410200115, 0.3527612279546601, -0.5522088917309383, 0.561669967595243, -0.5375697964233506, -0.12284830064607408, -0.46740946979743586, -0.022519001436470107, 0.11947301519980137, 0.2703023793572762, 0.33549744653552, -0.2193555498426614, -0.16977479952518448], [0.40354091130054737, -0.4762742339560291, -0.5247748635392842, 0.07784226996551084, -0.5359299885406377, -0.696154056173573, 0.29192052176369876, -0.1107672358424299, 0.1783718677067548, 0.41745073345763595, -0.5153045514647219, 0.7013172485903715, -0.06824007021727954], [-0.5314288082707666, -0.5530407330358726, -0.5330587552461294, -0.20283017324062586, 0.3130247074614302, -0.07734987847904581, 0.5341699405026523, 0.6366441473199881, -0.55413530988044, 0.26116448150043814, 0.26157868299587594, -0.08516751586855131, -0.04703382864223497]], "inverted": true, "swapped": false, "error_lsq": 0.05206886330934601, "error_max": 0.25193416242911326, "target": "1040.xyz", "model": "8.xyz", "model_rescale": 4.121658175737393, "target_rescale": 3.9340082936860346},
{"mapping": [5, 0, 10, 1, 11, 3, 7, 8, 4, 6, 2, 9, 12], "R": [[2.027604302171082e-05, 0.4817903234770726, 0.8762865306466487], [0.22078782397214203, 0.854659255079061, -0.46990455891952276], [-0.9753218629634675, 0.19348292408262407, -0.10635610802351236]], "T": [-0.11922476918518812, -0.06766457373170735, -0.0035459977347143817], "aligned_model": [[-0.4584385963563128, 0.17876853936658008, -0.5960247409527007, 0.5396972220914877, -0.5475548144470835, -0.14643105379672225, -0.6398980394203245, 0.009185089707157645, 0.2755212813196143, 0.26170207291721426, 0.38202060658627535, -0.16395386211535914, -0.03621199176144116], [0.10553908939523234, -0.3158019530588696, -0.50842343219105, -0.031060170386262007, -0.40199732758556955, -0.8562982839865357, 0.24141747537400166, -0.10251302992546513, 0.4448188481773247, 0.38010176433280896, -0.5182565140602736, 0.7636681604493841, -0.05819607348416146], [-0.49001529461901366, -0.6879815843031634, -0.397086651552692, -0.2020746928425881, 0.32476339381529823, -0.004370980984032623, 0.29407547813097296, 0.7125893462942333, -0.6115461750356703, 0.3633083296980663, 0.16398437992124393, -0.012206849862660123, -0.03090174154327664]], "inverted": true, "swapped": false, "error_lsq": 0.04268541576398429, "error_max": 0.24558491533836108, "target": "1040.xyz", "model": "9.xyz", "model_rescale": 3.833441315466971, "target_rescale": 3.9340082936860346},
{"mapping": [11, 6, 7, 1, 9, 3, 8, 2, 12, 0, 5, 10, 14], "R": [[-0.3018494549652636, -0.8392295390598952, -0.4523059664723531], [0.8101382604246121, -0.47589448035475346, 0.3423455017435792], [-0.5025563705032075, -0.26309356574647597, 0.8235404483869921]], "T": [-0.0017073128074100719, -0.07296773846349168, -0.0890036411916155], "aligned_model": [[-0.5179032949357563, 0.32101882559404216, -0.5621677885985704, 0.6911042868084041, -0.6347271163022702, -0.31981134507713815, -0.6230941769203713, -0.10446740977357197, 0.13646283564308131, 0.45805280311616503, 0.49055076177175394, -0.21249429431959174, -0.06414237386779131], [0.21970431269877372, -0.35827450092605845, -0.32972547890973053, 0.09075799620355247, -0.3452882980834256, -0.8655343139718377, 0.24389618611457736, -0.3778489387970997, 0.23704038375943948, 0.369777811412537, -0.31653543212443297, 0.708765367064634, -0.13373654139036467], [-0.4254882018279026, -0.6140535997008328, -0.3417357020361076, -0.28601862579770715, 0.33882525886579007, 0.06901502159333955, 0.25889717913737453, 0.5537545334606235, -0.5868229171781468, 0.14852525299723943, 0.30570127147519544, 0.053180548035618364, -0.05124306190776626]], "inverted": false, "swapped": false, "error_lsq": 0.05369827646414333, "error_max": 0.3998139927352638, "target": "1040.xyz", "model": "10.xyz", "model_rescale": 4.2482417240324, "target_rescale": 3.9340082936860346},
{"mapping": [2, 1, 10, 3, 4, 7, 5, 9, 8, 11, 0, 12], "R": [[0.8947214559716862, 0.3077328237274889, 0.32368816077300766], [-0.42089764186751, 0.33854477225148905, 0.8415655721639026], [0.14939441520443636, -0.8892063575919225, 0.4324272913725854]], "T": [0.06643172876532422, 0.15279837125299117, -0.0854283976174869], "aligned_model": [[-0.7165993177354055, -0.09013644915887944, 0.419460675381906, 0.6172729387349479, -0.4609786087935256, 0.15897859717342516, -0.34001983847157713, 0.4709576404008914, 0.1683586269328152, 0.17440245531817256, -0.45619204301542116, -0.06873907440434263], [-0.3130463978555101, -0.5688944788026598, -0.067262382341091, -0.34746787431519094, 0.5101712677839676, 0.7015795639587477, -0.0041152288980831064, 0.2625172228413807, -0.24540098183017778, 0.5256856146395863, 0.07230717991148267, 0.14005788495818666], [0.22755535015377337, -0.0319066718215595, 0.4877463463301436, -0.12383814242806453, 0.21147707348982703, 0.24548314686273287, 0.5874726335764608, -0.15492062575979432, -0.5881491588531021, -0.7793994581817856, -0.5429138784797964, 0.026585674965521486]], "inverted": false, "swapped": true, "error_lsq": 0.04796328888632217, "error_max": 0.28964124699682753, "target": "1040.xyz", "model": "11.xyz", "model_rescale": 3.6694154284099745, "target_rescale": 3.9340082936860346},
{"mapping": [12, 7, 5, 9, 0, 6, 1, 4, 10, 8, 11, 2, 13], "R": [[-0.47236177901025234, -0.23100707113190577, -0.850593958841308], [0.1774408572697107, -0.9702087154479881, 0.16495390459202686], [-0.86335919054682, -0.07301220141746141, 0.49927960757727363]], "T": [-0.07873238735897096, -0.08210820908542488, -0.04596671280833846], "aligned_model": [[-0.5524856178454027, 0.17871283636920016, -0.48343884792423986, 0.681936680574115, -0.6873139357468069, -0.07954988545025372, -0.6193549807746412, -0.15370024401571902, 0.0947222611125567, 0.46723735164184726, 0.5085998218293005, -0.11865726161785053, -0.17832646501372101], [0.20716063014018343, -0.35108108360840323, -0.5931267960688362, -0.015075595937690783, -0.36230295274403357, -0.6426876620227611, 0.3951490131137965, -0.22033902929376492, 0.2882916503379875, 0.3597421985362217, -0.3878889593230176, 0.5631813289118643, -0.0980241889909815], [-0.437948747502823, -0.6890381458699715, -0.5146280799071128, -0.29411075314476387, 0.20274450329059246, 0.02889878054485928, 0.3972332978513636, 0.6771865977442132, -0.5320183729959954, 0.23560585810554352, 0.2804803085308583, 0.04525274760979141, 0.022878962860162555]], "inverted": true, "swapped": false, "error_lsq": 0.03739511993621391, "error_max": 0.21816267013510962, "target": "1040.xyz", "model": "12.xyz", "model_rescale": 3.9764082729961374, "target_rescale": 3.9340082936860346},
{"mapping": [7, 8, 2, 11, 9, 1, 5, 12, 3, 13, 10, 6, 15], "R": [[0.19838493823270675, 0.1046085914357928, -0.9745257610141584], [-0.5428741064658249, -0.8161110802046306, -0.19811716052922607], [-0.8160460286107256, 0.568348262392919, -0.10511485063306875]], "T": [-0.14452605963153975, 0.02169874076050865, -0.005035184531529006], "aligned_model": [[-0.5333255176640033, 0.1981464015008666, -0.4128850341986543, 0.6179751635480046, -0.5841505025328523, -0.11852258344014904, -0.76789713100548, 0.013834233130766593, 0.18737918244712531, 0.2821669807367719, 0.43313448302935464, -0.1012301370904089, -0.156243825322957], [0.04453989093948499, -0.35241326948682056, -0.5818380396369609, 0.015640082141158973, -0.2437404911460086, -0.6068832855939941, 0.3153548262686586, -0.253942830063693, 0.2397821741539614, 0.25118997666819304, -0.5315086859875837, 0.7490355784072444, 0.09778262638692407], [-0.6526052287855495, -0.49724309265441824, -0.4522334955556907, -0.22662010291462475, 0.30764914492265194, 0.0817463436356245, 0.472456717654104, 0.5482796237449812, -0.7471416281591513, 0.3687928081732828, 0.07506936840861472, 0.22467200602329437, -0.08028550737640117]], "inverted": true, "swapped": false, "error_lsq": 0.050881708039585104, "error_max": 0.2806836343811991, "target": "1040.xyz", "model": "13.xyz", "model_rescale": 4.170626492500431, "target_rescale": 3.9340082936860346},
{"mapping": [0, 3, 2, 9, 4, 6, 8, 12, 1, 10, 11, 7, 13], "R": [[-0.4670155776995238, -0.32982652946643, 0.820433367584541], [0.7964258806497343, -0.5600222287228294, 0.22821244481318387], [0.38419040437948926, 0.759993134045595, 0.5242214888635139]], "T": [-0.11840207399802755, -0.10835257565148565, -0.05392520443428213], "aligned_model": [[-0.44130444599098323, 0.19751103494419348, -0.5672126969483757, 0.6378794991477823, -0.7243984132031189, -0.02154034478462767, -0.4746237679305884, -0.11622355577351257, 0.15751180095864692, 0.17127783057643942, 0.4849765265818358, -0.18292321981410042, -0.06254853462520611], [0.21167957435112555, -0.4528869400174112, -0.4075397343981192, 0.16650333232201797, -0.2675081634263064, -0.9437760304956386, 0.3408873788527286, -0.1429048970095005, 0.3272300775456543, 0.23798322831827495, -0.4414352974817042, 0.6995362219338717, -0.18477019744442894], [-0.440152970983907, -0.5608458923128808, -0.430738468537845, -0.1477273922341325, 0.27849180226528464, -0.040706901209703286, 0.4181403215828081, 0.6771750023317198, -0.6239723566379215, 0.2844021056504589, 0.10307739398881637, -0.07806055956891042, -0.01654512721706957]], "inverted": false, "swapped": false, "error_lsq": 0.04620664805531681, "error_max": 0.3014704225718319, "target": "1040.xyz", "model": "14.xyz", "model_rescale": 3.9786697098870705, "target_rescale": 3.9340082936860346},
{"mapping": [0, 1, 11, 6, 8, 9, 5, 10, 7, 4, 3, 12], "R": [[0.20667325395038194, -0.618512494823625, -0.7581084749879903], [-0.9426530674509889, -0.33343452764620113, 0.015053577601232992], [-0.26209036710036204, 0.7115221075415787, -0.6519546993103029]], "T": [0.0454772750786175, 0.04414944734133628, -0.02478551268434779], "aligned_model": [[-0.04505310307864273, -0.6816704768051569, 0.596574682068266, 0.7433064181940775, -0.1738223066705465, 0.26704043112687376, -0.37334982044148485, -0.21663203224283473, 0.49772762537620946, 0.1719912403993344, -0.27408496951338707, -0.02867309164537174], [-0.34965497918564614, 0.1021312509540755, 0.1477319335512109, -0.5047499596212773, 0.3396908991169166, 0.40360133375650425, -0.40097689475473886, 0.3487058149080834, -0.08515483834148557, -0.606349945648056, 0.7171538483764993, -0.09745397288764673], [-0.5954252661121865, -0.1517224918209034, -0.5885768956740207, -0.16224879334146683, -0.5598022646372571, 0.02225403009784279, 0.4939311304204841, 0.5584207883027534, 0.4201618920161898, 0.2094679107945769, -0.035402083256756735, 0.04890853708457412]], "inverted": true, "swapped": true, "error_lsq": 0.05578199051157826, "error_max": 0.3238710152958436, "target": "1040.xyz", "model": "15.xyz", "model_rescale": 3.769337070930944, "target_rescale": 3.9340082936860346},
{"mapping": [0, 11, 1, 8, 2, 4, 5, 7, 10, 3, 12], "R": [[-0.34295706650514135, -0.7913498521145889, 0.5061085477369519], [0.4306812222392796, -0.611286001328389, -0.6639601715392491], [0.8348018539418013, -0.009738384782254084, 0.5504643753388265]], "T": [-0.07075126457810474, -0.07713600476655699, 0.07814203873757489], "aligned_model": [[-0.2916704539240369, -0.6043912093565247, -0.18181149808470468, -0.6685703387700764, 0.36377734415158336, 0.4998702749656312, 0.6252125755222113, 0.3477279212488654, 0.2256479979081836, -0.4684107789423222, 0.07524429597236051], [-0.13842226526584686, -0.654781448551302, 0.6262359006785397, 0.13688446108088173, 0.4782646526263302, -0.3109906778788374, 0.2945062098875407, -0.49230952718127274, 0.30888036806601904, 0.3745441373793579, -0.026747313216068498], [-0.5824229542543911, -0.03955484985830504, -0.12471832322631676, -0.05782698668334957, -0.5782288876612984, -0.2591011384871408, -0.06376268198517535, 0.3459746131293715, 0.5926556893084868, 0.5174820248289371, -0.006278897887041751]], "inverted": false, "swapped": true, "error_lsq": 0.05848644079676155, "error_max": 0.2970073420992688, "target": "1040.xyz", "model": "16.xyz", "model_rescale": 3.7852294659196426, "target_rescale": 3.9340082936860346},
{"mapping": [2, 11, 7, 9, 5, 6, 1, 4, 8, 0, 10, 3, 12], "R": [[0.44324376621124095, 0.5149154414542365, -0.733755444182095], [0.2994675253355787, -0.856586949242371, -0.42021185092406965], [-0.8448989081447906, -0.03347964366053913, -0.5338772784789628]], "T": [-0.09670154107722675, -0.0018008140267631867, -0.04773833144553296], "aligned_model": [[-0.5035109168798134, 0.031248576367661124, -0.5553598545319667, 0.7448850278061296, -0.4610390818880915, -0.14502169531425166, -0.7179130685004068, -0.06692569315830585, 0.270226726042443, 0.33802976617735125, 0.4129096000832315, -0.2672696457902718, -0.021878027275324133], [0.18418167839764418, -0.3052223806712852, -0.4571117970916654, -0.025775758700311624, -0.3451181385574341, -0.8878261700432608, 0.1882881790978282, -0.041721112272545074, 0.31710201821573736, 0.37848315889601686, -0.5821125393868358, 0.769852108048922, -0.0500206928822458], [-0.46487579715795735, -0.7030979234056238, -0.31931054168757406, -0.2437460726571526, 0.3784076313340953, -0.05191769650894059, 0.18077111504740356, 0.6588778683109341, -0.48117868677569525, 0.3157722546032278, 0.1820221122646304, 0.04144496670615181, -0.07063227295678158]], "inverted": false, "swapped": false, "error_lsq": 0.04720107334461808, "error_max": 0.31088018512054877, "target": "1040.xyz", "model": "17.xyz", "model_rescale": 3.901054581598922, "target_rescale": 3.9340082936860346},
{"mapping": [3, 6, 1, 11, 8, 4, 2, 5, 12, 9, 10, 13, 14], "R": [[0.41462807463796636, 0.014003945904487058, 0.9098832063628369], [0.15030228484646369, 0.9850945862654223, -0.0836533279701922], [-0.8974924974014798, 0.17144254317309998, 0.4063430465732056]], "T": [-0.1321653862022376, -0.10600459621301107, -0.08999993432952559], "aligned_model": [[-0.48880828334309134, 0.20669818710924587, -0.45984011476336806, 0.5965974629793215, -0.5254924570376577, -0.10366260685219864, -0.7731500652870982, -0.14160481622227522, 0.145523070420021, 0.34659876698238395, 0.4982350159753053, -0.1493248282424819, -0.09338761857972157], [0.5063301138906586, -0.4999089679424986, -0.5751087381350588, -0.0424969218471795, -0.42143279005392004, -0.8656715766918359, 0.2788561875182436, 0.08502813340525996, 0.44875071729088234, 0.20980880227188692, -0.481027665323591, 0.5688974412588444, -0.0690261825911275], [-0.375057711339745, -0.6319746292047671, -0.4878141192573696, -0.4087513639358811, 0.3415288851230842, 0.12832926722014226, 0.2632123535546175, 0.5045616187254206, -0.49879177289183807, 0.2344016752489798, 0.2766153663579034, 0.17779661468816454, -0.10151922717199334]], "inverted": false, "swapped": false, "error_lsq": 0.048918184239397984, "error_max": 0.2940347856742661, "target": "1040.xyz", "model": "18.xyz", "model_rescale": 3.9405287249114394, "target_rescale": 3.9340082936860346},
{"mapping": [12, 7, 0, 9, 1, 6, 3, 10, 13, 11, 5, 14, 15], "R": [[0.4069382761427083, 0.9019448613847951, -0.14455693145457807], [0.14253746786530413, 0.09361499564138467, 0.9853523749631962], [0.902266207759411, -0.4215823758325604, -0.09046541174849924]], "T": [-0.12494395447874634, -0.08723585414662922, -0.14885315647043051], "aligned_model": [[-0.5587695165144146, 0.2626443416466998, -0.45561294173152606, 0.6260297710453626, -0.6467290887512951, -0.16745058607878321, -0.7406036780333527, -0.04415123814246777, 0.18525613167526506, 0.4344801629302015, 0.4442752752586994, -0.16268052254394472, -0.11830639762205913], [0.20641084031226942, -0.22871646921130273, -0.6372800184947335, -0.1316659546116698, -0.3843720650743194, -0.7772950026104579, 0.22267323508541437, 0.1995042827972271, 0.4543687025219962, 0.24565894690313622, -0.5785758732019076, 0.6454662576183849, -0.09317832898347272], [-0.3091842600255158, -0.7192776450829356, -0.39539665383300115, -0.30075535099586026, 0.12495292415443787, 0.13451059118197206, 0.35149477854878797, 0.5785783989345783, -0.39738938344306446, 0.1600787295417987, 0.2058820925967229, 0.09906321838596105, -0.11002048284716365]], "inverted": false, "swapped": false, "error_lsq": 0.04491569105658894, "error_max": 0.2902812428500313, "target": "1040.xyz", "model": "19.xyz", "model_rescale": 4.410303926677745, "target_rescale": 3.9340082936860346},
{"mapping": [3, 11, 10, 4, 8, 9, 1, 7, 6, 2, 12, 0, 13], "R": [[-0.45043436679110527, -0.8843644011320457, 0.12250913118561471], [0.2405034188263506, 0.011955764865658025, 0.9705746572105178], [-0.8598063658442714, 0.46664404603169984, 0.20730737458380905]], "T": [-0.12210155288475412, -0.007981894646323345, -0.060759361449477904], "aligned_model": [[-0.48963651410200115, 0.3527612279546601, -0.5522088917309383, 0.561669967595243, -0.5375697964233506, -0.12284830064607408, -0.46740946979743586, -0.022519001436470107, 0.11947301519980137, 0.2703023793572762, 0.33549744653552, -0.2193555498426614, -0.16977479952518448], [0.40354091130054737, -0.4762742339560291, -0.5247748635392842, 0.07784226996551084, -0.5359299885406377, -0.696154056173573, 0.29192052176369876, -0.1107672358424299, 0.1783718677067548, 0.41745073345763595, -0.5153045514647219, 0.7013172485903715, -0.06824007021727954], [-0.5314288082707666, -0.5530407330358726, -0.5330587552461294, -0.20283017324062586, 0.3130247074614302, -0.07734987847904581, 0.5341699405026523, 0.6366441473199881, -0.55413530988044, 0.26116448150043814, 0.26157868299587594, -0.08516751586855131, -0.04703382864223497]], "inverted": true, "swapped": false, "error_lsq": 0.05206886330934601, "error_max": 0.25193416242911326, "target": "1040.xyz", "model": "20.xyz", "model_rescale": 4.121658175737393, "target_rescale": 3.9340082936860346},
{"mapping": [6, 9, 8, 11, 5, 5, 1, 3, 10, 4, 7, 2, 12], "R": [[0.7635541105187, -0.05672733801359825, -0.6432473314611481], [0.36164276152278824, 0.8628279314719873, 0.35318900564703826], [0.5349762923234719, -0.5023046583435822, 0.6793308449188573]], "T": [-0.10263051570717474, -0.04505681468097268, -0.0639274553572578], "aligned_model": [[-0.5292005704792974, 0.2262477907147184, -0.49231632249704654, 0.7762212814991131, -0.4069353287397752, -0.4069353287397752, -0.6466024552363077, 0.13051360136736648, 0.14720478234415668, 0.25822749344664836, 0.32738082267060575, -0.2356076495485388, -0.0898164036634831], [0.24511833965566987, -0.3785363498265194, -0.42991096863281736, -0.08891859003876147, -0.6070289826196238, -0.6070289826196238, 0.1580135101338131, 0.0014749935665778896, 0.39018562159260506, 0.3905949979959088, -0.4921263938252839, 0.6653029919632218, -0.1041416342946023], [-0.45947875449495956, -0.6146481961913208, -0.45601845861929063, -0.08019602476946275, 0.17163441170587923, 0.17163441170587923, 0.3171654967921796, 0.5888506956578674, -0.661271064330549, 0.03157436278147821, 0.2224937379358753, 0.16827431291524417, 0.0225220260278977]], "inverted": false, "swapped": false, "error_lsq": 0.05997119972508547, "error_max": 0.357495502143533, "target": "1040.xyz", "model": "21.xyz", "model_rescale": 4.08911054899281, "target_rescale": 3.9340082936860346},
{"mapping": [2, 13, 0, 12, 8, 6, 11, 5, 14, 9, 10, 15, 16], "R": [[-0.8776823990484203, -0.4742970128442051, 0.068672774865107], [-0.027264437267535274, -0.09364562589328335, -0.9952322076839857], [0.4784665681749294, -0.8753701162126334, 0.06925967644153758]], "T": [-0.12485417797493424, -0.06972931993718327, -0.129128371011982], "aligned_model": [[-0.5598381187810654, 0.22988469043206927, -0.4776244100680591, 0.5986454077803239, -0.5645282666136084, -0.26545097635330756, -0.5292439652193538, 0.05095624728876251, 0.24142068772671738, 0.3939569431653487, 0.4349001967557762, -0.3688258731481926, -0.12587084982702657], [0.29407736268298723, -0.24995450360133037, -0.6504633656564687, -0.05166033452830476, -0.29323990230682306, -0.7638526083668161, 0.27074187958982837, -0.09650524965543603, 0.42530245528475036, 0.20971349277085416, -0.4698219432919005, 0.6164211006034066, -0.09775983047418291], [-0.5759924423971488, -0.6567733126562483, -0.501123706561701, -0.2747009206645471, 0.3582028648108501, 0.10322809930195725, 0.42444302684334284, 0.5535888456337452, -0.309707578627149, 0.27123939313680906, 0.2924595105997983, -0.09474188761469601, -0.1675849346882948]], "inverted": true, "swapped": false, "error_lsq": 0.045290980318038764, "error_max": 0.2969047988741764, "target": "1040.xyz", "model": "22.xyz", "model_rescale": 4.204369325754507, "target_rescale": 3.9340082936860346},
{"mapping": [12, 7, 0, 9, 1, 6, 3, 10, 13, 11, 5, 14, 15], "R": [[0.4069382761427083, 0.9019448613847951, -0.14455693145457807], [0.14253746786530413, 0.09361499564138467, 0.9853523749631962], [0.902266207759411, -0.4215823758325604, -0.09046541174849924]], "T": [-0.12494395447874634, -0.08723585414662922, -0.14885315647043051], "aligned_model": [[-0.5587695165144146, 0.2626443416466998, -0.45561294173152606, 0.6260297710453626, -0.6467290887512951, -0.16745058607878321, -0.7406036780333527, -0.04415123814246777, 0.18525613167526506, 0.4344801629302015, 0.4442752752586994, -0.16268052254394472, -0.11830639762205913], [0.20641084031226942, -0.22871646921130273, -0.6372800184947335, -0.1316659546116698, -0.3843720650743194, -0.7772950026104579, 0.22267323508541437, 0.1995042827972271, 0.4543687025219962, 0.24565894690313622, -0.5785758732019076, 0.6454662576183849, -0.09317832898347272], [-0.3091842600255158, -0.7192776450829356, -0.39539665383300115, -0.30075535099586026, 0.12495292415443787, 0.13451059118197206, 0.35149477854878797, 0.5785783989345783, -0.39738938344306446, 0.1600787295417987, 0.2058820925967229, 0.09906321838596105, -0.11002048284716365]], "inverted": false, "swapped": false, "error_lsq": 0.04491569105658894, "error_max": 0.2902812428500313, "target": "1040.xyz", "model": "23.xyz", "model_rescale": 4.410303926677745, "target_rescale": 3.9340082936860346},
{"mapping": [7, 14, 11, 6, 10, 9, 3, 4, 13, 5, 15, 0, 16], "R": [[-0.6880334134835397, 0.39109361257176034, 0.611273922342315], [-0.5500388062052949, 0.2684028869638908, -0.7908332326968204], [-0.4733575113996215, -0.8803440670982108, 0.03044650926688469]], "T": [-0.10967871585027508, -0.06226860302908723, -0.05785203340439447], "aligned_model": [[-0.40319768786822596, 0.2125317042534189, -0.4526661880238386, 0.6040135790116091, -0.5480144765110395, -0.08700808899989368, -0.6833348957352187, -0.12988437230291125, 0.20883451766875497, 0.34093631655855317, 0.46163684230518653, -0.2677651031696767, -0.19770043404833368], [0.3065382950968175, -0.4678749415791582, -0.4192276584484674, 0.0557857191406169, -0.4389786857506567, -0.6858997526998775, 0.2970248642928419, -0.02585998705451254, 0.13770235594297103, 0.19156102906415975, -0.4681935620651474, 0.6673096403848738, -0.006888763273896752], [-0.5266366125477061, -0.49352844235861115, -0.4523914019049989, -0.291528251774229, 0.2417063428388218, -0.003169170760935744, 0.5346661319320454, 0.6292800624267378, -0.6517775838483741, 0.3000846144350383, 0.07682406497922901, 0.05664727649512749, 0.0023599272045729744]], "inverted": false, "swapped": false, "error_lsq": 0.044561812418197164, "error_max": 0.2641953754143456, "target": "1040.xyz", "model": "24.xyz", "model_rescale": 4.28219845311461, "target_rescale": 3.9340082936860346},
{"mapping": [2, 9, 12, 3, 10, 11, 6, 8, 4, 1, 5, 0, 15], "R": [[-0.002953591672287925, 0.9300084494396714, 0.3675262715331408], [-0.06994872676913991, -0.36681978099039847, 0.9276585707562521], [0.997546215430448, -0.022968070118640216, 0.06613634277321079]], "T": [-0.0994165058350613, -0.09599481151199188, -0.20947514888639907], "aligned_model": [[-0.6207945885257331, 0.3019949940405266, -0.45673339024072285, 0.6504073617851925, -0.5213500095196459, -0.23511161150946625, -0.6026799673224367, -0.055356646779855426, 0.15668594602164587, 0.3490778111041859, 0.39127106050141264, -0.1917498743457055, -0.10727937207101294], [0.3189527753160688, -0.58115131516548, -0.686894542345162, 0.0828711039829236, -0.4005777022968, -0.6023215861254891, 0.3054977128873121, -0.11463321314695168, 0.5170330931440041, 0.1594249105001507, -0.5108231561644125, 0.6796545943809121, -0.024034121916511525], [-0.3668391201863371, -0.4551693869328449, -0.5374721800512289, -0.28574110905864397, 0.3896126576474166, -0.06217577056422385, 0.42118068129694364, 0.48309787667361603, -0.5148550684812768, 0.16932692624929646, 0.34947371964261276, 0.025889929732475225, -0.19379219885108728]], "inverted": true, "swapped": false, "error_lsq": 0.04796860929610798, "error_max": 0.3277034684896448, "target": "1040.xyz", "model": "25.xyz", "model_rescale": 4.100010024507729, "target_rescale": 3.9340082936860346},
{"mapping": [2, 1, 10, 3, 4, 7, 5, 9, 8, 11, 0, 12], "R": [[0.8947214559716862, 0.3077328237274889, 0.32368816077300766], [-0.42089764186751, 0.33854477225148905, 0.8415655721639026], [0.14939441520443636, -0.8892063575919225, 0.4324272913725854]], "T": [0.06643172876532422, 0.15279837125299117, -0.0854283976174869], "aligned_model": [[-0.7165993177354055, -0.09013644915887944, 0.419460675381906, 0.6172729387349479, -0.4609786087935256, 0.15897859717342516, -0.34001983847157713, 0.4709576404008914, 0.1683586269328152, 0.17440245531817256, -0.45619204301542116, -0.06873907440434263], [-0.3130463978555101, -0.5688944788026598, -0.067262382341091, -0.34746787431519094, 0.5101712677839676, 0.7015795639587477, -0.0041152288980831064, 0.2625172228413807, -0.24540098183017778, 0.5256856146395863, 0.07230717991148267, 0.14005788495818666], [0.22755535015377337, -0.0319066718215595, 0.4877463463301436, -0.12383814242806453, 0.21147707348982703, 0.24548314686273287, 0.5874726335764608, -0.15492062575979432, -0.5881491588531021, -0.7793994581817856, -0.5429138784797964, 0.026585674965521486]], "inverted": false, "swapped": true, "error_lsq": 0.04796328888632217, "error_max": 0.28964124699682753, "target": "1040.xyz", "model": "26.xyz", "model_rescale": 3.6694154284099745, "target_rescale": 3.9340082936860346},
{"mapping": [2, 6, 1, 3, 0, 5, 4, 8, 12, 9, 7, 11, 13], "R": [[-0.9440964883061741, -0.32915332438002803, -0.01843664333674891], [-0.03342619079934714, 0.1512115219214255, -0.9879361140310907], [0.32797028910649223, -0.9320907491697268, -0.15376060866041608]], "T": [-0.07451173049777136, -0.040249955035390333, 0.05818418734753415], "aligned_model": [[-0.5389902941014217, -0.06355601209576478, -0.19305492255632845, 0.6384631917934075, -0.6552054965508388, -0.26494401056619254, -0.7543060878678735, -0.024414132577394727, 0.23351227758359905, 0.4790351314831852, 0.3849366330266791, -0.06801135647665603, -0.1150832079560157], [0.2884931974351044, -0.13586547285382997, -0.7489642371555356, -0.17615991369866416, -0.32615704951229807, -0.7875449709232376, 0.07203996133307852, -0.08321629316984781, 0.414749768476535, 0.3106857321194133, -0.45741269371265847, 0.7862573003337178, -0.013906775621212994], [-0.3137260839004292, -0.6214687217104637, -0.4549612419717225, -0.29681787413039223, -0.07592482252137615, 0.23500105774816898, 0.5062926300917641, 0.693795166563574, -0.5143795867484252, 0.24604996534495027, 0.1631173824405523, -0.17207430045476485, 0.0276333863652819]], "inverted": true, "swapped": false, "error_lsq": 0.06153308931271113, "error_max": 0.343792882713875, "target": "1040.xyz", "model": "27.xyz", "model_rescale": 4.103607728864725, "target_rescale": 3.9340082936860346},
{"mapping": [13, 10, 12, 6, 2, 3, 4, 1, 11, 7, 5, 8, 14], "R": [[-0.7415528342481363, 0.46909641279070563, 0.47963314056208417], [0.6697172055993714, 0.4752575724058891, 0.5706216823737339], [0.039727302233167255, 0.7443646924577717, -0.6665905385463564]], "T": [0.027720487892218135, -0.16444581964295224, -0.1698579301420654], "aligned_model": [[-0.4359252286084685, 0.17491538155258707, -0.7332400752542477, 0.6276383016235534, -0.578082206305, -0.268823663604172, -0.685222398358808, -0.06386167698325197, 0.21267526363675776, 0.3459582099556334, 0.612864368419584, -0.13697237240317423, -0.013542190532608508], [0.21378103400936754, -0.4409033287392223, -0.4735975765250837, -0.02096624796378216, -0.3671344022457871, -0.8438358824408935, 0.23785512991783098, -0.12236951319915607, 0.38132795813902265, 0.34124846932492514, -0.1451210362314886, 0.5811518462841131, -0.19843789727928193], [-0.4185537879695185, -0.5719526767508103, -0.4201733904661148, -0.3140088653816478, 0.19516417934984853, -0.051445256194112, 0.2193408289272124, 0.7204808388597336, -0.5440022176491259, 0.2339728313466365, 0.2687462219237177, 0.1288733188735916, -0.023905067752692855]], "inverted": false, "swapped": false, "error_lsq": 0.05221214231781447, "error_max": 0.36290908541735445, "target": "1040.xyz", "model": "28.xyz", "model_rescale": 4.137296879288765, "target_rescale": 3.9340082936860346},
