[{"mapping": [1, 0, 8, 4, 3, 9, 7, 5, 6, 10, 11], "R": [[0.9305777199533345, -0.3624405738556123, 0.0515939681519849], [0.36325963610001627, 0.9316603798178331, -0.007167528037941649], [-0.04547025298958968, 0.025411947995095205, 0.9986424229884074]], "T": [-0.007147663670027251, 0.11954526068128475, -0.060293148612779235], "aligned_model": [[0.43144823380775643, -0.14803507354319523, 0.5056478049311028, -0.2992667484001468, -0.3696437822312141, 0.014830186179337696, -0.03848697020173293, -0.3764712228152498, 0.49171770493574335, -0.5653473525248311, -0.02932443244385933], [-0.43390426213558636, -0.2582335109418295, 0.4920085813383933, 0.46691413667624065, 0.7046251607555628, 0.5155729026353048, -0.5359598403816569, -0.6234946374086259, 0.04341180522420514, 0.07083460197733663, 0.06293333024209491], [-0.11693080329930461, -0.529574867254857, -0.09791458981905393, -0.728387282002659, -0.07791669377463842, 0.4001799834506479, 0.6223005960205763, -0.046945825407391215, 0.45979485203802417, 0.3241567506665577, -0.09399086584707658]], "inverted": false, "swapped": false, "error_lsq": 0.048565669649906204, "error_max": 0.2867864419842262, "target": "1042.xyz", "model": "0.xyz", "model_rescale": 3.751011558992144, "target_rescale": 3.89955569357222},
{"mapping": [6, 7, 9, 3, 2, 5, 4, 1, 10, 8, 14], "R": [[0.4626822739103252, 0.09301131586545607, 0.8816314471082277], [-0.4506273090909928, 0.8810974092191466, 0.14353530495567723], [-0.7634527763461091, -0.4636984479036832, 0.4495815918174737]], "T": [-0.005468217998941795, 0.07563233605775808, -0.056294697721830086], "aligned_model": [[0.31963289218953206, -0.005779811678072934, 0.48534399538783196, -0.2952108824310895, -0.6243174962962117, -0.022578713202613017, -0.052470779611010966, -0.3562828005929763, 0.5741479785986805, -0.4422498190783516, 0.03683378440799261], [-0.5824041041111009, -0.29826968454002534, 0.5026686264825609, 0.39897557974658043, 0.6239390276332796, 0.5915757309904066, -0.3903947570194908, -0.5239270514224083, -0.022613063847862547, 0.10915146870911985, 0.09600649536037986], [-0.2144814760386617, -0.6039024092266244, 0.04826628536886972, -0.6847087528489619, -0.06740526532941797, 0.29526709083727753, 0.5810305549001584, -0.11235911566777447, 0.5154103435083065, 0.44221964795407986, -0.08456564868642619]], "inverted": false, "swapped": false, "error_lsq": 0.04472988624332372, "error_max": 0.23454153412607753, "target": "1042.xyz", "model": "1.xyz", "model_rescale": 3.9405287249114394, "target_rescale": 3.89955569357222},
{"mapping": [2, 5, 8, 9, 11, 3, 1, 0, 4, 6, 12], "R": [[-0.24528511298075856, 0.47666391261486424, 0.8441722145159161], [-0.26674082329244114, 0.8039802720368847, -0.5314744164724843], [-0.9320324814829617, -0.35553795379141473, -0.07005866737618312]], "T": [-0.04924185060827639, 0.09593146483056209, 0.11649929912555741], "aligned_model": [[0.20625148813180438, -0.22816427812001727, 0.5311819797630277, 0.1210127127382906, -0.5662834203633015, -0.035615606268997166, 0.173077194727976, -0.5860005133824082, 0.5454976792800548, -0.5578818873323258, 0.013992998519607863], [-0.433244896259743, -0.21849414661247119, 0.5511924269596535, 0.5097032095831191, 0.3130541063544048, 0.5756398515646935, -0.5592680752074004, -0.5446320873036785, 0.17014917188293688, 0.09923787827543323, 0.04137082874449137], [-0.22826897123046025, -0.5137384180722706, -0.12127244774139025, -0.5544607846306625, -0.32297773408567987, 0.4271339200727957, 0.5018746190061715, 0.04942872517565938, 0.48046680513523543, 0.30788914750031554, 0.08869639364111151]], "inverted": true, "swapped": false, "error_lsq": 0.056657807886334725, "error_max": 0.32075611685202693, "target": "1042.xyz", "model": "2.xyz", "model_rescale": 3.932901565614263, "target_rescale": 3.89955569357222},
{"mapping": [0, 3, 8, 11, 10, 9, 4, 1, 7, 6, 13], "R": [[0.9278581679167666, -0.3595527797926844, -0.09900009481558752], [-0.13949614328912874, -0.08842127153847137, -0.986266954098625], [0.34586131069780096, 0.9289259805188322, -0.13219862510452185]], "T": [-0.03863728346246553, 0.03708908906622274, 0.028609297867678712], "aligned_model": [[0.11445862056825468, 0.278294770334939, 0.4361816762213598, -0.21697231609744907, -0.6826207932399855, 0.2088465176603007, 0.09464509058937295, -0.4883234772979067, 0.5680423793210685, -0.5832471202811819, -0.11223700008506143], [-0.6104214238872693, -0.09484772161776453, 0.49148048484592843, 0.5456041616433737, 0.31571380848464103, 0.6484290430787318, -0.5370085045131874, -0.4151429398158789, 0.07994819105796289, -0.016789731120074758, 0.09774289982497673], [-0.05039772034418073, -0.3493222162238506, -0.29828845449236696, -0.6836531084576608, -0.11560909612167022, 0.3523501945715951, 0.6734923619585352, -0.34826885225398285, 0.40256842864063025, 0.4374973743108327, 0.09440234318294377]], "inverted": true, "swapped": false, "error_lsq": 0.06126663074744943, "error_max": 0.35189116499102036, "target": "1042.xyz", "model": "3.xyz", "model_rescale": 3.9243930471874484, "target_rescale": 3.89955569357222},
{"mapping": [10, 3, 7, 2, 0, 1, 11, 6, 9, 5, 12], "R": [[0.3534567450065109, 0.9209642269688745, 0.1639915304307695], [0.050604870808859004, 0.15622601492435262, -0.9864241376361766], [-0.9340810866620848, 0.3569570350959337, 0.008613862995159635]], "T": [0.12880447358525926, -0.037945675348680166, 0.0187992419512681], "aligned_model": [[0.4198806340704475, -0.23216383345245545, 0.4427054148846376, -0.08274556726122667, -0.5138163141496284, 0.0037944006258575635, 0.06844800515237393, -0.43549997894048986, 0.4702485798916875, -0.5492978506415801, 0.025514857514087788], [-0.6468572428231222, -0.17195567492656033, 0.6508923570928112, 0.5582107613318796, 0.47667016939086954, 0.5993878703555607, -0.5818398917819984, -0.48854209626908035, -0.013469112611183547, 0.10936713508303074, 0.012843993139232276], [-0.18523284207458168, -0.5331940294679918, -0.24556248566011551, -0.6528097019556499, -0.19458165896206137, 0.3160175677005899, 0.5903499916106618, 0.012485364374801357, 0.6356494765479946, 0.32227786316823664, 0.049371709488941116]], "inverted": false, "swapped": false, "error_lsq": 0.03951634407628967, "error_max": 0.23005337301341724, "target": "1042.xyz", "model": "4.xyz", "model_rescale": 3.8936222436046832, "target_rescale": 3.89955569357222},
{"mapping": [6, 9, 8, 3, 2, 10, 5, 1, 7, 4, 11], "R": [[0.5794356086551844, 0.1293910765540528, 0.8046815051500683], [0.565538829931985, 0.6471097060904987, -0.5112874535157594], [-0.5868732463331051, 0.7513367937161415, 0.30178272837720665]], "T": [-0.0017603784533892913, 0.09678163220118596, -0.07144691237886766], "aligned_model": [[0.3649288892018412, 0.21204590641428106, 0.5481412481591126, -0.12324975178401261, -0.6875553685171453, -0.015317264493403024, -0.10038528275548221, -0.5274226063904219, 0.47647275331372646, -0.4584188350133971, -0.07217134044138784], [-0.6036784541642244, -0.12790240140678658, 0.5033136066329843, 0.506748280912976, 0.3859831349872023, 0.6292491345773374, -0.47831085912734683, -0.48849652428547685, 0.07354896472612077, 0.1150200686431317, -0.010766683514478528], [0.026037837726715224, -0.6060868860190677, -0.3510945140927607, -0.45543872405321173, -0.01482370764895985, 0.2687911943041812, 0.49132534325906596, -0.22713078701235953, 0.36501710931165465, 0.5779797673897074, 0.04019462160585978]], "inverted": false, "swapped": false, "error_lsq": 0.052082850943686074, "error_max": 0.22724150093765919, "target": "1042.xyz", "model": "5.xyz", "model_rescale": 3.6523030999806103, "target_rescale": 3.89955569357222},
{"mapping": [2, 3, 11, 7, 5, 9, 6, 1, 10, 8, 12], "R": [[0.6756145217797261, 0.6312890719042106, -0.3808137676800466], [0.028444245966020187, -0.5384642174015245, -0.8421681610281812], [-0.7367061441523185, 0.5581490788960278, -0.3817507863721294]], "T": [-0.049844782521243136, 0.015814801474208925, 0.015565123402965555], "aligned_model": [[0.2689188214240962, 0.009714636201933871, 0.5621140447355424, -0.09209624319051031, -0.6887904621696447, 0.08837839895056404, -0.08439662222140067, -0.3930086611089373, 0.5442134670950728, -0.5002208004039371, -0.09775823161906799], [-0.6636992371188083, -0.06765061124548073, 0.5754743318124972, 0.5252878457882264, 0.19006007365889988, 0.6195985281177113, -0.3424101129426533, -0.5691103783289484, 0.00810747016585854, 0.18596747171314504, 0.04308288636099158], [-0.09784594468081721, -0.67154978945286, -0.279149326505764, -0.4377229647770619, -0.1434648535405951, 0.38839543161963674, 0.5569573501078526, -0.13435469669543562, 0.5212413387561254, 0.4866411406158757, -0.0743764306761315]], "inverted": false, "swapped": false, "error_lsq": 0.05388367114628346, "error_max": 0.3288504197118978, "target": "1042.xyz", "model": "6.xyz", "model_rescale": 4.08911054899281, "target_rescale": 3.89955569357222},
{"mapping": [4, 6, 12, 2, 1, 11, 8, 3, 10, 9, 14], "R": [[0.03694289600199818, -0.9838971885552632, -0.17487579817697696], [-0.7398493379337785, 0.09070587539322583, -0.6666298833146461], [0.671757530358935, 0.15400898195299453, -0.7245847458260951]], "T": [0.0641158945799452, 0.09348926124943309, -0.09085517757376481], "aligned_model": [[0.28529554581615624, -0.10550348960399965, 0.6169710367092376, -0.29210678836098775, -0.5368720848714083, 0.08018221790526546, 0.02213307344268526, -0.3930090379753923, 0.535530891830781, -0.5415022112334152, -0.054050805965211404], [-0.575784325361775, -0.1564081010174111, 0.5295813579813252, 0.3797931048423487, 0.5137076149479297, 0.47610059005793204, -0.3372275880400083, -0.5513701110753451, 0.058486758749622794, 0.03860436545553557, 0.12922460144128506], [-0.09224004069071277, -0.4882511253319276, 0.019493329440962007, -0.7551405474213488, -0.10412328313937454, 0.3539835654324595, 0.43627802357421586, -0.13140911976123615, 0.4530360097861047, 0.40388886335297636, 0.01925557952870642]], "inverted": true, "swapped": false, "error_lsq": 0.045092073211799776, "error_max": 0.2597391557441242, "target": "1042.xyz", "model": "7.xyz", "model_rescale": 3.964800864290218, "target_rescale": 3.89955569357222},
{"mapping": [0, 6, 10, 11, 12, 9, 1, 2, 5, 7, 13], "R": [[0.8987841561968939, 0.42039246417712045, -0.12432705511080952], [-0.07326790561541181, -0.13556388145054205, -0.9880557919737097], [-0.4322254672924408, 0.8971580742038453, -0.09104139341354148]], "T": [-0.011108835796177323, -0.028989158825463754, -0.03358683223836517], "aligned_model": [[0.15190258118941585, 0.113531261262971, 0.5620305979182838, -0.13766220912061677, -0.6186260012140659, -0.06969746345116859, -0.06590343385646114, -0.4729927035210794, 0.6625671830421506, -0.5203978770763282, 0.012316412520610016], [-0.7209335084941718, -0.10240306106858424, 0.5597198471373993, 0.5451918076459963, 0.41574797513020784, 0.6475761259530405, -0.45537407733495394, -0.49868665007092655, 0.15655114253510727, -0.06830499436182841, 0.0256236609101535], [-0.12190255799907526, -0.5953528585705583, -0.04176661383180686, -0.6179101895806725, 0.028111730889785427, 0.07903428003948662, 0.581484988335023, -0.10182382519156823, 0.42554946689463774, 0.4623285864266883, 0.017018247358884922]], "inverted": true, "swapped": false, "error_lsq": 0.04603708698554352, "error_max": 0.23554890330953343, "target": "1042.xyz", "model": "8.xyz", "model_rescale": 4.121658175737393, "target_rescale": 3.89955569357222},
{"mapping": [2, 6, 4, 9, 7, 5, 3, 8, 0, 11, 12], "R": [[-0.6704972693094191, -0.15889300864226713, -0.7246974704338501], [-0.7015236149258472, -0.18211038947187658, 0.6889850678699598], [-0.2414498489334467, 0.9703549957881445, 0.010637321044600856]], "T": [-0.05631786269714784, 0.04444128919774252, 0.06115201127736561], "aligned_model": [[0.20860355719165086, -0.06753790154856186, 0.6213009992685192, -0.129220373182182, -0.6527787099708863, 0.03313993206719489, -0.03038356855422753, -0.4644620545419906, 0.6491057457023605, -0.5720739822599213, 0.02137470352175521], [-0.5964506177716026, -0.07929994354998438, 0.5158407246040078, 0.5998112198740406, 0.33781281910827404, 0.6093944095748811, -0.4412659067817768, -0.4561994034776416, 0.12731618849388174, -0.13561273177232364, 0.02336150967968323], [0.09884359819254906, -0.620569536086526, -0.2655637182578582, -0.5548344180378674, -0.05451351262951594, 0.2946968271218019, 0.6825214051414691, -0.27549402423787916, 0.39928442158662614, 0.38458399673886146, 0.025816215239163866]], "inverted": false, "swapped": false, "error_lsq": 0.04968089895954153, "error_max": 0.29654663000349296, "target": "1042.xyz", "model": "9.xyz", "model_rescale": 3.833441315466971, "target_rescale": 3.89955569357222},
{"mapping": [13, 5, 3, 4, 6, 7, 10, 1, 8, 12, 14], "R": [[0.3779975864274692, -0.355182401493099, -0.8549639093696313], [0.16187017949360955, -0.8838999912931381, 0.4387697008485171], [-0.9115458680975492, -0.3042470493884625, -0.2766186242694079]], "T": [-0.03824336251036588, 0.036087585143661255, 0.08258428222702861], "aligned_model": [[0.37568924961488326, 0.04130610633264574, 0.41450280318844634, -0.18531255414083586, -0.5906948482140228, 0.12613784396039118, 0.053166532082502146, -0.6212458218510214, 0.5370599970430945, -0.5722545300953131, 0.03871356977294131], [-0.5815663999224361, -0.23864371975981227, 0.668765738872123, 0.4508655110969356, 0.345901219558829, 0.623000064473074, -0.4813286445865098, -0.3204465561037815, -0.05740147071326426, 0.0052970738325612, 0.09026545123372062], [-0.2052522838409262, -0.5303021620510611, -0.30350005180816714, -0.5824288793760324, -0.1624512986978695, 0.35170607128996606, 0.714785848107884, -0.19777347393734224, 0.6001219168954868, 0.3599001213320736, 0.06996544685681344]], "inverted": true, "swapped": false, "error_lsq": 0.04286743063513244, "error_max": 0.23874480967932454, "target": "1042.xyz", "model": "10.xyz", "model_rescale": 4.2482417240324, "target_rescale": 3.89955569357222},
{"mapping": [5, 7, 2, 3, 8, 1, 4, 9, 6, 10, 11], "R": [[-0.21124586621143462, -0.13183525617849606, -0.9685012386346914], [-0.12871436981026768, 0.9859851923486012, -0.10614052700848085], [0.9689209436341679, 0.10223827902328324, -0.22525438794711852]], "T": [-0.020607671864109944, 0.13047722882389579, 0.07816521225714002], "aligned_model": [[0.35657247601718817, -0.09980768411964827, 0.5798716700089659, -0.10772149958265309, -0.5329156490797816, -0.033574028707673814, 0.10075721367152893, -0.5157763578554352, 0.5141537555344153, -0.5942281664663476, -0.050263381726847585], [-0.5069277751922108, -0.14342904112074917, 0.46001290099165215, 0.5720877061134055, 0.4074037893251324, 0.8092789372412852, -0.5797801401244008, -0.508612961515311, 0.011874004187942294, -0.026721284899236364, 0.009522132973930217], [-0.046879448648471655, -0.5360488872546554, -0.2021704564282778, -0.5967147724957794, -0.11602553295219273, 0.2736304725926809, 0.5747984920983229, -0.08209271473783566, 0.4252179878052139, 0.3256536321680827, 0.0954024826237373]], "inverted": true, "swapped": false, "error_lsq": 0.03478745832176822, "error_max": 0.20083331147627934, "target": "1042.xyz", "model": "11.xyz", "model_rescale": 3.6694154284099745, "target_rescale": 3.89955569357222},
{"mapping": [2, 10, 11, 7, 5, 6, 1, 12, 4, 0, 13], "R": [[0.8394424514310356, 0.46127302921224267, 0.28733876044977885], [0.30040100265989067, -0.8344634711272738, 0.46198479732038156], [0.452874826344307, -0.30149279904432746, -0.8390509423080525]], "T": [0.05597346513452163, 0.058449758844563916, -0.05837269058463525], "aligned_model": [[0.24431132933998062, -0.020234368943848363, 0.6189404324949354, -0.21461185442264147, -0.6631042178294064, -0.0394060894236634, 0.044292588760892496, -0.46654343234584794, 0.40992275338854045, -0.3163663214674197, 0.019867528142189513], [-0.56414840573137, -0.21439392102798502, 0.5360125432282392, 0.41984309008555454, 0.41501282225260816, 0.5822047039101901, -0.5889768437891033, -0.3626396558321425, 0.13930981216490504, 0.10537684739488676, 0.03710727532565693], [-0.1150643810297201, -0.6269476457903074, -0.06390708664966295, -0.6485792336220976, -0.07736901004345481, 0.1325155792101722, 0.48676568215290517, -0.16527590363834466, 0.5864995470499194, 0.5498203676615678, 0.056313339469847956]], "inverted": false, "swapped": false, "error_lsq": 0.04746069707841882, "error_max": 0.2811899803289061, "target": "1042.xyz", "model": "12.xyz", "model_rescale": 3.9764082729961374, "target_rescale": 3.89955569357222},
{"mapping": [14, 13, 5, 12, 1, 0, 3, 11, 4, 8, 15], "R": [[0.7150950235105159, 0.6403764603387277, -0.28028038888680135], [0.17094099255008874, -0.5489822270734721, -0.8181672759426653], [-0.677804016229238, 0.5371559395571202, -0.5020410463119747]], "T": [-0.022512497290360083, 0.13773020825914933, -0.007792517317643624], "aligned_model": [[0.17308245028545613, 0.03918397929830001, 0.6198977703783654, -0.2293935619572205, -0.5561700919010213, 0.13445855869496753, -0.1370607971495211, -0.43734539802522676, 0.5777527966154263, -0.6012395390488304, 0.03390218050301585], [-0.6304001743689485, -0.17453315898888994, 0.6427117426495035, 0.36002619309946726, 0.47450834526814734, 0.6882069387755625, -0.5031661449301872, -0.5301566726994322, 0.21137949627787983, -0.11380125497060128, 0.07993295786893828], [-0.11039062325286532, -0.5304450600631658, -0.19521344398614116, -0.5690395708996179, -0.07929521942118138, 0.43879833597547147, 0.5256622593800594, -0.11908257734424386, 0.3796621007807369, 0.31073498666205845, 0.06338006693971442]], "inverted": false, "swapped": false, "error_lsq": 0.045945351226391026, "error_max": 0.2213818820575915, "target": "1042.xyz", "model": "13.xyz", "model_rescale": 4.170626492500431, "target_rescale": 3.89955569357222},
{"mapping": [3, 11, 4, 5, 12, 8, 1, 9, 0, 10, 13], "R": [[-0.21819305690480068, -0.015862964598031992, -0.975776693856079], [0.6050736441625792, 0.7822893474077284, -0.14801777620342504], [0.7656877137961371, -0.6227132111064871, -0.16109184229840057]], "T": [0.11081706001200668, 0.041046461795162775, 0.04888508812311118], "aligned_model": [[0.33319398089259766, -0.2738524074926419, 0.3908045199000511, -0.1369386770037745, -0.32137699992770263, -0.10301880703926004, 0.09691986224573527, -0.4631612100280634, 0.44528735307477374, -0.4297885938770795, 0.07899932694907576], [-0.5514394921876982, -0.24409094590588717, 0.6897589398017047, 0.3736368687501257, 0.587147439671288, 0.6351464848524775, -0.5644509919856593, -0.5271825537690237, -0.0314148339819581, 0.10628074695299847, 0.03131660578307184], [-0.2249442452627957, -0.47110117191686407, -0.013100989161013404, -0.7605718559656565, -0.17625517416185557, 0.4398782816324801, 0.5221653129947328, 0.11190230685452168, 0.5374926916258502, 0.1965953450382248, -0.04728924690679924]], "inverted": false, "swapped": false, "error_lsq": 0.0610578936612351, "error_max": 0.295390743819128, "target": "1042.xyz", "model": "14.xyz", "model_rescale": 3.9786697098870705, "target_rescale": 3.89955569357222},
{"mapping": [4, 1, 7, 6, 9, 8, 2, 0, 5, 3, 11], "R": [[-0.09828737994376924, 0.9742604965070218, 0.20286960316834318], [0.1307923642042258, -0.18944181046675956, 0.973141900193875], [0.986525695767555, 0.12218136270711771, -0.10880609448635431]], "T": [0.03439468944964298, 0.055585889365150264, -0.0801472405501717], "aligned_model": [[0.367947346954115, 0.009580557530314109, 0.45831324734888895, -0.17934321747606924, -0.4876382543477872, 0.06266813634921142, -0.06548184563173828, -0.46881298231691937, 0.6168725364507668, -0.674447225097745, -0.02258995206932634], [-0.45114650874237155, -0.19579582900792927, 0.5470593090838201, 0.5186016558171542, 0.39393063377323895, 0.2515093160252166, -0.43836339807276614, -0.4245328676869954, 0.07960769125459599, 0.11347702829585901, 0.11036123724161692], [0.0027963033278907146, -0.7101183367262025, -0.20513899775582278, -0.6861903066467943, -0.05968489535615705, 0.4025977740364002, 0.62687906408548, -0.08872653426946656, 0.4719416096513764, 0.5023825771559751, -0.14196700273185456]], "inverted": false, "swapped": false, "error_lsq": 0.0559938999373192, "error_max": 0.3828282101814948, "target": "1042.xyz", "model": "15.xyz", "model_rescale": 3.769337070930944, "target_rescale": 3.89955569357222},
{"mapping": [7, 5, 6, 4, 0, 2, 9, 1, 8, 3, 10], "R": [[0.7691515578542147, 0.24242531708888637, 0.5913001324917728], [0.17205244262945785, 0.8125410196964435, -0.5569336121082128], [-0.6154704201142993, 0.5301009874967383, 0.5832573231596079]], "T": [-0.028788762026800203, -0.009887275948742849, -0.009057954378133679], "aligned_model": [[0.2729750216584627, 0.005126578365332861, 0.5196804213474152, -0.03781500732359883, -0.5854934644339249, -0.08261472052311977, -0.016974418579230828, -0.5481744719871532, 0.5222285129735675, -0.3807939115809334, -0.05107619222310648], [-0.6093062033128059, -0.12372640953239163, 0.43302528779155214, 0.5812508089089942, 0.2697357818174751, 0.6346092409941035, -0.3647082966198339, -0.5843800551701075, 0.12543653519714498, 0.10045804182996138, 0.04231353607734731], [-0.2555778731613594, -0.6693164816758703, -0.19484532011991645, -0.5174936101538206, -0.18040828120921273, 0.3490661359397177, 0.7222027019484021, -0.21234341207716112, 0.480391880165462, 0.5769110927978955, 0.01618442231668831]], "inverted": false, "swapped": false, "error_lsq": 0.04704159650958815, "error_max": 0.2576631172233349, "target": "1042.xyz", "model": "16.xyz", "model_rescale": 3.7852294659196426, "target_rescale": 3.89955569357222},
{"mapping": [11, 2, 5, 1, 3, 4, 9, 8, 10, 0, 12], "R": [[0.36725065767097054, -0.7707322558846639, -0.5206714359163336], [0.9292556012367061, 0.32818975110788284, 0.16963347204474105], [0.040137040379774114, -0.546134852400653, 0.8367351677698682]], "T": [0.021712366071750137, 0.050882589258726865, -0.06265330949743454], "aligned_model": [[0.29858821481077114, -0.10474141302532985, 0.41792726065822206, -0.07287465322468345, -0.7156112875976405, 0.06138751384124399, -0.0803788112972049, -0.35078813243096457, 0.5217152548808304, -0.4163356964034277, 0.05818009748189432], [-0.6110983883990273, -0.11952774014250246, 0.5695754340828769, 0.5511123668120339, 0.265005357739237, 0.660874819908288, -0.5087964987519498, -0.4772701402326151, -0.020998602993512513, 0.20297283300503005, -0.0071411730464189666], [-0.21448553281516197, -0.6362880211525961, -0.1412694693912127, -0.5264179261691407, -0.27001926842131024, 0.2952880911343391, 0.5881911384767333, 0.01799397315079701, 0.5651088115819685, 0.438075767407087, -0.0014063090306776077]], "inverted": true, "swapped": false, "error_lsq": 0.05094144151481848, "error_max": 0.31520688838284233, "target": "1042.xyz", "model": "17.xyz", "model_rescale": 3.901054581598922, "target_rescale": 3.89955569357222},
{"mapping": [6, 7, 9, 3, 2, 5, 4, 1, 10, 8, 14], "R": [[0.4626822739103252, 0.09301131586545607, 0.8816314471082277], [-0.4506273090909928, 0.8810974092191466, 0.14353530495567723], [-0.7634527763461091, -0.4636984479036832, 0.4495815918174737]], "T": [-0.005468217998941795, 0.07563233605775808, -0.056294697721830086], "aligned_model": [[0.31963289218953206, -0.005779811678072934, 0.48534399538783196, -0.2952108824310895, -0.6243174962962117, -0.022578713202613017, -0.052470779611010966, -0.3562828005929763, 0.5741479785986805, -0.4422498190783516, 0.03683378440799261], [-0.5824041041111009, -0.29826968454002534, 0.5026686264825609, 0.39897557974658043, 0.6239390276332796, 0.5915757309904066, -0.3903947570194908, -0.5239270514224083, -0.022613063847862547, 0.10915146870911985, 0.09600649536037986], [-0.2144814760386617, -0.6039024092266244, 0.04826628536886972, -0.6847087528489619, -0.06740526532941797, 0.29526709083727753, 0.5810305549001584, -0.11235911566777447, 0.5154103435083065, 0.44221964795407986, -0.08456564868642619]], "inverted": false, "swapped": false, "error_lsq": 0.04472988624332372, "error_max": 0.23454153412607753, "target": "1042.xyz", "model": "18.xyz", "model_rescale": 3.9405287249114394, "target_rescale": 3.89955569357222},
{"mapping": [4, 12, 13, 14, 10, 11, 8, 1, 9, 2, 15], "R": [[-0.5825033280610818, 0.7808253127522007, 0.2258355679763312], [0.7275609955373035, 0.3769888698002157, 0.5731791952082037], [0.3624153288294134, 0.49818793944874296, -0.7876953131873288]], "T": [-0.00017570215433067304, -0.07653716408183389, -0.017471910257778077], "aligned_model": [[0.4386968122127107, 0.014043277063590681, 0.4672869810577633, -0.07777825114246252, -0.540743204723803, 0.04333395154729182, 0.10677991512479766, -0.5297302169959581, 0.4496736838682462, -0.7219542550634546, -0.03254034525501095], [-0.615441477258222, -0.18133812045267358, 0.3654830605675543, 0.5287352287141772, 0.4941561083776469, 0.6049238812479465, -0.49715925135283445, -0.45230047716412103, 0.23996335596988086, 0.07742664920096129, -0.05974068986887641], [-0.24471206073544977, -0.5550159943877687, -0.21093148271936754, -0.4942969693577813, -0.01750160568918873, 0.21259537475385532, 0.6021325693646536, -0.1353420605576327, 0.5177596262370738, 0.441501016800974, -0.0014171589385428979]], "inverted": false, "swapped": false, "error_lsq": 0.04271562160235106, "error_max": 0.20986854253452428, "target": "1042.xyz", "model": "19.xyz", "model_rescale": 4.410303926677745, "target_rescale": 3.89955569357222},
{"mapping": [0, 6, 10, 11, 12, 9, 1, 2, 5, 7, 13], "R": [[0.8987841561968939, 0.42039246417712045, -0.12432705511080952], [-0.07326790561541181, -0.13556388145054205, -0.9880557919737097], [-0.4322254672924408, 0.8971580742038453, -0.09104139341354148]], "T": [-0.011108835796177323, -0.028989158825463754, -0.03358683223836517], "aligned_model": [[0.15190258118941585, 0.113531261262971, 0.5620305979182838, -0.13766220912061677, -0.6186260012140659, -0.06969746345116859, -0.06590343385646114, -0.4729927035210794, 0.6625671830421506, -0.5203978770763282, 0.012316412520610016], [-0.7209335084941718, -0.10240306106858424, 0.5597198471373993, 0.5451918076459963, 0.41574797513020784, 0.6475761259530405, -0.45537407733495394, -0.49868665007092655, 0.15655114253510727, -0.06830499436182841, 0.0256236609101535], [-0.12190255799907526, -0.5953528585705583, -0.04176661383180686, -0.6179101895806725, 0.028111730889785427, 0.07903428003948662, 0.581484988335023, -0.10182382519156823, 0.42554946689463774, 0.4623285864266883, 0.017018247358884922]], "inverted": true, "swapped": false, "error_lsq": 0.04603708698554352, "error_max": 0.23554890330953343, "target": "1042.xyz", "model": "20.xyz", "model_rescale": 4.121658175737393, "target_rescale": 3.89955569357222},
{"mapping": [2, 3, 11, 7, 5, 9, 6, 1, 10, 8, 12], "R": [[0.6756145217797261, 0.6312890719042106, -0.3808137676800466], [0.028444245966020187, -0.5384642174015245, -0.8421681610281812], [-0.7367061441523185, 0.5581490788960278, -0.3817507863721294]], "T": [-0.049844782521243136, 0.015814801474208925, 0.015565123402965555], "aligned_model": [[0.2689188214240962, 0.009714636201933871, 0.5621140447355424, -0.09209624319051031, -0.6887904621696447, 0.08837839895056404, -0.08439662222140067, -0.3930086611089373, 0.5442134670950728, -0.5002208004039371, -0.09775823161906799], [-0.6636992371188083, -0.06765061124548073, 0.5754743318124972, 0.5252878457882264, 0.19006007365889988, 0.6195985281177113, -0.3424101129426533, -0.5691103783289484, 0.00810747016585854, 0.18596747171314504, 0.04308288636099158], [-0.09784594468081721, -0.67154978945286, -0.279149326505764, -0.4377229647770619, -0.1434648535405951, 0.38839543161963674, 0.5569573501078526, -0.13435469669543562, 0.5212413387561254, 0.4866411406158757, -0.0743764306761315]], "inverted": false, "swapped": false, "error_lsq": 0.05388367114628346, "error_max": 0.3288504197118978, "target": "1042.xyz", "model": "21.xyz", "model_rescale": 4.08911054899281, "target_rescale": 3.89955569357222},
{"mapping": [11, 8, 10, 6, 0, 13, 15, 1, 14, 4, 16], "R": [[-0.329184724979357, -0.9105257398435459, -0.25016053630144897], [-0.7207880608742409, 0.07115483197535116, 0.6894936991646199], [-0.6100016296219354, 0.4072835216024864, -0.6797191661926714]], "T": [0.06765815032556577, 0.08233394995288937, 0.07858302920602335], "aligned_model": [[0.24442404961535683, -0.015181716902263623, 0.5865049164694067, -0.12491938086210266, -0.6113263710269898, -0.07291228112136366, 0.15288892858144976, -0.4588104203978106, 0.3829093603287248, -0.4999028848003346, 0.03339414780963813], [-0.60716038364895, -0.22647228048963627, 0.5618890025827868, 0.3752628473623987, 0.37902312386041015, 0.6225440870559594, -0.5496137648174354, -0.4694841013359822, 0.05066652332877433, 0.25368411540416036, 0.1143690986789533], [-0.2029208092006214, -0.5366716225420366, -0.31123794762071366, -0.5791940486064227, -0.147326138445465, 0.4323384922057406, 0.43197349049301687, -0.14124886924885743, 0.6366479310137021, 0.44574209292963274, 0.08666868379284903]], "inverted": true, "swapped": false, "error_lsq": 0.046059756890977105, "error_max": 0.22468369649335238, "target": "1042.xyz", "model": "22.xyz", "model_rescale": 4.204369325754507, "target_rescale": 3.89955569357222},
{"mapping": [4, 12, 13, 14, 10, 11, 8, 1, 9, 2, 15], "R": [[-0.5825033280610818, 0.7808253127522007, 0.2258355679763312], [0.7275609955373035, 0.3769888698002157, 0.5731791952082037], [0.3624153288294134, 0.49818793944874296, -0.7876953131873288]], "T": [-0.00017570215433067304, -0.07653716408183389, -0.017471910257778077], "aligned_model": [[0.4386968122127107, 0.014043277063590681, 0.4672869810577633, -0.07777825114246252, -0.540743204723803, 0.04333395154729182, 0.10677991512479766, -0.5297302169959581, 0.4496736838682462, -0.7219542550634546, -0.03254034525501095], [-0.615441477258222, -0.18133812045267358, 0.3654830605675543, 0.5287352287141772, 0.4941561083776469, 0.6049238812479465, -0.49715925135283445, -0.45230047716412103, 0.23996335596988086, 0.07742664920096129, -0.05974068986887641], [-0.24471206073544977, -0.5550159943877687, -0.21093148271936754, -0.4942969693577813, -0.01750160568918873, 0.21259537475385532, 0.6021325693646536, -0.1353420605576327, 0.5177596262370738, 0.441501016800974, -0.0014171589385428979]], "inverted": false, "swapped": false, "error_lsq": 0.04271562160235106, "error_max": 0.20986854253452428, "target": "1042.xyz", "model": "23.xyz", "model_rescale": 4.410303926677745, "target_rescale": 3.89955569357222},
{"mapping": [1, 11, 13, 14, 15, 5, 3, 10, 0, 4, 16], "R": [[-0.008422421538286706, -0.6781629436568785, 0.7348633101918133], [0.6399355817485312, -0.5683515194168873, -0.5171643854604498], [0.7683824009095995, 0.46590940345431237, 0.4387674939478156]], "T": [-0.027829541732583736, 0.1251316527188651, -0.05177094722319292], "aligned_model": [[0.3481655059519154, 0.012438399072853233, 0.43365175437591724, -0.12505498789452535, -0.5281149334965696, -0.14393297464217625, -0.01578852346263488, -0.4171340742756291, 0.48421075361041904, -0.4247203106127175, -0.006652260933141134], [-0.6462043356036609, -0.17297758138109673, 0.563873298493786, 0.4808805613255096, 0.6210284601313871, 0.5253729227055863, -0.5096285559883971, -0.39428671863847353, 0.019317570644373006, -0.01600368612671324, 0.03333633241913882], [-0.05373736670561552, -0.6087546670017756, -0.3496424051272172, -0.6193446575537793, -0.16629201087688356, 0.4193224109277757, 0.5855558731405801, -0.10107087332400691, 0.4932097194668748, 0.49269476032672294, 0.022830471498149665]], "inverted": true, "swapped": false, "error_lsq": 0.04073441271235157, "error_max": 0.21325307331881593, "target": "1042.xyz", "model": "24.xyz", "model_rescale": 4.28219845311461, "target_rescale": 3.89955569357222},
{"mapping": [1, 8, 2, 14, 12, 13, 3, 5, 4, 9, 15], "R": [[0.03917514115308704, 0.47797872988825385, -0.8774973744063556], [0.6194759005926191, 0.6774309454452156, 0.39665718541098555], [0.7840375736535842, -0.5591275775058974, -0.2695578512523567]], "T": [-0.012232471393977644, 0.08660291816433606, -0.01156449489743708], "aligned_model": [[0.19783210202841708, -0.01536329986570946, 0.45828120906854175, -0.10220912386924969, -0.5647177166434779, -0.02774949214261533, 0.07152830207871114, -0.4668655961878397, 0.5555851694078265, -0.5498402074889228, 0.0605870013080295], [-0.5180906154259528, -0.3814511773948513, 0.5574646090544096, 0.6090593000966894, 0.6143324360417161, 0.6174210358518133, -0.459412362257392, -0.6129626701081095, 0.033685224261628524, -0.03268848420168634, 0.07735097206317426], [-0.0017663178410269476, -0.5242648152329872, -0.17183354661259012, -0.5584540229395528, -0.03767024092263005, 0.2547206998446185, 0.5314795099797581, -0.18243693404236613, 0.44607227973065666, 0.3803808677378224, -0.02145622493087721]], "inverted": false, "swapped": false, "error_lsq": 0.04332243570111415, "error_max": 0.23950796248172485, "target": "1042.xyz", "model": "25.xyz", "model_rescale": 4.100010024507729, "target_rescale": 3.89955569357222},
{"mapping": [5, 7, 2, 3, 8, 1, 4, 9, 6, 10, 11], "R": [[-0.21124586621143462, -0.13183525617849606, -0.9685012386346914], [-0.12871436981026768, 0.9859851923486012, -0.10614052700848085], [0.9689209436341679, 0.10223827902328324, -0.22525438794711852]], "T": [-0.020607671864109944, 0.13047722882389579, 0.07816521225714002], "aligned_model": [[0.35657247601718817, -0.09980768411964827, 0.5798716700089659, -0.10772149958265309, -0.5329156490797816, -0.033574028707673814, 0.10075721367152893, -0.5157763578554352, 0.5141537555344153, -0.5942281664663476, -0.050263381726847585], [-0.5069277751922108, -0.14342904112074917, 0.46001290099165215, 0.5720877061134055, 0.4074037893251324, 0.8092789372412852, -0.5797801401244008, -0.508612961515311, 0.011874004187942294, -0.026721284899236364, 0.009522132973930217], [-0.046879448648471655, -0.5360488872546554, -0.2021704564282778, -0.5967147724957794, -0.11602553295219273, 0.2736304725926809, 0.5747984920983229, -0.08209271473783566, 0.4252179878052139, 0.3256536321680827, 0.0954024826237373]], "inverted": true, "swapped": false, "error_lsq": 0.03478745832176822, "error_max": 0.20083331147627934, "target": "1042.xyz", "model": "26.xyz", "model_rescale": 3.6694154284099745, "target_rescale": 3.89955569357222},
{"mapping": [8, 10, 3, 11, 2, 6, 5, 4, 7, 0, 13], "R": [[0.8180049753834518, 0.5521984333792067, -0.16107374218496417], [0.5709037333468536, -0.8136034502987286, 0.11008339072098468], [-0.07026227649701589, -0.18200636207439058, -0.9807838174979759]], "T": [0.041981500449364245, 0.05896657958764689, 5.538339717169223e-05], "aligned_model": [[0.2397613549230372, -0.11793090771089046, 0.6706392709485987, -0.18080912454428907, -0.5529755337040886, -0.07765987393860868, 0.0609424135326858, -0.5293972391493355, 0.5920143234854623, -0.47846882303730787, -0.00904751311155294], [-0.5283944296898903, -0.18613071485983662, 0.5493468598489136, 0.48191714859714097, 0.3599130993748097, 0.6691433346133984, -0.34473647748219466, -0.5147382831299026, -0.017603306840013218, -0.04687074496697861, 0.08286178251599269], [-0.15566027533660806, -0.5255357674639786, 0.13100502507425266, -0.7124420712191057, -0.1325604751665949, 0.2908486105624418, 0.6802339079101566, -0.14108155903026398, 0.29624699501681107, 0.3935820847109185, -0.009865220287204242]], "inverted": false, "swapped": false, "error_lsq": 0.04816475893877064, "error_max": 0.3265356050995433, "target": "1042.xyz", "model": "27.xyz", "model_rescale": 4.103607728864725, "target_rescale": 3.89955569357222},
{"mapping": [1, 7, 9, 6, 11, 10, 2, 8, 3, 13, 14], "R": [[0.741719558915036, -0.08182357273637852, 0.6657003822047418], [0.6025365230190753, 0.517275972833763, -0.6077625410939439], [-0.294621510333119, 0.8518981575713961, 0.43297539742518065]], "T": [-0.03576929410085197, 0.13332398852387597, 0.08899482952627934], "aligned_model": [[0.3274162046111063, -0.18185970655423678, 0.5642186270283532, -0.06301663136243132, -0.6209891996380902, 0.04436533766299908, 0.1444504874464763, -0.562737385689635, 0.5098319639108831, -0.5955687007560427, 0.050957351034329496], [-0.6496326048900636, -0.1907048750238606, 0.5872033454016874, 0.5046236877915125, 0.3644605750854537, 0.6172782342297527, -0.40279096564760253, -0.4171001424395042, 0.09549748597119703, -0.008461529380009242, 0.004335056882876193], [-0.15170435707362223, -0.5384955150532575, -0.23369999527298901, -0.4235101741446956, -0.18696671485071492, 0.22734946501450676, 0.5595501317860968, -0.21368963209523145, 0.6032119777501141, 0.38292343339960877, 0.08980263531100921]], "inverted": true, "swapped": false, "error_lsq": 0.04245166448041347, "error_max": 0.23628756866499842, "target": "1042.xyz", "model": "28.xyz", "model_rescale": 4.137296879288765, "target_rescale": 3.89955569357222},
{"mapping": [9, 8, 4, 3, 2, 5, 0, 7, 6, 1, 10], "R": [[-0.40698343442093576, -0.8761450669451165, -0.258329839110153], [-0.013049432304300279, -0.2772055356239924, 0.9607220218855979], [-0.9133423215987946, 0.3943690057384747, 0.10138486518890061]], "T": [-0.03200252253044166, 0.03069228722245327, -0.012639935999310034], "aligned_model": [[0.4405862804364803, 0.009271537454654345, 0.547929413926963, -0.17714707712921574, -0.5061405370576144, -0.07194450244853345, -0.06473220062214682, -0.5229835993410062, 0.5645819540571875, -0.6508986492062102, 0.0485457276231526], [-0.5894136478354552, -0.25624712307081815, 0.49808072840060574, 0.3661758894594316, 0.6515493900443126, 0.46655128525676265, -0.35632538028983896, -0.46504163181159014, 0.16532191176562455, -0.007098569738291476, 0.031155415800696258], [-0.06670164948607224, -0.6716665703386846, -0.22443454619522615, -0.5890534471725236, 0.030356309441754874, 0.49885759039200395, 0.5701691541601869, -0.1775571528596416, 0.36433439926373606, 0.41455838024941577, -0.034091212684124114]], "inverted": true, "swapped": false, "error_lsq": 0.04864120321823921, "error_max": 0.24405778731939864, "target": "1042.xyz", "model": "29.xyz", "model_rescale": 3.607286011436655, "target_rescale": 3.89955569357222},
{"mapping": [4, 6, 12, 2, 1, 11, 8, 3, 10, 9, 14], "R": [[0.03694289600199818, -0.9838971885552632, -0.17487579817697696], [-0.7398493379337785, 0.09070587539322583, -0.6666298833146461], [0.671757530358935, 0.15400898195299453, -0.7245847458260951]], "T": [0.0641158945799452, 0.09348926124943309, -0.09085517757376481], "aligned_model": [[0.28529554581615624, -0.10550348960399965, 0.6169710367092376, -0.29210678836098775, -0.5368720848714083, 0.08018221790526546, 0.02213307344268526, -0.3930090379753923, 0.535530891830781, -0.5415022112334152, -0.054050805965211404], [-0.575784325361775, -0.1564081010174111, 0.5295813579813252, 0.3797931048423487, 0.5137076149479297, 0.47610059005793204, -0.3372275880400083, -0.5513701110753451, 0.058486758749622794, 0.03860436545553557, 0.12922460144128506], [-0.09224004069071277, -0.4882511253319276, 0.019493329440962007, -0.7551405474213488, -0.10412328313937454, 0.3539835654324595, 0.43627802357421586, -0.13140911976123615, 0.4530360097861047, 0.40388886335297636, 0.01925557952870642]], "inverted": true, "swapped": false, "error_lsq": 0.045092073211799776, "error_max": 0.2597391557441242, "target": "1042.xyz", "model": "30.xyz", "model_rescale": 3.964800864290218, "target_rescale": 3.89955569357222},
