[{"mapping": [1, 5, 7, 2, 6, 9, 0, 10, 10, 3, 8, 11], "R": [[-0.5213682955401253, 0.2569508930344005, 0.8137268208523109], [0.7989192112052325, 0.48204720561193665, 0.3596645458325475], [-0.29983861387885635, 0.8376196810787981, -0.45660713474129894]], "T": [-0.031815089610595676, 0.12523687825075222, -0.04260088942525472], "aligned_model": [[-0.33922418954090106, 0.1446928639428165, 0.5313713701621954, -0.8254567137061256, 0.13563160034098407, 0.36200260113184146, -0.3684776377774065, 0.5894439139811948, 0.5894439139811948, 0.17358551557078636, -0.3220965790121717, -0.050824008487266585], [-0.04390442204633166, -0.6346222925966404, -0.147370014481957, 0.11972464562234633, 0.5364105269932692, 0.584218522329973, -0.3930873364028943, -0.10965190116805842, -0.10965190116805842, 0.3374900977099023, 0.6882036582313281, 0.059212045825605644], [-0.6580449773266709, -0.3257003690104494, -0.753311662826939, -0.17990650977956826, -0.6153594110196362, 0.017398287940729312, -0.014498733511308592, 0.10101616291931095, 0.10101616291931095, 0.5793248915223381, -0.08628786964035523, -0.05316679660229357]], "inverted": false, "swapped": false, "error_lsq": 0.05715055299400001, "error_max": 0.3850375494480537, "target": "1043.xyz", "model": "0.xyz", "model_rescale": 3.751011558992144, "target_rescale": 3.9168262963611276},
{"mapping": [4, 8, 1, 10, 6, 7, 5, 3, 0, 13, 11, 14], "R": [[-0.3090482411183719, -0.0705434135306714, 0.9484264923909926], [-0.949402362137948, -0.03572715590531317, -0.31202359702080606], [0.05589579079434864, -0.9968686960369246, -0.05593266874659453]], "T": [0.021476165609493815, 0.03983260086547123, -0.0924370563515518], "aligned_model": [[-0.2898472757112128, -0.032265112625463103, 0.42916820216171975, -0.7529075028634373, 0.048527549566004365, 0.48203654080862185, -0.32114964473700736, 0.5882448506718911, 0.7624397437813528, -0.008380494990427777, -0.29351046361132827, 0.007736258136428555], [-0.21316625640890008, -0.5850849762281846, 0.032541095647306686, 0.1466955545318468, 0.5995803786225832, 0.500231097165924, -0.365160434603892, 0.0959601135406251, -0.11554756892084957, -0.06194957770718766, 0.7728489102254283, 0.08002329298378413], [-0.7740845187629533, -0.30925068367451436, -0.657609230754528, -0.34015461984870143, -0.5921133447545068, -0.21731455311523934, 0.2372207090678825, 0.41651171264815473, -0.14075369074815208, 0.626069148383942, -0.07824189692702159, -0.05779985592989423]], "inverted": true, "swapped": false, "error_lsq": 0.0631020033754458, "error_max": 0.3964981933382645, "target": "1043.xyz", "model": "1.xyz", "model_rescale": 3.9405287249114394, "target_rescale": 3.9168262963611276},
{"mapping": [5, 10, 9, 0, 2, 4, 6, 3, 8, 7, 1, 12], "R": [[0.3264913078538697, -0.8928476994400891, -0.31020382251095857], [0.24561445109958283, 0.3970555910583081, -0.8843191725957255], [0.9127305009184916, 0.21253198162600884, 0.3489314968288211]], "T": [0.007833984806294839, 0.05948744505284151, -0.13540065056976544], "aligned_model": [[-0.3087669374780609, 0.5457191185223536, 0.4267459382853679, -0.8118052501852225, -0.12274423180685744, 0.4991293960656788, -0.3871242470490125, 0.31449960857331566, 0.7530148208292397, -0.05666144859698764, -0.25433096237058933, 0.02241684579791631], [-0.017644914686799962, -0.588759171696746, -0.34157392114085816, 0.17094899689707518, 0.493986037607842, 0.48517930143627774, -0.19801736866948008, -0.18354715792050677, 0.015160614666827249, 0.1320987715036661, 0.7896867763978508, 0.12945366445333611], [-0.7849318164628571, -0.17948042044599627, -0.6957966381261088, -0.272140678355613, -0.6436623252369227, 0.12748903003239712, 0.13488615892893266, 0.28136073862801314, -0.34380032389445425, 0.6516684617052086, 0.023674203927445764, -0.186787215115577]], "inverted": false, "swapped": false, "error_lsq": 0.05462553968911583, "error_max": 0.33100251990262325, "target": "1043.xyz", "model": "2.xyz", "model_rescale": 3.932901565614263, "target_rescale": 3.9168262963611276},
{"mapping": [8, 7, 5, 11, 12, 6, 3, 0, 4, 1, 10, 13], "R": [[0.31555992133664235, 0.8686316581809789, 0.38196986589490955], [-0.9044717429377572, 0.3970750715959457, -0.15576345445646247], [-0.2869717795762293, -0.29632824692026527, 0.9109537682034223]], "T": [0.020263906228712117, 0.009179520823461448, -0.13562463930975693], "aligned_model": [[-0.515986478980523, 0.2878289713451154, 0.5110957178466248, -0.83901236746612, 0.09179375805717048, 0.4322071321148309, -0.259377962547373, 0.2652702113874331, 0.8564345676667228, -0.05514639417146715, -0.20626672155031017, 0.051252216885037095], [-0.36363172186885756, -0.5380781029625166, 0.18380038468583598, 0.2514028923188457, 0.5788804363815822, 0.5537302567485503, -0.35839888645159845, -0.3032881873483781, -0.21070715839900767, 0.30430092201494346, 0.68875962581862, 0.10020116791046486], [-0.47063811249712695, -0.507996196339187, -0.630994574068118, -0.1617172078679045, -0.6390669470960344, -0.1570614145276094, 0.08202649855487254, 0.4040846999880883, -0.010345439964414616, 0.5396421717097721, -0.1351820627133557, -0.2002722395945144]], "inverted": true, "swapped": false, "error_lsq": 0.060570556788265756, "error_max": 0.33511531701235936, "target": "1043.xyz", "model": "3.xyz", "model_rescale": 3.9243930471874484, "target_rescale": 3.9168262963611276},
{"mapping": [6, 3, 0, 11, 5, 1, 10, 4, 2, 8, 9, 12], "R": [[0.4801123435915543, -0.15231473029411335, -0.8638821450096403], [-0.7264487659482554, 0.4829717515289518, -0.4888869784288736], [0.4916953609535917, 0.862286791131865, 0.12123185165718287]], "T": [-0.0005555191490240613, 0.09045397773644914, -0.06227593655502438], "aligned_model": [[-0.318195476910723, 0.20736615868246555, 0.6192491906322976, -0.7491827365750217, 0.04630871052536041, 0.40523881582384513, -0.4483067250634323, 0.33914469340980335, 0.8742111675469064, -0.061710486153056146, -0.3327747563595172, 0.03874409502821326], [-0.21049121767301282, -0.48569154215697663, 0.10854598584004, 0.28456851497226965, 0.35102719097829604, 0.6606535999129804, -0.36812234767855045, -0.25154292037128667, -0.19048675007352645, 0.19450117272359987, 0.6623509136906709, 0.13165902868398063], [-0.636778644407492, -0.34116352351282825, -0.6443731400668291, -0.22964055990849608, -0.7718733183799074, -0.2049771928779896, 0.23158513757692345, 0.2841474412823424, -0.1463594760749758, 0.5555999572475006, 0.18318620889784543, -0.166873714191625]], "inverted": false, "swapped": false, "error_lsq": 0.047631890868294814, "error_max": 0.21464145262854534, "target": "1043.xyz", "model": "4.xyz", "model_rescale": 3.8936222436046832, "target_rescale": 3.9168262963611276},
{"mapping": [1, 5, 4, 0, 2, 10, 9, 7, 7, 8, 3, 11], "R": [[0.2284577472984906, -0.8915346766594947, -0.3911176012568972], [-0.4420912255842308, -0.45293509187015, 0.7742126005265038], [-0.8673882671334285, -0.00396520695916508, -0.4976161886163263]], "T": [0.027374174339484372, 0.05186390907148314, -0.08292075897757432], "aligned_model": [[-0.41765113486535027, 0.37438494686624907, 0.49468270790406105, -0.7779763521662039, -0.05293835133021067, 0.46893753373498565, -0.45755094652835143, 0.5663893422931024, 0.5663893422931024, 0.03397779134004596, -0.26124811788685337, 0.0826958889325645], [-0.3118818081887447, -0.54371357123702, 0.11051781385326148, 0.31801972873819134, 0.5261416553744254, 0.5040255693192659, -0.14331980812784362, -0.18404109294965745, -0.18404109294965745, 0.3068159946609115, 0.5329234071692668, -0.04447516681391475], [-0.6421615787529481, -0.5095843802843546, -0.7223009688827808, -0.3344956346936806, -0.6536825153229685, -0.08916832861644125, 0.24690781393997274, 0.1882968771108514, 0.1882968771108514, 0.6104901239965356, 0.04182283420905632, -0.2119419442296251]], "inverted": true, "swapped": false, "error_lsq": 0.05956392900253251, "error_max": 0.48199365680514655, "target": "1043.xyz", "model": "5.xyz", "model_rescale": 3.6523030999806103, "target_rescale": 3.9168262963611276},
{"mapping": [5, 8, 9, 0, 7, 4, 1, 6, 10, 2, 3, 12], "R": [[0.014929315056652348, -0.6548378962423543, 0.7556218930105367], [-0.9923130771379699, 0.0831447806197742, 0.09166080076381292], [-0.12284898246592443, -0.7511819187790515, -0.6485629132216164]], "T": [0.13325733058298023, 0.05923225113284116, -0.18792149974078032], "aligned_model": [[-0.36466938677418076, 0.1834754925289554, 0.6477623535237755, -0.8349033344268941, -0.0530083534558477, 0.3374668400538743, -0.369304739393229, 0.3678858787740587, 0.8778534873860278, 0.08560160832436187, -0.3061323794276015, 0.04806518347384206], [-0.21365296683101395, -0.5589898156138213, -0.036659251256469357, 0.28214141154311595, 0.4447142798827372, 0.515349699656357, -0.1413388862901513, -0.41908767061630164, 0.0704550159089099, 0.24948027845904464, 0.5957337399103816, 0.09882579409569553], [-0.5640945609047685, -0.45056710709933473, -0.6866722153481412, -0.19976056353489352, -0.7203938090279353, 0.09383540136542534, 0.2474834274792932, 0.1846156915619811, 0.04472341099638977, 0.5453903400951899, -0.14616580283270242, -0.23591503716603526]], "inverted": true, "swapped": false, "error_lsq": 0.04825783394528466, "error_max": 0.24799928692109263, "target": "1043.xyz", "model": "6.xyz", "model_rescale": 4.08911054899281, "target_rescale": 3.9168262963611276},
{"mapping": [3, 5, 8, 0, 9, 11, 2, 12, 10, 13, 1, 14], "R": [[-0.42070731198765954, 0.5641191487616837, 0.7104751534293875], [0.016322948653820946, -0.7783209005960329, 0.6276544726540434], [0.9070495680983278, 0.27565587549655796, 0.3182372060536972]], "T": [0.06692520746574393, -0.05071074222467044, -0.14201858248225574], "aligned_model": [[-0.35121546964525535, 0.4189388782940602, 0.36440675594985683, -0.7972199475128826, -0.008442545596390738, 0.43670568320395936, -0.6207476022092047, 0.5779588531777489, 0.7770355824022864, 0.06899704272480886, -0.3133558857098317, 0.06703130550798646], [-0.09654042286776811, -0.7251453485454576, 0.05817022137981663, 0.1586076011050725, 0.598336975404119, 0.3812137284431733, -0.04779358628486223, -0.13300844190542355, -0.07120770186941745, 0.11047975087443347, 0.5470027645787927, 0.10685608853600544], [-0.8124732422341887, -0.10047863869044601, -0.7460042092657387, -0.4487679351735793, -0.5751629809765855, 0.0037027761384995916, 0.27897683355720576, 0.3479544979913053, -0.2628408840444588, 0.5720597429028175, 0.047904856864473516, -0.19239164148483648]], "inverted": false, "swapped": false, "error_lsq": 0.05033361166264209, "error_max": 0.3065887295631872, "target": "1043.xyz", "model": "7.xyz", "model_rescale": 3.964800864290218, "target_rescale": 3.9168262963611276},
{"mapping": [10, 11, 6, 5, 3, 2, 8, 12, 4, 7, 1, 13], "R": [[-0.2151364571436205, -0.8837895987232384, 0.41549037292855384], [0.06943395535129368, 0.4105335392847743, 0.9091980746606272], [-0.9741125349013665, 0.22445079262710194, -0.02695572364267057]], "T": [0.08615218423928087, 0.14122971398388318, -0.18968051323400867], "aligned_model": [[-0.42305463255043685, 0.43738322497003235, 0.44392639705457093, -0.7189447988862007, -0.04861453821164313, 0.5504164262366296, -0.5328085275791103, 0.2929206441459748, 0.7709859569231841, 0.04511188477728548, -0.21658920120381583, 0.019359814910671055], [-0.3555827059713749, -0.5741997406550692, 0.08329297080150241, 0.1627610049395088, 0.46648019464844026, 0.5179420578220315, -0.09876113371886053, -0.3436315394637554, -0.02016838457705228, 0.24354729599083427, 0.7006521271465115, 0.10463948188576744], [-0.600800751267014, -0.41756376394780004, -0.6426118210637469, -0.4142377982202968, -0.8237252680027215, 0.09519709444460114, 0.19806890540059072, 0.3514583840757006, -0.18284292694287138, 0.5136685972325031, 0.20845778982623545, -0.17258926595071206]], "inverted": true, "swapped": false, "error_lsq": 0.05467480156213558, "error_max": 0.2691871180215223, "target": "1043.xyz", "model": "8.xyz", "model_rescale": 4.121658175737393, "target_rescale": 3.9168262963611276},
{"mapping": [6, 11, 2, 9, 1, 0, 7, 10, 3, 5, 4, 12], "R": [[0.01141856050301826, 0.8251167803628672, -0.5648468068774533], [-0.7939570666716604, -0.3359149185209857, -0.5067478108459594], [-0.6078665912502279, 0.45425044444519325, 0.6512716337774684]], "T": [0.030755676412463524, -0.03073905636199678, -0.1895372542626558], "aligned_model": [[-0.4443878658219988, 0.24589377041878788, 0.4831384343839365, -0.7807981382926774, 0.10074594225142253, 0.44402493474990185, -0.38283454827892527, 0.495304996836006, 0.7957270450213526, -0.06937676384360283, -0.30268092039813393, 0.035335763561072514], [0.020480802724354777, -0.6158364224616312, 0.04404949022617535, 0.13520898945928417, 0.5282495415116094, 0.6165763764059854, -0.5040694491310106, -0.11810939220886595, -0.2234575378935747, 0.17387582969203885, 0.7874407824439676, 0.042562618080150966], [-0.6913312263289164, -0.06950081294544397, -0.7111721499974392, -0.10568339948794273, -0.5864816154124552, -0.019197905502888607, 0.05564099851287646, 0.40463543435858595, -0.208573628781666, 0.3847659314234727, -0.10276338148093753, -0.23785906877277693]], "inverted": false, "swapped": false, "error_lsq": 0.055737909960737055, "error_max": 0.33901209342288524, "target": "1043.xyz", "model": "9.xyz", "model_rescale": 3.833441315466971, "target_rescale": 3.9168262963611276},
{"mapping": [7, 12, 6, 9, 4, 5, 8, 0, 1, 13, 2, 14], "R": [[0.017213456329569, 0.7637282613058388, 0.6453083292535058], [0.997112136258369, 0.034633203547225266, -0.06758645528749507], [-0.07396678070229995, 0.6446081632238436, -0.7609265610147413]], "T": [0.03811658251460332, -0.04965043013961483, -0.20587321663670968], "aligned_model": [[-0.4392778612139792, 0.36781197159906653, 0.47314100030680434, -0.728382703366724, 0.2804574799659802, 0.3415044028344298, -0.615982127911113, 0.4498619330113127, 0.7724487161103897, 0.06327966685388381, -0.30435361737839767, -0.04041621022451141], [-0.1632726779423136, -0.5281183919562557, -0.030949629259150832, 0.21206657975016208, 0.5291917874694834, 0.5082257014298077, -0.2822782902346575, -0.11766029794035429, -0.07942884466193079, 0.32199349702371194, 0.5175010899012815, -0.000298894731299397], [-0.6565377334151618, -0.36521378661889214, -0.727058024565626, -0.1623625511570296, -0.6979353637544103, 0.0268610820253736, 0.1485255955844326, 0.33233063501221194, -0.13185635024111894, 0.49906234921580794, 0.07288038500492597, -0.22621706150604465]], "inverted": true, "swapped": false, "error_lsq": 0.04434688513017087, "error_max": 0.24507967420423787, "target": "1043.xyz", "model": "10.xyz", "model_rescale": 4.2482417240324, "target_rescale": 3.9168262963611276},
{"mapping": [1, 2, 3, 0, 8, 9, 6, 5, 7, 4, 10, 11], "R": [[0.8374984517950583, 0.4848997540434717, -0.25192969608496213], [-0.3640976940737802, 0.15140204680425434, -0.9189724094844407], [-0.40746682369370474, 0.8613649915988364, 0.3033498621013371]], "T": [0.024229445528953234, 0.028472693657424976, -0.19830151277265795], "aligned_model": [[-0.4246418375417909, 0.1487878350440397, 0.4685645646687451, -0.7001892038542782, 0.09411727333589645, 0.42662062418568336, -0.24888647506114836, 0.39088577796757784, 0.6969538441821409, -0.1499547623610663, -0.13869229423259813, 0.05652730425394016], [-0.13313313649737685, -0.6734766714925052, -0.10666364895093372, 0.2496026493970208, 0.4069857872145427, 0.6641970535567543, -0.3978825973192437, -0.15780639440774982, 0.10388343943886072, 0.18684594740200045, 0.6500944277594739, 0.094324772747641], [-0.7194010048589611, -0.39707168848243424, -0.8634151100304563, -0.18570631391628242, -0.6765288211575533, 0.13822007599802066, 0.2068046435856451, 0.4302280454454054, -0.2159466133035894, 0.6445610824659306, -0.153076641965508, -0.0961884781957484]], "inverted": false, "swapped": false, "error_lsq": 0.05793313283925822, "error_max": 0.26184230293813443, "target": "1043.xyz", "model": "11.xyz", "model_rescale": 3.6694154284099745, "target_rescale": 3.9168262963611276},
{"mapping": [12, 2, 1, 5, 0, 4, 10, 8, 3, 11, 6, 13], "R": [[-0.7432461601053959, -0.4952356750135972, 0.449807482910646], [-0.42958125136660985, 0.8687018477878392, 0.24661112733267226], [-0.5128792196637351, -0.009936087953548806, -0.8584032736385023]], "T": [-0.09618068721552653, 0.06319378613588536, -0.0723118275087424], "aligned_model": [[-0.36687844226060157, 0.25565579562762575, 0.46075064782887865, -0.7687125715543855, -0.04064223281741494, 0.4917549366469963, -0.3638264720447161, 0.38998119239706075, 0.7589364234902277, 0.11780883623089966, -0.2656992892129263, -0.04903617374450268], [-0.2613568849759672, -0.4560447128708861, -0.052985963179845524, 0.3942440395875505, 0.5426947178307132, 0.5115479279652081, -0.5074361910009979, -0.3169745698088482, -0.03265630170232045, 0.3504591825200074, 0.5879943923944615, 0.12748599208940878], [-0.6044378347296746, -0.2537396199829721, -0.699052003336136, -0.3598485846614472, -0.5993148645135772, -0.10375885357115142, 0.006909068499632326, 0.36554259951115686, -0.10123220515102474, 0.5732233960093231, 0.05299819085031801, -0.16481011333997864]], "inverted": true, "swapped": false, "error_lsq": 0.04454682742879488, "error_max": 0.28938130321151273, "target": "1043.xyz", "model": "12.xyz", "model_rescale": 3.9764082729961374, "target_rescale": 3.9168262963611276},
{"mapping": [5, 13, 6, 0, 4, 3, 1, 11, 14, 8, 7, 15], "R": [[0.07842889270013859, 0.5380120261075079, 0.8392806256274028], [-0.5083552712098367, 0.7457784248626473, -0.4305687625020682], [-0.8575685552904817, -0.3928836987876736, 0.33199182550766676]], "T": [-0.06140327971236009, -0.060973504475790294, -0.140248462146371], "aligned_model": [[-0.40952889949533117, 0.3482265987208425, 0.4068889596879509, -0.651498379222988, -0.10534880529764101, 0.4414758313649488, -0.4626063660327901, 0.5375690422711987, 0.7340076618581823, 0.02743399165837289, -0.23723372873894652, -0.00929325618665721], [-0.16308707234571657, -0.503952876833569, -0.10128878453721782, 0.3259025373262752, 0.44179312047112584, 0.5172777801098627, -0.3034897266108027, -0.16913337711084286, -0.0030486681871691873, 0.14561814194604544, 0.6713661394869178, 0.02901441513357561], [-0.8960296989750678, -0.24248927859071975, -0.7425240323052827, -0.31119475580426165, -0.6512848927457445, 0.20786286894003503, 0.2881725268227954, 0.36973026113392804, -0.19291901317698948, 0.5298863507776159, -0.07863679118483044, -0.16809436930700952]], "inverted": false, "swapped": false, "error_lsq": 0.04815565399615963, "error_max": 0.2474682985501612, "target": "1043.xyz", "model": "13.xyz", "model_rescale": 4.170626492500431, "target_rescale": 3.9168262963611276},
{"mapping": [12, 7, 9, 5, 11, 3, 4, 0, 1, 2, 6, 13], "R": [[-0.05863433848589006, -0.9982724886721263, 0.003748694530344452], [-0.9982372605157505, 0.05866599756307206, 0.008981784229187958], [-0.009186188999369406, -0.0032154455817799857, -0.9999526362990293]], "T": [0.0596220944724684, -0.021462935258504248, -0.12044513955246736], "aligned_model": [[-0.527030809149653, 0.4698386508065155, 0.5458223075541786, -0.6846402639874295, -0.016618467964555864, 0.3914554316090533, -0.49907801182751127, 0.40867841787139775, 0.8266235810397401, 0.0382600860204008, -0.34458515752317104, 0.011366886138176546], [-0.23628676755786854, -0.7098786768715667, 0.12641618636890956, 0.3903514961953213, 0.4751939766253704, 0.5759766173083795, -0.27637873553147413, -0.30333535218029467, -0.06533474450242721, 0.1476968538891809, 0.7080298133228856, 0.05452096178206825], [-0.501752381726179, -0.2438791158214872, -0.7513552414290205, -0.44247346778198815, -0.6176160755980139, -0.028650685344367946, 0.23442843876043454, 0.27270372563955236, -0.14490845602032448, 0.515055291263082, -0.011146950036857839, -0.16792590632036164]], "inverted": false, "swapped": false, "error_lsq": 0.041563352891146675, "error_max": 0.24375926130824585, "target": "1043.xyz", "model": "14.xyz", "model_rescale": 3.9786697098870705, "target_rescale": 3.9168262963611276},
{"mapping": [4, 0, 2, 10, 5, 8, 1, 9, 3, 6, 7, 11], "R": [[0.7938139514580883, -0.6081393093397038, 0.0050981277273208225], [0.3700579382964185, 0.48966092782807674, 0.7894867307702843], [-0.48261426913664734, -0.624818978740543, 0.6137464550050981]], "T": [0.02058805806396949, 0.0807807366589893, -0.11969864499994677], "aligned_model": [[-0.25747562383083433, 0.2438527636940631, 0.47756993909182177, -0.7978238813814661, 0.02703752293918842, 0.38745412546095526, -0.4652905244635941, 0.460354925201229, 0.9206888085876616, -0.1618437062832005, -0.24165431686424413, 0.027222618435561688], [-0.05752134873281009, -0.5720471252005871, -0.0971296132250776, 0.19528728696810937, 0.6353084448457235, 0.4032515508104677, -0.3296683503715625, 0.018989819180773526, -0.10574046374840365, 0.08209613512263689, 0.6489074251732049, 0.06523786802600948], [-0.6473991775736143, -0.20787029621792508, -0.8361921090897512, -0.21670965368634665, -0.7003164306265491, -0.3031379773012491, 0.1172098636888174, 0.31642204143295427, -0.1330295492426946, 0.6510624151788719, 0.09322624311926338, -0.020786194097308433]], "inverted": false, "swapped": false, "error_lsq": 0.054297967897656924, "error_max": 0.3014858730408344, "target": "1043.xyz", "model": "15.xyz", "model_rescale": 3.769337070930944, "target_rescale": 3.9168262963611276},
{"mapping": [0, 1, 4, 2, 3, 6, 10, 9, 5, 8, 11], "R": [[0.5958608418789948, -0.48356078685475207, -0.6411854821591555], [-0.06688810790793215, -0.8255088872931176, 0.5604115077517376], [-0.8002973435765938, -0.2910395890879661, -0.5242328866522543]], "T": [0.08047931435778785, -0.14026026243733733, 0.03495278727682867], "aligned_model": [[-0.17805050932555103, -0.5646060211891366, -0.11773427892903757, -0.6443538091373359, 0.5131118722920874, 0.32649744543556536, 0.5604033349375508, 0.5424876555313158, 0.08172882007368823, -0.5518394081066565, -0.04501897089131934], [0.10555386429904026, -0.504180919780981, 0.6556898945606854, 0.23963371241631945, 0.20477195757640157, -0.5028373195727286, 0.3769155975582337, -0.34269748338645534, 0.35192409419913184, -0.016857214444480073, 0.028148314200175245], [-0.6660815828927468, -0.035489744809013304, -0.13056609314736173, 0.0869831988532735, -0.7409871900580689, -0.3402530259006918, -0.05488526836001302, 0.533484497130564, 0.4931469260897406, 0.6230651826894337, -0.024199292371339207]], "inverted": true, "swapped": true, "error_lsq": 0.05323598814147046, "error_max": 0.3694796208687018, "target": "1043.xyz", "model": "16.xyz", "model_rescale": 3.7852294659196426, "target_rescale": 3.9168262963611276},
{"mapping": [1, 5, 7, 3, 2, 11, 0, 10, 6, 9, 8, 12], "R": [[-0.06990930119839167, 0.8199510534247667, 0.5681487125687853], [0.9419847799986218, -0.13317439094548622, 0.30810591660538955], [0.32829462964980255, 0.5567269093405801, -0.7630712840614466]], "T": [-0.026365675043884373, 0.035775183636281946, -0.17858856759589226], "aligned_model": [[-0.25538356206233104, 0.19748190362931267, 0.4972196010045415, -0.7885792610270179, -0.08150845972994192, 0.4403194979093859, -0.5021383872157501, 0.45641011706749574, 0.8283998056180419, 0.028357662062228062, -0.22481013967885002, 0.024323873010026947], [-0.20829861022546753, -0.5079164313791575, 0.11758327658825439, 0.13536352750792546, 0.43413506663179774, 0.597042850292834, -0.15686793452397252, -0.2760034224954111, -0.20246988227667695, 0.3201625732639862, 0.5802466278715661, 0.05399398759280613], [-0.7804464784208709, -0.4726985807617702, -0.6374925878542429, -0.3825689153507472, -0.6394092463280159, -0.10706493412583212, 0.27116259818007654, 0.3861916645200594, -0.17567351375407897, 0.6358995873262974, 0.11869337285888087, -0.10411379070528748]], "inverted": false, "swapped": false, "error_lsq": 0.04839180365272481, "error_max": 0.2792935805301771, "target": "1043.xyz", "model": "17.xyz", "model_rescale": 3.901054581598922, "target_rescale": 3.9168262963611276},
{"mapping": [4, 8, 1, 10, 6, 7, 5, 3, 0, 13, 11, 14], "R": [[-0.3090482411183719, -0.0705434135306714, 0.9484264923909926], [-0.949402362137948, -0.03572715590531317, -0.31202359702080606], [0.05589579079434864, -0.9968686960369246, -0.05593266874659453]], "T": [0.021476165609493815, 0.03983260086547123, -0.0924370563515518], "aligned_model": [[-0.2898472757112128, -0.032265112625463103, 0.42916820216171975, -0.7529075028634373, 0.048527549566004365, 0.48203654080862185, -0.32114964473700736, 0.5882448506718911, 0.7624397437813528, -0.008380494990427777, -0.29351046361132827, 0.007736258136428555], [-0.21316625640890008, -0.5850849762281846, 0.032541095647306686, 0.1466955545318468, 0.5995803786225832, 0.500231097165924, -0.365160434603892, 0.0959601135406251, -0.11554756892084957, -0.06194957770718766, 0.7728489102254283, 0.08002329298378413], [-0.7740845187629533, -0.30925068367451436, -0.657609230754528, -0.34015461984870143, -0.5921133447545068, -0.21731455311523934, 0.2372207090678825, 0.41651171264815473, -0.14075369074815208, 0.626069148383942, -0.07824189692702159, -0.05779985592989423]], "inverted": true, "swapped": false, "error_lsq": 0.0631020033754458, "error_max": 0.3964981933382645, "target": "1043.xyz", "model": "18.xyz", "model_rescale": 3.9405287249114394, "target_rescale": 3.9168262963611276},
{"mapping": [1, 8, 4, 3, 12, 13, 2, 9, 7, 11, 14, 15], "R": [[-0.588873670092311, 0.8073080872419857, -0.03848964725349724], [-0.07470639602694021, -0.006950842405824387, 0.9971813476908378], [0.8047650309653608, 0.5900892627929575, 0.0644042457590025]], "T": [0.04766213908607007, 0.04004298884893118, -0.21005489599942442], "aligned_model": [[-0.4341006105932158, 0.3480691334289459, 0.5000182599465719, -0.7052600686441503, -0.04107534243402177, 0.39163131879200574, -0.5705794867577806, 0.5526361173104081, 0.7409432407461943, 0.04044151282239994, -0.22013410467962588, 0.017502680649410355], [-0.1965629611439159, -0.6538497481717812, 0.06370920630545407, 0.3749771908313616, 0.42849995097531035, 0.548445000747657, -0.4452924036933311, -0.1154046865261677, -0.0792211096059819, 0.21443363083456565, 0.720173389369497, 0.027064168925816166], [-0.594036277616912, -0.23330705279703878, -0.7840574035613843, -0.4253589236510422, -0.5860414784174796, 0.06296972391922065, 0.16082531624281263, 0.346584258654018, -0.1824335665237476, 0.4890509389383302, 0.04577077157305395, -0.18748713117536203]], "inverted": false, "swapped": false, "error_lsq": 0.042937439992965815, "error_max": 0.2110984031920069, "target": "1043.xyz", "model": "19.xyz", "model_rescale": 4.410303926677745, "target_rescale": 3.9168262963611276},
{"mapping": [10, 11, 6, 5, 3, 2, 8, 12, 4, 7, 1, 13], "R": [[-0.2151364571436205, -0.8837895987232384, 0.41549037292855384], [0.06943395535129368, 0.4105335392847743, 0.9091980746606272], [-0.9741125349013665, 0.22445079262710194, -0.02695572364267057]], "T": [0.08615218423928087, 0.14122971398388318, -0.18968051323400867], "aligned_model": [[-0.42305463255043685, 0.43738322497003235, 0.44392639705457093, -0.7189447988862007, -0.04861453821164313, 0.5504164262366296, -0.5328085275791103, 0.2929206441459748, 0.7709859569231841, 0.04511188477728548, -0.21658920120381583, 0.019359814910671055], [-0.3555827059713749, -0.5741997406550692, 0.08329297080150241, 0.1627610049395088, 0.46648019464844026, 0.5179420578220315, -0.09876113371886053, -0.3436315394637554, -0.02016838457705228, 0.24354729599083427, 0.7006521271465115, 0.10463948188576744], [-0.600800751267014, -0.41756376394780004, -0.6426118210637469, -0.4142377982202968, -0.8237252680027215, 0.09519709444460114, 0.19806890540059072, 0.3514583840757006, -0.18284292694287138, 0.5136685972325031, 0.20845778982623545, -0.17258926595071206]], "inverted": true, "swapped": false, "error_lsq": 0.05467480156213558, "error_max": 0.2691871180215223, "target": "1043.xyz", "model": "20.xyz", "model_rescale": 4.121658175737393, "target_rescale": 3.9168262963611276},
{"mapping": [5, 8, 9, 0, 7, 4, 1, 6, 10, 2, 3, 12], "R": [[0.014929315056652348, -0.6548378962423543, 0.7556218930105367], [-0.9923130771379699, 0.0831447806197742, 0.09166080076381292], [-0.12284898246592443, -0.7511819187790515, -0.6485629132216164]], "T": [0.13325733058298023, 0.05923225113284116, -0.18792149974078032], "aligned_model": [[-0.36466938677418076, 0.1834754925289554, 0.6477623535237755, -0.8349033344268941, -0.0530083534558477, 0.3374668400538743, -0.369304739393229, 0.3678858787740587, 0.8778534873860278, 0.08560160832436187, -0.3061323794276015, 0.04806518347384206], [-0.21365296683101395, -0.5589898156138213, -0.036659251256469357, 0.28214141154311595, 0.4447142798827372, 0.515349699656357, -0.1413388862901513, -0.41908767061630164, 0.0704550159089099, 0.24948027845904464, 0.5957337399103816, 0.09882579409569553], [-0.5640945609047685, -0.45056710709933473, -0.6866722153481412, -0.19976056353489352, -0.7203938090279353, 0.09383540136542534, 0.2474834274792932, 0.1846156915619811, 0.04472341099638977, 0.5453903400951899, -0.14616580283270242, -0.23591503716603526]], "inverted": true, "swapped": false, "error_lsq": 0.04825783394528466, "error_max": 0.24799928692109263, "target": "1043.xyz", "model": "21.xyz", "model_rescale": 4.08911054899281, "target_rescale": 3.9168262963611276},
{"mapping": [6, 12, 13, 8, 0, 2, 5, 14, 3, 15, 1, 16], "R": [[-0.734250617120617, 0.5566762370229049, -0.3885712269224416], [0.6438343633439584, 0.7525222893757523, -0.13851901158381183], [0.21529826714461223, -0.35188317823774273, -0.9109472460235182]], "T": [-0.011878854232579589, 0.0055192371496045195, -0.15012622209421192], "aligned_model": [[-0.5088627572952062, 0.3764448128474691, 0.5063814811077446, -0.6684580014834737, -0.020623842207161874, 0.3500368345275794, -0.550093733916899, 0.4495191790469265, 0.8551461211815596, 0.11537389256499145, -0.2958781332204269, 0.011106797434038085], [0.018183390350266282, -0.6150837355979505, -0.14380841504047748, 0.22836934903763167, 0.439210026118714, 0.5898372339449647, -0.4055516228852107, -0.2459428273081502, 0.0111596533264837, 0.2545874534135963, 0.7370867454271481, 0.018924378061468503], [-0.7054736339651205, -0.2451324631338715, -0.5320129109596011, -0.1520417081566892, -0.7919324412351221, 0.07087907699060605, 0.04754660169499442, 0.21825031213606613, -0.09997942750133534, 0.5231335940048332, -0.03116500306461209, -0.1895928212256797]], "inverted": true, "swapped": false, "error_lsq": 0.04258859772253207, "error_max": 0.2564760482090675, "target": "1043.xyz", "model": "22.xyz", "model_rescale": 4.204369325754507, "target_rescale": 3.9168262963611276},
{"mapping": [1, 8, 4, 3, 12, 13, 2, 9, 7, 11, 14, 15], "R": [[-0.588873670092311, 0.8073080872419857, -0.03848964725349724], [-0.07470639602694021, -0.006950842405824387, 0.9971813476908378], [0.8047650309653608, 0.5900892627929575, 0.0644042457590025]], "T": [0.04766213908607007, 0.04004298884893118, -0.21005489599942442], "aligned_model": [[-0.4341006105932158, 0.3480691334289459, 0.5000182599465719, -0.7052600686441503, -0.04107534243402177, 0.39163131879200574, -0.5705794867577806, 0.5526361173104081, 0.7409432407461943, 0.04044151282239994, -0.22013410467962588, 0.017502680649410355], [-0.1965629611439159, -0.6538497481717812, 0.06370920630545407, 0.3749771908313616, 0.42849995097531035, 0.548445000747657, -0.4452924036933311, -0.1154046865261677, -0.0792211096059819, 0.21443363083456565, 0.720173389369497, 0.027064168925816166], [-0.594036277616912, -0.23330705279703878, -0.7840574035613843, -0.4253589236510422, -0.5860414784174796, 0.06296972391922065, 0.16082531624281263, 0.346584258654018, -0.1824335665237476, 0.4890509389383302, 0.04577077157305395, -0.18748713117536203]], "inverted": false, "swapped": false, "error_lsq": 0.042937439992965815, "error_max": 0.2110984031920069, "target": "1043.xyz", "model": "23.xyz", "model_rescale": 4.410303926677745, "target_rescale": 3.9168262963611276},
{"mapping": [4, 6, 9, 3, 10, 11, 0, 13, 14, 7, 1, 16], "R": [[0.39607291804770517, 0.5419101090981782, 0.741255473670432], [0.9122531726700887, -0.3241080466909392, -0.25049575450203043], [0.10450068201946483, 0.7754272420591016, -0.622729636142429]], "T": [0.09144183534450043, -0.02431797276712369, -0.21703359237763742], "aligned_model": [[-0.381595854288692, 0.44385578400705494, 0.475968065011218, -0.750761480322855, -0.024825398348690797, 0.44519276382520834, -0.5246303567249728, 0.4660560222604453, 0.7647561855342747, 0.03427496942397737, -0.30995914416261416, -0.01823890562721231], [-0.12610634217167738, -0.682126540572604, 0.19031109208832372, 0.26461348356351155, 0.47448793592716887, 0.4872153603069117, -0.1835165897322311, -0.29996589586391875, -0.09113256492501942, 0.1702316528199153, 0.6583098869892643, 0.02465015041883971], [-0.7066853513161753, -0.07215299785384865, -0.662560164925178, -0.34534249018146196, -0.6188526338585121, -0.09906996932388526, 0.18977922158140992, 0.31009927254625036, -0.19876925231478482, 0.41606457481846626, 0.11346876511089754, -0.21349979869870986]], "inverted": false, "swapped": false, "error_lsq": 0.042686631148074715, "error_max": 0.2678293394475748, "target": "1043.xyz", "model": "24.xyz", "model_rescale": 4.28219845311461, "target_rescale": 3.9168262963611276},
{"mapping": [4, 9, 13, 0, 2, 14, 1, 11, 12, 10, 6, 15], "R": [[0.39843719184875975, 0.0858354020085238, 0.9131703498875281], [-0.19345104218741005, 0.9810788322855764, -0.007811473470198088], [-0.8965626015110602, -0.17354137432671732, 0.4075032428932494]], "T": [0.034002438449754355, -0.09315032414321646, -0.17532592663541685], "aligned_model": [[-0.41578986701025544, 0.3619032411395229, 0.4045698108777666, -0.6460666635419173, -0.005146165220578633, 0.4396026990245657, -0.5256899003996638, 0.42192600114855056, 0.797037791292217, 0.17561786080078462, -0.3612950130040987, -0.02657714451975144], [-0.17543950177768675, -0.6831045830533566, 0.0012182836471009706, 0.3159933322801247, 0.4940902871127498, 0.5295159739728941, -0.32918429396945603, -0.11686604129821332, -0.04774646843002521, 0.31257662923974344, 0.643079456466555, -0.05716144534194537], [-0.7459080383589829, -0.13914969316560105, -0.6299585753668083, -0.36416886921095193, -0.5251771460277492, -0.008233931894036678, 0.026935908044300377, 0.20602685690168016, -0.1636880388554599, 0.49178390710922176, 0.1621689177376472, -0.19815212132879084]], "inverted": false, "swapped": false, "error_lsq": 0.042058052120081235, "error_max": 0.22085893249227692, "target": "1043.xyz", "model": "25.xyz", "model_rescale": 4.100010024507729, "target_rescale": 3.9168262963611276},
{"mapping": [1, 2, 3, 0, 8, 9, 6, 5, 7, 4, 10, 11], "R": [[0.8374984517950583, 0.4848997540434717, -0.25192969608496213], [-0.3640976940737802, 0.15140204680425434, -0.9189724094844407], [-0.40746682369370474, 0.8613649915988364, 0.3033498621013371]], "T": [0.024229445528953234, 0.028472693657424976, -0.19830151277265795], "aligned_model": [[-0.4246418375417909, 0.1487878350440397, 0.4685645646687451, -0.7001892038542782, 0.09411727333589645, 0.42662062418568336, -0.24888647506114836, 0.39088577796757784, 0.6969538441821409, -0.1499547623610663, -0.13869229423259813, 0.05652730425394016], [-0.13313313649737685, -0.6734766714925052, -0.10666364895093372, 0.2496026493970208, 0.4069857872145427, 0.6641970535567543, -0.3978825973192437, -0.15780639440774982, 0.10388343943886072, 0.18684594740200045, 0.6500944277594739, 0.094324772747641], [-0.7194010048589611, -0.39707168848243424, -0.8634151100304563, -0.18570631391628242, -0.6765288211575533, 0.13822007599802066, 0.2068046435856451, 0.4302280454454054, -0.2159466133035894, 0.6445610824659306, -0.153076641965508, -0.0961884781957484]], "inverted": false, "swapped": false, "error_lsq": 0.05793313283925822, "error_max": 0.26184230293813443, "target": "1043.xyz", "model": "26.xyz", "model_rescale": 3.6694154284099745, "target_rescale": 3.9168262963611276},
{"mapping": [7, 9, 12, 5, 6, 2, 8, 10, 11, 4, 0, 13], "R": [[-0.15027402493441855, 0.5024629254684538, -0.8514392086107456], [0.5052045712815241, 0.7793112458261895, 0.37073214493092443], [0.8498153085148921, -0.3744395687671317, -0.3709568044331082]], "T": [-0.027865464316241498, 0.045705238290999387, -0.21339249707770994], "aligned_model": [[-0.45672977670787507, 0.218780372110763, 0.6107287909938527, -0.7838857261499672, 0.14670291005115949, 0.4227427259651635, -0.31367553152614397, 0.270973205501418, 0.8233058906462027, -0.09228901534000193, -0.23511997438637883, 0.008558779428949309], [-0.24857046414094258, -0.5732410646204003, 0.05063098597236464, 0.2757259917418496, 0.4827840606300875, 0.5320750155522964, -0.37260063731491905, -0.187967921158477, -0.03615347083896535, 0.24237558434438738, 0.6342905971467235, 0.08762295153447971], [-0.5678014941890728, -0.3580812698138347, -0.6844614171437393, -0.1746327705575448, -0.7130708111336536, -0.06330470669689206, 0.17608149736233755, 0.25349402432459844, -0.14280959917627375, 0.5820325158214671, 0.004658383519932419, -0.19962517673285593]], "inverted": true, "swapped": false, "error_lsq": 0.040248134549107493, "error_max": 0.2248950723777527, "target": "1043.xyz", "model": "27.xyz", "model_rescale": 4.103607728864725, "target_rescale": 3.9168262963611276},
{"mapping": [5, 1, 8, 9, 11, 13, 0, 2, 4, 12, 10, 14], "R": [[0.9985006362123848, 0.040973448239117805, -0.036299531992294784], [0.05399496311774522, -0.6281703737043857, 0.776200055113375], [0.009001302204494136, -0.7769962407499083, -0.6294408776200785]], "T": [-0.058711113169067575, 0.22228243354559518, -0.1789406196309989], "aligned_model": [[-0.43662934491396116, 0.12103488636291815, 0.5887916444929626, -0.867996822465595, 0.13365896783881903, 0.512740156960948, -0.3388905041242556, 0.28790929530180903, 0.773141752477547, 0.2733868137024102, -0.38990486290118354, -0.037149332145277006], [-0.18332208603155775, -0.6486326511948626, 0.05709200081970606, 0.13485257181595475, 0.695492031445671, 0.5175733223180468, -0.40398662941884844, -0.195837380962056, -0.11440368527082789, 0.38389640682019655, 0.5731024860431755, 0.07114524246388601], [-0.6562279483914311, -0.2887546574341773, -0.6540535289089091, -0.2657541327458609, -0.6384269217636691, -0.10071485770777446, 0.01848863513957627, 0.31739678514487685, -0.0513766966497487, 0.5962274316551717, -0.014589570928144974, -0.14973536182544117]], "inverted": false, "swapped": false, "error_lsq": 0.047029786069961256, "error_max": 0.25603498302093547, "target": "1043.xyz", "model": "28.xyz", "model_rescale": 4.137296879288765, "target_rescale": 3.9168262963611276},
{"mapping": [10, 3, 0, 1, 8, 4, 5, 6, 7, 9, 11], "R": [[-0.02472666852013894, -0.9920074551792923, 0.12373277953961767], [-0.9943292309247331, 0.011599227358681019, -0.10571110846694727], [0.10343100305287692, -0.12564500305776624, -0.986668820230015]], "T": [-0.07601026055443749, -0.005453388678053212, 0.08406928686641492], "aligned_model": [[0.5474112841424104, 0.20882270716419543, -0.12775287544685676, -0.6657899860213922, -0.06674590239899728, 0.5155476791292161, 0.4741026747709153, -0.39521283083837405, -0.3234774268396534, 0.04346324814127252, 0.011050438907162313], [-0.33732054879849555, -0.8935215729810344, -0.4632569831805231, 0.27776083170515714, 0.8281888929160686, -0.04250284935858902, 0.38120512827947095, -0.4531821123207455, 0.43855378385374894, 0.1726614727853303, 0.0105617737475634], [0.16820356985260432, -0.1121604050465783, -0.5534650364924711, -0.2701694265834798, -0.1726137602509621, -0.5066153347602547, 0.07633490410969737, 0.2584686979077996, 0.2730731343780111, 0.7600630577807791, -0.11536537911214693]], "inverted": true, "swapped": true, "error_lsq": 0.057110423872853304, "error_max": 0.35516231454041963, "target": "1043.xyz", "model": "29.xyz", "model_rescale": 3.607286011436655, "target_rescale": 3.9168262963611276},
