[{"mapping": [2, 12, 9, 3, 4, 7, 8, 5, 10, 11, 0, 13], "R": [[0.7834901797423853, 0.6004537128172955, 0.15999524058911654], [0.5348556664394117, -0.5205565477957054, -0.6655451123888375], [-0.3163424636764679, 0.6070224207646223, -0.7290070139334466]], "T": [-0.08555441563926745, -0.038209613898658804, 0.12012715306479617], "aligned_model": [[-0.21813980557623852, 0.08284450535587905, 0.44748695568615304, -0.10351790776596081, 0.03109584452690216, -0.6865114866892797, 0.5084216710249144, -0.23783339157563077, 0.5490049373115771, 0.14344404635664587, -0.5520890212580181, -0.12656388493639503], [-0.33217843631102234, -0.6431956411053189, -0.29985726368368654, 0.6489008509585331, 0.2581971715578418, -0.5217595398794355, -0.20719873553335877, -0.522343125522331, 0.2680233441956417, 0.36652250409623693, 0.0809107462017645, -0.042466838997807316], [-0.5612496043608829, -0.0868581348969258, -0.5370762388059199, -0.11873530179002699, -0.642851269098558, 0.03442830931932235, 0.41258604379539937, 0.6312362102940111, -0.010749186765996996, 0.6374615488082217, 0.3752719760304527, 0.04848739282446614]], "inverted": false, "swapped": true, "error_lsq": 0.037485371470291934, "error_max": 0.21679049722215388, "target": "1045.xyz", "model": "0.xyz", "model_rescale": 3.751011558992144, "target_rescale": 4.086776410682261},
{"mapping": [13, 2, 10, 8, 4, 12, 5, 9, 7, 6, 1, 0, 11, 14], "R": [[-0.04768912684214107, -0.8627758719554726, -0.5033324368173663], [0.9365666458907935, 0.13654759919905166, -0.3227966402517912], [0.34722998860395593, -0.48679826203926513, 0.8015352687746482]], "T": [0.0554528185044354, -0.09496430891918096, 0.007260489033749585], "aligned_model": [[-0.5690933500958664, -0.05359646300983684, -0.061219422914700616, 0.37156379383740856, 0.5929995660230867, -0.40610167722691615, -0.2797119075031721, -0.5368890979439336, 0.24373699595376896, 0.37830885467364495, 0.7214469078490837, 0.43216613752014493, -0.2545752419864411, 0.009888584061224635], [-0.14656523550685777, -0.3754601155185996, -0.49514164387118653, -0.6375079797866406, -0.5288930514182615, 0.4871993000569461, -0.6019626961554968, -0.2609189636101863, 0.5408234409512362, 0.33264020076045037, 0.10885646807413878, 0.2270419399628763, 0.296859392867188, -0.06911911169133211], [-0.3598656826873022, -0.76291381504908, 0.7134470343614029, -0.20753818092388973, 0.39238814394195537, 0.0019610615854402207, -0.13662588549712928, 0.2434378121173944, 0.007088925098446958, 0.5332301730278832, -0.0171221535561757, -0.5671118374728119, 0.6294242756312723, 0.023376901886031854]], "inverted": false, "swapped": false, "error_lsq": 0.044566667020085146, "error_max": 0.3597934045696761, "target": "1045.xyz", "model": "1.xyz", "model_rescale": 3.9405287249114394, "target_rescale": 4.086776410682261},
{"mapping": [5, 1, 6, 10, 3, 7, 8, 11, 4, 2, 9, 12, 13], "R": [[0.7994927950155672, 0.08199499584835346, -0.5950530155994715], [-0.5742239694791423, 0.3950672226293291, -0.717069538106009], [0.1762898283901071, 0.9149856339089575, 0.362936890032427]], "T": [-0.05448368352381766, 0.07564595003973809, 0.038069745034074134], "aligned_model": [[-0.4030702688198347, 0.36368062652383315, -0.21735625295729954, 0.5227989696357431, 0.41660368360166317, -0.800695712032943, 0.2257570355685543, 0.5138407690201405, 0.0687197332108038, -0.5181830380953925, -0.10102029672758572, -0.4769564718379236, -0.09813549780582795], [0.6253058241287303, 0.3897407741345783, 0.08135510044920222, -0.2665719969215379, -0.16842980819492756, 0.20867056227039382, 0.163323866698927, 0.4747610180553088, -0.6934958769494193, -0.5138631458969833, -0.7101178227169668, -0.1534266154477081, 0.021580713962419208], [0.3465629010994376, -0.6906258555081761, -0.6297586711254551, 0.2894746545063296, -0.4599287158891301, -0.12862244143402451, 0.6550582699030809, 0.07804147349157152, -0.23913434301130249, -0.037645340074228914, 0.4441713721221221, 0.4922191720020366, -0.006692126493616744]], "inverted": false, "swapped": true, "error_lsq": 0.05495408215173541, "error_max": 0.33559211227239655, "target": "1045.xyz", "model": "2.xyz", "model_rescale": 3.932901565614263, "target_rescale": 4.086776410682261},
{"mapping": [9, 8, 4, 3, 0, 12, 7, 5, 10, 2, 1, 11, 6, 13], "R": [[0.3170122105121387, 0.5991974073406316, -0.7351637405520439], [0.9480343374370426, -0.22234641361250418, 0.227580683261926], [-0.027095265758344977, -0.7691063251527208, -0.6385462451409156]], "T": [0.10099407218433723, -0.13328483402883667, -0.027627059711043712], "aligned_model": [[-0.5674899436160628, -0.006660934812778824, -0.05106993055784828, 0.4243514025388322, 0.5446686249707042, -0.4330860009913139, -0.30331111805565536, -0.5419919002795704, 0.13370872289597538, 0.36753773267491363, 0.7407767934641878, 0.35249965632409463, -0.09484104557959408, 0.023831620261611425], [-0.1886879688916289, -0.3952353293243216, -0.5105245738375384, -0.44024653173828543, -0.487772603795372, 0.41248378560296334, -0.7214596280342032, -0.056086624071063185, 0.5772334503026184, -0.023829222012621082, 0.17006866119751046, 0.2702166781545538, 0.32157093786386454, -0.04987908630220239], [-0.32738121340301696, -0.7048117191761043, 0.7455437637923159, -0.27642422835764624, 0.32795927500778665, -0.032616991717194045, -0.009453667378005577, 0.28447734789741264, -0.11270913514843359, 0.7541489946860833, 0.19014196333369762, -0.783695951532196, 0.442954595379803, -0.004956260921064014]], "inverted": false, "swapped": false, "error_lsq": 0.042381658535551474, "error_max": 0.21340414969949428, "target": "1045.xyz", "model": "3.xyz", "model_rescale": 3.9243930471874484, "target_rescale": 4.086776410682261},
{"mapping": [3, 10, 4, 6, 2, 11, 0, 9, 12, 8, 7, 5, 13], "R": [[-0.11126601159149088, -0.6947613104294527, 0.710581871563631], [0.06125350333793089, 0.7088677449298546, 0.7026766884754989], [-0.9919011457768123, 0.12170966160668123, -0.03631632247674349]], "T": [-0.07398156594202836, -0.1028527159654884, -0.04112556613752617], "aligned_model": [[0.03176073643610207, -0.2557885797491731, 0.5199870283784369, 0.2799473318723645, 0.6443598392887167, -0.7005172838640098, -0.1428615341585857, 0.35694157797454434, 0.15077723503998552, -0.5417100152567352, 0.3208839266630624, -0.39414273644682046, 0.007568360133464319], [-0.6415482322517134, 0.03611581908134667, -0.19545611115587652, -0.6643543200602967, 0.12481516668789308, -0.3464370819541571, -0.4978861030037783, 0.4864787123542237, 0.5031662331330327, 0.3514674476358536, -0.057635407359058616, 0.1453080964043036, -0.11620466583018547], [-0.5187493265659772, -0.7202476239191529, -0.6087753336073599, 0.13777425385470876, -0.061711980940211346, -0.22001913999144912, 0.3278558049640742, -0.5426259211728869, 0.0982792897853438, -0.24538129842929807, 0.6254709098001026, 0.5544578856775821, -0.039257204084512255]], "inverted": false, "swapped": true, "error_lsq": 0.049214453666782315, "error_max": 0.3499263079218913, "target": "1045.xyz", "model": "4.xyz", "model_rescale": 3.8936222436046832, "target_rescale": 4.086776410682261},
{"mapping": [7, 0, 6, 2, 3, 11, 8, 10, 9, 12, 4, 13], "R": [[0.10746018162261478, 0.08589856255872846, 0.990491668978583], [0.8186398587449173, -0.5729729178530966, -0.0391256575792735], [0.5641640639386176, 0.8150604102502176, -0.13189176093680216]], "T": [-0.19099073140753925, -0.1503894097038396, 0.004428743854164231], "aligned_model": [[0.005099645548184345, -0.5848761947401568, -0.4195630361359937, 0.43967418543764686, -0.4723214920184692, -0.7494162207860144, -0.11284131149816096, -0.1101129341196844, 0.5976217229484526, 0.3953595752955968, 0.18880042002365022, -0.14987631773995455], [-0.6443096686140589, -0.34294435842442306, 0.006275759931757885, -0.01902541547996653, 0.506192306899185, -0.07441071077981559, -0.2753997289061392, 0.3434042281015237, 0.18538914256468128, -0.44277488841103774, 0.5506718298837681, -0.12414559165566763], [-0.5611732061811584, -0.3191758182504771, -0.6246702847864621, -0.38707617746533557, -0.1343235637361084, 0.4121927320563672, 0.6716335143616189, 0.5174584101863324, 0.22770448176574729, 0.0933851871875459, -0.21436832648918086, -0.0623022293733709]], "inverted": false, "swapped": true, "error_lsq": 0.04528116803834445, "error_max": 0.2691364830226192, "target": "1045.xyz", "model": "5.xyz", "model_rescale": 3.6523030999806103, "target_rescale": 4.086776410682261},
{"mapping": [7, 2, 4, 6, 3, 5, 9, 0, 8, 11, 10, 1, 13], "R": [[-0.09612336848588847, -0.9050423440826634, -0.41431709287487095], [0.9317508315235565, -0.22823774647072656, 0.28239674049309665], [-0.350143807579239, -0.3588953698549518, 0.8652129376694447]], "T": [-0.02805914920989304, -0.10947676010750573, 0.014544125435863475], "aligned_model": [[0.06591951764869572, 0.006136157851311677, 0.2636855338474141, 0.6211273910042062, 0.5139217078303299, -0.3713145642936252, -0.43260838698684684, 0.3190282345821339, -0.615923675020191, -0.015683249909414346, -0.22139120923415534, 0.735571313860269, 0.01261413348416647], [-0.6457507091818423, 0.11525107484409966, 0.5798569046999452, -0.24379128737224573, 0.3266509525660264, -0.7411355780440269, 0.5384450792010841, -0.5191493701031257, 0.010108443301250658, -0.12028650946139266, 0.5105611931835938, -0.17824869505477356, -0.09168459441540971], [0.5676196046428463, 0.7332922878043923, 0.36569149737433165, 0.19639930263163327, -0.19887592785112998, -0.030059346511558144, 0.46292576960737397, -0.07841704790148646, -0.3125824493737327, -0.6808789446356965, -0.2883559643849298, -0.45091603806396396, 0.08426699614370915]], "inverted": false, "swapped": true, "error_lsq": 0.059380568157063954, "error_max": 0.3606989075195137, "target": "1045.xyz", "model": "6.xyz", "model_rescale": 4.08911054899281, "target_rescale": 4.086776410682261},
{"mapping": [12, 5, 9, 4, 3, 13, 10, 11, 2, 0, 6, 7, 1, 14], "R": [[-0.1517771995362271, -0.11560717461940354, -0.9816306142727309], [0.9676130601106067, -0.22005645003594487, -0.12369367284127941], [-0.20171427218798388, -0.9686124818388913, 0.1452625637305617]], "T": [0.0009400428747309425, -0.1442438309104458, 0.00928344817177381], "aligned_model": [[-0.5487910340354082, 0.09145983838597622, -0.08075072945906055, 0.4459709178544825, 0.6404690535610608, -0.4298514853234937, -0.4262126887921433, -0.5560100243884599, 0.2770447737423223, 0.6419739428929866, 0.47243452710765615, 0.2601570502124122, -0.1408191626337943, -0.05815129988704104], [-0.08860419913612484, -0.40367711286316066, -0.3633914141029987, -0.6411423942537919, -0.41176620257932595, 0.4274153396698608, -0.680074427538017, -0.21258894058622965, 0.609201239529434, 0.17511221260530102, 0.01938986897579692, 0.3099257887291843, 0.3042914284847108, -0.16623924182036448], [-0.44094082090579795, -0.7013513162601203, 0.7575202171187176, -0.2185077451705726, 0.3912335252931107, -0.1440755237721514, -0.21365379422897832, 0.1815234885691472, 0.08819001769316434, 0.6189911155019805, 0.0015419978591850528, -0.5615277852852606, 0.5720147406980615, 0.16221865535295274]], "inverted": false, "swapped": false, "error_lsq": 0.04466364318680842, "error_max": 0.26079166432337264, "target": "1045.xyz", "model": "7.xyz", "model_rescale": 3.964800864290218, "target_rescale": 4.086776410682261},
{"mapping": [9, 10, 6, 5, 3, 12, 10, 11, 7, 0, 1, 8, 2, 13], "R": [[0.1727538727763152, 0.8071132575509326, 0.5645567189630346], [-0.9686383879017233, 0.035285823922372075, 0.2459564679232289], [0.17859387706171703, -0.5893412425035613, 0.7878966473849366]], "T": [0.047812652169102646, -0.02646377154144907, 0.16906644802239468], "aligned_model": [[-0.36968670862702807, -0.1141036690864735, -0.18533850323592743, 0.48214564014429356, 0.3974474920274866, -0.47547972872261685, -0.1141036690864735, -0.7457218386420322, 0.15498729772938857, 0.5346189252857472, 0.682290484563977, 0.1606513338362754, 0.13032925810620993, 0.05088736494466926], [-0.04597815740715513, -0.6420643730147608, -0.3643548895445977, -0.45990013417720205, -0.60762616561647, 0.4597633716989305, -0.6420643730147608, -0.26588019416653497, 0.644112315681919, -0.08638305217773667, 0.36071222918410845, 0.12596364917236627, 0.43677988938658974, -0.035228170890420574], [-0.37789808397919766, -0.35050358323805975, 0.5789151448440638, -0.398875888901004, 0.4259096807006168, -0.0767448343987839, -0.35050358323805975, 0.17984202059183896, -0.04469620436323157, 0.6911667303294015, 0.06585542228357344, -0.5759777753237292, 0.6351190717771595, 0.09156865537885092]], "inverted": true, "swapped": false, "error_lsq": 0.05407652324198475, "error_max": 0.4335039437005618, "target": "1045.xyz", "model": "8.xyz", "model_rescale": 4.121658175737393, "target_rescale": 4.086776410682261},
{"mapping": [10, 11, 3, 4, 8, 12, 0, 7, 6, 5, 9, 2, 13], "R": [[-0.4158093729821584, -0.8946216955839176, -0.1635682950046875], [0.5516953327679089, -0.3911084883617208, 0.7366589510306083], [-0.7230040284412602, 0.21606983158684118, 0.6561851893602472]], "T": [-0.04897043151069262, -0.12829636863108687, -0.06516711365322148], "aligned_model": [[-0.4670807519966254, -0.2612514380071786, 0.2787913977187012, 0.17469569567963972, -0.7220838275196503, -0.35125771050673515, 0.3332178843988346, 0.340117636316948, 0.6365451437987724, -0.23345369604365063, -0.4229735760070323, 0.1645391018581272, 0.006931636745046821], [0.19852640565637245, -0.543636924331933, 0.09847865832143715, 0.6350074416744167, -0.21998675421657077, 0.11613940354358224, -0.5165035498275142, -0.24049098596247803, -0.1337384029158317, -0.6653926723666327, 0.661222013921433, 0.4740401586701676, -0.07327735275473853], [-0.5467721878356728, -0.5812216233935147, -0.6739725183235548, -0.2908684540771334, -0.13870857700289588, 0.46969992905811087, -0.05211511126900589, 0.5969031751351754, -0.11609492504723849, 0.37789055481885186, 0.08074815623787163, 0.3346768893960642, -0.03908987373796933]], "inverted": false, "swapped": true, "error_lsq": 0.04866138260876588, "error_max": 0.29264716004789043, "target": "1045.xyz", "model": "9.xyz", "model_rescale": 3.833441315466971, "target_rescale": 4.086776410682261},
{"mapping": [0, 10, 2, 8, 9, 1, 13, 5, 6, 3, 7, 12, 4, 14], "R": [[0.348202087546438, 0.935849026958016, 0.05423933047187848], [0.045697366254071614, 0.04084573133739208, -0.9981199211261916], [-0.9363050020937324, 0.35002603470777494, -0.02854326682437608]], "T": [0.08638801867311316, -0.00922823673531635, -0.054543746367994105], "aligned_model": [[-0.4878123758746352, 0.11260581482947607, -0.017488996598092554, 0.4781254262999989, 0.5439318083986097, -0.4970632039002105, -0.45035153163202235, -0.4774188977301711, 0.0300710322308987, 0.432650768160211, 0.7315434387382502, 0.10254678805533274, -0.050509560946532334, 0.13809316920638284], [-0.17052546960464815, -0.4692981727414343, -0.5018727976502434, -0.6602867686308626, -0.5424082160351793, 0.3857600088523341, -0.5879298493742212, -0.06946535668356772, 0.662714588500582, -0.015877317678453805, 0.06417542761831184, 0.37201362407502675, 0.4578812730994752, -0.04702902863284472], [-0.3833294992125676, -0.7352804242897144, 0.45844860954671063, -0.22839412424656944, 0.35077454422613025, -0.27630463029279456, 0.05815780678025099, 0.31414101309891235, 0.02639329519507449, 0.741935850224335, 0.09478931360819656, -0.520820053989014, 0.5771051581718796, 0.01555991364260876]], "inverted": false, "swapped": false, "error_lsq": 0.05101848986119341, "error_max": 0.28977126613731563, "target": "1045.xyz", "model": "10.xyz", "model_rescale": 4.2482417240324, "target_rescale": 4.086776410682261},
{"mapping": [9, 4, 3, 6, 8, 11, 10, 0, 2, 5, 12, 13], "R": [[-0.43578029744341346, -0.634379352025611, -0.6384812997133872], [-0.2476730761730009, 0.7665152719107794, -0.5925473696393793], [0.8653054834560644, -0.10008584141181048, -0.49115093876501636]], "T": [0.06197323061528005, 0.15713992522532616, -0.09266463571085443], "aligned_model": [[-0.6575441038145913, -0.04595939795745395, 0.38338972632015766, 0.6616214473149359, -0.45216329359012897, 0.19736859625406006, -0.32990072634423767, 0.5645023815704511, -0.13088540574709195, 0.046306044621944625, -0.4378985202597387, 0.07792885399469993], [-0.35679494841105974, -0.607879678420362, -0.17319074824871605, -0.1689090914083961, 0.5674469224710401, 0.6456132692751305, 0.09623082593968026, 0.30976371206478537, -0.4900372745780204, 0.6960662328706971, 0.06702029873627935, 0.08080186975958113], [-0.040947659927535074, 0.20177702587178814, 0.4704266825989794, -0.17432807100176614, 0.09229189976795701, 0.3837229660051074, 0.5042421382909046, -0.23796952636334473, -0.42768412495040425, -0.570283297596893, -0.5160036071496321, -0.120052135690805]], "inverted": false, "swapped": true, "error_lsq": 0.04439867557490948, "error_max": 0.3102737016675571, "target": "1045.xyz", "model": "11.xyz", "model_rescale": 3.6694154284099745, "target_rescale": 4.086776410682261},
{"mapping": [7, 5, 2, 0, 1, 9, 12, 10, 11, 3, 4, 6, 8, 13], "R": [[-0.6056784383633104, 0.30957037576542434, 0.7330210172636498], [-0.7541892391870538, 0.07034675484215408, -0.6528781858644316], [-0.25367739512269305, -0.9482708033740321, 0.19086713355665325]], "T": [0.013450639655309224, -0.09187883442920655, -0.03004630103027276], "aligned_model": [[-0.5717448534825224, -0.08044457007584019, -0.07633715117018221, 0.5581572945463174, 0.48153601881962893, -0.5317984766129552, -0.21538972746330193, -0.5848131900420283, 0.14381114724768085, 0.4905069147359833, 0.7102317369297776, 0.2394739769202408, -0.09264903274780999, 0.11838359163250715], [0.016137289262365656, -0.44591436948025165, -0.29832307188166685, -0.4703712285172301, -0.5819185447517755, 0.4889953685609748, -0.7310993893748877, -0.20686945505374504, 0.6331744585758158, 0.05768971612147575, 0.11525132179754496, 0.1049991306639256, 0.35018643929002613, -0.1540857200982973], [-0.4750677278215694, -0.744478468550287, 0.5828423534851026, -0.29608395280239125, 0.4771328135053417, 0.06982776166514035, -0.001803270413079823, 0.14991573539047073, -0.07834235956414251, 0.6708784165362014, 0.10877679003444043, -0.5096371175875548, 0.5748660931216248, -0.035650294535858544]], "inverted": true, "swapped": false, "error_lsq": 0.04229972143981794, "error_max": 0.3089314187742302, "target": "1045.xyz", "model": "12.xyz", "model_rescale": 3.9764082729961374, "target_rescale": 4.086776410682261},
{"mapping": [0, 5, 3, 6, 14, 2, 4, 7, 1, 11, 13, 9, 8, 15], "R": [[-0.564644882072214, 0.2755513119679019, -0.7779766266555983], [0.4406623577417825, 0.897670957811261, -0.0018809496715692375], [0.6978487254549579, -0.3438870831755413, -0.6282904029236077]], "T": [0.13829916026257083, -0.017454548730782782, -0.02702188596070306], "aligned_model": [[-0.48567635824888844, 0.12062758157707137, -0.10510883099470966, 0.4996173358125934, 0.5332248251547622, -0.49780083902660743, -0.2417328257732262, -0.5714983528274554, 0.06831721646828505, 0.49660943734677665, 0.7417786768412593, -0.0024009966025295704, -0.06275021583268131, 0.0957170253428454], [-0.010644926831596613, -0.3449028939498596, -0.2804205608314035, -0.6814596909042712, -0.49220112674490263, 0.45226809477050706, -0.5928175125440717, -0.20850023026319242, 0.611030172927672, 0.09467721110620915, -0.10587349845602499, 0.20703453245324444, 0.33452161847300116, -0.10485924409103653], [-0.39812310510476223, -0.7985717562573474, 0.7345848850081503, -0.13749881967811012, 0.48038076031581506, 0.07784442413261225, -0.2280116151532761, 0.14825713988671982, -0.08560567591717325, 0.6726815601656607, 0.022728577216403624, -0.5667507482655733, 0.5520677122370133, 0.019193433877305703]], "inverted": true, "swapped": false, "error_lsq": 0.047313911121196046, "error_max": 0.25289150574599867, "target": "1045.xyz", "model": "13.xyz", "model_rescale": 4.170626492500431, "target_rescale": 4.086776410682261},
{"mapping": [12, 5, 7, 11, 9, 4, 12, 8, 2, 1, 3, 6, 0, 13], "R": [[-0.815682020154241, -0.5645278644763132, 0.12637694499753496], [-0.13778060988055735, -0.022592200042741983, -0.990205077768323], [0.5618534911683278, -0.825104770757655, -0.059352942091522476]], "T": [0.06268314862662668, -0.01758740377833863, 0.10274872399049217], "aligned_model": [[-0.41967376902931364, -0.03285251809605676, -0.21039552308459325, 0.46275047335057606, 0.5497024720366823, -0.5201124714779768, -0.41967376902931364, -0.6323274241334247, 0.10754636191825126, 0.5005201369570785, 0.7223242544558497, 0.37322633496600804, 0.009733639051704955, 0.09815548135202352], [-0.4387958760553993, -0.3044811998966983, -0.216576867375322, -0.44934940213068714, -0.6112163620540788, 0.2867728663432438, -0.4387958760553993, -0.177036322412307, 0.6334711638212986, -0.02678081043490806, 0.15842451609016445, 0.17277811081240663, 0.3457272877417665, -0.056289283279805744], [-0.25168229617797155, -0.7550302186799819, 0.8398111605063063, -0.2886428492429567, 0.36105721588642226, -0.16329116352908407, -0.25168229617797155, 0.31033638957572607, 0.018830901779694903, 0.7344359272953502, 0.005965357679503708, -0.6554156165735259, 0.5729159186024819, 0.015568341519445042]], "inverted": false, "swapped": false, "error_lsq": 0.04643823981604639, "error_max": 0.2691389482971849, "target": "1045.xyz", "model": "14.xyz", "model_rescale": 3.9786697098870705, "target_rescale": 4.086776410682261},
{"mapping": [12, 9, 7, 5, 2, 6, 10, 3, 0, 8, 4, 13], "R": [[0.8538420379779361, 0.008163705742274142, 0.5204681816309603], [0.03339106444502743, 0.9969586485356139, -0.07041654582035792], [-0.5194601149240553, 0.07750359358504674, 0.8509726094208271]], "T": [0.14313688597309282, -0.07966444895842478, 0.08240157051105608], "aligned_model": [[-0.05363306614746893, -0.6563290295443288, 0.5941872896479875, 0.6392199962358251, -0.16450323261331812, 0.44056147498586473, -0.4541524164027694, -0.07008650986363676, 0.6482031022038669, -0.10016168719180193, -0.46841274281171696, 0.12846141826883337], [-0.3240934497817231, -0.1010317228382899, 0.12474148977324578, -0.5363043456372403, 0.3082783350707183, 0.5384534953219295, -0.2453359552765585, 0.39776808578681727, 0.09586527814301762, -0.7097584344004504, 0.47625424115429765, -0.010162527091324938], [-0.49961668404735576, -0.29826440380464386, -0.5151651366742375, -0.1709522619925144, -0.4860426162751578, 0.12738692936946822, 0.44208372829723525, 0.5884576035148246, 0.18747540760905157, 0.18576738368373438, 0.058699252799724225, 0.040137291393701785]], "inverted": true, "swapped": true, "error_lsq": 0.044497873539530754, "error_max": 0.25951149559488573, "target": "1045.xyz", "model": "15.xyz", "model_rescale": 3.769337070930944, "target_rescale": 4.086776410682261},
{"mapping": [5, 7, 11, 0, 8, 12, 10, 2, 3, 6, 13], "R": [[-0.8118936133648683, -0.23461832360194845, -0.5345867589152853], [-0.5321330342734291, -0.07924143413440804, 0.8429443806985584], [-0.24013161893489057, 0.9688524332149524, -0.060512546146851365]], "T": [0.020504657674540475, 0.08393625298829706, -0.02575911118747561], "aligned_model": [[-0.347361168494756, -0.4335082896678911, -0.060464077796232765, -0.5157209539407819, 0.3927627997989047, 0.2965250659531402, 0.6204282473814606, 0.2624931970369602, 0.09541832116790476, -0.40938228451791087, 0.0214352737703728], [-0.10305891673694283, -0.5454780423387199, 0.7406881339708087, 0.1520808694247252, 0.28835537876136064, -0.4495017797105731, 0.47474818619929815, -0.5330209387617288, 0.5126499952927585, 0.02701785586929774, 0.03158375565505788], [-0.6161099834721216, -0.020848666831967847, -0.24024521948948238, 0.0432443946291096, -0.5610476447536555, -0.3022836103268803, 0.0047455235608440845, 0.3335126663018614, 0.5574142939728004, 0.5076379029626183, 0.03819795067065081]], "inverted": true, "swapped": true, "error_lsq": 0.03813688787925625, "error_max": 0.19160061494457709, "target": "1045.xyz", "model": "16.xyz", "model_rescale": 3.7852294659196426, "target_rescale": 4.086776410682261},
{"mapping": [2, 10, 8, 9, 4, 3, 1, 11, 12, 7, 6, 5, 13], "R": [[0.6984213273540965, -0.6562238663019765, -0.2856184286642376], [0.68075585994413, 0.48598037561662405, 0.5480825974862303], [-0.22085992992996786, -0.5772289942572281, 0.7861473014264686]], "T": [0.0698301432837094, 0.11835760313521997, 0.08275265408455941], "aligned_model": [[0.07010451854091862, -0.32938566477896025, 0.27918834436745, -0.020756642297523276, -0.5246625252753452, -0.6484327175906613, -0.4925193229894558, -0.10850674126690837, 0.5143092764126391, 0.536923859011547, -0.20569611807662536, 0.7345566412122704, 0.04864294294693758], [-0.053151642849223815, -0.4251022704516791, -0.37316635391337083, -0.6448474967812977, -0.1570275654108581, 0.23262613760943018, 0.7528327703267941, 0.1774713038325767, -0.25503730283326415, 0.5168831398480973, 0.6737033894058381, 0.29807570934178207, 0.1317958055780498], [-0.6513150151362345, 0.3253447350803471, 0.508746152642241, -0.35749830185803194, -0.4215704708291758, 0.1059887256674507, 0.37552998751380146, 0.7525173784101888, -0.23382868388400507, -0.39192100359575727, -0.21428471507069208, 0.29405030486229683, 0.003995603340744336]], "inverted": true, "swapped": true, "error_lsq": 0.04367368336626581, "error_max": 0.23809655336804322, "target": "1045.xyz", "model": "17.xyz", "model_rescale": 3.901054581598922, "target_rescale": 4.086776410682261},
{"mapping": [13, 2, 10, 8, 4, 12, 5, 9, 7, 6, 1, 0, 11, 14], "R": [[-0.04768912684214107, -0.8627758719554726, -0.5033324368173663], [0.9365666458907935, 0.13654759919905166, -0.3227966402517912], [0.34722998860395593, -0.48679826203926513, 0.8015352687746482]], "T": [0.0554528185044354, -0.09496430891918096, 0.007260489033749585], "aligned_model": [[-0.5690933500958664, -0.05359646300983684, -0.061219422914700616, 0.37156379383740856, 0.5929995660230867, -0.40610167722691615, -0.2797119075031721, -0.5368890979439336, 0.24373699595376896, 0.37830885467364495, 0.7214469078490837, 0.43216613752014493, -0.2545752419864411, 0.009888584061224635], [-0.14656523550685777, -0.3754601155185996, -0.49514164387118653, -0.6375079797866406, -0.5288930514182615, 0.4871993000569461, -0.6019626961554968, -0.2609189636101863, 0.5408234409512362, 0.33264020076045037, 0.10885646807413878, 0.2270419399628763, 0.296859392867188, -0.06911911169133211], [-0.3598656826873022, -0.76291381504908, 0.7134470343614029, -0.20753818092388973, 0.39238814394195537, 0.0019610615854402207, -0.13662588549712928, 0.2434378121173944, 0.007088925098446958, 0.5332301730278832, -0.0171221535561757, -0.5671118374728119, 0.6294242756312723, 0.023376901886031854]], "inverted": false, "swapped": false, "error_lsq": 0.044566667020085146, "error_max": 0.3597934045696761, "target": "1045.xyz", "model": "18.xyz", "model_rescale": 3.9405287249114394, "target_rescale": 4.086776410682261},
{"mapping": [12, 4, 6, 7, 8, 3, 0, 1, 11, 5, 9, 13, 2, 15], "R": [[0.09280610483292129, 0.9780504590566748, -0.18655917679055373], [0.7931941571663823, 0.04063416680051224, 0.6076116305054907], [0.6018555108519433, -0.20436771767443213, -0.7720128107937656]], "T": [-0.010146260867939974, -0.011353544464258597, -0.08588384510640887], "aligned_model": [[-0.39415952993380016, -0.046424471315233716, -0.08418312920223024, 0.5458469713350335, 0.33652946391590927, -0.7735645797917254, -0.2029249863424462, -0.5660800541126106, 0.3969522616253193, 0.45709531004527987, 0.751799506582432, 0.31824208036738616, -0.13470880918125694, -0.015496354754561114], [-0.022237533054296904, -0.6080861979839544, -0.33432207063095987, -0.3744362764192741, -0.5442671641431509, 0.36520965797259985, -0.6534290581144903, -0.18947744038012063, 0.5776158177925939, 0.019951803831837284, 0.06305483178702319, 0.3005031750622541, 0.2665838051336852, 0.011188594260528296], [-0.476465987789758, -0.5069052938310112, 0.5838126001769598, -0.3196957448076765, 0.3241053880964778, -0.05722691268082705, 0.06659453280720717, 0.22189678978114488, -0.004649091420698137, 0.60111537784619, -0.03192193294007897, -0.582105901446955, 0.7280942161883719, -0.05347126751590794]], "inverted": false, "swapped": false, "error_lsq": 0.046331600253662564, "error_max": 0.2622312107008933, "target": "1045.xyz", "model": "19.xyz", "model_rescale": 4.410303926677745, "target_rescale": 4.086776410682261},
{"mapping": [9, 10, 6, 5, 3, 12, 10, 11, 7, 0, 1, 8, 2, 13], "R": [[0.1727538727763152, 0.8071132575509326, 0.5645567189630346], [-0.9686383879017233, 0.035285823922372075, 0.2459564679232289], [0.17859387706171703, -0.5893412425035613, 0.7878966473849366]], "T": [0.047812652169102646, -0.02646377154144907, 0.16906644802239468], "aligned_model": [[-0.36968670862702807, -0.1141036690864735, -0.18533850323592743, 0.48214564014429356, 0.3974474920274866, -0.47547972872261685, -0.1141036690864735, -0.7457218386420322, 0.15498729772938857, 0.5346189252857472, 0.682290484563977, 0.1606513338362754, 0.13032925810620993, 0.05088736494466926], [-0.04597815740715513, -0.6420643730147608, -0.3643548895445977, -0.45990013417720205, -0.60762616561647, 0.4597633716989305, -0.6420643730147608, -0.26588019416653497, 0.644112315681919, -0.08638305217773667, 0.36071222918410845, 0.12596364917236627, 0.43677988938658974, -0.035228170890420574], [-0.37789808397919766, -0.35050358323805975, 0.5789151448440638, -0.398875888901004, 0.4259096807006168, -0.0767448343987839, -0.35050358323805975, 0.17984202059183896, -0.04469620436323157, 0.6911667303294015, 0.06585542228357344, -0.5759777753237292, 0.6351190717771595, 0.09156865537885092]], "inverted": true, "swapped": false, "error_lsq": 0.05407652324198475, "error_max": 0.4335039437005618, "target": "1045.xyz", "model": "20.xyz", "model_rescale": 4.121658175737393, "target_rescale": 4.086776410682261},
{"mapping": [7, 2, 4, 6, 3, 5, 9, 0, 8, 11, 10, 1, 13], "R": [[-0.09612336848588847, -0.9050423440826634, -0.41431709287487095], [0.9317508315235565, -0.22823774647072656, 0.28239674049309665], [-0.350143807579239, -0.3588953698549518, 0.8652129376694447]], "T": [-0.02805914920989304, -0.10947676010750573, 0.014544125435863475], "aligned_model": [[0.06591951764869572, 0.006136157851311677, 0.2636855338474141, 0.6211273910042062, 0.5139217078303299, -0.3713145642936252, -0.43260838698684684, 0.3190282345821339, -0.615923675020191, -0.015683249909414346, -0.22139120923415534, 0.735571313860269, 0.01261413348416647], [-0.6457507091818423, 0.11525107484409966, 0.5798569046999452, -0.24379128737224573, 0.3266509525660264, -0.7411355780440269, 0.5384450792010841, -0.5191493701031257, 0.010108443301250658, -0.12028650946139266, 0.5105611931835938, -0.17824869505477356, -0.09168459441540971], [0.5676196046428463, 0.7332922878043923, 0.36569149737433165, 0.19639930263163327, -0.19887592785112998, -0.030059346511558144, 0.46292576960737397, -0.07841704790148646, -0.3125824493737327, -0.6808789446356965, -0.2883559643849298, -0.45091603806396396, 0.08426699614370915]], "inverted": false, "swapped": true, "error_lsq": 0.059380568157063954, "error_max": 0.3606989075195137, "target": "1045.xyz", "model": "21.xyz", "model_rescale": 4.08911054899281, "target_rescale": 4.086776410682261},
{"mapping": [13, 3, 5, 14, 9, 0, 12, 7, 1, 11, 15, 2, 8, 16], "R": [[0.3103457714726406, -0.20414942240118725, -0.9284441369637234], [0.8153532393721388, 0.559312906910324, 0.14955991177077885], [0.48875821954665005, -0.803425220849324, 0.3400342884604487]], "T": [-0.011352135693309229, -0.059048356932549374, 0.08232983561868161], "aligned_model": [[-0.4034126925628071, 0.05568933773264956, 0.10102811794942193, 0.31621257261288993, 0.23092947245864967, -0.5675201716329463, -0.2058787929271655, -0.6938368545706561, 0.2281601089329455, 0.5491843280973985, 0.6974010691979331, 0.31530995446036086, 0.01307539042429362, -0.047418160935471854], [-0.3160688289899871, -0.361227099668212, -0.2845614661632754, -0.5090883234003145, -0.6607491538644297, 0.4462840271891336, -0.7523624262888975, -0.2584500919845396, 0.6971123041840954, 0.20804641334613352, 0.021370126319672687, 0.3216945130516431, 0.37422240079923863, -0.04837044941598672], [-0.3834587030110158, -0.7291332082558059, 0.7413014359964626, -0.2370257286056342, 0.37695397734056996, -0.10580760227238943, -0.08028777379692771, 0.09813314434179786, 0.11154148603030806, 0.5299371263426305, -0.06836449075752284, -0.43688165807718066, 0.6231086855401344, 0.05316008164801177]], "inverted": true, "swapped": false, "error_lsq": 0.046445726756644594, "error_max": 0.2839670459743592, "target": "1045.xyz", "model": "22.xyz", "model_rescale": 4.204369325754507, "target_rescale": 4.086776410682261},
{"mapping": [12, 4, 6, 7, 8, 3, 0, 1, 11, 5, 9, 13, 2, 15], "R": [[0.09280610483292129, 0.9780504590566748, -0.18655917679055373], [0.7931941571663823, 0.04063416680051224, 0.6076116305054907], [0.6018555108519433, -0.20436771767443213, -0.7720128107937656]], "T": [-0.010146260867939974, -0.011353544464258597, -0.08588384510640887], "aligned_model": [[-0.39415952993380016, -0.046424471315233716, -0.08418312920223024, 0.5458469713350335, 0.33652946391590927, -0.7735645797917254, -0.2029249863424462, -0.5660800541126106, 0.3969522616253193, 0.45709531004527987, 0.751799506582432, 0.31824208036738616, -0.13470880918125694, -0.015496354754561114], [-0.022237533054296904, -0.6080861979839544, -0.33432207063095987, -0.3744362764192741, -0.5442671641431509, 0.36520965797259985, -0.6534290581144903, -0.18947744038012063, 0.5776158177925939, 0.019951803831837284, 0.06305483178702319, 0.3005031750622541, 0.2665838051336852, 0.011188594260528296], [-0.476465987789758, -0.5069052938310112, 0.5838126001769598, -0.3196957448076765, 0.3241053880964778, -0.05722691268082705, 0.06659453280720717, 0.22189678978114488, -0.004649091420698137, 0.60111537784619, -0.03192193294007897, -0.582105901446955, 0.7280942161883719, -0.05347126751590794]], "inverted": false, "swapped": false, "error_lsq": 0.046331600253662564, "error_max": 0.2622312107008933, "target": "1045.xyz", "model": "23.xyz", "model_rescale": 4.410303926677745, "target_rescale": 4.086776410682261},
{"mapping": [10, 9, 7, 14, 13, 3, 11, 1, 2, 12, 5, 8, 0, 16], "R": [[0.7138419591666165, -0.4163597685410084, -0.5630934207337573], [0.6702370349807961, 0.6392693303965247, 0.3769841378022819], [0.2030073256641679, -0.6465131602333063, 0.7353970079976024]], "T": [0.1296162646899473, -0.16804095226116034, -0.02115786920768417], "aligned_model": [[-0.3336237217026421, 0.1147732134869262, -0.13619366900040558, 0.4322866458138505, 0.46619242421961765, -0.42858279878613365, -0.22930401821634494, -0.681781596444256, 0.07969419198045241, 0.5509027421557298, 0.5902967885550328, 0.1063255812608036, 0.013603961916184737, 0.0443339339986801], [-0.08594152054051642, -0.4298093416045914, -0.3869057786621265, -0.7535328494666568, -0.5910248178468723, 0.5355983601438977, -0.6808679171713401, -0.1311306917605392, 0.7203287015720169, 0.06684049913474727, 0.2598457823789261, 0.14531775932389557, 0.2957528854945525, -0.08661912588111888], [-0.47110491564065693, -0.590084031200534, 0.5475021026545025, -0.17523534553584488, 0.4282726172076936, 0.02940405526739956, -0.1155306470106238, 0.25562091102474926, 0.18182266183676862, 0.6219006370561878, -0.004174622216398333, -0.7807436307867246, 0.5634977839345083, 0.002029195872411342]], "inverted": true, "swapped": false, "error_lsq": 0.045832777672651474, "error_max": 0.293125956284735, "target": "1045.xyz", "model": "24.xyz", "model_rescale": 4.28219845311461, "target_rescale": 4.086776410682261},
{"mapping": [1, 0, 11, 2, 14, 3, 8, 5, 7, 12, 13, 4, 9, 15], "R": [[-0.6594732628951545, -0.7252106944915548, -0.1979001367394553], [-0.750545884518973, 0.6499679399809415, 0.119258342385611], [0.042141318893109826, 0.22718082135604656, -0.9729403803162562]], "T": [0.0656629394616878, -0.12212331675376703, 0.04854640111048589], "aligned_model": [[-0.4835785470929892, 0.08020005841509051, 0.005315014790243919, 0.6105233789325335, 0.5270563894237354, -0.4202380234852502, -0.4227097780688259, -0.7190621185548535, 0.25461487203185584, 0.4705827726255739, 0.5973841330713368, 0.15342703232102792, -0.1351047861999442, 0.07051328102796109], [-0.1358759898249496, -0.4184632898517004, -0.2835954224320536, -0.3736062291503789, -0.6562239913387728, 0.40982516960665766, -0.6154669527491818, -0.19411021151814553, 0.6311324931410092, -0.062194894585735794, 0.13061418646616174, 0.22911162156826587, 0.36121401088137134, -0.1445085550982728], [-0.2801206831515023, -0.7114045608289387, 0.5650364381143611, -0.28109502629219085, 0.3348978960159429, -0.23601713647983122, 0.041461027195961876, 0.37150948138013473, -0.0009395341437678506, 0.6941998787283215, 0.12799942918047913, -0.5867331083435864, 0.47627415555956076, -0.02189148447150599]], "inverted": true, "swapped": false, "error_lsq": 0.04031309033955475, "error_max": 0.25678597790675844, "target": "1045.xyz", "model": "25.xyz", "model_rescale": 4.100010024507729, "target_rescale": 4.086776410682261},
{"mapping": [9, 4, 3, 6, 8, 11, 10, 0, 2, 5, 12, 13], "R": [[-0.43578029744341346, -0.634379352025611, -0.6384812997133872], [-0.2476730761730009, 0.7665152719107794, -0.5925473696393793], [0.8653054834560644, -0.10008584141181048, -0.49115093876501636]], "T": [0.06197323061528005, 0.15713992522532616, -0.09266463571085443], "aligned_model": [[-0.6575441038145913, -0.04595939795745395, 0.38338972632015766, 0.6616214473149359, -0.45216329359012897, 0.19736859625406006, -0.32990072634423767, 0.5645023815704511, -0.13088540574709195, 0.046306044621944625, -0.4378985202597387, 0.07792885399469993], [-0.35679494841105974, -0.607879678420362, -0.17319074824871605, -0.1689090914083961, 0.5674469224710401, 0.6456132692751305, 0.09623082593968026, 0.30976371206478537, -0.4900372745780204, 0.6960662328706971, 0.06702029873627935, 0.08080186975958113], [-0.040947659927535074, 0.20177702587178814, 0.4704266825989794, -0.17432807100176614, 0.09229189976795701, 0.3837229660051074, 0.5042421382909046, -0.23796952636334473, -0.42768412495040425, -0.570283297596893, -0.5160036071496321, -0.120052135690805]], "inverted": false, "swapped": true, "error_lsq": 0.04439867557490948, "error_max": 0.3102737016675571, "target": "1045.xyz", "model": "26.xyz", "model_rescale": 3.6694154284099745, "target_rescale": 4.086776410682261},
{"mapping": [10, 11, 7, 12, 3, 4, 9, 8, 0, 1, 6, 2, 5, 13], "R": [[0.4001760301651983, -0.8638823681462158, -0.3058862515499981], [-0.8834813140489857, -0.2749547332562422, -0.37928968136012675], [0.2435567954451283, 0.4220274264382293, -0.8732542234231823]], "T": [-0.024899585811585467, -0.08612874480212308, 0.05963879473833419], "aligned_model": [[-0.45439553018296763, 0.0713837193829604, -0.021762969511748984, 0.49328706142751244, 0.40835343320799683, -0.5430721055658659, -0.21656957749726494, -0.6388241341722021, 0.10123000551540795, 0.5814789336778543, 0.6596238143100794, 0.24808007995469694, -0.09730599959664998, -0.002583051712312965], [-0.13147349448340911, -0.38621179849915277, -0.36545997897152915, -0.5238676726217445, -0.6922156418405451, 0.49530042801032226, -0.733747048653672, -0.13300943549694094, 0.5618597029666641, 0.29408336304379284, -0.044770851595420616, 0.23658917254864587, 0.3579028586623582, -0.057127657955094606], [-0.3591306016333597, -0.7383932567920987, 0.6236359117292171, -0.35218646317074614, 0.37233947443426524, -0.2029786587240391, -0.03372437934013909, 0.23068277209573484, 0.0933380659919528, 0.5767369458130697, 0.029511213358978904, -0.4727754181656733, 0.7104626926467453, 0.015658474219530906]], "inverted": false, "swapped": false, "error_lsq": 0.041421525942012816, "error_max": 0.30236126534062585, "target": "1045.xyz", "model": "27.xyz", "model_rescale": 4.103607728864725, "target_rescale": 4.086776410682261},
