[{"mapping": [1, 6, 8, 10, 7, 0, 4, 10, 2, 9, 3, 11], "R": [[-0.885748982790475, 0.2156448778716317, 0.41103044429016244], [0.34551785187562145, 0.8976307117732001, 0.2736357420308878], [-0.30994540409706905, 0.38439093632559485, -0.8695846448447887]], "T": [-0.018644204223450214, 0.014164418926878402, 0.0070394842721514875], "aligned_model": [[-0.3624646118628584, -0.21154590576561844, -0.5337978031855327, 0.654673767953985, 0.40153877389026743, -0.06182491506153444, -0.10903151423640363, 0.654673767953985, -0.7275563023298152, 0.1230429616943265, 0.2203206171659311, -0.007467360996326482], [-0.5284142997687102, 0.09204656015488845, 0.36640893396274415, 0.06944017140613633, -0.4239629512445164, -0.4814645934956589, 0.1572606854549316, 0.06944017140613633, -0.27893975631434603, 0.5236136650413308, 0.5670677122751064, -0.0498501845102846], [-0.2917521167280768, -0.6871346963733356, -0.10976831424649136, -0.06609631746395492, -0.7196612672591767, 0.37484201588127386, 0.7967875829959731, -0.06609631746395492, 0.2525671307827153, -0.29253127043459504, 0.34054552189358606, 0.03172682131690789]], "inverted": false, "swapped": false, "error_lsq": 0.06614124824959323, "error_max": 0.4722938765212582, "target": "1046.xyz", "model": "0.xyz", "model_rescale": 3.751011558992144, "target_rescale": 3.885267957924434},
{"mapping": [7, 6, 1, 10, 11, 13, 2, 9, 0, 4, 8, 14], "R": [[0.3121868887533806, -0.2469058831855998, -0.9173749676870537], [0.628971444686091, 0.7774135493396919, 0.0048057333003282965], [0.7119931658801057, -0.5785029456721903, 0.3979950672918231]], "T": [0.02016479756535517, -0.0282121334624368, 0.02033024137708308], "aligned_model": [[-0.45689915723738506, -0.16359822679352048, -0.5447458918653814, 0.6770058625299998, 0.32262397312433727, 0.27489083016873483, -0.14251637791280186, 0.622785287475719, -0.6981113717076819, 0.10133907148049676, 0.0037280688111796037, 0.04405940714670923], [-0.3368782861200082, -0.015662582392375925, 0.2948859616553688, 0.27764560839458186, -0.42082830927015585, -0.48890880222075184, -0.030613060400544102, -0.29270768416737974, -0.07640860230205362, 0.7109232706031602, 0.5368600352747243, -0.075661434686808], [-0.3214477758048093, -0.7075429652437952, -0.22900704691725002, -0.36368096321348253, -0.6050512218443485, 0.5207055265478355, 0.8310503982024768, 0.05319770449451274, 0.2596228729922838, -0.24923155417440876, 0.36795292505353094, 0.006860872808325412]], "inverted": true, "swapped": false, "error_lsq": 0.04882646704738969, "error_max": 0.3405131644114839, "target": "1046.xyz", "model": "1.xyz", "model_rescale": 3.9405287249114394, "target_rescale": 3.885267957924434},
{"mapping": [2, 8, 4, 10, 9, 5, 0, 11, 1, 3, 6, 12], "R": [[-0.4106292655592497, -0.36924422287648806, 0.8336919755752776], [0.8962043752518096, 0.004954683730129805, 0.44361376093246696], [-0.16793249848014746, 0.9293191889665642, 0.3288837499371814]], "T": [-0.054647216057722, 0.1026045508640117, 0.011329079367221412], "aligned_model": [[-0.3917527400866095, -0.02410849704111801, -0.5474709951063848, 0.5569611763806497, 0.4048828996444125, 0.1467164645048705, -0.09056368255042682, 0.6074119644140965, -0.7829984719864256, 0.09768334650025548, 0.17991932364499938, -0.11611931309791326], [-0.4859755814135443, 0.019402786428536725, 0.3601336147034173, 0.2510034290890101, -0.3117909093921309, -0.5644744373833287, -0.1729414276295934, -0.09550234749028326, 0.09375788119035462, 0.5960028140190055, 0.3501809744015588, 0.042849317844755014], [0.07538312747469428, -0.7586284669594646, -0.41587020195825597, -0.5502758231691464, -0.5058648710729802, 0.21756819293673738, 0.8023501975723922, 0.18466570969851434, 0.3222189582327627, -0.23393247937221226, 0.43446043763516207, -0.008646008117332918]], "inverted": false, "swapped": false, "error_lsq": 0.05018137817325727, "error_max": 0.35821545861197035, "target": "1046.xyz", "model": "2.xyz", "model_rescale": 3.932901565614263, "target_rescale": 3.885267957924434},
{"mapping": [10, 11, 1, 8, 9, 5, 4, 7, 2, 3, 0, 13], "R": [[-0.8470149369851615, 0.18068680766988335, 0.49991796732873073], [-0.21866111369670907, 0.738773241976013, -0.6374962072806133], [-0.4845131720406971, -0.6492814293311632, -0.5862427924032363]], "T": [-0.0013808627802213728, 0.007862202955310229, -0.07748334470315488], "aligned_model": [[-0.499869583177747, -0.09936275069474748, -0.655086272820482, 0.5412399538426788, 0.5222995875024637, 0.14581864683042417, 0.017520066811987475, 0.6331052046121592, -0.5621500985152947, 0.16014595682124982, -0.13173872476707166, -0.031360511225214674], [-0.31847155619900286, 0.12850930557882637, 0.35604670440797087, 0.15764877517439554, -0.4798671847733649, -0.6218652993414362, -0.045275603332824016, -0.031513319543456514, 0.054415517933548346, 0.4773375811307927, 0.5094006266974641, -0.10371943336515568], [-0.47517759104559937, -0.9570016927986819, -0.09181550240569969, -0.5485601512668645, -0.24383168321719373, 0.23648363266254468, 0.7943225585466513, 0.24750826420397204, 0.5369843162001173, -0.19659435980100576, 0.3472711331678384, -0.08616015134520796]], "inverted": false, "swapped": false, "error_lsq": 0.05271179351417742, "error_max": 0.27054936408117153, "target": "1046.xyz", "model": "3.xyz", "model_rescale": 3.9243930471874484, "target_rescale": 3.885267957924434},
{"mapping": [1, 11, 5, 10, 8, 7, 2, 4, 0, 6, 3, 12], "R": [[0.7028426687987139, 0.388356069973161, 0.5959796521953604], [-0.03184145244371764, -0.8198047290015018, 0.5717572283872314], [0.710632327453639, -0.4208322340574394, -0.5638279222919425]], "T": [0.06827619343856195, -0.027980293232030055, -0.1879048105505259], "aligned_model": [[-0.4854530541937593, 0.00013788964548094862, -0.6370228488165143, 0.6771313368215034, 0.4839003941737026, 0.08609130334261733, -0.029349021034608125, 0.45878784985239257, -0.5276140274047695, -0.10412053459375334, 0.16314035188220277, -0.045068164454089094], [-0.4626897940849249, 0.2424572632644984, 0.247569147728656, 0.2512946024049904, -0.47597524098388694, -0.6487166364424717, -0.12600172089146044, -0.16174752181559127, 0.10224947235917431, 0.6657146961751975, 0.45012820673616255, -0.0016363600825864168], [-0.06719080901277866, -0.9284146220857322, -0.2036803091229475, -0.40796995218359233, -0.3392105258038296, 0.31933061111185335, 0.7242769737075531, 0.23867958227471095, 0.4047817897855519, -0.2907792221977804, 0.27617107124642604, -0.16256581481856372]], "inverted": false, "swapped": false, "error_lsq": 0.05143551300110641, "error_max": 0.27528496385091455, "target": "1046.xyz", "model": "4.xyz", "model_rescale": 3.8936222436046832, "target_rescale": 3.885267957924434},
{"mapping": [2, 3, 0, 8, 10, 4, 5, 7, 1, 9, 6, 11], "R": [[-0.4229918328946779, -0.6045067200186318, -0.6750181736492111], [-0.4440402460383239, 0.7876515111937167, -0.4271221801925996], [0.7898773127534593, 0.11906604203789711, -0.6015954690909866]], "T": [0.07575239778551787, 0.03469104063223405, -0.0845893681413781], "aligned_model": [[-0.4127843020594071, -0.06986866056842558, -0.6869372468362414, 0.5536494643229161, 0.35528368417645306, -0.04869370691303346, 0.0567792552070239, 0.6623078836149137, -0.6104682498976841, -0.022100522265140463, 0.23359789497677383, 0.029795981462258106], [-0.4864750537376865, 0.056335988126503894, 0.26708588534872085, 0.31755675738298683, -0.4721975046801975, -0.671767650814939, -0.1473951325008746, -0.03133061903439227, 0.164134319921167, 0.6353670978075936, 0.4812567967956056, -0.029924770246730056], [-0.30109862870072523, -0.6401143774191211, -0.4680153076824525, -0.5718923605525231, -0.33834843112187674, 0.2560774532706225, 0.7051292541927412, 0.182508609923528, 0.30968772642692477, -0.19252001344233688, 0.5559357699651579, 0.0660790780409326]], "inverted": true, "swapped": false, "error_lsq": 0.0511794752326728, "error_max": 0.26506146930689156, "target": "1046.xyz", "model": "5.xyz", "model_rescale": 3.6523030999806103, "target_rescale": 3.885267957924434},
{"mapping": [6, 10, 2, 11, 9, 5, 0, 7, 1, 4, 3, 12], "R": [[0.36701855185813487, -0.5874518386261102, -0.7212473361384153], [0.9267589107028328, 0.2976817720485349, 0.22913638738302364], [0.08009559304266695, -0.7525197006622795, 0.6536809589473268]], "T": [-0.028928546110672942, -0.11246182282253143, -0.09670537754424585], "aligned_model": [[-0.5436504001176674, -0.1092670213330714, -0.578708476056758, 0.6819417230839848, 0.43568876338153495, 0.08822872089408727, -0.06178849781122367, 0.586976814834432, -0.5790183105785978, -0.022192048302029175, 0.12403240317100361, 0.01831780405471046], [-0.3475092006434358, 0.01635288736066147, 0.40985696772855656, 0.3273828787063901, -0.43459544904612574, -0.5377410555093063, 0.06887608866502588, -0.03589922788659805, -0.08009711176525282, 0.42471033351434845, 0.3731770394222077, -0.10186803617871357], [-0.4167656925775669, -0.8619671245996918, -0.13042101004379175, -0.3719672565849648, -0.5472867328585789, 0.42225057339963495, 0.8796145064744425, 0.18898119041606243, 0.32605772692354523, -0.2980317195379806, 0.37594517669266947, -0.002980864802908975]], "inverted": false, "swapped": false, "error_lsq": 0.03454763048475187, "error_max": 0.19708867455198062, "target": "1046.xyz", "model": "6.xyz", "model_rescale": 4.08911054899281, "target_rescale": 3.885267957924434},
{"mapping": [11, 12, 13, 5, 10, 9, 0, 4, 1, 7, 6, 14], "R": [[-0.7083524863489312, 0.5009232384435092, -0.4973054034198247], [0.6964042601137848, 0.3810320000447951, -0.60814120189084], [-0.11514278778394799, -0.7771039339297742, -0.6187500418522897]], "T": [0.04040270203019369, -0.008114524859225584, -0.015222445186184947], "aligned_model": [[-0.2803381917022746, -0.10943077857496097, -0.547360514109265, 0.5741367582665422, 0.2964807131215324, -0.1528313958301083, -0.10207366692394232, 0.7389474246534237, -0.5983974912579001, 0.0830161477281566, 0.17704008732154214, -0.03862761747233981], [-0.40563963614831433, 0.052229974468733016, 0.2711992199065969, 0.2846659249487474, -0.42230283173960115, -0.6377919298917187, 0.12647682103998378, -0.0034427377724759664, -0.10958548756755737, 0.7512184347764099, 0.3162297045146012, -0.1406113421676472], [-0.3044111862178022, -0.7094201025589248, -0.3505025610444272, -0.4733804910688952, -0.5463975549014797, 0.4098943116271066, 0.9046915926470102, 0.07892071496316198, 0.3305867733686904, -0.15974412243283134, 0.33871824513652643, 0.04447315338273587]], "inverted": false, "swapped": false, "error_lsq": 0.04841023172389088, "error_max": 0.22774574353578553, "target": "1046.xyz", "model": "7.xyz", "model_rescale": 3.964800864290218, "target_rescale": 3.885267957924434},
{"mapping": [2, 1, 7, 5, 3, 6, 11, 10, 12, 8, 9, 13], "R": [[-0.8824325555462847, -0.3121855109216297, 0.35192753754523687], [0.4701635329671122, -0.5596502510584774, 0.6824498873602856], [-0.016094632022395833, 0.7676794925362955, 0.6406318440097086]], "T": [-0.04305382629415148, -0.14043568357586453, -0.07843586866330587], "aligned_model": [[-0.5985596990292067, -0.24137119669106483, -0.5799293994766572, 0.6219943429305821, 0.49153708988766925, 0.09886211796374114, 0.013149770482207827, 0.6541066044294604, -0.5284029361613107, 0.0646040642803053, 0.055304753952646994, -0.01073403734796783], [-0.4427422321930521, 0.06736096999765764, 0.2674484117412722, 0.2603274409356897, -0.5685948510959024, -0.6307910058699948, -0.21251762320075648, 0.16714638146855618, 0.25062247188969355, 0.6136414850666265, 0.3801806511542757, -0.06943598552630871], [-0.2749879069995197, -0.7716967593349879, -0.3070148455377979, -0.3885496761774944, -0.3168786821571006, 0.19709515652578047, 0.7454443860964461, 0.2289639037886418, 0.3483951258574775, -0.182527096614863, 0.36104217230416147, -0.0758570048498731]], "inverted": false, "swapped": false, "error_lsq": 0.049195337493922686, "error_max": 0.2897455133660894, "target": "1046.xyz", "model": "8.xyz", "model_rescale": 4.121658175737393, "target_rescale": 3.885267957924434},
{"mapping": [2, 3, 8, 10, 0, 4, 9, 5, 6, 11, 7, 12], "R": [[0.7641923118994134, -0.47778032044384044, -0.43328521302995154], [-0.6170048550142697, -0.34579458038680055, -0.7069166266710214], [0.18792317399046182, 0.8075593313012348, -0.5590463371721999]], "T": [-0.02119297426264649, 0.020376254320775375, -0.03474958459281148], "aligned_model": [[-0.44328650573623585, 0.02445261533094098, -0.6652091145525414, 0.5970227942955315, 0.3478729410321391, 0.20096254087857346, -0.016996129625807516, 0.5645757664169613, -0.5600648680945701, -0.007853378749242426, 0.049587289176024535, -0.05050247515136748], [-0.226566628537906, 0.11979155625993333, 0.35979076798179616, 0.19898490485088766, -0.6067044048846435, -0.711872132810034, -0.03253137331693974, -0.026998511554335733, -0.09984698361681178, 0.5906562898686347, 0.5804520679009536, -0.06250943777377711], [-0.5279054566581081, -0.8162334739731504, -0.05912860610021331, -0.43772482459794904, -0.33372189123741897, 0.41534723205377627, 0.7961372828372798, 0.1559032944221178, 0.3839931827378867, -0.31337982487655197, 0.334731331914738, -0.03458947362153563]], "inverted": true, "swapped": false, "error_lsq": 0.05194702094490112, "error_max": 0.3152247275454134, "target": "1046.xyz", "model": "9.xyz", "model_rescale": 3.833441315466971, "target_rescale": 3.885267957924434},
{"mapping": [11, 10, 12, 13, 8, 3, 4, 2, 6, 0, 5, 14], "R": [[0.5941269508098985, 0.12660163118227907, -0.7943457643264162], [0.05854723132387162, 0.9781105069558598, 0.19967988853878074], [0.8022377378468564, -0.1651419485307625, 0.5737096380660007]], "T": [-0.09680985272123674, -0.014343702416469113, -0.03774043230414837], "aligned_model": [[-0.4342086471919777, -0.0576552446626393, -0.6441092680790061, 0.5873701757282804, 0.24478564283996299, 0.20065172956507646, -0.1345500823999132, 0.5900344975636084, -0.5957803426929463, 0.03749487810129842, 0.29243915963158473, -0.0459110231829231], [-0.4326244491429945, 0.08061978038067998, 0.16151107086551544, 0.37128951143277605, -0.4381617232655415, -0.5676360773490329, 0.010398305820240674, -0.1377871321803602, 0.12143127639587327, 0.5965787213468494, 0.4059946262106466, -0.08896779614689482], [-0.45790748414324906, -0.8533402098437717, -0.21818018949130022, -0.17511311685888326, -0.5956384202845797, 0.5620145215335319, 0.7584229229078672, 0.13447110348120733, 0.40251310068657653, -0.3071081978691929, 0.32175379203934024, -0.008459049256675136]], "inverted": true, "swapped": false, "error_lsq": 0.05370675933539199, "error_max": 0.3095316936258935, "target": "1046.xyz", "model": "10.xyz", "model_rescale": 4.2482417240324, "target_rescale": 3.885267957924434},
{"mapping": [6, 4, 0, 9, 5, 2, 3, 7, 1, 10, 8, 11], "R": [[-0.600304283499616, -0.6591969592828849, 0.4528732008898428], [0.4252928007506014, 0.21644103127199313, 0.8787942384947832], [-0.6773188324871252, 0.7201476576745324, 0.1504212428620463]], "T": [-0.04345707785609294, -0.01730774443799891, 0.00510053294274615], "aligned_model": [[-0.3507515946400595, -0.00285093155396883, -0.6537610099547206, 0.584985219548229, 0.36130860084038485, -0.17251440802676526, 0.20887189756532004, 0.6056921370101392, -0.6087182411500386, -0.0027498139482009104, 0.04569957166473619, 0.025350047865350236], [-0.46151701995278166, -0.06408359083294042, 0.3584181681678248, 0.3831012575755959, -0.45420214821623467, -0.6441471244965572, -0.06341596424488187, -0.10354404446713748, 0.08582924129089665, 0.5870013071757889, 0.45159989185771715, 0.0076061405104675996], [-0.353689569546323, -0.8678271509513859, -0.2402535479186225, -0.34709800776769045, -0.4525829773765245, 0.3768180110382724, 0.7746950668895289, 0.17750947729074296, 0.41618341169657486, -0.21434388219983658, 0.3911504642011246, -0.09713252245498956]], "inverted": true, "swapped": false, "error_lsq": 0.0442628575476888, "error_max": 0.29643236692201147, "target": "1046.xyz", "model": "11.xyz", "model_rescale": 3.6694154284099745, "target_rescale": 3.885267957924434},
{"mapping": [10, 8, 9, 4, 1, 12, 5, 0, 7, 11, 6, 13], "R": [[0.3663130247605981, -0.25869272672887494, -0.893808056032346], [0.7284139248757748, -0.5179842744345154, 0.4484478180185717], [-0.578988706226478, -0.8153345108457807, -0.001309001933135101]], "T": [0.008247350415231138, -0.0226654208982356, -0.05992891598571353], "aligned_model": [[-0.5278506700711102, -0.2100789731750587, -0.6797280425290823, 0.6178097239114468, 0.6071647890066951, -0.025482564831845998, 0.0077098940279814905, 0.6341725898353708, -0.5911923180823266, -0.07745869747512804, 0.15893303494260913, 0.12656270966085453], [-0.357455125160503, 0.09965328249498553, 0.2997771760742359, 0.2949893419180393, -0.5243194631824822, -0.6577757616871538, -0.07927258671872874, -0.1023106230616707, 0.08703413472666162, 0.6688500167289498, 0.3999708992187912, -0.04649517698336736], [-0.12351785888502809, -0.7740504760431306, -0.3195572989696526, -0.33416934741056464, -0.38568130310279586, 0.17937350378244987, 0.7409244616028966, 0.27564834911823377, 0.3652809260885056, -0.3038336551470755, 0.28434887715541196, -0.041337405288378946]], "inverted": false, "swapped": false, "error_lsq": 0.043301373783310726, "error_max": 0.22258327988623441, "target": "1046.xyz", "model": "12.xyz", "model_rescale": 3.9764082729961374, "target_rescale": 3.885267957924434},
{"mapping": [11, 8, 3, 2, 1, 13, 6, 9, 14, 7, 4, 15], "R": [[0.21616068462465185, -0.5939761826889561, -0.7748979628446948], [-0.3121917345591805, 0.7099474383648852, -0.6312772414970049], [0.9251004698385641, 0.3783740598368148, -0.03197173043603446]], "T": [0.1463178884407857, -0.07809025300969831, 0.04193036852959104], "aligned_model": [[-0.5074972002816811, -0.12386751228148174, -0.5325205235699668, 0.46477483274159387, 0.49216020219684775, -0.1255438893078336, -0.1650753470567074, 0.7433586723389398, -0.6133604646821673, 0.14044637636935836, 0.18492707416213167, 0.08275925459137251], [-0.3977430611314485, -0.043029991719720176, 0.31349329858863306, 0.24244361704153627, -0.33634205488745683, -0.5513641183139307, -0.06452870338441556, -0.10439967458755058, -0.1479389876955285, 0.6416388642631932, 0.5249539319652877, 0.005462994229158441], [-0.2757056035644448, -0.6103145731628494, -0.2651269222321953, -0.6154148426666949, -0.423925488043813, 0.31866773211869964, 0.7394324423310927, 0.10787916090775954, 0.28029562110272926, -0.18826351066481678, 0.4301452104985932, 0.06575954627681119]], "inverted": false, "swapped": false, "error_lsq": 0.04434813146682883, "error_max": 0.2592385623979826, "target": "1046.xyz", "model": "13.xyz", "model_rescale": 4.170626492500431, "target_rescale": 3.885267957924434},
{"mapping": [2, 0, 4, 7, 1, 11, 5, 10, 6, 8, 12, 13], "R": [[0.3770750142710167, -0.5171184933526873, 0.7683767939267553], [0.8248371187523447, 0.564832841540861, -0.02464931328064396], [-0.4212578321418408, 0.6430803409757786, 0.6395228798953432]], "T": [0.003017921865298402, -0.0885542267339303, -0.09891625832615755], "aligned_model": [[-0.5646620772849023, -0.013577117342357635, -0.44602957359245604, 0.5772159750725352, 0.42059680875102795, 0.14943226130629475, -0.2835325696850633, 0.5013920928398934, -0.573731460114637, 0.19722603428389954, 0.09101078943306382, -0.014779688446892404], [-0.1994949338767985, -0.07347747693637678, 0.4604616009881739, 0.20255242139087531, -0.5238933337832673, -0.4420468101709695, 0.036728843273999015, 0.10412339731606289, -0.41602615284604866, 0.6188569129344198, 0.43465572389711626, -0.11979407781942857], [-0.41254620794802166, -0.6950334471549322, -0.09996426918074233, -0.5918496392199329, -0.5752797802252502, 0.4954451517537788, 0.755140412227888, 0.08226548432652783, 0.4183955963845858, -0.21471341437436883, 0.4052808499599099, -0.0037119636485711816]], "inverted": false, "swapped": false, "error_lsq": 0.06282113121520486, "error_max": 0.41318982995450954, "target": "1046.xyz", "model": "14.xyz", "model_rescale": 3.9786697098870705, "target_rescale": 3.885267957924434},
{"mapping": [8, 5, 2, 10, 7, 9, 0, 1, 3, 4, 0, 11], "R": [[-0.962154929251362, 0.19339106241053797, 0.19198382509219458], [-0.09760611477151185, 0.41319881172437173, -0.9053948245648293], [-0.25442275542198933, -0.8898688886399451, -0.37868512322798215]], "T": [0.10414076700475786, -0.08885806500507303, -0.06040917194121251], "aligned_model": [[-0.3388811322407045, -0.23028295981839417, -0.6092049433761613, 0.7673452415769865, 0.37087754586727917, -0.07504496023626694, -0.06142655173045916, 0.6862682260965738, -0.6739819826306765, 0.12068069721807512, -0.06142655173045916, 0.14563884622461343], [-0.2474155065839277, 0.049972965067993244, 0.40576565221724575, 0.19554976198146684, -0.4763607979178682, -0.5359654600943775, 0.26245052165676114, 0.11664211927214622, -0.27638795594030563, 0.484328766628834, 0.26245052165676114, -0.15838447357697172], [-0.2858404486773969, -0.7770306227480615, -0.0786490214293748, -0.4746470279527747, -0.5247033978129737, 0.3338010771122414, 0.5166309704953767, 0.22167129020687262, 0.3918150631549051, -0.275113659181627, 0.5166309704953767, -0.001136420761693152]], "inverted": false, "swapped": false, "error_lsq": 0.06320882972988824, "error_max": 0.4461308986241412, "target": "1046.xyz", "model": "15.xyz", "model_rescale": 3.769337070930944, "target_rescale": 3.885267957924434},
{"mapping": [2, 1, 10, 9, 8, 0, 5, 4, 7, 3, 11], "R": [[0.08335974070991642, 0.8818936314612384, -0.4640202327667244], [-0.23815345939618093, -0.43451787923760554, -0.8686064370015256], [-0.9676435725030199, 0.18291483103062803, 0.17380472140488498]], "T": [0.05880344193544609, 0.1444064192038007, -0.05155300277785606], "aligned_model": [[-0.27982743199935545, -0.3249518667267207, -0.16657239048556444, -0.5791383955708705, 0.30943241368918095, 0.32050137691979114, 0.7007229567337916, 0.1958522965081516, 0.12559711562548556, -0.5043044979741022, 0.12531455397138314], [-0.051178513528292224, -0.582895095616272, 0.6897858247669967, 0.17081008041461637, 0.341776275413618, -0.36238576315954885, 0.1770099155157976, -0.38887341689994404, 0.3999926014627114, 0.05072921923541629, 0.15129337002024323], [-0.6690064871610911, -0.018271267829287896, -0.09862762066772762, 0.008269347050849023, -0.7429387157285281, -0.39482892440107026, 0.009619629320834489, 0.5937826738467615, 0.5293375569023956, 0.5873930185316165, -0.060511602640974854]], "inverted": true, "swapped": true, "error_lsq": 0.051199182165237216, "error_max": 0.2867078648704567, "target": "1046.xyz", "model": "16.xyz", "model_rescale": 3.7852294659196426, "target_rescale": 3.885267957924434},
{"mapping": [2, 7, 1, 6, 11, 8, 0, 10, 3, 5, 4, 12], "R": [[-0.0330252538214377, -0.9852924318320891, 0.16765487283236913], [0.9987064312496049, -0.026043872113211162, 0.04367128239506239], [-0.03866260196505399, 0.1688802549138263, 0.984877993819302]], "T": [-0.020434994549799832, -0.048235401931942035, 0.020762751474637353], "aligned_model": [[-0.4367886595429054, 0.02365702647326889, -0.5597371784192686, 0.6248905569356856, 0.27504554741792514, -0.039700172378669525, -0.020034668978762802, 0.7579922398698702, -0.7171702414529872, 0.018936534510809937, 0.0494765888262826, 0.06399390195915733], [-0.3043489172356854, 0.03667824605834061, 0.3388616976884777, 0.23583693282573587, -0.574815711683528, -0.666092113785725, -0.021267302475684775, 0.12422508762913845, -0.1370680713430994, 0.569671984684788, 0.5641401897197518, -0.08317590771475183], [-0.34685459571648347, -0.6736957219012046, -0.16243971626570217, -0.5179867980632353, -0.39557425280633784, 0.22591598150751538, 0.7026862934424126, 0.13722517259508552, 0.39380983125224217, -0.2002561500344769, 0.3698976685893272, 0.030701060301728693]], "inverted": true, "swapped": false, "error_lsq": 0.04565084518580633, "error_max": 0.262437123570776, "target": "1046.xyz", "model": "17.xyz", "model_rescale": 3.901054581598922, "target_rescale": 3.885267957924434},
{"mapping": [7, 6, 1, 10, 11, 13, 2, 9, 0, 4, 8, 14], "R": [[0.3121868887533806, -0.2469058831855998, -0.9173749676870537], [0.628971444686091, 0.7774135493396919, 0.0048057333003282965], [0.7119931658801057, -0.5785029456721903, 0.3979950672918231]], "T": [0.02016479756535517, -0.0282121334624368, 0.02033024137708308], "aligned_model": [[-0.45689915723738506, -0.16359822679352048, -0.5447458918653814, 0.6770058625299998, 0.32262397312433727, 0.27489083016873483, -0.14251637791280186, 0.622785287475719, -0.6981113717076819, 0.10133907148049676, 0.0037280688111796037, 0.04405940714670923], [-0.3368782861200082, -0.015662582392375925, 0.2948859616553688, 0.27764560839458186, -0.42082830927015585, -0.48890880222075184, -0.030613060400544102, -0.29270768416737974, -0.07640860230205362, 0.7109232706031602, 0.5368600352747243, -0.075661434686808], [-0.3214477758048093, -0.7075429652437952, -0.22900704691725002, -0.36368096321348253, -0.6050512218443485, 0.5207055265478355, 0.8310503982024768, 0.05319770449451274, 0.2596228729922838, -0.24923155417440876, 0.36795292505353094, 0.006860872808325412]], "inverted": true, "swapped": false, "error_lsq": 0.04882646704738969, "error_max": 0.3405131644114839, "target": "1046.xyz", "model": "18.xyz", "model_rescale": 3.9405287249114394, "target_rescale": 3.885267957924434},
{"mapping": [11, 13, 14, 4, 7, 5, 2, 0, 10, 12, 1, 15], "R": [[0.7959844171422976, 0.03103184417249616, 0.6045211595253644], [0.33827632610888, 0.8053796843582488, -0.4867573227156289], [-0.5019740380347532, 0.5919464407108653, 0.6305723403930928]], "T": [0.07110256521867958, 0.033835717070867175, -0.070806317763139], "aligned_model": [[-0.5148410370127323, -0.23493632896375066, -0.6018701463551068, 0.6700298951128274, 0.4403318448287201, 0.03965570131315205, -0.2127916761212867, 0.7105744062339816, -0.6275712261550168, 0.08105460328049555, 0.242604924317657, 0.04832051474146549], [-0.37339298489512673, -0.060790431856483015, 0.32754191429323354, 0.2446318091614919, -0.37316521932262053, -0.6764306695884335, -0.1919172321921842, 0.14939424512945937, 0.053356521580480126, 0.5453156195894007, 0.41296206827158466, 0.0251404741969556], [-0.171046435475485, -0.661328063813817, -0.3169431928273755, -0.43345778912547317, -0.510858048579889, 0.3602335846720253, 0.7189815959491981, 0.15368477136376418, 0.2888850893976774, -0.2668377654123376, 0.4414139225907095, -0.03929889583812585]], "inverted": true, "swapped": false, "error_lsq": 0.04199582144843251, "error_max": 0.22382033273861893, "target": "1046.xyz", "model": "19.xyz", "model_rescale": 4.410303926677745, "target_rescale": 3.885267957924434},
{"mapping": [2, 1, 7, 5, 3, 6, 11, 10, 12, 8, 9, 13], "R": [[-0.8824325555462847, -0.3121855109216297, 0.35192753754523687], [0.4701635329671122, -0.5596502510584774, 0.6824498873602856], [-0.016094632022395833, 0.7676794925362955, 0.6406318440097086]], "T": [-0.04305382629415148, -0.14043568357586453, -0.07843586866330587], "aligned_model": [[-0.5985596990292067, -0.24137119669106483, -0.5799293994766572, 0.6219943429305821, 0.49153708988766925, 0.09886211796374114, 0.013149770482207827, 0.6541066044294604, -0.5284029361613107, 0.0646040642803053, 0.055304753952646994, -0.01073403734796783], [-0.4427422321930521, 0.06736096999765764, 0.2674484117412722, 0.2603274409356897, -0.5685948510959024, -0.6307910058699948, -0.21251762320075648, 0.16714638146855618, 0.25062247188969355, 0.6136414850666265, 0.3801806511542757, -0.06943598552630871], [-0.2749879069995197, -0.7716967593349879, -0.3070148455377979, -0.3885496761774944, -0.3168786821571006, 0.19709515652578047, 0.7454443860964461, 0.2289639037886418, 0.3483951258574775, -0.182527096614863, 0.36104217230416147, -0.0758570048498731]], "inverted": false, "swapped": false, "error_lsq": 0.049195337493922686, "error_max": 0.2897455133660894, "target": "1046.xyz", "model": "20.xyz", "model_rescale": 4.121658175737393, "target_rescale": 3.885267957924434},
{"mapping": [6, 10, 2, 11, 9, 5, 0, 7, 1, 4, 3, 12], "R": [[0.36701855185813487, -0.5874518386261102, -0.7212473361384153], [0.9267589107028328, 0.2976817720485349, 0.22913638738302364], [0.08009559304266695, -0.7525197006622795, 0.6536809589473268]], "T": [-0.028928546110672942, -0.11246182282253143, -0.09670537754424585], "aligned_model": [[-0.5436504001176674, -0.1092670213330714, -0.578708476056758, 0.6819417230839848, 0.43568876338153495, 0.08822872089408727, -0.06178849781122367, 0.586976814834432, -0.5790183105785978, -0.022192048302029175, 0.12403240317100361, 0.01831780405471046], [-0.3475092006434358, 0.01635288736066147, 0.40985696772855656, 0.3273828787063901, -0.43459544904612574, -0.5377410555093063, 0.06887608866502588, -0.03589922788659805, -0.08009711176525282, 0.42471033351434845, 0.3731770394222077, -0.10186803617871357], [-0.4167656925775669, -0.8619671245996918, -0.13042101004379175, -0.3719672565849648, -0.5472867328585789, 0.42225057339963495, 0.8796145064744425, 0.18898119041606243, 0.32605772692354523, -0.2980317195379806, 0.37594517669266947, -0.002980864802908975]], "inverted": false, "swapped": false, "error_lsq": 0.03454763048475187, "error_max": 0.19708867455198062, "target": "1046.xyz", "model": "21.xyz", "model_rescale": 4.08911054899281, "target_rescale": 3.885267957924434},
{"mapping": [14, 15, 5, 1, 2, 13, 7, 0, 10, 8, 6, 16], "R": [[-0.431210235035383, -0.8803496977335815, -0.19759084720988945], [-0.788836904506688, 0.47415369364832394, -0.3910429808703363], [0.4379430000457098, -0.012754783418131327, -0.8989122561245454]], "T": [-0.05503117596100419, -0.061236662386219456, -0.0963530988083524], "aligned_model": [[-0.38616705777741867, -0.08263553970566684, -0.5607278351462788, 0.53802449955341, 0.4255628844161132, 0.010359035891798866, -0.0794716490270603, 0.5947267794868529, -0.6087796945710664, 0.08565854714469034, 0.1289193954061631, -0.024907890451131336], [-0.5519392468269527, -0.1768847649679846, 0.43064638868295285, 0.2899379061081621, -0.3690759506392952, -0.5839676536713903, -0.11941387764160118, 0.0020304362502360646, 0.18420338932249186, 0.6137587339409423, 0.4453904169134422, -0.08203966310324569], [-0.3441081943037113, -0.8156378361451483, -0.1034950108704076, -0.4900023963422949, -0.5385274435088655, 0.302653664257271, 0.6120353983532475, 0.32064962509356665, 0.43680463429632976, -0.16949429656757808, 0.4184821353834771, -0.06593150674501559]], "inverted": false, "swapped": false, "error_lsq": 0.044369574540542744, "error_max": 0.2100469883676707, "target": "1046.xyz", "model": "22.xyz", "model_rescale": 4.204369325754507, "target_rescale": 3.885267957924434},
{"mapping": [11, 13, 14, 4, 7, 5, 2, 0, 10, 12, 1, 15], "R": [[0.7959844171422976, 0.03103184417249616, 0.6045211595253644], [0.33827632610888, 0.8053796843582488, -0.4867573227156289], [-0.5019740380347532, 0.5919464407108653, 0.6305723403930928]], "T": [0.07110256521867958, 0.033835717070867175, -0.070806317763139], "aligned_model": [[-0.5148410370127323, -0.23493632896375066, -0.6018701463551068, 0.6700298951128274, 0.4403318448287201, 0.03965570131315205, -0.2127916761212867, 0.7105744062339816, -0.6275712261550168, 0.08105460328049555, 0.242604924317657, 0.04832051474146549], [-0.37339298489512673, -0.060790431856483015, 0.32754191429323354, 0.2446318091614919, -0.37316521932262053, -0.6764306695884335, -0.1919172321921842, 0.14939424512945937, 0.053356521580480126, 0.5453156195894007, 0.41296206827158466, 0.0251404741969556], [-0.171046435475485, -0.661328063813817, -0.3169431928273755, -0.43345778912547317, -0.510858048579889, 0.3602335846720253, 0.7189815959491981, 0.15368477136376418, 0.2888850893976774, -0.2668377654123376, 0.4414139225907095, -0.03929889583812585]], "inverted": true, "swapped": false, "error_lsq": 0.04199582144843251, "error_max": 0.22382033273861893, "target": "1046.xyz", "model": "23.xyz", "model_rescale": 4.410303926677745, "target_rescale": 3.885267957924434},
{"mapping": [10, 11, 1, 13, 15, 4, 2, 5, 3, 7, 0, 16], "R": [[-0.6355544790901186, 0.6186245454937231, 0.4619244265257815], [0.11865024146643913, 0.6694587457387521, -0.7333124217915938], [-0.7628844108437682, -0.41125254949553947, -0.4988774561202132]], "T": [0.12692380035419498, -0.04778860425526388, -0.20856299235665182], "aligned_model": [[-0.4200053223964923, -0.16592087397189614, -0.6141523295926188, 0.5996811721916254, 0.5843414550110702, -0.04486299919554054, -0.010749681847798148, 0.5161670614281364, -0.5067861180177349, 0.007794528428559572, 0.05827706377899727, 0.03677751940409872], [-0.39191160524588337, 0.05979218475161492, 0.3836736724506613, 0.402327845032395, -0.5727374582374178, -0.4759893731230417, -0.049685175082734845, -0.2313840153108926, -0.040243813449117816, 0.6000512659048517, 0.42470453257953067, -0.025951945902207375], [-0.2875050036813481, -0.7593713593648752, -0.1772289378291942, -0.46948879269684946, -0.3651260171925813, 0.302335989862586, 0.6936212274653606, 0.250113846142711, 0.4298771380571516, -0.2982436250690183, 0.37660678838032263, -0.13216248117339432]], "inverted": false, "swapped": false, "error_lsq": 0.03875879452274499, "error_max": 0.2264852946865716, "target": "1046.xyz", "model": "24.xyz", "model_rescale": 4.28219845311461, "target_rescale": 3.885267957924434},
{"mapping": [1, 3, 5, 7, 4, 2, 14, 13, 10, 9, 12, 15], "R": [[-0.983262689052494, -0.1709475367748433, 0.06301923506257721], [-0.15396070534418915, 0.5946584228661238, -0.7890991454337626], [0.09741963625049387, -0.785594233548712, -0.6110246432737665]], "T": [-0.04140662269892327, -0.05088658931566453, -0.00964544102708794], "aligned_model": [[-0.42098540960866815, -0.03290828265905196, -0.7291428883498295, 0.5870485766576323, 0.33805475436756827, 0.25978756323086966, -0.07014760066868435, 0.5117523821704878, -0.6259445689173233, 0.05208617428675455, 0.21290937613495886, -0.041948601424307855], [-0.25577429074552527, -0.004612598789858757, 0.34542929910788395, 0.17925847755183527, -0.492264845117849, -0.5435202049804706, -0.0921824915115535, 0.03115352940287343, -0.00739552971944657, 0.5645339738375292, 0.4820186369758091, -0.12399784164346986], [-0.4827399064117361, -0.7828413029386796, -0.3182442524404527, -0.4066634712832605, -0.4521868194828606, 0.3582868998550762, 0.7503632625689948, 0.1908564073173493, 0.5252645850463177, -0.27306584881446916, 0.47590094477079065, -0.021501725286198762]], "inverted": true, "swapped": false, "error_lsq": 0.045359485770334725, "error_max": 0.2653936827967904, "target": "1046.xyz", "model": "25.xyz", "model_rescale": 4.100010024507729, "target_rescale": 3.885267957924434},
{"mapping": [6, 4, 0, 9, 5, 2, 3, 7, 1, 10, 8, 11], "R": [[-0.600304283499616, -0.6591969592828849, 0.4528732008898428], [0.4252928007506014, 0.21644103127199313, 0.8787942384947832], [-0.6773188324871252, 0.7201476576745324, 0.1504212428620463]], "T": [-0.04345707785609294, -0.01730774443799891, 0.00510053294274615], "aligned_model": [[-0.3507515946400595, -0.00285093155396883, -0.6537610099547206, 0.584985219548229, 0.36130860084038485, -0.17251440802676526, 0.20887189756532004, 0.6056921370101392, -0.6087182411500386, -0.0027498139482009104, 0.04569957166473619, 0.025350047865350236], [-0.46151701995278166, -0.06408359083294042, 0.3584181681678248, 0.3831012575755959, -0.45420214821623467, -0.6441471244965572, -0.06341596424488187, -0.10354404446713748, 0.08582924129089665, 0.5870013071757889, 0.45159989185771715, 0.0076061405104675996], [-0.353689569546323, -0.8678271509513859, -0.2402535479186225, -0.34709800776769045, -0.4525829773765245, 0.3768180110382724, 0.7746950668895289, 0.17750947729074296, 0.41618341169657486, -0.21434388219983658, 0.3911504642011246, -0.09713252245498956]], "inverted": true, "swapped": false, "error_lsq": 0.0442628575476888, "error_max": 0.29643236692201147, "target": "1046.xyz", "model": "26.xyz", "model_rescale": 3.6694154284099745, "target_rescale": 3.885267957924434},
{"mapping": [8, 5, 4, 1, 7, 9, 11, 6, 10, 0, 2, 13], "R": [[-0.61930525708959, 0.6233355276755245, 0.4774032032555632], [0.7524054604558518, 0.6449316799322244, 0.13397444269716818], [-0.22438141994696192, 0.44217185364660483, -0.8684106345648416]], "T": [0.02891379788937924, -0.08350338526584167, -0.015993771244063933], "aligned_model": [[-0.4822411951150975, 0.07324460632476519, -0.647408753352033, 0.6777930868744204, 0.258049401405388, -0.05215514399077824, -0.06602875836128226, 0.6498992602176745, -0.4902839557646001, 0.03062649359063947, 0.05839106593528268, 0.03067536745602708], [-0.36560489483848224, 0.07119191060033708, 0.37060846821775684, 0.2610872686524583, -0.5228588899266401, -0.6870820296089741, -0.05275703959196132, 0.16694547137163085, -0.10983680092511328, 0.521130760648696, 0.4659174851054725, -0.036095595337422896], [-0.2757946639551553, -0.7906437854966235, -0.12508456506702903, -0.5057484070099492, -0.4040558029400973, 0.290574626060177, 0.8361893326048002, 0.13514476649627408, 0.2867122969359686, -0.2831041592876104, 0.38325232337961596, 0.015986811180499973]], "inverted": true, "swapped": false, "error_lsq": 0.042496478105829384, "error_max": 0.2575017738066036, "target": "1046.xyz", "model": "27.xyz", "model_rescale": 4.103607728864725, "target_rescale": 3.885267957924434},
{"mapping": [1, 7, 5, 11, 8, 2, 3, 13, 0, 6, 10, 14], "R": [[0.6255117296514588, -0.5259289152955692, 0.5763105518073276], [-0.7421356980485092, -0.17312324691827, 0.647505171453115], [-0.24076893850846395, -0.8327227134121551, -0.498601244299496]], "T": [0.10876128226501114, 0.1062267541323362, 0.07496086535518195], "aligned_model": [[-0.4989954363112554, -0.08084971080206854, -0.46495732877090556, 0.5810672946266784, 0.32714847796014457, -0.003192828729988606, -0.18961338454617288, 0.685058788480215, -0.5523652642382687, 0.027965638600075726, 0.20912278708132287, 0.0001724418706290365], [-0.49928078742553617, 0.009999907092621274, 0.29963710625807966, 0.3566540835597106, -0.3548650187801724, -0.5389337895345901, -0.05229592645571163, -0.18790724038543657, -0.09057852792280677, 0.6289145725047758, 0.5162226649446295, -0.00492092948780587], [-0.1835990314130895, -0.6141467538018658, -0.3356238414027335, -0.35663433482918205, -0.566896896548057, 0.4104528267473986, 0.7453144813753415, 0.03976270414103518, 0.25900192448462983, -0.27366037803325227, 0.3606288505652083, 0.07882922161543769]], "inverted": false, "swapped": false, "error_lsq": 0.044387394093423106, "error_max": 0.2041586326406795, "target": "1046.xyz", "model": "28.xyz", "model_rescale": 4.137296879288765, "target_rescale": 3.885267957924434},
{"mapping": [5, 4, 1, 9, 2, 0, 8, 7, 10, 6, 11], "R": [[0.5934387436602961, 0.786155701174458, -0.17259684537611264], [0.7220457825169218, -0.6147322626316183, -0.3174179157346627], [-0.3556407533908561, 0.06374526484930061, -0.9324463500582094]], "T": [-0.0309586946390341, -0.033055260603492245, -0.0011233024551733917], "aligned_model": [[0.4582298026883139, -0.03773466993686064, -0.11986256477933371, -0.592234471166354, 0.0398237972600142, 0.511205978691533, 0.42788732160886034, -0.3285720747855344, -0.3763538019358686, 0.2134274120015509, 0.025602281063577245], [-0.28877604814061536, -0.8357452309343981, -0.2031943222484366, 0.13840073674935915, 0.5426290919810731, -0.011206134566092998, 0.5552135401865886, -0.46384243871270053, 0.28540993189779224, 0.24525700628751185, -0.044998315852129545], [0.33379047043659077, -0.2754785563651601, -0.8014308095071869, -0.2596150790375091, -0.4458147742651394, -0.38679488078277763, 0.1511399468381632, 0.36366186290494995, 0.3590587661183937, 0.7335805836746332, 0.033656491768041134]], "inverted": true, "swapped": true, "error_lsq": 0.05076122707459612, "error_max": 0.27147579312522485, "target": "1046.xyz", "model": "29.xyz", "model_rescale": 3.607286011436655, "target_rescale": 3.885267957924434},
