[{"mapping": [5, 9, 6, 4, 3, 8, 11, 7, 12, 13, 1, 14], "R": [[-0.3713417847562953, -0.7737432592729558, -0.5132510571091624], [0.02509710471254656, 0.5442103090216692, -0.8385733568922797], [0.9281569986963718, -0.32427844252155086, -0.18266931183628124]], "T": [0.0013917702102257314, -0.24472489240142808, -0.01604034578878324], "aligned_model": [[-0.20598859891248666, 0.20751586930063454, 0.48343597672338146, -0.05297045383034011, -0.25984992027727494, -0.5248706808643402, 0.2772707265635862, -0.31121548140013416, 0.47477524350219297, 0.2501676759458251, -0.47673584059498847, -0.023892053695506697], [-0.28123603110077233, -0.7293010804929081, -0.17278141526727325, 0.5625902365509978, 0.3137465789398039, -0.41267432856549346, -0.28333607652307746, -0.5920345099025566, 0.17611585574292082, 0.4105017235286262, 0.16689286524208752, -0.10492878217529744], [-0.5402450605225253, 0.037730985517241675, -0.5772734663164835, -0.045561231833949015, -0.7477086637847093, 0.055690921588611456, 0.5934306543697667, 0.6204277987644153, -0.02642258791998744, 0.5216111483072166, 0.34876651619824683, -0.05849526901428108]], "inverted": true, "swapped": true, "error_lsq": 0.036986666747743195, "error_max": 0.18607357934663124, "target": "1047.xyz", "model": "0.xyz", "model_rescale": 3.751011558992144, "target_rescale": 4.012045125768115},
{"mapping": [0, 11, 6, 4, 10, 1, 8, 12, 7, 3, 2, 13, 5, 9, 14], "R": [[0.6890817675941918, 0.5846453625986372, 0.4282010247082233], [0.4211803296938006, -0.8039364545785832, 0.4198729651676081], [0.5897231956166264, -0.10897695624087712, -0.8002190797276633]], "T": [0.04191613576586368, -0.09512763383600935, 0.09134901631774417], "aligned_model": [[0.3075931913400493, -0.6068007502018685, -0.12270911654332387, 0.5865698300814305, -0.021380517792090263, 0.43090546027351023, 0.6623346106459376, -0.6456857629028887, -0.18948646790604587, -0.20658360450932692, 0.35389118765512223, -0.28859696428815595, 0.13006162032240026, -0.3769441977415698, -0.012356401445992427], [0.18481282585574116, -0.5541371447167648, -0.7679027048957937, -0.6155141775760873, -0.5988230242861551, -0.4120339439196206, 0.027455013519454563, 0.036001083920757196, -0.2768322349386862, 0.4686652955652592, 0.6703550871808868, 0.5221525880840937, 0.2611824481982995, -0.0030500385106631417, -0.09201103853767217], [-0.5617616631757761, 0.16351313280241936, -0.1984750257022016, 0.3324385604138524, 0.7353507518872225, -0.3923277822617527, 0.29252720284571243, -0.15761682954028536, -0.502884352611688, -0.36008348290342856, 0.07023331572857028, 0.28429568412915984, 0.5966801414115956, 0.5916163036626567, 0.09831973950128595]], "inverted": true, "swapped": false, "error_lsq": 0.04839806766336352, "error_max": 0.33051762075636454, "target": "1047.xyz", "model": "1.xyz", "model_rescale": 3.9405287249114394, "target_rescale": 4.012045125768115},
{"mapping": [7, 11, 9, 4, 12, 0, 1, 13, 6, 5, 3, 2, 14], "R": [[-0.16591074099297187, 0.09809029716178033, 0.9812501819749524], [-0.9307352884134039, 0.3132571943026129, -0.18868426834178165], [-0.32589177486580034, -0.9445889179004638, 0.03932336779130019]], "T": [-0.11144657907768692, 0.012098955514693567, -0.11136301847589208], "aligned_model": [[-0.30970154447266834, 0.2240481356340956, -0.3599467828200954, 0.47418712594017415, 0.45551178861674585, -0.9155075713217914, 0.09253546453708243, 0.72056917255712, -0.011005770054483693, -0.43845597034170736, -0.0817870893727043, -0.3225751138385786, -0.03188856577925743], [0.7732371615196537, 0.5360979501622932, 0.16888009596055628, -0.2510169269995644, -0.22078403694356372, -0.07125679911242203, 0.3217081517197079, 0.2627983261565002, -0.6288164552035763, -0.4232856559234518, -0.7873290236440439, -0.15634714951233644, -0.06505304460773575], [-0.04206248994298682, -0.36020688948927104, -0.5516582661245587, 0.381980317819225, -0.2714578658673207, -0.164650226949798, 0.5160544730579588, 0.04731941027017067, -0.4742186050374151, 0.0390875110800695, 0.41352873562052433, 0.5922647962027456, -0.012860551050699831]], "inverted": false, "swapped": true, "error_lsq": 0.04773104912094035, "error_max": 0.29217558268138355, "target": "1047.xyz", "model": "2.xyz", "model_rescale": 3.932901565614263, "target_rescale": 4.012045125768115},
{"mapping": [1, 2, 4, 8, 13, 12, 12, 11, 9, 10, 5, 0, 6, 14], "R": [[0.7711034834918429, -0.6040655307704138, -0.20125668257676285], [-0.30710385362317294, -0.07596672232231529, -0.9486391728098738], [0.5577514149121834, 0.7933056735172535, -0.24408905655271626]], "T": [0.01950287061808126, 0.0255206240676783, 0.0572373707617717], "aligned_model": [[-0.13262973346987517, 0.4661864466575536, 0.17647950855865993, 0.07749908595628183, -0.46898247317962255, -0.0460771175004837, -0.0460771175004837, -0.6423652700615761, -0.15824151720787372, -0.2725029951113035, 0.5704677075077553, 0.38464039397963135, 0.42480071595803554, 0.08661227746600501], [0.06547362158154338, 0.2332398887101662, -0.543811745188866, 0.5043165750035993, -0.5808562041515681, -0.60181770417962, -0.60181770417962, -0.07456132715012774, 0.25593709553910904, -0.37066308871847964, 0.1439171073757212, 0.6950745293354832, -0.395084974790176, -0.06584943083667646], [-0.6543655142363689, -0.5131729552943638, -0.4966610314823613, -0.2215016319131627, -0.3598593922261297, 0.1159955710965936, 0.1159955710965936, 0.08836757355341071, 0.4993999705285956, 0.7339459248659613, 0.09661102879734852, 0.33050270818859573, 0.5169652068610526, -0.03832666677866775]], "inverted": false, "swapped": true, "error_lsq": 0.05597313298098566, "error_max": 0.43702972129185785, "target": "1047.xyz", "model": "3.xyz", "model_rescale": 3.9243930471874484, "target_rescale": 4.012045125768115},
{"mapping": [3, 4, 2, 5, 8, 12, 6, 1, 7, 11, 9, 10, 14], "R": [[-0.141048244563574, -0.47811120809487817, -0.8668996858919666], [-0.9498461678679924, 0.3122190170884349, -0.017650573781654022], [0.2791015049977771, 0.8209317621230086, -0.4981700431033446]], "T": [0.04893465089493538, -0.024909961646522184, 0.010304326949672829], "aligned_model": [[0.15031433644264472, -0.2725020760413686, 0.5351817122195852, 0.34135614092552174, 0.5700444271855756, -0.554656796436029, -0.3000290300784246, 0.20634781336367433, 0.3647819086514197, -0.2836531773653675, 0.08482959784755051, -0.5786610790579688, 0.013852108654539397], [-0.800116175888333, -0.1771725461699121, -0.2171378429488037, -0.5076348535059308, 0.1356354101781306, -0.15968415886392864, -0.6442250441163292, 0.3237164146416309, 0.6920409684292818, 0.5451960444358707, 0.08094649538889942, -0.05778446299162605, -0.08595069490736247], [-0.5412875669981289, -0.7170738329381081, -0.5325157971077092, -0.014121369423062413, -0.10360063290022868, -0.12688138480504324, 0.2275559656068991, -0.6100181562897982, 0.10859388300881408, 0.12614646286763936, 0.5277002543096603, 0.5627591160513394, -0.12018662601130929]], "inverted": false, "swapped": true, "error_lsq": 0.0558388430359555, "error_max": 0.35897274977904314, "target": "1047.xyz", "model": "4.xyz", "model_rescale": 3.8936222436046832, "target_rescale": 4.012045125768115},
{"mapping": [10, 9, 6, 12, 5, 8, 7, 1, 13, 11, 4, 14], "R": [[0.3643427520393888, -0.19236545776930725, -0.911180492379841], [-0.2286062017755212, 0.9300201673610485, -0.2877528328470412], [0.9027699394342583, 0.3131421705215259, 0.29487017057500664]], "T": [-0.2404204786907893, -0.024308198103996752, -0.03655162111402196], "aligned_model": [[0.04825816157783147, -0.43470617905672004, -0.27857289160882265, 0.26284219569286926, -0.6618433357143768, -0.5652745755833761, -0.26217121489775186, 0.011528604470442128, 0.6221877681305891, 0.21208698505458012, 0.2564109741540853, -0.1831984500042531], [-0.5754625701955021, -0.5088994065005403, 0.0531313667707824, 0.06206846716180665, 0.29137492979582347, 0.07434085506903404, -0.42320165635758344, 0.34559047955876837, 0.09254240086664273, -0.4683939937674222, 0.6145606745435409, 0.11127135816445655], [-0.5960665251802619, -0.1238271030068307, -0.7748419459137227, -0.4114814696271804, -0.24119082076340936, 0.40508480772600386, 0.6445136309992419, 0.5386143244461747, 0.11355983293706173, 0.18042700335593378, -0.060831707133561196, -0.054675308563931505]], "inverted": true, "swapped": true, "error_lsq": 0.03825008191121044, "error_max": 0.20268686356606722, "target": "1047.xyz", "model": "5.xyz", "model_rescale": 3.6523030999806103, "target_rescale": 4.012045125768115},
{"mapping": [13, 11, 7, 1, 8, 12, 9, 4, 6, 5, 0, 2, 14], "R": [[0.6651766042474043, 0.7354089111539013, 0.12928193438112506], [0.16085664911350572, -0.3102086396591742, 0.93696090543671], [0.7291537722578596, -0.602448614635504, -0.3246389427131246]], "T": [-0.03511454808405007, 0.01931350952573544, 0.021535751269714375], "aligned_model": [[0.13853224389006166, -0.07391389043299915, 0.35971324181624265, 0.6433732146779929, 0.40292231500776693, -0.326678412909665, -0.34738069987123094, 0.25142063567529455, -0.6376695186005357, -0.04963740229844786, -0.04658026645738855, 0.5517431693400083, 0.015238274827194837], [-0.6359232752812426, 0.02107182244634976, 0.4935161700631967, -0.19947240932064322, 0.3427945082604767, -0.523812265577894, 0.4221709669314822, -0.7340159957224385, -0.23816573041378405, 0.07508109562896098, 0.6921045837316369, -0.0652185587073987, -0.10930400787551917], [0.5879208199944234, 0.6905248703898393, 0.5141632132131163, 0.1728840735970724, -0.09588786334276411, 0.1675204908227424, 0.16432336215429602, -0.055773346135060305, -0.32940162921055766, -0.5404333997887452, -0.42959892422755147, -0.44375319016189363, -0.032378737823128265]], "inverted": true, "swapped": true, "error_lsq": 0.0432834881972797, "error_max": 0.26646499514958066, "target": "1047.xyz", "model": "6.xyz", "model_rescale": 4.08911054899281, "target_rescale": 4.012045125768115},
{"mapping": [0, 5, 4, 8, 10, 3, 9, 7, 6, 2, 1, 13, 11, 12, 14], "R": [[-0.5467126895335352, -0.8209171069809766, 0.1649252514595393], [0.8220170962617512, -0.48872097752175936, 0.29230070062108177], [-0.159352215411043, 0.2953758784940979, 0.9419978566044791]], "T": [-0.030996969382504267, -0.09097519238126356, 0.11393329241801434], "aligned_model": [[0.4281406945021795, -0.5943368998581822, -0.05235317978937874, 0.4188778278305024, -0.047428844474618606, 0.4328578879149392, 0.7439116870499601, -0.7248367949932611, -0.09099542167511322, -0.23108738247860364, 0.3243311798736499, -0.391218026764412, 0.14537983176045877, -0.47873589906177627, 0.11830545715084265], [0.17156107300871853, -0.5967430235267626, -0.7594857003093123, -0.5763888320731416, -0.4817370177147389, -0.4163235294107998, 0.00999172150592266, 0.010819086310959486, -0.11932223762683189, 0.49164817920540566, 0.5451328665664148, 0.5038653229233885, 0.10789925140394399, -0.005077357423173612, -0.03551976789694376], [-0.6638349880238438, 0.19965524581015648, -0.10852367593563039, 0.27866106335729346, 0.7191688563474574, -0.4387316759122184, 0.1762194417123857, -0.2139587412751138, -0.38077833793022464, -0.4063102820346347, 0.02994220632306943, 0.3426253856840037, 0.6372603818992074, 0.6617958032821635, 0.15863501288327125]], "inverted": false, "swapped": false, "error_lsq": 0.052104442500923435, "error_max": 0.32174962077052527, "target": "1047.xyz", "model": "7.xyz", "model_rescale": 3.964800864290218, "target_rescale": 4.012045125768115},
{"mapping": [8, 2, 7, 0, 11, 3, 9, 1, 4, 12, 6, 10, 13, 14], "R": [[0.7778474616899236, 0.21665930413452789, -0.589925480272284], [0.2818300700724547, -0.9592701878875618, 0.01930073141404219], [-0.5617162432630003, -0.181271764381836, -0.8072269875892394]], "T": [-0.06869237039120314, 0.03743299366633322, 0.022175820056329384], "aligned_model": [[-0.0394902057905938, 0.03325350663219229, 0.24319104080097736, -0.6918743507360251, 0.32736990159689017, -0.23119235305805985, -0.36585037382043156, 0.5420520244364886, 0.42756793799775406, 0.11668500707627848, -0.5235467072418419, -0.2838809378992673, 0.7155839252854103, -0.008680525818898797], [-0.16285310574574674, -0.6571998566541852, 0.3879269771767729, -0.06438020150053769, 0.5779685533885426, -0.8395883573515945, 0.4547990069305908, -0.2736840305051205, -0.4423003818993745, 0.10511918936977542, -0.017630039309546666, 0.6680776507183955, 0.1515458056494849, -0.07685274408625388], [-0.4968013154740695, -0.25192943617203306, -0.6129002923469535, -0.4853476575566666, 0.018873167245943498, 0.36844657857017654, -0.11084791591352906, -0.22544630866373871, 0.44545592381391114, 0.6241396444434822, 0.6074968355341384, 0.5282831446829234, 0.41226485704974025, 0.09512781351169654]], "inverted": true, "swapped": true, "error_lsq": 0.05393585478336157, "error_max": 0.28676115777627154, "target": "1047.xyz", "model": "8.xyz", "model_rescale": 4.121658175737393, "target_rescale": 4.012045125768115},
{"mapping": [9, 12, 11, 7, 6, 5, 4, 2, 1, 3, 0, 8, 14], "R": [[-0.8637214252995002, -0.44471873050627464, 0.23708764247739214], [-0.40125303916848654, 0.32219110254144595, -0.8574315669493285], [0.3049283490209681, -0.835714152195603, -0.4567281004967089]], "T": [-0.09443059220526015, 0.0321823274616241, -0.1722630293199962], "aligned_model": [[-0.39282820957053965, -0.1641793893542699, 0.16496396214870715, 0.36074103508044253, -0.7162699386163025, -0.36602345655994317, 0.28780254822461737, 0.2311901473591347, 0.6112860722753856, -0.20696492226964155, -0.4511852599493872, 0.16399606329598607, -0.045791155628992206], [0.4078712195045645, -0.5041369097436013, 0.1677865898529503, 0.6493714036047998, -0.3749797711971631, -0.03295800647432688, -0.6727006874829095, -0.06392738618783415, -0.05250532240892884, -0.6072392923465051, 0.5877607113250622, 0.38248900291189825, -0.09644411194629675], [-0.39589062311780243, -0.5021166637341172, -0.775073838218584, -0.3602401481477224, -0.18000571510535007, 0.3187810793118159, -0.059914406049308755, 0.5006229246025458, -0.011293378117302688, 0.5305542651376067, 0.2971627412672595, 0.1753077578584163, -0.11681856172836769]], "inverted": false, "swapped": true, "error_lsq": 0.051630791534966206, "error_max": 0.3068907761231105, "target": "1047.xyz", "model": "9.xyz", "model_rescale": 3.833441315466971, "target_rescale": 4.012045125768115},
{"mapping": [11, 2, 9, 3, 2, 7, 6, 10, 8, 12, 1, 0, 5, 13, 14], "R": [[-0.2452468148104347, 0.44283799139237323, -0.8624085535318541], [0.4534155388751818, -0.7338908096227105, -0.5057851605749729], [-0.8568945961621329, -0.515071638639608, -0.020805243022955056]], "T": [0.09416070926560163, 0.020316751313225204, 0.028455082359415983], "aligned_model": [[0.07690954942231368, -0.1526709406192394, -0.07344219191417381, 0.5120833718329613, -0.1526709406192394, 0.40106478494279507, 0.6944113531554029, -0.5762162832291204, -0.4313188084622055, 0.2386910374260731, 0.1814409730299081, -0.34241861959000086, 0.033639089056296964, -0.5133362825227841, 0.1046460250781994], [-0.034142570825284595, -0.5081888357343253, -0.7688153541416467, -0.7068620439603132, -0.5081888357343253, -0.40184947593754683, 0.3306661400625552, 0.23176696364660643, -0.40432748452563694, 0.5112582819886448, 0.6885854835495163, 0.47913928083518925, 0.05824143309485889, -0.043021874099208254, -0.07394107327603489], [-0.6513049199648205, 0.44846250610605176, -0.055746545826730574, 0.25400662317606854, 0.44846250610605176, -0.3856699491025727, 0.09636671212716416, -0.39773459273580425, -0.3602709288542925, -0.28951890244228967, 0.33079262549019944, 0.2788614275720012, 0.7010129263148732, 0.540921827537657, 0.03318438068378562]], "inverted": false, "swapped": false, "error_lsq": 0.054739675446872985, "error_max": 0.46940651778444065, "target": "1047.xyz", "model": "10.xyz", "model_rescale": 4.2482417240324, "target_rescale": 4.012045125768115},
{"mapping": [13, 1, 7, 2, 10, 9, 11, 5, 4, 6, 12, 14], "R": [[-0.14586370950993122, 0.5366183975609619, 0.831122417966877], [-0.6572955093682312, -0.6804431706169036, 0.32397485230365186], [0.739382439345404, -0.49903685931995156, 0.4519688279380769]], "T": [0.12967879982838887, 0.1413614847338113, 0.007077099689764291], "aligned_model": [[-0.5819510622975561, 0.16982236826623504, 0.2242469744220299, 0.6430670002195653, -0.4531713251701442, 0.1405225914168679, -0.3529308628916635, 0.5497054280628834, -0.14374569911034046, -0.020529736709433033, -0.41032523637862645, 0.1120551625331891], [-0.3809484437723999, -0.5822593030081613, -0.10436828438272519, -0.33767554311779735, 0.7399221762145696, 0.5608805059008757, 0.06008764968270244, 0.2752440919086805, -0.4098444403237491, 0.6370519831711831, 0.1549654829997351, 0.053075514777725874], [-0.025415615121787458, 0.08376273482024629, 0.7514645687696211, -0.26677967259220786, 0.05370603382347311, 0.329689538111686, 0.46482965218672306, -0.3461697584218128, -0.5192265418638018, -0.5260771198587512, -0.32385674739700054, -0.11073478260203128]], "inverted": true, "swapped": true, "error_lsq": 0.05710296173006837, "error_max": 0.3144381453341094, "target": "1047.xyz", "model": "11.xyz", "model_rescale": 3.6694154284099745, "target_rescale": 4.012045125768115},
{"mapping": [2, 1, 13, 7, 8, 3, 5, 6, 11, 10, 12, 9, 4, 14], "R": [[-0.40140552960922243, 0.4226198080919279, -0.8125675963312111], [-0.6961334193313289, 0.4357662947165983, 0.5705313303220424], [0.5952074119911583, 0.7946698900784585, 0.11928077176761903]], "T": [0.17183312448473778, 0.0029669901421272085, 0.030994754801088584], "aligned_model": [[-0.005026075852609196, 0.046922144200152366, -0.28402862255443917, 0.7894983296591181, 0.47495190620863803, -0.5333272414023995, 0.06499443118436954, -0.21098034943147223, 0.3607988478085805, 0.15708930357182735, -0.32441888712799505, 0.5787249290712047, -0.5534779594422398, 0.0365440943630739], [-0.3768520366472057, 0.25713348253587787, 0.7443252511063236, 0.3644737294471606, -0.17203473914748318, -0.601966991442977, -0.5509276847826945, -0.29976405633817804, 0.6388978140554816, 0.28990143603821894, 0.2784631712815836, 0.002099533222665796, 0.16534615577249878, -0.008107776965017993], [-0.5955032741050938, -0.6405079468488781, -0.12019550641937406, -0.3025341569188519, -0.40236185833671645, -0.19765316015836804, 0.0007218890716076572, 0.5916487070724104, 0.12554032443678217, 0.8168793968436506, 0.3123174061895342, 0.3695665924373366, -0.2901614216191357, -0.02866153199248825]], "inverted": false, "swapped": true, "error_lsq": 0.042418739447979505, "error_max": 0.2675008947819643, "target": "1047.xyz", "model": "12.xyz", "model_rescale": 3.9764082729961374, "target_rescale": 4.012045125768115},
{"mapping": [3, 13, 11, 10, 12, 8, 2, 6, 14, 7, 0, 4, 9, 5, 15], "R": [[-0.8573068402193329, -0.46465665258163463, -0.22162846596223512], [-0.03530569046785556, 0.4825625212722824, -0.875149656506775], [0.5135937012208498, -0.7424470407207294, -0.430109174270092]], "T": [-0.013574604320701691, -0.0956815778245799, 0.14403495256365778], "aligned_model": [[0.1340353241279978, -0.387848340201265, 0.09553406104506786, 0.4427740142894768, -0.022098355707894222, 0.545591229614046, 0.7271404788812096, -0.7651102091397965, -0.4476186394031381, 0.2621927100299597, 0.2105347947944735, -0.3299976262356378, 0.07762531984271075, -0.4952593218701773, -0.0466833230798459], [-0.05610298660352822, -0.5796358058493909, -0.692814613393574, -0.75645108331859, -0.5117007694838505, -0.28367504705159896, 0.20005251845526054, -0.0788431823127452, -0.4081953606771731, 0.5132419924562014, 0.5550270839045995, 0.534611764584091, 0.12141042991183768, 0.33353097715217916, -0.04013588283066898], [-0.6836656523980267, 0.15774706377289682, -0.3678948626685374, 0.17976306278584475, 0.6278416420396555, -0.2453811004395498, 0.1559523231147171, 0.00776496751553335, -0.44989176910458656, -0.20838265882277718, 0.3752516221208432, 0.00812875146615849, 0.6972553069679233, 0.6793669256087234, 0.05797007422852492]], "inverted": false, "swapped": false, "error_lsq": 0.056664322445856445, "error_max": 0.4198390375546027, "target": "1047.xyz", "model": "13.xyz", "model_rescale": 4.170626492500431, "target_rescale": 4.012045125768115},
{"mapping": [4, 6, 13, 12, 1, 7, 11, 3, 2, 6, 5, 9, 8, 14], "R": [[0.17217317973661272, -0.9652362826664249, -0.19666040476843805], [-0.8670047416296296, -0.053717609185623294, -0.4953959996357666], [0.4676100663706074, 0.2557994079111257, -0.846113165446085]], "T": [-0.10597579439559494, 0.09140042708568967, 0.1988745699250564], "aligned_model": [[0.23910371713438056, -0.1726906097632308, -0.34120124731896595, -0.3219108064527753, 0.2297725386468718, -0.30839386355299053, -0.6460281408463009, 0.669868517762851, 0.6290740765138939, -0.1726906097632308, 0.31025865918651696, -0.46743702668943016, 0.21024148127557057, -0.014783664041516889], [-0.18979805883753337, -0.6236851659466346, 0.07356259589968826, -0.36164960158570386, 0.4909703104366283, 0.8545875495199624, 0.3597202384632818, -0.4605637129380438, 0.23674108997611026, -0.6236851659466346, -0.13244564244556561, 0.1781243771344234, 0.5277043921137589, 0.026491262081928243], [-0.47746261949137747, 0.39051700927600674, -0.6523782107910799, -0.18767992962843197, -0.30978661628116944, 0.19551233432341905, -0.09336311424236685, 0.10465501712923764, 0.117515925239868, 0.39051700927600674, 0.5083452155480112, 0.5757264193275654, 0.34011918010999875, 0.10163548132517913]], "inverted": false, "swapped": true, "error_lsq": 0.05177214091303684, "error_max": 0.4272654755822127, "target": "1047.xyz", "model": "14.xyz", "model_rescale": 3.9786697098870705, "target_rescale": 4.012045125768115},
{"mapping": [9, 8, 10, 6, 11, 13, 2, 4, 12, 5, 1, 14], "R": [[0.557778298449333, 0.5173983718533585, 0.6489855888865796], [-0.7881205510009931, 0.08495482564696269, 0.6096299489765783], [0.26028708548227686, -0.8515172355289046, 0.45515824800650817]], "T": [-0.03626979874110329, -0.09823160156967843, -0.13421578688469019], "aligned_model": [[0.024669576147640225, -0.5896046506974914, 0.6759754066583953, 0.5648620690660872, 0.07259184066913724, 0.23623991730188484, -0.5349526283552829, 0.12016887901603082, 0.5160163682137778, -0.11911256351410704, -0.4680323477958574, -0.015467269942878267], [-0.26861511836414903, -0.16245197046706655, -0.08672837552257918, -0.5104197884790198, 0.4372560066715953, 0.708762500426892, -0.2214373008719534, 0.2627586027280363, 0.13743485310625542, -0.5900309293201235, 0.3777359225001417, -0.0695899121835902], [-0.6316576751032457, -0.13329868956697258, -0.5732350008960022, 0.011614500063320904, -0.5221037694481018, 0.09983436288304329, 0.41730687011674783, 0.5734546618792061, 0.06764543021035799, 0.13111563086423453, 0.20952140115173498, 0.009768771719506436]], "inverted": false, "swapped": true, "error_lsq": 0.05657022320986572, "error_max": 0.3130165317237675, "target": "1047.xyz", "model": "15.xyz", "model_rescale": 3.769337070930944, "target_rescale": 4.012045125768115},
{"mapping": [1, 3, 7, 8, 13, 12, 11, 6, 9, 0, 14], "R": [[-0.06202933755802195, -0.7709342072873232, -0.6338870635344909], [0.8016574351131739, -0.41682129425163317, 0.4284919665363177], [-0.5945567407824761, -0.4815812046712996, 0.6438802880174697]], "T": [-0.005165090210426515, 0.039331043633621894, 0.053312186256869426], "aligned_model": [[-0.2990354206045125, -0.41583448436400894, -0.14273409965705974, -0.49886314333336285, 0.4679839430696386, 0.48541008428116905, 0.43909211304744594, 0.28527535743730775, 0.15264790621795998, -0.5246165014609703, -0.026699623942436274], [0.19181615528754792, -0.8118539014893106, 0.8066964161765768, 0.29452495089026165, 0.05054576555061464, -0.29955506484262245, 0.49552306737085217, -0.5449628766545869, 0.3164748032092322, 0.16572620657625653, -0.06887102444948023], [-0.5959241010935551, -0.0960563867810868, -0.07184417938642657, 0.015327225020657337, -0.6925327848462709, -0.16069445544076727, -0.15544436325519292, 0.40936001674700284, 0.47577990934126646, 0.6619962437115511, -0.045749516793401876]], "inverted": true, "swapped": true, "error_lsq": 0.04836155987137351, "error_max": 0.2362765534014208, "target": "1047.xyz", "model": "16.xyz", "model_rescale": 3.7852294659196426, "target_rescale": 4.012045125768115},
{"mapping": [11, 1, 4, 13, 7, 8, 0, 5, 12, 10, 9, 6, 14], "R": [[-0.6593272133216396, -0.2987393980878396, -0.6899582580153939], [-0.5212904854054965, -0.4796499801194901, 0.705827263852194], [-0.5417968766975528, 0.8250397981924801, 0.1605162789230074]], "T": [-0.041838325245281666, 0.1272948037605574, 0.06209335191389277], "aligned_model": [[-0.06536809383345141, -0.41623937868958427, 0.24700757343329713, 0.21723283298316434, -0.6876883167059685, -0.5736870273462764, -0.44256705448188083, -0.024628482872402657, 0.5232664535291787, 0.5467295950966649, -0.08522043294895074, 0.6053951986676673, 0.009532983384825847], [-0.06208974244678345, -0.49275854222707544, -0.5693481202761055, -0.6356026150973058, 0.0737685682755527, 0.13340676516414296, 0.7673847657697928, 0.3566154827061391, -0.13657673501647166, 0.43646301196422455, 0.5640794159261113, 0.419188779776646, 0.02052458918400675], [-0.5802731834692834, 0.14257276843724875, 0.35678155112996796, -0.30005325082533113, -0.3889628461858441, 0.22763536241181181, 0.35535622676239237, 0.5780837696825925, -0.048969869118292764, -0.4460072771702138, -0.23376096640527322, 0.28212009756327067, 0.15123231433012824]], "inverted": true, "swapped": true, "error_lsq": 0.045319213626101584, "error_max": 0.23202045965997375, "target": "1047.xyz", "model": "17.xyz", "model_rescale": 3.901054581598922, "target_rescale": 4.012045125768115},
{"mapping": [0, 11, 6, 4, 10, 1, 8, 12, 7, 3, 2, 13, 5, 9, 14], "R": [[0.6890817675941918, 0.5846453625986372, 0.4282010247082233], [0.4211803296938006, -0.8039364545785832, 0.4198729651676081], [0.5897231956166264, -0.10897695624087712, -0.8002190797276633]], "T": [0.04191613576586368, -0.09512763383600935, 0.09134901631774417], "aligned_model": [[0.3075931913400493, -0.6068007502018685, -0.12270911654332387, 0.5865698300814305, -0.021380517792090263, 0.43090546027351023, 0.6623346106459376, -0.6456857629028887, -0.18948646790604587, -0.20658360450932692, 0.35389118765512223, -0.28859696428815595, 0.13006162032240026, -0.3769441977415698, -0.012356401445992427], [0.18481282585574116, -0.5541371447167648, -0.7679027048957937, -0.6155141775760873, -0.5988230242861551, -0.4120339439196206, 0.027455013519454563, 0.036001083920757196, -0.2768322349386862, 0.4686652955652592, 0.6703550871808868, 0.5221525880840937, 0.2611824481982995, -0.0030500385106631417, -0.09201103853767217], [-0.5617616631757761, 0.16351313280241936, -0.1984750257022016, 0.3324385604138524, 0.7353507518872225, -0.3923277822617527, 0.29252720284571243, -0.15761682954028536, -0.502884352611688, -0.36008348290342856, 0.07023331572857028, 0.28429568412915984, 0.5966801414115956, 0.5916163036626567, 0.09831973950128595]], "inverted": true, "swapped": false, "error_lsq": 0.04839806766336352, "error_max": 0.33051762075636454, "target": "1047.xyz", "model": "18.xyz", "model_rescale": 3.9405287249114394, "target_rescale": 4.012045125768115},
{"mapping": [3, 11, 2, 6, 5, 1, 0, 14, 10, 12, 4, 13, 7, 9, 15], "R": [[-0.5402117320946738, -0.5293094283326789, -0.6542192396937019], [-0.8118293645382124, 0.1230804807833944, 0.5707751554891042], [-0.22159505269918597, 0.8394538250125861, -0.4961984565584458]], "T": [0.029948324644888127, 0.022429885205061686, 0.08484077938199683], "aligned_model": [[0.05937613416257438, -0.627280384706862, 0.08443523165077411, 0.5296181125571021, -0.0069369248171681636, 0.5174069092380706, 0.7039816728142998, -0.5632036871355766, -0.389057418274313, 0.09782579409619842, 0.4305579027670338, -0.5237080684802276, 0.022453516808979737, -0.35722359297750933, 0.022566919283810966], [-0.0680149472466383, -0.25216997618655473, -0.8279726387174986, -0.5178333556843494, -0.6711003096261651, -0.18512157840098392, 0.07631756573756272, 0.16229981275275557, -0.4787082821911988, 0.421978834575367, 0.600805340112528, 0.3847454737716921, 0.31748297718380997, -0.09762766386132489, -0.014761217275952185], [-0.7615529417571312, 0.19373771059382727, -0.08595736839519061, 0.2141821462514298, 0.5419162545371952, -0.3086384986503262, 0.2091364808294366, -0.3930149063273771, -0.3524220266351309, -0.28379501433229304, 0.28398602209056956, 0.2011243036030599, 0.7239910353552116, 0.7365262388433101, 0.07260626018075213]], "inverted": false, "swapped": false, "error_lsq": 0.04629905928565977, "error_max": 0.2717370098120262, "target": "1047.xyz", "model": "19.xyz", "model_rescale": 4.410303926677745, "target_rescale": 4.012045125768115},
{"mapping": [8, 2, 7, 0, 11, 3, 9, 1, 4, 12, 6, 10, 13, 14], "R": [[0.7778474616899236, 0.21665930413452789, -0.589925480272284], [0.2818300700724547, -0.9592701878875618, 0.01930073141404219], [-0.5617162432630003, -0.181271764381836, -0.8072269875892394]], "T": [-0.06869237039120314, 0.03743299366633322, 0.022175820056329384], "aligned_model": [[-0.0394902057905938, 0.03325350663219229, 0.24319104080097736, -0.6918743507360251, 0.32736990159689017, -0.23119235305805985, -0.36585037382043156, 0.5420520244364886, 0.42756793799775406, 0.11668500707627848, -0.5235467072418419, -0.2838809378992673, 0.7155839252854103, -0.008680525818898797], [-0.16285310574574674, -0.6571998566541852, 0.3879269771767729, -0.06438020150053769, 0.5779685533885426, -0.8395883573515945, 0.4547990069305908, -0.2736840305051205, -0.4423003818993745, 0.10511918936977542, -0.017630039309546666, 0.6680776507183955, 0.1515458056494849, -0.07685274408625388], [-0.4968013154740695, -0.25192943617203306, -0.6129002923469535, -0.4853476575566666, 0.018873167245943498, 0.36844657857017654, -0.11084791591352906, -0.22544630866373871, 0.44545592381391114, 0.6241396444434822, 0.6074968355341384, 0.5282831446829234, 0.41226485704974025, 0.09512781351169654]], "inverted": true, "swapped": true, "error_lsq": 0.05393585478336157, "error_max": 0.28676115777627154, "target": "1047.xyz", "model": "20.xyz", "model_rescale": 4.121658175737393, "target_rescale": 4.012045125768115},
{"mapping": [13, 11, 7, 1, 8, 12, 9, 4, 6, 5, 0, 2, 14], "R": [[0.6651766042474043, 0.7354089111539013, 0.12928193438112506], [0.16085664911350572, -0.3102086396591742, 0.93696090543671], [0.7291537722578596, -0.602448614635504, -0.3246389427131246]], "T": [-0.03511454808405007, 0.01931350952573544, 0.021535751269714375], "aligned_model": [[0.13853224389006166, -0.07391389043299915, 0.35971324181624265, 0.6433732146779929, 0.40292231500776693, -0.326678412909665, -0.34738069987123094, 0.25142063567529455, -0.6376695186005357, -0.04963740229844786, -0.04658026645738855, 0.5517431693400083, 0.015238274827194837], [-0.6359232752812426, 0.02107182244634976, 0.4935161700631967, -0.19947240932064322, 0.3427945082604767, -0.523812265577894, 0.4221709669314822, -0.7340159957224385, -0.23816573041378405, 0.07508109562896098, 0.6921045837316369, -0.0652185587073987, -0.10930400787551917], [0.5879208199944234, 0.6905248703898393, 0.5141632132131163, 0.1728840735970724, -0.09588786334276411, 0.1675204908227424, 0.16432336215429602, -0.055773346135060305, -0.32940162921055766, -0.5404333997887452, -0.42959892422755147, -0.44375319016189363, -0.032378737823128265]], "inverted": true, "swapped": true, "error_lsq": 0.0432834881972797, "error_max": 0.26646499514958066, "target": "1047.xyz", "model": "21.xyz", "model_rescale": 4.08911054899281, "target_rescale": 4.012045125768115},
{"mapping": [13, 1, 0, 6, 8, 7, 10, 2, 4, 14, 9, 15, 5, 11, 16], "R": [[-0.5035184614892643, -0.536061785599098, 0.6775742918380174], [-0.4795908037618565, -0.47890918380109154, -0.7352813438528335], [0.7186527811722019, -0.6951861302495029, -0.015950687200882385]], "T": [0.0003111984396930339, -0.023630804034980774, 0.02650324285250378], "aligned_model": [[0.2285507438498767, -0.6099843846326085, -0.009603547589354538, 0.38355141127697084, -0.055661059347565475, 0.5896154280134981, 0.7763188192511207, -0.6678359583935715, -0.27536925694894365, -0.07953401646080026, 0.32526945808266866, -0.590261344229259, 0.3351599564020462, -0.3554847824541879, 0.00608065016729676], [-0.027222271989275695, -0.4566517440333353, -0.7446882189922969, -0.623539334261551, -0.3952214408017153, -0.30294856165597284, 0.053443014365892466, -0.05830838584127371, -0.27929791319208985, 0.5611041701192757, 0.5626587692751962, 0.3772029288822054, 0.1550661586073601, 0.0804357795737976, -0.05171291511316732], [-0.5936771964529648, 0.291136098090511, -0.2564407451124759, 0.2474123263624467, 0.6092120235359276, -0.2572189862615338, 0.2338850361098516, -0.24484647892539924, -0.5608014495174105, -0.22555297628397913, 0.2677795932892956, 0.17504080811926007, 0.62120716816462, 0.6961840596706396, -0.011493584601445957]], "inverted": true, "swapped": false, "error_lsq": 0.04268911613097084, "error_max": 0.2323674764256472, "target": "1047.xyz", "model": "22.xyz", "model_rescale": 4.204369325754507, "target_rescale": 4.012045125768115},
{"mapping": [3, 11, 2, 6, 5, 1, 0, 14, 10, 12, 4, 13, 7, 9, 15], "R": [[-0.5402117320946738, -0.5293094283326789, -0.6542192396937019], [-0.8118293645382124, 0.1230804807833944, 0.5707751554891042], [-0.22159505269918597, 0.8394538250125861, -0.4961984565584458]], "T": [0.029948324644888127, 0.022429885205061686, 0.08484077938199683], "aligned_model": [[0.05937613416257438, -0.627280384706862, 0.08443523165077411, 0.5296181125571021, -0.0069369248171681636, 0.5174069092380706, 0.7039816728142998, -0.5632036871355766, -0.389057418274313, 0.09782579409619842, 0.4305579027670338, -0.5237080684802276, 0.022453516808979737, -0.35722359297750933, 0.022566919283810966], [-0.0680149472466383, -0.25216997618655473, -0.8279726387174986, -0.5178333556843494, -0.6711003096261651, -0.18512157840098392, 0.07631756573756272, 0.16229981275275557, -0.4787082821911988, 0.421978834575367, 0.600805340112528, 0.3847454737716921, 0.31748297718380997, -0.09762766386132489, -0.014761217275952185], [-0.7615529417571312, 0.19373771059382727, -0.08595736839519061, 0.2141821462514298, 0.5419162545371952, -0.3086384986503262, 0.2091364808294366, -0.3930149063273771, -0.3524220266351309, -0.28379501433229304, 0.28398602209056956, 0.2011243036030599, 0.7239910353552116, 0.7365262388433101, 0.07260626018075213]], "inverted": false, "swapped": false, "error_lsq": 0.04629905928565977, "error_max": 0.2717370098120262, "target": "1047.xyz", "model": "23.xyz", "model_rescale": 4.410303926677745, "target_rescale": 4.012045125768115},
{"mapping": [8, 13, 11, 1, 7, 10, 3, 15, 9, 4, 2, 5, 0, 12, 16], "R": [[0.34405709354808656, -0.6878213004907158, -0.6391608365431223], [-0.893645496994293, -0.4487695983515511, 0.0018903166958772477], [-0.28813615198559606, 0.5705328265635976, -0.7690707716018634]], "T": [-0.12951611057045628, -0.18270862375023025, 0.03615929599704405], "aligned_model": [[0.06608335415793845, -0.6400692848859469, -0.036000576764732645, 0.5984586843253313, -0.016246613141302463, 0.34061300446397247, 0.6827643695837875, -0.6380890822643858, -0.20877418181059154, 0.18418095860509623, 0.305794135983381, -0.34857516681689726, 0.15667368180433147, -0.42816032125617187, -0.017840844996622904], [0.167760085203394, -0.4544107654179741, -0.7885149306096745, -0.5473767812839319, -0.5592285916205205, -0.26994472759441085, 0.18215158028560105, 0.029114323604153253, -0.35847391023219366, 0.3840194540483496, 0.5586891736530619, 0.40244564912640435, 0.11097826978822703, 0.14486358406961355, -0.15175237807705028], [-0.6812103442141926, 0.4357841528799392, -0.12187566885919963, 0.3070932038929523, 0.572194398792934, -0.40560129941482276, 0.1639420714614388, -0.41749118870594504, -0.5598647855966372, -0.19685960370112626, 0.3423099883515839, 0.10833713358288552, 0.6703747344644266, 0.7067440548990315, 0.06794884835407436]], "inverted": false, "swapped": false, "error_lsq": 0.045527949262573135, "error_max": 0.29311480636821, "target": "1047.xyz", "model": "24.xyz", "model_rescale": 4.28219845311461, "target_rescale": 4.012045125768115},
{"mapping": [7, 14, 2, 0, 6, 4, 1, 12, 13, 9, 5, 11, 8, 10, 15], "R": [[-0.12269493877488152, -0.4423813014658533, -0.8883944710050856], [-0.24029404221150272, -0.8552808702655291, 0.4590788671192517], [-0.9629147030119982, 0.2698025520102002, -0.0013629571154587516]], "T": [0.03714075158534154, -0.047014319232877085, -0.020943222256980573], "aligned_model": [[0.1925830247813632, -0.6075606215508753, -0.10324361856697593, 0.515992279703821, 0.03606952350136976, 0.5742891966144589, 0.5995629765274223, -0.6685042699553145, -0.2540594391035264, -0.02574160798559884, 0.22363314530989148, -0.36852480837085577, 0.17588376262785876, -0.3706001838532832, 0.08103275730743241], [0.0324386699600867, -0.34929753774633665, -0.7171117396809978, -0.6468747148240412, -0.5461085570878556, -0.4083289219051494, 0.11239244203384571, 0.11405292949107415, -0.27996172266787756, 0.5246330496719369, 0.6799611355418129, 0.2789759884767782, 0.1260448234392019, 0.03289734748652275, -0.103393157245952], [-0.7792775337332456, 0.24948166597642402, -0.027400784771647, 0.25550368377673743, 0.7294572902504216, -0.3609018652185785, 0.2401087346411142, -0.26699676357758, -0.483387178983266, -0.37610343731191015, 0.3815588971811179, 0.1391906092508668, 0.6368918383420155, 0.6551235450949142, -0.001423004730041269]], "inverted": false, "swapped": false, "error_lsq": 0.03489689784185624, "error_max": 0.22979377335911322, "target": "1047.xyz", "model": "25.xyz", "model_rescale": 4.100010024507729, "target_rescale": 4.012045125768115},
{"mapping": [13, 1, 7, 2, 10, 9, 11, 5, 4, 6, 12, 14], "R": [[-0.14586370950993122, 0.5366183975609619, 0.831122417966877], [-0.6572955093682312, -0.6804431706169036, 0.32397485230365186], [0.739382439345404, -0.49903685931995156, 0.4519688279380769]], "T": [0.12967879982838887, 0.1413614847338113, 0.007077099689764291], "aligned_model": [[-0.5819510622975561, 0.16982236826623504, 0.2242469744220299, 0.6430670002195653, -0.4531713251701442, 0.1405225914168679, -0.3529308628916635, 0.5497054280628834, -0.14374569911034046, -0.020529736709433033, -0.41032523637862645, 0.1120551625331891], [-0.3809484437723999, -0.5822593030081613, -0.10436828438272519, -0.33767554311779735, 0.7399221762145696, 0.5608805059008757, 0.06008764968270244, 0.2752440919086805, -0.4098444403237491, 0.6370519831711831, 0.1549654829997351, 0.053075514777725874], [-0.025415615121787458, 0.08376273482024629, 0.7514645687696211, -0.26677967259220786, 0.05370603382347311, 0.329689538111686, 0.46482965218672306, -0.3461697584218128, -0.5192265418638018, -0.5260771198587512, -0.32385674739700054, -0.11073478260203128]], "inverted": true, "swapped": true, "error_lsq": 0.05710296173006837, "error_max": 0.3144381453341094, "target": "1047.xyz", "model": "26.xyz", "model_rescale": 3.6694154284099745, "target_rescale": 4.012045125768115},
