[{"mapping": [0, 2, 11, 7, 8, 1, 12, 3, 9, 14, 5, 15], "R": [[-0.8043393084841108, 0.04882984228579562, -0.5921603864914025], [0.5685987170002808, 0.35248651608666487, -0.7432689654510811], [0.1724348452399846, -0.9345420817060246, -0.3112833462741509]], "T": [-0.11454654081164008, -0.06182977996518228, 0.06663587594742593], "aligned_model": [[-0.22919461072475683, 0.21241830864900269, 0.5080105851795106, 0.026053085886268465, -0.21033833261284338, -0.6650028568010254, 0.52031629444985, -0.44749957684283725, 0.5905611191136461, 0.28052972427376893, -0.6777258876512201, -0.07048539045881508], [-0.38989643144861785, -0.6460578889964875, -0.28980250928496143, 0.6345773560432009, 0.36593875634331313, -0.5013192773619456, -0.15166311791254733, -0.4915206566641985, 0.22411308036262928, 0.3731777444364882, 0.005835384849864608, -0.07982740438968061], [-0.49270969662708386, -0.13505612033387704, -0.46454663842601196, -0.1873777626183647, -0.5712943486253692, -0.10057462603707812, 0.41409756457329194, 0.6814391147868031, -0.05336935023536507, 0.540130744149282, 0.42327051491377127, 0.1279423498335643]], "inverted": true, "swapped": true, "error_lsq": 0.04532617302504963, "error_max": 0.21402505530195365, "target": "1048.xyz", "model": "0.xyz", "model_rescale": 3.751011558992144, "target_rescale": 4.2660568892386115},
{"mapping": [1, 5, 2, 0, 13, 12, 6, 4, 10, 9, 14, 7, 8, 11, 15], "R": [[-0.7314438654840277, -0.6817672038985632, 0.013540728714458779], [0.6758323058703186, -0.7274341033156285, -0.11870265235198194], [0.09077756323999642, -0.07767306496928328, 0.9928375138916166]], "T": [0.031088752253467574, 0.00011205005491468634, -0.079202429624421], "aligned_model": [[0.1241201484375628, 0.20350092935401135, -0.4348076533212006, 0.15869618610009023, -0.3253737929846973, -0.5521409897689724, 0.6490994077048036, 0.5600298787147416, -0.6160830294004275, -0.10328395356836417, -0.13515737915628762, 0.546911203243781, 0.6918030148495498, -0.1921527410330085, -0.03607501808254812], [-0.045666841364348676, -0.5982568573984012, 0.46080043519456004, 0.47877480940591455, -0.6300508484065976, 0.053018970085739844, -0.43466789974488196, -0.0830555798628601, -0.06928661072021791, 0.397100777174892, -0.2874305319001814, 0.13283403491347492, 0.3905224398618967, 0.8087872559719959, -0.02466620338387922], [-0.7956952617818939, -0.3265210676752852, -0.32336407403050405, -0.5130660982423747, 0.14389578335467576, 0.3554174032169386, 0.18420951519477627, -0.3306294447438962, -0.1922722755813222, 0.5670833525483927, 0.5984373560193135, 0.4552001868343417, 0.02156140410757848, 0.054631239615231475, -0.04922161398399607]], "inverted": false, "swapped": true, "error_lsq": 0.03596275183524762, "error_max": 0.2778175239280046, "target": "1048.xyz", "model": "1.xyz", "model_rescale": 3.9405287249114394, "target_rescale": 4.2660568892386115},
{"mapping": [1, 10, 3, 9, 12, 5, 0, 11, 14, 6, 7, 4, 15], "R": [[-0.9184099360911852, 0.21116116054243067, -0.33456561922492783], [-0.3667244102370753, -0.1370701202625565, 0.9201766075419859], [0.14844661068968495, 0.9677927187211022, 0.2033245124552448]], "T": [-0.050021545109211946, -0.0028720409087895013, 0.03817070490018613], "aligned_model": [[-0.4418139360225506, 0.18880683777651944, -0.43448216716363863, 0.591071057594598, 0.48176144557047273, -0.6866190224769697, 0.04741872232292371, 0.7186420524871029, 0.11844750794339817, -0.5790127651497167, 0.008389037848744604, -0.49649716924706244, -0.02012832219989022], [0.5888923605021376, 0.3221441542703605, 0.3505857563035988, -0.4262301385012803, -0.15826264081102898, -0.0010306212104020593, 0.4591209825936089, 0.16953765126387657, -0.618411794920692, -0.5806802510551738, -0.6378302389260341, 0.0018283750450803563, -0.010831000982034277], [0.18109075861467513, -0.48504794494959813, -0.5948637427307768, 0.09393432861913117, -0.43607721080588635, -0.17082230438304394, 0.49719926373604917, 0.3561879619589428, -0.3646235119499601, 0.2014575356007233, 0.44151965216251265, 0.42617655150655875, -0.03301098779068359]], "inverted": true, "swapped": true, "error_lsq": 0.04845232283366035, "error_max": 0.281427944564807, "target": "1048.xyz", "model": "2.xyz", "model_rescale": 3.932901565614263, "target_rescale": 4.2660568892386115},
{"mapping": [0, 8, 11, 4, 2, 12, 9, 10, 5, 13, 7, 6, 14, 15], "R": [[0.2562455754286225, 0.6548005661968515, -0.7110375683334443], [0.8796300965261665, 0.1469973316270032, 0.45237448842735206], [0.4007356963868104, -0.7413690059631736, -0.5383148694198913]], "T": [-0.07025750381037754, -0.011173060553498163, -0.0032005333841442878], "aligned_model": [[-0.2016986148113672, 0.5142123929886496, 0.061156376695264275, 0.06747980551601254, -0.4483827666913629, -0.11516775496643955, 0.4041940105965965, -0.5848209742334397, -0.2716220960125639, -0.27382511203582516, 0.6827030429948918, 0.42553828164183893, 0.2569471174642798, -0.09690379709383151], [0.09982059762925354, 0.2545657793786996, -0.5959265017938561, 0.5451300336487356, -0.4282693632721394, -0.6891995003604136, -0.6170032705163592, -0.39982729878508994, 0.5035881235617019, -0.11613147441702962, 0.03507091564034233, 0.49690257145761213, -0.3597511775092468, -0.06547279631172187], [-0.6388443168754163, -0.435513808848499, -0.6052782766864249, -0.14971474723623981, -0.4178812748692995, 0.2615893635711974, -0.03794104204811051, 0.14034248163912957, 0.3754959694810435, 0.7189404484401627, 0.010437366341079935, 0.366126312319044, 0.5807041026048945, 0.04543378522453527]], "inverted": true, "swapped": true, "error_lsq": 0.043718332237538036, "error_max": 0.29274860437664096, "target": "1048.xyz", "model": "3.xyz", "model_rescale": 3.9243930471874484, "target_rescale": 4.2660568892386115},
{"mapping": [3, 14, 5, 1, 4, 10, 2, 6, 8, 9, 0, 11, 15], "R": [[0.8091311016135447, 0.265430026011757, 0.5242649727886173], [0.2088123267433794, 0.7040696985346024, -0.6787365260580944], [-0.5492761351102629, 0.6586598218327819, 0.5142596294689484]], "T": [0.0014812006658112623, -0.05024320897551295, -0.1390095022904895], "aligned_model": [[0.07970981337225022, -0.4305085561745466, 0.44973325952068083, 0.49685754396073345, 0.5748890206605656, -0.40899679351771606, -0.34956642441639746, 0.4504122433233684, 0.3358020820637964, -0.5876827901976179, 0.2084020167860258, -0.4819337559924798, -0.059911773077310444], [-0.7665151266092174, 0.24037138842420688, -0.2888753356118096, -0.5122487654340784, 0.08673111873532888, -0.5660802055195289, -0.3887598268878563, 0.40710701204786237, 0.558800451539085, 0.43742189357600647, -0.13716068666081432, 0.1363185899562144, -0.0792809538738117], [-0.5318323890620096, -0.6853081362779875, -0.5761166022284425, 0.11646196463632427, -0.09050569442784048, -0.18204772296343336, 0.36206955519483586, -0.6182258646373984, 0.2021830053994478, -0.04730385692315561, 0.4800773294528714, 0.534198102293994, -0.1765793750862418]], "inverted": true, "swapped": true, "error_lsq": 0.049295791142915525, "error_max": 0.29492104301079275, "target": "1048.xyz", "model": "4.xyz", "model_rescale": 3.8936222436046832, "target_rescale": 4.2660568892386115},
{"mapping": [3, 10, 1, 5, 0, 11, 9, 7, 6, 13, 4, 15], "R": [[-0.8781906829776476, 0.2684258368768086, 0.3958897503450143], [-0.396165029416843, -0.8719851509660657, -0.287567671969294], [0.26801939071344205, -0.40937692484026567, 0.872110164835798]], "T": [-0.12719858628595915, -0.02797617270640022, 0.01204129672336926], "aligned_model": [[0.057045488414086964, -0.40301206946103274, -0.2552693545747541, 0.38068083225438343, -0.594846948133759, -0.8676578297458298, -0.33240263054867475, 0.15788634052638273, 0.6004111648176885, 0.29907273731735284, 0.11457243771239056, -0.12893212636313725], [-0.5304230330507449, -0.5968444272360778, 0.21738565470014345, -0.05320465382037637, 0.38625744158040975, 0.06557045485338539, -0.151187444992206, 0.34372070911062197, 0.27504432417642266, -0.6509139452524058, 0.4681590832318099, -0.10464125819117487], [-0.6101132416962931, -0.1796566705020743, -0.6569190743526868, -0.42426116363018385, -0.19617709767303956, 0.41784043577985475, 0.7441967913888703, 0.6035158060983092, 0.15031369541707326, -0.05264971964252904, -0.20081474296088894, 0.02400970104910652]], "inverted": false, "swapped": true, "error_lsq": 0.04212622405956141, "error_max": 0.22178205318892164, "target": "1048.xyz", "model": "5.xyz", "model_rescale": 3.6523030999806103, "target_rescale": 4.2660568892386115},
{"mapping": [3, 10, 12, 13, 14, 1, 11, 5, 0, 8, 9, 6, 15], "R": [[-0.5044771863294346, 0.5289602974989766, 0.682424920517218], [0.6595104652770617, -0.2740498533732179, 0.6999590159831871], [0.557268978737531, 0.8031797317760901, -0.21060295297292775]], "T": [0.0072032969276806386, -0.06795953788672582, -0.03691462126636573], "aligned_model": [[0.2432711486904282, -0.01499236061693597, 0.2109620067330492, 0.6410726349085003, 0.6364973402052773, -0.37742790628122036, -0.5700618990997516, 0.3468821579261815, -0.6329660021448216, -0.23660142555665614, 0.06630629533237122, 0.52442259748574, 0.0437183170821325], [-0.5843849355882513, -0.009572020865084463, 0.46593168267585117, -0.1469784317026939, 0.3439220670619702, -0.6763714047987858, 0.5542365870053674, -0.6455013095029801, -0.17218602445009606, 0.0406317047290542, 0.6951660164110927, -0.2846647450260572, -0.03940228178620368], [0.5555816016592251, 0.6207559115944168, 0.4161781132267123, 0.3704050494805918, 0.025188054470029517, 0.04058611309938308, -0.0002993288787400544, -0.03817572232427051, -0.15075435656445849, -0.7634709912590805, -0.12344559679633718, -0.6077733393408705, 0.025334231115188108]], "inverted": false, "swapped": true, "error_lsq": 0.048644608328166514, "error_max": 0.2937235055607137, "target": "1048.xyz", "model": "6.xyz", "model_rescale": 4.08911054899281, "target_rescale": 4.2660568892386115},
{"mapping": [1, 2, 0, 5, 6, 7, 4, 8, 13, 3, 14, 12, 9, 11, 15], "R": [[-0.5935225269458801, 0.7209385331461147, 0.35774102564970944], [0.19865483186353922, 0.5619780711891468, -0.8029426537927823], [-0.7799149106056676, -0.4054975695705899, -0.476764567986442]], "T": [0.011980617850087402, -0.09949099135381748, -0.044932044978662974], "aligned_model": [[0.1483111105115547, 0.4933524277397951, 0.5884689784262624, -0.4975270995982093, -0.4410413659600701, 0.03646918712315404, 0.020938701331565585, 0.3999025113689599, -0.6714858401963801, -0.4836937459294488, -0.4413282499388924, -0.0740604913634224, 0.23067881086076192, 0.750237019469843, -0.022888414045919035], [-0.6470593845499732, -0.4690838118148182, -0.30186486826058145, -0.3172499665039181, 0.37262237090994, 0.6421993920998518, -0.03600759125154296, 0.40972633702255445, -0.22111574521499772, -0.7519936368444856, 0.3168806463251628, -0.04694415600603921, 0.430962894060119, 0.03517239956044618, -0.11548606336260432], [-0.49846856793115624, 0.30232936266152155, -0.29058497367071645, -0.42165572561071907, -0.5056235719568086, -0.18120298008857327, -0.6329802781296044, -0.48005418468825944, 0.25842361651980883, 3.704359983459915e-05, 0.39171417503680517, 0.6773464545532033, 0.4690048787698361, 0.35324763886630767, 0.022537144150600513]], "inverted": true, "swapped": true, "error_lsq": 0.041516170514023426, "error_max": 0.2675138813502811, "target": "1048.xyz", "model": "7.xyz", "model_rescale": 3.964800864290218, "target_rescale": 4.2660568892386115},
{"mapping": [12, 14, 9, 10, 11, 5, 2, 7, 6, 4, 1, 0, 8, 15], "R": [[0.2620833733974211, 0.727976002158519, -0.6335323556614362], [-0.7042834629379894, 0.5930948000173037, 0.39015812438613723], [0.6597704973857971, 0.34393240393096863, 0.6681417456689587]], "T": [-0.06451617124440828, -0.0740039411329917, 0.0940961726768576], "aligned_model": [[-0.16851108048691937, 0.18839032302619535, 0.37961590731847167, -0.6093911782085148, 0.09272816152111668, -0.2739631552616811, -0.42291154109197, 0.6852334065643553, 0.4197615361750579, 0.11450021588159584, -0.48654018207466604, -0.13003577279507994, 0.5706423915550867, -0.0983311426621751], [-0.076394643168247, -0.5168965714384168, 0.14095665894807652, -0.033709989614938526, 0.6860440910065063, -0.5961005238099867, 0.4871673207174738, -0.1555205266875278, -0.6334614804283021, -0.14498311412290815, 0.07026550892734056, 0.4880357817201283, 0.1937011858935319, -0.09815523176152832], [-0.6277277786167956, -0.46213994167593636, -0.4974103978472146, -0.27727951770702025, -0.25130940438576005, 0.4580809748181432, -0.11932297190496835, 0.07163065368590127, 0.3987910881167413, 0.6534048566807542, 0.6643545230502717, 0.43093130899267046, 0.4462673306692286, 0.028544314849005853]], "inverted": true, "swapped": true, "error_lsq": 0.03990230304457486, "error_max": 0.2246626938626316, "target": "1048.xyz", "model": "8.xyz", "model_rescale": 4.121658175737393, "target_rescale": 4.2660568892386115},
{"mapping": [12, 14, 9, 11, 13, 10, 6, 1, 8, 5, 2, 0, 15], "R": [[0.3101939438442414, 0.945470995124738, 0.09931925583789611], [-0.914299236932214, 0.2680707966440364, 0.30363621874177443], [0.26045464585514033, -0.18499363601072755, 0.9475973470245702]], "T": [0.009155423704440259, -0.07378557288947775, 0.023730448505454117], "aligned_model": [[-0.49559134235932506, -0.31251140888620493, 0.05225922977615651, 0.2039525380881913, -0.621641235617107, -0.5819416370207613, 0.3198544820577876, 0.10588722869103212, 0.7699620406599049, -0.12078517870417466, -0.15751717545152524, 0.3778342888337665, -0.06302433363254359], [0.17107689382685415, -0.3703487906710491, 0.20136581215944294, 0.6957080654234795, -0.47815649008871103, 0.2068292716114455, -0.7978492614047936, -0.016636575048548055, -0.08607964764819913, -0.6173965158008036, 0.5939162258702367, 0.3557876990596716, -0.06782924787731612], [-0.44223473024455195, -0.5911637687413347, -0.6944444347762841, -0.27898629836463473, -0.08817743013487375, 0.11479006084224183, -0.11610694915580969, 0.7389153728840296, -0.1181818722355665, 0.39324418240380876, 0.14743457193183368, 0.36015588711394747, -0.004169157563717156]], "inverted": true, "swapped": true, "error_lsq": 0.04211575215586895, "error_max": 0.24341967425698322, "target": "1048.xyz", "model": "9.xyz", "model_rescale": 3.833441315466971, "target_rescale": 4.2660568892386115},
{"mapping": [7, 6, 0, 1, 5, 4, 13, 10, 11, 2, 9, 12, 14, 8, 15], "R": [[-0.5094384264728269, -0.16957055442100122, -0.8436339945179094], [-0.624522385229738, -0.6015988994374701, 0.4980467393152809], [-0.5919833443432752, 0.7805924617039156, 0.20057698958547648]], "T": [-0.12073634780832435, 0.049574307399039896, 0.034434899093310614], "aligned_model": [[0.11463369286329392, -0.23858835010877302, -0.5015077743259573, -0.7944507543539555, -0.4905602275091693, -0.6018964427219854, 0.16734762006989137, 0.08101195988216961, 0.19992135767997868, -0.055523544577713385, 0.5539899437998395, 0.5421532965935412, 0.5137936545239035, -0.30087742727440037, -0.06560198624613107], [-0.6542419730121795, -0.6369496265695764, 0.16915196760284124, 0.31344996123987223, -0.007302122217601653, -0.29436350989200144, 0.22546515597033304, 0.6667670411758626, 0.21500802687003864, 0.5949981489572952, -0.12886356951098737, 0.3508658887076648, -0.14603119957862123, -0.5595020696318141, 0.0926494191838527], [0.1705145451495017, -0.3594590223052882, 0.5582227199110287, 0.058746703459016725, -0.5213826849248964, 0.024293165518561553, -0.6438081799203754, -0.08723279944779662, 0.8035344533676099, 0.4670643951793879, 0.3603884866874388, -0.006199761519004102, -0.32420747641978204, 0.4768059174560195, 0.0008414456306709006]], "inverted": true, "swapped": true, "error_lsq": 0.04638617555266325, "error_max": 0.3395318853848161, "target": "1048.xyz", "model": "10.xyz", "model_rescale": 4.2482417240324, "target_rescale": 4.2660568892386115},
{"mapping": [3, 14, 7, 9, 1, 0, 4, 11, 12, 2, 10, 15], "R": [[-0.41702783527237464, 0.7481010273352491, -0.5161711319978896], [-0.23977542675372499, 0.45723975738095, 0.8564108529177334], [0.8766958020505783, 0.48091231754879754, -0.011305463136833949]], "T": [-0.07882073733098134, 0.029468556846578006, 0.10571306461997743], "aligned_model": [[-0.855962149686359, 0.0783367533749778, 0.45717919342758945, 0.5895215935830903, -0.5300508514314993, 0.050315401647832866, -0.18327317300027038, 0.573730184001053, 0.10244237207239502, 0.026175718736619738, -0.33788276505641607, -0.09376667530600659], [-0.06251093327323826, -0.7001030835624891, -0.2508156608943855, -0.26306486848623806, 0.5819511728119148, 0.6748749976047395, 0.24524132623761605, 0.37771675944961813, -0.3563929109034868, 0.43968270993565994, -0.0029874684715108964, -0.017460650397560413], [-0.1414022825516154, -0.00627325757710516, 0.5567329247154789, -0.1414389322166689, 0.22927223786707995, 0.1260541842201691, 0.6464929778307267, -0.31214371522740475, -0.48598372102360454, -0.45071145887598096, -0.5011359704476528, 0.04572930314093444]], "inverted": true, "swapped": true, "error_lsq": 0.04666446231095283, "error_max": 0.3194068667462458, "target": "1048.xyz", "model": "11.xyz", "model_rescale": 3.6694154284099745, "target_rescale": 4.2660568892386115},
{"mapping": [9, 8, 4, 0, 2, 14, 12, 13, 1, 3, 5, 10, 6, 15], "R": [[0.7815154296472232, -0.05080797689421673, -0.6218136237710081], [-0.6016931642284169, -0.32484795206545425, -0.7296842770401973], [-0.1649211003604793, 0.9444005281250095, -0.28444449921397963]], "T": [0.061962278480726767, 0.07469279701723859, -0.10401304715736315], "aligned_model": [[0.03831440188277412, -0.10361238241159174, -0.14327825781195713, 0.5335595881461588, 0.7428734812157514, -0.3986869391998721, 0.17810126211037952, -0.26728021479842384, 0.3706468454163112, 0.1252317481857469, -0.28023523523928584, 0.43193473880405814, -0.6958030242146799, 0.06649883817044047], [-0.5333143056854823, 0.39663031267527077, 0.6159014114118837, 0.4448454545956624, -0.08343931954052787, -0.5204113175163302, -0.6374611413647122, -0.2730348413570981, 0.6792790447324897, 0.14874782525258762, 0.42359025730215616, -0.2560182924712277, 0.3152761176465459, 0.010396082455036357], [-0.5763577589562746, -0.7881608580416941, -0.22599940634342225, -0.37645086559125773, -0.12020950454642208, -0.04773176386648295, 0.0018121757070800742, 0.48303763849038084, 0.14758550871678972, 0.7108414326146119, 0.35436369827954783, 0.33208652065121486, -0.19494180794651064, -0.06077954951514516]], "inverted": false, "swapped": true, "error_lsq": 0.043319288919284306, "error_max": 0.31047913234872865, "target": "1048.xyz", "model": "12.xyz", "model_rescale": 3.9764082729961374, "target_rescale": 4.2660568892386115},
{"mapping": [7, 3, 4, 14, 8, 11, 10, 1, 2, 9, 6, 0, 5, 13, 12, 15], "R": [[0.5610580082357377, 0.3852697973181296, -0.7326534615143743], [0.6837110155399067, 0.283262688413468, 0.6725336397401728], [0.4666402882563152, -0.8782536265949731, -0.10448640461247168]], "T": [0.05184397008105608, 0.047676762650388185, 0.09075049413766134], "aligned_model": [[0.2943897755879206, -0.2522363901952634, 0.6750239471318534, -0.17286141571028368, -0.5017207711506234, -0.6469139594985388, -0.697351634994211, -0.25447444877377573, -0.07424194211309214, 0.3572158889419928, 0.3962022172350238, 0.5389783804671084, 0.8078742171431909, -0.14824366628561497, -0.12628212480835094, 0.08585892228268313], [-0.4289149520079976, 0.023733108156854713, 0.04210191762503375, 0.6608281049900464, -0.28973578387093696, 0.31332390965890244, -0.038663460286162285, -0.3613699316698239, -0.73693433578776, -0.21682572840975806, 0.7113348003750011, -0.49065045738663643, 0.18144618625814857, 0.6004397793857513, 0.18128955981883682, 0.06270940676144984], [-0.44316482562100257, -0.6937272195147596, -0.2662920230576149, -0.37007589460164464, -0.19097931856175332, -0.17704354591044236, 0.36895583232770535, 0.46780805790873675, 0.021849979916274867, 0.5360431506140386, -0.0662024041464899, 0.08731481555790371, 0.42742231159426625, 0.26074617434665537, 0.6887741138221527, -0.01027265870771911]], "inverted": false, "swapped": false, "error_lsq": 0.03653827580872018, "error_max": 0.3383710192146434, "target": "1048.xyz", "model": "13.xyz", "model_rescale": 4.170626492500431, "target_rescale": 4.2660568892386115},
{"mapping": [5, 3, 4, 1, 7, 11, 0, 13, 14, 10, 12, 2, 9, 15], "R": [[-0.28324718621858597, 0.3566729617839708, 0.8902558226889076], [0.290046143823798, -0.8529430856443684, 0.4340061371736673], [0.9141358027952949, 0.3811462855436395, 0.13814211184171216]], "T": [-0.03055716755327298, 0.058241761242172174, -0.039518977178915615], "aligned_model": [[0.09295521612409066, -0.01860163747147997, -0.20572984630073032, -0.6023258811243722, 0.32703117664531883, -0.3641460288057422, -0.660323284066079, 0.5139722340921707, 0.696211035007723, -0.07034373554191413, 0.31489158472119677, -0.47857416247365925, 0.28842750647612747, 0.009738844808992918], [-0.46426050171283906, -0.7535608480410407, 0.06148107167130261, -0.3169372423590542, 0.633070953500685, 0.663141219843205, 0.24516634606758547, -0.4407801316765244, 0.13063029123726377, -0.296875491653322, 0.10738060140611946, 0.10801923944734448, 0.6498194504599006, 0.029779509735039806], [-0.4403604586051605, 0.08009952084534151, -0.6045102632608642, -0.27707692704929254, -0.3726496700145605, 0.4549695673238021, -0.08527064806958984, 0.12902929045100495, 0.15043383855385484, 0.5161257338143762, 0.600872315083179, 0.4950005570339069, 0.33681332428232713, 0.020396920732541644]], "inverted": false, "swapped": true, "error_lsq": 0.03974344769178716, "error_max": 0.2355950941687484, "target": "1048.xyz", "model": "14.xyz", "model_rescale": 3.9786697098870705, "target_rescale": 4.2660568892386115},
{"mapping": [10, 12, 5, 1, 13, 6, 11, 7, 4, 0, 14, 15], "R": [[0.8035569426571202, 0.1269166370071167, 0.5815396866580522], [0.5951006939001013, -0.15110394396189353, -0.7893179094881725], [-0.012304634377331147, 0.9803365571934798, -0.19694880198385442]], "T": [0.045841038236241555, -0.06651389664863135, -0.00039398162813438636], "aligned_model": [[-0.2865332186024263, -0.6413816725544013, 0.5475432089840673, 0.584198586228565, -0.09405169532854094, 0.45494674334449225, -0.497328824714824, -0.0033360818917337054, 0.5911083522916244, 0.22603960226401254, -0.38918953901283326, -0.008660864240665589], [-0.32759515195427, 0.013430841123252976, 0.17755607777778476, -0.5212500795317405, 0.35315278300524955, 0.5979296358559935, -0.5368911434774148, 0.41363670493813504, -0.015229910811280736, -0.6241980195748695, 0.5371465791972109, -0.05301382632361189], [-0.5081303410413157, -0.2310111057579497, -0.3714230861430859, -0.16622124297308916, -0.6154171832015476, 0.17709951637501, 0.4528339407899937, 0.5795293696349499, 0.22313369647820971, 0.29986636185295984, -0.1263170473996885, -0.05397638474061662]], "inverted": true, "swapped": true, "error_lsq": 0.051443204189223345, "error_max": 0.28108004933848285, "target": "1048.xyz", "model": "15.xyz", "model_rescale": 3.769337070930944, "target_rescale": 4.2660568892386115},
{"mapping": [1, 8, 10, 2, 5, 6, 13, 7, 12, 11, 15], "R": [[0.5687997759323591, -0.494806340633072, -0.6569882039798025], [-0.522418638447872, -0.8343141202575548, 0.1760645192568172], [-0.6352523759117865, 0.24307742389652504, -0.7330537394286039]], "T": [-0.0220255224665713, 0.03751089623958608, -0.061862280521290114], "aligned_model": [[-0.3790534957846619, -0.22854650898581622, -0.08521716985217564, -0.5789505128366483, 0.34609303247813195, 0.5377417499185009, 0.5903853206097456, 0.21446658405856578, 0.1277269017855374, -0.6313425856068865, 0.009322814906877919], [0.09718473198016739, -0.7026639445488546, 0.692363479964107, 0.421265707519096, 0.06006396507907752, -0.5009909925438985, 0.48124644652564164, -0.5878485746628734, 0.4976598721447862, 0.03623480531691948, 0.10154900085117319], [-0.6888252664343011, 0.03091296750542752, -0.0018024067186531156, 0.11554954955260852, -0.621252936090458, -0.25430173649623194, -0.10653171172919698, 0.28781056428127816, 0.4837452750255274, 0.5301131346523269, -0.03119982632455061]], "inverted": true, "swapped": true, "error_lsq": 0.04402078293694903, "error_max": 0.19900621291408627, "target": "1048.xyz", "model": "16.xyz", "model_rescale": 3.7852294659196426, "target_rescale": 4.2660568892386115},
{"mapping": [0, 3, 5, 1, 2, 10, 14, 13, 4, 8, 9, 6, 15], "R": [[-0.8361842475799339, -0.547852643904264, 0.025561390147779764], [0.24537106894159286, -0.332012732241469, 0.9108021652126297], [-0.49049866730261293, 0.7678704488366914, 0.412051005553558]], "T": [-0.021081251814621445, 0.12490672465774161, -0.05738370283161712], "aligned_model": [[0.02693836571952316, -0.32776657308270246, 0.25229920343739204, 0.08407840213855647, -0.5564093106572682, -0.6461797765971233, -0.1415418086105164, -0.267252562067627, 0.5162901856661137, 0.5630086781598297, -0.22599682958933098, 0.6596034236092844, -0.08330554790984795], [-0.1374920512487809, -0.4494702273981817, -0.279467325224761, -0.5656287601941363, 0.002647250319280592, -0.041861760612957044, 0.6743649774854625, 0.1276998851334144, -0.10810375952899884, 0.3768147056912458, 0.8512265729773685, 0.28225886203193973, 0.1420672542719781], [-0.6594471347419897, 0.4421262839291984, 0.40161800894578314, -0.24768535140410042, -0.4902631870755567, 0.07630393977768488, 0.4457058263670437, 0.6590906663208509, -0.14014339289326128, -0.49840329678358497, -0.21169011777006635, 0.33282816933472115, -0.014285716863548917]], "inverted": false, "swapped": true, "error_lsq": 0.03988995919022831, "error_max": 0.20998435132869506, "target": "1048.xyz", "model": "17.xyz", "model_rescale": 3.901054581598922, "target_rescale": 4.2660568892386115},
{"mapping": [1, 5, 2, 0, 13, 12, 6, 4, 10, 9, 14, 7, 8, 11, 15], "R": [[-0.7314438654840277, -0.6817672038985632, 0.013540728714458779], [0.6758323058703186, -0.7274341033156285, -0.11870265235198194], [0.09077756323999642, -0.07767306496928328, 0.9928375138916166]], "T": [0.031088752253467574, 0.00011205005491468634, -0.079202429624421], "aligned_model": [[0.1241201484375628, 0.20350092935401135, -0.4348076533212006, 0.15869618610009023, -0.3253737929846973, -0.5521409897689724, 0.6490994077048036, 0.5600298787147416, -0.6160830294004275, -0.10328395356836417, -0.13515737915628762, 0.546911203243781, 0.6918030148495498, -0.1921527410330085, -0.03607501808254812], [-0.045666841364348676, -0.5982568573984012, 0.46080043519456004, 0.47877480940591455, -0.6300508484065976, 0.053018970085739844, -0.43466789974488196, -0.0830555798628601, -0.06928661072021791, 0.397100777174892, -0.2874305319001814, 0.13283403491347492, 0.3905224398618967, 0.8087872559719959, -0.02466620338387922], [-0.7956952617818939, -0.3265210676752852, -0.32336407403050405, -0.5130660982423747, 0.14389578335467576, 0.3554174032169386, 0.18420951519477627, -0.3306294447438962, -0.1922722755813222, 0.5670833525483927, 0.5984373560193135, 0.4552001868343417, 0.02156140410757848, 0.054631239615231475, -0.04922161398399607]], "inverted": false, "swapped": true, "error_lsq": 0.03596275183524762, "error_max": 0.2778175239280046, "target": "1048.xyz", "model": "18.xyz", "model_rescale": 3.9405287249114394, "target_rescale": 4.2660568892386115},
{"mapping": [6, 1, 2, 3, 0, 12, 4, 7, 8, 9, 10, 5, 11, 14, 13, 15], "R": [[-0.931093791590479, -0.27498512560766253, 0.23968214776283103], [-0.33442185396593727, 0.38105172139498406, -0.8619522081948074], [0.14569274124557752, -0.882713297915273, -0.4467559275845053]], "T": [-0.07966970771201792, 0.04641981462975143, 0.0809216125187266], "aligned_model": [[0.15718223913668927, -0.19755627421429992, 0.5994046335409515, -0.13786992647489804, -0.43956792648536275, -0.5090771643496066, -0.7448348581041477, -0.2377095401506411, 0.019679411540560424, 0.30730636992577537, 0.49405042270062766, 0.5996690748545661, 0.49497291196068843, 0.023332693789673703, -0.10191165149019853, -0.045853420920359586], [-0.42489617302425453, 0.06907923708058758, 0.009562922352903798, 0.7102098170015232, -0.4122698913067468, 0.38182882424592485, -0.2342942856902488, -0.4234715440126233, -0.698358313315668, -0.29971412159762634, 0.5461847173809322, -0.42951457977222984, 0.2660639983876532, 0.7853488324383764, 0.31432876060892767, 0.054023922833517736], [-0.4482719727106543, -0.5680072988359273, -0.4602113577913302, -0.4495726496191415, -0.28342888322350984, 0.023920782158740994, 0.19676609966173372, 0.5807726617097209, -0.00687046100622371, 0.6461212767829096, -0.11652278695597557, 0.023931144148673117, 0.4560955643022032, 0.2885592150897701, 0.6966000496701847, 0.06127516258513381]], "inverted": true, "swapped": false, "error_lsq": 0.03589114811279396, "error_max": 0.2442152671490541, "target": "1048.xyz", "model": "19.xyz", "model_rescale": 4.410303926677745, "target_rescale": 4.2660568892386115},
{"mapping": [12, 14, 9, 10, 11, 5, 2, 7, 6, 4, 1, 0, 8, 15], "R": [[0.2620833733974211, 0.727976002158519, -0.6335323556614362], [-0.7042834629379894, 0.5930948000173037, 0.39015812438613723], [0.6597704973857971, 0.34393240393096863, 0.6681417456689587]], "T": [-0.06451617124440828, -0.0740039411329917, 0.0940961726768576], "aligned_model": [[-0.16851108048691937, 0.18839032302619535, 0.37961590731847167, -0.6093911782085148, 0.09272816152111668, -0.2739631552616811, -0.42291154109197, 0.6852334065643553, 0.4197615361750579, 0.11450021588159584, -0.48654018207466604, -0.13003577279507994, 0.5706423915550867, -0.0983311426621751], [-0.076394643168247, -0.5168965714384168, 0.14095665894807652, -0.033709989614938526, 0.6860440910065063, -0.5961005238099867, 0.4871673207174738, -0.1555205266875278, -0.6334614804283021, -0.14498311412290815, 0.07026550892734056, 0.4880357817201283, 0.1937011858935319, -0.09815523176152832], [-0.6277277786167956, -0.46213994167593636, -0.4974103978472146, -0.27727951770702025, -0.25130940438576005, 0.4580809748181432, -0.11932297190496835, 0.07163065368590127, 0.3987910881167413, 0.6534048566807542, 0.6643545230502717, 0.43093130899267046, 0.4462673306692286, 0.028544314849005853]], "inverted": true, "swapped": true, "error_lsq": 0.03990230304457486, "error_max": 0.2246626938626316, "target": "1048.xyz", "model": "20.xyz", "model_rescale": 4.121658175737393, "target_rescale": 4.2660568892386115},
{"mapping": [3, 10, 12, 13, 14, 1, 11, 5, 0, 8, 9, 6, 15], "R": [[-0.5044771863294346, 0.5289602974989766, 0.682424920517218], [0.6595104652770617, -0.2740498533732179, 0.6999590159831871], [0.557268978737531, 0.8031797317760901, -0.21060295297292775]], "T": [0.0072032969276806386, -0.06795953788672582, -0.03691462126636573], "aligned_model": [[0.2432711486904282, -0.01499236061693597, 0.2109620067330492, 0.6410726349085003, 0.6364973402052773, -0.37742790628122036, -0.5700618990997516, 0.3468821579261815, -0.6329660021448216, -0.23660142555665614, 0.06630629533237122, 0.52442259748574, 0.0437183170821325], [-0.5843849355882513, -0.009572020865084463, 0.46593168267585117, -0.1469784317026939, 0.3439220670619702, -0.6763714047987858, 0.5542365870053674, -0.6455013095029801, -0.17218602445009606, 0.0406317047290542, 0.6951660164110927, -0.2846647450260572, -0.03940228178620368], [0.5555816016592251, 0.6207559115944168, 0.4161781132267123, 0.3704050494805918, 0.025188054470029517, 0.04058611309938308, -0.0002993288787400544, -0.03817572232427051, -0.15075435656445849, -0.7634709912590805, -0.12344559679633718, -0.6077733393408705, 0.025334231115188108]], "inverted": false, "swapped": true, "error_lsq": 0.048644608328166514, "error_max": 0.2937235055607137, "target": "1048.xyz", "model": "21.xyz", "model_rescale": 4.08911054899281, "target_rescale": 4.2660568892386115},
{"mapping": [9, 14, 12, 3, 15, 2, 1, 8, 11, 6, 13, 10, 7, 4, 0, 16], "R": [[0.6279124308968793, 0.4554724928302055, -0.6310869887742975], [0.5479881002578697, -0.8345366197861774, -0.05707602133674167], [-0.5526617601218152, -0.30998941677241126, -0.7736094236681439]], "T": [0.011195243493186943, -0.05764460945511631, 0.04042980964661874], "aligned_model": [[0.3297145743340385, 0.0010840073319985238, 0.5666366717608172, -0.05379318655933092, -0.57159859725604, -0.6115479688072766, -0.6539461314219367, -0.148935856660727, -0.43144786587372347, 0.32470916809923034, 0.3262098838657163, 0.7520945896503906, 0.6190075611684743, -0.19031265881102166, 0.002501750727716842, 0.020841053711692432], [-0.44084726987645645, 0.09411657678041457, 0.1485600230202834, 0.653031928935506, -0.1957209017600039, 0.30179894164032856, -0.15716817077654033, -0.5518361402138126, -0.6818756474346782, -0.21660871294606907, 0.5172974231972062, -0.37662885651687905, 0.19065916142448866, 0.5972290219029001, 0.34845117637249057, -0.016346430138228854], [-0.46873496573481105, -0.5830193793036444, -0.39994954425611046, -0.45453906314732667, -0.37525431872764736, -0.024724272979483986, 0.46195133149806494, 0.49966262614599183, 0.023233321301627974, 0.6976995879194392, -0.04286125511317404, 0.06170463526764802, 0.31375308318657513, 0.1701498086008335, 0.7000433587008128, 0.06204159260751233]], "inverted": false, "swapped": false, "error_lsq": 0.040155959148091364, "error_max": 0.23263407409629872, "target": "1048.xyz", "model": "22.xyz", "model_rescale": 4.204369325754507, "target_rescale": 4.2660568892386115},
{"mapping": [6, 1, 2, 3, 0, 12, 4, 7, 8, 9, 10, 5, 11, 14, 13, 15], "R": [[-0.931093791590479, -0.27498512560766253, 0.23968214776283103], [-0.33442185396593727, 0.38105172139498406, -0.8619522081948074], [0.14569274124557752, -0.882713297915273, -0.4467559275845053]], "T": [-0.07966970771201792, 0.04641981462975143, 0.0809216125187266], "aligned_model": [[0.15718223913668927, -0.19755627421429992, 0.5994046335409515, -0.13786992647489804, -0.43956792648536275, -0.5090771643496066, -0.7448348581041477, -0.2377095401506411, 0.019679411540560424, 0.30730636992577537, 0.49405042270062766, 0.5996690748545661, 0.49497291196068843, 0.023332693789673703, -0.10191165149019853, -0.045853420920359586], [-0.42489617302425453, 0.06907923708058758, 0.009562922352903798, 0.7102098170015232, -0.4122698913067468, 0.38182882424592485, -0.2342942856902488, -0.4234715440126233, -0.698358313315668, -0.29971412159762634, 0.5461847173809322, -0.42951457977222984, 0.2660639983876532, 0.7853488324383764, 0.31432876060892767, 0.054023922833517736], [-0.4482719727106543, -0.5680072988359273, -0.4602113577913302, -0.4495726496191415, -0.28342888322350984, 0.023920782158740994, 0.19676609966173372, 0.5807726617097209, -0.00687046100622371, 0.6461212767829096, -0.11652278695597557, 0.023931144148673117, 0.4560955643022032, 0.2885592150897701, 0.6966000496701847, 0.06127516258513381]], "inverted": true, "swapped": false, "error_lsq": 0.03589114811279396, "error_max": 0.2442152671490541, "target": "1048.xyz", "model": "23.xyz", "model_rescale": 4.410303926677745, "target_rescale": 4.2660568892386115},
{"mapping": [6, 15, 14, 8, 5, 4, 2, 0, 12, 7, 9, 13, 11, 10, 1, 16], "R": [[0.6687656133086922, 0.6791724761956979, 0.30245214833763884], [0.5947046547895427, -0.7328198170171824, 0.3306077575595501], [0.4461826173524687, -0.04122939928143293, -0.8939917273707809]], "T": [0.07299434426723003, 0.04413883762459751, 0.061255476248221925], "aligned_model": [[0.2275153953614801, 0.11798864353176944, 0.636571175693277, -0.30013411183381944, -0.36318514759477805, -0.5643100176376379, -0.7945637363172215, -0.3390191274849377, -0.11925836089141911, 0.3435457442463504, 0.2881574963050141, 0.522648169192612, 0.5850758713278438, -0.033956963789577646, 0.07832968023075124, -0.004187715079687709], [-0.4882268272385419, 0.13117119899485186, 0.040764807353238494, 0.6758936468575503, -0.243887116973245, 0.2822993919666829, -0.14739828209542633, -0.40793528246219773, -0.7363313155456576, -0.27574406759046316, 0.5430920370941159, -0.4920802348239967, 0.34633557636018936, 0.6682957581401523, 0.2512556316225625, 0.06660720195113407], [-0.4589446135281574, -0.6456498016658417, -0.31360417884170716, -0.30937598964901736, -0.2885881084934944, -0.043659125422136756, 0.26994294535060737, 0.5042675529782394, 0.07025948387137088, 0.5774025130534411, -0.2504663650986435, -0.0055813990638406905, 0.2784446273391665, 0.2121643976315917, 0.8939676218330561, 0.1505769856716735]], "inverted": false, "swapped": false, "error_lsq": 0.03959320913038379, "error_max": 0.3068823433504656, "target": "1048.xyz", "model": "24.xyz", "model_rescale": 4.28219845311461, "target_rescale": 4.2660568892386115},
{"mapping": [14, 12, 2, 7, 11, 9, 5, 8, 10, 0, 4, 6, 4, 3, 1, 15], "R": [[0.24145596609238063, 0.7611892936165019, -0.6019052049301502], [0.7489662697549628, -0.540575941746085, -0.38318034654020255], [-0.6170482503076494, -0.3582855153211532, -0.7006303920779658]], "T": [-0.005868250438377284, 0.05015714506302305, -0.04402662574530911], "aligned_model": [[0.176331487173277, -0.27691381246487257, 0.6309613519265831, -0.038035576348536174, -0.3996045464803313, -0.5703971461337163, -0.7014008788493823, -0.17034403774322254, -0.17104907477196668, 0.6585678368474913, 0.44954440060262096, 0.466002117318514, 0.44954440060262096, -0.20343401259980387, -0.07511787256026785, 0.056562358741010885], [-0.5307484875286562, -0.06360167464613364, -0.08404733432140599, 0.7915287915602344, -0.2517234665101748, 0.38810304333346235, -0.13027730357630535, -0.43378432612995255, -0.7259983375505223, -0.019733742124409974, 0.5682174955417236, -0.6537347959796961, 0.5682174955417236, 0.6278563232954631, 0.11519366537468845, 0.04864477733091076], [-0.5017345309994508, -0.7497270823677665, -0.25667008238754907, -0.27829004726908985, -0.2683409070203748, -0.19886001893313698, 0.41309311072867194, 0.42575462630595523, -0.0456942316005726, 0.4241550930735758, 0.19858698384699675, 0.26268435600968276, 0.19858698384699675, 0.4327089130505336, 0.5891022234697593, -0.004198843787924324]], "inverted": false, "swapped": false, "error_lsq": 0.05189778150684586, "error_max": 0.40105280448114067, "target": "1048.xyz", "model": "25.xyz", "model_rescale": 4.100010024507729, "target_rescale": 4.2660568892386115},
{"mapping": [3, 14, 7, 9, 1, 0, 4, 11, 12, 2, 10, 15], "R": [[-0.41702783527237464, 0.7481010273352491, -0.5161711319978896], [-0.23977542675372499, 0.45723975738095, 0.8564108529177334], [0.8766958020505783, 0.48091231754879754, -0.011305463136833949]], "T": [-0.07882073733098134, 0.029468556846578006, 0.10571306461997743], "aligned_model": [[-0.855962149686359, 0.0783367533749778, 0.45717919342758945, 0.5895215935830903, -0.5300508514314993, 0.050315401647832866, -0.18327317300027038, 0.573730184001053, 0.10244237207239502, 0.026175718736619738, -0.33788276505641607, -0.09376667530600659], [-0.06251093327323826, -0.7001030835624891, -0.2508156608943855, -0.26306486848623806, 0.5819511728119148, 0.6748749976047395, 0.24524132623761605, 0.37771675944961813, -0.3563929109034868, 0.43968270993565994, -0.0029874684715108964, -0.017460650397560413], [-0.1414022825516154, -0.00627325757710516, 0.5567329247154789, -0.1414389322166689, 0.22927223786707995, 0.1260541842201691, 0.6464929778307267, -0.31214371522740475, -0.48598372102360454, -0.45071145887598096, -0.5011359704476528, 0.04572930314093444]], "inverted": true, "swapped": true, "error_lsq": 0.04666446231095283, "error_max": 0.3194068667462458, "target": "1048.xyz", "model": "26.xyz", "model_rescale": 3.6694154284099745, "target_rescale": 4.2660568892386115},
