[{"mapping": [5, 3, 6, 0, 4, 2, 7, 8, 12, 10, 1, 13], "R": [[-0.6961763512703877, 0.15143220202970478, -0.701717019973354], [0.5842259165590789, 0.6875406207158983, -0.4312400413763795], [0.417155326410384, -0.710180387686137, -0.5671201377075354]], "T": [0.054424589975692446, -0.08707143894641392, -0.031025084664674546], "aligned_model": [[-0.23126153853462206, 0.11999227364753956, 0.46655571318276856, -0.3803441737569761, -0.10160993257131748, -0.5724807113758373, 0.3080345320541749, -0.18834070370323552, 0.6616236739066679, 0.14217220016268284, -0.47249474189034735, 0.0857958713390508], [-0.323803044044612, -0.7598744073647109, -0.41790840308955846, 0.5659183044760255, 0.37859671432660513, -0.32031360851316515, -0.17809209155426567, -0.484111435882289, 0.15212751322218868, 0.3974689103519917, 0.11807270695706082, -0.07452612290821349], [-0.548018811609673, -0.14789943150309054, -0.608908322827343, -0.029984491694454295, -0.6628101917351846, -0.049687093847042146, 0.6538311464406101, 0.6018525947696688, 0.0862735569856454, 0.3661149450862652, 0.5313247683969204, -0.010136923108760212]], "inverted": true, "swapped": true, "error_lsq": 0.047068717386689156, "error_max": 0.27919703007989377, "target": "1049.xyz", "model": "0.xyz", "model_rescale": 3.751011558992144, "target_rescale": 4.104863849207297},
{"mapping": [8, 2, 0, 7, 4, 1, 6, 13, 3, 12, 5, 10, 9, 14], "R": [[0.9321655902463661, -0.10226316190027043, 0.3472888683485307], [0.2996246117916577, 0.7563519970729287, -0.5815124663603449], [-0.20320532564217508, 0.6461222037989035, 0.7356858659704602]], "T": [0.005441672548868626, -0.0642245668910453, 0.04651141891544408], "aligned_model": [[-0.5812500367588908, -0.6918076704689418, -0.17777750613964322, 0.4555727052693765, -0.1380870042645165, 0.054533721907101596, 0.6253844251324123, -0.19057172704324574, -0.03501698419058852, 0.4973203343821407, -0.42314281515389657, 0.1821168632780934, 0.11303642394837904, 0.04122231468473521], [-0.33576353027211037, 0.3786672813900135, 0.39832467574175634, 0.2288734363547764, -0.7946294116013513, -0.1791000449675193, -0.3246937541940652, 0.4080540184161613, 0.6970432877855556, 0.4451078542795067, -0.12355029592781996, -0.7650111035001315, -0.10992614577675866, -0.04417219068482209], [-0.10341416841156606, 0.08430383052846002, -0.5261869739581645, -0.34227211683745484, -0.22085023066377424, -0.6391117608723651, -0.2874833883121298, 0.5622961446888469, -0.000819755205843542, 0.2714802408772087, 0.4969354877333013, 0.433987682984735, 0.6949899123852925, 0.08286331432952987]], "inverted": false, "swapped": false, "error_lsq": 0.04112553011634339, "error_max": 0.26990043626629795, "target": "1049.xyz", "model": "1.xyz", "model_rescale": 3.9405287249114394, "target_rescale": 4.104863849207297},
{"mapping": [6, 4, 2, 10, 0, 3, 12, 11, 1, 8, 7, 9, 13], "R": [[-0.5451840780084404, -0.6904052076043955, 0.4755154786111788], [0.6282702493912858, -0.712037639171789, -0.31349464769350843], [0.5550232561036506, 0.12783993787309567, 0.8219526357818343]], "T": [-0.09471615160179248, 0.0076379412731502755, -0.04331851585956756], "aligned_model": [[-0.4047134316639539, 0.35669330584984943, -0.36446612544490825, 0.39682328780664533, 0.5316269079130821, -0.7632898722556207, 0.18049339483407756, 0.6297803243658103, 0.08296629597391625, -0.5010125067621727, -0.1660461294115766, -0.4026621779307338, -0.0802099939904839], [0.6922900569354136, 0.5483673632972442, -0.17564373782568327, -0.3454881262672221, -0.14303027456863204, 0.14800977757675066, 0.09116910421778886, 0.4182737744678548, -0.6980640467021539, -0.6646961270270236, -0.556292354677357, 0.1460064236928637, -0.0020692395478266543], [0.1766982184630716, -0.42303843447851086, -0.6276157132103087, 0.14077427691580816, -0.49099476751791316, 0.019351221871826668, 0.5541328109829313, 0.21781571967485666, -0.36947662494506406, -0.04359509203847578, 0.42414856830869196, 0.5425567591926952, -0.007636593630965111]], "inverted": false, "swapped": true, "error_lsq": 0.05240077163202174, "error_max": 0.373972324550203, "target": "1049.xyz", "model": "2.xyz", "model_rescale": 3.932901565614263, "target_rescale": 4.104863849207297},
{"mapping": [1, 2, 0, 7, 11, 3, 8, 5, 4, 9, 6, 10, 12, 13], "R": [[-0.5063825479039223, 0.2341011571048563, 0.8299237093977367], [-0.7391202746694971, -0.6135716287529127, -0.27790479657966466], [0.4441598076715392, -0.7541395790115151, 0.48373087622924804]], "T": [0.0056769127046239175, -0.040791687473425584, -0.05650877343968246], "aligned_model": [[-0.6533846648021941, -0.7442480794721821, -0.3999184535437117, 0.44977984515276237, 0.23506151277453038, 0.08043059023850874, 0.6349596122047378, 0.16719886345926704, -0.3073161454741181, 0.6548076932789069, -0.3546514423601098, -0.1995874693333083, 0.1584957698304892, 0.009905412628936943], [-0.33979752001177355, 0.307837012087454, 0.24325479951686074, 0.5012456595620454, -0.9001142487162394, -0.1432889267092501, -0.28689614466071023, 0.3753682267957531, 0.7739550733286527, 0.05915115109110054, 0.0666463512102884, -0.5566261336830167, -0.1742392897916048, -0.047271932976368725], [-0.214628886247722, 0.04483415492439664, -0.5079069582492388, -0.19329564107270752, -0.13809393972184317, -0.5510708845292938, -0.3432536178472322, 0.5069814845369317, -0.01843692252309203, 0.2727837987807248, 0.5138532213161904, 0.3961796380217359, 0.6796759482856523, 0.0590968235915744]], "inverted": false, "swapped": false, "error_lsq": 0.051427304675262, "error_max": 0.40576135506646294, "target": "1049.xyz", "model": "3.xyz", "model_rescale": 3.9243930471874484, "target_rescale": 4.104863849207297},
{"mapping": [2, 3, 1, 0, 10, 5, 4, 7, 12, 9, 11, 6, 13], "R": [[0.7920975215085464, 0.0032970280207468283, -0.6103856535226305], [-0.5776147361567286, -0.31924421843499223, -0.7512951121699276], [-0.19733913193943844, 0.9476667444846114, -0.2509681422079853]], "T": [-0.0059845027852343455, -0.07076675939709719, -0.16587448775787444], "aligned_model": [[-0.11155418964494343, -0.5827979814457731, 0.587187869213282, 0.5235715043615444, 0.6038948330178399, -0.4919357270055485, -0.07370672047701868, 0.3583942490389434, 0.17284522612157294, -0.28793923732839705, 0.2529482771472649, -0.6870908712951814, 0.013388654607767385], [-0.5764034326782232, 0.09560085142559425, -0.35116162855773897, -0.6054803786839176, 0.05721534314435177, -0.48021834580155076, -0.5769070214002213, 0.4559130357353224, 0.4567440949014646, 0.5437690650216241, 0.014820380564585942, 0.13138704767520792, -0.037449457664912145], [-0.591253181351147, -0.4978844233142483, -0.6191853243557415, 0.0556483020634356, -0.05693884798925877, -0.1320848940089837, 0.45022758099826027, -0.5284587370355736, 0.19387273493398022, -0.15729088995849871, 0.6631832165732174, 0.1634917970529961, -0.1562570182374744]], "inverted": true, "swapped": true, "error_lsq": 0.054363498197237965, "error_max": 0.38853682274220963, "target": "1049.xyz", "model": "4.xyz", "model_rescale": 3.8936222436046832, "target_rescale": 4.104863849207297},
{"mapping": [7, 3, 1, 10, 2, 5, 6, 4, 11, 12, 0, 13], "R": [[-0.14394750405562634, -0.5251341022712538, 0.8387569914509923], [-0.7623019214549237, -0.4816207745589335, -0.43236235966996994], [0.6310110114905183, -0.7016235487389355, -0.33098262678378715]], "T": [-0.14939567143369714, -0.10449876442506945, -0.05473266575670488], "aligned_model": [[0.03266775848094605, -0.6740405613732562, -0.1915589977276929, 0.35603619098442707, -0.6966326690005014, -0.5867974727227172, -0.27636261577149457, 0.0348771459458454, 0.6091587803444386, 0.40751334326537625, 0.1307451924351543, -0.11805805264542801], [-0.535633301259605, -0.5199185120241904, 0.2662064450459928, 0.007682445847037339, 0.2400790190627492, 0.11246902570162923, -0.4578131876069075, 0.4591328078787986, 0.06899787725316706, -0.45711923690115475, 0.6114385669386186, -0.1265990448263279], [-0.6227174699919344, 0.09625323149353662, -0.7595485010767263, -0.41826148846098243, -0.22665781439491858, 0.3533672887308179, 0.6325100205819405, 0.4825838165817289, 0.34049142153438905, 0.017218632465308026, -0.210858895830067, -0.06509552235757393]], "inverted": false, "swapped": true, "error_lsq": 0.04802103022628291, "error_max": 0.30008653286777875, "target": "1049.xyz", "model": "5.xyz", "model_rescale": 3.6523030999806103, "target_rescale": 4.104863849207297},
{"mapping": [8, 1, 2, 3, 5, 7, 0, 9, 10, 11, 4, 6, 13], "R": [[0.7138051125420594, 0.19056502703644052, -0.6739193065786279], [-0.45396921499466747, -0.6068316181898638, -0.6524318654098656], [-0.533286239411766, 0.7716478196921651, -0.34664885578692517]], "T": [0.08998445536525027, -0.0548947643985115, 0.0023757695155222983], "aligned_model": [[0.07945820038263249, -0.3857909235561088, 0.2987846967352903, 0.7175776008435241, 0.5714691405293923, -0.2078930984136043, -0.4561249703788708, 0.343384352648601, -0.5330986815626619, -0.33909012601538924, 0.04428343804393384, 0.6801877039782522, 0.0679355714293033], [-0.435646065877585, 0.04280142496792885, 0.2904997481248496, -0.29798336368248296, 0.3611739241045554, -0.6832089350550319, 0.5028744920729494, -0.6232223424580254, -0.1632806366503372, 0.12138913130514305, 0.6246842460072198, -0.11522238407894685, -0.08403233461705342], [0.6894183799015798, 0.6348777090592138, 0.5361037217872233, 0.1352567126575417, 0.0018513881794828338, 0.24345891930596356, 0.08034061681843208, -0.2622346725503163, -0.012426378795104269, -0.7368988830255373, -0.41765971511290395, -0.5087747955229033, -0.013203263220882756]], "inverted": false, "swapped": true, "error_lsq": 0.04846660476602543, "error_max": 0.27406618600421756, "target": "1049.xyz", "model": "6.xyz", "model_rescale": 4.08911054899281, "target_rescale": 4.104863849207297},
{"mapping": [1, 9, 3, 4, 2, 6, 7, 10, 8, 5, 11, 13, 12, 14], "R": [[0.12237204422736964, 0.9038265489478897, -0.41002762371401613], [-0.9892215420299174, 0.14454599855545522, 0.02339220138334311], [0.08041034495366395, 0.40274560670298376, 0.9117730818059274]], "T": [-0.019727483185050035, -0.01277195075238682, 0.03258500634062597], "aligned_model": [[-0.612746181013731, -0.7541168908471446, -0.19961732114400926, 0.3380318925937097, -0.04072870671186997, 0.11458262896046843, 0.5869970729042779, 0.09081503945195764, -0.2131347392019241, 0.695287831441903, -0.33862301351915336, -0.009942092287751267, 0.2570848477490406, -0.18235732379325803], [-0.4379152773886834, 0.242658943471841, 0.34726298111281534, 0.5149215781795738, -0.7246368243892806, -0.12347983934408513, -0.4705415500224671, 0.45749457888800105, 0.641201795279307, 0.2098361273758084, 0.004332188435588923, -0.6370318615955943, -0.1570200926085527, 0.012141329648918904], [-0.041765748178705986, -0.06733778433957754, -0.6489323671002072, -0.2680763617597356, -0.3454981770774683, -0.43522641253721817, -0.11445672773432566, 0.5672855209195968, 0.02477820761894428, 0.17294159857739577, 0.5250727240684145, 0.4148131217254588, 0.673341844013917, 0.049778781069588024]], "inverted": false, "swapped": false, "error_lsq": 0.04241418583472393, "error_max": 0.2705463840641209, "target": "1049.xyz", "model": "7.xyz", "model_rescale": 3.964800864290218, "target_rescale": 4.104863849207297},
{"mapping": [4, 11, 12, 8, 2, 7, 1, 10, 9, 5, 6, 0, 3, 13], "R": [[-0.028771130753108942, -0.9911445307962001, -0.12963310189904492], [-0.07889924688699096, -0.12703038485324672, 0.9887558799646665], [-0.996467325543519, 0.03867557881682787, -0.07454574922374968]], "T": [-0.023534292924585296, -0.07362071033284576, 0.06018855417139411], "aligned_model": [[-0.6744885247549733, -0.7348267661492353, -0.34687697587950195, 0.4367664520256186, -0.1552490249574645, 0.19865488115937274, 0.5979255833305608, 0.05803724660635491, -0.13009214681152964, 0.6117850563205148, -0.43687815891891735, 0.1526428685946133, 0.1383540352571973, 0.01577851875990515], [-0.3078291847701984, 0.3435604430848185, 0.2109096242886829, 0.4541600619487983, -0.6474767824681843, -0.1527980657135662, -0.3894264391427341, 0.6282913141956579, 0.5764315180132585, 0.3479364316914515, -0.2082706554319652, -0.7083966452886775, -0.2607330893116791, -0.0071344540524719835], [-0.068257440618944, 0.14478304134844522, -0.5604296338864865, -0.25703102595467486, -0.24304265397348002, -0.6115376417421764, -0.2176139926639234, 0.4794731911044463, -0.1396470056919275, 0.4033060609405325, 0.4442745652525092, 0.3415788395096254, 0.741909774710843, 0.04895214093128766]], "inverted": false, "swapped": false, "error_lsq": 0.040004997117158235, "error_max": 0.25117128719120113, "target": "1049.xyz", "model": "8.xyz", "model_rescale": 4.121658175737393, "target_rescale": 4.104863849207297},
{"mapping": [3, 9, 7, 8, 6, 5, 12, 0, 10, 11, 2, 1, 13], "R": [[-0.6685496281148523, 0.16505616183793992, 0.7251192027431219], [-0.44595516711734906, 0.6913064679386628, -0.5685238397002436], [-0.595117957777137, -0.7034570568453334, -0.3885650338175982]], "T": [-0.09911743612573831, -0.020686139305475804, 0.005454705711206653], "aligned_model": [[-0.5890880879641386, -0.24412570367816344, 0.4047769091036567, 0.1731860192484287, -0.7532075753795611, -0.661389125643467, 0.1478378313205048, 0.2788550770656873, 0.5089066624206309, 0.08236593685947949, -0.263288940847036, 0.46618547182988124, -0.07427697790070546], [0.19394058527312869, -0.314560344167751, 0.05754040000828359, 0.5839543671236287, -0.40893244633681713, 0.13746228975326194, -0.5834279306181619, 0.03329324146271759, -0.1741654942143066, -0.7937707808607843, 0.5903315669646441, 0.5133110682621442, -0.04458908323827795], [-0.42406444151878925, -0.586015482915823, -0.5252070666059425, -0.41569917386786204, -0.18078463308752896, 0.2580028241543918, -0.24354451069102895, 0.6907601642403987, 0.08882124351847531, 0.36754853675827287, 0.22332052858282367, 0.1822174413143937, -0.014279995922692374]], "inverted": false, "swapped": true, "error_lsq": 0.044560938093487726, "error_max": 0.3006333182216633, "target": "1049.xyz", "model": "9.xyz", "model_rescale": 3.833441315466971, "target_rescale": 4.104863849207297},
{"mapping": [11, 6, 1, 5, 10, 0, 13, 3, 4, 2, 7, 8, 9, 14], "R": [[0.6041567107534512, 0.36849932535118535, -0.7065429329257297], [0.760068864383932, -0.00016029284149721157, 0.6498425160762609], [0.2393532749842605, -0.9296280016877323, -0.28018170574179674]], "T": [-0.13589070907510578, -0.018744714290595876, -0.03570268013828042], "aligned_model": [[-0.5764074462759992, -0.5755968924686343, -0.22207159748727773, 0.3541601339778394, -0.08891109479929263, 0.14459998001439142, 0.6212922280887877, 0.021849203396829525, -0.15137021688293975, 0.4999136745717724, -0.46207138051487096, 0.0761152392110481, 0.1951785463232059, -0.10514733257234421], [-0.48261612790994, 0.4697435045403288, 0.23668511118725633, 0.38251588041291656, -0.8061533240928722, -0.18574436436552788, -0.1308145682108729, 0.4550176076223043, 0.770315333420338, 0.08457959463510162, -0.058018812215514935, -0.662806981516041, -0.18722349096925256, -0.006255285495033184], [0.20116309813338365, -0.2067795645902799, -0.7234071163917247, -0.27292685223777785, -0.2670784363695942, -0.6334141924187582, -0.25886380785724916, 0.6749232637285867, 0.07856545205387946, 0.2832442242957886, 0.5439331465607806, 0.3487406007295845, 0.6853508383134262, 0.05326756531603168]], "inverted": true, "swapped": false, "error_lsq": 0.04318711008796813, "error_max": 0.31350442508004334, "target": "1049.xyz", "model": "10.xyz", "model_rescale": 4.2482417240324, "target_rescale": 4.104863849207297},
{"mapping": [4, 0, 10, 1, 6, 9, 12, 8, 2, 3, 5, 13], "R": [[0.43947524602604643, -0.8213060885719972, -0.36375516079488535], [-0.8968766284805296, -0.4236343444175519, -0.1270679169393651], [-0.049737525227381035, 0.3820867062650543, -0.9227870434069705]], "T": [-0.013430115410385277, 0.07224653818328855, 0.0034178947891327846], "aligned_model": [[-0.6711203675793228, -0.03494458281019876, 0.28438849379938114, 0.5949376307056932, -0.5978266456781994, -0.006985196513285639, -0.041747678357157925, 0.704774337290648, 0.11340095464980873, -0.03698050870764866, -0.43063542601700844, -0.0004954084197028204], [-0.3824291647470516, -0.7066572478647299, -0.23972131370800817, -0.4266198113276207, 0.592171351449187, 0.709561562735411, 0.28451943317003714, 0.21575293547184796, -0.15747342773134052, 0.6265997530524867, 0.06737381222175182, 0.08305350732866867], [0.03596877929376215, 0.09433865995766338, 0.4662130242114473, -0.12691441487474026, -0.034173067823050164, 0.22928168665719978, 0.6309560778990404, -0.2806563598798232, -0.6121331218139984, -0.40001792481938775, -0.47705782355612936, 0.03938677460237265]], "inverted": true, "swapped": true, "error_lsq": 0.046122415842823644, "error_max": 0.2419949498260102, "target": "1049.xyz", "model": "11.xyz", "model_rescale": 3.6694154284099745, "target_rescale": 4.104863849207297},
{"mapping": [12, 2, 1, 4, 5, 0, 6, 8, 3, 11, 10, 7, 9, 13], "R": [[0.688392547549527, -0.6694816840193026, 0.27912358417187055], [0.7248787772003554, 0.6212821858882103, -0.29758898478015827], [0.02581586416896345, 0.4071888017377765, 0.9129790911606706]], "T": [-0.0064420321636097025, -0.07971400086046916, 0.037365854032525486], "aligned_model": [[-0.5954260538784748, -0.5133572297078723, -0.43726970351681055, 0.3696757388047549, 0.05601978723974049, 0.07541764835264386, 0.48202830232243704, -0.030691363702958406, -0.054241356940073475, 0.6157641742034191, -0.4359503397401153, 0.05738172936297583, 0.14827934917159907, -0.006097637388749903], [-0.3599821570879369, 0.323411211342179, 0.4074724742634849, 0.4233267640560289, -0.8255091539798431, -0.1641129420349835, -0.3118485636481287, 0.5094053546323957, 0.7698662040410876, 0.164631695206091, -0.2439780748249154, -0.6876902261694008, -0.07097908751865571, -0.054789421234212064], [-0.1532019371493219, 0.12007388978207079, -0.504400101112533, -0.3539959490912665, -0.25325228576118175, -0.6675551882550887, -0.12805817850247772, 0.511652904472084, -0.09369749169641606, 0.35070794580950515, 0.47562230297060015, 0.4598072764726613, 0.8251927781324353, -0.08217774680499454]], "inverted": false, "swapped": false, "error_lsq": 0.04681649652453547, "error_max": 0.2653782027208822, "target": "1049.xyz", "model": "12.xyz", "model_rescale": 3.9764082729961374, "target_rescale": 4.104863849207297},
{"mapping": [14, 6, 4, 0, 3, 7, 2, 12, 5, 1, 13, 11, 10, 15], "R": [[-0.6442169358333726, -0.593664526061637, -0.48223124129557604], [0.7370874758549878, -0.31358025971981457, -0.5986396859979939], [0.2041729475792109, -0.7411004326068535, 0.6395964010739518]], "T": [-0.0018353745840437134, 0.054463285930955396, 0.06839883458776985], "aligned_model": [[-0.645601111480223, -0.7451092458399321, -0.24105271367131573, 0.38407835478234076, -0.120190932120409, 0.24057186514105214, 0.7413394063896842, 0.07786067878651755, -0.21441307795327472, 0.5545748930577461, -0.42404155008234107, -0.15677712984709072, 0.3316032820181377, -0.05130967459837646], [-0.41643266897000314, 0.20758748783169906, 0.26667452662963964, 0.40163513342534995, -0.7031612317202731, -0.13820499460480823, -0.09455745645086971, 0.33366420256566615, 0.8386261710480023, 0.0824385347570791, 0.030977012923134428, -0.6358440370539803, -0.3048179172308345, 0.010639313893389388], [0.11968933304024004, -0.019667826526279047, -0.5747225970099946, -0.43919375331725363, -0.2786465508701136, -0.6209134043339269, -0.18008371443879798, 0.636649591011166, -0.13829706636309747, 0.37327188649118687, 0.5107458550798287, 0.42897275358190406, 0.7054879792890546, -0.0165742663678404]], "inverted": false, "swapped": false, "error_lsq": 0.04030749286801242, "error_max": 0.24737542726539036, "target": "1049.xyz", "model": "13.xyz", "model_rescale": 4.170626492500431, "target_rescale": 4.104863849207297},
{"mapping": [8, 7, 0, 3, 4, 2, 6, 9, 1, 11, 10, 12, 11, 13], "R": [[-0.9680858872064905, 0.25026182673515956, -0.013369108826078998], [-0.2503279376335317, -0.9630173804192285, 0.09966668776792989], [0.012068083185214733, 0.09983257529317927, 0.9949310620734316]], "T": [-0.03188797464764238, -0.04303085584705052, -0.04540861123475517], "aligned_model": [[-0.6594273072185876, -0.7890514264293371, -0.36736107250594835, 0.49205219753705665, -0.16643670311553183, 0.1518089872510749, 0.7641058003486876, 0.005742137424474179, -0.2235692150071424, 0.45935886512019064, -0.3084891651055116, -0.13750677202376999, 0.45935886512019064, 0.05094785318666974], [-0.4302503337571543, 0.23539314524318217, 0.20596530819479125, 0.3883936846522915, -0.6715274481839828, -0.09092954598070312, -0.3062741524676183, 0.5199016166568269, 0.6996557766557483, 0.02588694638442901, -0.030334073243615686, -0.6216346861481004, 0.02588694638442901, -0.07090910734733283], [0.04297552087255819, 0.03591411493538293, -0.4712220885152214, -0.1672000980303566, -0.3453282732803751, -0.6754033008226961, -0.11312968610451135, 0.5359668651400141, -0.09530187622355396, 0.4581651471014446, 0.44617950713634613, 0.39021553684240035, 0.4581651471014446, 0.006721703113199931]], "inverted": false, "swapped": false, "error_lsq": 0.042308229458114924, "error_max": 0.3306025426319141, "target": "1049.xyz", "model": "14.xyz", "model_rescale": 3.9786697098870705, "target_rescale": 4.104863849207297},
{"mapping": [4, 3, 0, 11, 2, 1, 9, 7, 10, 12, 8, 13], "R": [[0.741270369433737, 0.501297646661854, -0.446339454732447], [0.6405479047265226, -0.7270183332430078, 0.24727054996303274], [-0.20054082165492587, -0.46919613444682806, -0.8600223056817311]], "T": [-0.06624961855210554, -0.05074449317894602, -0.1123743165998735], "aligned_model": [[0.2749903346561085, -0.7514497075595155, 0.6226919360820183, 0.5005610627056218, -0.21681625428111903, 0.3157057498334516, -0.4606987711740709, -0.04543763039615997, 0.47466472928997316, 0.11295063173527459, -0.29005734447986264, -0.05375013964438348], [-0.4514892151040254, -0.01749581322846456, 0.1154417902470968, -0.7142141358254434, 0.44877782802685134, 0.647772092114453, -0.35700658358055865, 0.2259382435732285, 0.028175385252662992, -0.4738218743468227, 0.6257046069551924, -0.06310783385973105], [-0.7151221783952678, -0.10813973170194917, -0.44877024295098344, -0.09682745004056807, -0.5313821637053889, -0.06600474939766152, 0.34352021940064936, 0.5692739383955231, 0.20603189802108035, 0.3657037496395795, 0.21843774613486983, -0.07675454152605307]], "inverted": true, "swapped": true, "error_lsq": 0.05726726908758458, "error_max": 0.3350144682357604, "target": "1049.xyz", "model": "15.xyz", "model_rescale": 3.769337070930944, "target_rescale": 4.104863849207297},
{"mapping": [0, 11, 2, 5, 1, 10, 8, 12, 3, 6, 13], "R": [[0.16957712643265443, -0.7918617075832908, -0.5866844418033588], [0.03904132747968808, -0.5894412513424814, 0.8068672666333873], [-0.9847433030691133, -0.15973117190794317, -0.06904042135914168]], "T": [-0.0096315076231077, 0.052501380854781246, 0.03858171876143129], "aligned_model": [[-0.20976508758343962, -0.35964138290768916, -0.09169279839676321, -0.5130471511898118, 0.4025027156665571, 0.29597156589150425, 0.6358213003412633, 0.1631263450896803, 0.018301568680395577, -0.4325302252612342, 0.013579280360708284], [-0.1276847299791382, -0.7426025146800103, 0.6512331171922913, 0.43216404574988543, 0.24959206500137981, -0.37032377838459163, 0.49385957444004047, -0.5393676748060015, 0.501816742462569, 0.02592859454326006, 0.021449056085657683], [-0.6982358172684016, -0.04514941445557349, -0.2487276781827209, 0.12442973139497873, -0.6150742338214761, -0.3192238745360297, -0.036939945376226184, 0.28253167849797917, 0.5562283332340416, 0.6971443643437786, 0.0472344633934264]], "inverted": true, "swapped": true, "error_lsq": 0.03719068981814532, "error_max": 0.1836520841447226, "target": "1049.xyz", "model": "16.xyz", "model_rescale": 3.7852294659196426, "target_rescale": 4.104863849207297},
{"mapping": [2, 7, 9, 8, 1, 10, 11, 12, 3, 5, 4, 6, 13], "R": [[-0.8287056480844235, -0.10010125164251575, 0.5506602294088225], [0.025196495787889617, 0.9762057235290165, 0.21537762638955812], [-0.5591172376460827, 0.19235936361090136, -0.8064649960154643]], "T": [-0.017356645258122756, 0.09653753166385359, -0.039516172094984446], "aligned_model": [[0.06802689586823335, -0.30287912346902396, 0.32154982160663875, -0.11752637246369643, -0.6019540886058258, -0.6180515185945191, -0.32378569752558645, -0.16879413352203493, 0.594546287021292, 0.4230916200682439, -0.04200787050819788, 0.6555810306464066, -0.034031000305647145], [-0.013690170395583331, -0.5139785119582635, -0.16539843731546394, -0.6432687353079368, -0.22346766682252944, 0.06238695598358328, 0.7447714924750831, 0.13131430754191414, -0.20974226478171365, 0.37824265713613725, 0.8844759090978842, 0.3569001059080684, 0.08650998214169425], [-0.6939777383591924, 0.2560813483990957, 0.4837030791263312, -0.2839801105580636, -0.4774750312404949, 0.1559284588120913, 0.45808003783690576, 0.6050946411761148, -0.08840437272238963, -0.4022674345734217, -0.17696235492873977, 0.2648198441598883, -0.004885669984950852]], "inverted": true, "swapped": true, "error_lsq": 0.04484278495223584, "error_max": 0.26694943783262315, "target": "1049.xyz", "model": "17.xyz", "model_rescale": 3.901054581598922, "target_rescale": 4.104863849207297},
{"mapping": [8, 2, 0, 7, 4, 1, 6, 13, 3, 12, 5, 10, 9, 14], "R": [[0.9321655902463661, -0.10226316190027043, 0.3472888683485307], [0.2996246117916577, 0.7563519970729287, -0.5815124663603449], [-0.20320532564217508, 0.6461222037989035, 0.7356858659704602]], "T": [0.005441672548868626, -0.0642245668910453, 0.04651141891544408], "aligned_model": [[-0.5812500367588908, -0.6918076704689418, -0.17777750613964322, 0.4555727052693765, -0.1380870042645165, 0.054533721907101596, 0.6253844251324123, -0.19057172704324574, -0.03501698419058852, 0.4973203343821407, -0.42314281515389657, 0.1821168632780934, 0.11303642394837904, 0.04122231468473521], [-0.33576353027211037, 0.3786672813900135, 0.39832467574175634, 0.2288734363547764, -0.7946294116013513, -0.1791000449675193, -0.3246937541940652, 0.4080540184161613, 0.6970432877855556, 0.4451078542795067, -0.12355029592781996, -0.7650111035001315, -0.10992614577675866, -0.04417219068482209], [-0.10341416841156606, 0.08430383052846002, -0.5261869739581645, -0.34227211683745484, -0.22085023066377424, -0.6391117608723651, -0.2874833883121298, 0.5622961446888469, -0.000819755205843542, 0.2714802408772087, 0.4969354877333013, 0.433987682984735, 0.6949899123852925, 0.08286331432952987]], "inverted": false, "swapped": false, "error_lsq": 0.04112553011634339, "error_max": 0.26990043626629795, "target": "1049.xyz", "model": "18.xyz", "model_rescale": 3.9405287249114394, "target_rescale": 4.104863849207297},
{"mapping": [12, 3, 14, 11, 4, 13, 9, 2, 10, 5, 1, 0, 6, 15], "R": [[0.2210774690503286, 0.854506418358478, -0.4700463101253606], [0.968472039036511, -0.1356070097836542, 0.2089800193846254], [0.11483319329690123, -0.5014274821763378, -0.8575452278658746]], "T": [-0.011843179175124976, -0.14252314798958857, -0.02308845530277523], "aligned_model": [[-0.4990099788057193, -0.7517116472887988, -0.33386115363523955, 0.3540597843025239, -0.13629571518503486, 0.11515009503938514, 0.719120982458032, 0.11111850919855296, -0.12366974831601786, 0.6475856671473353, -0.42427755016246443, -0.09633291775368275, 0.1578383653814179, -0.00818164779777373], [-0.2962902643536268, 0.2677623996186691, 0.31720110858909967, 0.38467645152010776, -0.8595914506565385, -0.1148520416031786, -0.11436208163339817, 0.48061328289484595, 0.6354616331665306, 0.15577699872626513, -0.11727815173561978, -0.6294892053467651, -0.12293511064236323, -0.10746949150083612], [-0.22098551306808245, 0.0753443349090375, -0.5566585014203989, -0.35079076761519434, -0.0937258689524806, -0.6822067023173737, -0.2552698406594679, 0.5701287854361883, -0.01131833762415374, 0.3860976415602494, 0.4914793281542278, 0.4548234623273306, 0.7043096047867534, -0.004509406250559039]], "inverted": false, "swapped": false, "error_lsq": 0.04082444451339355, "error_max": 0.28477102213308947, "target": "1049.xyz", "model": "19.xyz", "model_rescale": 4.410303926677745, "target_rescale": 4.104863849207297},
{"mapping": [4, 11, 12, 8, 2, 7, 1, 10, 9, 5, 6, 0, 3, 13], "R": [[-0.028771130753108942, -0.9911445307962001, -0.12963310189904492], [-0.07889924688699096, -0.12703038485324672, 0.9887558799646665], [-0.996467325543519, 0.03867557881682787, -0.07454574922374968]], "T": [-0.023534292924585296, -0.07362071033284576, 0.06018855417139411], "aligned_model": [[-0.6744885247549733, -0.7348267661492353, -0.34687697587950195, 0.4367664520256186, -0.1552490249574645, 0.19865488115937274, 0.5979255833305608, 0.05803724660635491, -0.13009214681152964, 0.6117850563205148, -0.43687815891891735, 0.1526428685946133, 0.1383540352571973, 0.01577851875990515], [-0.3078291847701984, 0.3435604430848185, 0.2109096242886829, 0.4541600619487983, -0.6474767824681843, -0.1527980657135662, -0.3894264391427341, 0.6282913141956579, 0.5764315180132585, 0.3479364316914515, -0.2082706554319652, -0.7083966452886775, -0.2607330893116791, -0.0071344540524719835], [-0.068257440618944, 0.14478304134844522, -0.5604296338864865, -0.25703102595467486, -0.24304265397348002, -0.6115376417421764, -0.2176139926639234, 0.4794731911044463, -0.1396470056919275, 0.4033060609405325, 0.4442745652525092, 0.3415788395096254, 0.741909774710843, 0.04895214093128766]], "inverted": false, "swapped": false, "error_lsq": 0.040004997117158235, "error_max": 0.25117128719120113, "target": "1049.xyz", "model": "20.xyz", "model_rescale": 4.121658175737393, "target_rescale": 4.104863849207297},
{"mapping": [8, 1, 2, 3, 5, 7, 0, 9, 10, 11, 4, 6, 13], "R": [[0.7138051125420594, 0.19056502703644052, -0.6739193065786279], [-0.45396921499466747, -0.6068316181898638, -0.6524318654098656], [-0.533286239411766, 0.7716478196921651, -0.34664885578692517]], "T": [0.08998445536525027, -0.0548947643985115, 0.0023757695155222983], "aligned_model": [[0.07945820038263249, -0.3857909235561088, 0.2987846967352903, 0.7175776008435241, 0.5714691405293923, -0.2078930984136043, -0.4561249703788708, 0.343384352648601, -0.5330986815626619, -0.33909012601538924, 0.04428343804393384, 0.6801877039782522, 0.0679355714293033], [-0.435646065877585, 0.04280142496792885, 0.2904997481248496, -0.29798336368248296, 0.3611739241045554, -0.6832089350550319, 0.5028744920729494, -0.6232223424580254, -0.1632806366503372, 0.12138913130514305, 0.6246842460072198, -0.11522238407894685, -0.08403233461705342], [0.6894183799015798, 0.6348777090592138, 0.5361037217872233, 0.1352567126575417, 0.0018513881794828338, 0.24345891930596356, 0.08034061681843208, -0.2622346725503163, -0.012426378795104269, -0.7368988830255373, -0.41765971511290395, -0.5087747955229033, -0.013203263220882756]], "inverted": false, "swapped": true, "error_lsq": 0.04846660476602543, "error_max": 0.27406618600421756, "target": "1049.xyz", "model": "21.xyz", "model_rescale": 4.08911054899281, "target_rescale": 4.104863849207297},
{"mapping": [1, 0, 6, 10, 11, 5, 9, 13, 7, 12, 4, 15, 14, 16], "R": [[-0.5984052673003848, -0.7499869964740857, -0.28183442157929317], [-0.5727586318119455, 0.1544754661568164, 0.8050371917126204], [-0.560230921809983, 0.6431615935948087, -0.5220004585941689]], "T": [-0.06511665755649577, -0.07508073672097168, 0.06676649915193106], "aligned_model": [[-0.7219993021949781, -0.7126567374464325, -0.3595384994319825, 0.41814473673616653, -0.09443525567943857, 0.3159438287040794, 0.6248436387342217, -0.010667506081813265, -0.02872378097228838, 0.5138130424628843, -0.48083697576114187, -0.011413325178815811, 0.36882599103116676, -0.08976681033911202], [-0.504786172033996, 0.35004616124018073, 0.32996130155011605, 0.3672988753394667, -0.739183370115411, -0.20978940527709225, -0.18870705544573585, 0.42758526749675496, 0.6276918154840031, 0.3126174878971718, 0.13024372138332835, -0.7544479529434359, -0.22975371716789136, -0.03955288036426874], [-0.050948458696411084, 0.06057265177437604, -0.48533933745117624, -0.40428988052517784, -0.31270832528458364, -0.5114856382196995, -0.06958400799051484, 0.4923157256060625, -0.03610471358839831, 0.31069270745578503, 0.5876414071708931, 0.32577066033056007, 0.5135244121243312, 0.08666101656002984]], "inverted": true, "swapped": false, "error_lsq": 0.03903290422635401, "error_max": 0.23453448167542748, "target": "1049.xyz", "model": "22.xyz", "model_rescale": 4.204369325754507, "target_rescale": 4.104863849207297},
{"mapping": [12, 3, 14, 11, 4, 13, 9, 2, 10, 5, 1, 0, 6, 15], "R": [[0.2210774690503286, 0.854506418358478, -0.4700463101253606], [0.968472039036511, -0.1356070097836542, 0.2089800193846254], [0.11483319329690123, -0.5014274821763378, -0.8575452278658746]], "T": [-0.011843179175124976, -0.14252314798958857, -0.02308845530277523], "aligned_model": [[-0.4990099788057193, -0.7517116472887988, -0.33386115363523955, 0.3540597843025239, -0.13629571518503486, 0.11515009503938514, 0.719120982458032, 0.11111850919855296, -0.12366974831601786, 0.6475856671473353, -0.42427755016246443, -0.09633291775368275, 0.1578383653814179, -0.00818164779777373], [-0.2962902643536268, 0.2677623996186691, 0.31720110858909967, 0.38467645152010776, -0.8595914506565385, -0.1148520416031786, -0.11436208163339817, 0.48061328289484595, 0.6354616331665306, 0.15577699872626513, -0.11727815173561978, -0.6294892053467651, -0.12293511064236323, -0.10746949150083612], [-0.22098551306808245, 0.0753443349090375, -0.5566585014203989, -0.35079076761519434, -0.0937258689524806, -0.6822067023173737, -0.2552698406594679, 0.5701287854361883, -0.01131833762415374, 0.3860976415602494, 0.4914793281542278, 0.4548234623273306, 0.7043096047867534, -0.004509406250559039]], "inverted": false, "swapped": false, "error_lsq": 0.04082444451339355, "error_max": 0.28477102213308947, "target": "1049.xyz", "model": "23.xyz", "model_rescale": 4.410303926677745, "target_rescale": 4.104863849207297},
{"mapping": [12, 6, 13, 11, 0, 7, 1, 15, 14, 10, 5, 2, 4, 16], "R": [[0.7669492442346837, -0.6078370176717208, -0.20572558595322057], [0.4382263995464877, 0.2619162810779103, 0.8598589910251794], [-0.4687712443275184, -0.7496225861420301, 0.46724672159081526]], "T": [0.06589298965111659, 0.0846622006538565, 0.0646181844022421], "aligned_model": [[-0.5869674479471046, -0.6587212224223014, -0.4008756937766761, 0.4568802786931838, -0.0823449136311585, 0.09399315676388191, 0.6977047138197018, -0.2494895362212792, -0.12219587546767147, 0.6652740422697412, -0.3835249105963514, -0.011581541332408032, 0.18245118782853115, 0.1309308066024268], [-0.3366071077737828, 0.3135047665099455, 0.26314016696015596, 0.4388338760142176, -0.6347991870837797, -0.13188007145391029, -0.3246191685359273, 0.5610885426970786, 0.7143683241425156, 0.13864965929870787, -0.1315546185611816, -0.7390152928333275, -0.23589476771043089, -0.015991044627090112], [-0.14149162511602234, 0.043091143885287286, -0.4298100060798435, -0.2852572945766838, -0.11084305539526154, -0.5632756933198921, -0.34725322223773425, 0.4922465204797424, -0.09737800960813461, 0.3128351345617245, 0.44786206426677566, 0.4499064335741221, 0.6625661666397292, 0.07351966219226808]], "inverted": false, "swapped": false, "error_lsq": 0.03574354925767857, "error_max": 0.20303761387762276, "target": "1049.xyz", "model": "24.xyz", "model_rescale": 4.28219845311461, "target_rescale": 4.104863849207297},
{"mapping": [4, 0, 2, 14, 7, 13, 12, 8, 6, 11, 1, 3, 5, 15], "R": [[-0.025065945527453518, -0.12952026697312524, 0.991259904776757], [-0.6813195916877874, 0.7278321321417092, 0.07787169835338448], [-0.7315567731606356, -0.6734128658299188, -0.10648849598681735]], "T": [0.046634909457699006, -0.06381778493488953, 0.028333398439739456], "aligned_model": [[-0.5964546075331152, -0.6925475821339963, -0.22134115541459443, 0.3993020198773687, -0.026210227764810648, 0.15790235805597463, 0.7205459551344585, 0.02379760538853843, -0.24702592472131524, 0.5638605027671065, -0.3267108565737981, -0.3062401533329089, 0.30450141801745306, -0.021846307183845656], [-0.36593030679208227, 0.278286174670824, 0.25733013185870357, 0.49283433318332204, -0.7915794442276174, -0.2698588654553327, -0.12463837340658551, 0.3809839475150264, 0.7872253002911351, 0.059530686981548536, -0.08173497031434288, -0.6207420787427643, -0.08565262286821426, -0.03682983565042955], [-0.14432948205088764, -0.017800070779385425, -0.513730129739952, -0.3536469067035729, -0.2373780220840204, -0.5176364587478189, -0.32742587236825693, 0.5608518800732225, 0.06939574760873457, 0.1455507663943458, 0.5481115360149016, 0.4349780416934642, 0.8396957000841833, 0.020081489871119063]], "inverted": false, "swapped": false, "error_lsq": 0.044869306721456816, "error_max": 0.34336863787343563, "target": "1049.xyz", "model": "25.xyz", "model_rescale": 4.100010024507729, "target_rescale": 4.104863849207297},
{"mapping": [4, 0, 10, 1, 6, 9, 12, 8, 2, 3, 5, 13], "R": [[0.43947524602604643, -0.8213060885719972, -0.36375516079488535], [-0.8968766284805296, -0.4236343444175519, -0.1270679169393651], [-0.049737525227381035, 0.3820867062650543, -0.9227870434069705]], "T": [-0.013430115410385277, 0.07224653818328855, 0.0034178947891327846], "aligned_model": [[-0.6711203675793228, -0.03494458281019876, 0.28438849379938114, 0.5949376307056932, -0.5978266456781994, -0.006985196513285639, -0.041747678357157925, 0.704774337290648, 0.11340095464980873, -0.03698050870764866, -0.43063542601700844, -0.0004954084197028204], [-0.3824291647470516, -0.7066572478647299, -0.23972131370800817, -0.4266198113276207, 0.592171351449187, 0.709561562735411, 0.28451943317003714, 0.21575293547184796, -0.15747342773134052, 0.6265997530524867, 0.06737381222175182, 0.08305350732866867], [0.03596877929376215, 0.09433865995766338, 0.4662130242114473, -0.12691441487474026, -0.034173067823050164, 0.22928168665719978, 0.6309560778990404, -0.2806563598798232, -0.6121331218139984, -0.40001792481938775, -0.47705782355612936, 0.03938677460237265]], "inverted": true, "swapped": true, "error_lsq": 0.046122415842823644, "error_max": 0.2419949498260102, "target": "1049.xyz", "model": "26.xyz", "model_rescale": 3.6694154284099745, "target_rescale": 4.104863849207297},
{"mapping": [2, 0, 4, 8, 11, 10, 9, 1, 5, 7, 6, 12, 3, 13], "R": [[-0.6467640655017007, -0.7578693564660907, -0.08561706667122815], [0.3959102164220212, -0.4295587492307712, 0.8116245323374375], [-0.6518829220867658, 0.491032910800253, 0.577871383962427]], "T": [0.023770300527809197, 0.026357550053076006, -0.009057579039560372], "aligned_model": [[-0.5679288074674526, -0.5422325128233563, -0.3355195885220931, 0.3898368057810773, -0.09441191651486758, 0.07328683039658775, 0.5931150408975588, -0.3328160895099526, -0.044314704551770265, 0.4764004853515454, -0.3108756683014105, -0.005189855464488826, 0.45909490147373294, -0.026911876162595123], [-0.2988412330759664, 0.3672237040263672, 0.27736792018085615, 0.30947843033960953, -0.7959499064200551, -0.20964864585682425, -0.3432252750684381, 0.4713138535662581, 0.8027848886200192, 0.3223688412028001, -0.1677662222049425, -0.6823811844995561, -0.17432498310826364, 0.0008238893413269333], [-0.08822552237702791, -0.028664299498727654, -0.704352581037813, -0.44973327987577244, -0.22357769429395594, -0.5601836160352089, -0.07323419050242466, 0.6651135328448567, 0.12697006421840903, 0.31286128654111256, 0.557968406604009, 0.34672821166474094, 0.6413655394216169, -0.01631763840773838]], "inverted": true, "swapped": false, "error_lsq": 0.046804852757527285, "error_max": 0.31182665244119095, "target": "1049.xyz", "model": "27.xyz", "model_rescale": 4.103607728864725, "target_rescale": 4.104863849207297},
