[{"mapping": [10, 5, 6, 11, 1, 8, 4, 9, 0, 3, 7, 12], "R": [[0.03571383139279882, -0.9084157752626029, 0.41653967578286105], [0.9971369564059832, 0.004593017536600904, -0.07547711149296342], [0.06665142471590155, 0.41804268136633216, 0.9059789755504197]], "T": [0.08497264894830733, -0.09829201209491824, -0.0030746377492896666], "aligned_model": [[-0.4622059904103003, 0.1280822693448913, 0.5179404462619885, -0.09752311891264534, -0.024614200875658743, -0.5876064539777146, 0.4480345532920208, -0.22778577621824822, 0.6613094508538608, -0.009478511214844165, -0.5247434550878701, 0.016233249405068928], [-0.14082038489084567, -0.7544953160284564, -0.2374300662873035, 0.583870804865181, 0.32080877363211585, -0.638861482281689, -0.16127512506650804, -0.42208857371620384, 0.16848317569467647, 0.3355959289006826, 0.15610387467796716, -0.15633657352255922], [-0.3582226705225014, -0.2504308930861512, -0.6133214973390679, -0.06939774529428822, -0.6551309915451509, 0.09395959802641506, 0.5621102920273711, 0.6768185771110189, 0.05452587073517988, 0.535925920188304, 0.18958140348938712, 0.01553388156304637]], "inverted": false, "swapped": true, "error_lsq": 0.047790089421575255, "error_max": 0.2985293853146199, "target": "1050.xyz", "model": "0.xyz", "model_rescale": 3.751011558992144, "target_rescale": 3.916722658875457},
{"mapping": [12, 2, 6, 9, 11, 1, 0, 5, 4, 10, 8, 13, 14], "R": [[-0.17672129924408314, 0.972085882907381, 0.15433281778565916], [-0.7184563135125109, -0.23457538330377053, 0.6548243391337116], [0.6727481757444582, 0.004840020668074874, 0.7398557063593122]], "T": [-0.050734059212279886, 0.02728811588069844, -0.012641108810148894], "aligned_model": [[0.32242666726742375, 0.3878849195357056, -0.5952918582517309, 0.40374869459091445, -0.05723569389024259, -0.6622364122168827, -0.18337268090347705, 0.35457040487352043, -0.6611946299740176, -0.20190052595698837, -0.20468078828917302, 0.671422509393118, -0.018120612283396655], [-0.4653064594870092, -0.005610478428823805, -0.1896184001376565, 0.32641747409511046, -0.060533072215292326, -0.23087090986316158, -0.5265437545923145, 0.46694068364128916, 0.5249695015438737, 0.6799304807216813, 0.41135061771755205, -0.010408891509641943, 0.01412020589609254], [0.39976252915714516, -0.7128333509570042, 0.45654340935325877, 0.3590532210954781, 0.7804390615349425, -0.22501893046921828, -0.5138214892957668, -0.192974017757079, -0.0849259607463868, 0.46028636033871695, -0.531500098738256, -0.08025045989761945, 0.02939199325740881]], "inverted": false, "swapped": false, "error_lsq": 0.04129201235272454, "error_max": 0.22227280731462665, "target": "1050.xyz", "model": "1.xyz", "model_rescale": 3.9405287249114394, "target_rescale": 3.916722658875457},
{"mapping": [5, 10, 0, 4, 2, 6, 11, 4, 7, 1, 3, 8, 12], "R": [[0.16195818535253198, 0.8294686384106942, 0.5345571289305048], [-0.935721605135823, -0.04293090860975274, 0.3501171443502597], [0.3133602142572576, -0.5569009920794274, 0.7691987136895092]], "T": [-0.04931160337476677, 0.028611199491523014, 0.006013109530550527], "aligned_model": [[0.004142985108445192, 0.3651448886208451, -0.6675293602949721, 0.2798835087622469, 0.14378435714350807, -0.5511159147973439, -0.18038600898024065, 0.2798835087622469, -0.49874473137403147, -0.27866268174937686, -0.02555312284287818, 0.6885492278128911, -0.003376662276566751], [-0.6145998217577396, -0.1626667250749962, -0.3186943101006315, 0.6449297612504911, -0.15529600006090058, -0.06281764477123872, -0.6052046227829119, 0.6449297612504911, 0.6280154367424287, 0.45431901409594844, 0.3174328264039611, 0.12954120322751084, 0.03494811895928687], [0.3399269749065187, -0.7033004256064768, 0.45335601638318285, 0.06498539504897595, 0.6329594545282072, -0.1815739179098156, -0.2918313006351203, 0.06498539504897595, -0.2540527993821671, 0.6332270058939792, -0.4867518253008148, -0.20861284009967163, 0.08083513399984653]], "inverted": true, "swapped": false, "error_lsq": 0.05582219710238591, "error_max": 0.5175073061380135, "target": "1050.xyz", "model": "2.xyz", "model_rescale": 3.932901565614263, "target_rescale": 3.916722658875457},
{"mapping": [3, 2, 11, 7, 8, 10, 1, 5, 12, 9, 6, 4, 13], "R": [[-0.8132746301274083, -0.20718653533147946, -0.5437445315297113], [-0.23551090559695764, -0.7372967132528905, 0.6331888896461987], [-0.5320892682022712, 0.6430142270617522, 0.5508300232014856]], "T": [0.017964442644253724, -0.037900305162417935, 0.0703693777096411], "aligned_model": [[0.1527167614933566, 0.34304829846410506, -0.7196631753214374, 0.5195616932847971, -0.11958772972440085, -0.6294378984413374, -0.1130044498327844, 0.10599164751834003, -0.45735670156153735, -0.10534665947161087, -0.12280402927385561, 0.744111688386229, -0.04220945162509069], [-0.42351508150926037, -0.158138926787105, -0.3785287201669383, 0.31232179804825577, -0.06891898394194723, -0.024186696647827077, -0.6035881017405761, 0.6528025570082595, 0.5319540759031076, 0.5631225529960119, 0.2725392851092602, 0.21020043242378506, 0.04877280668667308], [0.3766838156798147, -0.6873000843471274, 0.44129589128503555, 0.4384552697507278, 0.7907192697588766, -0.2359435113427736, -0.38964484698133506, -0.10846141674689677, -0.10981276460990005, 0.474546115603954, -0.5216642013950845, -0.34722205664731587, 0.022500786867645402]], "inverted": false, "swapped": false, "error_lsq": 0.0382620480345603, "error_max": 0.18932883060900244, "target": "1050.xyz", "model": "3.xyz", "model_rescale": 3.9243930471874484, "target_rescale": 3.916722658875457},
{"mapping": [10, 9, 6, 4, 3, 5, 11, 7, 0, 2, 1, 8, 12], "R": [[-0.48742000490117643, -0.8418696967057138, -0.23168330235639906], [-0.4004768799011147, -0.020241556768780866, 0.9160832647986996], [-0.7759123710102869, 0.5393011154709453, -0.3272832097205554]], "T": [0.03355182487761458, -0.02074369607103936, -0.01110201414306232], "aligned_model": [[0.3956662624720212, 0.2740668242390865, -0.48906567463853906, 0.3665101164355252, -0.22819064014745985, -0.6918155887190841, -0.0739082434890698, 0.3334873994321428, -0.6044519159886879, -0.11547531164302641, -0.18118016355428343, 0.6469737538293874, -0.07659682433323914], [-0.5058906508997089, -0.22581087640657543, -0.4417365064994171, 0.29113273083769453, 0.05827852620799824, -0.004656330632706554, -0.739760700328324, 0.7200560866560576, 0.5299043912373073, 0.781511432148315, 0.4574861569653609, 0.0004665230352312172, 0.013856215060466553], [0.3503302558952782, -0.641805889514269, 0.2556422782116376, 0.36868626880094163, 0.6038774495411765, -0.2283723796791206, -0.32351354191216575, -0.07570148736310804, 0.10317949768127237, 0.4194698290373568, -0.4962274420391385, -0.1511021305815049, -0.04031044120273651]], "inverted": true, "swapped": false, "error_lsq": 0.05442788924314431, "error_max": 0.33132337046009563, "target": "1050.xyz", "model": "4.xyz", "model_rescale": 3.8936222436046832, "target_rescale": 3.916722658875457},
{"mapping": [1, 0, 11, 10, 3, 4, 2, 9, 8, 5, 7, 12], "R": [[0.5840260961559374, -0.44674206789234217, 0.6777426088008115], [-0.3026466970108611, -0.8945676256371249, -0.3288673592048517], [0.7532054804615219, -0.013049442027567859, -0.6576558494117553]], "T": [-0.12504468127267077, -0.15247472055975433, -0.07876597360434151], "aligned_model": [[0.03486696544116158, -0.7016792076216107, -0.32570262832740193, 0.4509706977007093, -0.5389469074764847, -0.6126085540446408, -0.15851810569578417, -0.04892418719638292, 0.592613492259471, 0.30693452584492864, 0.0828118746525261, -0.0542699233213941], [-0.4131003160948127, -0.4208027748348424, 0.11468872069204508, -0.04643245808548924, 0.4053070342514635, -0.020400170044489213, -0.4059939638471244, 0.4349971327778279, 0.20990551619935047, -0.5367648609675678, 0.4577284752058298, -0.1102094301423838], [-0.7994148471718909, -0.12506507661771854, -0.7043933808259233, -0.3691184710986482, -0.15133200972214106, 0.3685064342476448, 0.7066322087456443, 0.4815904498987756, 0.24932083605474714, 0.3204349596632257, -0.3196706372996711, -0.0382057465985263]], "inverted": true, "swapped": true, "error_lsq": 0.04611404048869766, "error_max": 0.24530714432366219, "target": "1050.xyz", "model": "5.xyz", "model_rescale": 3.6523030999806103, "target_rescale": 3.916722658875457},
{"mapping": [10, 11, 6, 2, 6, 8, 9, 3, 5, 1, 7, 4, 12], "R": [[-0.8890816997140903, -0.457721432811518, 0.0049820857555056], [-0.2853939136907002, 0.5457761932795335, -0.7878316196228776], [0.3578883139497703, -0.7018685324149192, -0.6158705366746475]], "T": [-0.07269283812655761, 0.10920695449490467, -0.008808438831246362], "aligned_model": [[0.2575356898646536, 0.46863231687492424, -0.241033282629929, 0.4040297193625396, -0.241033282629929, -0.6984418604495386, -0.2287151871878146, 0.2717225140597199, -0.6169065827807392, -0.1921050378674708, -0.04067414212199534, 0.4985728830141901, -0.08556375361383775], [-0.5688141660118264, -0.1291732578677786, -0.187266922469039, 0.3033453438383784, -0.187266922469039, -0.13307111967995533, -0.47558704933871065, 0.6729055290065743, 0.464568706469201, 0.5979516642273767, 0.31384135021138837, 0.06905024241588523, 0.19435359904924465], [0.19096523589730177, -0.6605069535276682, 0.5447159030856066, 0.5490961436676736, 0.5447159030856066, 0.04986522223098193, -0.4042017554848014, -0.2238960610225144, -0.21240842741173796, 0.4699860904347013, -0.6598980078562007, 0.025462777246704354, -0.06974380347003356]], "inverted": true, "swapped": false, "error_lsq": 0.05780436247578018, "error_max": 0.4196234838767775, "target": "1050.xyz", "model": "6.xyz", "model_rescale": 4.08911054899281, "target_rescale": 3.916722658875457},
{"mapping": [7, 5, 0, 13, 2, 3, 4, 11, 9, 1, 8, 12, 14], "R": [[0.4740397186698658, 0.7632507660881613, 0.4390155044975399], [-0.06895215006994326, -0.4648862061288804, 0.882681378727244], [0.8777994908429412, -0.4486970953961381, -0.1677467450025256]], "T": [0.02857320516105339, 0.0723454385354091, -0.05400702257249177], "aligned_model": [[0.42289438359615267, 0.46172754000351224, -0.7450329898341761, 0.5366462010624704, -0.01735714015178571, -0.7072628096419811, -0.17632088402087975, 0.208826762890098, -0.5519454233943176, -0.215528514258853, -0.31487735644533305, 0.7138810312102122, -0.0596308071203459], [-0.50720233625797, -0.40217741543690855, -0.10422808100986557, 0.28502362549378935, -0.15786900769659407, -0.19475559413749266, -0.38306116388549066, 0.6262321054224416, 0.597284964876515, 0.4864360757541667, 0.23462790262274513, 0.24255269642309635, 0.21197322521326595], [0.27451108881110936, -0.46352700114311257, 0.4509795419658986, 0.4282007562733896, 0.7173756680660719, -0.17085664358014094, -0.5514733313734129, -0.12645892474180795, -0.09866039302486637, 0.4999689278074896, -0.6204477404477026, -0.15088112091321115, -0.0445785608240847]], "inverted": false, "swapped": false, "error_lsq": 0.0483961202349117, "error_max": 0.32680620357247075, "target": "1050.xyz", "model": "7.xyz", "model_rescale": 3.964800864290218, "target_rescale": 3.916722658875457},
{"mapping": [2, 1, 6, 12, 4, 3, 0, 9, 10, 11, 8, 7, 13], "R": [[-0.990722066781677, 0.1139792402019828, 0.07401701962941393], [-0.06848045112109047, 0.05175280602226873, -0.9963092265371597], [-0.11738915710615813, -0.9921342549634097, -0.043467297156662366]], "T": [-0.07636357093091645, 0.023785074261939793, -0.0335583864351774], "aligned_model": [[0.28881288947116074, 0.2992613743657372, -0.4755651502032218, 0.46627749731462503, 0.021126262393836998, -0.707779540439033, -0.2503909653838039, 0.02169920134369689, -0.5782257244618012, -0.28378888703093075, 0.20750791035873922, 0.6177707180570471, -0.07068559189127915], [-0.4878613888137817, -0.297153030319124, -0.13152430540794638, 0.41990956463485507, -0.13668176499345155, -0.27219933274821095, -0.6570084999075786, 0.7023020468137281, 0.648962258097792, 0.47979951067826987, 0.5534191306026212, 0.025028396150162495, 0.08784441259436364], [0.17494287817587106, -0.5983809467770912, 0.3576230534000875, 0.31184137683733126, 0.6445562948035775, -0.232731175639379, -0.17282054163957936, 0.028531366677451965, -0.2136191558205363, 0.626864884289277, -0.5131022633451149, -0.19176460617248553, -0.07778889791378998]], "inverted": true, "swapped": false, "error_lsq": 0.05008922865851648, "error_max": 0.35926104188136515, "target": "1050.xyz", "model": "8.xyz", "model_rescale": 4.121658175737393, "target_rescale": 3.916722658875457},
{"mapping": [6, 2, 7, 4, 9, 11, 8, 0, 10, 5, 3, 1, 12], "R": [[0.2960026412504607, 0.5839743851890613, 0.7558811770482243], [0.838830664895793, -0.537439864908157, 0.08672662358228833], [0.4568868043654064, 0.6083850006784848, -0.6489392413363575]], "T": [-0.0891441259866404, 0.04295033360965014, 0.011787866510730625], "aligned_model": [[0.2700951757458158, 0.24669899830582692, -0.5920603974469862, 0.5463410600967165, 0.04482726616528537, -0.6474143030964294, -0.15865583601546726, 0.3154398500811826, -0.5305607605164153, -0.2484394145258021, -0.27963835614985394, 0.5912021496163744, -0.0018154383654739314], [-0.50938581639918, -0.06288324942325635, -0.2363182282841542, 0.3756286723003488, -0.20256972699897605, -0.07919350883374107, -0.636530203977872, 0.7040163243050981, 0.6354710197983271, 0.5035289569463777, 0.2970183023910957, 0.09579267291496468, 0.05026178264266686], [0.22638971081355413, -0.586839813626746, 0.36434311686362947, 0.5348668461622964, 0.795982601865769, -0.2647033009005862, -0.2412490061697937, -0.12285167217414203, -0.16300178362414278, 0.39153811213309586, -0.7106008148678034, -0.0844843941014485, 0.0047626645019378175]], "inverted": true, "swapped": false, "error_lsq": 0.03892123200698379, "error_max": 0.25927432369840736, "target": "1050.xyz", "model": "9.xyz", "model_rescale": 3.833441315466971, "target_rescale": 3.916722658875457},
{"mapping": [6, 3, 1, 11, 12, 5, 4, 8, 13, 10, 2, 7, 14], "R": [[0.3277700759664338, 0.9371899528920224, -0.11933888510961926], [0.361067778470332, -0.0075359469903907295, 0.9325091253459439], [0.8730388517422678, -0.3487380129856892, -0.34085915221295715]], "T": [-0.0354807396347316, 0.07137565661434443, 0.07631724792473446], "aligned_model": [[0.026874613794035926, 0.32390406906266495, -0.5473800582509429, 0.500413408931071, 0.03469784717284331, -0.5920062841291343, -0.07426046593561195, 0.23377945774444758, -0.6610071365945923, -0.10568212791937365, -0.21009346107717974, 0.6161399597335524, 0.01064017136299307], [-0.5824208182526874, -0.15650434748733832, -0.30715773114205397, 0.3241683268414829, -0.1032849305535085, -0.10438520733635169, -0.611015781023661, 0.7969715743019289, 0.46839369874979264, 0.7466274487059177, 0.3159148205179873, 0.05858268498627577, 0.08894725907391506], [0.2492089695169825, -0.6808056699398515, 0.450857626078743, 0.41432672775619894, 0.6486708995725993, -0.2654760207268352, -0.3344754476731834, -0.016250957843647856, -0.2182671072946237, 0.539848180959303, -0.5766461888429026, -0.06203296282150156, -0.004805781865660413]], "inverted": false, "swapped": false, "error_lsq": 0.04386748126385836, "error_max": 0.2776204737580382, "target": "1050.xyz", "model": "10.xyz", "model_rescale": 4.2482417240324, "target_rescale": 3.916722658875457},
{"mapping": [11, 7, 9, 8, 0, 4, 3, 5, 10, 6, 1, 12], "R": [[-0.9525137269591991, 0.2696340307513259, 0.14147469531718174], [-0.19461110683287172, -0.8964177087764135, 0.3981982025189587], [0.23418820860918885, 0.3517567069052672, 0.9063239498631718]], "T": [-0.016548500188767017, 0.15630103773424145, -0.05087846379571772], "aligned_model": [[-0.6425089256311511, -0.09223898378843814, 0.48347787451470586, 0.6671805036546299, -0.389037821425384, 0.0642495766782191, -0.31634181581947607, 0.559531357173422, 0.08163527912041013, -0.08660960077096697, -0.5101270457525309, 0.05755520440956711], [-0.17520996259701774, -0.5003484126294613, -0.09251261657789286, -0.37751981797650236, 0.6547746645713836, 0.5087866876993095, -0.04917422450898712, 0.3546864477440162, -0.3569540761315213, 0.6258832354415881, -0.028427710352520175, 0.10214717536824497], [-0.014497546216868544, 0.1406151261316508, 0.5432446038192844, -0.09016698648261431, 0.08850115286710011, 0.5187182014817616, 0.545448001291844, -0.40076638807307413, -0.44365369801612864, -0.6456941857263335, -0.629746103041831, -0.046809888180434266]], "inverted": false, "swapped": true, "error_lsq": 0.04920363573448936, "error_max": 0.31351349216325525, "target": "1050.xyz", "model": "11.xyz", "model_rescale": 3.6694154284099745, "target_rescale": 3.916722658875457},
{"mapping": [8, 11, 1, 10, 2, 0, 4, 7, 5, 12, 6, 9, 13], "R": [[-0.19435168653066334, -0.40278792981788103, -0.8944212125926534], [0.8358522649049257, 0.40921951133463375, -0.3659103480312485], [0.5133988831269432, -0.8187192895834747, 0.25713870122550214]], "T": [-0.043103261361727825, 0.07947978614722245, -0.0018197367258326238], "aligned_model": [[0.49521668918874817, 0.36706211810772604, -0.56522112375061, 0.31945175394294617, 0.031108775319616415, -0.7391164661882852, -0.3231808744627878, 0.3045533751157902, -0.41562584432708966, -0.33296888336099606, -0.1795738668967977, 0.7520880084180691, -0.15777366721155625], [-0.41737797264866916, -0.23559536346464377, -0.38577563945258053, 0.38817884627129157, -0.198068255661989, 0.042129834610694444, -0.5400211977441884, 0.7175206868488526, 0.7473345323593339, 0.4406515485415561, 0.18294487896898837, 0.15509315284032155, 0.037821945912731414], [0.18776362139071323, -0.5286220340716331, 0.47504903015450345, 0.4186413654755318, 0.5845020448001448, -0.1596438928387103, -0.29414440442850703, -0.15739605437905177, -0.2462941845101624, 0.49547432064710356, -0.5408239870299881, -0.08330427595517263, -0.007049282379151632]], "inverted": true, "swapped": false, "error_lsq": 0.04705620486456298, "error_max": 0.23577858714256322, "target": "1050.xyz", "model": "12.xyz", "model_rescale": 3.9764082729961374, "target_rescale": 3.916722658875457},
{"mapping": [12, 0, 11, 6, 13, 8, 1, 4, 3, 14, 7, 5, 15], "R": [[0.8483327733427064, -0.06556780043968184, -0.5253878274362423], [0.05340966832756636, 0.9978383203518668, -0.038289603895897854], [0.5267626723694571, 0.0044215362564903465, 0.8500009041261785]], "T": [0.012369816108389504, -0.03759659520271791, -0.013222548708641622], "aligned_model": [[0.19533092748927539, 0.3056611372291773, -0.6523841968789656, 0.3584468639356411, 0.04661776064007684, -0.6636377138697673, -0.13704564227359625, 0.3504558583401859, -0.6454986091370839, -0.2820634116274582, -0.1555450894735777, 0.8431149298874946, -0.00743282036662897], [-0.5839893114570978, 0.02289652857182642, -0.04188396953818922, 0.44250148946387996, -0.1079966399610127, -0.14278019864227764, -0.6126802445877093, 0.5390663098694362, 0.48562675262180716, 0.4334083501483587, 0.38233608824412046, 0.050857322306739824, 0.06747452034181715], [0.2609922690797117, -0.6746064889683684, 0.4210911851151064, 0.46988749234398436, 0.5936970985102332, -0.19099505960065166, -0.23744653330336998, -0.27594187373253803, -0.056695651541870395, 0.5614699390053959, -0.6186107091309666, -0.08295321803061403, -0.025736182870432372]], "inverted": false, "swapped": false, "error_lsq": 0.04446723950758191, "error_max": 0.22788664253589594, "target": "1050.xyz", "model": "13.xyz", "model_rescale": 4.170626492500431, "target_rescale": 3.916722658875457},
{"mapping": [4, 6, 7, 12, 8, 0, 2, 11, 9, 10, 3, 5, 13], "R": [[-0.27348010773048587, 0.9525225430210397, 0.13382613986980924], [-0.2895600338312908, -0.2142029512472091, 0.9328837454284471], [0.9172587516526314, 0.21637444561157776, 0.3343927059655142]], "T": [-0.12986261937419907, 0.016858469036981974, -0.021755140348367605], "aligned_model": [[0.260325991072608, 0.4739094585018633, -0.7237912725365857, 0.39859786608333103, -0.10107289201403036, -0.6018681206252408, -0.13945926759889185, 0.17211389143101202, -0.45055129631645163, -0.1685649420187596, -0.2550389736527942, 0.7447345709177106, -0.053315019348997544], [-0.5165171362814078, 0.0283626098972925, 0.03160272606003438, 0.17262731513663998, -0.18169683879338538, -0.347077836594913, -0.5306514388688142, 0.6025892715731966, 0.7593294818503048, 0.4063591066106196, 0.1794755387621299, 0.2591044443922025, 0.07132975363779938], [0.23578406544727765, -0.6072602212403916, 0.5300248563227328, 0.46008684939613925, 0.6932995667446203, 0.003136198700452994, -0.38654682381193356, -0.277468387978086, -0.06868067792509334, 0.3845940795677969, -0.6800561151261735, -0.08189223799966652, -0.06086888522205524]], "inverted": false, "swapped": false, "error_lsq": 0.05431867428026272, "error_max": 0.2834729455385847, "target": "1050.xyz", "model": "14.xyz", "model_rescale": 3.9786697098870705, "target_rescale": 3.916722658875457},
{"mapping": [5, 6, 9, 8, 4, 3, 1, 11, 7, 10, 0, 12], "R": [[-0.07508575696427683, 0.9497585425287773, 0.30384344652257056], [0.5998681049251293, -0.20038306600834876, 0.7745998215534442], [0.7965678789623867, 0.24042740640514837, -0.554683942849131]], "T": [-0.04285850160173132, 0.030582086725293795, -0.07970371711139308], "aligned_model": [[-0.17845867546744595, -0.7569990014130193, 0.6721931541689525, 0.5693701781569518, 0.07191635867879753, 0.3460685805684085, -0.4361711574664879, -0.01601401696640809, 0.5124475701058055, 0.12842853087702236, -0.4552010312655993, 0.025774106790358763], [-0.4630341197602328, -0.21812665073088994, 0.13894664642953933, -0.5506592880156267, 0.5595410406569691, 0.5693087292272144, -0.23031810188493226, 0.25845628906864543, -0.026368903361218107, -0.5138867804576239, 0.515426075278712, -0.024610446226116963], [-0.5609541363950851, -0.16554689806669837, -0.4563668042638574, -0.2829969847657303, -0.48249892593967286, 0.13526301954298653, 0.5448509090796799, 0.5914164586213639, 0.32276255030326395, 0.23897740284845242, -0.11908484993637933, -0.10585524715449339]], "inverted": false, "swapped": true, "error_lsq": 0.04761852106305279, "error_max": 0.2052477407155384, "target": "1050.xyz", "model": "15.xyz", "model_rescale": 3.769337070930944, "target_rescale": 3.916722658875457},
{"mapping": [5, 6, 9, 4, 8, 10, 7, 1, 3, 0, 12], "R": [[0.33090667674151975, 0.7610426821370255, -0.5579559187369252], [0.0004314122677547827, 0.5911437068860849, 0.8065661359692919], [0.9436633855201435, -0.2671388286540566, 0.19528507637297846]], "T": [-0.07027992142237738, 0.008213170943344165, 0.043695010562825154], "aligned_model": [[-0.3151557157421353, -0.4165053063619769, -0.019053089716656924, -0.5184444566585233, 0.3240097295894493, 0.471443046553356, 0.5494403985712305, 0.29483706903419016, 0.08971496418658648, -0.5051910103400882, -0.03246949842426117], [-0.2044546318006138, -0.667540845269843, 0.754634636693273, 0.49155116561911893, 0.26951278034158693, -0.22663018704836183, 0.3044880482260295, -0.6315884549136586, 0.5292307621470429, -0.06671808390331582, 0.043579307534083934], [-0.5795662376715154, -0.00832646259455827, -0.28056975259320804, 0.187735824262606, -0.6844889153354683, -0.23689022465177256, 0.0855909176651463, 0.3086019708481034, 0.48032262614602966, 0.5040085780492509, -0.03220071690083645]], "inverted": false, "swapped": true, "error_lsq": 0.04920347149724145, "error_max": 0.23102363354022684, "target": "1050.xyz", "model": "16.xyz", "model_rescale": 3.7852294659196426, "target_rescale": 3.916722658875457},
{"mapping": [5, 10, 3, 7, 1, 0, 4, 11, 8, 2, 9, 6, 12], "R": [[0.3766088414174449, -0.6703059946436978, -0.6394182153418315], [-0.9025108328780762, -0.1098354807168685, -0.4164257001115754], [0.20890183604729554, 0.7339114665410382, -0.6463234346483588]], "T": [-0.08821810827719537, 0.07160215613984591, 0.053379118142188924], "aligned_model": [[0.3264394157279501, 0.30760119365655025, -0.780087652429627, 0.49273627513031815, -0.09955535833842874, -0.5947052144010865, -0.09096481886384417, 0.19441345746061608, -0.47996500083659055, -0.12856053933628378, -0.30122938196787874, 0.7727604265512389, -0.06286280845816083], [-0.4050949241940762, -0.07925156733760713, -0.04139199506287147, 0.2702387172660906, -0.24788116295639692, -0.22162202181107601, -0.6224584946555947, 0.7384034426465816, 0.5558718868216884, 0.4227358222936305, 0.3924403568618119, 0.06737057430392904, 0.10547636320558956], [0.2351153059183697, -0.6320589239949618, 0.4289376712745066, 0.39170222725529213, 0.6633430759522934, -0.29767294143583667, -0.08825051748523582, -0.06249804438273999, -0.1369445833977475, 0.5525430769572401, -0.7205400195912087, -0.1613097082597298, -0.02821435193462172]], "inverted": true, "swapped": false, "error_lsq": 0.04868959025349174, "error_max": 0.2845784665921493, "target": "1050.xyz", "model": "17.xyz", "model_rescale": 3.901054581598922, "target_rescale": 3.916722658875457},
{"mapping": [12, 2, 6, 9, 11, 1, 0, 5, 4, 10, 8, 13, 14], "R": [[-0.17672129924408314, 0.972085882907381, 0.15433281778565916], [-0.7184563135125109, -0.23457538330377053, 0.6548243391337116], [0.6727481757444582, 0.004840020668074874, 0.7398557063593122]], "T": [-0.050734059212279886, 0.02728811588069844, -0.012641108810148894], "aligned_model": [[0.32242666726742375, 0.3878849195357056, -0.5952918582517309, 0.40374869459091445, -0.05723569389024259, -0.6622364122168827, -0.18337268090347705, 0.35457040487352043, -0.6611946299740176, -0.20190052595698837, -0.20468078828917302, 0.671422509393118, -0.018120612283396655], [-0.4653064594870092, -0.005610478428823805, -0.1896184001376565, 0.32641747409511046, -0.060533072215292326, -0.23087090986316158, -0.5265437545923145, 0.46694068364128916, 0.5249695015438737, 0.6799304807216813, 0.41135061771755205, -0.010408891509641943, 0.01412020589609254], [0.39976252915714516, -0.7128333509570042, 0.45654340935325877, 0.3590532210954781, 0.7804390615349425, -0.22501893046921828, -0.5138214892957668, -0.192974017757079, -0.0849259607463868, 0.46028636033871695, -0.531500098738256, -0.08025045989761945, 0.02939199325740881]], "inverted": false, "swapped": false, "error_lsq": 0.04129201235272454, "error_max": 0.22227280731462665, "target": "1050.xyz", "model": "18.xyz", "model_rescale": 3.9405287249114394, "target_rescale": 3.916722658875457},
{"mapping": [2, 3, 8, 11, 5, 0, 1, 13, 7, 9, 12, 14, 15], "R": [[-0.7639065356870077, 0.14434515638899598, -0.6289763752015735], [0.3254240037643185, -0.7554968086873766, -0.5686156785010331], [-0.5572665632430095, -0.6390532433923058, 0.5301555711308702]], "T": [-0.07239923373596105, 0.10220602377072273, -0.08818232214602767], "aligned_model": [[0.22696904137656868, 0.44081438594596567, -0.6593795526508054, 0.4300247819100993, -0.12678506315734675, -0.6663364732252679, -0.14191910394929438, 0.1704763102428038, -0.5342097546975278, -0.14207256609091562, -0.012478674612511537, 0.6200510595935412, -0.04913439679053598], [-0.5824635115335275, -0.33600991961185467, -0.0753764879856615, 0.35296413768912105, -0.15472737912911028, -0.21012124540005472, -0.4967605835949275, 0.7285612761777269, 0.578928280129141, 0.5275759410453426, 0.17776364899832298, 0.3484405311167566, 0.07606230948042425], [0.35558737746792435, -0.6078044564053926, 0.354751885452435, 0.3633746274251099, 0.7006713086317786, -0.23772994143867127, -0.3563714622800807, -0.09270042917708127, 0.14653555523677286, 0.5468105181229583, -0.6274778200631634, -0.33235463985654884, -0.069140256240421]], "inverted": true, "swapped": false, "error_lsq": 0.048078960920935, "error_max": 0.30693820798585875, "target": "1050.xyz", "model": "19.xyz", "model_rescale": 4.410303926677745, "target_rescale": 3.916722658875457},
{"mapping": [2, 1, 6, 12, 4, 3, 0, 9, 10, 11, 8, 7, 13], "R": [[-0.990722066781677, 0.1139792402019828, 0.07401701962941393], [-0.06848045112109047, 0.05175280602226873, -0.9963092265371597], [-0.11738915710615813, -0.9921342549634097, -0.043467297156662366]], "T": [-0.07636357093091645, 0.023785074261939793, -0.0335583864351774], "aligned_model": [[0.28881288947116074, 0.2992613743657372, -0.4755651502032218, 0.46627749731462503, 0.021126262393836998, -0.707779540439033, -0.2503909653838039, 0.02169920134369689, -0.5782257244618012, -0.28378888703093075, 0.20750791035873922, 0.6177707180570471, -0.07068559189127915], [-0.4878613888137817, -0.297153030319124, -0.13152430540794638, 0.41990956463485507, -0.13668176499345155, -0.27219933274821095, -0.6570084999075786, 0.7023020468137281, 0.648962258097792, 0.47979951067826987, 0.5534191306026212, 0.025028396150162495, 0.08784441259436364], [0.17494287817587106, -0.5983809467770912, 0.3576230534000875, 0.31184137683733126, 0.6445562948035775, -0.232731175639379, -0.17282054163957936, 0.028531366677451965, -0.2136191558205363, 0.626864884289277, -0.5131022633451149, -0.19176460617248553, -0.07778889791378998]], "inverted": true, "swapped": false, "error_lsq": 0.05008922865851648, "error_max": 0.35926104188136515, "target": "1050.xyz", "model": "20.xyz", "model_rescale": 4.121658175737393, "target_rescale": 3.916722658875457},
{"mapping": [10, 11, 6, 2, 6, 8, 9, 3, 5, 1, 7, 4, 12], "R": [[-0.8890816997140903, -0.457721432811518, 0.0049820857555056], [-0.2853939136907002, 0.5457761932795335, -0.7878316196228776], [0.3578883139497703, -0.7018685324149192, -0.6158705366746475]], "T": [-0.07269283812655761, 0.10920695449490467, -0.008808438831246362], "aligned_model": [[0.2575356898646536, 0.46863231687492424, -0.241033282629929, 0.4040297193625396, -0.241033282629929, -0.6984418604495386, -0.2287151871878146, 0.2717225140597199, -0.6169065827807392, -0.1921050378674708, -0.04067414212199534, 0.4985728830141901, -0.08556375361383775], [-0.5688141660118264, -0.1291732578677786, -0.187266922469039, 0.3033453438383784, -0.187266922469039, -0.13307111967995533, -0.47558704933871065, 0.6729055290065743, 0.464568706469201, 0.5979516642273767, 0.31384135021138837, 0.06905024241588523, 0.19435359904924465], [0.19096523589730177, -0.6605069535276682, 0.5447159030856066, 0.5490961436676736, 0.5447159030856066, 0.04986522223098193, -0.4042017554848014, -0.2238960610225144, -0.21240842741173796, 0.4699860904347013, -0.6598980078562007, 0.025462777246704354, -0.06974380347003356]], "inverted": true, "swapped": false, "error_lsq": 0.05780436247578018, "error_max": 0.4196234838767775, "target": "1050.xyz", "model": "21.xyz", "model_rescale": 4.08911054899281, "target_rescale": 3.916722658875457},
{"mapping": [15, 8, 3, 9, 14, 4, 1, 10, 7, 12, 6, 5, 16], "R": [[0.42368556404501123, -0.8700268235536908, -0.2520790929786443], [-0.5685934348154003, -0.47208257360368183, 0.6736761459221707], [-0.705118464305599, -0.14209634054682616, -0.6947061114590215]], "T": [-0.0590492984662843, -0.011924047050159148, -0.031622294043796934], "aligned_model": [[0.18789856695042995, 0.32035799234819295, -0.6342833679662322, 0.42186757962143145, -0.06262596445913729, -0.7200945682055995, -0.04024547470089741, 0.22492637876775629, -0.3811076058696506, -0.1741021085761353, -0.06501691110022255, 0.5829236563438914, -0.10447817925905403], [-0.6121998150068021, -0.1220716713635937, -0.13794132060389502, 0.2916927565500365, -0.06644451306336485, -0.23378139293810224, -0.6452909228576154, 0.7422017205430292, 0.5998325029815257, 0.5062208192774649, 0.3475136799052592, 0.26791567828675916, -0.0028105243290019715], [0.30033067260112467, -0.6014289512486759, 0.606738290067636, 0.39742712560909577, 0.6077815784758667, -0.022100986434406517, -0.5096298233859005, -0.07390172883648574, -0.1984412322230197, 0.4814646911918846, -0.6845641265158344, -0.11700090590776456, -0.042522336517900244]], "inverted": true, "swapped": false, "error_lsq": 0.039416970631705205, "error_max": 0.19262813886298935, "target": "1050.xyz", "model": "22.xyz", "model_rescale": 4.204369325754507, "target_rescale": 3.916722658875457},
{"mapping": [2, 3, 8, 11, 5, 0, 1, 13, 7, 9, 12, 14, 15], "R": [[-0.7639065356870077, 0.14434515638899598, -0.6289763752015735], [0.3254240037643185, -0.7554968086873766, -0.5686156785010331], [-0.5572665632430095, -0.6390532433923058, 0.5301555711308702]], "T": [-0.07239923373596105, 0.10220602377072273, -0.08818232214602767], "aligned_model": [[0.22696904137656868, 0.44081438594596567, -0.6593795526508054, 0.4300247819100993, -0.12678506315734675, -0.6663364732252679, -0.14191910394929438, 0.1704763102428038, -0.5342097546975278, -0.14207256609091562, -0.012478674612511537, 0.6200510595935412, -0.04913439679053598], [-0.5824635115335275, -0.33600991961185467, -0.0753764879856615, 0.35296413768912105, -0.15472737912911028, -0.21012124540005472, -0.4967605835949275, 0.7285612761777269, 0.578928280129141, 0.5275759410453426, 0.17776364899832298, 0.3484405311167566, 0.07606230948042425], [0.35558737746792435, -0.6078044564053926, 0.354751885452435, 0.3633746274251099, 0.7006713086317786, -0.23772994143867127, -0.3563714622800807, -0.09270042917708127, 0.14653555523677286, 0.5468105181229583, -0.6274778200631634, -0.33235463985654884, -0.069140256240421]], "inverted": true, "swapped": false, "error_lsq": 0.048078960920935, "error_max": 0.30693820798585875, "target": "1050.xyz", "model": "23.xyz", "model_rescale": 4.410303926677745, "target_rescale": 3.916722658875457},
{"mapping": [5, 13, 2, 9, 4, 0, 12, 11, 1, 10, 7, 14, 16], "R": [[-0.11989818732689539, -0.34880863181428917, -0.9294928526070381], [-0.9742738135250919, 0.22129929309463123, 0.042628149796719084], [0.1908270446110816, 0.9106915840435007, -0.3663685000069467]], "T": [0.08175545787738639, 0.09000284275445317, 0.047795539753076474], "aligned_model": [[0.06242536171487881, 0.3377198369816147, -0.6260328419002875, 0.5186687053874945, -0.1871209633250164, -0.5711118201083737, -0.13637041921600443, 0.2532754679288106, -0.5489578521298663, -0.024956763126110365, -0.20444680266926005, 0.7153092035555816, -0.0323811191986883], [-0.5011501095895751, -0.11270309780906593, -0.37245030254508993, 0.40783185532217425, -0.09854002100455023, -0.22658399738054205, -0.5673276809293606, 0.6646017865035888, 0.644597735968623, 0.5645644150026469, 0.23817199737923425, 0.18212202738416475, 0.11170238907945065], [0.26172676175028736, -0.5747630214435253, 0.39140398301192497, 0.3648310528250076, 0.6528091194668648, -0.1617823719527402, -0.36026514097896856, -0.1550305596648726, -0.1281606325478592, 0.4804475503914627, -0.5336380887532778, -0.17191722085704714, 0.07849083562836362]], "inverted": true, "swapped": false, "error_lsq": 0.040288354354581904, "error_max": 0.26544164597098846, "target": "1050.xyz", "model": "24.xyz", "model_rescale": 4.28219845311461, "target_rescale": 3.916722658875457},
{"mapping": [1, 7, 6, 5, 8, 2, 4, 12, 14, 10, 13, 9, 15], "R": [[0.08767277017803149, -0.9791401987875605, 0.1832974535763292], [-0.012890090541879506, 0.18287548704360157, 0.9830515763704302], [-0.9960659270023908, -0.0885495757009711, 0.0034119947312037102]], "T": [0.013562700149084332, 0.025651265731809585, -0.03963315736573822], "aligned_model": [[0.2120248981621722, 0.38999941137917676, -0.6979340279677444, 0.5762131313978444, -0.02406537564382282, -0.6240587407962946, -0.05379539369662357, 0.061287507156376646, -0.5203221687861411, -0.25614976624098473, -0.11047234957716165, 0.6359175921422293, -0.032624723634252846], [-0.44687232178162695, -0.14456885851386925, -0.07671762136857185, 0.08893247725492487, -0.015212602969138948, -0.040680192034739986, -0.6142711477138025, 0.731019781507755, 0.5660913260181356, 0.4787438134396572, 0.20571270700225355, 0.23444320901336824, -0.03178357247264606], [0.34404849980582464, -0.6990772546858087, 0.5039569012205998, 0.5965277196126348, 0.6523641902272557, -0.2800890995780744, -0.38692376332726974, -0.33048965115809026, 0.015467775968990183, 0.553382143881435, -0.5920004633714636, -0.2007355990349473, -0.03227913268546629]], "inverted": false, "swapped": false, "error_lsq": 0.04720562085092035, "error_max": 0.3106759670911717, "target": "1050.xyz", "model": "25.xyz", "model_rescale": 4.100010024507729, "target_rescale": 3.916722658875457},
{"mapping": [11, 7, 9, 8, 0, 4, 3, 5, 10, 6, 1, 12], "R": [[-0.9525137269591991, 0.2696340307513259, 0.14147469531718174], [-0.19461110683287172, -0.8964177087764135, 0.3981982025189587], [0.23418820860918885, 0.3517567069052672, 0.9063239498631718]], "T": [-0.016548500188767017, 0.15630103773424145, -0.05087846379571772], "aligned_model": [[-0.6425089256311511, -0.09223898378843814, 0.48347787451470586, 0.6671805036546299, -0.389037821425384, 0.0642495766782191, -0.31634181581947607, 0.559531357173422, 0.08163527912041013, -0.08660960077096697, -0.5101270457525309, 0.05755520440956711], [-0.17520996259701774, -0.5003484126294613, -0.09251261657789286, -0.37751981797650236, 0.6547746645713836, 0.5087866876993095, -0.04917422450898712, 0.3546864477440162, -0.3569540761315213, 0.6258832354415881, -0.028427710352520175, 0.10214717536824497], [-0.014497546216868544, 0.1406151261316508, 0.5432446038192844, -0.09016698648261431, 0.08850115286710011, 0.5187182014817616, 0.545448001291844, -0.40076638807307413, -0.44365369801612864, -0.6456941857263335, -0.629746103041831, -0.046809888180434266]], "inverted": false, "swapped": true, "error_lsq": 0.04920363573448936, "error_max": 0.31351349216325525, "target": "1050.xyz", "model": "26.xyz", "model_rescale": 3.6694154284099745, "target_rescale": 3.916722658875457},
{"mapping": [6, 12, 5, 2, 0, 7, 3, 10, 8, 4, 9, 11, 13], "R": [[-0.025965588641025994, -0.7779503440654695, 0.6277890174054838], [-0.5534390841275764, 0.5341643999173751, 0.6390411364074617], [-0.8324848156972923, -0.3308498995455921, -0.4444180189912614]], "T": [-0.10447146103456348, 0.06567984532340705, 0.03454939181900779], "aligned_model": [[0.24355031369245952, 0.5030280870939854, -0.7136274416004006, 0.49336571999548884, -0.075813022302123, -0.600573336382282, -0.17630033548816543, 0.06359472908217859, -0.5437399666220656, -0.11670882582001506, -0.1112355538054964, 0.6456789146916037, -0.05519928864039452], [-0.5174017433411603, -0.2406490611306888, -0.13064787002123596, 0.10692323995892426, 0.0037407331787071424, -0.22854109702170117, -0.5214761656777949, 0.6341649517783681, 0.5203312879996118, 0.7015616852269676, 0.21311402761181902, 0.32419191853273327, 0.06952509028714922], [0.13498413222614442, -0.3739107818230453, 0.4996976684465541, 0.3555156417274089, 0.6920260708041157, -0.21733449230317425, -0.5158319776634881, -0.06776951831578296, -0.05868385386844824, 0.55515970930503, -0.6310938642966732, -0.291979919343249, 0.0633734519802283]], "inverted": false, "swapped": false, "error_lsq": 0.051489650607013285, "error_max": 0.3299964255754817, "target": "1050.xyz", "model": "27.xyz", "model_rescale": 4.103607728864725, "target_rescale": 3.916722658875457},
{"mapping": [10, 13, 5, 3, 9, 7, 11, 2, 1, 0, 4, 12, 14], "R": [[-0.07531087764937233, 0.9886923836862873, 0.12967514082663922], [-0.20135791924961577, -0.14244398418444387, 0.9691051025173314], [0.9766182775594294, 0.04687303926981207, 0.2098086226218173]], "T": [0.0012328839736381672, -0.10655633147381209, 0.015130946379709919], "aligned_model": [[0.3119659284912254, 0.24515117267630418, -0.6323247004008704, 0.43245676219464313, -0.15033994793069203, -0.6945428135013342, -0.13379796976543756, 0.21773299957949035, -0.5418614619460782, -0.1703545085231329, -0.03408685345205579, 0.7583680907707493, -0.05234670429803827], [-0.3958380813140376, -0.17435909928858012, -0.10023455791173867, 0.3838294671379802, -0.2733262193653732, -0.15102643419625433, -0.6834057882176453, 0.5734639174121157, 0.6055030174614198, 0.44487866641836743, 0.4384642604566806, 0.22802038504083738, 0.0388674637479277], [0.29715279049814103, -0.5813413380281415, 0.38078820781784456, 0.3853992112076848, 0.8021108744427637, -0.16925949353097164, -0.33282394473712484, -0.16381280813509508, -0.014548121982324708, 0.4348557977019278, -0.7082737520114694, -0.21311961006935462, 0.0270244537017398]], "inverted": true, "swapped": false, "error_lsq": 0.039038319436317206, "error_max": 0.26322837208620076, "target": "1050.xyz", "model": "28.xyz", "model_rescale": 4.137296879288765, "target_rescale": 3.916722658875457},
