[{"mapping": [5, 0, 4, 1, 2, 10, 7, 9, 3, 6, 8, 11], "R": [[-0.02352618617043073, -0.8666575619221493, 0.49834846134751004], [-0.7973466870583319, 0.316968089249207, 0.5135849404283674], [-0.6030628318851836, -0.3852737997332068, -0.6984835860904393]], "T": [0.014648984348379829, -0.018356503611633393, 0.0447606947901454], "aligned_model": [[-0.48325190588488, -0.026451493503023393, 0.7107009001073177, -0.5513726689378917, 0.03811809491198889, -0.031077214904051687, -0.8380104067523522, 0.11270950996777412, 0.6178004775397474, -0.4542861071758343, 0.17480216659219214, -0.008632250784817108], [-0.33099908168412634, 0.126885257347932, 0.1106468408933892, 0.37849867233951195, 0.7433154454562879, -0.6959910445945242, -0.42342089463434734, -0.2574660957039121, -0.310704636569919, 0.10624881218088554, 0.4276817161415979, -0.01788310366076675], [-0.5409317624013581, -0.5552451181777392, -0.3441073219177958, -0.11017805714369529, -0.21611339062051804, 0.02280871233527819, 0.11890994805098161, 0.5948217465950132, 0.20215624810647448, 0.583024461607475, 0.467258452686869, -0.020737517943193062]], "inverted": true, "swapped": false, "error_lsq": 0.05451371246806775, "error_max": 0.32299280299814925, "target": "1051.xyz", "model": "0.xyz", "model_rescale": 3.751011558992144, "target_rescale": 3.7363730180105663},
{"mapping": [7, 0, 2, 12, 13, 1, 6, 4, 8, 11, 5, 14], "R": [[0.9510120304735449, -0.04292767650974261, 0.30615899869848745], [0.07218944784373832, -0.9321004405826849, -0.3549330250703376], [0.30060738765805767, 0.359647025922695, -0.883339807339372]], "T": [-0.04535753098048908, 0.02525799926090029, 0.0974581913942848], "aligned_model": [[-0.5144023853160006, 0.1053518453223718, 0.6168200675654348, -0.5747391264304276, 0.11276053659052801, -0.08284762131985338, -0.6427650699289121, 0.15328123411891495, 0.5605522336732701, -0.7748129308445519, 0.38453612412336186, -0.08268580637796613], [-0.19402240786842107, -0.2497630867948742, 0.29712180607574573, 0.44637056104457923, 0.7111118603160188, -0.6334697104534106, -0.4166314748365011, -0.5522284665980544, -0.21281302783167522, 0.18648760830306976, 0.40931537511708793, 0.06533285103844365], [-0.31677610398433564, -0.5933055921226207, -0.3164850420522856, -0.20977859153392509, -0.0817214845848066, -0.12694735001840157, 0.2049926991564504, 0.600077324196973, 0.22635270367539434, 0.3778700700726769, 0.3378275412447401, 0.09956022712793153]], "inverted": true, "swapped": false, "error_lsq": 0.044434226571531205, "error_max": 0.28140943794920853, "target": "1051.xyz", "model": "1.xyz", "model_rescale": 3.9405287249114394, "target_rescale": 3.7363730180105663},
{"mapping": [11, 6, 7, 10, 3, 0, 5, 2, 1, 8, 4, 12], "R": [[0.7239624522645262, 0.6433744639219328, -0.2488928823496161], [0.6815040414846953, -0.7229586459095982, 0.11350347018742238], [-0.10691402691490345, -0.251793755835458, -0.9618572115294003]], "T": [-0.06394266786586286, -0.004278052824044792, 0.02559290282502768], "aligned_model": [[-0.5943352614013825, 0.06292564765874323, 0.5596731480185902, -0.6591280220278811, -0.00655020033800674, 0.1255170781756453, -0.49335483636146416, -0.107199045066324, 0.5945877732223518, -0.4353969352450756, 0.2728616378045876, -0.05855188326361457], [-0.21025574000059638, -0.13923191346124172, 0.3258509099021727, 0.5639151415806167, 0.5162944480424001, -0.7808513400295588, -0.5809177497760417, -0.4668175416662041, -0.30247225011479756, 0.5201898289995706, 0.4447406234782474, -0.033632529442558456], [-0.4032091239253672, -0.48533525201133365, -0.33638504581856143, -0.15987409514396403, -0.20355782176822004, -0.22732788023676131, 0.13127227556996557, 0.52394592490349, 0.34908047788866287, 0.4587729327098148, 0.44587948350111045, 0.10840452550895566]], "inverted": false, "swapped": false, "error_lsq": 0.05287460355959439, "error_max": 0.29131700651451964, "target": "1051.xyz", "model": "2.xyz", "model_rescale": 3.932901565614263, "target_rescale": 3.7363730180105663},
{"mapping": [1, 3, 8, 10, 9, 0, 2, 4, 7, 6, 5, 13], "R": [[0.8917622437308775, -0.24507132074912602, -0.38039472709588207], [-0.3581945760058069, 0.13137557347646867, -0.9243576712581282], [0.2765081307594621, 0.960562598917951, 0.029372558347890133]], "T": [-0.03859628622646297, 0.037066292947363695, -0.11776065167932634], "aligned_model": [[-0.6398402667726337, 0.17802746219320387, 0.4949553600868526, -0.595436019421779, 0.4062911703839557, -0.07942897906595847, -0.5567287035153364, 0.016558979738380553, 0.6003812032135895, -0.5188103827785635, 0.038683538256662056, -0.08360426114220326], [-0.3083731435642026, -0.22506144510581677, 0.2926165620695433, 0.46992468478805377, 0.585515518627363, -0.631689897791256, -0.46142312938561475, -0.469117606118265, -0.05198198226823649, 0.1919814070734249, 0.34061187555653843, 0.12380904363047684], [-0.3784249807919249, -0.4986132198011065, -0.5522758139002105, -0.24309446375449342, 0.08490048714745432, -0.11081963682172916, 0.303246411390668, 0.5921422723186246, 0.18805092432321294, 0.34276946630398, 0.5293000824569531, -0.05551512769363683]], "inverted": true, "swapped": false, "error_lsq": 0.05315789404342854, "error_max": 0.3767759244603175, "target": "1051.xyz", "model": "3.xyz", "model_rescale": 3.9243930471874484, "target_rescale": 3.7363730180105663},
{"mapping": [9, 1, 2, 8, 4, 5, 11, 6, 0, 10, 3, 12], "R": [[0.3133480897830257, -0.6923145608301152, -0.6500104026028612], [0.9344755722900339, 0.34662045414323844, 0.0812998497092638], [0.16902183120100966, -0.632893995572829, 0.7555639026219539]], "T": [-0.1578835070012113, 0.034938156397931235, -0.006826807397657189], "aligned_model": [[-0.6971737340521087, 0.10901740807220489, 0.6696496174161963, -0.5556315155720182, 0.0225871396934198, 0.18698746049957415, -0.7299211506355583, -0.04431360760657568, 0.6480239333071898, -0.5652020800099952, 0.2982786286272692, -0.08125299856342813], [-0.19989393043359985, -0.2568379522786912, 0.4100398025931135, 0.43233954722353535, 0.6001863823146923, -0.6385529916241753, -0.44439934786845603, -0.34396030455769605, -0.22038893395054077, 0.3676507017607643, 0.2059596122742152, -0.055330697941152966], [-0.3963230638348847, -0.6016300554730065, -0.16714578109449002, -0.2900317246643957, -0.02391651832710842, 0.026290998776972094, 0.25612294570443805, 0.5973704691384589, -0.09979792092404378, 0.46277053262801326, 0.45752342466160867, -0.019566905413770132]], "inverted": false, "swapped": false, "error_lsq": 0.047149121587122804, "error_max": 0.25335137961354975, "target": "1051.xyz", "model": "4.xyz", "model_rescale": 3.8936222436046832, "target_rescale": 3.7363730180105663},
{"mapping": [0, 1, 5, 9, 6, 2, 3, 10, 4, 8, 7, 11], "R": [[-0.8433242635793267, 0.4596859841759594, 0.2783756138934704], [0.14737240800454718, -0.3003224591372661, 0.9423841010419727], [0.5168032118875889, 0.8357602625693119, 0.18552418627431605]], "T": [-0.10840582331633664, 0.021622884539712083, 0.08763047239851024], "aligned_model": [[-0.6337659733499456, 0.04388307483044421, 0.6170684027208964, -0.5741443588179391, 0.13187199272817743, -0.008428016453624593, -0.5703336907532073, 0.037516383123699815, 0.5796904832205839, -0.6105304932668051, 0.20438076673599492, 0.043840530457894794], [-0.3953562850529542, -0.05017158037812008, 0.2675644804920858, 0.3417333032486002, 0.7293007457279178, -0.7033578611856943, -0.3085462621209336, -0.3143861355038293, -0.37474532774249303, 0.23096665467860483, 0.40819690336057285, 0.025613251988251838], [-0.48929534073476916, -0.6964373903974663, -0.17764435826384406, -0.16267510125917056, -0.1881724355061763, -0.059222588129619724, 0.17647309842788172, 0.6026761476566518, 0.09397965575608365, 0.5875392921466636, 0.5029286838612841, 0.011516737620272707]], "inverted": false, "swapped": false, "error_lsq": 0.03974296477684032, "error_max": 0.2029426849924598, "target": "1051.xyz", "model": "5.xyz", "model_rescale": 3.6523030999806103, "target_rescale": 3.7363730180105663},
{"mapping": [2, 1, 5, 6, 8, 3, 4, 11, 7, 10, 9, 12], "R": [[-0.12436520718344668, -0.9826765528823846, -0.13740483127391157], [-0.9368912225104589, 0.16189982639029915, -0.30987623884003895], [0.3267539325319227, 0.09019555770648972, -0.9407957424143345]], "T": [-0.042130405266078017, 0.027236428083817363, -0.028462995412993984], "aligned_model": [[-0.6398999665429432, -0.13286424825300525, 0.5505532033100834, -0.4682781975930573, 0.17015363954540302, 0.1433788057601773, -0.40263203757797106, 0.03694466143965934, 0.49546519044207704, -0.6389270688558664, 0.10418325678963929, 0.04297186271197356], [-0.30626541021175535, -0.05194265968211097, 0.17366276793085111, 0.47543152493684665, 0.6616107480504123, -0.627258153302523, -0.37246272456650764, -0.4079215367766612, -0.2878075058861355, 0.23543379096869238, 0.3941513385794513, -0.02982029252855127], [-0.3565783862032699, -0.7124753547975459, -0.3304381551710189, -0.22882186425551593, -0.1072526467124382, -0.1694022678260268, 0.17005844523760746, 0.732427064046944, 0.2518160705928594, 0.42887784256550293, 0.5770356717469494, -0.053580018046255694]], "inverted": false, "swapped": false, "error_lsq": 0.0478468857776543, "error_max": 0.2880294153044898, "target": "1051.xyz", "model": "6.xyz", "model_rescale": 4.08911054899281, "target_rescale": 3.7363730180105663},
{"mapping": [2, 7, 5, 3, 4, 13, 1, 11, 12, 9, 8, 14], "R": [[-0.13877151537648644, 0.9323689218189628, 0.3338123127541263], [-0.8564147175757575, 0.0562766359337069, -0.513212209293213], [-0.4972889482380935, -0.35710101354396917, 0.7906848728071891]], "T": [-0.04002308822751166, 0.01164936387156996, 0.015079136509618313], "aligned_model": [[-0.5065363019095143, 0.15147937073328344, 0.6086679127618856, -0.5189194346952823, 0.15304015499356072, 0.04761527123113947, -0.6172188951959557, 0.07442516276355805, 0.5387698530300753, -0.5412399745678022, 0.004546203762625253, -0.13358022173140344], [-0.3975774566953755, -0.20384596232526878, 0.23911163372117533, 0.6375101144564335, 0.6672274089154353, -0.7097818569770062, -0.4014575464913775, -0.2770357626683036, -0.3961113871172404, 0.16350344423497146, 0.5369007127198473, -0.0016314542612818738], [-0.49973964139190075, -0.7033758287712529, -0.31349677650526975, -0.058460284775470744, -0.15752880269272404, -0.07296081969182797, 0.19983232290655564, 0.5131690465829896, 0.0971268001852528, 0.5984137566309689, 0.4478303029200015, 0.15085632578046973]], "inverted": false, "swapped": false, "error_lsq": 0.04712749942470842, "error_max": 0.26689933125375914, "target": "1051.xyz", "model": "7.xyz", "model_rescale": 3.964800864290218, "target_rescale": 3.7363730180105663},
{"mapping": [5, 10, 11, 3, 6, 8, 1, 7, 12, 0, 4, 13], "R": [[-0.4258543350347629, -0.6880028128147138, -0.5876225105381361], [0.5775542126704769, -0.7066310590085861, 0.40878316730387737], [-0.6964762858552225, -0.16530177253570522, 0.6982808226192873]], "T": [-0.06817691875656816, 0.026129907709453976, 0.08123189663390046], "aligned_model": [[-0.5151655311664021, 0.006744493355371209, 0.6343172587919459, -0.5799718887943415, 0.018704506133002008, -0.0399081961717989, -0.5695248842950869, 0.020837179378189755, 0.5858267164031121, -0.6201481383541073, 0.3822523623215661, -0.06291477642528033], [-0.3463237975760285, -0.07450731175406958, 0.3413067957243143, 0.43965940307215945, 0.5904751846646169, -0.701759214958949, -0.4002004509022462, -0.5039326752429807, -0.29054275454556244, 0.3778345812169438, 0.46039678754980595, -0.035594659735995494], [-0.5192263789885001, -0.7307982413985714, -0.2258491745270963, -0.2237631210491885, -0.021100158784219072, -0.16460521576316756, 0.44180440522101144, 0.5480973091981229, 0.28780538831861174, 0.37242078359859654, 0.40313115856999515, 0.03374964678219674]], "inverted": true, "swapped": false, "error_lsq": 0.045189512318932056, "error_max": 0.20561806909121244, "target": "1051.xyz", "model": "8.xyz", "model_rescale": 4.121658175737393, "target_rescale": 3.7363730180105663},
{"mapping": [11, 7, 9, 8, 6, 10, 3, 0, 5, 2, 1, 12], "R": [[0.7707160936851843, 0.5146474243463305, -0.37567902729369684], [-0.4282732965406229, 0.854962891681322, 0.29260970133975334], [0.47178245665229845, -0.06462571053071692, 0.8793434091033616]], "T": [-0.024116935904740275, -0.0069962716849163945, -0.007607962353081234], "aligned_model": [[-0.4532693541313595, 0.07909365682231605, 0.6387000929202488, -0.5003511915176507, 0.07255211784783767, -0.09114962349445183, -0.6416986646935876, 0.17549167210066652, 0.4374711605540573, -0.5218030653075004, 0.07267911162028416, -0.006666811544690902], [-0.2787407379619284, -0.03655879571181841, 0.37287038276283563, 0.4567545305011227, 0.6733644371641885, -0.762667059417912, -0.4188828861712757, -0.3093871180523849, -0.4158634754233243, 0.19578478258469573, 0.34203454666347566, 0.038103280574334285], [-0.38841660397190125, -0.6737044576413341, -0.33861359398679336, -0.30541572749684265, -0.09675082519076378, 0.023199665872063256, 0.26002278427959896, 0.6906329865790105, -0.046104003584037136, 0.43231795355582414, 0.578685248199553, 0.06581297456341384]], "inverted": true, "swapped": false, "error_lsq": 0.04485035307658337, "error_max": 0.26874624118540125, "target": "1051.xyz", "model": "9.xyz", "model_rescale": 3.833441315466971, "target_rescale": 3.7363730180105663},
{"mapping": [11, 7, 3, 8, 2, 6, 12, 1, 4, 0, 5, 14], "R": [[0.8953244444001288, -0.24605323489930672, 0.37128418341640596], [0.39752723011435925, 0.0654164230830646, -0.9152555888431511], [0.20091351516810935, 0.9670462745839024, 0.15638178358168775]], "T": [-0.15754175888084854, 0.0042156521455573425, 0.023339585735352313], "aligned_model": [[-0.5876305595617721, -0.05853843864154765, 0.5497349336886418, -0.5810840825224158, 0.16531001713462712, 0.15213309750098036, -0.4656448894969867, -0.1714138704846225, 0.6056618113991195, -0.46140694075803834, 0.22401772263072528, -0.1100896997125412], [-0.19245031733041895, -0.11287982811921767, 0.21590022567326797, 0.4976018163243951, 0.64590192100237, -0.5890244230302971, -0.505123585263843, -0.34900452629199763, -0.20756515854085245, 0.1347970579532283, 0.2642221883683157, 0.05443651676705847], [-0.46827327111695766, -0.6250437637308197, -0.4341220752002785, -0.4064759042809277, -0.0022674057300721313, 0.13908613892444663, 0.11643125802948529, 0.6719164917210799, 0.11597747553836883, 0.6186860473891536, 0.5175502337965542, -0.041798824162240664]], "inverted": true, "swapped": false, "error_lsq": 0.04741767600642818, "error_max": 0.22791898641632352, "target": "1051.xyz", "model": "10.xyz", "model_rescale": 4.2482417240324, "target_rescale": 3.7363730180105663},
{"mapping": [3, 1, 0, 2, 6, 8, 7, 9, 10, 5, 4, 11], "R": [[-0.9427410013523819, -0.16614178310184297, -0.28919943339648624], [-0.3179861250242736, 0.18614555776375152, 0.9296422191450155], [-0.10061922610095729, 0.9683732437611865, -0.22831783133667505]], "T": [-0.07251690872838401, 0.008153605362830012, -0.04625595974373875], "aligned_model": [[-0.607624119414157, 0.11110577833017071, 0.6360648213044376, -0.6121335194065808, -0.04160621153974056, 0.01945305861253334, -0.567520803187493, 0.029440854170640685, 0.4272463303863736, -0.3772417682414614, 0.28802872054784073, -0.04416404038639447], [-0.4585309312616524, 0.009078387086647892, 0.15547296757785845, 0.34200626609965745, 0.6547506356136994, -0.5629021413970411, -0.3314951096468592, -0.4160576483741848, -0.3407140188935458, 0.34952050219563996, 0.4491581140114142, 0.006524864500374742], [-0.43860458380074946, -0.728479095773558, -0.2699709867627188, -0.4271937509692795, -0.008322499407977024, -0.2519126838123933, 0.26705880460344955, 0.6530010237225704, 0.16238355738983357, 0.5493929066725444, 0.6180944393632972, 0.07621926995277246]], "inverted": false, "swapped": false, "error_lsq": 0.051299725801476175, "error_max": 0.27139995006281936, "target": "1051.xyz", "model": "11.xyz", "model_rescale": 3.6694154284099745, "target_rescale": 3.7363730180105663},
{"mapping": [4, 0, 5, 11, 7, 1, 3, 2, 12, 8, 10, 13], "R": [[-0.9719065418429131, -0.18589265980787123, -0.144366176622175], [-0.07014369415707516, -0.35673275930806336, 0.9315694287633393], [-0.22467206344570007, 0.9155247989355672, 0.33367170458557155]], "T": [-0.035090283389106, 0.11218104697325304, -0.02475151653682256], "aligned_model": [[-0.5549398624886158, 0.14656761677089467, 0.5754860253709306, -0.6617639953116643, 0.30174938657370454, -0.03565790947847952, -0.6368104804104191, -0.07107989946050924, 0.571509458691631, -0.5889919823775988, 0.2418356429058943, -0.026854899609598686], [-0.27017453283942916, -0.3004078934185118, 0.3458582617716004, 0.47862235737218, 0.7723035934815734, -0.7308384175124198, -0.4685661831569453, -0.27963508985715313, -0.13318119223532976, 0.11104512132798136, 0.3172418935634008, 0.014543969015061858], [-0.3870211335991182, -0.5792861304260895, -0.4907583007596891, -0.15902539234814367, 0.029494025217864372, 0.0513494322120196, 0.17997845146018443, 0.496303601321784, 0.15855867069951887, 0.49079622018760466, 0.508906489914716, -0.09762953270286004]], "inverted": false, "swapped": false, "error_lsq": 0.041907813614031335, "error_max": 0.24421410289488288, "target": "1051.xyz", "model": "12.xyz", "model_rescale": 3.9764082729961374, "target_rescale": 3.7363730180105663},
{"mapping": [14, 13, 12, 4, 9, 11, 3, 8, 10, 7, 2, 15], "R": [[-0.007731121452340256, 0.9878281188717648, -0.15535712834421292], [-0.3861374384144783, 0.1403622424047636, 0.9116996871568026], [0.9224088618480388, 0.06703766458773358, 0.380352261871582]], "T": [-0.044752529488604184, 0.1470921404587883, -0.0913583633183287], "aligned_model": [[-0.4328743842320373, 0.10464422054950044, 0.5310940791972334, -0.6544530815227156, 0.23127066214335928, 0.023565027078138207, -0.5623419160179122, 0.04304454986647051, 0.5749328092508048, -0.5390381407742528, 0.09155219807708383, -0.15034692243950276], [-0.46172881154249434, -0.16627585307586004, 0.1856358416987432, 0.5244682846575043, 0.6811251650739033, -0.6433317256434424, -0.40893127755296255, -0.29377026512431825, -0.33063165128700933, 0.3209972301091554, 0.32003872487836493, 0.12921622532042448], [-0.43415059463321554, -0.5953044496142933, -0.3636240447914314, -0.1327854609506486, -0.08044723050094674, -0.05807890854269454, 0.2711090598914766, 0.4541550176804733, 0.09280721085259849, 0.4531344770319009, 0.6753032400550015, -0.08045191530042914]], "inverted": true, "swapped": false, "error_lsq": 0.04139611261750415, "error_max": 0.24494076374293458, "target": "1051.xyz", "model": "13.xyz", "model_rescale": 4.170626492500431, "target_rescale": 3.7363730180105663},
{"mapping": [8, 10, 9, 0, 1, 12, 4, 5, 11, 2, 3, 13], "R": [[0.5674956626029656, 0.21282214094718627, -0.7953963849864275], [0.21157959426824868, 0.8958869406440452, 0.39066694878468583], [0.7957278103824851, -0.38999144337550423, 0.4633831307652304]], "T": [-0.12624463310441592, 0.04508646525034824, 0.03565723453975416], "aligned_model": [[-0.528513741324281, 0.12009501096244127, 0.5757407164392366, -0.5079801432395684, 0.0592110125494226, -0.09167356226536555, -0.6884054100897367, 0.1739693887190169, 0.525991704307235, -0.5383358886731797, 0.21907335203841882, -0.05812333824746997], [-0.32802158798001335, -0.17616155105831766, 0.25866827131766307, 0.472830459767395, 0.7229572182599429, -0.6701233516386969, -0.35989863986304776, -0.692144504119265, -0.14349900854739647, 0.30331433397188323, 0.47447752080778866, -0.005587273405926789], [-0.4648687268164651, -0.42117358755451256, -0.30771693398050376, -0.12918050987680224, -0.27564955241592604, -0.11595371517283329, 0.18739864631838693, 0.47563662866994144, 0.23233700056427622, 0.47886297924038174, 0.4502080938731338, 0.09176607832871465]], "inverted": true, "swapped": false, "error_lsq": 0.04637518862335751, "error_max": 0.3065481526902918, "target": "1051.xyz", "model": "14.xyz", "model_rescale": 3.9786697098870705, "target_rescale": 3.7363730180105663},
{"mapping": [7, 8, 3, 6, 9, 5, 10, 4, 2, 1, 0, 11], "R": [[0.8082222065609994, -0.2831609731708492, -0.5163300573224524], [-0.30651361032279056, -0.9509515513907705, 0.04171994240618554], [-0.5028183285328388, 0.1245432060789532, -0.8553728533867659]], "T": [-0.1084185911959559, 0.0027589631308198304, 0.01266857609755279], "aligned_model": [[-0.5744331692479593, 0.2066776282712441, 0.6748692401335793, -0.6652499734093854, 0.03241423274857627, 0.06747927650577373, -0.7491581637803021, -0.02008329668103684, 0.6860039989414168, -0.5266435925587322, 0.280794378614974, -0.15162145836197888], [-0.23195678955510873, -0.1912040725176883, 0.3961121818662896, 0.5326056244220234, 0.5187313012098258, -0.7436693967637221, -0.4085919038635213, -0.4200377630621277, -0.2969499381727728, 0.2459244920630225, 0.3664410608422912, 0.08940709104349723], [-0.3930590836383688, -0.35519123320687274, -0.26460863339536067, -0.1785303206167384, -0.3056911733782829, -0.22516378379713536, 0.348174541535308, 0.44666688733232685, 0.19409277246026047, 0.4887257840742517, 0.45994274482841446, -0.013692101020011494]], "inverted": false, "swapped": false, "error_lsq": 0.04828102441820709, "error_max": 0.3026971889319531, "target": "1051.xyz", "model": "15.xyz", "model_rescale": 3.769337070930944, "target_rescale": 3.7363730180105663},
{"mapping": [2, 1, 10, 4, 8, 5, 7, 0, 9, 3, 11], "R": [[-0.13066594996406106, -0.843386541408258, 0.5211770824694871], [0.14241628459821168, 0.5042649580018856, 0.851724400268419], [-0.9811442357784258, 0.18551548157168313, 0.05422171793659608]], "T": [0.014203589744847615, 0.04648440351020655, -0.03853598769163746], "aligned_model": [[-0.48562116673978195, -0.17625918482811384, -0.09239716613048551, -0.6401884704319771, 0.23882534975123035, 0.5921529014436001, 0.73556451629493, 0.12712655926154356, 0.13255367427971934, -0.47055766794837656, -0.03857321426111765], [-0.009675284405938622, -0.5324779290370028, 0.7116743434739004, 0.35008397288542265, 0.09334476783098118, -0.3284142662263511, 0.31435216985005665, -0.5396244174996944, 0.5138970059558705, 0.022822560445257434, 8.157435284029957e-05], [-0.6124193970433339, -0.20805429133231848, -0.16040014776160866, -0.0013048197694919342, -0.6172117104425908, -0.22948557934738176, -0.0852616090380251, 0.4294607309935734, 0.54767091933203, 0.6548853822511006, 0.02633812938182374]], "inverted": false, "swapped": true, "error_lsq": 0.04901298459918599, "error_max": 0.2783598339383193, "target": "1051.xyz", "model": "16.xyz", "model_rescale": 3.7852294659196426, "target_rescale": 3.7363730180105663},
{"mapping": [11, 2, 1, 6, 5, 8, 9, 0, 3, 10, 4, 12], "R": [[-0.3383395163109719, -0.9375550609421719, -0.08072719123181488], [-0.8984053737752666, 0.2963007495716905, 0.32415065968616785], [-0.27998956422370636, 0.18219871982254654, -0.9425547572533091]], "T": [-0.010839952586390277, -0.016624814463189776, -0.04017673851492008], "aligned_model": [[-0.5436042521729069, 0.20897442715408174, 0.5676129512844504, -0.6364819548594524, 0.09908939108514825, -0.1428452979146358, -0.5817549096947295, 0.15060939307839785, 0.6868208266406873, -0.6472392323507667, 0.19734369596284027, -0.09747593703694465], [-0.2560564699183752, -0.18281725634561954, 0.2900851162517225, 0.588275950077344, 0.6312926513412642, -0.6539063836027066, -0.5206396888523586, -0.2680310038642837, -0.3913472035355676, 0.2518065281331024, 0.4023598282282822, -0.03421018040079493], [-0.4837607304322922, -0.5862067118229206, -0.2536607207040182, -0.21355605086796897, -0.022079571171332177, -0.06572476568562872, 0.3688304786051386, 0.5733998194254518, 0.032952868476451444, 0.3747878940822145, 0.4917049426464303, -0.015021051373734343]], "inverted": false, "swapped": false, "error_lsq": 0.04327463994093119, "error_max": 0.26916040219633725, "target": "1051.xyz", "model": "17.xyz", "model_rescale": 3.901054581598922, "target_rescale": 3.7363730180105663},
{"mapping": [7, 0, 2, 12, 13, 1, 6, 4, 8, 11, 5, 14], "R": [[0.9510120304735449, -0.04292767650974261, 0.30615899869848745], [0.07218944784373832, -0.9321004405826849, -0.3549330250703376], [0.30060738765805767, 0.359647025922695, -0.883339807339372]], "T": [-0.04535753098048908, 0.02525799926090029, 0.0974581913942848], "aligned_model": [[-0.5144023853160006, 0.1053518453223718, 0.6168200675654348, -0.5747391264304276, 0.11276053659052801, -0.08284762131985338, -0.6427650699289121, 0.15328123411891495, 0.5605522336732701, -0.7748129308445519, 0.38453612412336186, -0.08268580637796613], [-0.19402240786842107, -0.2497630867948742, 0.29712180607574573, 0.44637056104457923, 0.7111118603160188, -0.6334697104534106, -0.4166314748365011, -0.5522284665980544, -0.21281302783167522, 0.18648760830306976, 0.40931537511708793, 0.06533285103844365], [-0.31677610398433564, -0.5933055921226207, -0.3164850420522856, -0.20977859153392509, -0.0817214845848066, -0.12694735001840157, 0.2049926991564504, 0.600077324196973, 0.22635270367539434, 0.3778700700726769, 0.3378275412447401, 0.09956022712793153]], "inverted": true, "swapped": false, "error_lsq": 0.044434226571531205, "error_max": 0.28140943794920853, "target": "1051.xyz", "model": "18.xyz", "model_rescale": 3.9405287249114394, "target_rescale": 3.7363730180105663},
{"mapping": [2, 1, 4, 5, 7, 3, 10, 14, 12, 11, 13, 15], "R": [[0.9105595371640789, 0.18426861339198009, -0.3700356839524199], [0.3260331889694763, -0.8704442142426858, 0.36882140607864256], [-0.2541332110723271, -0.4564777628866823, -0.8526689644991412]], "T": [0.028683920080620165, 0.09288864657316084, -0.0644340434226432], "aligned_model": [[-0.7180305951213641, 0.05916345738237616, 0.6772321311014009, -0.6899483002875832, 0.21255783753895052, 0.07054589523912101, -0.5220895500089648, 0.017656149364078957, 0.4732673040577088, -0.46922725465929804, 0.15663564757500142, -0.006713621005257846], [-0.21504389743984273, -0.3496579561260157, 0.36517752411009974, 0.43327252836617325, 0.7709790664512582, -0.7574801960277887, -0.40091756936719236, -0.32999960515631166, -0.2090606311123729, 0.1844313278214489, 0.28996464635358643, 0.07514664963896642], [-0.3852459262097237, -0.553047311994759, -0.2642064483425841, -0.307269764895111, -0.019608672376602146, -0.0410032635953414, 0.20147579597912119, 0.5842437478562006, 0.04192060201448719, 0.44832087023377903, 0.5649460095769065, -0.06885923706858162]], "inverted": true, "swapped": false, "error_lsq": 0.03892686989111851, "error_max": 0.1993566173841913, "target": "1051.xyz", "model": "19.xyz", "model_rescale": 4.410303926677745, "target_rescale": 3.7363730180105663},
{"mapping": [5, 10, 11, 3, 6, 8, 1, 7, 12, 0, 4, 13], "R": [[-0.4258543350347629, -0.6880028128147138, -0.5876225105381361], [0.5775542126704769, -0.7066310590085861, 0.40878316730387737], [-0.6964762858552225, -0.16530177253570522, 0.6982808226192873]], "T": [-0.06817691875656816, 0.026129907709453976, 0.08123189663390046], "aligned_model": [[-0.5151655311664021, 0.006744493355371209, 0.6343172587919459, -0.5799718887943415, 0.018704506133002008, -0.0399081961717989, -0.5695248842950869, 0.020837179378189755, 0.5858267164031121, -0.6201481383541073, 0.3822523623215661, -0.06291477642528033], [-0.3463237975760285, -0.07450731175406958, 0.3413067957243143, 0.43965940307215945, 0.5904751846646169, -0.701759214958949, -0.4002004509022462, -0.5039326752429807, -0.29054275454556244, 0.3778345812169438, 0.46039678754980595, -0.035594659735995494], [-0.5192263789885001, -0.7307982413985714, -0.2258491745270963, -0.2237631210491885, -0.021100158784219072, -0.16460521576316756, 0.44180440522101144, 0.5480973091981229, 0.28780538831861174, 0.37242078359859654, 0.40313115856999515, 0.03374964678219674]], "inverted": true, "swapped": false, "error_lsq": 0.045189512318932056, "error_max": 0.20561806909121244, "target": "1051.xyz", "model": "20.xyz", "model_rescale": 4.121658175737393, "target_rescale": 3.7363730180105663},
{"mapping": [2, 1, 5, 6, 8, 3, 4, 11, 7, 10, 9, 12], "R": [[-0.12436520718344668, -0.9826765528823846, -0.13740483127391157], [-0.9368912225104589, 0.16189982639029915, -0.30987623884003895], [0.3267539325319227, 0.09019555770648972, -0.9407957424143345]], "T": [-0.042130405266078017, 0.027236428083817363, -0.028462995412993984], "aligned_model": [[-0.6398999665429432, -0.13286424825300525, 0.5505532033100834, -0.4682781975930573, 0.17015363954540302, 0.1433788057601773, -0.40263203757797106, 0.03694466143965934, 0.49546519044207704, -0.6389270688558664, 0.10418325678963929, 0.04297186271197356], [-0.30626541021175535, -0.05194265968211097, 0.17366276793085111, 0.47543152493684665, 0.6616107480504123, -0.627258153302523, -0.37246272456650764, -0.4079215367766612, -0.2878075058861355, 0.23543379096869238, 0.3941513385794513, -0.02982029252855127], [-0.3565783862032699, -0.7124753547975459, -0.3304381551710189, -0.22882186425551593, -0.1072526467124382, -0.1694022678260268, 0.17005844523760746, 0.732427064046944, 0.2518160705928594, 0.42887784256550293, 0.5770356717469494, -0.053580018046255694]], "inverted": false, "swapped": false, "error_lsq": 0.0478468857776543, "error_max": 0.2880294153044898, "target": "1051.xyz", "model": "21.xyz", "model_rescale": 4.08911054899281, "target_rescale": 3.7363730180105663},
{"mapping": [4, 13, 10, 0, 6, 14, 2, 15, 9, 1, 8, 16], "R": [[0.2823318962029482, 0.9567472339493786, -0.07016716266645456], [-0.5114509837264944, 0.08823870567210122, -0.8547700404591363], [-0.8116074122577055, 0.2772159107113539, 0.5142419150719103]], "T": [0.02284303099551578, -0.0363107758029874, 0.021135127448910232], "aligned_model": [[-0.5802232217483758, -0.1047123346554769, 0.7054473859901808, -0.5054058108373649, 0.06880627122377876, 0.16745247536410807, -0.5904974518579805, -0.10633550801594017, 0.6801767082918025, -0.5186154127617983, 0.050800477149893955, -0.00584447696665763], [-0.16931485760914616, -0.20665467959890632, 0.2720239151985658, 0.44211231123421735, 0.6956590815401521, -0.6566611656498812, -0.3666678276012457, -0.5258216245074425, -0.3037398217912296, 0.20848307999579602, 0.4940033539642445, -0.026609877663115584], [-0.30276793658738493, -0.6045185700239382, -0.27905884664489267, -0.2824170246951417, -0.11179958224028892, -0.0568141404326898, 0.21069118721344393, 0.5457293057941175, 0.0839185139176108, 0.5473452595378993, 0.46694598760579537, -0.015587752266739176]], "inverted": false, "swapped": false, "error_lsq": 0.039418001594253835, "error_max": 0.2179527304183104, "target": "1051.xyz", "model": "22.xyz", "model_rescale": 4.204369325754507, "target_rescale": 3.7363730180105663},
{"mapping": [2, 1, 4, 5, 7, 3, 10, 14, 12, 11, 13, 15], "R": [[0.9105595371640789, 0.18426861339198009, -0.3700356839524199], [0.3260331889694763, -0.8704442142426858, 0.36882140607864256], [-0.2541332110723271, -0.4564777628866823, -0.8526689644991412]], "T": [0.028683920080620165, 0.09288864657316084, -0.0644340434226432], "aligned_model": [[-0.7180305951213641, 0.05916345738237616, 0.6772321311014009, -0.6899483002875832, 0.21255783753895052, 0.07054589523912101, -0.5220895500089648, 0.017656149364078957, 0.4732673040577088, -0.46922725465929804, 0.15663564757500142, -0.006713621005257846], [-0.21504389743984273, -0.3496579561260157, 0.36517752411009974, 0.43327252836617325, 0.7709790664512582, -0.7574801960277887, -0.40091756936719236, -0.32999960515631166, -0.2090606311123729, 0.1844313278214489, 0.28996464635358643, 0.07514664963896642], [-0.3852459262097237, -0.553047311994759, -0.2642064483425841, -0.307269764895111, -0.019608672376602146, -0.0410032635953414, 0.20147579597912119, 0.5842437478562006, 0.04192060201448719, 0.44832087023377903, 0.5649460095769065, -0.06885923706858162]], "inverted": true, "swapped": false, "error_lsq": 0.03892686989111851, "error_max": 0.1993566173841913, "target": "1051.xyz", "model": "23.xyz", "model_rescale": 4.410303926677745, "target_rescale": 3.7363730180105663},
{"mapping": [8, 5, 12, 14, 13, 3, 10, 1, 0, 11, 7, 16], "R": [[-0.5804182059777675, 0.3492840769772535, -0.7356054239466281], [0.0925420742660005, 0.9257788865209085, 0.36656434327775694], [0.8090430585945945, 0.14468616672735252, -0.5696623934381212]], "T": [-0.15496032540714005, 0.04892840095837076, -0.07666578297612457], "aligned_model": [[-0.6914543340878454, 0.11668281203484515, 0.579270942608151, -0.5066057389081882, 0.10419484722333261, 0.12026908846147383, -0.5840335002697434, -0.011857750592001615, 0.5508267546986096, -0.5178848101315012, 0.2124283052847215, -0.11078751514568426], [-0.4471110342945938, -0.0424767558648566, 0.2838672584874709, 0.6240148305119517, 0.7003212684298047, -0.7862012680352547, -0.3992325859901392, -0.32109543477351976, -0.19806976669698018, 0.2371114949495836, 0.2588945629311003, -0.05321068214255787], [-0.45326334613616576, -0.6365382118514252, -0.30444640786612026, -0.1380749982587406, -0.024583611983068562, 0.11322415973332496, 0.12039229644788259, 0.684214867087914, 0.02936399499623006, 0.4066502917971175, 0.43604339535706893, -0.03131602814622626]], "inverted": false, "swapped": false, "error_lsq": 0.04004354146667967, "error_max": 0.19981461888100607, "target": "1051.xyz", "model": "24.xyz", "model_rescale": 4.28219845311461, "target_rescale": 3.7363730180105663},
{"mapping": [5, 1, 0, 10, 6, 3, 9, 7, 4, 12, 2, 15], "R": [[0.25322550328869314, 0.3301552312736716, -0.909326326324503], [-0.37217418391491114, 0.9008662707141766, 0.22344202629944462], [0.8929519703273283, 0.2818465638466438, 0.350997568561923]], "T": [-0.13030283429877304, 0.022526862047524916, 0.10153818046066887], "aligned_model": [[-0.6274636814108072, 0.0630928606787804, 0.585576743520702, -0.5520474277656799, 0.1334704652627911, 0.08043053610954112, -0.5502788637108158, 0.023717464976636765, 0.5355190165348422, -0.6601111017018275, 0.2918731658659767, -0.0627300771839705], [-0.25888979932334755, -0.22286423765867264, 0.271692778944596, 0.6075137319871554, 0.7629193611247468, -0.6794756206508239, -0.4869864027329149, -0.5649938142068877, -0.2689812177751724, 0.17051282138527735, 0.48368966570061006, 0.04267462071744274], [-0.530060137868202, -0.4572629578665569, -0.20010224778736663, -0.22956101722417205, -0.33941502421031766, -0.14911956576220592, 0.24607209209023037, 0.5879980535590528, 0.18124310738676722, 0.6324084620392131, 0.38060146683069385, 0.07886416999065539]], "inverted": false, "swapped": false, "error_lsq": 0.043917060246222335, "error_max": 0.2671441180845281, "target": "1051.xyz", "model": "25.xyz", "model_rescale": 4.100010024507729, "target_rescale": 3.7363730180105663},
{"mapping": [3, 1, 0, 2, 6, 8, 7, 9, 10, 5, 4, 11], "R": [[-0.9427410013523819, -0.16614178310184297, -0.28919943339648624], [-0.3179861250242736, 0.18614555776375152, 0.9296422191450155], [-0.10061922610095729, 0.9683732437611865, -0.22831783133667505]], "T": [-0.07251690872838401, 0.008153605362830012, -0.04625595974373875], "aligned_model": [[-0.607624119414157, 0.11110577833017071, 0.6360648213044376, -0.6121335194065808, -0.04160621153974056, 0.01945305861253334, -0.567520803187493, 0.029440854170640685, 0.4272463303863736, -0.3772417682414614, 0.28802872054784073, -0.04416404038639447], [-0.4585309312616524, 0.009078387086647892, 0.15547296757785845, 0.34200626609965745, 0.6547506356136994, -0.5629021413970411, -0.3314951096468592, -0.4160576483741848, -0.3407140188935458, 0.34952050219563996, 0.4491581140114142, 0.006524864500374742], [-0.43860458380074946, -0.728479095773558, -0.2699709867627188, -0.4271937509692795, -0.008322499407977024, -0.2519126838123933, 0.26705880460344955, 0.6530010237225704, 0.16238355738983357, 0.5493929066725444, 0.6180944393632972, 0.07621926995277246]], "inverted": false, "swapped": false, "error_lsq": 0.051299725801476175, "error_max": 0.27139995006281936, "target": "1051.xyz", "model": "26.xyz", "model_rescale": 3.6694154284099745, "target_rescale": 3.7363730180105663},
{"mapping": [7, 8, 4, 1, 0, 9, 3, 12, 10, 6, 2, 13], "R": [[-0.6507410249728901, 0.19405577671219665, 0.7340834243748178], [-0.7093075089558594, -0.5003644330098632, -0.49650608447183403], [0.2709593625547311, -0.8437877634235664, 0.46325288357503996]], "T": [-0.022306090883159282, -0.029203726531210478, -0.04834227207830914], "aligned_model": [[-0.49701223679026973, 0.244194436274408, 0.6456797292684588, -0.696675232088405, 0.02874399582345326, 0.012322396558313395, -0.6768102106622984, -0.17136058195219334, 0.5474819616758199, -0.4373488921352625, 0.2600905996975798, 0.0017431355065655844], [-0.2663373108282756, -0.24971843033986998, 0.3560031786070106, 0.540729790796824, 0.6275900366648695, -0.7082879675455042, -0.46091164038313925, -0.3110205548345406, -0.22215999988655713, 0.21424655998417977, 0.3337391988523931, 0.0029390264246184836], [-0.3867950205601136, -0.5856577537638522, -0.3328438615275248, -0.055320875946093126, -0.10264866587425646, 0.001747616461289056, 0.14680857891469207, 0.6783590746485647, -0.04792799379073216, 0.4412104451327928, 0.452311488784746, -0.007576631301720586]], "inverted": false, "swapped": false, "error_lsq": 0.03970593044472535, "error_max": 0.24713301502465904, "target": "1051.xyz", "model": "27.xyz", "model_rescale": 4.103607728864725, "target_rescale": 3.7363730180105663},
{"mapping": [6, 10, 12, 0, 3, 11, 7, 8, 13, 1, 2, 14], "R": [[0.5982508585769644, -0.8005212687563055, 0.03551912837782212], [-0.2656806648937266, -0.23997917090315912, -0.9337150431658795], [0.7559826019913108, 0.5491590805963492, -0.3562507679781478]], "T": [-0.0705351199138221, -0.06645896680282075, -0.12382438579240093], "aligned_model": [[-0.46005058389599235, 0.039771670264919054, 0.6764696822847746, -0.46132389643897387, 0.06928286269013041, 0.026109351662022467, -0.5459311579595726, -0.08623599444392221, 0.46484284994721214, -0.5258268349801877, 0.18971160748374105, -0.12577045543798152], [-0.4652558832685281, -0.0661274092675916, 0.3566135158861296, 0.5219639695733942, 0.6529510563294953, -0.7459012463383405, -0.4242457500009575, -0.4921486449638646, -0.3176651369513552, 0.3178295641362779, 0.4789965108813325, 0.03980134149601698], [-0.42466651314172665, -0.6214262129753569, -0.10687985840509504, -0.020217817129912302, -0.2864005307956895, -0.15667660569745492, 0.2836906082170422, 0.5767623377848853, 0.14101220990480304, 0.545423409314513, 0.2957833703028504, -0.0247379962010673]], "inverted": false, "swapped": false, "error_lsq": 0.04825189334438773, "error_max": 0.2674468869272673, "target": "1051.xyz", "model": "28.xyz", "model_rescale": 4.137296879288765, "target_rescale": 3.7363730180105663},
{"mapping": [10, 7, 5, 0, 1, 8, 2, 9, 3, 4, 11], "R": [[0.965833729551228, 0.15169781735782434, 0.2101261027812533], [0.16310260050470177, 0.2742916046731779, -0.9477139111115848], [-0.20140195771086564, 0.9496061751140236, 0.240177775024138]], "T": [0.027908254885609496, -0.01577862950772617, -0.0424052677999323], "aligned_model": [[0.41541917434137016, 0.07128604593004967, -0.029622108649553044, -0.643755207497164, -0.018149489509523775, 0.5393260122889356, 0.5992613251248402, -0.3378345574398588, -0.5409674855121045, 0.20806237170078054, -0.04160707006787387], [-0.34610861322622727, -0.719774126377228, -0.17455469808487084, 0.2032087343714697, 0.5274334410491575, -0.12083637310073667, 0.4857608080880776, -0.5000220022746896, 0.2500941260827492, 0.2707777355356303, 0.0431687845846202], [0.4152077128406307, -0.353543047439223, -0.737039404115947, -0.31846468816343715, -0.3633557886879439, -0.3814202657538236, 0.023433375375441726, 0.41351179970272994, 0.5251144463003715, 0.5957309015713212, -0.013421019847121823]], "inverted": false, "swapped": true, "error_lsq": 0.04292627420861636, "error_max": 0.22212210428420887, "target": "1051.xyz", "model": "29.xyz", "model_rescale": 3.607286011436655, "target_rescale": 3.7363730180105663},
