[{"mapping": [0, 11, 1, 4, 2, 5, 9, 8, 12, 7, 6, 13], "R": [[0.3969947538984853, 0.905202397812855, -0.15166998506935758], [-0.6974444716871128, 0.40494629875007904, 0.5912611132500563], [0.596629176532765, -0.12894616753696014, 0.7920899643268844]], "T": [-0.04839060240325526, -0.01002643898427806, -0.03321297858546974], "aligned_model": [[-0.4183105577924893, 0.2846017376383897, 0.46533048351605116, -0.1679921903755797, -0.05178573608107814, -0.6571738695094044, 0.34777690873232586, -0.25605013322174913, 0.6378302900990888, 0.1027072327647705, -0.44769746175990255, -0.0015942415498739204], [-0.42818128627006363, -0.6831552190757103, -0.2534124795085895, 0.619515072141209, 0.3233259889419211, -0.4737597955449544, -0.24568204159943902, -0.5030639777885856, 0.16620231496895654, 0.4139204051251395, 0.15153316748675633, -0.03368711289958289], [-0.5780352857006117, -0.044930859002388475, -0.49039426275480347, -0.055507380201840546, -0.7225342745505634, 0.020405930225509177, 0.5089642183890521, 0.4898897603313393, 0.06776456228689895, 0.45327176468355646, 0.5558545150737547, -0.022796943426341025]], "inverted": false, "swapped": true, "error_lsq": 0.03884769596335372, "error_max": 0.23161150580116113, "target": "1052.xyz", "model": "0.xyz", "model_rescale": 3.751011558992144, "target_rescale": 3.9811704411126017},
{"mapping": [2, 5, 8, 0, 1, 3, 7, 6, 12, 11, 4, 9, 10, 14], "R": [[0.48919099941826694, 0.5402157335746375, 0.6847328875456282], [-0.33095767858667247, -0.6113900041108428, 0.7187971047923501], [0.8069443481880758, -0.5782466809863765, -0.12029794202546318]], "T": [0.007960658966454082, 0.03766545604653951, -0.02978625153567053], "aligned_model": [[-0.3392767049301058, 0.06431301037008884, -0.5222588636442921, -0.46788626680238554, -0.49526475550386423, 0.06597509509288, 0.04850535986524089, 0.11131556473485717, 0.5715030061662435, 0.671894227040255, -0.3997818369512683, 0.5580477367053926, 0.30268483722740214, 0.06134386056843025], [-0.3911264193143861, 0.18476535421719117, 0.27138107160839864, -0.5312345576565323, 0.01254413090117204, -0.7177186510761593, -0.3259627001728208, 0.22793302683594355, -0.414247351413529, 0.20845260584002342, 0.6988838341754723, 0.21318869472428012, 0.8026788258545974, 0.02546078740674512], [-0.6456611111676716, -0.6341636828193722, -0.35330212599138655, 0.12967219491504164, 0.45168924180740033, -0.12692051644847638, 0.5232125866464552, 0.6891308231187326, 0.14390871512520367, 0.37857015600177174, 0.1189090185879551, -0.3472534481450303, -0.04838600670043975, -0.027529640474127384]], "inverted": false, "swapped": false, "error_lsq": 0.03810757205896176, "error_max": 0.24854414744754214, "target": "1052.xyz", "model": "1.xyz", "model_rescale": 3.9405287249114394, "target_rescale": 3.9811704411126017},
{"mapping": [3, 2, 0, 12, 1, 5, 4, 10, 11, 8, 9, 6, 13], "R": [[-0.15589470413701564, 0.9798931682295582, -0.12452397391294326], [-0.9860367663258922, -0.14690628897511585, 0.07842217615660493], [0.05855199975756746, 0.13501081851688318, 0.9891126034015496]], "T": [-0.0415663940061074, -0.025839694054856612, 0.03518898256777004], "aligned_model": [[-0.43470163990662436, 0.3187484477964818, -0.3611289713568944, 0.5816066962038008, 0.43227693001010914, -0.7727186480116903, 0.1364822520895817, 0.7321855002117234, -0.047523222442857754, -0.5961227196792799, 0.018605688071066273, -0.4961252412150906, -0.015601792486394452], [0.491182442599898, 0.5505055307149779, 0.166831506343774, -0.32621596243705886, -0.23364632039284142, -0.039358596228949744, 0.4742933510304553, 0.2861831593080219, -0.6525706581169738, -0.5123996775086954, -0.6722969686411111, -0.001492894294056888, -0.07218231880542335], [0.11761492387477948, -0.31737110290669535, -0.6498534713925013, 0.21844167100172135, -0.47905780232273587, -0.1967038815400139, 0.39475776772059845, 0.28270290077849713, -0.37869068196770816, 0.159975340113392, 0.3265833639745412, 0.605567343152876, 0.02915397910189261]], "inverted": false, "swapped": true, "error_lsq": 0.04733708261129345, "error_max": 0.2653166945413063, "target": "1052.xyz", "model": "2.xyz", "model_rescale": 3.932901565614263, "target_rescale": 3.9811704411126017},
{"mapping": [11, 10, 1, 3, 0, 8, 7, 4, 9, 5, 2, 12, 6, 13], "R": [[0.08093078778114103, 0.5981225086150538, -0.7973077650927269], [-0.4819654612585197, 0.723677026238151, 0.49396442771617577], [0.8724445551110893, 0.3442978744969849, 0.3468421425863243]], "T": [-0.05034601127093882, -0.057062486408623075, 0.016583577327731865], "aligned_model": [[-0.1629742593950023, 0.09080731611446097, -0.6091662171191229, -0.42536784919145865, -0.5817462787702344, 0.023594411814719246, 0.2012397763089229, -0.028755409440387986, 0.5991077928817607, 0.577191793952212, -0.3195969281249703, 0.5977917241819019, 0.22570770840185586, 0.04328068832421751], [-0.4818491693492507, 0.23165247180946721, 0.33596638054781014, -0.3992920411399622, 0.10572293108974556, -0.7799799857461163, -0.3719996534982204, 0.403871638894871, -0.3975578024268712, 0.1971116326283178, 0.6916986465238947, 0.17052916618161204, 0.5609109660766766, -0.0017865296615774268], [-0.7609637524781337, -0.6236233043678565, -0.26980236539098634, 0.07064864028269124, 0.3908361560691025, -0.08690472402777558, 0.6058727420173111, 0.7584056466820163, 0.06203283947867808, 0.25822692170570694, 0.2636879333418974, -0.3169570134747136, -0.07612789208124551, -0.023455623300636934]], "inverted": true, "swapped": false, "error_lsq": 0.03919010653925891, "error_max": 0.23037103918599222, "target": "1052.xyz", "model": "3.xyz", "model_rescale": 3.9243930471874484, "target_rescale": 3.9811704411126017},
{"mapping": [9, 7, 8, 11, 5, 12, 1, 6, 3, 4, 0, 2, 13], "R": [[0.4309447446518507, -0.8843938438533594, -0.17926002346098005], [-0.758041288002554, -0.462570891258963, 0.45978427141793105], [-0.4895508479620685, -0.062255116369408114, -0.8697495431131029]], "T": [-0.03167376381046828, -0.049383662270992765, -0.06603744810386564], "aligned_model": [[0.03416940227117486, -0.3353774624458442, 0.5902889703255609, 0.2798140241741595, 0.7018826340516342, -0.5565923281152143, -0.25973626919781745, 0.22027350029309645, 0.1444888199585343, -0.4461474318719429, 0.3860251897054815, -0.44250454105283954, -0.039378621784630946], [-0.5220419183804778, 0.07748473933467544, -0.2026758253062106, -0.724694052440634, 0.14528755927421627, -0.48588506851873453, -0.5911644861265505, 0.34815115834527416, 0.5737702304028565, 0.431715430835395, 0.0016953267340536066, 0.17731643323691, -0.10112997370918658], [-0.5939552667596775, -0.6412742341020707, -0.4527011792324169, 0.0391043452070059, 0.04593936349220187, -0.2806980499367175, 0.3659600958402785, -0.6237440277374813, 0.030436472133222953, -0.15480306934865395, 0.5908066103665908, 0.5390446590312861, -0.07704540358260495]], "inverted": false, "swapped": true, "error_lsq": 0.041252341815641004, "error_max": 0.22411931911570906, "target": "1052.xyz", "model": "4.xyz", "model_rescale": 3.8936222436046832, "target_rescale": 3.9811704411126017},
{"mapping": [3, 5, 6, 4, 9, 11, 1, 12, 10, 2, 7, 13], "R": [[-0.8232036452233447, 0.5168328553337835, 0.2349884212860843], [0.5277163556282067, 0.543884233865616, 0.6524610242419819], [0.20940679667451592, 0.6611155268180746, -0.7204686347833456]], "T": [-0.15596661302861198, -0.11192369401342886, -0.04923262127077683], "aligned_model": [[0.01686593406005052, -0.6677870647562512, -0.26796442779334445, 0.42038335608142224, -0.5330806465703275, -0.7373898333218707, -0.15640143641129703, 0.04137282769035794, 0.6107513911656424, 0.40734158700227857, 0.07018615282856966, -0.1767297977601333], [-0.4792539817314585, -0.548459618191307, 0.13438378991770053, -0.05119595335038499, 0.48371728707807804, -0.08027870764087516, -0.20829158350380197, 0.4206099194333034, 0.1881581982225997, -0.5595807934271712, 0.45052439305678116, -0.08141004475365667], [-0.5629043233845775, -0.41803730097675534, -0.726976746516984, -0.32356262152579834, 0.047902337382995784, 0.42518196068950953, 0.6738675697392459, 0.3862180033393443, 0.23256119436548517, 0.2126570698787824, -0.31706832408602387, -0.010554099629705826]], "inverted": false, "swapped": true, "error_lsq": 0.04807127950640013, "error_max": 0.2768830346026157, "target": "1052.xyz", "model": "5.xyz", "model_rescale": 3.6523030999806103, "target_rescale": 3.9811704411126017},
{"mapping": [6, 8, 9, 7, 12, 3, 11, 4, 0, 2, 1, 10, 13], "R": [[-0.02694008354415023, -0.7286202099160245, -0.6843879174858095], [-0.6891305776251576, -0.4824132005328376, 0.5407185505729221], [-0.7241362295042636, 0.48619964382298086, -0.4891182142036379]], "T": [-0.009716975233757835, -0.06277781210569128, 0.0450135715949811], "aligned_model": [[0.14756218269009566, -0.22022744804219516, 0.30591585264647114, 0.5903775914067134, 0.5458601439718818, -0.2325394661996922, -0.284878881422608, 0.3408502655167581, -0.756899188028592, -0.1046503613851397, -0.09668000266067575, 0.6408773330508666, 0.005514883120411214], [-0.5236203109866637, 0.02947222710626536, 0.3506427887874374, -0.2381497798795637, 0.36626883830987067, -0.6781290680943337, 0.6092056382257323, -0.5366289794871726, -0.0596479501841915, -0.2124447803275808, 0.5277509364246669, -0.0816782224150399, -0.012214433316243334], [0.5885533071858671, 0.7570671102952633, 0.5307065791253752, 0.26492280710825844, -0.09428893078600134, 0.02619293309383671, 0.23697119634182387, -0.20735872344326756, -0.17911706192352125, -0.6998935823678999, -0.37435985919772996, -0.532639624580899, 0.05335358863068383]], "inverted": true, "swapped": true, "error_lsq": 0.041408717383541245, "error_max": 0.23838914940273934, "target": "1052.xyz", "model": "6.xyz", "model_rescale": 4.08911054899281, "target_rescale": 3.9811704411126017},
{"mapping": [11, 9, 1, 13, 2, 12, 7, 6, 5, 4, 0, 8, 3, 14], "R": [[0.8073389274758656, -0.5570659417892736, 0.19463142778222925], [0.37001343417090643, 0.7348451027878169, 0.5684124677044089], [-0.45966717820089326, -0.38688526904909804, 0.7993909393267076]], "T": [0.07149153896764168, -0.066287747151444, -0.023184834147862217], "aligned_model": [[-0.07692954750513722, -0.059117599583549396, -0.5863186194513961, -0.47663742210652804, -0.5544708248325012, 0.06789884315138785, -0.03226864622160541, 0.0481699669228747, 0.6100809145575165, 0.7117682302108318, -0.29663981211488677, 0.5498957760903983, 0.3115061233526314, 0.014176887468838467], [-0.3257994342166881, 0.43086408021649525, 0.17416653820327932, -0.5474253665776797, 0.08732672752981563, -0.7744967993848886, -0.3440691195052856, 0.2372576819296142, -0.47049364427788987, 0.14711172320782423, 0.7707472551554396, 0.19364868981459252, 0.6833430141151899, 0.0028173057205784086], [-0.5283144495179646, -0.615078930570039, -0.24093145522535428, 0.03970996338126292, 0.4612873070175436, -0.10336556052630863, 0.6919097733553412, 0.3723644588799886, 0.33324230681259026, 0.18017670204645217, 0.19706024835605346, -0.4339297768134768, 0.05987031205682069, -0.16212469479685399]], "inverted": true, "swapped": false, "error_lsq": 0.04037629301473999, "error_max": 0.24095483560367217, "target": "1052.xyz", "model": "7.xyz", "model_rescale": 3.964800864290218, "target_rescale": 3.9811704411126017},
{"mapping": [0, 6, 4, 7, 12, 1, 8, 9, 5, 10, 11, 3, 11, 13], "R": [[0.831462492300725, 0.47862391090141504, -0.28211571351220666], [0.3203919410320932, -0.8279159336290753, -0.4603305453310531], [-0.453893300257621, 0.2923599814552794, -0.8417282894287883]], "T": [-0.024352756498429464, -0.06546428563173694, -0.08703642366578887], "aligned_model": [[0.02170359302542652, 0.033249353173873245, -0.5211988410696388, -0.4838351255342327, -0.5479763353510495, -0.08459429529867345, 0.15183699685282673, 0.032274151861001216, 0.710587313297232, 0.6286370856960056, -0.11693612801707526, 0.5124187101763825, -0.11693612801707526, 0.011883919143871855], [-0.36793871993510807, 0.3657874557860735, 0.3729406016837989, -0.5016257278273639, 0.12623992183268412, -0.8133446165209333, -0.3688957273051407, 0.20795149992992312, -0.35190232733813737, 0.25978339953400253, 0.7374661802429431, -0.06061040592372424, 0.7374661802429431, -0.07831906247156357], [-0.7347612122790822, -0.4707156590486078, -0.3237609852092702, 0.23775937964575258, 0.42261324208371576, -0.09991504332939874, 0.5970279829695104, 0.5421646000491819, 0.1902487455022204, 0.29105380669258285, 0.09698615859571025, -0.5746997584757356, 0.09698615859571025, -0.01911121133623414]], "inverted": true, "swapped": false, "error_lsq": 0.04923884473093132, "error_max": 0.33222859113799047, "target": "1052.xyz", "model": "8.xyz", "model_rescale": 4.121658175737393, "target_rescale": 3.9811704411126017},
{"mapping": [3, 4, 7, 6, 2, 0, 12, 11, 9, 1, 5, 8, 13], "R": [[0.8285508694862747, 0.31675738588425395, 0.46170143508690986], [0.17837058832933714, -0.9309555178345174, 0.3185996814695704], [0.5307423008321311, -0.18162208649071138, -0.8278442050326718]], "T": [-0.07244320335632862, -0.06133655228876978, -0.07255209106729733], "aligned_model": [[-0.5036561240733924, -0.2671503026054084, 0.33365589123669004, 0.16371340762544667, -0.6978632863388142, -0.6467521987992405, 0.35357882975221366, 0.21853219018593598, 0.6294914867414021, -0.12367854850397544, -0.2787900605607293, 0.32985414080770015, -0.03419792903263108], [0.33299434453693977, -0.17096878472725452, -0.08503016815386374, 0.4976691121079183, -0.4929595990528957, 0.11209140982063012, -0.6309956238434977, -0.12937261052666083, -0.052907184230610325, -0.6254230894838141, 0.6088248854156211, 0.5137906915836093, -0.08732594403441182], [-0.36788208950285267, -0.6735462786695224, -0.5957643097647364, -0.47787999378351187, -0.16662909416695076, 0.42606350811304455, -0.15094801116983436, 0.6165255366116386, 0.044302559819895906, 0.3871675663303821, 0.23864768658911223, 0.18673630263084584, -0.045717949078421506]], "inverted": false, "swapped": true, "error_lsq": 0.04070853413258752, "error_max": 0.230692063814376, "target": "1052.xyz", "model": "9.xyz", "model_rescale": 3.833441315466971, "target_rescale": 3.9811704411126017},
{"mapping": [5, 13, 0, 6, 12, 4, 7, 11, 3, 9, 10, 2, 8, 14], "R": [[-0.5135200627507533, 0.6651911855720232, 0.5420496580478111], [0.5839446816587957, -0.1919546510976538, 0.7887724771341773], [0.6287334521996348, 0.7215775069659978, -0.2898622906241258]], "T": [-0.10899090308841121, -0.011247034972305014, 0.04561192036284434], "aligned_model": [[-0.085960642647072, 0.026709339634463855, -0.5235312061354734, -0.4401798487766964, -0.6317394020646256, 0.016251670594474674, 0.26105735659042567, -0.112534641179149, 0.6144834185950353, 0.6769522402424913, -0.3246515564518709, 0.4647327831629269, 0.30479751142133715, -0.015272753047392673], [-0.23708659663389425, 0.3260456868438513, 0.2837893065487616, -0.5828545639673864, -0.006373208588932821, -0.7813103146064129, -0.11981209354401859, 0.2881451876871968, -0.49004287134764435, 0.1709204994700059, 0.7772916257121235, 0.033922558504073705, 0.6257433761038171, -0.023379940251144014], [-0.5914919180807143, -0.6639693683909226, -0.4070831823665544, 0.20311837450023804, 0.3451620997072613, -0.1194014826888104, 0.588927565589264, 0.6585465171795994, 0.08637100133811414, 0.12938835725929285, 0.1319334513775546, -0.38502841052476505, 0.22048823834593131, 0.05491496121056638]], "inverted": false, "swapped": false, "error_lsq": 0.04452164442555588, "error_max": 0.3121256095947912, "target": "1052.xyz", "model": "10.xyz", "model_rescale": 4.2482417240324, "target_rescale": 3.9811704411126017},
{"mapping": [11, 1, 2, 10, 5, 3, 0, 4, 12, 6, 9, 13], "R": [[0.8152958038316651, -0.446389070335939, -0.36882184064815804], [0.20995149990431974, 0.8214946356811683, -0.5301574589072483], [0.5396416588277868, 0.3548004529755852, 0.7634811841990043]], "T": [-0.03904065598174071, 0.10381550323163258, -0.07286058956371758], "aligned_model": [[-0.6791660869835047, -0.14679718158509886, 0.4569855937480904, 0.6950149039431959, -0.5160806431012556, 0.1848763503361026, -0.3154245452511801, 0.5727025557127183, 0.12281044770321946, -0.04086400069030925, -0.39388205283764327, -0.06340973863132779], [-0.28867045492076293, -0.5764352379901154, -0.12683206199348018, -0.330271377561356, 0.6186906807409793, 0.6573596690474163, 0.16801618984183952, 0.2835046430960293, -0.4559729887474281, 0.7226719109018482, -0.06844541734524717, 0.06251583498091666], [-0.05503456720152258, 0.1675729889815625, 0.4629181683603576, -0.24619382181051283, 0.23677965644974883, 0.19567484186688008, 0.6537863767308605, -0.14072921544959366, -0.48830398555289833, -0.45959229056312445, -0.6651883123336235, -0.09649754962377763]], "inverted": true, "swapped": true, "error_lsq": 0.03597935917222797, "error_max": 0.19308518074151146, "target": "1052.xyz", "model": "11.xyz", "model_rescale": 3.6694154284099745, "target_rescale": 3.9811704411126017},
{"mapping": [9, 11, 8, 10, 2, 7, 12, 1, 5, 0, 3, 6, 4, 13], "R": [[0.06937420116039868, 0.9505313953774327, 0.3027825731695717], [-0.8307758981427215, -0.11297717927917712, 0.5450207005493232], [0.5522668080543234, -0.2893548398834054, 0.7818408721456931]], "T": [0.061297798400572354, -0.03652219240588109, 0.006328099526840211], "aligned_model": [[-0.3896371295133915, 0.031921345302472676, -0.5909019670181298, -0.35630816462037773, -0.4712715014084097, 0.14726450678626368, 0.04552678082024421, -0.06376714628116655, 0.6968569090979001, 0.6180072499070504, -0.34349533261607534, 0.5454278038155278, 0.23421738436173062, 0.12727353130523608], [-0.3148645931812354, 0.246749088975413, 0.24279772421383863, -0.5099378582882872, 0.08990015186310821, -0.7036817953817011, -0.39115164541949954, 0.4548543216453249, -0.5124563782327208, 0.2244260676420691, 0.7124593617932767, 0.008995461290106518, 0.6810897421691542, 0.035819002841549596], [-0.5968878366087438, -0.6747908725001097, -0.2567568705463899, 0.07712113770790063, 0.362278805612417, -0.30938238125582224, 0.5857741507915214, 0.6841048881174502, 0.12516437365072333, 0.3706335436348881, 0.13446105061466054, -0.2824644116513365, -0.04668678420206057, 0.07930741109095732]], "inverted": true, "swapped": false, "error_lsq": 0.04237950902474435, "error_max": 0.25056254823036717, "target": "1052.xyz", "model": "12.xyz", "model_rescale": 3.9764082729961374, "target_rescale": 3.9811704411126017},
{"mapping": [14, 8, 7, 4, 0, 6, 5, 9, 13, 12, 2, 11, 1, 15], "R": [[0.3142684177002977, -0.6340831230823009, 0.7065224374769332], [-0.7431301968606941, -0.6274362818344528, -0.2325536986408584], [0.5907561867216773, -0.4519538751465164, -0.6683897235820655]], "T": [0.06731572500289258, 0.015138845844208295, 0.005367358460666136], "aligned_model": [[0.2216784912303768, 0.04185649422748307, -0.6541950749483705, -0.5253026496548829, -0.494888040161552, 0.10556409365176676, -0.09513524891841633, 0.033888541751331894, 0.5736765275080576, 0.6164096334753323, -0.30271387023483703, 0.443469899631677, 0.2753519117499396, -0.008546439369031156], [-0.49687766011861983, 0.5052175522580449, 0.17606087813748592, -0.3660686258453303, 0.22987829923463554, -0.7478262549677213, -0.38973209121097474, 0.1905785353545669, -0.31384974899219514, 0.12627694780157162, 0.7217684400390125, 0.07139289821490002, 0.5954016360083774, -0.03722215398335606], [-0.5886185619105876, -0.503383588208344, -0.1513488308730456, 0.14446461697165855, 0.4114730430980074, -0.0035837832527397216, 0.7212675688495125, 0.5794776834697167, -0.09385858744459083, 0.31091234192470996, 0.008864380394783742, -0.6916894665189217, 0.15813717752070455, -0.05023778956480844]], "inverted": false, "swapped": false, "error_lsq": 0.052915373098550024, "error_max": 0.4082744017829082, "target": "1052.xyz", "model": "13.xyz", "model_rescale": 4.170626492500431, "target_rescale": 3.9811704411126017},
{"mapping": [6, 3, 11, 12, 10, 4, 8, 7, 4, 0, 9, 2, 1, 13], "R": [[-0.2280408388088181, 0.2726872568634203, 0.9346865976249334], [0.24430001650552424, 0.9452957677990944, -0.21617912322081834], [-0.9425045770556086, 0.1790462826350332, -0.28218354116391087]], "T": [0.03250165948894593, 0.03128674754890014, -0.019934549601519268], "aligned_model": [[-0.15254270276626725, 0.052342015270275, -0.5762103237798254, -0.41907414110858277, -0.35877004388858746, 0.2853368769914476, 0.07815909051342713, 0.1955330592616398, 0.2853368769914476, 0.5596455908095833, -0.4695283646238251, 0.5776050158926919, 0.21657124542217657, -0.04328992504672624], [-0.24045342112417017, 0.44381484853912806, 0.15757424922252927, -0.49167521262959546, 0.10260463406026647, -0.6277554232653236, -0.34097179301671493, 0.31958883614436795, -0.6277554232653236, 0.22939619001934414, 0.6586533089259804, -0.09101239837294751, 0.7634936303237687, 0.009496626369087581], [-0.7941471378207889, -0.5721125377590972, -0.35635815085026923, 0.22151152244592495, 0.38025105505515094, 0.04935398099308156, 0.6210765819501307, 0.7201549526132163, 0.04935398099308156, 0.17686568160707322, 0.08342642475102638, -0.367551317005656, 0.12430808711462474, -0.08425691963144394]], "inverted": true, "swapped": false, "error_lsq": 0.046403716244504775, "error_max": 0.35197786199029946, "target": "1052.xyz", "model": "14.xyz", "model_rescale": 3.9786697098870705, "target_rescale": 3.9811704411126017},
{"mapping": [1, 11, 2, 10, 0, 3, 9, 6, 4, 12, 5, 13], "R": [[-0.9022841799247523, 0.3089890505265539, 0.30068093606382185], [-0.3282201194332247, -0.9444925027879945, -0.014334063503067089], [0.27956182117155604, -0.11162293147901561, 0.9536170663905266]], "T": [0.011134784554859396, 0.027085043821610387, 0.02629305286341516], "aligned_model": [[-0.12406224594591164, -0.6536976490600402, 0.5566797756132463, 0.6669325137513185, -0.14751537168645945, 0.323831175613236, -0.4420540712997042, 0.01101151115925892, 0.6204159654491557, 0.05591594235621911, -0.363831952212317, -0.020270996970665096], [-0.399471577850188, -0.1902078426246563, 0.03527186797510539, -0.5439543626931385, 0.505023521169842, 0.5953356040862544, -0.3704951321366241, 0.34315915717524154, 0.044563513445142665, -0.6847047377956059, 0.6961299407997527, -0.015975461326686938], [-0.5498423972580385, -0.24739508818181816, -0.5109339530189797, -0.007717667835667876, -0.5694674156377237, 0.1155875932264132, 0.4044309079595108, 0.6840507028605028, 0.22527807774409941, 0.08547164256052767, 0.008417040354184672, 0.022087051100819627]], "inverted": false, "swapped": true, "error_lsq": 0.04483291105195709, "error_max": 0.21373573012360084, "target": "1052.xyz", "model": "15.xyz", "model_rescale": 3.769337070930944, "target_rescale": 3.9811704411126017},
{"mapping": [2, 0, 12, 1, 4, 3, 7, 5, 9, 11, 13], "R": [[0.06319370116874218, 0.35247594097765783, -0.933684779336426], [-0.31120227391928673, -0.8819477608864176, -0.3540074741794302], [-0.9482403180840082, 0.31293586898811937, 0.053957771086189876]], "T": [0.06326387951063013, 0.04913931484250601, -0.016061209416910163], "aligned_model": [[-0.2990840409682314, -0.35378209971171964, -0.11471372464387807, -0.6382872648905903, 0.390129858963727, 0.40962357572978225, 0.5456350646376762, 0.1888044430215456, 0.16915080983494746, -0.4124389438512656, 0.03758845256917728], [-0.0802183241578673, -0.6100995184431031, 0.742067845019858, 0.2490188225034657, 0.15741193370210965, -0.4253178762638615, 0.499866232028771, -0.6225413994666922, 0.5017888048178802, 0.09891736265520469, 0.08517061522957656], [-0.6780806977742184, -0.017612962212269555, -0.03412153258483154, -0.021978948975615722, -0.5569491515089354, -0.30517465047956077, -0.07430358006941695, 0.3326869298125279, 0.5227660078373334, 0.5630350965950807, 0.013951096583683677]], "inverted": true, "swapped": true, "error_lsq": 0.03314407716156315, "error_max": 0.1577253480003318, "target": "1052.xyz", "model": "16.xyz", "model_rescale": 3.7852294659196426, "target_rescale": 3.9811704411126017},
{"mapping": [0, 8, 6, 5, 11, 9, 12, 7, 3, 2, 1, 4, 13], "R": [[0.9522627445566635, 0.2084174173716313, -0.22306466655557577], [0.25644359866669564, -0.9425486113787985, 0.21409996704991302], [-0.16562712951773842, -0.2610829280593397, -0.9510012400852462]], "T": [0.026929315204207823, 0.1161917753918858, 0.003030115038573019], "aligned_model": [[0.15013731522836776, -0.3899458284611777, 0.1669341901870716, 0.04296444141871776, -0.6477989279326037, -0.5763558719068463, -0.29657387343583247, 0.06052263802646021, 0.5813878458199511, 0.5175125721275408, -0.2881003304706019, 0.554890706990263, -0.021809027375027403], [-0.11326230219906808, -0.49286102083837563, -0.3883219910781514, -0.5860605382432402, 0.09031365634129354, 0.08367552632958605, 0.6857222703122294, 0.20254194547619772, -0.23084401864841092, 0.5643336413681488, 0.6163081066458969, 0.30553016571518393, 0.13798018252158448], [-0.7322903668201665, 0.12597228384284204, 0.5113729923188146, -0.30539368819156953, -0.32590100647955067, 0.37909932329913215, 0.2913577985564226, 0.6592648479234602, -0.025309656359695495, -0.3774907821455194, -0.4245220139398319, 0.3137258458624926, 0.005869119276343099]], "inverted": true, "swapped": true, "error_lsq": 0.04508913017682678, "error_max": 0.2630685442215534, "target": "1052.xyz", "model": "17.xyz", "model_rescale": 3.901054581598922, "target_rescale": 3.9811704411126017},
{"mapping": [2, 5, 8, 0, 1, 3, 7, 6, 12, 11, 4, 9, 10, 14], "R": [[0.48919099941826694, 0.5402157335746375, 0.6847328875456282], [-0.33095767858667247, -0.6113900041108428, 0.7187971047923501], [0.8069443481880758, -0.5782466809863765, -0.12029794202546318]], "T": [0.007960658966454082, 0.03766545604653951, -0.02978625153567053], "aligned_model": [[-0.3392767049301058, 0.06431301037008884, -0.5222588636442921, -0.46788626680238554, -0.49526475550386423, 0.06597509509288, 0.04850535986524089, 0.11131556473485717, 0.5715030061662435, 0.671894227040255, -0.3997818369512683, 0.5580477367053926, 0.30268483722740214, 0.06134386056843025], [-0.3911264193143861, 0.18476535421719117, 0.27138107160839864, -0.5312345576565323, 0.01254413090117204, -0.7177186510761593, -0.3259627001728208, 0.22793302683594355, -0.414247351413529, 0.20845260584002342, 0.6988838341754723, 0.21318869472428012, 0.8026788258545974, 0.02546078740674512], [-0.6456611111676716, -0.6341636828193722, -0.35330212599138655, 0.12967219491504164, 0.45168924180740033, -0.12692051644847638, 0.5232125866464552, 0.6891308231187326, 0.14390871512520367, 0.37857015600177174, 0.1189090185879551, -0.3472534481450303, -0.04838600670043975, -0.027529640474127384]], "inverted": false, "swapped": false, "error_lsq": 0.03810757205896176, "error_max": 0.24854414744754214, "target": "1052.xyz", "model": "18.xyz", "model_rescale": 3.9405287249114394, "target_rescale": 3.9811704411126017},
{"mapping": [8, 2, 1, 4, 12, 7, 13, 14, 9, 11, 3, 5, 10, 15], "R": [[-0.6908151409272567, -0.7224178329553036, 0.02978112982775849], [-0.709426649950068, 0.6692886575772329, -0.220831431592266], [0.13960039185574838, -0.1736812237020138, -0.9748572014028992]], "T": [-0.09228239563312442, -0.041234354772559295, 0.02457635606598424], "aligned_model": [[-0.0018358435210024393, 0.20342199012035245, -0.5338207849585309, -0.5767106777589436, -0.5101586409052637, 0.06818799496071003, 0.19255366008783986, 0.05224511500727079, 0.5564814146906626, 0.5767261506552847, -0.465949136342464, 0.4879118486607688, 0.25645462177898337, -0.07439344253679278], [-0.4552798389063687, 0.5434805129933973, 0.3107315397149377, -0.5835851398116749, 0.03978484398597537, -0.7265924740166912, -0.23440403275169272, 0.38316131022925226, -0.45017490750036204, 0.12868904447018248, 0.7031394808369906, -0.044436149982969575, 0.6605052386733523, -0.010020776003932055], [-0.6020478645123346, -0.5463813680017839, -0.3170129936640396, 0.10106095621634954, 0.369474015204426, 0.03718790117954818, 0.6015371365725355, 0.6560342566990718, -0.00513878662887482, 0.23137772279908314, 0.20264756267039657, -0.5709293367317727, 0.08660919110840587, 0.007457811545044678]], "inverted": true, "swapped": false, "error_lsq": 0.03956861811197899, "error_max": 0.20104825076641877, "target": "1052.xyz", "model": "19.xyz", "model_rescale": 4.410303926677745, "target_rescale": 3.9811704411126017},
{"mapping": [0, 6, 4, 7, 12, 1, 8, 9, 5, 10, 11, 3, 11, 13], "R": [[0.831462492300725, 0.47862391090141504, -0.28211571351220666], [0.3203919410320932, -0.8279159336290753, -0.4603305453310531], [-0.453893300257621, 0.2923599814552794, -0.8417282894287883]], "T": [-0.024352756498429464, -0.06546428563173694, -0.08703642366578887], "aligned_model": [[0.02170359302542652, 0.033249353173873245, -0.5211988410696388, -0.4838351255342327, -0.5479763353510495, -0.08459429529867345, 0.15183699685282673, 0.032274151861001216, 0.710587313297232, 0.6286370856960056, -0.11693612801707526, 0.5124187101763825, -0.11693612801707526, 0.011883919143871855], [-0.36793871993510807, 0.3657874557860735, 0.3729406016837989, -0.5016257278273639, 0.12623992183268412, -0.8133446165209333, -0.3688957273051407, 0.20795149992992312, -0.35190232733813737, 0.25978339953400253, 0.7374661802429431, -0.06061040592372424, 0.7374661802429431, -0.07831906247156357], [-0.7347612122790822, -0.4707156590486078, -0.3237609852092702, 0.23775937964575258, 0.42261324208371576, -0.09991504332939874, 0.5970279829695104, 0.5421646000491819, 0.1902487455022204, 0.29105380669258285, 0.09698615859571025, -0.5746997584757356, 0.09698615859571025, -0.01911121133623414]], "inverted": true, "swapped": false, "error_lsq": 0.04923884473093132, "error_max": 0.33222859113799047, "target": "1052.xyz", "model": "20.xyz", "model_rescale": 4.121658175737393, "target_rescale": 3.9811704411126017},
{"mapping": [6, 8, 9, 7, 12, 3, 11, 4, 0, 2, 1, 10, 13], "R": [[-0.02694008354415023, -0.7286202099160245, -0.6843879174858095], [-0.6891305776251576, -0.4824132005328376, 0.5407185505729221], [-0.7241362295042636, 0.48619964382298086, -0.4891182142036379]], "T": [-0.009716975233757835, -0.06277781210569128, 0.0450135715949811], "aligned_model": [[0.14756218269009566, -0.22022744804219516, 0.30591585264647114, 0.5903775914067134, 0.5458601439718818, -0.2325394661996922, -0.284878881422608, 0.3408502655167581, -0.756899188028592, -0.1046503613851397, -0.09668000266067575, 0.6408773330508666, 0.005514883120411214], [-0.5236203109866637, 0.02947222710626536, 0.3506427887874374, -0.2381497798795637, 0.36626883830987067, -0.6781290680943337, 0.6092056382257323, -0.5366289794871726, -0.0596479501841915, -0.2124447803275808, 0.5277509364246669, -0.0816782224150399, -0.012214433316243334], [0.5885533071858671, 0.7570671102952633, 0.5307065791253752, 0.26492280710825844, -0.09428893078600134, 0.02619293309383671, 0.23697119634182387, -0.20735872344326756, -0.17911706192352125, -0.6998935823678999, -0.37435985919772996, -0.532639624580899, 0.05335358863068383]], "inverted": true, "swapped": true, "error_lsq": 0.041408717383541245, "error_max": 0.23838914940273934, "target": "1052.xyz", "model": "21.xyz", "model_rescale": 4.08911054899281, "target_rescale": 3.9811704411126017},
{"mapping": [3, 9, 12, 4, 7, 2, 0, 6, 1, 8, 10, 11, 5, 16], "R": [[-0.9388152186701652, 0.18310821632580326, 0.29171452879017334], [0.085152113637193, 0.944073747513169, -0.318549645737615], [-0.3337290858412083, -0.27421914661530167, -0.9019028533568164]], "T": [0.024455715389921695, -0.010577559578278654, -0.06571458306687777], "aligned_model": [[-0.5337526472883249, -0.05367620310282514, -0.6040432105817921, -0.2536792261588531, -0.5002532684940242, 0.19303312773558617, -0.09134022099863756, 0.07217702028282916, 0.6512489284145786, 0.5815325038440116, -0.26371644041416786, 0.7528222828439455, 0.28609870585082625, -0.005337081994277605], [-0.5227248786823205, 0.5320072503662608, 0.26161077203595345, -0.6340969487542514, 0.2004458202638083, -0.690652803825563, -0.3716725931727451, 0.2576468126916822, -0.433229039832155, 0.19428581650802929, 0.7252157554949368, 0.13936888562706146, 0.6426441732715104, -0.03585037006181045], [-0.49043492713470216, -0.5207362736406451, -0.3411635224722564, 0.07625975080738459, 0.36549975273485885, -0.2398787228376378, 0.609771224340341, 0.6280739234183998, 0.17614152211029901, 0.29269644768450725, 0.09768803419407163, -0.2470739976115115, -0.116442950116899, -0.03852405702015484]], "inverted": false, "swapped": false, "error_lsq": 0.05062580606116313, "error_max": 0.38771280354312004, "target": "1052.xyz", "model": "22.xyz", "model_rescale": 4.204369325754507, "target_rescale": 3.9811704411126017},
{"mapping": [8, 2, 1, 4, 12, 7, 13, 14, 9, 11, 3, 5, 10, 15], "R": [[-0.6908151409272567, -0.7224178329553036, 0.02978112982775849], [-0.709426649950068, 0.6692886575772329, -0.220831431592266], [0.13960039185574838, -0.1736812237020138, -0.9748572014028992]], "T": [-0.09228239563312442, -0.041234354772559295, 0.02457635606598424], "aligned_model": [[-0.0018358435210024393, 0.20342199012035245, -0.5338207849585309, -0.5767106777589436, -0.5101586409052637, 0.06818799496071003, 0.19255366008783986, 0.05224511500727079, 0.5564814146906626, 0.5767261506552847, -0.465949136342464, 0.4879118486607688, 0.25645462177898337, -0.07439344253679278], [-0.4552798389063687, 0.5434805129933973, 0.3107315397149377, -0.5835851398116749, 0.03978484398597537, -0.7265924740166912, -0.23440403275169272, 0.38316131022925226, -0.45017490750036204, 0.12868904447018248, 0.7031394808369906, -0.044436149982969575, 0.6605052386733523, -0.010020776003932055], [-0.6020478645123346, -0.5463813680017839, -0.3170129936640396, 0.10106095621634954, 0.369474015204426, 0.03718790117954818, 0.6015371365725355, 0.6560342566990718, -0.00513878662887482, 0.23137772279908314, 0.20264756267039657, -0.5709293367317727, 0.08660919110840587, 0.007457811545044678]], "inverted": true, "swapped": false, "error_lsq": 0.03956861811197899, "error_max": 0.20104825076641877, "target": "1052.xyz", "model": "23.xyz", "model_rescale": 4.410303926677745, "target_rescale": 3.9811704411126017},
{"mapping": [0, 5, 12, 7, 13, 1, 11, 14, 10, 9, 6, 4, 15, 16], "R": [[-0.24669535083298583, 0.8708086777461481, -0.4252454004917584], [0.6141113647789634, -0.19897811050943054, -0.763724389546004], [-0.7496723521157157, -0.44955528948072976, -0.48568653077184276]], "T": [0.08270816752038888, -0.009360984274342132, 0.010829090084728668], "aligned_model": [[-0.3167012700085923, 0.027994151233313593, -0.5844246833986915, -0.41478236658632084, -0.5318021544854515, 0.0777802426828662, 0.1589970391710834, -0.0004762200453207882, 0.6568436354007984, 0.5533828083561929, -0.334162251124711, 0.5174924094825937, 0.3154026119814368, 0.10557031727967811], [-0.3016160197467355, 0.42213266645242337, 0.19229857348843588, -0.43678476514008874, 0.17372785552774808, -0.8666906809899814, -0.31989302899276156, 0.3281243372565464, -0.31158512322870885, 0.15285540851677537, 0.6233676958259963, 0.058707616846598795, 0.6482771329409579, -0.09792301682680897], [-0.5596486978614637, -0.44350739230707587, -0.38972429808119213, 0.11919410615056496, 0.29899946454633103, -0.025182800404434255, 0.5571543996540587, 0.5916337090670042, 0.06386662990936778, 0.3910542970506913, 0.07224212776355161, -0.5185230625263094, 0.16142654403807044, -0.06710882254310928]], "inverted": true, "swapped": false, "error_lsq": 0.03851159715738497, "error_max": 0.2002314726176008, "target": "1052.xyz", "model": "24.xyz", "model_rescale": 4.28219845311461, "target_rescale": 3.9811704411126017},
{"mapping": [0, 1, 4, 2, 13, 6, 14, 12, 10, 11, 7, 8, 9, 15], "R": [[-0.7914959977371465, -0.29344677635066047, 0.5361185270212964], [0.41863053612283013, -0.8994086491603803, 0.12574798623044459], [0.4452892989861657, 0.32396461421720996, 0.8347241274478074]], "T": [0.016759380035737025, 0.13385066756185182, -0.009826391582181328], "aligned_model": [[-0.3263216221542104, 0.1641745552845709, -0.597444131082282, -0.4131929374222924, -0.38622836881151096, 0.18595613350547924, 0.15425786676990283, 0.135549482915865, 0.6345946144526856, 0.4512150045735252, -0.48475961832986164, 0.5499062262681496, 0.18302370378586374, -0.01961663981700971], [-0.3680082305834016, 0.2130758119703572, 0.21711598071924643, -0.38168685664234847, 0.19497807825178165, -0.7136467826183702, -0.41177862202326654, 0.24409435797301718, -0.340540515242084, 0.17195513183166763, 0.7179004380392663, -0.132786827490109, 0.7637313952847156, 0.09059529245992526], [-0.5538734891064486, -0.6277823296930455, -0.39773038431854163, 0.12486618519097623, 0.4223550181040481, -0.26539960127823503, 0.5035228748897621, 0.7372714202304887, 0.14162474779522694, 0.31616966876024855, 0.1037982784233735, -0.3656422758730206, 0.17039604700441205, -0.05769995567318916]], "inverted": false, "swapped": false, "error_lsq": 0.03990123310656201, "error_max": 0.22585341151228647, "target": "1052.xyz", "model": "25.xyz", "model_rescale": 4.100010024507729, "target_rescale": 3.9811704411126017},
{"mapping": [11, 1, 2, 10, 5, 3, 0, 4, 12, 6, 9, 13], "R": [[0.8152958038316651, -0.446389070335939, -0.36882184064815804], [0.20995149990431974, 0.8214946356811683, -0.5301574589072483], [0.5396416588277868, 0.3548004529755852, 0.7634811841990043]], "T": [-0.03904065598174071, 0.10381550323163258, -0.07286058956371758], "aligned_model": [[-0.6791660869835047, -0.14679718158509886, 0.4569855937480904, 0.6950149039431959, -0.5160806431012556, 0.1848763503361026, -0.3154245452511801, 0.5727025557127183, 0.12281044770321946, -0.04086400069030925, -0.39388205283764327, -0.06340973863132779], [-0.28867045492076293, -0.5764352379901154, -0.12683206199348018, -0.330271377561356, 0.6186906807409793, 0.6573596690474163, 0.16801618984183952, 0.2835046430960293, -0.4559729887474281, 0.7226719109018482, -0.06844541734524717, 0.06251583498091666], [-0.05503456720152258, 0.1675729889815625, 0.4629181683603576, -0.24619382181051283, 0.23677965644974883, 0.19567484186688008, 0.6537863767308605, -0.14072921544959366, -0.48830398555289833, -0.45959229056312445, -0.6651883123336235, -0.09649754962377763]], "inverted": true, "swapped": true, "error_lsq": 0.03597935917222797, "error_max": 0.19308518074151146, "target": "1052.xyz", "model": "26.xyz", "model_rescale": 3.6694154284099745, "target_rescale": 3.9811704411126017},
{"mapping": [6, 0, 1, 3, 7, 12, 9, 8, 11, 10, 5, 2, 4, 13], "R": [[0.4853458829148425, 0.09748121040587521, -0.8688709844133464], [0.8202919955437213, -0.39469577624448876, 0.41392787567601697], [-0.302589517307708, -0.9136261039575031, -0.27152702661599326]], "T": [0.018507405104653818, 0.05865827082705402, 0.07743505821673208], "aligned_model": [[-0.2058548727787211, 0.021844911902720865, -0.6361835992193099, -0.5077853280899065, -0.5356816130173994, 0.14669993560469907, 0.09462288296744464, 0.08626889058063525, 0.6771706322148339, 0.5586608707323844, -0.49583375933511825, 0.4454079746094585, 0.527622736899442, 0.05415460686771156], [-0.2906877434574048, 0.5022966844300769, 0.19333924020214266, -0.5424074861070871, 0.026112300848538744, -0.6961542629218958, -0.36871522957300895, 0.41168165233879805, -0.48756047299507865, 0.11918945336108194, 0.6548993292034438, -0.014708057896988674, 0.7031775179637237, 0.05453572653405513], [-0.4691995202458252, -0.41257225005255027, -0.4995288739672608, 0.19812944566424368, 0.3739882857316518, -0.1312693436940447, 0.6031934253930131, 0.6057721339762812, 0.014321617529612224, 0.3352352316146974, 0.0004398207660177289, -0.44649521555002786, 0.046986920493883824, 0.0328745267963634]], "inverted": true, "swapped": false, "error_lsq": 0.04532970973554402, "error_max": 0.32045562271927114, "target": "1052.xyz", "model": "27.xyz", "model_rescale": 4.103607728864725, "target_rescale": 3.9811704411126017},
