[{"mapping": [8, 9, 7, 6, 4, 3, 11, 12, 10, 13, 1, 14], "R": [[-0.260521083021188, 0.2063945954205903, 0.9431490000432794], [0.7000146359769456, -0.6323926909317137, 0.33175140372605816], [0.6649122308391773, 0.7466463389298287, 0.020272391155259972]], "T": [-0.040861038882937045, -0.05253609697038153, -0.0929443248937555], "aligned_model": [[-0.3789132640730596, 0.3512930890516629, 0.20195697841325236, -0.29236310895502515, 0.06270788891553616, -0.5745139038706696, 0.3589893835426142, -0.1383244145446045, 0.6268886263229977, 0.07827265414879905, -0.4482702175321107, -0.010081248958843755], [-0.36253673904578687, -0.552902886829059, -0.5357775968648304, 0.6331234186488027, 0.5519492740976547, -0.6435750629513108, -0.29243248094665314, -0.5656886182016406, 0.13217584591756548, 0.4388291267635205, 0.2959656329797544, -0.045574877590960135], [-0.5986576034202075, 0.003170823903471426, -0.5278622958666326, -0.018376536172848942, -0.6376210385990921, 0.018924677631485073, 0.5521885825194524, 0.5274015118888138, 0.2059076962805742, 0.32294812866153594, 0.4193377567270319, -0.08540995820002112]], "inverted": false, "swapped": true, "error_lsq": 0.05554683741061689, "error_max": 0.3330861546448467, "target": "1053.xyz", "model": "0.xyz", "model_rescale": 3.751011558992144, "target_rescale": 4.2376218465457605},
{"mapping": [4, 11, 6, 7, 8, 8, 10, 0, 1, 3, 13, 13, 12, 9, 14], "R": [[0.09443691319457066, 0.10551482294273112, 0.9899233766133848], [0.6105029451639334, 0.7793065409431648, -0.14130629564659486], [-0.7863636711931983, 0.617695667284921, 0.009178193994022456]], "T": [0.030825486441791977, -0.04670256441518428, -0.0014136429411579082], "aligned_model": [[0.10408800996044067, 0.6121215664451538, 0.15402237759846843, -0.2188792082545067, -0.20576188556814468, -0.20576188556814468, 0.734033380094062, -0.707714966961067, -0.42770128527494455, -0.37892875874038967, 0.12838155766782539, 0.12838155766782539, 0.1746411591287421, 0.601529019231369, 0.06476950526367278], [-0.8077106980889187, 0.25772339800873945, -0.08832529427153216, 0.2948439534723502, -0.5783782102169586, -0.5783782102169586, -0.46099235395265487, 0.11009542608849013, -0.3121479777254012, 0.5729632779981456, 0.4126667996012063, 0.4126667996012063, 0.6671002502107899, 0.1402847518044431, -0.0037969518644658043], [-0.2040788669928123, -0.4554518458510769, -0.7408836015187706, -0.5119727143156391, 0.31759368488466316, 0.31759368488466316, -0.08088927894991595, -0.07541977350474346, -0.4541580317605359, 0.17612956817696362, 0.5526303974299094, 0.5526303974299094, -0.14898633078971701, 0.2697373160628093, -0.004688462208677974]], "inverted": false, "swapped": false, "error_lsq": 0.051935820469094986, "error_max": 0.38903447850888745, "target": "1053.xyz", "model": "1.xyz", "model_rescale": 3.9405287249114394, "target_rescale": 4.2376218465457605},
{"mapping": [6, 2, 1, 7, 3, 13, 5, 8, 12, 11, 9, 10, 14], "R": [[-0.7884496049131824, -0.17163150500296281, -0.5906689825974146], [0.3330727530881678, -0.9264431106893427, -0.17540155018278247], [-0.5171167775875342, -0.33503102714028243, 0.7876194824855542]], "T": [-0.012015954836345218, 0.052988810393773074, 0.08905280309011829], "aligned_model": [[-0.40257064542439425, 0.28437756597175134, -0.41746391979706043, 0.49189243520379566, 0.4981176931793312, -0.6485914597785931, 0.06588350488979372, 0.6530242637570506, -0.05834738208216581, -0.44203224672845887, 0.09222903971457927, -0.5871483763722776, -0.03338719324942038], [0.6508556624611923, 0.2933833983988439, 0.25606696603564016, -0.2162792359893273, -0.21307411201219634, 0.1769574787408443, 0.25518231666332025, 0.20664034592554303, -0.5881528311897661, -0.6125090950739495, -0.547139294072517, -0.2441660689222166, 0.04106706260660594], [-0.08113790929770293, -0.5163712896656788, -0.4976667518813105, 0.4830168012717231, -0.4727312264322837, -0.0004041620409650504, 0.6355248315821364, 0.07361459065772771, -0.4053603552418188, 0.01272698759082394, 0.29489047121408685, 0.47666384935296, 0.11035451247894616]], "inverted": false, "swapped": true, "error_lsq": 0.052083667407814636, "error_max": 0.26840676876104735, "target": "1053.xyz", "model": "2.xyz", "model_rescale": 3.932901565614263, "target_rescale": 4.2376218465457605},
{"mapping": [11, 10, 9, 13, 12, 3, 7, 1, 6, 2, 5, 4, 8, 14], "R": [[0.7378137066203417, 0.4423637295853956, -0.5098482765200365], [-0.6750021280171944, 0.48156623137269333, -0.5589866652915443], [-0.0017497129512539789, 0.7565766950870223, 0.6539026249800406]], "T": [0.08196877661630397, -0.08516475890478904, 0.052122249681290464], "aligned_model": [[-0.19209534692378571, 0.21573584304708737, 0.2660302815609877, -0.2190285618889597, -0.4428611489993046, -0.27922385707181413, 0.6084132143621316, -0.5938303360800766, -0.17113291187263963, -0.35825717761606335, 0.6337676482598759, 0.5428451389471256, 0.31614873695401513, 0.0932983893741243], [-0.15042280028706911, 0.2909289784037851, -0.4582888525546335, 0.4596234546388598, -0.5412283280260362, -0.7772445779110307, -0.5328493442137702, 0.19914465292728156, 0.51891063942858, -0.3314462371825461, 0.10794915626976058, 0.4679561077675545, -0.5195848295391556, -0.06995138137109136], [-0.6923623692393106, -0.5881749629347196, -0.43807126252936507, -0.15086927090850016, -0.36526623477118664, 0.24497586991472653, -0.011684836619989411, 0.1631733343137523, 0.38374713737344407, 0.5597870523669322, 0.11382507576094787, 0.4451261867986906, 0.5238897491207812, 0.02580089441089417]], "inverted": true, "swapped": true, "error_lsq": 0.055519283244077414, "error_max": 0.3377010170296237, "target": "1053.xyz", "model": "3.xyz", "model_rescale": 3.9243930471874484, "target_rescale": 4.2376218465457605},
{"mapping": [8, 5, 0, 2, 6, 7, 3, 4, 13, 10, 1, 11, 14], "R": [[-0.6466158051072289, 0.6134021042140212, 0.45345987598831883], [-0.5180110234478761, 0.08327508341238393, -0.8513106601406708], [-0.5599576592672113, -0.7853681423564824, 0.2639020666829155]], "T": [-0.09390936532429704, -0.08008034734085677, -0.0673334245023775], "aligned_model": [[-0.04468673652298456, -0.19562372645068976, 0.6089220989655508, 0.3673285627600272, 0.5582683656154065, -0.5866979312544967, -0.12026870416839212, 0.2686881406411324, 0.14359706673940292, -0.4601768355712303, 0.4219684480161051, -0.5724811399731375, -0.11163172248534163], [-0.6678309673857926, 0.10561473294989872, -0.27678961095375965, -0.5824683562352584, 0.25696861993795006, -0.3894828721252686, -0.8062294212334468, 0.24593200570777235, 0.46483993349315245, 0.5728565753868963, 0.05137421058226259, 0.20598091826580833, -0.05293621470862768], [-0.4112112611999635, -0.6157436210011646, -0.4853198494023047, 0.14956026241341452, -0.06952856619153513, -0.4455742012102076, 0.2771078928276575, -0.7269096546841352, 0.20698707254230853, 0.02669935151633121, 0.4488626687411898, 0.5007907805929293, -0.06865055957355616]], "inverted": true, "swapped": true, "error_lsq": 0.04829567099514771, "error_max": 0.258584393879683, "target": "1053.xyz", "model": "4.xyz", "model_rescale": 3.8936222436046832, "target_rescale": 4.2376218465457605},
{"mapping": [0, 5, 6, 2, 13, 10, 9, 12, 3, 8, 1, 14], "R": [[0.20941273244383812, -0.13718680044146547, 0.968156025274356], [-0.8181894580073472, -0.566764422414187, 0.09666488654706598], [0.5354552439710061, -0.8123779116089673, -0.2309324802486732]], "T": [-0.15587916526582832, -0.11171059199010556, 0.0335186346164306], "aligned_model": [[0.08126239621904244, -0.48841379508432714, -0.33150166307354834, 0.47300155668548793, -0.5507405655464713, -0.8295703697020946, -0.20941653640030974, 0.17458928074113497, 0.6086212636817439, 0.3252343930935784, -0.03979854289305498, -0.1857193755060844], [-0.3995267971922837, -0.5893147628063832, 0.13235045930836753, 0.04574829296050735, 0.35696014544487553, 0.08531625769984326, -0.18360187978075637, 0.4118035425752161, -0.011473444863899257, -0.5930106184189304, 0.5226076407578171, -0.1089359305745666], [-0.7203414086456458, -0.04953071046075023, -0.6362078462899673, -0.26961952912483805, -0.19676676933972329, 0.3103601585150823, 0.6701938256752219, 0.5573288425724199, 0.26181388603089034, -0.021305207309252665, -0.3325883094431726, 0.045947787095253836]], "inverted": true, "swapped": true, "error_lsq": 0.047610528781785295, "error_max": 0.2160661341950243, "target": "1053.xyz", "model": "5.xyz", "model_rescale": 3.6523030999806103, "target_rescale": 4.2376218465457605},
{"mapping": [0, 2, 1, 6, 13, 8, 12, 5, 3, 9, 11, 10, 14], "R": [[-0.568042732704199, 0.44830124123418114, -0.6901836356578146], [-0.6250700577024861, -0.780532951425173, 0.007465567849774757], [-0.5353642468317781, 0.43565388652851644, 0.7235957534195747]], "T": [0.08591653796937504, -0.1407147548567165, -0.04214704085542613], "aligned_model": [[0.22691585368835226, -0.2708344383490181, 0.2650612806246335, 0.6109656262515119, 0.6057016956116259, -0.3637749415037082, -0.3857711007770128, 0.3416351264398893, -0.6646492193905694, -0.20304425833292084, 0.06844758752358981, 0.5451154542547073, 0.10531423862321403], [-0.6437761199443912, -0.09108406854127958, 0.35385458143867565, -0.10419369677347998, 0.24464635968444812, -0.6244293709254394, 0.5094309735673223, -0.6158041550715472, 0.010236251571027283, -0.01893163008750566, 0.5138131071891155, 0.14093611893862504, -0.13387144688238795], [0.6169642615135064, 0.5762723516930769, 0.48051629108098953, 0.4696461643896063, 0.057448913525762355, 0.13083668269083049, -0.15383804371897253, -0.2755571585485951, 0.2038040739632671, -0.6034494860663192, -0.4948226610982624, -0.5704743904794614, -0.06723725946363972]], "inverted": true, "swapped": true, "error_lsq": 0.05463477347863814, "error_max": 0.3766249257377331, "target": "1053.xyz", "model": "6.xyz", "model_rescale": 4.08911054899281, "target_rescale": 4.2376218465457605},
{"mapping": [0, 7, 6, 4, 1, 9, 2, 8, 3, 10, 12, 12, 5, 13, 14], "R": [[0.9502301231609571, 0.24222695873252398, -0.19593063441101996], [-0.20896159066462194, 0.9619815417603503, 0.17585950909544418], [0.23107956782118058, -0.12616502596033408, 0.9647199695041068]], "T": [0.012896882192780876, 0.022071959183985256, 0.0036728039760702824], "aligned_model": [[0.032864419881841814, 0.6820774718335296, 0.17159411089889728, -0.31699727106145836, 0.15350878285517927, -0.5241401101666483, 0.6534219865771862, -0.6622642409228299, -0.38613952357717296, -0.3714045368509919, 0.256129475824683, 0.256129475824683, 0.10688936915751389, 0.5829751893524072, -0.07742445693645736], [-0.8055151794663887, 0.2520965485326059, -0.16139935845196055, 0.3231680290503685, -0.6238364955140651, -0.5084075922352691, -0.44395201039317744, 0.09746587177131019, -0.3526665741311222, 0.5558336811201354, 0.5254692063180935, 0.5254692063180935, 0.7263214279995858, 0.014165731151469001, -0.08559753162119725], [-0.4428213264254517, -0.310293740866703, -0.432556988288745, -0.541634901876269, 0.32144099054779063, 0.21519117734196863, -0.1469551938335833, -0.056511820829822035, -0.5679847987764972, 0.2980972289456739, 0.4457486289021759, 0.4457486289021759, -0.2714623040171795, 0.4628489549420542, 0.09093160830944044]], "inverted": false, "swapped": false, "error_lsq": 0.05409985983207642, "error_max": 0.39083613108051013, "target": "1053.xyz", "model": "7.xyz", "model_rescale": 3.964800864290218, "target_rescale": 4.2376218465457605},
{"mapping": [4, 8, 5, 6, 10, 2, 13, 7, 3, 12, 1, 11, 9, 14], "R": [[-0.9402089230197643, 0.3094028113839546, 0.1423976171911597], [0.25636159994029833, 0.3676018013520654, 0.8939505834881296], [0.22424520318184174, 0.877005596305076, -0.42494149350176763]], "T": [0.03200815102628022, -0.034758534029131614, 0.006025163595036062], "aligned_model": [[-0.19656020527109447, 0.330119698453959, 0.2230766488315445, -0.6616504646917584, 0.06197868375636841, -0.23863499127684581, -0.474250208698252, 0.6995406701332544, 0.22849657333687776, 0.16000840607512348, -0.6300458530257999, 0.15026892321487392, 0.5717558284742104, 0.03708418014841147], [-0.0514808959051218, -0.6325237356922894, 0.06516851305442509, -0.047565535065152535, 0.7176768801368367, -0.6403606771210131, 0.37902292925812614, -0.14691155124470812, -0.5816950864850909, 0.04445037022997259, -0.059865594785695246, 0.5462983893006652, 0.22207784893828555, -0.003343388438038046], [-0.7815525647634018, -0.1351551965547001, -0.5408657141264516, -0.2340088408480921, -0.04154964554617581, 0.2746798546300847, 0.038987667801630016, -0.1471368907238889, 0.5617947388948141, 0.8028911881238364, 0.339075845915811, 0.5370753921027259, 0.24287410987032998, -0.0002949060515003779]], "inverted": false, "swapped": true, "error_lsq": 0.0491603085561555, "error_max": 0.361577356858266, "target": "1053.xyz", "model": "8.xyz", "model_rescale": 4.121658175737393, "target_rescale": 4.2376218465457605},
{"mapping": [8, 7, 5, 4, 3, 2, 9, 1, 10, 12, 0, 6, 14], "R": [[0.37755001385317505, 0.04920214786366252, 0.9246810994527084], [0.27759099615887567, -0.9586752206740906, -0.06233025041668647], [0.8834020748736049, 0.28021593443465354, -0.37560591608482885]], "T": [0.045045327638482464, -0.06903185437691622, -0.04789599549030235], "aligned_model": [[-0.542349054650749, -0.15884004912145305, 0.24436087239413254, 0.2856652743417222, -0.6581244399840759, -0.5400367857077178, 0.11175112950209765, 0.0708687529239764, 0.7598365650374833, -0.11828012070687316, -0.2943188484182119, 0.2409622981612019, 0.07524190266366391], [0.06969104272401214, -0.29420559150331566, 0.20033583049118026, 0.6583646107208898, -0.41399459388149673, 0.08631582786153441, -0.6394539400958508, 0.06400917629609201, -0.30377821292512736, -0.7674988755055105, 0.6995985466675871, 0.508743975351291, -0.07774035678957641], [-0.36703455880740943, -0.6718864757630737, -0.5309038439720211, -0.3408093494111819, 0.1342580590858881, 0.3338408608306619, -0.33696153546303986, 0.6811457458658063, -0.10523953805631556, 0.3304189462888555, -0.010232809391788361, 0.36043505766079875, -0.05595512490809186]], "inverted": false, "swapped": true, "error_lsq": 0.05084467876724215, "error_max": 0.3225741321045707, "target": "1053.xyz", "model": "9.xyz", "model_rescale": 3.833441315466971, "target_rescale": 4.2376218465457605},
{"mapping": [1, 13, 0, 10, 6, 6, 5, 11, 12, 7, 3, 9, 8, 2, 14], "R": [[-0.7758585967774942, -0.45154294792204813, 0.44062728466167866], [0.16522962481678644, 0.528601800209336, 0.8326339579301058], [-0.6088863677972775, 0.7188108951576316, -0.3355119790906471]], "T": [-0.00010806024638238682, -0.0411737357406515, -0.032456202602500796], "aligned_model": [[0.07186111305644219, 0.7072248505822414, 0.28082476653807836, -0.16886945640949225, -0.249191967909931, -0.249191967909931, 0.6116423516474693, -0.5839265655667107, -0.4582953532507365, -0.3848469732703778, 0.21427543046530453, 0.1823819172923771, -0.037316980934169026, 0.5977125442805538, 0.022936434079243725], [-0.707924371286396, 0.1030003105124018, -0.2569991207027599, 0.33897000271984323, -0.6131353492281888, -0.6131353492281888, -0.3272625112745653, 0.3009517998106116, -0.3403042915659674, 0.28634747260356586, 0.1762302703726393, 0.6623840351092364, 0.7138069040305185, 0.29519808865980135, 0.020487069915929357], [-0.34208979413817187, -0.3709536753558188, -0.614108256449572, -0.7415150667274949, 0.23595893796282794, 0.23595893796282794, 0.004284068602529528, -0.11872990550709245, -0.2846572581350905, 0.4018476123377714, 0.7806225554423741, 0.32756323813279353, -0.22266422601030772, 0.18228730831271647, 0.03598166654673612]], "inverted": false, "swapped": false, "error_lsq": 0.05159114468908174, "error_max": 0.34086397859482753, "target": "1053.xyz", "model": "10.xyz", "model_rescale": 4.2482417240324, "target_rescale": 4.2376218465457605},
{"mapping": [10, 5, 8, 0, 11, 12, 9, 2, 6, 1, 13, 14], "R": [[0.15761214161377773, 0.4224122809703675, 0.8925952485316793], [-0.30432999946305067, -0.8391205159234548, 0.450843666012039], [0.9394368867799148, -0.3427019472395317, -0.003702852345855878]], "T": [0.012949162229983824, -0.015553695131172184, 0.062301867083169656], "aligned_model": [[-0.736710973658802, -0.0927904928135237, 0.5779665893754169, 0.6436174065049323, -0.5914373207576193, -0.100902380250108, -0.3076877379045164, 0.6372340922403164, 0.1080679643319684, 0.10163807873016847, -0.34357513013328483, -0.018654493301941126], [-0.07809808968155682, -0.5790999667712246, -0.17327958397266469, -0.43350935119131734, 0.4928900857389253, 0.7649962975503913, 0.16707667010569793, 0.2865291296924342, -0.19143379679400735, 0.3765464474407625, 0.056340778224906664, -0.02282723029170752], [0.003833694907243966, 0.19198202284824883, 0.41159182704801967, -0.3050533945070959, 0.161443202875046, 0.2505387180304444, 0.5888263529748742, -0.11430872806024683, -0.6440700045610518, -0.5608035654566623, -0.48205166371314156, 0.06326382746867781]], "inverted": true, "swapped": true, "error_lsq": 0.05133147355013559, "error_max": 0.2452795539060651, "target": "1053.xyz", "model": "11.xyz", "model_rescale": 3.6694154284099745, "target_rescale": 4.2376218465457605},
{"mapping": [8, 3, 12, 9, 7, 0, 5, 6, 11, 13, 1, 10, 2, 14], "R": [[0.5401608046282184, -0.3479226083803456, -0.7662742092235733], [-0.309300478144392, -0.9288862673742594, 0.2037241186093746], [-0.7826618167274078, 0.12696519547235272, -0.6093605827222671]], "T": [0.08543487821984008, -0.02414839938890488, -0.013881087983764653], "aligned_model": [[-0.08170305182046259, -0.21976366487338594, 0.11875618328539064, 0.6162271277908927, 0.5151988093131695, -0.5251006833361215, 0.36873315200695544, -0.3918532903980676, 0.48780578841169475, -0.0070148253517185455, -0.45840757077742866, 0.6213562557299416, -0.5571649111039215, 0.1111955313788717], [-0.31348438882915536, 0.3783769537074916, 0.7640171589829234, 0.24952260372535945, -0.22120546702190425, -0.6010940310296475, -0.5372913017051699, -0.23768776456108803, 0.6260983291847685, 0.12299749756995411, 0.31457041079178366, 0.10826191542317563, 0.10085566684084242, -0.022950294943079933], [-0.6092593061590722, -0.6395441784340542, -0.20186598120655525, -0.25211138859154064, -0.521924446218222, -0.055825327084931306, 0.030937073503063114, 0.5014242208804375, 0.20726127837061642, 0.6173084953843322, 0.35944662873974764, 0.5004888503360222, -0.30304627156472974, 0.00580581169730169]], "inverted": true, "swapped": true, "error_lsq": 0.049947378851511, "error_max": 0.29196303292831266, "target": "1053.xyz", "model": "12.xyz", "model_rescale": 3.9764082729961374, "target_rescale": 4.2376218465457605},
{"mapping": [2, 3, 8, 11, 0, 9, 7, 12, 1, 13, 6, 6, 14, 4, 15], "R": [[-0.3455416758452384, 0.9108033956613515, -0.22591618956112033], [0.3898374366449988, 0.3583135036002193, 0.8483149215520098], [0.8535969325414197, 0.2050575714024907, -0.4788775095641805]], "T": [-0.056657235589068336, -0.02873177083879397, 0.006954797441577364], "aligned_model": [[0.06941994283167661, 0.5838684494353101, 0.0728530165325084, -0.06555773961307156, 0.17377621146313338, -0.34120883515268147, 0.5841994977956845, -0.6921876403823898, -0.45571984807091676, -0.35254102749186444, 0.1151671676645082, 0.1151671676645082, 0.22308674745749685, 0.47982494968219036, 0.04707208287426977], [-0.7164940985923494, 0.20299581865682934, -0.13647519290247057, 0.4648831111479924, -0.6621897101132507, -0.45642318640970675, -0.4220368685822647, 0.011419620658588758, -0.4150311591519153, 0.5054000447248095, 0.5377286362807588, 0.5377286362807588, 0.7082679291461368, -0.11989816426042593, -0.0012604564350101113], [-0.3769033007022474, -0.4874869265302272, -0.6795372172577656, -0.6149855759534133, 0.27665722448304897, 0.31938009531350087, -0.06819469548693802, 0.04821622364486013, -0.3010133700190647, 0.047408863724838955, 0.48992248508924435, 0.48992248508924435, -0.1248889955349391, 0.475718357646821, 0.015570489470065335]], "inverted": false, "swapped": false, "error_lsq": 0.04983747270878806, "error_max": 0.36143464999495173, "target": "1053.xyz", "model": "13.xyz", "model_rescale": 4.170626492500431, "target_rescale": 4.2376218465457605},
{"mapping": [3, 12, 2, 1, 8, 4, 6, 9, 7, 11, 9, 13, 5, 14], "R": [[-0.9747517034142035, 0.22311781023082072, 0.008806784254893434], [-0.21663373867832497, -0.9545113592839933, 0.20488506110518384], [0.054119681792855714, 0.19780421571753015, 0.9787464187863029]], "T": [-0.034093701786074265, 0.10132059875685508, 0.10022698349848617], "aligned_model": [[0.23248989178821242, 0.05830165583214275, -0.21141770706758925, -0.6922393132106869, 0.35947359298864223, -0.23597062650216907, -0.7101205654830035, 0.45110115000643114, 0.6466250877647262, -0.02451927262229736, 0.45110115000643114, -0.6007304664837722, 0.15303125237933488, -0.03394280730475913], [-0.3294733514882874, -0.699515470928368, -0.007900425948846004, -0.1756906525693568, 0.3534875567063705, 0.8854534429210892, 0.3810086769001309, -0.2201359047200347, 0.23364664671673907, -0.552375727194418, -0.2201359047200347, 0.00850265879573063, 0.5990652878594445, 0.10013763559550568], [-0.5242542999781438, 0.01203251521074157, -0.5844656293735128, -0.09971737520354969, -0.39740966599924576, 0.23131168536530805, 0.03935928903730126, 0.37343309332108665, 0.1275825095008355, 0.5543377049422726, 0.37343309332108665, 0.41472143456080124, 0.35085957061783674, 0.13264917579804852]], "inverted": false, "swapped": true, "error_lsq": 0.05044698361170807, "error_max": 0.40360904590326063, "target": "1053.xyz", "model": "14.xyz", "model_rescale": 3.9786697098870705, "target_rescale": 4.2376218465457605},
{"mapping": [9, 8, 10, 11, 5, 6, 3, 2, 13, 12, 0, 14], "R": [[0.7250389337844928, 0.3135043049795193, 0.6132157819690837], [0.33492027335150254, -0.9385112403016346, 0.08381564487398926], [0.6017864696009715, 0.14460879152664396, -0.7854561365336724]], "T": [0.020041545420580974, 0.045190964389981686, -0.1008764180232276], "aligned_model": [[0.011630166463931273, -0.6608945894586223, 0.6357612724426539, 0.5486845875178138, -0.08689444058792128, 0.3116942966713727, -0.4438558200315517, -0.31214925084141837, 0.6290964575796166, 0.16465649491224743, -0.35745405568621597, 0.04307947778543074], [-0.5079667537065422, 0.08905263384971368, -0.0739190842088901, -0.5481412836783608, 0.3419545203760105, 0.6472128428444431, -0.4061381517077526, 0.10681648953292694, 0.2435211126047528, -0.6697654780276667, 0.7507031271724753, 0.04134451517332949], [-0.42849768395728133, -0.0779034058326865, -0.5204269654745436, -0.14692509911782153, -0.5969392209648463, 0.20153216035114913, 0.37633252639464715, 0.5300186435662593, 0.03446174776434453, 0.25349256860491115, 0.1582160602515209, -0.12339483771182308]], "inverted": false, "swapped": true, "error_lsq": 0.059197395143652874, "error_max": 0.2934862418828371, "target": "1053.xyz", "model": "15.xyz", "model_rescale": 3.769337070930944, "target_rescale": 4.2376218465457605},
{"mapping": [8, 7, 2, 3, 0, 5, 6, 10, 1, 12, 14], "R": [[0.5831282518431007, -0.6049525229566675, 0.5422120312855222], [0.6241538599288401, -0.09359219108101795, -0.7756754868529648], [0.5199936548058438, 0.7907420228728311, 0.3230072015058548]], "T": [0.03978426384412365, -0.0698765980836846, 0.044239837506063556], "aligned_model": [[-0.3136422158443162, -0.3492689942962417, -0.20077464635050798, -0.6650307392897816, 0.35458138408522444, 0.2998158576152628, 0.6423620641711323, 0.35990666227855234, 0.2553405889273396, -0.5140271811687613, 0.05336335056326808], [-0.0016687927925672918, -0.5503385877758941, 0.5746483383169771, 0.3133412655279266, 0.36517632706749736, -0.47729907242140235, 0.3481498707728059, -0.5373190188438822, 0.5542511596288144, 0.10097294953020361, -0.09384994138513705], [-0.5359007005306571, -0.2710860526622242, -0.15298091772020883, -0.01059622462205892, -0.6030707358610602, -0.2903834064157411, 0.011126643567044195, 0.5425769534050257, 0.3816841122314558, 0.6114760249163004, 0.06137191091590105]], "inverted": false, "swapped": true, "error_lsq": 0.04463265622755987, "error_max": 0.22462754380365754, "target": "1053.xyz", "model": "16.xyz", "model_rescale": 3.7852294659196426, "target_rescale": 4.2376218465457605},
{"mapping": [2, 6, 5, 0, 1, 13, 11, 10, 8, 3, 12, 7, 14], "R": [[0.9611770976510886, 0.15628246614243724, 0.2274079544067615], [0.16650825744230702, -0.9856872039679372, -0.026376810599400093], [0.2200308777298227, 0.0632180884740133, -0.973442287007882]], "T": [0.04301494160232726, 0.055428011527882085, 0.09805878019608491], "aligned_model": [[0.058648581529626334, -0.45991042825923506, 0.28956556123494587, 0.13069902900858688, -0.5743523328658164, -0.5919074032335674, -0.2902731834607354, -0.30174039470400543, 0.6276458980463671, 0.339840586609352, -0.0957851143716451, 0.6884571638660432, 0.03287788681636621], [-0.05916369714716928, -0.46756046355138065, -0.2675842551476139, -0.7065947727359139, 0.010506014374373374, -0.011207347332705037, 0.743178032535688, 0.28881736215395526, -0.12622878545803157, 0.41257938507595343, 0.7923392087871525, 0.2025589885174804, 0.06341595363108608], [-0.6081999109461076, -0.013707695136565529, 0.522862364530432, -0.24692242228623598, -0.3102404830448313, 0.24308463241663847, 0.3206481732091213, 0.7273391762761692, -0.20415484953837235, -0.5584201198321669, -0.21072918697615187, 0.3063695853609053, 0.12782543311033925]], "inverted": true, "swapped": true, "error_lsq": 0.0436955656143499, "error_max": 0.2729489737611396, "target": "1053.xyz", "model": "17.xyz", "model_rescale": 3.901054581598922, "target_rescale": 4.2376218465457605},
{"mapping": [4, 11, 6, 7, 8, 8, 10, 0, 1, 3, 13, 13, 12, 9, 14], "R": [[0.09443691319457066, 0.10551482294273112, 0.9899233766133848], [0.6105029451639334, 0.7793065409431648, -0.14130629564659486], [-0.7863636711931983, 0.617695667284921, 0.009178193994022456]], "T": [0.030825486441791977, -0.04670256441518428, -0.0014136429411579082], "aligned_model": [[0.10408800996044067, 0.6121215664451538, 0.15402237759846843, -0.2188792082545067, -0.20576188556814468, -0.20576188556814468, 0.734033380094062, -0.707714966961067, -0.42770128527494455, -0.37892875874038967, 0.12838155766782539, 0.12838155766782539, 0.1746411591287421, 0.601529019231369, 0.06476950526367278], [-0.8077106980889187, 0.25772339800873945, -0.08832529427153216, 0.2948439534723502, -0.5783782102169586, -0.5783782102169586, -0.46099235395265487, 0.11009542608849013, -0.3121479777254012, 0.5729632779981456, 0.4126667996012063, 0.4126667996012063, 0.6671002502107899, 0.1402847518044431, -0.0037969518644658043], [-0.2040788669928123, -0.4554518458510769, -0.7408836015187706, -0.5119727143156391, 0.31759368488466316, 0.31759368488466316, -0.08088927894991595, -0.07541977350474346, -0.4541580317605359, 0.17612956817696362, 0.5526303974299094, 0.5526303974299094, -0.14898633078971701, 0.2697373160628093, -0.004688462208677974]], "inverted": false, "swapped": false, "error_lsq": 0.051935820469094986, "error_max": 0.38903447850888745, "target": "1053.xyz", "model": "18.xyz", "model_rescale": 3.9405287249114394, "target_rescale": 4.2376218465457605},
{"mapping": [3, 13, 12, 4, 10, 2, 14, 6, 1, 8, 5, 9, 7, 11, 15], "R": [[-0.19094320925759806, -0.5124418488012443, -0.8372240097104069], [0.5392292166976018, -0.7674569126025181, 0.3467589063864133], [-0.8202271287260008, -0.3852443885324914, 0.4228643025914187]], "T": [0.04022198785080642, 0.03712437004244835, -0.15719320016303104], "aligned_model": [[0.0015162813710730486, 0.6873792607751106, 0.14199016303100415, -0.11146829135384423, 0.24524841614339252, -0.3335040116985178, 0.6543320106943125, -0.6325995903529287, -0.4785234452482421, -0.4577531346368567, -0.20601765963896126, 0.3329400162779892, 0.14338002339746853, 0.5372872563368349, 0.03301284759252792], [-0.7818695927537728, 0.20509213706709462, -0.16667691267810575, 0.4616755964734751, -0.5864951342139049, -0.40089840380136793, -0.429685545735316, 0.033480808754646964, -0.34591424483882516, 0.5384124180171074, 0.22887836830187233, 0.5634971016520465, 0.7330361328946575, -0.026333928604547578, 0.012416159913421078], [-0.3877996876329448, -0.2227991352138987, -0.655437455414752, -0.7328765714243558, 0.27520350953672035, 0.4937985124325086, -0.22572308014899423, 0.1677395682011291, -0.29756420546025897, 0.11299789124656698, 0.6134293292990312, 0.318472386366085, -0.1834760266363531, 0.36060247874666884, -0.1267813709201239]], "inverted": true, "swapped": false, "error_lsq": 0.047958823460571794, "error_max": 0.36998059692478275, "target": "1053.xyz", "model": "19.xyz", "model_rescale": 4.410303926677745, "target_rescale": 4.2376218465457605},
{"mapping": [4, 8, 5, 6, 10, 2, 13, 7, 3, 12, 1, 11, 9, 14], "R": [[-0.9402089230197643, 0.3094028113839546, 0.1423976171911597], [0.25636159994029833, 0.3676018013520654, 0.8939505834881296], [0.22424520318184174, 0.877005596305076, -0.42494149350176763]], "T": [0.03200815102628022, -0.034758534029131614, 0.006025163595036062], "aligned_model": [[-0.19656020527109447, 0.330119698453959, 0.2230766488315445, -0.6616504646917584, 0.06197868375636841, -0.23863499127684581, -0.474250208698252, 0.6995406701332544, 0.22849657333687776, 0.16000840607512348, -0.6300458530257999, 0.15026892321487392, 0.5717558284742104, 0.03708418014841147], [-0.0514808959051218, -0.6325237356922894, 0.06516851305442509, -0.047565535065152535, 0.7176768801368367, -0.6403606771210131, 0.37902292925812614, -0.14691155124470812, -0.5816950864850909, 0.04445037022997259, -0.059865594785695246, 0.5462983893006652, 0.22207784893828555, -0.003343388438038046], [-0.7815525647634018, -0.1351551965547001, -0.5408657141264516, -0.2340088408480921, -0.04154964554617581, 0.2746798546300847, 0.038987667801630016, -0.1471368907238889, 0.5617947388948141, 0.8028911881238364, 0.339075845915811, 0.5370753921027259, 0.24287410987032998, -0.0002949060515003779]], "inverted": false, "swapped": true, "error_lsq": 0.0491603085561555, "error_max": 0.361577356858266, "target": "1053.xyz", "model": "20.xyz", "model_rescale": 4.121658175737393, "target_rescale": 4.2376218465457605},
{"mapping": [0, 2, 1, 6, 13, 8, 12, 5, 3, 9, 11, 10, 14], "R": [[-0.568042732704199, 0.44830124123418114, -0.6901836356578146], [-0.6250700577024861, -0.780532951425173, 0.007465567849774757], [-0.5353642468317781, 0.43565388652851644, 0.7235957534195747]], "T": [0.08591653796937504, -0.1407147548567165, -0.04214704085542613], "aligned_model": [[0.22691585368835226, -0.2708344383490181, 0.2650612806246335, 0.6109656262515119, 0.6057016956116259, -0.3637749415037082, -0.3857711007770128, 0.3416351264398893, -0.6646492193905694, -0.20304425833292084, 0.06844758752358981, 0.5451154542547073, 0.10531423862321403], [-0.6437761199443912, -0.09108406854127958, 0.35385458143867565, -0.10419369677347998, 0.24464635968444812, -0.6244293709254394, 0.5094309735673223, -0.6158041550715472, 0.010236251571027283, -0.01893163008750566, 0.5138131071891155, 0.14093611893862504, -0.13387144688238795], [0.6169642615135064, 0.5762723516930769, 0.48051629108098953, 0.4696461643896063, 0.057448913525762355, 0.13083668269083049, -0.15383804371897253, -0.2755571585485951, 0.2038040739632671, -0.6034494860663192, -0.4948226610982624, -0.5704743904794614, -0.06723725946363972]], "inverted": true, "swapped": true, "error_lsq": 0.05463477347863814, "error_max": 0.3766249257377331, "target": "1053.xyz", "model": "21.xyz", "model_rescale": 4.08911054899281, "target_rescale": 4.2376218465457605},
{"mapping": [6, 5, 8, 1, 7, 13, 10, 4, 0, 2, 14, 15, 11, 9, 16], "R": [[0.01109939983013733, 0.9996075939125391, 0.025718894140211668], [-0.4438144874399639, -0.018123505012306668, 0.8959353990687449], [0.8960499450710395, -0.021358763036598394, 0.4434391719049341]], "T": [0.03671500028383329, 0.012834914271745261, 0.0327007422753676], "aligned_model": [[0.08765229190543289, 0.7108248162211868, 0.22101448752418304, -0.31898374174524813, 0.01001861670425612, -0.27176982892119506, 0.6246615528869499, -0.6400164968070519, -0.5256206193362443, -0.5173559485858865, 0.11572034558354781, 0.030945076849084607, 0.36291690739798277, 0.6677154540629613, -0.0005027710495967355], [-0.5006506185317909, 0.00029790052962602037, 0.08423252595806496, 0.42115356453616687, -0.6954265614145454, -0.3793676872262584, -0.5390087393907201, -0.05562566184315424, -0.38482949858936116, 0.4720756142085541, 0.25477229940238116, 0.731947588585971, 0.5720195308208647, 0.07349936148119604, -0.016474658078513164], [-0.5051673907043559, -0.17501982312802508, -0.6319029728124334, -0.5476032005263416, 0.09143040404762529, 0.4659953251595535, 0.06307906364947147, 0.1864531934132413, -0.3218709201986792, 0.09064202732679591, 0.6218077300435376, 0.15249509739434963, -0.37570825697459176, 0.3578251242245303, 0.03733074206235113]], "inverted": false, "swapped": false, "error_lsq": 0.04837818889329881, "error_max": 0.36736337429500604, "target": "1053.xyz", "model": "22.xyz", "model_rescale": 4.204369325754507, "target_rescale": 4.2376218465457605},
{"mapping": [3, 13, 12, 4, 10, 2, 14, 6, 1, 8, 5, 9, 7, 11, 15], "R": [[-0.19094320925759806, -0.5124418488012443, -0.8372240097104069], [0.5392292166976018, -0.7674569126025181, 0.3467589063864133], [-0.8202271287260008, -0.3852443885324914, 0.4228643025914187]], "T": [0.04022198785080642, 0.03712437004244835, -0.15719320016303104], "aligned_model": [[0.0015162813710730486, 0.6873792607751106, 0.14199016303100415, -0.11146829135384423, 0.24524841614339252, -0.3335040116985178, 0.6543320106943125, -0.6325995903529287, -0.4785234452482421, -0.4577531346368567, -0.20601765963896126, 0.3329400162779892, 0.14338002339746853, 0.5372872563368349, 0.03301284759252792], [-0.7818695927537728, 0.20509213706709462, -0.16667691267810575, 0.4616755964734751, -0.5864951342139049, -0.40089840380136793, -0.429685545735316, 0.033480808754646964, -0.34591424483882516, 0.5384124180171074, 0.22887836830187233, 0.5634971016520465, 0.7330361328946575, -0.026333928604547578, 0.012416159913421078], [-0.3877996876329448, -0.2227991352138987, -0.655437455414752, -0.7328765714243558, 0.27520350953672035, 0.4937985124325086, -0.22572308014899423, 0.1677395682011291, -0.29756420546025897, 0.11299789124656698, 0.6134293292990312, 0.318472386366085, -0.1834760266363531, 0.36060247874666884, -0.1267813709201239]], "inverted": true, "swapped": false, "error_lsq": 0.047958823460571794, "error_max": 0.36998059692478275, "target": "1053.xyz", "model": "23.xyz", "model_rescale": 4.410303926677745, "target_rescale": 4.2376218465457605},
{"mapping": [3, 8, 10, 11, 2, 0, 4, 7, 1, 13, 12, 6, 14, 5, 16], "R": [[-0.4746923975235793, -0.5695150947403924, 0.6710586297754899], [0.18543024317973583, 0.6806106439076653, 0.7087910667565563], [-0.8603968576462959, 0.46089229572909446, -0.2174753758243555]], "T": [0.06048170911944095, 0.13859082474442388, -0.10831100836529464], "aligned_model": [[0.056110748230268404, 0.7651530289999475, 0.21790954769428506, -0.2595624370280267, 0.26252646720486084, -0.24352672940500536, 0.5476575351096786, -0.5961601253397752, -0.5246480381858543, -0.3036240287163963, -0.1287960563465741, 0.2030583484856249, 0.07223914111962054, 0.45209776936129914, 0.03678497150640919], [-0.7561125325823315, -0.04295115867968477, -0.13062949050825853, 0.3762484998523118, -0.6473069148318038, -0.37808654426961996, -0.3476292487954086, 0.1056782095633805, -0.37118864604385404, 0.6199592185124889, 0.09976798108826712, 0.6455587139181809, 0.8073670682509527, 0.036322685814643624, 0.021617119159216547], [-0.20178711078296482, -0.4906557565268971, -0.6797310323166031, -0.6000549057242907, 0.30934508202195155, 0.35104634353061326, -0.09672965918655282, -0.009979133155485015, -0.47448503741651193, 0.2521027885200501, 0.6719726253822929, 0.43991663688214055, -0.21199364398328333, 0.3731244728244667, -0.12230552709189672]], "inverted": false, "swapped": false, "error_lsq": 0.045523680012622504, "error_max": 0.31855730683391215, "target": "1053.xyz", "model": "24.xyz", "model_rescale": 4.28219845311461, "target_rescale": 4.2376218465457605},
{"mapping": [6, 13, 2, 4, 10, 8, 14, 1, 0, 3, 9, 9, 7, 12, 15], "R": [[-0.5010776529226384, -0.43353938334183084, -0.7489758266013167], [-0.7604130491239331, 0.6337507558705048, 0.14188718813059592], [0.41315031219107545, 0.6406274912342971, -0.6472273456918118]], "T": [0.050109765480470594, 0.016952284489689204, 0.007656693754084669], "aligned_model": [[-0.15041332989099787, 0.5214575749167623, 0.280190484015184, -0.26548902168477234, 0.16509754231335771, -0.3439767979846288, 0.5877909920377117, -0.5857409180772245, -0.40272184086622587, -0.5059294665175754, 0.1538186984595667, 0.1538186984595667, 0.17356757701561987, 0.7648086028684847, 0.010941347625533768], [-0.8078210430380895, 0.27483680541705535, -0.21829833408350613, 0.3858355749255152, -0.6977015657146841, -0.48272564387020617, -0.5180314245408776, 0.004215360701725443, -0.25921064874842326, 0.5494000962009544, 0.486139456907099, 0.486139456907099, 0.7737775192189214, 0.06557605859430157, -0.0035167084284032507], [-0.29522378000152444, -0.2458058741779015, -0.5927598564903257, -0.5391258010304302, 0.3328527951990034, 0.2850802063391853, -0.06188433423966811, 0.0812031269667341, -0.6122075999704363, 0.09347653494907204, 0.4830318491189427, 0.4830318491189427, -0.1247054556626554, 0.2746046299908517, -0.051782147132761185]], "inverted": true, "swapped": false, "error_lsq": 0.05223448127264781, "error_max": 0.3231042744525507, "target": "1053.xyz", "model": "25.xyz", "model_rescale": 4.100010024507729, "target_rescale": 4.2376218465457605},
{"mapping": [10, 5, 8, 0, 11, 12, 9, 2, 6, 1, 13, 14], "R": [[0.15761214161377773, 0.4224122809703675, 0.8925952485316793], [-0.30432999946305067, -0.8391205159234548, 0.450843666012039], [0.9394368867799148, -0.3427019472395317, -0.003702852345855878]], "T": [0.012949162229983824, -0.015553695131172184, 0.062301867083169656], "aligned_model": [[-0.736710973658802, -0.0927904928135237, 0.5779665893754169, 0.6436174065049323, -0.5914373207576193, -0.100902380250108, -0.3076877379045164, 0.6372340922403164, 0.1080679643319684, 0.10163807873016847, -0.34357513013328483, -0.018654493301941126], [-0.07809808968155682, -0.5790999667712246, -0.17327958397266469, -0.43350935119131734, 0.4928900857389253, 0.7649962975503913, 0.16707667010569793, 0.2865291296924342, -0.19143379679400735, 0.3765464474407625, 0.056340778224906664, -0.02282723029170752], [0.003833694907243966, 0.19198202284824883, 0.41159182704801967, -0.3050533945070959, 0.161443202875046, 0.2505387180304444, 0.5888263529748742, -0.11430872806024683, -0.6440700045610518, -0.5608035654566623, -0.48205166371314156, 0.06326382746867781]], "inverted": true, "swapped": true, "error_lsq": 0.05133147355013559, "error_max": 0.2452795539060651, "target": "1053.xyz", "model": "26.xyz", "model_rescale": 3.6694154284099745, "target_rescale": 4.2376218465457605},
