[{"mapping": [1, 2, 7, 11, 10, 0, 3, 4, 8, 9, 5, 12], "R": [[0.04009459769505186, 0.9638570208503094, -0.26338577522948825], [0.8124920855306144, 0.12197997210287848, 0.5700679760834617], [0.5815918106247587, -0.23685550397520333, -0.778235463115674]], "T": [0.011739638357781154, -0.046279655921221, -0.03626055119639961], "aligned_model": [[-0.21628465186868598, 0.24855236341687356, 0.40275549579699044, -0.0013857864270666684, -0.27227480755323874, -0.49738246593350455, 0.3337107060682669, -0.28468999637603576, 0.7502271449571618, 0.08955074511138424, -0.6677042995526301, -0.04743198517896619], [-0.40631670660643654, -0.692529075275211, -0.20328300671390923, 0.7539641047526221, 0.3184185000017384, -0.5572626303910942, -0.48961206457916473, -0.3939772866460081, 0.22974964181213745, 0.33527774775187247, 0.21157503398574204, -0.05244922211523133], [-0.5707076393379962, -0.09594214533598062, -0.5273357388495727, -0.10016381926382624, -0.6515997549310772, 0.05461066877830391, 0.5086319739126037, 0.6693712865042132, 0.053437021404827326, 0.44517993414036694, 0.38926195801324953, 0.0072080003184510355]], "inverted": false, "swapped": true, "error_lsq": 0.04389559078099683, "error_max": 0.26588079985466445, "target": "1054.xyz", "model": "0.xyz", "model_rescale": 3.751011558992144, "target_rescale": 3.841715659567243},
{"mapping": [6, 1, 4, 10, 11, 12, 7, 8, 5, 9, 0, 3, 14], "R": [[-0.08184532873450862, -0.9710862398195261, -0.2242606898177072], [0.9965757915532398, -0.07708831884628337, -0.02990121715728604], [0.01174878097394113, -0.22594004941715712, 0.9740703569121683]], "T": [0.029899781583520458, 0.01754412272638199, 0.010894013897909744], "aligned_model": [[-0.35892483869694575, -0.5715193521107851, -0.6445225498027488, -0.10031535239048185, 0.21488771611409985, 0.551582928305212, -0.06277739805243507, -0.28929176522768285, 0.3185278071580823, 0.5101617100157343, -0.13369333629796024, 0.4694900951644435, 0.07266950606395338], [-0.5813180577125435, -0.18641445625990405, 0.2653891643094209, 0.1407294327502373, -0.5610046225041875, -0.5077005716640456, -0.581665131038496, 0.5899412832848756, 0.5534614761905884, 0.10752489931097446, -0.08899859061253922, -0.15411973767634102, -0.010800868870670624], [-0.22128102518645795, 0.2979157432497518, -0.31971349388135845, -0.7893079271190562, -0.5065920268770269, 0.07366191587392998, 0.27928968147566147, 0.11528031169948022, -0.12900773771539611, -0.4311937163978977, 0.7439632197138966, 0.6114752030390908, -0.008370579598926946]], "inverted": true, "swapped": false, "error_lsq": 0.04849407747301398, "error_max": 0.3090334874582854, "target": "1054.xyz", "model": "1.xyz", "model_rescale": 3.9405287249114394, "target_rescale": 3.841715659567243},
{"mapping": [8, 4, 2, 5, 9, 10, 3, 1, 0, 11, 7, 6, 12], "R": [[0.3202868071774044, -0.08783473326205885, -0.9432398532615589], [0.23924125870537974, -0.9559172795500342, 0.17025209188355692], [-0.9166133215708627, -0.2801913886800315, -0.28515400124912454]], "T": [-0.018793927934835083, -0.046075932621496174, 0.022883210429694278], "aligned_model": [[-0.34583706643374723, -0.6115920283704807, -0.3663331187536761, 0.16347240669938706, 0.10299549015472856, 0.29205507157070865, 0.0718358495292305, -0.5263430765815564, 0.26558137042004754, 0.6185598401632604, -0.008217749195028875, 0.4101019131946625, -0.09000373215504981], [-0.7062758227218138, -0.2967834176446595, 0.31139399860432165, 0.24425127499340504, -0.5614405006419525, -0.8210231677590845, -0.4612162697192463, 0.516621236585217, 0.7369503227791998, -0.10094957138607986, -0.013893195679001616, 0.15946826095898886, -0.022078928861925765], [-0.21767584839385568, 0.3011490742291563, -0.4414457533836834, -0.6178705458248349, -0.585350138508485, -0.09676962727748317, 0.4053023816542439, 0.2530833186681694, -0.07161843672322163, -0.2907779875165541, 0.815197711775148, 0.28585780109691544, -0.022962381519824823]], "inverted": true, "swapped": false, "error_lsq": 0.04983216613290341, "error_max": 0.30733180384932446, "target": "1054.xyz", "model": "2.xyz", "model_rescale": 3.932901565614263, "target_rescale": 3.841715659567243},
{"mapping": [10, 6, 12, 8, 11, 1, 1, 5, 7, 3, 2, 0, 13], "R": [[0.48166337690792355, -0.7112730113603118, 0.5119483320180752], [0.8759344138473482, 0.37261720594869235, -0.3064234332894473], [0.02718996108048219, 0.5960261077682953, 0.8025045700025752]], "T": [0.05960554075851353, 0.029070889013589674, -0.07081519548337165], "aligned_model": [[-0.4211109119139471, -0.49774661346764604, -0.6855575800032597, 0.32144545654717055, 0.08454808691391595, 0.208440336801492, 0.208440336801492, -0.4793374122148276, 0.22322545532788923, 0.5457466566180816, -0.009119762812632395, 0.5335296801799783, -0.056228558535220366], [-0.4860524169706043, -0.08307123914842127, 0.04642265477837801, 0.20717095064837862, -0.5137675684995613, -0.6162097591964363, -0.6162097591964363, 0.47947874754367464, 0.7234532092538012, -0.026216070821729172, -0.14906100321235147, -0.012086001868879731, 0.03117247619755654], [-0.2000634529693147, 0.3079657173838328, -0.23682920043763392, -0.7330137699890725, -0.7796261553333567, 0.2611934029664984, 0.2611934029664984, 0.08239361650009389, -0.09917474839368252, -0.21674547206846156, 0.7402000416110734, 0.4010453236846546, -0.07241913764543974]], "inverted": true, "swapped": false, "error_lsq": 0.05582998931380248, "error_max": 0.3627811219235609, "target": "1054.xyz", "model": "3.xyz", "model_rescale": 3.9243930471874484, "target_rescale": 3.841715659567243},
{"mapping": [10, 4, 8, 9, 11, 6, 3, 7, 1, 5, 2, 0, 12], "R": [[-0.7178398710874062, -0.6487566840128751, -0.2526275607011931], [-0.1586870237048901, 0.5057764280436788, -0.8479437677954013], [0.6778822523011648, -0.5685991292501215, -0.4660157532005801]], "T": [-0.05361394355696665, -0.11987382440857314, -0.11791946762955938], "aligned_model": [[-0.47045853154023526, -0.5030856161805695, -0.6000762098316873, -0.0862501955217175, 0.18924192915947324, 0.3970966481777441, 0.012562578528113919, -0.3724588894701339, 0.25886430666798493, 0.7006618983463968, -0.09163013791931861, 0.4842042828986249, 0.05760310692781033], [-0.6592175487438672, -0.09938436539119021, 0.08298661695094817, 0.1930454907429735, -0.44601639158365397, -0.6835156664317981, -0.5166209350232944, 0.5051668403423282, 0.5201634327903482, -0.07217591831615788, 0.14793387581369094, 0.10457337308913406, -0.09191458473209224], [-0.2981322751880292, 0.2692790176698957, -0.35574924243823225, -0.7493494075592837, -0.7967317630036947, -0.09175936144622024, 0.42167831638022224, 0.27012798666637805, -0.06434752986248518, -0.06876701244922546, 0.7641509915637206, 0.5015136314119588, -0.08579378346931478]], "inverted": false, "swapped": false, "error_lsq": 0.03893773935451061, "error_max": 0.23221765942763367, "target": "1054.xyz", "model": "4.xyz", "model_rescale": 3.8936222436046832, "target_rescale": 3.841715659567243},
{"mapping": [8, 9, 10, 7, 6, 5, 4, 0, 2, 3, 1, 12], "R": [[0.7205616352001876, -0.5682879209401841, 0.39729053448467067], [0.684512038938905, 0.491595767160312, -0.5383092700834414], [0.1106083108330248, 0.6598351617059731, 0.7432249733096417]], "T": [-0.09269696017653115, -0.07397714442230083, -0.1480354026988613], "aligned_model": [[0.1408356049054959, -0.44523857946947665, -0.390165427461476, 0.38775620940655997, -0.49011081757169017, -0.8118511993658253, -0.1918348197533223, -0.05288794025700774, 0.549460431141653, 0.304055713221988, 0.1631652291584245, -0.13563636174022597], [-0.697071128689554, -0.5793092622734888, 0.4269834184512947, 0.06717901499931658, 0.40478938846981627, -0.01492009565657413, -0.27019604890422155, 0.34777536933918207, 0.015406217779575737, -0.5256731065534382, 0.5584317465992014, -0.06447260845130307], [-0.580259942674627, -0.08655842418157465, -0.6508895679287953, -0.5578377737907712, -0.04553435486047272, 0.2861672653738362, 0.6633524746195305, 0.44281699423684884, 0.0905541418776705, 0.33742822196760536, -0.19103516372262835, -0.08891915164110374]], "inverted": true, "swapped": true, "error_lsq": 0.04980946298754239, "error_max": 0.3130146701085652, "target": "1054.xyz", "model": "5.xyz", "model_rescale": 3.6523030999806103, "target_rescale": 3.841715659567243},
{"mapping": [7, 11, 9, 8, 5, 0, 3, 10, 6, 1, 4, 2, 12], "R": [[0.2611251019002653, -0.12934939273316298, -0.956599401921796], [0.46329582283067705, -0.8525917319390933, 0.2417525991106266], [-0.8468592927430283, -0.5063161791101083, -0.16270606954296024]], "T": [-0.0067926892940216674, -0.00967781343683978, -0.06598200083020624], "aligned_model": [[-0.3914994738128672, -0.7520683030970582, -0.6407127660464225, 0.002362391843701064, 0.14871003666195248, 0.5194220912219072, 0.10867439771467889, -0.3235695119460159, 0.27080011598239123, 0.6821310340948724, -0.10625028705464298, 0.4580935372505616, 0.00018190742942793443], [-0.5722190370800342, -0.2339126842252675, 0.21103863188496924, 0.23014136752737435, -0.4038544676780073, -0.8521583048899388, -0.5932698017189592, 0.6407788911464563, 0.5679872872598122, -0.09775405694014666, 0.03136933390074172, 0.17088290111454923, -0.11400584079418032], [-0.11462479417487242, 0.34493403114467625, -0.33448239605408064, -0.6953515644393039, -0.5992241573203364, -0.08808079686560868, 0.2928054654762794, 0.22596244895457535, -0.1749302819915352, -0.06473915097153819, 0.4975381140459628, 0.5062856454149297, -0.07997299494345748]], "inverted": true, "swapped": false, "error_lsq": 0.04676071949006861, "error_max": 0.2898785533460121, "target": "1054.xyz", "model": "6.xyz", "model_rescale": 4.08911054899281, "target_rescale": 3.841715659567243},
{"mapping": [11, 1, 13, 12, 10, 8, 9, 2, 7, 4, 0, 3, 14], "R": [[-0.7081962466236486, 0.42676635408301977, -0.5624309337961979], [0.7037142557821778, 0.362419905396907, -0.6110957849478531], [-0.056958954318984234, -0.8285664072328685, -0.5569859839601929]], "T": [0.05099766243398572, -0.03907520228851862, -0.10301270500415707], "aligned_model": [[-0.3010493649653357, -0.5519972421814027, -0.563528491920018, -0.16538079047415727, 0.24907740071037343, 0.44154920274682735, -0.10688878440036571, -0.3429489301774321, 0.08795459499339718, 0.755410976079541, 0.0008225097841410983, 0.496575458071286, -0.023321368024368225], [-0.4368071857054654, -0.1268578728848695, 0.24266111194053247, 0.012484247614074413, -0.46472274103516814, -0.5951160927764424, -0.6595377055729189, 0.5494891423644696, 0.7173144403432823, -0.04205326182405455, 0.11155805375205469, -0.15379518033060763, -0.16959273637751762], [-0.3528190756668759, 0.30519974777778136, -0.3838628024069032, -0.7801566381926761, -0.6496967897782252, -0.04438680842553472, 0.3493759109355782, 0.28239310406507145, -0.2636298217526106, -0.07766503405500921, 0.8240516181876419, 0.5409990890949886, -0.03368293150753615]], "inverted": false, "swapped": false, "error_lsq": 0.04916476017718093, "error_max": 0.28089162226430264, "target": "1054.xyz", "model": "7.xyz", "model_rescale": 3.964800864290218, "target_rescale": 3.841715659567243},
{"mapping": [12, 11, 4, 2, 7, 8, 9, 6, 0, 1, 10, 5, 13], "R": [[0.03126442653004846, 0.9708434005118073, 0.23766705139000222], [0.6594778951240884, -0.19871671046107808, 0.7249831548568768], [0.7510735260122335, 0.1340699842104816, -0.6464625262591421]], "T": [0.015989248007505816, 0.03577738868853775, -0.02725751856460727], "aligned_model": [[-0.3434973066772989, -0.7356024429988605, -0.6069085963702426, -0.05569695733277663, 0.23787556236153864, 0.41228126282290695, -0.16317381888574026, -0.3758030130851799, 0.2636060466905053, 0.66503331584927, 0.02516557308039877, 0.60531874465546, 0.04767680013250529], [-0.579548142327382, -0.13153260184757326, 0.15973505241102204, 0.224840177547239, -0.4111403001329545, -0.5951216015348608, -0.5474924311673286, 0.43952392891115843, 0.6612857183251364, 0.0017870799581076735, -0.15400904415562588, -0.06182275268666984, -0.021480863792899742], [-0.27789439767339846, 0.2797451224186221, -0.3301208013967458, -0.657912002087061, -0.5350805269863919, 0.16241768945142962, 0.2914172992282735, 0.11414042549641189, -0.27339695686728677, -0.402365966995485, 0.7721365757178537, 0.5577516093578458, 0.015281498611622698]], "inverted": true, "swapped": false, "error_lsq": 0.041464039220772526, "error_max": 0.23600294057872595, "target": "1054.xyz", "model": "8.xyz", "model_rescale": 4.121658175737393, "target_rescale": 3.841715659567243},
{"mapping": [1, 2, 6, 9, 4, 0, 0, 8, 7, 5, 3, 10, 12], "R": [[-0.6452594248018909, 0.4457448538456038, 0.6204448403963839], [0.6916452835065773, -0.004062226839871952, 0.7222259342589463], [0.324448881193077, 0.895150838453086, -0.3056761356555299]], "T": [-0.0015629798001876552, 0.07444876745379762, 0.01630043351251755], "aligned_model": [[-0.37040452018194603, -0.5144550909637512, -0.5050183813236921, 0.08209354244026185, 0.12119154536756883, 0.20386853726957538, 0.20386853726957538, -0.5659972196354476, 0.216397265137801, 0.5809026566026504, -0.02223422987591436, 0.5923124688188587, -0.046249940683053437], [-0.48365580207399556, -0.20146809622225664, 0.195187432065001, 0.254226830397708, -0.5344881651397767, -0.6755625958325439, -0.6755625958325439, 0.5254642227306081, 0.685592343699384, -0.04450692463851967, -0.058958967934614095, -0.004540698065548451, 0.0032972363544662014], [-0.1492499312546406, 0.394662716918565, -0.4442827659625428, -0.7923226254004198, -0.6179353715261858, 0.13506528461778924, 0.13506528461778924, 0.10877954320948144, -0.1686529961759641, -0.15192926661338532, 0.7937700901737047, 0.48272668326681617, -0.009577077595317358]], "inverted": false, "swapped": false, "error_lsq": 0.04657206195649635, "error_max": 0.3593324519393773, "target": "1054.xyz", "model": "9.xyz", "model_rescale": 3.833441315466971, "target_rescale": 3.841715659567243},
{"mapping": [7, 11, 8, 2, 3, 4, 6, 10, 13, 5, 12, 1, 14], "R": [[0.7097929567431374, 0.6188567113507307, 0.33646742691380005], [-0.23043080992916326, 0.6553688145253094, -0.7193006039084637], [-0.6656542649102647, 0.43302204073678435, 0.6077798218458114]], "T": [-0.01935854299306902, -0.0656136138568696, 0.039759386327566176], "aligned_model": [[-0.47548390299415083, -0.6739926440853035, -0.6108255625089698, 0.16608675511995175, 0.050799023530655185, 0.5151965328636666, 0.2521205667651016, -0.4809414313133663, 0.32456847593878096, 0.6087549506780933, -0.14032832627041017, 0.4817830926064898, -0.04146236008805253], [-0.5078026109903934, -0.1460672479601957, 0.2997962047466285, 0.10851207435337114, -0.602717149212466, -0.635068513817095, -0.5688114284088008, 0.5762163152091825, 0.5719685520603565, 0.08548539900301856, -0.13636420804625093, 0.03592976400258939, -0.09605293143257551], [-0.161070202029698, 0.21388143401338047, -0.3126633593485265, -0.6325058448429278, -0.639151180621882, -0.12112743065048251, 0.40625716318301575, 0.2650363777954672, -0.29324170791628845, -0.1604348414812916, 0.6257463505737475, 0.5728212367683151, -0.04742842716713824]], "inverted": true, "swapped": false, "error_lsq": 0.048399134567214334, "error_max": 0.31460709456406716, "target": "1054.xyz", "model": "10.xyz", "model_rescale": 4.2482417240324, "target_rescale": 3.841715659567243},
{"mapping": [5, 4, 3, 2, 11, 8, 9, 7, 0, 10, 6, 12], "R": [[-0.7039305473474087, 0.6202545894117529, -0.34607228843817506], [0.24093026381638952, 0.6668720986154291, 0.7051483617407178], [0.6681574608492691, 0.41299618448832087, -0.6188697432493742]], "T": [0.05364852315730641, 0.12506568282823136, -0.06740709578779763], "aligned_model": [[-0.6962606224083134, -0.10357666643211678, 0.417498568980779, 0.6754688418829325, -0.4917053195153035, 0.3244281863231646, -0.29773756234006993, 0.561840719258999, 0.045559990773303874, -0.21036612440528518, -0.3547386444304152, 0.006354234675331395], [-0.25803006877883683, -0.6492055349001826, -0.33446467662073776, -0.16945340760730107, 0.6985783522778578, 0.606343917867956, 0.14770442121319236, 0.47917956570549347, -0.5110300567372491, 0.5888265980207413, -0.0009488600538188618, 0.06863113966352466], [-0.07614953320285231, 0.2197597238357913, 0.4361421568456542, -0.12968444346182198, 0.06793833341421296, 0.5023746691309519, 0.44194628644936934, -0.2546030963662778, -0.41937766507772284, -0.6219640049366999, -0.5310900566642052, -0.07010008011204304]], "inverted": false, "swapped": true, "error_lsq": 0.049466333225776975, "error_max": 0.32200971462851674, "target": "1054.xyz", "model": "11.xyz", "model_rescale": 3.6694154284099745, "target_rescale": 3.841715659567243},
{"mapping": [12, 2, 10, 7, 5, 0, 1, 8, 11, 6, 3, 4, 13], "R": [[-0.4967860807208387, 0.8467772392109426, 0.19018910893193333], [-0.5830367466201302, -0.16330116662732824, -0.7958648635721821], [-0.642862148592249, -0.5062618256717053, 0.5748279932074545]], "T": [-0.0028823721849367567, -0.03670596134648317, -0.11418992393223143], "aligned_model": [[-0.37992555033292336, -0.522612006953266, -0.5740758590414067, -0.0953531720716143, 0.27908729710870567, 0.4328211163566063, -0.15094944736650281, -0.32787784976273354, 0.3444453711317574, 0.5241814405986902, -0.07044868083635737, 0.4618537244698204, 0.05512878694171024], [-0.5740613654515331, -0.11471230403303206, 0.04944574166491851, 0.1628693678596589, -0.45368083359612466, -0.5885437506861956, -0.5561147935144215, 0.5033450369246257, 0.6066334224824422, 0.014085676836933632, 0.07683632445823409, -0.015099281356028546, -0.12597902208210887], [-0.28984900214242015, 0.27324999481203643, -0.3784713495932592, -0.8239674648632771, -0.7396464403964147, 0.013776433970332513, 0.5375493647520375, 0.3045232357982079, -0.011688583237460026, -0.3128826016994326, 0.7365696448489736, 0.46133780050524736, -0.05438146447888135]], "inverted": true, "swapped": false, "error_lsq": 0.04025921652381562, "error_max": 0.22281810185554082, "target": "1054.xyz", "model": "12.xyz", "model_rescale": 3.9764082729961374, "target_rescale": 3.841715659567243},
{"mapping": [2, 7, 0, 9, 1, 10, 8, 4, 6, 13, 3, 14, 15], "R": [[0.42074355039252903, -0.269205607092014, 0.8663158811388083], [0.7844928638542444, 0.5875343514898365, -0.19842966608141846], [-0.4555719606877221, 0.763106628807297, 0.4583911666966405]], "T": [0.08663487199730197, -0.01869108708723248, -0.11968977085230185], "aligned_model": [[-0.49661589410108403, -0.5963750202281373, -0.5867121482448616, -0.12439737905382281, 0.04476728314597536, 0.4896621671831524, 0.00038632435244059793, -0.3530525645459864, 0.3868940789931341, 0.6842472305812612, -0.04810437894191594, 0.5286670391639465, 0.04690843193838375], [-0.5588691241915218, -0.024136340030940576, 0.07075763073187843, 0.021113871098207518, -0.5489881026320046, -0.712051962847095, -0.623827401784928, 0.5302137653856673, 0.6590145090108953, 0.11160947902852385, -0.17785104091974702, 0.20750337303775362, 0.030535563620680474], [-0.1851553800064401, 0.2035772012706834, -0.37603065856586554, -0.6812768797123366, -0.4666116043668264, -0.17415622161751293, 0.2353089126829931, 0.02605707424879762, 0.06529222646296891, -0.10066932068597333, 0.6957591182057322, 0.506610212361649, -0.032585112002179395]], "inverted": false, "swapped": false, "error_lsq": 0.04308106594448233, "error_max": 0.22144323237200608, "target": "1054.xyz", "model": "13.xyz", "model_rescale": 4.170626492500431, "target_rescale": 3.841715659567243},
{"mapping": [3, 6, 2, 0, 1, 9, 11, 4, 8, 10, 5, 12, 13], "R": [[0.6224427542716723, -0.19084287620813825, 0.759041510232016], [0.7214158563212949, 0.515994393828011, -0.4618538164682375], [-0.3035196532399631, 0.8350621426808118, 0.45885404864556206]], "T": [-0.002363041282773258, -0.033039175053508896, -0.12399465938532626], "aligned_model": [[-0.39428427309789055, -0.6057447654962209, -0.5971533702866574, -0.07164390108976199, 0.1640947170410068, 0.46345641167762935, 0.054800740136702, -0.20165735086401976, 0.4377211289255226, 0.5472150941610154, -0.1307267600687483, 0.3313943817441865, -0.02119688254027738], [-0.5915812017610564, -0.26374477526166157, 0.14973308859870488, 0.14572793461909356, -0.44254312931981343, -0.6936681091606072, -0.5605906235911116, 0.6172174527291825, 0.5651934010401802, -0.08276391943839989, -0.04875920334706285, 0.2711304763084729, -0.0803271719085519], [-0.22350424125476198, 0.41470255422162217, -0.33788933299652474, -0.688884816399582, -0.7528132310174214, -0.1777355853921298, 0.3429972274508895, 0.07727934983155478, -0.12402359565476895, -0.006437746305681752, 0.7762805567381165, 0.45202003396103807, -0.03587160490666001]], "inverted": false, "swapped": false, "error_lsq": 0.047280124291869084, "error_max": 0.33400992225069664, "target": "1054.xyz", "model": "14.xyz", "model_rescale": 3.9786697098870705, "target_rescale": 3.841715659567243},
{"mapping": [3, 4, 8, 7, 9, 11, 0, 6, 10, 1, 5, 12], "R": [[0.01744022422215774, -0.7657124131015192, -0.6429466066488956], [-0.9133926290330359, 0.24936844546404557, -0.3217596675081645], [0.40670596726283725, 0.592874252121893, -0.6950470324832027]], "T": [0.11086432716034797, -0.06604129776917408, -0.0745349875104237], "aligned_model": [[-0.28087012448832005, -0.7006997228933016, 0.591303878821662, 0.602734654605101, -0.007952600821456074, 0.5043344159693711, -0.46895870101708337, -0.07491853527699818, 0.5378463090447381, 0.19062739909899518, -0.4545228083316921, 0.04443043205632087], [-0.37056558115677096, -0.05193119723896064, -0.0015114666136816501, -0.4862874962127993, 0.41668822708315545, 0.6323487757458405, -0.3456809720259256, 0.12691619458775197, 0.13320177280286952, -0.5041896799414944, 0.5054057898527251, -0.03971987665827092], [-0.666925008651511, -0.2932703501300581, -0.702719166897021, -0.06208482563502568, -0.4436966120247882, -0.028943591708069427, 0.2633605650979058, 0.4963535883457752, 0.5339877089008769, 0.44403930068473213, 0.17643936333613885, -0.056574477445125504]], "inverted": true, "swapped": true, "error_lsq": 0.06090810566009635, "error_max": 0.40089108652584277, "target": "1054.xyz", "model": "15.xyz", "model_rescale": 3.769337070930944, "target_rescale": 3.841715659567243},
{"mapping": [7, 8, 1, 2, 10, 11, 6, 9, 0, 3, 12], "R": [[0.5033340432266904, -0.6802795020961068, 0.5327988738322794], [-0.8294271245960516, -0.5532614345578327, 0.07715199294467395], [0.24229214992111947, -0.4807510624625617, -0.8427175861626004]], "T": [0.012751388477736268, 0.01879443545687199, 0.028153255260144505], "aligned_model": [[-0.40874135353499563, -0.3828636134530858, -0.05801607285360427, -0.5802659314973421, 0.43862103403311503, 0.5243466936141757, 0.5268340050911077, 0.21153325416540103, 0.08954503248587792, -0.4948460066961061, 0.056479089336627236], [0.10084775451004196, -0.6439859293538354, 0.6235659814591769, 0.3550746841129248, 0.184265246420106, -0.5053103507664773, 0.3812773843673837, -0.4910280399028094, 0.6365485535153211, -0.08512985770962653, 0.03993907097313634], [-0.4559019214713912, -0.15572872702674165, -0.2824892859107701, 0.14007521029007974, -0.591173590424978, -0.30083063152312295, -0.016420357116403578, 0.3179676355885403, 0.40371827194505244, 0.6014433063087594, 0.08355769656475227]], "inverted": false, "swapped": true, "error_lsq": 0.04206611878290091, "error_max": 0.21096019930515558, "target": "1054.xyz", "model": "16.xyz", "model_rescale": 3.7852294659196426, "target_rescale": 3.841715659567243},
{"mapping": [11, 8, 9, 10, 6, 7, 2, 0, 4, 5, 3, 1, 12], "R": [[-0.8900224119485408, -0.13214750003043302, 0.436345212492367], [-0.42894571018592254, -0.08158739650694136, -0.899638302010488], [0.15448522240782994, -0.9878666584954298, 0.0159305081738616]], "T": [-0.006155553159187404, -0.07078186064930411, 0.04627872595600886], "aligned_model": [[-0.3471902868555197, -0.6276113111180863, -0.7594034663525272, -0.08937902862360812, 0.32779733488227253, 0.3639885933061644, 0.03128995503832287, -0.2841855634981182, 0.35385659826437793, 0.617674396253543, -0.08577816354424211, 0.5356853875699693, -0.06046927508006225], [-0.6670259964229702, -0.1783147505006381, 0.11602451969007785, 0.15617697196058064, -0.378053741185446, -0.6421340360352897, -0.5381370794255439, 0.5440899605966105, 0.5266123924681045, 0.023893101007575135, 0.17813848845798846, -0.0827260999252768, -0.07351951117840369], [-0.21085998252923516, 0.20886817749706266, -0.33448726917251975, -0.7223685382108007, -0.7162517297652927, -0.1209845625909992, 0.4390432284619154, 0.14815665549615797, -0.0774065288614657, -0.13833399411322556, 0.7974073906189477, 0.4711550424822781, -0.027818321037132526]], "inverted": false, "swapped": false, "error_lsq": 0.045736272242999594, "error_max": 0.2644073861482287, "target": "1054.xyz", "model": "17.xyz", "model_rescale": 3.901054581598922, "target_rescale": 3.841715659567243},
{"mapping": [6, 1, 4, 10, 11, 12, 7, 8, 5, 9, 0, 3, 14], "R": [[-0.08184532873450862, -0.9710862398195261, -0.2242606898177072], [0.9965757915532398, -0.07708831884628337, -0.02990121715728604], [0.01174878097394113, -0.22594004941715712, 0.9740703569121683]], "T": [0.029899781583520458, 0.01754412272638199, 0.010894013897909744], "aligned_model": [[-0.35892483869694575, -0.5715193521107851, -0.6445225498027488, -0.10031535239048185, 0.21488771611409985, 0.551582928305212, -0.06277739805243507, -0.28929176522768285, 0.3185278071580823, 0.5101617100157343, -0.13369333629796024, 0.4694900951644435, 0.07266950606395338], [-0.5813180577125435, -0.18641445625990405, 0.2653891643094209, 0.1407294327502373, -0.5610046225041875, -0.5077005716640456, -0.581665131038496, 0.5899412832848756, 0.5534614761905884, 0.10752489931097446, -0.08899859061253922, -0.15411973767634102, -0.010800868870670624], [-0.22128102518645795, 0.2979157432497518, -0.31971349388135845, -0.7893079271190562, -0.5065920268770269, 0.07366191587392998, 0.27928968147566147, 0.11528031169948022, -0.12900773771539611, -0.4311937163978977, 0.7439632197138966, 0.6114752030390908, -0.008370579598926946]], "inverted": true, "swapped": false, "error_lsq": 0.04849407747301398, "error_max": 0.3090334874582854, "target": "1054.xyz", "model": "18.xyz", "model_rescale": 3.9405287249114394, "target_rescale": 3.841715659567243},
{"mapping": [13, 14, 11, 9, 7, 4, 12, 10, 2, 8, 3, 1, 15], "R": [[-0.46266706786602807, -0.2754654212421833, -0.8426493849829351], [0.886455718724297, -0.1562264041422761, -0.43564844701865363], [-0.011638000397088066, -0.9485315558001435, 0.31646871029869084]], "T": [0.08658409915129642, -0.13440465086352493, -0.02179654062025871], "aligned_model": [[-0.45454406746440446, -0.6329164643432178, -0.4660695500630051, -0.07475551719942938, 0.22337058597257195, 0.4430587813605482, -0.011461288192909619, -0.36698084766794836, 0.20718240793680218, 0.6828146943558283, -0.117902720154299, 0.4632468765581994, 0.08123227914374936], [-0.44360865406885697, -0.15335100755515912, 0.19770590575198732, -0.04540563937732017, -0.4961554875932262, -0.7722950933814192, -0.4954498362149463, 0.4557851978555466, 0.7183702573155833, 0.008776951359578039, 0.04593891615019477, 0.06020612267239117, -0.0954934134069848], [-0.2726013194202136, 0.2640337180567672, -0.3434947285145436, -0.7668190578013263, -0.6100578244812627, -0.04799984011128164, 0.3784190742231345, 0.23090648356493237, 0.09463492811236454, -0.4648318232590477, 0.7851048991113939, 0.48394175427079333, -0.015116695476020042]], "inverted": false, "swapped": false, "error_lsq": 0.04092258922300097, "error_max": 0.3008569544470959, "target": "1054.xyz", "model": "19.xyz", "model_rescale": 4.410303926677745, "target_rescale": 3.841715659567243},
{"mapping": [12, 11, 4, 2, 7, 8, 9, 6, 0, 1, 10, 5, 13], "R": [[0.03126442653004846, 0.9708434005118073, 0.23766705139000222], [0.6594778951240884, -0.19871671046107808, 0.7249831548568768], [0.7510735260122335, 0.1340699842104816, -0.6464625262591421]], "T": [0.015989248007505816, 0.03577738868853775, -0.02725751856460727], "aligned_model": [[-0.3434973066772989, -0.7356024429988605, -0.6069085963702426, -0.05569695733277663, 0.23787556236153864, 0.41228126282290695, -0.16317381888574026, -0.3758030130851799, 0.2636060466905053, 0.66503331584927, 0.02516557308039877, 0.60531874465546, 0.04767680013250529], [-0.579548142327382, -0.13153260184757326, 0.15973505241102204, 0.224840177547239, -0.4111403001329545, -0.5951216015348608, -0.5474924311673286, 0.43952392891115843, 0.6612857183251364, 0.0017870799581076735, -0.15400904415562588, -0.06182275268666984, -0.021480863792899742], [-0.27789439767339846, 0.2797451224186221, -0.3301208013967458, -0.657912002087061, -0.5350805269863919, 0.16241768945142962, 0.2914172992282735, 0.11414042549641189, -0.27339695686728677, -0.402365966995485, 0.7721365757178537, 0.5577516093578458, 0.015281498611622698]], "inverted": true, "swapped": false, "error_lsq": 0.041464039220772526, "error_max": 0.23600294057872595, "target": "1054.xyz", "model": "20.xyz", "model_rescale": 4.121658175737393, "target_rescale": 3.841715659567243},
{"mapping": [7, 11, 9, 8, 5, 0, 3, 10, 6, 1, 4, 2, 12], "R": [[0.2611251019002653, -0.12934939273316298, -0.956599401921796], [0.46329582283067705, -0.8525917319390933, 0.2417525991106266], [-0.8468592927430283, -0.5063161791101083, -0.16270606954296024]], "T": [-0.0067926892940216674, -0.00967781343683978, -0.06598200083020624], "aligned_model": [[-0.3914994738128672, -0.7520683030970582, -0.6407127660464225, 0.002362391843701064, 0.14871003666195248, 0.5194220912219072, 0.10867439771467889, -0.3235695119460159, 0.27080011598239123, 0.6821310340948724, -0.10625028705464298, 0.4580935372505616, 0.00018190742942793443], [-0.5722190370800342, -0.2339126842252675, 0.21103863188496924, 0.23014136752737435, -0.4038544676780073, -0.8521583048899388, -0.5932698017189592, 0.6407788911464563, 0.5679872872598122, -0.09775405694014666, 0.03136933390074172, 0.17088290111454923, -0.11400584079418032], [-0.11462479417487242, 0.34493403114467625, -0.33448239605408064, -0.6953515644393039, -0.5992241573203364, -0.08808079686560868, 0.2928054654762794, 0.22596244895457535, -0.1749302819915352, -0.06473915097153819, 0.4975381140459628, 0.5062856454149297, -0.07997299494345748]], "inverted": true, "swapped": false, "error_lsq": 0.04676071949006861, "error_max": 0.2898785533460121, "target": "1054.xyz", "model": "21.xyz", "model_rescale": 4.08911054899281, "target_rescale": 3.841715659567243},
{"mapping": [11, 5, 9, 14, 15, 1, 8, 10, 13, 4, 6, 0, 16], "R": [[-0.002185493386824309, 0.9989516134061658, 0.045726334774117555], [-0.9340430898949554, -0.018370619996342118, 0.3566875755341561], [0.3571536501817396, -0.0419308286844956, 0.9331040005099599]], "T": [0.04376513412638984, -0.016318974022009693, -0.07952450297158267], "aligned_model": [[-0.29690234872521487, -0.6304781960845538, -0.587517869767269, -0.03920574660253774, 0.03275609012812342, 0.3878783803852204, -0.14418846651903733, -0.5307678051446353, 0.36281602195844403, 0.7223969611754345, 0.003457396838362485, 0.6143460723548297, 0.08168468024531919], [-0.6976887088804081, -0.13484266055521346, 0.17202731154976955, 0.20717962609080018, -0.46331266686389044, -0.7168335498563946, -0.5160110892376117, 0.4210860058143281, 0.5596404191561896, 0.12503031752066243, -0.0030796055805006675, 0.02420849781756567, 0.007620322532072635], [-0.15418360024040073, 0.09099564640907853, -0.3507348590954429, -0.6753321855720539, -0.6553564727370657, 0.06491851021638925, 0.36290430718418676, 0.28064794811526295, -0.13615730628924186, -0.15549427962137397, 0.6646287970878596, 0.44284922831275375, -0.06356616549426132]], "inverted": true, "swapped": false, "error_lsq": 0.037330685686634044, "error_max": 0.18065394734607604, "target": "1054.xyz", "model": "22.xyz", "model_rescale": 4.204369325754507, "target_rescale": 3.841715659567243},
{"mapping": [13, 14, 11, 9, 7, 4, 12, 10, 2, 8, 3, 1, 15], "R": [[-0.46266706786602807, -0.2754654212421833, -0.8426493849829351], [0.886455718724297, -0.1562264041422761, -0.43564844701865363], [-0.011638000397088066, -0.9485315558001435, 0.31646871029869084]], "T": [0.08658409915129642, -0.13440465086352493, -0.02179654062025871], "aligned_model": [[-0.45454406746440446, -0.6329164643432178, -0.4660695500630051, -0.07475551719942938, 0.22337058597257195, 0.4430587813605482, -0.011461288192909619, -0.36698084766794836, 0.20718240793680218, 0.6828146943558283, -0.117902720154299, 0.4632468765581994, 0.08123227914374936], [-0.44360865406885697, -0.15335100755515912, 0.19770590575198732, -0.04540563937732017, -0.4961554875932262, -0.7722950933814192, -0.4954498362149463, 0.4557851978555466, 0.7183702573155833, 0.008776951359578039, 0.04593891615019477, 0.06020612267239117, -0.0954934134069848], [-0.2726013194202136, 0.2640337180567672, -0.3434947285145436, -0.7668190578013263, -0.6100578244812627, -0.04799984011128164, 0.3784190742231345, 0.23090648356493237, 0.09463492811236454, -0.4648318232590477, 0.7851048991113939, 0.48394175427079333, -0.015116695476020042]], "inverted": false, "swapped": false, "error_lsq": 0.04092258922300097, "error_max": 0.3008569544470959, "target": "1054.xyz", "model": "23.xyz", "model_rescale": 4.410303926677745, "target_rescale": 3.841715659567243},
{"mapping": [7, 1, 11, 14, 13, 12, 0, 10, 8, 5, 3, 2, 16], "R": [[0.9520647395182167, 0.05565095093838098, -0.30079179414632357], [-0.2429990290655257, 0.734873093712611, -0.633176916833256], [0.18580689879367276, 0.6759175303222354, 0.7131698875890428]], "T": [0.01745966747636042, 0.006095997937561312, -0.1809332272041374], "aligned_model": [[-0.36102119525766585, -0.6496213189046072, -0.5602479648570702, -0.050786786209441256, 0.029698566038927912, 0.45587713446540856, 0.14415119524842174, -0.29034317493405243, 0.22233857096574566, 0.6365578946218664, -0.052504261411078654, 0.46100709563338194, -0.008830585157351044], [-0.539181563499418, -0.1656988894796368, 0.10865835224597899, 0.0815059748116531, -0.5090914950993205, -0.6663300727014656, -0.5268590002335426, 0.5141073027550941, 0.7823794943741633, -0.03814552830174024, 0.07263721357215551, -0.12813199174493817, -0.0008255771916142532], [-0.144115918506376, 0.33075498238901413, -0.4185386598717833, -0.8501161222050454, -0.6590740853301555, -0.13839925316499066, 0.3389648760828309, 0.08546097441683109, -0.004538115821749289, -0.0791387974486682, 0.7134538813291671, 0.6052871470799854, -0.06388134067336991]], "inverted": true, "swapped": false, "error_lsq": 0.04028823503444512, "error_max": 0.29023608027842046, "target": "1054.xyz", "model": "24.xyz", "model_rescale": 4.28219845311461, "target_rescale": 3.841715659567243},
{"mapping": [13, 4, 7, 9, 12, 14, 2, 3, 5, 11, 0, 8, 15], "R": [[0.7991515833233258, -0.17941318106875775, -0.5737313459543677], [0.378829249792306, 0.89135905441474, 0.24893259251182678], [0.4667388417237416, -0.41628109081682974, 0.7802979604322509]], "T": [0.03322140153331822, -0.07691564104230066, 0.014400845656970442], "aligned_model": [[-0.2720186284867584, -0.6174274405670589, -0.6387754375256637, -0.05349682675385341, 0.2272827011053254, 0.47947475403638273, -0.10547396718916362, -0.4034128741970886, 0.4900758883695714, 0.46170115849863114, -0.15714749557661428, 0.5548976784765521, 0.010595660052224048], [-0.49948420880791755, -0.03077041414731456, -0.009805813108249864, 0.25970821894988294, -0.4556367130411868, -0.6933953885370627, -0.6659258207545722, 0.5619950425971337, 0.634013580715248, -0.08454555572296697, -0.16885069427312005, 0.2248208129430257, -0.08709882730553054], [-0.2705215763228772, 0.34481766625477334, -0.37220298908813876, -0.565287009697587, -0.6206821897529373, -0.01650693982175497, 0.3347297817182816, 0.048882615457809, -0.09116572302332404, -0.32149192521121384, 0.8023486872279721, 0.35900936461700905, 0.0841898059176785]], "inverted": true, "swapped": false, "error_lsq": 0.046032068376079066, "error_max": 0.23796465058883648, "target": "1054.xyz", "model": "25.xyz", "model_rescale": 4.100010024507729, "target_rescale": 3.841715659567243},
{"mapping": [5, 4, 3, 2, 11, 8, 9, 7, 0, 10, 6, 12], "R": [[-0.7039305473474087, 0.6202545894117529, -0.34607228843817506], [0.24093026381638952, 0.6668720986154291, 0.7051483617407178], [0.6681574608492691, 0.41299618448832087, -0.6188697432493742]], "T": [0.05364852315730641, 0.12506568282823136, -0.06740709578779763], "aligned_model": [[-0.6962606224083134, -0.10357666643211678, 0.417498568980779, 0.6754688418829325, -0.4917053195153035, 0.3244281863231646, -0.29773756234006993, 0.561840719258999, 0.045559990773303874, -0.21036612440528518, -0.3547386444304152, 0.006354234675331395], [-0.25803006877883683, -0.6492055349001826, -0.33446467662073776, -0.16945340760730107, 0.6985783522778578, 0.606343917867956, 0.14770442121319236, 0.47917956570549347, -0.5110300567372491, 0.5888265980207413, -0.0009488600538188618, 0.06863113966352466], [-0.07614953320285231, 0.2197597238357913, 0.4361421568456542, -0.12968444346182198, 0.06793833341421296, 0.5023746691309519, 0.44194628644936934, -0.2546030963662778, -0.41937766507772284, -0.6219640049366999, -0.5310900566642052, -0.07010008011204304]], "inverted": false, "swapped": true, "error_lsq": 0.049466333225776975, "error_max": 0.32200971462851674, "target": "1054.xyz", "model": "26.xyz", "model_rescale": 3.6694154284099745, "target_rescale": 3.841715659567243},
{"mapping": [9, 8, 10, 11, 12, 3, 7, 4, 0, 6, 5, 1, 13], "R": [[0.27963943853823825, -0.8151252934292141, -0.5073189730593135], [-0.9412223824687265, -0.33702421648339514, 0.022695908081590027], [-0.18947878813712435, 0.47115330150142337, -0.861459433363171]], "T": [-0.05080821829313003, -0.05077325480532481, -0.017191522220872005], "aligned_model": [[-0.3623354553253341, -0.6264487120297442, -0.5456307715529228, -0.14152054664224117, 0.30946945539443366, 0.3195277679145932, -0.0008488901485349185, -0.49943225159523236, 0.1871539236002197, 0.616016151210416, 0.06289058066892461, 0.6890017316957229, -0.031567812947814036], [-0.5894874604175714, -0.10387023782137408, 0.11127643723804494, -0.02216856433016229, -0.33833207743243854, -0.7681238757929179, -0.527510442849515, 0.632253851101685, 0.517685038620417, -0.0643994277645594, 0.1078171370995717, 0.03895728107049114, -0.009073439214302266], [-0.29576165832486967, 0.25516105220299795, -0.3184908053045613, -0.8699098311679094, -0.6631348128656738, -0.05021521404674398, 0.39067395043586406, 0.07079154108664726, 0.22189534649877124, -0.17951841294164853, 0.7495549615866428, 0.45638668940280375, -0.051313238286629856]], "inverted": false, "swapped": false, "error_lsq": 0.05093077516850551, "error_max": 0.40612459483154145, "target": "1054.xyz", "model": "27.xyz", "model_rescale": 4.103607728864725, "target_rescale": 3.841715659567243},
{"mapping": [2, 3, 12, 13, 4, 1, 0, 10, 11, 7, 9, 5, 14], "R": [[-0.11910789681755472, -0.9157636518925574, -0.3836538059085379], [0.12492149224120741, 0.36951205566951667, -0.9207906719179546], [0.9849913348308852, -0.15760004627948376, 0.07038675813514847]], "T": [0.0025186247441500837, 0.10321292311674153, -0.006517821500871419], "aligned_model": [[-0.30724883685636056, -0.6008656220767762, -0.7318808838293013, -0.07053653589391988, 0.09089535730348446, 0.3687215744106267, -0.05561956795136132, -0.2962239217170784, 0.33909373505261814, 0.714726399246022, -0.006485380337055565, 0.5129463258750583, 0.018752527016530126], [-0.49564963229159004, -0.29047786011236404, -0.029995647928353172, 0.25881401041423274, -0.3949135686691931, -0.7144334383652309, -0.4949460160818209, 0.4421572977389436, 0.6496390467112249, -0.008278646498623879, 0.18675746960718892, -0.0724680419068817, -0.051180753110162944], [-0.3010147921057667, 0.20435149930138696, -0.43102513066283726, -0.6312767974985641, -0.7586274135535793, 0.00799628493847863, 0.3788619587012001, 0.2293738446333467, -0.25186842784541785, -0.026790004589442987, 0.8077690829113232, 0.487182665463091, 0.001186798582471867]], "inverted": true, "swapped": false, "error_lsq": 0.0473027965707109, "error_max": 0.28213210104456776, "target": "1054.xyz", "model": "28.xyz", "model_rescale": 4.137296879288765, "target_rescale": 3.841715659567243},
