[{"mapping": [11, 5, 10, 8, 9, 2, 6, 1, 12, 4, 0, 14], "R": [[0.4241581573169817, -0.29628233462469655, 0.8557491663862735], [-0.7860296930715536, 0.3488225809340406, 0.5103725390735223], [-0.44971900025605116, -0.889122930319455, -0.08493076938803715]], "T": [0.035463588027041484, -0.07718361405966108, -0.007064181398448558], "aligned_model": [[-0.22624191084225426, 0.15995441523389492, 0.5056243592807215, -0.18988220790847232, -0.12952631977245177, -0.644390946885365, 0.27582608891425714, -0.2803343461419632, 0.5138173720945708, 0.2047533302407667, -0.4296609407911725, 0.07770356903801687], [-0.42993978944912176, -0.6958650830413309, -0.3461747823658105, 0.5989735902331542, 0.40435542204203323, -0.4548664911360063, -0.2007200754178187, -0.4587451238140342, 0.24410388647138542, 0.36231648814703826, 0.1141994860447706, -0.08408249173720235], [-0.6686247266871743, -0.03236490897102317, -0.5045284189149948, 0.00964579543952514, -0.5609872598803124, -0.05898527805279126, 0.6621948205641875, 0.6027686148724846, -0.2506524062234207, 0.49359248765519914, 0.44435172738798384, 0.045541298163899]], "inverted": false, "swapped": true, "error_lsq": 0.04495592127249703, "error_max": 0.2706030540578831, "target": "1055.xyz", "model": "0.xyz", "model_rescale": 3.751011558992144, "target_rescale": 4.071692649633919},
{"mapping": [7, 12, 11, 6, 0, 9, 3, 5, 1, 4, 5, 10, 8, 2, 14], "R": [[0.48203121968839796, -0.4458805940998561, -0.7542124362875983], [0.2104381859764002, 0.8945424897924221, -0.3943469333454189], [0.8505067155106286, 0.031372436327668146, 0.5250277108021909]], "T": [-0.0046946515247395255, -0.017026017776450682, 0.0365355591084583], "aligned_model": [[-0.5474195792117694, -0.03280609950004236, 0.11364761011734242, -0.3993846079547752, -0.6145416212590512, 0.5916264427751569, -0.22689860123996772, 0.5335538614968324, -0.6330086126631628, -0.04330377881990963, 0.5335538614968324, 0.4909515726442136, 0.05767464951257875, 0.08447458973861416, 0.016243967862596922], [-0.19120802669679504, -0.5498177038020832, 0.049283659913441524, 0.33722634722188466, -0.3307575121191062, -0.12821726969909722, -0.744367796231996, -0.08377299839900897, 0.26391816759308684, 0.7516070410834557, -0.08377299839900897, 0.5727355952066685, 0.2639005628049898, -0.4779319715975871, -0.0442114603718535], [-0.3022671924046094, -0.48049236071010093, -0.7498035055963136, -0.4949254888117852, 0.3608251541664664, -0.22081105408694068, 0.10728322024896181, 0.34624417345984926, 0.14597723481486843, 0.2189815128234614, 0.34624417345984926, -0.24448011384853197, 0.6345393874831674, 0.7172356767321109, -0.006200121211524967]], "inverted": true, "swapped": false, "error_lsq": 0.04240816427677055, "error_max": 0.3369455979049663, "target": "1055.xyz", "model": "1.xyz", "model_rescale": 3.9405287249114394, "target_rescale": 4.071692649633919},
{"mapping": [10, 7, 5, 4, 6, 11, 12, 13, 0, 3, 8, 9, 14], "R": [[-0.3606101062111662, -0.7384208131686448, 0.5698201944277943], [0.8391431547118032, 0.009854652527803848, 0.5438213417326312], [-0.40718437740008445, 0.6742681873727352, 0.6160870833724661]], "T": [-0.107735524369319, -0.11139475337566987, -0.07384979281583673], "aligned_model": [[-0.3159224259133574, 0.25532589350366364, -0.2542581197936731, 0.510812483415374, 0.5017164312071072, -0.8739079503574707, 0.0711160886244216, 0.6443528519052903, 0.043188576942563575, -0.5617250884072952, -0.005446465019296257, -0.47324960655837794, -0.04601939026501889], [0.5902857686628189, 0.6415358362654364, 0.23565910319518, -0.35569427912303275, -0.15725390875326045, 0.09399492114978555, 0.26375220849172587, 0.269512683898668, -0.7596631183584843, -0.5180509408978536, -0.5590331673568171, -0.18925541964439013, -0.09695709395775938], [-0.001872531977654357, -0.24323139199135954, -0.580791212118971, 0.0999102736884763, -0.457787616607398, -0.111051106640767, 0.3937612437666983, 0.14435553397157594, -0.1909595004627185, 0.10821502838025057, 0.4714990080946839, 0.5790433548047675, -0.09797073331894045]], "inverted": false, "swapped": true, "error_lsq": 0.04490276439527839, "error_max": 0.27902879324814495, "target": "1055.xyz", "model": "2.xyz", "model_rescale": 3.932901565614263, "target_rescale": 4.071692649633919},
{"mapping": [6, 4, 13, 1, 7, 10, 12, 5, 2, 11, 8, 0, 9, 14], "R": [[0.8628646474130997, -0.3458380832441471, -0.36859275687767024], [0.4913925985503026, 0.40329637128267803, 0.7719361055166452], [-0.11831278178898555, -0.8472001281209998, 0.517932455612808]], "T": [0.0421760524705123, -0.07261943589253625, 0.09278931247089314], "aligned_model": [[-0.08357670348603032, 0.47470944619108774, 0.2210400175978282, -0.2560609373651562, -0.3904720126865264, -0.3197665678429186, 0.2740837189846721, -0.5887555700095999, -0.22911061451257603, -0.29852334037114475, 0.7448469592327748, 0.3244814951958919, 0.5154204821609579, 0.031493538963443056], [0.19731581260222827, 0.058258772999442904, -0.4841261621480999, 0.6141249580966555, -0.5966777447075549, -0.7060248377928089, -0.6359828379449863, -0.09043509898188765, 0.4595007449585563, -0.25090706373017624, 0.006717453893006375, 0.538821444490293, -0.3777707477725092, -0.06931805561167147], [-0.564678714747982, -0.42515104575596996, -0.6535422910151483, -0.14522412323652592, -0.42256176473989027, 0.18591934793036433, -0.04942086804526907, 0.07014548684524068, 0.5935826850344957, 0.787574522427104, 0.18338606019324882, 0.03632403266350326, 0.5916426741566245, 0.025900361347301712]], "inverted": true, "swapped": true, "error_lsq": 0.046723996536859776, "error_max": 0.40084951155742415, "target": "1055.xyz", "model": "3.xyz", "model_rescale": 3.9243930471874484, "target_rescale": 4.071692649633919},
{"mapping": [7, 10, 13, 6, 4, 5, 1, 12, 8, 3, 0, 2, 14], "R": [[-0.6474656761554716, -0.39741889098654937, 0.6502664248502759], [-0.4581130335520449, 0.8848540952747852, 0.0846503311581508], [-0.6090325497789764, -0.24308734060510606, -0.7549754288367643]], "T": [-0.07471471963932307, 0.029320221379486255, -0.10667256234064404], "aligned_model": [[0.03823069315497947, -0.36888249836694215, 0.6129972905138367, 0.32898334481182634, 0.5965767963803169, -0.4743035470208242, -0.10944947852511831, 0.19848144097207865, 0.31986950058413777, -0.3312801963838693, 0.13983441584159567, -0.6421720324267922, -0.03167984322387332], [-0.5201163179631698, -0.05028370852880734, -0.2448700648272647, -0.5444053268382534, -0.017133051925415706, -0.4440853273328018, -0.4795814978361341, 0.2175625970264608, 0.5874285607949512, 0.5152004045647078, 0.07880924830544425, 0.052044660375378124, -0.02274062213350784], [-0.7491451415752697, -0.7760055133912367, -0.5651623050586718, 0.06306213919774406, 0.03363513825235917, -0.22963925870986251, 0.49084404584996055, -0.6370609953221387, 0.09597711225659672, 0.2138238993455524, 0.5322829491761918, 0.4271983420845422, -0.11274009673480388]], "inverted": false, "swapped": true, "error_lsq": 0.042976790312008024, "error_max": 0.21650749652955542, "target": "1055.xyz", "model": "4.xyz", "model_rescale": 3.8936222436046832, "target_rescale": 4.071692649633919},
{"mapping": [11, 2, 9, 10, 8, 0, 1, 6, 7, 5, 12, 14], "R": [[0.8420519497002205, -0.2369765952079713, 0.48455196556168756], [-0.5077761684336946, -0.045206252661704166, 0.8603021315160637], [-0.18196669139393007, -0.970463027654286, -0.158397080715595]], "T": [-0.11909663706362567, 0.02743581289708093, -0.03383225429097086], "aligned_model": [[-0.025698577941380973, -0.49289741099803086, -0.3816160964472338, 0.5145847658993961, -0.6485507557293924, -0.7003171519739171, -0.32282060086075554, 0.004754897373121403, 0.6976788073479387, 0.2986520647455098, 0.17487886040650985, -0.091100759606668], [-0.5318152940133277, -0.6565240988348573, 0.2270451992669421, -0.03986889757945959, 0.46641213281327937, 0.0246018334828564, -0.3358654195406614, 0.1850713363710305, 0.19548252164781557, -0.4198286015439423, 0.499601282758534, 0.05461091028159782], [-0.5898035165592856, -0.030068598475292717, -0.7099771471639738, -0.40097803262291154, -0.2215198744727494, 0.3110145560865131, 0.6322925999541444, 0.6595326135689699, 0.14518274281496785, 0.12219793076043431, -0.3202260390704113, 0.021637484455113362]], "inverted": false, "swapped": true, "error_lsq": 0.03899819065481297, "error_max": 0.2306244122651282, "target": "1055.xyz", "model": "5.xyz", "model_rescale": 3.6523030999806103, "target_rescale": 4.071692649633919},
{"mapping": [7, 6, 1, 5, 2, 12, 0, 10, 8, 9, 3, 11, 14], "R": [[-0.8388154124238508, 0.012773925135166175, 0.5442660477347876], [0.5420283206018365, 0.11312180532218541, 0.8327116888973052], [-0.050931361122178, 0.9934990105668404, -0.10181214297396718]], "T": [0.008128611379232369, -0.05895606099707698, 0.05911120994161467], "aligned_model": [[0.21227033978642112, -0.11500289186324905, 0.20599395876089016, 0.5855282390274079, 0.4525263133835699, -0.26731445562441175, -0.26697913869714396, 0.3704941824964303, -0.6099335192322287, -0.2506937394458094, -0.008657906367005648, 0.5795274679381331, -0.006675945498709399], [-0.7517668847893406, 0.005087108495156173, 0.49587013309649386, -0.15885860440099078, 0.5519729038131274, -0.6072135739269471, 0.543850055813434, -0.6824726393932123, 0.1268489445140067, -0.15738806286296314, 0.33226224917512115, -0.08211277160163019, -0.07525195376907193], [0.5127052015946263, 0.7674050092765459, 0.5789484527515657, 0.29476774973807873, -0.13277111588496054, -0.06306915001108851, 0.19209674450524872, -0.08509813925102205, -0.24374885447734973, -0.640356031294408, -0.44217695551872926, -0.49184809524679984, 0.12325492330008211]], "inverted": true, "swapped": true, "error_lsq": 0.055860933910544294, "error_max": 0.3325571830477396, "target": "1055.xyz", "model": "6.xyz", "model_rescale": 4.08911054899281, "target_rescale": 4.071692649633919},
{"mapping": [13, 2, 7, 12, 1, 6, 1, 3, 11, 10, 4, 5, 8, 9, 14], "R": [[0.42558940838514214, -0.1958052819741971, 0.8834783228927521], [0.4310577735468457, -0.814558529347227, -0.3881798528163448], [0.7956524689430813, 0.5460354327501907, -0.262264093703448]], "T": [0.023248099273853066, 0.008667324615786749, 0.015381281812451318], "aligned_model": [[-0.5304018975566951, -0.004434113436337601, 0.2344759362791503, -0.39128259699369083, -0.39129737031306766, 0.39717765164045576, -0.39129737031306766, 0.6085030168357372, -0.4994994059315949, -0.12817768713174305, 0.652489717056561, 0.3601856679714972, 0.21528938157945296, -0.14898733277918677, -0.058379941911981086], [-0.08413559962634985, -0.6409157169309448, -0.02166141504699996, 0.48878007832176856, -0.5855886797522786, -0.2849888998995574, -0.5855886797522786, -0.32763352487910957, 0.16973336961849664, 0.6729203049570041, 0.2935529797434418, 0.597565212466879, 0.26400919603513795, -0.2997474593912135, -0.0516875293570048], [-0.4544631824661709, -0.46149932224439133, -0.7287638202758316, -0.30966942744996756, 0.12921411439100222, -0.13655843690448358, 0.12921411439100222, 0.42869696789805917, 0.2282752411110229, 0.2501430926361888, 0.1558969024919404, -0.331279333296867, 0.6179338918602945, 0.715218823574258, 0.1459910708028723]], "inverted": true, "swapped": false, "error_lsq": 0.04966561353485501, "error_max": 0.3314819868498212, "target": "1055.xyz", "model": "7.xyz", "model_rescale": 3.964800864290218, "target_rescale": 4.071692649633919},
{"mapping": [11, 5, 2, 10, 3, 7, 9, 1, 6, 4, 13, 8, 0, 14], "R": [[0.3964427153540726, 0.5038924464951313, 0.7674148655113749], [0.6839882423753634, -0.719686964220672, 0.11920888315513598], [0.6123669306346903, 0.47764325170150257, -0.6299711631249991]], "T": [-0.017962264065268806, 0.00797242244709342, 0.04939580398460451], "aligned_model": [[-0.20837901457359959, 0.03871134508341641, 0.5020465542829431, -0.6107676065208556, 0.13520425009538595, -0.44788584413793964, -0.41271773399019906, 0.7146857950162953, 0.31404221814784283, 0.10143434089832302, -0.3891367332408783, -0.02714469977377903, 0.5594526444535637, -0.00835762627964641], [0.12278053064056313, -0.5095380925643302, 0.16136637134390777, -0.31216245805235693, 0.5506667036848346, -0.7126369153965287, 0.6367867826350678, -0.2750356357671083, -0.4430590869806672, 0.06408211890997102, -0.34727991581319206, 0.6311373677729791, 0.28340758717790665, -0.0395668914098447], [-0.7129358836130106, -0.30820148601398945, -0.5106072940758957, -0.2455169819440463, -0.24496165604377274, 0.202026369778539, -0.07181850715890375, 0.06801893124392965, 0.5046831880832588, 0.7239865018247054, 0.7525076412690352, 0.3955599988116507, 0.2672768138714857, 0.0967974026920356]], "inverted": true, "swapped": true, "error_lsq": 0.0447358577449472, "error_max": 0.2647958758517191, "target": "1055.xyz", "model": "8.xyz", "model_rescale": 4.121658175737393, "target_rescale": 4.071692649633919},
{"mapping": [11, 3, 8, 12, 2, 5, 0, 6, 4, 1, 10, 13, 14], "R": [[0.7181718885325908, 0.3099593330101165, -0.6230203450943281], [-0.5496643668641085, -0.296355036231248, -0.7810523518306917], [-0.4267296829626583, 0.9033819260868016, -0.042460255513712714]], "T": [-0.06862807527088523, 0.03651564893878343, -0.07967592087062289], "aligned_model": [[-0.7866116408976962, -0.2576761086813916, 0.39188307239118053, 0.20049635386252213, -0.6072224404727206, -0.5216306320136411, 0.17687728859137442, 0.27789850523514853, 0.5991214710193848, -0.13250588094350346, -0.3977427277930997, 0.5655838542993982, -0.03173361816175868], [0.18062153669471867, -0.2544448721760782, -0.10919836967396182, 0.5887949107446273, -0.5131581019701235, 0.10913902386533539, -0.5890590478342428, -0.16271667589471778, -0.08387773724958927, -0.5990367088199546, 0.6873308191226908, 0.49594260157768866, 0.04005006102531716], [-0.38679501031383456, -0.612804605560183, -0.6040283058632951, -0.19775590488740125, -0.20343868542436427, 0.3543970936493641, -0.15128636767571418, 0.521297298640787, 0.030289677921081976, 0.377714926052261, 0.015198874592422182, 0.30116928353183514, -0.02288284070387027]], "inverted": true, "swapped": true, "error_lsq": 0.042920753446661165, "error_max": 0.257030522597682, "target": "1055.xyz", "model": "9.xyz", "model_rescale": 3.833441315466971, "target_rescale": 4.071692649633919},
{"mapping": [6, 4, 1, 12, 7, 5, 3, 2, 11, 10, 13, 0, 8, 9, 14], "R": [[-0.576792294820308, -0.6541466156195253, 0.48928810930723043], [0.8128876289398264, -0.5188430064991102, 0.26460468122002634], [0.08077345698006519, 0.5503581923443001, 0.8310123397200575]], "T": [-0.061868621009681185, 0.010823578254345444, -0.03162589943687601], "aligned_model": [[-0.35734846491366223, -0.01943998134582961, 0.11725256343344037, -0.4195384922563802, -0.5646474274665005, 0.5237150024255873, -0.09394920610743164, 0.43898895096643664, -0.608541585182048, -0.03564583878933389, 0.7070895107752783, 0.37937588113488496, -0.06910564785162335, -0.012603916655203662, -0.061237693172124734], [-0.2222367202484876, -0.6795709506949673, 0.23332002237400012, 0.3562662265666088, -0.27068965678498313, -0.2184946668013285, -0.8095506469693869, -0.3348622669471652, 0.28421764960756546, 0.7669431922904014, 0.14832454392658556, 0.47132600052783524, 0.263882427974004, -0.3281192122728238, -0.05614230604086769], [-0.5969613106337732, -0.42844800696538865, -0.7128159364688541, -0.37186360640092264, 0.30285541103855845, -0.2805037086445641, 0.25170926674617855, 0.3508570988115952, 0.2712625834004205, 0.2898544864072067, 0.12800936426022008, -0.2705061416318069, 0.7055770620315329, 0.7036297705087805, 0.03569436405974476]], "inverted": false, "swapped": false, "error_lsq": 0.04542407463024882, "error_max": 0.3236452294776179, "target": "1055.xyz", "model": "10.xyz", "model_rescale": 4.2482417240324, "target_rescale": 4.071692649633919},
{"mapping": [2, 1, 6, 4, 11, 10, 5, 12, 8, 9, 3, 14], "R": [[0.22981417320614508, 0.37822731073088744, -0.8967327066695274], [-0.6351546818580153, -0.6398376990329718, -0.4326502617704461], [-0.7374035366794895, 0.668993139212558, 0.09318907542790483]], "T": [0.04922176411859762, 0.04779439881120955, -0.004905301643940964], "aligned_model": [[-0.6925204687226109, -0.16927005154786579, 0.41788432486548216, 0.586131367658059, -0.5745143186045375, 0.09984039372594959, -0.17591179292628284, 0.4974283697159223, 0.2214721390170995, -0.03729638361521494, -0.39435757426920176, 0.09787959706620798], [-0.19104771211681826, -0.6167897367270114, -0.43369739553808095, -0.34651986345644414, 0.5391329032010787, 0.7176428182241456, 0.16055526194753317, 0.4624438645653441, -0.10587725240849893, 0.4406338553279107, 0.01935425784614047, 0.020300389185340613], [0.012849996793482511, 0.3525898922213199, 0.3864980313816301, -0.17437741476523483, 0.006444399218539294, 0.2944588852708364, 0.5743223929397486, -0.1411399640882979, -0.6794150109495564, -0.640612829801845, -0.4599348689909007, 0.03350878062463436]], "inverted": true, "swapped": true, "error_lsq": 0.05246231691350553, "error_max": 0.29309017095119005, "target": "1055.xyz", "model": "11.xyz", "model_rescale": 3.6694154284099745, "target_rescale": 4.071692649633919},
{"mapping": [2, 3, 8, 9, 11, 1, 5, 6, 12, 13, 4, 10, 0, 14], "R": [[0.7118266672113607, 0.6343805725953442, 0.30143670141568646], [-0.6668487022683163, 0.4757009131910781, 0.5736039134038718], [0.22048946489533008, -0.6093192351327646, 0.7616524572056429]], "T": [0.07935992078359595, 0.027638946270238378, -0.00923499054528925], "aligned_model": [[-0.056620028154646715, 0.077390445765168, -0.1443277572685831, 0.43314721984307486, 0.6489331144313075, -0.522543806495163, 0.26275493077918244, -0.4173335594344104, 0.41963928893512353, 0.026140192316858837, -0.39419458275271846, 0.7563986409335917, -0.5396026981994723, 0.048483449556496985], [-0.38024547938969616, 0.2005244680626472, 0.6742155552579012, 0.5850057911047348, -0.22297797010896525, -0.47331553504461304, -0.567736281117502, -0.19262215892146156, 0.4173427385632193, 0.3039388727453645, 0.3849536454145159, -0.11975154410423947, 0.10700026514436878, 0.014654920529979472], [-0.6593750472609465, -0.6213870106721123, -0.20961220328778496, -0.36994129371130796, -0.5025569754588632, -0.07224349074627845, 0.09468546873670308, 0.465868822399136, 0.34250941933987017, 0.8148808855719287, 0.3379663845704947, 0.23728616843565384, -0.26871851292697824, 0.049732844662900545]], "inverted": false, "swapped": true, "error_lsq": 0.039907176009952465, "error_max": 0.22199180113317402, "target": "1055.xyz", "model": "12.xyz", "model_rescale": 3.9764082729961374, "target_rescale": 4.071692649633919},
{"mapping": [2, 7, 0, 9, 8, 4, 3, 14, 1, 12, 6, 5, 13, 11, 15], "R": [[-0.6996092877245419, -0.7131278390083419, -0.04467135279854225], [-0.7107627177109327, 0.6881558174744795, 0.1458009944691743], [-0.07323389680829775, 0.13375446200902466, -0.9883048822357139]], "T": [-0.013752510106584574, 0.045434883794569045, 0.05943814513537615], "aligned_model": [[-0.6301471273042368, -0.03582509048417441, -0.08601512060305153, -0.143473763444875, -0.5189117416241809, 0.48644207741844586, 0.015167875913551884, 0.4195567956099251, -0.6135179359948253, -0.21396864255193115, 0.7239966882887559, 0.45848553524133334, 0.20018844699421587, -0.1868869271195297, 0.04927258465606568], [-0.20183679121025194, -0.4961104586054219, 0.055428535215332655, 0.4914258462985335, -0.420798551172166, -0.14542909128857795, -0.7785673253445246, -0.32865547630046765, 0.25152599610330223, 0.5972714013814365, 0.1070052832553355, 0.5733241692436498, 0.2656997317863863, -0.3260838210033424, -0.03958581185223331], [-0.3823467669385758, -0.46713107371751283, -0.6629095381569409, -0.32235182895345804, 0.22403878784438785, -0.4193520379358231, 0.2286345337491743, 0.6172082479900484, 0.02581574787637471, 0.30964504574863777, 0.24810189861363652, -0.3890571577037451, 0.5887709419662868, 0.7395433019900206, 0.03974059414641646]], "inverted": true, "swapped": false, "error_lsq": 0.03960662059897196, "error_max": 0.23737797753390505, "target": "1055.xyz", "model": "13.xyz", "model_rescale": 4.170626492500431, "target_rescale": 4.071692649633919},
{"mapping": [6, 4, 1, 0, 5, 11, 2, 13, 7, 8, 12, 3, 10, 14], "R": [[0.4941133224102977, -0.3587080836330231, 0.7919473059193911], [0.8576779864568941, 0.3501830538753875, -0.37651069085187416], [-0.1422690977124168, 0.8652747191007212, 0.48068613909833435]], "T": [-0.056699959898193465, 0.05158401303691614, 0.13345720186974064], "aligned_model": [[0.21534067971978502, 0.07820347215409384, -0.3107855144295438, -0.5264564386288493, 0.1338822688955565, -0.2976488060684345, -0.6924220946889514, 0.678319912741755, 0.7648151213619113, -0.3540252361167853, 0.376276126768457, -0.6350771523450369, 0.4251881719966352, -0.012427489268949203], [-0.3165441915765213, -0.6189846506770286, -0.05043464696057679, -0.3621583246459668, 0.5210766785575268, 0.7703610962647854, 0.4094365567615588, -0.4146913672331644, 0.21629752248207418, -0.4486974772860352, -0.05523436272246519, 0.13314962703967237, 0.5533932376767907, 0.019104770245015883], [-0.4245916456248172, 0.06552202547495503, -0.6029165377149115, -0.12127946553153318, -0.2435837826744121, 0.3698725157819517, -0.14102643852127456, 0.15941914931266638, -0.025887152197057756, 0.5452394581054809, 0.5722108536808153, 0.38535053662136254, 0.3718883186848932, 0.09365526572274768]], "inverted": false, "swapped": true, "error_lsq": 0.036978841849912396, "error_max": 0.20567313938147408, "target": "1055.xyz", "model": "14.xyz", "model_rescale": 3.9786697098870705, "target_rescale": 4.071692649633919},
{"mapping": [6, 1, 7, 13, 5, 10, 0, 3, 12, 4, 2, 14], "R": [[0.33297738126362825, 0.25726229909955284, 0.9071616024881283], [0.7087859512991215, 0.566218167452182, -0.4207368085728802], [-0.6218910988330802, 0.7830792401213975, 0.006193939221442433]], "T": [0.0415645320337408, 0.08999477649368358, 0.11299428927767192], "aligned_model": [[-0.09703130821035752, -0.6129524020955015, 0.5993268439716607, 0.6226840575408013, -0.02220994299610106, 0.585451793841945, -0.49969314819612753, -0.2589783974078719, 0.648467161117456, 0.08382066009199315, -0.6166614656066616, 0.05113074471610139], [-0.4199993099154402, -0.09872446496235653, 0.06622973571917952, -0.4917025714022454, 0.43695186002202085, 0.528919156594587, -0.2692844099632267, 0.32336926225234036, -0.011631338226361823, -0.5946349299550655, 0.5021919690938197, 0.042989530967187925], [-0.37857485715081535, -0.2784213353483603, -0.531788323951899, -0.17383189268969074, -0.41089353407752277, -0.11593823802304297, 0.2992823210737897, 0.6227331196429567, 0.2257974613109774, 0.1574132223558823, 0.1791331961198882, 0.06505535461166681]], "inverted": false, "swapped": true, "error_lsq": 0.046253522839163695, "error_max": 0.24140295787456265, "target": "1055.xyz", "model": "15.xyz", "model_rescale": 3.769337070930944, "target_rescale": 4.071692649633919},
{"mapping": [5, 11, 6, 1, 7, 10, 13, 9, 4, 0, 14], "R": [[-0.04831552431455617, -0.20765216412527, -0.9770087967077377], [0.31569878400864004, 0.9248330099615314, -0.21217488414268124], [0.9476285600833672, -0.31869182986011124, 0.020871743931409732]], "T": [-0.05151632650134334, -0.061120929277759785, 0.08185507985449642], "aligned_model": [[-0.27503609871596557, -0.25622374833321976, -0.11991408530453976, -0.6824439619532591, 0.3983865254513972, 0.32281821206956157, 0.6149683193003774, 0.2342845846552189, 0.17251431133306178, -0.44989590140581165, -0.03683202640565], [-0.06594878244871238, -0.7832388871841308, 0.6453011869274674, 0.4014369908380979, 0.2143068692435043, -0.3897070083792171, 0.48911612205284727, -0.6220487763386147, 0.48194958262272913, 0.2228863320221737, 0.002010868269197212], [-0.5088398127919089, -0.17743157389502034, -0.04941769398876522, 0.009854734576025759, -0.5883203775527577, -0.4592390976360023, -0.024814364646901343, 0.49369252280257536, 0.43873201850707005, 0.5480934639964238, 0.061907787853037716]], "inverted": true, "swapped": true, "error_lsq": 0.03950521362631116, "error_max": 0.1869002918293587, "target": "1055.xyz", "model": "16.xyz", "model_rescale": 3.7852294659196426, "target_rescale": 4.071692649633919},
{"mapping": [6, 0, 2, 1, 4, 8, 9, 3, 5, 7, 12, 11, 14], "R": [[-0.9507383852831309, 0.0626150990818953, 0.30360479593739886], [-0.27837521820351874, -0.6033745591107705, -0.7472926998894254], [0.13639560344589008, -0.7949959061434517, 0.5910818459196525]], "T": [0.020444968776857957, 0.1311276081034412, -0.019211585899560988], "aligned_model": [[-0.05809005920866607, -0.3880035772149881, 0.2772923600214724, 0.11081804159884123, -0.5315528167647243, -0.646683794357971, -0.25955860480921394, -0.13562042160061458, 0.6210945536567508, 0.43026700574836996, -0.11465371034413847, 0.5330006605509854, 0.015456212940180179], [-0.261138234210178, -0.3940266381938477, -0.3656204810470379, -0.6362106435108863, 0.03002870400094179, 0.24082556520790277, 0.6169407297424176, 0.06023647298781942, -0.009274135332028255, 0.44617275217151625, 0.7044917006570235, 0.32777332075845195, 0.11485651047077923], [-0.6199634141605955, 0.09964733842883086, 0.5237553542465253, -0.16147287957163672, -0.4161422010867059, 0.20696110828369593, 0.482302022552574, 0.593357935959777, -0.1549034410698633, -0.6975924872493473, -0.22988951135109478, 0.5545533215502513, -0.08485844938923731]], "inverted": true, "swapped": true, "error_lsq": 0.03836452283855116, "error_max": 0.21996995557703145, "target": "1055.xyz", "model": "17.xyz", "model_rescale": 3.901054581598922, "target_rescale": 4.071692649633919},
{"mapping": [7, 12, 11, 6, 0, 9, 3, 5, 1, 4, 5, 10, 8, 2, 14], "R": [[0.48203121968839796, -0.4458805940998561, -0.7542124362875983], [0.2104381859764002, 0.8945424897924221, -0.3943469333454189], [0.8505067155106286, 0.031372436327668146, 0.5250277108021909]], "T": [-0.0046946515247395255, -0.017026017776450682, 0.0365355591084583], "aligned_model": [[-0.5474195792117694, -0.03280609950004236, 0.11364761011734242, -0.3993846079547752, -0.6145416212590512, 0.5916264427751569, -0.22689860123996772, 0.5335538614968324, -0.6330086126631628, -0.04330377881990963, 0.5335538614968324, 0.4909515726442136, 0.05767464951257875, 0.08447458973861416, 0.016243967862596922], [-0.19120802669679504, -0.5498177038020832, 0.049283659913441524, 0.33722634722188466, -0.3307575121191062, -0.12821726969909722, -0.744367796231996, -0.08377299839900897, 0.26391816759308684, 0.7516070410834557, -0.08377299839900897, 0.5727355952066685, 0.2639005628049898, -0.4779319715975871, -0.0442114603718535], [-0.3022671924046094, -0.48049236071010093, -0.7498035055963136, -0.4949254888117852, 0.3608251541664664, -0.22081105408694068, 0.10728322024896181, 0.34624417345984926, 0.14597723481486843, 0.2189815128234614, 0.34624417345984926, -0.24448011384853197, 0.6345393874831674, 0.7172356767321109, -0.006200121211524967]], "inverted": true, "swapped": false, "error_lsq": 0.04240816427677055, "error_max": 0.3369455979049663, "target": "1055.xyz", "model": "18.xyz", "model_rescale": 3.9405287249114394, "target_rescale": 4.071692649633919},
{"mapping": [0, 4, 7, 8, 1, 13, 12, 14, 6, 5, 11, 9, 10, 3, 15], "R": [[-0.25315148365238677, -0.615340444661768, -0.746505501311312], [-0.5989265585589939, -0.5062973523250373, 0.6204433644429904], [-0.7597376545737848, 0.6041681290767621, -0.24037380895307542]], "T": [0.004225577496694015, -0.09246229023835904, 0.015597381954585996], "aligned_model": [[-0.6095130853541479, -0.187382161796177, 0.15632608819985014, -0.41469782228929647, -0.5561962119636272, 0.6484904661710921, 0.024883133729295195, 0.5666371109691632, -0.6193183875291534, -0.12504648594302184, 0.5575832569095568, 0.3954662486224451, 0.21477148485176714, -0.12676251774221978, -0.0008774618400361313], [-0.18491257659275823, -0.4973105046675531, 0.06295510893619784, 0.37711996212620613, -0.25761392034613967, -0.20179680244010145, -0.6371685885157199, -0.3779695221795082, 0.3127584301720832, 0.7282991465268976, 0.30854468519985745, 0.4639318847427838, 0.11279878865201128, -0.5355240677051465, -0.06949838740212018], [-0.28012555633563413, -0.5623727090818332, -0.653981900594537, -0.40424526584566556, 0.3224715922595132, -0.14028258159089235, 0.07043693152298246, 0.4649500826281595, 0.08820968822636722, 0.04563136756984058, 0.2440747028959025, -0.33988272474712594, 0.7445983060522969, 0.7311160575512594, 0.04775270600829452]], "inverted": true, "swapped": false, "error_lsq": 0.034547638870180045, "error_max": 0.2283731292142038, "target": "1055.xyz", "model": "19.xyz", "model_rescale": 4.410303926677745, "target_rescale": 4.071692649633919},
{"mapping": [11, 5, 2, 10, 3, 7, 9, 1, 6, 4, 13, 8, 0, 14], "R": [[0.3964427153540726, 0.5038924464951313, 0.7674148655113749], [0.6839882423753634, -0.719686964220672, 0.11920888315513598], [0.6123669306346903, 0.47764325170150257, -0.6299711631249991]], "T": [-0.017962264065268806, 0.00797242244709342, 0.04939580398460451], "aligned_model": [[-0.20837901457359959, 0.03871134508341641, 0.5020465542829431, -0.6107676065208556, 0.13520425009538595, -0.44788584413793964, -0.41271773399019906, 0.7146857950162953, 0.31404221814784283, 0.10143434089832302, -0.3891367332408783, -0.02714469977377903, 0.5594526444535637, -0.00835762627964641], [0.12278053064056313, -0.5095380925643302, 0.16136637134390777, -0.31216245805235693, 0.5506667036848346, -0.7126369153965287, 0.6367867826350678, -0.2750356357671083, -0.4430590869806672, 0.06408211890997102, -0.34727991581319206, 0.6311373677729791, 0.28340758717790665, -0.0395668914098447], [-0.7129358836130106, -0.30820148601398945, -0.5106072940758957, -0.2455169819440463, -0.24496165604377274, 0.202026369778539, -0.07181850715890375, 0.06801893124392965, 0.5046831880832588, 0.7239865018247054, 0.7525076412690352, 0.3955599988116507, 0.2672768138714857, 0.0967974026920356]], "inverted": true, "swapped": true, "error_lsq": 0.0447358577449472, "error_max": 0.2647958758517191, "target": "1055.xyz", "model": "20.xyz", "model_rescale": 4.121658175737393, "target_rescale": 4.071692649633919},
{"mapping": [7, 6, 1, 5, 2, 12, 0, 10, 8, 9, 3, 11, 14], "R": [[-0.8388154124238508, 0.012773925135166175, 0.5442660477347876], [0.5420283206018365, 0.11312180532218541, 0.8327116888973052], [-0.050931361122178, 0.9934990105668404, -0.10181214297396718]], "T": [0.008128611379232369, -0.05895606099707698, 0.05911120994161467], "aligned_model": [[0.21227033978642112, -0.11500289186324905, 0.20599395876089016, 0.5855282390274079, 0.4525263133835699, -0.26731445562441175, -0.26697913869714396, 0.3704941824964303, -0.6099335192322287, -0.2506937394458094, -0.008657906367005648, 0.5795274679381331, -0.006675945498709399], [-0.7517668847893406, 0.005087108495156173, 0.49587013309649386, -0.15885860440099078, 0.5519729038131274, -0.6072135739269471, 0.543850055813434, -0.6824726393932123, 0.1268489445140067, -0.15738806286296314, 0.33226224917512115, -0.08211277160163019, -0.07525195376907193], [0.5127052015946263, 0.7674050092765459, 0.5789484527515657, 0.29476774973807873, -0.13277111588496054, -0.06306915001108851, 0.19209674450524872, -0.08509813925102205, -0.24374885447734973, -0.640356031294408, -0.44217695551872926, -0.49184809524679984, 0.12325492330008211]], "inverted": true, "swapped": true, "error_lsq": 0.055860933910544294, "error_max": 0.3325571830477396, "target": "1055.xyz", "model": "21.xyz", "model_rescale": 4.08911054899281, "target_rescale": 4.071692649633919},
{"mapping": [0, 4, 13, 7, 8, 14, 1, 15, 6, 10, 9, 12, 5, 11, 16], "R": [[0.509247624090672, 0.22148414834626465, 0.8316319073901237], [0.5554678910917007, 0.6535060105867372, -0.5141841266444792], [-0.657360083458179, 0.7237918666013988, 0.2097690504281285]], "T": [0.037581206265395045, -0.09851582627473841, 0.002625442752247121], "aligned_model": [[-0.597822654467727, -0.03967409237934971, 0.11438980485360911, -0.2856710242884536, -0.42507102674960895, 0.6651012578537138, -0.31653563404379836, 0.5048103708179588, -0.655486261198135, -0.0756634717945078, 0.4923105128860592, 0.42685033285629836, 0.028193103981178844, 0.07159556045982857, 0.01703687620842329], [-0.266638619114469, -0.4472635781775107, 0.09497439737891468, 0.40852524996477213, -0.20073997916029473, -0.07075728595852511, -0.7703824805815697, -0.5886796048519238, 0.16605332088477498, 0.6859793245210978, 0.3487640175072112, 0.4463697929517427, 0.29297581471337275, -0.394260176935016, -0.10030655663558644], [-0.4073453592233161, -0.5962892508743433, -0.62458420207284, -0.37712912332599485, 0.5088518268069838, -0.12879234234996212, 0.23326551625643582, 0.2727057934936931, 0.07490808566425598, 0.15388155166644585, 0.3199732182434316, -0.308081356461118, 0.5894603535407111, 0.7078001253803982, -0.040274140225853364]], "inverted": false, "swapped": false, "error_lsq": 0.04613665950694731, "error_max": 0.32740879897110015, "target": "1055.xyz", "model": "22.xyz", "model_rescale": 4.204369325754507, "target_rescale": 4.071692649633919},
{"mapping": [0, 4, 7, 8, 1, 13, 12, 14, 6, 5, 11, 9, 10, 3, 15], "R": [[-0.25315148365238677, -0.615340444661768, -0.746505501311312], [-0.5989265585589939, -0.5062973523250373, 0.6204433644429904], [-0.7597376545737848, 0.6041681290767621, -0.24037380895307542]], "T": [0.004225577496694015, -0.09246229023835904, 0.015597381954585996], "aligned_model": [[-0.6095130853541479, -0.187382161796177, 0.15632608819985014, -0.41469782228929647, -0.5561962119636272, 0.6484904661710921, 0.024883133729295195, 0.5666371109691632, -0.6193183875291534, -0.12504648594302184, 0.5575832569095568, 0.3954662486224451, 0.21477148485176714, -0.12676251774221978, -0.0008774618400361313], [-0.18491257659275823, -0.4973105046675531, 0.06295510893619784, 0.37711996212620613, -0.25761392034613967, -0.20179680244010145, -0.6371685885157199, -0.3779695221795082, 0.3127584301720832, 0.7282991465268976, 0.30854468519985745, 0.4639318847427838, 0.11279878865201128, -0.5355240677051465, -0.06949838740212018], [-0.28012555633563413, -0.5623727090818332, -0.653981900594537, -0.40424526584566556, 0.3224715922595132, -0.14028258159089235, 0.07043693152298246, 0.4649500826281595, 0.08820968822636722, 0.04563136756984058, 0.2440747028959025, -0.33988272474712594, 0.7445983060522969, 0.7311160575512594, 0.04775270600829452]], "inverted": true, "swapped": false, "error_lsq": 0.034547638870180045, "error_max": 0.2283731292142038, "target": "1055.xyz", "model": "23.xyz", "model_rescale": 4.410303926677745, "target_rescale": 4.071692649633919},
{"mapping": [9, 15, 8, 10, 14, 5, 6, 12, 11, 1, 0, 3, 7, 13, 16], "R": [[0.8275779113146762, 0.16195159455979635, 0.5374816105910762], [-0.5403339595298039, 0.48936204988908394, 0.6845173455122946], [-0.15216442712698025, -0.8569110018828636, 0.4924931694645367]], "T": [-0.021031054718127634, -0.02328903402238441, 0.009690227335997146], "aligned_model": [[-0.5105320763918128, -0.18953285537232056, -0.10474128211496833, -0.25891332117066596, -0.5288994760117078, 0.45675465650387537, 0.0834140322403785, 0.5690121910770082, -0.5849673206931195, -0.04139438670245629, 0.6207148931129668, 0.48468395933384767, -0.0073274690471512305, -0.1047797171076408, 0.04087182733925624], [-0.10744855723854019, -0.6090992053878236, 0.006093961205872082, 0.41067521021752307, -0.45249152023321104, -0.38178362497443347, -0.7465528869271708, -0.33525587783505717, 0.21228457338626722, 0.7968569401705299, 0.23182870973623176, 0.6716886487844413, 0.23413683702998828, -0.4049616113303714, 0.07864203990274471], [-0.37205040196724043, -0.36145364926152745, -0.8075220490494224, -0.41324121900525607, 0.1362006320379315, -0.18729828968502146, 0.21916269008790845, 0.45768742736831636, 0.17462187991190573, 0.26124790520727387, 0.3154072310306738, -0.25584570167724735, 0.6224504001075173, 0.5940692388586414, -0.005085397445525459]], "inverted": true, "swapped": false, "error_lsq": 0.04015127345174493, "error_max": 0.2313415275910599, "target": "1055.xyz", "model": "24.xyz", "model_rescale": 4.28219845311461, "target_rescale": 4.071692649633919},
{"mapping": [1, 0, 4, 3, 8, 2, 6, 14, 5, 9, 12, 7, 11, 10, 15], "R": [[-0.7292814301852177, -0.608538799023586, -0.3127764787670819], [-0.5201105072720265, 0.7900716208781354, -0.32445630539139003], [0.4445600699705705, -0.07394162539413951, -0.8926919850776268]], "T": [0.06979155460940882, 0.04061551646942732, -0.002900239678141174], "aligned_model": [[-0.5168034858641926, -0.05268602585880612, 0.11041793024264633, -0.3860000771553634, -0.46830500103184797, 0.5326082719683218, -0.05803765215544375, 0.5014593809206992, -0.6670399786907842, -0.014555401357519523, 0.5625378179765748, 0.335321604298807, 0.061804089937002274, -0.07882668526019777, 0.062468867025593275], [-0.035782150407119434, -0.5778306693769639, 0.029309599676000164, 0.44672777272359154, -0.3086231239918835, -0.4232837633096078, -0.8447071969332332, -0.36245030105130516, 0.26125001092719363, 0.6944963181338636, 0.33089989614252713, 0.6375881780299756, 0.15534175479844908, -0.38543208196078405, -0.012890606893712936], [-0.24774111419517383, -0.5206624723009048, -0.7328798605403121, -0.4797358178318509, 0.26248726143028506, -0.20133957232550653, 0.10692016822603953, 0.4780836055481386, 0.362723053212224, 0.14609362634545237, 0.5044024304198221, -0.4255862221893734, 0.5293132155215314, 0.6498637923256048, -0.053591397127048135]], "inverted": true, "swapped": false, "error_lsq": 0.04003440712791949, "error_max": 0.24259846346680544, "target": "1055.xyz", "model": "25.xyz", "model_rescale": 4.100010024507729, "target_rescale": 4.071692649633919},
{"mapping": [2, 1, 6, 4, 11, 10, 5, 12, 8, 9, 3, 14], "R": [[0.22981417320614508, 0.37822731073088744, -0.8967327066695274], [-0.6351546818580153, -0.6398376990329718, -0.4326502617704461], [-0.7374035366794895, 0.668993139212558, 0.09318907542790483]], "T": [0.04922176411859762, 0.04779439881120955, -0.004905301643940964], "aligned_model": [[-0.6925204687226109, -0.16927005154786579, 0.41788432486548216, 0.586131367658059, -0.5745143186045375, 0.09984039372594959, -0.17591179292628284, 0.4974283697159223, 0.2214721390170995, -0.03729638361521494, -0.39435757426920176, 0.09787959706620798], [-0.19104771211681826, -0.6167897367270114, -0.43369739553808095, -0.34651986345644414, 0.5391329032010787, 0.7176428182241456, 0.16055526194753317, 0.4624438645653441, -0.10587725240849893, 0.4406338553279107, 0.01935425784614047, 0.020300389185340613], [0.012849996793482511, 0.3525898922213199, 0.3864980313816301, -0.17437741476523483, 0.006444399218539294, 0.2944588852708364, 0.5743223929397486, -0.1411399640882979, -0.6794150109495564, -0.640612829801845, -0.4599348689909007, 0.03350878062463436]], "inverted": true, "swapped": true, "error_lsq": 0.05246231691350553, "error_max": 0.29309017095119005, "target": "1055.xyz", "model": "26.xyz", "model_rescale": 3.6694154284099745, "target_rescale": 4.071692649633919},
