[{"mapping": [3, 9, 6, 7, 4, 10, 0, 8, 2, 1, 11], "R": [[0.0952709934500684, -0.43056914180682, 0.8975152655697705], [-0.7752301644319337, -0.5976815748301876, -0.20443807684319387], [0.6244530646588852, -0.6763038882279513, -0.39073190400309105]], "T": [0.017726641140547006, 0.021308417900284576, -0.08949886140102228], "aligned_model": [[-0.32151013503432957, 0.28210407824615125, 0.6495110544754639, 0.8544703706666283, -0.7854499038332416, 0.21215669220941474, -0.29582259032516034, -0.005102711452261384, -0.3260129902371965, 0.3018869174255227, 0.0026988040062721833], [-0.2783405552350618, -0.4062576529173111, -0.2678000651317217, 0.46043909128629235, 0.004102108863771447, 0.27896169927723785, 0.49650052028014585, -0.5477719279764821, -0.016141323504191136, 0.26893784947793803, 0.08632370537118596], [-0.6083065496404453, -0.4310369270145642, 0.11646042477210353, -0.14972753112191042, -0.17292456054010122, -0.68747301452297, 0.15272157391477223, 0.19108957615153035, 0.6379561738248355, 0.5103454196562612, -0.07001983693253039]], "inverted": false, "swapped": false, "error_lsq": 0.0492954229602024, "error_max": 0.2565833346056856, "target": "1056.xyz", "model": "0.xyz", "model_rescale": 3.751011558992144, "target_rescale": 3.914253282344774},
{"mapping": [10, 5, 8, 2, 11, 13, 12, 4, 6, 0, 14], "R": [[-0.7737467979865187, 0.14758648177254693, -0.6160634082654244], [0.4904887786543547, 0.7550240367832466, -0.43515452645432756], [0.40091975583621314, -0.6388716101671229, -0.6565869440544023]], "T": [0.05290386068222222, 0.027287494782137985, 0.011236981374859789], "aligned_model": [[-0.3595517882676016, 0.35569427699868883, 0.5758832137600035, 0.8133475285163708, -0.7323964588894857, 0.24811116406571385, -0.3384260327299651, 0.06907624526946059, -0.5312203999766842, 0.4520308499652843, 0.016380987435477924], [-0.5864302743241595, -0.09777444144356928, -0.3808793141154244, 0.3003520727996136, 0.10430395412925228, 0.47613051979393134, 0.6497737230101421, -0.7330296908811285, -0.10647606484360983, 0.3955605559059023, 0.057422409760853554], [-0.34328323759922025, -0.520518152958602, 0.028863793582372635, -0.16454488990654692, -0.10751849006491648, -0.5253599305661116, -0.09528491433531956, 0.22856208593404415, 0.46359956105633127, 0.5409322875423355, -0.016363364137385566]], "inverted": false, "swapped": false, "error_lsq": 0.04641018752809933, "error_max": 0.22529189031999608, "target": "1056.xyz", "model": "1.xyz", "model_rescale": 3.9405287249114394, "target_rescale": 3.914253282344774},
{"mapping": [6, 11, 10, 9, 1, 5, 2, 3, 4, 8, 12], "R": [[-0.4470658641989138, -0.7972392159366886, 0.4056374559144312], [-0.628023746116255, -0.0431624582263091, -0.776996252573954], [0.6369601929337373, -0.6021184557647405, -0.48138869725545075]], "T": [-0.08643472365193336, -0.0635510697103187, -0.09124521642886185], "aligned_model": [[-0.1758970835701568, 0.4061148652504988, 0.6783790418673414, 0.6570594287062875, -0.8443966141118052, 0.11797166196430928, -0.26342570189048065, 0.05761564970846492, -0.31905839472014524, 0.36711092407734347, -0.11254419113439382], [-0.4564767310786897, -0.1642675326881985, -0.3201609389467179, 0.23913244453990834, 0.15772122983426057, 0.4274569990434532, 0.5846046960512871, -0.5217460775951539, -0.03177893993263069, 0.14699059607384524, 0.017477704490439894], [-0.45588422172795773, -0.5960871576287317, 0.1551252330878688, -0.013913187486630299, -0.02993718740315629, -0.5864273913046785, -0.20410763025099887, 0.21876527251149114, 0.5694911011070733, 0.5009188845637786, -0.06885896692107749]], "inverted": false, "swapped": false, "error_lsq": 0.045433875968885554, "error_max": 0.2617195812505894, "target": "1056.xyz", "model": "2.xyz", "model_rescale": 3.932901565614263, "target_rescale": 3.914253282344774},
{"mapping": [8, 7, 5, 4, 11, 0, 1, 9, 10, 6, 13], "R": [[-0.5427405576770788, -0.8061924845356339, -0.2355554391871172], [0.3910537725601627, 0.005647317787058015, -0.9203505064747217], [0.7433099178800444, -0.5916263902836605, 0.3121995840821826]], "T": [0.0019911959947270796, 0.04747313482044569, -0.11450649557934874], "aligned_model": [[-0.37595688117102666, 0.43985165096139434, 0.5269118447188783, 0.8290515301879701, -0.8697802999744194, 0.20521276511159198, -0.25333974307376256, 0.11035725446248448, -0.35689313239470544, 0.28897015773477186, 0.024544439584086728], [-0.4688509924451246, -0.36128505524041077, -0.2783520947410534, 0.3076841435885829, -0.11879315516844641, 0.5511051667178094, 0.7351035632398722, -0.6705110769173795, 0.13874299908674448, 0.23234096402626014, 0.011768987644949068], [-0.4741610132794128, -0.5030132669253554, 0.2530474704975795, -0.2216878328438434, -0.014113876346285886, -0.5069426043099535, -0.010876739339778799, -0.0024868167000480362, 0.49869599219651634, 0.4772360345172249, -0.006612598919661983]], "inverted": false, "swapped": false, "error_lsq": 0.03885713051674942, "error_max": 0.22052082980163343, "target": "1056.xyz", "model": "3.xyz", "model_rescale": 3.9243930471874484, "target_rescale": 3.914253282344774},
{"mapping": [4, 10, 6, 11, 7, 9, 1, 3, 0, 5, 12], "R": [[-0.5334562876634085, -0.2385915832881106, 0.8114791713509644], [-0.7993869633123328, 0.45574204635325877, -0.39150947635023015], [-0.2764143122898346, -0.8575390624162943, -0.43384546141629865]], "T": [0.05168168601790547, -0.006481351266857346, -0.17275590775065025], "aligned_model": [[-0.3466183029068304, 0.4124026363175407, 0.5939779728211281, 0.7787321805787453, -0.7414304290395861, 0.19569408450657128, -0.3401712149076236, 0.03500704115975195, -0.30611051780994925, 0.23841340740255473, 0.04903272802496073], [-0.4013519267462287, -0.42397463115525663, -0.2412503536421661, 0.28016814943404644, 0.06411629820731106, 0.587505220292023, 0.519406651106885, -0.5888010708832703, -0.032131909290947676, 0.2804104116287509, 0.034856610840656936], [-0.3671822868333814, -0.6117405051818896, 0.24235223187064142, -0.2967063958266515, -0.26713759956601935, -0.5250736246854415, 0.1101812106662996, 0.16425903365312589, 0.5983790617025913, 0.5028530622802834, -0.06109943953257768]], "inverted": false, "swapped": false, "error_lsq": 0.03933152172644669, "error_max": 0.23110345691137069, "target": "1056.xyz", "model": "4.xyz", "model_rescale": 3.8936222436046832, "target_rescale": 3.914253282344774},
{"mapping": [4, 10, 3, 8, 5, 7, 6, 2, 1, 9, 11], "R": [[0.9604160075607917, 0.13069216631857497, -0.2460094512085815], [0.27572105014505177, -0.32000344844586315, 0.9064081285434648], [0.03973656915109033, -0.9383588602692011, -0.3433710157051507]], "T": [0.1466730429739785, 0.019543071762685115, -0.011536312709918124], "aligned_model": [[-0.3615258758882681, 0.3591775873206917, 0.6172088006148885, 0.8103812272637366, -0.6274140829118836, 0.07316461180662368, -0.2960659406310512, 0.07654721813768522, -0.40767675940682835, 0.34618573124694685, -0.02105293140527731], [-0.4605484209380532, -0.3097378469768327, -0.24498617639148934, 0.31250776970358957, 0.15943623452824177, 0.38073398710353507, 0.6782923930628865, -0.7179292097707507, -0.10486426963571548, 0.38522167274445795, 0.0008273163619337519], [-0.38819347301683627, -0.5074025191316902, 0.18570062595388992, -0.15127162749473236, -0.20746967279971562, -0.5443450594573871, 0.056582349862278856, 0.07998126803291541, 0.5544388432533012, 0.44509241155451584, -0.03402839820955891]], "inverted": false, "swapped": false, "error_lsq": 0.03765173884294882, "error_max": 0.25635879301338754, "target": "1056.xyz", "model": "5.xyz", "model_rescale": 3.6523030999806103, "target_rescale": 3.914253282344774},
{"mapping": [6, 10, 9, 11, 1, 4, 3, 8, 5, 7, 12], "R": [[0.31293270788864014, 0.04513601814743046, -0.9487021978467627], [0.9149491984367751, -0.28233425663845546, 0.2883666620958695], [-0.2548354069068615, -0.9582536759095713, -0.12964878708421745]], "T": [-0.028860315548582358, -0.009421006154701914, -0.07396298048351795], "aligned_model": [[-0.24542310286403635, 0.401545763392631, 0.5858093992029173, 0.7313575672168418, -0.7170053563333526, 0.14922137417734965, -0.16620802860028489, -0.09242387456978336, -0.30139796992172485, 0.273857877068729, -0.05040406262202262], [-0.5074518213586645, -0.28902443782515724, -0.35401970914692543, 0.43386041694177707, 0.0563850969304429, 0.3429143683321525, 0.6627166274169044, -0.6127387708829335, -0.08186981679215895, 0.37048641599323523, 0.05769508018313112], [-0.43130081549339666, -0.6615389924815812, 0.08757881238764335, -0.08576780162552874, -0.14105117343515966, -0.4902300793473152, 0.035614892302039805, 0.21873217047457238, 0.5460192182712107, 0.40650565132567856, 0.004522866168817766]], "inverted": false, "swapped": false, "error_lsq": 0.03396902629181679, "error_max": 0.16360863369825268, "target": "1056.xyz", "model": "6.xyz", "model_rescale": 4.08911054899281, "target_rescale": 3.914253282344774},
{"mapping": [9, 11, 13, 12, 3, 10, 4, 1, 6, 7, 14], "R": [[-0.592833554818093, -0.4964229807556834, -0.634123489912955], [0.41043776998421383, -0.8637208316121929, 0.29245027271234914], [-0.6928847041551204, -0.08689389631489766, 0.7157934321653748]], "T": [0.03635206224899283, 0.04906452247084583, -0.01754157777693198], "aligned_model": [[-0.3656762848543548, 0.3511870566374384, 0.6665830341494738, 0.7098870196755694, -0.7533860858390024, 0.27170746757451925, -0.382244253744255, 0.03255708771752598, -0.2595346400242954, 0.30223377826394543, -0.00438459340930137], [-0.44638258924624546, -0.18940044736423142, -0.2513129102174149, 0.23974991996657166, 0.051907891594630266, 0.4152693292898302, 0.6153095556490457, -0.6815712372075584, 0.08270839283545506, 0.3180178048913833, -0.07534226039966208], [-0.4730222859571277, -0.45175862883220747, 0.20263299464369905, -0.1516745652090833, 0.03496565003356229, -0.59180351378585, -0.049056278158740294, 0.04651342751431499, 0.3830356505551379, 0.6579286358532571, -0.11867633810998156]], "inverted": true, "swapped": false, "error_lsq": 0.046631787290743375, "error_max": 0.2365812860557823, "target": "1056.xyz", "model": "7.xyz", "model_rescale": 3.964800864290218, "target_rescale": 3.914253282344774},
{"mapping": [5, 8, 7, 12, 3, 9, 6, 1, 0, 2, 13], "R": [[-0.9562023901221456, -0.10249782811591918, -0.2741736390614824], [0.15831166813650527, -0.9689584913711663, -0.18988643377437692], [-0.24619992862820564, -0.22497474798570904, 0.9427470275276574]], "T": [0.008703925201005915, 0.13829745295566656, -0.0418191060412592], "aligned_model": [[-0.3514927989597323, 0.33678601693724264, 0.6087654537615248, 0.7154673924251942, -0.712913148798793, 0.33866527216301634, -0.3201266147990529, 0.11798387390948459, -0.40898079803243115, 0.21950998377609277, 0.025264953764718018], [-0.38993999142003455, -0.32971801230135056, -0.20728526678491907, 0.36489130669705405, 0.08858001901147186, 0.2567408961059674, 0.6027141723891911, -0.5456740999887669, -0.03245751757605042, 0.16825315795657664, 0.1028487857026639], [-0.5806087173290808, -0.555999275602002, 0.1235650247573951, -0.1825868727083485, 0.010713464582881846, -0.6342322955250278, 0.07084592780869532, 0.24690342294712325, 0.5145455087024025, 0.5852950694962004, -0.1093565085832581]], "inverted": true, "swapped": false, "error_lsq": 0.048821588456762655, "error_max": 0.31078878161857354, "target": "1056.xyz", "model": "8.xyz", "model_rescale": 4.121658175737393, "target_rescale": 3.914253282344774},
{"mapping": [3, 0, 1, 4, 11, 5, 7, 2, 8, 6, 12], "R": [[0.6810746298734627, 0.603435334889826, 0.4147326188632017], [0.18529147367388218, 0.40593518098065456, -0.8949210572033517], [-0.7083815485502762, 0.6863544459305317, 0.16466073067038792]], "T": [-0.0066552605575907545, 0.09459368042780224, -0.0739626111030976], "aligned_model": [[-0.3955844992841608, 0.47628216541131174, 0.5590928804939599, 0.8527734302706946, -0.6386341975124495, 0.1408648888795134, -0.3776966972792933, 0.009800788511170215, -0.3627563056759651, 0.23649211138440288, 0.06829502094807932], [-0.52689703474215, -0.276612272010122, -0.262287023952935, 0.2807675126243895, 0.07415765460284048, 0.4376815193176864, 0.6488478714590138, -0.565872263083208, -0.014173305605738248, 0.2297652495371441, 0.053575541644882665], [-0.3657970328067997, -0.5717595843717813, 0.09185933994969359, -0.19582132972897764, -0.13068180227674203, -0.5661479893821563, 0.02773033001396008, 0.14018777243623531, 0.552068639029099, 0.5606948181579121, -0.05324841247346229]], "inverted": true, "swapped": false, "error_lsq": 0.032810602156655266, "error_max": 0.19039559068906267, "target": "1056.xyz", "model": "9.xyz", "model_rescale": 3.833441315466971, "target_rescale": 3.914253282344774},
{"mapping": [2, 13, 0, 10, 3, 8, 7, 5, 6, 12, 14], "R": [[-0.6411214132411477, 0.7036225646475838, -0.3063961814423125], [-0.7372921538964692, -0.6755200277384373, -0.008542360737302246], [-0.21298735475698763, 0.22042681017294102, 0.9518657510755408]], "T": [0.035760124601473695, 0.060669002141479876, 0.07184833731733652], "aligned_model": [[-0.20913938294108514, 0.3407136126467152, 0.606589344876387, 0.747472416173263, -0.7884072335055149, 0.21920964161182105, -0.38445316603072377, -0.02516985422818853, -0.21500992749711345, 0.311430810960808, -0.034306675919104926], [-0.2906700224815429, -0.4984053582703001, -0.3092103883683376, 0.36885326962182124, 0.006574610887618855, 0.45367146827603355, 0.570510777627769, -0.6113734406493134, 0.009277036671951733, 0.3069013310614742, 0.07282416541462884], [-0.5054170920217067, -0.4078659225018341, 0.10599799998165683, -0.20062590884752163, -0.19674766491176054, -0.5758048867907269, -0.0141524250447769, 0.026222749818533994, 0.7008974728390112, 0.5476585622889969, 0.008921863737109112]], "inverted": true, "swapped": false, "error_lsq": 0.04570864562168572, "error_max": 0.2869221853972247, "target": "1056.xyz", "model": "10.xyz", "model_rescale": 4.2482417240324, "target_rescale": 3.914253282344774},
{"mapping": [10, 8, 1, 3, 4, 7, 5, 0, 6, 2, 11], "R": [[0.6077798049689842, -0.7836330481474856, -0.12854164509194782], [0.7779816745995731, 0.5551330961976388, 0.29423079290459614], [-0.1592112516724492, -0.2788305782318425, 0.947050836008178]], "T": [0.06457014531477316, 0.00539785533355919, -0.0584234894070048], "aligned_model": [[-0.14309880469555503, 0.4517747895589605, 0.5290700168674147, 0.8058647684893808, -0.8092023773688584, 0.17339913664866174, -0.43934529452309073, -0.11352217272732347, -0.2745106483411996, 0.4315189404748358, -0.043018768235963], [-0.41312443249896186, -0.23294507237668088, -0.42923009043203525, 0.27847858694806826, -0.005367822277675506, 0.5351057886116002, 0.5606922606127186, -0.7085963376380194, 0.07583989978519258, 0.3907115433993362, 0.027389125658260665], [-0.5019492094318222, -0.47088323440166213, 0.24896058930456522, -0.24276236790268824, -0.011039325165143263, -0.46600415965880515, -0.014794103894408342, 0.12139557129321439, 0.4897956929371432, 0.45600748740563335, -0.11964219193904585]], "inverted": false, "swapped": false, "error_lsq": 0.04473091357437188, "error_max": 0.23885702114575258, "target": "1056.xyz", "model": "11.xyz", "model_rescale": 3.6694154284099745, "target_rescale": 3.914253282344774},
{"mapping": [3, 8, 11, 9, 1, 10, 12, 4, 0, 6, 13], "R": [[0.2810257553632284, -0.1885582876615834, 0.9409943129353433], [-0.9589118625610964, -0.09490448505183488, 0.2673596427224111], [0.0388917042842834, -0.9774655548259377, -0.20748138342195008]], "T": [0.09180876692913822, 0.16803749476350693, 0.021293277716937134], "aligned_model": [[-0.2038789811793202, 0.33820119067176924, 0.6542850408298027, 0.8022759459778429, -0.6811068018547165, 0.21950649340800235, -0.34743020591497187, -0.09549585047279407, -0.40078662948635646, 0.29056190719178554, -0.007202523023780147], [-0.5389239107548719, -0.22470663367254828, -0.30379205436482337, 0.22235596049880488, -0.1111171943523594, 0.6083415126483078, 0.6746572585547994, -0.5183372447166503, 0.06829256177218529, 0.07670397859503084, 0.125479215583929], [-0.3711646529321303, -0.5767373857212558, 0.09892037849531009, -0.34880422114630594, -0.1815556246160963, -0.41842759942568003, -0.08904275419193224, 0.22497279817433202, 0.5293666859940058, 0.5428392598831401, 0.0787178640335936]], "inverted": false, "swapped": false, "error_lsq": 0.050384278864392604, "error_max": 0.2212045961116406, "target": "1056.xyz", "model": "12.xyz", "model_rescale": 3.9764082729961374, "target_rescale": 3.914253282344774},
{"mapping": [12, 13, 11, 14, 9, 6, 4, 10, 2, 3, 15], "R": [[-0.11696366247013046, 0.460308490913256, 0.880020224116886], [0.19324121827671786, 0.8797147373663821, -0.4344649726034625], [-0.9741546762298601, 0.1192395658058115, -0.19184523117851607]], "T": [-0.10349347840191497, 0.03930371921642411, -0.044797112478043674], "aligned_model": [[-0.25212247778649755, 0.26454478939462495, 0.5870811059301968, 0.6639072771475967, -0.6814120598567315, 0.22564482917155837, -0.24258960243786576, 0.08716256884413928, -0.5022615775137119, 0.4753009936529608, -0.056326260399006775], [-0.4661393829498703, -0.1729279756255297, -0.30143626347376656, 0.2154656554356062, -0.034128174126945805, 0.4620952140567622, 0.7434018278495231, -0.7192481664415354, -0.0832664699753426, 0.3040938275226083, 0.1310433575202941], [-0.40486686400227084, -0.4852356295592965, 0.14897519312889762, -0.1821692063858551, -0.19351495527736168, -0.5893833150920775, -0.07239862469560084, 0.14066503290890486, 0.6350705700590645, 0.5059538339356037, -0.014011286473027289]], "inverted": false, "swapped": false, "error_lsq": 0.044932499111367395, "error_max": 0.20540816441499257, "target": "1056.xyz", "model": "13.xyz", "model_rescale": 4.170626492500431, "target_rescale": 3.914253282344774},
{"mapping": [0, 2, 3, 6, 7, 4, 12, 1, 9, 11, 13], "R": [[0.8962970777881056, -0.30458835688460006, 0.3223002966161249], [-0.15176015603900306, -0.8935915288205114, -0.4224488544892018], [0.41667781724915476, 0.3297273304877242, -0.8471478525865005]], "T": [0.009633375172472355, 0.061916534655020304, -0.1036162207294507], "aligned_model": [[-0.20543787077281978, 0.3783373981618214, 0.4995090104207044, 0.8114144915629267, -0.7609572926298421, 0.03587623624091435, -0.1631887514219404, -0.23217205410461617, -0.18662274837011616, 0.316867784570822, 0.0753033824894094], [-0.39291144222194296, -0.20615359297362015, -0.33261126397614493, 0.3093059597515405, -0.18875935283589976, 0.4372543409227581, 0.7726998704818016, -0.6132776033085461, -0.12023593104084337, 0.2953064929955677, 0.11833597199713294], [-0.42413810320462686, -0.5780926873123343, 0.17894931596473174, -0.045009217904045384, -0.13157020104407707, -0.7048615733286081, -0.07860255933191285, 0.1728932372048223, 0.660982008196586, 0.4886639462174008, -0.050129416910954835]], "inverted": true, "swapped": false, "error_lsq": 0.04611376026892775, "error_max": 0.22751997092201234, "target": "1056.xyz", "model": "14.xyz", "model_rescale": 3.9786697098870705, "target_rescale": 3.914253282344774},
{"mapping": [7, 5, 4, 2, 6, 8, 9, 10, 1, 0, 11], "R": [[0.5722542720680385, 0.4051418575617009, -0.7130113066083412], [0.47723626741358244, -0.8715804600829785, -0.11221874472072556], [-0.6669112333474607, -0.2760571985168983, -0.6921140296092623]], "T": [0.02446911288470672, 0.06367229299447341, -0.052381623802097106], "aligned_model": [[-0.32176457103101935, 0.5024895027368002, 0.4990509823253775, 0.8377804879659274, -0.7582620789489427, 0.22751049729597447, -0.29796766281209314, -0.06637792793405861, -0.24114095740543606, 0.25505381209228645, -0.06744249813755251], [-0.3147394339294639, -0.26080139780454303, -0.27153230321420885, 0.3632058336253869, 0.08665591888119847, 0.24264291443716768, 0.591066012973047, -0.7422933660449943, -0.18047337859054635, 0.4659870519103365, 0.09923559754842325], [-0.46927826139861817, -0.6099414130578005, 0.14081428187377387, -0.1038761037745754, 0.06661133849269496, -0.49844421907182634, -0.12521470594639564, 0.1333255653975597, 0.5225238232925596, 0.46605749251587936, -0.03349304977627045]], "inverted": false, "swapped": false, "error_lsq": 0.04788519837060176, "error_max": 0.25023277884134965, "target": "1056.xyz", "model": "15.xyz", "model_rescale": 3.769337070930944, "target_rescale": 3.914253282344774},
{"mapping": [8, 9, 3, 1, 6, 7, 5, 2, 4, 0, 10], "R": [[0.9188774468461268, 0.3928816678981693, -0.03616949967992967], [-0.3674491086193679, 0.8855589369195046, 0.28419451405125545], [0.14368503837343582, -0.2478494790624946, 0.9580841536504372]], "T": [0.06738789253088552, 0.0511402453758559, -0.08316618648723086], "aligned_model": [[-0.24486970691883353, 0.5113666996023027, 0.5089879127691103, 0.6817038685625812, -0.6513875092079415, 0.03674490912003913, -0.15227785828006646, -0.07570975802851125, -0.41201783697015415, 0.29802054144032253, 0.0683683240584146], [-0.49300320168998435, -0.4031921141040157, -0.4733047483543217, 0.5643604055320599, -0.06432985391865462, 0.5318161317807818, 0.6731559252022781, -0.5729359152838085, 0.19556469704020343, 0.11519221040362315, 0.00562991318364231], [-0.4929183217444322, -0.590359057999816, 0.013737422287922324, -0.10185830252249929, -0.04398063400223649, -0.6115109619698125, 0.03887632040729587, 0.2863982413547496, 0.5146165907993955, 0.516980496961866, -0.040897045025451564]], "inverted": true, "swapped": false, "error_lsq": 0.05229329523112763, "error_max": 0.27464848381560963, "target": "1056.xyz", "model": "16.xyz", "model_rescale": 3.7852294659196426, "target_rescale": 3.914253282344774},
{"mapping": [7, 2, 8, 3, 6, 1, 4, 11, 10, 0, 12], "R": [[0.5479675227556235, -0.7756267862937406, -0.3132645565471927], [-0.7754891503394269, -0.3306349241371671, -0.5378634814213025], [0.3136051206707235, 0.5376649842833862, -0.7826673577993701]], "T": [0.08891408095800848, 0.03337394805503306, -0.03119496666771108], "aligned_model": [[-0.3086294764749996, 0.35016620188760406, 0.5389464718248703, 0.793227987445877, -0.7642007898902062, 0.16420760990611122, -0.13785018578468036, -0.01623005645897252, -0.49285518876886036, 0.3878651048941293, 0.054281907566390654], [-0.29694626329269685, -0.2642809887026771, -0.3353277036414198, 0.352504442297261, -0.21027459460229414, 0.3780196645699608, 0.6924740695652959, -0.6907820557684571, 0.030881937373016324, 0.4334236512457132, -0.010738709251898779], [-0.5047714473919138, -0.49728067655787767, 0.26161188171434624, -0.21718695556794668, -0.04614958804637618, -0.622637583354675, 0.09510500262524507, 0.018553067730704996, 0.5262934923728025, 0.43392402456282897, 0.0416235304598424]], "inverted": false, "swapped": false, "error_lsq": 0.045375417156698315, "error_max": 0.24519939791962161, "target": "1056.xyz", "model": "17.xyz", "model_rescale": 3.901054581598922, "target_rescale": 3.914253282344774},
{"mapping": [10, 5, 8, 2, 11, 13, 12, 4, 6, 0, 14], "R": [[-0.7737467979865187, 0.14758648177254693, -0.6160634082654244], [0.4904887786543547, 0.7550240367832466, -0.43515452645432756], [0.40091975583621314, -0.6388716101671229, -0.6565869440544023]], "T": [0.05290386068222222, 0.027287494782137985, 0.011236981374859789], "aligned_model": [[-0.3595517882676016, 0.35569427699868883, 0.5758832137600035, 0.8133475285163708, -0.7323964588894857, 0.24811116406571385, -0.3384260327299651, 0.06907624526946059, -0.5312203999766842, 0.4520308499652843, 0.016380987435477924], [-0.5864302743241595, -0.09777444144356928, -0.3808793141154244, 0.3003520727996136, 0.10430395412925228, 0.47613051979393134, 0.6497737230101421, -0.7330296908811285, -0.10647606484360983, 0.3955605559059023, 0.057422409760853554], [-0.34328323759922025, -0.520518152958602, 0.028863793582372635, -0.16454488990654692, -0.10751849006491648, -0.5253599305661116, -0.09528491433531956, 0.22856208593404415, 0.46359956105633127, 0.5409322875423355, -0.016363364137385566]], "inverted": false, "swapped": false, "error_lsq": 0.04641018752809933, "error_max": 0.22529189031999608, "target": "1056.xyz", "model": "18.xyz", "model_rescale": 3.9405287249114394, "target_rescale": 3.914253282344774},
{"mapping": [13, 14, 10, 3, 7, 12, 0, 11, 5, 2, 15], "R": [[0.54996353578447, -0.742484206697773, 0.38243602355403555], [-0.5567799227374528, -0.6672458211095461, -0.49475158599879593], [0.622524077400963, 0.05916263192443744, -0.7803611702537829]], "T": [-0.07709704174202181, 0.13039268338975085, -0.10668658076922288], "aligned_model": [[-0.21617631655299366, 0.41647535192095353, 0.5565068395296315, 0.7385724451832758, -0.7677837025670445, 0.12938652058324698, -0.3145206771106375, 0.010253128245105603, -0.27709632716214155, 0.34594684299798806, -0.05263451892012092], [-0.4014196241734429, -0.3458668587896451, -0.23946273528127932, 0.3131196018393283, 0.026644881348454302, 0.30221059529101557, 0.7702945651239954, -0.556988757232791, -0.05376145375713559, 0.14192102644943777, 0.1222622089738664], [-0.49290215556435235, -0.46627259658888565, 0.17554936283771694, -0.2701575453069917, -0.19508272927877424, -0.5841614029837026, -0.024043631419173983, 0.0910250900818303, 0.6790297690428418, 0.6524090995658888, -0.07630851183941652]], "inverted": false, "swapped": false, "error_lsq": 0.0410247941463634, "error_max": 0.20511544518800576, "target": "1056.xyz", "model": "19.xyz", "model_rescale": 4.410303926677745, "target_rescale": 3.914253282344774},
{"mapping": [5, 8, 7, 12, 3, 9, 6, 1, 0, 2, 13], "R": [[-0.9562023901221456, -0.10249782811591918, -0.2741736390614824], [0.15831166813650527, -0.9689584913711663, -0.18988643377437692], [-0.24619992862820564, -0.22497474798570904, 0.9427470275276574]], "T": [0.008703925201005915, 0.13829745295566656, -0.0418191060412592], "aligned_model": [[-0.3514927989597323, 0.33678601693724264, 0.6087654537615248, 0.7154673924251942, -0.712913148798793, 0.33866527216301634, -0.3201266147990529, 0.11798387390948459, -0.40898079803243115, 0.21950998377609277, 0.025264953764718018], [-0.38993999142003455, -0.32971801230135056, -0.20728526678491907, 0.36489130669705405, 0.08858001901147186, 0.2567408961059674, 0.6027141723891911, -0.5456740999887669, -0.03245751757605042, 0.16825315795657664, 0.1028487857026639], [-0.5806087173290808, -0.555999275602002, 0.1235650247573951, -0.1825868727083485, 0.010713464582881846, -0.6342322955250278, 0.07084592780869532, 0.24690342294712325, 0.5145455087024025, 0.5852950694962004, -0.1093565085832581]], "inverted": true, "swapped": false, "error_lsq": 0.048821588456762655, "error_max": 0.31078878161857354, "target": "1056.xyz", "model": "20.xyz", "model_rescale": 4.121658175737393, "target_rescale": 3.914253282344774},
{"mapping": [6, 10, 9, 11, 1, 4, 3, 8, 5, 7, 12], "R": [[0.31293270788864014, 0.04513601814743046, -0.9487021978467627], [0.9149491984367751, -0.28233425663845546, 0.2883666620958695], [-0.2548354069068615, -0.9582536759095713, -0.12964878708421745]], "T": [-0.028860315548582358, -0.009421006154701914, -0.07396298048351795], "aligned_model": [[-0.24542310286403635, 0.401545763392631, 0.5858093992029173, 0.7313575672168418, -0.7170053563333526, 0.14922137417734965, -0.16620802860028489, -0.09242387456978336, -0.30139796992172485, 0.273857877068729, -0.05040406262202262], [-0.5074518213586645, -0.28902443782515724, -0.35401970914692543, 0.43386041694177707, 0.0563850969304429, 0.3429143683321525, 0.6627166274169044, -0.6127387708829335, -0.08186981679215895, 0.37048641599323523, 0.05769508018313112], [-0.43130081549339666, -0.6615389924815812, 0.08757881238764335, -0.08576780162552874, -0.14105117343515966, -0.4902300793473152, 0.035614892302039805, 0.21873217047457238, 0.5460192182712107, 0.40650565132567856, 0.004522866168817766]], "inverted": false, "swapped": false, "error_lsq": 0.03396902629181679, "error_max": 0.16360863369825268, "target": "1056.xyz", "model": "21.xyz", "model_rescale": 4.08911054899281, "target_rescale": 3.914253282344774},
{"mapping": [5, 15, 1, 2, 10, 14, 13, 8, 6, 0, 16], "R": [[0.42999724713823606, 0.7017971389347992, -0.5679640334004162], [-0.8372785610730582, 0.5453171598802578, 0.03992250377366993], [0.33773803253552603, 0.45837754190520696, 0.8220845762182699]], "T": [0.024027760709814234, 0.07030668297261655, -0.12348223314444724], "aligned_model": [[-0.42657194070983095, 0.5261370388656619, 0.6296913273730683, 0.7275791369149534, -0.7793884943108321, 0.0719602248604564, -0.09333372803022119, 0.026138704622036647, -0.31330923536202354, 0.17168481426182977, 0.028341737662165106], [-0.4411799918422765, -0.12328017555716853, -0.3328951615847874, 0.22833187202284927, -0.003369883198227161, 0.3701341967772747, 0.7142582523347095, -0.5516010316704689, -0.1532121790566079, 0.2663854106384794, 0.10538214092802717], [-0.3053347682257549, -0.615333246042211, 0.19369011405545056, -0.1595007011677511, -0.10833317440108638, -0.6888392237205155, -0.032473314322947935, 0.18309297205533254, 0.5024628107290211, 0.6112489593828253, -0.09159567979538184]], "inverted": true, "swapped": false, "error_lsq": 0.04346015196963194, "error_max": 0.20283912111601354, "target": "1056.xyz", "model": "22.xyz", "model_rescale": 4.204369325754507, "target_rescale": 3.914253282344774},
{"mapping": [13, 14, 10, 3, 7, 12, 0, 11, 5, 2, 15], "R": [[0.54996353578447, -0.742484206697773, 0.38243602355403555], [-0.5567799227374528, -0.6672458211095461, -0.49475158599879593], [0.622524077400963, 0.05916263192443744, -0.7803611702537829]], "T": [-0.07709704174202181, 0.13039268338975085, -0.10668658076922288], "aligned_model": [[-0.21617631655299366, 0.41647535192095353, 0.5565068395296315, 0.7385724451832758, -0.7677837025670445, 0.12938652058324698, -0.3145206771106375, 0.010253128245105603, -0.27709632716214155, 0.34594684299798806, -0.05263451892012092], [-0.4014196241734429, -0.3458668587896451, -0.23946273528127932, 0.3131196018393283, 0.026644881348454302, 0.30221059529101557, 0.7702945651239954, -0.556988757232791, -0.05376145375713559, 0.14192102644943777, 0.1222622089738664], [-0.49290215556435235, -0.46627259658888565, 0.17554936283771694, -0.2701575453069917, -0.19508272927877424, -0.5841614029837026, -0.024043631419173983, 0.0910250900818303, 0.6790297690428418, 0.6524090995658888, -0.07630851183941652]], "inverted": false, "swapped": false, "error_lsq": 0.0410247941463634, "error_max": 0.20511544518800576, "target": "1056.xyz", "model": "23.xyz", "model_rescale": 4.410303926677745, "target_rescale": 3.914253282344774},
{"mapping": [14, 11, 7, 1, 15, 10, 4, 13, 5, 0, 16], "R": [[0.5363675914263378, 0.11437552583477617, -0.8361985684976553], [-0.16591807533168856, -0.9571512047933178, -0.23734524103282206], [-0.8275149540314891, 0.2660447523495224, -0.4944079192342535]], "T": [-0.009341926311255633, 0.01576061741256393, -0.05085163789155048], "aligned_model": [[-0.2739714172302096, 0.2854482459633249, 0.5604427996947446, 0.8009390539758493, -0.6989720481353575, 0.09347994020095904, -0.23914751794823402, 0.02965447856807247, -0.4210785589692554, 0.36883749063342, 0.0632971193939499], [-0.5219461821377219, -0.21369737542949005, -0.28559011560482866, 0.2678086421259382, -0.10164103182204501, 0.45886786935110696, 0.652746165807383, -0.6517183470417849, 0.16587380230470092, 0.20056613141696036, 0.10768389082158457], [-0.3654825649600756, -0.5618988670807731, 0.11182595245956498, -0.17833448298606516, -0.19206544268632827, -0.5165420643789669, 0.07293517150137446, 0.1662606285665531, 0.4003035576641729, 0.5762153933572018, -0.02413253290967721]], "inverted": false, "swapped": false, "error_lsq": 0.03980805115321637, "error_max": 0.2597027650315047, "target": "1056.xyz", "model": "24.xyz", "model_rescale": 4.28219845311461, "target_rescale": 3.914253282344774},
{"mapping": [8, 5, 11, 9, 0, 3, 4, 10, 2, 13, 15], "R": [[0.2521877508664782, -0.5687751909281371, 0.7828768233238026], [0.8107766730028747, -0.31744324944893926, -0.4918037920692441], [0.5282447584475372, 0.7587651583750797, 0.3810943578810155]], "T": [0.09150502351799299, 0.03969051406809552, 0.03931723045370769], "aligned_model": [[-0.09987384521745075, 0.41388362170157517, 0.4764855209868687, 0.7113846561676237, -0.7167665385608135, 0.13301774647671372, -0.3121913911393399, 0.07922313700967025, -0.36547468727946486, 0.2306064861626293, 0.01863487983925198], [-0.4892896608701036, -0.32802174813749696, -0.3413944544215032, 0.23186634690214894, 0.11864074260435734, 0.5290617535126655, 0.6445455381511268, -0.7523319274825765, 0.07810590769392292, 0.3355982039158951, 0.052172747923367374], [-0.3674998783958563, -0.6579204711739192, 0.09446552696858651, -0.14960437810276836, -0.038259282645067144, -0.559713510574549, -0.03702527186343155, 0.08679802838073594, 0.5477204423239356, 0.5353070278448091, 0.034816515784505286]], "inverted": false, "swapped": false, "error_lsq": 0.03833443097767507, "error_max": 0.19703496834861872, "target": "1056.xyz", "model": "25.xyz", "model_rescale": 4.100010024507729, "target_rescale": 3.914253282344774},
{"mapping": [10, 8, 1, 3, 4, 7, 5, 0, 6, 2, 11], "R": [[0.6077798049689842, -0.7836330481474856, -0.12854164509194782], [0.7779816745995731, 0.5551330961976388, 0.29423079290459614], [-0.1592112516724492, -0.2788305782318425, 0.947050836008178]], "T": [0.06457014531477316, 0.00539785533355919, -0.0584234894070048], "aligned_model": [[-0.14309880469555503, 0.4517747895589605, 0.5290700168674147, 0.8058647684893808, -0.8092023773688584, 0.17339913664866174, -0.43934529452309073, -0.11352217272732347, -0.2745106483411996, 0.4315189404748358, -0.043018768235963], [-0.41312443249896186, -0.23294507237668088, -0.42923009043203525, 0.27847858694806826, -0.005367822277675506, 0.5351057886116002, 0.5606922606127186, -0.7085963376380194, 0.07583989978519258, 0.3907115433993362, 0.027389125658260665], [-0.5019492094318222, -0.47088323440166213, 0.24896058930456522, -0.24276236790268824, -0.011039325165143263, -0.46600415965880515, -0.014794103894408342, 0.12139557129321439, 0.4897956929371432, 0.45600748740563335, -0.11964219193904585]], "inverted": false, "swapped": false, "error_lsq": 0.04473091357437188, "error_max": 0.23885702114575258, "target": "1056.xyz", "model": "26.xyz", "model_rescale": 3.6694154284099745, "target_rescale": 3.914253282344774},
{"mapping": [0, 2, 12, 11, 5, 10, 8, 6, 7, 9, 13], "R": [[-0.31895997965285056, 0.4416110960614647, -0.8385965485352566], [0.1090494091537387, -0.8618355607345507, -0.49532584489059617], [-0.941473715906649, -0.2494375795439699, 0.22673362381475765]], "T": [-0.039153325247984275, 0.02671772439648925, -0.03129247304683594], "aligned_model": [[-0.3456563830482154, 0.32316374096372796, 0.6475297995770689, 0.7998839712305451, -0.817228581307057, 0.22622314727848924, -0.31566343078839926, 0.13932416266183584, -0.37903563782394994, 0.300792544597233, -0.010403747194015066], [-0.3078785307291437, -0.28502073395100047, -0.2771326731135946, 0.11093997926501828, -0.11318569458172476, 0.48514573703610897, 0.6026931290926686, -0.6272251525829818, 0.06173121198455913, 0.4284703403120458, 0.0004158370598478789], [-0.5119530234856586, -0.5146920213732187, 0.2253669031133069, -0.18971752203863065, -0.06298520072946018, -0.3164412148454472, -0.04360860674009137, 0.07685063473911519, 0.4972740733816883, 0.4021762993584419, -0.07318557283306452]], "inverted": true, "swapped": false, "error_lsq": 0.048891325548390194, "error_max": 0.25924331310835186, "target": "1056.xyz", "model": "27.xyz", "model_rescale": 4.103607728864725, "target_rescale": 3.914253282344774},
{"mapping": [1, 2, 3, 12, 7, 13, 11, 0, 9, 10, 14], "R": [[0.11365151984726055, -0.8921743831951529, -0.43715924101722564], [0.3291726467877193, -0.38134397342005716, 0.8638415031375666], [-0.9374053022269373, -0.24207776417207716, 0.25033908094876645]], "T": [-0.018258687642606186, 0.14781218493127574, 0.0016116923411671757], "aligned_model": [[-0.3059499704470978, 0.4000395203862097, 0.5552570623051976, 0.8007368932411892, -0.6957537002539671, 0.1777063774361441, -0.33829877564311794, 0.004810837681940711, -0.19738180278339126, 0.19005538912369957, -0.02229224489954288], [-0.5827742886114968, -0.2638329425024897, -0.31140188637147415, 0.2018081690154463, 0.07227074498863215, 0.5636460378669901, 0.753394629997139, -0.560454603527814, -0.14005843308112187, 0.3398403932266635, 0.006515628791328609], [-0.4300571188434157, -0.44211750937087, 0.15566679237414294, -0.25062686403024204, -0.23370775925922105, -0.45506372080806423, -0.05229079146025964, 0.08831633090678373, 0.7467085605136303, 0.42529280939220737, -0.0630359808677105]], "inverted": false, "swapped": false, "error_lsq": 0.04616047246864064, "error_max": 0.26581825186762165, "target": "1056.xyz", "model": "28.xyz", "model_rescale": 4.137296879288765, "target_rescale": 3.914253282344774},
{"mapping": [8, 3, 1, 2, 9, 4, 6, 7, 0, 5, 10], "R": [[-0.2409877162557696, -0.38972299262445165, -0.8888424549005689], [0.6819210178638943, 0.583673850155071, -0.44080444875321506], [0.690585726763375, -0.7123488089868595, 0.12510207162834633]], "T": [0.038011347353155554, -0.010042728505986129, -0.06337440382888533], "aligned_model": [[-0.21835457286616514, 0.37065134934886046, 0.4342011976210774, 0.8174414508358014, -0.7400864882435937, -0.007914853726861633, -0.2522581514401665, -0.0055674372767677074, -0.2137301893509084, 0.40059903135074726, -0.016051750104759836], [-0.4408923295132149, -0.16076725366431377, -0.2634486341021452, 0.05760377270798191, -0.08312799671837427, 0.5665256560206615, 0.6375353571312998, -0.708157581670987, -0.007214379479985808, 0.4456724467532536, 0.03522439232762751], [-0.5800938772743902, -0.6400038095572977, 0.5246545201565888, -0.0690082945529445, -0.06743864531445631, -0.5782429742397313, 0.04858123037327276, 0.09394300145247043, 0.5901839650310395, 0.2743414499348739, -0.10783181746244473]], "inverted": false, "swapped": false, "error_lsq": 0.06415916543545361, "error_max": 0.40411153999107013, "target": "1056.xyz", "model": "29.xyz", "model_rescale": 3.607286011436655, "target_rescale": 3.914253282344774},
{"mapping": [9, 11, 13, 12, 3, 10, 4, 1, 6, 7, 14], "R": [[-0.592833554818093, -0.4964229807556834, -0.634123489912955], [0.41043776998421383, -0.8637208316121929, 0.29245027271234914], [-0.6928847041551204, -0.08689389631489766, 0.7157934321653748]], "T": [0.03635206224899283, 0.04906452247084583, -0.01754157777693198], "aligned_model": [[-0.3656762848543548, 0.3511870566374384, 0.6665830341494738, 0.7098870196755694, -0.7533860858390024, 0.27170746757451925, -0.382244253744255, 0.03255708771752598, -0.2595346400242954, 0.30223377826394543, -0.00438459340930137], [-0.44638258924624546, -0.18940044736423142, -0.2513129102174149, 0.23974991996657166, 0.051907891594630266, 0.4152693292898302, 0.6153095556490457, -0.6815712372075584, 0.08270839283545506, 0.3180178048913833, -0.07534226039966208], [-0.4730222859571277, -0.45175862883220747, 0.20263299464369905, -0.1516745652090833, 0.03496565003356229, -0.59180351378585, -0.049056278158740294, 0.04651342751431499, 0.3830356505551379, 0.6579286358532571, -0.11867633810998156]], "inverted": true, "swapped": false, "error_lsq": 0.046631787290743375, "error_max": 0.2365812860557823, "target": "1056.xyz", "model": "30.xyz", "model_rescale": 3.964800864290218, "target_rescale": 3.914253282344774},
