[{"mapping": [7, 14, 3, 5, 4, 9, 12, 0, 11, 13, 8, 15], "R": [[0.0525337680813993, 0.9302670503853017, -0.3631024899096676], [-0.7529026964332945, -0.20196949651724702, -0.626375168872493], [-0.6560318078528238, 0.30628669158812666, 0.689790351948587]], "T": [-0.06283061174698946, 0.0077097825754528365, 0.07948521281483162], "aligned_model": [[-0.2647324385393486, 0.11422241350488814, 0.40766293459740977, -0.06484790998008734, -0.08068835586345675, -0.5337769887634042, 0.5373351109547015, -0.21172017131321968, 0.46916218418112143, 0.2909132391607645, -0.7478493887982325, -0.07803816668058752], [-0.22885362213268778, -0.7068732973091354, -0.2710650651058595, 0.5754783034058218, 0.4164484277240029, -0.6280948096116306, -0.2179347416837546, -0.5478428987043541, 0.10049905515634232, 0.43361803114844455, 0.17881724908042174, -0.050641595990554386], [-0.5783505633525146, 0.10038820511566654, -0.4911167430757865, -0.1356356321021855, -0.6460342334214988, -0.12909025969247773, 0.5478807108863459, 0.5839128049875866, -0.014071611249985336, 0.42732317864874186, 0.4739728326578125, 0.04277305595185667]], "inverted": false, "swapped": true, "error_lsq": 0.04222559603190002, "error_max": 0.2269891237649393, "target": "1057.xyz", "model": "0.xyz", "model_rescale": 3.751011558992144, "target_rescale": 4.30313197598665},
{"mapping": [10, 13, 1, 0, 5, 6, 11, 12, 8, 7, 4, 3, 14, 9, 15], "R": [[0.29504661887553124, 0.9533972318793837, -0.06309683775631186], [0.7243277505682588, -0.18011236124648583, 0.6655139721169963], [0.6231346583579216, -0.24206043784754394, -0.7437136155686623]], "T": [0.0593772820333211, -0.07258847686015502, -0.016037923319682235], "aligned_model": [[-0.061788047590232986, 0.2460209963645152, -0.43506402391563614, 0.15774416205013223, -0.16731908784799784, -0.5714158508984866, 0.5116919362133339, 0.7251104840961795, -0.6170139366635043, -0.07482893990119704, -0.15034825903986007, 0.5679834395098806, 0.49245159046408077, -0.14931908768561486, 0.06518083593344214], [-0.1829543403598926, -0.6229953886246148, 0.5228257969070715, 0.4610636541911466, -0.5821638795654984, 0.2825976324293439, -0.349276302336995, -0.11981997839307842, -0.004880371885549573, 0.26825809930342304, -0.3926669371903664, 0.05156052340938222, 0.5217924084375885, 0.7057200598289188, -0.010303626323773067], [-0.6526457310351129, -0.3156045338015565, -0.39517436278171936, -0.5552905898039336, 0.2239283357589582, 0.32264269749084723, 0.12265008698224594, -0.4462438944334598, -0.4542838634109526, 0.6126804572184751, 0.7237793666810829, 0.576054119547532, -0.05568251267566854, 0.12617088156161865, 0.0166859475536194]], "inverted": false, "swapped": true, "error_lsq": 0.044533206119897174, "error_max": 0.3815770854899805, "target": "1057.xyz", "model": "1.xyz", "model_rescale": 3.9405287249114394, "target_rescale": 4.30313197598665},
{"mapping": [10, 13, 2, 14, 11, 8, 0, 12, 7, 6, 9, 1, 15], "R": [[0.39503981392117865, 0.8968467542301329, -0.19902121706992942], [-0.8394895043415808, 0.44040502864119274, 0.3182778390775539], [0.3730963917239721, 0.04134380454706146, 0.926870957743378]], "T": [0.04757077358984434, -0.08080417951630299, -0.17909959017076404], "aligned_model": [[-0.18354457462972312, 0.18252819228256473, -0.3770560579799166, 0.46210269861092457, 0.5194533357538583, -0.6962478743888942, 0.04469826684993154, 0.6269482627870229, 0.024153107966027175, -0.5160441779054429, -0.13874422580424706, -0.5108523530664636, 0.05858867880828926], [0.5048263232025888, 0.46889565571375985, 0.32350904057818275, -0.26324953637987175, -0.0005813160972287373, 0.16381819300253292, 0.14759287000541643, 0.41566456600409185, -0.8080532694269166, -0.6391119805017151, -0.605902443671509, -0.11068047593153361, -0.13789503292578112], [0.009987088036982755, -0.5064226492742627, -0.45189492951016147, 0.4016677141711359, -0.44606438759724937, 0.023490355281242797, 0.5510241081468668, 0.04078492129115757, -0.18500506862804952, -0.08218572372978025, 0.42015013338752605, 0.47664870047902275, -0.13905991246578733]], "inverted": false, "swapped": true, "error_lsq": 0.049648112694976584, "error_max": 0.31810743210367703, "target": "1057.xyz", "model": "2.xyz", "model_rescale": 3.932901565614263, "target_rescale": 4.30313197598665},
{"mapping": [9, 14, 0, 7, 1, 2, 10, 6, 4, 5, 11, 3, 13, 15], "R": [[-0.02459179226754471, 0.9988106038443219, 0.04210251062836046], [0.851306233394618, 0.043001861247096596, -0.5229039461629197], [-0.5240924925397598, 0.02298298451956854, -0.8513511858722199]], "T": [0.10660397449562452, -0.14371884908992022, 0.07765745556517532], "aligned_model": [[-0.26314735454078725, 0.4252848355747275, 0.2642694041315939, -0.2590318133022574, -0.35102337490369473, -0.09387799744976195, 0.19475503709570308, -0.6457748501584857, -0.25008648831966396, -0.08976166335575982, 0.5397956996466495, 0.3940580287347011, 0.4622845088471936, 0.0920659400525458], [0.12072710897093092, 0.11612893676063335, -0.4626734277965728, 0.47304168961044907, -0.493783012677202, -0.6505832218247971, -0.7905610932723679, 0.05167640442495555, 0.37704790921645065, -0.13225100693801267, 0.05723835266162744, 0.5922388439912356, -0.4989126633903915, -0.09583818138645053], [-0.602705673318073, -0.5333542659801325, -0.5995896687476409, -0.046404662336892374, -0.5632536869623243, 0.42563721039929237, 0.0004845129196748704, -0.10810720957515667, 0.6211080449563016, 0.6520712136903405, 0.34661878304453797, 0.09772298854708587, 0.49581114800265413, 0.02785762841742974]], "inverted": false, "swapped": true, "error_lsq": 0.051393231002567874, "error_max": 0.3170991829683419, "target": "1057.xyz", "model": "3.xyz", "model_rescale": 3.9243930471874484, "target_rescale": 4.30313197598665},
{"mapping": [8, 10, 1, 6, 9, 2, 5, 0, 14, 12, 3, 11, 15], "R": [[-0.7817963960214297, 0.5130858245060558, -0.3543124777069596], [-0.3525389907009916, -0.8324156002026221, -0.42755178467038896], [-0.5143059937463591, -0.20934948108426127, 0.8316622749447763]], "T": [-0.07655144069842278, -0.11013659153352229, 0.041066515825109826], "aligned_model": [[0.021540734285121974, -0.36268891092820565, 0.46302686168944085, 0.536137955242298, 0.7277210433854747, -0.4568460796152334, -0.38521704663723344, 0.18558538392686225, 0.31969056203921153, -0.4554295561384527, 0.0976115997881483, -0.4028415431899179, -0.01108511753616237], [-0.5412576145647566, -0.0678198368185827, -0.1947734038712638, -0.6223663079525934, -0.030958662108044682, -0.5199371079687602, -0.5781698265631182, 0.3452778761666042, 0.510598441040228, 0.5800447931208653, 0.2035966998217243, 0.13419946803556945, -0.0906049646562852], [-0.6361790533175827, -0.549243404618355, -0.6255868181887178, 0.009536634477808253, -0.08706749230750448, -0.283947249326442, 0.27411710105079773, -0.5149335076955688, 0.050760921296733194, -0.061936972295598816, 0.7452716295111325, 0.4074184263768814, 0.05886010040738112]], "inverted": true, "swapped": true, "error_lsq": 0.0484075372518616, "error_max": 0.2409663169534464, "target": "1057.xyz", "model": "4.xyz", "model_rescale": 3.8936222436046832, "target_rescale": 4.30313197598665},
{"mapping": [4, 5, 11, 7, 12, 10, 8, 0, 9, 6, 14, 15], "R": [[0.8499077192159161, -0.5098912546388065, 0.13292019131818633], [0.3616050095727742, 0.7478660242403348, 0.5567209595828316], [-0.383273643587807, -0.42509683394471287, 0.8199963389559174]], "T": [-0.19781976246729832, -0.046931614106686545, -0.08915553532137185], "aligned_model": [[0.008537640497111032, -0.4151540143040201, -0.4514338121095941, 0.4545977570831416, -0.6360966866773465, -0.6089199108085921, -0.22192337187144298, -0.0958994786392991, 0.5513228334577343, 0.4263232298803405, 0.1477203233245547, -0.13152646761749023], [-0.6443296356265492, -0.5671466609125115, 0.11895034757700214, -0.2150414146277509, 0.6109434273674561, 0.038453029697894395, -0.3818745587012104, 0.49524125380291917, 0.12413425053298867, -0.4902757381120601, 0.6033454452088722, -0.023476841097243545], [-0.631646891985984, -0.3145091878572548, -0.5458196919689029, -0.36404637850701405, -0.1641385744585264, 0.41664807519283253, 0.6466305831233512, 0.4408585356402447, 0.19202685767026176, 0.14030736911415032, -0.10162478286011548, -0.09540119382752471]], "inverted": false, "swapped": true, "error_lsq": 0.04451966411780153, "error_max": 0.2306443780885028, "target": "1057.xyz", "model": "5.xyz", "model_rescale": 3.6523030999806103, "target_rescale": 4.30313197598665},
{"mapping": [4, 6, 8, 5, 10, 7, 1, 11, 9, 14, 0, 12, 15], "R": [[0.8241272799330707, -0.45485979218029793, 0.3375156232351541], [0.4758894249923251, 0.23291926756281076, -0.8481025114798788], [0.3071538403643887, 0.8595645317576222, 0.40841808737335283]], "T": [0.22246726800493935, -0.12391317529695031, 0.016136076346130124], "aligned_model": [[0.19155441015709831, -0.35824449854693685, 0.18133674796671376, 0.5454276115870405, 0.5337378523552411, -0.34818772634882167, -0.2789267404941116, 0.516572540445694, -0.5779169587245081, -0.20804832089674694, -0.03790317386363082, 0.5664520704219561, 0.1552290906053067], [-0.7647397425551635, -0.06352766644817796, 0.5568460855557796, -0.3719425842422146, 0.4520367777015376, -0.5264497607812395, 0.5677663262513839, -0.5052570820339549, 0.04271545925798323, -0.11400446235271502, 0.44445083477748903, -0.038538859690376515, -0.1385284212771486], [0.5473143438285332, 0.5619282952426776, 0.4509050739765267, 0.46649167965031, -0.04322246754045028, 0.2205661995683515, 0.1297948531357659, -0.2455086768435768, -0.01794742335359073, -0.5813351212991936, -0.42479891140544346, -0.6944231193502627, 0.00034501387214204426]], "inverted": true, "swapped": true, "error_lsq": 0.049556642465366514, "error_max": 0.2620426333297388, "target": "1057.xyz", "model": "6.xyz", "model_rescale": 4.08911054899281, "target_rescale": 4.30313197598665},
{"mapping": [13, 11, 12, 2, 8, 1, 10, 0, 6, 5, 6, 7, 9, 14, 15], "R": [[0.3660248508595812, 0.8716591643957199, 0.3259388127826712], [0.32245164590780245, -0.44733981229769426, 0.8342134189671209], [0.8729551790353103, -0.20024333561549437, -0.44480542030983605]], "T": [0.04804127955735064, -0.21608154264272925, 0.005015597939221565], "aligned_model": [[0.10805905264870856, 0.34229304008683886, 0.7410749700740844, -0.3743418932053237, -0.45244907944454343, -0.12712582400393732, 0.04431974841339401, 0.4333499458499273, -0.49218072061428525, -0.3798735384848873, -0.49218072061428525, -0.10609373098130914, 0.07730185497471082, 0.6479368130917756, 0.06624362200868653], [-0.6730010528840663, -0.6734542985273648, -0.3788948386702291, -0.34976434183205896, 0.238888711287523, 0.6093684123083093, -0.06738416142649509, 0.3778735399254196, 0.22950683319622409, -0.64669064038482, 0.22950683319622409, -0.06390363850067501, 0.49639380952490797, 0.14666241176362263, -0.17434876280740852], [-0.4588229804552496, 0.07287668365397196, -0.3467013665269345, -0.46606378790278846, -0.43844853905576364, -0.1701519214914431, -0.6353018239684229, -0.2848268936687405, 0.39020762997844105, 0.01535262350264057, 0.39020762997844105, 0.6996801101550632, 0.4063438781320883, 0.2307496434051298, 0.058969146345647164]], "inverted": false, "swapped": true, "error_lsq": 0.047067405293813716, "error_max": 0.4707674617077501, "target": "1057.xyz", "model": "7.xyz", "model_rescale": 3.964800864290218, "target_rescale": 4.30313197598665},
{"mapping": [4, 6, 5, 3, 13, 9, 11, 8, 1, 0, 14, 12, 10, 15], "R": [[0.8254863138380416, 0.4793073495258359, -0.2980550458499246], [0.5541375195615921, -0.7885785170805136, 0.2665999471365747], [-0.10725649201893847, -0.38523809143128157, -0.9165629590105498]], "T": [0.012652288690647785, 0.049661728011644334, -0.013720443040594874], "aligned_model": [[-0.19493863252897675, 0.14515275339794834, 0.1865512013871393, -0.7592108600844835, 0.23654107186734966, -0.16919233416402168, -0.31203636001866103, 0.7497227337809061, 0.4168947311359184, 0.10909160667183022, -0.4604716600186438, -0.18469453710512052, 0.5291002476298473, -0.031322072490159426], [-0.09652352776131837, -0.7025402554303732, 0.19870834590808192, 0.06788063920534926, 0.6605900824512169, -0.6857184678425782, 0.47596383973865, -0.26037687553208044, -0.550632560238761, -0.09326688525590723, -0.10331642102557412, 0.6319505953023067, 0.27101112987841247, -0.002781173216222281], [-0.807005087006211, -0.24908720929485317, -0.5760249997645193, -0.18272202810867255, -0.07825072463338605, 0.29561787965312863, -0.1287111134926497, 0.10773817338086651, 0.45422145226483307, 0.7316150168879874, 0.5295705489426965, 0.48877591916072655, 0.32747907304029394, 0.003598137694780335]], "inverted": true, "swapped": true, "error_lsq": 0.04063124183555976, "error_max": 0.22519539153763643, "target": "1057.xyz", "model": "8.xyz", "model_rescale": 4.121658175737393, "target_rescale": 4.30313197598665},
{"mapping": [4, 7, 6, 2, 3, 11, 9, 0, 1, 14, 13, 10, 15], "R": [[0.23548457283475674, 0.5590927487709016, -0.7949605740089443], [0.9580551858052493, 0.0039246144700553764, 0.28655690246952914], [0.16333180005284323, -0.8290958302108746, -0.5347175211440517]], "T": [-0.10559861103725607, 0.10147948262897563, -0.0064008910932831856], "aligned_model": [[-0.5615264162650644, -0.24037539004192152, 0.2651041664638547, 0.12594465659385612, -0.7373566235083243, -0.6114426482678447, 0.3023041834961153, 0.40021523149079574, 0.7189969190030855, -0.09143177336908534, -0.29963015844582463, 0.3064415898702386, -0.10050624058468417], [0.15738875274171674, -0.404554763969163, -0.1729155885470989, 0.6970804651908286, -0.3714673094546065, 0.1715784023116787, -0.5849600866247034, -0.19013889525170782, -0.1469775225918287, -0.5249480169689946, 0.6526407917909526, 0.4753264837405218, 0.03233472704411458], [-0.7012164319856039, -0.5116127888410263, -0.6591248046784849, -0.10560576992243104, -0.04963664544222419, 0.19256396714095722, -0.1851681285206369, 0.4879321512571739, -0.03874483266527596, 0.3806411936381237, 0.2870216176311248, 0.34373116166551415, -0.01970525531812193]], "inverted": true, "swapped": true, "error_lsq": 0.052114658539367434, "error_max": 0.2853021978373188, "target": "1057.xyz", "model": "9.xyz", "model_rescale": 3.833441315466971, "target_rescale": 4.30313197598665},
{"mapping": [1, 8, 7, 4, 5, 6, 2, 11, 14, 3, 0, 12, 10, 9, 15], "R": [[0.3113622861484525, -0.6698763729362092, -0.6740320257571136], [-0.06760802760457418, -0.7231077116450831, 0.6874186438865552], [-0.9478832635761792, -0.16846626469783285, -0.2704374905425123]], "T": [-0.03426989319694056, 0.12041601086848552, -0.009045508691452389], "aligned_model": [[0.10246368019622161, 0.007361861179070436, -0.6061432210313207, -0.807163762786801, -0.40652405361806926, -0.6063899161152924, -0.014777562527119047, 0.04656449807038575, 0.2789692996392055, -0.2727804783062009, 0.5323633973279259, 0.6654816775143872, 0.4391943529642912, -0.18174977416987276, -0.053024980042279235], [-0.7159894291569797, -0.5910065066559136, 0.07362807668838497, 0.4148930571706087, 0.31509988926916543, -0.4176251385127372, -0.048270873620043564, 0.6624251084055937, 0.11117837278696557, 0.6603827448533237, -0.2970676198971687, 0.48421760545454295, -0.1521799179158182, -0.402192563640132, 0.1036087340651867], [0.14736635775466922, -0.391529195667422, 0.4384433589261503, -0.10744765034224339, -0.44741426692578157, 0.13911694487617682, -0.6330320528124417, -0.0006191969214803805, 0.6574449721178006, 0.5165159167368724, 0.290768117553089, 0.08317611410678973, -0.374633020773407, 0.6030587796132435, 0.0569067295800776]], "inverted": true, "swapped": true, "error_lsq": 0.03957072531547161, "error_max": 0.29630671082064364, "target": "1057.xyz", "model": "10.xyz", "model_rescale": 4.2482417240324, "target_rescale": 4.30313197598665},
{"mapping": [13, 5, 7, 6, 12, 14, 11, 9, 8, 0, 10, 15], "R": [[-0.7182291640400639, 0.6863248205518272, -0.11447754634343599], [-0.4743404626295676, -0.6033237034864042, -0.6410940916307197], [-0.5090658046212486, -0.4061511412097126, 0.7588763120953039]], "T": [-0.05241412075493013, -0.027496858692209976, 0.04928857134112986], "aligned_model": [[-0.6909863508341728, -0.1905584033247773, 0.5856608324856757, 0.6659786281890404, -0.6131550159672164, 0.15987422494017622, -0.3817202938403778, 0.6770003462082012, 0.06884534756719227, 0.0025829513757300443, -0.41387635966830627, 0.007119695231841486], [-0.1676647229068901, -0.5960998795471235, -0.09830355743235875, -0.32895267913862086, 0.5312185112049828, 0.6708999150132315, 0.049249588015015826, 0.3000603815836578, -0.29565291284903394, 0.5683919982062449, 0.026069165578904645, 0.006915582322629128], [0.03917543403607352, 0.21130370188086342, 0.3918104917716545, -0.12903124887650338, 0.1118623080446092, 0.1472135000119233, 0.48061963982591516, -0.12450005581975918, -0.7040622394881868, -0.427309656363842, -0.497160779154037, 0.06527119398564614]], "inverted": true, "swapped": true, "error_lsq": 0.04760480813353171, "error_max": 0.2473449354309837, "target": "1057.xyz", "model": "11.xyz", "model_rescale": 3.6694154284099745, "target_rescale": 4.30313197598665},
{"mapping": [5, 4, 7, 3, 11, 8, 10, 1, 14, 0, 9, 12, 6, 15], "R": [[0.03698892167294204, -0.9784114802016731, 0.20332927748616042], [-0.9921159630428066, -0.011574189467829232, 0.1247876356607788], [-0.11974028373574803, -0.20634198202918821, -0.9711257647200741]], "T": [0.13457025604940487, -0.054529681809527275, -0.1085441367572702], "aligned_model": [[0.06900121941613074, -0.033565324331498, -0.1745163196862946, 0.5036364795180756, 0.6359052044474862, -0.4729594134021543, 0.12783089338108872, -0.48784961131391547, 0.34258651393405154, 0.10456174831186042, -0.3392864800728077, 0.8195799664885854, -0.6120259835229475, 0.11536595708814901], [-0.27803253162737473, 0.2013071784168548, 0.5648438013324213, 0.6019484499235777, 0.009369719816160735, -0.5327981063540965, -0.6130658669843085, -0.09994062424696037, 0.4288825803049679, -0.06772833313309538, 0.47419695799527023, -0.18167160777660263, 0.21376439504271305, 0.009911275426726596], [-0.6692484422643377, -0.8831682865804968, -0.3328574836528222, -0.348320637208112, -0.32057998122977077, 0.12876575986662703, 0.238043619250211, 0.48581783812048523, 0.40667960899629, 0.6557721351072092, 0.29821086468100283, 0.2723827800040451, -0.20536384074963507, -0.0870384746882807]], "inverted": true, "swapped": true, "error_lsq": 0.05104288305511066, "error_max": 0.3097823888974599, "target": "1057.xyz", "model": "12.xyz", "model_rescale": 3.9764082729961374, "target_rescale": 4.30313197598665},
{"mapping": [12, 5, 14, 2, 7, 3, 4, 0, 6, 9, 13, 8, 10, 11, 1, 15], "R": [[0.20298326884339585, 0.44019223590758066, 0.8746591267552947], [0.5486558657454921, 0.688731359571277, -0.4739471018227298], [-0.8110330039848651, 0.5760901924089536, -0.10171310956558342]], "T": [0.03556633031110844, -0.07912136336136852, 0.12831063402920184], "aligned_model": [[0.08731941535745484, 0.3208326930553067, -0.7435787015863679, 0.6323636047783303, 0.3235224811928987, -0.35336884770042315, 0.1261602545064065, 0.666822506237658, -0.46677866944561064, 0.5406358560323542, -0.44157305358566523, 0.017152218151340923, -0.05198950399634146, -0.5430222532530253, 0.41900926823176554, -0.0038012508889884444], [0.23023830552342303, -0.7078434939103364, -0.1644290493404433, 0.21361061176440824, -0.34233557290035554, -0.028041944245579792, -0.7581783995126147, -0.39314279775526606, -0.6099441858188474, -0.16038431651230858, 0.016925224876902123, 0.4309045572982281, 0.7154372757993601, 0.41706331529622676, 0.4185473065339532, -0.14444919495054248], [0.6840369591245186, 0.6038687174211049, -0.028097989637926646, -0.3125981069065801, -0.5188626302432802, -0.6163797496615929, -0.08741605493535257, -0.04493518149905046, 0.35087621554828896, 0.4442223830201599, 0.4992467571141532, -0.36075717044912126, 0.2129123111523101, -0.09435663878860301, 0.2211545171039197, 0.052342596385859974]], "inverted": true, "swapped": false, "error_lsq": 0.046458963456832994, "error_max": 0.36577334326366684, "target": "1057.xyz", "model": "13.xyz", "model_rescale": 4.170626492500431, "target_rescale": 4.30313197598665},
{"mapping": [0, 1, 14, 9, 11, 4, 7, 10, 13, 8, 2, 6, 5, 15], "R": [[-0.7957933809642936, 0.6044392408018893, 0.03696077640221662], [0.14926183402463802, 0.25493504028814507, -0.9553685310585038], [-0.5868848266201984, -0.754759120125168, -0.29309532727572113]], "T": [0.07071855481183603, 0.13872033959665497, -0.007321632325201638], "aligned_model": [[0.11263304650429454, -0.23644616355174347, -0.14855627541504507, -0.6095106433920059, 0.3140436042897803, -0.28438237503221697, -0.6210320321848661, 0.5288702572733499, 0.6982779772645045, 0.0900788518016303, 0.42446813061733774, -0.6046855543130363, 0.16980273626058884, 0.009621461969071148], [-0.5332486550716161, -0.6558249848323395, -0.08119491300779277, -0.27473025774075566, 0.5574364096269121, 0.7982805157692597, 0.3629828992671696, -0.31231114059473797, 0.297051603335893, -0.4601789641379854, 0.031144649407853317, -0.03290011476666979, 0.5302832525701718, 0.12928416810030374], [-0.37057763566291413, 0.12337789094424848, -0.6751311241686532, -0.19676433784593336, -0.2639319133927519, 0.3568875789269642, -0.03304963719617991, 0.12978702232887743, 0.08554483604009305, 0.5359037123546466, 0.5232282067052836, 0.38400613402943107, 0.44600270060454794, -0.04141033254679391]], "inverted": false, "swapped": true, "error_lsq": 0.04645086105851798, "error_max": 0.27866065466359974, "target": "1057.xyz", "model": "14.xyz", "model_rescale": 3.9786697098870705, "target_rescale": 4.30313197598665},
{"mapping": [1, 14, 6, 8, 7, 4, 12, 11, 5, 10, 3, 15], "R": [[0.5576407653192762, 0.7401110109079666, 0.3758622997680404], [-0.5720553632413438, 0.014540981825517243, 0.82008610598788], [0.6014893500644435, -0.6723274881933196, 0.43149311741755003]], "T": [0.040822883620685646, -0.04560157647313472, 0.06497774330117355], "aligned_model": [[0.10711094589448017, -0.6396801802250512, 0.4274447672850541, 0.5293512156526655, 0.04683629674813325, 0.4672914413895848, -0.5459194369912428, -0.1825234645753135, 0.5247537159998759, 0.1300637935678283, -0.3884889250924145, 0.007114427113736714], [-0.5922000058282054, -0.07111037723372364, 0.10677157250366472, -0.6191619356212358, 0.4925520689646084, 0.6698292572115979, -0.31918981198053553, 0.21802737593513133, 0.20592621011625917, -0.6738702646566397, 0.6177863690032532, -0.020685968189735688], [-0.5980236533706361, -0.2155192586001592, -0.6177137347776526, -0.2291609237112801, -0.4247456411512342, 0.07190142567091305, 0.5247511823369074, 0.49041310567038965, 0.3317864063953513, 0.23657517105886966, 0.08153037492791924, 0.008172039424441953]], "inverted": true, "swapped": true, "error_lsq": 0.04374763112936093, "error_max": 0.2459013607734534, "target": "1057.xyz", "model": "15.xyz", "model_rescale": 3.769337070930944, "target_rescale": 4.30313197598665},
{"mapping": [14, 3, 0, 9, 12, 11, 10, 5, 8, 6, 15], "R": [[0.9164804117824419, -0.36818665032480624, 0.15653193074157495], [0.24296925560544624, 0.2013737860795615, -0.9489017541929822], [0.31785153082787204, 0.9076823171146292, 0.2740131667416667]], "T": [0.08007228476900656, -0.05131934747695816, 0.05033103691930248], "aligned_model": [[-0.3550803020383606, -0.2994580185171428, -0.0630176737887052, -0.6655072739709337, 0.413673290589771, 0.2764350526419428, 0.5073741931577644, 0.3542123597842191, 0.20068611344915604, -0.4575283236910959, 0.010836713074555637], [0.13291661412295852, -0.633452375969247, 0.6152129843989608, 0.2840097148582615, 0.05782055785923531, -0.44584820547405507, 0.4482210720773962, -0.42255625452319684, 0.5550889682257105, 0.053670533906742264, -0.049019111857424164], [-0.514569860179937, -0.32615810096330206, -0.29682021641879885, 0.08507637826539677, -0.6619242113073783, -0.27550282712091717, 0.04843101274595617, 0.44488460587195294, 0.5717428043293584, 0.6323313997105184, 0.03672662229092746]], "inverted": true, "swapped": true, "error_lsq": 0.04410792891128185, "error_max": 0.241912745182345, "target": "1057.xyz", "model": "16.xyz", "model_rescale": 3.7852294659196426, "target_rescale": 4.30313197598665},
{"mapping": [6, 0, 14, 9, 8, 10, 13, 12, 7, 4, 5, 3, 15], "R": [[0.8162162615896829, 0.0980460048873233, -0.5693663102451688], [-0.5764778472091734, 0.2034840852159565, -0.7913706582511781], [0.03826625136644346, 0.9741566650131079, 0.2226083691528687]], "T": [-0.04528647085266588, 0.16399978066319107, 0.03896942607849692], "aligned_model": [[0.09793996556765433, -0.39482200577282944, 0.1947206930312078, 0.1581012652519239, -0.6805945396633138, -0.6898718291030352, -0.3554147277304731, -0.19877557673436455, 0.5424459815174085, 0.4867666269518096, -0.01042492298611461, 0.7049865164285508, -0.0012915965421410325], [-0.16998820042615267, -0.4492889387873784, -0.39417287163838466, -0.5892285615065919, -0.031279404044388615, 0.14867077601232478, 0.6637200172784374, 0.1820209557014556, -0.06702340530324791, 0.5956920906915139, 0.6903017202137446, 0.18640414922677137, 0.10922729628477135], [-0.6728591544779055, 0.33385234317097334, 0.45520678432779954, -0.20765212723168797, -0.42189787579910226, 0.16705494172617175, 0.32466847776780167, 0.8178307874732875, -0.32251826733840017, -0.43466112246007166, -0.26175151027537863, 0.2864662417005443, 0.03201517855914168]], "inverted": false, "swapped": true, "error_lsq": 0.040352401544600104, "error_max": 0.26424342497440984, "target": "1057.xyz", "model": "17.xyz", "model_rescale": 3.901054581598922, "target_rescale": 4.30313197598665},
{"mapping": [10, 13, 1, 0, 5, 6, 11, 12, 8, 7, 4, 3, 14, 9, 15], "R": [[0.29504661887553124, 0.9533972318793837, -0.06309683775631186], [0.7243277505682588, -0.18011236124648583, 0.6655139721169963], [0.6231346583579216, -0.24206043784754394, -0.7437136155686623]], "T": [0.0593772820333211, -0.07258847686015502, -0.016037923319682235], "aligned_model": [[-0.061788047590232986, 0.2460209963645152, -0.43506402391563614, 0.15774416205013223, -0.16731908784799784, -0.5714158508984866, 0.5116919362133339, 0.7251104840961795, -0.6170139366635043, -0.07482893990119704, -0.15034825903986007, 0.5679834395098806, 0.49245159046408077, -0.14931908768561486, 0.06518083593344214], [-0.1829543403598926, -0.6229953886246148, 0.5228257969070715, 0.4610636541911466, -0.5821638795654984, 0.2825976324293439, -0.349276302336995, -0.11981997839307842, -0.004880371885549573, 0.26825809930342304, -0.3926669371903664, 0.05156052340938222, 0.5217924084375885, 0.7057200598289188, -0.010303626323773067], [-0.6526457310351129, -0.3156045338015565, -0.39517436278171936, -0.5552905898039336, 0.2239283357589582, 0.32264269749084723, 0.12265008698224594, -0.4462438944334598, -0.4542838634109526, 0.6126804572184751, 0.7237793666810829, 0.576054119547532, -0.05568251267566854, 0.12617088156161865, 0.0166859475536194]], "inverted": false, "swapped": true, "error_lsq": 0.044533206119897174, "error_max": 0.3815770854899805, "target": "1057.xyz", "model": "18.xyz", "model_rescale": 3.9405287249114394, "target_rescale": 4.30313197598665},
{"mapping": [9, 7, 0, 10, 3, 1, 12, 14, 4, 13, 8, 2, 5, 6, 11, 15], "R": [[0.513584319474507, 0.24925813698435573, 0.8210368614970924], [0.8006991988342358, 0.20470207064028376, -0.5630078642983536], [-0.3084022369830033, 0.9465555680585627, -0.0944490169414752]], "T": [0.04590751547816631, -0.16264430769115146, 0.0794690046559424], "aligned_model": [[0.19918141375579274, -0.12208898252982074, -0.6264139971803184, 0.5376385211005129, 0.27464884603410117, -0.3098235273504426, 0.1295697475491417, 0.7679300852228056, -0.34776550676059625, 0.5635179882131149, -0.5485296297270018, -0.022424414150246583, -0.11889270391637623, -0.5118862816989189, 0.6113967704841591, 0.053647688041186525], [0.19617811642299238, -0.2655458647533124, -0.2959197217500669, 0.26412318600992457, -0.3138625489284621, -0.15810421659579305, -0.6533274739283563, -0.323451656613431, -0.724507743358418, -0.3780847020365521, 0.16697633229891956, 0.5858335043542457, 0.6250640893450334, 0.29772906793377596, 0.24040749916665394, -0.12953022542094617], [0.7403498010301178, 0.7553491679634461, 0.025657244045619393, -0.3609559734916007, -0.7269050041554527, -0.4763675151233492, -0.14937531689415992, -0.14979801736886003, 0.3324434299199448, 0.44959692898936554, 0.41153356107355055, -0.3569218697697716, 0.2883206546016928, -0.10816332315218938, 0.2717821486717421, 0.0587110184087125]], "inverted": false, "swapped": false, "error_lsq": 0.03833095216971215, "error_max": 0.28356829715242465, "target": "1057.xyz", "model": "19.xyz", "model_rescale": 4.410303926677745, "target_rescale": 4.30313197598665},
{"mapping": [4, 6, 5, 3, 13, 9, 11, 8, 1, 0, 14, 12, 10, 15], "R": [[0.8254863138380416, 0.4793073495258359, -0.2980550458499246], [0.5541375195615921, -0.7885785170805136, 0.2665999471365747], [-0.10725649201893847, -0.38523809143128157, -0.9165629590105498]], "T": [0.012652288690647785, 0.049661728011644334, -0.013720443040594874], "aligned_model": [[-0.19493863252897675, 0.14515275339794834, 0.1865512013871393, -0.7592108600844835, 0.23654107186734966, -0.16919233416402168, -0.31203636001866103, 0.7497227337809061, 0.4168947311359184, 0.10909160667183022, -0.4604716600186438, -0.18469453710512052, 0.5291002476298473, -0.031322072490159426], [-0.09652352776131837, -0.7025402554303732, 0.19870834590808192, 0.06788063920534926, 0.6605900824512169, -0.6857184678425782, 0.47596383973865, -0.26037687553208044, -0.550632560238761, -0.09326688525590723, -0.10331642102557412, 0.6319505953023067, 0.27101112987841247, -0.002781173216222281], [-0.807005087006211, -0.24908720929485317, -0.5760249997645193, -0.18272202810867255, -0.07825072463338605, 0.29561787965312863, -0.1287111134926497, 0.10773817338086651, 0.45422145226483307, 0.7316150168879874, 0.5295705489426965, 0.48877591916072655, 0.32747907304029394, 0.003598137694780335]], "inverted": true, "swapped": true, "error_lsq": 0.04063124183555976, "error_max": 0.22519539153763643, "target": "1057.xyz", "model": "20.xyz", "model_rescale": 4.121658175737393, "target_rescale": 4.30313197598665},
{"mapping": [4, 6, 8, 5, 10, 7, 1, 11, 9, 14, 0, 12, 15], "R": [[0.8241272799330707, -0.45485979218029793, 0.3375156232351541], [0.4758894249923251, 0.23291926756281076, -0.8481025114798788], [0.3071538403643887, 0.8595645317576222, 0.40841808737335283]], "T": [0.22246726800493935, -0.12391317529695031, 0.016136076346130124], "aligned_model": [[0.19155441015709831, -0.35824449854693685, 0.18133674796671376, 0.5454276115870405, 0.5337378523552411, -0.34818772634882167, -0.2789267404941116, 0.516572540445694, -0.5779169587245081, -0.20804832089674694, -0.03790317386363082, 0.5664520704219561, 0.1552290906053067], [-0.7647397425551635, -0.06352766644817796, 0.5568460855557796, -0.3719425842422146, 0.4520367777015376, -0.5264497607812395, 0.5677663262513839, -0.5052570820339549, 0.04271545925798323, -0.11400446235271502, 0.44445083477748903, -0.038538859690376515, -0.1385284212771486], [0.5473143438285332, 0.5619282952426776, 0.4509050739765267, 0.46649167965031, -0.04322246754045028, 0.2205661995683515, 0.1297948531357659, -0.2455086768435768, -0.01794742335359073, -0.5813351212991936, -0.42479891140544346, -0.6944231193502627, 0.00034501387214204426]], "inverted": true, "swapped": true, "error_lsq": 0.049556642465366514, "error_max": 0.2620426333297388, "target": "1057.xyz", "model": "21.xyz", "model_rescale": 4.08911054899281, "target_rescale": 4.30313197598665},
{"mapping": [14, 15, 4, 10, 6, 0, 1, 8, 2, 11, 3, 7, 12, 13, 9, 16], "R": [[0.45105715530965285, -0.8914155271500969, 0.043883944668624074], [-0.876021180951582, -0.4327922672247532, 0.21278567610310042], [-0.1706878237255356, -0.1344217667871276, -0.976112931707017]], "T": [0.10236494417398224, -0.06921856174387508, 0.07064744373717405], "aligned_model": [[-0.05348881377543853, 0.14829461329139593, -0.5744640749987646, 0.529350384979828, 0.3112305283067573, -0.29585232326057104, 0.10356787386519656, 0.5699889123843518, -0.3471401474893049, 0.6527423111693258, -0.613397385476906, -0.049751916866580245, -0.020940022711465625, -0.41918565831373444, 0.5256129698479186, 0.06313876613508504], [0.2246048900794536, -0.4124347329481326, -0.21989870404782522, 0.5324229711216626, -0.11188766408794276, -0.3229387904261252, -0.8598042049929164, -0.48346583568745155, -0.5414999745949178, -0.5333783388638607, 0.19116681105447692, 0.3750799403323015, 0.6472014891281129, 0.32157263784582396, 0.39234763757594415, -0.06511048934239581], [0.6194643268946904, 0.7122081526438433, -0.0034481660428792166, -0.25622609218456494, -0.6435784617166921, -0.5434604064436053, 0.0001401752133057127, -0.23016651612103464, 0.38072689971169593, 0.3305194996832598, 0.48797533446564423, -0.46344570324138945, 0.19912974556914526, -0.038884165381754876, 0.41030221548503343, 0.04400009621411034]], "inverted": true, "swapped": false, "error_lsq": 0.042495066752040206, "error_max": 0.27555914740177173, "target": "1057.xyz", "model": "22.xyz", "model_rescale": 4.204369325754507, "target_rescale": 4.30313197598665},
{"mapping": [9, 7, 0, 10, 3, 1, 12, 14, 4, 13, 8, 2, 5, 6, 11, 15], "R": [[0.513584319474507, 0.24925813698435573, 0.8210368614970924], [0.8006991988342358, 0.20470207064028376, -0.5630078642983536], [-0.3084022369830033, 0.9465555680585627, -0.0944490169414752]], "T": [0.04590751547816631, -0.16264430769115146, 0.0794690046559424], "aligned_model": [[0.19918141375579274, -0.12208898252982074, -0.6264139971803184, 0.5376385211005129, 0.27464884603410117, -0.3098235273504426, 0.1295697475491417, 0.7679300852228056, -0.34776550676059625, 0.5635179882131149, -0.5485296297270018, -0.022424414150246583, -0.11889270391637623, -0.5118862816989189, 0.6113967704841591, 0.053647688041186525], [0.19617811642299238, -0.2655458647533124, -0.2959197217500669, 0.26412318600992457, -0.3138625489284621, -0.15810421659579305, -0.6533274739283563, -0.323451656613431, -0.724507743358418, -0.3780847020365521, 0.16697633229891956, 0.5858335043542457, 0.6250640893450334, 0.29772906793377596, 0.24040749916665394, -0.12953022542094617], [0.7403498010301178, 0.7553491679634461, 0.025657244045619393, -0.3609559734916007, -0.7269050041554527, -0.4763675151233492, -0.14937531689415992, -0.14979801736886003, 0.3324434299199448, 0.44959692898936554, 0.41153356107355055, -0.3569218697697716, 0.2883206546016928, -0.10816332315218938, 0.2717821486717421, 0.0587110184087125]], "inverted": false, "swapped": false, "error_lsq": 0.03833095216971215, "error_max": 0.28356829715242465, "target": "1057.xyz", "model": "23.xyz", "model_rescale": 4.410303926677745, "target_rescale": 4.30313197598665},
{"mapping": [1, 7, 12, 8, 15, 5, 14, 9, 7, 11, 0, 4, 3, 2, 10, 16], "R": [[0.7267728015262318, -0.3550719965826428, 0.5879839897518708], [-0.15663531751243814, -0.9191426954544664, -0.36144443929942505], [0.6687799879403467, 0.1705889288187067, -0.7236247267023124]], "T": [0.07208485908412682, -0.19142654065417877, 0.026247575337416867], "aligned_model": [[0.10251299540418063, -0.19360796337218128, -0.702995645641256, 0.5438139100231656, 0.3002937327966881, -0.3023928425384344, 0.3773306703115377, 0.6637273225279956, -0.19360796337218128, 0.5159867629261876, -0.5857149311914622, 0.03347709524555693, -0.12054427508223106, -0.5034790411809023, 0.552202635952695, 0.04270355427773533], [0.1419970853349434, -0.41540818595581297, -0.38736690917961625, 0.3046605367438092, -0.39483740033389847, -0.06037330068524974, -0.7745793166816458, -0.23258093601957805, -0.41540818595581297, -0.41819953531027443, 0.07458379621411229, 0.422071828622974, 0.6415805195911096, 0.5083455878457589, 0.22985390202771036, -0.09036184411232165], [0.8163350158923793, 0.5929665915575112, -0.05761790004106532, -0.4288084447231141, -0.6186236699185265, -0.46180317275038474, -0.13157455414452274, -0.1754588817247277, 0.5929665915575112, 0.41643547272899795, 0.2849438213070423, -0.2836129811340543, 0.30596929220238045, -0.08301868690648814, 0.151920385539744, 0.08423805530612477]], "inverted": false, "swapped": false, "error_lsq": 0.04407811676282183, "error_max": 0.32160437245832246, "target": "1057.xyz", "model": "24.xyz", "model_rescale": 4.28219845311461, "target_rescale": 4.30313197598665},
{"mapping": [14, 12, 8, 4, 3, 1, 9, 7, 11, 13, 10, 0, 6, 8, 2, 15], "R": [[0.9480462105720983, 0.1770446923067407, -0.26431715711602316], [-0.30442039709621105, 0.7461552475585097, -0.5920984448321787], [0.09239374682125502, 0.6418002208373808, 0.7612856704821255]], "T": [0.08219178249042902, -0.13074664134844832, 0.0498579116736945], "aligned_model": [[-0.026247060804743552, 0.18599272436899003, -0.5677327989778935, 0.5786202124667394, 0.17148884811288156, -0.20075468311935768, 0.10064134963095175, 0.7044420460088371, -0.23576634949812014, 0.5870033335377312, -0.5588271675513405, 0.16264514695076043, -0.31693360128900167, -0.5677327989778935, 0.41757008077983426, 0.09529673544871861], [0.10574750575551295, -0.5520078434811209, 0.08259101990823176, 0.12855859575353396, -0.3726371477598741, -0.003654879694133667, -0.7996883865037816, -0.5365411715366714, -0.4188770325665002, -0.23276499862376712, 0.04208476878864803, 0.6198603921945989, 0.6583040806566467, 0.08259101990823176, 0.39407151181167904, -0.06365979246502644], [0.7657183453791786, 0.6792896111263701, -0.06859519137379763, -0.42021461565421925, -0.6805942509208645, -0.5102013535520528, -0.04527483210958066, -0.18183458835773952, 0.38506020165316235, 0.3459558847249586, 0.4845173509882554, -0.25944858579851565, 0.22391256138803575, -0.06859519137379763, 0.3342297238105784, 0.021331864818836355]], "inverted": false, "swapped": false, "error_lsq": 0.04862177044492024, "error_max": 0.30087687139228997, "target": "1057.xyz", "model": "25.xyz", "model_rescale": 4.100010024507729, "target_rescale": 4.30313197598665},
{"mapping": [13, 5, 7, 6, 12, 14, 11, 9, 8, 0, 10, 15], "R": [[-0.7182291640400639, 0.6863248205518272, -0.11447754634343599], [-0.4743404626295676, -0.6033237034864042, -0.6410940916307197], [-0.5090658046212486, -0.4061511412097126, 0.7588763120953039]], "T": [-0.05241412075493013, -0.027496858692209976, 0.04928857134112986], "aligned_model": [[-0.6909863508341728, -0.1905584033247773, 0.5856608324856757, 0.6659786281890404, -0.6131550159672164, 0.15987422494017622, -0.3817202938403778, 0.6770003462082012, 0.06884534756719227, 0.0025829513757300443, -0.41387635966830627, 0.007119695231841486], [-0.1676647229068901, -0.5960998795471235, -0.09830355743235875, -0.32895267913862086, 0.5312185112049828, 0.6708999150132315, 0.049249588015015826, 0.3000603815836578, -0.29565291284903394, 0.5683919982062449, 0.026069165578904645, 0.006915582322629128], [0.03917543403607352, 0.21130370188086342, 0.3918104917716545, -0.12903124887650338, 0.1118623080446092, 0.1472135000119233, 0.48061963982591516, -0.12450005581975918, -0.7040622394881868, -0.427309656363842, -0.497160779154037, 0.06527119398564614]], "inverted": true, "swapped": true, "error_lsq": 0.04760480813353171, "error_max": 0.2473449354309837, "target": "1057.xyz", "model": "26.xyz", "model_rescale": 3.6694154284099745, "target_rescale": 4.30313197598665},
