[{"mapping": [10, 8, 9, 2, 12, 11, 6, 3, 7, 0, 4, 13], "R": [[0.008952270823951253, 0.9662738541436539, 0.2573610220011253], [-0.6897339964069468, -0.18037933107088203, 0.7012348473392657], [0.7240075075906304, -0.1837882904887855, 0.6648571224192558]], "T": [-0.06788488907350111, -0.04507680554913693, 0.1474887178601625], "aligned_model": [[-0.2161241745305903, 0.06127559987823532, 0.40472255549299374, -0.059029572692390675, 0.021524321484467895, -0.6539806755477504, 0.41620391969759385, -0.20696954886375424, 0.6196445046217633, 0.21649756462916048, -0.653890928359107, -0.11223110335007315], [-0.3937156181814637, -0.6262398497604842, -0.34928596065434625, 0.6792546551924578, 0.2635735768461953, -0.48180855199736927, -0.20001286847831987, -0.6414516116001897, 0.28574800241764786, 0.4900751332832419, 0.031338502641755125, -0.0039203737320681956], [-0.5153635466816842, 0.004061137043866819, -0.5305957384158596, -0.1057936910768641, -0.5897909683031438, -0.05541795953233908, 0.3692820058267129, 0.6112786868020901, -0.008186647114038381, 0.5609228098292194, 0.45294445408494166, -0.011388797109339571]], "inverted": false, "swapped": true, "error_lsq": 0.041683909035650814, "error_max": 0.2234249331247374, "target": "106.xyz", "model": "0.xyz", "model_rescale": 3.751011558992144, "target_rescale": 3.9151620179354887},
{"mapping": [9, 7, 11, 2, 3, 13, 5, 10, 8, 4, 1, 0, 6, 14], "R": [[-0.7862319375667448, 0.4975602121852794, -0.3664330438158959], [-0.605401373633652, -0.5014259608664957, 0.618110979170892], [0.12380838886169947, 0.7078176608557117, 0.6954607406807511]], "T": [-0.07944615731418006, 0.024684403404045256, -0.06003577205276576], "aligned_model": [[-0.05637575969093342, -0.4681170512623265, -0.734000500991332, 0.7204880197204204, 0.2167628121065582, 0.3754184009407159, 0.3853609105523679, -0.4063537768771335, 0.3272358379077408, -0.2637264907011839, -0.3099455904649131, 0.1299187557457519, -0.8070999598008117, -0.09725367278355149], [0.1991950971028313, -0.47797066616665157, -0.019782972655816085, -0.1651689424668125, -0.6756869904156672, -0.22047107518330045, 0.32146206003277705, 0.7150814781429734, 0.41154186334036164, 0.6716990279160292, -0.058262170360231354, -0.49156550007201577, -0.005407564165259483, 0.0047829107365904774], [0.5749472165954088, -0.24964020509606458, 0.3941803137108272, -0.1483484068324243, 0.011700178951681704, 0.4503554732314441, 0.2331594857241656, 0.23818735849292963, -0.41411106431955436, -0.47595259583391447, -0.7124738355145739, -0.5749696404668079, -0.24262865933125397, -0.012175188836690866]], "inverted": false, "swapped": false, "error_lsq": 0.033926377146553256, "error_max": 0.18864125563394, "target": "106.xyz", "model": "1.xyz", "model_rescale": 3.9405287249114394, "target_rescale": 3.9151620179354887},
{"mapping": [0, 4, 1, 8, 11, 2, 6, 3, 10, 12, 9, 7, 13], "R": [[-0.8761865139196462, 0.1386411218282273, 0.4616013779913883], [-0.3899867509338024, 0.3588333962519243, -0.8480264900522895], [-0.28320933410012156, -0.9230477956598565, -0.26033678189231274]], "T": [0.011966325914397766, 0.10111552237785959, 0.03792448836284033], "aligned_model": [[-0.39501624588563017, 0.1942960326025126, -0.2936066518471384, 0.4545110551602231, 0.4782742272907084, -0.7336826335832655, 0.11159495355043333, 0.7482618363790534, 0.12914847783395428, -0.5488696317500577, -0.06840604417087727, -0.510109272782723, -0.0704128235132618], [0.6515972559806342, 0.4828059892445513, -0.06634286674134496, -0.2727402376908649, -0.181204932202992, 0.15176737885238378, 0.1824228667724303, 0.30870403784621714, -0.6210663828665831, -0.46204819346226844, -0.6952147224637476, 0.0023415562310393767, -0.022189155927438073], [0.3015980995434019, -0.4755089053308761, -0.7107350067206764, 0.23639468784438067, -0.4895848585196001, -0.13622624795757132, 0.5773711245218671, 0.10781380577109152, -0.18029253902908876, -0.08516108701535087, 0.4054812320501622, 0.6071848091983597, -0.04521476476745552]], "inverted": true, "swapped": true, "error_lsq": 0.0448962681894374, "error_max": 0.32934982429522197, "target": "106.xyz", "model": "2.xyz", "model_rescale": 3.932901565614263, "target_rescale": 3.9151620179354887},
{"mapping": [9, 10, 12, 3, 11, 8, 7, 5, 0, 4, 2, 1, 6, 13], "R": [[-0.5610460574438856, 0.7992260396936129, -0.21555755357290501], [-0.7906777293627517, -0.5944993867046167, -0.14628467964075414], [-0.2450633585757684, 0.08836411422912727, 0.9654717673759633]], "T": [0.025865706852962328, -0.01584855457653902, -0.06523582189095788], "aligned_model": [[-0.10083499867264328, -0.45884363925317306, -0.6312914606227601, 0.522233243680661, 0.18450283976507645, 0.48788116492033684, 0.2779122352533969, -0.4723004678778968, 0.3344442066244089, -0.11489944114778197, -0.29575381027326864, -0.010865817859878432, -0.6265348482222453, -0.08333727191286343], [0.18251944735045553, -0.5431883697740061, -0.10714857290155691, -0.11990142529453923, -0.8365123777545482, -0.17903711445784556, 0.5791542968202253, 0.43352791642744065, 0.19669265528716648, 0.7478557262194403, 0.22706262467680163, -0.4081263747326427, 0.055169476143421776, -0.0186213522240045], [0.6307455043094301, -0.05451157804365446, 0.31283635911244767, -0.1242082439216436, 0.24949239062852074, 0.48129682668785123, 0.23838680852079397, 0.19301005961869827, -0.6207138797217624, -0.4654449536458442, -0.7944510839196274, -0.6925615170589455, -0.2550310160660957, -0.026615246024996257]], "inverted": false, "swapped": false, "error_lsq": 0.04776640859158273, "error_max": 0.2673238438967123, "target": "106.xyz", "model": "3.xyz", "model_rescale": 3.9243930471874484, "target_rescale": 3.9151620179354887},
{"mapping": [5, 4, 3, 6, 8, 0, 7, 11, 10, 1, 9, 12, 13], "R": [[0.7191344221993384, 0.37368419791430635, -0.5858376934246939], [-0.3652932487840483, -0.5138853736828454, -0.7761975683468987], [-0.5911061877537908, 0.772192944116938, -0.23304834660472568]], "T": [-0.02722089715838496, -0.1401922079831479, -0.14684909016090358], "aligned_model": [[-0.055757344355633724, -0.20959660097819008, 0.5526151410329286, 0.24250484013717152, 0.5579969642289245, -0.46110875808527074, -0.21022573819720308, 0.2585419506868423, 0.23888562771874963, -0.5244076751526601, 0.3292162563847535, -0.3546033639551909, -0.08685541315386906], [-0.5346009149116792, 0.04494405836119436, -0.24202712500111662, -0.6000920046741707, -0.016119448263537117, -0.7296369364595139, -0.5804200364738898, 0.4962373484898538, 0.4878948277823858, 0.5134149264276388, 0.055138783670593355, 0.24147682718982572, -0.008380752455997592], [-0.6509038473147895, -0.7592290781896125, -0.64033506327777, 0.005727528638803214, -0.015965967448726914, -0.1966984855834551, 0.46884988433862546, -0.4446930483806744, 0.19606638769893509, -0.23351637371213113, 0.6344945575551815, 0.4808370329441222, -0.05756321189754404]], "inverted": false, "swapped": true, "error_lsq": 0.0515648343527549, "error_max": 0.30008551308792014, "target": "106.xyz", "model": "4.xyz", "model_rescale": 3.8936222436046832, "target_rescale": 3.9151620179354887},
{"mapping": [9, 7, 12, 10, 2, 0, 5, 4, 11, 8, 1, 13], "R": [[-0.38226604954999555, 0.31999021843906034, 0.8668788424369135], [0.515830548017988, 0.852248840767606, -0.08712496279330179], [-0.7666756244285472, 0.41385767301524634, -0.4908465273316121]], "T": [-0.08901955633812192, -0.11640355549007898, 0.13046843502249028], "aligned_model": [[0.07187009662615729, -0.684389417744593, -0.209974601234675, 0.4327121041331146, -0.6221996109415664, -0.7744897110782132, -0.24649707464049603, 0.0851699625883835, 0.625232616152241, 0.35017117157115224, 0.060748637765004165, -0.06080613098141204], [-0.5630165448685468, -0.4568373241844836, 0.10483633382822764, -0.09057212993367063, 0.3300198980718423, -0.10586551802694577, -0.1273921594750937, 0.3508065885046962, 0.13885449874588407, -0.5292936332132527, 0.6493258100028589, -0.031942914341708456], [-0.6113879485451843, -0.23833519468097747, -0.6332482595723993, -0.4263312093294179, -0.1940490372469088, 0.39163570467797393, 0.7513740936703449, 0.5708299649524651, 0.14052670771335118, 0.022590378688773907, -0.13996866165625377, -0.01435181939624966]], "inverted": true, "swapped": true, "error_lsq": 0.035625135751995066, "error_max": 0.21647640521450534, "target": "106.xyz", "model": "5.xyz", "model_rescale": 3.6523030999806103, "target_rescale": 3.9151620179354887},
{"mapping": [9, 12, 10, 8, 11, 7, 1, 6, 2, 5, 4, 3, 13], "R": [[0.7516096316397981, 0.1348537538594473, -0.6456759455766513], [-0.135647970457339, -0.926354527753002, -0.3513785949973585], [-0.6455095582073841, 0.3516841679426704, -0.6779643473527054]], "T": [0.037874968720970105, -0.08191648866708065, -0.1062405527495174], "aligned_model": [[0.2658481157353611, -0.3384255239126715, 0.3295405457359298, 0.5997394253740332, 0.4714386981753681, -0.32552304977765784, -0.32471912136201114, 0.19799410114802277, -0.7062811966319036, 0.04377841029674654, 0.006400702937401574, 0.6774116988622824, -0.016119901916607157], [-0.4430421712068934, -0.04661625868673955, 0.16648853503426167, -0.19447830456411727, 0.5229757657954176, -0.7304716915363059, 0.6060890736812757, -0.5976397451117628, -0.0394037713583377, -0.1111270114002246, 0.44806536142990705, -0.028112547789965733, -0.011900330123332442], [0.664029544166594, 0.6036835517302934, 0.5541556672723931, 0.1097283263835344, 0.040530909060762496, 0.12548033323967772, 0.17139602340314664, -0.2324578540727799, 0.07627172289116012, -0.746205903271214, -0.507082408546655, -0.5283856627754488, 0.03896549000032494]], "inverted": false, "swapped": true, "error_lsq": 0.05862854968765111, "error_max": 0.34625177430746695, "target": "106.xyz", "model": "6.xyz", "model_rescale": 4.08911054899281, "target_rescale": 3.9151620179354887},
{"mapping": [3, 11, 9, 5, 10, 4, 6, 0, 7, 2, 13, 12, 1, 14], "R": [[-0.13702796101551762, 0.8682673073502034, -0.47679683397308514], [0.49735163666368554, -0.3559627484865722, -0.7911585626142457], [-0.8566590263388835, -0.3455465304075751, -0.38305731674960036]], "T": [-0.04666273021723798, -0.06106308833688051, -0.055231008978599366], "aligned_model": [[-0.06454677342937175, -0.39694991948353425, -0.6808117515329285, 0.6843984766877949, 0.1260027108491672, 0.45878924097656604, 0.10001527239816059, -0.4203245918662966, 0.4376399613561264, -0.20847595882474446, -0.2299546370411224, 0.1224465895948738, -0.7171352767740478, -0.19878140850927384], [0.28725250389231466, -0.4971023418559112, -0.16884957230274422, -0.25648872787232063, -0.759289100049797, -0.08690876443028123, 0.3954989055666394, 0.7037092578366977, 0.3559956188542748, 0.649451316572542, -0.024871971914313507, -0.49086642429325983, 0.2014910688831491, -0.09957521310118164], [0.6552672988829924, -0.23327515345867303, 0.3928698731299045, -0.14388517275024348, -0.01116310080494537, 0.43538064553628075, 0.08325969729830174, 0.3449642618342995, -0.4920397797562567, -0.4003763446780392, -0.7630366336642022, -0.5980689667198115, -0.1947943913376615, -0.0028718030367735417]], "inverted": false, "swapped": false, "error_lsq": 0.038387206650247876, "error_max": 0.1986429938273348, "target": "106.xyz", "model": "7.xyz", "model_rescale": 3.964800864290218, "target_rescale": 3.9151620179354887},
{"mapping": [8, 2, 1, 11, 12, 9, 10, 5, 6, 3, 6, 4, 0, 13], "R": [[-0.11498153017672813, 0.5501219579031341, 0.8271306300404069], [-0.892417991365755, -0.4229284906818746, 0.15723110524404163], [0.4363133924198632, -0.7200675823854131, 0.5395676976920474]], "T": [-0.14720617803073624, -0.02896749424256702, -0.050552296475663186], "aligned_model": [[-0.07001236308143952, -0.5186195231990521, -0.8103187730821143, 0.6366312883097974, 0.23204672601978818, 0.3992437740030059, 0.36230962961715285, -0.21504976587306499, 0.04768611048534235, -0.3433677147884667, 0.04768611048534235, 0.08854075999398939, -0.7212353856501731, -0.12322893883873842], [0.040800966583745865, -0.5064658678755065, -0.09271125936509948, -0.14139946458344416, -0.6211331394237162, -0.06454071644859688, 0.5629943388755536, 0.6540662881984318, 0.08869968937336424, 0.5745236598755656, 0.08869968937336424, -0.4813829977180678, 0.11066265108377919, -0.003367282163565438], [0.711176696155431, -0.32010035891142075, 0.2949014773706, -0.29568736720158145, 0.2254586104193479, 0.3665612642878482, 0.2046120483995274, 0.4268708100047448, -0.5841038431470217, -0.4016673404433301, -0.5841038431470217, -0.5351521194645056, -0.45571061594928336, 0.019175012101837877]], "inverted": false, "swapped": false, "error_lsq": 0.049346835062550345, "error_max": 0.3237606664462191, "target": "106.xyz", "model": "8.xyz", "model_rescale": 4.121658175737393, "target_rescale": 3.9151620179354887},
{"mapping": [4, 5, 0, 2, 3, 11, 6, 9, 7, 8, 1, 12, 13], "R": [[0.5129293586825482, -0.7824178552337818, -0.35316536185316777], [0.8287285347462717, 0.5586193118351134, -0.033962923050914834], [0.2238581888133821, -0.275257632512222, 0.9349442480944835]], "T": [-0.07427729191518789, -0.055986805760241065, -0.07565412996145177], "aligned_model": [[-0.6183502683818447, -0.28927162606445744, 0.29568908879878697, 0.33760506348610547, -0.5959743407077325, -0.7121056466864006, 0.19998513125217493, 0.37389216485501836, 0.7007739379045936, -0.19278244671232195, -0.3243906876228739, 0.34981121321755937, -0.04814408690341043], [0.16773407414213834, -0.28017829345750245, -0.0328326718775305, 0.5637589467111196, -0.6164685645595122, 0.0518877272079334, -0.5298097224879724, -0.20032496767798705, -0.12196997401868878, -0.4620359426641381, 0.7178785245009174, 0.46077591458965195, 0.07197238900328043], [-0.38626505760591145, -0.6359749026059622, -0.7087240228151737, -0.26314969771705177, -0.1373061737798102, 0.3205176560049431, -0.16403618573307566, 0.6686644641802983, -0.11196325667237805, 0.3671607450237668, 0.06746797284072245, 0.3714986758950001, 0.03318521694372131]], "inverted": true, "swapped": true, "error_lsq": 0.04474943836008871, "error_max": 0.23355959870765922, "target": "106.xyz", "model": "9.xyz", "model_rescale": 3.833441315466971, "target_rescale": 3.9151620179354887},
{"mapping": [1, 11, 12, 13, 10, 0, 5, 6, 2, 3, 9, 8, 7, 14], "R": [[-0.4255216601645521, -0.6827739514841192, 0.5939284871982192], [-0.8591967091403453, 0.09877778693629907, -0.5020198838794816], [0.2840991582761282, -0.7239217360894263, -0.6286692200864195]], "T": [-0.13641526428855133, 0.051178072556111676, 0.00958072666957581], "aligned_model": [[0.019601868483206664, -0.6031006307155019, -0.45909772969883494, 0.6552942603331323, 0.04131476906140799, 0.35347324999649327, 0.38030708840022476, -0.5125095874052701, 0.3304579216485254, -0.2800820231650931, -0.08276605463995562, -0.0401457094974777, -0.6491727782848208, -0.14126271011466737], [0.18244293641528952, -0.42232714557277995, -0.17291003540374195, 0.003344652373562712, -0.7502015688834078, -0.17019797086254718, 0.46965234932715844, 0.44644670773027445, 0.2837585203535607, 0.6467634013167383, 0.041637659455810605, -0.4921272174012438, 0.061867997701341874, 0.08129626923579288], [0.7195364455081076, -0.1431761331149336, 0.4663964484858099, -0.07162600920622637, 0.05381701326281628, 0.42770134643803226, 0.1333243785460911, 0.4139881131152827, -0.48497565887502175, -0.6060164048268585, -0.799703444283169, -0.5409743542273519, -0.4157185022535096, -0.08034280809389664]], "inverted": false, "swapped": false, "error_lsq": 0.04586518034425336, "error_max": 0.27981263918629795, "target": "106.xyz", "model": "10.xyz", "model_rescale": 4.2482417240324, "target_rescale": 3.9151620179354887},
{"mapping": [7, 0, 1, 4, 9, 10, 12, 11, 5, 8, 6, 13], "R": [[-0.19446901588698284, 0.9502617483771009, 0.24327846479136678], [-0.0729158558111668, -0.26133140628632967, 0.9624911293408032], [0.9781948066879489, 0.16943584526216737, 0.12011001002839572]], "T": [0.015413656402546737, -0.03690010728215574, -0.12752449802645555], "aligned_model": [[-0.725766898388253, -0.2708222702415693, 0.5163805862772205, 0.6259223898140275, -0.5109716059754242, 0.10515309837876904, -0.22659334927338518, 0.6162882594692626, 0.1776625343848269, -0.05560928599573003, -0.4038039053978328, 0.028926049311094982], [-0.18978303571245675, -0.711274098680094, -0.0419492544531647, -0.2931341100134011, 0.6313318923670957, 0.6525813689409934, 0.1934864120183533, 0.4260915317741015, -0.4815128868928523, 0.5037737233135, -0.05546224336954154, 0.031982090758105965], [0.05592777210304234, -0.16596198020826713, 0.5289165409770078, -0.19209079318397393, 0.10069488491172474, 0.1878469631644783, 0.6040457734053553, -0.12595524263807786, -0.5593097837061339, -0.406149581901146, -0.49008691188432496, 0.027314648814671827]], "inverted": true, "swapped": true, "error_lsq": 0.04670227303997055, "error_max": 0.31719014859134986, "target": "106.xyz", "model": "11.xyz", "model_rescale": 3.6694154284099745, "target_rescale": 3.9151620179354887},
{"mapping": [9, 4, 11, 2, 3, 8, 10, 7, 12, 5, 0, 1, 6, 13], "R": [[-0.45065528492826484, 0.8804226139648423, -0.1475324878985606], [-0.807580431378627, -0.33165134173242, 0.48766918539251236], [0.38042563139270136, 0.33891504591327903, 0.8604725042864907]], "T": [-0.10106426662652794, 0.07935917712354017, -0.07803992925735176], "aligned_model": [[-0.077170164264856, -0.40504837385716924, -0.5554133029579172, 0.49992268464793105, 0.14057914306337999, 0.17803962080615005, 0.352614227157882, -0.23212461682592334, 0.33858563916045986, -0.4185483054744773, -0.3499440979522813, 0.31805326248665394, -0.6570676031879401, -0.12016617840052374], [0.26852663007322236, -0.579398579492712, -0.18188479199668722, -0.17400934794540063, -0.7448018689376243, -0.3303679286176996, 0.44495608462384934, 0.7583783757157442, 0.4031998549358471, 0.6814093758966205, -0.06174609211484121, -0.4484716740298767, 0.15229770324537423, 0.02135881442999238], [0.7019158473780602, -0.22402119654670322, 0.4419092900805774, -0.04750063826136519, -0.01790729824786169, 0.49364404826166514, 0.17502826868968763, 0.1938450299043441, -0.48251944172003186, -0.5038453257834762, -0.7329338114839969, -0.5901029951606471, -0.15149123689323768, -0.18379010974184212]], "inverted": false, "swapped": false, "error_lsq": 0.04742566201357128, "error_max": 0.2825743909307066, "target": "106.xyz", "model": "12.xyz", "model_rescale": 3.9764082729961374, "target_rescale": 3.9151620179354887},
{"mapping": [14, 10, 13, 7, 8, 3, 4, 6, 0, 5, 9, 2, 12, 15], "R": [[0.5580720231901286, -0.6497377332632047, 0.5161361205210013], [-0.8297482489969149, -0.43052926222524057, 0.3551934651064743], [-0.008570893712479266, -0.6264865779422438, -0.7793850828949619]], "T": [-0.14768103603569013, 0.0019431476492272996, -0.07643853040269502], "aligned_model": [[-0.19436744925158986, -0.5531256225082086, -0.6439415917262206, 0.6032946303649557, 0.08045029748580287, 0.37910054153437933, 0.329349158980464, -0.27856116932982106, 0.30180328550002744, -0.24374846056727992, -0.25336926033044005, 0.29342511156052786, -0.7413638118920123, -0.06663372541921601], [0.056451701855517136, -0.6921049247238318, 0.08034365160974839, -0.021104325108039574, -0.6566158690615, -0.31620835619691656, 0.5385920224948795, 0.6006359991280745, 0.1936806988832966, 0.7518494893836518, 0.17566753261131832, -0.4670370807339448, -0.06908010597544809, 0.03437612161900325], [0.7195873711322008, -0.06876653629197052, 0.27293142828202266, -0.15729681010613214, 0.041497693138905445, 0.4977776635929442, -0.05872130858397781, 0.37973694679469805, -0.6133821863318807, -0.43870284606886467, -0.6422556067026137, -0.5473338752985761, -0.2993959120799232, -0.013445591001659707]], "inverted": true, "swapped": false, "error_lsq": 0.04371814222202902, "error_max": 0.2442309744133234, "target": "106.xyz", "model": "13.xyz", "model_rescale": 4.170626492500431, "target_rescale": 3.9151620179354887},
{"mapping": [5, 9, 11, 8, 10, 12, 4, 6, 0, 2, 1, 7, 3, 13], "R": [[0.8967166396465316, 0.39195716370861167, -0.20559389582021534], [-0.3503550371494166, 0.3447444135326755, -0.8708631564614747], [-0.2704637057445304, 0.8529483402618897, 0.4464622186920455]], "T": [-0.055731673491268716, 0.06471331082678292, -0.12300624349514987], "aligned_model": [[-0.14787719344147024, -0.5248679499871145, -0.5533935553767496, 0.6531041735652859, 0.07259052748212837, 0.3180955832733853, 0.4850619247379193, -0.4921453660887098, 0.11251197997983116, -0.06946411585720798, -0.3632163811840686, 0.3393374599117484, -0.70742980266375, -0.10999534994985888], [0.1760166483323524, -0.5913997749526642, -0.16450272939930094, -0.15528830974055707, -0.4714863966892737, -0.1541786868290225, 0.4648011172778086, 0.556425396804261, 0.19173184161143547, 0.6877040584674744, -0.22323950533938267, -0.42642697788033823, 0.2527339926968192, 0.06655588142619703], [0.7749584543462825, -0.1987242149977202, 0.3235945954566166, -0.09641072356632295, -0.0032081159143412807, 0.46694765016793727, 0.10179402749346551, 0.40163799829849733, -0.6810553205769844, -0.3342551857815027, -0.765929878223563, -0.6330370264187719, -0.24714880691357743, -0.03693302289484335]], "inverted": false, "swapped": false, "error_lsq": 0.05154968310260009, "error_max": 0.2984186896267766, "target": "106.xyz", "model": "14.xyz", "model_rescale": 3.9786697098870705, "target_rescale": 3.9151620179354887},
{"mapping": [11, 12, 4, 3, 1, 0, 9, 7, 5, 8, 2, 13], "R": [[-0.8244065838952099, 0.2752450931087025, -0.494564377154089], [0.5517767858817442, 0.19619288811601265, -0.8105866574368897], [-0.126079986485731, -0.9411421196462729, -0.31361656148149847]], "T": [0.118842308035881, -0.02546298436341795, 0.014487134892947551], "aligned_model": [[0.07289426098245885, -0.665826495391701, 0.4808385712616742, 0.6925681426369548, -0.26537705630271213, 0.39299397132949776, -0.5528353549649333, -0.18036999675234508, 0.7383829897400784, 0.061915376531206046, -0.2543003840875966, -0.03752942821524488], [-0.4992440089957585, 0.15024024135847128, 0.09510233436814727, -0.533091860646507, 0.2320121012789075, 0.5778932628930173, -0.43725591986776535, 0.2825671687467897, 0.13757492549246605, -0.6208977280890897, 0.6432302611875556, -0.013456287501794874], [-0.5761348480025105, -0.0017500604589881057, -0.5304608383370226, -0.04261083221118814, -0.669610998962044, 0.3291152175910021, 0.40815607175122065, 0.6640762061212958, 0.02012085413188529, 0.14571661799744137, -0.03551621494038003, -0.051134680806882285]], "inverted": true, "swapped": true, "error_lsq": 0.06466586315762157, "error_max": 0.3955962612830642, "target": "106.xyz", "model": "15.xyz", "model_rescale": 3.769337070930944, "target_rescale": 3.9151620179354887},
{"mapping": [6, 7, 3, 8, 5, 0, 4, 2, 11, 10, 13], "R": [[0.11886782153759501, 0.8111616935412259, -0.572614309927928], [-0.7458737181987897, 0.45361595746398864, 0.4877550201016301], [0.655395176594411, 0.3691195877562711, 0.6589445291004559]], "T": [-0.00427900866947265, 0.01739059102399352, 0.014842447366261467], "aligned_model": [[-0.3120548720324416, -0.30328929440709446, -0.08543753738430619, -0.5163019342648103, 0.3577241819396342, 0.3349399822423719, 0.5529683842775858, 0.33390106743751186, 0.004250100963984172, -0.42348933006154466, -0.020584618019720037], [-0.06596721695687788, -0.6685195781654389, 0.695592980171173, 0.35273227736573126, 0.20646528261739394, -0.4319624093979027, 0.3760608245605349, -0.6244124053040637, 0.6215752887378707, 0.17180313641824876, -0.03730368242132715], [-0.4388809427518036, -0.20078832234603736, -0.33667341250987104, 0.0344093548464405, -0.47876489264888383, -0.4554777448739489, 0.07295088759901638, 0.26506157204262776, 0.4734295321672923, 0.633968043911893, 0.17498353178705164]], "inverted": true, "swapped": true, "error_lsq": 0.04726221939776076, "error_max": 0.22070664460388634, "target": "106.xyz", "model": "16.xyz", "model_rescale": 3.7852294659196426, "target_rescale": 3.9151620179354887},
{"mapping": [2, 10, 9, 12, 1, 11, 3, 8, 7, 0, 5, 6, 13], "R": [[-0.058039627342789946, 0.8457036502358519, 0.5304872643482275], [0.8029267465090477, -0.27622848675067996, 0.5282106235658507], [0.5932453467144141, 0.4565995609778721, -0.6630058819622259]], "T": [-0.029218761634153673, 0.19836058428806114, -0.022530084306113203], "aligned_model": [[0.12785073329281152, -0.36388936478358536, 0.23705847539313255, 0.021633630023956473, -0.5992600620684887, -0.7327025201667342, -0.24453849701458072, -0.07917166317955406, 0.6878008747856976, 0.4448971360173067, 0.013123196439775064, 0.42643888521980916, -0.08547497374326336], [-0.14853875361125257, -0.38848605392722635, -0.48624903974440525, -0.5788866713093285, -0.1801618334374016, 0.12973482880984671, 0.7512749580740892, 0.11897549666155222, -0.08400792038006916, 0.4981932787360021, 0.8238566963705456, 0.3772190397989214, 0.04213159766160088], [-0.6887706440543252, 0.333143421366958, 0.4633769358900203, -0.22288262120900257, -0.4847874709226602, 0.2528153644940711, 0.4653548344903819, 0.5826203947416967, -0.13445599096278002, -0.49529133160385513, -0.15446009410411854, 0.23809451682778876, -0.05900261781100108]], "inverted": false, "swapped": true, "error_lsq": 0.04052284116115536, "error_max": 0.23013241253665262, "target": "106.xyz", "model": "17.xyz", "model_rescale": 3.901054581598922, "target_rescale": 3.9151620179354887},
{"mapping": [9, 7, 11, 2, 3, 13, 5, 10, 8, 4, 1, 0, 6, 14], "R": [[-0.7862319375667448, 0.4975602121852794, -0.3664330438158959], [-0.605401373633652, -0.5014259608664957, 0.618110979170892], [0.12380838886169947, 0.7078176608557117, 0.6954607406807511]], "T": [-0.07944615731418006, 0.024684403404045256, -0.06003577205276576], "aligned_model": [[-0.05637575969093342, -0.4681170512623265, -0.734000500991332, 0.7204880197204204, 0.2167628121065582, 0.3754184009407159, 0.3853609105523679, -0.4063537768771335, 0.3272358379077408, -0.2637264907011839, -0.3099455904649131, 0.1299187557457519, -0.8070999598008117, -0.09725367278355149], [0.1991950971028313, -0.47797066616665157, -0.019782972655816085, -0.1651689424668125, -0.6756869904156672, -0.22047107518330045, 0.32146206003277705, 0.7150814781429734, 0.41154186334036164, 0.6716990279160292, -0.058262170360231354, -0.49156550007201577, -0.005407564165259483, 0.0047829107365904774], [0.5749472165954088, -0.24964020509606458, 0.3941803137108272, -0.1483484068324243, 0.011700178951681704, 0.4503554732314441, 0.2331594857241656, 0.23818735849292963, -0.41411106431955436, -0.47595259583391447, -0.7124738355145739, -0.5749696404668079, -0.24262865933125397, -0.012175188836690866]], "inverted": false, "swapped": false, "error_lsq": 0.033926377146553256, "error_max": 0.18864125563394, "target": "106.xyz", "model": "18.xyz", "model_rescale": 3.9405287249114394, "target_rescale": 3.9151620179354887},
{"mapping": [1, 5, 6, 14, 10, 3, 12, 0, 13, 7, 9, 11, 8, 15], "R": [[0.06728385732982664, -0.20535956874207661, 0.9763710002191216], [-0.9954320657449793, 0.05261738126820201, 0.0796643814710177], [-0.06773392820073776, -0.9772711285587766, -0.20088119935910462]], "T": [-0.027251659801209437, 0.11697392708981294, -0.04773441310048078], "aligned_model": [[-0.13810679149185734, -0.6444947278334227, -0.6550734734854096, 0.6964984481445493, 0.2645805728527046, 0.4814875451034725, 0.37268212072344375, -0.466803663316009, 0.381194054300163, -0.31151542762481094, -0.3030530146024375, 0.14076373546092877, -0.7732408633652803, -0.0326065804646656], [0.07299138727053908, -0.3934500142339368, -0.08982183546808933, -0.1418830336265133, -0.604331016979916, -0.13797104160414478, 0.40866027427493934, 0.4998710416082077, 0.20132940627083581, 0.5112601508126449, -0.016746620624398717, -0.3955374128979595, 0.21622273012105978, 0.07885254086254043], [0.6013388492885454, -0.270761402159154, 0.3006313981419506, -0.1421686082492425, 0.06387724664581654, 0.5859974538626331, 0.1870231390047694, 0.316762629213396, -0.5744089778331313, -0.5570064749951631, -0.7513410324307379, -0.5255588110111166, -0.12468854748366386, -0.037466431519729476]], "inverted": false, "swapped": false, "error_lsq": 0.036939186104666275, "error_max": 0.2314650610913368, "target": "106.xyz", "model": "19.xyz", "model_rescale": 4.410303926677745, "target_rescale": 3.9151620179354887},
{"mapping": [8, 2, 1, 11, 12, 9, 10, 5, 6, 3, 6, 4, 0, 13], "R": [[-0.11498153017672813, 0.5501219579031341, 0.8271306300404069], [-0.892417991365755, -0.4229284906818746, 0.15723110524404163], [0.4363133924198632, -0.7200675823854131, 0.5395676976920474]], "T": [-0.14720617803073624, -0.02896749424256702, -0.050552296475663186], "aligned_model": [[-0.07001236308143952, -0.5186195231990521, -0.8103187730821143, 0.6366312883097974, 0.23204672601978818, 0.3992437740030059, 0.36230962961715285, -0.21504976587306499, 0.04768611048534235, -0.3433677147884667, 0.04768611048534235, 0.08854075999398939, -0.7212353856501731, -0.12322893883873842], [0.040800966583745865, -0.5064658678755065, -0.09271125936509948, -0.14139946458344416, -0.6211331394237162, -0.06454071644859688, 0.5629943388755536, 0.6540662881984318, 0.08869968937336424, 0.5745236598755656, 0.08869968937336424, -0.4813829977180678, 0.11066265108377919, -0.003367282163565438], [0.711176696155431, -0.32010035891142075, 0.2949014773706, -0.29568736720158145, 0.2254586104193479, 0.3665612642878482, 0.2046120483995274, 0.4268708100047448, -0.5841038431470217, -0.4016673404433301, -0.5841038431470217, -0.5351521194645056, -0.45571061594928336, 0.019175012101837877]], "inverted": false, "swapped": false, "error_lsq": 0.049346835062550345, "error_max": 0.3237606664462191, "target": "106.xyz", "model": "20.xyz", "model_rescale": 4.121658175737393, "target_rescale": 3.9151620179354887},
{"mapping": [9, 12, 10, 8, 11, 7, 1, 6, 2, 5, 4, 3, 13], "R": [[0.7516096316397981, 0.1348537538594473, -0.6456759455766513], [-0.135647970457339, -0.926354527753002, -0.3513785949973585], [-0.6455095582073841, 0.3516841679426704, -0.6779643473527054]], "T": [0.037874968720970105, -0.08191648866708065, -0.1062405527495174], "aligned_model": [[0.2658481157353611, -0.3384255239126715, 0.3295405457359298, 0.5997394253740332, 0.4714386981753681, -0.32552304977765784, -0.32471912136201114, 0.19799410114802277, -0.7062811966319036, 0.04377841029674654, 0.006400702937401574, 0.6774116988622824, -0.016119901916607157], [-0.4430421712068934, -0.04661625868673955, 0.16648853503426167, -0.19447830456411727, 0.5229757657954176, -0.7304716915363059, 0.6060890736812757, -0.5976397451117628, -0.0394037713583377, -0.1111270114002246, 0.44806536142990705, -0.028112547789965733, -0.011900330123332442], [0.664029544166594, 0.6036835517302934, 0.5541556672723931, 0.1097283263835344, 0.040530909060762496, 0.12548033323967772, 0.17139602340314664, -0.2324578540727799, 0.07627172289116012, -0.746205903271214, -0.507082408546655, -0.5283856627754488, 0.03896549000032494]], "inverted": false, "swapped": true, "error_lsq": 0.05862854968765111, "error_max": 0.34625177430746695, "target": "106.xyz", "model": "21.xyz", "model_rescale": 4.08911054899281, "target_rescale": 3.9151620179354887},
{"mapping": [10, 11, 9, 0, 8, 6, 7, 12, 4, 3, 2, 1, 14, 16], "R": [[0.2192981216575709, 0.5449335936501931, 0.8092933413472198], [-0.9536687128991799, 0.2948368694365189, 0.05989329226294998], [-0.2059716482302437, -0.7849322256936324, 0.5843432905347313]], "T": [-0.1251544004300242, -0.02317307785059647, -0.06679214942707778], "aligned_model": [[-0.13463891538775277, -0.43386405687640284, -0.6978068463688892, 0.6327325719363828, 0.08742341927268435, 0.4556404549701851, 0.29568895621118496, -0.38077248603559777, 0.2179065596816279, -0.31614134751657047, -0.12571597605335447, 0.14011469137291058, -0.6398312255967792, -0.08842386520826018], [0.0944406558872338, -0.7207800667202313, 0.03920003286393124, 0.02918956177876436, -0.6639530097550044, -0.24430970747454223, 0.3674442072782895, 0.5864962813022492, 0.3307085728706767, 0.6855774544879871, -0.03311291376128644, -0.5982407478448599, 0.3316429022461557, 0.005143332626445254], [0.7314637386358918, -0.1295286408451327, 0.35240515827246743, -0.21826785463289944, 0.09123875735731793, 0.34471733470491694, 0.352856743981367, 0.2617381731545452, -0.5601167289868412, -0.5309855275000669, -0.788702610404158, -0.5452562182216472, -0.21182997846252033, -0.07750191657806757]], "inverted": true, "swapped": false, "error_lsq": 0.03749739269453139, "error_max": 0.21005307371421905, "target": "106.xyz", "model": "22.xyz", "model_rescale": 4.204369325754507, "target_rescale": 3.9151620179354887},
{"mapping": [1, 5, 6, 14, 10, 3, 12, 0, 13, 7, 9, 11, 8, 15], "R": [[0.06728385732982664, -0.20535956874207661, 0.9763710002191216], [-0.9954320657449793, 0.05261738126820201, 0.0796643814710177], [-0.06773392820073776, -0.9772711285587766, -0.20088119935910462]], "T": [-0.027251659801209437, 0.11697392708981294, -0.04773441310048078], "aligned_model": [[-0.13810679149185734, -0.6444947278334227, -0.6550734734854096, 0.6964984481445493, 0.2645805728527046, 0.4814875451034725, 0.37268212072344375, -0.466803663316009, 0.381194054300163, -0.31151542762481094, -0.3030530146024375, 0.14076373546092877, -0.7732408633652803, -0.0326065804646656], [0.07299138727053908, -0.3934500142339368, -0.08982183546808933, -0.1418830336265133, -0.604331016979916, -0.13797104160414478, 0.40866027427493934, 0.4998710416082077, 0.20132940627083581, 0.5112601508126449, -0.016746620624398717, -0.3955374128979595, 0.21622273012105978, 0.07885254086254043], [0.6013388492885454, -0.270761402159154, 0.3006313981419506, -0.1421686082492425, 0.06387724664581654, 0.5859974538626331, 0.1870231390047694, 0.316762629213396, -0.5744089778331313, -0.5570064749951631, -0.7513410324307379, -0.5255588110111166, -0.12468854748366386, -0.037466431519729476]], "inverted": false, "swapped": false, "error_lsq": 0.036939186104666275, "error_max": 0.2314650610913368, "target": "106.xyz", "model": "23.xyz", "model_rescale": 4.410303926677745, "target_rescale": 3.9151620179354887},
{"mapping": [15, 11, 9, 12, 13, 6, 5, 8, 0, 3, 1, 7, 10, 16], "R": [[-0.792167233111805, 0.5292186832986957, -0.30397147897719273], [-0.5273321319535543, -0.8442622096433146, -0.09561455944314703], [-0.3072326437625183, 0.08455120706283606, 0.9478708751675573]], "T": [-0.10027345564823556, -0.017939025381731068, -0.025120062442431028], "aligned_model": [[-0.12239471140074981, -0.5470007722075669, -0.6031433200456646, 0.6980193833513272, 0.30317115594054744, 0.42381496449039147, 0.3266832170935171, -0.5701604530950158, 0.3956579950058724, -0.19047319970544838, -0.38658993678656783, 0.08223630692612924, -0.6866751119826806, -0.11083358318272163], [0.0441870982992875, -0.4493002633494896, -0.05111685898505097, -0.04881549728067658, -0.5863054020002436, -0.2512691843651091, 0.36006780386617065, 0.5537823049073427, 0.20094886949227342, 0.6333939912844953, -0.06215442897557615, -0.42314656368455184, 0.2375337810789733, 0.05164090549796354], [0.6854889620112778, -0.14793567069066849, 0.346956696394621, -0.11428856287161426, 0.06641534676436636, 0.4736649158249451, 0.2402492463918276, 0.3327173271319327, -0.5509773594498095, -0.6390258306239553, -0.8328348761507929, -0.5195165977760788, -0.14616009252721582, -0.12252307395366291]], "inverted": false, "swapped": false, "error_lsq": 0.03707144650183129, "error_max": 0.2499780142034086, "target": "106.xyz", "model": "24.xyz", "model_rescale": 4.28219845311461, "target_rescale": 3.9151620179354887},
{"mapping": [4, 13, 7, 6, 2, 0, 1, 3, 8, 5, 11, 14, 9, 15], "R": [[0.7115410796485293, -0.5661026439681374, 0.4162175974954568], [0.5179115468761708, 0.8228647649597032, 0.2337973656826453], [-0.4748441024009223, 0.04920746975914399, 0.8786931792923887]], "T": [-0.13866744672257147, -0.03351815973681087, -0.12249196785464471], "aligned_model": [[-0.13051281816309945, -0.46910928002305335, -0.7824441924049168, 0.7419698956891017, 0.16482285159196441, 0.4945628457538507, 0.11604447614342889, -0.3802317164192802, 0.35429852131456946, -0.12924619458752956, -0.25261531332944365, 0.10728810688244575, -0.737714670569577, -0.08480057747709145], [-0.046928652021515485, -0.5145431985050032, -0.08756069167628969, -0.18612561385280268, -0.6075621901290008, -0.08517868049689846, 0.5110024214550133, 0.5427672609568166, 0.36160778006586575, 0.7205294768122718, -0.011859584739023515, -0.5860822056866234, 0.240251516387262, -0.040871082784263074], [0.6085362352643944, -0.011408378517244924, 0.31130166074130927, -0.23818972521995802, 0.09464189497647611, 0.389274345339989, 0.09772740426119357, 0.3353149372502141, -0.4102524637207038, -0.5182243050942141, -0.654491837284518, -0.5854427920995658, -0.2743678116053404, -0.07218873381685909]], "inverted": true, "swapped": false, "error_lsq": 0.03639429091628663, "error_max": 0.2127822940812762, "target": "106.xyz", "model": "25.xyz", "model_rescale": 4.100010024507729, "target_rescale": 3.9151620179354887},
{"mapping": [7, 0, 1, 4, 9, 10, 12, 11, 5, 8, 6, 13], "R": [[-0.19446901588698284, 0.9502617483771009, 0.24327846479136678], [-0.0729158558111668, -0.26133140628632967, 0.9624911293408032], [0.9781948066879489, 0.16943584526216737, 0.12011001002839572]], "T": [0.015413656402546737, -0.03690010728215574, -0.12752449802645555], "aligned_model": [[-0.725766898388253, -0.2708222702415693, 0.5163805862772205, 0.6259223898140275, -0.5109716059754242, 0.10515309837876904, -0.22659334927338518, 0.6162882594692626, 0.1776625343848269, -0.05560928599573003, -0.4038039053978328, 0.028926049311094982], [-0.18978303571245675, -0.711274098680094, -0.0419492544531647, -0.2931341100134011, 0.6313318923670957, 0.6525813689409934, 0.1934864120183533, 0.4260915317741015, -0.4815128868928523, 0.5037737233135, -0.05546224336954154, 0.031982090758105965], [0.05592777210304234, -0.16596198020826713, 0.5289165409770078, -0.19209079318397393, 0.10069488491172474, 0.1878469631644783, 0.6040457734053553, -0.12595524263807786, -0.5593097837061339, -0.406149581901146, -0.49008691188432496, 0.027314648814671827]], "inverted": true, "swapped": true, "error_lsq": 0.04670227303997055, "error_max": 0.31719014859134986, "target": "106.xyz", "model": "26.xyz", "model_rescale": 3.6694154284099745, "target_rescale": 3.9151620179354887},
{"mapping": [6, 7, 1, 11, 3, 12, 2, 0, 10, 4, 8, 9, 5, 13], "R": [[0.20123384230102287, -0.3055902647936943, 0.9306554307454971], [-0.9548931545872144, -0.27300055725227895, 0.1168321833332899], [0.21836667336213494, -0.912187089254866, -0.3467430030461893]], "T": [-0.09367882079527348, 0.010944328886457907, -0.13383344529393365], "aligned_model": [[-0.04429441485451735, -0.472154134617788, -0.6888381137471482, 0.7585127442514387, -0.07611316064186091, 0.5005116319933927, 0.2537459276783737, -0.4057013722634525, 0.27469072187211685, -0.15001792115748327, -0.2621603302613833, 0.26751513168402374, -0.8773445272640573, -0.06604024827028539], [-0.063940070702777, -0.4875589719803874, 0.0004244675294882254, 0.08999376106761398, -0.7385230146000573, -0.28088474240635136, 0.4829184741585117, 0.5394157195996337, 0.2378397443933158, 0.731780834811237, 0.004763725479028881, -0.47843625945418555, 0.11962997390977882, 0.052022913980959165], [0.5467133488006604, -0.20001063600381677, 0.5183332528943467, -0.07303712155422287, 0.16753239378571916, 0.30378089670210456, 0.2106460120703918, 0.11171341317937433, -0.551820371345006, -0.5246674350970968, -0.7502204775549883, -0.4419066572389216, -0.1396636075383731, -0.10516258062499943]], "inverted": false, "swapped": false, "error_lsq": 0.04699118580631081, "error_max": 0.26749213662961097, "target": "106.xyz", "model": "27.xyz", "model_rescale": 4.103607728864725, "target_rescale": 3.9151620179354887},
