[{"mapping": [4, 6, 1, 3, 2, 7, 9, 10, 0, 8, 11, 12], "R": [[-0.7718195211969558, -0.33993709525688787, -0.537342905385017], [0.10051633418100772, -0.8996935902867202, 0.4247916079206401], [-0.6278463930469886, 0.27385071638631947, 0.7285703067464291]], "T": [0.018160485527045495, -0.01640021638250632, 0.02746748562665277], "aligned_model": [[-0.3968922816010967, 0.2531520151575396, 0.2122732051238744, -0.12416453214535089, 0.0940795733880139, -0.4728309536644899, 0.37174889799077715, -0.11346934793645913, 0.6616124613075421, 0.034809402042497856, -0.6089823785299756, -0.07369359867232404], [-0.10280754019150887, -0.7861003978654062, -0.40705499744924956, 0.7090190681531467, 0.3426877289256155, -0.5797540394907706, -0.1794007213265242, -0.5339569945685285, 0.11174922339711396, 0.4346155321740074, 0.03606518265994663, 0.008492991559214708], [-0.5338633281781691, 0.08559179934847974, -0.5794913410152706, -0.13211451183437856, -0.659485141671154, -0.06675010792943087, 0.6244277597153898, 0.5298827958352801, -0.0001498497746664218, 0.5085448191818206, 0.5122340354939316, -0.10687518381826974]], "inverted": false, "swapped": true, "error_lsq": 0.05231666677102376, "error_max": 0.2650541944110578, "target": "1060.xyz", "model": "0.xyz", "model_rescale": 3.751011558992144, "target_rescale": 4.016202955359919},
{"mapping": [8, 4, 1, 0, 6, 7, 10, 11, 3, 5, 9, 12, 14], "R": [[-0.8845407015371931, 0.4448792458451007, 0.14025050424288948], [-0.2390198160047609, -0.17407820889745973, -0.9552833635859586], [-0.40057118578492446, -0.8785096663118437, 0.2603142165067298]], "T": [-0.02857404460764873, 0.011569049976709385, 0.02010585285307185], "aligned_model": [[-0.4276691338177691, -0.0013415111812695064, 0.4016449446297151, 0.1522661434043973, 0.6684701906679926, 0.5658415947701567, -0.11155056134960545, 0.41804499632243636, -0.02711695871005569, -0.6380892346657672, -0.3105381105199085, 0.25224849079362077, -0.01971794070263263], [-0.32264896144898203, -0.013187077273959617, -0.44728099453738385, -0.6887838964014013, 0.180004533317469, -0.14813258148844777, 0.6503146768611335, 0.662238618434939, -0.3145765002870837, 0.147754245689373, 0.582604068011947, 0.2686724364615908, 0.05158256046391499], [-0.39152466441562533, -0.7699697721326241, -0.27998381272178896, 0.24881329785378073, -0.20234541662161942, 0.2667684977097385, -0.48741032416422914, 0.13796820429638945, 0.7107814977520285, 0.014549545379633683, 0.18923566999368308, 0.6580805046583136, 0.05649679740637158]], "inverted": true, "swapped": false, "error_lsq": 0.048010686655373544, "error_max": 0.30257411421475966, "target": "1060.xyz", "model": "1.xyz", "model_rescale": 3.9405287249114394, "target_rescale": 4.016202955359919},
{"mapping": [4, 3, 7, 1, 6, 0, 10, 11, 2, 8, 9, 5, 12], "R": [[0.090960035611535, -0.7656472030614828, -0.6367971673662477], [0.584217158870899, 0.558877592625938, -0.588511807648284], [0.8064840873832312, -0.3184967769142489, 0.498139759397774]], "T": [0.09376585566971246, -0.004224083655951727, -0.002023970891776968], "aligned_model": [[-0.3941782887867435, 0.008669576552537056, 0.3696901679452033, 0.17505315197404003, 0.6075893662291822, 0.767671924667112, -0.2270086366952906, 0.4045240636717953, -0.0630406084220358, -0.6354148266683113, -0.3440943052423392, 0.20775508567239342, 0.045276238743768266], [-0.43698549688801214, 0.06345727360975933, -0.428205704801586, -0.7550612474422382, 0.05351142865630515, -0.1449057107220822, 0.657308852133669, 0.6291384192939559, -0.178507480784303, 0.22178950944933695, 0.6540095377095402, 0.31442863180114555, -0.041416884212381475], [-0.2595580326988657, -0.563252565786918, -0.6127736839348191, 0.23643412038458025, -0.16937899472974668, 0.4765042709606527, -0.4155031350898181, 0.0974524838779065, 0.6376686567240611, -0.13582665526863646, 0.15731242256622016, 0.6410492619145365, 0.061331876074898345]], "inverted": true, "swapped": false, "error_lsq": 0.05057991193526946, "error_max": 0.31444978497052856, "target": "1060.xyz", "model": "2.xyz", "model_rescale": 3.932901565614263, "target_rescale": 4.016202955359919},
{"mapping": [3, 11, 1, 2, 10, 6, 8, 12, 4, 7, 9, 5, 13], "R": [[0.9272656471724656, -0.3704387572634084, 0.054346542585250096], [-0.0798026996513975, -0.053730458818759985, 0.9953615257400071], [-0.3658004219546195, -0.9273015501509029, -0.07938442155457967]], "T": [-0.017265868572127863, -0.020083011900019182, -0.06600107295763262], "aligned_model": [[-0.3618297488233116, 0.21355076970288675, 0.34765466968613523, 0.2738239837945619, 0.6565443002744297, 0.5253235897388276, -0.4282259419588093, 0.4959786728224269, -0.21547353153412413, -0.5988999488114636, -0.1601015851544088, 0.10756106053869562, 0.06658661936546488], [-0.17795800305617246, 0.29478006098605924, -0.6045794722612463, -0.6755185003300126, 0.120157774490036, -0.07009311375452675, 0.42319309175180664, 0.4932526978043751, -0.4192802562914042, 0.19248899398978633, 0.6759793891810709, 0.3151647471491741, 0.040973718144162924], [-0.4081073395984404, -0.8693027741854998, -0.3379670809340884, 0.35811078909526334, -0.2646409946574389, 0.3460522368508002, -0.4824201401785972, 0.17105651504687364, 0.6853854367371077, 0.28932622174862677, 0.12078230761595977, 0.5575587585548876, -0.014373911101402202]], "inverted": false, "swapped": false, "error_lsq": 0.04979578189379251, "error_max": 0.28868977606013063, "target": "1060.xyz", "model": "3.xyz", "model_rescale": 3.9243930471874484, "target_rescale": 4.016202955359919},
{"mapping": [10, 6, 11, 9, 5, 1, 3, 0, 8, 4, 2, 7, 12], "R": [[0.8603625874043084, 0.1879559796317291, 0.4737602430720006], [-0.4608664856359114, 0.6838506975812156, 0.5656414993927597], [-0.21766557057230768, -0.7049970022194152, 0.6749821673563459]], "T": [0.03249407464377954, -0.061670116031916494, -0.008669731516832003], "aligned_model": [[-0.5186416985039101, 0.1632715548044804, 0.2701061173557445, 0.30451043191488614, 0.6891638856946494, 0.5709477114460303, -0.2243851676834205, 0.4357625539171227, -0.28635208755204156, -0.4435801900919891, -0.1069151371357592, -0.06363032760898127, 0.13223526308449948], [-0.3748406778911001, 0.044656864423451986, -0.6742892050235457, -0.6602796522265092, 0.1815303010892989, 0.10872694784667838, 0.451830402337566, 0.6871267530780373, -0.4185835447366407, 0.1982203439146741, 0.7959075684975568, 0.2690932299432819, -0.0005382034496407978], [-0.3173787826646954, -0.7108864634783909, -0.4495466421719848, 0.24698847064129772, -0.2972202749946859, 0.428586282299409, -0.3597874366533723, -0.008301226037871057, 0.4003367454238899, 0.23253041924001014, 0.3017172478841296, 0.7153982674742967, -0.03097658196798088]], "inverted": true, "swapped": false, "error_lsq": 0.048602948936879636, "error_max": 0.2722781889437392, "target": "1060.xyz", "model": "4.xyz", "model_rescale": 3.8936222436046832, "target_rescale": 4.016202955359919},
{"mapping": [9, 0, 6, 10, 1, 2, 3, 4, 11, 8, 7, 12], "R": [[-0.04285340182305969, -0.45132972952100414, -0.8913276957453352], [-0.7206049260820864, -0.6039888226851025, 0.3404791367730111], [-0.6920203222871583, 0.6568858175679859, -0.2993474506649697]], "T": [-0.0943898687132483, -0.09096504252933017, -0.002340895850051955], "aligned_model": [[0.1194686148756043, -0.5461413811197686, -0.18960123870197176, 0.38001534200949594, -0.6673725650684723, -0.6657391186871905, -0.13551551551092733, -0.23499747050774744, 0.6834053869927518, 0.24302786150332578, 0.17507077725837872, -0.1340726508283815], [-0.5146136776090366, -0.5273401506826071, 0.215812262600234, 0.03496164311691914, 0.3619990483587105, 0.011637398145472225, -0.36980525978585493, 0.5027150041519416, -0.019828529857958285, -0.6356640609041803, 0.5903119483442777, 0.018737279231889725], [-0.5340756811264198, -0.1939466820073644, -0.7425167562378618, -0.5470378221468836, -0.1610994709305523, 0.5169321982347438, 0.6994516499646825, 0.3478030918542465, 0.1426885310630614, 0.1544393562375474, -0.1771828252729679, 0.11382912964328691]], "inverted": true, "swapped": true, "error_lsq": 0.042716709342465936, "error_max": 0.3285577182617827, "target": "1060.xyz", "model": "5.xyz", "model_rescale": 3.6523030999806103, "target_rescale": 4.016202955359919},
{"mapping": [2, 0, 1, 6, 5, 8, 3, 7, 10, 4, 11, 9, 12], "R": [[0.7680476679728869, 0.6399249393936534, 0.02447144587961894], [-0.5666254385328117, 0.661273857946175, 0.4915816282210729], [0.29839301622006686, -0.3914242669265807, 0.8704875938990053]], "T": [0.10110979883032131, -0.000952528894632744, 0.07048280303747645], "aligned_model": [[-0.4481274857082158, 0.3272783408605718, 0.18110216168551385, 0.12770262016200473, 0.709984417219097, 0.6736683262509351, -0.1317452843329406, 0.2158171897215882, -0.3340115604259257, -0.4671788106051856, -0.330045860468434, 0.26341162428406084, 0.13463723099824138], [-0.4186250916000562, 0.22332054284815286, -0.4233850038666084, -0.6120750584754404, 0.13379197508360244, -0.21800405498731915, 0.354003571745828, 0.6645988319189539, -0.2192099046388782, 0.07666015465239834, 0.7089011240036146, 0.2715460516893818, 0.0670379894294795], [-0.24590251559304427, -0.8706405206484593, -0.47497745396328506, 0.29058854527171607, -0.20341343227131065, 0.3511400145344644, -0.4794493562432198, -0.03296602629995546, 0.6801598998020051, 0.057995622995384466, 0.3616555903350689, 0.720148498772385, -0.0028788416976973374]], "inverted": true, "swapped": false, "error_lsq": 0.05185123269154859, "error_max": 0.3267922763576324, "target": "1060.xyz", "model": "6.xyz", "model_rescale": 4.08911054899281, "target_rescale": 4.016202955359919},
{"mapping": [13, 1, 11, 10, 9, 8, 2, 0, 5, 7, 6, 4, 14], "R": [[0.7675833272823258, 0.6017255157083655, -0.22077644671408098], [-0.13531405958591333, 0.4888205049258993, 0.8618263277728111], [0.6265029456886646, -0.6316493629455273, 0.45663239190177446]], "T": [0.05598042127548481, -0.016605768320888337, 0.0459238657055924], "aligned_model": [[-0.4133608728606674, 0.20748949995991212, 0.24921249446916877, 0.23912647603684317, 0.7741664928336451, 0.6407087729591014, -0.372156691535327, 0.3020193689778424, -0.32838035041276836, -0.6809303826978478, -0.06876829970204887, 0.1838291823457664, 0.1895372192676913], [-0.24849652000535838, 0.19378967669826325, -0.4761166964943595, -0.6498184446128199, 0.07589505188030482, -0.14204762455202746, 0.5122538810494072, 0.8546876707426108, -0.2544090519687303, 0.1855247520055569, 0.4532230089980309, 0.13129762899735836, -0.027222204935127253], [-0.4657791255436641, -0.6401700160968795, -0.2639827907824255, 0.33708383498458205, -0.25442538564981565, 0.37380504651295543, -0.38667944818971833, -0.20896584056420928, 0.6592896823736251, 0.1699991826602056, 0.15924483936428555, 0.723145224684154, -0.05110517875904362]], "inverted": true, "swapped": false, "error_lsq": 0.04472142855630491, "error_max": 0.28302529710179536, "target": "1060.xyz", "model": "7.xyz", "model_rescale": 3.964800864290218, "target_rescale": 4.016202955359919},
{"mapping": [2, 11, 12, 7, 9, 8, 6, 10, 1, 0, 3, 5, 13], "R": [[0.18820629728857435, -0.1788011653995873, 0.9657165903683513], [-0.9773607682353855, 0.06268263273565383, 0.2020812120600628], [-0.09666601458248758, -0.9818864653334807, -0.1629559781648458]], "T": [-0.020572894419394694, 0.041780126297484496, -0.03930005460815625], "aligned_model": [[-0.49838143997085843, 0.32536034878112363, 0.40364003707618035, 0.0925377260420549, 0.653524997122243, 0.593511765200673, -0.27180942688632026, 0.5472584743737272, -0.22161761152009748, -0.6984487172228669, -0.3748061809850933, 0.3234616285134921, 0.048261309117053536], [-0.3961205652772373, 0.2781256907256332, -0.45880662038453535, -0.6386010268241151, 0.03093748182471022, -0.14891334929877953, 0.39965940342278317, 0.6286999569332515, -0.3476160016829154, 0.1309360527521265, 0.6370249715217693, 0.4467409042264112, 0.04649422986400639], [-0.1755010306342735, -0.7545652431344753, -0.41364112246848495, 0.1371670499112445, -0.17833672771482123, 0.3821185147401859, -0.420493510660077, 0.05140089372339994, 0.5698563854071859, 0.17446374531894351, 0.1755604783549443, 0.6062367284940308, -0.002806136343750716]], "inverted": false, "swapped": false, "error_lsq": 0.04344848556582795, "error_max": 0.23143100021051852, "target": "1060.xyz", "model": "8.xyz", "model_rescale": 4.121658175737393, "target_rescale": 4.016202955359919},
{"mapping": [5, 4, 0, 3, 1, 2, 9, 6, 11, 7, 7, 8, 12], "R": [[-0.12026445433262156, 0.2428603695685434, 0.9625774264531177], [-0.3623587604817762, 0.8919768965801221, -0.2703208180466406], [-0.9242470393386109, -0.38130834879441694, -0.019270532257510166]], "T": [0.04461892259550839, -0.01647333189714323, 0.04111457186190522], "aligned_model": [[-0.3583046876679691, 0.24708920451885605, 0.355789901494184, 0.2324001247376614, 0.6552908005687585, 0.6586862913619957, -0.22442805723909773, 0.31172737658546734, -0.2557583635002203, -0.5209184253597106, -0.5209184253597106, 0.22174704577731078, 0.12009012372378514], [-0.2115788824731019, 0.1371518966006036, -0.5395239912117142, -0.6604641236042752, 0.030098795492501218, -0.19155553434930017, 0.6429404947307606, 0.6229070577460334, -0.18754627927820633, 0.29837252179834256, 0.29837252179834256, 0.37736231361949696, -0.007975663066374067], [-0.3846838484058006, -0.8094928533499958, -0.4572977803166002, 0.456684147009667, -0.274864240903377, 0.31427009507091985, -0.39013587153354096, 0.035838091898272174, 0.5735989446144066, 0.23151023040417246, 0.23151023040417246, 0.6276914636892965, -0.003168583587540734]], "inverted": true, "swapped": false, "error_lsq": 0.04691345592297407, "error_max": 0.4329959886777739, "target": "1060.xyz", "model": "9.xyz", "model_rescale": 3.833441315466971, "target_rescale": 4.016202955359919},
{"mapping": [1, 13, 5, 4, 2, 3, 10, 8, 6, 12, 11, 7, 14], "R": [[-0.7212386093751176, 0.430553142925317, 0.5426222069393938], [0.6881579627858139, 0.3559388302950733, 0.6322548278523886], [0.07907898963141219, 0.8294163853007167, -0.5530054006911401]], "T": [0.007764314688301077, 0.06275743588709429, 0.008691353803533133], "aligned_model": [[-0.4977121418341284, 0.32416082626743475, 0.23796244867963412, 0.23474813399845035, 0.6791178699834066, 0.7197793765900649, -0.2829850003615009, 0.30047236240172065, -0.3110961133297836, -0.5795736298103521, -0.20222715541697733, 0.20483701826992978, 0.09500891420341251], [-0.40324723811508867, 0.014925782865081422, -0.44251183725001964, -0.6333292843483028, 0.012059823963593924, -0.1514996280299575, 0.7139396688794516, 0.7749640828725385, -0.40809524792759133, 0.10026504430526334, 0.6214097008322158, 0.33112111757886376, 0.07855914217706045], [-0.26138665089783614, -0.721577036478007, -0.3775041694711567, 0.3246885116602838, -0.243031531261593, 0.4575235183531608, -0.40018598569210106, -0.11231713007379486, 0.37998011694288136, 0.13771606296274452, 0.3390673674580967, 0.585802487497627, 0.0426844639937465]], "inverted": false, "swapped": false, "error_lsq": 0.03877623964958577, "error_max": 0.2041341540561445, "target": "1060.xyz", "model": "10.xyz", "model_rescale": 4.2482417240324, "target_rescale": 4.016202955359919},
{"mapping": [9, 8, 3, 5, 6, 1, 0, 4, 11, 7, 10, 12], "R": [[-0.9085089588059031, 0.41554255784834987, -0.043998345267346695], [-0.23780197873448589, -0.42756703052777756, 0.8721448579884088], [0.3436010632686939, 0.8028143104245897, 0.4872653202292502]], "T": [-0.011472422931842079, 0.04377598254368505, 0.07704967564830154], "aligned_model": [[-0.6859984450630212, -0.11668714819195683, 0.5266668602983021, 0.6249082938229927, -0.5589519903024549, 0.08204405820029803, -0.30696548945106394, 0.5550067027342234, 0.06376963939262853, 0.06391757511120849, -0.5127330263740829, 0.14178857218593333], [-0.18616327084430542, -0.6048881184756184, -0.4000398119921147, -0.20236329501123798, 0.6006594796475612, 0.761798260560183, 0.058429613958272196, 0.42371892628018465, -0.4058817228221327, 0.4500162658323635, 0.06841791417469978, 0.10242714874278466], [0.06714593393173919, 0.13443032016314485, 0.3692646911940859, -0.1907094466371583, -0.12589050810929214, 0.2624913083707946, 0.6632958355434061, -0.09491563284384288, -0.5734931576585146, -0.5527139774265448, -0.4574998153047528, 0.0637867386312917]], "inverted": true, "swapped": true, "error_lsq": 0.05183999197738345, "error_max": 0.28758181788507814, "target": "1060.xyz", "model": "11.xyz", "model_rescale": 3.6694154284099745, "target_rescale": 4.016202955359919},
{"mapping": [11, 6, 4, 3, 0, 1, 7, 12, 8, 9, 10, 2, 13], "R": [[-0.22110766834509152, -0.1327439011168821, -0.966173098215464], [-0.9705928316437991, -0.06674456882214275, 0.23128925114327836], [-0.09518904433110598, 0.988900510288582, -0.11408254288151654]], "T": [0.07866447303893871, 0.1421053500870859, -0.08624447950888257], "aligned_model": [[-0.41272575780035353, 0.061405413353844446, 0.3445392846829583, 0.2560651948983661, 0.7115584774004697, 0.7542181727794584, -0.367691071422583, 0.4417469180397101, -0.33359228035183536, -0.7144892063428442, -0.19842950625944877, 0.1876286672368721, 0.19225860342669693], [-0.3547136449774725, 0.031730380467803174, -0.5397115628721991, -0.5434469923455983, 0.05301061942484331, -0.09970492470283501, 0.668378194192448, 0.6691043191444115, -0.2484238815412108, 0.17372930038219905, 0.5854991536424867, 0.1104811974802572, 0.10262896950797643], [-0.324435948889765, -0.64065797537095, -0.19631232897556478, 0.4034450856976213, -0.40600247024079106, 0.3627861250989558, -0.3618691154818957, 0.14225437171638483, 0.4138846436569259, 0.03455880497031143, 0.2745181140532851, 0.5567487480969857, -0.10745802933745177]], "inverted": false, "swapped": false, "error_lsq": 0.045395155891280924, "error_max": 0.24432725618421597, "target": "1060.xyz", "model": "12.xyz", "model_rescale": 3.9764082729961374, "target_rescale": 4.016202955359919},
{"mapping": [4, 7, 3, 14, 8, 11, 0, 1, 6, 5, 9, 12, 15], "R": [[-0.7384235565975845, -0.29399352378654897, 0.6068759832398558], [-0.09823166748408081, -0.8434628712415728, -0.5281296472839023], [0.667144055332183, -0.4495978122816991, 0.5939533791691392]], "T": [0.09347344464071794, 0.10348137521275363, 0.09302388141264899], "aligned_model": [[-0.4578950358547964, 0.023432581177249306, 0.5109137848686762, 0.27058900855019724, 0.7345806484830676, 0.7650978742332672, -0.2827020565492288, 0.4084250517001642, -0.3372595914922968, -0.7160433485585035, -0.22249617652262055, 0.15301977280111945, 0.07283039680501595], [-0.15638011673380886, 0.019801346539726594, -0.4712226382928391, -0.6491922764289655, 0.11147280538204625, -0.2778544095251456, 0.4602256041003268, 0.6547068816244177, -0.45074516502582535, 0.2727549567097033, 0.6145058636779805, 0.46249338874690715, 0.017994887028584747], [-0.28688206155034573, -0.6547231541345093, -0.35853154876679333, 0.2953120192764805, -0.20458412734021042, 0.2775458139903882, -0.41524128654809594, 0.10971233708932383, 0.39462096259554325, 0.23032982436619565, 0.11574605578861445, 0.6172167313152727, 0.03093845891218775]], "inverted": false, "swapped": false, "error_lsq": 0.04426842902327049, "error_max": 0.2302828208887379, "target": "1060.xyz", "model": "13.xyz", "model_rescale": 4.170626492500431, "target_rescale": 4.016202955359919},
{"mapping": [2, 3, 1, 7, 9, 10, 6, 11, 8, 4, 5, 12, 13], "R": [[0.0621035167454802, 0.5672776103770523, -0.8211816278831046], [0.6462748945804764, -0.6498434809424352, -0.4000402616132701], [-0.7605734112121187, -0.5058651629056111, -0.40697484334494355]], "T": [0.012179819129895575, -0.052909060148839254, -0.036001491502085606], "aligned_model": [[-0.514270864594174, 0.1487310307860788, 0.4701309793912762, 0.32345758803245206, 0.812674429171391, 0.41945651546664564, -0.2825984025572282, 0.3934747098787764, -0.11167796488061407, -0.6077170205631577, -0.13577303809591673, -0.01954083449194466, 0.02614578209772651], [-0.17547356279452458, 0.11888206836787993, -0.5407057647230391, -0.7268039386876339, 0.002357206356578795, -0.051138349179366854, 0.6511382605812605, 0.5316426483238571, -0.33976462745647673, -0.02815906018019687, 0.8110253687194725, 0.30806634589455484, 0.04749453258074364], [-0.4111811651706093, -0.6896949817466068, -0.41435262433658937, 0.29019116040018833, -0.14762791106728157, 0.35444807269092843, -0.38943102793308715, -0.1481315835451975, 0.6377413568084127, 0.3077694732886278, 0.2067887121942944, 0.5999204200183328, -0.04497987660736097]], "inverted": true, "swapped": false, "error_lsq": 0.047987130903989504, "error_max": 0.26112555035862023, "target": "1060.xyz", "model": "14.xyz", "model_rescale": 3.9786697098870705, "target_rescale": 4.016202955359919},
{"mapping": [0, 9, 1, 2, 6, 7, 8, 11, 4, 3, 10, 12], "R": [[0.8530127285418179, -0.07699462454814793, -0.5161793416404157], [0.09089656966685733, 0.9958589442467558, 0.0016663692674913182], [0.5139135127319006, -0.04834036568363159, 0.8564789025289132]], "T": [0.01354378179076261, -0.06444470757304382, -0.022752584843113342], "aligned_model": [[-0.1972494451460972, -0.6582436359415417, 0.5358897970172852, 0.6042655629875848, -0.0745953023505131, 0.3118409069243591, -0.47005393114529764, -0.21944720986039093, 0.6899343154822286, 0.16627849585632828, -0.37510605096260213, 0.16984109390599328], [-0.44753549150757715, 0.06462872679100223, 0.07059275872714713, -0.5627096353615908, 0.5339616543507182, 0.6154246927329601, -0.3665921818586599, 0.2510572772039575, 0.06038925480214913, -0.683569411979891, 0.5570421381345776, -0.0780152918103539], [-0.5126741173442829, -0.22274561671862586, -0.5400624012880763, -0.11966291181675262, -0.5567742623754275, 0.10418638462709542, 0.30886157129850306, 0.6680680093170037, 0.12469108374129215, 0.38383402395968985, -0.004920486000586803, 0.027165216473997812]], "inverted": false, "swapped": true, "error_lsq": 0.049572949126789105, "error_max": 0.21914869043094043, "target": "1060.xyz", "model": "15.xyz", "model_rescale": 3.769337070930944, "target_rescale": 4.016202955359919},
{"mapping": [5, 11, 2, 3, 4, 7, 1, 10, 0, 8, 12], "R": [[-0.08494205151478096, 0.6237680118503198, -0.7769802541099484], [0.0394297649753349, -0.7770833707567344, -0.6281613873260136], [-0.9956054145686686, -0.08399346573187372, 0.0414120296037081]], "T": [0.046711347258863625, 0.0546944866331161, 0.14401090447243362], "aligned_model": [[-0.3916743654598937, -0.3362252893713008, -0.020924550880704093, -0.5900224156683196, 0.2039098199917434, 0.45275945090988734, 0.6583690924946367, 0.3049372222337873, 0.11523693326086822, -0.519094268405055, 0.04535450158552065], [-0.03534738237407059, -0.617701106267051, 0.7323045127000747, 0.4008071526459076, 0.17014177874204434, -0.40605986933775445, 0.41712636496032013, -0.5955810436535962, 0.497382933713387, -0.07348805953725568, 0.10647921603333621], [-0.43648055704056465, -0.035719718626031766, -0.23398619918710442, -0.07216518236287581, -0.5318499322021818, -0.2920480815384595, -0.08665738416609595, 0.3632680773077302, 0.6241636136713555, 0.45795521938852835, -0.012262248020523642]], "inverted": false, "swapped": true, "error_lsq": 0.044710214120456795, "error_max": 0.2472652682372227, "target": "1060.xyz", "model": "16.xyz", "model_rescale": 3.7852294659196426, "target_rescale": 4.016202955359919},
{"mapping": [11, 7, 6, 10, 5, 4, 2, 1, 9, 8, 3, 0, 12], "R": [[0.994717822211843, -0.0949153521759798, 0.039083629506973874], [0.09744084126221086, 0.992861521770319, -0.06878430810903907], [-0.03227594504025087, 0.07222931890331186, 0.9968656824580344]], "T": [0.05367057100344752, 0.11204112206300361, 0.02421839335340327], "aligned_model": [[-0.44512926086911286, 0.1524531145964684, 0.3890608061670846, 0.2761827901119075, 0.676282904404831, 0.6636975998740307, -0.22393849002687288, 0.4065203023756256, -0.4116226645853917, -0.5672858640675581, -0.087752034711674, 0.06969368759852057, 0.024330018773451978], [-0.25745599224855814, 0.007288561850096034, -0.5611352591104268, -0.6379392782981735, 0.09398852248810229, 0.11811114476213579, 0.4726010514092715, 0.6564536223550981, -0.43148699597016554, 0.10860570886358949, 0.8336980346271632, 0.17906561738344784, 0.026766389691528905], [-0.36642554256856624, -0.6618544274073055, -0.446674573135914, 0.21728000709538253, -0.18610753587420198, 0.38424181476006, -0.3844584565095993, -0.20679297182883533, 0.5093381469549566, 0.22070558105918442, 0.3270489042066963, 0.7031868259777352, 0.041972252264459026]], "inverted": true, "swapped": false, "error_lsq": 0.046547820507180565, "error_max": 0.27990419817878087, "target": "1060.xyz", "model": "17.xyz", "model_rescale": 3.901054581598922, "target_rescale": 4.016202955359919},
{"mapping": [8, 4, 1, 0, 6, 7, 10, 11, 3, 5, 9, 12, 14], "R": [[-0.8845407015371931, 0.4448792458451007, 0.14025050424288948], [-0.2390198160047609, -0.17407820889745973, -0.9552833635859586], [-0.40057118578492446, -0.8785096663118437, 0.2603142165067298]], "T": [-0.02857404460764873, 0.011569049976709385, 0.02010585285307185], "aligned_model": [[-0.4276691338177691, -0.0013415111812695064, 0.4016449446297151, 0.1522661434043973, 0.6684701906679926, 0.5658415947701567, -0.11155056134960545, 0.41804499632243636, -0.02711695871005569, -0.6380892346657672, -0.3105381105199085, 0.25224849079362077, -0.01971794070263263], [-0.32264896144898203, -0.013187077273959617, -0.44728099453738385, -0.6887838964014013, 0.180004533317469, -0.14813258148844777, 0.6503146768611335, 0.662238618434939, -0.3145765002870837, 0.147754245689373, 0.582604068011947, 0.2686724364615908, 0.05158256046391499], [-0.39152466441562533, -0.7699697721326241, -0.27998381272178896, 0.24881329785378073, -0.20234541662161942, 0.2667684977097385, -0.48741032416422914, 0.13796820429638945, 0.7107814977520285, 0.014549545379633683, 0.18923566999368308, 0.6580805046583136, 0.05649679740637158]], "inverted": true, "swapped": false, "error_lsq": 0.048010686655373544, "error_max": 0.30257411421475966, "target": "1060.xyz", "model": "18.xyz", "model_rescale": 3.9405287249114394, "target_rescale": 4.016202955359919},
{"mapping": [12, 13, 7, 8, 9, 5, 14, 11, 1, 3, 10, 2, 15], "R": [[0.2310696462606231, 0.8598653364847422, -0.45523446891571323], [0.8522248919644877, 0.04685301754903981, 0.5210734384543764], [0.4693820960508696, -0.5083664011896639, -0.7219723332984178]], "T": [-0.0014023087481631058, -0.11508951213649521, -0.05088290864007687], "aligned_model": [[-0.48751825267344634, 0.13528902455501976, 0.4729223912040918, 0.4871989037641093, 0.7330805165595209, 0.6556776580808343, -0.3102276686020595, 0.3754545179833865, -0.42078904596479816, -0.7376016635803042, -0.10400558514506512, 0.12059587145294842, 0.0024162420070733513], [-0.17602719036274203, 0.15399718589205208, -0.4843994942518418, -0.5940283052577134, -0.01452723678595115, -0.0015794743906935027, 0.5155361322541061, 0.49012574830590316, -0.27652888692388594, 0.24114583397222122, 0.6042590723204206, 0.24013166329842972, -0.0895439202671959], [-0.29607049120374995, -0.6510809373904705, -0.4172867364946838, 0.27185327326564784, -0.2494579701682016, 0.44572964786833197, -0.37749759879383576, -0.15531768528695222, 0.43240946342312875, 0.18688900517967444, 0.24897408837513096, 0.7328642722564759, -0.020548306036444294]], "inverted": false, "swapped": false, "error_lsq": 0.04135607570981108, "error_max": 0.21127354634892295, "target": "1060.xyz", "model": "19.xyz", "model_rescale": 4.410303926677745, "target_rescale": 4.016202955359919},
{"mapping": [2, 11, 12, 7, 9, 8, 6, 10, 1, 0, 3, 5, 13], "R": [[0.18820629728857435, -0.1788011653995873, 0.9657165903683513], [-0.9773607682353855, 0.06268263273565383, 0.2020812120600628], [-0.09666601458248758, -0.9818864653334807, -0.1629559781648458]], "T": [-0.020572894419394694, 0.041780126297484496, -0.03930005460815625], "aligned_model": [[-0.49838143997085843, 0.32536034878112363, 0.40364003707618035, 0.0925377260420549, 0.653524997122243, 0.593511765200673, -0.27180942688632026, 0.5472584743737272, -0.22161761152009748, -0.6984487172228669, -0.3748061809850933, 0.3234616285134921, 0.048261309117053536], [-0.3961205652772373, 0.2781256907256332, -0.45880662038453535, -0.6386010268241151, 0.03093748182471022, -0.14891334929877953, 0.39965940342278317, 0.6286999569332515, -0.3476160016829154, 0.1309360527521265, 0.6370249715217693, 0.4467409042264112, 0.04649422986400639], [-0.1755010306342735, -0.7545652431344753, -0.41364112246848495, 0.1371670499112445, -0.17833672771482123, 0.3821185147401859, -0.420493510660077, 0.05140089372339994, 0.5698563854071859, 0.17446374531894351, 0.1755604783549443, 0.6062367284940308, -0.002806136343750716]], "inverted": false, "swapped": false, "error_lsq": 0.04344848556582795, "error_max": 0.23143100021051852, "target": "1060.xyz", "model": "20.xyz", "model_rescale": 4.121658175737393, "target_rescale": 4.016202955359919},
{"mapping": [2, 0, 1, 6, 5, 8, 3, 7, 10, 4, 11, 9, 12], "R": [[0.7680476679728869, 0.6399249393936534, 0.02447144587961894], [-0.5666254385328117, 0.661273857946175, 0.4915816282210729], [0.29839301622006686, -0.3914242669265807, 0.8704875938990053]], "T": [0.10110979883032131, -0.000952528894632744, 0.07048280303747645], "aligned_model": [[-0.4481274857082158, 0.3272783408605718, 0.18110216168551385, 0.12770262016200473, 0.709984417219097, 0.6736683262509351, -0.1317452843329406, 0.2158171897215882, -0.3340115604259257, -0.4671788106051856, -0.330045860468434, 0.26341162428406084, 0.13463723099824138], [-0.4186250916000562, 0.22332054284815286, -0.4233850038666084, -0.6120750584754404, 0.13379197508360244, -0.21800405498731915, 0.354003571745828, 0.6645988319189539, -0.2192099046388782, 0.07666015465239834, 0.7089011240036146, 0.2715460516893818, 0.0670379894294795], [-0.24590251559304427, -0.8706405206484593, -0.47497745396328506, 0.29058854527171607, -0.20341343227131065, 0.3511400145344644, -0.4794493562432198, -0.03296602629995546, 0.6801598998020051, 0.057995622995384466, 0.3616555903350689, 0.720148498772385, -0.0028788416976973374]], "inverted": true, "swapped": false, "error_lsq": 0.05185123269154859, "error_max": 0.3267922763576324, "target": "1060.xyz", "model": "21.xyz", "model_rescale": 4.08911054899281, "target_rescale": 4.016202955359919},
{"mapping": [7, 9, 14, 4, 15, 2, 5, 11, 0, 6, 8, 1, 16], "R": [[-0.06941488518630648, -0.20771406516134966, 0.9757235473476688], [-0.7865252586575497, 0.6130417734449686, 0.07455066401530108], [-0.6136445153411269, -0.7622562896727021, -0.20592658314593384]], "T": [0.05353337837539028, -0.041150790053097686, -0.08021171750481848], "aligned_model": [[-0.5631921786711788, 0.11488770751164011, 0.47977624340071806, 0.1730135117464403, 0.7530020697415691, 0.5941603815463875, -0.15930657255494074, 0.3487836217385738, -0.33769903056414824, -0.6240903551749356, -0.1645346736743729, 0.27223591537523634, 0.03545626922032199], [-0.38421788122245487, 0.14313692677469958, -0.2987705470924617, -0.5842418635538262, 0.16438071528562526, -0.23071048626699397, 0.5045249441860362, 0.6625346454842067, -0.30006475861300186, 0.15021426336854315, 0.554552346198961, 0.30596093726051404, -0.0787381140067387], [-0.1682500401355273, -0.7656468313450395, -0.48489883954484925, 0.3405836834695995, -0.07749731041357755, 0.35915532084341106, -0.4734879592214062, -0.020653914782567534, 0.5362135879939102, 0.16426654453419817, 0.19969204487567532, 0.599259422674977, -0.057275683954751994]], "inverted": false, "swapped": false, "error_lsq": 0.041007923286265416, "error_max": 0.26652435846698724, "target": "1060.xyz", "model": "22.xyz", "model_rescale": 4.204369325754507, "target_rescale": 4.016202955359919},
{"mapping": [12, 13, 7, 8, 9, 5, 14, 11, 1, 3, 10, 2, 15], "R": [[0.2310696462606231, 0.8598653364847422, -0.45523446891571323], [0.8522248919644877, 0.04685301754903981, 0.5210734384543764], [0.4693820960508696, -0.5083664011896639, -0.7219723332984178]], "T": [-0.0014023087481631058, -0.11508951213649521, -0.05088290864007687], "aligned_model": [[-0.48751825267344634, 0.13528902455501976, 0.4729223912040918, 0.4871989037641093, 0.7330805165595209, 0.6556776580808343, -0.3102276686020595, 0.3754545179833865, -0.42078904596479816, -0.7376016635803042, -0.10400558514506512, 0.12059587145294842, 0.0024162420070733513], [-0.17602719036274203, 0.15399718589205208, -0.4843994942518418, -0.5940283052577134, -0.01452723678595115, -0.0015794743906935027, 0.5155361322541061, 0.49012574830590316, -0.27652888692388594, 0.24114583397222122, 0.6042590723204206, 0.24013166329842972, -0.0895439202671959], [-0.29607049120374995, -0.6510809373904705, -0.4172867364946838, 0.27185327326564784, -0.2494579701682016, 0.44572964786833197, -0.37749759879383576, -0.15531768528695222, 0.43240946342312875, 0.18688900517967444, 0.24897408837513096, 0.7328642722564759, -0.020548306036444294]], "inverted": false, "swapped": false, "error_lsq": 0.04135607570981108, "error_max": 0.21127354634892295, "target": "1060.xyz", "model": "23.xyz", "model_rescale": 4.410303926677745, "target_rescale": 4.016202955359919},
{"mapping": [0, 1, 3, 4, 10, 8, 7, 11, 5, 12, 13, 15, 16], "R": [[0.6103189070163263, -0.6703208595771536, 0.42211464906366747], [0.604027349460852, 0.7385519745048051, 0.2994861299932797], [-0.5125054076219048, 0.07218674511847682, 0.8556443659532305]], "T": [0.09140279381765326, 0.17454597854895193, 0.0990190473156418], "aligned_model": [[-0.425331363650126, 0.23318696050094545, 0.21555430036895157, 0.284848907683833, 0.6913519243479518, 0.7178331028896192, -0.24463800952065706, 0.41614977694153316, -0.20287736484375302, -0.700366422830123, -0.4000574103264148, 0.2362412624982134, 0.10059724558133695], [-0.21106227529436705, 0.13878742559223026, -0.5402611866745886, -0.47705361009718894, 0.011877456633101136, -0.23894341779528683, 0.45579705809770443, 0.6533391652431944, -0.22600972965876687, 0.04755295616422783, 0.6688834508021191, 0.23241842729299667, 0.09323540749773349], [-0.29427206135596107, -0.746530434109723, -0.4328532161087545, 0.20801881840440878, -0.09433021963219583, 0.4341582038481669, -0.40088624914229964, -0.15792057192956832, 0.4844491269258908, 0.1551449292085582, 0.19003528267042474, 0.7954289758070353, 0.011017440408069276]], "inverted": false, "swapped": false, "error_lsq": 0.03984969526037166, "error_max": 0.19824040254646721, "target": "1060.xyz", "model": "24.xyz", "model_rescale": 4.28219845311461, "target_rescale": 4.016202955359919},
{"mapping": [13, 2, 4, 3, 0, 1, 14, 6, 9, 12, 10, 5, 15], "R": [[0.46895249040870823, 0.02661106103984623, 0.8828224131555589], [0.7354674431135604, -0.5652261265325219, -0.37364028959019335], [0.48905132845077964, 0.824506687247214, -0.2846357687030083]], "T": [0.008554848175314315, -0.017892665710033423, 0.04156397126982023], "aligned_model": [[-0.38321481574485033, 0.06666288441763021, 0.41308365198447744, 0.3681481863271387, 0.7023509254856249, 0.5619478688971755, -0.33970047377100304, 0.4766824151179125, -0.35762840048835914, -0.7468870734736074, -0.05981301361226588, 0.15092837242616705, 0.06993238207527035], [-0.24099490516635322, 0.13616220778364882, -0.5256222021107447, -0.6058176711557363, 0.06551031010321881, -0.09145666380066453, 0.5726113877051501, 0.6955772929518983, -0.3697416718081393, 0.095684209549624, 0.7533521935172043, 0.1383614987612886, -0.015064858527286042], [-0.3452930800016548, -0.6230190381916213, -0.29491149259160054, 0.39523354020150336, -0.37944092035274235, 0.3549677071249093, -0.290351407299679, -0.24828829129917576, 0.4876422034049053, 0.012794253602435052, 0.21538002754204952, 0.8665458477931183, 0.000200675061604684]], "inverted": true, "swapped": false, "error_lsq": 0.045863579113369905, "error_max": 0.23144196072583365, "target": "1060.xyz", "model": "25.xyz", "model_rescale": 4.100010024507729, "target_rescale": 4.016202955359919},
{"mapping": [9, 8, 3, 5, 6, 1, 0, 4, 11, 7, 10, 12], "R": [[-0.9085089588059031, 0.41554255784834987, -0.043998345267346695], [-0.23780197873448589, -0.42756703052777756, 0.8721448579884088], [0.3436010632686939, 0.8028143104245897, 0.4872653202292502]], "T": [-0.011472422931842079, 0.04377598254368505, 0.07704967564830154], "aligned_model": [[-0.6859984450630212, -0.11668714819195683, 0.5266668602983021, 0.6249082938229927, -0.5589519903024549, 0.08204405820029803, -0.30696548945106394, 0.5550067027342234, 0.06376963939262853, 0.06391757511120849, -0.5127330263740829, 0.14178857218593333], [-0.18616327084430542, -0.6048881184756184, -0.4000398119921147, -0.20236329501123798, 0.6006594796475612, 0.761798260560183, 0.058429613958272196, 0.42371892628018465, -0.4058817228221327, 0.4500162658323635, 0.06841791417469978, 0.10242714874278466], [0.06714593393173919, 0.13443032016314485, 0.3692646911940859, -0.1907094466371583, -0.12589050810929214, 0.2624913083707946, 0.6632958355434061, -0.09491563284384288, -0.5734931576585146, -0.5527139774265448, -0.4574998153047528, 0.0637867386312917]], "inverted": true, "swapped": true, "error_lsq": 0.05183999197738345, "error_max": 0.28758181788507814, "target": "1060.xyz", "model": "26.xyz", "model_rescale": 3.6694154284099745, "target_rescale": 4.016202955359919},
{"mapping": [7, 8, 9, 12, 10, 11, 5, 4, 6, 1, 0, 2, 13], "R": [[-0.24558584324118318, 0.17640759032076955, 0.9531883107113395], [-0.9639941682130868, 0.05901584341026289, -0.2592920628899673], [-0.10199430008915389, -0.9825464326451934, 0.15556243262924604]], "T": [0.06106985330151703, 0.011966067493870837, -0.06279423946460451], "aligned_model": [[-0.34790455232311135, 0.2631459033745729, 0.3663823445936917, 0.20136804284697213, 0.6451593287303625, 0.7193811489195278, -0.517602184035421, 0.4445414444346184, -0.2934545659020733, -0.7639921133959917, -0.1599858446409459, 0.2861196991915841, 0.07933425784752514], [-0.24065966905610423, 0.19045841922298784, -0.5258091142453744, -0.5888236801629974, 0.11621164121985736, -0.3158688417663954, 0.46324853102631947, 0.735767505059746, -0.19458628557825972, 0.15881939510758175, 0.5725261493760584, 0.2069345317130256, 0.030342545886663564], [-0.4690560977469299, -0.6421584968978108, -0.34992778337168723, 0.43630586119468606, -0.16210720409879958, 0.3791627489146282, -0.35853282509987805, -0.1305554958014426, 0.48751385009352166, 0.21533074138711328, 0.2089411394254978, 0.5483272795708195, -0.011783692575666624]], "inverted": false, "swapped": false, "error_lsq": 0.04512142352769946, "error_max": 0.2819702576802257, "target": "1060.xyz", "model": "27.xyz", "model_rescale": 4.103607728864725, "target_rescale": 4.016202955359919},
{"mapping": [10, 5, 6, 11, 7, 8, 0, 1, 13, 12, 2, 4, 14], "R": [[-0.21183726404741599, -0.9326219945367238, -0.2921321428176789], [-0.07095538251980571, -0.28345033030188954, 0.9563583240309137], [-0.9747257600229788, 0.2233206787516398, -0.006129207904248646]], "T": [-0.06678354350807916, -0.07411001993663302, -0.09218622455108631], "aligned_model": [[-0.41694884518434006, 0.4165725169679263, 0.22014737501947487, 0.23128220499377602, 0.6523270175396656, 0.5762271374854651, -0.09504983057921143, 0.378535481173769, -0.10371344087017552, -0.7463358389884746, -0.28852354471499864, 0.13353466607194733, -0.03556198927351298], [-0.37161970434067815, 0.07086239063727606, -0.47596047199496144, -0.6609820435462878, -0.03454472684935264, -0.028500448253967497, 0.5425564769267948, 0.7031992977147287, -0.24788580452559705, 0.11307839068782644, 0.5395182401656965, 0.38073108854464977, 0.0781084426369808], [-0.312748065070998, -0.6217996017946894, -0.4889911199661012, 0.10478908083927262, -0.12954708824424543, 0.414505997518448, -0.4508158240587779, -0.11068008903774497, 0.530959578872973, 0.39818383342548924, 0.2478320639285549, 0.665838490138803, -0.09606723155693207]], "inverted": true, "swapped": false, "error_lsq": 0.04895097785944551, "error_max": 0.2493491981723986, "target": "1060.xyz", "model": "28.xyz", "model_rescale": 4.137296879288765, "target_rescale": 4.016202955359919},
