[{"mapping": [7, 5, 12, 9, 11, 1, 6, 4, 15, 2, 3, 16], "R": [[-0.658345553765738, -0.6168580257006124, -0.431355199302879], [0.6961684683818152, -0.2810700091588677, -0.6605672665083786], [0.28623521004202335, -0.7351774112961964, 0.6144782977876616]], "T": [-0.04373120592721239, 0.06156094235507269, 0.03701143780942154], "aligned_model": [[-0.24929976200816908, 0.13154565685643094, 0.29861248358904646, -0.19351259054868553, -0.06389110609647283, -0.4898317922184318, 0.3657897877177282, -0.22660074822838575, 0.7085409862683929, 0.05171043371448341, -0.5603082898107776, 0.06488740322538955], [-0.3493562478908785, -0.729403247206094, -0.2557936651486767, 0.7429196847514158, 0.35892534944255583, -0.5653764006023515, -0.36338338622194233, -0.43946669174115716, 0.14487419132406554, 0.3609437211532362, 0.11166307311088057, 0.037008655006003435], [-0.46730820548258434, -0.11690621796423739, -0.5782740081642089, -0.18128684780349966, -0.6817940984869142, 0.09217940043407266, 0.44283318084002965, 0.6200408896710035, 0.20786207202293708, 0.4669588451843716, 0.3967587559088558, -0.019112020806263452]], "inverted": true, "swapped": true, "error_lsq": 0.04181251924795649, "error_max": 0.241371091814143, "target": "1061.xyz", "model": "0.xyz", "model_rescale": 3.751011558992144, "target_rescale": 4.2673951996395525},
{"mapping": [6, 15, 5, 4, 14, 7, 13, 2, 12, 0, 11, 8, 3, 1, 16], "R": [[-0.7924125585153949, 0.5993310030459785, -0.11351073030769998], [-0.20317929071346535, -0.434794556801426, -0.8773094489409224], [-0.5751525996918202, -0.6721279953727216, 0.46630831528505673]], "T": [0.11822155404774748, 0.034040279972952524, 0.012924634450169914], "aligned_model": [[0.06095310394150552, 0.14675332235161612, -0.5407350635404795, 0.26154047234373096, -0.2711489807439812, -0.47733876964070554, 0.46322673166987377, 0.6091316235871997, -0.6088799680890373, 0.036226170084789205, -0.21577990137035058, 0.6723316933157959, 0.5195448758169388, -0.15592211036054454, 0.039183011722683334], [0.06519222526331961, -0.5522853855358111, 0.29769101971411044, 0.6193140749578847, -0.7499594732869929, 0.2846999950092061, -0.6030322140435457, -0.08883077669030445, -0.22611597553106402, 0.4583064070137295, -0.316370801410302, 0.1549738908872615, 0.5089695730349997, 0.748753838230937, -0.052549047786322335], [-0.7003258788122922, -0.49447327644311645, -0.4069580112080087, -0.4982578906129703, 0.09033050789456334, 0.23184763279676202, 0.10947479859093634, -0.15291846907262271, 0.024388835727728285, 0.5276980857910023, 0.6221606420941685, 0.4856876058208735, 0.12320608336784594, -0.08262352142446941, -0.029570739658424418]], "inverted": false, "swapped": true, "error_lsq": 0.03273455331853768, "error_max": 0.1815939616749295, "target": "1061.xyz", "model": "1.xyz", "model_rescale": 3.9405287249114394, "target_rescale": 4.2673951996395525},
{"mapping": [9, 14, 11, 6, 10, 0, 2, 15, 5, 1, 4, 3, 16], "R": [[-0.6309383284448045, -0.7574300599315267, -0.16797776641984483], [0.49629285456498745, -0.22761271965029523, -0.837786280838456], [0.5963306366496797, -0.6119576408261604, 0.51951671544568]], "T": [-0.11375045672141085, 0.021679388179468913, 0.05867685525188343], "aligned_model": [[-0.3950232424793211, 0.3243891371595884, -0.36357211232402087, 0.4372017437630229, 0.5226767476329821, -0.7735960325507705, 0.06024546968263156, 0.6417488887428141, 0.10289306580857921, -0.4523999515651739, -0.0714048467915068, -0.5146721043462628, -0.022503483448630734], [0.6963751339646783, 0.467728032557963, 0.4521296242491095, -0.3991668577424745, -0.11196704564573828, -0.05570392840160906, 0.23834534206421293, 0.19849657294707684, -0.6776349060822967, -0.671418625334166, -0.6125285477113218, -0.09440298881141879, 0.028580787518001277], [0.05557667268995087, -0.5588431839705228, -0.5394996620464381, 0.23844482741844636, -0.3902214360280059, -0.042971234371577044, 0.5129622390678936, 0.05963078905288802, -0.32087824554542405, 0.06427439842339, 0.5281238115103407, 0.5325618140737214, -0.026040440686018934]], "inverted": true, "swapped": true, "error_lsq": 0.0394176639846371, "error_max": 0.2740776861540587, "target": "1061.xyz", "model": "2.xyz", "model_rescale": 3.932901565614263, "target_rescale": 4.2673951996395525},
{"mapping": [0, 4, 3, 7, 8, 13, 2, 11, 12, 14, 6, 5, 15, 16], "R": [[-0.32890605896987524, -0.6382589482776468, 0.6960217807773096], [-0.6511988492880707, 0.6870605194620691, 0.3223164613891209], [-0.6839304519165658, -0.347236745665006, -0.6416118603962822]], "T": [0.03988889784401539, -0.1359941501792857, -0.05964217752409716], "aligned_model": [[-0.34889647400642626, 0.7064376608691373, 0.1430198464332394, -0.2193983551313552, -0.26226923605237024, -0.15146275331974757, 0.2621403130320796, -0.6948651412681205, -0.1862735315841773, -0.3200797248481337, 0.7090768801350407, 0.373541538978049, 0.36782554293565806, 0.041013345879830826], [0.09520362903365132, 0.03140621064415014, -0.2872754485009878, 0.4935664186455918, -0.6053047698720128, -0.7357201176715588, -0.6182343909573875, -0.03414010640092657, 0.39442216820246334, -0.1460297852294455, -0.0259959991663333, 0.5961746547996637, -0.3928054342289736, -0.10177039094740625], [-0.5567439953369931, -0.4496205962518345, -0.6640081396702482, -0.10292360222795344, -0.5429803781161553, 0.3117406154623894, -0.10017101353042628, 0.175465599807887, 0.454165581654296, 0.741967810204099, 0.1707146432412297, 0.12102804313849257, 0.5949951335165279, 0.060266661165786634]], "inverted": true, "swapped": true, "error_lsq": 0.04087191374013577, "error_max": 0.2937075368317249, "target": "1061.xyz", "model": "3.xyz", "model_rescale": 3.9243930471874484, "target_rescale": 4.2673951996395525},
{"mapping": [9, 11, 13, 2, 15, 0, 3, 14, 10, 7, 6, 1, 16], "R": [[0.1783559384324523, 0.9339057327315531, 0.3098535809007548], [0.9572298321320237, -0.23759113791175462, 0.16511056799095458], [0.22781617085355757, 0.26715264093199403, -0.9363382181352441]], "T": [-0.024070668664874242, -0.13936350097593123, -0.0022168751968910244], "aligned_model": [[-0.011426641490094022, -0.25871483607101303, 0.5065360718588713, 0.3489506052873824, 0.7028106281919735, -0.660028594622948, -0.2740427043354815, 0.34125222201009636, 0.3430436981726745, -0.5595477528094711, 0.34955782059467894, -0.5835551899004798, 0.03237055942516283], [-0.5276193500590801, 0.059294076750246366, -0.3365806025470244, -0.5097777229970325, 0.1320492894500044, -0.32567060513290763, -0.6551596856429274, 0.3794836273407408, 0.5603765917258726, 0.2804699675419884, 0.129818167035723, -0.02595561122937888, -0.03289858855463748], [-0.6214388586165039, -0.7170530051608399, -0.4645736326610256, 0.08288518841137017, -0.0070299084012017815, -0.1143055682150213, 0.26282749324982474, -0.6101589272921282, -0.0010019852081100261, -0.051752944552726346, 0.5463443295580553, 0.5166428266735075, -0.03431469241423679]], "inverted": false, "swapped": true, "error_lsq": 0.043105658977601144, "error_max": 0.29249815142370833, "target": "1061.xyz", "model": "4.xyz", "model_rescale": 3.8936222436046832, "target_rescale": 4.2673951996395525},
{"mapping": [4, 0, 5, 6, 12, 11, 9, 14, 15, 2, 10, 16], "R": [[-0.087231963458622, -0.9887868127122391, 0.1212073576872505], [-0.8708681182114492, 0.016612403571361234, -0.4912359399824403], [0.4837140738432191, -0.14840709906858793, -0.8625520434803011]], "T": [-0.10903384691283646, -0.24851119638022018, -0.023760521470371613], "aligned_model": [[0.16247219668361135, -0.6949262644913066, -0.2291925107169243, 0.39968457734994667, -0.41971479188131494, -0.6387703249314413, -0.2772277536886939, -0.11033893491962796, 0.49775884220742384, 0.32455389736818907, 0.10241657674300061, -0.0891674675077654], [-0.5751583287344036, -0.5755643970649729, 0.20060152419807936, -0.038031974320773654, 0.454318743307719, 0.05561838026906629, -0.4367852345934908, 0.49653787537495947, 0.2143743613117562, -0.502509171359118, 0.5012053850577327, -0.1256842583367467], [-0.6900783289638495, -0.062269931965472966, -0.7048600973635463, -0.48188766063476546, -0.10119923913907908, 0.4583161069313357, 0.6622438785001641, 0.442240415375662, 0.11618261243087652, 0.15253645707083288, -0.1565174327153402, -0.015422060251299368]], "inverted": true, "swapped": true, "error_lsq": 0.042308203713173974, "error_max": 0.23556299846719753, "target": "1061.xyz", "model": "5.xyz", "model_rescale": 3.6523030999806103, "target_rescale": 4.2673951996395525},
{"mapping": [5, 1, 0, 12, 11, 6, 8, 10, 2, 13, 9, 14, 16], "R": [[0.5342018657943077, -0.6278778869066648, 0.5660368589725424], [-0.8373021389129176, -0.4852035057187336, 0.2519973932605335], [0.11641947755308643, -0.6085613503763383, -0.7849201157279599]], "T": [-0.07657265507004055, -0.015046978789070561, 0.09243357396291134], "aligned_model": [[0.24609567872651092, -0.11331273716648463, 0.04830085035383154, 0.6422932271470968, 0.5590685258575908, -0.30756512849054685, -0.416373254278519, 0.33442268554243115, -0.5226512406670244, -0.1264549188450748, -0.01660841499409174, 0.5494962270873858, 0.004371404391189229], [-0.5880764419931859, -0.08341883179526537, 0.5008952471604733, -0.29625302389237745, 0.3776269307338156, -0.6896698954128564, 0.6323673095621115, -0.6592885381379896, -0.019230151852890672, 0.09105753172902077, 0.5730847886057557, -0.20285317358509009, -0.09541484695833814], [0.5899869411701373, 0.8599458704559938, 0.5046555079695211, 0.11781727471686916, -0.12500814484129175, 0.15953656444175546, -0.010319060085941328, -0.10867901846496082, -0.19841058441363085, -0.6289993487835343, -0.33750090315394476, -0.49495325233619064, 0.042037892807006746]], "inverted": false, "swapped": true, "error_lsq": 0.04624127925273799, "error_max": 0.23153893306609946, "target": "1061.xyz", "model": "6.xyz", "model_rescale": 4.08911054899281, "target_rescale": 4.2673951996395525},
{"mapping": [1, 3, 0, 5, 10, 14, 7, 11, 6, 4, 15, 2, 13, 9, 16], "R": [[-0.7832788797797371, -0.5349091617499702, 0.3167749756008909], [0.27782347353055614, 0.15464666269779015, 0.9481025932207194], [-0.5561369561955195, 0.8306362611831852, 0.027478856621094894]], "T": [0.07274261489910265, -0.09472274386309606, 0.0217867743941167], "aligned_model": [[-0.009836346327348061, 0.33842053049087734, 0.5923941083502231, -0.4734456868306269, -0.5257764208552678, -0.04519707498880034, 0.1536352209441405, 0.5281341892854271, -0.621952143299442, -0.31237426936671464, -0.4724109027548617, 0.02958920572047804, 0.18383473539487488, 0.6700073488392223, 0.0013110451973725595], [-0.7302038973632744, -0.6231760371720817, -0.38899634519054216, -0.266617272835378, 0.3533035510201803, 0.7597059031493534, -0.15516148672810576, 0.4272749285633307, -0.23825035319892993, -0.7788068677433299, 0.3682775403363341, -0.12231189143728924, 0.4500951224189884, 0.24661467799390854, -0.0009887556440515421], [-0.4076827680566643, 0.24299392151498386, -0.2865670299711957, -0.5716503179057155, -0.23406090404633878, -0.14643513985299392, -0.6529377736602374, -0.3326851640536617, 0.12065755891571728, 0.1118267559352378, 0.32259047589472556, 0.5518533269507163, 0.496174698732073, 0.2689748456112452, -0.01898245392581084]], "inverted": false, "swapped": true, "error_lsq": 0.037602654307567, "error_max": 0.19874132976118739, "target": "1061.xyz", "model": "7.xyz", "model_rescale": 3.964800864290218, "target_rescale": 4.2673951996395525},
{"mapping": [7, 0, 11, 5, 14, 4, 10, 9, 3, 2, 6, 15, 13, 16], "R": [[-0.8085568368205247, -0.030378963914763968, 0.5876333552328804], [0.5368706447323619, 0.37067408225502774, 0.7578724401698816], [-0.24084383416530558, 0.9282660412273295, -0.2834014894962558]], "T": [0.05855234398801783, -0.1285371133096641, 0.08425364489590317], "aligned_model": [[-0.19092728706345702, 0.2605182745118211, 0.4540718360993355, -0.7157149513789511, 0.1659558497540805, -0.44787328778748553, -0.4075014655689378, 0.7784981431364357, 0.20481699185273172, 0.24698201289328842, -0.5255081023187544, -0.11274360337580776, 0.5389940803621328, 0.011619398344440597], [-0.23542094730178897, -0.6068450943363604, 0.17116810779761804, -0.09858020118078825, 0.7014209972049156, -0.6127618886863213, 0.504854854904888, -0.03153820162196064, -0.7113158995125438, -0.12173447705033269, 0.004773466148729422, 0.5152769041897246, 0.34765859789884934, -0.016007752273426545], [-0.5416740113237086, -0.3425342812976404, -0.5151248023214021, -0.19796915945397472, -0.1838707990840691, 0.4495654949086435, 0.006670832177539887, 0.002966512208499736, 0.278562108727423, 0.5822917076411315, 0.47678147601939436, 0.482004442637074, 0.36106631077398055, 0.05807920711213029]], "inverted": false, "swapped": true, "error_lsq": 0.04353343388000676, "error_max": 0.2775535828554714, "target": "1061.xyz", "model": "8.xyz", "model_rescale": 4.121658175737393, "target_rescale": 4.2673951996395525},
{"mapping": [2, 6, 4, 3, 15, 13, 12, 11, 7, 14, 8, 0, 16], "R": [[-0.22144835956384007, 0.9052948585938133, 0.36249392139743886], [0.9361629654449887, 0.0932711163958666, 0.33896814153473853], [0.27305590302304406, 0.41441732329848024, -0.8681582551438383]], "T": [-0.011827184029059003, 0.03301792067398308, -0.09666691400501076], "aligned_model": [[-0.47779193162771577, -0.1748813636671368, 0.1218019457752014, 0.0675400980482794, -0.5803556950862595, -0.6399312577694456, 0.31049621582798287, 0.17078667958685206, 0.6267298418757735, -0.24675273085000562, -0.15874955876701535, 0.48715686764362875, -0.02931161455494213], [0.2502625191864512, -0.3080298089351192, 0.21946063033066018, 0.6234300060304283, -0.48078641393359983, -0.010746457209060471, -0.6260172476598702, -0.12407100394937973, -0.16902731221103434, -0.6288115032423824, 0.7077512594916482, 0.4257702972853554, -0.08879752577238698], [-0.23550338738043017, -0.7050057951996465, -0.8528254113130525, -0.3061774005692061, -0.2184245653836967, 0.27452282345189477, 0.1447240582499605, 0.6432578509295961, 0.03322657942336424, 0.431583497077416, 0.16470743262642923, 0.12350843110245888, -0.07651867905599842]], "inverted": true, "swapped": true, "error_lsq": 0.04600877416270769, "error_max": 0.2826283894103751, "target": "1061.xyz", "model": "9.xyz", "model_rescale": 3.833441315466971, "target_rescale": 4.2673951996395525},
{"mapping": [9, 8, 15, 6, 4, 2, 3, 5, 12, 10, 11, 7, 0, 13, 16], "R": [[-0.04915950234402004, -0.9627609213405299, 0.2658472337054167], [0.8566708469152475, -0.17749091457987293, -0.48436766540213333], [0.513515728459023, 0.2039323014657914, 0.8334945788930272]], "T": [-0.06915285046451884, -0.017096325920894904, 0.005617585072638806], "aligned_model": [[0.15316606148573958, 0.01750659046598639, -0.6054940378129963, -0.6006544208203404, -0.44486026207354584, -0.5046740065624008, -0.11626351847323856, 0.021167243913503053, 0.3023506032841287, -0.21499450803352754, 0.5391680016816288, 0.4932279714115975, 0.471803630927453, -0.31247947648858676, -0.07512485461086858], [-0.6951868434248303, -0.6653717688923735, 0.07379773527814859, 0.46238244018109276, 0.37659322672396384, -0.316495595301467, -0.22044251258196634, 0.8022156498133137, 0.42164041043279127, 0.4711315287755101, -0.2532575928843879, 0.36883357054933047, -0.1265339950275011, -0.5358856204573248, 0.0376809061106786], [0.16406597408650997, -0.3370147296985045, 0.5588995097801803, 0.029754844832640945, -0.567309791099821, -0.05976840740580136, -0.5903783488982473, 0.030257786458599376, 0.5213545225795188, 0.6095831506859594, 0.4295126287072283, -0.009731593909893387, -0.37792664649824026, 0.45933742192818316, 0.1174855862737804]], "inverted": false, "swapped": true, "error_lsq": 0.03961279056989489, "error_max": 0.32493839282705217, "target": "1061.xyz", "model": "10.xyz", "model_rescale": 4.2482417240324, "target_rescale": 4.2673951996395525},
{"mapping": [1, 0, 9, 11, 6, 15, 2, 14, 7, 10, 5, 16], "R": [[-0.1201900618200458, -0.10854441106890672, 0.9867990980262388], [0.5393536734490373, 0.8273709665939006, 0.15670002735961566], [-0.8334578357521892, 0.5510675044522035, -0.040897940780654785]], "T": [-0.0717250241034951, -0.01116715803014056, 0.1416845797270268], "aligned_model": [[-0.6743991283774893, -0.0919160232248125, 0.5090437540472895, 0.6007750742714221, -0.5213222734591657, 0.08597618647535002, -0.11419744878774767, 0.6293370964548627, -0.09020154517735361, 0.04580016232927285, -0.480042164277942, -0.022088087910679496], [-0.38295685065200313, -0.681105277637937, -0.25584180417300456, -0.2987399440784206, 0.5328053036928748, 0.7485473809653422, 0.21982869322689777, 0.3834219080513318, -0.36711461388874017, 0.5676946332223418, 0.12851460060460962, 0.07107736071734685], [-0.16434812715529284, 0.09176529285693269, 0.5120631487354157, -0.12394471383402766, 0.01948520165607094, 0.14462315702898632, 0.6196290720797722, -0.21196506012364785, -0.4400453386507463, -0.38321301867904217, -0.5610266638849939, 0.062169339824929906]], "inverted": false, "swapped": true, "error_lsq": 0.043306366769718364, "error_max": 0.22240241129174482, "target": "1061.xyz", "model": "11.xyz", "model_rescale": 3.6694154284099745, "target_rescale": 4.2673951996395525},
{"mapping": [1, 3, 2, 8, 0, 5, 7, 10, 9, 14, 15, 11, 6, 16], "R": [[0.6221293318392112, 0.6601708137450268, -0.42086766464593817], [0.6156584855494054, -0.7446088519059569, -0.2579191478628628], [-0.48365248230140334, -0.09865168190417177, -0.869682770911997]], "T": [0.033920866808099956, 0.11726588859922028, -0.0885335551693967], "aligned_model": [[-0.04340158928300088, 0.18484140283653056, -0.11266422383338658, 0.538442679711452, 0.5622525918391609, -0.4060294382648096, 0.23393304684270855, -0.44447508622875187, 0.6107002032686795, 0.05720121400564447, -0.49686554260903476, 0.6097704421090508, -0.679215615954422, -0.016225234184011825], [-0.432006402596373, 0.275707454042777, 0.6180058352271712, 0.5549195375304337, -0.15065217599530922, -0.580062529205718, -0.5338543062494775, -0.1450093620645695, 0.5198572118944623, 0.09607587078602255, 0.4054802825005556, -0.05195526185437142, 0.07082854664026297, 0.08365258748038709], [-0.6246500136864086, -0.6809012637122764, -0.19514614813810122, -0.4033109934803331, -0.40602716886956347, -0.0739123602044452, -0.04996814583655232, 0.4830953774763858, 0.11042413872574286, 0.789683789397869, 0.39854214586881287, 0.40671878460545496, -0.13603454428538025, 0.02058186179120995]], "inverted": true, "swapped": true, "error_lsq": 0.036872431380981126, "error_max": 0.24126420749691999, "target": "1061.xyz", "model": "12.xyz", "model_rescale": 3.9764082729961374, "target_rescale": 4.2673951996395525},
{"mapping": [10, 7, 5, 4, 15, 14, 13, 6, 1, 12, 0, 3, 11, 9, 2, 16], "R": [[-0.20558441715204331, 0.21631980762276598, 0.9544321810659488], [-0.05782073157416695, 0.9708758473184806, -0.23250129482187937], [-0.9769297878683416, -0.10298461013021239, -0.1870891756672346]], "T": [-0.0722718816525171, 0.061142336549262405, 0.14244747662094337], "aligned_model": [[0.0325315255458245, -0.31348542143781843, -0.6036827525588647, -0.7801664181317395, 0.2425437775811736, 0.5858072713789239, 0.5983830503714033, -0.40860768544936665, -0.7985249793073117, 0.030014272162742578, -0.24968328263283454, -0.3747590020216436, 0.4325353026722102, 0.515331651047041, 0.058162929144658676, -0.027559924555004778], [0.13733652845376465, -0.5394564716030595, -0.11873645097544858, 0.4060748236979891, 0.5700675955229285, -0.08804475653674743, 0.3480410392178904, 0.5362965325073565, -0.19616180547612352, -0.36908839041355446, -0.45466959099786264, 0.14535941602517943, -0.5283452542268824, -0.08973806635334527, 0.5282873548580933, 0.058241613643064426], [-0.6370532113775897, -0.07329953023956445, -0.4619390558526757, 0.20802343181629845, -0.3514459018480893, -0.42051942766500927, 0.18852313150650862, -0.2747852292996914, 0.18053534644107053, -0.4907415891383763, 0.5351050194659601, 0.6903427818709486, 0.08598954393947648, 0.5502409695797432, 0.3623479539473778, 0.026072709706310412]], "inverted": false, "swapped": true, "error_lsq": 0.042588378993246315, "error_max": 0.2887084896580188, "target": "1061.xyz", "model": "13.xyz", "model_rescale": 4.170626492500431, "target_rescale": 4.2673951996395525},
{"mapping": [11, 14, 7, 10, 0, 4, 5, 9, 8, 15, 2, 6, 3, 16], "R": [[0.9415817087468215, 0.10973684007920576, -0.31840494921223617], [0.28477029147418303, 0.2453319792223952, 0.9266704382165921], [0.17980480206914584, -0.9632082048551357, 0.19975031227165135]], "T": [0.0345279235083985, 0.07107848536305075, 0.09499840610506337], "aligned_model": [[0.29881373400444466, -0.1255786941115761, -0.192033691525425, -0.6048387503375593, 0.3577769890127465, -0.28717461022216567, -0.7213083064222076, 0.6873536586759798, 0.7477050004985341, -0.31099589458851346, 0.229062400123195, -0.5483911551964951, 0.3581481824351174, -0.04535584025443198], [-0.39585741043279576, -0.7748609034314045, 0.18398725771004243, -0.3932122284717068, 0.41748474800803026, 0.7224030185838636, 0.25110708925057, -0.25001082576300404, 0.2422419139586768, -0.44433170491485297, 0.058358054950031914, 0.1647771304158895, 0.5976838020330174, -0.02369547397069223], [-0.4685947900704813, -0.08109565171545509, -0.5385401600607016, 0.0875807883934343, -0.38168748481438575, 0.4059278733215824, -0.18129540102945524, 0.023874891680541563, 0.18014151712928167, 0.5608418505165293, 0.5905672267396563, 0.500463972262303, 0.2243699966757255, 0.08131847209229141]], "inverted": true, "swapped": true, "error_lsq": 0.04227471526972421, "error_max": 0.22211417429098132, "target": "1061.xyz", "model": "14.xyz", "model_rescale": 3.9786697098870705, "target_rescale": 4.2673951996395525},
{"mapping": [6, 13, 1, 5, 3, 0, 14, 11, 7, 12, 9, 16], "R": [[-0.29369398581513156, 0.713641834673725, 0.6359710484759045], [0.93340788880989, 0.3575772059767427, 0.029803605039160408], [-0.20613965121607603, 0.6023735332577171, -0.771137193129166]], "T": [-0.04669939255308209, 0.04432853124500034, -0.19923863038775758], "aligned_model": [[0.0020618984405751037, -0.7633880993881835, 0.6910969366030244, 0.5481510969870296, 0.1027962154379489, 0.35187805283602364, -0.45046606923624083, -0.12491286763661497, 0.5094135806709136, 0.17082543456616037, -0.48328104342531486, -0.07082053908798457], [-0.5188030819576684, 0.06391053711944618, 0.09180295514652972, -0.5266828115486374, 0.5170195731985304, 0.5514151204078174, -0.3935308156506193, 0.20266351884015701, -0.0103918718040657, -0.42794198455854293, 0.5272583719165868, -0.062045020885094455], [-0.6391039921230304, -0.057162200410621644, -0.41947129132394045, -0.1875804122913134, -0.5903837211506786, -0.01025210475939256, 0.4469102370226252, 0.5586044240807695, 0.19216104973618936, 0.3718417826644077, 0.1331971854191205, -0.13879446299030523]], "inverted": true, "swapped": true, "error_lsq": 0.047220160177077926, "error_max": 0.2147000743236788, "target": "1061.xyz", "model": "15.xyz", "model_rescale": 3.769337070930944, "target_rescale": 4.2673951996395525},
{"mapping": [6, 5, 2, 3, 15, 10, 13, 12, 9, 0, 16], "R": [[0.26907468808039264, 0.2717928060532996, 0.9239737457374604], [-0.8671316029275421, 0.48587115074682763, 0.1095993069150771], [-0.419143883933371, -0.8306972345262906, 0.3664157599116362]], "T": [-0.1181215940124559, 0.10580400758808456, 0.06684661022996463], "aligned_model": [[-0.20650027101657076, -0.31436143024015345, -0.08896795820820458, -0.6371785426921646, 0.4066750906890867, 0.33869024428792793, 0.4638836678327267, 0.25165139439289574, 0.20795455243551067, -0.4745531188630726, -0.024667497926811513], [-0.11284767367300169, -0.659016326353828, 0.5590610251073038, 0.45573629674271815, 0.09701405449298577, -0.4210618401136235, 0.5441944621961974, -0.5597926897137573, 0.5755735201228895, 0.08586713519031666, 0.03133653362714109], [-0.609435184198078, -0.1710120789545925, -0.21118588699980523, 0.1499580836494871, -0.504603881297138, -0.30483329848818586, 0.009439695079458993, 0.19622320111521302, 0.5221808746237709, 0.6362987899276326, 0.031187292766013786]], "inverted": false, "swapped": true, "error_lsq": 0.041071959137824084, "error_max": 0.21476090702846717, "target": "1061.xyz", "model": "16.xyz", "model_rescale": 3.7852294659196426, "target_rescale": 4.2673951996395525},
{"mapping": [2, 14, 10, 15, 9, 11, 7, 12, 6, 4, 0, 5, 16], "R": [[-0.5024529089315338, -0.38522566949448145, 0.7740428010573889], [0.27908376369173726, 0.7750725615635329, 0.5668992654387532], [-0.8183234856399358, 0.500862963168442, -0.2819272334774232]], "T": [-0.0375406038264872, 0.15384327370478648, -0.19884130404121025], "aligned_model": [[0.02388792949048065, -0.39801343307048137, 0.2236049835342727, 0.18124634101736262, -0.7198701456521448, -0.708212930123646, -0.08657197936524497, -0.09675278261490194, 0.6280017874160717, 0.6553325194154007, -0.32514750869067516, 0.5043609870540755, -0.028099918194286318], [-0.1127019846046021, -0.44274304649293605, -0.31790647035520425, -0.5853513675254776, 0.049304688021080456, 0.1555262391880207, 0.5751298083913472, 0.056983940406646505, -0.10565298853715518, 0.43647080529208837, 0.7612830139709873, 0.3316003379342568, 0.07311264801382217], [-0.6557593366183391, 0.3363229676073294, 0.3787968117474596, -0.11070480219284437, -0.4393333433602514, 0.1957587587488599, 0.33553988107254273, 0.5650968584553371, -0.14696231905009022, -0.4526952282681625, -0.20283203962981658, 0.3967945448395662, -0.1042680562084175]], "inverted": true, "swapped": true, "error_lsq": 0.03946785169472397, "error_max": 0.26367606259054727, "target": "1061.xyz", "model": "17.xyz", "model_rescale": 3.901054581598922, "target_rescale": 4.2673951996395525},
{"mapping": [6, 15, 5, 4, 14, 7, 13, 2, 12, 0, 11, 8, 3, 1, 16], "R": [[-0.7924125585153949, 0.5993310030459785, -0.11351073030769998], [-0.20317929071346535, -0.434794556801426, -0.8773094489409224], [-0.5751525996918202, -0.6721279953727216, 0.46630831528505673]], "T": [0.11822155404774748, 0.034040279972952524, 0.012924634450169914], "aligned_model": [[0.06095310394150552, 0.14675332235161612, -0.5407350635404795, 0.26154047234373096, -0.2711489807439812, -0.47733876964070554, 0.46322673166987377, 0.6091316235871997, -0.6088799680890373, 0.036226170084789205, -0.21577990137035058, 0.6723316933157959, 0.5195448758169388, -0.15592211036054454, 0.039183011722683334], [0.06519222526331961, -0.5522853855358111, 0.29769101971411044, 0.6193140749578847, -0.7499594732869929, 0.2846999950092061, -0.6030322140435457, -0.08883077669030445, -0.22611597553106402, 0.4583064070137295, -0.316370801410302, 0.1549738908872615, 0.5089695730349997, 0.748753838230937, -0.052549047786322335], [-0.7003258788122922, -0.49447327644311645, -0.4069580112080087, -0.4982578906129703, 0.09033050789456334, 0.23184763279676202, 0.10947479859093634, -0.15291846907262271, 0.024388835727728285, 0.5276980857910023, 0.6221606420941685, 0.4856876058208735, 0.12320608336784594, -0.08262352142446941, -0.029570739658424418]], "inverted": false, "swapped": true, "error_lsq": 0.03273455331853768, "error_max": 0.1815939616749295, "target": "1061.xyz", "model": "18.xyz", "model_rescale": 3.9405287249114394, "target_rescale": 4.2673951996395525},
{"mapping": [14, 10, 6, 5, 11, 2, 15, 9, 13, 8, 4, 3, 7, 0, 1, 16], "R": [[0.07858658401570708, -0.5323506611485068, 0.8428682710765012], [0.9961622924810595, 0.009253493567921253, -0.08703482001859278], [0.03853356785482781, 0.8464733583707975, 0.5310348554632183]], "T": [0.11176465727821527, 0.04916866859982072, -0.05982178073045995], "aligned_model": [[-0.5393716148224695, -0.04415526971575218, 0.6040715333223915, 0.23187173891570476, -0.6610604820907211, 0.3985764658030579, 0.17620578749803747, -0.31875736939237326, -0.1255980678820327, 0.10583780509123736, 0.8475016628291526, 0.47422116294489314, -0.19546489414371604, -0.06829599298496197, 0.4229022277856358, 0.058680404813302986], [-0.30618296257871497, -0.6653546128517607, -0.4331391608388605, -0.6867584373896187, 0.12266675051210185, 0.3103440083006038, -0.31947039011768064, 0.6034657904291217, 0.29315932284656654, 0.7867443368920244, -0.08059104495773917, 0.48989062142650386, -0.24348306211577175, 0.3599222464261945, -0.12925949351122687, -0.049601783494107196], [-0.5309942216615042, -0.35908101327042397, -0.2547307625755325, 0.29234658264822555, -0.006410666698007425, -0.4246784051046603, -0.739525446263888, -0.26413483905957086, -0.7066133752636841, -0.026432894044183017, 0.19756271135856096, 0.21067716894622945, 0.47442033511334003, 0.508268944282434, 0.6231544065326491, -0.11438476826510674]], "inverted": true, "swapped": true, "error_lsq": 0.03538950980071672, "error_max": 0.25758457317004624, "target": "1061.xyz", "model": "19.xyz", "model_rescale": 4.410303926677745, "target_rescale": 4.2673951996395525},
{"mapping": [7, 0, 11, 5, 14, 4, 10, 9, 3, 2, 6, 15, 13, 16], "R": [[-0.8085568368205247, -0.030378963914763968, 0.5876333552328804], [0.5368706447323619, 0.37067408225502774, 0.7578724401698816], [-0.24084383416530558, 0.9282660412273295, -0.2834014894962558]], "T": [0.05855234398801783, -0.1285371133096641, 0.08425364489590317], "aligned_model": [[-0.19092728706345702, 0.2605182745118211, 0.4540718360993355, -0.7157149513789511, 0.1659558497540805, -0.44787328778748553, -0.4075014655689378, 0.7784981431364357, 0.20481699185273172, 0.24698201289328842, -0.5255081023187544, -0.11274360337580776, 0.5389940803621328, 0.011619398344440597], [-0.23542094730178897, -0.6068450943363604, 0.17116810779761804, -0.09858020118078825, 0.7014209972049156, -0.6127618886863213, 0.504854854904888, -0.03153820162196064, -0.7113158995125438, -0.12173447705033269, 0.004773466148729422, 0.5152769041897246, 0.34765859789884934, -0.016007752273426545], [-0.5416740113237086, -0.3425342812976404, -0.5151248023214021, -0.19796915945397472, -0.1838707990840691, 0.4495654949086435, 0.006670832177539887, 0.002966512208499736, 0.278562108727423, 0.5822917076411315, 0.47678147601939436, 0.482004442637074, 0.36106631077398055, 0.05807920711213029]], "inverted": false, "swapped": true, "error_lsq": 0.04353343388000676, "error_max": 0.2775535828554714, "target": "1061.xyz", "model": "20.xyz", "model_rescale": 4.121658175737393, "target_rescale": 4.2673951996395525},
{"mapping": [5, 1, 0, 12, 11, 6, 8, 10, 2, 13, 9, 14, 16], "R": [[0.5342018657943077, -0.6278778869066648, 0.5660368589725424], [-0.8373021389129176, -0.4852035057187336, 0.2519973932605335], [0.11641947755308643, -0.6085613503763383, -0.7849201157279599]], "T": [-0.07657265507004055, -0.015046978789070561, 0.09243357396291134], "aligned_model": [[0.24609567872651092, -0.11331273716648463, 0.04830085035383154, 0.6422932271470968, 0.5590685258575908, -0.30756512849054685, -0.416373254278519, 0.33442268554243115, -0.5226512406670244, -0.1264549188450748, -0.01660841499409174, 0.5494962270873858, 0.004371404391189229], [-0.5880764419931859, -0.08341883179526537, 0.5008952471604733, -0.29625302389237745, 0.3776269307338156, -0.6896698954128564, 0.6323673095621115, -0.6592885381379896, -0.019230151852890672, 0.09105753172902077, 0.5730847886057557, -0.20285317358509009, -0.09541484695833814], [0.5899869411701373, 0.8599458704559938, 0.5046555079695211, 0.11781727471686916, -0.12500814484129175, 0.15953656444175546, -0.010319060085941328, -0.10867901846496082, -0.19841058441363085, -0.6289993487835343, -0.33750090315394476, -0.49495325233619064, 0.042037892807006746]], "inverted": false, "swapped": true, "error_lsq": 0.04624127925273799, "error_max": 0.23153893306609946, "target": "1061.xyz", "model": "21.xyz", "model_rescale": 4.08911054899281, "target_rescale": 4.2673951996395525},
{"mapping": [7, 10, 14, 12, 9, 5, 5, 6, 13, 4, 11, 0, 8, 2, 1, 15, 16], "R": [[0.8448167829765827, -0.5343333310513472, -0.02779378579232017], [-0.07074516650555682, -0.06006149871075458, -0.9956845573718212], [0.5303581097873389, 0.843137300622022, -0.08854246259626819]], "T": [0.04013145322198972, 0.013645047519265766, 0.0816102040371375], "aligned_model": [[-0.2946359890332265, 0.11079915062414472, -0.2693756136148409, -0.4400169642127467, 0.14954476069892975, 0.5465133754087713, 0.5465133754087713, 0.2732303467137685, -0.6025948899005013, -0.4584255012283134, 0.7385013987254847, -0.14242014779939222, 0.6673276726950591, -0.11564303523812403, 0.45129441476430593, 0.22709330923927568, 0.005638864694443309], [-0.5678934736959366, -0.3945938590088021, 0.5251330244120047, 0.05506283934996287, 0.28407286331557596, -0.04348264270832129, -0.04348264270832129, -0.6942243381530809, -0.13192638972377757, -0.02625816274243559, 0.31681587998723365, -0.5553580117945375, -0.24377055375775525, 0.389692701269871, 0.0416245724633917, 0.6916157214662666, -0.012433903117374231], [-0.15405883499465783, -0.6108365310664239, -0.1516450446054134, -0.4775959920916897, -0.5683475916335601, -0.4062861270003577, -0.4062861270003577, 0.09385631493536704, 0.03219592934223857, 0.5675534958395947, 0.1607297074264567, 0.5745501898724694, 0.22695162469192676, 0.6779123927191073, 0.7599615484787126, 0.2737248769712856, 0.10150492953841181]], "inverted": true, "swapped": false, "error_lsq": 0.04543865434288002, "error_max": 0.48773381792849513, "target": "1061.xyz", "model": "22.xyz", "model_rescale": 4.204369325754507, "target_rescale": 4.2673951996395525},
{"mapping": [14, 10, 6, 5, 11, 2, 15, 9, 13, 8, 4, 3, 7, 0, 1, 16], "R": [[0.07858658401570708, -0.5323506611485068, 0.8428682710765012], [0.9961622924810595, 0.009253493567921253, -0.08703482001859278], [0.03853356785482781, 0.8464733583707975, 0.5310348554632183]], "T": [0.11176465727821527, 0.04916866859982072, -0.05982178073045995], "aligned_model": [[-0.5393716148224695, -0.04415526971575218, 0.6040715333223915, 0.23187173891570476, -0.6610604820907211, 0.3985764658030579, 0.17620578749803747, -0.31875736939237326, -0.1255980678820327, 0.10583780509123736, 0.8475016628291526, 0.47422116294489314, -0.19546489414371604, -0.06829599298496197, 0.4229022277856358, 0.058680404813302986], [-0.30618296257871497, -0.6653546128517607, -0.4331391608388605, -0.6867584373896187, 0.12266675051210185, 0.3103440083006038, -0.31947039011768064, 0.6034657904291217, 0.29315932284656654, 0.7867443368920244, -0.08059104495773917, 0.48989062142650386, -0.24348306211577175, 0.3599222464261945, -0.12925949351122687, -0.049601783494107196], [-0.5309942216615042, -0.35908101327042397, -0.2547307625755325, 0.29234658264822555, -0.006410666698007425, -0.4246784051046603, -0.739525446263888, -0.26413483905957086, -0.7066133752636841, -0.026432894044183017, 0.19756271135856096, 0.21067716894622945, 0.47442033511334003, 0.508268944282434, 0.6231544065326491, -0.11438476826510674]], "inverted": true, "swapped": true, "error_lsq": 0.03538950980071672, "error_max": 0.25758457317004624, "target": "1061.xyz", "model": "23.xyz", "model_rescale": 4.410303926677745, "target_rescale": 4.2673951996395525},
{"mapping": [15, 6, 11, 14, 13, 12, 7, 5, 9, 8, 0, 4, 2, 10, 3, 1, 16], "R": [[-0.48071728336435343, 0.17933261827972274, -0.8583418348745068], [0.8757073734563301, 0.14869409640516146, -0.4593763835554326], [0.04524919390454718, -0.9724864408901503, -0.2285227182049892]], "T": [0.021938589567785063, 0.021175753980781312, -0.01638883005358361], "aligned_model": [[-0.4453385341949793, 0.04044427104513233, -0.30665224879131536, -0.43901928719241345, 0.15488787969773116, 0.6623213139988324, 0.4034802297145392, 0.23337416369319314, -0.5967247523156147, -0.45176196542463737, 0.7697635185705158, 0.09045367034858291, 0.668520157809781, -0.28420542351073597, 0.47494163919262394, 0.3285017911987021, 0.09035810410587126], [-0.4937403796304073, -0.4462829016204949, 0.5529191693970661, 0.03084954976165891, 0.07490519472651362, -0.2798405275230125, 0.49667993073823524, -0.5708095768264098, 0.02081670348331208, -0.31371399159436497, 0.030319117947337552, -0.3493975674704085, -0.33780538445650576, 0.24486145518015265, 0.13488210921388816, 0.7401713725179355, 0.05577935100946754], [-0.17709867975064406, -0.6155866561647133, -0.11638126836094034, -0.5119433109560924, -0.7045924752635107, -0.3978006800315247, -0.2814409973766191, 0.004833788335579358, 0.08197541203055919, 0.5659884615391936, 0.08877811125214738, 0.5596888297505302, 0.5183622980746044, 0.5127845787745045, 0.7524480098833821, 0.33772930489648334, 0.07614003479017076]], "inverted": false, "swapped": false, "error_lsq": 0.0372909270911291, "error_max": 0.2631973109194869, "target": "1061.xyz", "model": "24.xyz", "model_rescale": 4.28219845311461, "target_rescale": 4.2673951996395525},
{"mapping": [5, 6, 7, 15, 10, 2, 1, 14, 4, 13, 3, 2, 9, 11, 0, 16], "R": [[-0.2511235810894773, 0.2931290544010079, -0.9225032815588075], [0.017252154711773132, 0.9542475777448088, 0.2985195530044331], [0.96780127618153, 0.05905012984013229, -0.24469117676627772]], "T": [-0.09110150080554251, 0.05346920086653956, 0.06255846841016845], "aligned_model": [[-0.1711340587320236, -0.43080523490140843, 0.11638327528407934, 0.07998488817455925, 0.2522231144621671, -0.3164488512228695, -0.5296152053968957, 0.7075145595265306, -0.8355269272716748, 0.25702311658359916, -0.5783246709287775, -0.3164488512228695, 0.27804452041762756, 0.6199417430544001, -0.11422512946593283, -0.010265522239500557], [0.36333706004900873, -0.26056258697321677, 0.648387586193278, -0.620206401879011, -0.19615580953159695, -0.37245858751200717, 0.6345079679324199, -0.23607920762463103, 0.11470662391747358, -0.5113936797615817, 0.222603297269282, -0.37245858751200717, -0.03427471985170416, 0.3022071812960756, 0.6487064057479843, 0.014244833954466574], [-0.6974505263206217, -0.4842155461603874, -0.19911280167938222, -0.2823112426212298, -0.6039444905971849, 0.28926977971531087, -0.1927831679051203, -0.16245442686308176, -0.19526717774692215, 0.369072817617917, 0.4269586329391501, 0.28926977971531087, 0.6873548831827616, 0.25764904645163694, 0.37380541774986464, -0.02391495690027569]], "inverted": true, "swapped": true, "error_lsq": 0.046002586312763584, "error_max": 0.4081311189478221, "target": "1061.xyz", "model": "25.xyz", "model_rescale": 4.100010024507729, "target_rescale": 4.2673951996395525},
{"mapping": [1, 0, 9, 11, 6, 15, 2, 14, 7, 10, 5, 16], "R": [[-0.1201900618200458, -0.10854441106890672, 0.9867990980262388], [0.5393536734490373, 0.8273709665939006, 0.15670002735961566], [-0.8334578357521892, 0.5510675044522035, -0.040897940780654785]], "T": [-0.0717250241034951, -0.01116715803014056, 0.1416845797270268], "aligned_model": [[-0.6743991283774893, -0.0919160232248125, 0.5090437540472895, 0.6007750742714221, -0.5213222734591657, 0.08597618647535002, -0.11419744878774767, 0.6293370964548627, -0.09020154517735361, 0.04580016232927285, -0.480042164277942, -0.022088087910679496], [-0.38295685065200313, -0.681105277637937, -0.25584180417300456, -0.2987399440784206, 0.5328053036928748, 0.7485473809653422, 0.21982869322689777, 0.3834219080513318, -0.36711461388874017, 0.5676946332223418, 0.12851460060460962, 0.07107736071734685], [-0.16434812715529284, 0.09176529285693269, 0.5120631487354157, -0.12394471383402766, 0.01948520165607094, 0.14462315702898632, 0.6196290720797722, -0.21196506012364785, -0.4400453386507463, -0.38321301867904217, -0.5610266638849939, 0.062169339824929906]], "inverted": false, "swapped": true, "error_lsq": 0.043306366769718364, "error_max": 0.22240241129174482, "target": "1061.xyz", "model": "26.xyz", "model_rescale": 3.6694154284099745, "target_rescale": 4.2673951996395525},
