[{"mapping": [10, 11, 3, 5, 7, 9, 4, 12, 2, 0, 6, 13], "R": [[-0.36919326023904697, -0.3829163526424014, 0.8468006869819505], [0.6355637133837744, 0.5607590505293074, 0.5306675545756468], [-0.678052433683333, 0.7341146736910452, 0.03633927692730801]], "T": [0.12384762908961251, -0.03938344310060962, -0.062299801067765684], "aligned_model": [[-0.2319837715650339, 0.22421728359883425, 0.42267427405653746, -0.22879508386215425, -0.18598453639771212, -0.39099472426709764, 0.4031691159691705, -0.2674837154418261, 0.6167465704790938, 0.24529487912491624, -0.7310821070831478, -0.03813572215103177], [-0.20465631014760127, -0.7299839084026541, -0.29275661957512433, 0.7055351088755583, 0.41248068061082, -0.5150266473295257, -0.30821916201055144, -0.39342413259395936, -0.02283377982810511, 0.2564079034435853, 0.10188655684412071, 0.044145346090494725], [-0.5437607835167836, 0.026711992146257413, -0.5827823586225785, -0.0982258447061753, -0.5611643825003779, 0.03295766376094382, 0.6247368791279891, 0.6603683963231515, -0.07649636162289264, 0.4651457483851936, 0.2537486238862556, -0.019287827307420437]], "inverted": true, "swapped": true, "error_lsq": 0.043841343053700695, "error_max": 0.22975836401040228, "target": "1062.xyz", "model": "0.xyz", "model_rescale": 3.751011558992144, "target_rescale": 4.144451942387269},
{"mapping": [7, 12, 3, 13, 0, 11, 4, 9, 10, 8, 5, 2, 1, 14], "R": [[0.06576912815441277, 0.1642868436479388, 0.9842175850826919], [0.6060996564221833, -0.7901213641308804, 0.09138619386355815], [0.7926648902699801, 0.5905235498675342, -0.15153979274476392]], "T": [-0.05048439997158954, -0.1880150502973984, 0.14185525073448077], "aligned_model": [[0.21875922856997165, -0.2060897279246547, 0.3299126758269239, -0.1937752284132835, 0.686252413624657, -0.6126940116886849, -0.08952372489951607, -0.6413430106475517, -0.7354464035579727, 0.1823124379530717, -0.2782624066599019, 0.3777240169895431, 0.441399336884349, -0.08541156103471614], [-0.5757072366837545, -0.15488826803393257, 0.16973465147633654, 0.45852213752754756, -0.17127778094703833, -0.5842929558102412, -0.5848862608896688, 0.0849742688772524, -0.41700592777779094, -0.0028351366420645563, 0.3296690911932826, 0.5135773348013887, -0.6635384169395464, -0.18225830091840867], [-0.3238481537001281, -0.5838614310957627, -0.41556658694100757, -0.15640571141860113, -0.03826484755060219, -0.2626384612338798, 0.824894885910951, 0.03912962033521787, 0.530241630262069, 0.7350940592852656, 0.4068200716329837, 0.2320981385603041, 0.2745709869144495, 0.10001309854287616]], "inverted": true, "swapped": false, "error_lsq": 0.04502917533357244, "error_max": 0.3120957497092563, "target": "1062.xyz", "model": "1.xyz", "model_rescale": 3.9405287249114394, "target_rescale": 4.144451942387269},
{"mapping": [11, 9, 10, 0, 6, 3, 4, 12, 5, 1, 1, 2, 13], "R": [[-0.28497745961461646, 0.8636524245719104, -0.4158032431843943], [-0.6451748310729453, -0.49364359368123084, -0.5831513009223905], [-0.7088986421637413, 0.10208081087325288, 0.697884104411229]], "T": [-0.1660261339624528, -0.017881052880996874, -0.024887042674022964], "aligned_model": [[-0.20870207427514453, 0.16945473436284475, -0.3651517405179975, 0.21659623042892961, 0.596112943841448, -0.782242051156659, 0.20842218728213202, 0.6176956016348946, 0.06995776566539783, -0.26731666155541456, -0.26731666155541456, -0.4608870633128752, -0.03063993155821032], [0.6682928638069613, 0.49543198595943777, 0.14453959373812086, -0.29225408112220974, -0.08466944365776188, 0.18661695054283967, 0.26838280536630565, 0.39985621873017546, -0.7385131328578892, -0.7164469395078908, -0.7164469395078908, -0.06795916379092587, -0.08799812412725605], [0.12434529205411714, -0.377499297550001, -0.5903110519451785, 0.37356035725549674, -0.5400879845737805, -0.07832797277391207, 0.6076902213082646, 0.08470386757442173, -0.34977504970471096, 0.31246001856887273, 0.31246001856887273, 0.3675081857108263, -0.13360625490464492]], "inverted": true, "swapped": true, "error_lsq": 0.054597304079122236, "error_max": 0.3560237586567089, "target": "1062.xyz", "model": "2.xyz", "model_rescale": 3.932901565614263, "target_rescale": 4.144451942387269},
{"mapping": [12, 5, 6, 2, 10, 9, 8, 7, 7, 3, 0, 1, 11, 13], "R": [[0.9622875209409445, 0.27065312293453214, -0.027379081195622462], [0.03719495516062908, -0.2306048272784466, -0.9723363353009475], [-0.26947961398207887, 0.9346487579201412, -0.23197507833042527]], "T": [-0.036062102740471356, -0.0838669798090573, 0.17162021310349093], "aligned_model": [[0.16638074028407304, -0.35177687178573214, 0.15124613083693375, 0.01697469651477341, 0.5993308377737028, -0.34374598622997515, -0.16332447955498525, -0.7345637892861954, -0.7345637892861954, -0.08419386664208389, -0.19675820129956395, 0.4851385858232636, 0.5917013502285928, -0.008031322354373729], [-0.4756607442467645, -0.22380781191309773, 0.11476807862685018, 0.6814870219221129, -0.22818808650467595, -0.7087381826772944, -0.6517923070539401, -0.22803203189276477, -0.22803203189276477, -0.05057739105936053, 0.5084609352996051, 0.4253429486318778, -0.5930058596841216, -0.12243733832230022], [-0.45179325452084984, -0.4588878627935534, -0.45460019528003837, -0.15337240702370877, -0.1260249944980011, -0.062173600021803804, 0.6188917588709614, 0.20409141569322356, 0.20409141569322356, 0.6788288631340424, 0.4404598196236582, 0.30512568838454324, 0.55161935321219, 0.06602129903024893]], "inverted": false, "swapped": false, "error_lsq": 0.05537343043034019, "error_max": 0.3393463034464061, "target": "1062.xyz", "model": "3.xyz", "model_rescale": 3.9243930471874484, "target_rescale": 4.144451942387269},
{"mapping": [12, 9, 4, 0, 2, 6, 5, 11, 3, 10, 1, 7, 13], "R": [[-0.6575303674934174, -0.11594274017711578, 0.7444535558543552], [0.14360786919110677, -0.9892599976169756, -0.027229341182849996], [0.7396151673203855, 0.08900527015342352, 0.6671187796446407]], "T": [0.08228913197068186, 0.03382437015224271, -0.05012726793727383], "aligned_model": [[0.034561729691155035, -0.3113782992295121, 0.6286199098759979, 0.3722668666479283, 0.5275923002157619, -0.5920123165779921, -0.32066091540933694, 0.26957756436035524, 0.17690939215041354, -0.4163848698171889, 0.4002630400073811, -0.43514902098680364, -0.05699949461680645], [-0.5113485291467832, 0.026735712034043364, -0.3196630007603316, -0.5057013213367091, 0.18683523267621013, -0.5531123069909796, -0.3993129112723348, 0.3208582487305762, 0.6745644087328307, 0.40210044639103637, -0.2389650488737321, 0.13543797094730728, -0.09059934744954636], [-0.7581124086651637, -0.6377911137564146, -0.49608903361626666, 0.02243790610731068, 0.09724153612065926, -0.277221008718389, 0.5248288759940082, -0.6645056246476764, 0.019848673221383936, -0.08797902490551289, 0.6105811665052093, 0.47042576651109613, -0.03659539477928042]], "inverted": true, "swapped": true, "error_lsq": 0.04993724175716298, "error_max": 0.3677081078701642, "target": "1062.xyz", "model": "4.xyz", "model_rescale": 3.8936222436046832, "target_rescale": 4.144451942387269},
{"mapping": [3, 10, 1, 2, 5, 6, 9, 12, 4, 11, 0, 13], "R": [[-0.8894121819289761, -0.2534197498218942, 0.38042660400732564], [-0.0894313006191179, 0.9126379598743074, 0.3988658880702074], [-0.4482722533303962, 0.3207341338190727, -0.8343749770321606]], "T": [-0.08565662888842673, -0.10564998601701633, -0.15984035535573482], "aligned_model": [[0.04156081398566547, -0.4755508035432854, -0.11287471236560753, 0.2683269297248969, -0.741313617954288, -0.6600007792026249, -0.1890443040841033, 0.11213752330255389, 0.5550598784326827, 0.3768279565396918, 0.08285869441116867, -0.23043953703165318], [-0.6559976246177879, -0.5821477290178584, 0.4123458771031292, -0.09469078797074834, 0.35662464846014896, 0.20579087791573333, -0.36270708250426476, 0.18847793798749082, 0.23301951381074085, -0.497538225999815, 0.48711909841246737, -0.02137359846942853], [-0.48438715002933036, -0.07818120167494019, -0.7454994459454239, -0.5033521256322864, -0.35210914558403594, 0.49122189886072, 0.4910096495669031, 0.6618046971029272, 0.15176494604572083, 0.19717194857431586, -0.133991540544138, -0.07616781146491383]], "inverted": true, "swapped": true, "error_lsq": 0.055355616300101655, "error_max": 0.31839875885113317, "target": "1062.xyz", "model": "5.xyz", "model_rescale": 3.6523030999806103, "target_rescale": 4.144451942387269},
{"mapping": [1, 2, 3, 7, 10, 0, 11, 5, 4, 6, 9, 8, 13], "R": [[-0.9653702863628024, 0.23716996013685504, 0.10867667742659345], [0.2546396094600337, 0.7660230324480104, 0.5902265523112259], [0.056735169884673455, 0.5974605625209394, -0.7998887402197385]], "T": [-0.003187189646761207, 0.024767876978987115, 0.14676370879527345], "aligned_model": [[0.08526456370341116, -0.1606382820374002, 0.21616797091385986, 0.7140727413840072, 0.45505240025279836, -0.36069993147824764, -0.40524189887995077, 0.4678548982031706, -0.7888132997217228, 0.09914200667767561, -0.09952763632046367, 0.6041979466101777, 0.054251425356979216], [-0.6642325166756856, -0.03980281562235501, 0.43435243032895726, -0.14404291147755965, 0.41224248803435565, -0.47331957054672524, 0.6016059226074445, -0.5946591072580176, -0.045923500379289044, -0.136811492834809, 0.4737790685743895, -0.23210259528907237, -0.050258495298450175], [0.5066412623340895, 0.6098669146477891, 0.6034049577098923, 0.06876283242574066, -0.013285308479835223, 0.07942652059474453, 0.16991645057317992, -0.12706246847926828, 0.13642537892479084, -0.7555497159208276, -0.39127026717781266, -0.5022594296088546, -0.0149073880618395]], "inverted": false, "swapped": true, "error_lsq": 0.05823431626453228, "error_max": 0.33419119721116425, "target": "1062.xyz", "model": "6.xyz", "model_rescale": 4.08911054899281, "target_rescale": 4.144451942387269},
{"mapping": [6, 7, 2, 13, 0, 5, 8, 12, 10, 9, 11, 1, 3, 14], "R": [[0.06184531348425504, -0.8443188800327917, -0.5322600736671942], [0.6869617838848188, -0.3508574554964716, 0.6363823955801489], [-0.7240570866180523, -0.40499959844759625, 0.5583159146714913]], "T": [-0.1094926654937237, -0.17230425206929784, 0.10196489970484485], "aligned_model": [[0.2237837797759774, -0.22528888723982132, 0.35125303434480937, -0.306169696665442, 0.8253449536159272, -0.6523793892497727, -0.1271334349602975, -0.7556605554912921, -0.6995601824097094, 0.31709409894175383, -0.34551792967806494, 0.3533253936477046, 0.4758132959773418, -0.041090445586879396], [-0.3906302243143035, -0.21719777146741645, 0.1604912708386459, 0.45833399375900336, -0.2227090250325493, -0.615401036866247, -0.5484657876872987, 0.11079015418022914, -0.29910022423718835, -0.04163826721962219, 0.21636098843570434, 0.3880371114304633, -0.6777902402647931, -0.10129374232126592], [-0.1987069269187023, -0.6621455448532898, -0.4699617418358191, -0.2134840988031635, 0.011443256636398308, -0.1971011031362631, 0.6705950744749836, 0.0003453489406568533, 0.4956881596534866, 0.7465635661008632, 0.47312856771002204, 0.2007730944013637, 0.2703462628963473, 0.23479338423725188]], "inverted": false, "swapped": false, "error_lsq": 0.04828407439799707, "error_max": 0.3113597746849577, "target": "1062.xyz", "model": "7.xyz", "model_rescale": 3.964800864290218, "target_rescale": 4.144451942387269},
{"mapping": [6, 0, 2, 7, 4, 3, 10, 5, 5, 9, 8, 12, 11, 13], "R": [[-0.3921309103723812, -0.9156608908647506, -0.08830901466610892], [-0.9198692329331244, 0.3894054735826274, 0.04694647427566011], [-0.008599036780538694, 0.09964190927848182, -0.9949862041665631]], "T": [-0.02390364781361183, -0.10203718024831399, -0.01793452456049463], "aligned_model": [[0.2296871252265112, -0.25158929770565236, 0.24276879294790343, 0.01725137007900604, 0.6421923020213479, -0.4100151604025237, -0.29360586274796463, -0.764377174800821, -0.764377174800821, 0.10858487479522654, -0.36894160604929094, 0.48445267206618997, 0.5821773561240065, -0.06039418173088296], [-0.60028530914922, -0.254676278247835, 0.17116398304230068, 0.6081783961833556, -0.20450582946913426, -0.662605018728597, -0.510191714433323, -0.21756440544146344, -0.21756440544146344, -0.0007064993626153815, 0.32397910319984313, 0.33601858066904605, -0.4695947713447137, -0.0818586322428185], [-0.17268059092147695, -0.6797652605631942, -0.5590959251324894, -0.04538018829454428, -0.22019612881143827, -0.268222946206908, 0.6422204606444601, 0.35277174600782846, 0.35277174600782846, 0.6499244510299981, 0.5210613149604185, 0.32898901118469914, 0.4118335040166212, 0.0480461055823328]], "inverted": true, "swapped": false, "error_lsq": 0.04778564680910461, "error_max": 0.37793005081645736, "target": "1062.xyz", "model": "8.xyz", "model_rescale": 4.121658175737393, "target_rescale": 4.144451942387269},
{"mapping": [6, 9, 10, 7, 12, 0, 11, 2, 3, 4, 5, 1, 13], "R": [[0.2280708125367037, -0.9114548519255271, 0.34239415498846226], [0.9033117501992672, 0.32930997668291984, 0.2749233005931504], [-0.36333398742862555, 0.24658668284907473, 0.8984338714789784]], "T": [0.07958678634240582, -0.024695261678440945, -0.008062781173104126], "aligned_model": [[-0.6771566346482828, -0.1955698507557405, 0.30329142966738976, 0.2290948669402294, -0.6585096875844935, -0.3355248630701678, 0.19043526741968891, 0.36148685975212314, 0.714371252499547, -0.2732743066578276, -0.22429824619320823, 0.10296818768958116, -0.06057677862364208], [0.18298163362195013, -0.3725980871389387, 0.08017390482095554, 0.6343245785471578, -0.5169381220558757, 0.025078441025646873, -0.704333690418946, -0.11638620546917547, -0.13392020943596272, -0.5790988087489299, 0.7421451929451148, 0.47686867993906923, 0.07209013177964396], [-0.49278783265943604, -0.5590850495453182, -0.5778824670098758, -0.31200884826557307, -0.1248742366647074, 0.44541892728975924, -0.15204330060151106, 0.3863353926908988, -0.1056128469379875, 0.4283295798635861, -0.020744139196950916, 0.5918905763541674, -0.08586032135796265]], "inverted": true, "swapped": true, "error_lsq": 0.05209517271734153, "error_max": 0.44921380839710456, "target": "1062.xyz", "model": "9.xyz", "model_rescale": 3.833441315466971, "target_rescale": 4.144451942387269},
{"mapping": [6, 12, 1, 0, 4, 11, 9, 10, 8, 2, 13, 5, 3, 14], "R": [[-0.8238223576524389, 0.019209095416955174, -0.5665224917734859], [-0.1803694631033429, -0.956363267312769, 0.2298611705239857], [-0.5373858760814141, 0.29154812911097083, 0.7913381758768522]], "T": [-0.05811448939749361, -0.18762220163504906, 0.012134554324156971], "aligned_model": [[0.37822813771441144, -0.23176978595187725, 0.14934891613870005, -0.2324764551108482, 0.7314958213765295, -0.5458184379256459, -0.15511339062224871, -0.8498308275330739, -0.6577080727047586, 0.12003879896026434, -0.11368984226773585, 0.37179062666262797, 0.46722627538465733, -0.03790772909876733], [-0.3342890889022518, -0.22799971310724645, 0.2928746422544977, 0.456527453009404, -0.2963882502467432, -0.6417553587002464, -0.5425013105901679, 0.03229110303182872, -0.34780288061025844, -0.04154667109441493, 0.46049755763601063, 0.29846876412546514, -0.650460091783989, -0.2381289557885266], [-0.48718849139809495, -0.5633943779257294, -0.5091049791816338, -0.12385106637771362, -0.012321199170434588, -0.13362214462178096, 0.7350191631803186, -0.01189713058453093, 0.4837159866521643, 0.6929969487565596, 0.4731537504650839, 0.20274506205747875, 0.5260606366046874, 0.08996514104776149]], "inverted": false, "swapped": false, "error_lsq": 0.0481581127185554, "error_max": 0.31598548583470215, "target": "1062.xyz", "model": "10.xyz", "model_rescale": 4.2482417240324, "target_rescale": 4.144451942387269},
{"mapping": [5, 6, 12, 9, 1, 2, 0, 11, 10, 3, 7, 13], "R": [[-0.7557984471409601, -0.39672672966447425, -0.5209382010076097], [-0.28889756319050225, -0.5119155306605035, 0.808999806830116], [-0.5876282032730419, 0.7619385745834807, 0.2722915776879453]], "T": [0.021799078889562756, 0.18859234212125986, -0.04967448530162077], "aligned_model": [[-0.7113553342623273, -0.043901860481357274, 0.5186794510175751, 0.5120952240263377, -0.6324716775679002, -0.0022981464748316194, -0.16239649378103935, 0.7150691119942396, 0.0898707271139648, 0.1615851355879593, -0.5184628064946712, -0.049647728314942546], [-0.1851328527789332, -0.709271855148937, -0.29207222641246355, -0.3146022412726557, 0.523856234125814, 0.6769013420094224, 0.21692534142300424, 0.30289977001524143, -0.08357191138749037, 0.5725786407545653, -0.061044327842756485, 0.018665476565827954], [0.008336702071872322, 0.1510042216377334, 0.5184855475237841, -0.13200304930987553, 0.21787926374823774, 0.01664628419677954, 0.538296598195192, -0.08484041597577852, -0.6037761490011548, -0.5570321538475687, -0.49108320280315393, -0.016721356581711012]], "inverted": true, "swapped": true, "error_lsq": 0.052602488307170486, "error_max": 0.2806870728608342, "target": "1062.xyz", "model": "11.xyz", "model_rescale": 3.6694154284099745, "target_rescale": 4.144451942387269},
{"mapping": [6, 4, 0, 1, 5, 11, 9, 3, 8, 10, 2, 12, 7, 13], "R": [[0.8012368926091722, 0.5972942413104375, -0.03548282992360041], [0.3905746176021112, -0.4771666895130844, 0.7872505436670645], [0.4532889917116485, -0.6446328720415311, -0.6156115254578365]], "T": [0.02304187976408699, -0.1556764868292759, 0.09888733785028744], "aligned_model": [[0.21549776974858992, -0.4238350438773758, 0.25585499605902706, -0.25934556868533565, 0.7992526612377439, -0.3728857730198399, -0.1896847810031343, -0.7575157242207563, -0.6503141832725124, 0.14057788472911342, -0.3122194549309728, 0.42041025229795104, 0.5013420702503232, 0.026678929709413674], [-0.5194469239285874, -0.1258496053489391, 0.13407844574148145, 0.6026830266837299, -0.23547422978559543, -0.765445810996195, -0.6996548975418735, 0.16337270273273777, -0.2437282420628037, -0.08354149200279784, 0.3095522036631646, 0.3527258738798271, -0.5836002884231912, -0.08588356337759626], [-0.28903872850323675, -0.49025612685775166, -0.5115043366976317, -0.1493497893569535, -0.09005692752925276, -0.029375337831703235, 0.649814849749551, -0.07485483349732736, 0.43270817615016954, 0.7189765389872591, 0.41109828639868984, 0.3119458190278467, 0.4734210029323277, -0.0012512934678511195]], "inverted": true, "swapped": false, "error_lsq": 0.047186201290285015, "error_max": 0.3557964975076683, "target": "1062.xyz", "model": "12.xyz", "model_rescale": 3.9764082729961374, "target_rescale": 4.144451942387269},
{"mapping": [8, 3, 7, 4, 2, 14, 12, 6, 13, 9, 5, 0, 1, 15], "R": [[-0.6685552674915383, -0.45600547234263816, -0.5874460515680443], [0.3552065278701249, 0.498190243302316, -0.7909707984728827], [0.6533469039245293, -0.737472366039533, -0.17109159085204964]], "T": [-0.07780111598772912, -0.20832966169150513, 0.1472627665878437], "aligned_model": [[0.2777306419730867, -0.1352845002565443, 0.280669427424857, -0.20087275408738822, 0.6970247988431241, -0.7215371590071539, -0.09783694873276011, -0.794061943753437, -0.5706827810216547, 0.21175028543696797, -0.24962784320861467, 0.3913230696767861, 0.4170108383336065, -0.11179109659864069], [-0.6424800607621093, -0.3515939287850255, 0.1986267989316951, 0.46496922265000984, -0.20158965520960564, -0.4300320040569043, -0.5141238256970309, 0.05743103455364951, -0.5165109960874457, 0.0430245950705892, 0.442104323500216, 0.34485949000210336, -0.5164705236974577, -0.15842727117932232], [-0.28257840956525127, -0.6801515538228995, -0.3789681785165972, -0.07041981429350708, -0.042101664933165056, -0.27137791213611634, 0.706996658374506, 0.14795892670241256, 0.3385020815579132, 0.6103827834929557, 0.6474978238908016, 0.17907776895107608, 0.3993201356210157, 0.05813865418099069]], "inverted": false, "swapped": false, "error_lsq": 0.04491555385085273, "error_max": 0.29359400006966746, "target": "1062.xyz", "model": "13.xyz", "model_rescale": 4.170626492500431, "target_rescale": 4.144451942387269},
{"mapping": [12, 8, 4, 2, 5, 7, 9, 0, 1, 11, 3, 6, 11, 13], "R": [[-0.43731977882976497, 0.8266397376094236, 0.35414425768224567], [-0.4663838860765944, 0.1282321857686191, -0.8752385830966871], [-0.7689196849166885, -0.5479263187126766, 0.3294529820924295]], "T": [-0.12667509588436837, -0.0989325978926508, 0.04269130707101189], "aligned_model": [[0.37124661201422965, -0.2290389084896269, 0.06965841287303917, -0.2512192769794321, 0.7820861210064858, -0.7466857141825569, -0.22001724975169837, -0.6816142612189939, -0.7517174807532414, 0.35204994568488174, -0.1322554656458602, 0.5135801360167245, 0.35204994568488174, -0.03430878123659792], [-0.47308913068276254, -0.44969096372942624, 0.15250738509222678, 0.5406337754520067, -0.11306925990975253, -0.5703469171776068, -0.635287687956942, 0.07925591145485239, -0.22057413223944217, -0.29699889943978175, 0.22521135216395516, 0.3785407340402413, -0.29699889943978175, -0.10030606839442442], [-0.34173941875614927, -0.6038738570612306, -0.5907865685399599, -0.04882791647500791, 0.008441725784591514, -0.18266435773333084, 0.6426220515219127, -0.08439049509635686, 0.4732024267119987, 0.5235777031118087, 0.6512742213439225, 0.3064747833280873, 0.5235777031118087, 0.08538929825204084]], "inverted": false, "swapped": false, "error_lsq": 0.05664704320691199, "error_max": 0.3804441346424704, "target": "1062.xyz", "model": "14.xyz", "model_rescale": 3.9786697098870705, "target_rescale": 4.144451942387269},
{"mapping": [12, 6, 11, 4, 9, 3, 5, 7, 2, 0, 10, 13], "R": [[-0.6258492408165479, -0.5257619392538678, 0.5760964424481052], [0.4049709764555377, -0.8503216914423766, -0.3360826227153441], [0.6665667528447539, 0.022965284552738358, 0.7450915109618501]], "T": [0.1468251575336883, 0.041180441603782134, 0.08778292685209224], "aligned_model": [[-0.03344437479329032, -0.6758040492779684, 0.5116454926523446, 0.5486268050205501, -0.13727706726233463, 0.4889589169091595, -0.4680073195479916, -0.3426994475694633, 0.5931562457324251, 0.17543872618502343, -0.1452402645652321, -0.03199906671588568], [-0.4339028450756706, -0.21018282301148222, 0.22390982125304104, -0.508104262088513, 0.19946603808343727, 0.5837246310397328, -0.18414620657656822, 0.3495370908094367, -0.005951452882357711, -0.5701827919015889, 0.5841631425416666, -0.013655851966694589], [-0.6487855499254637, -0.24515305933009915, -0.48531590096889154, -0.31115853137874616, -0.5403927547511108, 0.20174658870387596, 0.5895399790528325, 0.5507352630220949, 0.29270228742687715, 0.1643141183768058, 0.012927335271148921, 0.07880671837450583]], "inverted": true, "swapped": true, "error_lsq": 0.06240340093367588, "error_max": 0.4165598558517585, "target": "1062.xyz", "model": "15.xyz", "model_rescale": 3.769337070930944, "target_rescale": 4.144451942387269},
{"mapping": [10, 8, 11, 9, 3, 7, 2, 5, 4, 12, 13], "R": [[-0.1541649025800998, 0.13501859767825775, -0.9787763590797776], [0.8671758630678255, 0.493262455834565, -0.06854321393563667], [0.47353902196655445, -0.8593381918343039, -0.19312862742200715]], "T": [0.14198247354282215, 0.11077812231047676, -0.0036681333081094412], "aligned_model": [[-0.15968331994320603, -0.23567701222711393, -0.16439319770731745, -0.5557027310794169, 0.3383386007440061, 0.21541428203153412, 0.5592910069410948, 0.2610827155532417, 0.11093480339902805, -0.49356570503893016, 0.04658668801825018], [-0.07016425999396086, -0.733333918903938, 0.7345457404097578, 0.21698856403635436, 0.3618855851708066, -0.5364393533488931, 0.3739503401619759, -0.686910210554149, 0.6388228575449453, 0.3340777223681817, -0.037358569265737995], [-0.5155210293837236, -0.03494675440690287, -0.11309425555345506, -0.05191529347570435, -0.5718113691423259, -0.3568824257414549, -0.008000778343868486, 0.16970911044802967, 0.5815816736108154, 0.5853566164821128, 0.059742112730254274]], "inverted": false, "swapped": true, "error_lsq": 0.05211060065789317, "error_max": 0.2452652983283924, "target": "1062.xyz", "model": "16.xyz", "model_rescale": 3.7852294659196426, "target_rescale": 4.144451942387269},
{"mapping": [11, 6, 8, 9, 4, 0, 1, 5, 10, 3, 2, 7, 13], "R": [[-0.6489505359107202, 0.699109158915863, 0.300182587538224], [-0.11352581235062503, 0.30115249256037924, -0.9467940991339148], [-0.7523131607723739, -0.6485010101338511, -0.11606613625022166]], "T": [-0.02023932440377173, 0.15042349633666077, -0.11773998315710314], "aligned_model": [[-0.03284225206939517, -0.15129441535835844, 0.2488150931183563, 0.0703715389851578, -0.7084646505391547, -0.5973162304269886, -0.27381949761592106, -0.009328511934459886, 0.5473650757801374, 0.4492165085765017, -0.12028591977843087, 0.4680375532176176, -0.036688441738779165], [-0.06539090912231843, -0.623779138252237, -0.31453251399495674, -0.518229149148765, 0.10466365059384063, 0.23765239427867554, 0.7383151255278338, 0.1535027237257226, -0.10109748338027144, 0.4463706894295232, 0.5922409151106748, 0.194126951687197, 0.031212367247954953], [-0.7872110267157617, 0.3661851322514917, 0.6356230145547257, -0.33002847145986786, -0.5005773816858716, 0.08179479267857072, 0.33185721072731306, 0.7071373927101877, -0.10047077504981372, -0.45894945371591817, -0.3132210495822346, 0.437884644128917, 0.025730668301435902]], "inverted": false, "swapped": true, "error_lsq": 0.04793102226216239, "error_max": 0.31321454654280606, "target": "1062.xyz", "model": "17.xyz", "model_rescale": 3.901054581598922, "target_rescale": 4.144451942387269},
{"mapping": [7, 12, 3, 13, 0, 11, 4, 9, 10, 8, 5, 2, 1, 14], "R": [[0.06576912815441277, 0.1642868436479388, 0.9842175850826919], [0.6060996564221833, -0.7901213641308804, 0.09138619386355815], [0.7926648902699801, 0.5905235498675342, -0.15153979274476392]], "T": [-0.05048439997158954, -0.1880150502973984, 0.14185525073448077], "aligned_model": [[0.21875922856997165, -0.2060897279246547, 0.3299126758269239, -0.1937752284132835, 0.686252413624657, -0.6126940116886849, -0.08952372489951607, -0.6413430106475517, -0.7354464035579727, 0.1823124379530717, -0.2782624066599019, 0.3777240169895431, 0.441399336884349, -0.08541156103471614], [-0.5757072366837545, -0.15488826803393257, 0.16973465147633654, 0.45852213752754756, -0.17127778094703833, -0.5842929558102412, -0.5848862608896688, 0.0849742688772524, -0.41700592777779094, -0.0028351366420645563, 0.3296690911932826, 0.5135773348013887, -0.6635384169395464, -0.18225830091840867], [-0.3238481537001281, -0.5838614310957627, -0.41556658694100757, -0.15640571141860113, -0.03826484755060219, -0.2626384612338798, 0.824894885910951, 0.03912962033521787, 0.530241630262069, 0.7350940592852656, 0.4068200716329837, 0.2320981385603041, 0.2745709869144495, 0.10001309854287616]], "inverted": true, "swapped": false, "error_lsq": 0.04502917533357244, "error_max": 0.3120957497092563, "target": "1062.xyz", "model": "18.xyz", "model_rescale": 3.9405287249114394, "target_rescale": 4.144451942387269},
{"mapping": [9, 5, 8, 0, 7, 2, 14, 2, 10, 12, 1, 4, 13, 15], "R": [[-0.7330575993718043, 0.6314859620509962, 0.2526896035371764], [-0.6621050045728029, -0.577472509495712, -0.4776426108466176], [-0.15570330414893604, -0.5174465967703843, 0.8414306273055737]], "T": [0.02657973788103829, -0.10890387903690316, 0.2077097196087893], "aligned_model": [[0.33819025264133257, -0.2770279093200603, 0.10136029179271211, 0.07130284229365678, 0.6309361260039205, -0.7707715440385882, -0.0687312816324182, -0.7707715440385882, -0.5874917226588199, 0.13693406382204815, -0.41665150111885646, 0.5706135774916163, 0.44590491621665584, -0.009982532432376304], [-0.5758276261773912, -0.32549470586639906, 0.18811655188437956, 0.5467181248898972, -0.12360969640189086, -0.20329753348981958, -0.6123246021679963, -0.20329753348981958, -0.570726741986002, 0.0720164349272398, 0.3662981688355452, 0.3739959236438727, -0.5907007265181877, -0.12207883885006661], [-0.3156361969737757, -0.5353740260438768, -0.4839975074085057, 0.005635748363961246, -0.1530708840993848, -0.12492529693817378, 0.7884182068531711, -0.12492529693817378, 0.37366128348954736, 0.7129114861839014, 0.32281187619974117, 0.2818716407376126, 0.41595966064807366, 0.19893660543001732]], "inverted": false, "swapped": false, "error_lsq": 0.048477206580418056, "error_max": 0.3544560392645193, "target": "1062.xyz", "model": "19.xyz", "model_rescale": 4.410303926677745, "target_rescale": 4.144451942387269},
{"mapping": [6, 0, 2, 7, 4, 3, 10, 5, 5, 9, 8, 12, 11, 13], "R": [[-0.3921309103723812, -0.9156608908647506, -0.08830901466610892], [-0.9198692329331244, 0.3894054735826274, 0.04694647427566011], [-0.008599036780538694, 0.09964190927848182, -0.9949862041665631]], "T": [-0.02390364781361183, -0.10203718024831399, -0.01793452456049463], "aligned_model": [[0.2296871252265112, -0.25158929770565236, 0.24276879294790343, 0.01725137007900604, 0.6421923020213479, -0.4100151604025237, -0.29360586274796463, -0.764377174800821, -0.764377174800821, 0.10858487479522654, -0.36894160604929094, 0.48445267206618997, 0.5821773561240065, -0.06039418173088296], [-0.60028530914922, -0.254676278247835, 0.17116398304230068, 0.6081783961833556, -0.20450582946913426, -0.662605018728597, -0.510191714433323, -0.21756440544146344, -0.21756440544146344, -0.0007064993626153815, 0.32397910319984313, 0.33601858066904605, -0.4695947713447137, -0.0818586322428185], [-0.17268059092147695, -0.6797652605631942, -0.5590959251324894, -0.04538018829454428, -0.22019612881143827, -0.268222946206908, 0.6422204606444601, 0.35277174600782846, 0.35277174600782846, 0.6499244510299981, 0.5210613149604185, 0.32898901118469914, 0.4118335040166212, 0.0480461055823328]], "inverted": true, "swapped": false, "error_lsq": 0.04778564680910461, "error_max": 0.37793005081645736, "target": "1062.xyz", "model": "20.xyz", "model_rescale": 4.121658175737393, "target_rescale": 4.144451942387269},
{"mapping": [1, 2, 3, 7, 10, 0, 11, 5, 4, 6, 9, 8, 13], "R": [[-0.9653702863628024, 0.23716996013685504, 0.10867667742659345], [0.2546396094600337, 0.7660230324480104, 0.5902265523112259], [0.056735169884673455, 0.5974605625209394, -0.7998887402197385]], "T": [-0.003187189646761207, 0.024767876978987115, 0.14676370879527345], "aligned_model": [[0.08526456370341116, -0.1606382820374002, 0.21616797091385986, 0.7140727413840072, 0.45505240025279836, -0.36069993147824764, -0.40524189887995077, 0.4678548982031706, -0.7888132997217228, 0.09914200667767561, -0.09952763632046367, 0.6041979466101777, 0.054251425356979216], [-0.6642325166756856, -0.03980281562235501, 0.43435243032895726, -0.14404291147755965, 0.41224248803435565, -0.47331957054672524, 0.6016059226074445, -0.5946591072580176, -0.045923500379289044, -0.136811492834809, 0.4737790685743895, -0.23210259528907237, -0.050258495298450175], [0.5066412623340895, 0.6098669146477891, 0.6034049577098923, 0.06876283242574066, -0.013285308479835223, 0.07942652059474453, 0.16991645057317992, -0.12706246847926828, 0.13642537892479084, -0.7555497159208276, -0.39127026717781266, -0.5022594296088546, -0.0149073880618395]], "inverted": false, "swapped": true, "error_lsq": 0.05823431626453228, "error_max": 0.33419119721116425, "target": "1062.xyz", "model": "21.xyz", "model_rescale": 4.08911054899281, "target_rescale": 4.144451942387269},
{"mapping": [14, 3, 4, 0, 15, 12, 5, 7, 10, 8, 6, 1, 11, 16], "R": [[0.6522508961368946, 0.2174857589779448, -0.726132710412088], [0.3889112569340865, 0.7262371102209789, 0.5668577369744817], [0.6506280064050172, -0.6521346520310579, 0.38910614606012583]], "T": [-0.01473661744407007, -0.15752403319364242, 0.06977142158905963], "aligned_model": [[0.045500292236295425, -0.0401296795040223, 0.02038152257836171, -0.18289419996023049, 0.6344015201423512, -0.5376529890088484, -0.11186209998772478, -0.6929694439848769, -0.6645984165964512, 0.18604315015219558, -0.3712851243025209, 0.5935799351580026, 0.5512321769560682, -0.035932608856364484], [-0.6385377534545926, -0.27602406459638584, 0.2787455637839925, 0.5966088614389712, -0.4548541409595065, -0.5774039535324617, -0.5342157409454398, 0.05617474269376943, -0.43545628776791545, 0.0705577035747249, 0.28422739310159295, 0.31499173541959524, -0.3419595665245787, -0.12306729299840403], [-0.35072816411816005, -0.7902237866831991, -0.47311691026390595, 0.014219618246321258, -0.07761074572077967, -0.2388202615131888, 0.6583281749271421, 0.05840242004437124, 0.4590896886722115, 0.6930115232648006, 0.5527755294126921, 0.26128696014457875, 0.5509739652945502, 0.044689287796701165]], "inverted": true, "swapped": false, "error_lsq": 0.04113826055482373, "error_max": 0.23698523159072735, "target": "1062.xyz", "model": "22.xyz", "model_rescale": 4.204369325754507, "target_rescale": 4.144451942387269},
{"mapping": [9, 5, 8, 0, 7, 2, 14, 2, 10, 12, 1, 4, 13, 15], "R": [[-0.7330575993718043, 0.6314859620509962, 0.2526896035371764], [-0.6621050045728029, -0.577472509495712, -0.4776426108466176], [-0.15570330414893604, -0.5174465967703843, 0.8414306273055737]], "T": [0.02657973788103829, -0.10890387903690316, 0.2077097196087893], "aligned_model": [[0.33819025264133257, -0.2770279093200603, 0.10136029179271211, 0.07130284229365678, 0.6309361260039205, -0.7707715440385882, -0.0687312816324182, -0.7707715440385882, -0.5874917226588199, 0.13693406382204815, -0.41665150111885646, 0.5706135774916163, 0.44590491621665584, -0.009982532432376304], [-0.5758276261773912, -0.32549470586639906, 0.18811655188437956, 0.5467181248898972, -0.12360969640189086, -0.20329753348981958, -0.6123246021679963, -0.20329753348981958, -0.570726741986002, 0.0720164349272398, 0.3662981688355452, 0.3739959236438727, -0.5907007265181877, -0.12207883885006661], [-0.3156361969737757, -0.5353740260438768, -0.4839975074085057, 0.005635748363961246, -0.1530708840993848, -0.12492529693817378, 0.7884182068531711, -0.12492529693817378, 0.37366128348954736, 0.7129114861839014, 0.32281187619974117, 0.2818716407376126, 0.41595966064807366, 0.19893660543001732]], "inverted": false, "swapped": false, "error_lsq": 0.048477206580418056, "error_max": 0.3544560392645193, "target": "1062.xyz", "model": "23.xyz", "model_rescale": 4.410303926677745, "target_rescale": 4.144451942387269},
{"mapping": [4, 8, 10, 11, 3, 15, 12, 14, 6, 7, 13, 1, 0, 16], "R": [[-0.07538731384030525, 0.5146114716494775, 0.8541029130957831], [-0.9753182300819371, -0.21632398600785802, 0.044252493121971215], [0.20753578723145893, -0.8296860649212036, 0.5182180339333895]], "T": [-0.0978761047356925, -0.11351805525217065, 0.07214736815671027], "aligned_model": [[0.20474755107831646, -0.1050386590102673, 0.17236496006349597, -0.16338928947808945, 0.7568742414180242, -0.6893505801120178, -0.0922779962977325, -0.7192859486001256, -0.6840547043590132, 0.12908722759227545, -0.47806604022499055, 0.6095625006114783, 0.43125604330919587, 0.021384729031684813], [-0.5662797339700268, -0.32232398710313426, 0.12668571849052943, 0.5129978069240666, -0.30808048394898063, -0.3720361921105654, -0.5779449017215385, 0.1533514489026426, -0.451015071472482, 0.20935736104382166, -0.009486404977013682, 0.36283167557836726, -0.4148513711094489, -0.12341866529287554], [-0.34893475948290287, -0.722871781231887, -0.4691989722313833, 0.009638299396749359, -0.12983850195246818, -0.2322216656300969, 0.7282359294379851, 0.10008414884419584, 0.41911783252771007, 0.6070959713071177, 0.6542295380629942, 0.16678828516654007, 0.5189171228917726, 0.06123585239780881]], "inverted": true, "swapped": false, "error_lsq": 0.04830940253366075, "error_max": 0.42313790520809624, "target": "1062.xyz", "model": "24.xyz", "model_rescale": 4.28219845311461, "target_rescale": 4.144451942387269},
{"mapping": [13, 12, 9, 5, 7, 14, 0, 10, 6, 1, 8, 3, 4, 15], "R": [[0.7047493155452766, -0.5669481524023837, -0.4264952458421874], [-0.5406637170039704, -0.8184323517359934, 0.1945539276070829], [-0.45935949685830474, 0.09347875758382224, -0.8833179351324586]], "T": [-0.017167156093804606, -0.17249608918546205, 0.03629196694536929], "aligned_model": [[0.18103486844562944, -0.1767389559172658, 0.31226908989049906, -0.16327482701618973, 0.7069624734173829, -0.6283137970919469, -0.05860303147616626, -0.7909048283669725, -0.7010995636430499, 0.09051680116076229, -0.4677304851546433, 0.5921285725599041, 0.5138642780865922, -0.016296559872300786], [-0.5995616312300243, -0.2784716763677001, 0.2305235218176363, 0.6639784298516822, -0.28688290693201485, -0.5341176026541352, -0.5187238879449136, -0.0007356175207426929, -0.406779430634867, 0.19595788805428588, 0.2190835635274464, 0.2119561810822151, -0.46918257152098136, -0.20725706029452515], [-0.3259889146971187, -0.7037931064451871, -0.3948931868546546, 0.10143495132094052, -0.2246638556377496, -0.23916091303221076, 0.7738308144871705, -0.0028637951681581564, 0.5743857438878427, 0.5486621757328037, 0.39069868106867184, 0.32089785548283367, 0.4420398198508388, 0.1016910295081126]], "inverted": false, "swapped": false, "error_lsq": 0.0409497693151177, "error_max": 0.2540654214805882, "target": "1062.xyz", "model": "25.xyz", "model_rescale": 4.100010024507729, "target_rescale": 4.144451942387269},
{"mapping": [5, 6, 12, 9, 1, 2, 0, 11, 10, 3, 7, 13], "R": [[-0.7557984471409601, -0.39672672966447425, -0.5209382010076097], [-0.28889756319050225, -0.5119155306605035, 0.808999806830116], [-0.5876282032730419, 0.7619385745834807, 0.2722915776879453]], "T": [0.021799078889562756, 0.18859234212125986, -0.04967448530162077], "aligned_model": [[-0.7113553342623273, -0.043901860481357274, 0.5186794510175751, 0.5120952240263377, -0.6324716775679002, -0.0022981464748316194, -0.16239649378103935, 0.7150691119942396, 0.0898707271139648, 0.1615851355879593, -0.5184628064946712, -0.049647728314942546], [-0.1851328527789332, -0.709271855148937, -0.29207222641246355, -0.3146022412726557, 0.523856234125814, 0.6769013420094224, 0.21692534142300424, 0.30289977001524143, -0.08357191138749037, 0.5725786407545653, -0.061044327842756485, 0.018665476565827954], [0.008336702071872322, 0.1510042216377334, 0.5184855475237841, -0.13200304930987553, 0.21787926374823774, 0.01664628419677954, 0.538296598195192, -0.08484041597577852, -0.6037761490011548, -0.5570321538475687, -0.49108320280315393, -0.016721356581711012]], "inverted": true, "swapped": true, "error_lsq": 0.052602488307170486, "error_max": 0.2806870728608342, "target": "1062.xyz", "model": "26.xyz", "model_rescale": 3.6694154284099745, "target_rescale": 4.144451942387269},
{"mapping": [2, 4, 10, 8, 11, 0, 6, 5, 1, 3, 7, 9, 12, 13], "R": [[-0.4060695560865183, 0.14631551102518628, -0.9020528182169472], [-0.25414171554933596, -0.9662405644480992, -0.04232209863250081], [-0.8777924037250142, 0.21206353493341878, 0.42954575206164514]], "T": [-0.058542893580100765, -0.06361572066884286, 0.06821899400167161], "aligned_model": [[0.1314043019469181, -0.2522818935313128, 0.2801584172346042, -0.16391544274041467, 0.7399388795410062, -0.5103029166936253, -0.05437330387486517, -0.8413265763854573, -0.6899868802905653, 0.11279395922199456, -0.2972771837300828, 0.43690423530905115, 0.546481501346806, -0.04440306233182228], [-0.6610119049536298, -0.08506923874501984, 0.09851822634140056, 0.4920966762136864, -0.32884558465858693, -0.47116819744208643, -0.6082189307413457, 0.04722840466508346, -0.48467662760812197, 0.055339652302281536, 0.31950993174178793, 0.36682228631829694, -0.40676138871489637, -0.11397610548548845], [-0.1947781697029589, -0.7302392181478343, -0.4017647559002977, -0.22916552184369102, -0.09987457067748776, -0.19013580724189752, 0.486047176278558, 0.09890751846587562, 0.5194759695604051, 0.8488114116222352, 0.5067953247469096, 0.2529317442025925, 0.4502259905370851, 0.04504020760464193]], "inverted": true, "swapped": false, "error_lsq": 0.040556996143682286, "error_max": 0.21216579743245476, "target": "1062.xyz", "model": "27.xyz", "model_rescale": 4.103607728864725, "target_rescale": 4.144451942387269},
