[{"mapping": [6, 3, 12, 0, 2, 5, 11, 1, 10, 9, 4, 13], "R": [[0.8653854524514117, 0.10177311871644991, 0.4906630727823249], [0.21090197072987255, -0.962185541281515, -0.17239298968071226], [0.45456394206725376, 0.2526681943884619, -0.8541255212887349]], "T": [0.12964005600996478, -0.006721597804060175, 0.03403062708035403], "aligned_model": [[-0.27513586489274877, 0.23921810020803455, 0.43477272999140015, -0.21917397520721352, -0.15016472537433875, -0.5460867709543672, 0.3772941430132024, -0.2953887603128459, 0.7778125153811216, 0.03321039597617423, -0.5815678168607893, 0.04285249149291952], [-0.2175852264571351, -0.7237909032389782, -0.3537937380665909, 0.6738878799873302, 0.41294968307261254, -0.5292779706553521, -0.21471569765614207, -0.4341317050289312, -0.01504707826333243, 0.44980088085121417, 0.06452317552529219, -0.059264264092930105], [-0.564493847749525, 0.031823981658640026, -0.507161229858913, -0.006242654637370899, -0.5995803031942561, -0.011068787855839125, 0.42912803658947224, 0.6626647845029671, -0.13580739928440086, 0.5771920447212028, 0.35065046534737454, -0.04515334488578935]], "inverted": false, "swapped": true, "error_lsq": 0.038865938487243665, "error_max": 0.26901020258076036, "target": "1063.xyz", "model": "0.xyz", "model_rescale": 3.751011558992144, "target_rescale": 3.8935928110894604},
{"mapping": [5, 11, 2, 7, 9, 12, 3, 8, 4, 10, 1, 6, 0, 14], "R": [[0.10549690682293106, 0.9901966136539817, -0.09154817834878923], [-0.9874058949859539, 0.11522282104083931, 0.10841263790895578], [0.11789826630524064, 0.07895801301691069, 0.989881624732291]], "T": [-0.06651131248812997, -0.061718007185579876, -0.03326302738809503], "aligned_model": [[-0.28010784816025397, -0.09915683141909018, -0.4808147588483844, -0.08104609945965413, -0.38198260654724414, -0.5980668960739619, -0.6765685595961324, 0.2221359944695594, 0.6848216739582453, 0.3104263466156668, 0.40875230681013464, 0.35621506603353675, -0.1429805640604347, -0.10201845170523238], [-0.6210671254884165, 0.46918414942094544, -0.5785051106892791, 0.5585590379973132, -0.20800118184077535, 0.4368743040556765, 0.12575595216452165, -0.6071360709269783, -0.29372317403866854, -0.23160390837948658, 0.19427543567603642, 0.5405943138388699, 0.10330043349257212, -0.03716052987051751], [-0.2110019674049825, -0.6280807802594639, 0.461733786717189, 0.2006646344736777, -0.5929671606332941, -0.17758722081053913, 0.3863672376421784, 0.2109092889594592, -0.11838832292855025, -0.7414371089907367, 0.4075060718228263, -0.182420736254374, 0.7032326523681464, -0.067026703371391]], "inverted": true, "swapped": false, "error_lsq": 0.03910330469384592, "error_max": 0.21553319201251958, "target": "1063.xyz", "model": "1.xyz", "model_rescale": 3.9405287249114394, "target_rescale": 3.8935928110894604},
{"mapping": [1, 9, 4, 10, 7, 5, 11, 8, 2, 6, 12, 3, 13], "R": [[0.8301295637493643, -0.5299862816123645, 0.17320348926043555], [0.36689975244310996, 0.28531996084128874, -0.8854248085538999], [0.41984458915945905, 0.7985656273896499, 0.4313043701439855]], "T": [0.028649869429485025, -0.04087344503486289, 1.4827699466601202e-05], "aligned_model": [[-0.5098678169082482, 0.3073501995919087, -0.4274357250778993, 0.49273475858550464, 0.48623598956605196, -0.8244249354834282, 0.11571031745980749, 0.7516498465597375, 0.033399886904078, -0.47000883372370805, -0.021746730113640575, -0.35923656327128073, -0.07837711480495178], [0.6410851419104412, 0.4878014790188815, 0.33354831773905164, -0.2664874101823592, -0.3007374651401265, -0.003099740042695691, 0.3397912294595733, 0.20523342087065988, -0.6654869224127291, -0.5915215056404701, -0.5908045108596336, -0.020784373428129825, -0.10970506772044666], [0.05867474190161233, -0.3944021206046447, -0.5127569072747302, 0.42752548288723635, -0.20981090862013946, -0.05040728201769275, 0.32896913967045344, 0.05954328046579303, -0.515458694271898, -0.12108337262829709, 0.44889081379158124, 0.6126657481916019, -0.01922957190223219]], "inverted": false, "swapped": true, "error_lsq": 0.049670360837766485, "error_max": 0.25841988385395953, "target": "1063.xyz", "model": "2.xyz", "model_rescale": 3.932901565614263, "target_rescale": 3.8935928110894604},
{"mapping": [5, 0, 12, 1, 4, 2, 6, 9, 8, 7, 11, 3, 10, 13], "R": [[0.2956541127304402, -0.8787605758649492, -0.3746578384754271], [-0.35734717514939146, -0.46545270700492286, 0.8097263574532692], [-0.8859411052876631, -0.10551600754052665, -0.45163561652551415]], "T": [0.02557541526914133, 0.03547180498369537, -0.04828599308433228], "aligned_model": [[-0.3888691003382247, -0.0887446629176325, -0.2670333290724297, -0.1896978707511488, -0.5524103729006782, -0.6843442807332809, -0.6096874255114356, 0.21389550204540267, 0.72516549298848, 0.17508894111306625, 0.5934464372702384, 0.42199142896968983, -0.16949560226955862, -0.039696385875733674], [-0.5488923193229608, 0.5086208601972411, -0.46481954529602654, 0.7152377740701963, -0.018429509569915375, 0.42104066248789096, -0.06441027235454833, -0.6722354411473533, -0.18535464752689768, -0.39105116268981144, 0.1914622767931579, 0.30195182077534943, 0.0913083351955423, -0.03308230620005105], [-0.10790142196778059, -0.5087327548461082, 0.44892472454922455, 0.15257281431546765, -0.7011669022100936, -0.25212547534681556, 0.1822719268224604, 0.010696530420801473, -0.023870289937684128, -0.6009761512958249, 0.6232035254068495, -0.22864181735032413, 0.6387183884967099, 0.018530574273263267]], "inverted": true, "swapped": false, "error_lsq": 0.0491475732398174, "error_max": 0.2990268895347383, "target": "1063.xyz", "model": "3.xyz", "model_rescale": 3.9243930471874484, "target_rescale": 3.8935928110894604},
{"mapping": [9, 0, 8, 11, 10, 4, 1, 7, 12, 6, 3, 5, 13], "R": [[-0.8946310125555111, -0.1715579828514322, -0.41255691715671045], [0.37654923347695957, 0.20753691613629233, -0.9028505431180468], [0.24051200831105163, -0.9630660864969681, -0.12106893448609918]], "T": [0.0658661981916953, -0.024906538722149082, -0.1275877594558573], "aligned_model": [[0.0013495829110815455, -0.31715542487494675, 0.6327702615323446, 0.36051523109950345, 0.6940188572000082, -0.6136070341835459, -0.2749627726927672, 0.2488026395756917, 0.33284376936509646, -0.3849367844138172, 0.20865104048576993, -0.5854403116731606, -0.025643168019905918], [-0.5906233388472388, -0.04240937577465968, -0.2997304599513585, -0.3867951183118691, 0.20656786754073775, -0.41067012746034404, -0.6759317913335575, 0.1992117407516218, 0.555017973430112, 0.5390710157184565, 0.01317299917192745, -0.026439368102626606, 0.04738753685038595], [-0.5617972559830142, -0.7905436507580402, -0.5634005499439291, 0.07957077585594, -0.15734749967039985, -0.1529483239940915, 0.3398644107276537, -0.614667281842548, 0.186838991934924, 0.08511990839589637, 0.5825974582557175, 0.42694208226244057, -0.07315874986958544]], "inverted": true, "swapped": true, "error_lsq": 0.03988649211530645, "error_max": 0.19786011222372551, "target": "1063.xyz", "model": "4.xyz", "model_rescale": 3.8936222436046832, "target_rescale": 3.8935928110894604},
{"mapping": [1, 3, 5, 4, 6, 12, 10, 7, 9, 11, 0, 13], "R": [[-0.4161507006386848, 0.3970719602923325, 0.8180173914456441], [0.4928899961112184, 0.8544906471047375, -0.16402800292636016], [-0.764119130824124, 0.3349322205463836, -0.5513096784462013]], "T": [-0.06002816203324714, -0.015301025948303532, 0.08845398930164902], "aligned_model": [[0.20866272860193225, -0.5087309071953402, -0.35957183089125844, 0.29090979758384516, -0.6271379823487117, -0.7231541169376734, -0.2517903355590717, 0.03496017495313174, 0.654465105249738, 0.10384924542018888, 0.35248307787515026, -0.14739691453683346], [-0.4907871275510083, -0.5562125276508837, -0.05707437008694749, 0.15816628076293393, 0.36166633975708473, -0.07297236305964813, -0.20320273810293052, 0.3375438232419923, 0.026370202336230313, -0.4952235534429434, 0.6286899721549568, 0.03195896675097139], [-0.5899470505070472, -0.09121570669928528, -0.7116925240825722, -0.5882233489818707, -0.23220255576903184, 0.3402309344390646, 0.7024263187152945, 0.521373074287989, 0.06612333311005161, 0.14773820569183085, 0.048049804308430116, 0.006624234762665007]], "inverted": true, "swapped": true, "error_lsq": 0.052071287583172, "error_max": 0.34664001948383705, "target": "1063.xyz", "model": "5.xyz", "model_rescale": 3.6523030999806103, "target_rescale": 3.8935928110894604},
{"mapping": [0, 4, 1, 9, 11, 2, 5, 7, 6, 12, 3, 10, 13], "R": [[-0.9460095812681887, 0.043181656459569714, 0.32124946178039576], [0.051594084558377454, -0.9583907965168296, 0.28075813717579073], [0.32000612898407005, 0.2821744596827374, 0.9044189580694258]], "T": [0.17588306611419152, -0.05626305976347528, -0.027370014842240158], "aligned_model": [[0.12067074483320155, -0.05043099044005228, 0.20604410719060293, 0.6245787801901272, 0.5508440139831232, -0.32284751040796084, -0.4540139021932738, 0.3123008565653592, -0.5674955720761363, -0.10195736967084684, 0.033734653084737415, 0.48125046326559956, 0.04840463033981346], [-0.6472131862787609, 0.0862421434035486, 0.6461399770960776, -0.20289080580164692, 0.2878709613675424, -0.694284152236503, 0.4426754435354575, -0.5919105015868137, -0.10980049193693064, -0.023267556830412837, 0.5677667673339029, -0.18177872981034846, -0.03872296409192957], [0.4566258264664386, 0.707214761082646, 0.48666313949009316, 0.5110612609275241, -0.0682615598965575, -0.0187439935666111, 0.2658808060555953, -0.15151996621357494, -0.13253895816834918, -0.6817167381654495, -0.3688099208538706, -0.6104981098962046, -0.02524680777989037]], "inverted": true, "swapped": true, "error_lsq": 0.043672957181151946, "error_max": 0.27205359038244314, "target": "1063.xyz", "model": "6.xyz", "model_rescale": 4.08911054899281, "target_rescale": 3.8935928110894604},
{"mapping": [9, 2, 10, 7, 1, 13, 12, 8, 3, 0, 4, 6, 5, 14], "R": [[0.46992102006612746, 0.13122363255045574, 0.8729001049148026], [-0.7510933878184369, -0.4600539287111978, 0.473507239071184], [0.4637164625883296, -0.8781405018205546, -0.11762780873123196]], "T": [-0.13501348068623642, -0.03108811689351315, 0.024606732357629224], "aligned_model": [[-0.07126701212634998, -0.10652863377372201, -0.3888568164505726, -0.08911911668376804, -0.3577986673698317, -0.7376917911580189, -0.7141065830390936, 0.11499072064990556, 0.5896463371218117, 0.42618357752824343, 0.4210893292686416, 0.2570275411175256, -0.03473693901944093, -0.16922317404857562], [-0.7035733237538633, 0.5139749847387303, -0.3763263640026699, 0.7368636122405465, -0.14116081650095003, 0.33389176657694747, 0.1431670732938016, -0.6150390723253396, -0.27810215398859517, -0.027835350486548838, -0.08687722179557886, 0.2263371772614624, 0.29158846695063945, -0.16556225279676903], [-0.3732089815199476, -0.5688866307279775, 0.603958967291624, 0.11082049929927035, -0.6654634236778871, -0.1740463851623088, 0.40181784766485784, 0.27289719582636324, -0.1761509579014725, -0.730180300166118, 0.4541259173037385, -0.146211948136519, 0.7074871516210192, -0.06545528038449704]], "inverted": true, "swapped": false, "error_lsq": 0.05015302782442622, "error_max": 0.35780818566114625, "target": "1063.xyz", "model": "7.xyz", "model_rescale": 3.964800864290218, "target_rescale": 3.8935928110894604},
{"mapping": [0, 7, 3, 9, 1, 8, 5, 6, 4, 2, 11, 12, 10, 13], "R": [[-0.27335428252759103, -0.9615303012154687, -0.027146198045327696], [-0.5735290120051705, 0.185575279845549, -0.7978886437959993], [0.7722317713045734, -0.20253714561713465, -0.6021933211461787]], "T": [-0.05534980860470335, -0.07607513613800962, -0.047186334082897456], "aligned_model": [[-0.21782130882516834, -0.10102550828341342, -0.3513279373440316, 0.018848762658864128, -0.5518754494225215, -0.48569301192217595, -0.7987146006702064, 0.26790064089191057, 0.6302724619206638, 0.21067624077490033, 0.561796257242062, 0.37045440217451037, -0.31551442276838587, -0.09836775441025336], [-0.7313973314875689, 0.3060648829530048, -0.6443214338096711, 0.5433782288940608, -0.10131932899747317, 0.5607542687237124, 0.06905583413045782, -0.4509452208421171, -0.2154599925477791, -0.3312799974939843, 0.14449673425325313, 0.5175878539893475, 0.20010969695853867, -0.015377669311968531], [-0.28659227473828036, -0.6461319920767526, 0.2926015235471567, 0.24372400839654063, -0.6092761044129792, -0.0648106885165236, 0.30695560124067506, 0.25528249021592336, -0.12193497271337969, -0.5973766171176402, 0.4603686953431149, -0.23935804252174606, 0.681627993789247, -0.023575949105210388]], "inverted": true, "swapped": false, "error_lsq": 0.04445299428156307, "error_max": 0.3015943343940656, "target": "1063.xyz", "model": "8.xyz", "model_rescale": 4.121658175737393, "target_rescale": 3.8935928110894604},
{"mapping": [9, 11, 10, 7, 1, 4, 3, 6, 12, 5, 0, 2, 13], "R": [[-0.006674398608379088, -0.046315896830983395, -0.9989045450411959], [-0.14315105286179997, 0.9886824937336149, -0.04488543916727057], [0.9896783459628563, 0.14269465401836995, -0.013229030455898207]], "T": [-0.018228693791373263, 0.011081326344192573, -0.1629336076139505], "aligned_model": [[-0.620235499867916, -0.18072623069062496, 0.4504505500700319, 0.17926233558414714, -0.6660375526952095, -0.6550844903561135, 0.19290666232987075, 0.32638098340020866, 0.663035299004928, -0.20615581324774654, -0.3056597623872452, 0.2825691758356236, 0.0160318394552431], [0.3300871550963717, -0.26837453872859923, 0.07021233639791685, 0.5277599709455981, -0.5645880830449145, -0.022379903496329047, -0.6817098359021884, -0.07906052130831626, -0.19233598218764358, -0.518295861821617, 0.6670126231432555, 0.5484081598725474, -0.02634807955437196], [-0.3832943689238071, -0.558148770989035, -0.6382073139507674, -0.28533327035050393, -0.07657266875563129, 0.28921196476708877, -0.20371194451077726, 0.5001328903253359, -0.1320399836155941, 0.4821625519908487, 0.1084700429493716, 0.36306831846607224, -0.04466201344351234]], "inverted": true, "swapped": true, "error_lsq": 0.0405578263411578, "error_max": 0.19771827814413098, "target": "1063.xyz", "model": "9.xyz", "model_rescale": 3.833441315466971, "target_rescale": 3.8935928110894604},
{"mapping": [13, 1, 9, 6, 5, 4, 3, 8, 10, 0, 11, 12, 7, 14], "R": [[0.971654990410199, -0.20797803502891105, 0.11239090958111078], [0.12922000413558937, 0.06914138291487212, -0.989202537248979], [0.19796153702715744, 0.9756867356452747, 0.09405649229964555]], "T": [-0.040061140163902755, 0.027608640488471677, -0.03320779566236175], "aligned_model": [[-0.18741946630090556, 0.0610211054413936, -0.3304087068815463, -0.1795331807478546, -0.4833594174066397, -0.7188562425867602, -0.7728331319519586, 0.23965267296958628, 0.6700073721436028, 0.21033814709435247, 0.43284472410347724, 0.3929227667154973, -0.09622875839511678, -0.09853911218037333], [-0.5866283845779388, 0.40354707807661216, -0.5056188272539691, 0.6882071416761959, -0.08926592418034601, 0.4419092005823358, -0.014208422750708917, -0.5870188460825893, -0.3825181421569703, -0.1426979030358827, 0.07072220276673462, 0.4402232253714823, 0.12664569524106062, -0.011951568264203079], [-0.5197105625304664, -0.6609510582156156, 0.5046368702764596, -0.10660219714364817, -0.5304624336438557, -0.0924094419476798, 0.4311394784985273, 0.356089774161037, -0.09111179816801293, -0.6432232379890387, 0.45652513699866654, -0.10596903559163065, 0.6232606630087166, 0.03029151361668636]], "inverted": false, "swapped": false, "error_lsq": 0.048717943485081856, "error_max": 0.3111093938411792, "target": "1063.xyz", "model": "10.xyz", "model_rescale": 4.2482417240324, "target_rescale": 3.8935928110894604},
{"mapping": [2, 6, 5, 3, 0, 9, 4, 11, 12, 8, 7, 13], "R": [[0.26309010306150143, 0.9439617296287097, -0.19929839604839678], [0.6448596119001815, -0.3257084381162226, -0.6914261307470514], [-0.7175929755864645, 0.0533878856695591, -0.6944134611689913]], "T": [0.06861874141418531, 0.09107789546312928, -0.1112377568495237], "aligned_model": [[-0.6728264776968755, -0.16648341918230883, 0.31977893741583907, 0.6790783449615424, -0.5885013659275307, -0.039831938442837375, 0.01688735845690187, 0.503545013320454, 0.13569105682119745, 0.019657574223002502, -0.3804051886637432, 0.05017570707736545], [-0.23002034224091084, -0.5836191215451226, -0.36763194149914813, -0.2980669742508201, 0.38103535987247006, 0.7680394278425752, 0.2532924474302015, 0.3354208668828008, -0.4833277595954535, 0.6852393126585848, 0.22413723397828422, -0.018367119482821825], [-0.056170348681419374, 0.12550994076291586, 0.565674132640402, -0.15712837313786837, 0.15454459812213472, 0.09539552261539352, 0.6517503697237386, -0.22001140120798435, -0.5259823689152014, -0.5922951416681153, -0.4300071540008991, -0.046087486398740066]], "inverted": false, "swapped": true, "error_lsq": 0.05255045897114292, "error_max": 0.2875074976630167, "target": "1063.xyz", "model": "11.xyz", "model_rescale": 3.6694154284099745, "target_rescale": 3.8935928110894604},
{"mapping": [11, 0, 9, 12, 6, 5, 7, 8, 3, 4, 2, 1, 10, 13], "R": [[0.35672887113585117, 0.7152695055591438, -0.60094429601696], [-0.7930849447423827, -0.1080930728632098, -0.5994432066692901], [-0.4937213616212223, 0.6904385722250512, 0.5287095564321866]], "T": [-0.1295390009813572, 0.013463875596384416, -0.026214880877525937], "aligned_model": [[-0.24136474443951197, -0.0618355739784385, -0.3794153584787001, -0.09318427238639602, -0.4890697640956382, -0.7401042533066607, -0.796095843558334, 0.28195976528263467, 0.6713216043974776, 0.26034278547645073, 0.40869820424947956, 0.6072990736570886, -0.21091392235625564, -0.07802892844644112], [-0.6902975460558077, 0.43137967157926965, -0.5717150015730549, 0.6374794316270509, -0.09076742504717615, 0.4970171374953858, -0.00398345275536381, -0.5342985382623143, -0.2696364878434094, -0.2214092658904665, 0.10083820551428667, 0.3951304149492577, 0.09678983881417551, 0.07481954285997953], [-0.21920066636752256, -0.6019756800515497, 0.46349294483967, 0.24033984109718237, -0.45015862690320396, -0.2210407211463571, 0.3017529297636133, 0.2950684125536676, -0.1666619370083833, -0.6097433289816938, 0.33292299065513886, -0.19316936150943975, 0.5982558496883661, -0.11837897529934285]], "inverted": false, "swapped": false, "error_lsq": 0.04120456495821612, "error_max": 0.2669181297830232, "target": "1063.xyz", "model": "12.xyz", "model_rescale": 3.9764082729961374, "target_rescale": 3.8935928110894604},
{"mapping": [6, 0, 14, 2, 4, 7, 3, 13, 12, 5, 10, 1, 8, 15], "R": [[-0.3094278291647619, 0.9465019200195783, -0.0915889400399133], [0.7401396070424706, 0.30019122834379247, 0.6017296639791514], [0.59703247870229, 0.11840330157853263, -0.7934310792689576]], "T": [0.004087942740648075, -0.05205529456440053, -0.05010655570084483], "aligned_model": [[-0.23309081354351288, -0.1277042544708025, -0.38000861099432715, -0.03388660095467047, -0.5017523304669377, -0.576742299880131, -0.6754095794032089, 0.22276258085756714, 0.6284912801192759, 0.13484584160691884, 0.46583197285329386, 0.445372624127952, -0.12688623501937205, -0.10221480281529047], [-0.7409493197557835, 0.4401835134305474, -0.6336771977056718, 0.7418819853382715, -0.09589087146793271, 0.41074278953551735, 0.01396831589626979, -0.5876608179000276, -0.1803400218249325, -0.2596931670582414, 0.09614103534608251, 0.375730016008915, 0.33909217053080054, -0.06818190496200119], [-0.27995447351248076, -0.5672522858003519, 0.3410377127862574, 0.016834041234035417, -0.558110278106535, -0.18970548669074364, 0.4422017293967227, 0.1493644251552749, -0.02049176260025782, -0.8517378871899702, 0.59096847689258, 0.10986261724067309, 0.5239163201135552, -0.055429477588613954]], "inverted": true, "swapped": false, "error_lsq": 0.044561891181871933, "error_max": 0.3093823098028295, "target": "1063.xyz", "model": "13.xyz", "model_rescale": 4.170626492500431, "target_rescale": 3.8935928110894604},
{"mapping": [9, 2, 11, 4, 3, 6, 5, 10, 7, 1, 8, 0, 12, 13], "R": [[0.8898991440939236, -0.43382051760747065, -0.14099387165295024], [0.1218651840272501, 0.5239563523561984, -0.8429819794916094], [0.43957751337267786, 0.7329866979204833, 0.5191359267173864]], "T": [-0.0303448263146858, 0.03786689356021106, -0.07583625375585323], "aligned_model": [[-0.06540098575282878, -0.1079705626507607, -0.5805325745699145, 0.0380324958056763, -0.4384934091520383, -0.8369424765798691, -0.7334836361974353, 0.15478257616923732, 0.7390540127086289, 0.2982564754852066, 0.49188033767445527, 0.41311367471756705, -0.10808665747229444, -0.12460049816887589], [-0.7660663679189372, 0.5665089781716901, -0.38807426858536803, 0.6591010795264833, -0.12083656804454507, 0.27343616790980385, 0.12371919183805791, -0.3626108220078577, -0.21682889754226897, -0.3874504594864449, 0.19289542004146557, 0.2097543309824152, 0.05156814716867819, 0.016230593358641326], [-0.16947820608933123, -0.4598205746235892, 0.048772009176667575, 0.25950798519792995, -0.6084726682380139, -0.11320756092028951, 0.4946416382551424, 0.2758365333030345, -0.051643622789688606, -0.6253276581910351, 0.42894422019147493, -0.4359163465776277, 0.6518138026064005, -0.04414587997092928]], "inverted": false, "swapped": false, "error_lsq": 0.05065766956388823, "error_max": 0.3754828755068389, "target": "1063.xyz", "model": "14.xyz", "model_rescale": 3.9786697098870705, "target_rescale": 3.8935928110894604},
{"mapping": [7, 6, 9, 8, 4, 1, 12, 3, 11, 10, 5, 13], "R": [[0.7960848337002626, 0.05373202165894014, -0.6027949961644243], [-0.5514025912742492, 0.47489010959244293, -0.6858823267495096], [0.24940753775391072, 0.8784032409205471, 0.4076807898979431]], "T": [0.029821269042681006, -0.07953244483086942, -0.09259326970178679], "aligned_model": [[0.028248487116088097, -0.7108167632017216, 0.5754514786465791, 0.6255288167573722, 0.0438918334135589, 0.325997396202277, -0.406770859426386, -0.08629989279512759, 0.4345180791706156, 0.1351543133059036, -0.3947106927859648, -0.08683759963585795], [-0.5678912507370445, 0.053783789554462266, 0.03379470003738992, -0.5541333604406061, 0.576514326350767, 0.7263775758436806, -0.40149864525830126, 0.16184843877286542, 0.005388461988693388, -0.6491493653242821, 0.6548829038141093, -0.025243084377294694], [-0.3797246141417075, -0.10744755676709146, -0.5422380306731776, -0.17461571518523833, -0.5174994139086717, 0.0533469187942993, 0.36803534907479235, 0.5815370965148111, 0.2069146381082047, 0.24427958403601435, 0.01746386898064875, -0.09008563095905395]], "inverted": false, "swapped": true, "error_lsq": 0.04447065298093986, "error_max": 0.2572247222636414, "target": "1063.xyz", "model": "15.xyz", "model_rescale": 3.769337070930944, "target_rescale": 3.8935928110894604},
{"mapping": [3, 12, 1, 11, 5, 6, 4, 2, 9, 8, 13], "R": [[-0.8340536285774944, -0.4603007497427019, -0.304101569287338], [0.19318447630034857, 0.2726394958954443, -0.9425218636161383], [0.5167536190229103, -0.8448614827675509, -0.13847300156543257]], "T": [-0.08976180365070117, -0.013444690315832543, 0.10813957470921812], "aligned_model": [[-0.4188598520902081, -0.35312864502197505, 0.01565828720808797, -0.4766259528906834, 0.37416096485118244, 0.3554707903958034, 0.5111416544978415, 0.45044050937253943, 0.01654599011810455, -0.5439526661952524, -0.008224949554269459], [-0.00250209447537756, -0.595047871061585, 0.7301049901893061, 0.3125709677006863, 0.15484620694655044, -0.46831200556344615, 0.477121097587729, -0.5727561778915256, 0.5077486730655126, 0.11556526257823116, -0.06327455145073932], [-0.5382158537980294, -0.20623169036981, -0.3329162895588076, 0.03924852925059699, -0.590544691235378, -0.29360938387040614, 0.011181749506669683, 0.3344792122273691, 0.5875057285171967, 0.7113876874292211, 0.021932609125154434]], "inverted": false, "swapped": true, "error_lsq": 0.042520915997000634, "error_max": 0.22679898727283931, "target": "1063.xyz", "model": "16.xyz", "model_rescale": 3.7852294659196426, "target_rescale": 3.8935928110894604},
{"mapping": [9, 7, 10, 8, 0, 2, 6, 12, 11, 1, 5, 3, 13], "R": [[0.47680481897962607, 0.8592618672853228, -0.18527333328665052], [-0.8789245210257871, 0.46312277932342844, -0.11405690514534414], [-0.012200448245743886, 0.21722415772902245, 0.9760454981001243]], "T": [0.013398084958398147, 0.04561592725265405, -0.012808959223750051], "aligned_model": [[-0.021405291529630176, -0.3495659600492656, 0.18382643888523723, 0.1388855459709503, -0.6256962639177701, -0.7676096895295907, -0.36020704665031006, 0.058773026507844814, 0.4930675653242106, 0.5084402042519536, 0.07300810879995581, 0.554766844986184, -0.03251763283348681], [-0.25980099361063563, -0.3762337997454022, -0.4165877940311473, -0.6985116769765118, -0.09460517948980467, 0.12163380835805734, 0.5967522314431902, 0.12317559037546445, -0.09091830234728003, 0.517576208785597, 0.8933399528670597, 0.4000655403861809, 0.15917003768810684], [-0.6595276058552075, 0.09321516903161574, 0.4414637585579819, -0.14459742160844657, -0.41082765390055737, 0.18750491594021626, 0.3381989364717752, 0.6931508545266554, -0.1222239908082849, -0.5519718206319469, -0.11036143827008273, 0.3150415299731972, 0.02668946371625849]], "inverted": false, "swapped": true, "error_lsq": 0.043534319218816564, "error_max": 0.29418489151209065, "target": "1063.xyz", "model": "17.xyz", "model_rescale": 3.901054581598922, "target_rescale": 3.8935928110894604},
{"mapping": [5, 11, 2, 7, 9, 12, 3, 8, 4, 10, 1, 6, 0, 14], "R": [[0.10549690682293106, 0.9901966136539817, -0.09154817834878923], [-0.9874058949859539, 0.11522282104083931, 0.10841263790895578], [0.11789826630524064, 0.07895801301691069, 0.989881624732291]], "T": [-0.06651131248812997, -0.061718007185579876, -0.03326302738809503], "aligned_model": [[-0.28010784816025397, -0.09915683141909018, -0.4808147588483844, -0.08104609945965413, -0.38198260654724414, -0.5980668960739619, -0.6765685595961324, 0.2221359944695594, 0.6848216739582453, 0.3104263466156668, 0.40875230681013464, 0.35621506603353675, -0.1429805640604347, -0.10201845170523238], [-0.6210671254884165, 0.46918414942094544, -0.5785051106892791, 0.5585590379973132, -0.20800118184077535, 0.4368743040556765, 0.12575595216452165, -0.6071360709269783, -0.29372317403866854, -0.23160390837948658, 0.19427543567603642, 0.5405943138388699, 0.10330043349257212, -0.03716052987051751], [-0.2110019674049825, -0.6280807802594639, 0.461733786717189, 0.2006646344736777, -0.5929671606332941, -0.17758722081053913, 0.3863672376421784, 0.2109092889594592, -0.11838832292855025, -0.7414371089907367, 0.4075060718228263, -0.182420736254374, 0.7032326523681464, -0.067026703371391]], "inverted": true, "swapped": false, "error_lsq": 0.03910330469384592, "error_max": 0.21553319201251958, "target": "1063.xyz", "model": "18.xyz", "model_rescale": 3.9405287249114394, "target_rescale": 3.8935928110894604},
{"mapping": [5, 3, 9, 12, 10, 14, 13, 8, 6, 2, 0, 1, 4, 15], "R": [[-0.2829929520984681, -0.5577034685165525, -0.780308804427581], [-0.40555257635799047, -0.6676788055038776, 0.624285287741359], [-0.869161720781576, 0.4931245825199976, -0.03722968227755408]], "T": [-0.14109558135379083, 0.03284406014362541, 0.07858947519695048], "aligned_model": [[0.01235504860799111, -0.07171298486290431, -0.4900009118795491, -0.18288038115056973, -0.3922882732157652, -0.7407041603169991, -0.7769361125171972, 0.31941487419954717, 0.48909518458238344, 0.15600751492033807, 0.48742049233553475, 0.3923573141531971, 0.07485607830133678, -0.13737491114058875], [-0.7483710069033014, 0.6436132916805722, -0.6116883723257804, 0.5727423023970296, 0.002949649402767665, 0.39283145639429473, 0.06987443152168828, -0.5049517526356313, -0.312097867806053, -0.3380500202067277, 0.07895155478312006, 0.2946549848523377, 0.29214791105618054, 0.01873996320131625], [-0.16103223905713274, -0.5109659471222028, 0.3063017075919565, 0.16167365375713297, -0.6656635682688576, -0.2540027505849687, 0.2922841543478526, 0.34500632830334205, -0.12673495214513864, -0.649072956400585, 0.35339104362073936, -0.2084688323954586, 0.727273853157599, 0.04151417652586792]], "inverted": false, "swapped": false, "error_lsq": 0.039790395454621465, "error_max": 0.23873136066756992, "target": "1063.xyz", "model": "19.xyz", "model_rescale": 4.410303926677745, "target_rescale": 3.8935928110894604},
{"mapping": [0, 7, 3, 9, 1, 8, 5, 6, 4, 2, 11, 12, 10, 13], "R": [[-0.27335428252759103, -0.9615303012154687, -0.027146198045327696], [-0.5735290120051705, 0.185575279845549, -0.7978886437959993], [0.7722317713045734, -0.20253714561713465, -0.6021933211461787]], "T": [-0.05534980860470335, -0.07607513613800962, -0.047186334082897456], "aligned_model": [[-0.21782130882516834, -0.10102550828341342, -0.3513279373440316, 0.018848762658864128, -0.5518754494225215, -0.48569301192217595, -0.7987146006702064, 0.26790064089191057, 0.6302724619206638, 0.21067624077490033, 0.561796257242062, 0.37045440217451037, -0.31551442276838587, -0.09836775441025336], [-0.7313973314875689, 0.3060648829530048, -0.6443214338096711, 0.5433782288940608, -0.10131932899747317, 0.5607542687237124, 0.06905583413045782, -0.4509452208421171, -0.2154599925477791, -0.3312799974939843, 0.14449673425325313, 0.5175878539893475, 0.20010969695853867, -0.015377669311968531], [-0.28659227473828036, -0.6461319920767526, 0.2926015235471567, 0.24372400839654063, -0.6092761044129792, -0.0648106885165236, 0.30695560124067506, 0.25528249021592336, -0.12193497271337969, -0.5973766171176402, 0.4603686953431149, -0.23935804252174606, 0.681627993789247, -0.023575949105210388]], "inverted": true, "swapped": false, "error_lsq": 0.04445299428156307, "error_max": 0.3015943343940656, "target": "1063.xyz", "model": "20.xyz", "model_rescale": 4.121658175737393, "target_rescale": 3.8935928110894604},
{"mapping": [0, 4, 1, 9, 11, 2, 5, 7, 6, 12, 3, 10, 13], "R": [[-0.9460095812681887, 0.043181656459569714, 0.32124946178039576], [0.051594084558377454, -0.9583907965168296, 0.28075813717579073], [0.32000612898407005, 0.2821744596827374, 0.9044189580694258]], "T": [0.17588306611419152, -0.05626305976347528, -0.027370014842240158], "aligned_model": [[0.12067074483320155, -0.05043099044005228, 0.20604410719060293, 0.6245787801901272, 0.5508440139831232, -0.32284751040796084, -0.4540139021932738, 0.3123008565653592, -0.5674955720761363, -0.10195736967084684, 0.033734653084737415, 0.48125046326559956, 0.04840463033981346], [-0.6472131862787609, 0.0862421434035486, 0.6461399770960776, -0.20289080580164692, 0.2878709613675424, -0.694284152236503, 0.4426754435354575, -0.5919105015868137, -0.10980049193693064, -0.023267556830412837, 0.5677667673339029, -0.18177872981034846, -0.03872296409192957], [0.4566258264664386, 0.707214761082646, 0.48666313949009316, 0.5110612609275241, -0.0682615598965575, -0.0187439935666111, 0.2658808060555953, -0.15151996621357494, -0.13253895816834918, -0.6817167381654495, -0.3688099208538706, -0.6104981098962046, -0.02524680777989037]], "inverted": true, "swapped": true, "error_lsq": 0.043672957181151946, "error_max": 0.27205359038244314, "target": "1063.xyz", "model": "21.xyz", "model_rescale": 4.08911054899281, "target_rescale": 3.8935928110894604},
{"mapping": [9, 2, 5, 0, 15, 1, 8, 10, 12, 14, 7, 13, 6, 16], "R": [[0.9510176737156161, -0.16044421136333936, -0.264240495232155], [-0.22744138821571214, -0.9420591218579488, -0.2465664734929316], [-0.20937000550950027, 0.29458829909591944, -0.9324065287355754]], "T": [-0.09518529945218436, 0.01939351564194998, -0.09313204448449833], "aligned_model": [[0.00627167134724492, -0.26684193542507756, -0.34592551991205417, -0.008099218831098737, -0.477497270523598, -0.7357987092361788, -0.6616320884935231, 0.19712111943372224, 0.5462516904813104, 0.16875506457165967, 0.4169183950748784, 0.5303294373785942, -0.1635309555839593, -0.06671290826516538], [-0.6819155177844444, 0.48183855889176425, -0.5592299882944225, 0.6987360627963582, -0.0842146333503406, 0.4855296289077076, 0.03159914485922254, -0.49160297691890215, -0.34047409907383314, -0.2532160641582513, 0.10043599004172725, 0.2260183447941967, 0.1814119335221756, 0.056430141178854976], [-0.16675088903709237, -0.6203249984144611, 0.22317988460496638, 0.2687921414537905, -0.705185903333583, -0.1414017490667326, 0.30655667922464136, 0.45875105118299975, -0.15656227275080375, -0.6106666686278325, 0.3936719318800421, -0.14573869818500393, 0.6311904196893492, -0.08400725729013443]], "inverted": false, "swapped": false, "error_lsq": 0.03962588561645382, "error_max": 0.24001890396718456, "target": "1063.xyz", "model": "22.xyz", "model_rescale": 4.204369325754507, "target_rescale": 3.8935928110894604},
{"mapping": [5, 3, 9, 12, 10, 14, 13, 8, 6, 2, 0, 1, 4, 15], "R": [[-0.2829929520984681, -0.5577034685165525, -0.780308804427581], [-0.40555257635799047, -0.6676788055038776, 0.624285287741359], [-0.869161720781576, 0.4931245825199976, -0.03722968227755408]], "T": [-0.14109558135379083, 0.03284406014362541, 0.07858947519695048], "aligned_model": [[0.01235504860799111, -0.07171298486290431, -0.4900009118795491, -0.18288038115056973, -0.3922882732157652, -0.7407041603169991, -0.7769361125171972, 0.31941487419954717, 0.48909518458238344, 0.15600751492033807, 0.48742049233553475, 0.3923573141531971, 0.07485607830133678, -0.13737491114058875], [-0.7483710069033014, 0.6436132916805722, -0.6116883723257804, 0.5727423023970296, 0.002949649402767665, 0.39283145639429473, 0.06987443152168828, -0.5049517526356313, -0.312097867806053, -0.3380500202067277, 0.07895155478312006, 0.2946549848523377, 0.29214791105618054, 0.01873996320131625], [-0.16103223905713274, -0.5109659471222028, 0.3063017075919565, 0.16167365375713297, -0.6656635682688576, -0.2540027505849687, 0.2922841543478526, 0.34500632830334205, -0.12673495214513864, -0.649072956400585, 0.35339104362073936, -0.2084688323954586, 0.727273853157599, 0.04151417652586792]], "inverted": false, "swapped": false, "error_lsq": 0.039790395454621465, "error_max": 0.23873136066756992, "target": "1063.xyz", "model": "23.xyz", "model_rescale": 4.410303926677745, "target_rescale": 3.8935928110894604},
{"mapping": [12, 1, 6, 10, 7, 11, 14, 5, 2, 0, 4, 3, 8, 16], "R": [[-0.5476838004504194, -0.7193743434468163, -0.42725052219353377], [0.8023081161206032, -0.596417016177206, -0.024257568330055185], [-0.23736920931577077, -0.35607203878532834, 0.9038078123495423]], "T": [-0.23572522924085942, -0.006902753598977391, 0.04663358880979138], "aligned_model": [[-0.0920199641891497, -0.08923344857843407, -0.5068426757005111, -0.06765749677975919, -0.4349018023811433, -0.68513131483816, -0.8532253705289239, 0.11765427451157529, 0.6413871087671847, 0.21660164130816767, 0.3882219769328982, 0.5407263269022609, 0.10750997340410018, -0.14348045681335042], [-0.734379565438533, 0.5180707893997288, -0.6804315854977072, 0.6064248271449094, -0.05453295649333015, 0.41831644082825276, -0.09153030433836358, -0.463483250731298, -0.20381482728616868, -0.2886272684225687, 0.08738143214862924, 0.32853831405446055, 0.3694304950877952, 0.03998398495600611], [-0.2636922396606589, -0.6161471342955767, 0.2719163724088227, 0.18579702610511623, -0.5858147910336814, -0.08732272320846327, 0.31060658587522727, 0.2961515428612355, -0.11082603435961877, -0.4885462977824677, 0.3217422023009423, -0.25972119853408154, 0.6918231337131376, -0.014462773059787722]], "inverted": false, "swapped": false, "error_lsq": 0.03698078626292129, "error_max": 0.21630416827833496, "target": "1063.xyz", "model": "24.xyz", "model_rescale": 4.28219845311461, "target_rescale": 3.8935928110894604},
{"mapping": [14, 5, 13, 3, 11, 9, 7, 2, 6, 10, 0, 1, 4, 15], "R": [[0.6930589621680024, -0.43672233819824685, 0.5735354167593032], [0.20194365020674626, 0.8813675361171497, 0.4270948705146906], [-0.6920173676287227, -0.18018009212296765, 0.6990329729725002]], "T": [-0.13173904071375964, -0.026657481446055772, -0.03963722790241223], "aligned_model": [[-0.03579520955098886, -0.08241673698019615, -0.5025311330674533, -0.22100153129977906, -0.322004963782155, -0.704956447675226, -0.7027413559611708, 0.12197409749409827, 0.6923353692183065, 0.1983943473959584, 0.5598348389537516, 0.22420868192566606, -0.01342486653478181, -0.07226631811927527], [-0.7334481282686071, 0.5449721242214297, -0.37935763994776855, 0.699746990769541, -0.15800738566389533, 0.2851673985582977, 0.17737573047751765, -0.5441231192690755, -0.3621812890063246, -0.330906712553889, -0.02189756641393613, 0.5054474870329823, 0.1953767724764207, -0.026818137000879445], [-0.3068195396683639, -0.6689921239610594, 0.2620783324816042, 0.21416209317505938, -0.5326110126308603, -0.21587778068613664, 0.4480848345106706, 0.33000987618614286, -0.1828932100336945, -0.6939683140150688, 0.3930948880842798, -0.046188572375086535, 0.6469129299878527, 0.004511270274805974]], "inverted": true, "swapped": false, "error_lsq": 0.04277554314242119, "error_max": 0.257425856115915, "target": "1063.xyz", "model": "25.xyz", "model_rescale": 4.100010024507729, "target_rescale": 3.8935928110894604},
{"mapping": [2, 6, 5, 3, 0, 9, 4, 11, 12, 8, 7, 13], "R": [[0.26309010306150143, 0.9439617296287097, -0.19929839604839678], [0.6448596119001815, -0.3257084381162226, -0.6914261307470514], [-0.7175929755864645, 0.0533878856695591, -0.6944134611689913]], "T": [0.06861874141418531, 0.09107789546312928, -0.1112377568495237], "aligned_model": [[-0.6728264776968755, -0.16648341918230883, 0.31977893741583907, 0.6790783449615424, -0.5885013659275307, -0.039831938442837375, 0.01688735845690187, 0.503545013320454, 0.13569105682119745, 0.019657574223002502, -0.3804051886637432, 0.05017570707736545], [-0.23002034224091084, -0.5836191215451226, -0.36763194149914813, -0.2980669742508201, 0.38103535987247006, 0.7680394278425752, 0.2532924474302015, 0.3354208668828008, -0.4833277595954535, 0.6852393126585848, 0.22413723397828422, -0.018367119482821825], [-0.056170348681419374, 0.12550994076291586, 0.565674132640402, -0.15712837313786837, 0.15454459812213472, 0.09539552261539352, 0.6517503697237386, -0.22001140120798435, -0.5259823689152014, -0.5922951416681153, -0.4300071540008991, -0.046087486398740066]], "inverted": false, "swapped": true, "error_lsq": 0.05255045897114292, "error_max": 0.2875074976630167, "target": "1063.xyz", "model": "26.xyz", "model_rescale": 3.6694154284099745, "target_rescale": 3.8935928110894604},
{"mapping": [6, 4, 3, 8, 0, 5, 7, 12, 11, 2, 9, 10, 9, 13], "R": [[0.03963065423924317, 0.13303455749240306, -0.9903187455346739], [0.5146971207772906, -0.8522161788933096, -0.09388534654595596], [-0.8564556527387376, -0.5059934692713806, -0.10224638842803052]], "T": [-0.14322524403051956, 0.02187676847358485, -0.0640298133160137], "aligned_model": [[-0.2673080208345933, 0.030029494112243676, -0.3382791526724457, -0.1629918420616376, -0.39730368912369873, -0.8691163797122061, -0.5837944232209626, 0.26746560703669886, 0.6710256628368123, 0.19847381144379317, 0.1796246207385565, 0.3478222652478815, 0.1796246207385565, -0.11566380251224391], [-0.6396746785104301, 0.5924160948095059, -0.4631422235444236, 0.6353267090032626, 0.024294981231210308, 0.2733611317873891, 0.05311762948457729, -0.6248507187590928, -0.24861078340038825, -0.26461783018437435, 0.07407257836966746, 0.36671107002801445, 0.07407257836966746, -0.0011300132727719465], [-0.19872791760237019, -0.6297136851951424, 0.5520398016130825, 0.11386241387916343, -0.6742524277111479, -0.25328142854968144, 0.3843576660689428, 0.14287450144044572, -0.0613069118958081, -0.5771499226774188, 0.5342235591928541, -0.10706895823763163, 0.5342235591928541, -0.10857657818799654]], "inverted": true, "swapped": false, "error_lsq": 0.050079966049603145, "error_max": 0.3132311695554934, "target": "1063.xyz", "model": "27.xyz", "model_rescale": 4.103607728864725, "target_rescale": 3.8935928110894604},
