[{"mapping": [6, 7, 1, 0, 2, 5, 3, 9, 10, 8, 4, 11], "R": [[-0.675548359929407, -0.3989242792292683, 0.620075667026289], [-0.12567902793419566, -0.766381146632503, -0.6299719993966126], [0.7265254264884362, -0.503507058071343, 0.46759111105552165]], "T": [0.1259011014448373, 0.02951674066251243, 0.02394207026417415], "aligned_model": [[-0.02865281496622002, -0.7323996229205212, 0.016443373286182117, 0.1276710937423861, 0.6647779442054693, -0.5114030564008261, 0.33693319133680066, 0.08735309095298865, -0.40269550504414936, 0.6132802760339102, 0.6371899227244724, 0.10225123121087004], [0.2423678833424255, -0.02263991055401542, -0.48110594088470804, -0.5393744980719849, -0.5289163811056298, -0.475617782980174, 0.5065197026747539, 0.6217830715841524, 0.31151025384741626, 0.22079767480645554, -0.10018969665819714, -0.03205149748446698], [-0.6513074876303986, -0.3725460886432401, -0.454768742601826, 0.26715189658683147, -0.19173000125887518, 0.18937742303623034, 0.47334850775067, -0.10679074341205604, 0.34460799002308384, -0.33519110155528403, 0.6355861236936068, 0.04590320815581541]], "inverted": true, "swapped": false, "error_lsq": 0.059614775269609836, "error_max": 0.2778532748425825, "target": "1064.xyz", "model": "0.xyz", "model_rescale": 3.751011558992144, "target_rescale": 4.061153727055008},
{"mapping": [12, 10, 6, 1, 7, 4, 2, 5, 8, 3, 0, 14], "R": [[-0.4567777375948135, -0.4851754065979163, 0.7456265306910091], [0.5862890155499427, -0.7945727895582121, -0.15785839331236134], [0.6690435626199857, 0.3650464448891783, 0.6473961726721355]], "T": [0.015159079750617546, 0.03656046326575131, -0.09025467995545006], "aligned_model": [[0.4765144606658467, -0.7481054628201801, -0.04682211054615987, 0.13803279215935876, 0.4701582982184868, -0.598696516275328, 0.33620368969746267, -0.2383832435310061, -0.2590051467527431, 0.7395602234296974, 0.6150603048918745, 0.026231835024053404], [0.09303275613003614, -0.008298711513805596, -0.6555559969276953, -0.5431796887869816, -0.414658257839852, -0.32496802564273414, 0.6120546816768286, 0.5995482091704869, 0.16990081644429905, 0.27819932991629537, -0.1329551579567717, 0.049962923845922345], [-0.6698555742926011, -0.38668113056529163, -0.37461164373307304, 0.2764726797173784, -0.2607081947760488, 0.25333290545034765, 0.40921990897536786, 0.0038045315109541955, 0.49921336774510755, -0.1063646356678915, 0.34205018091826983, -0.14223141113796142]], "inverted": true, "swapped": false, "error_lsq": 0.05677352618260322, "error_max": 0.3124399020482567, "target": "1064.xyz", "model": "1.xyz", "model_rescale": 3.9405287249114394, "target_rescale": 4.061153727055008},
{"mapping": [4, 8, 3, 6, 7, 10, 5, 2, 11, 1, 0, 12], "R": [[0.2781840303925872, 0.9519971126824924, -0.12773074288805547], [-0.6321086285217306, 0.08131647949131035, -0.7706012664870963], [-0.7232235663907209, 0.29510867084404313, 0.6243865352566065]], "T": [0.06868098220340456, -0.0200614256071751, -0.02198807307400758], "aligned_model": [[0.061476325560685434, -0.5780896805268632, -0.11633395803913356, 0.32012162400671373, 0.4797087698746415, -0.6990448694873428, -0.014040867783831165, 0.19640739257354467, -0.21130025958754295, 0.7311887816160266, 0.6644915718523863, 0.07616429410207827], [-0.01975529264595254, 0.09809110720010793, -0.5133487147437245, -0.37204745839869496, -0.6290586909086469, -0.3670600818499009, 0.48767401868051746, 0.648936498978864, -0.12599172579953977, 0.26641620571998, 0.18821912326898424, 0.06100788901403344], [-0.7231611765856021, -0.4323750355039034, -0.24388174317808198, 0.307009084601634, -0.3204647753031073, 0.01895174280039518, 0.4912741352809598, -0.004743696740200094, 0.6245438787918978, -0.347933336615133, 0.5298805186195746, -0.055458612023875635]], "inverted": false, "swapped": false, "error_lsq": 0.058689754602693565, "error_max": 0.35560865405849906, "target": "1064.xyz", "model": "2.xyz", "model_rescale": 3.932901565614263, "target_rescale": 4.061153727055008},
{"mapping": [12, 11, 8, 7, 9, 3, 2, 6, 1, 5, 4, 13], "R": [[0.5206191769878117, 0.8341109340566741, -0.18224879214863415], [-0.7729297046377357, 0.5511248160570124, 0.3143900583904445], [0.36267801731171473, -0.02281198836635534, 0.9316352660486917]], "T": [-0.029505997141398857, -0.06323980488578147, 0.03856714559091594], "aligned_model": [[0.24892168665505787, -0.7457103757209693, -0.238838893245932, 0.46008537109586206, 0.35762297647596797, -0.3401311999539131, 0.14996344727882943, 0.2594167837362824, -0.5040286354353086, 0.6318454415425989, 0.6094823682190936, 0.02212015351379335], [0.2835619959294519, -0.1667189326974152, -0.6930595129426428, -0.5722517484955667, -0.38516663436010007, -0.40683191098086974, 0.5333869348142651, 0.5487612262970218, 0.3993381975748603, 0.09185003869666024, 0.0856571722537272, 0.004556052426635357], [-0.5821875128745575, -0.4849326696700094, -0.27495095513624707, 0.1432078678614448, -0.4964909948381612, 0.2533738635679031, 0.5917643122256401, -0.05454904635683901, 0.3696539594302219, -0.19672225200882, 0.6154119805945913, -0.03993756865060899]], "inverted": true, "swapped": false, "error_lsq": 0.060693313005068576, "error_max": 0.3102008798666145, "target": "1064.xyz", "model": "3.xyz", "model_rescale": 3.9243930471874484, "target_rescale": 4.061153727055008},
{"mapping": [1, 0, 4, 10, 8, 3, 11, 5, 6, 9, 11, 12], "R": [[-0.3432802572189624, 0.896858140880181, 0.2789339350825373], [-0.9305654391657814, -0.284514421609104, -0.2304333034234281], [-0.1273052568980549, -0.3386694834693304, 0.9322533735700491]], "T": [0.08334821792792127, -0.129573404984571, -0.09319978413665983], "aligned_model": [[0.08357833166202883, -0.6145390850076232, -0.06653846782745912, 0.26333631984948747, 0.5677813783600808, -0.5221308907357852, 0.4885687453318376, -0.2527435228240036, -0.27548322031905725, 0.7325859081777606, 0.4885687453318376, 0.017764882162258133], [0.2631260093854342, 0.18094806482636602, -0.6748993366957338, -0.5514742864111085, -0.5008723670708358, -0.34346500372983596, 0.2721571897031273, 0.5491380233445883, 0.1592127410678895, 0.13138246335056966, 0.2721571897031273, -0.03432780895756038], [-0.6898130734485969, -0.4671678075670048, -0.2735352467520217, 0.4422735101900461, -0.24746566741484813, 0.10829166313262842, 0.4550181787666714, -0.0972295023174353, 0.4630007871597769, -0.1830877595136885, 0.4550181787666714, -0.12166227685764108]], "inverted": false, "swapped": false, "error_lsq": 0.05963630999254019, "error_max": 0.3525915845097637, "target": "1064.xyz", "model": "4.xyz", "model_rescale": 3.8936222436046832, "target_rescale": 4.061153727055008},
{"mapping": [10, 2, 3, 9, 8, 0, 5, 4, 1, 7, 6, 11], "R": [[0.32203196799428707, 0.2673402809884454, 0.9081985387296908], [-0.8458557741928209, 0.5121278492067995, 0.14917464708013], [-0.4252333722256406, -0.8162439832720587, 0.3910528594931549]], "T": [0.13818208725912945, -0.0727603630778007, -0.057603160726250525], "aligned_model": [[0.1644051259501231, -0.5300921670472576, -0.13205867081931172, 0.21338783820479046, 0.5373170799421233, -0.5818458993368922, 0.2680332242526119, -0.11284532052566948, -0.3428352223435997, 0.7208037419928581, 0.591657091970603, 0.11482230192098383], [0.1276259613934601, 0.12348093988628672, -0.48302447212639726, -0.5827497046080912, -0.5895925963499165, -0.5462209962045803, 0.6068275115404027, 0.663413221938373, 0.07340159851571992, 0.19138788184114652, 0.0624902432464749, 0.07604328944314923], [-0.6564562918792686, -0.326038137892644, -0.35582342466037586, 0.2834113703005922, -0.403201954991693, 0.1426792308479695, 0.3648537719192869, -0.2177852201840108, 0.567191042197188, -0.1601957507589963, 0.5832371639245632, 0.02176918532194711]], "inverted": false, "swapped": false, "error_lsq": 0.05224845931204752, "error_max": 0.30112915855918265, "target": "1064.xyz", "model": "5.xyz", "model_rescale": 3.6523030999806103, "target_rescale": 4.061153727055008},
{"mapping": [9, 8, 10, 4, 11, 6, 0, 5, 1, 7, 3, 12], "R": [[-0.8657481880883628, 0.4359170629676362, 0.2458788096509886], [0.3699211978312893, 0.8882648945167432, -0.27229356320747605], [-0.33710292525693303, -0.14478187518757119, -0.9302686850584565]], "T": [-0.005024099702828452, -0.0730022448892571, -0.008690979369244766], "aligned_model": [[0.03883895089693119, -0.4781750044114304, -0.1670924847236669, 0.2834162960389298, 0.7348635335778702, -0.612252939250449, 0.3130880392863908, -0.05627955886075782, -0.29824024930278, 0.5724117027944484, 0.5209967087278248, 0.05917412938805189], [-0.17740468205802434, 0.2252418242622014, -0.7834906529002403, -0.5288494732072324, -0.4026689570937304, -0.3039799040742618, 0.61942170029956, 0.6048165726635253, 0.1503502727301063, 0.23544008601160737, 0.0774657014782511, 0.006740390404265384], [-0.722721118149077, -0.3840332222035713, -0.2872822612244912, 0.1865961028099796, -0.3528641220221228, 0.014695329684887662, 0.6288962520395679, -0.051563563436481004, 0.5799624063173692, -0.20426521642502735, 0.4194470931749831, 0.016773303578540955]], "inverted": true, "swapped": false, "error_lsq": 0.056146216591874056, "error_max": 0.3681661336363536, "target": "1064.xyz", "model": "6.xyz", "model_rescale": 4.08911054899281, "target_rescale": 4.061153727055008},
{"mapping": [6, 0, 2, 13, 7, 1, 10, 8, 11, 5, 12, 14], "R": [[0.09846926569109263, 0.9928616500008078, -0.06730191432589867], [-0.9929825708895184, 0.10248182070394438, 0.059017712043481614], [0.06549364567574266, 0.06101819714542698, 0.9959856233868148]], "T": [0.059993516430980436, 0.08474321034764047, -0.03687345027080427], "aligned_model": [[0.018853419966905628, -0.621929566326843, -0.12236305816148668, 0.1737763331026935, 0.5571824860774042, -0.5403663854818053, 0.3697493503570171, -0.0948147588035573, -0.06744654059418712, 0.7885134770843117, 0.5349225223645253, -0.08532815542361522], [-0.04005462130053661, -0.11292731938409174, -0.6306817540429667, -0.5332586320096877, -0.4067772348037287, -0.3094029777228794, 0.55657182957162, 0.747867088360242, 0.12625517950457923, 0.2711927783670193, -0.06421536877682317, 0.11851391075328123], [-0.5184084543279499, -0.6537717028064488, -0.360991859684486, 0.3386551316305244, -0.3692884694825995, 0.11199840556549537, 0.41112652286754514, 0.001206644443097156, 0.5345868293981262, -0.15933346455458497, 0.4732791730091246, 0.034582228086714656]], "inverted": false, "swapped": false, "error_lsq": 0.04988862890205629, "error_max": 0.2606356736447513, "target": "1064.xyz", "model": "7.xyz", "model_rescale": 3.964800864290218, "target_rescale": 4.061153727055008},
{"mapping": [1, 5, 3, 6, 0, 10, 12, 7, 9, 2, 4, 13], "R": [[-0.32355533026721583, -0.5492297072411002, 0.7704924898657537], [-0.9425397984460316, 0.2587245635790832, -0.2113772186072263], [-0.0832506852883933, -0.794612061879675, -0.6013825691806711]], "T": [0.08309314125815842, -0.036143590485966125, 0.01012384222741187], "aligned_model": [[0.13947368963442575, -0.6501677023139736, 0.003849771299193089, 0.29246331949776133, 0.4786438108970207, -0.6577443910771688, 0.13721115140773826, 0.2138523059191619, -0.37702167112255425, 0.7086391201051669, 0.6105449015428639, 0.011004818371727634], [0.30451235175743496, -0.16835197888872794, -0.6926405702706082, -0.5127903683450703, -0.37843057260875834, -0.3067010707056306, 0.5451082450349303, 0.64365537572108, 0.24406112916670455, 0.13375022653458898, -0.08286344178761529, -0.006226447092300781], [-0.6561303539705909, -0.3692443170693465, -0.2876930470747174, 0.26601014666551454, -0.4793030288578018, 0.24054175296292912, 0.48959488615979385, -0.15609460248526338, 0.43865202251529456, -0.1256592459707, 0.4734868652242406, 0.009479906045205275]], "inverted": true, "swapped": false, "error_lsq": 0.04788667625710769, "error_max": 0.24224328573929269, "target": "1064.xyz", "model": "8.xyz", "model_rescale": 4.121658175737393, "target_rescale": 4.061153727055008},
{"mapping": [5, 10, 0, 1, 4, 3, 8, 7, 11, 9, 6, 12], "R": [[0.13034470786097488, 0.9910932761223243, -0.027283239502591705], [-0.48389846208297654, 0.03957428467941901, -0.8742288913012672], [-0.8653626612735078, 0.12715342707623326, 0.4847468106717173]], "T": [0.04073774227484793, 0.003615746539173483, 0.0424522189143128], "aligned_model": [[0.007936303652178942, -0.5937915371660899, -0.09082284195107194, 0.3587417678174345, 0.6341482410624179, -0.6724748335999647, 0.11637871944811551, 0.09932746430387371, -0.4284818043068726, 0.7586245831892321, 0.6362045120480013, 0.08495854966410851], [0.036971715898657415, -0.014427637085674714, -0.6947117026600061, -0.5899227198993704, -0.46629295715286484, -0.24292387228261372, 0.3059741342598014, 0.6673884078802981, 0.39864036362721617, 0.31288409223449193, 0.08036474293309143, -0.07086168923699906], [-0.5736073165269862, -0.37411453496181685, -0.29497159396109784, 0.18913979272348805, -0.42142029357363453, 0.2731685586807988, 0.7007919379610641, -0.06330225542075982, 0.20622231250161596, -0.24422074986334177, 0.3884449467893736, 0.05751017979585431]], "inverted": true, "swapped": false, "error_lsq": 0.056687211413705814, "error_max": 0.38052483223693, "target": "1064.xyz", "model": "9.xyz", "model_rescale": 3.833441315466971, "target_rescale": 4.061153727055008},
{"mapping": [12, 10, 0, 5, 1, 13, 3, 7, 2, 6, 4, 14], "R": [[0.2794666619859023, -0.013847136711001962, 0.9600555409159224], [-0.2080365009275293, -0.9770167257443048, 0.046466459922274016], [0.9373468936953318, -0.21271242187701456, -0.27592431291737857]], "T": [0.0189924979449502, 0.08326079530076802, -0.10253440398260527], "aligned_model": [[0.24041402527637917, -0.6199106559329933, -0.1519022006316462, 0.1472850649370119, 0.4070874085578018, -0.4221360382863303, 0.19956144245141189, 0.04431185571003682, -0.2821234863476896, 0.6861525543860043, 0.6652271936986057, -0.003218039657229603], [0.06643314161350886, -0.03610985111628949, -0.5461838945184587, -0.4226834946065391, -0.4861054224859459, -0.48372649559281333, 0.5417306711587351, 0.7474713397767713, 0.010017797626784009, 0.10421852007989552, 0.08707764164996365, 0.14094292493041602], [-0.6626320692307044, -0.6058310881149973, -0.2985378380353232, 0.32757790022617783, -0.3686422454932984, 0.24332332385105204, 0.6126733133682597, -0.05673855798025437, 0.5460138842911655, -0.22778535570181285, 0.3646686886638002, -0.030448971699506874]], "inverted": true, "swapped": false, "error_lsq": 0.04208013781447248, "error_max": 0.20581365836515844, "target": "1064.xyz", "model": "10.xyz", "model_rescale": 4.2482417240324, "target_rescale": 4.061153727055008},
{"mapping": [6, 4, 0, 8, 1, 10, 7, 5, 9, 2, 3, 11], "R": [[-0.6624503607535922, 0.6550263558375755, -0.3634556268591549], [-0.5319175330856665, -0.7529453191895922, -0.38747526928378556], [-0.527468726592861, -0.06335471149511288, 0.8472089016280911]], "T": [0.1322293934267757, -0.045370821852511733, -0.041827687468985957], "aligned_model": [[0.08673123372561439, -0.6100761832455186, -0.13149790380607018, 0.2333299162457124, 0.5530686769713458, -0.3434379995544677, 0.19210532626282914, -0.14374419489961476, -0.4814976290429009, 0.7676312471904374, 0.7695317151652086, 0.018604919148787646], [0.1682417945443743, 0.22446741844702822, -0.651295505412501, -0.4232009880907047, -0.5812536045789901, -0.40755637171226156, 0.3917052862039959, 0.642504902697085, 0.1493751179737967, 0.24011379047980153, -0.03507736567331253, 0.0050584036377160635], [-0.6523862069598376, -0.41866894734574883, -0.41215546995476865, 0.4313328336239843, -0.22856411766197327, 0.19809838710756014, 0.47191893794916734, -0.16369538804281727, 0.47268573602021585, -0.2918682976503093, 0.4599804650339751, -0.0230369479748897]], "inverted": true, "swapped": false, "error_lsq": 0.051620309348418526, "error_max": 0.2745498284964037, "target": "1064.xyz", "model": "11.xyz", "model_rescale": 3.6694154284099745, "target_rescale": 4.061153727055008},
{"mapping": [6, 7, 9, 8, 11, 10, 1, 0, 12, 4, 3, 13], "R": [[0.9403431945269127, 0.052977713361108264, -0.3360774291646935], [-0.266752375684411, -0.4983353404010968, -0.8249273050239314], [-0.21118202237322234, 0.8653642299022717, -0.4544743150410202]], "T": [-0.022246418674226068, 0.022778093394931222, -0.05100852867554611], "aligned_model": [[0.0848909378645009, -0.594667177490813, -0.14058799407226819, 0.3212840564954961, 0.41734524670077755, -0.49293456958571963, 0.292798844314919, 0.13538595662630232, -0.5059305045426087, 0.6844985642486329, 0.6792321934813459, 0.029433570120797586], [0.20263747696153925, -0.2325898816206944, -0.7505225344188133, -0.5836745760495751, -0.3918058872073068, -0.32247105674529886, 0.45360595614499616, 0.7167388506731446, 0.3257201570994315, 0.239926996926635, -0.06592931675382532, 0.13144669350579485], [-0.57639126766742, -0.45011627187505604, -0.2318058667236136, 0.24360956931639233, -0.47516408936986076, 0.19955977783469564, 0.605959757505662, -0.11664667338135376, 0.3178333227765559, -0.08320375438742794, 0.44022222430752406, -0.030215744191539634]], "inverted": false, "swapped": false, "error_lsq": 0.04988703660501467, "error_max": 0.2976675426667629, "target": "1064.xyz", "model": "12.xyz", "model_rescale": 3.9764082729961374, "target_rescale": 4.061153727055008},
{"mapping": [7, 3, 8, 1, 2, 11, 5, 4, 13, 0, 9, 15], "R": [[0.0042713276405847225, -0.4523220037888496, -0.8918444711095244], [0.6561135743449931, 0.6743104194679774, -0.33885164269508616], [0.7546500734250443, -0.5837039173119887, 0.2996548073937993]], "T": [-0.0037814055548182485, -9.511893487896758e-05, 0.14786659827240647], "aligned_model": [[0.1956272805860264, -0.5191522356910134, -0.16445525780655224, 0.33094754535964005, 0.47041775397430813, -0.6647285365832107, 0.42908505596894475, 0.12452931925523388, -0.4171746729106944, 0.6193908867893868, 0.5543094542986945, -0.04804746907940069], [0.1500198593887063, -0.07975666209973047, -0.5534149731087905, -0.5313968706696122, -0.416330695505672, -0.4358361079574959, 0.6330063224079241, 0.6331108377151704, 0.009564198639503464, 0.20594391761710384, 0.046955640400267604, 0.06121741168865272], [-0.5653902755798419, -0.5128075977568735, -0.2616134242294226, 0.242722047690486, -0.34013198349271434, 0.086033118503439, 0.4864416967251435, -0.16590130343336554, 0.5989688597117939, -0.1624753791870742, 0.36654431709985186, 0.07125090809313553]], "inverted": false, "swapped": false, "error_lsq": 0.047147788660428507, "error_max": 0.24123336947109847, "target": "1064.xyz", "model": "13.xyz", "model_rescale": 4.170626492500431, "target_rescale": 4.061153727055008},
{"mapping": [6, 5, 4, 0, 2, 8, 9, 11, 10, 3, 1, 13], "R": [[0.4604372971832036, 0.7278643802011515, 0.5081446048095171], [0.6204352788340648, 0.14552670823998037, -0.7706374257502241], [-0.6348681439013324, 0.6701010529936732, -0.3845868154734999]], "T": [0.07024651189467182, -0.10839076167452051, 0.04039961200145555], "aligned_model": [[0.12347301988730519, -0.4851440198767001, -0.27219527048038705, 0.41874890407742205, 0.4510296583020488, -0.4474653475436845, 0.17197902799994244, -0.038150888963653984, -0.28180488656521185, 0.6132918342252691, 0.6161191287483717, 0.04086796435064062], [0.18409093621248446, 0.2548185026435651, -0.6402403076758916, -0.5186309201495365, -0.49363645215670104, -0.5343192237750924, 0.5549716950631279, 0.564391532037663, 0.10921625359600483, 0.2517298496673014, 0.024753827677030785, -0.03406281462392856], [-0.7464362427218357, -0.5815651907715429, -0.28043183392451515, 0.297513403045765, -0.33312698760471776, 0.35995503532336537, 0.4941695808422337, -0.14741316681212296, 0.4238514404262563, -0.1851852447853725, 0.5649089774002508, -0.02259878627320617]], "inverted": true, "swapped": false, "error_lsq": 0.05590463289343701, "error_max": 0.3765027313309389, "target": "1064.xyz", "model": "14.xyz", "model_rescale": 3.9786697098870705, "target_rescale": 4.061153727055008},
{"mapping": [4, 1, 7, 8, 5, 6, 3, 0, 9, 2, 3, 11], "R": [[-0.9025783404065194, -0.3239073495426798, 0.2836130609496842], [0.07855481872888623, 0.5237986056785947, 0.8482123325816666], [-0.4232983343736245, 0.7878572520459504, -0.44732479309235573]], "T": [-0.030679024629081883, -0.10225387378057904, -0.13431615668829583], "aligned_model": [[0.2166249920699353, -0.5850591798898884, -0.1867824657964811, 0.39498693142784025, 0.5931540322902424, -0.7507291493348612, 0.39632714817703996, -0.01883297780019154, -0.17361058459350226, 0.7400831819623265, 0.39632714817703996, -0.11173995252813698], [0.04182261493848394, 0.13062128150199318, -0.7440680467532013, -0.2893751046441631, -0.540091792391301, -0.2692311089963384, 0.30468351572809055, 0.5912642392085153, -0.00024255319494162486, 0.2941231999146627, 0.30468351572809055, -0.10110688252386328], [-0.675608516521746, -0.44912387101160106, -0.15844680976403464, 0.10237407301339305, -0.38688270603968794, 0.15029254246689244, 0.5708199448608982, -0.08237499565663686, 0.462825809420046, -0.18587440148166667, 0.5708199448608982, -0.07518003000219631]], "inverted": true, "swapped": false, "error_lsq": 0.057691512180145545, "error_max": 0.3508104101171523, "target": "1064.xyz", "model": "15.xyz", "model_rescale": 3.769337070930944, "target_rescale": 4.061153727055008},
{"mapping": [0, 1, 9, 7, 4, 2, 3, 5, 10, 8, 11], "R": [[0.2792428913516498, -0.9258156980982345, 0.2547326064414397], [0.9027337647230952, 0.343531100465274, 0.25895585153069084], [-0.32725396507672466, 0.15764414409674876, 0.9316937083470971]], "T": [-0.07145913015794725, 0.043764897658727334, 0.0714330930768335], "aligned_model": [[-0.24226655657706175, -0.4043131837869065, -0.1332434411928679, -0.6950151383127361, 0.4791113986848926, 0.43659212474244025, 0.4671025885478717, 0.15136953823810753, 0.16165276152197422, -0.20896766150304588, -0.08939629967149737], [0.06677951645407186, -0.7586265608843502, 0.7604585629236312, 0.2897700002036372, 0.21879719523647878, -0.3625265084683753, 0.23447637254677556, -0.5285457031441408, 0.7352821527273268, -0.04647199969679626, -0.013328530272916847], [-0.5363635400744113, -0.14466644116089017, -0.28560710377325976, 0.08610362393438681, -0.5922718653710843, -0.27228729755192077, 0.16930945192161267, 0.28254844186200706, 0.2995013322025455, 0.6771292337353078, 0.06082177149948383]], "inverted": false, "swapped": true, "error_lsq": 0.057250560879800315, "error_max": 0.3318230000876758, "target": "1064.xyz", "model": "16.xyz", "model_rescale": 3.7852294659196426, "target_rescale": 4.061153727055008},
{"mapping": [8, 3, 0, 10, 9, 4, 7, 2, 5, 11, 6, 12], "R": [[-0.5664739058389134, -0.778734955239718, -0.2695907704121201], [-0.17527983057990892, 0.43351388204729624, -0.8839359111746516], [0.8052231336688511, -0.4534728035506401, -0.3820708330197926]], "T": [-0.02167948978867923, 0.034028325954112176, -0.041791963325572626], "aligned_model": [[0.23138109336056573, -0.6282539673085348, -0.29221744460787835, 0.41518395364827754, 0.5023901126449781, -0.44209507383769064, 0.22417595853491787, -0.049493054922488414, -0.2539220787578271, 0.646816679080648, 0.5001763392315344, 0.056606607094860706], [0.02179506542150869, 0.15590959769281681, -0.5113813765618271, -0.5401885732663998, -0.5168706055452621, -0.41956018617758173, 0.5388401234928869, 0.6194034337176032, 0.047341794152859634, 0.3133387503122864, 0.028509924317307395, -0.014055069040170481], [-0.6418057963705909, -0.5414996078372674, -0.3501499162673462, 0.316928484540346, -0.45303788073961515, 0.30359895062625547, 0.37790692012742844, -0.21686169182167114, 0.573102451996124, -0.15594376350919747, 0.6758634392618985, -0.0444606058618065]], "inverted": true, "swapped": false, "error_lsq": 0.05230399158930691, "error_max": 0.25408595364463904, "target": "1064.xyz", "model": "17.xyz", "model_rescale": 3.901054581598922, "target_rescale": 4.061153727055008},
{"mapping": [12, 10, 6, 1, 7, 4, 2, 5, 8, 3, 0, 14], "R": [[-0.4567777375948135, -0.4851754065979163, 0.7456265306910091], [0.5862890155499427, -0.7945727895582121, -0.15785839331236134], [0.6690435626199857, 0.3650464448891783, 0.6473961726721355]], "T": [0.015159079750617546, 0.03656046326575131, -0.09025467995545006], "aligned_model": [[0.4765144606658467, -0.7481054628201801, -0.04682211054615987, 0.13803279215935876, 0.4701582982184868, -0.598696516275328, 0.33620368969746267, -0.2383832435310061, -0.2590051467527431, 0.7395602234296974, 0.6150603048918745, 0.026231835024053404], [0.09303275613003614, -0.008298711513805596, -0.6555559969276953, -0.5431796887869816, -0.414658257839852, -0.32496802564273414, 0.6120546816768286, 0.5995482091704869, 0.16990081644429905, 0.27819932991629537, -0.1329551579567717, 0.049962923845922345], [-0.6698555742926011, -0.38668113056529163, -0.37461164373307304, 0.2764726797173784, -0.2607081947760488, 0.25333290545034765, 0.40921990897536786, 0.0038045315109541955, 0.49921336774510755, -0.1063646356678915, 0.34205018091826983, -0.14223141113796142]], "inverted": true, "swapped": false, "error_lsq": 0.05677352618260322, "error_max": 0.3124399020482567, "target": "1064.xyz", "model": "18.xyz", "model_rescale": 3.9405287249114394, "target_rescale": 4.061153727055008},
{"mapping": [13, 14, 11, 5, 9, 10, 0, 4, 1, 7, 8, 15], "R": [[0.38123237493236695, -0.726043244508458, 0.5722963248240017], [0.9197436252911303, 0.3604466107011849, -0.15540239563905625], [-0.0934534110653883, 0.5856103208940743, 0.8051875632562784]], "T": [-0.03553955157839697, 0.07672788788584994, 0.012938240578319762], "aligned_model": [[-0.004206683993566079, -0.6090390077533785, -0.07772421287542267, 0.35414129352723567, 0.5171896713248045, -0.5814841403354716, 0.22204962891282873, 0.2795126659916354, -0.3397543752504796, 0.6093405395046473, 0.5923603361982, -0.05163659108967007], [0.018441868061555455, -0.07616250091589091, -0.5447569504340519, -0.5738654218870806, -0.3597298924635892, -0.4883005216311449, 0.49246067199784366, 0.7339517560994973, 0.26739627002610183, 0.19331375821708596, 0.015198065004599456, 0.04513577644110144], [-0.6556055774874228, -0.48451714923592143, -0.349263708601357, 0.3537311791720228, -0.2920287397290557, 0.03725776754925791, 0.49614453634059613, -0.04591680058701991, 0.5666695229614097, -0.24428336019652913, 0.4303444783878379, 0.031108835570739367]], "inverted": true, "swapped": false, "error_lsq": 0.0468687736754205, "error_max": 0.24901056406549824, "target": "1064.xyz", "model": "19.xyz", "model_rescale": 4.410303926677745, "target_rescale": 4.061153727055008},
{"mapping": [1, 5, 3, 6, 0, 10, 12, 7, 9, 2, 4, 13], "R": [[-0.32355533026721583, -0.5492297072411002, 0.7704924898657537], [-0.9425397984460316, 0.2587245635790832, -0.2113772186072263], [-0.0832506852883933, -0.794612061879675, -0.6013825691806711]], "T": [0.08309314125815842, -0.036143590485966125, 0.01012384222741187], "aligned_model": [[0.13947368963442575, -0.6501677023139736, 0.003849771299193089, 0.29246331949776133, 0.4786438108970207, -0.6577443910771688, 0.13721115140773826, 0.2138523059191619, -0.37702167112255425, 0.7086391201051669, 0.6105449015428639, 0.011004818371727634], [0.30451235175743496, -0.16835197888872794, -0.6926405702706082, -0.5127903683450703, -0.37843057260875834, -0.3067010707056306, 0.5451082450349303, 0.64365537572108, 0.24406112916670455, 0.13375022653458898, -0.08286344178761529, -0.006226447092300781], [-0.6561303539705909, -0.3692443170693465, -0.2876930470747174, 0.26601014666551454, -0.4793030288578018, 0.24054175296292912, 0.48959488615979385, -0.15609460248526338, 0.43865202251529456, -0.1256592459707, 0.4734868652242406, 0.009479906045205275]], "inverted": true, "swapped": false, "error_lsq": 0.04788667625710769, "error_max": 0.24224328573929269, "target": "1064.xyz", "model": "20.xyz", "model_rescale": 4.121658175737393, "target_rescale": 4.061153727055008},
{"mapping": [9, 8, 10, 4, 11, 6, 0, 5, 1, 7, 3, 12], "R": [[-0.8657481880883628, 0.4359170629676362, 0.2458788096509886], [0.3699211978312893, 0.8882648945167432, -0.27229356320747605], [-0.33710292525693303, -0.14478187518757119, -0.9302686850584565]], "T": [-0.005024099702828452, -0.0730022448892571, -0.008690979369244766], "aligned_model": [[0.03883895089693119, -0.4781750044114304, -0.1670924847236669, 0.2834162960389298, 0.7348635335778702, -0.612252939250449, 0.3130880392863908, -0.05627955886075782, -0.29824024930278, 0.5724117027944484, 0.5209967087278248, 0.05917412938805189], [-0.17740468205802434, 0.2252418242622014, -0.7834906529002403, -0.5288494732072324, -0.4026689570937304, -0.3039799040742618, 0.61942170029956, 0.6048165726635253, 0.1503502727301063, 0.23544008601160737, 0.0774657014782511, 0.006740390404265384], [-0.722721118149077, -0.3840332222035713, -0.2872822612244912, 0.1865961028099796, -0.3528641220221228, 0.014695329684887662, 0.6288962520395679, -0.051563563436481004, 0.5799624063173692, -0.20426521642502735, 0.4194470931749831, 0.016773303578540955]], "inverted": true, "swapped": false, "error_lsq": 0.056146216591874056, "error_max": 0.3681661336363536, "target": "1064.xyz", "model": "21.xyz", "model_rescale": 4.08911054899281, "target_rescale": 4.061153727055008},
{"mapping": [6, 10, 7, 4, 0, 12, 15, 11, 14, 1, 2, 16], "R": [[0.6469101419348746, 0.7620330283205892, -0.028511962583310624], [0.6434617648685432, -0.5655529058905315, -0.5158554718048797], [-0.40922393064685225, 0.31536577871945354, -0.8562010279126115]], "T": [0.00957216691234479, 0.02804854991265945, -0.009524876437907405], "aligned_model": [[0.09903658861252533, -0.6389648152310675, -0.23348685693099452, 0.4223962667253384, 0.50700308467077, -0.6128891619396374, 0.18279261246990608, 0.16647248679939486, -0.29658184148744243, 0.7357135410435928, 0.5532135242120038, 0.026043695216973226], [-0.12795884717551118, -0.053884271737210776, -0.5306878050069561, -0.464499534424877, -0.45896816746206476, -0.31387901860617595, 0.5119832980774192, 0.7738454435371259, 0.039604419495471804, 0.3347707859510385, 0.02925854110912576, -0.01650196524135789], [-0.7328656936568687, -0.482623391277832, -0.3763111692964298, 0.2611498972237201, -0.3493139245763559, 0.19196194200118177, 0.5074943249982904, -0.08067481205196737, 0.5543534534932857, -0.1024687087262243, 0.46556084206764964, -0.012621776053891287]], "inverted": true, "swapped": false, "error_lsq": 0.04268985236115339, "error_max": 0.24748493476037756, "target": "1064.xyz", "model": "22.xyz", "model_rescale": 4.204369325754507, "target_rescale": 4.061153727055008},
{"mapping": [13, 14, 11, 5, 9, 10, 0, 4, 1, 7, 8, 15], "R": [[0.38123237493236695, -0.726043244508458, 0.5722963248240017], [0.9197436252911303, 0.3604466107011849, -0.15540239563905625], [-0.0934534110653883, 0.5856103208940743, 0.8051875632562784]], "T": [-0.03553955157839697, 0.07672788788584994, 0.012938240578319762], "aligned_model": [[-0.004206683993566079, -0.6090390077533785, -0.07772421287542267, 0.35414129352723567, 0.5171896713248045, -0.5814841403354716, 0.22204962891282873, 0.2795126659916354, -0.3397543752504796, 0.6093405395046473, 0.5923603361982, -0.05163659108967007], [0.018441868061555455, -0.07616250091589091, -0.5447569504340519, -0.5738654218870806, -0.3597298924635892, -0.4883005216311449, 0.49246067199784366, 0.7339517560994973, 0.26739627002610183, 0.19331375821708596, 0.015198065004599456, 0.04513577644110144], [-0.6556055774874228, -0.48451714923592143, -0.349263708601357, 0.3537311791720228, -0.2920287397290557, 0.03725776754925791, 0.49614453634059613, -0.04591680058701991, 0.5666695229614097, -0.24428336019652913, 0.4303444783878379, 0.031108835570739367]], "inverted": true, "swapped": false, "error_lsq": 0.0468687736754205, "error_max": 0.24901056406549824, "target": "1064.xyz", "model": "23.xyz", "model_rescale": 4.410303926677745, "target_rescale": 4.061153727055008},
{"mapping": [0, 3, 1, 11, 7, 10, 15, 5, 8, 13, 14, 16], "R": [[0.04987385951257695, 0.9854175917494646, 0.1626799557659308], [-0.9311343874190189, -0.013038448898512252, 0.3644430701990775], [0.3612497068554223, -0.16965308344090407, 0.9169059278769361]], "T": [0.13016412617595613, 0.040810077495225375, 0.01851320469219961], "aligned_model": [[0.03656746534587264, -0.6143962693410336, -0.1345145329250112, 0.2865722092901646, 0.4533275818603021, -0.37360777142297924, 0.22420333052251756, 0.04350048097886636, -0.49314573144764035, 0.8216515964070994, 0.6174361311304656, 0.043154633762738606], [0.11900487255388108, -0.09783564545533828, -0.6665411510329446, -0.5150791876392233, -0.3470265797762667, -0.2796742921542708, 0.5041006981571935, 0.6493851399477101, 0.2421943750697445, 0.08309571899864998, 0.02609371282717428, 0.005365217019717657], [-0.7268129321052166, -0.46693315235372634, -0.38883774533313176, 0.27782985100628477, -0.41401310071467945, 0.27791172102478745, 0.5531463683542225, -0.11463272799085278, 0.5151376637496682, -0.10083346206106375, 0.4880868536688058, -0.05640835310054049]], "inverted": false, "swapped": false, "error_lsq": 0.0440397440629528, "error_max": 0.2457075560564252, "target": "1064.xyz", "model": "24.xyz", "model_rescale": 4.28219845311461, "target_rescale": 4.061153727055008},
{"mapping": [8, 3, 0, 2, 6, 4, 12, 11, 13, 10, 14, 15], "R": [[-0.574932073918282, 0.6734298755621891, 0.4646991640624263], [-0.03414603232307867, -0.5872056959220128, 0.8087172059214125], [0.8174883233763126, 0.4490898277372127, 0.3605983468713442]], "T": [-0.08645135236284242, 0.08681239912725564, -0.025547385013027064], "aligned_model": [[0.26916692693143274, -0.7680879380473725, -0.05525857612134023, 0.14910669155316303, 0.5775707673916527, -0.5989855901791122, 0.14838255626067337, 0.21772437308131143, -0.18747329601585438, 0.6533346948130465, 0.5928227186308305, -0.08755420413706778], [0.09302281031954357, 0.1027216479203315, -0.6947333714978805, -0.4393869510481216, -0.44778987204113746, -0.43283549700731355, 0.5807046716436572, 0.5383310327460702, 0.07234407865657724, 0.25696377073451854, 0.0790584080934767, 0.014682149996305904], [-0.6217378974781499, -0.39319369020186024, -0.2574253511161389, 0.3437853595539764, -0.31790362506848513, 0.018307969673982814, 0.5086280157143098, -0.016321183513167255, 0.5596890557016041, -0.2567830526162732, 0.31893953345175247, -0.042344149956992996]], "inverted": false, "swapped": false, "error_lsq": 0.04235172975337698, "error_max": 0.22481648969501097, "target": "1064.xyz", "model": "25.xyz", "model_rescale": 4.100010024507729, "target_rescale": 4.061153727055008},
{"mapping": [6, 4, 0, 8, 1, 10, 7, 5, 9, 2, 3, 11], "R": [[-0.6624503607535922, 0.6550263558375755, -0.3634556268591549], [-0.5319175330856665, -0.7529453191895922, -0.38747526928378556], [-0.527468726592861, -0.06335471149511288, 0.8472089016280911]], "T": [0.1322293934267757, -0.045370821852511733, -0.041827687468985957], "aligned_model": [[0.08673123372561439, -0.6100761832455186, -0.13149790380607018, 0.2333299162457124, 0.5530686769713458, -0.3434379995544677, 0.19210532626282914, -0.14374419489961476, -0.4814976290429009, 0.7676312471904374, 0.7695317151652086, 0.018604919148787646], [0.1682417945443743, 0.22446741844702822, -0.651295505412501, -0.4232009880907047, -0.5812536045789901, -0.40755637171226156, 0.3917052862039959, 0.642504902697085, 0.1493751179737967, 0.24011379047980153, -0.03507736567331253, 0.0050584036377160635], [-0.6523862069598376, -0.41866894734574883, -0.41215546995476865, 0.4313328336239843, -0.22856411766197327, 0.19809838710756014, 0.47191893794916734, -0.16369538804281727, 0.47268573602021585, -0.2918682976503093, 0.4599804650339751, -0.0230369479748897]], "inverted": true, "swapped": false, "error_lsq": 0.051620309348418526, "error_max": 0.2745498284964037, "target": "1064.xyz", "model": "26.xyz", "model_rescale": 3.6694154284099745, "target_rescale": 4.061153727055008},
{"mapping": [10, 4, 2, 6, 11, 0, 7, 8, 5, 9, 3, 13], "R": [[-0.9052104576607581, 0.03125388726856247, -0.42381272028126404], [-0.1025544134809414, -0.9838821371046828, 0.1464873119485179], [-0.41240346702856545, 0.17606571164461945, 0.8938256236906015]], "T": [0.08507594969444476, -0.010227329715301936, 0.02595484398554406], "aligned_model": [[0.08492242279780254, -0.5601428842614877, -0.06456389291414111, 0.22831851110572512, 0.5256503384875849, -0.5044813104245938, 0.25995528953893543, -0.057525171693299404, -0.46235534600171657, 0.6669805187673334, 0.7235663886675463, 0.07042426009167355], [0.09389790232364187, 0.05884887696698374, -0.6199029079168082, -0.5630324074501961, -0.44548390225362594, -0.28546265340675936, 0.39315045868786586, 0.5703779811173904, 0.27916631917314416, 0.2810784966489747, 0.021572368916583186, -0.06112765429116682], [-0.5665387276040259, -0.47847721691845846, -0.23487700424626093, 0.40684662183752746, -0.5678644831224017, 0.14257858413536315, 0.4763236939707177, -0.19969884120900314, 0.5184472725533372, -0.17749422455170535, 0.5200701734789731, 0.004325135820494767]], "inverted": true, "swapped": false, "error_lsq": 0.043466884537940065, "error_max": 0.20411505757894335, "target": "1064.xyz", "model": "27.xyz", "model_rescale": 4.103607728864725, "target_rescale": 4.061153727055008},
{"mapping": [10, 9, 3, 2, 12, 0, 8, 7, 1, 13, 4, 14], "R": [[-0.8403076738909938, 0.48874559516536586, -0.23454371960544942], [-0.12432947543676186, -0.594866187495229, -0.7941513712841595], [-0.5276601128923116, -0.6381707938956025, 0.5606361057594575]], "T": [0.061543168806519166, 0.11047993247393231, -0.22809299680930814], "aligned_model": [[0.019993039746072583, -0.6619236964723529, -0.09213847319678678, 0.2379867378826616, 0.6028812842052516, -0.4529272396210829, 0.38418716151840604, -0.13568812485442738, -0.2845445799529717, 0.7012742769843818, 0.5864033473183834, 0.0052453906038274906], [0.00041881758883305364, 0.07523144640912376, -0.6240668166199143, -0.4292967235290793, -0.5543621075271775, -0.26900309391520505, 0.6033363862897854, 0.6724276411862218, 0.020265483655322075, 0.17736685733687346, 0.00347155867640056, 0.04729342896484402], [-0.7240117543402786, -0.609507685995098, -0.24690466535939357, 0.23969919508572582, -0.275334120721078, 0.0897191686540745, 0.34223440627212676, 0.1785958707998518, 0.5934576440265511, -0.1497170983098074, 0.5031253618799546, -0.09771533784807138]], "inverted": true, "swapped": false, "error_lsq": 0.05117671392895524, "error_max": 0.3157305099750406, "target": "1064.xyz", "model": "28.xyz", "model_rescale": 4.137296879288765, "target_rescale": 4.061153727055008},
{"mapping": [7, 6, 10, 3, 4, 9, 0, 8, 5, 1, 11], "R": [[0.303127484655042, 0.6757577190852355, -0.6719116259921596], [0.022466987341533684, -0.7099577410626603, -0.7038858148769589], [-0.9526851329408386, 0.1982713065522219, -0.23038994438033145]], "T": [-0.02332151473323439, 0.02448870002218278, 0.0669018466804624], "aligned_model": [[0.4932828662313974, -0.0070724409684192885, -0.10099247402773391, -0.40413042393985743, 0.05329531142930076, 0.47936640162016364, 0.481988551213983, -0.33007210490812344, -0.5025085423251113, 0.081187678529921, -0.022925812145621983], [-0.38869611771609164, -0.7523213830665216, -0.3200725144562019, 0.13202411539777276, 0.7344892206937891, -0.019592725513971378, 0.4035224444789146, -0.4749378258369323, 0.20105784529796378, 0.35647428257530434, 0.04720047479392618], [0.17623642592439598, -0.22808973032827395, -0.6111816152602915, -0.35667823103674284, -0.4471969832042315, -0.5578433011699514, 0.05609653855283858, 0.29139311453126193, 0.46810610795821417, 0.8916359153099983, 0.12327578050578068]], "inverted": false, "swapped": true, "error_lsq": 0.04459029548414903, "error_max": 0.19965373562236818, "target": "1064.xyz", "model": "29.xyz", "model_rescale": 3.607286011436655, "target_rescale": 4.061153727055008},
