[{"mapping": [12, 8, 7, 5, 4, 13, 9, 11, 0, 2, 10, 15], "R": [[-0.29898087743559304, -0.7705513093294641, -0.5629041788959218], [0.3779088670185128, 0.44604813100445967, -0.8113112553491495], [0.876239307014144, -0.4552930314842052, 0.15783831070210957]], "T": [0.02413425341168693, 0.006614387514616155, -0.1013869389226547], "aligned_model": [[-0.42155848238471616, 0.27314535368555465, 0.5012010378423128, -0.20872245269857334, -0.0055075205502855, -0.6571709407286744, 0.37927415753332216, -0.1760247093274389, 0.6209061669217137, 0.02780899478312282, -0.5014207652243746, 0.005711622608585938], [-0.21919840741669108, -0.6642227802491162, -0.2815640790279299, 0.5230521285246547, 0.45663454745362764, -0.4026658557031344, -0.14553685231012556, -0.5795070404574348, -0.06682272198394684, 0.4930955195178409, 0.029665651559469125, -0.08937507393015644], [-0.540971075477615, 0.09257538085807061, -0.6053261214953468, -0.029460319235461177, -0.7008130458287701, 0.06627128125795513, 0.5081323520698484, 0.6196458904402414, 0.007655698314531778, 0.48106069108256, 0.3665327368121581, -0.08335172344460967]], "inverted": false, "swapped": true, "error_lsq": 0.04424518253588714, "error_max": 0.22812652333718075, "target": "1066.xyz", "model": "0.xyz", "model_rescale": 3.751011558992144, "target_rescale": 4.200121874415342},
{"mapping": [0, 7, 1, 9, 3, 5, 6, 8, 4, 10, 14, 13, 11, 2, 15], "R": [[-0.02829743785417904, -0.556685114754761, 0.8302414937964541], [0.9501079884887073, -0.27308751453115976, -0.1507249800701148], [0.31063493882825177, 0.7845539448742019, 0.5366386515724488]], "T": [-0.04484683603818737, 0.005389968574813678, -0.03361085591554832], "aligned_model": [[0.04500031096375404, 0.02835648896861072, -0.5869387084578704, 0.3056636441718259, -0.19883948185946784, -0.49362766984651785, 0.532286356007225, 0.6430824551797385, -0.6792579596978262, 0.11769887088898265, -0.12156764444465903, 0.4175421562577031, 0.76711114282583, -0.2891341347566056, 0.051710384888311034], [0.08741959620110966, -0.5630806164802391, 0.3291999600186515, 0.5233895534396906, -0.7382543975128383, 0.2555668546399557, -0.49485781655911887, -0.05202483012946002, -0.3924514743615111, 0.44438762010359556, -0.034068463054682835, 0.007042413841948564, 0.4651907413968029, 0.7237976428219542, -0.012499434538753136], [-0.6324586269798365, -0.5194881163969777, -0.4867140341833495, -0.3936205095562455, 0.0007360540068340887, 0.21560975604250454, 0.03798888202667245, -0.3039943731308881, 0.010583591869499594, 0.49226766279304984, 0.6872385473104254, 0.6342140111516914, 0.14749068903430348, -0.02191613549776896, -0.018270993637938174]], "inverted": false, "swapped": true, "error_lsq": 0.04378820713596179, "error_max": 0.27199843255388817, "target": "1066.xyz", "model": "1.xyz", "model_rescale": 3.9405287249114394, "target_rescale": 4.200121874415342},
{"mapping": [1, 4, 5, 8, 12, 2, 0, 7, 13, 10, 11, 9, 15], "R": [[-0.9464281526318294, -0.03516006268656244, 0.3209945823495777], [-0.3194810414249072, -0.04261842515449521, -0.9466337908649826], [0.046963987010894964, -0.9984725533680071, 0.029102303943378816]], "T": [0.028968470904058366, 0.025020939128777876, -0.06495678783675092], "aligned_model": [[-0.37670172337046076, 0.19705992104420827, -0.3833129592712692, 0.3384206364735394, 0.4496619626193335, -0.723063478766064, 0.06955519775018619, 0.6576413301013538, 0.07236044961629011, -0.4104773239436154, -0.17533458557257436, -0.29349278693458164, 0.07366663953758529], [0.6752819183520052, 0.5338918867767793, 0.16602667482934594, -0.3113096671587342, -0.23134369567296478, 0.09431610782801603, 0.32877926958192283, 0.3660057448441864, -0.7513439226379498, -0.4998305562501981, -0.7711608304381332, -0.0856189206770189, -0.054861415805239434], [0.06392824323995093, -0.5898415940422403, -0.4340706312127827, 0.5187995789004533, -0.5123512516586892, 0.009667360321040416, 0.4637242283022808, 0.16546465972780738, -0.2998420820603637, -0.22959749518623246, 0.4123744709715004, 0.5710979865239244, -0.026233124238005057]], "inverted": false, "swapped": true, "error_lsq": 0.04254096218030359, "error_max": 0.30687243981609036, "target": "1066.xyz", "model": "2.xyz", "model_rescale": 3.932901565614263, "target_rescale": 4.200121874415342},
{"mapping": [5, 2, 1, 10, 4, 7, 0, 12, 13, 6, 9, 11, 8, 15], "R": [[0.4701509255382444, -0.8655010907528446, -0.1728177338156269], [0.7591487044512284, 0.29669480322239333, 0.5793664110654391], [-0.450168137194931, -0.40358401312051745, 0.7965353680835423]], "T": [-0.04160033334419176, -0.15904495475320896, -0.0578842941712656], "aligned_model": [[-0.16601013746005944, 0.38110459965494253, 0.2953378856928387, -0.006532242319078792, -0.5575640250474542, -0.1168827157488874, 0.42048521817137025, -0.6464756578755567, -0.3080161488808966, -0.2535438941702406, 0.6649063758141238, 0.43503229239465857, 0.3104689316775049, -0.03250056985056156], [0.04144582919889028, 0.17538638777750665, -0.49277077528421814, 0.5414588068040054, -0.5313210134027759, -0.8305598277876172, -0.554043560669442, -0.07239154976420795, 0.4985510998157609, -0.20994348430422377, -0.05007979632987354, 0.47537237364379, -0.19905206278409687, -0.1285557885630092], [-0.5779124383421576, -0.5921116371342386, -0.6736104606785678, -0.11914578585598244, -0.45525117975189977, 0.27074099899844706, 0.004349675221298768, 0.20571516596480732, 0.3375729172845168, 0.6776062612264541, 0.040923506815289404, 0.4653998286747899, 0.5933430694596522, 0.03627644117468813]], "inverted": false, "swapped": true, "error_lsq": 0.03923963615463311, "error_max": 0.2523358903716277, "target": "1066.xyz", "model": "3.xyz", "model_rescale": 3.9243930471874484, "target_rescale": 4.200121874415342},
{"mapping": [13, 6, 11, 10, 9, 12, 5, 8, 0, 7, 1, 4, 15], "R": [[0.7672305117763939, -0.6409413550358312, 0.02348448858641089], [-0.5945996955172697, -0.7245299909128499, -0.34857925118772615], [0.24043407389574178, 0.2534767675205325, -0.9369850502741434]], "T": [-0.028501464858249254, -0.082009220343812, 0.03112297982464514], "aligned_model": [[-0.03129480704430414, -0.2923392685900059, 0.6278124160712629, 0.2919486447775408, 0.6529104477037192, -0.562533674996625, -0.025148023120481866, 0.23184775853811598, 0.2280833869152973, -0.39201787998699655, 0.18499808627410752, -0.6228250536720488, -0.014236146558228763], [-0.6499561560148459, 0.08348142561584537, -0.2907353271894714, -0.6932648377445235, 0.13937358343387965, -0.3294549974410048, -0.45369566021478314, 0.28021429031703593, 0.46697280392572016, 0.5631865285588042, 0.17126625596885223, -0.08137887800749413, -0.07817947752642757], [-0.5495876532332146, -0.669918780548576, -0.623992110622948, -0.10804080410592286, -0.05522270322842973, -0.2794375330204825, 0.46464526227879077, -0.5610449232307536, 0.10988193747923304, -0.09604819083820591, 0.7341795021780007, 0.488821036630431, -0.06716472436695838]], "inverted": false, "swapped": true, "error_lsq": 0.04196506532069177, "error_max": 0.26173222705413063, "target": "1066.xyz", "model": "4.xyz", "model_rescale": 3.8936222436046832, "target_rescale": 4.200121874415342},
{"mapping": [1, 5, 9, 0, 11, 13, 12, 6, 7, 4, 8, 15], "R": [[-0.8106065238949859, -0.31554237644930044, -0.4933052524387064], [-0.13625678530345392, -0.7176503094016374, 0.6829437179405802], [-0.5695183507821818, 0.6208148210863382, 0.5387372328342284]], "T": [-0.10541649015723832, -0.16735403998645787, -0.048913758526478474], "aligned_model": [[0.1577507492327178, -0.35368326610894196, -0.2200760315019127, 0.28319347388709304, -0.6954030915429128, -0.7142504417089438, -0.15167477769916948, 0.023089921831961943, 0.5969559034203419, 0.2371945042696475, -0.008947120534303674, -0.12660178133048075], [-0.5969428748919756, -0.6714777739249438, 0.2399026963968452, 0.05988910724403837, 0.5605424954608271, 0.12175215419656743, -0.19013563643458367, 0.39379139140894975, 0.040440785794314815, -0.7790366583014379, 0.5668678772028732, -0.07667065904166778], [-0.6407037853899838, -0.15053311385883128, -0.6335360790213288, -0.4621484018271168, -0.20882849700008685, 0.4044461335770121, 0.6145685817841763, 0.4580961006153831, 0.11868270992277818, 0.21786427224989338, -0.08444194805204894, -0.014181253724328345]], "inverted": false, "swapped": true, "error_lsq": 0.04478354331485269, "error_max": 0.28513305145717094, "target": "1066.xyz", "model": "5.xyz", "model_rescale": 3.6523030999806103, "target_rescale": 4.200121874415342},
{"mapping": [11, 6, 7, 9, 0, 10, 12, 2, 14, 5, 4, 1, 15], "R": [[-0.029330704829744203, 0.8308890985251305, 0.5556644812351128], [0.9380927553999014, -0.16906569442167158, 0.3023223002623843], [0.34514010491452846, 0.5301321504321489, -0.7744922278872619]], "T": [0.07377905522549374, 0.03336559630480262, 0.028726221442943914], "aligned_model": [[0.059331280503483325, -0.16272166433211335, 0.3385547615425262, 0.5880211563369789, 0.6650722438854697, -0.27237689685673194, -0.5067213074716156, 0.30588167622988566, -0.6178960625374712, -0.07620526868852295, -0.10272516483525299, 0.6095427761958854, 0.05332537469177356], [-0.6935271216645065, 0.2726907725655929, 0.6730263927384895, -0.4247329792412893, 0.1238121091452476, -0.578762685203299, 0.3143624052079102, -0.5333073011605356, -0.13839413719579424, -0.12679648235245128, 0.5761157302294947, 0.06270366274443318, 0.01363653834989078], [0.6410239579083297, 0.7181085246838979, 0.3208257523702666, 0.2443390083986821, 0.15367347391727731, -0.005380744757162034, 0.19282304804826245, -0.4195291051501792, -0.10966105331827579, -0.49848951777577555, -0.4580766022765208, -0.5335152853922093, 0.12396828282519569]], "inverted": true, "swapped": true, "error_lsq": 0.05525179592443278, "error_max": 0.3071680981130431, "target": "1066.xyz", "model": "6.xyz", "model_rescale": 4.08911054899281, "target_rescale": 4.200121874415342},
{"mapping": [2, 9, 1, 10, 14, 3, 5, 4, 13, 11, 6, 8, 7, 0, 15], "R": [[0.15797079082631305, 0.40174327706094043, 0.9020241507753803], [0.87412620478678, -0.4817902020207243, 0.061494547253313825], [0.4592914187645679, 0.7787686052821893, -0.4272831053014666]], "T": [0.06152342829757529, 0.0051667050355907115, -0.07910418864737961], "aligned_model": [[0.24748819563995855, 0.23389745708225762, 0.7591625036143154, -0.42728261959483776, -0.5138051522258301, 0.04150595478942841, 0.10773347646559561, 0.3163975654587533, -0.7456532767645974, -0.4710155424087602, -0.347590797368175, -0.07285410002524673, 0.38124647318738786, 0.5305883457670798, -0.003484943817774977], [-0.6065361008921761, -0.6180708184053892, -0.1769881457958938, -0.42236238798227466, 0.11831021058148239, 0.7616009661291676, -0.08272193424127525, 0.57433298575125, -0.08353730970616466, -0.6587781472729972, 0.3170901458845939, -0.16260133077301772, 0.489564026198104, -0.14344363147144262, -0.005099711834853506], [-0.4879555305130599, 0.24128666788168135, -0.3691702669269378, -0.3510890843576197, -0.5071958657285334, -0.006255730871492865, -0.6414598084059697, -0.49599428910362214, -0.0592615976165885, 0.34406215864860534, 0.48991813760367237, 0.6304357899657771, 0.3981071428764973, 0.28326729701913433, -0.004624988389463486]], "inverted": true, "swapped": true, "error_lsq": 0.047285275842305616, "error_max": 0.27008607078809094, "target": "1066.xyz", "model": "7.xyz", "model_rescale": 3.964800864290218, "target_rescale": 4.200121874415342},
{"mapping": [0, 1, 9, 7, 11, 4, 8, 2, 5, 14, 12, 13, 10, 15], "R": [[-0.9852030193286794, -0.04085284017149694, 0.1664513627327102], [-0.16930004374547997, 0.3832202828710249, -0.9080086508310539], [-0.026692806023959154, -0.9227530873674572, -0.38446616738068573]], "T": [-0.06448986078969594, -0.09513666101025306, 0.056102146670940496], "aligned_model": [[-0.15250047341393913, 0.23276258158629926, 0.2718601556069805, -0.7392176889949901, 0.26405363452455266, -0.31165092142343914, -0.3161867961348635, 0.6670184745619967, 0.3199078524300652, 0.09183392745210837, -0.4393772367559987, 0.015905410079650392, 0.452678920417057, -0.09589995047460692], [-0.14136218226720523, -0.6835786437345253, 0.22271998138182927, -0.21404162973881, 0.7887710922982372, -0.7463087584377334, 0.4948689090392022, -0.2350228712917096, -0.4352478124519391, -0.0016180752723995717, 0.009211197398352716, 0.5098308788021568, 0.24356754875301342, -0.0008411682972671308], [-0.546838443927828, -0.3554753276006142, -0.4976341973854356, -0.2524399272425726, -0.06329858632386093, 0.33466048238191337, -0.31564036536670126, -0.08967179030705627, 0.306434779933419, 0.7588709989629071, 0.5959527056164494, 0.592149943084946, 0.3930059480165943, 0.05673881888286081]], "inverted": true, "swapped": true, "error_lsq": 0.04044879465766032, "error_max": 0.21865293066036354, "target": "1066.xyz", "model": "8.xyz", "model_rescale": 4.121658175737393, "target_rescale": 4.200121874415342},
{"mapping": [4, 5, 14, 3, 1, 0, 10, 8, 13, 9, 7, 6, 15], "R": [[0.10344413715804537, 0.2471247533545585, 0.9634462448767322], [-0.985779850256462, 0.15444077873090242, 0.06622788456035802], [-0.13242883868695357, -0.9565967813788845, 0.2595865954543565]], "T": [-0.08837818847140747, -0.06814282302736561, -0.06844048156257802], "aligned_model": [[-0.42834702299441507, -0.22774656952927047, 0.4011661754337158, -0.07931207307503817, -0.8195540999848375, -0.48348614499745013, 0.3593220097882648, 0.1709030314355184, 0.7125494359288864, -0.18402331733625804, -0.3360899721121625, 0.40261987013278966, -0.011263826254545875], [0.32058083070551796, -0.3513787148506246, -0.13666492484619072, 0.6624808778784932, -0.31889057326574155, -0.05999431739053422, -0.5813312815901321, 0.026922497696255085, -0.1710542044376881, -0.5275773330005183, 0.5663525271923067, 0.4139889152387436, -0.05304685991817721], [-0.6125209437530456, -0.5443159994074144, -0.6001527625299293, -0.2782194167024204, -0.14922631591252405, 0.3976532076108162, -0.24701931514486647, 0.6195902219724313, -0.1563071526834715, 0.47979309798348474, 0.24881141821574476, 0.27056834394014534, -0.007578949629861664]], "inverted": false, "swapped": true, "error_lsq": 0.05056205941169634, "error_max": 0.2857412996198262, "target": "1066.xyz", "model": "9.xyz", "model_rescale": 3.833441315466971, "target_rescale": 4.200121874415342},
{"mapping": [0, 7, 11, 13, 6, 8, 3, 14, 2, 10, 1, 5, 4, 9, 15], "R": [[0.06423529922496923, 0.4066803079287913, -0.9113094718461028], [0.42291025134425186, 0.8160446999562192, 0.3939771147938756], [0.9038919988811833, -0.41070935564740724, -0.11957039576028486]], "T": [0.021963889465058013, -0.002270041978434752, 0.0284648851727701], "aligned_model": [[0.030487995552737714, -0.026876613171974977, -0.7646831564300851, -0.5334526865943402, -0.6008346798877735, -0.6199698854485529, 0.10352439376790878, -0.014073198314865469, 0.3235250587599152, -0.17867331673513964, 0.6520811628546925, 0.4483886726378645, 0.6053698860754089, -0.22397761090418852, -0.07699100386707508], [-0.5936459562760179, -0.5580617006612285, 0.1177539223861426, 0.5900742616917194, -0.07201232614473457, -0.37065539603753717, -0.03600038776374295, 0.7123005181212861, 0.12912374474973898, 0.5445571972535597, -0.33352909705900463, 0.33508371590786573, 0.08188066929133411, -0.3430018602602666, -0.002765765904135695], [0.18215902997232647, -0.47482874935742636, 0.548340786590135, 0.007559938554288076, -0.41393204765640357, 0.07163518454050505, -0.7265917592673863, -0.09464951424321288, 0.712364856806581, 0.4239556477064652, 0.34029602387104063, 0.20298700662364594, -0.4355012102131355, 0.6151528122500322, 0.01917390164463835]], "inverted": false, "swapped": true, "error_lsq": 0.042769037781852794, "error_max": 0.2683098762721709, "target": "1066.xyz", "model": "10.xyz", "model_rescale": 4.2482417240324, "target_rescale": 4.200121874415342},
{"mapping": [13, 12, 7, 4, 11, 9, 8, 1, 5, 2, 10, 15], "R": [[-0.3930817129225306, -0.07843624697776586, -0.9161520191136036], [0.5945290371899346, -0.7817492703222713, -0.18815765275057583], [-0.7014427923244341, -0.6186403102859042, 0.35392396865069975]], "T": [0.09188379547300247, -0.016813418148398603, -0.004394971076411104], "aligned_model": [[-0.6858144702286502, -0.14440293120675096, 0.48995131551219256, 0.5949560457108246, -0.7019041217888737, -0.023244196882490936, -0.19881358994834736, 0.7112042492154753, 0.18682766570625436, 0.10270150691908199, -0.47189461876157063, 0.017198748115861626], [-0.24795640974811092, -0.6321424155502946, -0.19888759687384158, -0.5274730397683175, 0.47105290076707657, 0.6836159371818, 0.26040812597003044, 0.3422703535618712, -0.06463076304868257, 0.4925020632593515, 0.10142918846318241, -0.014056954163425374], [-0.0438245133527713, 0.0872917452923514, 0.6063304075096834, -0.22542324674136582, 0.1836940423953469, 0.12572951139959931, 0.618737166430052, -0.3069177294422299, -0.5654678607899639, -0.5668923975020247, -0.40919226226329386, 0.061127426918973195]], "inverted": false, "swapped": true, "error_lsq": 0.04930046308932636, "error_max": 0.2714475450513594, "target": "1066.xyz", "model": "11.xyz", "model_rescale": 3.6694154284099745, "target_rescale": 4.200121874415342},
{"mapping": [0, 1, 5, 2, 9, 7, 8, 6, 10, 13, 12, 11, 4, 15], "R": [[0.8286144688889079, -0.5052318806492111, 0.2411199052828581], [0.5522412565468797, 0.8083233935789973, -0.20406588632217998], [-0.09180226857478313, 0.30224830548506754, 0.948798348078204]], "T": [-0.05450046713205258, 0.10074665483761641, -0.07783689901088547], "aligned_model": [[0.06530889750989433, -0.010594637379978504, -0.040047165403598935, 0.4720996751030623, 0.56993577372597, -0.5216289290263, 0.2121248227365629, -0.23553469508987937, 0.40512739148311794, 0.15233533856148368, -0.46976455620244395, 0.7243537059674741, -0.6991239788346263, -0.02632679289492825], [-0.3457768607964834, 0.23791848138037222, 0.6429818738761597, 0.5044726752086268, -0.1991045733773476, -0.474281176971696, -0.5435712629352778, -0.3833380858218313, 0.5105803496227095, 0.2726134051858062, 0.1980342818596661, -0.13489158528229545, 0.40122798901109485, 0.04412177717674975], [-0.47743981275329056, -0.8415614350678495, -0.2563745528631386, -0.44610341648338203, -0.28021461372476586, -0.20324917054289904, 0.17398802200938807, 0.48903668701488395, 0.2634354783228517, 0.6886336701912235, 0.4330040744476826, 0.4134380510430587, -0.3163320409516299, -0.0011654809897177487]], "inverted": false, "swapped": true, "error_lsq": 0.04441342966742694, "error_max": 0.27925444509141933, "target": "1066.xyz", "model": "12.xyz", "model_rescale": 3.9764082729961374, "target_rescale": 4.200121874415342},
{"mapping": [9, 0, 2, 6, 4, 7, 13, 5, 12, 1, 8, 10, 14, 11, 3, 15], "R": [[0.9560811629691778, 0.2756044543917061, 0.09975467174500965], [0.290528167930059, -0.9361152137306263, -0.19819609042881609], [0.03875814049600508, 0.21847309065766884, -0.9750729794245034]], "T": [-0.04529451424477495, -0.046054980367076184, 0.08812558455939898], "aligned_model": [[-0.09415363254190943, 0.10797862389792481, 0.6666360080494301, -0.7411703537513277, -0.3266012186881992, 0.3006975818513055, -0.40583461679452904, -0.647928318602783, -0.16640521207227402, 0.38289519930282667, 0.5940699943981449, 0.39647380772669966, -0.3178822847185858, 0.19231225713040356, 0.2989421527560139, -0.0571097720608528], [-0.5185800433539113, -0.12471581505733627, -0.14203650065201157, 0.2581857931252449, 0.33485375994109823, 0.3938288470697923, -0.11242235026773788, -0.30908399259368075, -0.6138206475144395, -0.5127800927669145, 0.13314298004326092, -0.37480282878452287, 0.5155672161884052, 0.23239826279202286, 0.7007677149227253, 0.05757662168971098], [-0.2804283164186484, -0.6171599971108785, -0.25857600628756017, 0.17090948054814992, -0.45191033218248555, -0.41963950553790386, 0.5781120668757793, -0.4319437785132674, 0.3530555395073317, 0.13442695525592036, 0.33051773113416283, 0.6737128972819959, 0.587209200098301, 0.7927896976801495, 0.26757035658097605, 0.061487913659839695]], "inverted": true, "swapped": false, "error_lsq": 0.03782683561158597, "error_max": 0.3236459952490895, "target": "1066.xyz", "model": "13.xyz", "model_rescale": 4.170626492500431, "target_rescale": 4.200121874415342},
{"mapping": [10, 2, 14, 5, 6, 3, 4, 9, 8, 1, 0, 4, 7, 15], "R": [[0.06938352568515815, -0.8557704362753613, 0.5126820523097867], [-0.9354072103362683, 0.12279573814091505, 0.3315638061449837], [-0.34669767408279145, -0.5025715542004996, -0.7919738352332588]], "T": [0.027755272352440324, 0.009347503708565852, 0.021496839851069087], "aligned_model": [[0.07461262731105331, -0.03676881894833424, -0.32018996544739464, -0.4139455485919885, 0.4091630161169929, -0.2890689819174165, -0.6482860797060926, 0.5933222351381278, 0.7354995686682231, -0.2183860268878172, 0.3512644379329881, -0.6482860797060926, 0.14931385575270903, 0.10493878237668565], [-0.3881021515203237, -0.7463266743346149, 0.018054956167688027, -0.34268910295570776, 0.6292413047308142, 0.6958532840384057, 0.24736254757431933, -0.406602332274297, 0.23013139385092157, -0.4246083252796403, -0.039674779750428726, 0.24736254757431933, 0.5870460236901475, 0.04902577641406254], [-0.5577495854051495, 0.04825156837800212, -0.6156257575856668, -0.06261164298519917, -0.2208188608700133, 0.10044361864683174, 0.24291356450442886, 0.18855330312901616, 0.023199805991026827, 0.6174127719708572, 0.537596305120514, 0.24291356450442886, 0.486343240214279, -0.026948794492489873]], "inverted": false, "swapped": true, "error_lsq": 0.05507656478979743, "error_max": 0.4040296567348052, "target": "1066.xyz", "model": "14.xyz", "model_rescale": 3.9786697098870705, "target_rescale": 4.200121874415342},
{"mapping": [10, 5, 13, 11, 12, 6, 1, 7, 8, 9, 4, 15], "R": [[-0.1240518613379043, -0.4921246364096237, 0.8616405735208255], [-0.8834546049799679, 0.4501465035935261, 0.1299079914486107], [-0.4517954145830721, -0.7451050043726852, -0.49061128790570097]], "T": [-0.09968702933577422, 0.006070283360117062, 0.019679593591466798], "aligned_model": [[0.03179379470292898, -0.5641993894260768, 0.38441801462446634, 0.6611799502918942, 0.038459463955194784, 0.5327146634231047, -0.6917050535295295, 0.01907768863222334, 0.579614387421359, 0.1760103569455107, -0.6827947535954878, -0.0012145266782512681], [-0.3660486390264587, -0.14974198905601177, 0.04914416673415931, -0.5141144981011367, 0.5507508612673495, 0.43993681920114774, -0.31531252903852963, 0.48349903367033936, -0.05868581717706558, -0.5972562659597521, 0.4779587483322165, 0.014544599378181018], [-0.5633543349575891, -0.2736707560377041, -0.6311531889483183, -0.21265532018655023, -0.3368400561463733, 0.03656208269510984, 0.4072963447557804, 0.5876153076128908, 0.3095185969063383, 0.30389103504866977, 0.02356485943835022, 0.009191923693225374]], "inverted": false, "swapped": true, "error_lsq": 0.050768107554444525, "error_max": 0.26585174216990853, "target": "1066.xyz", "model": "15.xyz", "model_rescale": 3.769337070930944, "target_rescale": 4.200121874415342},
{"mapping": [7, 4, 8, 6, 0, 1, 9, 5, 11, 13, 15], "R": [[-0.7316787537092487, 0.45022829437803447, 0.5118014110100972], [0.005944353802205593, 0.7550135420621871, -0.6556822522842785], [-0.6816236982590576, -0.4767064445171221, -0.5551036837632131]], "T": [-0.021827443170531355, -0.10105939281083515, 0.024064294506824964], "aligned_model": [[-0.3503936636449512, -0.2720032305520755, -0.09905246569000474, -0.6108992927191027, 0.27398775653830504, 0.5552815509799648, 0.5177934139966656, 0.1898177678163246, 0.1589463349307973, -0.37803622362273587, -0.06281581734201666], [0.029495008342524442, -0.7643433137014111, 0.6223702206962798, 0.3875555123751589, 0.1390919308853135, -0.481360042195916, 0.37705666231128043, -0.5690130621908305, 0.6852358402476426, 0.18340897043805543, -0.01343322958275539], [-0.6389545832187388, -0.2212415400177871, -0.11854112406274156, -0.02796378315162556, -0.45368117317421136, -0.3313729345598661, -0.007597760327621335, 0.27372264609920605, 0.5266087475976413, 0.6963658777895037, 0.04687323425001778]], "inverted": true, "swapped": true, "error_lsq": 0.04465311967667954, "error_max": 0.2327898823100579, "target": "1066.xyz", "model": "16.xyz", "model_rescale": 3.7852294659196426, "target_rescale": 4.200121874415342},
{"mapping": [10, 6, 8, 11, 14, 12, 4, 7, 9, 2, 5, 0, 15], "R": [[-0.4054983067033365, 0.8203847691013539, 0.40316244106717736], [0.0019954480777114036, -0.4402550410434412, 0.897870545804242], [0.9140936174417238, 0.36488947568045355, 0.17688563845023625]], "T": [-0.013515876636018144, 0.18778819477053593, 0.047858115492776826], "aligned_model": [[-0.08740413072972311, -0.3375005865763133, 0.22249653852097362, 0.25137050153676577, -0.5775561239555904, -0.6606141826779276, -0.382639610031957, -0.02969554125781715, 0.6365682960553587, 0.4322902364608584, -0.07840421063661276, 0.4909480737351849, -0.026093410226917163], [-0.039482066630429524, -0.4002681951835472, -0.4572922617624902, -0.6351837862129603, 0.16446617811053527, 0.05596950708416587, 0.8048461617484961, 0.17436251117262747, -0.10320405187989451, 0.4376345974733441, 0.6014439967527712, 0.18195105382209373, 0.08981197920816278], [-0.6143933590371858, 0.4189115891652393, 0.32682004783927954, -0.34716416854505716, -0.4086302144161389, 0.13004851700947168, 0.2616233408888603, 0.7989587842386374, -0.06834084395711316, -0.5131733647290541, -0.3404484723173695, 0.3926799145470009, 0.0588629264566035]], "inverted": true, "swapped": true, "error_lsq": 0.043210523847005744, "error_max": 0.2302449442302597, "target": "1066.xyz", "model": "17.xyz", "model_rescale": 3.901054581598922, "target_rescale": 4.200121874415342},
{"mapping": [0, 7, 1, 9, 3, 5, 6, 8, 4, 10, 14, 13, 11, 2, 15], "R": [[-0.02829743785417904, -0.556685114754761, 0.8302414937964541], [0.9501079884887073, -0.27308751453115976, -0.1507249800701148], [0.31063493882825177, 0.7845539448742019, 0.5366386515724488]], "T": [-0.04484683603818737, 0.005389968574813678, -0.03361085591554832], "aligned_model": [[0.04500031096375404, 0.02835648896861072, -0.5869387084578704, 0.3056636441718259, -0.19883948185946784, -0.49362766984651785, 0.532286356007225, 0.6430824551797385, -0.6792579596978262, 0.11769887088898265, -0.12156764444465903, 0.4175421562577031, 0.76711114282583, -0.2891341347566056, 0.051710384888311034], [0.08741959620110966, -0.5630806164802391, 0.3291999600186515, 0.5233895534396906, -0.7382543975128383, 0.2555668546399557, -0.49485781655911887, -0.05202483012946002, -0.3924514743615111, 0.44438762010359556, -0.034068463054682835, 0.007042413841948564, 0.4651907413968029, 0.7237976428219542, -0.012499434538753136], [-0.6324586269798365, -0.5194881163969777, -0.4867140341833495, -0.3936205095562455, 0.0007360540068340887, 0.21560975604250454, 0.03798888202667245, -0.3039943731308881, 0.010583591869499594, 0.49226766279304984, 0.6872385473104254, 0.6342140111516914, 0.14749068903430348, -0.02191613549776896, -0.018270993637938174]], "inverted": false, "swapped": true, "error_lsq": 0.04378820713596179, "error_max": 0.27199843255388817, "target": "1066.xyz", "model": "18.xyz", "model_rescale": 3.9405287249114394, "target_rescale": 4.200121874415342},
{"mapping": [4, 0, 8, 3, 1, 6, 14, 12, 13, 7, 5, 9, 10, 11, 2, 15], "R": [[-0.08268263204118256, -0.6069390035889402, 0.790435720524577], [-0.7316353193828375, 0.5755092198796304, 0.3653750090867093], [-0.6766633888354802, -0.548100523404242, -0.49164262880031084]], "T": [-0.05297642646445495, -0.09134259143761157, 0.06795264513587174], "aligned_model": [[-0.0730417406498331, 0.13483079638365053, 0.6341856799295762, -0.7561015655040868, -0.23480447653479256, 0.3764806227769838, -0.6268331890124655, -0.545595382701699, -0.19467923792596448, 0.37962768388606255, 0.6528599829416535, 0.5174323773101773, -0.28030387904577647, 0.06566087485054037, 0.1816046089346478, -0.04840293975638596], [-0.6293966738103733, -0.09603110961541257, -0.0733983131251225, 0.3846918421698171, 0.3448211812776671, 0.3946471071679765, -0.07983550788014486, -0.25918638771900976, -0.54389108623867, -0.6466662425190669, 0.29681695839183475, -0.3462990858381541, 0.48699907564720624, 0.0004099408524600584, 0.7386786362520921, -0.054281410231393656], [-0.42677982420965827, -0.5933950113953431, -0.24789288348202598, 0.001357962581495148, -0.39271984976460766, -0.30307850085905175, 0.5878516403090722, -0.10320250732811198, 0.5438202931738187, 0.058212255064516175, 0.2738404053154458, 0.5136440512633786, 0.5493539147259789, 0.7727362044325332, 0.17454430723290873, 0.08184144551151387]], "inverted": true, "swapped": false, "error_lsq": 0.0405568818317632, "error_max": 0.29748870909609304, "target": "1066.xyz", "model": "19.xyz", "model_rescale": 4.410303926677745, "target_rescale": 4.200121874415342},
{"mapping": [0, 1, 9, 7, 11, 4, 8, 2, 5, 14, 12, 13, 10, 15], "R": [[-0.9852030193286794, -0.04085284017149694, 0.1664513627327102], [-0.16930004374547997, 0.3832202828710249, -0.9080086508310539], [-0.026692806023959154, -0.9227530873674572, -0.38446616738068573]], "T": [-0.06448986078969594, -0.09513666101025306, 0.056102146670940496], "aligned_model": [[-0.15250047341393913, 0.23276258158629926, 0.2718601556069805, -0.7392176889949901, 0.26405363452455266, -0.31165092142343914, -0.3161867961348635, 0.6670184745619967, 0.3199078524300652, 0.09183392745210837, -0.4393772367559987, 0.015905410079650392, 0.452678920417057, -0.09589995047460692], [-0.14136218226720523, -0.6835786437345253, 0.22271998138182927, -0.21404162973881, 0.7887710922982372, -0.7463087584377334, 0.4948689090392022, -0.2350228712917096, -0.4352478124519391, -0.0016180752723995717, 0.009211197398352716, 0.5098308788021568, 0.24356754875301342, -0.0008411682972671308], [-0.546838443927828, -0.3554753276006142, -0.4976341973854356, -0.2524399272425726, -0.06329858632386093, 0.33466048238191337, -0.31564036536670126, -0.08967179030705627, 0.306434779933419, 0.7588709989629071, 0.5959527056164494, 0.592149943084946, 0.3930059480165943, 0.05673881888286081]], "inverted": true, "swapped": true, "error_lsq": 0.04044879465766032, "error_max": 0.21865293066036354, "target": "1066.xyz", "model": "20.xyz", "model_rescale": 4.121658175737393, "target_rescale": 4.200121874415342},
{"mapping": [11, 6, 7, 9, 0, 10, 12, 2, 14, 5, 4, 1, 15], "R": [[-0.029330704829744203, 0.8308890985251305, 0.5556644812351128], [0.9380927553999014, -0.16906569442167158, 0.3023223002623843], [0.34514010491452846, 0.5301321504321489, -0.7744922278872619]], "T": [0.07377905522549374, 0.03336559630480262, 0.028726221442943914], "aligned_model": [[0.059331280503483325, -0.16272166433211335, 0.3385547615425262, 0.5880211563369789, 0.6650722438854697, -0.27237689685673194, -0.5067213074716156, 0.30588167622988566, -0.6178960625374712, -0.07620526868852295, -0.10272516483525299, 0.6095427761958854, 0.05332537469177356], [-0.6935271216645065, 0.2726907725655929, 0.6730263927384895, -0.4247329792412893, 0.1238121091452476, -0.578762685203299, 0.3143624052079102, -0.5333073011605356, -0.13839413719579424, -0.12679648235245128, 0.5761157302294947, 0.06270366274443318, 0.01363653834989078], [0.6410239579083297, 0.7181085246838979, 0.3208257523702666, 0.2443390083986821, 0.15367347391727731, -0.005380744757162034, 0.19282304804826245, -0.4195291051501792, -0.10966105331827579, -0.49848951777577555, -0.4580766022765208, -0.5335152853922093, 0.12396828282519569]], "inverted": true, "swapped": true, "error_lsq": 0.05525179592443278, "error_max": 0.3071680981130431, "target": "1066.xyz", "model": "21.xyz", "model_rescale": 4.08911054899281, "target_rescale": 4.200121874415342},
{"mapping": [8, 1, 0, 15, 2, 4, 9, 11, 5, 6, 7, 10, 14, 12, 13, 16], "R": [[-0.2607034868147671, 0.3798616551831342, 0.8875465142087778], [-0.6245988790187968, 0.6346427228492058, -0.45508774391649887], [-0.7361453200904596, -0.6730035194975403, 0.07180759328120451]], "T": [-0.013936375337078614, 0.025713462248376905, 0.08489239874817257], "aligned_model": [[-0.05121040905023544, -0.15278183509387247, 0.6241326885000213, -0.679902624823016, -0.21645845208513445, 0.29505679822480296, -0.37032600741133836, -0.5877871984440749, -0.24046427707788767, 0.5115782768470796, 0.6280853932230389, 0.2453490175385367, -0.35368238985015965, 0.10649834413589676, 0.3981024722041022, 0.02673041904452876], [-0.5927182057930654, -0.1470245309346218, 0.04069309495142444, 0.22424271207120303, 0.4770163377793612, 0.5518551360260512, -0.10223201282869036, -0.41225877698035157, -0.5521445335919439, -0.4954436876790195, -0.01292170480724027, -0.39115008218693165, 0.46800259073131745, 0.3183273112126044, 0.49577902810129637, 0.04805624871031268], [-0.22641924002285524, -0.6772636910930582, -0.35410974083363295, -0.13552109767297077, -0.44100146158903675, -0.2527321614875177, 0.6883524198927351, -0.16960432174709011, 0.4202940986909158, -0.0033895584723446087, 0.3883912629486126, 0.7253073264139057, 0.40234406183302995, 0.7518572552240524, 0.29935059501156636, 0.074278155475551]], "inverted": true, "swapped": false, "error_lsq": 0.044214883102772065, "error_max": 0.34126347029709664, "target": "1066.xyz", "model": "22.xyz", "model_rescale": 4.204369325754507, "target_rescale": 4.200121874415342},
{"mapping": [4, 0, 8, 3, 1, 6, 14, 12, 13, 7, 5, 9, 10, 11, 2, 15], "R": [[-0.08268263204118256, -0.6069390035889402, 0.790435720524577], [-0.7316353193828375, 0.5755092198796304, 0.3653750090867093], [-0.6766633888354802, -0.548100523404242, -0.49164262880031084]], "T": [-0.05297642646445495, -0.09134259143761157, 0.06795264513587174], "aligned_model": [[-0.0730417406498331, 0.13483079638365053, 0.6341856799295762, -0.7561015655040868, -0.23480447653479256, 0.3764806227769838, -0.6268331890124655, -0.545595382701699, -0.19467923792596448, 0.37962768388606255, 0.6528599829416535, 0.5174323773101773, -0.28030387904577647, 0.06566087485054037, 0.1816046089346478, -0.04840293975638596], [-0.6293966738103733, -0.09603110961541257, -0.0733983131251225, 0.3846918421698171, 0.3448211812776671, 0.3946471071679765, -0.07983550788014486, -0.25918638771900976, -0.54389108623867, -0.6466662425190669, 0.29681695839183475, -0.3462990858381541, 0.48699907564720624, 0.0004099408524600584, 0.7386786362520921, -0.054281410231393656], [-0.42677982420965827, -0.5933950113953431, -0.24789288348202598, 0.001357962581495148, -0.39271984976460766, -0.30307850085905175, 0.5878516403090722, -0.10320250732811198, 0.5438202931738187, 0.058212255064516175, 0.2738404053154458, 0.5136440512633786, 0.5493539147259789, 0.7727362044325332, 0.17454430723290873, 0.08184144551151387]], "inverted": true, "swapped": false, "error_lsq": 0.0405568818317632, "error_max": 0.29748870909609304, "target": "1066.xyz", "model": "23.xyz", "model_rescale": 4.410303926677745, "target_rescale": 4.200121874415342},
{"mapping": [10, 1, 7, 4, 2, 0, 15, 8, 9, 11, 13, 14, 5, 6, 12, 16], "R": [[0.37981795503845933, 0.8439393674803342, -0.37882009588628823], [-0.873975017932793, 0.19317091625867902, -0.44592899114226353], [-0.30316000570619045, 0.5004511376035388, 0.8109517062140918]], "T": [0.045024735179357823, -0.06257362512437979, 0.0870879140040819], "aligned_model": [[-0.2829588137361724, 0.3357300846207581, 0.6477748810998877, -0.5821109843161212, -0.37524959231993016, 0.19520266610102235, -0.3025815642015521, -0.7234382224042075, -0.20756211472882138, 0.3562622037450019, 0.6114816598039584, 0.2709507298904953, -0.2822517018028782, 0.18457765222059436, 0.3164251541712539, 0.020668177738998747], [-0.5043406458417534, -0.2325998904132649, 0.03738417170507077, 0.11957489022541386, 0.6027485015457267, 0.545696435698763, -0.1599475329713747, -0.35431653968028437, -0.5928801690580746, -0.6079987148635683, 0.10657240142056208, -0.39159580248175563, 0.4266501963660966, 0.2767058369465888, 0.6817090462196129, -0.03528326003605285], [-0.2608382812196818, -0.7021628816802838, -0.1748884153237414, -0.13064375727941402, -0.37509160586516543, -0.33462280824099633, 0.7027196005960437, 0.09466563680183084, 0.30479146552069675, 0.007312001257121045, 0.46748612388161853, 0.6337613464438066, 0.30879091287960364, 0.7529050959105819, 0.22332650065181192, -0.027377031761969886]], "inverted": false, "swapped": false, "error_lsq": 0.04250344205428173, "error_max": 0.2612022461654111, "target": "1066.xyz", "model": "24.xyz", "model_rescale": 4.28219845311461, "target_rescale": 4.200121874415342},
{"mapping": [7, 9, 12, 1, 5, 11, 0, 3, 4, 13, 14, 2, 8, 6, 10, 15], "R": [[-0.29726569107793904, -0.5831666918322527, -0.7560090729914437], [0.9204968885488996, 0.03527640215566091, -0.3891542799748541], [0.2536110941574724, -0.8115862153760245, 0.5263166612713976]], "T": [0.02427501508107452, -0.05781005086994957, 0.05503822557779689], "aligned_model": [[-0.04509289104174817, 0.003617320982302885, 0.7020216803160154, -0.5885632839434395, -0.3704046710082396, 0.32263791143160647, -0.3404079735236327, -0.6481274027639615, -0.3698650092584488, 0.4176653492600436, 0.6794271392832699, 0.3102598874687811, -0.23385248430523844, 0.03917408327944866, 0.31251536913383704, -0.00808480942830847], [-0.7219400015039893, -0.10956843135886328, -0.05091901369340186, 0.11735504032451942, 0.567014948716683, 0.3107984783999012, -0.17749983008779657, -0.28889998039346704, -0.6277461392890753, -0.49998390733900594, 0.1891946310354629, -0.3211317341396645, 0.562944718790621, 0.38539017380690227, 0.6575502089828228, -0.07448023746994281], [-0.344543440694804, -0.6185848245047816, -0.2985602353953424, 0.11523630629674517, -0.3681666257579914, -0.2125143963107464, 0.7749235265868731, -0.2523992116493401, 0.2884371744975778, 0.0036302245775054615, 0.35488653083361477, 0.6186465721033878, 0.2281848886500168, 0.83960735164269, 0.24180550254780106, 0.1195445591486562]], "inverted": true, "swapped": false, "error_lsq": 0.04458297244134324, "error_max": 0.2619419617275764, "target": "1066.xyz", "model": "25.xyz", "model_rescale": 4.100010024507729, "target_rescale": 4.200121874415342},
{"mapping": [13, 12, 7, 4, 11, 9, 8, 1, 5, 2, 10, 15], "R": [[-0.3930817129225306, -0.07843624697776586, -0.9161520191136036], [0.5945290371899346, -0.7817492703222713, -0.18815765275057583], [-0.7014427923244341, -0.6186403102859042, 0.35392396865069975]], "T": [0.09188379547300247, -0.016813418148398603, -0.004394971076411104], "aligned_model": [[-0.6858144702286502, -0.14440293120675096, 0.48995131551219256, 0.5949560457108246, -0.7019041217888737, -0.023244196882490936, -0.19881358994834736, 0.7112042492154753, 0.18682766570625436, 0.10270150691908199, -0.47189461876157063, 0.017198748115861626], [-0.24795640974811092, -0.6321424155502946, -0.19888759687384158, -0.5274730397683175, 0.47105290076707657, 0.6836159371818, 0.26040812597003044, 0.3422703535618712, -0.06463076304868257, 0.4925020632593515, 0.10142918846318241, -0.014056954163425374], [-0.0438245133527713, 0.0872917452923514, 0.6063304075096834, -0.22542324674136582, 0.1836940423953469, 0.12572951139959931, 0.618737166430052, -0.3069177294422299, -0.5654678607899639, -0.5668923975020247, -0.40919226226329386, 0.061127426918973195]], "inverted": false, "swapped": true, "error_lsq": 0.04930046308932636, "error_max": 0.2714475450513594, "target": "1066.xyz", "model": "26.xyz", "model_rescale": 3.6694154284099745, "target_rescale": 4.200121874415342},
