[{"mapping": [6, 10, 7, 3, 8, 4, 9, 0, 5, 1, 11], "R": [[0.8413551835703561, -0.5312705478382984, 0.09936327328991712], [-0.4493677957108473, -0.5854456290007286, 0.6747755179775833], [-0.3003165650730354, -0.6123765348897162, -0.7313035896665608]], "T": [-0.01336665878533071, 0.15041272927253768, 0.021119726172408638], "aligned_model": [[-0.541725463530439, 0.5065114786962313, -0.1396138006694768, 0.4541352295450613, -0.4436567860387607, 0.3708242687092713, 0.018485374682179336, 0.07527349507582633, 0.20695694655463995, -0.5459575654183831, -0.0007786977560852604], [-0.17187504056341718, -0.24108981221546755, -0.7864255400644505, 0.5177991202841401, 0.5295038683133408, 0.802175674336015, 0.12389201962364149, 0.17558536011497466, -0.45203855074120103, -0.130925040796807, 0.12911832261783923], [0.398110514279285, 0.2166033012931834, 0.07588309109617579, 0.36825332998211335, 0.293596891050832, -0.2616361073952768, 0.6274517510166097, -0.590681430888807, -0.5053746201122533, -0.35180995194820797, -0.0438444745111438]], "inverted": true, "swapped": false, "error_lsq": 0.04902288786495379, "error_max": 0.24657909732675823, "target": "1067.xyz", "model": "0.xyz", "model_rescale": 3.751011558992144, "target_rescale": 3.6631595551339267},
{"mapping": [12, 9, 13, 10, 6, 4, 11, 8, 2, 0, 14], "R": [[-0.7039743957197178, 0.01096926360818229, 0.7101406377802588], [0.14341751521174564, -0.9770870856069573, 0.15726488314493975], [0.6955943260993056, 0.21255705680122, 0.6862711061253097]], "T": [-0.05136629871438338, 0.059955124352809155, -0.045304408154072606], "aligned_model": [[-0.4156190611787896, 0.36872903090289, 0.08531755681303262, 0.5680735544145096, -0.37028478761645944, 0.27738946056855407, -0.09686027461861708, 0.2559178851099616, -0.01221318004615525, -0.64603918091612, -0.053956523582742], [-0.3219280148723496, -0.22631056805559074, -0.6494417341029518, 0.4516652068861176, 0.6257063493602414, 0.7394305162008378, 0.2110602816583913, 0.18636716417575705, -0.510375793821791, -0.045126572577795274, 0.03467354605774095], [0.4776299061625517, 0.3739347702608125, 0.029366999706207958, 0.3225423367360585, 0.33144788992670476, -0.28153906378502674, 0.7368902725480888, -0.6197734488334468, -0.6427387384873549, -0.5044628978322548, 0.0032542674601692134]], "inverted": false, "swapped": false, "error_lsq": 0.04537941687859109, "error_max": 0.21807042415580788, "target": "1067.xyz", "model": "1.xyz", "model_rescale": 3.9405287249114394, "target_rescale": 3.6631595551339267},
{"mapping": [6, 5, 0, 9, 3, 8, 11, 4, 1, 7, 12], "R": [[-0.7018453311163061, -0.27860400689804565, -0.6555859505286827], [0.2705670998097066, -0.9556315128300389, 0.11645538281563216], [-0.658943529971125, -0.0956463225980219, 0.7460865936891429]], "T": [0.006397632144241458, 0.04661830902698139, -0.0004966822877358786], "aligned_model": [[-0.409056969769002, 0.5160470032924539, -0.016310125667186974, 0.5011530569375392, -0.3843329014326098, 0.35290892577613625, 0.024131462825105886, -0.0018469130295932033, 0.016913061143957263, -0.7172788836959842, 0.0781267634692481], [-0.1810456926842978, -0.26283956733853436, -0.7534381999293426, 0.5454025535341301, 0.46059317160027335, 0.7221708793815587, 0.058445701704833555, 0.33659689909446217, -0.48105722737976064, 0.02451474512715064, 0.026377117798134935], [0.2658156709055374, 0.4149183169844687, 0.2491509263282407, 0.39549884061510643, -0.052976600895374384, -0.1562157183194203, 0.7116549259172928, -0.6388854092090082, -0.5909831651042987, -0.32409146908198966, -0.047334024278045034]], "inverted": false, "swapped": false, "error_lsq": 0.05536267404495614, "error_max": 0.28121151091809665, "target": "1067.xyz", "model": "2.xyz", "model_rescale": 3.932901565614263, "target_rescale": 3.6631595551339267},
{"mapping": [6, 1, 2, 11, 9, 8, 10, 3, 0, 7, 13], "R": [[0.47313983533063086, 0.8095900842031656, -0.3474227853541201], [-0.1465286732813981, 0.4611798815734416, 0.8751242567420354], [0.8687163197095453, -0.3631487469231002, 0.3368307341655231]], "T": [-0.06052067359264338, 0.04936620829464803, -0.014384864179592793], "aligned_model": [[-0.34337800319728057, 0.4766124412259101, -0.12579221057844353, 0.5526378771707032, -0.5423197842327365, 0.07408558337003576, 0.13843154537427918, 0.27218081374256364, 0.12032489983978156, -0.5395202280730167, -0.12280845479173169], [-0.31690887879625174, -0.4260652099307248, -0.7765232917497091, 0.6159794190428298, 0.6007461167608255, 0.7208798348715386, 0.08317353229676588, 0.15493875963768308, -0.4425061019695851, 0.22488284215353627, 0.0571233585916996], [0.4881353367549029, 0.17060595840813125, 0.07419286075333219, 0.30293951149750115, 0.04597035858604999, -0.2784631299266217, 0.6729436742306684, -0.38701019183336655, -0.4318855685002326, -0.5138804951851014, 0.08300397907724608]], "inverted": false, "swapped": false, "error_lsq": 0.056854428663651736, "error_max": 0.23288948715611643, "target": "1067.xyz", "model": "3.xyz", "model_rescale": 3.9243930471874484, "target_rescale": 3.6631595551339267},
{"mapping": [11, 1, 9, 0, 6, 3, 5, 4, 8, 10, 12], "R": [[0.24000272941275258, 0.05329626666361101, -0.969308102635148], [0.40649865475147123, -0.912255193752949, 0.050490644242417504], [-0.8815653881361686, -0.406140332188877, -0.24060859712370064]], "T": [0.01972092166947912, 0.0015697395817073564, -0.06512024478512417], "aligned_model": [[-0.6319758521690529, 0.5818264405913219, -0.09662767266353761, 0.5839572691891295, -0.4048603969701286, 0.015738461226859173, 0.11577705903027122, 0.24541079277562736, 0.024507851420287906, -0.5386819506988643, 0.0653824781181511], [-0.2663663741046657, -0.23137283863575359, -0.6724341917159571, 0.505844434053344, 0.4717627356852504, 0.6621048363450472, 0.2290116187818084, 0.1592228261811928, -0.45408953037986427, 0.04965765323203942, 0.04237921146616663], [0.294929245338956, 0.3089592131292242, 0.10770653835018527, 0.3230378802281415, 0.2815290953471428, -0.19408107727833723, 0.6508870944483046, -0.5910259928102067, -0.49950266146180766, -0.49290699564407053, 0.03701995421497761]], "inverted": false, "swapped": false, "error_lsq": 0.039445195880181666, "error_max": 0.20846093677791486, "target": "1067.xyz", "model": "4.xyz", "model_rescale": 3.8936222436046832, "target_rescale": 3.6631595551339267},
{"mapping": [2, 10, 4, 8, 0, 9, 3, 6, 5, 1, 11], "R": [[0.5013048155330999, 0.5462401439806066, 0.6710552786673919], [0.6991729191117646, -0.7126155730339037, 0.057760490391748465], [0.5097555405329685, 0.44022806609030213, -0.7391539343887266]], "T": [0.13159223516476576, 0.06641890832912155, 0.03318133601535619], "aligned_model": [[-0.3833655969804661, 0.3842994546661243, -0.06757439392903264, 0.6574727306313128, -0.5871326691720935, 0.08782965447537674, 0.020209349148642697, 0.28724741738580434, 0.05307518658805177, -0.5637247931145402, 0.07211814015088462], [-0.26016881004511216, -0.30502410839696525, -0.7023095293740005, 0.4849245190589778, 0.5138920688110662, 0.6609758025770293, 0.34016415339544187, 0.1744385558632468, -0.43666813789922443, 0.07777499223999615, -0.05227912532184757], [0.4636663627509187, 0.4777446566147739, 0.03690179684452002, 0.3400454502521188, 0.28993139251251265, -0.12998385590664865, 0.5260701934948981, -0.7405833879815794, -0.5976192299695701, -0.36621074791232044, -0.07341033683711348]], "inverted": false, "swapped": false, "error_lsq": 0.05123801362182634, "error_max": 0.22664576411800202, "target": "1067.xyz", "model": "5.xyz", "model_rescale": 3.6523030999806103, "target_rescale": 3.6631595551339267},
{"mapping": [4, 1, 2, 0, 7, 5, 3, 8, 6, 9, 12], "R": [[-0.454512674406765, -0.19573328239157112, 0.8689687629413567], [-0.05592686227499424, -0.9673622541118413, -0.24714865040240785], [0.8889827978536391, -0.16093089039671432, 0.42873165690958354]], "T": [-0.12220920477816233, -0.014552156410164142, -0.06486480461789725], "aligned_model": [[-0.4140752919447974, 0.5290130990658567, 0.08151955009037548, 0.5120857541163765, -0.36765436421944486, 0.2698579147657947, -0.04127596068172787, 0.06199170508210214, 0.0756742998662277, -0.6530738732416562, -0.0936083530490421], [-0.3357412232980851, -0.18919146923284777, -0.6397038700125481, 0.43832079521038725, 0.562782379851084, 0.5307107904932652, 0.1695714106312967, 0.1683963794131188, -0.4749143435567155, 0.19727414941255825, 0.06821538199709443], [0.31034629916319073, 0.10182498926988602, 0.31446561023020875, 0.5513654488670822, 0.20580024049143503, -0.17833384221598797, 0.6001081459657602, -0.6863975557366606, -0.47903051699327825, -0.5075556618978787, -0.006040863281247269]], "inverted": false, "swapped": false, "error_lsq": 0.05069544066700302, "error_max": 0.2994227288492523, "target": "1067.xyz", "model": "6.xyz", "model_rescale": 4.08911054899281, "target_rescale": 3.6631595551339267},
{"mapping": [5, 6, 7, 3, 8, 9, 4, 1, 13, 11, 14], "R": [[0.29912155867158086, -0.631761836121216, -0.7151246573560684], [-0.7713709320922849, -0.6012547441784567, 0.2085176676590705], [-0.5617055974983373, 0.4892542437461824, -0.6671709726264982]], "T": [-0.0550699271893733, -0.013742260832149696, -0.013944580808363489], "aligned_model": [[-0.4412905121381318, 0.3700625828676099, 0.113267183082966, 0.444264815053105, -0.2657045448320681, 0.10704253940055235, -0.08920347537292493, 0.3252959795667794, -0.14254867191604087, -0.4196485685086575, -0.04108284735312492], [-0.39533577994149505, -0.13292895566318397, -0.7475810775369015, 0.43930160178518307, 0.5724167110094278, 0.7028098799701973, 0.12114802342631889, 0.1341482292422519, -0.489553363992971, 0.17239810369306058, 0.11889700891672028], [0.5205844413400254, 0.21886402539290736, 0.16614476629462, 0.40062448460797795, 0.2639037426796945, -0.2874950982553138, 0.6770612091842572, -0.623367454335866, -0.5633495186106665, -0.43461694969579506, -0.11180135473933082]], "inverted": false, "swapped": false, "error_lsq": 0.04768783006750841, "error_max": 0.21123374197727715, "target": "1067.xyz", "model": "7.xyz", "model_rescale": 3.964800864290218, "target_rescale": 3.6631595551339267},
{"mapping": [12, 6, 11, 0, 7, 1, 2, 5, 10, 8, 13], "R": [[0.8427544707863429, -0.10725566086373929, 0.5275046210056497], [-0.3267223520747054, 0.6768825218360554, 0.6596078807046158], [-0.42780533730238074, -0.7282350409349615, 0.535402949683742]], "T": [0.08159877233414208, 0.018171023124300294, 0.07842581391471325], "aligned_model": [[-0.5955000232926319, 0.489606609965693, -0.02949008109142158, 0.6252496990098173, -0.4776305028563748, -0.024249720134720945, 0.0845410396180961, 0.17838164587185723, 0.12182583567706572, -0.45225411163418, 0.039974088716864156], [-0.20401784895011618, -0.3270993914341392, -0.7857221882998247, 0.4404102002170661, 0.43426529307576767, 0.7534071370406888, 0.35124522987837786, 0.13937707011455783, -0.46328205445038206, 0.14555840233123452, 0.011578531385377733], [0.32911339513013876, 0.3038670888410408, 0.2473882232384476, 0.276711264151101, 0.22327518824942527, -0.028081672242792746, 0.6508431822854361, -0.7431658684501699, -0.5861934233000269, -0.45993385703471334, 0.012728772994623522]], "inverted": true, "swapped": false, "error_lsq": 0.04965054850676509, "error_max": 0.27641330498996647, "target": "1067.xyz", "model": "8.xyz", "model_rescale": 4.121658175737393, "target_rescale": 3.6631595551339267},
{"mapping": [2, 0, 3, 4, 6, 9, 1, 7, 11, 8, 12], "R": [[0.901094052546987, -0.24066385885753852, -0.36070821380202395], [0.14507956126085178, 0.9512313658100031, -0.27223300608779033], [0.4086336126272612, 0.1929761532911124, 0.8920643333819365]], "T": [0.07616511234079258, -0.011320973663899336, -0.07387855200542913], "aligned_model": [[-0.3623293863609074, 0.5141736001236646, -0.039710288569473215, 0.5283736115127784, -0.34094191192415224, 0.23848199690521305, -0.0264348323861512, 0.08740365077218178, -0.08443635810599344, -0.6202351945176722, 0.06610959240057628], [-0.3275934368186238, -0.2361984639325383, -0.7846469162410381, 0.53056135752374, 0.5342626950592699, 0.787062763523382, 0.15489104021405678, 0.19626156945703815, -0.4072525861259559, 0.034195612062025, 0.014176746187252252], [0.36205808847948595, 0.5396382954591844, 0.032064213066504324, 0.4646369353688843, 0.018545691704665773, -0.24541995871272415, 0.5870136733219633, -0.7157462123206809, -0.5434287628423853, -0.2824647230681109, 0.009655053405723354]], "inverted": true, "swapped": false, "error_lsq": 0.046174886704914035, "error_max": 0.254673191642527, "target": "1067.xyz", "model": "9.xyz", "model_rescale": 3.833441315466971, "target_rescale": 3.6631595551339267},
{"mapping": [0, 6, 12, 4, 2, 3, 5, 7, 11, 8, 14], "R": [[0.1740483629258144, -0.3752394721956599, 0.9104408305151779], [0.8679223465428527, -0.3783204014065401, -0.3218454198076195], [0.46520744591460755, 0.8462086104418445, 0.25983267669731336]], "T": [-0.06653069099678208, -0.059358410014022624, 0.051215277034896825], "aligned_model": [[-0.45808990990140575, 0.5613787445449566, 0.1372781476417573, 0.5306849544083573, -0.378589048045859, 0.26599709330664156, -0.13960692115284568, 0.20414464724847323, -0.07233702523888688, -0.6241701565240392, -0.06623604643708504], [-0.35113018963868936, -0.21963609582629015, -0.6263150018328221, 0.36093733660522176, 0.5837241302783598, 0.712338562200753, 0.2674244481178492, 0.09974759794374269, -0.38425394833567267, 0.029992482582501444, 0.02289105881365456], [0.5259505384270989, 0.25436638393130195, 0.04471623119770987, 0.37152378199118696, 0.12681080001451464, -0.16840008100828668, 0.6388444370366395, -0.5364360790252899, -0.5485732329458504, -0.4860128000938211, 0.0037623143373062135]], "inverted": true, "swapped": false, "error_lsq": 0.04580792973898919, "error_max": 0.2518955361360653, "target": "1067.xyz", "model": "10.xyz", "model_rescale": 4.2482417240324, "target_rescale": 3.6631595551339267},
{"mapping": [2, 8, 3, 0, 6, 4, 1, 9, 7, 5, 11], "R": [[0.41643750179204675, 0.2809313877949302, 0.8646718235566679], [0.8910161477588394, -0.31518852078083825, -0.32672070764031036], [0.180748531208962, 0.9064953125745336, -0.3815707231250862]], "T": [0.02822351258924876, 0.045997691453360356, 0.07244039170124032], "aligned_model": [[-0.572896061935542, 0.5116289627453158, 0.009941165481044699, 0.41737478212977364, -0.41965777280905797, -0.06414099482932739, 0.17645645396141163, 0.3826281390886278, -0.07744400385798586, -0.44837493111495735, 0.044938740990761575], [-0.234459701618621, -0.3248717873538804, -0.7519236191841709, 0.5606253168814168, 0.4971028680494755, 0.7934561894710097, -0.0446287744932328, 0.06669717273891101, -0.41608677838785085, 0.24598487847820721, 0.10382461632734397], [0.40070277787894437, 0.14749256957416984, 0.21755746260072062, 0.4693776316965951, 0.20045840598487336, -0.37322110735692315, 0.7572472203181791, -0.6713874071401653, -0.4111592003113997, -0.4725781573465398, -0.03793790203594477]], "inverted": true, "swapped": false, "error_lsq": 0.05873396642094224, "error_max": 0.34730143684054116, "target": "1067.xyz", "model": "11.xyz", "model_rescale": 3.6694154284099745, "target_rescale": 3.6631595551339267},
{"mapping": [2, 0, 1, 5, 10, 7, 12, 11, 4, 8, 13], "R": [[-0.017959371461391427, -0.9652595371622867, -0.26067505997689894], [-0.47153488757366624, -0.22172519280432024, 0.8535178900742367], [-0.8816645114654449, 0.138246029936252, -0.45117150223530655]], "T": [0.024673771722911245, 0.10528117913086243, -0.040869126650976154], "aligned_model": [[-0.5277158103069475, 0.5609265247970876, -0.13565419708745996, 0.6423526688677528, -0.4051763594087929, 0.11906878163488113, -0.035478543654253195, 0.045159051381566534, 0.21365869078344024, -0.6037065990019906, 0.08702027184478059], [-0.16592614128974403, -0.3048071128495602, -0.6455024137713952, 0.45955536871243546, 0.4957219589447311, 0.8411312297153867, 0.14533782456321578, 0.17673007323807244, -0.5052482701218824, -0.007385550760895365, 0.006113414528243932], [0.1773644922244607, 0.19364833970580586, 0.3156311302177667, 0.32998579254915217, 0.21664524097311827, 0.001316221848428098, 0.6348125028003221, -0.7753785260157751, -0.4139872603742212, -0.4471229499858737, -0.006362690080674048]], "inverted": false, "swapped": false, "error_lsq": 0.0531981048581279, "error_max": 0.2652445305053352, "target": "1067.xyz", "model": "12.xyz", "model_rescale": 3.9764082729961374, "target_rescale": 3.6631595551339267},
{"mapping": [5, 13, 12, 14, 4, 3, 6, 8, 1, 0, 15], "R": [[0.20648781888623396, 0.1033826041905454, -0.9729721567457043], [0.3758988396889542, -0.9264726652846633, -0.018667158349108592], [-0.9033619667509277, -0.361884563958058, -0.2301667208715943]], "T": [-0.0074264371691927285, -0.021787628341164274, -0.05879287534373644], "aligned_model": [[-0.6354321609160032, 0.41560784385950245, 0.14781530179912977, 0.5338485775643774, -0.5130938836298722, 0.3292043501271452, 0.03145592947404221, 0.34029858260615364, 0.020257253160119316, -0.6906438465014684, -0.0188634676930619], [-0.25296514654216445, -0.20680379254348003, -0.635626498999853, 0.416192306564653, 0.4144416108361283, 0.7149796086238804, 0.19127413222487147, 0.17807732017715053, -0.443367616967528, 0.03641560203109774, 0.08310285550385224], [0.4461721450828171, 0.34281833247459087, 0.020676479119636146, 0.3336392520619321, 0.2055330716534597, -0.2874786835889204, 0.6738404937079019, -0.6408531382242697, -0.5329516090401026, -0.29740194696882916, -0.03744210241570582]], "inverted": true, "swapped": false, "error_lsq": 0.046891156723746434, "error_max": 0.2627080888017632, "target": "1067.xyz", "model": "13.xyz", "model_rescale": 4.170626492500431, "target_rescale": 3.6631595551339267},
{"mapping": [6, 11, 5, 1, 2, 0, 3, 8, 12, 4, 13], "R": [[-0.2107455776475891, 0.6015208276467047, -0.7705575873412759], [-0.3089671968813218, 0.7068652699144462, 0.6363024135111199], [0.9274295513694196, 0.3721749374904242, 0.03688147435659608]], "T": [0.10285607281975727, 0.1412347187376737, -0.013484627096338544], "aligned_model": [[-0.39441306915694563, 0.32230563759850356, -0.18720009247407787, 0.585487777006102, -0.4398223166917906, 0.0735175870921919, 0.08561040882254914, 0.16087995954242867, 0.10122978490480315, -0.43992227259507344, 0.09278107580137382], [-0.3256358139077077, -0.4036704643082005, -0.7198508419155336, 0.6667898428772695, 0.4704363753444998, 0.7305512982840014, 0.21448881746428797, 0.16366479749425786, -0.4267131441590246, 0.07469073373842502, 0.050968779996332564], [0.478698848058262, 0.3796818530864294, 0.026751010910462242, 0.2723001161985847, 0.15988954076271292, -0.10125494585451973, 0.6719422680011112, -0.7535430119157336, -0.47515409912677714, -0.46517777116892595, 0.03241848491090363]], "inverted": true, "swapped": false, "error_lsq": 0.053297444962841306, "error_max": 0.24647255367846208, "target": "1067.xyz", "model": "14.xyz", "model_rescale": 3.9786697098870705, "target_rescale": 3.6631595551339267},
{"mapping": [7, 9, 6, 3, 5, 2, 8, 0, 1, 4, 11], "R": [[0.19077915776721413, -0.9672416514375818, -0.1674720892743987], [0.827417806498787, 0.25024806484292395, -0.5027481273273005], [0.5281884951893294, -0.0426555244566455, 0.8480550806303564]], "T": [-0.08001581092924666, -0.03656842453583064, -0.0035787623368438576], "aligned_model": [[-0.4906541605195341, 0.45654817554119237, 0.10011936872970127, 0.6793592965532214, -0.6098140554570927, 0.05943110151183072, -0.05668832953341394, 0.3982464089024824, -0.12228600979288497, -0.42751623648998344, -0.02629107959545434], [-0.33417491515684705, -0.19465629539512297, -0.7942446014629362, 0.4209292327670633, 0.48610764090915437, 0.8064313228768321, 0.316418955013027, 0.13095664491753872, -0.4983175794121842, 0.2754863412668077, -0.11921636541472502], [0.4203109968891891, 0.2694076504374018, 0.14076048655367773, 0.2397205841501771, 0.29772364129795936, -0.1577001454732217, 0.3799363801451087, -0.4800304243813937, -0.49923291570524214, -0.3995333146103528, 0.015189354559206784]], "inverted": false, "swapped": false, "error_lsq": 0.05642161060847096, "error_max": 0.26771671314851087, "target": "1067.xyz", "model": "15.xyz", "model_rescale": 3.769337070930944, "target_rescale": 3.6631595551339267},
{"mapping": [0, 6, 5, 8, 3, 9, 2, 7, 5, 1, 10], "R": [[-0.7599490806093987, -0.31052881994499243, -0.5710072213768405], [0.6482811228530309, -0.29859137544737147, -0.7004104341461943], [0.04699979397128501, -0.9024494681099975, 0.42822421332129207]], "T": [-0.0011101555712750848, 0.037390183057987976, 0.026997571142408194], "aligned_model": [[-0.5433230975618712, 0.5692042561092893, 0.005550993642504609, 0.5719450789650431, -0.32749523174903933, 0.009477176075046168, -0.002151448226987929, 0.25350524250757733, 0.005550993642504609, -0.5626205541414163, -0.019188929412585848], [-0.19379406658747006, -0.2633886374001978, -0.5712134393857367, 0.4683916184393053, 0.5789947872372844, 0.8353992259497196, 0.2169910415183545, -0.04909543804896232, -0.5712134393857367, -0.0038698137888376963, 0.048518542360885666], [0.29162765801013607, 0.367262912446345, -0.25515164710547894, 0.24457324215458992, 0.3090980381695244, -0.12743415741076503, 0.7441225989969666, -0.6354431721592932, -0.25515164710547894, -0.5423284614243553, 0.08537692929031919]], "inverted": true, "swapped": false, "error_lsq": 0.06408162419195397, "error_max": 0.47164754405508874, "target": "1067.xyz", "model": "16.xyz", "model_rescale": 3.7852294659196426, "target_rescale": 3.6631595551339267},
{"mapping": [10, 5, 6, 1, 0, 3, 4, 2, 11, 9, 12], "R": [[0.3962689076522975, 0.5149898534401431, -0.7601028901943176], [-0.060691425841109606, 0.8407595308155273, 0.5379962473588712], [0.916126357909993, -0.1670594570700935, 0.3644223293735136]], "T": [0.03722216596338402, 0.08864632501683553, -0.05970445659550809], "aligned_model": [[-0.48577566452762433, 0.3770742797837505, 0.08298593810396826, 0.6458312626087064, -0.41525477303731106, 0.20511003032925837, -0.030615249899776674, 0.46643285969557224, -0.056243317327593904, -0.7926811398897844, -0.03640974598910079], [-0.4160848645447154, -0.12581401605944284, -0.7664237279533027, 0.33931773224721495, 0.5465094291886107, 0.8583260489246303, 0.2364238588255366, 0.16243125609927345, -0.3785004253564511, 0.004282284117179652, 0.035252805420074626], [0.2881098198001285, 0.4605996020064386, 0.17300591613225474, 0.142812128712401, 0.16695200867620885, -0.16880147198292725, 0.6297493639030234, -0.4891471016150295, -0.6173514699311269, -0.286431157821687, -0.07294534401717434]], "inverted": true, "swapped": false, "error_lsq": 0.054214355939955355, "error_max": 0.2859601523981637, "target": "1067.xyz", "model": "17.xyz", "model_rescale": 3.901054581598922, "target_rescale": 3.6631595551339267},
{"mapping": [12, 9, 13, 10, 6, 4, 11, 8, 2, 0, 14], "R": [[-0.7039743957197178, 0.01096926360818229, 0.7101406377802588], [0.14341751521174564, -0.9770870856069573, 0.15726488314493975], [0.6955943260993056, 0.21255705680122, 0.6862711061253097]], "T": [-0.05136629871438338, 0.059955124352809155, -0.045304408154072606], "aligned_model": [[-0.4156190611787896, 0.36872903090289, 0.08531755681303262, 0.5680735544145096, -0.37028478761645944, 0.27738946056855407, -0.09686027461861708, 0.2559178851099616, -0.01221318004615525, -0.64603918091612, -0.053956523582742], [-0.3219280148723496, -0.22631056805559074, -0.6494417341029518, 0.4516652068861176, 0.6257063493602414, 0.7394305162008378, 0.2110602816583913, 0.18636716417575705, -0.510375793821791, -0.045126572577795274, 0.03467354605774095], [0.4776299061625517, 0.3739347702608125, 0.029366999706207958, 0.3225423367360585, 0.33144788992670476, -0.28153906378502674, 0.7368902725480888, -0.6197734488334468, -0.6427387384873549, -0.5044628978322548, 0.0032542674601692134]], "inverted": false, "swapped": false, "error_lsq": 0.04537941687859109, "error_max": 0.21807042415580788, "target": "1067.xyz", "model": "18.xyz", "model_rescale": 3.9405287249114394, "target_rescale": 3.6631595551339267},
{"mapping": [1, 8, 6, 7, 12, 13, 4, 11, 2, 3, 15], "R": [[-0.058371481483871474, -0.9167574358810868, 0.39515639170600936], [0.35499746631586726, -0.3890202545803656, -0.8500823727354557], [0.933043176417197, 0.09065895037426056, 0.34815425555110574]], "T": [0.006279516043593444, 0.1292737073015498, 0.0004615252975781782], "aligned_model": [[-0.46125837222470806, 0.49064704692975253, 0.08695444323915927, 0.5699067981203555, -0.42642322028126317, 0.2020473304467178, -5.073918142302694e-05, 0.32372784408232724, -0.03436674750594074, -0.7932139566674193, 0.0024840528925069195], [-0.31264854450845575, -0.32810747816658525, -0.6015312332484095, 0.3652735500530428, 0.4248195666213251, 0.7406481804392457, 0.37252351248687876, 0.27674720372812056, -0.5973893285071175, 0.052243407295518796, 0.10314154471504411], [0.14754133481686552, 0.35887846370725507, 0.13349967990737674, 0.3501097915043126, 0.16033663038060844, -0.19759417851171795, 0.6899936048719544, -0.6293728408471654, -0.47454794477837714, -0.282920045817113, -0.02937220137148911]], "inverted": true, "swapped": false, "error_lsq": 0.04579326983486969, "error_max": 0.22530851076650188, "target": "1067.xyz", "model": "19.xyz", "model_rescale": 4.410303926677745, "target_rescale": 3.6631595551339267},
{"mapping": [12, 6, 11, 0, 7, 1, 2, 5, 10, 8, 13], "R": [[0.8427544707863429, -0.10725566086373929, 0.5275046210056497], [-0.3267223520747054, 0.6768825218360554, 0.6596078807046158], [-0.42780533730238074, -0.7282350409349615, 0.535402949683742]], "T": [0.08159877233414208, 0.018171023124300294, 0.07842581391471325], "aligned_model": [[-0.5955000232926319, 0.489606609965693, -0.02949008109142158, 0.6252496990098173, -0.4776305028563748, -0.024249720134720945, 0.0845410396180961, 0.17838164587185723, 0.12182583567706572, -0.45225411163418, 0.039974088716864156], [-0.20401784895011618, -0.3270993914341392, -0.7857221882998247, 0.4404102002170661, 0.43426529307576767, 0.7534071370406888, 0.35124522987837786, 0.13937707011455783, -0.46328205445038206, 0.14555840233123452, 0.011578531385377733], [0.32911339513013876, 0.3038670888410408, 0.2473882232384476, 0.276711264151101, 0.22327518824942527, -0.028081672242792746, 0.6508431822854361, -0.7431658684501699, -0.5861934233000269, -0.45993385703471334, 0.012728772994623522]], "inverted": true, "swapped": false, "error_lsq": 0.04965054850676509, "error_max": 0.27641330498996647, "target": "1067.xyz", "model": "20.xyz", "model_rescale": 4.121658175737393, "target_rescale": 3.6631595551339267},
{"mapping": [4, 1, 2, 0, 7, 5, 3, 8, 6, 9, 12], "R": [[-0.454512674406765, -0.19573328239157112, 0.8689687629413567], [-0.05592686227499424, -0.9673622541118413, -0.24714865040240785], [0.8889827978536391, -0.16093089039671432, 0.42873165690958354]], "T": [-0.12220920477816233, -0.014552156410164142, -0.06486480461789725], "aligned_model": [[-0.4140752919447974, 0.5290130990658567, 0.08151955009037548, 0.5120857541163765, -0.36765436421944486, 0.2698579147657947, -0.04127596068172787, 0.06199170508210214, 0.0756742998662277, -0.6530738732416562, -0.0936083530490421], [-0.3357412232980851, -0.18919146923284777, -0.6397038700125481, 0.43832079521038725, 0.562782379851084, 0.5307107904932652, 0.1695714106312967, 0.1683963794131188, -0.4749143435567155, 0.19727414941255825, 0.06821538199709443], [0.31034629916319073, 0.10182498926988602, 0.31446561023020875, 0.5513654488670822, 0.20580024049143503, -0.17833384221598797, 0.6001081459657602, -0.6863975557366606, -0.47903051699327825, -0.5075556618978787, -0.006040863281247269]], "inverted": false, "swapped": false, "error_lsq": 0.05069544066700302, "error_max": 0.2994227288492523, "target": "1067.xyz", "model": "21.xyz", "model_rescale": 4.08911054899281, "target_rescale": 3.6631595551339267},
{"mapping": [1, 5, 11, 10, 0, 13, 6, 14, 15, 2, 16], "R": [[0.4680490091434559, 0.8835173781881254, -0.018087771543524367], [0.7125799247114273, -0.38944110857285563, -0.5835798778674623], [-0.5226470854583293, 0.2602550007072426, -0.8118542718177859]], "T": [0.04607847062791084, 0.10850549899237252, -0.01957431675011236], "aligned_model": [[-0.5954919895795096, 0.5660980613866965, 0.04123784780193045, 0.7124521728817544, -0.4969727727950948, 0.03635130589954565, 0.0033987309023244053, 0.289402361031169, -0.08457230281073558, -0.533331698272799, 0.02188276340478294], [-0.31542217818607987, -0.2288767674869617, -0.6445441487373473, 0.34639739471219205, 0.524694335433277, 0.72525241245651, 0.3068417310016698, 0.10448474302107172, -0.4410562068043662, -0.03149264137487173, 0.1494417068735142], [0.17707524561238122, 0.3172964083663638, 0.11748708074476581, 0.36835472845051875, 0.3436908723582966, -0.25676325626257196, 0.6976462263471134, -0.6133755493418831, -0.4804640267847755, -0.42692945203309507, -0.01746598359460423]], "inverted": false, "swapped": false, "error_lsq": 0.0428901165350214, "error_max": 0.1894623547668777, "target": "1067.xyz", "model": "22.xyz", "model_rescale": 4.204369325754507, "target_rescale": 3.6631595551339267},
{"mapping": [1, 8, 6, 7, 12, 13, 4, 11, 2, 3, 15], "R": [[-0.058371481483871474, -0.9167574358810868, 0.39515639170600936], [0.35499746631586726, -0.3890202545803656, -0.8500823727354557], [0.933043176417197, 0.09065895037426056, 0.34815425555110574]], "T": [0.006279516043593444, 0.1292737073015498, 0.0004615252975781782], "aligned_model": [[-0.46125837222470806, 0.49064704692975253, 0.08695444323915927, 0.5699067981203555, -0.42642322028126317, 0.2020473304467178, -5.073918142302694e-05, 0.32372784408232724, -0.03436674750594074, -0.7932139566674193, 0.0024840528925069195], [-0.31264854450845575, -0.32810747816658525, -0.6015312332484095, 0.3652735500530428, 0.4248195666213251, 0.7406481804392457, 0.37252351248687876, 0.27674720372812056, -0.5973893285071175, 0.052243407295518796, 0.10314154471504411], [0.14754133481686552, 0.35887846370725507, 0.13349967990737674, 0.3501097915043126, 0.16033663038060844, -0.19759417851171795, 0.6899936048719544, -0.6293728408471654, -0.47454794477837714, -0.282920045817113, -0.02937220137148911]], "inverted": true, "swapped": false, "error_lsq": 0.04579326983486969, "error_max": 0.22530851076650188, "target": "1067.xyz", "model": "23.xyz", "model_rescale": 4.410303926677745, "target_rescale": 3.6631595551339267},
{"mapping": [13, 11, 14, 1, 0, 3, 7, 4, 15, 5, 16], "R": [[0.8360630489439972, -0.5428119199997536, 0.07971071255890613], [-0.20936800510580764, -0.44996482604772353, -0.8681570674468166], [0.5071130215528704, 0.7091451718978443, -0.4898464132210168]], "T": [0.017242252405670858, -0.05059535994787811, -0.03271649527760666], "aligned_model": [[-0.4019821846100428, 0.47595381783517027, 0.01355068435757633, 0.4791420508474543, -0.3440780552818737, 0.2509258013213063, -0.05211493626521681, 0.06591184751477808, -0.12206356595457825, -0.4551270677255494, 0.05033608781104002], [-0.3720527629643277, -0.28566037623426155, -0.712317611197347, 0.51263466741794, 0.5888330592443166, 0.7945822566360381, 0.14591706228508494, 0.30769093452125695, -0.5853033217796799, 0.0365316596897843, 0.06486481328980315], [0.4310750886088571, 0.3347744902856627, 0.10962121771974505, 0.42088670361243313, 0.14325152189630092, -0.2335093737015827, 0.5985547182036532, -0.618503636395131, -0.4843750780139596, -0.43876839008387364, -0.03645496826959574]], "inverted": false, "swapped": false, "error_lsq": 0.038237933430223026, "error_max": 0.2086050641756515, "target": "1067.xyz", "model": "24.xyz", "model_rescale": 4.28219845311461, "target_rescale": 3.6631595551339267},
{"mapping": [9, 13, 7, 14, 8, 6, 11, 0, 4, 1, 15], "R": [[0.4790749037331735, 0.8714024578315751, 0.10556984938011774], [-0.8745609097463114, 0.4635752159456027, 0.14227169185994945], [0.07503633624288361, -0.1604860605974178, 0.9841817782285787]], "T": [-0.0235189322618069, 0.0051222888854702345, 0.10197723449729393], "aligned_model": [[-0.3734433526958729, 0.4269774757239928, -2.2269331567428136e-05, 0.507597745316359, -0.3875840113909394, 0.21244611051786755, -0.1061792624101541, 0.14331307554066341, 0.05777976083589387, -0.5146536919774676, -0.0057771002787104855], [-0.39340569073318266, -0.34859561210071616, -0.772653028520972, 0.4477281284112773, 0.5892083396592774, 0.7914063280536063, 0.21145762336877105, 0.23770206617797882, -0.40030399894057483, 0.11219380437802298, 0.020982421155120008], [0.521026197416697, 0.2596258623087117, 0.1096887981957834, 0.4216016555145483, 0.011168862752282432, -0.26987628948284714, 0.5990386701488893, -0.6619781964035997, -0.5010722001810837, -0.29450698614186277, 0.03183591973499125]], "inverted": false, "swapped": false, "error_lsq": 0.041673030183210405, "error_max": 0.22988272976298843, "target": "1067.xyz", "model": "25.xyz", "model_rescale": 4.100010024507729, "target_rescale": 3.6631595551339267},
{"mapping": [2, 8, 3, 0, 6, 4, 1, 9, 7, 5, 11], "R": [[0.41643750179204675, 0.2809313877949302, 0.8646718235566679], [0.8910161477588394, -0.31518852078083825, -0.32672070764031036], [0.180748531208962, 0.9064953125745336, -0.3815707231250862]], "T": [0.02822351258924876, 0.045997691453360356, 0.07244039170124032], "aligned_model": [[-0.572896061935542, 0.5116289627453158, 0.009941165481044699, 0.41737478212977364, -0.41965777280905797, -0.06414099482932739, 0.17645645396141163, 0.3826281390886278, -0.07744400385798586, -0.44837493111495735, 0.044938740990761575], [-0.234459701618621, -0.3248717873538804, -0.7519236191841709, 0.5606253168814168, 0.4971028680494755, 0.7934561894710097, -0.0446287744932328, 0.06669717273891101, -0.41608677838785085, 0.24598487847820721, 0.10382461632734397], [0.40070277787894437, 0.14749256957416984, 0.21755746260072062, 0.4693776316965951, 0.20045840598487336, -0.37322110735692315, 0.7572472203181791, -0.6713874071401653, -0.4111592003113997, -0.4725781573465398, -0.03793790203594477]], "inverted": true, "swapped": false, "error_lsq": 0.05873396642094224, "error_max": 0.34730143684054116, "target": "1067.xyz", "model": "26.xyz", "model_rescale": 3.6694154284099745, "target_rescale": 3.6631595551339267},
{"mapping": [12, 10, 11, 8, 7, 5, 9, 0, 2, 6, 13], "R": [[0.7884108543328351, -0.5449678839756363, -0.28533897421363097], [-0.07882073006498772, -0.5495258078348111, 0.8317503706254186], [-0.6100783697871873, -0.6332703940329252, -0.47620687810991585]], "T": [0.022832746739798473, 0.13531461970697498, 0.015471442745657423], "aligned_model": [[-0.5348005357152114, 0.46659205172005774, -0.024309437858780217, 0.5024588688049937, -0.22150704210907546, 0.14332617967856992, -0.07397763896659851, 0.18966103488859032, 0.038318602934410265, -0.550650454528783, 0.02534285100189127], [-0.40650749168206923, -0.19723147131687616, -0.6913207093788336, 0.4139444629852841, 0.6595322371142147, 0.8271935961397978, 0.018880373083228735, 0.20583751056826893, -0.40604235946518696, -0.01942730732564235, 0.090861540186422], [0.1742377340855358, 0.24866984857389318, 0.2404761457713115, 0.33277474543483043, 0.2637102026193087, -0.3488955622233018, 0.6802528736708091, -0.6202393305396877, -0.3954086560213604, -0.3285669064036249, -0.02045880110520402]], "inverted": true, "swapped": false, "error_lsq": 0.043234771814821785, "error_max": 0.22904184937573194, "target": "1067.xyz", "model": "27.xyz", "model_rescale": 4.103607728864725, "target_rescale": 3.6631595551339267},
{"mapping": [2, 10, 3, 11, 8, 7, 13, 5, 0, 1, 14], "R": [[0.6387139266596386, 0.2782128238796819, -0.7173856316653682], [-0.44429741897483893, -0.6278512594733647, -0.6390638461609345], [-0.6282072296490409, 0.726911563126219, -0.27740810372098823]], "T": [0.1699538359343299, -0.00990820302188039, 0.12451711469897736], "aligned_model": [[-0.47524177225972386, 0.5985055935040582, -0.015654559196525364, 0.48074286632881486, -0.26782963798012993, 0.025491168897772642, -0.028899657215308017, 0.25745954301884333, -0.1250563114785468, -0.5320562440368332, 0.042993490267642515], [-0.34759085444169724, -0.259228496554753, -0.7360809846329834, 0.5425174550585823, 0.6792209673606335, 0.5861183518705959, 0.2128330653090569, 0.19344303661782664, -0.3885335945405383, 0.058176115114350335, -0.04515468025246586], [0.22946357880934548, 0.2426613427523669, 0.08264268967664815, 0.38965350288458867, 0.2001913725540465, -0.25490893772635914, 0.6995963688876619, -0.5727141489047876, -0.40397467029150164, -0.4281194795631785, 0.042060674783679475]], "inverted": true, "swapped": false, "error_lsq": 0.045247247273802194, "error_max": 0.26157331428291375, "target": "1067.xyz", "model": "28.xyz", "model_rescale": 4.137296879288765, "target_rescale": 3.6631595551339267},
{"mapping": [9, 7, 8, 1, 6, 5, 0, 2, 3, 4, 10], "R": [[-0.3443254171272978, -0.9111032609198909, -0.22656313703083614], [0.8488134886932418, -0.1989822096217293, -0.48981806996727084], [0.40119280717944134, -0.3609666580103975, 0.841871369790115]], "T": [-0.007361726637486098, 0.017867600156331404, 0.024733251339386014], "aligned_model": [[-0.4577335049686535, 0.4904553269238909, -0.0818836657967692, 0.6400791889592078, -0.5818562782415257, 0.04996441835477881, 0.08002351017909334, 0.4437747317202871, 0.08504327107043957, -0.6182780074003914, -0.08913451095029304], [-0.27437571704148844, -0.36443424241610656, -0.6980289944571079, 0.36008546165544775, 0.4424378634895506, 0.6640609770182706, 0.3778505755861641, 0.3003657908565075, -0.36624660959167965, 0.051728086714453864, 0.002277189094596014], [0.5926710305766121, 0.3711949476826594, 0.007632830858931777, 0.19985081748318778, 0.10117881777342051, -0.15511663115090574, 0.6191206840416404, -0.5486686533118651, -0.5318512572762125, -0.4498873636017319, 0.020427070786773225]], "inverted": false, "swapped": false, "error_lsq": 0.06125591587079586, "error_max": 0.2786744013217581, "target": "1067.xyz", "model": "29.xyz", "model_rescale": 3.607286011436655, "target_rescale": 3.6631595551339267},
{"mapping": [5, 6, 7, 3, 8, 9, 4, 1, 13, 11, 14], "R": [[0.29912155867158086, -0.631761836121216, -0.7151246573560684], [-0.7713709320922849, -0.6012547441784567, 0.2085176676590705], [-0.5617055974983373, 0.4892542437461824, -0.6671709726264982]], "T": [-0.0550699271893733, -0.013742260832149696, -0.013944580808363489], "aligned_model": [[-0.4412905121381318, 0.3700625828676099, 0.113267183082966, 0.444264815053105, -0.2657045448320681, 0.10704253940055235, -0.08920347537292493, 0.3252959795667794, -0.14254867191604087, -0.4196485685086575, -0.04108284735312492], [-0.39533577994149505, -0.13292895566318397, -0.7475810775369015, 0.43930160178518307, 0.5724167110094278, 0.7028098799701973, 0.12114802342631889, 0.1341482292422519, -0.489553363992971, 0.17239810369306058, 0.11889700891672028], [0.5205844413400254, 0.21886402539290736, 0.16614476629462, 0.40062448460797795, 0.2639037426796945, -0.2874950982553138, 0.6770612091842572, -0.623367454335866, -0.5633495186106665, -0.43461694969579506, -0.11180135473933082]], "inverted": false, "swapped": false, "error_lsq": 0.04768783006750841, "error_max": 0.21123374197727715, "target": "1067.xyz", "model": "30.xyz", "model_rescale": 3.964800864290218, "target_rescale": 3.6631595551339267},
