[{"mapping": [2, 6, 5, 3, 0, 7, 8, 11, 10, 4, 9, 12], "R": [[-0.895883449256077, 0.37335843814101777, -0.24082425546014768], [0.35382723634436863, 0.9273859882650597, 0.12149697770127932], [0.26869896198150994, 0.023636950703056485, -0.9629341422919434]], "T": [-0.06958782444728145, -0.08815655499267375, -0.04312040787038565], "aligned_model": [[-0.27474247115867584, 0.3586813976754787, 0.3306295909509049, -0.0996118765996531, -0.08321553791341454, -0.5167386107188747, 0.28710565430531204, -0.4386195894121276, 0.6793519640377108, 0.14596044777370398, -0.49383496938953003, -0.05732353709028548], [-0.5417106915239756, -0.603154290992751, -0.11604787284151949, 0.616407313635042, 0.4204690856066663, -0.6048755562437294, -0.28462967391503335, -0.32134346460970314, 0.13681949627296172, 0.25975477127850277, 0.20094819760971885, -0.10908227829912244], [-0.5348171464715119, -0.08321068140461323, -0.6995896368660878, -0.0028639524782709883, -0.6768930568419106, 0.08384243973456329, 0.5064854907599857, 0.7211062896460815, 0.0013070166043113174, 0.5697487096566197, 0.31807701469966043, -0.02124074168526473]], "inverted": true, "swapped": true, "error_lsq": 0.04801712259066401, "error_max": 0.29824406051025576, "target": "1068.xyz", "model": "0.xyz", "model_rescale": 3.751011558992144, "target_rescale": 3.6721915121502606},
{"mapping": [11, 12, 7, 9, 5, 6, 1, 0, 8, 13, 4, 2, 14], "R": [[-0.0019440769220310239, 0.9999330923117914, -0.01140313398586662], [-0.24108103907304365, 0.010598167542572923, 0.9704471193445839], [0.9705030412957927, 0.0046357032387711605, 0.24104430524511294]], "T": [0.019283853285943113, -0.059256727585620145, 0.04683549487323556], "aligned_model": [[0.008351896664210195, -0.4594178924160177, 0.09254457483869674, -0.34803656010166434, -0.26919740055664393, 0.4979411815439325, 0.5496483151641417, 0.012296719458239399, 0.2585772802775544, -0.6910472247109616, 0.7312021727920378, -0.4177924397630543, -0.015333333996619548], [-0.4279760223648893, 0.03300099410559121, 0.37418570708865606, -0.5991346454171536, -0.39560876319688976, -0.03481695962707167, 0.3908587572919464, 0.6927051297153832, -0.04927285652714894, -0.137650147269419, -0.29657669501710915, 0.2675728868159386, -0.07861521853485781], [-0.6607361007328733, -0.5137965194886391, -0.44958926911265784, -0.04146608541239122, 0.48698537993193275, -0.5311053369747974, 0.004466434393706614, 0.14688080273314577, 0.6657516687265055, 0.17639794963005795, 0.29668646909535656, 0.6680317756032345, 0.009010746147305404]], "inverted": true, "swapped": false, "error_lsq": 0.04167284539578854, "error_max": 0.27763310335096075, "target": "1068.xyz", "model": "1.xyz", "model_rescale": 3.9405287249114394, "target_rescale": 3.6721915121502606},
{"mapping": [7, 3, 4, 6, 11, 1, 2, 8, 5, 10, 0, 9, 12], "R": [[-0.26608536521491805, 0.7461988663439157, -0.6102342421443583], [-0.0011566846052239455, -0.6333029628717052, -0.7739031071772773], [-0.9639487748315094, -0.20521844236075665, 0.16937576690854284]], "T": [0.022190325536066164, -0.03977611947595827, -0.027580443389004877], "aligned_model": [[-0.11941313402053745, -0.46185163207873675, -0.00491791117758637, -0.033880032855283584, -0.23141165522864468, 0.6853961014164588, 0.5816813123267178, -0.3701770654213663, 0.33430287441367135, -0.7674984678363198, 0.6108473798626102, -0.35649480807387257, 0.08315432786674085], [-0.37959687810663034, -0.06709194726257275, 0.43329980137334523, -0.5788293444981419, -0.38906238654585207, 0.0005218719359710855, 0.249268817586847, 0.6255623455476081, -0.06454268535619104, 0.13072051801460716, -0.5959981292913313, 0.3513380784285747, 0.02308210523674281], [-0.7299906977286018, -0.3304944697886629, -0.5444557073528268, -0.0679961444527306, 0.5392523609067387, -0.45857986692146935, 0.23240510924804617, 0.03615594796714665, 0.6282005066426147, 0.21492651638503238, 0.1892834228137871, 0.5674055739848289, -0.018594637164017148]], "inverted": false, "swapped": false, "error_lsq": 0.05143253249039655, "error_max": 0.31205747554333363, "target": "1068.xyz", "model": "2.xyz", "model_rescale": 3.932901565614263, "target_rescale": 3.6721915121502606},
{"mapping": [2, 1, 10, 0, 7, 6, 12, 11, 9, 3, 5, 8, 13], "R": [[0.1673215761358666, -0.8620604482563113, 0.4783882039845228], [0.6784166671545121, 0.45275589144657075, 0.578587010299562], [-0.7153700552066558, 0.22773644045815117, 0.6605920055534109]], "T": [-0.08856142696124163, -0.06903664439506398, 0.0446268578485651], "aligned_model": [[0.020387126497021693, -0.3939423946610094, 0.18098689046064992, -0.4874891345849001, -0.022633354657237897, 0.44606040333772606, 0.5956595864527352, -0.37520943107187826, 0.3251276603151593, -0.5809375014858529, 0.5812208486109439, -0.36013523878504533, 0.02064182876553984], [-0.5544151102519012, 0.014212068292318011, 0.4745932621462633, -0.5426876647443682, -0.5036051297895742, -0.120706493140993, 0.26999736782867, 0.7748408683453502, 0.07346974174022207, -0.07312764469723386, -0.2859400272538598, 0.24624187822799004, -0.03420094963990649], [-0.623757620397388, -0.6251348440386066, -0.3361035843150837, -0.21122803101463974, 0.6072513046435315, -0.37751291282000543, 0.039396798789337856, 0.10304229757017738, 0.6348354721265377, 0.17966219779141515, 0.19003769475016138, 0.6493035015483386, 0.027725639906110544]], "inverted": false, "swapped": false, "error_lsq": 0.041450350496662416, "error_max": 0.2738302807150854, "target": "1068.xyz", "model": "3.xyz", "model_rescale": 3.9243930471874484, "target_rescale": 3.6721915121502606},
{"mapping": [9, 1, 5, 8, 4, 11, 6, 0, 3, 7, 10, 2, 12], "R": [[-0.21475459366750094, -0.39234747552381266, 0.8943958424259351], [-0.3007666093395348, -0.8446907407071896, -0.4427606568677248], [0.9292039126075107, -0.3640892898914093, 0.06339619689904963]], "T": [0.057839532378353035, -0.11166964635742557, -0.018516589920873506], "aligned_model": [[-0.022634307734321908, -0.4938320747705851, 0.13499153305166417, -0.1485229763268215, -0.17458105274333696, 0.6334878405100348, 0.6514356766639801, -0.26115461812624374, 0.25295358971711723, -0.7088521695190672, 0.5404908118010397, -0.49550960148947687, 0.041464638159868616], [-0.4463378683661289, 0.1852468585856493, 0.5724250135076672, -0.7058700739916713, -0.3184637132675273, -0.22535263365045688, 0.2979595510196219, 0.6574405300281727, 0.20838101547907026, -0.20611187130950306, -0.5615288938527067, 0.2797602575312328, 0.0011239953495564836], [-0.6343156919110661, -0.36153164343978467, -0.33424616552482533, -0.04453073446597672, 0.4870367257072094, -0.5494019684469569, 0.018416496630123815, 0.15478840678884748, 0.5404569772998855, 0.19638631676006252, 0.23008373074170235, 0.6074241873919775, -0.0530487229913128]], "inverted": false, "swapped": false, "error_lsq": 0.03944779330120162, "error_max": 0.22700243644338003, "target": "1068.xyz", "model": "4.xyz", "model_rescale": 3.8936222436046832, "target_rescale": 3.6721915121502606},
{"mapping": [5, 10, 6, 2, 8, 4, 3, 9, 1, 0, 7, 12], "R": [[0.40918161142292264, -0.349303688232521, 0.8429456342258964], [0.45044860608206305, -0.72607458212053, -0.5195303210374008], [0.7935152564078823, 0.5922859398851675, -0.13975300806164087]], "T": [-0.07925456820766037, 0.0417752202301587, -0.02967987588318515], "aligned_model": [[0.10883556575110435, -0.6523192340275095, -0.3110537003138982, 0.4482707182568925, -0.7040866561344293, -0.6919815731848195, -0.14089169881971966, -0.060924439407090566, 0.6089717410664932, 0.3412361191114956, 0.18325959357040045, -0.10176839365382231], [-0.5586599121953137, -0.47277334843953367, 0.07941327173417077, 0.11919736760057914, 0.29119044042867026, 0.09281301677912504, -0.324003182376954, 0.3262836567198121, 0.01989050039491444, -0.6271511946963269, 0.6623919567601354, 0.060330332400528486], [-0.47240270912554316, -0.17228242050716222, -0.6582472661991836, -0.48276745000099364, -0.15327388012047463, 0.3766114783426933, 0.5714351673490898, 0.5295604409615071, 0.16415786653926312, 0.16078944113467744, -0.19992410572371044, -0.04437184337464427]], "inverted": true, "swapped": true, "error_lsq": 0.03847117270263479, "error_max": 0.18012660302679967, "target": "1068.xyz", "model": "5.xyz", "model_rescale": 3.6523030999806103, "target_rescale": 3.6721915121502606},
{"mapping": [8, 5, 1, 9, 11, 6, 2, 3, 4, 7, 10, 3, 12], "R": [[-0.10366494664472425, 0.9767426065933321, 0.18768979541363073], [0.29212854947840156, -0.15048295780393695, 0.9444658755033049], [0.9507441766410101, 0.15273755227789465, -0.2697345930861776]], "T": [0.013386625230582684, -0.046305518699437095, -0.06661649549905821], "aligned_model": [[-0.05843296923476061, -0.49732046002183466, 0.1697301061661742, -0.13070228011848176, -0.24239644448537387, 0.5407609980370184, 0.5692623359683925, -0.27881610644430804, 0.26098447658204665, -0.605929987188498, 0.5789802618291185, -0.27881610644430804, -0.0775665354513339], [-0.36135781651493737, 0.09998691559307683, 0.5538924115102899, -0.7541543736075257, -0.40447480348631837, -0.14167357412783585, 0.42627864731651216, 0.4506293618813949, 0.036236662055608715, -0.0960936017265215, -0.5273360411866319, 0.4506293618813949, 0.00610901747446993], [-0.6576216546630862, -0.49285624813657936, -0.37917693210987546, -0.03744011564723079, 0.6955244283614277, -0.43459158566540934, 0.1428543484192847, 0.32108698786397005, 0.4442784979479879, 0.2176125319900892, 0.17293833401171002, 0.32108698786397005, -0.05617766569637252]], "inverted": false, "swapped": false, "error_lsq": 0.05145395633712043, "error_max": 0.4112809984518856, "target": "1068.xyz", "model": "6.xyz", "model_rescale": 4.08911054899281, "target_rescale": 3.6721915121502606},
{"mapping": [5, 4, 8, 7, 2, 10, 11, 3, 1, 6, 13, 0, 14], "R": [[0.09570727232836268, -0.0060175376655787205, 0.9953913337295578], [-0.7678191050185883, -0.6368336938538336, 0.0699761983887065], [0.6334776554795903, -0.7709777140831796, -0.06556999615034625]], "T": [0.08808145827287797, -0.029610281462732157, -0.024893106780837986], "aligned_model": [[-0.08722039685096153, -0.3682779120341737, 0.11142178361270702, -0.2568869475543405, -0.1971694573134717, 0.49777412528154286, 0.6645625355674071, -0.4877622586130177, 0.2892455719484288, -0.3849317198484461, 0.47817315906679947, -0.4765228317409166, 0.16733163767229406], [-0.4156180103556972, 0.15017718593793075, 0.5450127715549966, -0.7221452373910318, -0.3950833828508237, 0.0718346921627478, 0.07920106588848703, 0.5102971449341454, 0.11889936659276816, -0.07844796573762314, -0.5513993542440095, 0.32970394108744355, 0.09623994948364249], [-0.6579559175732299, -0.5311164580803032, -0.3915162776778765, 0.0012047539718426474, 0.6348044531738531, -0.6089613685683075, -0.005900445932286249, 0.033032888336294045, 0.664616822559528, 0.1268183969745002, 0.3089618779795872, 0.6359937733091441, 0.047535416067139805]], "inverted": false, "swapped": false, "error_lsq": 0.04591536566170767, "error_max": 0.28766546238567814, "target": "1068.xyz", "model": "7.xyz", "model_rescale": 3.964800864290218, "target_rescale": 3.6721915121502606},
{"mapping": [5, 10, 9, 3, 0, 8, 7, 11, 2, 6, 1, 4, 13], "R": [[-0.7972907878463132, 0.5968002034055813, 0.090315651082536], [-0.5291730714067531, -0.6191401167153129, -0.5802080457660792], [-0.2903502369782901, -0.5103871404030531, 0.8094453080955163]], "T": [0.0004089141220805638, -0.009120160945340676, 0.07921516969174706], "aligned_model": [[0.05866262828118879, -0.345843983814441, 0.05094627715595742, -0.4441109387609817, -0.0770229427740133, 0.4844038547311589, 0.6800416166730499, -0.5128041810720353, 0.21368299317822156, -0.5405873847968033, 0.6104066675241001, -0.25529042678695046, 0.027253109655400082], [-0.4529129881742829, 0.022425281621658584, 0.4697967042929155, -0.5805557574542691, -0.5747098827766485, 0.07941329787750184, 0.1657198105277066, 0.6345593067790765, -0.010750333723178788, 0.010933923197764393, -0.43798756699081004, 0.41326150566442216, -0.0005211337788794609], [-0.6269895840838078, -0.6652630561356071, -0.4126601579234511, 0.03648163323952934, 0.511964458101503, -0.5115202241530434, 0.19914656241393128, -0.017853807046275885, 0.7062081820081215, 0.28760581594006, 0.16344924859520754, 0.5805184409602363, 0.006430402623482281]], "inverted": true, "swapped": false, "error_lsq": 0.04598826313352673, "error_max": 0.27788305110803346, "target": "1068.xyz", "model": "8.xyz", "model_rescale": 4.121658175737393, "target_rescale": 3.6721915121502606},
{"mapping": [2, 8, 11, 1, 4, 3, 10, 7, 5, 6, 0, 9, 12], "R": [[0.4823431551127535, -0.8742595893093963, 0.05491130317557813], [-0.34353052522059735, -0.24645054173901543, -0.9062278459185673], [0.805811304808722, 0.41824908963094215, -0.4192085877762447]], "T": [-0.011629885304265147, 0.03805580779120929, -0.0007010030074941394], "aligned_model": [[-0.0064450979300685884, -0.4985290382851517, 0.15910353098113714, -0.15372148550614773, -0.10804940704650672, 0.5246784118473632, 0.7140267230498497, -0.21547485368447925, 0.3134681228841705, -0.6889641818994188, 0.48433633255196173, -0.5434368738279217, -0.03125489394093589], [-0.41801622237082847, 0.19079724609486268, 0.5084570611795959, -0.6345319945924472, -0.4841923581897416, -0.04733083319691647, 0.260860347412875, 0.6706445052917415, 0.18516501910697103, -0.10649436224782563, -0.531204536991052, 0.19141977220407497, -0.04690147663833291], [-0.5244546398852228, -0.5204630693212317, -0.3913476923927423, 0.04795432506993709, 0.7106976522310827, -0.573209975353874, 0.01546855083129282, 0.11544407426164797, 0.5036679802713581, 0.02178341585552562, 0.2201709366454389, 0.6212721784174897, 0.01053417790918407]], "inverted": true, "swapped": false, "error_lsq": 0.040572679545862154, "error_max": 0.21853431536564724, "target": "1068.xyz", "model": "9.xyz", "model_rescale": 3.833441315466971, "target_rescale": 3.6721915121502606},
{"mapping": [11, 7, 9, 12, 1, 8, 2, 3, 5, 6, 0, 4, 14], "R": [[-0.05993135045073428, -0.4712493460980115, 0.879961525883574], [-0.7975460977157706, 0.5527277696691036, 0.2416862318274771], [-0.6002736503058399, -0.6873252988496895, -0.4089687986994694]], "T": [0.02723184489663579, -0.13090878687185825, 0.012357367675248084], "aligned_model": [[-0.13690658204232617, -0.32605283502023874, 0.2634619832369877, -0.2602314599863726, -0.057027464648325456, 0.4744227018936964, 0.44506184894345485, -0.2168799197400825, 0.26558185199228124, -0.5652320809415293, 0.45429815714295774, -0.42121793754936543, 0.03045902591271396], [-0.3540830128569912, 0.15275328741810235, 0.49900466664480725, -0.6592647209785116, -0.5860653505769755, -0.028099747488106952, 0.44730307797134017, 0.7016460482592844, 0.08609961735460661, -0.24101186984350312, -0.5417070618959035, 0.30486964742886136, -0.042772414374033854], [-0.6110116423834091, -0.4761502979016233, -0.44075905152749983, -0.022641383028126936, 0.587980338190655, -0.6177299288289464, 0.1003311251283697, -0.02743889613601128, 0.6069427930596916, 0.32555598795554824, 0.3480389189783578, 0.5072336440441868, -0.022833693011305996]], "inverted": false, "swapped": false, "error_lsq": 0.040879320927083795, "error_max": 0.2038995306127383, "target": "1068.xyz", "model": "10.xyz", "model_rescale": 4.2482417240324, "target_rescale": 3.6721915121502606},
{"mapping": [11, 7, 1, 2, 4, 3, 9, 5, 6, 10, 8, 12], "R": [[0.28290121047100464, 0.011247218505227113, -0.9590831065084693], [0.15654290092918008, -0.9870649158992966, 0.03460017296765049], [-0.9462881301605326, -0.15992608254006005, -0.28100253173356404]], "T": [0.06478015323342992, 0.06884426700386367, -0.014090941707976621], "aligned_model": [[-0.7074482938812502, -0.07343046683329016, 0.4869447125965697, 0.5499163701940047, -0.5419496045730593, 0.028207695109326428, -0.3023705473844368, 0.7282753481745567, 0.1096019391393057, 0.03539835507897468, -0.4793831000813932, 0.04300319482369859], [-0.31039790215082896, -0.6027347892287827, -0.12558750122592038, -0.43256462872192836, 0.48698636135932294, 0.6568696320494882, 0.10214707971357781, 0.24235444425707278, -0.1510136305558983, 0.6493072485456239, 0.09316791463031524, 0.05759716137859709], [0.17149361090464935, 0.09966894717905812, 0.529674482392882, -0.06698174301727611, -0.02626031899936757, 0.3755510686730385, 0.4939662024614715, -0.3627628483726191, -0.6464657808055623, -0.5391607117969984, -0.42784604072305366, -0.03568457804186613]], "inverted": false, "swapped": true, "error_lsq": 0.048263742890820305, "error_max": 0.2537813221972881, "target": "1068.xyz", "model": "11.xyz", "model_rescale": 3.6694154284099745, "target_rescale": 3.6721915121502606},
{"mapping": [7, 11, 6, 10, 2, 5, 0, 4, 1, 8, 12, 3, 13], "R": [[0.6622031441856644, 0.48299136667245296, 0.5728929529593607], [-0.7458754890979575, 0.4981404136214855, 0.4421830877361753], [-0.07181051868286975, -0.7201218424939572, 0.6901215699930019]], "T": [-0.010679179540140134, -0.06542892682431356, -0.07041653040659047], "aligned_model": [[0.03002681517900613, -0.5724440320052963, 0.10988252572238708, -0.10785946942788918, -0.16913864246248772, 0.6398247176280838, 0.5362223650806938, -0.13895883466416675, 0.21748301707606726, -0.7121744020210522, 0.4728091568747263, -0.4180420335650468, 0.06210610577882672], [-0.4879014691772482, 0.2893747776843357, 0.3009318503056789, -0.6931621135138543, -0.33452646220348065, -0.12011409165320364, 0.3771712236978807, 0.6190330164054675, 0.11776468139895724, -0.14779975707854237, -0.4813307401303827, 0.2851628042062157, 0.014068447121152905], [-0.6803552907926778, -0.39222894581161294, -0.4840582711177637, -0.064431140329939, 0.502986197573959, -0.5377761403358952, 0.05504928834312138, 0.18005268546966247, 0.7238476624429726, 0.20109286256310838, 0.16417505193599363, 0.6021827885768742, -0.013018833977917019]], "inverted": true, "swapped": false, "error_lsq": 0.04139370903488033, "error_max": 0.28897152951998073, "target": "1068.xyz", "model": "12.xyz", "model_rescale": 3.9764082729961374, "target_rescale": 3.6721915121502606},
{"mapping": [12, 13, 6, 1, 2, 5, 4, 14, 7, 8, 0, 3, 15], "R": [[-0.45280932376689775, -0.3011217447278761, 0.8392195250122607], [-0.2601197851145127, -0.8556810742259271, -0.4473785830854478], [0.8528196841664388, -0.4208747961848072, 0.30913264504845245]], "T": [-0.05157260611563369, -0.06709455591258302, -0.07167362400977652], "aligned_model": [[-0.22901585342188185, -0.33647656973366297, 0.16967409440641576, -0.2709146634024548, -0.0451320363077789, 0.68200606724183, 0.5508295655184581, -0.39273896845903983, 0.24967283550180158, -0.5493207984622098, 0.5193535416816712, -0.37409332790328315, -0.024106597466013572], [-0.4018619384823817, 0.18686150466115092, 0.5686187108739191, -0.6625639754485422, -0.604886287707268, -0.08674565005112926, 0.2626848973578943, 0.6537515321242386, -0.013520698425501645, -0.20154841926134542, -0.3809438378646853, 0.40167278343490315, 0.017153545851724447], [-0.5851502335072761, -0.5500214023045079, -0.43302849894433665, -0.04661747578846705, 0.5173918105388337, -0.47701307475319943, 0.13861393527603344, -0.12453637216428852, 0.6192784181911714, 0.41187754421842354, 0.24871659975140642, 0.5485529578877294, -0.010546293861635837]], "inverted": true, "swapped": false, "error_lsq": 0.04261927520828442, "error_max": 0.24639904302070426, "target": "1068.xyz", "model": "13.xyz", "model_rescale": 4.170626492500431, "target_rescale": 3.6721915121502606},
{"mapping": [5, 11, 3, 12, 8, 6, 2, 1, 0, 10, 4, 7, 13], "R": [[0.252021607475381, -0.29791017574372286, 0.9207250602399554], [0.3845566727043877, 0.9039182533453538, 0.1872109952636754], [-0.8880322487635547, 0.30688974967800675, 0.3423702771832201]], "T": [0.0035525231907286565, 0.04338616025579313, 0.04823714066705414], "aligned_model": [[0.026935981996621255, -0.3035275910525361, 0.14906617496740673, -0.2362265297902728, -0.16047492121827023, 0.41020184151929084, 0.6397338164714929, -0.24986076239253532, 0.1926884138117946, -0.5291638199369378, 0.4241088133839981, -0.40713735905281123, -0.006606769513389489], [-0.5712652716833432, 0.04013518077467042, 0.5645007780288854, -0.6433502507861533, -0.44181735580037884, -0.0688931183209674, 0.2023844121891572, 0.733073048397007, 0.34933155597057075, -0.12387760001561417, -0.48815821622293787, 0.17200322366341286, 0.014605780868667793], [-0.6217454407674707, -0.5884345845571013, -0.37924260940270443, -0.033035417351836634, 0.5860371390793864, -0.6794433953755733, 0.10232119744992765, 0.27390985260035444, 0.5241398999023699, 0.1292583554159382, 0.25717759439905036, 0.7354207220425085, -0.04884539889496283]], "inverted": true, "swapped": false, "error_lsq": 0.04590578987450323, "error_max": 0.3372202326860348, "target": "1068.xyz", "model": "14.xyz", "model_rescale": 3.9786697098870705, "target_rescale": 3.6721915121502606},
{"mapping": [9, 1, 4, 11, 3, 10, 2, 5, 8, 7, 0, 12], "R": [[0.34071603342450124, -0.06539409562535592, 0.9378892241756571], [0.5070306039600823, -0.8272941428163153, -0.2418767618224048], [0.7917275738632249, 0.557949830647129, -0.2487155710153502]], "T": [0.04472668256821814, -0.009643320922305243, 0.04269692188684125], "aligned_model": [[0.05248092221867638, -0.6368052881245719, 0.6023179837790043, 0.5016715352677438, -0.06171431203894852, 0.4577911367254181, -0.3901958464301535, -0.26188291946231845, 0.7239333782211893, -0.010603383249091228, -0.5666073578930791, 0.07296874775346701], [-0.25651688667173694, -0.17965455740411737, 0.14276688732018486, -0.6808565740469301, 0.38998201523993126, 0.6415853964696239, -0.26229217665378973, 0.48474086658340754, -0.07162580095750523, -0.6881337296638025, 0.5162422019083497, -0.02156315189917624], [-0.5343854728730304, -0.09264640643172957, -0.41444088344224594, -0.29682803152307025, -0.52993051043569, 0.1797288189778279, 0.529088138964358, 0.5461634857265399, 0.09499419525613416, 0.1828798939326569, -0.05863735308555558, 0.05398061880763477]], "inverted": false, "swapped": true, "error_lsq": 0.0511466088654865, "error_max": 0.25999071659861567, "target": "1068.xyz", "model": "15.xyz", "model_rescale": 3.769337070930944, "target_rescale": 3.6721915121502606},
{"mapping": [9, 1, 4, 3, 11, 7, 8, 2, 10, 0, 12], "R": [[0.5353631965187577, 0.6968816707174665, 0.4772234118641404], [0.2686093171677365, -0.6761569171119064, 0.6860472710917267], [0.8007716794092438, -0.23909780521735322, -0.5491784382114291]], "T": [0.05113866705937404, 0.012454881634968669, 0.08487837104033277], "aligned_model": [[-0.24100852631816633, -0.36959664071478693, -0.004336030052335842, -0.5765136694529406, 0.36480880176463343, 0.40140083683587574, 0.5104372295460593, 0.2407561792556004, 0.11379200448159194, -0.597601104372125, 0.08048704971776444], [0.08119744024466141, -0.5632492623698534, 0.6808813414637094, 0.33313461648322357, 0.1268136694837385, -0.43700209018121655, 0.49131453361727295, -0.6232878592566728, 0.6332800389674221, -0.15138249636107304, 0.02436456553412976], [-0.46644299992002036, 0.027834497621020665, -0.22047475176133816, 0.03851757928346466, -0.729453341348716, -0.31307484165989385, -0.08136492131775161, 0.30723356674084534, 0.5583226758930468, 0.5462324107627312, 0.07688773293038823]], "inverted": false, "swapped": true, "error_lsq": 0.04620001773479958, "error_max": 0.28397526081555147, "target": "1068.xyz", "model": "16.xyz", "model_rescale": 3.7852294659196426, "target_rescale": 3.6721915121502606},
{"mapping": [10, 4, 5, 9, 8, 6, 7, 1, 2, 0, 11, 3, 12], "R": [[0.16373490901928686, 0.38276621532511423, 0.9092199425739265], [-0.7046041985697842, -0.5996907128541743, 0.3793467704808945], [0.6904518831361661, -0.7027524979124161, 0.17150837807985206]], "T": [-0.03448637577824657, 0.009544112830529094, 0.07361618086198604], "aligned_model": [[0.00022697441398111112, -0.4697461191065508, 0.06595968337005359, -0.22838178962388392, -0.11518318716334536, 0.5729582077065193, 0.6216110351226832, -0.05866024187792127, 0.2698305395920327, -0.6900125109372871, 0.5323685825569515, -0.5334490128398242, -0.017784872019557037], [-0.43710778116470345, 0.2687847978823394, 0.46400216489419177, -0.8317813876650577, -0.45375380741605115, -0.07566532647090972, 0.24472461146103786, 0.689872526006385, 0.2298707113990978, -0.17690597314219692, -0.41959299702075614, 0.31034144488500787, -0.07411681658540835], [-0.5961241749387103, -0.4214897756172721, -0.3906978063023684, 0.030747121887934714, 0.5242257379953658, -0.5675886735729584, -0.0015724196664391732, 0.17764996705900118, 0.5562489874686153, 0.03799305209799725, 0.25375188413193817, 0.6149595312487992, 0.039414482747982774]], "inverted": false, "swapped": false, "error_lsq": 0.043207594681980245, "error_max": 0.22265957960394533, "target": "1068.xyz", "model": "17.xyz", "model_rescale": 3.901054581598922, "target_rescale": 3.6721915121502606},
{"mapping": [11, 12, 7, 9, 5, 6, 1, 0, 8, 13, 4, 2, 14], "R": [[-0.0019440769220310239, 0.9999330923117914, -0.01140313398586662], [-0.24108103907304365, 0.010598167542572923, 0.9704471193445839], [0.9705030412957927, 0.0046357032387711605, 0.24104430524511294]], "T": [0.019283853285943113, -0.059256727585620145, 0.04683549487323556], "aligned_model": [[0.008351896664210195, -0.4594178924160177, 0.09254457483869674, -0.34803656010166434, -0.26919740055664393, 0.4979411815439325, 0.5496483151641417, 0.012296719458239399, 0.2585772802775544, -0.6910472247109616, 0.7312021727920378, -0.4177924397630543, -0.015333333996619548], [-0.4279760223648893, 0.03300099410559121, 0.37418570708865606, -0.5991346454171536, -0.39560876319688976, -0.03481695962707167, 0.3908587572919464, 0.6927051297153832, -0.04927285652714894, -0.137650147269419, -0.29657669501710915, 0.2675728868159386, -0.07861521853485781], [-0.6607361007328733, -0.5137965194886391, -0.44958926911265784, -0.04146608541239122, 0.48698537993193275, -0.5311053369747974, 0.004466434393706614, 0.14688080273314577, 0.6657516687265055, 0.17639794963005795, 0.29668646909535656, 0.6680317756032345, 0.009010746147305404]], "inverted": true, "swapped": false, "error_lsq": 0.04167284539578854, "error_max": 0.27763310335096075, "target": "1068.xyz", "model": "18.xyz", "model_rescale": 3.9405287249114394, "target_rescale": 3.6721915121502606},
{"mapping": [10, 11, 13, 2, 6, 14, 12, 7, 0, 5, 1, 8, 15], "R": [[-0.4701916450032033, -0.6911186546035452, 0.5488850719669529], [-0.6671679467101005, 0.685469281803246, 0.29157982541110516], [-0.5777601127213698, -0.22910012868422336, -0.783394142935127]], "T": [0.11354170823505098, 0.09441875712009319, 0.017018231771546374], "aligned_model": [[0.025845230197628966, -0.3067963098848627, 0.10316182696118074, -0.2631356929275346, -0.18249946029873287, 0.401795060443851, 0.6508007098257456, -0.1867398252085376, 0.22913539416014012, -0.6611300282277206, 0.40849194572418795, -0.3672797228340321, 0.09808816126253793], [-0.4747453388008227, 0.0667828258142752, 0.5557545763330778, -0.6888035758374224, -0.3553843678543685, 0.043356618720182996, 0.18463268261791518, 0.6994719961616264, 0.07883204297358194, -0.18356946287235237, -0.3918710345027078, 0.1449202271414453, 0.05929497716854582], [-0.5180197076317117, -0.5675888223457464, -0.4712351505493461, 0.01849999525929163, 0.5350145936203342, -0.6999487305346699, -0.040889238087151725, 0.21542974237377666, 0.6945648442435723, 0.1347844961686705, 0.3517509907719062, 0.5988536969043606, 0.006301204346600043]], "inverted": false, "swapped": false, "error_lsq": 0.04637153039262733, "error_max": 0.26731733796483664, "target": "1068.xyz", "model": "19.xyz", "model_rescale": 4.410303926677745, "target_rescale": 3.6721915121502606},
{"mapping": [5, 10, 9, 3, 0, 8, 7, 11, 2, 6, 1, 4, 13], "R": [[-0.7972907878463132, 0.5968002034055813, 0.090315651082536], [-0.5291730714067531, -0.6191401167153129, -0.5802080457660792], [-0.2903502369782901, -0.5103871404030531, 0.8094453080955163]], "T": [0.0004089141220805638, -0.009120160945340676, 0.07921516969174706], "aligned_model": [[0.05866262828118879, -0.345843983814441, 0.05094627715595742, -0.4441109387609817, -0.0770229427740133, 0.4844038547311589, 0.6800416166730499, -0.5128041810720353, 0.21368299317822156, -0.5405873847968033, 0.6104066675241001, -0.25529042678695046, 0.027253109655400082], [-0.4529129881742829, 0.022425281621658584, 0.4697967042929155, -0.5805557574542691, -0.5747098827766485, 0.07941329787750184, 0.1657198105277066, 0.6345593067790765, -0.010750333723178788, 0.010933923197764393, -0.43798756699081004, 0.41326150566442216, -0.0005211337788794609], [-0.6269895840838078, -0.6652630561356071, -0.4126601579234511, 0.03648163323952934, 0.511964458101503, -0.5115202241530434, 0.19914656241393128, -0.017853807046275885, 0.7062081820081215, 0.28760581594006, 0.16344924859520754, 0.5805184409602363, 0.006430402623482281]], "inverted": true, "swapped": false, "error_lsq": 0.04598826313352673, "error_max": 0.27788305110803346, "target": "1068.xyz", "model": "20.xyz", "model_rescale": 4.121658175737393, "target_rescale": 3.6721915121502606},
{"mapping": [8, 5, 1, 9, 11, 6, 2, 3, 4, 7, 10, 3, 12], "R": [[-0.10366494664472425, 0.9767426065933321, 0.18768979541363073], [0.29212854947840156, -0.15048295780393695, 0.9444658755033049], [0.9507441766410101, 0.15273755227789465, -0.2697345930861776]], "T": [0.013386625230582684, -0.046305518699437095, -0.06661649549905821], "aligned_model": [[-0.05843296923476061, -0.49732046002183466, 0.1697301061661742, -0.13070228011848176, -0.24239644448537387, 0.5407609980370184, 0.5692623359683925, -0.27881610644430804, 0.26098447658204665, -0.605929987188498, 0.5789802618291185, -0.27881610644430804, -0.0775665354513339], [-0.36135781651493737, 0.09998691559307683, 0.5538924115102899, -0.7541543736075257, -0.40447480348631837, -0.14167357412783585, 0.42627864731651216, 0.4506293618813949, 0.036236662055608715, -0.0960936017265215, -0.5273360411866319, 0.4506293618813949, 0.00610901747446993], [-0.6576216546630862, -0.49285624813657936, -0.37917693210987546, -0.03744011564723079, 0.6955244283614277, -0.43459158566540934, 0.1428543484192847, 0.32108698786397005, 0.4442784979479879, 0.2176125319900892, 0.17293833401171002, 0.32108698786397005, -0.05617766569637252]], "inverted": false, "swapped": false, "error_lsq": 0.05145395633712043, "error_max": 0.4112809984518856, "target": "1068.xyz", "model": "21.xyz", "model_rescale": 4.08911054899281, "target_rescale": 3.6721915121502606},
{"mapping": [11, 15, 2, 5, 10, 1, 0, 3, 7, 9, 6, 12, 16], "R": [[0.46646675448826325, 0.5711696131083743, 0.6754065738640811], [-0.5141500590746444, 0.7964102552924193, -0.3184029240107628], [-0.7197627968370737, -0.19873595126874682, 0.6651657973487363]], "T": [0.0035891592716815134, 0.018022368439102345, -0.0027193440565404167], "aligned_model": [[-0.11878769338492368, -0.35630684543022584, 0.11349396646405002, -0.24512849751751176, -0.15280436341840392, 0.46564749459067867, 0.7415961552012778, -0.2775439989468507, 0.2526368446859536, -0.6237315758327588, 0.5518068273842603, -0.434917872652172, 0.033776848050477606], [-0.4499104651854674, 0.14810446276939584, 0.5201206102853346, -0.6387239393042144, -0.46253432956737456, -0.03370252769416038, 0.2099966571929368, 0.8336993981410665, 0.024601235532075546, -0.269987349868471, -0.3914330207730448, 0.20053778580384438, 0.04790364973105539], [-0.5959779718137708, -0.623251802859803, -0.5097421426210463, 0.06475560251610618, 0.6263607265836241, -0.6460116657488484, 0.1335559090003021, 0.09684949575357518, 0.6634098903319531, 0.17353816367273467, 0.2928611038179837, 0.5624082622516205, 0.01876234365545539]], "inverted": true, "swapped": false, "error_lsq": 0.03693067687871743, "error_max": 0.19760448734435493, "target": "1068.xyz", "model": "22.xyz", "model_rescale": 4.204369325754507, "target_rescale": 3.6721915121502606},
{"mapping": [10, 11, 13, 2, 6, 14, 12, 7, 0, 5, 1, 8, 15], "R": [[-0.4701916450032033, -0.6911186546035452, 0.5488850719669529], [-0.6671679467101005, 0.685469281803246, 0.29157982541110516], [-0.5777601127213698, -0.22910012868422336, -0.783394142935127]], "T": [0.11354170823505098, 0.09441875712009319, 0.017018231771546374], "aligned_model": [[0.025845230197628966, -0.3067963098848627, 0.10316182696118074, -0.2631356929275346, -0.18249946029873287, 0.401795060443851, 0.6508007098257456, -0.1867398252085376, 0.22913539416014012, -0.6611300282277206, 0.40849194572418795, -0.3672797228340321, 0.09808816126253793], [-0.4747453388008227, 0.0667828258142752, 0.5557545763330778, -0.6888035758374224, -0.3553843678543685, 0.043356618720182996, 0.18463268261791518, 0.6994719961616264, 0.07883204297358194, -0.18356946287235237, -0.3918710345027078, 0.1449202271414453, 0.05929497716854582], [-0.5180197076317117, -0.5675888223457464, -0.4712351505493461, 0.01849999525929163, 0.5350145936203342, -0.6999487305346699, -0.040889238087151725, 0.21542974237377666, 0.6945648442435723, 0.1347844961686705, 0.3517509907719062, 0.5988536969043606, 0.006301204346600043]], "inverted": false, "swapped": false, "error_lsq": 0.04637153039262733, "error_max": 0.26731733796483664, "target": "1068.xyz", "model": "23.xyz", "model_rescale": 4.410303926677745, "target_rescale": 3.6721915121502606},
{"mapping": [3, 0, 7, 4, 8, 1, 11, 13, 9, 5, 10, 15, 16], "R": [[0.9860372207905233, -0.1506458226171707, -0.07096784725280247], [0.15563527591952958, 0.9852618482546378, 0.07097007301185054], [0.059230567320878086, -0.08102423404051057, 0.9949506587730849]], "T": [-0.05185082839372971, 0.11505269702196075, 0.06460524887836348], "aligned_model": [[0.007530490738553143, -0.35117990143780803, 0.14071434299166954, -0.2863258231277715, -0.015211176168814476, 0.5148230339365929, 0.5366060294156427, -0.2061097579494179, 0.2405074966644675, -0.6577109737587482, 0.3880317502469284, -0.32939262510523426, -0.03254559725220818], [-0.5816642397706667, 0.0462374297888625, 0.5060392668997085, -0.5321125277317451, -0.5514858381823151, -0.03505388596608622, 0.3313581792019105, 0.7996603009304556, -0.005526032652641816, -0.04492668319805468, -0.35340673701712494, 0.12254640703355443, 0.03700652772711931], [-0.5013544259735374, -0.6253602401950956, -0.43736990352147664, 0.07371687360214173, 0.5442828324978501, -0.5620398636579303, 0.1520806824970794, 0.023334979287050278, 0.6053522908005627, 0.11884652090097497, 0.16868705297417913, 0.7220461863192572, -0.02470507099116917]], "inverted": false, "swapped": false, "error_lsq": 0.04249342185434671, "error_max": 0.25123637886774014, "target": "1068.xyz", "model": "24.xyz", "model_rescale": 4.28219845311461, "target_rescale": 3.6721915121502606},
{"mapping": [6, 0, 2, 8, 5, 14, 13, 4, 9, 1, 11, 3, 15], "R": [[-0.40269544465500917, -0.2914719732582285, -0.8676868488452845], [-0.8934975674444539, -0.08065089087465582, 0.4417663757824587], [-0.1987422346280443, 0.9531733958761539, -0.2279517527218698]], "T": [0.10806802056066409, 0.03184403263173595, 0.08135040156276976], "aligned_model": [[-0.14986066264603007, -0.4636010962815015, 0.20829113486487996, -0.21870787416268725, -0.15584137865123368, 0.6203000750053097, 0.5157943854780264, -0.31519187321952247, 0.3078498252450783, -0.49845394406596766, 0.46047812631249074, -0.4187204727030621, 0.05740104401807086], [-0.3544535576890493, 0.21035713031712855, 0.3285521541507079, -0.5693215005353415, -0.6130239465333648, -0.20705748250835831, 0.4607258539544332, 0.6252640615092234, 0.0358275373686167, -0.12546037759610612, -0.3612011134517277, 0.25470154660148453, 0.0537618614753301], [-0.6909475338563517, -0.47261861096362634, -0.5275006823417977, -0.03596785485336053, 0.5710215150351452, -0.4292267359569336, 0.029043120738734135, 0.02345131115593109, 0.7270632216971693, 0.21274228789900035, 0.21476592447074921, 0.6037235983215439, 0.03196835319368274]], "inverted": true, "swapped": false, "error_lsq": 0.04058469104016386, "error_max": 0.21440220388235787, "target": "1068.xyz", "model": "25.xyz", "model_rescale": 4.100010024507729, "target_rescale": 3.6721915121502606},
{"mapping": [11, 7, 1, 2, 4, 3, 9, 5, 6, 10, 8, 12], "R": [[0.28290121047100464, 0.011247218505227113, -0.9590831065084693], [0.15654290092918008, -0.9870649158992966, 0.03460017296765049], [-0.9462881301605326, -0.15992608254006005, -0.28100253173356404]], "T": [0.06478015323342992, 0.06884426700386367, -0.014090941707976621], "aligned_model": [[-0.7074482938812502, -0.07343046683329016, 0.4869447125965697, 0.5499163701940047, -0.5419496045730593, 0.028207695109326428, -0.3023705473844368, 0.7282753481745567, 0.1096019391393057, 0.03539835507897468, -0.4793831000813932, 0.04300319482369859], [-0.31039790215082896, -0.6027347892287827, -0.12558750122592038, -0.43256462872192836, 0.48698636135932294, 0.6568696320494882, 0.10214707971357781, 0.24235444425707278, -0.1510136305558983, 0.6493072485456239, 0.09316791463031524, 0.05759716137859709], [0.17149361090464935, 0.09966894717905812, 0.529674482392882, -0.06698174301727611, -0.02626031899936757, 0.3755510686730385, 0.4939662024614715, -0.3627628483726191, -0.6464657808055623, -0.5391607117969984, -0.42784604072305366, -0.03568457804186613]], "inverted": false, "swapped": true, "error_lsq": 0.048263742890820305, "error_max": 0.2537813221972881, "target": "1068.xyz", "model": "26.xyz", "model_rescale": 3.6694154284099745, "target_rescale": 3.6721915121502606},
{"mapping": [11, 2, 4, 12, 3, 10, 8, 0, 7, 6, 9, 1, 13], "R": [[-0.028715623605533216, -0.9567390645993402, -0.2895268126279936], [0.8234461154759186, -0.18684229574004946, 0.5357484964329888], [-0.566667369687514, -0.22302537701384545, 0.7931883593064555]], "T": [0.06734852182050376, 0.056110770009820274, 0.06168375828564163], "aligned_model": [[-0.026180904154575788, -0.39191728387911695, 0.26253247345507, -0.2915890964390114, -0.033374170064831246, 0.40735345339248574, 0.6677626005670867, -0.29935516402596907, 0.26483041219060294, -0.5724024949080742, 0.4837029300183976, -0.5503137130720314, 0.028688246113818608], [-0.5154830541560707, 0.06631636636451231, 0.6459470566477821, -0.6408314857170712, -0.5102985658865028, 0.01175320748480356, 0.27487969304800874, 0.5963198138181934, 0.004683303842401662, -0.14182723986419904, -0.48298961706862636, 0.3711125354026635, 0.05909015314708134], [-0.5713314199663311, -0.4394154451874893, -0.4763933273427855, -0.06147504869927681, 0.6290166622163064, -0.43260337794815495, 0.06221741140579372, -0.04144693019938758, 0.6570698879677958, 0.21244719100808593, 0.0914043722833954, 0.6084139523326689, 0.019613986669265518]], "inverted": true, "swapped": false, "error_lsq": 0.034872011809459605, "error_max": 0.20784009480383314, "target": "1068.xyz", "model": "27.xyz", "model_rescale": 4.103607728864725, "target_rescale": 3.6721915121502606},
{"mapping": [13, 11, 7, 12, 3, 4, 1, 5, 0, 10, 2, 9, 14], "R": [[-0.4931115710839913, -0.46326765296762823, 0.7363586491492738], [0.37874172637503206, -0.876318527217828, -0.2976920280377653], [0.7831958140628298, 0.13209436236510047, 0.6075815963850612]], "T": [-0.17364369423038487, -0.00923904556535279, -0.04481698038080677], "aligned_model": [[-0.10455635535506583, -0.5153240784743286, 0.07799671053660637, -0.04634877742321958, -0.012121080903873843, 0.5691880769821537, 0.6392563326795918, -0.08946669946298076, 0.22044179507683234, -0.6273746339652996, 0.41598538373024474, -0.545393878781455, -0.03254550544535498], [-0.3795491699924247, 0.162542824814483, 0.601849670614526, -0.8571224727012412, -0.43083924911826077, -0.2997145512603015, 0.31900878282269446, 0.6780865802566569, 0.13043207605839727, -0.1547947454486751, -0.4221698254801094, 0.3818866601370264, 0.009055586360205498], [-0.5720454738327773, -0.6156118099745969, -0.33348449363734883, 0.0019089788719861417, 0.5549284375384383, -0.47543772698159975, 0.14040651025458611, 0.19106037763004619, 0.5338714901138989, 0.1360615668947055, 0.10732252025715998, 0.5707692513349887, 0.017768286070399333]], "inverted": true, "swapped": false, "error_lsq": 0.04596816730130011, "error_max": 0.32685979276186733, "target": "1068.xyz", "model": "28.xyz", "model_rescale": 4.137296879288765, "target_rescale": 3.6721915121502606},
