[{"mapping": [5, 9, 6, 4, 3, 1, 10, 8, 13, 11, 7, 14], "R": [[-0.1828185319207872, -0.6549761182608567, -0.7332009744226128], [-0.6968136455234788, 0.61242687990392, -0.37334174717466223], [0.6935619134573409, 0.4426506537655743, -0.5683592797890274]], "T": [-0.09803688160139198, -0.09223303139231832, 0.04649739947258849], "aligned_model": [[-0.23853470937339863, 0.21954838359477305, 0.41253706648090427, -0.11394534103306264, -0.1802249511689858, -0.4495911911760234, 0.3765916422026525, -0.24111660687141792, 0.5931517711810818, 0.16957744090636775, -0.5824390213488905, -0.12791202093345164], [-0.3625056597136984, -0.6137571196704827, -0.33819097141683097, 0.6681155151784419, 0.30779325263407936, -0.615859517243226, -0.2627343856145373, -0.4438369566488012, 0.07645456653959666, 0.3198222642948594, 0.31461580986881643, 0.003638237768839883], [-0.6834534791401922, -0.0001208353749226343, -0.5656306484606293, -0.03771973471626036, -0.5972823651605991, -0.14053013175693457, 0.5080591798181981, 0.679547383450953, 0.014327269888419397, 0.519330409590081, 0.47475131884440125, 0.010673378371047405]], "inverted": true, "swapped": true, "error_lsq": 0.03882769646855168, "error_max": 0.2237752917332192, "target": "1069.xyz", "model": "0.xyz", "model_rescale": 3.751011558992144, "target_rescale": 4.20989924366275},
{"mapping": [4, 6, 10, 9, 5, 11, 12, 8, 1, 7, 0, 2, 13, 3, 14], "R": [[-0.1576769684824742, 0.7722174698138493, 0.6154820492300921], [0.9016275010953032, 0.3667860963865002, -0.22920691256197329], [-0.40274784031552047, 0.5187948908883447, -0.7540862273701426]], "T": [0.06559187232842859, -0.07541510328592041, 0.019216702134703674], "aligned_model": [[-0.32636403512206, -0.3171536575553934, 0.3192508813013283, 0.6940686023065418, 0.5033288601460735, 0.31045721573618323, 0.3720392595730675, -0.12332750282588961, -0.6300684915812809, -0.2699416117427159, -0.4128307576667457, 0.19051782342123533, 0.6599038757068988, 0.15572294581608628, 0.10450558091328518], [-0.6458311196233673, 0.23404218059070428, -0.46925268943116194, -0.10318044140527345, -0.4775584374963562, 0.3491332570762352, 0.601332519288424, -0.6674620842474912, -0.03937308311217215, 0.49439979972448467, 0.17275656408995524, -0.2825698797730032, 0.0451125189359526, 0.4190685903456596, -0.04005522546754942], [-0.36362805077460497, -0.5477645974509132, -0.6538381329530746, -0.17683356491288188, 0.21092772227196385, -0.6104900885530604, 0.010398637260927199, 0.25204301973102733, -0.0018351458279283125, -0.02982696383314625, 0.5530960228803788, 0.8099243012573204, 0.41892726394460766, 0.5943411719994515, 0.003750132760397616]], "inverted": false, "swapped": false, "error_lsq": 0.04494936173357746, "error_max": 0.3846250063565537, "target": "1069.xyz", "model": "1.xyz", "model_rescale": 3.9405287249114394, "target_rescale": 4.20989924366275},
{"mapping": [8, 7, 0, 13, 4, 1, 10, 11, 3, 6, 6, 9, 14], "R": [[-0.4897474898657763, 0.38873778705562845, -0.7804039525048964], [0.8080191694383088, 0.5385943982988621, -0.2387909042265064], [0.32749414955140377, -0.7475285994770902, -0.577882838448611]], "T": [-0.07811366884382508, -0.014121637801765827, -0.05708320474523142], "aligned_model": [[-0.2678096005617838, 0.19709882978882404, -0.3340988533444371, 0.34127654271323554, 0.5542002631960593, -0.7287656482988747, 0.09402988401010366, 0.5200902103048229, 0.059072718819583744, -0.25332550841446533, -0.25332550841446533, -0.41577249050192794, -0.016687560012743893], [0.6746920272035236, 0.4851238604377267, 0.43803536143683847, -0.2934000747736975, -0.19716862605107255, 0.0009138584901307173, 0.2873380482124602, 0.2813244668826149, -0.6466339827414672, -0.7168957089843924, -0.7168957089843924, -0.08591271279185571, -0.05168821476439973], [0.12839077899846402, -0.5655955892244856, -0.4781474400619875, 0.446253245118467, -0.4471452619692813, -0.15289741133986345, 0.5318742465149228, 0.08377759878165149, -0.45999302167840467, 0.3567902396017639, 0.3567902396017639, 0.4487365228777782, -0.1357137976321451]], "inverted": true, "swapped": true, "error_lsq": 0.054694380983850606, "error_max": 0.39981150830278467, "target": "1069.xyz", "model": "2.xyz", "model_rescale": 3.932901565614263, "target_rescale": 4.20989924366275},
{"mapping": [3, 2, 5, 4, 6, 9, 1, 13, 11, 10, 0, 7, 8, 14], "R": [[-0.4617996955915516, -0.5793261078495345, -0.6716563867897484], [0.43307754633246, -0.8081079037338155, 0.3992561267978174], [-0.774070332730952, -0.10650294215113598, 0.6240771132632132]], "T": [0.029950419761611703, -0.1321885160345102, 0.04534853123231758], "aligned_model": [[-0.10408327075464346, 0.45468313850343245, 0.08083624721946661, -0.1368233318392479, -0.5241238709476775, -0.16929320985665244, 0.44370494073202776, -0.6740581378320009, -0.22350771668935523, -0.2968270071211665, 0.6837549179292327, 0.48810927143063, 0.36677819128754197, 0.030659749991115696], [0.07606375799204107, 0.4126443933821615, -0.573183432928855, 0.5654675413225677, -0.6191620693493061, -0.6886489175649296, -0.6252402058659716, -0.09057918354840255, 0.34980072742647716, -0.2369308637333631, -0.04804960289996707, 0.4505582294489727, -0.26224285653439555, -0.04700087879654083], [-0.6756883972337224, -0.346591098881787, -0.6092882644439179, -0.22099346405699422, -0.3441899784620856, 0.2055822128648979, -0.09052513889460162, 0.14471045026458168, 0.4557427198200846, 0.636641841150694, 0.15817485076583407, 0.22992786201054272, 0.6891515532042058, -0.018758785050635135]], "inverted": false, "swapped": true, "error_lsq": 0.044055228115414326, "error_max": 0.32901701861030136, "target": "1069.xyz", "model": "3.xyz", "model_rescale": 3.9243930471874484, "target_rescale": 4.20989924366275},
{"mapping": [12, 3, 6, 13, 9, 4, 11, 5, 1, 0, 8, 7, 14], "R": [[-0.3314738666652088, 0.9398579490369596, 0.08241426666576493], [-0.41123709685627263, -0.0653125210045031, -0.9091855282445171], [-0.8491225623472978, -0.33526304632642817, 0.408153848298265]], "T": [0.04967992298505752, -0.011346716273749072, -0.019120319204244438], "aligned_model": [[-0.16907992138011396, -0.22156816842126875, 0.6399706935661426, 0.34865809696585487, 0.656217863914844, -0.5382589389804517, -0.1711611775572983, 0.2745687771245131, 0.2656105754486726, -0.2921714699521055, 0.1462241319632582, -0.6237119032119449, -0.0380926731687497], [-0.7683441748013508, -0.050837273195128166, -0.1437745273086113, -0.6459681476414532, 0.05453885087224632, -0.42736089402735566, -0.5585751359593082, 0.4051614354153731, 0.6092104696243511, 0.4684035274835312, 0.1786822926850014, 0.04352198642703556, -0.03682885589274421], [-0.3700613377343747, -0.7305226391785631, -0.5934908379630685, -0.14200183531088756, 0.033717672798595784, -0.27745269337254735, 0.32256420308435774, -0.6528088714728835, -0.051325273167033156, 0.29749740877210834, 0.6875745242190318, 0.3373985526101394, -0.07401855791391157]], "inverted": false, "swapped": true, "error_lsq": 0.05375668645017559, "error_max": 0.34724463421316987, "target": "1069.xyz", "model": "4.xyz", "model_rescale": 3.8936222436046832, "target_rescale": 4.20989924366275},
{"mapping": [10, 11, 8, 9, 0, 2, 4, 3, 6, 13, 1, 14], "R": [[-0.18693061319289153, -0.9823567797277886, -0.005665966305807513], [0.16465747053407062, -0.03701732001952812, 0.9856559417037434], [-0.9684755356996124, 0.18331632589985214, 0.16867205284198075]], "T": [-0.0859174779332593, 0.020142887884113173, -0.05348446941088565], "aligned_model": [[0.058607754858876426, -0.362215166723319, -0.3737826145976403, 0.40148674300763487, -0.6044512077475847, -0.6567592029005052, -0.40628860295751457, 0.031671656244869395, 0.7211498539646521, 0.324198959886032, 0.02509544140723781, -0.13116557222764177], [-0.45289589756586207, -0.60170907356027, 0.009362864719821843, 0.07389930908001632, 0.39157486558854154, 0.2476375016883802, -0.3136002373024645, 0.17552877865380329, 0.055517483382656704, -0.5537945213186781, 0.6273815515520851, 0.010020280191777076], [-0.5254261914722193, -0.09750461240188155, -0.7330923449154995, -0.4203201379787, -0.25455787364570026, 0.4497484596922298, 0.5559852884000565, 0.6835747632938719, 0.15453661501200955, 0.0446610063725415, -0.2808426973005149, 0.0425224442193244]], "inverted": true, "swapped": true, "error_lsq": 0.04703326066299074, "error_max": 0.25365587352675284, "target": "1069.xyz", "model": "5.xyz", "model_rescale": 3.6523030999806103, "target_rescale": 4.20989924366275},
{"mapping": [12, 3, 6, 13, 9, 4, 5, 11, 2, 0, 1, 8, 14], "R": [[0.4791323702131421, -0.5617499625958203, -0.6744398797057682], [0.23614498170564216, -0.6575518519982962, 0.7154446935639768], [-0.845380221810978, -0.5020583048383974, -0.18239994274564972]], "T": [0.13009747640809072, -0.018055828074943547, -0.08464801306480288], "aligned_model": [[0.13720944535101293, -0.40466413746627733, 0.34466520176174936, 0.5787566590357774, 0.5766268184809284, -0.24554080834365904, -0.20446988712510922, 0.382678835942351, -0.6071051268606931, -0.18459334403599037, -0.0065198308459352705, 0.4646696321824034, 0.04936944658773619], [-0.5814085853380223, 0.0031670161720994683, 0.444007681601371, -0.2363567115907098, 0.3984446442889506, -0.6053127734601955, 0.616435168998098, -0.6509873133390615, -0.29949203837825134, 0.003357486078770233, 0.5668746843275176, -0.04307718879513485, -0.07482516640224832], [0.5685316796635674, 0.4583141396225875, 0.5759122158698037, 0.42356634994439457, -0.03817287634592478, 0.23078926464708335, 0.24867026172323056, -0.10869878330373389, -0.1751103614262914, -0.6743772851993488, -0.3528763369273845, -0.742131711982395, -0.044306816803798936]], "inverted": true, "swapped": true, "error_lsq": 0.05180358644316712, "error_max": 0.3472701922034904, "target": "1069.xyz", "model": "6.xyz", "model_rescale": 4.08911054899281, "target_rescale": 4.20989924366275},
{"mapping": [10, 12, 4, 6, 3, 7, 2, 8, 11, 13, 1, 9, 0, 1, 14], "R": [[-0.0016668674443112985, -0.17090167289661473, -0.9852866789691526], [0.9972081731184291, -0.07383895674323818, 0.011120608475952976], [-0.07465307106026065, -0.9825173925525232, 0.17054762476523377]], "T": [0.04474636513044451, -0.07051318311868471, -0.09887555045319338], "aligned_model": [[-0.4666004096151106, -0.4994052069461884, 0.40045325573617974, 0.5358613461319238, 0.6425434604248471, 0.3593590480553824, 0.438056926308729, -0.02607295028135899, -0.5119450081858594, -0.29377167619663136, -0.011587023636865534, -0.05347395204640108, 0.7418600444643251, -0.011587023636865534, -0.013581842149491263], [-0.5013050309893905, 0.12614893604367838, -0.5966224608375775, 0.01831916450591374, -0.47983966976228576, 0.4076970378475452, 0.6151531593597573, -0.7327269484368256, -0.07390401489021249, 0.5754490411781527, 0.31871030489460683, -0.3684571207718722, 0.0657873073516885, 0.31871030489460683, -0.10255754089274513], [-0.36760916998644866, -0.5150786204854729, -0.4047041390056034, -0.10648185736881306, 0.21978084200638728, -0.6200500019026606, 0.060209371991120225, 0.048116037308683385, 0.08717358309023751, -0.16238037569652392, 0.5202186948311198, 0.6195529339606584, 0.5176557768019624, 0.5202186948311198, 0.05256995742469775]], "inverted": false, "swapped": false, "error_lsq": 0.04818653997224197, "error_max": 0.35818268333921166, "target": "1069.xyz", "model": "7.xyz", "model_rescale": 3.964800864290218, "target_rescale": 4.20989924366275},
{"mapping": [4, 13, 11, 3, 7, 6, 2, 10, 9, 1, 5, 0, 8, 14], "R": [[0.7740861159043544, -0.043259184905479954, -0.6316006080470664], [0.28925921782044767, 0.9116028852315898, 0.2920775317331749], [0.5631339006577505, -0.40878945994087773, 0.7181722546654336]], "T": [0.052726155882361056, -0.02753392454336271, 0.09540779335911803], "aligned_model": [[-0.27765269414893, 0.21069289049203183, 0.4248879232726537, -0.6724785627410802, 0.12438827920679295, -0.2240889729990554, -0.43810547152758644, 0.6797346503140784, 0.295127698972658, -0.061412097747619784, -0.5471731607764763, 0.09432950004531286, 0.6737178935656409, -0.020779986467547876], [0.1376416065579816, -0.5971114503773101, 0.05044267712903718, -0.13949647988702418, 0.6794475622042768, -0.7978422552140554, 0.5520402684388651, -0.27766992016137676, -0.4515621622019566, 0.06461002842479249, -0.29288838425697716, 0.5906277346752512, 0.28637756445829987, 0.006331676391397922], [-0.5746984492786666, -0.30190836474471405, -0.4706251705718362, -0.11140321778291681, -0.1849750691013632, 0.2562812588830271, -0.13704762940046533, -0.012641066340935203, 0.46481621329561135, 0.7366849391335306, 0.5373614549553598, 0.3472307107707491, 0.3417373471198868, 0.026002081787754205]], "inverted": true, "swapped": true, "error_lsq": 0.04334250982395959, "error_max": 0.2520677389645696, "target": "1069.xyz", "model": "8.xyz", "model_rescale": 4.121658175737393, "target_rescale": 4.20989924366275},
{"mapping": [8, 10, 11, 7, 9, 1, 13, 3, 12, 6, 0, 2, 14], "R": [[0.8074442779686509, -0.4111809199306351, 0.4230413562060816], [-0.2533935847244113, -0.8892946188373166, -0.3807187572572497], [0.5327526904635929, 0.20021321632696637, -0.8222464586800083]], "T": [-0.1018675991786291, -0.009082459728341274, 0.001301332473723632], "aligned_model": [[-0.5578174519287036, -0.24170015576919585, 0.28420746429130755, 0.14353981508196445, -0.5427249336544717, -0.651571122817757, 0.19686166000270233, 0.36018629214320164, 0.687424763819307, -0.1605982763013755, -0.3398855935751003, 0.308160527315132, -0.009345492171814143], [0.26486013256036484, -0.3156002658118015, 0.007946153340292712, 0.6738153939269138, -0.4317093617829554, 0.12578568121495656, -0.6098830014116912, -0.07134452304093279, -0.348240088265602, -0.7443025462410149, 0.6158965080126783, 0.5961078281469796, 0.027055528763521606], [-0.51047459326082, -0.5935733729449503, -0.5605119100504683, -0.23744236814218225, -0.04400150897095234, 0.3365490727496311, -0.23751180680198467, 0.6045077059718746, -0.07648227074059541, 0.39102423883281534, -0.0029626013915061977, 0.3119121921561201, 0.040042656552107335]], "inverted": false, "swapped": true, "error_lsq": 0.04140285293400994, "error_max": 0.22076833914040714, "target": "1069.xyz", "model": "9.xyz", "model_rescale": 3.833441315466971, "target_rescale": 4.20989924366275},
{"mapping": [10, 0, 8, 2, 9, 13, 5, 11, 12, 1, 6, 7, 3, 4, 14], "R": [[0.7482151548233928, -0.38196309407851636, -0.542474217686493], [0.6366202575212578, 0.6435323295607174, 0.4249479833152796], [0.1867852505048866, -0.6633025972903486, 0.7246660849120126]], "T": [-0.002190848652020072, -0.028143284424039402, 0.05873063334907751], "aligned_model": [[-0.2985858381885955, -0.2536094123707581, 0.2695843925114859, 0.6806097798206809, 0.6860883309897741, 0.34636563598240194, 0.26217407672290105, -0.24593546983240314, -0.5954347866584058, -0.4786939327357033, -0.3193555022426142, 0.16048679640150335, 0.6974184231196314, 0.23608530172171965, 0.08291119318499618], [-0.4806958378592336, 0.272798128766644, -0.6666007209244937, 0.07461306300851714, -0.45707557724428793, 0.25620927367383267, 0.5683575480352383, -0.6560949574952949, -0.07979724684834769, 0.5267604692930987, 0.29834359522716114, -0.4903150478220438, -0.018860086905844686, 0.5019497570173962, -0.05902989042730072], [-0.5602203663890025, -0.4980870507703005, -0.29633229409411005, -0.14095584527989408, 0.07283685822669926, -0.5995539108543732, -0.11940735971784695, 0.1664447780851004, 0.15045606872725548, -0.04439825631426082, 0.5627568905751235, 0.5102250648753531, 0.5733008801012673, 0.6047511674580779, 0.08737510317137584]], "inverted": true, "swapped": false, "error_lsq": 0.044099752763302184, "error_max": 0.2767623461955161, "target": "1069.xyz", "model": "10.xyz", "model_rescale": 4.2482417240324, "target_rescale": 4.20989924366275},
{"mapping": [5, 1, 8, 7, 6, 13, 9, 11, 2, 12, 3, 14], "R": [[-0.4308122433554314, -0.6822837218041394, 0.5906688868868519], [0.39973243352457855, 0.442539029616741, 0.8027285897826189], [-0.8090826858631812, 0.581934816132327, 0.08207970034945128]], "T": [0.05230764032158003, -0.0019000571605615468, 0.04110377972722223], "aligned_model": [[-0.7097009424514023, -0.26738431704456117, 0.5395120493619527, 0.6357987987611504, -0.6513987039241498, 0.015248368423449177, -0.19711339322172375, 0.609701320790103, 0.15975811978618903, 0.09611932125581996, -0.4077192129164079, 0.05394419354258744], [-0.2062829651479565, -0.4941046031427434, -0.2567479084699217, -0.3450513514126986, 0.4186863787604843, 0.7081262990433285, 0.1408508022407545, 0.3713330540116533, -0.400701503380653, 0.676627458876439, 0.05366419393390562, -0.0002684652619522271], [-0.01533880276948043, 0.3382336570750858, 0.5335810347844925, -0.3129556635315806, 0.19533167206683555, 0.08259306184874984, 0.5818739483855558, -0.08131916530501795, -0.6373276878233506, -0.4896895574627441, -0.5643020348654723, -0.06548817254871692]], "inverted": false, "swapped": true, "error_lsq": 0.05273835507302654, "error_max": 0.3468408525131705, "target": "1069.xyz", "model": "11.xyz", "model_rescale": 3.6694154284099745, "target_rescale": 4.20989924366275},
{"mapping": [3, 6, 9, 13, 12, 2, 4, 0, 10, 8, 1, 11, 5, 14], "R": [[0.1290410399192531, -0.03117246483638797, 0.9911491751762609], [-0.5484029677042088, 0.8305084627233543, 0.09751860518950983], [-0.8261976730963205, -0.5561330513293696, 0.09007460346463161]], "T": [0.0008498926972437051, 0.08084973679706021, 0.06384549091473801], "aligned_model": [[-0.18143301392445974, -0.04280637050625479, -0.0399155883314796, 0.5704603897983337, 0.6123517350163149, -0.24435175017083025, 0.31241355092517575, -0.3625381758681859, 0.49066746637581093, 0.03667749159594561, -0.5977856488305283, 0.624138306535607, -0.5871158876315037, 0.007502345271864144], [-0.3471323424248627, 0.5123174730005029, 0.6868598272989388, 0.2906429390086706, -0.27364449168210975, -0.6731686747739027, -0.5826917165910146, -0.13935894309403707, 0.5025056574885436, 0.35067153597266065, 0.33434231917489865, -0.10108988244895466, 0.18962503740186504, -0.018891450194945023], [-0.5401682290128819, -0.6487634727438454, -0.014327272313821388, -0.3086633956461065, -0.43058343120271547, 0.11064126587396245, -0.15550888800669796, 0.5803013998092564, 0.286707002929004, 0.7499664642867199, 0.16450047490481573, 0.27214233653505915, -0.45391834864603275, 0.026769552885698808]], "inverted": false, "swapped": true, "error_lsq": 0.052403208388742066, "error_max": 0.2985338393637418, "target": "1069.xyz", "model": "12.xyz", "model_rescale": 3.9764082729961374, "target_rescale": 4.20989924366275},
{"mapping": [9, 12, 2, 8, 7, 10, 11, 0, 5, 13, 6, 4, 3, 14, 15], "R": [[-0.9407103624041886, 0.2442438060173659, 0.23539111556626682], [0.22780977467907615, -0.05925955503485286, 0.9719007211118531], [0.25132990396299604, 0.9679014765766312, 0.00010495107717128915]], "T": [0.014659212780074052, -0.025210435297888505, -0.01431095760653301], "aligned_model": [[-0.3624370155751941, -0.3384150520921951, 0.4639539274044242, 0.6814945524787298, 0.42778454094675233, 0.31603213318406026, 0.5093742655257804, -0.05451723722779629, -0.7275057109822539, -0.2090998325975047, -0.3635183074187492, -0.11866396499244695, 0.7408674062152295, 0.20846569762387368, 0.05629358593390509], [-0.3949502390555523, 0.22279673858297933, -0.5744668048849301, 0.027411851336113614, -0.580531511043625, 0.3769815763858142, 0.5943364012963608, -0.7478178886354885, -0.3590341197163346, 0.5440383065428355, 0.28284001512622625, -0.4282308818326925, 0.09585553268809723, 0.5710169460638914, -0.03968345335865503], [-0.30169578426775023, -0.48446469856453056, -0.3786064609891665, -0.2428155775312431, 0.2889705370197672, -0.6416568331355385, -0.05862159518129879, -0.0016215664659698144, 0.18712607844411394, 0.004880334985850263, 0.5736903084711857, 0.5650534973980452, 0.3936205789248752, 0.48143090639330527, 0.08390200229881853]], "inverted": false, "swapped": false, "error_lsq": 0.03908504901537364, "error_max": 0.229583797259734, "target": "1069.xyz", "model": "13.xyz", "model_rescale": 4.170626492500431, "target_rescale": 4.20989924366275},
{"mapping": [3, 5, 4, 2, 11, 8, 7, 6, 13, 1, 9, 0, 10, 14], "R": [[-0.25171389762205715, -0.8326123002219097, -0.4933526844591941], [0.4941012382831391, 0.3277658939981703, -0.8052536774573891], [0.8321683003281134, -0.44645971402889284, 0.3288915378635608]], "T": [0.0030374597376116082, 0.0394248412527061, 0.11476778488287663], "aligned_model": [[0.03371311404266276, 0.10154323043704483, -0.10429912503314276, -0.6013727715003433, 0.07192440701086597, -0.24679785808158905, -0.6323166954460548, 0.6874592764744355, 0.6448933856814948, -0.20417010922626846, 0.396370981764385, -0.6330910386462817, 0.3597622197673298, -0.030435995152895225], [-0.5298602962432953, -0.7332569763372685, 0.0746902000389913, -0.1703926732002551, 0.6275642117065883, 0.5418791419226914, 0.36997135431230843, -0.43222447518553525, 0.2327729238699666, -0.3199813552343786, 0.004073196472592425, 0.09426443191504683, 0.5844875904685999, 0.012087193419613302], [-0.39139595196666666, 0.25215279251010525, -0.6420087535247067, -0.3558938113950628, -0.22335159816013428, 0.5943211186868811, -0.15100830937653853, 0.18544671290234888, -0.12579336315998962, 0.6253034212430063, 0.5828062841601701, 0.31377182943221726, 0.32221963345207455, 0.017303096317161287]], "inverted": true, "swapped": true, "error_lsq": 0.056562527366747835, "error_max": 0.37244796562623084, "target": "1069.xyz", "model": "14.xyz", "model_rescale": 3.9786697098870705, "target_rescale": 4.20989924366275},
{"mapping": [8, 9, 11, 7, 13, 12, 1, 5, 4, 0, 6, 14], "R": [[-0.4494531975554227, 0.8218681301439051, -0.35003514089440696], [-0.7392917621994676, -0.5621719788609304, -0.37068902941359294], [-0.501437447296482, 0.0921707265749095, 0.8602703317047735]], "T": [0.008151313178622263, -0.0489457846560989, -0.01346101759860005], "aligned_model": [[-0.13743588665483936, -0.5608944996421601, 0.4637564113401015, 0.5976538908027836, 0.021972221783342558, 0.5307016420244803, -0.464645465773189, -0.4030577560709804, 0.710388136915641, 0.10932063293358277, -0.4803326401245013, 0.0959279092330753], [-0.6173402777402578, 0.06163137077468483, 0.02543968162035406, -0.5345408786011793, 0.5567224305928389, 0.6288124357374546, -0.3803533944201369, 0.1606981977952578, 0.22025851013824294, -0.6919239348549157, 0.6079898528377707, -0.022719503655675214], [-0.46132425311852276, -0.21089604679139085, -0.5153263827195724, -0.029490608851659182, -0.38790349941824975, -0.12137565387624236, 0.30179543151252597, 0.6288564431673208, 0.12749290429349847, 0.14020525721270177, 0.14685369583672864, 0.04107920662669148]], "inverted": true, "swapped": true, "error_lsq": 0.05947559609065705, "error_max": 0.3387334603353871, "target": "1069.xyz", "model": "15.xyz", "model_rescale": 3.769337070930944, "target_rescale": 4.20989924366275},
{"mapping": [13, 5, 11, 4, 10, 9, 8, 1, 7, 2, 14], "R": [[0.9918643861760748, -0.1266720404887305, 0.012618779417209652], [0.09606939793209406, 0.6798115129939029, -0.7270673817342556], [0.08352071728932726, 0.7223645208337425, 0.6864501357157081]], "T": [-0.01281897647194964, -0.02855746191962922, -0.028741439583803853], "aligned_model": [[-0.237766504589932, -0.24464406387680493, -0.06494842079407658, -0.651794131188941, 0.3563012526451121, 0.32724644020988636, 0.6699718986222357, 0.3131724126789839, -0.00783995805827917, -0.43094044810075766, -0.10613234685625589], [0.09961704356464968, -0.7761588854596174, 0.6152457969356061, 0.37662182094358226, 0.25931810807342764, -0.3664232277603175, 0.2373762812511258, -0.5243736015209014, 0.5243678828827215, 0.14958026952078035, 0.0008930091942848453], [-0.6922187055140108, 0.08512013772252111, -0.24732307809433468, 0.08534632241366016, -0.5269985390149774, -0.40982315233617567, 0.060282576195240835, 0.25524869512726867, 0.49834641318425205, 0.622640812866675, 0.01359612467365759]], "inverted": true, "swapped": true, "error_lsq": 0.04450748935437367, "error_max": 0.2422409261578552, "target": "1069.xyz", "model": "16.xyz", "model_rescale": 3.7852294659196426, "target_rescale": 4.20989924366275},
{"mapping": [9, 13, 3, 6, 10, 11, 7, 4, 5, 1, 0, 2, 14], "R": [[-0.3287571468042819, -0.09999478653596859, 0.9391058412611083], [0.5541674118745733, 0.7847664820873039, 0.2775608909925069], [-0.764733429399647, 0.6116719801151131, -0.20258373750306752]], "T": [-0.05454764222085118, 0.10426925352670241, -0.07383082589602916], "aligned_model": [[-0.10044268683612154, -0.44855673829517817, 0.4375131050415878, 0.1963648896307208, -0.6626118005297851, -0.6616274115589112, -0.20139161705775538, -0.11667538028384333, 0.6623018883192641, 0.38981134680931273, 0.0983033286955744, 0.287152950059175, -0.026376023777757072], [-0.1777550913056038, -0.4817028042917542, -0.20161111956479616, -0.662891197442842, -0.017881327018760107, 0.15275731991033578, 0.7429864575107781, 0.06198901773548585, -0.19718269737083477, 0.28958017101379463, 0.7528423930590722, 0.50663339301884, 0.10729110844915829], [-0.615473650039447, 0.01904412409290704, 0.42169082893180354, -0.28451911606901453, -0.36144069973258575, 0.23289561386866983, 0.31866122813011954, 0.6876335809342274, -0.2182908213288652, -0.5221157569734182, -0.1309177795210655, 0.5196346404063208, 0.02895250444352168]], "inverted": true, "swapped": true, "error_lsq": 0.051710118759012914, "error_max": 0.31272371880894156, "target": "1069.xyz", "model": "17.xyz", "model_rescale": 3.901054581598922, "target_rescale": 4.20989924366275},
{"mapping": [4, 6, 10, 9, 5, 11, 12, 8, 1, 7, 0, 2, 13, 3, 14], "R": [[-0.1576769684824742, 0.7722174698138493, 0.6154820492300921], [0.9016275010953032, 0.3667860963865002, -0.22920691256197329], [-0.40274784031552047, 0.5187948908883447, -0.7540862273701426]], "T": [0.06559187232842859, -0.07541510328592041, 0.019216702134703674], "aligned_model": [[-0.32636403512206, -0.3171536575553934, 0.3192508813013283, 0.6940686023065418, 0.5033288601460735, 0.31045721573618323, 0.3720392595730675, -0.12332750282588961, -0.6300684915812809, -0.2699416117427159, -0.4128307576667457, 0.19051782342123533, 0.6599038757068988, 0.15572294581608628, 0.10450558091328518], [-0.6458311196233673, 0.23404218059070428, -0.46925268943116194, -0.10318044140527345, -0.4775584374963562, 0.3491332570762352, 0.601332519288424, -0.6674620842474912, -0.03937308311217215, 0.49439979972448467, 0.17275656408995524, -0.2825698797730032, 0.0451125189359526, 0.4190685903456596, -0.04005522546754942], [-0.36362805077460497, -0.5477645974509132, -0.6538381329530746, -0.17683356491288188, 0.21092772227196385, -0.6104900885530604, 0.010398637260927199, 0.25204301973102733, -0.0018351458279283125, -0.02982696383314625, 0.5530960228803788, 0.8099243012573204, 0.41892726394460766, 0.5943411719994515, 0.003750132760397616]], "inverted": false, "swapped": false, "error_lsq": 0.04494936173357746, "error_max": 0.3846250063565537, "target": "1069.xyz", "model": "18.xyz", "model_rescale": 3.9405287249114394, "target_rescale": 4.20989924366275},
{"mapping": [2, 10, 1, 12, 0, 14, 13, 6, 5, 11, 9, 8, 4, 7, 15], "R": [[-0.8345570548839677, -0.3760187302909917, 0.4026467889028159], [0.07251157525110638, 0.6495313254754883, 0.7568692943174923], [-0.5461287335399974, 0.6608471621308561, -0.5148052395863827]], "T": [0.20367967617266097, 0.007245941385305932, -0.013092071711118806], "aligned_model": [[-0.45105957007114245, -0.245234110390255, 0.3433920204268047, 0.6957832786846045, 0.46947838233164246, 0.2528288914116551, 0.26326198990825844, -0.11117028066790907, -0.5588121169515168, -0.3227432709988522, -0.26470700425975924, -0.04804249989324022, 0.7906901716729027, 0.24359604247197006, 0.1728470647514522], [-0.4521400453351409, 0.08095825816067154, -0.5752935936531518, 0.07203600957961129, -0.541134593396112, 0.5180735562341721, 0.6754519938814016, -0.656442807505448, -0.20436975046826628, 0.47669398285914844, 0.39295458647189757, -0.385024419873463, -0.05189848236623192, 0.2457000539165098, -0.0050022790105580354], [-0.3531013622401047, -0.65414350766293, -0.28994505609024324, -0.24498720677767685, 0.30519097030181785, -0.5930735064358824, 0.022691509292813945, 0.12354688637015776, 0.24203085383356426, -0.16043730898551445, 0.4568575060687732, 0.5827536006659821, 0.41886353240548196, 0.6480976657014927, -0.035152848647267906]], "inverted": false, "swapped": false, "error_lsq": 0.038191570580452465, "error_max": 0.22097525432858123, "target": "1069.xyz", "model": "19.xyz", "model_rescale": 4.410303926677745, "target_rescale": 4.20989924366275},
{"mapping": [4, 13, 11, 3, 7, 6, 2, 10, 9, 1, 5, 0, 8, 14], "R": [[0.7740861159043544, -0.043259184905479954, -0.6316006080470664], [0.28925921782044767, 0.9116028852315898, 0.2920775317331749], [0.5631339006577505, -0.40878945994087773, 0.7181722546654336]], "T": [0.052726155882361056, -0.02753392454336271, 0.09540779335911803], "aligned_model": [[-0.27765269414893, 0.21069289049203183, 0.4248879232726537, -0.6724785627410802, 0.12438827920679295, -0.2240889729990554, -0.43810547152758644, 0.6797346503140784, 0.295127698972658, -0.061412097747619784, -0.5471731607764763, 0.09432950004531286, 0.6737178935656409, -0.020779986467547876], [0.1376416065579816, -0.5971114503773101, 0.05044267712903718, -0.13949647988702418, 0.6794475622042768, -0.7978422552140554, 0.5520402684388651, -0.27766992016137676, -0.4515621622019566, 0.06461002842479249, -0.29288838425697716, 0.5906277346752512, 0.28637756445829987, 0.006331676391397922], [-0.5746984492786666, -0.30190836474471405, -0.4706251705718362, -0.11140321778291681, -0.1849750691013632, 0.2562812588830271, -0.13704762940046533, -0.012641066340935203, 0.46481621329561135, 0.7366849391335306, 0.5373614549553598, 0.3472307107707491, 0.3417373471198868, 0.026002081787754205]], "inverted": true, "swapped": true, "error_lsq": 0.04334250982395959, "error_max": 0.2520677389645696, "target": "1069.xyz", "model": "20.xyz", "model_rescale": 4.121658175737393, "target_rescale": 4.20989924366275},
{"mapping": [12, 3, 6, 13, 9, 4, 5, 11, 2, 0, 1, 8, 14], "R": [[0.4791323702131421, -0.5617499625958203, -0.6744398797057682], [0.23614498170564216, -0.6575518519982962, 0.7154446935639768], [-0.845380221810978, -0.5020583048383974, -0.18239994274564972]], "T": [0.13009747640809072, -0.018055828074943547, -0.08464801306480288], "aligned_model": [[0.13720944535101293, -0.40466413746627733, 0.34466520176174936, 0.5787566590357774, 0.5766268184809284, -0.24554080834365904, -0.20446988712510922, 0.382678835942351, -0.6071051268606931, -0.18459334403599037, -0.0065198308459352705, 0.4646696321824034, 0.04936944658773619], [-0.5814085853380223, 0.0031670161720994683, 0.444007681601371, -0.2363567115907098, 0.3984446442889506, -0.6053127734601955, 0.616435168998098, -0.6509873133390615, -0.29949203837825134, 0.003357486078770233, 0.5668746843275176, -0.04307718879513485, -0.07482516640224832], [0.5685316796635674, 0.4583141396225875, 0.5759122158698037, 0.42356634994439457, -0.03817287634592478, 0.23078926464708335, 0.24867026172323056, -0.10869878330373389, -0.1751103614262914, -0.6743772851993488, -0.3528763369273845, -0.742131711982395, -0.044306816803798936]], "inverted": true, "swapped": true, "error_lsq": 0.05180358644316712, "error_max": 0.3472701922034904, "target": "1069.xyz", "model": "21.xyz", "model_rescale": 4.08911054899281, "target_rescale": 4.20989924366275},
{"mapping": [5, 11, 6, 0, 7, 1, 2, 10, 9, 15, 14, 12, 13, 3, 16], "R": [[-0.050275822572598466, 0.8073401538817908, 0.5879406582256196], [0.21055962068852746, 0.5840217839135661, -0.7839535713611612], [-0.976287348991142, 0.08438265132444106, -0.19935541215453823]], "T": [0.09370650136131733, -0.004747362152414052, -0.03147915510642307], "aligned_model": [[-0.4122163345199277, -0.3921086479836461, 0.43300850085813736, 0.8385958796705631, 0.4825085595439882, 0.2828680702580243, 0.2919911081305793, -0.10044388820732922, -0.5216483359128641, -0.30964415060429595, -0.21739586473661374, -0.033659215873866166, 0.470786119586596, 0.2784376106730484, 0.139029577544221], [-0.43199252834777196, 0.19154596045698827, -0.5398647692084237, -0.06794962193690479, -0.5507156828108302, 0.42635095495921466, 0.6891063009571764, -0.7773077407633747, -0.25721421668002775, 0.5989520533027993, 0.2466330687393421, -0.2971472433067051, -0.07214639548745827, 0.4388373000996056, -0.006524970478589694], [-0.27485685754595945, -0.5894626695800492, -0.4240191433298923, -0.23451778842400928, 0.20631853285496438, -0.6705179044026587, -0.05393217897882699, 0.09732882929581982, 0.22375901439554818, -0.09752675333771124, 0.4703632332188432, 0.6342909175224152, 0.507035745200725, 0.6919749816304516, -0.017046230719196233]], "inverted": true, "swapped": false, "error_lsq": 0.03558583768667055, "error_max": 0.23518114864945605, "target": "1069.xyz", "model": "22.xyz", "model_rescale": 4.204369325754507, "target_rescale": 4.20989924366275},
{"mapping": [2, 10, 1, 12, 0, 14, 13, 6, 5, 11, 9, 8, 4, 7, 15], "R": [[-0.8345570548839677, -0.3760187302909917, 0.4026467889028159], [0.07251157525110638, 0.6495313254754883, 0.7568692943174923], [-0.5461287335399974, 0.6608471621308561, -0.5148052395863827]], "T": [0.20367967617266097, 0.007245941385305932, -0.013092071711118806], "aligned_model": [[-0.45105957007114245, -0.245234110390255, 0.3433920204268047, 0.6957832786846045, 0.46947838233164246, 0.2528288914116551, 0.26326198990825844, -0.11117028066790907, -0.5588121169515168, -0.3227432709988522, -0.26470700425975924, -0.04804249989324022, 0.7906901716729027, 0.24359604247197006, 0.1728470647514522], [-0.4521400453351409, 0.08095825816067154, -0.5752935936531518, 0.07203600957961129, -0.541134593396112, 0.5180735562341721, 0.6754519938814016, -0.656442807505448, -0.20436975046826628, 0.47669398285914844, 0.39295458647189757, -0.385024419873463, -0.05189848236623192, 0.2457000539165098, -0.0050022790105580354], [-0.3531013622401047, -0.65414350766293, -0.28994505609024324, -0.24498720677767685, 0.30519097030181785, -0.5930735064358824, 0.022691509292813945, 0.12354688637015776, 0.24203085383356426, -0.16043730898551445, 0.4568575060687732, 0.5827536006659821, 0.41886353240548196, 0.6480976657014927, -0.035152848647267906]], "inverted": false, "swapped": false, "error_lsq": 0.038191570580452465, "error_max": 0.22097525432858123, "target": "1069.xyz", "model": "23.xyz", "model_rescale": 4.410303926677745, "target_rescale": 4.20989924366275},
{"mapping": [0, 7, 3, 10, 4, 11, 14, 2, 12, 13, 6, 5, 8, 15, 16], "R": [[0.4751178158113254, -0.7700076668531387, 0.42585355943805536], [0.47877954381385696, 0.632279934054417, 0.60909131779852], [-0.7382636449968744, -0.08550016362281526, 0.6690713807183815]], "T": [0.13421211213063564, 0.07807252474591128, -0.0401787332612267], "aligned_model": [[-0.3414588983996196, -0.2730866426806188, 0.33208420635555624, 0.7381465948282745, 0.4325013821846613, 0.3637832399266467, 0.13915411695730376, -0.017235471172152184, -0.6231378451855201, -0.4205797491351613, -0.33211979431029404, -0.06899435124308118, 0.8374301937175055, 0.31355564493728366, 0.15006636164583054], [-0.4751101892103098, 0.1391970142745723, -0.7482135841432815, -0.06146949265376764, -0.4741967863929223, 0.4856214816563834, 0.7380989035031127, -0.8109406622993534, -0.12243473612226735, 0.5096336915275546, 0.3959509298273356, -0.21092026881139472, -0.12369007287815073, 0.3744130078943163, -0.025376766676787177], [-0.23540113414627625, -0.5620047749565029, -0.33572718143489355, -0.23911367806574804, 0.242498631124437, -0.4667023921764346, 0.10979041672497594, 0.09986816584670213, 0.1398038083256027, -0.05232673015110195, 0.46912074875093424, 0.4801983722526719, 0.3346316870631386, 0.5837863347694685, -0.09923054612650982]], "inverted": false, "swapped": false, "error_lsq": 0.04059949905231517, "error_max": 0.27202928315607294, "target": "1069.xyz", "model": "24.xyz", "model_rescale": 4.28219845311461, "target_rescale": 4.20989924366275},
{"mapping": [10, 8, 12, 9, 13, 5, 3, 14, 6, 1, 0, 2, 7, 4, 15], "R": [[0.7648708999557099, -0.5694891676249044, 0.3010890140121958], [-0.21416384094603483, -0.6656120415084883, -0.7149087070599602], [0.6075412378038089, 0.48233048644761833, -0.6310712687256645]], "T": [0.15169547523348711, -0.052395684316880964, 0.023461503884169607], "aligned_model": [[-0.37049803279311366, -0.37292210386736, 0.5191316460032946, 0.7272521894002464, 0.4925425038703972, 0.09380043825272719, 0.4504969713522542, -0.15206400565060388, -0.7368196334133398, -0.07193896065211627, -0.4117251475149236, -0.12304549537759826, 0.8451151036191294, 0.23616528620052984, 0.10461822899709146], [-0.40009009818620384, 0.14901441880015043, -0.6865620852309144, 0.04492570105825944, -0.41165734123318376, 0.3496526372213422, 0.6618417218297661, -0.7496002125907402, -0.1787085575632852, 0.5390390959563918, 0.237460822629383, -0.3827963852511302, 0.09848877138053996, 0.3459499259900285, -0.026395945315363215], [-0.4624678670812195, -0.3841613892285421, -0.19389427955576177, -0.3173268477434888, 0.3515938276137082, -0.7250610360272453, 0.04852020372914294, -0.01873622617423383, 0.10582104929073975, -0.07688757989792001, 0.5373628361246199, 0.5565025907412288, 0.34275620435480975, 0.6307787182047583, 0.07439152344986735]], "inverted": false, "swapped": false, "error_lsq": 0.042451606811181666, "error_max": 0.28173646895442356, "target": "1069.xyz", "model": "25.xyz", "model_rescale": 4.100010024507729, "target_rescale": 4.20989924366275},
{"mapping": [5, 1, 8, 7, 6, 13, 9, 11, 2, 12, 3, 14], "R": [[-0.4308122433554314, -0.6822837218041394, 0.5906688868868519], [0.39973243352457855, 0.442539029616741, 0.8027285897826189], [-0.8090826858631812, 0.581934816132327, 0.08207970034945128]], "T": [0.05230764032158003, -0.0019000571605615468, 0.04110377972722223], "aligned_model": [[-0.7097009424514023, -0.26738431704456117, 0.5395120493619527, 0.6357987987611504, -0.6513987039241498, 0.015248368423449177, -0.19711339322172375, 0.609701320790103, 0.15975811978618903, 0.09611932125581996, -0.4077192129164079, 0.05394419354258744], [-0.2062829651479565, -0.4941046031427434, -0.2567479084699217, -0.3450513514126986, 0.4186863787604843, 0.7081262990433285, 0.1408508022407545, 0.3713330540116533, -0.400701503380653, 0.676627458876439, 0.05366419393390562, -0.0002684652619522271], [-0.01533880276948043, 0.3382336570750858, 0.5335810347844925, -0.3129556635315806, 0.19533167206683555, 0.08259306184874984, 0.5818739483855558, -0.08131916530501795, -0.6373276878233506, -0.4896895574627441, -0.5643020348654723, -0.06548817254871692]], "inverted": false, "swapped": true, "error_lsq": 0.05273835507302654, "error_max": 0.3468408525131705, "target": "1069.xyz", "model": "26.xyz", "model_rescale": 3.6694154284099745, "target_rescale": 4.20989924366275},
