[{"mapping": [1, 3, 6, 2, 9, 4, 5, 7, 10, 11, 8, 12], "R": [[-0.0012822806637154405, -0.5377298498212226, -0.8431162223368407], [-0.6612192786820923, -0.6320438140638144, 0.4041159271827828], [-0.7501915896992137, 0.5580028904180622, -0.35474688586322356]], "T": [-0.17408180590846423, -0.11670480765794118, 0.018484945065996905], "aligned_model": [[-0.2264376668301108, 0.20255740318145582, 0.38031367115613735, -0.20422457434798952, -0.047638350954606, -0.4870876424490512, 0.3747583704221601, -0.3534245427596198, 0.6427632871755399, 0.150352115293651, -0.4908100840182116, -0.10347952340880559], [-0.36731834335028657, -0.7459428115076866, -0.23820433225709697, 0.7128119221174581, 0.3317452860629237, -0.6365913228203688, -0.30879195151676525, -0.4089143562507062, 0.14419651029101438, 0.40351400162494805, 0.19755818894144767, -0.03050775535782374], [-0.6478584276638812, -0.08265844447214929, -0.5025358018072763, -0.043499816577398376, -0.5562581074903601, -0.03685570305546166, 0.4583790178610376, 0.7192225907528946, -0.046895156918561415, 0.44673302664530073, 0.4434181109169332, 0.030760457162484448]], "inverted": true, "swapped": true, "error_lsq": 0.03653131308949037, "error_max": 0.18489137352624122, "target": "107.xyz", "model": "0.xyz", "model_rescale": 3.751011558992144, "target_rescale": 3.7823198704661865},
{"mapping": [5, 9, 4, 12, 13, 7, 11, 0, 8, 10, 6, 1, 14], "R": [[0.26580404264667223, 0.7461534667416964, 0.6104123319380388], [-0.24819474643508888, 0.6648119865847899, -0.7045739069361052], [-0.9315296982676979, 0.03577745886076411, 0.36190108411382027]], "T": [0.04958084939179952, 0.009112633389985497, 0.01571672086231469], "aligned_model": [[-0.16402387196282053, -0.5472908052489251, 0.5502501558948044, -0.4835834169344394, -0.46418896513570684, 0.1332863559415407, -0.4452859653333908, 0.4884966538307128, 0.48454636628807063, -0.1554965798141918, 0.18011137543733147, 0.6653637866931345, -0.0018219841718736945], [-0.15704778645415027, 0.13083047735720385, 0.5329862788022293, -0.14157301365470976, -0.4735965072147732, -0.006584735728658836, 0.5176286784806452, -0.5002360787915091, -0.08821956371957039, 0.7074828776415857, 0.5518923182128455, 0.10580630334244415, 0.01316544061407612], [-0.5471773943031008, -0.23551746407418894, -0.3012385111154759, 0.5106963214164549, -0.15902497867607815, 0.6733062619692644, 0.3807499474263828, 0.3670304332509432, -0.4759637593856398, -0.3620080441493044, 0.5177901624861615, 0.3274012693332029, 0.03429455439039753]], "inverted": true, "swapped": false, "error_lsq": 0.04298402946685783, "error_max": 0.2773783832157702, "target": "107.xyz", "model": "1.xyz", "model_rescale": 3.9405287249114394, "target_rescale": 3.7823198704661865},
{"mapping": [2, 9, 4, 11, 5, 6, 10, 0, 1, 8, 3, 7, 12], "R": [[-0.7581565299124045, -0.615237307969885, 0.2160595543667312], [-0.6281441532046597, 0.7780155272088243, 0.011258872802210575], [-0.17502456669274336, -0.12718055788501734, -0.9763152701612698]], "T": [0.07537490646876144, 0.08379744674845416, 0.059764534977505446], "aligned_model": [[-0.0037568639632677286, -0.691071184660314, 0.42110647708250876, -0.45189770933320783, -0.3836765010844163, 0.2100410700438009, -0.486768296374138, 0.23487910135191514, 0.7096718030296909, -0.2828647002158643, 0.16379183953997944, 0.723872469448086, 0.07703560061947338], [-0.3023667570887525, 0.2937690943986325, 0.5721790334356508, -0.15701321929942136, -0.45344479635668045, -0.12647578844505303, 0.6456056646847372, -0.7278966980245107, -0.19436685131935302, 0.6790741458507698, 0.5643375288454306, 0.33304928704196557, 0.06608404516424322], [-0.495919726185864, -0.07754316206126088, -0.30581559132678093, 0.47402061614000346, -0.10970185645028971, 0.5424713656093708, 0.34234844299272676, 0.19629663901110292, -0.3243167098807713, -0.28374646312598784, 0.3565192384168985, 0.44217045030350555, -0.02644444487363433]], "inverted": true, "swapped": false, "error_lsq": 0.04479666150588636, "error_max": 0.2518466908841327, "target": "107.xyz", "model": "2.xyz", "model_rescale": 3.932901565614263, "target_rescale": 3.7823198704661865},
{"mapping": [7, 0, 5, 1, 3, 10, 2, 11, 9, 4, 6, 12, 13], "R": [[0.1665697327815262, -0.3138164588945159, 0.9347586609644212], [-0.0367972889670069, -0.9493205709005018, -0.3121480629281943], [0.9853428254398413, 0.017597834868300133, -0.16967566873944684]], "T": [-0.01784137610786593, -0.04722006744890038, 0.0037399912799473897], "aligned_model": [[0.04908420506990471, -0.6668848248213186, 0.43260143979249555, -0.4888225896501339, -0.3293970388549494, 0.29881452909224115, -0.47032115775276206, 0.22523943683302092, 0.6154658149794455, -0.33729745531368205, 0.17411994594379365, 0.6635697876328701, 0.07419101253332044], [0.04975779287871976, 0.0906214271467705, 0.4769922360886151, -0.037272563628590036, -0.4244942741471885, -0.06315385545268956, 0.5981293947194465, -0.7965542726477216, -0.09730275422569999, 0.6858825475587051, 0.5072020966286067, 0.19299733347096631, 0.009729580497718035], [-0.7004324368492975, -0.08949440791255148, -0.19400331727513784, 0.5754447792344921, -0.1421459917740183, 0.6460954944111835, 0.273899151887009, 0.4245946760186073, -0.36532188102761265, -0.34801954855548234, 0.3536816657023449, 0.25093270230584896, 0.04510791240363363]], "inverted": false, "swapped": false, "error_lsq": 0.047458318081211176, "error_max": 0.26582698995733006, "target": "107.xyz", "model": "3.xyz", "model_rescale": 3.9243930471874484, "target_rescale": 3.7823198704661865},
{"mapping": [10, 4, 6, 7, 8, 1, 2, 9, 11, 3, 0, 5, 12], "R": [[0.9241102403420199, 0.32078857585175236, -0.20764140554816868], [-0.2887615177658931, 0.9421216804123141, 0.17036292188916963], [0.25027394900898553, -0.09747527327523675, 0.9632556885621625]], "T": [0.03604646252928091, 0.006473797293213832, -0.02181770427097378], "aligned_model": [[-0.10452187333256503, -0.545405213393419, 0.49907437594146264, -0.5547533840593055, -0.32178128582985066, 0.14032416070139947, -0.5234460912157353, 0.29081762662426464, 0.664565703574864, -0.12552412738771396, 0.09852014139360409, 0.6180901296455069, 0.10440294282173375], [-0.12216080291830579, 0.11178617989708439, 0.4421173666350474, -0.05758055722032769, -0.5072671641243585, -0.05227207814677129, 0.603493346519054, -0.6383362556855257, -0.31214009257574993, 0.623490804954197, 0.6643000885226858, 0.3654368006533198, 0.07166705237730937], [-0.7006559781627499, -0.07830239314376579, -0.36436163813782657, 0.5164864289575691, -0.08789263130241311, 0.6823380908235487, 0.4045040409633422, 0.10856266733501875, -0.3817938621003086, -0.23661604480375026, 0.5136110616512798, 0.303749234412105, 0.050709822076970015]], "inverted": true, "swapped": false, "error_lsq": 0.03245585120580552, "error_max": 0.22139166127700902, "target": "107.xyz", "model": "4.xyz", "model_rescale": 3.8936222436046832, "target_rescale": 3.7823198704661865},
{"mapping": [0, 9, 1, 4, 6, 10, 11, 5, 7, 8, 3, 12], "R": [[-0.20780112288114705, 0.9744487455049389, 0.0852545348540806], [0.5555878769849542, 0.1893126466999142, -0.8096189429273659], [-0.8050719249090024, -0.12087333942323542, -0.5807312903055848]], "T": [-0.0158290175169679, -0.10453844619819895, -0.07458331459887627], "aligned_model": [[0.1855802054313908, -0.6749971427273479, -0.31940837901215896, 0.3644038047529636, -0.6408453189980701, -0.6619599766289701, -0.15339470882894296, 0.03703590544007454, 0.6898089032773093, 0.31771708166307855, -0.028454605901375135, -0.08793772625285436], [-0.6214631512662318, -0.38255198834798876, 0.08509900350979839, 0.13850619496972288, 0.3284651439912954, 0.1584465962058338, -0.3501556456083015, 0.35970050759876626, 0.012560109740922545, -0.5543198586756789, 0.6286942407712063, -0.1340582477795374], [-0.523550856477825, -0.2633447073906229, -0.6921907787446016, -0.484058018285084, -0.19884759710106525, 0.42834174213142995, 0.6182581319546897, 0.48516421685519384, 0.23677907646171517, 0.1824962632318606, -0.17576614830861106, 0.006003394948438656]], "inverted": true, "swapped": true, "error_lsq": 0.040850625721088815, "error_max": 0.24187821798006465, "target": "107.xyz", "model": "5.xyz", "model_rescale": 3.6523030999806103, "target_rescale": 3.7823198704661865},
{"mapping": [10, 11, 2, 7, 9, 5, 3, 8, 6, 4, 0, 1, 12], "R": [[0.6281907795718651, -0.33854685739650847, -0.7005443382169616], [-0.7588553353174892, -0.06778332021510561, -0.6477221638641045], [0.17179908184001932, 0.9385048997461679, -0.2994889457582061]], "T": [0.05307881448587774, 0.024255093960851654, 0.026148312049889797], "aligned_model": [[-0.030136180274479965, -0.7945871466269868, 0.39420371966713713, -0.5035092307544312, -0.3467068450348424, 0.15936045499508306, -0.1734805307466713, 0.3147189205239155, 0.5606910389893265, -0.1563602124733544, 0.17483945670682477, 0.6214853576347815, 0.01984430287794417], [-0.17657323306932896, 0.1260908907374613, 0.5906546894397765, 0.07404247035348274, -0.557937561945886, -0.14850120909224304, 0.6174628350533463, -0.5722023356162688, -0.2017181192886773, 0.40385074497803786, 0.612784559566944, 0.36128474432725033, 0.06329621344376371], [-0.7231288658864768, -0.18753578189829198, -0.3467282513266588, 0.41927554939766504, -0.12840269257474413, 0.6763505902932405, 0.3079570094737241, 0.19786346071520022, -0.31132820343000644, -0.34958302500110205, 0.8173316944702026, 0.23992362042964396, 0.11834369390662322]], "inverted": true, "swapped": false, "error_lsq": 0.0488283957458792, "error_max": 0.3160544926976322, "target": "107.xyz", "model": "6.xyz", "model_rescale": 4.08911054899281, "target_rescale": 3.7823198704661865},
{"mapping": [7, 4, 0, 10, 5, 11, 8, 13, 2, 3, 9, 1, 14], "R": [[-0.7301837325487008, 0.6748271451839367, -0.10695812659235193], [0.6179216838383896, 0.7190251909618113, 0.318081070490937], [0.29155532813443297, 0.166165877620013, -0.9420108235849491]], "T": [-0.018796535856030215, 0.004678191477216029, 0.07340556337594356], "aligned_model": [[0.029901538833051, -0.617298301492061, 0.4799053034622893, -0.5273480693628902, -0.6205392197229636, 0.09031113049791184, -0.4432586767324435, 0.4417566872223184, 0.618590184988791, -0.13279013990055255, 0.19848182874604942, 0.6720041725869347, 0.05064666635781156], [-0.4926664221220214, 0.2447778663045953, 0.6628483188530242, -0.16250259285704605, -0.3978504646313248, -0.10692424680118298, 0.4515954941575461, -0.553737263934105, -0.10075408881417826, 0.7205738904121429, 0.6322574368225824, 0.1918286888600409, 0.10308807263758514], [-0.5178353328608212, -0.2111946340600302, -0.37688849831544297, 0.5557962987960854, -0.1640342247965534, 0.6392425327145241, 0.36537437817049323, 0.18275559868245442, -0.40904831592703955, -0.24432111594007921, 0.4899289252602161, 0.23376494538851667, 0.18679824145669544]], "inverted": true, "swapped": false, "error_lsq": 0.047804432986334223, "error_max": 0.38906101424997713, "target": "107.xyz", "model": "7.xyz", "model_rescale": 3.964800864290218, "target_rescale": 3.7823198704661865},
{"mapping": [10, 3, 11, 1, 5, 7, 0, 8, 9, 6, 2, 12, 13], "R": [[-0.6544356293771433, -0.4494558769588377, -0.6080324182713492], [0.09135474412114086, -0.8452604411808927, 0.5264875091597558], [-0.7505786552575977, 0.28900553842763166, 0.5942284754451367]], "T": [-0.005960652631474623, 0.19096520743160017, 0.07973856419422848], "aligned_model": [[0.010262333136437134, -0.6496490600165417, 0.528278446125372, -0.31009092437804564, -0.37675900669958995, 0.29118930071735677, -0.6056171880328559, 0.21968314109844492, 0.507944234251914, -0.10897778629000551, -0.01081040760579301, 0.731838700685949, 0.013071322491604326], [-0.23896111584002078, 0.2940608726070131, 0.4912810921349248, -0.134872672525157, -0.5020157706142825, -0.03975434992732094, 0.49574052947886055, -0.5413465298517435, -0.16339243514521845, 0.654133619178393, 0.5987708203203435, 0.1611757390138057, 0.1177148900580609], [-0.6202858527357467, -0.23806517040076047, -0.47841220329428086, 0.6834391066530188, -0.20549233815565598, 0.6841585804400538, 0.3260786038632682, 0.14188338856039368, -0.21041511090464993, -0.25398035302694516, 0.6015429238226409, 0.23923664914933512, 0.06065057459834736]], "inverted": true, "swapped": false, "error_lsq": 0.03660600171464999, "error_max": 0.23379581903885036, "target": "107.xyz", "model": "8.xyz", "model_rescale": 4.121658175737393, "target_rescale": 3.7823198704661865},
{"mapping": [0, 4, 10, 6, 1, 8, 9, 2, 3, 5, 7, 11, 12], "R": [[0.48842569377250955, 0.8695131011182247, 0.07339828776348195], [-0.2950321322271423, 0.08539351542459953, 0.9516638001295072], [0.821216404254292, -0.4864719051571188, 0.2982426912372782]], "T": [0.05543776125346931, 0.1236151186676175, 0.09467230377944401], "aligned_model": [[-0.1022095485397696, -0.7458521724382571, 0.5213887513143236, -0.3783353151798557, -0.35559749787929157, 0.24809457262755408, -0.6044544690565739, 0.23404237671702705, 0.7122327010446786, -0.07575159589201655, 0.14872381262868503, 0.6391334644199099, -0.0010519742821674671], [-0.10718714694062563, 0.126804442144609, 0.4271115499205212, -0.08748839846657379, -0.39659011876202105, -0.14947975426007892, 0.5297593079023084, -0.5469928698369265, -0.19889495006443952, 0.5953279148934546, 0.6545987592867251, 0.28487771183090543, 0.06068824123980038], [-0.6406520348816224, -0.28749544485823547, -0.42230005686803396, 0.5921240836627971, -0.09339215967383117, 0.7418630647912768, 0.3992686907611013, 0.06762109404883089, -0.20077930664285115, -0.2821490023118285, 0.5003384181233761, 0.2852655269139263, 0.07062592550411287]], "inverted": false, "swapped": false, "error_lsq": 0.03565514176644053, "error_max": 0.21717034432330606, "target": "107.xyz", "model": "9.xyz", "model_rescale": 3.833441315466971, "target_rescale": 3.7823198704661865},
{"mapping": [9, 13, 4, 10, 8, 12, 0, 11, 7, 5, 1, 6, 14], "R": [[0.041783674645143376, -0.5431279099372798, 0.8386096815445855], [0.629142129994419, 0.6663416962078217, 0.40021109949746403], [-0.7761664156604785, 0.5108823909101248, 0.36954685475419774]], "T": [0.07130077744926913, 0.09743558163070057, 0.03506985110720735], "aligned_model": [[-0.07809074317557582, -0.6368863898656374, 0.5703062510928228, -0.4837093743219467, -0.3552736275939369, 0.28733952744034275, -0.40760448427802276, 0.20810246864715812, 0.4612281798842104, -0.13972884882134387, 0.09225211403672165, 0.6426093056569286, 0.07981872678252575], [-0.3323394056804455, 0.40398895465844453, 0.6081903594728303, -0.3332605127678623, -0.5286513071232656, 0.043179227629422584, 0.41760524431204515, -0.5336374974319065, -0.38016118115093267, 0.6994844464506217, 0.6559860763670015, 0.4066454380731467, 0.06550484607855904], [-0.6364104243885182, -0.16538589700308365, -0.3199451827652306, 0.46194073231203525, -0.14825730746225768, 0.5948944342254867, 0.39833848324063914, 0.2549997199550031, -0.21746119607840086, -0.18951612947070062, 0.5179687217197384, 0.23312387989974492, -0.0539510356154366]], "inverted": true, "swapped": false, "error_lsq": 0.04297446069709255, "error_max": 0.22103949688705873, "target": "107.xyz", "model": "10.xyz", "model_rescale": 4.2482417240324, "target_rescale": 3.7823198704661865},
{"mapping": [7, 4, 3, 1, 11, 10, 5, 9, 0, 2, 8, 12], "R": [[0.7972331360427511, -0.5849524953261371, 0.14916402048471988], [-0.5491057877873422, -0.8053434289642472, -0.22339381200595315], [0.25080303150855776, 0.09619012234026142, -0.9632472682288193]], "T": [0.008741487199957952, -0.03010672476465987, -0.04792212624052719], "aligned_model": [[-0.6814435493335198, 0.05456825155519477, 0.2394481632770445, 0.6745412104194309, -0.3994508774051682, 0.20066921279228997, -0.2994977235893726, 0.5506682915283386, 0.04914718200947967, -0.016922545659384947, -0.49658772052939104, 0.0016257072980647323], [-0.34084101113650184, -0.6335983179750379, -0.29197154093376415, -0.2864634575143741, 0.5963412655110234, 0.6793030159971346, 0.17954179618665347, 0.37513605959496504, -0.32642497838651785, 0.5970786655212958, 0.036311133125766525, 0.08171876005999637], [0.14094900509279956, 0.022894780525004474, 0.6049398746648259, -0.0714534874603763, -0.032978663045054535, 0.3987114253424978, 0.5787084602022168, -0.34711877527859336, -0.6959279532641828, -0.5945742512448193, -0.3941551237941512, -0.044803001885810795]], "inverted": true, "swapped": true, "error_lsq": 0.0461356109757639, "error_max": 0.24803606019521096, "target": "107.xyz", "model": "11.xyz", "model_rescale": 3.6694154284099745, "target_rescale": 3.7823198704661865},
{"mapping": [4, 6, 1, 7, 11, 10, 5, 8, 3, 0, 12, 2, 13], "R": [[0.008046238189682114, 0.9197104954000812, -0.39251479297210234], [-0.6567205843511923, -0.2911508773243712, -0.6956646036149013], [-0.7540910635595833, 0.26337002730794257, 0.6016501446649789]], "T": [-0.05160219425540367, 0.06663835017034764, 0.12472905973096218], "aligned_model": [[0.02042035659637654, -0.5669936962800526, 0.587757755738582, -0.5125943084630659, -0.3247278351327522, 0.1506943486048284, -0.6189214335126281, 0.38247646241564337, 0.5703020289387034, -0.18061946598600748, 0.17468696139690063, 0.5943873673565504, -0.03650543618883243], [-0.02784276499941024, 0.0780937818856858, 0.4594017762834979, -0.01418253582515061, -0.5655919884490055, -0.003340186232361736, 0.597946180393244, -0.5529681810013349, -0.19301862690730065, 0.61090012583586, 0.6054219453656182, 0.05032159320276314, 0.1473935693355536], [-0.6057260865958837, -0.10785470190914365, -0.2669713864688221, 0.7018941777819376, -0.1411954260383441, 0.7228159267479326, 0.32580532085873465, 0.10856373687171389, -0.41105288474976853, -0.32009846591248703, 0.47153441702683063, 0.21824281873343834, 0.034381352222880565]], "inverted": false, "swapped": false, "error_lsq": 0.04371218708183328, "error_max": 0.225552658058292, "target": "107.xyz", "model": "12.xyz", "model_rescale": 3.9764082729961374, "target_rescale": 3.7823198704661865},
{"mapping": [5, 13, 4, 11, 12, 8, 14, 1, 0, 6, 3, 7, 15], "R": [[0.48180289896360473, -0.21785257154618531, 0.8487674732345608], [-0.11651984943182225, -0.9759296493747536, -0.18434870262536723], [0.8684981814826397, -0.010078518838837841, -0.4955898830881873]], "T": [0.018695969171815985, -0.023106095855824224, 0.01669582299546539], "aligned_model": [[0.1254999780638167, -0.5876122245784652, 0.4116658178677704, -0.42064603948480866, -0.36674700755385625, 0.15282723807492948, -0.4423920685283064, 0.10482609288553622, 0.6833541345987892, -0.3364466740959915, 0.16325293828871484, 0.6987955021077779, 0.053985417838339746], [-0.004052498289399811, 0.04124533584979469, 0.458591756245951, 0.11052181111600613, -0.5050981456439774, -0.12307283957828545, 0.5812341713817252, -0.6232555882794236, -0.1295154165445817, 0.5300052311937045, 0.5170997591194867, 0.26125983794715946, 0.07757127436949898], [-0.8146006162721958, -0.03555179528142273, -0.3430340743937326, 0.6645128347027073, -0.14557219782852615, 0.7034769304092593, 0.26363448432691255, 0.20570578779560728, -0.2553602614872541, -0.37266309692482574, 0.6457620867894639, 0.1829316191274472, 0.031097097605578657]], "inverted": true, "swapped": false, "error_lsq": 0.04944497765017392, "error_max": 0.2892604401747054, "target": "107.xyz", "model": "13.xyz", "model_rescale": 4.170626492500431, "target_rescale": 3.7823198704661865},
{"mapping": [12, 6, 8, 3, 11, 1, 2, 9, 10, 4, 0, 7, 13], "R": [[-0.8453235299871965, 0.3951552171829387, -0.3595559538974288], [-0.47006588006956457, -0.23027173747683244, 0.8520639619851474], [0.2539019457278954, 0.8892847020232079, 0.38040310290937895]], "T": [-0.026374692201330784, 0.13615558016980236, 0.05197168466266663], "aligned_model": [[0.09562666266019026, -0.8364662176740096, 0.501987162587652, -0.4611354642189391, -0.2997974927170996, 0.2860540198323636, -0.412503816747543, 0.24517315951721766, 0.3927435053639392, -0.12953057613398278, 0.19405975588988472, 0.7554900106414875, -0.09133760351691439], [0.06564638166448036, -0.003957339742560656, 0.4703358392448349, -0.1494257324971566, -0.4952017315002222, -0.06413827324332297, 0.6015843577544279, -0.593446036966323, -0.16510360241264796, 0.7004583431163833, 0.5087787418804012, 0.24369546394261393, 0.07330827764675032], [-0.6662554684889411, -0.1258185205261096, -0.34891932004236975, 0.5046304848642681, -0.11016272960543125, 0.7250876791816163, 0.3112254588099322, 0.27613609522614274, -0.1758684925542202, -0.36514267128057915, 0.4623605733760437, 0.2378548811475822, 0.005210828461084942]], "inverted": true, "swapped": false, "error_lsq": 0.0411809353561576, "error_max": 0.2604521816499077, "target": "107.xyz", "model": "14.xyz", "model_rescale": 3.9786697098870705, "target_rescale": 3.7823198704661865},
{"mapping": [10, 6, 11, 2, 5, 7, 1, 4, 8, 9, 3, 12], "R": [[0.8887580883494273, -0.2088903206319485, -0.4080121252361913], [0.03618874016102923, -0.8553694307185629, 0.516752853961891], [-0.45694576864112574, -0.4740337234190028, -0.752657022542464]], "T": [0.09200546310809041, 0.03484777453675184, 0.12467767542758522], "aligned_model": [[-0.15966757341212864, -0.5684445447195744, 0.5405949660778137, 0.5808771735760082, 0.0038841237210891777, 0.4397807371040824, -0.4651732464470495, -0.12345630007155362, 0.7025281255838646, -0.05428521714612819, -0.5344774249772316, 0.12119377747814469], [-0.2192010734761163, -0.24877192701201353, -0.05591388330416643, -0.6088923118299702, 0.4634583339574872, 0.7331417027014531, -0.24034269503476366, 0.38156360422884467, 0.10676786089470583, -0.6888672425534071, 0.4126908637885831, -0.020958742136197632], [-0.6574347378804094, -0.15271149197755696, -0.4667706971511091, -0.07394723250492481, -0.4585524876884569, 0.12930739660604385, 0.47593806588112325, 0.5770951725904949, 0.16634070949675123, 0.07713168474835909, 0.011623107183465028, 0.031947004570050216]], "inverted": false, "swapped": true, "error_lsq": 0.05168292390851625, "error_max": 0.2524474464843102, "target": "107.xyz", "model": "15.xyz", "model_rescale": 3.769337070930944, "target_rescale": 3.7823198704661865},
{"mapping": [1, 0, 3, 4, 6, 9, 10, 2, 5, 7, 12], "R": [[0.319243795438456, 0.8845598902137604, 0.3400547010395084], [-0.3132599650194384, -0.24015966365905944, 0.9187989607455962], [0.8944001304729722, -0.399846391225665, 0.2004277177282197]], "T": [-0.0943001531149821, -0.011431371929097843, 0.08162268856797698], "aligned_model": [[-0.2038811851992038, -0.47650879858662865, -0.19166265463721952, -0.6546234354946251, 0.3212321689144336, 0.362608470317765, 0.7025748811827237, 0.4158564113859641, 0.14408716842361316, -0.5095128267173572, 0.012455931101705245], [-0.01209334903479286, -0.6044792280428668, 0.6682772733198828, 0.15383106284735495, 0.31773626196487226, -0.3866173365741532, 0.3103008993709515, -0.6505549298230596, 0.5818512213290086, 0.2438796673711495, -0.026067045103005095], [-0.623751914050917, -0.025892292456767704, -0.1950436184357588, -0.09170756431873113, -0.47744855580556306, -0.3632312336209494, 0.049088293605570044, 0.23689683188880112, 0.43207533121355685, 0.6907188997893745, 0.11251342941516171]], "inverted": false, "swapped": true, "error_lsq": 0.04791917009834075, "error_max": 0.23366298690960358, "target": "107.xyz", "model": "16.xyz", "model_rescale": 3.7852294659196426, "target_rescale": 3.7823198704661865},
{"mapping": [2, 7, 3, 6, 11, 10, 5, 9, 8, 1, 4, 0, 12], "R": [[0.32430208399373917, -0.31709763381269956, -0.8912223341836227], [-0.8102301477067895, -0.5793623354862734, -0.08869268271354197], [-0.48821641314518693, 0.7508584253041835, -0.4448104754672153]], "T": [0.05004645672598622, 0.1222706448391974, 0.0034226685522800795], "aligned_model": [[-0.15841291205966657, -0.6370217403680456, 0.5343058787596816, -0.6400269927328618, -0.2335065098291737, -0.009160233295211026, -0.3457384022748932, 0.5244991340009598, 0.4277795609592085, -0.154232220046935, 0.18936341752542518, 0.6857013058222099, 0.05681281902354772], [0.10395742892337327, 0.05747972878948067, 0.5147936908962502, -0.10999615562260069, -0.5341693329168204, -0.17580433686931496, 0.5583892139333184, -0.5304999197133861, -0.3279652845433312, 0.7172394063534194, 0.6239072732780304, 0.2484837100821396, 0.04671926629709994], [-0.5712914679700231, -0.11972941188413258, -0.49045367391437433, 0.5106149433920995, -0.15972249746473915, 0.7496806322721615, 0.2955937650648083, 0.3133372254742685, -0.27731069446653484, -0.2768210633762089, 0.48377479203225593, 0.21733931288169966, 0.05532693652773885]], "inverted": false, "swapped": false, "error_lsq": 0.047145291558061055, "error_max": 0.31207745213543386, "target": "107.xyz", "model": "17.xyz", "model_rescale": 3.901054581598922, "target_rescale": 3.7823198704661865},
{"mapping": [5, 9, 4, 12, 13, 7, 11, 0, 8, 10, 6, 1, 14], "R": [[0.26580404264667223, 0.7461534667416964, 0.6104123319380388], [-0.24819474643508888, 0.6648119865847899, -0.7045739069361052], [-0.9315296982676979, 0.03577745886076411, 0.36190108411382027]], "T": [0.04958084939179952, 0.009112633389985497, 0.01571672086231469], "aligned_model": [[-0.16402387196282053, -0.5472908052489251, 0.5502501558948044, -0.4835834169344394, -0.46418896513570684, 0.1332863559415407, -0.4452859653333908, 0.4884966538307128, 0.48454636628807063, -0.1554965798141918, 0.18011137543733147, 0.6653637866931345, -0.0018219841718736945], [-0.15704778645415027, 0.13083047735720385, 0.5329862788022293, -0.14157301365470976, -0.4735965072147732, -0.006584735728658836, 0.5176286784806452, -0.5002360787915091, -0.08821956371957039, 0.7074828776415857, 0.5518923182128455, 0.10580630334244415, 0.01316544061407612], [-0.5471773943031008, -0.23551746407418894, -0.3012385111154759, 0.5106963214164549, -0.15902497867607815, 0.6733062619692644, 0.3807499474263828, 0.3670304332509432, -0.4759637593856398, -0.3620080441493044, 0.5177901624861615, 0.3274012693332029, 0.03429455439039753]], "inverted": true, "swapped": false, "error_lsq": 0.04298402946685783, "error_max": 0.2773783832157702, "target": "107.xyz", "model": "18.xyz", "model_rescale": 3.9405287249114394, "target_rescale": 3.7823198704661865},
{"mapping": [3, 2, 14, 8, 1, 7, 5, 4, 12, 10, 9, 13, 15], "R": [[-0.43440318051156196, 0.3066703588477779, 0.846904462005966], [0.8246853965148879, 0.5135143935136104, 0.23705898934533387], [-0.3621986658403389, 0.8014089210000874, -0.4759788522665208]], "T": [0.06379686370651236, 0.019925471143182133, 0.07381061526868839], "aligned_model": [[0.026905711635754698, -0.6941665406934605, 0.5035395731913623, -0.39916611634977484, -0.32619705973700264, 0.2826979779228169, -0.5548522844783035, 0.3629505491712496, 0.40475186960622744, -0.1431620256282766, 0.10203708325298935, 0.639355267000615, 0.035669100590049525], [-0.0737697352355185, 0.350601699520283, 0.4090599570862453, -0.14580150491591218, -0.359005378256225, -0.028968849589841993, 0.4384904125552014, -0.5759498315081641, -0.27565524971684097, 0.5643501240009414, 0.4994144053891104, 0.34748589417662623, 0.04228274538175386], [-0.7719368920137807, -0.1935281073095142, -0.4311048859599196, 0.6486775599086347, -0.3001353367484664, 0.7411315249787463, 0.43896710778911785, 0.3739851058222826, -0.23686732668597832, -0.45408506801783466, 0.6718389544812012, 0.18679972550353108, 0.056596436820999095]], "inverted": false, "swapped": false, "error_lsq": 0.0440412633459777, "error_max": 0.25764787122633703, "target": "107.xyz", "model": "19.xyz", "model_rescale": 4.410303926677745, "target_rescale": 3.7823198704661865},
{"mapping": [10, 3, 11, 1, 5, 7, 0, 8, 9, 6, 2, 12, 13], "R": [[-0.6544356293771433, -0.4494558769588377, -0.6080324182713492], [0.09135474412114086, -0.8452604411808927, 0.5264875091597558], [-0.7505786552575977, 0.28900553842763166, 0.5942284754451367]], "T": [-0.005960652631474623, 0.19096520743160017, 0.07973856419422848], "aligned_model": [[0.010262333136437134, -0.6496490600165417, 0.528278446125372, -0.31009092437804564, -0.37675900669958995, 0.29118930071735677, -0.6056171880328559, 0.21968314109844492, 0.507944234251914, -0.10897778629000551, -0.01081040760579301, 0.731838700685949, 0.013071322491604326], [-0.23896111584002078, 0.2940608726070131, 0.4912810921349248, -0.134872672525157, -0.5020157706142825, -0.03975434992732094, 0.49574052947886055, -0.5413465298517435, -0.16339243514521845, 0.654133619178393, 0.5987708203203435, 0.1611757390138057, 0.1177148900580609], [-0.6202858527357467, -0.23806517040076047, -0.47841220329428086, 0.6834391066530188, -0.20549233815565598, 0.6841585804400538, 0.3260786038632682, 0.14188338856039368, -0.21041511090464993, -0.25398035302694516, 0.6015429238226409, 0.23923664914933512, 0.06065057459834736]], "inverted": true, "swapped": false, "error_lsq": 0.03660600171464999, "error_max": 0.23379581903885036, "target": "107.xyz", "model": "20.xyz", "model_rescale": 4.121658175737393, "target_rescale": 3.7823198704661865},
{"mapping": [10, 11, 2, 7, 9, 5, 3, 8, 6, 4, 0, 1, 12], "R": [[0.6281907795718651, -0.33854685739650847, -0.7005443382169616], [-0.7588553353174892, -0.06778332021510561, -0.6477221638641045], [0.17179908184001932, 0.9385048997461679, -0.2994889457582061]], "T": [0.05307881448587774, 0.024255093960851654, 0.026148312049889797], "aligned_model": [[-0.030136180274479965, -0.7945871466269868, 0.39420371966713713, -0.5035092307544312, -0.3467068450348424, 0.15936045499508306, -0.1734805307466713, 0.3147189205239155, 0.5606910389893265, -0.1563602124733544, 0.17483945670682477, 0.6214853576347815, 0.01984430287794417], [-0.17657323306932896, 0.1260908907374613, 0.5906546894397765, 0.07404247035348274, -0.557937561945886, -0.14850120909224304, 0.6174628350533463, -0.5722023356162688, -0.2017181192886773, 0.40385074497803786, 0.612784559566944, 0.36128474432725033, 0.06329621344376371], [-0.7231288658864768, -0.18753578189829198, -0.3467282513266588, 0.41927554939766504, -0.12840269257474413, 0.6763505902932405, 0.3079570094737241, 0.19786346071520022, -0.31132820343000644, -0.34958302500110205, 0.8173316944702026, 0.23992362042964396, 0.11834369390662322]], "inverted": true, "swapped": false, "error_lsq": 0.0488283957458792, "error_max": 0.3160544926976322, "target": "107.xyz", "model": "21.xyz", "model_rescale": 4.08911054899281, "target_rescale": 3.7823198704661865},
{"mapping": [9, 5, 15, 6, 10, 0, 8, 13, 14, 11, 1, 2, 16], "R": [[0.327690402705854, -0.7160784322074547, 0.6163202729926944], [-0.8903431528585537, -0.015810609137894394, 0.45501548852382956], [-0.31608237871220496, -0.6978407436987346, -0.6427365139010165]], "T": [0.08984529428507451, -0.0006531163448759841, 0.06484162348326164], "aligned_model": [[-0.13476901246923975, -0.5057451932439102, 0.4654410494057124, -0.4743053791623846, -0.5334841886119808, 0.10805471926105584, -0.3954635597504089, 0.3923016655355269, 0.4793719487138348, -0.14037180283975392, 0.17103830279687635, 0.7021405233563877, 0.10615403249253048], [-0.15442855351130275, 0.10358706969590817, 0.5055862713365123, -0.0933460894082203, -0.4701555595122814, -0.10094074136180416, 0.4500017338454057, -0.5694224381752352, -0.15837920981140613, 0.6871474973197672, 0.6779179509692115, 0.34139588902741536, -0.02642913152631153], [-0.5935269204858984, -0.2986621711700226, -0.3014322207774286, 0.5430739508565012, -0.14049522373628634, 0.8327545139140595, 0.2701402845963188, 0.21232575165602485, -0.42014708862908046, -0.17974667201021718, 0.4685090401012769, 0.2361625496819815, 0.10138300457178998]], "inverted": false, "swapped": false, "error_lsq": 0.03820766255489099, "error_max": 0.21565091785105678, "target": "107.xyz", "model": "22.xyz", "model_rescale": 4.204369325754507, "target_rescale": 3.7823198704661865},
{"mapping": [3, 2, 14, 8, 1, 7, 5, 4, 12, 10, 9, 13, 15], "R": [[-0.43440318051156196, 0.3066703588477779, 0.846904462005966], [0.8246853965148879, 0.5135143935136104, 0.23705898934533387], [-0.3621986658403389, 0.8014089210000874, -0.4759788522665208]], "T": [0.06379686370651236, 0.019925471143182133, 0.07381061526868839], "aligned_model": [[0.026905711635754698, -0.6941665406934605, 0.5035395731913623, -0.39916611634977484, -0.32619705973700264, 0.2826979779228169, -0.5548522844783035, 0.3629505491712496, 0.40475186960622744, -0.1431620256282766, 0.10203708325298935, 0.639355267000615, 0.035669100590049525], [-0.0737697352355185, 0.350601699520283, 0.4090599570862453, -0.14580150491591218, -0.359005378256225, -0.028968849589841993, 0.4384904125552014, -0.5759498315081641, -0.27565524971684097, 0.5643501240009414, 0.4994144053891104, 0.34748589417662623, 0.04228274538175386], [-0.7719368920137807, -0.1935281073095142, -0.4311048859599196, 0.6486775599086347, -0.3001353367484664, 0.7411315249787463, 0.43896710778911785, 0.3739851058222826, -0.23686732668597832, -0.45408506801783466, 0.6718389544812012, 0.18679972550353108, 0.056596436820999095]], "inverted": false, "swapped": false, "error_lsq": 0.0440412633459777, "error_max": 0.25764787122633703, "target": "107.xyz", "model": "23.xyz", "model_rescale": 4.410303926677745, "target_rescale": 3.7823198704661865},
{"mapping": [2, 8, 1, 15, 5, 13, 9, 12, 0, 10, 11, 7, 16], "R": [[-0.21579136183377562, -0.5256797014299486, 0.8228577882370957], [-0.9463751625681109, 0.3201023051009529, -0.04368713704556709], [-0.24043323362652305, -0.7881594799109992, -0.5665655252433889]], "T": [-0.011836616167036896, 0.11563057321771333, 0.13898979090988567], "aligned_model": [[0.0395323893919587, -0.740498245057686, 0.5546522624600424, -0.6192727240379534, -0.2530649561448664, 0.3311594161638682, -0.4739998848590813, 0.359743033702538, 0.48220865650940226, -0.2467074687716089, 0.13357738898544017, 0.6438685118585589, 0.029164725283633692], [-0.3290749270324257, 0.3216287506335389, 0.6161477094598498, -0.07463970328219821, -0.4438713020724715, -0.15341259026391416, 0.4893750221416646, -0.5968337196739091, -0.2524047115356266, 0.6363112768175877, 0.6665929425194552, 0.17652678199414515, 0.1361891591819625], [-0.6563039878244468, -0.18089088799748126, -0.2670992341697662, 0.46168591355474914, -0.01711457471209088, 0.6904933011599945, 0.33682857274702016, 0.16132876897385057, -0.2978798793680572, -0.17327809692227064, 0.4147010916026376, 0.2299476576388948, 0.027920153885985385]], "inverted": true, "swapped": false, "error_lsq": 0.03686543806339461, "error_max": 0.1946831600094147, "target": "107.xyz", "model": "24.xyz", "model_rescale": 4.28219845311461, "target_rescale": 3.7823198704661865},
{"mapping": [5, 11, 3, 14, 10, 2, 12, 6, 1, 9, 13, 4, 15], "R": [[-0.14379659522340194, 0.11238658095997742, 0.9832048594378914], [-0.8511499766514176, 0.4927984473381842, -0.18081318410825648], [-0.5048428037007643, -0.8628551134003908, 0.02479509690140755]], "T": [0.08323991276133763, 0.14809497035515157, 0.06626614344874515], "aligned_model": [[-0.0986545571842124, -0.43799464306818797, 0.5966243724135474, -0.4280199411525049, -0.43034344916949313, 0.21840030614911138, -0.577339114590941, 0.15116522430066454, 0.48669159439962684, -0.1370610696507355, -0.01221867997352695, 0.7674189299775032, 0.14169413303339498], [-0.02611599974480522, 0.11239672845428011, 0.45864468279056997, -0.16989670403126061, -0.45289543347524813, -0.04014976809760473, 0.4640542624856931, -0.7165378506657898, -0.07928440182094801, 0.6609198557682592, 0.5325352926227573, 0.33834481669370686, 0.11051920790804884], [-0.7472728049822448, -0.08708718903209298, -0.42367325847123916, 0.5327843978520979, -0.0026358425855946416, 0.7105297625457998, 0.2858679981123811, 0.3112015876512446, -0.3757777011399002, -0.314984165309396, 0.5089960302023537, 0.2404862381421812, 0.0919037455834287]], "inverted": true, "swapped": false, "error_lsq": 0.040466985308279864, "error_max": 0.2561970511919088, "target": "107.xyz", "model": "25.xyz", "model_rescale": 4.100010024507729, "target_rescale": 3.7823198704661865},
{"mapping": [7, 4, 3, 1, 11, 10, 5, 9, 0, 2, 8, 12], "R": [[0.7972331360427511, -0.5849524953261371, 0.14916402048471988], [-0.5491057877873422, -0.8053434289642472, -0.22339381200595315], [0.25080303150855776, 0.09619012234026142, -0.9632472682288193]], "T": [0.008741487199957952, -0.03010672476465987, -0.04792212624052719], "aligned_model": [[-0.6814435493335198, 0.05456825155519477, 0.2394481632770445, 0.6745412104194309, -0.3994508774051682, 0.20066921279228997, -0.2994977235893726, 0.5506682915283386, 0.04914718200947967, -0.016922545659384947, -0.49658772052939104, 0.0016257072980647323], [-0.34084101113650184, -0.6335983179750379, -0.29197154093376415, -0.2864634575143741, 0.5963412655110234, 0.6793030159971346, 0.17954179618665347, 0.37513605959496504, -0.32642497838651785, 0.5970786655212958, 0.036311133125766525, 0.08171876005999637], [0.14094900509279956, 0.022894780525004474, 0.6049398746648259, -0.0714534874603763, -0.032978663045054535, 0.3987114253424978, 0.5787084602022168, -0.34711877527859336, -0.6959279532641828, -0.5945742512448193, -0.3941551237941512, -0.044803001885810795]], "inverted": true, "swapped": true, "error_lsq": 0.0461356109757639, "error_max": 0.24803606019521096, "target": "107.xyz", "model": "26.xyz", "model_rescale": 3.6694154284099745, "target_rescale": 3.7823198704661865},
{"mapping": [9, 12, 7, 2, 11, 0, 6, 4, 8, 3, 1, 5, 13], "R": [[-0.35862305130862254, 0.7594449207182481, -0.5428009943481563], [0.6421800361668843, -0.22130435894594314, -0.7339136065370533], [-0.6774911868200152, -0.6117742991551536, -0.40833552218050845]], "T": [0.0778065437648994, 0.019094316994448676, 0.007229426285151892], "aligned_model": [[-0.07007352388048996, -0.6791253050255203, 0.38697543318760097, -0.37034177179318506, -0.6417305584065437, 0.22513358449345908, -0.3641947447883189, 0.4028920628303604, 0.5729975559929369, -0.16580142096726083, 0.1786597703386759, 0.7233018930249563, 0.04167013047757576], [-0.027805810439938808, 0.17763790586946027, 0.4819304917537967, -0.24567634522491005, -0.4094168636935685, -0.020174067954308553, 0.44890358362766775, -0.646964087648282, -0.2627743434118335, 0.6689099467340685, 0.7042269631526504, 0.3272057735322353, -0.003468457409379219], [-0.6566948157110161, -0.17067762829897107, -0.2865830953433711, 0.4444813329632779, -0.17937174163529754, 0.6504137545665732, 0.3090394444056587, 0.36249858760885445, -0.28206819230060304, -0.40656524163445606, 0.555014546157596, 0.3454328919015632, 0.04541895588921037]], "inverted": false, "swapped": false, "error_lsq": 0.04010474976000725, "error_max": 0.28282505676348746, "target": "107.xyz", "model": "27.xyz", "model_rescale": 4.103607728864725, "target_rescale": 3.7823198704661865},
{"mapping": [10, 11, 12, 7, 6, 1, 8, 0, 3, 13, 4, 2, 14], "R": [[0.058888758602424957, 0.41905267072498426, 0.9060502046070753], [-0.9472940781987085, 0.3097721080709318, -0.08170171645045277], [-0.31490640438061046, -0.8534846807175562, 0.41520820832508426]], "T": [-0.05591307164409664, -0.022819641365329296, -0.09674766464891754], "aligned_model": [[-0.049978883294487124, -0.6853499277221636, 0.5522171484467013, -0.5079893787409199, -0.5585264985130985, 0.22402473786005556, -0.4359980378640004, 0.41050571997909174, 0.6659571076840642, -0.14136902453532907, 0.17169330368079955, 0.5588821529233853, 0.03629468558014736], [-0.18993586265591517, 0.21153859656965926, 0.4893891228356423, -0.11010849122110827, -0.3956533901572694, -0.14658579419290743, 0.43445430485450975, -0.43801151621182, -0.1750031639640933, 0.615516524626787, 0.6721255895452548, 0.26851964826155394, -0.04371087940263483], [-0.5782164905306557, -0.24147739200944754, -0.4209596854204595, 0.4583099132796586, -0.19494135968386594, 0.745379163269031, 0.467801654161025, 0.24931729870892877, -0.23558019762649085, -0.16813920655436948, 0.4388414979380552, 0.18337544471695305, 0.026628158320656042]], "inverted": true, "swapped": false, "error_lsq": 0.03956540332661074, "error_max": 0.24917387353445045, "target": "107.xyz", "model": "28.xyz", "model_rescale": 4.137296879288765, "target_rescale": 3.7823198704661865},
