[{"mapping": [4, 8, 6, 3, 1, 5, 11, 9, 7, 10, 2, 12], "R": [[0.10750185771992776, -0.6463470289247113, 0.7554329015782691], [0.4077463939688546, -0.6643306830867867, -0.6264244740707687], [0.906744853193091, 0.3753668361878042, 0.19212888772435585]], "T": [-0.08608607459052553, -0.06595808829227291, 0.03671234075895184], "aligned_model": [[-0.20699804010324835, 0.3550436904091251, 0.3131680648050149, -0.08315721746650495, -0.12153821433661766, -0.7361739871757887, 0.4029305735302817, -0.19757893406347582, 0.5910975952020777, 0.11975225586345375, -0.543982583302659, -0.05492074090110961], [-0.44535053408103487, -0.706134378949125, -0.08511221024400702, 0.6241416575989996, 0.31470662998004173, -0.3544898672779875, -0.33050884739507025, -0.5464391824306994, 0.1580236297903287, 0.3402749626106613, 0.1906346622111364, -0.10619148583618637], [-0.44635437249088517, -0.05587618312493807, -0.5359230250424216, -0.0906317013149568, -0.7277393058914678, 0.016918115711673155, 0.6207539739633648, 0.5955693410285517, -0.011078850484878264, 0.49764063008816634, 0.27497930141385485, 0.04369382149749949]], "inverted": false, "swapped": true, "error_lsq": 0.041600704476193004, "error_max": 0.2778741350630314, "target": "1070.xyz", "model": "0.xyz", "model_rescale": 3.751011558992144, "target_rescale": 3.829293124735567},
{"mapping": [0, 3, 8, 2, 7, 1, 12, 9, 11, 4, 5, 10, 14], "R": [[-0.8906522907539706, -0.12328065585719927, 0.4376532610025019], [0.07011562415536432, -0.9882670569883799, -0.13569091097354452], [0.4492463647309891, -0.0901670891342595, 0.8888462183150954]], "T": [-0.03847365649866473, -0.013755911298674737, 0.018318044451482333], "aligned_model": [[-0.4432285545485774, -0.4994580859533053, 0.45547457897370525, 0.16943466606928292, -0.6828113983131815, -0.29077654403273306, -0.5836938470502046, 0.19250082185492706, -0.34193645569457687, 0.3927993918511501, 0.47393696361082127, 0.4386534839555718, -0.05922687020901701], [0.09587771779126886, -0.47592965473088517, 0.2049274623424673, -0.4121805876384134, 0.14274894145737807, 0.5825001866788053, -0.4542153789192354, -0.4593799899182665, -0.06142738499299699, 0.6433251704253983, -0.3654642585987819, 0.16950449183112817, -0.04983149466568766], [-0.6138674175584083, -0.3782858841662409, -0.36718289576336816, -0.6757784968730407, 0.02180076385157193, -0.23957237414230215, 0.2647029167053732, 0.44523676298935594, 0.7547749332281908, 0.10676000122081637, -0.04350947235179517, 0.6595816911799761, 0.0539785106401013]], "inverted": false, "swapped": false, "error_lsq": 0.045026703439444433, "error_max": 0.2411688387223937, "target": "1070.xyz", "model": "1.xyz", "model_rescale": 3.9405287249114394, "target_rescale": 3.829293124735567},
{"mapping": [10, 11, 3, 6, 9, 8, 5, 0, 2, 4, 7, 1, 12], "R": [[0.8640222165498441, 0.503149997379911, 0.017483976804205548], [0.414121231867841, -0.6905329843090868, -0.5930158538331403], [-0.28630266262219134, 0.5196193584902147, -0.8050009364327856]], "T": [-0.005579970747447274, -0.041340964395938706, 0.016661596748115282], "aligned_model": [[-0.3951959092614842, -0.45236091996957806, 0.2209044248222803, 0.2041720149622347, -0.7421875943587946, -0.33965328834435543, -0.5671849730690206, 0.05676621456133656, -0.26903061348712115, 0.315477057374634, 0.7440077276831611, 0.4726394975986831, -0.02668548799811303], [0.23273892941498386, -0.49025933278883904, 0.17019806344410743, -0.49496581494476233, 0.19586614069926386, 0.635262720261062, -0.38051511031358715, -0.772374097865332, -0.022952080252329143, 0.5745758300773888, -0.05700919737329824, -0.02579104010248051, -0.00431978919399835], [-0.6794466933740394, -0.3096409790443698, -0.46370881952748616, -0.19684318737820453, -0.21032541878373529, -0.16023453799803294, 0.32913079600648754, 0.42241213491564733, 0.6446944265441511, 0.11291443495005159, -0.24176178066385828, 0.6477643398157383, 0.0936843234978808]], "inverted": false, "swapped": false, "error_lsq": 0.05550294629505447, "error_max": 0.32021183859967184, "target": "1070.xyz", "model": "2.xyz", "model_rescale": 3.932901565614263, "target_rescale": 3.829293124735567},
{"mapping": [11, 10, 9, 12, 3, 8, 1, 6, 0, 7, 5, 4, 13], "R": [[-0.44533200512938065, -0.8083119187201417, 0.3851119931427848], [-0.8245225450950437, 0.5379054706826621, 0.17555704839070224], [-0.3490587025665411, -0.23935234835828678, -0.9060179222829625]], "T": [-0.13153856886044432, 0.006301778170715207, 0.05150151076611439], "aligned_model": [[-0.7157636058154337, -0.3042647682434354, 0.3681922320521308, 0.26731344055671036, -0.4743197485797682, -0.25579829265177134, -0.675374727614507, 0.15848967133723565, -0.3418866090950109, 0.3339369389354987, 0.5617929575186078, 0.364897236433829, -0.06554657432022286], [0.02227580987293907, -0.5650774141708393, 0.2504855509678044, -0.42487965054288623, 0.3739242866206875, 0.5802012638128459, -0.40821511148274686, -0.6090553611984403, 0.10237453109115649, 0.5313083958286816, -0.17351511783251156, -0.04767788430607845, -0.07169407759843333], [-0.6238758910423454, -0.34452490111452333, -0.4285363534807603, -0.43648359174822526, 0.14116885260469902, -0.38893648368362627, 0.33643413707591235, 0.11404326959175834, 0.6803687918825451, 0.18357403025670765, -0.009792568028865835, 0.768344653858446, -0.003144907211491743]], "inverted": false, "swapped": false, "error_lsq": 0.05008757885097354, "error_max": 0.27495381076366054, "target": "1070.xyz", "model": "3.xyz", "model_rescale": 3.9243930471874484, "target_rescale": 3.829293124735567},
{"mapping": [2, 7, 0, 1, 4, 3, 8, 9, 10, 6, 5, 11, 12], "R": [[-0.9114521021768018, -0.4093424733122558, -0.04115586203804139], [0.3533829941166967, -0.8301996123684512, 0.4311485394761214], [-0.21065499022479367, 0.37842746090351187, 0.9013418507578096]], "T": [-0.07173904123693403, -0.056817486882078744, 0.11310395203764499], "aligned_model": [[-0.43724110192832627, -0.5275273086276682, 0.19572002131157373, 0.18173405625125394, -0.6321039730732114, -0.19672064657369942, -0.49862968955579645, 0.1203522228795777, -0.3787257099881627, 0.35345759917184333, 0.6106186089655306, 0.4115394208860911, 0.01919465079485687], [0.16157104471357484, -0.4407781686407519, 0.1652875682461851, -0.5130928418668677, 0.044564871662788885, 0.5642796163034398, -0.44517248203141946, -0.6483619299438729, 0.23167590032836485, 0.5102091442244061, 0.06089939060120357, -0.08626070414226625, -0.0443661883926061], [-0.7053880657679157, -0.42331939671270935, -0.6630773075323967, -0.37446603192951156, -0.0544670179544174, -0.11398932638925259, 0.3646613829290507, 0.446065676429064, 0.6784874239076503, 0.25168653152666265, -0.19374108008873658, 0.7389706362387544, 0.037215614303987996]], "inverted": false, "swapped": false, "error_lsq": 0.047733986008881964, "error_max": 0.34379420552913986, "target": "1070.xyz", "model": "4.xyz", "model_rescale": 3.8936222436046832, "target_rescale": 3.829293124735567},
{"mapping": [11, 8, 9, 10, 5, 4, 6, 1, 3, 7, 2, 12], "R": [[-0.6654532657996457, 0.6855606772466842, 0.29526006985309405], [0.007182971208006594, -0.3896582471433252, 0.9209315150204256], [0.7464049544055902, 0.6149577288287864, 0.2543749905012867]], "T": [-0.0841873534499307, 0.044484808860263764, -0.058010632406543736], "aligned_model": [[-0.01380892213658691, -0.5660134455820077, -0.3930741185970271, 0.4795720885786172, -0.5425430718985071, -0.6051162755922604, -0.15091043914108257, 0.03135954547663608, 0.50900895831265, 0.3036624084461841, 0.08517307165503293, -0.10976175730655155], [-0.524342581954161, -0.5721298259743944, -0.021966085440889238, -0.039852227092968984, 0.5708005245453723, 0.05756454369844914, -0.31888088303855355, 0.22648060024057673, 0.2638953843206846, -0.5253533006057743, 0.5507142128811611, 0.0019925435303044595], [-0.6252066227506049, -0.0829865506331728, -0.7331307189480343, -0.36608879411916356, -0.19642485027345902, 0.2889385848975485, 0.5346067940714779, 0.7690777837164017, 0.24602863746228637, 0.13142701387004724, -0.27556300254831895, -0.07139355546948968]], "inverted": true, "swapped": true, "error_lsq": 0.048140537065659274, "error_max": 0.28365734083952626, "target": "1070.xyz", "model": "5.xyz", "model_rescale": 3.6523030999806103, "target_rescale": 3.829293124735567},
{"mapping": [0, 0, 2, 3, 5, 1, 7, 11, 9, 6, 4, 10, 12], "R": [[-0.4364749595086636, -0.8989978051718787, 0.03595213509730899], [0.8327178633755278, -0.4187808761058012, -0.3622202890829742], [0.34069131150824244, -0.12816210088868815, 0.9313988974432981]], "T": [-0.0459566813671619, 0.07735969207836016, 0.1430096402857982], "aligned_model": [[-0.5636378813141976, -0.5636378813141976, 0.5112463107409136, -0.09019886650245898, -0.7134941824144541, -0.11750408194237248, -0.3957606684657783, 0.18600090597283325, -0.11905067550391865, 0.18688810555145524, 0.4422527875737339, 0.5759777988587323, -0.11741352072642809], [-0.139842004897588, -0.139842004897588, 0.23453642989234585, -0.3894766657371693, 0.14672977226329012, 0.4449379853045514, -0.5079302733103115, -0.7086696464200003, -0.05325460275708141, 0.6747813139576562, -0.20191295227598097, 0.18101553534262085, 0.019382334597434006], [-0.6767423518135576, -0.6767423518135576, -0.34794039065938803, -0.36957903206657106, 0.026884678897572567, -0.441919444145206, 0.18649396760521658, 0.4638251010045997, 0.8503002801124665, 0.2502251848119752, 0.029917171576782975, 0.6024941450629612, 0.09142208038693597]], "inverted": true, "swapped": false, "error_lsq": 0.06437071206933274, "error_max": 0.46119126312374503, "target": "1070.xyz", "model": "6.xyz", "model_rescale": 4.08911054899281, "target_rescale": 3.829293124735567},
{"mapping": [7, 5, 13, 12, 6, 2, 4, 8, 3, 1, 11, 9, 14], "R": [[-0.06302422386146922, 0.35647149438682946, -0.9321781057803707], [-0.6951553218022395, 0.6545069520062493, 0.2972872825156071], [0.7160914926018075, 0.666744871345187, 0.20655326373167185]], "T": [-0.04180497425520093, -0.07971069975426603, -0.005569964231537059], "aligned_model": [[-0.5269725897547152, -0.4605923399416696, 0.28078115482648514, 0.23447871707307563, -0.4580033147865843, -0.23061690971592394, -0.553537694536208, 0.02717823347255261, -0.43447911938322326, 0.3575934339359107, 0.5291663532776961, 0.37523524099704897, 0.08143698504941851], [0.11862492333428945, -0.5975882474944441, 0.22621047556972246, -0.3790971326499512, 0.17997694630765515, 0.6711979292286996, -0.4898270797985045, -0.5177204679146254, 0.03161021883316259, 0.5194918079189204, -0.20634710579824067, 0.048980516025388054, -0.045057562499893074], [-0.575275440791172, -0.37559863537924126, -0.5871582603346367, -0.5904092615733079, 0.08653993901027734, -0.23057180253014553, 0.25285539736338297, 0.5126363010072014, 0.672564318266112, 0.1336540465854421, -0.055430035999871376, 0.6456391709556943, 0.0991933023804946]], "inverted": true, "swapped": false, "error_lsq": 0.04072863890245789, "error_max": 0.21536855982223135, "target": "1070.xyz", "model": "7.xyz", "model_rescale": 3.964800864290218, "target_rescale": 3.829293124735567},
{"mapping": [0, 2, 6, 4, 1, 3, 7, 12, 8, 10, 11, 9, 13], "R": [[-0.31458540826599374, 0.6961036701146261, 0.6453492863241315], [-0.8604916049291094, -0.49615035395421775, 0.11571095072477121], [0.4007370943057855, -0.5189166664543087, 0.7550730259539828]], "T": [-0.09996119585870995, 0.022463548741960382, -0.03716714442579026], "aligned_model": [[-0.5170804515371047, -0.4175629426060801, 0.25096878120016974, 0.22563089715835621, -0.837721226322382, -0.1319669855131172, -0.5116593059819475, 0.1293090965337348, -0.2413990388144827, 0.36346492874169245, 0.7082465092342252, 0.29654434897210497, -0.0951064605513057], [0.18854226086085363, -0.43594817616755915, 0.1007843688670667, -0.4680206541092603, 0.02618306249985694, 0.6233301000553018, -0.44281887229606137, -0.584781916934638, 0.11961321118491991, 0.5834257240184144, -0.1617306010139013, -0.037291570053033726, 0.04916828415021933], [-0.5953685063427737, -0.3943737354660319, -0.4923811858556692, -0.4225350604904401, 0.10000498772954643, -0.4420099690427232, 0.3104966295795906, 0.3493079708534005, 0.7122425306348658, 0.3445286479982198, -0.03964607923866319, 0.5223589099137991, 0.036013898687109636]], "inverted": false, "swapped": false, "error_lsq": 0.03973160296192793, "error_max": 0.26653530012166143, "target": "1070.xyz", "model": "8.xyz", "model_rescale": 4.121658175737393, "target_rescale": 3.829293124735567},
{"mapping": [4, 1, 5, 0, 6, 9, 2, 3, 8, 7, 10, 11, 12], "R": [[-0.24949589791612453, 0.8001505540006075, 0.5454455865212842], [0.09657397432677028, -0.5398909133718077, 0.8361765777282257], [0.9635482678131695, 0.2612984741460924, 0.057426849148850156]], "T": [-0.03272232628483891, -0.0013919995190554008, 0.044680382603680686], "aligned_model": [[-0.3576465150707447, -0.5477849780027341, 0.36113446625136764, 0.03519832210129713, -0.6531991148474566, -0.30079506052406835, -0.3546862472570434, 0.28478691613031765, -0.374208440210058, 0.2005060786033473, 0.677004818819018, 0.34998077836118385, -0.09862287384056358], [0.06410425416454264, -0.3394115213273777, 0.1633090679263629, -0.5457652450200254, 0.2970760571407494, 0.7097768449510202, -0.5654644440732645, -0.6457215581782862, 0.11483785775410592, 0.587751043612851, -0.25638582259086495, 0.01695357925392192, -0.04060489255155654], [-0.7788865120769881, -0.2641642116428985, -0.4019383492372575, -0.5191181614063458, 0.12283039285776381, -0.2952691737242365, 0.29066404414592323, 0.3713473265832883, 0.677476710028084, 0.27646885556080164, -0.043333027132087955, 0.550875846814181, 0.001685298190002446]], "inverted": false, "swapped": false, "error_lsq": 0.043921090656855864, "error_max": 0.23163680166135495, "target": "1070.xyz", "model": "9.xyz", "model_rescale": 3.833441315466971, "target_rescale": 3.829293124735567},
{"mapping": [3, 4, 7, 6, 2, 9, 5, 0, 13, 8, 12, 10, 14], "R": [[0.9727996694600248, 0.07257914691884884, -0.2199842506430827], [0.12298899812292449, 0.6429224130329118, 0.7559923790360968], [0.19630208720027847, -0.7624847790300279, 0.6165082743226923]], "T": [0.06974875903955874, -0.11905827709481535, -0.017422523640119057], "aligned_model": [[-0.4955767357087944, -0.4148907447168734, 0.21271725334621164, 0.15576484998676293, -0.5537838202442693, -0.2483390638779956, -0.4930115423658466, 0.08908758996736496, -0.39570353536630964, 0.20339153227727885, 0.5878430584811156, 0.555735677557236, 0.018433631177982204], [0.19344661383144462, -0.49469977297070916, 0.28333971691044846, -0.636123254935594, 0.21106282080662636, 0.6157074906160074, -0.4294625466341251, -0.4251429549542999, -0.05882329677395408, 0.6046423696428621, -0.42467598710290605, 0.1712891876801832, -0.05010516505380515], [-0.597999502069619, -0.5272564162611166, -0.5288419609301426, -0.44924958258107156, 0.11997266630348147, -0.1472282632844453, 0.19325551052783965, 0.5906573570512813, 0.6271024566304001, 0.23939715132568026, -0.052008207475279976, 0.578622112480611, -0.057784282757388325]], "inverted": false, "swapped": false, "error_lsq": 0.0454460655569427, "error_max": 0.2922309568580331, "target": "1070.xyz", "model": "10.xyz", "model_rescale": 4.2482417240324, "target_rescale": 3.829293124735567},
{"mapping": [9, 8, 7, 6, 2, 3, 10, 1, 4, 0, 5, 12], "R": [[-0.521296475766309, -0.8525245610929261, 0.038103242472787124], [0.2438789394474886, -0.191616179770292, -0.9506872790482723], [0.817785453066753, -0.4862973497599521, 0.3078016250263351]], "T": [-0.0994255734185874, 0.020503620232580184, 0.0450158413163926], "aligned_model": [[-0.7552591085437699, -0.006873344197533507, 0.3666962023535998, 0.5531040835718541, -0.4417281807740291, 0.22980731818886627, -0.21958390291775215, 0.6079779747093346, 0.09145718987596729, 0.07259970827766524, -0.5195728884337192, -0.10185944974747645], [-0.32993249080458, -0.7534095122273806, -0.17844081003297538, -0.20291579326966844, 0.483660313345615, 0.5905477445021177, 0.22218228533120168, 0.37922098829155315, -0.20661210192123947, 0.5391114606471177, 0.1532373529894966, -0.03051804680061826], [0.09688869138854023, -0.02905396167400088, 0.5491796385557546, -0.06439541403211585, 0.020623230475087705, 0.28815806719364345, 0.6489506802932079, -0.27349769366340293, -0.506249974967651, -0.7022120159995481, -0.5136564085701932, 0.05045745085503468]], "inverted": false, "swapped": true, "error_lsq": 0.047552731288834395, "error_max": 0.2562525107974898, "target": "1070.xyz", "model": "11.xyz", "model_rescale": 3.6694154284099745, "target_rescale": 3.829293124735567},
{"mapping": [7, 5, 10, 12, 6, 9, 0, 1, 4, 8, 2, 3, 13], "R": [[-0.12192462648676633, 0.9824062832166212, -0.1414647664705474], [0.5463901193964453, 0.18542167595053977, 0.8167475984131398], [0.8286086065700748, 0.02228669522825283, -0.5593845549653675]], "T": [-0.13375939229923883, 0.0014384631314472776, -0.03357252310326067], "aligned_model": [[-0.4134569789042863, -0.6810349190910227, 0.22641359323278387, 0.11719847487716073, -0.6905416902807092, -0.038769154028687594, -0.43403206102124325, 0.3325330203968297, -0.24857959741533253, 0.34446391155131595, 0.511736191126679, 0.34771113246438345, -0.15197377239400853], [0.22186324134399912, -0.41135980780691656, 0.11729797195686292, -0.5156035171575104, 0.03545212126403183, 0.7360991502761094, -0.5707151112597063, -0.5272030185907363, -0.010013071722191368, 0.5439704658892751, -0.06465768852092521, 0.09688814071918914, -0.09156365532930266], [-0.6857592261774674, -0.4514934220324175, -0.5438477253384125, -0.39614146797807304, 0.059655032740399, -0.3433091794543065, 0.271737935537531, 0.43502438658161524, 0.6974294143749422, 0.18904676839891355, 0.0390933141705047, 0.6737636016885948, 0.043439606448406665]], "inverted": false, "swapped": false, "error_lsq": 0.046299663268783056, "error_max": 0.23689676593218126, "target": "1070.xyz", "model": "12.xyz", "model_rescale": 3.9764082729961374, "target_rescale": 3.829293124735567},
{"mapping": [14, 3, 4, 7, 13, 6, 8, 2, 12, 5, 0, 9, 15], "R": [[0.11648984950239405, 0.09594857609989343, -0.9885464003815467], [0.9899643024163104, 0.06895953017861467, 0.12335016473006263], [0.08000496799760892, -0.9929946897853726, -0.08695257991430655]], "T": [-0.14347989249892426, -0.024483848754411314, 0.10221589221890644], "aligned_model": [[-0.7051767159661572, -0.43903363773061077, 0.34854224416809776, 0.28376691187509817, -0.6048403876798781, -0.2406813465265146, -0.4334437919693258, 0.1850615188883107, -0.32138941825300193, 0.4315050143413621, 0.559316454639936, 0.2892064567968098, -0.1311651520702629], [0.16386618722330956, -0.49741025027899477, 0.13882799610163965, -0.48409869537087924, 0.3739832074485414, 0.6010489016094968, -0.6690413238238109, -0.7247177497146347, 0.2244102717385227, 0.5822481681561601, -0.20587248533709743, 0.09250476628308253, -0.03529377297315668], [-0.43428106213319523, -0.5282062280577726, -0.39488287074330386, -0.3187924923114934, 0.15561106797699495, -0.32547495553951694, 0.09128726080283144, 0.29713264074460827, 0.6622279031421333, 0.16618871767015592, 0.11905009755241122, 0.502959343322429, -0.004180383466051596]], "inverted": false, "swapped": false, "error_lsq": 0.052852242514394944, "error_max": 0.31453960348060483, "target": "1070.xyz", "model": "13.xyz", "model_rescale": 4.170626492500431, "target_rescale": 3.829293124735567},
{"mapping": [6, 5, 3, 11, 4, 2, 12, 10, 8, 0, 9, 7, 13], "R": [[-0.11018166600809687, -0.9453677433474833, 0.3068221476910802], [0.03920207031334905, -0.31259502838566505, -0.9490772075609617], [0.9931380559412812, -0.09254284449190064, 0.07150261376006106]], "T": [-0.002494066267188677, 0.06501391340956801, 0.013663151108137572], "aligned_model": [[-0.3783383204444882, -0.5894589134833192, 0.31962541973547814, 0.10394582413020309, -0.6560529034110263, -0.2055282166559139, -0.45746617261452305, 0.14989196341965144, -0.2749137971618435, 0.1944046401006147, 0.6595326627901803, 0.38569978668279237, -0.02967382257394295], [-0.0030994434696370726, -0.49587931941335767, 0.21436726857804517, -0.4632601856422695, 0.24777951987374675, 0.6508293283850427, -0.462559692933115, -0.38316180893339896, -0.03235341300338339, 0.5638614948678031, -0.3950326727192857, 0.11883195450227489, 0.00013219096971357758], [-0.7357305599988097, -0.3963257241826665, -0.5774427754965445, -0.44378266768825947, 0.219868655588489, -0.20663119877261907, 0.2381015469378584, 0.32065716543654516, 0.6976685507735211, 0.2748917797686224, -0.0662379569484252, 0.7234792920021017, -0.059877068459582954]], "inverted": false, "swapped": false, "error_lsq": 0.04078172444752238, "error_max": 0.2307968416059656, "target": "1070.xyz", "model": "14.xyz", "model_rescale": 3.9786697098870705, "target_rescale": 3.829293124735567},
{"mapping": [8, 4, 7, 11, 6, 3, 5, 2, 10, 9, 0, 12], "R": [[0.8105942721949, -0.5234814572736528, 0.26249588525436696], [-0.2076338030096438, -0.6760382586829552, -0.7070081163923584], [0.547562900252175, 0.5185937106132034, -0.6566851860517764]], "T": [0.05086911076265356, 0.025099924994432914, 0.0010454141482068233], "aligned_model": [[-0.057441019689454295, -0.5040006181414136, 0.5602353946487096, 0.5639376372648318, -0.04716933765014879, 0.33230466215033805, -0.5145676404585393, 0.0374122721034177, 0.6594688162764463, 0.06355883573435162, -0.6641319242573132, 0.05374751878611042], [-0.4909333722877033, 0.012396116514863602, 0.1526476959917969, -0.5844014394420644, 0.2928487620327904, 0.6554822194787097, -0.11874293597085028, 0.14927139202940928, 0.062120759380826, -0.6724382056710657, 0.571563020912062, -0.015139522744334902], [-0.5777225351893365, -0.2885577245982001, -0.48403920278293217, -0.12344470377360164, -0.6364348077223276, 0.1270411908664047, 0.40828883599451954, 0.5637891898659593, 0.2203293718464474, 0.26352096241142076, 0.2179506126833596, -0.03075469572788339]], "inverted": false, "swapped": true, "error_lsq": 0.052286153408089626, "error_max": 0.25950049560961147, "target": "1070.xyz", "model": "15.xyz", "model_rescale": 3.769337070930944, "target_rescale": 3.829293124735567},
{"mapping": [10, 2, 7, 3, 11, 9, 8, 5, 6, 1, 12], "R": [[0.30369116305074384, -0.5870676081857711, -0.7504154188873818], [0.17536980793352805, 0.8085999940130156, -0.5616150640318589], [0.9364919155818935, 0.03895732410201502, 0.34851860631617154]], "T": [-0.002731413848870311, -0.024556814390299823, 0.02908761001164028], "aligned_model": [[-0.3294661656138116, -0.30482866415701715, -0.1225494884521852, -0.6926327530506249, 0.3853397077861703, 0.5025970503178904, 0.6871743304565403, 0.1787658936525155, 0.026852923168539863, -0.4509282032743651, 0.04230149985751839], [0.049263922040506676, -0.5047874994404848, 0.646352280872798, 0.10189803945769915, 0.19202942509963938, -0.38092599723185233, 0.3447753406590112, -0.6537014520549385, 0.5468649519385891, 0.25698636320288754, -0.002690876918513465], [-0.5255694900924324, -0.07287285945509853, -0.18667648691164823, 0.05162767746673202, -0.6437572614214279, -0.38715514981963584, 0.05393938386865212, 0.3074622589776095, 0.42944238061828793, 0.7002074794208725, 0.017569674571865743]], "inverted": true, "swapped": true, "error_lsq": 0.04427815203651558, "error_max": 0.2285796417770723, "target": "1070.xyz", "model": "16.xyz", "model_rescale": 3.7852294659196426, "target_rescale": 3.829293124735567},
{"mapping": [6, 10, 11, 9, 5, 7, 4, 0, 1, 2, 8, 3, 12], "R": [[0.9250474830259698, -0.36187244630522214, -0.11547937803950936], [0.01849723445848095, -0.26073727961060117, 0.9652325747397106], [-0.3794008519556931, -0.8950220129283621, -0.23450072475145345]], "T": [-0.024257085017177715, -0.023161983201393576, 0.056831251505887075], "aligned_model": [[-0.5992911087945026, -0.39850881590651127, 0.2862406054949052, 0.35880478463868387, -0.6564405483765472, -0.26285759420429033, -0.5405899084753871, 0.09420806461546197, -0.2567861692639303, 0.2637220229580288, 0.5983724532384281, 0.35041466784170233, -0.015620303252178266], [0.17591146194373453, -0.46576469138519017, 0.26594742090479373, -0.618705690172086, 0.11893703918029046, 0.5817792113751125, -0.4099547409003801, -0.6428936828849897, 0.3421937258023904, 0.5012092217295299, -0.15929872186437594, -0.06379473373925658, -0.06511059892739375], [-0.5890006700019408, -0.5028950744015573, -0.5414487925180644, -0.4390044900610182, 0.16801104757291138, -0.2049758402552445, 0.3493692201541992, 0.31691928365753874, 0.5922746053023259, 0.1840707651774059, -0.07735204749323282, 0.7571636214245836, -0.024492589597675814]], "inverted": false, "swapped": false, "error_lsq": 0.04527822911444498, "error_max": 0.27047155297254344, "target": "1070.xyz", "model": "17.xyz", "model_rescale": 3.901054581598922, "target_rescale": 3.829293124735567},
{"mapping": [0, 3, 8, 2, 7, 1, 12, 9, 11, 4, 5, 10, 14], "R": [[-0.8906522907539706, -0.12328065585719927, 0.4376532610025019], [0.07011562415536432, -0.9882670569883799, -0.13569091097354452], [0.4492463647309891, -0.0901670891342595, 0.8888462183150954]], "T": [-0.03847365649866473, -0.013755911298674737, 0.018318044451482333], "aligned_model": [[-0.4432285545485774, -0.4994580859533053, 0.45547457897370525, 0.16943466606928292, -0.6828113983131815, -0.29077654403273306, -0.5836938470502046, 0.19250082185492706, -0.34193645569457687, 0.3927993918511501, 0.47393696361082127, 0.4386534839555718, -0.05922687020901701], [0.09587771779126886, -0.47592965473088517, 0.2049274623424673, -0.4121805876384134, 0.14274894145737807, 0.5825001866788053, -0.4542153789192354, -0.4593799899182665, -0.06142738499299699, 0.6433251704253983, -0.3654642585987819, 0.16950449183112817, -0.04983149466568766], [-0.6138674175584083, -0.3782858841662409, -0.36718289576336816, -0.6757784968730407, 0.02180076385157193, -0.23957237414230215, 0.2647029167053732, 0.44523676298935594, 0.7547749332281908, 0.10676000122081637, -0.04350947235179517, 0.6595816911799761, 0.0539785106401013]], "inverted": false, "swapped": false, "error_lsq": 0.045026703439444433, "error_max": 0.2411688387223937, "target": "1070.xyz", "model": "18.xyz", "model_rescale": 3.9405287249114394, "target_rescale": 3.829293124735567},
{"mapping": [14, 3, 11, 10, 12, 13, 1, 6, 0, 7, 5, 8, 15], "R": [[-0.48512206563263893, -0.6696068389523936, 0.5623906672985468], [0.5406867543323916, -0.7351548555529555, -0.408907290282794], [0.687251347853044, 0.10570723525424502, 0.7186873905176563]], "T": [-0.10590988292654402, 0.05836102302747939, 0.03248409283965808], "aligned_model": [[-0.39750988666921977, -0.676991570601916, 0.31101383891966455, -0.005630232605377636, -0.645918388669282, -0.11210969106751772, -0.38449870092188226, 0.20645232739294744, -0.21634379788337765, 0.17827526037967606, 0.6771990283470407, 0.37726065399124475, -0.08953069009813758], [0.1260975346439743, -0.47337093470263825, 0.1466410534796586, -0.40468539804708636, 0.1415337024420705, 0.5986816756660253, -0.48780378137973834, -0.4668468753213231, -0.07987460360208107, 0.6275001434251215, -0.2131349860490944, 0.01956972203946708, 0.026147968467823073], [-0.6817428773088275, -0.3089180542014968, -0.5485446915463513, -0.5947607083408911, -0.007667885117669422, -0.36669631760559146, 0.2766391683433722, 0.4624491712687972, 0.696840563353486, 0.3340550047299859, 0.09800502764878138, 0.6132711646294751, 0.015709473107159692]], "inverted": true, "swapped": false, "error_lsq": 0.04232021187430124, "error_max": 0.24474562669527772, "target": "1070.xyz", "model": "19.xyz", "model_rescale": 4.410303926677745, "target_rescale": 3.829293124735567},
{"mapping": [0, 2, 6, 4, 1, 3, 7, 12, 8, 10, 11, 9, 13], "R": [[-0.31458540826599374, 0.6961036701146261, 0.6453492863241315], [-0.8604916049291094, -0.49615035395421775, 0.11571095072477121], [0.4007370943057855, -0.5189166664543087, 0.7550730259539828]], "T": [-0.09996119585870995, 0.022463548741960382, -0.03716714442579026], "aligned_model": [[-0.5170804515371047, -0.4175629426060801, 0.25096878120016974, 0.22563089715835621, -0.837721226322382, -0.1319669855131172, -0.5116593059819475, 0.1293090965337348, -0.2413990388144827, 0.36346492874169245, 0.7082465092342252, 0.29654434897210497, -0.0951064605513057], [0.18854226086085363, -0.43594817616755915, 0.1007843688670667, -0.4680206541092603, 0.02618306249985694, 0.6233301000553018, -0.44281887229606137, -0.584781916934638, 0.11961321118491991, 0.5834257240184144, -0.1617306010139013, -0.037291570053033726, 0.04916828415021933], [-0.5953685063427737, -0.3943737354660319, -0.4923811858556692, -0.4225350604904401, 0.10000498772954643, -0.4420099690427232, 0.3104966295795906, 0.3493079708534005, 0.7122425306348658, 0.3445286479982198, -0.03964607923866319, 0.5223589099137991, 0.036013898687109636]], "inverted": false, "swapped": false, "error_lsq": 0.03973160296192793, "error_max": 0.26653530012166143, "target": "1070.xyz", "model": "20.xyz", "model_rescale": 4.121658175737393, "target_rescale": 3.829293124735567},
{"mapping": [0, 0, 2, 3, 5, 1, 7, 11, 9, 6, 4, 10, 12], "R": [[-0.4364749595086636, -0.8989978051718787, 0.03595213509730899], [0.8327178633755278, -0.4187808761058012, -0.3622202890829742], [0.34069131150824244, -0.12816210088868815, 0.9313988974432981]], "T": [-0.0459566813671619, 0.07735969207836016, 0.1430096402857982], "aligned_model": [[-0.5636378813141976, -0.5636378813141976, 0.5112463107409136, -0.09019886650245898, -0.7134941824144541, -0.11750408194237248, -0.3957606684657783, 0.18600090597283325, -0.11905067550391865, 0.18688810555145524, 0.4422527875737339, 0.5759777988587323, -0.11741352072642809], [-0.139842004897588, -0.139842004897588, 0.23453642989234585, -0.3894766657371693, 0.14672977226329012, 0.4449379853045514, -0.5079302733103115, -0.7086696464200003, -0.05325460275708141, 0.6747813139576562, -0.20191295227598097, 0.18101553534262085, 0.019382334597434006], [-0.6767423518135576, -0.6767423518135576, -0.34794039065938803, -0.36957903206657106, 0.026884678897572567, -0.441919444145206, 0.18649396760521658, 0.4638251010045997, 0.8503002801124665, 0.2502251848119752, 0.029917171576782975, 0.6024941450629612, 0.09142208038693597]], "inverted": true, "swapped": false, "error_lsq": 0.06437071206933274, "error_max": 0.46119126312374503, "target": "1070.xyz", "model": "21.xyz", "model_rescale": 4.08911054899281, "target_rescale": 3.829293124735567},
{"mapping": [12, 10, 13, 7, 9, 14, 5, 6, 11, 2, 0, 1, 16], "R": [[-0.1841048392877758, -0.9287354685368968, -0.32180092857599535], [0.2158607937287583, -0.3576081949448484, 0.9085815850208927], [-0.9589105932680131, 0.09781006282503818, 0.2663149746607376]], "T": [-0.024288341940795426, 0.05107664111128661, 0.05721983691256886], "aligned_model": [[-0.34907400363744023, -0.4802074153641941, 0.2149977951712102, 0.11827572776567574, -0.7216955646603168, -0.313925445151659, -0.59490174071794, 0.1801571098473222, -0.319056741691782, 0.3919845076265639, 0.6810929576074324, 0.3991438245663828, 0.014877139152607972], [0.10589738683188225, -0.5255266689428265, 0.13086239976321562, -0.41788137163773537, 0.08209759334478643, 0.5560020440889126, -0.3070692027246861, -0.6627985123311311, 0.10145740062524854, 0.6026746207664929, -0.2647327629234916, 0.1144949444039139, 0.04497734979759778], [-0.6034453323138673, -0.2756492522776509, -0.5536044777071004, -0.45809565510824174, -0.08493668873324584, -0.21293432614727578, 0.2666499150464941, 0.12162830756733331, 0.761823555209234, 0.2662901909243652, 0.004484263054635125, 0.7255623392574078, 0.030866200188143015]], "inverted": false, "swapped": false, "error_lsq": 0.043387536494306454, "error_max": 0.2544531919733029, "target": "1070.xyz", "model": "22.xyz", "model_rescale": 4.204369325754507, "target_rescale": 3.829293124735567},
{"mapping": [14, 3, 11, 10, 12, 13, 1, 6, 0, 7, 5, 8, 15], "R": [[-0.48512206563263893, -0.6696068389523936, 0.5623906672985468], [0.5406867543323916, -0.7351548555529555, -0.408907290282794], [0.687251347853044, 0.10570723525424502, 0.7186873905176563]], "T": [-0.10590988292654402, 0.05836102302747939, 0.03248409283965808], "aligned_model": [[-0.39750988666921977, -0.676991570601916, 0.31101383891966455, -0.005630232605377636, -0.645918388669282, -0.11210969106751772, -0.38449870092188226, 0.20645232739294744, -0.21634379788337765, 0.17827526037967606, 0.6771990283470407, 0.37726065399124475, -0.08953069009813758], [0.1260975346439743, -0.47337093470263825, 0.1466410534796586, -0.40468539804708636, 0.1415337024420705, 0.5986816756660253, -0.48780378137973834, -0.4668468753213231, -0.07987460360208107, 0.6275001434251215, -0.2131349860490944, 0.01956972203946708, 0.026147968467823073], [-0.6817428773088275, -0.3089180542014968, -0.5485446915463513, -0.5947607083408911, -0.007667885117669422, -0.36669631760559146, 0.2766391683433722, 0.4624491712687972, 0.696840563353486, 0.3340550047299859, 0.09800502764878138, 0.6132711646294751, 0.015709473107159692]], "inverted": true, "swapped": false, "error_lsq": 0.04232021187430124, "error_max": 0.24474562669527772, "target": "1070.xyz", "model": "23.xyz", "model_rescale": 4.410303926677745, "target_rescale": 3.829293124735567},
{"mapping": [1, 3, 7, 0, 10, 11, 4, 5, 15, 14, 12, 6, 16], "R": [[0.4064485980893947, -0.9047813533965623, 0.1271622572033515], [-0.8100179104213643, -0.42121791046516976, -0.4079785002913309], [0.4226943599195202, 0.06281858362970226, -0.9040925304652095]], "T": [-0.07959190732298375, 0.056051326910952826, 0.056785569065750295], "aligned_model": [[-0.3614781955815742, -0.5549533527095254, 0.2514001362282672, 0.17658371231577158, -0.7189215783082396, -0.23272324960013885, -0.4879518987828283, 0.09713869458611678, -0.07410060408932741, 0.134405521501138, 0.5999238613485387, 0.526066868991832, -0.13372176538616756], [0.10768222123252519, -0.5367297503821014, 0.20422191709769538, -0.4842166388773492, 0.14339376500478873, 0.631698540089622, -0.47463814016580086, -0.4402921091196911, 0.14026757965258396, 0.5988307235672515, -0.3673295229292579, 0.049858373420953284, -0.012291737529040475], [-0.7520467502771944, -0.4247672061078186, -0.5003684850268115, -0.40459322122682234, -0.02931214624263693, -0.15746326893061197, 0.2164576702602217, 0.4003136192830124, 0.765440392797095, 0.3999263813232331, -0.015206172815028958, 0.5161734049514085, -0.025915179027815143]], "inverted": true, "swapped": false, "error_lsq": 0.04041882740181202, "error_max": 0.23140253227570878, "target": "1070.xyz", "model": "24.xyz", "model_rescale": 4.28219845311461, "target_rescale": 3.829293124735567},
{"mapping": [9, 7, 1, 4, 11, 5, 13, 2, 14, 8, 0, 6, 15], "R": [[-0.47000122871192845, 0.24193636594827364, -0.8488613784600059], [-0.8482333306482295, -0.3897898008219096, 0.35855840242926706], [-0.24412919077138173, 0.8885554040165192, 0.3884201748189083]], "T": [-0.15054670959273445, -0.04292240147179201, -0.030058670490631562], "aligned_model": [[-0.6556871260451989, -0.47300447308977955, 0.3042123430928946, 0.22633614777592867, -0.5110093755497486, -0.1618370629874543, -0.48311165127891664, 0.07127646788011871, -0.31834848514280745, 0.20494744954289482, 0.620546744847547, 0.4795601112743202, -0.08221293980593547], [0.10834747808350444, -0.5329625829890419, 0.2309512297282374, -0.560826326024061, 0.31678681029740385, 0.7456667960831119, -0.5230217822699145, -0.5118961766305155, -0.035665544208785996, 0.5405015079168459, -0.2874510995229108, 0.14047825322699053, -0.07045334262868545], [-0.45293485459707516, -0.5413585991130107, -0.3879201478536623, -0.3827389928516927, 0.16269251800931142, -0.3514311745012841, 0.0786685158775, 0.4167501259057038, 0.7128642912217767, 0.09317485458657518, 0.07565212547924614, 0.5876198293083281, -0.022399452511486343]], "inverted": false, "swapped": false, "error_lsq": 0.045098155207078425, "error_max": 0.2759784661560001, "target": "1070.xyz", "model": "25.xyz", "model_rescale": 4.100010024507729, "target_rescale": 3.829293124735567},
{"mapping": [9, 8, 7, 6, 2, 3, 10, 1, 4, 0, 5, 12], "R": [[-0.521296475766309, -0.8525245610929261, 0.038103242472787124], [0.2438789394474886, -0.191616179770292, -0.9506872790482723], [0.817785453066753, -0.4862973497599521, 0.3078016250263351]], "T": [-0.0994255734185874, 0.020503620232580184, 0.0450158413163926], "aligned_model": [[-0.7552591085437699, -0.006873344197533507, 0.3666962023535998, 0.5531040835718541, -0.4417281807740291, 0.22980731818886627, -0.21958390291775215, 0.6079779747093346, 0.09145718987596729, 0.07259970827766524, -0.5195728884337192, -0.10185944974747645], [-0.32993249080458, -0.7534095122273806, -0.17844081003297538, -0.20291579326966844, 0.483660313345615, 0.5905477445021177, 0.22218228533120168, 0.37922098829155315, -0.20661210192123947, 0.5391114606471177, 0.1532373529894966, -0.03051804680061826], [0.09688869138854023, -0.02905396167400088, 0.5491796385557546, -0.06439541403211585, 0.020623230475087705, 0.28815806719364345, 0.6489506802932079, -0.27349769366340293, -0.506249974967651, -0.7022120159995481, -0.5136564085701932, 0.05045745085503468]], "inverted": false, "swapped": true, "error_lsq": 0.047552731288834395, "error_max": 0.2562525107974898, "target": "1070.xyz", "model": "26.xyz", "model_rescale": 3.6694154284099745, "target_rescale": 3.829293124735567},
{"mapping": [12, 11, 6, 2, 9, 3, 10, 4, 8, 7, 0, 5, 13], "R": [[0.44540532775344044, 0.37158795278375645, 0.814577490086012], [-0.8189274646409667, -0.1986710154958257, 0.5384121425623456], [0.361900402964087, -0.9068915155341537, 0.21581445129230187]], "T": [-0.02203192580955443, -0.005295254802352663, 0.05647596467990497], "aligned_model": [[-0.3548444070883408, -0.5817006545211152, 0.26609758418311585, 0.10715619961730996, -0.6598954560881591, -0.20043076638418686, -0.4136371838564487, 0.12558207383990153, -0.22408192916440825, 0.005997345973502932, 0.5638298310880128, 0.5971620192646623, -0.00956650634998335], [0.10185668165715905, -0.4034800461167951, 0.16784959854684423, -0.5041011954952035, 0.23455461766144767, 0.7171387391544596, -0.4325750603676411, -0.703081930200634, -0.04644743171858177, 0.5809795355987025, -0.31133658412239434, 0.20701700185192728, -0.04791870538711154], [-0.6559053434518312, -0.45771782691374213, -0.5420160378017157, -0.3869569028226018, 0.0780558370142597, -0.2583163452496388, 0.217621890842347, 0.4649296742150618, 0.661322628644755, 0.28368678040387907, 0.06264440743792307, 0.5008866573718619, 0.020403619269672595]], "inverted": true, "swapped": false, "error_lsq": 0.04409781177798236, "error_max": 0.2963027812885636, "target": "1070.xyz", "model": "27.xyz", "model_rescale": 4.103607728864725, "target_rescale": 3.829293124735567},
{"mapping": [9, 6, 0, 5, 10, 3, 11, 8, 13, 2, 1, 4, 14], "R": [[-0.3303924170530902, -0.6032797857767889, 0.7258748864831521], [0.09792129218925011, 0.7430033575570618, 0.6620856675649465], [-0.9387503775177961, 0.28982669085514684, -0.18640873900692187]], "T": [-0.21444777530701903, -0.013532713204390909, 0.03133680862244989], "aligned_model": [[-0.4411531747147639, -0.5234363604464851, 0.25607653978700695, 0.020816108567652647, -0.6664293828394503, -0.07416258473201237, -0.574587391541829, 0.18917156505316363, -0.2704499081736597, 0.2997678148053175, 0.6602058612170107, 0.4126083679352848, -0.06675930440337272], [-0.010851502798670943, -0.46718980912276137, 0.2445965865729096, -0.42690823160625396, 0.16579564339886194, 0.6899041476677662, -0.5147513365524565, -0.5441950546192674, -0.010869920790088208, 0.4652406792849317, -0.09563082634658025, 0.044158596394245145, 0.021156249579542964], [-0.7552516473334753, -0.284872863001128, -0.43947937045748064, -0.5244617125271344, -0.12140232610119647, -0.1900847364865767, 0.3332317934873883, 0.5085881934270536, 0.6768824720767456, 0.2496921881343089, -0.14502006821724606, 0.6833196252314453, -0.002502509272474071]], "inverted": true, "swapped": false, "error_lsq": 0.04302483915126538, "error_max": 0.19986025118173886, "target": "1070.xyz", "model": "28.xyz", "model_rescale": 4.137296879288765, "target_rescale": 3.829293124735567},
