[{"mapping": [12, 11, 13, 8, 7, 9, 6, 5, 4, 0, 1, 14], "R": [[0.814825582604538, -0.07750051991714388, -0.5745023405920535], [-0.5059099182385106, -0.5789391789047488, -0.6394408352279349], [-0.2830449161548021, 0.8116791832624931, -0.510942735438379]], "T": [0.07634540786878243, -0.05446726034560621, -0.05355970410008554], "aligned_model": [[-0.27754631394746015, 0.24164807048742226, 0.35237805565287483, -0.2133962504884872, -0.15856581348626386, -0.5468695383683512, 0.3551098233917024, -0.46344105601486263, 0.6290955557351436, 0.2966221689026365, -0.3875598315592924, 0.010167592155486488], [-0.2869898133555223, -0.6519806762985073, -0.19559661441559156, 0.552706229886338, 0.2854387330524599, -0.6517359325716992, -0.3099629024542706, -0.43704913172577153, 0.17370121286157086, 0.4596696841565272, 0.15223503178192704, -0.03688078494040341], [-0.47498691953959127, 0.07746603890742026, -0.8093390128283555, -0.07660895522649432, -0.7660457331108557, -0.06886597425037311, 0.620765818442836, 0.5545178185819033, 0.13410221915127157, 0.518847650340454, 0.4603613247222456, 0.01173747016310174]], "inverted": false, "swapped": true, "error_lsq": 0.04843514195109492, "error_max": 0.2753132365664279, "target": "1071.xyz", "model": "0.xyz", "model_rescale": 3.751011558992144, "target_rescale": 4.0220554964773925},
{"mapping": [10, 9, 8, 1, 4, 11, 6, 2, 5, 12, 13, 7, 3, 0, 14], "R": [[-0.2643514009635343, 0.6784601923994066, 0.6854269502565369], [-0.8378318194068785, 0.19044052918132556, -0.5116348768746093], [-0.477656968124591, -0.7095239052875506, 0.5180923167038153]], "T": [-0.046718526047362895, 0.012986882892194823, -0.0193676877821741], "aligned_model": [[-0.39425749507355184, -0.6828439263548763, 0.06664088466537912, 0.6442783740359134, 0.23433530611599532, -0.2630650652737747, 0.3434732376508105, -0.15425316047397944, -0.5267247281637807, -0.25062887383388066, -0.5925616074467873, 0.3652807330798144, -0.029628053139867626, 0.4932817521860206, -0.08086439304324387], [0.351522350066513, 0.18082933616234179, -0.5216140942029551, 0.02591635265924, -0.010463446922636524, 0.7806551858893048, 0.6412594664531649, -0.7502754820274374, -0.3575018598304438, 0.4157759111664183, -0.225863931182236, 0.36513410176560424, -0.17556359162346133, -0.30195145714512317, 0.04718643267162219], [-0.6804759622744395, -0.05628661650658631, -0.3958908496615512, -0.10904300391031407, -0.7583080070013074, 0.005341429259272359, -0.1487882949429868, 0.27997319930833386, -0.16909472088305197, 0.5706803380976683, 0.39597291630673725, 0.36263489141805105, 0.7206069900335562, 0.41042070198875985, 0.0064830956750359554]], "inverted": true, "swapped": false, "error_lsq": 0.048573871073004156, "error_max": 0.28578915231381774, "target": "1071.xyz", "model": "1.xyz", "model_rescale": 3.9405287249114394, "target_rescale": 4.0220554964773925},
{"mapping": [5, 6, 11, 8, 4, 9, 1, 0, 2, 12, 7, 10, 14], "R": [[0.030094584791470147, 0.18834122164034284, 0.9816424502828167], [0.27319696260359316, -0.9462421926091132, 0.17317370629073212], [0.9614872519125774, 0.2629701449923947, -0.07993101558393334]], "T": [-0.00923937604996753, -0.15141317218915237, -0.12345153662826297], "aligned_model": [[-0.3787754791705273, 0.1939555633448839, -0.32016262092796977, 0.27857502742486423, 0.5356103847479992, -0.809112504496559, 0.07275291386059635, 0.7038827481220299, 0.285735646346686, -0.5306925644356032, -0.13829588904045914, -0.3881351683003204, -0.009354778191689266], [0.6368272998571003, 0.49990395233406015, 0.11704986693443473, -0.2974825691583868, -0.15294655882856723, 0.13523098626917787, 0.35787282198388504, 0.18619782797401066, -0.5156156042499351, -0.4059475471725269, -0.8722094084457401, -0.1473581277341161, -0.08269034619137956], [0.09929633701051038, -0.48704520098213305, -0.605913276315719, 0.4672833821187337, -0.43320460352863954, 0.02951618138035722, 0.3824672050089704, 0.0106546793217068, -0.17119120480449268, 0.01869560761208794, 0.2535801729865306, 0.607396706740094, -0.05841563695936214]], "inverted": true, "swapped": true, "error_lsq": 0.050529717312594355, "error_max": 0.3359016459683974, "target": "1071.xyz", "model": "2.xyz", "model_rescale": 3.932901565614263, "target_rescale": 4.0220554964773925},
{"mapping": [2, 3, 13, 4, 7, 10, 12, 8, 0, 1, 11, 6, 9, 14], "R": [[0.6573445081991487, 0.5885411895161546, 0.4706564201021053], [0.3141922784138562, 0.3536404049210217, -0.8810344353045493], [-0.68496818154242, 0.727019760563773, 0.04754848077767501]], "T": [0.055072500369400174, -0.06694269632286491, 0.009769982017530219], "aligned_model": [[-0.19171331632738106, 0.4670976331200182, 0.2145146341906043, -0.0362238997253094, -0.3641269230130859, -0.2667118721219013, 0.18232145817203166, -0.6012736211876939, -0.36815573823541325, -0.22188933137606795, 0.6802037757755278, 0.39971384972737967, 0.49930669324473476, 0.02674656980925994], [0.041778858572067076, 0.29999144502025793, -0.3822545986050464, 0.5064128552096976, -0.633557256648034, -0.7044059277162269, -0.6465973339683602, -0.1735352153272099, 0.5686456037493036, -0.03336813205618752, 0.020143773448368832, 0.5240102289486946, -0.6540419720438381, -0.06972569023299764], [-0.37650600151367897, -0.43736911066697565, -0.726755978805592, -0.2263210055845267, -0.416346775767573, 0.41941991286956937, -0.05889726006793101, 0.11459816245971206, 0.24938258483718828, 0.6762635116154526, 0.06582203938456757, 0.3699081683805371, 0.4606928582062367, 0.10000525771011118]], "inverted": false, "swapped": true, "error_lsq": 0.046646924461446755, "error_max": 0.27059379596223787, "target": "1071.xyz", "model": "3.xyz", "model_rescale": 3.9243930471874484, "target_rescale": 4.0220554964773925},
{"mapping": [10, 1, 9, 12, 11, 8, 2, 5, 6, 0, 3, 4, 14], "R": [[-0.47572271747574074, -0.4349411389161777, -0.7645352194345235], [-0.13231759558429057, -0.8239125506621834, 0.5510536840999499], [-0.8695860796817582, 0.36331021805013064, 0.33440355184130127]], "T": [0.014689951594532638, -0.17462448917434992, 0.03072343942103682], "aligned_model": [[-0.03710166118973367, -0.23710856763975785, 0.6566204743954254, 0.34565668185451776, 0.5643906612465606, -0.5524746618219363, -0.2650340318795673, 0.33144119173451164, 0.12548748647810593, -0.6072484013680929, 0.24944846258011838, -0.28870086419126056, -0.008170883887538394], [-0.5993968369984778, 0.08765623936808475, -0.29887453798093266, -0.642376720337559, 0.11904774491750314, -0.41644582885956366, -0.34901891555276315, 0.25913827720003435, 0.5903907875539772, 0.3288282736001623, 0.03886300377523133, 0.15226456164300295, -0.14224649464711286], [-0.672557230706012, -0.5936603029618563, -0.5330567901100468, -0.13832051948984442, 0.1451819322240709, -0.23943926112540365, 0.3672852144222952, -0.6897035887149502, 0.04406755749390172, 0.015334178879333513, 0.6660582127351027, 0.47107345579771165, -0.0551925430733379]], "inverted": true, "swapped": true, "error_lsq": 0.048397326224622936, "error_max": 0.3130426601365941, "target": "1071.xyz", "model": "4.xyz", "model_rescale": 3.8936222436046832, "target_rescale": 4.0220554964773925},
{"mapping": [13, 2, 7, 12, 8, 0, 6, 1, 9, 11, 10, 14], "R": [[-0.10843940311649407, -0.41999135649628194, -0.9010261684990906], [0.9875516009687814, 0.05837429602533589, -0.14606257901167935], [0.11394178897900065, -0.9056487741017261, 0.40843306268262053]], "T": [-0.12504931470104513, -0.15393314265328487, 0.009654777160823406], "aligned_model": [[-0.015666287488041553, -0.48055560434167877, -0.20670059422273668, 0.3049365831349153, -0.5185446605052506, -0.7621767639707486, -0.1317087669445513, -0.1686688864103594, 0.6871799355296746, 0.3012568738567521, 0.1378614711351066, -0.11966525755798428], [-0.5791072214020095, -0.29976824125593415, 0.09108272940818016, -0.009758809346019609, 0.36575047927881243, -0.032288459814833095, -0.4065877535407372, 0.4280911771169148, 0.1318190141002681, -0.5423458210487687, 0.5994398227831544, -0.07740401116922019], [-0.6792401617395738, -0.26288907860550526, -0.7724296164901508, -0.3792319359305576, -0.1583675122281609, 0.4784617876623588, 0.7402872649029606, 0.435558236603607, 0.07282413620713946, 0.27216882002740134, -0.19289080596971647, 0.06503358483571656]], "inverted": true, "swapped": true, "error_lsq": 0.04229428179344752, "error_max": 0.2867409973335038, "target": "1071.xyz", "model": "5.xyz", "model_rescale": 3.6523030999806103, "target_rescale": 4.0220554964773925},
{"mapping": [7, 13, 3, 2, 4, 12, 11, 8, 9, 5, 6, 0, 14], "R": [[-0.032448866673523515, -0.4063144441025647, -0.9131569654584188], [0.750219217557763, 0.5937759528382481, -0.29086292895116156], [0.6603924565427908, -0.6945060765354429, 0.28555754760945085]], "T": [0.08610559824477432, -0.0721501111337624, 0.013795052876048158], "aligned_model": [[0.14170009652754378, 0.004075076142843387, 0.1820086941888192, 0.449478608235536, 0.5969140647522018, -0.35713356728665324, -0.30647260463051146, 0.43660503994627103, -0.7452729143223338, -0.43071290003967927, 0.11869823946174268, 0.7159160476795463, 0.07527902400896819], [-0.724809762540191, -0.1102433578136653, 0.5191291657409716, -0.13290335868308442, 0.2885604222499022, -0.3826472341315082, 0.4247648438464216, -0.6202339753756791, -0.21406179251694904, -0.007600374242923466, 0.5513123017581547, 0.052318133948230594, -0.10275810807649652], [0.5130949016530211, 0.82566559595897, 0.39527920095423646, 0.30739656819389616, 0.055904401253565, 0.2668514993273015, 0.035540856780204265, -0.15910770282824108, -0.17068221258147806, -0.7184812336375526, -0.44220371060980695, -0.4640702862312703, -0.07507813875105596]], "inverted": false, "swapped": true, "error_lsq": 0.051505760765054545, "error_max": 0.26794758295195586, "target": "1071.xyz", "model": "6.xyz", "model_rescale": 4.08911054899281, "target_rescale": 4.0220554964773925},
{"mapping": [10, 12, 8, 9, 8, 13, 11, 4, 5, 2, 7, 1, 6, 3, 14], "R": [[0.41167753932287443, 0.9108081928492829, -0.0308227100639602], [-0.6570523545664567, 0.2732054777206017, -0.7025958797930241], [-0.6315091503499684, 0.30949507715322644, 0.7109212264675883]], "T": [-0.07819653013358782, 0.055660197010162976, 0.06467288198727648], "aligned_model": [[-0.24503863461903672, -0.6016210496033589, 0.27680719760705197, 0.6803715500248495, 0.27680719760705197, -0.40147791033544744, 0.026025155101027264, -0.13765432409658876, -0.7025431735737265, -0.1156980039142429, -0.68770480116933, 0.35752864602273926, -0.05387200164167523, 0.43411177565758063, 0.06642136186329659], [0.0008543852499161286, 0.40072511266458377, -0.3011108655346959, 0.159312911908237, -0.3011108655346959, 0.694350235227387, 0.476443543811812, -0.6375406032314112, -0.3373279915111803, 0.3237336749971552, 0.0021428274687206594, 0.5680074846823521, -0.20381478320227644, -0.502476749184248, 0.12285695608826007], [-0.6342083194126111, -0.2743830048712824, -0.3955832809327284, -0.10381418091902432, -0.3955832809327284, 0.217835235875186, -0.3310672831949006, -0.04840634238108206, -0.1257287516482405, 0.8241923308202154, 0.5389349648421429, 0.35723037468552227, 0.4903770262129063, 0.2937466373062419, 0.02068398145756136]], "inverted": true, "swapped": false, "error_lsq": 0.05080232816719816, "error_max": 0.35179222780234987, "target": "1071.xyz", "model": "7.xyz", "model_rescale": 3.964800864290218, "target_rescale": 4.0220554964773925},
{"mapping": [11, 6, 3, 9, 13, 1, 12, 4, 0, 8, 10, 7, 2, 14], "R": [[0.4807300093944553, -0.28335919841130647, -0.8298230068775564], [0.387070916240627, -0.7805827735531254, 0.4907816616712076], [-0.7868130425127996, -0.5571338244154739, -0.26556945950907]], "T": [0.038070567332158176, -0.02513036044753915, 0.034485926319756124], "aligned_model": [[-0.0769088918381347, 0.20999884718170742, 0.4825509481571562, -0.7873764704731423, 0.17635695759524866, -0.25190516678777986, -0.4064247494246897, 0.6441237349532608, 0.4994789132967541, 0.052864634978320627, -0.6181769972805045, -0.0589127880939526, 0.40465138819606117, -0.009132470999432367], [-0.10532960297411868, -0.6544062768087651, 0.13213243962780435, -0.03397387860301894, 0.7601185931274239, -0.5914297905236835, 0.3739097816857405, -0.17289928464279347, -0.603041363129747, -0.06449624953330482, 0.00904860615865831, 0.6413189983048695, 0.2172577625037958, -0.09726126901165824], [-0.5834645598118232, -0.3804297524956538, -0.49659254724345425, -0.2183381190301184, -0.14320716837477432, 0.37692973444371075, 0.02459326798687679, -0.026131551596943678, 0.34047618731548424, 0.7063286208134284, 0.5303574336549219, 0.5086116362224967, 0.20418934673710532, 0.0734925101037649]], "inverted": false, "swapped": true, "error_lsq": 0.044657084349127706, "error_max": 0.2871458882565172, "target": "1071.xyz", "model": "8.xyz", "model_rescale": 4.121658175737393, "target_rescale": 4.0220554964773925},
{"mapping": [12, 10, 8, 2, 9, 11, 1, 6, 0, 5, 3, 4, 14], "R": [[0.32807721899169184, 0.08040688150369057, 0.9412226472974019], [-0.7822438590548213, 0.5817038824362639, 0.22296891740688626], [-0.5295846328488951, -0.8094166581961537, 0.25374158130837005]], "T": [-0.07091580473811772, 0.13123692094510991, -0.11036925166828218], "aligned_model": [[-0.5735396315203196, -0.23874744217658417, 0.33081262070769785, 0.1322307398295342, -0.7393815681605926, -0.44466860850386764, 0.22902501071802916, 0.14186550378618507, 0.7004606783381682, -0.22421906213008813, -0.1601048921849511, 0.36489973533251324, -0.041895587600527175], [0.06922056341964833, -0.43813851992229574, -0.039498164637567335, 0.514865425560274, -0.41498342451763953, 0.139325196620918, -0.5254010638565609, -0.05503252681399837, 0.020977783173832948, -0.6907504393181949, 0.6790078079350526, 0.4895784612730814, 0.04121634049516014], [-0.4272765669696159, -0.6807741678611028, -0.6228191970731496, -0.29338128174124756, -0.09780440879025509, 0.40125406613204884, -0.140548660948471, 0.6091655566803762, 0.07219600369529464, 0.21876822619195643, 0.3327234072133055, 0.1625166788570893, -0.11294422142714011]], "inverted": true, "swapped": true, "error_lsq": 0.04359319480024549, "error_max": 0.22881965352777292, "target": "1071.xyz", "model": "9.xyz", "model_rescale": 3.833441315466971, "target_rescale": 4.0220554964773925},
{"mapping": [1, 6, 10, 13, 0, 4, 5, 11, 12, 3, 7, 2, 7, 8, 14], "R": [[0.2244056666942515, 0.308011486901554, -0.9245382743251915], [0.9397424992758345, 0.18270932004554247, 0.28896598315944466], [0.25792660159494485, -0.9336735126933773, -0.24845047773045886]], "T": [-0.08094335689455551, 0.008272262668786036, -0.006269522501557396], "aligned_model": [[-0.2867792077968101, -0.6924026026729626, 0.29414875722826195, 0.6445937462627394, 0.22821437730219368, -0.4314167687572739, 0.18230696076392622, -0.27256750739161684, -0.4819648108449151, -0.12369803923528958, -0.3430473119442276, 0.45671113347426134, -0.3430473119442276, 0.39763898992893676, -0.0562274194428048], [0.2193398413577198, 0.2638524649459391, -0.6757545946409612, 0.23923919811567948, -0.006026687803582155, 0.7103938043373555, 0.5875278975485081, -0.6061055420138032, -0.2935856500684512, 0.48519453944242324, -0.18271280577083662, 0.36719383032853575, -0.18271280577083662, -0.49128101717918077, 0.030482801071406558], [-0.6835368350329987, -0.15468083945881222, -0.2654360865519699, -0.24277898972654324, -0.6129325237678186, 0.13552719252561066, -0.23561071195475927, 0.21991000597803947, -0.339561663573367, 0.7183262467399043, 0.5757443924199402, 0.3079807156567464, 0.5757443924199402, 0.3528471998587332, 0.08268361137453151]], "inverted": true, "swapped": false, "error_lsq": 0.05038258481517959, "error_max": 0.3843343700990873, "target": "1071.xyz", "model": "10.xyz", "model_rescale": 4.2482417240324, "target_rescale": 4.0220554964773925},
{"mapping": [0, 1, 5, 10, 3, 11, 6, 12, 8, 13, 2, 14], "R": [[-0.3763016516298784, 0.05821373370407629, 0.9246665497296076], [0.923295961152928, -0.05933086211690586, 0.3794791389775677], [0.07695216110881464, 0.9965395175349026, -0.03142220380538946]], "T": [-0.03509726606199561, 0.1183370904244086, -0.10320031641434468], "aligned_model": [[-0.6265116544471571, 0.10206163110666502, 0.392074915419535, 0.615933813069133, -0.4321779416668695, 0.043580116922784275, -0.37377933821270165, 0.4983636256369055, -0.0475621736196759, 0.03457937078066579, -0.32199208446967925, -0.007804678156598365], [-0.39834714625302253, -0.5299752815246721, -0.22025696461783112, -0.35097239513293993, 0.6976768281106118, 0.5450309544876669, 0.10168617085072296, 0.29680848324961034, -0.4362965488962475, 0.7428616827614223, 0.17999014813316166, 0.03792545888215683], [0.050991931611420016, 0.18477058126566848, 0.6112047379841995, -0.28657087123823977, 0.0018289543008259829, 0.35859748957937965, 0.5915800328559789, -0.3043828835325112, -0.4844709499793399, -0.6251467509929063, -0.4717420574972992, -0.061467924502819675]], "inverted": false, "swapped": true, "error_lsq": 0.04678852357104472, "error_max": 0.27440689515692857, "target": "1071.xyz", "model": "11.xyz", "model_rescale": 3.6694154284099745, "target_rescale": 4.0220554964773925},
{"mapping": [1, 5, 11, 9, 10, 0, 8, 4, 12, 13, 3, 7, 6, 14], "R": [[0.4714184283430536, 0.502225359869472, -0.7249374823545439], [-0.6206121372259678, -0.39510389267514967, -0.6772986705440668], [-0.6265821897775118, 0.7691960750659895, 0.1254278978405322]], "T": [0.0064484427935458735, 0.03873675612593637, 0.07017000870811618], "aligned_model": [[0.04209441627929129, 0.0004817815718408183, -0.2431760926282764, 0.4517653504158152, 0.7030914918549871, -0.49653602096635135, 0.2818869976190488, -0.5205492455417823, 0.5323822896432434, 0.27411462245848367, -0.4528486191342273, 0.6669858594618067, -0.6573465791428174, 0.015918598364747582], [-0.3061528987593639, 0.24342442699177191, 0.6096648501219976, 0.5710611785808798, -0.14619821113502712, -0.5590946447500653, -0.5740204159758739, -0.1741218167709882, 0.3199304996260935, 0.35210968613621546, 0.3850777826554202, -0.16991200827351344, 0.17645809702498622, 0.0027607626637213556], [-0.5637300016505765, -0.8047951019341357, -0.04491126971999966, -0.4433322590431926, -0.32758008831730556, -0.10336118132404712, 0.02770361777386568, 0.3343200418405798, 0.10525068281304523, 0.7754827788498737, 0.48662270056533147, 0.5157165518411373, -0.30146359306197257, -0.01682741898018797]], "inverted": true, "swapped": true, "error_lsq": 0.04741586633941646, "error_max": 0.31388696606843475, "target": "1071.xyz", "model": "12.xyz", "model_rescale": 3.9764082729961374, "target_rescale": 4.0220554964773925},
{"mapping": [1, 12, 8, 7, 2, 5, 0, 11, 10, 6, 13, 4, 14, 3, 15], "R": [[0.5409077157144753, -0.7094858013682555, 0.45171754530612707], [-0.6426299470706278, -0.0021274113212932655, 0.766173756565097], [-0.5426284126440034, -0.7047165187349553, -0.4570875561788298]], "T": [-0.11637102129463435, 0.11374843482223865, 0.024679118520742036], "aligned_model": [[-0.32750490761347784, -0.7284606256943188, 0.10994822794689323, 0.6241034890033524, 0.273617662682028, -0.2310433783741327, 0.28745208353211227, -0.23030690453174796, -0.5313747801893893, -0.19645293817324044, -0.5786340299063463, 0.36947124345437976, -0.09205970297406059, 0.4532720693394899, -0.029564523571351115], [0.004458320356207607, 0.16541885008340107, -0.4781364185571516, 0.17158281099047631, 0.030441326237003435, 0.9285569321832157, 0.6024714024266739, -0.6522508356928337, -0.4658626387945495, 0.3221791689985246, -0.04822979224169274, 0.5541992807255256, -0.31398295053080216, -0.4616094890291532, 0.10580930674507083], [-0.5642187768642722, -0.1482081838494578, -0.28853766648823226, -0.11455587512373497, -0.6661379816841084, 0.18518229289712945, -0.32913537305112944, 0.20020242418345602, -0.3467637201533719, 0.7552968854406371, 0.3914985714037276, 0.3176365691955045, 0.6994108143529103, 0.2547083689821354, 0.08784775766598446]], "inverted": true, "swapped": false, "error_lsq": 0.042467246889502736, "error_max": 0.2608364033301112, "target": "1071.xyz", "model": "13.xyz", "model_rescale": 4.170626492500431, "target_rescale": 4.0220554964773925},
{"mapping": [12, 7, 9, 10, 11, 0, 1, 13, 3, 7, 2, 8, 4, 14], "R": [[-0.9919955071265787, 0.1147670646393765, -0.052663409638412206], [-0.12056409318356717, -0.7368539719795506, 0.6652146446168966], [0.03753948954775704, 0.6662392549617749, 0.7447926166876743]], "T": [0.023798784953981453, 0.16106504386468568, 0.031023554080798266], "aligned_model": [[0.023306310735678775, -0.03491632462866209, -0.1803260371909795, -0.6270112297580037, 0.3816509297845528, -0.273478275096619, -0.6442312393429911, 0.6101708946307626, 0.6973162087969723, -0.03491632462866209, 0.1915868870847815, -0.479792608550788, 0.2765266717049959, -0.06270284144939464], [-0.35517617332747475, -0.6035035638576463, -0.07941239282024015, -0.2944337757391317, 0.38664422776286544, 0.7396877627204421, 0.4163404010248562, -0.39642056453548236, 0.37950206489886223, -0.6035035638576463, 0.045104033296544915, -0.02019556964306604, 0.5504649669378632, 0.19097661506491975], [-0.2696452828187224, 0.331594823157227, -0.77263351045091, -0.18504303217279766, -0.44075062079016303, 0.49721120660155826, -0.07202551806413751, 0.14367978402209075, 0.08578019687158424, 0.331594823157227, 0.455679824593588, 0.43928994038301106, 0.45210180184402166, 0.007038664787289147]], "inverted": true, "swapped": true, "error_lsq": 0.05234201259631007, "error_max": 0.35553679318241177, "target": "1071.xyz", "model": "14.xyz", "model_rescale": 3.9786697098870705, "target_rescale": 4.0220554964773925},
{"mapping": [8, 0, 10, 7, 1, 9, 3, 11, 12, 2, 6, 14], "R": [[0.25228757257077966, 0.38279643177121525, -0.8887169811304212], [0.21494158637352517, -0.917650585637166, -0.3342417046494936], [-0.9434781900889795, -0.10669720944332273, -0.3137907110215848]], "T": [-0.007889334222924947, -0.0540279090137543, 0.05229538806138344], "aligned_model": [[0.0740025736724729, -0.6686128945324691, 0.5934225680502818, 0.5729463912974992, -0.09104891548612473, 0.5613647996458673, -0.33449291782805934, -0.08134206400158123, 0.5781879715913302, -0.09862718949599664, -0.6108577869998072, -0.011587939146076486], [-0.3279880688164151, -0.1142708773286321, 0.13104952116841956, -0.6196918781294518, 0.34406570437809425, 0.5894099560138129, -0.20990586182237964, 0.3368792819757938, -0.018544440298107742, -0.516054918991923, 0.4144818898122923, 0.00524418226293568], [-0.5571147284182351, -0.3952802929040439, -0.47863583217990924, -0.09265233287764875, -0.544910348369664, 0.13772642963319365, 0.6633362257413034, 0.5455613025171769, 0.16257367875732942, 0.067475471906618, 0.17325052937818836, -0.021363609310478635]], "inverted": true, "swapped": true, "error_lsq": 0.05145378220634165, "error_max": 0.30798377572041447, "target": "1071.xyz", "model": "15.xyz", "model_rescale": 3.769337070930944, "target_rescale": 4.0220554964773925},
{"mapping": [12, 7, 11, 3, 9, 10, 5, 8, 6, 4, 14], "R": [[-0.832391088712531, 0.545101635634716, 0.09994639693518302], [0.5504590774082947, 0.8341202610917504, 0.03518798282140283], [-0.0641862877161216, 0.08430656477752939, -0.9943704156925807]], "T": [-0.10953518750627642, 0.010530305291000373, 0.07668608407907658], "aligned_model": [[-0.10814330069939579, -0.35936291369926676, -0.1808472002824259, -0.6752254731655247, 0.3408175906233183, 0.44598741293216315, 0.6757054106512999, 0.12668195857147982, 0.08576579305355189, -0.4123712814104262, -0.016381865883603047], [-0.14798211170119718, -0.6999093576543559, 0.6049685784215925, 0.4257234111984058, 0.244376033537919, -0.4530781961755391, 0.4201464430173689, -0.5823952022029358, 0.6515452400816358, 0.12713083814957182, 0.0055388209528763575], [-0.4993164008563777, -0.2568064950607158, -0.13085363287774943, 0.18599266130946243, -0.6217833630362651, -0.3159707856879394, -0.07532842579115946, 0.29065324573592516, 0.4622504927306857, 0.6128811899280118, 0.09249912082989867]], "inverted": false, "swapped": true, "error_lsq": 0.043035012399422805, "error_max": 0.23947769978498581, "target": "1071.xyz", "model": "16.xyz", "model_rescale": 3.7852294659196426, "target_rescale": 4.0220554964773925},
{"mapping": [2, 6, 1, 0, 3, 11, 9, 5, 8, 7, 12, 10, 14], "R": [[-0.8409525774509957, -0.5327013972223826, -0.0950157033118671], [0.07124162879247087, -0.28306427022770747, 0.9564513836298485], [-0.5363985391530472, 0.7975611828052924, 0.27599414283042323]], "T": [-0.06843210665153077, 0.04913346929842629, -0.1376620444265252], "aligned_model": [[0.04512990768510662, -0.5340641646275186, 0.29428730102246414, 0.1268202823967432, -0.661533305898505, -0.6597462403303813, -0.17349603823744336, -0.14296828370204004, 0.5881533195860681, 0.4439916803165084, 0.016820692662110295, 0.5353468929919234, -0.02497619364875265], [-0.05169357829644456, -0.4562132973400463, -0.21264794151141356, -0.7257920130880914, -0.05895347578668406, 0.16379947798095792, 0.6419701329513333, 0.0385042043283246, -0.09153495400488251, 0.5212429356632794, 0.63904120349653, 0.44386622306067, 0.023466706249341693], [-0.5836108381770846, 0.21661745665168497, 0.4297477341783512, -0.0943511925515351, -0.5130111113789708, 0.05909745244118286, 0.4811006552011977, 0.7577864273063345, -0.1850868959634747, -0.5768547380360719, -0.09706879765003254, 0.2590174134509829, -0.05762886832939071]], "inverted": false, "swapped": true, "error_lsq": 0.04190834006181307, "error_max": 0.24936122958781967, "target": "1071.xyz", "model": "17.xyz", "model_rescale": 3.901054581598922, "target_rescale": 4.0220554964773925},
{"mapping": [10, 9, 8, 1, 4, 11, 6, 2, 5, 12, 13, 7, 3, 0, 14], "R": [[-0.2643514009635343, 0.6784601923994066, 0.6854269502565369], [-0.8378318194068785, 0.19044052918132556, -0.5116348768746093], [-0.477656968124591, -0.7095239052875506, 0.5180923167038153]], "T": [-0.046718526047362895, 0.012986882892194823, -0.0193676877821741], "aligned_model": [[-0.39425749507355184, -0.6828439263548763, 0.06664088466537912, 0.6442783740359134, 0.23433530611599532, -0.2630650652737747, 0.3434732376508105, -0.15425316047397944, -0.5267247281637807, -0.25062887383388066, -0.5925616074467873, 0.3652807330798144, -0.029628053139867626, 0.4932817521860206, -0.08086439304324387], [0.351522350066513, 0.18082933616234179, -0.5216140942029551, 0.02591635265924, -0.010463446922636524, 0.7806551858893048, 0.6412594664531649, -0.7502754820274374, -0.3575018598304438, 0.4157759111664183, -0.225863931182236, 0.36513410176560424, -0.17556359162346133, -0.30195145714512317, 0.04718643267162219], [-0.6804759622744395, -0.05628661650658631, -0.3958908496615512, -0.10904300391031407, -0.7583080070013074, 0.005341429259272359, -0.1487882949429868, 0.27997319930833386, -0.16909472088305197, 0.5706803380976683, 0.39597291630673725, 0.36263489141805105, 0.7206069900335562, 0.41042070198875985, 0.0064830956750359554]], "inverted": true, "swapped": false, "error_lsq": 0.048573871073004156, "error_max": 0.28578915231381774, "target": "1071.xyz", "model": "18.xyz", "model_rescale": 3.9405287249114394, "target_rescale": 4.0220554964773925},
{"mapping": [4, 1, 13, 9, 7, 6, 8, 14, 12, 2, 3, 5, 10, 11, 15], "R": [[-0.300332476941629, -0.942820384570914, 0.1445341680422315], [0.059126380871656864, 0.13283612789273536, 0.9893728489358726], [-0.952000249148668, 0.3056865806083397, 0.01585055383434164]], "T": [-0.11625119384696228, -0.00203660985607889, -0.08006455772768911], "aligned_model": [[-0.3062620017396922, -0.6623194637424493, 0.21397114041137563, 0.647560891417752, 0.33511443355873893, -0.18279061367204008, 0.16272913495187333, -0.1901742714623211, -0.5323960210847996, -0.10437548160132219, -0.7881645972844722, 0.41459836033140685, -0.12174472695580772, 0.40071012695106256, -0.11399392514911376], [0.06808794589157965, 0.3195123471154594, -0.5645046128287861, 0.027566409506438953, 0.08594307118776429, 0.7112360014251098, 0.6729356177653972, -0.7087408846483579, -0.3088401390914548, 0.42507532588431646, -0.26399195857451563, 0.5194194916478034, -0.22058676179559833, -0.30552023378528503, 0.0074536542000443184], [-0.7826622151257365, 0.10415036257819713, -0.24103909285929398, -0.14880033156290767, -0.6131257128135048, 0.13229867637293488, -0.27718031970260815, 0.227902012962018, -0.2612664876878893, 0.6767442984703589, 0.3730804173440746, 0.29080594230145485, 0.674991525704344, 0.3197627608804496, -0.04143572995471353]], "inverted": true, "swapped": false, "error_lsq": 0.040351357966333316, "error_max": 0.27076602472359856, "target": "1071.xyz", "model": "19.xyz", "model_rescale": 4.410303926677745, "target_rescale": 4.0220554964773925},
{"mapping": [11, 6, 3, 9, 13, 1, 12, 4, 0, 8, 10, 7, 2, 14], "R": [[0.4807300093944553, -0.28335919841130647, -0.8298230068775564], [0.387070916240627, -0.7805827735531254, 0.4907816616712076], [-0.7868130425127996, -0.5571338244154739, -0.26556945950907]], "T": [0.038070567332158176, -0.02513036044753915, 0.034485926319756124], "aligned_model": [[-0.0769088918381347, 0.20999884718170742, 0.4825509481571562, -0.7873764704731423, 0.17635695759524866, -0.25190516678777986, -0.4064247494246897, 0.6441237349532608, 0.4994789132967541, 0.052864634978320627, -0.6181769972805045, -0.0589127880939526, 0.40465138819606117, -0.009132470999432367], [-0.10532960297411868, -0.6544062768087651, 0.13213243962780435, -0.03397387860301894, 0.7601185931274239, -0.5914297905236835, 0.3739097816857405, -0.17289928464279347, -0.603041363129747, -0.06449624953330482, 0.00904860615865831, 0.6413189983048695, 0.2172577625037958, -0.09726126901165824], [-0.5834645598118232, -0.3804297524956538, -0.49659254724345425, -0.2183381190301184, -0.14320716837477432, 0.37692973444371075, 0.02459326798687679, -0.026131551596943678, 0.34047618731548424, 0.7063286208134284, 0.5303574336549219, 0.5086116362224967, 0.20418934673710532, 0.0734925101037649]], "inverted": false, "swapped": true, "error_lsq": 0.044657084349127706, "error_max": 0.2871458882565172, "target": "1071.xyz", "model": "20.xyz", "model_rescale": 4.121658175737393, "target_rescale": 4.0220554964773925},
{"mapping": [7, 13, 3, 2, 4, 12, 11, 8, 9, 5, 6, 0, 14], "R": [[-0.032448866673523515, -0.4063144441025647, -0.9131569654584188], [0.750219217557763, 0.5937759528382481, -0.29086292895116156], [0.6603924565427908, -0.6945060765354429, 0.28555754760945085]], "T": [0.08610559824477432, -0.0721501111337624, 0.013795052876048158], "aligned_model": [[0.14170009652754378, 0.004075076142843387, 0.1820086941888192, 0.449478608235536, 0.5969140647522018, -0.35713356728665324, -0.30647260463051146, 0.43660503994627103, -0.7452729143223338, -0.43071290003967927, 0.11869823946174268, 0.7159160476795463, 0.07527902400896819], [-0.724809762540191, -0.1102433578136653, 0.5191291657409716, -0.13290335868308442, 0.2885604222499022, -0.3826472341315082, 0.4247648438464216, -0.6202339753756791, -0.21406179251694904, -0.007600374242923466, 0.5513123017581547, 0.052318133948230594, -0.10275810807649652], [0.5130949016530211, 0.82566559595897, 0.39527920095423646, 0.30739656819389616, 0.055904401253565, 0.2668514993273015, 0.035540856780204265, -0.15910770282824108, -0.17068221258147806, -0.7184812336375526, -0.44220371060980695, -0.4640702862312703, -0.07507813875105596]], "inverted": false, "swapped": true, "error_lsq": 0.051505760765054545, "error_max": 0.26794758295195586, "target": "1071.xyz", "model": "21.xyz", "model_rescale": 4.08911054899281, "target_rescale": 4.0220554964773925},
{"mapping": [5, 8, 14, 12, 9, 6, 10, 15, 11, 0, 1, 7, 4, 3, 16], "R": [[-0.9996087247227308, 0.022264708891932106, 0.016931633003150832], [0.011683915283698824, -0.21762263166820284, 0.9759630506886258], [0.025414239745450106, 0.9757790082409866, 0.21727734234014717]], "T": [-0.062463704073212716, -0.008728452045851973, 0.06482112276138667], "aligned_model": [[-0.24912823961276892, -0.6879412903556529, 0.34923412321415515, 0.6379328331746421, 0.19133719543346306, -0.3056545660399258, 0.21068342567979348, -0.28558579592397454, -0.6855200837093147, -0.18874655307097074, -0.7612118148602943, 0.3147089704176184, 0.11340142492406072, 0.5634352293557054, -0.04448187369634518], [0.22489186736139422, 0.26204669770352523, -0.46864455719184156, 0.051447203949528314, -0.08597489520236444, 0.6903313017086352, 0.5725782645540898, -0.691392972657291, -0.25132887493660394, 0.38916644507869536, -0.1737417945119652, 0.5782572504804737, -0.14795701160984542, -0.4922660998995835, 0.00763244907306939], [-0.5741678845619208, -0.06253909628902156, -0.11069144425666812, -0.16055209452679287, -0.5963639511716148, 0.15278585369357128, -0.423654624802836, -0.06044939380443444, -0.30778968339757207, 0.7173636049573964, 0.40322924285557826, 0.20260626948099103, 0.7251082197671261, 0.423597782446909, 0.10574330651646538]], "inverted": true, "swapped": false, "error_lsq": 0.04603348884289229, "error_max": 0.3696827200338408, "target": "1071.xyz", "model": "22.xyz", "model_rescale": 4.204369325754507, "target_rescale": 4.0220554964773925},
{"mapping": [4, 1, 13, 9, 7, 6, 8, 14, 12, 2, 3, 5, 10, 11, 15], "R": [[-0.300332476941629, -0.942820384570914, 0.1445341680422315], [0.059126380871656864, 0.13283612789273536, 0.9893728489358726], [-0.952000249148668, 0.3056865806083397, 0.01585055383434164]], "T": [-0.11625119384696228, -0.00203660985607889, -0.08006455772768911], "aligned_model": [[-0.3062620017396922, -0.6623194637424493, 0.21397114041137563, 0.647560891417752, 0.33511443355873893, -0.18279061367204008, 0.16272913495187333, -0.1901742714623211, -0.5323960210847996, -0.10437548160132219, -0.7881645972844722, 0.41459836033140685, -0.12174472695580772, 0.40071012695106256, -0.11399392514911376], [0.06808794589157965, 0.3195123471154594, -0.5645046128287861, 0.027566409506438953, 0.08594307118776429, 0.7112360014251098, 0.6729356177653972, -0.7087408846483579, -0.3088401390914548, 0.42507532588431646, -0.26399195857451563, 0.5194194916478034, -0.22058676179559833, -0.30552023378528503, 0.0074536542000443184], [-0.7826622151257365, 0.10415036257819713, -0.24103909285929398, -0.14880033156290767, -0.6131257128135048, 0.13229867637293488, -0.27718031970260815, 0.227902012962018, -0.2612664876878893, 0.6767442984703589, 0.3730804173440746, 0.29080594230145485, 0.674991525704344, 0.3197627608804496, -0.04143572995471353]], "inverted": true, "swapped": false, "error_lsq": 0.040351357966333316, "error_max": 0.27076602472359856, "target": "1071.xyz", "model": "23.xyz", "model_rescale": 4.410303926677745, "target_rescale": 4.0220554964773925},
{"mapping": [9, 14, 10, 4, 8, 6, 15, 1, 11, 12, 7, 5, 0, 3, 16], "R": [[-0.5814480402456244, -0.8113386510697059, -0.06039676957348747], [-0.653628868061381, 0.421640184703124, 0.6284813899236107], [-0.4844455380445988, 0.40490634463281217, -0.775476223197574]], "T": [-0.13507044864280196, 0.05248047289435507, 0.03101447308761852], "aligned_model": [[-0.1734545490144581, -0.611367456867558, 0.08426332460658606, 0.548104980277186, 0.4307397249584689, -0.31546783919865695, -0.03669008634891929, -0.23600815043121548, -0.5939344715786912, -0.13098792131119222, -0.5562636585205941, 0.27712458915499893, 0.08007355343208086, 0.47766993910241207, -0.0713389933302565], [0.08796634210659507, 0.4027549113191957, -0.38893700644799734, 0.0021048443788723864, 0.05107111433291748, 0.7724061445528978, 0.6272398939709277, -0.7739721901132364, -0.2645788414166082, 0.4194474431295657, -0.22966349228406616, 0.4811082042286661, -0.12805199487314764, -0.5544992374867387, -0.0393508614979274], [-0.5932349943156741, -0.2985291018109747, -0.39422340283460555, -0.0369414123294009, -0.5652770063183838, 0.1955194837329844, -0.3804306666739258, 0.2386750753588993, -0.26838273176659555, 0.7462028472315738, 0.4610400066882849, 0.23589383313641327, 0.732090002213508, 0.28670145563774696, 0.0751227189573273]], "inverted": false, "swapped": false, "error_lsq": 0.03988007729802456, "error_max": 0.2171307183227992, "target": "1071.xyz", "model": "24.xyz", "model_rescale": 4.28219845311461, "target_rescale": 4.0220554964773925},
{"mapping": [8, 1, 11, 14, 10, 0, 6, 9, 5, 4, 3, 2, 13, 12, 15], "R": [[-0.22374782846657698, -0.78380073354637, -0.5793041682472718], [0.20675641070220233, -0.6190161792897768, 0.7576745715747816], [-0.9524645378648139, 0.04975318954257085, 0.3005593522755656]], "T": [-0.06408812210647163, -0.022931266877080907, 0.1371863200809524], "aligned_model": [[-0.2698391978539557, -0.638275825215075, 0.14635588059939555, 0.646162949847025, 0.2584909521708274, -0.21618041115629627, 0.16196533022185405, -0.26842454464305177, -0.5648616003783494, -0.3743570176980834, -0.7931394432142433, 0.3677533064553405, 0.30368178122453465, 0.4904929382060047, -0.07736211363573615], [0.1342772603666137, 0.1798147526412978, -0.40618680959619236, 0.052748744053792325, -0.014001339217401758, 0.7783356374191005, 0.6651528759822851, -0.6531104268368844, -0.3975992968749367, 0.37937130261367363, -0.10314523300981265, 0.46964609399735224, -0.12358218211267324, -0.5462078514748892, 0.04953174594859098], [-0.5069394678824278, -0.06050012865792989, -0.18732189545265573, -0.12731429547417358, -0.5877742416451817, 0.1570220385454939, -0.3991318541374478, 0.271330036505457, -0.4408538789287292, 0.6630517287505187, 0.3863754765225882, 0.3363358832730192, 0.5927421875693917, 0.19233488114437672, 0.14486963677487763]], "inverted": true, "swapped": false, "error_lsq": 0.04515398264012358, "error_max": 0.36047776356729777, "target": "1071.xyz", "model": "25.xyz", "model_rescale": 4.100010024507729, "target_rescale": 4.0220554964773925},
{"mapping": [0, 1, 5, 10, 3, 11, 6, 12, 8, 13, 2, 14], "R": [[-0.3763016516298784, 0.05821373370407629, 0.9246665497296076], [0.923295961152928, -0.05933086211690586, 0.3794791389775677], [0.07695216110881464, 0.9965395175349026, -0.03142220380538946]], "T": [-0.03509726606199561, 0.1183370904244086, -0.10320031641434468], "aligned_model": [[-0.6265116544471571, 0.10206163110666502, 0.392074915419535, 0.615933813069133, -0.4321779416668695, 0.043580116922784275, -0.37377933821270165, 0.4983636256369055, -0.0475621736196759, 0.03457937078066579, -0.32199208446967925, -0.007804678156598365], [-0.39834714625302253, -0.5299752815246721, -0.22025696461783112, -0.35097239513293993, 0.6976768281106118, 0.5450309544876669, 0.10168617085072296, 0.29680848324961034, -0.4362965488962475, 0.7428616827614223, 0.17999014813316166, 0.03792545888215683], [0.050991931611420016, 0.18477058126566848, 0.6112047379841995, -0.28657087123823977, 0.0018289543008259829, 0.35859748957937965, 0.5915800328559789, -0.3043828835325112, -0.4844709499793399, -0.6251467509929063, -0.4717420574972992, -0.061467924502819675]], "inverted": false, "swapped": true, "error_lsq": 0.04678852357104472, "error_max": 0.27440689515692857, "target": "1071.xyz", "model": "26.xyz", "model_rescale": 3.6694154284099745, "target_rescale": 4.0220554964773925},
