[{"mapping": [10, 5, 11, 9, 8, 0, 6, 3, 12, 4, 1, 14], "R": [[0.9179911273656326, -0.2994400708241831, 0.2600537138030981], [-0.15003575296654648, 0.34477325562605066, 0.92661786893885], [-0.3671260858475421, -0.8896443369065095, 0.2715720731232153]], "T": [-0.14594058357756493, 0.030712299409398847, -0.03128040268323232], "aligned_model": [[-0.1511265683078699, 0.2176727644037457, 0.35279586446917355, -0.09020323538291053, -0.2284122995996268, -0.47302973041466767, 0.3390295471251037, -0.33589002877853413, 0.5624950686266973, 0.2052164268305983, -0.4496372293500439, -0.11126811716111651], [-0.44911576141755233, -0.7734393570826354, -0.13962217786214548, 0.8196915006210554, 0.29015404821230417, -0.6729661265047198, -0.265929196088173, -0.558547725788131, 0.09268199370393271, 0.3524825123007124, 0.40277646132947303, -0.04461113544706359], [-0.4892842970953848, 0.08164226236973596, -0.6091454613937856, 0.008695323522369375, -0.6872426586875755, -0.10246397564365059, 0.42568064542532147, 0.588556507749115, 0.08746239686285208, 0.42652860117992564, 0.3838976638890679, 0.06762473717557181]], "inverted": false, "swapped": true, "error_lsq": 0.047612977961530654, "error_max": 0.2599250502254513, "target": "1072.xyz", "model": "0.xyz", "model_rescale": 3.751011558992144, "target_rescale": 3.9298897328868825},
{"mapping": [13, 0, 3, 2, 1, 5, 8, 7, 11, 6, 9, 10, 4, 6, 14], "R": [[0.38903358287282286, 0.5434085572425603, -0.7438817186305184], [-0.8144507251047733, -0.17446053383162177, -0.5533837172446392], [-0.4304914491292988, 0.8211398553539737, 0.37470848692792086]], "T": [0.06426222570619584, -0.0782405700782002, -0.04818176106845519], "aligned_model": [[-0.23769505786842832, -0.528536865467274, -0.6777224460215828, -0.3166012000689075, -0.01652196502249735, 0.2660697729781154, 0.3123093790384321, -0.34608744379936585, 0.21481511099501688, 0.19222256321233738, 0.2813661909047223, 0.8351487079277328, 0.6989735630048641, 0.19222256321233738, 0.05326968478336296], [-0.05287590993663639, -0.4271507558981944, -0.09153367936008869, -0.691766192239952, -0.2815780510178515, -0.32195573754628604, -0.693781676580594, 0.22009752057988688, 0.7041164569086448, 0.36804412644503626, 0.24950882626055773, 0.18602060068741608, -0.34654368389087575, 0.36804412644503626, -0.030870301554717185], [-0.7082428424940425, 0.27174860359618663, -0.22897979667563606, -0.45100611962438475, 0.6134928816444595, -0.5866635880651656, -0.04809193091969548, 0.37876619383519305, -0.0036587335187436704, 0.541887613619486, -0.5769877962353684, -0.13958095845306545, 0.3400564742108213, 0.541887613619486, -0.07346088580489431]], "inverted": true, "swapped": false, "error_lsq": 0.05021258625741684, "error_max": 0.3783536080638018, "target": "1072.xyz", "model": "1.xyz", "model_rescale": 3.9405287249114394, "target_rescale": 3.9298897328868825},
{"mapping": [5, 0, 10, 1, 2, 11, 6, 3, 7, 13, 9, 12, 14], "R": [[-0.9055226698471267, -0.4229500808408647, -0.033792358746288276], [0.2856401974304944, -0.5487751681532952, -0.7856560904302792], [0.31374889960731345, -0.7210818566120138, 0.6177399000066058]], "T": [-0.029451255269637808, -0.14617414593678463, -0.03864647992291284], "aligned_model": [[-0.17666939334333942, 0.18314232520497647, -0.3263389064763118, 0.46228317304962957, 0.6429512538422156, -0.7824593917335559, -0.043524023791127936, 0.5639800294044736, 0.06479415676149874, -0.5821295865573167, -0.07381386921884033, -0.4543427337979984, 0.018110245939627866], [0.7258617464291308, 0.44461242130155804, 0.23548369717749007, -0.5002940176396834, -0.1102102604764656, 0.029961323891502772, 0.3240711308962982, 0.4827040259013116, -0.6235011451380189, -0.588003295027705, -0.8844615518417915, -0.028050239259804655, -0.04934124264180556], [0.05885379699679069, -0.500158061193335, -0.49276589488071587, 0.15064849801390615, -0.34761409417918443, -0.15541525795755706, 0.5187375356494618, 0.10227023277602479, -0.29826009001479337, 0.2684150652577455, 0.24447285071289934, 0.5317350966680827, 0.03220067173931937]], "inverted": false, "swapped": true, "error_lsq": 0.05115816091236718, "error_max": 0.30286272206244486, "target": "1072.xyz", "model": "2.xyz", "model_rescale": 3.932901565614263, "target_rescale": 3.9298897328868825},
{"mapping": [2, 1, 3, 7, 0, 5, 6, 10, 8, 11, 4, 13, 12, 14], "R": [[-0.04590276053660569, 0.5867250202746737, -0.808484191038268], [0.3254467418122734, -0.7563980284055556, -0.5674032436177675], [-0.9444455277139568, -0.28916392099961563, -0.15622698861987167]], "T": [0.03330718901591603, 0.021157024732442894, -0.02071362942984836], "aligned_model": [[-0.14642008287514105, 0.405083433364005, 0.08299188024716839, -0.04978733560727708, -0.5382712894650032, -0.1634321538102558, 0.41188394666374595, -0.5599203149940852, -0.33727002281258567, -0.2639437485542482, 0.6891472145940593, 0.35451110583851186, 0.4560857062201995, 0.07915157324361032], [0.048774672998755944, 0.28087452715212907, -0.646890363853006, 0.5493772512862093, -0.41471385514817294, -0.8330476544189818, -0.5923130069792186, -0.1948173664064926, 0.5310003577446399, -0.0787357854035118, -0.025501676941339438, 0.3759198824475159, -0.24206973224591893, -0.09436061188211944], [-0.7389161741338944, -0.46497195886978726, -0.5852931921344188, -0.1556253807247073, -0.3215995831474343, 0.1317792518855184, 0.09037085541756931, 0.18291745991925684, 0.3065941647399026, 0.6957661061056366, 0.04357654313854653, 0.5842032954397829, 0.5006223165495934, -0.05552734112846705]], "inverted": true, "swapped": true, "error_lsq": 0.05262313281249004, "error_max": 0.3540134220612351, "target": "1072.xyz", "model": "3.xyz", "model_rescale": 3.9243930471874484, "target_rescale": 3.9298897328868825},
{"mapping": [13, 8, 9, 4, 1, 11, 6, 7, 2, 0, 3, 5, 14], "R": [[-0.6588396007126627, -0.24337806616638918, 0.7118268732226172], [-0.7490974667070164, 0.29923627411071857, -0.5910250736047208], [-0.06916188188525413, -0.9226184309699453, -0.3794626001711454]], "T": [0.001949086169593453, -0.03608955441042191, -0.1439528872087314], "aligned_model": [[0.025296348406110905, -0.22194353941372097, 0.5408616283230516, 0.39556366781199614, 0.6288208886239521, -0.6625179064054381, -0.06853553605055325, 0.2525777431348794, 0.30784758767184384, -0.4056540732478727, 0.07430662463522099, -0.5929910178266122, 0.0035734706484950064], [-0.6406737167393629, 0.0540434755505454, -0.356059250367555, -0.5393156232902717, 0.06009620036078087, -0.3561634197173172, -0.45839148470379315, 0.1884882274138818, 0.6035322630885417, 0.5129060861601269, 0.24240359985522694, -0.1246782762765399, -0.05835852765267679], [-0.622373228955553, -0.8118946626557428, -0.6280867077509629, 0.02417648143133036, -0.11538255175090792, -0.40417633227468747, 0.44655418447986656, -0.5808425582001215, 0.07096467683509317, 0.22978657980330197, 0.6835203233646574, 0.5116570522879456, -0.01683294124325546]], "inverted": false, "swapped": true, "error_lsq": 0.04509989673648628, "error_max": 0.25081416586201405, "target": "1072.xyz", "model": "4.xyz", "model_rescale": 3.8936222436046832, "target_rescale": 3.9298897328868825},
{"mapping": [5, 3, 12, 11, 4, 1, 2, 7, 8, 10, 13, 14], "R": [[-0.4315769386305601, -0.8228286133493063, 0.36972208359243536], [-0.19005872136451918, -0.31771578007446366, -0.9289426061522634], [0.8818270967006843, -0.471179112594492, -0.019266950436152175]], "T": [-0.09248321402737922, -0.024367347290020613, 0.04385572058788718], "aligned_model": [[-0.08543173586544694, -0.6439898473902718, -0.1797987739972537, 0.5279272230154192, -0.5670634322969562, -0.5661723864190293, -0.37017667856522396, 0.03528190637417608, 0.5209874174885065, 0.42039533514820204, 0.11490062996202235, -0.17931161523904718], [-0.6763391130560129, -0.7023682376063859, 0.24944734731273843, 0.03313738023831429, 0.34551375914543453, 0.18700092250618028, -0.40705783167840753, 0.24448624035515548, 0.2592063311961781, -0.4320619903924232, 0.6620440488753484, -0.09408595178631271], [-0.5615442918430927, -0.01665205287313986, -0.6173724357816239, -0.42886407036279234, -0.22890421673865813, 0.40988610550658355, 0.6142186356587059, 0.5080930637857458, 0.26211666396793165, -0.059923378812853, -0.2403703581884311, -0.02139894504285756]], "inverted": true, "swapped": true, "error_lsq": 0.05213843118350411, "error_max": 0.25981328684284044, "target": "1072.xyz", "model": "5.xyz", "model_rescale": 3.6523030999806103, "target_rescale": 3.9298897328868825},
{"mapping": [5, 3, 2, 10, 7, 6, 1, 11, 4, 13, 9, 8, 14], "R": [[0.05412008973593897, -0.7940240147869554, 0.6054724434923351], [0.8843045590062272, -0.2435082611756845, -0.3983831995202569], [0.46376336941135854, 0.556982576640239, 0.688980367290262]], "T": [0.11467687215445024, -0.0038329659099171215, 0.04495014831535872], "aligned_model": [[0.08130248511390706, -0.16377093780375343, 0.23416223753520937, 0.6406772994649768, 0.32803525522023236, -0.4071300954231607, -0.20737497749652653, 0.43208006187020087, -0.5209561610508303, -0.044803327734533466, -0.16439249217420163, 0.6371391764357324, 0.03611438070704179], [-0.7344935593536854, -0.06662924245543363, 0.495086311933597, -0.379879424769231, 0.44813928448303425, -0.4576122608129847, 0.541096096630301, -0.6181116752225003, 0.009346438111477132, -0.13664245348267123, 0.4234429819803677, 0.07073925233131888, -0.05365484521040634], [0.551553868425854, 0.8732190716390376, 0.5794427335141284, 0.1930786092531106, -0.18812017079584642, 0.2769144647909753, 0.09364453338056651, -0.32055879450236835, -0.13458633903189993, -0.697936675665324, -0.5606474448615639, -0.4303078985807617, 0.13441378191588066]], "inverted": true, "swapped": true, "error_lsq": 0.057686200352208665, "error_max": 0.34020986559037286, "target": "1072.xyz", "model": "6.xyz", "model_rescale": 4.08911054899281, "target_rescale": 3.9298897328868825},
{"mapping": [5, 2, 7, 12, 1, 10, 11, 6, 3, 0, 4, 8, 9, 9, 14], "R": [[-0.800647051339684, -0.3459375424427246, 0.48917432057473925], [-0.47364926327828905, -0.13453416806833202, -0.8703774658262332], [0.36690690178436774, -0.928562208121163, -0.056138677149950966]], "T": [-0.0018826599522683701, -0.13719084092673128, -0.07652040011153205], "aligned_model": [[-0.23717846479299537, -0.6170190272591, -0.7532636299925686, -0.1244980464934171, 0.022238927815883963, 0.41444062080535343, 0.3252547914167347, -0.28074493327188305, 0.21420101855612017, -0.10249275641194809, 0.10418838853678684, 0.6071805533715685, 0.6152339832274918, 0.6152339832274918, 0.12045714907334644], [-0.039298303444578006, -0.11119078718470904, -0.09561057608074802, -0.7175689278802762, -0.35875687253496213, -0.38963598731975674, -0.6226780334895555, 0.2535742291861453, 0.5889976057724735, 0.42464487932661243, 0.41883248270397655, 0.11581268867947175, -0.06938405929799396, -0.06938405929799396, -0.17057860983672385], [-0.7945414060110724, 0.4441241908650968, -0.25814276650423734, -0.4716515950059687, 0.622244726019072, -0.6077654212305986, -0.03392536840104957, 0.06015973360281049, 0.15241107441447738, 0.6710586358717339, -0.4965638335244929, -0.2502448643283754, 0.4021513005179158, 0.4021513005179158, 0.02970102193140875]], "inverted": false, "swapped": false, "error_lsq": 0.05040594104590738, "error_max": 0.38668933030464286, "target": "1072.xyz", "model": "7.xyz", "model_rescale": 3.964800864290218, "target_rescale": 3.9298897328868825},
{"mapping": [13, 12, 4, 8, 1, 11, 7, 6, 5, 0, 10, 2, 3, 14], "R": [[-0.029517345612303236, -0.9985351993564416, 0.0453451425645019], [-0.9704248827912865, 0.039501153038734804, 0.23814954496729174], [-0.23959188877656418, -0.03697451223209864, -0.9701693729847778]], "T": [-0.052102475730934586, 0.07422249960761751, 0.01853628896663479], "aligned_model": [[-0.2952351658541646, 0.23865577238696056, 0.36897882524141623, -0.7506714106974596, 0.12936242126157116, -0.38660263444005544, -0.442253347610592, 0.5903448798548948, 0.3934756786772167, -0.00020906343724463872, -0.3281373916706278, 0.03868053244951332, 0.6344805548177339, 0.07031823848170989], [-0.24010446593824408, -0.452033435590788, 0.07785227428650822, -0.010951757417980185, 0.6310717754229702, -0.6327336735130418, 0.43492130471225904, -0.26990567926108017, -0.49340533993131275, 0.0544349752792023, -0.28039820041487595, 0.6883862480178682, 0.24919938547538573, 0.054615055054331445], [-0.6425523443604294, -0.37937764719160233, -0.4904958933050854, -0.07709255243444546, -0.2264649261015185, 0.020123092786664444, -0.1291158616033438, -0.01049465697998082, 0.5390022588881244, 0.7957963907192437, 0.5064689830843753, 0.42281448222087153, 0.5337962196199808, 0.05440749338216727]], "inverted": false, "swapped": true, "error_lsq": 0.04595103891588292, "error_max": 0.29122946589159376, "target": "1072.xyz", "model": "8.xyz", "model_rescale": 4.121658175737393, "target_rescale": 3.9298897328868825},
{"mapping": [5, 6, 12, 11, 3, 0, 1, 7, 9, 2, 10, 8, 14], "R": [[0.10336831390643869, 0.46306739388143975, 0.8802747187122846], [0.7156061181517621, 0.5800496724468618, -0.38916610998139944], [-0.6908131985883783, 0.6701574189831372, -0.271415103555336]], "T": [0.06289717510400461, -0.040037594684216506, -0.015272858231413802], "aligned_model": [[-0.6654335897124513, -0.22838750208324948, 0.22850553404415447, 0.11359341563642203, -0.6685534712554094, -0.658059980089039, 0.27624066565223715, 0.4072293283655489, 0.8220678113227045, -0.2595493528956935, -0.30203973941114426, 0.43495955244364176, -0.023835175582524626], [0.214502461102043, -0.17942540505258056, 0.10897479221347531, 0.70722867853983, -0.5028978327356537, 0.08654184093729236, -0.6229677429309164, -0.10185045865677403, -0.2655385802041947, -0.4908356271567096, 0.49164792832419735, 0.43908921898541364, -0.09408183395371261], [-0.4584091112890136, -0.6692834691314948, -0.7009771303263751, -0.24044593151932306, -0.1503517852838204, 0.2519651723493783, 0.11781815388898317, 0.4110334007867845, -0.016736158212189264, 0.476345787139569, 0.1401651768137631, 0.35405784731445006, -0.09410651857162286]], "inverted": false, "swapped": true, "error_lsq": 0.043958530582668805, "error_max": 0.2908404921905524, "target": "1072.xyz", "model": "9.xyz", "model_rescale": 3.833441315466971, "target_rescale": 3.9298897328868825},
{"mapping": [1, 3, 4, 6, 7, 12, 11, 2, 13, 9, 0, 10, 11, 8, 14], "R": [[-0.911771857669885, 0.097340231390691, -0.3989949359503371], [0.3849172937757337, 0.5413141207835097, -0.7475411022764844], [0.14321576908138428, -0.8351669904834498, -0.5310229199321297]], "T": [0.02693295266494837, -0.06532752329900823, -0.09716831128483787], "aligned_model": [[-0.06079555228310751, -0.6009474444557104, -0.7433913902914437, -0.30208268153648793, 0.02620857466706348, 0.31273754059133585, 0.5247087036308739, -0.2824663031868601, 0.001124899453613673, -0.03178804561228092, 0.238302630228232, 0.8114052459369744, 0.5247087036308739, 0.5151553972866572, -0.009647720250868484], [-0.05878406702768926, -0.1487403936670861, -0.25576305126780186, -0.5474627474077186, -0.4878113775361371, -0.44436707689628907, -0.446401608366104, 0.4608816367258305, 0.7283776959479171, 0.13973655624046333, 0.3568040808376237, 0.17864882746621888, -0.446401608366104, 0.18522116818726284, -0.05616236556900453], [-0.8305644017526214, 0.49707940618338614, -0.1762081520380201, -0.4443338426522041, 0.4180217943725521, -0.46820040105575594, 0.171790653027853, 0.2823396271195325, -0.16824932664256742, 0.6853984233625464, -0.5880356354158027, -0.126028402685959, 0.171790653027853, 0.45638706999047757, -0.010020736106633968]], "inverted": true, "swapped": false, "error_lsq": 0.04591401385371895, "error_max": 0.35044799634916435, "target": "1072.xyz", "model": "10.xyz", "model_rescale": 4.2482417240324, "target_rescale": 3.9298897328868825},
{"mapping": [11, 13, 4, 1, 5, 3, 6, 2, 7, 0, 10, 14], "R": [[-0.8699549315904365, -0.20480594152769482, 0.44858995008407554], [-0.27002682769607284, -0.5633340883777346, -0.7808586409818501], [0.4126304997523502, -0.8004431467547093, 0.43477216963318227]], "T": [0.03002098395603986, -0.08493359624319097, -0.1000437507179967], "aligned_model": [[-0.7207644363521912, -0.18237854537864345, 0.25051620002728464, 0.6542779802307819, -0.5076914933635166, 0.2540796826622954, -0.1271672051547221, 0.5432824669054135, 0.30477077792412943, -0.14601392109311687, -0.48048426829118424, 0.03433836424647663], [-0.3006307190337041, -0.7893037383303136, -0.28858985481674637, -0.1644214351615207, 0.5617284527013962, 0.7262664601393991, 0.21582231631407622, 0.3375435980434286, -0.3987607822541176, 0.5970684816445746, 0.15965115109196046, 0.009757459712206137], [-0.13846130801521522, 0.1316937522128949, 0.4884648625703842, -0.016251708926516117, 0.1903345679309313, 0.14338618298204914, 0.5455903238778164, -0.42708379781444455, -0.4608034164724547, -0.43336434128526236, -0.4458646848591668, -0.012448142346659502]], "inverted": false, "swapped": true, "error_lsq": 0.05126171553159111, "error_max": 0.27757186175654136, "target": "1072.xyz", "model": "11.xyz", "model_rescale": 3.6694154284099745, "target_rescale": 3.9298897328868825},
{"mapping": [1, 3, 6, 0, 2, 9, 7, 13, 10, 11, 12, 8, 4, 14], "R": [[0.36874910853148113, -0.5268133253841296, 0.7658275361691778], [-0.5312272991604097, 0.5566451458816384, 0.6387047347508442], [-0.7627723458437483, -0.6423502952160333, -0.07459521869329487]], "T": [0.09641810553803945, 0.0411162140217578, -0.03987829283753171], "aligned_model": [[-0.09297779072239451, 0.17153561312983648, -0.347964669867068, 0.6950200193820382, 0.4952553723137624, -0.33690932599060053, 0.261878785664989, -0.3682874569870095, 0.574732896251228, 0.1428871518154488, -0.48980183823572376, 0.3861959338511518, -0.5476745519245722, 0.0543747115747235], [-0.37580572068816076, 0.5357281045513733, 0.5919502552552414, 0.47998916909179434, -0.1286342884779842, -0.6078517061578257, -0.48280499278156885, -0.20551578032544485, 0.3948490906827633, 0.3584631233140639, 0.3485480590482416, -0.3062994877119954, -0.007246512384609438, 0.13561797472036513], [-0.47958446181734066, -0.7590600517567796, -0.21626256638511865, -0.2771208189271896, -0.6407053257750379, 0.09525447993280098, 0.007575061037466677, 0.5241913189238827, 0.25357944286797274, 0.6734319284104798, 0.24587160997010818, 0.5075970277704578, -0.17859417216787601, -0.11707801243141136]], "inverted": true, "swapped": true, "error_lsq": 0.053746221672980134, "error_max": 0.3079386900916339, "target": "1072.xyz", "model": "12.xyz", "model_rescale": 3.9764082729961374, "target_rescale": 3.9298897328868825},
{"mapping": [0, 12, 9, 5, 13, 4, 6, 1, 8, 10, 7, 3, 14, 11, 15], "R": [[-0.24094602900850523, 0.8479931079070914, 0.4720727698640378], [-0.96505929605006, -0.26094632935182593, -0.02382369209781396], [0.10298332977912297, -0.4613184389766798, 0.881237613613788]], "T": [0.006185633230748201, -0.0727520187969311, -0.020647635449856407], "aligned_model": [[-0.27742315539927026, -0.45593456266674215, -0.5485473449778387, -0.3631358435177827, 0.10017409948340555, 0.23147450130289457, 0.3561016573851624, -0.44907935587317305, 0.21443004290397663, -0.16430471064766436, 0.265473673960476, 0.754849504228059, 0.6995520492267705, 0.46118043851142915, 0.09842156388916282], [0.027383383851907528, -0.19245306577719504, -0.16252565730472002, -0.718833740092937, -0.3994029629415862, -0.3796953870930558, -0.7510792715735557, 0.3427904625367724, 0.5875524095181814, 0.39904598501397986, 0.2498501489323478, 0.3066497925685281, -0.29136371678909584, 0.22303304114572137, -0.08317575269391111], [-0.6814402577228579, 0.4028262348700984, -0.23444928005187157, -0.40665794885377704, 0.48821961156824106, -0.6296586504249786, 0.012363270016614906, 0.13226022623236955, 0.12177836089859867, 0.6074340353561987, -0.6528906680203224, -0.08389414610097393, 0.3114065442330422, 0.5590381624025038, -0.07516876566824959]], "inverted": false, "swapped": false, "error_lsq": 0.03572831943811489, "error_max": 0.24725604963438919, "target": "1072.xyz", "model": "13.xyz", "model_rescale": 4.170626492500431, "target_rescale": 3.9298897328868825},
{"mapping": [12, 9, 6, 1, 5, 0, 3, 13, 11, 7, 8, 2, 10, 14], "R": [[0.8775076063031588, 0.47916623150999765, 0.019496755130220866], [0.11310143101378561, -0.16727433794623686, -0.9794015326551629], [-0.4660348347309827, 0.8616374054352304, -0.20097889036441163]], "T": [-0.046444842187181506, -0.0313913135438076, 0.11680827144898312], "aligned_model": [[0.341130678343016, 0.0017524394817914554, -0.07780567618932638, -0.5383868176221358, 0.0707111705570142, -0.2480751838775552, -0.6642103600124589, 0.49943270564924436, 0.70692693109854, -0.11221217708069722, 0.3994034219975845, -0.700476986278057, 0.26569541234266736, -0.10070253631798393], [-0.18249676231666645, -0.8182654649221347, 0.1385719692785805, -0.43209797382665993, 0.7038588660534425, 0.7040025025216057, 0.4681474885591009, -0.564832104137607, 0.1773416957032588, -0.34124062356841295, -0.17380405706930668, 0.14040513552425726, 0.5130837685040358, 0.023400027622171568], [-0.47206652679422345, 0.1922998772497606, -0.5918062814612672, 0.13833698277996181, -0.37033413466222576, 0.27730399954658286, -0.2524243310415405, 0.005400223764686879, 0.09354011932661174, 0.56823993974286, 0.6509768048472094, 0.4194755087906342, 0.3316216235067838, 0.01330929552503185]], "inverted": false, "swapped": true, "error_lsq": 0.05029687193008677, "error_max": 0.2729028063286861, "target": "1072.xyz", "model": "14.xyz", "model_rescale": 3.9786697098870705, "target_rescale": 3.9298897328868825},
{"mapping": [8, 0, 13, 9, 11, 12, 2, 6, 4, 1, 5, 14], "R": [[-0.3104675128489248, 0.022810286516208866, -0.9503102726449142], [-0.8514732760097777, 0.43778302000971137, 0.28868544755902326], [0.42261469887662395, 0.8987912539740388, -0.1164950560032281]], "T": [-0.047027750583446916, -0.10462129284836101, -0.0484961877538323], "aligned_model": [[0.015021248361936808, -0.8163494197006962, 0.6211500225418475, 0.6413830338877176, -0.013938035716659476, 0.4055118046235629, -0.490937392587992, 0.044411594310914675, 0.4833177090220733, 0.1649134295694382, -0.4968211688514151, -0.07430822869339174], [-0.3144078566039687, 0.005838502929177897, 0.024171495402823998, -0.4889245774130014, 0.40706716998218967, 0.4547792986312043, -0.5914323575797051, 0.4629441834870179, 0.01308355690970843, -0.5628667175690003, 0.6390094330206689, -0.034587640972676595], [-0.7241718537840147, 0.00772250200713781, -0.4116821023841791, -0.12329236352937326, -0.6390551539988136, -0.002669361609839903, 0.29038246156928865, 0.4004067864964521, 0.32742356658256394, 0.33637819055610163, 0.1420958010023615, 0.05642802096614492]], "inverted": true, "swapped": true, "error_lsq": 0.05720048752641205, "error_max": 0.28824408319286243, "target": "1072.xyz", "model": "15.xyz", "model_rescale": 3.769337070930944, "target_rescale": 3.9298897328868825},
{"mapping": [5, 11, 3, 6, 0, 10, 2, 8, 1, 4, 14], "R": [[-0.7160531961903097, 0.6276975510393544, -0.3053909046531006], [-0.6642136896646588, -0.7472325334130528, 0.02153405375612505], [-0.21468114655857085, 0.2182643475886712, 0.9519835502171188]], "T": [0.036710464381915435, -0.02465498171329441, 0.17649615875943858], "aligned_model": [[-0.3751268792238722, -0.21272403050930155, -0.04631966967092555, -0.5968183620621406, 0.33735683301863556, 0.19524316649647386, 0.5575548344052254, 0.37184450653468354, 0.1756083567049873, -0.4481292987323353, -0.03586332627025956], [0.051280050703736375, -0.7193007990369626, 0.6957493553203158, 0.24968501237068472, 0.13179054273079122, -0.3752888088940889, 0.4929035359777647, -0.6289480616793388, 0.4191852366084042, 0.21601093020369205, 0.06299750332034318], [-0.608519735993832, -0.08221125526129425, -0.31506213135944344, -0.05884274096537678, -0.5251834668831868, -0.36383034557667016, 0.07783590862299097, 0.3405483869166297, 0.608641338426886, 0.5552397696964145, 0.11560187960065964]], "inverted": false, "swapped": true, "error_lsq": 0.0466456739250978, "error_max": 0.23389769344899974, "target": "1072.xyz", "model": "16.xyz", "model_rescale": 3.7852294659196426, "target_rescale": 3.9298897328868825},
{"mapping": [11, 9, 4, 13, 8, 7, 2, 1, 6, 5, 0, 3, 14], "R": [[-0.3914402992212841, 0.9110167393353877, 0.12970348027817286], [0.5094309217217486, 0.09715976270343651, 0.8550088400157873], [0.7663254061684772, 0.40075987968125093, -0.5021323438084706]], "T": [-0.06761843687297295, 0.07597893669906434, -0.018114208075817928], "aligned_model": [[-0.05014625439662518, -0.39799284988024675, 0.27300823156814813, -0.18758603113609457, -0.6591495187597018, -0.5865728332552118, -0.2344138180257708, -0.17057760309061093, 0.6574300197620608, 0.617740022255051, 0.038614631331046076, 0.5006835123535044, 0.05272834149073412], [-0.14984929229362304, -0.550415781660775, -0.37832390959193263, -0.6634609594373376, -0.09099205356136421, 0.009843823945575245, 0.6449863412897627, 0.015027876412941663, -0.003401532028520046, 0.4429003057543559, 0.8165057519018906, 0.6686477127181436, 0.11358734025375672], [-0.7666970282538781, 0.3363929070220568, 0.319552486283721, -0.2019335316481231, -0.37393685187636183, 0.1563420034414058, 0.4260585019408844, 0.6053604093251004, -0.015100783278023772, -0.45087115277338874, -0.2361791280435332, 0.28730776395582874, 0.00945910104748569]], "inverted": true, "swapped": true, "error_lsq": 0.04756697039973272, "error_max": 0.33555356219428234, "target": "1072.xyz", "model": "17.xyz", "model_rescale": 3.901054581598922, "target_rescale": 3.9298897328868825},
{"mapping": [13, 0, 3, 2, 1, 5, 8, 7, 11, 6, 9, 10, 4, 6, 14], "R": [[0.38903358287282286, 0.5434085572425603, -0.7438817186305184], [-0.8144507251047733, -0.17446053383162177, -0.5533837172446392], [-0.4304914491292988, 0.8211398553539737, 0.37470848692792086]], "T": [0.06426222570619584, -0.0782405700782002, -0.04818176106845519], "aligned_model": [[-0.23769505786842832, -0.528536865467274, -0.6777224460215828, -0.3166012000689075, -0.01652196502249735, 0.2660697729781154, 0.3123093790384321, -0.34608744379936585, 0.21481511099501688, 0.19222256321233738, 0.2813661909047223, 0.8351487079277328, 0.6989735630048641, 0.19222256321233738, 0.05326968478336296], [-0.05287590993663639, -0.4271507558981944, -0.09153367936008869, -0.691766192239952, -0.2815780510178515, -0.32195573754628604, -0.693781676580594, 0.22009752057988688, 0.7041164569086448, 0.36804412644503626, 0.24950882626055773, 0.18602060068741608, -0.34654368389087575, 0.36804412644503626, -0.030870301554717185], [-0.7082428424940425, 0.27174860359618663, -0.22897979667563606, -0.45100611962438475, 0.6134928816444595, -0.5866635880651656, -0.04809193091969548, 0.37876619383519305, -0.0036587335187436704, 0.541887613619486, -0.5769877962353684, -0.13958095845306545, 0.3400564742108213, 0.541887613619486, -0.07346088580489431]], "inverted": true, "swapped": false, "error_lsq": 0.05021258625741684, "error_max": 0.3783536080638018, "target": "1072.xyz", "model": "18.xyz", "model_rescale": 3.9405287249114394, "target_rescale": 3.9298897328868825},
{"mapping": [10, 6, 2, 3, 0, 14, 12, 5, 9, 8, 11, 13, 4, 7, 15], "R": [[-0.6139995482050834, 0.4420898684998213, 0.6538815664734435], [0.37008293362484385, 0.8929656991592644, -0.2562242813720741], [-0.697167969031555, 0.08466881536207464, -0.7118904513066598]], "T": [0.13648149702198192, -0.14473367043422564, 0.009858907868060526], "aligned_model": [[-0.26920440004378093, -0.5051587144857907, -0.7002656693413554, -0.11164454973919258, -0.01339698995213251, 0.3744975559851824, 0.41673924907753773, -0.4101015874015325, 0.2721749702898147, -0.1329421121427044, 0.11902100588978243, 0.6760261394837079, 0.5762604915801575, 0.5289870690668735, 0.10224009954229851], [-0.11188798530715607, -0.11229878553001671, -0.021583877584503655, -0.8017899492072349, -0.40445439882820694, -0.27209434558718126, -0.6065372269701459, 0.47071443408966124, 0.6091187646604999, 0.19131219047850595, 0.3661597467751307, 0.10522819223315727, -0.3835423576386392, 0.26763549492956346, -0.13820422721205244], [-0.6626320964115557, 0.39134189937584896, -0.1901750670388106, -0.4719492555306124, 0.6285315517927788, -0.7159968465187151, -0.08142159274918219, 0.12704766679526996, 0.05785509907944594, 0.6317562094573602, -0.4979759564346823, -0.3027758492762271, 0.5429910448446109, 0.42400452997727367, -0.009434608628166582]], "inverted": false, "swapped": false, "error_lsq": 0.044750141629500126, "error_max": 0.2836387101070785, "target": "1072.xyz", "model": "19.xyz", "model_rescale": 4.410303926677745, "target_rescale": 3.9298897328868825},
{"mapping": [13, 12, 4, 8, 1, 11, 7, 6, 5, 0, 10, 2, 3, 14], "R": [[-0.029517345612303236, -0.9985351993564416, 0.0453451425645019], [-0.9704248827912865, 0.039501153038734804, 0.23814954496729174], [-0.23959188877656418, -0.03697451223209864, -0.9701693729847778]], "T": [-0.052102475730934586, 0.07422249960761751, 0.01853628896663479], "aligned_model": [[-0.2952351658541646, 0.23865577238696056, 0.36897882524141623, -0.7506714106974596, 0.12936242126157116, -0.38660263444005544, -0.442253347610592, 0.5903448798548948, 0.3934756786772167, -0.00020906343724463872, -0.3281373916706278, 0.03868053244951332, 0.6344805548177339, 0.07031823848170989], [-0.24010446593824408, -0.452033435590788, 0.07785227428650822, -0.010951757417980185, 0.6310717754229702, -0.6327336735130418, 0.43492130471225904, -0.26990567926108017, -0.49340533993131275, 0.0544349752792023, -0.28039820041487595, 0.6883862480178682, 0.24919938547538573, 0.054615055054331445], [-0.6425523443604294, -0.37937764719160233, -0.4904958933050854, -0.07709255243444546, -0.2264649261015185, 0.020123092786664444, -0.1291158616033438, -0.01049465697998082, 0.5390022588881244, 0.7957963907192437, 0.5064689830843753, 0.42281448222087153, 0.5337962196199808, 0.05440749338216727]], "inverted": false, "swapped": true, "error_lsq": 0.04595103891588292, "error_max": 0.29122946589159376, "target": "1072.xyz", "model": "20.xyz", "model_rescale": 4.121658175737393, "target_rescale": 3.9298897328868825},
{"mapping": [5, 3, 2, 10, 7, 6, 1, 11, 4, 13, 9, 8, 14], "R": [[0.05412008973593897, -0.7940240147869554, 0.6054724434923351], [0.8843045590062272, -0.2435082611756845, -0.3983831995202569], [0.46376336941135854, 0.556982576640239, 0.688980367290262]], "T": [0.11467687215445024, -0.0038329659099171215, 0.04495014831535872], "aligned_model": [[0.08130248511390706, -0.16377093780375343, 0.23416223753520937, 0.6406772994649768, 0.32803525522023236, -0.4071300954231607, -0.20737497749652653, 0.43208006187020087, -0.5209561610508303, -0.044803327734533466, -0.16439249217420163, 0.6371391764357324, 0.03611438070704179], [-0.7344935593536854, -0.06662924245543363, 0.495086311933597, -0.379879424769231, 0.44813928448303425, -0.4576122608129847, 0.541096096630301, -0.6181116752225003, 0.009346438111477132, -0.13664245348267123, 0.4234429819803677, 0.07073925233131888, -0.05365484521040634], [0.551553868425854, 0.8732190716390376, 0.5794427335141284, 0.1930786092531106, -0.18812017079584642, 0.2769144647909753, 0.09364453338056651, -0.32055879450236835, -0.13458633903189993, -0.697936675665324, -0.5606474448615639, -0.4303078985807617, 0.13441378191588066]], "inverted": true, "swapped": true, "error_lsq": 0.057686200352208665, "error_max": 0.34020986559037286, "target": "1072.xyz", "model": "21.xyz", "model_rescale": 4.08911054899281, "target_rescale": 3.9298897328868825},
{"mapping": [15, 0, 4, 1, 6, 11, 8, 13, 12, 7, 14, 9, 5, 10, 16], "R": [[-0.07466846942340793, 0.9930119031708688, 0.09138916694518318], [0.9812765345367271, 0.05684998712169037, 0.18402293805896824], [0.17754149498513533, 0.10341875615782951, -0.9786641806223472]], "T": [0.014315877668848384, -0.05019773452454454, -0.08116762426288929], "aligned_model": [[0.07264759856505941, -0.5664341011808861, -0.6724118910977442, -0.27206737834555605, 0.04073354835731183, 0.41229654468160887, 0.23609206756662976, -0.35103504319990236, 0.1755844188287648, -0.0837353047221092, 0.08829555476221328, 0.6320339632466826, 0.6931472380119822, 0.5438332699733237, -0.025747927638512982], [-0.13100961908003628, -0.3231784574354032, 0.066920104942257, -0.7437890516434228, -0.42318385724560126, -0.5704075476628099, -0.6940355019055496, 0.44981472079424034, 0.6501281526154726, 0.1966366635984346, 0.4551443868756131, 0.2910486987064669, -0.19729264330665042, 0.17146831986793867, -0.04048869981956821], [-0.8033683356624624, 0.3527567760240411, -0.11248166506321988, -0.33984521656250644, 0.5636172914138635, -0.4772562119010296, 0.04940905416147165, 0.14956212062206056, 0.0876684366594889, 0.5785709099644478, -0.4697277015521203, -0.1787527159505378, 0.042445182408757706, 0.4859398618383556, -0.05737105766597465]], "inverted": false, "swapped": false, "error_lsq": 0.04348689683119616, "error_max": 0.2766146599646824, "target": "1072.xyz", "model": "22.xyz", "model_rescale": 4.204369325754507, "target_rescale": 3.9298897328868825},
{"mapping": [10, 6, 2, 3, 0, 14, 12, 5, 9, 8, 11, 13, 4, 7, 15], "R": [[-0.6139995482050834, 0.4420898684998213, 0.6538815664734435], [0.37008293362484385, 0.8929656991592644, -0.2562242813720741], [-0.697167969031555, 0.08466881536207464, -0.7118904513066598]], "T": [0.13648149702198192, -0.14473367043422564, 0.009858907868060526], "aligned_model": [[-0.26920440004378093, -0.5051587144857907, -0.7002656693413554, -0.11164454973919258, -0.01339698995213251, 0.3744975559851824, 0.41673924907753773, -0.4101015874015325, 0.2721749702898147, -0.1329421121427044, 0.11902100588978243, 0.6760261394837079, 0.5762604915801575, 0.5289870690668735, 0.10224009954229851], [-0.11188798530715607, -0.11229878553001671, -0.021583877584503655, -0.8017899492072349, -0.40445439882820694, -0.27209434558718126, -0.6065372269701459, 0.47071443408966124, 0.6091187646604999, 0.19131219047850595, 0.3661597467751307, 0.10522819223315727, -0.3835423576386392, 0.26763549492956346, -0.13820422721205244], [-0.6626320964115557, 0.39134189937584896, -0.1901750670388106, -0.4719492555306124, 0.6285315517927788, -0.7159968465187151, -0.08142159274918219, 0.12704766679526996, 0.05785509907944594, 0.6317562094573602, -0.4979759564346823, -0.3027758492762271, 0.5429910448446109, 0.42400452997727367, -0.009434608628166582]], "inverted": false, "swapped": false, "error_lsq": 0.044750141629500126, "error_max": 0.2836387101070785, "target": "1072.xyz", "model": "23.xyz", "model_rescale": 4.410303926677745, "target_rescale": 3.9298897328868825},
{"mapping": [7, 9, 11, 13, 15, 12, 6, 10, 3, 8, 0, 2, 5, 4, 16], "R": [[-0.9635568715981502, -0.1484031347736755, -0.22256384429042575], [0.25283449851721185, -0.7769710486368604, -0.5765333519751378], [-0.0873663067522977, -0.6117944909603913, 0.7861772251057516]], "T": [-0.07512583845793443, -0.10419483880877312, -0.033777446077020365], "aligned_model": [[-0.23894366368301834, -0.4482275014410939, -0.7025630876785388, -0.13703140575664444, 0.000441042716196563, 0.498839005919979, 0.20262260705787127, -0.35786653955443476, 0.2389007180348383, -0.02842446511126892, 0.40318385452816335, 0.6858653303052836, 0.5128442722483502, 0.3381751213318426, -0.04458273110865997], [-0.07686426793221635, -0.16067725997926205, -0.07382179169263245, -0.6717153218260568, -0.5488657955945613, -0.4087564756260773, -0.8117130794496262, 0.38271111876443, 0.7349737997417345, 0.18424711922554438, 0.16869679290234973, 0.39463885386548114, -0.25511067811213506, 0.2922264209338124, 0.007806234080597149], [-0.6774758667030021, 0.46624742211085746, -0.11201722438783147, -0.44399059301698757, 0.5192791310428759, -0.5070452366365513, -0.04688583780992005, 0.2929705159652803, -0.11399155035201967, 0.7345498837943818, -0.5506292681921733, -0.10414319979101981, 0.13089675284720126, 0.3482132271757453, -0.06481142731220083]], "inverted": false, "swapped": false, "error_lsq": 0.04121322842702203, "error_max": 0.24879428065061862, "target": "1072.xyz", "model": "24.xyz", "model_rescale": 4.28219845311461, "target_rescale": 3.9298897328868825},
{"mapping": [10, 1, 8, 6, 4, 14, 2, 1, 9, 3, 11, 12, 13, 7, 15], "R": [[0.8396096397165927, 0.26056044184049465, 0.4766171514358874], [-0.008413631124157828, -0.8710969904354003, 0.4910389435326843], [0.5431250902934609, -0.4162911113659218, -0.7291891708544812]], "T": [0.09122377866384293, -0.040591714257905254, 0.01751244913889978], "aligned_model": [[-0.1630650392152739, -0.49536348319829926, -0.5194474181634745, -0.35978742654924434, 0.07205967097317154, 0.3673473230345371, 0.32398691102487687, -0.49536348319829926, 0.2763306542147691, -0.20562156482550178, 0.16614273135189006, 0.692683170315867, 0.6676935689177277, 0.5353981362971382, 0.060238806828980244], [-0.09642186279182918, 0.026979832492697364, -0.028928982363802373, -0.6966824896023687, -0.34136631458561767, -0.3639661815354906, -0.683780591523941, 0.026979832492697364, 0.5992899477041136, 0.29614902993596426, 0.2602033577289302, 0.20721698760081156, -0.14736447481706283, 0.2015171068702159, -0.10204952830393589], [-0.732104126481063, 0.26495308674209733, -0.3124735005302974, -0.4047800114155848, 0.6837075780612277, -0.6144126785872668, -0.012644088504796716, 0.26495308674209733, 0.13223205159361634, 0.648807830167683, -0.4301331098083047, -0.3840561598305997, 0.11342186194193649, 0.6088147952387828, 0.04488011340510842]], "inverted": false, "swapped": false, "error_lsq": 0.04917653567471661, "error_max": 0.4312434146960819, "target": "1072.xyz", "model": "25.xyz", "model_rescale": 4.100010024507729, "target_rescale": 3.9298897328868825},
{"mapping": [11, 13, 4, 1, 5, 3, 6, 2, 7, 0, 10, 14], "R": [[-0.8699549315904365, -0.20480594152769482, 0.44858995008407554], [-0.27002682769607284, -0.5633340883777346, -0.7808586409818501], [0.4126304997523502, -0.8004431467547093, 0.43477216963318227]], "T": [0.03002098395603986, -0.08493359624319097, -0.1000437507179967], "aligned_model": [[-0.7207644363521912, -0.18237854537864345, 0.25051620002728464, 0.6542779802307819, -0.5076914933635166, 0.2540796826622954, -0.1271672051547221, 0.5432824669054135, 0.30477077792412943, -0.14601392109311687, -0.48048426829118424, 0.03433836424647663], [-0.3006307190337041, -0.7893037383303136, -0.28858985481674637, -0.1644214351615207, 0.5617284527013962, 0.7262664601393991, 0.21582231631407622, 0.3375435980434286, -0.3987607822541176, 0.5970684816445746, 0.15965115109196046, 0.009757459712206137], [-0.13846130801521522, 0.1316937522128949, 0.4884648625703842, -0.016251708926516117, 0.1903345679309313, 0.14338618298204914, 0.5455903238778164, -0.42708379781444455, -0.4608034164724547, -0.43336434128526236, -0.4458646848591668, -0.012448142346659502]], "inverted": false, "swapped": true, "error_lsq": 0.05126171553159111, "error_max": 0.27757186175654136, "target": "1072.xyz", "model": "26.xyz", "model_rescale": 3.6694154284099745, "target_rescale": 3.9298897328868825},
