[{"mapping": [2, 4, 11, 9, 10, 3, 8, 6, 13, 14, 1, 15], "R": [[-0.6793506551427787, -0.1142789840258632, -0.7248606770732529], [0.716422962120916, -0.3170676895478081, -0.6214549216079214], [-0.1588106630644504, -0.9414926415298379, 0.2972722308628883]], "T": [-0.010849985897244174, -0.03944145692215788, 0.08203812091839228], "aligned_model": [[-0.34290708708427364, 0.2369888531518405, 0.36134160921309905, -0.1669945362980386, -0.1208568228614339, -0.4754467128028109, 0.43587729353147125, -0.29539427829350984, 0.7268891074483574, 0.19622972626116508, -0.7418714589564477, 0.02378676915113037], [-0.35537049573438756, -0.6919990228687336, -0.18445589982967076, 0.5669084785770145, 0.37484828991849617, -0.4194935432634172, -0.31095298693930046, -0.5529318397130668, 0.003584567938150776, 0.5296275726968832, 0.09415112256382425, -0.0003612073687351697], [-0.577843400143136, -0.08075800298386727, -0.5546393782136466, -0.03487897877593789, -0.6135902439128582, 0.06690167917920405, 0.5555880556780781, 0.672302036119216, 0.06234582155551395, 0.3313285976516009, 0.2447994712215144, 0.11039608797788131]], "inverted": true, "swapped": true, "error_lsq": 0.044839840832124556, "error_max": 0.2292921815896946, "target": "1073.xyz", "model": "0.xyz", "model_rescale": 3.751011558992144, "target_rescale": 4.17202317527765},
{"mapping": [2, 3, 11, 10, 6, 13, 1, 0, 4, 14, 7, 5, 9, 12, 15], "R": [[-0.9748275187700167, 0.09921533264167455, -0.19966879179655206], [-0.21474966287424208, -0.1770254040260998, 0.9604918472453557], [0.05994906958487659, 0.9791926899738367, 0.19387569460277793]], "T": [-0.04608508462034863, 0.0001948522533788341, 0.014914208835410331], "aligned_model": [[0.028086765630176647, 0.0933783018828343, -0.4287581424836274, 0.2938255935454549, -0.13195001530530748, -0.6069586137491502, 0.6161395964901406, 0.5552013443033226, -0.6382376344159023, 0.13336329336655015, -0.07910034217593015, 0.4976136321760092, 0.4456931229563993, -0.18918237725469664, -0.0500283138772393], [-0.07438100536371806, -0.5027216804141315, 0.4063801721784226, 0.5679401972462275, -0.7943713821174863, 0.4307352606802478, -0.37367535270126634, 0.007505678312140489, -0.24254021416964158, 0.3840277857019121, -0.24353139474764068, -0.14194002185361737, 0.39546488513668887, 0.6979529201461565, 0.031911501792812054], [-0.781611795726347, -0.2819759119954897, -0.48856253013724843, -0.4644210335386227, 0.24802583449664115, 0.23067758931063248, -0.00533844766056942, -0.3571080225633287, -0.30787533602649164, 0.5142516381226628, 0.7497251655564597, 0.6010207318684792, 0.10224558210801293, 0.02560232428457678, 0.06501061675260865]], "inverted": false, "swapped": true, "error_lsq": 0.036567880943821324, "error_max": 0.20235807361319982, "target": "1073.xyz", "model": "1.xyz", "model_rescale": 3.9405287249114394, "target_rescale": 4.17202317527765},
{"mapping": [13, 7, 14, 3, 1, 12, 4, 6, 0, 10, 2, 11, 15], "R": [[0.035289812910404283, 0.2884704274130172, -0.9568382525865593], [0.7235174011278434, 0.653095539934446, 0.22358172103941396], [0.6894035098329283, -0.7001792829168012, -0.18566575452719813]], "T": [-0.011552003662285787, 0.028425573437274844, -0.030994014525576954], "aligned_model": [[-0.5150189532176812, 0.2934198014405057, -0.30409917475296155, 0.47656331361803783, 0.474657349795386, -0.7191890892000079, 0.08407653313411895, 0.772467424893839, 0.05584215831555914, -0.5511409120050563, -0.0038154796706500738, -0.5294517345370433, -0.03832795853011523], [0.5451872216436742, 0.5983934527870731, 0.24652195566727622, -0.2544529294752991, -0.4189787132776553, 0.0949879194986239, 0.21337184172077056, 0.30123538260852095, -0.6541297423767547, -0.5845013635163236, -0.5966582212610493, -0.09786910034232357, 0.06572488989548342], [0.13017802079152682, -0.458274305936035, -0.5747930860529794, 0.17453459291996412, -0.40803578589744915, -0.07870776033414666, 0.6548690226553936, 0.03175676880600084, -0.20296967043551686, -0.05929066492973291, 0.4737109425078353, 0.49885835562892544, -0.068716080135142]], "inverted": false, "swapped": true, "error_lsq": 0.042701208488173, "error_max": 0.25242747059221915, "target": "1073.xyz", "model": "2.xyz", "model_rescale": 3.932901565614263, "target_rescale": 4.17202317527765},
{"mapping": [6, 4, 8, 3, 7, 14, 13, 5, 0, 9, 11, 2, 12, 15], "R": [[-0.6066924025665708, 0.6907735750219494, -0.393390641372412], [0.24919666783034952, 0.6351915911635739, 0.7310490156325621], [0.754867769486983, 0.3454902467023965, -0.5575043856538393]], "T": [0.03281048919002416, -0.05072549207206904, 0.02952588539064034], "aligned_model": [[-0.32906430302801276, 0.5623188232963695, 0.1024245296952233, -0.08881034309829665, -0.44720648880125674, -0.239260638251661, 0.4846123002092719, -0.7517049350633103, -0.198806241377694, -0.2334144732102591, 0.7494824380247637, 0.3995029502874268, 0.39052583592382395, 0.01921045744631509], [0.16583375878024048, 0.13780452117851666, -0.4649692843344047, 0.49556125369762033, -0.5029546891887489, -0.5868697482623846, -0.6323598253391374, -0.25370625804939945, 0.4309699079232477, -0.17041609895008986, -0.0011962019833466203, 0.6336453632873996, -0.4798215033509935, -0.10802455705803103], [-0.6882470890028582, -0.41526103346891247, -0.5371215179966806, -0.18795511010573052, -0.37730588197922543, 0.28912932838741684, -0.03430687457293939, 0.08115757311434377, 0.4924757640868254, 0.5956613825296111, 0.2505285487237075, 0.23614115385090556, 0.4715368989369451, 0.03746322055368896]], "inverted": true, "swapped": true, "error_lsq": 0.034283708980063235, "error_max": 0.17490969951727472, "target": "1073.xyz", "model": "3.xyz", "model_rescale": 3.9243930471874484, "target_rescale": 4.17202317527765},
{"mapping": [11, 9, 2, 4, 3, 13, 8, 0, 1, 5, 6, 7, 15], "R": [[0.03287983928469668, -0.6666289061542098, -0.7446642314817157], [-0.8546693775963504, 0.3674973144128242, -0.36672330018479715], [0.5181304576722735, 0.6484995184107724, -0.5576640596751031]], "T": [-0.037609738267857115, -0.11500656355515708, -0.16167152859755352], "aligned_model": [[0.0979561107125488, -0.3210796832678871, 0.6445663855137979, 0.33584258670330774, 0.5094170555573586, -0.4976701252148416, -0.30327500950462877, 0.28415081085976235, 0.23786062190036877, -0.3903128251509892, 0.2528457838367048, -0.47628615059637713, -0.09680967503777273], [-0.6903356690428568, 0.27700921892225633, -0.21682932485541706, -0.6932394144536763, 0.06352642933699591, -0.6932126508316586, -0.4591853844108365, 0.3618403184853402, 0.5919474897041678, 0.5700476877593086, 0.04513490703993768, 0.08536548190872496, -0.11423953588069899], [-0.6259261257665316, -0.5760136452969685, -0.5737207480792248, 0.038173851855234475, 0.009811637160805492, -0.18447846435088466, 0.3937528287743757, -0.572872888704361, -0.1063300814818417, 0.09451722737041973, 0.6018987800295287, 0.4448378954752844, -0.1565799516148726]], "inverted": false, "swapped": true, "error_lsq": 0.0414922547726232, "error_max": 0.2125174635865679, "target": "1073.xyz", "model": "4.xyz", "model_rescale": 3.8936222436046832, "target_rescale": 4.17202317527765},
{"mapping": [12, 14, 13, 11, 8, 7, 1, 3, 2, 10, 4, 15], "R": [[0.14247545410228904, 0.988892642632921, 0.042333040580908976], [-0.8193148844935321, 0.09383031430391794, 0.5656138189303531], [0.5553592216085881, -0.11527017595243938, 0.8235829779143067]], "T": [-0.12844549532620914, -0.029714164423987083, 0.06722653199897832], "aligned_model": [[-0.030891729738111662, -0.5481608532514847, -0.29756022341631144, 0.4156921213219828, -0.616963895210304, -0.8941210274323246, -0.13758190179556046, 0.08789735073431404, 0.647531143472609, 0.4541393403425796, 0.12032245932931493, -0.17275474214160638], [-0.4221294726243484, -0.5002340124637275, 0.024742933836980924, 0.027620347258045685, 0.39328238462561416, 0.05247721705741598, -0.22423327931174483, 0.2719531487742525, 0.09253509832728322, -0.5918145522145741, 0.6016163968859205, -0.05689330504131085], [-0.5192467248424527, -0.1097406976548605, -0.6503615312461354, -0.448080190198776, -0.21554016741194165, 0.1533960693666756, 0.802624022163292, 0.5391496443365937, 0.23584465572026655, -0.04356328598264145, -0.16362899006090584, 0.03843191508640403]], "inverted": true, "swapped": true, "error_lsq": 0.0460689930076231, "error_max": 0.29420068559424584, "target": "1073.xyz", "model": "5.xyz", "model_rescale": 3.6523030999806103, "target_rescale": 4.17202317527765},
{"mapping": [5, 7, 6, 1, 3, 14, 8, 0, 13, 11, 4, 2, 15], "R": [[0.4966262465258573, 0.3603892758609819, 0.7896087265893377], [-0.8583737334005356, 0.0690621838416733, 0.5083551402032296], [0.12867363781934743, -0.9302418957493883, 0.3436467813364755]], "T": [0.02654793081738937, -0.09607278374102435, -0.047337239234400655], "aligned_model": [[0.12560952087907315, -0.24383198766510705, 0.31679866002753876, 0.6585479934250766, 0.5658223062323239, -0.3579006461697558, -0.4174711020587248, 0.5859568964358397, -0.6820950830063319, -0.17444849696044984, -0.016660022443829726, 0.542083995016566, -0.021329129047924354], [-0.4729376104230409, 0.005079873367747206, 0.46562157623921907, -0.3382999931624045, 0.1666060836763794, -0.5400061755383598, 0.36030683580558265, -0.5044448684442755, 0.01108642807230642, -0.022561074547948035, 0.5407022395434693, -0.01048762701403029, -0.11983878341146188], [0.6650469107926162, 0.6717611354454485, 0.49423757305067223, 0.299984698454067, -0.020846118356346408, 0.24247260316041763, 0.2561393745848329, -0.18979147069544017, -0.22855527807779452, -0.7678304554798039, -0.3735406841409899, -0.657594926863214, -0.021373622392676053]], "inverted": true, "swapped": true, "error_lsq": 0.04198322572800787, "error_max": 0.27525264234753005, "target": "1073.xyz", "model": "6.xyz", "model_rescale": 4.08911054899281, "target_rescale": 4.17202317527765},
{"mapping": [10, 11, 12, 0, 1, 7, 9, 14, 3, 2, 6, 4, 8, 13, 15], "R": [[-0.3202437752910311, -0.13021135492222796, -0.9383437149769083], [-0.12829068248653785, -0.9754230611401912, 0.17914059445875868], [-0.9386082383904832, 0.17774941587869336, 0.2956682600149997]], "T": [-0.00809027419442731, -0.001922454742838496, -0.016837876108892456], "aligned_model": [[0.1285422565361641, 0.34145903304706543, 0.6298555305647371, -0.4170262280871498, -0.6396271634510462, 0.05216711891483445, 0.10124969571103712, 0.3793727467731398, -0.5806059277534268, -0.36630546238998074, -0.532861333484203, -0.02249355403355862, 0.24239466596394643, 0.6842477805834772, 0.03596438090451784], [-0.6556080904859176, -0.623274743434571, -0.25284099517413294, -0.34541291536214525, 0.12342512306244227, 0.7705353512618205, -0.06434500279208838, 0.3199527625554283, -0.08918867082214293, -0.7128490699521036, 0.5095903442704088, -0.2155637823254099, 0.46976253243467303, 0.033841845899209404, 0.0327341270336425], [-0.48764883779444895, 0.22117604190457926, -0.210544945000577, -0.4802869536974936, -0.42202890607659044, -0.005992723084993993, -0.6412249111895079, -0.4353304821617559, 0.14168421324569977, 0.09170669807678505, 0.37815491992639066, 0.6672001152713742, 0.44392657722289447, 0.23984661509733438, -0.03656738965761]], "inverted": true, "swapped": true, "error_lsq": 0.03958240656413293, "error_max": 0.23476989170798654, "target": "1073.xyz", "model": "7.xyz", "model_rescale": 3.964800864290218, "target_rescale": 4.17202317527765},
{"mapping": [4, 13, 11, 6, 2, 7, 3, 12, 14, 9, 5, 0, 10, 15], "R": [[0.12223218700205288, 0.4656093787689488, -0.8765085275472733], [0.425243672708316, 0.7733949521275783, 0.4701362215838344], [0.8967871047702674, -0.43019548396743434, -0.10346368586024332]], "T": [-0.04705959385956923, -0.03843586627258415, 0.024733017060333783], "aligned_model": [[-0.12268293145994805, 0.3561434025678678, 0.525771069711207, -0.861949699998484, 0.10811598476517409, -0.49089642134405786, -0.4522586230056984, 0.6276649755145166, 0.15301774822926018, 0.2528632169408531, -0.4095657545249942, 0.007647255423010174, 0.5985205245187635, -0.03120285787659747], [0.042254845099348945, -0.5652705467646022, 0.14566925639447437, -0.10177741050706922, 0.7063563940864037, -0.6404396785065598, 0.3935492681659268, -0.2653793193851691, -0.48308630132721925, 0.00925547081424842, -0.2842140305649455, 0.5446200636550728, 0.40041325962863644, -0.09100280460734393], [-0.6834535154869805, -0.3014119789501473, -0.4256938301683774, -0.133353291117035, -0.2335724737056474, 0.22731611963858886, -0.07386419007764564, 0.051205962738658094, 0.46190844779430174, 0.5846283796318547, 0.7084828622976264, 0.42103126542652103, 0.266133257168563, 0.04745802353474102]], "inverted": true, "swapped": true, "error_lsq": 0.03990627573736808, "error_max": 0.22905245411422803, "target": "1073.xyz", "model": "8.xyz", "model_rescale": 4.121658175737393, "target_rescale": 4.17202317527765},
{"mapping": [4, 11, 13, 8, 2, 3, 9, 5, 14, 0, 6, 7, 15], "R": [[-0.19978918316546374, 0.7208236107703805, 0.6636999355477053], [0.7309680451980836, 0.5607215286910153, -0.3889435488110118], [-0.6525105356922367, 0.4074367305709714, -0.6389251218979172]], "T": [-0.051334270134126246, -0.07042413459768701, -0.06750080247881499], "aligned_model": [[-0.5302193347794739, -0.29210997734573974, 0.2891092880377953, 0.13976254494727364, -0.7377984751683626, -0.55488084290128, 0.3047733461682806, 0.42490613060563354, 0.5955595767624641, -0.27286394198847375, -0.31029900696763507, 0.41392213217300977, 0.006876056891705513], [0.25843999745988344, -0.36510560438689943, 0.09496657850948348, 0.5733545223169503, -0.47859832793141555, 0.011900781798913823, -0.559054742016718, 0.0074346784707785, -0.15772622540233705, -0.615849030465758, 0.600372374987225, 0.48244463330712006, -0.06219219723551658], [-0.48735258880175025, -0.7156550281097231, -0.702514259845673, -0.28328857320705825, -0.15512169584964458, 0.24901503606165945, 0.13284506896698547, 0.5855417377558424, -0.014831976428631072, 0.3242078212400772, 0.3520449339405911, 0.21234243652046528, -0.07615747828405232]], "inverted": false, "swapped": true, "error_lsq": 0.04020037388610001, "error_max": 0.2353559811667846, "target": "1073.xyz", "model": "9.xyz", "model_rescale": 3.833441315466971, "target_rescale": 4.17202317527765},
{"mapping": [3, 2, 9, 12, 10, 0, 11, 13, 7, 14, 6, 8, 4, 1, 15], "R": [[-0.8535834069101139, -0.2378870485163655, 0.46347073218909485], [-0.34200852308409574, -0.4151991659365, -0.8429945567697757], [0.3929701484662148, -0.8780771063829232, 0.27304772048239856]], "T": [-0.02113721404394541, 0.016645274819923533, 0.0978443271957665], "aligned_model": [[0.15858670290579166, -0.17895949126195582, -0.6213230055694068, -0.38451161819508595, -0.7383278528906874, -0.5287995325366741, -0.11734205620589408, 0.13362387388313696, 0.3086771001744294, -0.31000632248772764, 0.618439930411385, 0.5592359728992402, 0.5028868120007336, -0.2484843243947202, -0.029851170438032933], [-0.5561985788196956, -0.5372852881241479, 0.10370047743898167, 0.551290310698123, -0.046670247759077216, -0.4750957476589994, 0.16476934445076494, 0.6876869894425142, 0.3042272177484946, 0.48324555218846155, -0.3327522699104061, 0.3953167080539748, -0.062131526930183395, -0.5480644901427563, 0.06906308861892942], [0.106093683279013, -0.46230722203195274, 0.29254764110839815, -0.2014400197039661, -0.288504029375228, 0.1195029429020012, -0.6327156623767378, -0.1709493078104716, 0.7373431755638137, 0.4552042701042224, 0.500226917734962, 0.22940504838113193, -0.38480573299988674, 0.5540754104099743, 0.12444479263681936]], "inverted": true, "swapped": true, "error_lsq": 0.0441792270771787, "error_max": 0.31994145087332837, "target": "1073.xyz", "model": "10.xyz", "model_rescale": 4.2482417240324, "target_rescale": 4.17202317527765},
{"mapping": [4, 11, 10, 12, 6, 1, 3, 14, 13, 7, 8, 15], "R": [[-0.7243456175915787, 0.10793617151985598, 0.6809355396463829], [-0.42320230793671715, 0.7100878549028194, -0.5627388780567312], [-0.5442639367374164, -0.6957909321032781, -0.46867018890680573]], "T": [0.017413376978964522, 0.08753094541461975, 0.050795199156193564], "aligned_model": [[-0.5811334809122425, 0.018397798660258834, 0.5705173723143249, 0.4879332914029514, -0.6152599531291801, 0.10260166268219592, -0.3568035427259022, 0.5220722902927639, 0.07387691218767359, -0.05166271122276917, -0.3437011803176947, 0.04992714313062663], [-0.3063958237881497, -0.6563579142131966, -0.30556916460412686, -0.3931086031563964, 0.6242842518829759, 0.6855336806165069, 0.2933956008525245, 0.25358706527324304, -0.3730846431766714, 0.6202092420939407, 0.1286057394358725, 0.09503195883411675], [0.032867444501787045, 0.15823078664546816, 0.5059705437447036, -0.1838407460024519, -0.017539729741175354, 0.5132520222109171, 0.4728144635272262, -0.33210433821551766, -0.5246551845071595, -0.5077045404243462, -0.5537231641988687, 0.0016247323137736705]], "inverted": false, "swapped": true, "error_lsq": 0.04473796729883411, "error_max": 0.24437179946584447, "target": "1073.xyz", "model": "11.xyz", "model_rescale": 3.6694154284099745, "target_rescale": 4.17202317527765},
{"mapping": [6, 7, 14, 5, 1, 4, 3, 11, 9, 10, 12, 0, 8, 15], "R": [[0.8961221772009932, -0.029103696654114997, 0.4428521405273065], [0.35229562449007357, -0.5602179773319499, -0.7496956788185778], [0.2699126460425687, 0.8278337953449135, -0.49177064856611236]], "T": [-0.034448640158403175, -0.0005266283336918878, 0.0005272201438590723], "aligned_model": [[0.0459671244157614, -0.08990547076076502, -0.008148132757271796, 0.45888481752696003, 0.6957714545837468, -0.5121593043335473, 0.25282265217351857, -0.44445243803911894, 0.33625497682644573, 0.2116075184280399, -0.3398195087200899, 0.5853025609893253, -0.5424925757914112, -0.05136882428578342], [-0.41856173436588995, 0.3158452671528464, 0.6475244647643926, 0.43034857718406383, -0.10947001062104172, -0.5344101110711941, -0.5158113881339388, -0.1517359133562562, 0.4561675196807392, 0.15719608755826736, 0.45701712875983624, -0.09581474888582331, 0.03840504865605675, 0.05428710081419572], [-0.7148952229447346, -0.7046486419726508, -0.09005629653471696, -0.4793687375631909, -0.18288646857761942, 0.023308641660859608, -0.11116718334970414, 0.6120389926142991, 0.24490450350786958, 0.7635581711460484, 0.4531415540521176, 0.32737272064513534, -0.48723193950588406, -0.014974633525412978]], "inverted": true, "swapped": true, "error_lsq": 0.04270917763421407, "error_max": 0.26427796700504824, "target": "1073.xyz", "model": "12.xyz", "model_rescale": 3.9764082729961374, "target_rescale": 4.17202317527765},
{"mapping": [8, 2, 3, 7, 4, 1, 0, 9, 5, 10, 11, 14, 13, 6, 12, 15], "R": [[-0.7117941867189707, -0.6041552541544886, 0.358253352574131], [-0.39683489514478065, 0.7667514967140825, 0.5045931116079028], [-0.5795438738771296, 0.21699901189692056, -0.7855191449527187]], "T": [-0.01107220125449905, 0.05095101327157435, 0.05113325805721043], "aligned_model": [[-0.6015791451823266, -0.4398460047828481, -0.16676812382934092, 0.09320641799348466, 0.6015882387288182, -0.5163308837654805, 0.20086316976091012, 0.08015244100991022, 0.6668225898228454, -0.7620872038120607, -0.48232160958043446, 0.11770564328384982, 0.012982050039700724, 0.5989131149517921, -0.21101748513508173, 0.04189038786910683], [-0.2739229862301256, 0.17451527710153603, -0.747409230423651, -0.22765148850360178, -0.0877906012946889, 0.42028059609294155, 0.3460121407865452, 0.6228666620896485, 0.5440972481217526, 0.10664644663427149, -0.4763451502410784, -0.610612288638244, -0.011207027145544848, -0.1791230699327005, 0.5049310784510029, -0.035299405045430055], [-0.16196594482570936, -0.6100357158202031, -0.16525331337013277, -0.6435179598178734, -0.2970932076891809, -0.05671803429136435, -0.577460619612956, -0.1103897489676529, 0.04168079181740854, 0.33224068164163356, 0.4122806654225466, 0.4807357532749463, 0.6594410068103217, 0.44943293913874865, 0.45255263828425313, 0.01446577564382727]], "inverted": true, "swapped": false, "error_lsq": 0.04348021350275243, "error_max": 0.3131837957386908, "target": "1073.xyz", "model": "13.xyz", "model_rescale": 4.170626492500431, "target_rescale": 4.17202317527765},
{"mapping": [6, 8, 3, 4, 1, 10, 2, 7, 5, 13, 14, 11, 9, 15], "R": [[-0.43073283250016126, 0.9005764090647201, -0.05857779820445598], [-0.9024499400054464, -0.42928522593524954, 0.03603193830323649], [0.007302930271780932, 0.06838366932108654, 0.9976323676483387]], "T": [-0.049298267862012746, 0.03220489210176113, 0.0903650187566461], "aligned_model": [[0.2007528697541604, 0.07292851423491242, -0.16546387060338497, -0.6005175384411688, 0.3246292970109545, -0.34704071174742185, -0.674265331614063, 0.584191845514522, 0.7465042601679623, -0.21226946653591877, 0.4186690787943103, -0.7239505464911565, 0.23195981578417102, -0.012945193736235691], [-0.3898995476926892, -0.6609232479882813, 0.13364921006715075, -0.38224584006098766, 0.47747625739686006, 0.7112104487470097, 0.44341306585386897, -0.4128879726992566, 0.1661933895435736, -0.4030948449676361, 0.0645532371812352, 0.07361024432388927, 0.5198516661918137, 0.015168402029115784], [-0.5822058605006422, 0.13691938463658337, -0.48992234276736996, -0.10494486661749983, -0.4001879508564969, 0.433784895333379, -0.20262082546901822, 0.05839236194844117, 0.0004934862242740312, 0.6652150188696939, 0.5473414475613461, 0.4190653530604781, 0.3883675140547428, 0.13417548564295506]], "inverted": false, "swapped": true, "error_lsq": 0.03804130823522383, "error_max": 0.25325417137120954, "target": "1073.xyz", "model": "14.xyz", "model_rescale": 3.9786697098870705, "target_rescale": 4.17202317527765},
{"mapping": [5, 14, 6, 1, 8, 4, 10, 11, 3, 0, 13, 15], "R": [[0.15131729182447884, -0.2130161205753953, -0.9652601771387417], [0.9838671379954633, -0.061825715302459394, 0.16787803817043978], [-0.0954386293254566, -0.9750906179952448, 0.20022426109273117]], "T": [0.009000907576199528, 0.02641321026800876, -0.01174170058077154], "aligned_model": [[-0.07348579238076039, -0.5336062099022177, 0.6493181856786601, 0.3774592967648839, -0.005584244098193917, 0.3433237572258757, -0.320884828849023, -0.18001330587807512, 0.5907980611841955, 0.16058923994521637, -0.484855638506379, -0.03970392441684588], [-0.4928882527886536, -0.15234312555233087, 0.1504588861129187, -0.6209980886901422, 0.5673758802063034, 0.6173148551270354, -0.3501248305811576, 0.37712719209860907, -0.1024156899962594, -0.585939334981286, 0.5764429370467542, 0.030664062222647944], [-0.6304931920721065, -0.3318838532487484, -0.5290962896296044, -0.16610378769305972, -0.4641574130762602, 0.21808763453103358, 0.6340375381460696, 0.6255865822408624, 0.061974005768464485, 0.30770265491268617, -0.020168258060074776, -0.0455191279454321]], "inverted": false, "swapped": true, "error_lsq": 0.0499770678440323, "error_max": 0.2750472551444142, "target": "1073.xyz", "model": "15.xyz", "model_rescale": 3.769337070930944, "target_rescale": 4.17202317527765},
{"mapping": [4, 11, 6, 3, 8, 13, 7, 12, 5, 0, 15], "R": [[0.16184653235404067, 0.8052676041855976, 0.5703944123272601], [-0.11715857132253174, 0.5896068536992618, -0.7991480634003443], [-0.9798365012238704, 0.06251274846017585, 0.1897698267621043]], "T": [-0.0711327776080752, 0.015128536605923247, 0.07967714035443915], "aligned_model": [[-0.3408738368112509, -0.3047964130554227, -0.13724117009068992, -0.5540468172779038, 0.3606110073882406, 0.39204707089097346, 0.5126821748245701, 0.2245761608953109, 0.30458919842814597, -0.5218248818294159, -0.01309636267138703], [-0.11016181813500864, -0.6651112106047885, 0.7562592494511879, 0.36401131767541134, 0.17875208395905204, -0.4461881604312507, 0.5157692485009319, -0.6188342441749959, 0.5595999074608939, 0.05419814605301731, 0.007769977870891707], [-0.5724732510138079, -0.13847235381829795, -0.2936916639973509, 0.004886404195338173, -0.45357510080125185, -0.26550299855708304, -0.014972802779691902, 0.21423125048981087, 0.5505437843929369, 0.6231378576565559, 0.09010648145661847]], "inverted": false, "swapped": true, "error_lsq": 0.03974870474592202, "error_max": 0.18608372130531195, "target": "1073.xyz", "model": "16.xyz", "model_rescale": 3.7852294659196426, "target_rescale": 4.17202317527765},
{"mapping": [14, 1, 6, 5, 9, 0, 2, 3, 8, 13, 11, 4, 15], "R": [[0.9224409438243775, 0.3860388021060498, -0.008760617838826923], [0.35896330105887253, -0.8489417713708014, 0.3878701036619391], [0.1422956557640079, -0.3609320048019188, -0.9216724115760213]], "T": [0.017571031142135693, 0.10000214401940385, -0.04424265024418909], "aligned_model": [[-0.02658337807610199, -0.4573770327404529, 0.41034054748001825, -0.15752568388426502, -0.475896300302183, -0.6616135056913557, -0.3694447895424157, -0.09216665101324359, 0.7047824159773359, 0.47424939461123644, 0.01740936604998556, 0.4537277779958396, 0.033863689351885023], [-0.1875059717711721, -0.39056587603457427, -0.38147603778127237, -0.6720403455445513, -0.03955323326238869, 0.06891467140345091, 0.6139098097058255, 0.022564434833499458, -0.03743943116065565, 0.42036492009512827, 0.8466659310505047, 0.531858562420796, 0.07935818974828397], [-0.6309766452966132, 0.29116453935430747, 0.5097972261436677, -0.2248610549547412, -0.42203262174900547, 0.15002853241800568, 0.4370414275525155, 0.5409751392696275, -0.12414033352627338, -0.5293308477548133, -0.1303075851733346, 0.3259267312994946, -0.09752981043966355]], "inverted": false, "swapped": true, "error_lsq": 0.043408321701691906, "error_max": 0.2516349301525521, "target": "1073.xyz", "model": "17.xyz", "model_rescale": 3.901054581598922, "target_rescale": 4.17202317527765},
{"mapping": [2, 3, 11, 10, 6, 13, 1, 0, 4, 14, 7, 5, 9, 12, 15], "R": [[-0.9748275187700167, 0.09921533264167455, -0.19966879179655206], [-0.21474966287424208, -0.1770254040260998, 0.9604918472453557], [0.05994906958487659, 0.9791926899738367, 0.19387569460277793]], "T": [-0.04608508462034863, 0.0001948522533788341, 0.014914208835410331], "aligned_model": [[0.028086765630176647, 0.0933783018828343, -0.4287581424836274, 0.2938255935454549, -0.13195001530530748, -0.6069586137491502, 0.6161395964901406, 0.5552013443033226, -0.6382376344159023, 0.13336329336655015, -0.07910034217593015, 0.4976136321760092, 0.4456931229563993, -0.18918237725469664, -0.0500283138772393], [-0.07438100536371806, -0.5027216804141315, 0.4063801721784226, 0.5679401972462275, -0.7943713821174863, 0.4307352606802478, -0.37367535270126634, 0.007505678312140489, -0.24254021416964158, 0.3840277857019121, -0.24353139474764068, -0.14194002185361737, 0.39546488513668887, 0.6979529201461565, 0.031911501792812054], [-0.781611795726347, -0.2819759119954897, -0.48856253013724843, -0.4644210335386227, 0.24802583449664115, 0.23067758931063248, -0.00533844766056942, -0.3571080225633287, -0.30787533602649164, 0.5142516381226628, 0.7497251655564597, 0.6010207318684792, 0.10224558210801293, 0.02560232428457678, 0.06501061675260865]], "inverted": false, "swapped": true, "error_lsq": 0.036567880943821324, "error_max": 0.20235807361319982, "target": "1073.xyz", "model": "18.xyz", "model_rescale": 3.9405287249114394, "target_rescale": 4.17202317527765},
{"mapping": [1, 0, 2, 6, 5, 4, 8, 7, 9, 12, 3, 10, 14, 11, 13, 15], "R": [[0.6101793578784597, 0.7558686110863885, -0.23736847725290927], [-0.7488125412119219, 0.6480794946090719, 0.13882631879796437], [0.2587680995462439, 0.09303553859458301, 0.9614486253646845]], "T": [-0.11909989902457777, 0.0759608081292625, 0.05869397779645928], "aligned_model": [[-0.5302942001908001, -0.45856078886286766, 0.2015618390955016, -0.035746652677632176, 0.5571321716066421, -0.5373874553680087, 0.13710348493366406, 0.12093257921369874, 0.5700151439372286, -0.6004528424423755, -0.6096591925601043, 0.12127663625003873, -0.14848137457211866, 0.47330976147237314, 0.0758322305074344, -0.10240774296983057], [-0.3497670231224179, 0.1771952886240517, -0.6873175920364316, -0.2701159899028525, -0.16181178921798178, 0.6354384206829067, 0.2371564544092346, 0.7122074325316167, 0.4130297141304004, 0.1440631414234966, -0.5368724458990022, -0.5763953538586358, -0.10571202982643048, -0.045538402279450385, 0.4446166327444581, 0.03981174341967109], [-0.23318696431110858, -0.5305361488816476, -0.2057061291614518, -0.5982432656138106, -0.36253876233591215, -0.15737395104906338, -0.6345938017040055, -0.12351521864747401, 0.03600351443673651, 0.31128154335006336, 0.3891717791039278, 0.4255108205835869, 0.8109377354441778, 0.45048721142838777, 0.585404707918195, 0.05729263707801122]], "inverted": false, "swapped": false, "error_lsq": 0.04344984471835887, "error_max": 0.3409672508373693, "target": "1073.xyz", "model": "19.xyz", "model_rescale": 4.410303926677745, "target_rescale": 4.17202317527765},
{"mapping": [4, 13, 11, 6, 2, 7, 3, 12, 14, 9, 5, 0, 10, 15], "R": [[0.12223218700205288, 0.4656093787689488, -0.8765085275472733], [0.425243672708316, 0.7733949521275783, 0.4701362215838344], [0.8967871047702674, -0.43019548396743434, -0.10346368586024332]], "T": [-0.04705959385956923, -0.03843586627258415, 0.024733017060333783], "aligned_model": [[-0.12268293145994805, 0.3561434025678678, 0.525771069711207, -0.861949699998484, 0.10811598476517409, -0.49089642134405786, -0.4522586230056984, 0.6276649755145166, 0.15301774822926018, 0.2528632169408531, -0.4095657545249942, 0.007647255423010174, 0.5985205245187635, -0.03120285787659747], [0.042254845099348945, -0.5652705467646022, 0.14566925639447437, -0.10177741050706922, 0.7063563940864037, -0.6404396785065598, 0.3935492681659268, -0.2653793193851691, -0.48308630132721925, 0.00925547081424842, -0.2842140305649455, 0.5446200636550728, 0.40041325962863644, -0.09100280460734393], [-0.6834535154869805, -0.3014119789501473, -0.4256938301683774, -0.133353291117035, -0.2335724737056474, 0.22731611963858886, -0.07386419007764564, 0.051205962738658094, 0.46190844779430174, 0.5846283796318547, 0.7084828622976264, 0.42103126542652103, 0.266133257168563, 0.04745802353474102]], "inverted": true, "swapped": true, "error_lsq": 0.03990627573736808, "error_max": 0.22905245411422803, "target": "1073.xyz", "model": "20.xyz", "model_rescale": 4.121658175737393, "target_rescale": 4.17202317527765},
{"mapping": [5, 7, 6, 1, 3, 14, 8, 0, 13, 11, 4, 2, 15], "R": [[0.4966262465258573, 0.3603892758609819, 0.7896087265893377], [-0.8583737334005356, 0.0690621838416733, 0.5083551402032296], [0.12867363781934743, -0.9302418957493883, 0.3436467813364755]], "T": [0.02654793081738937, -0.09607278374102435, -0.047337239234400655], "aligned_model": [[0.12560952087907315, -0.24383198766510705, 0.31679866002753876, 0.6585479934250766, 0.5658223062323239, -0.3579006461697558, -0.4174711020587248, 0.5859568964358397, -0.6820950830063319, -0.17444849696044984, -0.016660022443829726, 0.542083995016566, -0.021329129047924354], [-0.4729376104230409, 0.005079873367747206, 0.46562157623921907, -0.3382999931624045, 0.1666060836763794, -0.5400061755383598, 0.36030683580558265, -0.5044448684442755, 0.01108642807230642, -0.022561074547948035, 0.5407022395434693, -0.01048762701403029, -0.11983878341146188], [0.6650469107926162, 0.6717611354454485, 0.49423757305067223, 0.299984698454067, -0.020846118356346408, 0.24247260316041763, 0.2561393745848329, -0.18979147069544017, -0.22855527807779452, -0.7678304554798039, -0.3735406841409899, -0.657594926863214, -0.021373622392676053]], "inverted": true, "swapped": true, "error_lsq": 0.04198322572800787, "error_max": 0.27525264234753005, "target": "1073.xyz", "model": "21.xyz", "model_rescale": 4.08911054899281, "target_rescale": 4.17202317527765},
{"mapping": [5, 11, 6, 8, 0, 15, 1, 2, 4, 9, 10, 7, 12, 13, 14, 16], "R": [[-0.12241321410131095, 0.9092152510392053, 0.3979228974199677], [0.000966712677090309, 0.4010473070530591, -0.9160568339203031], [-0.9924787506440564, -0.11175278423021473, -0.04997243977242383]], "T": [-0.047764996646259356, 0.04459739939537354, 0.020429811293390006], "aligned_model": [[-0.6516394293644868, -0.5483169631656243, 0.13345442212510017, -0.21359283417612365, 0.6419216490095839, -0.3317335970772487, 0.14512107979131386, 0.2768734655158186, 0.5930131622161656, -0.666172873967763, -0.37115462290676926, 0.2532672208826887, -0.15052061368006986, 0.36949749878690497, -0.24357440005646985, -0.002269566560176274], [-0.3061363306340594, 0.21570408936870117, -0.6226394140242132, -0.2408882553717952, -0.21940827329340473, 0.6920903618103742, 0.27688187167108314, 0.6581002455555026, 0.30688173501995863, -0.008674892765484395, -0.6218458863565343, -0.5077615054891692, -0.06308310630665509, 0.015437958698109287, 0.4590527852894103, 0.0362768186508094], [-0.079822740180614, -0.5328000321879752, -0.2579919652062495, -0.5892923281130802, -0.21347772123049333, -0.15739514614083827, -0.7136255454217241, -0.17826079243943638, 0.10351088181255308, 0.3701173456968328, 0.3404421637397067, 0.35220598918111384, 0.7434897658572156, 0.5320661107790203, 0.46954894536209824, 0.031680776130482945]], "inverted": true, "swapped": false, "error_lsq": 0.03672071754414132, "error_max": 0.27458759776812014, "target": "1073.xyz", "model": "22.xyz", "model_rescale": 4.204369325754507, "target_rescale": 4.17202317527765},
{"mapping": [1, 0, 2, 6, 5, 4, 8, 7, 9, 12, 3, 10, 14, 11, 13, 15], "R": [[0.6101793578784597, 0.7558686110863885, -0.23736847725290927], [-0.7488125412119219, 0.6480794946090719, 0.13882631879796437], [0.2587680995462439, 0.09303553859458301, 0.9614486253646845]], "T": [-0.11909989902457777, 0.0759608081292625, 0.05869397779645928], "aligned_model": [[-0.5302942001908001, -0.45856078886286766, 0.2015618390955016, -0.035746652677632176, 0.5571321716066421, -0.5373874553680087, 0.13710348493366406, 0.12093257921369874, 0.5700151439372286, -0.6004528424423755, -0.6096591925601043, 0.12127663625003873, -0.14848137457211866, 0.47330976147237314, 0.0758322305074344, -0.10240774296983057], [-0.3497670231224179, 0.1771952886240517, -0.6873175920364316, -0.2701159899028525, -0.16181178921798178, 0.6354384206829067, 0.2371564544092346, 0.7122074325316167, 0.4130297141304004, 0.1440631414234966, -0.5368724458990022, -0.5763953538586358, -0.10571202982643048, -0.045538402279450385, 0.4446166327444581, 0.03981174341967109], [-0.23318696431110858, -0.5305361488816476, -0.2057061291614518, -0.5982432656138106, -0.36253876233591215, -0.15737395104906338, -0.6345938017040055, -0.12351521864747401, 0.03600351443673651, 0.31128154335006336, 0.3891717791039278, 0.4255108205835869, 0.8109377354441778, 0.45048721142838777, 0.585404707918195, 0.05729263707801122]], "inverted": false, "swapped": false, "error_lsq": 0.04344984471835887, "error_max": 0.3409672508373693, "target": "1073.xyz", "model": "23.xyz", "model_rescale": 4.410303926677745, "target_rescale": 4.17202317527765},
{"mapping": [12, 0, 13, 7, 11, 2, 1, 3, 10, 5, 6, 14, 15, 9, 4, 16], "R": [[-0.9407170860208097, 0.22283419375303376, -0.2557269758217766], [0.12255762044580808, 0.9262950738377267, 0.35631035047360254], [0.3162767676247773, 0.30384594497606127, -0.8986916311963892]], "T": [0.031977693333698765, -0.04019847556449729, 0.0548899009222345], "aligned_model": [[-0.70300930891395, -0.4729596270855418, -0.16468235570267126, 0.02731270474580115, 0.6037092705039933, -0.562448448619943, 0.3689362577480559, -0.05946506023128097, 0.506710498598353, -0.5127499075390616, -0.4162152632625301, 0.2670227051506271, -0.014378444988682543, 0.4917818202526918, -0.15055322943588126, 0.025161986152864097], [-0.26101931915079396, 0.21031831601207912, -0.6903230696237423, -0.26197966342662143, -0.2464027428558095, 0.6397351988780396, 0.3080485422174446, 0.7914456079724583, 0.3976245662585783, 0.07070326106857705, -0.5837111995542676, -0.6165513786520129, -0.24807719436948222, -0.06698726573055067, 0.5662164806624056, 0.06094806211633077], [-0.18429223960783997, -0.44776848274621944, -0.12635430213389434, -0.571785644535092, -0.1220967947019937, -0.07641779610866484, -0.6532896596724895, -0.27565105837402637, 0.1368880346202399, 0.34912565518589866, 0.3405734361120452, 0.32082441078736684, 0.7360299287744987, 0.47948677940591533, 0.32475604568359434, -0.00963260505072662]], "inverted": true, "swapped": false, "error_lsq": 0.03380852952410901, "error_max": 0.269663065112274, "target": "1073.xyz", "model": "24.xyz", "model_rescale": 4.28219845311461, "target_rescale": 4.17202317527765},
{"mapping": [11, 10, 5, 8, 1, 14, 6, 2, 0, 12, 9, 3, 7, 4, 13, 15], "R": [[-0.09208738428389111, -0.027150457718743415, -0.9953807142502884], [0.2847750742050592, 0.9571581681238053, -0.052453773032879555], [0.9541609249844882, -0.2882899475173294, -0.08041041843692565]], "T": [-0.06219797505677147, 0.0008937823845079334, 0.07838767077948894], "aligned_model": [[-0.5513169955987737, -0.4092428798083687, -0.15887861427248756, 0.046897915063971625, 0.4042332821591455, -0.5005414814351411, 0.20432232007764364, 0.08567315821201096, 0.6421788622068804, -0.7892878171225637, -0.38393824530766757, 0.38108575311651793, -0.01653914111639388, 0.5459225618013231, -0.26885392771691197, 0.002458847113659214], [-0.13163720751049637, 0.08522897200453405, -0.7446806090703533, -0.22437794387846338, -0.3800884335263432, 0.5374879381407652, 0.4441536781610154, 0.669361237370808, 0.34588437957801144, 0.14861269548518927, -0.48842257951362994, -0.5566962301134755, -0.12344948659310266, 0.11432882570761667, 0.3404033953158498, 0.03387957026470695], [-0.12079865332454512, -0.6302393317441147, -0.3216777760185266, -0.5691436358259043, -0.13880310319193936, -0.2379449189402154, -0.6596399249367456, 0.08647556035986746, -0.1460871184738507, 0.26261411977669213, 0.4159174922123819, 0.3827530090805391, 0.8451992696050359, 0.46822157980154844, 0.5199111660709002, 0.06363797318748904]], "inverted": false, "swapped": false, "error_lsq": 0.04006690783402146, "error_max": 0.24777741060211364, "target": "1073.xyz", "model": "25.xyz", "model_rescale": 4.100010024507729, "target_rescale": 4.17202317527765},
{"mapping": [4, 11, 10, 12, 6, 1, 3, 14, 13, 7, 8, 15], "R": [[-0.7243456175915787, 0.10793617151985598, 0.6809355396463829], [-0.42320230793671715, 0.7100878549028194, -0.5627388780567312], [-0.5442639367374164, -0.6957909321032781, -0.46867018890680573]], "T": [0.017413376978964522, 0.08753094541461975, 0.050795199156193564], "aligned_model": [[-0.5811334809122425, 0.018397798660258834, 0.5705173723143249, 0.4879332914029514, -0.6152599531291801, 0.10260166268219592, -0.3568035427259022, 0.5220722902927639, 0.07387691218767359, -0.05166271122276917, -0.3437011803176947, 0.04992714313062663], [-0.3063958237881497, -0.6563579142131966, -0.30556916460412686, -0.3931086031563964, 0.6242842518829759, 0.6855336806165069, 0.2933956008525245, 0.25358706527324304, -0.3730846431766714, 0.6202092420939407, 0.1286057394358725, 0.09503195883411675], [0.032867444501787045, 0.15823078664546816, 0.5059705437447036, -0.1838407460024519, -0.017539729741175354, 0.5132520222109171, 0.4728144635272262, -0.33210433821551766, -0.5246551845071595, -0.5077045404243462, -0.5537231641988687, 0.0016247323137736705]], "inverted": false, "swapped": true, "error_lsq": 0.04473796729883411, "error_max": 0.24437179946584447, "target": "1073.xyz", "model": "26.xyz", "model_rescale": 3.6694154284099745, "target_rescale": 4.17202317527765},
