[{"mapping": [4, 9, 0, 8, 3, 5, 11, 10, 2, 6, 7, 12], "R": [[0.9018905181619825, -0.12176311356065954, -0.4144481118614547], [0.3544158112011029, -0.33991499264409747, 0.8711183791807102], [-0.24694721302370495, -0.9325403701458599, -0.26341133617983836]], "T": [0.0443720525194613, 0.012851844337470095, -0.06671780995676764], "aligned_model": [[-0.2802485762944446, 0.17365886860462088, 0.3538948779227836, -0.35396146346088664, -0.02657677461596883, -0.43521735835918696, 0.4043535927497388, -0.19845453088330944, 0.7450543941480061, 0.04710895715941485, -0.6204619229850857, 0.028492398474866995], [-0.2511275430080385, -0.7470056339734574, -0.3521569514090877, 0.7045484735431776, 0.47610257860310934, -0.4834209811732727, -0.19280870793045712, -0.4998638496630904, -0.03279016303077624, 0.3633266473832825, 0.19384573633763952, -0.1250945697019713], [-0.5954537642002884, 0.04054303885751927, -0.5387732447068911, 0.023923713746450345, -0.6274697914012184, -0.0015529146634025298, 0.5135148557577588, 0.6693151222585482, -0.10952647501265761, 0.47251900428370147, 0.30127026694591885, 0.03364193348812357]], "inverted": true, "swapped": true, "error_lsq": 0.04338861345215325, "error_max": 0.2520538753131644, "target": "1074.xyz", "model": "0.xyz", "model_rescale": 3.751011558992144, "target_rescale": 3.903667584243109},
{"mapping": [11, 5, 10, 13, 12, 7, 8, 0, 2, 6, 1, 4, 14], "R": [[-0.475886070538961, 0.08798471480062237, 0.8750949307523387], [0.7285917110296498, 0.5967515133380484, 0.33621681984641516], [-0.4926322832355537, 0.7975878141560354, -0.34809066667166333]], "T": [0.026360421718054722, 0.049349314282358614, 0.00840492064017391], "aligned_model": [[-0.15302726064805341, -0.4312111769637743, -0.6662252216214039, -0.1377997906677851, 0.21803839594232502, 0.5747246479571045, -0.10016113788622649, 0.7263098625375288, 0.1516073162185648, 0.23249698572607638, 0.5131464107254408, -0.20902842832924232, 0.014424647751193906], [-0.5746144638001311, 0.1740504860095105, 0.06390733647441676, -0.28061601035127576, -0.6627133088323134, -0.2319159509103909, 0.681956101490168, 0.24236805519590401, 0.3334436720261442, -0.12080665613925196, 0.4001773017284597, 0.6307823567182533, -0.004079802079990272], [0.47232328844103816, -0.3979986925884131, 0.4472294171747048, -0.6174357200259903, -0.0821570969916338, 0.25307520852684157, -0.14722026971725666, -0.21141105796952692, -0.7579773033866053, 0.7100318927407252, 0.3628688448503192, 0.4901742392429243, 0.005820492672889758]], "inverted": true, "swapped": false, "error_lsq": 0.03818762547379679, "error_max": 0.2071743209889116, "target": "1074.xyz", "model": "1.xyz", "model_rescale": 3.9405287249114394, "target_rescale": 3.903667584243109},
{"mapping": [5, 10, 11, 9, 2, 1, 3, 4, 8, 0, 7, 6, 12], "R": [[-0.5885685922107745, -0.36008170996022104, 0.7238288294998689], [-0.8046935337325837, 0.1747517610642405, -0.567388877908189], [0.07781599470542178, -0.9164076517342432, -0.3926088216162952]], "T": [0.10051445521699895, 0.06913576369671423, 0.07227850657432991], "aligned_model": [[-0.23576485188424642, -0.4655320700404093, -0.5886709749323529, -0.4340381752226745, 0.30756990694815456, 0.8103633521305111, 0.0547830413143629, 0.6371163871357933, 0.055068948173244786, 0.07649475935945818, 0.4459941040643821, -0.07833548957260453, 0.14824631326812931], [-0.5604396521236301, 0.4023568932616395, -0.005525734371115948, -0.18110769738599844, -0.5798951411778088, -0.12480830678326901, 0.6074794718458412, 0.26476929212422684, 0.07999936852626702, -0.293883058412876, 0.7310289654848026, 0.31142782645455475, 0.000536890086870162], [0.20876038737502672, -0.4569115626520871, 0.23678805831313557, -0.47727840819012834, 0.06475840366441571, 0.365069512984348, -0.11452183670052798, -0.33451580397933245, -0.7013534848074935, 0.827639597232934, 0.3395818077420163, 0.5246753975480966, 0.04463117443961322]], "inverted": true, "swapped": false, "error_lsq": 0.0543500064585163, "error_max": 0.3471254789390156, "target": "1074.xyz", "model": "2.xyz", "model_rescale": 3.932901565614263, "target_rescale": 3.903667584243109},
{"mapping": [5, 7, 4, 9, 12, 10, 3, 11, 8, 6, 1, 0, 13], "R": [[-0.8948741351732168, -0.41242270594521346, -0.170610063650464], [0.2104236624403957, -0.7269702967490423, 0.653632978000483], [-0.3936015300823381, 0.5490188514663568, 0.737330411858486]], "T": [0.05502710632648694, 0.14737916560456657, 0.04629011639872834], "aligned_model": [[-0.28478450399513683, -0.5849481320680732, -0.65493595814095, -0.1250324578893009, 0.27492587179427147, 0.6718248919719694, 0.05397776030797288, 0.8184907492687006, 0.10799912116428703, 0.12553251169261506, 0.45762072175809954, -0.20726065050123982, 0.07988532537853293], [-0.4806064336592226, 0.10138221965408276, 0.1053779776339969, -0.3514159733203768, -0.5838775983491117, -0.1755384492043188, 0.6124060458922711, 0.2581309541474872, 0.28162381102454404, -0.31490828815810223, 0.5065227137135855, 0.6566175114134482, 0.03622462674121957], [0.1297277713429533, -0.2668528582186125, 0.553650690191019, -0.4622124913705064, 0.04013477097592923, 0.21490252985100677, -0.16450451722375595, -0.4037832171896733, -0.673403614539646, 0.544297705286232, 0.5539345919694973, 0.3938987597307377, 0.06753312216483529]], "inverted": true, "swapped": false, "error_lsq": 0.045963608538888666, "error_max": 0.26904123099669447, "target": "1074.xyz", "model": "3.xyz", "model_rescale": 3.9243930471874484, "target_rescale": 3.903667584243109},
{"mapping": [4, 7, 8, 2, 3, 6, 1, 5, 0, 10, 11, 9, 12], "R": [[0.531265200269784, 0.7514321705180133, -0.3912888703923151], [0.8435122859764962, -0.42607484041668886, 0.3270279097731552], [0.07902094905157897, -0.5037955175212268, -0.860201003333818]], "T": [0.053830311236461904, 0.06620874712641209, 0.15630670832692278], "aligned_model": [[-0.34973758862399873, -0.6286332904955053, -0.466852141846187, -0.24513400709196728, 0.2915910749834185, 0.751577032988305, -0.11338163333589468, 0.5990342359013153, 0.25573525634658517, 0.09208102646128066, 0.5237117073586816, -0.0949178470527349, 0.11822142514844977], [-0.36219748634523385, 0.06986497764305016, 0.12571562537018094, -0.36525729163612164, -0.5122037954303799, -0.11874975216317665, 0.560492637597936, 0.3741147249700961, 0.0184227012044606, -0.32414898953495463, 0.4109629779692544, 0.6666612700756553, 0.10826151780873665], [0.07905181356334684, -0.2645838038037459, 0.5051405991829343, -0.6024237339742697, -0.09241426023046512, 0.177669773692404, -0.3314267241904211, -0.2698032412319305, -0.66848007643373, 0.7422123660332784, 0.691554384904516, 0.4954499595738484, 0.0653761858842504]], "inverted": true, "swapped": false, "error_lsq": 0.05394164330732508, "error_max": 0.30488335982162035, "target": "1074.xyz", "model": "4.xyz", "model_rescale": 3.8936222436046832, "target_rescale": 3.903667584243109},
{"mapping": [10, 9, 11, 6, 2, 0, 4, 3, 8, 7, 1, 12], "R": [[-0.3745519186473433, -0.504085662757401, 0.7782085227238429], [0.9192853613440676, -0.09241961006632848, 0.3825872973501541], [-0.12093504312688425, 0.8586945092858227, 0.4980145129072838]], "T": [-0.10086718564534788, -0.01673946276953555, 0.037209876450963415], "aligned_model": [[-0.059596946044778026, -0.6843950957039237, -0.25635419475459864, 0.34143600096673954, -0.5685536300783367, -0.71658987788731, -0.2846473355715401, 0.0730350496643711, 0.6657361026915166, 0.5586084306586737, 0.11317844647043673, -0.15430890819615325], [-0.7141580510195418, -0.47919244090731217, -0.05350721028600041, 0.09684658334912635, 0.4398025425019926, 0.056301329515814104, -0.29259290782409886, 0.39024667224531195, 0.1674013698075643, -0.43394557664535477, 0.6387866680461237, -0.14706607367381763], [-0.575563074872522, -0.18914334097925697, -0.657790009281921, -0.4156505008058038, -0.2230021632912671, 0.29686877349817453, 0.6243683833716138, 0.6187578641728575, 0.19129185046468006, 0.002436341770764662, 0.007032310808986593, -0.06032171558078799]], "inverted": true, "swapped": true, "error_lsq": 0.046971629122614066, "error_max": 0.289803983741773, "target": "1074.xyz", "model": "5.xyz", "model_rescale": 3.6523030999806103, "target_rescale": 3.903667584243109},
{"mapping": [6, 5, 8, 1, 2, 4, 7, 3, 0, 10, 11, 9, 12], "R": [[0.9708653426811572, 0.23750535894674235, 0.03180708808077938], [0.21177441038666428, -0.7883210061496855, -0.5776691011024636], [-0.11212531153125097, 0.5675748371225832, -0.8156511011328883]], "T": [-0.00191028058180788, 0.024397959115478457, 0.09143157305918018], "aligned_model": [[-0.3058517173882363, -0.43662020919138317, -0.6612230888427307, -0.11080169279547816, 0.40490725004247635, 0.5407553721821068, 0.16944458420976688, 0.4646809298195135, 0.09074686385025109, 0.1698172818384655, 0.588026084842812, -0.19067919387936438, 0.01009278605354894], [-0.5027317258827637, 0.3298949612304468, 0.06416245037787208, -0.40949694871049713, -0.5990366502347145, -0.10770901591870885, 0.6674774870356552, 0.1978487596332876, 0.1890390515175834, -0.2525042919058188, 0.5659014107596866, 0.41946964090588357, 0.08962398872159119], [0.32029476419704617, -0.3347167457850567, 0.2234486506068575, -0.43984305959538506, -0.05702858607534925, 0.22255494391483044, -0.06317855202778647, -0.39317978166121925, -0.8840025327506561, 0.8003094393743323, 0.4565590846876202, 0.6667119732123595, 0.009393644872423376]], "inverted": false, "swapped": false, "error_lsq": 0.044393700887514306, "error_max": 0.2242845449858019, "target": "1074.xyz", "model": "6.xyz", "model_rescale": 4.08911054899281, "target_rescale": 3.903667584243109},
{"mapping": [10, 7, 5, 13, 11, 9, 6, 0, 2, 8, 3, 4, 14], "R": [[0.20473305958003765, 0.9784647621001141, -0.026288469779811696], [0.036866153227675835, 0.01913003475186506, 0.9991370919531444], [0.9781233363237943, -0.2055255485304923, -0.03215568130284244]], "T": [0.008270923241749668, -0.04200976569949325, 0.012134766136036562], "aligned_model": [[-0.2711274846455342, -0.5214407819480028, -0.6902029630668449, -0.1870118213032466, 0.11239350191867048, 0.7384413159533114, 0.05868780046224409, 0.6939796607289017, 0.1298223672386158, 0.2296166597685039, 0.45947313255935973, -0.1721490560183465, 0.15281291909411673], [-0.4870843300849909, 0.32411410777718513, 0.10826429588370295, -0.39694644695059633, -0.61942765649266, -0.23212561439543308, 0.44010245726271413, 0.5484712106281586, 0.2909520916015439, -0.10307528441915206, 0.52005978276086, 0.3793132004788645, -0.12067869652069382], [0.505206830148077, -0.417571858426407, 0.2768103527389312, -0.5976021642995817, 0.02881202486748354, 0.22488924808613975, -0.10689846206200823, -0.24436460429751414, -0.7120897786953126, 0.6543388151967005, 0.33916049183090546, 0.547657948600355, 0.028974399282248157]], "inverted": true, "swapped": false, "error_lsq": 0.04584631630239983, "error_max": 0.252051759653264, "target": "1074.xyz", "model": "7.xyz", "model_rescale": 3.964800864290218, "target_rescale": 3.903667584243109},
{"mapping": [7, 0, 2, 1, 8, 9, 6, 10, 3, 12, 11, 4, 13], "R": [[0.33063631055097176, 0.04695296375482916, -0.9425895444677281], [0.618718975679012, -0.7649656197223207, 0.17892576610862956], [-0.7126475000166321, -0.6423573926074827, -0.2819760998428075]], "T": [0.03071452138531265, 0.0613737723843321, -0.032272759979420626], "aligned_model": [[-0.23320470722617115, -0.5204628735809207, -0.5918428776714596, -0.3863420365098923, 0.4274248856497149, 0.6130052992663874, 0.027103664358107224, 0.8099103599644791, 0.015088534056869038, 0.1666613572596229, 0.5017137795455826, -0.1850779416434703, 0.08931780727289916], [-0.5231173914604316, 0.2635818709260587, 0.08514439724079467, -0.49639131083064086, -0.5968383780278165, -0.14042446877490167, 0.6414430867797816, 0.12125052120992964, 0.43698499076162634, -0.18009375808337824, 0.5333170327410572, 0.49629110275868743, 0.01079142228873612], [0.27687103361544674, -0.44272950153097507, 0.1923735621086391, -0.31170402278870724, -0.05313500679756476, 0.27443825489990653, -0.03579062678485776, -0.28604949866564733, -0.652462035000799, 0.67049806101001, 0.46023366871975874, 0.47701490299098487, -0.04223554880617764]], "inverted": true, "swapped": false, "error_lsq": 0.04729661355593635, "error_max": 0.33030203997316043, "target": "1074.xyz", "model": "8.xyz", "model_rescale": 4.121658175737393, "target_rescale": 3.903667584243109},
{"mapping": [3, 8, 2, 11, 10, 5, 6, 9, 7, 0, 4, 1, 12], "R": [[0.7814191949876657, 0.1942345840574826, -0.593006718394358], [-0.10681327331734944, 0.9779305199778521, 0.17956286570190763], [0.6147966870015339, -0.07697288127558191, 0.784920511389576]], "T": [0.04823077192504752, 0.03068389414353507, -0.017896314949733802], "aligned_model": [[-0.4263682266530511, -0.5016982787319462, -0.554242626235221, -0.19279815826059435, 0.23965978494348758, 0.6214431566858221, -0.08037420027748524, 0.5861057560710474, 0.2639524286717437, 0.2208671951834079, 0.59853173130259, -0.07858593447218448, 0.03680262251413233], [-0.5606383536225591, 0.28245659232666803, 0.0637134269212867, -0.39181005921809375, -0.6977325419417293, -0.18988418879337146, 0.6966241434654298, 0.6052705132215014, 0.010035433590806865, -0.15036530856384767, 0.4850177025223433, 0.41700596954451885, 0.08224578807654942], [0.20068497728622575, -0.42378039374610926, 0.32602417779908116, -0.425861985980926, 0.07825595601144945, 0.04914985587440997, -0.15990474974095192, -0.2894299880759957, -0.6568397539179012, 0.7279200798056105, 0.5101922783666619, 0.5385248319794297, 0.05238795730903259]], "inverted": true, "swapped": false, "error_lsq": 0.04627533007622957, "error_max": 0.3032811881570436, "target": "1074.xyz", "model": "9.xyz", "model_rescale": 3.833441315466971, "target_rescale": 3.903667584243109},
{"mapping": [3, 11, 7, 8, 2, 5, 12, 0, 10, 4, 1, 6, 14], "R": [[0.3575513037823997, 0.9254843599524258, -0.12504305117420578], [-0.688772168147876, 0.3517505700809231, 0.6339277851874139], [0.6306742150654174, -0.14053553262856527, 0.7632167441300179]], "T": [0.05880634923348006, 0.06499840014286835, 0.017275106191860925], "aligned_model": [[-0.27488212238243176, -0.48902597536185033, -0.587968597646754, -0.21135375233989107, 0.2528887168699169, 0.6269549787497706, -0.028701261179234314, 0.6501983896888712, 0.1103965154430287, 0.11449012483476789, 0.5605302675137306, -0.005442903631743004, 0.015210870183567315], [-0.5794706945048691, 0.28171663770724015, -0.07911961033459651, -0.2761849894652442, -0.6269975000929835, -0.1808694731640667, 0.6604203132329903, 0.2777962142364734, 0.27328452401599623, -0.08820556914796278, 0.5601784186786269, 0.447927623083502, -0.018536776715603068], [0.49438456921077295, -0.3265999156969638, 0.08674555980995569, -0.629383054315006, 0.006141213923529589, 0.28965595192315785, -0.011625081397991375, -0.2450138689989749, -0.7762672612166154, 0.7978777202142316, 0.23790781451558934, 0.5744705941215987, 0.029029000876732183]], "inverted": true, "swapped": false, "error_lsq": 0.04370835772979793, "error_max": 0.31256289064592235, "target": "1074.xyz", "model": "10.xyz", "model_rescale": 4.2482417240324, "target_rescale": 3.903667584243109},
{"mapping": [2, 1, 3, 8, 9, 5, 0, 7, 6, 10, 11, 12], "R": [[0.5780646224350651, -0.004233885474349108, -0.8159800037395497], [0.7910879323748288, -0.24225448067059258, 0.5616873239142396], [-0.20005293184535938, -0.9702035048425725, -0.13668936919623417]], "T": [0.006015493643819047, 0.023019305281389547, 0.08125784174045947], "aligned_model": [[-0.6163720678202418, 0.029376954865365356, 0.3434382051777125, 0.6906618740535233, -0.49669237508162833, 0.16315399387653684, -0.4083961470143903, 0.6410992725339575, 0.13942152905858918, -0.09984549507846845, -0.4515179166256555, -0.05756222558229379], [-0.30059428948073685, -0.6662489257584413, -0.40131308666236853, -0.35245347370588503, 0.6170627191652989, 0.6981800464929824, 0.12068052597987447, 0.2511976735543506, -0.21368097530789915, 0.6701571727546075, 0.0827084069944897, 0.1604355960243669], [0.1339786453239141, 0.052898115245181385, 0.5713248763916674, -0.10744623521207627, 0.08201875534222888, 0.08341404608258016, 0.6014476262939326, -0.31216490126253166, -0.501659156581844, -0.5772196759744356, -0.46248226902180967, 0.0010824632275490825]], "inverted": false, "swapped": true, "error_lsq": 0.040352279663866, "error_max": 0.2091777920652964, "target": "1074.xyz", "model": "11.xyz", "model_rescale": 3.6694154284099745, "target_rescale": 3.903667584243109},
{"mapping": [11, 7, 6, 9, 8, 3, 12, 2, 10, 4, 1, 0, 13], "R": [[-0.14610249103983966, -0.8650864098727479, 0.4798745310656048], [0.8090827668101611, 0.17463255880196074, 0.5611493079895], [-0.5692443575150908, 0.4702435250588362, 0.6744122541720841]], "T": [-0.05849206435728724, 0.12255734247724517, 0.02386732387816455], "aligned_model": [[-0.2732346346701162, -0.6102397363779375, -0.5266124385800346, -0.21106889737832102, 0.38057779165019734, 0.6494638687879446, 0.09758109761173536, 0.5621450028730698, 0.039476969050763616, 0.1387301877028985, 0.632889274366824, -0.11711864598348928, -0.029294588311786506], [-0.5670718068875352, 0.15019393365027897, 0.053628196690218524, -0.45046846438568, -0.4606412211463745, -0.21828914166092503, 0.7371359846248948, 0.16219704276151592, 0.20072359014426425, -0.13096182053927805, 0.4497911476347459, 0.5442680133826788, 0.18143366326069882], [0.17659555882155598, -0.4730995198022484, 0.33365260686025827, -0.5174717580145567, -0.17536858715196024, 0.3758204053797098, -0.22047416051495167, -0.17500926683424545, -0.5988853505658662, 0.6905832056644038, 0.38633577123291135, 0.5978541690207809, 0.12679016887422545]], "inverted": true, "swapped": false, "error_lsq": 0.04429255493347536, "error_max": 0.24293296774521123, "target": "1074.xyz", "model": "12.xyz", "model_rescale": 3.9764082729961374, "target_rescale": 3.903667584243109},
{"mapping": [2, 11, 1, 3, 7, 4, 13, 6, 14, 0, 5, 12, 15], "R": [[0.6217516741486728, 0.6694416192037487, -0.4065375433723016], [0.7662565815514857, -0.4124994256705059, 0.49264091897703155], [0.1620978313314339, -0.6178123843849086, -0.769436255175359]], "T": [-0.003109231280524115, 0.1097320251287506, 0.09972983828797893], "aligned_model": [[-0.36737547039369123, -0.47616468024941616, -0.5160939673206578, -0.08605562664865185, 0.18995387296269903, 0.6498828128461802, -0.03884725409500949, 0.5749907269476799, 0.12056112686132855, 0.2546927119241466, 0.6404959991242324, -0.27133075709669074, 0.05858575587959918], [-0.5043116443668977, 0.18974138005996757, 0.08727016778754154, -0.40491914683452934, -0.6208381136567517, -0.18907260571154758, 0.6494925524114225, 0.4638813678953987, 0.2746725068967055, -0.3338638713762856, 0.3655244625189461, 0.6241107821755117, 0.050251279730021185], [0.4554263281508781, -0.5330116129175992, 0.4734472499985027, -0.5611010886561736, 0.10498426669576222, 0.11317991913715769, -0.1863853711989379, -0.2524597229056083, -0.6724801846761692, 0.6134114246681512, 0.5721347940244121, 0.36559680189223065, 0.03458043875741029]], "inverted": false, "swapped": false, "error_lsq": 0.044712717718803766, "error_max": 0.24352524173145193, "target": "1074.xyz", "model": "13.xyz", "model_rescale": 4.170626492500431, "target_rescale": 3.903667584243109},
{"mapping": [1, 10, 9, 7, 0, 2, 12, 4, 8, 3, 6, 11, 13], "R": [[0.12757689291119195, -0.4894324592701029, 0.8626586834941996], [0.18743926582007542, -0.8421954634207508, -0.5055426025789894], [0.9739561889653752, 0.2261916647587306, -0.015705819613018757]], "T": [0.11914706478165125, 0.0533601439089757, 0.04812929032387063], "aligned_model": [[-0.2799423460643775, -0.3574154944463295, -0.6383871865076243, -0.2880677910894907, 0.24725780684873588, 0.702521450274567, 0.042655569618028064, 0.657917488275886, 0.08929900003046365, 0.12618376268163412, 0.5173556815605052, -0.19893271614571362, 0.11285002570546424], [-0.5797907694199305, 0.22515603797695424, 0.006063269004358052, -0.3896677653040228, -0.5026872386047694, -0.21006197127037018, 0.6803727274091322, 0.27468823407573406, 0.13952526736598075, -0.12382665155908762, 0.5084749962539667, 0.4880187723638949, 0.13567420923766266], [0.22323506691815626, -0.20027079602533038, 0.3313452895395439, -0.4953154039229423, -0.12581711721165822, 0.20049491250140367, -0.32161439452587165, -0.3565970837413722, -0.6889195257902125, 0.7144842474032838, 0.6327570656888084, 0.5059030125994438, 0.10763796953676387]], "inverted": true, "swapped": false, "error_lsq": 0.035992461597577644, "error_max": 0.2650101060661186, "target": "1074.xyz", "model": "14.xyz", "model_rescale": 3.9786697098870705, "target_rescale": 3.903667584243109},
{"mapping": [3, 0, 7, 8, 5, 10, 2, 11, 6, 1, 9, 12], "R": [[-0.4577233656430451, -0.7167858003444256, 0.5260298822015769], [-0.6632098485066225, -0.11878276889409795, -0.73894746136493], [0.5921503334358823, -0.6871017175342039, -0.42100975329951806]], "T": [-0.029011753154217522, -0.07295526686205099, -0.09777354305172246], "aligned_model": [[-0.10096050239351265, -0.6977180831744572, 0.6666141026836769, 0.6190546206321178, 0.00574728245983331, 0.2994843157287411, -0.46202071654321136, 0.037367467112608944, 0.5053134307286794, 0.08116418020706545, -0.44038908739945887, -0.030302413274746677], [-0.7047574827753698, -0.07429168003771598, 0.13240076467881046, -0.49982876750194083, 0.5067378870277844, 0.769607414762356, -0.2491612636817826, 0.2718424006610949, -0.11454092338619191, -0.6960828110616799, 0.5785581210668908, 0.09419083047218359], [-0.45795002897681136, -0.1663460746210204, -0.3877938831464698, -0.30542395178216813, -0.4763060260995809, 0.11615417850241709, 0.4278938449609686, 0.5229206538079416, 0.25773124044518625, 0.1779329197774615, 0.011324358236396395, -0.06017073723049082]], "inverted": true, "swapped": true, "error_lsq": 0.05386891584743864, "error_max": 0.33335362752424685, "target": "1074.xyz", "model": "15.xyz", "model_rescale": 3.769337070930944, "target_rescale": 3.903667584243109},
{"mapping": [2, 1, 9, 0, 11, 6, 10, 8, 5, 4, 12], "R": [[0.5978241734380374, 0.8015996095114106, 0.006657603493870623], [0.3967893273689562, -0.30311705382852905, 0.8664169212131099], [0.6965374988751278, -0.5153233137647342, -0.4992768720372642]], "T": [-0.07787107132045445, -0.05268431610857229, 0.053315270945257814], "aligned_model": [[-0.4262322553596807, -0.23923509121557232, -0.08003843944938739, -0.6570843092529147, 0.273312317979616, 0.4237794006508723, 0.6607416786482839, 0.2161212883215377, 0.16382862884335403, -0.42411849114964456, 0.01155140267470664], [-0.03398188418808864, -0.6689504572693116, 0.7060249119347183, 0.28014672493925086, 0.1650684608527626, -0.3792219809442636, 0.4999310799374087, -0.7251231846112254, 0.46275259014557857, 0.19943846927860773, 0.08997976754990475], [-0.5575580571724292, -0.21242599912811674, -0.11977131907311586, -0.021569019890359364, -0.5278962857475177, -0.18192158302073572, -0.05917490384159346, 0.3800019147280277, 0.44884685572429295, 0.5740572456840823, 0.021628758961241848]], "inverted": false, "swapped": true, "error_lsq": 0.04156405029377929, "error_max": 0.19209172830842355, "target": "1074.xyz", "model": "16.xyz", "model_rescale": 3.7852294659196426, "target_rescale": 3.903667584243109},
{"mapping": [11, 10, 9, 6, 7, 2, 4, 1, 5, 8, 3, 0, 12], "R": [[-0.18389294369471082, -0.8569415094854136, 0.4814920919186054], [-0.4876310170373004, -0.3457854838254832, -0.8016535351376832], [0.8534631664474233, -0.3822089068774268, -0.35428374930428363]], "T": [0.10847462923772841, 0.07384418723323508, 0.0785005453843827], "aligned_model": [[-0.1004029618115746, -0.6313500881037403, -0.6259247383899552, -0.2712096495197648, 0.3130880723617958, 0.5839612456064667, 0.01178074973722218, 0.7266175264498166, 0.23290776009075845, -0.029332741783489436, 0.6191977989017511, -0.11764987559898746, 0.021612152801449666], [-0.6071835257376589, 0.0857486484542089, 0.058546578432061874, -0.3706111789916404, -0.46815856348828877, -0.26972685450646816, 0.6619054518113895, 0.24048039993049003, 0.19883566791603466, -0.06874682525631315, 0.4925122813840117, 0.6529550961414601, 0.045381941440215415], [0.2531530018696766, -0.24051786582850362, 0.5342256132760512, -0.5891015155773095, -0.31620613340334325, 0.2515856052895415, -0.3044105772791903, -0.17524319442259348, -0.5548260182960119, 0.6988898126206038, 0.5216418795781661, 0.3600061745191496, 0.08812646062377988]], "inverted": false, "swapped": false, "error_lsq": 0.052077093888856354, "error_max": 0.31816380576538833, "target": "1074.xyz", "model": "17.xyz", "model_rescale": 3.901054581598922, "target_rescale": 3.903667584243109},
{"mapping": [11, 5, 10, 13, 12, 7, 8, 0, 2, 6, 1, 4, 14], "R": [[-0.475886070538961, 0.08798471480062237, 0.8750949307523387], [0.7285917110296498, 0.5967515133380484, 0.33621681984641516], [-0.4926322832355537, 0.7975878141560354, -0.34809066667166333]], "T": [0.026360421718054722, 0.049349314282358614, 0.00840492064017391], "aligned_model": [[-0.15302726064805341, -0.4312111769637743, -0.6662252216214039, -0.1377997906677851, 0.21803839594232502, 0.5747246479571045, -0.10016113788622649, 0.7263098625375288, 0.1516073162185648, 0.23249698572607638, 0.5131464107254408, -0.20902842832924232, 0.014424647751193906], [-0.5746144638001311, 0.1740504860095105, 0.06390733647441676, -0.28061601035127576, -0.6627133088323134, -0.2319159509103909, 0.681956101490168, 0.24236805519590401, 0.3334436720261442, -0.12080665613925196, 0.4001773017284597, 0.6307823567182533, -0.004079802079990272], [0.47232328844103816, -0.3979986925884131, 0.4472294171747048, -0.6174357200259903, -0.0821570969916338, 0.25307520852684157, -0.14722026971725666, -0.21141105796952692, -0.7579773033866053, 0.7100318927407252, 0.3628688448503192, 0.4901742392429243, 0.005820492672889758]], "inverted": true, "swapped": false, "error_lsq": 0.03818762547379679, "error_max": 0.2071743209889116, "target": "1074.xyz", "model": "18.xyz", "model_rescale": 3.9405287249114394, "target_rescale": 3.903667584243109},
{"mapping": [1, 5, 2, 8, 0, 12, 11, 13, 9, 3, 14, 10, 15], "R": [[0.6307661044094625, -0.1406522055755277, -0.7631193082309287], [-0.7151031914039542, -0.4871760502263095, -0.5012852698112846], [-0.30126657161389675, 0.8619028095746251, -0.40787498044790266]], "T": [0.18769423309994177, -0.05644754801458093, -0.02757157630464152], "aligned_model": [[-0.07859911539912068, -0.5281598278504358, -0.6249644069703981, -0.2267538835035784, 0.06766177901489107, 0.60196521280933, 0.06266194238045891, 0.6522376026598677, 0.08330316405956419, 0.195819140523601, 0.5185675885825731, -0.1454479951889574, 0.15500404962395237], [-0.4823488286071167, 0.14281884889467342, 0.08966783134180589, -0.3988512088225235, -0.7241073561952622, -0.2167599855967341, 0.6470347238694636, 0.39703216443732026, 0.34922822971795003, -0.06534037750316266, 0.4865345774903436, 0.46760417406849014, -0.040573675565743705], [0.40046507599774456, -0.40054410778990324, 0.24365068245671406, -0.5597977004709318, -0.13936088018657558, 0.2930817254661101, -0.12080687714138595, -0.20044567374094988, -0.6706419573845421, 0.8240642016761861, 0.41450556186244836, 0.45439324114472485, -0.011240048919622138]], "inverted": true, "swapped": false, "error_lsq": 0.037044177953506945, "error_max": 0.2342265323735353, "target": "1074.xyz", "model": "19.xyz", "model_rescale": 4.410303926677745, "target_rescale": 3.903667584243109},
{"mapping": [7, 0, 2, 1, 8, 9, 6, 10, 3, 12, 11, 4, 13], "R": [[0.33063631055097176, 0.04695296375482916, -0.9425895444677281], [0.618718975679012, -0.7649656197223207, 0.17892576610862956], [-0.7126475000166321, -0.6423573926074827, -0.2819760998428075]], "T": [0.03071452138531265, 0.0613737723843321, -0.032272759979420626], "aligned_model": [[-0.23320470722617115, -0.5204628735809207, -0.5918428776714596, -0.3863420365098923, 0.4274248856497149, 0.6130052992663874, 0.027103664358107224, 0.8099103599644791, 0.015088534056869038, 0.1666613572596229, 0.5017137795455826, -0.1850779416434703, 0.08931780727289916], [-0.5231173914604316, 0.2635818709260587, 0.08514439724079467, -0.49639131083064086, -0.5968383780278165, -0.14042446877490167, 0.6414430867797816, 0.12125052120992964, 0.43698499076162634, -0.18009375808337824, 0.5333170327410572, 0.49629110275868743, 0.01079142228873612], [0.27687103361544674, -0.44272950153097507, 0.1923735621086391, -0.31170402278870724, -0.05313500679756476, 0.27443825489990653, -0.03579062678485776, -0.28604949866564733, -0.652462035000799, 0.67049806101001, 0.46023366871975874, 0.47701490299098487, -0.04223554880617764]], "inverted": true, "swapped": false, "error_lsq": 0.04729661355593635, "error_max": 0.33030203997316043, "target": "1074.xyz", "model": "20.xyz", "model_rescale": 4.121658175737393, "target_rescale": 3.903667584243109},
{"mapping": [6, 5, 8, 1, 2, 4, 7, 3, 0, 10, 11, 9, 12], "R": [[0.9708653426811572, 0.23750535894674235, 0.03180708808077938], [0.21177441038666428, -0.7883210061496855, -0.5776691011024636], [-0.11212531153125097, 0.5675748371225832, -0.8156511011328883]], "T": [-0.00191028058180788, 0.024397959115478457, 0.09143157305918018], "aligned_model": [[-0.3058517173882363, -0.43662020919138317, -0.6612230888427307, -0.11080169279547816, 0.40490725004247635, 0.5407553721821068, 0.16944458420976688, 0.4646809298195135, 0.09074686385025109, 0.1698172818384655, 0.588026084842812, -0.19067919387936438, 0.01009278605354894], [-0.5027317258827637, 0.3298949612304468, 0.06416245037787208, -0.40949694871049713, -0.5990366502347145, -0.10770901591870885, 0.6674774870356552, 0.1978487596332876, 0.1890390515175834, -0.2525042919058188, 0.5659014107596866, 0.41946964090588357, 0.08962398872159119], [0.32029476419704617, -0.3347167457850567, 0.2234486506068575, -0.43984305959538506, -0.05702858607534925, 0.22255494391483044, -0.06317855202778647, -0.39317978166121925, -0.8840025327506561, 0.8003094393743323, 0.4565590846876202, 0.6667119732123595, 0.009393644872423376]], "inverted": false, "swapped": false, "error_lsq": 0.044393700887514306, "error_max": 0.2242845449858019, "target": "1074.xyz", "model": "21.xyz", "model_rescale": 4.08911054899281, "target_rescale": 3.903667584243109},
{"mapping": [8, 9, 11, 10, 6, 0, 14, 13, 12, 1, 2, 15, 16], "R": [[0.3090676425928155, -0.8743543509281966, -0.3741412317762539], [0.4614458502879808, -0.206123635994792, 0.8628909397694992], [-0.8315917986332734, -0.43933758739404405, 0.33976104065748713]], "T": [0.08821301819172933, 0.06322178066128034, 0.017135889420420665], "aligned_model": [[-0.192806339241678, -0.45272003542761774, -0.5071680179627064, -0.17342673882089982, 0.2080338506528998, 0.7187377199361298, -0.015368223466262515, 0.5949951578235522, 0.12414139328505819, 0.13962195996552726, 0.3737668730153787, -0.2194657729407159, 0.13495342392308254], [-0.46090495950902455, 0.2454150145482517, -0.002147084006017458, -0.3332157375988679, -0.6701878585014802, -0.3475923596649326, 0.6590900106208186, 0.24086489390787666, 0.3251390810554319, -0.10417799219094381, 0.471334416186555, 0.5715076973525556, 0.05681399532928045], [0.3736205301081196, -0.4091793326751255, 0.493729388723786, -0.6351810127682656, -0.04046096676835436, 0.2008469146133691, -0.1974207810620867, -0.36801960293881725, -0.6721231226000811, 0.7913017747581574, 0.5397800342199405, 0.4396121683696189, 0.010817250989755545]], "inverted": false, "swapped": false, "error_lsq": 0.036837447803822566, "error_max": 0.21400649867658356, "target": "1074.xyz", "model": "22.xyz", "model_rescale": 4.204369325754507, "target_rescale": 3.903667584243109},
{"mapping": [1, 5, 2, 8, 0, 12, 11, 13, 9, 3, 14, 10, 15], "R": [[0.6307661044094625, -0.1406522055755277, -0.7631193082309287], [-0.7151031914039542, -0.4871760502263095, -0.5012852698112846], [-0.30126657161389675, 0.8619028095746251, -0.40787498044790266]], "T": [0.18769423309994177, -0.05644754801458093, -0.02757157630464152], "aligned_model": [[-0.07859911539912068, -0.5281598278504358, -0.6249644069703981, -0.2267538835035784, 0.06766177901489107, 0.60196521280933, 0.06266194238045891, 0.6522376026598677, 0.08330316405956419, 0.195819140523601, 0.5185675885825731, -0.1454479951889574, 0.15500404962395237], [-0.4823488286071167, 0.14281884889467342, 0.08966783134180589, -0.3988512088225235, -0.7241073561952622, -0.2167599855967341, 0.6470347238694636, 0.39703216443732026, 0.34922822971795003, -0.06534037750316266, 0.4865345774903436, 0.46760417406849014, -0.040573675565743705], [0.40046507599774456, -0.40054410778990324, 0.24365068245671406, -0.5597977004709318, -0.13936088018657558, 0.2930817254661101, -0.12080687714138595, -0.20044567374094988, -0.6706419573845421, 0.8240642016761861, 0.41450556186244836, 0.45439324114472485, -0.011240048919622138]], "inverted": true, "swapped": false, "error_lsq": 0.037044177953506945, "error_max": 0.2342265323735353, "target": "1074.xyz", "model": "23.xyz", "model_rescale": 4.410303926677745, "target_rescale": 3.903667584243109},
{"mapping": [13, 5, 12, 15, 14, 11, 4, 10, 8, 7, 1, 0, 16], "R": [[0.9468885898379196, -0.32147535177948783, 0.00745631497530197], [-0.2529406766774115, -0.758940360636368, -0.6000254520260895], [0.19855229164310734, 0.5662712487804713, -0.7999461608682651]], "T": [0.07596532451991468, 0.018559438362813145, 0.020198217905516427], "aligned_model": [[-0.19473438962787626, -0.4868589978918131, -0.6256597553845537, -0.13885151568144927, 0.14752403092029673, 0.6248879425139385, -0.044104974615828504, 0.596154416740944, 0.2674227420448237, 0.15401497670654762, 0.6014211000859756, -0.26801446182572225, 0.10009413675646514], [-0.5124762599998509, 0.17747533932409618, 0.027317857932015015, -0.3238982047544089, -0.640752776514317, -0.26349372599723936, 0.5721878731097045, 0.3092602230947796, 0.3041457139918778, -0.04732577661176041, 0.4356477707861671, 0.4831579746386105, 0.13069310852982918], [0.3929036990215297, -0.21126787453865956, 0.4123988962825382, -0.5679264956300127, -0.11521501950779003, 0.16109342201066304, -0.3709066944854053, -0.24187106370927972, -0.7264551177874721, 0.6770835099646382, 0.555239244791224, 0.5062145939281399, 0.05603214262990315]], "inverted": false, "swapped": false, "error_lsq": 0.037728398870758934, "error_max": 0.2205912724807424, "target": "1074.xyz", "model": "24.xyz", "model_rescale": 4.28219845311461, "target_rescale": 3.903667584243109},
{"mapping": [4, 13, 7, 2, 0, 1, 11, 10, 14, 3, 5, 9, 15], "R": [[0.9938748284858194, 0.0369928272870954, 0.10413623784058101], [0.08559318678284028, 0.33838578347289466, -0.9371066470363941], [-0.06990444677301111, 0.9402800605525686, 0.33314677853555313]], "T": [0.05215371330183264, 0.08235011570878895, -0.00037454014461733853], "aligned_model": [[-0.22631008946726902, -0.5049453287016615, -0.6125536148925944, -0.1355669525405733, 0.2909660197018058, 0.46472866359397247, 0.18277551105366077, 0.616186152826862, 0.09217787629921295, 0.030790851772687575, 0.6383059419409012, -0.17148085637793478, 0.06822107553267891], [-0.5427754560562681, 0.11040217246080045, 0.04435425109435518, -0.3191989227110139, -0.6864098960556847, -0.18043940002795864, 0.59475633177405, 0.40876749652851896, 0.2893048231041851, -0.12007256948781592, 0.49097803672124374, 0.5513609335679067, 0.010911316617184141], [0.257160900326191, -0.20475212318095598, 0.40244860698952234, -0.5221976382801203, -0.13277884014887625, 0.412664174332555, -0.13020091242065363, -0.45317021093897186, -0.7322983342365118, 0.7470303230486235, 0.4630145705869938, 0.43193335459492604, -0.011530627702705312]], "inverted": true, "swapped": false, "error_lsq": 0.039403425610069154, "error_max": 0.22794698726124527, "target": "1074.xyz", "model": "25.xyz", "model_rescale": 4.100010024507729, "target_rescale": 3.903667584243109},
{"mapping": [2, 1, 3, 8, 9, 5, 0, 7, 6, 10, 11, 12], "R": [[0.5780646224350651, -0.004233885474349108, -0.8159800037395497], [0.7910879323748288, -0.24225448067059258, 0.5616873239142396], [-0.20005293184535938, -0.9702035048425725, -0.13668936919623417]], "T": [0.006015493643819047, 0.023019305281389547, 0.08125784174045947], "aligned_model": [[-0.6163720678202418, 0.029376954865365356, 0.3434382051777125, 0.6906618740535233, -0.49669237508162833, 0.16315399387653684, -0.4083961470143903, 0.6410992725339575, 0.13942152905858918, -0.09984549507846845, -0.4515179166256555, -0.05756222558229379], [-0.30059428948073685, -0.6662489257584413, -0.40131308666236853, -0.35245347370588503, 0.6170627191652989, 0.6981800464929824, 0.12068052597987447, 0.2511976735543506, -0.21368097530789915, 0.6701571727546075, 0.0827084069944897, 0.1604355960243669], [0.1339786453239141, 0.052898115245181385, 0.5713248763916674, -0.10744623521207627, 0.08201875534222888, 0.08341404608258016, 0.6014476262939326, -0.31216490126253166, -0.501659156581844, -0.5772196759744356, -0.46248226902180967, 0.0010824632275490825]], "inverted": false, "swapped": true, "error_lsq": 0.040352279663866, "error_max": 0.2091777920652964, "target": "1074.xyz", "model": "26.xyz", "model_rescale": 3.6694154284099745, "target_rescale": 3.903667584243109},
{"mapping": [12, 9, 11, 3, 6, 0, 8, 5, 7, 2, 4, 10, 13], "R": [[0.624508485212216, 0.11440759560819261, 0.7725930713934056], [0.42088653127917497, -0.882585066386169, -0.209518801972296], [0.6579085648368835, 0.4560202875522912, -0.5993344789472721]], "T": [0.10555895176825916, 0.0823750575537717, -0.005039539278289193], "aligned_model": [[-0.4291514229654265, -0.5225268382253911, -0.5276701034918428, -0.2402732849715233, 0.18586271670119744, 0.7000843352335082, 0.09326861116039645, 0.7971377741961875, 0.1285611747938182, 0.15909099795715503, 0.44629975471317196, -0.1694024518267144, 0.11201398746721176], [-0.49079170027186036, 0.23276703853796324, -0.09777015303143438, -0.35161812791541247, -0.5992687650525669, -0.00797885772444834, 0.705760843934021, 0.2331112405608519, 0.11443871592862957, -0.21951090786134134, 0.6039920778214025, 0.4710217275520421, 0.05778598505165669], [0.11864350819897852, -0.22356648941043128, 0.5451823577076471, -0.5923054069493228, 0.005130821807012451, 0.2693854623934542, -0.14502632900099927, -0.3585587540641424, -0.6331886810160985, 0.6016966720355716, 0.5310033316420324, 0.3627113442352305, 0.046215405391084215]], "inverted": true, "swapped": false, "error_lsq": 0.048529128413859104, "error_max": 0.2779253610364282, "target": "1074.xyz", "model": "27.xyz", "model_rescale": 4.103607728864725, "target_rescale": 3.903667584243109},
{"mapping": [7, 13, 11, 4, 1, 0, 10, 3, 12, 5, 9, 6, 14], "R": [[-0.6219149515007869, -0.05619249927181, -0.7810660638674312], [-0.46804920585478027, -0.7729799212178117, 0.42828960096273105], [-0.6278150476043751, 0.6319370573242984, 0.4544269155560913]], "T": [-0.012008921471220346, 0.14571662135168645, 0.012748656888500715], "aligned_model": [[-0.2589802776181464, -0.4890645601695964, -0.655921875678861, -0.2357928563903154, 0.349393683383756, 0.6378648812773976, 0.05999885132457006, 0.6278269857835155, 0.10331738196789228, 0.20521500171878793, 0.4763318343835145, -0.1688963293564348, 0.08200253011566863], [-0.3697070446294973, 0.11131773811855926, 0.27169353184640593, -0.5075386126750026, -0.6730622753694173, -0.14205326433561433, 0.6479538794677355, 0.2817707598244368, 0.3562764285891018, -0.13733471051795731, 0.46446794454045653, 0.32379947374934026, 0.02435526892095584], [0.45254956565614857, -0.42440940076582134, 0.2166289131299573, -0.5744375459665898, 0.05576153360093425, 0.08015989018247974, 0.061203723938451624, -0.3555313123723265, -0.8116650914417587, 0.6513691397283725, 0.5872439364075112, 0.6000646721484656, -0.011614781275807687]], "inverted": false, "swapped": false, "error_lsq": 0.04606623105358097, "error_max": 0.264203470107442, "target": "1074.xyz", "model": "28.xyz", "model_rescale": 4.137296879288765, "target_rescale": 3.903667584243109},
