[{"mapping": [6, 8, 7, 2, 0, 5, 9, 10, 12, 11, 4, 13], "R": [[0.42162170183167136, 0.056170737172415386, -0.9050303800591849], [-0.9067434705719333, 0.01822412151247549, -0.4212886895826473], [-0.007170712637577736, 0.9982548420521715, 0.058616134294776884]], "T": [-0.028546477141692794, -0.08093105759686366, 0.03983053082981074], "aligned_model": [[-0.33525621680699896, 0.27598870484572824, 0.30289506750031026, -0.2769076322827714, 0.10554430748198239, -0.4983823984478911, 0.4245951568894542, -0.26667041215394316, 0.6419068104496912, 0.1294936026132884, -0.5157420232216123, -0.14982250440668893], [-0.21879203266842423, -0.8054286392582514, -0.2746550468917267, 0.6703689943071721, 0.3382615908295677, -0.6147416955566656, -0.29977599308737585, -0.41003578420506304, 0.1981221125987338, 0.32034451684989096, 0.18614682926033627, -0.03625981620113692], [-0.5460725253664203, 0.003343800596449849, -0.4993223123338478, -0.009974872132081855, -0.6515875244373548, -0.06653999789370306, 0.3944757122805576, 0.735457777314156, -0.011170781597919163, 0.4614348655357025, 0.35379461263176964, 0.018112990756253326]], "inverted": false, "swapped": true, "error_lsq": 0.04234419195782644, "error_max": 0.23532269584998794, "target": "1075.xyz", "model": "0.xyz", "model_rescale": 3.751011558992144, "target_rescale": 4.089836299214092},
{"mapping": [2, 3, 0, 12, 7, 11, 13, 5, 10, 4, 6, 1, 8, 14], "R": [[-0.28199492683380084, -0.22798257301511637, 0.9319349803722397], [0.43690930772202186, -0.8953061103337885, -0.08681719659633101], [0.854159890223056, 0.3826890581142731, 0.3520794892261513]], "T": [-0.010033766833792368, -0.08714414143840044, 0.03292282626091103], "aligned_model": [[-0.39997050353051095, -0.649773260445254, -0.7360588518711952, -0.24155875572664745, -0.437885599460848, 0.3095606482983542, -0.09659614774519464, 0.2695926004993364, 0.7954390130545861, 0.402143300109216, 0.05125048593167497, -0.32249960228918345, 0.06825046131542609, -0.0013921455135317146], [-0.6611343277783396, -0.44891666792910184, 0.016382633326352064, -0.27360581069947404, 0.2627636118183849, 0.11195131324933538, -0.7902595475699962, -0.5879185885561133, 0.05979494783338593, 0.4031777867872738, 0.5767363578631376, 0.4940957540255856, -0.11787705295566006, -0.10689390616216024], [-0.4167689674688214, 0.2409129916607695, -0.16117586333467976, 0.7138070524636837, 0.39923471157955975, 0.736450649922279, 0.1930411517952774, -0.214301959716643, 0.07848874589090307, -0.4310474767727247, 0.3782236636190902, -0.19115491701140813, -0.6253668667410577, 0.08331212688793739]], "inverted": false, "swapped": false, "error_lsq": 0.04064122654507319, "error_max": 0.271550792298438, "target": "1075.xyz", "model": "1.xyz", "model_rescale": 3.9405287249114394, "target_rescale": 4.089836299214092},
{"mapping": [10, 9, 11, 6, 7, 4, 5, 8, 0, 2, 1, 3, 13], "R": [[0.795174383466994, -0.5682487751175812, -0.21163891290416043], [0.6058085748100787, 0.7596262712230044, 0.23656690122334578], [0.026337626401549533, -0.316324608029795, 0.9482853324766387]], "T": [0.0021373837527120243, 0.03994663572099497, -0.12508727248662024], "aligned_model": [[-0.31154607862006645, 0.15933825109841512, -0.42414817485706646, 0.28185490000536295, 0.6061755124361045, -0.5942722111302092, 0.17470951559844955, 0.6394872909726695, 0.20401692976623828, -0.5741134934697589, -0.2392811893866544, -0.35238203925388845, -0.07385593387566501], [0.7630902579950981, 0.48930655847171306, 0.12207496456809028, -0.34812405625608633, -0.2231490543080931, 0.07046587297283818, 0.25785152564418823, 0.4976612585455829, -0.7459206351291036, -0.4963301141364854, -0.7423718683465146, -0.17043532522238386, -0.015286791226826822], [0.0409735072028756, -0.5154296838893847, -0.5437572243829366, 0.3519013576118366, -0.18822891341582945, 0.09991875791950236, 0.5380496649459083, -0.06805987377609066, -0.2409277821245628, -0.21973284079726318, 0.27685450737475203, 0.6152714751345804, -0.03371260221474355]], "inverted": false, "swapped": true, "error_lsq": 0.058052614609617297, "error_max": 0.3928639885942814, "target": "1075.xyz", "model": "2.xyz", "model_rescale": 3.932901565614263, "target_rescale": 4.089836299214092},
{"mapping": [4, 2, 6, 1, 10, 3, 0, 7, 8, 9, 11, 12, 5, 13], "R": [[-0.657129385386843, 0.6374253592222163, 0.4023305634444624], [0.624445073823513, 0.16139154482570883, 0.7642127446178313], [0.4221958320953173, 0.7534199895670408, -0.5040922521544474]], "T": [0.0037310830890273233, -0.09082955091037515, 0.12294177827175712], "aligned_model": [[-0.2876674182789479, -0.6726958338804718, -0.6217506528403464, -0.43745191614063167, -0.41649437271780815, 0.3523226012380661, -0.07118924497920533, 0.43579209406756925, 0.6871171519738793, 0.3413086095088253, 0.25283113250271777, -0.29477283691707684, -0.19732506872949557, -0.059522602180845416], [-0.811949922182304, -0.5738953565287592, -0.002462620550528788, -0.1772798509320409, 0.4726498549043967, -0.24480756454561553, -0.6918234560181269, -0.4236328638951514, 0.17267039946326823, 0.23587118556998965, 0.6121383041165682, 0.45342157549298534, -0.0590163958411887, -0.0235867858008829], [-0.2749259485859374, 0.1803343441640351, -0.13716616916413665, 0.7117138290087467, 0.26095252356284376, 0.4627361320693344, 0.40954882565281847, -0.33782691099184675, 0.17129446732939652, -0.4419484604723046, 0.6143622281396313, -0.32182325105181475, -0.5665247057832243, 0.052928138896623844]], "inverted": false, "swapped": false, "error_lsq": 0.048534223979589175, "error_max": 0.2830681793410298, "target": "1075.xyz", "model": "3.xyz", "model_rescale": 3.9243930471874484, "target_rescale": 4.089836299214092},
{"mapping": [3, 5, 4, 2, 11, 6, 0, 10, 9, 8, 12, 7, 13], "R": [[-0.5768942204153037, 0.7743203501090938, -0.2600404850371373], [0.816767055954249, 0.5504297460732791, -0.17297014466529909], [0.009199715172108852, -0.31217797815450754, -0.9499790919784058]], "T": [0.045664952494811666, -0.018739424265284216, -0.0653285445295158], "aligned_model": [[-0.06766024714868149, -0.39735111414798663, 0.4402496827589366, 0.4847862009755286, 0.6320255924786042, -0.5007969746083625, -0.20520997847739092, 0.35430747304062377, 0.19045151818564093, -0.43986415259218714, 0.21116214221506088, -0.4785865751405552, 0.05369231877212122], [-0.5689535522538988, 0.025728330507435795, -0.2860083858315966, -0.6715222912436378, 0.026307828110097416, -0.40374930151801314, -0.5919810464499379, 0.4421694163529888, 0.5553813936491656, 0.600255898098121, 0.1270861971906694, -0.002681660169143868, -0.1242032727606626], [-0.699755434285962, -0.6299289899875687, -0.48975019248779145, 0.03297032245516476, 0.06846575067979892, -0.16282552272806833, 0.4640272467583357, -0.6494629731536261, 0.10327094491572532, -0.0740453897200179, 0.6284473449545049, 0.33836781886587924, -0.14271061089541054]], "inverted": false, "swapped": true, "error_lsq": 0.04020127493870151, "error_max": 0.22920539430465106, "target": "1075.xyz", "model": "4.xyz", "model_rescale": 3.8936222436046832, "target_rescale": 4.089836299214092},
{"mapping": [12, 2, 11, 9, 4, 3, 6, 5, 8, 7, 10, 13], "R": [[0.9472913802843806, 0.0035457708229655605, -0.3203536613622264], [0.21917768489304756, 0.7221407170128781, 0.6561051190754805], [0.23366682110183512, -0.6917370977050439, 0.6833005227385426]], "T": [-0.05650859650852576, -0.08703337204733935, -0.06985632704664513], "aligned_model": [[0.20489767617420612, -0.7705475437568785, -0.2473171286868261, 0.40655900419719093, -0.592704486903844, -0.6595026771000371, -0.15528444213469728, 0.008308521443917513, 0.6787620394368015, 0.3241490966131733, 0.002219879401095623, -0.1719918964690052], [-0.5635589942374195, -0.3574150534563477, -0.02576796012423946, 0.07399110817950547, 0.2520020642048482, 0.1656767324659359, -0.32598291364344145, 0.29548687258240525, 0.07969034923255586, -0.5588231756454716, 0.7018649891024062, -0.06824111355092988], [-0.5541800911818953, -0.2835330401183225, -0.6387039532605432, -0.442204504097135, -0.13922838567565143, 0.4692275326700359, 0.5542473125879691, 0.5355289083186998, 0.15497693798228857, 0.19581710354541076, -0.22184493663811117, -0.010818164857227329]], "inverted": false, "swapped": true, "error_lsq": 0.04625161470647401, "error_max": 0.3263651671652798, "target": "1075.xyz", "model": "5.xyz", "model_rescale": 3.6523030999806103, "target_rescale": 4.089836299214092},
{"mapping": [2, 0, 12, 11, 9, 3, 7, 4, 6, 5, 8, 10, 13], "R": [[-0.07396028454296366, 0.9374405053188818, -0.340198729124322], [0.8056767973231073, -0.1448737830133583, -0.5743661595625037], [-0.587719979722916, -0.3165705071273671, -0.7445591577917883]], "T": [0.11434465274379157, 0.003771373746216486, 0.03246074929443359], "aligned_model": [[0.15779956229944753, -0.37974859733629995, 0.3519062311692758, 0.6440306000165676, 0.5388072384387264, -0.28476316075465313, -0.3146330247251115, 0.3023467847137642, -0.554951363293198, -0.25930483154131817, 0.016410583920937333, 0.5985226428565538, 0.06466023889960273], [-0.5675538061460043, 0.039287668294737024, 0.4468908277565472, -0.13639041813913727, 0.43178404376062435, -0.7001865414440648, 0.4803496295797669, -0.5999940760628771, -0.08178977974842196, -0.11444236246361829, 0.6256393395772105, -0.1653425406849024, -0.117425080116677], [0.5804706207336674, 0.6854325673785089, 0.5589482253479844, 0.2845251019041592, -0.09260051033781788, -0.21899873611820792, 0.19653264857790823, -0.053481221950898584, -0.0004183632697123754, -0.570387370047742, -0.43940666388585264, -0.5887335467105432, 0.028226987860335194]], "inverted": false, "swapped": true, "error_lsq": 0.052028010278812535, "error_max": 0.39402489964729254, "target": "1075.xyz", "model": "6.xyz", "model_rescale": 4.08911054899281, "target_rescale": 4.089836299214092},
{"mapping": [2, 0, 1, 3, 9, 4, 6, 7, 5, 12, 8, 11, 13, 14], "R": [[0.1358899074616317, -0.9842935965621764, 0.11269449328500886], [0.5207326584727083, -0.025808594875778093, -0.8533296050357588], [0.8428353525155522, 0.17464258414611752, 0.5090466936861013]], "T": [0.0017841656945515455, 0.0030013274211006524, 0.03329742467627], "aligned_model": [[-0.3195171055400532, -0.6683004822309581, -0.6808630232945222, -0.2575923964751273, -0.6315211725930601, 0.3902528036113589, -0.03736738902744771, 0.39245782680385743, 0.7597265878619086, 0.3978676677519717, 0.0010262445997551994, -0.14741341666585212, -0.05223702724450015, -0.13601747493110256], [-0.6546270218684738, -0.5572684515974904, -0.050132059121770045, -0.24159625166727852, 0.35265305687491183, -0.07676268207116105, -0.4583202687529194, -0.5902222171248286, -0.051329502295657886, 0.29560954861121547, 0.4250257999114809, 0.5043515659391655, -0.05181822125851404, 0.09273320767393067], [-0.30497759746540526, 0.3822107698450869, -0.22960125819452115, 0.7399424979393023, 0.3353327280667235, 0.6160317636739248, 0.21982492162988315, -0.2745156375047653, 0.08872914127152337, -0.4819696966317791, 0.5690620590632499, -0.2330089453430123, -0.6946936811400227, 0.05128797756397666]], "inverted": true, "swapped": false, "error_lsq": 0.04496125666896871, "error_max": 0.36012857730028663, "target": "1075.xyz", "model": "7.xyz", "model_rescale": 3.964800864290218, "target_rescale": 4.089836299214092},
{"mapping": [11, 4, 6, 2, 0, 7, 12, 9, 8, 5, 1, 3, 10, 13], "R": [[0.4238260921178355, -0.7187931543526438, 0.5510969469121567], [-0.47578547331758214, -0.6944205970581391, -0.5398223946460373], [0.7707137127494803, -0.03341310576995293, -0.6363049090983955]], "T": [-0.12438139406612914, -0.04098557731947105, 0.08281507612450592], "aligned_model": [[-0.361727193727288, -0.6117768774396004, -0.6541193007929103, -0.4041552611187637, -0.5344476865532148, 0.2975630195877454, 0.14866317073951335, 0.2986086111498706, 0.6390044163684383, 0.36066210537414467, 0.21249008158577964, -0.47024130862017854, 0.14404429555119114, -0.054066429478498976], [-0.719031333814092, -0.5105412163577672, -0.11788677408005815, -0.056349376073002326, 0.49117628054961326, -0.16462382035458833, -0.7092195747722899, -0.4858812908683382, -0.05563763251220843, 0.4447124617179942, 0.43216682518419036, 0.49265596143098667, -0.06000143575488819, -0.04324257104294199], [-0.3307719739345141, 0.2753158284563336, -0.14072413585418986, 0.682897791053346, 0.33142876303245483, 0.6427522704661482, 0.3054918094553435, -0.22863955354380874, -0.007101569237008859, -0.39457464045333845, 0.5579616893603716, -0.26585428491416685, -0.693535398396288, 0.04900844728348247]], "inverted": false, "swapped": false, "error_lsq": 0.04021115668121568, "error_max": 0.29316329939577773, "target": "1075.xyz", "model": "8.xyz", "model_rescale": 4.121658175737393, "target_rescale": 4.089836299214092},
{"mapping": [4, 5, 6, 1, 10, 11, 8, 12, 7, 9, 2, 0, 13], "R": [[0.36635200534295737, -0.8730490407075927, -0.3218253885272976], [-0.9275921828985795, -0.3698872667200582, -0.052499068028041884], [-0.07320485234355825, 0.31775585350692886, -0.9453424073611852]], "T": [-0.0803284546511363, -0.08341287412546705, -0.022569088585384364], "aligned_model": [[-0.6107246635557604, -0.05827061458588137, 0.35052360708665614, 0.11010551437664567, -0.7260548965977849, -0.47941382594469717, 0.22702665516225073, 0.17187120217561874, 0.5737910412460694, -0.17077034901254828, -0.29403589084439485, 0.5012256688750469, -0.11853595194602377], [0.20803629564355164, -0.33051869916011584, 0.12451153643106491, 0.7275776895290031, -0.5328856929227878, 0.04851546159716755, -0.8015367533907639, -0.07004827118872833, -0.1729428125350866, -0.5656331754360124, 0.6687532271624533, 0.4795830545636137, 0.006975579118350603], [-0.22505559542106895, -0.6974516283322768, -0.49953118823727216, -0.39390663417555466, -0.1955481129966718, 0.4099522971890855, -0.1163807876692151, 0.6602164831664428, 0.024125076467703153, 0.3493011787885799, 0.10854497369341426, 0.10624134520939865, -0.10943197372347603]], "inverted": false, "swapped": true, "error_lsq": 0.03930438007552085, "error_max": 0.22558793372888966, "target": "1075.xyz", "model": "9.xyz", "model_rescale": 3.833441315466971, "target_rescale": 4.089836299214092},
{"mapping": [10, 0, 13, 1, 5, 6, 12, 11, 7, 3, 4, 2, 9, 14], "R": [[-0.19161107288391246, -0.8563089905267105, 0.47960411746710696], [0.9803982446528432, -0.1898334035729937, 0.05274998359731764], [0.04587459678188319, 0.4803105158447184, 0.8758980133206609]], "T": [-0.03987644827761444, -0.1538627899640267, 0.0684426967510088], "aligned_model": [[-0.34938351185363764, -0.6517292786665232, -0.7790856232931374, -0.35455338961180133, -0.496709300944937, 0.27459321826404204, 0.11041737214187755, 0.3681820169908247, 0.5617585548824608, 0.354970454658706, 0.17352846849531484, -0.3159763171583244, 0.12117907926938576, -0.006690100548022923], [-0.836549782379381, -0.3848790362618622, 0.037631985110034044, -0.269141992264749, 0.3026054588873046, -0.05420083559560537, -0.610309721190424, -0.6352484309584896, -0.11296095492284983, 0.5736046492388605, 0.49897551348362756, 0.36151577748849417, 0.16120415720726972, -0.09395028458961951], [-0.26904506821728713, 0.2584178782753479, -0.16087387069857612, 0.7266964935674762, 0.2693797117120316, 0.6620805423450726, 0.4318818578612155, -0.1905809211117006, -0.2148880986889803, -0.1946331438136883, 0.4736254593890149, -0.34965304532522556, -0.661423087060941, 0.0026703345404055084]], "inverted": true, "swapped": false, "error_lsq": 0.0467999773680456, "error_max": 0.3395739605381505, "target": "1075.xyz", "model": "10.xyz", "model_rescale": 4.2482417240324, "target_rescale": 4.089836299214092},
{"mapping": [9, 12, 2, 0, 10, 3, 4, 6, 7, 5, 8, 13], "R": [[-0.5384670659460298, -0.8391811286919012, 0.07634299010951365], [0.012509657108136452, 0.08262804885352393, 0.9965019387947507], [-0.8425536940578395, 0.5375384998212192, -0.0339946148594476]], "T": [-0.08098852780573555, -0.006570317307722846, 0.004683640627588963], "aligned_model": [[-0.6271354297511141, -0.1458230838405195, 0.37674128690457176, 0.6312105082976686, -0.7212578425049389, 0.3460475837713645, -0.056422902977382165, 0.44946056196867784, 0.16701114746278334, -0.06679266302832983, -0.47461718677043097, -0.0016563771693438034], [-0.2667863904222262, -0.7316574610582258, -0.11485545493416327, -0.40363478299896194, 0.44517260353468163, 0.6974304540068156, 0.3574403972542594, 0.24373315470223617, -0.29488084279250015, 0.6268747184346904, 0.02794433319919326, 0.0793506611248403], [-0.10939881988598113, -0.00026921906850467525, 0.6429417038220191, -0.07822646264035388, 0.19148228536666145, 0.20493033687047976, 0.5282829838193404, -0.33047429105623854, -0.5370187424166899, -0.3352577420343771, -0.6756360798909876, 0.06383633696898855]], "inverted": false, "swapped": true, "error_lsq": 0.05410247356970233, "error_max": 0.2834295561226321, "target": "1075.xyz", "model": "11.xyz", "model_rescale": 3.6694154284099745, "target_rescale": 4.089836299214092},
{"mapping": [9, 7, 10, 5, 12, 0, 6, 11, 4, 3, 1, 2, 8, 13], "R": [[-0.8462310683235251, 0.2352045209775297, 0.4780918450630132], [0.22736462439721788, -0.6520903293605683, 0.7232451381980648], [0.4818695949909451, 0.7207336787372688, 0.4983419084896495]], "T": [-0.10688447595612884, -0.11881224495843404, 0.10135242740953414], "aligned_model": [[-0.4098307274500384, -0.6543906984139382, -0.6912274021714396, -0.3752700866023029, -0.5377093218783765, 0.2511235874106533, 0.1323354222069944, 0.2595288303676895, 0.627643521546649, 0.4488904146181377, 0.2052889238910468, -0.2108435115173059, -0.0045715566856485285, -0.03046575269589212], [-0.5534748997262627, -0.615765395226579, -0.027792608936744817, -0.39177638644087376, 0.2980780685819141, 0.06009420470310159, -0.5465946264695637, -0.6276670719912768, -0.031847635999373375, 0.35872331781914535, 0.6626739182565541, 0.43466819836924764, -0.021186504602518863, -0.05983607508415964], [-0.5019536409720637, 0.17510757148837375, -0.13056901995799464, 0.8070652117202031, 0.4212913573302155, 0.6934339870441244, 0.3835419166630521, -0.2883098659436945, 0.07717749362577613, -0.35066854322477553, 0.19246027137993332, -0.2290495870687373, -0.6420176908232353, 0.1761455815129879]], "inverted": true, "swapped": false, "error_lsq": 0.040569172540623206, "error_max": 0.22320777159230845, "target": "1075.xyz", "model": "12.xyz", "model_rescale": 3.9764082729961374, "target_rescale": 4.089836299214092},
{"mapping": [8, 2, 1, 0, 9, 4, 7, 3, 6, 13, 5, 12, 11, 15], "R": [[0.44843124429776104, 0.823509764867189, 0.3474781810501911], [0.8630679485067598, -0.500036838680147, 0.07125220153158875], [0.23242877489221347, 0.2679455674780837, -0.9349770251032659]], "T": [-0.045499817346697835, -0.007535696236144543, -0.0035292804870604363], "aligned_model": [[-0.32545059326626813, -0.6541531001783694, -0.665688535753375, -0.30693570559665456, -0.3991779858869223, 0.34252677609141274, -0.044127532701711686, 0.27210843474521235, 0.6624771091255348, 0.2256602807259076, 0.11031913702767815, -0.3272186045535234, 0.08774950895063768, 0.03241245389666961], [-0.5426190974781503, -0.4846673814514874, 0.03073909443571922, -0.16100066385403894, 0.3058510294433077, -0.15906318348785042, -0.6315687805360193, -0.7468235314067131, 0.2733438418512658, 0.360794753803564, 0.5207787127997913, 0.5151703568809121, -0.26640768701453243, -0.07623096073315822], [-0.37090667966380114, 0.19178085792852678, -0.1347678884540155, 0.6561734658701578, 0.3682228409373728, 0.5815677244371038, 0.42263327706232, -0.25055547805636247, 0.055919540913920186, -0.4100823852270191, 0.6284740774924715, -0.23725228303018253, -0.742294878076141, 0.024742850639814008]], "inverted": false, "swapped": false, "error_lsq": 0.04961186843371147, "error_max": 0.3309380713090018, "target": "1075.xyz", "model": "13.xyz", "model_rescale": 4.170626492500431, "target_rescale": 4.089836299214092},
{"mapping": [3, 1, 9, 7, 10, 8, 0, 2, 4, 5, 12, 11, 6, 13], "R": [[0.22066938517329734, 0.7604034899279866, -0.6108122092366666], [0.04122621989214559, 0.6184186636598448, 0.7847666884052714], [0.9744769988258539, -0.198355461085674, 0.10511750480698398]], "T": [-0.04374828376214482, -0.14737484223550368, 0.06439816146462841], "aligned_model": [[-0.35326716663580837, -0.6445363817557814, -0.8295391926239755, -0.31151475700326103, -0.3104455998085258, 0.24751488904420885, -0.02459540377544281, 0.3274592601601054, 0.6502070294592773, 0.2626954546295124, 0.21823383811261973, -0.37612683917153455, 0.2033530121127995, -0.04893650011796534], [-0.4230097536812716, -0.6013215510002069, 0.049633282398822476, -0.30474994791817633, 0.23147921643968872, 0.06595985032019655, -0.6727410874032442, -0.6340305542273768, -0.08262854881046605, 0.5660685747103262, 0.5141461757204135, 0.2920542449801706, 0.017509152026318975, -0.08007255030258532], [-0.4866890014840347, 0.21867232263955866, 0.05921310196233577, 0.8133734579919505, 0.38637711856247947, 0.7134053770823474, 0.3463234745431937, -0.17706269365942262, 0.1959164922497224, -0.4092161904858074, 0.23604148876498082, -0.3784180807215769, -0.7225220918287265, -0.011759732842835421]], "inverted": false, "swapped": false, "error_lsq": 0.05024100652460446, "error_max": 0.29442291827997896, "target": "1075.xyz", "model": "14.xyz", "model_rescale": 3.9786697098870705, "target_rescale": 4.089836299214092},
{"mapping": [3, 5, 0, 2, 7, 12, 10, 9, 11, 4, 8, 13], "R": [[0.6997473172672497, 0.08887563127636888, 0.7088404715748913], [-0.7007193463766043, 0.27857318522843544, 0.6568023889155922], [-0.13909022104674326, -0.9562939415456478, 0.2572077132829756]], "T": [0.035631714348747456, 0.03655300718260847, -0.02955595167871272], "aligned_model": [[-0.19001649907858204, -0.6087383026730013, 0.5585027712964624, 0.656888874501858, 0.03589605311086372, 0.5309179137945845, -0.43937728101448803, -0.057893607957171606, 0.41058311783995294, 0.0787116157896314, -0.5306672017726891, 0.038547142929916026], [-0.6607012197319627, -0.14580409307403325, 0.22366536894346972, -0.4378329687251176, 0.5701685845180321, 0.5375727237996676, -0.27562974207983426, 0.39824331664432755, -0.10684062541387766, -0.5874843836972508, 0.5780504678529377, -0.0787329388119193], [-0.4549911321532063, -0.2913716285947353, -0.6323465986265895, -0.16227029287355613, -0.4211202702579867, 0.15388406769306895, 0.5412492523444469, 0.45976683047797123, 0.4205536790226205, 0.09687584537276978, 0.04154778993665194, -0.09181104846762544]], "inverted": true, "swapped": true, "error_lsq": 0.05502891385528003, "error_max": 0.3300544307934209, "target": "1075.xyz", "model": "15.xyz", "model_rescale": 3.769337070930944, "target_rescale": 4.089836299214092},
{"mapping": [11, 10, 12, 9, 2, 4, 0, 5, 7, 8, 13], "R": [[-0.5975473931951639, -0.7310494470283202, 0.32939917863475576], [0.02771306229925713, -0.42939131096855865, -0.90269324149608], [0.8013545401778553, -0.530273333352046, 0.2768412773992495]], "T": [0.03198146368857527, 0.026137440243688137, 0.0004811299412618396], "aligned_model": [[-0.20277979183294453, -0.4467586412846424, -0.21956529307770842, -0.5716125074906614, 0.506766177810926, 0.20234408143451113, 0.6043547938368656, 0.1767865374178112, 0.14129993958542447, -0.4046252796647948, 0.13641611395638392], [0.08955551897020689, -0.6148723820582179, 0.6870337461272248, 0.14383836285505675, 0.11127430537186772, -0.4243121799320172, 0.6127128672759917, -0.48602940224400004, 0.48524245041313824, 0.037075349557821775, -0.04545413871173053], [-0.5514375857188688, -0.09345776059763908, -0.1724920429426221, 0.029194572455338446, -0.6287619065479141, -0.4182494046370997, 0.009413179091075873, 0.48393836239112065, 0.4645288972016473, 0.6548698662308111, -0.03332856970207279]], "inverted": false, "swapped": true, "error_lsq": 0.047543604596070654, "error_max": 0.24086654114300052, "target": "1075.xyz", "model": "16.xyz", "model_rescale": 3.7852294659196426, "target_rescale": 4.089836299214092},
{"mapping": [11, 0, 7, 12, 2, 1, 3, 6, 9, 10, 4, 5, 13], "R": [[0.9146236897065552, 0.40102305429349705, 0.05141999759512508], [-0.19505421130898226, 0.3262682730485854, 0.924933980699447], [0.35414313614441084, -0.8559962172387265, 0.37663392730182005]], "T": [0.14239617295224047, 0.012706560673916942, -0.03395309694301231], "aligned_model": [[0.02827981082013853, -0.4371205605683015, 0.2117675060950172, 0.12917289512789837, -0.6010359009802636, -0.6785530120303546, -0.2539935991936063, -0.0846773122848617, 0.6316101816209879, 0.609957462701734, -0.1345356155948876, 0.3806584113091277, 0.052235583193654025], [-0.05193049426379372, -0.4584688551488945, -0.45143787480119224, -0.6685464787689587, 0.062080375865729384, 0.17853792800812562, 0.6986608650234236, 0.09415808846844255, -0.21507662238872804, 0.5605864015230582, 0.516145142859597, 0.5058918183810981, 0.10445532894496726], [-0.6226367773028859, 0.3035610883278735, 0.4327650524683171, -0.29027098098757764, -0.30503719341500235, 0.32716289127362863, 0.26674194265873286, 0.5970478420701864, -0.3302437080743845, -0.3946805783910969, -0.31166143475253283, 0.4318941815540098, -0.008887628286094153]], "inverted": false, "swapped": true, "error_lsq": 0.041068874718375996, "error_max": 0.24302657925113327, "target": "1075.xyz", "model": "17.xyz", "model_rescale": 3.901054581598922, "target_rescale": 4.089836299214092},
{"mapping": [2, 3, 0, 12, 7, 11, 13, 5, 10, 4, 6, 1, 8, 14], "R": [[-0.28199492683380084, -0.22798257301511637, 0.9319349803722397], [0.43690930772202186, -0.8953061103337885, -0.08681719659633101], [0.854159890223056, 0.3826890581142731, 0.3520794892261513]], "T": [-0.010033766833792368, -0.08714414143840044, 0.03292282626091103], "aligned_model": [[-0.39997050353051095, -0.649773260445254, -0.7360588518711952, -0.24155875572664745, -0.437885599460848, 0.3095606482983542, -0.09659614774519464, 0.2695926004993364, 0.7954390130545861, 0.402143300109216, 0.05125048593167497, -0.32249960228918345, 0.06825046131542609, -0.0013921455135317146], [-0.6611343277783396, -0.44891666792910184, 0.016382633326352064, -0.27360581069947404, 0.2627636118183849, 0.11195131324933538, -0.7902595475699962, -0.5879185885561133, 0.05979494783338593, 0.4031777867872738, 0.5767363578631376, 0.4940957540255856, -0.11787705295566006, -0.10689390616216024], [-0.4167689674688214, 0.2409129916607695, -0.16117586333467976, 0.7138070524636837, 0.39923471157955975, 0.736450649922279, 0.1930411517952774, -0.214301959716643, 0.07848874589090307, -0.4310474767727247, 0.3782236636190902, -0.19115491701140813, -0.6253668667410577, 0.08331212688793739]], "inverted": false, "swapped": false, "error_lsq": 0.04064122654507319, "error_max": 0.271550792298438, "target": "1075.xyz", "model": "18.xyz", "model_rescale": 3.9405287249114394, "target_rescale": 4.089836299214092},
{"mapping": [9, 7, 8, 4, 0, 12, 13, 11, 10, 2, 1, 6, 5, 15], "R": [[-0.6890724589431061, 0.39294779978640776, -0.6089098233475319], [-0.036851629602749444, 0.8201451867744689, 0.5709674509166816], [0.723754864385534, 0.4158772646511139, -0.5506586937700924]], "T": [0.008196230762653162, -0.11630330377508422, 0.20888225211526537], "aligned_model": [[-0.25410891400357793, -0.5659057350847315, -0.6119572469877768, -0.5239676858219433, -0.48258198626949045, 0.15530289569706077, 0.1341612894961958, 0.36396878000412214, 0.7174612549537097, 0.33286002326718467, 0.09671645250147734, -0.23383017032993553, -0.14924479368704094, 0.031627478890974045], [-0.6358166997801272, -0.52115233260419, 0.08932363468660112, -0.14721486010967172, 0.3386720153777504, -0.09296236537002511, -0.765993651560199, -0.553614309414981, -0.03674126993611075, 0.3856394580131758, 0.5251235065588511, 0.470614701222275, -0.017507469924314734, -0.10007385390642443], [-0.2914293401520025, 0.1627330851927647, -0.17243045649654862, 0.7093930613755591, 0.36638926340199307, 0.736095578896408, 0.3244897836392911, -0.2398918329790777, -0.12053700229648243, -0.421968101564587, 0.3363782963973591, -0.18511512373425607, -0.6014968874193289, 0.18104471851307358]], "inverted": true, "swapped": false, "error_lsq": 0.04260136965246101, "error_max": 0.235802356724333, "target": "1075.xyz", "model": "19.xyz", "model_rescale": 4.410303926677745, "target_rescale": 4.089836299214092},
{"mapping": [11, 4, 6, 2, 0, 7, 12, 9, 8, 5, 1, 3, 10, 13], "R": [[0.4238260921178355, -0.7187931543526438, 0.5510969469121567], [-0.47578547331758214, -0.6944205970581391, -0.5398223946460373], [0.7707137127494803, -0.03341310576995293, -0.6363049090983955]], "T": [-0.12438139406612914, -0.04098557731947105, 0.08281507612450592], "aligned_model": [[-0.361727193727288, -0.6117768774396004, -0.6541193007929103, -0.4041552611187637, -0.5344476865532148, 0.2975630195877454, 0.14866317073951335, 0.2986086111498706, 0.6390044163684383, 0.36066210537414467, 0.21249008158577964, -0.47024130862017854, 0.14404429555119114, -0.054066429478498976], [-0.719031333814092, -0.5105412163577672, -0.11788677408005815, -0.056349376073002326, 0.49117628054961326, -0.16462382035458833, -0.7092195747722899, -0.4858812908683382, -0.05563763251220843, 0.4447124617179942, 0.43216682518419036, 0.49265596143098667, -0.06000143575488819, -0.04324257104294199], [-0.3307719739345141, 0.2753158284563336, -0.14072413585418986, 0.682897791053346, 0.33142876303245483, 0.6427522704661482, 0.3054918094553435, -0.22863955354380874, -0.007101569237008859, -0.39457464045333845, 0.5579616893603716, -0.26585428491416685, -0.693535398396288, 0.04900844728348247]], "inverted": false, "swapped": false, "error_lsq": 0.04021115668121568, "error_max": 0.29316329939577773, "target": "1075.xyz", "model": "20.xyz", "model_rescale": 4.121658175737393, "target_rescale": 4.089836299214092},
{"mapping": [2, 0, 12, 11, 9, 3, 7, 4, 6, 5, 8, 10, 13], "R": [[-0.07396028454296366, 0.9374405053188818, -0.340198729124322], [0.8056767973231073, -0.1448737830133583, -0.5743661595625037], [-0.587719979722916, -0.3165705071273671, -0.7445591577917883]], "T": [0.11434465274379157, 0.003771373746216486, 0.03246074929443359], "aligned_model": [[0.15779956229944753, -0.37974859733629995, 0.3519062311692758, 0.6440306000165676, 0.5388072384387264, -0.28476316075465313, -0.3146330247251115, 0.3023467847137642, -0.554951363293198, -0.25930483154131817, 0.016410583920937333, 0.5985226428565538, 0.06466023889960273], [-0.5675538061460043, 0.039287668294737024, 0.4468908277565472, -0.13639041813913727, 0.43178404376062435, -0.7001865414440648, 0.4803496295797669, -0.5999940760628771, -0.08178977974842196, -0.11444236246361829, 0.6256393395772105, -0.1653425406849024, -0.117425080116677], [0.5804706207336674, 0.6854325673785089, 0.5589482253479844, 0.2845251019041592, -0.09260051033781788, -0.21899873611820792, 0.19653264857790823, -0.053481221950898584, -0.0004183632697123754, -0.570387370047742, -0.43940666388585264, -0.5887335467105432, 0.028226987860335194]], "inverted": false, "swapped": true, "error_lsq": 0.052028010278812535, "error_max": 0.39402489964729254, "target": "1075.xyz", "model": "21.xyz", "model_rescale": 4.08911054899281, "target_rescale": 4.089836299214092},
{"mapping": [12, 10, 5, 6, 8, 0, 7, 13, 4, 2, 1, 11, 14, 16], "R": [[0.20646625035740118, -0.9710706891941349, 0.1199725137328669], [-0.8585235897757592, -0.12097355385566677, 0.49829975423039696], [-0.46937078441451696, -0.20588131497432713, -0.8586640500699578]], "T": [-0.07987434446177413, -0.0353860535118777, -0.047133342046780165], "aligned_model": [[-0.1480052455045113, -0.6580215678970859, -0.7848086350759591, -0.28550145555755524, -0.4274884954904169, 0.35783698503787953, -0.06259047457401738, 0.3169887653881156, 0.6109061871785217, 0.4853443486383272, 0.12687894115031723, -0.48180972572369907, 0.004501190846332007, -0.0437291757900203], [-0.6778460727989769, -0.5789738898098603, -0.011729997362634546, -0.17386668799376964, 0.36486348785757083, -0.10565968592472133, -0.6519137509363173, -0.5609537696483446, -0.09648227571369764, 0.3791888111113128, 0.6619142315351249, 0.6130552548870402, -0.16544760451647747, -0.057851547433639454], [-0.40430670328024304, 0.09913169642056485, -0.031735586628950964, 0.6557924958673376, 0.3997746179385564, 0.5881223598516164, 0.30697265078538777, -0.10198052815154304, 0.026226692080631366, -0.22007651180531482, 0.2707090286781015, -0.10930125266132368, -0.6698590825929792, -0.02581483372767545]], "inverted": false, "swapped": false, "error_lsq": 0.04140719449130476, "error_max": 0.3092729376470892, "target": "1075.xyz", "model": "22.xyz", "model_rescale": 4.204369325754507, "target_rescale": 4.089836299214092},
{"mapping": [9, 7, 8, 4, 0, 12, 13, 11, 10, 2, 1, 6, 5, 15], "R": [[-0.6890724589431061, 0.39294779978640776, -0.6089098233475319], [-0.036851629602749444, 0.8201451867744689, 0.5709674509166816], [0.723754864385534, 0.4158772646511139, -0.5506586937700924]], "T": [0.008196230762653162, -0.11630330377508422, 0.20888225211526537], "aligned_model": [[-0.25410891400357793, -0.5659057350847315, -0.6119572469877768, -0.5239676858219433, -0.48258198626949045, 0.15530289569706077, 0.1341612894961958, 0.36396878000412214, 0.7174612549537097, 0.33286002326718467, 0.09671645250147734, -0.23383017032993553, -0.14924479368704094, 0.031627478890974045], [-0.6358166997801272, -0.52115233260419, 0.08932363468660112, -0.14721486010967172, 0.3386720153777504, -0.09296236537002511, -0.765993651560199, -0.553614309414981, -0.03674126993611075, 0.3856394580131758, 0.5251235065588511, 0.470614701222275, -0.017507469924314734, -0.10007385390642443], [-0.2914293401520025, 0.1627330851927647, -0.17243045649654862, 0.7093930613755591, 0.36638926340199307, 0.736095578896408, 0.3244897836392911, -0.2398918329790777, -0.12053700229648243, -0.421968101564587, 0.3363782963973591, -0.18511512373425607, -0.6014968874193289, 0.18104471851307358]], "inverted": true, "swapped": false, "error_lsq": 0.04260136965246101, "error_max": 0.235802356724333, "target": "1075.xyz", "model": "23.xyz", "model_rescale": 4.410303926677745, "target_rescale": 4.089836299214092},
{"mapping": [12, 6, 14, 15, 9, 4, 5, 0, 3, 1, 10, 11, 7, 16], "R": [[-0.13550949859538552, -0.6750467825885927, -0.7252234256470323], [0.929874760544121, -0.3393243657797329, 0.14209822128090155], [-0.34200892604351896, -0.6551113005474503, 0.6736906399836557]], "T": [-0.13022797708414943, -0.05042538034610057, 0.05841528304317772], "aligned_model": [[-0.11301220057090494, -0.6620727710365195, -0.7946988372377637, -0.5848818730022393, -0.40051485495399075, 0.33642627853071183, -0.0606654893305596, 0.38033692715654166, 0.7668327272303227, 0.4144919752148124, 0.15368705844731848, -0.33732349337086887, -0.07609930057736738, -0.012004503873265168], [-0.7935602087375551, -0.5921141762673477, 0.078370202151043, -0.17040001936408383, 0.37237875974998347, -0.15681680314617907, -0.5899271997853247, -0.4793251229859006, 0.004782832808950879, 0.3790141961116809, 0.47835475442288744, 0.49403152249715654, -0.0485692913378824, -0.03792294286481838], [-0.24757504140246117, 0.0985706473043558, 0.0647527865400701, 0.5952673220201725, 0.43338414361345046, 0.5531869918769238, 0.37416974547756826, -0.29620324496597017, 0.0969526753928267, -0.4467551568179799, 0.3105417750040013, -0.18937417333264966, -0.6041536099751377, 0.04089018203899454]], "inverted": false, "swapped": false, "error_lsq": 0.04269802375736232, "error_max": 0.2541276126377889, "target": "1075.xyz", "model": "24.xyz", "model_rescale": 4.28219845311461, "target_rescale": 4.089836299214092},
{"mapping": [5, 9, 7, 12, 13, 14, 11, 8, 6, 0, 2, 4, 1, 15], "R": [[0.7414085266538937, -0.6575749961200168, 0.13382272259471834], [-0.5770989704867835, -0.5230286615749025, 0.6272143153932802], [-0.3424473315241301, -0.5422509969091126, -0.7672637626547185]], "T": [-0.1283440832152178, -0.0872490218011116, 0.04679197473371843], "aligned_model": [[-0.10862921247535322, -0.6946548195274346, -0.8524166174325231, -0.36230104356426474, -0.4131953580106166, 0.29971687916996415, -0.0979968415212796, 0.3697479384405269, 0.7631745626265884, 0.34665516132929286, 0.17593232072450085, -0.3139193746681457, -0.01224066387432339, -0.08937128859070465], [-0.8415551419813857, -0.4559377922749577, 0.1966991426481811, -0.30617427341169345, 0.23339707007655364, -0.09936790345279123, -0.5418565682598206, -0.4752753754993629, 0.03820002277511533, 0.4447464190974961, 0.46525273802315525, 0.5061606151370632, -0.19113340925567512, -0.034859040369268325], [-0.34806785083028324, 0.062102897072637636, 0.021525181343346633, 0.7408782627012176, 0.4578422051776639, 0.6766821001397398, 0.3449330401255173, -0.24180106698308507, 0.006120408593161736, -0.3493276291500663, 0.31313329669582185, -0.3380136736353985, -0.5741793844344913, 0.01182725595838343]], "inverted": true, "swapped": false, "error_lsq": 0.044931330484018206, "error_max": 0.28073723795401495, "target": "1075.xyz", "model": "25.xyz", "model_rescale": 4.100010024507729, "target_rescale": 4.089836299214092},
{"mapping": [9, 12, 2, 0, 10, 3, 4, 6, 7, 5, 8, 13], "R": [[-0.5384670659460298, -0.8391811286919012, 0.07634299010951365], [0.012509657108136452, 0.08262804885352393, 0.9965019387947507], [-0.8425536940578395, 0.5375384998212192, -0.0339946148594476]], "T": [-0.08098852780573555, -0.006570317307722846, 0.004683640627588963], "aligned_model": [[-0.6271354297511141, -0.1458230838405195, 0.37674128690457176, 0.6312105082976686, -0.7212578425049389, 0.3460475837713645, -0.056422902977382165, 0.44946056196867784, 0.16701114746278334, -0.06679266302832983, -0.47461718677043097, -0.0016563771693438034], [-0.2667863904222262, -0.7316574610582258, -0.11485545493416327, -0.40363478299896194, 0.44517260353468163, 0.6974304540068156, 0.3574403972542594, 0.24373315470223617, -0.29488084279250015, 0.6268747184346904, 0.02794433319919326, 0.0793506611248403], [-0.10939881988598113, -0.00026921906850467525, 0.6429417038220191, -0.07822646264035388, 0.19148228536666145, 0.20493033687047976, 0.5282829838193404, -0.33047429105623854, -0.5370187424166899, -0.3352577420343771, -0.6756360798909876, 0.06383633696898855]], "inverted": false, "swapped": true, "error_lsq": 0.05410247356970233, "error_max": 0.2834295561226321, "target": "1075.xyz", "model": "26.xyz", "model_rescale": 3.6694154284099745, "target_rescale": 4.089836299214092},
{"mapping": [0, 1, 5, 6, 7, 12, 6, 2, 11, 10, 9, 8, 4, 13], "R": [[-0.018001548073907914, 0.3145221623260874, -0.9490794243226778], [-0.34970499200581034, -0.8912590783686143, -0.28872768102789276], [-0.9366869075807344, 0.32670026726534945, 0.12603401340745407]], "T": [-0.1014016320795786, 0.03003765660063351, 0.04273149191277641], "aligned_model": [[-0.3226222981695195, -0.7132812475398549, -0.8520092313028284, -0.0923354251563417, -0.5604230322602972, 0.4135493635773851, -0.0923354251563417, 0.3116876302587834, 0.7481738851799548, 0.31743690369745886, 0.1775655588968112, -0.24455085762888706, -0.012400618873455976, -0.06795356289663897], [-0.48347096181281246, -0.5496502157746105, -0.07644087757836855, -0.4954113011334875, 0.3311026095988079, -0.13787798886831842, -0.4954113011334875, -0.49154815795690854, -0.006940909748541141, 0.2810428315894979, 0.5778992124399163, 0.5379151016672471, -0.038476258436025104, -0.014435279600299687], [-0.309835748259901, 0.3058131531911646, -0.18360686866392922, 0.48433270173057397, 0.35060772186693084, 0.6226992681177104, 0.48433270173057397, -0.09667849910786874, 0.156878306801095, -0.3086392566841915, 0.33750014265850237, -0.31772099101290874, -0.7714645736534727, 0.029436984059886227]], "inverted": true, "swapped": false, "error_lsq": 0.04926052526508117, "error_max": 0.48917528309588637, "target": "1075.xyz", "model": "27.xyz", "model_rescale": 4.103607728864725, "target_rescale": 4.089836299214092},
