[{"mapping": [13, 8, 12, 6, 4, 10, 0, 7, 5, 1, 3, 14], "R": [[-0.9165789633800546, 0.3446406370659149, 0.20274574020665698], [-0.018564849534290856, -0.5431826367904243, 0.8394092979299024], [0.39942252096109215, 0.7656209599875141, 0.5042679797259426]], "T": [-0.03058740550138586, -0.06423174314659058, 0.004090765455586509], "aligned_model": [[-0.13213851948914757, 0.10469918042891954, 0.3428724167138941, -0.0712431016792756, -0.13463979142273966, -0.5983961827536649, 0.4271867960308231, -0.385793020912917, 0.5838800772998434, 0.27954687503772246, -0.5149222940854818, -0.06340997270742707], [-0.5152149188919204, -0.7414750371300167, -0.0338222240069779, 0.6842934227647204, 0.35508324298007377, -0.6242407579898823, -0.2828762129969985, -0.5652740231062976, 0.23453300774175956, 0.3864710382537558, 0.2550485827132082, -0.09897108435436736], [-0.4910108630340077, 0.05281717348015813, -0.6521143840256702, -0.04058491640082257, -0.5585032372543636, -0.026598704238889215, 0.5498276386018227, 0.6803102985518099, -0.03223983601278946, 0.41579629391977274, 0.2228059377602428, 0.061446344006299024]], "inverted": true, "swapped": true, "error_lsq": 0.04412266293985425, "error_max": 0.3144798567789732, "target": "1076.xyz", "model": "0.xyz", "model_rescale": 3.751011558992144, "target_rescale": 4.127619860846266},
{"mapping": [8, 4, 5, 9, 11, 4, 10, 2, 0, 1, 3, 12, 6, 7, 14], "R": [[-0.2105091205647594, 0.9670659673236762, 0.14307104879525356], [-0.7536088626027163, -0.06730872169251005, -0.6538678904723496], [-0.6227034545959191, -0.24546476494283753, 0.7429585835064197]], "T": [-0.07665045643658246, -0.04150448373700492, 0.008048241911443613], "aligned_model": [[0.0541237514783265, 0.5221709757474216, -0.4952468849315187, -0.524692053989648, -0.04391083997943171, 0.5221709757474216, 0.0773216033845426, -0.536157910596598, 0.05033439030729363, 0.5325211934726888, -0.49547130839355574, -0.42784419671053076, 0.48606195204945485, 0.16279714782034238, -0.10769807070372373], [-0.6104075199656127, -0.1976187748512816, -0.26352716458135356, 0.30334370385637555, 0.7556216918566094, -0.1976187748512816, 0.3379653578935412, -0.7166605943658002, -0.4711395480882114, -0.23895174649365047, -0.17522272090508806, 0.4431692501191257, 0.4334291817833321, 0.19909087996774574, 0.0029347897680251853], [-0.3076504974809909, -0.4845115923998747, -0.39885347378608504, -0.3303717275199587, -0.007730434345229284, -0.4845115923998747, -0.7024086478547047, 0.13749022829950575, 0.6202517037416216, 0.28302102022333525, 0.6326396415700286, 0.44819529981318873, 0.15474010931178822, 0.5776584064772123, 0.016111061643486763]], "inverted": true, "swapped": false, "error_lsq": 0.046440579647738935, "error_max": 0.4273559017455945, "target": "1076.xyz", "model": "1.xyz", "model_rescale": 3.9405287249114394, "target_rescale": 4.127619860846266},
{"mapping": [6, 4, 5, 10, 13, 1, 3, 11, 8, 0, 7, 2, 14], "R": [[-0.3463696562154409, 0.477602397088436, 0.8074181144540772], [-0.010346585178781065, 0.8586995846366251, -0.512374834979262], [-0.9380410489036904, -0.18582511574130015, -0.29248592603986423]], "T": [-0.035568463114884666, -0.02248928723095074, -0.1090099594810251], "aligned_model": [[-0.29891157139686, 0.21046707849506763, -0.5362298055095156, 0.5884498823556761, 0.5356971397715065, -0.6885008646597386, 0.0028184165212354756, 0.6291626329416868, 0.13381650393319516, -0.5845707080531563, -0.022403316781368587, -0.43780518305574995, -0.036006925278047525], [0.674274653778409, 0.5965129404331283, 0.13580837537027435, -0.39788369900699894, -0.2107211098699746, 0.15638818459453624, 0.27492898845690733, 0.25749336482292823, -0.6760331764934656, -0.526257592083233, -0.6670596235485285, -0.08895516289884205, -0.06966354998312412], [-0.013568123721791434, -0.35286795689578976, -0.5476791362453671, 0.2175461427496771, -0.42053599048868484, -0.006541230682015092, 0.43359980281212307, 0.18113040935554076, -0.26238635976125985, -0.11133128992813017, 0.5381708598650382, 0.5087295334807659, -0.05114631095146239]], "inverted": false, "swapped": true, "error_lsq": 0.03706873645382089, "error_max": 0.21919181037523308, "target": "1076.xyz", "model": "2.xyz", "model_rescale": 3.932901565614263, "target_rescale": 4.127619860846266},
{"mapping": [9, 0, 5, 8, 12, 4, 1, 13, 10, 11, 2, 7, 3, 14], "R": [[-0.30856818197641456, -0.5037419809741185, -0.8068641110348392], [-0.30027277693896864, -0.7532972339133943, 0.5851320678340824], [-0.9025640899687571, 0.4228324656204864, 0.0811835544686823]], "T": [0.037901218921428094, -0.17731117409604966, 0.0225497440922761], "aligned_model": [[-0.23357960309986872, 0.47557018472195306, 0.1569284214752795, -0.17961948386891644, -0.5306451174743181, -0.316119074195481, 0.6111548157329272, -0.6004972259646003, -0.24392480578295747, -0.3088907898988072, 0.7372064561798124, 0.438487131002963, 0.3389201944059642, 0.07481880881875336], [0.010095208152373691, 0.17848592337660832, -0.5450443592227413, 0.4376238531563321, -0.5185330975880432, -0.7691528804185208, -0.46189715617819704, 0.04603572167137984, 0.3939082803184396, -0.2247777456957994, -0.0470035769677328, 0.5958529258592307, -0.313697086762769, -0.11839937135007247], [-0.6006247936194143, -0.46432360730537364, -0.5420345330579943, -0.2095598389345416, -0.33983794632847836, 0.1885527416864699, -0.22077893042125557, 0.05980113076042596, 0.5034251692060435, 0.7167553161984819, 0.2270156041653344, 0.2986574296972335, 0.5470904923678219, 0.049758128642343843]], "inverted": false, "swapped": true, "error_lsq": 0.041983177191220196, "error_max": 0.3272629421564051, "target": "1076.xyz", "model": "3.xyz", "model_rescale": 3.9243930471874484, "target_rescale": 4.127619860846266},
{"mapping": [11, 3, 10, 13, 8, 4, 12, 7, 0, 1, 9, 5, 14], "R": [[-0.13573424739265416, -0.5760862592043754, 0.806040219865398], [-0.06653027926937771, -0.8064332099748481, -0.5875705913249926], [0.9885089458498029, -0.13337953293355012, 0.07113342512026]], "T": [-0.07375025369305566, -0.04085335292339669, -0.121824566357185], "aligned_model": [[-0.046919769775766285, -0.3278162418183468, 0.5297733837030758, 0.3387351624171628, 0.5903486826218034, -0.5304045834519497, -0.1955470591114106, 0.5150796846284509, 0.15075045650053406, -0.5119889621455171, 0.2246862259777388, -0.4282285384585278, -0.03126255477589465], [-0.5948693794140326, 0.019249245660739836, -0.29074266591888115, -0.5648453813634121, 0.013902051024963294, -0.5822074283694212, -0.5307243875254206, 0.4485874809380634, 0.6143513396106343, 0.4748070957516302, -0.027459272290240685, 0.1476080205202524, 0.00017283505671179117], [-0.6666048125745051, -0.6841364804213607, -0.5803802316099413, -0.003029736005673328, 0.06608405755640959, -0.08224481645942001, 0.44048680958759834, -0.6200355922822137, 0.15294370055151094, -0.017618772940111854, 0.5168660938928895, 0.43223141704699497, -0.16749132097121314]], "inverted": false, "swapped": true, "error_lsq": 0.03863414555267701, "error_max": 0.2020224770703101, "target": "1076.xyz", "model": "4.xyz", "model_rescale": 3.8936222436046832, "target_rescale": 4.127619860846266},
{"mapping": [11, 4, 13, 10, 9, 5, 1, 0, 7, 3, 8, 14], "R": [[0.8896715704700786, 0.439279212472423, -0.12457234920684487], [-0.44198700100287397, 0.7600538963863994, -0.4764090317493343], [-0.11459488488492746, 0.4789069304963757, 0.8703540453635806]], "T": [-0.15187370773773656, -0.10842498553214541, 0.008998257250926067], "aligned_model": [[0.11470880280525353, -0.5847650736806747, -0.2310062477401274, 0.4216584956011248, -0.5244027193789724, -0.7057470563869175, -0.26886463227743157, -0.04558936228485572, 0.6984432141911413, 0.20468479037520276, 0.02911235336873702, -0.08068452237738301], [-0.5678929362163186, -0.5980460315984917, 0.11472016602347712, 0.013140690513123665, 0.4884520381910825, -0.00425789013593128, -0.22612546875964096, 0.41875214917836245, 0.20371935496451588, -0.605481884896633, 0.5216712266639298, -0.08972850881766835], [-0.5586830939585316, -0.26675573643273476, -0.6256420806890245, -0.5325193748918676, -0.03714767780174577, 0.396972620178903, 0.6732854173848961, 0.524730033512696, 0.12738024678178037, 0.10978026752443751, -0.21361803028998702, 0.02150212795669639]], "inverted": true, "swapped": true, "error_lsq": 0.03234228991787107, "error_max": 0.18774154515093242, "target": "1076.xyz", "model": "5.xyz", "model_rescale": 3.6523030999806103, "target_rescale": 4.127619860846266},
{"mapping": [7, 8, 0, 2, 1, 10, 9, 3, 13, 4, 5, 6, 14], "R": [[-0.3116064789354993, -0.2061431104178322, -0.9275809508138261], [0.9349030013966422, -0.24103132927852663, -0.26050005045254104], [-0.16987577892380712, -0.9483717184382334, 0.2678307364764954]], "T": [0.012178004218023786, -0.04368697675789465, -0.06193435375814314], "aligned_model": [[0.19766388438997806, -0.4024250564638853, 0.26487579423891144, 0.6614055623969968, 0.6106059970601045, -0.3658799135096403, -0.3743994786204035, 0.4000597915734139, -0.6545138573126614, -0.12992271130371505, 0.16608524740003344, 0.4744186791021079, 0.033108965713054064], [-0.4878894984819748, 0.016645110400867025, 0.3564193844737219, -0.24400596816746786, 0.28789989447513786, -0.6644965688329267, 0.49998830672085914, -0.5035579566780153, -0.16342558400664042, -0.0705596198972981, 0.5998439128648072, -0.0028111966986624493, -0.08322331200922457], [0.7144459399245232, 0.4892457835376749, 0.5136089418474984, 0.231647069433781, -0.08935324331224966, 0.2676508537552787, 0.16641741256211584, -0.21167726091056654, -0.06488457297482893, -0.756376011631896, -0.23609270410069227, -0.6523591629174933, -0.00216330573135691]], "inverted": false, "swapped": true, "error_lsq": 0.04579356098105056, "error_max": 0.3263284010882663, "target": "1076.xyz", "model": "6.xyz", "model_rescale": 4.08911054899281, "target_rescale": 4.127619860846266},
{"mapping": [2, 13, 1, 9, 10, 12, 11, 0, 6, 7, 3, 8, 5, 4, 14], "R": [[-0.4542443217674408, -0.890733737191243, 0.01598454163746013], [0.7311956957759776, -0.3830153024280052, -0.5644928100380624], [0.5089351143522345, -0.24472982559407366, 0.825283200994648]], "T": [0.024949835902906264, 0.013421575074994172, -0.006573860462598367], "aligned_model": [[0.0912919936583823, 0.3793153551967737, -0.38116805057698716, -0.731945174138815, 0.17342739916516858, 0.5552337418639522, -0.06960385595012156, -0.5801191845736742, -0.0011326872797926164, 0.642060224189258, -0.5060602285231525, -0.35565286457616496, 0.6269999621011269, 0.05136934400123229, -0.11753524985470164], [-0.7815099547652131, -0.2474549481177364, -0.38357731018674457, 0.13618601527483096, 0.7148562292179872, 0.2971404587080263, 0.31940795818902534, -0.6604727213188302, -0.3562913549931751, -0.42347986063162607, -0.12184290700287354, 0.5216463294066378, 0.29338953897650033, 0.25687516675046324, 0.03953537163520303], [-0.12414139110567027, -0.5916063730070585, -0.4706926019904928, -0.169657102716835, -0.07881469155543755, -0.38907156262552606, -0.4984712030686677, 0.24722555019722373, 0.32775384969363197, 0.15950102831958027, 0.5645507035619345, 0.2424204301497825, 0.3671303197613856, 0.6543965231359495, -0.08645397345635088]], "inverted": true, "swapped": false, "error_lsq": 0.04647163108885389, "error_max": 0.3216399707192715, "target": "1076.xyz", "model": "7.xyz", "model_rescale": 3.964800864290218, "target_rescale": 4.127619860846266},
{"mapping": [6, 5, 4, 2, 11, 0, 3, 12, 9, 8, 7, 10, 13, 14], "R": [[0.6620127203499002, 0.5091347479458709, 0.5500190601506638], [-0.7450961417600185, 0.5264410133141773, 0.4095016471701636], [-0.08106107345242664, -0.680912379043616, 0.7278649836583043]], "T": [0.011683570434193593, -0.04749707610868427, 0.011090386793265357], "aligned_model": [[-0.0890800700575596, 0.19039714796414273, 0.4300330766551925, -0.7238311546349468, 0.10338634106678053, -0.3125257701659445, -0.40214731168504075, 0.737171675945246, 0.4188027691472038, 0.12661607873362934, -0.6452640062667748, -0.04451802660719407, 0.5183872922130465, -0.04624015284690832], [-0.04865187298831718, -0.639705742971685, 0.19654935443446092, -0.10471061709644745, 0.7206089811533612, -0.6357717633698259, 0.3202670080830058, -0.19879002887364922, -0.5142214206798075, -0.14236401361974005, 0.11396451171714546, 0.5401237350698986, 0.23545519361069245, -0.031804858287889634], [-0.7330763158900884, -0.2813150312401647, -0.5071653405029514, -0.04856590035138319, -0.0666452922735282, 0.33360016074047166, -0.267925951008354, -0.1364888362522952, 0.34812426863441237, 0.6872013134321193, 0.6249611301843047, 0.5482141253679369, 0.3603945915871074, 0.055502116297434075]], "inverted": false, "swapped": true, "error_lsq": 0.04369026714241243, "error_max": 0.3181935723145907, "target": "1076.xyz", "model": "8.xyz", "model_rescale": 4.121658175737393, "target_rescale": 4.127619860846266},
{"mapping": [0, 2, 1, 5, 7, 8, 3, 13, 4, 10, 9, 12, 14], "R": [[-0.1342384050526083, -0.9539421446468759, 0.26828051601905667], [-0.9876438569096853, 0.15088774434824292, 0.04233793233095953], [-0.08086817988240795, -0.25928222706544835, -0.962410029151031]], "T": [0.06531339448574755, -0.0522279774504314, -0.05211934156472473], "aligned_model": [[-0.5210548772093533, -0.21442248731274013, 0.08746838560385883, 0.21872555960859313, -0.6932935098072869, -0.49189316310184084, 0.2348679673625838, 0.06548173396133045, 0.7587573749072937, -0.24653464440254627, -0.18568021131295656, 0.4571512983476669, 0.007164069790593856], [0.255459256708684, -0.41137535344773424, 0.12859242986954972, 0.5422173713580587, -0.5554317650243329, 0.08490508050621659, -0.5853290550110883, -0.01009859293676274, -0.019569966831092335, -0.5770060297020922, 0.5590850478738266, 0.47666830091984735, -0.09772928487137038], [-0.3937217045261989, -0.6357075280545226, -0.7121427108181824, -0.3541955095568128, -0.1282032780966821, 0.3352442847788242, -0.31934775565533674, 0.623934770702087, 0.09359568460294257, 0.4619988785919711, 0.1937832574496984, 0.31900591989325705, -0.06316887535195649]], "inverted": true, "swapped": true, "error_lsq": 0.04102733097057747, "error_max": 0.24182769847671415, "target": "1076.xyz", "model": "9.xyz", "model_rescale": 3.833441315466971, "target_rescale": 4.127619860846266},
{"mapping": [7, 6, 4, 5, 0, 12, 1, 3, 9, 11, 2, 13, 10, 8, 14], "R": [[-0.9825015896139152, -0.1555559874791227, 0.10243515590618887], [-0.1786571169721755, 0.9425694782196844, -0.28221341797275085], [-0.05265226454123881, -0.2955759013993989, -0.9538671949231782]], "T": [0.04708106057137802, -0.021703174642884973, -0.052815874672517124], "aligned_model": [[0.24058984636450276, 0.05325607460086709, -0.49205074041411817, -0.552001766426056, 0.029077359666158854, 0.515576076188056, 0.01768963955767426, -0.4739982908293167, -0.1637700840496743, 0.6529659514498665, -0.5211000767787913, -0.39773504404134113, 0.5762719433571403, 0.2859701883385187, 0.0057396477189982295], [-0.6391416009429238, -0.22694391818564508, -0.37644888245589314, 0.26444313080582105, 0.656739874221055, 0.08193036375711563, 0.43653651255114356, -0.70065365751237, -0.42826460978601977, -0.2658191697259645, -0.043603643528469724, 0.5337728863995839, 0.44469948336684423, -0.04590850402740258, -0.08693025379439975], [0.10604921378564024, -0.700170240098955, -0.5212227107078403, -0.18187113315441367, -0.10950677258023682, -0.4172230197339128, -0.6314016214421202, 0.09491496538045448, 0.6166314502150063, 0.14377497199469336, 0.38688950344980494, 0.3067276137966316, 0.36929751494898666, 0.6887402250534455, 0.0024395443862651398]], "inverted": true, "swapped": false, "error_lsq": 0.04488730706929319, "error_max": 0.29884311535036073, "target": "1076.xyz", "model": "10.xyz", "model_rescale": 4.2482417240324, "target_rescale": 4.127619860846266},
{"mapping": [1, 6, 12, 11, 0, 8, 9, 10, 3, 7, 2, 14], "R": [[-0.29197786754985766, 0.544525206626092, 0.7862831704989304], [-0.02272683578390755, -0.8258243342300788, 0.5634693069979044], [0.9561550166140893, 0.14665083819146482, 0.2534977630304688]], "T": [0.026499728728065525, -0.027363310181436305, 0.06368364526471723], "aligned_model": [[-0.6176119942548909, -0.19407803596908624, 0.24291939781321314, 0.6909564559812664, -0.5543270980525528, 0.1597354029006177, -0.07296323476349911, 0.603927898752834, 0.0538017588115533, -0.041113521412520046, -0.414034977847611, 0.01955355040368241], [-0.24945920575894953, -0.7395242233296189, -0.2339534874080446, -0.2583078718608238, 0.4376184298455692, 0.6346754890545079, 0.3371882976740891, 0.3930789823060319, -0.3160336314845918, 0.6230183377742393, 0.017585242663955815, 0.020245030574275062], [-0.004222265958409313, -0.02637749890275512, 0.7575749922172809, -0.26737679662315605, 0.10397678648583022, 0.21628798940731003, 0.6589808293571732, -0.29235530615821315, -0.4842949876482976, -0.5742187084508544, -0.5293787229236243, 0.006595979052072626]], "inverted": false, "swapped": true, "error_lsq": 0.045756255307527645, "error_max": 0.2848950608047105, "target": "1076.xyz", "model": "11.xyz", "model_rescale": 3.6694154284099745, "target_rescale": 4.127619860846266},
{"mapping": [1, 5, 9, 12, 4, 2, 3, 7, 13, 10, 8, 11, 0, 14], "R": [[0.012141955264163451, -0.9798607043741959, -0.19931275158822062], [-0.7113389542108924, 0.13162219082801557, -0.6904147239911584], [0.7027442387842942, 0.15016190896808065, -0.6954149379690838]], "T": [0.09136277347353267, 0.01822842201583756, -0.08317732155376564], "aligned_model": [[-0.21322124822877137, -0.00811780432462858, -0.12288794787037435, 0.5121456439355645, 0.7606688765641372, -0.35390175057376627, 0.211328081914848, -0.5251005437148357, 0.38519724855531273, 0.1340923579364056, -0.24951106507263454, 0.6527986991453321, -0.6281796560190989, 0.04295395800831953], [-0.31520385549187063, 0.18947051425648365, 0.6651620550919751, 0.5557691860162116, -0.008197827343131688, -0.5719256897413915, -0.5716260162683555, -0.21959207152132493, 0.5124255909136397, 0.07524393770764363, 0.499702119511216, -0.19462624705933607, 0.1227789432049138, -0.008393351140419163], [-0.5978317700288239, -0.7381050556454749, -0.2641275801429842, -0.40720491117032354, -0.31661888212518785, -0.04751500723255689, 0.06526998823722566, 0.5476171329897358, 0.2749491024885803, 0.7117328377489305, 0.2792082565700146, 0.41070701749968197, -0.24602460944945767, -0.032961060086944625]], "inverted": true, "swapped": true, "error_lsq": 0.03748640935933762, "error_max": 0.21121251325885024, "target": "1076.xyz", "model": "12.xyz", "model_rescale": 3.9764082729961374, "target_rescale": 4.127619860846266},
{"mapping": [11, 8, 3, 7, 0, 1, 2, 14, 13, 12, 6, 4, 9, 5, 15], "R": [[0.06701510686791778, -0.9975201953429145, -0.021504309673071376], [0.009383750687640663, 0.022181931432045776, -0.9997099114948178], [0.9977078333232199, 0.06679387547505991, 0.010847005324439857]], "T": [0.047828208726147556, -0.0502140669337465, 0.05383154781400064], "aligned_model": [[-0.031226526588386136, 0.05953525701829762, -0.5590753532210496, -0.39836961335862736, 0.01871097682874915, 0.5949308459969024, 0.22398322399016024, -0.450994381901733, 0.12982023868520481, 0.6171758149965607, -0.37561737235944903, -0.48178285227900497, 0.4182421516731238, 0.0702440574970779, -0.059095742275341215], [-0.7708231116589226, -0.26591567735524724, -0.3314362822371709, 0.39745763433461156, 0.6681057414258265, 0.024710045323970975, 0.3670980292253043, -0.6635361635799016, -0.5489643986922318, -0.21784171154231977, -0.2450354407341927, 0.38660946726920475, 0.3919350401343338, 0.4558180918503303, -0.04377325262112072], [-0.27023272395014913, -0.6192127277952681, -0.45707507714720524, -0.36033176583568466, -0.04754287315677845, -0.2598365250827693, -0.6027349293250579, 0.17139033489486366, 0.3988039521899055, 0.28826237118285813, 0.6591391372830405, 0.2649264217609241, 0.22352776022605092, 0.721853171591947, 0.043132978456773025]], "inverted": false, "swapped": false, "error_lsq": 0.04698955634808711, "error_max": 0.2970278002381549, "target": "1076.xyz", "model": "13.xyz", "model_rescale": 4.170626492500431, "target_rescale": 4.127619860846266},
{"mapping": [4, 12, 11, 13, 3, 7, 10, 5, 1, 9, 0, 8, 2, 14], "R": [[-0.2351370224990122, -0.09088032491512041, 0.9677041630548155], [0.8736458559298064, 0.41657963652974733, 0.25140470330807174], [-0.42597358963552545, 0.9045452851969689, -0.0185560761196763]], "T": [0.049933507669624407, 2.3323555069638263e-05, 0.022397609356632688], "aligned_model": [[0.19093902853211991, 0.005404984675163822, -0.32151776525652664, -0.5399134588002916, 0.21316893868229467, -0.29968174460603153, -0.6610027943589729, 0.5306265059302, 0.6918217229637091, -0.10482722570858591, 0.211800015803697, -0.4693056265984465, 0.3696969634017588, 0.02597347743155523], [-0.3971692929784369, -0.7488012120253965, 0.1539976568477389, -0.317666149888978, 0.4573987482467974, 0.7684957363697033, 0.33747605468328723, -0.41075351733492843, 0.12500103245164385, -0.4736973514903196, 0.16307104617266402, -0.021958697581813107, 0.6540873103516165, 0.0665931041020872], [-0.548145497646771, -0.0686034973493862, -0.6430007718203377, -0.07749248374387271, -0.36298330912186794, 0.37126230889939926, -0.11047065808379114, 0.2838305927542945, 0.2253207540223685, 0.52120351421719, 0.73120367041265, 0.47982816649996335, 0.15568604177230025, 0.046234270308727315]], "inverted": true, "swapped": true, "error_lsq": 0.04580127810187139, "error_max": 0.3128654572945683, "target": "1076.xyz", "model": "14.xyz", "model_rescale": 3.9786697098870705, "target_rescale": 4.127619860846266},
{"mapping": [2, 4, 0, 7, 5, 9, 11, 13, 8, 10, 12, 14], "R": [[0.04564732296483888, -0.9656260778557924, 0.25589568122768896], [0.9937856122687228, 0.06992877692941378, 0.08660325054428454], [-0.10152082916241142, 0.250352239698381, 0.962817364469597]], "T": [-0.06431611476200888, -0.02081445225246399, -0.14400722610198544], "aligned_model": [[0.14645898002975152, -0.7406217600148992, 0.567985697986465, 0.5913858643673253, -0.10813193266163515, 0.2924873864464456, -0.49512308106313163, -0.057172075824469926, 0.5083159268749342, 0.14780068643357996, -0.3547315162428227, -0.01529957956420621], [-0.5238151350097389, 0.1599279213958037, 0.11097340978060226, -0.6555740847814949, 0.5263898584733502, 0.5708222507220115, -0.46102626490863935, 0.1429034797472865, 0.08371507561221976, -0.49009552735233103, 0.6275754890693, -0.07712198252393072], [-0.6443854282881079, -0.029522130746320152, -0.5155146089516345, -0.1037284979013125, -0.5524165707812961, -0.0031996747992913133, 0.3303956268918603, 0.513236623271997, 0.23082783777580687, 0.46569801660490984, 0.11338654702507803, -0.1448112462278595]], "inverted": false, "swapped": true, "error_lsq": 0.055878924636161564, "error_max": 0.27642537108726045, "target": "1076.xyz", "model": "15.xyz", "model_rescale": 3.769337070930944, "target_rescale": 4.127619860846266},
{"mapping": [4, 11, 5, 1, 12, 13, 9, 10, 0, 2, 14], "R": [[-0.45707401287071314, 0.34099740831179437, -0.8214646153565609], [-0.7353773583685159, 0.37463163338552485, 0.5646868867486097], [0.5003033955083719, 0.8621901801757736, 0.07952738931500589]], "T": [-0.0653028390975581, 0.02127941342781113, 0.024211050613474165], "aligned_model": [[-0.27816002139330864, -0.2147826349020481, -0.08461824084247946, -0.4792366313263804, 0.26681046265599073, 0.45403093081393786, 0.5241681663007983, 0.22008459900441288, 0.11022414013237675, -0.5292883298146644, -0.0666063099374643], [-0.11136744705973674, -0.7132651984970036, 0.6599378624551347, 0.5483350637164448, 0.19029092873131426, -0.33762507097724065, 0.3984389506472762, -0.6674209638595403, 0.5308520991254432, 0.10066310033976948, -0.0027748269965191703], [-0.6393103121469459, -0.1820391684961886, -0.22051916235165275, 0.16452807896493657, -0.6331610193455857, -0.22135784520601626, -0.062068208562934345, 0.30917516814139, 0.538717917476653, 0.5953764096103643, 0.09487574913975677]], "inverted": true, "swapped": true, "error_lsq": 0.04336219690713016, "error_max": 0.2841354061849011, "target": "1076.xyz", "model": "16.xyz", "model_rescale": 3.7852294659196426, "target_rescale": 4.127619860846266},
{"mapping": [2, 10, 8, 7, 3, 11, 4, 13, 0, 1, 6, 9, 14], "R": [[0.7092605189009049, -0.6867799882350374, -0.15900554735071698], [0.5541103169263584, 0.682570637107837, -0.4765071689219082], [0.4357881056249584, 0.24986110765399888, 0.8646722812012231]], "T": [0.028848571854174453, 0.17792433488217654, 0.05065709809156973], "aligned_model": [[0.04208628695905031, -0.3760933587067072, 0.32223801951926756, 0.03406278759519763, -0.4179749972115322, -0.7247052480439526, -0.34326369075205326, -0.12214191610289758, 0.67516602248571, 0.3446834094527474, -0.19240456912097498, 0.587055296984657, 0.025057807157770905], [-0.08939620262608697, -0.4536703041187893, -0.32560919905130603, -0.6851294249802121, 0.13829895221664756, 0.09498070746660345, 0.7503386593072782, 0.03754051760239341, -0.09865695395199228, 0.4371098862348163, 0.7700340808706155, 0.1894288057648429, 0.10978609896806349], [-0.6393999037473157, 0.3228132897159308, 0.42443753447154664, -0.24867260643101893, -0.37728573051192205, 0.2230408105832101, 0.24311040074590853, 0.6958844475452239, -0.19625969390936146, -0.4987870907252787, -0.35479551627629463, 0.4812873251469774, 0.02038143053556769]], "inverted": false, "swapped": true, "error_lsq": 0.036596251201604785, "error_max": 0.21042540977337695, "target": "1076.xyz", "model": "17.xyz", "model_rescale": 3.901054581598922, "target_rescale": 4.127619860846266},
{"mapping": [8, 4, 5, 9, 11, 4, 10, 2, 0, 1, 3, 12, 6, 7, 14], "R": [[-0.2105091205647594, 0.9670659673236762, 0.14307104879525356], [-0.7536088626027163, -0.06730872169251005, -0.6538678904723496], [-0.6227034545959191, -0.24546476494283753, 0.7429585835064197]], "T": [-0.07665045643658246, -0.04150448373700492, 0.008048241911443613], "aligned_model": [[0.0541237514783265, 0.5221709757474216, -0.4952468849315187, -0.524692053989648, -0.04391083997943171, 0.5221709757474216, 0.0773216033845426, -0.536157910596598, 0.05033439030729363, 0.5325211934726888, -0.49547130839355574, -0.42784419671053076, 0.48606195204945485, 0.16279714782034238, -0.10769807070372373], [-0.6104075199656127, -0.1976187748512816, -0.26352716458135356, 0.30334370385637555, 0.7556216918566094, -0.1976187748512816, 0.3379653578935412, -0.7166605943658002, -0.4711395480882114, -0.23895174649365047, -0.17522272090508806, 0.4431692501191257, 0.4334291817833321, 0.19909087996774574, 0.0029347897680251853], [-0.3076504974809909, -0.4845115923998747, -0.39885347378608504, -0.3303717275199587, -0.007730434345229284, -0.4845115923998747, -0.7024086478547047, 0.13749022829950575, 0.6202517037416216, 0.28302102022333525, 0.6326396415700286, 0.44819529981318873, 0.15474010931178822, 0.5776584064772123, 0.016111061643486763]], "inverted": true, "swapped": false, "error_lsq": 0.046440579647738935, "error_max": 0.4273559017455945, "target": "1076.xyz", "model": "18.xyz", "model_rescale": 3.9405287249114394, "target_rescale": 4.127619860846266},
{"mapping": [13, 9, 7, 8, 2, 11, 5, 4, 12, 14, 0, 6, 10, 1, 15], "R": [[-0.7013625672317712, 0.03889518855991009, -0.7117427299192798], [-0.6675000700260703, 0.31446208364989203, 0.6749498162543348], [0.250068402244768, 0.9484728579424178, -0.19458939319832297]], "T": [0.004415056352433021, -0.12588249183935, 0.09796874392891136], "aligned_model": [[0.33681059251377027, -0.009135162937235562, -0.3848880513557612, -0.6072873997811089, 0.19477058988464893, 0.5331015797360015, -0.09611539563270186, -0.5305704842012652, 0.08091132192560035, 0.728276207157689, -0.6272653772528842, -0.3865573559256389, 0.6704649418980719, -0.1493993261793053, 0.023364044852603766], [-0.6217614089044131, -0.15588827681425102, -0.46191548957966455, 0.1805188980708112, 0.7221040654494703, -0.03165726327234, 0.4996472874827498, -0.6007146429080371, -0.46661211380033174, -0.3709474133722924, -0.020727807305786577, 0.5096000981549296, 0.2881295919744217, 0.225478621774335, -0.09084613580712558], [-0.210166214364309, -0.6687945124819428, -0.38281235355698473, -0.22484768836236907, 0.10094406309950985, -0.3824741436174719, -0.44042587543849804, 0.24959304384824968, 0.5200951566077188, 0.22329703548803612, 0.3481618295184146, 0.13779218230191256, 0.15159319140714878, 0.6350031260181497, 0.09711066482588561]], "inverted": true, "swapped": false, "error_lsq": 0.04296204435568629, "error_max": 0.28232172974300596, "target": "1076.xyz", "model": "19.xyz", "model_rescale": 4.410303926677745, "target_rescale": 4.127619860846266},
{"mapping": [6, 5, 4, 2, 11, 0, 3, 12, 9, 8, 7, 10, 13, 14], "R": [[0.6620127203499002, 0.5091347479458709, 0.5500190601506638], [-0.7450961417600185, 0.5264410133141773, 0.4095016471701636], [-0.08106107345242664, -0.680912379043616, 0.7278649836583043]], "T": [0.011683570434193593, -0.04749707610868427, 0.011090386793265357], "aligned_model": [[-0.0890800700575596, 0.19039714796414273, 0.4300330766551925, -0.7238311546349468, 0.10338634106678053, -0.3125257701659445, -0.40214731168504075, 0.737171675945246, 0.4188027691472038, 0.12661607873362934, -0.6452640062667748, -0.04451802660719407, 0.5183872922130465, -0.04624015284690832], [-0.04865187298831718, -0.639705742971685, 0.19654935443446092, -0.10471061709644745, 0.7206089811533612, -0.6357717633698259, 0.3202670080830058, -0.19879002887364922, -0.5142214206798075, -0.14236401361974005, 0.11396451171714546, 0.5401237350698986, 0.23545519361069245, -0.031804858287889634], [-0.7330763158900884, -0.2813150312401647, -0.5071653405029514, -0.04856590035138319, -0.0666452922735282, 0.33360016074047166, -0.267925951008354, -0.1364888362522952, 0.34812426863441237, 0.6872013134321193, 0.6249611301843047, 0.5482141253679369, 0.3603945915871074, 0.055502116297434075]], "inverted": false, "swapped": true, "error_lsq": 0.04369026714241243, "error_max": 0.3181935723145907, "target": "1076.xyz", "model": "20.xyz", "model_rescale": 4.121658175737393, "target_rescale": 4.127619860846266},
{"mapping": [7, 8, 0, 2, 1, 10, 9, 3, 13, 4, 5, 6, 14], "R": [[-0.3116064789354993, -0.2061431104178322, -0.9275809508138261], [0.9349030013966422, -0.24103132927852663, -0.26050005045254104], [-0.16987577892380712, -0.9483717184382334, 0.2678307364764954]], "T": [0.012178004218023786, -0.04368697675789465, -0.06193435375814314], "aligned_model": [[0.19766388438997806, -0.4024250564638853, 0.26487579423891144, 0.6614055623969968, 0.6106059970601045, -0.3658799135096403, -0.3743994786204035, 0.4000597915734139, -0.6545138573126614, -0.12992271130371505, 0.16608524740003344, 0.4744186791021079, 0.033108965713054064], [-0.4878894984819748, 0.016645110400867025, 0.3564193844737219, -0.24400596816746786, 0.28789989447513786, -0.6644965688329267, 0.49998830672085914, -0.5035579566780153, -0.16342558400664042, -0.0705596198972981, 0.5998439128648072, -0.0028111966986624493, -0.08322331200922457], [0.7144459399245232, 0.4892457835376749, 0.5136089418474984, 0.231647069433781, -0.08935324331224966, 0.2676508537552787, 0.16641741256211584, -0.21167726091056654, -0.06488457297482893, -0.756376011631896, -0.23609270410069227, -0.6523591629174933, -0.00216330573135691]], "inverted": false, "swapped": true, "error_lsq": 0.04579356098105056, "error_max": 0.3263284010882663, "target": "1076.xyz", "model": "21.xyz", "model_rescale": 4.08911054899281, "target_rescale": 4.127619860846266},
{"mapping": [5, 6, 8, 1, 4, 7, 0, 11, 9, 12, 15, 2, 13, 14, 16], "R": [[-0.8529020364676266, -0.16891606432306416, 0.4939893515076841], [-0.21350530203601653, 0.9763224937041356, -0.03478324725852877], [-0.47641746629598414, -0.1351360481179802, -0.8687719184614396]], "T": [0.00663408857313107, -0.04335382709394773, 0.03305029227143279], "aligned_model": [[0.01610973046297706, 0.1469723830163243, -0.3816244247365279, -0.7030808927572576, 0.03425229575066278, 0.6177505313903702, 0.049220326451905314, -0.6213950608611923, 0.2372181344782053, 0.655460361535504, -0.5221172577116518, -0.4322409411592413, 0.5134526801939678, 0.1393687540497172, 0.027134104598722623], [-0.7457430212923508, -0.19174359292005483, -0.37715070066551815, 0.15181348208777112, 0.653020571021474, 0.028487650647468547, 0.4411717976734716, -0.47925746082207765, -0.5859019886683966, -0.1058212310171552, -0.043484145894623696, 0.48768531638574475, 0.373316248406618, 0.0027691067317092075, -0.004754020531605202], [-0.032437767955309046, -0.6837828606046168, -0.43449328013277827, -0.26395601737200397, 0.008716814315289582, -0.3235610976248627, -0.5698599244825621, 0.0712659935192214, 0.43307541861820514, 0.379592926004912, 0.534975600174126, 0.24901317274633478, 0.11211311158659872, 0.6592106307656531, 0.014196785735241295]], "inverted": true, "swapped": false, "error_lsq": 0.038117833016221514, "error_max": 0.24223122328180008, "target": "1076.xyz", "model": "22.xyz", "model_rescale": 4.204369325754507, "target_rescale": 4.127619860846266},
{"mapping": [13, 9, 7, 8, 2, 11, 5, 4, 12, 14, 0, 6, 10, 1, 15], "R": [[-0.7013625672317712, 0.03889518855991009, -0.7117427299192798], [-0.6675000700260703, 0.31446208364989203, 0.6749498162543348], [0.250068402244768, 0.9484728579424178, -0.19458939319832297]], "T": [0.004415056352433021, -0.12588249183935, 0.09796874392891136], "aligned_model": [[0.33681059251377027, -0.009135162937235562, -0.3848880513557612, -0.6072873997811089, 0.19477058988464893, 0.5331015797360015, -0.09611539563270186, -0.5305704842012652, 0.08091132192560035, 0.728276207157689, -0.6272653772528842, -0.3865573559256389, 0.6704649418980719, -0.1493993261793053, 0.023364044852603766], [-0.6217614089044131, -0.15588827681425102, -0.46191548957966455, 0.1805188980708112, 0.7221040654494703, -0.03165726327234, 0.4996472874827498, -0.6007146429080371, -0.46661211380033174, -0.3709474133722924, -0.020727807305786577, 0.5096000981549296, 0.2881295919744217, 0.225478621774335, -0.09084613580712558], [-0.210166214364309, -0.6687945124819428, -0.38281235355698473, -0.22484768836236907, 0.10094406309950985, -0.3824741436174719, -0.44042587543849804, 0.24959304384824968, 0.5200951566077188, 0.22329703548803612, 0.3481618295184146, 0.13779218230191256, 0.15159319140714878, 0.6350031260181497, 0.09711066482588561]], "inverted": true, "swapped": false, "error_lsq": 0.04296204435568629, "error_max": 0.28232172974300596, "target": "1076.xyz", "model": "23.xyz", "model_rescale": 4.410303926677745, "target_rescale": 4.127619860846266},
{"mapping": [4, 5, 2, 0, 13, 15, 12, 3, 10, 9, 1, 7, 14, 11, 16], "R": [[-0.040421576511690815, -0.06986184683964136, -0.996737386932217], [-0.08674235682542261, -0.9935411553672079, 0.0731555611280849], [-0.9954103976173249, 0.08941641318990824, 0.03410051858214208]], "T": [0.09022780000196204, 0.015823437066238965, 0.04490151930104504], "aligned_model": [[0.014545509751784355, 0.14559181625263942, -0.47663628665686875, -0.5894046908663677, 0.15567962222438247, 0.7526517973215637, -0.2259278743234904, -0.5732713228686984, 0.10656322580033835, 0.5950303477385744, -0.5745292781634687, -0.35688650814514833, 0.6294291831660827, 0.1838783724284501, -0.010233188957287587], [-0.6105898799091548, -0.11442963536870597, -0.45334007695440054, 0.06775188246160434, 0.7068802360955704, -0.05781705685453796, 0.4266285030616725, -0.5916340622184393, -0.4879934623221876, -0.20055846351431056, -0.07293112289760324, 0.46482347936942, 0.3950360035851918, 0.1817126980664103, -0.04913103145805452], [-0.23034913056108153, -0.5679369555467605, -0.49495462408035085, -0.2803505752365579, -0.0661983605919409, -0.21021750442116505, -0.5694767209776969, 0.0409918969752132, 0.4568306782959293, 0.3461875039205732, 0.5802107800886027, 0.24594543028610893, 0.19855596213509902, 0.6485833974287315, 0.05624772757874517]], "inverted": true, "swapped": false, "error_lsq": 0.03394323068055693, "error_max": 0.22706128701716274, "target": "1076.xyz", "model": "24.xyz", "model_rescale": 4.28219845311461, "target_rescale": 4.127619860846266},
{"mapping": [5, 11, 10, 14, 13, 9, 12, 6, 1, 3, 0, 2, 7, 4, 15], "R": [[-0.3860622727677188, 0.9220539822732569, -0.02779164117953678], [-0.9086450325241032, -0.3852995033369064, -0.16096116798037075], [-0.15912299147104852, -0.036888297634370085, 0.9865693726661815]], "T": [0.016177357848252954, -0.01679729228200419, 0.005724130303714756], "aligned_model": [[0.3441729909976847, 0.01156449705162015, -0.48367009824814605, -0.5823532932487302, 0.04028457986515871, 0.6205277581091446, 0.04601535147108253, -0.8035083055682041, 0.1560213982998823, 0.6232089162501179, -0.41961921207261094, -0.5017968123695357, 0.5952706234051477, 0.1515079270828049, -0.021145596322931903], [-0.7510357443562031, -0.12242930593060616, -0.4028030365686155, 0.19188069667227567, 0.5739997030974675, 0.012873716828217127, 0.3964698366629972, -0.3584957785096058, -0.532672015205027, -0.2486219081709798, -0.1491498129098436, 0.3654544758819872, 0.464327239196643, 0.18838974592436347, -0.023779801470595437], [-0.2746210873204304, -0.5284085034647219, -0.47475157651149563, -0.41660178829239486, -0.05167107014214731, -0.2955297639478796, -0.6367242135365847, 0.1591995115878474, 0.3581362660850024, 0.4274057393785669, 0.6825685230296006, 0.23889009932710148, 0.20248840741297314, 0.6943695320951322, 0.06931942959288]], "inverted": true, "swapped": false, "error_lsq": 0.0413179048743882, "error_max": 0.36733801594864984, "target": "1076.xyz", "model": "25.xyz", "model_rescale": 4.100010024507729, "target_rescale": 4.127619860846266},
{"mapping": [1, 6, 12, 11, 0, 8, 9, 10, 3, 7, 2, 14], "R": [[-0.29197786754985766, 0.544525206626092, 0.7862831704989304], [-0.02272683578390755, -0.8258243342300788, 0.5634693069979044], [0.9561550166140893, 0.14665083819146482, 0.2534977630304688]], "T": [0.026499728728065525, -0.027363310181436305, 0.06368364526471723], "aligned_model": [[-0.6176119942548909, -0.19407803596908624, 0.24291939781321314, 0.6909564559812664, -0.5543270980525528, 0.1597354029006177, -0.07296323476349911, 0.603927898752834, 0.0538017588115533, -0.041113521412520046, -0.414034977847611, 0.01955355040368241], [-0.24945920575894953, -0.7395242233296189, -0.2339534874080446, -0.2583078718608238, 0.4376184298455692, 0.6346754890545079, 0.3371882976740891, 0.3930789823060319, -0.3160336314845918, 0.6230183377742393, 0.017585242663955815, 0.020245030574275062], [-0.004222265958409313, -0.02637749890275512, 0.7575749922172809, -0.26737679662315605, 0.10397678648583022, 0.21628798940731003, 0.6589808293571732, -0.29235530615821315, -0.4842949876482976, -0.5742187084508544, -0.5293787229236243, 0.006595979052072626]], "inverted": false, "swapped": true, "error_lsq": 0.045756255307527645, "error_max": 0.2848950608047105, "target": "1076.xyz", "model": "26.xyz", "model_rescale": 3.6694154284099745, "target_rescale": 4.127619860846266},
