[{"mapping": [8, 0, 9, 3, 1, 10, 6, 11, 7, 5, 4, 13], "R": [[-0.913729149885925, -0.09587165154447197, 0.39485144938176486], [-0.1653906209828806, 0.9753754391855896, -0.14590646018739464], [-0.3711401125446322, -0.1986237122391332, -0.907085242850254]], "T": [-0.039781488486449926, 0.02433498616838234, -0.004385596935411996], "aligned_model": [[-0.21913461352567393, 0.1189836916026215, 0.37988715112860666, -0.297045989134868, 0.13631477301392392, -0.6573250533120466, 0.5044448921967727, -0.28166403576423804, 0.6838703973242967, 0.11725196955909738, -0.6009847422638548, -0.04695597836408827], [-0.36494962961538113, -0.6048046772456828, -0.3008291125156357, 0.6492805917985188, 0.29795314914841, -0.5744464872202296, -0.2275524410277093, -0.5324518981579324, 0.09145146763692455, 0.4673609169526377, 0.11799772964712513, 0.03454542657601198], [-0.5266628535924885, 0.013636119505872728, -0.6351402823576736, 0.004540685554164613, -0.5891431000577836, 0.02804827519739627, 0.49362027669202596, 0.5559976261793708, -0.06112797805478346, 0.4609018121136545, 0.455559497951178, -0.01827833377737138]], "inverted": true, "swapped": true, "error_lsq": 0.0394339637301825, "error_max": 0.29251619545856733, "target": "1077.xyz", "model": "0.xyz", "model_rescale": 3.751011558992144, "target_rescale": 3.9011895310930553},
{"mapping": [7, 13, 9, 5, 10, 8, 1, 0, 12, 3, 11, 6, 4, 14], "R": [[-0.34387661265547254, -0.42261818567509546, -0.838536072214719], [0.8949323017289144, -0.41789943167269816, -0.15638491081246692], [-0.2843326407410613, -0.804210130590461, 0.5219205066529654]], "T": [0.045342268939375284, 0.03112499180912126, 0.06956132570915505], "aligned_model": [[0.1272904432262646, -0.2355337717389722, -0.5506052261128315, -0.08422604476649839, -0.4183760925631695, 0.48422213293683186, 0.57224048695536, 0.649208541440366, -0.3857321876992113, 0.1565950219409957, -0.6108405099683253, -0.050133796797906686, 0.2987736491907254, -0.003510152968331723], [0.6344387203205588, -0.4022236713311213, -0.24996250968675643, -0.5793554286072748, -0.07333785266410621, -0.37819866478282854, 0.45526341280418436, 0.22496515646365584, 0.3301334077701268, 0.05741253452956295, 0.47592178947941505, 0.7192677060185306, 0.03321293099367489, 0.04081369078533921], [-0.19306781493962602, -0.44114385756980723, 0.06446024953851656, 0.09429501462238997, 0.7377727768672583, 0.35285774515642265, 0.23740177710044078, -0.3467030542249767, -0.4565031989410522, -0.6856457184582416, 0.16072578355263217, 0.354288688324654, 0.818789025359712, 0.046683772752881283]], "inverted": false, "swapped": false, "error_lsq": 0.04098268751635749, "error_max": 0.2567312748895503, "target": "1077.xyz", "model": "1.xyz", "model_rescale": 3.9405287249114394, "target_rescale": 3.9011895310930553},
{"mapping": [6, 7, 5, 8, 1, 12, 0, 9, 2, 4, 10, 11, 13], "R": [[0.18613712478151942, 0.06917809013437967, 0.9800853853738605], [-0.9394737961485313, -0.2795074627332493, 0.19815288195403288], [0.28764901725598974, -0.9576481452609725, 0.012964287480706216]], "T": [0.013528086895112215, -0.08026471510931364, -0.13053192259047547], "aligned_model": [[-0.329239284234618, 0.21370494264861012, -0.45273708665842555, 0.5247718888054859, 0.5897615962976807, -0.838723501842219, 0.09628323944171481, 0.7493388159025357, 0.08675673819394043, -0.5614325208120037, -0.08419043207049812, -0.5227466635336003, 0.024435547145328373], [0.5926701265373392, 0.5944012371637928, 0.11071459821929393, -0.31339428848153367, -0.08184341655164203, 0.16648651634268813, 0.16869732252712172, 0.23002109127740322, -0.6991143225235774, -0.5314169038481945, -0.5804491642803924, -0.10615256797989177, -0.09178763483039064], [0.06262269880197727, -0.32066727175345566, -0.5589564143322694, 0.24465331885167224, -0.4707826833952666, -0.046741825330421496, 0.46319980916711795, 0.07443202732264131, -0.15824549777378702, -0.09657173917332805, 0.563166766503761, 0.49739113727457035, -0.14037997657456774]], "inverted": true, "swapped": true, "error_lsq": 0.04272539330503519, "error_max": 0.24701848592211148, "target": "1077.xyz", "model": "2.xyz", "model_rescale": 3.932901565614263, "target_rescale": 3.9011895310930553},
{"mapping": [3, 2, 10, 6, 12, 5, 7, 4, 1, 0, 11, 8, 9, 13], "R": [[0.9086290166650177, 0.409363161024551, 0.0825536944682091], [0.4160573484400539, -0.9043979690263355, -0.09466042694849287], [0.0359109020131003, 0.12035828187967325, -0.9920807885951519]], "T": [-0.014188096085080967, 0.18939283041238822, 0.027587515777370984], "aligned_model": [[-0.022346501302143742, 0.08004637216418167, -0.6237437140978157, -0.09603839781858717, -0.19442354182699545, 0.3511934403914984, 0.6482070943979074, 0.6586141668130315, -0.47057439251498795, 0.19531841417968054, -0.7480091958875571, -0.02215642219031865, 0.22793385064195332, -0.034648679874550406], [0.6609549465379665, -0.3649220591236695, -0.14393105531600284, -0.4888200721557453, -0.30196819317099033, -0.3062470639935698, 0.37582447089330934, -0.2216634978966648, 0.0708886091185152, 0.27907866499899636, 0.6064912459640945, 0.8074327514882504, 0.21686540149477776, 0.09836707325369373], [-0.16798367111042117, -0.587274030760308, 0.2021801160022139, 0.03206496795465137, 0.58365346398931, 0.3985822779101156, 0.2178988459701378, -0.34870520875239497, -0.5437590680740416, -0.6025027970938807, 0.3195536158581316, 0.4235040313049899, 0.7207073900704685, 0.09629125587223157]], "inverted": true, "swapped": false, "error_lsq": 0.04767489223971876, "error_max": 0.2894643421620029, "target": "1077.xyz", "model": "3.xyz", "model_rescale": 3.9243930471874484, "target_rescale": 3.9011895310930553},
{"mapping": [10, 4, 11, 0, 6, 2, 8, 12, 5, 3, 7, 1, 13], "R": [[0.6896386004732012, 0.6973000635704014, 0.19537456866767106], [0.569766241254825, -0.6890081016312791, 0.44792216535109036], [0.4469508150386491, -0.19758658160709014, -0.8724646191709506]], "T": [-0.05056192393078138, -0.05740034601857152, 0.03042793088587814], "aligned_model": [[-0.09292198137599172, -0.1858347816784287, 0.4191719124769022, 0.3963535900937204, 0.7068794937470341, -0.5880620070798317, -0.25104139361500466, 0.5006695632077051, 0.07461371242679343, -0.540872219823949, 0.32947638369803267, -0.42278647536415603, -0.06843991040147326], [-0.7112547881869944, 0.08584397090863982, -0.31811450527774626, -0.5278571020484254, 0.12374794183502313, -0.22798552369343514, -0.6821164353517426, 0.3596570535871923, 0.5784034569996357, 0.3951755886515586, 0.17208062182004402, -0.06216818335312368, -0.05758254220903927], [-0.5278114956887137, -0.6741667125094478, -0.5972076385964527, 0.04730527614661613, 0.0637036904171947, -0.23621728656546465, 0.19173936362358418, -0.5321080183195078, -0.10189152891748068, -0.07724076887405283, 0.608619717295666, 0.586525297290591, 0.03582042006843231]], "inverted": false, "swapped": true, "error_lsq": 0.048765443251557364, "error_max": 0.2754439561123056, "target": "1077.xyz", "model": "4.xyz", "model_rescale": 3.8936222436046832, "target_rescale": 3.9011895310930553},
{"mapping": [9, 7, 1, 8, 3, 5, 12, 4, 10, 0, 2, 13], "R": [[-0.6709750483107499, 0.73199842382844, -0.11819810513314605], [-0.725015319262911, -0.6142803300617612, 0.3114682374389295], [0.15538748784405504, 0.2946828525922288, 0.9428768450914575]], "T": [-0.1294721045014089, -0.050221656978075305, -0.03222498319557254], "aligned_model": [[0.06911597352581872, -0.5331386286265241, -0.32400163900514023, 0.39750446343783485, -0.5300133165807507, -0.6786169864689701, -0.31572631504895665, -0.026841225767196483, 0.6744286380704176, 0.3177987326882333, 0.10862005457583532, -0.1315817085855045], [-0.5066982700700557, -0.6198568809703147, 0.008140919004753347, -0.04633831481906546, 0.49393057916727695, -0.0008750054476842489, -0.199108462914168, 0.42283657232809435, 0.15350227746285028, -0.5163328173900875, 0.5170206722822177, -0.03729836352400947], [-0.689413546925195, -0.24190431127853348, -0.6698535583200672, -0.4550301450197173, -0.04915995096661355, 0.33305389917263, 0.8264844025681396, 0.5163678588033912, 0.19840766414830496, 0.03131291960277585, -0.13544115391784103, -0.04553935859175591]], "inverted": false, "swapped": true, "error_lsq": 0.03301646040392774, "error_max": 0.21003405041799716, "target": "1077.xyz", "model": "5.xyz", "model_rescale": 3.6523030999806103, "target_rescale": 3.9011895310930553},
{"mapping": [9, 7, 6, 0, 11, 1, 5, 8, 3, 4, 12, 10, 13], "R": [[-0.1926569044795745, 0.9786775468452282, -0.07122904223246632], [0.5736825189946542, 0.17122795409230845, 0.8009802464089304], [0.7960977858003982, 0.11345151844893342, -0.5944384479534739]], "T": [-0.032869761958544214, -0.12135517652894745, 0.014279346330893205], "aligned_model": [[0.23181043859067904, -0.1422183696183718, 0.21780773487902297, 0.586741912850578, 0.5678929066340395, -0.349222522881907, -0.45587161464448, 0.3344469443704118, -0.6414030314420168, -0.06908062552995475, 0.0443430865892582, 0.5993055012067489, -0.043469456339713275], [-0.6557843280452847, -0.011247573913726105, 0.4742672189835745, -0.09634091787596118, 0.34499565060697607, -0.6388608493264412, 0.3866434660585054, -0.6874353717485387, -0.14242078164049451, 0.2046849883265261, 0.7534660456993684, -0.255108397627279, -0.13603224533404215], [0.5835198972214889, 0.726540232233277, 0.4502085081469276, 0.2061218339535375, -0.3084423294813556, 0.2969928747717203, 0.035031865844510436, -0.019115835960666926, -0.27908938414735895, -0.6396762149551727, -0.13726512333172367, -0.5544172123717102, 0.00970062755831548]], "inverted": false, "swapped": true, "error_lsq": 0.053864131187539493, "error_max": 0.30900181326109855, "target": "1077.xyz", "model": "6.xyz", "model_rescale": 4.08911054899281, "target_rescale": 3.9011895310930553},
{"mapping": [6, 13, 1, 11, 9, 10, 4, 5, 2, 7, 0, 3, 8, 14], "R": [[-0.46677708344216096, 0.8841320637374307, -0.020727958042752792], [-0.1877837508018231, -0.12198939224028893, -0.974605484858178], [-0.8642085496614975, -0.45103113202110245, 0.22296748785357512]], "T": [0.06344412431130184, 0.009270172913079383, 0.01906990279196568], "aligned_model": [[-0.041150677991336315, -0.18240427717297863, -0.654318344031623, -0.018232774865909435, -0.36717866227984264, 0.5836404139823955, 0.5526857278952784, 0.773235989271859, -0.4849388174612125, 0.20506523761223264, -0.6157449466686903, -0.0636928669879899, 0.301185450398298, -0.03877895862518431], [0.4747123550330651, -0.44305182369440554, -0.13963757843354224, -0.5424576746095778, -0.05402256497447072, -0.4024296751342832, 0.46774349049901687, 0.09834742252839453, 0.2604780261786588, 0.2444701920768921, 0.6477238497995711, 0.6630582148585049, 0.060230368246166996, -0.04681338028102941], [-0.12778536230988063, -0.5013701967625036, 0.043351160637467155, 0.2019806169832563, 0.6710786089508375, 0.3004485690625088, 0.2365425679399753, -0.24315515630825363, -0.5160098173637109, -0.7047487041740325, 0.14451029276004418, 0.4466781556570197, 0.6562755945799424, 0.1364148594885335]], "inverted": false, "swapped": false, "error_lsq": 0.0407545752490332, "error_max": 0.24330732428747828, "target": "1077.xyz", "model": "7.xyz", "model_rescale": 3.964800864290218, "target_rescale": 3.9011895310930553},
{"mapping": [9, 1, 3, 0, 6, 2, 12, 7, 5, 8, 10, 11, 4, 13], "R": [[-0.9707657346809381, -0.21339862620628142, 0.10988591676211473], [-0.05816729554298522, -0.2350070181323286, -0.9702516514584071], [0.23287433112860173, -0.9482788238497278, 0.2157239396533987]], "T": [-0.011649382978302607, 0.030574697197548982, 0.08443483303015838], "aligned_model": [[0.0643294135022003, 0.17962333148036122, -0.6566150536512525, -0.18409966670350686, -0.25519785151651686, 0.4282109596731926, 0.5908856810614299, 0.5938670619332344, -0.570505182823872, 0.0742601753591678, -0.5777648223776533, -0.02049961748914992, 0.3068142818086185, -0.023936217180957196], [0.6944289334932401, -0.4518033274968351, -0.2834514078856951, -0.6541241489751554, 0.008444724361909413, -0.4159658232292197, 0.4854811961751176, -0.041314269886462786, 0.14993262291520731, 0.3912848159780217, 0.5995587527436214, 0.662505337764114, 0.06411154237216524, 0.07926227376293316], [-0.08103873653988859, -0.45764088231591143, 0.19106308764424368, 0.20529740877470798, 0.6104578657516572, 0.29828798435973686, 0.11063618946787093, -0.28303622204085016, -0.5258967190919055, -0.5890377643358508, -0.09136183023526291, 0.6208289636430072, 0.7109725966486489, 0.024679247411000402]], "inverted": true, "swapped": false, "error_lsq": 0.04539904866231893, "error_max": 0.2948466736645522, "target": "1077.xyz", "model": "8.xyz", "model_rescale": 4.121658175737393, "target_rescale": 3.9011895310930553},
{"mapping": [7, 5, 3, 1, 6, 0, 4, 10, 2, 11, 9, 8, 13], "R": [[0.8747504910089082, 0.47266548690768884, -0.10676570594526773], [0.03733601742535406, 0.15393165362369066, 0.9873758493175179], [0.48313310824501315, -0.8676937152584393, 0.11700434273358762]], "T": [-0.028697022595814258, -0.0076519266527065345, -0.13249663550128052], "aligned_model": [[-0.6298688326826616, -0.1705737689652904, 0.40399983019632174, 0.0940818984493353, -0.7551066162581996, -0.3841100120475854, 0.3520824966585126, 0.3097275515054988, 0.586992215378517, -0.1792902880431677, -0.30586359839672095, 0.16914329631029074, -0.014476675669653702], [0.29244404145626457, -0.391548642301664, -0.10383037914133021, 0.6020792530390969, -0.2902072682024573, 0.029606369459650183, -0.6314066224867143, -0.24866168537480174, -0.00481183827892288, -0.6168745629374672, 0.7284352698813333, 0.4222028125599185, 0.002960691738804094], [-0.4152177638573087, -0.6520331172483727, -0.6427366287104131, -0.3794204191745302, -0.12104845768095922, 0.40939016730233757, -0.0977356082147741, 0.6213829087480196, -0.0323766556876042, 0.4048278528891682, 0.11460508381474524, 0.34975609881970415, -0.13831802704092402]], "inverted": true, "swapped": true, "error_lsq": 0.04581102590983561, "error_max": 0.2573796784866696, "target": "1077.xyz", "model": "9.xyz", "model_rescale": 3.833441315466971, "target_rescale": 3.9011895310930553},
{"mapping": [5, 12, 8, 11, 9, 7, 4, 6, 0, 1, 13, 2, 3, 14], "R": [[-0.33131136140429585, 0.34105603793910677, -0.879723570668486], [-0.8362038441956863, -0.5380095752348898, 0.10634297300682355], [-0.4370307915431001, 0.7708608667852146, 0.4634410548304491]], "T": [-0.018419366482671416, 0.015214963313255642, -0.034081773107002715], "aligned_model": [[0.008391859056462232, 0.10638430432717347, -0.607206545444182, -0.12394680514971126, -0.2302249316744975, 0.21455420145351023, 0.6570099150076076, 0.5987914577788547, -0.3989840007198743, 0.13602048976435463, -0.5583987191682335, -0.23335862782298955, 0.3919582661784077, -0.011618370511585444], [0.688128982829193, -0.3367888488806854, -0.2883819267160289, -0.6544969673918011, -0.017273249768159832, -0.41761084158066986, 0.41919481179777796, -0.004240089140557242, 0.3005217988663703, 0.2786071043786863, 0.6015753644302497, 0.4825857213679039, 0.21434437332010417, 0.022184988580578442], [-0.09655642389438293, -0.5068792109851, 0.37667113148629744, 0.041330232590034995, 0.7482180703656025, 0.41569496711288356, 0.09440226408901081, -0.31675095677112713, -0.5215174411271408, -0.7066751448712444, -0.01704299117125551, 0.4679301225464136, 0.7050119465452787, 0.060374623225933254]], "inverted": false, "swapped": false, "error_lsq": 0.043005809628010816, "error_max": 0.33667546103234613, "target": "1077.xyz", "model": "10.xyz", "model_rescale": 4.2482417240324, "target_rescale": 3.9011895310930553},
{"mapping": [10, 11, 12, 6, 2, 3, 4, 7, 0, 1, 8, 13], "R": [[-0.990064421470406, 0.12220336778209062, -0.06956132719539918], [0.09377341720188773, 0.942435640015258, 0.32096979710762746], [0.10478066407859321, 0.31125777312662556, -0.944531424095304]], "T": [0.04158321881479144, 0.18932596501719678, -0.0920548981817847], "aligned_model": [[-0.6552015534166213, -0.10327623809013814, 0.43348081523830767, 0.6410969950139683, -0.5110730088250935, 0.005721373121718082, -0.2298031504415896, 0.6644991691642657, 0.0019161496803992636, 0.03660978177801808, -0.43992692677557693, 0.03272219591534916], [-0.309960173734513, -0.5634079662889937, -0.29326939422322074, -0.30889096960376194, 0.4207394054438069, 0.7329371662125174, 0.06123601659145836, 0.24027730386264765, -0.3668510593874119, 0.7151668321954654, 0.13259643265335105, 0.20555779632929413], [-0.013597290333363612, 0.216093644552794, 0.5465041940597376, -0.09366666204546842, 0.08150842702848543, 0.30797322803917027, 0.5751884574019753, -0.46725624627015455, -0.4243823299470404, -0.5059205493466655, -0.5626006751470137, -0.09465190813810019]], "inverted": true, "swapped": true, "error_lsq": 0.04522792175836148, "error_max": 0.26694664362342685, "target": "1077.xyz", "model": "11.xyz", "model_rescale": 3.6694154284099745, "target_rescale": 3.9011895310930553},
{"mapping": [8, 7, 6, 5, 0, 12, 2, 10, 11, 9, 4, 3, 1, 13], "R": [[-0.6427042670690899, 0.7646298621761116, 0.047669685962097225], [0.7622737851807226, 0.6444657970854384, -0.0600209364579084], [-0.07661528253186717, -0.002238360018276219, -0.9970582170700922]], "T": [-0.014846474150520927, 0.02425367688259003, 0.03084577106147187], "aligned_model": [[0.16545785056810072, 0.07104665798190796, -0.5293076202663538, -0.16819265908359093, -0.32991503042940135, 0.4763481871419351, 0.4881328886984874, 0.5384117515152929, -0.49559218386730003, 0.10601646074007257, -0.5036989141636454, -0.018464588757583066, 0.20486431055916965, -0.055734617561794694], [0.7021279368849139, -0.46507183333300905, -0.20132267887952768, -0.7610509890366791, -0.21164564527502153, -0.3362266124915768, 0.39561695380639417, -0.06847148056961976, 0.38030916988851693, 0.22364800323207787, 0.45244063505865895, 0.815588085660066, 0.3411048212180885, 0.02130485592967922], [-0.253011040421278, -0.521737465541186, -0.03472762531187606, 0.09681789948385591, 0.6273532555705766, 0.33176148344119344, 0.2190335775015721, -0.2672081975700848, -0.401747221711517, -0.7374772863039537, 0.38490490523460985, 0.37000010662982896, 0.7843748133133942, 0.14587398482606825]], "inverted": false, "swapped": false, "error_lsq": 0.04541712284244106, "error_max": 0.25999208788192746, "target": "1077.xyz", "model": "12.xyz", "model_rescale": 3.9764082729961374, "target_rescale": 3.9011895310930553},
{"mapping": [13, 8, 3, 7, 4, 0, 9, 1, 11, 10, 14, 6, 5, 15], "R": [[-0.21200738119337506, 0.8033127492587123, 0.5565442454988968], [-0.7791111844112252, 0.20485055575026137, -0.5924711065817024], [-0.5899479914745579, -0.5592180940270249, 0.5824401176669725]], "T": [0.08606963772031131, 0.1304157297940714, 0.05404778599728022], "aligned_model": [[-0.06330678624731093, -0.1230281263577582, -0.645726535791127, -0.10404880120332236, -0.08400514038297272, 0.4348738003111521, 0.657355659752577, 0.5316719531347255, -0.4180774990594698, 0.20276318306366406, -0.6403887818162844, -0.2777386385962297, 0.4795805043836303, -0.000552298115977401], [0.7100885312504326, -0.2578574785049257, -0.24519976558537138, -0.5612248629356906, -0.09367482902214519, -0.3782214526849275, 0.09074453330487328, -0.021909203016161616, 0.2864114457233302, 0.24584910857518033, 0.46089728259017815, 0.6081558792107443, 0.3519815760440012, 0.09231045714344355], [-0.07302177527243536, -0.498378568753563, -0.12436411769326422, 0.29179127926818804, 0.714897022269656, 0.43710366476875784, 0.23723513195023382, -0.37204876362811456, -0.5392866052509241, -0.732847791888783, 0.011057699687355926, 0.5263471544259856, 0.7603633524604259, 0.10536350679768502]], "inverted": true, "swapped": false, "error_lsq": 0.04670939882916352, "error_max": 0.3087410179635254, "target": "1077.xyz", "model": "13.xyz", "model_rescale": 4.170626492500431, "target_rescale": 3.9011895310930553},
{"mapping": [10, 6, 4, 2, 0, 3, 9, 11, 12, 5, 8, 7, 1, 13], "R": [[0.700231174438495, 0.5050067849011332, -0.5046230767100401], [-0.6361773065689923, 0.1206347082047506, -0.7620536082080953], [-0.32396718499117877, 0.8546434428345984, 0.40574603962172695]], "T": [-0.03479951101563615, 0.047576031812011234, 0.10761778487636142], "aligned_model": [[0.04143113932066449, 0.18140108543244893, -0.688453563957293, -0.2480423310017429, -0.22900631785833764, 0.5037772285640516, 0.6441227217588948, 0.5050555747832225, -0.3111826451896329, -0.004549608254739088, -0.6131482549216832, -0.21301159154098143, 0.36739622382954523, 0.013582832110879031], [0.6000850231035315, -0.5344999819126897, -0.1108727263447899, -0.5494558033510268, -0.045072804023145306, -0.37388881717104144, 0.4796410912387344, 0.10706598090047179, 0.4262532876145568, -0.030889213672470016, 0.5132978885629806, 0.6149218287620458, 0.16016993016338762, 0.031595538222416036], [0.022464937207239813, -0.45977456911859804, -0.11753438745278552, 0.283721886936967, 0.6639974357643449, 0.19579987537828464, 0.20084237782750447, -0.3447947297888553, -0.454451623887525, -0.7980024318758063, 0.1207393462030732, 0.6587883609476588, 0.7528895685626859, 0.019525142437015433]], "inverted": true, "swapped": false, "error_lsq": 0.04844785401163374, "error_max": 0.2817026116161966, "target": "1077.xyz", "model": "14.xyz", "model_rescale": 3.9786697098870705, "target_rescale": 3.9011895310930553},
{"mapping": [1, 2, 7, 9, 5, 6, 10, 11, 0, 8, 4, 13], "R": [[-0.7687529912380108, -0.42917703728351336, 0.4741581056263371], [-0.5363971030349624, 0.028936712091745975, -0.8434695101478294], [0.3482771688157448, -0.9027567431827165, -0.2524545034651275]], "T": [-0.012045236152799961, 0.03525856683943776, -0.16046235240006376], "aligned_model": [[0.08800324013089711, -0.5754279321608111, 0.6407031005352376, 0.5334081496106959, -0.053358596010983535, 0.55571080569019, -0.37283722504057293, -0.06975235774035346, 0.3615576280822156, -0.00749537153313249, -0.5955784313148335, -0.021578413481212963], [-0.43234810302684323, -0.230515513095959, 0.1086445492463741, -0.5825612406239499, 0.6117637288463382, 0.5360828637090546, -0.17265589940515294, 0.4013907920953548, -0.07396888658117565, -0.5864130500074615, 0.41196835852436287, 0.02328689054349678], [-0.6285995487162298, -0.12776081588397958, -0.4765801758052489, -0.1824673699306083, -0.4819570798672763, 0.02519211211476688, 0.5928981050657512, 0.577890706597553, 0.3589971205211724, 0.10408875401870413, 0.06942900208990735, -0.17116431633068246]], "inverted": true, "swapped": true, "error_lsq": 0.05487395016317657, "error_max": 0.2835773875230485, "target": "1077.xyz", "model": "15.xyz", "model_rescale": 3.769337070930944, "target_rescale": 3.9011895310930553},
{"mapping": [5, 3, 6, 7, 12, 4, 11, 2, 0, 9, 13], "R": [[-0.5810563246693351, 0.5383820723938891, 0.6103427657362918], [0.6430547093164266, 0.7633732456391692, -0.061171305922689115], [-0.49885287248619786, 0.3569398156092736, -0.7897719795264246]], "T": [-0.08230632811814115, -0.057451730954545345, 0.10887306467622779], "aligned_model": [[-0.2241717172892188, -0.2256045614305144, -0.11869854718710185, -0.6645211434144975, 0.29619867422255436, 0.4767241595902046, 0.6375532815532106, 0.17992147218501103, 0.146163214303214, -0.4921854027170877, -0.08875329912460363], [-0.08082093143345914, -0.6350989013404894, 0.6450384350231977, 0.37575846522045336, 0.28900292529551797, -0.3484534174856946, 0.32481712187860046, -0.5942610267429137, 0.4644679057504688, 0.22923851185936658, -0.07362459039970595], [-0.5366902142801475, -0.21145656973814644, -0.22701776978379987, 0.03994406847933199, -0.6197851923228641, -0.2627103366284338, -0.026111469628071732, 0.28825443193782807, 0.41991878761813073, 0.7642453102074906, 0.11562656136245915]], "inverted": false, "swapped": true, "error_lsq": 0.04146186112053782, "error_max": 0.20026485831104185, "target": "1077.xyz", "model": "16.xyz", "model_rescale": 3.7852294659196426, "target_rescale": 3.9011895310930553},
{"mapping": [5, 4, 11, 12, 3, 2, 8, 10, 6, 7, 1, 0, 13], "R": [[0.7195010470417356, 0.6818615441700752, -0.13184490087920386], [-0.09902113731490031, -0.08718280765008991, -0.9912587817593906], [-0.6873958522356023, 0.7262671633994259, 0.004790584206737045]], "T": [-0.043045119663302975, 0.1899079681480561, -0.05993795953193755], "aligned_model": [[-0.040194765262279844, -0.4007401970653256, 0.24280512178792052, 0.25894768893566306, -0.5931514833108364, -0.6116764153926144, -0.10969154708620574, -0.17388310182457845, 0.6619215397077843, 0.4636907900947694, -0.22668744724391843, 0.44073197258070923, -0.05830630570480429], [-0.24133040911992065, -0.4198256436804879, -0.37272804287090844, -0.642951139928859, 0.058654595356289196, 0.2151061525184496, 0.6648576473338388, 0.023811555372792448, -0.1064459169532046, 0.4506109930514127, 0.7780444426964898, 0.266975239783495, 0.200276150143488], [-0.561385058201042, 0.12861029976902955, 0.4732397937088118, -0.1568181472643509, -0.4300423402337265, 0.1952655185770309, 0.4159450558421935, 0.7744748085149238, -0.21105335761900218, -0.5145246094735756, -0.3210684110526225, 0.36593554447549226, -0.06282439989998846]], "inverted": false, "swapped": true, "error_lsq": 0.038594718752632415, "error_max": 0.2278276319492715, "target": "1077.xyz", "model": "17.xyz", "model_rescale": 3.901054581598922, "target_rescale": 3.9011895310930553},
{"mapping": [7, 13, 9, 5, 10, 8, 1, 0, 12, 3, 11, 6, 4, 14], "R": [[-0.34387661265547254, -0.42261818567509546, -0.838536072214719], [0.8949323017289144, -0.41789943167269816, -0.15638491081246692], [-0.2843326407410613, -0.804210130590461, 0.5219205066529654]], "T": [0.045342268939375284, 0.03112499180912126, 0.06956132570915505], "aligned_model": [[0.1272904432262646, -0.2355337717389722, -0.5506052261128315, -0.08422604476649839, -0.4183760925631695, 0.48422213293683186, 0.57224048695536, 0.649208541440366, -0.3857321876992113, 0.1565950219409957, -0.6108405099683253, -0.050133796797906686, 0.2987736491907254, -0.003510152968331723], [0.6344387203205588, -0.4022236713311213, -0.24996250968675643, -0.5793554286072748, -0.07333785266410621, -0.37819866478282854, 0.45526341280418436, 0.22496515646365584, 0.3301334077701268, 0.05741253452956295, 0.47592178947941505, 0.7192677060185306, 0.03321293099367489, 0.04081369078533921], [-0.19306781493962602, -0.44114385756980723, 0.06446024953851656, 0.09429501462238997, 0.7377727768672583, 0.35285774515642265, 0.23740177710044078, -0.3467030542249767, -0.4565031989410522, -0.6856457184582416, 0.16072578355263217, 0.354288688324654, 0.818789025359712, 0.046683772752881283]], "inverted": false, "swapped": false, "error_lsq": 0.04098268751635749, "error_max": 0.2567312748895503, "target": "1077.xyz", "model": "18.xyz", "model_rescale": 3.9405287249114394, "target_rescale": 3.9011895310930553},
{"mapping": [11, 7, 6, 0, 1, 12, 14, 13, 5, 9, 2, 10, 3, 15], "R": [[0.2881713552809033, -0.17665666382906836, -0.9411427591605599], [-0.955125148127258, -0.12334040445694572, -0.2693011252172579], [-0.06850709022029428, 0.9765139874846551, -0.2042723937206589]], "T": [0.07099828264891679, -0.051634630042503626, 0.03332681659054511], "aligned_model": [[0.18933136119328514, 0.14620393801887877, -0.6669119649848085, -0.2910600486603622, -0.2631191579357516, 0.44415884817576207, 0.6320112502524421, 0.6351079560370946, -0.5749448451255311, 0.024049554753379276, -0.5898948750765962, 0.01703251274406274, 0.19869357778584257, 0.04871438589759918], [0.5863969315273478, -0.37941737924943525, -0.13369622907174283, -0.6249028732037583, -0.19985292132288845, -0.25626321969456944, 0.428324980989912, 0.11986782682663841, 0.2864417803795717, 0.15690156958794862, 0.4641590526385641, 0.675383444879907, 0.1855376939095789, -0.020529436104112626], [-0.27992421830441866, -0.585161766702682, 0.11721850863522097, 0.14713166740236477, 0.5827959221884054, 0.37831579444648245, 0.2670834935742926, -0.2886934142175499, -0.36632860893994307, -0.7037744772281634, 0.26246082539532545, 0.327327584210657, 0.8413316403540095, 0.04442823832720303]], "inverted": true, "swapped": false, "error_lsq": 0.04127436741336764, "error_max": 0.23452017068626804, "target": "1077.xyz", "model": "19.xyz", "model_rescale": 4.410303926677745, "target_rescale": 3.9011895310930553},
{"mapping": [9, 1, 3, 0, 6, 2, 12, 7, 5, 8, 10, 11, 4, 13], "R": [[-0.9707657346809381, -0.21339862620628142, 0.10988591676211473], [-0.05816729554298522, -0.2350070181323286, -0.9702516514584071], [0.23287433112860173, -0.9482788238497278, 0.2157239396533987]], "T": [-0.011649382978302607, 0.030574697197548982, 0.08443483303015838], "aligned_model": [[0.0643294135022003, 0.17962333148036122, -0.6566150536512525, -0.18409966670350686, -0.25519785151651686, 0.4282109596731926, 0.5908856810614299, 0.5938670619332344, -0.570505182823872, 0.0742601753591678, -0.5777648223776533, -0.02049961748914992, 0.3068142818086185, -0.023936217180957196], [0.6944289334932401, -0.4518033274968351, -0.2834514078856951, -0.6541241489751554, 0.008444724361909413, -0.4159658232292197, 0.4854811961751176, -0.041314269886462786, 0.14993262291520731, 0.3912848159780217, 0.5995587527436214, 0.662505337764114, 0.06411154237216524, 0.07926227376293316], [-0.08103873653988859, -0.45764088231591143, 0.19106308764424368, 0.20529740877470798, 0.6104578657516572, 0.29828798435973686, 0.11063618946787093, -0.28303622204085016, -0.5258967190919055, -0.5890377643358508, -0.09136183023526291, 0.6208289636430072, 0.7109725966486489, 0.024679247411000402]], "inverted": true, "swapped": false, "error_lsq": 0.04539904866231893, "error_max": 0.2948466736645522, "target": "1077.xyz", "model": "20.xyz", "model_rescale": 4.121658175737393, "target_rescale": 3.9011895310930553},
{"mapping": [9, 7, 6, 0, 11, 1, 5, 8, 3, 4, 12, 10, 13], "R": [[-0.1926569044795745, 0.9786775468452282, -0.07122904223246632], [0.5736825189946542, 0.17122795409230845, 0.8009802464089304], [0.7960977858003982, 0.11345151844893342, -0.5944384479534739]], "T": [-0.032869761958544214, -0.12135517652894745, 0.014279346330893205], "aligned_model": [[0.23181043859067904, -0.1422183696183718, 0.21780773487902297, 0.586741912850578, 0.5678929066340395, -0.349222522881907, -0.45587161464448, 0.3344469443704118, -0.6414030314420168, -0.06908062552995475, 0.0443430865892582, 0.5993055012067489, -0.043469456339713275], [-0.6557843280452847, -0.011247573913726105, 0.4742672189835745, -0.09634091787596118, 0.34499565060697607, -0.6388608493264412, 0.3866434660585054, -0.6874353717485387, -0.14242078164049451, 0.2046849883265261, 0.7534660456993684, -0.255108397627279, -0.13603224533404215], [0.5835198972214889, 0.726540232233277, 0.4502085081469276, 0.2061218339535375, -0.3084423294813556, 0.2969928747717203, 0.035031865844510436, -0.019115835960666926, -0.27908938414735895, -0.6396762149551727, -0.13726512333172367, -0.5544172123717102, 0.00970062755831548]], "inverted": false, "swapped": true, "error_lsq": 0.053864131187539493, "error_max": 0.30900181326109855, "target": "1077.xyz", "model": "21.xyz", "model_rescale": 4.08911054899281, "target_rescale": 3.9011895310930553},
{"mapping": [7, 14, 2, 15, 1, 11, 5, 9, 13, 12, 0, 6, 8, 16], "R": [[-0.057630983617468434, 0.9972134289550927, 0.04737137151180862], [0.17517101704674615, 0.05681479183760507, -0.982897346733248], [-0.98284982805823, -0.0483472495606142, -0.1779571829003596]], "T": [-0.02889977426988269, 0.08922921321509562, 0.01456649541776401], "aligned_model": [[-0.09395172033538472, 0.031389871166254774, -0.561602342970765, -0.004959089655565803, -0.3331430146694542, 0.3455933552017738, 0.6536192966457272, 0.5866057925409568, -0.37867415435791774, 0.1462478252751007, -0.5912215424177464, 0.024191687792943242, 0.19300168839774776, -0.06772515953837346], [0.7513813329986304, -0.3052515130299253, -0.38612743551073864, -0.6344254136552858, -0.15185969890164475, -0.3219323997645523, 0.18199516900731344, -0.03892904367844956, 0.33381283301464415, 0.2463528142876411, 0.5512461514125148, 0.7342245770249074, 0.2130575698343367, 0.11480627905357008], [-0.2366684595321717, -0.4879996208509807, 0.12188778494075855, 0.0997594676834409, 0.7068890852496824, 0.5404885944485492, 0.16718120385249158, -0.3205095705394959, -0.48997954013104394, -0.6851513036939285, 0.2799228144776593, 0.38433183434402, 0.6596930698378677, 0.004365829054354715]], "inverted": false, "swapped": false, "error_lsq": 0.04198796290878061, "error_max": 0.21768727720652956, "target": "1077.xyz", "model": "22.xyz", "model_rescale": 4.204369325754507, "target_rescale": 3.9011895310930553},
{"mapping": [11, 7, 6, 0, 1, 12, 14, 13, 5, 9, 2, 10, 3, 15], "R": [[0.2881713552809033, -0.17665666382906836, -0.9411427591605599], [-0.955125148127258, -0.12334040445694572, -0.2693011252172579], [-0.06850709022029428, 0.9765139874846551, -0.2042723937206589]], "T": [0.07099828264891679, -0.051634630042503626, 0.03332681659054511], "aligned_model": [[0.18933136119328514, 0.14620393801887877, -0.6669119649848085, -0.2910600486603622, -0.2631191579357516, 0.44415884817576207, 0.6320112502524421, 0.6351079560370946, -0.5749448451255311, 0.024049554753379276, -0.5898948750765962, 0.01703251274406274, 0.19869357778584257, 0.04871438589759918], [0.5863969315273478, -0.37941737924943525, -0.13369622907174283, -0.6249028732037583, -0.19985292132288845, -0.25626321969456944, 0.428324980989912, 0.11986782682663841, 0.2864417803795717, 0.15690156958794862, 0.4641590526385641, 0.675383444879907, 0.1855376939095789, -0.020529436104112626], [-0.27992421830441866, -0.585161766702682, 0.11721850863522097, 0.14713166740236477, 0.5827959221884054, 0.37831579444648245, 0.2670834935742926, -0.2886934142175499, -0.36632860893994307, -0.7037744772281634, 0.26246082539532545, 0.327327584210657, 0.8413316403540095, 0.04442823832720303]], "inverted": true, "swapped": false, "error_lsq": 0.04127436741336764, "error_max": 0.23452017068626804, "target": "1077.xyz", "model": "23.xyz", "model_rescale": 4.410303926677745, "target_rescale": 3.9011895310930553},
{"mapping": [15, 10, 11, 1, 7, 0, 5, 4, 9, 8, 14, 13, 12, 16], "R": [[-0.8711212454432796, -0.40657275636733825, -0.2754021959193763], [-0.44598727645137093, 0.4202957853337836, 0.7902194644996708], [-0.2055313236001704, 0.8112028393752843, -0.5474548642661228]], "T": [-0.010395176026762773, 0.09818894243194018, 0.07180923020167337], "aligned_model": [[0.009002954759243056, -0.12283317391254042, -0.6141143302690376, -0.18454817934134754, -0.23060383496449569, 0.46270271223951753, 0.5340903005055024, 0.5290300855756505, -0.3291506167885548, 0.19110520007410506, -0.49311417884754477, -0.2587164816596439, 0.4124312359726665, 0.044090799731776424], [0.73352515963618, -0.259981149398381, -0.08067498630056325, -0.7336221056721097, -0.21710163375284883, -0.26276740071008264, 0.4122101442436432, -0.023455794745871977, 0.27884255988363615, 0.1587020865922175, 0.572629601226543, 0.428863024323515, 0.28988391092647126, -0.008702194159386847], [-0.2526684954827949, -0.4600326901330366, 0.006599074473221056, 0.19053774934888282, 0.6140553881227847, 0.5368626868598213, 0.09479366158681277, -0.33819969415639406, -0.43630416571970565, -0.722824285999034, 0.07800726318711351, 0.6402965251899451, 0.7280460008517698, 0.065042171011818]], "inverted": false, "swapped": false, "error_lsq": 0.04240565194485677, "error_max": 0.2799723613344061, "target": "1077.xyz", "model": "24.xyz", "model_rescale": 4.28219845311461, "target_rescale": 3.9011895310930553},
{"mapping": [1, 14, 11, 12, 9, 13, 4, 0, 8, 6, 5, 3, 7, 15], "R": [[-0.5678757306481087, -0.4703514320858504, 0.675489959122759], [0.40065445994787363, 0.5589188578758998, 0.7260066900756339], [-0.7190223628405132, 0.6829196443546557, -0.12894805578121765]], "T": [0.020992947938783726, 0.03401374152289911, 0.056627773876512785], "aligned_model": [[-0.04239976232244849, -0.04354266218679767, -0.4535834554221132, -0.24009873209774205, -0.33570636103027107, 0.3186207900512893, 0.6432831938647888, 0.5687092653131954, -0.3568114984171708, 0.12988751789016673, -0.7046245799053177, 0.06942544059382647, 0.32139380195086753, 0.07481953479302346], [0.6634987858599254, -0.5819414144327265, -0.23151973152916588, -0.649522466401906, 0.028777715995201833, -0.4053948741535806, 0.37237430380474407, 0.4054654910415681, 0.3615761731014924, 0.08980242068243709, 0.4797727959103484, 0.6685724508577873, 0.020537672930843118, 0.06635189842599291], [-0.04138927611183764, -0.3867445592387018, 0.02930958743344715, 0.27805335348398735, 0.6307461161166311, 0.3235625842811091, 0.23805421280804745, -0.4204305092474037, -0.42494538843718394, -0.8362477666518182, 0.06429260467460171, 0.49825531255847105, 0.7743489789654651, 0.017345938506389103]], "inverted": true, "swapped": false, "error_lsq": 0.05026955005602294, "error_max": 0.43114894685053545, "target": "1077.xyz", "model": "25.xyz", "model_rescale": 4.100010024507729, "target_rescale": 3.9011895310930553},
{"mapping": [10, 11, 12, 6, 2, 3, 4, 7, 0, 1, 8, 13], "R": [[-0.990064421470406, 0.12220336778209062, -0.06956132719539918], [0.09377341720188773, 0.942435640015258, 0.32096979710762746], [0.10478066407859321, 0.31125777312662556, -0.944531424095304]], "T": [0.04158321881479144, 0.18932596501719678, -0.0920548981817847], "aligned_model": [[-0.6552015534166213, -0.10327623809013814, 0.43348081523830767, 0.6410969950139683, -0.5110730088250935, 0.005721373121718082, -0.2298031504415896, 0.6644991691642657, 0.0019161496803992636, 0.03660978177801808, -0.43992692677557693, 0.03272219591534916], [-0.309960173734513, -0.5634079662889937, -0.29326939422322074, -0.30889096960376194, 0.4207394054438069, 0.7329371662125174, 0.06123601659145836, 0.24027730386264765, -0.3668510593874119, 0.7151668321954654, 0.13259643265335105, 0.20555779632929413], [-0.013597290333363612, 0.216093644552794, 0.5465041940597376, -0.09366666204546842, 0.08150842702848543, 0.30797322803917027, 0.5751884574019753, -0.46725624627015455, -0.4243823299470404, -0.5059205493466655, -0.5626006751470137, -0.09465190813810019]], "inverted": true, "swapped": true, "error_lsq": 0.04522792175836148, "error_max": 0.26694664362342685, "target": "1077.xyz", "model": "26.xyz", "model_rescale": 3.6694154284099745, "target_rescale": 3.9011895310930553},
{"mapping": [2, 9, 8, 7, 5, 3, 6, 12, 10, 11, 4, 0, 1, 13], "R": [[0.6423806529632264, -0.760976880448633, -0.09089160643979219], [-0.7456974384935178, -0.6479988113055076, 0.15502538750429057], [-0.17686838870398888, -0.031807671548169415, -0.98372041002916]], "T": [-0.06686339104581676, 0.058632498177018426, 0.052283196831508595], "aligned_model": [[0.13128011788467447, -0.029786939136324804, -0.6447547408077194, -0.021577351094996006, -0.33440866146962844, 0.5109580756326053, 0.5673152496084128, 0.5982934245556045, -0.4211458867291459, 0.18912694765919566, -0.7209899450021756, -0.16072510508046167, 0.33726124213145947, -0.05147393507620344], [0.6825475983638477, -0.4312139188897026, -0.2102033805896218, -0.4910896237918744, 0.004385191711806839, -0.5049520558532297, 0.25506944509693574, 0.07203631728962163, 0.17871983111070552, 0.3169285006043864, 0.5552865240726693, 0.5699733596930171, 0.17891887088439934, 0.11194456239000065], [-0.13101640445243826, -0.4205162954176391, 0.0061740807243449575, 0.3554057593735173, 0.7948835319622363, 0.08869780156183851, 0.22669767279932107, -0.3802899896348084, -0.41883639054934135, -0.7248445860104935, 0.02091760964192741, 0.46051578386455805, 0.8280802856994562, 0.038342329578724715]], "inverted": false, "swapped": false, "error_lsq": 0.045757317492296355, "error_max": 0.4002093303689764, "target": "1077.xyz", "model": "27.xyz", "model_rescale": 4.103607728864725, "target_rescale": 3.9011895310930553},
