[{"mapping": [0, 2, 1, 6, 9, 5, 7, 4, 8, 3, 10, 11], "R": [[-0.14777798142369902, 0.3170217101386803, -0.936834512337736], [0.9875742859892354, -0.003908186135464176, -0.15710428299057522], [-0.05346679211612598, -0.9484102284253778, -0.31250494517516647]], "T": [0.00910534555566745, -0.031191605834701985, 0.0051527248655582475], "aligned_model": [[-0.37153952651577826, -0.37049918629533074, 0.22633532169921985, 0.6569428684425004, 0.34134385924407024, 0.09488268651764883, 0.791023992322374, -0.7802062898569019, 0.036174028057841374, -0.2614726152004107, 0.20731946095295087, -0.014531046192676974], [0.13717411094437654, -0.5693163655911164, -0.24561293073751422, -0.35419464594793987, -0.09935232597994766, 0.573140167015908, 0.3687238161203938, -0.023312667690762887, -0.6393064949628497, 0.08754122927776876, 0.5730391620182558, 0.00240432013377892], [-0.4526178080225704, -0.4586062512434856, -0.6341556454930264, -0.028463751339050367, 0.5094622634223533, -0.5570853818389228, -0.34878822358066597, 0.17624781912484938, 0.1856161802781906, 0.6270229651940069, 0.24468913045344004, -0.05092659959133485]], "inverted": true, "swapped": false, "error_lsq": 0.05257183559967452, "error_max": 0.297684293620585, "target": "1078.xyz", "model": "0.xyz", "model_rescale": 3.751011558992144, "target_rescale": 3.97645189731102},
{"mapping": [1, 7, 6, 11, 9, 4, 10, 0, 12, 13, 8, 14], "R": [[-0.013997654126616937, 0.06881926631395596, -0.9975309390003702], [0.9144585676922323, 0.40439893973790075, 0.015067365832570956], [0.4044373791493837, -0.9119898059314426, -0.06859300419071218]], "T": [-0.008974804480962294, 0.06530214477067713, 0.032043965051549064], "aligned_model": [[-0.3895684905624421, -0.2949632819020515, 0.1524951326893011, 0.5250956141555772, 0.5043770865202684, 0.21350602400973145, 0.7618529972007533, -0.759769725858978, 0.005934375818494368, -0.023260143089710195, -0.15643161273726872, 0.016505576931831342], [0.15017634964692755, -0.43587975698366294, -0.26309751953073135, -0.49663685173920474, -0.05255558202319262, 0.6227407095379752, 0.2877635768514341, 0.00027156286703018673, -0.6465722774978905, -0.08905251145877076, 0.7122737166572461, 0.02149595827319052], [-0.5455634837381739, -0.29461230066750044, -0.6235526068942582, -0.15696487353949173, 0.4279846343124067, -0.48306621478775236, -0.1376297203565694, -0.055033747078120185, 0.2441468347629283, 0.7416021145373407, 0.04216952722644103, 0.05291453358653324]], "inverted": true, "swapped": false, "error_lsq": 0.04133986973204687, "error_max": 0.23443528291093532, "target": "1078.xyz", "model": "1.xyz", "model_rescale": 3.9405287249114394, "target_rescale": 3.97645189731102},
{"mapping": [4, 1, 2, 5, 11, 8, 9, 7, 0, 6, 3, 12], "R": [[-0.9047081291131658, -0.4122766969416656, 0.10738308188642039], [0.42588265972655415, -0.8685196297560629, 0.25356973966273616], [-0.011276580190452093, 0.2751391972934096, 0.961338265571462]], "T": [0.019671339977163554, 0.022055962006148528, -0.04854144142949994], "aligned_model": [[-0.3959347530671138, -0.48112431529797817, 0.2507792785732079, 0.6132135301825526, 0.5433206627532919, 0.252893271872612, 0.7198929628283532, -0.7071864604223006, 0.05354250191048826, -0.10881470493474019, -0.21641989448593255, 0.031611473263066], [0.3118985416841031, -0.48969290400832827, -0.4376254552165239, -0.3968033465473187, 0.023661384492430427, 0.6045212612542745, 0.3945124321648914, 0.16472242859937286, -0.7548180677469809, -0.10937311552256464, 0.5132134909755257, -0.013289275528530455], [-0.5332667000171976, -0.38698367010184603, -0.4951416461984332, -0.06700298148037087, 0.43457665843007387, -0.5035485575985862, -0.1946474434232408, 0.23471439781198566, 0.26490628078315087, 0.4629010550764821, 0.12415739850660991, -0.12827009442484388]], "inverted": false, "swapped": false, "error_lsq": 0.054971277893197106, "error_max": 0.32150038917923357, "target": "1078.xyz", "model": "2.xyz", "model_rescale": 3.932901565614263, "target_rescale": 3.97645189731102},
{"mapping": [11, 1, 3, 0, 4, 8, 7, 10, 2, 6, 9, 13], "R": [[0.955687907729334, 0.06650105229082133, 0.28677209254762154], [0.28648995190616955, 0.013946313524629397, -0.9579817366713592], [-0.06770620707681704, 0.9976888845643648, -0.00572356007961675]], "T": [0.04740237924887302, 0.0366439440618717, -0.08786247540679559], "aligned_model": [[-0.5684409726984969, -0.27054493646759925, 0.23360622599976288, 0.4204200048660599, 0.6294504387910901, 0.13599262618928856, 0.6680842322242865, -0.6586628448401008, 0.11091285412176777, -0.23939479746958137, 0.1106436688654385, -0.016292946406408583], [0.2627219191314759, -0.6218907445623052, -0.0600681702995767, -0.512874438342348, -0.2808015597729219, 0.5380877363825829, 0.3803953266111057, 0.02496302817977271, -0.6468070634089955, -0.10813647425789157, 0.7543571559826144, 0.08098065895683794], [-0.693943669157339, -0.20622712054841658, -0.5533303824338303, -0.1763934164487437, 0.4810617840654027, -0.6165330881913238, -0.00829130141998198, 0.032474118518638295, 0.3844308583877601, 0.5150291156601527, 0.05594720476422013, -0.0018294058327545937]], "inverted": true, "swapped": false, "error_lsq": 0.04674139670581042, "error_max": 0.261395239648499, "target": "1078.xyz", "model": "3.xyz", "model_rescale": 3.9243930471874484, "target_rescale": 3.97645189731102},
{"mapping": [7, 8, 9, 11, 6, 1, 5, 4, 10, 3, 0, 12], "R": [[-0.9095658098876891, -0.33093641815036046, 0.25133866520128295], [-0.056326298716853324, -0.5010578129533818, -0.863578841884882], [0.4117248906201963, -0.7996387654561177, 0.4371046318944741]], "T": [0.020759661714998948, -0.08140660067185654, -0.06923115149124509], "aligned_model": [[-0.5949378385304219, -0.3368278865029675, 0.2650834289972189, 0.6633860459124225, 0.5020281690589109, 0.09165158160065008, 0.5892125316634929, -0.5567412828159656, -0.08874888990191872, -0.1266986267527373, 0.06230298099128802, 0.08606333945553483], [0.28928378182002346, -0.45579367877809285, -0.3577178566295498, -0.5394048263631879, -0.07629596965532368, 0.4479499460933354, 0.4140092524652298, -0.08239793447956296, -0.7047715151593575, 0.1139774508706041, 0.7440894971131262, 0.017999227303106574], [-0.42479266154504763, -0.427423599796295, -0.6706007369783902, -0.1275667065537966, 0.46916556100455625, -0.5434845458641714, 0.0018150791100809, 0.06809672536994432, 0.2414966715752901, 0.5576934818816135, 0.1311502311915445, -0.06315480203154464]], "inverted": false, "swapped": false, "error_lsq": 0.04703099614423775, "error_max": 0.24799455196124295, "target": "1078.xyz", "model": "4.xyz", "model_rescale": 3.8936222436046832, "target_rescale": 3.97645189731102},
{"mapping": [2, 10, 3, 8, 6, 0, 9, 4, 7, 5, 1, 11], "R": [[-0.6720544392967369, 0.6100532281327553, -0.419735499411657], [0.46538869679841416, 0.7888580706928507, 0.401392956085464], [0.5759828048768666, 0.0744177609684537, -0.814067445202558]], "T": [0.09726160636646809, -0.0879691704179008, -0.08853591742248992], "aligned_model": [[-0.45472044296552794, -0.28066925837090195, 0.20331695027119934, 0.5635564247549049, 0.424795544414737, 0.24717297958927392, 0.6755788769073791, -0.67448730010974, 0.09567877874497761, -0.24342644661028157, 0.0037597115283997395, -0.004782264978913403], [0.19912176924832647, -0.5311752482340851, -0.06738300590053213, -0.5778496107017431, 0.012493147003486707, 0.6046804618459735, 0.1268342331213294, -0.06729069307434048, -0.59935726263773, 0.05943934839657687, 0.6785328243671463, -0.02711858883405724], [-0.5009108372478049, -0.33390101997524224, -0.6529918556328179, -0.38593988999553297, 0.6306563171800763, -0.6181408419466049, -0.1265434988152983, 0.09747651451252817, 0.3092419617771198, 0.6321396241263382, 0.1278915642273294, 0.033416659153693615]], "inverted": true, "swapped": false, "error_lsq": 0.04389329413220186, "error_max": 0.2771416904005304, "target": "1078.xyz", "model": "5.xyz", "model_rescale": 3.6523030999806103, "target_rescale": 3.97645189731102},
{"mapping": [3, 4, 7, 9, 8, 0, 5, 2, 10, 6, 1, 12], "R": [[-0.587178837124241, -0.647658822850556, -0.48555026765233783], [-0.248250806592882, -0.42685491979611734, 0.8695782969185892], [-0.7704495767144066, 0.6311362187592175, 0.08985835025699829]], "T": [0.07622748228894355, -0.09411640378775651, -0.03780777763394834], "aligned_model": [[-0.19879159987363032, -0.4006990655517726, 0.3637030740240573, 0.5334249868517151, 0.6026403803226303, 0.025522678072090965, 0.561121916238007, -0.6541898091628968, -0.16851354386511114, -0.02891719317924621, -0.18263295835053073, 0.10310468765019408], [0.16878672267186698, -0.35718215274596976, -0.14568423852568518, -0.6523800870950462, -0.017234600249054516, 0.7417802709746493, 0.36961981606193406, 0.05113599916867448, -0.7424867591627762, -0.09473036062759402, 0.5256633625510353, -0.03636059842168327], [-0.6190883927349429, -0.217999568836292, -0.6554780798779302, 0.006632934583505196, 0.3753287031262272, -0.5724754337056249, -0.1549813083970068, 0.1091750580736889, 0.3205087780189052, 0.6037284117971683, 0.13893831002406043, -0.12189471470797437]], "inverted": false, "swapped": false, "error_lsq": 0.05643163596665557, "error_max": 0.2683903832960679, "target": "1078.xyz", "model": "6.xyz", "model_rescale": 4.08911054899281, "target_rescale": 3.97645189731102},
{"mapping": [8, 5, 11, 13, 2, 9, 1, 4, 7, 6, 3, 14], "R": [[0.7431834851025503, -0.5474885236540922, 0.3846227033573165], [-0.51745826948682, -0.8347263597936408, -0.18833173817857396], [0.4241641743600386, -0.05906116094964595, -0.9036573091923438]], "T": [0.02836978982787637, -0.08205889150498574, -0.140262665814321], "aligned_model": [[-0.39115012413184125, -0.5257882851428178, 0.287233843066471, 0.5982032176550057, 0.5416214021742013, 0.2161175571188645, 0.6896571873179493, -0.6546154431508284, 0.028353259339907275, -0.04676429237953726, -0.28999973778669424, 0.10290496909482695], [0.31842804369834254, -0.6025807251490727, -0.10991043882619489, -0.5408181536380435, -0.13410990222340557, 0.6155063100377676, 0.23350329489257388, 0.02234021409750951, -0.6276416869927435, 0.03271969918536671, 0.5649254080692607, 0.03856531144899024], [-0.4990972095913384, -0.09059297457408907, -0.6663280193682851, -0.16717597645310456, 0.4794171047110233, -0.4447472686789933, -0.10762000519675752, -0.0006865647630373006, 0.4089443785068142, 0.3396578601724945, 0.18608622150823484, -0.2254628489091775]], "inverted": false, "swapped": false, "error_lsq": 0.05090424921941047, "error_max": 0.30460746688612184, "target": "1078.xyz", "model": "7.xyz", "model_rescale": 3.964800864290218, "target_rescale": 3.97645189731102},
{"mapping": [1, 2, 3, 6, 11, 5, 10, 7, 4, 12, 8, 13], "R": [[-0.8236866324766846, 0.33801633372953843, 0.45528594269015277], [0.04605721444049704, -0.7603758647355569, 0.6478481900303781], [0.5651717123823536, 0.5545930962964614, 0.6107433446736057]], "T": [0.03867225492537249, -0.07426290232446449, -0.12297096394329174], "aligned_model": [[-0.5628279381895677, -0.42608994908611164, 0.43567592573102887, 0.43540236427866963, 0.5667635452230051, 0.276914499201254, 0.6753071868687059, -0.6183238128749541, 0.06640737537098243, -0.2036583306458936, -0.13631806357362272, 0.046520750872010824], [0.14376577335768764, -0.5457493040891805, -0.18757668480404555, -0.496755272324971, -0.2540889491909968, 0.6171557035572856, 0.44329891777371416, 0.09917882238091873, -0.6652394382147676, -0.004948722609502479, 0.6597174873356404, 0.002169041428568233], [-0.5151200496688251, -0.1404465019161423, -0.7192182010600866, -0.14769424856355812, 0.49014852398203723, -0.5282507036926523, -0.07870202660117961, 0.08946090745985688, 0.25791076590838713, 0.5891711349918147, 0.02436795635036873, -0.10923285982623702]], "inverted": false, "swapped": false, "error_lsq": 0.04090418250420694, "error_max": 0.1902602323425283, "target": "1078.xyz", "model": "8.xyz", "model_rescale": 4.121658175737393, "target_rescale": 3.97645189731102},
{"mapping": [4, 0, 5, 10, 11, 9, 7, 1, 3, 2, 6, 12], "R": [[0.3420564316548616, 0.38952331591080513, 0.8551426687549829], [0.36946771832323155, -0.892492195113561, 0.2587494672040947], [0.8639971080278964, 0.22744069122131316, -0.44919898630362354]], "T": [0.12012091553681883, 0.030544052130042746, 0.003925493458610249], "aligned_model": [[-0.46545946761754253, -0.39647364358492254, 0.26695601989594864, 0.4323781003193553, 0.6383276019106665, 0.15352525165079492, 0.7098953105467407, -0.566873195700504, 0.1505277720224262, -0.2880852242523867, -0.1116657534449472, 0.0327207814298775], [0.18137666182737655, -0.49175311679921996, -0.17204534759195483, -0.6408013089819727, -0.14087790553754903, 0.6839839534676679, 0.3396785259228021, 0.08256868502516498, -0.6085555039411179, -0.13540028571424997, 0.673069872777182, 0.039683144146221976], [-0.6460537803920319, -0.27742832637785325, -0.5609770587784112, -0.16421637301261566, 0.3281297765585582, -0.5109436770144395, -0.10476190423201275, 0.020181089753411027, 0.4657817178167226, 0.5407463900663156, 0.12061979485345427, 0.0013170481226863415]], "inverted": false, "swapped": false, "error_lsq": 0.04187316661883328, "error_max": 0.21647080473715577, "target": "1078.xyz", "model": "9.xyz", "model_rescale": 3.833441315466971, "target_rescale": 3.97645189731102},
{"mapping": [7, 4, 12, 1, 13, 11, 10, 3, 5, 2, 8, 14], "R": [[0.576620883557946, -0.8009477473078399, 0.1612174392779842], [0.5449003174725155, 0.5240408782872493, 0.6545722281782815], [-0.6087626800841239, -0.2895925827199745, 0.7386095960454138]], "T": [0.08597153294431546, -0.05181678856763146, -0.15171614942421585], "aligned_model": [[-0.397894904147373, -0.4392498735612249, 0.39807788507359043, 0.5179046485709875, 0.3796764251223834, 0.11283895044193501, 0.7102769260422956, -0.7568863872738205, 0.09641835267002276, -0.19866155557463117, 0.12672597783574263, 0.006547107975599209], [0.31375093916348173, -0.6515438143461169, -0.1106057096982578, -0.6325359334548699, -0.12358070073566947, 0.49187518873155806, 0.48138493204457794, -0.07511615671344424, -0.5461075582016395, -0.004317010582550421, 0.6838073273370944, -0.016084128943813072], [-0.4276644856749022, -0.17127500392729678, -0.6637254706515024, -0.29939143950449865, 0.5860330753369236, -0.5628295847934297, -0.11057195414923443, 0.05653733918328971, 0.30980600657617513, 0.5065983885735167, 0.10275506249910182, -0.11387723610435917]], "inverted": false, "swapped": false, "error_lsq": 0.03890164276407631, "error_max": 0.17388565791301924, "target": "1078.xyz", "model": "10.xyz", "model_rescale": 4.2482417240324, "target_rescale": 3.97645189731102},
{"mapping": [8, 9, 7, 5, 6, 3, 2, 10, 4, 0, 1, 11], "R": [[-0.4581369210405726, -0.18133564369940347, -0.8701884542463131], [-0.23343184315843662, 0.9691536832208085, -0.07906145014604755], [0.857683004483078, 0.16690872542699475, -0.4863345979849848]], "T": [0.07248358878816781, 0.04330453545472043, -0.04755468140520475], "aligned_model": [[-0.37697517629194033, -0.34434585325765105, 0.16734098461935204, 0.4867033854690833, 0.49850125882944557, 0.15622878510859567, 0.7166622382041272, -0.5417991421050956, 0.07660519830717737, -0.3150611156656223, -0.010727761793553031, 0.04264075175158795], [0.34076003287420953, -0.5735093330401849, -0.16168790520889548, -0.5773277201718555, -0.11352380550987629, 0.5561867680105514, 0.4003694533041481, -0.1389167187315408, -0.7172002626415183, 0.1778278150139867, 0.6967027673002651, -0.07875371659893851], [-0.3414336947804417, -0.40125620814070956, -0.6859404741843455, -0.1337157725950191, 0.4154744261311029, -0.6704593162198328, -0.12032691829874603, 0.01918738616535414, 0.3854061073965271, 0.5892750173685697, 0.20797061189016258, -0.05178646736883806]], "inverted": true, "swapped": false, "error_lsq": 0.039716960238250984, "error_max": 0.2172060051093415, "target": "1078.xyz", "model": "11.xyz", "model_rescale": 3.6694154284099745, "target_rescale": 3.97645189731102},
{"mapping": [4, 6, 11, 9, 10, 3, 8, 0, 7, 12, 1, 13], "R": [[0.10091778711975827, 0.7372601372230135, 0.6680292585693794], [0.21085700141513342, 0.6403538983761647, -0.7385703824204346], [-0.9722936414463841, 0.21539353494557792, -0.09083336340012121]], "T": [-3.968644419023726e-05, -0.08428188164666245, 0.013942620354130936], "aligned_model": [[-0.27941021446552694, -0.34426929625240993, 0.21930415234671669, 0.685148963477612, 0.44742996060743817, 0.17409925301581225, 0.6344320287882199, -0.6909335838779891, 0.16826528983879252, -0.12716255437146112, -0.23018571149248912, -0.10094473443920858], [0.2788314669602328, -0.434831263638387, -0.3285951936161312, -0.47484047870240426, -0.17936829410493327, 0.6471957870969856, 0.18793412107553925, 0.09828956966806479, -0.7563711533589261, 0.06597940285538184, 0.7231630880134632, -0.016459677648534815], [-0.5672453474212343, -0.2661929539133492, -0.6472895135338493, -0.13661223069450734, 0.4546900269735564, -0.40541993221395967, -0.29580234206346756, 0.005507451178101273, 0.28252177866171035, 0.6643500488912212, 0.1213619958251724, 0.002525715674389556]], "inverted": false, "swapped": false, "error_lsq": 0.044327033755652244, "error_max": 0.20857152953438887, "target": "1078.xyz", "model": "12.xyz", "model_rescale": 3.9764082729961374, "target_rescale": 3.97645189731102},
{"mapping": [8, 14, 7, 4, 5, 2, 0, 11, 6, 12, 1, 15], "R": [[-0.2806210397658103, -0.17298293747653223, 0.9441020788997055], [0.4904857158199023, 0.819649590233269, 0.29597011978757626], [-0.825030662834657, 0.546124026730581, -0.14516526034207394]], "T": [-0.0020997679076601924, -0.009709331844923823, 0.025318377216197105], "aligned_model": [[-0.39796447846627303, -0.48530480724090913, 0.3663647170311682, 0.543066578011179, 0.6636992624815881, 0.18627770883902667, 0.6558883538131774, -0.767500462124044, 0.03953659452241668, -0.17142980391908919, -0.0921401824697754, 0.015280072697041625], [0.3090142771703155, -0.6361743459191426, -0.013762775750706818, -0.42493054009335446, -0.21939957600136695, 0.6029685740814539, 0.21891319614189628, -0.0916823084278368, -0.7292044407111159, 0.26662052987396756, 0.6152483820805221, -0.08668359784428055], [-0.4659648696375862, -0.08809465412946194, -0.6344173212678675, -0.18973679076969868, 0.4896087588450505, -0.4494439040892362, -0.17935527734994627, -0.1695839243418537, 0.2787981739268013, 0.5750298300485486, 0.09345909787248681, -0.047904421743453024]], "inverted": true, "swapped": false, "error_lsq": 0.046583830720755864, "error_max": 0.2565468116138611, "target": "1078.xyz", "model": "13.xyz", "model_rescale": 4.170626492500431, "target_rescale": 3.97645189731102},
{"mapping": [6, 3, 11, 9, 7, 5, 12, 2, 1, 0, 4, 13], "R": [[-0.5155165882719159, -0.03213283007790049, -0.8562768994009291], [-0.34147260211408254, -0.9088162949344708, 0.23968605313413296], [-0.7859001903689307, 0.4159572373366831, 0.45753739463055143]], "T": [0.06228421393077899, 0.013106920447650983, 0.03147273238860315], "aligned_model": [[-0.37636046808798485, -0.3380932195005597, 0.2440636457767099, 0.5021299511860138, 0.49200055909252016, 0.17557715883874037, 0.5337792280994289, -0.5690982181449002, 0.060180160607224475, -0.15451927361367362, -0.08153202222722011, 0.06764605114920819], [0.20247339027579903, -0.44652750138819125, -0.17616093307111969, -0.6284000438108378, -0.19703981801123194, 0.5093702408387234, 0.5307753010885832, 0.13239050222475682, -0.6918034696866158, -0.1373694912818837, 0.6884286986407413, 0.02479049878162773], [-0.6607847703309917, -0.290874461631212, -0.6248759317475504, -0.19504653983814457, 0.6861573999230866, -0.7222561670339521, -0.18164230810566215, 0.1731054221920849, 0.337922377086902, 0.5664601189964075, 0.1937087231813051, -0.06947916532848933]], "inverted": true, "swapped": false, "error_lsq": 0.04532521684457453, "error_max": 0.2700709109720645, "target": "1078.xyz", "model": "14.xyz", "model_rescale": 3.9786697098870705, "target_rescale": 3.97645189731102},
{"mapping": [9, 1, 0, 4, 5, 3, 2, 6, 10, 7, 8, 11], "R": [[-0.5574576507623661, -0.503737693172388, 0.6599161341290766], [-0.8244490004580087, 0.42934206744777004, -0.3687129435800499], [-0.09759514972730243, -0.7496090485026418, -0.6546460579218895]], "T": [0.0045448453737599315, -0.03799155905332796, -0.05193140859888763], "aligned_model": [[-0.36408249251465, -0.26631277883852816, 0.1658013656747935, 0.498817394255525, 0.5417864725156913, 0.1499608459294166, 0.7858133452861735, -0.7819044425417603, -0.016015515928664816, -0.27948140853101583, 0.2127121387056791, -0.09132137083715304], [0.383777250375939, -0.6192694607065493, -0.09364585657435176, -0.39748738036070336, 0.1258223570573795, 0.7145180630116529, 0.24333484116864923, -0.1303470650386212, -0.7540175475807412, -0.0387283377658747, 0.4053126101458273, -0.028342099132255234], [-0.32329689130283684, -0.274247039961248, -0.7262492267726233, -0.014889108783589691, 0.5218246568891486, -0.5596052091683819, -0.3055500274930536, -0.06992220778313031, 0.3713947585504411, 0.5448973353810292, 0.1280016833533824, -0.07996402554535391]], "inverted": true, "swapped": false, "error_lsq": 0.06005482706621695, "error_max": 0.396410079047638, "target": "1078.xyz", "model": "15.xyz", "model_rescale": 3.769337070930944, "target_rescale": 3.97645189731102},
{"mapping": [6, 4, 2, 3, 5, 10, 0, 9, 1, 8, 11], "R": [[-0.7899702002884924, 0.5969408828309806, -0.14003094322730605], [-0.12747490982093662, -0.38328798090537824, -0.914789850763345], [-0.5997476386133618, -0.7048062897693581, 0.3788810682513029]], "T": [0.07940226408562079, -0.0013070151147015763, 0.0602342983639291], "aligned_model": [[-0.1873211273541534, -0.46627371975289267, -0.18790135102230643, -0.6706966203967025, 0.3593463312115496, 0.5126288507201155, 0.6268985771422905, 0.14182779819661284, 0.12768851919105711, -0.44906032053112965, 0.11548919328672996], [-0.02190897415030668, -0.4804214819913363, 0.5661200344500517, 0.30717356589492206, 0.25275057817637303, -0.4006401936839027, 0.3954120625034714, -0.5270487599370179, 0.5132673718226501, -0.02363098057411797, 0.014991275114555336], [-0.6983638221213757, 0.027626274273952978, -0.23819081739411377, 0.08134817777025298, -0.6632500372659074, -0.37434453071223683, -0.05636986455682913, 0.38358550192927576, 0.5922679035695512, 0.6434580192025162, 0.04645080252869085]], "inverted": false, "swapped": true, "error_lsq": 0.04194857138671749, "error_max": 0.27361626595412614, "target": "1078.xyz", "model": "16.xyz", "model_rescale": 3.7852294659196426, "target_rescale": 3.97645189731102},
{"mapping": [5, 1, 7, 2, 8, 6, 11, 4, 3, 0, 10, 12], "R": [[-0.8888953582263456, -0.12388370237754723, -0.44104180120356895], [0.04437641464941808, -0.9814989728346785, 0.18625385941594405], [-0.4559558925450137, 0.14598833723863916, 0.8779473956016827]], "T": [0.07023475808483927, -0.04288358210565427, 0.008951585277160903], "aligned_model": [[-0.39213445771291067, -0.24428336474728252, 0.28922375816348606, 0.4241880967390992, 0.5407941992425274, 0.09026654327237395, 0.7442872353078325, -0.6247619070301336, -0.060485061598555004, -0.2411473954680426, -0.07434519592722068, 0.10417110293433286], [0.04104020565646126, -0.5531987247398531, -0.003394646327347317, -0.4837650538123164, -0.10701422479285111, 0.6139529515227884, 0.20393029234162866, 0.08015468701153548, -0.7383805070555078, -0.02949314126166909, 0.7483855494903077, 0.03870998656717485], [-0.4508097840119695, -0.33003360592662195, -0.6558126187621907, -0.22434561357344562, 0.4546723322234534, -0.5873350333678973, -0.14160818279897813, 0.06918367723241893, 0.3718451334283986, 0.6160833718618322, 0.056331681946363496, 0.034223339112420814]], "inverted": true, "swapped": false, "error_lsq": 0.04403963067466753, "error_max": 0.2194164748290556, "target": "1078.xyz", "model": "17.xyz", "model_rescale": 3.901054581598922, "target_rescale": 3.97645189731102},
{"mapping": [1, 7, 6, 11, 9, 4, 10, 0, 12, 13, 8, 14], "R": [[-0.013997654126616937, 0.06881926631395596, -0.9975309390003702], [0.9144585676922323, 0.40439893973790075, 0.015067365832570956], [0.4044373791493837, -0.9119898059314426, -0.06859300419071218]], "T": [-0.008974804480962294, 0.06530214477067713, 0.032043965051549064], "aligned_model": [[-0.3895684905624421, -0.2949632819020515, 0.1524951326893011, 0.5250956141555772, 0.5043770865202684, 0.21350602400973145, 0.7618529972007533, -0.759769725858978, 0.005934375818494368, -0.023260143089710195, -0.15643161273726872, 0.016505576931831342], [0.15017634964692755, -0.43587975698366294, -0.26309751953073135, -0.49663685173920474, -0.05255558202319262, 0.6227407095379752, 0.2877635768514341, 0.00027156286703018673, -0.6465722774978905, -0.08905251145877076, 0.7122737166572461, 0.02149595827319052], [-0.5455634837381739, -0.29461230066750044, -0.6235526068942582, -0.15696487353949173, 0.4279846343124067, -0.48306621478775236, -0.1376297203565694, -0.055033747078120185, 0.2441468347629283, 0.7416021145373407, 0.04216952722644103, 0.05291453358653324]], "inverted": true, "swapped": false, "error_lsq": 0.04133986973204687, "error_max": 0.23443528291093532, "target": "1078.xyz", "model": "18.xyz", "model_rescale": 3.9405287249114394, "target_rescale": 3.97645189731102},
{"mapping": [14, 13, 12, 4, 8, 3, 1, 11, 7, 5, 2, 15], "R": [[0.6622546192790034, 0.5622767347642385, 0.49524104513508227], [-0.7130167603412326, 0.6760500779483366, 0.1859123222880655], [-0.23027357363821768, -0.47623645980638063, 0.84863002282206]], "T": [0.08772154867368709, -0.06231380996545875, -0.08113908515832734], "aligned_model": [[-0.429215932624156, -0.39645632875949444, 0.25773168012497927, 0.5716721123189132, 0.40072042067895064, 0.1670423299362263, 0.5578575568919502, -0.6156190014232182, 0.08436861051737908, -0.113578257112806, -0.0033062090801325716, 0.07455657170691568], [0.07692464210785994, -0.46647487075437694, -0.12939169061658534, -0.5949441434016892, -0.19170196849544613, 0.5459289322392059, 0.39225859840048377, 0.017697017578658894, -0.6944227032980407, 0.17750829797231094, 0.7042382452417134, -0.02669298237374334], [-0.6407168330806817, -0.3125596229639474, -0.59760416175176, -0.2106064882648867, 0.5952946263697193, -0.6720515787554889, -0.16977024958948356, 0.05348461247661475, 0.22878454046082636, 0.6890728256126452, 0.31815676629647915, -0.06908973944625217]], "inverted": true, "swapped": false, "error_lsq": 0.04068393405313055, "error_max": 0.2393790663679028, "target": "1078.xyz", "model": "19.xyz", "model_rescale": 4.410303926677745, "target_rescale": 3.97645189731102},
{"mapping": [1, 2, 3, 6, 11, 5, 10, 7, 4, 12, 8, 13], "R": [[-0.8236866324766846, 0.33801633372953843, 0.45528594269015277], [0.04605721444049704, -0.7603758647355569, 0.6478481900303781], [0.5651717123823536, 0.5545930962964614, 0.6107433446736057]], "T": [0.03867225492537249, -0.07426290232446449, -0.12297096394329174], "aligned_model": [[-0.5628279381895677, -0.42608994908611164, 0.43567592573102887, 0.43540236427866963, 0.5667635452230051, 0.276914499201254, 0.6753071868687059, -0.6183238128749541, 0.06640737537098243, -0.2036583306458936, -0.13631806357362272, 0.046520750872010824], [0.14376577335768764, -0.5457493040891805, -0.18757668480404555, -0.496755272324971, -0.2540889491909968, 0.6171557035572856, 0.44329891777371416, 0.09917882238091873, -0.6652394382147676, -0.004948722609502479, 0.6597174873356404, 0.002169041428568233], [-0.5151200496688251, -0.1404465019161423, -0.7192182010600866, -0.14769424856355812, 0.49014852398203723, -0.5282507036926523, -0.07870202660117961, 0.08946090745985688, 0.25791076590838713, 0.5891711349918147, 0.02436795635036873, -0.10923285982623702]], "inverted": false, "swapped": false, "error_lsq": 0.04090418250420694, "error_max": 0.1902602323425283, "target": "1078.xyz", "model": "20.xyz", "model_rescale": 4.121658175737393, "target_rescale": 3.97645189731102},
{"mapping": [3, 4, 7, 9, 8, 0, 5, 2, 10, 6, 1, 12], "R": [[-0.587178837124241, -0.647658822850556, -0.48555026765233783], [-0.248250806592882, -0.42685491979611734, 0.8695782969185892], [-0.7704495767144066, 0.6311362187592175, 0.08985835025699829]], "T": [0.07622748228894355, -0.09411640378775651, -0.03780777763394834], "aligned_model": [[-0.19879159987363032, -0.4006990655517726, 0.3637030740240573, 0.5334249868517151, 0.6026403803226303, 0.025522678072090965, 0.561121916238007, -0.6541898091628968, -0.16851354386511114, -0.02891719317924621, -0.18263295835053073, 0.10310468765019408], [0.16878672267186698, -0.35718215274596976, -0.14568423852568518, -0.6523800870950462, -0.017234600249054516, 0.7417802709746493, 0.36961981606193406, 0.05113599916867448, -0.7424867591627762, -0.09473036062759402, 0.5256633625510353, -0.03636059842168327], [-0.6190883927349429, -0.217999568836292, -0.6554780798779302, 0.006632934583505196, 0.3753287031262272, -0.5724754337056249, -0.1549813083970068, 0.1091750580736889, 0.3205087780189052, 0.6037284117971683, 0.13893831002406043, -0.12189471470797437]], "inverted": false, "swapped": false, "error_lsq": 0.05643163596665557, "error_max": 0.2683903832960679, "target": "1078.xyz", "model": "21.xyz", "model_rescale": 4.08911054899281, "target_rescale": 3.97645189731102},
{"mapping": [9, 11, 14, 2, 0, 12, 13, 5, 1, 6, 7, 16], "R": [[-0.3936707714939498, 0.9148990511909253, -0.08934791436459634], [-0.770438469427689, -0.275359179029092, 0.5749799016925241], [0.501445798164945, 0.2951898518824271, 0.8132742851267045]], "T": [0.052794816601523145, -0.06627882787352292, -0.08956547365901851], "aligned_model": [[-0.39088819624498133, -0.455247066301906, 0.20483533709070617, 0.5438271424156874, 0.44832413714761016, 0.12954533808454755, 0.5419635744208939, -0.6437942633430258, 0.1048070449636684, -0.17490724426440052, 0.1565281367061665, 0.09077961250054051], [0.19081411602422294, -0.6359926111684435, -0.0005692048442688252, -0.5863424728043422, -0.027030996637857477, 0.5492919094457891, 0.3749398052901541, 0.03665808313446084, -0.7632064361447103, 0.15906790415459093, 0.5623328242746932, -0.04903554612393782], [-0.5841321667065362, -0.14624598704919708, -0.7095562086847891, -0.18792649032749367, 0.5753371977981818, -0.4897548423862845, -0.14219635956139168, -0.13311659307412738, 0.28671237341179423, 0.5834387985362102, 0.22647720873212834, -0.06664223332471139]], "inverted": true, "swapped": false, "error_lsq": 0.04381457685378939, "error_max": 0.25836716478343275, "target": "1078.xyz", "model": "22.xyz", "model_rescale": 4.204369325754507, "target_rescale": 3.97645189731102},
{"mapping": [14, 13, 12, 4, 8, 3, 1, 11, 7, 5, 2, 15], "R": [[0.6622546192790034, 0.5622767347642385, 0.49524104513508227], [-0.7130167603412326, 0.6760500779483366, 0.1859123222880655], [-0.23027357363821768, -0.47623645980638063, 0.84863002282206]], "T": [0.08772154867368709, -0.06231380996545875, -0.08113908515832734], "aligned_model": [[-0.429215932624156, -0.39645632875949444, 0.25773168012497927, 0.5716721123189132, 0.40072042067895064, 0.1670423299362263, 0.5578575568919502, -0.6156190014232182, 0.08436861051737908, -0.113578257112806, -0.0033062090801325716, 0.07455657170691568], [0.07692464210785994, -0.46647487075437694, -0.12939169061658534, -0.5949441434016892, -0.19170196849544613, 0.5459289322392059, 0.39225859840048377, 0.017697017578658894, -0.6944227032980407, 0.17750829797231094, 0.7042382452417134, -0.02669298237374334], [-0.6407168330806817, -0.3125596229639474, -0.59760416175176, -0.2106064882648867, 0.5952946263697193, -0.6720515787554889, -0.16977024958948356, 0.05348461247661475, 0.22878454046082636, 0.6890728256126452, 0.31815676629647915, -0.06908973944625217]], "inverted": true, "swapped": false, "error_lsq": 0.04068393405313055, "error_max": 0.2393790663679028, "target": "1078.xyz", "model": "23.xyz", "model_rescale": 4.410303926677745, "target_rescale": 3.97645189731102},
{"mapping": [0, 13, 5, 15, 9, 2, 4, 7, 14, 11, 3, 16], "R": [[-0.2911150336222488, -0.6569529699242795, 0.6954601588206083], [0.021309579353963992, -0.731218026211611, -0.681810897515545], [0.9564506986911946, -0.18366543891234535, 0.22686795173021124]], "T": [0.03324839650239003, -0.0705663185430146, 0.011096214925073206], "aligned_model": [[-0.3536657888055082, -0.4005210848639217, 0.3194891295004084, 0.5729014477812175, 0.43501872348879755, 0.15246443919127184, 0.5118250765390517, -0.629370124761804, 0.06039735337963814, -0.18192978040812485, 0.05531067032994136, 0.013853491804539146], [0.3546688628164317, -0.5968407677578387, -0.0903979258980456, -0.5323427100786227, -0.2598735242737243, 0.6004127407653999, 0.37711644869922295, -0.025145606091452777, -0.7030830529286753, -0.18453892378840933, 0.8231252378869849, 0.047826595249080686], [-0.4786570544135722, -0.15939092525849421, -0.5486135165879723, -0.05855534141470581, 0.45286919943187853, -0.5959199202093874, -0.19968536451338179, 0.039460820339978345, 0.25054454938829773, 0.5954164045863644, -0.08930120871390668, 0.004227054728685512]], "inverted": false, "swapped": false, "error_lsq": 0.04013850510006637, "error_max": 0.266512116517471, "target": "1078.xyz", "model": "24.xyz", "model_rescale": 4.28219845311461, "target_rescale": 3.97645189731102},
{"mapping": [0, 3, 8, 5, 12, 6, 10, 4, 9, 13, 2, 15], "R": [[0.5616953548364612, -0.05957191356356655, -0.8251966526044062], [0.03374259882278271, -0.9949250094352997, 0.09479273508478109], [-0.8266557719993411, -0.08108891856809847, -0.5568346450299493]], "T": [0.034535988161432836, -0.05964795679289847, 0.02876950770622598], "aligned_model": [[-0.42012215154653476, -0.4143739060680145, 0.3844626497826985, 0.4659537700435085, 0.45960018013405185, 0.2213512136701221, 0.7288496918678711, -0.6925729884313914, 0.14514394730098065, -0.1292319633008687, -0.18226839241295045, -0.011018497863965797], [0.3868116498509486, -0.6516062154096925, -0.06380254335972721, -0.6484323552874853, -0.02825137266412857, 0.6090117109175526, 0.21649107199788337, -0.03070235647180402, -0.6511287099135902, 0.11004360416045167, 0.5817333107696131, -0.019240419989670195], [-0.4806556268017973, -0.190571942498936, -0.5707971089644146, -0.40996994855393154, 0.6633989960226244, -0.5458533731961169, -0.23840185387994806, -0.04280745371223062, 0.3366494874737207, 0.5740229250747567, 0.13077908848951925, -0.013398492089461984]], "inverted": true, "swapped": false, "error_lsq": 0.04240500395883784, "error_max": 0.2609994433683593, "target": "1078.xyz", "model": "25.xyz", "model_rescale": 4.100010024507729, "target_rescale": 3.97645189731102},
{"mapping": [8, 9, 7, 5, 6, 3, 2, 10, 4, 0, 1, 11], "R": [[-0.4581369210405726, -0.18133564369940347, -0.8701884542463131], [-0.23343184315843662, 0.9691536832208085, -0.07906145014604755], [0.857683004483078, 0.16690872542699475, -0.4863345979849848]], "T": [0.07248358878816781, 0.04330453545472043, -0.04755468140520475], "aligned_model": [[-0.37697517629194033, -0.34434585325765105, 0.16734098461935204, 0.4867033854690833, 0.49850125882944557, 0.15622878510859567, 0.7166622382041272, -0.5417991421050956, 0.07660519830717737, -0.3150611156656223, -0.010727761793553031, 0.04264075175158795], [0.34076003287420953, -0.5735093330401849, -0.16168790520889548, -0.5773277201718555, -0.11352380550987629, 0.5561867680105514, 0.4003694533041481, -0.1389167187315408, -0.7172002626415183, 0.1778278150139867, 0.6967027673002651, -0.07875371659893851], [-0.3414336947804417, -0.40125620814070956, -0.6859404741843455, -0.1337157725950191, 0.4154744261311029, -0.6704593162198328, -0.12032691829874603, 0.01918738616535414, 0.3854061073965271, 0.5892750173685697, 0.20797061189016258, -0.05178646736883806]], "inverted": true, "swapped": false, "error_lsq": 0.039716960238250984, "error_max": 0.2172060051093415, "target": "1078.xyz", "model": "26.xyz", "model_rescale": 3.6694154284099745, "target_rescale": 3.97645189731102},
{"mapping": [8, 9, 7, 3, 6, 5, 1, 10, 12, 2, 0, 13], "R": [[-0.4451439924952429, 0.47113033062222687, 0.7615005170800522], [0.861027058676089, -0.008351835291837306, 0.5084905614412734], [0.2459252532234104, 0.882024069067874, -0.4019381935222782]], "T": [-0.08036711328650797, 0.00789668385632564, -0.07489752602849845], "aligned_model": [[-0.4854995326143633, -0.3070606376483468, 0.23924641574689093, 0.43852475646770667, 0.46334804609047314, 0.24548605623791658, 0.7223430465983192, -0.6734754779162402, 0.09593870754214834, -0.1548629720864619, 0.05843790839668833, -0.08665276363922401], [0.12445931667554869, -0.5927576256827175, -0.12428750638901473, -0.579297901794411, -0.09425575149697658, 0.5993027040037622, 0.37358268300763703, -0.05056270964872023, -0.6081543740909869, 0.13468128935427814, 0.6075730683647551, 0.020644182297197153], [-0.5551454493658714, -0.30443615440058003, -0.6007331054888885, -0.27183651764513506, 0.331463320042386, -0.48725311404132876, -0.03518854797400964, 0.006929651668789533, 0.393215884270096, 0.588808490995356, 0.16604799260915423, -0.019477753306184523]], "inverted": true, "swapped": false, "error_lsq": 0.03868140783129571, "error_max": 0.20358172965649662, "target": "1078.xyz", "model": "27.xyz", "model_rescale": 4.103607728864725, "target_rescale": 3.97645189731102},
{"mapping": [0, 1, 2, 4, 13, 3, 12, 5, 8, 11, 10, 14], "R": [[-0.702153713801726, 0.7017404746039144, 0.12058386499493627], [0.6900953445667464, 0.7124049314135412, -0.1274661880851996], [-0.1753527233941571, -0.006286493485301657, -0.9844856029409021]], "T": [-0.05231185070804215, 0.1421609250837888, 0.08963232764808739], "aligned_model": [[-0.359229164397409, -0.33499214301512453, 0.33266229896483207, 0.4609993540923017, 0.4972128866774836, 0.1216802036235198, 0.721064345056282, -0.7637520897769119, 0.0241308921294155, -0.028197875093008397, -0.03820295854575799, -0.07760219654011584], [0.11802434185992186, -0.4825272178516767, -0.08947010038282144, -0.571019518186932, -0.08403066152459773, 0.4898799587441598, 0.34646159057720094, -0.014117015475761857, -0.6319386367775259, 0.029431938892044776, 0.6369741907067163, 0.06325850401962312], [-0.5545034723891618, -0.48718428835035177, -0.49300193014750016, -0.13284137753325548, 0.3479585982878558, -0.5525118082175214, -0.22252807187239398, 0.022027579960044993, 0.3488742073670611, 0.7669593722222036, 0.2110244510798796, -0.041878563043076536]], "inverted": true, "swapped": false, "error_lsq": 0.04069844173368749, "error_max": 0.2367590212963377, "target": "1078.xyz", "model": "28.xyz", "model_rescale": 4.137296879288765, "target_rescale": 3.97645189731102},
{"mapping": [2, 3, 4, 9, 10, 6, 5, 1, 7, 0, 11], "R": [[-0.6112209699305007, -0.3713211284597781, 0.6989488861687778], [0.3817265282128532, -0.9119158011687766, -0.15064670337339106], [0.6933208374019779, 0.1747289075627317, 0.6991251857043592]], "T": [-0.0947729670386274, -0.019251125363478075, -0.04877620368730634], "aligned_model": [[0.45324590320638053, 0.1381731688366935, -0.17735570378637233, -0.6141212713611587, 0.05521793912478072, 0.617660381701127, 0.6121453770071635, -0.36213596653244, -0.5061244602646248, 0.08623854533113713, -0.08152490255278813], [-0.3821939154917556, -0.7808000567687773, -0.24752658403389982, 0.1475270449264094, 0.6682768613285872, 0.0403858450954362, 0.35827470714632736, -0.3949353975545452, 0.20196260392532195, 0.2998957077168652, 0.008281000357982519], [0.1757902183174432, -0.20380434346021614, -0.7339379667066135, -0.3442752918704734, -0.2508133714010795, -0.4174482422514195, 0.10641473022618161, 0.5322199007076285, 0.43069501622350737, 0.530977969641105, -0.020064597643064928]], "inverted": true, "swapped": true, "error_lsq": 0.04226124025106279, "error_max": 0.23321595915668633, "target": "1078.xyz", "model": "29.xyz", "model_rescale": 3.607286011436655, "target_rescale": 3.97645189731102},
