[{"mapping": [6, 7, 2, 1, 8, 9, 10, 0, 5, 3, 11], "R": [[0.48380845759243035, -0.8743104958854307, -0.03886557791421277], [0.7060457867693589, 0.36368597809383735, 0.6076445147643198], [-0.5171351113077417, -0.32142443298931256, 0.7932575940577111]], "T": [0.0442847171444719, -0.048949270172422885, 0.09417998108389304], "aligned_model": [[-0.34282910866720107, -0.29362417090079657, -0.4776059502561689, -0.6493845949795837, -0.11334926542480289, 0.3185793775703168, 0.4721816055442456, -0.12811088538957913, -0.1464930471939027, 0.6937611400818475, 0.022305661415656892], [-0.585319003929208, -0.042738925814471904, 0.10543430371792177, 0.06708028822336408, -0.5324936921057936, -0.5641124338447278, 0.0660094834236271, 0.5267545857849382, 0.5879123899855272, -0.18266016148596653, 0.016526687013087057], [-0.20180123796569738, -0.7903438031463436, 0.6879358980896784, 0.009088345097897882, 0.4742323593788878, -0.07530682809303814, -0.4210385005666577, 0.24127253855791625, -0.4025064421096747, 0.2794751196589084, 0.08630114690533247]], "inverted": true, "swapped": false, "error_lsq": 0.05590606676641252, "error_max": 0.3080646604436878, "target": "1079.xyz", "model": "0.xyz", "model_rescale": 3.751011558992144, "target_rescale": 3.7988913446104267},
{"mapping": [13, 5, 12, 9, 0, 8, 4, 11, 10, 1, 14], "R": [[0.0953526111606219, 0.9246730827860614, 0.36862931179678804], [-0.4722609475674094, 0.3680100088168735, -0.800960817277186], [-0.8762861843870324, -0.09771552272554768, 0.47177770154055526]], "T": [-0.017735169590068996, -0.10463444254104692, 0.054351066576973785], "aligned_model": [[-0.6743504437669049, -0.3173631378760014, -0.5305595972680267, -0.5581611947156627, 0.2534982707540684, 0.3208298037715458, 0.6020129330446639, -0.2862199363852381, -0.008508909623918266, 0.617536963193185, -0.06328398932767923], [-0.4056381626189917, -0.2778162453567655, 0.017789239844178573, 0.16994298675903086, -0.6682209095219047, -0.42286214083975676, 0.1586921146968936, 0.5941202146091432, 0.5502433169914389, -0.17347793749338597, -0.0803789561015825], [-0.021512894020242486, -0.465569303085499, 0.5777998725219561, -0.2039831510950297, 0.48366124998123833, -0.41948766441494006, -0.36055299877268115, 0.33073639186856746, -0.4391099190395284, 0.33251547829709216, 0.07281153356627651]], "inverted": true, "swapped": false, "error_lsq": 0.047957023703988175, "error_max": 0.24483633940264166, "target": "1079.xyz", "model": "1.xyz", "model_rescale": 3.9405287249114394, "target_rescale": 3.7988913446104267},
{"mapping": [4, 8, 7, 3, 1, 2, 5, 6, 11, 0, 12], "R": [[-0.8095526861619472, 0.5659451684993935, -0.15598241753533973], [-0.22947457823091733, -0.06051021772880921, 0.971431897508083], [0.5403386588739681, 0.8222193015264269, 0.17885623814582552]], "T": [-0.10761801375061422, -0.01717857708271177, -0.06905891948419199], "aligned_model": [[-0.569158427136667, -0.5120616530416607, -0.5789436650119293, -0.6491068859726029, 0.09401308228655053, 0.3998199247889621, 0.5452547589252086, -0.04686162766331953, 0.15074324121425872, 0.5938206036952611, -0.07208859028402964], [-0.5447385501864079, -0.23997152370038394, 0.02720501699821605, 0.16093688549604074, -0.6001239824809776, -0.44257952004149825, 0.08153281225236635, 0.3835330574427461, 0.603924612144694, 0.12627624266474363, -0.09360152962124088], [-0.05017391291630939, -0.6915365622025398, 0.5671738053859594, -0.025880663162206975, 0.42767630958071823, -0.22940356012456772, -0.37252141253872273, 0.2930108816522341, -0.30378126461073507, 0.3672145829460184, -0.09446960820263867]], "inverted": false, "swapped": false, "error_lsq": 0.05030523876197499, "error_max": 0.2608626735472129, "target": "1079.xyz", "model": "2.xyz", "model_rescale": 3.932901565614263, "target_rescale": 3.7988913446104267},
{"mapping": [1, 0, 11, 3, 10, 6, 5, 8, 7, 12, 13], "R": [[-0.022669776816252096, 0.8478993840186062, -0.5296722720701639], [0.8101596864835339, -0.29484540888752764, -0.5066630707431212], [-0.5857707432229811, -0.44060506061416843, -0.6802498195113185]], "T": [-0.10190753215310461, -0.00836952645932882, -0.09778719923309631], "aligned_model": [[-0.5029837015357264, -0.5026754927245081, -0.4293016592304931, -0.5691980347011902, 0.07718281297206192, 0.37022510995505087, 0.5938206376735271, -0.304812022944229, 0.06929772835755743, 0.5524142898485209, 0.001461094129460605], [-0.6309197689876613, -0.14243409047781327, -0.012586065604741965, 0.197210121324711, -0.4885975051811112, -0.49508314676421383, 0.06232109919485183, 0.5863074989276161, 0.5875254763971121, -0.15601821856223225, -0.04533187929821934], [-0.11616443497273965, -0.6177507206429914, 0.7331785068705301, -0.10566582389522297, 0.40266577262037617, -0.18081057393831534, -0.2644150324692426, 0.2816541382956952, -0.45182173383578306, 0.2671684516785045, -0.060729953903600954]], "inverted": true, "swapped": false, "error_lsq": 0.04110873326490428, "error_max": 0.23887395927269958, "target": "1079.xyz", "model": "3.xyz", "model_rescale": 3.9243930471874484, "target_rescale": 3.7988913446104267},
{"mapping": [0, 5, 4, 1, 3, 6, 11, 8, 9, 10, 12], "R": [[0.11113491328978065, 0.020962819401520782, -0.9935842144734446], [0.18442442745254403, -0.9828466914571722, -0.00010793744242389158], [-0.9765432205524106, -0.18322920426184625, -0.11309463779815715]], "T": [-0.07138529070263094, 0.013854601329472825, 0.0651503179699017], "aligned_model": [[-0.6697766364186475, -0.25600787342140074, -0.22149131540233374, -0.683575940429068, -0.03441362366308538, 0.3147034966458374, 0.5201716840877715, -0.029526596431373273, 0.00473611293721346, 0.539799331705042, -0.12918787780992386], [-0.5634060749206373, -0.3757710084955811, -0.01306897896127044, 0.1561661656693741, -0.5974189058648663, -0.528397063325166, 0.1837558555136052, 0.5593802330143242, 0.6268701102930982, 0.06388001239311669, -0.04959682434769918], [-0.11379174636387068, -0.5575289621523687, 0.638831912247822, -0.2741582834906824, 0.3443118583068958, -0.2148766364465842, -0.4321704947767637, 0.3765760776703102, -0.275591386925231, 0.4131137285452319, -0.017407470807549508]], "inverted": true, "swapped": false, "error_lsq": 0.04660607860597037, "error_max": 0.22233587335364435, "target": "1079.xyz", "model": "4.xyz", "model_rescale": 3.8936222436046832, "target_rescale": 3.7988913446104267},
{"mapping": [8, 10, 6, 7, 9, 3, 2, 5, 4, 1, 11], "R": [[0.34900289361693576, 0.48517925859772115, 0.8017468847919347], [0.9172569114805482, -0.3520811882778485, -0.18622189775110864], [0.1919289936100641, 0.8003998525033749, -0.5679113817528261]], "T": [-0.0609525176081612, -0.14997380675308145, -0.02292175527436416], "aligned_model": [[-0.49035122637193507, -0.2392763293690153, -0.36281462562184397, -0.6691746256490553, -0.0180158807857191, 0.1622807996573776, 0.5111529599470043, -0.13891171170522557, 0.0919745207344301, 0.5393701228809578, -0.030803241916943492], [-0.7319884561709364, -0.05873565147541571, 0.08099394509174998, 0.07321110337244022, -0.5943546566206802, -0.5973058851007346, 0.017486869179085818, 0.5886745148161915, 0.5543462297958912, 0.11894344892463213, 0.011122059156073616], [-0.17371473623116787, -0.6223745196066948, 0.6771795184432285, -0.024296735495737937, 0.40453356322171696, -0.3063700399136985, -0.4721552240763227, 0.30187337730230424, -0.3563452187052816, 0.43577749704243185, 0.02320111382643189]], "inverted": true, "swapped": false, "error_lsq": 0.043387816965109696, "error_max": 0.2174571919147315, "target": "1079.xyz", "model": "5.xyz", "model_rescale": 3.6523030999806103, "target_rescale": 3.7988913446104267},
{"mapping": [2, 1, 11, 3, 10, 6, 8, 7, 5, 9, 12], "R": [[0.8305785053882392, -0.04291671817996123, 0.5552454427437481], [-0.03467138495633143, 0.9911071377153923, 0.12846998340006233], [-0.5558212315594366, -0.1259555352902928, 0.8217043030661865]], "T": [-0.06205177981724341, -0.06260247967811271, -0.041163326973734586], "aligned_model": [[-0.5470312326562093, -0.32462725220446326, -0.27379282523734727, -0.6989389789545849, 0.17177167651174644, 0.2573255252627989, 0.5542421914033357, -0.21829896797719966, 0.08258850979484444, 0.46356341468814133, -0.11137129883103042], [-0.6157402132307337, -0.16933247967371273, 0.11466967801288315, 0.2147396939284223, -0.6641148544025101, -0.560537915376426, 0.04646475334139506, 0.5283935792509011, 0.48719394633426494, 0.05157789302318665, 0.029079439760626935], [-0.22836699214459869, -0.6752277514567757, 0.7944857111594753, -0.03132883348526882, 0.3972229136757347, -0.3107609919262521, -0.2901395956925165, 0.2640063540557945, -0.4162721199281144, 0.4419043545942843, -0.058214453044552736]], "inverted": true, "swapped": false, "error_lsq": 0.043341627260918475, "error_max": 0.23252885926172853, "target": "1079.xyz", "model": "6.xyz", "model_rescale": 4.08911054899281, "target_rescale": 3.7988913446104267},
{"mapping": [13, 11, 7, 12, 2, 1, 9, 4, 8, 0, 14], "R": [[-0.28538881176686315, -0.8850092891520722, -0.36784750132744143], [-0.8919174468541926, 0.3857167805119427, -0.236020832191993], [0.35076558285469944, 0.2607318993641667, -0.8994344792916033]], "T": [-0.13702893873012068, 0.0764840426582887, 0.00857263121693057], "aligned_model": [[-0.5079360206344072, -0.26843184743794224, -0.5136564290875281, -0.8053921751715961, 0.04380209978480973, 0.25975565560974034, 0.4739466442542889, -0.08989879387351982, 0.09617851105229702, 0.701512471379524, -0.034449354075634875], [-0.5526610779742523, -0.07959160531339879, -0.12704512329667655, -0.049259476145871894, -0.5446729451385109, -0.509598066147829, 0.08089097495524188, 0.7284327023949358, 0.6223324647360273, -0.14920437141072038, 0.042770044309351954], [-0.041416128811059175, -0.5417951827497827, 0.6535661014553572, -0.2046902808503609, 0.4898248263413507, -0.18382229150017568, -0.482596101350994, 0.27237404178109026, -0.32730347505770147, 0.3699162715238176, -0.11674918497433197]], "inverted": false, "swapped": false, "error_lsq": 0.045131360011686765, "error_max": 0.2649062796926435, "target": "1079.xyz", "model": "7.xyz", "model_rescale": 3.964800864290218, "target_rescale": 3.7988913446104267},
{"mapping": [0, 2, 5, 1, 3, 6, 11, 8, 12, 10, 13], "R": [[0.36918041447870037, -0.6498227851572463, -0.6644066295995357], [-0.7180322795169473, 0.25444150858632203, -0.647834210489083], [0.590030056130221, 0.7162331091193678, -0.372658914108025]], "T": [-0.0717750082180697, -0.0422804362575932, -0.10554621427416094], "aligned_model": [[-0.48499385295908276, -0.42748185808818706, -0.1566646019558787, -0.8049760254801173, -0.06703389799010914, 0.2763194604073011, 0.7208860623689363, -0.19343018431905373, 0.11944353288284776, 0.4371595870281427, -0.06379746009476739], [-0.6251388504633011, -0.18074744021526604, 0.045786109028288474, 0.06972596507927573, -0.661096035531556, -0.4833831412381901, 0.04439945492452724, 0.5962757269037346, 0.5654724659667263, 0.07791618967554009, 0.013183076838518291], [-0.1573692580216431, -0.6467562045039752, 0.7215624626509576, 0.008430649684529362, 0.27261707277446257, -0.24964502672506206, -0.33205967553904353, 0.30494571746604165, -0.511436367721769, 0.5282300568839633, -0.051210831141251544]], "inverted": true, "swapped": false, "error_lsq": 0.0562267158001291, "error_max": 0.2879961575979082, "target": "1079.xyz", "model": "8.xyz", "model_rescale": 4.121658175737393, "target_rescale": 3.7988913446104267},
{"mapping": [0, 4, 11, 5, 2, 1, 6, 7, 9, 8, 12], "R": [[-0.7173881951869807, 0.6239577004918249, 0.30988863387242993], [-0.15845518234708678, 0.2870176767752797, -0.9447289602874851], [-0.6784144254021418, -0.7268408637490571, -0.10703376192027697]], "T": [-0.13274042242378006, -0.049743736283745094, 0.12331213580128669], "aligned_model": [[-0.5580906164728778, -0.26816218509147977, -0.19593336978668807, -0.6701844112376399, 0.18266696050829803, 0.09632448231260177, 0.4767440592351987, -0.1254221696937681, 0.025441148500933236, 0.4966617723375647, -0.10461490881211061], [-0.6301312899910141, -0.17547604518828996, 0.12884274600465023, 0.14641208026293856, -0.63816177995921, -0.5418250582772126, 0.09445863141247571, 0.6039439401192297, 0.5223098759500835, 0.06130833418441348, -0.1092879135497667], [-0.1945742323341918, -0.7450082258235171, 0.7292375390490375, -0.109914708276594, 0.31469875897010163, -0.30132530682101, -0.17319485207870083, 0.2901946549848865, -0.46057404521772444, 0.4727025372172918, 0.06506647613763096]], "inverted": true, "swapped": false, "error_lsq": 0.047753816033034906, "error_max": 0.28461969588664054, "target": "1079.xyz", "model": "9.xyz", "model_rescale": 3.833441315466971, "target_rescale": 3.7988913446104267},
{"mapping": [5, 13, 4, 2, 1, 0, 10, 7, 8, 12, 14], "R": [[-0.9666874709900267, 0.2047070974651807, 0.15365655755055654], [-0.24333934746683897, -0.921177480363706, -0.30367418666259327], [0.07938069919898347, -0.3309487179581688, 0.9403040203447633]], "T": [-0.024541856629930227, 0.04511154101311738, 0.11600849617090758], "aligned_model": [[-0.47150844958182914, -0.31697904676853916, -0.569090019919197, -0.6307644734835827, 0.18606472702349977, 0.18615940471524026, 0.5539408948535228, -0.06767541753050897, 0.07488680373733048, 0.5031891310343061, -0.09279279228021053], [-0.45099319958041817, -0.31504069284936453, -0.15129594950107167, 0.11443659224937663, -0.6364421348241373, -0.49523225064361714, 0.12889421231214998, 0.6607415452906265, 0.5731291557080439, -0.07636091076486501, 0.11055715357157439], [0.008602013067683628, -0.5324183691596046, 0.6644644885882058, -0.2639104833679338, 0.3076810992950432, -0.2410020456751899, -0.46199869560615137, 0.3671124000416487, -0.4486778791262056, 0.3801382094345769, 0.10731785831513686]], "inverted": true, "swapped": false, "error_lsq": 0.04609586666443475, "error_max": 0.21948648220002628, "target": "1079.xyz", "model": "10.xyz", "model_rescale": 4.2482417240324, "target_rescale": 3.7988913446104267},
{"mapping": [4, 9, 6, 5, 0, 10, 8, 2, 7, 1, 11], "R": [[0.060368311243823455, -0.8731396711471905, -0.4837176673086744], [0.9550102583851344, -0.09044510000363613, 0.2824448446413767], [-0.29036369156064956, -0.4790060527324355, 0.8283973250010913]], "T": [0.017964189838648524, 0.036817193584883466, 0.03216303649646327], "aligned_model": [[-0.6706594688300646, -0.20919284307344774, -0.41137043542447954, -0.7085394861025024, 0.25234112214868065, 0.19757655818142603, 0.5519328115326564, -0.033555649948790796, -0.1126761100045916, 0.5648894498323052, -0.06531518651115967], [-0.5022457322519542, -0.21072462763932623, -0.039952641700345105, 0.1638824519056651, -0.6013877627601408, -0.478007929075163, 0.03200925079061497, 0.6338081497028581, 0.45740465816389636, 0.0285068593346968, -0.02089915550250409], [-0.00021286414258993996, -0.7204548155921519, 0.5120175041045337, -0.11007971127437552, 0.36623093862331624, -0.3109067126083785, -0.2706772245110568, 0.46656468336983864, -0.4822254775580574, 0.4793210086760089, -0.042268733279877756]], "inverted": false, "swapped": false, "error_lsq": 0.042303056210512786, "error_max": 0.20667091574290067, "target": "1079.xyz", "model": "11.xyz", "model_rescale": 3.6694154284099745, "target_rescale": 3.7988913446104267},
{"mapping": [4, 0, 8, 1, 11, 6, 5, 10, 12, 7, 13], "R": [[0.4488022325940791, 0.6300895726892857, -0.6336905288915119], [0.8304001407060722, -0.5560528198639144, 0.035225954021506245], [-0.33016989919419715, -0.5420261911657249, -0.7727842168137695]], "T": [-0.06502012000619191, -0.023727747784687597, 0.0607505061787607], "aligned_model": [[-0.5329510783584405, -0.18369191324762002, -0.4582014334590777, -0.7991016488799905, -0.008693663301187468, 0.2353396353368945, 0.5380930097112484, 0.09527803807134268, -0.04108854782751685, 0.6350403421675379, -0.12459197841315856], [-0.5738253761172883, -0.2028640531656744, -0.06355166399304761, 0.17369854992353584, -0.6231061156999913, -0.461087523667315, 0.04993391321647582, 0.5020589950659559, 0.5740197698408245, 0.1379640316371925, -0.05084700607237011], [-0.10084116213581079, -0.6208395861852437, 0.7060569153832431, -0.3115674493929423, 0.4880695336714766, -0.13509452762043828, -0.46403450212241554, 0.37915526253127435, -0.2615749276487362, 0.2503195865638122, -0.04234054723700948]], "inverted": true, "swapped": false, "error_lsq": 0.050822813214151524, "error_max": 0.2870301474675962, "target": "1079.xyz", "model": "12.xyz", "model_rescale": 3.9764082729961374, "target_rescale": 3.7988913446104267},
{"mapping": [0, 5, 2, 9, 7, 4, 14, 10, 13, 3, 15], "R": [[0.1408698639753794, -0.7648595127754234, -0.6286060826467561], [-0.05859553550857216, 0.6273833138536065, -0.7765028916343655], [0.988292590603624, 0.14621936675765426, 0.04356204934307881]], "T": [-0.07590284284919449, 0.08984944905956166, -0.056735811394485185], "aligned_model": [[-0.48481305733415425, -0.4588117598286299, -0.4158080734942323, -0.6519826455339445, 0.0346759912998966, 0.05520806344694504, 0.6822484073548508, -0.16275184712833615, 0.13677320343972885, 0.6156242120413998, 0.005068267536507978], [-0.49775042831779875, -0.2793075793807462, -0.14808588671804862, -0.027967782191159696, -0.5475415242993251, -0.5744942600035405, 0.2712859810250787, 0.7776543491079568, 0.5425674816961366, -0.07291270498698463, 0.018945875036729273], [0.06420530691618928, -0.7047541409851504, 0.624520912663824, -0.18223596070410017, 0.3338263058696307, -0.2961540401443305, -0.23307499098154813, 0.35011621193021725, -0.4092919465665736, 0.39464236804940506, -0.054491430240353675]], "inverted": true, "swapped": false, "error_lsq": 0.047980625503895126, "error_max": 0.21865842391769316, "target": "1079.xyz", "model": "13.xyz", "model_rescale": 4.170626492500431, "target_rescale": 3.7988913446104267},
{"mapping": [6, 4, 11, 12, 3, 2, 0, 10, 8, 1, 13], "R": [[0.23945236172383827, -0.8698005185067731, -0.4314042471629423], [0.8064952186225759, -0.0692035500918627, 0.5871765756513168], [-0.5405811953849298, -0.4885262804190087, 0.6849190058219794]], "T": [-0.014693986453678295, -0.020826550444662625, 0.002902267420080493], "aligned_model": [[-0.5265445821058912, -0.2628376438752317, -0.44045190026509756, -0.6164717710981087, 0.13228698418989782, 0.19189437702366247, 0.5356099660407777, -0.13489644809316742, -0.06608523262647095, 0.6416102925256021, -0.09868327991594063], [-0.681895702648616, -0.04023081427997442, -0.12641247915204656, 0.3644080210006343, -0.547677753421549, -0.535019948856573, -0.01952653841650008, 0.48969349574553866, 0.5665154406973043, 0.04738523144800451, -0.054845431147924784], [0.09502072792017949, -0.6612598591871848, 0.5571959275110948, -0.15572920504983256, 0.4227808315554305, -0.3518632387127859, -0.22736339733606303, 0.21086609992128985, -0.4487000112091582, 0.39714371133466986, 0.04921700905956932]], "inverted": false, "swapped": false, "error_lsq": 0.044476373673933985, "error_max": 0.22156955287917104, "target": "1079.xyz", "model": "14.xyz", "model_rescale": 3.9786697098870705, "target_rescale": 3.7988913446104267},
{"mapping": [5, 10, 2, 4, 8, 7, 6, 0, 1, 9, 11], "R": [[-0.18511838434587174, -0.7203322651584694, 0.6684703520342865], [-0.5421119936710388, -0.4925085510193235, -0.680844999607736], [0.8196619852690412, -0.4884227215686379, -0.2993283731294097]], "T": [-0.00769542679247201, -0.04000864174921967, 0.025810264806855353], "aligned_model": [[-0.49813117983652, -0.3286671992705473, -0.5725029589761388, -0.605475212437926, -0.03950480959840989, 0.17780116087577458, 0.6706983275976773, -0.09521775098656013, 0.03046948851047325, 0.5294219154666878, 0.08653898045552103], [-0.6718797409049969, -0.05693342369390017, -0.03569593738721619, 0.052828543066237604, -0.4328596072196895, -0.5288970860917751, 0.09996782557858161, 0.5559608200262445, 0.46308165528956025, 0.02751447618336611, -0.010694003878114075], [0.09560477689580857, -0.7416606867771735, 0.6852200527511316, -0.06882226173853165, 0.3676938826015949, -0.3784855555307399, -0.3583045531874298, 0.37361168728449823, -0.4281893869085323, 0.33299076099491604, 0.007649879421667345]], "inverted": false, "swapped": false, "error_lsq": 0.04377402509973359, "error_max": 0.2119769835762372, "target": "1079.xyz", "model": "15.xyz", "model_rescale": 3.769337070930944, "target_rescale": 3.7988913446104267},
{"mapping": [1, 0, 7, 5, 9, 3, 2, 6, 4, 8, 10], "R": [[0.2109029144482365, -0.9306088121687239, -0.29914411140979613], [-0.8967975750377382, -0.3059713987787673, 0.3195866275922652], [-0.388939674093133, 0.20086996252123224, -0.899097985801907]], "T": [-0.103552244568099, -0.06657646373362544, 0.024282477342404067], "aligned_model": [[-0.708334270433028, -0.21927448771926286, -0.5593106489452957, -0.6850085755649824, 0.28622813627455956, 0.34029015579150645, 0.525733758282714, 0.12509440655528062, -0.18419101209245106, 0.4940962223078794, -0.05989292265688782], [-0.5818090205110986, -0.12551116722088776, -0.09923677180821647, 0.267208179803761, -0.6872202772158053, -0.5424824686808996, 0.07052626058364656, 0.6131109667474333, 0.5645644221734095, 0.04685480882990306, -0.06361141173294836], [-0.07522913015978946, -0.6086513089155138, 0.5741498096137826, 0.0008887089279665458, 0.37592461703663516, -0.21227795217792642, -0.33866080724394193, 0.15563176464755124, -0.42648475288415116, 0.4618248960769112, -0.019807249114314064]], "inverted": true, "swapped": false, "error_lsq": 0.054476642634122927, "error_max": 0.31215425492446336, "target": "1079.xyz", "model": "16.xyz", "model_rescale": 3.7852294659196426, "target_rescale": 3.7988913446104267},
{"mapping": [8, 3, 11, 2, 9, 0, 4, 7, 1, 10, 12], "R": [[-0.7003582952239112, 0.49123940970638863, -0.5178630134141424], [-0.6176702969464793, -0.053469226089866095, 0.7846173883692608], [0.35774524816006376, 0.8693818977944446, 0.3408716080963986]], "T": [-0.03575618238029253, 0.029659865577288176, -0.02340576357025676], "aligned_model": [[-0.4182872129378785, -0.33342641226622594, -0.42741526456750667, -0.5990487197639688, 0.07860510205838363, 0.2570459417539, 0.5921980815612986, -0.22698579096495636, -0.119952800668834, 0.5639128889071068, -0.011215051311286615], [-0.4870839834180627, -0.1732134971019425, -0.008950487174428305, 0.25553682781093995, -0.7177294303918822, -0.49183302162431153, 0.09629527564888085, 0.616948176110948, 0.5092922878344074, -0.1211167671019267, -0.015751859624324585], [0.08076580855232843, -0.7324404623808533, 0.5955001084603216, -0.09935401101696392, 0.39563185097536596, -0.3521294171751748, -0.3443728173495501, 0.3081823578808854, -0.5103532178562525, 0.49323578262823226, 0.05264261308887048]], "inverted": false, "swapped": false, "error_lsq": 0.03928939738370224, "error_max": 0.25626111166113646, "target": "1079.xyz", "model": "17.xyz", "model_rescale": 3.901054581598922, "target_rescale": 3.7988913446104267},
{"mapping": [13, 5, 12, 9, 0, 8, 4, 11, 10, 1, 14], "R": [[0.0953526111606219, 0.9246730827860614, 0.36862931179678804], [-0.4722609475674094, 0.3680100088168735, -0.800960817277186], [-0.8762861843870324, -0.09771552272554768, 0.47177770154055526]], "T": [-0.017735169590068996, -0.10463444254104692, 0.054351066576973785], "aligned_model": [[-0.6743504437669049, -0.3173631378760014, -0.5305595972680267, -0.5581611947156627, 0.2534982707540684, 0.3208298037715458, 0.6020129330446639, -0.2862199363852381, -0.008508909623918266, 0.617536963193185, -0.06328398932767923], [-0.4056381626189917, -0.2778162453567655, 0.017789239844178573, 0.16994298675903086, -0.6682209095219047, -0.42286214083975676, 0.1586921146968936, 0.5941202146091432, 0.5502433169914389, -0.17347793749338597, -0.0803789561015825], [-0.021512894020242486, -0.465569303085499, 0.5777998725219561, -0.2039831510950297, 0.48366124998123833, -0.41948766441494006, -0.36055299877268115, 0.33073639186856746, -0.4391099190395284, 0.33251547829709216, 0.07281153356627651]], "inverted": true, "swapped": false, "error_lsq": 0.047957023703988175, "error_max": 0.24483633940264166, "target": "1079.xyz", "model": "18.xyz", "model_rescale": 3.9405287249114394, "target_rescale": 3.7988913446104267},
{"mapping": [13, 14, 7, 12, 9, 11, 2, 0, 1, 5, 15], "R": [[0.7585570194977307, 0.007668816331998646, -0.6515615377128898], [-0.4097481894703642, -0.7718771161354259, -0.4861194696905452], [-0.5066534016430544, 0.6357254964546605, -0.5823705210267752]], "T": [-0.1510896037386192, 0.049773213179041174, -0.02649168714159373], "aligned_model": [[-0.4966930480167764, -0.3737229786189019, -0.3390143138045535, -0.6040988855480254, 0.06791384121332883, 0.12931531925540699, 0.6611297717414731, -0.1757982215088549, -0.003833589441116114, 0.6066928019841274, -0.11645993545607625], [-0.5262280373762543, -0.3670937781327818, -0.1710176370469703, 0.2146748539850698, -0.5183590330912345, -0.5967113120435908, 0.18925146828737766, 0.6473007036949774, 0.6444384547881155, -0.10198471050550964, 0.04812254840909855], [-0.037011384560115886, -0.6400022852735492, 0.6150387117830809, -0.2867398411473396, 0.44070536850367154, -0.17697105352847925, -0.3024822403489619, 0.312661140122994, -0.27186556646592885, 0.2800992470604276, -0.046123500338589786]], "inverted": false, "swapped": false, "error_lsq": 0.04192137530574979, "error_max": 0.19654105375260156, "target": "1079.xyz", "model": "19.xyz", "model_rescale": 4.410303926677745, "target_rescale": 3.7988913446104267},
{"mapping": [0, 2, 5, 1, 3, 6, 11, 8, 12, 10, 13], "R": [[0.36918041447870037, -0.6498227851572463, -0.6644066295995357], [-0.7180322795169473, 0.25444150858632203, -0.647834210489083], [0.590030056130221, 0.7162331091193678, -0.372658914108025]], "T": [-0.0717750082180697, -0.0422804362575932, -0.10554621427416094], "aligned_model": [[-0.48499385295908276, -0.42748185808818706, -0.1566646019558787, -0.8049760254801173, -0.06703389799010914, 0.2763194604073011, 0.7208860623689363, -0.19343018431905373, 0.11944353288284776, 0.4371595870281427, -0.06379746009476739], [-0.6251388504633011, -0.18074744021526604, 0.045786109028288474, 0.06972596507927573, -0.661096035531556, -0.4833831412381901, 0.04439945492452724, 0.5962757269037346, 0.5654724659667263, 0.07791618967554009, 0.013183076838518291], [-0.1573692580216431, -0.6467562045039752, 0.7215624626509576, 0.008430649684529362, 0.27261707277446257, -0.24964502672506206, -0.33205967553904353, 0.30494571746604165, -0.511436367721769, 0.5282300568839633, -0.051210831141251544]], "inverted": true, "swapped": false, "error_lsq": 0.0562267158001291, "error_max": 0.2879961575979082, "target": "1079.xyz", "model": "20.xyz", "model_rescale": 4.121658175737393, "target_rescale": 3.7988913446104267},
{"mapping": [2, 1, 11, 3, 10, 6, 8, 7, 5, 9, 12], "R": [[0.8305785053882392, -0.04291671817996123, 0.5552454427437481], [-0.03467138495633143, 0.9911071377153923, 0.12846998340006233], [-0.5558212315594366, -0.1259555352902928, 0.8217043030661865]], "T": [-0.06205177981724341, -0.06260247967811271, -0.041163326973734586], "aligned_model": [[-0.5470312326562093, -0.32462725220446326, -0.27379282523734727, -0.6989389789545849, 0.17177167651174644, 0.2573255252627989, 0.5542421914033357, -0.21829896797719966, 0.08258850979484444, 0.46356341468814133, -0.11137129883103042], [-0.6157402132307337, -0.16933247967371273, 0.11466967801288315, 0.2147396939284223, -0.6641148544025101, -0.560537915376426, 0.04646475334139506, 0.5283935792509011, 0.48719394633426494, 0.05157789302318665, 0.029079439760626935], [-0.22836699214459869, -0.6752277514567757, 0.7944857111594753, -0.03132883348526882, 0.3972229136757347, -0.3107609919262521, -0.2901395956925165, 0.2640063540557945, -0.4162721199281144, 0.4419043545942843, -0.058214453044552736]], "inverted": true, "swapped": false, "error_lsq": 0.043341627260918475, "error_max": 0.23252885926172853, "target": "1079.xyz", "model": "21.xyz", "model_rescale": 4.08911054899281, "target_rescale": 3.7988913446104267},
{"mapping": [15, 1, 14, 2, 9, 8, 6, 13, 0, 10, 16], "R": [[0.023011993651323975, -0.5670758336172861, 0.8233440636061281], [-0.49639603975285596, 0.7083880487713528, 0.501774196303075], [-0.8677911153416314, -0.4202515571478299, -0.26519277676617004]], "T": [-0.059961529453112346, -0.0507571614843656, 0.04884558267724392], "aligned_model": [[-0.6412761060936651, -0.3243302731703499, -0.42972143765419507, -0.7240097641851502, 0.11010057966050119, 0.2522901421095036, 0.5606159148260341, -0.11125716846608583, 0.06775697786197271, 0.6557423322042463, -0.06048043529277981], [-0.49066333707162, -0.20230449543204965, -0.12637965403657103, 0.05770669013421137, -0.4649086771529952, -0.3873245254257593, 0.12247011550676712, 0.5305255633828526, 0.5286908522204614, -0.10164778773282585, -0.0037712234241735823], [0.04091226309562581, -0.6840534241338979, 0.5678652690614717, -0.21293555532658653, 0.603016145478738, -0.4707536101588947, -0.3259077691550899, 0.3590215282588296, -0.4491578113694348, 0.41805221287735395, 0.041249347179094564]], "inverted": true, "swapped": false, "error_lsq": 0.04132126135699367, "error_max": 0.22117172197415536, "target": "1079.xyz", "model": "22.xyz", "model_rescale": 4.204369325754507, "target_rescale": 3.7988913446104267},
{"mapping": [13, 14, 7, 12, 9, 11, 2, 0, 1, 5, 15], "R": [[0.7585570194977307, 0.007668816331998646, -0.6515615377128898], [-0.4097481894703642, -0.7718771161354259, -0.4861194696905452], [-0.5066534016430544, 0.6357254964546605, -0.5823705210267752]], "T": [-0.1510896037386192, 0.049773213179041174, -0.02649168714159373], "aligned_model": [[-0.4966930480167764, -0.3737229786189019, -0.3390143138045535, -0.6040988855480254, 0.06791384121332883, 0.12931531925540699, 0.6611297717414731, -0.1757982215088549, -0.003833589441116114, 0.6066928019841274, -0.11645993545607625], [-0.5262280373762543, -0.3670937781327818, -0.1710176370469703, 0.2146748539850698, -0.5183590330912345, -0.5967113120435908, 0.18925146828737766, 0.6473007036949774, 0.6444384547881155, -0.10198471050550964, 0.04812254840909855], [-0.037011384560115886, -0.6400022852735492, 0.6150387117830809, -0.2867398411473396, 0.44070536850367154, -0.17697105352847925, -0.3024822403489619, 0.312661140122994, -0.27186556646592885, 0.2800992470604276, -0.046123500338589786]], "inverted": false, "swapped": false, "error_lsq": 0.04192137530574979, "error_max": 0.19654105375260156, "target": "1079.xyz", "model": "23.xyz", "model_rescale": 4.410303926677745, "target_rescale": 3.7988913446104267},
{"mapping": [11, 1, 15, 10, 13, 7, 0, 4, 3, 12, 16], "R": [[-0.6691790685177952, 0.45910866586879107, -0.5843103688809868], [-0.5254560425244484, -0.8483498748459462, -0.06479534877915602], [-0.525447734443875, 0.2636697228978827, 0.8089394016826926]], "T": [-0.15031077346132826, -0.08525912021834312, 0.1559503043155458], "aligned_model": [[-0.5461225121270497, -0.173503664462908, -0.3899178505184486, -0.6649384023854982, 0.19289774012102429, 0.16761779927578435, 0.488511506566882, -0.19360145771898513, -0.03232665795448886, 0.6355531706811377, -0.12873890967741805], [-0.5140703458983208, -0.14857667517066359, -0.0027715941955733653, 0.17429902378866416, -0.6560121139895677, -0.5066327466273044, 0.11218993928618615, 0.6017698121495644, 0.5495643932777864, -0.1290351102943771, -0.018331061358096562], [-0.08935661950850102, -0.6994959690483552, 0.8231072929692923, -0.14665822118091043, 0.38097377005837313, -0.2481494188798573, -0.19519891542800316, 0.1547110557257694, -0.47041208267345536, 0.3192823549774037, 0.05850534879545406]], "inverted": false, "swapped": false, "error_lsq": 0.0361795916963693, "error_max": 0.17572230391860938, "target": "1079.xyz", "model": "24.xyz", "model_rescale": 4.28219845311461, "target_rescale": 3.7988913446104267},
{"mapping": [13, 12, 4, 9, 2, 14, 10, 1, 5, 6, 15], "R": [[0.8006961933027276, -0.5981710910499156, -0.032816944749248386], [0.5890575916961869, 0.7761572582199775, 0.22492457441892846], [-0.10907226822437523, -0.1994273209582911, 0.9738233843771616]], "T": [-0.16892129087796962, -0.0017623081572802138, 0.03350378873224078], "aligned_model": [[-0.4722919252860618, -0.3093378871852519, -0.4810214505678153, -0.6616164173338902, 0.05630865211433794, 0.3012036232496552, 0.5168291812168435, -0.0839839930841172, -0.051215171883745275, 0.6827133325560074, -0.14215718199593028], [-0.5101454667810477, -0.41107944199837076, -0.0466015142554554, 0.23371607776960981, -0.5609646042646627, -0.5139438497700776, 0.04550573634740949, 0.5497905670269435, 0.7675799656027826, -0.08412072303145979, -0.0073432256773736885], [-0.015783929246556964, -0.5967045606718406, 0.6932245697781089, -0.3648366762053812, 0.3580716386432151, -0.27761878910848875, -0.36300200040370867, 0.3472751707385766, -0.31223949214412844, 0.3165809771966289, 0.10234168723078507]], "inverted": true, "swapped": false, "error_lsq": 0.045917644870741216, "error_max": 0.2454416956240122, "target": "1079.xyz", "model": "25.xyz", "model_rescale": 4.100010024507729, "target_rescale": 3.7988913446104267},
{"mapping": [4, 9, 6, 5, 0, 10, 8, 2, 7, 1, 11], "R": [[0.060368311243823455, -0.8731396711471905, -0.4837176673086744], [0.9550102583851344, -0.09044510000363613, 0.2824448446413767], [-0.29036369156064956, -0.4790060527324355, 0.8283973250010913]], "T": [0.017964189838648524, 0.036817193584883466, 0.03216303649646327], "aligned_model": [[-0.6706594688300646, -0.20919284307344774, -0.41137043542447954, -0.7085394861025024, 0.25234112214868065, 0.19757655818142603, 0.5519328115326564, -0.033555649948790796, -0.1126761100045916, 0.5648894498323052, -0.06531518651115967], [-0.5022457322519542, -0.21072462763932623, -0.039952641700345105, 0.1638824519056651, -0.6013877627601408, -0.478007929075163, 0.03200925079061497, 0.6338081497028581, 0.45740465816389636, 0.0285068593346968, -0.02089915550250409], [-0.00021286414258993996, -0.7204548155921519, 0.5120175041045337, -0.11007971127437552, 0.36623093862331624, -0.3109067126083785, -0.2706772245110568, 0.46656468336983864, -0.4822254775580574, 0.4793210086760089, -0.042268733279877756]], "inverted": false, "swapped": false, "error_lsq": 0.042303056210512786, "error_max": 0.20667091574290067, "target": "1079.xyz", "model": "26.xyz", "model_rescale": 3.6694154284099745, "target_rescale": 3.7988913446104267},
{"mapping": [4, 10, 5, 8, 0, 2, 12, 7, 9, 6, 13], "R": [[-0.4846966978648121, 0.8722827885782454, -0.0647444810706447], [-0.8716553161647045, -0.47554149982753763, 0.11864776333157315], [0.0727057142235463, 0.11394305021341178, 0.9908233245272882]], "T": [-0.04047590188140902, 0.01563566515128737, -0.0025036220360427587], "aligned_model": [[-0.5644760504121075, -0.3008668428174533, -0.4017517262915749, -0.65248122674677, -0.07177907647567869, 0.30729650621010224, 0.6597339798025638, -0.15101517139672468, -0.05176016630661001, 0.594993645011027, -0.012463108776742147], [-0.6043246079578014, -0.15085256500779723, -0.026309149405935046, 0.15989931853611417, -0.5247728542517345, -0.542620893312357, 0.16420318237223067, 0.545978589411553, 0.5265897262921545, -0.05291875501682707, -0.03247847069130238], [-0.1313588671572109, -0.5186130551891036, 0.7001334898144952, -0.11649780205658472, 0.3768538433578728, -0.1743570866675181, -0.3450917534363744, 0.3178804869652217, -0.4537930505078272, 0.24783450580733452, -0.01568211512309551]], "inverted": true, "swapped": false, "error_lsq": 0.0350892935219289, "error_max": 0.18771959253401985, "target": "1079.xyz", "model": "27.xyz", "model_rescale": 4.103607728864725, "target_rescale": 3.7988913446104267},
{"mapping": [5, 9, 8, 6, 1, 0, 3, 13, 10, 2, 14], "R": [[-0.15028454613039222, 0.5124851735222862, 0.8454427846485028], [-0.3340391604837514, 0.7785419730379471, -0.5313099241323198], [-0.930501152314006, -0.3622586688238297, 0.054187290062286175]], "T": [-0.11337163183462418, 0.14561508523696087, 0.00014504268401681515], "aligned_model": [[-0.4861323715612981, -0.2950212032217525, -0.39871603494413704, -0.6845528286428157, 0.09711208696285362, 0.23009889155908214, 0.5583363318422522, -0.04551962898226991, -0.12758670915346831, 0.5408291297151966, -0.03341690177361069], [-0.46458229923692096, -0.18702389431375643, 0.04660239868077129, 0.08598131046327984, -0.6344707687796518, -0.4553488445206655, 0.03623110485523684, 0.5998795811397903, 0.4196298988083305, -0.005225715898718786, 0.020720749770602565], [-0.15428615002498697, -0.725443455399657, 0.7624147038418131, -0.2671808187115343, 0.3874737100444712, -0.1746751382779395, -0.3166741627561265, 0.457214409875446, -0.42937688903311816, 0.3011253120248197, 0.04671707422402237]], "inverted": true, "swapped": false, "error_lsq": 0.04213709678717847, "error_max": 0.22701422606229207, "target": "1079.xyz", "model": "28.xyz", "model_rescale": 4.137296879288765, "target_rescale": 3.7988913446104267},
{"mapping": [4, 4, 9, 6, 8, 3, 2, 0, 5, 7, 10], "R": [[-0.6034449076166873, -0.7526318254200434, -0.26343799808756035], [0.7892863689338631, -0.610785766173617, -0.06299028222595676], [-0.11349568840570884, -0.24593918598832798, 0.9626176008720769]], "T": [0.034510908608718686, 0.015487343806979283, 0.04826161421334343], "aligned_model": [[-0.46448937136640184, -0.46448937136640184, -0.43572560887536876, -0.6268869884407325, 0.13386505596722767, 0.31922627756850475, 0.5088011980714028, -0.08046309994908443, -0.027109775869978738, 0.5316700052202711, -0.03896755915940656], [-0.36908840015607064, -0.36908840015607064, -0.08455551421721524, 0.22987090402195434, -0.6037870310270789, -0.5422017897192905, 0.1050997840004535, 0.6253878990950109, 0.4769566304099795, 0.01766657878044579, -0.023867140063820486], [-0.40199406928019865, -0.40199406928019865, 0.6644298221173739, -0.13268128795499803, 0.40178937840215145, -0.2233791669433514, -0.567479734041039, 0.37279609987347045, -0.43799668771905254, 0.5648274941117222, 0.04899081652133025]], "inverted": false, "swapped": false, "error_lsq": 0.06614675584518578, "error_max": 0.4638952425901992, "target": "1079.xyz", "model": "29.xyz", "model_rescale": 3.607286011436655, "target_rescale": 3.7988913446104267},
{"mapping": [13, 11, 7, 12, 2, 1, 9, 4, 8, 0, 14], "R": [[-0.28538881176686315, -0.8850092891520722, -0.36784750132744143], [-0.8919174468541926, 0.3857167805119427, -0.236020832191993], [0.35076558285469944, 0.2607318993641667, -0.8994344792916033]], "T": [-0.13702893873012068, 0.0764840426582887, 0.00857263121693057], "aligned_model": [[-0.5079360206344072, -0.26843184743794224, -0.5136564290875281, -0.8053921751715961, 0.04380209978480973, 0.25975565560974034, 0.4739466442542889, -0.08989879387351982, 0.09617851105229702, 0.701512471379524, -0.034449354075634875], [-0.5526610779742523, -0.07959160531339879, -0.12704512329667655, -0.049259476145871894, -0.5446729451385109, -0.509598066147829, 0.08089097495524188, 0.7284327023949358, 0.6223324647360273, -0.14920437141072038, 0.042770044309351954], [-0.041416128811059175, -0.5417951827497827, 0.6535661014553572, -0.2046902808503609, 0.4898248263413507, -0.18382229150017568, -0.482596101350994, 0.27237404178109026, -0.32730347505770147, 0.3699162715238176, -0.11674918497433197]], "inverted": false, "swapped": false, "error_lsq": 0.045131360011686765, "error_max": 0.2649062796926435, "target": "1079.xyz", "model": "30.xyz", "model_rescale": 3.964800864290218, "target_rescale": 3.7988913446104267},
