[{"mapping": [7, 4, 1, 11, 6, 13, 2, 3, 0, 9, 10, 14], "R": [[-0.32524819591147053, 0.7474896775222524, 0.5792001321253414], [0.918666567975821, 0.3949863880369784, 0.006122919975630137], [-0.22419934866065094, 0.5340832662265134, -0.815162386765336]], "T": [-0.09938759882232773, -0.03904249604705806, 0.05217137320438208], "aligned_model": [[-0.30165074926364277, 0.23057780529547672, 0.48278624373564527, -0.2603692459950011, -0.06120288620999731, -0.7153924262104653, 0.3765934526510319, -0.0807430290458363, 0.5742368254959503, 0.24361166639814003, -0.5929430629613571, -0.05786213142939578], [-0.40931320099027524, -0.6606188568502245, -0.40435055806622705, 0.6278208610380551, 0.41215047668104965, -0.3157839556425562, -0.1347159323559577, -0.6691167337727209, 0.11873287347059217, 0.39275960763868745, 0.1815380799474678, -0.08554762512083322], [-0.5694043666319015, 0.06674614378090532, -0.3433403426492015, -0.021984358317283244, -0.6191087545448604, -0.08483354885795763, 0.5307626955080209, 0.44395592678237866, -0.13447462155093437, 0.45659151855144714, 0.43965653474976446, 0.01738491853318469]], "inverted": true, "swapped": true, "error_lsq": 0.05065030580661392, "error_max": 0.33602007216449575, "target": "108.xyz", "model": "0.xyz", "model_rescale": 3.751011558992144, "target_rescale": 4.1555304028207525},
{"mapping": [8, 4, 5, 9, 10, 7, 1, 6, 11, 2, 3, 0, 13, 12, 14], "R": [[-0.1728009915988359, 0.009185659442469685, 0.9849139256620685], [0.9705261695860865, -0.16895472380835438, 0.17185242346676916], [0.16798443812156566, 0.9855810088285235, 0.02028062093556876]], "T": [0.08729583420588086, 0.015772261831216612, -0.06137296840843956], "aligned_model": [[0.034578221295221284, 0.307828732904799, 0.3916359821842962, 0.6313887894767216, 0.8485518361966015, -0.3103412029695064, -0.3578607579452222, 0.10404358227478831, 0.5044486706299866, -0.2828111608721897, -0.4263607885267845, -0.6698234670100914, 0.15524693877568924, 0.03354645025672263, 0.10918610135966753], [-0.5503009915692666, -0.12307717742655389, -0.4897447128711403, 0.0018153436114388619, 0.07527996725804512, 0.5460920970140228, 0.18009766951445771, 0.6680152006516366, 0.6836614969678332, -0.6475511696096687, 0.03258644038396787, -0.03185386595207624, -0.2396745089099518, 0.49026559321127994, 0.04561948158663828], [-0.4037180826038478, -0.8081393600725688, 0.14336029613807547, 0.3100535812521136, -0.3603744409078218, -0.04340959246444556, -0.5717829196143202, -0.43288933004499397, 0.06761722338390083, 0.26536995727454804, 0.5036757435051826, -0.06394865823697309, 0.6151119116932748, 0.5077862239781428, -0.02095302135039772]], "inverted": false, "swapped": false, "error_lsq": 0.04356866388301014, "error_max": 0.3025374540489675, "target": "108.xyz", "model": "1.xyz", "model_rescale": 3.9405287249114394, "target_rescale": 4.1555304028207525},
{"mapping": [7, 6, 1, 10, 11, 4, 13, 5, 9, 2, 12, 3, 14], "R": [[0.9374807122668123, -0.21862993547990578, -0.2707967234657073], [-0.021023584750878774, -0.8122209776448688, 0.5829709189640907], [-0.3474016738761245, -0.5408308744752522, -0.7660378856181991]], "T": [-0.017164501847297613, -0.06820130432498017, -0.027608945742405893], "aligned_model": [[-0.11099810722218334, 0.3791275928583427, -0.6215869180603573, 0.4208017383746258, 0.606985197943932, -0.7056153987783678, 0.16852043251261734, 0.4769810612454581, 0.05932366984042028, -0.4395454252560165, -0.10500545754922619, -0.5576154967639104, -0.075389609861403], [0.6716264805968915, 0.3769524909628259, 0.2595091113363053, -0.36321782502096445, -0.18330342396534915, 0.04115728169522573, 0.31061456425822453, 0.5218868765157978, -0.669326978189376, -0.5937975849993782, -0.6659410410569298, -0.21532917581346797, -0.03199818274778819], [0.06304027090375976, -0.575733799258674, -0.4226852760364856, 0.37680218423268397, -0.2983663178887239, 0.06997602410315244, 0.5172192605347196, 0.03705850132060842, -0.344554825136197, -0.12812723682826274, 0.4066866085641275, 0.45932268495634615, -0.04751772987841057]], "inverted": true, "swapped": true, "error_lsq": 0.05629619549366782, "error_max": 0.4074908994420668, "target": "108.xyz", "model": "2.xyz", "model_rescale": 3.932901565614263, "target_rescale": 4.1555304028207525},
{"mapping": [9, 10, 12, 11, 2, 4, 3, 0, 6, 1, 13, 5, 8, 14], "R": [[-0.02535169451477573, -0.769922216595455, -0.637633963946378], [0.9619062021017547, -0.19246401536752897, 0.1941495844620481], [-0.27220167145594065, -0.6084220436352951, 0.7454722442017834]], "T": [0.02330957312593193, -0.02984459014050539, 0.0015825011304901188], "aligned_model": [[-0.3947866111896621, 0.4567579849638006, 0.24032050837022395, -0.05532450082831655, -0.33610619947584097, -0.07813454448457008, 0.25935666538426316, -0.681191185068997, -0.2386330750870607, -0.4461056020042663, 0.6762794864381557, 0.3891270409662837, 0.6323996361729729, -0.004149692104282635], [0.008536195616545554, 0.1337671777426352, -0.42165438616151263, 0.6003131043293413, -0.49924697774471344, -0.6531456285092443, -0.7326612864936888, -0.045162731098029915, 0.6419606729883363, -0.337200042245755, 0.023701244467440707, 0.5331768257955809, -0.5237149186449592, -0.06517261169148814], [-0.5382134812528262, -0.4756503569071803, -0.5925662955389993, -0.26830425804930513, -0.3378916841586466, 0.31247101930375903, -0.03257541176857033, 0.13175045372689465, 0.3699762012762779, 0.5619287333218248, 0.2150801999448077, 0.38335500252638793, 0.42732003975759253, 0.05721620087508056]], "inverted": true, "swapped": true, "error_lsq": 0.04705939462804809, "error_max": 0.3110842657103323, "target": "108.xyz", "model": "3.xyz", "model_rescale": 3.9243930471874484, "target_rescale": 4.1555304028207525},
{"mapping": [8, 12, 13, 7, 5, 4, 1, 10, 11, 9, 6, 0, 14], "R": [[0.5665852276317914, -0.8235335118751546, -0.02781608613745315], [0.7514569247131897, 0.5302578878549528, -0.3926054796716418], [0.338073468539054, 0.20154187452283806, 0.9192862463258079]], "T": [-0.05026574547401215, 0.0060699226567431375, -0.12444542053688518], "aligned_model": [[0.13204491474689112, -0.379208365615902, 0.47295727990786046, 0.3808098901653422, 0.7004572413245577, -0.44867786174834995, -0.3813244263595577, 0.18462172609224964, 0.2515163372160251, -0.46600325072662424, 0.37188399130532745, -0.4675817800190132, -0.07428980997745427], [-0.7196969023397112, 0.24141493937477934, -0.25536234735981667, -0.581181649273287, -0.06506877575486567, -0.5702773415551147, -0.5376257563090552, 0.40971472984864565, 0.5844042426350826, 0.54350946749562, 0.11623251454992095, 0.015685985013154907, -0.05391955264376646], [-0.6104252524027698, -0.748969984199199, -0.4887378379683663, 0.05906633642285783, 0.04264754784425204, -0.19181292607629805, 0.34841929478516603, -0.5980447052002396, 0.10044986436082562, -0.04712615371759547, 0.5576865197151921, 0.4580101728598626, -0.0940925610527243]], "inverted": true, "swapped": true, "error_lsq": 0.043644642199094, "error_max": 0.23639758202992156, "target": "108.xyz", "model": "4.xyz", "model_rescale": 3.8936222436046832, "target_rescale": 4.1555304028207525},
{"mapping": [8, 3, 1, 7, 0, 9, 10, 11, 5, 13, 6, 14], "R": [[-0.38680962262261387, 0.9152329241406608, -0.11281405238482617], [-0.5795747477366148, -0.3364377072250955, -0.7422282539375338], [-0.7172666363581887, -0.22171685485333814, 0.6605832336968246]], "T": [-0.20908173508290528, -0.049360399805757474, 0.03411901240565172], "aligned_model": [[0.11681207867219734, -0.48103535612507436, -0.376566773887392, 0.35844428960048125, -0.5869356597886636, -0.7367850963554148, -0.1014328632346814, -0.043361364141715625, 0.5442853355347167, 0.3425543914826821, 0.20809650885499753, -0.2165274483970358], [-0.7376138273123107, -0.6797925082341149, 0.21249520025596613, -0.05192855749344712, 0.4919850986110198, 0.18437585436731796, -0.3600294218123527, 0.35918450086351084, 0.10879755100548118, -0.4622777474435449, 0.6444559534092854, -0.040729191107003605], [-0.43090948108441907, -0.24771939185229067, -0.6953919792903861, -0.4580951617012907, -0.24457638144058771, 0.4009346781542563, 0.6123006588288938, 0.5649190906451141, 0.09728464314021926, 0.03798933297808935, 0.018908436354147774, -0.03635972545622792]], "inverted": false, "swapped": true, "error_lsq": 0.04393364486243007, "error_max": 0.2585483043951599, "target": "108.xyz", "model": "5.xyz", "model_rescale": 3.6523030999806103, "target_rescale": 4.1555304028207525},
{"mapping": [8, 13, 10, 3, 12, 7, 11, 4, 6, 0, 9, 2, 14], "R": [[-0.7055834885039415, 0.35331020101142346, -0.6142669147950879], [0.7043661385872328, 0.4445917170230326, -0.5533593298808857], [0.07759048628742676, -0.8231100212096676, -0.5625563166669639]], "T": [-0.012212240633224888, 0.003393682146866535, 0.0058345779481608386], "aligned_model": [[0.2945354293648642, -0.07142293875719606, 0.13518688953987318, 0.6452925401660691, 0.6426079798651919, -0.3772135506592719, -0.43895508184717724, 0.3641098890910681, -0.807131133456822, -0.1584343058590988, 0.15658933892011384, 0.508063911256233, -0.012146062959553401], [-0.6127699802800072, -0.1621952105571554, 0.4969532788181703, -0.3089911424521812, 0.33168901268941553, -0.585835177622588, 0.5453820554161548, -0.5698207572924346, 0.008571529285041853, -0.11273697557794288, 0.49723248156616207, 0.07553592433604006, -0.06218813416549215], [0.5736367143755031, 0.67208719020163, 0.4266313912242296, 0.15053940176661554, 0.136425962150147, 0.2955768285997949, -0.010291518303613086, -0.15307931464576086, -0.1482021857112734, -0.6859980879474643, -0.43607771377969307, -0.4287563149939256, -0.022382613454400208]], "inverted": true, "swapped": true, "error_lsq": 0.0479250230702897, "error_max": 0.264213864535469, "target": "108.xyz", "model": "6.xyz", "model_rescale": 4.08911054899281, "target_rescale": 4.1555304028207525},
{"mapping": [11, 10, 9, 3, 8, 7, 12, 5, 4, 1, 2, 13, 0, 6, 14], "R": [[-0.9625951595863481, -0.16636800349486341, -0.21385099053795975], [0.009706300762822584, 0.7676007302480046, -0.6408548249394962], [0.2707699142564311, -0.6189594545169043, -0.7372739295524438]], "T": [0.05848612689058903, 0.055610862476919376, -0.07533384217718454], "aligned_model": [[-0.03531579577744197, 0.2911993254757819, 0.46074591674397186, 0.6546258363054257, 0.6997700598287172, -0.4237086072955549, -0.3421044069503076, 0.08731113868285889, 0.5831106552500962, -0.20173267426960495, -0.4665779105640449, -0.6493021507955362, 0.21942098255941067, 0.0908145806175228, 0.10500097821940528], [-0.383460732601244, 0.055379569222620995, -0.5982621035750265, 0.10141595790811703, -0.0710019649486659, 0.6375042927149399, 0.13245138459913236, 0.7211180282724297, 0.5263184709317827, -0.5286582112179202, 0.07776065190411327, -0.0938069957431924, -0.13586025753057018, 0.3030442145191896, -0.10271144059504361], [-0.453419013344284, -0.7573304786862384, 0.08339395514053106, 0.4432900835696968, -0.2699439204662837, 0.0925269296143064, -0.6598205198425086, -0.4451588826400106, -0.08260991862832519, 0.2836395327434644, 0.5361861384378599, -0.18760396271976926, 0.8313606849585108, 0.3569560765466125, -0.06370717275369284]], "inverted": false, "swapped": false, "error_lsq": 0.053538456213213605, "error_max": 0.3636461595534577, "target": "108.xyz", "model": "7.xyz", "model_rescale": 3.964800864290218, "target_rescale": 4.1555304028207525},
{"mapping": [2, 3, 4, 9, 1, 10, 0, 8, 13, 5, 11, 6, 7, 14], "R": [[0.6141407823872046, 0.7738590610969109, -0.1548329841055826], [-0.047408166257243534, -0.15966101578751984, -0.9860328725807386], [-0.7877712645057307, 0.6129033476788202, -0.06136710212432653]], "T": [-0.07960604843753544, -0.06710812525574353, 0.06941484733941217], "aligned_model": [[-0.32635681537185285, 0.30505025068687797, 0.3592610572536421, -0.7164445712684664, 0.228478299106271, -0.2843233126050078, -0.3363920105964931, 0.7567571347629651, 0.39394925046266877, 0.1637480850916365, -0.5827223357387554, -0.21294682125616526, 0.5503507746819418, -0.0372210957483895], [-0.10553875430493431, -0.4111657663591022, 0.07498058745948677, -0.08180351263161512, 0.5731076939065739, -0.6579550029325895, 0.5414763687801885, -0.3614644146186625, -0.4142145536071026, 0.012254640331727448, -0.04658251400974023, 0.4989492890438496, 0.2078563501817343, -0.018951945058611606], [-0.5649337692188595, -0.46397072857386457, -0.4622365661097294, -0.17933793773072126, -0.2827408287545454, 0.296104825055076, -0.2084080150745573, -0.030595446006963734, 0.4300817820236782, 0.7981439427750596, 0.5411919143975533, 0.6328413490662493, 0.37259155418085904, 0.038082962695787016]], "inverted": false, "swapped": true, "error_lsq": 0.041035453703188965, "error_max": 0.2366765757725991, "target": "108.xyz", "model": "8.xyz", "model_rescale": 4.121658175737393, "target_rescale": 4.1555304028207525},
{"mapping": [2, 12, 3, 4, 9, 0, 10, 5, 13, 11, 1, 7, 14], "R": [[0.11740924205513686, 0.946854766359998, 0.2994680639089789], [0.7261748039554693, 0.12384152012008759, -0.676264321101285], [-0.6774106760158671, 0.2968658439694603, -0.6730419353235176]], "T": [-0.04161133481274698, -0.06582751329875672, 0.017713339969900384], "aligned_model": [[-0.5091949491850374, -0.0743256387108912, 0.15525862668296375, -0.022561385005023922, -0.634771610382479, -0.6418997919331755, 0.17661778129335434, 0.4492015764668894, 0.6437871138038931, -0.21100719352098304, -0.2626569815001324, 0.4542305677864587, -0.04594061936063956], [0.03951109563158513, -0.3835588682844522, 0.21459021303189205, 0.5466727697943513, -0.3734603836041194, 0.2673005860538469, -0.6632112066452358, -0.1911969639077304, -0.13628945518043728, -0.5930230434041532, 0.6856729650451501, 0.3720579721407534, 0.005321758740259669], [-0.4670859613913428, -0.6542970879527931, -0.6406516184462218, -0.32859182427758543, -0.12782054352628427, 0.22308884311587407, -0.17698209632147824, 0.6007664802385171, 0.026780471490373083, 0.42940596360573463, 0.1409680909606731, 0.3737530661056517, 0.021741650357970606]], "inverted": false, "swapped": true, "error_lsq": 0.04618847953001607, "error_max": 0.2590802149031188, "target": "108.xyz", "model": "9.xyz", "model_rescale": 3.833441315466971, "target_rescale": 4.1555304028207525},
{"mapping": [12, 11, 6, 3, 7, 13, 10, 8, 9, 1, 5, 0, 4, 2, 14], "R": [[0.09215394982918179, -0.9679500382299986, 0.23362442727896598], [0.2526402982124214, -0.20421676874539052, -0.9457633906439445], [0.9631617357692421, 0.14617877702914306, 0.2257238044519112]], "T": [0.06842491424528575, -0.03641742603647974, -0.059062483048550316], "aligned_model": [[-0.016612962700152167, 0.3736127804383773, 0.23529981756278212, 0.7086930687856665, 0.7081509498573804, -0.5004864496948117, -0.32644782093393987, 0.15587031219430103, 0.4942495719021674, -0.4236711827832564, -0.2740574117768301, -0.6112829943210086, 0.34868785881324915, 0.06818635140710003, 0.13306603927967459], [-0.5260695362409296, -0.046806286825498554, -0.6588259228192488, 0.2471967826672522, 0.03566339051246625, 0.46049925254764773, 0.2120944698167938, 0.5919014482260874, 0.6531778872785166, -0.562978738372816, 0.037175140157686554, -0.06472024682790625, -0.32248628190020867, 0.5583353647465528, 0.027074140894267018], [-0.3996934090780503, -0.6690538919582041, 0.15539030387739616, 0.4546899093064082, -0.23072765723215155, 0.1960849565611617, -0.7358722821438048, -0.5119731331769157, -0.026785690796126513, 0.1027508308466173, 0.5194919154572851, -0.09098537563911174, 0.6305242567435881, 0.3445701666110147, -0.030651367449237132]], "inverted": true, "swapped": false, "error_lsq": 0.050477508908353334, "error_max": 0.39829414956846354, "target": "108.xyz", "model": "10.xyz", "model_rescale": 4.2482417240324, "target_rescale": 4.1555304028207525},
{"mapping": [6, 0, 4, 2, 5, 13, 7, 12, 9, 10, 11, 14], "R": [[-0.7709137900957569, 0.3483441793852286, -0.533243153663155], [0.11875859590555705, -0.7439039743816183, -0.6576498101556583], [-0.625770184763333, -0.570318515908141, 0.532116966722167]], "T": [0.037864143027542756, 0.051554726469711806, -0.010770706765063955], "aligned_model": [[-0.7460489206998592, -0.06454403387801091, 0.47288571128796636, 0.5688376637783409, -0.5948192608172459, -0.03663744241711509, -0.28381321476486393, 0.6524978929678903, 0.18036917196801439, 0.11893955685591684, -0.43624834303968135, 0.045346821121654286], [-0.14615516477744334, -0.6563471153147498, -0.15139576360398593, -0.3410735400114099, 0.4596997063221736, 0.689398570325993, 0.2490587187742806, 0.2569446127996245, -0.31922165066647384, 0.5348895619483571, 0.07441421718352596, 0.01591923707074777], [0.03440991129300027, 0.0326712927723908, 0.5040244931818467, -0.1800963875778531, 0.161552139434994, 0.2390749978502444, 0.6387545258672559, -0.37636857722532757, -0.567434340871153, -0.46045031625476435, -0.5115857369970137, 0.050640288380735775]], "inverted": true, "swapped": true, "error_lsq": 0.04224343287838856, "error_max": 0.21144898573672327, "target": "108.xyz", "model": "11.xyz", "model_rescale": 3.6694154284099745, "target_rescale": 4.1555304028207525},
{"mapping": [11, 9, 2, 12, 10, 6, 5, 7, 3, 8, 1, 13, 0, 14], "R": [[-0.002179039008593675, 0.3068887091285111, 0.9517429127650152], [0.798071161255409, -0.572950546720414, 0.18657463006856545], [0.6025592695838662, 0.7599651250039143, -0.24367054687906547]], "T": [0.03648355715444274, 0.0580514258420609, -0.07996056566150128], "aligned_model": [[0.03353981612094054, -0.03823850873450075, -0.0308369076308394, 0.5788399097422666, 0.6314643568339485, -0.46021292947564246, 0.07549028350741671, -0.13922917003892316, 0.3402513501564961, 0.3882329125575967, -0.6145502191848641, 0.4686368963238367, -0.6237059400178616, -0.011416999904060483], [-0.42128532990843354, 0.295185701230176, 0.6874900321452962, 0.5113935174636985, -0.09332169670139547, -0.5766321685510358, -0.6703427024038462, -0.2670765500026641, 0.6385105926748433, 0.2104900069002129, 0.3292117871686728, -0.2457881211990614, 0.24956029532034502, 0.0835919239994459], [-0.5762956432472851, -0.7170171996880212, -0.33301395425236374, -0.3122362415924488, -0.3358542210920342, -0.15818790107017372, 0.17398085797393575, 0.574091430852536, 0.2687923340031314, 0.7257601850049142, 0.28257627525672213, 0.36246813208812706, -0.2823805260342223, -0.03358806855040207]], "inverted": false, "swapped": true, "error_lsq": 0.043423964288096806, "error_max": 0.257609222533743, "target": "108.xyz", "model": "12.xyz", "model_rescale": 3.9764082729961374, "target_rescale": 4.1555304028207525},
{"mapping": [8, 7, 1, 9, 0, 14, 3, 4, 5, 10, 13, 11, 12, 6, 15], "R": [[0.1860856066184262, -0.27338422351126385, -0.943733655935082], [0.6617226678629146, 0.7448804187652851, -0.08530107019516558], [0.7262886876758026, -0.608616651164916, 0.3195160623176302]], "T": [0.12123324053081452, 0.03685999876191404, 0.011872249334106525], "aligned_model": [[-0.18354198854904707, 0.34026918117669885, 0.30942499678156277, 0.6762945602558731, 0.7710107753038243, -0.5886633747484278, -0.40856096443557366, 0.40286769537448863, 0.7083042381436606, -0.22720317536141216, -0.2679013323487593, -0.6306004218124306, 0.17456999460722747, -0.09595074229668132, 0.09293848593969606], [-0.4718070665028463, 0.10249102883546558, -0.5586992920351822, -0.0531879289920634, 0.06285727914282428, 0.4015753625187012, 0.06715823281783265, 0.6027755033743191, 0.5495453835359506, -0.6490575113571502, 0.17045140483653043, -0.21565505571296872, -0.21177766944957868, 0.7400808506603299, 0.10448034218849839], [-0.3728649507165292, -0.7083704344328633, 0.12683125196336706, 0.22470417497007145, -0.31096088127576055, -0.03099427175052363, -0.6414604107332874, -0.3291341982052641, 0.320620117076823, 0.24480170721890926, 0.4648713294653332, -0.027204472387407554, 0.5971482829790971, 0.21673892978186468, -0.0669666420239604]], "inverted": false, "swapped": false, "error_lsq": 0.047840672757873, "error_max": 0.302022452446013, "target": "108.xyz", "model": "13.xyz", "model_rescale": 4.170626492500431, "target_rescale": 4.1555304028207525},
{"mapping": [6, 11, 0, 9, 1, 3, 2, 5, 7, 10, 13, 12, 8, 14], "R": [[0.11221181757132498, -0.877505450787502, 0.4662538920326167], [-0.990222343063764, -0.059613674212330714, 0.12611867880776206], [-0.08287472048006578, -0.47584702760985, -0.875614862265495]], "T": [-0.05270287108716652, -0.00608814421014502, 0.05459475929119776], "aligned_model": [[0.4092097674200495, -0.08039430117410709, -0.21208300420092496, -0.6549129326739579, 0.13495545055968622, -0.25131959433846385, -0.6489541753494511, 0.616335717267136, 0.6650267735507797, -0.2359459827347295, 0.39380700524736906, -0.6207314761062049, 0.35684006981269595, -0.028650295188234275], [-0.47206495520172653, -0.6908219005583286, 0.06662988828401725, -0.25315478031055855, 0.5040782177091726, 0.62219273350289, 0.29179146352849195, -0.37292169771062844, 0.21396781334854456, -0.35093768747380694, 0.02404905300578578, 0.11342092844483562, 0.6110514460915005, 0.04879394526547644], [-0.4199076188197768, -0.025989158979223624, -0.6402503461399214, -0.1550676495984654, -0.5227444113832478, 0.3961366123562234, -0.08862934140482359, 0.17453761535596393, 0.02619211734661562, 0.5930167978910151, 0.5785592725681271, 0.5200864781119515, 0.5521531616093759, 0.0157795722070525]], "inverted": true, "swapped": true, "error_lsq": 0.03933600205726627, "error_max": 0.22438416975857534, "target": "108.xyz", "model": "14.xyz", "model_rescale": 3.9786697098870705, "target_rescale": 4.1555304028207525},
{"mapping": [4, 12, 7, 1, 13, 5, 9, 11, 6, 0, 10, 14], "R": [[0.1279919467577495, -0.4726707195065275, 0.8718947485140299], [0.5642924616280308, -0.6882475653981299, -0.4559487980829916], [0.8155930843962197, 0.5503614082080329, 0.17863437810324267]], "T": [-0.05197552779740001, -0.023131477311703702, -0.05380330360757617], "aligned_model": [[0.00952565760407529, -0.7809072127393193, 0.5659060565517812, 0.4276937696449267, 0.03377155708516299, 0.4370655231596251, -0.44290097367621684, -0.038670379025682086, 0.5892780683513786, 0.1972281010541042, -0.5047000583494208, -0.009935512893078487], [-0.4938816951985854, -0.03362586882927762, 0.1573009975628699, -0.6238548982970752, 0.5188286836026496, 0.5736410502570888, -0.2973796062092017, 0.3033761639660417, 0.13229328890693245, -0.6099025951582224, 0.4580384695595593, -0.0701594999383404], [-0.5734749313831929, -0.2026989761163443, -0.44114507394921987, -0.24836593384056682, -0.47063030958208674, -0.01820585679061508, 0.43570917448917984, 0.553927420866819, 0.41554427367358326, 0.27345327195837504, 0.02309610321574776, -0.08724266866784883]], "inverted": true, "swapped": true, "error_lsq": 0.04629219683182615, "error_max": 0.29800983590055174, "target": "108.xyz", "model": "15.xyz", "model_rescale": 3.769337070930944, "target_rescale": 4.1555304028207525},
{"mapping": [3, 2, 13, 10, 8, 4, 7, 0, 5, 11, 14], "R": [[-0.36032265758773635, -0.4262002867704636, 0.8297715938652551], [0.35976720171450427, -0.8841978378706705, -0.2979290923614995], [0.8606597138238935, 0.1911740020546893, 0.47192939931621924]], "T": [-0.0911304315940373, -0.030981389703866456, 0.10002310717898746], "aligned_model": [[-0.09702511003940448, -0.3049346394151815, -0.013554372462943776, -0.6569619060457969, 0.2586407652966114, 0.2962354167615193, 0.5471177450037263, 0.17262705547324667, 0.15304074952265312, -0.40464793632430374, -0.027911637078955845], [-0.15721276298131778, -0.6298150420304176, 0.602700208692021, 0.3134748033203124, 0.36021473187983905, -0.33635093677884154, 0.3615944256656312, -0.6166412726066247, 0.6255010345651013, 0.1313094437792587, -0.05871013587962027], [-0.6313230452116231, -0.14583668847780537, -0.1592985432822995, 0.040171534831569905, -0.6216255347233991, -0.4021162195106246, 0.04625814112096485, 0.41772445939053127, 0.42556425410192644, 0.6928884880723462, 0.0818107609121898]], "inverted": true, "swapped": true, "error_lsq": 0.04780094326347736, "error_max": 0.24261360312642571, "target": "108.xyz", "model": "16.xyz", "model_rescale": 3.7852294659196426, "target_rescale": 4.1555304028207525},
{"mapping": [2, 10, 13, 12, 9, 11, 6, 5, 4, 1, 0, 7, 14], "R": [[0.8444328779432531, 0.47920077880211837, -0.23937361643238506], [-0.22724503370703658, -0.08419236068605498, -0.9701913940339799], [-0.4850699014615967, 0.8736579765546426, 0.03780119969636381]], "T": [-0.011443079593709129, 0.006019820436365633, 0.0030964814356313477], "aligned_model": [[-0.018296606255677045, -0.3526009538805593, 0.25713427432852615, -0.1117667533439837, -0.5144666792351291, -0.6434690624116606, -0.2683916729703869, -0.03652310287688197, 0.6018513429335377, 0.47615259927433334, -0.07750178009795569, 0.49688366115535204, 0.04476058359676799], [-0.13682168773377845, -0.5199793063031636, -0.29282061013128413, -0.6591762162607141, -0.020194312664672906, 0.14177044861589944, 0.673841579867373, 0.20683969639637728, 0.02207806078898837, 0.5513534907316998, 0.5650075459770324, 0.298070228455585, 0.04508670596353193], [-0.663469610019039, 0.22520852655419538, 0.5628988872112012, -0.3148199354181914, -0.45943706770573284, 0.24441747981462053, 0.38209740336033154, 0.7484877526840973, -0.3419525706932516, -0.30295502158925997, -0.4403768891350568, 0.4728598911791539, -0.017204149099894046]], "inverted": false, "swapped": true, "error_lsq": 0.041407035179946296, "error_max": 0.2725127507818573, "target": "108.xyz", "model": "17.xyz", "model_rescale": 3.901054581598922, "target_rescale": 4.1555304028207525},
{"mapping": [8, 4, 5, 9, 10, 7, 1, 6, 11, 2, 3, 0, 13, 12, 14], "R": [[-0.1728009915988359, 0.009185659442469685, 0.9849139256620685], [0.9705261695860865, -0.16895472380835438, 0.17185242346676916], [0.16798443812156566, 0.9855810088285235, 0.02028062093556876]], "T": [0.08729583420588086, 0.015772261831216612, -0.06137296840843956], "aligned_model": [[0.034578221295221284, 0.307828732904799, 0.3916359821842962, 0.6313887894767216, 0.8485518361966015, -0.3103412029695064, -0.3578607579452222, 0.10404358227478831, 0.5044486706299866, -0.2828111608721897, -0.4263607885267845, -0.6698234670100914, 0.15524693877568924, 0.03354645025672263, 0.10918610135966753], [-0.5503009915692666, -0.12307717742655389, -0.4897447128711403, 0.0018153436114388619, 0.07527996725804512, 0.5460920970140228, 0.18009766951445771, 0.6680152006516366, 0.6836614969678332, -0.6475511696096687, 0.03258644038396787, -0.03185386595207624, -0.2396745089099518, 0.49026559321127994, 0.04561948158663828], [-0.4037180826038478, -0.8081393600725688, 0.14336029613807547, 0.3100535812521136, -0.3603744409078218, -0.04340959246444556, -0.5717829196143202, -0.43288933004499397, 0.06761722338390083, 0.26536995727454804, 0.5036757435051826, -0.06394865823697309, 0.6151119116932748, 0.5077862239781428, -0.02095302135039772]], "inverted": false, "swapped": false, "error_lsq": 0.04356866388301014, "error_max": 0.3025374540489675, "target": "108.xyz", "model": "18.xyz", "model_rescale": 3.9405287249114394, "target_rescale": 4.1555304028207525},
{"mapping": [13, 11, 14, 10, 11, 8, 7, 5, 2, 12, 1, 4, 3, 6, 15], "R": [[-0.9640916595760775, 0.008418755040253273, -0.2654362381051554], [-0.26542568221194507, -0.06345938509705934, 0.9620405987615215], [-0.008745236312877963, 0.9979489120223917, 0.06341521769383579]], "T": [-0.06434876833240867, -0.01459137461016942, -0.024225231799618628], "aligned_model": [[0.04764084254474997, 0.5243741407101478, 0.42490862138533547, 0.6956918076890654, 0.5243741407101478, -0.39206064127986695, -0.47095828755238534, 0.23847910629379143, 0.4958790700865753, -0.23387121744987555, -0.13081683772682845, -0.7766099516498369, 0.2708069431375901, -0.11314848456803601, -0.03143132429987358], [-0.4843990433830092, -0.05273729366931586, -0.6142502627065947, -0.031211147286779026, -0.05273729366931586, 0.6403080828770664, 0.06029015458479184, 0.7092263061098643, 0.5730399699157637, -0.46018178181285224, 0.17735983598606764, -0.17709371205095026, -0.33217440209502064, 0.6813492714806234, 0.004442179580323315], [-0.4912037396453, -0.4379442513375399, 0.0036205328643994436, 0.17569010754093728, -0.4379442513375399, -0.21391915486556726, -0.5940383629281196, -0.29926320406039103, 0.2858706485407743, 0.24568288305348449, 0.6036729705238599, -0.05491766867937065, 0.6914843912994146, 0.24329796421574, -0.012329333254912716]], "inverted": true, "swapped": false, "error_lsq": 0.04267760081004784, "error_max": 0.30912367097901683, "target": "108.xyz", "model": "19.xyz", "model_rescale": 4.410303926677745, "target_rescale": 4.1555304028207525},
{"mapping": [2, 3, 4, 9, 1, 10, 0, 8, 13, 5, 11, 6, 7, 14], "R": [[0.6141407823872046, 0.7738590610969109, -0.1548329841055826], [-0.047408166257243534, -0.15966101578751984, -0.9860328725807386], [-0.7877712645057307, 0.6129033476788202, -0.06136710212432653]], "T": [-0.07960604843753544, -0.06710812525574353, 0.06941484733941217], "aligned_model": [[-0.32635681537185285, 0.30505025068687797, 0.3592610572536421, -0.7164445712684664, 0.228478299106271, -0.2843233126050078, -0.3363920105964931, 0.7567571347629651, 0.39394925046266877, 0.1637480850916365, -0.5827223357387554, -0.21294682125616526, 0.5503507746819418, -0.0372210957483895], [-0.10553875430493431, -0.4111657663591022, 0.07498058745948677, -0.08180351263161512, 0.5731076939065739, -0.6579550029325895, 0.5414763687801885, -0.3614644146186625, -0.4142145536071026, 0.012254640331727448, -0.04658251400974023, 0.4989492890438496, 0.2078563501817343, -0.018951945058611606], [-0.5649337692188595, -0.46397072857386457, -0.4622365661097294, -0.17933793773072126, -0.2827408287545454, 0.296104825055076, -0.2084080150745573, -0.030595446006963734, 0.4300817820236782, 0.7981439427750596, 0.5411919143975533, 0.6328413490662493, 0.37259155418085904, 0.038082962695787016]], "inverted": false, "swapped": true, "error_lsq": 0.041035453703188965, "error_max": 0.2366765757725991, "target": "108.xyz", "model": "20.xyz", "model_rescale": 4.121658175737393, "target_rescale": 4.1555304028207525},
{"mapping": [8, 13, 10, 3, 12, 7, 11, 4, 6, 0, 9, 2, 14], "R": [[-0.7055834885039415, 0.35331020101142346, -0.6142669147950879], [0.7043661385872328, 0.4445917170230326, -0.5533593298808857], [0.07759048628742676, -0.8231100212096676, -0.5625563166669639]], "T": [-0.012212240633224888, 0.003393682146866535, 0.0058345779481608386], "aligned_model": [[0.2945354293648642, -0.07142293875719606, 0.13518688953987318, 0.6452925401660691, 0.6426079798651919, -0.3772135506592719, -0.43895508184717724, 0.3641098890910681, -0.807131133456822, -0.1584343058590988, 0.15658933892011384, 0.508063911256233, -0.012146062959553401], [-0.6127699802800072, -0.1621952105571554, 0.4969532788181703, -0.3089911424521812, 0.33168901268941553, -0.585835177622588, 0.5453820554161548, -0.5698207572924346, 0.008571529285041853, -0.11273697557794288, 0.49723248156616207, 0.07553592433604006, -0.06218813416549215], [0.5736367143755031, 0.67208719020163, 0.4266313912242296, 0.15053940176661554, 0.136425962150147, 0.2955768285997949, -0.010291518303613086, -0.15307931464576086, -0.1482021857112734, -0.6859980879474643, -0.43607771377969307, -0.4287563149939256, -0.022382613454400208]], "inverted": true, "swapped": true, "error_lsq": 0.0479250230702897, "error_max": 0.264213864535469, "target": "108.xyz", "model": "21.xyz", "model_rescale": 4.08911054899281, "target_rescale": 4.1555304028207525},
{"mapping": [0, 4, 7, 12, 13, 11, 1, 15, 14, 6, 5, 8, 10, 9, 16], "R": [[-0.9531417266860955, 0.2823387547980297, -0.10865392946850513], [0.03386561875734946, -0.2573216182330414, -0.9657322116695244], [-0.3006226350693352, -0.9241593002989406, 0.2357023948858865]], "T": [0.09082957947694881, 0.09443940551038969, -0.0864933437087264], "aligned_model": [[0.04744052065133, 0.4343664311266629, 0.3783858803415947, 0.6992007046681408, 0.6930396085819436, -0.5470676142711463, -0.47150281163515473, -0.029327620420485576, 0.5271054062427738, -0.2467970215802689, -0.27505615850433346, -0.5852494644546653, 0.13724535086792955, 0.19703836475464565, 0.11443635166173285], [-0.5512902962157248, -0.09579519382287656, -0.5101887084348582, 0.10562625274902342, -0.16584225699757243, 0.5156862903799604, 0.1240567268187416, 0.769476851356518, 0.5597010665961791, -0.55188107686056, 0.1918368179584086, -0.05192284400005988, -0.21122031708420114, 0.4528783784387203, 0.06010917297896417], [-0.5122044430028426, -0.6627618702160076, 0.15336579343115275, 0.33151255878135516, -0.16603266125477412, -0.04736199496586388, -0.6458711028757329, -0.33427088892321266, -0.015658495995531027, 0.06791598527661129, 0.5087968584099468, -0.038982962371287885, 0.65886101454278, 0.5199625971298791, -0.10951085603660288]], "inverted": true, "swapped": false, "error_lsq": 0.04258557533769599, "error_max": 0.3754620119805313, "target": "108.xyz", "model": "22.xyz", "model_rescale": 4.204369325754507, "target_rescale": 4.1555304028207525},
{"mapping": [13, 11, 14, 10, 11, 8, 7, 5, 2, 12, 1, 4, 3, 6, 15], "R": [[-0.9640916595760775, 0.008418755040253273, -0.2654362381051554], [-0.26542568221194507, -0.06345938509705934, 0.9620405987615215], [-0.008745236312877963, 0.9979489120223917, 0.06341521769383579]], "T": [-0.06434876833240867, -0.01459137461016942, -0.024225231799618628], "aligned_model": [[0.04764084254474997, 0.5243741407101478, 0.42490862138533547, 0.6956918076890654, 0.5243741407101478, -0.39206064127986695, -0.47095828755238534, 0.23847910629379143, 0.4958790700865753, -0.23387121744987555, -0.13081683772682845, -0.7766099516498369, 0.2708069431375901, -0.11314848456803601, -0.03143132429987358], [-0.4843990433830092, -0.05273729366931586, -0.6142502627065947, -0.031211147286779026, -0.05273729366931586, 0.6403080828770664, 0.06029015458479184, 0.7092263061098643, 0.5730399699157637, -0.46018178181285224, 0.17735983598606764, -0.17709371205095026, -0.33217440209502064, 0.6813492714806234, 0.004442179580323315], [-0.4912037396453, -0.4379442513375399, 0.0036205328643994436, 0.17569010754093728, -0.4379442513375399, -0.21391915486556726, -0.5940383629281196, -0.29926320406039103, 0.2858706485407743, 0.24568288305348449, 0.6036729705238599, -0.05491766867937065, 0.6914843912994146, 0.24329796421574, -0.012329333254912716]], "inverted": true, "swapped": false, "error_lsq": 0.04267760081004784, "error_max": 0.30912367097901683, "target": "108.xyz", "model": "23.xyz", "model_rescale": 4.410303926677745, "target_rescale": 4.1555304028207525},
{"mapping": [0, 2, 12, 6, 5, 10, 3, 8, 15, 7, 11, 1, 13, 9, 16], "R": [[-0.8236384389637451, 0.27508404171436496, 0.4959319427657941], [0.24849090261599271, -0.6110131396125543, 0.7516084183522018], [0.5097764148903464, 0.7422881604975919, 0.4348980266759631]], "T": [0.06983608336526655, 0.09334526029669446, 0.08340689138736959], "aligned_model": [[0.032209862596369335, 0.18493459586729272, 0.5152330808501898, 0.745270594737501, 0.6027351112005458, -0.36056453362153834, -0.3460189808812971, 0.12119602497611627, 0.595515403069546, -0.24371152875934055, -0.3777123953808119, -0.7252000766810972, 0.3113934721726167, 0.01691509186848618, 0.0010622060161208507], [-0.5167659567836101, -0.16151516527726442, -0.5660902553747639, -0.08054670588829763, 0.04708012502951152, 0.5415813063393242, 0.0059326524074790055, 0.833187083863976, 0.5446444957252878, -0.4590418845354386, 0.22102613114139286, -0.17818030578415286, -0.33307992803458564, 0.676897046632391, 0.0661022243994133], [-0.3601406048174982, -0.7853234736134522, -0.030356679610690968, 0.3858104209690628, -0.24747102691310582, -0.1105614106649557, -0.7094831300888462, -0.2711391560490999, 0.25459229897680813, 0.2795885261992418, 0.5124983047285984, -0.0913120851250441, 0.5873892427632327, 0.3049619972906171, -0.011293692114998422]], "inverted": false, "swapped": false, "error_lsq": 0.04826673992985515, "error_max": 0.2936804936923769, "target": "108.xyz", "model": "24.xyz", "model_rescale": 4.28219845311461, "target_rescale": 4.1555304028207525},
{"mapping": [13, 12, 14, 10, 11, 3, 7, 9, 5, 2, 0, 4, 6, 1, 15], "R": [[0.5693320361702936, -0.05103323289401818, -0.8205221762576393], [0.31946716290916977, 0.9333652342803027, 0.1636156204634549], [0.7574970392106846, -0.35528150610081055, 0.5476981714501028]], "T": [0.06454946856548913, 0.05869937973275549, -0.04731812280097969], "aligned_model": [[-0.10576752814454252, 0.4832387508170999, 0.5136696275274543, 0.7592246863850095, 0.584057815428475, -0.3776045341798374, -0.42940629191789736, 0.1768011181797949, 0.5047390453818047, -0.15821773154043262, -0.3886591642843876, -0.6620417473330655, 0.2516595850801264, -0.09752437266173752, 0.019088669292835737], [-0.32752976370657916, -0.24783103301992712, -0.5531416335165852, -0.08311080728527478, 0.08607633689184517, 0.6923729599291671, 0.17264648664649673, 0.45851980951293037, 0.7742067166030395, -0.561575531089928, -0.11957616417742253, 0.0715466967147097, -0.2991514129388738, 0.5368616693794618, 0.0409165339176025], [-0.4653320296591097, -0.608707730131152, 0.01660591191702082, 0.30908197741392107, -0.20806217713889724, -0.10211754321006752, -0.6377160981205877, -0.5806256091239571, 0.09254991593985656, 0.13819153718684832, 0.6071846942973746, 0.033606066729327366, 0.7583677647775399, 0.34634454192142206, 0.00838830913033]], "inverted": true, "swapped": false, "error_lsq": 0.04377065207733615, "error_max": 0.26141694210478217, "target": "108.xyz", "model": "25.xyz", "model_rescale": 4.100010024507729, "target_rescale": 4.1555304028207525},
{"mapping": [6, 0, 4, 2, 5, 13, 7, 12, 9, 10, 11, 14], "R": [[-0.7709137900957569, 0.3483441793852286, -0.533243153663155], [0.11875859590555705, -0.7439039743816183, -0.6576498101556583], [-0.625770184763333, -0.570318515908141, 0.532116966722167]], "T": [0.037864143027542756, 0.051554726469711806, -0.010770706765063955], "aligned_model": [[-0.7460489206998592, -0.06454403387801091, 0.47288571128796636, 0.5688376637783409, -0.5948192608172459, -0.03663744241711509, -0.28381321476486393, 0.6524978929678903, 0.18036917196801439, 0.11893955685591684, -0.43624834303968135, 0.045346821121654286], [-0.14615516477744334, -0.6563471153147498, -0.15139576360398593, -0.3410735400114099, 0.4596997063221736, 0.689398570325993, 0.2490587187742806, 0.2569446127996245, -0.31922165066647384, 0.5348895619483571, 0.07441421718352596, 0.01591923707074777], [0.03440991129300027, 0.0326712927723908, 0.5040244931818467, -0.1800963875778531, 0.161552139434994, 0.2390749978502444, 0.6387545258672559, -0.37636857722532757, -0.567434340871153, -0.46045031625476435, -0.5115857369970137, 0.050640288380735775]], "inverted": true, "swapped": true, "error_lsq": 0.04224343287838856, "error_max": 0.21144898573672327, "target": "108.xyz", "model": "26.xyz", "model_rescale": 3.6694154284099745, "target_rescale": 4.1555304028207525},
