[{"mapping": [2, 10, 1, 6, 7, 0, 14, 5, 11, 12, 4, 15], "R": [[0.16531680711134245, 0.8632221479247026, 0.4769883401287436], [-0.5767740740178042, -0.30769176290100586, 0.7567413339997862], [0.8000012630161379, -0.400216569341068, 0.4470175352236758]], "T": [0.011828935652978762, -0.010465838952010906, 0.01512321620222431], "aligned_model": [[-0.36178018458619615, 0.10929986371454173, 0.4266160928007713, -0.08683437436749245, -0.15035631073668038, -0.6129364221903011, 0.5165915525744436, -0.15785037555532797, 0.7289412673504206, -0.0633605363250753, -0.6226396314737916, 0.11195152125523637], [-0.28665026212520983, -0.669240753903361, -0.42122778931090815, 0.7281225512037761, 0.278951911664251, -0.45086215669882596, -0.2999754003543711, -0.4983501628122038, 0.29582004514914606, 0.2760393218481654, 0.11830174971842856, -0.01737401840183013], [-0.5187309921059569, -0.0336515791065834, -0.5712748726176942, -0.0585461632819776, -0.6093159501611415, 0.06353455075780554, 0.5687040554770358, 0.5176718625832244, 0.1314858684645017, 0.4157326028723874, 0.3444941747499544, -0.06815181227799316]], "inverted": false, "swapped": true, "error_lsq": 0.044858969009219596, "error_max": 0.23376092320677078, "target": "1080.xyz", "model": "0.xyz", "model_rescale": 3.751011558992144, "target_rescale": 4.279144288405617},
{"mapping": [5, 14, 0, 4, 1, 2, 11, 12, 10, 7, 8, 9, 6, 3, 15], "R": [[0.03332344179878947, 0.18348449424587157, -0.9824576268715204], [0.4563593049903071, 0.8717509020582273, 0.17828782770966561], [0.8891713743567362, -0.45429484383162905, -0.054685115822764405]], "T": [0.07049772845815686, 0.014609809121948283, -0.09000950032570666], "aligned_model": [[-0.1366409136374391, 0.2561741785814242, -0.4571053620322455, 0.14269697795328168, -0.4245399187635881, -0.5290112346301735, 0.5964575354340552, 0.4769507459852105, -0.46313357477412764, -0.04529601275580228, 0.02018089190420702, 0.5254574908293932, 0.6096425273999758, -0.08762827533207268, 0.05488115492693502], [-0.07212604380450913, -0.6141238316794266, 0.40574802899423584, 0.613353975333421, -0.47073618827010044, 0.297394539859777, -0.5298211281854684, 0.1584482913460862, -0.3309271564002062, 0.33732906193843015, -0.19893205001505307, -0.04223597297450363, 0.404625764321495, 0.6623156446308166, -0.07155558526788837], [-0.7748071338408431, -0.5539826633332958, -0.4840528966915917, -0.4948667278746496, 0.3616690079273679, 0.15794961988576361, 0.1303598302584843, -0.33967523711056624, -0.2942294521230572, 0.5284038358533193, 0.7203113583896448, 0.5862340110220479, 0.2533341711675523, 0.04639157936782555, 0.006627101953974077]], "inverted": true, "swapped": true, "error_lsq": 0.04457281704068738, "error_max": 0.32724341550261704, "target": "1080.xyz", "model": "1.xyz", "model_rescale": 3.9405287249114394, "target_rescale": 4.279144288405617},
{"mapping": [14, 0, 10, 6, 3, 13, 12, 4, 7, 8, 9, 11, 15], "R": [[-0.2743890577156093, -0.9606857839756986, -0.04234937393796697], [0.9591347174861793, -0.2702513100871765, -0.08381421782055921], [0.0690741537671466, -0.06361645905866257, 0.9955810903277496]], "T": [-0.018199776425362038, 0.05090607795075048, -0.0414579414025666], "aligned_model": [[-0.5111574517288456, 0.36217659533952695, -0.3904209412754284, 0.3708726251122178, 0.5609293629518177, -0.7679610555137575, 0.22843839189650178, 0.6519687154777382, 0.1578168618984942, -0.39045201148519115, -0.13964047898736937, -0.5137178103879267, -0.12286952401384647], [0.6113555982610596, 0.39807878331766583, 0.3502927487658528, -0.3935307806563333, -0.19379395989152207, 0.17599564127382272, 0.24239842244724777, 0.33100133286145, -0.6081689300654151, -0.7001380166055964, -0.6307468741725851, -0.09723370279807547, -0.02667766916555416], [0.25509204888630027, -0.6083876150047196, -0.5080230245578177, 0.4187300434079318, -0.3019637347598498, -0.02533414518387519, 0.3467776062689322, -0.04758358711400198, -0.22754726900758193, -0.08742363772783854, 0.3922776042721882, 0.5536201117058015, -0.04711405159682526]], "inverted": false, "swapped": true, "error_lsq": 0.05064093001178491, "error_max": 0.2953985363254251, "target": "1080.xyz", "model": "2.xyz", "model_rescale": 3.932901565614263, "target_rescale": 4.279144288405617},
{"mapping": [4, 5, 0, 12, 3, 7, 2, 6, 11, 9, 10, 14, 1, 15], "R": [[-0.6123372110263905, -0.47959464684806247, 0.628515803068709], [-0.7150826633846838, -0.00308929870587632, -0.6990330755838189], [0.33719419407677953, -0.8774847183559314, -0.3410581248595655]], "T": [0.03847432488409191, -0.03913233419553202, 0.02758961276002144], "aligned_model": [[-0.21834544611036982, 0.4868052206053059, 0.33469208250162885, -0.2506604872076512, -0.27519546853069704, -0.2896422370936668, 0.21858551604233387, -0.7051677426171473, -0.10411095774668616, -0.5025969474253889, 0.701853889462159, 0.4392799813012678, 0.5189369415541495, 0.06537556731746617], [-0.021557527782722206, 0.27128956734057824, -0.3311166796956801, 0.31368941290031793, -0.5190295800933832, -0.6309335201742036, -0.7123524626630721, -0.06365174950777158, 0.4248504584886321, -0.11516707715188507, -0.11408480032561158, 0.6457055235054993, -0.41614326314894906, -0.06800166334126029], [-0.6516389307394782, -0.4435950379752691, -0.6155468489760053, -0.17277111134184014, -0.339073490165881, 0.232776939456774, -0.09568464855784559, 0.11167118033537371, 0.6488712004348746, 0.6350315532810483, 0.014412656928330346, 0.15170554904725228, 0.5858502307524505, 0.1518871205773135]], "inverted": true, "swapped": true, "error_lsq": 0.05024755112562192, "error_max": 0.2691308229634862, "target": "1080.xyz", "model": "3.xyz", "model_rescale": 3.9243930471874484, "target_rescale": 4.279144288405617},
{"mapping": [3, 12, 0, 2, 10, 6, 7, 5, 13, 11, 1, 8, 15], "R": [[-0.47781010042235217, -0.05012074075995404, 0.8770321654763042], [-0.7184564178008732, -0.5521895460620178, -0.42297409015276566], [0.505487768056873, -0.8322106803961942, 0.2278321745921429]], "T": [-0.023218972860215813, -0.020571341723705137, -0.23063754006566412], "aligned_model": [[-0.01264140279314304, -0.28644438781184217, 0.5807601590132846, 0.367011577942634, 0.5783085775366613, -0.6969350583054018, -0.2328602737948998, 0.47779530968435724, 0.1345623024375502, -0.5314253145384149, 0.26363384072860063, -0.3207780455330782, -0.043781398254955806], [-0.6892371004856452, 0.061260931365827186, -0.37599059149366715, -0.5352393088380758, 0.20470853842972567, -0.33435774320220607, -0.5653056802206626, 0.24587300355411165, 0.6085187913544357, 0.5333462451904541, 0.10029474610069539, -0.14190711402270048, 0.0158648359492949], [-0.3567571461515744, -0.6456585088784002, -0.5396855808517815, 0.05867012817737299, -0.04821623441485634, -0.32184700640709124, 0.16849400017078714, -0.6749003267762332, 0.16609917982079042, 0.007066113879616059, 0.5360066644511703, 0.5449190551253902, -0.10712002277422616]], "inverted": true, "swapped": true, "error_lsq": 0.046576237236104184, "error_max": 0.3331299733732458, "target": "1080.xyz", "model": "4.xyz", "model_rescale": 3.8936222436046832, "target_rescale": 4.279144288405617},
{"mapping": [4, 12, 5, 0, 14, 11, 9, 1, 2, 3, 10, 15], "R": [[0.44453846105352857, 0.22534067242250028, 0.8669527887932167], [-0.488390268083917, -0.7503588749371268, 0.44546212503871624], [0.7509064540174628, -0.621436352457164, -0.22350918808777243]], "T": [-0.12060267792772822, -0.08842288187531644, 0.020485664962647906], "aligned_model": [[0.0541990058687781, -0.42559197719770553, -0.17195866117236783, 0.419058800472025, -0.7304661930568623, -0.7864974544166972, -0.3480358560288459, 0.11530208005985676, 0.5738568692534407, 0.3974346158368551, 0.062426894184054366, -0.13218008158743386], [-0.5610193089913764, -0.41420959040087824, 0.1839272168806022, -0.04186461243510914, 0.35782794759289394, 0.008703441728984573, -0.3918583876430912, 0.5383678930364182, 0.011507865527817879, -0.5275366917266717, 0.5269146843628288, -0.02183755282261199], [-0.502690855265074, -0.20103429447353138, -0.6447701586064779, -0.5210142359030615, -0.2515061020272145, 0.43128005370414424, 0.7441749341226026, 0.5064061870785715, 0.11323106436409756, -0.023654580113299087, -0.16315476182963212, 0.13201746822439314]], "inverted": true, "swapped": true, "error_lsq": 0.04180312518989052, "error_max": 0.19697662766030996, "target": "1080.xyz", "model": "5.xyz", "model_rescale": 3.6523030999806103, "target_rescale": 4.279144288405617},
{"mapping": [0, 10, 5, 4, 12, 2, 13, 3, 1, 9, 11, 6, 15], "R": [[-0.13579779387375643, 0.8941331151082426, -0.42671410996808024], [-0.6415389897986188, -0.40757085678404587, -0.6498566928704254], [-0.7549746245717059, 0.18550463381583984, 0.6289684786105443]], "T": [0.10143961293012801, 0.0038596863824828173, 0.014774376147280006], "aligned_model": [[0.24540808299205039, -0.3261897561599981, 0.2707949085159401, 0.7311580762571058, 0.5546739047897025, -0.18902806378991252, -0.45114100870308294, 0.3566743843050044, -0.7238469803888209, -0.01227287778645636, -0.05433907886325415, 0.4907248270607715, -0.011533513564755044], [-0.4432468561533447, 0.049865883444998226, 0.19729318817260577, -0.2727919739801078, 0.20171309972138718, -0.6240022240741809, 0.5171497297172505, -0.6244012523970596, -0.05179614496437169, 0.05749710126884113, 0.6279219530646987, -0.12179316924785935, 0.02741756959032598], [0.6197480496316186, 0.5255390025332334, 0.6880347925852813, 0.24830210182943213, -0.045717342810048626, 0.16403882682569176, 0.11088545399979166, -0.04245622103231094, -0.006224468919531871, -0.7925159137350699, -0.4411649755216435, -0.6123961096234547, -0.045963456281199966]], "inverted": true, "swapped": true, "error_lsq": 0.05412176201101557, "error_max": 0.3627986576939652, "target": "1080.xyz", "model": "6.xyz", "model_rescale": 4.08911054899281, "target_rescale": 4.279144288405617},
{"mapping": [13, 11, 14, 1, 2, 0, 10, 5, 7, 9, 3, 6, 4, 12, 15], "R": [[-0.8550401673597035, 0.17217447158063412, -0.4891444199185144], [-0.18252814681851356, 0.7829784405920289, 0.5946664924031569], [0.4853759242283136, 0.5977463616819464, -0.638051329655778]], "T": [0.03846590736518143, -0.03851490177908795, -0.003769476737920316], "aligned_model": [[0.21814556973160268, 0.29217232027903256, 0.7106966581875763, -0.4087495806918695, -0.5453350915626747, -0.024880127821939747, 0.059244873424264925, 0.5225531802094877, -0.6251665934496983, -0.2718186444493928, -0.3607443041305238, -0.10713845145257606, 0.20604589663686645, 0.390635752480618, -0.019327917591219358], [-0.537749948285636, -0.7787335398548441, -0.30945743581558677, -0.4083711467711939, 0.29219460164874395, 0.6899338447636232, 0.06855816048404048, 0.36982625584663165, -0.09963579249164561, -0.6541028551995769, 0.4138383675941272, -0.1932707613718092, 0.5744052301527673, 0.018835265140163954, -0.1455114296706913], [-0.5483141843135417, 0.09272316445994773, -0.3498168609147656, -0.5935500710704898, -0.22886844175355991, -0.23174761131637645, -0.662531607518727, -0.3477089123353346, 0.2325504369120276, 0.43475085741751246, 0.3110950396709437, 0.7142308233356157, 0.34817162908361693, 0.3439572882592843, -0.05087151783407243]], "inverted": true, "swapped": true, "error_lsq": 0.04496977218193891, "error_max": 0.2647172922227629, "target": "1080.xyz", "model": "7.xyz", "model_rescale": 3.964800864290218, "target_rescale": 4.279144288405617},
{"mapping": [13, 11, 14, 1, 5, 8, 10, 12, 6, 3, 7, 0, 4, 15], "R": [[-0.3564799373843813, 0.662862984982347, -0.6584335330029303], [-0.6244478119923286, 0.3551725257366218, 0.6956417232022982], [0.6949726500664768, 0.6591396969551766, 0.28731146088768683]], "T": [0.07049167504697833, -0.012146745232404334, 0.09811511643570121], "aligned_model": [[-0.2427933351871413, 0.17805158028277407, 0.2938359489934601, -0.7115156900298708, 0.2865575937812257, -0.5028556829822532, -0.31728593798519616, 0.5661882594056326, 0.3947018300027672, 0.06432223182028037, -0.2810013006904221, 0.017137004838617395, 0.5390800169973525, -0.02323462978635364], [-0.07748188205952448, -0.5955175562131645, 0.1258457340650958, -0.10878962822449967, 0.6241083240715172, -0.6232352388391168, 0.4316249056125615, -0.06211054900283136, -0.5578167764405717, 0.08227203851192899, -0.35684213129438364, 0.6805442349540062, 0.336249461584183, -0.08790247054399826], [-0.5915465205541451, -0.4212217391744108, -0.6609160042369924, -0.15439452358143935, -0.16240806803471453, 0.14906081042496513, -0.2158262726501599, 0.10199572433545394, 0.4953636894419758, 0.7720431305551497, 0.6056865299744042, 0.4205384584796586, 0.5301587852500472, 0.048281038495229446]], "inverted": true, "swapped": true, "error_lsq": 0.04371739235990141, "error_max": 0.2850112479669681, "target": "1080.xyz", "model": "8.xyz", "model_rescale": 4.121658175737393, "target_rescale": 4.279144288405617},
{"mapping": [3, 7, 2, 0, 6, 12, 8, 13, 1, 11, 5, 10, 15], "R": [[-0.047365243002205515, -0.7770744184146832, 0.6276239973111483], [-0.6615997983003448, 0.4951504126034965, 0.5631267848251674], [-0.7483597000402181, -0.38856327302521704, -0.537565198103119]], "T": [-0.16348063001755012, 0.0321154343720005, 0.02960503524713267], "aligned_model": [[-0.385745873244565, -0.09382414587555571, 0.19515895734752273, -0.10073028441355195, -0.7076758343835887, -0.6262050407829253, 0.22429788580876178, 0.3612246229494429, 0.6230203856770944, -0.18301293144214234, -0.14437320384181002, 0.3888842730253448, -0.07428131438883015], [0.14264348569654, -0.35947508186167404, 0.17833620109178272, 0.7102956143501398, -0.42910612604248904, 0.07903380615604556, -0.6765716224728209, -0.11208064404407679, -0.22097793945583166, -0.5339608378366945, 0.6904817762288478, 0.3834790527999594, -0.06171024519801871], [-0.6040460110647202, -0.5550280144683678, -0.5627285361568923, -0.32076386173267213, -0.1979926098297198, 0.20824246307424912, -0.1987418102266684, 0.560586428287787, -0.015075839909739354, 0.5780369354471917, 0.32212168481599035, 0.16113667621379138, 0.04532792950885887]], "inverted": true, "swapped": true, "error_lsq": 0.047920332391927986, "error_max": 0.28018669080652847, "target": "1080.xyz", "model": "9.xyz", "model_rescale": 3.833441315466971, "target_rescale": 4.279144288405617},
{"mapping": [0, 4, 7, 9, 6, 3, 12, 11, 1, 8, 10, 13, 5, 2, 15], "R": [[-0.9037882741721145, -0.37304745093943875, 0.20976738263271044], [0.13716307579960052, -0.7167569457304671, -0.6837000595175676], [0.40540479289986686, -0.5891477574384202, 0.6989648587726688]], "T": [0.007423920303081151, -0.002572928802039713, -0.040213489878096975], "aligned_model": [[0.1486648258140227, -0.1724629780889087, -0.5825459559731622, -0.5279709150949486, -0.6516096365757977, -0.4860267495391126, -0.055938079396602426, 0.08615554697708586, 0.2064932360916682, -0.35087214490077495, 0.5438099235869885, 0.5506761677183699, 0.5733860836104213, -0.16804329512380559, 0.01012898918908798], [-0.74868110314417, -0.5692053059001488, 0.013475015014000587, 0.6121194670244381, 0.190821408527935, -0.4656810292123865, -0.0006369965392205561, 0.7632862096684196, 0.2788400033663639, 0.5090876340708254, -0.15592262550683472, 0.4694192131463509, -0.3881809822017985, -0.4023734425046729, 0.09473407348587667], [0.05977613533247278, -0.4575684178585912, 0.3492335149796858, 0.014838700825006379, -0.33845473029761636, 0.03168408125668118, -0.5343876026258703, -0.2101032096854829, 0.7119930331519093, 0.520660116002698, 0.3267168537096478, 0.2050410001813791, -0.26464740656125485, 0.5167719063498499, 0.04656793306157797]], "inverted": true, "swapped": true, "error_lsq": 0.041748114755511025, "error_max": 0.2977384338415155, "target": "1080.xyz", "model": "10.xyz", "model_rescale": 4.2482417240324, "target_rescale": 4.279144288405617},
{"mapping": [11, 13, 5, 10, 6, 3, 12, 2, 1, 7, 8, 15], "R": [[-0.3055282568455798, 0.2093205338338155, 0.9288904124730906], [0.6846186737373883, 0.7263010289596719, 0.06151493235127381], [-0.66177772389146, 0.654730272285961, -0.3652102335825083]], "T": [0.006122118509162448, 0.07842308302086279, 0.13727226476218674], "aligned_model": [[-0.6646354576972111, -0.07217170099888442, 0.45715325571899446, 0.49122499510199663, -0.5326680237177485, 0.22415554563695145, -0.21907043934327397, 0.49177698143476795, 0.15404734976362508, -0.08235920018576101, -0.3322905828593637, -0.03839712049108612], [-0.33135447941613194, -0.6454639024504705, -0.21296581404382073, -0.3593866495399616, 0.5976247455905294, 0.7204326312816217, 0.18612253561485687, 0.3598768665359562, -0.3087796439264444, 0.54637252708331, 0.09252878266430276, 0.02112379065689198], [0.07588798991408535, -0.0816045530353881, 0.6179392472299359, -6.596094403860109e-05, 0.16571962869453266, 0.07881628503900018, 0.568451675620995, -0.29375563215343997, -0.5788482965764252, -0.3853990803969684, -0.6308616275402519, 0.02891261400231998]], "inverted": true, "swapped": true, "error_lsq": 0.04324708818824231, "error_max": 0.27691820820453383, "target": "1080.xyz", "model": "11.xyz", "model_rescale": 3.6694154284099745, "target_rescale": 4.279144288405617},
{"mapping": [11, 8, 1, 7, 6, 14, 12, 5, 2, 0, 10, 4, 13, 15], "R": [[-0.6980350590521336, -0.7085447958648181, 0.10349554863358887], [-0.4909470388793202, 0.36834607486021365, -0.7894885522607032], [0.521265825994484, -0.6019015213371345, -0.6049764435598557]], "T": [0.11699596244655083, -0.015094367344107337, -0.00739552249240126], "aligned_model": [[-0.18148790928822342, 0.15488140092052924, -0.31714151099621257, 0.5719313759613897, 0.716926607735097, -0.5539576620594157, 0.27662272237779384, -0.22390047838199792, 0.29917555135946694, 0.22149823253378442, -0.39835180767178835, 0.5616604123255283, -0.5929464400504157, 0.06335435549027435], [-0.35022159693668636, 0.4715267235467498, 0.6262823475439505, 0.4414983928669273, -0.2513381700283242, -0.45624834365471817, -0.4848782484390602, -0.23157531367386003, 0.6320065409937037, 0.21731384913148183, 0.2965409212413053, -0.27563285898764806, 0.04747571752287401, 0.048237327009558253], [-0.655622738994071, -0.6904155889366417, -0.2985948492793681, -0.2981665352494807, -0.3881139523426904, 0.008642998157603707, 0.03786977466705867, 0.589515643935754, 0.2138123839432829, 0.7148856020157074, 0.28098629695206173, 0.5044735079094019, -0.27219001052736586, -0.10798707259883701]], "inverted": false, "swapped": true, "error_lsq": 0.0423262139459696, "error_max": 0.2856972874259827, "target": "1080.xyz", "model": "12.xyz", "model_rescale": 3.9764082729961374, "target_rescale": 4.279144288405617},
{"mapping": [14, 7, 3, 11, 13, 6, 10, 8, 2, 1, 4, 9, 12, 4, 5, 15], "R": [[-0.9178769460938377, -0.3535556127044406, 0.18027850829934777], [0.2576268573289293, -0.1852872535790523, 0.9483127311409205], [-0.301877979011835, 0.9168789791386429, 0.26115631985730403]], "T": [-0.023841747695166286, 0.06676886293561156, 0.04173715620139744], "aligned_model": [[0.10903935870196327, -0.19585475843332134, -0.38373612178171473, -0.4466493270741145, 0.1778960436983658, 0.6269275411046834, -0.6250179754709798, -0.7005635090265816, -0.6078586838675551, -0.4603256768454545, 0.41211302060867483, 0.11578338452616876, -0.0006160511242556607, 0.41211302060867483, 0.6954711911646407, -0.0018859140204741387], [-0.4550568527359903, 0.6785998025224965, 0.04021185852760857, -0.5206319508332603, -0.5097568624126421, -0.1956400014112445, -0.384360562402649, 0.03137374107359335, 0.5984848180639395, 0.11848669955378442, 0.52404567499647, 0.3761235660119457, -0.2556498951131464, 0.52404567499647, 0.3729800454125224, 0.09504152950379227], [-0.5488968875190477, -0.3670514498335741, -0.71866682349054, -0.28497178697707165, 0.07916038057114823, -0.2604212895954439, 0.32672186405337944, -0.15937892902658457, 0.15336992572677238, 0.5001361344180354, -0.29988409448981845, 0.5380270076535, 0.5919373437925692, -0.29988409448981845, 0.34447055962704803, -0.059787581994983255]], "inverted": true, "swapped": false, "error_lsq": 0.04679942867114975, "error_max": 0.38345082787528884, "target": "1080.xyz", "model": "13.xyz", "model_rescale": 4.170626492500431, "target_rescale": 4.279144288405617},
{"mapping": [10, 0, 1, 7, 13, 9, 8, 5, 14, 4, 12, 6, 11, 15], "R": [[0.9863107553811973, 0.0840822056933064, 0.14184948538898845], [-0.1611534237763335, 0.6737717037725995, 0.7211527336151018], [-0.03493805696569005, -0.7341402276684728, 0.6780984134285711]], "T": [-0.015421922152791489, -0.07184552361848646, 0.13137075003689672], "aligned_model": [[0.2952946009973362, 0.04938091211157268, -0.16955804974490496, -0.7169719032343211, 0.3698502640612308, -0.5047873948870624, -0.576245861547131, 0.5824038637180838, 0.7320557634372534, -0.000924244482268511, 0.1501510954304418, -0.4656599626030247, 0.14806825454146427, -0.04987431570702701], [-0.2646763972451196, -0.8271405908115026, 0.16853176715331436, -0.0452108571170952, 0.3642394961558794, 0.5637711883415921, 0.43173365934547386, -0.47313295239159064, 0.21484184154084646, -0.6117599413906445, -0.04638053785358649, 0.16367331327926105, 0.6960578921670494, 0.021526586751788118], [-0.42732008348522466, 0.022035117671916377, -0.6452226419135904, 0.04705479904485982, -0.3579599656711856, 0.28641250096744997, -0.2382727528158287, 0.10054781447651319, 0.06702562279367472, 0.6170650177840676, 0.6005867502948733, 0.6813625869659247, 0.20345897420054618, 0.04709936080686991]], "inverted": false, "swapped": true, "error_lsq": 0.04745609595212308, "error_max": 0.3011518064801234, "target": "1080.xyz", "model": "14.xyz", "model_rescale": 3.9786697098870705, "target_rescale": 4.279144288405617},
{"mapping": [5, 13, 0, 4, 10, 2, 11, 8, 3, 12, 1, 15], "R": [[0.35769463055644524, 0.86304323950963, 0.3566663959610048], [0.4383189573649423, -0.49241345460177754, 0.751934492719714], [0.8245793126713759, -0.1126292877712868, -0.5544218616275287]], "T": [0.052196278181992524, -0.11886071069818929, 0.05241858020909025], "aligned_model": [[0.0686268890692838, -0.6695916734927886, 0.5670871516032201, 0.6633378733612834, -0.17092237177946912, 0.4138961683593285, -0.5962570596612747, -0.22362512847326604, 0.7021469099313256, 0.14317529609767252, -0.37611865482615564, -0.038400803421823025], [-0.3338188744988225, 0.0473531285474221, 0.04812115298562378, -0.4663573704556505, 0.2317806834603355, 0.4844317476616763, -0.3693127239566508, 0.4062089543634324, 0.026354031834017938, -0.6064900114710791, 0.5890373522966507, -0.042633580542516425], [-0.6352589219249762, -0.11917531169118543, -0.48945665637923536, -0.1302524492336391, -0.4702023453054724, -0.025512961477001037, 0.4244178592519268, 0.6465365837878909, 0.1924499760045259, 0.09896992687660232, 0.06036431739487057, 0.10708647656952332]], "inverted": true, "swapped": true, "error_lsq": 0.04692749647953873, "error_max": 0.2542109942615179, "target": "1080.xyz", "model": "15.xyz", "model_rescale": 3.769337070930944, "target_rescale": 4.279144288405617},
{"mapping": [4, 2, 12, 6, 5, 10, 14, 1, 11, 9, 15], "R": [[-0.8133758369694591, -0.5653383933197913, 0.13715775177812234], [-0.3444942545896502, 0.2780999567205609, -0.8966516171996477], [0.46876801980185623, -0.776564817069779, -0.4209556134563686]], "T": [-0.060210695380770334, 0.02173217261516399, -0.07404838354731882], "aligned_model": [[-0.39021279457782554, -0.25591514469135773, -0.1706053759126231, -0.6935579436100291, 0.39214972031004586, 0.4683980856425635, 0.6382206197345329, 0.26469718003477866, 0.15275719595673354, -0.45378820472505677, -0.029517207470591413], [0.19880976884248108, -0.6463271375847932, 0.48090033481117317, 0.35717360598488335, 0.10024372685537392, -0.36532491169329345, 0.4175607338789523, -0.5709810641323239, 0.4619610451906399, 0.1853310654710981, -0.023282669998849273], [-0.6964299564898663, -0.20155702103103884, -0.232806557779474, 0.14280351114118467, -0.6295511416564366, -0.2029806182887431, -0.0502517587626007, 0.40319618231626075, 0.5443726889622326, 0.6229862363630918, 0.04443604244916674]], "inverted": true, "swapped": true, "error_lsq": 0.04168480941798446, "error_max": 0.25451307927564887, "target": "1080.xyz", "model": "16.xyz", "model_rescale": 3.7852294659196426, "target_rescale": 4.279144288405617},
{"mapping": [5, 3, 2, 0, 12, 6, 9, 7, 10, 13, 11, 1, 15], "R": [[-0.27183597627005956, -0.6993387670797246, 0.6610828169486137], [0.10167262318060843, -0.7039769928807704, -0.7029075836766323], [0.9569576164600382, -0.1238615450975743, 0.26246988007229316]], "T": [-0.07370429415821214, 0.04937909872329774, -0.0912173135648447], "aligned_model": [[0.11541443519450528, -0.3427297535813242, 0.23375632961833806, 0.08486666245820937, -0.49205658740243474, -0.7244439720084231, -0.36974147191326634, -0.15669314726005817, 0.5508485353556184, 0.46982910876590667, -0.14349845219929855, 0.632715612146039, -0.0045014489575285616], [-0.31477623598373616, -0.42734229205301044, -0.3738333149093158, -0.696306549224751, 0.06730370890963869, 0.2377990282236709, 0.6491115208343788, 0.03791453508492533, -0.1043148612958607, 0.5249269143660196, 0.8223892588818721, 0.30858910342728774, 0.14359480744175457], [-0.6836718033886959, 0.3131265434763573, 0.3854598768186998, -0.1649227578786773, -0.36119251916099837, 0.22770311244951097, 0.37804607326028133, 0.6109026014413088, -0.2705936800227884, -0.328862145657379, -0.22972895101322752, 0.25290123229907185, -0.03341288548028991]], "inverted": true, "swapped": true, "error_lsq": 0.03924911774932064, "error_max": 0.23205655096731456, "target": "1080.xyz", "model": "17.xyz", "model_rescale": 3.901054581598922, "target_rescale": 4.279144288405617},
{"mapping": [5, 14, 0, 4, 1, 2, 11, 12, 10, 7, 8, 9, 6, 3, 15], "R": [[0.03332344179878947, 0.18348449424587157, -0.9824576268715204], [0.4563593049903071, 0.8717509020582273, 0.17828782770966561], [0.8891713743567362, -0.45429484383162905, -0.054685115822764405]], "T": [0.07049772845815686, 0.014609809121948283, -0.09000950032570666], "aligned_model": [[-0.1366409136374391, 0.2561741785814242, -0.4571053620322455, 0.14269697795328168, -0.4245399187635881, -0.5290112346301735, 0.5964575354340552, 0.4769507459852105, -0.46313357477412764, -0.04529601275580228, 0.02018089190420702, 0.5254574908293932, 0.6096425273999758, -0.08762827533207268, 0.05488115492693502], [-0.07212604380450913, -0.6141238316794266, 0.40574802899423584, 0.613353975333421, -0.47073618827010044, 0.297394539859777, -0.5298211281854684, 0.1584482913460862, -0.3309271564002062, 0.33732906193843015, -0.19893205001505307, -0.04223597297450363, 0.404625764321495, 0.6623156446308166, -0.07155558526788837], [-0.7748071338408431, -0.5539826633332958, -0.4840528966915917, -0.4948667278746496, 0.3616690079273679, 0.15794961988576361, 0.1303598302584843, -0.33967523711056624, -0.2942294521230572, 0.5284038358533193, 0.7203113583896448, 0.5862340110220479, 0.2533341711675523, 0.04639157936782555, 0.006627101953974077]], "inverted": true, "swapped": true, "error_lsq": 0.04457281704068738, "error_max": 0.32724341550261704, "target": "1080.xyz", "model": "18.xyz", "model_rescale": 3.9405287249114394, "target_rescale": 4.279144288405617},
{"mapping": [1, 4, 0, 6, 2, 3, 5, 8, 7, 9, 12, 11, 10, 13, 14, 15], "R": [[-0.24804537819905997, 0.5373868879248098, -0.8060327679694996], [0.6141725925653094, -0.5562159252809933, -0.5598355749730587], [-0.7491765592273238, -0.6339078617199007, -0.19208150862071977]], "T": [-0.017559065179860264, 0.15476129870946415, -0.08170725362454762], "aligned_model": [[0.11526936967458394, -0.23760347633647477, -0.3738249495645387, -0.42708759045368433, -0.047091658773690856, 0.7207925986318314, -0.5513217276537316, -0.7470188215653951, -0.5370105279264517, -0.4852069139006605, 0.367788034724326, 0.07859582655421384, 0.44003202548262094, 0.15550830041166563, 0.6658686051614847, -0.010853551697378047], [-0.31754048375086524, 0.6005643996853469, 0.02128478644479842, -0.44650507921198995, -0.672675767684531, -0.21037458277539084, -0.29934101552405784, -0.021672785228383618, 0.6266891919808374, 0.3875967410234808, 0.3667890462839633, 0.16286722627443698, -0.29395476403388676, 0.6958975234871785, 0.3184366554784666, 0.12023619330428705], [-0.523076778125677, -0.6179022563009098, -0.6543615107930547, -0.25214370911597694, 0.18249155425688018, -0.29836644099667275, 0.3656753020427822, -0.17674215971134047, -0.026211394822177117, 0.48052312028438565, -0.40834299732586143, 0.6323667849973142, 0.37345021992603816, 0.2768302180189325, 0.24367860819880682, -0.06298828210789904]], "inverted": true, "swapped": false, "error_lsq": 0.04631064710567709, "error_max": 0.3184163419510622, "target": "1080.xyz", "model": "19.xyz", "model_rescale": 4.410303926677745, "target_rescale": 4.279144288405617},
{"mapping": [13, 11, 14, 1, 5, 8, 10, 12, 6, 3, 7, 0, 4, 15], "R": [[-0.3564799373843813, 0.662862984982347, -0.6584335330029303], [-0.6244478119923286, 0.3551725257366218, 0.6956417232022982], [0.6949726500664768, 0.6591396969551766, 0.28731146088768683]], "T": [0.07049167504697833, -0.012146745232404334, 0.09811511643570121], "aligned_model": [[-0.2427933351871413, 0.17805158028277407, 0.2938359489934601, -0.7115156900298708, 0.2865575937812257, -0.5028556829822532, -0.31728593798519616, 0.5661882594056326, 0.3947018300027672, 0.06432223182028037, -0.2810013006904221, 0.017137004838617395, 0.5390800169973525, -0.02323462978635364], [-0.07748188205952448, -0.5955175562131645, 0.1258457340650958, -0.10878962822449967, 0.6241083240715172, -0.6232352388391168, 0.4316249056125615, -0.06211054900283136, -0.5578167764405717, 0.08227203851192899, -0.35684213129438364, 0.6805442349540062, 0.336249461584183, -0.08790247054399826], [-0.5915465205541451, -0.4212217391744108, -0.6609160042369924, -0.15439452358143935, -0.16240806803471453, 0.14906081042496513, -0.2158262726501599, 0.10199572433545394, 0.4953636894419758, 0.7720431305551497, 0.6056865299744042, 0.4205384584796586, 0.5301587852500472, 0.048281038495229446]], "inverted": true, "swapped": true, "error_lsq": 0.04371739235990141, "error_max": 0.2850112479669681, "target": "1080.xyz", "model": "20.xyz", "model_rescale": 4.121658175737393, "target_rescale": 4.279144288405617},
{"mapping": [0, 10, 5, 4, 12, 2, 13, 3, 1, 9, 11, 6, 15], "R": [[-0.13579779387375643, 0.8941331151082426, -0.42671410996808024], [-0.6415389897986188, -0.40757085678404587, -0.6498566928704254], [-0.7549746245717059, 0.18550463381583984, 0.6289684786105443]], "T": [0.10143961293012801, 0.0038596863824828173, 0.014774376147280006], "aligned_model": [[0.24540808299205039, -0.3261897561599981, 0.2707949085159401, 0.7311580762571058, 0.5546739047897025, -0.18902806378991252, -0.45114100870308294, 0.3566743843050044, -0.7238469803888209, -0.01227287778645636, -0.05433907886325415, 0.4907248270607715, -0.011533513564755044], [-0.4432468561533447, 0.049865883444998226, 0.19729318817260577, -0.2727919739801078, 0.20171309972138718, -0.6240022240741809, 0.5171497297172505, -0.6244012523970596, -0.05179614496437169, 0.05749710126884113, 0.6279219530646987, -0.12179316924785935, 0.02741756959032598], [0.6197480496316186, 0.5255390025332334, 0.6880347925852813, 0.24830210182943213, -0.045717342810048626, 0.16403882682569176, 0.11088545399979166, -0.04245622103231094, -0.006224468919531871, -0.7925159137350699, -0.4411649755216435, -0.6123961096234547, -0.045963456281199966]], "inverted": true, "swapped": true, "error_lsq": 0.05412176201101557, "error_max": 0.3627986576939652, "target": "1080.xyz", "model": "21.xyz", "model_rescale": 4.08911054899281, "target_rescale": 4.279144288405617},
{"mapping": [12, 15, 9, 10, 7, 13, 6, 5, 11, 8, 14, 1, 0, 2, 4, 16], "R": [[0.5389724951474285, -0.8326828259336359, 0.12707462716738377], [-0.4979860525084656, -0.1933230530197142, 0.8453615136012358], [-0.6793515591956722, -0.5189079962443355, -0.518860241733839]], "T": [-0.03341963618821123, 0.09600645951131852, -0.044777750293462676], "aligned_model": [[0.1628494531321828, -0.0412260062131166, -0.3783679321091262, -0.4395911432730908, 0.09936583413080416, 0.5051212721483961, -0.31836469096020714, -0.7026180603260445, -0.5910920522949589, -0.5632282646678671, 0.20305455739547246, -0.10894047806083154, 0.2757640190572238, 0.40428045422526837, 0.6168030429094536, 0.003025537675161581], [-0.31545482618413917, 0.7950761229495553, 0.02200907904609807, -0.5519803544307488, -0.5986619875416844, -0.263616020053444, -0.3810477616634209, -0.0216792676035992, 0.6147802193988242, 0.17816305111803132, 0.2799771822757637, 0.5989183298742169, -0.17107492805189212, 0.641131476442602, 0.13825225354068577, 0.07350471663684119], [-0.6254218417860646, -0.25153288116464, -0.6637144775831435, -0.30221357725727693, 0.030055100451118366, -0.17659325874338683, 0.452001591438574, -0.23465295329017158, 0.031171526360700308, 0.3948984142915043, -0.6122786885143062, 0.564627397663938, 0.6133653936544603, 0.13553080785326616, 0.20365321867305408, -0.024015493622054768]], "inverted": false, "swapped": false, "error_lsq": 0.04138188594429291, "error_max": 0.31954984085786226, "target": "1080.xyz", "model": "22.xyz", "model_rescale": 4.204369325754507, "target_rescale": 4.279144288405617},
{"mapping": [1, 4, 0, 6, 2, 3, 5, 8, 7, 9, 12, 11, 10, 13, 14, 15], "R": [[-0.24804537819905997, 0.5373868879248098, -0.8060327679694996], [0.6141725925653094, -0.5562159252809933, -0.5598355749730587], [-0.7491765592273238, -0.6339078617199007, -0.19208150862071977]], "T": [-0.017559065179860264, 0.15476129870946415, -0.08170725362454762], "aligned_model": [[0.11526936967458394, -0.23760347633647477, -0.3738249495645387, -0.42708759045368433, -0.047091658773690856, 0.7207925986318314, -0.5513217276537316, -0.7470188215653951, -0.5370105279264517, -0.4852069139006605, 0.367788034724326, 0.07859582655421384, 0.44003202548262094, 0.15550830041166563, 0.6658686051614847, -0.010853551697378047], [-0.31754048375086524, 0.6005643996853469, 0.02128478644479842, -0.44650507921198995, -0.672675767684531, -0.21037458277539084, -0.29934101552405784, -0.021672785228383618, 0.6266891919808374, 0.3875967410234808, 0.3667890462839633, 0.16286722627443698, -0.29395476403388676, 0.6958975234871785, 0.3184366554784666, 0.12023619330428705], [-0.523076778125677, -0.6179022563009098, -0.6543615107930547, -0.25214370911597694, 0.18249155425688018, -0.29836644099667275, 0.3656753020427822, -0.17674215971134047, -0.026211394822177117, 0.48052312028438565, -0.40834299732586143, 0.6323667849973142, 0.37345021992603816, 0.2768302180189325, 0.24367860819880682, -0.06298828210789904]], "inverted": true, "swapped": false, "error_lsq": 0.04631064710567709, "error_max": 0.3184163419510622, "target": "1080.xyz", "model": "23.xyz", "model_rescale": 4.410303926677745, "target_rescale": 4.279144288405617},
{"mapping": [6, 4, 15, 14, 13, 12, 11, 9, 8, 10, 5, 3, 7, 2, 0, 16], "R": [[0.6299008254173011, -0.37283218662273715, 0.681337736190145], [0.3798958515633815, 0.9130465522241267, 0.14840867709325095], [-0.6774246025230678, 0.1653546312920932, 0.7167661779176805]], "T": [-0.10509960304036489, -0.013830046758807779, 0.029130439001073222], "aligned_model": [[0.13922961330148118, -0.10741578664284822, -0.41895930048430297, -0.43020799907218754, 0.1739427813012213, 0.651051979546957, -0.4926040992972094, -0.7186917916130441, -0.6329722594831669, -0.5628390787969308, 0.20015748004035863, 0.12549120004916278, 0.2343602743014002, 0.45194430324769264, 0.5822601069716202, -0.0679118806014838], [-0.36607947930614154, 0.6656685188375655, -0.021460498513357754, -0.5334293670618795, -0.6384733591447527, -0.14471947530276533, -0.3651900558313258, -0.015192277923894743, 0.5777752744237081, 0.3305734751180596, 0.2732475040860951, 0.7024456844979456, -0.38813040712674657, 0.7081956190879641, 0.1870329508308583, 0.06603317908235806], [-0.5986606576797082, -0.0811451595560935, -0.6117658532031885, -0.2580473233428054, -0.13255661632994062, -0.21019899176293122, 0.3856523822472808, -0.09705495665637541, -0.1878033522417983, 0.3383952652075614, -0.43991820075590665, 0.522109082531593, 0.4610993367076593, 0.06483723813299615, 0.2690814680417946, 0.11085661708543336]], "inverted": true, "swapped": false, "error_lsq": 0.039916204546858555, "error_max": 0.3040403147327086, "target": "1080.xyz", "model": "24.xyz", "model_rescale": 4.28219845311461, "target_rescale": 4.279144288405617},
{"mapping": [6, 4, 0, 8, 10, 14, 5, 1, 3, 3, 2, 9, 11, 13, 12, 15], "R": [[-0.3710460451569088, -0.6365706727949431, -0.6760936406377527], [-0.92344778518663, 0.17624358359067138, 0.34085537589573955], [-0.09782136989086304, 0.7508102142222837, -0.6532342625828527]], "T": [0.0007108471546437567, 0.14710322487045463, 0.0029118700485452585], "aligned_model": [[0.023106450273893714, -0.31746476364833653, -0.3012085087335695, -0.30660723656901806, 0.2271126084195954, 0.6461284963584367, -0.4823390944231014, -0.621287713705369, -0.663942355304784, -0.663942355304784, 0.3487526548479645, -0.0594976437534008, 0.24184821089713984, 0.4323992610771428, 0.649204961540794, -0.02542742920388352], [-0.44216000671600914, 0.6913279679371294, 0.15290450967634167, -0.4711042819848957, -0.613142968988647, -0.20972411155870035, -0.3453611342105451, 0.016831846505625137, 0.4913746919605357, 0.4913746919605357, 0.26814102706399345, 0.3326855096577344, -0.18554363560136683, 0.5552224014785417, 0.1520698069333234, 0.1534009716400938], [-0.6786043922829007, -0.3675368885536048, -0.7549569970191378, -0.0700342114975691, -0.018831773775689734, -0.18749541701724187, 0.5023338258042154, -0.07470615049869461, 0.20230751259846308, 0.20230751259846308, -0.5741468574009602, 0.6500655126053791, 0.36022952882593356, 0.0023569765285230103, 0.40769652502222303, -0.06610442751183086]], "inverted": true, "swapped": false, "error_lsq": 0.045296645443708476, "error_max": 0.3716064318212914, "target": "1080.xyz", "model": "25.xyz", "model_rescale": 4.100010024507729, "target_rescale": 4.279144288405617},
{"mapping": [11, 13, 5, 10, 6, 3, 12, 2, 1, 7, 8, 15], "R": [[-0.3055282568455798, 0.2093205338338155, 0.9288904124730906], [0.6846186737373883, 0.7263010289596719, 0.06151493235127381], [-0.66177772389146, 0.654730272285961, -0.3652102335825083]], "T": [0.006122118509162448, 0.07842308302086279, 0.13727226476218674], "aligned_model": [[-0.6646354576972111, -0.07217170099888442, 0.45715325571899446, 0.49122499510199663, -0.5326680237177485, 0.22415554563695145, -0.21907043934327397, 0.49177698143476795, 0.15404734976362508, -0.08235920018576101, -0.3322905828593637, -0.03839712049108612], [-0.33135447941613194, -0.6454639024504705, -0.21296581404382073, -0.3593866495399616, 0.5976247455905294, 0.7204326312816217, 0.18612253561485687, 0.3598768665359562, -0.3087796439264444, 0.54637252708331, 0.09252878266430276, 0.02112379065689198], [0.07588798991408535, -0.0816045530353881, 0.6179392472299359, -6.596094403860109e-05, 0.16571962869453266, 0.07881628503900018, 0.568451675620995, -0.29375563215343997, -0.5788482965764252, -0.3853990803969684, -0.6308616275402519, 0.02891261400231998]], "inverted": true, "swapped": true, "error_lsq": 0.04324708818824231, "error_max": 0.27691820820453383, "target": "1080.xyz", "model": "26.xyz", "model_rescale": 3.6694154284099745, "target_rescale": 4.279144288405617},
