[{"mapping": [8, 2, 7, 9, 10, 1, 3, 0, 4, 5, 11, 13], "R": [[0.573212338089067, 0.7192010081781117, -0.39265446043315627], [-0.7268631113374437, 0.22507053249376013, -0.6488553558227184], [-0.37828247757372596, 0.657337938383723, 0.6517738886470681]], "T": [-0.015192004712612223, -0.059088905927230304, -0.064850716259115], "aligned_model": [[-0.2658908593060843, 0.2743156254020787, 0.4398795086444465, 0.0042374264485301235, -0.29621559517478385, -0.48589617566291426, 0.4094252812113996, -0.2430461324595186, 0.6181692214213128, 0.023830535370703988, -0.5432391334210291, -0.09792724001359276], [-0.32515237804172736, -0.7938368413392973, -0.3740780222115652, 0.6249346316418665, 0.47753408341345877, -0.5972253106418872, -0.25570849007430907, -0.34678658332417606, 0.20696630601641786, 0.24210265364682942, 0.3065732802065308, -0.11176829331508396], [-0.5710253647556418, -0.06159694117123411, -0.4799398948061546, 0.00687841496640261, -0.593063365617531, -0.07250774504980785, 0.5221086996489355, 0.6738426565714157, -0.03818539676168638, 0.5092533878641039, 0.2796277990803368, 0.0065594953844238385]], "inverted": true, "swapped": true, "error_lsq": 0.042813277292477026, "error_max": 0.24187002063512508, "target": "1083.xyz", "model": "0.xyz", "model_rescale": 3.751011558992144, "target_rescale": 4.0459841235425875},
{"mapping": [10, 4, 6, 11, 12, 9, 3, 7, 1, 13, 2, 5, 8, 14], "R": [[0.8106804374081549, -0.5113868873593668, -0.2850976671960347], [0.5622801810734592, 0.5442687824550936, 0.6225853278200892], [-0.16321221270395314, -0.6650225138156967, 0.7287707662513165]], "T": [0.03586515896892187, 0.06165848220088608, -0.020373672993463245], "aligned_model": [[0.19908403220442208, -0.03484357686461262, -0.633384961304476, -0.28887995677824563, -0.1654381141952129, 0.41769365102943856, 0.014514608160563214, -0.5637359807894268, -0.47971668833422054, 0.5280651437272319, 0.5471369910522063, 0.6585210818457378, 0.35207848932677455, 0.03568279351206409], [-0.1759392294220228, 0.5051586512215245, -0.0737372629726201, -0.6132106534896431, -0.5426605200132796, -0.45301755866331084, -0.043749340422612214, -0.04009369142169394, 0.529903606176929, -0.26582509749424243, 0.41619004285893385, 0.05480740433960383, 0.6268475797778288, 0.007506055500492763], [-0.7880719698393995, -0.671435762709411, -0.3326203927089699, -0.29573388874249373, 0.3620536270957065, -0.1736877197910132, 0.7358268522792503, 0.2438269934720356, -0.04501940365772992, 0.4015219045308365, 0.5242790495772395, -0.06873389873920938, -0.1652483285548464, -0.011930103329739067]], "inverted": true, "swapped": false, "error_lsq": 0.034835164787799563, "error_max": 0.2637097700031395, "target": "1083.xyz", "model": "1.xyz", "model_rescale": 3.9405287249114394, "target_rescale": 4.0459841235425875},
{"mapping": [0, 11, 5, 8, 10, 3, 1, 12, 6, 4, 7, 2, 13], "R": [[0.3215352535541507, 0.909533080746568, 0.26337170643318086], [0.5020763442264644, 0.07206186166997908, -0.8618157765212042], [-0.8028290137321006, 0.4093368577593695, -0.43348461517062953]], "T": [-0.03692082919096874, -0.09100818745545712, -0.014388075028984992], "aligned_model": [[-0.40554792143922247, 0.20111652777679612, -0.37735851672617293, 0.4221160022562075, 0.6191355407039226, -0.7686205891139161, 0.2064525198371085, 0.6082576078220565, 0.054029778738739834, -0.4665547657113074, -0.16544112082425894, -0.3986971178064686, -0.032904666229553146], [0.6442707276798784, 0.4326609605404551, 0.22346379830814328, -0.22151260825663138, -0.3854155207295741, 0.07585206541408708, 0.33600830423555056, 0.3886827950188775, -0.7480313201974379, -0.5576568918765902, -0.6255924745926146, -0.13036449778345532, 0.026467255811327986], [0.04753397268140473, -0.461955826504484, -0.4694091598590318, 0.38823612344270375, -0.3733608534707288, 0.0015359206937287824, 0.5048788751285338, 0.048113116436054745, -0.4005989036148199, -0.2795229936803465, 0.40550408538613564, 0.6865033440740052, 0.01566264887548845]], "inverted": false, "swapped": true, "error_lsq": 0.049181921162189814, "error_max": 0.32297315139052074, "target": "1083.xyz", "model": "2.xyz", "model_rescale": 3.932901565614263, "target_rescale": 4.0459841235425875},
{"mapping": [2, 6, 5, 4, 7, 0, 8, 9, 12, 3, 11, 1, 10, 13], "R": [[-0.4111135327096955, -0.6490397949732087, 0.6401039038813067], [-0.8518497289664277, 0.02352338454925601, -0.5232577659616444], [0.324557702855405, -0.7603906857139182, -0.5625551551596871]], "T": [0.10132483867332681, -0.040628356387975774, 0.053372550392140124], "aligned_model": [[0.29665673162668044, -0.09494097813737365, -0.5591137640804846, -0.16536615438420516, -0.35938543507041104, 0.4689927676136174, 0.037424749098311616, -0.5354257400079987, -0.3723598106422044, 0.4160382842653319, 0.4673269842950058, 0.7427311163701447, 0.21323245352168507, 0.030966308124145248], [-0.23804955689477517, 0.24887916615918063, 0.008244234107639976, -0.6347943538585252, -0.5428636156616814, -0.5486719237580461, -0.041238447175639494, 0.09544526380829768, 0.5384149976844012, -0.283939745369496, 0.5594104328063875, 0.08585902581837809, 0.6461423039619306, 0.03934220434783483], [-0.7321655927708849, -0.5334471699837131, -0.2263273022097299, -0.5289238399535235, 0.26608911146904796, -0.18255616092900676, 0.7846065292754006, 0.3937041678250821, -0.09979878265346936, 0.3734358148207688, 0.604466534418384, -0.29500590758976447, -0.11682787887505403, 0.007777436038718617]], "inverted": true, "swapped": false, "error_lsq": 0.046600991105871216, "error_max": 0.2429522935166452, "target": "1083.xyz", "model": "3.xyz", "model_rescale": 3.9243930471874484, "target_rescale": 4.0459841235425875},
{"mapping": [7, 8, 6, 4, 9, 2, 3, 10, 11, 12, 5, 0, 13], "R": [[-0.44908905293630025, 0.3894371657649419, -0.8041503071278069], [-0.7794001456504487, -0.6108072980475533, 0.13946274632283245], [-0.4368688996630869, 0.6893860591662822, 0.5778342547256499]], "T": [-0.03428596448299049, -0.08208024900264656, -0.13458754669354428], "aligned_model": [[-0.134285144223828, -0.31839090114297425, 0.626964870986219, 0.42642103395857145, 0.6053882304851121, -0.6242494167523471, -0.13226572782015833, 0.42470963183671817, 0.095377385069076, -0.3250342309259101, 0.20438558173805202, -0.45321447447009516, -0.11860095242708299], [-0.6103105279939044, 0.07169003161158845, -0.2553430976083686, -0.5883037200432709, 0.13008578114054847, -0.603254793019108, -0.557392082095293, 0.3723182506654256, 0.5330759668947064, 0.6611126474592638, -0.025881075837907386, 0.02323500409039153, -0.02320283158248468], [-0.5699956175896903, -0.6689016373124694, -0.4836398809388979, -0.07032467412549731, 0.004024397075169883, -0.19783312515479418, 0.438089573154337, -0.6129097603591283, 0.23416480633160636, -0.2503235281224203, 0.4668375795893443, 0.5680951392754354, -0.07021295645203104]], "inverted": true, "swapped": true, "error_lsq": 0.046481767105763065, "error_max": 0.3382157606441693, "target": "1083.xyz", "model": "4.xyz", "model_rescale": 3.8936222436046832, "target_rescale": 4.0459841235425875},
{"mapping": [9, 10, 4, 5, 7, 8, 12, 1, 0, 11, 3, 13], "R": [[0.5338399526060961, -0.5162674163380405, -0.6696886290128913], [-0.8455020406349674, -0.3370304023451452, -0.41417002206482295], [-0.011882940866108083, 0.7873236073703839, -0.6164254480419012]], "T": [-0.171314586565794, 0.04174998957427384, -0.071812089154867], "aligned_model": [[-0.05734657272313781, -0.5948491144149783, -0.25188909661221365, 0.4033167627747193, -0.6890868825608788, -0.635237067719371, -0.11159034141509411, -0.12326717834966205, 0.5759591997015155, 0.29537126905192834, 0.30497546866494385, -0.08880840418267383], [-0.48728283345096796, -0.6408260998040771, 0.188983281935283, -0.08087591840665366, 0.4816876152643648, 0.02819779657874918, -0.4008352175161151, 0.20927682636414785, 0.27224116391771086, -0.49241247048234, 0.5409228817155552, 0.04984587899415], [-0.4967195320090231, -0.09741443193732988, -0.7385001449856772, -0.3485725191503528, -0.2020963429834462, 0.345853723683584, 0.5996165386189631, 0.6216127750070847, 0.19050653977214796, 0.0957672367431042, -0.3675394354358178, 0.016770311952280847]], "inverted": false, "swapped": true, "error_lsq": 0.046491519349260234, "error_max": 0.28806562697736837, "target": "1083.xyz", "model": "5.xyz", "model_rescale": 3.6523030999806103, "target_rescale": 4.0459841235425875},
{"mapping": [6, 4, 5, 9, 11, 7, 3, 8, 2, 1, 0, 12, 13], "R": [[-0.8913177598499512, -0.3632594684033592, -0.2712843703411126], [-0.4446903496073059, 0.5838779257669809, 0.6792179773593895], [-0.08833540593780641, 0.7260365875197731, -0.6819587448229153]], "T": [0.0835968202192211, -0.11097241277002584, 0.04463471147818822], "aligned_model": [[0.2529501925531491, -0.14264348108169383, 0.23611793918494575, 0.5726731636144063, 0.6794431042387298, -0.42052915799384616, -0.39100264883155444, 0.09271993654544711, -0.6546485495985629, -0.0018463314981248397, -0.0361775821859449, 0.6000525539084521, 0.0939737658088915], [-0.5497069562353902, -0.14513873308167544, 0.4603281046240479, -0.03207004581144601, 0.2904693191302042, -0.574526449385339, 0.4269766754339059, -0.5926907892505312, -0.1474052627994658, -0.07822589910640088, 0.6429805493615199, -0.12790268538795627, -0.032260923328290156], [0.651216651373526, 0.6929331354002131, 0.3133123317948774, 0.5221171905595499, -0.0779205566455625, 0.14252191708695489, 0.2656473327830458, -0.3525008273220648, -0.2334771453718535, -0.6644766834285742, -0.267718261288519, -0.5744387043594752, -0.04710664110032857]], "inverted": true, "swapped": true, "error_lsq": 0.05029289111028619, "error_max": 0.34373582118553947, "target": "1083.xyz", "model": "6.xyz", "model_rescale": 4.08911054899281, "target_rescale": 4.0459841235425875},
{"mapping": [3, 9, 8, 4, 5, 6, 12, 10, 11, 7, 13, 2, 1, 14], "R": [[-0.8152274057588214, 0.24375914358435755, 0.5253434655715845], [-0.28775132552073135, 0.6167309622254227, -0.7326950899887118], [-0.5025967086649137, -0.7484813959956019, -0.4326339657119759]], "T": [0.04724664957892837, -0.004510564832364761, -0.021751325958162506], "aligned_model": [[0.07140119934791533, -0.18941730331231432, -0.5255739797400356, -0.21562829995285782, -0.1468415526519773, 0.39386553474567, -0.13113521356563262, -0.6174193661948886, -0.24957076140175521, 0.5709420501040519, 0.38571685514015736, 0.8465942906082093, 0.39209453499115876, 0.0017495244745428448], [-0.28671523678004845, 0.4642731293947683, -0.08210872942981841, -0.6201536822635109, -0.6099479707577334, -0.2826622948970592, 0.10295203957426244, -0.02640217689298411, 0.4697978768172506, -0.4054647944739035, 0.37933819936328467, 0.09924007270096827, 0.6020318869102083, 0.12800166671020255], [-0.7608240673863194, -0.6038074481117259, -0.3836961073305652, -0.24249960470700302, 0.39810168027671455, -0.24897352989355706, 0.6598890613183083, 0.25576397686085467, 0.15562395325456788, 0.38354831349250545, 0.5016916685736541, -0.04221341978076565, -0.2478757364410132, -0.10970178124339933]], "inverted": true, "swapped": false, "error_lsq": 0.041436387110520854, "error_max": 0.28325186217686027, "target": "1083.xyz", "model": "7.xyz", "model_rescale": 3.964800864290218, "target_rescale": 4.0459841235425875},
{"mapping": [12, 7, 2, 4, 6, 11, 3, 0, 1, 10, 5, 9, 8, 13], "R": [[0.13348971614642055, 0.0846018288188764, -0.9874325426294444], [-0.31038497718393765, 0.9497934047546486, 0.039416420729167206], [0.9411916179087416, 0.30122254040007324, 0.15304678870610672]], "T": [-0.02140312146385611, -0.02087936741555558, 0.0031588446695003693], "aligned_model": [[0.24064127050243003, -0.14705659173171395, -0.60560013777834, -0.2360218075033027, -0.11750743389397467, 0.42820210422540966, -0.1763240019641592, -0.6459666393382194, -0.37710026596548357, 0.6990798834469489, 0.3927975901339268, 0.6201720193229693, 0.46875286481252976, 0.04270865832322334], [-0.09483669007880294, 0.41336709487637485, -0.07315531878908761, -0.6005160562927698, -0.5478893238178382, -0.6929245341000471, -0.11368763871379345, 0.0114541601746325, 0.6390264379546797, -0.04810828975137976, 0.4811628131019296, -0.015046935658265492, 0.5496980330495201, 0.023636234020734566], [-0.7014956723472241, -0.5468360465415912, -0.30439570137288635, -0.33307548362551936, 0.22571286095259718, -0.17944389206409433, 0.7055468010483454, 0.35249296504241445, -0.030363694083466817, 0.3972360432364284, 0.5280037193339288, -0.24624854947264577, -0.15573143383494606, 0.0036250426109155232]], "inverted": true, "swapped": false, "error_lsq": 0.041940380519766805, "error_max": 0.2499806170147616, "target": "1083.xyz", "model": "8.xyz", "model_rescale": 4.121658175737393, "target_rescale": 4.0459841235425875},
{"mapping": [0, 1, 12, 11, 2, 3, 8, 6, 10, 7, 5, 9, 13], "R": [[-0.4604797931932968, -0.5682811283989058, -0.68192002402505], [-0.849291481024296, 0.505495687942355, 0.15224352114701975], [0.25819051167735885, 0.6492539322771572, -0.7154068710198639]], "T": [-0.05088210273332172, -0.05486623760223735, 0.031431016426063586], "aligned_model": [[-0.6210017346859742, -0.2047590145238914, 0.3155850101646478, 0.17855694553624807, -0.6472489158447154, -0.7283653286259975, 0.2037642343415692, 0.40034859847204457, 0.751391424931732, -0.17241218593431437, -0.2407469138931025, 0.3391861967581295, -0.09756082026117904], [0.3610043852642472, -0.3147350149345774, -0.0025969067603855422, 0.5323209157686722, -0.5699974766309441, 0.18493592011925591, -0.5582485747237173, -0.10016675349173926, -0.061743312984550484, -0.6498086764639923, 0.5606113386599499, 0.4280863298502626, -0.01927473426077176], [-0.3956176769022967, -0.6166445588772504, -0.6849730772291049, -0.33432439649508416, -0.02020438165850049, 0.2482070761857463, -0.23617677000239692, 0.6506635508650135, 0.07893877020879256, 0.3629143268836378, 0.11493756207379133, 0.32810307499080316, -0.07474806608406231]], "inverted": true, "swapped": true, "error_lsq": 0.0419079497771844, "error_max": 0.2416435486395544, "target": "1083.xyz", "model": "9.xyz", "model_rescale": 3.833441315466971, "target_rescale": 4.0459841235425875},
{"mapping": [10, 0, 13, 8, 9, 11, 3, 2, 5, 7, 4, 12, 1, 14], "R": [[0.5908293192750118, 0.27868883568354114, -0.757134894421317], [-0.41832112390023296, -0.6966271759513241, -0.5828533392071538], [-0.6898754617928315, 0.6610923616193396, -0.2950063331942082]], "T": [0.16167541651256753, 0.0496295922635625, -0.03483659704140041], "aligned_model": [[0.10295647982066655, -0.06801086863760122, -0.5751524646453479, -0.11319539879642795, -0.24297058921115613, 0.5574918814376173, -0.041981020302183286, -0.4963851223889151, -0.2860655077098002, 0.4296444426664279, 0.20019917665442152, 0.6736735708125839, 0.3233433773876355, 0.12322955550432381], [-0.32983814068207185, 0.38552333779459574, 0.20410197475109854, -0.6515847851847364, -0.5479242094618021, -0.4848716001374444, -0.11004637164368236, -0.04302429812195672, 0.5456064515182383, -0.4215679946891961, 0.5165610352935086, 0.16319421906277806, 0.7079576851206706, -0.0019073176441131365], [-0.7616862855236501, -0.580952485686581, -0.29734278365729006, -0.23559464576648437, 0.33543518236950065, -0.18641127322350343, 0.7942288358659451, 0.23906455057348885, 0.0699022273141284, 0.3525642442765624, 0.6104567684170893, -0.3314525488108635, -0.32822460888824745, 0.03503978162216127]], "inverted": false, "swapped": false, "error_lsq": 0.04190265132152206, "error_max": 0.28623438586302796, "target": "1083.xyz", "model": "10.xyz", "model_rescale": 4.2482417240324, "target_rescale": 4.0459841235425875},
{"mapping": [2, 7, 8, 6, 0, 11, 1, 9, 4, 5, 3, 13], "R": [[0.4864969223276461, 0.2712027446887799, 0.8305238201514757], [0.8714009542644099, -0.081969728924147, -0.4836748292470653], [-0.06309612882581755, 0.959025565255366, -0.27620435136655885]], "T": [0.06344952409887503, 0.0354694020137466, 0.04055437713338251], "aligned_model": [[-0.592002613249043, -0.043413976800880244, 0.15036451317590227, 0.6639639478319912, -0.5376921786430424, 0.2610479691457497, -0.3103191540586242, 0.5909058527244782, 0.1767700421494932, 0.000649716515947335, -0.4771417770389387, -0.006366739390026396], [-0.393127714008673, -0.647952719042007, -0.25010145617053803, -0.31268863248986783, 0.5980525215910847, 0.732687344684259, 0.14498829259143142, 0.3045437545988561, -0.2552805998029622, 0.5138342370345883, 0.1114524295521663, 0.11972393151230148], [0.14237181828445772, 0.029524942849218173, 0.5889589096623491, -0.28697977995086793, -0.009287803455196274, 0.1183364249924661, 0.6401495943876219, -0.30987334035463004, -0.5720350077472826, -0.39425351762861705, -0.4746815697482234, 0.09296161856306101]], "inverted": false, "swapped": true, "error_lsq": 0.04803926847890271, "error_max": 0.29454747936746156, "target": "1083.xyz", "model": "11.xyz", "model_rescale": 3.6694154284099745, "target_rescale": 4.0459841235425875},
{"mapping": [1, 0, 4, 3, 8, 2, 9, 11, 6, 10, 7, 12, 5, 13], "R": [[-0.9486180739914641, 0.31556001946396633, -0.023358591837407912], [-0.31641770345550296, -0.9455710260197322, 0.07599520834853031], [0.001893841775556463, 0.0794815001613099, 0.9968345421861329]], "T": [0.06537155556116196, 0.060007785124286096, 0.0011111489933113491], "aligned_model": [[0.15964077877685057, -0.023290756123532902, -0.5382983644583024, -0.31557267178058934, -0.1598042529230828, 0.3182664166209275, -0.008458191659606665, -0.5689586138102342, -0.2611673909059438, 0.5552298856280783, 0.3393634328927185, 0.6983314792322459, 0.34838683619745986, 0.04310892490525556], [-0.361556741903554, 0.394844825418957, -0.07138911663623954, -0.6315904780644832, -0.5986895760400315, -0.5264115656305334, -0.1349070875082128, 0.02498115700051238, 0.5216241669292353, -0.13146670381706163, 0.46143425667910615, 0.09993285775492469, 0.8074290341850904, 0.07794495760817756], [-0.7268106580764221, -0.6239976538233578, -0.40631507944776574, -0.3421412925312829, 0.2977784592580608, -0.13479362539734419, 0.7765101609491322, 0.3771789892224503, 0.012835736113122942, 0.3573486033087498, 0.5632059430991817, -0.24288930975261538, -0.07527353438907008, -0.11760977965058328]], "inverted": false, "swapped": false, "error_lsq": 0.03440349637416055, "error_max": 0.2576147798402693, "target": "1083.xyz", "model": "12.xyz", "model_rescale": 3.9764082729961374, "target_rescale": 4.0459841235425875},
{"mapping": [4, 6, 5, 0, 1, 7, 10, 12, 13, 8, 11, 3, 14, 15], "R": [[0.7582514378074645, -0.6064217652569566, -0.23938963988767178], [-0.4741145483961482, -0.26085310360704567, -0.8409346308350536], [0.4475155327606282, 0.7511380039388291, -0.485305622238979]], "T": [-0.04782623079004982, -0.060375523937709, -0.02611206324521692], "aligned_model": [[0.049812888983480096, -0.15442259623116228, -0.6571120265545748, -0.12361845578816466, -0.2030772166594455, 0.43822565420529697, -0.010276236181120356, -0.5522878816783655, -0.23191964680262722, 0.47484931276118186, 0.403500903933472, 0.7832711772057153, 0.34086207092326626, 0.028969564475292676], [-0.18712257148434353, 0.5081967542049807, -0.1524131569073568, -0.7003741584830975, -0.4141668716895083, -0.5290562731705392, 0.016802762612399054, 0.055593106270472155, 0.5059408203417405, -0.22036554651524465, 0.39565285775649733, 0.06754406753558581, 0.6306586588872646, -0.044710463382962806], [-0.7263016875665784, -0.5251326891732524, -0.594551856918788, -0.3604251199931313, 0.47792304654728707, -0.36541372742329464, 0.7731253288657403, 0.3470946549940734, 0.11487005820881302, 0.42206904467613765, 0.4417411523053759, -0.06295122520144564, -0.12711306251605697, -0.0999069579226242]], "inverted": true, "swapped": false, "error_lsq": 0.03884976136321581, "error_max": 0.2566799385245422, "target": "1083.xyz", "model": "13.xyz", "model_rescale": 4.170626492500431, "target_rescale": 4.0459841235425875},
{"mapping": [7, 8, 0, 1, 3, 9, 6, 2, 4, 11, 5, 10, 12, 13], "R": [[-0.04663927166259098, 0.1571098419573676, 0.986479232370816], [0.46057119545713093, 0.8797002217027772, -0.11832875327355792], [-0.8863966111476131, 0.4488251524772383, -0.11338884535002303]], "T": [-0.033341363329572, -0.013574740494092899, -0.033568731746576305], "aligned_model": [[-0.01776688112375164, 0.026004855466530134, -0.49190509416074607, -0.12740514587308172, -0.1351919352411441, 0.5254880546596679, -0.033219607109691594, -0.6461219047765249, -0.31587204823446585, 0.5006905092050755, 0.4229012894714836, 0.4363348092543779, 0.4171727232447758, 0.02566788780973913], [-0.11710351226246798, 0.5021769756020709, -0.1706012011355943, -0.6929627675112964, -0.5483597954820445, -0.5846034451773624, 0.06612975815142105, 0.007256911731139163, 0.6362000429311516, -0.2030848704797314, 0.45610100672759035, 0.024082227863738447, 0.5631985898100165, -0.006249934792744003], [-0.8376017110508834, -0.5646379235317813, -0.38130484139364784, -0.3805534337935474, 0.389639267224028, -0.16751774623131815, 0.8037701752087723, 0.20517426296927033, -0.001439718302822128, 0.38898957296545983, 0.5976738227386517, -0.3439145881967927, -0.04226956125649936, 0.04901938153336613]], "inverted": false, "swapped": false, "error_lsq": 0.046843225838021856, "error_max": 0.30557565396979525, "target": "1083.xyz", "model": "14.xyz", "model_rescale": 3.9786697098870705, "target_rescale": 4.0459841235425875},
{"mapping": [7, 1, 4, 6, 3, 5, 12, 11, 9, 10, 0, 13], "R": [[0.24821846248531007, -0.5860880125679564, 0.7712901116995937], [0.2815206176727271, -0.7181996882870241, -0.6363453068653744], [0.9268946740091859, 0.3750867223304023, -0.013274563075321932]], "T": [-0.021771532882648825, -0.06911604194591764, -0.12761684808655538], "aligned_model": [[-0.0031248475840341405, -0.7329710751981207, 0.5625160962789508, 0.6368220646523772, 0.051757119803338525, 0.23222624828741784, -0.5108231944153064, -0.04004665207569538, 0.5438145665991314, 0.263250338237959, -0.40563667834210854, -0.11442938947657297], [-0.4188411605366213, -0.10119512515039786, 0.011657241086248549, -0.46042552521433805, 0.5678157968037947, 0.4912350878992376, -0.2495075418505308, 0.20042162642448774, -0.027709854724504213, -0.6484243830186995, 0.6540847271800312, -0.004436398674268954], [-0.7242338897033855, -0.06145054132735239, -0.4807832408719826, -0.17496213030031796, -0.5179908051070737, 0.08053303782807295, 0.4876492994484951, 0.5493052429872424, 0.26200946358005367, 0.3510390543881067, -0.02769911286567653, -0.08344988418235169]], "inverted": false, "swapped": true, "error_lsq": 0.05048962675196261, "error_max": 0.29341364073041815, "target": "1083.xyz", "model": "15.xyz", "model_rescale": 3.769337070930944, "target_rescale": 4.0459841235425875},
{"mapping": [8, 10, 2, 7, 1, 12, 0, 11, 3, 4, 13], "R": [[-0.5403506554770331, 0.02286582282866545, 0.8411291953510525], [0.7723678718377918, 0.41011580396287595, 0.48502875986135574], [-0.3338697944982467, 0.9117467748702224, -0.23926717040882667]], "T": [-0.08648864628753229, 0.0007420813269477591, 0.07688439106515133], "aligned_model": [[-0.27939173575268633, -0.39608833547732314, -0.15587466472873612, -0.6423273287305835, 0.2807182602357598, 0.3414278027792367, 0.6651996694396972, 0.4531571568356203, 0.1283946838371241, -0.5002996848259325, 0.027710307078994592], [-0.07648823929353932, -0.7287092062420626, 0.7360326061356142, 0.37482186862631606, 0.1627063014583317, -0.44083837370089307, 0.3183896702437711, -0.47371808521959624, 0.5595183109797649, 0.14663076531678967, 0.017718879320845655], [-0.5119078790270591, -0.05726457667192231, -0.20278185307367086, -0.09549578072835357, -0.5148406429818767, -0.4448044697933149, 0.19696786798489932, 0.19885983764351411, 0.5297361724553584, 0.6061478170673936, 0.0396011143488087]], "inverted": true, "swapped": true, "error_lsq": 0.04500546256370372, "error_max": 0.25206451071344876, "target": "1083.xyz", "model": "16.xyz", "model_rescale": 3.7852294659196426, "target_rescale": 4.0459841235425875},
{"mapping": [2, 4, 5, 3, 7, 6, 10, 9, 0, 1, 8, 11, 13], "R": [[0.4974910536664303, 0.055650399064851336, -0.865682207629213], [0.19578252241404775, 0.9649884066284364, 0.17454678166584586], [0.8450868922418913, -0.25632090854363476, 0.46917772368720556]], "T": [-0.016367577141916494, 0.11772214097663784, -0.018472611909373778], "aligned_model": [[-0.05036956481931248, -0.4751003402316488, 0.30460571604668574, 0.16319131545684484, -0.5492028039671297, -0.67434924943848, -0.3216696730606176, -0.12338063783332764, 0.7251361105541398, 0.4056378072893721, -0.15539602615641968, 0.5036841088967409, 0.1009790874794354], [-0.12623731641849, -0.35727816723396927, -0.28646965210552156, -0.5986933420369822, 0.049706429675611924, 0.13338779477763102, 0.701657024426074, 0.08128899684127995, -0.22312701506504345, 0.4494763947813817, 0.6336310882703191, 0.28911058544110596, 0.12860280234947738], [-0.768810823331865, 0.17279112512416867, 0.3757859023030962, -0.15259164890946528, -0.45444019770430977, 0.37640068469427373, 0.44169885194509656, 0.6602258497509007, -0.13826196925579556, -0.4907674428281418, -0.34152293327685085, 0.46254744691166666, -0.047300148279600336]], "inverted": false, "swapped": true, "error_lsq": 0.03798829282849937, "error_max": 0.2029240530706926, "target": "1083.xyz", "model": "17.xyz", "model_rescale": 3.901054581598922, "target_rescale": 4.0459841235425875},
{"mapping": [10, 4, 6, 11, 12, 9, 3, 7, 1, 13, 2, 5, 8, 14], "R": [[0.8106804374081549, -0.5113868873593668, -0.2850976671960347], [0.5622801810734592, 0.5442687824550936, 0.6225853278200892], [-0.16321221270395314, -0.6650225138156967, 0.7287707662513165]], "T": [0.03586515896892187, 0.06165848220088608, -0.020373672993463245], "aligned_model": [[0.19908403220442208, -0.03484357686461262, -0.633384961304476, -0.28887995677824563, -0.1654381141952129, 0.41769365102943856, 0.014514608160563214, -0.5637359807894268, -0.47971668833422054, 0.5280651437272319, 0.5471369910522063, 0.6585210818457378, 0.35207848932677455, 0.03568279351206409], [-0.1759392294220228, 0.5051586512215245, -0.0737372629726201, -0.6132106534896431, -0.5426605200132796, -0.45301755866331084, -0.043749340422612214, -0.04009369142169394, 0.529903606176929, -0.26582509749424243, 0.41619004285893385, 0.05480740433960383, 0.6268475797778288, 0.007506055500492763], [-0.7880719698393995, -0.671435762709411, -0.3326203927089699, -0.29573388874249373, 0.3620536270957065, -0.1736877197910132, 0.7358268522792503, 0.2438269934720356, -0.04501940365772992, 0.4015219045308365, 0.5242790495772395, -0.06873389873920938, -0.1652483285548464, -0.011930103329739067]], "inverted": true, "swapped": false, "error_lsq": 0.034835164787799563, "error_max": 0.2637097700031395, "target": "1083.xyz", "model": "18.xyz", "model_rescale": 3.9405287249114394, "target_rescale": 4.0459841235425875},
{"mapping": [13, 12, 4, 7, 8, 9, 6, 0, 1, 5, 2, 11, 14, 15], "R": [[0.884411119215158, 0.40550432350657506, 0.23104808119970752], [0.27952140492735567, -0.8566750185630785, 0.43356164124307217], [0.37374423928139544, -0.3188638521178343, -0.8710000501817133]], "T": [0.015924039857782783, 0.10017149076217056, -0.11231408564773135], "aligned_model": [[0.29215492168208324, -0.26655114982322364, -0.6262132762391213, -0.11693158145758703, -0.17938606109595406, 0.4263073729818235, -0.11203582289970515, -0.5778591852092192, -0.295703696909152, 0.43252281027653516, 0.4208652199089959, 0.7208218049924363, 0.42705768000729294, 0.04172847637703971], [-0.05684057793737966, 0.43476648549739305, -0.13979016474828798, -0.5617480188061169, -0.4458158837386984, -0.5461322402009942, 0.026581317886561637, -0.015555804201705312, 0.5189457112491895, -0.29698725942984944, 0.3435441185883634, 0.0026432621436331266, 0.5531907190609152, 0.11537832061286296], [-0.7042376918514577, -0.4415450363832427, -0.36676073973581924, -0.31190741138566125, 0.3735088315628978, -0.16604353933591673, 0.6201435688084447, 0.2143400629334942, 0.2914627461696059, 0.48766344259008854, 0.6171498872369828, -0.22554211764739776, -0.5871631888428502, -0.08604185523691221]], "inverted": false, "swapped": false, "error_lsq": 0.0451871754364482, "error_max": 0.3314483184106949, "target": "1083.xyz", "model": "19.xyz", "model_rescale": 4.410303926677745, "target_rescale": 4.0459841235425875},
{"mapping": [12, 7, 2, 4, 6, 11, 3, 0, 1, 10, 5, 9, 8, 13], "R": [[0.13348971614642055, 0.0846018288188764, -0.9874325426294444], [-0.31038497718393765, 0.9497934047546486, 0.039416420729167206], [0.9411916179087416, 0.30122254040007324, 0.15304678870610672]], "T": [-0.02140312146385611, -0.02087936741555558, 0.0031588446695003693], "aligned_model": [[0.24064127050243003, -0.14705659173171395, -0.60560013777834, -0.2360218075033027, -0.11750743389397467, 0.42820210422540966, -0.1763240019641592, -0.6459666393382194, -0.37710026596548357, 0.6990798834469489, 0.3927975901339268, 0.6201720193229693, 0.46875286481252976, 0.04270865832322334], [-0.09483669007880294, 0.41336709487637485, -0.07315531878908761, -0.6005160562927698, -0.5478893238178382, -0.6929245341000471, -0.11368763871379345, 0.0114541601746325, 0.6390264379546797, -0.04810828975137976, 0.4811628131019296, -0.015046935658265492, 0.5496980330495201, 0.023636234020734566], [-0.7014956723472241, -0.5468360465415912, -0.30439570137288635, -0.33307548362551936, 0.22571286095259718, -0.17944389206409433, 0.7055468010483454, 0.35249296504241445, -0.030363694083466817, 0.3972360432364284, 0.5280037193339288, -0.24624854947264577, -0.15573143383494606, 0.0036250426109155232]], "inverted": true, "swapped": false, "error_lsq": 0.041940380519766805, "error_max": 0.2499806170147616, "target": "1083.xyz", "model": "20.xyz", "model_rescale": 4.121658175737393, "target_rescale": 4.0459841235425875},
{"mapping": [6, 4, 5, 9, 11, 7, 3, 8, 2, 1, 0, 12, 13], "R": [[-0.8913177598499512, -0.3632594684033592, -0.2712843703411126], [-0.4446903496073059, 0.5838779257669809, 0.6792179773593895], [-0.08833540593780641, 0.7260365875197731, -0.6819587448229153]], "T": [0.0835968202192211, -0.11097241277002584, 0.04463471147818822], "aligned_model": [[0.2529501925531491, -0.14264348108169383, 0.23611793918494575, 0.5726731636144063, 0.6794431042387298, -0.42052915799384616, -0.39100264883155444, 0.09271993654544711, -0.6546485495985629, -0.0018463314981248397, -0.0361775821859449, 0.6000525539084521, 0.0939737658088915], [-0.5497069562353902, -0.14513873308167544, 0.4603281046240479, -0.03207004581144601, 0.2904693191302042, -0.574526449385339, 0.4269766754339059, -0.5926907892505312, -0.1474052627994658, -0.07822589910640088, 0.6429805493615199, -0.12790268538795627, -0.032260923328290156], [0.651216651373526, 0.6929331354002131, 0.3133123317948774, 0.5221171905595499, -0.0779205566455625, 0.14252191708695489, 0.2656473327830458, -0.3525008273220648, -0.2334771453718535, -0.6644766834285742, -0.267718261288519, -0.5744387043594752, -0.04710664110032857]], "inverted": true, "swapped": true, "error_lsq": 0.05029289111028619, "error_max": 0.34373582118553947, "target": "1083.xyz", "model": "21.xyz", "model_rescale": 4.08911054899281, "target_rescale": 4.0459841235425875},
{"mapping": [11, 15, 1, 8, 6, 5, 7, 0, 4, 10, 12, 9, 14, 16], "R": [[0.47786500573711477, 0.8472470700394057, 0.2319858586239898], [0.6157867641830272, -0.5114310084411318, 0.5993704903162018], [0.6264596534086329, -0.14356436157532113, -0.766118513505976]], "T": [0.005396678947349499, 0.09477624379827239, -0.03271902751163324], "aligned_model": [[0.06488143895014717, 0.04780508751411678, -0.605535732237367, -0.1787585959701351, -0.21673665261931693, 0.47759962382132704, 0.026490369975682944, -0.6512827804832884, -0.4951529022355272, 0.5363595828288928, 0.5215513569663148, 0.7125010369112664, 0.37064940421936154, -0.023593725049230525], [-0.25044899149824523, 0.39314223898011774, -0.1006071844579519, -0.526466361530254, -0.5159127050561596, -0.4103655036184995, -0.036848085846032344, -0.03256039436093304, 0.5343782458031183, -0.31818745849362123, 0.4048451107171909, 0.07214929873647481, 0.6102515620829407, 0.10881021451774171], [-0.7132880030756984, -0.6965610853056198, -0.5002500812320388, -0.27951140605028213, 0.3323561966621405, -0.1726663312271442, 0.6658697499919295, 0.35796865635294844, 0.17341777773851413, 0.4130104694997134, 0.39437715856457295, -0.11661813279962577, -0.14540544580484083, 0.0023274355676867683]], "inverted": false, "swapped": false, "error_lsq": 0.0442322496731759, "error_max": 0.2812892456026062, "target": "1083.xyz", "model": "22.xyz", "model_rescale": 4.204369325754507, "target_rescale": 4.0459841235425875},
{"mapping": [13, 12, 4, 7, 8, 9, 6, 0, 1, 5, 2, 11, 14, 15], "R": [[0.884411119215158, 0.40550432350657506, 0.23104808119970752], [0.27952140492735567, -0.8566750185630785, 0.43356164124307217], [0.37374423928139544, -0.3188638521178343, -0.8710000501817133]], "T": [0.015924039857782783, 0.10017149076217056, -0.11231408564773135], "aligned_model": [[0.29215492168208324, -0.26655114982322364, -0.6262132762391213, -0.11693158145758703, -0.17938606109595406, 0.4263073729818235, -0.11203582289970515, -0.5778591852092192, -0.295703696909152, 0.43252281027653516, 0.4208652199089959, 0.7208218049924363, 0.42705768000729294, 0.04172847637703971], [-0.05684057793737966, 0.43476648549739305, -0.13979016474828798, -0.5617480188061169, -0.4458158837386984, -0.5461322402009942, 0.026581317886561637, -0.015555804201705312, 0.5189457112491895, -0.29698725942984944, 0.3435441185883634, 0.0026432621436331266, 0.5531907190609152, 0.11537832061286296], [-0.7042376918514577, -0.4415450363832427, -0.36676073973581924, -0.31190741138566125, 0.3735088315628978, -0.16604353933591673, 0.6201435688084447, 0.2143400629334942, 0.2914627461696059, 0.48766344259008854, 0.6171498872369828, -0.22554211764739776, -0.5871631888428502, -0.08604185523691221]], "inverted": false, "swapped": false, "error_lsq": 0.0451871754364482, "error_max": 0.3314483184106949, "target": "1083.xyz", "model": "23.xyz", "model_rescale": 4.410303926677745, "target_rescale": 4.0459841235425875},
{"mapping": [7, 12, 0, 1, 10, 11, 8, 4, 5, 9, 15, 14, 6, 16], "R": [[0.4959334047055692, 0.5618251769706523, 0.6621197237804033], [-0.8674264948179135, 0.35587819772668566, 0.347738385098215], [-0.04026579423096743, -0.7467952724172144, 0.6638339302191837]], "T": [0.05725795037766826, -0.02598739873877033, -0.06396007789536443], "aligned_model": [[0.06847301017226051, -0.2016116034440513, -0.5397467884013516, -0.24465332906748602, -0.03613396071112729, 0.47037131883268235, -0.07311945153884378, -0.4592810507116717, -0.23283038824227967, 0.4275231367293494, 0.38563876551502396, 0.719366115565949, 0.3489113411314444, -0.04612960323765397], [-0.24521886537578164, 0.5288662578341594, 0.053558743432029834, -0.7576520863648671, -0.5215775432076464, -0.5001447418320679, -0.09288654168103196, 0.03982081339545521, 0.5156174574560517, -0.18419663162234085, 0.40965554237332125, 0.11192014311617086, 0.6609195395632869, -0.08650210111085187], [-0.6914492675650243, -0.5848245599590687, -0.5196393118168859, -0.39539893167556517, 0.34768577222839914, -0.13630401617093313, 0.7448865732057854, 0.3863077452504541, 0.07063178282004817, 0.41592898640463716, 0.39614367012640694, -0.0366786280590469, -0.20885744686428795, -0.07340540904266254]], "inverted": false, "swapped": false, "error_lsq": 0.03941517369587404, "error_max": 0.242603976205092, "target": "1083.xyz", "model": "24.xyz", "model_rescale": 4.28219845311461, "target_rescale": 4.0459841235425875},
{"mapping": [10, 12, 14, 6, 0, 8, 4, 2, 13, 1, 3, 5, 9, 15], "R": [[0.49054695815711274, 0.8703356477000678, 0.04335368710164712], [-0.7611690898149243, 0.45217671584423474, -0.4649277732709053], [-0.42424674253684497, 0.19506941838952063, 0.8842865053002056]], "T": [0.033758142591501505, 0.1192544648935333, 0.00027401004007876137], "aligned_model": [[0.0644686031191425, -0.23036406669205, -0.4684766338482173, -0.2088826011025984, -0.17422280624209913, 0.40294686881376973, -0.09153819248794581, -0.6001426580768767, -0.4132007717728746, 0.502116361273367, 0.5594788564925519, 0.8319721870169916, 0.40048568998077655, 0.012136676118307245], [-0.3008947727840792, 0.6131871705265883, -0.040714022793740465, -0.7306979020413551, -0.5142894759892236, -0.4138690408057478, 0.09476704830493575, -0.11182039611367485, 0.5069292282724213, -0.20990264118763402, 0.27189493710692386, 0.02109058350513124, 0.6809194486303644, 0.06557982134497756], [-0.6722111604439845, -0.5200046086847444, -0.5495577252901233, -0.17552012638766631, 0.4702954690489493, -0.2475668038508374, 0.7202391257715198, 0.11669655042813162, 0.05368247047797314, 0.28693335029623057, 0.5483287172342308, -0.2799024925200162, -0.08289470949209882, 0.04650890229469151]], "inverted": true, "swapped": false, "error_lsq": 0.05069895240258328, "error_max": 0.29504134013503575, "target": "1083.xyz", "model": "25.xyz", "model_rescale": 4.100010024507729, "target_rescale": 4.0459841235425875},
{"mapping": [2, 7, 8, 6, 0, 11, 1, 9, 4, 5, 3, 13], "R": [[0.4864969223276461, 0.2712027446887799, 0.8305238201514757], [0.8714009542644099, -0.081969728924147, -0.4836748292470653], [-0.06309612882581755, 0.959025565255366, -0.27620435136655885]], "T": [0.06344952409887503, 0.0354694020137466, 0.04055437713338251], "aligned_model": [[-0.592002613249043, -0.043413976800880244, 0.15036451317590227, 0.6639639478319912, -0.5376921786430424, 0.2610479691457497, -0.3103191540586242, 0.5909058527244782, 0.1767700421494932, 0.000649716515947335, -0.4771417770389387, -0.006366739390026396], [-0.393127714008673, -0.647952719042007, -0.25010145617053803, -0.31268863248986783, 0.5980525215910847, 0.732687344684259, 0.14498829259143142, 0.3045437545988561, -0.2552805998029622, 0.5138342370345883, 0.1114524295521663, 0.11972393151230148], [0.14237181828445772, 0.029524942849218173, 0.5889589096623491, -0.28697977995086793, -0.009287803455196274, 0.1183364249924661, 0.6401495943876219, -0.30987334035463004, -0.5720350077472826, -0.39425351762861705, -0.4746815697482234, 0.09296161856306101]], "inverted": false, "swapped": true, "error_lsq": 0.04803926847890271, "error_max": 0.29454747936746156, "target": "1083.xyz", "model": "26.xyz", "model_rescale": 3.6694154284099745, "target_rescale": 4.0459841235425875},
{"mapping": [9, 12, 11, 10, 4, 8, 0, 2, 6, 5, 1, 7, 3, 13], "R": [[0.33101845266463303, 0.6531568284811362, -0.6810381350585115], [0.6360972944858965, -0.6875481351842793, -0.35022534710146636], [-0.6969985767153579, -0.3172754626709784, -0.6430624113129937]], "T": [0.08136969705098399, -0.06324003737812425, -0.032566320500925255], "aligned_model": [[0.1738267842224472, -0.3325126470653582, -0.634932102077832, -0.21120775876987583, -0.1768506827447824, 0.39124121322971506, -0.053260379717817274, -0.5549262990575743, -0.10908754167532994, 0.6215765638618215, 0.35635990387168714, 0.6767256053467183, 0.41146531830556576, 0.028359534862859276], [-0.106842954554446, 0.46680440340585294, -0.035320472213939275, -0.5342376152882129, -0.7428289850692682, -0.6094956867219663, -0.09253757404108791, 0.029317840179411733, 0.5758487379079594, -0.12801704804583727, 0.5131671794484989, 0.1030409275013579, 0.5496607313222964, -0.05637949785473167], [-0.7066686926342949, -0.453858510530852, -0.504061495122104, -0.2659124879021907, 0.35085468534395514, -0.1506408793655722, 0.6139240041813939, 0.18809199192247852, 0.13016661815770317, 0.5418542394205691, 0.5771727714381123, -0.1510167653905625, -0.44271354880867275, -0.012164971827706879]], "inverted": false, "swapped": false, "error_lsq": 0.04227985779811135, "error_max": 0.22143039026728026, "target": "1083.xyz", "model": "27.xyz", "model_rescale": 4.103607728864725, "target_rescale": 4.0459841235425875},
