[{"mapping": [14, 11, 9, 6, 12, 8, 3, 7, 4, 2, 0, 16], "R": [[0.441034314592104, 0.3583132960935655, -0.8228610546105812], [-0.6362277286035629, 0.7714847095696447, -0.005061645601210418], [0.6330110668133886, 0.5257593791296604, 0.5682200846054017]], "T": [-0.008697514459780982, 0.024763382788396973, -0.00961893030285222], "aligned_model": [[-0.2611262998198482, 0.16709045833314728, 0.38464137801371784, 0.024601135110337596, -0.22573562576610035, -0.584661276983233, 0.3081344896946778, -0.2883863945908754, 0.6694040159618243, 0.2738592045917403, -0.6256387377080177, -0.004539884376821712], [-0.43548777621325535, -0.6629559584028483, -0.31879072261714597, 0.6323345309810333, 0.3726329008490174, -0.5943643297431777, -0.2327340261358482, -0.4534147591745331, 0.2196708801099943, 0.4908430511146715, 0.03358156364099871, 0.002239681568150624], [-0.5214161913755704, -0.14072801540171465, -0.5518996220231642, -0.0505235616478465, -0.5688141814673668, 0.04165919363964176, 0.5708788087629799, 0.5355370425013098, 0.05761040615954626, 0.47309307683808155, 0.2927028918152099, 0.04385189755245595]], "inverted": true, "swapped": true, "error_lsq": 0.039294402466204664, "error_max": 0.19722522245975274, "target": "1084.xyz", "model": "0.xyz", "model_rescale": 3.751011558992144, "target_rescale": 4.155005463518682},
{"mapping": [10, 3, 15, 9, 1, 6, 7, 11, 2, 13, 0, 8, 14, 12, 16], "R": [[-0.44774694759887573, 0.8892260378033505, -0.0938068473430586], [0.750833859198893, 0.43087245207434177, 0.5005970894081797], [0.4855627526863923, 0.15370746154952386, -0.8605828428847597]], "T": [-0.04232645084812302, 0.06368072308641376, -0.023979561668773887], "aligned_model": [[0.15071432841374682, 0.06903626051669254, -0.43724535942057563, 0.28429970795522963, -0.28776072227046223, -0.6337563447165628, 0.4063345438936244, 0.6079838521062312, -0.6142361778168907, 0.06574812381601562, 0.031931983443613976, 0.6666044615965885, 0.5217500607552483, -0.2640529375965891, -0.028265569586876375], [-0.023057106670928085, -0.570233073947864, 0.590711489166343, 0.5187775806639094, -0.6493431118220703, 0.19138607199492372, -0.5240890671300347, 0.07838901075626294, -0.3643050935640384, 0.3154114152342488, -0.18777448324429863, -0.03601900789258344, 0.5189963785795391, 0.682597909983661, 0.00730843772003547], [-0.7095614391726512, -0.3230058213297527, -0.46382267527778637, -0.5269859819999633, 0.2729349475912552, 0.05235335091618896, 0.2154055366778356, -0.33691577236971726, -0.16478738634792522, 0.5388075288126639, 0.6111178178968197, 0.4289660765515735, 0.08553390966008323, 0.19646760460348164, -0.026841291360129988]], "inverted": false, "swapped": true, "error_lsq": 0.03962390473313197, "error_max": 0.23835352764064335, "target": "1084.xyz", "model": "1.xyz", "model_rescale": 3.9405287249114394, "target_rescale": 4.155005463518682},
{"mapping": [5, 1, 0, 4, 3, 13, 6, 2, 11, 14, 9, 12, 16], "R": [[-0.6691726428007, -0.6338825595747618, 0.3878155164431609], [0.32797591467784054, -0.7202363962460273, -0.6113029796375685], [0.6668131473796546, -0.28187308170430936, 0.6898607049920694]], "T": [-0.0446172869723485, -0.12130674994054505, 0.021001740401024954], "aligned_model": [[-0.1292031899973104, 0.21918542679135306, -0.40092550048450964, 0.5747060282512793, 0.5165925119668606, -0.6489732114604075, 0.0010965718040736178, 0.48250380894204464, -0.011925528590843143, -0.5616134036120404, -0.027020801698286925, -0.5045376925248473, -0.01390174010343452], [0.7266891175489331, 0.4923481318553582, 0.28249120646050185, -0.20227128674255804, -0.13981876364648443, 0.030030969189669382, 0.30701279991657204, 0.37364594686048613, -0.7812705310126652, -0.6386385400600517, -0.8171972504914496, -0.06183705485356579, -0.11235215145272863], [-0.0232424301532472, -0.437948159701701, -0.4057117287741062, 0.35598498886923824, -0.41300969544247623, -0.03923591871080126, 0.45271610820773556, 0.10611705463832924, -0.26956314465830944, -0.02970024963372557, 0.30777696812293365, 0.5365157054909864, -0.027579148666212167]], "inverted": false, "swapped": true, "error_lsq": 0.04193581791725325, "error_max": 0.28977681296346025, "target": "1084.xyz", "model": "2.xyz", "model_rescale": 3.932901565614263, "target_rescale": 4.155005463518682},
{"mapping": [11, 14, 8, 10, 7, 1, 0, 3, 4, 2, 12, 15, 5, 16], "R": [[0.9580769771089754, 0.28451147100509855, -0.03378947765566562], [0.012414131345148155, 0.0766011054224196, 0.9969845334763268], [0.2862418475287518, -0.9556073950711026, 0.06985779275605915]], "T": [0.13036821054768988, -0.030545681977162148, 0.026935531545972013], "aligned_model": [[-0.13824291341414802, 0.467458479393942, 0.1692939524210374, -0.3434072100907122, -0.30329996343610033, -0.2557389701993914, 0.25177043328788584, -0.5727554646718982, -0.2176890038437892, -0.19965734018841125, 0.7979144848009163, 0.39678787773801977, 0.2874856974247225, 0.07988985283063055], [0.22020420012073785, 0.10648927104673026, -0.48703620714186024, 0.4925315757535118, -0.5637938569074333, -0.6584497022600887, -0.7025863290881411, -0.12596628727856177, 0.4531133309679105, -0.12624824342629412, 0.12619418693963788, 0.6365753075166212, -0.6484331579694798, -0.05909744992280162], [-0.5943707186515257, -0.6095229743922864, -0.6856541212095819, -0.10243887695373215, -0.33590539587437573, 0.36376929296756433, -0.0486659653291667, 0.040242106965194924, 0.4106809373302084, 0.6688105927064191, 0.1300503098401998, 0.3603339173296381, 0.5941554846744782, 0.022411773654063487]], "inverted": false, "swapped": true, "error_lsq": 0.03928413177278122, "error_max": 0.2365463173406014, "target": "1084.xyz", "model": "3.xyz", "model_rescale": 3.9243930471874484, "target_rescale": 4.155005463518682},
{"mapping": [15, 12, 9, 10, 11, 6, 2, 14, 8, 0, 7, 1, 16], "R": [[-0.6030191316534517, 0.6449316702760983, 0.4695008706432816], [0.1581979965378673, 0.6735396164093863, -0.7220233922931458], [-0.7818831886869818, -0.3611198219455407, -0.5081841727628862]], "T": [-0.039766154735992806, -0.10739592896154464, -0.10078204252741804], "aligned_model": [[-0.060882078147811644, -0.31156399487838166, 0.5493825992285372, 0.5191269152856793, 0.6680548820419924, -0.5505277893693713, -0.43855677069375215, 0.3731111940570014, 0.25025693859243886, -0.3751333083155008, 0.1404776948369742, -0.4563350676917462, -0.030205328634706326], [-0.6702644275904899, -0.03334535232381898, -0.29440691187223544, -0.5461349379553643, 0.029893636400402115, -0.3925174007238199, -0.581390966607814, 0.3381425162090038, 0.6733921812819033, 0.43405339462330533, 0.3238975773453448, -0.04949707072364688, -0.10399268438118295], [-0.6574843942035972, -0.734391163731998, -0.5306004858948018, -0.0009956576863149602, -0.06628782620215011, -0.27327258711330293, 0.2818067542989683, -0.5112886152043212, 0.05394144760412897, 0.15700511711179352, 0.5201634509845205, 0.5919785651278884, -0.04350428971985014]], "inverted": false, "swapped": true, "error_lsq": 0.043637228553113805, "error_max": 0.28460143270186083, "target": "1084.xyz", "model": "4.xyz", "model_rescale": 3.8936222436046832, "target_rescale": 4.155005463518682},
{"mapping": [1, 2, 3, 7, 10, 15, 12, 14, 8, 0, 11, 16], "R": [[-0.08196086309396455, 0.6009056336270516, -0.7951068081686661], [-0.46530143442847227, 0.6824348817933821, 0.5637173114518115], [0.8813495288701858, 0.41616709575232413, 0.2236693013656039]], "T": [-0.1778808994973359, -0.08496057847229015, 0.07005384256818797], "aligned_model": [[0.025504356291303792, -0.5649936298408413, -0.19911440882084955, 0.4061081166750503, -0.5409963595806716, -0.8626870177132882, -0.2827906848970594, 0.1756323212141677, 0.6335680326161226, 0.3884711726105411, 0.008446275623794547, -0.15960013196317285], [-0.6137989441410648, -0.5326710099774553, 0.03737114780216709, -0.02140412242278493, 0.4580895175091669, 0.00018050708571377971, -0.24719271020098071, 0.381948529301112, 0.15827615837379777, -0.4703748718308022, 0.6037954401107991, -0.0852967364998615], [-0.5093972919288534, -0.3539491551497225, -0.6286944285196863, -0.43885935797645675, -0.22668587542349378, 0.4586100332744082, 0.7360063518676394, 0.5110891533344397, 0.07838130197716761, 0.017196768496328063, -0.0392449520252523, 0.014832171349000452]], "inverted": false, "swapped": true, "error_lsq": 0.039632747945382824, "error_max": 0.1869920691355561, "target": "1084.xyz", "model": "5.xyz", "model_rescale": 3.6523030999806103, "target_rescale": 4.155005463518682},
{"mapping": [5, 2, 3, 0, 7, 6, 10, 13, 15, 14, 11, 8, 16], "R": [[0.2815694950037346, -0.2714188629331914, 0.9203534214242894], [0.9265647892806422, -0.17238443464927158, -0.33430719100248296], [0.24939188188203204, 0.9468977809324007, 0.2029489633297843]], "T": [-0.04453841292860995, -0.06180242494960021, 0.01773851349978414], "aligned_model": [[0.25706431658996043, -0.16458288352370634, 0.1495037193795417, 0.5714509832925747, 0.6522316087133837, -0.33059948668178535, -0.38666599588046224, 0.2570278421836324, -0.8229278649767919, 0.034964960129663256, 0.02425151670978941, 0.648219675708057, -0.00885548697956208], [-0.6329722903729483, -0.07433681346429752, 0.49845589778137644, -0.35938586094174335, 0.2756950250871624, -0.49154676181795853, 0.568728198422902, -0.51829339497316, -0.20032456800167514, -0.04362880063770107, 0.5031336492092704, 0.04192542885229332, -0.026622804980337103], [0.5754213008234015, 0.7357299150711575, 0.40776841263541774, 0.08172194691450349, 0.08616546698930444, 0.3424130521651024, 0.003934372679268407, -0.2863199551130015, -0.028150637249782427, -0.710846958860176, -0.4262930996956455, -0.4587167195850655, 0.047282642707304284]], "inverted": true, "swapped": true, "error_lsq": 0.04746800438214818, "error_max": 0.23714025324095786, "target": "1084.xyz", "model": "6.xyz", "model_rescale": 4.08911054899281, "target_rescale": 4.155005463518682},
{"mapping": [1, 0, 7, 2, 4, 9, 3, 11, 6, 5, 12, 13, 14, 8, 16], "R": [[-0.5365830131220198, 0.6998530422606613, -0.4714704542889102], [-0.013704950084979128, 0.5514139317546641, 0.8341192062349547], [0.8437362409971866, 0.4540356760270715, -0.2862878979673743]], "T": [-0.07565796519944341, 0.047601662778575034, -0.04307708957509848], "aligned_model": [[0.017371991636164666, 0.23704145966215928, 0.5899866978955054, -0.48547921484986506, -0.5044334647725758, -0.06014304799141275, 0.1635959638109421, 0.42998675295176597, -0.635758841105431, -0.3463647284248741, -0.42979371871122757, 0.0796767406218691, 0.30993004080494674, 0.7153302860186622, -0.04461337774707421], [-0.7047866165634566, -0.4897832287219517, -0.29692678396583544, -0.3774944224773175, 0.2485831786083677, 0.7994627879932067, -0.12331236834418632, 0.5292540958034846, -0.16622784034153895, -0.7421334945855321, 0.21295764162866093, -0.10489900781236841, 0.5070653906059757, -0.009961432898496318, 0.01896091724010098], [-0.3295321485027447, 0.24937677937444225, -0.24872866793338383, -0.4690105352933245, -0.5704179689065189, -0.07881771101565782, -0.6889958235797989, -0.22578792283245444, 0.06867550077310129, 0.1336869974587659, 0.5296910490492998, 0.5437724984006822, 0.3784710451838705, 0.25475995078558045, -0.08307301087977945]], "inverted": false, "swapped": true, "error_lsq": 0.043185313034748186, "error_max": 0.2623610188023784, "target": "1084.xyz", "model": "7.xyz", "model_rescale": 3.964800864290218, "target_rescale": 4.155005463518682},
{"mapping": [14, 11, 9, 13, 15, 7, 12, 10, 3, 2, 1, 6, 4, 16], "R": [[0.5353165388319288, 0.17744719986788832, -0.8258018494239706], [-0.807122762173106, 0.39565384158846345, -0.4381904659144779], [0.24897600293012231, 0.9010940732772228, 0.35502171915194564]], "T": [-0.08882639066843237, -0.008617296784058402, 0.06547713546511769], "aligned_model": [[-0.22520256664340535, 0.2253697856731289, 0.38497847037405164, -0.6663008780834075, 0.3140775592957943, -0.2875122567347701, -0.3500151448975225, 0.6017918828115545, 0.25126036891630465, 0.0769666038137247, -0.339853039293342, -0.17591751555088297, 0.5337890498509705, -0.08224443007132612], [-0.1409641810055997, -0.47512873284698287, 0.06618475642826019, 0.0488262247835686, 0.654662333908118, -0.7429911066193687, 0.5538193223151039, -0.17949513767030476, -0.49401071703360216, 0.14897622164510524, -0.3040977396276426, 0.5176306997014505, 0.2135464991390481, -0.056009976935951944], [-0.6426003308798808, -0.3869571013223726, -0.5148045743738842, -0.16904625885908625, -0.09236099663292402, 0.22451887167797185, -0.24478655309776753, -0.02757053060105566, 0.45586064312569635, 0.7566763863877989, 0.7771484965036558, 0.3611169014075213, 0.3210620778254465, 0.09855800756390178]], "inverted": true, "swapped": true, "error_lsq": 0.039846335292525445, "error_max": 0.23793577792529663, "target": "1084.xyz", "model": "8.xyz", "model_rescale": 4.121658175737393, "target_rescale": 4.155005463518682},
{"mapping": [6, 2, 4, 15, 1, 13, 3, 11, 10, 7, 12, 9, 16], "R": [[-0.5812495059714107, 0.2194112703753499, 0.7835864382697459], [0.8125233890374677, 0.20881657678643117, 0.5442438603477899], [-0.04421260086286738, 0.9530237833818587, -0.29965132109414966]], "T": [-0.13721732746906942, 0.014531343446554525, 0.04813126000467189], "aligned_model": [[-0.4270669550916869, -0.2472193657321058, 0.3032812288365542, 0.14444094998709597, -0.5408648283767626, -0.6026346430109565, 0.14932793343032338, 0.4006395376698234, 0.5648148131395653, -0.21642142430742498, -0.3941441961391958, 0.4746315353071314, -0.13204708927716413], [0.2710775579496578, -0.2647369279288205, 0.031620317913101194, 0.6359272847735447, -0.6350233280608498, 0.21107889595591522, -0.6149839373277707, -0.10713720063944054, -0.08544457142958348, -0.669882020774605, 0.6580348488622378, 0.40324961154247063, -0.043393091424147504], [-0.4231392803815692, -0.6151848205536896, -0.5068456679822574, -0.35401303769814824, -0.22009741161568558, 0.4176357204202242, -0.11082591739696451, 0.5139162466944379, -0.06125975575038269, 0.4078259885226931, 0.07477511395222493, 0.2514839916163296, 0.04680426413187608]], "inverted": false, "swapped": true, "error_lsq": 0.04120448735729292, "error_max": 0.21777696587864714, "target": "1084.xyz", "model": "9.xyz", "model_rescale": 3.833441315466971, "target_rescale": 4.155005463518682},
{"mapping": [9, 15, 3, 1, 2, 4, 6, 0, 8, 7, 14, 13, 12, 10, 16], "R": [[0.6818163020198749, 0.7272398166184164, -0.0790492215316212], [0.008366607366459056, -0.11580645648257226, -0.9932365602000996], [-0.7314755841319099, 0.6765435047073933, -0.08504325991587493]], "T": [-0.03289588303547822, 0.0007054218634693753, 0.04193491785530365], "aligned_model": [[0.18163523053901806, 0.018737163199409573, -0.6448862493351928, -0.5270482289268731, -0.6405929305718006, -0.5341958952423431, -0.09985984455613088, 0.11989204571329151, 0.3674536474343567, -0.21591497210549285, 0.5775545481635445, 0.49010254265687525, 0.488670924012526, -0.38395766171684254, -0.07374530096981363], [-0.6728904735022825, -0.6488941278974892, 0.09054565981562847, 0.6393665902826491, 0.12149939579013348, -0.46871717369334504, 0.0038517154243826093, 0.6698253816037184, 0.4259568212454359, 0.5138358741143557, -0.16108243712949624, 0.33641575678843566, -0.14561555383682684, -0.5315916416066818, 0.028595751896361127], [0.3008909514610868, -0.4081081809907855, 0.38987396815120623, -0.026800571877579518, -0.34041642950071205, -0.1331968219737942, -0.564225636568251, 0.07398247144732875, 0.6555832918742329, 0.596260085796415, 0.4143094836001445, -0.03255657171573152, -0.3909349357219011, 0.37091237620300865, 0.07254842763742482]], "inverted": false, "swapped": true, "error_lsq": 0.033341976501052424, "error_max": 0.19151142848846747, "target": "1084.xyz", "model": "10.xyz", "model_rescale": 4.2482417240324, "target_rescale": 4.155005463518682},
{"mapping": [1, 6, 12, 15, 8, 14, 13, 9, 4, 11, 3, 16], "R": [[-0.4414661485521994, -0.2026430282585226, -0.8740957858156638], [0.3060023508700901, -0.9497653665683725, 0.06563771575263341], [-0.8434869299191693, -0.2384985357721528, 0.48129850144174924]], "T": [-0.08522684992890159, -0.010335085669235529, -0.03185189461695452], "aligned_model": [[-0.821866961023992, 0.044281037210014335, 0.3551316146272927, 0.6282566396528443, -0.4706378868536152, 0.19308358540968087, -0.16558483655080639, 0.5268932951107874, 0.1870337627795222, 0.021257415920935815, -0.4876322917305591, -0.1334497721890979], [-0.34129450017609525, -0.5716683994862397, -0.12671896088483228, -0.34683979202565457, 0.6996853887589286, 0.6194740708711687, 0.16364804489284732, 0.35189803529690156, -0.38507817342206657, 0.6172851317899777, -0.009393540565010863, -0.004865914999285578], [-0.09986960716617875, 0.16829132163784777, 0.49098391953850123, -0.10178207427037388, 0.2231227799474717, 0.2198852409069334, 0.56400901913433, -0.2786500923365967, -0.5682959072618657, -0.3721500867742144, -0.6164321144508137, -0.0639201090506843]], "inverted": true, "swapped": true, "error_lsq": 0.040919893175979875, "error_max": 0.22082146301093483, "target": "1084.xyz", "model": "11.xyz", "model_rescale": 3.6694154284099745, "target_rescale": 4.155005463518682},
{"mapping": [7, 1, 2, 5, 0, 11, 8, 9, 6, 15, 4, 12, 3, 16], "R": [[-0.8613104582965367, -0.030750477207944014, 0.5071476141918577], [-0.12127793377241353, 0.9817565712722297, -0.14644349607848542], [-0.49339229544947677, -0.187639129488705, -0.8493265566764159]], "T": [0.06024232841532582, -0.010910424936572724, 0.06246198188111612], "aligned_model": [[-0.11212358720689233, 0.10213114608018256, -0.05685019171301509, 0.6013966245378414, 0.48085446071534865, -0.40479070408103185, 0.1887266673666859, -0.28872596580000554, 0.3614754940735304, 0.018972879136494626, -0.40448283087397985, 0.5699157547819051, -0.4887574144753962, 0.03052251771414175], [-0.3332930076799242, 0.33973256329611473, 0.6686786666273243, 0.47565096806663915, -0.1542315498788387, -0.5584511624273824, -0.7510192449638884, -0.3263107200191008, 0.49597648964912927, 0.32031655851289526, 0.45982726924790296, -0.010401728261007964, 0.11345022138839307, -0.008938035422002322], [-0.6234204433781979, -0.6669857669694998, -0.17104914612710237, -0.3832053284802506, -0.4615964181972306, 0.13311830005500624, -0.32921841757974485, 0.6503029806046123, 0.2181826445245357, 0.7806331699159136, 0.3169555011519976, 0.532622392766093, -0.36974025257785964, 0.012496243944143233]], "inverted": true, "swapped": true, "error_lsq": 0.04713784895125996, "error_max": 0.43921092661070293, "target": "1084.xyz", "model": "12.xyz", "model_rescale": 3.9764082729961374, "target_rescale": 4.155005463518682},
{"mapping": [1, 8, 7, 10, 2, 5, 6, 3, 11, 0, 14, 9, 13, 12, 15, 16], "R": [[-0.8492471924567483, 0.48033461045804193, 0.21922104848862578], [0.2736042204072333, 0.75545139190194, -0.5953435353212227], [-0.45157495134216796, -0.4456140218502365, -0.7729865502392496]], "T": [-0.0478587092053861, 0.07118310852344267, 0.06133685190400152], "aligned_model": [[0.07294427155119784, -0.3988615379099788, -0.4633064205794123, -0.5890142649183043, 0.1905354203864611, 0.6004963563812024, 0.49871148955094663, -0.4965712678070917, -0.7197852679173664, 0.14782900051462358, -0.2878164346099612, -0.4239726309188672, 0.24459297284720555, 0.4414500247321335, 0.20013129506453248, -0.07852269255792765], [0.1597211347003975, -0.6794098872299688, -0.24565677439520672, 0.496516659707861, 0.624130599491533, 0.05282740859431223, 0.3412058575327385, 0.37909223915845236, -0.08750871160299972, -0.3986934559455987, -0.4595649552121599, 0.15048866031077468, -0.4813007941435905, -0.10662781796497156, 0.5222610233732412, 0.07798293096842797], [-0.7351346506033719, -0.11498670048508575, -0.5140681598141262, 0.26395160726174877, -0.3479268158635623, -0.4931972679715374, 0.07787232570150474, -0.3942002668300017, 0.27200365456892367, -0.4001986849863589, 0.5065498799499366, 0.7086869918089481, 0.09313803472852827, 0.5193524734649705, 0.6631790320883822, 0.012375489833799831]], "inverted": true, "swapped": true, "error_lsq": 0.032683311206859314, "error_max": 0.20904771519187645, "target": "1084.xyz", "model": "13.xyz", "model_rescale": 4.170626492500431, "target_rescale": 4.155005463518682},
{"mapping": [11, 9, 3, 4, 7, 5, 2, 14, 8, 15, 13, 6, 0, 16], "R": [[-0.015354359258361094, -0.9196377276358183, 0.392467442675942], [0.040527904267631504, 0.3916187444823661, 0.9192345989711925], [-0.9990604249130475, 0.030020141220251872, 0.03125793489143605]], "T": [-0.04646815122238421, -0.010123558088133085, 0.10990118277178981], "aligned_model": [[0.3556497700707625, 0.08183681722881417, -0.231510308864987, -0.6484314482782297, 0.326140590747115, -0.3143779381050058, -0.6902281636662365, 0.5811999520255827, 0.7538162218450566, -0.48388907110736923, 0.37217040057551654, -0.48370176362103945, 0.27236087597654646, -0.04785291273488304], [-0.4009679153718623, -0.7475757025059621, 0.1680114536154361, -0.3121306885781597, 0.4382536064791802, 0.7255354308442451, 0.3113851815515337, -0.3699982327754064, 0.2048680705531173, -0.5741255668561944, 0.19780318557820278, 0.1041908725017858, 0.5892443600104873, 0.021580412879262583], [-0.3446213816592575, 0.029182993680210198, -0.5516820523695741, -0.11092065465445353, -0.4040987039078101, 0.4493706379416409, -0.0009348008252510476, 0.22826852694275515, -0.06618501202510321, 0.45304693938942586, 0.5261775290701293, 0.5193931462979463, 0.2157258847788087, 0.06115004846139977]], "inverted": true, "swapped": true, "error_lsq": 0.0447884006594015, "error_max": 0.3754573081961258, "target": "1084.xyz", "model": "14.xyz", "model_rescale": 3.9786697098870705, "target_rescale": 4.155005463518682},
{"mapping": [6, 1, 12, 15, 13, 14, 3, 11, 9, 4, 7, 16], "R": [[0.5475078315237735, 0.41378288357686993, 0.7273368543384461], [0.04097794884093686, 0.8548872927747749, -0.5171929276014958], [-0.8357966152892252, 0.31297195067773564, 0.45110151402987786]], "T": [-0.007870588841100881, 0.0014894028142627067, -0.08406052795711348], "aligned_model": [[0.05898650104445288, -0.7891469134988832, 0.5047942836161909, 0.6034957406740296, 0.07119028678712162, 0.4245769167849865, -0.5175598681838788, 0.13442258522465883, 0.5930116137957216, 0.07437303439763758, -0.6147850627775685, -0.06000452109713265], [-0.4025215616946638, -0.11538802596903111, 0.04449653173021157, -0.49905932538609754, 0.4578410063237677, 0.5764630869828623, -0.17771069897775046, 0.33089746437679685, 0.023462900385469797, -0.6432454828728984, 0.4164467259767942, 0.00299186934897769], [-0.5359786169216779, -0.26501955015709466, -0.5489725494093909, -0.13760041182254312, -0.505095391347103, 0.056943992798860046, 0.3761233717618421, 0.5422715544197462, 0.369007899815944, 0.1985758380115885, 0.16801184475430697, -0.0583014880306487]], "inverted": false, "swapped": true, "error_lsq": 0.0493424960083226, "error_max": 0.24920732394502174, "target": "1084.xyz", "model": "15.xyz", "model_rescale": 3.769337070930944, "target_rescale": 4.155005463518682},
{"mapping": [13, 8, 6, 1, 12, 14, 15, 11, 4, 3, 16], "R": [[-0.310592061184695, -0.31812214350578305, -0.8957292410881365], [-0.33566127279132063, 0.9183313248545681, -0.20975959510583717], [0.8893053926954192, 0.23551195214285855, -0.3920077026293063]], "T": [-0.03687705225749922, 0.08950022226095272, -0.0040183757524342376], "aligned_model": [[-0.14576018733982254, -0.3348064474238176, -0.011286708574181327, -0.804864302304268, 0.3306502754486051, 0.30705621513188325, 0.6221880383888027, 0.19277671496180132, 0.22562562681714687, -0.37840075067372697, -0.08055234374125192], [-0.11615927601014756, -0.6779335252659735, 0.6559395103119345, 0.3120832731951066, 0.24934484947690816, -0.5019794418003578, 0.5285417085852873, -0.5029880712359422, 0.519367817789615, 0.051586446794339276, 0.0782612057845723], [-0.5850746535226247, -0.20393422007804865, -0.22855424439539435, 0.12808599869362766, -0.5698729779423337, -0.2673614448980682, -0.011771885256251273, 0.33842237108378703, 0.4946163558362368, 0.616939890614753, 0.03272241708809307]], "inverted": true, "swapped": true, "error_lsq": 0.040353390308172615, "error_max": 0.20043491353167028, "target": "1084.xyz", "model": "16.xyz", "model_rescale": 3.7852294659196426, "target_rescale": 4.155005463518682},
{"mapping": [14, 15, 4, 9, 12, 6, 5, 2, 11, 8, 0, 3, 16], "R": [[-0.9393707624596999, 0.3404949550168284, -0.040567921366149506], [-0.014606413171117716, -0.15793257360816154, -0.9873418632306529], [-0.34259191953424223, -0.9268875270503917, 0.15333065208317825]], "T": [0.009613900487089901, 0.0980967515868858, 0.0018987621782624153], "aligned_model": [[0.11581731540313403, -0.4204205551245676, 0.046944919652639444, 0.16921727953961208, -0.5912363532244355, -0.5225509635465168, -0.4389611567262163, -0.10656350488248305, 0.5894279518799852, 0.4157732660478033, -0.02508819266760755, 0.567877030104314, 0.05352881376062123], [-0.09659179545976943, -0.5476690409340262, -0.3451978046931434, -0.5879031372302119, -0.06716456218380024, 0.11176444037116738, 0.7540045783547811, 0.25183224425767503, -0.19326139711911516, 0.49664399411329857, 0.75889876447991, 0.21220792150468873, 0.12749141824142], [-0.69688951891358, 0.16077369893276894, 0.5536475574954969, -0.2640790004709636, -0.30221592517779017, 0.2994528594717981, 0.3129850102325791, 0.704001067630383, -0.3142894583686091, -0.6256978370809471, -0.18311253983481804, 0.42496610732528073, 0.026212675901575062]], "inverted": false, "swapped": true, "error_lsq": 0.04220771613331796, "error_max": 0.21222745515187236, "target": "1084.xyz", "model": "17.xyz", "model_rescale": 3.901054581598922, "target_rescale": 4.155005463518682},
{"mapping": [10, 3, 15, 9, 1, 6, 7, 11, 2, 13, 0, 8, 14, 12, 16], "R": [[-0.44774694759887573, 0.8892260378033505, -0.0938068473430586], [0.750833859198893, 0.43087245207434177, 0.5005970894081797], [0.4855627526863923, 0.15370746154952386, -0.8605828428847597]], "T": [-0.04232645084812302, 0.06368072308641376, -0.023979561668773887], "aligned_model": [[0.15071432841374682, 0.06903626051669254, -0.43724535942057563, 0.28429970795522963, -0.28776072227046223, -0.6337563447165628, 0.4063345438936244, 0.6079838521062312, -0.6142361778168907, 0.06574812381601562, 0.031931983443613976, 0.6666044615965885, 0.5217500607552483, -0.2640529375965891, -0.028265569586876375], [-0.023057106670928085, -0.570233073947864, 0.590711489166343, 0.5187775806639094, -0.6493431118220703, 0.19138607199492372, -0.5240890671300347, 0.07838901075626294, -0.3643050935640384, 0.3154114152342488, -0.18777448324429863, -0.03601900789258344, 0.5189963785795391, 0.682597909983661, 0.00730843772003547], [-0.7095614391726512, -0.3230058213297527, -0.46382267527778637, -0.5269859819999633, 0.2729349475912552, 0.05235335091618896, 0.2154055366778356, -0.33691577236971726, -0.16478738634792522, 0.5388075288126639, 0.6111178178968197, 0.4289660765515735, 0.08553390966008323, 0.19646760460348164, -0.026841291360129988]], "inverted": false, "swapped": true, "error_lsq": 0.03962390473313197, "error_max": 0.23835352764064335, "target": "1084.xyz", "model": "18.xyz", "model_rescale": 3.9405287249114394, "target_rescale": 4.155005463518682},
{"mapping": [15, 6, 13, 5, 4, 14, 12, 10, 9, 11, 0, 7, 2, 3, 1, 16], "R": [[-0.1780813272577663, -0.5533616581755848, 0.8136817044417797], [0.7764844466267705, -0.5869610000603507, -0.22923500726300744], [0.6044492907009076, 0.5909887136564627, 0.5342035148722342]], "T": [0.11343133229793241, 0.007954848138198457, -0.11632309143023077], "aligned_model": [[-0.4815345163885478, -0.11352448257220886, 0.6480032614959833, 0.3397124370026823, -0.5862815080507463, 0.46851940582632284, 0.17548242352844529, -0.38685266711586325, -0.18147871463506904, 0.15788539071705898, 0.7122229761938004, 0.5620434949645375, -0.2737275579540776, -0.07052467249435874, 0.2774286245807145, 0.11979120287271278], [-0.2275523136746361, -0.5580935213322074, -0.22703508342493953, -0.682092675536922, 0.04468703804349829, 0.33528455208190633, -0.42009284539645697, 0.5222344446974573, 0.43046179895401615, 0.707807759795215, -0.1823576002180832, 0.3991603878376847, -0.3167545610959787, 0.38367107323974003, -0.19038144855547195, 0.033405123562814276], [-0.5829453722567731, -0.1140891350056275, -0.34169023377367574, 0.33182932641580537, -0.009631531176330352, -0.6679167665537586, -0.6583036320558618, -0.1228897362484334, -0.665257693196449, -0.28743309861243316, 0.16174606649003703, 0.3834574534293938, 0.40784408781694703, 0.4569679045012246, 0.6521603489138638, -0.06440423201305084]], "inverted": true, "swapped": true, "error_lsq": 0.03303269537806563, "error_max": 0.20501952572025187, "target": "1084.xyz", "model": "19.xyz", "model_rescale": 4.410303926677745, "target_rescale": 4.155005463518682},
{"mapping": [14, 11, 9, 13, 15, 7, 12, 10, 3, 2, 1, 6, 4, 16], "R": [[0.5353165388319288, 0.17744719986788832, -0.8258018494239706], [-0.807122762173106, 0.39565384158846345, -0.4381904659144779], [0.24897600293012231, 0.9010940732772228, 0.35502171915194564]], "T": [-0.08882639066843237, -0.008617296784058402, 0.06547713546511769], "aligned_model": [[-0.22520256664340535, 0.2253697856731289, 0.38497847037405164, -0.6663008780834075, 0.3140775592957943, -0.2875122567347701, -0.3500151448975225, 0.6017918828115545, 0.25126036891630465, 0.0769666038137247, -0.339853039293342, -0.17591751555088297, 0.5337890498509705, -0.08224443007132612], [-0.1409641810055997, -0.47512873284698287, 0.06618475642826019, 0.0488262247835686, 0.654662333908118, -0.7429911066193687, 0.5538193223151039, -0.17949513767030476, -0.49401071703360216, 0.14897622164510524, -0.3040977396276426, 0.5176306997014505, 0.2135464991390481, -0.056009976935951944], [-0.6426003308798808, -0.3869571013223726, -0.5148045743738842, -0.16904625885908625, -0.09236099663292402, 0.22451887167797185, -0.24478655309776753, -0.02757053060105566, 0.45586064312569635, 0.7566763863877989, 0.7771484965036558, 0.3611169014075213, 0.3210620778254465, 0.09855800756390178]], "inverted": true, "swapped": true, "error_lsq": 0.039846335292525445, "error_max": 0.23793577792529663, "target": "1084.xyz", "model": "20.xyz", "model_rescale": 4.121658175737393, "target_rescale": 4.155005463518682},
{"mapping": [5, 2, 3, 0, 7, 6, 10, 13, 15, 14, 11, 8, 16], "R": [[0.2815694950037346, -0.2714188629331914, 0.9203534214242894], [0.9265647892806422, -0.17238443464927158, -0.33430719100248296], [0.24939188188203204, 0.9468977809324007, 0.2029489633297843]], "T": [-0.04453841292860995, -0.06180242494960021, 0.01773851349978414], "aligned_model": [[0.25706431658996043, -0.16458288352370634, 0.1495037193795417, 0.5714509832925747, 0.6522316087133837, -0.33059948668178535, -0.38666599588046224, 0.2570278421836324, -0.8229278649767919, 0.034964960129663256, 0.02425151670978941, 0.648219675708057, -0.00885548697956208], [-0.6329722903729483, -0.07433681346429752, 0.49845589778137644, -0.35938586094174335, 0.2756950250871624, -0.49154676181795853, 0.568728198422902, -0.51829339497316, -0.20032456800167514, -0.04362880063770107, 0.5031336492092704, 0.04192542885229332, -0.026622804980337103], [0.5754213008234015, 0.7357299150711575, 0.40776841263541774, 0.08172194691450349, 0.08616546698930444, 0.3424130521651024, 0.003934372679268407, -0.2863199551130015, -0.028150637249782427, -0.710846958860176, -0.4262930996956455, -0.4587167195850655, 0.047282642707304284]], "inverted": true, "swapped": true, "error_lsq": 0.04746800438214818, "error_max": 0.23714025324095786, "target": "1084.xyz", "model": "21.xyz", "model_rescale": 4.08911054899281, "target_rescale": 4.155005463518682},
{"mapping": [5, 10, 12, 7, 13, 9, 14, 6, 8, 2, 4, 0, 15, 11, 1, 3, 16], "R": [[-0.15363122699095338, 0.2786619862039573, 0.9480215944471516], [-0.9282981979966568, -0.3694761538232959, -0.04183093773876001], [0.33861468026270514, -0.886473276078196, 0.31544449449907414]], "T": [-0.017675380593272276, 0.01863527175955694, -0.05056930937131326], "aligned_model": [[0.1164541264813441, -0.33571760521279514, -0.08591827189645679, -0.6557503810383869, -0.3485589203272514, 0.3177437249303478, 0.389942248314212, -0.619756289110865, -0.08095553054421675, 0.25051583892252227, -0.2414419997094912, -0.6480732496327286, 0.6699328275511803, 0.4778038288391332, 0.08715358995574113, 0.11941181759234498, -0.05434996565660828], [-0.06778854312169116, -0.4411633344529191, -0.7153771306301534, -0.2906752564155445, -0.37846619825055045, -0.47237145550433607, -0.41551257055657853, 0.2566288952477484, 0.5355897288891528, 0.35583016350616004, 0.12064599969555627, 0.37984076112033527, 0.19404340873127912, 0.45168187713336067, 0.7985914820163991, -0.4015979311927903, 0.017730764528548458], [-0.737787799737703, -0.6324368151654296, -0.011349327745200352, -0.10519054129114674, 0.3612030448210999, -0.4429390699210452, 0.18856685594700068, -0.419922451132636, -0.5082981919383891, 0.5287638453228404, 0.6019753231428339, 0.21814711987228036, 0.11656523364914725, -0.44154759630411844, 0.05276305865273879, 0.6970201357952878, -0.020240987467337594]], "inverted": false, "swapped": false, "error_lsq": 0.04487570934019644, "error_max": 0.32045570685791624, "target": "1084.xyz", "model": "22.xyz", "model_rescale": 4.204369325754507, "target_rescale": 4.155005463518682},
{"mapping": [15, 6, 13, 5, 4, 14, 12, 10, 9, 11, 0, 7, 2, 3, 1, 16], "R": [[-0.1780813272577663, -0.5533616581755848, 0.8136817044417797], [0.7764844466267705, -0.5869610000603507, -0.22923500726300744], [0.6044492907009076, 0.5909887136564627, 0.5342035148722342]], "T": [0.11343133229793241, 0.007954848138198457, -0.11632309143023077], "aligned_model": [[-0.4815345163885478, -0.11352448257220886, 0.6480032614959833, 0.3397124370026823, -0.5862815080507463, 0.46851940582632284, 0.17548242352844529, -0.38685266711586325, -0.18147871463506904, 0.15788539071705898, 0.7122229761938004, 0.5620434949645375, -0.2737275579540776, -0.07052467249435874, 0.2774286245807145, 0.11979120287271278], [-0.2275523136746361, -0.5580935213322074, -0.22703508342493953, -0.682092675536922, 0.04468703804349829, 0.33528455208190633, -0.42009284539645697, 0.5222344446974573, 0.43046179895401615, 0.707807759795215, -0.1823576002180832, 0.3991603878376847, -0.3167545610959787, 0.38367107323974003, -0.19038144855547195, 0.033405123562814276], [-0.5829453722567731, -0.1140891350056275, -0.34169023377367574, 0.33182932641580537, -0.009631531176330352, -0.6679167665537586, -0.6583036320558618, -0.1228897362484334, -0.665257693196449, -0.28743309861243316, 0.16174606649003703, 0.3834574534293938, 0.40784408781694703, 0.4569679045012246, 0.6521603489138638, -0.06440423201305084]], "inverted": true, "swapped": true, "error_lsq": 0.03303269537806563, "error_max": 0.20501952572025187, "target": "1084.xyz", "model": "23.xyz", "model_rescale": 4.410303926677745, "target_rescale": 4.155005463518682},
{"mapping": [0, 3, 4, 10, 8, 2, 5, 1, 7, 14, 9, 11, 6, 12, 13, 15, 16], "R": [[0.8702117039971428, -0.47725239688362864, -0.12231819118684205], [-0.46749080459148407, -0.8782368440081774, 0.10075908618563098], [-0.15551185758261749, -0.030499106468681137, -0.9873630875497706]], "T": [-0.06510216652861686, 0.06745116509431415, 0.02244050639942948], "aligned_model": [[0.17049795403998122, -0.37795799454354995, -0.06700601974262604, -0.6356141314538605, -0.31332114681755163, 0.17689780238742644, 0.4503419439396489, -0.6682919667837651, -0.12736777329102475, 0.007145241435497995, -0.363907927820744, -0.5404024757992031, 0.6100448139840029, 0.6180043191418759, 0.31352954838667413, 0.2186846704042912, -0.1128410680090482], [0.0020341029582053305, -0.4798428372338083, -0.6150440867567455, -0.23587893315680425, -0.6096646424529446, -0.5636493822494613, -0.29272388273328387, 0.20807318970476874, 0.5682296775517128, 0.46559511853981256, -0.024334050848390118, 0.4538485965592219, 0.2790418396039117, 0.21220875679342824, 0.6588821180067548, -0.11326138341946645, 0.014116459877064516], [-0.6921215988480501, -0.6193082688442924, -0.06745376224350844, 0.10175567296749172, 0.41691254374605685, -0.5907821818349516, 0.008535926797790243, -0.5714642508074381, -0.41031204686601586, 0.5650376814675375, 0.5653130280666876, 0.18215314702430233, 0.30047653090895804, -0.3757888291147676, 0.05459756202529773, 0.6518228995659517, -0.07408221751082711]], "inverted": true, "swapped": false, "error_lsq": 0.03870769234141137, "error_max": 0.24501125819839642, "target": "1084.xyz", "model": "24.xyz", "model_rescale": 4.28219845311461, "target_rescale": 4.155005463518682},
{"mapping": [5, 13, 2, 12, 6, 14, 1, 15, 0, 9, 7, 11, 10, 4, 3, 16], "R": [[-0.12348210906908252, 0.49080254522090877, -0.8624761042165339], [0.5837630426781939, 0.7387628254904821, 0.33682368930408846], [0.8024792076701732, -0.46188997529498066, -0.37773637894575873]], "T": [-0.07811983067891716, -0.03025087467917543, -0.010585903253494516], "aligned_model": [[-0.27481518661377546, -0.4876477989319393, 0.22210736323796, 0.07552892385678238, 0.2426827975155721, -0.3415952481124213, -0.38572558871853835, 0.6462551380937936, -0.6805685005859436, 0.2584220978327284, -0.7003902478298094, -0.20878685979199563, 0.3036657934715835, 0.5545598567302301, -0.11372444002912199, -0.10164733400409458], [0.38988587074273673, -0.36279312158136523, 0.588970927052471, -0.5458157149779502, 0.05866571927712799, -0.6685553207569149, 0.6869777864768641, -0.3270203879876846, 0.10733185134938979, -0.5163054301628651, 0.3246344334421918, -0.24701295679808472, 0.05319905230050541, 0.23807715976245003, 0.5477756780496776, 0.017095829525683278], [-0.7268298316729676, -0.34745421805086385, -0.24829882010769244, -0.4480822209036144, -0.5215694666951187, 0.2356578702878686, -0.22912867202547815, -0.1305571411327872, -0.3109511992035571, 0.4555726059825346, 0.2909289153253194, 0.6654238770610108, 0.5911503771965745, 0.16275445796115134, 0.39963681144328056, 0.01367267511208651]], "inverted": true, "swapped": true, "error_lsq": 0.04127975036020181, "error_max": 0.30067376451461114, "target": "1084.xyz", "model": "25.xyz", "model_rescale": 4.100010024507729, "target_rescale": 4.155005463518682},
{"mapping": [1, 6, 12, 15, 8, 14, 13, 9, 4, 11, 3, 16], "R": [[-0.4414661485521994, -0.2026430282585226, -0.8740957858156638], [0.3060023508700901, -0.9497653665683725, 0.06563771575263341], [-0.8434869299191693, -0.2384985357721528, 0.48129850144174924]], "T": [-0.08522684992890159, -0.010335085669235529, -0.03185189461695452], "aligned_model": [[-0.821866961023992, 0.044281037210014335, 0.3551316146272927, 0.6282566396528443, -0.4706378868536152, 0.19308358540968087, -0.16558483655080639, 0.5268932951107874, 0.1870337627795222, 0.021257415920935815, -0.4876322917305591, -0.1334497721890979], [-0.34129450017609525, -0.5716683994862397, -0.12671896088483228, -0.34683979202565457, 0.6996853887589286, 0.6194740708711687, 0.16364804489284732, 0.35189803529690156, -0.38507817342206657, 0.6172851317899777, -0.009393540565010863, -0.004865914999285578], [-0.09986960716617875, 0.16829132163784777, 0.49098391953850123, -0.10178207427037388, 0.2231227799474717, 0.2198852409069334, 0.56400901913433, -0.2786500923365967, -0.5682959072618657, -0.3721500867742144, -0.6164321144508137, -0.0639201090506843]], "inverted": true, "swapped": true, "error_lsq": 0.040919893175979875, "error_max": 0.22082146301093483, "target": "1084.xyz", "model": "26.xyz", "model_rescale": 3.6694154284099745, "target_rescale": 4.155005463518682},
