[{"mapping": [0, 7, 6, 12, 10, 2, 3, 4, 8, 11, 5, 13], "R": [[0.43760407569369564, 0.7649806309692853, -0.4725540256712465], [0.057852367091045964, 0.5005034560977446, 0.8637993945680769], [0.897304728928935, -0.4053405046082216, 0.17476641200677864]], "T": [0.0479182097257278, -0.06336572352834516, -0.025833034316259003], "aligned_model": [[-0.3935120309693708, 0.2676991848487476, 0.24865338362584713, -0.04360725503481355, -0.06864199393771143, -0.5363607935597378, 0.44327732691777455, -0.1784054319683874, 0.722509119851504, -0.0012728392399158905, -0.5361449645029706, -0.08655124357041696], [-0.13451951748572147, -0.5732105231575821, -0.36889347806076944, 0.654389441581577, 0.2710118805153643, -0.46201121163701553, -0.2652020459818438, -0.4820045268493922, 0.21986982366180488, 0.2863598399553633, 0.0012486864906428308, -0.09348333305537065], [-0.6090322821893627, 0.1261508312206004, -0.5737120544435688, -0.12784833337082444, -0.645116946922993, -0.10003577100686123, 0.597435138509986, 0.645460587486988, -0.018324569825989, 0.566377021643839, 0.3460149305979788, -0.025416806346231023]], "inverted": false, "swapped": true, "error_lsq": 0.04821182315571668, "error_max": 0.267781442966985, "target": "1085.xyz", "model": "0.xyz", "model_rescale": 3.751011558992144, "target_rescale": 4.033122431928979},
{"mapping": [6, 4, 10, 2, 5, 9, 1, 8, 0, 11, 6, 13, 12, 14], "R": [[0.5770484242943148, -0.7335265643210915, 0.3591015113512397], [-0.514285158862668, 0.015209392878256844, 0.8574843728849383], [-0.6344492819706312, -0.6794905840433486, -0.3684652694669882]], "T": [-0.0012682964016801149, -0.06681225975780902, 0.004440031919396809], "aligned_model": [[-0.7216462150943367, -0.4143011242956914, -0.4188506473247019, 0.7870310128998412, 0.42712104807380535, 0.1044356529880669, -0.3295535592285245, 0.22205813256451287, 0.2198359981776328, -0.5226268650844157, -0.7216462150943367, 0.5909778534819234, 0.010354237449456304, -0.0039278012066894935], [0.12859985026656828, -0.36222563584780326, -0.7725519116872079, 0.06131212717693879, -0.5189961145550479, -0.559638179035943, 0.37942521354366043, -0.2366681459748128, 0.6229869839056617, -0.21262396277519768, 0.12859985026656828, -0.18422454795902768, 0.18223712860570834, -0.0744889812814838], [0.08565275743700344, -0.6019499335473778, 0.0012350325380925571, -0.20981785571942033, -0.04136802409910151, 0.4288677757172853, -0.4183914393171545, -0.5969687609848285, -0.22093612666747245, 0.590661132743083, 0.08565275743700344, 0.40812437745186997, 0.7043074643234546, 0.05864157640115093]], "inverted": true, "swapped": false, "error_lsq": 0.04569034653279336, "error_max": 0.2842373200948178, "target": "1085.xyz", "model": "1.xyz", "model_rescale": 3.9405287249114394, "target_rescale": 4.033122431928979},
{"mapping": [11, 3, 8, 2, 7, 12, 5, 4, 6, 10, 0, 9, 13], "R": [[0.18481144017208148, -0.6977478198537308, -0.6920929933693066], [0.902128064824653, -0.15893351793171082, 0.4011297689446368], [-0.38988419593162316, -0.6984898830815064, 0.6000851581196918]], "T": [-0.035330131648752504, -0.0575474009247602, -0.10420681116218788], "aligned_model": [[-0.16254105417940476, 0.3081575824209024, -0.38297001999796665, 0.38715476233403623, 0.46421841043608475, -0.7293227979607225, 0.0995203732317492, 0.6051327860119082, 0.04595300642720274, -0.5367024307611149, -0.10427181610915973, -0.5082741698054402, 0.009928647235856625], [0.6090016527364066, 0.49947730027157256, 0.09635389072109439, -0.30368703777973166, -0.05840241370612374, 0.06755785013587963, 0.2652516848338663, 0.4236271190330526, -0.6554673611025014, -0.5451935265379079, -0.6677217762595269, -0.19395179817111557, -0.07801299060294789], [0.018146037946051963, -0.5007539337175442, -0.7293568321281251, 0.4122503685993937, -0.39020508943075666, 0.08731176298939192, 0.49678554656786966, 0.08392691137167219, -0.3682106221414446, 0.036272017971775455, 0.2994999615615357, 0.6431227874663528, 0.024331432532471248]], "inverted": false, "swapped": true, "error_lsq": 0.0468968501537905, "error_max": 0.2609958201165114, "target": "1085.xyz", "model": "2.xyz", "model_rescale": 3.932901565614263, "target_rescale": 4.033122431928979},
{"mapping": [1, 11, 10, 9, 12, 6, 3, 8, 7, 2, 0, 5, 4, 13], "R": [[-0.39758202703566237, -0.47305328275383823, 0.7862246011503529], [-0.9174533614186533, 0.218412402042287, -0.33252872395589], [-0.014417399204708858, -0.8535318472733959, -0.5208411699263381]], "T": [-0.1003026786615571, -0.04786176544001093, -0.05354134645517274], "aligned_model": [[-0.7879913382828915, -0.28975875486997515, -0.18770869440529153, 0.6031642102021773, 0.3770814758154113, -0.009102709081872495, -0.35942039829967376, 0.11661806714895354, 0.35121905710657475, -0.47330113185349276, -0.5508446633807701, 0.4877030819523065, -0.013661443197297535, -0.034735250547615754], [-0.28027235193336103, -0.4800278205983794, -0.7572539919599736, -0.07001750833050167, -0.6358358611749394, -0.4839732326572445, 0.26736488406511366, 0.15655693449139368, 0.5038918795030835, -0.08003425655912778, 0.36660253228168144, -0.15732372239986053, 0.36778521861529884, -0.13571902869460228], [0.09423635019145632, -0.8118602729788303, -0.10116799515197278, -0.26434077415409774, 0.04403243054735249, 0.4643211974617, -0.3604218523406634, -0.7243208263792944, -0.015612666434833368, 0.6907952292348263, 0.21882163756127512, 0.34529068726090006, 0.7099750485886581, -0.016037459692888445]], "inverted": false, "swapped": false, "error_lsq": 0.04510084378612584, "error_max": 0.37857462529490127, "target": "1085.xyz", "model": "3.xyz", "model_rescale": 3.9243930471874484, "target_rescale": 4.033122431928979},
{"mapping": [1, 7, 2, 0, 5, 6, 10, 4, 11, 3, 12, 8, 13], "R": [[-0.23138067032877177, -0.7208467099268245, 0.6533322326243218], [0.9688730684295652, -0.10997829953960245, 0.22178762567433025], [-0.08802251229138819, 0.6843133744258183, 0.7238558163832508]], "T": [-0.03017749035627263, -0.0499739215219972, -0.004523361770248313], "aligned_model": [[-0.13198480816701005, -0.30823304191635775, 0.44100049342487413, 0.264780570712041, 0.6175463569964248, -0.3901635380594471, 0.022393909132965732, 0.24121955529677488, 0.20132689520554645, -0.32479419202304877, 0.17404120270342985, -0.6233869581161036, 0.09345944112126264], [-0.5320208008084573, 0.048292112717200755, -0.3347736902409812, -0.7230552815024271, 0.17945369946805106, -0.5836048992522808, -0.6029744891298325, 0.45575630922902677, 0.5700234592664432, 0.5978785102181783, -0.03044754178337558, 0.17028616290177176, -0.08698399740173007], [-0.7610839137693226, -0.49886473054292757, -0.45473067439364245, -0.002052011505491065, -0.11125904830727884, -0.1440269982521223, 0.443063331238753, -0.5941813494417452, 0.18899523349573225, -0.28558949927870847, 0.6968110483951786, 0.3628179928648656, -0.052829065132326866]], "inverted": false, "swapped": true, "error_lsq": 0.057354716993596795, "error_max": 0.3527901959029896, "target": "1085.xyz", "model": "4.xyz", "model_rescale": 3.8936222436046832, "target_rescale": 4.033122431928979},
{"mapping": [8, 11, 10, 6, 9, 5, 4, 2, 1, 7, 0, 13], "R": [[0.253727470544612, -0.1181793554506273, 0.960029171763185], [0.9275299727103536, 0.3113123872166057, -0.20681573269320774], [-0.2744276232724454, 0.9429306642117289, 0.1886033988937218]], "T": [-0.10350441898673518, -0.17788146914140793, -0.1349529044364321], "aligned_model": [[-0.03699344167900824, -0.6618304631228846, -0.141837366833916, 0.466105144433187, -0.6885502504723982, -0.5719962296696552, -0.17058371122633662, -0.010763688657945483, 0.6381222742858015, 0.32441374472371987, 0.019745056405549577, -0.138283025971017], [-0.692034187014088, -0.5489216475827011, 0.31315831600001864, 0.04968598053459958, 0.4897354201801083, 0.004249857869344953, -0.4468264108615888, 0.3175196041668107, 0.1443923515899628, -0.4270131600225333, 0.5424632442758212, -0.07748646402594773], [-0.6512618437907058, 0.026421485892801133, -0.6510127285800926, -0.3748929816109645, -0.24805823568258817, 0.34558775516211404, 0.6398276786871047, 0.36682708570384787, 0.2666031002847301, 0.15858404022967265, -0.21214061836676826, -0.0472000186536327]], "inverted": true, "swapped": true, "error_lsq": 0.04359131211812112, "error_max": 0.23004288769403505, "target": "1085.xyz", "model": "5.xyz", "model_rescale": 3.6523030999806103, "target_rescale": 4.033122431928979},
{"mapping": [1, 7, 4, 2, 5, 6, 3, 0, 8, 12, 11, 9, 13], "R": [[0.4259327959117102, 0.8262098906625339, -0.3687254668967647], [-0.8848609952543462, 0.2954112753336533, -0.3602127114403828], [-0.1886856445104435, 0.479697190920635, 0.8569062565873413]], "T": [-0.05037112846616715, -0.063601357601065, -0.030843022982924434], "aligned_model": [[0.16759807558253847, -0.2049279828686676, 0.23589587593066058, 0.5760520557997553, 0.5280532135860845, -0.2224694682500127, -0.40799362937426104, 0.38633693092075166, -0.7537778556148129, -0.04715055937464613, -0.0332341757702716, 0.5699772095189914, 0.08672321457818508], [-0.541234456170119, -0.026491545216782486, 0.5042815299753707, -0.2163291280422109, 0.3186839513085041, -0.6660424866696109, 0.4982915382186719, -0.6444988042719964, -0.0015784568044991676, -0.008465624292241153, 0.590255519801652, -0.19759864056361232, -0.06844649310994304], [0.7036458073395478, 0.5224015275555658, 0.49134103776673244, 0.2692810302888031, -0.08431213178791588, 0.1722827680340143, 0.3458431439228221, -0.13988021770160325, -0.222477529881442, -0.7594761184637858, -0.2490584856753448, -0.6617125970789478, -0.01776849483665701]], "inverted": true, "swapped": true, "error_lsq": 0.0403892487296184, "error_max": 0.2402324322910513, "target": "1085.xyz", "model": "6.xyz", "model_rescale": 4.08911054899281, "target_rescale": 4.033122431928979},
{"mapping": [8, 3, 9, 2, 1, 11, 4, 6, 7, 10, 5, 13, 12, 14], "R": [[0.9622010011934365, -0.2705827342298873, -0.03089040690936942], [0.22967190817092048, 0.8671684312296714, -0.4418933428733669], [0.14635589465230478, 0.418095558234417, 0.8965355856212149]], "T": [-0.050663557187728456, -0.10125943640760886, 0.016197450321928698], "aligned_model": [[-0.6766423560152864, -0.34642896266645423, -0.21416416563853802, 0.6802626748233779, 0.44307137954860204, -0.06066007000963862, -0.5968250854210511, 0.07175148967569209, 0.34282282044996104, -0.5615873082455691, -0.36142231659519164, 0.5444298474006817, 0.022486621597864645, -0.05783306059790741], [-0.3664181479687413, -0.2963102228913134, -0.8556947946906426, -0.028947812064632303, -0.6398526111109001, -0.4371926306598778, 0.20539812482072267, 0.061001480531769584, 0.5577871919254745, -0.06305791336832396, 0.5788833278383515, -0.03495841855222544, 0.16726734788380054, -0.26616124704488037], [-0.03848686540599737, -0.6915662474472255, -0.12037542076290912, -0.31645464366543974, -0.047749897272766365, 0.4974250697371338, -0.3070953193491365, -0.43968511963320145, -0.08437579082011211, 0.5229246577466414, 0.16226607555926867, 0.4373417690516704, 0.6723562233890482, 0.027186242586613455]], "inverted": false, "swapped": false, "error_lsq": 0.054459786662940934, "error_max": 0.34462925466134847, "target": "1085.xyz", "model": "7.xyz", "model_rescale": 3.964800864290218, "target_rescale": 4.033122431928979},
{"mapping": [5, 3, 10, 4, 11, 9, 0, 6, 2, 8, 1, 12, 7, 13], "R": [[-0.4043149397050683, -0.9125323798000478, -0.06175828161266084], [-0.5027447922664329, 0.1653275061610434, 0.8484777484150965], [-0.7640530762848013, 0.3741008841516308, -0.5256152824040601]], "T": [-0.05431756662573639, -0.05735181681661493, -0.03417621558292159], "aligned_model": [[-0.8056898264588173, -0.4414189883978793, -0.34664861101940675, 0.615348933411235, 0.535302004795251, 0.06213413697330544, -0.2667835633962551, 0.1963750630995988, 0.23004590439424216, -0.4073964203295858, -0.49780702145281136, 0.4507882438798648, -0.0027563157919878664, -0.09223203140021094], [-0.4064674970477149, -0.1576526172047213, -0.8243636485257099, 0.031699457528054795, -0.6371986031086693, -0.5537284079874126, 0.4077628564492554, -0.21967030666246035, 0.5352915773436938, -0.24969916891611138, 0.49805966908118793, -0.10961306285999177, 0.36650641455510147, -0.09918298799592004], [0.07820123739803175, -0.6392009542555627, 0.00282950707178211, -0.23092489862721985, -0.09127078553303261, 0.42832352199014334, -0.5358592962741444, -0.5314806861380321, -0.11492243197546123, 0.6211064719762484, 0.20656238946905892, 0.5251196092218439, 0.5355068560214684, 0.019720193368463944]], "inverted": true, "swapped": false, "error_lsq": 0.04612926134566638, "error_max": 0.28459392421752233, "target": "1085.xyz", "model": "8.xyz", "model_rescale": 4.121658175737393, "target_rescale": 4.033122431928979},
{"mapping": [8, 11, 12, 10, 3, 7, 5, 2, 9, 4, 6, 0, 13], "R": [[-0.641829957843286, -0.3394066261837733, 0.6876463097533749], [-0.6898386150492868, 0.6471980559278477, -0.3244339094331798], [-0.3349283362180153, -0.6825963803784512, -0.6495268978975922]], "T": [-0.13912680846576753, 0.03892814688039222, -0.05889859245375194], "aligned_model": [[-0.615737801901683, -0.1496363760355856, 0.25030113944153826, 0.28818348883052963, -0.7577019989277675, -0.5749948371747011, 0.27305062930914564, 0.23588118424083165, 0.7366129317805137, -0.3188411815711433, -0.25677291244825085, 0.4009299473984673, -0.03453671650669769], [0.26671905837553356, -0.5323109928070338, 0.10561144703401193, 0.5807048125865726, -0.4094738834468762, -0.02939892719892246, -0.512028837858759, -0.09544076624811856, 0.040937043490186724, -0.6707725888419623, 0.621264666022473, 0.4327499922846687, -0.008173583980064535], [-0.5651642438974092, -0.44492433474468385, -0.6735982913735775, -0.23998194866967532, -0.10144622235104998, 0.3108242288809292, 0.041758663814811206, 0.5302705051683669, -0.24290843863101158, 0.31679220451095386, 0.22545473039869024, 0.24653214771852272, 0.017466433134221734]], "inverted": false, "swapped": true, "error_lsq": 0.04471085541544879, "error_max": 0.28611226490904984, "target": "1085.xyz", "model": "9.xyz", "model_rescale": 3.833441315466971, "target_rescale": 4.033122431928979},
{"mapping": [0, 13, 10, 9, 8, 11, 5, 2, 4, 12, 1, 7, 6, 14], "R": [[0.2373827238431116, -0.9553028768042163, -0.17619834275728535], [0.7198915641372204, 0.05121549687378742, 0.6921944154383489], [-0.652231230703415, -0.29115869633167385, 0.6998721563582516]], "T": [-0.044185264528607125, -0.06743440892371548, 0.08834139618866416], "aligned_model": [[-0.673097410239267, -0.3371659551029246, -0.3302166829274715, 0.6337483669539961, 0.2776590261779848, 0.19772563096273216, -0.2947565975722198, 0.22627504457274153, 0.12286979514763988, -0.3444323109650736, -0.7038156201915761, 0.556967972038944, -0.1450133828052862, 0.04251363225632269], [-0.20243313525969314, -0.19041497837212712, -0.8380976827187456, -0.29700690563531995, -0.7436456690938856, -0.530769789859007, 0.3317574706873902, -0.008928977771937394, 0.7118733649214875, -0.13794961556542745, 0.23788106974279927, -0.13522285434130044, 0.4469288652326588, -0.06222748731831015], [-0.13541699710406643, -0.6429072864791376, 0.09261803413572445, -0.29325077693746937, -0.12779269768683083, 0.5266752010220321, -0.39673081676143895, -0.5750427991718994, 0.062176902093830366, 0.6059313632950869, 0.21979171109284149, 0.36750709897831785, 0.5201905374507885, 0.049961259785808884]], "inverted": true, "swapped": false, "error_lsq": 0.05266767364168511, "error_max": 0.28212111648639765, "target": "1085.xyz", "model": "10.xyz", "model_rescale": 4.2482417240324, "target_rescale": 4.033122431928979},
{"mapping": [3, 8, 12, 10, 4, 5, 11, 0, 6, 2, 7, 13], "R": [[-0.8437384829043131, 0.21181966133399416, 0.49319144714672447], [-0.11992428940921461, -0.9700053486692748, 0.21144216316216125], [0.5231859490429986, 0.11925625612667501, 0.8438331636636629]], "T": [0.001194243762711461, -0.017475474936237793, -0.051676195581012774], "aligned_model": [[-0.7420546729668012, -0.16460731345481644, 0.46552417287197445, 0.6827351536934615, -0.6094693439783172, 0.008150024489648466, -0.256313018796937, 0.6024883180561158, 0.17979454533085729, 0.1219390410141184, -0.4569465657388945, 0.045525261842597364], [-0.10755089345526028, -0.706172047561076, -0.1908648075728344, -0.21654118026257962, 0.5311540962135374, 0.6048439577318087, 0.10918637477780035, 0.2112990875897044, -0.27907720091454147, 0.604684806932519, -0.0070934167176269144, 0.11226261328918821], [0.10636625006452341, 0.13151365876270407, 0.4852505827081872, -0.12082864044936453, 0.004994267420044288, 0.25855897863568433, 0.5752905220273902, -0.4068557533755414, -0.6291532157047034, -0.37438892015774505, -0.4000204271320563, -0.06553501294476602]], "inverted": false, "swapped": true, "error_lsq": 0.04757927583701654, "error_max": 0.26047733601656553, "target": "1085.xyz", "model": "11.xyz", "model_rescale": 3.6694154284099745, "target_rescale": 4.033122431928979},
{"mapping": [0, 5, 12, 9, 10, 2, 6, 7, 11, 1, 4, 8, 3, 13], "R": [[0.09908669875151677, 0.5228271223320545, 0.846660277965436], [0.9168221793291528, -0.37870770172801893, 0.12656053153343255], [0.38680604651513567, 0.7636964559338122, -0.5168643976648671]], "T": [-0.06475964446802086, -0.11744657305980585, -0.05017805978045906], "aligned_model": [[-0.7774607472536005, -0.4627676280216945, -0.266882532556045, 0.7081781393564343, 0.3641968943500167, 0.09838005754568084, -0.2840782850170714, 0.26192156026874186, 0.25200813398202154, -0.51016726686065, -0.39591699988128276, 0.49038423875579584, -0.0692045990820145, -0.17932945727978972], [-0.0646230043988649, -0.34770693569331, -0.7662173295940086, 0.016508209412473607, -0.5834945083659686, -0.42716806731533963, 0.24351195796205102, -0.3031675447827259, 0.5459795542385297, -0.3148854107149066, 0.43145694081346375, 0.08385588112328446, 0.17327031910850701, -0.10557638714460402], [-0.05233979695226785, -0.7083122428344225, -0.04680999750621035, -0.22137842625037382, -0.09839006150777335, 0.5009767342795374, -0.4262938747150741, -0.6912337746786072, -0.11765099554608113, 0.6419949311701485, 0.31957643737077784, 0.4229925671292595, 0.7602001430296844, -0.00962090927500956]], "inverted": false, "swapped": false, "error_lsq": 0.044108883747460845, "error_max": 0.2396928313780874, "target": "1085.xyz", "model": "12.xyz", "model_rescale": 3.9764082729961374, "target_rescale": 4.033122431928979},
{"mapping": [0, 2, 9, 11, 10, 12, 7, 8, 14, 5, 4, 13, 6, 15], "R": [[0.08179493414281785, 0.1904484539444248, -0.9782836884762776], [-0.026789821517746955, -0.9807979553157037, -0.19317783597395985], [-0.9962890615738083, 0.042009013779344746, -0.07512222407295643]], "T": [-0.04603894040016146, -0.12394104024846528, 0.0375707659074428], "aligned_model": [[-0.7484142200018586, -0.37249390275088257, -0.43432749061274933, 0.6765214961991292, 0.5404526774020869, 0.19217595127042983, -0.5243585211159923, 0.22425271638949615, 0.4654738763779266, -0.5957250720283516, -0.5796739759971048, 0.4287508440474127, 0.025579195864797205, -0.06895206673779623], [-0.22786309600176688, -0.4300459850294278, -0.5468648814166477, 0.0463258394036887, -0.5908330164280619, -0.6315156799281503, 0.19798291677601285, -0.16200448288493194, 0.4813047193722534, -0.16949631667976825, 0.34062841135578426, -0.08646625922855988, 0.381780963295259, -0.02118945795710224], [-0.11401124633248771, -0.6227219224083922, 0.21608281833802429, -0.244316275129161, -0.2525780989620888, 0.34225943568148337, -0.45090548072131986, -0.6144617725851629, 0.14168727904515138, 0.6689136040862106, 0.16115310768329608, 0.4218243899093969, 0.6057035878680179, 0.01508130724061977]], "inverted": true, "swapped": false, "error_lsq": 0.043642045682814545, "error_max": 0.3180296832842485, "target": "1085.xyz", "model": "13.xyz", "model_rescale": 4.170626492500431, "target_rescale": 4.033122431928979},
{"mapping": [3, 9, 11, 8, 12, 5, 1, 10, 0, 6, 3, 4, 2, 13], "R": [[0.8697136938891484, 0.47927590468180364, -0.11786728915662553], [0.22789013294147148, -0.6017853317478193, -0.7654544413621792], [-0.437794675583899, 0.6388654175056011, -0.6326031934362829]], "T": [0.023573177927112728, -0.012282530190935406, -0.012495976061155885], "aligned_model": [[-0.6448356784826587, -0.426788650428767, -0.4076363497122921, 0.7380410865914129, 0.47381725573762173, 0.03667460701901075, -0.34859791196072376, 0.18510569814296893, 0.11829293454371978, -0.36399555142781836, -0.6448356784826587, 0.5724791309116208, -0.03854688289883922, -0.019912501246054377], [0.09081506234764815, -0.25078001241773035, -0.5712435505770159, -0.03090080150971266, -0.5890574163781596, -0.8048028258462365, 0.429150679826505, -0.30933018972182635, 0.5686187597242495, -0.3616266438380277, 0.09081506234764815, 0.0014624574560161835, 0.41593701123317095, -0.0973139179979473], [0.12194394180408694, -0.6422575285517057, -0.048281058052101984, -0.21435052831818402, 0.005311950445090939, 0.4335530816515703, -0.5198813038355651, -0.46415761695482666, -0.10965700533342956, 0.6472300559524513, 0.12194394180408694, 0.4364766964766889, 0.4831866740506396, 0.022649432574785973]], "inverted": false, "swapped": false, "error_lsq": 0.050605684044025545, "error_max": 0.27032379731585116, "target": "1085.xyz", "model": "14.xyz", "model_rescale": 3.9786697098870705, "target_rescale": 4.033122431928979},
{"mapping": [6, 8, 1, 0, 7, 4, 12, 11, 2, 10, 3, 13], "R": [[-0.5365243773996022, -0.8368733960191954, -0.10855648986250528], [0.8230627332354152, -0.49053877775510085, -0.28625066755831297], [0.18630440041774976, -0.24292926244862056, 0.9519853170249802]], "T": [-0.03065210312339376, -0.02276813340579276, 0.030256119751830953], "aligned_model": [[0.05841912086656759, -0.7414944416640152, 0.5773231795299139, 0.46562809571928276, 0.04100885569111167, 0.2751678476678147, -0.3290425147256155, -0.27572113451499564, 0.6792967215082714, -0.016618785172592715, -0.34702672848657434, 0.09641438034816827], [-0.3487900644065819, -0.06111129023296845, 0.06539104064355603, -0.5616490907906736, 0.3654743054773538, 0.7320621968004465, -0.4438099630001112, 0.341129901398143, 0.01862514099583908, -0.7351496825972473, 0.6676556662630145, -0.025153670326331368], [-0.5350661397510514, -0.13881374840348254, -0.631341800698606, -0.02769351802997919, -0.3886436388424899, 0.14782012533299463, 0.5475988001663921, 0.5621958433589478, 0.038348600240560096, 0.06522499071521731, -0.06318916447261269, 0.08352614425794008]], "inverted": false, "swapped": true, "error_lsq": 0.05438111219369529, "error_max": 0.2627494331458411, "target": "1085.xyz", "model": "15.xyz", "model_rescale": 3.769337070930944, "target_rescale": 4.033122431928979},
{"mapping": [6, 8, 0, 10, 1, 7, 2, 3, 5, 12, 13], "R": [[-0.35712760623619283, 0.8523169378779786, 0.38212002076613755], [0.7865981325447436, 0.4950449653966983, -0.3690445232116366], [-0.5037094904219388, 0.1687789075734536, -0.8472251351424738]], "T": [-0.02921253720672496, -0.03449581597856619, 0.08465318387389609], "aligned_model": [[-0.19586706395681144, -0.44577517476803463, -0.18714841634958287, -0.609624205414804, 0.4452537701731121, 0.3678305678817787, 0.4038701486013098, 0.36817131532138797, 0.330092832944823, -0.5897595730464119, 0.0355819293044042], [0.01901881341202124, -0.6358997845141482, 0.6167826870734622, 0.351515946583608, 0.1895828420360766, -0.3116832163015471, 0.5123164962381866, -0.6690527580598871, 0.32738031622981456, 0.11088941810343758, 0.08521373682431738], [-0.550307990278422, 0.07280059457678181, -0.2169051886779152, -0.06708488698881673, -0.6500496613734015, -0.22658371934035237, -0.0540620188383501, 0.2425566634837885, 0.5574333002083574, 0.5303062589278658, 0.10611425552424153]], "inverted": true, "swapped": true, "error_lsq": 0.05035679227398892, "error_max": 0.2554327610753141, "target": "1085.xyz", "model": "16.xyz", "model_rescale": 3.7852294659196426, "target_rescale": 4.033122431928979},
{"mapping": [7, 0, 2, 1, 6, 10, 12, 9, 4, 3, 8, 5, 13], "R": [[0.6780104265104072, -0.7318863849353819, 0.06814822880599025], [0.58855943183742, 0.5960876431429625, 0.546147706108413], [-0.4403403873577679, -0.33018455632946553, 0.8349122720520552]], "T": [-0.016658785777742425, 0.19304779150688067, -0.06014899994120494], "aligned_model": [[0.19453511134016346, -0.40195066337811475, 0.19481141963651527, -0.034931175976276554, -0.49638406328808743, -0.6397715471898253, -0.2756840565010121, -0.18310628453388403, 0.7780270389305223, 0.4922047198856599, -0.28500586473724554, 0.4795002477362171, 0.03152096829165103], [-0.05879392388235727, -0.2879791122545338, -0.42198662433047174, -0.6558467180920661, -0.1704764870390738, 0.1723164291108814, 0.6895833011674883, 0.18996900717715087, 0.009712646046544149, 0.44886849926013384, 0.7309351010797449, 0.12101240626030793, 0.10774109919912522], [-0.5327136836919967, 0.34011112726022097, 0.22763432924881266, -0.36700731245688617, -0.3275943150081606, 0.2865611452178218, 0.40922814666439467, 0.8190947108962777, -0.16959592569185233, -0.5711515889318778, -0.47730452929422207, 0.42173567424748126, 0.0367569186831606]], "inverted": false, "swapped": true, "error_lsq": 0.05231569907863165, "error_max": 0.26703491524146905, "target": "1085.xyz", "model": "17.xyz", "model_rescale": 3.901054581598922, "target_rescale": 4.033122431928979},
{"mapping": [6, 4, 10, 2, 5, 9, 1, 8, 0, 11, 6, 13, 12, 14], "R": [[0.5770484242943148, -0.7335265643210915, 0.3591015113512397], [-0.514285158862668, 0.015209392878256844, 0.8574843728849383], [-0.6344492819706312, -0.6794905840433486, -0.3684652694669882]], "T": [-0.0012682964016801149, -0.06681225975780902, 0.004440031919396809], "aligned_model": [[-0.7216462150943367, -0.4143011242956914, -0.4188506473247019, 0.7870310128998412, 0.42712104807380535, 0.1044356529880669, -0.3295535592285245, 0.22205813256451287, 0.2198359981776328, -0.5226268650844157, -0.7216462150943367, 0.5909778534819234, 0.010354237449456304, -0.0039278012066894935], [0.12859985026656828, -0.36222563584780326, -0.7725519116872079, 0.06131212717693879, -0.5189961145550479, -0.559638179035943, 0.37942521354366043, -0.2366681459748128, 0.6229869839056617, -0.21262396277519768, 0.12859985026656828, -0.18422454795902768, 0.18223712860570834, -0.0744889812814838], [0.08565275743700344, -0.6019499335473778, 0.0012350325380925571, -0.20981785571942033, -0.04136802409910151, 0.4288677757172853, -0.4183914393171545, -0.5969687609848285, -0.22093612666747245, 0.590661132743083, 0.08565275743700344, 0.40812437745186997, 0.7043074643234546, 0.05864157640115093]], "inverted": true, "swapped": false, "error_lsq": 0.04569034653279336, "error_max": 0.2842373200948178, "target": "1085.xyz", "model": "18.xyz", "model_rescale": 3.9405287249114394, "target_rescale": 4.033122431928979},
{"mapping": [1, 4, 12, 9, 13, 14, 0, 7, 5, 3, 1, 11, 2, 15], "R": [[-0.41672853536330423, -0.9000438484339801, -0.1275084260357175], [-0.352764891038609, 0.030843908560287958, 0.9352034992210214], [-0.8377912982745008, 0.4347064805140077, -0.3303574069619918]], "T": [-0.04889781411564496, -0.1289732952749094, -0.025845806565033776], "aligned_model": [[-0.6354649349235616, -0.3333867239073847, -0.3851662321878875, 0.6645554039012904, 0.39938179220691694, 0.10836595025070225, -0.5117453902164268, 0.29476985528128385, 0.3615965613226202, -0.5657777021521124, -0.6354649349235616, 0.5748150699286094, -0.06252904700072029, -0.04468815927322556], [0.11370248496104349, -0.35854823806573555, -0.5611910469765836, 0.035125664874992024, -0.6279235642560858, -0.6757976259459162, 0.16631696606312887, -0.1452848651551589, 0.5908754039974904, -0.3462598774063934, 0.11370248496104349, -0.15110388632600807, 0.5340928661283896, -0.10596309220562494], [0.15461721583407426, -0.659112286385476, -0.010020879060171996, -0.25620614155249516, -0.06357999545081233, 0.49950190864815436, -0.43966948980766196, -0.6400542521603932, 0.04179190960169043, 0.6152862527199405, 0.15461721583407426, 0.3343009373002186, 0.5358326940961307, 0.006405644096315208]], "inverted": true, "swapped": false, "error_lsq": 0.04342354336639178, "error_max": 0.2863914075968794, "target": "1085.xyz", "model": "19.xyz", "model_rescale": 4.410303926677745, "target_rescale": 4.033122431928979},
{"mapping": [5, 3, 10, 4, 11, 9, 0, 6, 2, 8, 1, 12, 7, 13], "R": [[-0.4043149397050683, -0.9125323798000478, -0.06175828161266084], [-0.5027447922664329, 0.1653275061610434, 0.8484777484150965], [-0.7640530762848013, 0.3741008841516308, -0.5256152824040601]], "T": [-0.05431756662573639, -0.05735181681661493, -0.03417621558292159], "aligned_model": [[-0.8056898264588173, -0.4414189883978793, -0.34664861101940675, 0.615348933411235, 0.535302004795251, 0.06213413697330544, -0.2667835633962551, 0.1963750630995988, 0.23004590439424216, -0.4073964203295858, -0.49780702145281136, 0.4507882438798648, -0.0027563157919878664, -0.09223203140021094], [-0.4064674970477149, -0.1576526172047213, -0.8243636485257099, 0.031699457528054795, -0.6371986031086693, -0.5537284079874126, 0.4077628564492554, -0.21967030666246035, 0.5352915773436938, -0.24969916891611138, 0.49805966908118793, -0.10961306285999177, 0.36650641455510147, -0.09918298799592004], [0.07820123739803175, -0.6392009542555627, 0.00282950707178211, -0.23092489862721985, -0.09127078553303261, 0.42832352199014334, -0.5358592962741444, -0.5314806861380321, -0.11492243197546123, 0.6211064719762484, 0.20656238946905892, 0.5251196092218439, 0.5355068560214684, 0.019720193368463944]], "inverted": true, "swapped": false, "error_lsq": 0.04612926134566638, "error_max": 0.28459392421752233, "target": "1085.xyz", "model": "20.xyz", "model_rescale": 4.121658175737393, "target_rescale": 4.033122431928979},
{"mapping": [1, 7, 4, 2, 5, 6, 3, 0, 8, 12, 11, 9, 13], "R": [[0.4259327959117102, 0.8262098906625339, -0.3687254668967647], [-0.8848609952543462, 0.2954112753336533, -0.3602127114403828], [-0.1886856445104435, 0.479697190920635, 0.8569062565873413]], "T": [-0.05037112846616715, -0.063601357601065, -0.030843022982924434], "aligned_model": [[0.16759807558253847, -0.2049279828686676, 0.23589587593066058, 0.5760520557997553, 0.5280532135860845, -0.2224694682500127, -0.40799362937426104, 0.38633693092075166, -0.7537778556148129, -0.04715055937464613, -0.0332341757702716, 0.5699772095189914, 0.08672321457818508], [-0.541234456170119, -0.026491545216782486, 0.5042815299753707, -0.2163291280422109, 0.3186839513085041, -0.6660424866696109, 0.4982915382186719, -0.6444988042719964, -0.0015784568044991676, -0.008465624292241153, 0.590255519801652, -0.19759864056361232, -0.06844649310994304], [0.7036458073395478, 0.5224015275555658, 0.49134103776673244, 0.2692810302888031, -0.08431213178791588, 0.1722827680340143, 0.3458431439228221, -0.13988021770160325, -0.222477529881442, -0.7594761184637858, -0.2490584856753448, -0.6617125970789478, -0.01776849483665701]], "inverted": true, "swapped": true, "error_lsq": 0.0403892487296184, "error_max": 0.2402324322910513, "target": "1085.xyz", "model": "21.xyz", "model_rescale": 4.08911054899281, "target_rescale": 4.033122431928979},
{"mapping": [12, 3, 13, 1, 0, 6, 14, 2, 11, 10, 9, 8, 5, 16], "R": [[-0.9264451738496762, -0.3577653683713947, -0.11706101419654581], [-0.32728297964839903, 0.6119153152863235, 0.7200315952446152], [-0.18597094150191662, 0.7053818739605662, -0.6839965064273146]], "T": [-0.03152185095434912, -0.10332686513073068, -0.016719108820774146], "aligned_model": [[-0.7600550449591917, -0.48493787982808934, -0.4186468586600431, 0.7355482490145439, 0.36272027853755245, 0.2592961248479706, -0.5002750732335229, 0.26696785114889215, 0.3794991205731459, -0.4487679750548289, -0.5308891207396618, 0.5035849724591781, -0.10385024478974346, -0.03093289100965891], [-0.2166361594486806, -0.3180657315325888, -0.59662617427407, -0.015525419889913572, -0.7701449831249023, -0.4785226805261867, 0.14234203830663367, -0.09186520567875404, 0.5315189401481651, -0.1645811086168597, 0.34352019556115515, 0.05917332651107697, 0.3065826213077915, -0.1494259840942854], [0.020292984991324488, -0.7256478410014429, -0.22533355231836288, -0.20081894372937967, -0.014241402688840048, 0.5579261153056858, -0.37967887578377824, -0.6740062283310975, 0.10128764837063436, 0.6712409182105978, 0.22516442881811424, 0.39317891912365655, 0.5529052150287848, -0.02855865228230877]], "inverted": false, "swapped": false, "error_lsq": 0.04009237307655328, "error_max": 0.2548961321813148, "target": "1085.xyz", "model": "22.xyz", "model_rescale": 4.204369325754507, "target_rescale": 4.033122431928979},
{"mapping": [1, 4, 12, 9, 13, 14, 0, 7, 5, 3, 1, 11, 2, 15], "R": [[-0.41672853536330423, -0.9000438484339801, -0.1275084260357175], [-0.352764891038609, 0.030843908560287958, 0.9352034992210214], [-0.8377912982745008, 0.4347064805140077, -0.3303574069619918]], "T": [-0.04889781411564496, -0.1289732952749094, -0.025845806565033776], "aligned_model": [[-0.6354649349235616, -0.3333867239073847, -0.3851662321878875, 0.6645554039012904, 0.39938179220691694, 0.10836595025070225, -0.5117453902164268, 0.29476985528128385, 0.3615965613226202, -0.5657777021521124, -0.6354649349235616, 0.5748150699286094, -0.06252904700072029, -0.04468815927322556], [0.11370248496104349, -0.35854823806573555, -0.5611910469765836, 0.035125664874992024, -0.6279235642560858, -0.6757976259459162, 0.16631696606312887, -0.1452848651551589, 0.5908754039974904, -0.3462598774063934, 0.11370248496104349, -0.15110388632600807, 0.5340928661283896, -0.10596309220562494], [0.15461721583407426, -0.659112286385476, -0.010020879060171996, -0.25620614155249516, -0.06357999545081233, 0.49950190864815436, -0.43966948980766196, -0.6400542521603932, 0.04179190960169043, 0.6152862527199405, 0.15461721583407426, 0.3343009373002186, 0.5358326940961307, 0.006405644096315208]], "inverted": true, "swapped": false, "error_lsq": 0.04342354336639178, "error_max": 0.2863914075968794, "target": "1085.xyz", "model": "23.xyz", "model_rescale": 4.410303926677745, "target_rescale": 4.033122431928979},
{"mapping": [0, 3, 2, 9, 8, 5, 1, 10, 11, 12, 7, 15, 13, 16], "R": [[0.25063443214114844, -0.204053469386867, 0.946332163173411], [0.784700154909624, 0.6153031297792378, -0.07515134974627469], [-0.5669462481665228, 0.7614225109064333, 0.31433693956461134]], "T": [0.04321410455012053, -0.02645106786702174, 0.09715443919258065], "aligned_model": [[-0.6846198866901904, -0.42881117491875065, -0.49885745373680024, 0.6423689899019492, 0.5808678261413234, -0.016498540482903563, -0.4328204847512327, 0.2816148980416309, 0.23179630059812706, -0.501148640186247, -0.44169300717701393, 0.6236662828355751, -0.09439753038066784, -0.032206070888256826], [-0.22774164600638364, -0.44521000823146173, -0.7410265830790369, 0.04477883452876487, -0.5207142693866568, -0.5622122649000637, 0.3029446663087306, -0.0713658758301517, 0.5270152586123793, -0.19269229907071267, 0.4276453311744893, -0.26291093418056544, 0.36588388030399915, -0.0626504155947496], [0.10836137604829787, -0.5440039422088065, -0.0714700250297039, -0.07124896930056077, -0.2801240130640305, 0.42118587779818045, -0.5362686971592947, -0.5069413048446276, -0.14540126038562165, 0.6647889078206468, 0.12149473615623793, 0.438440523264875, 0.6640079918889139, 0.01088953272908133]], "inverted": false, "swapped": false, "error_lsq": 0.041629576516226306, "error_max": 0.22070746098914812, "target": "1085.xyz", "model": "24.xyz", "model_rescale": 4.28219845311461, "target_rescale": 4.033122431928979},
{"mapping": [6, 10, 8, 9, 5, 1, 14, 11, 13, 0, 2, 3, 4, 15], "R": [[-0.3944420167329946, 0.8931229605595086, -0.2162102512764526], [-0.8960238505979261, -0.4260123685350845, -0.12511882757919893], [-0.20385473895711614, 0.14437741920586514, 0.9682966519761288]], "T": [0.048870861855229146, 0.01377536264337946, 0.002399405132691254], "aligned_model": [[-0.8008274903392527, -0.37266472254971195, -0.20527191304836445, 0.698952253690567, 0.3862920225165764, 0.09618195686773123, -0.45102853503569373, 0.13716317348814452, 0.11207239308962968, -0.5096818200589512, -0.48369240838261196, 0.5560983807876642, 0.06545257122742365, 0.00021564605339216558], [-0.28646290243260686, -0.3666810572681147, -0.625501473551921, 0.006666590289131413, -0.7433334295090771, -0.4950865999593718, 0.23339090220983782, -0.11010951250062627, 0.6006092495501566, -0.07586374576433565, 0.4260455224914437, -0.2293423747978941, 0.23677212427799454, 0.010640381613964623], [0.01057433162568118, -0.5519159225070847, -0.09078124520444973, -0.18257987269029918, -0.1930844000725977, 0.3880139304704507, -0.5286507174204007, -0.5204142104758398, -0.06503954922245613, 0.5902241271427072, 0.12564591778253148, 0.534996208201304, 0.6985646615484957, 0.0581574745355455]], "inverted": true, "swapped": false, "error_lsq": 0.0399689203551681, "error_max": 0.21338758352601842, "target": "1085.xyz", "model": "25.xyz", "model_rescale": 4.100010024507729, "target_rescale": 4.033122431928979},
{"mapping": [3, 8, 12, 10, 4, 5, 11, 0, 6, 2, 7, 13], "R": [[-0.8437384829043131, 0.21181966133399416, 0.49319144714672447], [-0.11992428940921461, -0.9700053486692748, 0.21144216316216125], [0.5231859490429986, 0.11925625612667501, 0.8438331636636629]], "T": [0.001194243762711461, -0.017475474936237793, -0.051676195581012774], "aligned_model": [[-0.7420546729668012, -0.16460731345481644, 0.46552417287197445, 0.6827351536934615, -0.6094693439783172, 0.008150024489648466, -0.256313018796937, 0.6024883180561158, 0.17979454533085729, 0.1219390410141184, -0.4569465657388945, 0.045525261842597364], [-0.10755089345526028, -0.706172047561076, -0.1908648075728344, -0.21654118026257962, 0.5311540962135374, 0.6048439577318087, 0.10918637477780035, 0.2112990875897044, -0.27907720091454147, 0.604684806932519, -0.0070934167176269144, 0.11226261328918821], [0.10636625006452341, 0.13151365876270407, 0.4852505827081872, -0.12082864044936453, 0.004994267420044288, 0.25855897863568433, 0.5752905220273902, -0.4068557533755414, -0.6291532157047034, -0.37438892015774505, -0.4000204271320563, -0.06553501294476602]], "inverted": false, "swapped": true, "error_lsq": 0.04757927583701654, "error_max": 0.26047733601656553, "target": "1085.xyz", "model": "26.xyz", "model_rescale": 3.6694154284099745, "target_rescale": 4.033122431928979},
{"mapping": [5, 4, 0, 11, 2, 6, 8, 10, 9, 1, 7, 12, 3, 13], "R": [[-0.30612441873091856, 0.4599499909995571, -0.8335069562014255], [-0.6781298405422589, -0.7198504838466545, -0.14817287292844172], [-0.6681524972809636, 0.5198666047028266, 0.5322696249946706]], "T": [-0.09072872941651011, -0.06140992881533186, -0.027901489895328764], "aligned_model": [[-0.8657395232162824, -0.272973330971819, -0.38403498359472366, 0.7491182569137395, 0.28426448327114423, 0.0970939021677287, -0.3767242145193614, 0.17123944665058366, 0.23560650686368162, -0.5432508586386193, -0.4393094438791073, 0.5969371154367166, 0.03792613887623328, -0.06089198705337193], [-0.19061797725155022, -0.44158339806710767, -0.6527820532291067, -0.11446278108684972, -0.6256072433953968, -0.37787583359886373, 0.2796744839908908, 0.005082361398777921, 0.5353285971868265, -0.45024928386929675, 0.3672005359822123, -0.03286318912354713, 0.3904219029304787, -0.10992244721888621], [0.06506113396125657, -0.7334407223763739, -0.06230780994594821, -0.19528698407880374, -0.08439154974764168, 0.5515486132013083, -0.4864047050110664, -0.5653418772526612, -0.07556678772378747, 0.6230012157537218, 0.27361646925341276, 0.3671093743004767, 0.6294622914459808, -0.033347928066286545]], "inverted": true, "swapped": false, "error_lsq": 0.042689273436773346, "error_max": 0.29948078731388283, "target": "1085.xyz", "model": "27.xyz", "model_rescale": 4.103607728864725, "target_rescale": 4.033122431928979},
