[{"mapping": [10, 3, 6, 2, 0, 4, 7, 1, 5, 9, 8, 11], "R": [[0.20056524737772455, -0.3051616778362422, -0.9309403482095304], [0.34956951875837555, 0.9099892639444691, -0.22298136931331522], [0.9151910910292724, -0.28070605601941123, 0.2891874426988095]], "T": [-0.045596618409567344, 0.0567702849043647, -0.21036984174521095], "aligned_model": [[-0.5386341959382741, -0.23906505259681504, -0.397972008793577, 0.6875940889629186, 0.4408519107684406, 0.44285527659523477, -0.5652840839829669, 0.23065175069064853, 0.001886661981586997, -0.5570782058912496, 0.041537596709268584, -0.007633927076136006], [-0.06467706585243171, 0.6376368767134732, -0.13760943593391575, 0.05208547313291095, -0.2087234220464111, 0.544555564506366, -0.7298163218822427, -0.4784325291245812, -0.6656808686650717, 0.3438846140425831, 0.4203279495337796, 0.009110732660384056], [-0.6619513228797287, -0.5253245722702982, 0.39229307882772885, 0.12303634408181097, -0.48545585380614736, -0.6296892116929294, -0.1219970064628681, 0.16262526002413313, -0.6159509080185199, -0.05128378924941798, 0.3027938200002796, -0.24383111839043536]], "inverted": false, "swapped": false, "error_lsq": 0.059617205314560634, "error_max": 0.33346049835689684, "target": "1086.xyz", "model": "0.xyz", "model_rescale": 3.751011558992144, "target_rescale": 3.784584015159106},
{"mapping": [7, 3, 4, 5, 9, 13, 6, 10, 11, 1, 8, 14], "R": [[-0.5003907387456143, 0.6109292084030579, 0.6134937741311086], [-0.4956845561316901, 0.37881651785096054, -0.7815336631366577], [-0.7098633174000106, -0.695171596171252, 0.11327189627867124]], "T": [-0.055639226789647216, 0.072826672462655, -0.20238585083280436], "aligned_model": [[-0.5793647507700143, -0.12167543686040222, -0.2311168145953781, 0.5092730293364621, 0.52701332122622, 0.4740455448900475, -0.5563831737353666, 0.2870478232701464, -0.01961673613133729, -0.7158247076400196, -0.0003055357204459, -0.03338275184083256], [-0.01190372620995006, 0.5659599473795757, -0.18772864328358935, 0.2652767251338928, -0.1861467780448735, 0.3856427789764773, -0.48358036342085836, -0.5677169595032112, -0.6294720583408004, 0.12419048227427809, 0.3994053394237507, 0.048734822700151226], [-0.600141251637766, -0.7819241857529192, 0.5234877700710451, -0.0182034219722661, -0.368633802871728, -0.5884976538856785, -0.2606306384681462, 0.1780391606979238, -0.5794930793571376, 0.014875372932123793, 0.3726818052377183, -0.24629535482956139]], "inverted": false, "swapped": false, "error_lsq": 0.04847353585208707, "error_max": 0.27078023621464636, "target": "1086.xyz", "model": "1.xyz", "model_rescale": 3.9405287249114394, "target_rescale": 3.784584015159106},
{"mapping": [3, 8, 1, 5, 11, 9, 7, 0, 6, 4, 2, 12], "R": [[0.9590259752183514, -0.08783666440454913, -0.2693583101424065], [0.2504930422038128, 0.7070772606228386, 0.6612828315611871], [0.13237225790915977, -0.7016597949835698, 0.700107932707269]], "T": [-0.07200169489520958, -0.03632055936229198, -0.2297740752235706], "aligned_model": [[-0.4288895513005567, -0.24763751762133138, -0.3892362662494249, 0.6076471557970282, 0.5198526417531836, 0.3323916042102617, -0.6735066133886061, 0.3727752172213336, 0.022511321632057685, -0.6927379813231721, 0.18698470954080992, -0.0704449088425043], [-0.11790988327863708, 0.6423397591651148, -0.1540647890947026, 0.10203530759068954, -0.20138847788021266, 0.5242002876397884, -0.547221598821811, -0.5444758262964406, -0.5616087525076112, 0.2774049278383963, 0.28037055035798353, 0.022980062372285365], [-0.6688343430025638, -0.5603221049278173, 0.48627400658427455, -0.012953010266408077, -0.5904336314588575, -0.6453021089405779, -0.3077600615517351, 0.26709785134406694, -0.33222063318656886, -0.14056363146767706, 0.3150216762861614, -0.1647392892486892]], "inverted": true, "swapped": false, "error_lsq": 0.06136356304398535, "error_max": 0.3645168349052326, "target": "1086.xyz", "model": "2.xyz", "model_rescale": 3.932901565614263, "target_rescale": 3.784584015159106},
{"mapping": [12, 10, 4, 3, 8, 11, 5, 7, 9, 6, 1, 13], "R": [[-0.36021032001602604, 0.9328710181635593, 0.0004345393387998886], [0.8340091122635835, 0.32224530522473965, -0.4478691370500142], [-0.417944166145745, -0.16096467541389084, -0.8940990142336805]], "T": [0.048543216133706914, 0.027020421206341915, -0.07981013144884994], "aligned_model": [[-0.48482809104260904, -0.2666206247109287, -0.35941011922729516, 0.5368754145116318, 0.6238994477048058, 0.4741738062867455, -0.5005761034079685, 0.17877590750282676, -0.0059431730012113465, -0.6212984696313515, 0.012239474680060224, -0.047577658235626076], [-0.05644768999249643, 0.4898912414142862, -0.3133857155576442, 0.0881257243536662, -0.2298513909478102, 0.46213273429168383, -0.4263496786915267, -0.6537372507868772, -0.5377495580018093, 0.16095388872650795, 0.7209438383329032, 0.018135423943959783], [-0.619882287047953, -0.5265402485501203, 0.6136768134600126, 0.05614311064517177, -0.45633211546154384, -0.7334343155905694, -0.1784164754605373, 0.09151116164769088, -0.5465638602749924, -0.0879466522782984, 0.17694062401647895, -0.1438910349417319]], "inverted": false, "swapped": false, "error_lsq": 0.05077129246589854, "error_max": 0.29081022720480887, "target": "1086.xyz", "model": "3.xyz", "model_rescale": 3.9243930471874484, "target_rescale": 3.784584015159106},
{"mapping": [4, 3, 11, 5, 1, 0, 8, 9, 7, 10, 6, 12], "R": [[-0.6463813241162406, -0.2854902679466644, -0.7075920369404092], [0.14571987984535223, -0.9564832345851715, 0.25279544809063315], [-0.7489705604705645, 0.06029202986489732, 0.6598545072083533]], "T": [-0.1019005495480271, -0.04939419051793291, -0.18049617514497718], "aligned_model": [[-0.441739400074449, -0.23947456793638391, -0.11946191593262642, 0.5518902175544397, 0.5169634503026717, 0.5020699997805335, -0.45394356478941345, 0.011702589985830264, 0.003907458400677993, -0.7577988929320534, -0.041927333403939504, 0.007521770473792183], [-0.06414622698408359, 0.5498710509353393, -0.06064080536838627, 0.28297713817623854, -0.34164452646555743, 0.35694608882539536, -0.5675595751764304, -0.6212329937982213, -0.44068042709652244, 0.05658668575898122, 0.574607760526685, -0.002422602248595404], [-0.6669724875519205, -0.4541893066172619, 0.6105153250575353, 0.008474808046946197, -0.3848424273978131, -0.620302389616231, -0.24299992285414762, 0.21672177702724427, -0.872318771935706, 0.05549775810030719, 0.1780303833894712, -0.18235002548481594]], "inverted": false, "swapped": false, "error_lsq": 0.0542882691830694, "error_max": 0.32368755297697516, "target": "1086.xyz", "model": "4.xyz", "model_rescale": 3.8936222436046832, "target_rescale": 3.784584015159106},
{"mapping": [6, 9, 10, 2, 1, 0, 6, 4, 5, 7, 3, 11], "R": [[0.4175786274162154, 0.18852876810491645, 0.8888672530372759], [-0.8823446576432056, 0.31777215633471495, 0.347114911501768], [-0.21701611703669443, -0.9292350403720409, 0.299042212222769]], "T": [-0.1065211523028734, 0.1020297518967031, -0.09661532746459264], "aligned_model": [[-0.5499967627687737, -0.24991138241370808, -0.098011792164197, 0.5851815184556813, 0.37876588528954996, 0.5458775053332762, -0.5499967627687737, 0.2364519364125044, -0.15785820641997034, -0.6501379570975061, 0.1155106478640166, -0.06616481829302034], [-0.24176852144135907, 0.497541608942135, 0.0570930398132596, 0.05855772605145859, -0.1397595765197427, 0.5901400740434608, -0.24176852144135907, -0.5358978478004288, -0.6723020413150838, -0.1935891425298879, 0.602620082868232, -0.05820531358584197], [-0.6620715665135394, -0.5494348904988032, 0.5337620850290853, 0.18054178169646654, -0.6874987161037914, -0.4413508984539519, -0.6620715665135394, 0.22902624983864464, -0.3310201865073613, 0.09531634316568571, 0.07772122227083741, -0.13765513724612502]], "inverted": true, "swapped": false, "error_lsq": 0.06754816787363789, "error_max": 0.448599067493297, "target": "1086.xyz", "model": "5.xyz", "model_rescale": 3.6523030999806103, "target_rescale": 3.784584015159106},
{"mapping": [7, 5, 2, 6, 9, 8, 11, 10, 9, 3, 1, 12], "R": [[-0.8375695134072982, 0.5021169950490164, -0.21530404894847588], [-0.4703788193986588, -0.4623177824943434, 0.7516688328317442], [0.27788680514156394, 0.730849362914451, 0.623408479454487]], "T": [-0.05116949095931234, 0.03573989729320555, -0.13480794621704922], "aligned_model": [[-0.5456155152481537, -0.11996412195936476, -0.13875768354836956, 0.5253204613910726, 0.22279335053614935, 0.4662083934665544, -0.5051480411630076, 0.34585613330487436, 0.22279335053614935, -0.724712073208351, -0.07471700408147658, -0.13434743859699744], [-0.03894696616248154, 0.5704733947357469, 0.04275447701359865, 0.10163278876020358, -0.40207189004474936, 0.27810938254861295, -0.6764702003158425, -0.5937687704037211, -0.40207189004474936, 0.15192158574288278, 0.6054225563474349, 0.08567709890790699], [-0.6003861471557248, -0.5510181280304913, 0.6191753018723538, 0.15835058387422885, -0.6407012902415772, -0.4915715373954849, -0.38225340679299014, 0.09920601199712703, -0.6407012902415772, -0.010377611835682643, 0.26178006241673013, -0.17623782830330373]], "inverted": false, "swapped": false, "error_lsq": 0.0550430525030852, "error_max": 0.29969672855950075, "target": "1086.xyz", "model": "6.xyz", "model_rescale": 4.08911054899281, "target_rescale": 3.784584015159106},
{"mapping": [13, 1, 10, 3, 6, 0, 12, 4, 7, 11, 9, 14], "R": [[-0.3469232621884302, -0.2378388981903278, -0.907235861647978], [-0.05690748485377514, -0.9601919702831088, 0.27348293981793337], [-0.9361654705874146, 0.14650610469005348, 0.3195781171613476]], "T": [-0.06350073064528629, -0.10598885952166351, -0.16782951377079872], "aligned_model": [[-0.6053584812129574, -0.18301014909686814, -0.4240298318369421, 0.667468604131905, 0.364881460643865, 0.606888951140486, -0.6825504468342277, 0.4151368229642261, 0.01418546093444116, -0.5634144199418489, 0.020830096203294443, -0.09131825566629385], [-0.12239148867486775, 0.5221953722602699, -0.326768432012181, 0.14088490305895815, -0.16372217158282917, 0.43598652803482296, -0.45915606584353563, -0.45656163524720195, -0.6490867179326779, 0.1375412371905485, 0.6135582591181666, 0.05018177871537027], [-0.659780379465971, -0.5270622081310172, 0.4157371457179221, 0.008773468170194892, -0.41742624715933596, -0.5439897681067084, -0.16059824303927842, 0.21276779428201378, -0.7139966460340451, 0.020081258156723486, 0.13166600140087062, -0.12090745562776042]], "inverted": false, "swapped": false, "error_lsq": 0.05241732363100556, "error_max": 0.3830140387387615, "target": "1086.xyz", "model": "7.xyz", "model_rescale": 3.964800864290218, "target_rescale": 3.784584015159106},
{"mapping": [10, 9, 7, 4, 6, 11, 5, 0, 3, 8, 12, 13], "R": [[-0.07863591278152252, 0.8629665532354251, -0.49910431897348584], [0.5546336215685264, 0.45388756065970004, 0.6974006223858478], [0.8283706531781516, -0.2219793014570442, -0.5143221273461265]], "T": [0.019949459062941675, -0.11919252113531963, -0.08874851783216388], "aligned_model": [[-0.40088918437054977, -0.31383122844401623, -0.20800100990984602, 0.6538077117893425, 0.48339371436135714, 0.34428468249937805, -0.6814401644991321, 0.3018731209126768, 0.10554786484778095, -0.7052188286654865, 0.01258631654775199, -0.052403183640177396], [0.0020927939251214195, 0.4397259864666534, 0.10502725719071394, 0.1805529542239364, -0.19397073785520288, 0.47214632562975634, -0.4260892906964827, -0.7557323294638979, -0.7195325716310793, 0.12142542539426497, 0.5923750098147182, -0.09535925591365928], [-0.7839597961864351, -0.3124833637904542, 0.5473467892282037, -0.029843845130161792, -0.42953212030392274, -0.5706804172107657, -0.42481055341600593, 0.08005756566305912, -0.48652663739161073, -0.0033580049622527613, 0.1648108841203909, -0.10575578045643635]], "inverted": false, "swapped": false, "error_lsq": 0.05521452244445286, "error_max": 0.308724988275607, "target": "1086.xyz", "model": "8.xyz", "model_rescale": 4.121658175737393, "target_rescale": 3.784584015159106},
{"mapping": [0, 10, 9, 11, 2, 3, 4, 6, 1, 5, 7, 12], "R": [[0.9473703277813326, 0.1630016962265186, -0.27553567657704175], [0.03654684287910791, 0.799980570272028, 0.5989118595109055], [0.318046836668847, -0.5774612837364239, 0.7519206576962899]], "T": [0.04714919157584526, 0.009492462284239996, -0.13254775246746756], "aligned_model": [[-0.37647971873570374, -0.1595410785294506, -0.3649515940190559, 0.4205511469465533, 0.4887660692572035, 0.4189361078965941, -0.6582858914443327, 0.21183857361918632, -0.034369703002733516, -0.5107859472093018, 0.07149774275122434, 0.032534103898896216], [-0.12198586504346087, 0.6461783474439939, -0.2904492083818392, 0.518368034724819, -0.271150264727044, 0.35791714961559984, -0.5264114266019726, -0.5413216967086896, -0.5943002194654747, 0.2741550030244508, 0.3400997605060515, -0.06843804730159138], [-0.7822217006242622, -0.4908647161707024, 0.5257817651337514, -0.06436633232892325, -0.5892321555091348, -0.735091292455056, -0.18996101957249215, 0.2543155564532251, -0.4546048638711827, -0.11305347860278125, 0.4550889318293344, -0.17052597411816833]], "inverted": false, "swapped": false, "error_lsq": 0.06597550028498576, "error_max": 0.337593624933411, "target": "1086.xyz", "model": "9.xyz", "model_rescale": 3.833441315466971, "target_rescale": 3.784584015159106},
{"mapping": [8, 2, 1, 4, 7, 3, 10, 12, 11, 0, 5, 14], "R": [[0.3102806518610761, -0.6411048494056257, 0.7019333936701231], [0.9482446236223327, 0.15628328894962498, -0.2764193686528289], [0.0675133383266312, 0.7513721485812995, 0.6564159073973723]], "T": [-0.01909110484689701, -0.05391809164483322, -0.1582711386989705], "aligned_model": [[-0.39825574705622724, -0.1428776729854198, -0.12105435199260926, 0.5895525105370453, 0.405917733603952, 0.5594087055773348, -0.6992116131136392, 0.010486383660228263, 0.012012339918507593, -0.5705301093469904, -0.12067914409723056, 0.014940776724127608], [-0.16615939143970285, 0.5777766873871655, -0.09631026680415103, 0.3784247892856482, -0.25228597458869456, 0.4457627759100047, -0.4779903112948765, -0.570308675585921, -0.6309866262947414, -0.007766464692611538, 0.5301204450420162, -0.00761541983929271], [-0.8299819597338626, -0.4780974143860002, 0.5720817435645209, 0.12198796079885868, -0.6314853048403137, -0.5705560519402927, -0.3408991493543566, 0.15073694258915035, -0.5207094963327944, 0.23872761866593042, 0.16732686407894412, -0.23386703294617606]], "inverted": true, "swapped": false, "error_lsq": 0.051771212249522365, "error_max": 0.26819662325548055, "target": "1086.xyz", "model": "10.xyz", "model_rescale": 4.2482417240324, "target_rescale": 3.784584015159106},
{"mapping": [5, 2, 0, 8, 7, 3, 4, 10, 9, 6, 1, 11], "R": [[0.444881669589722, -0.3897348737989783, -0.8063417564581138], [0.44303446655599, -0.686696447148665, 0.5763405685155698], [-0.7783320380830477, -0.6136405443077366, -0.13283267999703186]], "T": [-0.04137120362372801, 0.040440502870463815, -0.1749703336968337], "aligned_model": [[-0.47511356194311083, -0.20684567781187965, -0.2161383463017157, 0.5467009922734112, 0.271456001663413, 0.5667391939039734, -0.6682884363163873, 0.18443185565849218, 0.18855206436449004, -0.6772322901698643, 0.09785127369863397, -0.07240325759037686], [-0.22611378218753903, 0.7037893868113372, -0.06524993943441577, 0.017657173604485724, -0.08104002978290846, 0.4974545311961753, -0.5701367791196379, -0.4632495721407038, -0.7089832111342692, 0.166694200597941, 0.5281866192724659, -0.07634703059808802], [-0.7272406932475587, -0.4584200522559283, 0.5544989611877577, -0.0002996685149295464, -0.7631351630719346, -0.45677088157414336, -0.17809224061467338, 0.15716164201241198, -0.42954898532315555, -0.1600431581608458, 0.3168298101636482, -0.20967485043704026]], "inverted": false, "swapped": false, "error_lsq": 0.056303609174755555, "error_max": 0.2840237782419509, "target": "1086.xyz", "model": "11.xyz", "model_rescale": 3.6694154284099745, "target_rescale": 3.784584015159106},
{"mapping": [9, 7, 1, 0, 6, 5, 8, 4, 11, 2, 12, 13], "R": [[0.050171771657965936, -0.9188707888702285, -0.39135567798321924], [-0.9973911134662252, -0.06646032213806174, 0.02817787003854666], [-0.051901446100326404, 0.3889209417636306, -0.9198079913494914]], "T": [-0.06071905278573135, 0.011917008789354085, -0.21320022678421396], "aligned_model": [[-0.5559869330143391, -0.08051109150245957, -0.10165952783879688, 0.5335100922781009, 0.42111249496705405, 0.49701383680530337, -0.6664089007627777, 0.21802235685522303, -0.05537339389541289, -0.563605737783156, -0.12273657678288986, 0.016333192103230268], [-0.11430023082349494, 0.4297570770042783, -0.07659369312454341, 0.04430303304918459, -0.11404681877763426, 0.5564214904335167, -0.4407401672972305, -0.6047124510286854, -0.5799933145928425, 0.019701325099117158, 0.6071872627186935, -0.0043219455755164615], [-0.8324458986531929, -0.8273527087193824, 0.6276108264558709, 0.18250260744218788, -0.48120453120580226, -0.40560523143466065, -0.24216814534857298, 0.0863827927382198, -0.6543830028665157, 0.20316254756552016, 0.10863148664790084, -0.11986602245796474]], "inverted": false, "swapped": false, "error_lsq": 0.058227410233762565, "error_max": 0.3403498235676758, "target": "1086.xyz", "model": "12.xyz", "model_rescale": 3.9764082729961374, "target_rescale": 3.784584015159106},
{"mapping": [3, 6, 10, 9, 0, 5, 3, 2, 7, 11, 12, 15], "R": [[0.2903065872452445, -0.37715976617157354, -0.8794729081577346], [0.9195861143647628, -0.1442992924416772, 0.36543001035540124], [-0.26473281562650414, -0.9148378134851198, 0.304939848737793]], "T": [-0.020378617807430815, 0.09346985219107964, -0.1707589948055176], "aligned_model": [[-0.6478998016237347, -0.21182826990504774, -0.31772427015340016, 0.5626999422822706, 0.5692151195051968, 0.6012573558105582, -0.6478998016237347, 0.24984251105318125, 0.08013238268321739, -0.7652677788166784, 0.12899146848765122, -0.06180904627040018], [-0.3911565605323609, 0.6317878416576009, 0.021206854482890586, 0.16230623116430284, -0.26324066699519044, 0.5248875323968818, -0.3911565605323609, -0.6205512779495203, -0.5334983910643284, 0.041701044672133786, 0.4801185443070267, 0.060256975477766844], [-0.45324412939883596, -0.6779271904050199, 0.5725515198190512, -0.04122107676142786, -0.3993301301788429, -0.5316903003812148, -0.45324412939883596, 0.06035543818419489, -0.5804443126442053, 0.09943505977084766, 0.31442643485359234, -0.2644024632956956]], "inverted": false, "swapped": false, "error_lsq": 0.052674601664690006, "error_max": 0.3670035653627704, "target": "1086.xyz", "model": "13.xyz", "model_rescale": 4.170626492500431, "target_rescale": 3.784584015159106},
{"mapping": [0, 1, 6, 11, 10, 9, 4, 12, 8, 2, 3, 13], "R": [[0.06906785927110598, -0.019599251017050012, -0.9974194203920824], [0.5998440414009805, 0.7997001285689658, 0.02582305873669405], [0.797130326114523, -0.6000796394865857, 0.0669900698775862]], "T": [-0.08777316874761118, -0.04223389781392317, -0.2252913337081684], "aligned_model": [[-0.506058239615468, -0.07588907036878456, -0.1342917831920343, 0.4479680159871454, 0.38569224109596245, 0.5470831973765572, -0.4550840569303979, 0.282240162605803, -0.07451393882504109, -0.7076160420206749, -0.13595152329074534, -0.033869151393242564], [0.10650445955005977, 0.5719491805947629, 0.02702511810488198, 0.15134747493294398, -0.19137752431625044, 0.423148002004372, -0.6364409921375942, -0.6625794644071799, -0.6465924552884983, 0.054824068484900304, 0.5669972077299078, -0.0421435081674634], [-0.6237545152765771, -0.6873004075341036, 0.6116844570135331, 0.19323857709341752, -0.49346103619191345, -0.41682075749733094, -0.10255677838321944, -0.10710658928227831, -0.656720609063973, -0.02703208205298449, 0.09406725881948075, -0.13897279748044297]], "inverted": true, "swapped": false, "error_lsq": 0.05781031324540051, "error_max": 0.3369621472295876, "target": "1086.xyz", "model": "14.xyz", "model_rescale": 3.9786697098870705, "target_rescale": 3.784584015159106},
{"mapping": [4, 0, 6, 9, 8, 3, 10, 7, 5, 1, 9, 11], "R": [[-0.8182248046688168, 0.3012528401008121, -0.48964772577422555], [0.012900238455673035, 0.8611182858280981, 0.5082409681049577], [0.5747536453755326, 0.4095387944306038, -0.7084745746911911]], "T": [-0.07013267379540093, -0.04951478706955102, -0.24719345853594005], "aligned_model": [[-0.42684595457918745, -0.24566807310687294, -0.14944579758328175, 0.3046220365416551, 0.3937933049794344, 0.5793302761092214, -0.7007455315664024, 0.038662073863525534, 0.18122703042545063, -0.6761123606469128, 0.3046220365416551, -0.0637292295492052], [-0.19969818035257358, 0.5843861438728514, 0.03527843243828109, 0.3276098017960124, -0.17162415118306745, 0.5615827193053711, -0.5849132544022265, -0.6042370974632499, -0.6400906575552527, 0.09703792970248527, 0.3276098017960124, -0.010279920869800466], [-0.7216566433939562, -0.47338479218438245, 0.5363084426260296, 0.07645792737549617, -0.45235221519915997, -0.4705920858956347, -0.15776810816704595, 0.09533079845034059, -0.7295812983743933, 0.021103041296653247, 0.07645792737549617, -0.15505827374583536]], "inverted": true, "swapped": false, "error_lsq": 0.06272940771566579, "error_max": 0.4315291207805334, "target": "1086.xyz", "model": "15.xyz", "model_rescale": 3.769337070930944, "target_rescale": 3.784584015159106},
{"mapping": [7, 2, 4, 3, 8, 6, 0, 9, 1, 10, 11], "R": [[0.7054208106055724, 0.2018073933570873, 0.6794521734095752], [-0.6344944098493588, -0.24745895461160397, 0.7322437501627764], [0.31590872706288387, -0.9476485855890623, -0.04651703340238264]], "T": [-0.19807554910562983, 0.020276445440907044, 0.016704295637355482], "aligned_model": [[-0.37743213951483073, -0.4138738694410504, -0.07760269214837814, -0.5754901104225435, 0.31344037198554886, 0.6270459506592481, 0.6388421010872074, 0.24074889911856348, 0.14327774265266005, -0.5030828548927002, -0.09324726839255434], [-0.06390716813676467, -0.6566146074576086, 0.6155319899305124, 0.3891583661170323, 0.2951043022101116, -0.24452386606810386, 0.1289083752318134, -0.3947102820303271, 0.43837600036186714, -0.006055210428919343, 0.09479659789572889], [-0.6297124305457054, 0.09940713080406227, -0.31397404311309474, 0.04315876499163511, -0.5453580593654124, -0.35461336176694913, 0.061195454090434656, 0.2500822658730134, 0.5536265669873759, 0.5888316456190117, -0.008426326350594912]], "inverted": true, "swapped": true, "error_lsq": 0.0538994884105246, "error_max": 0.291006651182906, "target": "1086.xyz", "model": "16.xyz", "model_rescale": 3.7852294659196426, "target_rescale": 3.784584015159106},
{"mapping": [9, 10, 3, 5, 7, 6, 8, 2, 11, 0, 4, 12], "R": [[-0.5103853228130709, 0.06635688153955593, 0.8573818207364456], [-0.7589533188115112, 0.43404069208266804, -0.48538493742738975], [-0.4043472296454991, -0.8984461263140622, -0.17116622327219294]], "T": [-0.023323594946380883, -0.06212046396238177, -0.08731778321241793], "aligned_model": [[-0.6951084074000771, -0.11764257713343644, -0.325637705848189, 0.45929212630125954, 0.6206261258068331, 0.5214799075320766, -0.4939416950859257, 0.2167166284642751, 0.06337952371946583, -0.6075042010070735, -0.045325375546750715, -0.05662453837337883], [-0.021566630797642317, 0.4946600704709605, -0.3294967056588872, 0.3624025877399081, -0.23435967655383264, 0.2725018825716906, -0.4828285850518361, -0.6040776769220089, -0.49165772299150323, 0.21538556932805433, 0.5868465828625965, -0.04514812791265663], [-0.6298326105526852, -0.6620824666737971, 0.597964271775495, 0.05078093053386404, -0.30431874165305695, -0.7026309268955517, -0.24772099989742014, 0.06351355138442458, -0.6754609517969378, 0.1305596518943196, 0.19578004241553312, -0.17128703037057985]], "inverted": false, "swapped": false, "error_lsq": 0.05771363134665678, "error_max": 0.3228219604931157, "target": "1086.xyz", "model": "17.xyz", "model_rescale": 3.901054581598922, "target_rescale": 3.784584015159106},
{"mapping": [7, 3, 4, 5, 9, 13, 6, 10, 11, 1, 8, 14], "R": [[-0.5003907387456143, 0.6109292084030579, 0.6134937741311086], [-0.4956845561316901, 0.37881651785096054, -0.7815336631366577], [-0.7098633174000106, -0.695171596171252, 0.11327189627867124]], "T": [-0.055639226789647216, 0.072826672462655, -0.20238585083280436], "aligned_model": [[-0.5793647507700143, -0.12167543686040222, -0.2311168145953781, 0.5092730293364621, 0.52701332122622, 0.4740455448900475, -0.5563831737353666, 0.2870478232701464, -0.01961673613133729, -0.7158247076400196, -0.0003055357204459, -0.03338275184083256], [-0.01190372620995006, 0.5659599473795757, -0.18772864328358935, 0.2652767251338928, -0.1861467780448735, 0.3856427789764773, -0.48358036342085836, -0.5677169595032112, -0.6294720583408004, 0.12419048227427809, 0.3994053394237507, 0.048734822700151226], [-0.600141251637766, -0.7819241857529192, 0.5234877700710451, -0.0182034219722661, -0.368633802871728, -0.5884976538856785, -0.2606306384681462, 0.1780391606979238, -0.5794930793571376, 0.014875372932123793, 0.3726818052377183, -0.24629535482956139]], "inverted": false, "swapped": false, "error_lsq": 0.04847353585208707, "error_max": 0.27078023621464636, "target": "1086.xyz", "model": "18.xyz", "model_rescale": 3.9405287249114394, "target_rescale": 3.784584015159106},
{"mapping": [4, 1, 5, 10, 14, 3, 7, 11, 13, 8, 2, 15], "R": [[0.6773921811204132, -0.2713434875152489, 0.6837488901197513], [0.09951699188010538, -0.887136823706536, -0.4506491144460553], [0.7288595209531565, 0.3733108193006744, -0.5739362603190313]], "T": [-0.12692526888638284, -0.03864512685537695, -0.3152732472407193], "aligned_model": [[-0.6496652663003029, -0.1310854875044873, -0.2961320753046783, 0.5639911109227655, 0.5859655971630182, 0.4778315435668798, -0.6372430119861014, 0.2880929276209399, 0.09047915072700305, -0.7697511200145628, 0.12325474419804139, -0.10602830165943605], [-0.12077392377463177, 0.6142947431463601, -0.002971960465135079, 0.12520418982458437, -0.26316021672738327, 0.4824341164304032, -0.5230741448405657, -0.442040156106764, -0.6572784759236983, 0.057497160663610644, 0.4731437971831807, -0.020613562325118243], [-0.8199144905377462, -0.41104194109525094, 0.4979666464070797, 0.021909187772519156, -0.5180503406198423, -0.61221468066161, -0.2922541996310073, 0.11396508846905662, -0.4614168174894524, 0.07177163543815618, 0.3410859084793632, -0.2865412763676576]], "inverted": false, "swapped": false, "error_lsq": 0.04708756684993772, "error_max": 0.20898278332560447, "target": "1086.xyz", "model": "19.xyz", "model_rescale": 4.410303926677745, "target_rescale": 3.784584015159106},
{"mapping": [10, 9, 7, 4, 6, 11, 5, 0, 3, 8, 12, 13], "R": [[-0.07863591278152252, 0.8629665532354251, -0.49910431897348584], [0.5546336215685264, 0.45388756065970004, 0.6974006223858478], [0.8283706531781516, -0.2219793014570442, -0.5143221273461265]], "T": [0.019949459062941675, -0.11919252113531963, -0.08874851783216388], "aligned_model": [[-0.40088918437054977, -0.31383122844401623, -0.20800100990984602, 0.6538077117893425, 0.48339371436135714, 0.34428468249937805, -0.6814401644991321, 0.3018731209126768, 0.10554786484778095, -0.7052188286654865, 0.01258631654775199, -0.052403183640177396], [0.0020927939251214195, 0.4397259864666534, 0.10502725719071394, 0.1805529542239364, -0.19397073785520288, 0.47214632562975634, -0.4260892906964827, -0.7557323294638979, -0.7195325716310793, 0.12142542539426497, 0.5923750098147182, -0.09535925591365928], [-0.7839597961864351, -0.3124833637904542, 0.5473467892282037, -0.029843845130161792, -0.42953212030392274, -0.5706804172107657, -0.42481055341600593, 0.08005756566305912, -0.48652663739161073, -0.0033580049622527613, 0.1648108841203909, -0.10575578045643635]], "inverted": false, "swapped": false, "error_lsq": 0.05521452244445286, "error_max": 0.308724988275607, "target": "1086.xyz", "model": "20.xyz", "model_rescale": 4.121658175737393, "target_rescale": 3.784584015159106},
{"mapping": [7, 5, 2, 6, 9, 8, 11, 10, 9, 3, 1, 12], "R": [[-0.8375695134072982, 0.5021169950490164, -0.21530404894847588], [-0.4703788193986588, -0.4623177824943434, 0.7516688328317442], [0.27788680514156394, 0.730849362914451, 0.623408479454487]], "T": [-0.05116949095931234, 0.03573989729320555, -0.13480794621704922], "aligned_model": [[-0.5456155152481537, -0.11996412195936476, -0.13875768354836956, 0.5253204613910726, 0.22279335053614935, 0.4662083934665544, -0.5051480411630076, 0.34585613330487436, 0.22279335053614935, -0.724712073208351, -0.07471700408147658, -0.13434743859699744], [-0.03894696616248154, 0.5704733947357469, 0.04275447701359865, 0.10163278876020358, -0.40207189004474936, 0.27810938254861295, -0.6764702003158425, -0.5937687704037211, -0.40207189004474936, 0.15192158574288278, 0.6054225563474349, 0.08567709890790699], [-0.6003861471557248, -0.5510181280304913, 0.6191753018723538, 0.15835058387422885, -0.6407012902415772, -0.4915715373954849, -0.38225340679299014, 0.09920601199712703, -0.6407012902415772, -0.010377611835682643, 0.26178006241673013, -0.17623782830330373]], "inverted": false, "swapped": false, "error_lsq": 0.0550430525030852, "error_max": 0.29969672855950075, "target": "1086.xyz", "model": "21.xyz", "model_rescale": 4.08911054899281, "target_rescale": 3.784584015159106},
{"mapping": [5, 11, 0, 2, 14, 15, 10, 13, 12, 6, 1, 16], "R": [[0.3274995101610126, -0.5474681348891146, 0.7700796790756985], [-0.9344923279227065, -0.0673231765733035, 0.3495592638590488], [-0.13952834800819927, -0.8341140396715029, -0.5336530791862715]], "T": [-0.027568891441819062, -0.04521357215826298, -0.1893944025163362], "aligned_model": [[-0.5219470054881554, -0.1524521086989048, -0.18279873698481375, 0.5547829127918126, 0.4461407509535412, 0.45167492871573955, -0.6219045194142903, 0.19671970225589402, 0.06768935110896156, -0.6867888437707321, 0.00992581008164337, -0.021332430121616657], [0.04078619184438044, 0.6181972905676718, -0.055117793047343114, 0.2882393501596087, -0.27535863897477986, 0.39795066166215937, -0.5086512207463094, -0.6050320402268955, -0.7263625733817525, -0.05687930142826701, 0.67207062965914, -0.06718098900277028], [-0.6853010216409903, -0.5502035480811313, 0.5694764690030233, 0.07693125166808101, -0.5560754749331496, -0.5141063373098095, -0.47771040347481075, 0.08084230034733736, -0.45759472203975515, 0.15825066614340066, 0.14838644721744682, -0.1476309067360347]], "inverted": false, "swapped": false, "error_lsq": 0.042238140394284446, "error_max": 0.23985558527296355, "target": "1086.xyz", "model": "22.xyz", "model_rescale": 4.204369325754507, "target_rescale": 3.784584015159106},
{"mapping": [4, 1, 5, 10, 14, 3, 7, 11, 13, 8, 2, 15], "R": [[0.6773921811204132, -0.2713434875152489, 0.6837488901197513], [0.09951699188010538, -0.887136823706536, -0.4506491144460553], [0.7288595209531565, 0.3733108193006744, -0.5739362603190313]], "T": [-0.12692526888638284, -0.03864512685537695, -0.3152732472407193], "aligned_model": [[-0.6496652663003029, -0.1310854875044873, -0.2961320753046783, 0.5639911109227655, 0.5859655971630182, 0.4778315435668798, -0.6372430119861014, 0.2880929276209399, 0.09047915072700305, -0.7697511200145628, 0.12325474419804139, -0.10602830165943605], [-0.12077392377463177, 0.6142947431463601, -0.002971960465135079, 0.12520418982458437, -0.26316021672738327, 0.4824341164304032, -0.5230741448405657, -0.442040156106764, -0.6572784759236983, 0.057497160663610644, 0.4731437971831807, -0.020613562325118243], [-0.8199144905377462, -0.41104194109525094, 0.4979666464070797, 0.021909187772519156, -0.5180503406198423, -0.61221468066161, -0.2922541996310073, 0.11396508846905662, -0.4614168174894524, 0.07177163543815618, 0.3410859084793632, -0.2865412763676576]], "inverted": false, "swapped": false, "error_lsq": 0.04708756684993772, "error_max": 0.20898278332560447, "target": "1086.xyz", "model": "23.xyz", "model_rescale": 4.410303926677745, "target_rescale": 3.784584015159106},
{"mapping": [1, 0, 13, 5, 4, 2, 11, 15, 10, 7, 12, 16], "R": [[0.7562404312524783, 0.5021421441659653, -0.41946832680367246], [0.5942183725660717, -0.2587446395182451, 0.7615482500968027], [0.27387029018130965, -0.8251693635690678, -0.4940552454766824]], "T": [-0.048610823814606526, -0.19140672388984276, -0.1257539266263751], "aligned_model": [[-0.6166661080891407, -0.0841661757071504, -0.35661438127240097, 0.49100270025609943, 0.4963245487820159, 0.4207058684986004, -0.5503014560783828, 0.4129309217135588, -0.04047443150590264, -0.6186226439635611, 0.03914345819639425, -0.05355248940105016], [-0.02116365088453942, 0.5335446139989415, 0.004454432116643509, 0.0929642524140935, -0.13512565534814, 0.43747383575971605, -0.5750750873508794, -0.567225444223433, -0.5780064630716895, 0.14958975290311471, 0.5194322059313559, -0.1382012251603409], [-0.7459682764054062, -0.3344814660916471, 0.4750445753610075, 0.02771406972423937, -0.5426019253116692, -0.5917421616596512, -0.16849246881799515, 0.26801465695589355, -0.6494507731514824, -0.09857260238410279, 0.23918858476834323, -0.23338749282392146]], "inverted": true, "swapped": false, "error_lsq": 0.047428112086037276, "error_max": 0.23210373419839078, "target": "1086.xyz", "model": "24.xyz", "model_rescale": 4.28219845311461, "target_rescale": 3.784584015159106},
{"mapping": [7, 13, 0, 14, 11, 12, 3, 8, 9, 4, 2, 15], "R": [[-0.5287468271613828, 0.3145294686297522, 0.7883514483593322], [0.6349246271320443, 0.762969782931836, 0.12144063650270256], [-0.5632916745594642, 0.5647551006378189, -0.6031203575370027]], "T": [0.008506978511016797, -0.10575136007670725, -0.15956353397571948], "aligned_model": [[-0.5440625110755781, -0.09135256656060203, -0.33046057781947014, 0.6017664472697699, 0.4894013231369309, 0.44466098636944484, -0.5828406659010398, 0.32914430181148596, -0.02762627896802526, -0.6886309716232613, -0.03396936568607477, -0.026320309524500783], [0.061014530304361506, 0.40881159185413996, -0.018974824722436626, 0.3484420942311218, -0.2027142497733, 0.24264464109994477, -0.5844294820468235, -0.5749217009908347, -0.357134446889789, 0.021829456417987406, 0.47248509379571313, -0.09439113619524189], [-0.6814850824230356, -0.4391516179408743, 0.5774066151504533, -0.011590111745127807, -0.39581741982120866, -0.6818755173976707, -0.30523633121425314, 0.2392057665503562, -0.7859616623630492, 0.020354188249846528, 0.20460454258319288, -0.09518864946502148]], "inverted": false, "swapped": false, "error_lsq": 0.04969428661082411, "error_max": 0.30864708994253043, "target": "1086.xyz", "model": "25.xyz", "model_rescale": 4.100010024507729, "target_rescale": 3.784584015159106},
{"mapping": [5, 2, 0, 8, 7, 3, 4, 10, 9, 6, 1, 11], "R": [[0.444881669589722, -0.3897348737989783, -0.8063417564581138], [0.44303446655599, -0.686696447148665, 0.5763405685155698], [-0.7783320380830477, -0.6136405443077366, -0.13283267999703186]], "T": [-0.04137120362372801, 0.040440502870463815, -0.1749703336968337], "aligned_model": [[-0.47511356194311083, -0.20684567781187965, -0.2161383463017157, 0.5467009922734112, 0.271456001663413, 0.5667391939039734, -0.6682884363163873, 0.18443185565849218, 0.18855206436449004, -0.6772322901698643, 0.09785127369863397, -0.07240325759037686], [-0.22611378218753903, 0.7037893868113372, -0.06524993943441577, 0.017657173604485724, -0.08104002978290846, 0.4974545311961753, -0.5701367791196379, -0.4632495721407038, -0.7089832111342692, 0.166694200597941, 0.5281866192724659, -0.07634703059808802], [-0.7272406932475587, -0.4584200522559283, 0.5544989611877577, -0.0002996685149295464, -0.7631351630719346, -0.45677088157414336, -0.17809224061467338, 0.15716164201241198, -0.42954898532315555, -0.1600431581608458, 0.3168298101636482, -0.20967485043704026]], "inverted": false, "swapped": false, "error_lsq": 0.056303609174755555, "error_max": 0.2840237782419509, "target": "1086.xyz", "model": "26.xyz", "model_rescale": 3.6694154284099745, "target_rescale": 3.784584015159106},
{"mapping": [6, 0, 11, 8, 7, 5, 12, 9, 3, 2, 4, 13], "R": [[0.05625919979090666, 0.95609363493644, -0.28761061119665365], [-0.9567299392887114, -0.030744742748273553, -0.2893485511661696], [-0.28548682230097033, 0.29144420053823045, 0.9129937306822682]], "T": [0.027244604102431284, 0.014277231715373945, -0.18625110116302712], "aligned_model": [[-0.49105863228642016, -0.17233806173408395, -0.5139464937901647, 0.5903433678419263, 0.45879556036993396, 0.42367170234102663, -0.5296657146317089, 0.23376685847642156, 0.049601867205451386, -0.5895777287229378, 0.10413537853789429, -0.02401829217825941], [-0.1293881098008132, 0.6050324460432929, -0.30595493394936285, 0.13465730382095625, -0.2519169200484024, 0.4658194589596658, -0.5489821315683879, -0.5589687714284063, -0.6835919104418483, 0.24854150120265547, 0.7114652761053895, 0.03594835819010396], [-0.6127630665289137, -0.4055873256566253, 0.3974774529446773, 0.0908510694256503, -0.5591223529776599, -0.7009681812357031, -0.13805774147458882, 0.11969188992897156, -0.5928344672084517, -0.022604811951377424, 0.2421729990639172, -0.17299074416628854]], "inverted": false, "swapped": false, "error_lsq": 0.056120713434388986, "error_max": 0.41708081429671034, "target": "1086.xyz", "model": "27.xyz", "model_rescale": 4.103607728864725, "target_rescale": 3.784584015159106},
{"mapping": [11, 10, 4, 0, 5, 9, 8, 1, 7, 13, 3, 14], "R": [[0.7526289679635598, -0.39463194941482427, 0.5270818352809763], [0.43915010062981197, 0.8972986378026224, 0.04474755540120899], [-0.4906086278276533, 0.19778973456328258, 0.8486356080217548]], "T": [-0.1234512369498873, 0.14530420328497629, -0.2510735191562755], "aligned_model": [[-0.5998018137645129, -0.12798404246207518, -0.48198930314747274, 0.5177583574087607, 0.42142002479923785, 0.5155593678904429, -0.4806709015756459, 0.35339675136189536, -0.031087884696506238, -0.7372982754417134, 0.2233232822287609, -0.03291575117209228], [-0.038215979808489786, 0.5979713306927612, -0.3267602769630369, 0.10403560007009405, -0.22493757779838108, 0.42180966124959657, -0.5875819457862012, -0.4590467028313717, -0.5338612920890842, 0.08026340689163239, 0.6091807637379358, 0.0798045797193881], [-0.710934045647734, -0.48526831359954464, 0.4346486320901214, 0.06011597210709824, -0.5691564360851926, -0.6815779961020585, -0.16417138735906317, 0.20744235886129525, -0.47531554603172166, -0.05400997333149549, 0.22652131129895237, -0.14302985603704876]], "inverted": true, "swapped": false, "error_lsq": 0.05218184436162409, "error_max": 0.3945677851019987, "target": "1086.xyz", "model": "28.xyz", "model_rescale": 4.137296879288765, "target_rescale": 3.784584015159106},
{"mapping": [3, 5, 1, 0, 9, 10, 2, 4, 8, 7, 11], "R": [[0.2844669369395122, 0.38579637835712743, 0.8776330191115056], [-0.7844681395069233, -0.4325558705440411, 0.44441552285719443], [0.5510792138039671, -0.8148966641878046, 0.17959712360945723]], "T": [0.1621503441371045, 0.09662636435511267, 0.02858865177632376], "aligned_model": [[0.36543868477771413, -0.028030890906615258, -0.11981877329696922, -0.5957636858770835, 0.004296397373290545, 0.6197486185960496, 0.6253209001765682, -0.26619085343943205, -0.5640413062072837, 0.1452973915999112, 0.03516252791374841], [-0.37808469152401064, -0.895770597463255, -0.25259942636560445, 0.27276075052725557, 0.5982796308805417, -0.0630991123896343, 0.641481506236664, -0.3695112867564643, 0.09372443266693924, 0.20559823882014996, 0.06636837201537032], [0.1405651021142292, -0.11261560474586683, -0.5863500419159253, -0.3011908407187509, -0.34913120341177944, -0.40285556080767465, 0.014585727739185716, 0.306852096919046, 0.3831732609458984, 0.6956353965954482, 0.01708568906918849]], "inverted": false, "swapped": true, "error_lsq": 0.04976398815915393, "error_max": 0.2468280230272765, "target": "1086.xyz", "model": "29.xyz", "model_rescale": 3.607286011436655, "target_rescale": 3.784584015159106},
