[{"mapping": [6, 11, 1, 2, 7, 10, 4, 0, 3, 5, 8, 12], "R": [[-0.22413659645609627, 0.9528353369332387, -0.20461575408652877], [0.014165436246823537, 0.21312063250603647, 0.9769231988320087], [0.9744547842486149, 0.21606576936560018, -0.06126546142352182]], "T": [0.03991696513451105, -0.13904253202563605, -0.0050479516792357945], "aligned_model": [[-0.4703120547686209, 0.13498950298319928, 0.4312096357334812, -0.12660247660173934, 0.11807400483600683, -0.3672521041785489, 0.40661505146175636, -0.32773223560801834, 0.5492429812855797, 0.14243005226520938, -0.6282810439265718, -0.02473885102118461], [-0.28935967155182674, -0.9393847314288688, -0.24637871616626017, 0.6418811678717948, 0.3789458286611945, -0.6353219972331684, -0.40684089733801176, -0.34523648339029533, 0.4596028327976906, 0.3174441083871357, 0.13996860869567124, -0.02176501332799813], [-0.3784588561891987, -0.06302810263175757, -0.6426340327946584, -0.018090207748917612, -0.6410861082025981, 0.11558064422120193, 0.48242541465746086, 0.6425341376301471, -0.06987204079783987, 0.5273253862821705, 0.20155862107553335, 0.025696889852019053]], "inverted": true, "swapped": true, "error_lsq": 0.059773348869311384, "error_max": 0.31146622091333415, "target": "1087.xyz", "model": "0.xyz", "model_rescale": 3.751011558992144, "target_rescale": 3.8807368661776227},
{"mapping": [11, 8, 3, 0, 6, 7, 5, 2, 12, 13, 9, 10, 14], "R": [[0.9710721726142841, -0.03171318393821089, 0.23667088865907226], [0.1267797779086334, -0.7714325967005173, -0.6235532348254915], [0.20235049663297433, 0.6355202771842909, -0.7450961372869882]], "T": [0.04560570770626759, -0.040528760744371464, -0.008398650690653611], "aligned_model": [[-0.6593372249274277, 0.6553736054360351, -0.014848170629365269, 0.14225326007968667, -0.549438354291957, -0.45521152501400197, 0.49753500164900183, 0.6806925634876603, -0.49771447751632225, 0.20123835939646895, -0.026730410771190503, -0.02183924936426574, 0.009155112955528857], [0.22705596449017912, -0.24898825140273095, 0.051383076825313276, -0.522434600198461, -0.40438268798945093, -0.3603067149295384, 0.38301131044790443, 0.06403155769138029, 0.2833351525603824, 0.5490105319117263, 0.5906258692243237, 0.21561723146159717, -0.00043255757559371166], [0.25272366830492987, 0.15017626470440493, -0.7642448203717066, -0.5862658768073125, 0.2695557145909985, -0.302679440455811, 0.07197403351538606, -0.5275035797853662, -0.39812989920151176, -0.40301757882639677, 0.16653259399418913, 0.7676774773866339, -0.01661211994140289]], "inverted": true, "swapped": false, "error_lsq": 0.05376614293467385, "error_max": 0.3313761664216547, "target": "1087.xyz", "model": "1.xyz", "model_rescale": 3.9405287249114394, "target_rescale": 3.8807368661776227},
{"mapping": [4, 6, 9, 5, 1, 2, 3, 11, 8, 10, 4, 7, 12], "R": [[-0.09829517902751955, 0.12079886682860358, 0.9877984063324224], [0.5779012613130177, -0.8011590053179518, 0.15548112544863404], [0.8101655324393723, 0.5861329900038692, 0.008940250351804346]], "T": [0.04655624307990691, -0.04000502206851117, -0.056313886534934736], "aligned_model": [[-0.4606803536463492, 0.5175069356331109, 0.043088804202226466, 0.07113790425014112, -0.4122370302996849, -0.40698870417683514, 0.23313544892153393, 0.5981216057975742, -0.3068858739640748, 0.3449125701090876, -0.4606803536463492, 0.23452208547458456, -0.03382454816511443], [0.3550704586735758, -0.18601750205531042, 0.21370617835151798, -0.5539953818079246, -0.427938058987827, -0.49715662834860597, 0.47013347596589694, -0.1679368646082723, 0.5258500983125283, 0.6054882066347049, 0.3550704586735758, 0.20586544363141784, -0.07061400191824543], [0.22354700987752368, 0.17225009632585167, -0.8218200659607553, -0.5694278430843636, 0.4596735392095904, -0.2787526808470312, 0.12186184508864312, -0.48877588874055344, -0.450745658515578, -0.5099757795040541, 0.22354700987752368, 0.6738411718913563, -0.07503631851111833]], "inverted": false, "swapped": false, "error_lsq": 0.05518765353342935, "error_max": 0.3377362093714004, "target": "1087.xyz", "model": "2.xyz", "model_rescale": 3.932901565614263, "target_rescale": 3.8807368661776227},
{"mapping": [9, 1, 4, 2, 10, 5, 3, 0, 7, 0, 8, 11, 13], "R": [[0.22080156256844874, 0.49673929105641246, -0.839343044701095], [-0.7739874537960459, 0.6128849689009737, 0.15910825327922667], [0.5934560567840264, 0.6145096350880315, 0.5197959378932556]], "T": [-0.04248883867097403, 0.05701013010859575, -0.03200047618330912], "aligned_model": [[-0.739980793021459, 0.5917669895926863, -0.0430910033741666, 0.32553975678363195, -0.08832759456636162, -0.6365776624959298, 0.2673981598629313, 0.4796603461197087, -0.3837243951464528, 0.4796603461197087, -0.22453729990578378, 0.056143257481100994, -0.12280161695976327], [0.2653923683388521, -0.31300539521268306, -0.05597263907615284, -0.4644904000626599, -0.48831517524122786, -0.18279557817595793, 0.45188602072635803, 0.1584849483132469, 0.5354327886724733, 0.1584849483132469, 0.6487102589020735, 0.13914254791016, -0.02542881089069758], [0.0673713296538335, 0.06586001761755919, -0.8982919605018332, -0.567530123483166, 0.4302381635952335, -0.35811606510093696, 0.06142627175161236, -0.43944791970917707, -0.4374787149541268, -0.43944791970917707, 0.3623801025470955, 0.8518743305184916, -0.018651075118373765]], "inverted": false, "swapped": false, "error_lsq": 0.05399033744945785, "error_max": 0.3204772563041914, "target": "1087.xyz", "model": "3.xyz", "model_rescale": 3.9243930471874484, "target_rescale": 3.8807368661776227},
{"mapping": [0, 8, 6, 11, 1, 5, 4, 10, 3, 10, 2, 7, 12], "R": [[0.32496671949946115, 0.7620228428619961, 0.5601051849200117], [0.9093728916589142, -0.4144047099136316, 0.03618950562392098], [0.25968745663520887, 0.4975840867209489, -0.8276306552493182]], "T": [0.07497942828601245, -0.04598084281653958, -0.10964056065897695], "aligned_model": [[-0.7177475284062399, 0.6340439619426457, -0.2496255632554087, 0.2316867355323427, -0.3123060803933622, -0.6106202689370684, 0.27920452070887486, 0.5987963085512797, -0.18233616221552484, 0.5987963085512797, -0.34787877359257147, 0.07997160352883231, -0.04085657152522827], [0.17365301973268463, -0.10783444564487649, 0.01547381558428762, -0.5829645231558713, -0.3702163802297202, -0.3197619502262868, 0.44621013206728477, 0.17478120929101346, 0.5312700346265834, 0.17478120929101346, 0.602683493471591, 0.16306918254596645, -0.07361891483663824], [0.10638557645350363, 0.173126742862263, -0.7518020973177386, -0.6693060217090123, 0.39537582623141754, -0.2788152046455842, 0.15190757125532353, -0.5267828766823422, -0.3409919854236926, -0.5267828766823422, 0.3919967687389335, 0.6644343220199904, -0.10855930799368488]], "inverted": false, "swapped": false, "error_lsq": 0.05265289901530487, "error_max": 0.35139184341131746, "target": "1087.xyz", "model": "4.xyz", "model_rescale": 3.8936222436046832, "target_rescale": 3.8807368661776227},
{"mapping": [0, 5, 8, 10, 9, 7, 3, 1, 11, 4, 6, 12], "R": [[0.08397371069622162, -0.027167868706944487, -0.9960975468405842], [-0.7548400293168696, -0.6543087008696966, -0.045789235712315635], [-0.6505112958687307, 0.7557393934923153, -0.07545212436407933]], "T": [-0.03961120839229361, -0.0707879827944012, 0.02415709672214259], "aligned_model": [[0.19219956975241992, -0.3966854727954604, -0.3904179994237576, 0.3973468058154553, -0.553732564139939, -0.620746418206861, -0.5527550385997817, 0.04025116829513657, 0.7500769185947167, 0.34733980517708146, -0.024978213938186278, -0.16035051831572655], [-0.43311066958606875, -0.6707129657963882, -0.008483632040147945, 0.10162460750598003, 0.44826748751341366, 0.34947662786303585, -0.3573777796945532, 0.3333763541615428, 0.09356115535997463, -0.6078557374140569, 0.5119095397816521, -0.09175208254457703], [-0.6177389046303406, -0.09790166515744686, -0.6392242680361461, -0.42968517683375085, -0.1042579019039444, 0.4298965773723501, 0.5500288718874842, 0.6577344091673275, 0.07242866585691238, 0.09926284825363693, -0.2632695399186384, -0.03798919678192553]], "inverted": true, "swapped": true, "error_lsq": 0.05614653337920109, "error_max": 0.33980112545834296, "target": "1087.xyz", "model": "5.xyz", "model_rescale": 3.6523030999806103, "target_rescale": 3.8807368661776227},
{"mapping": [1, 9, 4, 10, 6, 2, 7, 11, 3, 11, 5, 8, 12], "R": [[0.06646349902064375, -0.19988385809859105, -0.977562809526608], [0.32764338232406404, -0.921030478501038, 0.21060074000676376], [-0.9424608306540809, -0.334289247424699, 0.004275715033568828]], "T": [-0.0772885858641328, 0.05474100091318347, -0.004298640964303685], "aligned_model": [[-0.754640915595225, 0.6054227844329162, -0.09348697691870185, 0.19592147811329536, -0.30636202494074327, -0.6424955897473213, 0.2892550799354488, 0.5601580989764463, -0.28393275765975234, 0.5601580989764463, -0.1344984297723284, 0.05055165558897588, -0.08492201089960531], [0.13934043095490556, -0.11976322159292789, -0.07261069265503999, -0.6320030793029089, -0.5000293600835509, -0.21362144484135626, 0.6192787695840131, 0.2151589908329714, 0.5754725064139321, 0.2151589908329714, 0.5261128133072996, -0.08492345952262241, 0.1599546385893444], [0.12380921920797516, 0.15730685515295423, -0.5634504631016066, -0.2541223205797402, 0.24546057936855417, -0.4341058939035125, -0.12160553975354539, -0.5895308988216682, -0.4151241372395543, -0.5895308988216682, 0.48400370208458077, 0.6421174895761377, -0.005041256061871412]], "inverted": false, "swapped": false, "error_lsq": 0.05559775532161178, "error_max": 0.30823449197071073, "target": "1087.xyz", "model": "6.xyz", "model_rescale": 4.08911054899281, "target_rescale": 3.8807368661776227},
{"mapping": [9, 7, 10, 12, 1, 11, 4, 5, 8, 4, 3, 0, 14], "R": [[-0.3127054735106793, -0.713218307887369, 0.6273236263131974], [0.8564056625534492, 0.07395585054670434, 0.5109793276799965], [-0.410834063805388, 0.697029538444528, 0.5876777982474399]], "T": [0.02847576685051944, -0.07783410053561017, -0.0693332871605177], "aligned_model": [[-0.6924228981055431, 0.738163803886798, -0.11029260114041381, 0.15424536541935524, -0.4158065877256306, -0.4029435209096877, 0.3262810349712281, 0.6150577906875144, -0.2957958573209683, 0.3262810349712281, -0.04326582981044164, -0.10399170639675559, -0.13438153803683178], [0.16137490627726947, -0.3492898476262962, 0.012238901206568856, -0.5480248032449381, -0.4088628746017364, -0.35384068751103154, 0.5405525588813779, 0.05355481082193399, 0.4584706943051943, 0.5405525588813779, 0.5969616015272677, 0.1969962132459097, -0.07315814964586617], [0.12468082014086582, 0.07880054420990865, -0.770692747711432, -0.5900103743966849, 0.41126966643833895, -0.35608897594770006, -0.22983079940574108, -0.5374782570863971, -0.33835755014237545, -0.22983079940574108, 0.3380428781360999, 0.8203727599483701, -0.04069072767047653]], "inverted": true, "swapped": false, "error_lsq": 0.04697901277420586, "error_max": 0.2940341727989573, "target": "1087.xyz", "model": "7.xyz", "model_rescale": 3.964800864290218, "target_rescale": 3.8807368661776227},
{"mapping": [3, 7, 11, 9, 5, 10, 2, 12, 6, 4, 0, 1, 13], "R": [[-0.9914411378455962, -0.12065799547057968, 0.049860989926507254], [0.10955437537515614, -0.5611723364296908, 0.8204166305373151], [-0.07100921787760425, 0.8188572872943511, 0.5695879510851222]], "T": [-0.004550937034722568, 0.07589825778521314, -0.06081551004601303], "aligned_model": [[-0.6685368556993782, 0.6332793305964394, -0.04625576136061913, 0.11343207665421472, -0.4908670490568652, -0.5270872896687983, 0.393114501031745, 0.6085350122995781, -0.3029989835788812, 0.24693421478538938, -0.2144651805934221, 0.22465507806496227, -0.008610602984513431], [0.29799890520177913, -0.08315659010954701, 0.045328586082182376, -0.4829146361471954, -0.5103796837317851, -0.49337906145416094, 0.5779604818715529, -0.1474746211653299, 0.451955600346017, 0.5466719232014339, 0.6059243415673654, 0.02090899469763363, -0.0019183578429145531], [0.12827890535169867, 0.21254738066237827, -0.8881362019748412, -0.4450873992655824, 0.2839243011836134, -0.3401237751989444, 0.10772068863834779, -0.4414795521707913, -0.3864156663706385, -0.5193138954067834, 0.37296753870586835, 0.6516174164527576, -0.05631330350004805]], "inverted": true, "swapped": false, "error_lsq": 0.040921373018732374, "error_max": 0.21178077083169827, "target": "1087.xyz", "model": "8.xyz", "model_rescale": 4.121658175737393, "target_rescale": 3.8807368661776227},
{"mapping": [8, 5, 3, 10, 7, 11, 1, 0, 2, 0, 6, 9, 12], "R": [[-0.9958655772884633, -0.04640624764602831, -0.07809105039203693], [0.09070685584700577, -0.5543881605055485, -0.8273004495306558], [-0.004900844240197273, -0.8309634334137034, 0.5563054503193758]], "T": [-0.03929327871699834, 0.03334793168229671, -0.03281851290382619], "aligned_model": [[-0.7304907594994334, 0.44067510084505196, -0.2167031644407869, 0.20116694941677357, -0.3065747810036887, -0.47135474049070225, 0.22139449794087523, 0.5967960017139005, -0.25679410846600553, 0.5967960017139005, -0.2609958597646145, 0.1503064754705173, -0.0030931229459363607], [0.23563020230179638, -0.34431923160379574, -0.04501873775495047, -0.5107271924360882, -0.43101773546258143, -0.37794592950147315, 0.6680211342575513, 0.23909045117930822, 0.5193548363275041, 0.23909045117930822, 0.47989260518237936, 0.0421059940213716, 0.11336903482670183], [0.07618269479743908, 0.060539800447435094, -0.7977161459494565, -0.504668031921048, 0.37722543111396734, -0.2500564643672393, -0.09734389355032318, -0.44740829342693744, -0.4787300832342714, -0.44740829342693744, 0.44845881901562235, 0.7778386566759202, -0.036727759067135914]], "inverted": false, "swapped": false, "error_lsq": 0.05071793449512897, "error_max": 0.31233391129866994, "target": "1087.xyz", "model": "9.xyz", "model_rescale": 3.833441315466971, "target_rescale": 3.8807368661776227},
{"mapping": [1, 8, 3, 7, 12, 6, 13, 9, 5, 2, 0, 10, 14], "R": [[0.06250945166031235, 0.44614396648399346, 0.8927755202866263], [-0.571802127221793, -0.7171520033221035, 0.39841602808587673], [0.8180066599715186, -0.5353957090797637, 0.21027729059795658]], "T": [-0.08603019578869717, -0.031929177023129876, -0.08484254205202958], "aligned_model": [[-0.7302338742439044, 0.6589139120659095, 0.1460985053327317, 0.17553251804506828, -0.4434788934319879, -0.6922589721496787, 0.16380708527011142, 0.6302399427638692, -0.2819976302011703, 0.32893010305412385, -0.24946604963465616, 0.27790934968300174, -0.022867506063567383], [0.22370733026897555, -0.11684396910091123, -0.10533982598131879, -0.5719255566434518, -0.3456662672920228, -0.266491801864489, 0.7165385383989274, -0.06799370142475387, 0.5744783245127238, 0.41947729679865403, 0.4386873628795856, -0.031558212584517534, -0.03954363545036954], [0.17061886348332378, 0.12824691483364364, -0.9185385252994289, -0.3745024003525488, 0.2850486906819953, -0.2815570910419665, 0.02945511049903031, -0.46374433042242846, -0.3113417875206344, -0.45992973285397426, 0.3795191227646352, 0.6522476920082979, -0.1553360896729101]], "inverted": false, "swapped": false, "error_lsq": 0.04009413475247178, "error_max": 0.2687047855014011, "target": "1087.xyz", "model": "10.xyz", "model_rescale": 4.2482417240324, "target_rescale": 3.8807368661776227},
{"mapping": [8, 0, 4, 11, 2, 3, 5, 1, 10, 7, 6, 12], "R": [[-0.3594655739668715, 0.5414519596925302, -0.7600093923615595], [-0.6194902556541866, 0.4706226557539207, 0.6282882611036418], [0.6978655488574993, 0.6966664131679134, 0.1662515698619893]], "T": [0.0717349545646905, 0.04851103742884299, -0.04681572632354061], "aligned_model": [[-0.6457077412306211, -0.1953096231222112, 0.42575669345428224, 0.660006526987442, -0.5447263791739969, 0.08840510801193932, -0.23916298915717168, 0.552896491906722, 0.056753275974451206, -0.07817891921672307, -0.14720087488427097, -0.05676596718683527], [-0.17287865506532699, -0.6155679682043059, -0.23562527800280875, -0.44103285652387997, 0.5299704093639069, 0.7394166132509777, 0.12976888766451214, 0.49689616552689464, -0.5534939801998046, 0.7934681962100637, -0.08974302957291794, 0.0849528856033285], [-0.10412762886188603, 0.2442696745223457, 0.4407792864833897, -0.30610601629973777, 0.11415926292027068, 0.3331356091982064, 0.584888308209381, -0.4190809183649308, -0.29979146586668237, -0.3654529232168572, -0.6429008832722467, -0.014580015596896062]], "inverted": true, "swapped": true, "error_lsq": 0.05726242721957291, "error_max": 0.31944469841491757, "target": "1087.xyz", "model": "11.xyz", "model_rescale": 3.6694154284099745, "target_rescale": 3.8807368661776227},
{"mapping": [7, 1, 11, 4, 5, 6, 2, 3, 9, 8, 10, 12, 13], "R": [[-0.2612777711100295, -0.6625011636757884, 0.7020157651021814], [0.19006106327763395, -0.748350556404144, -0.6354905482817059], [0.9463671161602933, -0.0326136912635524, 0.3214430409771153]], "T": [-0.0601476505523463, -0.0035105175828769597, -0.05331525465224863], "aligned_model": [[-0.7358316136315376, 0.7298740903339614, -0.2624160502069881, 0.31701651089411786, -0.5869747402040547, -0.41238232390070967, 0.4691943402865707, 0.6976646425907606, -0.4112841621046472, 0.25529121410004085, -0.15548406441451032, 0.05301620945853352, 0.0034444372883140548], [0.25530211871833164, -0.2172144242066078, 0.02319370253563538, -0.4493966469617879, -0.3905994461109629, -0.40312227982635246, 0.35529880493259014, 0.020161485549731406, 0.620670191518069, 0.5062122299601348, 0.5546754163762613, 0.057769630382207865, -0.10542490035021888], [0.11589621008333137, 0.16271664883028153, -0.7628242595535862, -0.5078605270929272, 0.41271711707397674, -0.24330474862890455, 0.07846676310055559, -0.46124792707773155, -0.41634123103852594, -0.5151365346027351, 0.2345531504055295, 0.6139232218457004, -0.03137144623792936]], "inverted": true, "swapped": false, "error_lsq": 0.05104069141246662, "error_max": 0.3318598231051823, "target": "1087.xyz", "model": "12.xyz", "model_rescale": 3.9764082729961374, "target_rescale": 3.8807368661776227},
{"mapping": [8, 6, 0, 4, 3, 7, 12, 5, 1, 9, 10, 11, 15], "R": [[-0.9919851867243018, -0.02870091559238168, -0.1230513988693795], [-0.014382107289970969, 0.9931788847533428, -0.11571023234790524], [0.12553304070822116, -0.11301309802082869, -0.9856315210900486]], "T": [0.06667976273061726, 0.07997392380029494, -0.06685382125512986], "aligned_model": [[-0.5768268126566374, 0.6748502831040233, -0.11622708642490026, 0.2082539057047067, -0.4301980491270602, -0.41089473546601957, 0.3384569224171518, 0.6735724019754669, -0.23399362147222813, 0.19822717765591774, -0.23924877662210509, -0.17640738048351318, 0.051564261885048535], [0.1553752501136592, -0.34280251866085093, -0.042506396853766365, -0.5147173837089571, -0.4557612067814912, -0.4019762617136686, 0.6543350711685525, -0.0013599531068053533, 0.6267693828722594, 0.37694740928911274, 0.6820095326594313, 0.11735059818620466, -0.026137640946648638], [0.21575326300162068, 0.12035596360631808, -0.758700328138514, -0.44389855678835016, 0.3509305217469202, -0.3995403347754059, -0.00803220265442628, -0.6394706484025685, -0.1848911891997066, -0.572819386348957, 0.3691596572445423, 0.6881669226752957, -0.05682724485973352]], "inverted": true, "swapped": false, "error_lsq": 0.046643957767028205, "error_max": 0.2883559622712534, "target": "1087.xyz", "model": "13.xyz", "model_rescale": 4.170626492500431, "target_rescale": 3.8807368661776227},
{"mapping": [9, 4, 6, 2, 1, 3, 12, 4, 11, 5, 10, 7, 13], "R": [[0.5597837875328617, 0.713328910109505, -0.4216680889246303], [0.07350366844081191, 0.464117157726343, 0.8827187970298154], [0.8253722323540498, -0.5251258229281881, 0.207372968713104]], "T": [0.00779398371297646, -0.03535188630168211, -0.0221391553863554], "aligned_model": [[-0.6934910731671186, 0.704600390588514, -0.02506600211359744, 0.19888510303164159, -0.5520598999529572, -0.5130055947499582, 0.3996547577979691, 0.704600390588514, -0.3998539362843676, 0.21555100768830932, -0.0721909904331062, 0.008922524585307005, -0.015418187089298738], [0.29150323362503355, -0.08020401082022642, 0.02773655715456469, -0.5942171704001481, -0.36816017420694164, -0.2934841324934209, 0.5826482850211966, -0.08020401082022642, 0.4209856922857995, 0.5794275368933026, 0.4056235756850975, -0.09029244660127794, 0.026162947194278877], [0.21800962774246413, -0.14668733424255748, -0.860249730826036, -0.3121149226211795, 0.3860479859362091, -0.39309622430231594, -0.03720710695835, -0.14668733424255748, -0.3760301538899888, -0.6594013527283771, 0.32060178294932995, 0.7868170017187587, -0.09981580142836474]], "inverted": false, "swapped": false, "error_lsq": 0.05458906367966365, "error_max": 0.390913875936854, "target": "1087.xyz", "model": "14.xyz", "model_rescale": 3.9786697098870705, "target_rescale": 3.8807368661776227},
{"mapping": [3, 4, 2, 7, 5, 8, 11, 10, 9, 1, 0, 12], "R": [[0.4589374115634626, 0.4549270081876969, -0.7631630687401092], [-0.8373971131900899, 0.5085131586022775, -0.20045059827608233], [0.2968880716504678, 0.73106482937543, 0.6143302761234712]], "T": [-0.04245862479607896, -0.05111236628820099, 0.0334904957050083], "aligned_model": [[0.13240223840910728, -0.681617972247442, 0.5477492430443452, 0.6287981476663246, -0.11455487644101972, 0.3395806445867189, -0.568293494454193, -0.23436771190234937, 0.6912134402342015, 0.07577410665332318, -0.37943689474354936, 0.046107725961869066], [-0.3999075383944746, -0.0010156285866036244, 0.1361612100536451, -0.49673092330270674, 0.29049498807110585, 0.5965342568153027, -0.23863501908477558, 0.27370709015544664, -0.03062617773830561, -0.7832469704157826, 0.639957225265378, 0.027981977386209618], [-0.6518977391789307, -0.14756026873657296, -0.4708148982027186, -0.1391462567066244, -0.5832889647401005, 0.0737635648375962, 0.6176831574552576, 0.5666831810848248, 0.14089337572832922, 0.1789104529853946, 0.11038593115781697, -0.03564504181044209]], "inverted": false, "swapped": true, "error_lsq": 0.050783318198099885, "error_max": 0.22668155718675898, "target": "1087.xyz", "model": "15.xyz", "model_rescale": 3.769337070930944, "target_rescale": 3.8807368661776227},
{"mapping": [2, 3, 8, 5, 9, 7, 6, 1, 10, 4, 12], "R": [[0.7481995102269152, 0.6152857912915192, 0.24823554928932617], [-0.6521707116676986, 0.7508048347629297, 0.10471610639943438], [-0.12194611817951467, -0.24024049436216818, 0.9630231820312369]], "T": [-0.02201124400419615, 0.07765212838472665, 0.19361518818963366], "aligned_model": [[-0.24978402420112658, -0.3844548102156219, -0.05842996085860854, -0.6859360673921964, 0.3773896007353277, 0.2888251357177533, 0.5396070852150355, 0.41524476565473467, 0.21627258932884943, -0.4667781068916845, -0.06933007640129193], [0.013664769517700431, -0.5328516024398562, 0.6675329765059024, 0.13138313292842063, 0.11366763170545481, -0.4242094162888842, 0.3652319051914943, -0.5297774446307802, 0.6031930227539748, 0.07118873199816493, 0.11704079038375059], [-0.569120564537099, -0.1497669342978922, -0.2730070722607142, -0.04851528267372843, -0.43041334505729323, -0.381259351370728, 0.03789966857015642, 0.29841746471936537, 0.49965244059288105, 0.6895530835475585, 0.07077749999127127]], "inverted": false, "swapped": true, "error_lsq": 0.045184624351069354, "error_max": 0.2316651452975839, "target": "1087.xyz", "model": "16.xyz", "model_rescale": 3.7852294659196426, "target_rescale": 3.8807368661776227},
{"mapping": [3, 10, 7, 11, 8, 2, 4, 6, 1, 5, 0, 0, 12], "R": [[0.3698740824179886, -0.9187833564304546, 0.13795037912901537], [0.8856113802093264, 0.39354638277682374, 0.2466043954332725], [-0.2808658868556006, 0.03095785117972262, 0.9592476036202287]], "T": [-0.04431702948113638, 0.025140005682205653, -0.09163748318443657], "aligned_model": [[-0.7306638634466667, 0.7338235946112629, 0.0533235595573257, 0.030097143320560814, -0.3156010037418569, -0.515699783025938, 0.25255516340442546, 0.6784654921027958, -0.3776741844387558, 0.24594137441861294, -0.05609346335530898, -0.05609346335530898, 0.01874792443870304], [0.31088516617582784, -0.08262144481890932, -0.10732001905594807, -0.6664099751500847, -0.45798012844846686, -0.1462394164722633, 0.6368667638821544, -0.11409249945878816, 0.5199119371039135, 0.49638720130115566, 0.23645140885504518, 0.23645140885504518, -0.03476452025164973], [0.19080383447734386, 0.0876380427585289, -0.7730680830220218, -0.32434594742751377, 0.2507159198355118, -0.4416580745112755, 0.10696755069711825, -0.5872108600994201, -0.43562570589397065, -0.4464404568856555, 0.5571737083289763, 0.5571737083289763, -0.06193719947956298]], "inverted": true, "swapped": false, "error_lsq": 0.04833663159539576, "error_max": 0.3157569021626454, "target": "1087.xyz", "model": "17.xyz", "model_rescale": 3.901054581598922, "target_rescale": 3.8807368661776227},
{"mapping": [11, 8, 3, 0, 6, 7, 5, 2, 12, 13, 9, 10, 14], "R": [[0.9710721726142841, -0.03171318393821089, 0.23667088865907226], [0.1267797779086334, -0.7714325967005173, -0.6235532348254915], [0.20235049663297433, 0.6355202771842909, -0.7450961372869882]], "T": [0.04560570770626759, -0.040528760744371464, -0.008398650690653611], "aligned_model": [[-0.6593372249274277, 0.6553736054360351, -0.014848170629365269, 0.14225326007968667, -0.549438354291957, -0.45521152501400197, 0.49753500164900183, 0.6806925634876603, -0.49771447751632225, 0.20123835939646895, -0.026730410771190503, -0.02183924936426574, 0.009155112955528857], [0.22705596449017912, -0.24898825140273095, 0.051383076825313276, -0.522434600198461, -0.40438268798945093, -0.3603067149295384, 0.38301131044790443, 0.06403155769138029, 0.2833351525603824, 0.5490105319117263, 0.5906258692243237, 0.21561723146159717, -0.00043255757559371166], [0.25272366830492987, 0.15017626470440493, -0.7642448203717066, -0.5862658768073125, 0.2695557145909985, -0.302679440455811, 0.07197403351538606, -0.5275035797853662, -0.39812989920151176, -0.40301757882639677, 0.16653259399418913, 0.7676774773866339, -0.01661211994140289]], "inverted": true, "swapped": false, "error_lsq": 0.05376614293467385, "error_max": 0.3313761664216547, "target": "1087.xyz", "model": "18.xyz", "model_rescale": 3.9405287249114394, "target_rescale": 3.8807368661776227},
{"mapping": [9, 1, 14, 12, 7, 13, 2, 3, 11, 10, 5, 8, 15], "R": [[-0.05533832181517679, 0.9719248796285732, 0.22869127333080166], [-0.9419641421422279, -0.12677600153353513, 0.3108559157446195], [0.331121163710411, -0.1982167343948351, 0.9225339566373212]], "T": [0.025210328749458003, -0.1125824783052742, -0.04233014251087353], "aligned_model": [[-0.6506369384600416, 0.6767947927658159, -0.05071090249473134, 0.21381044311049316, -0.5233904802421072, -0.5159185777666088, 0.43276706317079605, 0.675455445793847, -0.3883799164956801, 0.21986628129180688, -0.12019245160009998, -0.048583622886069544, 0.04024735430243091], [0.17675901288325352, -0.12233799396337076, -0.04598853201722068, -0.5272159784058313, -0.34997446161006135, -0.23595292863328826, 0.646177041019365, -0.08370327178011476, 0.3923812903838945, 0.4851526564193522, 0.5674816819772722, 0.000755934278515738, -0.07600856803473419], [0.1779465467660118, 0.06189048954535114, -0.8101453384013533, -0.3467116788542571, 0.3295673535519025, -0.420865588526905, 0.07388854391735866, -0.5916714517753154, -0.3475643202320365, -0.5142684920885381, 0.4133379517470861, 0.701968864925625, -0.04718644346789512]], "inverted": true, "swapped": false, "error_lsq": 0.038497069934485, "error_max": 0.1949211599762957, "target": "1087.xyz", "model": "19.xyz", "model_rescale": 4.410303926677745, "target_rescale": 3.8807368661776227},
{"mapping": [3, 7, 11, 9, 5, 10, 2, 12, 6, 4, 0, 1, 13], "R": [[-0.9914411378455962, -0.12065799547057968, 0.049860989926507254], [0.10955437537515614, -0.5611723364296908, 0.8204166305373151], [-0.07100921787760425, 0.8188572872943511, 0.5695879510851222]], "T": [-0.004550937034722568, 0.07589825778521314, -0.06081551004601303], "aligned_model": [[-0.6685368556993782, 0.6332793305964394, -0.04625576136061913, 0.11343207665421472, -0.4908670490568652, -0.5270872896687983, 0.393114501031745, 0.6085350122995781, -0.3029989835788812, 0.24693421478538938, -0.2144651805934221, 0.22465507806496227, -0.008610602984513431], [0.29799890520177913, -0.08315659010954701, 0.045328586082182376, -0.4829146361471954, -0.5103796837317851, -0.49337906145416094, 0.5779604818715529, -0.1474746211653299, 0.451955600346017, 0.5466719232014339, 0.6059243415673654, 0.02090899469763363, -0.0019183578429145531], [0.12827890535169867, 0.21254738066237827, -0.8881362019748412, -0.4450873992655824, 0.2839243011836134, -0.3401237751989444, 0.10772068863834779, -0.4414795521707913, -0.3864156663706385, -0.5193138954067834, 0.37296753870586835, 0.6516174164527576, -0.05631330350004805]], "inverted": true, "swapped": false, "error_lsq": 0.040921373018732374, "error_max": 0.21178077083169827, "target": "1087.xyz", "model": "20.xyz", "model_rescale": 4.121658175737393, "target_rescale": 3.8807368661776227},
{"mapping": [1, 9, 4, 10, 6, 2, 7, 11, 3, 11, 5, 8, 12], "R": [[0.06646349902064375, -0.19988385809859105, -0.977562809526608], [0.32764338232406404, -0.921030478501038, 0.21060074000676376], [-0.9424608306540809, -0.334289247424699, 0.004275715033568828]], "T": [-0.0772885858641328, 0.05474100091318347, -0.004298640964303685], "aligned_model": [[-0.754640915595225, 0.6054227844329162, -0.09348697691870185, 0.19592147811329536, -0.30636202494074327, -0.6424955897473213, 0.2892550799354488, 0.5601580989764463, -0.28393275765975234, 0.5601580989764463, -0.1344984297723284, 0.05055165558897588, -0.08492201089960531], [0.13934043095490556, -0.11976322159292789, -0.07261069265503999, -0.6320030793029089, -0.5000293600835509, -0.21362144484135626, 0.6192787695840131, 0.2151589908329714, 0.5754725064139321, 0.2151589908329714, 0.5261128133072996, -0.08492345952262241, 0.1599546385893444], [0.12380921920797516, 0.15730685515295423, -0.5634504631016066, -0.2541223205797402, 0.24546057936855417, -0.4341058939035125, -0.12160553975354539, -0.5895308988216682, -0.4151241372395543, -0.5895308988216682, 0.48400370208458077, 0.6421174895761377, -0.005041256061871412]], "inverted": false, "swapped": false, "error_lsq": 0.05559775532161178, "error_max": 0.30823449197071073, "target": "1087.xyz", "model": "21.xyz", "model_rescale": 4.08911054899281, "target_rescale": 3.8807368661776227},
{"mapping": [15, 6, 12, 10, 11, 9, 4, 7, 3, 13, 2, 1, 16], "R": [[-0.028549525986903357, -0.31636845704098976, -0.9482066884152561], [0.32366705499573084, -0.9004145227361339, 0.29067735507990766], [-0.9457402191280192, -0.2986045656639623, 0.128104454599841]], "T": [-0.004720738220030626, -0.007985607328484967, -0.04129708636977856], "aligned_model": [[-0.6530530886975497, 0.6409678759597172, -0.07313606010414074, 0.2401274136242097, -0.40127970284230496, -0.41310500729124155, 0.2153660759281794, 0.5672372205186751, -0.23753534148535096, 0.236082121406054, -0.22295234358995256, 0.032114689951840934, 0.030294637111715338], [0.14534480828633392, -0.35728036273058683, 0.018198506094398142, -0.5908052057929921, -0.4024949588626259, -0.41841242558543495, 0.6518786371957215, -0.052788897767583, 0.7273507698940601, 0.4039021252304006, 0.5710908452766144, 0.1083137430853872, 0.023228298193338364], [0.2547805468041166, 0.08771266488411475, -0.7758739999532619, -0.542800932216515, 0.48119347755292874, -0.4564111998291595, 0.008029974198922728, -0.4615981054153151, -0.44049202137536186, -0.49856335955383735, 0.33058899542034886, 0.7429962220236729, -0.04937582543361943]], "inverted": false, "swapped": false, "error_lsq": 0.03575511270891876, "error_max": 0.23166474648434895, "target": "1087.xyz", "model": "22.xyz", "model_rescale": 4.204369325754507, "target_rescale": 3.8807368661776227},
{"mapping": [9, 1, 14, 12, 7, 13, 2, 3, 11, 10, 5, 8, 15], "R": [[-0.05533832181517679, 0.9719248796285732, 0.22869127333080166], [-0.9419641421422279, -0.12677600153353513, 0.3108559157446195], [0.331121163710411, -0.1982167343948351, 0.9225339566373212]], "T": [0.025210328749458003, -0.1125824783052742, -0.04233014251087353], "aligned_model": [[-0.6506369384600416, 0.6767947927658159, -0.05071090249473134, 0.21381044311049316, -0.5233904802421072, -0.5159185777666088, 0.43276706317079605, 0.675455445793847, -0.3883799164956801, 0.21986628129180688, -0.12019245160009998, -0.048583622886069544, 0.04024735430243091], [0.17675901288325352, -0.12233799396337076, -0.04598853201722068, -0.5272159784058313, -0.34997446161006135, -0.23595292863328826, 0.646177041019365, -0.08370327178011476, 0.3923812903838945, 0.4851526564193522, 0.5674816819772722, 0.000755934278515738, -0.07600856803473419], [0.1779465467660118, 0.06189048954535114, -0.8101453384013533, -0.3467116788542571, 0.3295673535519025, -0.420865588526905, 0.07388854391735866, -0.5916714517753154, -0.3475643202320365, -0.5142684920885381, 0.4133379517470861, 0.701968864925625, -0.04718644346789512]], "inverted": true, "swapped": false, "error_lsq": 0.038497069934485, "error_max": 0.1949211599762957, "target": "1087.xyz", "model": "23.xyz", "model_rescale": 4.410303926677745, "target_rescale": 3.8807368661776227},
{"mapping": [1, 5, 9, 8, 3, 10, 13, 15, 11, 14, 7, 0, 16], "R": [[-0.7806017092096276, 0.36846042390440126, 0.5048741304475775], [0.3894606403907632, 0.918516015191132, -0.06818166486542596], [-0.4888572196106192, 0.1434058780301337, -0.8604960040470739]], "T": [0.07844856610601848, 0.09183184035316261, -0.07597111891325911], "aligned_model": [[-0.7182133401375809, 0.5788636664999004, 0.02375684428917897, 0.0664768464736817, -0.4071626036918372, -0.3858816837439505, 0.38357154756078987, 0.5997259066987356, -0.3309537096002008, 0.31869473620946875, -0.19286839999506966, 0.023007677098291726, 0.002111002828443259], [0.16425371867112362, -0.2200964333209789, -0.015233994071592039, -0.5965431352183191, -0.49520952293975307, -0.2604614423105324, 0.7158497812056444, -0.04885156896425133, 0.4366248409577276, 0.5063473824613309, 0.5755406118330124, 0.0329761418122372, 0.03232950240138181], [0.2345449487089342, 0.14286103779224785, -0.6907602748781515, -0.5250849554741702, 0.40237521397204135, -0.36592078409657736, 0.03214085781234191, -0.5426533484465494, -0.413949002792415, -0.5541014705079169, 0.29055831371317187, 0.6749270936704841, -0.004751192366406143]], "inverted": false, "swapped": false, "error_lsq": 0.03480526752068662, "error_max": 0.17676396937511335, "target": "1087.xyz", "model": "24.xyz", "model_rescale": 4.28219845311461, "target_rescale": 3.8807368661776227},
{"mapping": [7, 8, 2, 0, 3, 4, 11, 6, 13, 14, 9, 5, 15], "R": [[0.8991024275081333, -0.35346032688494705, -0.25822591304392384], [-0.3089387658660862, -0.09446006972171075, -0.9463794874009627], [0.3101155652238715, 0.9306680893565417, -0.19412687515983665]], "T": [-0.0142761830289812, 0.12858369928581165, -0.0779482312349479], "aligned_model": [[-0.7831142741271391, 0.5851230684702928, -0.0034463356421833118, 0.10005609814754649, -0.432536041689609, -0.5005250163327688, 0.26184390616472464, 0.6908679786188778, -0.38588770083129226, 0.4133669459594763, -0.31972583811149646, 0.34453801670748857, -0.009432316844066178], [0.21495094836857048, -0.13054044228562, 0.07231550941381899, -0.5553477460121949, -0.31626112603368095, -0.3738937266550249, 0.5493102794416197, -0.21496952285962673, 0.4579045545858224, 0.5636272716876547, 0.44326343762846265, 0.050072105212719015, 0.06709434002451126], [0.005566400492923146, 0.15768129468615266, -0.7602213653989917, -0.507738970606281, 0.39872473514712625, -0.29178714620668145, 0.12995538187134884, -0.5217274892095026, -0.4040910083098611, -0.5340217661341269, 0.43639684200425655, 0.6904064919090699, -0.11895696313839738]], "inverted": true, "swapped": false, "error_lsq": 0.03990587027317248, "error_max": 0.28027484214226406, "target": "1087.xyz", "model": "25.xyz", "model_rescale": 4.100010024507729, "target_rescale": 3.8807368661776227},
{"mapping": [8, 0, 4, 11, 2, 3, 5, 1, 10, 7, 6, 12], "R": [[-0.3594655739668715, 0.5414519596925302, -0.7600093923615595], [-0.6194902556541866, 0.4706226557539207, 0.6282882611036418], [0.6978655488574993, 0.6966664131679134, 0.1662515698619893]], "T": [0.0717349545646905, 0.04851103742884299, -0.04681572632354061], "aligned_model": [[-0.6457077412306211, -0.1953096231222112, 0.42575669345428224, 0.660006526987442, -0.5447263791739969, 0.08840510801193932, -0.23916298915717168, 0.552896491906722, 0.056753275974451206, -0.07817891921672307, -0.14720087488427097, -0.05676596718683527], [-0.17287865506532699, -0.6155679682043059, -0.23562527800280875, -0.44103285652387997, 0.5299704093639069, 0.7394166132509777, 0.12976888766451214, 0.49689616552689464, -0.5534939801998046, 0.7934681962100637, -0.08974302957291794, 0.0849528856033285], [-0.10412762886188603, 0.2442696745223457, 0.4407792864833897, -0.30610601629973777, 0.11415926292027068, 0.3331356091982064, 0.584888308209381, -0.4190809183649308, -0.29979146586668237, -0.3654529232168572, -0.6429008832722467, -0.014580015596896062]], "inverted": true, "swapped": true, "error_lsq": 0.05726242721957291, "error_max": 0.31944469841491757, "target": "1087.xyz", "model": "26.xyz", "model_rescale": 3.6694154284099745, "target_rescale": 3.8807368661776227},
{"mapping": [5, 11, 3, 9, 8, 7, 2, 12, 1, 6, 0, 4, 13], "R": [[-0.08107122086272033, 0.5513726860453227, -0.8303105552930147], [0.3767494795826895, 0.7881992864403126, 0.4866227640474244], [0.9227606877094413, -0.27336796801774105, -0.2716296509585261]], "T": [-0.02189422485335512, -0.015032097018422258, -0.03339225955380613], "aligned_model": [[-0.7551542449265107, 0.8217127912625091, -0.06242795078457521, 0.1690064027168712, -0.3277401794819856, -0.484507248127419, 0.4712494614266638, 0.5992789154256899, -0.4417791599500581, 0.17105416452058758, -0.17361441597909072, -0.04418234920731184, 0.018232303594480755], [0.2621400093425569, -0.1703933564174159, -0.16563813410467587, -0.6206694384077638, -0.46620879819765937, -0.2176642391468829, 0.40695118047580525, 0.015228718723263562, 0.6761074095114848, 0.4801030951516091, 0.5463428318248065, 0.05983887201620168, 0.02138773174570205], [0.07377054247602068, -0.01427287977205803, -0.8261759999198971, -0.28163386883495956, 0.3001568804246572, -0.4089690564836825, 0.16876872679288513, -0.5263030285414264, -0.3878911699727004, -0.46790634714722273, 0.2808886911959519, 0.7847936286143568, -0.015039681724889765]], "inverted": true, "swapped": false, "error_lsq": 0.047250427171551264, "error_max": 0.32760571320248527, "target": "1087.xyz", "model": "27.xyz", "model_rescale": 4.103607728864725, "target_rescale": 3.8807368661776227},
{"mapping": [4, 10, 5, 6, 13, 7, 3, 9, 1, 0, 2, 12, 14], "R": [[-0.8342507058495648, -0.5504072561779723, 0.032827003155014134], [-0.06455376999256746, 0.03837107901578435, -0.9971762487519003], [0.547593435469464, -0.8340140961889079, -0.06754196317068045]], "T": [0.038319868302702474, -0.12074773704121029, -0.04850507446192902], "aligned_model": [[-0.7332256931832113, 0.5021570359552698, 0.03912431535716719, 0.2159868126738036, -0.3236974097854576, -0.4349804166630751, 0.416308260841952, 0.6684705755089598, -0.443625243832452, 0.15295396252267918, -0.19674613494504564, 0.11618680864031997, -0.017784382601058933], [0.20312858008182955, -0.29496370441601055, -0.07059897812890338, -0.5529530045276505, -0.3259811370842283, -0.2734495530239414, 0.48690052328533134, -0.08091712256010397, 0.5069900873925448, 0.5066635058334484, 0.5016120730344542, 0.20382323088204557, 0.017271381748215672], [0.29996424254133275, 0.07099034353164513, -0.7783166016566979, -0.47617355177429815, 0.44817920637059705, -0.5707600325142901, 0.1782529891092054, -0.5695113454515426, -0.46866571604926116, -0.3692945657774776, 0.2657129185807893, 0.7426232612134878, -0.09281471101645478]], "inverted": false, "swapped": false, "error_lsq": 0.044264519012639385, "error_max": 0.2546280094052578, "target": "1087.xyz", "model": "28.xyz", "model_rescale": 4.137296879288765, "target_rescale": 3.8807368661776227},
