[{"mapping": [13, 9, 7, 4, 11, 5, 8, 6, 10, 3, 0, 15], "R": [[-0.43823787230061884, 0.25730757129808884, 0.8612435085584711], [-0.6573355762619746, -0.7452548776236443, -0.11182623823819043], [0.6130721878064311, -0.6151324907130542, 0.49573633254724236]], "T": [-0.07497104909626692, -0.09969301397068692, -0.01730627133547858], "aligned_model": [[-0.34918602863853987, 0.25189466297087526, 0.38358695517309715, -0.0874025425665542, -0.14660470881704127, -0.501832324004494, 0.42912393593138776, -0.33101440278739, 0.6673684846179135, 0.31229362554594664, -0.7373276330880165, -0.0532575618766357], [-0.16557853711206572, -0.6749226686746801, -0.1995502928015516, 0.6314098921731714, 0.33816877478201274, -0.6212878541629809, -0.29389724616912394, -0.4568867774609357, 0.05706270412942438, 0.46182745045925994, 0.042188515665584486, -0.06497892485105804], [-0.6301729041965971, 0.0282850922856104, -0.461638622045497, -0.03916810716369137, -0.7160635638347617, 0.08534409953048933, 0.4592378211597673, 0.584438205089321, 0.1202833113041396, 0.3394304327264477, 0.3720294081209936, 0.03994657237734075]], "inverted": false, "swapped": true, "error_lsq": 0.046112371244517315, "error_max": 0.23824718657129942, "target": "1088.xyz", "model": "0.xyz", "model_rescale": 3.751011558992144, "target_rescale": 4.206162628447159},
{"mapping": [2, 0, 3, 8, 1, 12, 5, 6, 4, 7, 13, 14, 9, 10, 15], "R": [[-0.8437250289177856, -0.5235452203083689, -0.11844187549149837], [0.32175823740555287, -0.31666839736690244, -0.8922963424618245], [0.4296506863015047, -0.7909624064399897, 0.43563604001426115]], "T": [0.013223954141526956, -0.0010148102761158712, 0.06033066633866162], "aligned_model": [[0.19079749814235394, 0.06427660002034997, -0.48566204523947676, 0.2532253970365282, -0.015461105229810816, -0.6067889038843733, 0.595780096764947, 0.5422898146146197, -0.6910921679778947, -0.06494262503567882, -0.04280174711329365, 0.47621457441414544, 0.5324044066505532, -0.20077004030579074, -0.008383541768144539], [0.11041760428452736, -0.6554449512510994, 0.33090945078406253, 0.5466298288426519, -0.6824596948521737, 0.37051434846296216, -0.3540376429930516, -0.18009392829952925, -0.10529326902824922, 0.4434681521308744, -0.2953870076891343, -0.11827542317085438, 0.39668101977169823, 0.7220611694023082, 0.019067693432112915], [-0.8187147869698134, -0.3633953088377671, -0.4228662715299483, -0.3414229478065327, 0.24547970191794588, 0.23082715120214847, 0.08882705633203783, -0.4328852937876347, -0.10762392404402683, 0.5229352916204868, 0.6647695772541025, 0.5177142333619039, 0.17032433119245416, -0.10072500625805743, -0.0035773987953232333]], "inverted": true, "swapped": true, "error_lsq": 0.04081708112720541, "error_max": 0.2920914563167824, "target": "1088.xyz", "model": "1.xyz", "model_rescale": 3.9405287249114394, "target_rescale": 4.206162628447159},
{"mapping": [12, 11, 4, 5, 1, 3, 7, 14, 0, 2, 6, 8, 15], "R": [[0.2752260632856132, 0.6326341323003818, -0.7238954819149288], [-0.8951361223780611, 0.44329977941801463, 0.04708107880995016], [0.35068780489528395, 0.6350270547122249, 0.6883013172159738]], "T": [0.018300275703629063, 0.011555064531044663, 0.06280308566791605], "aligned_model": [[-0.35740471152139464, 0.21450567813782512, -0.3795900933646277, 0.5050237524103086, 0.49773204462562176, -0.7343359280481634, 0.06620413206997523, 0.6211223646313095, 0.09670537833460145, -0.5695252783254251, 0.022668907013568176, -0.4397990485496288, -0.04732391813003896], [0.6290912654530849, 0.6407567746583971, 0.20700481210792265, -0.43566459849842604, -0.16182468795882674, 0.0805602509001884, 0.5917330397250695, 0.04365869922368073, -0.6255623995509093, -0.6562063337032081, -0.6990323215384887, -0.14219131571385257, -0.013490591532614438], [-0.10753104005748247, -0.43792111896382024, -0.5191132241589682, 0.2298469547346727, -0.42664024005717044, -0.08320124742045358, 0.34347530543234567, 0.33277526742034746, -0.38257637159317903, 0.22163094400769817, 0.28705401737797065, 0.5970580524265168, 0.05826305044016651]], "inverted": false, "swapped": true, "error_lsq": 0.04778224243834714, "error_max": 0.30157636830917806, "target": "1088.xyz", "model": "2.xyz", "model_rescale": 3.932901565614263, "target_rescale": 4.206162628447159},
{"mapping": [1, 4, 11, 0, 13, 7, 12, 14, 6, 9, 3, 2, 10, 15], "R": [[-0.5255817082004837, -0.7006204198707362, 0.4825918516357429], [0.7581646570846119, -0.6430733998656766, -0.10790252607317616], [0.38594069590137114, 0.30917249173455374, 0.8691732563774685]], "T": [-0.03783575771506942, -0.0720150288267567, 0.046595452987624894], "aligned_model": [[-0.3734425435547785, 0.5436349873039926, 0.04191253677944948, -0.09535541522216351, -0.43241495799307483, -0.060166933953387916, 0.47765203650935395, -0.6771580132047064, -0.23830160554609348, -0.3377943099479456, 0.723534697278139, 0.34397894793074535, 0.4832856286615619, 0.020444857011611736], [0.14449191000487582, -0.08746580213751463, -0.5966135654632887, 0.6323613190517805, -0.4041026082970744, -0.7006895232276903, -0.5882672239670659, -0.23400732538558813, 0.5672797574444628, -0.22423772431169514, -0.01686398217433699, 0.611065260102865, -0.4005659325315492, -0.038887920757692034], [-0.5364679736291097, -0.397022611972261, -0.5886624993118005, -0.28653265098521774, -0.3883359911607864, 0.1947435409268275, -0.09223867927122599, 0.09492394014600032, 0.3727206109458946, 0.618139011900261, 0.14565921296526074, 0.49857919711406445, 0.5103389554312439, 0.06805229995794666]], "inverted": false, "swapped": true, "error_lsq": 0.04526522176795162, "error_max": 0.28228391868746383, "target": "1088.xyz", "model": "3.xyz", "model_rescale": 3.9243930471874484, "target_rescale": 4.206162628447159},
{"mapping": [2, 8, 6, 0, 5, 3, 4, 9, 14, 7, 1, 11, 15], "R": [[-0.8926562012432302, -0.08328193413604751, 0.44297745521478266], [0.10064203634467433, -0.9947975573107712, 0.015779749330074373], [0.43935872234701673, 0.058668044241152115, 0.8963938719572525]], "T": [-0.046169584549085416, -0.007027057582531235, -0.043409077342860716], "aligned_model": [[0.12248432828452897, -0.17676503675854877, 0.5266001794980022, 0.47403953290808415, 0.6154920409399561, -0.5750208928247557, -0.48102663394615697, 0.06560400819071614, 0.31833973337683624, -0.4536575128170898, 0.35650135593219606, -0.44792504529223776, -0.06746017118017877], [-0.6285385162655316, -0.05656736077334654, -0.24988673609494882, -0.5576477636113564, 0.15200436493893216, -0.5173424346586123, -0.4880573795358707, 0.4429389612334924, 0.5376558842949072, 0.49438488643941264, -0.0916559996109931, 0.15374188436594782, -0.0632002370404454], [-0.6774042034580157, -0.7500998838826806, -0.4535261002762796, 0.14797586541317598, -0.08490273922539059, -0.2723954216499794, 0.295195584791045, -0.5175885451498928, 0.04470189332876913, -0.05816739738556352, 0.5311900738791163, 0.6621842744848462, -0.08009308549818665]], "inverted": true, "swapped": true, "error_lsq": 0.0538143847730456, "error_max": 0.37348306050397967, "target": "1088.xyz", "model": "4.xyz", "model_rescale": 3.8936222436046832, "target_rescale": 4.206162628447159},
{"mapping": [5, 13, 9, 6, 7, 12, 4, 3, 2, 0, 8, 15], "R": [[0.7694854687590019, -0.6038043584136172, 0.20811633796859727], [-0.17085787804356126, 0.11936509318179743, 0.9780386291144909], [-0.6153858130304848, -0.7881448288800867, -0.011315026751547254]], "T": [-0.18624939938708834, -0.1124653349382054, -0.06441774677727857], "aligned_model": [[0.08590198750842859, -0.6750956555489253, -0.20002754965179045, 0.4916872668953151, -0.7425265657202431, -0.6553519335638875, -0.2608693407771355, -0.014414748588393755, 0.63921581559254, 0.37851698562160624, 0.12212994711723524, -0.14161816666965266], [-0.44074908457552486, -0.5546830750283503, 0.26083820002082014, -0.13990868574949314, 0.1945341353781204, 0.1810164643699488, -0.19384104198490554, 0.3157326182835848, 0.22819897781578122, -0.6331303606624196, 0.5282253962756337, -0.0773106390333881], [-0.5963690850642793, -0.20799028950613177, -0.6123808433223328, -0.3724611488485315, -0.18267677072196237, 0.43089039687207714, 0.6587376998019978, 0.5517474923151988, 0.07423815969850317, 0.07832588866330906, -0.17991179602734195, -0.022864984584987896]], "inverted": false, "swapped": true, "error_lsq": 0.043639368354534476, "error_max": 0.268420574445322, "target": "1088.xyz", "model": "5.xyz", "model_rescale": 3.6523030999806103, "target_rescale": 4.206162628447159},
{"mapping": [2, 8, 9, 6, 14, 3, 7, 0, 12, 11, 13, 1, 15], "R": [[0.8830075463145766, 0.07563271349713743, -0.46322496241089073], [-0.11314142593568136, 0.9921275744034048, -0.0536832734253164], [0.45551804672125995, 0.09981266832159372, 0.8846133281574338]], "T": [0.06814778097414832, -0.028593525740932255, 0.010119854792275569], "aligned_model": [[0.22620257798137455, -0.07823717521877875, 0.16621753366785752, 0.6329251772386952, 0.4311252266254244, -0.4625599476864316, -0.34273113200346084, 0.5960609268987446, -0.654607797548279, -0.3183966021284034, 0.1543408179232304, 0.4843629551221583, 0.04638034379216316], [-0.6738172383171247, -0.1068032815487812, 0.4028279615465434, -0.28441082866123907, 0.52111717900063, -0.550435479190014, 0.4696278147119807, -0.5683755922667406, -0.028990219913145706, 0.1578321723585741, 0.37675272498588075, -0.08820775455737938, -0.08629055398600091], [0.6227988061187677, 0.7111020147099192, 0.504150972968168, 0.42343087418167064, -0.04798012989608932, 0.2065136392782006, 0.03526288742835857, -0.19080778174412616, -0.16059372876235148, -0.6976548127789888, -0.5222385247254299, -0.5579304961921375, 0.04405601889582771]], "inverted": false, "swapped": true, "error_lsq": 0.05115246590661809, "error_max": 0.32988676671944833, "target": "1088.xyz", "model": "6.xyz", "model_rescale": 4.08911054899281, "target_rescale": 4.206162628447159},
{"mapping": [11, 13, 1, 12, 3, 2, 15, 0, 10, 7, 8, 9, 6, 5, 15], "R": [[-0.5348611102140602, -0.044076175205783, 0.8437895967359472], [-0.6523290861899192, 0.656246991232542, -0.3792184723993034], [-0.5370198842605443, -0.7532577097364922, -0.3797531654000092]], "T": [0.052033502493633046, -0.09728074814696072, -0.04023874122123574], "aligned_model": [[0.07516142728976462, 0.40359721252382613, 0.6940879622196181, -0.48915242372836265, -0.5205755854529344, -0.13476347772486363, 0.01461390131356749, 0.5942121224639058, -0.7146511763781573, -0.30231258291475815, -0.4263986562851002, -0.09690986830092084, 0.3281207598404441, 0.5966900236199574, 0.01461390131356749], [-0.7731644093559525, -0.6710379200192917, -0.2290266794236572, -0.44727880740054593, 0.21686838887219087, 0.7864552483990802, -0.04267108586597085, 0.3761876231741109, -0.05316525788304208, -0.598419452707948, 0.30719762132028416, -0.10423168792180448, 0.5258328683688099, 0.049883452478820395, -0.04267108586597085], [-0.5174833919832824, -0.08867356706358234, -0.3045855003463715, -0.40920766002007186, -0.44763214855062805, -0.012166831486463074, -0.06415505065492998, -0.34404613005943246, 0.029185018580771445, 0.16218904306042572, 0.3153188882924248, 0.6059628361100706, 0.2610040940410072, 0.34251548281707245, -0.06415505065492998]], "inverted": true, "swapped": true, "error_lsq": 0.045672748542966574, "error_max": 0.4283677350921145, "target": "1088.xyz", "model": "7.xyz", "model_rescale": 3.964800864290218, "target_rescale": 4.206162628447159},
{"mapping": [9, 6, 8, 14, 10, 1, 7, 2, 0, 4, 13, 12, 3, 15], "R": [[0.19717425477492462, -0.8207455163933347, 0.5361894353436958], [-0.781497214802168, 0.1986412091549628, 0.5914421132130416], [-0.5919327803985914, -0.5356477082427336, -0.6022434027400384]], "T": [-0.06985006358605328, -0.0588340451602808, 0.09181724054469684], "aligned_model": [[-0.2183340516173305, 0.27382889497394586, 0.355814542914032, -0.6230641624018424, 0.24087428651094916, -0.34893314341842774, -0.43285373799762916, 0.7624054043889248, 0.22839612269179987, 0.21721244570674353, -0.6890911914553153, -0.0532833425098328, 0.5488037452957494, -0.0005879236208940208], [0.04997081457642146, -0.5824239520735724, 0.19135258540057487, -0.2746847709432443, 0.6160364713594467, -0.575202589143848, 0.4622208461735565, -0.257959225268599, -0.734380532452926, 0.15566286029537924, -0.13734875712094974, 0.5950411234233574, 0.3491330723984589, -0.04646948044285316], [-0.545303571867572, -0.31189104692922487, -0.4327183659565841, -0.19916852926231712, -0.11451112859586624, 0.4854494166399954, -0.028217295665827896, -0.19864868550982392, 0.3469937284589729, 0.7295712170718099, 0.34777843369796546, 0.4435155756617668, 0.30007316956276997, 0.09389212141895718]], "inverted": false, "swapped": true, "error_lsq": 0.046467577902633846, "error_max": 0.37221589522799925, "target": "1088.xyz", "model": "8.xyz", "model_rescale": 4.121658175737393, "target_rescale": 4.206162628447159},
{"mapping": [6, 0, 1, 14, 2, 8, 4, 12, 11, 3, 9, 7, 15], "R": [[0.7373432885101514, -0.24666636473040088, 0.6288724667209759], [-0.30157851136329755, -0.9532253633765013, -0.020293055453403028], [0.6044627998255422, -0.17469147410914565, -0.7772435992021038]], "T": [-3.566754920385912e-05, 0.05653689209415747, -0.0779520075928552], "aligned_model": [[-0.6438445402335201, -0.20114894356567894, 0.32923125801224373, 0.12549786734745066, -0.8189991556224739, -0.5865517366661431, 0.29327522962355984, 0.3944675373651887, 0.8133273652589955, -0.17824648594611253, -0.3059560313999238, 0.2986183794435792, -0.04293324718196821], [0.11294107831426432, -0.3115882050488224, -0.003091041677714297, 0.6619183640401335, -0.3254899936948507, 0.11274170614076046, -0.6024936844935914, -0.22436290956376848, -0.07816635059596783, -0.5440130762211148, 0.6053547853022198, 0.38129493865317726, 0.005341828256984711], [-0.44885725396081816, -0.7370925443301839, -0.7004453247998454, -0.31261069211284553, -0.08292385466870728, 0.3364888559468468, 0.043667719383507275, 0.48505903492978336, -0.004387788400045667, 0.3693967109558392, 0.13422851198651753, 0.39429382744701075, -0.05574176841797032]], "inverted": true, "swapped": true, "error_lsq": 0.04222577449852782, "error_max": 0.27425346764614117, "target": "1088.xyz", "model": "9.xyz", "model_rescale": 3.833441315466971, "target_rescale": 4.206162628447159},
{"mapping": [5, 6, 7, 10, 8, 9, 2, 3, 11, 12, 1, 4, 0, 14, 15], "R": [[0.020356651128684233, -0.6440199269909821, -0.7647378246126937], [-0.7988850641821554, -0.4703822127328085, 0.37486427966833546], [-0.6011391361253218, 0.60330664473642, -0.524073307310518]], "T": [-0.03564704565533929, -0.03239153726043758, 0.1364750311575581], "aligned_model": [[0.03509940357033967, -0.0017329157077152699, -0.4859956656779213, -0.5636001393171521, -0.5488353586209751, -0.6242459071122546, -0.045429730310626824, -0.03779115622654574, 0.24514996962669053, -0.14435089739566928, 0.5503160086849102, 0.3777047206901084, 0.606095707123311, -0.2056551791299708, -0.03288384190199633], [-0.7043724420867051, -0.48030541870068605, 0.14392105592588958, 0.5060096300493988, 0.07695169416044734, -0.3322632573532865, 0.030268812144275188, 0.6443202619387489, 0.30334576308951533, 0.6423584931637193, -0.3444322069067154, 0.5706383968864603, -0.2853431299498729, -0.577696739957256, 0.007700626891045878], [0.04567069513084859, -0.4580541818812197, 0.5651685664833976, -0.024648975915687876, -0.3570866397649889, 0.07784693556300146, -0.7649951209936624, -0.23039930678227055, 0.839005872073502, 0.4270172489522067, 0.3788549976500497, 0.16175658667859644, -0.23041816190949627, 0.46971603050192434, 0.07868736203589205]], "inverted": false, "swapped": true, "error_lsq": 0.04372488174834764, "error_max": 0.2836397655206258, "target": "1088.xyz", "model": "10.xyz", "model_rescale": 4.2482417240324, "target_rescale": 4.206162628447159},
{"mapping": [0, 6, 8, 9, 4, 12, 3, 7, 14, 11, 1, 15], "R": [[-0.1310789990806538, 0.7950682856562022, 0.5921863871651578], [-0.9913150680836246, -0.09872026964742533, -0.08688350908600967], [-0.010617522798329782, -0.5984318921184331, 0.8011033258607654]], "T": [0.001093996892539889, -0.0006240099054979631, -0.06568829113479836], "aligned_model": [[-0.6989138190918592, -0.15805655531163942, 0.3700113957868749, 0.5702389137790781, -0.42109313111151603, 0.14646004354945588, -0.11985392977898854, 0.5348707430553193, 0.2740543643537251, -0.11216148954017854, -0.4909776497166183, -0.017813283610646578], [-0.34745870277523794, -0.7037863118838052, -0.25608299786077937, -0.3410323103062022, 0.5454198355898275, 0.7002230385530217, 0.33096239152649976, 0.34143806397490806, -0.26480158890223393, 0.7095584870525864, -0.0466685857308266, -0.001639929187118441], [-0.07680753075294501, 0.12266211996948999, 0.49783807745130004, -0.06341355743938255, 0.1766711299984462, 0.1323042299561213, 0.6183894044843222, -0.1912035498526516, -0.6069949858381399, -0.47548103982967654, -0.5708768899396117, 0.0021048816470843473]], "inverted": false, "swapped": true, "error_lsq": 0.042826319009288544, "error_max": 0.21760463520123574, "target": "1088.xyz", "model": "11.xyz", "model_rescale": 3.6694154284099745, "target_rescale": 4.206162628447159},
{"mapping": [11, 7, 9, 10, 12, 1, 4, 0, 8, 2, 6, 3, 14, 15], "R": [[0.628402714127058, 0.394068147464988, -0.6706864573191111], [-0.4359160908647616, -0.5357000737942877, -0.7231891817926897], [-0.6442726058144428, 0.7468170633363351, -0.16485473395313957]], "T": [-0.07117613900515568, 0.035772819518391175, -0.06965927449743786], "aligned_model": [[0.019096530833767278, 0.1261395898772557, -0.18025525873267245, 0.6119013652433773, 0.5303940547781529, -0.5747030320450421, 0.3772104005398588, -0.4055506337538015, 0.2753892917579379, 0.1809480864381015, -0.3751710661612924, 0.6422891602156977, -0.6073553882822602, -0.02206825045327139], [-0.5477135601014468, 0.24191849327886986, 0.6764749896336567, 0.37922621599838, -0.18200396824822576, -0.45959235892440503, -0.5382833451497996, -0.33497565810570507, 0.6129830489299583, 0.31038814682517946, 0.34201673208889005, -0.06843447351557297, 0.2604945055912374, 0.03848851983523723], [-0.6497545864539487, -0.6495287612165954, -0.20161152594440998, -0.16973983883921182, -0.4467606984183561, -0.0463325367510575, -0.0021835586511316507, 0.5313133935233165, 0.18654779622577788, 0.7535601691984419, 0.5378304363868944, 0.19987429133539308, -0.38481331561542237, -0.01930580512727493]], "inverted": true, "swapped": true, "error_lsq": 0.0464903281502984, "error_max": 0.2528407639773036, "target": "1088.xyz", "model": "12.xyz", "model_rescale": 3.9764082729961374, "target_rescale": 4.206162628447159},
{"mapping": [14, 6, 3, 7, 4, 13, 11, 9, 8, 1, 2, 5, 0, 5, 12, 15], "R": [[0.15831049011615553, 0.10156229225638108, -0.9821521722782129], [-0.2758021413258081, 0.9596522035105235, 0.05477980592787571], [0.948088058968829, 0.26220745429721515, 0.17993410836106705]], "T": [0.04949923134753986, 0.029404722746183568, 0.03769777217512617], "aligned_model": [[0.6011712975324143, 0.11878807308299064, 0.3631640819714919, -0.35896187077332786, -0.45041230760544926, 0.4936228056075908, 0.8041660512835906, -0.386658196970677, 0.3666118225952241, 0.062050740455623046, -0.2483865207333178, -0.5506166139825653, -0.6448872700226699, -0.5506166139825653, 0.2182089932940167, 0.03735969442208918], [-0.45528778620329347, -0.26389638638017954, -0.6811759326752124, -0.47752732006297594, -0.4278053493895386, 0.16412673677667328, -0.14202330931144108, 0.4429377129149482, -0.10859780975086568, 0.5005698097818392, 0.0783547524138398, 0.2101566809950901, 0.0055283849290106435, 0.2101566809950901, 0.6289161650867025, -0.07707236575319251], [-0.2778004730412965, -0.664322399540357, 0.36193987452700227, 0.4213814061113793, -0.200862754606925, -0.3611565570090317, 0.21556041429501888, 0.021688703415762872, 0.6541778952489598, 0.46333670206616456, 0.7760252653709822, -0.5190908839661759, 0.24832835093695121, -0.5190908839661759, -0.10135826571975169, 0.027502869478113548]], "inverted": true, "swapped": false, "error_lsq": 0.0464448903632272, "error_max": 0.3685239513509753, "target": "1088.xyz", "model": "13.xyz", "model_rescale": 4.170626492500431, "target_rescale": 4.206162628447159},
{"mapping": [7, 13, 9, 5, 10, 2, 6, 11, 12, 1, 4, 0, 3, 15], "R": [[0.9862560042158349, 0.017331773404722195, -0.16431282292889599], [-0.14645057451066304, 0.5521171578811144, -0.8208037970177634], [0.07649394337927738, 0.8335863804093301, 0.5470671101632412]], "T": [-0.052756139644468326, -0.011908164491668507, 0.016671593993285834], "aligned_model": [[0.3718270979042853, 0.06289974249994343, -0.25983119168969027, -0.6836698283481668, 0.4000850771355549, -0.4451063704064417, -0.7365446234136591, 0.5460749196151826, 0.6847721235793099, -0.27893707214547364, 0.42135640421249926, -0.5381530937776768, 0.34583319426088427, -0.04742335733490799], [-0.17623296522007184, -0.6764663606974268, 0.061357566479824294, -0.25630740348905146, 0.5098465431103324, 0.786363507954363, 0.28334355262565203, -0.5343279057518001, 0.07391853677308671, -0.5164961280172025, 0.12692267456979275, 0.013775636504657716, 0.6057772853002485, 0.054599927783260865], [-0.44202720866559125, 0.027913818891163296, -0.6090767398427276, -0.06714817309190457, -0.32578729288709796, 0.1763402788296453, 0.03907095910452906, 0.24817765759270033, 0.030980666560898214, 0.4567889664748585, 0.5561966028210906, 0.62835698975778, 0.24499475146219848, 0.03909182411332393]], "inverted": true, "swapped": true, "error_lsq": 0.04434903200015707, "error_max": 0.22800328166647368, "target": "1088.xyz", "model": "14.xyz", "model_rescale": 3.9786697098870705, "target_rescale": 4.206162628447159},
{"mapping": [4, 0, 12, 11, 3, 10, 5, 9, 7, 13, 2, 15], "R": [[-0.8420585878788582, 0.49339384374371426, 0.21794460198698878], [0.1459977942001839, -0.18048847491770448, 0.972681116559051], [0.5192513636651757, 0.8508739186140828, 0.07994745745907839]], "T": [-0.04115690610844427, -0.04714662582656333, 0.07588817418432797], "aligned_model": [[0.08393155894982793, -0.7481822595459029, 0.5661740001133657, 0.47786372184029435, 0.0603689197533157, 0.39374894334139604, -0.4902553607985375, 0.057002458127482274, 0.5724611804477175, 0.19691004236864956, -0.6252139942025182, -0.06145461362775363], [-0.12245959061868623, -0.2730289024686896, 0.040126637656837036, -0.6070556646690091, 0.43862499876737654, 0.575678074062141, -0.25088558624587654, 0.26210560337988703, -0.009984521161853985, -0.6603732193134356, 0.6166312913200447, 0.005295369515703738], [-0.6409275444709364, -0.1680815591896862, -0.34250333993895077, -0.24385474921173472, -0.512549309025895, -0.05646562079666681, 0.5466427152911033, 0.6542796676872193, 0.27531229291258574, 0.22561305495836223, -0.11105205712427119, 0.03355294278270039]], "inverted": false, "swapped": true, "error_lsq": 0.05406266736122304, "error_max": 0.30604834211973875, "target": "1088.xyz", "model": "15.xyz", "model_rescale": 3.769337070930944, "target_rescale": 4.206162628447159},
{"mapping": [13, 12, 5, 9, 1, 4, 0, 3, 6, 8, 15], "R": [[0.15743491443661004, -0.8852128382290448, -0.43773562654965154], [0.9141552988619565, 0.29830660941554044, -0.2744690444141405], [0.3735429523882688, -0.3569473319881841, 0.8561858822169242]], "T": [-0.09557603723118718, 0.027486482529222214, -0.06360858171433095], "aligned_model": [[-0.210572625220871, -0.22492288396986065, -0.0800993867742725, -0.6445862737388774, 0.30024862957801063, 0.34597250030436716, 0.601652130297913, 0.1345867119625096, 0.11593696832501638, -0.3506693894945395, -0.06492025057822455], [0.08570254986595001, -0.6989282659067615, 0.7047388744334744, 0.31122933514782414, 0.29787474107797557, -0.5502347523880733, 0.3799072042594898, -0.5485667426139996, 0.5989685591283114, 0.013772187779405767, 0.0016008068417456972], [-0.7258222489653806, -0.1479289099576798, -0.14041024133849817, 0.17698791786638543, -0.5829188468798802, -0.14371479241940144, -0.05353875519591436, 0.39216332056796344, 0.3652416056006055, 0.6099347424872336, -0.005776184541656473]], "inverted": false, "swapped": true, "error_lsq": 0.04417094497391451, "error_max": 0.20703302478449856, "target": "1088.xyz", "model": "16.xyz", "model_rescale": 3.7852294659196426, "target_rescale": 4.206162628447159},
{"mapping": [6, 3, 10, 2, 0, 4, 11, 12, 9, 14, 1, 7, 15], "R": [[0.18898971008722387, 0.8825954489845184, 0.4304743464051761], [-0.2777866611677374, 0.4685198956612747, -0.8386439520123119], [-0.941869131227066, 0.038915045950952576, 0.33371868218637]], "T": [0.041807492910330535, 0.12793692997148015, -0.05743865206156985], "aligned_model": [[0.07789533697259549, -0.30109251599099646, 0.26460397575121286, -0.14903602829158427, -0.5002789532513778, -0.5668321829126302, -0.20927850016313593, -0.07800283986541709, 0.6779225858563092, 0.4788811268358895, -0.30875569564708677, 0.4557981704187604, 0.011941370503744036], [-0.24924324549791704, -0.4106927878822659, -0.3600732717108012, -0.6964844307112601, 0.09515488511565406, 0.09980308365129284, 0.7413397268757396, 0.1388839573207583, -0.026944194282295802, 0.5380612271825207, 0.6367543013000221, 0.30356167045469507, 0.06493470188673191], [-0.6990575274831821, 0.37248907112523866, 0.4964376897429563, -0.37457998647164614, -0.6191294090887979, 0.3474195613576846, 0.4383525478482082, 0.675394588187531, -0.16316635746124664, -0.33685732098695653, -0.40048451223878034, 0.40672277111878535, -0.047786418506620396]], "inverted": false, "swapped": true, "error_lsq": 0.04576328497124772, "error_max": 0.26819179793089615, "target": "1088.xyz", "model": "17.xyz", "model_rescale": 3.901054581598922, "target_rescale": 4.206162628447159},
{"mapping": [2, 0, 3, 8, 1, 12, 5, 6, 4, 7, 13, 14, 9, 10, 15], "R": [[-0.8437250289177856, -0.5235452203083689, -0.11844187549149837], [0.32175823740555287, -0.31666839736690244, -0.8922963424618245], [0.4296506863015047, -0.7909624064399897, 0.43563604001426115]], "T": [0.013223954141526956, -0.0010148102761158712, 0.06033066633866162], "aligned_model": [[0.19079749814235394, 0.06427660002034997, -0.48566204523947676, 0.2532253970365282, -0.015461105229810816, -0.6067889038843733, 0.595780096764947, 0.5422898146146197, -0.6910921679778947, -0.06494262503567882, -0.04280174711329365, 0.47621457441414544, 0.5324044066505532, -0.20077004030579074, -0.008383541768144539], [0.11041760428452736, -0.6554449512510994, 0.33090945078406253, 0.5466298288426519, -0.6824596948521737, 0.37051434846296216, -0.3540376429930516, -0.18009392829952925, -0.10529326902824922, 0.4434681521308744, -0.2953870076891343, -0.11827542317085438, 0.39668101977169823, 0.7220611694023082, 0.019067693432112915], [-0.8187147869698134, -0.3633953088377671, -0.4228662715299483, -0.3414229478065327, 0.24547970191794588, 0.23082715120214847, 0.08882705633203783, -0.4328852937876347, -0.10762392404402683, 0.5229352916204868, 0.6647695772541025, 0.5177142333619039, 0.17032433119245416, -0.10072500625805743, -0.0035773987953232333]], "inverted": true, "swapped": true, "error_lsq": 0.04081708112720541, "error_max": 0.2920914563167824, "target": "1088.xyz", "model": "18.xyz", "model_rescale": 3.9405287249114394, "target_rescale": 4.206162628447159},
{"mapping": [0, 1, 7, 13, 12, 6, 8, 10, 9, 5, 11, 3, 14, 3, 2, 15], "R": [[0.25089551528953874, -0.23158364352105681, 0.9399044932657302], [-0.9334018724752222, 0.1994433341004112, 0.2983006888068833], [-0.25653924625161373, -0.9521509189915347, -0.16612116841700247]], "T": [-0.004323688184234058, -0.1838602048218302, 0.04659679188508075], "aligned_model": [[0.49152118073198325, 0.08300683591673577, 0.35906453289034834, -0.3788873727791731, -0.34736673606021035, 0.5664517551096556, 0.7484822541527537, -0.42815789098971796, 0.2559725987590456, 0.510989077255783, -0.2554033046456817, -0.5646656401374517, -0.7616274766966434, -0.5646656401374517, 0.1662959981427794, -0.0064060053382963555], [-0.40048815829208106, 0.003665905377954637, -0.607998738887408, -0.44262436535499283, -0.4948720473801879, 0.19982787720402656, -0.15435457347754625, 0.477712119931439, -0.13814210203181565, 0.38087399860848636, 0.18683378100200876, 0.08779798148442314, -0.08827004414064799, 0.08779798148442314, 0.6537637986019791, -0.1441627497635657], [-0.3775310823470915, -0.5800823616959416, 0.47517706866680093, 0.5406342406459997, -0.24620376020082085, -0.24543454998801917, 0.1150422916425688, 0.07090038419817171, 0.7671282242579915, 0.37338521886705883, 0.6111835407301313, -0.5344774904300292, 0.17733490859892717, -0.5344774904300292, -0.11024782720970538, 0.043927948294608]], "inverted": true, "swapped": false, "error_lsq": 0.04608530909988234, "error_max": 0.4425880279758247, "target": "1088.xyz", "model": "19.xyz", "model_rescale": 4.410303926677745, "target_rescale": 4.206162628447159},
{"mapping": [9, 6, 8, 14, 10, 1, 7, 2, 0, 4, 13, 12, 3, 15], "R": [[0.19717425477492462, -0.8207455163933347, 0.5361894353436958], [-0.781497214802168, 0.1986412091549628, 0.5914421132130416], [-0.5919327803985914, -0.5356477082427336, -0.6022434027400384]], "T": [-0.06985006358605328, -0.0588340451602808, 0.09181724054469684], "aligned_model": [[-0.2183340516173305, 0.27382889497394586, 0.355814542914032, -0.6230641624018424, 0.24087428651094916, -0.34893314341842774, -0.43285373799762916, 0.7624054043889248, 0.22839612269179987, 0.21721244570674353, -0.6890911914553153, -0.0532833425098328, 0.5488037452957494, -0.0005879236208940208], [0.04997081457642146, -0.5824239520735724, 0.19135258540057487, -0.2746847709432443, 0.6160364713594467, -0.575202589143848, 0.4622208461735565, -0.257959225268599, -0.734380532452926, 0.15566286029537924, -0.13734875712094974, 0.5950411234233574, 0.3491330723984589, -0.04646948044285316], [-0.545303571867572, -0.31189104692922487, -0.4327183659565841, -0.19916852926231712, -0.11451112859586624, 0.4854494166399954, -0.028217295665827896, -0.19864868550982392, 0.3469937284589729, 0.7295712170718099, 0.34777843369796546, 0.4435155756617668, 0.30007316956276997, 0.09389212141895718]], "inverted": false, "swapped": true, "error_lsq": 0.046467577902633846, "error_max": 0.37221589522799925, "target": "1088.xyz", "model": "20.xyz", "model_rescale": 4.121658175737393, "target_rescale": 4.206162628447159},
{"mapping": [2, 8, 9, 6, 14, 3, 7, 0, 12, 11, 13, 1, 15], "R": [[0.8830075463145766, 0.07563271349713743, -0.46322496241089073], [-0.11314142593568136, 0.9921275744034048, -0.0536832734253164], [0.45551804672125995, 0.09981266832159372, 0.8846133281574338]], "T": [0.06814778097414832, -0.028593525740932255, 0.010119854792275569], "aligned_model": [[0.22620257798137455, -0.07823717521877875, 0.16621753366785752, 0.6329251772386952, 0.4311252266254244, -0.4625599476864316, -0.34273113200346084, 0.5960609268987446, -0.654607797548279, -0.3183966021284034, 0.1543408179232304, 0.4843629551221583, 0.04638034379216316], [-0.6738172383171247, -0.1068032815487812, 0.4028279615465434, -0.28441082866123907, 0.52111717900063, -0.550435479190014, 0.4696278147119807, -0.5683755922667406, -0.028990219913145706, 0.1578321723585741, 0.37675272498588075, -0.08820775455737938, -0.08629055398600091], [0.6227988061187677, 0.7111020147099192, 0.504150972968168, 0.42343087418167064, -0.04798012989608932, 0.2065136392782006, 0.03526288742835857, -0.19080778174412616, -0.16059372876235148, -0.6976548127789888, -0.5222385247254299, -0.5579304961921375, 0.04405601889582771]], "inverted": false, "swapped": true, "error_lsq": 0.05115246590661809, "error_max": 0.32988676671944833, "target": "1088.xyz", "model": "21.xyz", "model_rescale": 4.08911054899281, "target_rescale": 4.206162628447159},
{"mapping": [12, 14, 10, 5, 11, 13, 7, 1, 6, 0, 8, 15, 11, 2, 4, 16], "R": [[0.7811832421301244, -0.17237781739388633, -0.6000321910411037], [-0.28323657277265285, -0.9543757726136015, -0.09457234528229172], [-0.5563540114523031, 0.24382939264721815, -0.7943660624814102]], "T": [0.021789581054467082, -0.04786285057311215, -0.023282958160246427], "aligned_model": [[0.5481334352340291, 0.05223818050729305, 0.41606415291277016, -0.1787722266308438, -0.7080715701477418, 0.6122286726138044, 0.6763654969048272, -0.5282427935417688, 0.2297723100620882, 0.3177418905530646, -0.3649458359216713, -0.5584151401624429, -0.7080715701477418, -0.25830536167849927, 0.27057767455600773, 0.05630685106128333], [-0.45303816251022333, -0.27178558592193924, -0.6525637654685048, -0.6382586631618543, -0.21584072568036602, 0.10599206133106029, -0.07968732854425986, 0.4770353921877235, 0.021438193124636976, 0.5661997986354194, -0.03755550974653817, -0.03340817356717078, -0.21584072568036602, 0.4946172596312969, 0.5551888581028804, -0.015132258365300064], [-0.3454081198569907, -0.6239110272115722, 0.3372995909537722, 0.3067727942874982, 0.13476502094320755, -0.27713392087219274, 0.2529664961377844, 0.20463062833396034, 0.6891106678137048, 0.3447098291722238, 0.5521225458466674, -0.46448649586641116, 0.13476502094320755, -0.4086606721776521, -0.2697080118025121, -0.021575083044074204]], "inverted": false, "swapped": false, "error_lsq": 0.04631176383627737, "error_max": 0.45440592736569413, "target": "1088.xyz", "model": "22.xyz", "model_rescale": 4.204369325754507, "target_rescale": 4.206162628447159},
{"mapping": [0, 1, 7, 13, 12, 6, 8, 10, 9, 5, 11, 3, 14, 3, 2, 15], "R": [[0.25089551528953874, -0.23158364352105681, 0.9399044932657302], [-0.9334018724752222, 0.1994433341004112, 0.2983006888068833], [-0.25653924625161373, -0.9521509189915347, -0.16612116841700247]], "T": [-0.004323688184234058, -0.1838602048218302, 0.04659679188508075], "aligned_model": [[0.49152118073198325, 0.08300683591673577, 0.35906453289034834, -0.3788873727791731, -0.34736673606021035, 0.5664517551096556, 0.7484822541527537, -0.42815789098971796, 0.2559725987590456, 0.510989077255783, -0.2554033046456817, -0.5646656401374517, -0.7616274766966434, -0.5646656401374517, 0.1662959981427794, -0.0064060053382963555], [-0.40048815829208106, 0.003665905377954637, -0.607998738887408, -0.44262436535499283, -0.4948720473801879, 0.19982787720402656, -0.15435457347754625, 0.477712119931439, -0.13814210203181565, 0.38087399860848636, 0.18683378100200876, 0.08779798148442314, -0.08827004414064799, 0.08779798148442314, 0.6537637986019791, -0.1441627497635657], [-0.3775310823470915, -0.5800823616959416, 0.47517706866680093, 0.5406342406459997, -0.24620376020082085, -0.24543454998801917, 0.1150422916425688, 0.07090038419817171, 0.7671282242579915, 0.37338521886705883, 0.6111835407301313, -0.5344774904300292, 0.17733490859892717, -0.5344774904300292, -0.11024782720970538, 0.043927948294608]], "inverted": true, "swapped": false, "error_lsq": 0.04608530909988234, "error_max": 0.4425880279758247, "target": "1088.xyz", "model": "23.xyz", "model_rescale": 4.410303926677745, "target_rescale": 4.206162628447159},
{"mapping": [9, 10, 6, 5, 4, 11, 14, 0, 13, 7, 12, 3, 2, 1, 1, 16], "R": [[0.6353857945268436, 0.5395612919641657, 0.5524115352954281], [0.45990072738739857, 0.31024622691884074, -0.8320087737705444], [-0.6203033234330068, 0.7827010226750593, -0.051018585254621225]], "T": [0.1050136591200464, -0.13870545784215327, 0.029904069614608998], "aligned_model": [[0.4661203613366168, 0.07045068986722319, 0.28622145103080043, -0.2792248097008136, -0.4420927450077817, 0.5951958458013609, 0.7318129969837712, -0.4675640658358681, 0.46300561102249294, 0.19145857100660418, -0.21020014680528282, -0.6391517829149684, -0.8066665573110827, -0.04936628192102421, -0.04936628192102421, 0.013971310543434229], [-0.48739452094305064, -0.16881949224130174, -0.46265722270007226, -0.5166009051600882, -0.461374367723232, 0.13199068833080418, -0.3386146680771325, 0.2696814229987944, 0.04136375267171119, 0.4898854549461421, -0.0028730957615767383, 0.13457205014766838, -0.13080249273978078, 0.5949039572929996, 0.5949039572929996, -0.08080385396838957], [-0.34484634134777475, -0.6194667738671801, 0.6933172741531273, 0.3541846015657444, -0.23550830792197897, -0.2653356752000018, 0.18899174271173602, 0.3051507145123773, 0.6074882328558867, 0.2282261265099544, 0.7567917230724026, -0.39528786721129705, 0.07077798903836448, -0.38761168984789535, -0.38761168984789535, -0.02300079557494852]], "inverted": false, "swapped": false, "error_lsq": 0.04882486776351635, "error_max": 0.3238123803798709, "target": "1088.xyz", "model": "24.xyz", "model_rescale": 4.28219845311461, "target_rescale": 4.206162628447159},
{"mapping": [7, 4, 12, 14, 2, 3, 9, 8, 11, 5, 10, 0, 6, 1, 1, 15], "R": [[-0.4687259190335517, 0.8197488058980889, -0.329101668265006], [0.7699606378523611, 0.5617566577006767, 0.3026385198333984], [0.43296261846046, -0.11154081207173668, -0.8944842191219697]], "T": [0.053555467353560676, -0.13519119026841392, 0.024933643939581134], "aligned_model": [[0.6246297275203373, 0.021971878846159393, 0.3292567421129132, -0.36021473740314003, -0.4394719937538232, 0.4717742046186476, 0.7145340101140059, -0.2593834169687348, 0.18170723614446732, 0.3227134297634544, -0.34751413259716246, -0.5700100280973557, -0.82056284494035, 0.002945446748907593, 0.002945446748907593, -0.0007168026827759771], [-0.445860577431004, -0.19745019351588775, -0.6273612046267905, -0.5291923520922767, -0.5777302927059018, 0.2828460542875228, -0.08230442550540011, 0.4291114292096209, -0.11722756775311505, 0.5992749429115742, 0.05646421931184076, 0.005113693580243744, 0.044287489956118364, 0.44694475194476985, 0.44694475194476985, -0.12650005514958976], [-0.4027399781195945, -0.7029227062266713, 0.5408574603074316, 0.5286219672424678, -0.14787575914876136, -0.47544950408231285, 0.15602155338225066, 0.281015398967481, 0.5538301401186392, 0.361674154417801, 0.6822891024259848, -0.4820523366230714, 0.1510356439963885, -0.23666484505574253, -0.23666484505574253, -0.024716182945926986]], "inverted": true, "swapped": false, "error_lsq": 0.045548913664300104, "error_max": 0.37716479020793703, "target": "1088.xyz", "model": "25.xyz", "model_rescale": 4.100010024507729, "target_rescale": 4.206162628447159},
{"mapping": [0, 6, 8, 9, 4, 12, 3, 7, 14, 11, 1, 15], "R": [[-0.1310789990806538, 0.7950682856562022, 0.5921863871651578], [-0.9913150680836246, -0.09872026964742533, -0.08688350908600967], [-0.010617522798329782, -0.5984318921184331, 0.8011033258607654]], "T": [0.001093996892539889, -0.0006240099054979631, -0.06568829113479836], "aligned_model": [[-0.6989138190918592, -0.15805655531163942, 0.3700113957868749, 0.5702389137790781, -0.42109313111151603, 0.14646004354945588, -0.11985392977898854, 0.5348707430553193, 0.2740543643537251, -0.11216148954017854, -0.4909776497166183, -0.017813283610646578], [-0.34745870277523794, -0.7037863118838052, -0.25608299786077937, -0.3410323103062022, 0.5454198355898275, 0.7002230385530217, 0.33096239152649976, 0.34143806397490806, -0.26480158890223393, 0.7095584870525864, -0.0466685857308266, -0.001639929187118441], [-0.07680753075294501, 0.12266211996948999, 0.49783807745130004, -0.06341355743938255, 0.1766711299984462, 0.1323042299561213, 0.6183894044843222, -0.1912035498526516, -0.6069949858381399, -0.47548103982967654, -0.5708768899396117, 0.0021048816470843473]], "inverted": false, "swapped": true, "error_lsq": 0.042826319009288544, "error_max": 0.21760463520123574, "target": "1088.xyz", "model": "26.xyz", "model_rescale": 3.6694154284099745, "target_rescale": 4.206162628447159},
