[{"mapping": [10, 1, 9, 7, 6, 0, 2, 8, 3, 5, 11], "R": [[-0.9614192829408055, -0.253377546707088, -0.10711106952264443], [0.24537323795490687, -0.9659137504964932, 0.08247788004867122], [-0.12435809778664189, 0.05301363434528685, 0.9908201744455915]], "T": [0.06460746826820753, 0.08306263102859082, -0.0164384179578618], "aligned_model": [[-0.38830447281221886, 0.09169429120780721, 0.34595689449897155, -0.29632551459938733, 0.45961512561032514, -0.3028112456324989, 0.35361551242941125, 0.6942321052273837, 0.11235125675165819, -0.6673472206868614, 0.011240272683976524], [0.35085325712976656, -0.6189028963534384, 0.3700907198748401, -0.46237939369266134, -0.2936570589445241, -0.11946172020666576, -0.2898637406463508, 0.08822424825306718, 0.7698151850014625, -0.305235788998924, 0.05162435243900193], [-0.44646202215182385, 0.07516541334445428, -0.47230440813573693, -0.7011454278623127, -0.4930994225330304, 0.4382909189380445, 0.6363636326715016, 0.06510705973933177, -0.02757282678413911, -0.06283887970914714, 0.015118403220770446]], "inverted": true, "swapped": false, "error_lsq": 0.05217416395156189, "error_max": 0.2783142837019511, "target": "1089.xyz", "model": "0.xyz", "model_rescale": 3.751011558992144, "target_rescale": 3.8837447648432373},
{"mapping": [8, 6, 5, 4, 10, 0, 12, 9, 2, 1, 14], "R": [[-0.12372375548786024, -0.5808582191347867, -0.8045471779774906], [0.711386680703371, -0.6171775889395922, 0.33618568415170785], [-0.6918247052872715, -0.5307499910261666, 0.48957432957611646]], "T": [0.07442406680885025, -0.04792001005121099, -0.009582224033282571], "aligned_model": [[-0.26587785921029394, -0.034553209975558594, 0.3545205573854239, -0.23182193870752846, 0.4927040766174072, -0.5225772755957588, 0.4556594557716198, 0.7210186393493172, -0.12000290428538093, -0.5559923550222675, 0.12083981835158747], [0.28031979219490155, -0.7863839418464862, 0.4200564930539218, -0.3341271963743816, -0.3969216586202601, 0.1447675182658145, -0.16721448123992827, 0.03280225726706029, 0.7499718169222127, -0.34384720294476284, -0.05831623282251779], [-0.47527684877031606, 0.07116875027822701, -0.31393398680754214, -0.6803078016818795, -0.622520582124453, 0.4169918399903699, 0.6168389692731229, -0.10750564132711582, 0.08687961996859841, 0.016643355610050092, 0.01764476632885143]], "inverted": true, "swapped": false, "error_lsq": 0.04648002896077954, "error_max": 0.2312470665390506, "target": "1089.xyz", "model": "1.xyz", "model_rescale": 3.9405287249114394, "target_rescale": 3.8837447648432373},
{"mapping": [6, 2, 7, 0, 1, 11, 8, 4, 3, 5, 12], "R": [[0.7305690185211535, -0.18578070484474837, -0.6570802377825918], [0.6192140215402004, -0.22536466383157985, 0.7521866549095986], [-0.28782443382216705, -0.9563975627339647, -0.04960642389329736]], "T": [0.03424182862129981, -0.002744993606108151, -0.015438327808318664], "aligned_model": [[-0.27523348279930204, 0.05089419077268303, 0.35817384843256744, -0.44216936201210855, 0.439564436132036, -0.6420636882813896, 0.3740859648933579, 0.7300452037398023, 0.2197550072002683, -0.4698408135021061, 0.07070570010275863], [0.2960085626758772, -0.6830768745395914, 0.5562433552336694, -0.3159119869027851, -0.36328431119295534, 0.11191172681242488, -0.011812294246933405, 0.029278854533760265, 0.5208147055274579, -0.5165719172909061, -0.08249265675444402], [-0.3475934686979516, -0.04770066098337998, -0.475340410385157, -0.6301649337272884, -0.5924576660223636, 0.17712068472299658, 0.681062581889831, 0.0653568342177924, 0.11972742445751555, 0.08435577413789894, -0.007743718871980948]], "inverted": false, "swapped": false, "error_lsq": 0.05022753099159672, "error_max": 0.26276113789764804, "target": "1089.xyz", "model": "2.xyz", "model_rescale": 3.932901565614263, "target_rescale": 3.8837447648432373},
{"mapping": [3, 6, 8, 1, 10, 4, 5, 9, 7, 2, 13], "R": [[0.18186799062676945, -0.008529232826711475, 0.9832859635796541], [-0.851876934176074, 0.4980958785093251, 0.16188324444115998], [-0.4911514257376782, -0.8670800124552585, 0.08332183985267363]], "T": [0.04532332845313753, 0.01625390414549848, -0.2243399245812731], "aligned_model": [[-0.13782502180947814, 0.062973975672165, 0.4372890850275228, -0.39915768763963033, 0.3595260890115543, -0.4871103653722931, 0.31161688473834437, 0.6590929081030643, 0.0708145490823831, -0.5793568773693809, 0.11605346523431595], [0.37283380352182394, -0.5850214822933572, 0.5707137951927594, -0.4100360853892713, -0.5736191438895845, 0.004305961555925518, -0.1381596842180154, 0.26456203962967184, 0.562952222372823, -0.4666410273244314, -0.06078323530277031], [-0.5405565200314024, 0.09946344939329277, -0.5031298103820996, -0.6360219524471247, -0.4821612828130987, 0.46819022846988395, 0.4253091124105071, 0.09412971657400371, 0.23415074475168973, 0.04171829985933123, -0.1744695450470701]], "inverted": false, "swapped": false, "error_lsq": 0.0495465294606638, "error_max": 0.29137944009214206, "target": "1089.xyz", "model": "3.xyz", "model_rescale": 3.9243930471874484, "target_rescale": 3.8837447648432373},
{"mapping": [6, 8, 5, 11, 9, 3, 7, 1, 0, 10, 12], "R": [[0.39677501687947686, -0.43705726858560606, 0.8071867999148525], [0.15980435766315587, 0.8988302141611697, 0.40812597734382466], [-0.903898309132259, -0.03294222347497765, 0.4264770294639181]], "T": [-0.006741669228124872, -0.12321690037591099, -0.03312477673501594], "aligned_model": [[-0.46382263453203626, 0.11119945479514225, 0.1872795335759383, -0.17684008695622944, 0.3788437998248097, -0.45365187063074236, 0.4783261727701171, 0.6696605764924067, 0.23344971641864787, -0.5891448426287632, 0.038617185549276414], [0.3001704846968013, -0.7187928231307121, 0.5060895929519991, -0.3040693375585476, -0.5497845556544045, 0.28273648711092664, -0.20049532143587412, 0.10558573657506504, 0.6561594238306068, -0.5190766989772415, -0.017415824553044773], [-0.39827765986048974, 0.1333551932767631, -0.40722664801164654, -0.7844522723313194, -0.44184384076593597, 0.26424114168017043, 0.6006385806862096, -0.0161055143836105, 0.2081281960715636, -0.06818590882016834, -0.06364882680362335]], "inverted": true, "swapped": false, "error_lsq": 0.05357267713535165, "error_max": 0.26444054870878225, "target": "1089.xyz", "model": "4.xyz", "model_rescale": 3.8936222436046832, "target_rescale": 3.8837447648432373},
{"mapping": [7, 1, 8, 6, 9, 4, 2, 3, 10, 5, 11], "R": [[-0.6947399868735884, 0.3914018595111446, 0.6034409126087696], [-0.5171321416679588, -0.8549301425166458, -0.040850942099027815], [0.4999106907166486, -0.34043947448509293, 0.7963606378516692]], "T": [0.12839651311297323, -0.013843978471652661, -0.12552744107860472], "aligned_model": [[-0.3317317212507143, 0.07397408575084162, 0.48426565631981444, -0.3206984728785576, 0.4716970833442044, -0.3764235727175737, 0.2996202417274758, 0.6677766795647977, 0.0680973347488859, -0.6135893065977529, -0.009071003332854044], [0.33219281094082526, -0.784197640954307, 0.4669416115622279, -0.3948591100564841, -0.29217263008921596, 0.026900952182552035, -0.05932544731026805, 0.13561293897473037, 0.538814482694194, -0.3342546938617222, -0.09454611022695822], [-0.4226605353352275, 0.0905794798208025, -0.5591922836238887, -0.6619505867093425, -0.5576313915221505, 0.4861269797137855, 0.5995741626127344, 0.0049091265970891695, 0.17513854282293187, -0.06256019675039073, -0.06571085688843056]], "inverted": true, "swapped": false, "error_lsq": 0.04281455479406311, "error_max": 0.21277644503164655, "target": "1089.xyz", "model": "5.xyz", "model_rescale": 3.6523030999806103, "target_rescale": 3.8837447648432373},
{"mapping": [1, 7, 2, 0, 3, 8, 9, 4, 6, 5, 12], "R": [[-0.7807031871644289, -0.4997198824371339, 0.3752100380431204], [0.3960321830710292, -0.8601124338367838, -0.32150444962917585], [0.4833849847929677, -0.10240429803666223, 0.8693976743817071]], "T": [0.11719567177051635, 0.006920863582421853, 0.03891009507857546], "aligned_model": [[-0.23858816312411832, 0.18010651873316896, 0.4018216109473075, -0.29443236854560817, 0.27526545258065194, -0.38709990715343545, 0.2381469432492174, 0.6538518080907304, -0.0244542807812321, -0.47630800442533106, 0.08560739510721643], [0.2929769538803938, -0.6734118693094376, 0.48842141287119456, -0.42855625945164966, -0.36777548321554343, 0.11700336084685836, -0.1798497845570321, 0.07531347520358794, 0.6199872823778216, -0.3238930206714072, -0.07910890411921279], [-0.48450622299390145, 0.03614286044463014, -0.4742730398659175, -0.7536085244113215, -0.5243458814000361, 0.47165819217464855, 0.7267693758198442, -0.15201985006469862, 0.20233995513964415, -0.008197126381124298, -0.013337297723854266]], "inverted": true, "swapped": false, "error_lsq": 0.044894907845477394, "error_max": 0.23877617475907353, "target": "1089.xyz", "model": "6.xyz", "model_rescale": 4.08911054899281, "target_rescale": 3.8837447648432373},
{"mapping": [1, 6, 9, 0, 3, 13, 5, 8, 11, 2, 14], "R": [[-0.9647706944263718, 0.2599708568948067, -0.04040619681975465], [-0.10137577304222303, -0.22561646889466674, 0.9689273252435364], [0.24277656356441923, 0.9388888978621923, 0.24402290395569365]], "T": [0.10680402318279492, -0.02877811881728362, 0.11539763751849927], "aligned_model": [[-0.3929458102009983, 0.01956466915140638, 0.2628852970318794, -0.14642548564759383, 0.4462115267442932, -0.5142482554888149, 0.4214826820607475, 0.7291557288762154, 0.07640428076556766, -0.5977866984007202, 0.1096190697865848], [0.23837600909997866, -0.48815577497350016, 0.3665439463960325, -0.43412043023587343, -0.42047018948575066, 0.20865298026422932, -0.33731042319157745, 0.14285248709128354, 0.5547639731816558, -0.3767764934654402, 0.08675107917453634], [-0.350246899467637, -0.059257538717655794, -0.5433256796769043, -0.6946817471934214, -0.482792386276092, 0.4216900838787865, 0.7369170566741597, -0.104534767599374, 0.17094532409160662, -0.06512546236602393, -0.002965542609532426]], "inverted": false, "swapped": false, "error_lsq": 0.0520440494336283, "error_max": 0.2622043446030096, "target": "1089.xyz", "model": "7.xyz", "model_rescale": 3.964800864290218, "target_rescale": 3.8837447648432373},
{"mapping": [1, 6, 5, 0, 3, 7, 11, 10, 8, 2, 13], "R": [[-0.7675983398705395, 0.07184239094538075, 0.6368920312668725], [0.34265747099161553, -0.7937645991057556, 0.5025172820710841], [0.5416443909075604, 0.6039672442026391, 0.5846750565302471]], "T": [-0.0018098711763465045, -0.10364506925818918, 0.005603995632364939], "aligned_model": [[-0.49883263027857494, 0.23751564599841032, 0.4487888625405814, -0.25474449193356785, 0.3403843659930034, -0.568770518313384, 0.4369499795306242, 0.7675317439045478, 0.06862547125191354, -0.5937406436456657, 0.030209219630679136], [0.272239948081811, -0.6320000044383594, 0.4485573665237167, -0.45575678148954685, -0.37443955299859566, 0.2844544809049121, -0.4064763798110655, 0.18322605112385426, 0.6550872260949612, -0.400664188524407, -0.03312100161170657], [-0.41248537501237015, 0.013981493966117045, -0.43155040964980973, -0.5646597961821299, -0.5736508250866866, 0.19211814716747766, 0.640360890238563, 0.03646582647086008, 0.1076909582301154, 0.003087818316014984, 0.015263712279761001]], "inverted": false, "swapped": false, "error_lsq": 0.055886019852688304, "error_max": 0.29436363493721773, "target": "1089.xyz", "model": "8.xyz", "model_rescale": 4.121658175737393, "target_rescale": 3.8837447648432373},
{"mapping": [6, 5, 8, 9, 7, 0, 10, 11, 2, 4, 12], "R": [[0.588682502576137, 0.6305066737647593, 0.5058796749216126], [0.6476001227040165, 0.006700352223743239, -0.7619509080996106], [-0.4838047046427307, 0.7761549069729429, -0.4043718191805445]], "T": [0.0816720879730378, 0.011963333554677782, -0.05602855288901777], "aligned_model": [[-0.21033893124478223, 0.014282044588360215, 0.36310398967269764, -0.24770391440795184, 0.48798911383213783, -0.38027500613392684, 0.42878446729045117, 0.711922002567817, -0.013770965058301637, -0.7418075360025868, 0.00173173957465253], [0.2396689680911263, -0.568407222629169, 0.5083060128798106, -0.4437943135932417, -0.32714546733477673, -0.040241381443073695, -0.29765425421848596, 0.07712034936898383, 0.6653743820363434, -0.3194164892502487, 0.047296579948305884], [-0.6417432946786508, 0.14483584376514363, -0.5087904849387002, -0.6700205993820144, -0.4745050826604461, 0.5785609152716295, 0.5440804172668169, -0.016384095559498865, 0.15912505783837294, -0.04200572673076554, -0.046530509453974134]], "inverted": false, "swapped": false, "error_lsq": 0.045790811100631816, "error_max": 0.25729501626160345, "target": "1089.xyz", "model": "9.xyz", "model_rescale": 3.833441315466971, "target_rescale": 3.8837447648432373},
{"mapping": [0, 11, 13, 10, 8, 6, 3, 2, 5, 12, 14], "R": [[0.5307770988656964, -0.44616246522372693, -0.7205655597828705], [0.6847020045154336, 0.7267945405758113, 0.05434023188893122], [0.49945854315674915, -0.522215233801813, 0.6912542319964889]], "T": [-0.038487921813641746, -0.07636992982412855, 0.017231308579658156], "aligned_model": [[-0.28555963868695766, -0.12540090255544395, 0.3066135001111749, -0.12831356743657557, 0.4301911218853614, -0.4899180785383198, 0.5642800134510038, 0.6150680668484312, 0.08517154646331707, -0.6055411349977651, 0.04732607813434135], [0.32621176873295477, -0.7422250438211908, 0.46590742388497725, -0.3617226588313465, -0.5004783631304692, 0.0024241012404467577, -0.08618895553110989, 0.22184141790234074, 0.586741662591904, -0.2748583113954115, -0.09654587778752172], [-0.4733871831344558, -0.10285275358558083, -0.4544961780631851, -0.748444417140066, -0.43887323335406264, 0.5184616770860395, 0.6424482730796579, -0.0069516750811293715, 0.06649136720674517, -0.02829970403313914, 0.05252626775708931]], "inverted": true, "swapped": false, "error_lsq": 0.04925256120666322, "error_max": 0.25590969401776975, "target": "1089.xyz", "model": "10.xyz", "model_rescale": 4.2482417240324, "target_rescale": 3.8837447648432373},
{"mapping": [6, 10, 5, 4, 9, 1, 3, 7, 2, 0, 11], "R": [[0.767575655362589, 0.45838369969597476, -0.4480089252991758], [0.4888837838288751, 0.033333202746175114, 0.8717118466006092], [0.4145120736526907, -0.8881290905311642, -0.19851060260961753]], "T": [0.016252774546043583, -0.04009423052155661, 0.001554949358181984], "aligned_model": [[-0.35862421887876117, -0.020174869936235976, 0.30344160413594606, -0.1675330530631307, 0.5198533046528869, -0.42726951875361197, 0.45935814384431806, 0.6903193081452735, 0.0072301616444552935, -0.6483047395432967, 0.055620882430723384], [0.35698681765632856, -0.6748870222963389, 0.27592159162114027, -0.15105576926232392, -0.5448082568667204, -0.024101851702675453, 0.12058091169216142, 0.02337176571672575, 0.6506135078045236, -0.40352394521305746, -0.0879905852941894], [-0.34812493156393687, -0.10195109279754361, -0.6163793081771866, -0.8468257946020624, -0.41191954783053875, 0.5512628471767683, 0.6617918438327233, -0.011197395459622395, 0.26725910637793315, -0.00947359907316594, -0.10781968714545495]], "inverted": false, "swapped": false, "error_lsq": 0.06633965615504213, "error_max": 0.35857706008889906, "target": "1089.xyz", "model": "11.xyz", "model_rescale": 3.6694154284099745, "target_rescale": 3.8837447648432373},
{"mapping": [2, 11, 1, 8, 4, 10, 5, 0, 12, 9, 13], "R": [[-0.17306780634875418, 0.6650217201365074, 0.7264940785390552], [0.7036949837696809, -0.43259447961661535, 0.563626991921624], [0.6891015195332388, 0.6087759258971323, -0.3931042709321163]], "T": [0.054450375187700094, -0.09754624566304307, 0.004521946974957586], "aligned_model": [[-0.23455345591928714, -0.02933036161508671, 0.36745442950163837, -0.4373443400363883, 0.5182783455284894, -0.49650348939508643, 0.40052894312765186, 0.7453762032234714, 0.03868210062603283, -0.6225909383320813, 0.16391956796921345], [0.31540724110066864, -0.8067619629472232, 0.4610423155925537, -0.2874514461676452, -0.3453103822156257, 0.15828647416728533, 0.0028050528041389244, 0.08379907097767547, 0.539590654596212, -0.5232274494188881, -0.05707240463357804], [-0.4105199506299637, -0.18262105557908478, -0.549085111613534, -0.5383148832144232, -0.5162036970240577, 0.19033972296517745, 0.7219688329430162, 0.026276043394244414, 0.24026848907444373, 0.07591409953021022, -0.03140004910811598]], "inverted": true, "swapped": false, "error_lsq": 0.051855152226594696, "error_max": 0.27479137210529153, "target": "1089.xyz", "model": "12.xyz", "model_rescale": 3.9764082729961374, "target_rescale": 3.8837447648432373},
{"mapping": [8, 4, 2, 3, 7, 13, 5, 0, 1, 14, 15], "R": [[0.022384522575393938, 0.05832041600509594, 0.9980469238598276], [0.3298168884236342, 0.9419776575304016, -0.06244127500371553], [-0.9437795045770087, 0.33057044905818517, 0.0018506620021333433]], "T": [-0.04752615199730387, 0.03329391619631278, 0.07236039957732737], "aligned_model": [[-0.23656560638729157, 0.338456145696307, 0.40631569493632225, -0.3561856742048586, 0.3789500332584894, -0.5507840910602071, 0.43360858974701133, 0.6695838230628364, 0.08148958570806636, -0.7018836351794653, -0.04906786089864297], [0.3260228102585395, -0.5722828089454755, 0.415541038136162, -0.29852886721364297, -0.25213259718997305, 0.01652483491207398, -0.2512946570666145, -0.015787320605197837, 0.6508118176438162, -0.41672747855754416, -0.061039607516569755], [-0.5426409954727898, 0.0597819412880172, -0.4607195471911631, -0.6369113304911176, -0.4823318284093327, 0.4201114468366287, 0.6971344468052199, -0.029875843338482713, -0.0007775459585309674, -0.017667751810835394, 0.020519448480299178]], "inverted": true, "swapped": false, "error_lsq": 0.04473499234640905, "error_max": 0.27062210868102493, "target": "1089.xyz", "model": "13.xyz", "model_rescale": 4.170626492500431, "target_rescale": 3.8837447648432373},
{"mapping": [10, 3, 12, 9, 11, 0, 2, 5, 8, 1, 13], "R": [[-0.49194582976971013, 0.8698882248905027, -0.035829830714674715], [0.8668817000124682, 0.4932278302064348, 0.07240459718378256], [0.08065617617817535, 0.004558915079621355, -0.9967315574103253]], "T": [0.03854680445374315, -0.010944702568667884, 0.03671439696087883], "aligned_model": [[-0.14040159812058733, 0.08704818085096987, 0.4004370217292788, -0.3132746928668933, 0.35297884031200505, -0.39249979088353965, 0.1719961227435948, 0.8745098129097734, -0.11515379247919819, -0.6301729726544186, 0.1184498731375826], [0.24337567350858055, -0.6979513110340153, 0.5183598426279576, -0.346808237875252, -0.3438975212693416, 0.002902067925022952, -0.19280437295838238, 0.07534939325490261, 0.7156447770944264, -0.38870400052276105, -0.04435914689556374], [-0.4340582875725928, 0.07052476286246395, -0.316242102144368, -0.6111465126009707, -0.5017413268237706, 0.4488618294688521, 0.6548167404041494, -0.3110484617163569, 0.0370982592995006, 0.006280166085307983, -0.016722626524302515]], "inverted": false, "swapped": false, "error_lsq": 0.053267974672556374, "error_max": 0.31571959093750834, "target": "1089.xyz", "model": "14.xyz", "model_rescale": 3.9786697098870705, "target_rescale": 3.8837447648432373},
{"mapping": [8, 1, 2, 9, 0, 7, 10, 4, 5, 6, 11], "R": [[0.09057500142095365, -0.3394362246184234, 0.9362580939753663], [-0.8299131979268946, -0.5453910894277044, -0.11744208564061315], [0.5504909200198943, -0.7663756317822568, -0.3311014013651972]], "T": [0.00023321524065750276, -0.058962720015002454, -0.1361722430782002], "aligned_model": [[-0.16290019763705932, 0.21068766040506526, 0.5111141761378319, -0.4108261395281023, 0.39846123245919113, -0.4282828453038337, 0.2345574248744668, 0.5549094509147261, 0.09349962135419237, -0.5215928908805163, -0.06571048811739431], [0.39908140837366035, -0.6504643893077229, 0.4516442436336674, -0.24790968925986928, -0.3621533437802559, 0.09148033774623048, -0.1858889598936504, 0.11082450479102172, 0.7015212519578967, -0.633680269657498, -0.13334793074790618], [-0.3254106960245642, 0.12171686725181835, -0.6179694916520156, -0.563657351262678, -0.6191789490790334, 0.3440536179680128, 0.6520554416085568, 0.059841281869088714, 0.10388002954785805, 0.021158440220561403, -0.14986674970969216]], "inverted": true, "swapped": false, "error_lsq": 0.055663860986826165, "error_max": 0.2774195573236395, "target": "1089.xyz", "model": "15.xyz", "model_rescale": 3.769337070930944, "target_rescale": 3.8837447648432373},
{"mapping": [2, 5, 3, 0, 1, 6, 7, 9, 8, 4, 10], "R": [[0.5215427047138861, 0.5640972177964302, -0.64014649576019], [0.2155468923408777, -0.81303915605205, -0.5408390406843427], [-0.8255499647882701, 0.14408906828936385, -0.5456240427598373]], "T": [0.0794127049777818, -0.07471429139919931, -0.062186742078372735], "aligned_model": [[-0.3534434389278649, -0.08403712930897672, 0.2673503283573291, -0.15254976953247715, 0.6015138392295285, -0.4821101145630487, 0.47609673774673106, 0.6875957228338021, 0.06267517118681754, -0.6548973305090868, 0.04572298816581334], [0.4289562169369459, -0.6799359635167391, 0.35238813390362067, -0.33068317767410305, -0.6209622468606616, 0.097297388232528, -0.37868947813926396, 0.4579182090700143, 0.5926503806476556, -0.3343092448685853, -0.04352305387583731], [-0.38695964110327563, 0.17664751172381105, -0.5737592264201234, -0.6082118828000386, -0.32704901415127874, 0.3697982515320977, 0.44906404371635267, -0.14701432690633018, 0.27816302097872403, -0.10002529984666733, -0.10403099598535856]], "inverted": true, "swapped": false, "error_lsq": 0.06849873611990485, "error_max": 0.33961005813987366, "target": "1089.xyz", "model": "16.xyz", "model_rescale": 3.7852294659196426, "target_rescale": 3.8837447648432373},
{"mapping": [10, 7, 9, 6, 11, 4, 3, 8, 0, 5, 12], "R": [[-0.9418818523313367, 0.3295021100258377, -0.0654746953976176], [-0.13200459566253445, -0.18378102306107474, 0.9740633050713878], [0.3089229078149771, 0.9260955107607127, 0.21659580322802585]], "T": [0.08953076676610101, -0.1241473236818303, 0.045550223851996086], "aligned_model": [[-0.30851014668855176, -0.023894476345358684, 0.4054603751245132, -0.3923122395325651, 0.4894268029079878, -0.5051764301826563, 0.3965712452200449, 0.6893191892615939, 0.0825381020284528, -0.5168663684649655, 0.0973609513500726], [0.2414561021079456, -0.7641541093091414, 0.5203873176648782, -0.4259694662558454, -0.3652085790054214, 0.17436533921791292, -0.01142020154915567, 0.11283849672396094, 0.5102207929257955, -0.3689344777173299, -0.08247405094802565], [-0.5520722669782148, -0.21703887293712198, -0.43613988833467865, -0.6357162052600502, -0.5200509659390922, 0.28844984319185907, 0.770473745120974, -0.04554028289503945, 0.297096146121235, 0.11315772464250648, -0.035996535994464215]], "inverted": true, "swapped": false, "error_lsq": 0.0479006464889083, "error_max": 0.27800088407104984, "target": "1089.xyz", "model": "17.xyz", "model_rescale": 3.901054581598922, "target_rescale": 3.8837447648432373},
{"mapping": [8, 6, 5, 4, 10, 0, 12, 9, 2, 1, 14], "R": [[-0.12372375548786024, -0.5808582191347867, -0.8045471779774906], [0.711386680703371, -0.6171775889395922, 0.33618568415170785], [-0.6918247052872715, -0.5307499910261666, 0.48957432957611646]], "T": [0.07442406680885025, -0.04792001005121099, -0.009582224033282571], "aligned_model": [[-0.26587785921029394, -0.034553209975558594, 0.3545205573854239, -0.23182193870752846, 0.4927040766174072, -0.5225772755957588, 0.4556594557716198, 0.7210186393493172, -0.12000290428538093, -0.5559923550222675, 0.12083981835158747], [0.28031979219490155, -0.7863839418464862, 0.4200564930539218, -0.3341271963743816, -0.3969216586202601, 0.1447675182658145, -0.16721448123992827, 0.03280225726706029, 0.7499718169222127, -0.34384720294476284, -0.05831623282251779], [-0.47527684877031606, 0.07116875027822701, -0.31393398680754214, -0.6803078016818795, -0.622520582124453, 0.4169918399903699, 0.6168389692731229, -0.10750564132711582, 0.08687961996859841, 0.016643355610050092, 0.01764476632885143]], "inverted": true, "swapped": false, "error_lsq": 0.04648002896077954, "error_max": 0.2312470665390506, "target": "1089.xyz", "model": "18.xyz", "model_rescale": 3.9405287249114394, "target_rescale": 3.8837447648432373},
{"mapping": [6, 12, 8, 1, 4, 10, 13, 7, 5, 3, 15], "R": [[0.6666856395805941, -0.7453289746289153, 0.0038700847050257003], [-0.5211671427134577, -0.4624516678151164, 0.7173027703075654], [-0.532836811165393, -0.4802324171832084, -0.6967508580213362]], "T": [0.07554460172008085, -0.08942322439973932, -0.007177454367245567], "aligned_model": [[-0.1808538690000321, 0.0395922802218095, 0.34825264349300844, -0.3759587617400332, 0.5820136644267234, -0.5662388929130799, 0.41185757626874664, 0.7574396822486095, -0.00635209945069333, -0.6386703148149067, 0.04283509593841517], [0.3824089380565331, -0.6349254849621091, 0.4493811876962576, -0.2036129288316236, -0.43567282576200056, 0.048279688180217106, -0.26574920126839774, 0.08395908329300683, 0.7379194713948454, -0.5530328484913003, -0.06784791544985479], [-0.5267134880323275, -0.04286746010585721, -0.46280041800518523, -0.4747508156330491, -0.40500320855318106, 0.4253221304070879, 0.5470179790346444, -0.03132747448053087, -0.014899941761978203, 0.01261558285718345, 2.95550111063499e-05]], "inverted": true, "swapped": false, "error_lsq": 0.044727630028523396, "error_max": 0.27616206216782685, "target": "1089.xyz", "model": "19.xyz", "model_rescale": 4.410303926677745, "target_rescale": 3.8837447648432373},
{"mapping": [1, 6, 5, 0, 3, 7, 11, 10, 8, 2, 13], "R": [[-0.7675983398705395, 0.07184239094538075, 0.6368920312668725], [0.34265747099161553, -0.7937645991057556, 0.5025172820710841], [0.5416443909075604, 0.6039672442026391, 0.5846750565302471]], "T": [-0.0018098711763465045, -0.10364506925818918, 0.005603995632364939], "aligned_model": [[-0.49883263027857494, 0.23751564599841032, 0.4487888625405814, -0.25474449193356785, 0.3403843659930034, -0.568770518313384, 0.4369499795306242, 0.7675317439045478, 0.06862547125191354, -0.5937406436456657, 0.030209219630679136], [0.272239948081811, -0.6320000044383594, 0.4485573665237167, -0.45575678148954685, -0.37443955299859566, 0.2844544809049121, -0.4064763798110655, 0.18322605112385426, 0.6550872260949612, -0.400664188524407, -0.03312100161170657], [-0.41248537501237015, 0.013981493966117045, -0.43155040964980973, -0.5646597961821299, -0.5736508250866866, 0.19211814716747766, 0.640360890238563, 0.03646582647086008, 0.1076909582301154, 0.003087818316014984, 0.015263712279761001]], "inverted": false, "swapped": false, "error_lsq": 0.055886019852688304, "error_max": 0.29436363493721773, "target": "1089.xyz", "model": "20.xyz", "model_rescale": 4.121658175737393, "target_rescale": 3.8837447648432373},
{"mapping": [1, 7, 2, 0, 3, 8, 9, 4, 6, 5, 12], "R": [[-0.7807031871644289, -0.4997198824371339, 0.3752100380431204], [0.3960321830710292, -0.8601124338367838, -0.32150444962917585], [0.4833849847929677, -0.10240429803666223, 0.8693976743817071]], "T": [0.11719567177051635, 0.006920863582421853, 0.03891009507857546], "aligned_model": [[-0.23858816312411832, 0.18010651873316896, 0.4018216109473075, -0.29443236854560817, 0.27526545258065194, -0.38709990715343545, 0.2381469432492174, 0.6538518080907304, -0.0244542807812321, -0.47630800442533106, 0.08560739510721643], [0.2929769538803938, -0.6734118693094376, 0.48842141287119456, -0.42855625945164966, -0.36777548321554343, 0.11700336084685836, -0.1798497845570321, 0.07531347520358794, 0.6199872823778216, -0.3238930206714072, -0.07910890411921279], [-0.48450622299390145, 0.03614286044463014, -0.4742730398659175, -0.7536085244113215, -0.5243458814000361, 0.47165819217464855, 0.7267693758198442, -0.15201985006469862, 0.20233995513964415, -0.008197126381124298, -0.013337297723854266]], "inverted": true, "swapped": false, "error_lsq": 0.044894907845477394, "error_max": 0.23877617475907353, "target": "1089.xyz", "model": "21.xyz", "model_rescale": 4.08911054899281, "target_rescale": 3.8837447648432373},
{"mapping": [2, 9, 4, 15, 14, 8, 10, 13, 0, 11, 16], "R": [[0.966477054130538, -0.09129530054210955, -0.23997348173930144], [-0.2058910499845394, -0.8339878896347087, -0.5119307330869174], [-0.15339810747014077, 0.544177698956481, -0.8248270440419666]], "T": [0.054389535368170046, -0.03589877636423636, -0.017566963417016662], "aligned_model": [[-0.14840755921514054, 0.2083133716004215, 0.2741257885046571, -0.31575463936837334, 0.3407805288903813, -0.5135750639871555, 0.3809863727892684, 0.6630159733868275, 0.08853590010609327, -0.6440711309460639, 0.07996746291765158], [0.2500306136503393, -0.721049695820229, 0.5023014149974725, -0.33140687120878587, -0.4201080607085266, 0.04411164952036181, -0.3527510472027745, 0.19357739579813976, 0.7212204487154904, -0.34902100063676456, 0.004202316750850997], [-0.6487337810870467, 0.10253000478232285, -0.4027276038561929, -0.5718009155384302, -0.4443994956823918, 0.3720181539693933, 0.6488222272710787, -0.13437668639701045, 0.14269501887801464, -0.018014776936426585, -0.019389704665398275]], "inverted": false, "swapped": false, "error_lsq": 0.041514239261185124, "error_max": 0.20483176666774444, "target": "1089.xyz", "model": "22.xyz", "model_rescale": 4.204369325754507, "target_rescale": 3.8837447648432373},
{"mapping": [6, 12, 8, 1, 4, 10, 13, 7, 5, 3, 15], "R": [[0.6666856395805941, -0.7453289746289153, 0.0038700847050257003], [-0.5211671427134577, -0.4624516678151164, 0.7173027703075654], [-0.532836811165393, -0.4802324171832084, -0.6967508580213362]], "T": [0.07554460172008085, -0.08942322439973932, -0.007177454367245567], "aligned_model": [[-0.1808538690000321, 0.0395922802218095, 0.34825264349300844, -0.3759587617400332, 0.5820136644267234, -0.5662388929130799, 0.41185757626874664, 0.7574396822486095, -0.00635209945069333, -0.6386703148149067, 0.04283509593841517], [0.3824089380565331, -0.6349254849621091, 0.4493811876962576, -0.2036129288316236, -0.43567282576200056, 0.048279688180217106, -0.26574920126839774, 0.08395908329300683, 0.7379194713948454, -0.5530328484913003, -0.06784791544985479], [-0.5267134880323275, -0.04286746010585721, -0.46280041800518523, -0.4747508156330491, -0.40500320855318106, 0.4253221304070879, 0.5470179790346444, -0.03132747448053087, -0.014899941761978203, 0.01261558285718345, 2.95550111063499e-05]], "inverted": true, "swapped": false, "error_lsq": 0.044727630028523396, "error_max": 0.27616206216782685, "target": "1089.xyz", "model": "23.xyz", "model_rescale": 4.410303926677745, "target_rescale": 3.8837447648432373},
{"mapping": [4, 11, 2, 10, 1, 15, 13, 0, 5, 9, 16], "R": [[-0.09299103388670815, 0.4394557281707588, -0.8934379276673836], [-0.9728572815803616, -0.23107341825158312, -0.012401010184571348], [-0.2118994509024268, 0.8680344108129797, 0.4490154611500732]], "T": [0.03792740491807292, -0.1039909838615855, 0.029006276069013417], "aligned_model": [[-0.17819904784121776, -0.02222145199900906, 0.35047236366037937, -0.26678664563241017, 0.5138857608791743, -0.5446339347244438, 0.33398971315786086, 0.6834708925572333, -0.012080338497165596, -0.5354317318137506, 0.09145142493191644], [0.3579954523753504, -0.7341491448103523, 0.5927453368233668, -0.3375968502511545, -0.5382186016721999, 0.11580820564459707, -0.2195281037268062, 0.23396423868897293, 0.5135775757591705, -0.3559004539112372, -0.08759049106413387], [-0.43331640576904207, 0.026934124530410587, -0.4707617695096775, -0.49669477287526176, -0.537778840965354, 0.3777537386850023, 0.6560508577393404, -0.16960309985175975, 0.13722056899925772, 0.01414347506026424, -0.07732543530526699]], "inverted": false, "swapped": false, "error_lsq": 0.04005424763896979, "error_max": 0.2175808527484633, "target": "1089.xyz", "model": "24.xyz", "model_rescale": 4.28219845311461, "target_rescale": 3.8837447648432373},
{"mapping": [13, 3, 2, 7, 4, 11, 8, 0, 14, 9, 15], "R": [[0.37447449836391805, -0.41202111816201337, 0.8306668696075562], [0.0028532061007054965, -0.895335254120331, -0.44538370192927984], [0.9272328236694597, 0.16915490213945, -0.3341046389862827]], "T": [0.0022705441818703306, -0.028936489924768778, 0.01301259814330133], "aligned_model": [[-0.24164774701517794, 0.06981313156505975, 0.34613279202840774, -0.31396162539868094, 0.39727408191371083, -0.37592434118649254, 0.2854155605602941, 0.8072527930771204, -0.06313000073872027, -0.5715099195912282, 0.07420227946427435], [0.21941451797635803, -0.7907682242240724, 0.45625495744185135, -0.3813058401200373, -0.33433122591900877, 0.14838106776325924, -0.07544033850284182, -0.00424268845855897, 0.7166510211900905, -0.38619696861571745, -0.027309114675748352], [-0.46838339377085136, -0.10985217452943893, -0.32629263066422864, -0.6045463558971748, -0.5211735430397615, 0.3623035709229573, 0.6451615906255436, -0.11717176024317955, 0.15431601950410306, 0.016835376807022503, -0.004574258977078645]], "inverted": true, "swapped": false, "error_lsq": 0.04557792394788541, "error_max": 0.1991684486311955, "target": "1089.xyz", "model": "25.xyz", "model_rescale": 4.100010024507729, "target_rescale": 3.8837447648432373},
{"mapping": [6, 10, 5, 4, 9, 1, 3, 7, 2, 0, 11], "R": [[0.767575655362589, 0.45838369969597476, -0.4480089252991758], [0.4888837838288751, 0.033333202746175114, 0.8717118466006092], [0.4145120736526907, -0.8881290905311642, -0.19851060260961753]], "T": [0.016252774546043583, -0.04009423052155661, 0.001554949358181984], "aligned_model": [[-0.35862421887876117, -0.020174869936235976, 0.30344160413594606, -0.1675330530631307, 0.5198533046528869, -0.42726951875361197, 0.45935814384431806, 0.6903193081452735, 0.0072301616444552935, -0.6483047395432967, 0.055620882430723384], [0.35698681765632856, -0.6748870222963389, 0.27592159162114027, -0.15105576926232392, -0.5448082568667204, -0.024101851702675453, 0.12058091169216142, 0.02337176571672575, 0.6506135078045236, -0.40352394521305746, -0.0879905852941894], [-0.34812493156393687, -0.10195109279754361, -0.6163793081771866, -0.8468257946020624, -0.41191954783053875, 0.5512628471767683, 0.6617918438327233, -0.011197395459622395, 0.26725910637793315, -0.00947359907316594, -0.10781968714545495]], "inverted": false, "swapped": false, "error_lsq": 0.06633965615504213, "error_max": 0.35857706008889906, "target": "1089.xyz", "model": "26.xyz", "model_rescale": 3.6694154284099745, "target_rescale": 3.8837447648432373},
{"mapping": [0, 7, 4, 5, 8, 6, 9, 10, 2, 1, 13], "R": [[-0.05458943141152256, 0.6724558475761633, 0.7381213498055662], [-0.6098953878958122, -0.6077581509459552, 0.5085839613890422], [0.7905995255510744, -0.4224134976765987, 0.4433048918961292]], "T": [0.10228394638313391, -0.06416831578337193, 0.03319821226287552], "aligned_model": [[-0.2847965941030092, 0.005088814491715568, 0.38761265274249906, -0.2661724186989261, 0.5665003646543326, -0.4708385205495798, 0.5658321085224783, 0.6336828033963515, -0.05918714826303899, -0.75196763887385, 0.08816258135959411], [0.2554737117483772, -0.6860047032676706, 0.3921523746342058, -0.39809568539882456, -0.31044757638231457, 0.06847017976699513, -0.3411749558215956, 0.21431191312892264, 0.5877323597642821, -0.2321654208356273, -0.009145033481176096], [-0.39683780081683095, 0.034265102852706245, -0.5880018576928858, -0.5821967166838709, -0.33040436643582816, 0.386932716092354, 0.4494360748154344, -0.011014192813513637, 0.13847043565329395, -0.1140358037651497, 0.04000884953220358]], "inverted": false, "swapped": false, "error_lsq": 0.0527119985817686, "error_max": 0.3005810351062505, "target": "1089.xyz", "model": "27.xyz", "model_rescale": 4.103607728864725, "target_rescale": 3.8837447648432373},
{"mapping": [10, 2, 6, 3, 0, 13, 8, 7, 11, 12, 14], "R": [[-0.18450491176348796, 0.9825624375318679, -0.022999867099230048], [-0.23675014558399762, -0.021719897431705937, 0.9713277585972269], [0.9538906153753186, 0.1846599642775632, 0.23662922789018614]], "T": [0.0498188578357208, 0.03317266749858119, -0.16615961132648727], "aligned_model": [[-0.25243288441593315, -0.1026602891625106, 0.3425989107533279, -0.2610012878903636, 0.3456888831988261, -0.2811660812101066, 0.4203264536887236, 0.702138202742534, 0.06195369125565072, -0.6838270870466364, 0.12229849276505561], [0.2901785134611954, -0.6730343876442686, 0.5641892120249029, -0.49554509570496064, -0.48097307486148133, 0.053640958931622906, 0.015488434797066991, 0.15714890112352714, 0.6120760862885923, -0.39785412858355207, -0.10420825597707142], [-0.48610828807423245, -0.027082613842226294, -0.3493767854798887, -0.5990328219213084, -0.5634086826738004, 0.3905293073025289, 0.5650663223873047, 0.11524865315752297, 0.2036846950923018, -0.05095047218561709, -0.17194687302467213]], "inverted": false, "swapped": false, "error_lsq": 0.04925439376494131, "error_max": 0.2461128716461892, "target": "1089.xyz", "model": "28.xyz", "model_rescale": 4.137296879288765, "target_rescale": 3.8837447648432373},
{"mapping": [5, 7, 6, 1, 0, 3, 8, 9, 4, 2, 10], "R": [[0.2547704870777628, 0.24331590644399148, 0.9358896134617044], [0.3767932383559509, 0.8663532298701293, -0.32780929917076923], [-0.8905722061929596, 0.43615301301829174, 0.12904144602286066]], "T": [0.05081558102018268, -0.04872282818366697, -0.06507802155543278], "aligned_model": [[-0.31113725031989414, 0.18027853568307264, 0.28834446634373084, -0.24573869209829624, 0.3775116311820246, -0.3322911013389387, 0.2839797352559569, 0.8262268252232977, -0.02124199851087239, -0.7265464477717147, 0.09453130103020099], [0.18056849080329074, -0.7386210289872976, 0.5339368684243804, -0.5669001033528912, -0.27173289372977794, -0.001573357474117014, -0.19878407692089284, -0.006748430895948239, 0.685474181338355, -0.09195405742469037, 0.017441572075162635], [-0.584321496578283, 0.08083990257227179, -0.4118279740320797, -0.5238882660827444, -0.6430542700647923, 0.49783842189439625, 0.5993540493011205, 0.023068269260380386, 0.17027791998687097, -0.142268779272958, -0.03939533624626962]], "inverted": false, "swapped": false, "error_lsq": 0.06404586826706755, "error_max": 0.35384768252612936, "target": "1089.xyz", "model": "29.xyz", "model_rescale": 3.607286011436655, "target_rescale": 3.8837447648432373},
{"mapping": [1, 6, 9, 0, 3, 13, 5, 8, 11, 2, 14], "R": [[-0.9647706944263718, 0.2599708568948067, -0.04040619681975465], [-0.10137577304222303, -0.22561646889466674, 0.9689273252435364], [0.24277656356441923, 0.9388888978621923, 0.24402290395569365]], "T": [0.10680402318279492, -0.02877811881728362, 0.11539763751849927], "aligned_model": [[-0.3929458102009983, 0.01956466915140638, 0.2628852970318794, -0.14642548564759383, 0.4462115267442932, -0.5142482554888149, 0.4214826820607475, 0.7291557288762154, 0.07640428076556766, -0.5977866984007202, 0.1096190697865848], [0.23837600909997866, -0.48815577497350016, 0.3665439463960325, -0.43412043023587343, -0.42047018948575066, 0.20865298026422932, -0.33731042319157745, 0.14285248709128354, 0.5547639731816558, -0.3767764934654402, 0.08675107917453634], [-0.350246899467637, -0.059257538717655794, -0.5433256796769043, -0.6946817471934214, -0.482792386276092, 0.4216900838787865, 0.7369170566741597, -0.104534767599374, 0.17094532409160662, -0.06512546236602393, -0.002965542609532426]], "inverted": false, "swapped": false, "error_lsq": 0.0520440494336283, "error_max": 0.2622043446030096, "target": "1089.xyz", "model": "30.xyz", "model_rescale": 3.964800864290218, "target_rescale": 3.8837447648432373},
