[{"mapping": [6, 4, 3, 8, 2, 5, 11, 10, 9, 1, 0, 13], "R": [[0.3714394853259053, -0.29377201218023224, -0.8807557627403889], [-0.23007990850637877, -0.9481585473805021, 0.21922272859124975], [-0.8994976066908257, 0.12121622782810008, -0.41977456053053425]], "T": [0.10230616561172462, -0.07721151392427719, -0.007415057019214345], "aligned_model": [[-0.37160232491449013, 0.15836373058798547, 0.3371983272459016, 0.07089959799159026, -0.21022971550091007, -0.5778918442270933, 0.4596780972232026, -0.2041957468598694, 0.6901270749907926, -0.09935547078563203, -0.5229050089860652, 0.10755574569513607], [-0.24653513106621217, -0.691196416319884, -0.1734375768360092, 0.5886656720619611, 0.3817095821978904, -0.5110761611262391, -0.22645232039290866, -0.5312381487096625, 0.1408592934308127, 0.2820125465535124, 0.09701308782805743, -0.05676939164426116], [-0.5123936812702775, 0.13719051751757208, -0.5809615596281469, 0.010192565128273694, -0.6402614574714612, 0.06518936048271677, 0.5347988260189175, 0.6901741092571748, -0.056991818199027586, 0.5510668381898126, 0.008049706767602149, -0.02410166143959379]], "inverted": false, "swapped": true, "error_lsq": 0.05278401600166576, "error_max": 0.3557648399759724, "target": "109.xyz", "model": "0.xyz", "model_rescale": 3.751011558992144, "target_rescale": 4.018361264657242},
{"mapping": [7, 6, 0, 2, 9, 12, 3, 13, 1, 8, 11, 10, 5, 14], "R": [[-0.7063533849226621, 0.5636509429750631, -0.42820848904665587], [0.2730889164413952, 0.7750943348076381, 0.5697817265110999], [0.6530599814145425, 0.2855282589034357, -0.701417332293985]], "T": [0.010241292733234143, 0.02341211322973903, -0.039994348860718856], "aligned_model": [[-0.3180392358156236, -0.711014856429645, 0.27280907513220687, 0.8258615812221376, 0.02096182739519083, -0.13561014168674893, 0.3890985105056194, 0.49813026612142763, -0.2175955652637849, 0.36280823129004586, -0.6279982436554515, -0.3928260803706148, 0.44016338261837756, -0.004398640280368245], [-0.04601308100498655, -0.12168280145576237, -0.3842995395466721, -0.054979309037913884, 0.6087800699543484, 0.572964120437263, 0.22374042288609208, 0.55518804183463, -0.5896664987476125, -0.41657488561545697, 0.5016948381203357, 0.18833607945834302, 0.23288470619069623, 0.07494296474753177], [0.531922656288103, 0.10988152744124814, 0.5433870755400743, 0.07116513975019888, -0.34235017683648583, 0.43822636851675534, 0.5922569195482666, 0.0417424831258426, 0.20065172135403964, -0.3900318423149884, -0.01495601448605545, -0.7348256422200853, -0.4417085214046112, -0.02841608704920665]], "inverted": false, "swapped": false, "error_lsq": 0.038735228616850616, "error_max": 0.21426763520443848, "target": "109.xyz", "model": "1.xyz", "model_rescale": 3.9405287249114394, "target_rescale": 4.018361264657242},
{"mapping": [0, 1, 8, 4, 11, 2, 5, 10, 12, 3, 7, 6, 13], "R": [[-0.5523186404094721, 0.5690639027786836, -0.6091883075129771], [-0.8086853962068753, -0.18830918789084794, 0.5572859048258969], [0.2024155365034061, 0.8004410810985294, 0.5642003423180953]], "T": [-0.058397226380290226, -0.048748772422899274, -0.14534924287703785], "aligned_model": [[-0.24349618982451715, 0.17113690419687955, -0.4126810214258625, 0.4048596915398566, 0.5272147451012831, -0.8801976525546296, 0.12645180197203792, 0.7122603257004494, 0.2192608599129291, -0.4384557065191937, -0.1493543642189963, -0.4586106585497004, -0.08240545604660465], [0.5034255478998971, 0.5373643301377728, 0.3067850566469465, -0.32081732240132427, -0.1291896979130808, 0.10678738603851845, 0.27477756022314836, 0.2841127984345598, -0.8624411692170142, -0.5383841670527776, -0.6329776983607788, -0.020095387073254874, -0.05051464379059593], [0.14157283247552235, -0.4375766926550534, -0.5844022198847776, 0.18991545144625097, -0.45287369254269205, -0.04925356677801937, 0.5739148358332542, 0.14101479888920923, -0.17888550333887934, -0.04942163769606135, 0.5325322119667146, 0.4439480911442065, -0.15736455927103074]], "inverted": false, "swapped": true, "error_lsq": 0.04407018634277889, "error_max": 0.27428617933545446, "target": "109.xyz", "model": "2.xyz", "model_rescale": 3.932901565614263, "target_rescale": 4.018361264657242},
{"mapping": [0, 3, 4, 5, 10, 1, 2, 6, 7, 9, 11, 8, 12, 13], "R": [[-0.12954241311715153, 0.9808851825563004, -0.14519993748372795], [-0.9858543044856746, -0.11170145206889559, 0.12495629609094118], [0.10634873544547668, 0.15933312350918588, 0.9814799550790401]], "T": [-0.07100336862125821, 0.07910434163029102, 0.044184114152863094], "aligned_model": [[-0.25943269117628465, -0.5608341983127696, 0.396173463153759, 0.5834271898131467, 0.11732045363631828, -0.2322817997460161, 0.3103098718220348, 0.53678044118863, -0.014808644403031826, 0.1477897783275634, -0.5820808719840125, -0.5443240644972354, 0.47878368420265716, 0.02552749875800968], [-0.03588415592029687, -0.030862209885392414, -0.3504316234096613, -0.1661577216683634, 0.7235319557937142, 0.6408590092523249, 0.2755338140718626, 0.3722397571886498, -0.6304380864590031, -0.274955191643422, 0.5780936681410052, -0.1802725981819025, 0.30855725894267877, 0.1155012519986422], [0.6768154167102998, 0.13723568003271852, 0.6445765417596987, -0.12424049850332401, -0.20560105028883707, 0.49936493753072514, 0.7584778409888622, 0.15078021802239666, -0.011800196670155805, -0.5612614615474446, -0.49202306218134656, -0.4532873397829897, -0.4335348047142495, -0.008556614103258676]], "inverted": true, "swapped": false, "error_lsq": 0.05873294332199832, "error_max": 0.38037262850959985, "target": "109.xyz", "model": "3.xyz", "model_rescale": 3.9243930471874484, "target_rescale": 4.018361264657242},
{"mapping": [1, 0, 10, 11, 4, 8, 9, 5, 7, 6, 12, 3, 13], "R": [[-0.3107261375953735, 0.7845700731874643, -0.5365622682165399], [0.5561037154055446, 0.6078652969574273, 0.566787824910705], [0.7708423477775532, -0.12226847923105799, -0.6251819685973949]], "T": [-0.0865736797792627, -0.14916322688874056, -0.08305291288145451], "aligned_model": [[-0.06092135070350811, -0.29414183125092785, 0.6517327323535096, 0.4018420093132318, 0.4923346794683523, -0.6060546145363097, -0.2141294701104258, 0.21357657153389356, 0.11954209457030729, -0.3157411872808886, 0.3260634500434352, -0.3248293958398533, -0.11206780124946353], [-0.633589680688216, 0.03411235350999567, -0.20489297984623467, -0.5912720916513051, 0.08447861118144923, -0.5323042454966458, -0.5197042878095128, 0.3747774656465815, 0.6466996212434297, 0.5079012011142836, -0.0630322375888176, 0.17706267631659833, -0.15240685225001868], [-0.5793233405407406, -0.6702563765470156, -0.5714299074137559, 0.016813383360448617, 0.023282811333610168, -0.250478555924447, 0.40885662788545957, -0.6230299896758517, 0.28196560743586707, -0.23801015415759252, 0.6670311237599281, 0.3967389662473228, -0.07508988039226905]], "inverted": false, "swapped": true, "error_lsq": 0.048734699777221106, "error_max": 0.31239211403282774, "target": "109.xyz", "model": "4.xyz", "model_rescale": 3.8936222436046832, "target_rescale": 4.018361264657242},
{"mapping": [12, 3, 9, 11, 8, 2, 6, 0, 10, 4, 1, 13], "R": [[-0.5951772210215778, 0.7189822868378934, -0.3589269379558818], [-0.8002866419576531, -0.570802369702055, 0.18364625083747854], [-0.07283794533878404, 0.3965464991093375, 0.915120488112332]], "T": [-0.09071434899643342, -0.024163399056527236, -0.03540419304811501], "aligned_model": [[0.0476909817988415, -0.5014626213923167, -0.3332862681409703, 0.3800471651707838, -0.4885972186245761, -0.829831457292112, -0.3205382701399191, -0.11475270575712586, 0.7673179758432533, 0.39737265432020324, 0.14055848739315296, -0.1169706809641175], [-0.7027506412878652, -0.49523500808755516, -0.05688816425314363, 0.06846879158386526, 0.504881131060425, 0.05524957111867663, -0.3053820235207534, 0.30022963218490256, 0.11764365032825691, -0.4276189999358135, 0.6299381989772741, -0.019613233058462416], [-0.5459698884670754, -0.0880042816822897, -0.6147435647105095, -0.4977744827668278, -0.11596432508701984, 0.35979360098263946, 0.5780778410735388, 0.5264442761167766, 0.13891030039536698, -0.03037046079020206, -0.05199765847339395, -0.03911663731548539]], "inverted": false, "swapped": true, "error_lsq": 0.042106446837745025, "error_max": 0.21939887776223047, "target": "109.xyz", "model": "5.xyz", "model_rescale": 3.6523030999806103, "target_rescale": 4.018361264657242},
{"mapping": [12, 3, 6, 4, 5, 9, 2, 11, 8, 1, 0, 10, 13], "R": [[-0.16665646821474808, 0.9805070298284256, -0.10407490600152339], [0.029335298981325753, 0.11043487180380868, 0.993450340642829], [0.9855785416880094, 0.16251185663426426, -0.04716815257587986]], "T": [0.012044171685468966, -0.07657271144075276, 0.04037598952596981], "aligned_model": [[0.27468013384897444, -0.13986356866208755, 0.13145398351250248, 0.6040199052391431, 0.6070296371835324, -0.3546194570612106, -0.5244862990542574, 0.2255827974584611, -0.583052447097798, -0.08975684166071869, 0.019091028500435488, 0.7242165586994119, -0.013212526242093549], [-0.6678858304412832, -0.050753151785412634, 0.5474521338122023, -0.2542978918774743, 0.45589400934915547, -0.5590676063491221, 0.5245624080043015, -0.6460029574599068, 0.014813763848027572, -0.09774241893289701, 0.49582469914761085, -0.15004034937896632, -0.0719299037730517], [0.6075489410378019, 0.6483618135361279, 0.36379127211449974, 0.17824975160653722, -0.09619177101238331, 0.2086097956247867, 0.28441172082730254, -0.2318993508924438, -0.24632481987528443, -0.645772511647984, -0.2658819569463715, -0.4831956385251654, 0.04840249363436598]], "inverted": false, "swapped": true, "error_lsq": 0.04262264065917714, "error_max": 0.22155999054722472, "target": "109.xyz", "model": "6.xyz", "model_rescale": 4.08911054899281, "target_rescale": 4.018361264657242},
{"mapping": [3, 1, 8, 10, 7, 6, 4, 5, 9, 11, 2, 13, 12, 14], "R": [[-0.5352506337668537, 0.7882498375850533, 0.30359340012477043], [0.4656185192248374, 0.5752073943476912, -0.6725591780970726], [-0.7047738315282794, -0.21862901690964312, -0.6749038445275531]], "T": [0.023765317001799676, 0.09849568615784524, 0.04126414090029799], "aligned_model": [[-0.21168410706616134, -0.603612536363108, 0.34383845512981065, 0.682182279929371, -0.038088735266784746, -0.23595390300215163, 0.3882217943929495, 0.6195125299300851, -0.24884099722891956, 0.1397572177836493, -0.6587022441991941, -0.16652006640428457, 0.4277582523676136, -0.03551782922010627], [0.038076601094365975, -0.21438538779183378, -0.320858509342009, -0.1761557733406561, 0.846399389579984, 0.4175247558366312, 0.2995136676213755, 0.5723159669744576, -0.5937170970792258, -0.3496048792031877, 0.4905919038940245, 0.22075912697355593, 0.17073576269494814, -0.05588039969159489], [0.7945001856644416, -0.17425504972255887, 0.47351894798813277, -0.06036546712098569, -0.1487439935646657, 0.323946552652255, 0.6101338420781837, 0.07414011021490291, 0.2884170653671562, -0.3196829815889842, -0.13377336147163735, -0.6549668884667694, -0.5414647819511631, 0.04554142717478735]], "inverted": false, "swapped": false, "error_lsq": 0.047919903747513724, "error_max": 0.28876108813066376, "target": "109.xyz", "model": "7.xyz", "model_rescale": 3.964800864290218, "target_rescale": 4.018361264657242},
{"mapping": [1, 5, 7, 12, 6, 0, 2, 4, 8, 9, 3, 10, 11, 13], "R": [[-0.6761355760580345, -0.7291481287777027, -0.10575296255256514], [0.5263446685551499, -0.5784597365078463, 0.6231738305824807], [-0.5155598633255299, 0.3656874889017224, 0.7749004373392193]], "T": [0.01904588231081249, 0.15453455867049007, 0.0773995863180244], "aligned_model": [[-0.2560856600475293, -0.7028210729317728, 0.2933080949645652, 0.6571947821579668, 0.08607527245295056, -0.27170317681950384, 0.34050483245479063, 0.60470017631379, -0.1434468201914665, 0.2032500848670281, -0.5410275095511894, -0.345647353301679, 0.4841280663972187, -0.00607960598240026], [-0.10229996110539971, -0.21841701794955828, -0.2987677819171646, -0.2437289831403637, 0.6670213608428377, 0.6487895714607661, 0.40943350405027734, 0.5408931470569971, -0.5954933947450558, -0.334470830559375, 0.6029925910769499, -0.09056528550666845, 0.27391978183458077, 0.08600842682201223], [0.7265979805115117, -0.11979560478409168, 0.5529523086209615, 0.00792246651077888, -0.18598257259725326, 0.5067436668283571, 0.5973028453679128, 0.02420669102455887, 0.03144556433872164, -0.3707067267968334, -0.02826916308654656, -0.6169050465990087, -0.598306751545665, 0.049739949459691506]], "inverted": true, "swapped": false, "error_lsq": 0.03839951485584497, "error_max": 0.199071798849848, "target": "109.xyz", "model": "8.xyz", "model_rescale": 4.121658175737393, "target_rescale": 4.018361264657242},
{"mapping": [11, 1, 8, 9, 10, 4, 0, 6, 2, 5, 12, 3, 13], "R": [[0.45142389365534025, -0.6421224917823156, 0.6195927483309678], [0.6434681619397511, -0.2468015440640168, -0.7245948677830222], [0.6181951090124624, 0.7257876434570149, 0.30177326554581113]], "T": [-0.01668161317629263, 0.03665685112847715, -0.08463393270507916], "aligned_model": [[-0.5833957690142575, -0.1637964696441489, 0.4028604908466818, 0.04861138274128046, -0.7685635344845934, -0.5283232929839929, 0.20186814892408297, 0.34026596082191607, 0.8074124141016756, -0.21989141396494805, -0.37202453819933473, 0.303876188666184, 0.007837928624651783], [0.2218024058950751, -0.35113027036223504, -0.04706808838051153, 0.594116074971324, -0.4337846757604663, 0.09060883083971054, -0.5745176386630316, -0.247283771463149, -0.10087830651407549, -0.5998171347156759, 0.7516845990765542, 0.44142116694395817, 0.04523424754423276], [-0.38218997768055374, -0.6410418189803064, -0.5961643669125756, -0.3683982578226912, -0.07611345515909913, 0.284612135001427, -0.07106455060242517, 0.46329791335283466, 0.018975577626770657, 0.3733899840593816, 0.23596041464168635, 0.2714530198162848, -0.09164118338164462]], "inverted": false, "swapped": true, "error_lsq": 0.03862280441951603, "error_max": 0.271921782077707, "target": "109.xyz", "model": "9.xyz", "model_rescale": 3.833441315466971, "target_rescale": 4.018361264657242},
{"mapping": [6, 4, 7, 8, 0, 12, 11, 10, 3, 2, 1, 5, 13, 14], "R": [[0.44862560193063394, 0.2534950574740235, 0.8570153587472152], [0.6488100237445893, -0.7518641235987275, -0.11724287924502273], [0.614638611202487, 0.6086383125316374, -0.5017756292783849]], "T": [0.028777620600653097, 0.11034305897406493, 0.09954152753074037], "aligned_model": [[-0.5788435840129884, -0.6413319389193142, 0.19894545920782625, 0.7997969562531874, 0.026143665715152472, -0.11257324884183838, 0.4263413580325624, 0.6618559879103512, -0.09678225545121559, 0.20677487325904811, -0.47468820662163597, -0.30076077560638065, 0.2297206396980795, 0.057751180159934995], [0.14532625589844003, -0.31705715837762904, -0.3229656086746997, -0.004001878288261956, 0.6547531033977164, 0.551136100107706, 0.1808033801115184, 0.634711036431007, -0.7488389836923985, -0.341423542451533, 0.6309148656802227, 0.056518053577892205, 0.20531052921601795, 0.020128975284837106], [0.40087558747374274, 0.03477415505108007, 0.5761970446770666, 0.09582914970252433, -0.30964513832723356, 0.4852117025595864, 0.6493737736458164, 0.10157833436323664, 0.08049461615501599, -0.4304341047487666, -0.04584102918046888, -0.4886272541012065, -0.666153989033455, 0.09331275901615678]], "inverted": false, "swapped": false, "error_lsq": 0.046938982410222554, "error_max": 0.3663080435064273, "target": "109.xyz", "model": "10.xyz", "model_rescale": 4.2482417240324, "target_rescale": 4.018361264657242},
{"mapping": [8, 1, 5, 10, 3, 7, 6, 4, 11, 12, 9, 13], "R": [[0.3517451035111636, -0.9252538419391634, 0.14205882631057692], [-0.9328992424444922, -0.3339532539578782, 0.13481182298833425], [-0.07729414985892444, -0.17994597007925114, -0.9806350300952051]], "T": [-0.14247913981019047, -0.026829548100439242, -0.01172966904645854], "aligned_model": [[-0.6761865308283627, -0.11116602410391904, 0.44063880267760736, 0.658786040589774, -0.4079938463126821, 0.16539721026182866, -0.11744853301394009, 0.42064011516493205, 0.1466010463706686, 0.03665981417647604, -0.5101654301829867, -0.16899706243638865], [-0.42487419428828554, -0.7167668739320691, -0.08711206956027073, -0.40238568295158206, 0.5389885131403602, 0.7743197049569307, 0.2688689362424956, 0.23078908931599085, -0.21428274923785356, 0.6190970534949063, 0.1034739038458373, -0.023984240975820238], [0.025763104631761586, -0.079680708081501, 0.5473040945818294, -0.07211139313377395, 0.040627141782754186, 0.257513590923721, 0.6364979381611203, -0.14424391537450335, -0.5820605853743317, -0.5511757467654272, -0.5050591289975057, -0.008182102499786865]], "inverted": true, "swapped": true, "error_lsq": 0.04450649946770303, "error_max": 0.2195189258285647, "target": "109.xyz", "model": "11.xyz", "model_rescale": 3.6694154284099745, "target_rescale": 4.018361264657242},
{"mapping": [10, 7, 8, 3, 0, 12, 2, 1, 9, 11, 5, 6, 4, 13], "R": [[0.6621238117398046, 0.5309517469293397, -0.5288499790676318], [-0.503505047292081, -0.2074910248731555, -0.838707423329785], [-0.5550447957404443, 0.821606789790451, 0.12995213615665777]], "T": [-0.04091133060899067, 0.10682317745884098, 0.025380399688969192], "aligned_model": [[-0.28884552068981095, -0.7373847324057986, 0.4116847051575998, 0.8157764342560251, 0.04949179302395153, -0.23659092215111888, 0.3523215778476886, 0.5858594259798325, -0.2363702305829855, 0.08781621811646247, -0.6926847240224665, -0.24724753642362213, 0.5255132456343795, 0.013010377042631735], [-0.04159676802892037, -0.13750044869328495, -0.43579435627223073, 0.03352310643644954, 0.6997702508486894, 0.600006176765655, 0.16090067078989856, 0.6458003711204828, -0.6437259000827561, -0.49824138539822704, 0.5122897679789221, 0.09052270951054839, 0.15558791121953988, 0.20377302202606895], [0.5910914076062803, 0.11138089249571176, 0.2961587071788166, 0.06967570104268997, -0.3631796443470575, 0.44993725914966615, 0.5437982599272594, 0.2074119834849063, 0.23312583889884125, -0.3775522769218957, -0.20990470414675033, -0.5009412684649828, -0.44839576045320056, -0.025660788197189928]], "inverted": false, "swapped": false, "error_lsq": 0.04672509451531225, "error_max": 0.35162282393766237, "target": "109.xyz", "model": "12.xyz", "model_rescale": 3.9764082729961374, "target_rescale": 4.018361264657242},
{"mapping": [8, 3, 2, 9, 13, 10, 1, 12, 7, 4, 11, 14, 6, 15], "R": [[0.6355640468904962, -0.4613244497903644, -0.6190622701520363], [0.32277726065135554, -0.5696294828858783, 0.7558684357965835], [-0.7013367110786246, -0.6802220257039495, -0.21313097719626187]], "T": [0.17113761391272891, 0.0729046266797395, -0.00719636387589323], "aligned_model": [[-0.356917509498, -0.6197153860812108, 0.12684080952923937, 0.7352908072954976, 0.11271692257582067, -0.07972862822076254, 0.3124109879214233, 0.5017997603739233, -0.03107440718258997, 0.2922254704319113, -0.505887304772755, -0.3931204604501391, 0.1939772456954496, 0.11353180316496098], [0.04803078787795391, -0.20928541097240916, -0.3372457162898076, -0.003402239868094639, 0.6024032814722117, 0.6266419996986855, 0.2377327788224048, 0.5962547043556848, -0.6466286539064827, -0.5034790347129658, 0.484321722072002, 0.29048087835244135, 0.1559711510586837, 0.0035188802605282815], [0.4620497500467385, -0.06519431525416189, 0.6754997641265243, 0.18621398494571878, -0.3083586848650551, 0.5187199310210824, 0.5896252948450595, 0.14766091248697488, 0.10423009427640173, -0.418272181289612, 0.04682152063764794, -0.5297683108836084, -0.7662991958076832, -0.06598295703293175]], "inverted": false, "swapped": false, "error_lsq": 0.04952400054152705, "error_max": 0.3527237509425945, "target": "109.xyz", "model": "13.xyz", "model_rescale": 4.170626492500431, "target_rescale": 4.018361264657242},
{"mapping": [4, 6, 12, 10, 0, 2, 8, 7, 5, 11, 2, 3, 9, 13], "R": [[0.6362069849582652, -0.31656239664118413, 0.7035829171626493], [0.382594840346526, -0.6624651993671029, -0.6440194467310139], [0.6699715370301413, 0.678916864321615, -0.3003498475264731]], "T": [0.052552963370041214, 0.17544733038382676, 0.008390427803611648], "aligned_model": [[-0.19100438452000662, -0.6108227895406306, 0.2966709154785605, 0.5825248265789069, 0.05472914319359183, -0.513133974385912, 0.4709003054405525, 0.7010421947666232, -0.19531065284016602, 0.06178202899234202, -0.513133974385912, -0.30585594051426046, 0.540539018676537, 0.023423393842542925], [0.1566321396552204, -0.3227633392227046, -0.3513341540754651, -0.01778784710334505, 0.7704896496476287, 0.4980680717507694, 0.2593524766729722, 0.650876862378188, -0.6808599666199243, -0.4044204924793926, 0.4980680717507694, 0.19078871228567043, 0.016394499653540423, 0.08181044392690891], [0.6742649936789219, -0.13020252357017992, 0.4540515258090133, 0.019266794993710527, 0.05056042963446094, 0.10244526780922245, 0.6162569597114467, 0.11259349761972076, 0.18872697211328737, -0.39574789441633684, 0.10244526780922245, -0.5804909728601201, -0.6184095764457238, -0.018815134633550397]], "inverted": false, "swapped": false, "error_lsq": 0.06025744316233752, "error_max": 0.4894590180236492, "target": "109.xyz", "model": "14.xyz", "model_rescale": 3.9786697098870705, "target_rescale": 4.018361264657242},
{"mapping": [6, 8, 5, 7, 0, 10, 9, 11, 4, 3, 1, 13], "R": [[-0.15045610755714706, -0.9878925750807027, 0.037831465728553185], [0.9876499048487785, -0.14850693945156151, 0.049933499646326304], [-0.04371069835808657, 0.0448770435205878, 0.9980357838343774]], "T": [-0.07426473565093647, -0.05117255027332509, 0.026800640736985012], "aligned_model": [[0.18671433760933828, -0.720232653793759, 0.4874920843490984, 0.6143590420492702, -0.11925529834778005, 0.4323100479149983, -0.40605677321548883, 0.0002543958087703746, 0.515962727720772, -0.02738713878197275, -0.38545642780405487, -0.09534974674185548], [-0.3585586264895638, 0.0269292924314117, 0.23270017551227326, -0.6193062408811768, 0.2054598156527533, 0.6737988279988085, -0.2961232574815949, 0.30940791782898375, 0.0160366040561234, -0.676402977448157, 0.5677607728722193, -0.06702781382764134], [-0.5611337766379068, -0.119193806282998, -0.483125644974655, -0.08338696305590168, -0.5678404793044183, 0.09397758388568393, 0.5016262388461715, 0.5821492122198205, 0.24622068130767613, 0.043497265610757035, -0.014341074489399353, 0.021517256748999805]], "inverted": true, "swapped": true, "error_lsq": 0.04914441345251713, "error_max": 0.28125741133337884, "target": "109.xyz", "model": "15.xyz", "model_rescale": 3.769337070930944, "target_rescale": 4.018361264657242},
{"mapping": [6, 7, 0, 5, 2, 3, 8, 12, 1, 10, 13], "R": [[0.20555860797433984, -0.9068871361254596, -0.36783336039273806], [-0.7741384281450543, -0.3806226821641203, 0.5058024000450135], [-0.5987114102443318, 0.18078190217041434, -0.7802964507742493]], "T": [0.1319327647231071, 0.039138627854920074, 0.11653055810004534], "aligned_model": [[-0.23706671131799134, -0.31863247474967316, -0.15957133744968316, -0.6493421432856096, 0.34832032952342995, 0.298651932545705, 0.5959026405425523, 0.21234351506841065, 0.18198405619701166, -0.5027021362696992, 0.15273845988671697], [0.0023800793570753626, -0.6436268370905589, 0.5475289199986785, 0.2115179996102476, 0.2544309870147624, -0.4204583666517944, 0.49910429384846616, -0.7790170743952085, 0.6424149892197892, 0.23993357383140718, 0.0418559328824772], [-0.4923629888021097, -0.25755792141254263, -0.162838468255972, -0.010253259599122516, -0.6680759916440693, -0.27636216918889644, -0.01708219616959858, 0.37043874692985235, 0.45588858222358775, 0.7027337519344226, 0.09968952120822486]], "inverted": false, "swapped": true, "error_lsq": 0.047454674138525846, "error_max": 0.2442083630054065, "target": "109.xyz", "model": "16.xyz", "model_rescale": 3.7852294659196426, "target_rescale": 4.018361264657242},
{"mapping": [6, 4, 12, 7, 5, 10, 1, 11, 3, 2, 8, 9, 13], "R": [[0.7756340972151129, -0.6010564427847688, -0.19267303865413382], [-0.5695758032051487, -0.7980589480574414, 0.19668584043763881], [-0.2719837341469285, -0.042814343535438795, -0.9613489378717401]], "T": [0.008847590312195935, 0.17890115162946155, 0.025735187568264747], "aligned_model": [[-0.0026515420703492783, -0.2697235864525128, 0.34769023180417297, 0.1379097186771995, -0.6242295335932341, -0.8252342682099765, -0.37880212172552485, -0.19050343821601876, 0.5198063645729206, 0.4072875280706781, 0.2093056209157323, 0.4920866172205862, 0.030824259222609653], [-0.07563643095990938, -0.3528981868953044, -0.457814526002125, -0.6544024294443974, -0.0985170466095879, 0.034669839042554274, 0.7295966884241487, 0.16682377818642383, -0.13699518712497552, 0.44232074940070243, 0.8093202919501176, 0.2770047476666143, 0.19158333606861283], [-0.6401037904657404, 0.22727487638531052, 0.4948757000111979, -0.2874229425174766, -0.3966766548256182, 0.29072393091999804, 0.1932866572973015, 0.6614212069629622, -0.15459785877412652, -0.6675450930709894, -0.05839039206263566, 0.41612202275872917, 0.016787034524261217]], "inverted": false, "swapped": true, "error_lsq": 0.05231483989040063, "error_max": 0.40560408775605583, "target": "109.xyz", "model": "17.xyz", "model_rescale": 3.901054581598922, "target_rescale": 4.018361264657242},
{"mapping": [7, 6, 0, 2, 9, 12, 3, 13, 1, 8, 11, 10, 5, 14], "R": [[-0.7063533849226621, 0.5636509429750631, -0.42820848904665587], [0.2730889164413952, 0.7750943348076381, 0.5697817265110999], [0.6530599814145425, 0.2855282589034357, -0.701417332293985]], "T": [0.010241292733234143, 0.02341211322973903, -0.039994348860718856], "aligned_model": [[-0.3180392358156236, -0.711014856429645, 0.27280907513220687, 0.8258615812221376, 0.02096182739519083, -0.13561014168674893, 0.3890985105056194, 0.49813026612142763, -0.2175955652637849, 0.36280823129004586, -0.6279982436554515, -0.3928260803706148, 0.44016338261837756, -0.004398640280368245], [-0.04601308100498655, -0.12168280145576237, -0.3842995395466721, -0.054979309037913884, 0.6087800699543484, 0.572964120437263, 0.22374042288609208, 0.55518804183463, -0.5896664987476125, -0.41657488561545697, 0.5016948381203357, 0.18833607945834302, 0.23288470619069623, 0.07494296474753177], [0.531922656288103, 0.10988152744124814, 0.5433870755400743, 0.07116513975019888, -0.34235017683648583, 0.43822636851675534, 0.5922569195482666, 0.0417424831258426, 0.20065172135403964, -0.3900318423149884, -0.01495601448605545, -0.7348256422200853, -0.4417085214046112, -0.02841608704920665]], "inverted": false, "swapped": false, "error_lsq": 0.038735228616850616, "error_max": 0.21426763520443848, "target": "109.xyz", "model": "18.xyz", "model_rescale": 3.9405287249114394, "target_rescale": 4.018361264657242},
{"mapping": [1, 12, 2, 5, 7, 0, 6, 8, 10, 11, 4, 13, 9, 15], "R": [[-0.5333705460275495, -0.4926190849312656, 0.6876352941725405], [0.8445989661210486, -0.2653977383554497, 0.46499099658280296], [-0.046566587351121014, 0.8287885602717349, 0.5576209064455668]], "T": [-0.1391503580434091, 0.05639616111576598, 0.002785272209305155], "aligned_model": [[-0.2791354483597684, -0.6861223254409282, 0.39717249715078917, 0.6859027233681273, 0.04276383194203057, -0.1679879459215384, 0.30693055015865334, 0.3840318264536008, 0.0073021009105820045, 0.20527400445768698, -0.4944288355406673, -0.28743016118827547, 0.4058385993731647, -0.11776130658068888], [0.012516974646363296, 0.04327128526078783, -0.40442171498775026, 0.012244113350157598, 0.5948760838555719, 0.5783312577105544, 0.20435118606814104, 0.5676496237815796, -0.7105079109100386, -0.40568652644950043, 0.694321693935441, -0.048261979304320274, 0.17949461937961675, 0.027136421884231474], [0.6462122031527828, 0.030864921859390236, 0.5080871256324189, 0.09552497401117385, -0.41263276932165294, 0.44935711013004903, 0.5836506520704096, 0.19558686523464597, 0.0939656348050702, -0.4297244389741435, -0.03585727713778417, -0.6440451684744155, -0.5233740694578309, 0.01932984372298136]], "inverted": true, "swapped": false, "error_lsq": 0.04467557682113774, "error_max": 0.2900852248170502, "target": "109.xyz", "model": "19.xyz", "model_rescale": 4.410303926677745, "target_rescale": 4.018361264657242},
{"mapping": [1, 5, 7, 12, 6, 0, 2, 4, 8, 9, 3, 10, 11, 13], "R": [[-0.6761355760580345, -0.7291481287777027, -0.10575296255256514], [0.5263446685551499, -0.5784597365078463, 0.6231738305824807], [-0.5155598633255299, 0.3656874889017224, 0.7749004373392193]], "T": [0.01904588231081249, 0.15453455867049007, 0.0773995863180244], "aligned_model": [[-0.2560856600475293, -0.7028210729317728, 0.2933080949645652, 0.6571947821579668, 0.08607527245295056, -0.27170317681950384, 0.34050483245479063, 0.60470017631379, -0.1434468201914665, 0.2032500848670281, -0.5410275095511894, -0.345647353301679, 0.4841280663972187, -0.00607960598240026], [-0.10229996110539971, -0.21841701794955828, -0.2987677819171646, -0.2437289831403637, 0.6670213608428377, 0.6487895714607661, 0.40943350405027734, 0.5408931470569971, -0.5954933947450558, -0.334470830559375, 0.6029925910769499, -0.09056528550666845, 0.27391978183458077, 0.08600842682201223], [0.7265979805115117, -0.11979560478409168, 0.5529523086209615, 0.00792246651077888, -0.18598257259725326, 0.5067436668283571, 0.5973028453679128, 0.02420669102455887, 0.03144556433872164, -0.3707067267968334, -0.02826916308654656, -0.6169050465990087, -0.598306751545665, 0.049739949459691506]], "inverted": true, "swapped": false, "error_lsq": 0.03839951485584497, "error_max": 0.199071798849848, "target": "109.xyz", "model": "20.xyz", "model_rescale": 4.121658175737393, "target_rescale": 4.018361264657242},
{"mapping": [12, 3, 6, 4, 5, 9, 2, 11, 8, 1, 0, 10, 13], "R": [[-0.16665646821474808, 0.9805070298284256, -0.10407490600152339], [0.029335298981325753, 0.11043487180380868, 0.993450340642829], [0.9855785416880094, 0.16251185663426426, -0.04716815257587986]], "T": [0.012044171685468966, -0.07657271144075276, 0.04037598952596981], "aligned_model": [[0.27468013384897444, -0.13986356866208755, 0.13145398351250248, 0.6040199052391431, 0.6070296371835324, -0.3546194570612106, -0.5244862990542574, 0.2255827974584611, -0.583052447097798, -0.08975684166071869, 0.019091028500435488, 0.7242165586994119, -0.013212526242093549], [-0.6678858304412832, -0.050753151785412634, 0.5474521338122023, -0.2542978918774743, 0.45589400934915547, -0.5590676063491221, 0.5245624080043015, -0.6460029574599068, 0.014813763848027572, -0.09774241893289701, 0.49582469914761085, -0.15004034937896632, -0.0719299037730517], [0.6075489410378019, 0.6483618135361279, 0.36379127211449974, 0.17824975160653722, -0.09619177101238331, 0.2086097956247867, 0.28441172082730254, -0.2318993508924438, -0.24632481987528443, -0.645772511647984, -0.2658819569463715, -0.4831956385251654, 0.04840249363436598]], "inverted": false, "swapped": true, "error_lsq": 0.04262264065917714, "error_max": 0.22155999054722472, "target": "109.xyz", "model": "21.xyz", "model_rescale": 4.08911054899281, "target_rescale": 4.018361264657242},
{"mapping": [12, 14, 10, 6, 4, 13, 7, 0, 9, 11, 3, 15, 1, 16], "R": [[0.6402029645911225, 0.0019395277082364243, 0.7682033600297562], [-0.2098191752748023, 0.9624158630344564, 0.17242859468964097], [-0.7389966696919141, -0.2715730929453647, 0.6165484387883473]], "T": [0.07837875315398996, 0.03335419082911484, -0.0403690553390464], "aligned_model": [[-0.35687195505236674, -0.5602614553543583, 0.2566676837666313, 0.7761615229344461, -0.015035839259869566, -0.15039510477891943, 0.3116575251194327, 0.5794410255883484, -0.2615589257717425, 0.2164138901667063, -0.6135372065659099, -0.32156788822674937, 0.45417535646764884, 0.08706148174947088], [-0.02420911879485394, -0.020680722678795227, -0.40248372395114385, 0.03137491340494558, 0.7218890660562555, 0.4782881074934959, 0.22986752127150917, 0.620214535672615, -0.5460339813120749, -0.4638072185690323, 0.549412394467214, -0.11077095536832243, 0.20565920349772446, 0.07659510703129892], [0.5531061273140154, -0.008096804942307592, 0.6149123944792233, 0.22166036516514392, -0.09940824052869271, 0.39140206198635413, 0.6020947284792845, 0.027534795600051773, 0.19690574735183186, -0.6057626034217745, 0.05562604056270083, -0.6326338982733599, -0.7179281131437711, -0.022466993375604923]], "inverted": true, "swapped": false, "error_lsq": 0.044258827427174595, "error_max": 0.269406462464129, "target": "109.xyz", "model": "22.xyz", "model_rescale": 4.204369325754507, "target_rescale": 4.018361264657242},
{"mapping": [1, 12, 2, 5, 7, 0, 6, 8, 10, 11, 4, 13, 9, 15], "R": [[-0.5333705460275495, -0.4926190849312656, 0.6876352941725405], [0.8445989661210486, -0.2653977383554497, 0.46499099658280296], [-0.046566587351121014, 0.8287885602717349, 0.5576209064455668]], "T": [-0.1391503580434091, 0.05639616111576598, 0.002785272209305155], "aligned_model": [[-0.2791354483597684, -0.6861223254409282, 0.39717249715078917, 0.6859027233681273, 0.04276383194203057, -0.1679879459215384, 0.30693055015865334, 0.3840318264536008, 0.0073021009105820045, 0.20527400445768698, -0.4944288355406673, -0.28743016118827547, 0.4058385993731647, -0.11776130658068888], [0.012516974646363296, 0.04327128526078783, -0.40442171498775026, 0.012244113350157598, 0.5948760838555719, 0.5783312577105544, 0.20435118606814104, 0.5676496237815796, -0.7105079109100386, -0.40568652644950043, 0.694321693935441, -0.048261979304320274, 0.17949461937961675, 0.027136421884231474], [0.6462122031527828, 0.030864921859390236, 0.5080871256324189, 0.09552497401117385, -0.41263276932165294, 0.44935711013004903, 0.5836506520704096, 0.19558686523464597, 0.0939656348050702, -0.4297244389741435, -0.03585727713778417, -0.6440451684744155, -0.5233740694578309, 0.01932984372298136]], "inverted": true, "swapped": false, "error_lsq": 0.04467557682113774, "error_max": 0.2900852248170502, "target": "109.xyz", "model": "23.xyz", "model_rescale": 4.410303926677745, "target_rescale": 4.018361264657242},
{"mapping": [11, 10, 15, 5, 0, 7, 13, 12, 9, 4, 1, 3, 2, 16], "R": [[0.9194801497718439, -0.3165979086594103, -0.23307084418269805], [0.028947070655073542, -0.53671892823616, 0.843264406442913], [-0.39206928121957985, -0.7821116009275887, -0.4843378184887553]], "T": [0.03157314430210378, 0.015059595510494073, 0.19551846621525787], "aligned_model": [[-0.4863722197099548, -0.46653886970329483, 0.4022077632322475, 0.5983659216481217, 0.20470507235035454, -0.15909696642555596, 0.3019807303840422, 0.6369266026475201, -0.19254735017548585, 0.14063774027161885, -0.6415348041939629, -0.24113041236997945, 0.31993968825050084, -0.01519278542340221], [0.009018058242761855, -0.31634700831456763, -0.5490216677194986, -0.07718252014309354, 0.6080036177446421, 0.6309644868740751, 0.37716582210743743, 0.542202350804216, -0.5335641829575781, -0.2819585045661115, 0.4713461213307842, 0.18894828371605588, 0.21891746517923913, 0.05682280592247371], [0.5594107391981031, -0.06107075943585777, 0.4273729433299175, -0.061073375190641155, -0.23902558572108296, 0.35749676831716104, 0.7339842886015995, 0.15258199227659497, 0.39850106961495935, -0.41584847362041927, -0.07845898832544596, -0.6439137698387349, -0.6460162368622553, 0.09300499490919675]], "inverted": true, "swapped": false, "error_lsq": 0.04674345724678798, "error_max": 0.25590428638950025, "target": "109.xyz", "model": "24.xyz", "model_rescale": 4.28219845311461, "target_rescale": 4.018361264657242},
{"mapping": [2, 13, 0, 1, 11, 14, 6, 8, 4, 3, 12, 9, 5, 15], "R": [[-0.857335939083598, -0.2565475048320559, -0.4462717393249228], [-0.5018448000383691, 0.2236019132421347, 0.8355560909172446], [-0.11457261553309761, 0.9403114176478469, -0.32044898753312023]], "T": [-0.043408470054607046, 0.07829666245630436, -0.004018858049929838], "aligned_model": [[-0.28244956044879976, -0.6239571489956285, 0.3281031107567528, 0.5353216963066684, -0.09984222542579296, -0.30197309396997585, 0.413855361730891, 0.5780454638330912, -0.04999961478472051, 0.2360404769555118, -0.6282056412981606, -0.2248407660460765, 0.5363198171066005, -0.014067764937591827], [-0.025452110533084327, -0.018407545236380954, -0.33280393557335514, -0.16870962517484045, 0.5834463337007747, 0.6330261403381869, 0.32998298030472833, 0.38110724612189123, -0.6379585695296767, -0.4736101727394802, 0.5453888694781344, 0.11356344100032321, 0.3787203158841047, 0.03702176017951015], [0.6291284973060498, 0.07677708573049404, 0.5947545679289684, -0.12207260538902075, -0.19925233915627927, 0.4493729885055934, 0.7306653737869646, 0.059595726790616546, 0.14289462836151978, -0.47022962169544413, -0.15976557190944624, -0.6541821146103576, -0.5507742169083201, 0.05003320851175746]], "inverted": false, "swapped": false, "error_lsq": 0.03858875799888565, "error_max": 0.24035200649817362, "target": "109.xyz", "model": "25.xyz", "model_rescale": 4.100010024507729, "target_rescale": 4.018361264657242},
{"mapping": [8, 1, 5, 10, 3, 7, 6, 4, 11, 12, 9, 13], "R": [[0.3517451035111636, -0.9252538419391634, 0.14205882631057692], [-0.9328992424444922, -0.3339532539578782, 0.13481182298833425], [-0.07729414985892444, -0.17994597007925114, -0.9806350300952051]], "T": [-0.14247913981019047, -0.026829548100439242, -0.01172966904645854], "aligned_model": [[-0.6761865308283627, -0.11116602410391904, 0.44063880267760736, 0.658786040589774, -0.4079938463126821, 0.16539721026182866, -0.11744853301394009, 0.42064011516493205, 0.1466010463706686, 0.03665981417647604, -0.5101654301829867, -0.16899706243638865], [-0.42487419428828554, -0.7167668739320691, -0.08711206956027073, -0.40238568295158206, 0.5389885131403602, 0.7743197049569307, 0.2688689362424956, 0.23078908931599085, -0.21428274923785356, 0.6190970534949063, 0.1034739038458373, -0.023984240975820238], [0.025763104631761586, -0.079680708081501, 0.5473040945818294, -0.07211139313377395, 0.040627141782754186, 0.257513590923721, 0.6364979381611203, -0.14424391537450335, -0.5820605853743317, -0.5511757467654272, -0.5050591289975057, -0.008182102499786865]], "inverted": true, "swapped": true, "error_lsq": 0.04450649946770303, "error_max": 0.2195189258285647, "target": "109.xyz", "model": "26.xyz", "model_rescale": 3.6694154284099745, "target_rescale": 4.018361264657242},
{"mapping": [10, 9, 4, 0, 6, 12, 2, 2, 8, 5, 3, 7, 1, 13], "R": [[-0.7878607025432338, -0.5136044089315639, -0.33983234765710746], [0.5059695052333468, -0.8544043545420767, 0.118271123751571], [-0.35109880826058704, -0.07876363415686294, 0.9330197836982876]], "T": [-0.03911625747583064, 0.035228645805106554, 0.06572560267292882], "aligned_model": [[-0.13587161318485247, -0.698918391102008, 0.4316246138323222, 0.6124899075792034, 0.16326986921890402, -0.29556489105190664, 0.39568349801116465, 0.39568349801116465, -0.2462002338200229, 0.3002539617840609, -0.5590162356828119, -0.3713719687621248, 0.41127810331068343, -0.0009900073610077872], [-0.19891227673526657, 0.06009007866161276, -0.49335211050366634, -0.028679564117241194, 0.6539499112995395, 0.7566365828167267, 0.38054641160466707, 0.38054641160466707, -0.5662240566851798, -0.36604090980628984, 0.47628380180432744, -0.08227474771321383, 0.30980460446906355, 0.0629409915210892], [0.6113510689281251, 0.23574498124201532, 0.48350064528439596, -0.02515062909277785, -0.15202260776945742, 0.2743820190876922, 0.45794296518373323, 0.45794296518373323, 0.12678349191468258, -0.5257041038350176, -0.3678705024299953, -0.4557411935353831, -0.6423701651376303, 0.0981566722289792]], "inverted": false, "swapped": false, "error_lsq": 0.06352031621512304, "error_max": 0.48767787518284833, "target": "109.xyz", "model": "27.xyz", "model_rescale": 4.103607728864725, "target_rescale": 4.018361264657242},
