[{"mapping": [5, 8, 3, 6, 4, 11, 2, 10, 0, 1, 9, 12], "R": [[-0.15935278259669633, -0.6164694268323989, -0.7710850384099175], [-0.8495057085169975, 0.48353884638314076, -0.21102188330951768], [0.5029381093889429, 0.6214142175871061, -0.6007475578850742]], "T": [-0.049548128203626744, -0.05751324320677914, -0.07185903171724287], "aligned_model": [[-0.23125688509345088, 0.30673311546828685, 0.37258952465478434, -0.13320317942814328, -0.035681338141658435, -0.6126079138534299, 0.4208584299941531, -0.34477201521834194, 0.6117163175877369, 0.07823757136308046, -0.5706751591908482, -0.024296005681619964], [-0.42092895854833473, -0.7289725754986636, -0.3104671483573117, 0.6176109849579356, 0.3966870489003301, -0.562276133795558, -0.2776367825011522, -0.36005505158647216, 0.2902432394730436, 0.2300364233877576, 0.22434389792921927, -0.04502990838373657], [-0.5506486157259491, 0.014651200070894876, -0.6031489814313032, 0.0612182676975799, -0.5969804806238524, 0.03244162185345109, 0.5205316406389399, 0.6202804056865618, -0.16692190098730944, 0.5650365511437379, 0.33873885711360774, -0.05324682008279656]], "inverted": false, "swapped": true, "error_lsq": 0.037872961481663366, "error_max": 0.23574356510299987, "target": "1090.xyz", "model": "0.xyz", "model_rescale": 3.751011558992144, "target_rescale": 3.7867299903828884},
{"mapping": [3, 1, 8, 13, 12, 9, 7, 11, 5, 6, 4, 10, 14], "R": [[-0.7639857411103481, -0.4833149014672743, 0.4274722135996103], [0.5086553774219148, -0.8587457606295796, -0.06185002522630277], [0.3969829900636064, 0.1701835027856805, 0.901910239979431]], "T": [0.06877917322159328, 0.020206472921921417, -0.12413053685995218], "aligned_model": [[-0.55964956714003, 0.03242551282266483, 0.5758165490973933, -0.1473568061252441, -0.5781528909660422, 0.1540773270091511, -0.4710232435848804, -0.17086555848396384, 0.41012531627281634, -0.08304506235175814, 0.7162612966090683, 0.6297221264178364, 0.039196486762300975], [-0.31940563956370943, 0.5821997177783024, -0.06617073382294081, -0.6664912713516092, -0.1071275711252044, -0.3569110392904163, 0.40193183206408833, 0.27604230820360226, -0.5010529622644253, 0.7104304028643242, 0.4675983026071714, 0.16618534458864725, 0.004717039716167817], [-0.3945872262823538, -0.5346516125031298, -0.5434995029981378, -0.02803868110720467, 0.2182728066250968, 0.40943879160403035, -0.17488607640902845, 0.5927023703633225, -0.08103229038883689, 0.12937700404874203, -0.20275254735535198, 0.4559443896928575, -0.080670732854605]], "inverted": false, "swapped": false, "error_lsq": 0.034761294603873304, "error_max": 0.21328143280828135, "target": "1090.xyz", "model": "1.xyz", "model_rescale": 3.9405287249114394, "target_rescale": 3.7867299903828884},
{"mapping": [0, 7, 1, 5, 11, 9, 6, 10, 2, 3, 4, 8, 12], "R": [[0.31158862522619635, -0.310694222442349, -0.8979875437725146], [0.8991389244860473, -0.20926563657536182, 0.3843918415143374], [-0.3073462592967805, -0.927187679755104, 0.21415247700324047]], "T": [0.04907849552036601, 0.06833819240773187, -0.07040613202220325], "aligned_model": [[-0.3937133318369014, -0.013828676508598252, 0.4072068161355762, -0.15509938158290482, -0.541733097172299, 0.07811258223336334, -0.4287794087464831, -0.07739073634348792, 0.3361589595011565, 0.029575753050262478, 0.6653417843087751, 0.5258463587357443, 0.11583386456510941], [-0.374697723201992, 0.7468512599608256, -0.029163913592266055, -0.6216951006791291, -0.1439609691893908, -0.20942299573133072, 0.22380246778274598, 0.35353429485456, -0.5293480069620378, 0.6076170232616808, 0.39902685698678886, 0.15672120825100802, 0.01268132866253513], [-0.6277072744769309, -0.47608156635752347, -0.7700230112190681, 0.03079529736519737, 0.26646924101996206, 0.6861563910136512, -0.2773804681154505, 0.7132748208235805, -0.22701277876845427, 0.11826730065403274, -0.12100541950161636, 0.5342182284076856, -0.08435406840966506]], "inverted": false, "swapped": false, "error_lsq": 0.04713613631982267, "error_max": 0.3061442962621695, "target": "1090.xyz", "model": "2.xyz", "model_rescale": 3.932901565614263, "target_rescale": 3.7867299903828884},
{"mapping": [11, 12, 9, 3, 1, 0, 10, 2, 7, 6, 5, 4, 13], "R": [[0.8261196542329449, 0.5212867734564598, -0.2139776079625933], [-0.5530620009198867, 0.822823082195912, -0.1307080661019459], [0.10792932886167249, 0.22632338638543936, 0.9680542261394741]], "T": [0.015272076447458698, -0.0983303861587336, -0.06230379313296562], "aligned_model": [[-0.6350634597777846, 0.0669440491566699, 0.45264289828120025, -0.10272214019625861, -0.5779839938198897, 0.011919713138797187, -0.4725681807349536, -0.023311203365895934, 0.6800892234545981, 0.012071776948776258, 0.5273684776236335, 0.5815184063936562, 0.02662591923676318], [-0.3090497172436657, 0.522246722269337, -0.02273194562703172, -0.5913266253832146, -0.023119905833026172, -0.35316485206121995, 0.366331655913156, 0.2898186558500935, -0.35481475810604257, 0.5694177421903708, 0.391417936360853, 0.09973478502772201, 0.007186037046666843], [-0.6370817956671374, -0.5042810209297475, -0.6477818707639709, -0.001332069929723706, 0.37491381819150155, 0.5573723204872448, -0.3057098539264713, 0.6739376787258082, -0.10676136098394409, 0.08189903572675263, -0.1835619563481818, 0.57280382477373, -0.10880005692046003]], "inverted": true, "swapped": false, "error_lsq": 0.04035247562059257, "error_max": 0.217205778125599, "target": "1090.xyz", "model": "3.xyz", "model_rescale": 3.9243930471874484, "target_rescale": 3.7867299903828884},
{"mapping": [10, 4, 8, 11, 6, 5, 3, 0, 9, 2, 7, 1, 12], "R": [[-0.19780954582501947, 0.7524660750244678, -0.6282246330077892], [0.7868764754627078, -0.26028985939736904, -0.5595306975120171], [-0.5845483692081315, -0.6050156981700308, -0.540610034150259]], "T": [0.03820398640875447, -0.040913044285420856, -0.09659552527062859], "aligned_model": [[-0.3446435420534496, 0.03759361856086388, 0.396301549231446, -0.13269654019422486, -0.5857849839465348, -0.07136847673393548, -0.49424555357837685, -0.017329220447377253, 0.509895848139266, 0.06088398892741423, 0.5839776839633282, 0.5698278225770579, 0.03511929189383479], [-0.22210161859553185, 0.44280597979129066, -0.08162874619228747, -0.8133802020121395, -0.25386940067937563, -0.17627251668645694, 0.3641587148150115, 0.4546605181769906, -0.559314907791677, 0.8581836030806926, 0.542096755945592, 0.06947935649546816, -0.03287180594357944], [-0.6602675841920937, -0.44066354563497506, -0.612778376627497, -0.08170990711258175, 0.19802943952880497, 0.6404898078672925, -0.02333074716103875, 0.5923495091734701, -0.17693036993543992, 0.10913567434271584, -0.16835486476298672, 0.3674625687758098, 0.022185088173920675]], "inverted": false, "swapped": false, "error_lsq": 0.04301768519829238, "error_max": 0.2846562003561791, "target": "1090.xyz", "model": "4.xyz", "model_rescale": 3.8936222436046832, "target_rescale": 3.7867299903828884},
{"mapping": [11, 10, 7, 5, 6, 1, 2, 0, 3, 8, 4, 12], "R": [[0.023489080239153304, -0.9481829111915989, 0.3168555349583516], [-0.9995340403634599, -0.01609407718899014, 0.025936129898894128], [-0.01949269771519843, -0.31731710890473497, -0.9481191312973939]], "T": [-0.08283723699514216, 0.01439424106827768, -0.060190390721475626], "aligned_model": [[-0.07711372958235164, -0.5485827441755595, -0.18896077364736014, 0.42178706736481203, -0.5812998581530987, -0.6856207177360251, -0.25933913841452483, 0.02300461827122617, 0.6050296191404798, 0.336766224948419, 0.07731509444556885, -0.09543762024648857], [-0.5466238704355089, -0.6481819803953175, 0.1529101821153183, -0.06354183016154322, 0.4959156938712381, -0.06265322940272369, -0.4123635317338541, 0.45394986276930727, 0.14661792732461257, -0.5393927702707474, 0.6735228820707269, 0.01876356935829917], [-0.5778065074474104, -0.10284673120760006, -0.8007967810620227, -0.42571576671250366, -0.04705401112941897, 0.30773044570959157, 0.5780793746519749, 0.5421637781295862, 0.12368720927853431, 0.26001401355097525, -0.20899695866440032, -0.029173345821787735]], "inverted": false, "swapped": true, "error_lsq": 0.035318234829511415, "error_max": 0.18205931750504592, "target": "1090.xyz", "model": "5.xyz", "model_rescale": 3.6523030999806103, "target_rescale": 3.7867299903828884},
{"mapping": [6, 4, 10, 8, 1, 5, 2, 3, 9, 3, 11, 7, 12], "R": [[0.2881422070686461, -0.30880708885569474, -0.9064282930149967], [0.9569026921557998, 0.12865041011459494, 0.26035804140131535], [0.03621196281054087, -0.9423838145096815, 0.33256794779351545]], "T": [0.011741967467030462, -0.040683185455953765, -0.027904547835269685], "aligned_model": [[-0.35703521509253044, 0.0684350513745827, 0.18988594149927635, -0.0022061455712943934, -0.6493974467025614, -0.03908052091156804, -0.5112130439522022, -0.019465681637274274, 0.6112764078551548, -0.019465681637274274, 0.7590613216338833, 0.4924746823599302, 0.024261817121190566], [-0.36538221776966806, 0.4586973778075891, -0.035693863803146604, -0.7133210905163498, 0.006291499919841979, -0.37133984135092807, 0.4203297854358536, 0.5219054515714712, -0.38469581692925675, 0.5219054515714712, 0.41361288615417774, 0.13167576788796048, -0.012039659575017275], [-0.4535785899262565, -0.30455694561731556, -0.7874523559766903, 0.0047573793142764755, 0.17961152373215494, 0.5653801903588829, -0.3282322537002759, 0.3784952689375564, -0.23974561881999137, 0.3784952689375564, -0.1263822882044457, 0.42597484994686824, 0.07285026345308082]], "inverted": false, "swapped": false, "error_lsq": 0.055953019281488534, "error_max": 0.36499921849984396, "target": "1090.xyz", "model": "6.xyz", "model_rescale": 4.08911054899281, "target_rescale": 3.7867299903828884},
{"mapping": [3, 1, 2, 4, 8, 5, 9, 10, 7, 11, 13, 12, 14], "R": [[-0.8877131024869294, -0.4577897697567782, -0.04892825747016456], [-0.1931524619810015, 0.4667863398903846, -0.863019489537992], [0.41792053563292203, -0.7566630951736543, -0.5027955710808492]], "T": [0.04555770098721073, 0.016806026406051278, -0.04990357162236142], "aligned_model": [[-0.5414377338064505, 0.07005150879015269, 0.49864540707414784, -0.2929057540389484, -0.5842025085319038, 0.2663939593229692, -0.560473579602501, -0.11961322459557389, 0.6773412386661856, 0.019424153964181737, 0.6714492484425982, 0.49403120722480753, -0.05117243657035297], [-0.35244470114465515, 0.5184796499473638, -0.030021493044189107, -0.5627802749396043, 0.0015969996980414736, -0.4877935024401569, 0.44687738814359684, 0.15010168621866393, -0.4207560269241821, 0.5551676207815488, 0.3930875772284322, 0.23668186151998125, 0.14374894535915733], [-0.43140284554099945, -0.5843843361758083, -0.7152292492466878, 0.1654373176821854, 0.2114768738934038, 0.47651061138924294, -0.2995473551776464, 0.6387369230620783, -0.14305922384336298, 0.18250747454073354, -0.10056408569622116, 0.45855296471787016, -0.09341837716938728]], "inverted": true, "swapped": false, "error_lsq": 0.04374852473318431, "error_max": 0.2579358184045189, "target": "1090.xyz", "model": "7.xyz", "model_rescale": 3.964800864290218, "target_rescale": 3.7867299903828884},
{"mapping": [5, 7, 1, 3, 10, 6, 9, 11, 0, 12, 2, 4, 13], "R": [[-0.33122406565993434, -0.31548417746590435, 0.8892470703333044], [-0.8781302131578232, -0.24174829171547685, -0.41284996329422696], [0.3452215912527769, -0.9176205627716231, -0.19696333595771104]], "T": [0.06319133143140171, 0.025405500674316787, -0.04901726479017934], "aligned_model": [[-0.55316440480442, 0.26105074464122185, 0.3030495291884039, 0.035100583324675916, -0.7227939734022297, 0.17941452618027398, -0.4790828015885327, -0.20531873249939198, 0.5560989220034278, 0.017218324143502328, 0.70928726891816, 0.45164900652304013, -0.00497750628881885], [-0.3545338220171451, 0.5324307611839217, -0.020760527829147203, -0.6949411808895587, -0.1600962167478015, -0.22880612580465143, 0.4388316990872406, 0.30462107619397966, -0.4785886058554981, 0.772407397274555, 0.16230447344256463, 0.2756231887783332, 0.04345361358720563], [-0.4671349999442048, -0.5079619267823914, -0.7585640454561018, 0.030192986649415693, 0.10247605660142364, 0.45928819568002044, 0.045186078632069734, 0.6838362897817996, -0.17626277654771247, 0.05369391456787827, -0.09828630752694395, 0.4816286983868925, -0.08247547160674432]], "inverted": true, "swapped": false, "error_lsq": 0.0446357961550821, "error_max": 0.3099312876531985, "target": "1090.xyz", "model": "8.xyz", "model_rescale": 4.121658175737393, "target_rescale": 3.7867299903828884},
{"mapping": [7, 11, 8, 9, 5, 4, 10, 0, 6, 3, 2, 1, 12], "R": [[-0.4956500579689883, 0.44075066659720497, 0.7483781597090192], [-0.12059825022492326, -0.8882470139846567, 0.4432530927021583], [0.8601087617726176, 0.12944532452530214, 0.4934134431493672]], "T": [0.021634246108748405, 0.04497137687996644, -0.07670988469013017], "aligned_model": [[-0.31090137874016927, -0.16141620127133102, 0.4863154386630141, -0.09160386875973985, -0.5254011469228878, 0.023694768993701276, -0.5475692375643132, -0.03348154609446315, 0.4939632863936361, 0.06417919913883353, 0.5767549232655349, 0.4934758203358618, 0.07952142890163494], [-0.2718639216044172, 0.360968234099791, 0.0019336148641454151, -0.7787783499433794, -0.06447426651951679, -0.4184351414651685, 0.5418606153579999, 0.3492431343475572, -0.4523879370959282, 0.8300812527327799, 0.4560866763601936, 0.002661231412405707, 0.03505058785753517], [-0.5709227559853409, -0.5960080596288166, -0.6359705377440659, -0.034244205201380065, 0.18879310246325948, 0.680507435977725, -0.0019482002887231675, 0.6466193558218749, -0.17530522230280599, -0.14361579833062676, -0.004795385559844975, 0.42379695455876965, -0.011289991344624245]], "inverted": true, "swapped": false, "error_lsq": 0.04515179913661748, "error_max": 0.2669149345804403, "target": "1090.xyz", "model": "9.xyz", "model_rescale": 3.833441315466971, "target_rescale": 3.7867299903828884},
{"mapping": [8, 2, 3, 11, 10, 12, 13, 1, 7, 5, 4, 6, 14], "R": [[0.41736439071512965, -0.5055372891928669, 0.7551417182214983], [0.7715987773923221, 0.6361092313219521, -0.0006103717470583025], [-0.4800440522386076, 0.582921173969966, 0.6555612960264006]], "T": [0.023531864866183715, 0.01732458035947531, 0.03778805573414633], "aligned_model": [[-0.4583007432823019, -0.07605688002315894, 0.5871793768743151, -0.06040589147649351, -0.717586940064644, 0.04134797301539075, -0.5010954166986348, 0.0238392971718547, 0.35201755159559206, 0.03358385388583935, 0.7092956311819425, 0.5625914775565887, 0.05112219660302233], [-0.36773144084166753, 0.3939221952260813, 0.11664934976846456, -0.6595771994583514, -0.31708828793839877, -0.2532514473822907, 0.5731556584110464, 0.38613003102186144, -0.4699584192387247, 0.6924075963609166, 0.42238982044501716, 0.06486909662297777, 0.01002877740706583], [-0.4387920116609486, -0.5662869175065797, -0.6154790581913342, 0.047561211989251145, 0.15888757685029653, 0.5758319729125452, -0.1891581262663269, 0.6777813197306645, -0.2761648208226799, -0.0021754337300782384, -0.0017440599834171039, 0.4481340329098167, -0.05277899379580876]], "inverted": true, "swapped": false, "error_lsq": 0.0420749662572515, "error_max": 0.23585442226323447, "target": "1090.xyz", "model": "10.xyz", "model_rescale": 4.2482417240324, "target_rescale": 3.7867299903828884},
{"mapping": [4, 0, 8, 2, 7, 11, 5, 10, 1, 9, 6, 12], "R": [[0.8708232907450559, 0.0016516703345474948, -0.49159339731230967], [0.417261053695636, 0.5262465578131478, 0.7409168465209989], [0.25992308355503924, -0.8503304254082172, 0.45757858151395236]], "T": [-0.07039016970902022, -0.007523434072427677, 0.052495623458855147], "aligned_model": [[-0.7412028074981851, -0.20288001498753627, 0.5049184973445406, 0.6170001788323832, -0.5104297891681988, 0.19211675635911246, -0.23459925051186648, 0.5594071148755259, 0.2452096166905517, -0.07261719108825411, -0.4215470010283954, -0.058610507456671075], [-0.1854928321322009, -0.7416758834746411, -0.17027239329299954, -0.34936324898877597, 0.613148768861599, 0.6732319414242508, 0.2165447213495104, 0.4176212237762242, -0.14574799465595412, 0.45933861232701184, -0.08788795563852256, -0.03331356950486289], [0.07657938676876738, -0.0509877547342844, 0.5297908084376919, -0.12443221751496605, 0.04367257522026561, 0.276912104060107, 0.6156628808083786, -0.23097058321148642, -0.5687456540785008, -0.4967241201363385, -0.5397297408756264, 0.03416460511034875]], "inverted": false, "swapped": true, "error_lsq": 0.04087562974076229, "error_max": 0.22542015607547766, "target": "1090.xyz", "model": "11.xyz", "model_rescale": 3.6694154284099745, "target_rescale": 3.7867299903828884},
{"mapping": [12, 2, 10, 5, 0, 6, 1, 4, 7, 3, 8, 11, 13], "R": [[-0.2770057269360372, -0.17920290184441667, -0.944009611823512], [-0.6063878979720683, -0.7295020567250151, 0.31641818283244916], [-0.7453600099533473, 0.6600856529303701, 0.09340977656451638]], "T": [0.10658550917345475, -0.03196519733162157, -0.026936577250007407], "aligned_model": [[-0.27851632659936054, 0.02765757226518875, 0.3707428899352476, -0.1695680063500545, -0.5327123438290702, 0.10676766437934584, -0.5325330766730629, -0.12067039792636555, 0.5068766936514041, -0.006338269022425708, 0.5636338347715346, 0.6173207601966323, -0.00512950845970149], [-0.21930310330784808, 0.44860677341589866, -0.11523747396197379, -0.7848954903892975, -0.14508930228871317, -0.3428106558275567, 0.5045792600321136, 0.395282331991142, -0.6321099998371961, 0.8110171643645648, 0.5646224172252065, 0.11755171041415644, -0.010267901426498763], [-0.5545439931714848, -0.46183258217482415, -0.5986142779191078, 0.010560117761299885, 0.2717924913882439, 0.44553553960515974, -0.16878499140879888, 0.5329678352403071, -0.20514573000128822, 0.1067715331637152, -0.11518564260752184, 0.4847497002360187, 0.01734669232368173]], "inverted": true, "swapped": false, "error_lsq": 0.03242710049407718, "error_max": 0.18978650026436494, "target": "1090.xyz", "model": "12.xyz", "model_rescale": 3.9764082729961374, "target_rescale": 3.7867299903828884},
{"mapping": [5, 13, 12, 0, 4, 7, 6, 3, 1, 14, 11, 8, 15], "R": [[-0.6110716673395249, -0.6834906966642591, 0.39928922468343575], [0.1570315654914705, 0.3897271715371163, 0.9074435625453395], [-0.7758430929087348, 0.6172140628170143, -0.13082161842265827]], "T": [0.08990789362766578, -0.032140908733980324, -0.0982156784244771], "aligned_model": [[-0.5433650896380998, 0.12668284812722097, 0.36768496877480245, -0.1642513468960879, -0.5658602448247837, -0.11063987321809494, -0.4900316686731863, 0.15691730437268356, 0.6085404894377356, -0.04436935885900763, 0.5535937102794828, 0.6260663012385047, 0.026563446218142953], [-0.3663740682131757, 0.4490796490522966, -0.06308849348528248, -0.6844560558986189, -0.17269973597532925, -0.3359999258560351, 0.4276014892051422, 0.3631563745049801, -0.3773587459670747, 0.7390897196975926, 0.5833368107133066, 0.027108269511170312, 0.00255044311502569], [-0.5341943815797465, -0.4744535336069657, -0.6718842922330339, 0.09412766754367957, 0.15883506842208167, 0.5639655579827376, -0.28786229008604475, 0.6418473216296495, -0.22137189499680127, 0.062970477335689, 0.09342810323648618, 0.3585955883740039, -0.01838669958633478]], "inverted": false, "swapped": false, "error_lsq": 0.0440991604414784, "error_max": 0.2865890673372945, "target": "1090.xyz", "model": "13.xyz", "model_rescale": 4.170626492500431, "target_rescale": 3.7867299903828884},
{"mapping": [3, 9, 1, 2, 6, 4, 11, 12, 0, 10, 7, 8, 13], "R": [[-0.8820469918891916, 0.4322944977805783, 0.18738882380725358], [-0.20707163112512736, 0.0015733985409717155, -0.9783245187565373], [-0.423219143804256, -0.9017311082610319, 0.08812811533173515]], "T": [0.02413912238227435, -0.009069024468205608, 0.008410526204247603], "aligned_model": [[-0.37566769181660276, -0.03971974868498111, 0.35032562939546186, -0.022664273850916558, -0.7714012603482524, 0.10778021389761211, -0.5453224223057801, -0.0722061743860344, 0.4833143848315721, 0.18417102265238305, 0.7821250472264727, 0.5384888531548716, -0.07169209342649369], [-0.2196345523422975, 0.5766952444575486, 0.01830154279651277, -0.6653190316564122, -0.25785820214132826, -0.30257408236888855, 0.38042803530740193, 0.4112664754772271, -0.34101943990828826, 0.5303512261443479, 0.2454004849390013, 0.193150163884244, 0.0227578658149291], [-0.5124448032502305, -0.5475649267608727, -0.6870516831108878, 0.017216058718635966, 0.1211434475173479, 0.6486621012822479, -0.14542458252843804, 0.599800222142909, -0.17820513919300007, 0.0501704244303814, -0.12624610901640673, 0.5045033069632067, 0.021058375240507975]], "inverted": true, "swapped": false, "error_lsq": 0.042196802179705235, "error_max": 0.25588223163553925, "target": "1090.xyz", "model": "14.xyz", "model_rescale": 3.9786697098870705, "target_rescale": 3.7867299903828884},
{"mapping": [11, 8, 7, 9, 5, 4, 2, 0, 6, 1, 3, 12], "R": [[0.6158771052162717, -0.7148830747990778, -0.33111566051191427], [0.6351680322660427, 0.6991958142185573, -0.3281566457753552], [0.466108315799781, -0.008209917482216306, 0.8846895699606878]], "T": [0.030432545946570865, 0.006044229141543706, -0.0406010628013222], "aligned_model": [[-0.042946517645479174, -0.7246452629736808, 0.5692487642721912, 0.5407523386747571, -0.12044698668393357, 0.41887608858001374, -0.46485684302693187, -0.08094506226060273, 0.6112935336078809, 0.14274900956229997, -0.3898342360436536, 0.02410977070447527], [-0.31711803771522856, -0.06555124134026508, 0.07385482051251371, -0.49269856286900743, 0.36261711171286687, 0.5694128605636921, -0.45513304053725384, 0.3270776536037853, -0.05460040404490155, -0.5259887275438155, 0.5957580065847388, -0.0029559487026856205], [-0.7282653606772276, -0.14064890536170035, -0.5735414937466328, -0.1427616878710966, -0.5349892364977282, 0.07759423589747946, 0.3627193536710362, 0.6315408540551957, 0.3327930991090235, 0.4165377828918671, -0.03233187855252339, -0.008680269043863195]], "inverted": true, "swapped": true, "error_lsq": 0.044366780496174846, "error_max": 0.2431055802205583, "target": "1090.xyz", "model": "15.xyz", "model_rescale": 3.769337070930944, "target_rescale": 3.7867299903828884},
{"mapping": [8, 3, 10, 11, 2, 0, 1, 4, 9, 7, 12], "R": [[0.5132730634214071, -0.3436050665370989, 0.7864390126488131], [-0.6448878050824933, -0.7590480250681583, 0.08925141173120382], [0.5662777421212036, -0.5529752742122966, -0.6111856222850364]], "T": [-0.019904648698241184, -0.03984599840550802, 0.032859892297081555], "aligned_model": [[-0.3289360961952563, -0.240408621339478, -0.09681878371091376, -0.6312366566638402, 0.28854558449889167, 0.5215609256055308, 0.534327356873172, 0.11092482646215471, 0.12400872342888469, -0.3690177602102719, 0.009676631942297401], [-0.0363937774551512, -0.6621392551454814, 0.7453917133326933, 0.4131148874752197, 0.2630415998372402, -0.5088137312918082, 0.3905780943768772, -0.5665373152313414, 0.5249011961861091, 0.07164876083218655, -0.03872767529120192], [-0.6669726779271942, -0.26477073016013797, -0.15484104534254056, 0.09450513676663372, -0.6257606112654381, -0.19979110164626912, -0.07764786124519302, 0.4661295941319872, 0.45707328703039696, 0.6996699480115207, 0.016623668870011054]], "inverted": true, "swapped": true, "error_lsq": 0.04118898424630801, "error_max": 0.2107169662930944, "target": "1090.xyz", "model": "16.xyz", "model_rescale": 3.7852294659196426, "target_rescale": 3.7867299903828884},
{"mapping": [11, 7, 6, 9, 8, 0, 2, 3, 10, 1, 5, 4, 12], "R": [[0.8826209382546004, -0.4095170066655271, 0.2308161619260562], [0.46186104120226895, 0.6640021485219751, -0.5880353096351928], [0.0875480323829431, 0.6256172695905281, 0.775202150420113]], "T": [0.006324133526822061, 0.08070288807360745, 0.028807179810283624], "aligned_model": [[-0.398366803506564, 0.015005188807409357, 0.4623406217546733, -0.1581348165235652, -0.5336311481228994, 0.11540792926030871, -0.4423196192029699, -0.3153307794252528, 0.4978921426171782, 0.11009305972029215, 0.552661906796353, 0.6310083508856424, 0.010905453278706437], [-0.16464570456004435, 0.41907256439048135, -0.03491206290092008, -0.7661560289649118, -0.26241455742005837, -0.2389635511993212, 0.4716085582828684, 0.3978142248164066, -0.5015184519035227, 0.7456751330658399, 0.41609099337293953, 0.11387355136923208, -0.003578937944991173], [-0.531515395148998, -0.5850801116405581, -0.7235726321713246, 0.08398882433554376, 0.15097355680878763, 0.6218175075868437, -0.11260908928576734, 0.6833863486245257, -0.23317426799340812, 0.17474578879952357, -0.11692842628169882, 0.36115642498607814, -0.007571836184147401]], "inverted": true, "swapped": false, "error_lsq": 0.034383481047850044, "error_max": 0.19982316916375117, "target": "1090.xyz", "model": "17.xyz", "model_rescale": 3.901054581598922, "target_rescale": 3.7867299903828884},
{"mapping": [3, 1, 8, 13, 12, 9, 7, 11, 5, 6, 4, 10, 14], "R": [[-0.7639857411103481, -0.4833149014672743, 0.4274722135996103], [0.5086553774219148, -0.8587457606295796, -0.06185002522630277], [0.3969829900636064, 0.1701835027856805, 0.901910239979431]], "T": [0.06877917322159328, 0.020206472921921417, -0.12413053685995218], "aligned_model": [[-0.55964956714003, 0.03242551282266483, 0.5758165490973933, -0.1473568061252441, -0.5781528909660422, 0.1540773270091511, -0.4710232435848804, -0.17086555848396384, 0.41012531627281634, -0.08304506235175814, 0.7162612966090683, 0.6297221264178364, 0.039196486762300975], [-0.31940563956370943, 0.5821997177783024, -0.06617073382294081, -0.6664912713516092, -0.1071275711252044, -0.3569110392904163, 0.40193183206408833, 0.27604230820360226, -0.5010529622644253, 0.7104304028643242, 0.4675983026071714, 0.16618534458864725, 0.004717039716167817], [-0.3945872262823538, -0.5346516125031298, -0.5434995029981378, -0.02803868110720467, 0.2182728066250968, 0.40943879160403035, -0.17488607640902845, 0.5927023703633225, -0.08103229038883689, 0.12937700404874203, -0.20275254735535198, 0.4559443896928575, -0.080670732854605]], "inverted": false, "swapped": false, "error_lsq": 0.034761294603873304, "error_max": 0.21328143280828135, "target": "1090.xyz", "model": "18.xyz", "model_rescale": 3.9405287249114394, "target_rescale": 3.7867299903828884},
{"mapping": [3, 6, 2, 14, 12, 13, 0, 7, 10, 8, 5, 9, 15], "R": [[0.7896477959637382, 0.5590477582829149, -0.2528279301985004], [-0.41173690494884474, 0.17731548892365176, -0.8938858643534486], [-0.4548945805708792, 0.809953592094395, 0.3701973787327916]], "T": [-0.08292560626086465, 0.018104714948221738, 0.05202022997752884], "aligned_model": [[-0.38979714096949, 0.0801413732276465, 0.4243894125923212, -0.05330413743820242, -0.5617800070183543, 0.014697261846739113, -0.4448556820188285, -0.021880159459110204, 0.3260420293770953, 0.11239144487089098, 0.6264425354517503, 0.4923441182027707, -0.0572995623259164], [-0.5255844224575646, 0.5462422107517477, 0.07127801333619166, -0.7532653713499905, -0.24706479376364543, -0.3532021473924735, 0.5756054480699363, 0.40422694768258605, -0.5024899559328136, 0.7489145000039148, 0.411152716229015, 0.20592540406716817, 0.010207181159926358], [-0.5273419865386068, -0.45073557687018306, -0.6516340565848298, 0.11406634690084552, 0.07488191701250485, 0.6033194545127355, -0.12368921992923132, 0.6375188412093113, -0.3718083893929536, 0.04565916560090652, -0.13120845492533362, 0.5240350388669873, 0.02255361257324786]], "inverted": false, "swapped": false, "error_lsq": 0.04231268392662155, "error_max": 0.29740071390644185, "target": "1090.xyz", "model": "19.xyz", "model_rescale": 4.410303926677745, "target_rescale": 3.7867299903828884},
{"mapping": [5, 7, 1, 3, 10, 6, 9, 11, 0, 12, 2, 4, 13], "R": [[-0.33122406565993434, -0.31548417746590435, 0.8892470703333044], [-0.8781302131578232, -0.24174829171547685, -0.41284996329422696], [0.3452215912527769, -0.9176205627716231, -0.19696333595771104]], "T": [0.06319133143140171, 0.025405500674316787, -0.04901726479017934], "aligned_model": [[-0.55316440480442, 0.26105074464122185, 0.3030495291884039, 0.035100583324675916, -0.7227939734022297, 0.17941452618027398, -0.4790828015885327, -0.20531873249939198, 0.5560989220034278, 0.017218324143502328, 0.70928726891816, 0.45164900652304013, -0.00497750628881885], [-0.3545338220171451, 0.5324307611839217, -0.020760527829147203, -0.6949411808895587, -0.1600962167478015, -0.22880612580465143, 0.4388316990872406, 0.30462107619397966, -0.4785886058554981, 0.772407397274555, 0.16230447344256463, 0.2756231887783332, 0.04345361358720563], [-0.4671349999442048, -0.5079619267823914, -0.7585640454561018, 0.030192986649415693, 0.10247605660142364, 0.45928819568002044, 0.045186078632069734, 0.6838362897817996, -0.17626277654771247, 0.05369391456787827, -0.09828630752694395, 0.4816286983868925, -0.08247547160674432]], "inverted": true, "swapped": false, "error_lsq": 0.0446357961550821, "error_max": 0.3099312876531985, "target": "1090.xyz", "model": "20.xyz", "model_rescale": 4.121658175737393, "target_rescale": 3.7867299903828884},
{"mapping": [6, 4, 10, 8, 1, 5, 2, 3, 9, 3, 11, 7, 12], "R": [[0.2881422070686461, -0.30880708885569474, -0.9064282930149967], [0.9569026921557998, 0.12865041011459494, 0.26035804140131535], [0.03621196281054087, -0.9423838145096815, 0.33256794779351545]], "T": [0.011741967467030462, -0.040683185455953765, -0.027904547835269685], "aligned_model": [[-0.35703521509253044, 0.0684350513745827, 0.18988594149927635, -0.0022061455712943934, -0.6493974467025614, -0.03908052091156804, -0.5112130439522022, -0.019465681637274274, 0.6112764078551548, -0.019465681637274274, 0.7590613216338833, 0.4924746823599302, 0.024261817121190566], [-0.36538221776966806, 0.4586973778075891, -0.035693863803146604, -0.7133210905163498, 0.006291499919841979, -0.37133984135092807, 0.4203297854358536, 0.5219054515714712, -0.38469581692925675, 0.5219054515714712, 0.41361288615417774, 0.13167576788796048, -0.012039659575017275], [-0.4535785899262565, -0.30455694561731556, -0.7874523559766903, 0.0047573793142764755, 0.17961152373215494, 0.5653801903588829, -0.3282322537002759, 0.3784952689375564, -0.23974561881999137, 0.3784952689375564, -0.1263822882044457, 0.42597484994686824, 0.07285026345308082]], "inverted": false, "swapped": false, "error_lsq": 0.055953019281488534, "error_max": 0.36499921849984396, "target": "1090.xyz", "model": "21.xyz", "model_rescale": 4.08911054899281, "target_rescale": 3.7867299903828884},
{"mapping": [6, 10, 5, 1, 0, 2, 7, 3, 11, 12, 9, 14, 16], "R": [[0.05469384816906353, -0.6167450595337184, -0.7852605392563734], [-0.9387044372070695, -0.2998299919674913, 0.1701057185532972], [-0.3403565226938055, 0.7278238162203301, -0.5953401800670409]], "T": [0.047185015527116014, -0.02052211592430394, 0.021582560044516964], "aligned_model": [[-0.4422465148607253, 0.03438963630275771, 0.4075812345895126, -0.05244165044798364, -0.6969135611685804, 0.040427908434038706, -0.4605654978371279, 0.02478720897534581, 0.5385941367660347, 0.12573099521064285, 0.5850304856993427, 0.4393260631634591, 0.003831041512595737], [-0.11837497691004759, 0.4993179806103331, 0.03507292621179543, -0.8044565571054066, -0.233245108823431, -0.40974867511843277, 0.42276779251593977, 0.35761847921646867, -0.552107528786978, 0.7102680133800997, 0.3844256214709824, 0.3119571037834868, -0.011549340040811843], [-0.5319928397073952, -0.5954571157627209, -0.58236512852096, 0.0958772477603821, 0.05542978490493104, 0.6296210921252436, -0.20530873829638677, 0.8031110955841541, -0.22706790678243668, 0.09047248689085029, -0.21141355957161193, 0.4056470769791509, 0.03906319683220036]], "inverted": true, "swapped": false, "error_lsq": 0.03849525343008723, "error_max": 0.2081782592931293, "target": "1090.xyz", "model": "22.xyz", "model_rescale": 4.204369325754507, "target_rescale": 3.7867299903828884},
{"mapping": [3, 6, 2, 14, 12, 13, 0, 7, 10, 8, 5, 9, 15], "R": [[0.7896477959637382, 0.5590477582829149, -0.2528279301985004], [-0.41173690494884474, 0.17731548892365176, -0.8938858643534486], [-0.4548945805708792, 0.809953592094395, 0.3701973787327916]], "T": [-0.08292560626086465, 0.018104714948221738, 0.05202022997752884], "aligned_model": [[-0.38979714096949, 0.0801413732276465, 0.4243894125923212, -0.05330413743820242, -0.5617800070183543, 0.014697261846739113, -0.4448556820188285, -0.021880159459110204, 0.3260420293770953, 0.11239144487089098, 0.6264425354517503, 0.4923441182027707, -0.0572995623259164], [-0.5255844224575646, 0.5462422107517477, 0.07127801333619166, -0.7532653713499905, -0.24706479376364543, -0.3532021473924735, 0.5756054480699363, 0.40422694768258605, -0.5024899559328136, 0.7489145000039148, 0.411152716229015, 0.20592540406716817, 0.010207181159926358], [-0.5273419865386068, -0.45073557687018306, -0.6516340565848298, 0.11406634690084552, 0.07488191701250485, 0.6033194545127355, -0.12368921992923132, 0.6375188412093113, -0.3718083893929536, 0.04565916560090652, -0.13120845492533362, 0.5240350388669873, 0.02255361257324786]], "inverted": false, "swapped": false, "error_lsq": 0.04231268392662155, "error_max": 0.29740071390644185, "target": "1090.xyz", "model": "23.xyz", "model_rescale": 4.410303926677745, "target_rescale": 3.7867299903828884},
{"mapping": [3, 5, 12, 1, 10, 11, 4, 9, 7, 15, 6, 14, 16], "R": [[-0.09083852035048325, 0.9926982366566633, 0.07936355687144064], [-0.6023508496985878, -0.11823168097002591, 0.7894268322538776], [0.7930459110845505, 0.02390565945029688, 0.6086926173022983]], "T": [0.07615346630641834, 0.037949175847995446, -0.01161194250194239], "aligned_model": [[-0.6100136531872946, 0.06895512073531367, 0.5416786422280435, -0.20378403674440404, -0.48642069446632336, 0.14125212128809456, -0.4939887084464412, -0.11601356603158275, 0.4115480089106676, 0.14684335225551123, 0.6560095812119913, 0.49509561562232424, -0.003630297036587876], [-0.3219052303100093, 0.4868038117951924, 0.08446234323024093, -0.772965940209171, -0.08884884795812811, -0.3009784349912923, 0.29289182332018726, 0.2823408131528266, -0.5252469679046158, 0.7114655333901293, 0.5102247647428272, 0.26373835660179173, -0.03003629445598096], [-0.46870107508817205, -0.4521567563832102, -0.6652928054824254, -0.031284728425663016, 0.2904087870272113, 0.519059072667637, -0.30114004141308437, 0.5322304454435484, -0.12229844184026478, 0.2135387780885767, -0.14806978910832974, 0.46969535164155407, -0.07037210469197708]], "inverted": false, "swapped": false, "error_lsq": 0.03976161071707147, "error_max": 0.22063810739787917, "target": "1090.xyz", "model": "24.xyz", "model_rescale": 4.28219845311461, "target_rescale": 3.7867299903828884},
{"mapping": [3, 4, 0, 5, 9, 11, 7, 12, 8, 13, 2, 14, 15], "R": [[0.49290694915871114, -0.8626691170248502, 0.11333461078866136], [-0.8700403707122453, -0.48740944170463296, 0.07390392051899053], [-0.00851427048847897, -0.13503344277897844, -0.990804459280087]], "T": [0.08298091180282273, 0.016607781911124837, -0.024049105384524573], "aligned_model": [[-0.4587970884156305, -0.033382829669892006, 0.5757587250284807, -0.1614506129620542, -0.5382534688096094, 0.06684248880228069, -0.5411803114053139, -0.04368175863622338, 0.40163842971713143, -0.02360989047847581, 0.5592729011476649, 0.6194060989182774, 0.12496880310267611], [-0.18089739508739533, 0.3572013730985566, 0.09428823465107661, -0.7952081144319781, -0.0936562611137878, -0.20744328405368295, 0.45978788362721007, 0.26522998038755513, -0.5977484136883652, 0.5716408695089746, 0.49938060511266114, 0.1906123370117298, 0.028757915381443292], [-0.5412663212599259, -0.6605269591533983, -0.6695643616647002, 0.05650436170351202, 0.21840371278791418, 0.4719526510555947, -0.16390678531833436, 0.6876836187296756, -0.07854596890929369, 0.15896217699345147, -0.11815737522235703, 0.487922630482817, -0.0838446877895549]], "inverted": true, "swapped": false, "error_lsq": 0.03919975745313023, "error_max": 0.21680656596427075, "target": "1090.xyz", "model": "25.xyz", "model_rescale": 4.100010024507729, "target_rescale": 3.7867299903828884},
{"mapping": [4, 0, 8, 2, 7, 11, 5, 10, 1, 9, 6, 12], "R": [[0.8708232907450559, 0.0016516703345474948, -0.49159339731230967], [0.417261053695636, 0.5262465578131478, 0.7409168465209989], [0.25992308355503924, -0.8503304254082172, 0.45757858151395236]], "T": [-0.07039016970902022, -0.007523434072427677, 0.052495623458855147], "aligned_model": [[-0.7412028074981851, -0.20288001498753627, 0.5049184973445406, 0.6170001788323832, -0.5104297891681988, 0.19211675635911246, -0.23459925051186648, 0.5594071148755259, 0.2452096166905517, -0.07261719108825411, -0.4215470010283954, -0.058610507456671075], [-0.1854928321322009, -0.7416758834746411, -0.17027239329299954, -0.34936324898877597, 0.613148768861599, 0.6732319414242508, 0.2165447213495104, 0.4176212237762242, -0.14574799465595412, 0.45933861232701184, -0.08788795563852256, -0.03331356950486289], [0.07657938676876738, -0.0509877547342844, 0.5297908084376919, -0.12443221751496605, 0.04367257522026561, 0.276912104060107, 0.6156628808083786, -0.23097058321148642, -0.5687456540785008, -0.4967241201363385, -0.5397297408756264, 0.03416460511034875]], "inverted": false, "swapped": true, "error_lsq": 0.04087562974076229, "error_max": 0.22542015607547766, "target": "1090.xyz", "model": "26.xyz", "model_rescale": 3.6694154284099745, "target_rescale": 3.7867299903828884},
{"mapping": [9, 8, 10, 12, 3, 6, 7, 1, 2, 5, 4, 0, 13], "R": [[-0.9209634604566141, -0.29457105245986553, 0.2550572476062304], [-0.3888748651192823, 0.6536165888906298, -0.6492778249759017], [0.024548804089786685, -0.6971465052481185, -0.7165082738099378]], "T": [0.051048277722041534, 0.0409284494012522, -0.09670359309549942], "aligned_model": [[-0.37552944993142434, 0.03384476069455527, 0.33663528155451283, -0.1624679424683853, -0.6944396203829193, -0.030229424800864484, -0.4946765135089057, -0.05750377802259105, 0.5603070739934131, 0.047402199136451266, 0.7645586552734821, 0.5246002815581119, 0.09502996324387614], [-0.19452796091791896, 0.46992328180485693, -0.0669046286824467, -0.7170047260030464, -0.1997106951479267, -0.3217382721372367, 0.3466698549042361, 0.2673835319651564, -0.3674309657541302, 0.7476947468038789, 0.35322238122516164, 0.2660910397521727, 0.008278142591240795], [-0.573626287648787, -0.5700160324027053, -0.615069111244251, 0.001688168219152797, 0.1012151180543801, 0.48040750189879516, -0.02716820702881581, 0.7498076002565666, 0.09310608178297106, 0.2588897233319604, -0.359203138545183, 0.30576833226383243, -0.08018305650251559]], "inverted": false, "swapped": false, "error_lsq": 0.0469561878059198, "error_max": 0.3041597318522856, "target": "1090.xyz", "model": "27.xyz", "model_rescale": 4.103607728864725, "target_rescale": 3.7867299903828884},
{"mapping": [10, 11, 13, 3, 9, 0, 6, 5, 2, 7, 8, 1, 14], "R": [[-0.8713782137348909, -0.2259909468514858, 0.4354630874934863], [-0.16651716511993458, -0.6986715220769477, -0.6957946090327962], [0.46148894065688206, -0.6788123423891541, 0.5711757710823688]], "T": [0.0053562472459930816, -0.01699199201927027, -0.17637833449892704], "aligned_model": [[-0.42550570757697453, -0.07617180685922735, 0.39736685107938824, -0.01476180346308005, -0.6904490172215151, 0.046675734824385126, -0.4515900740094502, -0.2080980970873375, 0.5494251166399786, 0.18989047426102074, 0.6059474808505722, 0.5316094990352956, 0.09319283586625639], [-0.19547430809665403, 0.5177681605881936, 0.03587466736184402, -0.7401826353723984, -0.0788914821874111, -0.3268725505958252, 0.4173037818760813, 0.3416293121201649, -0.4903385681365507, 0.6046944981948766, 0.5399389938964176, 0.025084310017499938, -0.058588449262240716], [-0.3819928160889553, -0.5999889918676311, -0.6896086295534563, 0.02392496045391329, 0.25040898151364666, 0.46546158350570144, -0.1142936897014869, 0.424428134744229, -0.030594966220927, 0.13911219231378902, -0.2137684916385989, 0.5476022811690369, -0.05507385619386029]], "inverted": true, "swapped": false, "error_lsq": 0.039968239658452656, "error_max": 0.2609419626914347, "target": "1090.xyz", "model": "28.xyz", "model_rescale": 4.137296879288765, "target_rescale": 3.7867299903828884},
