[{"mapping": [7, 5, 9, 3, 4, 10, 0, 6, 8, 2, 1, 11], "R": [[0.556884162694709, 0.6338052938753456, 0.5368154979091049], [-0.6578821667708663, 0.7311136297925955, -0.18073161034076474], [-0.5070217786098379, -0.25251477142354006, 0.824114801607297]], "T": [-0.14916925479841434, -0.07738967244539655, 0.14248729275099706], "aligned_model": [[0.018253645764935017, 0.5467916939675617, -0.7111697369287298, -0.48685259333321307, 0.02114727404821984, -0.13679042390908552, 0.44067464711909676, -0.5208672447798595, -0.5853455740195146, 0.11784540269690183, 0.17862276724354012, -0.07973926231899399], [0.2756173360785792, -0.07353010730036781, -0.17275014723511473, -0.6605373276687142, -0.5785882871759921, -0.499898947605954, -0.09670031866915754, 0.46727507748096897, 0.20707450566273547, 0.34839255043490824, 0.5493931170238292, -0.07639240397071703], [-0.7200432482537382, -0.3095191165836081, -0.06826911251616871, 0.2837009247787321, 0.7525206486728698, -0.3895785141883126, 0.32823622091653926, -0.1580711905536006, 0.5057142749745206, 0.7719020343548053, 0.10278484157001638, 0.13921048210657633]], "inverted": true, "swapped": false, "error_lsq": 0.06464608570412686, "error_max": 0.3522561355622625, "target": "1091.xyz", "model": "0.xyz", "model_rescale": 3.751011558992144, "target_rescale": 3.7093707432742984},
{"mapping": [2, 3, 8, 4, 6, 0, 7, 5, 10, 11, 9, 14], "R": [[0.7974136325872542, 0.489245528484336, -0.35322841253512255], [-0.19139321990990954, 0.7601997618049953, 0.6208582426964675], [0.5722762741338461, -0.42747530339156614, 0.699831930576029]], "T": [-0.0876692210417329, -0.029595649314285193, 0.0896009267671159], "aligned_model": [[-0.1288506839403103, 0.5142078175934088, -0.6277189923330131, -0.7361068233288836, 0.08929557796692265, 0.24505706604693067, 0.4490045689539297, -0.42819131727357995, -0.5985487978165999, 0.21128534377029906, -0.13209540242560308, -0.0547677616626423], [0.10531593365910898, 0.04454768183293463, -0.196288012334129, -0.4019968650618207, -0.42510874646225083, -0.5148922870407461, -0.3856066601255458, 0.4229785046105351, 0.23587642436769493, 0.19773677306310808, 0.5988249807440539, 0.007967319802060464], [-0.725163489417866, -0.3747832744315908, -0.2582182112615003, 0.34732166780216867, 0.7027718614716165, -0.3892361121000438, 0.24744397257553957, -0.1736620295573965, 0.6735361836733786, 0.7936443393779797, 0.2827419308522703, 0.11219140629407601]], "inverted": false, "swapped": false, "error_lsq": 0.052851183183898115, "error_max": 0.25551391866973294, "target": "1091.xyz", "model": "1.xyz", "model_rescale": 3.9405287249114394, "target_rescale": 3.7093707432742984},
{"mapping": [9, 8, 5, 0, 1, 2, 4, 11, 6, 7, 3, 12], "R": [[-0.6478834291684799, 0.5281426256847603, 0.5489193284479046], [-0.27730797142546315, 0.5076352343014965, -0.8157246826470065], [-0.7094697676383299, -0.6807142100988285, -0.18243029621403975]], "T": [-0.0775134473032457, 0.012807989954492397, 0.1241533783892119], "aligned_model": [[-0.055580643623864986, 0.47918824438666463, -0.568007110951832, -0.7678098608645973, 0.06203544936252854, -0.14615856113519876, 0.6024442011038454, -0.6290114967780863, -0.4488049591381455, 0.12535383692278373, 0.19834268635274366, -0.04942119008598246], [0.23654634058840393, 0.17777112196067707, -0.29250812961170736, -0.37954904031367187, -0.6192164079152084, -0.6150463549582287, -0.0952355630137651, 0.3479916034021564, 0.23427891602480816, 0.2703100712110871, 0.4888610433702315, -0.06484855368977938], [-0.6503407853515084, -0.3892277292277946, -0.3166122208019846, 0.3933685534803665, 0.5805496955249587, -0.13129993915203061, 0.2571191969949881, -0.177701115926834, 0.4534692382173334, 0.8462665248527136, 0.2793196196493891, 0.09367720701903492]], "inverted": true, "swapped": false, "error_lsq": 0.05511051755043595, "error_max": 0.2525532182642135, "target": "1091.xyz", "model": "2.xyz", "model_rescale": 3.932901565614263, "target_rescale": 3.7093707432742984},
{"mapping": [4, 0, 5, 12, 10, 6, 1, 7, 9, 11, 3, 13], "R": [[0.36407367015618397, 0.4877840508639771, -0.7934211255201966], [-0.7858195768386764, 0.618150071868002, 0.019444312964671084], [0.4999379515060747, 0.6164066907264338, 0.6083624218108781]], "T": [-0.03058492375269939, 0.07861193039872619, 0.13092467458378476], "aligned_model": [[-0.10842507179003291, 0.43243850192947797, -0.6254877877213489, -0.5298253570440479, 0.031369183160800396, -0.14189522578646319, 0.6469437343864712, -0.46205110295198343, -0.7326093119461495, 0.14935465600300574, 0.2423718150444617, -0.09961343773333231], [0.0328400282980061, 0.2714215849430805, -0.2035694223311488, -0.45538453439978377, -0.5020299411192205, -0.5612524009337313, -0.22088564970148736, 0.5432974771946275, 0.19558787243106313, 0.10398581279580804, 0.4987949283588806, -0.013450708481090909], [-0.7380242588233422, -0.31335459966500906, -0.15763026345766218, 0.35168829366377624, 0.5458489399358121, -0.08091468632768067, 0.13589838812646599, -0.19717108301345715, 0.3133289693690359, 1.005388288519132, 0.2290386137140339, 0.1444916432375274]], "inverted": false, "swapped": false, "error_lsq": 0.045103141605696805, "error_max": 0.24555020546182965, "target": "1091.xyz", "model": "3.xyz", "model_rescale": 3.9243930471874484, "target_rescale": 3.7093707432742984},
{"mapping": [2, 7, 3, 6, 11, 4, 8, 0, 5, 9, 1, 12], "R": [[0.22221153336533725, 0.9674214351473432, -0.12131694546468208], [-0.4127943546970284, -0.019377017121854107, -0.9106181153138366], [-0.8833022445175207, 0.2524287979310491, 0.395040310355027]], "T": [-0.040470963313749816, -0.1680681648293673, 0.18595617213571064], "aligned_model": [[-0.16503569383427635, 0.4157561485703946, -0.4965150926681784, -0.7042933989526671, -0.17305001639103534, 0.17818579021522213, 0.5674474210682742, -0.5347338363159989, -0.6013610266392, 0.3750059784888986, 0.061214764695829385, -0.12005044268640362], [0.1703598355618626, 0.23790111630404068, -0.3769165251362957, -0.38770878041914114, -0.41277549508912414, -0.33311303507829904, -0.3316335422982598, 0.40394848447242737, 0.2855730323381699, -0.02482601826544567, 0.5385314407645126, -0.07998546609944451], [-0.66325793913136, -0.33362493228404494, -0.2627747994309317, 0.3665504374446381, 0.9266823014100807, -0.34065249127646696, 0.19019576410143527, -0.20368920337091906, 0.41668350226818407, 0.7378148406867748, 0.20913612201098364, 0.1955246428502581]], "inverted": false, "swapped": false, "error_lsq": 0.05121544047934306, "error_max": 0.32521532757761273, "target": "1091.xyz", "model": "4.xyz", "model_rescale": 3.8936222436046832, "target_rescale": 3.7093707432742984},
{"mapping": [0, 9, 2, 4, 5, 1, 6, 3, 10, 7, 8, 11], "R": [[0.16794004937824727, -0.6204580431263882, 0.766046967577449], [0.9741205354797808, 0.22369908280589043, -0.03237132540364934], [-0.1512789548199532, 0.7516585242459348, 0.6419689562253041]], "T": [-0.07899078622924355, 0.05819815442727458, 0.1320617534529023], "aligned_model": [[-0.18871516083839884, 0.3916499170749668, -0.7342161002954339, -0.5976143293288161, 0.07234922379872041, 0.04859596573366781, 0.6098329915728273, -0.3141049158723841, -0.5728335295954887, 0.0945844386254601, 0.07878320281120088, -0.08574110813546244], [0.026527476479121237, 0.2404855826486289, -0.1483123687250544, -0.45635175415567786, -0.6399824096866866, -0.5925143473511286, -0.2729401035366952, 0.4399908909644423, 0.2890885465512162, 0.13254458277391, 0.775315165134352, -0.10449621404142442], [-0.7452499578287581, -0.22473590030482707, -0.15981434450363838, 0.44333753315150337, 0.5152209348711612, -0.3189411599677259, 0.3567345941675429, -0.22743467864454994, 0.4518685250110074, 0.7518131369098439, 0.21399701855673453, 0.18179254386033813]], "inverted": false, "swapped": false, "error_lsq": 0.03885693651395693, "error_max": 0.21070227225472155, "target": "1091.xyz", "model": "5.xyz", "model_rescale": 3.6523030999806103, "target_rescale": 3.7093707432742984},
{"mapping": [0, 3, 5, 8, 9, 7, 11, 1, 6, 10, 2, 12], "R": [[-0.9400742795895222, -0.1051742149419363, 0.3243435421980657], [-0.18536455784381128, -0.6407524810351521, -0.7450343876242662], [0.2861823361942686, -0.7605094625043429, 0.5828593551550376]], "T": [-0.11379508009320922, -0.014892607683668221, 0.17989326760398366], "aligned_model": [[-0.19135843414492998, 0.26549414288053125, -0.5174513964416507, -0.6842473868606093, -0.043037279127058306, 0.20647354461196138, 0.6775515227168527, -0.46274180467713305, -0.5055732456757238, 0.11653678382482306, 0.04174288347969364, -0.10081873503589778], [0.12881204646525451, 0.12400991433261645, -0.3305390760548771, -0.3201013544187973, -0.5884790604298074, -0.48933454384503156, -0.38697288034645455, 0.47591591629821206, 0.28878760624087235, 0.1066793462019749, 0.7279337151912251, -0.047356582580183965], [-0.8001560316574783, -0.3853380811917739, -0.26880754057841166, 0.36733629704657117, 0.6142373593206516, -0.1931361105126725, 0.27937104430380333, -0.16610968351395367, 0.6005031328183585, 0.9153118791168182, 0.19501378812667858, 0.08036219200004094]], "inverted": true, "swapped": false, "error_lsq": 0.04722129297017088, "error_max": 0.24421089804352267, "target": "1091.xyz", "model": "6.xyz", "model_rescale": 4.08911054899281, "target_rescale": 3.7093707432742984},
{"mapping": [2, 13, 0, 3, 4, 6, 5, 1, 9, 10, 11, 14], "R": [[-0.3027140962928046, -0.9238533614436095, -0.23422028617302573], [-0.2542649810018795, 0.31512585175982016, -0.9143549731853389], [0.9185387827096604, -0.2172341227845922, -0.330296594829956]], "T": [0.03222482962448281, -0.012082663739257964, 0.14729496789285856], "aligned_model": [[-0.10048694773645192, 0.37311991338924494, -0.7557983242495195, -0.5808415661922613, 0.04179433183890603, -0.13114121420198177, 0.6369842837909516, -0.405108750246804, -0.6395987702150819, 0.3687145815197477, 0.08241977704643676, -0.08748671919232759], [-0.07757741420257523, 0.4318274132437171, -0.2884203903704977, -0.49386687013499214, -0.6010984076880436, -0.40619054224406365, -0.4208525779758161, 0.4238348264839122, 0.30648157428575723, 0.17762467029007525, 0.5418085546649326, 0.09578421070259763], [-0.6453194182386979, -0.3245407108869561, -0.2855019277783525, 0.28325455399723437, 0.5343587452087961, -0.1118063294377537, 0.3656396252459517, -0.24850970677621642, 0.39574452989275477, 0.7556210916019503, 0.3349543625023084, 0.18469342994761287]], "inverted": true, "swapped": false, "error_lsq": 0.04989110532361188, "error_max": 0.25069475829191235, "target": "1091.xyz", "model": "7.xyz", "model_rescale": 3.964800864290218, "target_rescale": 3.7093707432742984},
{"mapping": [12, 9, 2, 0, 3, 6, 10, 7, 1, 5, 8, 13], "R": [[0.4465541089871616, -0.06340631762652826, -0.8925071801569584], [-0.6668536961079601, 0.6414790391924066, -0.3792239315548779], [0.5965698414551595, 0.7645157167526578, 0.2441723635146601]], "T": [-0.12596796222991696, -0.13511855811422807, 0.027636167079249305], "aligned_model": [[-0.04995967764684861, 0.4068915685061532, -0.7416512216455555, -0.6254031261865911, -0.06333384141105064, -0.03366617413947809, 0.6587142036749078, -0.4906653541578641, -0.6220276440026173, 0.28292413527102395, 0.15703032894222707, -0.07628260165344763], [0.24164396430363672, 0.21032486567613967, -0.22401064214472854, -0.49340906978782917, -0.6080042808015114, -0.6996588824866179, -0.10624440449703032, 0.44100406532465347, 0.28934225829009047, 0.14942032000320998, 0.5668449305133718, -0.0778980773383816], [-0.622708110718777, -0.23804463435799678, -0.1996105033609169, 0.3955380545043917, 0.5739133457076265, -0.06869879672602237, 0.26965722973916434, -0.17713614561113, 0.39760602886442364, 0.6991386632840891, 0.1626058275022348, 0.0463272864515447]], "inverted": true, "swapped": false, "error_lsq": 0.044813208821807025, "error_max": 0.26509088210232024, "target": "1091.xyz", "model": "8.xyz", "model_rescale": 4.121658175737393, "target_rescale": 3.7093707432742984},
{"mapping": [9, 6, 5, 10, 3, 7, 8, 4, 0, 2, 1, 12], "R": [[0.9020780486106919, -0.3932901805097876, -0.17770207688517725], [-0.40486031725606586, -0.6285643281676923, -0.6640745506841952], [0.1494768133392082, 0.6709915940380153, -0.7262416698346903]], "T": [-0.06406798500936975, -0.13631085546328192, 0.09996978300463892], "aligned_model": [[-0.04318145504241058, 0.43510508661283864, -0.6277270984866609, -0.6209656278306431, -0.11639111231729772, 0.05160220421706896, 0.6494211637158817, -0.47011514942428956, -0.615794866467835, 0.24184349574493355, -0.020686181681578708, -0.06053986348914844], [0.08858421952796358, 0.2154078688158712, -0.21466714482857854, -0.5614735852720527, -0.4081590044053662, -0.6021100261233501, -0.27992520477488236, 0.5832250152812142, 0.28465697354487207, 0.10783109748238909, 0.5264635859455526, -0.050478748138629084], [-0.7013889226606635, -0.2276004135222549, -0.14058499659176155, 0.3925146499858057, 0.838918269528228, -0.3742268536872696, 0.12932095079097286, -0.2248713300049185, 0.4703854661749883, 0.6736938661783098, 0.2837625322325861, 0.11866502685460921]], "inverted": false, "swapped": false, "error_lsq": 0.038310137038797994, "error_max": 0.24530481138688293, "target": "1091.xyz", "model": "9.xyz", "model_rescale": 3.833441315466971, "target_rescale": 3.7093707432742984},
{"mapping": [3, 6, 9, 8, 10, 7, 12, 2, 13, 0, 5, 14], "R": [[-0.33741214182273727, 0.21659212602317046, 0.9161009210209082], [0.811604033444691, 0.5599696559181236, 0.16653191089772318], [-0.47691921689831507, 0.7997010912807994, -0.36472760405184135]], "T": [0.06950525948668887, -0.04280750307458907, 0.10194393589313876], "aligned_model": [[-0.2745096120803754, 0.6663390932747281, -0.6314274730776652, -0.51937519782748, -0.10886600106891117, -0.004518103340246049, 0.58889401502314, -0.5577254937139086, -0.43224689409082795, 0.11861647710167228, -0.044699010439912784, 0.00208879579064547], [0.12697048649246662, 0.12055425269662191, -0.24218483920563588, -0.5303824233139806, -0.5001857017028856, -0.4763298387041585, -0.2806297163867399, 0.2812929020921483, 0.3975980470194092, 0.22145141883541597, 0.620334532881989, -0.04913407364964743], [-0.6772550452066167, -0.17793439417572154, -0.2542191009170697, 0.25376576081876184, 0.7612943892540286, -0.3985487244405478, 0.2935058652746818, -0.032929206495562205, 0.5378043140435066, 0.727706088950514, 0.17002643250502175, 0.035371865667635075]], "inverted": true, "swapped": false, "error_lsq": 0.05627541450933176, "error_max": 0.2865185094537043, "target": "1091.xyz", "model": "10.xyz", "model_rescale": 4.2482417240324, "target_rescale": 3.7093707432742984},
{"mapping": [3, 7, 1, 0, 10, 8, 9, 2, 6, 4, 5, 11], "R": [[-0.3172396909615105, -0.7089891179385863, 0.6298360176453162], [-0.44511357121826545, -0.47512480110182237, -0.7590324973907745], [0.8373964934223022, -0.5211437939979897, -0.16485223317084086]], "T": [-0.15870600212414762, -0.020187834350395135, 0.07166008124447237], "aligned_model": [[-0.08763465949566274, 0.3959563611653635, -0.7470385452390073, -0.5853262823202017, 0.08399865604515053, -0.027891964186044726, 0.6108764467144909, -0.5213029281900255, -0.4941628558346671, 0.04261268442506652, 0.19915147722036639, -0.06666779475396982], [-0.035418491456088566, 0.18945703089322619, -0.31654471978076165, -0.487014762824098, -0.5562101681412704, -0.5086320369202252, -0.20098481712236962, 0.49295655221731777, 0.38872087414145196, 0.16946169194925967, 0.5655337730356288, -0.011969878937067524], [-0.7362932081187548, -0.25537957984028065, -0.18365143226053243, 0.4886819407567777, 0.3339135256733304, -0.27643154090272254, 0.30482570392281805, -0.31944552358151257, 0.4468193881544106, 0.901927161076415, 0.37670826340567315, 0.1569135469930102]], "inverted": true, "swapped": false, "error_lsq": 0.04906905738614339, "error_max": 0.3674996433452594, "target": "1091.xyz", "model": "11.xyz", "model_rescale": 3.6694154284099745, "target_rescale": 3.7093707432742984},
{"mapping": [9, 7, 8, 3, 1, 10, 12, 11, 4, 0, 6, 13], "R": [[0.9358786741464588, 0.3522950326397884, -0.004395139951922734], [-0.339261872171473, 0.8977504909104376, -0.28097230853017485], [-0.09503940955505592, 0.26444709498763463, 0.9597058114776774]], "T": [0.01204016260119821, -0.0004495624987159892, 0.0982367654984705], "aligned_model": [[-0.18769403213448077, 0.4632582648979619, -0.5850504116893254, -0.7104723933264007, -0.16168423967535517, 0.2628296118135885, 0.5348770921776931, -0.5121302832327947, -0.5291005028391194, 0.16987263284901571, 0.04880453269498535, 0.00906032401509086], [0.05835831444588967, 0.2558839924393923, -0.30311315764462576, -0.36691195164248974, -0.5321262111512826, -0.3715780567204426, -0.40825116938437017, 0.43957824569332216, 0.18326293120961587, 0.1783486204623482, 0.5539078810860519, 0.0019956082615945094], [-0.6772206169234436, -0.4336096890746922, -0.25457401321705486, 0.38966398535503544, 0.7335424143264905, -0.3522042187035691, 0.2469240035486494, -0.17861973277993076, 0.568444325638212, 0.7719265943743056, 0.20402447408239766, 0.22029071865223182]], "inverted": true, "swapped": false, "error_lsq": 0.0483789177177587, "error_max": 0.29175575651662994, "target": "1091.xyz", "model": "12.xyz", "model_rescale": 3.9764082729961374, "target_rescale": 3.7093707432742984},
{"mapping": [2, 7, 1, 12, 13, 8, 3, 0, 5, 6, 4, 15], "R": [[0.42452604853746734, -0.8407306335244031, -0.3360798059491525], [-0.2858405226908875, -0.47665365441862595, 0.8313221333016279], [-0.859111651475502, -0.2568526729139199, -0.44266677616013905]], "T": [-0.13846336281405028, -0.1247692478717265, 0.18030596779647085], "aligned_model": [[-0.18774184802557992, 0.2584656544896461, -0.5267846125397263, -0.667669891951306, -0.17537827208078802, 0.1654305781533171, 0.6683708302380675, -0.3069386916266962, -0.563652845869056, 0.07418233410363673, 0.1074426140369141, -0.043155253377569605], [-0.05187681096820895, 0.32128217709196893, -0.39799073077400726, -0.4437215690064603, -0.4755773731384646, -0.5193281314597996, -0.25348724731059213, 0.4632765128873886, 0.49841845224854364, 0.08282912477564836, 0.5412772647931998, -0.07574662208421329], [-0.6124852010769237, -0.2828561857018141, -0.24145131613963783, 0.33975314183706873, 0.6803574600525826, -0.32131599810375217, -0.02191596191444309, -0.2107518033025902, 0.5459217493936874, 0.8841124248255212, 0.2888233179995196, 0.19039661740941327]], "inverted": true, "swapped": false, "error_lsq": 0.0477312862576385, "error_max": 0.2602657220556823, "target": "1091.xyz", "model": "13.xyz", "model_rescale": 4.170626492500431, "target_rescale": 3.7093707432742984},
{"mapping": [1, 0, 11, 5, 12, 10, 8, 3, 6, 4, 2, 13], "R": [[0.9167444048984377, -0.1638590323458741, -0.36432116821025307], [-0.39624477864738483, -0.2572641911275613, -0.881365537877541], [0.05069291352935572, 0.9523472861735659, -0.3007737937981796]], "T": [-0.02496640829407304, -0.0014897535143810169, 0.010655652805445823], "aligned_model": [[0.09021536205862905, 0.4145947778529824, -0.6713360533559912, -0.6026305986947803, -0.025135377914437318, 0.04834680016158427, 0.5639582491623216, -0.5106922247177608, -0.7068300416088372, 0.2774839745483286, 0.04223246125642657, -0.11763673319760679], [0.17276412982057363, 0.3383510591021986, -0.277955537587188, -0.3392973852366529, -0.5816339936663033, -0.5358036325265758, -0.38972881724886443, 0.39422418733018777, 0.255224842930864, 0.06326850584828275, 0.6185372305958386, -0.02859554230735726], [-0.7290626813031876, -0.20649082365912658, -0.06305054307172349, 0.6266182453669684, 0.4569053063111814, -0.1550614469027869, 0.24302275468383894, -0.2773625978501101, 0.43095182048346703, 0.6489293122618135, 0.2203769396188376, 0.04281195933945969]], "inverted": false, "swapped": false, "error_lsq": 0.04647847626062021, "error_max": 0.23943372329482301, "target": "1091.xyz", "model": "14.xyz", "model_rescale": 3.9786697098870705, "target_rescale": 3.7093707432742984},
{"mapping": [3, 2, 9, 6, 7, 8, 5, 0, 1, 10, 4, 11], "R": [[0.5919632721952567, 0.7959427058865924, -0.12670711628718667], [-0.27658879175766904, 0.052957796455367044, -0.9595280673688629], [-0.7570192366419217, 0.6030511427238341, 0.25149790180747167]], "T": [-0.12819352430343062, -0.042000275889574834, 0.1400971015322531], "aligned_model": [[-0.22491950652891946, 0.3912768147628211, -0.5415334214547566, -0.7882803886510352, -0.018552546246888638, 0.18834710889931783, 0.6536196411879591, -0.38773630797213904, -0.5337606165116694, 0.025665835317107477, 0.2597847780175387, -0.221340795268477], [-0.11095495449775175, 0.33909591590055377, -0.31638822765172697, -0.37279947900321303, -0.5525031248030337, -0.31547407745736233, -0.22247018779980995, 0.48820039923537323, 0.3092688575178863, 0.11994864715432171, 0.4024920272611381, -0.07906074880137187], [-0.7715160669571098, -0.44193698312300855, -0.2357694298321754, 0.4268250379790621, 0.5453645472674657, -0.17173976833669005, 0.16939510298956711, -0.22777566671961233, 0.5557861934329998, 0.9416086936374248, 0.303847397590187, 0.14449918735052147]], "inverted": false, "swapped": false, "error_lsq": 0.053603020944798185, "error_max": 0.2661813822942766, "target": "1091.xyz", "model": "15.xyz", "model_rescale": 3.769337070930944, "target_rescale": 3.7093707432742984},
{"mapping": [7, 8, 1, 10, 0, 2, 5, 3, 6, 9, 11], "R": [[-0.08754001526369053, -0.8763612089171043, -0.4736325339680376], [0.9207076414664958, 0.11033816967025427, -0.3743299710937143], [0.38030801289591, -0.46884594465471235, 0.7972134566776923]], "T": [0.029425396936560558, 0.1667093771437435, -0.012980404075225438], "aligned_model": [[-0.15876786255369751, -0.4409947021424985, -0.10378709242294108, -0.6140044896987308, 0.3285399840423518, 0.3831734467604819, 0.5970082017018834, 0.2954875220346843, 0.13495742609343003, -0.46741592998439774, -0.031570373139395105], [-0.05799039498500935, -0.5479184173585687, 0.706443495671528, 0.18412958580463545, 0.3782475888395152, -0.38881782700619155, 0.23197456473857941, -0.6055348613878535, 0.6688689192493795, 0.05425050293394326, -0.027588658874615646], [-0.5251049264679362, -0.059394086337752394, -0.1937636379673796, -0.04011545050074994, -0.7460030332086325, -0.2813715836275506, 0.04284812303660879, 0.32114248253297034, 0.4903293055795082, 0.6490932830891103, 0.08655713109558036]], "inverted": false, "swapped": true, "error_lsq": 0.04313590574125043, "error_max": 0.2196381101624718, "target": "1091.xyz", "model": "16.xyz", "model_rescale": 3.7852294659196426, "target_rescale": 3.7093707432742984},
{"mapping": [9, 0, 11, 7, 5, 10, 4, 8, 2, 1, 3, 12], "R": [[-0.6295422783434339, -0.13721929707883268, -0.764753152518739], [0.5159041400921284, -0.8098058653865449, -0.27938750620124536], [-0.5809642312689829, -0.5704255647275465, 0.5805990329748231]], "T": [-0.11101562867964539, -0.029588601424958554, 0.13174706453532695], "aligned_model": [[-0.12425298497064736, 0.41955495039325547, -0.7790985503660727, -0.5785686932035307, 0.12860367709285558, 0.06851828231100641, 0.5528808460721586, -0.36309140430373876, -0.5445709819687334, 0.02111593306338276, 0.13037666695501843, -0.12889714552409526], [0.012196391117073054, 0.25048452378861186, -0.15028495341551307, -0.40637345477318754, -0.477800551513106, -0.6410619858790562, -0.2510863410021949, 0.39698649205848674, 0.2514953076396023, 0.08426125015488325, 0.6894939426255158, -0.06895557374611212], [-0.7315840262453359, -0.19352368560072794, -0.14579513910291783, 0.493484968711954, 0.5487574321038895, -0.3613279299511021, 0.241140424772118, -0.29097909294202995, 0.4590215865037024, 0.7979554523042487, 0.3707981586819147, 0.05064009604291818]], "inverted": false, "swapped": false, "error_lsq": 0.042613501972626054, "error_max": 0.24097757110798626, "target": "1091.xyz", "model": "17.xyz", "model_rescale": 3.901054581598922, "target_rescale": 3.7093707432742984},
{"mapping": [2, 3, 8, 4, 6, 0, 7, 5, 10, 11, 9, 14], "R": [[0.7974136325872542, 0.489245528484336, -0.35322841253512255], [-0.19139321990990954, 0.7601997618049953, 0.6208582426964675], [0.5722762741338461, -0.42747530339156614, 0.699831930576029]], "T": [-0.0876692210417329, -0.029595649314285193, 0.0896009267671159], "aligned_model": [[-0.1288506839403103, 0.5142078175934088, -0.6277189923330131, -0.7361068233288836, 0.08929557796692265, 0.24505706604693067, 0.4490045689539297, -0.42819131727357995, -0.5985487978165999, 0.21128534377029906, -0.13209540242560308, -0.0547677616626423], [0.10531593365910898, 0.04454768183293463, -0.196288012334129, -0.4019968650618207, -0.42510874646225083, -0.5148922870407461, -0.3856066601255458, 0.4229785046105351, 0.23587642436769493, 0.19773677306310808, 0.5988249807440539, 0.007967319802060464], [-0.725163489417866, -0.3747832744315908, -0.2582182112615003, 0.34732166780216867, 0.7027718614716165, -0.3892361121000438, 0.24744397257553957, -0.1736620295573965, 0.6735361836733786, 0.7936443393779797, 0.2827419308522703, 0.11219140629407601]], "inverted": false, "swapped": false, "error_lsq": 0.052851183183898115, "error_max": 0.25551391866973294, "target": "1091.xyz", "model": "18.xyz", "model_rescale": 3.9405287249114394, "target_rescale": 3.7093707432742984},
{"mapping": [4, 0, 13, 11, 10, 12, 1, 7, 9, 2, 8, 15], "R": [[-0.11993744439999718, -0.8809010399194287, -0.4578519054232132], [-0.28440282201954414, 0.472338971363069, -0.8342726958009579], [0.9511729833516706, 0.030153838902324093, -0.3071818707888464]], "T": [-0.0752708264651418, -0.1124656013138645, 0.06398112730840698], "aligned_model": [[0.0032067236826805734, 0.40952869677106307, -0.6903049897274545, -0.5992587718045921, -0.07440957810012824, 0.05132854246966087, 0.5772620113190634, -0.4723070304443998, -0.680684687115951, 0.2845802422071909, 0.05895852692075501, -0.06532909062702938], [0.13328043842536824, 0.28894540858116985, -0.3275286905448703, -0.2613234567195346, -0.5889292175197441, -0.4787406248814302, -0.19824764637532122, 0.3872377865556544, 0.3052441946947233, -0.07800792715566528, 0.6269338414094116, -0.11950905941475809], [-0.6202083104143321, -0.2126284917596007, -0.09975857784159743, 0.5356708281953165, 0.689189666621328, -0.32325816448063877, 0.1125790731271856, -0.23314565678015176, 0.283075697316159, 0.8543260900177508, 0.15083215105637376, 0.10191394022083924]], "inverted": false, "swapped": false, "error_lsq": 0.043762227264459885, "error_max": 0.23879002700720484, "target": "1091.xyz", "model": "19.xyz", "model_rescale": 4.410303926677745, "target_rescale": 3.7093707432742984},
{"mapping": [12, 9, 2, 0, 3, 6, 10, 7, 1, 5, 8, 13], "R": [[0.4465541089871616, -0.06340631762652826, -0.8925071801569584], [-0.6668536961079601, 0.6414790391924066, -0.3792239315548779], [0.5965698414551595, 0.7645157167526578, 0.2441723635146601]], "T": [-0.12596796222991696, -0.13511855811422807, 0.027636167079249305], "aligned_model": [[-0.04995967764684861, 0.4068915685061532, -0.7416512216455555, -0.6254031261865911, -0.06333384141105064, -0.03366617413947809, 0.6587142036749078, -0.4906653541578641, -0.6220276440026173, 0.28292413527102395, 0.15703032894222707, -0.07628260165344763], [0.24164396430363672, 0.21032486567613967, -0.22401064214472854, -0.49340906978782917, -0.6080042808015114, -0.6996588824866179, -0.10624440449703032, 0.44100406532465347, 0.28934225829009047, 0.14942032000320998, 0.5668449305133718, -0.0778980773383816], [-0.622708110718777, -0.23804463435799678, -0.1996105033609169, 0.3955380545043917, 0.5739133457076265, -0.06869879672602237, 0.26965722973916434, -0.17713614561113, 0.39760602886442364, 0.6991386632840891, 0.1626058275022348, 0.0463272864515447]], "inverted": true, "swapped": false, "error_lsq": 0.044813208821807025, "error_max": 0.26509088210232024, "target": "1091.xyz", "model": "20.xyz", "model_rescale": 4.121658175737393, "target_rescale": 3.7093707432742984},
{"mapping": [0, 3, 5, 8, 9, 7, 11, 1, 6, 10, 2, 12], "R": [[-0.9400742795895222, -0.1051742149419363, 0.3243435421980657], [-0.18536455784381128, -0.6407524810351521, -0.7450343876242662], [0.2861823361942686, -0.7605094625043429, 0.5828593551550376]], "T": [-0.11379508009320922, -0.014892607683668221, 0.17989326760398366], "aligned_model": [[-0.19135843414492998, 0.26549414288053125, -0.5174513964416507, -0.6842473868606093, -0.043037279127058306, 0.20647354461196138, 0.6775515227168527, -0.46274180467713305, -0.5055732456757238, 0.11653678382482306, 0.04174288347969364, -0.10081873503589778], [0.12881204646525451, 0.12400991433261645, -0.3305390760548771, -0.3201013544187973, -0.5884790604298074, -0.48933454384503156, -0.38697288034645455, 0.47591591629821206, 0.28878760624087235, 0.1066793462019749, 0.7279337151912251, -0.047356582580183965], [-0.8001560316574783, -0.3853380811917739, -0.26880754057841166, 0.36733629704657117, 0.6142373593206516, -0.1931361105126725, 0.27937104430380333, -0.16610968351395367, 0.6005031328183585, 0.9153118791168182, 0.19501378812667858, 0.08036219200004094]], "inverted": true, "swapped": false, "error_lsq": 0.04722129297017088, "error_max": 0.24421089804352267, "target": "1091.xyz", "model": "21.xyz", "model_rescale": 4.08911054899281, "target_rescale": 3.7093707432742984},
{"mapping": [3, 2, 12, 10, 5, 14, 15, 13, 7, 8, 0, 16], "R": [[0.7199917916095406, 0.2706898854813599, -0.6390139324873693], [0.14878909741839855, 0.8391698515350503, 0.5231211759851248], [0.677844838074542, -0.4717212589789969, 0.5639197011303718]], "T": [0.0024267490947613712, -0.02651724384354338, 0.1981312916408341], "aligned_model": [[-0.07354578416205804, 0.5389661540358193, -0.5779408702472348, -0.6574963835614962, -0.11158073758856843, -0.010998628436644509, 0.606310171799725, -0.4227527187029708, -0.6467679302043146, 0.2547565279344783, -0.0806243149714092, -0.015754890344467094], [0.07414406530709843, 0.248574452412484, -0.3025746631590137, -0.3253385472616121, -0.5251572229823493, -0.392358441947892, -0.34181568350047137, 0.23835280853484409, 0.2502873802393212, 0.019302906684950206, 0.7309259129422968, 0.015012079785347372], [-0.6611557956152806, -0.19898815508738843, -0.16509760822021957, 0.5535784703096409, 0.6840217300451816, -0.3289384978128752, -0.061519865926810746, -0.23290958988265376, 0.2860042480355492, 0.8423301852880668, 0.33763678678368575, 0.18362633736173573]], "inverted": true, "swapped": false, "error_lsq": 0.0465926042492929, "error_max": 0.23817439200350296, "target": "1091.xyz", "model": "22.xyz", "model_rescale": 4.204369325754507, "target_rescale": 3.7093707432742984},
{"mapping": [4, 0, 13, 11, 10, 12, 1, 7, 9, 2, 8, 15], "R": [[-0.11993744439999718, -0.8809010399194287, -0.4578519054232132], [-0.28440282201954414, 0.472338971363069, -0.8342726958009579], [0.9511729833516706, 0.030153838902324093, -0.3071818707888464]], "T": [-0.0752708264651418, -0.1124656013138645, 0.06398112730840698], "aligned_model": [[0.0032067236826805734, 0.40952869677106307, -0.6903049897274545, -0.5992587718045921, -0.07440957810012824, 0.05132854246966087, 0.5772620113190634, -0.4723070304443998, -0.680684687115951, 0.2845802422071909, 0.05895852692075501, -0.06532909062702938], [0.13328043842536824, 0.28894540858116985, -0.3275286905448703, -0.2613234567195346, -0.5889292175197441, -0.4787406248814302, -0.19824764637532122, 0.3872377865556544, 0.3052441946947233, -0.07800792715566528, 0.6269338414094116, -0.11950905941475809], [-0.6202083104143321, -0.2126284917596007, -0.09975857784159743, 0.5356708281953165, 0.689189666621328, -0.32325816448063877, 0.1125790731271856, -0.23314565678015176, 0.283075697316159, 0.8543260900177508, 0.15083215105637376, 0.10191394022083924]], "inverted": false, "swapped": false, "error_lsq": 0.043762227264459885, "error_max": 0.23879002700720484, "target": "1091.xyz", "model": "23.xyz", "model_rescale": 4.410303926677745, "target_rescale": 3.7093707432742984},
{"mapping": [3, 0, 10, 9, 15, 4, 5, 1, 11, 13, 7, 16], "R": [[0.9032969161762399, -0.3479932148446493, 0.25090915417453596], [-0.4113529537842794, -0.5364493389075076, 0.7368927019577862], [-0.1218336104670783, -0.7688451269324559, -0.6277210703431679]], "T": [-0.06707179123437855, -0.06182038664614058, 0.23019309809709781], "aligned_model": [[-0.06301697132406715, 0.4258171456888114, -0.59500031167653, -0.5390064992575272, -0.026716605188062528, 0.027485040052245585, 0.4460474308896325, -0.4114734208482915, -0.6006536453829924, 0.21563007314481625, -0.006801474964159934, -0.0697401655830163], [0.009914735881912398, 0.3071688012456702, -0.22733550961973187, -0.42350851442824466, -0.6570051503472325, -0.5067351249309331, -0.4175206576469232, 0.5421776715365254, 0.21113878392349594, 0.280927165987041, 0.5996534446109464, -0.029520599157522698], [-0.6665167854580247, -0.20717778132200243, -0.11285233278110651, 0.4273714772692726, 0.6219082329234048, -0.2865217694122065, 0.15411409623224642, -0.2727077000740598, 0.4339213060998832, 0.7749778215150998, 0.25759302913818977, 0.11447865114793541]], "inverted": true, "swapped": false, "error_lsq": 0.03897577074629029, "error_max": 0.2456532056009513, "target": "1091.xyz", "model": "24.xyz", "model_rescale": 4.28219845311461, "target_rescale": 3.7093707432742984},
{"mapping": [7, 13, 1, 8, 10, 9, 12, 4, 0, 14, 2, 15], "R": [[0.5324044783750519, 0.2608245149297942, 0.8053049384039728], [0.5295597772267671, 0.6395638952017368, -0.5572472218844331], [-0.6603876995748221, 0.7231380202741515, 0.2023845099908957]], "T": [-0.12358799166719725, -0.09934183500820717, 0.061456640007992655], "aligned_model": [[0.07483460480147963, 0.3380553280032953, -0.7403627707968093, -0.5363618960768598, -0.056462441246634354, 0.10091857271389526, 0.6208723305907567, -0.46096453341781257, -0.686486150891513, 0.3286004884332634, -0.007443219314612365, -0.17262971724758985], [0.10489350812413772, 0.23012829727529502, -0.252713544894498, -0.4613150277774982, -0.46123264994730717, -0.5207223283210567, -0.2701594839234408, 0.43018193859067266, 0.4359841164076541, -0.004089341490446152, 0.5054166286352173, -0.04701706562372594], [-0.6627411255066952, -0.11532382914429641, -0.01563674027102213, 0.486355649754582, 0.7644744330767943, -0.4169876788882478, 0.09339501247246301, -0.3132835570561994, 0.3107074376363773, 0.6669293196870291, 0.36071842656740344, 0.07998089695044378]], "inverted": false, "swapped": false, "error_lsq": 0.047302687130199035, "error_max": 0.23353577466624523, "target": "1091.xyz", "model": "25.xyz", "model_rescale": 4.100010024507729, "target_rescale": 3.7093707432742984},
{"mapping": [3, 7, 1, 0, 10, 8, 9, 2, 6, 4, 5, 11], "R": [[-0.3172396909615105, -0.7089891179385863, 0.6298360176453162], [-0.44511357121826545, -0.47512480110182237, -0.7590324973907745], [0.8373964934223022, -0.5211437939979897, -0.16485223317084086]], "T": [-0.15870600212414762, -0.020187834350395135, 0.07166008124447237], "aligned_model": [[-0.08763465949566274, 0.3959563611653635, -0.7470385452390073, -0.5853262823202017, 0.08399865604515053, -0.027891964186044726, 0.6108764467144909, -0.5213029281900255, -0.4941628558346671, 0.04261268442506652, 0.19915147722036639, -0.06666779475396982], [-0.035418491456088566, 0.18945703089322619, -0.31654471978076165, -0.487014762824098, -0.5562101681412704, -0.5086320369202252, -0.20098481712236962, 0.49295655221731777, 0.38872087414145196, 0.16946169194925967, 0.5655337730356288, -0.011969878937067524], [-0.7362932081187548, -0.25537957984028065, -0.18365143226053243, 0.4886819407567777, 0.3339135256733304, -0.27643154090272254, 0.30482570392281805, -0.31944552358151257, 0.4468193881544106, 0.901927161076415, 0.37670826340567315, 0.1569135469930102]], "inverted": true, "swapped": false, "error_lsq": 0.04906905738614339, "error_max": 0.3674996433452594, "target": "1091.xyz", "model": "26.xyz", "model_rescale": 3.6694154284099745, "target_rescale": 3.7093707432742984},
{"mapping": [11, 9, 2, 0, 5, 10, 8, 12, 6, 7, 3, 13], "R": [[0.2833419361141405, 0.946890244946857, 0.15204016332394313], [0.9568576669426991, -0.2897656360290979, 0.021430851350956397], [0.06434867871265709, 0.13940853704538084, -0.9881419469624806]], "T": [-0.07152011914137857, -0.12228457948588538, 0.15555916485135926], "aligned_model": [[-0.24131157051803764, 0.4091626905822629, -0.6387901272906005, -0.5232228016819698, -0.050916204169920404, 0.13621003115792243, 0.47370244244769266, -0.35026725402713904, -0.6193048719888535, 0.2743014060971876, 0.05254304114119904, -0.11953618619888456], [0.09680973904365416, 0.2501473458291517, -0.24994638070065422, -0.5415675545061758, -0.4513561415583447, -0.3948979948915526, -0.4549973774828882, 0.5032776801408108, 0.27191546372680847, 0.14774714074094603, 0.6470122616558998, -0.13478913494265166], [-0.6564408424594018, -0.1528270101187141, -0.19662948994641413, 0.3945148439571502, 0.8747711540758093, -0.33883018605551807, 0.1753517092382273, -0.2453207516837186, 0.28097296904903246, 0.6068006384233854, 0.36915205519069827, 0.1270731556080958]], "inverted": false, "swapped": false, "error_lsq": 0.04962091459158436, "error_max": 0.24985451447800838, "target": "1091.xyz", "model": "27.xyz", "model_rescale": 4.103607728864725, "target_rescale": 3.7093707432742984},
{"mapping": [12, 3, 4, 8, 7, 13, 10, 2, 1, 5, 0, 14], "R": [[0.7864453531719962, 0.48229402808068333, -0.38587067386869905], [0.4562118724963753, -0.03242533644298648, 0.8892802285837186], [0.4163825571124779, -0.8754090861044731, -0.24552901681513314]], "T": [0.1448831436555324, -0.16345312759761724, 0.13550612285409624], "aligned_model": [[0.06011379506433545, 0.2714463212079719, -0.7090637794902568, -0.5372364536868848, -0.21500232625433507, -0.14802784743677866, 0.6331130259499764, -0.3112304095383878, -0.5037599983548853, 0.16771257800387362, 0.04827676350363522, 0.04622892658259434], [-0.011213263831323733, 0.47096138640623764, -0.1992091928154929, -0.5672115271464776, -0.34819952717858627, -0.5801803488363386, -0.19448084569839325, 0.26100986687919137, 0.3428079857835836, 0.041046595892640314, 0.5199571785029369, -0.04593326090297374], [-0.7052856459832186, -0.24532302397672534, -0.16633065983564238, 0.3452011073477213, 0.7325257724076152, -0.2650111768093204, -0.007476879806935177, -0.25578954431419615, 0.49022092586596583, 0.8375026259804381, 0.31801448378898944, 0.1603402606139401]], "inverted": true, "swapped": false, "error_lsq": 0.05231259805733551, "error_max": 0.2890468046945654, "target": "1091.xyz", "model": "28.xyz", "model_rescale": 4.137296879288765, "target_rescale": 3.7093707432742984},
{"mapping": [7, 2, 3, 4, 9, 8, 10, 5, 6, 1, 11], "R": [[-0.4023352123613151, 0.9054089201572164, -0.13550300437229632], [0.6493603354729336, 0.3865675648724553, 0.654902032752273], [0.6453352087161017, 0.17549987204645795, -0.7434663834384323]], "T": [0.03974111832326023, -0.05024694537682898, 0.1908928449557672], "aligned_model": [[0.5708292310168777, 0.10031761803790608, -0.20422969926333623, -0.5554715966655871, -0.044572270143978965, 0.5551436329530909, 0.5010969115721889, -0.4068171225641514, -0.4889199639955263, 0.13749387923817347, 0.056548390524241245], [-0.30729407372569256, -0.6773278238495851, -0.34695785924838174, 0.13598715949581744, 0.6451361670127319, -0.02805242249743365, 0.3948235223111967, -0.39222636947698036, 0.3696616582431845, 0.1509050170401404, -0.025507158657045746], [0.18379303429791158, -0.13907994498685428, -0.6036064913988988, -0.44501888131614886, -0.26427025689792283, -0.4932195984783223, 0.12682331821003573, 0.30562043712175724, 0.4375020568393873, 0.7310070453154125, -0.03379669692335896]], "inverted": false, "swapped": true, "error_lsq": 0.042895877790751775, "error_max": 0.20138702441010992, "target": "1091.xyz", "model": "29.xyz", "model_rescale": 3.607286011436655, "target_rescale": 3.7093707432742984},
