[{"mapping": [5, 12, 6, 1, 0, 11, 3, 10, 2, 8, 9, 13], "R": [[-0.8095408890560132, 0.3916305124872493, 0.43734321834844375], [0.5467858619873991, 0.7741762200889347, 0.31886737271082893], [-0.21370252707232312, 0.49726926502427665, -0.8408653328477274]], "T": [-0.09960107253964988, -0.08288081559100177, -0.024842874611961996], "aligned_model": [[-0.2772848015299723, 0.15360746728070707, 0.4440685610540457, -0.002575619475709834, -0.14675886185497777, -0.686127488117699, 0.49901137269340035, -0.24792486444571943, 0.5489753123112219, 0.16252908904909164, -0.6369788751649188, 0.027101170661079574], [-0.2911815403018798, -0.7556817736577172, -0.284307366010067, 0.6183401997193604, 0.3139422641124996, -0.49600916783865245, -0.2665258711742739, -0.4148762152837939, 0.3464267530205748, 0.31767477764178276, 0.04562054685777445, -0.07986757110855063], [-0.5762680454966107, 0.13522462964640072, -0.5298899707702477, -0.021409236070434823, -0.6871685050290077, -0.010146492534501395, 0.39477885868515195, 0.5603941789271094, -0.044869584206977675, 0.6173963218140155, 0.298066933082113, 0.04584265730655225]], "inverted": true, "swapped": true, "error_lsq": 0.04361289348895666, "error_max": 0.21432492732715602, "target": "110.xyz", "model": "0.xyz", "model_rescale": 3.751011558992144, "target_rescale": 3.9705646535111585},
{"mapping": [2, 8, 5, 10, 0, 3, 13, 12, 4, 1, 6, 7, 11, 14], "R": [[-0.16095889886426218, -0.24494248436960864, -0.9560833709605291], [-0.7839734698565106, -0.5567492906846391, 0.27461942007675727], [-0.5995647016273952, 0.7937464372663323, -0.10241465661445764]], "T": [0.08138454552551133, -0.032213830416904586, -0.02066512503567567], "aligned_model": [[-0.3487769063669984, -0.22346154870091828, 0.27801165314230386, 0.7093144547461874, -0.6262449081618012, -0.2218375760386787, 0.2670487941617538, 0.32841940193376573, 0.029707323342086894, -0.4274684784016647, 0.1718545167253333, -0.1296872677670406, 0.6870968436802624, 0.12140400585359479], [-0.07436088921186473, -0.5928566860015292, -0.329261950358704, -0.5022599082435766, 0.24001746132106097, 0.5654169452107941, 0.23879645412721875, 0.6674258971823617, -0.7105963667308297, -0.09641164333741781, 0.11449075704412742, 0.4678851208719717, 0.3014549893095773, 0.004782664318356521], [-0.7255926764399108, -0.20278239345545385, -0.5336819298139568, 0.21853032215079718, -0.0462619719578979, -0.387134346839529, -0.6684184814532489, -0.05878513764570486, 0.38269646094085163, 0.4511746680002952, 0.7101007017509445, 0.360158656194442, 0.37746641043106244, -0.026454305955308587]], "inverted": true, "swapped": false, "error_lsq": 0.03883683525040225, "error_max": 0.2653615611719644, "target": "110.xyz", "model": "1.xyz", "model_rescale": 3.9405287249114394, "target_rescale": 3.9705646535111585},
{"mapping": [11, 7, 5, 3, 6, 4, 10, 12, 2, 1, 8, 9, 13], "R": [[0.9986563991529559, 0.04576162127234493, 0.024316053326526678], [-0.05166322664089809, 0.9157719493199811, 0.3983624578844412], [-0.0040382476277736916, -0.39908346352261753, 0.9169057103644237]], "T": [-0.11837273283244662, -0.07123882129461044, -0.019431930708494208], "aligned_model": [[-0.3292718848141012, 0.2913286322538119, -0.25061943113632157, 0.545277671428442, 0.3177021581271635, -0.7821745319337894, 0.08511950317042946, 0.5093311837786636, 0.13026042678243294, -0.45516011351819485, -0.014377904736141534, -0.5450210509538672, -0.006411379164595693], [0.5976017680183773, 0.5641670755728004, 0.27161638432657886, -0.3220784136739522, -0.15458663592342542, 0.1674797831341337, 0.20523552258033123, 0.30565468563905324, -0.7881068093901049, -0.6938573651915414, -0.6298554518420667, 0.09134125273044412, -0.15577920240861146], [0.13248274609639576, -0.34890963232555955, -0.5133869259401683, 0.23511159190143882, -0.6472167077736193, -0.1563457373698321, 0.5779591878755836, 0.06016943382293098, -0.19159239113554005, -0.026985058225622124, 0.5451570579509724, 0.4290066704229756, 0.01767011428868842]], "inverted": false, "swapped": true, "error_lsq": 0.05121542814489843, "error_max": 0.2875550927207594, "target": "110.xyz", "model": "2.xyz", "model_rescale": 3.932901565614263, "target_rescale": 3.9705646535111585},
{"mapping": [12, 10, 10, 1, 9, 5, 6, 4, 11, 8, 3, 7, 0, 13], "R": [[0.2794569944680179, -0.024111040135689377, -0.9598554297322475], [-0.790277162701075, -0.573537196021373, -0.21567821144723998], [-0.5453125657419251, 0.8188246103553047, -0.17933338540395166]], "T": [0.0973670270085277, 0.05196613801935869, 0.09490362848036539], "aligned_model": [[-0.29392023834059455, 0.10663767277090208, 0.10663767277090208, 0.7478582302941986, -0.6137979745749924, -0.20531037019377854, 0.26182904930034145, 0.441596891384736, -0.15728746868493085, -0.4226489904428068, 0.17838248261561743, -0.23706762760841218, 0.6468061948138989, 0.055664784043105056], [-0.08445265357877398, -0.48994985582025097, -0.48994985582025097, -0.29950870120345396, 0.2004153311750816, 0.4676272323050905, 0.11463824627489151, 0.8353424731100204, -0.7820802784637261, -0.13190374101385538, -0.03233660283775451, 0.6335324620204296, 0.3099063835982606, 0.043242405755838445], [-0.5465119929649235, -0.3734835522250947, -0.3734835522250947, 0.04912969754351633, -0.014641416879851432, -0.40750251556515904, -0.5651847828345525, -0.08131703611160572, 0.287844970194016, 0.5792195736135743, 0.5919096867110203, 0.33919161411672893, 0.37868833514202443, -0.012843052607215924]], "inverted": false, "swapped": false, "error_lsq": 0.05213919076235609, "error_max": 0.4353055660722145, "target": "110.xyz", "model": "3.xyz", "model_rescale": 3.9243930471874484, "target_rescale": 3.9705646535111585},
{"mapping": [0, 5, 4, 1, 9, 6, 2, 11, 10, 12, 8, 3, 13], "R": [[0.8415089867851294, 0.2853760891585313, -0.45871899120970266], [-0.30376433233670896, -0.4522228866578405, -0.838583145062482], [-0.44675480474181667, 0.8450177208316002, -0.2938625459643833]], "T": [0.030985992569536484, -0.05032862429077905, -0.12743081727351532], "aligned_model": [[0.049162362507097095, -0.13536164236724307, 0.5080650684785923, 0.3324649540264907, 0.6258439395993999, -0.6710634290538526, -0.24585474566004517, 0.2668411188053193, 0.17120610472094633, -0.4681413535786073, 0.26670221830094615, -0.38226803148479593, -0.04039067798289513], [-0.7083081100953506, -0.13478911995427312, -0.18450417232117758, -0.626835288261996, 0.18512904826177043, -0.32981392384635977, -0.590887216473421, 0.4561587502476753, 0.5730681959518671, 0.48869506879994357, -0.09216811079399856, 0.14398836501710838, -0.05190393285020083], [-0.5337561428711965, -0.7141379908885686, -0.6477742314584057, 0.15165186388819105, -0.14361581347775623, -0.26968577140213656, 0.35889520364725847, -0.5777053492085408, 0.13032493175503615, -0.07525179517748702, 0.6369745127749994, 0.4722414134930665, -0.0010905157034962476]], "inverted": true, "swapped": true, "error_lsq": 0.046851263521114975, "error_max": 0.281256553579817, "target": "110.xyz", "model": "4.xyz", "model_rescale": 3.8936222436046832, "target_rescale": 3.9705646535111585},
{"mapping": [0, 1, 4, 5, 9, 8, 3, 10, 7, 6, 11, 13], "R": [[0.41110222792624496, 0.855980609028421, -0.3135157973075867], [-0.25519755989716186, 0.43823724791532626, 0.8618714056993282], [0.8751395109447481, -0.27430878860680896, 0.39860447172159624]], "T": [-0.10793863356779984, -0.05639992847916778, -0.0010455994608888214], "aligned_model": [[-0.028447993108646236, -0.6491432275882788, -0.1628046845833314, 0.36380512115180863, -0.475717823335407, -0.774325723261122, -0.13506254592613626, -0.2184472289573141, 0.6862324160342621, 0.42765791131892317, 0.12955981317861323, -0.13575799270827427], [-0.5086468341730378, -0.4608855661539426, 0.18206895207688548, -0.07275811660372136, 0.43446062381536077, -0.15397617190433052, -0.23151625704590714, 0.4778371092758916, 0.13444127686203178, -0.5997779335094092, 0.5892171525803829, -0.12154133011039635], [-0.6235579517524162, -0.21229331437101817, -0.6766838906325695, -0.3962931903611689, -0.18367263082692636, 0.43258478891104096, 0.7315820890214891, 0.4197892129458341, 0.11307449740274096, 0.09434087651083088, -0.20519585707778965, 0.12561008950547142]], "inverted": false, "swapped": true, "error_lsq": 0.04381424871532769, "error_max": 0.2713264281363096, "target": "110.xyz", "model": "5.xyz", "model_rescale": 3.6523030999806103, "target_rescale": 3.9705646535111585},
{"mapping": [8, 2, 3, 10, 12, 1, 6, 9, 0, 5, 7, 11, 13], "R": [[-0.23656756707269627, -0.16320785000838173, -0.9578094716095403], [-0.8088567963787987, -0.5130913031695791, 0.2872072380069304], [-0.5383181857982616, 0.8426746182883311, -0.010631017424664657]], "T": [0.05119591214245428, -0.11988968614219275, -0.021519058196866267], "aligned_model": [[0.2476769325131753, -0.39414123910185206, 0.3049849464806284, 0.7341239906782813, 0.4789753669942254, -0.36787450143059386, -0.38545294968593763, 0.38581423571241125, -0.6708919389595493, -0.207400340272701, 0.22265543547327876, 0.4652497558569371, 0.06736321040599111], [-0.4755266145204847, -0.05866049296306572, 0.22846770814500433, -0.14703012417148137, 0.4782050031662056, -0.5892309549977036, 0.5093298385725481, -0.6319468874225388, -0.22954948530905533, 0.11148638767063507, 0.5724309351671524, -0.1555376071176092, -0.07161080205642341], [0.6688038909495652, 0.6135267607602003, 0.5968522032460309, 0.06563561849123294, 0.01952701787332612, 0.3028810073789674, 0.04661651419574876, -0.20963138357388494, -0.2763356944736036, -0.5300694581101348, -0.43557848310987973, -0.6064916177953937, 0.11437336364961413]], "inverted": true, "swapped": true, "error_lsq": 0.05791014659608554, "error_max": 0.345677459494615, "target": "110.xyz", "model": "6.xyz", "model_rescale": 4.08911054899281, "target_rescale": 3.9705646535111585},
{"mapping": [12, 5, 10, 8, 7, 13, 11, 1, 4, 6, 3, 2, 9, 14], "R": [[0.6428904732325786, 0.5941716179127612, -0.48337555574700164], [-0.7378274008480601, 0.6498460380359528, -0.18251261163758234], [0.20567587603943016, 0.4739833491968959, 0.8561759274235092]], "T": [0.04153701419228899, 0.024879551868964633, -0.00749545389440597], "aligned_model": [[-0.16879532426685162, -0.3944274181291743, 0.29562920912803686, 0.5649115738912435, -0.7312756966663301, -0.2596438554710894, 0.3844292218234585, 0.2743921554833646, 0.0015767670038026732, -0.19997432860737097, 0.28802025243275386, -0.3976109435409488, 0.7676873177331981, 0.19046137733409335], [-0.038267618540663254, -0.5715196423569175, -0.44298079163261495, -0.4001874646513963, 0.05834818588648101, 0.5171341440032832, 0.17551497891447665, 0.715119840799368, -0.6013668803737879, 0.055631284059659405, -0.1427814276336993, 0.633895152359839, 0.2391325989689157, 0.09685048569860326], [-0.6855623092108739, -0.19389353451937036, -0.49310718558269717, 0.09519863070343458, 0.022989444166842073, -0.45790640249924397, -0.4594522715460437, 0.07790293933978533, 0.3135467153764133, 0.4282447998346387, 0.7257079595485995, 0.28642394469765775, 0.19587287299948863, -0.004949627401248316]], "inverted": true, "swapped": false, "error_lsq": 0.05078925075460715, "error_max": 0.2613617992223198, "target": "110.xyz", "model": "7.xyz", "model_rescale": 3.964800864290218, "target_rescale": 3.9705646535111585},
{"mapping": [3, 5, 10, 9, 0, 6, 11, 4, 8, 1, 7, 2, 12, 13], "R": [[-0.39207465551011234, -0.47732043937113566, -0.7864112554288455], [-0.1823329380850418, -0.7975763456458773, 0.5750014543941994], [-0.9016829621302064, 0.3688321718949069, 0.22567823284353933]], "T": [-0.008412882003515192, 0.06606090731308725, -0.017665413140631487], "aligned_model": [[-0.5254115208193679, -0.23955741510389014, 0.24462208529277407, 0.586099595593312, -0.668402997965219, -0.023915882366667647, 0.6583699281735805, 0.267928124530303, 0.22043664973226496, -0.4697373987470813, 0.0964126745004383, -0.19420346028715252, 0.6437518325798395, 0.018988093035052316], [0.003722253205948961, -0.7176389990518598, -0.518318901143339, -0.28030026054948776, 0.3429524713239601, 0.4148325873117297, 0.28447362528886, 0.709666009619048, -0.5927923546500021, -0.1360654408306902, 0.032521558601969695, 0.5864529546189995, 0.17158879008732386, -0.00657144833091397], [-0.5224316911040796, -0.19502771057095797, -0.5369028904099713, -0.038774230425582354, -0.04772337606583292, -0.48094048843521636, -0.4590608063794494, -0.08475874669510701, 0.3057504993191478, 0.5386119644416052, 0.685712067131081, 0.3474136274463142, 0.34869504910682225, -0.009547291451391113]], "inverted": true, "swapped": false, "error_lsq": 0.0445033065701524, "error_max": 0.27238471204927345, "target": "110.xyz", "model": "8.xyz", "model_rescale": 4.121658175737393, "target_rescale": 3.9705646535111585},
{"mapping": [6, 12, 3, 2, 7, 5, 10, 9, 8, 11, 0, 1, 13], "R": [[0.0640158585412903, 0.8596123853135503, -0.5069206218637883], [0.184152140725946, 0.489063777375106, 0.8525870106479714], [0.9808108680684942, -0.14792960716212653, -0.1269916233599132]], "T": [-0.026490050928371672, -0.002622412721439529, 0.05321188050881088], "aligned_model": [[-0.5249633374213029, -0.23858522966218257, 0.26483672852904305, 0.22896477424528408, -0.6997872051569238, -0.6131645996130956, 0.27686636097294715, 0.2800835347120926, 0.7453993389576449, -0.2737871451275088, -0.37201105630347675, 0.36037513919561315, 0.042510193107062624], [0.33099507212897555, -0.4849752910433938, -0.10724690568500185, 0.5995091162730012, -0.39695950517431094, 0.05002912562929746, -0.6138786198924284, -0.29495748691463525, 0.07762226809876745, -0.5640946762020289, 0.6156937305386275, 0.5626532194933083, 0.01599739216153203], [-0.42787610676437304, -0.4613254219925208, -0.6340487600973839, -0.36814051195731323, -0.21384732231677095, 0.23229624047087946, -0.04199336121116871, 0.5329108358908153, -0.14522136088977394, 0.42536413401603657, 0.364126718067892, 0.23191673501294013, -0.0730863842701705]], "inverted": true, "swapped": true, "error_lsq": 0.04899883927491187, "error_max": 0.26782417171238354, "target": "110.xyz", "model": "9.xyz", "model_rescale": 3.833441315466971, "target_rescale": 3.9705646535111585},
{"mapping": [9, 8, 11, 12, 2, 3, 7, 4, 10, 13, 0, 5, 6, 14], "R": [[-0.4947345962858543, -0.0610685973803993, 0.866895787077007], [0.8686633549819398, -0.06427588161331393, 0.49121541787117373], [0.025722654400223033, 0.9960618642719046, 0.08484755502537927]], "T": [0.15873247390582548, 0.010604317846301234, 0.053708386957780394], "aligned_model": [[-0.40159812934771644, -0.2769835750267733, 0.4111036274417009, 0.6956106967798171, -0.5128202900765619, -0.1162436638710703, 0.2794770829866302, 0.28619952645935953, 0.037820030035835256, -0.5014339293557368, 0.04752254417213515, -0.1515178976535785, 0.7129779232322982, 0.10526636237184733], [-0.009644912048837181, -0.53757888330503, -0.4808055501028086, -0.21722099667948377, 0.25123408089246346, 0.5913501615268891, -0.002738097598991294, 0.7959372823933056, -0.7834869965728578, -0.011533996771936802, -0.18748107918594464, 0.44827349793765947, 0.3990750237885279, 0.039143311228591514], [-0.5324056892073381, -0.2886453264071902, -0.34649434115483585, 0.20496134453436599, -0.03440777076370925, -0.5306239144330086, -0.601392136710019, -0.00029962540489626016, 0.2285034349462995, 0.5002246312817813, 0.6957500434839528, 0.4655646691879057, 0.10967320242749914, -0.019392545873424455]], "inverted": true, "swapped": false, "error_lsq": 0.044191326411370815, "error_max": 0.2555437037189591, "target": "110.xyz", "model": "10.xyz", "model_rescale": 4.2482417240324, "target_rescale": 3.9705646535111585},
{"mapping": [8, 10, 12, 11, 2, 6, 3, 5, 9, 0, 1, 13], "R": [[0.08333319113469481, -0.9963681427923301, -0.017495807608445768], [-0.1380039864243774, -0.028926379092873544, 0.990009173858281], [-0.9869196922679622, -0.0800861325145539, -0.13991330312937586]], "T": [0.0526595575181001, 0.041428725749523186, -0.10599363714201629], "aligned_model": [[-0.6824676333054722, 0.07271604491405136, 0.3471046982086291, 0.6204088269651225, -0.5531385278023662, 0.19879370133642077, -0.30078039142798907, 0.5626047840756596, 0.04773995824181176, 0.11458460228477087, -0.5070579352959371, -0.043742525831694246], [-0.2564461569549669, -0.5883476925166059, -0.1009063882978852, -0.37340753655953896, 0.49724136328288765, 0.7003303513852399, -0.022276089149371563, 0.3519956004016018, -0.4811311183527758, 0.6440722812075389, 0.24311840855348196, 0.05188836705103355], [0.0057505254622210455, 0.17275840645029064, 0.5538851958006643, -0.2490876543603456, 0.06893750313194275, 0.2624020126540153, 0.5567028726805664, -0.25610859585082313, -0.47540567496065667, -0.586986036542864, -0.4896265877825974, 0.0019703231719429004]], "inverted": true, "swapped": true, "error_lsq": 0.04362857398076058, "error_max": 0.2286921019368701, "target": "110.xyz", "model": "11.xyz", "model_rescale": 3.6694154284099745, "target_rescale": 3.9705646535111585},
{"mapping": [9, 7, 10, 12, 11, 8, 2, 3, 5, 6, 0, 4, 1, 13], "R": [[-0.5450136093272883, 0.5115405930689293, -0.6642939012897306], [0.8309545704982076, 0.43510618515000204, -0.3466945477107359], [0.11169005065887272, -0.7409513002127066, -0.6622057862152204]], "T": [0.023411888394286668, -0.04612777092168655, 0.006202046512063597], "aligned_model": [[-0.4400522492546226, -0.28160021652649103, 0.2108291789710011, 0.6001176182887541, -0.6382371957204463, -0.07927324122306618, 0.4956424674129677, 0.22292452388123138, -0.002999696758823202, -0.3774687481633718, 0.22993551509560298, -0.09432443288259006, 0.6945008877976632, 0.07538589723037707], [-0.10202880066302192, -0.6774799660213695, -0.3371053622445815, -0.4055030502182887, 0.26982904538521096, 0.4683764588283567, 0.24425500079431303, 0.7895841969766013, -0.7281477417119157, -0.16329206593664625, -0.030316698057948573, 0.5600902793771045, 0.4139091129938947, -0.007647564000162102], [-0.6470684448445414, -0.23982100131913545, -0.5264663192177328, 0.0008719429607500721, -0.07993986330202613, -0.5390859627416444, -0.3387467895818302, -0.04883535527931602, 0.42895727130494166, 0.38754451288637665, 0.690187328528052, 0.4140212269026048, 0.2396096608235486, 0.10978776878733451]], "inverted": false, "swapped": false, "error_lsq": 0.04618874523879628, "error_max": 0.26958601606945787, "target": "110.xyz", "model": "12.xyz", "model_rescale": 3.9764082729961374, "target_rescale": 3.9705646535111585},
{"mapping": [12, 13, 5, 4, 10, 1, 9, 2, 6, 11, 3, 8, 7, 15], "R": [[0.041362506010952566, 0.5104469541503204, -0.8589138781595944], [-0.8515699794907231, -0.4316330609837871, -0.2975255799018559], [-0.5226066523941915, 0.743731677195766, 0.4168278771974226]], "T": [0.06670171475484933, -0.04360930719052313, -0.04604454636825523], "aligned_model": [[-0.34152095644982394, -0.3846215073847187, 0.540322181325635, 0.7192619950233882, -0.6289139402713825, -0.15575527272520578, 0.28200584164933035, 0.3006036322807538, 0.1437275314887505, -0.5433279796484975, 0.08432139163462483, -0.1712037537910791, 0.6467077451623544, 0.12377339985405633], [-0.0809248668871396, -0.45620213179259084, -0.4824469608953337, -0.308666422082278, 0.3572788393236297, 0.4617538394135844, 0.07123721323991303, 0.7189842018744553, -0.7926836397529219, 0.010398321779439675, 0.09757966778200988, 0.49387567878249206, 0.2773327580401718, -0.07299365332388522], [-0.535100100132158, -0.06960418200517546, -0.5807679077158273, 0.09457383166368294, -0.08547110372670277, -0.3598017088947694, -0.5955475365374159, -0.04678401630472568, 0.08284871781534711, 0.45941726891417783, 0.783532856678904, 0.3465923272670142, 0.3167541504036249, 0.040373378481405604]], "inverted": false, "swapped": false, "error_lsq": 0.044048279403731336, "error_max": 0.30667848622349503, "target": "110.xyz", "model": "13.xyz", "model_rescale": 4.170626492500431, "target_rescale": 3.9705646535111585},
{"mapping": [3, 1, 9, 10, 2, 6, 11, 5, 7, 0, 8, 4, 12, 13], "R": [[-0.19676667045513713, -0.3415911490441953, -0.919020328552457], [0.36060772660885176, -0.8968565575501258, 0.25614523749102486], [-0.9117263541808995, -0.2810049858525722, 0.29965188639152696]], "T": [-0.02842678650707505, 0.012554501711892487, 0.013910279648292891], "aligned_model": [[-0.3293361486741545, -0.2662535102429225, 0.358606868991696, 0.467796463019779, -0.6352664001231028, -0.11072729436417142, 0.37302082405122683, 0.4590259444377544, 0.057901355154580246, -0.4653271479452104, 0.24019834447781088, -0.11768232009586185, 0.5640076908949493, 0.019415638565812993], [-0.009168338219879729, -0.6829428423010777, -0.514125417016554, -0.2405852923036606, 0.26369807157159325, 0.6936284599516169, 0.15549085648082303, 0.7502175975375324, -0.6605517064314621, -0.30769426355273183, -0.055146061655943615, 0.48794462043964787, 0.3399799915496123, 0.07377716945203122], [-0.6061342981163896, -0.2108926648238008, -0.46475416564019306, 0.10341467221984238, 0.05396970926006042, -0.4727663654090032, -0.5500654872012641, -0.1993098425437448, 0.45765039210706976, 0.2637446428763978, 0.7029773776350955, 0.5326595594866481, 0.29233452388017084, -0.05181207782350716]], "inverted": true, "swapped": false, "error_lsq": 0.04691724702001153, "error_max": 0.32891835671078384, "target": "110.xyz", "model": "14.xyz", "model_rescale": 3.9786697098870705, "target_rescale": 3.9705646535111585},
{"mapping": [1, 8, 0, 4, 2, 6, 10, 12, 5, 9, 3, 13], "R": [[0.42306104246577164, -0.6722187899633196, 0.6075699570979665], [-0.8385203140237067, -0.03635124332915013, 0.5436563897150561], [-0.3433701171001325, -0.7394595901931864, -0.5790479057504361]], "T": [0.08636333943658098, -0.05272634806612496, 0.042844489795920856], "aligned_model": [[-0.01670749772076155, -0.6418229687577695, 0.6842085544629561, 0.56336521678573, -0.1563735634753004, 0.3932125745861948, -0.37907253126061563, -0.08533231249254047, 0.6825396834072264, -0.045269601293715794, -0.4922553123417904, -0.02313764513227705], [-0.18587023279121584, -0.1317986477927208, -0.023530826707147054, -0.5843144368263199, 0.4039484196477473, 0.6504599493877382, -0.2558026947084243, 0.33914559728606564, 0.015433164782192005, -0.6734722573475095, 0.42074232924473143, 0.039734126049301544], [-0.6447496850025485, -0.28137836918339704, -0.4471518109946683, -0.03620045905443389, -0.5384337026806603, -0.008091479859792208, 0.5085189997279382, 0.6423061493601265, 0.180534236132466, 0.12594401949194256, 0.13861835106838133, 0.02005024486847557]], "inverted": true, "swapped": true, "error_lsq": 0.049970600623393396, "error_max": 0.23384234327593492, "target": "110.xyz", "model": "15.xyz", "model_rescale": 3.769337070930944, "target_rescale": 3.9705646535111585},
{"mapping": [3, 7, 8, 10, 2, 6, 1, 5, 9, 11, 13], "R": [[-0.46192566277916947, -0.3327358640125003, -0.8221383866879589], [-0.3151211926812061, -0.8049069232301256, 0.5028155515289748], [-0.8290496462752995, 0.4913366358578076, 0.2669550416731871]], "T": [0.05236103832962942, 0.04617191956584678, 0.06509412426578574], "aligned_model": [[-0.28216238757407197, -0.3336148816787515, -0.009013511148994305, -0.5867577772187249, 0.4716153715910936, 0.2752496232728372, 0.6030331799506993, 0.2152884003312538, -0.11236384298528006, -0.34387584035240965, 0.025227796503519126], [0.15100399455491945, -0.681744862680187, 0.7440351853328583, 0.3012883487515592, 0.20006615128177685, -0.5502951335224244, 0.4786179839706499, -0.474451446086115, 0.4576743918830621, -0.11138926149901023, 0.08125914563825248], [-0.6021757451712247, 0.10130414343936558, -0.32329771045759037, 0.09924157906501578, -0.5720085001493561, -0.3659158852766286, -0.03924778750533833, 0.3504647681599374, 0.5267104969858044, 0.6422206835589985, -0.07307843542520655]], "inverted": false, "swapped": true, "error_lsq": 0.05119088451842608, "error_max": 0.26600064737735724, "target": "110.xyz", "model": "16.xyz", "model_rescale": 3.7852294659196426, "target_rescale": 3.9705646535111585},
{"mapping": [4, 10, 12, 11, 9, 8, 2, 3, 5, 0, 1, 6, 13], "R": [[-0.154964549241761, -0.7096796866020071, 0.6872704932577671], [0.05140865324020877, 0.6889388929155682, 0.7229940194775466], [-0.9865815419164934, 0.14737009280294278, -0.07027742807563625]], "T": [0.003992762334638434, 0.03894535163686564, -0.01504173371512179], "aligned_model": [[0.10381745338916529, -0.40555408836768725, 0.17701342733971273, 0.07538957001670701, -0.4187884092593692, -0.6999493663098665, -0.06014443219197966, -0.20783434675933252, 0.5591319872370425, 0.4268884216425026, -0.2757286957066326, 0.6214721238828633, -0.04194779469684297], [-0.06001771967229793, -0.4664673273598936, -0.4003079402631238, -0.611615435649981, -0.2410552457269436, 0.32141409776715735, 0.7375724935523144, 0.10341695108588539, -0.07037958654373891, 0.5105867301927102, 0.6461892970816713, 0.3149453254851985, 0.0907739837539157], [-0.7197446020348202, 0.21201046840322618, 0.5502172288579387, -0.30928213397550025, -0.40544408159751705, 0.242455989167075, 0.3213567225951273, 0.7054563258247528, -0.2577327253376215, -0.4589801593535501, -0.24773753806209112, 0.3506974459488294, 0.11248175670732466]], "inverted": true, "swapped": true, "error_lsq": 0.04791108112866143, "error_max": 0.3211050917059688, "target": "110.xyz", "model": "17.xyz", "model_rescale": 3.901054581598922, "target_rescale": 3.9705646535111585},
{"mapping": [2, 8, 5, 10, 0, 3, 13, 12, 4, 1, 6, 7, 11, 14], "R": [[-0.16095889886426218, -0.24494248436960864, -0.9560833709605291], [-0.7839734698565106, -0.5567492906846391, 0.27461942007675727], [-0.5995647016273952, 0.7937464372663323, -0.10241465661445764]], "T": [0.08138454552551133, -0.032213830416904586, -0.02066512503567567], "aligned_model": [[-0.3487769063669984, -0.22346154870091828, 0.27801165314230386, 0.7093144547461874, -0.6262449081618012, -0.2218375760386787, 0.2670487941617538, 0.32841940193376573, 0.029707323342086894, -0.4274684784016647, 0.1718545167253333, -0.1296872677670406, 0.6870968436802624, 0.12140400585359479], [-0.07436088921186473, -0.5928566860015292, -0.329261950358704, -0.5022599082435766, 0.24001746132106097, 0.5654169452107941, 0.23879645412721875, 0.6674258971823617, -0.7105963667308297, -0.09641164333741781, 0.11449075704412742, 0.4678851208719717, 0.3014549893095773, 0.004782664318356521], [-0.7255926764399108, -0.20278239345545385, -0.5336819298139568, 0.21853032215079718, -0.0462619719578979, -0.387134346839529, -0.6684184814532489, -0.05878513764570486, 0.38269646094085163, 0.4511746680002952, 0.7101007017509445, 0.360158656194442, 0.37746641043106244, -0.026454305955308587]], "inverted": true, "swapped": false, "error_lsq": 0.03883683525040225, "error_max": 0.2653615611719644, "target": "110.xyz", "model": "18.xyz", "model_rescale": 3.9405287249114394, "target_rescale": 3.9705646535111585},
{"mapping": [11, 10, 14, 12, 5, 9, 13, 7, 3, 6, 0, 8, 4, 15], "R": [[-0.7816113864870997, -0.083185420114504, 0.618194003848377], [-0.43531431781636254, 0.782560272251725, -0.4450852334074691], [-0.4467494658282074, -0.6169923874519683, -0.6478698238138058]], "T": [0.10682445844294872, -0.024716445723015047, 0.03203295548330764], "aligned_model": [[-0.22428462116330097, -0.31984009455817375, 0.30400642329261357, 0.5764109385486497, -0.6660949204491355, -0.1669661644055235, 0.4029768210472384, 0.26468326069251946, 0.1924023829888248, -0.41650111750130225, 0.17587871302404748, -0.23605749515756694, 0.6562510732131839, 0.07251510857611193], [-0.04605158422677804, -0.5957570911772802, -0.5294015657279584, -0.2980623415607699, 0.2807409525126871, 0.543274476878593, 0.09738672707586354, 0.6548617897371226, -0.8637029084314216, 0.05160391840991462, 0.18250002965600395, 0.5344793881180588, 0.327391870663908, -0.044740816426396615], [-0.6075956798725084, -0.29928860644415706, -0.52127632914854, 0.10210164421077178, 0.008494596258035218, -0.405499733168586, -0.5584875256926729, -0.06219851156756399, 0.1512249396786424, 0.5598482633074129, 0.6839279625294549, 0.4088673234035345, 0.36190438063159847, 0.028993251781960955]], "inverted": false, "swapped": false, "error_lsq": 0.03344790053183225, "error_max": 0.20639635709202558, "target": "110.xyz", "model": "19.xyz", "model_rescale": 4.410303926677745, "target_rescale": 3.9705646535111585},
{"mapping": [3, 5, 10, 9, 0, 6, 11, 4, 8, 1, 7, 2, 12, 13], "R": [[-0.39207465551011234, -0.47732043937113566, -0.7864112554288455], [-0.1823329380850418, -0.7975763456458773, 0.5750014543941994], [-0.9016829621302064, 0.3688321718949069, 0.22567823284353933]], "T": [-0.008412882003515192, 0.06606090731308725, -0.017665413140631487], "aligned_model": [[-0.5254115208193679, -0.23955741510389014, 0.24462208529277407, 0.586099595593312, -0.668402997965219, -0.023915882366667647, 0.6583699281735805, 0.267928124530303, 0.22043664973226496, -0.4697373987470813, 0.0964126745004383, -0.19420346028715252, 0.6437518325798395, 0.018988093035052316], [0.003722253205948961, -0.7176389990518598, -0.518318901143339, -0.28030026054948776, 0.3429524713239601, 0.4148325873117297, 0.28447362528886, 0.709666009619048, -0.5927923546500021, -0.1360654408306902, 0.032521558601969695, 0.5864529546189995, 0.17158879008732386, -0.00657144833091397], [-0.5224316911040796, -0.19502771057095797, -0.5369028904099713, -0.038774230425582354, -0.04772337606583292, -0.48094048843521636, -0.4590608063794494, -0.08475874669510701, 0.3057504993191478, 0.5386119644416052, 0.685712067131081, 0.3474136274463142, 0.34869504910682225, -0.009547291451391113]], "inverted": true, "swapped": false, "error_lsq": 0.0445033065701524, "error_max": 0.27238471204927345, "target": "110.xyz", "model": "20.xyz", "model_rescale": 4.121658175737393, "target_rescale": 3.9705646535111585},
{"mapping": [8, 2, 3, 10, 12, 1, 6, 9, 0, 5, 7, 11, 13], "R": [[-0.23656756707269627, -0.16320785000838173, -0.9578094716095403], [-0.8088567963787987, -0.5130913031695791, 0.2872072380069304], [-0.5383181857982616, 0.8426746182883311, -0.010631017424664657]], "T": [0.05119591214245428, -0.11988968614219275, -0.021519058196866267], "aligned_model": [[0.2476769325131753, -0.39414123910185206, 0.3049849464806284, 0.7341239906782813, 0.4789753669942254, -0.36787450143059386, -0.38545294968593763, 0.38581423571241125, -0.6708919389595493, -0.207400340272701, 0.22265543547327876, 0.4652497558569371, 0.06736321040599111], [-0.4755266145204847, -0.05866049296306572, 0.22846770814500433, -0.14703012417148137, 0.4782050031662056, -0.5892309549977036, 0.5093298385725481, -0.6319468874225388, -0.22954948530905533, 0.11148638767063507, 0.5724309351671524, -0.1555376071176092, -0.07161080205642341], [0.6688038909495652, 0.6135267607602003, 0.5968522032460309, 0.06563561849123294, 0.01952701787332612, 0.3028810073789674, 0.04661651419574876, -0.20963138357388494, -0.2763356944736036, -0.5300694581101348, -0.43557848310987973, -0.6064916177953937, 0.11437336364961413]], "inverted": true, "swapped": true, "error_lsq": 0.05791014659608554, "error_max": 0.345677459494615, "target": "110.xyz", "model": "21.xyz", "model_rescale": 4.08911054899281, "target_rescale": 3.9705646535111585},
{"mapping": [0, 2, 1, 11, 13, 7, 6, 10, 15, 14, 9, 12, 5, 16], "R": [[0.7074660691097534, -0.6962672458451944, 0.1212587457527971], [-0.5536568661914243, -0.4393632134466755, 0.7074065600409023], [-0.4392673850600397, -0.5676018754663861, -0.6963277068949333]], "T": [0.022755748239693778, -0.03412237166480051, -0.03368121544136062], "aligned_model": [[-0.18998645140628373, -0.3089960965597231, 0.26548964263669245, 0.6409151017386893, -0.5685692060901996, -0.17329303344566904, 0.33657603844857614, 0.29781580485214937, 0.07323053919345898, -0.29038368041954427, 0.23827534848807924, -0.3221107495823579, 0.628057899103417, -0.011640848809098478], [0.01724633840366454, -0.6683283909424413, -0.648837613349593, -0.4617159711689826, 0.25715259914160965, 0.593200228631788, 0.3502739868818505, 0.7120178757332287, -0.6540531826638691, -0.11315695445759097, 0.23782218255933732, 0.46710554454512737, 0.22900324699341032, -0.02320704480599222], [-0.7767703152772871, -0.12842966111433754, -0.47323076829895727, 0.11101072491195857, -0.0808368704226331, -0.3053932290996555, -0.5898470122507797, 0.10325711259026585, 0.3466411516978654, 0.5208634796814032, 0.5885286148402974, 0.3844182711953624, 0.21552405920918136, -0.06471958175530151]], "inverted": true, "swapped": false, "error_lsq": 0.04199213781658685, "error_max": 0.23718115444278215, "target": "110.xyz", "model": "22.xyz", "model_rescale": 4.204369325754507, "target_rescale": 3.9705646535111585},
{"mapping": [11, 10, 14, 12, 5, 9, 13, 7, 3, 6, 0, 8, 4, 15], "R": [[-0.7816113864870997, -0.083185420114504, 0.618194003848377], [-0.43531431781636254, 0.782560272251725, -0.4450852334074691], [-0.4467494658282074, -0.6169923874519683, -0.6478698238138058]], "T": [0.10682445844294872, -0.024716445723015047, 0.03203295548330764], "aligned_model": [[-0.22428462116330097, -0.31984009455817375, 0.30400642329261357, 0.5764109385486497, -0.6660949204491355, -0.1669661644055235, 0.4029768210472384, 0.26468326069251946, 0.1924023829888248, -0.41650111750130225, 0.17587871302404748, -0.23605749515756694, 0.6562510732131839, 0.07251510857611193], [-0.04605158422677804, -0.5957570911772802, -0.5294015657279584, -0.2980623415607699, 0.2807409525126871, 0.543274476878593, 0.09738672707586354, 0.6548617897371226, -0.8637029084314216, 0.05160391840991462, 0.18250002965600395, 0.5344793881180588, 0.327391870663908, -0.044740816426396615], [-0.6075956798725084, -0.29928860644415706, -0.52127632914854, 0.10210164421077178, 0.008494596258035218, -0.405499733168586, -0.5584875256926729, -0.06219851156756399, 0.1512249396786424, 0.5598482633074129, 0.6839279625294549, 0.4088673234035345, 0.36190438063159847, 0.028993251781960955]], "inverted": false, "swapped": false, "error_lsq": 0.03344790053183225, "error_max": 0.20639635709202558, "target": "110.xyz", "model": "23.xyz", "model_rescale": 4.410303926677745, "target_rescale": 3.9705646535111585},
{"mapping": [11, 7, 1, 3, 14, 9, 10, 8, 0, 6, 5, 15, 4, 16], "R": [[-0.17361304043381487, -0.9000324079117697, -0.399750143089241], [0.015551780666304083, -0.40836936731638585, 0.9126842838329814], [-0.9846911466594153, 0.15223706692575517, 0.08489535408024046]], "T": [-0.052896806730658795, -0.029434363429774, 0.014154581554573815], "aligned_model": [[-0.2902595101943729, -0.25445384025900375, 0.2944111492883608, 0.7927389140402, -0.6512411712738445, -0.12260646835550848, 0.3504074333512443, 0.4140875455316515, 0.24530405872380753, -0.5746923806894239, 0.08403577052328534, -0.27825166579118044, 0.5554780500190573, 0.05042242323391325], [-0.01241135188861147, -0.6310527594821678, -0.5626310487407066, -0.3283892701197716, 0.2705773663515751, 0.5239404423832368, 0.23094191410412213, 0.646300400178026, -0.6599930830261338, 0.05917382281330301, 0.06796340946944118, 0.5840657626011934, 0.1932185153511457, -0.08718127449310556], [-0.5724378243741334, -0.18424139735854994, -0.5615309472106214, -0.05496253757221296, -0.08647828299597765, -0.27104161581829733, -0.42554284885088706, -0.01770152066329246, 0.3037366184100634, 0.559843190641801, 0.620261153494524, 0.3007675151297159, 0.24694225785313142, -0.006597784777881277]], "inverted": false, "swapped": false, "error_lsq": 0.037471677490820435, "error_max": 0.23777618779909307, "target": "110.xyz", "model": "24.xyz", "model_rescale": 4.28219845311461, "target_rescale": 3.9705646535111585},
{"mapping": [5, 1, 3, 4, 10, 11, 9, 12, 0, 6, 2, 14, 13, 15], "R": [[-0.9702490780389729, 0.18140042778659346, 0.16034528793626712], [-0.19923675019640427, -0.22195115825691258, -0.954485411475519], [-0.13755523957922916, -0.9580352645635004, 0.2514895383848899]], "T": [0.12195834765416819, 0.02395148482241257, -0.050104656910089376], "aligned_model": [[-0.3645822051350456, -0.10052370119931389, 0.39496048698727854, 0.5665899785580939, -0.5969880662809266, -0.12692305123934305, 0.37789337168402676, 0.2662651765578682, -0.009208288261721487, -0.5401229074912097, 0.21534681524640936, -0.16486379620196095, 0.5816693114883567, 0.11586718343567402], [-0.06495369350451202, -0.5247627641383409, -0.5151561507939969, -0.5245312288374114, 0.3456254250229423, 0.46170074255018934, 0.2469181298269139, 0.7739258685807648, -0.5979177762720774, -0.17506907522389895, 0.026728140804625676, 0.5530538559670821, 0.32151521604157, -0.03255384452230372], [-0.7433974094124978, -0.2936037529496111, -0.5347469311696242, 0.13994270203441878, 0.04657392868988637, -0.2572536561646933, -0.6346188334440227, -0.08377754022979227, 0.46139129396743983, 0.5280271301635806, 0.6281658707484908, 0.41672332376104754, 0.180195392005622, -0.0026055420928624215]], "inverted": true, "swapped": false, "error_lsq": 0.040300230609036466, "error_max": 0.2536056844521785, "target": "110.xyz", "model": "25.xyz", "model_rescale": 4.100010024507729, "target_rescale": 3.9705646535111585},
{"mapping": [8, 10, 12, 11, 2, 6, 3, 5, 9, 0, 1, 13], "R": [[0.08333319113469481, -0.9963681427923301, -0.017495807608445768], [-0.1380039864243774, -0.028926379092873544, 0.990009173858281], [-0.9869196922679622, -0.0800861325145539, -0.13991330312937586]], "T": [0.0526595575181001, 0.041428725749523186, -0.10599363714201629], "aligned_model": [[-0.6824676333054722, 0.07271604491405136, 0.3471046982086291, 0.6204088269651225, -0.5531385278023662, 0.19879370133642077, -0.30078039142798907, 0.5626047840756596, 0.04773995824181176, 0.11458460228477087, -0.5070579352959371, -0.043742525831694246], [-0.2564461569549669, -0.5883476925166059, -0.1009063882978852, -0.37340753655953896, 0.49724136328288765, 0.7003303513852399, -0.022276089149371563, 0.3519956004016018, -0.4811311183527758, 0.6440722812075389, 0.24311840855348196, 0.05188836705103355], [0.0057505254622210455, 0.17275840645029064, 0.5538851958006643, -0.2490876543603456, 0.06893750313194275, 0.2624020126540153, 0.5567028726805664, -0.25610859585082313, -0.47540567496065667, -0.586986036542864, -0.4896265877825974, 0.0019703231719429004]], "inverted": true, "swapped": true, "error_lsq": 0.04362857398076058, "error_max": 0.2286921019368701, "target": "110.xyz", "model": "26.xyz", "model_rescale": 3.6694154284099745, "target_rescale": 3.9705646535111585},
{"mapping": [6, 1, 0, 4, 3, 12, 2, 11, 5, 7, 8, 9, 10, 13], "R": [[-0.8647492088964178, 0.05844648387251128, 0.4987913534093791], [0.4944571798798779, -0.07469009505563767, 0.8659870016148153], [0.08786866892276138, 0.9954925405162613, 0.03568891702226423]], "T": [0.062216504876219034, 0.009364457508239964, 0.05752219656892779], "aligned_model": [[-0.2718334314005557, -0.3797060900496075, 0.3340645604946647, 0.8348395371964402, -0.7086807286472029, -0.21094934048352748, 0.4235388768863347, 0.3376732361705818, -0.05442959252278516, -0.44611365626890004, 0.26683117172316373, -0.136353063341917, 0.5329981227625593, 0.0935007056289375], [-0.0030442292923961237, -0.620390860643636, -0.4960396253508292, -0.2471196285674843, 0.2510035978153845, 0.6089016111718573, 0.12362271820017734, 0.7651582402293339, -0.7554622855963925, -0.15897300780775311, -0.06832644762788165, 0.5544716260454209, 0.32366259994006435, 0.017058536985681737], [-0.5420168733587609, -0.3757898307845746, -0.2705001972077703, 0.17065987202292154, 0.044904686866077445, -0.38482205360651267, -0.5068543085691933, -0.24093184751484256, 0.22308862044373653, 0.38826600945075296, 0.6579005387834794, 0.4157006951661961, 0.2611691111462453, 0.010241553069627062]], "inverted": false, "swapped": false, "error_lsq": 0.03955914666105709, "error_max": 0.2084701213648588, "target": "110.xyz", "model": "27.xyz", "model_rescale": 4.103607728864725, "target_rescale": 3.9705646535111585},
