[{"mapping": [2, 9, 7, 3, 0, 5, 13, 10, 12, 15, 4, 16], "R": [[0.6671296952248078, -0.5940453545526014, -0.4494975934126111], [-0.23281713187290987, -0.7394388937859635, 0.6316852898897224], [-0.7076257152306769, -0.31676527444002534, -0.6316055794981614]], "T": [0.07877138657753692, -0.12024379902029023, -0.09897249145643351], "aligned_model": [[-0.2667473723236379, 0.27261211603525154, 0.2643420796052481, -0.31183696367970387, -0.04645392207017053, -0.698030637601187, 0.4572511749271612, -0.23345948763208413, 0.656334518400135, 0.09998578082242697, -0.35986637028760105, 0.003511546264710272], [-0.23876711111992974, -0.6741499991134605, -0.38570549784949115, 0.7499653740321451, 0.3063446218626942, -0.47179211999971904, -0.30303773280232793, -0.5222317510173383, 0.18170839348116366, 0.3925377208325752, 0.039511565933384674, -0.02082842826263895], [-0.587964123989916, 0.09089711898482399, -0.5334092358209637, -0.011405600781798156, -0.6943296860840783, -0.03316021551377714, 0.5599751992254344, 0.5725318118768047, 0.11354799865026892, 0.40571581213611585, 0.3801734689935345, -0.08062080232288638]], "inverted": true, "swapped": true, "error_lsq": 0.04264051703822053, "error_max": 0.23391833762251066, "target": "111.xyz", "model": "0.xyz", "model_rescale": 3.751011558992144, "target_rescale": 4.220500134278302},
{"mapping": [6, 3, 11, 12, 1, 7, 4, 15, 0, 9, 5, 10, 13, 14, 16], "R": [[0.7313419852368066, 0.3950617708148231, 0.5559362354358122], [-0.6638166192820932, 0.22530853760388989, 0.7131504461526258], [0.1564812979073828, -0.8905965754051902, 0.4270261622919235]], "T": [-0.04975083854700385, 0.08561732945605473, 0.08838005508104592], "aligned_model": [[-0.02911920620405667, 0.13535183985487653, -0.5729249658616218, 0.19311258789704017, -0.16918651832807924, -0.5116303911323652, 0.445645084435874, 0.5087628206211958, -0.5935515388274453, 0.07669224473481462, -0.02086351302729949, 0.5739139381480778, 0.5835177575991617, -0.06042754602926642, -0.020206382791871737], [-0.03701347609894538, -0.6418266794952631, 0.3835350297956164, 0.48251795132502007, -0.6124134293187161, 0.3458891846625924, -0.3530471959710829, -0.09389100034991125, -0.2447698232506587, 0.5122781372695735, -0.4538150825238132, 0.016673903465954834, 0.5396616937560775, 0.7295194943070629, -0.02454135774640094], [-0.7201073228613851, -0.5066569696384212, -0.477158047616212, -0.4150149279772311, 0.12006351462489177, 0.20048500948100118, 0.1866756471409693, -0.32868645455709083, -0.29533126303858387, 0.5154742807895794, 0.7513408817867204, 0.6507762784664494, 0.1491026361700295, -0.016044527552070684, 0.03474766963333012]], "inverted": false, "swapped": true, "error_lsq": 0.034070557593700194, "error_max": 0.18709276130965682, "target": "111.xyz", "model": "1.xyz", "model_rescale": 3.9405287249114394, "target_rescale": 4.220500134278302},
{"mapping": [13, 9, 14, 1, 2, 12, 4, 5, 0, 6, 3, 15, 16], "R": [[-0.21091736614120626, 0.932984235247903, 0.2916406717845471], [-0.16487776383862907, 0.2601220784319578, -0.9513946748346933], [-0.9634984108194624, -0.2487507207851345, 0.09896409074632284]], "T": [0.007927058253994736, 0.039473814413546894, -0.14523101684403716], "aligned_model": [[-0.43902998391952636, 0.03794633893697095, -0.4246912577078956, 0.4659599420474007, 0.5090563648259349, -0.6772540471171123, 0.1389684382507765, 0.788344261150617, 0.11336539592775197, -0.5291657207438298, -0.0956541721168627, -0.41050311642629556, 0.018640836176001773], [0.6577644366782239, 0.6098625402401265, 0.29299407179656456, -0.36109283518423285, -0.2380106700011684, 0.04072497680122462, 0.15165698765753965, 0.21995431116231734, -0.6811620790089604, -0.5484617863139273, -0.6255812828260932, -0.023616707815439293, -0.03619936961415816], [0.02452981592580672, -0.3780234568086474, -0.5626005835727622, 0.21845552401638857, -0.3559810677461979, -0.16631522770106205, 0.5011038825418241, 0.15429300912499921, -0.29245843960213164, 0.04179543893708493, 0.5362963082487595, 0.43704125308714636, -0.04501610686256392]], "inverted": true, "swapped": true, "error_lsq": 0.039356907913041854, "error_max": 0.24543470595677255, "target": "111.xyz", "model": "2.xyz", "model_rescale": 3.932901565614263, "target_rescale": 4.220500134278302},
{"mapping": [9, 8, 10, 7, 13, 15, 4, 12, 11, 6, 1, 0, 3, 16], "R": [[0.4774467970973977, -0.6663765940351773, -0.5727013103385684], [-0.8785618826883688, -0.371828146517694, -0.29978800467044275], [-0.013174757246553037, 0.6462863640672709, -0.762981232660543]], "T": [0.038588572267190285, -0.0016862910506362239, -0.0821045485693378], "aligned_model": [[-0.18341872388540312, 0.33922916536343695, 0.19221167027267402, -0.034416380022295384, -0.4804184219821903, -0.11076886551973389, 0.3491158388288992, -0.5786069493076301, -0.3401933081555608, -0.20134048727865464, 0.6909012128396544, 0.2917089083628214, 0.3803620020229913, 0.10544425051369458], [0.02733194391611149, 0.2704135313498622, -0.5807338164847445, 0.5216133959864225, -0.4734692298111892, -0.6143294686614503, -0.594172123751233, -0.15356604060682066, 0.5464799594011733, -0.10951911834369574, -0.08479653896498954, 0.3986730347134479, -0.42550932745445963, -0.06491956293794644], [-0.6568283764744441, -0.6581156543739916, -0.6746451537630885, -0.20239334687678148, -0.4269599241782081, 0.2649774505512839, -0.08835471380540416, 0.1746472505189886, 0.40609368800925544, 0.6924417358836069, 0.18265301798941114, 0.49039152450087475, 0.7059765418167409, 0.004012323258853853]], "inverted": false, "swapped": true, "error_lsq": 0.03890095881595314, "error_max": 0.3256911114371904, "target": "111.xyz", "model": "3.xyz", "model_rescale": 3.9243930471874484, "target_rescale": 4.220500134278302},
{"mapping": [6, 1, 11, 14, 7, 15, 13, 0, 8, 5, 9, 10, 16], "R": [[-0.9976730931186069, -0.0681708996472604, -0.0010619361727648106], [0.06527237570075177, -0.9505222933635638, -0.30372172590918056], [0.01969558929130534, -0.3030843088319728, 0.9527601930718526]], "T": [0.026956371301577076, -0.06990084225496924, -0.11096869872660595], "aligned_model": [[0.00959623781098545, -0.3366847297419181, 0.6697964498226681, 0.4611110066945965, 0.5341040202749314, -0.471940241051189, -0.16496836212049334, 0.2620021507569136, 0.16041471798027604, -0.40702308949988997, 0.1659671739975561, -0.5437173530441923, -0.06145209556889175], [-0.6098188707436759, 0.3433784147599467, -0.3624908829155948, -0.44578714786177936, 0.11759545544409154, -0.5653993844604045, -0.5555092260010189, 0.07782217965013209, 0.5083929430245718, 0.6534966351661183, -0.02445296620778721, 0.061944202682729224, -0.07134179885574211], [-0.7252186212292363, -0.5576017346321355, -0.5392760309340413, 0.19862413269007165, -0.0750788533651785, -0.264879667355031, 0.470599892075951, -0.800200617830553, 0.26847436839518757, 0.029376517364451543, 0.4882368279202104, 0.4947943293811252, -0.20078022710985804]], "inverted": false, "swapped": true, "error_lsq": 0.048292383687664614, "error_max": 0.3104394035801191, "target": "111.xyz", "model": "4.xyz", "model_rescale": 3.8936222436046832, "target_rescale": 4.220500134278302},
{"mapping": [3, 6, 0, 1, 11, 14, 13, 9, 5, 4, 2, 16], "R": [[-0.7038008431919331, 0.7044605642774064, 0.09164980360198438], [0.7094581000702773, 0.7036283630067792, 0.03970303536346828], [-0.03651817858268237, 0.09296472530136599, -0.994999488684615]], "T": [-0.10121007022112558, 0.03659875050819221, 0.09891437094168945], "aligned_model": [[0.020418988564701354, -0.5772474112552508, -0.24165413912776038, 0.38129812853826694, -0.7991457066167493, -0.6212327228196789, -0.2552248012405559, -0.07442374674053451, 0.7400458736756645, 0.3625534816838418, 0.1491968075893669, -0.05703671003621494], [-0.6183832008901374, -0.4183110571140309, 0.1967080385863701, -0.04810706045664327, 0.2676467271225261, 0.17620186503647584, -0.32271231462973277, 0.267251586172982, 0.1902926180680865, -0.4446914980777282, 0.46866419467684534, -0.04563699338520602], [-0.5893529200863099, -0.3864322432287425, -0.6129491885500848, -0.4134589569432353, -0.2776518904531642, 0.4673107534414971, 0.7757065492136591, 0.6703323774322564, 0.09657036813174513, 0.12699949752633888, -0.25202672447459684, 0.014237097266155005]], "inverted": true, "swapped": true, "error_lsq": 0.044833487168112106, "error_max": 0.2622304546759906, "target": "111.xyz", "model": "5.xyz", "model_rescale": 3.6523030999806103, "target_rescale": 4.220500134278302},
{"mapping": [10, 8, 2, 4, 1, 13, 7, 15, 14, 6, 0, 3, 16], "R": [[-0.8307601337435087, 0.16486447430284407, 0.53165525041639], [0.5422454901439531, 0.4554360582660941, 0.7060791919109264], [-0.12572759681554196, 0.8748701057550714, -0.46775513835242766]], "T": [-0.05913904840270667, -0.012916023727535714, 0.08223248564953639], "aligned_model": [[0.1895521477855715, -0.11985081101183892, 0.10276252911373485, 0.49258031972954763, 0.58848514191951, -0.3391888246739396, -0.41946447529496494, 0.23169655336657824, -0.6901225644037482, 0.02437347921060201, 0.1072429622054871, 0.6609244091207681, 0.052092037596986523], [-0.5894672612846876, 0.21048280437470993, 0.5434950591038904, -0.3830761484726037, 0.27528722734236094, -0.7371889810627604, 0.37273558686070135, -0.5179616716517743, -0.16311006031518244, -0.018275311610207862, 0.587999687020286, -0.024637877314325225, -0.015456148827224087], [0.6441415718594878, 0.7475285994675727, 0.27390509989446377, 0.16028971254843236, 0.0761122249237407, 0.1709648785789233, 0.20503355443858706, -0.34019948244142323, 0.01201826095788941, -0.7314706265366326, -0.32190435141764573, -0.5493354551023191, 0.023025752310712758]], "inverted": true, "swapped": true, "error_lsq": 0.04543253462399066, "error_max": 0.2852299624134935, "target": "111.xyz", "model": "6.xyz", "model_rescale": 4.08911054899281, "target_rescale": 4.220500134278302},
{"mapping": [5, 4, 1, 8, 7, 11, 2, 0, 9, 10, 12, 15, 6, 3, 16], "R": [[0.4721881853821699, 0.12299357848671844, -0.8728750753896717], [-0.7754237277599971, 0.5288950085643012, -0.3449465354842075], [0.41923306168798685, 0.8397277234716019, 0.3451101134723775]], "T": [-0.13892680452764317, -0.02261361398805297, -0.03036521466564402], "aligned_model": [[0.07761491489431335, 0.17408653626141313, 0.4930132309383931, -0.42544063936817483, -0.37890609003045955, -0.13075594231002285, 0.0782240979026293, 0.3675148430605295, -0.7124016382402409, -0.36295396538460983, -0.3160046476842633, 0.1434173145323328, 0.3007429480747805, 0.7478561238506979, -0.019673546697763694], [-0.7381218406549358, -0.5379094275615862, -0.25113827319488524, -0.37486144209420513, 0.24942389421599495, 0.7989681343576166, -0.014191208511802937, 0.43209629407945216, -0.24255350413983007, -0.8083131672592002, 0.37013762671888767, -0.09089207004335306, 0.5164874545169477, 0.03354779996606078, -0.04192145422604817], [-0.44569222286299903, 0.2594598753392562, -0.2560728466117134, -0.5689217703006272, -0.43291610234298206, -0.11543070158797106, -0.6007320734601825, -0.32846755455191423, -0.08684384501200978, 0.17576218512251912, 0.5028412715088155, 0.6282128538120938, 0.3999560206919899, 0.32736203061645497, 0.005552911721350744]], "inverted": false, "swapped": true, "error_lsq": 0.03823498082629961, "error_max": 0.23960063582050287, "target": "111.xyz", "model": "7.xyz", "model_rescale": 3.964800864290218, "target_rescale": 4.220500134278302},
{"mapping": [3, 0, 1, 15, 5, 12, 4, 2, 7, 9, 13, 10, 8, 16], "R": [[-0.4739022563195751, -0.8084311154448731, -0.3490784769013616], [0.7868790199074154, -0.5667238371010267, 0.24422428317232348], [-0.3952696035426476, -0.15894409093152173, 0.9047091888961839]], "T": [0.03845833113817314, -0.15794988217751774, 0.13670295426397205], "aligned_model": [[-0.33157540539826075, 0.3540222397976343, 0.23824177667657326, -0.6281496083901094, 0.4057971342883418, -0.4667217912850516, -0.2876596713389361, 0.6041795127556323, 0.4610546757085763, 0.0921690072747371, -0.5289067057966637, -0.21050186630931111, 0.5599976602201674, -0.0007590687424571807], [-0.157227964852851, -0.5466897476678951, 0.13920544059055515, -0.10568434190547861, 0.5982072630001486, -0.5970158659626309, 0.3641967382740957, -0.11186210361345293, -0.4248280341360968, 0.013336162620538355, -0.02092514448800814, 0.590562088062195, 0.20007134159786108, -0.13039736533777785], [-0.7468022020073269, -0.4123052282637004, -0.4750984452510374, -0.12976916372747455, -0.020228361646315973, 0.28480211801455735, -0.12505201704695323, -0.08775030654507246, 0.3460592583797769, 0.7267987346198906, 0.6565046160511462, 0.43292772070040064, 0.446589070643892, 0.02013924480323817]], "inverted": false, "swapped": true, "error_lsq": 0.04073988224620578, "error_max": 0.27715886052107336, "target": "111.xyz", "model": "8.xyz", "model_rescale": 4.121658175737393, "target_rescale": 4.220500134278302},
{"mapping": [1, 4, 15, 6, 5, 2, 9, 7, 14, 8, 0, 11, 16], "R": [[-0.4706071876134511, 0.6470968904506472, 0.5998287166647337], [-0.23541816001721297, 0.5630838929085703, -0.7921583298060054], [-0.8503570808199742, -0.5140059765372705, -0.1126529679293845]], "T": [0.04766263087910146, -0.08072542138895891, -0.08935764924602127], "aligned_model": [[-0.6124966581776436, -0.258346337887943, 0.18966588160094794, 0.2624529655933069, -0.6842527701201088, -0.4082591526685757, 0.28844787949552797, 0.12097596950684328, 0.6566425223134336, -0.23555049057905222, -0.2271375754771752, 0.4061720271817593, -0.02157676434612333], [0.13478919203597625, -0.23653879446903145, 0.1175739209778168, 0.6544947877586976, -0.5211359033706854, 0.009201735636275216, -0.6246660321495093, -0.0721538152146635, -0.1664652542071415, -0.5865540301921782, 0.5608719930871159, 0.5351657195475804, -0.014196080028543098], [-0.2316911585876732, -0.6634538202820458, -0.7665708128882015, -0.3764676894582477, -0.13031269236844162, 0.30635972296235325, 0.07370016835753346, 0.44747878995773605, 0.12840519500780564, 0.31081683760699463, 0.16548907385713177, 0.3283127765061873, -0.17099095671204384]], "inverted": false, "swapped": true, "error_lsq": 0.04231513805743995, "error_max": 0.22860806857608842, "target": "111.xyz", "model": "9.xyz", "model_rescale": 3.833441315466971, "target_rescale": 4.220500134278302},
{"mapping": [0, 3, 8, 10, 4, 1, 15, 13, 14, 9, 11, 12, 6, 2, 16], "R": [[0.5939006596170046, -0.8029821935971604, 0.050016030154139246], [-0.09914174606253728, -0.1347372450110855, -0.9859091180197568], [0.7984064883843058, 0.5805733989537545, -0.15962959541741045]], "T": [-0.09965660423470114, 0.029008921569461277, 0.1793499136822645], "aligned_model": [[0.11917158792104408, -0.025392614112281844, -0.5977612175421332, -0.6936999808549922, -0.48963510775607827, -0.4852079996731578, 0.06848468424457076, 0.0031563786281082473, 0.3358824938249336, -0.24204436277932556, 0.6059588986135935, 0.49679999841596534, 0.5017754015124941, -0.3547593444107278, -0.11888379773748112], [-0.6794617368935469, -0.520282437460488, 0.11262697769412076, 0.5812416728892054, 0.10106591296307758, -0.507480979127694, 0.15349629810490345, 0.7780914526652101, 0.41866079249828736, 0.5342565343993622, -0.30362983609023264, 0.2983114678298818, -0.29487028927697595, -0.4293182276201855, -0.041606063279947036], [0.2272330669524008, -0.60184833974886, 0.6703811636753099, -0.04901802806729888, -0.3593803217577114, -0.0776410809742254, -0.5093710904992335, -0.018583114470425655, 0.46935956349351254, 0.503213082032408, 0.4509335809235095, -0.024696444394607664, -0.2706474399330928, 0.49144384380877504, 0.07674346678163214]], "inverted": true, "swapped": true, "error_lsq": 0.042683189850975155, "error_max": 0.26103975656680395, "target": "111.xyz", "model": "10.xyz", "model_rescale": 4.2482417240324, "target_rescale": 4.220500134278302},
{"mapping": [14, 9, 4, 5, 6, 3, 15, 1, 8, 0, 7, 16], "R": [[0.7198268360009932, -0.6170844637652535, -0.31789320652122965], [0.02618310950288305, 0.4817690318118644, -0.8759069840821108], [0.6936596939058515, 0.6221779203464299, 0.36294746793968957]], "T": [-0.11987057232221766, -0.04585495913403124, -0.06064308940249414], "aligned_model": [[-0.7191558300294516, -0.2415469508422254, 0.3543988047535324, 0.6872650105761948, -0.43987664792346526, 0.2001229877061489, -0.12885226896829752, 0.47299840347566235, 0.1735729741268232, -0.10077702156717329, -0.329334158864406, -0.05204970008033581], [-0.30297104949955367, -0.6498057305241538, -0.02782910682889264, -0.29579549533826344, 0.659823687534758, 0.7663012415065797, 0.22817519608897033, 0.3343606384655742, -0.5354522353290669, 0.5878767524670832, -0.14612037604170672, 0.04756786754931105], [-0.08005904702760472, -0.09022518728281206, 0.4107901894520406, -0.1925549599735366, 0.20152017696109276, 0.3337086264541638, 0.6048882957047246, -0.14100564465967944, -0.473435126350589, -0.4481076709876214, -0.5502485760908439, -0.010078786344978184]], "inverted": false, "swapped": true, "error_lsq": 0.04717529792042662, "error_max": 0.2522636789776379, "target": "111.xyz", "model": "11.xyz", "model_rescale": 3.6694154284099745, "target_rescale": 4.220500134278302},
{"mapping": [4, 5, 2, 8, 9, 3, 15, 6, 7, 11, 0, 14, 1, 16], "R": [[0.3701972812805955, 0.10045809341047798, -0.923505356996259], [0.575124657467481, 0.7559132981834881, 0.3127726234859346], [0.729510521723552, -0.6469182769853494, 0.22206112130883793]], "T": [0.18922881836353536, 0.013932633374048466, -0.03373541461794619], "aligned_model": [[-0.05512432208163057, 0.0018257058271061999, -0.07231919733765477, 0.46099467448789455, 0.7729837257807175, -0.6680173884541815, -0.033305169762230274, -0.2590422816306015, 0.37270457864137607, 0.10484756384976743, -0.37588027614581077, 0.7103204849217237, -0.43697933086254515, 0.07525608302187894], [-0.379235362596958, 0.2924887446394795, 0.556489428001465, 0.5157299599880785, 0.08810301330172116, -0.4105178557895495, -0.6703465981052946, -0.36661345301868087, 0.47384164330642803, 0.22344325475647403, 0.33090707925861595, -0.030949846076514125, 0.14294091158361105, -0.035293631112621314], [-0.5166600251871447, -0.8202628640465788, -0.13257146592429322, -0.44671802445273395, -0.21857517948257402, 0.016039796512994302, -0.015140283432631692, 0.5349064023966438, 0.1864055140700412, 0.7607987713577564, 0.3299789787063349, 0.3562357657563951, -0.33989857602925594, -0.055443350592537896]], "inverted": true, "swapped": true, "error_lsq": 0.04474778153961294, "error_max": 0.3065471442973229, "target": "111.xyz", "model": "12.xyz", "model_rescale": 3.9764082729961374, "target_rescale": 4.220500134278302},
{"mapping": [14, 6, 11, 2, 9, 13, 10, 7, 0, 12, 3, 1, 15, 4, 5, 16], "R": [[0.6165496573271574, 0.12747571663460172, 0.776927578168171], [-0.2029069679019288, -0.9277433434654249, 0.3132427988516902], [0.7607202392644818, -0.3507737594577017, -0.5461341293577064]], "T": [-0.07629476614654435, 0.12129419096545944, -0.04459740867960651], "aligned_model": [[-0.007397855291002564, -0.33276447083724525, -0.690808984744536, -0.5240628119101163, 0.250145513631889, 0.6125586536398262, 0.6707373978905242, -0.4268752967504686, -0.7618517144894248, 0.06078306564654429, -0.2170470872537647, -0.29889631314527154, 0.28250059580594794, 0.34082646860914945, 0.06571015023706092, -0.08471699722971865], [0.12397567877665296, -0.654498858859317, -0.1809839968701159, 0.4438244493942363, 0.5382550291647881, 0.02954013541372176, 0.4205414590280654, 0.4215443168837706, -0.09882439469978656, -0.3695859900653816, -0.602558160355766, 0.08736023829729385, -0.48293019819783944, -0.021661585032459643, 0.6464437793517813, 0.04502221511359843], [-0.6933458258169889, -0.08312341854134572, -0.5064411501866011, 0.21621251165007613, -0.36085233593570537, -0.40227714085643274, 0.20519146258311435, -0.32847208870167505, 0.13889299100326558, -0.503035596895194, 0.5667399826906364, 0.627572734616869, 0.11123582651281291, 0.4584723990204804, 0.6152445238746475, 0.05538206783473882]], "inverted": false, "swapped": true, "error_lsq": 0.029996672919398643, "error_max": 0.17496692228484667, "target": "111.xyz", "model": "13.xyz", "model_rescale": 4.170626492500431, "target_rescale": 4.220500134278302},
{"mapping": [0, 11, 2, 7, 1, 10, 8, 6, 3, 12, 15, 9, 4, 16], "R": [[-0.4996695514220724, -0.5847960841459439, 0.6390179022134164], [-0.8295347809101441, 0.5354544290006741, -0.15862093721801554], [-0.24940406300223827, -0.6093456280561407, -0.7526589658848443]], "T": [-0.14400437531079696, 0.025993496483506514, 0.11720140957035086], "aligned_model": [[0.21599172055435706, -0.060880017159780836, -0.22861529571470657, -0.5062705800617471, 0.26217782907321413, -0.35076759120353485, -0.7006532364397307, 0.5198518423621474, 0.8033413273880714, 0.014531915652169575, 0.4068201617137241, -0.6988320134746631, 0.19276570482409372, -0.026278745421970562], [-0.31120102170594455, -0.7745663973180771, 0.08529916228507702, -0.26691514695875884, 0.3792631632453529, 0.7451944619659661, 0.34329568118242615, -0.44084137684104185, 0.12020007278007931, -0.417665831302008, 0.11485569703084741, 0.13699109080244495, 0.5765740772808783, 0.06559083547842437], [-0.4385070713952379, -0.06852329742314062, -0.4843529396813797, -0.15958262899090214, -0.3440276255053215, 0.5044989767694414, -0.17549850940315948, 0.21955346046067542, 0.011522229699496678, 0.6151490994223745, 0.5719552552215161, 0.3627265648037473, 0.2931350532245771, 0.09582453391817916]], "inverted": true, "swapped": true, "error_lsq": 0.042925345799837915, "error_max": 0.2551449878093248, "target": "111.xyz", "model": "14.xyz", "model_rescale": 3.9786697098870705, "target_rescale": 4.220500134278302},
{"mapping": [15, 10, 6, 3, 12, 11, 5, 2, 0, 1, 9, 16], "R": [[0.33103220807502615, -0.4981435909141334, 0.8014178935163261], [0.908186848388802, -0.062357370621763455, -0.41389395591474354], [0.25615293406593675, 0.8648494210903497, 0.4317651597907123]], "T": [-0.09305221643943867, 0.15055117682682295, -0.008522173332143754], "aligned_model": [[0.025174527613388856, -0.853758245735569, 0.6034443404944949, 0.4887979672696788, 0.11434317342770248, 0.5661101157765709, -0.5333532550035566, 0.043242693369242746, 0.5744342109818983, 0.10624481350798137, -0.6150869410679656, -0.036238803866530694], [-0.2331468535708776, -0.1794554438005015, 0.04715546484629908, -0.5762942476153633, 0.4236401386686541, 0.648321077455501, -0.36714664868719316, 0.09147524587115716, 0.07989638949536143, -0.43787224315037876, 0.47900091240452475, 0.039100698307255904], [-0.6059361670320824, -0.15826338038681886, -0.42483658809536884, -0.2335842562844597, -0.6020951070937529, -0.013964147707893646, 0.5105759092243124, 0.58348925974445, 0.3101924610787939, 0.33287823101089065, -0.014629001348789587, -0.02386071923545086]], "inverted": true, "swapped": true, "error_lsq": 0.05172053197213747, "error_max": 0.25726200588704423, "target": "111.xyz", "model": "15.xyz", "model_rescale": 3.769337070930944, "target_rescale": 4.220500134278302},
{"mapping": [12, 9, 6, 15, 11, 7, 0, 8, 1, 4, 16], "R": [[-0.6023678254890765, -0.503204592773215, -0.6196274208163359], [0.28210815971776515, 0.5919578717772569, -0.7549840158980832], [0.7467047535915503, -0.6295800313327002, -0.21461825437482854]], "T": [-0.038137636748354985, -0.07205339644042733, 0.024706349182671575], "aligned_model": [[-0.3836986814540519, -0.19069947276208385, -0.11157268252357858, -0.5969536948883878, 0.37976754289403664, 0.38582647237778067, 0.5139363794577896, 0.23879043191935925, 0.19066867490749026, -0.4485648964087836, -0.0548739428283999], [0.10328415754744907, -0.6661860172542433, 0.6521996173188036, 0.3816214496971284, 0.19629713850806127, -0.32595789673664766, 0.42157561678456323, -0.6359371391966647, 0.3134362702008616, 0.11873390836198819, 0.03699739239404248], [-0.5407700544415751, -0.0398544047201103, -0.3483629273988937, 0.021711594465093072, -0.635326014031709, -0.19761913161593503, -0.03574136280704028, 0.34338776222261175, 0.5738520967473345, 0.5173069771243598, 0.085633071679641]], "inverted": false, "swapped": true, "error_lsq": 0.042320858582921055, "error_max": 0.19844112388988913, "target": "111.xyz", "model": "16.xyz", "model_rescale": 3.7852294659196426, "target_rescale": 4.220500134278302},
{"mapping": [4, 12, 14, 13, 15, 6, 0, 11, 9, 5, 1, 7, 16], "R": [[0.28012021851715807, 0.8333743706612515, -0.4764659709809953], [-0.03095277895419074, 0.5039198134474384, 0.8631956597956874], [0.9594657829505504, -0.22705061096606183, 0.1669533809391875]], "T": [0.09716818392911704, 0.1043243585102186, -0.016497730414562525], "aligned_model": [[-0.09581027939228988, -0.2880486001026412, 0.22349145182772728, 0.13490049009433874, -0.4899834731256724, -0.6789505024607717, -0.21413815218926663, -0.1713172756851094, 0.5924947661310745, 0.5049553007241299, -0.07802129581117427, 0.4105770775215892, 0.003616342684349544], [0.11639655894968394, -0.39541985117667233, -0.38026295279605965, -0.6465268246010566, -0.16313048237033362, 0.11397412271481117, 0.67629082653907, 0.1762701234695176, -0.26220531136135317, 0.546131385652025, 0.7087014406614028, 0.22188012909539662, 0.16295645892644273], [-0.6569032929023831, 0.2514257860915675, 0.4016482406875698, -0.23020642317998902, -0.335599690791322, 0.24169306280560504, 0.3413457723843567, 0.7613446920268971, -0.043780580988377005, -0.6246548487322718, -0.34292176777679967, 0.4096444837926081, -0.07728073627428797]], "inverted": true, "swapped": true, "error_lsq": 0.04315313142849787, "error_max": 0.24988265030905893, "target": "111.xyz", "model": "17.xyz", "model_rescale": 3.901054581598922, "target_rescale": 4.220500134278302},
{"mapping": [6, 3, 11, 12, 1, 7, 4, 15, 0, 9, 5, 10, 13, 14, 16], "R": [[0.7313419852368066, 0.3950617708148231, 0.5559362354358122], [-0.6638166192820932, 0.22530853760388989, 0.7131504461526258], [0.1564812979073828, -0.8905965754051902, 0.4270261622919235]], "T": [-0.04975083854700385, 0.08561732945605473, 0.08838005508104592], "aligned_model": [[-0.02911920620405667, 0.13535183985487653, -0.5729249658616218, 0.19311258789704017, -0.16918651832807924, -0.5116303911323652, 0.445645084435874, 0.5087628206211958, -0.5935515388274453, 0.07669224473481462, -0.02086351302729949, 0.5739139381480778, 0.5835177575991617, -0.06042754602926642, -0.020206382791871737], [-0.03701347609894538, -0.6418266794952631, 0.3835350297956164, 0.48251795132502007, -0.6124134293187161, 0.3458891846625924, -0.3530471959710829, -0.09389100034991125, -0.2447698232506587, 0.5122781372695735, -0.4538150825238132, 0.016673903465954834, 0.5396616937560775, 0.7295194943070629, -0.02454135774640094], [-0.7201073228613851, -0.5066569696384212, -0.477158047616212, -0.4150149279772311, 0.12006351462489177, 0.20048500948100118, 0.1866756471409693, -0.32868645455709083, -0.29533126303858387, 0.5154742807895794, 0.7513408817867204, 0.6507762784664494, 0.1491026361700295, -0.016044527552070684, 0.03474766963333012]], "inverted": false, "swapped": true, "error_lsq": 0.034070557593700194, "error_max": 0.18709276130965682, "target": "111.xyz", "model": "18.xyz", "model_rescale": 3.9405287249114394, "target_rescale": 4.220500134278302},
{"mapping": [15, 4, 9, 5, 3, 14, 13, 6, 12, 11, 8, 7, 1, 0, 2, 16], "R": [[-0.5591521654318989, -0.6148381797359608, 0.5561680219428197], [-0.8269621760460488, 0.461367376209973, -0.3213622621875645], [-0.05901199269641673, -0.6396203224633312, -0.7664224864980818]], "T": [0.17060801695324923, -0.024220618220709415, -0.0930593244459927], "aligned_model": [[-0.4246546104892782, -0.20660606221525213, 0.6937020381605196, 0.2837217647777674, -0.7656616938761094, 0.5066156125330089, 0.2817055366576704, -0.47760991300517985, -0.014000529349844137, 0.14283476023756966, 0.7373406725903144, 0.5708496327187684, -0.20562256612738805, -0.11863836645176012, 0.3094367880975122, 0.053752033713067526], [-0.15347610513814366, -0.5745124699404497, -0.20881794787230296, -0.7193297523316166, -0.040581175203937996, 0.3257836809871519, -0.2536820786665363, 0.45918627910295917, 0.3390133977462581, 0.7997026194425709, -0.32205740331588817, 0.2877810900671062, -0.26965531330396947, 0.4226841228905517, 0.012634610522328456, -0.05232142600844583], [-0.47654419361409067, -0.14198913338290875, -0.36275034530167044, 0.39208749265687864, 0.10852988473053575, -0.5292065125480138, -0.8318944960216623, -0.21653849644169176, -0.6443305741849242, -0.041303996997489226, 0.20074200308108586, 0.09694926363626678, 0.455327420664889, 0.42532463557944084, 0.5001624463685227, -0.055121641550290576]], "inverted": false, "swapped": true, "error_lsq": 0.03664280077200734, "error_max": 0.22619316926482458, "target": "111.xyz", "model": "19.xyz", "model_rescale": 4.410303926677745, "target_rescale": 4.220500134278302},
{"mapping": [3, 0, 1, 15, 5, 12, 4, 2, 7, 9, 13, 10, 8, 16], "R": [[-0.4739022563195751, -0.8084311154448731, -0.3490784769013616], [0.7868790199074154, -0.5667238371010267, 0.24422428317232348], [-0.3952696035426476, -0.15894409093152173, 0.9047091888961839]], "T": [0.03845833113817314, -0.15794988217751774, 0.13670295426397205], "aligned_model": [[-0.33157540539826075, 0.3540222397976343, 0.23824177667657326, -0.6281496083901094, 0.4057971342883418, -0.4667217912850516, -0.2876596713389361, 0.6041795127556323, 0.4610546757085763, 0.0921690072747371, -0.5289067057966637, -0.21050186630931111, 0.5599976602201674, -0.0007590687424571807], [-0.157227964852851, -0.5466897476678951, 0.13920544059055515, -0.10568434190547861, 0.5982072630001486, -0.5970158659626309, 0.3641967382740957, -0.11186210361345293, -0.4248280341360968, 0.013336162620538355, -0.02092514448800814, 0.590562088062195, 0.20007134159786108, -0.13039736533777785], [-0.7468022020073269, -0.4123052282637004, -0.4750984452510374, -0.12976916372747455, -0.020228361646315973, 0.28480211801455735, -0.12505201704695323, -0.08775030654507246, 0.3460592583797769, 0.7267987346198906, 0.6565046160511462, 0.43292772070040064, 0.446589070643892, 0.02013924480323817]], "inverted": false, "swapped": true, "error_lsq": 0.04073988224620578, "error_max": 0.27715886052107336, "target": "111.xyz", "model": "20.xyz", "model_rescale": 4.121658175737393, "target_rescale": 4.220500134278302},
{"mapping": [10, 8, 2, 4, 1, 13, 7, 15, 14, 6, 0, 3, 16], "R": [[-0.8307601337435087, 0.16486447430284407, 0.53165525041639], [0.5422454901439531, 0.4554360582660941, 0.7060791919109264], [-0.12572759681554196, 0.8748701057550714, -0.46775513835242766]], "T": [-0.05913904840270667, -0.012916023727535714, 0.08223248564953639], "aligned_model": [[0.1895521477855715, -0.11985081101183892, 0.10276252911373485, 0.49258031972954763, 0.58848514191951, -0.3391888246739396, -0.41946447529496494, 0.23169655336657824, -0.6901225644037482, 0.02437347921060201, 0.1072429622054871, 0.6609244091207681, 0.052092037596986523], [-0.5894672612846876, 0.21048280437470993, 0.5434950591038904, -0.3830761484726037, 0.27528722734236094, -0.7371889810627604, 0.37273558686070135, -0.5179616716517743, -0.16311006031518244, -0.018275311610207862, 0.587999687020286, -0.024637877314325225, -0.015456148827224087], [0.6441415718594878, 0.7475285994675727, 0.27390509989446377, 0.16028971254843236, 0.0761122249237407, 0.1709648785789233, 0.20503355443858706, -0.34019948244142323, 0.01201826095788941, -0.7314706265366326, -0.32190435141764573, -0.5493354551023191, 0.023025752310712758]], "inverted": true, "swapped": true, "error_lsq": 0.04543253462399066, "error_max": 0.2852299624134935, "target": "111.xyz", "model": "21.xyz", "model_rescale": 4.08911054899281, "target_rescale": 4.220500134278302},
{"mapping": [0, 2, 4, 1, 15, 3, 8, 7, 13, 12, 14, 6, 5, 9, 10, 11, 16], "R": [[0.22194604392283768, 0.11528550789959224, -0.9682196059031936], [0.7610937400429142, -0.6411774055832293, 0.098121625735861], [-0.6094885334889338, -0.7586835876950894, -0.23004986700195407]], "T": [0.07409484163942762, 0.06175811632238519, -0.04366094645077059], "aligned_model": [[-0.34127182355484076, 0.5835803570017524, 0.10643763780581508, 0.36720657456081485, 0.7986747314677304, 0.3612809474303633, -0.028700657900483567, -0.5953832181973605, -0.17602147725869896, -0.12840717115396308, 0.4381946532557933, -0.5530020523093568, -0.048985750331747444, 0.14999566108865017, -0.5076064577798549, 0.49001136360102504, 0.05025395516918666], [-0.12513905713935602, -0.2206949869018014, -0.49451423912394415, 0.36391862345871734, 0.14090433388990126, -0.7502727840796779, 0.6861333942798588, -0.16721711287698943, -0.5463012161090417, -0.33340140045974737, -0.26628800327520374, 0.36908999037732915, 0.6369733321249311, 0.2333865741407286, 0.27820392423059526, 0.7023674180314239, 0.02790708626051803], [-0.6702544176716881, -0.47015664805662044, -0.4629546334651246, -0.7165524096281358, -0.028598496605751526, 0.0677337604581755, -0.32712278799199274, 0.028211578339288425, 0.02293966384775834, 0.5460944241438703, 0.3706332202290839, -0.3041618741670305, 0.34583575101587466, 0.6436019942323077, 0.47200388627278966, -0.09392225942281074, -0.06714222257609295]], "inverted": true, "swapped": false, "error_lsq": 0.04183172209870266, "error_max": 0.2643564787678393, "target": "111.xyz", "model": "22.xyz", "model_rescale": 4.204369325754507, "target_rescale": 4.220500134278302},
{"mapping": [15, 4, 9, 5, 3, 14, 13, 6, 12, 11, 8, 7, 1, 0, 2, 16], "R": [[-0.5591521654318989, -0.6148381797359608, 0.5561680219428197], [-0.8269621760460488, 0.461367376209973, -0.3213622621875645], [-0.05901199269641673, -0.6396203224633312, -0.7664224864980818]], "T": [0.17060801695324923, -0.024220618220709415, -0.0930593244459927], "aligned_model": [[-0.4246546104892782, -0.20660606221525213, 0.6937020381605196, 0.2837217647777674, -0.7656616938761094, 0.5066156125330089, 0.2817055366576704, -0.47760991300517985, -0.014000529349844137, 0.14283476023756966, 0.7373406725903144, 0.5708496327187684, -0.20562256612738805, -0.11863836645176012, 0.3094367880975122, 0.053752033713067526], [-0.15347610513814366, -0.5745124699404497, -0.20881794787230296, -0.7193297523316166, -0.040581175203937996, 0.3257836809871519, -0.2536820786665363, 0.45918627910295917, 0.3390133977462581, 0.7997026194425709, -0.32205740331588817, 0.2877810900671062, -0.26965531330396947, 0.4226841228905517, 0.012634610522328456, -0.05232142600844583], [-0.47654419361409067, -0.14198913338290875, -0.36275034530167044, 0.39208749265687864, 0.10852988473053575, -0.5292065125480138, -0.8318944960216623, -0.21653849644169176, -0.6443305741849242, -0.041303996997489226, 0.20074200308108586, 0.09694926363626678, 0.455327420664889, 0.42532463557944084, 0.5001624463685227, -0.055121641550290576]], "inverted": false, "swapped": true, "error_lsq": 0.03664280077200734, "error_max": 0.22619316926482458, "target": "111.xyz", "model": "23.xyz", "model_rescale": 4.410303926677745, "target_rescale": 4.220500134278302},
{"mapping": [5, 4, 2, 8, 10, 3, 15, 12, 0, 7, 1, 6, 14, 11, 13, 9, 16], "R": [[-0.588686816948517, 0.8083107570488752, -0.009030591901840301], [-0.302625057018418, -0.2307312017310384, -0.924760070187046], [-0.7495771517433162, -0.5416611787702947, 0.3804435056582677]], "T": [0.054321296220031796, 0.10382811969647857, 0.022808863227212206], "aligned_model": [[-0.252168700244388, 0.3465037628200151, 0.06567379370493309, 0.6018123705418753, 0.7041809323491065, 0.5246812593766685, -0.07378865704857634, -0.6516338839137944, -0.1826760819693316, -0.14077282716497638, 0.48907114092188797, -0.6223379409600331, -0.1427741398060941, 0.32443613194326854, -0.5404758595110978, 0.4034708016671663, 0.11305517018819636], [-0.02067733933907165, -0.15429944586450858, -0.6573362602608286, 0.32539751495336716, 0.1273106172665141, -0.6416375590098153, 0.6558185609655998, -0.2724074165613808, -0.6131435490972341, -0.18655865503966437, -0.41109622766647347, 0.39874800592930204, 0.7256225962797324, 0.37432483539031525, 0.26815000943150435, 0.6178345817273501, -0.0009943922764662494], [-0.5121344105556435, -0.5445393006900232, -0.48057355468529606, -0.5489141412757238, -0.007439639441100737, -0.15689481387571488, -0.4110212688011949, -0.0562476967958216, 0.03583498946236391, 0.5880917134546656, 0.5540158272204257, -0.15899495192282403, 0.20357116018889668, 0.527378966316782, 0.3595599343720645, -0.05663900310607335, 0.021134719088118217]], "inverted": true, "swapped": false, "error_lsq": 0.03900046087985654, "error_max": 0.3095698857580485, "target": "111.xyz", "model": "24.xyz", "model_rescale": 4.28219845311461, "target_rescale": 4.220500134278302},
{"mapping": [13, 15, 9, 6, 12, 3, 10, 11, 4, 0, 5, 1, 2, 7, 8, 16], "R": [[0.9966197502208166, -0.07756926519202009, 0.0270570243627727], [0.069771193944758, 0.6253173254135819, -0.777245278553127], [0.04337111902315387, 0.7765057962663091, 0.6286156969082978]], "T": [0.023095404844847282, 0.09065105245263287, -0.032144176324810175], "aligned_model": [[-0.14340302107567343, -0.395031926125596, 0.11335295670435452, 0.11875285673206754, 0.23082356168808096, -0.44808697698100575, -0.6002868718091575, 0.7266110359694183, -0.6429206380048812, 0.28377835004735896, -0.5102511496467514, -0.3597396258302726, 0.14152142405783055, 0.4977315103487516, 0.05343575524305086, -0.05796647519656476], [0.43757065514579385, -0.28315210545868374, 0.6786850620486955, -0.67272362350358, -0.13626076475705323, -0.741336731186149, 0.6362712256284739, -0.3389944927394754, 0.04168113992382333, -0.47097845313910597, 0.42854348714336593, -0.2184404912463812, 0.07807302007673948, 0.24681169791842533, 0.6624761970393592, -0.0031144471800155643], [-0.712436536200227, -0.48330485240371923, -0.19495189652927453, -0.3100372763176339, -0.6447446142755734, 0.025217304047078087, -0.18607151480884346, -0.08477431530821078, -0.07126307365581447, 0.378618466184918, 0.5446651663587837, 0.4781649655792489, 0.5664883286616418, 0.17756061777851115, 0.37810860030690174, -0.009313348840040283]], "inverted": true, "swapped": true, "error_lsq": 0.03665129813455237, "error_max": 0.24545974263496875, "target": "111.xyz", "model": "25.xyz", "model_rescale": 4.100010024507729, "target_rescale": 4.220500134278302},
{"mapping": [14, 9, 4, 5, 6, 3, 15, 1, 8, 0, 7, 16], "R": [[0.7198268360009932, -0.6170844637652535, -0.31789320652122965], [0.02618310950288305, 0.4817690318118644, -0.8759069840821108], [0.6936596939058515, 0.6221779203464299, 0.36294746793968957]], "T": [-0.11987057232221766, -0.04585495913403124, -0.06064308940249414], "aligned_model": [[-0.7191558300294516, -0.2415469508422254, 0.3543988047535324, 0.6872650105761948, -0.43987664792346526, 0.2001229877061489, -0.12885226896829752, 0.47299840347566235, 0.1735729741268232, -0.10077702156717329, -0.329334158864406, -0.05204970008033581], [-0.30297104949955367, -0.6498057305241538, -0.02782910682889264, -0.29579549533826344, 0.659823687534758, 0.7663012415065797, 0.22817519608897033, 0.3343606384655742, -0.5354522353290669, 0.5878767524670832, -0.14612037604170672, 0.04756786754931105], [-0.08005904702760472, -0.09022518728281206, 0.4107901894520406, -0.1925549599735366, 0.20152017696109276, 0.3337086264541638, 0.6048882957047246, -0.14100564465967944, -0.473435126350589, -0.4481076709876214, -0.5502485760908439, -0.010078786344978184]], "inverted": false, "swapped": true, "error_lsq": 0.04717529792042662, "error_max": 0.2522636789776379, "target": "111.xyz", "model": "26.xyz", "model_rescale": 3.6694154284099745, "target_rescale": 4.220500134278302},
