[{"mapping": [13, 9, 11, 2, 12, 10, 5, 1, 7, 6, 8, 14], "R": [[0.2290463012522933, -0.6424812184682754, 0.7312699062577127], [0.9704748428640698, 0.20907026871287004, -0.12028383976364887], [-0.07560668786954339, 0.7372296159649641, 0.6713986312866216]], "T": [-0.0748132499499126, 0.040949926574351134, 0.08830591983325801], "aligned_model": [[-0.2621666545947417, 0.1533325104024157, 0.42858173280124184, 0.03588608467516538, -0.35367768016889156, -0.5905051598112354, 0.41926802955964415, -0.19871339640324914, 0.6812678316563792, 0.07995488122934909, -0.5184813117121205, -0.03710440517340806], [-0.21567766931786786, -0.7359461105955133, -0.34253033020228585, 0.7718458264198684, 0.4726357064429623, -0.6220070922590037, -0.17671047233592502, -0.5516460824241447, -0.03260049701675831, 0.4871696506568056, -0.000605193956716793, -0.00037269943436411823], [-0.4556889172926529, 0.017463718830196776, -0.4192971928801013, -0.13086954640094461, -0.5460464259563657, -0.04736918699502492, 0.5265932091228509, 0.5553697419122761, 0.0135614792974567, 0.42264909336044665, 0.19407091672371501, 0.051514855631709766]], "inverted": true, "swapped": true, "error_lsq": 0.04817762571987428, "error_max": 0.2822880654086231, "target": "112.xyz", "model": "0.xyz", "model_rescale": 3.751011558992144, "target_rescale": 4.289895276814295},
{"mapping": [10, 4, 13, 3, 9, 8, 5, 2, 11, 1, 6, 0, 12, 7, 14], "R": [[0.3112777339389161, -0.9278598165529484, -0.20538338097368722], [0.14074009534306534, 0.2587472918889484, -0.9556369941054819], [0.9398395596678607, 0.26856284137323383, 0.21112934972868425]], "T": [0.04606517816376894, 0.043670664750830944, -0.014852306223690527], "aligned_model": [[0.12888685785024412, 0.575865748365214, -0.6661921312601967, -0.3004343696613481, -0.42559980844818524, 0.1168331891557259, -0.4259580974875422, -0.420047920294653, 0.10683669132068249, 0.6756532283416428, 0.6397724439434955, 0.22845500048942613, -0.23182469050534754, 0.36034569705743075, 0.017897495878226394], [-0.7713137527123887, -0.35245105117750763, 0.17184699100231282, 0.6837107059957657, -0.38308130781189165, 0.046075023658212026, -0.16030564515597964, 0.5321915584069651, -0.37232743589917944, 0.3283661912440258, -0.11532564165301368, 0.7756307567693735, 0.20915376425346768, 0.39347762731757574, 0.030937054923777206], [-0.05219821356182489, -0.44841073584306795, 0.046487345400569764, 0.21686454355842366, 0.15720732196509862, -0.674704077319563, -0.36935722753766537, -0.4921614491227241, 0.6633684486717041, -0.10569774476532559, 0.41637571046868155, -0.09530660942561514, 0.654003185453901, 0.45263017278595413, 0.03040528207706389]], "inverted": false, "swapped": false, "error_lsq": 0.05041697371952956, "error_max": 0.4175574269698348, "target": "112.xyz", "model": "1.xyz", "model_rescale": 3.9405287249114394, "target_rescale": 4.289895276814295},
{"mapping": [0, 1, 5, 13, 9, 6, 8, 10, 11, 3, 3, 4, 14], "R": [[-0.8976642080103348, -0.19506680697163276, -0.3951555522513511], [-0.2719509914198002, 0.9507953825357482, 0.14842775621320964], [0.34675874599347345, 0.2407012284276755, -0.906543595592866]], "T": [-0.14936473128683542, -0.0028507767926505556, 0.04320624302734037], "aligned_model": [[-0.3432581737168649, 0.24924823704965499, -0.2932175711726738, 0.32728303437580925, 0.46212672705324304, -0.7063234226342641, 0.01428642684415643, 0.6604189740613218, 0.1694619201674728, -0.25104818384362887, -0.25104818384362887, -0.42693257255409683, -0.11501393250257014], [0.7622374803294082, 0.49982486897762124, 0.0961550920522948, -0.3224821099886495, -0.1253630323825361, 0.14728445625447967, 0.3379514491704607, 0.23192534087531375, -0.672078699009014, -0.7691680700799945, -0.7691680700799945, 0.09263798242473886, -0.05092409497211143], [0.0953523551925771, -0.37284037297929995, -0.6299150731998592, 0.30307567630727117, -0.4780475354600124, -0.0026958506462427673, 0.3017145656368802, 0.1571729682372065, -0.28635117303426816, 0.13978064292377962, 0.13978064292377962, 0.7343845224740744, 0.011708981212758027]], "inverted": true, "swapped": true, "error_lsq": 0.05001129645177885, "error_max": 0.3394676908119221, "target": "112.xyz", "model": "2.xyz", "model_rescale": 3.932901565614263, "target_rescale": 4.289895276814295},
{"mapping": [1, 10, 9, 8, 5, 7, 11, 6, 4, 2, 13, 12, 3, 14], "R": [[-0.4188199157458573, -0.6292097422353906, -0.6547403901171106], [0.030308940751779534, 0.7109366980640166, -0.7026025757541303], [0.9075633566231828, -0.3141084392720237, -0.2786837671859545]], "T": [-0.08693334830492588, -0.030774879876736688, -0.012145975632255293], "aligned_model": [[-0.20084920162197073, 0.4237177862710811, 0.2927241251484393, -0.08442479430725475, -0.4532951149127884, -0.11687920494908283, 0.44589536619776843, -0.6097215628159316, -0.14750928284609044, -0.2503898750147333, 0.5371135835168708, 0.31537966800614287, 0.3103580881738868, -0.04230966879363383], [-0.04357342215067847, 0.2852876852568019, -0.4581518041197026, 0.3911382746646421, -0.5420668328527095, -0.7824014038231295, -0.6419739850216285, -0.045998927093351905, 0.5577878322315157, 0.043476973032863936, 0.05512364645174331, 0.3195020925888208, -0.3948486901704701, -0.07980480064422828], [-0.7681415217473605, -0.6148048866317847, -0.5899398190189508, -0.19029593723541627, -0.30870575503327624, 0.11752982139437444, 0.013422577402511262, 0.23546518208870798, 0.45025419055698274, 0.7377004555200579, -0.0034124721272038583, 0.6058921793856837, 0.5504534452608633, -0.02152109675809151]], "inverted": true, "swapped": true, "error_lsq": 0.05289553157699135, "error_max": 0.42315544135337974, "target": "112.xyz", "model": "3.xyz", "model_rescale": 3.9243930471874484, "target_rescale": 4.289895276814295},
{"mapping": [10, 8, 1, 9, 5, 13, 11, 0, 6, 2, 7, 3, 14], "R": [[0.37372239261970464, -0.29405173501346543, -0.8796960556863798], [-0.8581640197668405, -0.4695137042250121, -0.2076328411463985], [-0.3519745565125709, 0.8325205455005172, -0.42781240384928104]], "T": [-0.042074020068844434, 0.04344826171496055, -0.15773120567208027], "aligned_model": [[-0.0757869167263638, -0.10038856444750983, 0.5437452190595126, 0.29907476634630126, 0.5949846202460568, -0.4613094352161148, -0.12453681082202028, 0.3183123312816366, 0.11277747294975736, -0.4819007818060974, 0.20422349293167086, -0.5098957291823263, -0.042093778303150725], [-0.6383767351473467, 0.02955239497701259, -0.30276723619078283, -0.6795664386242686, 0.053709363898907875, -0.42665416284594404, -0.4939893446344844, 0.4246422475213508, 0.5956083059482465, 0.6186251793078124, -0.019291303616138622, -0.025958134909032468, -0.007704582003744909], [-0.6655067501623286, -0.6117804655976242, -0.5064725684957574, -0.011089442859477716, 0.12090674319795514, -0.16934073336835004, 0.44433626849952695, -0.749750418335581, -0.08033046319902418, 0.10726875135529551, 0.5620300604406547, 0.4613277041420683, -0.1145283702463934]], "inverted": false, "swapped": true, "error_lsq": 0.043014000709247366, "error_max": 0.20750109092381336, "target": "112.xyz", "model": "4.xyz", "model_rescale": 3.8936222436046832, "target_rescale": 4.289895276814295},
{"mapping": [0, 6, 5, 1, 7, 3, 12, 13, 10, 8, 9, 14], "R": [[0.799797287074694, -0.46543012173186915, 0.37907664313779194], [0.5705746119258523, 0.7856269848623002, -0.23923806737606418], [-0.186464237358327, 0.4076334658008694, 0.8939049422313029]], "T": [-0.14871026439023785, -0.12746944454018524, -0.012615691570501745], "aligned_model": [[0.17187993338046012, -0.4989806571645654, -0.3207466555008865, 0.39029475427520144, -0.6874649864029415, -0.6731688964723664, -0.30488413498361555, 0.0749852213686874, 0.6425297945807049, 0.23030791096222272, 0.15945951893512936, -0.15666376076293323], [-0.6952632826093536, -0.5012379221572998, 0.14178180383245478, 0.0716857332363964, 0.3706118512451305, 0.18246153606855778, -0.3647816452212084, 0.16553861208779277, 0.1354133034378068, -0.37972291921465584, 0.6045325668153112, -0.06209673241112529], [-0.46039466356607645, -0.28179658123148343, -0.6302687927136916, -0.5170764879515607, -0.2231231034642795, 0.4729708236087334, 0.75276886742108, 0.4982619967534743, 0.15676470642434479, 0.03706145513270634, -0.1853611632814659, -0.0005223378562631345]], "inverted": false, "swapped": true, "error_lsq": 0.04121516528609984, "error_max": 0.22744744490098084, "target": "112.xyz", "model": "5.xyz", "model_rescale": 3.6523030999806103, "target_rescale": 4.289895276814295},
{"mapping": [2, 6, 0, 4, 8, 3, 5, 13, 7, 9, 1, 10, 14], "R": [[-0.14975790848756995, 0.578546572500184, -0.8017832826230028], [-0.40249688793666705, 0.7050199365137725, 0.5839033689913207], [0.9030884918139123, 0.41015942335438976, 0.12728088382340752]], "T": [0.0759481974846895, -0.05999639804554471, 0.06695643667731627], "aligned_model": [[0.040789192270573926, -0.0790688714777702, 0.41375782401113836, 0.5898115511529657, 0.5025909446629546, -0.24138129626662164, -0.47406250035045283, 0.2980270142578795, -0.6721218062968363, -0.19931412574047908, 0.10926711589596677, 0.553540494631668, 0.03924736791330798], [-0.5086876444447406, 0.09687552581298067, 0.5782356885083747, -0.3203689627803523, 0.10510790994117167, -0.7714805360705707, 0.3628127576802044, -0.4699844007163593, -0.19670789963875265, 0.08981318553486592, 0.5804713734538733, 0.08090498194379475, -0.0861650750613066], [0.6930083944679564, 0.6019438029845852, 0.38978516082756504, 0.5486617458776637, 0.0452551601748876, 0.06615209546199546, 0.01890689901273873, -0.35669464715428634, 0.0009546720128783409, -0.6829930949980401, -0.34940971638226714, -0.6229060772721418, 0.01744534446825414]], "inverted": true, "swapped": true, "error_lsq": 0.04900744880993725, "error_max": 0.24665913367725523, "target": "112.xyz", "model": "6.xyz", "model_rescale": 4.08911054899281, "target_rescale": 4.289895276814295},
{"mapping": [0, 2, 8, 10, 3, 1, 9, 11, 6, 13, 7, 12, 4, 5, 14], "R": [[-0.9262892461181427, -0.3277931972315678, 0.1858490042335169], [0.08404556218593753, -0.660512981816894, -0.7460958010391195], [0.36732080801764144, -0.6754807330339351, 0.6393756355204702]], "T": [0.03176256133083661, 0.12542343266640515, 0.03616769343950296], "aligned_model": [[-0.0191308446366626, 0.6292036094248538, -0.6335850581626327, -0.3053938671083198, -0.39528948349643594, 0.11217121813763511, -0.5517834432312222, -0.11985500756152051, 0.1763599316229621, 0.5958258561828542, 0.720832989316581, 0.31595124860670964, -0.2663883260363036, 0.18993637688289483, -0.06836586519657803], [-0.8003610264049652, -0.3752673374603636, 0.1920056340056403, 0.7510333228854129, -0.49480231554397874, -0.19429839180730685, -0.12458064651418899, 0.5019433820454686, -0.2980937011615627, 0.3648892672824454, 0.06787852370365285, 0.7768764091776563, 0.04685943043542745, 0.5017040361566225, 0.10079825236155515], [-0.12191196899322884, -0.17001787844524432, 0.17043730647305222, 0.15538474978756242, 0.27988475999719864, -0.6190104973766464, -0.4237554836895816, -0.38783219273962766, 0.2572283283617355, -0.36431106480361874, 0.38424741601101753, -0.017196409010034136, 0.6700314292833299, 0.6795145525241414, -0.09318709457444449]], "inverted": true, "swapped": false, "error_lsq": 0.04603621917791777, "error_max": 0.2964758872478472, "target": "112.xyz", "model": "7.xyz", "model_rescale": 3.964800864290218, "target_rescale": 4.289895276814295},
{"mapping": [7, 11, 3, 5, 2, 1, 6, 13, 10, 8, 0, 4, 12, 14], "R": [[0.052618323644652576, 0.5297120421089277, 0.8465438349321412], [-0.967699502970801, -0.18225129071021506, 0.17418995087124256], [0.24655422115001774, -0.8283656315174179, 0.5030123224672116]], "T": [-0.0419726601138157, -0.03442219504440105, 0.08782891603864526], "aligned_model": [[-0.18603521005821774, 0.3193717237707584, 0.44001776166255635, -0.5911067177870487, 0.09128787126164575, -0.416401771922419, -0.43300972894527445, 0.547364799153352, 0.2773029069381189, -0.011468774187019082, -0.5741288070472396, 0.19435259561440266, 0.6189677281013648, -0.015326487094108176], [-0.12092917065915246, -0.4003947302626878, 0.1911078412336735, -0.28740103721034005, 0.7048393893153645, -0.6491546576563939, 0.3888133376793548, -0.2559772189014049, -0.6768399043651241, -0.07167201526770567, 0.0670245399037965, 0.5577988376945194, 0.43821245394349617, -0.07447919926619356], [-0.6567632696831008, -0.5395616128457008, -0.4811436397869532, -0.2557429106411804, -0.0860531841436992, 0.3458535848367661, 0.0347980862043448, 0.1098319734015987, 0.545235177872122, 0.543280752651608, 0.6641901920337527, 0.484457262867551, 0.16717104477854697, 0.04126158117936627]], "inverted": false, "swapped": true, "error_lsq": 0.05052327606976629, "error_max": 0.3073002555542653, "target": "112.xyz", "model": "8.xyz", "model_rescale": 4.121658175737393, "target_rescale": 4.289895276814295},
{"mapping": [4, 8, 13, 12, 0, 6, 9, 7, 11, 5, 2, 3, 14], "R": [[-0.39995714827477574, -0.9073600806765441, -0.12935209135752268], [0.803807181262336, -0.27944408402018245, -0.5251714189264491], [0.44037290436062004, -0.3140202030137186, 0.8411082077855474]], "T": [-0.11059555401591267, -0.12117365579384068, -0.09301991398173345], "aligned_model": [[-0.5131564936722443, -0.33999675868863055, 0.3540593313207131, -0.0037234446055925824, -0.8284674718171839, -0.5426743646181187, 0.46816479010881196, 0.2849754066741502, 0.673046418594511, -0.11016940545657795, -0.3186301733672887, 0.39901503650867387, -0.045705374546026675], [0.42790847130278886, -0.21024765181857916, 0.0181841553516546, 0.6162195062972681, -0.426386976544081, 0.01878449553172515, -0.691672238590735, -0.14802241269804134, -0.11800111889638015, -0.5735445253813554, 0.5859453541165872, 0.4228060740984637, -0.13158569335760542], [-0.4097894377488477, -0.47927801702206463, -0.4949709583025802, -0.42671222483469584, -0.22408731529236398, 0.26554694391130695, -0.1073163847107387, 0.5592513160106842, 0.11678887946048686, 0.4351358610642675, 0.13326607115881467, 0.13345620555837645, -0.08021550529355698]], "inverted": true, "swapped": true, "error_lsq": 0.046699514824699015, "error_max": 0.25119846543376867, "target": "112.xyz", "model": "9.xyz", "model_rescale": 3.833441315466971, "target_rescale": 4.289895276814295},
{"mapping": [1, 10, 4, 3, 6, 13, 5, 2, 12, 8, 11, 9, 4, 7, 14], "R": [[-0.8481901383972522, -0.20979444786722068, -0.48637411400046626], [0.45925705761641633, -0.7487845287704303, -0.4779170267981215], [-0.2639250729945191, -0.6287352535989474, 0.7314612339192729]], "T": [0.09066910932182244, -0.040637765105414975, 0.030868426171281334], "aligned_model": [[-0.22174028146077734, 0.8059006862557913, -0.6489247203642173, -0.31213844763909776, -0.2923624331079599, -0.016638505964410508, -0.4458648557513221, -0.124153941309871, 0.2745396674177446, 0.7065733021476972, 0.6751177287725013, 0.2635533221918106, -0.6489247203642173, 0.2830345947517877, 0.08251793916935607], [-0.7063937767097386, -0.27258330877205283, 0.09198483907566998, 0.6990944707963067, -0.331723447480319, 0.00212170386783897, -0.08188623190474498, 0.47880496425886343, -0.5260286381709628, 0.3677502616597289, 0.01465829074744572, 0.7428889045469392, 0.09198483907566998, 0.39201425968816916, 0.05389770848270127], [-0.038256377462245465, -0.3013953239574474, 0.2979354440540654, 0.24267999566323994, 0.5102279270316625, -0.7580189199874475, -0.37884497338578105, -0.4171054154261012, 0.336821650571568, -0.21700373287672461, 0.3782863855125965, -0.08790502800316807, 0.2979354440540654, 0.4996132631979111, 0.0345356138194174]], "inverted": true, "swapped": false, "error_lsq": 0.049469810563407934, "error_max": 0.4680516717469574, "target": "112.xyz", "model": "10.xyz", "model_rescale": 4.2482417240324, "target_rescale": 4.289895276814295},
{"mapping": [10, 9, 7, 3, 0, 6, 5, 2, 13, 4, 8, 14], "R": [[0.7284616702521595, -0.6835334645147422, 0.046104206553284635], [0.6740953663856544, 0.727156001567654, 0.12976743197556345], [-0.1222253328521737, -0.06345196823279613, 0.9904720166347759]], "T": [-0.03381738471584486, 0.07292905553300491, -0.03023025394921893], "aligned_model": [[-0.6623378282735243, -0.2843571152079378, 0.4482557159271572, 0.6700365517110554, -0.5704989422914596, 0.13785815545075933, -0.07074037511534143, 0.5609402706220342, -0.009745806466918961, 0.06739997351507067, -0.39669937134193767, -0.013345626165950385], [-0.4164863162082352, -0.6315424656036526, -0.19273497918465884, -0.2218794616682229, 0.6463267823610959, 0.5833172720229475, 0.04399485080968464, 0.5012415770366259, -0.4004368252298476, 0.5460727168333409, 0.1972689973101766, 0.010989241571385193], [-0.32904881974313993, 0.2884957684152771, 0.4986205231688217, -0.18702919397254536, 0.06390729352242525, 0.18162335505920688, 0.6635907694749695, -0.26963108819296727, -0.445241947851078, -0.6044946057817695, -0.28045146467799414, -0.01514829956684952]], "inverted": true, "swapped": true, "error_lsq": 0.05544423130045369, "error_max": 0.3321808919607979, "target": "112.xyz", "model": "11.xyz", "model_rescale": 3.6694154284099745, "target_rescale": 4.289895276814295},
{"mapping": [0, 4, 12, 2, 6, 1, 5, 9, 3, 11, 13, 7, 8, 14], "R": [[-0.7857581207654422, 0.3040541616354575, -0.5386420355331731], [-0.4017016841441452, 0.4113428209952075, 0.8181887560773872], [0.47034023069148395, 0.8592718722312885, -0.20107689321555045]], "T": [-0.0017419988424278096, 0.008337339390498723, -0.08124823516759745], "aligned_model": [[-0.17378487266938242, -0.003483715648736778, 0.007997395251890867, 0.5298312616900119, 0.42640532453619245, -0.43640533792387187, 0.2744936748767209, -0.32448697842574875, 0.38170342412986774, 0.10264250285219881, -0.35108417822772775, 0.5273667564048115, -0.3611153360540014, -0.0018150705364152276], [-0.43493597439555715, 0.4775458329615755, 0.8095843501977894, 0.4690750750005328, -0.14483647638458916, -0.6124479388279572, -0.5857882675927274, -0.296841514586093, 0.5559779056009589, 0.18043524715469114, 0.4307756732092342, -0.13824590562117353, 0.005615960235918295, 0.015073321183651421], [-0.7133747605308963, -0.667532960881068, -0.23754683869936966, -0.3969247337674345, -0.4391284189132156, 0.020552109001606075, 0.15176833862092454, 0.5994411971135534, 0.31871145164190107, 0.7046338946597411, 0.22922768957996675, 0.4490462825930021, -0.3651457699126847, -0.014632020853611066]], "inverted": false, "swapped": true, "error_lsq": 0.041023840702779577, "error_max": 0.3075927484862827, "target": "112.xyz", "model": "12.xyz", "model_rescale": 3.9764082729961374, "target_rescale": 4.289895276814295},
{"mapping": [3, 7, 13, 12, 11, 4, 14, 5, 8, 0, 2, 9, 10, 1, 15], "R": [[-0.5407143215530623, -0.00987951450461727, -0.8411482732910798], [0.6327160007937808, -0.6637193138237842, -0.39893249403478004], [-0.5543450954116367, -0.7479164844088131, 0.36513346538303704]], "T": [-0.0388591701006325, 0.12925681348899892, -0.037156787182502725], "aligned_model": [[0.011801200457125738, 0.5664033197810081, -0.6457795739104857, -0.31241531447412124, -0.4623574396042261, 0.21460166347602155, -0.6117915834279171, 0.016884357998759536, 0.15047652152533847, 0.6172991480077905, 0.6690155660984269, 0.23432671142098604, -0.23275729071608664, 0.19149623068352586, -0.026714182571330892], [-0.7108408510288613, -0.25559423745673476, 0.1941762524637232, 0.6064330173264778, -0.39697546592742256, 0.04497575170517512, -0.39715492387848955, 0.7318024443782769, -0.33864554418783566, 0.3296006168665613, 0.03511000427654726, 0.6646999549849564, 0.09385624943176704, 0.36584820921350203, 0.049293360993871424], [-0.04778167495599065, -0.2750237370751505, 0.0065883390533518285, 0.2863914183681261, 0.38030399250472674, -0.703878640916462, -0.22004246758363555, -0.617376855437637, 0.4576888616874493, -0.27469953181512574, 0.3182433395371512, -0.05016612536007483, 0.7421359805527626, 0.5053222253697776, -0.1081991711236579]], "inverted": false, "swapped": false, "error_lsq": 0.04179481362334323, "error_max": 0.23973868127873696, "target": "112.xyz", "model": "13.xyz", "model_rescale": 4.170626492500431, "target_rescale": 4.289895276814295},
{"mapping": [5, 9, 7, 11, 6, 12, 3, 1, 0, 10, 8, 13, 4, 14], "R": [[-0.04073692689481834, 0.9325275162636002, 0.3587937209573314], [0.9184583669821065, 0.17633785283653092, -0.3540327524079726], [-0.393414197643818, 0.31511488868068926, -0.8636711619731368]], "T": [0.05418651849522228, 0.10527294991166315, 0.045847409205710815], "aligned_model": [[0.26700142154359535, -0.17798255979905336, -0.2853625058527036, -0.6358984917425975, 0.3621489558476051, -0.3917098244163284, -0.6564670959032843, 0.4655859977889973, 0.8314442479018715, 0.031852923807044964, 0.3015846883321891, -0.416494834742681, 0.14525294083703405, 0.0022271584899540703], [-0.2636181759834745, -0.6733008793607272, -0.07523655316901111, -0.25854952713291607, 0.45419070900270603, 0.6818427460412202, 0.34742596881299914, -0.5326997489765716, 0.1772041275515484, -0.4308393044628276, 0.1179900217876708, -0.017180269953626717, 0.7632729796242453, 0.06557237414443037], [-0.503895496382647, 0.022249328011400532, -0.613529400764371, -0.17672936378513174, -0.29805098980777633, 0.41363077364754, -0.16209895169001695, 0.13755997092567077, 0.17379369863352237, 0.7061070176836943, 0.4310575249628704, 0.44628926101922295, 0.39603634569813606, 0.0314533829687521]], "inverted": true, "swapped": true, "error_lsq": 0.04387032260862689, "error_max": 0.2190733369976453, "target": "112.xyz", "model": "14.xyz", "model_rescale": 3.9786697098870705, "target_rescale": 4.289895276814295},
{"mapping": [2, 7, 4, 12, 6, 0, 11, 1, 8, 13, 5, 14], "R": [[-0.032814189819692585, -0.6604648606783043, 0.7501395848478238], [0.10426495864978985, -0.7487106872709027, -0.6546458013033388], [0.9940080720719702, 0.05673160120709636, 0.09343167600040253]], "T": [0.03779664105317182, 0.01491855789769216, 0.03167506640345284], "aligned_model": [[0.12528936373835856, -0.7098039620143906, 0.6357051308975864, 0.4314976281031771, -0.001947256990925239, 0.4437948608877202, -0.538183116187054, -0.005734235475417293, 0.4532600049211045, 0.16234884431564117, -0.5042224366408562, -0.008650228787608134], [-0.2241216015913732, -0.07786167218072458, -0.12937557150527354, -0.6218386647391686, 0.334561841730635, 0.6924917282691637, -0.49658381639594085, 0.49880414194020145, 0.13321079831014468, -0.5178294359291464, 0.4450873833669874, -0.021870641051065832], [-0.6961338849876241, -0.09137031288400697, -0.39910801777395966, -0.29399448054032923, -0.44905268185113667, -0.009965893015330352, 0.28611008045275577, 0.6221237893351373, 0.18383140304169066, 0.3440141894108324, 0.10065483864490735, 0.06285746404089346]], "inverted": false, "swapped": true, "error_lsq": 0.05425816299254029, "error_max": 0.27742176782729655, "target": "112.xyz", "model": "15.xyz", "model_rescale": 3.769337070930944, "target_rescale": 4.289895276814295},
{"mapping": [5, 6, 9, 7, 1, 0, 10, 4, 13, 3, 14], "R": [[0.4840569220727451, -0.6304106187994324, 0.6068536461935261], [0.7728936654618898, 0.6331918853494025, 0.0412724874044913], [-0.4102734186884952, 0.44905510578612284, 0.7937412890136615]], "T": [-0.006580733293817935, -0.04359885960170793, 0.051505403694482116], "aligned_model": [[-0.38190170780276284, -0.24194265983672975, -0.026324657878727606, -0.7197016779428406, 0.3132072343780221, 0.4047525887096584, 0.6512364959796559, 0.2706956594487775, 0.19012674532095356, -0.5022470733941351, -0.0352748162907007], [0.054887582093314284, -0.5500614096359804, 0.7145523113174487, 0.2044526032942811, 0.24798964337586696, -0.5296891736633899, 0.4943712461342249, -0.5777105825994023, 0.38141949376344414, 0.13962064059110932, 0.016232142954425696], [-0.5255757819841966, -0.09999054747242497, -0.24081896657908394, -0.06067297310972611, -0.5788767746154505, -0.41774402891293816, 0.01000181908864936, 0.5006511406281415, 0.4728781260969527, 0.6239159445400533, 0.060449649543800374]], "inverted": false, "swapped": true, "error_lsq": 0.04237126366093994, "error_max": 0.20339618279012725, "target": "112.xyz", "model": "16.xyz", "model_rescale": 3.7852294659196426, "target_rescale": 4.289895276814295},
{"mapping": [8, 2, 3, 4, 0, 6, 5, 7, 13, 10, 1, 11, 14], "R": [[0.48495931016099925, 0.6506630388464721, 0.5843390089385119], [0.7715598140537648, -0.003766011606981423, -0.6361456362295478], [-0.4117158253279655, 0.7593572459887709, -0.5038518156550217]], "T": [-0.03425420446622829, 0.05886843966814562, -0.019268761395836168], "aligned_model": [[-0.04691995513487174, -0.25653353440084614, 0.34436626709086465, -0.16751502415981373, -0.6161288665931034, -0.5715198699797764, -0.343087454867311, -0.023358622166863185, 0.5803697551819446, 0.49674700726503584, -0.09164127411397852, 0.5348815803240947, 0.014105841770907575], [0.017855535964833497, -0.6191024461015666, -0.3032610340166111, -0.6168963963470044, 0.1649999350874787, -0.10153991140920152, 0.5936444908660782, 0.2992981010907679, -0.04872078393257703, 0.391729517721623, 0.7400573163777888, 0.27122734988311076, 0.08576394851815433], [-0.47524237042079615, 0.27304685848933674, 0.5572874943478284, -0.31838891110428214, -0.5444657801156468, 0.12378835949685313, 0.3004572251617928, 0.7051136392455257, -0.10616727240995347, -0.5946808790877566, -0.36184478004200954, 0.5184232394338373, 0.018427874148444132]], "inverted": false, "swapped": true, "error_lsq": 0.05033998922043829, "error_max": 0.2909726002507887, "target": "112.xyz", "model": "17.xyz", "model_rescale": 3.901054581598922, "target_rescale": 4.289895276814295},
{"mapping": [10, 4, 13, 3, 9, 8, 5, 2, 11, 1, 6, 0, 12, 7, 14], "R": [[0.3112777339389161, -0.9278598165529484, -0.20538338097368722], [0.14074009534306534, 0.2587472918889484, -0.9556369941054819], [0.9398395596678607, 0.26856284137323383, 0.21112934972868425]], "T": [0.04606517816376894, 0.043670664750830944, -0.014852306223690527], "aligned_model": [[0.12888685785024412, 0.575865748365214, -0.6661921312601967, -0.3004343696613481, -0.42559980844818524, 0.1168331891557259, -0.4259580974875422, -0.420047920294653, 0.10683669132068249, 0.6756532283416428, 0.6397724439434955, 0.22845500048942613, -0.23182469050534754, 0.36034569705743075, 0.017897495878226394], [-0.7713137527123887, -0.35245105117750763, 0.17184699100231282, 0.6837107059957657, -0.38308130781189165, 0.046075023658212026, -0.16030564515597964, 0.5321915584069651, -0.37232743589917944, 0.3283661912440258, -0.11532564165301368, 0.7756307567693735, 0.20915376425346768, 0.39347762731757574, 0.030937054923777206], [-0.05219821356182489, -0.44841073584306795, 0.046487345400569764, 0.21686454355842366, 0.15720732196509862, -0.674704077319563, -0.36935722753766537, -0.4921614491227241, 0.6633684486717041, -0.10569774476532559, 0.41637571046868155, -0.09530660942561514, 0.654003185453901, 0.45263017278595413, 0.03040528207706389]], "inverted": false, "swapped": false, "error_lsq": 0.05041697371952956, "error_max": 0.4175574269698348, "target": "112.xyz", "model": "18.xyz", "model_rescale": 3.9405287249114394, "target_rescale": 4.289895276814295},
{"mapping": [3, 14, 6, 8, 2, 12, 1, 4, 10, 13, 11, 7, 5, 9, 15], "R": [[-0.14426903699762011, -0.5274030469251522, -0.8372768186554823], [0.6187480273878524, -0.7083927020103105, 0.3396036783401692], [-0.7722288026015484, -0.46906908428567046, 0.42852872785845036]], "T": [0.03375375611527584, 0.1133617108710386, -0.0940216219849658], "aligned_model": [[-0.027402310148062353, 0.6322561305122467, -0.6489671002957111, -0.45405268334885784, -0.3767535148201737, 0.14414795780316939, -0.49383203218709826, -0.08346831736023719, 0.20161851576083484, 0.6884216091612655, 0.5110472503063653, 0.16313570766309612, -0.23024344235185865, 0.3299230589071771, 0.02465850514265911], [-0.6790800884609535, -0.36914247451824356, 0.106715707169635, 0.6072394713792321, -0.36699612836406315, -0.048108410843002186, -0.23454401022095825, 0.5941940654126325, -0.5546222962985219, 0.26093466201834503, -0.016518980789992393, 0.8041627845601665, 0.24375747631061054, 0.582300817248739, 0.08629224455788963], [-0.40016623667650997, -0.18742173440031057, 0.20951012009231604, 0.20664728367156046, 0.5026905446477922, -0.605763336365119, -0.2841117826778822, -0.6322820245153458, 0.28482244300927617, -0.12503890184307628, 0.42993937678911187, -0.05303703774932686, 0.683516201092343, 0.43644016320787715, -0.0662391254770951]], "inverted": true, "swapped": false, "error_lsq": 0.042729339742882184, "error_max": 0.27894403958588315, "target": "112.xyz", "model": "19.xyz", "model_rescale": 4.410303926677745, "target_rescale": 4.289895276814295},
{"mapping": [7, 11, 3, 5, 2, 1, 6, 13, 10, 8, 0, 4, 12, 14], "R": [[0.052618323644652576, 0.5297120421089277, 0.8465438349321412], [-0.967699502970801, -0.18225129071021506, 0.17418995087124256], [0.24655422115001774, -0.8283656315174179, 0.5030123224672116]], "T": [-0.0419726601138157, -0.03442219504440105, 0.08782891603864526], "aligned_model": [[-0.18603521005821774, 0.3193717237707584, 0.44001776166255635, -0.5911067177870487, 0.09128787126164575, -0.416401771922419, -0.43300972894527445, 0.547364799153352, 0.2773029069381189, -0.011468774187019082, -0.5741288070472396, 0.19435259561440266, 0.6189677281013648, -0.015326487094108176], [-0.12092917065915246, -0.4003947302626878, 0.1911078412336735, -0.28740103721034005, 0.7048393893153645, -0.6491546576563939, 0.3888133376793548, -0.2559772189014049, -0.6768399043651241, -0.07167201526770567, 0.0670245399037965, 0.5577988376945194, 0.43821245394349617, -0.07447919926619356], [-0.6567632696831008, -0.5395616128457008, -0.4811436397869532, -0.2557429106411804, -0.0860531841436992, 0.3458535848367661, 0.0347980862043448, 0.1098319734015987, 0.545235177872122, 0.543280752651608, 0.6641901920337527, 0.484457262867551, 0.16717104477854697, 0.04126158117936627]], "inverted": false, "swapped": true, "error_lsq": 0.05052327606976629, "error_max": 0.3073002555542653, "target": "112.xyz", "model": "20.xyz", "model_rescale": 4.121658175737393, "target_rescale": 4.289895276814295},
{"mapping": [2, 6, 0, 4, 8, 3, 5, 13, 7, 9, 1, 10, 14], "R": [[-0.14975790848756995, 0.578546572500184, -0.8017832826230028], [-0.40249688793666705, 0.7050199365137725, 0.5839033689913207], [0.9030884918139123, 0.41015942335438976, 0.12728088382340752]], "T": [0.0759481974846895, -0.05999639804554471, 0.06695643667731627], "aligned_model": [[0.040789192270573926, -0.0790688714777702, 0.41375782401113836, 0.5898115511529657, 0.5025909446629546, -0.24138129626662164, -0.47406250035045283, 0.2980270142578795, -0.6721218062968363, -0.19931412574047908, 0.10926711589596677, 0.553540494631668, 0.03924736791330798], [-0.5086876444447406, 0.09687552581298067, 0.5782356885083747, -0.3203689627803523, 0.10510790994117167, -0.7714805360705707, 0.3628127576802044, -0.4699844007163593, -0.19670789963875265, 0.08981318553486592, 0.5804713734538733, 0.08090498194379475, -0.0861650750613066], [0.6930083944679564, 0.6019438029845852, 0.38978516082756504, 0.5486617458776637, 0.0452551601748876, 0.06615209546199546, 0.01890689901273873, -0.35669464715428634, 0.0009546720128783409, -0.6829930949980401, -0.34940971638226714, -0.6229060772721418, 0.01744534446825414]], "inverted": true, "swapped": true, "error_lsq": 0.04900744880993725, "error_max": 0.24665913367725523, "target": "112.xyz", "model": "21.xyz", "model_rescale": 4.08911054899281, "target_rescale": 4.289895276814295},
{"mapping": [15, 14, 8, 6, 1, 9, 11, 10, 2, 12, 3, 7, 0, 4, 16], "R": [[-0.914013991875071, 0.23489910540256353, -0.33075796730792906], [-0.3653599424603948, -0.12226538366799178, 0.9228018684429806], [0.17632508358692117, 0.9642995313892848, 0.19757499502839715]], "T": [0.00720999946342336, 0.07198771856874911, -0.009171298952263644], "aligned_model": [[0.04919211390267801, 0.5365556884192471, -0.6852525928677358, -0.47195818218512686, -0.5220963372503405, 0.18003781787778186, -0.5184855650668034, -0.03241434053610799, 0.1349715960799407, 0.59350265493905, 0.812923458348754, 0.14439719001427237, -0.17363983526110938, 0.3099273622279723, 0.022828306102342974], [-0.6514594759746763, -0.20944718777440954, 0.07623796815862893, 0.6315622776179255, -0.32018657871344136, 0.04911055371104878, -0.4143084379849602, 0.6766638925068681, -0.44488995708478185, 0.37615324839120157, -0.11183214034782904, 0.7662767349414465, 0.43840590099001553, 0.0574676946193791, 0.09683034610509926], [-0.08897528800437743, -0.2381038676762561, -0.04437799803791744, 0.10413490172497405, 0.43358428117283765, -0.6999352181552904, -0.27945494960983486, -0.5420240418053863, 0.4784435820904034, -0.3388889943179356, 0.25787720775279827, 0.06110404880518983, 0.6489399766314928, 0.6188761141091589, 0.028306198125754294]], "inverted": true, "swapped": false, "error_lsq": 0.04844831764147159, "error_max": 0.3337258317715348, "target": "112.xyz", "model": "22.xyz", "model_rescale": 4.204369325754507, "target_rescale": 4.289895276814295},
{"mapping": [3, 14, 6, 8, 2, 12, 1, 4, 10, 13, 11, 7, 5, 9, 15], "R": [[-0.14426903699762011, -0.5274030469251522, -0.8372768186554823], [0.6187480273878524, -0.7083927020103105, 0.3396036783401692], [-0.7722288026015484, -0.46906908428567046, 0.42852872785845036]], "T": [0.03375375611527584, 0.1133617108710386, -0.0940216219849658], "aligned_model": [[-0.027402310148062353, 0.6322561305122467, -0.6489671002957111, -0.45405268334885784, -0.3767535148201737, 0.14414795780316939, -0.49383203218709826, -0.08346831736023719, 0.20161851576083484, 0.6884216091612655, 0.5110472503063653, 0.16313570766309612, -0.23024344235185865, 0.3299230589071771, 0.02465850514265911], [-0.6790800884609535, -0.36914247451824356, 0.106715707169635, 0.6072394713792321, -0.36699612836406315, -0.048108410843002186, -0.23454401022095825, 0.5941940654126325, -0.5546222962985219, 0.26093466201834503, -0.016518980789992393, 0.8041627845601665, 0.24375747631061054, 0.582300817248739, 0.08629224455788963], [-0.40016623667650997, -0.18742173440031057, 0.20951012009231604, 0.20664728367156046, 0.5026905446477922, -0.605763336365119, -0.2841117826778822, -0.6322820245153458, 0.28482244300927617, -0.12503890184307628, 0.42993937678911187, -0.05303703774932686, 0.683516201092343, 0.43644016320787715, -0.0662391254770951]], "inverted": true, "swapped": false, "error_lsq": 0.042729339742882184, "error_max": 0.27894403958588315, "target": "112.xyz", "model": "23.xyz", "model_rescale": 4.410303926677745, "target_rescale": 4.289895276814295},
{"mapping": [9, 10, 6, 12, 14, 4, 15, 2, 11, 3, 1, 0, 13, 7, 16], "R": [[0.5753924645227863, -0.5208615442682883, -0.6305765326055581], [-0.6339008342011025, 0.20317525834139208, -0.7462503244870686], [0.5168106463391993, 0.8291098034038451, -0.21326905478783498]], "T": [-0.01343636975208486, -0.012890773425610819, 0.030491591296205763], "aligned_model": [[-0.0530744924575587, 0.45239464461328244, -0.7504717336416777, -0.3774225931968457, -0.42076997728721854, 0.12274257924749661, -0.570931467962856, 0.20206844487951273, 0.24341410417282158, 0.6658087625437382, 0.7935519721734537, 0.1923330468218073, -0.4178796635985046, 0.2130549162042477, 0.08567079223311573], [-0.6256499465267865, -0.3836564637037573, 0.12379164904428078, 0.6918432852841804, -0.43955604901264145, 0.08974172931673241, -0.3688986826328222, 0.6574225691556397, -0.4267214027738194, 0.36826784726891404, 0.13740378836378905, 0.7137233919343559, 0.14619804425756536, 0.289856313467731, 0.04281876571815284], [-0.0935043708845577, -0.23279193504662782, 0.1569624477165496, 0.16102806290679778, 0.36243445504732263, -0.6364463640050072, -0.23741095607432933, -0.5501387978555606, 0.43483492420597364, -0.41961410824195655, 0.28052500958892096, 0.021738706786137065, 0.5830338919212029, 0.577279297308091, -0.008424310567345345]], "inverted": false, "swapped": false, "error_lsq": 0.04562843627402195, "error_max": 0.32791130093816734, "target": "112.xyz", "model": "24.xyz", "model_rescale": 4.28219845311461, "target_rescale": 4.289895276814295},
{"mapping": [5, 10, 3, 4, 9, 6, 1, 0, 11, 14, 12, 2, 7, 13, 15], "R": [[0.08487615058789866, -0.6757746435267085, -0.7322053470357415], [-0.5750178891170945, -0.6333588163372393, 0.5178909508412094], [-0.813726284604781, 0.3770745827210331, -0.44233956731119767]], "T": [0.011730974191004419, 0.05977058304306164, 0.05541408071170577], "aligned_model": [[-0.21849186274402468, 0.5547570426924829, -0.7436479065870804, -0.5020820288680344, -0.14923480965177718, 0.32065480057543316, -0.48302462634815324, -0.23236649625950992, 0.3625967125663817, 0.7551957579583752, 0.5739551847490191, 0.2902441166664317, -0.3513117557525717, 0.2151102991176944, -0.011865093369851445], [-0.7407255421857549, -0.31647518118044665, -0.06319679220081444, 0.5799613674097558, -0.33595555825891216, 0.23090305457909965, -0.12475168606507635, 0.5569502301414552, -0.3449155437922346, 0.16332224146040886, -0.07117528341308417, 0.6617852310726102, 0.29362434013773464, 0.4183877341954107, 0.10884622726136325], [-0.12202345692162377, -0.38420692954550884, 0.17511001197047577, 0.06221987038869785, 0.5792122492852496, -0.7737281758637218, -0.306588442463192, -0.5435708902738635, 0.15339083116783325, -0.07374393967952873, 0.5565897159469899, -0.11425859656498578, 0.7027612845197134, 0.48313717574953696, 0.005205245089538298]], "inverted": true, "swapped": false, "error_lsq": 0.05085991255297361, "error_max": 0.3237631550679995, "target": "112.xyz", "model": "25.xyz", "model_rescale": 4.100010024507729, "target_rescale": 4.289895276814295},
{"mapping": [10, 9, 7, 3, 0, 6, 5, 2, 13, 4, 8, 14], "R": [[0.7284616702521595, -0.6835334645147422, 0.046104206553284635], [0.6740953663856544, 0.727156001567654, 0.12976743197556345], [-0.1222253328521737, -0.06345196823279613, 0.9904720166347759]], "T": [-0.03381738471584486, 0.07292905553300491, -0.03023025394921893], "aligned_model": [[-0.6623378282735243, -0.2843571152079378, 0.4482557159271572, 0.6700365517110554, -0.5704989422914596, 0.13785815545075933, -0.07074037511534143, 0.5609402706220342, -0.009745806466918961, 0.06739997351507067, -0.39669937134193767, -0.013345626165950385], [-0.4164863162082352, -0.6315424656036526, -0.19273497918465884, -0.2218794616682229, 0.6463267823610959, 0.5833172720229475, 0.04399485080968464, 0.5012415770366259, -0.4004368252298476, 0.5460727168333409, 0.1972689973101766, 0.010989241571385193], [-0.32904881974313993, 0.2884957684152771, 0.4986205231688217, -0.18702919397254536, 0.06390729352242525, 0.18162335505920688, 0.6635907694749695, -0.26963108819296727, -0.445241947851078, -0.6044946057817695, -0.28045146467799414, -0.01514829956684952]], "inverted": true, "swapped": true, "error_lsq": 0.05544423130045369, "error_max": 0.3321808919607979, "target": "112.xyz", "model": "26.xyz", "model_rescale": 3.6694154284099745, "target_rescale": 4.289895276814295},
