[{"mapping": [9, 9, 6, 3, 8, 1, 7, 10, 5, 0, 4, 11], "R": [[-0.16817726224064622, 0.8869558515045946, -0.4301461681184673], [0.23089965111189759, -0.38877685563273456, -0.8919293176259699], [-0.9583328021004214, -0.24932283089617707, -0.13941436946122665]], "T": [0.07892204077119372, 0.14283243093911263, -0.059685191452988104], "aligned_model": [[0.18830864499380412, 0.18830864499380412, -0.43679875469925555, 0.7168038959025458, 0.12364118126683504, -0.5430613804143966, -0.681660650409149, 0.16714728369471532, -0.3125881527057882, 0.0465488286035243, 0.7587449610838125, 0.05997531449510365], [-0.37759061486609397, -0.37759061486609397, -0.1557858776852441, -0.11250352720893236, 0.2346658165979612, 0.4807987324014739, -0.31052732393118815, -0.36710061255414056, 0.21833109440504522, 0.6294849097936351, 0.5665811454837368, 0.18205980422564913], [-0.35388044743010794, -0.35388044743010794, -0.4720123119879006, -0.10376242092274716, -0.6863193099328029, -0.08789799643717697, 0.27584753781022514, 0.380707750849291, 0.6681238856739622, 0.32098886067060634, 0.04339870972919378, -0.005514252412207342]], "inverted": false, "swapped": false, "error_lsq": 0.06404332935291579, "error_max": 0.4085281241947997, "target": "117.xyz", "model": "0.xyz", "model_rescale": 3.751011558992144, "target_rescale": 3.9067262798799516},
{"mapping": [11, 9, 12, 10, 6, 7, 3, 5, 2, 1, 4, 14], "R": [[0.45873596059073474, 0.5610635214098025, -0.6890348637072932], [-0.11409880308276255, 0.8062144508411792, 0.5805167718420692], [0.8812166485013642, -0.1876858657387075, 0.4338562367950184]], "T": [0.031088971681271654, 0.07998564122800696, 0.08170247181538486], "aligned_model": [[0.11068165561669428, 0.21507546938933664, -0.47009396735996334, 0.774525787381626, 0.12124633596725216, -0.40234010812318993, -0.7075742421133221, 0.2513392588635861, -0.29490790745117135, -0.027687223287755653, 0.6893636737836908, 0.015741084138772288], [-0.1730756473675673, -0.5403011077072074, -0.26602578486661876, -0.13178464410570612, 0.45841324188741034, 0.38203809621553814, -0.05472444745938186, -0.3378483510033658, -0.05320722746568772, 0.7725606611096635, 0.5153274861241814, 0.03945065643455012], [-0.6708637895895356, -0.043129171171464836, -0.3438170444270128, -0.19199224029987677, -0.5604734744752815, -0.31902258481709883, 0.22183004977651677, 0.4903473211989558, 0.8298493801917811, 0.030999906034922406, 0.13391228472612826, 0.048158921032193984]], "inverted": true, "swapped": false, "error_lsq": 0.04747722266436095, "error_max": 0.26428574621367934, "target": "117.xyz", "model": "1.xyz", "model_rescale": 3.9405287249114394, "target_rescale": 3.9067262798799516},
{"mapping": [5, 0, 2, 11, 8, 4, 1, 6, 7, 3, 10, 12], "R": [[-0.4628437127120206, -0.3523495237843878, 0.81340365790416], [0.5154223629967213, -0.8535200988421521, -0.07644101383000752], [0.7211903253135256, 0.38386619278258716, 0.576655235572151]], "T": [0.019335168786421573, 0.06066864532456992, -0.03692391647892249], "aligned_model": [[0.2611883526201566, 0.01290866574418855, -0.28326283451254697, 0.6943826919602076, 0.040754286567604374, -0.4945950030964719, -0.7017437364072387, 0.2472376887654236, -0.21362900000569868, 0.13955232108488747, 0.6116345379763561, -0.03905815389131181], [-0.4006420677531424, -0.7733185945207901, -0.26013493145041866, -0.15379863447604872, 0.7233499981028986, 0.5367680917956353, -0.25337623956706135, -0.20796775715747237, 0.19513169198411692, 0.4977576504071154, 0.6560786466089272, 0.050975077822048506], [-0.5436543614355751, 0.04883138720338678, -0.5562399484377503, -0.11392337354871349, -0.4382771476645237, -0.006910296551045116, 0.056067239640248755, 0.37690046419257744, 0.7091037226191006, 0.3113586074841516, -0.11538095529723272, -0.10207578002439699]], "inverted": false, "swapped": false, "error_lsq": 0.06658197512213854, "error_max": 0.37070607005694567, "target": "117.xyz", "model": "2.xyz", "model_rescale": 3.932901565614263, "target_rescale": 3.9067262798799516},
{"mapping": [12, 6, 5, 10, 9, 7, 4, 1, 0, 8, 11, 13], "R": [[-0.8535074910606804, -0.4369049575010924, -0.28397010549399604], [0.5206119842053032, -0.7380941095111295, -0.4291622623283527], [-0.02209354215873091, -0.5141314458540164, 0.8574268084092886]], "T": [0.015806721145731575, 0.11424791318394212, 0.09854061015514894], "aligned_model": [[0.2695390268614536, 0.05135177709434524, -0.30099498948429826, 0.6241926505955164, -0.08153159814521056, -0.5816467148364358, -0.7442629616602328, 0.3407358998533812, -0.3081156655708219, 0.14353434726584996, 0.819208294210084, 0.04335975062192478], [-0.16680865269136097, -0.5224318287069758, -0.1626688724188728, -0.21448129446264363, 0.4189424074391423, 0.44406343466016485, -0.3085574425251499, -0.2603490227210381, 0.0014917741336050172, 0.8255042715564367, 0.5043862575145859, 0.051731900017915056], [-0.5646011046947765, -0.14654654973920866, -0.4843431309527656, -0.08840619829260594, -0.5628816877431209, -0.11125372001993404, 0.1807361878994787, 0.6488739503655397, 0.6741365358124797, -0.030249031246346245, 0.10537310955847025, 0.004961197233017231]], "inverted": true, "swapped": false, "error_lsq": 0.04552737720392969, "error_max": 0.21203638187179535, "target": "117.xyz", "model": "3.xyz", "model_rescale": 3.9243930471874484, "target_rescale": 3.9067262798799516},
{"mapping": [8, 7, 4, 9, 10, 3, 2, 1, 0, 6, 11, 12], "R": [[0.790324616042424, -0.5716788991220201, -0.22038656396439069], [0.233677709111278, 0.6137666527812133, -0.7541122092886776], [0.5663759613030024, 0.5444940148728734, 0.6186635096930472]], "T": [0.11083734108927781, 0.10722506808459015, -0.06040000244827458], "aligned_model": [[0.3092496633027797, -0.1656232950282561, -0.3208382269313256, 0.7858757901339292, 0.10299618463973029, -0.49008469010664135, -0.6834204579825012, 0.24893211226281892, -0.359179547644387, 0.020748274275048967, 0.7248081506673048, 0.10190585921705468], [-0.24484233549745227, -0.645423606549862, -0.1424973868672958, -0.08909380781011633, 0.47202897363122026, 0.40742384408588206, -0.2933779590719627, -0.36830236570715774, 0.004624679664602005, 0.7867102246038691, 0.6052829083040815, 0.11828976301000013], [-0.5431188260351243, -0.05752804132952431, -0.382366101450901, -0.11930147149366516, -0.66371115457657, -0.018845487947791312, 0.18431667773564286, 0.45434633689611237, 0.6409413110088646, 0.1669772102341378, -0.09375137677551464, 0.057840481914560635]], "inverted": true, "swapped": false, "error_lsq": 0.050670207859344674, "error_max": 0.3259177830819462, "target": "117.xyz", "model": "4.xyz", "model_rescale": 3.8936222436046832, "target_rescale": 3.9067262798799516},
{"mapping": [0, 9, 3, 1, 2, 10, 8, 6, 7, 4, 5, 11], "R": [[0.8057951606315602, 0.5827336587682226, -0.10543074523761548], [0.5905348240448218, -0.7773809080867483, 0.21667382244418443], [0.04430328083911568, -0.23685524414887543, -0.9705342923493571]], "T": [-0.0550848279828159, 0.017619846962352838, 0.002552610641564538], "aligned_model": [[0.15827956414991884, 0.010573496859614562, -0.3887115914729236, 0.6939458440762556, 0.005995507969736774, -0.49826766156939883, -0.6858271314819397, 0.4047892943701288, -0.22406698189886975, 0.18108858323107424, 0.5376136861313447, 0.07995720644061428], [-0.35685145322649675, -0.5967925754296256, -0.14936392139180335, -0.06223803046048502, 0.4328026071174416, 0.4666695988106724, -0.3393019249818074, -0.24658603127599435, 0.1898525181737523, 0.7745885722167297, 0.38463702958788426, 0.11340654265554051], [-0.7700826140807633, -0.012357232099540188, -0.43458768275467446, -0.27255562058626126, -0.6147406204520931, -0.03500662076955874, 0.14619738645914757, 0.596959603872741, 0.603824983209382, -0.04040164094322221, 0.4162888987180961, 0.04226071760697446]], "inverted": true, "swapped": false, "error_lsq": 0.05349039688035862, "error_max": 0.4112479497297733, "target": "117.xyz", "model": "5.xyz", "model_rescale": 3.6523030999806103, "target_rescale": 3.9067262798799516},
{"mapping": [10, 8, 6, 9, 10, 2, 1, 5, 3, 4, 11, 12], "R": [[0.08938094166538862, -0.36379396750495574, -0.9271812101601347], [0.9371354683541251, 0.34599769738111674, -0.04541703820880488], [0.33732500829274903, -0.8648349799898063, 0.37184983012814243]], "T": [0.02416608186425187, -0.019660263262131557, 0.07667668073335315], "aligned_model": [[0.16882257171078463, 0.1480747474420388, -0.2869383546620916, 0.6725537961666774, 0.16882257171078463, -0.5923186138948254, -0.6244650471101508, 0.06382864292952747, -0.10506326832307805, -0.032004475868610674, 0.6596450808111904, 0.03441216589330859], [0.25473744842913654, -0.6577188675300935, -0.2660259146038538, -0.15179931547960054, 0.25473744842913654, 0.39422630380689444, -0.17485896620225042, -0.5196455068085353, 0.37199356812825574, 0.5410632346206472, 0.5855480714827088, -0.021434572476637354], [-0.6391818509828435, -0.1000461609732114, -0.4382431746662078, -0.21452001911296553, -0.6391818509828435, -0.08098169584008716, 0.2704958932086368, 0.5374859335401203, 0.6357363862705794, -0.030866935037170654, 0.1434473074621238, 0.18165572529409685]], "inverted": false, "swapped": false, "error_lsq": 0.05938103787269484, "error_max": 0.4237987903504478, "target": "117.xyz", "model": "6.xyz", "model_rescale": 4.08911054899281, "target_rescale": 3.9067262798799516},
{"mapping": [2, 0, 1, 7, 13, 11, 9, 3, 8, 12, 5, 14], "R": [[-0.22371414361346392, -0.6723784226060139, 0.7055914106344714], [-0.00117411401951939, -0.7237533679636639, -0.6900577394809239], [0.9746540942321864, -0.15520412099909608, 0.16112441596894728]], "T": [0.07286872581889216, 0.1334436777045081, 0.05382605050783083], "aligned_model": [[0.28760705883848203, 0.007930778413738751, -0.389174500969008, 0.7502309726910273, 0.034176823996279346, -0.3989369674444699, -0.6064925780465479, 0.09758457632635832, -0.19511022298652364, 0.12185633558922977, 0.6527635034353184, -0.08706596303832868], [-0.30761488560492184, -0.7987450039051249, -0.20607753331825446, 0.16861241869585014, 0.414358343361621, 0.47053039013111303, -0.20072694322467638, -0.5178125746061122, 0.1326467639129459, 0.808968591107627, 0.5548211720601146, 0.0918621931856265], [-0.5860913936634027, -0.053241722279260745, -0.4035441088821942, -0.3193126779925317, -0.621069800497141, -0.03729474331475581, 0.25718662393798936, 0.5029428023951232, 0.6809907985689261, -0.16813841392712048, 0.31202032567115523, 0.061351868163440265]], "inverted": true, "swapped": false, "error_lsq": 0.054670940534715634, "error_max": 0.3470272232839141, "target": "117.xyz", "model": "7.xyz", "model_rescale": 3.964800864290218, "target_rescale": 3.9067262798799516},
{"mapping": [4, 6, 11, 2, 12, 9, 10, 3, 5, 7, 1, 13], "R": [[0.27098398223743686, -0.041722015074406704, -0.9616792369750278], [0.7737627543274447, -0.5848459932983883, 0.2434057602819375], [-0.5725896273827766, -0.8100706374020432, -0.12620095495954248]], "T": [0.10747613742420092, 0.03430106193790325, 0.020640398135230675], "aligned_model": [[0.2566311754449949, 0.09547708048572104, -0.42537223334490915, 0.7021555845654754, -0.0947158708963117, -0.4979919504988789, -0.6421653147752527, 0.1777070231753414, -0.2682326357341853, 0.353503968928757, 0.566718636559483, 0.051654352895320624], [-0.26320106782084574, -0.5290442443705815, -0.30247872342161686, 0.06549038584941488, 0.4403305034711431, 0.30554922985046273, -0.0849524979487579, -0.48149675875994336, 0.19688286724922285, 0.6763383235730116, 0.5064277965741054, 0.08097711755019324], [-0.5993101260486482, -0.11721427777866485, -0.5176767151312719, -0.26917386820751316, -0.5834567974120525, -0.16290674212978112, 0.3352040556131478, 0.5255987395381321, 0.7496676934554491, -0.16405293081568195, 0.38024096070727725, 0.048879566389835136]], "inverted": false, "swapped": false, "error_lsq": 0.054957115590174827, "error_max": 0.3368388127878596, "target": "117.xyz", "model": "8.xyz", "model_rescale": 4.121658175737393, "target_rescale": 3.9067262798799516},
{"mapping": [8, 1, 6, 2, 8, 7, 9, 0, 5, 11, 3, 12], "R": [[-0.15131271311531597, -0.6063355607724205, 0.7806802486245421], [-0.4268008990355453, -0.6722872585501393, -0.6048725771380191], [0.8915971374068743, -0.42471994270805447, -0.157058953370811]], "T": [-0.005004621655036592, 0.07182507873301823, 0.08396173879640097], "aligned_model": [[0.039546834738340905, 0.23012894696513803, -0.2863076400879024, 0.5964806491494555, 0.039546834738340905, -0.5086780820446362, -0.7856288543695412, 0.3758205943201788, -0.27137790987791716, 0.1168513908009674, 0.7087061519235971, 0.020280900549534124], [0.22659379508751126, -0.5745288453654527, -0.2970772903951481, -0.12420379793838444, 0.22659379508751126, 0.5019127380538967, -0.2127253730639011, -0.32713015380775295, 0.12436809583644508, 0.6812551925568014, 0.39805882043540597, -0.012294044691124453], [-0.6264009501861434, 0.04071216742302672, -0.4307825705127532, -0.20262960680754544, -0.6264009501861434, -0.04467947121135511, 0.030607594477451774, 0.6448816265059099, 0.6389413861266213, -0.04556865588591659, 0.16686209417965756, 0.08025689425741778]], "inverted": true, "swapped": false, "error_lsq": 0.05836716688983356, "error_max": 0.408462927917748, "target": "117.xyz", "model": "9.xyz", "model_rescale": 3.833441315466971, "target_rescale": 3.9067262798799516},
{"mapping": [1, 12, 0, 6, 5, 13, 10, 7, 8, 2, 3, 14], "R": [[-0.402007361352076, 0.539669038495661, -0.7396941329413868], [-0.8568072448584055, 0.06318078896205209, 0.5117514367974756], [0.32291086475510444, 0.839503136858524, 0.43699319975007517]], "T": [0.095001203677709, -0.02279421523109402, 0.011594588591790928], "aligned_model": [[0.06843795841738312, 0.10969377147794893, -0.4040672199858636, 0.6227290362884204, 0.0833000758082908, -0.44270449086615493, -0.6370330320335886, 0.4466780447559483, -0.36272223577597484, -0.003458496066897715, 0.669651274315823, 0.12486513047022128], [-0.2951897461783454, -0.612451530672022, -0.0793185066526956, -0.3131438390676442, 0.42793751422262394, 0.49872188859780053, -0.3277333861779107, -0.07847440562870936, 0.10996130470564905, 0.6842173132356395, 0.5525674473093704, 0.043728878102051595], [-0.6744841252851446, -0.11132178993119544, -0.44836049039409104, -0.30214096672652196, -0.4925276120076812, -0.2614989501763114, 0.22814048046858015, 0.5747438517790316, 0.6283802785017909, 0.0958005329720396, 0.3166488515384267, 0.07241949744130412]], "inverted": false, "swapped": false, "error_lsq": 0.05557516093290334, "error_max": 0.3812708714501584, "target": "117.xyz", "model": "10.xyz", "model_rescale": 4.2482417240324, "target_rescale": 3.9067262798799516},
{"mapping": [2, 0, 6, 1, 2, 5, 4, 10, 9, 7, 3, 11], "R": [[-0.2837430667104442, 0.8938616218514852, 0.34713293285827074], [-0.9403310372480642, -0.3302740249744908, 0.08183281013828698], [0.18779619932717462, -0.30320037831140934, 0.9342387907329079]], "T": [0.09370709870481, 0.018170854048326752, 0.0015075410385233627], "aligned_model": [[0.22075438518081342, 0.17748539405297525, -0.3123684626822639, 0.6456898028374561, 0.22075438518081342, -0.5837731308585886, -0.7098520334548666, 0.11650281611593011, -0.2322473252243675, 0.044364277243487765, 0.6937395754650618, -0.005679867050895793], [0.3157656828363832, -0.7328550359306013, -0.20372214771650388, -0.3170209771867492, 0.3157656828363832, 0.33603677698622536, -0.28896967541567586, -0.28016495712537987, 0.22818765699336524, 0.6553666597678882, 0.5598995629043264, 0.022533702846146843], [-0.664115168356498, 0.0542406970579255, -0.45274819349318496, -0.28503754157482325, -0.664115168356498, -0.06305222899740827, 0.16212197536995393, 0.5720147378148052, 0.7288022255651248, 0.22534461982348847, -0.06603991846895697, 0.07838352179629922]], "inverted": true, "swapped": false, "error_lsq": 0.06365801132956479, "error_max": 0.4908504313076906, "target": "117.xyz", "model": "11.xyz", "model_rescale": 3.6694154284099745, "target_rescale": 3.9067262798799516},
{"mapping": [10, 8, 2, 7, 12, 1, 3, 11, 4, 0, 5, 13], "R": [[-0.376844935915424, -0.6163052841867482, 0.6914880266196888], [-0.4518688163283485, -0.5293507443549301, -0.7180545677599292], [0.8085805260485299, -0.5830571036651323, -0.0790059919291568]], "T": [0.15389886588979695, 0.038114892703283325, -0.008357622795617518], "aligned_model": [[0.30920628619313584, -0.1864397505901345, -0.3383717737117197, 0.8565468943356729, 0.12091068126665258, -0.615928839076947, -0.643432548258659, 0.27485233243160184, -0.29448478087921814, -0.006289526809327983, 0.7105706807235571, 0.08823016118094185], [-0.20856752183247054, -0.6375940372357225, -0.13374262875492676, -0.07565840582511568, 0.4229590420601426, 0.3683598342037581, -0.21481995773876383, -0.44442674171927804, 0.10179683891208319, 0.6849118662701777, 0.6150483059423983, 0.1325563375135254], [-0.5727654353442878, -0.02195613169548154, -0.4013565834772857, -0.22168062467922925, -0.5674419282876905, -0.12991862550843533, 0.19544492391860638, 0.5371260881320306, 0.5769417576819897, 0.24996624031933984, -0.051195920318208174, 0.03263579743887964]], "inverted": false, "swapped": false, "error_lsq": 0.05216556063961456, "error_max": 0.300712093382291, "target": "117.xyz", "model": "12.xyz", "model_rescale": 3.9764082729961374, "target_rescale": 3.9067262798799516},
{"mapping": [0, 5, 9, 4, 2, 1, 12, 6, 13, 8, 3, 15], "R": [[-0.1677216703174998, 0.9734601157595393, -0.15570756028957827], [-0.9060274797854733, -0.08995523464822347, 0.4135483788300555], [0.38856614260572414, 0.2104363532871823, 0.897069057562293]], "T": [0.011235019696780616, 0.09223513829082237, 0.06344482465478914], "aligned_model": [[0.1764781084984356, 0.008714324902689473, -0.2913488504104744, 0.5844782168400606, -0.01960942614902826, -0.4785584864461496, -0.5999518746738379, 0.3285802477496328, -0.1925302576873283, 0.031879688864893146, 0.6090869883567182, 0.11815113695994453], [-0.12107315231391279, -0.7267096904862871, -0.24140534571713684, -0.2947429949513756, 0.5133738050604705, 0.35549953909573434, -0.03751790397228459, -0.381785383078306, -0.007045295175808777, 0.7933358610932102, 0.6618529877284975, 0.09704050451300761], [-0.6105746322341314, -0.11585079534666008, -0.33483416738404886, -0.13021436851858514, -0.6132754701628464, -0.24333971679089994, 0.1931686201640741, 0.5716331335052138, 0.6318668979860014, -0.024215946328916285, 0.22639259691647629, 0.0750434063745501]], "inverted": false, "swapped": false, "error_lsq": 0.04202234216801384, "error_max": 0.2308517915033434, "target": "117.xyz", "model": "13.xyz", "model_rescale": 4.170626492500431, "target_rescale": 3.9067262798799516},
{"mapping": [1, 0, 7, 3, 9, 10, 8, 2, 4, 11, 6, 13], "R": [[-0.9100552972519865, -0.1969718912932129, -0.36469361110934373], [-0.41355672581412306, 0.49041702467707365, 0.7671127534077301], [0.027752305805117478, 0.8489365205639708, -0.5277656616105656]], "T": [0.012601771931251013, 0.07025287239697643, 0.052060539848261034], "aligned_model": [[0.1549515827963895, -0.00559313017210091, -0.5467137150228124, 0.6632885364273546, 0.029879082408524084, -0.4073972945541109, -0.6947609402182866, 0.3959224170526078, -0.22149740109424546, 0.2516913106290456, 0.6048364409999648, 0.05076292755322538], [-0.2854086665790369, -0.5182848302408858, -0.33378752662305367, 0.11453346058303895, 0.39428817190004944, 0.3214972225230605, -0.06704435336225407, -0.33006737831969823, -0.05713217630289917, 0.7085182695569789, 0.5007486815100847, 0.16296205715042322], [-0.6143146329599845, -0.04359888017443789, -0.3737884297429332, -0.1718134614323071, -0.6902393036668135, -0.22866239412040396, 0.2319042443924927, 0.40666052169573663, 0.709353288286527, -0.13532442861133942, 0.4660903964035687, 0.06953263811012214]], "inverted": false, "swapped": false, "error_lsq": 0.059162958889126815, "error_max": 0.3350978328661296, "target": "117.xyz", "model": "14.xyz", "model_rescale": 3.9786697098870705, "target_rescale": 3.9067262798799516},
{"mapping": [0, 4, 2, 1, 3, 8, 5, 10, 7, 9, 6, 11], "R": [[-0.8940829105518464, -0.42868408725566787, -0.12979099503784686], [0.23243109964581876, -0.6917673248736698, 0.683691269619967], [-0.3828727373117272, 0.5811092165599353, 0.7181368570492144]], "T": [0.05580719457111606, 0.061758796976124165, 0.0038771639666563516], "aligned_model": [[0.3206920430616351, -0.057196615673627396, -0.47925993172388826, 0.6851325555103713, -0.2372488920263296, -0.43027310888887366, -0.6635899306365627, 0.2900731714317385, -0.05975813011653107, 0.16805045852967213, 0.6146318495684178, 0.12411634776953359], [-0.05495350155834507, -0.5375162736857781, -0.24111965947428574, -0.1765719314232134, 0.5462345284694602, 0.2419441283135916, -0.20460448286645874, -0.47528224189817814, 0.22270879909713487, 0.6342852154412152, 0.5212003735984834, 0.13449797778218223], [-0.6285940547379573, -0.05102510050840578, -0.6091605406190048, 0.09230875035782887, -0.7203815108207742, -0.05517629470467035, 0.24089608119559175, 0.5946625422109351, 0.6344449699461417, -0.21298504552289463, 0.326342872906109, 0.014466888477328316]], "inverted": false, "swapped": false, "error_lsq": 0.060253812412588294, "error_max": 0.291036826598287, "target": "117.xyz", "model": "15.xyz", "model_rescale": 3.769337070930944, "target_rescale": 3.9067262798799516},
{"mapping": [5, 8, 4, 9, 2, 1, 0, 7, 3, 10, 11], "R": [[0.14415419813874925, -0.9081243771601986, -0.3931026364276587], [0.2585607318096286, 0.4180179399395624, -0.8708658621479854], [0.9551784729175192, 0.023898064693323562, 0.29506434447230345]], "T": [0.026391750740196028, -0.04569346593618941, -0.09993164347739723], "aligned_model": [[-0.35661978905787506, -0.3916576623344552, -0.13459010228328702, -0.5652130006871845, 0.3649780943916948, 0.6828600899172529, 0.45118809517226216, 0.16970116478146383, 0.31381521649106175, -0.5608095732158557, -0.051026402483907475], [0.056396380638399086, -0.6227007267517812, 0.738448058427492, 0.2057574048650843, 0.11354768167193571, -0.2276753308596775, 0.477770649173502, -0.61503925809174, 0.22059870272566393, 0.23698134878733026, 0.01197958703913362], [-0.5863616282194316, -0.11171416601066118, -0.24822457281378574, 0.02021074001026006, -0.5783526454296123, -0.03827705775028484, -0.1558187376625792, 0.2339586654622915, 0.490185316273264, 0.7092627654962387, 0.009348927868077644]], "inverted": false, "swapped": true, "error_lsq": 0.061862463028735507, "error_max": 0.4300509367955323, "target": "117.xyz", "model": "16.xyz", "model_rescale": 3.7852294659196426, "target_rescale": 3.9067262798799516},
{"mapping": [9, 0, 8, 10, 11, 2, 3, 4, 1, 7, 6, 12], "R": [[0.39646329921358703, -0.9079492110450326, 0.135812674443076], [-0.04754943726264288, -0.16804582681372937, -0.9846317337494745], [0.9168183589963085, 0.3839125294298081, -0.10979647696589803]], "T": [-0.021487837618776415, 0.045292800275787665, 0.03119921712367579], "aligned_model": [[0.25415688633525046, -0.03345206670660636, -0.30898485702060824, 0.7517437571908346, 0.03616405270318412, -0.4941368775695087, -0.7023475632800372, 0.2901280104103617, -0.3380484195464936, 0.07875591239475306, 0.701747199438067, 0.03964378245635922], [-0.34713390934894106, -0.6364177160684984, -0.10593319223316519, -0.08397913454767045, 0.506037602248411, 0.4327378513859439, -0.3201579530507206, -0.35513262850632077, 0.19336649794636815, 0.7299492904603615, 0.558911559891222, 0.03857466361881796], [-0.6880247043647981, 0.001622454848838998, -0.5333201131717662, -0.15496399872286348, -0.5365353700125902, 0.007194250259118188, 0.21927141610086792, 0.5255085578520702, 0.6245943066507261, 0.1435543959441776, 0.05400462978106875, -0.03710626698462226]], "inverted": true, "swapped": false, "error_lsq": 0.04319974029877876, "error_max": 0.21602616595744023, "target": "117.xyz", "model": "17.xyz", "model_rescale": 3.901054581598922, "target_rescale": 3.9067262798799516},
{"mapping": [11, 9, 12, 10, 6, 7, 3, 5, 2, 1, 4, 14], "R": [[0.45873596059073474, 0.5610635214098025, -0.6890348637072932], [-0.11409880308276255, 0.8062144508411792, 0.5805167718420692], [0.8812166485013642, -0.1876858657387075, 0.4338562367950184]], "T": [0.031088971681271654, 0.07998564122800696, 0.08170247181538486], "aligned_model": [[0.11068165561669428, 0.21507546938933664, -0.47009396735996334, 0.774525787381626, 0.12124633596725216, -0.40234010812318993, -0.7075742421133221, 0.2513392588635861, -0.29490790745117135, -0.027687223287755653, 0.6893636737836908, 0.015741084138772288], [-0.1730756473675673, -0.5403011077072074, -0.26602578486661876, -0.13178464410570612, 0.45841324188741034, 0.38203809621553814, -0.05472444745938186, -0.3378483510033658, -0.05320722746568772, 0.7725606611096635, 0.5153274861241814, 0.03945065643455012], [-0.6708637895895356, -0.043129171171464836, -0.3438170444270128, -0.19199224029987677, -0.5604734744752815, -0.31902258481709883, 0.22183004977651677, 0.4903473211989558, 0.8298493801917811, 0.030999906034922406, 0.13391228472612826, 0.048158921032193984]], "inverted": true, "swapped": false, "error_lsq": 0.04747722266436095, "error_max": 0.26428574621367934, "target": "117.xyz", "model": "18.xyz", "model_rescale": 3.9405287249114394, "target_rescale": 3.9067262798799516},
{"mapping": [6, 5, 8, 2, 0, 4, 7, 11, 13, 12, 3, 15], "R": [[-0.760698621854498, 0.6453760435464209, -0.0694792711895876], [0.5863016482835413, 0.637217722712634, -0.5002039095018429], [-0.27854619711758877, -0.4212402358242782, -0.8631156815827391]], "T": [0.03281491179413625, 0.13890341854271057, 0.07631799314283241], "aligned_model": [[0.23425710939582955, 0.1524971353948982, -0.27631289353967553, 0.7127700487317962, -0.17255531483176093, -0.5416810085577812, -0.6363159955762971, 0.2076544241559084, -0.22840210048520015, 0.03694846951974261, 0.7192884188435, 0.06722152375459557], [-0.15133255141191002, -0.6454254241910394, -0.27831158702834713, -0.31259662330349713, 0.3147757672976546, 0.5347903236678149, -0.0794980428624372, -0.33455550325773276, 0.12951012109804813, 0.674786907277991, 0.6396000812711834, 0.11907946323807986], [-0.5820645539846876, -0.1722118331734098, -0.4738127137185466, -0.22223519638628234, -0.5557945323737866, -0.1425267565441284, 0.09010854784738108, 0.5905951520605466, 0.6951938157687775, 0.19011984906278973, 0.13535671709484948, 0.07307106252672399]], "inverted": true, "swapped": false, "error_lsq": 0.043073958052175794, "error_max": 0.28299856459775796, "target": "117.xyz", "model": "19.xyz", "model_rescale": 4.410303926677745, "target_rescale": 3.9067262798799516},
{"mapping": [4, 6, 11, 2, 12, 9, 10, 3, 5, 7, 1, 13], "R": [[0.27098398223743686, -0.041722015074406704, -0.9616792369750278], [0.7737627543274447, -0.5848459932983883, 0.2434057602819375], [-0.5725896273827766, -0.8100706374020432, -0.12620095495954248]], "T": [0.10747613742420092, 0.03430106193790325, 0.020640398135230675], "aligned_model": [[0.2566311754449949, 0.09547708048572104, -0.42537223334490915, 0.7021555845654754, -0.0947158708963117, -0.4979919504988789, -0.6421653147752527, 0.1777070231753414, -0.2682326357341853, 0.353503968928757, 0.566718636559483, 0.051654352895320624], [-0.26320106782084574, -0.5290442443705815, -0.30247872342161686, 0.06549038584941488, 0.4403305034711431, 0.30554922985046273, -0.0849524979487579, -0.48149675875994336, 0.19688286724922285, 0.6763383235730116, 0.5064277965741054, 0.08097711755019324], [-0.5993101260486482, -0.11721427777866485, -0.5176767151312719, -0.26917386820751316, -0.5834567974120525, -0.16290674212978112, 0.3352040556131478, 0.5255987395381321, 0.7496676934554491, -0.16405293081568195, 0.38024096070727725, 0.048879566389835136]], "inverted": false, "swapped": false, "error_lsq": 0.054957115590174827, "error_max": 0.3368388127878596, "target": "117.xyz", "model": "20.xyz", "model_rescale": 4.121658175737393, "target_rescale": 3.9067262798799516},
{"mapping": [10, 8, 6, 9, 10, 2, 1, 5, 3, 4, 11, 12], "R": [[0.08938094166538862, -0.36379396750495574, -0.9271812101601347], [0.9371354683541251, 0.34599769738111674, -0.04541703820880488], [0.33732500829274903, -0.8648349799898063, 0.37184983012814243]], "T": [0.02416608186425187, -0.019660263262131557, 0.07667668073335315], "aligned_model": [[0.16882257171078463, 0.1480747474420388, -0.2869383546620916, 0.6725537961666774, 0.16882257171078463, -0.5923186138948254, -0.6244650471101508, 0.06382864292952747, -0.10506326832307805, -0.032004475868610674, 0.6596450808111904, 0.03441216589330859], [0.25473744842913654, -0.6577188675300935, -0.2660259146038538, -0.15179931547960054, 0.25473744842913654, 0.39422630380689444, -0.17485896620225042, -0.5196455068085353, 0.37199356812825574, 0.5410632346206472, 0.5855480714827088, -0.021434572476637354], [-0.6391818509828435, -0.1000461609732114, -0.4382431746662078, -0.21452001911296553, -0.6391818509828435, -0.08098169584008716, 0.2704958932086368, 0.5374859335401203, 0.6357363862705794, -0.030866935037170654, 0.1434473074621238, 0.18165572529409685]], "inverted": false, "swapped": false, "error_lsq": 0.05938103787269484, "error_max": 0.4237987903504478, "target": "117.xyz", "model": "21.xyz", "model_rescale": 4.08911054899281, "target_rescale": 3.9067262798799516},
{"mapping": [8, 11, 5, 1, 6, 10, 9, 15, 14, 13, 4, 16], "R": [[-0.48247803871282985, -0.8704583887611925, 0.09755580759283428], [0.6714917351411811, -0.439092394090918, -0.5969059549783298], [0.5624178089258083, -0.22248609594034172, 0.7963580509521568]], "T": [0.07061395907951973, 0.14902069641235394, 0.021697542784004712], "aligned_model": [[0.17859987485606413, 0.11459102372399996, -0.4448823492273737, 0.7256760921444269, 0.062478709015836735, -0.6290015820590811, -0.5814262678602242, 0.2594521696737643, -0.13983348668535597, 0.054936214898668484, 0.5826912353836259, 0.0920881829412041], [-0.22242353304892504, -0.5994388431912355, -0.2137926809535894, -0.22985171119418313, 0.3635037968905287, 0.35202524820186964, -0.07034546836385272, -0.4000665706650448, 0.11821099261754303, 0.760448755991436, 0.5611229543233305, 0.19142999118793091], [-0.5537416325020466, -0.13246913850636172, -0.2950974434049338, -0.21777621745899, -0.6920916038601841, -0.32537976238736116, 0.20681815148618032, 0.4625493560355898, 0.6271603580502928, 0.2719771910277168, 0.2545940390766759, 0.019256260623649466]], "inverted": false, "swapped": false, "error_lsq": 0.04820421465113209, "error_max": 0.2799871682951948, "target": "117.xyz", "model": "22.xyz", "model_rescale": 4.204369325754507, "target_rescale": 3.9067262798799516},
{"mapping": [6, 5, 8, 2, 0, 4, 7, 11, 13, 12, 3, 15], "R": [[-0.760698621854498, 0.6453760435464209, -0.0694792711895876], [0.5863016482835413, 0.637217722712634, -0.5002039095018429], [-0.27854619711758877, -0.4212402358242782, -0.8631156815827391]], "T": [0.03281491179413625, 0.13890341854271057, 0.07631799314283241], "aligned_model": [[0.23425710939582955, 0.1524971353948982, -0.27631289353967553, 0.7127700487317962, -0.17255531483176093, -0.5416810085577812, -0.6363159955762971, 0.2076544241559084, -0.22840210048520015, 0.03694846951974261, 0.7192884188435, 0.06722152375459557], [-0.15133255141191002, -0.6454254241910394, -0.27831158702834713, -0.31259662330349713, 0.3147757672976546, 0.5347903236678149, -0.0794980428624372, -0.33455550325773276, 0.12951012109804813, 0.674786907277991, 0.6396000812711834, 0.11907946323807986], [-0.5820645539846876, -0.1722118331734098, -0.4738127137185466, -0.22223519638628234, -0.5557945323737866, -0.1425267565441284, 0.09010854784738108, 0.5905951520605466, 0.6951938157687775, 0.19011984906278973, 0.13535671709484948, 0.07307106252672399]], "inverted": true, "swapped": false, "error_lsq": 0.043073958052175794, "error_max": 0.28299856459775796, "target": "117.xyz", "model": "23.xyz", "model_rescale": 4.410303926677745, "target_rescale": 3.9067262798799516},
{"mapping": [8, 3, 10, 5, 9, 11, 1, 0, 7, 14, 6, 16], "R": [[-0.9440039721409395, 0.10535923790060707, 0.3126594498350112], [0.29336819658732954, 0.7016587086678956, 0.6493151451965367], [-0.1509688769688195, 0.7046804151808852, -0.6932776576864921]], "T": [0.10013925615536397, 0.12146415129119528, -8.761609208809626e-05], "aligned_model": [[0.19688959323848737, -0.0823986814455454, -0.29058387124183227, 0.7038723160776545, -0.04723439257407537, -0.45295901503499997, -0.600310546889034, 0.2214279353872738, -0.21841739918555597, 0.10406905933760614, 0.6799736376709162, 0.061041181464660796], [-0.10448260067847684, -0.759230639398319, -0.12175546876970736, -0.05420771766195634, 0.39523657921817146, 0.42480975487476325, -0.2982651112061957, -0.3920833249725788, 0.1496261602934408, 0.7910830028154877, 0.5712607566154658, 0.008831540665712623], [-0.7844944651207738, -0.017625336092717794, -0.4604826642952584, -0.015829923524840254, -0.5439163106233021, -0.0528629304304634, 0.2636030534220185, 0.5402306762129707, 0.5827154855376662, -0.09880509349539288, 0.19833918051320165, 0.014927886077119198]], "inverted": false, "swapped": false, "error_lsq": 0.04437445688413313, "error_max": 0.21809441837092422, "target": "117.xyz", "model": "24.xyz", "model_rescale": 4.28219845311461, "target_rescale": 3.9067262798799516},
{"mapping": [11, 5, 10, 9, 12, 14, 6, 1, 0, 13, 7, 15], "R": [[-0.5012867022151755, 0.8652812358510217, 0.000158323601209924], [-0.8639263100281033, -0.5004914954436985, -0.056032078577865435], [-0.048404266583223374, -0.02822491581314339, 0.9984289564630431]], "T": [0.09017782460362272, 0.09538234999403764, 0.06800466183560276], "aligned_model": [[0.047069589700579964, 0.3122505588570864, -0.4755364720799477, 0.678467085374644, 0.13936718610991153, -0.49798031228055345, -0.7567703731945135, 0.18275585699560762, -0.32551898633391047, 0.18344237599281038, 0.7324455203898073, 0.05537778727403411], [-0.06204087636210123, -0.6988827646684215, -0.2707353976479153, 0.017955279853514805, 0.43478347246607707, 0.3344603583194038, -0.12277555466654194, -0.3959179703369591, 0.0879773886355188, 0.6695925326593433, 0.5167964175118707, 0.09961004603201866], [-0.4514534010874424, -0.14438015222972256, -0.3510776071967133, -0.2557150909596347, -0.6152282303851593, -0.35277596610102135, 0.2854512388185847, 0.467918029963951, 0.7699273783503553, -0.052414798861804626, 0.19229623998072587, 0.13325191788810897]], "inverted": true, "swapped": false, "error_lsq": 0.04912004773937867, "error_max": 0.2745579663240772, "target": "117.xyz", "model": "25.xyz", "model_rescale": 4.100010024507729, "target_rescale": 3.9067262798799516},
{"mapping": [2, 0, 6, 1, 2, 5, 4, 10, 9, 7, 3, 11], "R": [[-0.2837430667104442, 0.8938616218514852, 0.34713293285827074], [-0.9403310372480642, -0.3302740249744908, 0.08183281013828698], [0.18779619932717462, -0.30320037831140934, 0.9342387907329079]], "T": [0.09370709870481, 0.018170854048326752, 0.0015075410385233627], "aligned_model": [[0.22075438518081342, 0.17748539405297525, -0.3123684626822639, 0.6456898028374561, 0.22075438518081342, -0.5837731308585886, -0.7098520334548666, 0.11650281611593011, -0.2322473252243675, 0.044364277243487765, 0.6937395754650618, -0.005679867050895793], [0.3157656828363832, -0.7328550359306013, -0.20372214771650388, -0.3170209771867492, 0.3157656828363832, 0.33603677698622536, -0.28896967541567586, -0.28016495712537987, 0.22818765699336524, 0.6553666597678882, 0.5598995629043264, 0.022533702846146843], [-0.664115168356498, 0.0542406970579255, -0.45274819349318496, -0.28503754157482325, -0.664115168356498, -0.06305222899740827, 0.16212197536995393, 0.5720147378148052, 0.7288022255651248, 0.22534461982348847, -0.06603991846895697, 0.07838352179629922]], "inverted": true, "swapped": false, "error_lsq": 0.06365801132956479, "error_max": 0.4908504313076906, "target": "117.xyz", "model": "26.xyz", "model_rescale": 3.6694154284099745, "target_rescale": 3.9067262798799516},
{"mapping": [8, 7, 5, 9, 4, 0, 1, 3, 6, 2, 11, 13], "R": [[0.43136781652757167, 0.330806477077905, 0.8393383594162375], [-0.6241828572574162, -0.5623043109963336, 0.5424109351229074], [0.6513966284608815, -0.757879236130826, -0.036076250796782394]], "T": [0.10633277586616573, 0.05747071711262371, -0.07473983409223692], "aligned_model": [[0.2869587342246516, 0.050569380098986136, -0.5356401400073415, 0.7347055910836792, -0.03333507633641798, -0.468956499362818, -0.6709805976882351, 0.2724470841215225, -0.1648493712985103, 0.010246730647496025, 0.6975740262044725, 0.09662995511807104], [-0.15661022394474003, -0.5687940458462347, -0.2870970186829753, -0.19941055275697087, 0.5387091822866, 0.3614346640554366, -0.1560637773662912, -0.4852762702202948, 0.15212492023231874, 0.6975336068947814, 0.6027731831866628, 0.11149926395751567], [-0.6491097551998114, -0.04625448545400828, -0.38315894902305814, -0.01131149849879666, -0.7262250609293767, -0.19127957795071243, 0.28558445409391875, 0.500293177714414, 0.5487112519564787, 0.13314622903185078, 0.22401503806411624, -0.058611265624787315]], "inverted": false, "swapped": false, "error_lsq": 0.03877411787602821, "error_max": 0.1821801011879497, "target": "117.xyz", "model": "27.xyz", "model_rescale": 4.103607728864725, "target_rescale": 3.9067262798799516},
{"mapping": [7, 5, 6, 8, 11, 10, 9, 0, 3, 13, 4, 14], "R": [[0.7948153849057606, 0.5149324490298758, -0.3211122496156171], [0.5898834880305516, -0.7798209017788462, 0.20956343120338955], [-0.14249903321081914, -0.3559830530866912, -0.9235637993387682]], "T": [-0.044650687084214546, 0.16154191456703768, 0.023993631216489803], "aligned_model": [[0.3498950443810686, -0.050987895492543206, -0.3511885889401345, 0.6686124062043199, -0.048703560531432905, -0.5355676386282643, -0.6505407201780082, 0.01793589655750083, -0.2247716639745323, 0.25621277759504707, 0.7968073757299379, 0.047666384082596935], [-0.2706228411581002, -0.5524600738056944, -0.13893849546840784, 0.1765227255936184, 0.37084931163761303, 0.29843974596607536, -0.3845582386659857, -0.32637053411902195, 0.1895837102180873, 0.7151047652754571, 0.44931978165170694, 0.08395307467046034], [-0.39749009949555114, -0.1350705406489663, -0.4418532328521338, -0.38012431179034745, -0.6304032064956504, 0.029893355844819575, 0.09324546505113722, 0.541406525283577, 0.752211279964137, -0.12740610091821433, 0.19932621482766597, 0.12206420940975433]], "inverted": false, "swapped": false, "error_lsq": 0.0631063375030167, "error_max": 0.3758694792157338, "target": "117.xyz", "model": "28.xyz", "model_rescale": 4.137296879288765, "target_rescale": 3.9067262798799516},
{"mapping": [3, 0, 2, 5, 8, 1, 7, 4, 9, 10, 11], "R": [[-0.6104880436448743, 0.738291043528789, -0.2867589294369509], [0.20335147821138805, -0.20381295403277772, -0.9576577969596847], [-0.7654753587646684, -0.642951487138497, -0.02570720347485428]], "T": [0.0318672857699683, 0.045795124079892384, -0.13602651585402487], "aligned_model": [[0.4944492523542088, 0.06019595597982915, -0.12428877915298872, -0.5725700798442348, -0.014652228274837677, 0.5687392255338404, 0.5694902557630869, -0.4825373118794843, -0.37275694629449263, 0.06552969562460895, 0.029819970900362203], [-0.2824294517218068, -0.6298985277467264, -0.32646423933928725, 0.14495159150676887, 0.7541031956474484, -0.190503506412129, 0.4484976743202407, -0.5012984395546799, 0.20504222198915667, 0.2416411147697558, 0.05550618318921079], [0.28829452530595207, -0.15104506013206315, -0.5898143077152971, -0.2722534312012974, -0.1990910003798242, -0.4878799583067999, -0.20650456752702367, 0.17839425742943443, 0.352417449491018, 0.8837858332290758, 0.009450281589823972]], "inverted": true, "swapped": true, "error_lsq": 0.045135713203208555, "error_max": 0.2259060884562921, "target": "117.xyz", "model": "29.xyz", "model_rescale": 3.607286011436655, "target_rescale": 3.9067262798799516},
