[{"mapping": [10, 1, 3, 5, 2, 0, 8, 9, 6, 7, 11], "R": [[0.10634497430243668, -0.9885953264122613, 0.10663032887714716], [0.9943292343225782, 0.10576910490915774, -0.011057586454160311], [-0.0003467161515225553, 0.10720157201529307, 0.994237246709939]], "T": [-0.09249675298863114, -0.10744314350934481, -0.0625422570411148], "aligned_model": [[-0.278374405014229, 0.5949274667315669, -0.7783222248878752, 0.3938419890325252, 0.21095386447927333, 0.14003384572352104, -0.18701695809668797, -0.396846155039887, 0.2454034912556357, 0.5241592803552979, -0.055340453998471976], [-0.64522064139818, 0.02987297778188991, -0.1587825556115814, -0.77718918858548, 0.31300223447803766, -0.38089712289726185, 0.5203775432113126, 0.06947302643138872, 0.27188136287009207, -0.47320100694798534, -0.15132671876759374], [0.30894960990450127, -0.16487888046871618, -0.030290099809368393, -0.12255221991448448, -0.678897392067844, -0.5664706605082959, -0.05928544216411162, 0.43286518609282676, 0.4542660548643903, 0.5559719560044256, -0.1016049906373423]], "inverted": false, "swapped": false, "error_lsq": 0.05901822895008319, "error_max": 0.3442403557931178, "target": "118.xyz", "model": "0.xyz", "model_rescale": 3.751011558992144, "target_rescale": 3.862383126436406},
{"mapping": [4, 12, 8, 7, 13, 0, 9, 10, 11, 6, 14], "R": [[0.9464430123501087, 0.280967123589849, -0.15906948115618805], [-0.09883714396852794, 0.7211433020327361, 0.6856993196040572], [0.30737085637027595, -0.6332533564024504, 0.7102910271566399]], "T": [-0.04811024206173291, -0.16581128485047503, -0.10797435646648601], "aligned_model": [[-0.5584211824054051, 0.6155740934836933, -0.6571092500260679, 0.5334179446727906, 0.007475115551104833, 0.15107893917970616, -0.07200139524086026, -0.369074078515975, 0.438723709400998, 0.33614709383011365, -0.012391249389428906], [-0.5265181504803992, 0.15219306484938327, -0.3884957286520104, -0.48405623398463465, 0.386200207626738, -0.6921463447709, 0.47892397012688714, 0.14869705465132504, 0.15039493313171448, -0.4823309286644455, -0.12487193326901977], [0.376842383305153, -0.2098146255195859, -0.24921917558255022, -0.09306985442522966, -0.576691519041862, -0.6166978503945856, 0.025948326912175856, 0.5779705889928823, 0.4395083558991736, 0.45406421886737736, -0.10076772771696797]], "inverted": false, "swapped": false, "error_lsq": 0.049581469163363506, "error_max": 0.2664405714480512, "target": "118.xyz", "model": "1.xyz", "model_rescale": 3.9405287249114394, "target_rescale": 3.862383126436406},
{"mapping": [8, 0, 4, 5, 1, 2, 7, 3, 6, 11, 12], "R": [[0.6813907226538063, -0.6110564752337191, -0.402885426835306], [-0.7307053458218866, -0.5996246721116874, -0.3263739422537721], [-0.0421471312029742, 0.51677871150996, -0.8550809217035922]], "T": [0.0007258396728012997, -0.16284637736700341, 0.06676814049617814], "aligned_model": [[-0.5790350192807502, 0.7494229199531438, -0.6500390812465952, 0.5334294694947496, -0.02626273490766364, 0.17387731557368838, -0.2387202057396804, -0.35132012465759094, 0.3307964903823067, 0.48516808407371903, -0.01389737310465856], [-0.6544595669161151, 0.05358482062164999, -0.06474563153556726, -0.6367118551134849, 0.1801386977273169, -0.5164800452212344, 0.5870504608333196, 0.06227716767844413, 0.2066538937686878, -0.39301596075172995, -0.20630207052664853], [0.21804136481744224, -0.2423276485284626, -0.1752586829158102, -0.07378303221813341, -0.6465755266537615, -0.48922774336890834, 0.1628419483192443, 0.4568741607441944, 0.29010333378258785, 0.5357585068806971, -0.008373559563108937]], "inverted": true, "swapped": false, "error_lsq": 0.047310219775250094, "error_max": 0.23945157690557473, "target": "118.xyz", "model": "2.xyz", "model_rescale": 3.932901565614263, "target_rescale": 3.862383126436406},
{"mapping": [3, 9, 0, 8, 5, 7, 6, 1, 10, 11, 13], "R": [[0.11683157141476957, 0.06446197475903653, 0.9910575350255507], [0.5528199822378805, -0.8332284510372928, -0.010973405146230075], [0.8250699674326202, 0.5491584490765475, -0.13298325702349056]], "T": [-0.04187312783907607, -0.12866956839295035, -0.020667196519683986], "aligned_model": [[-0.18126496181030888, 0.5822652575798672, -0.6894785457132295, 0.40834085212193305, 0.1888331005460514, 0.02027296514351494, -0.09017705631351612, -0.5112309921340477, 0.22386484585772728, 0.44217419030428096, 0.01982008495839651], [-0.605269635014964, -0.14632931947443228, -0.29438232248563456, -0.7083878579212874, 0.32657181477113584, -0.4051852386382836, 0.5525408975678128, 0.021438757910785283, 0.3093855767588314, -0.4014065744172401, -0.0309861884920848], [0.09810894249504987, -0.4078781834857304, -0.06645840762036624, -0.016106213520797618, -0.5269572368066976, -0.675968268228647, -0.038310672402141546, 0.5324506087541179, 0.4799688583573103, 0.6786334667937141, -0.029409773039830715]], "inverted": false, "swapped": false, "error_lsq": 0.06062408104096246, "error_max": 0.3243162122448819, "target": "118.xyz", "model": "3.xyz", "model_rescale": 3.9243930471874484, "target_rescale": 3.862383126436406},
{"mapping": [4, 5, 8, 0, 9, 1, 11, 10, 6, 3, 12], "R": [[0.43271994623846105, 0.8417787400734088, 0.32274138390948287], [0.6963958896258359, -0.08475807138524466, -0.7126351340253263], [-0.5725261679955113, 0.5331272100497955, -0.6228877626546353]], "T": [-0.052290171939454, -0.1663982278500036, -0.004079603946477305], "aligned_model": [[-0.3457395154127372, 0.6679434472147858, -0.6617801401391026, 0.6415499070244588, -0.3209884528923361, 0.20549125135089508, -0.025100417761147173, -0.4589085751786109, 0.4263965897696394, 0.22404216518827336, 0.06051348137655048], [-0.6247290624492765, -0.030006830309920296, -0.1998971942020108, -0.6531266728841615, 0.22207269580689185, -0.4178820970380739, 0.623583800450111, 0.11998296139856432, 0.18483328358116943, -0.4299125445446108, -0.176928429244044], [0.23295962974851572, -0.1945632523048905, -0.1581450667652605, -0.07481657432671121, -0.528082435105813, -0.6208979737500072, -0.04045533236637764, 0.49569535352010763, 0.40703099465072023, 0.5501351691507188, -0.04078739115502128]], "inverted": true, "swapped": false, "error_lsq": 0.033039938594193366, "error_max": 0.22374271784963728, "target": "118.xyz", "model": "4.xyz", "model_rescale": 3.8936222436046832, "target_rescale": 3.862383126436406},
{"mapping": [3, 4, 8, 2, 7, 10, 6, 9, 1, 0, 11], "R": [[0.894690697765677, -0.10902984546556627, 0.43317553962489735], [0.4454110517075093, 0.2909805024910248, -0.8467227067859239], [-0.03372759031381817, 0.9504961020266341, 0.3089006469462273]], "T": [-0.010023554637350815, -0.08701469346670654, -0.05002510410508176], "aligned_model": [[-0.17700202844293839, 0.6848456608305482, -0.6991854717102789, 0.5399675279254263, -0.20505492465016367, 0.04965983939858, -0.12647178536727494, -0.3989319572981306, 0.48937565112536524, 0.13000811330774564, 0.1262091154217897], [-0.6063539149272265, -0.08530346550518575, -0.3133374063980441, -0.587075104814231, 0.24787700933335144, -0.4556525660250531, 0.6950426014289339, 0.03212037220094793, 0.17486018302006556, -0.4972269174946416, 0.013039119745721639], [0.13077034567042137, -0.4344447237926583, -0.19037006482184535, 0.017856108527662375, -0.5692147028979103, -0.5599382446271443, 0.04710792409902174, 0.4153704634387681, 0.5201772718191637, 0.7212306071914963, -0.07047186331099449]], "inverted": true, "swapped": false, "error_lsq": 0.04645298346763888, "error_max": 0.21469336926238108, "target": "118.xyz", "model": "5.xyz", "model_rescale": 3.6523030999806103, "target_rescale": 3.862383126436406},
{"mapping": [2, 9, 3, 10, 7, 11, 5, 1, 8, 6, 12], "R": [[-0.5295240219698394, 0.2773081007039973, -0.8016885476547777], [-0.501335893720366, -0.864659038628969, 0.03204791077166813], [-0.6843001036274121, 0.4188853831314345, 0.5968822362697221]], "T": [0.024749157388396746, -0.12555931228418526, 0.03404270145536573], "aligned_model": [[-0.37975283195257675, 0.6673444406290481, -0.5952661296873877, 0.5239389773651755, -0.10592083320725262, 0.1348550481250482, -0.0999096268226212, -0.44365890529819535, 0.45729379272065385, 0.29822687344923227, -0.0437310647804555], [-0.6855249623040904, -0.0400967705028612, -0.1281507461954895, -0.7250250795282192, 0.1854093478719569, -0.3998686815974397, 0.5413221867689088, -0.047212578832069765, 0.29140116348606016, -0.31453077525909345, -0.05973319334302406], [0.3487302379516462, -0.28600468736351564, -0.27935007320703065, 0.045149420190715696, -0.5601305945245281, -0.7949326093187439, 0.09431528001703979, 0.5408272140058374, 0.33859516451752203, 0.5927234574076191, -0.011849688380581043]], "inverted": false, "swapped": false, "error_lsq": 0.04360651644380433, "error_max": 0.22023975264001047, "target": "118.xyz", "model": "6.xyz", "model_rescale": 4.08911054899281, "target_rescale": 3.862383126436406},
{"mapping": [12, 3, 11, 4, 9, 8, 1, 13, 6, 5, 14], "R": [[0.352418393513964, -0.01883914331271408, 0.9356529071147482], [-0.5325874390568827, 0.8180646734995602, 0.21707328193697456], [-0.7695140646355129, -0.5748176029414034, 0.2782675469342965]], "T": [0.04053301919594429, -0.11569724572567702, 0.095101903992569], "aligned_model": [[-0.46794543807688804, 0.6903766048732135, -0.49821360689439087, 0.6050338804894441, -0.05057286205103109, 0.19365886135923271, -0.24659200249621258, -0.49564594974583565, 0.4608803118446162, 0.24687137519584926, -0.02443143395732854], [-0.4943942731652628, 0.08573245111881317, -0.17884123053920392, -0.5224622365276981, 0.19641901089190683, -0.42392662773853074, 0.543787072119658, 0.0992375412709571, 0.10436899852131398, -0.7468764604749267, -0.04505433491238853], [0.42073995138423836, -0.3093493633425944, -0.12916573302915169, -0.017727655782267357, -0.6182286425740483, -0.4937071463885726, -0.048375325175499376, 0.544779202680044, 0.2500921235531298, 0.46865044340224893, -0.03963473343154629]], "inverted": true, "swapped": false, "error_lsq": 0.05001874880550273, "error_max": 0.2730905261294619, "target": "118.xyz", "model": "7.xyz", "model_rescale": 3.964800864290218, "target_rescale": 3.862383126436406},
{"mapping": [7, 10, 2, 9, 6, 11, 3, 1, 5, 8, 13], "R": [[-0.43597057994056676, -0.18534198258064166, 0.8806690654947311], [-0.8507251520464666, -0.23436091343188564, -0.4704696355035983], [0.29359218160877903, -0.9543182444805555, -0.0555006229672097]], "T": [-0.09932488196750525, -0.11088718021044108, -0.07319554128220582], "aligned_model": [[-0.39752455266634945, 0.7108606064835585, -0.7527331547095217, 0.4233749230166528, -0.11941263349065917, 0.26032217790553636, -0.01329128064939003, -0.44206356843889694, 0.46840140894260074, 0.3139007623632678, -0.03841494821612971], [-0.5980320108849575, 0.022867492967853065, -0.20633717443214292, -0.5587535933354013, 0.14294894582797413, -0.41663049765899385, 0.605102388626911, -0.0398346106285975, 0.2355228091996756, -0.4361647261081009, -0.13269911300958145], [0.35179861785872923, -0.10223301213472202, -0.12374903245208939, -0.08076631751188336, -0.5944148104339634, -0.7545972881642565, -0.1501361187608365, 0.5905827472479908, 0.4335170999797988, 0.4876044822640615, -0.029533246596848105]], "inverted": false, "swapped": false, "error_lsq": 0.04402449638622503, "error_max": 0.21167623671816427, "target": "118.xyz", "model": "8.xyz", "model_rescale": 4.121658175737393, "target_rescale": 3.862383126436406},
{"mapping": [3, 7, 2, 11, 6, 8, 4, 0, 5, 10, 12], "R": [[-0.06326841332915364, -0.04813105490473368, -0.9968352468831394], [0.6560135227087496, 0.7507198444673068, -0.07788435751959516], [0.752092657787635, -0.6588650215914793, -0.01592223053441294]], "T": [0.0735332599282909, -0.07656395639455246, -0.052886517321453046], "aligned_model": [[-0.2281539242165006, 0.715317901036129, -0.5356315903796836, 0.37144316483217904, -0.024862759983212593, 0.057430251590759186, -0.16493673745903126, -0.4046610162538869, 0.3722312750346254, 0.25656785867837917, -0.001324682339088279], [-0.7332297069680527, -0.11969843111220868, -0.3817984670675263, -0.6370842225188726, 0.22535616918360155, -0.4158125452875875, 0.7567381103634828, 0.13948819160391004, 0.2030121686320502, -0.3878736534661499, -0.031107702798008577], [0.2640660444548332, -0.25651068544036904, -0.1874098591710346, -0.06282605340629521, -0.6687960164610748, -0.6972500993028259, 0.13912297098993862, 0.5331816926115989, 0.4100763239114282, 0.6149947885742499, -0.06057598546446798]], "inverted": true, "swapped": false, "error_lsq": 0.044965899238982095, "error_max": 0.22473942348283557, "target": "118.xyz", "model": "9.xyz", "model_rescale": 3.833441315466971, "target_rescale": 3.862383126436406},
{"mapping": [2, 12, 9, 0, 11, 10, 7, 3, 6, 5, 14], "R": [[-0.35271162150931334, 0.690371832715579, 0.631649621740727], [-0.24601861267204966, -0.719701713261808, 0.64923361446165], [0.9028119152244232, 0.0735946772596423, 0.42369147880015023]], "T": [0.14009668487648563, -0.14017000171453609, 0.015329759133856816], "aligned_model": [[-0.3907592636582745, 0.6250944052893666, -0.6691972319330916, 0.5425896723675699, 0.038564123347680807, 0.2180166750910818, -0.25691507485617926, -0.49820826996987977, 0.5421837891054248, 0.2129845859447331, 0.04906632981223727], [-0.5340663428518285, 0.11537534843170572, -0.15983981508826994, -0.6801420008119947, 0.23662572654168185, -0.46531251588085953, 0.38344855082252527, 0.13787575604289176, 0.28503770815705304, -0.5750554780664283, -0.12595702673183803], [0.29762019338827583, -0.23465792561024484, -0.03533167777401383, -0.085925348958833, -0.5441818128294372, -0.7356462485564219, -0.09475770997494551, 0.5345399198195941, 0.35993668321324923, 0.528162263761892, 0.03831478481686608]], "inverted": true, "swapped": false, "error_lsq": 0.046199892275059246, "error_max": 0.2977950939570393, "target": "118.xyz", "model": "10.xyz", "model_rescale": 4.2482417240324, "target_rescale": 3.862383126436406},
{"mapping": [6, 8, 4, 1, 10, 0, 9, 5, 7, 2, 11], "R": [[0.5250141455863162, -0.7759546632902556, -0.34964912047991226], [0.3010462828027407, 0.5535760275918049, -0.7764822710701961], [0.7960724103653651, 0.3024036081031162, 0.5242335121501622]], "T": [0.14236102655982483, -0.1731729144900325, 0.044563783119971785], "aligned_model": [[-0.3048248713023646, 0.6304169729707078, -0.7150858868734189, 0.587336621400883, 0.08085763149842007, 0.02294852805957419, -0.1212138615573343, -0.4256643833002268, 0.26269195371944376, 0.3487927086955299, 0.04716432722945489], [-0.6139516614666155, 0.08048135142430865, -0.08901559184994398, -0.6676022365357215, 0.143042935998093, -0.5384022887161162, 0.5921577508543583, 0.03585532085532156, 0.3583866135554651, -0.5903237312432796, -0.09263855231123116], [0.20649280185940955, -0.22805084508484058, -0.10886996780237629, -0.1935179659820715, -0.5133136503996898, -0.6082666966664755, -0.11070422123522417, 0.48935643245588134, 0.4464607634623302, 0.6200013931850415, 0.028485077503996353]], "inverted": false, "swapped": false, "error_lsq": 0.040510123960238, "error_max": 0.22185652478410894, "target": "118.xyz", "model": "11.xyz", "model_rescale": 3.6694154284099745, "target_rescale": 3.862383126436406},
{"mapping": [11, 12, 8, 7, 2, 10, 1, 4, 0, 6, 13], "R": [[-0.8573389602191553, -0.5046046085784388, -0.10170593046493413], [-0.06176477874554076, 0.2969983335266627, -0.9528783248604722], [0.5110332859969611, -0.8106578679589718, -0.28579503445539844]], "T": [0.09016391937346568, -0.20174501621065055, 0.012072117060654832], "aligned_model": [[-0.4059938741062624, 0.5701497180569878, -0.5879945129531862, 0.48690812534523437, -0.15873192204791284, 0.21891609988154462, -0.05602646600163369, -0.34511856434769805, 0.3694350158751188, 0.21604954526203335, 0.10582657557644326], [-0.6491705834812359, 0.12146304485957327, -0.29606878410056603, -0.8085813129958136, 0.16399166906637563, -0.382343558328494, 0.6297164102738878, 0.11414874442552964, 0.250124840378963, -0.42365333512423886, -0.10163722440934231], [0.32618428592553117, -0.34418436721416734, -0.3101110898052478, -0.1507439214657886, -0.4681373274091873, -0.5831890272346594, -0.04935883274266853, 0.5204213485019531, 0.4901507212565597, 0.5168139725127846, 0.08022735897087144]], "inverted": false, "swapped": false, "error_lsq": 0.041998888012687446, "error_max": 0.20692804691582595, "target": "118.xyz", "model": "12.xyz", "model_rescale": 3.9764082729961374, "target_rescale": 3.862383126436406},
{"mapping": [4, 11, 7, 14, 8, 3, 1, 9, 13, 6, 15], "R": [[0.22792396939629056, -0.005986403798389842, 0.9736605297249149], [-0.20567613935282397, -0.9777126044520968, 0.04213536277779012], [0.9517079330737751, -0.20986239793031258, -0.22407539815736705]], "T": [-0.043724042220855935, -0.005211283964948021, 0.13584725321907948], "aligned_model": [[-0.41805703102321, 0.5792454495070168, -0.5771071411110144, 0.579813897577776, 0.005915687101917949, 0.1078879383101376, -0.19085064122692397, -0.4327877161090362, 0.522726035315134, 0.2891882493307749, -0.052554987131903645], [-0.5996787746831949, 0.053736684461303884, -0.35141253695882924, -0.4758064091221372, 0.20197240242262202, -0.43174243028363424, 0.6001161240292723, 0.27571367543027087, 0.013177555421920641, -0.5626298576255999, -0.10545652252735577], [0.2853361750583784, -0.3530073756269038, -0.27241842151587614, -0.033116368265063145, -0.5381435879769771, -0.5737501226872501, 0.01233583165450447, 0.49807611922377615, 0.36666472749772694, 0.5384795241204545, 0.09761661981321093]], "inverted": false, "swapped": false, "error_lsq": 0.04223561265126024, "error_max": 0.22191393764511103, "target": "118.xyz", "model": "13.xyz", "model_rescale": 4.170626492500431, "target_rescale": 3.862383126436406},
{"mapping": [4, 11, 2, 5, 3, 6, 1, 0, 10, 12, 13], "R": [[-0.19977999716395944, 0.24200065677144117, 0.949485984549198], [0.006344847916225499, -0.9686808646168418, 0.2482279706843848], [0.9798202363893534, 0.055615327449894086, 0.19198760302309298]], "T": [-0.026958505475880662, -0.03626346574516523, 0.11465112512676386], "aligned_model": [[-0.29370622005567404, 0.5721382572127152, -0.5872431087637677, 0.5383673422196161, -0.05638879680182973, 0.12291980029000452, -0.18708371586290354, -0.541428103386372, 0.38026375384300704, 0.4197083783543363, 0.045872153491537115], [-0.6483106683629407, -0.018407610306336822, -0.2230391231756536, -0.7025309948539395, 0.22589922772098595, -0.4986061707927488, 0.7145317170021316, 0.22226253615272432, 0.1194519416367921, -0.4973178461421507, -0.0759430983142253], [0.3540399492753304, -0.2600806302579881, -0.17539746450312604, -0.13776538372098068, -0.5224345712571105, -0.571836299069862, 0.07616761622605728, 0.2706759491016433, 0.4727726804594762, 0.46625270986768624, 0.05567856517485502]], "inverted": false, "swapped": false, "error_lsq": 0.04375961704623093, "error_max": 0.3279514671701203, "target": "118.xyz", "model": "14.xyz", "model_rescale": 3.9786697098870705, "target_rescale": 3.862383126436406},
{"mapping": [10, 9, 4, 6, 0, 1, 2, 5, 8, 7, 11], "R": [[0.071108155145186, -0.7617479466506957, 0.6439593900591073], [0.8840199125740179, -0.2508994931734422, -0.39440872010889444], [0.46200911727418814, 0.5973186001613873, 0.6555593531151598]], "T": [0.0944190488418033, -0.10416022483435036, -0.014121264357768847], "aligned_model": [[-0.396260641923194, 0.6793891968600296, -0.5149814414757145, 0.6442464881333508, 0.0318229966555314, -0.02779975724767822, -0.2949677103867134, -0.2984319461248023, 0.18491606752030829, 0.22733487183208925, 0.1781516166974617], [-0.7643072866646158, 0.0540108614507995, -0.05619577486791999, -0.654375100838054, 0.20118732746512044, -0.5956085451300303, 0.6711898661147193, 0.13919015875753157, 0.2679007376937791, -0.49752414926363, -0.14747818415306138], [0.11141871463108431, -0.15626943156415465, -0.04940842960711249, -0.16348346851345563, -0.635933287910031, -0.46602081448916566, -0.04664209567887663, 0.6424670954913682, 0.3402924145471783, 0.5001492990104912, -0.04849687462134483]], "inverted": false, "swapped": false, "error_lsq": 0.05603652793585163, "error_max": 0.2737380933235247, "target": "118.xyz", "model": "15.xyz", "model_rescale": 3.769337070930944, "target_rescale": 3.862383126436406},
{"mapping": [7, 2, 5, 8, 4, 6, 0, 1, 3, 9, 10], "R": [[-0.34429439379739263, 0.8959549687252538, 0.28058165374132304], [-0.5311140250337129, 0.06057124235936745, -0.8451325440494712], [-0.7741958814228959, -0.43999524840113047, 0.4549999105189505]], "T": [-0.006863522768532304, -0.15230716618853782, 0.031528827533508545], "aligned_model": [[-0.4880326983160206, 0.6216572302904493, -0.6227443237137638, 0.5439501178635486, -0.13739913097215753, 0.12699747796517008, -0.07514654309159863, -0.5356254897961099, 0.5064148176280101, 0.43462682676146513, 0.03872145592167585], [-0.6457933007754852, 0.12400292253484516, -0.1429622366345038, -0.6522347022612429, 0.17717044056315132, -0.42771146033121565, 0.48791040845135536, 0.0928356661179128, 0.13102996359976812, -0.4128537863972995, -0.11340400430264684], [0.22148714258342142, -0.24258840298902468, -0.23428018818464985, -0.05886201114242518, -0.6630483720473391, -0.6300908795111014, -0.022591417104009116, 0.5805681889588155, 0.3999156553107654, 0.6623865079036215, 0.015176897517906622]], "inverted": false, "swapped": false, "error_lsq": 0.03438827722821519, "error_max": 0.18241351319239993, "target": "118.xyz", "model": "16.xyz", "model_rescale": 3.7852294659196426, "target_rescale": 3.862383126436406},
{"mapping": [7, 3, 11, 1, 8, 2, 9, 10, 4, 5, 12], "R": [[0.4849394529538945, 0.7845983228773366, 0.38631489578690653], [-0.34641827232779276, -0.23326547724877192, 0.9086152088322812], [0.8030118975246912, -0.5744499010897064, 0.15867956255240204]], "T": [0.0744230104622981, -0.1057530096827834, 0.004454096255159465], "aligned_model": [[-0.2599112258765006, 0.7207366400597026, -0.5985134986448519, 0.5605959869664938, -0.10726481413782654, 0.07117784868802354, -0.35032555485095734, -0.3489277577171807, 0.490736542594519, 0.2337307906299798, 0.0013847828292670589], [-0.717287655387731, -0.029194285482288584, -0.19310674596183663, -0.5934194051722648, 0.2504061011347937, -0.5121579309087387, 0.642610405769058, 0.2500590577560681, 0.041275179059797856, -0.467798571755823, -0.05339623848639661], [0.07977342107089319, -0.4526157289444238, -0.27385841496567265, 0.012908555103422151, -0.5096919271916592, -0.45261431214631026, -0.07802402320344176, 0.5904805248621596, 0.5583967284547986, 0.5295760370666678, 0.02374226118954727]], "inverted": true, "swapped": false, "error_lsq": 0.048345004639215094, "error_max": 0.22971277455997463, "target": "118.xyz", "model": "17.xyz", "model_rescale": 3.901054581598922, "target_rescale": 3.862383126436406},
{"mapping": [4, 12, 8, 7, 13, 0, 9, 10, 11, 6, 14], "R": [[0.9464430123501087, 0.280967123589849, -0.15906948115618805], [-0.09883714396852794, 0.7211433020327361, 0.6856993196040572], [0.30737085637027595, -0.6332533564024504, 0.7102910271566399]], "T": [-0.04811024206173291, -0.16581128485047503, -0.10797435646648601], "aligned_model": [[-0.5584211824054051, 0.6155740934836933, -0.6571092500260679, 0.5334179446727906, 0.007475115551104833, 0.15107893917970616, -0.07200139524086026, -0.369074078515975, 0.438723709400998, 0.33614709383011365, -0.012391249389428906], [-0.5265181504803992, 0.15219306484938327, -0.3884957286520104, -0.48405623398463465, 0.386200207626738, -0.6921463447709, 0.47892397012688714, 0.14869705465132504, 0.15039493313171448, -0.4823309286644455, -0.12487193326901977], [0.376842383305153, -0.2098146255195859, -0.24921917558255022, -0.09306985442522966, -0.576691519041862, -0.6166978503945856, 0.025948326912175856, 0.5779705889928823, 0.4395083558991736, 0.45406421886737736, -0.10076772771696797]], "inverted": false, "swapped": false, "error_lsq": 0.049581469163363506, "error_max": 0.2664405714480512, "target": "118.xyz", "model": "18.xyz", "model_rescale": 3.9405287249114394, "target_rescale": 3.862383126436406},
{"mapping": [8, 10, 4, 2, 12, 1, 13, 7, 11, 5, 15], "R": [[-0.971406295090532, 0.2036999265958118, -0.12196782265559755], [0.03764324330329033, -0.3750773877268953, -0.9262288807036725], [-0.23442012731865772, -0.904335829833602, 0.35668460968630983]], "T": [-0.02512489124663836, -0.06973414890815172, -0.09412070064524379], "aligned_model": [[-0.2983658616321429, 0.7512524029736856, -0.7434490074088258, 0.6568780652500437, -0.19143766755228, 0.06296578967194515, -0.07164379539112578, -0.5264993494584409, 0.4570153046386426, 0.30502319895089935, 0.011680660498267992], [-0.6296837136184799, 0.015084078383043126, -0.06089080084593995, -0.6039925647522724, 0.16920248851318465, -0.5239593965148226, 0.5679006422607007, 0.027591265871265452, 0.2645405254002025, -0.5230100714764276, -0.08479254265581557], [0.3349107814390656, -0.18327339148985045, -0.23049257439837934, -0.025090305582181574, -0.5582202653344247, -0.5646936284166972, 0.11224719903931739, 0.39041718768979505, 0.3242266138287024, 0.5197244095557454, -0.09168290503511162]], "inverted": true, "swapped": false, "error_lsq": 0.03909452394489424, "error_max": 0.22000875742601797, "target": "118.xyz", "model": "19.xyz", "model_rescale": 4.410303926677745, "target_rescale": 3.862383126436406},
{"mapping": [7, 10, 2, 9, 6, 11, 3, 1, 5, 8, 13], "R": [[-0.43597057994056676, -0.18534198258064166, 0.8806690654947311], [-0.8507251520464666, -0.23436091343188564, -0.4704696355035983], [0.29359218160877903, -0.9543182444805555, -0.0555006229672097]], "T": [-0.09932488196750525, -0.11088718021044108, -0.07319554128220582], "aligned_model": [[-0.39752455266634945, 0.7108606064835585, -0.7527331547095217, 0.4233749230166528, -0.11941263349065917, 0.26032217790553636, -0.01329128064939003, -0.44206356843889694, 0.46840140894260074, 0.3139007623632678, -0.03841494821612971], [-0.5980320108849575, 0.022867492967853065, -0.20633717443214292, -0.5587535933354013, 0.14294894582797413, -0.41663049765899385, 0.605102388626911, -0.0398346106285975, 0.2355228091996756, -0.4361647261081009, -0.13269911300958145], [0.35179861785872923, -0.10223301213472202, -0.12374903245208939, -0.08076631751188336, -0.5944148104339634, -0.7545972881642565, -0.1501361187608365, 0.5905827472479908, 0.4335170999797988, 0.4876044822640615, -0.029533246596848105]], "inverted": false, "swapped": false, "error_lsq": 0.04402449638622503, "error_max": 0.21167623671816427, "target": "118.xyz", "model": "20.xyz", "model_rescale": 4.121658175737393, "target_rescale": 3.862383126436406},
{"mapping": [2, 9, 3, 10, 7, 11, 5, 1, 8, 6, 12], "R": [[-0.5295240219698394, 0.2773081007039973, -0.8016885476547777], [-0.501335893720366, -0.864659038628969, 0.03204791077166813], [-0.6843001036274121, 0.4188853831314345, 0.5968822362697221]], "T": [0.024749157388396746, -0.12555931228418526, 0.03404270145536573], "aligned_model": [[-0.37975283195257675, 0.6673444406290481, -0.5952661296873877, 0.5239389773651755, -0.10592083320725262, 0.1348550481250482, -0.0999096268226212, -0.44365890529819535, 0.45729379272065385, 0.29822687344923227, -0.0437310647804555], [-0.6855249623040904, -0.0400967705028612, -0.1281507461954895, -0.7250250795282192, 0.1854093478719569, -0.3998686815974397, 0.5413221867689088, -0.047212578832069765, 0.29140116348606016, -0.31453077525909345, -0.05973319334302406], [0.3487302379516462, -0.28600468736351564, -0.27935007320703065, 0.045149420190715696, -0.5601305945245281, -0.7949326093187439, 0.09431528001703979, 0.5408272140058374, 0.33859516451752203, 0.5927234574076191, -0.011849688380581043]], "inverted": false, "swapped": false, "error_lsq": 0.04360651644380433, "error_max": 0.22023975264001047, "target": "118.xyz", "model": "21.xyz", "model_rescale": 4.08911054899281, "target_rescale": 3.862383126436406},
{"mapping": [5, 2, 10, 15, 13, 14, 0, 6, 1, 11, 16], "R": [[0.3579594593999978, 0.5525166487164599, -0.7527219794301171], [0.039968549859030644, 0.7963335200794813, 0.6035357817229967], [0.9328813110188389, -0.24612654811895984, 0.26297182712758005]], "T": [-0.0032536578821554113, -0.13295800670475952, -0.07735061895291402], "aligned_model": [[-0.38092397200467076, 0.6829383677646844, -0.7835297087339266, 0.6092268884641742, -0.1575949934764833, 0.17297835737429446, -0.0454737575053704, -0.4769697869984254, 0.5176357951159154, 0.28300439801436966, -0.00787184747389263], [-0.6144518123603084, 0.06679328808597476, -0.3384198284942104, -0.5282969551423105, 0.19287405719919035, -0.48889028913810073, 0.6274489001780273, 0.24088388168966493, 0.11443121400962517, -0.565224302026174, -0.08915824343674011], [0.2737304299433555, -0.17978964248088755, -0.0678567541413247, -0.0683110343514788, -0.6311937233491768, -0.5814112036721582, 0.06434693689062519, 0.3601415524606518, 0.4680585233391266, 0.48576145303799007, -0.09540341638074261]], "inverted": true, "swapped": false, "error_lsq": 0.04047874921154806, "error_max": 0.23887055612962413, "target": "118.xyz", "model": "22.xyz", "model_rescale": 4.204369325754507, "target_rescale": 3.862383126436406},
{"mapping": [8, 10, 4, 2, 12, 1, 13, 7, 11, 5, 15], "R": [[-0.971406295090532, 0.2036999265958118, -0.12196782265559755], [0.03764324330329033, -0.3750773877268953, -0.9262288807036725], [-0.23442012731865772, -0.904335829833602, 0.35668460968630983]], "T": [-0.02512489124663836, -0.06973414890815172, -0.09412070064524379], "aligned_model": [[-0.2983658616321429, 0.7512524029736856, -0.7434490074088258, 0.6568780652500437, -0.19143766755228, 0.06296578967194515, -0.07164379539112578, -0.5264993494584409, 0.4570153046386426, 0.30502319895089935, 0.011680660498267992], [-0.6296837136184799, 0.015084078383043126, -0.06089080084593995, -0.6039925647522724, 0.16920248851318465, -0.5239593965148226, 0.5679006422607007, 0.027591265871265452, 0.2645405254002025, -0.5230100714764276, -0.08479254265581557], [0.3349107814390656, -0.18327339148985045, -0.23049257439837934, -0.025090305582181574, -0.5582202653344247, -0.5646936284166972, 0.11224719903931739, 0.39041718768979505, 0.3242266138287024, 0.5197244095557454, -0.09168290503511162]], "inverted": true, "swapped": false, "error_lsq": 0.03909452394489424, "error_max": 0.22000875742601797, "target": "118.xyz", "model": "23.xyz", "model_rescale": 4.410303926677745, "target_rescale": 3.862383126436406},
{"mapping": [5, 11, 4, 14, 10, 9, 1, 0, 7, 13, 16], "R": [[0.6917777011950598, 0.6750376926748309, 0.256452189691411], [0.5427942443376654, -0.2518689914622428, -0.8012093480818203], [-0.47625415530279797, 0.6934595335043232, -0.5406439262109444]], "T": [0.0011841805488978924, -0.22221654802949609, 0.005855935246390682], "aligned_model": [[-0.4528873278892043, 0.5242381548897205, -0.6403222645840264, 0.5446772394088673, -0.0969027085259084, 0.20074016181971877, 0.04976065563852923, -0.38811983714361115, 0.2975065573539142, 0.4459847983921312, -0.07125568881946161], [-0.6090260135822781, 0.03568317137639965, -0.2339983152845333, -0.6146127814525003, 0.08073207284468903, -0.41407651002565826, 0.6345069482176381, 0.11812982019786267, 0.1866483897443728, -0.4396563682960829, -0.12634050317527068], [0.2053541457933781, -0.24036299430085836, -0.2435735012770816, -0.08790162968097208, -0.5619336750650968, -0.5560934832516224, 0.006581618572912579, 0.556303519062584, 0.438237026815037, 0.504914006774995, 0.00654808785270564]], "inverted": false, "swapped": false, "error_lsq": 0.037754201637146156, "error_max": 0.20004217178521258, "target": "118.xyz", "model": "24.xyz", "model_rescale": 4.28219845311461, "target_rescale": 3.862383126436406},
{"mapping": [2, 3, 12, 4, 9, 7, 5, 10, 1, 0, 15], "R": [[0.015347767812675994, -0.46628637834956177, -0.8845006836565011], [-0.6728955306080769, -0.6591283123638128, 0.33579975093514747], [-0.7395782926173827, 0.590022780243341, -0.3238781682717675]], "T": [-0.08358739336721913, -0.15343794972906644, 0.032374138448141625], "aligned_model": [[-0.21436363184094337, 0.59924199002185, -0.7497693162532905, 0.4996204309103319, -0.10260306648838127, 0.17515456909623692, 0.03702189504805664, -0.5824269183212817, 0.4351826410246643, 0.35859164566548996, -0.04223049832206362], [-0.7565270687555765, 0.056442164998146555, -0.18082839308244547, -0.5901793759952835, 0.17780945669955317, -0.4279163160662127, 0.6891785530579528, 0.20344894648177347, 0.15202283387588506, -0.5149283381281424, -0.19053255252101164], [0.32895652894092026, -0.26719173991990697, -0.341619590731568, -0.029059836761898196, -0.5565123054346597, -0.6482580889872597, 0.05942057431454935, 0.5358576937749037, 0.25020150115348305, 0.6149173287533769, 0.08136105619404019]], "inverted": false, "swapped": false, "error_lsq": 0.042640449184633306, "error_max": 0.20199264978278772, "target": "118.xyz", "model": "25.xyz", "model_rescale": 4.100010024507729, "target_rescale": 3.862383126436406},
{"mapping": [6, 8, 4, 1, 10, 0, 9, 5, 7, 2, 11], "R": [[0.5250141455863162, -0.7759546632902556, -0.34964912047991226], [0.3010462828027407, 0.5535760275918049, -0.7764822710701961], [0.7960724103653651, 0.3024036081031162, 0.5242335121501622]], "T": [0.14236102655982483, -0.1731729144900325, 0.044563783119971785], "aligned_model": [[-0.3048248713023646, 0.6304169729707078, -0.7150858868734189, 0.587336621400883, 0.08085763149842007, 0.02294852805957419, -0.1212138615573343, -0.4256643833002268, 0.26269195371944376, 0.3487927086955299, 0.04716432722945489], [-0.6139516614666155, 0.08048135142430865, -0.08901559184994398, -0.6676022365357215, 0.143042935998093, -0.5384022887161162, 0.5921577508543583, 0.03585532085532156, 0.3583866135554651, -0.5903237312432796, -0.09263855231123116], [0.20649280185940955, -0.22805084508484058, -0.10886996780237629, -0.1935179659820715, -0.5133136503996898, -0.6082666966664755, -0.11070422123522417, 0.48935643245588134, 0.4464607634623302, 0.6200013931850415, 0.028485077503996353]], "inverted": false, "swapped": false, "error_lsq": 0.040510123960238, "error_max": 0.22185652478410894, "target": "118.xyz", "model": "26.xyz", "model_rescale": 3.6694154284099745, "target_rescale": 3.862383126436406},
{"mapping": [10, 6, 4, 12, 0, 2, 5, 8, 7, 9, 13], "R": [[0.8332671749961233, -0.513906569343396, -0.2038770537840921], [-0.10401205120519647, 0.216461001983678, -0.9707348390906293], [0.5429984422427636, 0.8300871475971204, 0.12691737121453744]], "T": [0.08698435882511746, -0.1155765786230272, 0.04736351441296755], "aligned_model": [[-0.31894688187084563, 0.6354790243218438, -0.6921747790693675, 0.6811117760669312, -0.13692962427168076, 0.06183331444882829, -0.0968261609867295, -0.3762404721427008, 0.3267381885774088, 0.24587686212289372, 0.08349849334408709], [-0.5457180135287855, -0.0797752954226488, -0.15803310715055358, -0.6318121416074702, 0.18339330000784568, -0.45413489069529156, 0.6520101963935602, -0.020009342118909923, 0.2880815420087123, -0.4733915261355066, -0.14262081118631328], [0.15731301962735303, -0.36380834971106524, -0.2107818924991849, -0.053860341219765094, -0.49799222542875216, -0.5415977241221706, -0.007433705838462916, 0.47706905511712416, 0.4665374013448768, 0.6055616613131167, -0.0029337772870892884]], "inverted": false, "swapped": false, "error_lsq": 0.034900993001386243, "error_max": 0.17643940229054828, "target": "118.xyz", "model": "27.xyz", "model_rescale": 4.103607728864725, "target_rescale": 3.862383126436406},
{"mapping": [2, 11, 1, 13, 7, 8, 9, 3, 10, 12, 14], "R": [[0.22582551637408355, -0.4681148363091953, 0.8543250764092049], [-0.9332664779460105, 0.14748907268885625, 0.32750672448001716], [-0.27931437001455384, -0.8712723302530596, -0.40356908855706036]], "T": [0.11166392550316125, -0.011747246648499132, 0.013547722080935874], "aligned_model": [[-0.31825628466380734, 0.6831311812648027, -0.6821850752215062, 0.48463042157990194, -0.03767500854455093, 0.14675134109402266, -0.10002116185402575, -0.2855064686354131, 0.36541712156844347, 0.1932219535174136, -0.0360882795646119], [-0.5466272695397313, 0.011709734415697087, -0.24097284448770484, -0.5405240894206281, 0.03558360250867434, -0.4809018181007476, 0.7659845834291209, -0.051268331575480885, 0.28372281449054465, -0.5603356656634452, -0.058380805491660845], [0.2788639112476463, -0.3671571230299455, -0.3330359206643247, -0.020563512225064078, -0.6903975308037875, -0.6579750535262886, 0.15653915653659525, 0.6493343328496848, 0.34230604480888804, 0.669057181748639, 0.001101634353938015]], "inverted": false, "swapped": false, "error_lsq": 0.04485673661731026, "error_max": 0.243253954393565, "target": "118.xyz", "model": "28.xyz", "model_rescale": 4.137296879288765, "target_rescale": 3.862383126436406},
{"mapping": [1, 4, 7, 2, 8, 3, 9, 0, 6, 5, 10], "R": [[0.18958693631460669, 0.7407718070877036, -0.644448542090724], [0.2360829948455337, 0.6027050362261713, 0.7622410765974067], [0.9530590816542306, -0.2966542922858658, -0.06061862539489914]], "T": [0.027832097196192562, -0.11249918826749865, -0.019882940830186716], "aligned_model": [[-0.37273260577733236, 0.750291985434459, -0.6480745731227204, 0.2735711517139943, -0.15100125109511517, 0.25494472874850466, -0.21755929390640255, -0.3417965774075536, 0.45285261725739556, 0.33847475966814317, 0.07444879902729648], [-0.6418381840754169, 0.12195203512360255, -0.22055929186968426, -0.8550743917489152, 0.14816107862431555, -0.36299847966451154, 0.6294810501450167, 0.020291133295204558, 0.264193985225329, -0.4411245523276428, -0.04449447216265913], [0.3355141780926304, -0.1705955697482256, -0.2331560326907301, -0.037587751627820104, -0.6667436188579946, -0.6127899171439979, -0.013355519676601497, 0.5599978363793482, 0.420125733547709, 0.4788200306672346, -0.032156247645571324]], "inverted": false, "swapped": false, "error_lsq": 0.04887448144359236, "error_max": 0.3804697037151111, "target": "118.xyz", "model": "29.xyz", "model_rescale": 3.607286011436655, "target_rescale": 3.862383126436406},
{"mapping": [12, 3, 11, 4, 9, 8, 1, 13, 6, 5, 14], "R": [[0.352418393513964, -0.01883914331271408, 0.9356529071147482], [-0.5325874390568827, 0.8180646734995602, 0.21707328193697456], [-0.7695140646355129, -0.5748176029414034, 0.2782675469342965]], "T": [0.04053301919594429, -0.11569724572567702, 0.095101903992569], "aligned_model": [[-0.46794543807688804, 0.6903766048732135, -0.49821360689439087, 0.6050338804894441, -0.05057286205103109, 0.19365886135923271, -0.24659200249621258, -0.49564594974583565, 0.4608803118446162, 0.24687137519584926, -0.02443143395732854], [-0.4943942731652628, 0.08573245111881317, -0.17884123053920392, -0.5224622365276981, 0.19641901089190683, -0.42392662773853074, 0.543787072119658, 0.0992375412709571, 0.10436899852131398, -0.7468764604749267, -0.04505433491238853], [0.42073995138423836, -0.3093493633425944, -0.12916573302915169, -0.017727655782267357, -0.6182286425740483, -0.4937071463885726, -0.048375325175499376, 0.544779202680044, 0.2500921235531298, 0.46865044340224893, -0.03963473343154629]], "inverted": true, "swapped": false, "error_lsq": 0.05001874880550273, "error_max": 0.2730905261294619, "target": "118.xyz", "model": "30.xyz", "model_rescale": 3.964800864290218, "target_rescale": 3.862383126436406},
