[{"mapping": [0, 9, 6, 7, 5, 2, 10, 1, 8, 11, 3, 12], "R": [[-0.44168743213950284, 0.03668044570506007, -0.8964188514265472], [0.6968695222219325, -0.6152647663574466, -0.36854054902722977], [-0.5650531667800716, -0.7874667054434712, 0.2461932300649592]], "T": [-0.057625901869409475, -0.00454190956540336, -0.047205284653815266], "aligned_model": [[-0.28747385402503184, 0.1312969015114144, 0.4393136628535579, -0.08618061569320293, -0.0634966923655847, -0.5819608118581797, 0.3913059206426583, -0.19785686735425034, 0.6377636430087491, 0.0628315978838809, -0.5546347318867114, -0.05326569025675094], [-0.43152311063604776, -0.7764154841826315, -0.07413050983731355, 0.6911492226639194, 0.37561850354757426, -0.4211491810343991, -0.30914859448899895, -0.5020334152134168, 0.1925237240470734, 0.2526845450693953, 0.11041784812972143, -0.054438512087819], [-0.4941434379869769, -0.03174279889510587, -0.514365004323351, -0.12833064581025133, -0.8140649234351416, 0.11105160606183626, 0.4382569195436554, 0.6891560683386838, 0.08872383279023854, 0.5272704815837084, 0.3755641602679466, -0.0654245127816794]], "inverted": true, "swapped": true, "error_lsq": 0.04058409797108371, "error_max": 0.2576181065739805, "target": "119.xyz", "model": "0.xyz", "model_rescale": 3.751011558992144, "target_rescale": 3.9219822581012127},
{"mapping": [5, 11, 9, 12, 13, 2, 8, 0, 1, 10, 6, 7, 14], "R": [[-0.35706124912646864, 0.6722354868799137, -0.6485419913556649], [-0.8954596556289779, -0.048758670531379444, 0.44246423266615004], [0.26581811359100116, 0.7387300198498352, 0.6193695893887461]], "T": [0.06817217247419774, -0.04726978854366559, 0.01722422554596305], "aligned_model": [[-0.16769436848107128, 0.6120337041383609, 0.15188589248233195, -0.02677466232986206, -0.43776721764372695, -0.7148352237418263, -0.08369156387847129, -0.38975748698649015, 0.20880340146012052, 0.713006815929137, 0.6695095396480599, 0.13369427481550153, 0.07390478600275033], [-0.5847809326385319, 0.25517511131236664, -0.3088927630171521, 0.46468313824251384, -0.15964082955539619, -0.2875282743801335, -0.5252874677055221, 0.3616247284174492, 0.2476426968402518, -0.5064312492312716, 0.3843174053748303, 0.606961039191276, -0.029103131080177397], [-0.19616460224791332, -0.4822482019749773, -0.5817207248829884, -0.5127421916853239, -0.4915982198803577, 0.13086127690984883, 0.451798449504992, 0.46288129043424725, 0.6328012173466848, -0.19681498522726476, 0.1431274032505268, 0.10304905845155797, -0.034165677568404024]], "inverted": true, "swapped": false, "error_lsq": 0.041775059690345624, "error_max": 0.26185532738196154, "target": "119.xyz", "model": "1.xyz", "model_rescale": 3.9405287249114394, "target_rescale": 3.9219822581012127},
{"mapping": [6, 5, 0, 2, 1, 7, 3, 4, 8, 11, 9, 8, 12], "R": [[-0.8153299932487229, -0.43191670308765817, 0.385596892755797], [-0.21897766520237366, -0.38647958802141064, -0.8959253932026473], [0.5359904702991976, -0.8149119520762281, 0.2205282886882236]], "T": [0.02840287694745882, -0.0665217760397162, -0.0493391412900711], "aligned_model": [[0.02242086180405411, 0.5390319887701681, 0.045016687414717566, 0.07524807505721276, -0.603574290135807, -0.5754095072182093, -0.09075716800171438, -0.4594898385368318, 0.20604227748350462, 0.6559114214619978, 0.7072588322432343, 0.20604227748350462, 0.014576273588982745], [-0.5957093623043492, 0.09997564620874617, -0.3720277717497753, 0.4178913003371214, 0.12150678779870418, -0.527619315452916, -0.2874004872439371, 0.29715296749927494, 0.4424260291911132, -0.39598232670672967, 0.26309029498081365, 0.4424260291911132, 0.013009680021323147], [-0.172953086408166, -0.538841744879181, -0.829928698075737, -0.526119097213972, -0.48806052420243506, 0.17805812569307805, 0.46428830851510106, 0.29908172629972246, 0.5075326078925197, -0.12216126123048351, 0.23507531278544985, 0.5075326078925197, -0.08444018463778807]], "inverted": false, "swapped": false, "error_lsq": 0.06439623380113563, "error_max": 0.47536066764589324, "target": "119.xyz", "model": "2.xyz", "model_rescale": 3.932901565614263, "target_rescale": 3.9219822581012127},
{"mapping": [3, 4, 0, 2, 1, 11, 8, 10, 9, 7, 5, 6, 13], "R": [[-0.8317684990826405, -0.5479923659723704, 0.08868782763048737], [0.5483279804975356, -0.8359547184673274, -0.02271859317179034], [0.08658862360209606, 0.029733407275569515, 0.9958003488423166]], "T": [0.025874921715916245, -0.0676125507152594, -0.01888901458235173], "aligned_model": [[-0.0845678319940266, 0.6692122166427169, 0.10120183329482407, 0.08276443447616591, -0.5063796840806332, -0.6931729189584903, 0.003664157733363989, -0.4879469716339489, 0.3849302723321318, 0.6789040527888897, 0.5194586767194374, 0.04280202752263511, 0.031447626571748086], [-0.542885488811556, 0.2121446022172987, -0.22515293284838653, 0.4286966724706351, 0.08626140301032909, -0.34884693687832774, -0.652855417810076, 0.36530389445177947, -0.09156313635277577, -0.3424860081322414, 0.3865877024620467, 0.6142018770966261, 0.02933324089515084], [-0.1692336538199965, -0.5395419362846227, -0.6657717037403925, -0.6857027753107988, -0.5106170510876628, 0.4300944163239387, 0.42358606269303434, 0.22953774267122268, 0.6216565060719821, 0.06908873104035698, 0.23971665524134303, -0.05806579084479478, 0.04431688947701895]], "inverted": false, "swapped": false, "error_lsq": 0.053619908033541955, "error_max": 0.3277755197273349, "target": "119.xyz", "model": "3.xyz", "model_rescale": 3.9243930471874484, "target_rescale": 3.9219822581012127},
{"mapping": [5, 2, 0, 3, 6, 11, 9, 10, 8, 1, 7, 4, 12], "R": [[-0.28472150209024705, -0.29382078938241873, 0.9124708269167654], [-0.9545215909790823, -0.0009242557344072422, -0.29814036644858904], [0.08844319421094515, -0.9558600783995688, -0.2801951318630203]], "T": [-0.014393056018159045, 0.0012746059482989713, 0.0482393054300762], "aligned_model": [[-0.07444771211836257, 0.6247288931552182, 0.3734843818165548, -0.12983616040835333, -0.5711250997810413, -0.6466735575581533, -0.019428106413770532, -0.500218825406751, 0.1461311238561179, 0.5197867820973829, 0.7613815906100472, 0.2522029366184814, 0.006331644947443794], [-0.5671251651835972, 0.3697958194906734, -0.18428115597429054, 0.38501115477656367, -0.10088427911483203, -0.3964246176629205, -0.4207524670733713, 0.44485761420747894, 0.21455666395549358, -0.46781649983337514, 0.1885230555394946, 0.5316368751206837, -0.07835752647749858], [-0.44868950057011664, -0.5057730947629668, -0.6855471115855952, -0.49247551876730183, -0.40023534088448703, 0.3093729422884565, 0.6135314331668332, 0.3018830636829282, 0.6183964068715418, -0.02079499770875671, 0.12589543646138263, 0.051355326687953375, -0.037854952449242925]], "inverted": true, "swapped": false, "error_lsq": 0.035252122588805404, "error_max": 0.23761667271687423, "target": "119.xyz", "model": "4.xyz", "model_rescale": 3.8936222436046832, "target_rescale": 3.9219822581012127},
{"mapping": [9, 10, 2, 0, 3, 11, 8, 7, 5, 6, 4, 12], "R": [[0.5483484855272045, 0.793300823640642, -0.2645519639524544], [0.760963202472156, -0.3421704035481612, 0.5512299152069031], [0.3467692934839276, -0.5035803988905527, -0.7913013578592483]], "T": [-0.10117569130481804, -0.01839116122248056, -0.010097933914957793], "aligned_model": [[-0.10555609806104854, -0.5731052007063132, -0.2684646554898613, 0.34370369594611827, -0.5367335394229312, -0.674745102750203, -0.22200502540691347, -0.026652151836803487, 0.6620755853883609, 0.3783722886671712, 0.13309341774042743, -0.08243517185290636], [-0.5930084950323014, -0.5725770717013164, 0.19558886462085037, -0.04315436968885546, 0.4517973938938431, 0.004127433612508915, -0.5018788764901047, 0.3817387605601076, 0.20999578899174287, -0.46302465883471416, 0.6477594541240785, -0.04844131894603197], [-0.5592021690264973, -0.022710635894476652, -0.6423644211928634, -0.49627264982314107, -0.17796576926255042, 0.274873831959917, 0.530751499154724, 0.5606254098570115, 0.3028189896752898, 0.19572843869669732, -0.29707018838366644, -0.049927616484926364]], "inverted": true, "swapped": true, "error_lsq": 0.04057314311869554, "error_max": 0.22821465303904204, "target": "119.xyz", "model": "5.xyz", "model_rescale": 3.6523030999806103, "target_rescale": 3.9219822581012127},
{"mapping": [4, 0, 3, 1, 2, 10, 9, 6, 8, 7, 5, 1, 12], "R": [[0.0033008090435012183, -0.9999486716726937, -0.009579075094881095], [-0.6587099860895235, -0.009381463917007948, 0.7523384493435873], [-0.7523896988167754, 0.003826506865132584, -0.6587071420286963]], "T": [0.03021190158431772, -0.09667605117039123, 0.045002474598040985], "aligned_model": [[-0.2754970429091773, 0.6856278740196978, 0.32999379830371156, 0.00859021341355582, -0.477398771291613, -0.6271210399629613, 0.06616937308036533, -0.44548381852993, 0.14253250708019646, 0.5875458637107775, 0.6136000631127031, 0.00859021341355582, 0.1251686579739329], [-0.4285554786473255, 0.2844969813427522, -0.21907192399108905, 0.5060936795433205, 0.0862160652643688, -0.43226844463646075, -0.517532897657062, 0.26507506176655765, 0.21615983926989968, -0.48269852071143804, 0.23106721455328683, 0.5060936795433205, -0.09633578386962847], [-0.3092992171861965, -0.5971040219117013, -0.5696443895961578, -0.2993462154378122, -0.4889390135236228, 0.29791390389989986, 0.6317302225267949, 0.3008816965485062, 0.630853044197457, -0.03975345361372035, 0.17206991632901023, -0.2993462154378122, -0.0009521643640168706]], "inverted": false, "swapped": false, "error_lsq": 0.05511457504392063, "error_max": 0.4197788991505675, "target": "119.xyz", "model": "6.xyz", "model_rescale": 4.08911054899281, "target_rescale": 3.9219822581012127},
{"mapping": [11, 0, 1, 2, 13, 12, 10, 7, 4, 9, 3, 6, 14], "R": [[0.6528631785085088, 0.6846405546942066, 0.3240940928430761], [-0.3454225630444375, -0.11169315645404579, 0.9317767392144666], [0.674131235804705, -0.7202721358412677, 0.1635699460264017]], "T": [0.016041671157498008, -0.04988746948737794, 0.06807913081971337], "aligned_model": [[-0.10148389316411359, 0.6493289256889178, 0.1686747002321023, -0.12014940242267892, -0.5645560309800847, -0.6180308989120271, -0.12640711719205971, -0.4823962263371159, 0.28572968812804955, 0.6316346173927095, 0.7370692450188444, 0.17213550916133163, 0.11076877480093891], [-0.6059057447785086, 0.43928358993382455, -0.15595535775942068, 0.4800466415114008, -0.12482859085425202, -0.35212598440271975, -0.5705301412319147, 0.5420401972080197, 0.18829651827972246, -0.4467474318475932, 0.25997148077466703, 0.4225171752166202, -0.15732288027934335], [-0.078762560229934, -0.4262032894388713, -0.6414269088786219, -0.5241719753576135, -0.37144863730473376, 0.18893348116918612, 0.5454829950253113, 0.08976470849571341, 0.6742030877593053, -0.2113932340550467, 0.17083177039601738, 0.027935241461583854, -0.014680586611667296]], "inverted": true, "swapped": false, "error_lsq": 0.04221274769525067, "error_max": 0.24677663747462297, "target": "119.xyz", "model": "7.xyz", "model_rescale": 3.964800864290218, "target_rescale": 3.9219822581012127},
{"mapping": [6, 12, 11, 9, 10, 3, 0, 5, 1, 4, 7, 8, 13], "R": [[0.9021475307064315, 0.3622364122529569, -0.23433867473892261], [0.4286982814818726, -0.6916697727711971, 0.5812148560464797], [0.048452206294221555, -0.6248021343375413, -0.7792783049928156]], "T": [0.09999891432851932, -0.08812427875524569, 0.024709181558027364], "aligned_model": [[-0.039635329808380804, 0.6537613989426623, 0.13329011274150487, 0.08433711871073693, -0.5375440757378396, -0.4835054818545988, 0.01489615045519338, -0.5700178571637642, 0.2307977847752739, 0.5239707797465264, 0.6315443012850814, 0.0278141553535773, 0.07260883396884105], [-0.6108966644003603, 0.2060593325829589, -0.2931577859302737, 0.3562389760428828, 0.1934556140413632, -0.44797164563192077, -0.5218140703087738, 0.38613317556931087, 0.22301296863914283, -0.5606875945707076, 0.3289584457762323, 0.6766406185474529, -0.01723189858680521], [-0.18437724518883455, -0.396572257319302, -0.7777783769358195, -0.500793180693423, -0.41047550658842924, 0.2613422052240097, 0.5884733670169138, 0.18354279231163728, 0.6949368741715832, -0.278647316465855, 0.24910763846963538, -0.006621216342467547, 0.006926314770980189]], "inverted": false, "swapped": false, "error_lsq": 0.048052088611956506, "error_max": 0.3199838229677661, "target": "119.xyz", "model": "8.xyz", "model_rescale": 4.121658175737393, "target_rescale": 3.9219822581012127},
{"mapping": [9, 8, 6, 2, 1, 4, 5, 0, 10, 7, 11, 3, 12], "R": [[0.7253570729598411, 0.31457476167548504, 0.6122906466899061], [0.2858821860475811, 0.6714789663599601, -0.6836573508979593], [-0.6262016387776288, 0.6709386835270204, 0.3971306970497758]], "T": [0.11863684366210234, -0.014361900731003959, -0.04061983483920266], "aligned_model": [[0.02579586384139157, 0.5448821485394754, 0.05434675858810119, -0.0433821839772458, -0.481244878979014, -0.6581223311292731, -0.018642354252029175, -0.5384801554202865, 0.22891569245682192, 0.6450723331645074, 0.6942760271253663, 0.24819372929565986, 0.04070724216133917], [-0.8239793035945474, 0.10898365805114464, -0.3105160491222236, 0.5683110615907866, 0.11700823052833609, -0.4430040162653225, -0.3108773755396866, 0.25338204183431673, 0.2466248916874148, -0.4313425129836423, 0.21299991234921933, 0.7337933577127232, -0.0026444244780163655], [-0.21117783225171927, -0.6182478733951702, -0.6637904017354754, -0.3820704235351879, -0.35337456808485795, -0.00838570872401194, 0.48373777337756646, 0.29898975551244183, 0.6637985779574969, 0.02421653389766422, 0.10072446454398522, 0.174235265444581, -0.07959147057668411]], "inverted": false, "swapped": false, "error_lsq": 0.055062478268057546, "error_max": 0.34267757860714065, "target": "119.xyz", "model": "9.xyz", "model_rescale": 3.833441315466971, "target_rescale": 3.9219822581012127},
{"mapping": [2, 10, 8, 11, 7, 4, 5, 6, 1, 13, 0, 12, 14], "R": [[-0.329196014683608, 0.7421239391348652, -0.5838510451128619], [-0.8530278278146154, 0.031430344430999596, 0.5209180918559349], [0.4049364257390402, 0.6695253485954806, 0.6227056276426215]], "T": [-0.016274043392485782, 0.009085690220703543, -0.07242511044928283], "aligned_model": [[0.035362287628197014, 0.6424815033081728, 0.259957360417808, -0.0820610065935847, -0.5011675953502694, -0.5898629319114659, 0.11328660181244404, -0.43455712312545736, 0.1970283401923564, 0.5581631664487137, 0.5872007927734715, 0.01948718661822174, -0.06300069080379345], [-0.6982346022682515, 0.29987740155561826, -0.12202166371100526, 0.4470187689312743, 0.08574723753619011, -0.26525628095954934, -0.45249684825414627, 0.30597438565866797, 0.2659533251672711, -0.5316702051919128, 0.04302899421438658, 0.5961566028196631, -0.055337643727703306], [-0.18939497015551865, -0.46895437018921465, -0.7894093750400479, -0.5912928923431184, -0.5228862377563743, 0.4088698613785282, 0.40463966592412215, 0.37268828608598187, 0.5864603455958532, 0.04286363549329565, 0.24140435905944557, 0.058299544146240515, -0.12422375976856442]], "inverted": true, "swapped": false, "error_lsq": 0.04369057842983733, "error_max": 0.19157357344026513, "target": "119.xyz", "model": "10.xyz", "model_rescale": 4.2482417240324, "target_rescale": 3.9219822581012127},
{"mapping": [4, 7, 6, 8, 2, 9, 0, 10, 11, 1, 3, 12], "R": [[-0.5622923586503975, -0.024611416045205226, -0.8265721877752861], [-0.7742531628180477, 0.3667446275851666, 0.5157813664758233], [0.2904467993792027, 0.9299960517860641, -0.22527316838165592]], "T": [-0.01686477777624768, -0.06723581431782585, 0.03784824073540382], "aligned_model": [[-0.760688233920865, -0.10607061500055479, 0.4169138922843659, 0.6744225139613911, -0.48395025431566635, 0.2275682139520246, -0.27298847027288703, 0.5136809820311937, 0.16041187721628533, -0.021228258664774742, -0.45991305693596585, -0.011392987971540005], [-0.17001316399086666, -0.7511301470763951, -0.18267972940230653, -0.29237225422008095, 0.4304355380104027, 0.6541852108265797, 0.24201902203456296, 0.30957860911915647, -0.16747067173220542, 0.6260024078292458, -0.00736424452805548, -0.025059186819398005], [0.16882615909406273, -0.08750608744140789, 0.5560552223817224, -0.07311874424768908, -0.049834953837418546, 0.2648371090304087, 0.5609723564261876, -0.2885420969105129, -0.5697896655531764, -0.5355558850280797, -0.45112123073338306, 0.069970106673643]], "inverted": true, "swapped": true, "error_lsq": 0.04765329717225031, "error_max": 0.31749005823516036, "target": "119.xyz", "model": "11.xyz", "model_rescale": 3.6694154284099745, "target_rescale": 3.9219822581012127},
{"mapping": [6, 3, 4, 1, 0, 5, 7, 12, 10, 11, 8, 2, 13], "R": [[0.7103925993307137, 0.5194078014616728, 0.47492935326941377], [-0.2934510319115346, 0.8319410105959936, -0.47091469159346955], [-0.6397099707572234, 0.19516580302211894, 0.743425492328938]], "T": [0.052320479990457275, -0.06888308550695675, 0.035428763107581855], "aligned_model": [[-0.08529442538367357, 0.543852174875477, 0.24595391241073475, -0.085858553125685, -0.4517003513944048, -0.6426879209802576, -0.0732796458850298, -0.4305623137762137, 0.11107202859482504, 0.6007411837383668, 0.7705509782539943, 0.24907035393440793, -0.00953952984772699], [-0.5906273309222572, 0.36408381700925463, -0.14164082963509583, 0.5846903314866921, -0.10965689646972358, -0.4271521648349878, -0.4375503304762328, 0.34985955219978904, 0.1972997677295555, -0.5452920212955044, 0.16761280926144806, 0.5534233041423924, -0.04631053642482777], [-0.13398172549497686, -0.5233065542407116, -0.6751280989863805, -0.48439989857614624, -0.46958446671431425, 0.21757535751509932, 0.6682592217111241, 0.26618255206234753, 0.609208974937774, -0.09609274277090762, 0.06393305108137073, 0.053808586201097096, -0.06741016429474725]], "inverted": false, "swapped": false, "error_lsq": 0.03522897142926411, "error_max": 0.18161284597772362, "target": "119.xyz", "model": "12.xyz", "model_rescale": 3.9764082729961374, "target_rescale": 3.9219822581012127},
{"mapping": [12, 2, 9, 0, 5, 6, 14, 4, 3, 10, 8, 7, 15], "R": [[0.8502700718920275, 0.46684474155415695, -0.24309831782214944], [0.4835930628316079, -0.5105562894954625, 0.7109641515841499], [0.20779450047070766, -0.7220722003649344, -0.659873611409239]], "T": [0.0577336371637504, -0.12804214179994164, -0.05743543303495067], "aligned_model": [[0.1257000763006459, 0.5954600600119974, -0.057174248114497915, -0.0528642247948778, -0.6512454917859211, -0.5929726240416813, -0.08631479151533344, -0.4552241482365443, 0.3343588871340533, 0.7274369909929822, 0.7090034316717709, 0.12386401365202371, 0.022289960140196394], [-0.6549550863486446, 0.3781247331002827, -0.08316710143788805, 0.44894861956862064, -0.08142206413217626, -0.3210069019210475, -0.3591613909825301, 0.3679115363972951, 0.22266964864810604, -0.5719013428113051, 0.0179912353867758, 0.6169628168242264, -0.062255230521212485], [-0.4109277907547948, -0.35893983239039695, -0.6458923432424926, -0.4840004430015071, -0.5024062960212086, 0.29328492377184223, 0.6939911983985065, 0.024832308267972468, 0.6559530715214401, -0.08260141216746361, 0.17531925361490286, 0.05039816031105206, 0.020053294122775393]], "inverted": true, "swapped": false, "error_lsq": 0.04437154821715393, "error_max": 0.24576885142785723, "target": "119.xyz", "model": "13.xyz", "model_rescale": 4.170626492500431, "target_rescale": 3.9219822581012127},
{"mapping": [11, 1, 3, 2, 6, 5, 12, 4, 8, 9, 7, 0, 13], "R": [[0.3809350626743213, -0.8590543198029845, 0.3419271174580089], [0.41780650275588016, -0.16996756391904397, -0.8924958002536073], [0.8248188918060813, 0.482842316748706, 0.2941718764201136]], "T": [0.0818836409934113, 0.04756283395038901, -0.04276812802228692], "aligned_model": [[-0.023903584904331032, 0.7506342512313545, 0.07255539381018852, -0.22606998010823334, -0.6056166934112163, -0.6064491325424453, -0.18635037788529688, -0.39807539778053014, 0.1773709506083408, 0.6415464985872545, 0.7616903486010526, 0.35968898136845784, 0.02529663384021818], [-0.6213902370015666, 0.15368190304253407, -0.08367353910187694, 0.5360016433723822, -0.22995358277663924, -0.5234945505894385, -0.2812255882224651, 0.3947652932425797, 0.25261611983929727, -0.508796390502333, 0.2954916869287425, 0.5692733979586503, -0.034556684419363735], [-0.24517984416528515, -0.4065343089362653, -0.7196459623635059, -0.3582427925155786, -0.44003025265865753, 0.12249313421177077, 0.5535998839866025, 0.34729969166253355, 0.6646155136132741, -0.22593018102491608, 0.3230513999437653, -0.12339496467838401, -0.06303722464472471]], "inverted": false, "swapped": false, "error_lsq": 0.049783658220644005, "error_max": 0.2701867700513152, "target": "119.xyz", "model": "14.xyz", "model_rescale": 3.9786697098870705, "target_rescale": 3.9219822581012127},
{"mapping": [9, 6, 2, 1, 0, 4, 8, 7, 3, 11, 5, 12], "R": [[0.0697235099920046, 0.41607616121248236, -0.9066527782040263], [-0.8988435899468494, -0.36801102487432924, -0.23800858468216235], [-0.4326879163621917, 0.8315338319284611, 0.3483283700655385]], "T": [-0.007081208596985432, -0.017146137794700367, 0.013255013838209134], "aligned_model": [[-0.050745728567076716, -0.6701692752492753, 0.5571304052237267, 0.6023999362024604, -0.033541466472880636, 0.3955588457975629, -0.5061914108265553, -0.12036647582328647, 0.6241106137859856, 0.20337852682723476, -0.5032215503481872, -0.014987823782372593], [-0.3823429282520953, 0.009795462442936692, 0.04876384743666953, -0.6330231514349318, 0.3170523942071957, 0.6288981358399335, -0.47113284320981513, 0.27707676839899187, 0.002928761883934497, -0.4333194294602095, 0.6718398789855562, -0.021862406613726706], [-0.691333123466759, -0.15884400997232603, -0.3751456666573161, -0.22885818748965964, -0.5546428079956477, -0.025468567031322987, 0.3059379231150352, 0.6393398140587873, 0.21365812839409676, 0.4528051876232439, 0.1217591217760341, -0.039241318480336115]], "inverted": false, "swapped": true, "error_lsq": 0.04567781816759556, "error_max": 0.2829987535349723, "target": "119.xyz", "model": "15.xyz", "model_rescale": 3.769337070930944, "target_rescale": 3.9219822581012127},
{"mapping": [0, 4, 6, 5, 9, 2, 10, 3, 8, 7, 12], "R": [[-0.9112966363645165, -0.359980859722306, 0.19988051727046188], [-0.3046235111234945, 0.26282891929320185, -0.9154919309605966], [0.2770251920340679, -0.8951730222793562, -0.3491737435170788]], "T": [0.03502556063228614, 0.04726034667206864, 0.055942013692082765], "aligned_model": [[-0.18406211745971046, -0.3837778054375546, -0.22261857252718598, -0.8014360285412837, 0.46391373618834614, 0.26197489438272636, 0.6892577537245789, 0.23292292197873704, 0.20034388914675455, -0.3787028329179933, 0.04481029215375578], [-0.042577239010587124, -0.576379923344102, 0.6508490577929924, 0.22724212695942533, 0.2537670837996365, -0.48458256861418053, 0.3652300906693288, -0.5465039996856762, 0.6756247315239341, 0.015360632905333217, 0.05803450462923769], [-0.5595468469623479, -0.07316370576694867, -0.1423756012907056, 0.03209499977155847, -0.5805559279264312, -0.31711438057400365, 0.08550626393425742, 0.27330820685563756, 0.4004797593063739, 0.620914643116503, 0.004670196759883248]], "inverted": true, "swapped": true, "error_lsq": 0.04323711717404978, "error_max": 0.22608751978136085, "target": "119.xyz", "model": "16.xyz", "model_rescale": 3.7852294659196426, "target_rescale": 3.9219822581012127},
{"mapping": [8, 6, 11, 7, 2, 3, 0, 1, 4, 9, 10, 5, 12], "R": [[0.04678534249633377, -0.9540066380579649, 0.29611225281781195], [0.8247320021761985, -0.13035911821853105, -0.5502941257943121], [0.5635851810631113, 0.26995895028434613, 0.7807009087015553]], "T": [-0.005459881381616849, -0.02835609524771783, -0.026335879281959854], "aligned_model": [[-0.05029990112996137, 0.5868311093350123, 0.18841188740916542, -0.044103877594357244, -0.4858078105294742, -0.6533772956044075, 0.08498677081152345, -0.5292007655021704, 0.16030335359312567, 0.5578284904567001, 0.7932482025969019, 0.05720889156589107, 0.07628883600686519], [-0.6469302320669502, 0.5265614869357479, -0.20048735645420268, 0.45403608237177334, -0.018693303550281468, -0.32821282352952885, -0.4130368392030292, 0.3868350916215298, 0.25598373628330623, -0.6833288061776097, 0.04770093788190437, 0.5998925339163909, -0.061581036258547876], [-0.2252361586678349, -0.385015534687107, -0.7124238041244482, -0.5335157622669383, -0.4048322708767093, 0.3240700824446307, 0.5300698037189983, 0.13969399421614212, 0.600928096429392, -0.05762075742983902, 0.04806707481277299, 0.15692703407220132, -0.052047705210632456]], "inverted": true, "swapped": false, "error_lsq": 0.04196278084814928, "error_max": 0.2922635587258226, "target": "119.xyz", "model": "17.xyz", "model_rescale": 3.901054581598922, "target_rescale": 3.9219822581012127},
{"mapping": [5, 11, 9, 12, 13, 2, 8, 0, 1, 10, 6, 7, 14], "R": [[-0.35706124912646864, 0.6722354868799137, -0.6485419913556649], [-0.8954596556289779, -0.048758670531379444, 0.44246423266615004], [0.26581811359100116, 0.7387300198498352, 0.6193695893887461]], "T": [0.06817217247419774, -0.04726978854366559, 0.01722422554596305], "aligned_model": [[-0.16769436848107128, 0.6120337041383609, 0.15188589248233195, -0.02677466232986206, -0.43776721764372695, -0.7148352237418263, -0.08369156387847129, -0.38975748698649015, 0.20880340146012052, 0.713006815929137, 0.6695095396480599, 0.13369427481550153, 0.07390478600275033], [-0.5847809326385319, 0.25517511131236664, -0.3088927630171521, 0.46468313824251384, -0.15964082955539619, -0.2875282743801335, -0.5252874677055221, 0.3616247284174492, 0.2476426968402518, -0.5064312492312716, 0.3843174053748303, 0.606961039191276, -0.029103131080177397], [-0.19616460224791332, -0.4822482019749773, -0.5817207248829884, -0.5127421916853239, -0.4915982198803577, 0.13086127690984883, 0.451798449504992, 0.46288129043424725, 0.6328012173466848, -0.19681498522726476, 0.1431274032505268, 0.10304905845155797, -0.034165677568404024]], "inverted": true, "swapped": false, "error_lsq": 0.041775059690345624, "error_max": 0.26185532738196154, "target": "119.xyz", "model": "18.xyz", "model_rescale": 3.9405287249114394, "target_rescale": 3.9219822581012127},
{"mapping": [10, 9, 11, 13, 14, 3, 1, 12, 0, 5, 8, 7, 15], "R": [[-0.1017181432073804, -0.5521164284056332, 0.8275390436873964], [0.8325912709920054, -0.502526339642257, -0.23293572811759208], [0.5444678087916315, 0.665307994428417, 0.5108033650430244]], "T": [0.027869001959780943, 0.05321658170720534, 0.037478411673552335], "aligned_model": [[-0.18182306039027, 0.5660918115850704, 0.12668559762537007, -0.15706376646260845, -0.5623563267307278, -0.6431275833615734, -0.11146690521604517, -0.46742944988486174, 0.23837171967775314, 0.747655492109608, 0.7256441584266361, 0.42700846536794734, 0.03412773866851547], [-0.6108842991021413, 0.25634825970365016, -0.1530744670356421, 0.40838158376178596, -0.07812955181181175, -0.43999144769378934, -0.30530675137431906, 0.2223325901215596, 0.1822974960972028, -0.32750099264683263, 0.1261061472589707, 0.6235636015412224, 0.014597302950647636], [-0.32708063161320916, -0.4705211705604721, -0.6458169018838114, -0.5019541956567496, -0.44638232930257954, 0.2161905184135138, 0.573730170259986, 0.19939901415417915, 0.6791177039005334, -0.1305221238453508, 0.3204432465687877, -0.06748593778872614, 0.029946729784527087]], "inverted": true, "swapped": false, "error_lsq": 0.040381647870122335, "error_max": 0.2628438805356748, "target": "119.xyz", "model": "19.xyz", "model_rescale": 4.410303926677745, "target_rescale": 3.9219822581012127},
{"mapping": [6, 12, 11, 9, 10, 3, 0, 5, 1, 4, 7, 8, 13], "R": [[0.9021475307064315, 0.3622364122529569, -0.23433867473892261], [0.4286982814818726, -0.6916697727711971, 0.5812148560464797], [0.048452206294221555, -0.6248021343375413, -0.7792783049928156]], "T": [0.09999891432851932, -0.08812427875524569, 0.024709181558027364], "aligned_model": [[-0.039635329808380804, 0.6537613989426623, 0.13329011274150487, 0.08433711871073693, -0.5375440757378396, -0.4835054818545988, 0.01489615045519338, -0.5700178571637642, 0.2307977847752739, 0.5239707797465264, 0.6315443012850814, 0.0278141553535773, 0.07260883396884105], [-0.6108966644003603, 0.2060593325829589, -0.2931577859302737, 0.3562389760428828, 0.1934556140413632, -0.44797164563192077, -0.5218140703087738, 0.38613317556931087, 0.22301296863914283, -0.5606875945707076, 0.3289584457762323, 0.6766406185474529, -0.01723189858680521], [-0.18437724518883455, -0.396572257319302, -0.7777783769358195, -0.500793180693423, -0.41047550658842924, 0.2613422052240097, 0.5884733670169138, 0.18354279231163728, 0.6949368741715832, -0.278647316465855, 0.24910763846963538, -0.006621216342467547, 0.006926314770980189]], "inverted": false, "swapped": false, "error_lsq": 0.048052088611956506, "error_max": 0.3199838229677661, "target": "119.xyz", "model": "20.xyz", "model_rescale": 4.121658175737393, "target_rescale": 3.9219822581012127},
{"mapping": [4, 0, 3, 1, 2, 10, 9, 6, 8, 7, 5, 1, 12], "R": [[0.0033008090435012183, -0.9999486716726937, -0.009579075094881095], [-0.6587099860895235, -0.009381463917007948, 0.7523384493435873], [-0.7523896988167754, 0.003826506865132584, -0.6587071420286963]], "T": [0.03021190158431772, -0.09667605117039123, 0.045002474598040985], "aligned_model": [[-0.2754970429091773, 0.6856278740196978, 0.32999379830371156, 0.00859021341355582, -0.477398771291613, -0.6271210399629613, 0.06616937308036533, -0.44548381852993, 0.14253250708019646, 0.5875458637107775, 0.6136000631127031, 0.00859021341355582, 0.1251686579739329], [-0.4285554786473255, 0.2844969813427522, -0.21907192399108905, 0.5060936795433205, 0.0862160652643688, -0.43226844463646075, -0.517532897657062, 0.26507506176655765, 0.21615983926989968, -0.48269852071143804, 0.23106721455328683, 0.5060936795433205, -0.09633578386962847], [-0.3092992171861965, -0.5971040219117013, -0.5696443895961578, -0.2993462154378122, -0.4889390135236228, 0.29791390389989986, 0.6317302225267949, 0.3008816965485062, 0.630853044197457, -0.03975345361372035, 0.17206991632901023, -0.2993462154378122, -0.0009521643640168706]], "inverted": false, "swapped": false, "error_lsq": 0.05511457504392063, "error_max": 0.4197788991505675, "target": "119.xyz", "model": "21.xyz", "model_rescale": 4.08911054899281, "target_rescale": 3.9219822581012127},
{"mapping": [14, 10, 12, 7, 13, 2, 15, 0, 8, 9, 5, 6, 16], "R": [[-0.10391741135858373, 0.9941081654573494, -0.030824129956163238], [-0.2760734803275535, -0.05860520548971446, -0.9593481450179284], [-0.9555022789488066, -0.09118325098685548, 0.2805370023064789]], "T": [-0.009708700384083724, -0.054295839082760665, 0.06174095636094349], "aligned_model": [[-0.006651175798966388, 0.5692425362650835, 0.133815579498165, -0.04404865478135979, -0.3713152041163887, -0.5664145417932551, -0.030416695471152486, -0.522219874307672, 0.2581895132199756, 0.5745079855455697, 0.6854400694053457, 0.1094155817500366, -0.047227228000567494], [-0.6347704900669957, 0.2806688887683891, -0.24096925078793038, 0.42979781342683837, -0.0300083249017069, -0.3833455770259439, -0.6634580718165494, 0.5250044168724298, 0.32355768362502385, -0.37174113138094517, 0.03623336349895174, 0.6803928837633886, -0.03262273220444725], [-0.2118690161459181, -0.3896452484492411, -0.6379184782790241, -0.45813430862224674, -0.4908717643953215, 0.38276853379578274, 0.4617404201661251, 0.10443648578722517, 0.5777053743057712, -0.19412416795577822, 0.14112423727279438, 0.1018160668423026, 0.042035958108156586]], "inverted": false, "swapped": false, "error_lsq": 0.042271223996322584, "error_max": 0.24806819751631287, "target": "119.xyz", "model": "22.xyz", "model_rescale": 4.204369325754507, "target_rescale": 3.9219822581012127},
{"mapping": [10, 9, 11, 13, 14, 3, 1, 12, 0, 5, 8, 7, 15], "R": [[-0.1017181432073804, -0.5521164284056332, 0.8275390436873964], [0.8325912709920054, -0.502526339642257, -0.23293572811759208], [0.5444678087916315, 0.665307994428417, 0.5108033650430244]], "T": [0.027869001959780943, 0.05321658170720534, 0.037478411673552335], "aligned_model": [[-0.18182306039027, 0.5660918115850704, 0.12668559762537007, -0.15706376646260845, -0.5623563267307278, -0.6431275833615734, -0.11146690521604517, -0.46742944988486174, 0.23837171967775314, 0.747655492109608, 0.7256441584266361, 0.42700846536794734, 0.03412773866851547], [-0.6108842991021413, 0.25634825970365016, -0.1530744670356421, 0.40838158376178596, -0.07812955181181175, -0.43999144769378934, -0.30530675137431906, 0.2223325901215596, 0.1822974960972028, -0.32750099264683263, 0.1261061472589707, 0.6235636015412224, 0.014597302950647636], [-0.32708063161320916, -0.4705211705604721, -0.6458169018838114, -0.5019541956567496, -0.44638232930257954, 0.2161905184135138, 0.573730170259986, 0.19939901415417915, 0.6791177039005334, -0.1305221238453508, 0.3204432465687877, -0.06748593778872614, 0.029946729784527087]], "inverted": true, "swapped": false, "error_lsq": 0.040381647870122335, "error_max": 0.2628438805356748, "target": "119.xyz", "model": "23.xyz", "model_rescale": 4.410303926677745, "target_rescale": 3.9219822581012127},
{"mapping": [11, 15, 9, 8, 10, 1, 7, 3, 12, 14, 6, 5, 16], "R": [[0.3607558327602499, -0.680324348886701, -0.6379764959944408], [0.8583062809749666, 0.5098140472452871, -0.05830922114298498], [0.3649185623784845, -0.5265438419953903, 0.7678450529165071]], "T": [0.07010356584802356, -0.01617319803409142, 0.010162719376287419], "aligned_model": [[-0.03470173046205505, 0.5818085787824988, 0.14527313828546495, -0.12009136938520933, -0.4021799517118927, -0.664025165906794, -0.0492568916527598, -0.7351841691704032, 0.37565622623731176, 0.5896327070447959, 0.7963978886245209, 0.2999295722624215, -0.040940941533085404], [-0.6038466499824144, 0.22569075174351916, -0.1399661108804777, 0.3998192551290129, -0.055499013321791066, -0.3901386177969851, -0.4364944901474538, 0.35059321231147084, 0.24538158669743163, -0.3692550673559461, 0.12233659618463244, 0.5562517430962063, 0.013866276093297675], [-0.2004963662366081, -0.4245486795661041, -0.5993000225013135, -0.672832765804561, -0.43613953870539074, 0.2500381445535299, 0.51117568254556, 0.17216595608834784, 0.7061530218207772, -0.2419734641003497, 0.18682534521410615, 0.13309248377660104, 0.0449042953460332]], "inverted": true, "swapped": false, "error_lsq": 0.03737019330327694, "error_max": 0.20791050761835128, "target": "119.xyz", "model": "24.xyz", "model_rescale": 4.28219845311461, "target_rescale": 3.9219822581012127},
{"mapping": [13, 6, 2, 0, 4, 7, 9, 3, 5, 14, 10, 8, 15], "R": [[-0.6090948934988696, 0.5276549188760322, 0.5921010870616005], [-0.7684220115080724, -0.2078513404419976, -0.605248240399221], [-0.1962932065647946, -0.8236371208623328, 0.5320628442149652]], "T": [0.040446057420339444, -0.08338161826964052, 0.021655551874997757], "aligned_model": [[-0.08914089694667426, 0.604042789018848, 0.15405434490893435, -0.06629692346734076, -0.5628932641224635, -0.6207321460862446, -0.19400372134607163, -0.6075529379679475, 0.18172886755805842, 0.6887750266738077, 0.8092034941880352, 0.41866190312807994, 0.026471355875793127], [-0.6305106446175757, 0.38741600321426417, -0.24609607715329523, 0.4018233531331139, 0.04216314438551355, -0.4833430474976544, -0.3237323963212614, 0.2426802606111667, 0.38868174964898633, -0.39050998542707305, 0.09108315142994045, 0.48209340058165795, -0.04300944021728055], [-0.17010864374672588, -0.5007479882140778, -0.6336284981918626, -0.6254427743421785, -0.3718781171748605, 0.11341743986732167, 0.6082887324957594, 0.2933655038022563, 0.7162604936534551, -0.23424743483788482, 0.1126438279105009, 0.1599914981779256, -0.03884994696900012]], "inverted": false, "swapped": false, "error_lsq": 0.049614923918574395, "error_max": 0.2712634993002071, "target": "119.xyz", "model": "25.xyz", "model_rescale": 4.100010024507729, "target_rescale": 3.9219822581012127},
{"mapping": [4, 7, 6, 8, 2, 9, 0, 10, 11, 1, 3, 12], "R": [[-0.5622923586503975, -0.024611416045205226, -0.8265721877752861], [-0.7742531628180477, 0.3667446275851666, 0.5157813664758233], [0.2904467993792027, 0.9299960517860641, -0.22527316838165592]], "T": [-0.01686477777624768, -0.06723581431782585, 0.03784824073540382], "aligned_model": [[-0.760688233920865, -0.10607061500055479, 0.4169138922843659, 0.6744225139613911, -0.48395025431566635, 0.2275682139520246, -0.27298847027288703, 0.5136809820311937, 0.16041187721628533, -0.021228258664774742, -0.45991305693596585, -0.011392987971540005], [-0.17001316399086666, -0.7511301470763951, -0.18267972940230653, -0.29237225422008095, 0.4304355380104027, 0.6541852108265797, 0.24201902203456296, 0.30957860911915647, -0.16747067173220542, 0.6260024078292458, -0.00736424452805548, -0.025059186819398005], [0.16882615909406273, -0.08750608744140789, 0.5560552223817224, -0.07311874424768908, -0.049834953837418546, 0.2648371090304087, 0.5609723564261876, -0.2885420969105129, -0.5697896655531764, -0.5355558850280797, -0.45112123073338306, 0.069970106673643]], "inverted": true, "swapped": true, "error_lsq": 0.04765329717225031, "error_max": 0.31749005823516036, "target": "119.xyz", "model": "26.xyz", "model_rescale": 3.6694154284099745, "target_rescale": 3.9219822581012127},
{"mapping": [6, 4, 0, 5, 1, 3, 12, 7, 9, 2, 10, 8, 13], "R": [[0.6588142280400753, 0.005361275756337436, -0.7522865608624311], [0.20944833418013883, -0.9617454825631261, 0.17657016191470384], [-0.7225615601740273, -0.2738921019154885, -0.6347345179421008]], "T": [0.1087185971341595, 0.03194152101285863, 0.002639244498557493], "aligned_model": [[-0.18907157967021715, 0.7508021872224356, 0.21262709295132726, -0.2569135184069205, -0.4983445412882033, -0.5402326345779443, 0.0622878778820138, -0.43839442365689923, 0.08588191195134327, 0.5078267009761661, 0.6485221323430035, 0.254826970824984, 0.14249971486372498], [-0.5730377409330977, 0.3369913614413538, -0.06750477911504595, 0.4200509700210483, -0.23142085831336934, -0.17422142733591187, -0.6182378443488536, 0.31982070794317696, 0.1574173961161322, -0.4780359024676992, 0.1889673118867405, 0.6479641814226837, -0.010013904546654899], [-0.1258579734422822, -0.4099184221164582, -0.6425326713665287, -0.5818799693829572, -0.5819642594425052, 0.4375994241943865, 0.45523596844275344, 0.12062840049039014, 0.672413703587049, -0.20415871291653084, 0.21675548458581229, 0.08938956109206017, -0.016646441294561318]], "inverted": true, "swapped": false, "error_lsq": 0.0452007338855358, "error_max": 0.2775165239544353, "target": "119.xyz", "model": "27.xyz", "model_rescale": 4.103607728864725, "target_rescale": 3.9219822581012127},
{"mapping": [1, 9, 0, 3, 2, 4, 8, 13, 11, 5, 6, 10, 14], "R": [[-0.7890207580172781, 0.3967124470158134, 0.4691113703594971], [-0.2653175762019235, -0.9087223400336184, 0.32222708216747], [0.5541234764708822, 0.12978036487292832, 0.82225557445193]], "T": [0.07758456132416028, 0.14048253379326883, 0.014325131953107494], "aligned_model": [[-0.06009304962080883, 0.7624843052830288, 0.13269159748947487, -0.17455648698125745, -0.5290775576684642, -0.6806663582530288, -0.15487444520095894, -0.3994801840943437, 0.24067435706174525, 0.6377258750588516, 0.6718908306755882, 0.2637817099799825, 0.03181729768500492], [-0.6734294307118576, 0.2804725425326683, -0.17785894556730367, 0.3451514684059701, -0.05697087026521372, -0.3282799568606021, -0.43394832170665465, 0.2385002868776202, 0.2316676281866256, -0.307131729315554, 0.16441055938457055, 0.6097232234222686, 0.02643301738796519], [-0.3341759750103576, -0.4116315139995179, -0.6223173564697464, -0.6624808753567831, -0.3521362341377502, 0.17841826846662526, 0.5512347885449781, 0.4417292518592851, 0.6754969935337671, -0.13067000758952788, 0.23225808185458405, -0.05581097383196302, -0.08085035543296512]], "inverted": false, "swapped": false, "error_lsq": 0.041183128496653836, "error_max": 0.27053926589245014, "target": "119.xyz", "model": "28.xyz", "model_rescale": 4.137296879288765, "target_rescale": 3.9219822581012127},
