[{"mapping": [6, 4, 11, 10, 7, 0, 3, 1, 8, 2, 12, 13], "R": [[-0.7716777947287469, -0.4912084480764591, -0.4040144077392477], [0.6277496862578953, -0.48617277984593754, -0.6079196982661343], [0.10219448383201692, -0.7227380498321578, 0.6835246877758823]], "T": [-0.08539144030091274, -0.01851017032331259, -0.10710497401024725], "aligned_model": [[-0.20164201056416642, 0.17712848327440572, 0.4770510996724403, -0.08496637226804078, -0.2690779314314412, -0.5374672310277021, 0.45473726317067564, -0.1775235312710633, 0.6247179305239331, 0.10361602324571749, -0.5918138420448367, -0.1371174188193728], [-0.35007033595594683, -0.6959562647899463, -0.23505293828587911, 0.6117588044979676, 0.4582148069497425, -0.557826574597519, -0.37064816989804994, -0.3270433948124253, 0.14848210295228131, 0.20585709654533002, 0.28095180489794735, -0.1151119015264451], [-0.5502849543035797, 0.03370954430447058, -0.5334807094578776, -0.027797811639233963, -0.6466954552918426, 0.017406711967203017, 0.4634287353750303, 0.6757056169384067, 0.09403207738526541, 0.476203762144014, 0.2329352834225839, -0.05321105549087773]], "inverted": true, "swapped": true, "error_lsq": 0.04219382006754736, "error_max": 0.2822732261388565, "target": "12.xyz", "model": "0.xyz", "model_rescale": 3.751011558992144, "target_rescale": 3.9764082729961374},
{"mapping": [6, 11, 9, 12, 7, 4, 1, 8, 13, 2, 5, 0, 10, 14], "R": [[-0.5904488485160128, -0.3995732306080601, 0.7012213563972173], [0.05173656737275874, -0.8857948816110396, -0.46118407963433505], [0.8054151009775016, -0.2360268228255483, 0.5436891152343208]], "T": [0.04553990470799665, 0.04226293446587942, 0.006990015179667755], "aligned_model": [[0.10558536794476504, 0.03531997471713447, -0.21129419979598515, 0.5431425374852312, 0.5720658406430763, -0.5394566798268678, 0.2156672768817897, -0.29472767300844915, 0.21745699188974882, 0.23859296329115437, -0.2912027313653619, 0.6233382588567549, -0.675335705633648, 0.059112628176466966], [-0.3531024751650042, 0.2710075615160187, 0.6248889132296509, 0.4569652244493286, -0.1934151070128969, -0.48949022559580185, -0.6332984290248471, -0.21340766078689594, 0.6961338524468199, 0.23330755066005449, 0.4255448974756326, -0.31107583840270314, 0.1326348730128833, 0.08429415133401462], [-0.6284676785200988, -0.7574067650028175, -0.16263555178324335, -0.356862612422304, -0.3199707215298964, -0.017331636835922065, -0.011959149224770219, 0.5161744360115967, 0.2723191241260528, 0.7879961439539667, 0.3672473966132424, 0.34875790722073685, -0.3733059422885639, -0.02545949066556373]], "inverted": true, "swapped": false, "error_lsq": 0.03824368374043992, "error_max": 0.23900180794986364, "target": "12.xyz", "model": "1.xyz", "model_rescale": 3.9405287249114394, "target_rescale": 3.9764082729961374},
{"mapping": [7, 5, 12, 4, 0, 10, 11, 6, 1, 2, 3, 8, 13], "R": [[-0.4504074005902804, 0.7818503361023137, 0.43109537857672037], [0.33868696003821674, 0.5963777596441361, -0.7277531936734545], [-0.8260897751416478, -0.18177904097706188, -0.533415470030521]], "T": [-0.061476659471915246, 0.05655051082509772, 0.018026300003034956], "aligned_model": [[-0.2929727920982914, 0.20968980448007626, -0.3393809592778062, 0.46525368213165463, 0.49318257293119194, -0.6696159291239365, 0.15525239484474598, 0.4099200769856026, -0.004408547990891659, -0.4933959306240203, -0.03009107441969694, -0.42916513291644276, 0.021715114361745697], [0.7607179741649613, 0.5805820781994343, -0.006254189971066408, -0.3849697163610073, -0.13397342181115832, 0.21565195260610218, 0.2122176992490778, 0.3618976183852367, -0.7318251479860619, -0.4321222573614893, -0.7225657732555053, -0.24709719243641598, -0.013427029850090429], [-0.034156480893322905, -0.5264279751199099, -0.5988961181127204, 0.29242324963988664, -0.39037501173368017, -0.07352776729467805, 0.706375697017555, 0.08438211523823781, -0.2847616544264987, -0.012929187920910926, 0.38304912330958374, 0.6055644775805696, -0.03760011769546772]], "inverted": true, "swapped": true, "error_lsq": 0.04958246599208694, "error_max": 0.35525866122615735, "target": "12.xyz", "model": "2.xyz", "model_rescale": 3.932901565614263, "target_rescale": 3.9764082729961374},
{"mapping": [5, 4, 0, 2, 6, 9, 12, 8, 1, 11, 3, 10, 7, 13], "R": [[0.8924956641833508, -0.35969643744628665, -0.27215797306411904], [-0.12160234932203591, 0.389161592939661, -0.9131079471891742], [0.4343551059366998, 0.8480399327090181, 0.3035851025290982]], "T": [-0.014209683802666496, 0.10696167184868374, 0.03751581088563032], "aligned_model": [[0.013547279785128742, -0.05131582654471065, -0.05029882065268091, 0.4849034235665191, 0.5270583440295905, -0.368664650794582, 0.3124348942446281, -0.5580201826403731, 0.5118899288120301, 0.07947936943898049, -0.2990289308107634, 0.5722734272355895, -0.62288298118585, 0.04688957577230309], [-0.3918443468731676, 0.35174917367346603, 0.7384233576120706, 0.5173406601093072, -0.11385222685173069, -0.5352416533342557, -0.5804972344878537, -0.07334507010575378, 0.5992133436794305, -0.057565648685101084, 0.4412826693554954, -0.18017369364037292, 0.0030095364270356917, 0.012488421257684346], [-0.4794191872658869, -0.8002959923607581, -0.18362677379061368, -0.48848328153256276, -0.31598440816530726, -0.004071505541152744, -0.024398499983602058, 0.4963691051873817, 0.20978336470426057, 0.910362773685001, 0.2978865950397099, 0.3320260529037768, -0.32088803666780297, 0.009835253439971818]], "inverted": false, "swapped": false, "error_lsq": 0.04404926218528036, "error_max": 0.3225676875680043, "target": "12.xyz", "model": "3.xyz", "model_rescale": 3.9243930471874484, "target_rescale": 3.9764082729961374},
{"mapping": [4, 11, 3, 1, 2, 0, 0, 8, 10, 7, 12, 5, 13], "R": [[0.02263390182865907, -0.9635492778862219, 0.2665717456388632], [0.32606108858275407, -0.2449454711220136, -0.9130640079912493], [0.9450777073871968, 0.10758487468856878, 0.3086318547039579]], "T": [-0.06287821862027523, 0.05196473891179307, -0.10970568701532864], "aligned_model": [[-0.0646322852444619, -0.31209591761382915, 0.5148558158605581, 0.495719261627273, 0.5887014998135089, -0.2834869196838189, -0.2834869196838189, 0.41506163360082404, 0.20920043361862337, -0.44931929966551065, 0.15637238965928366, -0.6453026852235989, -0.06438112075368035], [-0.539290190244247, 0.17170488701939837, -0.3652333520544484, -0.5649637759690457, 0.05271190764392639, -0.5809362189421601, -0.5809362189421601, 0.28422334136188276, 0.5731581839173255, 0.6505414624258081, 0.05412868698529169, 0.040242019125910904, -0.06752117864589587], [-0.55478228912923, -0.7942358064013212, -0.592839249190369, 0.04470142645284832, -0.06779046714291051, 0.13829843187801355, 0.13829843187801355, -0.6484331603800112, 0.13083409594701578, 0.10132633760975089, 0.5334840115684308, 0.4427570818834791, -0.084548529602746]], "inverted": true, "swapped": true, "error_lsq": 0.04780085597544995, "error_max": 0.4641628444068971, "target": "12.xyz", "model": "4.xyz", "model_rescale": 3.8936222436046832, "target_rescale": 3.9764082729961374},
{"mapping": [11, 8, 4, 6, 1, 2, 10, 12, 5, 7, 0, 13], "R": [[0.33526552511312785, 0.8976007012498695, -0.2861992466558243], [0.25987488124733027, 0.203886345068026, 0.9438725572827553], [0.9055727876693871, -0.39082392379503156, -0.16490781310220198]], "T": [-0.06656647727907757, -0.08784376653272379, -0.030326336787961133], "aligned_model": [[-0.03838057863894065, -0.6528816265729923, -0.2987635849157086, 0.37756142093030604, -0.6308850583689367, -0.6611338119902375, -0.16379702099954593, -0.06183512489149724, 0.6550099800277125, 0.4530628492443433, 0.12459078143480705, -0.07500018304421302], [-0.5846300979511622, -0.551820425354583, 0.15230065059316034, -0.07191926800806656, 0.5427547444811887, -0.02526693113943508, -0.36785055956005636, 0.2831931506441476, 0.19504333270032082, -0.48853273105080836, 0.560710074108195, 0.024940965646906593], [-0.5757046870556738, -0.1467654070695827, -0.6907003307328653, -0.3801143494935478, -0.04939335137668789, 0.23213775134400752, 0.5315199095595721, 0.5389519085920613, 0.17913272323279233, 0.3183841953153659, -0.26178839125124737, -0.07637525178867605]], "inverted": true, "swapped": true, "error_lsq": 0.04039337689040893, "error_max": 0.24171893759075735, "target": "12.xyz", "model": "5.xyz", "model_rescale": 3.6523030999806103, "target_rescale": 3.9764082729961374},
{"mapping": [5, 12, 10, 7, 9, 0, 2, 6, 1, 3, 8, 11, 13], "R": [[0.09693201746537271, -0.3858629412932676, 0.9174497122603512], [-0.05501430991559225, 0.9183039892149671, 0.39203470394390966], [-0.9937693946256366, -0.08847357757198514, 0.06778507488385678]], "T": [0.08961171651892054, -0.09522850635241208, 0.03274035538646408], "aligned_model": [[0.2574256201744611, -0.2588103518542005, 0.21202069885300207, 0.6842504009480079, 0.7137433988069434, -0.3069290431643603, -0.32686474573307384, 0.36321307243618917, -0.7463566709318109, -0.4036116307690494, 0.13877687069434674, 0.5570900414886278, -0.0028647562847886887], [-0.6501795771858846, -0.030493886708987422, 0.39020451952207114, -0.0730302356681811, 0.3997842194765633, -0.6895271110167632, 0.40744293937503173, -0.5775106559976162, -0.05522022516772511, 0.186716975879531, 0.5082591972149468, -0.10320467231884452, -0.1724145832409587], [0.5881128386779513, 0.6125506619149927, 0.4237641471724885, 0.4777992169189787, -0.06779974269275611, 0.050131698901848785, 0.019236747251535173, -0.07861968963643902, -0.09386804370788027, -0.6141648736404535, -0.4211133992184658, -0.5385993381121299, 0.012679515652118632]], "inverted": false, "swapped": true, "error_lsq": 0.05325146261983474, "error_max": 0.33496011036781964, "target": "12.xyz", "model": "6.xyz", "model_rescale": 4.08911054899281, "target_rescale": 3.9764082729961374},
{"mapping": [4, 10, 11, 12, 5, 3, 6, 0, 13, 2, 1, 7, 9, 14], "R": [[0.4651468375773049, 0.8791453589043179, -0.10364293226665608], [0.37784039005964787, -0.09129197216323459, 0.921359004654603], [0.8005467251393923, -0.46772771324302087, -0.3746407974754604]], "T": [0.053280799274599125, 0.07012941874083434, -0.10349471565953194], "aligned_model": [[0.10680194705344065, 0.1531348713505944, -0.09129696196940583, 0.5394361374088498, 0.6595150920561825, -0.4307218395588264, 0.07156743581098968, -0.49144508776771073, 0.3849687187686772, 0.16104089518552944, -0.35633820066819893, 0.705605117027175, -0.7186391948244224, -0.09536407961706493], [-0.5214856001853271, 0.29828971067050336, 0.6065002189001405, 0.5424125075122304, -0.1902584011555103, -0.5551175182956606, -0.3350362607569272, -0.3638147181361957, 0.6128471335341293, 0.02374613714670637, 0.4090403279070003, -0.13640193391819155, 0.1975675312587968, 0.14269815365455965], [-0.4829372618028025, -0.7796950883142604, -0.29305921298773374, -0.32395693300145934, -0.4845188554309781, -0.06801021771274518, 0.18745087639296598, 0.5286622088140571, 0.25890717239136807, 0.6942370037857221, 0.4017752412837047, 0.2585919443749416, -0.15305637519405674, -0.10529504294630815]], "inverted": false, "swapped": false, "error_lsq": 0.04272388321485534, "error_max": 0.26006657317350496, "target": "12.xyz", "model": "7.xyz", "model_rescale": 3.964800864290218, "target_rescale": 3.9764082729961374},
{"mapping": [7, 12, 11, 4, 2, 8, 1, 5, 6, 3, 10, 0, 9, 13], "R": [[-0.03221243978872318, -0.37794178545208457, 0.9252688071755951], [0.4005182110519325, -0.8530506167864778, -0.33449933903667134], [0.9157224040824915, 0.3598119675740384, 0.17885140942100974]], "T": [0.10782872732919194, 0.04929959267340771, -0.0018413057710804162], "aligned_model": [[0.09289216463776345, -0.1161805660603786, -0.10877936461233487, 0.49369181035691645, 0.6798876795869951, -0.5356762258329776, 0.2395774538348781, -0.44385381384749245, 0.363240765295027, 0.2821994072576447, -0.5690661803356905, 0.6901149765052147, -0.5027990267119261, 0.03301577018217029], [-0.4392439709186585, 0.1525523262093666, 0.813738827798329, 0.5086234324677446, -0.10435139500931183, -0.3496542781475421, -0.6892460693607315, -0.2613195955826422, 0.5341274443299766, 0.1373169398850497, 0.32671835500082674, -0.15191345658232353, 0.2265187951228128, 0.027119932923357626], [-0.5194852476166725, -0.7158676685764234, -0.23816082422175097, -0.3695703994892252, -0.29806530358341377, -0.1352383283016297, 0.015835496176105475, 0.544265658674869, 0.18845443327410571, 0.6965930206143868, 0.3723058942629504, 0.36369310485598033, -0.26562877148260894, -3.5604934257790766e-05]], "inverted": true, "swapped": false, "error_lsq": 0.04520246794375832, "error_max": 0.2964290181980626, "target": "12.xyz", "model": "8.xyz", "model_rescale": 4.121658175737393, "target_rescale": 3.9764082729961374},
{"mapping": [4, 1, 2, 8, 0, 6, 12, 7, 10, 5, 11, 9, 13], "R": [[0.5406321749878351, -0.6707118716343867, -0.507801572089553], [-0.8089527797068643, -0.24880645081005445, -0.5326262763325162], [0.23089445981326828, 0.6987423955106793, -0.677087005593474]], "T": [-0.05203028107897316, -0.022606564404196828, -0.033430239531877896], "aligned_model": [[-0.6539853578939259, -0.2124044073396164, 0.30125725755892613, 0.23283235530511032, -0.6064801190867112, -0.47416670059372296, 0.24582398207307482, 0.2867207124285926, 0.5773049544537178, -0.21031846478985045, -0.27918375128427647, 0.4111510176310272, -0.14181398202714807], [0.23498381318021133, -0.30069029020886334, -0.010687772587586842, 0.5960570788751558, -0.45657047000872136, 0.00479957910558269, -0.6192561264729398, -0.08529026111925357, -0.08311242027762077, -0.6001759709102679, 0.6457298999492088, 0.5452424485745382, -0.08064206868773356], [-0.378359120060776, -0.8166435407278501, -0.5823923792438295, -0.3631368154258346, -0.1558988893616155, 0.3419423487998472, -0.16404661779975396, 0.624964654914697, 0.028254361710891747, 0.5012932628900921, 0.1828018586782444, 0.2947417426276034, -0.09244543304262723]], "inverted": true, "swapped": true, "error_lsq": 0.03504728277956773, "error_max": 0.23576447278600582, "target": "12.xyz", "model": "9.xyz", "model_rescale": 3.833441315466971, "target_rescale": 3.9764082729961374},
{"mapping": [4, 3, 2, 9, 7, 1, 12, 0, 8, 10, 13, 11, 5, 14], "R": [[0.5470845797880439, 0.8356154392714086, 0.04944997683913016], [-0.37448063267921694, 0.19148669276280614, 0.9072469907599234], [0.7486405801893943, -0.51485889731655, 0.4176812152200209]], "T": [0.056780871274822786, -0.07939640883492195, -0.02445445216886756], "aligned_model": [[-0.21185112662976807, 0.21823587833265412, -0.16278876023254965, 0.408119312580248, 0.6536193557658424, -0.45928774948842843, 0.179387968385464, -0.4320340739603423, 0.4708837907840454, 0.2284044458817435, -0.4972230483073624, 0.6866343790723094, -0.5751648584560795, 0.09132933652803335], [-0.2726883456324171, 0.2726526894839831, 0.5620779648781167, 0.6120072684883135, -0.02481045248077575, -0.584808725200198, -0.6092523922230952, -0.11692167921456505, 0.48650258726948437, 0.07737657835465415, 0.4415612661490256, -0.16530939461886313, 0.06488334878944453, -0.012283425906853121], [-0.7499802318356551, -0.8018318140829085, -0.2630965685624672, -0.26200945880458637, -0.31551831729331475, 0.1299492461146478, 0.234852689878216, 0.4482767241896879, 0.31589310642191154, 0.7640388722459114, 0.21506443931476948, 0.22301392688684202, -0.21749110071453148, -0.08206605410610734]], "inverted": false, "swapped": false, "error_lsq": 0.04704557206093397, "error_max": 0.27252094955830924, "target": "12.xyz", "model": "10.xyz", "model_rescale": 4.2482417240324, "target_rescale": 3.9764082729961374},
{"mapping": [9, 7, 12, 5, 3, 1, 2, 0, 6, 4, 11, 13], "R": [[0.5611149811405678, 0.565500141972945, 0.6044498054993479], [-0.525854439906633, -0.3204101074424337, 0.7879178073119107], [0.6392394590215011, -0.7599650995126731, 0.11758384902949603]], "T": [-0.0404048988322175, -0.026086122272298014, -0.0014118365718830406], "aligned_model": [[-0.7003306934891741, -0.03664956632291301, 0.3773438815387831, 0.6113012635592683, -0.4187937963882104, 0.18547059368716684, -0.2499607842342355, 0.5554958599956479, 0.13942971842096574, -0.0858468070866399, -0.5410456357518681, 0.040351568434216015], [-0.4834222139877419, -0.7690755015308027, -0.10212460046233562, -0.47103080643704043, 0.7449497530115726, 0.7137278933046288, 0.29148728563858883, 0.30477016760437736, -0.15542629976600428, 0.5816599333497702, -0.05235433227555209, 0.06297011160117857], [-0.006694984394573791, -0.01227453680480406, 0.5291280833206482, -0.1493107831914642, 0.058374632088813376, 0.34228712812924933, 0.5291982225803711, -0.21629381697711342, -0.5217823414786923, -0.42124324868906443, -0.5433504701706037, -0.022845594558409517]], "inverted": true, "swapped": true, "error_lsq": 0.04249140790218949, "error_max": 0.1938978939352605, "target": "12.xyz", "model": "11.xyz", "model_rescale": 3.6694154284099745, "target_rescale": 3.9764082729961374},
{"mapping": [0, 1, 2, 3, 4, 5, 6, 7, 8, 9, 10, 11, 12, 13], "R": [[1.0, 0.0, 0.0], [0.0, 1.0, 0.0], [0.0, 0.0, 1.0]], "T": [0.0, 0.0, 0.0], "aligned_model": [[-0.023025553140953618, 0.042586421809349316, -0.0546045539323852, 0.5795544475777822, 0.6134569019397998, -0.5051153860734238, 0.16371935558555561, -0.3858675705962879, 0.42259118899122966, 0.13317923202110643, -0.4034278901626152, 0.6135323217607564, -0.6135323217607564, 0.015218256236652418], [-0.39427506995369416, 0.37051048304199957, 0.6235027391017627, 0.5064622925358135, -0.09863183633920031, -0.6235027391017627, -0.5386018243006705, -0.24844022096746013, 0.5753682199931942, 0.22263801632545802, 0.3639467204180133, -0.1371586397965747, 0.14259133144111857, -0.03342218426174364], [-0.5956130098822733, -0.7598564816694151, -0.18594690213811416, -0.3858257237866607, -0.40202119356207094, -0.02595329576714705, 0.05439559651580295, 0.5844219306608047, 0.2509301690110853, 0.7598564816694151, 0.32911625521137, 0.387032616960229, -0.25497902388077637, -0.11646195968983408]], "inverted": false, "swapped": false, "error_lsq": 0.0, "error_max": 0.0, "target": "12.xyz", "model": "12.xyz", "model_rescale": 3.9764082729961374, "target_rescale": 3.9764082729961374},
{"mapping": [6, 14, 3, 11, 13, 5, 9, 0, 8, 2, 7, 1, 4, 15], "R": [[-0.16148188527956553, -0.7437327297909007, 0.648679603012406], [-0.8069222227555255, 0.47792395412735467, 0.34708099990428243], [-0.568155020350819, -0.46738669290968227, -0.677310528591658]], "T": [0.1321786198800263, -0.04174265897737668, -0.04122781570065383], "aligned_model": [[-0.1649650838161987, 0.15929317494998455, -0.01150823660536146, 0.6218048721040375, 0.4531067724984653, -0.3251300714969547, 0.06853864666099144, -0.3468097211678052, 0.42147428839204104, 0.11413910815362574, -0.40178587468861693, 0.5384887370072374, -0.5817703967528554, 0.05338863501721876], [-0.21251684195843662, 0.34726755010291394, 0.7747512670736049, 0.49799533752174, -0.17974827851423247, -0.7418250048054948, -0.5237679460816046, -0.1951402889561994, 0.5439769384115116, 0.22505465812433895, 0.3631101365643194, -0.12067482746315335, -0.06932361718064058, 0.02182820529758725], [-0.7240166582281757, -0.7388981516830118, -0.18660733045019978, -0.35665407811010996, -0.5436620064361803, -0.1010389825977356, 0.31246796165382545, 0.48236293074105696, 0.228759973029381, 0.710272870599844, 0.30807124156277094, 0.4404405139196365, -0.11457503223106481, -0.07782779211762134]], "inverted": false, "swapped": false, "error_lsq": 0.044715728761102476, "error_max": 0.27546462012812734, "target": "12.xyz", "model": "13.xyz", "model_rescale": 4.170626492500431, "target_rescale": 3.9764082729961374},
{"mapping": [5, 12, 10, 8, 4, 6, 2, 3, 7, 1, 9, 0, 11, 13], "R": [[0.7686057567283795, 0.029543296601536373, -0.6390402055817062], [0.6111008827353422, -0.3293623607798621, 0.7197750665462107], [-0.18921126246627376, -0.9437412934313248, -0.27120374117716234]], "T": [0.09641363868064148, 0.015823784355010542, 0.015551445778240462], "aligned_model": [[-0.36740196648023193, 0.06631305498073542, -0.012337474605145893, 0.608417001408559, 0.5602422695887777, -0.3660469563946903, 0.3691355302128979, -0.33190140642325194, 0.517799084581118, 0.0557686153167978, -0.4536978513081892, 0.5353612111315255, -0.5949092801009942, 0.011523018347901537], [-0.22749265390306928, 0.2523628115377572, 0.5474180134497338, 0.41451751472332554, -0.24761267068586995, -0.6372356762867658, -0.5561487345722301, -0.3246865097692272, 0.6553123504332716, 0.2876411210837917, 0.5244280899935656, 0.00984283672560711, 0.04402297904660997, -0.011382183640246471], [-0.7280156484633498, -0.6764379794780548, -0.13907415341904, -0.3456301688219846, -0.4519176611137538, -0.24354854630769107, 0.19275859774293969, 0.43516146253541765, 0.28185668930009494, 0.7333799680764083, 0.32378098253951615, 0.4194668619643682, -0.12914505907633825, -0.033539885826117756]], "inverted": false, "swapped": false, "error_lsq": 0.05105159790524265, "error_max": 0.4048974525374794, "target": "12.xyz", "model": "14.xyz", "model_rescale": 3.9786697098870705, "target_rescale": 3.9764082729961374},
{"mapping": [7, 9, 12, 5, 2, 1, 11, 4, 0, 6, 8, 13], "R": [[-0.5254073300864216, -0.3507875283763777, -0.7751743335708751], [0.19232583825771937, 0.8385146530721159, -0.5098077564355167], [0.828829240211712, -0.416942785666021, -0.37309623966362215]], "T": [0.03503646132071819, -0.008723954887472586, -0.0717949155313165], "aligned_model": [[-0.12810503820708935, -0.7020567646554772, 0.5050247746059668, 0.5392631012388027, -0.010849624628034737, 0.4717120283436917, -0.5392221284499552, 0.05895703723893775, 0.6471449510113836, 0.09578584426615441, -0.5833426693389339, 0.1290430853418898], [-0.5891998578344609, -0.1838056365635583, 0.12283313194890237, -0.6154556864111872, 0.5983875344673877, 0.6975257116658216, -0.20304759619135948, 0.2315089407126607, -0.040109654921973284, -0.45659331145264553, 0.4270797866663797, 0.02555112813847195], [-0.5060735077958227, -0.3377389845600659, -0.5446291555614802, -0.2208012712207143, -0.30764164542584804, 0.09251987917715648, 0.3495055038988926, 0.6277725305877897, 0.295731953020379, 0.2681718260410273, -0.0550557123434071, -0.0017949219440768494]], "inverted": false, "swapped": true, "error_lsq": 0.05368469057345585, "error_max": 0.23021069967186839, "target": "12.xyz", "model": "15.xyz", "model_rescale": 3.769337070930944, "target_rescale": 3.9764082729961374},
{"mapping": [12, 5, 2, 10, 1, 0, 3, 6, 8, 9, 13], "R": [[0.7826220174349842, -0.11422323375641558, -0.6119279620153201], [0.17032840068326444, 0.9848000337465851, 0.034016605553853566], [0.5987411909553885, -0.1308508555682858, 0.7901816499073937]], "T": [-0.028891130184779117, -0.04796998793071861, 0.07125220218517934], "aligned_model": [[-0.36931348214557047, -0.33710550616845575, -0.029058246592227492, -0.5875892901121794, 0.42709446390537886, 0.3625961937302094, 0.6029287288126913, 0.12747389773694837, 0.08256643307437711, -0.415069993373883, 0.058102931823881994], [-0.02072153992839317, -0.7489138453345523, 0.5504295418124662, 0.25292494513136454, 0.29831468717562803, -0.4604347285878087, 0.536384195556139, -0.5486486731296641, 0.5991677284798189, 0.21981588186873313, -0.08225369541838909], [-0.5162328143330606, -0.1701031368514967, -0.18995949025518372, 0.0421421925708899, -0.5521558149835926, -0.3615853855472387, 0.047111891061548325, 0.28273663585386, 0.44726794507685125, 0.7222843676361742, -0.007288783004974542]], "inverted": false, "swapped": true, "error_lsq": 0.04253350340471614, "error_max": 0.19346928700001437, "target": "12.xyz", "model": "16.xyz", "model_rescale": 3.7852294659196426, "target_rescale": 3.9764082729961374},
{"mapping": [12, 7, 6, 5, 10, 9, 8, 11, 0, 1, 2, 4, 13], "R": [[0.30450068129660707, -0.4203291260835434, -0.8547530408578533], [0.5002523280870991, 0.834215426513472, -0.23201773727537192], [0.8105719852877594, -0.35694263955542044, 0.46428978960760015]], "T": [-0.002788894433503032, 0.052628895602134296, 0.011473881727615445], "aligned_model": [[-0.031601098121815975, -0.5153955939834247, 0.2269589934678837, 0.1276631462883324, -0.5599234887140152, -0.7053066087060529, -0.3304369355669139, -0.08913341951729029, 0.6650271359093812, 0.5039319908020755, -0.12255369970450036, 0.5690958214122268, 0.11543960665039624], [-0.07618053216658996, -0.48325117378546706, -0.3274008094145306, -0.7141702307070728, 0.07806231410002595, 0.12868000268963722, 0.6857919167399333, 0.15533158268285058, -0.1496072537625122, 0.5593185944267176, 0.5885914232928462, 0.37050798722612144, 0.05938180238091424], [-0.655119313934481, 0.058720482443647345, 0.36168548171178005, -0.18745363632764744, -0.29263625027696377, 0.3927498410197351, 0.265145324969033, 0.7374390530420043, -0.14299344145981663, -0.43905135360630754, -0.3416750014960184, 0.3572764332518195, -0.018332922193610848]], "inverted": false, "swapped": true, "error_lsq": 0.03676593578157033, "error_max": 0.22676417042653904, "target": "12.xyz", "model": "17.xyz", "model_rescale": 3.901054581598922, "target_rescale": 3.9764082729961374},
{"mapping": [6, 11, 9, 12, 7, 4, 1, 8, 13, 2, 5, 0, 10, 14], "R": [[-0.5904488485160128, -0.3995732306080601, 0.7012213563972173], [0.05173656737275874, -0.8857948816110396, -0.46118407963433505], [0.8054151009775016, -0.2360268228255483, 0.5436891152343208]], "T": [0.04553990470799665, 0.04226293446587942, 0.006990015179667755], "aligned_model": [[0.10558536794476504, 0.03531997471713447, -0.21129419979598515, 0.5431425374852312, 0.5720658406430763, -0.5394566798268678, 0.2156672768817897, -0.29472767300844915, 0.21745699188974882, 0.23859296329115437, -0.2912027313653619, 0.6233382588567549, -0.675335705633648, 0.059112628176466966], [-0.3531024751650042, 0.2710075615160187, 0.6248889132296509, 0.4569652244493286, -0.1934151070128969, -0.48949022559580185, -0.6332984290248471, -0.21340766078689594, 0.6961338524468199, 0.23330755066005449, 0.4255448974756326, -0.31107583840270314, 0.1326348730128833, 0.08429415133401462], [-0.6284676785200988, -0.7574067650028175, -0.16263555178324335, -0.356862612422304, -0.3199707215298964, -0.017331636835922065, -0.011959149224770219, 0.5161744360115967, 0.2723191241260528, 0.7879961439539667, 0.3672473966132424, 0.34875790722073685, -0.3733059422885639, -0.02545949066556373]], "inverted": true, "swapped": false, "error_lsq": 0.03824368374043992, "error_max": 0.23900180794986364, "target": "12.xyz", "model": "18.xyz", "model_rescale": 3.9405287249114394, "target_rescale": 3.9764082729961374},
{"mapping": [10, 2, 5, 6, 1, 14, 12, 13, 8, 7, 9, 4, 11, 15], "R": [[0.623540469253907, 0.6026551869663983, 0.4980000088605553], [-0.20906390921422835, -0.48526208906147666, 0.8490070593250426], [0.7533190327256324, -0.6335040888125248, -0.17658710142909745]], "T": [0.12117865639291459, -0.06744086683897724, 0.02376199763232347], "aligned_model": [[-0.31145137341490564, 0.06958806950429178, -0.07265706766681806, 0.5162272392772038, 0.6164739572843078, -0.3827704135479576, 0.2913230847278121, -0.38279103054301855, 0.4211230745942709, 0.08033172566932671, -0.35523315040170844, 0.5758869900857146, -0.577698421855657, 0.10991216654294686], [-0.18932732655492718, 0.31469920002670304, 0.6956495465523115, 0.44773929026670367, -0.1613592288844793, -0.6345495677835679, -0.5807927474943142, -0.29468418463775337, 0.6144166935826982, 0.2557416626117628, 0.44188381578149427, -0.181174294391833, 0.05901325894749185, -0.056268829886036216], [-0.6211248026612806, -0.7551042705122326, -0.2434146776733979, -0.34611565575849795, -0.40212687304291844, -0.13167936846709757, 0.11128218012534805, 0.4054750764460693, 0.15557917717128913, 0.6478694642193101, 0.34412117882863935, 0.5849839388850465, -0.0978660643851906, -0.012783843522671638]], "inverted": true, "swapped": false, "error_lsq": 0.04313377705468376, "error_max": 0.3547448137686412, "target": "12.xyz", "model": "19.xyz", "model_rescale": 4.410303926677745, "target_rescale": 3.9764082729961374},
{"mapping": [7, 12, 11, 4, 2, 8, 1, 5, 6, 3, 10, 0, 9, 13], "R": [[-0.03221243978872318, -0.37794178545208457, 0.9252688071755951], [0.4005182110519325, -0.8530506167864778, -0.33449933903667134], [0.9157224040824915, 0.3598119675740384, 0.17885140942100974]], "T": [0.10782872732919194, 0.04929959267340771, -0.0018413057710804162], "aligned_model": [[0.09289216463776345, -0.1161805660603786, -0.10877936461233487, 0.49369181035691645, 0.6798876795869951, -0.5356762258329776, 0.2395774538348781, -0.44385381384749245, 0.363240765295027, 0.2821994072576447, -0.5690661803356905, 0.6901149765052147, -0.5027990267119261, 0.03301577018217029], [-0.4392439709186585, 0.1525523262093666, 0.813738827798329, 0.5086234324677446, -0.10435139500931183, -0.3496542781475421, -0.6892460693607315, -0.2613195955826422, 0.5341274443299766, 0.1373169398850497, 0.32671835500082674, -0.15191345658232353, 0.2265187951228128, 0.027119932923357626], [-0.5194852476166725, -0.7158676685764234, -0.23816082422175097, -0.3695703994892252, -0.29806530358341377, -0.1352383283016297, 0.015835496176105475, 0.544265658674869, 0.18845443327410571, 0.6965930206143868, 0.3723058942629504, 0.36369310485598033, -0.26562877148260894, -3.5604934257790766e-05]], "inverted": true, "swapped": false, "error_lsq": 0.04520246794375832, "error_max": 0.2964290181980626, "target": "12.xyz", "model": "20.xyz", "model_rescale": 4.121658175737393, "target_rescale": 3.9764082729961374},
{"mapping": [5, 12, 10, 7, 9, 0, 2, 6, 1, 3, 8, 11, 13], "R": [[0.09693201746537271, -0.3858629412932676, 0.9174497122603512], [-0.05501430991559225, 0.9183039892149671, 0.39203470394390966], [-0.9937693946256366, -0.08847357757198514, 0.06778507488385678]], "T": [0.08961171651892054, -0.09522850635241208, 0.03274035538646408], "aligned_model": [[0.2574256201744611, -0.2588103518542005, 0.21202069885300207, 0.6842504009480079, 0.7137433988069434, -0.3069290431643603, -0.32686474573307384, 0.36321307243618917, -0.7463566709318109, -0.4036116307690494, 0.13877687069434674, 0.5570900414886278, -0.0028647562847886887], [-0.6501795771858846, -0.030493886708987422, 0.39020451952207114, -0.0730302356681811, 0.3997842194765633, -0.6895271110167632, 0.40744293937503173, -0.5775106559976162, -0.05522022516772511, 0.186716975879531, 0.5082591972149468, -0.10320467231884452, -0.1724145832409587], [0.5881128386779513, 0.6125506619149927, 0.4237641471724885, 0.4777992169189787, -0.06779974269275611, 0.050131698901848785, 0.019236747251535173, -0.07861968963643902, -0.09386804370788027, -0.6141648736404535, -0.4211133992184658, -0.5385993381121299, 0.012679515652118632]], "inverted": false, "swapped": true, "error_lsq": 0.05325146261983474, "error_max": 0.33496011036781964, "target": "12.xyz", "model": "21.xyz", "model_rescale": 4.08911054899281, "target_rescale": 3.9764082729961374},
{"mapping": [2, 1, 8, 11, 15, 4, 14, 7, 5, 10, 6, 9, 0, 16], "R": [[0.015056131327224914, -0.6698424757211322, -0.7423505712459861], [0.772909466414473, -0.46321095521791616, 0.43364336463619535], [-0.6343376621613697, -0.5802987753613567, 0.5107534255173997]], "T": [0.04645583319793657, -0.047214399736529036, 0.00734875447651874], "aligned_model": [[-0.014628159689058659, -0.10399841809457304, 0.020139261746024248, 0.5168181289192016, 0.5529437113199419, -0.41829717262606075, 0.43799360074923044, -0.42142214584723225, 0.4397091061577324, 0.09639727996387427, -0.4192970712475938, 0.6189084871896903, -0.7098946262873709, 0.0028928680020039177], [-0.36942113278461136, 0.29233279562995274, 0.6252945231579059, 0.43268494217947356, -0.1957065859608238, -0.48108948917741917, -0.5523334144244281, -0.07343414095932639, 0.4381510623152501, 0.2159747507327356, 0.4842935540572702, -0.06166843737957797, 0.04218522680902183, -0.06627636605916963], [-0.6358505897121365, -0.6941279747546126, -0.15938817830820146, -0.3591876866188466, -0.4955698451397327, -0.27909362403612065, 0.06544818243186602, 0.5423243706537906, 0.3352226410576844, 0.7685141321607173, 0.24428261783473515, 0.4311843963191195, -0.13414713729831262, 0.0094841550624656]], "inverted": true, "swapped": false, "error_lsq": 0.0441423691317886, "error_max": 0.30314841536173187, "target": "12.xyz", "model": "22.xyz", "model_rescale": 4.204369325754507, "target_rescale": 3.9764082729961374},
{"mapping": [10, 2, 5, 6, 1, 14, 12, 13, 8, 7, 9, 4, 11, 15], "R": [[0.623540469253907, 0.6026551869663983, 0.4980000088605553], [-0.20906390921422835, -0.48526208906147666, 0.8490070593250426], [0.7533190327256324, -0.6335040888125248, -0.17658710142909745]], "T": [0.12117865639291459, -0.06744086683897724, 0.02376199763232347], "aligned_model": [[-0.31145137341490564, 0.06958806950429178, -0.07265706766681806, 0.5162272392772038, 0.6164739572843078, -0.3827704135479576, 0.2913230847278121, -0.38279103054301855, 0.4211230745942709, 0.08033172566932671, -0.35523315040170844, 0.5758869900857146, -0.577698421855657, 0.10991216654294686], [-0.18932732655492718, 0.31469920002670304, 0.6956495465523115, 0.44773929026670367, -0.1613592288844793, -0.6345495677835679, -0.5807927474943142, -0.29468418463775337, 0.6144166935826982, 0.2557416626117628, 0.44188381578149427, -0.181174294391833, 0.05901325894749185, -0.056268829886036216], [-0.6211248026612806, -0.7551042705122326, -0.2434146776733979, -0.34611565575849795, -0.40212687304291844, -0.13167936846709757, 0.11128218012534805, 0.4054750764460693, 0.15557917717128913, 0.6478694642193101, 0.34412117882863935, 0.5849839388850465, -0.0978660643851906, -0.012783843522671638]], "inverted": true, "swapped": false, "error_lsq": 0.04313377705468376, "error_max": 0.3547448137686412, "target": "12.xyz", "model": "23.xyz", "model_rescale": 4.410303926677745, "target_rescale": 3.9764082729961374},
{"mapping": [1, 3, 4, 2, 0, 11, 7, 14, 5, 6, 15, 12, 10, 16], "R": [[-0.6879911424113344, 0.33410368482346164, -0.6442382445578128], [-0.6631341657983251, -0.6500587175999911, 0.37104816644637206], [-0.2948241274293993, 0.682494242803293, 0.6687902080816176]], "T": [-0.08504269216955349, 0.0028977858443689775, 0.05997262326875729], "aligned_model": [[-0.054385082195701456, 0.1526671153472181, -0.04550406512873503, 0.5056242374830879, 0.5963116587336262, -0.5108070153128011, 0.2082021051031012, -0.419015887931219, 0.2620933010571459, 0.1776113362024976, -0.36015899171492594, 0.6761989820670551, -0.5418824724993554, -0.048690370955184845], [-0.4591191165284416, 0.2515947815201586, 0.6071585644448714, 0.5087299657590841, -0.03740271989272126, -0.46145007113099334, -0.5817430450822293, -0.2080894178032953, 0.4911897571930457, 0.08705827298818199, 0.4106442857252771, -0.013692069612694563, 0.12263199075328918, 0.013476109802721084], [-0.6624786501351044, -0.7712282167129146, -0.26742618767592524, -0.4176677593998654, -0.26331970393498083, -0.0018925161194586482, -0.058911708618478116, 0.6096054956702494, 0.2514656684449947, 0.7683707906460081, 0.5770490241942673, 0.3176773474882726, -0.388073224339121, -0.05407489985552796]], "inverted": false, "swapped": false, "error_lsq": 0.03885577194145941, "error_max": 0.2559756201555713, "target": "12.xyz", "model": "24.xyz", "model_rescale": 4.28219845311461, "target_rescale": 3.9764082729961374},
{"mapping": [11, 9, 3, 7, 13, 10, 14, 6, 4, 0, 1, 2, 5, 15], "R": [[0.9133744146042161, 0.4022538361086597, -0.06276169279323995], [0.2591974473598444, -0.6934372572559963, -0.6722807847405887], [-0.3139488207153297, 0.5977763976481079, -0.7376310164210187]], "T": [0.06952677955495669, 0.037723579170045846, -0.09275985611965903], "aligned_model": [[-0.15198172840118446, 0.01944145947592931, -0.07496201769564366, 0.5706406443030304, 0.6322170069051867, -0.40346153705042953, 0.19113847612419105, -0.2130672827914329, 0.41978254241860563, 0.0995581567129477, -0.357888733021596, 0.5043105925154081, -0.7150544699151481, 0.07759174067594525], [-0.31345738261218525, 0.2646443684743543, 0.7939658283734965, 0.5214059463306252, -0.06650414632835606, -0.5947617472771269, -0.7095913070479067, -0.4010890251689978, 0.5740979266266608, 0.20164809863772246, 0.44993443739992633, -0.23078302809466492, 0.1865024266462563, 0.05497489217645037], [-0.4450140033391711, -0.7274819212575905, -0.17800064945597865, -0.43986541355919756, -0.25223633156033537, -0.015628908947371567, -0.009840129942894182, 0.6419381969339559, 0.25976253039927644, 0.7058520899086307, 0.14656332874336075, 0.36292343546637756, -0.3886953194181983, -0.02118144431844883]], "inverted": false, "swapped": false, "error_lsq": 0.04144113999907701, "error_max": 0.23763357880485692, "target": "12.xyz", "model": "25.xyz", "model_rescale": 4.100010024507729, "target_rescale": 3.9764082729961374},
{"mapping": [9, 7, 12, 5, 3, 1, 2, 0, 6, 4, 11, 13], "R": [[0.5611149811405678, 0.565500141972945, 0.6044498054993479], [-0.525854439906633, -0.3204101074424337, 0.7879178073119107], [0.6392394590215011, -0.7599650995126731, 0.11758384902949603]], "T": [-0.0404048988322175, -0.026086122272298014, -0.0014118365718830406], "aligned_model": [[-0.7003306934891741, -0.03664956632291301, 0.3773438815387831, 0.6113012635592683, -0.4187937963882104, 0.18547059368716684, -0.2499607842342355, 0.5554958599956479, 0.13942971842096574, -0.0858468070866399, -0.5410456357518681, 0.040351568434216015], [-0.4834222139877419, -0.7690755015308027, -0.10212460046233562, -0.47103080643704043, 0.7449497530115726, 0.7137278933046288, 0.29148728563858883, 0.30477016760437736, -0.15542629976600428, 0.5816599333497702, -0.05235433227555209, 0.06297011160117857], [-0.006694984394573791, -0.01227453680480406, 0.5291280833206482, -0.1493107831914642, 0.058374632088813376, 0.34228712812924933, 0.5291982225803711, -0.21629381697711342, -0.5217823414786923, -0.42124324868906443, -0.5433504701706037, -0.022845594558409517]], "inverted": true, "swapped": true, "error_lsq": 0.04249140790218949, "error_max": 0.1938978939352605, "target": "12.xyz", "model": "26.xyz", "model_rescale": 3.6694154284099745, "target_rescale": 3.9764082729961374},
{"mapping": [6, 12, 9, 11, 2, 1, 0, 5, 10, 8, 7, 4, 3, 13], "R": [[-0.7074957486648893, -0.17408357462151416, 0.6849413658614171], [0.5169872294404932, 0.5333093357206966, 0.6695560895314091], [-0.4818443423104092, 0.8278140259020411, -0.28731510281101497]], "T": [0.0425820524867596, 0.08234405005269205, 0.039091364884279244], "aligned_model": [[-0.14918424520829587, 0.03193260285174086, -0.08058140221891548, 0.5591232259857418, 0.5317908592640951, -0.4442573207929017, 0.23868062582766336, -0.29843041042712615, 0.5242475587616687, 0.08898334444490147, -0.5498560401063822, 0.6817597553036353, -0.6199847430900254, 0.0840410396600102], [-0.26002162428292974, 0.3162207481457686, 0.7473000311051147, 0.481962761120063, -0.19510574504721054, -0.6425845101713966, -0.5389261123842666, -0.41723501026761234, 0.41607218294798065, 0.36413230559022014, 0.18857799553361124, -0.11710940175144438, 0.330180185502149, 0.05752348209620739], [-0.5241154034605602, -0.7191441477824652, -0.04767177335959869, -0.5173846643302227, -0.3427803423339965, -0.0917240045944078, 0.15090405616911864, 0.5491009357239228, 0.17515970533052966, 0.6107551573145689, 0.22310217975829855, 0.515747168241464, -0.35131062242896677, 0.008457215404730788]], "inverted": false, "swapped": false, "error_lsq": 0.04635991510160341, "error_max": 0.251861821159351, "target": "12.xyz", "model": "27.xyz", "model_rescale": 4.103607728864725, "target_rescale": 3.9764082729961374},
