[{"mapping": [5, 4, 6, 9, 8, 0, 2, 1, 10, 7, 11], "R": [[-0.7991142838129205, -0.1756867509788519, -0.5749352371673336], [-0.35599159018025706, 0.9089326994071801, 0.21705145857447927], [0.4844443715506407, 0.3781210301991571, -0.7888841089754776]], "T": [0.020794282340749315, -0.13514752722446746, -0.14078184326779697], "aligned_model": [[-0.5683021091211681, -0.3925347541529397, 0.6225884481095503, 0.464248467924429, 0.5318362967703034, -0.5036086931971743, -0.012060256968149607, 0.05235252890873928, -0.1887497427840495, 0.07383832333675328, -0.038683241796788156], [0.15352898283307317, -0.40251939432291717, 0.11021530911378136, -0.5223062950140623, -0.05911004161576465, 0.16396809419230743, 0.44454586794657736, 0.5604665538771393, -0.5612667749051804, 0.1390294050009355, -0.1003926760430865], [0.36746774761984435, -0.7811097741118482, 0.17983529296425055, 0.01025754973920337, -0.509777576253017, -0.2761434267135066, -0.6990169124172458, -0.01037598923632968, 0.34529946089374514, 0.7639925205469021, -0.13146624720897965]], "inverted": true, "swapped": false, "error_lsq": 0.045492354173355, "error_max": 0.22284029717205686, "target": "120.xyz", "model": "0.xyz", "model_rescale": 3.751011558992144, "target_rescale": 3.723610401616778},
{"mapping": [1, 3, 10, 5, 9, 7, 11, 6, 8, 4, 14], "R": [[0.3376589863589215, -0.14235037025139735, -0.9304422502339176], [-0.7763561260835773, 0.5168061765176115, -0.36080817813035837], [0.5322194795604223, 0.8441846646335966, 0.06398966771202882]], "T": [-0.04967899606663043, -0.12935571236001184, -0.11665735118862997], "aligned_model": [[-0.5679958571692941, -0.49637794379444217, 0.6513045557868636, 0.36533762449075713, 0.5221179133222534, -0.5377032636883857, 0.2425616640313212, -0.19653126438337976, -0.027600403861526186, 0.11571058412732321, -0.029898341831984383], [0.11231606030657604, -0.4353474973912185, 0.20026644002770286, -0.595939623034072, -0.1622101246489207, 0.2566660489919361, 0.5159749138655663, 0.6011755727160646, -0.5245933848727701, 0.07054285355186787, -0.11269222844992943], [0.28162387511849507, -0.6553919492098234, 0.15246166488977908, -0.10454512774095787, -0.4424770917519743, -0.34577858061146927, -0.4839103543996218, -0.024547644395791907, 0.4159944770564361, 0.6305111840291281, -0.16497780716118154]], "inverted": true, "swapped": false, "error_lsq": 0.040078349793977404, "error_max": 0.2615726549841819, "target": "120.xyz", "model": "1.xyz", "model_rescale": 3.9405287249114394, "target_rescale": 3.723610401616778},
{"mapping": [0, 11, 4, 3, 10, 5, 9, 2, 7, 1, 12], "R": [[0.6077144065071622, -0.7236819268543607, -0.3270591213649414], [-0.5555075190023927, -0.09305880434312022, -0.8262877557280124], [0.5675337844176804, 0.683830774152925, -0.45856392778538235]], "T": [0.02691143931650918, -0.04309350761143735, -0.031585757885635314], "aligned_model": [[-0.7708359505663963, -0.373263369799958, 0.6314059497636338, 0.39979273101606033, 0.4251341486723409, -0.47050806602371276, 0.2018908123831731, -0.17668898348869358, 0.2025674673003666, -0.06511627657668882, 0.036546804349380645], [0.0009524988430158615, -0.1999855648184892, 0.05750447605047179, -0.46978759819036164, -0.28343304176534834, 0.3933339169084007, 0.2563861016070351, 0.5927181171948414, -0.654378266910667, 0.19275782150697204, 0.04009057063693247], [0.22255798003899843, -0.5997928447572449, 0.3092399371628157, -0.10702695309349394, -0.735249528011931, -0.3318876380176434, -0.7596484541924902, 0.10428209378043532, 0.44210797865471446, 0.7188350456764905, -0.004454971417632497]], "inverted": false, "swapped": false, "error_lsq": 0.05499151431175245, "error_max": 0.27784418334805894, "target": "120.xyz", "model": "2.xyz", "model_rescale": 3.932901565614263, "target_rescale": 3.723610401616778},
{"mapping": [4, 9, 1, 10, 11, 7, 3, 0, 6, 2, 13], "R": [[-0.796086433520522, -0.570026804722597, 0.20326296333154686], [0.532251181178761, -0.4996279851792673, 0.6834329203071209], [-0.2880192189739933, 0.6522586284009221, 0.7011445009255644]], "T": [-0.010069766972826476, -0.013894938878879961, -0.19238655203837396], "aligned_model": [[-0.5978462041832977, -0.4402469929117393, 0.570079117985673, 0.4556613419669531, 0.6612574987009197, -0.658764602019289, 0.13388662170291987, -0.0038816300970101435, -0.04642982367377883, -0.006393616636670606, -0.02639644380517422], [0.2322314058073832, -0.4143223919791306, 0.17168147946347126, -0.5468120258268234, -0.21618203890420049, 0.18496839000707196, 0.4109916342149484, 0.5640417031394601, -0.45734684887459526, 0.12246790402591254, -0.12556018001069444], [0.40524802431185625, -0.6332928328691115, 0.2292261673484915, -0.0817549430567028, -0.7456571277007581, -0.4146272655802061, -0.4361762898150886, 0.14658435219616062, 0.3259961352493227, 0.629557189450013, -0.16614076371095882]], "inverted": true, "swapped": false, "error_lsq": 0.04099847680195389, "error_max": 0.18836963457584263, "target": "120.xyz", "model": "3.xyz", "model_rescale": 3.9243930471874484, "target_rescale": 3.723610401616778},
{"mapping": [10, 9, 0, 5, 1, 8, 7, 4, 6, 3, 12], "R": [[-0.1124463054238825, -0.5611551920088002, -0.8200369984812185], [0.9274136063710173, 0.2370130598458468, -0.2893593132774773], [0.3567349591985949, -0.7930508558371752, 0.49377171743782683]], "T": [-0.10694939454047703, -0.04663590290338844, -0.06910428526616748], "aligned_model": [[-0.7229156960945301, -0.3885098913340856, 0.7271882488163127, 0.43599004906650773, 0.40506137391829966, -0.5247483365332052, 0.1960864874449303, -0.1491804541839294, -0.038776013123566655, 0.10308922342034568, -0.002359724367573604], [0.033572551009906706, -0.35105522191835403, -0.00964438015462317, -0.5683196282238254, -0.10661396122734644, 0.2559424630803997, 0.5716383146109945, 0.5367710692882992, -0.489509066227526, 0.1567287153400665, -0.1033518245151881], [0.26448204357476796, -0.6398406137337671, 0.09266212824572516, 0.012663380020373136, -0.5634805645155118, -0.4299737151498378, -0.4799874865514968, 0.03199028352758686, 0.4972280076592554, 0.5370969860756826, -0.06387780332975962]], "inverted": false, "swapped": false, "error_lsq": 0.04456255865841675, "error_max": 0.21945228970295977, "target": "120.xyz", "model": "4.xyz", "model_rescale": 3.8936222436046832, "target_rescale": 3.723610401616778},
{"mapping": [3, 1, 7, 6, 5, 2, 4, 10, 9, 8, 11], "R": [[0.200540309121784, -0.353825883200671, -0.9135594281679787], [-0.04547510467680446, -0.9348596103354546, 0.3520930613035076], [-0.978629449419939, -0.02906464072902018, -0.20356730431805597]], "T": [-0.046181255857774835, -0.016571538037017434, 0.020951638279535972], "aligned_model": [[-0.5241950751159064, -0.2924746565529357, 0.5676008873372552, 0.5080644532840003, 0.46142724695627296, -0.5663716958868943, 0.07198547675356659, -0.018081195859005313, -0.17752837897716633, -0.007923063512410185, 0.018421268602728837], [0.1136459631885797, -0.5082126316939706, 0.1480939113224009, -0.5787921197766159, -0.14891132878260144, 0.34340216468083967, 0.43014104725038677, 0.6106901364221978, -0.5322528377240268, 0.07896422084240096, -0.03060949466678764], [0.3122044894140863, -0.5627754922899246, 0.1470638814212373, -0.0854830340506462, -0.5971022790312105, -0.3752545004639587, -0.6248881935337814, 0.09320520475034419, 0.33536645062563686, 0.7525745300924032, -0.13594841111116815]], "inverted": true, "swapped": false, "error_lsq": 0.03130413631556183, "error_max": 0.1548668132703234, "target": "120.xyz", "model": "5.xyz", "model_rescale": 3.6523030999806103, "target_rescale": 3.723610401616778},
{"mapping": [10, 1, 7, 5, 0, 2, 3, 4, 8, 9, 12], "R": [[-0.2305410223276264, 0.9577809907098472, 0.17177430209142566], [-0.927381123362217, -0.2697206908356623, 0.25925856006420644], [0.2946440039362172, -0.09953051175391665, 0.9504096949076424]], "T": [-0.07118831070099157, -0.021907451845088192, 0.03198530946548778], "aligned_model": [[-0.6271812899583706, -0.23393689061734363, 0.574390702823395, 0.39163498871326363, 0.4954591699668061, -0.5741732274417968, 0.2892690998789355, -0.2517389126104128, -0.08594817802177898, 0.04031924932849813, 0.022830554968310143], [0.29002935990944223, -0.32240019835855127, 0.18752493825456718, -0.5078129479153292, -0.16549281716398911, 0.24514751840891624, 0.3211232348684611, 0.5135021654587567, -0.612617154433053, 0.0002518809791798547, -0.0230969489455976], [0.48169663260058015, -0.5726566300503291, 0.11062290207366293, -0.08460788242314712, -0.7714184532950386, -0.4699105468662776, -0.4528250721053118, -0.06736067070287866, 0.35532305277981513, 0.7459446242766994, -0.015845310464756235]], "inverted": true, "swapped": false, "error_lsq": 0.04234760692003454, "error_max": 0.23141515600477514, "target": "120.xyz", "model": "6.xyz", "model_rescale": 4.08911054899281, "target_rescale": 3.723610401616778},
{"mapping": [1, 7, 8, 4, 5, 13, 12, 11, 3, 9, 14], "R": [[0.8743460258235622, -0.4771423407718113, -0.08862400221914729], [-0.09334829869988381, 0.013852829702919706, -0.9955371385533838], [0.47624061382496563, 0.8787168404850443, -0.03242825915157033]], "T": [-0.03220139954060732, -0.042016352099639574, -0.0853179322631119], "aligned_model": [[-0.6159306141678751, -0.31576936944617995, 0.5226265084920636, 0.50377320891496, 0.4104644893455385, -0.5362043729686368, 0.04234666572285107, -0.008198710727171099, 0.11486439442927213, -0.02482365022346408, -0.05222328234185253], [0.1632808105709264, -0.3915718273063683, -0.01642624878955208, -0.4994325566410656, -0.22281368418631306, 0.34602292399100626, 0.43778778930487056, 0.5352727284574201, -0.61390053689408, 0.14952266012208335, 0.03841697243387555], [0.3084578133655941, -0.7151505614068243, 0.3104851909757694, -0.10405625172010438, -0.6784962065705141, -0.4476727933294096, -0.6070769665574431, 0.0180854107992212, 0.4417224529938252, 0.6748239515453851, 0.057840605727519145]], "inverted": true, "swapped": false, "error_lsq": 0.03946708771377041, "error_max": 0.2183055044766663, "target": "120.xyz", "model": "7.xyz", "model_rescale": 3.964800864290218, "target_rescale": 3.723610401616778},
{"mapping": [1, 2, 10, 6, 11, 7, 12, 8, 3, 5, 13], "R": [[0.5206419694498114, -0.4529398197812092, -0.7237247123761823], [-0.5559283466627154, 0.46349872920298807, -0.6900091313918065], [0.6479780960991519, 0.7615867958964239, -0.010485193938947378]], "T": [-0.024532062444575186, -0.11531531630707774, -0.11252291131409164], "aligned_model": [[-0.7073109837981122, -0.5024857841814291, 0.625393833623946, 0.2847515477281519, 0.6833343148064238, -0.5211719750534726, 0.045673572172100205, -0.051494815304123656, 0.08805465150709789, 0.1003987034439771, -0.004217797915053428], [0.057612578851655785, -0.3730542336491907, 0.14162516659214658, -0.5949173995811432, -0.12892194245241267, 0.3268267341547841, 0.3554791178604052, 0.6133445495104219, -0.6134176866360431, 0.18962001379698468, -0.048037867384805255], [0.146376255937689, -0.4916529920506346, 0.3195788485461005, -0.2165965072750251, -0.5436532583973929, -0.3669091715148348, -0.6991221841687032, 0.1311682688963116, 0.402434325955798, 0.655902407866118, -0.07856334797240803]], "inverted": true, "swapped": false, "error_lsq": 0.0494051937330403, "error_max": 0.22277197196889084, "target": "120.xyz", "model": "8.xyz", "model_rescale": 4.121658175737393, "target_rescale": 3.723610401616778},
{"mapping": [4, 2, 7, 8, 11, 0, 10, 5, 6, 9, 12], "R": [[0.6120157107671205, 0.23130857321382303, 0.7562625957509747], [-0.7710178618102641, 0.3873041525135881, 0.5054967361074256], [-0.17597791493180445, -0.8924639137822421, 0.41537926772136546]], "T": [0.01957773518920827, -0.03679434034785075, -0.1360603080457239], "aligned_model": [[-0.6590740071559572, -0.27265020132988704, 0.6179050419452005, 0.3724031783503971, 0.5513171446872657, -0.6496807930104985, 0.12980401003903905, -0.021646858287455138, -0.03315112693821974, 0.06747753153563815, -0.0617786528060173], [0.22411489516520514, -0.5164633031373932, 0.08460498173115474, -0.6739992381284945, -0.04664026618790817, 0.28574182749835014, 0.5338140358232236, 0.5661704529753612, -0.5258756149987113, 0.0618685404543779, -0.0671772801323628], [0.37333747478669976, -0.5445538454647166, 0.151128739276913, -0.12993963571582223, -0.4827421978013231, -0.39468684571215884, -0.6246675940858568, -0.007795358892976723, 0.35199831955818345, 0.689264514370713, -0.12238092449663603]], "inverted": false, "swapped": false, "error_lsq": 0.03831269920773895, "error_max": 0.25313499524847227, "target": "120.xyz", "model": "9.xyz", "model_rescale": 3.833441315466971, "target_rescale": 3.723610401616778},
{"mapping": [7, 12, 2, 5, 0, 11, 10, 8, 4, 3, 14], "R": [[-0.5535415346868338, -0.6331514979041948, 0.5410276795860071], [0.36104276744111186, 0.4029760043113239, 0.8409865991962909], [-0.7504930975398828, 0.6608551434701512, 0.005530813144357494]], "T": [-0.015435299447270439, -0.1002333708121892, -0.13100531564353074], "aligned_model": [[-0.5045281159935171, -0.3841549505342247, 0.4985887221501369, 0.550057570887517, 0.4215140918725573, -0.5380845712578383, 0.045286359808860574, 0.024431385910105647, -0.01045650099667959, -0.049269020885786594, -0.012459703931625477], [0.16140685684555983, -0.2957759445855514, 0.1267158693773298, -0.44235690900409247, -0.21241766810916085, 0.3043697415410256, 0.43560972458116987, 0.6780818413792795, -0.6916080729505365, -0.08098251493660494, -0.05688389307561534], [0.2381106347783884, -0.5655498795897118, 0.31723970945531266, 0.012537359831699513, -0.6412139735168394, -0.2997392517487064, -0.751440002565785, -0.14498531016087618, 0.40393744141278093, 0.736638928035473, -0.046573010108717325]], "inverted": false, "swapped": false, "error_lsq": 0.04677144957557632, "error_max": 0.20875644838205054, "target": "120.xyz", "model": "10.xyz", "model_rescale": 4.2482417240324, "target_rescale": 3.723610401616778},
{"mapping": [4, 7, 1, 8, 3, 5, 2, 6, 10, 0, 11], "R": [[0.17481541152965271, -0.9841061084860354, -0.031220812484470506], [-0.12062536406578539, -0.05287642850848695, 0.9912888604499619], [-0.9771842679022803, -0.16952654821195165, -0.1279517722254206]], "T": [0.013194017906485313, -0.020709811641771863, -0.07247071118123986], "aligned_model": [[-0.7421860680045553, -0.20153280217267833, 0.6716482385544111, 0.3649718389052294, 0.5120444552710165, -0.6544519641130292, 0.28663203460311537, -0.19627267044800165, -0.09053117900373747, 0.19475214591758752, -0.10414876247985194], [0.16276124070456338, -0.3452802573616631, 0.13108137751978308, -0.5237650468415612, -0.2721075761017356, 0.1955547082398227, 0.48616150873807806, 0.5784529662694261, -0.48957598927928825, 0.06229260353470753, -0.05941650435932967], [0.3294980425698489, -0.6266391559696757, 0.13379132595127696, -0.06571616113889753, -0.6607045351130962, -0.34017328953100445, -0.5373044470331879, 0.06023124878362686, 0.356956760608832, 0.6582732392978784, -0.049250382602582944]], "inverted": false, "swapped": false, "error_lsq": 0.039312378377500186, "error_max": 0.1775881237723182, "target": "120.xyz", "model": "11.xyz", "model_rescale": 3.6694154284099745, "target_rescale": 3.723610401616778},
{"mapping": [0, 2, 7, 10, 9, 4, 11, 6, 12, 5, 13], "R": [[0.3073091320566524, 0.05383180834722018, -0.9500859086233494], [-0.5978995844727255, 0.7876452430951821, -0.14876510987753147], [0.7403223515752643, 0.613772846776069, 0.2742365918663497]], "T": [-0.058391903737780054, -0.041317009853168954, -0.12435580074855226], "aligned_model": [[-0.5959749286669628, -0.2518412370913582, 0.6288137518431183, 0.3586819773086065, 0.6106248308464326, -0.6235579526875803, 0.12816174413544565, -0.028029956881608992, -0.11977574525855458, 0.10574108650949715, -0.1719183030275297], [0.16685846995202402, -0.5927264277979436, 0.010597280993940028, -0.5202262649544442, -0.02400884387154223, 0.34334878658551876, 0.4911230103616285, 0.4888900565469147, -0.5583910965148068, 0.1439127323165868, -0.023218672555072782], [0.2980247448987654, -0.41562643541531397, 0.15352656971242837, -0.1393254512350775, -0.5679809839006347, -0.4077251920295345, -0.6005217489703176, 0.07010101290473808, 0.31226178154707007, 0.6393988042162196, -0.0831704559053247]], "inverted": true, "swapped": false, "error_lsq": 0.043553593798808625, "error_max": 0.26669204045267414, "target": "120.xyz", "model": "12.xyz", "model_rescale": 3.9764082729961374, "target_rescale": 3.723610401616778},
{"mapping": [4, 3, 12, 13, 10, 7, 2, 0, 6, 5, 15], "R": [[0.2062283987212632, -0.915792457804103, 0.3446650864099591], [-0.25749528065496397, -0.39061334837518435, -0.8838084591762791], [0.944015904527718, 0.09351677015513102, -0.3163678012985319]], "T": [0.09834898417769394, -0.05202586410324371, -0.0952144461474446], "aligned_model": [[-0.5160879991361453, -0.43367216809085257, 0.7177203663068326, 0.4059623507678452, 0.6959098908814201, -0.5360323127430078, 0.011553197227038708, -0.20418301999720107, -0.13069989893367312, 0.034392957344979325, -0.003938096597729909], [0.06004072138180412, -0.3854405260956442, -0.04402705711655856, -0.5560127968516565, -0.1523887231096745, 0.2850923899293205, 0.5731127516221037, 0.5929515578298961, -0.5648384010546597, 0.2027947683318978, -0.08512565380402565], [0.259429030788392, -0.6557780946486234, 0.05817605236696351, 0.06557029971116972, -0.6234143687806666, -0.3296186949106324, -0.582992793763175, 0.04473713529650848, 0.4226839191619273, 0.7009011093794186, -0.10073094877826394]], "inverted": false, "swapped": false, "error_lsq": 0.04452671209635955, "error_max": 0.25797705297129364, "target": "120.xyz", "model": "13.xyz", "model_rescale": 4.170626492500431, "target_rescale": 3.723610401616778},
{"mapping": [6, 0, 12, 8, 7, 3, 9, 11, 4, 5, 13], "R": [[-0.7434685674676305, -0.1512530410220637, -0.6514422512926281], [0.6307476116763101, 0.16518339906153806, -0.7582030697900844], [0.22228796537883114, -0.9745957942942577, -0.027406170686269937]], "T": [-0.060830890042544196, -0.08127208664326578, -0.17514970022824877], "aligned_model": [[-0.5858206817156442, -0.18183392213217597, 0.4593376285782485, 0.535286150152499, 0.4424350978207277, -0.6196552367961513, 0.15377493003777912, -0.07996660521722668, -0.0018115175149005305, -0.005265210550018891, -0.07555536563363097], [0.2110154484524836, -0.4820627117985813, -0.049333085099098326, -0.5196102172590009, -0.33595627303923287, 0.2920954847347669, 0.585293279814301, 0.5881958450882696, -0.6222298820627051, 0.2665808923272607, -0.007829750095659796], [0.4134443725390308, -0.6001009298306696, 0.33876734911180245, -0.1114280363898992, -0.7576349906422104, -0.32937554290241766, -0.5825087466367215, 0.050917024255916016, 0.27976183824313783, 0.6633791237486562, -0.10625881567360632]], "inverted": true, "swapped": false, "error_lsq": 0.047988581037838714, "error_max": 0.2869230369436263, "target": "120.xyz", "model": "14.xyz", "model_rescale": 3.9786697098870705, "target_rescale": 3.723610401616778},
{"mapping": [10, 8, 0, 9, 3, 5, 2, 4, 6, 1, 11], "R": [[-0.06384079411849847, 0.8406867808888958, 0.5377453760331052], [-0.038028457445632935, -0.5405025459312532, 0.8404825008684831], [0.9972352728572258, 0.03320744314908475, 0.06647613322746082]], "T": [-0.06670205371696039, -0.0646194998746254, -0.02084114666591346], "aligned_model": [[-0.6333463464215071, -0.15374626838013028, 0.5741157336155428, 0.3011311201999328, 0.5859955694948398, -0.6091572740648009, 0.21559152420520936, -0.19658102721729648, -0.04305095949449014, 0.03407169858552597, -0.03409850349332006], [0.2237155495116897, -0.13985415275501162, 0.19587165686410807, -0.5542611758859579, -0.25376903352130475, 0.2262854423222485, 0.4901892030887693, 0.5329069546122942, -0.6819218593881673, 0.033886764954811854, -0.14689031874067682], [0.5159065904859467, -0.5297529049518018, 0.051977166813148186, -0.13203491145631183, -0.6399998491627518, -0.5363760497061992, -0.6261055973376911, 0.010912884919666008, 0.4748746120961115, 0.6430965447845509, 0.02646415933835137]], "inverted": true, "swapped": false, "error_lsq": 0.05099522559487462, "error_max": 0.3390593332237568, "target": "120.xyz", "model": "15.xyz", "model_rescale": 3.769337070930944, "target_rescale": 3.723610401616778},
{"mapping": [1, 7, 2, 8, 6, 5, 4, 0, 9, 3, 10], "R": [[0.15291647736771136, 0.9881706808363722, -0.011629982150914264], [-0.12029300179401814, 0.006931528543520193, -0.9927142326125049], [-0.9808904855634162, 0.15320136894763944, 0.11992996241029472]], "T": [-0.04902101804898258, -0.0310180876160438, -0.07977950642542374], "aligned_model": [[-0.7970487424414343, -0.5485191544622464, 0.6222018996744182, 0.46409451356688153, 0.4346797423845908, -0.41152184181513773, 0.22680725970863336, -0.08281682759872136, -0.03213899162624825, 0.16771479399504902, -0.002527384356279083], [0.11397741471733525, -0.4343589156528475, 0.1725581906243794, -0.5770978872846577, -0.07145182516246146, 0.21575430834689335, 0.5478980943573917, 0.5826177766322356, -0.5964315633773947, -0.02681595118239652, -0.0004906109556742366], [0.16630843363615555, -0.39434951475660596, 0.1537635343318613, -0.08151598420736768, -0.6237515799029696, -0.5874678546056198, -0.5234092393965706, 0.11966718817490614, 0.5040032284371432, 0.5778308406218999, -0.05211640650981393]], "inverted": false, "swapped": false, "error_lsq": 0.05442839566824851, "error_max": 0.2941494873419161, "target": "120.xyz", "model": "16.xyz", "model_rescale": 3.7852294659196426, "target_rescale": 3.723610401616778},
{"mapping": [8, 10, 1, 4, 5, 11, 7, 2, 0, 3, 12], "R": [[0.874475950507734, 0.44341049603330057, -0.1966696315934371], [-0.3746700945366704, 0.35993075313890827, -0.8544426096612583], [-0.3080813727629088, 0.8208757426994424, 0.4808834399354598]], "T": [-0.04389320656035365, -0.01838065722311758, -0.07192688788430104], "aligned_model": [[-0.592755900666697, -0.30275717993029183, 0.5833140957627866, 0.3904370213449618, 0.4974063013390432, -0.577001910773155, 0.1125547875737162, 0.0013479905026153247, -0.12515989134415018, 0.17086966282405383, -0.11732970960337738], [0.09381388977587371, -0.5581422734406146, 0.22091853262397082, -0.577581668635513, -0.1282013822653168, 0.37880166621082617, 0.4566034231861698, 0.5732438821899148, -0.5524496570062288, 0.07143445192861686, -0.05228183350489567], [0.26028996583400055, -0.6112801267070077, 0.08169945067170911, -0.09285932808283609, -0.4284984258110677, -0.38172260424822335, -0.5631917387189513, 0.07646670861802807, 0.3451021100926259, 0.6885371331347044, -0.11558049895996331]], "inverted": true, "swapped": false, "error_lsq": 0.03992147736355823, "error_max": 0.28054747791979284, "target": "120.xyz", "model": "17.xyz", "model_rescale": 3.901054581598922, "target_rescale": 3.723610401616778},
{"mapping": [1, 3, 10, 5, 9, 7, 11, 6, 8, 4, 14], "R": [[0.3376589863589215, -0.14235037025139735, -0.9304422502339176], [-0.7763561260835773, 0.5168061765176115, -0.36080817813035837], [0.5322194795604223, 0.8441846646335966, 0.06398966771202882]], "T": [-0.04967899606663043, -0.12935571236001184, -0.11665735118862997], "aligned_model": [[-0.5679958571692941, -0.49637794379444217, 0.6513045557868636, 0.36533762449075713, 0.5221179133222534, -0.5377032636883857, 0.2425616640313212, -0.19653126438337976, -0.027600403861526186, 0.11571058412732321, -0.029898341831984383], [0.11231606030657604, -0.4353474973912185, 0.20026644002770286, -0.595939623034072, -0.1622101246489207, 0.2566660489919361, 0.5159749138655663, 0.6011755727160646, -0.5245933848727701, 0.07054285355186787, -0.11269222844992943], [0.28162387511849507, -0.6553919492098234, 0.15246166488977908, -0.10454512774095787, -0.4424770917519743, -0.34577858061146927, -0.4839103543996218, -0.024547644395791907, 0.4159944770564361, 0.6305111840291281, -0.16497780716118154]], "inverted": true, "swapped": false, "error_lsq": 0.040078349793977404, "error_max": 0.2615726549841819, "target": "120.xyz", "model": "18.xyz", "model_rescale": 3.9405287249114394, "target_rescale": 3.723610401616778},
{"mapping": [6, 7, 10, 11, 13, 0, 12, 1, 5, 2, 15], "R": [[0.5622220598577664, 0.0037691258884656534, 0.8269777198324795], [-0.23995189022396043, -0.9562270837334522, 0.16748986450697784], [0.7914097837323206, -0.29260136367531553, -0.536707551826977]], "T": [0.02378461334191099, 0.03430022715199787, -0.2438985088165071], "aligned_model": [[-0.47675788752322684, -0.3050113149553593, 0.6030495902459915, 0.5179694610879992, 0.4365677809010954, -0.6121767302638348, 0.1687526715750539, -0.18305827614980935, -0.19917456930731883, 0.05482095751497299, 0.03594358390394174], [0.09621917537677643, -0.4508709520188981, 0.09135854552754627, -0.44962430189018854, -0.29127679923813704, 0.29478225956726734, 0.44596380041301154, 0.5825788943424933, -0.48546674643433285, 0.05831507472068768, 0.034180080696577166], [0.30737882998006505, -0.6339340371705294, 0.28440109536940905, -0.0418797266469037, -0.6621562066999179, -0.2633031006425697, -0.5750426266133944, 0.05962405401856169, 0.36552264178475113, 0.6243095972558046, -0.2059578748122583]], "inverted": false, "swapped": false, "error_lsq": 0.040187382320722546, "error_max": 0.2047863932653777, "target": "120.xyz", "model": "19.xyz", "model_rescale": 4.410303926677745, "target_rescale": 3.723610401616778},
{"mapping": [1, 2, 10, 6, 11, 7, 12, 8, 3, 5, 13], "R": [[0.5206419694498114, -0.4529398197812092, -0.7237247123761823], [-0.5559283466627154, 0.46349872920298807, -0.6900091313918065], [0.6479780960991519, 0.7615867958964239, -0.010485193938947378]], "T": [-0.024532062444575186, -0.11531531630707774, -0.11252291131409164], "aligned_model": [[-0.7073109837981122, -0.5024857841814291, 0.625393833623946, 0.2847515477281519, 0.6833343148064238, -0.5211719750534726, 0.045673572172100205, -0.051494815304123656, 0.08805465150709789, 0.1003987034439771, -0.004217797915053428], [0.057612578851655785, -0.3730542336491907, 0.14162516659214658, -0.5949173995811432, -0.12892194245241267, 0.3268267341547841, 0.3554791178604052, 0.6133445495104219, -0.6134176866360431, 0.18962001379698468, -0.048037867384805255], [0.146376255937689, -0.4916529920506346, 0.3195788485461005, -0.2165965072750251, -0.5436532583973929, -0.3669091715148348, -0.6991221841687032, 0.1311682688963116, 0.402434325955798, 0.655902407866118, -0.07856334797240803]], "inverted": true, "swapped": false, "error_lsq": 0.0494051937330403, "error_max": 0.22277197196889084, "target": "120.xyz", "model": "20.xyz", "model_rescale": 4.121658175737393, "target_rescale": 3.723610401616778},
{"mapping": [10, 1, 7, 5, 0, 2, 3, 4, 8, 9, 12], "R": [[-0.2305410223276264, 0.9577809907098472, 0.17177430209142566], [-0.927381123362217, -0.2697206908356623, 0.25925856006420644], [0.2946440039362172, -0.09953051175391665, 0.9504096949076424]], "T": [-0.07118831070099157, -0.021907451845088192, 0.03198530946548778], "aligned_model": [[-0.6271812899583706, -0.23393689061734363, 0.574390702823395, 0.39163498871326363, 0.4954591699668061, -0.5741732274417968, 0.2892690998789355, -0.2517389126104128, -0.08594817802177898, 0.04031924932849813, 0.022830554968310143], [0.29002935990944223, -0.32240019835855127, 0.18752493825456718, -0.5078129479153292, -0.16549281716398911, 0.24514751840891624, 0.3211232348684611, 0.5135021654587567, -0.612617154433053, 0.0002518809791798547, -0.0230969489455976], [0.48169663260058015, -0.5726566300503291, 0.11062290207366293, -0.08460788242314712, -0.7714184532950386, -0.4699105468662776, -0.4528250721053118, -0.06736067070287866, 0.35532305277981513, 0.7459446242766994, -0.015845310464756235]], "inverted": true, "swapped": false, "error_lsq": 0.04234760692003454, "error_max": 0.23141515600477514, "target": "120.xyz", "model": "21.xyz", "model_rescale": 4.08911054899281, "target_rescale": 3.723610401616778},
{"mapping": [1, 5, 3, 14, 12, 6, 7, 0, 15, 2, 16], "R": [[-0.9276720449640345, 0.24475248798717994, -0.2819943201845241], [-0.0470645853974637, 0.6725482749303933, 0.7385551724072599], [0.37041800954274806, 0.698408932869732, -0.6123850591695972]], "T": [-0.061652633193189234, -0.06057390500131189, -0.11939260109538871], "aligned_model": [[-0.6019802994196501, -0.4125357979260381, 0.7384881836981376, 0.44942939802147, 0.5331829260889313, -0.5109891886340813, 0.11039813398264836, -0.21337747402481622, -0.05635438963702053, 0.048880031690218866, -0.04421625681029405], [0.0686353066530062, -0.46152959317521836, 0.0011679203289690493, -0.4369701330726114, -0.15764189464469336, 0.39422450241633017, 0.4167691684389393, 0.6905334879753829, -0.5711394308515997, -0.0014192897117010356, -0.01647101329400056], [0.44748425854872775, -0.5818259419956934, 0.21263366811209847, -0.024821871954390534, -0.5456765074702417, -0.5025625335095324, -0.6177281424350111, -0.00582916036887296, 0.40099359234426446, 0.5916187144664405, -0.11532342991477086]], "inverted": true, "swapped": false, "error_lsq": 0.03823653399087203, "error_max": 0.19110317347625502, "target": "120.xyz", "model": "22.xyz", "model_rescale": 4.204369325754507, "target_rescale": 3.723610401616778},
{"mapping": [6, 7, 10, 11, 13, 0, 12, 1, 5, 2, 15], "R": [[0.5622220598577664, 0.0037691258884656534, 0.8269777198324795], [-0.23995189022396043, -0.9562270837334522, 0.16748986450697784], [0.7914097837323206, -0.29260136367531553, -0.536707551826977]], "T": [0.02378461334191099, 0.03430022715199787, -0.2438985088165071], "aligned_model": [[-0.47675788752322684, -0.3050113149553593, 0.6030495902459915, 0.5179694610879992, 0.4365677809010954, -0.6121767302638348, 0.1687526715750539, -0.18305827614980935, -0.19917456930731883, 0.05482095751497299, 0.03594358390394174], [0.09621917537677643, -0.4508709520188981, 0.09135854552754627, -0.44962430189018854, -0.29127679923813704, 0.29478225956726734, 0.44596380041301154, 0.5825788943424933, -0.48546674643433285, 0.05831507472068768, 0.034180080696577166], [0.30737882998006505, -0.6339340371705294, 0.28440109536940905, -0.0418797266469037, -0.6621562066999179, -0.2633031006425697, -0.5750426266133944, 0.05962405401856169, 0.36552264178475113, 0.6243095972558046, -0.2059578748122583]], "inverted": false, "swapped": false, "error_lsq": 0.040187382320722546, "error_max": 0.2047863932653777, "target": "120.xyz", "model": "23.xyz", "model_rescale": 4.410303926677745, "target_rescale": 3.723610401616778},
{"mapping": [1, 13, 4, 5, 15, 11, 9, 10, 0, 3, 16], "R": [[0.6917160785597285, 0.5182204948829047, -0.5029675788212087], [-0.7015021830955711, 0.6475902372453932, -0.29752574970345513], [0.17153295244383587, 0.5586361994247889, 0.8114813879061726]], "T": [-0.026257975040563358, -0.08279244494957386, -0.19118322641334712], "aligned_model": [[-0.6155354534610367, -0.34708884722291505, 0.5053023972821616, 0.4816952746771074, 0.4765866947903371, -0.4848277479697057, 0.12812239698989447, 0.01744489337214775, -0.14067411923664663, 0.05782605590433916, -0.037926278096178004], [0.1842952260311456, -0.5649944726455858, 0.06924916331638156, -0.4457971131805998, -0.04335981800346639, 0.2935200028351683, 0.41392179407583707, 0.5335607858073083, -0.5468978769934292, 0.09583136628240047, -0.06317002646235705], [0.37251135313025713, -0.5895993151568903, 0.2189524742067988, -0.11493927339625355, -0.696065882868816, -0.41214519510645325, -0.5402701054413741, 0.01371357810948981, 0.3935397036833396, 0.6864695491391954, -0.07320424047627558]], "inverted": true, "swapped": false, "error_lsq": 0.031215145928835727, "error_max": 0.1483936712895123, "target": "120.xyz", "model": "24.xyz", "model_rescale": 4.28219845311461, "target_rescale": 3.723610401616778},
{"mapping": [3, 8, 13, 2, 14, 5, 11, 9, 4, 7, 15], "R": [[0.5429196400590163, 0.7125629470661409, 0.4444010698756304], [0.19826213681862515, -0.6229839155625393, 0.7566922532010487], [0.8160455805543594, -0.3227151800253337, -0.47950445570288036]], "T": [0.023776370074288105, -0.06540628995094934, -0.12055650237303084], "aligned_model": [[-0.5722845265515618, -0.39455259993819086, 0.5279014769770828, 0.49403932591999006, 0.5969193230355322, -0.6439222460591972, 0.1111125360268622, -0.116117140500218, -0.08719790356076158, 0.11159025452115558, 0.013436767158812535], [0.016978591454203426, -0.21656586768585162, 0.02972692081272181, -0.5618843537192331, -0.14303618659968703, 0.3164310428165774, 0.3191236037505666, 0.5648657736919819, -0.4699552662390418, 0.20832516971867288, -0.1378503969381069], [0.36726465716114876, -0.6535646747645324, 0.1789831539949457, -0.08675844112569216, -0.6161625752896172, -0.48615120998318107, -0.4960378284269371, 0.07959497868392051, 0.47833698515304146, 0.6025657662895483, -0.10910816586962638]], "inverted": false, "swapped": false, "error_lsq": 0.042318440162850086, "error_max": 0.21618450889301705, "target": "120.xyz", "model": "25.xyz", "model_rescale": 4.100010024507729, "target_rescale": 3.723610401616778},
{"mapping": [4, 7, 1, 8, 3, 5, 2, 6, 10, 0, 11], "R": [[0.17481541152965271, -0.9841061084860354, -0.031220812484470506], [-0.12062536406578539, -0.05287642850848695, 0.9912888604499619], [-0.9771842679022803, -0.16952654821195165, -0.1279517722254206]], "T": [0.013194017906485313, -0.020709811641771863, -0.07247071118123986], "aligned_model": [[-0.7421860680045553, -0.20153280217267833, 0.6716482385544111, 0.3649718389052294, 0.5120444552710165, -0.6544519641130292, 0.28663203460311537, -0.19627267044800165, -0.09053117900373747, 0.19475214591758752, -0.10414876247985194], [0.16276124070456338, -0.3452802573616631, 0.13108137751978308, -0.5237650468415612, -0.2721075761017356, 0.1955547082398227, 0.48616150873807806, 0.5784529662694261, -0.48957598927928825, 0.06229260353470753, -0.05941650435932967], [0.3294980425698489, -0.6266391559696757, 0.13379132595127696, -0.06571616113889753, -0.6607045351130962, -0.34017328953100445, -0.5373044470331879, 0.06023124878362686, 0.356956760608832, 0.6582732392978784, -0.049250382602582944]], "inverted": false, "swapped": false, "error_lsq": 0.039312378377500186, "error_max": 0.1775881237723182, "target": "120.xyz", "model": "26.xyz", "model_rescale": 3.6694154284099745, "target_rescale": 3.723610401616778},
{"mapping": [12, 7, 4, 8, 5, 6, 0, 2, 9, 11, 13], "R": [[-0.8436951905536192, 0.5336297379926375, 0.05846133907636353], [-0.5325067844305525, -0.8457160946655393, 0.03465273090395527], [0.06793342308558706, -0.00189471728184272, 0.9976880574980824]], "T": [0.007278613247298581, -0.07942732894650666, -0.10356081682745932], "aligned_model": [[-0.6552709655743926, -0.17398609896613776, 0.7737850704257029, 0.4761638908790349, 0.3019866922381627, -0.5268499650430044, 0.2767971912083569, -0.01288383748617511, -0.20664323914686306, -0.2193274817017837, 0.00715401019660509], [0.0941296316900274, -0.5620481599039612, 0.19474792408271557, -0.5113759430091163, -0.14620758723035393, 0.3116624575326357, 0.4141047771457621, 0.5567636629656123, -0.5750881338700734, 0.17484683086425917, -0.025376429204704162], [0.29723695060052635, -0.4645992667889004, 0.009692667971461594, -0.059695298938693984, -0.8347694361709458, -0.2850707960838904, -0.4510074163548113, 0.135152701000035, 0.31287806584456646, 0.6839477854300963, -0.08480331068642545]], "inverted": false, "swapped": false, "error_lsq": 0.056103832657273124, "error_max": 0.26710249331102476, "target": "120.xyz", "model": "27.xyz", "model_rescale": 4.103607728864725, "target_rescale": 3.723610401616778},
{"mapping": [0, 10, 8, 13, 11, 9, 6, 5, 2, 1, 14], "R": [[-0.7860666026882012, -0.31906127055947603, -0.5294329058220716], [0.4896236333503435, -0.8441869113074637, -0.21821355696191902], [-0.37731683477289746, -0.43075325234539685, 0.8198070759580115]], "T": [-0.008401927670857495, -0.1467315222389793, -0.15476920134377065], "aligned_model": [[-0.49835385191378845, -0.27192236097744116, 0.726801947800012, 0.4664019503837579, 0.5248923280446598, -0.610906128544302, 0.03680163303705268, -0.13130531685663815, -0.12918091067815876, -0.02569464334550901, -0.04660937992013907], [0.0678732795388968, -0.26063908958999066, -0.003041338398589999, -0.5876501970249526, -0.052420696091481034, 0.33045405934458394, 0.3330193889398171, 0.5657897356892202, -0.54091018425304, 0.1951351964281808, -0.12145112351984119], [0.318077107689275, -0.5759073302704181, 0.1785600193482489, -0.15972223707754113, -0.5775740479946768, -0.43656085258915356, -0.5659418708809254, -0.043644837188409336, 0.45462092485504463, 0.6732941662357965, -0.006238396304222321]], "inverted": true, "swapped": false, "error_lsq": 0.03901113643415627, "error_max": 0.18768566430054506, "target": "120.xyz", "model": "28.xyz", "model_rescale": 4.137296879288765, "target_rescale": 3.723610401616778},
{"mapping": [5, 4, 7, 3, 8, 6, 9, 0, 2, 1, 10], "R": [[0.7905303331305147, 0.34919492950959613, -0.5031149904399056], [-0.6045034526455957, 0.3132332838646159, -0.7324346289048215], [-0.0981700979937998, 0.8831465399831319, 0.45870995277594595]], "T": [0.025950782030431996, -0.008249330847278646, -0.08393463360257666], "aligned_model": [[-0.5364960376344518, -0.40410675406196306, 0.6678069080374932, 0.2663058430627604, 0.5935307039030049, -0.5899688123945438, 0.19123881073730575, -0.09950876411448897, -0.13197960302794015, 0.08488675100123125, -0.0007837784789020072], [-0.048168730120292616, -0.4081522766806462, 0.20158900133083207, -0.6407893505737088, -0.17338392315433643, 0.20902489365992485, 0.5205279572338624, 0.6398666275305602, -0.5445182588950327, 0.17872371830238043, -0.008560627570739988], [0.2838399767802251, -0.5886703192264008, 0.15689894491127407, -0.17332866608372902, -0.4949546777445787, -0.383238471742272, -0.6351774688617987, 0.1500011463548047, 0.46341599109056963, 0.6430637132614273, -0.16288752291650332]], "inverted": true, "swapped": false, "error_lsq": 0.043920735100168834, "error_max": 0.21723091851992501, "target": "120.xyz", "model": "29.xyz", "model_rescale": 3.607286011436655, "target_rescale": 3.723610401616778},
{"mapping": [1, 7, 8, 4, 5, 13, 12, 11, 3, 9, 14], "R": [[0.8743460258235622, -0.4771423407718113, -0.08862400221914729], [-0.09334829869988381, 0.013852829702919706, -0.9955371385533838], [0.47624061382496563, 0.8787168404850443, -0.03242825915157033]], "T": [-0.03220139954060732, -0.042016352099639574, -0.0853179322631119], "aligned_model": [[-0.6159306141678751, -0.31576936944617995, 0.5226265084920636, 0.50377320891496, 0.4104644893455385, -0.5362043729686368, 0.04234666572285107, -0.008198710727171099, 0.11486439442927213, -0.02482365022346408, -0.05222328234185253], [0.1632808105709264, -0.3915718273063683, -0.01642624878955208, -0.4994325566410656, -0.22281368418631306, 0.34602292399100626, 0.43778778930487056, 0.5352727284574201, -0.61390053689408, 0.14952266012208335, 0.03841697243387555], [0.3084578133655941, -0.7151505614068243, 0.3104851909757694, -0.10405625172010438, -0.6784962065705141, -0.4476727933294096, -0.6070769665574431, 0.0180854107992212, 0.4417224529938252, 0.6748239515453851, 0.057840605727519145]], "inverted": true, "swapped": false, "error_lsq": 0.03946708771377041, "error_max": 0.2183055044766663, "target": "120.xyz", "model": "30.xyz", "model_rescale": 3.964800864290218, "target_rescale": 3.723610401616778},
