[{"mapping": [5, 3, 0, 10, 7, 2, 1, 6, 4, 11, 9, 12], "R": [[0.7323281985424442, -0.5051157576212971, -0.4566765606227693], [0.6780647124396214, 0.4792315333908605, 0.5572839340480026], [-0.06263908814591981, -0.7177710002546133, 0.6934559364730682]], "T": [0.000461459277920696, -0.21040657154055054, 0.010394726254390384], "aligned_model": [[-0.29380969833209925, 0.26155352696809037, 0.3942840498026004, -0.24488732036696015, 0.10689700014663599, -0.5410013136345672, 0.39861739948182384, -0.1969838420272902, 0.4961883491879796, 0.1427706567437596, -0.6758755801826263, -0.010110765326798441], [-0.25539960394840666, -0.7365099513458979, -0.28071935684351434, 0.6347321793412313, 0.3078915884581288, -0.509004569549406, -0.39653084194782556, -0.25202043239649446, 0.13472348533019673, 0.4229491026912998, 0.05301324825339376, -0.06956981206564844], [-0.5126209694978723, -0.06461924019868717, -0.6846328978821742, 0.030131039741218578, -0.659437471284841, 0.02922450273996699, 0.5469129479489452, 0.6571638906921009, -0.039436933463916905, 0.527921619041589, 0.36418484373225196, -0.012839586215018371]], "inverted": false, "swapped": true, "error_lsq": 0.04696168751466256, "error_max": 0.34629280679136903, "target": "121.xyz", "model": "0.xyz", "model_rescale": 3.751011558992144, "target_rescale": 3.9849943175837623},
{"mapping": [10, 1, 2, 8, 6, 5, 0, 9, 4, 3, 12, 7, 14], "R": [[-0.734981155638305, 0.4320144306407147, -0.5226530709512388], [-0.021431383888581512, -0.7851898688155119, -0.6188841294572833], [-0.6777487710362903, -0.44366699407061844, 0.5863584242859823]], "T": [0.13073013913676454, 0.08075584330129452, -0.0023431904304543755], "aligned_model": [[0.5622571243589247, 0.2527485122006798, -0.6877889357099065, -0.28558656349792866, 0.8169852615433235, -0.25508843923175273, -0.2008232962454581, 0.21896936908080455, 0.3115662552536156, -0.21651311767836814, 0.3597833906181723, 0.43750729540336997, 0.15349019258354168], [0.310904297565019, -0.5962889464920429, 0.11564426564427997, -0.2189061544674381, -0.20607273809747423, 0.4318598436343369, -0.38517389206991537, 0.7078268171438323, -0.37324077678918943, 0.21216225880245027, 0.4948392818340699, -0.15174624687556038, 0.12594406242910705], [-0.6605755947938013, 0.10904540272147918, 0.10967209462776946, -0.4234148498193299, 0.10017030689389476, -0.3457904972061102, 0.4961408310613542, -0.1845119402130334, -0.6242429717167943, 0.6651598912660516, 0.5704086039760574, 0.5375712270966315, 0.018723780460590617]], "inverted": true, "swapped": false, "error_lsq": 0.04932328426245266, "error_max": 0.31637021404139304, "target": "121.xyz", "model": "1.xyz", "model_rescale": 3.9405287249114394, "target_rescale": 3.9849943175837623},
{"mapping": [9, 4, 2, 8, 3, 5, 1, 11, 10, 1, 6, 7, 12], "R": [[-0.4345186418527107, 0.23972878418660215, -0.8681725979981684], [0.7400472060434946, -0.4543728732420237, -0.49585827096964435], [-0.5133455782508437, -0.8579483679652298, 0.020022866830339214]], "T": [0.12971739020347067, 0.08641366046090351, 0.07181291635782064], "aligned_model": [[0.10581571744380551, 0.020858009927230692, -0.5398085401593609, 0.09260410379447481, 0.6103609760463811, -0.26064535151864454, -0.3419915814579264, 0.3944028965754069, 0.6379137449283123, -0.3419915814579264, 0.46554394774848307, 0.5797015197674213, 0.044743187041359864], [0.1546721011661804, -0.6011154201137613, 0.20619802597340728, -0.4064856963463549, -0.22151637833838642, 0.637604430169229, -0.08930427889842482, 0.6605874840702598, -0.04147449121938024, -0.08930427889842482, 0.4063848693915252, -0.21330701331315574, 0.0648127186187615], [-0.7313997593401126, 0.15636538866253352, 0.03236216386610492, -0.5251482198484462, 0.040820769577907486, -0.19629516938426508, 0.6832376330644029, -0.2566384377810015, -0.5891471467447499, 0.6832376330644029, 0.3549995016551588, 0.6519781118057538, 0.06398381575707006]], "inverted": true, "swapped": false, "error_lsq": 0.06167084778038226, "error_max": 0.3630466091264878, "target": "121.xyz", "model": "2.xyz", "model_rescale": 3.932901565614263, "target_rescale": 3.9849943175837623},
{"mapping": [5, 0, 8, 7, 6, 9, 3, 12, 4, 11, 10, 1, 13], "R": [[-0.5365331461133889, 0.69157013269299, 0.48359377031623285], [-0.4875556176337348, 0.21370105446222315, -0.8465349248764173], [-0.6887827689739753, -0.6899729059091628, 0.2225212041038093]], "T": [0.08902980383863292, -0.0453824487151472, 0.07628608924391168], "aligned_model": [[0.31800283388904343, 0.2363375337483607, -0.6270919753098391, -0.2658097409760504, 0.707265715459904, -0.2635644353790175, -0.2501043201615307, 0.3269689798267858, 0.5024990710380149, -0.2847446481247853, 0.41484205396382445, 0.5076585007451435, 0.14524747995916357], [0.27041653449269165, -0.6971921823082133, 0.098468123295134, -0.22469030899623493, 0.20754210057271733, 0.43073090505586104, -0.3567728109435393, 0.6581239686693618, -0.52082293157322, 0.38259423578860574, 0.46731745679279135, -0.2983115488901764, 0.050348530305696484], [-0.5275698864399395, 0.12522312067396107, 0.1488349410160165, -0.5167401631465441, -0.06691234172202128, -0.3582093839434327, 0.29698852767885825, -0.1014594575031924, -0.5288799349833776, 0.7653704925995892, 0.4559314828176294, 0.6326542275508786, 0.04312465975633409]], "inverted": true, "swapped": false, "error_lsq": 0.048018739351752576, "error_max": 0.2782178493603622, "target": "121.xyz", "model": "3.xyz", "model_rescale": 3.9243930471874484, "target_rescale": 3.9849943175837623},
{"mapping": [0, 4, 6, 3, 1, 5, 10, 1, 2, 11, 9, 8, 12], "R": [[0.1921312520103742, 0.6587097366053056, -0.7274524485506217], [-0.9570871802325618, -0.038103688233207665, -0.2872842466574017], [-0.21695555175060716, 0.7514316947297308, 0.6231217350728462]], "T": [0.10501033457119299, -0.024185680903356023, 0.1431527067433937], "aligned_model": [[0.16488428012251663, 0.331987908242112, -0.5827267822008098, -0.23394551388738918, 0.5793979697520959, -0.13422263073325155, -0.24896767971031766, 0.5793979697520959, 0.44930123891256113, -0.3518142478648515, 0.3453935558523715, 0.4774872793277176, 0.09133370111416719], [0.1765464617716092, -0.5599968742950784, 0.10437173492276772, -0.38769547797339343, 0.435262569158404, 0.5611163697992163, -0.4651448588476508, 0.435262569158404, -0.38833126872580026, 0.3784195091827598, 0.3793902582470807, -0.25916677156312024, 0.05771785142627605], [-0.6811312679290649, 0.02587178107055696, -0.0357527537293163, -0.3106346119362901, -0.1289207706209789, -0.27375519379327024, 0.5643204741602781, -0.1289207706209789, -0.6314931829189909, 0.6484787828421581, 0.6694888731258699, 0.593020666897726, 0.05778425780706127]], "inverted": false, "swapped": false, "error_lsq": 0.057056508233570453, "error_max": 0.4886787238536456, "target": "121.xyz", "model": "4.xyz", "model_rescale": 3.8936222436046832, "target_rescale": 3.9849943175837623},
{"mapping": [2, 5, 9, 6, 10, 7, 0, 4, 1, 3, 11, 12], "R": [[0.125475537423943, 0.9920841891847912, 0.004985085528700972], [-0.7225503472058638, 0.09482672951941754, -0.6847838251020081], [-0.6798359252502466, 0.08232164319428403, 0.7287292102015224]], "T": [-0.004602493271628941, -0.1349279395684993, -0.01921913002514823], "aligned_model": [[-0.04572630248492004, -0.47508857920164643, -0.17781405228542896, 0.40099372566557784, -0.5674875910021131, -0.7326888089704289, -0.30091743684720335, -0.030723167788851317, 0.648494722922208, 0.34544348282116155, 0.06799513878426612, -0.10493308939752455], [-0.515350197300884, -0.5101682146753592, 0.0799893971059858, 0.10038460596025461, 0.5082226057329968, -0.011979668484375705, -0.43481516602986653, 0.2564174060049222, 0.0835622115856896, -0.5378687446685995, 0.6834672982780072, -0.03293862839896415], [-0.5053106826004399, -0.020917380183207393, -0.7780323704554174, -0.5082451268708345, -0.22984390733454513, 0.40904564719548775, 0.6629601898876302, 0.44285189341883574, 0.06292877933998509, 0.23707650283442655, -0.13831665734231108, -0.01491216861409149]], "inverted": true, "swapped": true, "error_lsq": 0.03891353772184248, "error_max": 0.20844317620150174, "target": "121.xyz", "model": "5.xyz", "model_rescale": 3.6523030999806103, "target_rescale": 3.9849943175837623},
{"mapping": [9, 3, 5, 7, 4, 8, 0, 10, 11, 1, 6, 2, 12], "R": [[0.5396141397833112, 0.8140092157844101, -0.21495482493762919], [-0.836724693985291, 0.49021535402407546, -0.24409156715108277], [-0.09331862955025752, 0.3115732711531915, 0.9456287485486901]], "T": [0.11118386622386618, 0.11695463570033408, 0.018742875943212327], "aligned_model": [[0.14961347856874468, 0.09315925544861071, -0.5666377633993114, -0.11559503621884017, 0.6255954109822275, -0.29706649648554695, -0.45204985093802913, 0.7537436014703107, 0.5225233630370123, -0.09766023106179401, 0.23984980375612835, 0.5659456456939195, 0.04608586782558609], [0.4113837220092578, -0.5614680253044076, 0.0503443506539028, -0.3637205765933356, -0.1341852740151665, 0.6394961408786448, -0.5749451846219452, 0.5180153193894441, -0.3184929867095047, 0.07352571963687062, 0.6843329280673758, 0.009380352283200985, 0.03408558658713763], [-0.6404214079883098, 0.16726394983384035, 0.013799362237626171, -0.4106063168946231, 0.05670483445860052, -0.09951582090445632, 0.45601412927309753, -0.1681805209493006, -0.626047159370691, 0.679706519627139, 0.30883150367913925, 0.6169327552371026, 0.013874456115595315]], "inverted": false, "swapped": false, "error_lsq": 0.05997529123055629, "error_max": 0.3671762872267962, "target": "121.xyz", "model": "6.xyz", "model_rescale": 4.08911054899281, "target_rescale": 3.9849943175837623},
{"mapping": [3, 2, 11, 1, 6, 8, 13, 4, 0, 12, 5, 7, 14], "R": [[0.053122212468579566, 0.23232629188195816, -0.9711861431480696], [-0.8706957789420846, 0.4869763759398091, 0.06886849649126026], [0.4889446707705075, 0.8419492285030669, 0.22815478418874097]], "T": [0.027027365021823804, 0.11121155626109815, 0.046465424438466935], "aligned_model": [[0.4382462408616833, 0.34159430842183325, -0.5576231733580541, -0.2612134096338299, 0.48267929044211316, -0.112971820840555, -0.24200103935963785, 0.46176273274713353, 0.4244671741391538, -0.30150337771337615, 0.34671166136078735, 0.5348804964088454, -0.08752203479707914], [0.2635628650314789, -0.631016253947609, 0.12283302201757268, -0.4807068498511545, -0.03947407892154638, 0.6610407201171201, -0.3962243952455148, 0.6561612017414503, -0.36390974776241813, 0.18215260393804938, 0.5638225772108122, -0.15854115513422962, 0.08805156306746378], [-0.6124272459826935, 0.06334911965063753, 0.09725668808633058, -0.2767928549401659, -0.09071376007529783, -0.33200134004190707, 0.5003673908432917, -0.05786354393481498, -0.6613181072261677, 0.6749849840732898, 0.5693864930257324, 0.5647391322152714, -0.07061067133874736]], "inverted": false, "swapped": false, "error_lsq": 0.042949735365599234, "error_max": 0.2606772886491401, "target": "121.xyz", "model": "7.xyz", "model_rescale": 3.964800864290218, "target_rescale": 3.9849943175837623},
{"mapping": [5, 7, 0, 1, 9, 3, 2, 10, 8, 4, 11, 12, 13], "R": [[-0.25408328081067433, 0.029176783391436978, -0.9667421588631654], [0.9006948559501408, -0.3570604576811651, -0.24750071924233397], [-0.3524066725779179, -0.9336254842662803, 0.06444371382155256]], "T": [0.02310055558551463, 0.0768424997312285, 0.06186597327333916], "aligned_model": [[0.2412885162032903, 0.1449053222975074, -0.6834036515770645, -0.24739332147642953, 0.7101189645400826, -0.39198802323133597, -0.40342580765772895, 0.5372624421717702, 0.5747620011315864, -0.08751053177615431, 0.4612160571180479, 0.5265185301286139, 0.08515655080683193], [0.2684433152485735, -0.6243381506688735, 0.0929933095280514, -0.4803696109707094, 0.11257299471462873, 0.576641863435909, -0.30166259772820003, 0.6116529535638278, -0.2294092354188992, 0.133209235886651, 0.5213047733453217, -0.28392078512809216, 0.07063400645328641], [-0.7221964377010202, 0.08090433644983147, -0.05539582411705553, -0.36177021183303737, 0.08606854078981811, -0.2604145931258947, 0.3986416855950759, -0.29133276095523014, -0.3773800917321832, 0.7544563092019432, 0.6074312023196634, 0.494410921796618, 0.014933207666230713]], "inverted": true, "swapped": false, "error_lsq": 0.051360072230683625, "error_max": 0.27538541567614394, "target": "121.xyz", "model": "8.xyz", "model_rescale": 4.121658175737393, "target_rescale": 3.9849943175837623},
{"mapping": [4, 2, 10, 0, 6, 5, 3, 9, 1, 11, 7, 8, 12], "R": [[-0.4302472042931709, 0.8966944731006661, 0.10404982032002522], [0.2708239148665521, 0.23817301794955859, -0.9326993195329103], [-0.8611281846126424, -0.3731120949949469, -0.34531958275518737]], "T": [0.11111106586937045, 0.06277527424576751, 0.08439041117967015], "aligned_model": [[0.2827571323149809, 0.19038369132826694, -0.6417724688501125, -0.2858248503903491, 0.8026640116752938, -0.24169875583657738, -0.39451292638663404, 0.6001574108121946, 0.3630810814704545, -0.13000657409066008, 0.20433220337328023, 0.5734334546143699, 0.14451363864450992], [0.21728477891552758, -0.6254400534219331, 0.13528044644536602, -0.23933099497456145, 0.06571502807721673, 0.4804390052852459, -0.4713426108348911, 0.6785183013968474, -0.3508750520750278, 0.09010047078353028, 0.6100642104475358, -0.13701042430543192, 0.014348966522050699], [-0.7728098912929661, 0.13360386945054076, 0.15064909927390044, -0.5238841350600267, 0.04048219909430621, -0.2033597300153882, 0.37030378051046287, -0.1892590252309238, -0.40585058515399, 0.6710314359024403, 0.4677903983299295, 0.6106004654800669, 0.019058403066407492]], "inverted": true, "swapped": false, "error_lsq": 0.04933416296622547, "error_max": 0.27449159292695524, "target": "121.xyz", "model": "9.xyz", "model_rescale": 3.833441315466971, "target_rescale": 3.9849943175837623},
{"mapping": [4, 9, 13, 2, 7, 5, 8, 6, 3, 10, 12, 11, 14], "R": [[-0.222063535779263, -0.7134217933307908, 0.6646180338193438], [-0.13590180858880685, 0.6976303667005418, 0.7034504743615991], [-0.9655146215876295, 0.0658879067655509, -0.2518735778968306]], "T": [0.11374861855128642, 0.1932831416118927, 0.08560346038163338], "aligned_model": [[0.3832990219408248, 0.0881027471706927, -0.6665418033246882, -0.2748795590865636, 0.6317705547013719, -0.30587281323464827, -0.0765720312001243, 0.5508871311791046, 0.402952497370194, -0.23230249696096678, 0.36475171701087417, 0.47380910595219844, 0.12810297716074806], [0.3770333009807072, -0.6061319577292263, 0.10576321054214355, -0.2550138797195031, -0.22457594010339482, 0.3857201138759807, -0.44041651046239066, 0.6579129437095956, -0.31397754961184304, 0.10281174304852414, 0.6058949865404477, -0.03693848648169379, 0.10967009767212789], [-0.642057888773804, -0.04925911693050708, -0.0528655275139048, -0.32016516228270775, 0.11660407774950739, -0.4086849849200581, 0.497625503015123, -0.1473313713312379, -0.5573347616606935, 0.8257505369918049, 0.44583806074522037, 0.6172908952661966, 0.04294602399982]], "inverted": true, "swapped": false, "error_lsq": 0.0467270601300069, "error_max": 0.25699435518084623, "target": "121.xyz", "model": "10.xyz", "model_rescale": 4.2482417240324, "target_rescale": 3.9849943175837623},
{"mapping": [5, 0, 3, 8, 9, 6, 2, 1, 4, 11, 10, 12], "R": [[0.2644470992998612, -0.9096531136575592, -0.32031069992274264], [-0.26369541847890526, -0.3876805280099582, 0.8832714953371672], [-0.9276488872117103, -0.14911412077676608, -0.34239234956384124]], "T": [-0.03214492684309332, 0.02707200204914033, 0.055102301967106505], "aligned_model": [[-0.4644659119715046, 0.02537405168064076, 0.37442529218055265, 0.6097886373326902, -0.5408907482822749, 0.0960359413325725, -0.32727361103691516, 0.5893821286295864, 0.19333211960445423, 0.020408866815901885, -0.5878483154943176, -0.11150284842837976], [-0.3352977176353082, -0.7702847286892206, -0.212748889886952, -0.5365358833415308, 0.6526662436871516, 0.6876776226023557, 0.22298365647263768, 0.33057005256934363, -0.17270360093361076, 0.520446077239303, 0.2511544060824982, 0.028204151883971858], [0.2647497613913341, -0.008280108474333185, 0.4125481384380365, -0.1663032498349767, 0.09751425345562381, 0.13382073448155202, 0.5622659272149599, 0.003962771166771607, -0.4708187090449605, -0.6105143468821576, -0.5897433183401716, -0.06400956371732136]], "inverted": false, "swapped": true, "error_lsq": 0.05657444225180594, "error_max": 0.363391133786261, "target": "121.xyz", "model": "11.xyz", "model_rescale": 3.6694154284099745, "target_rescale": 3.9849943175837623},
{"mapping": [3, 9, 6, 11, 2, 4, 7, 1, 8, 5, 12, 10, 13], "R": [[-0.302731525065313, 0.9456763777525665, -0.11853190411199477], [-0.12547853258654995, -0.16283228434070146, -0.9786423172111021], [-0.9447797423693822, -0.28139267179010585, 0.16795654995048517]], "T": [0.04763674238408529, 0.07374118162574586, 0.09481220217177565], "aligned_model": [[0.3968694245798286, 0.12779546757186763, -0.5177169037009485, -0.3136822317614489, 0.6758397144782633, -0.1836974612560423, -0.1397656719946414, 0.475194737109295, 0.4340739706866835, -0.3860044247232495, 0.3984407208529403, 0.47493212268231527, 0.025227584154154638], [0.29613650832987026, -0.7228503177274547, 0.08766584991149652, -0.35967659626630855, 0.16104201281177033, 0.406260909420637, -0.4093266655917308, 0.751694139551923, -0.3185443443105961, 0.264047687866578, 0.3770411075998731, -0.2569866492080287, 0.19124842987344537], [-0.6600558346067422, 0.033961328516761716, 0.10082817467505686, -0.3812406075422381, -0.06027862321318288, -0.5245372683242374, 0.6274388148557843, -0.1773043943218352, -0.4242024277123375, 0.7431250621004358, 0.5915155581711096, 0.42882799101448843, 0.07027851074169619]], "inverted": false, "swapped": false, "error_lsq": 0.046852855974859234, "error_max": 0.2892421583385489, "target": "121.xyz", "model": "12.xyz", "model_rescale": 3.9764082729961374, "target_rescale": 3.9849943175837623},
{"mapping": [5, 1, 7, 9, 13, 4, 8, 6, 12, 3, 14, 11, 15], "R": [[0.5868396758592654, -0.30556357282325425, 0.7498333800257764], [0.4413293490420063, 0.8971180984002171, 0.02018720379194397], [-0.6788575701217092, 0.3190768253669738, 0.6613186667577005]], "T": [0.09078854874763836, -0.04026787034179673, -0.037606932502655926], "aligned_model": [[0.10109027711103624, 0.03418295857710804, -0.6291249022508703, -0.022443699045349486, 0.6899322687556619, -0.28993000814171616, -0.12920512339765128, 0.44515706977271047, 0.5377887471788414, -0.18997571272145314, 0.4550930794765193, 0.4201944281580586, 0.04474766520612233], [0.2765959882961914, -0.6706116919602783, 0.14048497593750997, -0.27432185740201565, 0.0594667569703837, 0.5255741743729545, -0.38806670371993085, 0.6285103916519211, -0.4165056437996267, 0.22838684947321292, 0.4480547104505101, -0.1367882785432275, 0.04697240053387018], [-0.8136965377136071, -0.09038052409778366, 0.10412073083918258, -0.5797289812320766, 0.036960842552970746, -0.2628620826154663, 0.5371030746882652, -0.1416136307984708, -0.29421849766336317, 0.7090117910212358, 0.4797240114334478, 0.6784379516770214, 0.005498136263403661]], "inverted": false, "swapped": false, "error_lsq": 0.045972833877930865, "error_max": 0.34413586924311085, "target": "121.xyz", "model": "13.xyz", "model_rescale": 4.170626492500431, "target_rescale": 3.9849943175837623},
{"mapping": [8, 1, 2, 0, 10, 4, 3, 12, 7, 6, 5, 11, 13], "R": [[0.27611490769700486, -0.014033042669795937, 0.9610221805249359], [0.14793135617298125, 0.9885992909771897, -0.028066986660858537], [-0.9496719810588798, 0.14991502790856537, 0.2750429290108673]], "T": [0.08615438030431101, -0.026548185363252985, 0.011917581052274289], "aligned_model": [[0.3332860555015693, 0.12256408157601306, -0.5714646399256454, -0.21664475602546995, 0.6361077362183092, -0.1882776909866054, -0.16182103127209163, 0.5102318022969072, 0.3900335507832376, -0.21509810364552223, 0.28506830671709305, 0.43203974524987704, 0.11148199219134576], [0.2983106698378991, -0.7868593507939448, -0.0055384257149610795, -0.339495777212783, -0.032399748908956416, 0.5610059364330926, -0.408510192866429, 0.567911600731847, -0.3759867324937199, 0.31288061722351257, 0.6698826321709619, -0.006997244136128806, 0.013548087991084853], [-0.6085249643268426, -0.09492686321168856, 0.006627829861757733, -0.39580155551283863, -0.11396081462319972, -0.27536333164490295, 0.5296885965673773, -0.03790233522680442, -0.6536498117917533, 0.7201013819956857, 0.5620422892993249, 0.6280675028608806, 0.10195836010776313]], "inverted": false, "swapped": false, "error_lsq": 0.03930339320616676, "error_max": 0.21863108410677787, "target": "121.xyz", "model": "14.xyz", "model_rescale": 3.9786697098870705, "target_rescale": 3.9849943175837623},
{"mapping": [3, 2, 1, 8, 6, 11, 7, 10, 4, 0, 9, 12], "R": [[-0.7742666868867086, 0.6288851017971857, 0.070814026259088], [0.03225299872292353, 0.15096179250132924, -0.9880133001524649], [-0.6320370571816645, -0.7627018198105529, -0.13716811731161332]], "T": [-0.06631791173358231, -0.04588654802333467, -0.12176046807447614], "aligned_model": [[0.049682520392435064, -0.6111754280926078, 0.4543359304112728, 0.5927162421244911, -0.02622168840110488, 0.36391502978134904, -0.11024587962801578, -0.1286852981808015, 0.43420015380746485, 0.03598150708246656, -0.512851810183756, -0.05829668234585711], [-0.4497325123163499, 0.04862651187872895, 0.13728675003720217, -0.6327026566514601, 0.5283347517352598, 0.59815273819309, -0.3846279597711053, 0.4533142780852074, -0.12559661077980405, -0.7878503922824291, 0.6253494368290627, 0.004120155267036754], [-0.5389334131310594, -0.39905963454004006, -0.5417477518129337, -0.13035153098137947, -0.4790963104809159, 0.17713485870109102, 0.660519066032138, 0.6005648729634755, 0.21061141973824743, 0.16481936656102752, -0.07660551479521271, 0.012111065619391806]], "inverted": true, "swapped": true, "error_lsq": 0.058319965891710714, "error_max": 0.44744354799088404, "target": "121.xyz", "model": "15.xyz", "model_rescale": 3.769337070930944, "target_rescale": 3.9849943175837623},
{"mapping": [3, 1, 5, 2, 0, 4, 7, 11, 10, 9, 12], "R": [[0.910949823178717, 0.3840954587452831, -0.15046959234979942], [-0.4100207272720697, 0.8831225274234442, -0.22798597492940456], [0.04531470906832995, 0.2693794352367651, 0.9619674095381684]], "T": [-0.1376462369035918, 0.012170183771582702, -0.09905027327803446], "aligned_model": [[-0.34108279980354406, -0.2900477299409161, -0.1007790220926941, -0.6536139935354347, 0.32905120129728377, 0.40049720115322396, 0.5848903881902088, 0.16793516866235197, 0.32751731830406944, -0.4696294232290392, -0.03211217831433909], [-0.10757597272437189, -0.6580472700841806, 0.6011284832936039, 0.3400677298184061, 0.29056432559617396, -0.2617532909059829, 0.46650797056523485, -0.4643102766410427, 0.16995387555293578, 0.1802088625903545, 0.03932006056421141], [-0.6420561223222793, -0.1918109784913613, -0.2170936342342324, -0.004404973551909039, -0.6887906584239367, -0.15111436784180363, -0.1114873455932867, 0.5082484818172973, 0.6314100114053403, 0.6175663648553369, -0.006249170395388581]], "inverted": false, "swapped": true, "error_lsq": 0.05289108178557975, "error_max": 0.3911955609978699, "target": "121.xyz", "model": "16.xyz", "model_rescale": 3.7852294659196426, "target_rescale": 3.9849943175837623},
{"mapping": [11, 5, 2, 7, 10, 8, 1, 9, 6, 3, 0, 4, 12], "R": [[-0.31836551523838724, 0.7670068809060661, -0.5570851311511952], [0.8263799758870193, -0.06338565468450408, -0.5595340867482397], [-0.46447770039041275, -0.6385003550687853, -0.613659321135978]], "T": [0.0617785362844901, 0.053664695080401996, 0.07060906704833503], "aligned_model": [[-0.050560633938316134, 0.2287230247067631, -0.5297130099329765, -0.1530042018092782, 0.8244298335875547, -0.09474067556891494, -0.32478697697190295, 0.5258483835445673, 0.48668857253426573, -0.4029280613041234, 0.349303617775768, 0.4842801045254452, 0.12396707153016584], [0.24639745756126843, -0.5711381619159833, 0.01652028546727676, -0.4242139069910743, 0.030059683088728938, 0.6701861699791856, -0.3973914556204938, 0.7449966670450568, -0.45633501042902785, 0.3055823469297694, 0.4369222533179049, -0.22639173926019812, 0.0925574830890617], [-0.6280797531952831, 0.18876124957139734, -0.08053677185579039, -0.3951456133098733, -0.18835208333906522, -0.06942278133583418, 0.41899047746338836, -0.16168614795901698, -0.5182415059975729, 0.6648149623463131, 0.5566030251445058, 0.5654297451812897, 0.015221481640301529]], "inverted": false, "swapped": false, "error_lsq": 0.052094596371073956, "error_max": 0.3432512854208016, "target": "121.xyz", "model": "17.xyz", "model_rescale": 3.901054581598922, "target_rescale": 3.9849943175837623},
{"mapping": [10, 1, 2, 8, 6, 5, 0, 9, 4, 3, 12, 7, 14], "R": [[-0.734981155638305, 0.4320144306407147, -0.5226530709512388], [-0.021431383888581512, -0.7851898688155119, -0.6188841294572833], [-0.6777487710362903, -0.44366699407061844, 0.5863584242859823]], "T": [0.13073013913676454, 0.08075584330129452, -0.0023431904304543755], "aligned_model": [[0.5622571243589247, 0.2527485122006798, -0.6877889357099065, -0.28558656349792866, 0.8169852615433235, -0.25508843923175273, -0.2008232962454581, 0.21896936908080455, 0.3115662552536156, -0.21651311767836814, 0.3597833906181723, 0.43750729540336997, 0.15349019258354168], [0.310904297565019, -0.5962889464920429, 0.11564426564427997, -0.2189061544674381, -0.20607273809747423, 0.4318598436343369, -0.38517389206991537, 0.7078268171438323, -0.37324077678918943, 0.21216225880245027, 0.4948392818340699, -0.15174624687556038, 0.12594406242910705], [-0.6605755947938013, 0.10904540272147918, 0.10967209462776946, -0.4234148498193299, 0.10017030689389476, -0.3457904972061102, 0.4961408310613542, -0.1845119402130334, -0.6242429717167943, 0.6651598912660516, 0.5704086039760574, 0.5375712270966315, 0.018723780460590617]], "inverted": true, "swapped": false, "error_lsq": 0.04932328426245266, "error_max": 0.31637021404139304, "target": "121.xyz", "model": "18.xyz", "model_rescale": 3.9405287249114394, "target_rescale": 3.9849943175837623},
{"mapping": [1, 14, 5, 10, 12, 6, 11, 0, 3, 9, 7, 13, 15], "R": [[0.78954843568294, 0.3040106321912616, -0.5330954916572567], [0.5781723148108475, -0.07726457300327941, 0.8122480902685382], [0.20574265988581197, -0.9495302634846826, -0.2367746536895805]], "T": [0.20606033561758866, 0.10737758586579704, 0.04674312515253435], "aligned_model": [[0.2696401171520775, 0.35621493261455095, -0.5899399357569002, -0.19814702420681582, 0.712079447816484, -0.20974364699862888, -0.23764156562300418, 0.373005686135532, 0.42278089966925675, -0.2200195288754884, 0.2517760340349913, 0.3627485662789546, 0.17475306643800792], [0.26103180083305744, -0.6514940024027825, 0.3395952373636184, -0.4972827012299261, -0.05173803065230223, 0.5773624669547113, -0.35955374757828973, 0.7234151748359252, -0.37484316194563866, 0.18312677701644367, 0.4868118254710897, -0.26227105595802835, 0.09359148955359689], [-0.5919018604085052, 0.08288827137701305, 0.10774454368886285, -0.2514286113008528, -0.09024570971695331, -0.3588486834192754, 0.36972447845861395, -0.20879786348189908, -0.6210322430449396, 0.6805631753798203, 0.6379835852655963, 0.5853882080614744, 0.02631899349580395]], "inverted": true, "swapped": false, "error_lsq": 0.045429184044052745, "error_max": 0.273306035602917, "target": "121.xyz", "model": "19.xyz", "model_rescale": 4.410303926677745, "target_rescale": 3.9849943175837623},
{"mapping": [5, 7, 0, 1, 9, 3, 2, 10, 8, 4, 11, 12, 13], "R": [[-0.25408328081067433, 0.029176783391436978, -0.9667421588631654], [0.9006948559501408, -0.3570604576811651, -0.24750071924233397], [-0.3524066725779179, -0.9336254842662803, 0.06444371382155256]], "T": [0.02310055558551463, 0.0768424997312285, 0.06186597327333916], "aligned_model": [[0.2412885162032903, 0.1449053222975074, -0.6834036515770645, -0.24739332147642953, 0.7101189645400826, -0.39198802323133597, -0.40342580765772895, 0.5372624421717702, 0.5747620011315864, -0.08751053177615431, 0.4612160571180479, 0.5265185301286139, 0.08515655080683193], [0.2684433152485735, -0.6243381506688735, 0.0929933095280514, -0.4803696109707094, 0.11257299471462873, 0.576641863435909, -0.30166259772820003, 0.6116529535638278, -0.2294092354188992, 0.133209235886651, 0.5213047733453217, -0.28392078512809216, 0.07063400645328641], [-0.7221964377010202, 0.08090433644983147, -0.05539582411705553, -0.36177021183303737, 0.08606854078981811, -0.2604145931258947, 0.3986416855950759, -0.29133276095523014, -0.3773800917321832, 0.7544563092019432, 0.6074312023196634, 0.494410921796618, 0.014933207666230713]], "inverted": true, "swapped": false, "error_lsq": 0.051360072230683625, "error_max": 0.27538541567614394, "target": "121.xyz", "model": "20.xyz", "model_rescale": 4.121658175737393, "target_rescale": 3.9849943175837623},
{"mapping": [9, 3, 5, 7, 4, 8, 0, 10, 11, 1, 6, 2, 12], "R": [[0.5396141397833112, 0.8140092157844101, -0.21495482493762919], [-0.836724693985291, 0.49021535402407546, -0.24409156715108277], [-0.09331862955025752, 0.3115732711531915, 0.9456287485486901]], "T": [0.11118386622386618, 0.11695463570033408, 0.018742875943212327], "aligned_model": [[0.14961347856874468, 0.09315925544861071, -0.5666377633993114, -0.11559503621884017, 0.6255954109822275, -0.29706649648554695, -0.45204985093802913, 0.7537436014703107, 0.5225233630370123, -0.09766023106179401, 0.23984980375612835, 0.5659456456939195, 0.04608586782558609], [0.4113837220092578, -0.5614680253044076, 0.0503443506539028, -0.3637205765933356, -0.1341852740151665, 0.6394961408786448, -0.5749451846219452, 0.5180153193894441, -0.3184929867095047, 0.07352571963687062, 0.6843329280673758, 0.009380352283200985, 0.03408558658713763], [-0.6404214079883098, 0.16726394983384035, 0.013799362237626171, -0.4106063168946231, 0.05670483445860052, -0.09951582090445632, 0.45601412927309753, -0.1681805209493006, -0.626047159370691, 0.679706519627139, 0.30883150367913925, 0.6169327552371026, 0.013874456115595315]], "inverted": false, "swapped": false, "error_lsq": 0.05997529123055629, "error_max": 0.3671762872267962, "target": "121.xyz", "model": "21.xyz", "model_rescale": 4.08911054899281, "target_rescale": 3.9849943175837623},
{"mapping": [10, 4, 14, 13, 6, 9, 2, 5, 7, 15, 11, 1, 16], "R": [[0.6487230754990971, -0.07306313253920488, 0.7575091748477715], [0.21354686299979675, -0.9379133545657246, -0.27334278229032516], [0.7304492512269002, 0.33908747837516595, -0.5928436331708662]], "T": [0.1194299967544363, 0.004099714697969825, 0.027865105619538488], "aligned_model": [[0.33514479706332034, -0.026356221583101025, -0.5130161693537559, -0.13918268580443552, 0.8172946336161032, -0.17381865574368885, -0.13955019950157702, 0.3464367407692963, 0.3419369935510972, -0.27285690262495277, 0.2905279632476616, 0.476003703790006, 0.12494305125304381], [0.37726094087434364, -0.6694745815015746, 0.1034859267279361, -0.4521803704249611, -0.0650957384539883, 0.5888898470470485, -0.3749881615149004, 0.6539343295238003, -0.25488727275169104, 0.21990059774766882, 0.528709797721596, -0.14696124443908526, -0.04084199829471748], [-0.654302933371721, 0.13433684792653575, -0.016370782304715437, -0.3742019663574557, -0.2246444316902389, -0.25422236393148534, 0.5850683624557358, -0.12676983704900696, -0.5960039228773999, 0.6032328013971592, 0.55833921140631, 0.7207100805898013, 0.01318521816124059]], "inverted": true, "swapped": false, "error_lsq": 0.041985625718741135, "error_max": 0.2678419409186282, "target": "121.xyz", "model": "22.xyz", "model_rescale": 4.204369325754507, "target_rescale": 3.9849943175837623},
{"mapping": [1, 14, 5, 10, 12, 6, 11, 0, 3, 9, 7, 13, 15], "R": [[0.78954843568294, 0.3040106321912616, -0.5330954916572567], [0.5781723148108475, -0.07726457300327941, 0.8122480902685382], [0.20574265988581197, -0.9495302634846826, -0.2367746536895805]], "T": [0.20606033561758866, 0.10737758586579704, 0.04674312515253435], "aligned_model": [[0.2696401171520775, 0.35621493261455095, -0.5899399357569002, -0.19814702420681582, 0.712079447816484, -0.20974364699862888, -0.23764156562300418, 0.373005686135532, 0.42278089966925675, -0.2200195288754884, 0.2517760340349913, 0.3627485662789546, 0.17475306643800792], [0.26103180083305744, -0.6514940024027825, 0.3395952373636184, -0.4972827012299261, -0.05173803065230223, 0.5773624669547113, -0.35955374757828973, 0.7234151748359252, -0.37484316194563866, 0.18312677701644367, 0.4868118254710897, -0.26227105595802835, 0.09359148955359689], [-0.5919018604085052, 0.08288827137701305, 0.10774454368886285, -0.2514286113008528, -0.09024570971695331, -0.3588486834192754, 0.36972447845861395, -0.20879786348189908, -0.6210322430449396, 0.6805631753798203, 0.6379835852655963, 0.5853882080614744, 0.02631899349580395]], "inverted": true, "swapped": false, "error_lsq": 0.045429184044052745, "error_max": 0.273306035602917, "target": "121.xyz", "model": "23.xyz", "model_rescale": 4.410303926677745, "target_rescale": 3.9849943175837623},
{"mapping": [15, 13, 11, 14, 5, 9, 7, 8, 6, 1, 3, 0, 16], "R": [[0.973662871775708, 0.21594742249408166, 0.07312539123754704], [-0.19918666934279122, 0.9617571672553574, -0.18801016458978073], [-0.11092917957691413, 0.16849291365251387, 0.9794410932604776]], "T": [0.12045542118339421, 0.055018989647355014, 0.0371578871230764], "aligned_model": [[0.2994316614703993, 0.014440094708520188, -0.5121072808372358, -0.20513204222082332, 0.7322539766152829, -0.16571403729193634, -0.14493440842676036, 0.27877090228139123, 0.4179958989019897, -0.2759844536642965, 0.38702943312851995, 0.4998848653649929, 0.14157243864897393], [0.13920064638717372, -0.625357147092862, 0.07683821343337127, -0.19414842591655945, 0.015841440379471695, 0.40947894314733935, -0.3739229921960601, 0.8018458020035091, -0.46732974329322147, 0.2029947930173712, 0.5471460900285016, -0.17196028475875497, 0.10712473712219525], [-0.6485498822043658, -0.10438958525287477, 0.02667761534710028, -0.5014128071314871, -0.10344680921651779, -0.3928248637275934, 0.47017972402513647, -0.2676249667993672, -0.42815873097062745, 0.7836657148235521, 0.7414307020605737, 0.6494482732670095, 0.14336190013422134]], "inverted": true, "swapped": false, "error_lsq": 0.044494192143709484, "error_max": 0.26301260401252335, "target": "121.xyz", "model": "24.xyz", "model_rescale": 4.28219845311461, "target_rescale": 3.9849943175837623},
{"mapping": [6, 13, 4, 2, 11, 0, 7, 8, 14, 3, 5, 9, 15], "R": [[-0.47181264726873096, -0.06330613919829126, 0.8794231965425284], [-0.8368417517081129, -0.28193627654699815, -0.4692630590243726], [0.27764853407747225, -0.9573422944311095, 0.08004388057815248]], "T": [0.15883569643218792, -0.0072114058215441215, 0.058696181749780994], "aligned_model": [[0.201678624988959, 0.026618528292896654, -0.5693195125208577, -0.12914791701491413, 0.6969713614247046, -0.3962732244342197, -0.23453031631762783, 0.4480554942037752, 0.5523862802476514, -0.2277391426349224, 0.619937781951346, 0.3742495096264458, 0.10461958086578065], [0.42698410514114604, -0.5854196153518522, 0.008625238144539409, -0.25435026467605665, -0.07768663211837112, 0.3671744279177199, -0.44291396987155407, 0.6018975154843494, -0.29362942833609673, 0.30021671046607123, 0.5717969029002795, -0.17748149080281367, 0.022538573364114085], [-0.7298695267955181, 0.025374359801000085, 0.12340912796728595, -0.5111878829668584, 0.10251763528645888, -0.4073976988211772, 0.5695508200215537, -0.10648337961105139, -0.5271598408803444, 0.6554316272999097, 0.4799026941342857, 0.6763357782172111, 0.017932570702003346]], "inverted": false, "swapped": false, "error_lsq": 0.045449796159167305, "error_max": 0.27482562412511535, "target": "121.xyz", "model": "25.xyz", "model_rescale": 4.100010024507729, "target_rescale": 3.9849943175837623},
{"mapping": [5, 0, 3, 8, 9, 6, 2, 1, 4, 11, 10, 12], "R": [[0.2644470992998612, -0.9096531136575592, -0.32031069992274264], [-0.26369541847890526, -0.3876805280099582, 0.8832714953371672], [-0.9276488872117103, -0.14911412077676608, -0.34239234956384124]], "T": [-0.03214492684309332, 0.02707200204914033, 0.055102301967106505], "aligned_model": [[-0.4644659119715046, 0.02537405168064076, 0.37442529218055265, 0.6097886373326902, -0.5408907482822749, 0.0960359413325725, -0.32727361103691516, 0.5893821286295864, 0.19333211960445423, 0.020408866815901885, -0.5878483154943176, -0.11150284842837976], [-0.3352977176353082, -0.7702847286892206, -0.212748889886952, -0.5365358833415308, 0.6526662436871516, 0.6876776226023557, 0.22298365647263768, 0.33057005256934363, -0.17270360093361076, 0.520446077239303, 0.2511544060824982, 0.028204151883971858], [0.2647497613913341, -0.008280108474333185, 0.4125481384380365, -0.1663032498349767, 0.09751425345562381, 0.13382073448155202, 0.5622659272149599, 0.003962771166771607, -0.4708187090449605, -0.6105143468821576, -0.5897433183401716, -0.06400956371732136]], "inverted": false, "swapped": true, "error_lsq": 0.05657444225180594, "error_max": 0.363391133786261, "target": "121.xyz", "model": "26.xyz", "model_rescale": 3.6694154284099745, "target_rescale": 3.9849943175837623},
{"mapping": [11, 3, 8, 9, 6, 10, 7, 2, 12, 5, 0, 1, 13], "R": [[0.08458032134213922, -0.988878109303114, -0.12233664284571354], [-0.9572749037643049, -0.11471699654391748, 0.2654520094611909], [-0.2765337734612209, 0.09465778174583445, -0.9563309973488555]], "T": [0.016807891237717754, 0.10348223000060212, 0.04429191062732876], "aligned_model": [[0.26418171938096435, 0.17952306228793846, -0.6124102988210167, -0.2912666827930294, 0.6691710882823071, -0.27035125903162016, -0.21183069494655532, 0.5024156673419121, 0.50917963678095, -0.13072891201902223, 0.2816089171323704, 0.5207381347365078, 0.05727667034731113], [0.24496653788843115, -0.6859454220403564, 0.20345553007088069, -0.281530765689473, -0.09890342266278003, 0.44009313406538747, -0.4041300480718906, 0.5277438945236423, -0.21427207625813732, 0.1406406493860587, 0.5433461206228195, -0.08814515499751512, 0.14043309542440774], [-0.7650064577242018, -0.011912854622065622, 0.09375908158259734, -0.42657811969513815, 0.11250289612212114, -0.3632905246835131, 0.3378608067593183, -0.17092141146626502, -0.49081095649467366, 0.8207136022838066, 0.46062533175151277, 0.7435628943680979, 0.0278519961731628]], "inverted": false, "swapped": false, "error_lsq": 0.042644031887348915, "error_max": 0.25102569342097397, "target": "121.xyz", "model": "27.xyz", "model_rescale": 4.103607728864725, "target_rescale": 3.9849943175837623},
{"mapping": [6, 3, 1, 5, 10, 7, 2, 11, 9, 4, 13, 12, 14], "R": [[0.24212130873002324, 0.8074633371473348, -0.5379407318857259], [-0.5974922734931307, -0.3127496019899776, -0.7383702794473247], [-0.7644476796844049, 0.5001906092861003, 0.40672976213590417]], "T": [0.21689295330700953, 0.05957077038758195, -0.0015499342651522155], "aligned_model": [[0.35759205285119355, 0.24702682145547444, -0.6615071777097062, -0.17844685770779967, 0.6813347634705442, -0.276647564883815, -0.12408423710560179, 0.45999507132060324, 0.3505303478233582, -0.2983747615308372, 0.3403125409136873, 0.4886514828487333, 0.08112456693318318], [0.2673985264057878, -0.6445575476651169, -0.11471429720427552, 0.008771441553150489, -0.1053646482262303, 0.4733784996160548, -0.25808594508113863, 0.6878916587068984, -0.3867013353391103, 0.31693665791385534, 0.45830996051277884, -0.22532662117463192, -0.010184277756547164], [-0.583167205387462, 0.2569575400436133, 0.02842934389805806, -0.6149554057101134, -0.1314167466710086, -0.3259912474453493, 0.5677913280442181, -0.13636630930252402, -0.6746815562308247, 0.6983581090649086, 0.49407814868314137, 0.7615191288130873, 0.027801156555014514]], "inverted": true, "swapped": false, "error_lsq": 0.04964955317421296, "error_max": 0.3712706921043039, "target": "121.xyz", "model": "28.xyz", "model_rescale": 4.137296879288765, "target_rescale": 3.9849943175837623},
