[{"mapping": [11, 3, 12, 6, 13, 2, 1, 7, 9, 10, 4, 14], "R": [[0.9925475621580389, -0.11584789210761508, 0.03779686162046757], [-0.08549613170014747, -0.4410141021837446, 0.8934186997927551], [-0.08683172414760308, -0.8899920379246595, -0.447632018640609]], "T": [0.03885061743095414, -0.04740199082207485, 0.08222827309456876], "aligned_model": [[-0.35708849923256514, 0.147296403762516, 0.34991465665035126, -0.26599797019344346, 0.0930071714589429, -0.5379839150067705, 0.4552358267807461, -0.2897119434627256, 0.5820158863292919, 0.24842314240051436, -0.6079951819280516, 0.02052688490174246], [-0.29294027425421343, -0.6871236195489603, -0.27833089853255505, 0.6154577105285447, 0.30637846420665993, -0.5525971003717581, -0.3169640289632889, -0.5197122197813628, 0.2209807527437151, 0.532808866921802, 0.1242544726368085, -0.09865708960833425], [-0.5083460678037379, -0.025496397040956242, -0.5810584046071936, 0.09031780095961567, -0.6390559305881574, 0.009344388581104368, 0.6778004975452292, 0.5437714449936852, -0.14551569090896455, 0.40595712291394165, 0.27473988353070056, 0.07949309777829533]], "inverted": false, "swapped": true, "error_lsq": 0.04367716469814185, "error_max": 0.23819620227068575, "target": "122.xyz", "model": "0.xyz", "model_rescale": 3.751011558992144, "target_rescale": 4.083054445416519},
{"mapping": [2, 0, 12, 7, 13, 9, 5, 3, 1, 4, 8, 11, 6, 10, 14], "R": [[-0.006206411659028077, -0.9330745833441259, -0.35962939586677956], [0.785532104514155, -0.22709279441269564, 0.5756458768230654], [-0.6187897811307823, -0.2789277408989993, 0.7343694724899036]], "T": [-0.010369993536157661, 0.031906156741423296, 0.04352239060451902], "aligned_model": [[-0.23928484171849262, 0.26159421542230477, -0.4764644650462512, 0.1644207486531641, -0.6856411400801758, -0.5530911052043718, -0.3558400485477716, -0.34740960825769474, 0.6390423720590921, 0.5903580277745869, 0.27553443943700356, -0.2209622262928751, 0.3869083047813803, -0.002912704244447971, -0.0531148182689283], [-0.7498949687704338, -0.3356416244439634, 0.3900907255552977, 0.3369407651542867, -0.22299757458901728, 0.2230552883824716, -0.308708228890519, -0.21870395898107017, 0.02964131716750553, 0.061506040746225295, -0.4725466700810761, 0.8014602862867873, 0.6556898950632861, 0.43610117079126476, 0.06491165941994423], [-0.09833350253411721, -0.5618276041016692, -0.410828643694465, -0.5186867412250532, -0.037317974928576046, 0.3646227265694397, 0.43686489833342856, -0.5944468543585053, -0.20934911698287684, 0.5571600656136523, 0.3663292258124454, 0.0564970631974322, -0.08605209284520948, 0.7569819392704045, 0.03417738151568677]], "inverted": false, "swapped": false, "error_lsq": 0.035896565948811694, "error_max": 0.20629387342718225, "target": "122.xyz", "model": "1.xyz", "model_rescale": 3.9405287249114394, "target_rescale": 4.083054445416519},
{"mapping": [1, 0, 10, 2, 4, 9, 3, 7, 5, 13, 11, 12, 14], "R": [[0.8039449172910238, 0.10149124773298795, 0.5859796042487576], [-0.5007726735323249, 0.6470103236952065, 0.5749820610028736], [-0.3207792066285109, -0.7556964785318415, 0.5709847046369609]], "T": [-0.10321973143074777, 0.0229323560091916, -0.030515558625667644], "aligned_model": [[-0.07768119783316114, 0.20050940279259388, -0.3737761948457816, 0.5394183357346524, 0.43059383729952677, -0.7485373181740731, 0.025918063070709443, 0.5510073363990519, 0.08597618540591871, -0.596755673104417, 0.06803310340356307, -0.5401755364834606, -0.06854706438119154], [0.795493831809482, 0.4896725788974929, 0.2365735918576905, -0.21504165683774198, -0.22751908141552588, 0.06918131082486731, 0.171007839256103, 0.33470957679076524, -0.7451626651381662, -0.6128238964603538, -0.5947500168654, -0.2670972576956588, 0.024588438548462984], [0.026433180782556447, -0.48962769855042765, -0.6359263888235193, 0.32113330172622206, -0.4009926848826827, -0.04926031628148757, 0.597183363376235, 0.1067226162668387, -0.26150717849506594, -0.006417697539802109, 0.3631541476812631, 0.5307247297833475, 0.011500974545166309]], "inverted": true, "swapped": true, "error_lsq": 0.04486023906568708, "error_max": 0.30260916418560074, "target": "122.xyz", "model": "2.xyz", "model_rescale": 3.932901565614263, "target_rescale": 4.083054445416519},
{"mapping": [9, 8, 12, 10, 13, 5, 11, 6, 0, 4, 3, 1, 2, 14], "R": [[0.29256506033468044, 0.4100199631590735, -0.8638803825081324], [0.4751696154210726, -0.846314625792976, -0.2407600273082832], [-0.8298310201793827, -0.34005173721057114, -0.4424311177665038]], "T": [0.05401440081316424, -0.0218986392630606, 0.04082149007264666], "aligned_model": [[-0.09335342924420176, 0.4884985327375271, 0.34757639645538735, -0.4703378421514455, -0.2778621423339299, -0.4000670265182711, 0.21296083932841234, -0.6581452891703782, -0.111718781661445, -0.25048933078380825, 0.7026234338180362, 0.40293339631681707, 0.4269098354486358, 0.10028131981136765], [0.12743541833030927, 0.2568257836315999, -0.4183746186134373, 0.4291323978021151, -0.5412214931811206, -0.6801501013775891, -0.7568135874506501, -0.10826312616155803, 0.5227952986104819, -0.2065240861340236, -0.12458656301926568, 0.6680442385108247, -0.46436732531190394, -0.04043559728529412], [-0.5714751548865025, -0.4579078135269225, -0.5479623125588443, -0.042792981003065896, -0.47735432824955715, 0.23991256191075577, 0.06252249180781412, 0.1740537567260587, 0.4843559373648784, 0.6392586810622535, 0.003803008080777777, 0.0954197454938113, 0.5491940835919763, 0.06286868724366337]], "inverted": false, "swapped": true, "error_lsq": 0.05145973346996787, "error_max": 0.30835395014314493, "target": "122.xyz", "model": "3.xyz", "model_rescale": 3.9243930471874484, "target_rescale": 4.083054445416519},
{"mapping": [6, 9, 5, 4, 11, 10, 0, 13, 3, 8, 7, 1, 14], "R": [[-0.7580304064707436, 0.6498419429012519, -0.05563588870616999], [0.6247111570946153, 0.6989010851115143, -0.34824308095273704], [-0.18741897734035892, -0.29873520461484604, -0.935751785708379]], "T": [0.011006466500458143, -0.01628520350691652, -0.0792099620302473], "aligned_model": [[0.08005730249863716, -0.401502026407814, 0.6453366017382557, 0.40726104216152625, 0.6941850577514799, -0.47826901530751903, -0.30092273587852025, 0.22174122948242006, 0.14722744341453112, -0.4144382135971301, 0.18680118606587173, -0.551731718742657, 0.041459733132270624], [-0.6267700035347703, 0.20733471740616743, -0.34709608619367044, -0.5721412894141176, 0.24798969106198948, -0.46487035161124834, -0.5257566042358015, 0.14952623002662913, 0.5271874436806796, 0.5598182994338236, -0.11150862745511629, 0.07413245126199146, 0.009983683255031045], [-0.47281049111424844, -0.5250305467621759, -0.4882473983782216, 0.05842169412453413, -0.25026748866798765, -0.2907436914285694, 0.3257849073282868, -0.8384476543027239, 0.26530445362944566, -0.031290642784152806, 0.6307767451916445, 0.44604901417539466, -0.042428585640262084]], "inverted": false, "swapped": true, "error_lsq": 0.048707844406976, "error_max": 0.30971791438605123, "target": "122.xyz", "model": "4.xyz", "model_rescale": 3.8936222436046832, "target_rescale": 4.083054445416519},
{"mapping": [2, 11, 4, 7, 6, 13, 12, 9, 1, 3, 10, 14], "R": [[-0.394148273595144, 0.4528057344751606, 0.7997587794131291], [-0.14983824626543463, 0.826900671009081, -0.5420182471474836], [-0.9067500418406753, -0.33347000931289456, -0.2580738547602053]], "T": [-0.027901677343221187, 0.0448139678517574, -0.018840810967667352], "aligned_model": [[-0.0422456271759169, -0.4861244688485975, -0.2495797088105799, 0.43076529117843754, -0.5116531926300475, -0.7237735096356408, -0.2546801884973563, -0.11606694653528926, 0.7249514541347504, 0.28954596017645673, -0.024240407896827354, -0.009350613244292], [-0.5654553936572135, -0.549061517447374, 0.10938550412669959, -0.21548202515273585, 0.5221395603773021, 0.008533727686904524, -0.3844122572439288, 0.30376743180770205, 0.21582587295243139, -0.5130675933684166, 0.7409602527727077, -0.004210657744271713], [-0.48856178628595837, -0.07522047191290719, -0.6758229391996043, -0.5345180514391098, -0.2844078188774206, 0.3846323385507616, 0.5764528714255734, 0.5677553945560764, 0.04981558164710148, 0.12470018134314909, 0.008225699117231918, -0.03376627964937507]], "inverted": true, "swapped": true, "error_lsq": 0.044822476173883075, "error_max": 0.26420619135013745, "target": "122.xyz", "model": "5.xyz", "model_rescale": 3.6523030999806103, "target_rescale": 4.083054445416519},
{"mapping": [7, 0, 1, 3, 8, 4, 10, 11, 6, 13, 9, 12, 14], "R": [[0.49333121078726017, 0.5686975937891661, -0.6581849005268874], [0.8527948695530685, -0.46528426807404866, 0.2371739031739411], [-0.17136285165443838, -0.678301995206567, -0.7145216416398105]], "T": [0.04840732401873173, -0.06866084457283274, 0.03886722725342008], "aligned_model": [[0.21606556176892258, -0.29474361575118135, 0.3005069230373816, 0.682670569376096, 0.5902171668879415, -0.4098133733638104, -0.4615104037014577, 0.25700412637565195, -0.6592429767852039, -0.0582186846638895, 0.08654997803321049, 0.5446472902750044, 0.08695034317562869], [-0.42203829187967024, 0.06942721824808197, 0.35647662778271644, -0.21542598089273052, 0.4009789180269944, -0.5527354390556454, 0.39731746224789866, -0.65132582759425, -0.11582523573628349, -0.06634726619312646, 0.4643496755605593, -0.020421443669637176, -0.10360351268172438], [0.6642211297571858, 0.6585936984530669, 0.6359020095592702, 0.13256346911830547, 0.006075907728885124, 0.24046516676390273, 0.1294971307099464, -0.38871174377962564, -0.13256105947482744, -0.7592367677336016, -0.32633140759234375, -0.5454760535490186, 0.05510825952064286]], "inverted": false, "swapped": true, "error_lsq": 0.045756984255688665, "error_max": 0.2432471656286046, "target": "122.xyz", "model": "6.xyz", "model_rescale": 4.08911054899281, "target_rescale": 4.083054445416519},
{"mapping": [1, 0, 7, 6, 13, 12, 11, 2, 3, 8, 9, 5, 4, 10, 14], "R": [[0.8124961266596249, 0.39669789737884553, 0.42717774096774946], [0.2554338566782736, -0.900934631020734, 0.3508138188412725], [0.524026324744826, -0.17591921112470044, -0.8333359719415052]], "T": [-0.07291112330513394, 0.0761429265520786, 0.04296334527473588], "aligned_model": [[-0.17257700085064653, 0.3943951265685607, -0.4912372200705719, 0.09509018948858505, -0.7703005032624399, -0.6512268681277867, -0.2728044005073751, -0.3588260425488362, 0.6619506758465464, 0.46817546313536185, 0.3842997709026694, -0.19746263949336873, 0.3992877791497207, -0.08648987081144868, -0.01913730895244832], [-0.634481103926336, -0.4051288180034161, 0.4636730963466608, 0.1486489525154747, -0.14011873415137982, 0.2930451918451761, -0.20197006774329235, -0.2185451507698431, 0.02901621508242999, 0.14174806347476185, -0.5110761696537949, 0.8254338445866316, 0.5987195740735676, 0.3668127308014873, -0.06487350166713785], [-0.10878071231926395, -0.6163230566974142, -0.48059430083639343, -0.4214302394699908, -0.00970039162428938, 0.3986404806266448, 0.5196465766669965, -0.6509755132203269, -0.24722391405858724, 0.4529270574109585, 0.2893152057845528, 0.10255587458401205, 0.01483269139170517, 0.7022065333440198, 0.11069447805939403]], "inverted": true, "swapped": false, "error_lsq": 0.041337740714980295, "error_max": 0.27616361995035266, "target": "122.xyz", "model": "7.xyz", "model_rescale": 3.964800864290218, "target_rescale": 4.083054445416519},
{"mapping": [3, 1, 7, 12, 2, 9, 11, 0, 10, 6, 13, 5, 4, 14], "R": [[0.4679876060974717, 0.8344225031026773, 0.2910784891657585], [0.847552211274943, -0.5170650042872043, 0.11957855369767707], [0.2502855363422194, 0.19074293606143428, -0.9491966511953946]], "T": [0.015808980226719217, -0.11063181835065786, 0.03148881817008241], "aligned_model": [[-0.2183329794453566, 0.3622780732354383, 0.4920508624956507, -0.7421519618113201, 0.09300785339059943, -0.3583128098581835, -0.41004814265667083, 0.7104466744858741, 0.31800285369241643, 0.23675573394554292, -0.611303811643059, -0.08599803405293331, 0.4621247666169835, 0.01266881106589058], [-0.005101770868422728, -0.6153621063052696, 0.15714664479674625, -0.11083658032139106, 0.5686223057353768, -0.5971248366177412, 0.5090812357846748, -0.3064064035893519, -0.5605041388641016, -0.011175234767360598, -0.012280091233396281, 0.5085391633643809, 0.36602655206291057, -0.0796762729958518], [-0.5740273312340229, -0.44385643900641825, -0.46403189035242226, -0.09314417162726965, -0.32337228992952, 0.23711602668684995, 0.01060039347365942, 0.025782229599285736, 0.46927804707712606, 0.7197271529897536, 0.5268683991310797, 0.5657030187997674, 0.27342923745102093, -0.013257344333868444]], "inverted": true, "swapped": true, "error_lsq": 0.04065306724278254, "error_max": 0.2327376275055154, "target": "122.xyz", "model": "8.xyz", "model_rescale": 4.121658175737393, "target_rescale": 4.083054445416519},
{"mapping": [13, 9, 10, 6, 12, 11, 8, 7, 0, 3, 5, 4, 14], "R": [[-0.10231897478238877, -0.9418580586793128, -0.3200534716267225], [-0.8090464512410598, -0.10840447343625398, 0.5776610683378758], [-0.5787699604624693, 0.3180438137110119, -0.7509150853634696]], "T": [0.037965606648823626, -0.08316725415265269, -0.02823385533303544], "aligned_model": [[-0.6277529983324304, -0.15297311877554723, 0.4378067859127486, 0.13895498895540487, -0.6522735378085694, -0.5790675326456984, -0.06530067570020287, 0.4313053306825477, 0.7532961493850882, -0.15761301579141027, -0.3331876648220721, 0.2552852445659283, 0.02825754080940998], [0.16542462123419283, -0.3098339554854971, 0.0933306582423295, 0.5700414828737084, -0.4075307117975511, 0.11996212667228107, -0.7682405660723713, -0.17202455821859658, 0.011722869249487303, -0.5616164136840804, 0.6454287634858742, 0.5050032151092178, -0.10128009219728476], [-0.40686991233264735, -0.6036378257412613, -0.5707660379327621, -0.33726553015952176, -0.11986618877410629, 0.3510331278339474, -0.21586465052960974, 0.5893749604545078, -0.014822711700150724, 0.3785145430386216, 0.07431016968376494, 0.2746915873292878, 0.022243902789018555]], "inverted": false, "swapped": true, "error_lsq": 0.04758091834194884, "error_max": 0.3736161365616049, "target": "122.xyz", "model": "9.xyz", "model_rescale": 3.833441315466971, "target_rescale": 4.083054445416519},
{"mapping": [9, 3, 13, 5, 8, 10, 11, 2, 4, 6, 7, 0, 1, 12, 14], "R": [[0.4146659329227755, -0.14425834340193833, 0.8984663012223737], [-0.10354674005263817, 0.9734606990128634, 0.20408904944131437], [-0.9040631818063138, -0.17766203262463345, 0.3887235077351613]], "T": [-0.008691698310406594, 0.07846770202448387, 0.07949207339494925], "aligned_model": [[-0.318237135355387, 0.3351887135389004, -0.4365712328813568, 0.1420562505269599, -0.6875463696083266, -0.7329179452566059, -0.2373921505488607, -0.1997846905685655, 0.7053917741775646, 0.6259773318784315, 0.08803218312987476, -0.27054911114864577, 0.271290896509433, 0.11074488632436288, -0.012546250251256757], [-0.5919044780077785, -0.5734215898063267, 0.4077489477745125, 0.40863402570059265, -0.30336022452101125, 0.27162021134132563, -0.24718393870986427, -0.13413371583605194, 0.005767011425647908, 0.2067526341246289, -0.5452671929116638, 0.7020079600404553, 0.7578161085206143, 0.32982401691980573, -0.003995653243896807], [-0.256205542289373, -0.37997333693569535, -0.5071760666189017, -0.49120964913490306, 0.1098751631604953, 0.4170459133948822, 0.6335536160745728, -0.580003461359569, -0.26794422867524653, 0.28435243159081014, 0.2928304158932809, -0.0008273120528135142, 0.15501969816193775, 0.6138842164170919, 0.032568912015448745]], "inverted": true, "swapped": false, "error_lsq": 0.03639097247562577, "error_max": 0.22029006649182079, "target": "122.xyz", "model": "10.xyz", "model_rescale": 4.2482417240324, "target_rescale": 4.083054445416519},
{"mapping": [9, 13, 11, 5, 1, 7, 3, 4, 6, 0, 10, 14], "R": [[0.9641178667114072, -0.2654738762141573, -0.0006001130526730597], [0.15030206001780333, 0.5439838202835396, 0.8255246174549434], [-0.218828768314978, -0.7959932313264707, 0.5643657908131869]], "T": [-0.09341660720086363, 0.06386209836106954, 0.04238472150422986], "aligned_model": [[-0.6042328494004274, -0.04874544343994826, 0.3962675007415598, 0.5762769295298795, -0.5864866558091713, 0.1766710090834282, -0.16223899421429244, 0.5101743716497119, 0.1838230547539288, -0.12192105532797114, -0.36966983486604743, -0.07315243033764397], [-0.3273851878977903, -0.739155177163781, -0.282500131520462, -0.39120963097897943, 0.6618690340867155, 0.7314227025530888, 0.26789390970602334, 0.2234169999729832, -0.2146920320852757, 0.6094092940382103, 0.038571920716274244, 0.0884896886236324], [-0.027739790768879148, 0.08127157691375123, 0.49634239023853455, -0.11105084453389988, 0.03835464723101863, 0.20197146151711717, 0.6638695197052226, -0.2660894481925726, -0.5723728337667687, -0.4292587173242462, -0.5966850806227671, 0.08657940945784623]], "inverted": true, "swapped": true, "error_lsq": 0.035523889379489686, "error_max": 0.18095783209016622, "target": "122.xyz", "model": "11.xyz", "model_rescale": 3.6694154284099745, "target_rescale": 4.083054445416519},
{"mapping": [12, 11, 2, 5, 13, 8, 9, 1, 4, 0, 7, 10, 3, 14], "R": [[-0.3053937245067086, -0.19868500998227284, 0.9312673836446033], [-0.9521922876349374, 0.055469315854976664, -0.3004213746841686], [0.00803245917919193, -0.9784924229685812, -0.20612631513858104]], "T": [0.08535868336794329, 0.019769669997707844, 0.03344900357679558], "aligned_model": [[-0.06759673611532367, 0.07620723399697997, -0.23559705762304595, 0.6425318683518261, 0.5606895979084768, -0.34907225247142604, 0.25478587624617627, -0.39871762273526573, 0.3650104878821509, 0.09704528833589358, -0.3794089719487291, 0.5136429981485902, -0.5232118350522681, 0.041955975331774614], [-0.342209308268733, 0.35383760726185104, 0.6697877211823723, 0.47923113254901584, -0.22821080101182445, -0.5486168594368076, -0.5981963961369732, -0.22422565165427147, 0.6386066982035049, 0.1875854367588966, 0.5134509162353472, -0.2503930847008054, 0.032547441794629754, 0.047792435360051504], [-0.626561657452528, -0.6404573319988908, -0.22681275428699904, -0.36350866579620433, -0.5673093945057442, -0.024870789153085916, -0.05786083675148313, 0.5874192395919108, 0.1876299054475521, 0.7352916293518701, 0.32383196108632173, 0.5119364982492882, -0.2157246468108775, 0.016092302681286072]], "inverted": false, "swapped": true, "error_lsq": 0.03831014535050853, "error_max": 0.21655319399990244, "target": "122.xyz", "model": "12.xyz", "model_rescale": 3.9764082729961374, "target_rescale": 4.083054445416519},
{"mapping": [9, 5, 7, 4, 2, 8, 1, 0, 6, 13, 12, 3, 14, 11, 15], "R": [[0.8748142153621641, 0.19514823812163168, 0.4434154414973667], [-0.4049794145447079, 0.7968996271628557, 0.4482662802651204], [-0.2658792252044288, -0.5717238401411338, 0.7761701412828041]], "T": [-0.0011892796623810473, -0.010828860189095894, 0.0433390747195464], "aligned_model": [[-0.09442665126769303, 0.37255045950677523, -0.4979446481135945, 0.07575932897068499, -0.7913628072470793, -0.5094294593913146, -0.39247616795618123, -0.3966555923043503, 0.6834917336542508, 0.5089618889413138, 0.19693063739694303, -0.2467445199025211, 0.4403182841849006, 0.032091700771653166, 0.002072963222734719], [-0.5696189684662154, -0.4803308348658055, 0.30915363096912746, 0.16692477676775694, -0.11141306967082171, 0.30595178789557, -0.3898753656358493, -0.26347774373856364, 0.21654243284229305, 0.01821838131574558, -0.4926668357056464, 0.7928116972646495, 0.6297136573577715, 0.4799661807699476, 0.07900439571103035], [-0.15805490221472074, -0.5420756577352834, -0.42770127194946966, -0.6482867474974054, 0.0012899723104569105, 0.41883178750730427, 0.36974510410465916, -0.5106310243912566, -0.2080033427276014, 0.3800623871292205, 0.41184171889294524, 0.09137995022834683, 0.22659952832432417, 0.6666827222052418, -0.015889454544743532]], "inverted": false, "swapped": false, "error_lsq": 0.035471720756406075, "error_max": 0.25547472545752603, "target": "122.xyz", "model": "13.xyz", "model_rescale": 4.170626492500431, "target_rescale": 4.083054445416519},
{"mapping": [11, 5, 2, 4, 3, 1, 0, 13, 12, 6, 9, 10, 8, 14], "R": [[-0.5245790799293788, -0.8284633408593809, -0.19612567846296905], [-0.6499011772256345, 0.24086657921588567, 0.7208410024808328], [-0.549950223875926, 0.5056004191740261, -0.6647728690235998]], "T": [-0.06067076234375278, 0.08953684221207721, 0.080941705244251], "aligned_model": [[0.3401347306861988, -0.0391706890314196, -0.1277508915165816, -0.5481287409683855, 0.2303107551846616, -0.3359488383125575, -0.7426931666443449, 0.5075944687424035, 0.7055108978907833, -0.35520739420254366, 0.3092565088001279, -0.3883178024560461, 0.34175583307576846, -0.05416264915642115], [-0.3042722242208255, -0.7139919355535087, -0.018205009775910927, -0.33747177210543816, 0.4873682824422453, 0.8045857589335099, 0.2835424440966926, -0.4320650340829459, 0.10863647580871966, -0.496729598933567, 0.17156644039356828, 0.03617927921292745, 0.6601287195631083, 0.1068026421470908], [-0.41916254470251907, -0.1007212658286205, -0.6787715214062342, -0.17397889439833852, -0.3545680615935419, 0.19787603337607806, 0.21543722983002211, 0.31191909584960414, 0.02956971632803969, 0.4001922620049272, 0.6056798100237417, 0.6934496957617798, 0.24729202198882105, 0.029659523887106937]], "inverted": true, "swapped": true, "error_lsq": 0.05125637387414939, "error_max": 0.3605050470932068, "target": "122.xyz", "model": "14.xyz", "model_rescale": 3.9786697098870705, "target_rescale": 4.083054445416519},
{"mapping": [4, 6, 7, 2, 0, 1, 13, 9, 3, 11, 10, 14], "R": [[-0.108392049983973, -0.25957844961043, 0.9596198163846541], [-0.6265753931661149, 0.7672655972864003, 0.13677273083283759], [-0.7717865250048102, -0.5864490870643323, -0.2458109600941562]], "T": [0.03514458497877754, 0.029268057114842174, 0.06466589447375481], "aligned_model": [[-0.12353443166445863, -0.6262212158222888, 0.5722594294546359, 0.49321124441951136, 0.018359486211902976, 0.4294167783198329, -0.44612200910810246, -0.24883241487743346, 0.6468666788887456, 0.14801914410415792, -0.46422540715567523, 0.08415731399650873], [-0.26647686829997774, -0.07247324608645224, 0.038940596360371185, -0.5101753927766031, 0.4771926718934468, 0.6899981083121391, -0.3724431642349491, 0.29910943020844516, -0.07253049343210671, -0.6973482368217194, 0.49476363749968666, 0.006117447602158273], [-0.5454915102316482, -0.2262379904538414, -0.440771039431459, -0.23938662899112118, -0.5009873381688236, -0.028778455339777784, 0.5699925267072266, 0.5799015846592962, 0.28385072588049676, 0.2231681977715484, -0.07429138841990746, 0.058997809891840954]], "inverted": true, "swapped": true, "error_lsq": 0.04562870305989069, "error_max": 0.237282697210124, "target": "122.xyz", "model": "15.xyz", "model_rescale": 3.769337070930944, "target_rescale": 4.083054445416519},
{"mapping": [3, 1, 11, 2, 12, 9, 13, 10, 5, 4, 14], "R": [[0.4567836387570846, 0.13699918798360095, 0.8789652608924152], [-0.5523516923527185, 0.8182061503607156, 0.15951897525682102], [-0.6973208123374244, -0.5583636073417862, 0.44941491594888405]], "T": [-0.051503885983613835, -0.1013868995827383, 0.012600065117910002], "aligned_model": [[-0.37939204957381123, -0.37093666294880984, -0.0784826372407139, -0.6290526888145169, 0.3047032159556799, 0.5146487893318105, 0.6169610319609931, 0.2653800692499348, 0.11768209421071998, -0.34512237711259497, -0.09376265432752057], [0.019960045230279153, -0.768156254452617, 0.6367351084147181, 0.40727397360577366, 0.2385326449124717, -0.3221179961475259, 0.34573100707989846, -0.5774848022950843, 0.5579002817440344, 0.13657971037760538, -0.07888922084421145], [-0.5445113479332426, -0.22005405136390144, -0.12981809788445864, -0.018604639383621897, -0.57698404044012, -0.21027669626344403, -0.027207926613411045, 0.41044550849991507, 0.4771845047548796, 0.5974899897699227, -0.013445595918740862]], "inverted": false, "swapped": true, "error_lsq": 0.037137055137635384, "error_max": 0.17688363302207796, "target": "122.xyz", "model": "16.xyz", "model_rescale": 3.7852294659196426, "target_rescale": 4.083054445416519},
{"mapping": [9, 1, 3, 8, 10, 0, 4, 7, 12, 13, 6, 11, 14], "R": [[-0.06917075798747242, -0.9955699821874282, -0.06368529505908295], [0.8305677027652696, -0.022109437113966277, -0.5564786284429318], [0.5526053721804209, -0.09138699775037751, 0.8284175995713219]], "T": [-0.016707813062651754, 0.09884566892137917, 0.031253039360948316], "aligned_model": [[0.06474464275552738, -0.4787932731281, 0.3259193979522309, 0.1271047841622019, -0.5491651806135334, -0.716098244881362, -0.23190540522651723, -0.24374867716403276, 0.6697360419479914, 0.5075882938157723, -0.26789872198391146, 0.6397699655257119, 0.006512227054303644], [-0.14423502442436534, -0.504375164069291, -0.3246054088393727, -0.5814239828705822, 0.19029299230794602, 0.11231376168178514, 0.6781420518991141, 0.009120030493619119, -0.15036114782175655, 0.394605864820885, 0.7130936942459254, 0.3969594830744094, 0.08552847320455746], [-0.5630552926394422, 0.18405442597562593, 0.3999054968399108, -0.14692052997868638, -0.40862443182573815, 0.2088858460775264, 0.352254358274287, 0.7272804556055346, -0.20692548640357872, -0.5035216272233646, -0.27203490331483426, 0.2457290634134709, 0.0787273223424626]], "inverted": true, "swapped": true, "error_lsq": 0.0386806192689375, "error_max": 0.2108485791012906, "target": "122.xyz", "model": "17.xyz", "model_rescale": 3.901054581598922, "target_rescale": 4.083054445416519},
{"mapping": [2, 0, 12, 7, 13, 9, 5, 3, 1, 4, 8, 11, 6, 10, 14], "R": [[-0.006206411659028077, -0.9330745833441259, -0.35962939586677956], [0.785532104514155, -0.22709279441269564, 0.5756458768230654], [-0.6187897811307823, -0.2789277408989993, 0.7343694724899036]], "T": [-0.010369993536157661, 0.031906156741423296, 0.04352239060451902], "aligned_model": [[-0.23928484171849262, 0.26159421542230477, -0.4764644650462512, 0.1644207486531641, -0.6856411400801758, -0.5530911052043718, -0.3558400485477716, -0.34740960825769474, 0.6390423720590921, 0.5903580277745869, 0.27553443943700356, -0.2209622262928751, 0.3869083047813803, -0.002912704244447971, -0.0531148182689283], [-0.7498949687704338, -0.3356416244439634, 0.3900907255552977, 0.3369407651542867, -0.22299757458901728, 0.2230552883824716, -0.308708228890519, -0.21870395898107017, 0.02964131716750553, 0.061506040746225295, -0.4725466700810761, 0.8014602862867873, 0.6556898950632861, 0.43610117079126476, 0.06491165941994423], [-0.09833350253411721, -0.5618276041016692, -0.410828643694465, -0.5186867412250532, -0.037317974928576046, 0.3646227265694397, 0.43686489833342856, -0.5944468543585053, -0.20934911698287684, 0.5571600656136523, 0.3663292258124454, 0.0564970631974322, -0.08605209284520948, 0.7569819392704045, 0.03417738151568677]], "inverted": false, "swapped": false, "error_lsq": 0.035896565948811694, "error_max": 0.20629387342718225, "target": "122.xyz", "model": "18.xyz", "model_rescale": 3.9405287249114394, "target_rescale": 4.083054445416519},
{"mapping": [0, 8, 2, 5, 1, 3, 12, 6, 9, 13, 4, 10, 11, 14, 15], "R": [[0.15446233612265614, -0.9805528293435961, -0.12106830958512749], [-0.9313646308109351, -0.1036192038053737, -0.3490314958240176], [0.32969881891499464, 0.1666709616850191, -0.9292574881791636]], "T": [0.019005407893763523, -0.03589373777679842, 0.09673947533905783], "aligned_model": [[-0.21188907524897882, 0.18494057601926767, -0.4132533658715821, 0.18382012400329684, -0.611059706595338, -0.6994657442057646, -0.18391098367926334, -0.3053761056785003, 0.7000504592293745, 0.510923884046763, 0.15385152793163137, -0.2718736742757465, 0.3576041869962319, -0.012553633210963852, 0.0013286810060939187], [-0.6315923402819122, -0.39165997624838367, 0.4339715387232432, 0.2367493184771954, -0.19112902984076677, 0.2378281768991838, -0.19881726668457186, -0.17266284448960698, 0.14319914828396188, 0.16828658328533044, -0.7238863061700225, 0.6942075871627895, 0.5984585734828195, 0.4942237505017358, -0.0062727902900056275], [-0.15723920601756966, -0.5499196768260505, -0.4929250542499839, -0.6712217971148877, -0.02342449422373795, 0.4632147294843497, 0.5788389712614377, -0.5623161374082789, -0.20840511853446578, 0.5061982091355709, 0.3044599085239187, 0.08107257314979541, 0.05025061764482219, 0.6604046575367821, 0.076802587280315]], "inverted": true, "swapped": false, "error_lsq": 0.03599712949014413, "error_max": 0.2187471752660093, "target": "122.xyz", "model": "19.xyz", "model_rescale": 4.410303926677745, "target_rescale": 4.083054445416519},
{"mapping": [3, 1, 7, 12, 2, 9, 11, 0, 10, 6, 13, 5, 4, 14], "R": [[0.4679876060974717, 0.8344225031026773, 0.2910784891657585], [0.847552211274943, -0.5170650042872043, 0.11957855369767707], [0.2502855363422194, 0.19074293606143428, -0.9491966511953946]], "T": [0.015808980226719217, -0.11063181835065786, 0.03148881817008241], "aligned_model": [[-0.2183329794453566, 0.3622780732354383, 0.4920508624956507, -0.7421519618113201, 0.09300785339059943, -0.3583128098581835, -0.41004814265667083, 0.7104466744858741, 0.31800285369241643, 0.23675573394554292, -0.611303811643059, -0.08599803405293331, 0.4621247666169835, 0.01266881106589058], [-0.005101770868422728, -0.6153621063052696, 0.15714664479674625, -0.11083658032139106, 0.5686223057353768, -0.5971248366177412, 0.5090812357846748, -0.3064064035893519, -0.5605041388641016, -0.011175234767360598, -0.012280091233396281, 0.5085391633643809, 0.36602655206291057, -0.0796762729958518], [-0.5740273312340229, -0.44385643900641825, -0.46403189035242226, -0.09314417162726965, -0.32337228992952, 0.23711602668684995, 0.01060039347365942, 0.025782229599285736, 0.46927804707712606, 0.7197271529897536, 0.5268683991310797, 0.5657030187997674, 0.27342923745102093, -0.013257344333868444]], "inverted": true, "swapped": true, "error_lsq": 0.04065306724278254, "error_max": 0.2327376275055154, "target": "122.xyz", "model": "20.xyz", "model_rescale": 4.121658175737393, "target_rescale": 4.083054445416519},
{"mapping": [7, 0, 1, 3, 8, 4, 10, 11, 6, 13, 9, 12, 14], "R": [[0.49333121078726017, 0.5686975937891661, -0.6581849005268874], [0.8527948695530685, -0.46528426807404866, 0.2371739031739411], [-0.17136285165443838, -0.678301995206567, -0.7145216416398105]], "T": [0.04840732401873173, -0.06866084457283274, 0.03886722725342008], "aligned_model": [[0.21606556176892258, -0.29474361575118135, 0.3005069230373816, 0.682670569376096, 0.5902171668879415, -0.4098133733638104, -0.4615104037014577, 0.25700412637565195, -0.6592429767852039, -0.0582186846638895, 0.08654997803321049, 0.5446472902750044, 0.08695034317562869], [-0.42203829187967024, 0.06942721824808197, 0.35647662778271644, -0.21542598089273052, 0.4009789180269944, -0.5527354390556454, 0.39731746224789866, -0.65132582759425, -0.11582523573628349, -0.06634726619312646, 0.4643496755605593, -0.020421443669637176, -0.10360351268172438], [0.6642211297571858, 0.6585936984530669, 0.6359020095592702, 0.13256346911830547, 0.006075907728885124, 0.24046516676390273, 0.1294971307099464, -0.38871174377962564, -0.13256105947482744, -0.7592367677336016, -0.32633140759234375, -0.5454760535490186, 0.05510825952064286]], "inverted": false, "swapped": true, "error_lsq": 0.045756984255688665, "error_max": 0.2432471656286046, "target": "122.xyz", "model": "21.xyz", "model_rescale": 4.08911054899281, "target_rescale": 4.083054445416519},
{"mapping": [9, 10, 13, 7, 14, 2, 15, 12, 6, 8, 11, 4, 0, 1, 16], "R": [[-0.5782835482343001, 0.32154496211119604, -0.7497979562405177], [0.00039322149992274125, -0.9189449624869994, -0.3943855997581798], [-0.8158357575017166, -0.22836154067766468, 0.5312843151467239]], "T": [-0.054677742213163634, 0.006299882987119004, 0.01885001560139738], "aligned_model": [[-0.1724206552278301, 0.32543447880366183, -0.35236749386359156, 0.18520619634137434, -0.6383335515472855, -0.4615280042588444, -0.46181971592994003, -0.3763333951585192, 0.6377729282236813, 0.5396846085340614, 0.15662048751505514, -0.35782702588491994, 0.2504816301470385, 0.16588287088509596, -0.05731620811251575], [-0.6505242889616977, -0.3585492069622196, 0.35779584297681033, 0.26058366435976654, -0.2398305097417435, 0.3572012695004594, -0.24914153381737134, -0.18468964588518036, 0.21528712993687552, -0.08596340385761601, -0.4217555026394867, 0.6340408028905903, 0.7174381657467879, 0.2889903247623845, 0.050021014502631155], [-0.2306819966557281, -0.5923252867560621, -0.45502904903584723, -0.6004977401576945, -0.08404950797733735, 0.5011309613058995, 0.5670216253305914, -0.6175697726072337, -0.1611514515462183, 0.3637889956760066, 0.6171932909945667, 0.037126644278581325, -0.016356495637732997, 0.7269725412596795, 0.00021801117054690705]], "inverted": false, "swapped": false, "error_lsq": 0.0386597868142262, "error_max": 0.27887032926180466, "target": "122.xyz", "model": "22.xyz", "model_rescale": 4.204369325754507, "target_rescale": 4.083054445416519},
{"mapping": [0, 8, 2, 5, 1, 3, 12, 6, 9, 13, 4, 10, 11, 14, 15], "R": [[0.15446233612265614, -0.9805528293435961, -0.12106830958512749], [-0.9313646308109351, -0.1036192038053737, -0.3490314958240176], [0.32969881891499464, 0.1666709616850191, -0.9292574881791636]], "T": [0.019005407893763523, -0.03589373777679842, 0.09673947533905783], "aligned_model": [[-0.21188907524897882, 0.18494057601926767, -0.4132533658715821, 0.18382012400329684, -0.611059706595338, -0.6994657442057646, -0.18391098367926334, -0.3053761056785003, 0.7000504592293745, 0.510923884046763, 0.15385152793163137, -0.2718736742757465, 0.3576041869962319, -0.012553633210963852, 0.0013286810060939187], [-0.6315923402819122, -0.39165997624838367, 0.4339715387232432, 0.2367493184771954, -0.19112902984076677, 0.2378281768991838, -0.19881726668457186, -0.17266284448960698, 0.14319914828396188, 0.16828658328533044, -0.7238863061700225, 0.6942075871627895, 0.5984585734828195, 0.4942237505017358, -0.0062727902900056275], [-0.15723920601756966, -0.5499196768260505, -0.4929250542499839, -0.6712217971148877, -0.02342449422373795, 0.4632147294843497, 0.5788389712614377, -0.5623161374082789, -0.20840511853446578, 0.5061982091355709, 0.3044599085239187, 0.08107257314979541, 0.05025061764482219, 0.6604046575367821, 0.076802587280315]], "inverted": true, "swapped": false, "error_lsq": 0.03599712949014413, "error_max": 0.2187471752660093, "target": "122.xyz", "model": "23.xyz", "model_rescale": 4.410303926677745, "target_rescale": 4.083054445416519},
{"mapping": [3, 10, 7, 11, 0, 12, 5, 1, 9, 15, 4, 13, 14, 6, 16], "R": [[0.3300460797391528, -0.3511689979095407, 0.8762133987539942], [0.2349956224681873, 0.929569910463262, 0.2840366859793165], [-0.9142464890113642, 0.11216111834558673, 0.38932408204715685]], "T": [0.014563666441838298, 0.04863426553535113, -0.010523735622724448], "aligned_model": [[-0.3252811492169773, 0.358258585192507, -0.47714938672343166, 0.23078907053809591, -0.6986998701545446, -0.6186926245841522, -0.08990667370875272, -0.34777007211633704, 0.6323966091119864, 0.5297833987504719, 0.09924174282035023, -0.23129772089238107, 0.38439817427011785, -0.019594424637500572, -0.043338508182929704], [-0.7499390261941767, -0.35250589026270485, 0.3316420899458569, 0.3204502913998996, -0.192326854332764, 0.22813965155891533, -0.13829535027551018, -0.19544669305371565, 0.07188427184008758, 0.18150093710289153, -0.5955539828107589, 0.6943227240823353, 0.6131865776881853, 0.5194939735507729, -0.04564859742832451], [-0.2472454786886148, -0.390976524424302, -0.3570143435064283, -0.539753467702637, 0.04929831014713916, 0.45093061861855366, 0.5808689428824767, -0.7490859179249566, -0.11132986533098861, 0.4650908834346933, 0.2169306489574721, 0.11918831681053875, 0.04098464890774485, 0.5853138680422716, -0.05740987058094528]], "inverted": false, "swapped": false, "error_lsq": 0.03700337387486782, "error_max": 0.29798313438895463, "target": "122.xyz", "model": "24.xyz", "model_rescale": 4.28219845311461, "target_rescale": 4.083054445416519},
{"mapping": [3, 7, 0, 2, 1, 8, 5, 4, 13, 12, 9, 6, 14, 10, 15], "R": [[0.6872195468280324, 0.2251321127927616, 0.6906843173599218], [-0.37569156179050744, 0.9238920051831179, 0.07265957031339423], [-0.6217597163349224, -0.30941734687664985, 0.7194968801842937]], "T": [0.02020740465868623, 0.004271943227790322, 0.010023354563112707], "aligned_model": [[-0.36146477377797714, 0.3494810114328558, -0.5037268059287835, 0.16326365195163306, -0.5919406060577496, -0.4934426536509331, -0.4003229146891014, -0.18887062498211615, 0.5402633681904476, 0.7245357533066894, 0.2609267805693845, -0.410362921197751, 0.38386195924619837, -0.06480656042464003, -0.024257513521634994], [-0.6468254477872404, -0.5783755689717154, 0.3684508885046733, 0.5069507470263301, -0.18274574719609993, 0.23154220560296807, -0.31406016782101265, -0.1920349720435084, 0.0014151588325621803, 0.04801939748409591, -0.5668781700070312, 0.7958438404920666, 0.6463657713149102, 0.5382084733008061, 0.035027714079185326], [-0.16445839371061483, -0.38702421709534907, -0.49832771588811414, -0.43227626640670874, 0.02331227066246272, 0.41801588190554634, 0.6786784214687647, -0.6625824330747123, -0.27711788335818427, 0.3040091327393593, 0.2796813121536202, 0.024864544351575674, 0.19874406289904292, 0.5908755099540319, -0.04060345695870296]], "inverted": false, "swapped": false, "error_lsq": 0.03790450885542055, "error_max": 0.20732739032738887, "target": "122.xyz", "model": "25.xyz", "model_rescale": 4.100010024507729, "target_rescale": 4.083054445416519},
{"mapping": [9, 13, 11, 5, 1, 7, 3, 4, 6, 0, 10, 14], "R": [[0.9641178667114072, -0.2654738762141573, -0.0006001130526730597], [0.15030206001780333, 0.5439838202835396, 0.8255246174549434], [-0.218828768314978, -0.7959932313264707, 0.5643657908131869]], "T": [-0.09341660720086363, 0.06386209836106954, 0.04238472150422986], "aligned_model": [[-0.6042328494004274, -0.04874544343994826, 0.3962675007415598, 0.5762769295298795, -0.5864866558091713, 0.1766710090834282, -0.16223899421429244, 0.5101743716497119, 0.1838230547539288, -0.12192105532797114, -0.36966983486604743, -0.07315243033764397], [-0.3273851878977903, -0.739155177163781, -0.282500131520462, -0.39120963097897943, 0.6618690340867155, 0.7314227025530888, 0.26789390970602334, 0.2234169999729832, -0.2146920320852757, 0.6094092940382103, 0.038571920716274244, 0.0884896886236324], [-0.027739790768879148, 0.08127157691375123, 0.49634239023853455, -0.11105084453389988, 0.03835464723101863, 0.20197146151711717, 0.6638695197052226, -0.2660894481925726, -0.5723728337667687, -0.4292587173242462, -0.5966850806227671, 0.08657940945784623]], "inverted": true, "swapped": true, "error_lsq": 0.035523889379489686, "error_max": 0.18095783209016622, "target": "122.xyz", "model": "26.xyz", "model_rescale": 3.6694154284099745, "target_rescale": 4.083054445416519},
