[{"mapping": [2, 5, 8, 3, 6, 4, 9, 7, 1, 10, 11], "R": [[-0.3437813967798834, -0.40919563048415397, 0.8452060619876957], [0.6280590663437667, 0.5689343393668609, 0.5309006749596292], [-0.6981089889204039, 0.7133531057490881, 0.06140998377024712]], "T": [-0.17886344164290544, 0.05666296726538796, 0.04316911829797549], "aligned_model": [[-0.6966837777173355, 0.26030896960421923, -0.46721719401303563, -0.44709308769510214, 0.23798240076463076, -0.8867919565316569, 0.0065655772512719646, 0.7406002533241121, 0.0003559192958403623, 0.24404380342182116, -0.17564904025872924], [-0.15396133044223487, -0.6468096497980073, 0.5262449467447362, 0.34190581200165465, 0.46999679046063203, -0.1445692430441386, 0.6019809755113493, -0.09828787079925197, -0.21217328480221984, -0.008107868851867046, -0.012431477658578972], [-0.5367013416750759, 0.07383184438801485, -0.27218523593473937, 0.6094922515817932, -0.38174167436951, 0.3758721121000839, 0.23707830648297512, -0.12169464754120976, -0.587297415118275, 0.5711042912361874, 0.036249494573187435]], "inverted": false, "swapped": false, "error_lsq": 0.05368261538299764, "error_max": 0.3486644585065092, "target": "123.xyz", "model": "0.xyz", "model_rescale": 3.751011558992144, "target_rescale": 3.5654443369057307},
{"mapping": [6, 8, 12, 9, 3, 10, 13, 2, 1, 5, 14], "R": [[0.6083628126311984, -0.37937484955739664, 0.6971150634800256], [-0.498215598168145, -0.8662782987966575, -0.03664869405485727], [0.6177992440505371, -0.32501789574925205, -0.7160219699794927]], "T": [-0.16439234904326228, -0.024600038906828665, -0.07563055811570259], "aligned_model": [[-0.7748156224589978, 0.216227103711696, -0.35414129950967466, -0.3723953973453752, 0.26501549678053204, -0.7274818395698197, 0.16837591354412024, 0.6473158781146052, -0.16580629076734466, 0.10387316741170394, -0.18974524246540925], [-0.14984501641409714, -0.5380077997266742, 0.6746309716761921, 0.2962140792332838, 0.5329104904153098, -0.31669361938203333, 0.5194994523438263, 0.06968654361979731, -0.4283240809628861, -0.018937422138969304, 0.022654200658324485], [-0.4944656905386675, 0.1031417984004581, -0.24008855796111456, 0.4610282299734377, -0.372610020625642, 0.44404752881175097, 0.27182192113280124, 0.05077314557920419, -0.6436890481240432, 0.48836199010467146, -0.06431331102942484]], "inverted": true, "swapped": false, "error_lsq": 0.04829555752017357, "error_max": 0.26878540462759026, "target": "123.xyz", "model": "1.xyz", "model_rescale": 3.9405287249114394, "target_rescale": 3.5654443369057307},
{"mapping": [1, 8, 0, 6, 5, 7, 11, 9, 2, 3, 12], "R": [[0.5875369097300923, 0.8058729986200506, -0.0732740731769545], [0.6022883551067892, -0.49598326182564045, -0.6254992736139322], [-0.5404156890834795, 0.3233717892518247, -0.7767763956947339]], "T": [-0.13053436778310312, -0.021565603426400383, 0.04985219851599391], "aligned_model": [[-0.7577379750442914, 0.41133144254013354, -0.5101443228010256, -0.3780611180158131, 0.19336228771032504, -0.7382764469246529, 0.2567736379090667, 0.6753689232478459, -0.07973846180999652, -0.13131178946312402, -0.12514430990243114], [-0.2071300497979595, -0.5732252033022872, 0.6363324013286954, 0.37635430506063094, 0.4280422601150537, -0.1823375574722323, 0.5507315962648625, -0.04186088476285692, -0.016877986585373185, -0.24886416408562834, -0.05737691744083114], [-0.3966988104848097, 0.10222489729389767, -0.30510763817885506, 0.3250720156410149, -0.42027545008447903, 0.5332896786405003, 0.22329588675363407, 0.027736725402834124, -0.629535341630522, 0.5743847890255502, -0.030378766655333796]], "inverted": true, "swapped": false, "error_lsq": 0.05587037703235491, "error_max": 0.2981848124555867, "target": "123.xyz", "model": "2.xyz", "model_rescale": 3.932901565614263, "target_rescale": 3.5654443369057307},
{"mapping": [5, 8, 6, 0, 10, 7, 1, 11, 12, 3, 13], "R": [[0.6008236631194199, 0.7670099746271488, 0.22518131507348077], [0.6099268014506718, -0.25777564952453846, -0.7493604015321035], [-0.5167206428118725, 0.5875775806943818, -0.6226976505154187]], "T": [-0.1649263495086908, 0.052289558149929735, 0.08884383773762199], "aligned_model": [[-0.675771184490431, 0.17283053504493665, -0.40791366033562887, -0.37627086529996384, 0.23468521020266772, -0.6393063476246003, 0.1183366806524205, 0.7056677247494013, -0.17418996707803586, 0.0401108623157036, -0.18175712069043382], [-0.08498346026914085, -0.5801130222861451, 0.4589905687550996, 0.38389823155208613, 0.3458067337364573, -0.447675765126984, 0.7144719531960446, -0.11092269719654772, -0.01221821687452719, -0.06399804980156773, 0.06053152363729877], [-0.39797579892596086, 0.2462413876751297, -0.4033387660097931, 0.6313560611136683, -0.42817038767788357, 0.275232786592706, 0.2621792130857889, -0.025770367048870466, -0.6719996037866235, 0.5417482560042317, -0.02549479529896151]], "inverted": false, "swapped": false, "error_lsq": 0.046845784562983765, "error_max": 0.2505045605676796, "target": "123.xyz", "model": "3.xyz", "model_rescale": 3.9243930471874484, "target_rescale": 3.5654443369057307},
{"mapping": [0, 9, 3, 4, 6, 7, 10, 11, 5, 8, 12], "R": [[-0.5905882636592191, 0.24371777954955726, 0.7692900277264891], [0.609029025620383, -0.4908103876199802, 0.6230479992393941], [0.5294234116280427, 0.8364847920528852, 0.14143565280496223]], "T": [-0.09904249849770319, 0.02998281631988442, 0.047576735090442766], "aligned_model": [[-0.7141988827837187, 0.3290644737533016, -0.4058461945209892, -0.4875779453334168, 0.15507196209219032, -0.7421801198448481, 0.26767730327526035, 0.6694841335380759, -0.10999411492731734, -0.01298522728435128, -0.1320935205181506], [-0.06578316384345667, -0.48780961650177057, 0.5748330955102071, 0.29171006873208044, 0.4081854797288477, -0.27191500301917765, 0.5436853456269009, -0.02489358734301117, -0.20023517219658662, -0.0917448610256236, -0.012244786346336245], [-0.5318487159177974, 0.2627576092395736, -0.20134701977709227, 0.4121399276058301, -0.5126956103329098, 0.4192627122249482, 0.36182825519827727, -0.1326716423233002, -0.6738820923112959, 0.6592244176296698, -0.058759855512471613]], "inverted": false, "swapped": false, "error_lsq": 0.04615215650782582, "error_max": 0.283162126165935, "target": "123.xyz", "model": "4.xyz", "model_rescale": 3.8936222436046832, "target_rescale": 3.5654443369057307},
{"mapping": [1, 6, 2, 4, 3, 5, 10, 8, 9, 7, 11], "R": [[0.9357186254952359, 0.22314349135034986, 0.2731988948903029], [0.10143845307801122, 0.5715572905892871, -0.8142680785904439], [-0.3378474421073018, 0.7896386805635915, 0.5121814717649829]], "T": [-0.02979644347711738, 0.07584410056210569, -0.06362187531415985], "aligned_model": [[-0.7114661163533564, -0.14291034508258077, -0.43471953493227644, -0.5754381043799347, 0.20783007202243664, -0.5831354996778597, 0.14201930676322758, 0.7057954711933008, 0.17922570000220012, 0.20551135600033518, -0.17629043810945644], [-0.16254401556660064, -0.6945196776677612, 0.6851560795358593, 0.4104692566720003, 0.4374704926455325, -0.2878671405516171, 0.5743387522135479, 0.09673098503074891, -0.29178686368490825, -0.1394332304481835, 0.03577316114345551], [-0.412342867413081, 0.10476316726002262, -0.2117254445135795, 0.40640555121805266, -0.4418308440093146, 0.40403278254487435, 0.28487465225723385, -0.1294329644977112, -0.5143913967809289, 0.5003226588788942, 0.013332690778969133]], "inverted": false, "swapped": false, "error_lsq": 0.04962380561835588, "error_max": 0.32044685156916514, "target": "123.xyz", "model": "5.xyz", "model_rescale": 3.6523030999806103, "target_rescale": 3.5654443369057307},
{"mapping": [6, 4, 8, 5, 9, 1, 7, 11, 10, 3, 12], "R": [[-0.7616441029446878, 0.1155348070848719, 0.6376127106649012], [0.49324539715920984, 0.741509194591392, 0.45483303806746334], [-0.42024664023741454, 0.6609204359741697, -0.621753117146089]], "T": [-0.18416450718477648, 0.0222683082519746, 0.014985105214122087], "aligned_model": [[-0.637130262360832, 0.15761293516109762, -0.5668241405055452, -0.4525337603839482, 0.1428137961806958, -0.7248997438000435, 0.27646375900745535, 0.6947944371075129, 0.024394161355073496, 0.06738600193004388, -0.1656553162454738], [-0.16458405993648775, -0.4384431812863713, 0.4939030644519, 0.5379067956784166, 0.4452357855754203, -0.23002953131747658, 0.3844158164257562, 0.03156191080831137, -0.2945396249446507, -0.16387872711408413, 0.06223955098133957], [-0.4122533284646123, 0.006941148613749476, -0.2762800050163043, 0.36994767254852995, -0.47168375287679715, 0.37040889454829307, 0.3663948979141022, -0.028761967157492872, -0.6667839589913174, 0.6352369295052575, 0.11084145510002374]], "inverted": true, "swapped": false, "error_lsq": 0.04517147378589556, "error_max": 0.21023814022391718, "target": "123.xyz", "model": "6.xyz", "model_rescale": 4.08911054899281, "target_rescale": 3.5654443369057307},
{"mapping": [0, 8, 2, 1, 7, 9, 13, 5, 6, 11, 14], "R": [[0.10549621779207868, -0.9815016714222236, -0.15976550637402154], [-0.9913226535919553, -0.09113139953047972, -0.09473365027813707], [0.07842158189535955, 0.16837320753313845, -0.9825988593917825]], "T": [0.04141738896560179, -0.026994706881172927, 0.031628529753349184], "aligned_model": [[-0.7819978450343078, 0.04432690586948994, -0.35483253111040036, -0.5840133558758112, 0.33934386003379835, -0.5418328398148262, 0.0968151314284059, 0.7500249876299293, -0.12674230255209684, 0.05004654671198139, -0.0747166898401269], [-0.0609739393229459, -0.6917054123165783, 0.5799986002273021, 0.27054731758591777, 0.4850568945597889, -0.4148647208028764, 0.6546969268793271, -0.09554523564157119, 0.007136885832303742, 0.003802852110370715, -0.0743623697889651], [-0.4216803575226787, 0.184272514488862, -0.32147863423023915, 0.27298135434534676, -0.46670061833659365, 0.3836701904069519, 0.2926306924696541, -0.23980714532487818, -0.4370934763238022, 0.6177241797576015, 0.13948928599320723]], "inverted": true, "swapped": false, "error_lsq": 0.05202105574446794, "error_max": 0.27828212955365184, "target": "123.xyz", "model": "7.xyz", "model_rescale": 3.964800864290218, "target_rescale": 3.5654443369057307},
{"mapping": [7, 11, 1, 0, 5, 4, 3, 10, 8, 6, 13], "R": [[0.7615545014856241, 0.09674208227880757, -0.6408398479989705], [0.4114370442016144, 0.6918251099919283, 0.5933781052948415], [0.5007537318139748, -0.7155550200376053, 0.48705925037243775]], "T": [-0.1954685193595978, 0.009179124793370914, 0.022410984469452343], "aligned_model": [[-0.7187996194708237, 0.1342057036362609, -0.5933557772722298, -0.43846744604702803, 0.36691884798947855, -0.47428078542554847, 0.16026548788985495, 0.5995016200339769, -0.03125320678934784, -0.03320130024355006, -0.1551116568550073], [-0.06895604380449788, -0.7000830485111417, 0.5190033499747391, 0.5619390172400573, 0.45127837521871056, -0.4406372065586459, 0.5132257263912977, -0.07576403032168155, -0.016072818652264502, -0.08396101802805356, 0.0038154963735537624], [-0.45390048930193383, 0.2969932138746291, -0.35822648160736403, 0.4078553973928052, -0.4104162614242286, 0.4861160452074441, 0.4036629158825725, -0.1671705306603004, -0.72822424776852, 0.5715012198352691, -0.04418279570694174]], "inverted": true, "swapped": false, "error_lsq": 0.05099716974842045, "error_max": 0.24758557748967372, "target": "123.xyz", "model": "8.xyz", "model_rescale": 4.121658175737393, "target_rescale": 3.5654443369057307},
{"mapping": [3, 5, 2, 8, 1, 11, 6, 4, 0, 7, 12], "R": [[-0.6716950040480933, -0.7293154563427013, 0.13009529844106443], [0.5434987783099674, -0.60445559424847, -0.5824452871792356], [0.5034231813419054, -0.32051895376306044, 0.8023918623504531]], "T": [-0.10999948472209821, -0.011008052439441161, 0.08227609623349567], "aligned_model": [[-0.772780590789414, 0.19702848207350954, -0.4500336389364966, -0.46672741066507606, 0.17620289716955728, -0.6543078362172002, 0.1698160721690819, 0.7145850336593299, 0.09644030421752979, -0.12507584827962748, -0.06872559695515798], [-0.1302317827838917, -0.5462616789373347, 0.43342709282422864, 0.5066465199493151, 0.4055246968882087, -0.20335937284174108, 0.5640216188154478, 0.012674534887808377, -0.20309344517969471, -0.2162534540730209, 0.04069306977274837], [-0.32905211703780635, 0.05136834312872811, -0.32906394130363165, 0.450151439610481, -0.3862539252705943, 0.3464000493041712, 0.3491584324645517, -0.24579009346285258, -0.6521012308679492, 0.7248163196307216, 0.024374709527611955]], "inverted": false, "swapped": false, "error_lsq": 0.04497069986553575, "error_max": 0.26015082787649757, "target": "123.xyz", "model": "9.xyz", "model_rescale": 3.833441315466971, "target_rescale": 3.5654443369057307},
{"mapping": [8, 12, 2, 13, 3, 10, 5, 6, 7, 0, 14], "R": [[0.2640958965184392, 0.03228945850002296, 0.9639557813052929], [0.9577689306954723, 0.10905931370298272, -0.26605401987018806], [-0.11371909618254042, 0.9935106727984405, -0.0021237229142278824]], "T": [-0.00983654265919362, -0.02521893674789461, -0.014848989663096888], "aligned_model": [[-0.7416824844883142, 0.22619235824151476, -0.32394695816157715, -0.4355476937279701, 0.13330741999902226, -0.6302696806423488, 0.1285190025929857, 0.6588242588920876, -0.013401642951416735, -0.14932327499318174, -0.03624943731476531], [-0.13385066015212907, -0.5484477585882249, 0.6096613013987575, 0.47830921258595965, 0.508846993732647, -0.4712054688290522, 0.5448671303625886, -0.14346456582797457, -0.1928634206486433, -0.012590385231167844, 0.02452542051931266], [-0.26012440317862545, 0.16829580345414238, -0.13696362847190272, 0.43338751052266006, -0.6846289816023073, 0.2883223777423162, 0.3217439702328055, -0.02669262580955748, -0.6596719063304359, 0.6516395195349552, -0.09129965037061885]], "inverted": true, "swapped": false, "error_lsq": 0.04739427011080664, "error_max": 0.2598406015343722, "target": "123.xyz", "model": "10.xyz", "model_rescale": 4.2482417240324, "target_rescale": 3.5654443369057307},
{"mapping": [1, 7, 0, 6, 10, 2, 4, 9, 8, 5, 11], "R": [[0.0145803736682256, 0.74106089497856, -0.6712794966608697], [-0.9815653908183049, 0.1385607231725792, 0.1316446335465299], [0.1905696624633711, 0.6569852935397167, 0.7294199941193888]], "T": [-0.1918219877433621, -0.02264798139454629, -0.03159686218014921], "aligned_model": [[-0.7748998039729768, 0.21891278026205177, -0.4180419760487992, -0.47438328209806746, 0.18939724523420912, -0.7177548784110016, 0.19000696029466072, 0.6301437398749395, -0.08511711196314334, 0.1410746050365599, -0.0829164107623965], [-0.0019363313099373392, -0.5432376205478114, 0.6121800182570329, 0.3093913626374658, 0.29102883168815485, -0.4126371405455368, 0.6267420372374863, 0.012076456828539535, -0.24774242146012063, -0.008032741184920172, 0.02595534772172091], [-0.43001604034540547, 0.10566065001194844, -0.3775121750579033, 0.4483938951166564, -0.44545808998092395, 0.31345434654597804, 0.4137556256017325, -0.0813709332404188, -0.592671181224523, 0.641569108135243, 0.008202780161047661]], "inverted": false, "swapped": false, "error_lsq": 0.03502457649193299, "error_max": 0.16583513881730602, "target": "123.xyz", "model": "11.xyz", "model_rescale": 3.6694154284099745, "target_rescale": 3.5654443369057307},
{"mapping": [10, 11, 12, 5, 1, 7, 0, 4, 2, 6, 13], "R": [[-0.8392978982979464, 0.06655821184407562, 0.5395822850583303], [0.5400183529657112, 0.21692457202273285, 0.813218241625798], [-0.06292230425573003, 0.9739166979207583, -0.21800699332424184]], "T": [-0.11845001958078859, -0.05021458378891682, -0.027799668213057065], "aligned_model": [[-0.6588551438633766, 0.19677945856319357, -0.5052948674701058, -0.48688913548084056, 0.3026372562146342, -0.7411158445300045, 0.20984915457442394, 0.6199113418353891, -0.10544507997303153, 0.025456765529164108, -0.04061203795340991], [-0.17894844792208198, -0.6665222026565257, 0.4575261600043267, 0.378915753438898, 0.4643442907942407, -0.2632088000655633, 0.5321109528892348, -0.0331659325793461, -0.004764774552052799, -0.06602556166451776, 0.04352636163546108], [-0.33588842357895266, 0.2287621059113929, -0.26086382465986857, 0.5419990366136668, -0.5516204055387817, 0.3172888026789068, 0.22489478365909282, 0.01921621431482106, -0.679012966432963, 0.5189138615551436, -0.019681198799026037]], "inverted": true, "swapped": false, "error_lsq": 0.046779166896898296, "error_max": 0.21473835553075585, "target": "123.xyz", "model": "12.xyz", "model_rescale": 3.9764082729961374, "target_rescale": 3.5654443369057307},
{"mapping": [6, 9, 3, 11, 7, 13, 8, 2, 4, 10, 15], "R": [[0.5640475003574347, 0.422612776875125, 0.7094003511152401], [0.806645404475489, -0.4656961463953323, -0.3639372070441719], [0.17656049608874813, 0.7775124050807379, -0.6035734016393217]], "T": [-0.11920554537687753, -0.12456619802843175, 0.001498133391154681], "aligned_model": [[-0.7858616569918137, 0.23408845559676808, -0.2508205984855047, -0.4572226853669866, 0.26162294184487644, -0.6394119842464407, 0.13859155705201134, 0.6339900475536072, -0.15352293830219513, -0.014039218532587189, -0.15099205267569896], [-0.2972409134939442, -0.6098310400358699, 0.6897310365036613, 0.42668743817680943, 0.2674816014717284, -0.25318474008229047, 0.465225732696559, 0.13740968411394391, -0.1659788426157997, 0.06585704465315559, -0.06236920206587943], [-0.3292765288558045, -0.033150221622497915, -0.16595615572145817, 0.46237614370713553, -0.5203273979413616, 0.2970029180994335, 0.2936264768970628, 0.01951340113657796, -0.7147218266702204, 0.7753365734437115, -0.08041539674914713]], "inverted": true, "swapped": false, "error_lsq": 0.05183759351136741, "error_max": 0.2342432024086517, "target": "123.xyz", "model": "13.xyz", "model_rescale": 4.170626492500431, "target_rescale": 3.5654443369057307},
{"mapping": [12, 0, 11, 6, 9, 4, 3, 1, 10, 2, 13], "R": [[-0.025035174242506952, -0.9906848359457465, -0.13385363602755396], [-0.9162499741826329, -0.0308124050589888, 0.39942030557397257], [-0.3998239923528504, 0.1326429475005376, -0.9069435614289335]], "T": [-0.12097091633179366, -0.055296056555133845, 0.001972699968748999], "aligned_model": [[-0.7466860657864648, 0.28821533003054034, -0.2817381105714229, -0.5311531016112305, 0.2686606468105912, -0.6165878833375706, 0.19961346566586022, 0.6364624467478671, -0.16180343908658454, -0.060694842378322234, -0.1778665790372273], [-0.15355685110087447, -0.4372723394296944, 0.5876293686609585, 0.5357449532021117, 0.36863972609042844, -0.47565671769832435, 0.4848563261409747, -0.01999153876823665, -0.10483225745592603, -0.15052012589271024, 0.02874725557336629], [-0.36481264486434445, 0.20817440131265044, -0.24391438386887326, 0.437759765741253, -0.5679151272918399, 0.28609215930280263, 0.28646287891484634, -0.1239747549996453, -0.5585691582904045, 0.6502252269702968, -0.005520377203310216]], "inverted": false, "swapped": false, "error_lsq": 0.03991682473424924, "error_max": 0.255102573227842, "target": "123.xyz", "model": "14.xyz", "model_rescale": 3.9786697098870705, "target_rescale": 3.5654443369057307},
{"mapping": [6, 0, 7, 10, 8, 1, 5, 2, 9, 4, 11], "R": [[-0.8691723648340963, -0.030538087337713737, 0.4935654216316804], [-0.31709998795383065, -0.7314555923582893, -0.6036723565374388], [0.37945618699447337, -0.6812049189704507, 0.626077359854257]], "T": [-0.10455795171814822, 0.03269187150796489, -0.05616554649708807], "aligned_model": [[-0.7981552723806828, 0.14479829030522803, -0.46799258207923844, -0.5861166844213281, 0.2597333814489817, -0.5834312664709801, 0.30084576079963365, 0.741811506496081, -0.13050524130179508, 0.10807103215485367, -0.17263705710471722], [-0.11603354392043823, -0.6101713496233528, 0.5724317026676459, 0.3204775426316388, 0.3139462511675134, -0.3225199455620868, 0.6985274374845317, -0.051892593867430545, -0.21418685699109136, 0.08027216881041634, -0.007063013475272453], [-0.40852785773272204, 0.03523428697863044, -0.17223530786805488, 0.5583274013469784, -0.3019620568946774, 0.26814449794151596, 0.13611138058313133, 0.11805163028621143, -0.6269473783971373, 0.5160579768020617, -0.11824658732250598]], "inverted": true, "swapped": false, "error_lsq": 0.05217209213923455, "error_max": 0.27142047876536957, "target": "123.xyz", "model": "15.xyz", "model_rescale": 3.769337070930944, "target_rescale": 3.5654443369057307},
{"mapping": [3, 8, 0, 1, 4, 9, 5, 6, 2, 7, 10], "R": [[-0.9808354881933555, -0.1871139145399657, 0.05431508157070602], [-0.06450273067667286, 0.5748927000251383, 0.8156824021597249], [-0.18385087118573748, 0.7965467760548259, -0.5759445205233821]], "T": [-0.11210108169763601, 0.07298314154860015, 0.05821299640662749], "aligned_model": [[-0.6577604055443492, 0.09596878082324158, -0.3494268560724488, -0.6034873831547188, 0.3610903407320146, -0.6196659147536098, 0.2279797489536628, 0.5640285080567967, -0.1191888769843695, 0.041303458935647755, -0.12441953354583107], [-0.20645192042742416, -0.6439215095584836, 0.5315109585251818, 0.5378457327273746, 0.49413585961551987, -0.5329387922703673, 0.5953261967925458, -0.0891687203049293, -0.19108400571413453, 0.10359588426123735, 0.06493811567555334], [-0.2636804442756853, -0.006966488695705521, -0.33024399284435524, 0.4866645344634946, -0.39648777370634825, 0.24799242962907106, 0.3063131430819344, -0.1610185730704598, -0.6322536306797156, 0.7558277961922393, -0.0021390143710377507]], "inverted": true, "swapped": false, "error_lsq": 0.04339704798714914, "error_max": 0.22199288579827556, "target": "123.xyz", "model": "16.xyz", "model_rescale": 3.7852294659196426, "target_rescale": 3.5654443369057307},
{"mapping": [10, 0, 7, 11, 1, 9, 2, 3, 4, 8, 12], "R": [[0.06837734306537993, 0.9884080811539268, 0.13555074350564125], [0.001000365445933904, 0.13580074482669943, -0.9907356645309022], [-0.9976590290396284, 0.06787947270071037, 0.008296924826681096]], "T": [-0.1046369099995265, 0.10589794850886253, -0.06876224843065049], "aligned_model": [[-0.8037533704543705, 0.09935159906489317, -0.3493546988338497, -0.5358474228801551, 0.37374291034655616, -0.527928840067034, 0.17043409670017756, 0.6664133778946997, -0.03764573199877165, -0.055124323488617476, -0.18386572883749214], [-0.2464537144463237, -0.5452339340380012, 0.7505042167712463, 0.43810195701460486, 0.4244904978698774, -0.455304432001383, 0.592796685953476, -0.03651667729153607, -0.2757968270556314, -0.05550510362711866, 0.07270513017286308], [-0.25939161556212265, -0.05599058294122525, -0.19534411095962675, 0.4227965626461275, -0.4481112819398562, 0.4343655837961101, 0.1789322847716826, 0.06425992663395871, -0.6617276483204216, 0.5602874076305058, -0.03606854003170062]], "inverted": true, "swapped": false, "error_lsq": 0.041765722810403035, "error_max": 0.19455974424775652, "target": "123.xyz", "model": "17.xyz", "model_rescale": 3.901054581598922, "target_rescale": 3.5654443369057307},
{"mapping": [6, 8, 12, 9, 3, 10, 13, 2, 1, 5, 14], "R": [[0.6083628126311984, -0.37937484955739664, 0.6971150634800256], [-0.498215598168145, -0.8662782987966575, -0.03664869405485727], [0.6177992440505371, -0.32501789574925205, -0.7160219699794927]], "T": [-0.16439234904326228, -0.024600038906828665, -0.07563055811570259], "aligned_model": [[-0.7748156224589978, 0.216227103711696, -0.35414129950967466, -0.3723953973453752, 0.26501549678053204, -0.7274818395698197, 0.16837591354412024, 0.6473158781146052, -0.16580629076734466, 0.10387316741170394, -0.18974524246540925], [-0.14984501641409714, -0.5380077997266742, 0.6746309716761921, 0.2962140792332838, 0.5329104904153098, -0.31669361938203333, 0.5194994523438263, 0.06968654361979731, -0.4283240809628861, -0.018937422138969304, 0.022654200658324485], [-0.4944656905386675, 0.1031417984004581, -0.24008855796111456, 0.4610282299734377, -0.372610020625642, 0.44404752881175097, 0.27182192113280124, 0.05077314557920419, -0.6436890481240432, 0.48836199010467146, -0.06431331102942484]], "inverted": true, "swapped": false, "error_lsq": 0.04829555752017357, "error_max": 0.26878540462759026, "target": "123.xyz", "model": "18.xyz", "model_rescale": 3.9405287249114394, "target_rescale": 3.5654443369057307},
{"mapping": [11, 12, 9, 5, 7, 10, 8, 4, 13, 1, 15], "R": [[-0.9725078616969844, -0.21250505859421343, -0.09523685741050604], [-0.05539366116245305, 0.6083343255097535, -0.7917454709119672], [0.2261857671043394, -0.7647031767152949, -0.6033813473094427]], "T": [-0.04562151137749659, -0.06716600974746217, 0.07246402662926833], "aligned_model": [[-0.6912806878105, 0.25407922844073044, -0.34683564891847274, -0.5245930291623051, 0.21224842543164296, -0.7311845757169781, 0.1116974111392307, 0.6617322456904408, -0.16657088942158962, 0.11531956433414683, -0.07819017656030977], [-0.024722171179771296, -0.5221073241215122, 0.4820555113262586, 0.5733908420759628, 0.41850218557787144, -0.39585834231430284, 0.6410975127163359, 0.013653242878237326, -0.20605717687664887, -0.24847838284881055, -0.06768809791154654], [-0.2446100189110625, 0.014611375545572083, -0.37097211431038213, 0.29947910870939637, -0.3671438084701834, 0.2721354373814226, 0.28667349164261935, -0.09422112382803897, -0.5736089855111602, 0.6862581431606792, 0.0954064803145692]], "inverted": false, "swapped": false, "error_lsq": 0.04606464240909331, "error_max": 0.21582151763434068, "target": "123.xyz", "model": "19.xyz", "model_rescale": 4.410303926677745, "target_rescale": 3.5654443369057307},
{"mapping": [7, 11, 1, 0, 5, 4, 3, 10, 8, 6, 13], "R": [[0.7615545014856241, 0.09674208227880757, -0.6408398479989705], [0.4114370442016144, 0.6918251099919283, 0.5933781052948415], [0.5007537318139748, -0.7155550200376053, 0.48705925037243775]], "T": [-0.1954685193595978, 0.009179124793370914, 0.022410984469452343], "aligned_model": [[-0.7187996194708237, 0.1342057036362609, -0.5933557772722298, -0.43846744604702803, 0.36691884798947855, -0.47428078542554847, 0.16026548788985495, 0.5995016200339769, -0.03125320678934784, -0.03320130024355006, -0.1551116568550073], [-0.06895604380449788, -0.7000830485111417, 0.5190033499747391, 0.5619390172400573, 0.45127837521871056, -0.4406372065586459, 0.5132257263912977, -0.07576403032168155, -0.016072818652264502, -0.08396101802805356, 0.0038154963735537624], [-0.45390048930193383, 0.2969932138746291, -0.35822648160736403, 0.4078553973928052, -0.4104162614242286, 0.4861160452074441, 0.4036629158825725, -0.1671705306603004, -0.72822424776852, 0.5715012198352691, -0.04418279570694174]], "inverted": true, "swapped": false, "error_lsq": 0.05099716974842045, "error_max": 0.24758557748967372, "target": "123.xyz", "model": "20.xyz", "model_rescale": 4.121658175737393, "target_rescale": 3.5654443369057307},
{"mapping": [6, 4, 8, 5, 9, 1, 7, 11, 10, 3, 12], "R": [[-0.7616441029446878, 0.1155348070848719, 0.6376127106649012], [0.49324539715920984, 0.741509194591392, 0.45483303806746334], [-0.42024664023741454, 0.6609204359741697, -0.621753117146089]], "T": [-0.18416450718477648, 0.0222683082519746, 0.014985105214122087], "aligned_model": [[-0.637130262360832, 0.15761293516109762, -0.5668241405055452, -0.4525337603839482, 0.1428137961806958, -0.7248997438000435, 0.27646375900745535, 0.6947944371075129, 0.024394161355073496, 0.06738600193004388, -0.1656553162454738], [-0.16458405993648775, -0.4384431812863713, 0.4939030644519, 0.5379067956784166, 0.4452357855754203, -0.23002953131747658, 0.3844158164257562, 0.03156191080831137, -0.2945396249446507, -0.16387872711408413, 0.06223955098133957], [-0.4122533284646123, 0.006941148613749476, -0.2762800050163043, 0.36994767254852995, -0.47168375287679715, 0.37040889454829307, 0.3663948979141022, -0.028761967157492872, -0.6667839589913174, 0.6352369295052575, 0.11084145510002374]], "inverted": true, "swapped": false, "error_lsq": 0.04517147378589556, "error_max": 0.21023814022391718, "target": "123.xyz", "model": "21.xyz", "model_rescale": 4.08911054899281, "target_rescale": 3.5654443369057307},
{"mapping": [9, 8, 14, 13, 15, 10, 4, 1, 11, 0, 16], "R": [[0.7800489575645982, 0.6149217701593538, -0.11573608074611266], [-0.5666780171184808, 0.6158242721644468, -0.5473906198756026], [-0.26532932125389097, 0.49257657516087444, 0.8288357309417428]], "T": [-0.16169477560543605, 0.06319084135219052, 0.038228740372991184], "aligned_model": [[-0.7314687716482355, 0.17858520888726798, -0.4729578924581939, -0.4260695342718228, 0.09740943277266856, -0.8001281729725447, 0.12900406519524238, 0.61542269357591, 0.15288322903863277, 0.22879836121486946, -0.15505675188775792], [-0.048934062987116556, -0.536182173739683, 0.5265483977537212, 0.47961000975732926, 0.3379484532998447, -0.40157407150316227, 0.5662846529007256, -0.06613126969280511, -0.30300954370044453, 0.027678224525756162, 0.08154918270790863], [-0.3744857018541252, -0.0374253341596791, -0.27837453339367757, 0.47803668617786244, -0.5853739230047011, 0.20415577891639639, 0.4238230694371879, -0.058531850541310375, -0.5557670401169928, 0.7063105933832726, 0.08164024087919874]], "inverted": true, "swapped": false, "error_lsq": 0.04734495411024983, "error_max": 0.22611841030556523, "target": "123.xyz", "model": "22.xyz", "model_rescale": 4.204369325754507, "target_rescale": 3.5654443369057307},
{"mapping": [11, 12, 9, 5, 7, 10, 8, 4, 13, 1, 15], "R": [[-0.9725078616969844, -0.21250505859421343, -0.09523685741050604], [-0.05539366116245305, 0.6083343255097535, -0.7917454709119672], [0.2261857671043394, -0.7647031767152949, -0.6033813473094427]], "T": [-0.04562151137749659, -0.06716600974746217, 0.07246402662926833], "aligned_model": [[-0.6912806878105, 0.25407922844073044, -0.34683564891847274, -0.5245930291623051, 0.21224842543164296, -0.7311845757169781, 0.1116974111392307, 0.6617322456904408, -0.16657088942158962, 0.11531956433414683, -0.07819017656030977], [-0.024722171179771296, -0.5221073241215122, 0.4820555113262586, 0.5733908420759628, 0.41850218557787144, -0.39585834231430284, 0.6410975127163359, 0.013653242878237326, -0.20605717687664887, -0.24847838284881055, -0.06768809791154654], [-0.2446100189110625, 0.014611375545572083, -0.37097211431038213, 0.29947910870939637, -0.3671438084701834, 0.2721354373814226, 0.28667349164261935, -0.09422112382803897, -0.5736089855111602, 0.6862581431606792, 0.0954064803145692]], "inverted": false, "swapped": false, "error_lsq": 0.04606464240909331, "error_max": 0.21582151763434068, "target": "123.xyz", "model": "23.xyz", "model_rescale": 4.410303926677745, "target_rescale": 3.5654443369057307},
{"mapping": [10, 15, 1, 3, 7, 8, 0, 13, 11, 5, 16], "R": [[-0.343637804661568, 0.9383819462933223, 0.03677474783237275], [0.0031531878439802763, 0.040312184822303365, -0.9991821581479892], [-0.9390969686958842, -0.3432408055951522, -0.016811685239510377]], "T": [-0.010340472877879217, -0.04855409742602542, -0.0029682133411818813], "aligned_model": [[-0.6382286277403746, 0.09089470970367845, -0.3776117709007668, -0.6138755628937371, 0.2682999615453376, -0.6390547671828068, 0.11531444631186315, 0.6647332787366438, -0.11070400263454676, 0.13916239709602896, -0.0825081945952836], [-0.10807466045049821, -0.7232529772023121, 0.6194587522622406, 0.5412563844317123, 0.45310328413045314, -0.5039420674760551, 0.6212654409748879, -0.03889966113020867, -0.10244396292017696, -0.13889833999635576, 0.04421560669838646], [-0.164206279058418, 0.2064286592979572, -0.3969301098112373, 0.3086725658331022, -0.3385725585404605, 0.2673035020210144, 0.3225136422913162, -0.1988478844917131, -0.6256595742115311, 0.6012576079639742, 0.02204841442942741]], "inverted": false, "swapped": false, "error_lsq": 0.04466343560630432, "error_max": 0.22097335166533108, "target": "123.xyz", "model": "24.xyz", "model_rescale": 4.28219845311461, "target_rescale": 3.5654443369057307},
{"mapping": [9, 14, 1, 4, 8, 13, 0, 6, 11, 2, 15], "R": [[0.7116304839396728, -0.7007995445982009, 0.04961907515000019], [0.31895723842342716, 0.385199804289728, 0.865960386410635], [-0.6259779024734725, -0.6004174456710175, 0.4976450105736039]], "T": [-0.26320716897942065, 0.019471893050384242, -0.07333545725598803], "aligned_model": [[-0.8204251989616187, 0.2247862917529842, -0.20732829182286203, -0.4934000461386026, 0.20913340287427307, -0.5104488534360434, 0.16361087218872106, 0.6182936558943537, -0.1977997054844718, 0.058543161489264084, -0.22854342090996166], [-0.1097792075027571, -0.5589125095376006, 0.6247186982025702, 0.47269025808154885, 0.29121028296680096, -0.3620778473211902, 0.5395672760899825, 0.1675219475911318, -0.34209883480675995, -0.124995353702272, 0.06594308926061936], [-0.43344086397383985, 0.013142806024326964, -0.274410703836628, 0.4522622272227087, -0.5034501960820169, 0.30903583092663744, 0.3880551845109318, 0.04170632671122396, -0.4751632110568005, 0.5135086138965784, -0.027238028619690595]], "inverted": true, "swapped": false, "error_lsq": 0.04734673361650395, "error_max": 0.2608484152105973, "target": "123.xyz", "model": "25.xyz", "model_rescale": 4.100010024507729, "target_rescale": 3.5654443369057307},
{"mapping": [1, 7, 0, 6, 10, 2, 4, 9, 8, 5, 11], "R": [[0.0145803736682256, 0.74106089497856, -0.6712794966608697], [-0.9815653908183049, 0.1385607231725792, 0.1316446335465299], [0.1905696624633711, 0.6569852935397167, 0.7294199941193888]], "T": [-0.1918219877433621, -0.02264798139454629, -0.03159686218014921], "aligned_model": [[-0.7748998039729768, 0.21891278026205177, -0.4180419760487992, -0.47438328209806746, 0.18939724523420912, -0.7177548784110016, 0.19000696029466072, 0.6301437398749395, -0.08511711196314334, 0.1410746050365599, -0.0829164107623965], [-0.0019363313099373392, -0.5432376205478114, 0.6121800182570329, 0.3093913626374658, 0.29102883168815485, -0.4126371405455368, 0.6267420372374863, 0.012076456828539535, -0.24774242146012063, -0.008032741184920172, 0.02595534772172091], [-0.43001604034540547, 0.10566065001194844, -0.3775121750579033, 0.4483938951166564, -0.44545808998092395, 0.31345434654597804, 0.4137556256017325, -0.0813709332404188, -0.592671181224523, 0.641569108135243, 0.008202780161047661]], "inverted": false, "swapped": false, "error_lsq": 0.03502457649193299, "error_max": 0.16583513881730602, "target": "123.xyz", "model": "26.xyz", "model_rescale": 3.6694154284099745, "target_rescale": 3.5654443369057307},
{"mapping": [5, 2, 7, 8, 3, 4, 9, 12, 6, 10, 13], "R": [[0.5837029232035512, -0.5275229673052249, 0.617260412151241], [0.7090266492381432, 0.701611555526985, -0.07086914576270491], [-0.3956919358715315, 0.4790206092815791, 0.7835605578190779]], "T": [-0.15330050922529173, 0.021449686577857327, -0.0012294683167450627], "aligned_model": [[-0.8612531569100064, 0.11797933371438316, -0.33219092937214084, -0.5381718605181203, 0.23636444033070694, -0.601580719863168, 0.20026570445042277, 0.6258980208588925, 0.18294863620279148, -0.08141277425801322, -0.132424827189712], [0.03672773579997031, -0.598908554654643, 0.541159484265143, 0.3339735815022901, 0.5374037468004692, -0.4228516464936289, 0.542739508531584, -0.006029050458202949, -0.23314581312294302, -0.035699431353577615, -0.03158176149438773], [-0.3541432390445519, 0.0595368509137879, -0.3078700861187055, 0.40195789567838747, -0.4857744663931516, 0.5252415643814345, 0.2597521202001912, -0.14897040063747755, -0.5428087104737677, 0.5932929044948841, 0.003793552722400403]], "inverted": false, "swapped": false, "error_lsq": 0.04447914541006382, "error_max": 0.232636348132006, "target": "123.xyz", "model": "27.xyz", "model_rescale": 4.103607728864725, "target_rescale": 3.5654443369057307},
{"mapping": [8, 5, 13, 2, 10, 1, 3, 9, 6, 0, 14], "R": [[0.9488776634510687, 0.3002141145804158, -0.09748161472984225], [-0.288290525106784, 0.9500393028353551, 0.11964069626079321], [0.12852919099292248, -0.08542135842287704, 0.9880199585979501]], "T": [-0.12017313536499888, 0.17525975777776914, -0.16567851402052447], "aligned_model": [[-0.8567140026115054, 0.07950085902684606, -0.5949677645891307, -0.46205265038451837, 0.3004435207324708, -0.49678027298197425, 0.15132514755034784, 0.626600885613397, 0.18886350880206212, 0.04856966487954262, -0.1683670285915014], [-0.13428803710591342, -0.5206679706912523, 0.5372323095527699, 0.45089226697455476, 0.4077468115180577, -0.32126165364921355, 0.5368550053531775, -0.1459773023455463, -0.21286046460378993, -0.05992386133963051, 0.12604069565885967], [-0.34998177054366214, -0.06101093024492428, -0.41750874408656424, 0.42463142433049383, -0.33540380607299175, 0.4781338685610582, 0.4335446596566175, -0.06945357521524825, -0.5595392868734703, 0.48693643650246143, -0.02634029029033816]], "inverted": true, "swapped": false, "error_lsq": 0.04891535401823521, "error_max": 0.23317889871117378, "target": "123.xyz", "model": "28.xyz", "model_rescale": 4.137296879288765, "target_rescale": 3.5654443369057307},
{"mapping": [9, 7, 6, 4, 5, 8, 2, 1, 0, 3, 10], "R": [[0.0045270912633808, 0.8514470473235541, 0.5244210436745408], [-0.4994246867738904, -0.45241400025612044, 0.7388481268928391], [0.8663454782507349, -0.2652536483750161, 0.42318555544612924]], "T": [-0.12302579817235802, 0.04056964198092189, 0.012279780807180094], "aligned_model": [[-0.7272966807669962, 0.1144714424221198, -0.46888122395200926, -0.5916485854638354, 0.22578463067407534, -0.48991328132040723, 0.4785564400739829, 0.5779251096637876, 0.026540619860325812, -0.12681111933145978, -0.20230548441354748], [-0.307291909094126, -0.6355723164980589, 0.5306962454170878, 0.5963701479632391, 0.5715019355043622, -0.41648812294425885, 0.38452814149121867, -0.09358270419297071, -0.09306469673162132, 0.060370263012854225, 0.06632081539434735], [-0.34076873991034806, 0.033240157189478786, -0.38307798125129966, 0.27894144576707974, -0.21052132299077891, 0.4304252724804437, 0.375474545785006, -0.2277825834017185, -0.65875829000618, 0.6945277794946664, 0.012307702567082166]], "inverted": true, "swapped": false, "error_lsq": 0.06303701437424097, "error_max": 0.3501678575467299, "target": "123.xyz", "model": "29.xyz", "model_rescale": 3.607286011436655, "target_rescale": 3.5654443369057307},
{"mapping": [0, 8, 2, 1, 7, 9, 13, 5, 6, 11, 14], "R": [[0.10549621779207868, -0.9815016714222236, -0.15976550637402154], [-0.9913226535919553, -0.09113139953047972, -0.09473365027813707], [0.07842158189535955, 0.16837320753313845, -0.9825988593917825]], "T": [0.04141738896560179, -0.026994706881172927, 0.031628529753349184], "aligned_model": [[-0.7819978450343078, 0.04432690586948994, -0.35483253111040036, -0.5840133558758112, 0.33934386003379835, -0.5418328398148262, 0.0968151314284059, 0.7500249876299293, -0.12674230255209684, 0.05004654671198139, -0.0747166898401269], [-0.0609739393229459, -0.6917054123165783, 0.5799986002273021, 0.27054731758591777, 0.4850568945597889, -0.4148647208028764, 0.6546969268793271, -0.09554523564157119, 0.007136885832303742, 0.003802852110370715, -0.0743623697889651], [-0.4216803575226787, 0.184272514488862, -0.32147863423023915, 0.27298135434534676, -0.46670061833659365, 0.3836701904069519, 0.2926306924696541, -0.23980714532487818, -0.4370934763238022, 0.6177241797576015, 0.13948928599320723]], "inverted": true, "swapped": false, "error_lsq": 0.05202105574446794, "error_max": 0.27828212955365184, "target": "123.xyz", "model": "30.xyz", "model_rescale": 3.964800864290218, "target_rescale": 3.5654443369057307},
