[{"mapping": [3, 9, 6, 8, 7, 1, 4, 5, 10, 11], "R": [[0.1334764597610406, -0.9337958675357085, 0.331977879478276], [-0.8663808433979001, 0.05270637969335745, 0.4965946754977976], [-0.48121540798565726, -0.353902974433464, -0.8019877903087704]], "T": [0.01840088513853505, -0.13856094283309883, -0.012888991328813909], "aligned_model": [[-0.6428682028051573, -0.15839333614005982, 0.47739806124606954, -0.053782267247930504, 0.7493759793990626, 0.667715270642073, -0.6095240970640485, 0.45740355051202974, -0.09328339755844603, 0.044234339486550464], [-0.015614149496716523, -0.015623215177069077, -0.2379108945020188, -0.6690998011229549, 0.4292648822693529, -0.37073271770531935, -0.3569876155526679, 0.36396462850274536, 0.5272689649393196, -0.12367126907079404], [-0.1599936959624297, -0.5812080415719253, -0.5647999142898011, -0.354095091871079, -0.21252003546660622, 0.149492212170238, 0.4457486348141789, 0.4804983235450683, -0.09008031777873376, 0.049905802562108914]], "inverted": false, "swapped": false, "error_lsq": 0.054511982550127555, "error_max": 0.22900393355709872, "target": "124.xyz", "model": "0.xyz", "model_rescale": 3.751011558992144, "target_rescale": 3.7528090670811625},
{"mapping": [9, 13, 2, 5, 0, 8, 10, 1, 12, 14], "R": [[-0.2967546920808294, -0.3044656556629797, -0.9051172947467774], [0.9283257513730396, 0.13028741752065143, -0.3481903045368746], [0.22393738425214793, -0.9435707993349052, 0.24397990609227338]], "T": [0.07176780555544165, 0.03386672035273387, 0.06313363058513935], "aligned_model": [[-0.5182086277153284, -0.1344866382751492, 0.5235253047044575, -0.06196417160896453, 0.7296275598771262, 0.4642524431790682, -0.48317257136044306, 0.5705664027670672, -0.2785891013186049, 0.02672530022091435], [-0.14779185498814623, -0.021911934104211953, -0.23301644012353118, -0.4762650387164309, 0.3743334932984299, -0.49826897200115294, -0.38256975588911146, 0.2504738478538603, 0.6073446848536559, 0.05853078290051596], [-0.16733890904706175, -0.6310205629537927, -0.5759490265140311, -0.27148166145680963, -0.10059614270989184, 0.11975223435080168, 0.5002555671801722, 0.49898551043798756, -0.25364415606465274, 0.04398502292829749]], "inverted": false, "swapped": false, "error_lsq": 0.04454036953900549, "error_max": 0.19146712856599388, "target": "124.xyz", "model": "1.xyz", "model_rescale": 3.9405287249114394, "target_rescale": 3.7528090670811625},
{"mapping": [11, 9, 8, 5, 4, 2, 0, 1, 3, 12], "R": [[-0.325312090247999, 0.18244303638889267, 0.927839739616535], [-0.9296193886922228, 0.1179624992018033, -0.349131266072752], [-0.1731468628245281, -0.9761144334837316, 0.1312279567727788]], "T": [0.02958550172464524, 0.09834554881279035, -0.03984952202601001], "aligned_model": [[-0.5941673031263766, -0.03241301307611106, 0.4215661452330846, -0.1679878924158225, 0.6384123356923226, 0.3499587092505667, -0.3256345204257546, 0.4777247162476154, -0.028191339580582737, 0.09900806267120113], [-0.15461460714862274, -0.2544320842602914, 0.13094941312584965, -0.6009537236866968, 0.4403204654459245, -0.4766202193086604, -0.29141990723980404, 0.0770006109399864, 0.6153769497905092, 0.0452519154256826], [-0.2734258199965947, -0.7624041793744448, -0.7076653149332516, -0.044492989076866676, -0.10371472786976783, 0.13606239033263007, 0.6119415590785581, 0.6127927769343068, -0.27678842887901944, -0.02935739006453089]], "inverted": true, "swapped": false, "error_lsq": 0.058981929623164564, "error_max": 0.3279677712690185, "target": "124.xyz", "model": "2.xyz", "model_rescale": 3.932901565614263, "target_rescale": 3.7528090670811625},
{"mapping": [2, 4, 7, 0, 9, 3, 1, 11, 12, 13], "R": [[-0.5359053840917725, 0.5493076222356723, 0.6411447227071607], [0.4099850984877162, -0.4945341805263901, 0.7663864321013975], [0.7380498887741043, 0.6735703975419972, 0.039815590359159714]], "T": [0.14538576769629405, -0.014173557238103762, -0.02743685340266059], "aligned_model": [[-0.6297968176199537, -0.2564221367434796, 0.5415536827049472, -0.11205005008559601, 0.6258503021619242, 0.3964804130796825, -0.37918798603564385, 0.48946238196564285, 0.051840564955129204, 0.11054554608749075], [-0.2289371815027243, -0.24998648594160477, -0.11717840244866204, -0.6192615714658417, 0.4723888986478047, -0.426863703276642, -0.30305787723889094, 0.1646906638699418, 0.7435140121625555, 0.09555046027794097], [-0.24461972172666777, -0.7664693798341912, -0.6124014098742366, -0.15606664740043263, -0.29614440266736586, 0.13786227092562914, 0.40860998750485056, 0.777129845067878, -0.04442662619015371, -0.04052603965429083]], "inverted": false, "swapped": false, "error_lsq": 0.043952531665452724, "error_max": 0.2504509545787877, "target": "124.xyz", "model": "3.xyz", "model_rescale": 3.9243930471874484, "target_rescale": 3.7528090670811625},
{"mapping": [11, 6, 3, 10, 0, 4, 9, 7, 5, 12], "R": [[0.8218577688373363, -0.294766097757667, -0.487506672174272], [-0.5695701474953856, -0.40739673897392487, -0.7138751600633662], [0.011817566746179717, 0.8643730934533591, -0.5027121447011901]], "T": [0.06499618470170226, -0.10963762473473548, 0.020715349835521424], "aligned_model": [[-0.6917602941286847, -0.10976261543145546, 0.5072952381525853, -0.0638837050594411, 0.5364816322076709, 0.5601805470494057, -0.4851842197035032, 0.6059253609303474, -0.08968765185037908, 0.06867160830359714], [-0.1830355016238997, 0.00371729906878987, -0.1512581861354528, -0.7616285310455541, 0.5696917832187176, -0.4142246949933929, -0.09680358581887591, -0.006559524941661399, 0.5662570243807492, 0.0047027309744573365], [-0.1985253051623949, -0.6707515964187638, -0.484846364052918, -0.2147109690459185, -0.17811971156034828, 0.14065880883859705, 0.4621042960388733, 0.6035440472757083, -0.2840180316333751, -0.012387298128440812]], "inverted": false, "swapped": false, "error_lsq": 0.051428855929925486, "error_max": 0.2679208570653395, "target": "124.xyz", "model": "4.xyz", "model_rescale": 3.8936222436046832, "target_rescale": 3.7528090670811625},
{"mapping": [8, 3, 2, 10, 1, 4, 7, 5, 9, 11], "R": [[-0.8886773281763793, -0.13285991456055865, -0.4388631329791247], [0.021500640506892568, -0.9681235551200158, 0.2495486014378266], [-0.45802874237659497, 0.21233234592200714, 0.8632060275694163]], "T": [0.0010647133959260646, 0.02332968175312157, -0.09776962309145383], "aligned_model": [[-0.7146880798876021, -0.15176283363613102, 0.5192374588671025, -0.08242009225022871, 0.6345219605856275, 0.5865518241702262, -0.2875796896891033, 0.460603389282785, -0.26104661143908814, 0.13485857446655497], [-0.044010773837855705, -0.03628349866688598, -0.28921924551685074, -0.5990630333490669, 0.5147803211707287, -0.46205809422185773, -0.20746541423700748, 0.0672476355893709, 0.5642133701183041, 0.022717546034998214], [-0.268139891267713, -0.6485618179431644, -0.534769209861711, -0.1693586927809982, -0.11557277337219639, 0.13076516410313604, 0.43436340503464305, 0.5686133566895821, -0.24191688416486928, 0.007525219714310041]], "inverted": false, "swapped": false, "error_lsq": 0.04065262192288986, "error_max": 0.1711830645745948, "target": "124.xyz", "model": "5.xyz", "model_rescale": 3.6523030999806103, "target_rescale": 3.7528090670811625},
{"mapping": [2, 1, 5, 3, 8, 7, 4, 9, 6, 12], "R": [[-0.43297534042374547, -0.7640913636214535, -0.47822248234901044], [-0.7993430019721854, 0.5706752712825989, -0.18809704927145268], [0.41663307571895536, 0.30082241071043925, -0.8578594042331898]], "T": [0.08570124165071133, -0.014875837520708188, -0.013522060879070902], "aligned_model": [[-0.6566437994159057, -0.19116386399382243, 0.5922352795311466, -0.06810709084241387, 0.5244705964963178, 0.4852508090925244, -0.3524589733692848, 0.5159034744942118, -0.14042781931104995, 0.1292172877884194], [-0.04379020945695762, -0.024180915492153718, -0.13139634452318402, -0.67982271375117, 0.4659163756727037, -0.5416033315987155, -0.22392793242168546, 0.23163448648226936, 0.5804742786575681, -0.10244488048479762], [-0.16940481588568776, -0.6504160825136197, -0.45369222104803575, -0.14325005167140129, -0.1867946889754956, 0.1589202478405318, 0.2921647879025885, 0.5126162994379235, -0.1440913873963451, -0.05310421153943929]], "inverted": false, "swapped": false, "error_lsq": 0.04328359667359784, "error_max": 0.20465063305305126, "target": "124.xyz", "model": "6.xyz", "model_rescale": 4.08911054899281, "target_rescale": 3.7528090670811625},
{"mapping": [9, 1, 13, 11, 7, 12, 8, 5, 6, 14], "R": [[0.6333000644481435, 0.7711185674834092, 0.06562913417311178], [0.13656031635244797, -0.027875216007654913, -0.9902394924109248], [-0.7617626325619395, 0.636081069687553, -0.12295757161493463]], "T": [0.03613128304499823, 0.032987374668684274, -0.027587939346020614], "aligned_model": [[-0.686116539883269, -0.22020220559527676, 0.5250324305088245, -0.003541785996662876, 0.6627870773224451, 0.5870976665483862, -0.44753905174306535, 0.5154700500788274, -0.003721570930059717, -0.0909901698400062], [-0.2101730175308345, -0.06662214486365474, -0.20701431267618753, -0.5413380379231021, 0.48126988946252625, -0.41223916722188, -0.14297759475575927, 0.1543522905829341, 0.5268367807346771, -0.05123587272484213], [-0.211404189575822, -0.7075270138780244, -0.516739634050017, -0.1420756286459915, -0.10264969369576796, 0.0512237898353921, 0.4199031891318977, 0.5520724208537637, -0.08814766698563423, -0.09170769683877764]], "inverted": false, "swapped": false, "error_lsq": 0.049787386537042344, "error_max": 0.28437521756761996, "target": "124.xyz", "model": "7.xyz", "model_rescale": 3.964800864290218, "target_rescale": 3.7528090670811625},
{"mapping": [7, 8, 5, 1, 10, 3, 2, 6, 9, 13], "R": [[-0.9883168813547383, -0.07700361387878196, 0.13153016946256837], [0.06952029929187997, 0.5402227372631621, 0.8386455282956348], [-0.1356343246218004, 0.837991549834188, -0.5285579366454392]], "T": [0.0420078052144569, -0.026256311357164067, 0.10098987372878115], "aligned_model": [[-0.6086968000395866, -0.11101570477621045, 0.5230734478711656, -0.2423080362340776, 0.6096083253627571, 0.6781132183150673, -0.3892898043227866, 0.34977473289662503, -0.01999838957850624, 0.0490149109756957], [-0.1551187037195051, 0.11002758823286372, -0.15650223449582784, -0.6354746640464399, 0.40455558396533214, -0.34775298228207296, -0.3408422958321546, 0.09655835962698502, 0.5556163829262788, -0.00020822129158200656], [-0.15752737037216147, -0.6400014119891768, -0.5703390843308469, -0.23238287893761744, -0.30811252590149424, 0.2350513883804874, 0.4929423684694736, 0.5771221011558614, -0.261551332540573, 0.02774662221706624]], "inverted": false, "swapped": false, "error_lsq": 0.04595898319785257, "error_max": 0.2552718516855784, "target": "124.xyz", "model": "8.xyz", "model_rescale": 4.121658175737393, "target_rescale": 3.7528090670811625},
{"mapping": [0, 4, 9, 5, 6, 7, 10, 8, 1, 12], "R": [[0.6158142676133345, -0.5948764856347348, 0.5166185775238048], [0.3581924707568054, -0.37264164444253045, -0.856058618740739], [0.7017627388918477, 0.7122219960560287, -0.016397763169974544]], "T": [0.07407189201804286, -0.039308222936128394, 0.11384247910920398], "aligned_model": [[-0.6555539969873257, -0.14477562104848873, 0.5862747711645017, -0.13792607524813238, 0.5689875262957905, 0.580079154924151, -0.42117301771199045, 0.5831997909409938, -0.16586219580813477, 0.04502556394877805], [0.0520027692756967, 0.043325239550668644, -0.2191517099479589, -0.5436103912492153, 0.36311564706788024, -0.4753719977674496, -0.5408220865686583, 0.32236283042435404, 0.5017219897228166, 0.027286522575743287], [-0.16567962720207774, -0.7425484331620332, -0.5174216081066383, -0.1733057251085921, -0.15688911101729847, 0.20879480651265786, 0.39614932381231804, 0.48872401963463435, -0.23921510571622862, 0.06433933650427731]], "inverted": false, "swapped": false, "error_lsq": 0.05073472428800181, "error_max": 0.23031534775000082, "target": "124.xyz", "model": "9.xyz", "model_rescale": 3.833441315466971, "target_rescale": 3.7528090670811625},
{"mapping": [13, 0, 1, 5, 12, 4, 2, 7, 10, 14], "R": [[-0.2235710169457037, -0.27235332242049143, 0.9358630605747744], [-0.9383880100166759, -0.19945131896399693, -0.2822182028510296], [0.2635221869953399, -0.9412984856728719, -0.21098155803565233]], "T": [0.1800265177715739, 0.04727358096212743, 0.040015153135001175], "aligned_model": [[-0.5340721144612863, -0.10729188625781111, 0.4122577335921489, -0.06868423636083196, 0.5895382900180759, 0.5325879964897284, -0.3647359033157686, 0.4190385377304074, -0.19273255460256705, 0.15237003763804746], [-0.19508583712062494, 0.049463242184961335, -0.17116434324977214, -0.5380875515639352, 0.34876235672657196, -0.6488173855723819, -0.31305732990007595, 0.2494598255272063, 0.7233208640123996, 0.026064972039528296], [-0.21885083019305765, -0.5774524992917496, -0.6262899335770237, -0.19005115637968206, -0.28313293024219954, 0.20454584973402365, 0.3400914670551546, 0.6281545529422955, -0.24241163129414126, 0.12834498739739877]], "inverted": true, "swapped": false, "error_lsq": 0.03918277087863799, "error_max": 0.15299798333416834, "target": "124.xyz", "model": "10.xyz", "model_rescale": 4.2482417240324, "target_rescale": 3.7528090670811625},
{"mapping": [9, 10, 0, 4, 1, 6, 5, 2, 8, 11], "R": [[-0.2979510060336104, -0.7034919871368905, 0.6452319133751433], [0.5913556439075016, -0.6666360535672369, -0.4537564043658714], [0.74934885095148, 0.2463643564286221, 0.6146388398557378]], "T": [0.09418437073155529, 0.0814873905233353, 0.0004032831719629759], "aligned_model": [[-0.6817957386103419, -0.16352782992607062, 0.5055029146408861, -0.11165502663493053, 0.6782916338904756, 0.43485849227026935, -0.25343447452021606, 0.4726120764791907, -0.04402335954800492, 0.0014472124288854166], [-0.05989587399549519, 0.05437534325934949, -0.11565246740335015, -0.7555274023927285, 0.4331988373706012, -0.4256603619268793, -0.43117456827462, 0.2358235729126273, 0.5952977687978086, 7.396473656400004e-05], [-0.2387128905985317, -0.5893862734156823, -0.6044044613111961, -0.15084472231480822, -0.18470294859725694, 0.2177151287798302, 0.42528564894959625, 0.6174365891715317, -0.3057916668569835, -0.023646527655480833]], "inverted": false, "swapped": false, "error_lsq": 0.03992405151930585, "error_max": 0.19675168721065955, "target": "124.xyz", "model": "11.xyz", "model_rescale": 3.6694154284099745, "target_rescale": 3.7528090670811625},
{"mapping": [0, 5, 7, 6, 10, 11, 4, 8, 12, 13], "R": [[-0.004888029662231841, -0.3565747517328418, -0.934254009139208], [0.6421229866205981, -0.7173224195271307, 0.270419334547636], [-0.7665860533687424, -0.5985841568822259, 0.23247113780022327]], "T": [0.09955394969056437, 0.02337700697936934, -0.011562305381396881], "aligned_model": [[-0.5976009774573497, -0.14948737432020287, 0.555078839196605, -0.040878292901511584, 0.5348343745780182, 0.4152323800073244, -0.30820698917615197, 0.5412138845689771, -0.09081572119608512, -0.021094222829480272], [-0.08359482942730392, -0.09251101315074721, -0.06509928614588079, -0.48281173937803595, 0.4544950720427792, -0.5736342699424617, -0.3325742949053718, 0.09688964494740433, 0.5885754306510396, 0.021124098392455548], [-0.1267573495223177, -0.7659621848895841, -0.5919366148273513, -0.2211012558305882, -0.17948178904610276, 0.2866881141790547, 0.4931240696787824, 0.5984624853388382, -0.33725945082798614, 0.007171851898273997]], "inverted": true, "swapped": false, "error_lsq": 0.04642644657431412, "error_max": 0.17545790673581224, "target": "124.xyz", "model": "12.xyz", "model_rescale": 3.9764082729961374, "target_rescale": 3.7528090670811625},
{"mapping": [11, 3, 7, 8, 4, 2, 10, 9, 6, 15], "R": [[-0.012647925795196913, 0.12601961915123033, -0.9919471183294288], [0.9264125642094134, 0.374803751601438, 0.03580375204397945], [0.37629747653687295, -0.9184994302526629, -0.12148664855660135]], "T": [0.08301122107960629, 0.1065469788216983, 0.08471392274079062], "aligned_model": [[-0.6203494931420854, -0.1251137951280793, 0.5812942608846748, -0.12263093672859288, 0.5699299319230207, 0.48924707301975134, -0.4408621528782531, 0.48114086445812343, -0.07520639162652182, 0.1008265396881056], [-0.16297380639893194, -0.18368992579271826, -0.15573512115485827, -0.5322582004149743, 0.4643555913564318, -0.5799009602419458, -0.4096780272140289, 0.14362637299582387, 0.8174272547417671, 0.1296856352073121], [-0.16665622419996493, -0.6774474539649593, -0.419226362608077, -0.1373042804789884, -0.30354744232890596, 0.08931538553640125, 0.40908304913799787, 0.53373177551348, -0.14610034466183713, -0.01890022579412741]], "inverted": false, "swapped": false, "error_lsq": 0.044422364603120205, "error_max": 0.2131708410410101, "target": "124.xyz", "model": "13.xyz", "model_rescale": 4.170626492500431, "target_rescale": 3.7528090670811625},
{"mapping": [6, 3, 1, 11, 0, 10, 5, 8, 2, 13], "R": [[0.7542840548091453, -0.6312653034267527, 0.18044301413522384], [0.265433433814676, 0.041829707807814476, -0.9632213493055806], [0.6005003387792756, 0.7744381138827319, 0.19911039875338632]], "T": [0.17953373974124293, 0.006364110426307613, -0.029789089483574553], "aligned_model": [[-0.6529490922737988, -0.11381933599576838, 0.6685964099215754, -0.16459650906837103, 0.5336539976786201, 0.4931744400102813, -0.5220470661681682, 0.580277893536902, -0.08413744601447781, 0.10012260884334909], [-0.06182611117201071, -0.08768057362267456, -0.05197377872429148, -0.6012492439631597, 0.43918880081615863, -0.39907171707820266, -0.36929684483848996, 0.14741866183368085, 0.5722594181313025, -0.056909798298435545], [-0.1288430904561525, -0.6466952207447624, -0.6198982871926783, -0.13951618072798183, -0.23744273581606168, 0.20596418384536452, 0.41053243829501124, 0.5793611625321244, -0.2375682360695244, -0.022946157514319714]], "inverted": false, "swapped": false, "error_lsq": 0.04154991639156559, "error_max": 0.166218575070399, "target": "124.xyz", "model": "14.xyz", "model_rescale": 3.9786697098870705, "target_rescale": 3.7528090670811625},
{"mapping": [2, 0, 1, 4, 6, 10, 5, 7, 9, 11], "R": [[-0.913491606380771, 0.055174720732141705, 0.40309903902640193], [0.20804523245598394, -0.7880899329342466, 0.5793370684325581], [0.3496430555927204, 0.6130823825554157, 0.7084347012082065]], "T": [0.032976858776593204, 0.03321401085996685, -0.07328464744162448], "aligned_model": [[-0.7825144292793892, -0.1983093387314486, 0.5525404182943361, -0.10263190514541293, 0.6749379867306251, 0.5896222008381938, -0.34750540659748164, 0.37470666122319773, -0.015083064762990081, 0.09251277790051261], [-0.23299548050725055, 0.01490839688339625, -0.16516288160950288, -0.5618254514467237, 0.4915091823749931, -0.5521243393115207, -0.31433435268734744, 0.10697322596302429, 0.6347647637482976, 0.10914574967651158], [-0.20727674451393402, -0.7290111036853505, -0.462350718498651, -0.12281273580022832, -0.14544514055188346, 0.1263298998151608, 0.5424287343045769, 0.48765770761625665, -0.22573530666642533, -0.10083671586850249]], "inverted": false, "swapped": false, "error_lsq": 0.042382884458079015, "error_max": 0.21827755409490313, "target": "124.xyz", "model": "15.xyz", "model_rescale": 3.769337070930944, "target_rescale": 3.7528090670811625},
{"mapping": [0, 4, 6, 5, 8, 7, 1, 9, 2, 10], "R": [[0.4918199116062802, 0.1712531835304471, 0.8536893590049474], [-0.4901539322874601, 0.8648063069684425, 0.10889983512725927], [-0.7196264984078414, -0.47199830355446326, 0.5092693827739677]], "T": [0.08069677306437117, -0.041428961061247896, -0.015232306233928752], "aligned_model": [[-0.5534068014833904, -0.22183929283507292, 0.4231967799889918, -0.04812949657444293, 0.696085231429645, 0.4400598311644169, -0.3130724187706525, 0.39006284943903563, -0.028852386664280028, 0.054171604775892765], [0.030708387086343422, -0.12957803265808798, -0.003902258870037846, -0.6522163569840143, 0.38043383450621343, -0.6098396723771708, -0.47578417920367366, 0.3617536575083724, 0.6185145734654036, 0.010768860610529084], [-0.11612320953961282, -0.7284883574134376, -0.6577215445708349, -0.2609831368555146, -0.08467680762496706, 0.22746906936482636, 0.5301206202590427, 0.6192092511881692, -0.3298739612396089, -0.035984047417043585]], "inverted": false, "swapped": false, "error_lsq": 0.05431099183803985, "error_max": 0.25948358909915487, "target": "124.xyz", "model": "16.xyz", "model_rescale": 3.7852294659196426, "target_rescale": 3.7528090670811625},
{"mapping": [3, 0, 9, 8, 10, 11, 2, 6, 4, 12], "R": [[0.2309299581032731, 0.9728041319132379, 0.017985421400460853], [-0.9427668209909716, 0.22829307606179372, -0.24304936260114174], [-0.24054537137304832, 0.03917132056461347, 0.9698471693809425]], "T": [-0.045441613038532086, -0.0026749835764770663, 0.034448341151625705], "aligned_model": [[-0.7627301700613343, -0.16863588574052535, 0.5161668158032214, 0.027826149767996328, 0.6485703812962856, 0.41971271344097216, -0.33003043670697507, 0.610777206362117, -0.16473391284878292, 0.04135303915716794], [-0.18988684298676922, 0.13534498609949747, -0.2763915288573296, -0.5654455434044764, 0.36428270073616414, -0.5063240777783676, -0.4061396604529135, 0.3323028179885694, 0.6578314450900035, -0.014715483350500304], [-0.25355203527667564, -0.6224540982431381, -0.562993715457426, -0.2851248792168462, -0.14705781555511716, 0.2950267686936755, 0.39543653623045855, 0.5289783902134105, -0.1920186321266581, 0.006707356889335856]], "inverted": false, "swapped": false, "error_lsq": 0.04751123257290844, "error_max": 0.22545088274690306, "target": "124.xyz", "model": "17.xyz", "model_rescale": 3.901054581598922, "target_rescale": 3.7528090670811625},
{"mapping": [9, 13, 2, 5, 0, 8, 10, 1, 12, 14], "R": [[-0.2967546920808294, -0.3044656556629797, -0.9051172947467774], [0.9283257513730396, 0.13028741752065143, -0.3481903045368746], [0.22393738425214793, -0.9435707993349052, 0.24397990609227338]], "T": [0.07176780555544165, 0.03386672035273387, 0.06313363058513935], "aligned_model": [[-0.5182086277153284, -0.1344866382751492, 0.5235253047044575, -0.06196417160896453, 0.7296275598771262, 0.4642524431790682, -0.48317257136044306, 0.5705664027670672, -0.2785891013186049, 0.02672530022091435], [-0.14779185498814623, -0.021911934104211953, -0.23301644012353118, -0.4762650387164309, 0.3743334932984299, -0.49826897200115294, -0.38256975588911146, 0.2504738478538603, 0.6073446848536559, 0.05853078290051596], [-0.16733890904706175, -0.6310205629537927, -0.5759490265140311, -0.27148166145680963, -0.10059614270989184, 0.11975223435080168, 0.5002555671801722, 0.49898551043798756, -0.25364415606465274, 0.04398502292829749]], "inverted": false, "swapped": false, "error_lsq": 0.04454036953900549, "error_max": 0.19146712856599388, "target": "124.xyz", "model": "18.xyz", "model_rescale": 3.9405287249114394, "target_rescale": 3.7528090670811625},
{"mapping": [14, 12, 4, 13, 0, 7, 11, 5, 1, 15], "R": [[0.6258189294941812, -0.2981023538424922, 0.7207535321594498], [-0.21007160350482715, 0.8255118854188743, 0.5238320803779456], [-0.7511461834341358, -0.4792338820093393, 0.45399812493730723]], "T": [0.06101650940083082, 0.0221528068437023, -0.06008764051034611], "aligned_model": [[-0.6637041673189132, -0.11666384332862358, 0.5479467223515205, -0.1647351916640522, 0.6003435006659019, 0.5726426569742451, -0.3226993263846567, 0.2857180019188437, 0.05731597291240746, 0.04211157434347011], [-0.22368952901638353, 0.015973146980805986, -0.13681621810086925, -0.6093780180467236, 0.3807828757373583, -0.45789558004707176, -0.3110660457742954, 0.17446596538984765, 0.6541377175224696, 0.044344498438739235], [-0.17874870703984724, -0.5782869904397999, -0.5819045101495393, -0.09926457315567987, -0.2907066512927373, -0.001625855521385583, 0.4507357688271727, 0.7257702243435613, -0.2500897528235697, -0.03293107659715595]], "inverted": true, "swapped": false, "error_lsq": 0.042166510697221056, "error_max": 0.1968141792464125, "target": "124.xyz", "model": "19.xyz", "model_rescale": 4.410303926677745, "target_rescale": 3.7528090670811625},
{"mapping": [7, 8, 5, 1, 10, 3, 2, 6, 9, 13], "R": [[-0.9883168813547383, -0.07700361387878196, 0.13153016946256837], [0.06952029929187997, 0.5402227372631621, 0.8386455282956348], [-0.1356343246218004, 0.837991549834188, -0.5285579366454392]], "T": [0.0420078052144569, -0.026256311357164067, 0.10098987372878115], "aligned_model": [[-0.6086968000395866, -0.11101570477621045, 0.5230734478711656, -0.2423080362340776, 0.6096083253627571, 0.6781132183150673, -0.3892898043227866, 0.34977473289662503, -0.01999838957850624, 0.0490149109756957], [-0.1551187037195051, 0.11002758823286372, -0.15650223449582784, -0.6354746640464399, 0.40455558396533214, -0.34775298228207296, -0.3408422958321546, 0.09655835962698502, 0.5556163829262788, -0.00020822129158200656], [-0.15752737037216147, -0.6400014119891768, -0.5703390843308469, -0.23238287893761744, -0.30811252590149424, 0.2350513883804874, 0.4929423684694736, 0.5771221011558614, -0.261551332540573, 0.02774662221706624]], "inverted": false, "swapped": false, "error_lsq": 0.04595898319785257, "error_max": 0.2552718516855784, "target": "124.xyz", "model": "20.xyz", "model_rescale": 4.121658175737393, "target_rescale": 3.7528090670811625},
{"mapping": [2, 1, 5, 3, 8, 7, 4, 9, 6, 12], "R": [[-0.43297534042374547, -0.7640913636214535, -0.47822248234901044], [-0.7993430019721854, 0.5706752712825989, -0.18809704927145268], [0.41663307571895536, 0.30082241071043925, -0.8578594042331898]], "T": [0.08570124165071133, -0.014875837520708188, -0.013522060879070902], "aligned_model": [[-0.6566437994159057, -0.19116386399382243, 0.5922352795311466, -0.06810709084241387, 0.5244705964963178, 0.4852508090925244, -0.3524589733692848, 0.5159034744942118, -0.14042781931104995, 0.1292172877884194], [-0.04379020945695762, -0.024180915492153718, -0.13139634452318402, -0.67982271375117, 0.4659163756727037, -0.5416033315987155, -0.22392793242168546, 0.23163448648226936, 0.5804742786575681, -0.10244488048479762], [-0.16940481588568776, -0.6504160825136197, -0.45369222104803575, -0.14325005167140129, -0.1867946889754956, 0.1589202478405318, 0.2921647879025885, 0.5126162994379235, -0.1440913873963451, -0.05310421153943929]], "inverted": false, "swapped": false, "error_lsq": 0.04328359667359784, "error_max": 0.20465063305305126, "target": "124.xyz", "model": "21.xyz", "model_rescale": 4.08911054899281, "target_rescale": 3.7528090670811625},
{"mapping": [6, 7, 12, 10, 3, 9, 8, 15, 4, 16], "R": [[-0.6143401011574765, -0.1798850121206042, -0.7682627301413182], [0.00812198086887643, 0.972172747507632, -0.23412428842439115], [0.7889995396301491, -0.15007175423054123, -0.5957836814193394]], "T": [0.05174631650787683, 0.019120468630025422, 0.059320065936092264], "aligned_model": [[-0.6267608727430221, -0.19373934314692312, 0.5074467983855449, -0.02753166734761673, 0.6440924516861191, 0.4954856456090957, -0.4704842078413292, 0.4534132802469975, 0.020267969377838674, 0.036085846243438705], [-0.2117802759628482, -0.1118023033454828, -0.20303421791610327, -0.6726570990882774, 0.5600147221507354, -0.5381858722707404, -0.22035771569356738, 0.20484964484653856, 0.6749712201835691, 0.048840710180053884], [-0.1453185639280421, -0.5951967074865073, -0.47729326980589004, -0.3484718016783731, -0.27360377812160086, 0.06657690843941322, 0.44750494035948074, 0.6386950233140452, -0.1755439185663671, 0.0255990436248604]], "inverted": true, "swapped": false, "error_lsq": 0.04002489826547658, "error_max": 0.19630382990138673, "target": "124.xyz", "model": "22.xyz", "model_rescale": 4.204369325754507, "target_rescale": 3.7528090670811625},
{"mapping": [14, 12, 4, 13, 0, 7, 11, 5, 1, 15], "R": [[0.6258189294941812, -0.2981023538424922, 0.7207535321594498], [-0.21007160350482715, 0.8255118854188743, 0.5238320803779456], [-0.7511461834341358, -0.4792338820093393, 0.45399812493730723]], "T": [0.06101650940083082, 0.0221528068437023, -0.06008764051034611], "aligned_model": [[-0.6637041673189132, -0.11666384332862358, 0.5479467223515205, -0.1647351916640522, 0.6003435006659019, 0.5726426569742451, -0.3226993263846567, 0.2857180019188437, 0.05731597291240746, 0.04211157434347011], [-0.22368952901638353, 0.015973146980805986, -0.13681621810086925, -0.6093780180467236, 0.3807828757373583, -0.45789558004707176, -0.3110660457742954, 0.17446596538984765, 0.6541377175224696, 0.044344498438739235], [-0.17874870703984724, -0.5782869904397999, -0.5819045101495393, -0.09926457315567987, -0.2907066512927373, -0.001625855521385583, 0.4507357688271727, 0.7257702243435613, -0.2500897528235697, -0.03293107659715595]], "inverted": true, "swapped": false, "error_lsq": 0.042166510697221056, "error_max": 0.1968141792464125, "target": "124.xyz", "model": "23.xyz", "model_rescale": 4.410303926677745, "target_rescale": 3.7528090670811625},
{"mapping": [1, 7, 13, 0, 14, 5, 3, 8, 11, 16], "R": [[0.5189794163060291, -0.33479737203718274, -0.7864929021470248], [-0.8288566869772607, 0.027804277439156366, -0.5587696436002636], [0.20894247510674463, 0.9418798446899066, -0.2630691929192484]], "T": [0.21979197625808813, -0.0002819541077300966, -0.039638280115339986], "aligned_model": [[-0.6302743893120178, -0.14375403672752393, 0.4939579264865255, -0.11619695251419679, 0.6429380865237594, 0.5847312659621673, -0.4394658311148182, 0.34151660990150856, -0.01452222523716759, 0.11934544650190654], [0.040991142662282855, -0.09934692529851932, -0.04923929924975119, -0.6630359309440333, 0.4425569958199636, -0.46361236946767526, -0.39597968052929766, 0.22551347345213926, 0.5434627393512892, -0.05045133271252097], [-0.14926973171469324, -0.5873164014672259, -0.6851015508915477, -0.17474718809806597, -0.3277199071042984, 0.17887092898257267, 0.42732364269714307, 0.7413266395269474, -0.2636026744363136, 0.0031841186565006036]], "inverted": true, "swapped": false, "error_lsq": 0.0410096754324031, "error_max": 0.227529246100991, "target": "124.xyz", "model": "24.xyz", "model_rescale": 4.28219845311461, "target_rescale": 3.7528090670811625},
{"mapping": [0, 6, 14, 2, 11, 13, 4, 9, 8, 15], "R": [[0.2826981660218307, -0.049210381319834184, 0.9579457632341458], [-0.7654645817298138, -0.6134158176893539, 0.1943836637315561], [0.5780533894417496, -0.7882254582153877, -0.2110803306233135]], "T": [0.15001727520092417, 0.03605639449107899, 0.07948608491081158], "aligned_model": [[-0.5912710544867206, -0.2708602245191079, 0.5043254426425829, -0.0042195681664086715, 0.5895033661041071, 0.4378030039012936, -0.36611200410851713, 0.5428257072468863, -0.08688029362566688, 0.08316152548169428], [-0.1923617341566337, 0.06637637853284728, -0.17477846345581943, -0.5292849178916803, 0.30949484277138356, -0.4700753901375728, -0.3429775892904182, 0.27710864309705385, 0.5766752287890397, 0.010681814825677292], [-0.1732409275152146, -0.7168429700395544, -0.5609504927869912, -0.2746046111676642, -0.08951232381924953, 0.19749645683640943, 0.43246254192169553, 0.5739241831945762, -0.2859682553496219, 0.060184274876633345]], "inverted": false, "swapped": false, "error_lsq": 0.039845119013160415, "error_max": 0.21640261961950652, "target": "124.xyz", "model": "25.xyz", "model_rescale": 4.100010024507729, "target_rescale": 3.7528090670811625},
{"mapping": [9, 10, 0, 4, 1, 6, 5, 2, 8, 11], "R": [[-0.2979510060336104, -0.7034919871368905, 0.6452319133751433], [0.5913556439075016, -0.6666360535672369, -0.4537564043658714], [0.74934885095148, 0.2463643564286221, 0.6146388398557378]], "T": [0.09418437073155529, 0.0814873905233353, 0.0004032831719629759], "aligned_model": [[-0.6817957386103419, -0.16352782992607062, 0.5055029146408861, -0.11165502663493053, 0.6782916338904756, 0.43485849227026935, -0.25343447452021606, 0.4726120764791907, -0.04402335954800492, 0.0014472124288854166], [-0.05989587399549519, 0.05437534325934949, -0.11565246740335015, -0.7555274023927285, 0.4331988373706012, -0.4256603619268793, -0.43117456827462, 0.2358235729126273, 0.5952977687978086, 7.396473656400004e-05], [-0.2387128905985317, -0.5893862734156823, -0.6044044613111961, -0.15084472231480822, -0.18470294859725694, 0.2177151287798302, 0.42528564894959625, 0.6174365891715317, -0.3057916668569835, -0.023646527655480833]], "inverted": false, "swapped": false, "error_lsq": 0.03992405151930585, "error_max": 0.19675168721065955, "target": "124.xyz", "model": "26.xyz", "model_rescale": 3.6694154284099745, "target_rescale": 3.7528090670811625},
{"mapping": [12, 6, 1, 3, 0, 7, 9, 8, 2, 13], "R": [[-0.46894679887431534, 0.3861857992348793, -0.7943232517652055], [-0.8803888317101721, -0.27641825397067277, 0.3853679460876359], [-0.07074181808188773, 0.8800303843283607, 0.4696191199614289]], "T": [0.13582990043817295, 0.07085917957539249, 0.07120325875811095], "aligned_model": [[-0.5808879082044636, -0.051841853428505114, 0.5826714093116183, -0.12194487527878073, 0.5206304275431074, 0.383450498120664, -0.2747998501256283, 0.40510586256076814, -0.13874861267400812, 0.11464080264537124], [-0.08387387591075525, -0.03815710961328389, -0.1456172908395444, -0.6670479910130709, 0.4777202602929724, -0.5040608244430906, -0.2807422408929549, 0.06555449229432576, 0.5915042689307303, 0.11557912427854855], [-0.23228657249141715, -0.580014979082728, -0.6589455325167516, -0.1334339639843445, -0.27997469964792154, 0.13662155360899314, 0.4866827222059491, 0.6507026193667746, -0.268892282627775, 0.04248901132023962]], "inverted": false, "swapped": false, "error_lsq": 0.038314710684092555, "error_max": 0.16934970769518445, "target": "124.xyz", "model": "27.xyz", "model_rescale": 4.103607728864725, "target_rescale": 3.7528090670811625},
{"mapping": [9, 0, 1, 5, 2, 7, 6, 13, 3, 14], "R": [[-0.9184225084403695, -0.30089966139880775, 0.25682579652399146], [-0.16867882549213525, 0.8850905668862222, 0.43377660407128904], [-0.35783732312420063, 0.35506912310014926, -0.8636425001122848]], "T": [0.06734827593747046, 0.05626201329524641, 0.1711809402483218], "aligned_model": [[-0.6571616661372339, 0.0038979115932133296, 0.5381332121339427, -0.11950769636895818, 0.5026648679890895, 0.3398980750379931, -0.3049327075389047, 0.4987343110614253, -0.100374588818934, 0.13692418151851027], [-0.16694327387338878, 0.06176267525886883, -0.22173811598222867, -0.5515517600572051, 0.489640857842331, -0.6092286650120077, -0.4200113754984719, 0.28350136353238864, 0.612392145886554, 0.05303496098703682], [-0.1376696217843011, -0.5398996001718124, -0.5387051802295053, -0.1904648435212984, -0.23379183416457566, 0.11714382652266986, 0.360489659859121, 0.5979606250477938, -0.30433895295141433, 0.032223797544341404]], "inverted": true, "swapped": false, "error_lsq": 0.046908834268223884, "error_max": 0.2559470366076128, "target": "124.xyz", "model": "28.xyz", "model_rescale": 4.137296879288765, "target_rescale": 3.7528090670811625},
{"mapping": [1, 5, 6, 0, 4, 9, 7, 8, 2, 10], "R": [[0.07783644410926417, 0.9571889540314954, 0.27880242869910143], [-0.5425334633605509, 0.27528484265677255, -0.7936470856353234], [-0.8364203064861779, -0.0894849802119223, 0.5407342315907515]], "T": [0.10082137821125456, 0.012672380052175962, -0.024820213390442714], "aligned_model": [[-0.6252975331482249, -0.10864840465457479, 0.5366451665361415, -0.12448462544023173, 0.7174922536776887, 0.5651806804391775, -0.30591467102439274, 0.3606955653376698, -0.3612957521992697, 0.1839032209461596], [-0.12817739085223606, 0.11472346388631327, -0.1828969477710949, -0.60833886165037, 0.40522533619817747, -0.5620216965487798, -0.22262574089306447, 0.1114815185469562, 0.5940713327810347, 0.009417799386941185], [-0.1657869984574994, -0.6564103762224032, -0.5614374759732675, -0.25741983670234947, -0.2802593857010264, 0.22991763814137706, 0.5166710655935192, 0.6393002869640424, -0.27087323940938657, -0.030753802081986574]], "inverted": false, "swapped": false, "error_lsq": 0.04481023436272797, "error_max": 0.26742784383835305, "target": "124.xyz", "model": "29.xyz", "model_rescale": 3.607286011436655, "target_rescale": 3.7528090670811625},
{"mapping": [9, 1, 13, 11, 7, 12, 8, 5, 6, 14], "R": [[0.6333000644481435, 0.7711185674834092, 0.06562913417311178], [0.13656031635244797, -0.027875216007654913, -0.9902394924109248], [-0.7617626325619395, 0.636081069687553, -0.12295757161493463]], "T": [0.03613128304499823, 0.032987374668684274, -0.027587939346020614], "aligned_model": [[-0.686116539883269, -0.22020220559527676, 0.5250324305088245, -0.003541785996662876, 0.6627870773224451, 0.5870976665483862, -0.44753905174306535, 0.5154700500788274, -0.003721570930059717, -0.0909901698400062], [-0.2101730175308345, -0.06662214486365474, -0.20701431267618753, -0.5413380379231021, 0.48126988946252625, -0.41223916722188, -0.14297759475575927, 0.1543522905829341, 0.5268367807346771, -0.05123587272484213], [-0.211404189575822, -0.7075270138780244, -0.516739634050017, -0.1420756286459915, -0.10264969369576796, 0.0512237898353921, 0.4199031891318977, 0.5520724208537637, -0.08814766698563423, -0.09170769683877764]], "inverted": false, "swapped": false, "error_lsq": 0.049787386537042344, "error_max": 0.28437521756761996, "target": "124.xyz", "model": "30.xyz", "model_rescale": 3.964800864290218, "target_rescale": 3.7528090670811625},
{"mapping": [0, 3, 4, 2, 6, 10, 9, 7, 1, 11], "R": [[-0.4737691984190356, -0.8479733207932574, 0.23766361491031787], [-0.8790909106688996, 0.4393366168800782, -0.18488512067684618], [0.05236332121541862, -0.2965207990870501, -0.9535897956144811]], "T": [0.0523726555870226, 0.0031735424649315946, -0.0791070396638432], "aligned_model": [[-0.6200231686449273, -0.1929123678553128, 0.6062028328486709, -0.12105373687117026, 0.6027723428707242, 0.4973889483076459, -0.2446808535661596, 0.31189000350114715, -0.09724927581869387, 0.09594117569821892], [0.06096448981797528, -0.0615703857631424, -0.2809061397038387, -0.583644673364733, 0.3683658084483764, -0.3805878939552666, -0.44472408045448597, 0.2842245759976013, 0.5614617417856579, 0.007275370275733155], [-0.1514775449531065, -0.7235145551910093, -0.6451957807973798, -0.2514825828788956, -0.21670080295125732, 0.16054011097131743, 0.47201741788057433, 0.6360377156528354, -0.13531319502541914, 0.01803709344335952]], "inverted": true, "swapped": false, "error_lsq": 0.04508676263394, "error_max": 0.2448688556702272, "target": "124.xyz", "model": "31.xyz", "model_rescale": 3.5958979899826287, "target_rescale": 3.7528090670811625},
{"mapping": [10, 4, 2, 6, 1, 9, 5, 8, 3, 12], "R": [[0.29963890290434675, -0.9535113740694354, 0.032133897779405174], [-0.37275507068146424, -0.14800889761219185, -0.9160496839740084], [0.8782198956682412, 0.26250604897381213, -0.3997754233374313]], "T": [0.07848511896003195, 0.09010819633325194, -0.060991611907742924], "aligned_model": [[-0.582310533652383, -0.10202211858349515, 0.4240131545465452, -0.043845375061903266, 0.7381694882441795, 0.4239947025881341, -0.3986831178366748, 0.6130282470817779, -0.28507989607751494, 0.051011349221478], [-0.09291973313575204, -0.09494909599255881, -0.056879161401498915, -0.5912806104610414, 0.42797383958323054, -0.5243041959558621, -0.24538092486470625, 0.17857362543826383, 0.5308644571644399, -0.0008393872906370808], [-0.30443673141729904, -0.7504416954550176, -0.48653687774768334, -0.26335213244828654, -0.08958982843035496, 0.18137489042935556, 0.6319073145173894, 0.4579913030201598, -0.20379565540548467, -0.010172710911759489]], "inverted": false, "swapped": false, "error_lsq": 0.05246966467207771, "error_max": 0.24900119581284386, "target": "124.xyz", "model": "32.xyz", "model_rescale": 3.9765860457182933, "target_rescale": 3.7528090670811625},
