[{"mapping": [5, 6, 1, 0, 8, 4, 10, 3, 2, 7, 3, 11], "R": [[-0.3931592643904155, -0.4365866709374998, 0.8092081756777416], [-0.8871854292179037, 0.4112918904831403, -0.2091434794734197], [-0.2415115049173258, -0.8001443992071156, -0.5490365501585962]], "T": [0.04759346440701206, 0.03047884666904494, 0.01041818540158073], "aligned_model": [[-0.4372075517772104, -0.3357534326790636, -0.14086836697654215, 0.1968305158122281, 0.37016724262264183, 0.7364799695410326, -0.3853373467266612, 0.32676000801614596, 0.5577897779287686, -0.8778928133457976, 0.32676000801614596, 0.03993429074293446], [-0.2849936914415983, 0.6090479044486626, 0.4882804219355264, -0.15896216767907234, 0.5066252027993388, -0.38467247850708647, -0.45579277047922107, -0.3660420175264246, 0.4400961777812661, 0.14839775189044277, -0.3660420175264246, 0.006830998846281321], [-0.5846712069880692, 0.21888278510483927, -0.49631686895526933, -0.5593465016159062, 0.2793685448412868, -0.06329224121686877, 0.2050259270050806, 0.499161226246085, -0.45933026782390196, -0.15136435799741754, 0.499161226246085, -0.054500011124795876]], "inverted": true, "swapped": false, "error_lsq": 0.05827843082231876, "error_max": 0.4701100425185259, "target": "125.xyz", "model": "0.xyz", "model_rescale": 3.751011558992144, "target_rescale": 3.636273717892296},
{"mapping": [6, 8, 4, 11, 5, 9, 7, 12, 10, 1, 13, 14], "R": [[0.1972981755292455, -0.5753428204461281, -0.7937594527902805], [0.9161187068689008, 0.396445492590378, -0.059644667235434434], [0.34899848833151725, -0.7154100994295979, 0.6053002930582876]], "T": [-0.0387525386166539, 0.052777186711859464, 0.07174924263238552], "aligned_model": [[-0.32865844589516563, -0.18413085586508326, -0.24723794693071274, 0.27303629734926177, 0.4007443464379032, 0.6144471064276644, -0.4361547957387278, 0.15789302219776813, 0.4128494665448682, -0.710048617610685, 0.4280138877188619, -0.0030911634613301486], [-0.2713085430484986, 0.6871484177967081, 0.6183735959454438, -0.47054317987728234, 0.4168935307546152, -0.021614891703963315, -0.4724029812393542, -0.6532164401652507, 0.3294043168997277, 0.10172660219611704, -0.0929386244320782, 0.011251511415506302], [-0.5403363314182204, 0.20158197419797158, -0.44031374791858563, -0.4436675834479255, 0.3254179695655636, 0.027188455865942485, -0.005284912274774123, 0.19372721727574616, -0.5543392558300742, -0.10894685164423407, 0.6087764336843977, 0.06897488566534025]], "inverted": true, "swapped": false, "error_lsq": 0.03959123334373905, "error_max": 0.19459319715287143, "target": "125.xyz", "model": "1.xyz", "model_rescale": 3.9405287249114394, "target_rescale": 3.636273717892296},
{"mapping": [3, 1, 4, 10, 2, 9, 6, 11, 8, 7, 5, 12], "R": [[0.7266256461981865, 0.6164284305188759, 0.3033663797046463], [-0.27298086023771967, -0.14616652193312304, 0.9508505654464579], [0.6304733303090169, -0.7737256218544204, 0.06206481978583321]], "T": [-0.042985997832576756, 0.03449111512206091, 0.020180642760607527], "aligned_model": [[-0.2555567209308302, -0.4060780921111774, -0.1454920025088942, 0.3161883829254949, 0.2939848867502366, 0.6941599219591371, -0.40720885061939427, 0.19863766063532448, 0.45492989302433706, -0.7889265975190681, 0.42466059390404776, -0.001636774334591154], [-0.14398938404186393, 0.6651384174971456, 0.556711673009507, -0.4530069801022457, 0.44728396493555833, -0.21778944271240072, -0.3283317128755698, -0.6039317549132653, 0.19138103436510073, 0.047694338480408445, -0.08680843088409887, 0.10842159178341498], [-0.4795773763532163, 0.3327097509052316, -0.43640881157209355, -0.5670386439390879, 0.44470662972481967, -0.1880296359559352, 0.19641061291624715, 0.2242603715962431, -0.5526675823233502, -0.24872110470200823, 0.5630152084917953, 0.044118834932502564]], "inverted": true, "swapped": false, "error_lsq": 0.04876712937107975, "error_max": 0.3125336635106827, "target": "125.xyz", "model": "2.xyz", "model_rescale": 3.932901565614263, "target_rescale": 3.636273717892296},
{"mapping": [1, 7, 3, 10, 9, 12, 2, 6, 11, 0, 5, 13], "R": [[0.39884858980317955, -0.10379257309937506, 0.9111239784910868], [-0.6996089659976504, 0.6078994439213954, 0.3755070715389489], [-0.5928466050402196, -0.787200970432246, 0.1698456212058962]], "T": [-0.033692055375470153, 0.1360796682387888, -0.08592558831241008], "aligned_model": [[-0.3481894547050449, -0.1561089924731409, -0.28873612893767714, 0.422513518506171, 0.4911173190364203, 0.6244234551570712, -0.529369840159593, 0.12040362673953253, 0.447246955350214, -0.7004320029836109, 0.24262611770225684, 0.05216772794202339], [-0.31557280472276283, 0.5969265008444997, 0.48299543152225766, -0.31629420215088544, 0.47122329337369595, -0.17824751198035316, -0.5157106510767878, -0.48598249538669713, 0.3352493065298141, 0.08477162988068085, -0.04790250950086816, 0.07131732720909714], [-0.5817784398669842, 0.44546582838158516, -0.36031117796219986, -0.4027532955117982, 0.3040062139936836, 0.14037555779938243, 0.06793397913889766, 0.15068685011982874, -0.8116926456473729, -0.128064128941432, 0.5517251869210462, -0.04281567470348876]], "inverted": false, "swapped": false, "error_lsq": 0.05071364535720784, "error_max": 0.2714044161205272, "target": "125.xyz", "model": "3.xyz", "model_rescale": 3.9243930471874484, "target_rescale": 3.636273717892296},
{"mapping": [5, 10, 11, 1, 8, 7, 3, 2, 9, 6, 4, 12], "R": [[0.16352419531842177, 0.8104535063763656, -0.5625166233523395], [-0.22156722968308984, 0.5857960538812237, 0.7795838287110295], [0.9613364656955565, -0.0028455683863615744, 0.27536176652639155]], "T": [0.018853479323925473, 0.07312821000269458, -0.06429537616060269], "aligned_model": [[-0.3223390957630413, -0.22079574963231308, -0.32400154502178086, 0.40861122874083067, 0.48820602112086753, 0.6826559838770185, -0.4032749130335049, 0.19099533019897727, 0.36007095838654307, -0.694541799040919, 0.22769964683818458, -0.015623765496240425], [-0.2994417545689923, 0.5776743300283819, 0.6537951954897165, -0.31377707968157104, 0.4359915198553017, -0.3281425576858559, -0.28057231021228907, -0.7459947938166666, 0.5181839743760975, 0.04839174222462726, -0.07356950529988722, -0.009765446167172107], [-0.6285668958915384, 0.3659710289265453, -0.4783127255963936, -0.5209719505174316, 0.1463578431069605, 0.13884685199459637, 0.3225598069894432, 0.3238014907487251, -0.4922946639602822, -0.17371109123536593, 0.4716433592184378, -0.14254480006254838]], "inverted": false, "swapped": false, "error_lsq": 0.055791812872599544, "error_max": 0.2808500885408218, "target": "125.xyz", "model": "4.xyz", "model_rescale": 3.8936222436046832, "target_rescale": 3.636273717892296},
{"mapping": [6, 1, 5, 7, 2, 10, 9, 8, 4, 6, 3, 11], "R": [[-0.11909147486289794, -0.856251716985182, 0.5026432311042374], [0.8764364039751309, 0.14722815150076884, 0.4584573057470108], [-0.4665580889901291, 0.49513318265452044, 0.7329165580284596]], "T": [0.08870974847208171, -0.044056655485831986, 0.05003461021465939], "aligned_model": [[-0.5678685986674598, -0.37297825800519235, -0.1569626551050983, 0.1449363803834852, 0.5207133445588588, 0.7029899453386309, -0.38218239691693423, 0.2043327469620265, 0.48122623123944874, -0.5678685986674598, 0.31418420240833045, 0.057139957645986256], [-0.09693244450235683, 0.5941838830577997, 0.39867935406210503, -0.3483442222821312, 0.4821973605213283, -0.13145805228702132, -0.2973635196698721, -0.755813115151311, 0.5308636162236502, -0.09693244450235683, -0.18329657458988452, 0.08698947366174137], [-0.39798062737342, 0.20037411532101546, -0.5830536561566608, -0.5191711258291217, 0.3559562807915423, -0.07033247440509535, 0.3600864829544249, 0.2109597191177805, -0.33209375936849705, -0.39798062737342, 0.559991027834083, -0.0539771017914834]], "inverted": true, "swapped": false, "error_lsq": 0.0595315058537684, "error_max": 0.4265385785676008, "target": "125.xyz", "model": "5.xyz", "model_rescale": 3.6523030999806103, "target_rescale": 3.636273717892296},
{"mapping": [3, 5, 7, 4, 8, 10, 1, 2, 9, 0, 6, 12], "R": [[-0.1967825790902319, 0.6697196398512901, -0.7160671899787443], [-0.4983508728092827, -0.6972882822473604, -0.5152042886183615], [-0.844347691497302, 0.2554694804433283, 0.47096955360744197]], "T": [0.11390993446085866, 0.044214624658676996, -0.06876764163281378], "aligned_model": [[-0.41664037851590435, -0.33021966783009926, -0.14826298885544603, 0.23411674697362905, 0.27401446501575893, 0.8468207616432132, -0.33641387146632934, 0.04245556990420489, 0.6299904932617686, -0.8788580374540825, 0.4384896020296563, 0.022169606468252778], [-0.17672941659192254, 0.5260269868073338, 0.39471502485063514, -0.4045655120504319, 0.5233062560831209, -0.218571075578453, -0.24781449471359945, -0.7010265497575032, 0.5091721666441885, 0.02627838135538059, -0.12603254383796308, 0.07801409133090526], [-0.4590762361885728, 0.11699907776641415, -0.5933940681900776, -0.40533607902377106, 0.37681158887658806, -0.11835026779109091, 0.37202973726972416, 0.056617764015991626, -0.2691128840499314, -0.104176335688884, 0.4681573094468646, -0.10839135272210731]], "inverted": false, "swapped": false, "error_lsq": 0.057453423318582164, "error_max": 0.33350383131551137, "target": "125.xyz", "model": "6.xyz", "model_rescale": 4.08911054899281, "target_rescale": 3.636273717892296},
{"mapping": [4, 9, 8, 5, 11, 12, 6, 7, 10, 3, 13, 14], "R": [[0.3132661651279286, 0.5940591291610192, 0.7409170404616786], [-0.5157699920920712, -0.5486663890994677, 0.6579867086270788], [0.7973992883389013, -0.5882677490165533, 0.13451925670182335]], "T": [-0.0014080648791414754, -0.00041747076017944855, 0.0585590439742795], "aligned_model": [[-0.2959769261005489, -0.34749054909426413, -0.19641893338476724, 0.2786170728400824, 0.3714226155170837, 0.7058580931028298, -0.38180480631400976, 0.11969422062636953, 0.4340160100429232, -0.7652785435630309, 0.4895676983117053, -0.03454365080975063], [-0.1628939512672893, 0.6885249581419131, 0.4491104905006453, -0.4463101536753852, 0.43772799187047323, -0.07797095038616586, -0.31902402157430126, -0.7572006790534289, 0.2982968245197431, 0.07935425276808183, -0.15813422902251864, 0.15129278171992355], [-0.560860094398923, 0.2004835016472435, -0.41582934805734667, -0.4921376667035103, 0.17499314674754676, 0.01658336551019838, 0.11269915237403971, 0.16765705783414997, -0.4317985227825379, -0.13272556122527504, 0.5781384377862432, 0.11557478498931961]], "inverted": false, "swapped": false, "error_lsq": 0.04128040361051901, "error_max": 0.24908346500518244, "target": "125.xyz", "model": "7.xyz", "model_rescale": 3.964800864290218, "target_rescale": 3.636273717892296},
{"mapping": [8, 0, 5, 9, 6, 11, 7, 12, 10, 1, 4, 13], "R": [[0.407744188276114, -0.7532058128459316, -0.516164392826697], [0.8789202593684775, 0.17054632613514967, 0.44543588574951165], [-0.247474957518335, -0.6352912356839996, 0.7315471216978409]], "T": [-0.005054892219148663, 0.11696137094494066, 0.05049023506557402], "aligned_model": [[-0.264168509879152, -0.31824974472627576, -0.18982484005385097, 0.2915249241353497, 0.41862669430779315, 0.785198319851897, -0.48521425887769254, 0.13495856086497582, 0.40963592083247014, -0.7546832965137302, 0.3611820557174073, -0.011323524484568963], [-0.23769424861050018, 0.6371046044791594, 0.4394429326386309, -0.3173739377491719, 0.4064287279332611, -0.1317617458241276, -0.4055485311892386, -0.6240234039348609, 0.27063591944788856, 0.13326268602099864, -0.08119909418171478, 0.09349940551136605], [-0.5804908312653999, 0.4306472730043047, -0.6984666606988891, -0.39363810105061703, 0.32106071692704463, 0.07823904566631121, 0.10779250154351905, 0.09535373515595172, -0.6420050181457633, 0.020300604826941605, 0.6176730301508502, -0.0236880423931057]], "inverted": true, "swapped": false, "error_lsq": 0.04338112380769402, "error_max": 0.25639831255094797, "target": "125.xyz", "model": "8.xyz", "model_rescale": 4.121658175737393, "target_rescale": 3.636273717892296},
{"mapping": [10, 8, 11, 5, 6, 9, 0, 4, 7, 3, 1, 12], "R": [[0.1347401216814986, 0.8287774794316849, -0.5431141585303387], [-0.9867004429366293, 0.061926089672176075, -0.15029103541653252], [-0.09092488943031368, 0.5561412131867018, 0.8260990349088351]], "T": [-0.0019658001336562356, 0.07753629633816485, -0.060779896336159996], "aligned_model": [[-0.43735094171716304, 0.015671497045601092, -0.2727672134601198, 0.15388811555939771, 0.44541214826706904, 0.8264593871330028, -0.3306123807666332, 0.4241130280290414, 0.37074083400398183, -0.7832892448134406, -0.03330944532758114, -0.001293482778533743], [-0.2220508704596298, 0.7769405521262148, 0.4778345820715086, -0.38599596796202984, 0.3598025308910385, -0.004880987563632436, -0.6072317432570778, -0.6131229658282699, 0.3961758660945698, 0.15386190719038317, -0.18965456946157883, 0.041094980700194475], [-0.6059112003113994, 0.1418921304980189, -0.47243503298920864, -0.4383581043827228, 0.38683689759596346, -0.05034354393705604, 0.1439355161500971, 0.29918473177880256, -0.5242121996647596, -0.1407303021623561, 0.5736949517489879, 0.019224409396780655]], "inverted": true, "swapped": false, "error_lsq": 0.05597956867540534, "error_max": 0.34973133812731, "target": "125.xyz", "model": "9.xyz", "model_rescale": 3.833441315466971, "target_rescale": 3.636273717892296},
{"mapping": [11, 0, 12, 7, 5, 3, 8, 9, 6, 10, 2, 14], "R": [[-0.8247084805450481, 0.31462316079630176, -0.469966157087532], [-0.03291835238395632, -0.85627284256082, -0.5154737638029108], [-0.5645992421119639, -0.40964507293919433, 0.7165323509955698]], "T": [0.05569945318715667, 0.1574897210345107, -0.09368854445305341], "aligned_model": [[-0.3140588775425277, -0.29999636763042775, -0.1928822068771262, 0.21031708494469187, 0.3694477432095229, 0.7598602503562791, -0.3963881485234322, 0.17355284085293618, 0.4277305114947765, -0.7589116427470304, 0.29823319458632763, 0.10075791905063239], [-0.2176527336792301, 0.646723890899918, 0.44466670797241054, -0.3878023764692278, 0.5090096699524367, -0.3392651840271648, -0.43890135042904005, -0.5850947666773523, 0.5054718109109185, 0.08855330830278957, -0.12106470790616658, 0.07812904569139895], [-0.527144420605306, 0.21928648936382628, -0.5614027667766079, -0.44392259923853633, 0.39152371578754536, 0.014542623770078533, 0.12424229924481767, 0.2105958359514033, -0.5428332035826879, -0.007603255927923935, 0.5229434927685688, -0.06744995703403]], "inverted": false, "swapped": false, "error_lsq": 0.036896092960083934, "error_max": 0.2244460555396045, "target": "125.xyz", "model": "10.xyz", "model_rescale": 4.2482417240324, "target_rescale": 3.636273717892296},
{"mapping": [8, 2, 1, 10, 6, 4, 7, 9, 0, 3, 5, 11], "R": [[-0.867604179474277, 0.4478919487568472, 0.21599951388269403], [-0.09059676894274675, -0.5694928165118771, 0.8169884683387545], [0.48893272872236826, 0.6892537516620154, 0.5346719111791228]], "T": [0.0055255825279825095, 0.07551655024282121, -0.06946854219024891], "aligned_model": [[-0.3486748551665934, -0.3546911797897824, -0.19071097909018858, 0.24891665946306046, 0.40660475360575, 0.8114423967621534, -0.3740257733411487, 0.16722399227417648, 0.4650817971950436, -0.8053526784306545, 0.2701526770445825, 0.08169549064822396], [-0.16938880347950885, 0.6113233446212094, 0.5630910229752143, -0.34270541836648605, 0.48730590228036075, -0.1281067928250461, -0.356760531866105, -0.7293481433266692, 0.2992437736749774, 0.07317497089067222, -0.10859444621624977, -0.01646156382067794], [-0.5069856808373255, 0.2923494363955863, -0.5416008321071835, -0.4947373174082643, 0.23061005787821742, 0.2041647944570908, 0.2877898226336533, 0.0037253883624145806, -0.6285693300541835, -0.09276208985004743, 0.6089574391460207, -0.030163434894830962]], "inverted": false, "swapped": false, "error_lsq": 0.043768591038191605, "error_max": 0.23940181687786116, "target": "125.xyz", "model": "11.xyz", "model_rescale": 3.6694154284099745, "target_rescale": 3.636273717892296},
{"mapping": [5, 1, 0, 6, 3, 11, 10, 9, 4, 12, 8, 13], "R": [[0.964898430295537, -0.11572352905756714, 0.23575216655562609], [0.253876710695223, 0.18127248663582327, -0.9500983640420816], [0.06721335417744971, 0.9766004046749767, 0.2042890467178527]], "T": [-0.03369992718516554, -0.07224520550652228, -0.0774585073882071], "aligned_model": [[-0.4550495786859846, -0.21462294810476482, -0.15070740226156096, 0.19942540562293748, 0.3759423954310054, 0.6654127068314277, -0.38749419380145866, 0.24817785961330693, 0.47486033134557415, -0.702309330781211, 0.3666313378025462, -0.04260428183719547], [-0.2888479463357475, 0.7276682519092612, 0.4163288667424231, -0.1799955332916507, 0.5332702394436172, -0.30906578165704973, -0.4213854399065735, -0.7200143534499883, 0.44757765499014035, 0.040096265416870586, -0.099069059573487, 0.03621015025387536], [-0.7256240081070341, 0.13201420025652655, -0.5857325389182347, -0.5813407153683846, 0.37728660149344406, -0.09110360090887153, 0.31809111142207447, 0.304151648624811, -0.21467842904139423, -0.031530742363138145, 0.5641123853722287, -0.13286765874087947]], "inverted": false, "swapped": false, "error_lsq": 0.053536735255107624, "error_max": 0.34087240487123216, "target": "125.xyz", "model": "12.xyz", "model_rescale": 3.9764082729961374, "target_rescale": 3.636273717892296},
{"mapping": [5, 14, 13, 9, 8, 1, 4, 0, 12, 6, 7, 15], "R": [[-0.6417852485106025, -0.7602259389028674, -0.10083757540440152], [-0.10694420680323669, -0.041483400566571293, 0.9933992470848064], [-0.759390960853111, 0.6483329771781531, -0.0546783254855312]], "T": [0.09947794473008219, 0.10070778838196814, -0.03555043535723679], "aligned_model": [[-0.3074027768797001, -0.38759149648239427, -0.11934195709885333, 0.28224193715328316, 0.5569417891975427, 0.7149790719275646, -0.3925964525777242, 0.20472974214180864, 0.3326529509293149, -0.6385108837272704, 0.10089306229455669, 0.030667314296494302], [-0.468453805692573, 0.692971695407608, 0.5639885446835315, -0.3512337442201523, 0.38191461661675674, 0.06414397761445328, -0.36158691420068945, -0.6044145093278186, 0.2516829431377245, 0.2293794811935751, -0.3095997042825341, 0.09398073361180946], [-0.49742386395813437, 0.1898267228615137, -0.3701686320996218, -0.3874670457927217, 0.42412595886779875, -0.18768205081497655, 0.20941918981576169, 0.10168125892776841, -0.6100497426490136, -0.185466712793582, 0.599019858486273, 0.046963312870082194]], "inverted": false, "swapped": false, "error_lsq": 0.04914216846255645, "error_max": 0.25599027292098936, "target": "125.xyz", "model": "13.xyz", "model_rescale": 4.170626492500431, "target_rescale": 3.636273717892296},
{"mapping": [8, 1, 0, 4, 3, 6, 10, 12, 2, 7, 11, 13], "R": [[-0.7869316362461148, 0.505287229956794, -0.354151683770673], [-0.31116953657291996, -0.8205979905084574, -0.4793667254644156], [-0.5328340448807742, -0.267027626316215, 0.802984512552964]], "T": [0.055011068043842135, 0.0311853888728816, -0.04056492387992379], "aligned_model": [[-0.4070989396224457, -0.34192799218843206, -0.19286676288548976, 0.23245859360348226, 0.42064722413859196, 0.8724568808325038, -0.3492058141696148, 0.013027650460604709, 0.4308022987465525, -0.7369270136900375, 0.314488229659293, 0.12180794628961418], [-0.4003898661907986, 0.6489263892903996, 0.4407093572387362, -0.3294358208266994, 0.5072240564417526, -0.06525325874548127, -0.263264825111595, -0.6993739618071845, 0.36512409587548295, 0.1363969989584885, -0.14534826674932552, -0.012541583832085111], [-0.4301203536152908, 0.18670123893458168, -0.39652153190333805, -0.6249687648842351, 0.29880359670705303, 0.1325569910526253, 0.2206554593082139, -0.02551338016757189, -0.46506234216267084, -0.17910876059475306, 0.5928126271619447, 0.02254347388458934]], "inverted": false, "swapped": false, "error_lsq": 0.04397624752657167, "error_max": 0.2755086122094587, "target": "125.xyz", "model": "14.xyz", "model_rescale": 3.9786697098870705, "target_rescale": 3.636273717892296},
{"mapping": [2, 9, 0, 4, 6, 10, 8, 5, 1, 3, 7, 11], "R": [[-0.8340252490324059, 0.5386550087954759, 0.11938452779141415], [-0.5365670932008745, -0.8422677733546559, 0.05177598344941647], [0.12844313321621126, -0.020875331559900796, 0.9914971417315669]], "T": [0.06779020758463966, 0.03934090874219252, -0.03265472840634488], "aligned_model": [[-0.49271433094207556, -0.30948523272771034, -0.1975328176981775, 0.2625072318191749, 0.3555927930814064, 0.8693712192124294, -0.30466863820331275, 0.007955247609945704, 0.5610562899584357, -0.8335011109247843, 0.3848497856750102, 0.07423186431428054], [-0.40505392932307793, 0.46893780520162676, 0.35881125608254844, -0.3370067147758048, 0.6525119006041635, -0.17602814744511497, -0.2626216996205667, -0.7506058311497757, 0.4248449656489001, 0.2126870261641206, -0.13329075472144883, 0.12958743787612056], [-0.5247881518383741, 0.21336156523854566, -0.5906403693539853, -0.4746530053676365, 0.3778896630110742, -0.09100744840845121, 0.1730662412760376, 0.0979726555099885, -0.29485176420274584, -0.08532649557761322, 0.5210126248858902, 0.010742738548418201]], "inverted": false, "swapped": false, "error_lsq": 0.04763069539014563, "error_max": 0.2682067166907339, "target": "125.xyz", "model": "15.xyz", "model_rescale": 3.769337070930944, "target_rescale": 3.636273717892296},
{"mapping": [6, 10, 0, 3, 9, 1, 2, 4, 8, 5, 11], "R": [[0.36103023262533396, -0.9238422056107387, 0.12717212848255377], [0.18676771266705994, 0.20523682576911043, 0.9607266348204023], [-0.9136602172775239, -0.3230997129068759, 0.24664059455791637]], "T": [-0.08370098180185172, -0.0003263070322280584, -0.08241378616441218], "aligned_model": [[-0.3272148742702674, -0.4297827595584179, -0.15528942854847666, -0.46986557512126653, 0.37582949702928886, 0.6211541065003319, 0.45509812612176914, 0.13773388084597876, 0.18265213985399464, -0.466085345767384, -0.0016036363943800203], [-0.00821210021758221, -0.602641050679364, 0.7347427310858479, 0.42916856736717357, 0.239416441541651, -0.3223314770513497, 0.3760019755494234, -0.5131768507855345, 0.35617874837125924, -0.08937128797952257, -0.003711199576660062], [-0.6265867834880158, 0.002109293607361021, -0.4686900110928702, 0.18569206168672786, -0.6883498027768202, -0.18681796858193467, -0.0284989662595459, 0.3404263990032902, 0.6311816783547937, 0.5848114888624414, -0.0010597820916504602]], "inverted": true, "swapped": true, "error_lsq": 0.054285152374451105, "error_max": 0.288872558312257, "target": "125.xyz", "model": "16.xyz", "model_rescale": 3.7852294659196426, "target_rescale": 3.636273717892296},
{"mapping": [9, 3, 0, 10, 1, 5, 11, 6, 4, 8, 7, 12], "R": [[-0.9773379368707, 0.12912231264285437, 0.16774380921835794], [-0.18507077458794743, -0.9058660966774694, -0.3809926814044372], [0.10275877357550087, -0.4034030779110229, 0.9092340684252722]], "T": [-0.007371826794833919, 0.09127759843726081, 0.015259972540984622], "aligned_model": [[-0.5516708727998021, -0.22414612833489497, -0.1344253827121291, 0.18611527571451636, 0.37407540964601105, 0.6456186510271464, -0.40592882640458805, 0.4330116079783408, 0.5141114434447634, -0.6554028695015143, 0.23423417732211108, -0.03793018420533827], [-0.23261738293614898, 0.8514762246774327, 0.4510627562860291, -0.4671770560932441, 0.5148727448524832, 0.0531590334681091, -0.4659864834156049, -0.6776172466670988, 0.3237645471065871, 0.10435385354786218, -0.2922790550641705, 0.019761378779454913], [-0.5730361901789855, 0.1024512680751726, -0.5505661401996959, -0.5324134842513731, 0.40167854351315985, 0.08128588744488555, 0.2770635927833845, 0.06276137727082917, -0.4040152385653191, -0.0486985334863194, 0.549991529030638, -0.03372435771522828]], "inverted": false, "swapped": false, "error_lsq": 0.05050406352118688, "error_max": 0.2598240653910827, "target": "125.xyz", "model": "17.xyz", "model_rescale": 3.901054581598922, "target_rescale": 3.636273717892296},
{"mapping": [6, 8, 4, 11, 5, 9, 7, 12, 10, 1, 13, 14], "R": [[0.1972981755292455, -0.5753428204461281, -0.7937594527902805], [0.9161187068689008, 0.396445492590378, -0.059644667235434434], [0.34899848833151725, -0.7154100994295979, 0.6053002930582876]], "T": [-0.0387525386166539, 0.052777186711859464, 0.07174924263238552], "aligned_model": [[-0.32865844589516563, -0.18413085586508326, -0.24723794693071274, 0.27303629734926177, 0.4007443464379032, 0.6144471064276644, -0.4361547957387278, 0.15789302219776813, 0.4128494665448682, -0.710048617610685, 0.4280138877188619, -0.0030911634613301486], [-0.2713085430484986, 0.6871484177967081, 0.6183735959454438, -0.47054317987728234, 0.4168935307546152, -0.021614891703963315, -0.4724029812393542, -0.6532164401652507, 0.3294043168997277, 0.10172660219611704, -0.0929386244320782, 0.011251511415506302], [-0.5403363314182204, 0.20158197419797158, -0.44031374791858563, -0.4436675834479255, 0.3254179695655636, 0.027188455865942485, -0.005284912274774123, 0.19372721727574616, -0.5543392558300742, -0.10894685164423407, 0.6087764336843977, 0.06897488566534025]], "inverted": true, "swapped": false, "error_lsq": 0.03959123334373905, "error_max": 0.19459319715287143, "target": "125.xyz", "model": "18.xyz", "model_rescale": 3.9405287249114394, "target_rescale": 3.636273717892296},
{"mapping": [2, 0, 1, 10, 12, 14, 5, 11, 3, 6, 13, 15], "R": [[-0.02100896373129507, 0.11492067944985773, -0.9931524862163517], [0.7889772827054693, 0.6120332941157056, 0.054130345173223904], [0.6140630837443586, -0.7824375274286512, -0.10352799067743701]], "T": [0.021070804298401087, 0.09863544995707212, 0.17017044851935403], "aligned_model": [[-0.36572612502033414, -0.42848127794581453, -0.1490116479213876, 0.26384239516562286, 0.4132943663709501, 0.7358512742285146, -0.5997587789506944, 0.2038082345862245, 0.4576541177276037, -0.6450813276668722, 0.4784251243552576, 0.012845946245552001], [-0.2596187241489059, 0.6181458220432525, 0.4934793851355681, -0.3618197214165186, 0.4804777299686715, -0.1434740132593217, -0.443531240859984, -0.5983725970938488, 0.3375729837731801, 0.16214564639925477, -0.17901605037330326, 0.07678409437364653], [-0.5207473217096997, 0.19636503957780937, -0.3305187267971307, -0.4188516450982297, 0.14789461497585926, -0.003642237161931905, 0.06113581782751944, 0.1700446793644843, -0.5210114813970899, -0.1622317891659788, 0.5764542356209182, 0.13788706768461773]], "inverted": true, "swapped": false, "error_lsq": 0.04216416187525754, "error_max": 0.2264410128860803, "target": "125.xyz", "model": "19.xyz", "model_rescale": 4.410303926677745, "target_rescale": 3.636273717892296},
{"mapping": [8, 0, 5, 9, 6, 11, 7, 12, 10, 1, 4, 13], "R": [[0.407744188276114, -0.7532058128459316, -0.516164392826697], [0.8789202593684775, 0.17054632613514967, 0.44543588574951165], [-0.247474957518335, -0.6352912356839996, 0.7315471216978409]], "T": [-0.005054892219148663, 0.11696137094494066, 0.05049023506557402], "aligned_model": [[-0.264168509879152, -0.31824974472627576, -0.18982484005385097, 0.2915249241353497, 0.41862669430779315, 0.785198319851897, -0.48521425887769254, 0.13495856086497582, 0.40963592083247014, -0.7546832965137302, 0.3611820557174073, -0.011323524484568963], [-0.23769424861050018, 0.6371046044791594, 0.4394429326386309, -0.3173739377491719, 0.4064287279332611, -0.1317617458241276, -0.4055485311892386, -0.6240234039348609, 0.27063591944788856, 0.13326268602099864, -0.08119909418171478, 0.09349940551136605], [-0.5804908312653999, 0.4306472730043047, -0.6984666606988891, -0.39363810105061703, 0.32106071692704463, 0.07823904566631121, 0.10779250154351905, 0.09535373515595172, -0.6420050181457633, 0.020300604826941605, 0.6176730301508502, -0.0236880423931057]], "inverted": true, "swapped": false, "error_lsq": 0.04338112380769402, "error_max": 0.25639831255094797, "target": "125.xyz", "model": "20.xyz", "model_rescale": 4.121658175737393, "target_rescale": 3.636273717892296},
{"mapping": [3, 5, 7, 4, 8, 10, 1, 2, 9, 0, 6, 12], "R": [[-0.1967825790902319, 0.6697196398512901, -0.7160671899787443], [-0.4983508728092827, -0.6972882822473604, -0.5152042886183615], [-0.844347691497302, 0.2554694804433283, 0.47096955360744197]], "T": [0.11390993446085866, 0.044214624658676996, -0.06876764163281378], "aligned_model": [[-0.41664037851590435, -0.33021966783009926, -0.14826298885544603, 0.23411674697362905, 0.27401446501575893, 0.8468207616432132, -0.33641387146632934, 0.04245556990420489, 0.6299904932617686, -0.8788580374540825, 0.4384896020296563, 0.022169606468252778], [-0.17672941659192254, 0.5260269868073338, 0.39471502485063514, -0.4045655120504319, 0.5233062560831209, -0.218571075578453, -0.24781449471359945, -0.7010265497575032, 0.5091721666441885, 0.02627838135538059, -0.12603254383796308, 0.07801409133090526], [-0.4590762361885728, 0.11699907776641415, -0.5933940681900776, -0.40533607902377106, 0.37681158887658806, -0.11835026779109091, 0.37202973726972416, 0.056617764015991626, -0.2691128840499314, -0.104176335688884, 0.4681573094468646, -0.10839135272210731]], "inverted": false, "swapped": false, "error_lsq": 0.057453423318582164, "error_max": 0.33350383131551137, "target": "125.xyz", "model": "21.xyz", "model_rescale": 4.08911054899281, "target_rescale": 3.636273717892296},
{"mapping": [3, 10, 7, 2, 8, 1, 14, 15, 0, 12, 11, 16], "R": [[0.9135864825927195, 0.3901485326464308, 0.11464668027334934], [0.005314316828837928, -0.2933644244534236, 0.9559859164766782], [0.40660975991791615, -0.8727665420597586, -0.2700871455670302]], "T": [0.01328897232599487, 0.07266411629084232, -0.025219257620574087], "aligned_model": [[-0.41600516690142064, -0.42083353270375073, -0.24595568775394058, 0.32901250615692557, 0.5334277721652458, 0.7828840623484743, -0.4508950131598992, 0.13525071609798087, 0.422084598486626, -0.7132697650905035, 0.40673857435373845, 0.015223237175146112], [-0.4347938644156517, 0.6916629993138873, 0.6486712430296021, -0.4960617031279462, 0.3498731942412413, -0.12140841559014945, -0.37028197463074175, -0.59903865465488, 0.41761617101571424, 0.15336684996297523, -0.14267641109547413, 0.08584388049311407], [-0.584210995606707, 0.2567620230663854, -0.3520283520099907, -0.3384658408182034, 0.3399831165006059, -0.017627746003469322, -0.012786474232183653, 0.23060829846771802, -0.5855527423886189, -0.12802478225652592, 0.595037865021029, -0.07091611601889114]], "inverted": true, "swapped": false, "error_lsq": 0.0382410992493653, "error_max": 0.2316703764873052, "target": "125.xyz", "model": "22.xyz", "model_rescale": 4.204369325754507, "target_rescale": 3.636273717892296},
{"mapping": [2, 0, 1, 10, 12, 14, 5, 11, 3, 6, 13, 15], "R": [[-0.02100896373129507, 0.11492067944985773, -0.9931524862163517], [0.7889772827054693, 0.6120332941157056, 0.054130345173223904], [0.6140630837443586, -0.7824375274286512, -0.10352799067743701]], "T": [0.021070804298401087, 0.09863544995707212, 0.17017044851935403], "aligned_model": [[-0.36572612502033414, -0.42848127794581453, -0.1490116479213876, 0.26384239516562286, 0.4132943663709501, 0.7358512742285146, -0.5997587789506944, 0.2038082345862245, 0.4576541177276037, -0.6450813276668722, 0.4784251243552576, 0.012845946245552001], [-0.2596187241489059, 0.6181458220432525, 0.4934793851355681, -0.3618197214165186, 0.4804777299686715, -0.1434740132593217, -0.443531240859984, -0.5983725970938488, 0.3375729837731801, 0.16214564639925477, -0.17901605037330326, 0.07678409437364653], [-0.5207473217096997, 0.19636503957780937, -0.3305187267971307, -0.4188516450982297, 0.14789461497585926, -0.003642237161931905, 0.06113581782751944, 0.1700446793644843, -0.5210114813970899, -0.1622317891659788, 0.5764542356209182, 0.13788706768461773]], "inverted": true, "swapped": false, "error_lsq": 0.04216416187525754, "error_max": 0.2264410128860803, "target": "125.xyz", "model": "23.xyz", "model_rescale": 4.410303926677745, "target_rescale": 3.636273717892296},
{"mapping": [0, 6, 5, 3, 9, 10, 7, 1, 4, 12, 11, 16], "R": [[-0.4684721201614872, 0.815576328083945, -0.3396603092804788], [0.5149093254517978, -0.0603605346120108, -0.85511694663603], [-0.7179152172744185, -0.5754927097109586, -0.3916706293243887]], "T": [0.04441041409793455, 0.1342372698803769, 0.0684568293970485], "aligned_model": [[-0.37270897875028675, -0.4714413949167632, -0.15883700714323173, 0.32559608353360947, 0.5270070385511957, 0.6669728851163673, -0.3406080339519495, 0.19762514663062727, 0.37412494253414913, -0.7011768640716275, 0.2592930405411705, 0.07181544310136193], [-0.2582594780175135, 0.681873976392925, 0.5219470884231422, -0.389427635976879, 0.4015057222103183, -0.05367298220755995, -0.37063696540707514, -0.7099962378096085, 0.25117603603747807, 0.18673399145508587, -0.12561073250414415, 0.04714053194552191], [-0.4238271598669519, 0.17749369736449497, -0.38317755347507554, -0.6067917694993754, 0.3652531502702358, 0.0386297759843163, 0.26541798771631464, 0.05703843201666853, -0.524415861573694, -0.22738018593286108, 0.6042048663700208, -0.009667125652944683]], "inverted": true, "swapped": false, "error_lsq": 0.04204722825226819, "error_max": 0.216943054798521, "target": "125.xyz", "model": "24.xyz", "model_rescale": 4.28219845311461, "target_rescale": 3.636273717892296},
{"mapping": [4, 5, 1, 2, 11, 14, 7, 13, 6, 3, 12, 15], "R": [[-0.27291103390354005, 0.8242958690108303, 0.4960402079523202], [-0.9314242138119267, -0.3554355170772236, 0.07819544184210026], [0.2407664874905463, -0.4406834618314226, 0.864771406193416]], "T": [0.024848211151278176, 0.046249150720485514, -0.04314208109747393], "aligned_model": [[-0.40570761775978903, -0.2233774773459139, -0.3484018985971455, 0.4059565964543525, 0.2813353214096682, 0.7779345277592687, -0.49526204501771015, 0.12145654923069298, 0.5947315118964923, -0.7386135547068161, 0.3839709623948108, 0.023639425456711813], [-0.3211620052626986, 0.8160890769975029, 0.45881703338055496, -0.36502845284196617, 0.27629607547956814, -0.037836128034260834, -0.4848884595399702, -0.5142642298195269, 0.3656672393484815, 0.1527040909202788, -0.20259044240062357, 0.03896951631435074], [-0.506045195880164, 0.22333714209644245, -0.35992196779618485, -0.43606339109163755, 0.37848553413756253, 0.0338987556657329, 0.18691044800157058, 0.128345633290891, -0.6639498155451041, -0.11955427017567845, 0.5841773006114135, -0.11684191959369629]], "inverted": false, "swapped": false, "error_lsq": 0.03941805548661332, "error_max": 0.20948664353369362, "target": "125.xyz", "model": "25.xyz", "model_rescale": 4.100010024507729, "target_rescale": 3.636273717892296},
{"mapping": [8, 2, 1, 10, 6, 4, 7, 9, 0, 3, 5, 11], "R": [[-0.867604179474277, 0.4478919487568472, 0.21599951388269403], [-0.09059676894274675, -0.5694928165118771, 0.8169884683387545], [0.48893272872236826, 0.6892537516620154, 0.5346719111791228]], "T": [0.0055255825279825095, 0.07551655024282121, -0.06946854219024891], "aligned_model": [[-0.3486748551665934, -0.3546911797897824, -0.19071097909018858, 0.24891665946306046, 0.40660475360575, 0.8114423967621534, -0.3740257733411487, 0.16722399227417648, 0.4650817971950436, -0.8053526784306545, 0.2701526770445825, 0.08169549064822396], [-0.16938880347950885, 0.6113233446212094, 0.5630910229752143, -0.34270541836648605, 0.48730590228036075, -0.1281067928250461, -0.356760531866105, -0.7293481433266692, 0.2992437736749774, 0.07317497089067222, -0.10859444621624977, -0.01646156382067794], [-0.5069856808373255, 0.2923494363955863, -0.5416008321071835, -0.4947373174082643, 0.23061005787821742, 0.2041647944570908, 0.2877898226336533, 0.0037253883624145806, -0.6285693300541835, -0.09276208985004743, 0.6089574391460207, -0.030163434894830962]], "inverted": false, "swapped": false, "error_lsq": 0.043768591038191605, "error_max": 0.23940181687786116, "target": "125.xyz", "model": "26.xyz", "model_rescale": 3.6694154284099745, "target_rescale": 3.636273717892296},
{"mapping": [1, 4, 0, 6, 10, 12, 7, 3, 2, 5, 9, 13], "R": [[-0.3108001885396489, 0.4956260933470439, -0.8110228223652318], [0.9147011275428018, -0.07593036921525792, -0.39693378075286323], [-0.2583120014162062, -0.8652105839761683, -0.4297505733561876]], "T": [0.030560272470245266, 0.0722208102889382, 0.05976188993464166], "aligned_model": [[-0.38961064185247307, -0.16542909199451392, -0.24835699027722982, 0.24588389652105822, 0.27249562251486303, 0.7301570417311061, -0.3186403021233397, 0.16953577528818645, 0.417895823129017, -0.7372867887695264, 0.33957733719629746, 0.06144061981117712], [-0.29892939704146626, 0.8701088056295436, 0.39692423662190723, -0.2638352918379613, 0.505914591098813, -0.27176944284207916, -0.4104317006456254, -0.7213143326584349, 0.41281888386993126, 0.04524890957912667, -0.18393857722555532, 0.10197662999349179], [-0.6224042042473823, 0.08197643465147555, -0.4439306637151296, -0.49871144421237984, 0.3992728776482373, -0.08845376223500598, 0.26282354833059474, 0.12156000363995675, -0.3830628718753383, -0.12908171424272186, 0.6109010351299793, 0.021889014848862222]], "inverted": true, "swapped": false, "error_lsq": 0.04015489370344263, "error_max": 0.2774737553957037, "target": "125.xyz", "model": "27.xyz", "model_rescale": 4.103607728864725, "target_rescale": 3.636273717892296},
{"mapping": [3, 13, 2, 0, 8, 5, 10, 9, 1, 12, 6, 14], "R": [[0.19386670671313366, -0.979531727599382, -0.05415989895091958], [-0.9799819011625768, -0.1959133426827026, 0.03540389177296371], [-0.04528988211494474, 0.046212084837842525, -0.9979044392089627]], "T": [-0.01665897464544472, 0.030368993170677493, 0.11576705949123622], "aligned_model": [[-0.37116714772408843, -0.34018053554255245, -0.22199747157475322, 0.2351254082822873, 0.3577737412848845, 0.659204151339528, -0.30095332572233313, 0.22933044004865663, 0.5513105488980314, -0.7803633149509026, 0.31463904092272965, 0.04494076591313475], [-0.2470979123768247, 0.5565580046256091, 0.3534762524981299, -0.20916670405593213, 0.7436612680301088, -0.24553936094152484, -0.35095009542622113, -0.750012850013572, 0.30625742700571684, 0.24875776225281102, -0.2860574820736419, 0.06288700501703198], [-0.4849549428635507, 0.31155126930520954, -0.5125310440239629, -0.5078666593289619, 0.2683915944569972, 0.0686074852057824, 0.29892751079869984, 0.09092128037690753, -0.5199663944631034, -0.21035506987463737, 0.5532406855498995, -0.02318746141813216]], "inverted": true, "swapped": false, "error_lsq": 0.04709717264669236, "error_max": 0.314241324521744, "target": "125.xyz", "model": "28.xyz", "model_rescale": 4.137296879288765, "target_rescale": 3.636273717892296},
{"mapping": [4, 1, 9, 6, 3, 2, 8, 10, 7, 5, 11], "R": [[-0.3955058990386271, -0.801015622849069, 0.4493874228072758], [-0.3285525596633829, 0.5802941052823147, 0.7451925703556344], [-0.8576877633289905, 0.14708066945154924, -0.49268547503391824]], "T": [-0.05101751877386575, -0.009256933239175709, -0.073369871355653], "aligned_model": [[0.3037580987238577, 0.2716008876028023, -0.14687103772436969, -0.6096840307811047, -0.02463102297999177, 0.41377873419396555, 0.7138910504358683, -0.332228651233466, -0.5989916684401593, 0.1692768201089222, 0.06151983080357343], [-0.40465511331807363, -0.6840178204980835, -0.26074365816889117, -0.0403426658191054, 0.6187493141311299, -0.0038218258606248015, 0.32898473105615295, -0.2563959325972801, 0.3213241353335922, 0.33379231528146935, -0.0337256628923341], [0.3833986052667896, -0.3014561866473517, -0.8239495358720711, -0.2793088384480189, 0.028520226418722164, -0.5410975331529497, 0.014753815645528454, 0.5178512482781349, 0.2853389719581748, 0.5847516944796454, -0.0630484461436053]], "inverted": true, "swapped": true, "error_lsq": 0.06124130480916801, "error_max": 0.33115995974631396, "target": "125.xyz", "model": "29.xyz", "model_rescale": 3.607286011436655, "target_rescale": 3.636273717892296},
