[{"mapping": [9, 10, 5, 2, 4, 8, 13, 7, 12, 6, 0, 15], "R": [[0.3898949884547423, -0.30871309381842615, 0.8675702413539391], [0.25691018097672913, 0.9411897716286945, 0.2194515269758454], [-0.8842957971676563, 0.1373245771396423, 0.44627671194566915]], "T": [0.09249344417163789, -0.05458298272487773, 0.08397067950097906], "aligned_model": [[-0.2576575198642616, 0.1364441947708489, 0.38977932946101546, -0.27446369672664395, 0.08377493063601028, -0.60276820281716, 0.33308037492340653, -0.17218602488365004, 0.6368775092810139, 0.058416963214104764, -0.5097558340672936, 0.01610043853315829], [-0.25836756212418277, -0.8181393670015454, -0.3215729551384844, 0.6617959356221397, 0.4312750671337096, -0.6317418737006815, -0.30147125750370607, -0.6457601603859574, 0.1715755007879794, 0.6173057581882965, 0.296193951888132, -0.14753800178864257], [-0.47909406763835694, -0.13929404960617284, -0.4972771133443378, -0.09555741144004734, -0.5871891884944584, 0.09595429408917819, 0.5573168967407037, 0.5477094875282674, -0.10054708703764512, 0.436246025237372, 0.37240739746108964, 0.07127656185796988]], "inverted": false, "swapped": true, "error_lsq": 0.04646615968803739, "error_max": 0.2598649498203792, "target": "126.xyz", "model": "0.xyz", "model_rescale": 3.751011558992144, "target_rescale": 4.205355885150367},
{"mapping": [14, 11, 10, 5, 1, 8, 6, 12, 7, 3, 0, 2, 4, 9, 15], "R": [[0.6837058356006172, 0.6145194658650318, 0.39358881645521654], [0.6712979483519051, -0.31810293111057053, -0.6694546958214475], [-0.2861911859302885, 0.721925447184001, -0.6300144869794626]], "T": [0.05195604959386972, -0.012842053585149067, -0.0684542272073242], "aligned_model": [[0.05462596631924101, 0.3866482613140751, -0.4944258716256475, 0.15221472355273807, -0.32391207624471735, -0.7280679801909655, 0.48097889938778315, 0.5333297753929328, -0.7153806912308682, 0.07293445024630128, -0.004571817987450225, 0.5623531382756453, 0.6878808106131556, -0.0717741073803775, -0.05374726935281206], [-0.027353035561505208, -0.5507814577914829, 0.3955386146341401, 0.5387023896975472, -0.6260223251279139, 0.2875483831879799, -0.5190639939058667, -0.022285644919471333, -0.22658656604045554, 0.33184477050061084, -0.24588462779684422, 0.04007882493086317, 0.48428734229467313, 0.6473666659525261, 0.04136800977230493], [-0.7108188528824708, -0.4377180136850089, -0.4801448704097394, -0.496541210225086, 0.0933835170985736, 0.2750175309884109, 0.30083204037742095, -0.4554149886176843, -0.07879677877797119, 0.4380737337228763, 0.6466962115500812, 0.5771314184102613, 0.11876673201744005, 0.10472503479842891, -0.04552509951355633]], "inverted": false, "swapped": true, "error_lsq": 0.03824655566613221, "error_max": 0.2371392570246997, "target": "126.xyz", "model": "1.xyz", "model_rescale": 3.9405287249114394, "target_rescale": 4.205355885150367},
{"mapping": [6, 12, 13, 9, 5, 1, 3, 4, 10, 7, 8, 0, 15], "R": [[-0.9479637277305074, 0.13860172642115703, 0.28662577054472205], [-0.28001723892035335, -0.7913776643193987, -0.5434259271729637], [0.15150946113923927, -0.5954082245396416, 0.7890081934529257]], "T": [-0.03233477760072628, 0.06736806793410108, -0.08196316545912052], "aligned_model": [[-0.3512631338855676, 0.24993843065153692, -0.4716898089244815, 0.4548554275760699, 0.5756001233924111, -0.7673052480005509, 0.18115643482436605, 0.651868858628929, 0.15650451563158074, -0.5622298574636184, -0.18694203615551877, -0.397509230512879, -0.03700119647834635], [0.7213034115457906, 0.44303999999928834, -0.03378356346376407, -0.299466503327677, -0.14276038597932655, 0.018481011754071283, 0.01407491243570344, 0.44969824756313515, -0.655687688029758, -0.5269795737638134, -0.7054661556132029, 0.22302761251442352, -0.04664873206285336], [0.13563020729599348, -0.48288823519114754, -0.45563151675881497, 0.24857255605110395, -0.3713983545078544, -0.05218377172783309, 0.49022650326153727, 0.18688371180238367, -0.3582370419118853, -0.10565797380411075, 0.36015515438388407, 0.5594120105375582, -0.04176289984217085]], "inverted": true, "swapped": true, "error_lsq": 0.05177503673469335, "error_max": 0.3231488328370078, "target": "126.xyz", "model": "2.xyz", "model_rescale": 3.932901565614263, "target_rescale": 4.205355885150367},
{"mapping": [9, 4, 5, 3, 10, 13, 14, 8, 0, 1, 12, 2, 11, 15], "R": [[0.6634821150801726, 0.37700298857044057, 0.6462663766417815], [0.10078794336142491, 0.810861912308644, -0.5764934948810292], [-0.7413725604860992, 0.44762898227899106, 0.4999950207573671]], "T": [0.054620786128284984, -0.12041838172703168, 0.0832355706954707], "aligned_model": [[-0.18866484972101188, 0.5380733627108573, 0.2287905888196058, -0.1271659347737089, -0.36881801600167324, -0.05764585811235999, 0.2673710594509785, -0.8221203197853677, -0.20585180309526024, -0.28542683833186405, 0.6336758676275787, 0.31881876992287533, 0.5467379926467563, -0.05796410930470186], [0.12593050101284964, 0.3654467840394225, -0.37211394848959023, 0.42003332806649174, -0.6050954203980317, -0.5663556037787238, -0.7131551758117707, -0.011182127895582705, 0.4724987071154698, -0.21945090231225717, -0.3143573391345307, 0.6573919361646281, -0.45140041316351803, -0.12469368706436812], [-0.5178468606311498, -0.3823804431922841, -0.5522372935181008, -0.14189819549993143, -0.38642910622524285, 0.4457665727170129, -0.0442415782814133, -0.10659915814720065, 0.46994960882329634, 0.7297790896315421, -0.009669593680819835, 0.1560172173198912, 0.5145416952781137, 0.03914440846338407]], "inverted": false, "swapped": true, "error_lsq": 0.052691196227568717, "error_max": 0.3189198898060257, "target": "126.xyz", "model": "3.xyz", "model_rescale": 3.9243930471874484, "target_rescale": 4.205355885150367},
{"mapping": [2, 6, 4, 9, 5, 0, 8, 12, 14, 13, 10, 7, 15], "R": [[0.9415217012988131, -0.3182903240286938, -0.11058099119241942], [-0.028411469162047898, -0.402002430431465, 0.9151977023284364], [-0.33575240044330706, -0.8585367292998619, -0.3875371079518101]], "T": [-0.023560094172734823, -0.0014452200179585484, -0.14793499682627312], "aligned_model": [[-0.05165078119689731, -0.417292391193243, 0.5546560563783043, 0.3849850242327861, 0.6461708079123465, -0.5417781842060881, -0.24419547546713985, 0.3298085778262057, 0.2417453984016941, -0.3525992216765499, 0.26191459958082647, -0.5021455509785963, -0.03241297330229638], [-0.5346087105081464, -0.02324706535101423, -0.3530823913521133, -0.49441348635302634, 0.09762935475406233, -0.5033996258445772, -0.5208608714310065, 0.38071366199622536, 0.557697669867288, 0.4414933046827504, 0.09506594294327764, 0.04320034243701282, -0.05835857215914557], [-0.7764524898652843, -0.7969289596310613, -0.6260636494673444, 0.11898996735078246, 0.04994447930833279, -0.36801720168810087, 0.5578781227831784, -0.48055136251747177, 0.02475615428641273, 0.04810389919813007, 0.589619715965505, 0.48733037534844514, -0.041538735700560436]], "inverted": false, "swapped": true, "error_lsq": 0.03819757117398263, "error_max": 0.22771424580773258, "target": "126.xyz", "model": "4.xyz", "model_rescale": 3.8936222436046832, "target_rescale": 4.205355885150367},
{"mapping": [6, 0, 4, 12, 9, 8, 7, 10, 14, 13, 5, 15], "R": [[-0.19177261849583258, 0.3017067439294019, -0.9339145054354657], [-0.7550474571421417, 0.5625655734419425, 0.3367837778770294], [0.6269980863275723, 0.7697356794676059, 0.11991823671195928]], "T": [-0.045308459938335086, -0.11776778051042634, -0.11139372545663537], "aligned_model": [[-0.02613903507007083, -0.585480577139843, -0.20639256958665042, 0.4424846493796367, -0.497607472987092, -0.7057435319425989, -0.1911961246758393, -0.025546274993205068, 0.5144625754226111, 0.2947651030440318, 0.13382047359289762, -0.11987917282878106], [-0.7142088696258407, -0.6255204604723793, 0.28263193473752135, 0.05057280683928754, 0.4081570530555668, -0.014482281283931378, -0.3374420392752935, 0.4024443279699288, 0.13250504745967562, -0.398133300765681, 0.5641813319026512, -0.08178264543169825], [-0.5810576119745081, -0.25048251383624887, -0.8187278778531429, -0.45090485241848555, -0.10928799019107538, 0.4967200562823175, 0.6403105835045564, 0.49175300457495474, 0.08062166174655691, 0.27414184963269117, -0.13062320543500655, -0.023178384757091566]], "inverted": true, "swapped": true, "error_lsq": 0.04108740668377187, "error_max": 0.21023901336257036, "target": "126.xyz", "model": "5.xyz", "model_rescale": 3.6523030999806103, "target_rescale": 4.205355885150367},
{"mapping": [8, 9, 5, 7, 14, 0, 4, 1, 2, 6, 12, 11, 15], "R": [[0.3645761686485893, 0.7905404310902069, -0.4920671133750207], [-0.9202723101086276, 0.22526889786540238, -0.31992623978323054], [-0.142067211209503, 0.5694732219044343, 0.8096401404531137]], "T": [0.12604193982661288, -0.010687831697494848, 0.03823470080840309], "aligned_model": [[0.18474553209773176, -0.15446258031107413, 0.22614785730128678, 0.6184742698289248, 0.6279993543056825, -0.3233855166607434, -0.5240134619297523, 0.40174908826796457, -0.6685814247100266, -0.229586366203406, 0.16890618796275203, 0.40511537693703487, 0.14797458777791977], [-0.5645007518236526, 0.11810010066555474, 0.5819166830835472, -0.5789847563569206, 0.387184098403892, -0.6051026274636695, 0.5002492408014421, -0.6354617751229177, -0.07592686951490377, -0.2184526382945914, 0.5245197565538767, 0.1717852366578951, -0.06449879342636951], [0.7499157304701459, 0.6594485484867065, 0.407436859519507, 0.3011954670614934, -0.012624818053796769, -0.07851461693254284, 0.09264892773390954, -0.23943675402207987, -0.17248836347821722, -0.5997746243773071, -0.26715680183716944, -0.6148924071975422, 0.14435259210868218]], "inverted": true, "swapped": true, "error_lsq": 0.05396467228317922, "error_max": 0.3492110083783231, "target": "126.xyz", "model": "6.xyz", "model_rescale": 4.08911054899281, "target_rescale": 4.205355885150367},
{"mapping": [9, 10, 8, 4, 2, 6, 3, 0, 12, 5, 11, 13, 1, 7, 15], "R": [[0.7702218833339082, 0.30343668208852465, 0.5609674058237922], [0.5524239791149548, -0.7569696383195929, -0.34903397250282786], [0.3187255837430808, 0.5787254501276164, -0.7506602797818864]], "T": [-0.05750142726815052, -0.060068105549154975, 0.031674840725206994], "aligned_model": [[0.08979033775299525, 0.2883113147115616, 0.7792825554575374, -0.6073061340858608, -0.307475994892896, -0.3043603593674802, 0.08711378084506541, 0.2594985743582634, -0.643903630637333, -0.3278197425483973, -0.47687162075185685, 0.10962684209860812, 0.3785085098971901, 0.6650315294735877, 0.04690757748856983], [-0.5620259700434695, -0.7276643838389089, -0.3229049510210774, -0.2465590302683457, 0.3228634812014983, 0.6432921788602409, -0.10121106722391332, 0.47082953330996413, -0.13139854844066987, -0.7112283067875174, 0.2909333516689159, 0.09914385608998286, 0.4521759622987035, -0.05694108033522119, -0.11854620930106971], [-0.42386791261038137, 0.2953525159450191, -0.18593515247523912, -0.5595320138162356, -0.6545924168025449, -0.11337199271953582, -0.5626427288311446, -0.4003009540666769, 0.21220987881730452, 0.05240984486130639, 0.5202237543828823, 0.5698311615990485, 0.33327009692206105, 0.36713826187963305, 0.013877688996583086]], "inverted": true, "swapped": true, "error_lsq": 0.050970738169693025, "error_max": 0.3170665690154993, "target": "126.xyz", "model": "7.xyz", "model_rescale": 3.964800864290218, "target_rescale": 4.205355885150367},
{"mapping": [0, 6, 1, 3, 7, 4, 8, 11, 12, 14, 5, 10, 13, 15], "R": [[-0.41364763237624774, -0.03606491471354917, 0.9097224621587781], [-0.6178222598619596, -0.7228125041750111, -0.3095767094393753], [0.6687236286004752, -0.6901024603165493, 0.27670797389388624]], "T": [-0.011079557166199516, -0.07871161770385257, 0.0738354197569663], "aligned_model": [[-0.15395383160083492, 0.27720213514106234, 0.42783035341417724, -0.5551797207089972, 0.140237139279377, -0.5024393909084763, -0.4805319665858144, 0.6550440697722781, 0.2087850925567369, 0.3106064625953359, -0.2826631451313621, -0.19956979044577747, 0.49098107071157665, -0.0751605886284091], [-0.13531191940709547, -0.5695095285793066, 0.25478474988826694, -0.1676756763623279, 0.6765083447596543, -0.7242071247276086, 0.6475235155425263, -0.3662255168110814, -0.4967010118504218, 0.014655144751652721, -0.1012404181467916, 0.5322525263414728, 0.2225483420455399, 0.023547038736722495], [-0.6646276726283556, -0.4288619867360314, -0.4156506496156764, -0.19423189174535116, -0.12950032346270396, 0.2426272729229887, -0.18854163097980647, 0.18045856284678272, 0.4719470603321213, 0.6221517169163414, 0.7244092799356785, 0.5492209542028048, 0.08220772133699089, 0.06520662539923791]], "inverted": false, "swapped": true, "error_lsq": 0.04666134851092133, "error_max": 0.31150469277414367, "target": "126.xyz", "model": "8.xyz", "model_rescale": 4.121658175737393, "target_rescale": 4.205355885150367},
{"mapping": [0, 6, 13, 7, 2, 3, 12, 5, 14, 4, 8, 10, 15], "R": [[0.11616623131919301, -0.7600216576432723, 0.6394313775646833], [-0.6843348048586906, -0.5278400216945356, -0.5030614141002373], [0.7198550420467401, -0.3791463983881227, -0.5814264588313826]], "T": [0.0095684280094845, -0.05147676493735446, -0.099738729561199], "aligned_model": [[-0.6617654502526792, -0.3575865364895822, 0.38202051336005727, 0.14722759037485694, -0.7013104844015479, -0.529437608834036, 0.3262174675549608, 0.3577628040754346, 0.6433624339067743, -0.315107762266233, -0.2551679836556608, 0.4450358062345368, -0.004513293171684397], [0.08814860615530654, -0.45060035603491533, 0.15771591810907198, 0.697335984524379, -0.4694610782503989, 0.010083426945643424, -0.5795578723399437, -0.18216755408647664, -0.13939363314581368, -0.634024292157254, 0.7797919885153335, 0.4538446304853582, 0.05867167069141959], [-0.4139997212673493, -0.6313318042029884, -0.5002513989298799, -0.3341076269381816, -0.10492708756196129, 0.18574771533231632, -0.05062451636756965, 0.4995876704554223, -0.041208466063649835, 0.3920065047790439, 0.1359552289877447, 0.33593960308919096, -0.051710667353049675]], "inverted": false, "swapped": true, "error_lsq": 0.03836982786936544, "error_max": 0.22054796711286828, "target": "126.xyz", "model": "9.xyz", "model_rescale": 3.833441315466971, "target_rescale": 4.205355885150367},
{"mapping": [11, 13, 5, 9, 10, 14, 7, 3, 2, 4, 6, 0, 1, 12, 15], "R": [[0.6227163540339591, -0.7791104626657959, -0.07218884528334629], [-0.14113348804225279, -0.2025900316823402, 0.969040049541801], [-0.7696139817932628, -0.593248823030976, -0.23611470305908827]], "T": [-0.0703721284011409, 0.004307536225558316, 0.0464273992638241], "aligned_model": [[0.08436586047935399, 0.009510399871254321, -0.753720608174973, -0.4315710608276968, -0.6927355454379757, -0.5063601127664487, 0.01260335502920111, 0.03729946774990939, 0.38220538918519087, -0.24347566428134426, 0.582832168138037, 0.5886311719573307, 0.44945625620954965, -0.29343962316816524, -0.10175643566869191], [-0.6791875337572133, -0.4538991155116456, 0.0560679997808104, 0.5965157857898911, 0.07433210741251872, -0.46614677736681404, -0.02514821702337603, 0.5978567708472867, 0.4208475008527129, 0.3739803899350235, -0.1437051662247623, 0.3674477749372195, -0.2358274395109234, -0.35653225174980024, 0.07449971088405077], [0.2623997754935894, -0.3093224831361144, 0.21336226456343108, 0.04712184088944043, -0.4460738659888651, 0.008516639796150312, -0.7453091645926888, 0.15563275013370573, 0.5957494193840956, 0.7675146149280497, 0.4043519623076947, -0.006376089337723913, -0.4178699116198071, 0.495408486137769, -0.04698433113663395]], "inverted": true, "swapped": true, "error_lsq": 0.04516675047745748, "error_max": 0.3357793816210978, "target": "126.xyz", "model": "10.xyz", "model_rescale": 4.2482417240324, "target_rescale": 4.205355885150367},
{"mapping": [4, 9, 8, 10, 6, 1, 0, 13, 5, 11, 12, 15], "R": [[-0.5427076926501596, -0.8392642822380101, -0.03322386036959074], [-0.6204417818987054, 0.37391656423923686, 0.6893753681862184], [-0.5661451718532089, 0.3947427865674594, -0.7236420225776403]], "T": [-0.02715500650902281, 0.06910959637660835, -0.05215323728538703], "aligned_model": [[-0.7171801607206699, -0.03980218850701793, 0.5046390784585834, 0.6107256655118503, -0.5338606288156714, 0.28759968370142946, -0.2660393849686895, 0.37417153232633665, 0.025123384610686837, -0.12928478686201983, -0.2933685705300468, 0.05404197815823551], [-0.3751259938708898, -0.5963181371857336, -0.28582653415627246, -0.38547749382456736, 0.6116543187741936, 0.6536466206190974, 0.30652571611778817, 0.4717800889017662, -0.4786879959857911, 0.6262798412483168, 0.11044335099481417, 0.007237608417917471], [-0.1666506276965369, 0.1433505787410532, 0.5864860542246221, -0.19794756294934987, 0.10781001616800467, 0.26832188061450535, 0.6227632250107956, -0.19246010284426385, -0.4933972823139321, -0.5178615680918203, -0.6080042382187605, 0.012781917210039039]], "inverted": false, "swapped": true, "error_lsq": 0.04289474492176592, "error_max": 0.2313603243659779, "target": "126.xyz", "model": "11.xyz", "model_rescale": 3.6694154284099745, "target_rescale": 4.205355885150367},
{"mapping": [1, 0, 3, 2, 6, 7, 13, 10, 4, 5, 9, 12, 8, 15], "R": [[-0.4094309587205431, -0.5786922262242127, -0.7053237535691268], [-0.5614179455300741, -0.4495785431839855, 0.6947582485623014], [-0.7191496231508212, 0.6804369484502077, -0.140816826785018]], "T": [0.1379595524763395, -0.036085188838226784, 0.03412361808082114], "aligned_model": [[0.005343224169155114, 0.0724118619182858, -0.04717495718106676, 0.49103265117711126, 0.6697139904057116, -0.47972576529298805, 0.0971827956682565, -0.45754740592582144, 0.5021285252799735, 0.08068834340715589, -0.25173685437377824, 0.6367627750882338, -0.7382772881178147, 0.017462954033395817], [-0.5126592273055427, 0.20939849505083483, 0.5176799742916997, 0.5866431122654224, -0.0018700054324939652, -0.4884158599830102, -0.6168000011725558, -0.20957866710834971, 0.6699210206663517, 0.13066212049144976, 0.48172596788974187, -0.08934751672468053, 0.07889980043760045, -0.02527192523021328], [-0.5124552364662299, -0.6760775171408674, -0.15266244305321042, -0.3753095062796924, -0.5069495238334352, -0.18601536290890264, -0.029122691587795936, 0.5341922485742004, 0.26976278478796534, 0.717078142988832, 0.2814777737836448, 0.3945496794558999, -0.15464131947752716, 0.03526843080953422]], "inverted": true, "swapped": true, "error_lsq": 0.039159242237310814, "error_max": 0.21098095433263797, "target": "126.xyz", "model": "12.xyz", "model_rescale": 3.9764082729961374, "target_rescale": 4.205355885150367},
{"mapping": [12, 13, 1, 9, 2, 7, 10, 6, 5, 0, 4, 11, 8, 14, 3, 15], "R": [[-0.8486870940539052, 0.027707088565863763, -0.528169038878219], [-0.1594582671478407, -0.9655634935487575, 0.20557286047561532], [-0.5042849169116068, 0.25868795327406013, 0.8238793997948558]], "T": [-0.07211083280533527, 0.009241155836702802, -0.09365674775631813], "aligned_model": [[-0.40045133253692133, -0.6312320803872958, 0.19368855783086703, -0.013343352382761645, 0.6907716151994406, 0.5459142555215931, -0.03478549969413876, -0.657457338876024, -0.37850930638782154, 0.3902554706666672, 0.014510886950487176, -0.16586898477122392, 0.3872291434526704, -0.45495347781664736, 0.26045186421270305, -0.051834841044892215], [0.5354161017016036, 0.12454111775573555, 0.5802462988587181, 0.22185419379165838, 0.2262568256629048, -0.4243649394269976, 0.6981447241104564, -0.4816978969460448, -0.23296996041510046, -0.1600079660551498, -0.6393729147635749, 0.1706331213625561, 0.21859518854520302, -0.3495964413638026, -0.3888097211538321, -0.09123246823434633], [-0.2438099279702222, 0.12672904005850558, -0.1750593818711127, -0.6529788426658338, -0.1783567092807766, -0.1262825545915435, 0.3188545758289788, -0.09098841815758998, -0.8354637687429737, -0.627210933996792, -0.38973137832285254, 0.6781636595620254, 0.4011467605664626, 0.5092322366937045, 0.5692165426942521, -0.060753711464360975]], "inverted": false, "swapped": false, "error_lsq": 0.0367701911994643, "error_max": 0.20802525424685622, "target": "126.xyz", "model": "13.xyz", "model_rescale": 4.170626492500431, "target_rescale": 4.205355885150367},
{"mapping": [14, 7, 11, 1, 12, 2, 6, 10, 5, 8, 9, 0, 4, 15], "R": [[-0.7163697987686599, 0.6897863979273325, 0.10492395649509768], [-0.6976997639382455, -0.7070343011405338, -0.11540163088636754], [-0.005417639030635912, -0.15587566277373868, 0.987761827032297]], "T": [-0.01574677237075048, 0.03228993031607738, 0.02949485463543272], "aligned_model": [[0.3822525567358563, -0.1927413447065814, -0.1868483354084758, -0.6005604042226587, 0.23527040937249558, -0.37357775976497476, -0.6304620589785529, 0.547695315201344, 0.6843633528746507, -0.02222098024751915, 0.37964522542331625, -0.6521831239685716, 0.263728549379736, 0.008821620401578821], [-0.12047907637430805, -0.7399825252257919, 0.17525999084705626, -0.3907738892882998, 0.39924627557398307, 0.683177813925419, 0.4466078291450706, -0.5206874771624402, 0.11799189338140055, -0.5824508375403628, 0.06483936120644491, 0.10970403882286053, 0.7680138437411257, -0.05439277312649196], [-0.45124226063395595, 0.1123654439435031, -0.6691017672470958, -0.12039967313201952, -0.39931966391878526, 0.38780837765157566, -0.13530624079372433, 0.13694791639692744, 0.02595568737771224, 0.6918366268287894, 0.5985128372303905, 0.4268614579532864, 0.28871193209235463, 0.1102424273719079]], "inverted": true, "swapped": true, "error_lsq": 0.045233150528484665, "error_max": 0.28152328734884646, "target": "126.xyz", "model": "14.xyz", "model_rescale": 3.9786697098870705, "target_rescale": 4.205355885150367},
{"mapping": [9, 8, 5, 4, 10, 14, 0, 1, 12, 2, 7, 15], "R": [[-0.778724735289362, -0.035430679948429245, -0.6263644734233458], [0.3830889818356896, 0.7637965807957015, -0.5194782143275021], [0.4968205094846707, -0.6444838633225718, -0.5812141870878624]], "T": [0.11585175594446184, 0.023395253691675513, 0.09996073346191221], "aligned_model": [[-0.024880370682937275, -0.6843478723751576, 0.5003496962779053, 0.5600504488118908, -0.04032883882687738, 0.49687077630404436, -0.37419003607172807, -0.33741902394693285, 0.7294715474882062, 0.147289976232038, -0.5121488494870892, 0.022637143043974378], [-0.2835776621060511, 0.061455723819058464, 0.10015350006959661, -0.6355537646424536, 0.48003253711023885, 0.5212493185388786, -0.41245415947958974, 0.31890376162145606, 0.07080348980163818, -0.7611367458860184, 0.5129717231402928, 0.04182676823739193], [-0.5059582870258732, -0.3182218889357904, -0.4863677113039763, -0.13469505272216847, -0.5339849841828774, -0.040808033000505936, 0.4725714181976547, 0.6006389442425027, 0.15260754488483408, 0.35216662809760174, 0.07695032414109808, 0.025067591481330725]], "inverted": true, "swapped": true, "error_lsq": 0.049231738159258416, "error_max": 0.23824668438857216, "target": "126.xyz", "model": "15.xyz", "model_rescale": 3.769337070930944, "target_rescale": 4.205355885150367},
{"mapping": [14, 1, 5, 10, 12, 6, 4, 0, 9, 8, 15], "R": [[0.5139486307517345, 0.8576607716183573, -0.016577266826036247], [0.8231390354418675, -0.4985168428939448, -0.27188800209440284], [-0.2414517203919852, 0.12609107096879713, -0.9621861090982828]], "T": [0.006980582060349938, -0.026146721582241732, -0.08887839524601332], "aligned_model": [[-0.3018560594113294, -0.29372301860581196, -0.06622854849683062, -0.6340556412344143, 0.23919303822287685, 0.5170798399729308, 0.6931948902824255, 0.2833608289936426, 0.037647684883431516, -0.48238201279720805, -0.06960487111854215], [0.2337656990853632, -0.6986309261985255, 0.6630394503404328, 0.4315912629488108, 0.20148623073733984, -0.5708228980601345, 0.43348187851643727, -0.5460875688476295, 0.4715840994108045, -0.020094089692702037, -0.003248640614854501], [-0.5887938599390043, -0.06058196436327837, -0.2199294665231726, 0.030894964281961104, -0.6140536901709408, -0.22966268339100687, -0.02223682667998464, 0.3825236260834001, 0.39330343822071173, 0.6708138889230977, 0.0019401807819939138]], "inverted": false, "swapped": true, "error_lsq": 0.0422965075292159, "error_max": 0.23397689634211852, "target": "126.xyz", "model": "16.xyz", "model_rescale": 3.7852294659196426, "target_rescale": 4.205355885150367},
{"mapping": [1, 8, 10, 7, 0, 3, 4, 9, 14, 11, 6, 5, 15], "R": [[-0.2642715820880134, 0.6396049097037523, -0.7218490772893968], [-0.6600353884192246, -0.6656719331164914, -0.3481869662914406], [-0.7032167638324487, 0.38443001566450113, 0.5980800499274406]], "T": [0.04820143419832114, 0.15849328273790414, -0.04032271325483003], "aligned_model": [[-0.07655624857633196, -0.3792933273854763, 0.37565140458864416, 0.025292623752216165, -0.6415351214920267, -0.48813657857871096, -0.14282175054644053, -0.2000885529773445, 0.6872036659669242, 0.4936553481682685, -0.23557989371527382, 0.42365591682726694, 0.012318364184567644], [-0.20360490287087157, -0.5951834418701645, -0.41694715169330604, -0.6072038341339843, 0.15423522602946632, 0.21543280698234105, 0.8054112399687743, 0.0464424351766205, 0.11473479960890345, 0.46655942278720375, 0.6139888184128528, 0.22656127197280532, 0.054628933332233176], [-0.6702264943835224, 0.21631784049118155, 0.40289504702128853, -0.25891473144236843, -0.3455926658556344, 0.25108610923613317, 0.440922468539773, 0.5976212119583595, 0.010778679299612431, -0.5347107056978557, -0.5776174004068838, 0.5528991844905311, 0.010296153892558627]], "inverted": true, "swapped": true, "error_lsq": 0.0517110011421478, "error_max": 0.36508893070296206, "target": "126.xyz", "model": "17.xyz", "model_rescale": 3.901054581598922, "target_rescale": 4.205355885150367},
{"mapping": [14, 11, 10, 5, 1, 8, 6, 12, 7, 3, 0, 2, 4, 9, 15], "R": [[0.6837058356006172, 0.6145194658650318, 0.39358881645521654], [0.6712979483519051, -0.31810293111057053, -0.6694546958214475], [-0.2861911859302885, 0.721925447184001, -0.6300144869794626]], "T": [0.05195604959386972, -0.012842053585149067, -0.0684542272073242], "aligned_model": [[0.05462596631924101, 0.3866482613140751, -0.4944258716256475, 0.15221472355273807, -0.32391207624471735, -0.7280679801909655, 0.48097889938778315, 0.5333297753929328, -0.7153806912308682, 0.07293445024630128, -0.004571817987450225, 0.5623531382756453, 0.6878808106131556, -0.0717741073803775, -0.05374726935281206], [-0.027353035561505208, -0.5507814577914829, 0.3955386146341401, 0.5387023896975472, -0.6260223251279139, 0.2875483831879799, -0.5190639939058667, -0.022285644919471333, -0.22658656604045554, 0.33184477050061084, -0.24588462779684422, 0.04007882493086317, 0.48428734229467313, 0.6473666659525261, 0.04136800977230493], [-0.7108188528824708, -0.4377180136850089, -0.4801448704097394, -0.496541210225086, 0.0933835170985736, 0.2750175309884109, 0.30083204037742095, -0.4554149886176843, -0.07879677877797119, 0.4380737337228763, 0.6466962115500812, 0.5771314184102613, 0.11876673201744005, 0.10472503479842891, -0.04552509951355633]], "inverted": false, "swapped": true, "error_lsq": 0.03824655566613221, "error_max": 0.2371392570246997, "target": "126.xyz", "model": "18.xyz", "model_rescale": 3.9405287249114394, "target_rescale": 4.205355885150367},
{"mapping": [14, 13, 3, 10, 1, 6, 12, 9, 11, 2, 5, 4, 0, 7, 8, 15], "R": [[0.011961238265149943, -0.7639061930472082, -0.6452164419815154], [-0.1842076005244031, -0.6359022559482759, 0.749463728801425], [-0.982814574926627, 0.10988925836502611, -0.1483235052437013]], "T": [-0.06281103777256977, 0.07078653518892146, 0.02465120040607883], "aligned_model": [[-0.4605015213895526, -0.7254690086235149, 0.27803778234169674, -0.02828528423243956, 0.5622601848046971, 0.5600472815675729, -0.07639218534367098, -0.534610986071129, -0.5073783498256739, 0.4385604099841963, 0.08631128974785207, -0.07178526379761294, 0.4242151980324209, -0.41515427588910836, 0.21187859714167503, -0.04734828851070705], [0.5860307590564976, 0.18104634248005097, 0.7560781467144952, 0.22158479440054057, 0.2810904331703923, -0.3377863705974879, 0.5853263230579591, -0.5317643622727135, -0.1248049083677941, -0.2088446898427167, -0.6686349123769268, 0.16547276503995423, -0.04636239787831152, -0.3343442702666354, -0.5796600699167901, 0.06320768102947343], [-0.3949970226186054, 0.017099118852094995, -0.3490145377521845, -0.7460445205550265, 0.000616617426573457, -0.033651031783116854, 0.21227694847848652, -0.03320268200634322, -0.507624192751537, -0.6278503952813467, -0.32503594129831015, 0.7496470691942584, 0.49556077885483135, 0.48000690967722304, 0.2961967286570346, -0.011276658754160902]], "inverted": false, "swapped": false, "error_lsq": 0.04382182963932862, "error_max": 0.3064070029298646, "target": "126.xyz", "model": "19.xyz", "model_rescale": 4.410303926677745, "target_rescale": 4.205355885150367},
{"mapping": [0, 6, 1, 3, 7, 4, 8, 11, 12, 14, 5, 10, 13, 15], "R": [[-0.41364763237624774, -0.03606491471354917, 0.9097224621587781], [-0.6178222598619596, -0.7228125041750111, -0.3095767094393753], [0.6687236286004752, -0.6901024603165493, 0.27670797389388624]], "T": [-0.011079557166199516, -0.07871161770385257, 0.0738354197569663], "aligned_model": [[-0.15395383160083492, 0.27720213514106234, 0.42783035341417724, -0.5551797207089972, 0.140237139279377, -0.5024393909084763, -0.4805319665858144, 0.6550440697722781, 0.2087850925567369, 0.3106064625953359, -0.2826631451313621, -0.19956979044577747, 0.49098107071157665, -0.0751605886284091], [-0.13531191940709547, -0.5695095285793066, 0.25478474988826694, -0.1676756763623279, 0.6765083447596543, -0.7242071247276086, 0.6475235155425263, -0.3662255168110814, -0.4967010118504218, 0.014655144751652721, -0.1012404181467916, 0.5322525263414728, 0.2225483420455399, 0.023547038736722495], [-0.6646276726283556, -0.4288619867360314, -0.4156506496156764, -0.19423189174535116, -0.12950032346270396, 0.2426272729229887, -0.18854163097980647, 0.18045856284678272, 0.4719470603321213, 0.6221517169163414, 0.7244092799356785, 0.5492209542028048, 0.08220772133699089, 0.06520662539923791]], "inverted": false, "swapped": true, "error_lsq": 0.04666134851092133, "error_max": 0.31150469277414367, "target": "126.xyz", "model": "20.xyz", "model_rescale": 4.121658175737393, "target_rescale": 4.205355885150367},
{"mapping": [8, 9, 5, 7, 14, 0, 4, 1, 2, 6, 12, 11, 15], "R": [[0.3645761686485893, 0.7905404310902069, -0.4920671133750207], [-0.9202723101086276, 0.22526889786540238, -0.31992623978323054], [-0.142067211209503, 0.5694732219044343, 0.8096401404531137]], "T": [0.12604193982661288, -0.010687831697494848, 0.03823470080840309], "aligned_model": [[0.18474553209773176, -0.15446258031107413, 0.22614785730128678, 0.6184742698289248, 0.6279993543056825, -0.3233855166607434, -0.5240134619297523, 0.40174908826796457, -0.6685814247100266, -0.229586366203406, 0.16890618796275203, 0.40511537693703487, 0.14797458777791977], [-0.5645007518236526, 0.11810010066555474, 0.5819166830835472, -0.5789847563569206, 0.387184098403892, -0.6051026274636695, 0.5002492408014421, -0.6354617751229177, -0.07592686951490377, -0.2184526382945914, 0.5245197565538767, 0.1717852366578951, -0.06449879342636951], [0.7499157304701459, 0.6594485484867065, 0.407436859519507, 0.3011954670614934, -0.012624818053796769, -0.07851461693254284, 0.09264892773390954, -0.23943675402207987, -0.17248836347821722, -0.5997746243773071, -0.26715680183716944, -0.6148924071975422, 0.14435259210868218]], "inverted": true, "swapped": true, "error_lsq": 0.05396467228317922, "error_max": 0.3492110083783231, "target": "126.xyz", "model": "21.xyz", "model_rescale": 4.08911054899281, "target_rescale": 4.205355885150367},
{"mapping": [1, 2, 11, 8, 5, 10, 15, 4, 0, 6, 7, 14, 9, 13, 12, 16], "R": [[0.0352052612988376, 0.9700113022219644, -0.24049670088907607], [-0.7189193272238154, 0.1917415306159449, 0.6681243794243041], [0.6942014048681675, 0.14937623304496533, 0.704110183480085]], "T": [-0.04281495884695507, 0.017594215724153144, -0.02017565984051253], "aligned_model": [[-0.43158483644927914, -0.6966016548821258, 0.17166850423821284, 0.18074595392751505, 0.6299374722931921, 0.6581875970702382, -0.23867941170996806, -0.6927811277666661, -0.451951061160514, 0.18550837477416535, 0.10195302788002697, -0.08327750678884482, 0.5191275454765536, -0.2841306601576353, 0.19810526039216206, -0.07184189720033139], [0.5236980582609414, 0.3057343371644545, 0.738082582404241, 0.35383278575611643, 0.21466137120467488, -0.3794872494200298, 0.631670569303307, -0.23504924633691066, -0.3340893426614912, -0.2522611389146013, -0.6559259351339909, 0.04726847649796378, 0.08535489259430104, -0.5554423394256789, -0.46210656509899445, -0.018305992764315833], [-0.4921028407748291, 0.08370916040304663, -0.16435051132335707, -0.5838476924644307, -0.09953406565870773, -0.06553131937102999, 0.3204918701264275, -0.017446886234535604, -0.5760584916712452, -0.6763849796831214, -0.1968364206689234, 0.619593678600024, 0.41246359411969097, 0.2037122692472038, 0.4865926450814936, -0.0317628213878345]], "inverted": false, "swapped": false, "error_lsq": 0.0431862804587862, "error_max": 0.36820172870309187, "target": "126.xyz", "model": "22.xyz", "model_rescale": 4.204369325754507, "target_rescale": 4.205355885150367},
{"mapping": [14, 13, 3, 10, 1, 6, 12, 9, 11, 2, 5, 4, 0, 7, 8, 15], "R": [[0.011961238265149943, -0.7639061930472082, -0.6452164419815154], [-0.1842076005244031, -0.6359022559482759, 0.749463728801425], [-0.982814574926627, 0.10988925836502611, -0.1483235052437013]], "T": [-0.06281103777256977, 0.07078653518892146, 0.02465120040607883], "aligned_model": [[-0.4605015213895526, -0.7254690086235149, 0.27803778234169674, -0.02828528423243956, 0.5622601848046971, 0.5600472815675729, -0.07639218534367098, -0.534610986071129, -0.5073783498256739, 0.4385604099841963, 0.08631128974785207, -0.07178526379761294, 0.4242151980324209, -0.41515427588910836, 0.21187859714167503, -0.04734828851070705], [0.5860307590564976, 0.18104634248005097, 0.7560781467144952, 0.22158479440054057, 0.2810904331703923, -0.3377863705974879, 0.5853263230579591, -0.5317643622727135, -0.1248049083677941, -0.2088446898427167, -0.6686349123769268, 0.16547276503995423, -0.04636239787831152, -0.3343442702666354, -0.5796600699167901, 0.06320768102947343], [-0.3949970226186054, 0.017099118852094995, -0.3490145377521845, -0.7460445205550265, 0.000616617426573457, -0.033651031783116854, 0.21227694847848652, -0.03320268200634322, -0.507624192751537, -0.6278503952813467, -0.32503594129831015, 0.7496470691942584, 0.49556077885483135, 0.48000690967722304, 0.2961967286570346, -0.011276658754160902]], "inverted": false, "swapped": false, "error_lsq": 0.04382182963932862, "error_max": 0.3064070029298646, "target": "126.xyz", "model": "23.xyz", "model_rescale": 4.410303926677745, "target_rescale": 4.205355885150367},
{"mapping": [4, 10, 2, 5, 12, 13, 3, 9, 15, 6, 14, 1, 7, 11, 11, 16], "R": [[0.3615398424883449, -0.805468276961897, 0.46958470705670935], [0.5233977534941976, 0.5921422204805107, 0.612717212392175], [-0.7715852084706718, 0.024257896290547643, 0.6356632917959216]], "T": [-0.030030788097007686, -0.02359069922644496, -0.06069151965795051], "aligned_model": [[-0.3864577474619426, -0.6130080075762442, 0.059338566971668144, 0.09660856774925883, 0.6902723000399226, 0.5433629107474465, -0.23343698663938386, -0.544388275082121, -0.2655361355297094, 0.3893492263396882, -0.019241460609442793, -0.04050390295716258, 0.43766731037445034, -0.18777606182205384, -0.18777606182205384, -0.04408866278561843], [0.5193329033580409, 0.07791079992503355, 0.8757334593056181, 0.2898746169250055, 0.2220598138362203, -0.42493659634387, 0.7825820872384188, -0.37074058846341496, -0.3121188454030359, -0.30208316869376706, -0.6786277259735176, 0.2368534859823494, -0.07688560973237063, -0.4542705761330294, -0.4542705761330294, 0.07722178373533514], [-0.2888979117369207, 0.21063660920795851, -0.18766839721282497, -0.5910725171954249, -0.31952567782906327, -0.12647723863723526, 0.28276494249129736, -0.1463846559846289, -0.6694631772022644, -0.6303058081908723, -0.2308681162197473, 0.7568624478734843, 0.4087219844965908, 0.37560282921205523, 0.37560282921205523, 0.0031790460554120825]], "inverted": true, "swapped": false, "error_lsq": 0.04275217846409373, "error_max": 0.3658913908165235, "target": "126.xyz", "model": "24.xyz", "model_rescale": 4.28219845311461, "target_rescale": 4.205355885150367},
{"mapping": [8, 1, 10, 11, 14, 13, 6, 3, 9, 12, 7, 0, 2, 1, 4, 15], "R": [[-0.49696522109437624, -0.7782342162979656, -0.3838972175019111], [0.8674770124946116, -0.43403377909545343, -0.24310144260687314], [0.022565500571481073, -0.4538349735170384, 0.890799985965844]], "T": [-0.007971890258705126, -0.046714219342529596, -0.10875230993921758], "aligned_model": [[-0.393888569297517, -0.5950005907976548, 0.0657554122583898, 0.05322870888035913, 0.5844289808037326, 0.47560579565090433, 0.09474555882403633, -0.6233996214294977, -0.2134847185695186, 0.4868080085518404, 0.03171025321334592, -0.0745417218811856, 0.5064820675900523, -0.5950005907976548, -0.09740480471752797, -0.011658588345402877], [0.5289041576936321, 0.024076428921054625, 0.7158169981290899, 0.21139107649688368, 0.4206242903117922, -0.38726809279857005, 0.693586863720439, -0.5065429544537456, -0.395143185375587, -0.07643548798503624, -0.8196460547406621, 0.10278437573391083, 0.023757527019583356, 0.024076428921054625, -0.5138671445011423, -0.03847996366270955], [-0.0677906475372341, 0.13673371350946067, -0.3156707626511025, -0.5842659418923541, -0.21267800576643597, -0.16435930501536675, 0.3948353855327348, -0.00949714920782524, -0.6502644676122419, -0.6907569475120899, -0.18967023791419108, 0.690480321791827, 0.3375109336808933, 0.13673371350946067, 0.4466020556264674, -0.03523547020213069]], "inverted": true, "swapped": false, "error_lsq": 0.0499221335407439, "error_max": 0.4072304539149582, "target": "126.xyz", "model": "25.xyz", "model_rescale": 4.100010024507729, "target_rescale": 4.205355885150367},
{"mapping": [4, 9, 8, 10, 6, 1, 0, 13, 5, 11, 12, 15], "R": [[-0.5427076926501596, -0.8392642822380101, -0.03322386036959074], [-0.6204417818987054, 0.37391656423923686, 0.6893753681862184], [-0.5661451718532089, 0.3947427865674594, -0.7236420225776403]], "T": [-0.02715500650902281, 0.06910959637660835, -0.05215323728538703], "aligned_model": [[-0.7171801607206699, -0.03980218850701793, 0.5046390784585834, 0.6107256655118503, -0.5338606288156714, 0.28759968370142946, -0.2660393849686895, 0.37417153232633665, 0.025123384610686837, -0.12928478686201983, -0.2933685705300468, 0.05404197815823551], [-0.3751259938708898, -0.5963181371857336, -0.28582653415627246, -0.38547749382456736, 0.6116543187741936, 0.6536466206190974, 0.30652571611778817, 0.4717800889017662, -0.4786879959857911, 0.6262798412483168, 0.11044335099481417, 0.007237608417917471], [-0.1666506276965369, 0.1433505787410532, 0.5864860542246221, -0.19794756294934987, 0.10781001616800467, 0.26832188061450535, 0.6227632250107956, -0.19246010284426385, -0.4933972823139321, -0.5178615680918203, -0.6080042382187605, 0.012781917210039039]], "inverted": false, "swapped": true, "error_lsq": 0.04289474492176592, "error_max": 0.2313603243659779, "target": "126.xyz", "model": "26.xyz", "model_rescale": 3.6694154284099745, "target_rescale": 4.205355885150367},
