[{"mapping": [5, 0, 10, 2, 3, 4, 7, 1, 6, 9, 8, 11], "R": [[-0.2346562909491245, 0.8689133973687622, 0.4358049253864347], [0.8402679251805965, 0.4067270832486245, -0.3585008977182104], [-0.48875989916389023, 0.2820684094774574, -0.8255611263523506]], "T": [0.07557229244411666, 0.046072582596599916, -0.0012572312371198803], "aligned_model": [[-0.26538343525598285, -0.34450959653448987, 0.5054866991169473, -0.5645757164876866, 0.6744324657240673, 0.16265691650193725, -0.061718894821739714, -0.5741012135149691, 0.009224103592288882, 0.5654328200824607, 0.06463391238586776, 0.03030442380334937], [-0.6968626492961556, -0.11906278266520487, -0.4795967660971003, 0.5036075438656185, 0.23136276538537362, 0.3624791332854929, -0.6867955956993195, -0.041960263164135474, 0.10040735665874304, 0.15388810992897875, 0.632268489608782, 0.00653715441937211], [0.14186078122414264, 0.42188921113657823, 0.023373739997365164, 0.1708547423836281, 0.28346466080515986, 0.7367479379029084, -0.5849169548829826, -0.2696880663530791, -0.7208405395612186, -0.3444319680052706, -0.24489261687532457, 0.03367163756316971]], "inverted": false, "swapped": false, "error_lsq": 0.05033912029658888, "error_max": 0.2997931262399958, "target": "127.xyz", "model": "0.xyz", "model_rescale": 3.751011558992144, "target_rescale": 3.7601181773343373},
{"mapping": [3, 12, 13, 6, 9, 11, 2, 0, 8, 5, 4, 14], "R": [[-0.5454325214179225, 0.4112073722641211, 0.7303505059732103], [0.05059623565505533, -0.8536362558661748, 0.518406369181858], [0.8366261922251932, 0.31970867937298064, 0.44479543030067104]], "T": [-0.025291990991696284, 0.10907479554527516, -0.056263653472434824], "aligned_model": [[-0.26749402644470854, -0.10686213940722594, 0.3733587682821142, -0.44235279160355817, 0.548035363488203, 0.0419163324236773, 0.0934848491841309, -0.6224353391870917, 0.08710346344503006, 0.5299826688144321, -0.02460422824772331, -0.008250436155229437], [-0.6045714720251805, -0.25149892289840003, -0.4857840650465511, 0.6070581779527569, 0.06848622815351701, 0.3977037713133183, -0.529780036514303, -0.27627572415062795, 0.20467709875192958, -0.051704155162125454, 0.7928814361988341, 0.09508015965727704], [0.06804671744628753, 0.5881802995074817, 0.06507350656680264, 0.3202978749782784, 0.26597528603745496, 0.6846191608359151, -0.5676291468136285, -0.3216488775817952, -0.7032920250168497, -0.292708632658367, -0.4537331178219753, -0.006088480144527536]], "inverted": false, "swapped": false, "error_lsq": 0.04870973279892121, "error_max": 0.3099559221954208, "target": "127.xyz", "model": "1.xyz", "model_rescale": 3.9405287249114394, "target_rescale": 3.7601181773343373},
{"mapping": [0, 1, 6, 4, 3, 7, 5, 2, 9, 11, 8, 12], "R": [[0.09764272577784217, -0.21283267222503047, 0.9721975888348139], [0.5412426535934198, -0.8084177045962447, -0.23133785861050088], [0.8351779978147332, 0.5487832618884175, 0.03625801204261031]], "T": [0.04689612474867391, 0.027356845989484787, -0.004563115752920156], "aligned_model": [[-0.042761810245286275, -0.5432429944292025, 0.41888588441448005, -0.2832748037177055, 0.4057863376177979, 0.28675400467316736, -0.1057449729063388, -0.5372749297067154, 0.1679019026638186, 0.5247177120113565, -0.05152409422360546, -0.03833975155971599], [-0.7990888165977541, -0.17653299312574128, -0.2948467651254434, 0.5745605337392398, 0.42152436761384915, 0.15603503455546525, -0.43794950116248693, -0.214889481321679, 0.29186446580884634, -0.28398390392238315, 0.6993255973366665, 0.030253958431865523], [0.10442775431993206, 0.48266484514402297, 0.22601039763857844, 0.2839693850013757, 0.20190590994379853, 0.7402992704511667, -0.5414681157142825, -0.25800053122731653, -0.7567429000190927, -0.43160849651153316, -0.3780081958117154, -0.02635675787985744]], "inverted": false, "swapped": false, "error_lsq": 0.0678592956036707, "error_max": 0.4014768759294522, "target": "127.xyz", "model": "2.xyz", "model_rescale": 3.932901565614263, "target_rescale": 3.7601181773343373},
{"mapping": [4, 7, 0, 9, 3, 8, 2, 6, 10, 1, 11, 13], "R": [[-0.08967528838712152, -0.785855048016102, 0.6118743221939424], [-0.34139912395211036, -0.5528754892398573, -0.7601153409598571], [0.9356307930040664, -0.27705691997385373, -0.2187109560062857]], "T": [0.0015998748522157262, 0.04083536562674898, 0.0038224442591121045], "aligned_model": [[-0.22345639603642434, -0.2513964424772415, 0.42702319805882005, -0.555413765305621, 0.4325664625029616, 0.10575564099482747, 0.06056289606885955, -0.3901267987319764, -0.11164661371996835, 0.4923185277888186, 0.3113306944538569, -0.09563491900486225], [-0.7931966236770139, -0.1474578291934008, -0.4716549012172639, 0.37560607481726255, 0.11639578235174713, 0.5786845229800429, -0.6691662080146455, -0.198674149895044, 0.3807262246341549, -0.12243518603971357, 0.8570873883085467, 0.060357401175772395], [0.13407880797882527, 0.6443543197729664, 0.07675427273617885, 0.3465429080996035, 0.2669648046540807, 0.49234735237077215, -0.4281740612059766, -0.5020210748838518, -0.616495923267201, -0.5265609562454362, -0.184613627723398, -0.05608425695148611]], "inverted": true, "swapped": false, "error_lsq": 0.05082813920203098, "error_max": 0.25779122944470895, "target": "127.xyz", "model": "3.xyz", "model_rescale": 3.9243930471874484, "target_rescale": 3.7601181773343373},
{"mapping": [3, 4, 0, 8, 1, 7, 6, 10, 11, 5, 9, 12], "R": [[-0.594457151302025, -0.31299239631398335, -0.7407134770716084], [-0.36483844799882725, 0.9258539343758777, -0.09842458566087708], [0.7165986339141939, 0.21173155657657328, -0.6645721524574837]], "T": [-0.04822683545258469, 0.024056198426824858, -0.03416351744197596], "aligned_model": [[-0.15312806752863067, -0.357311130552346, 0.5921763008449207, -0.40878118067569325, 0.5745292307273857, 0.090535092560831, 0.005148038983811137, -0.7146575567015298, -0.11539665185570139, 0.6007593843776035, 0.025749045800246728, 0.0622599786111529], [-0.6313523730484034, -0.10420441013850396, -0.45881108973964546, 0.49237062799931713, 0.2771619170967334, 0.22272653111566693, -0.48007290314509016, -0.042723322724155466, 0.24309999215876835, -0.21940570514798932, 0.6846765548074727, -0.0171933230037259], [0.07714104809961447, 0.45612556488926637, 0.24875936675028906, 0.18267404413616484, 0.2072338255324702, 0.7301623195905563, -0.548480041057447, -0.25447763149136937, -0.7915551688215033, -0.3393950488294356, -0.27037466346444367, -0.05072104999908533]], "inverted": false, "swapped": false, "error_lsq": 0.0435937308767925, "error_max": 0.24849949556538964, "target": "127.xyz", "model": "4.xyz", "model_rescale": 3.8936222436046832, "target_rescale": 3.7601181773343373},
{"mapping": [0, 1, 2, 6, 4, 5, 3, 9, 8, 10, 7, 11], "R": [[0.2755184085193893, -0.8738262107062069, 0.4006461781294993], [0.1383760853832332, -0.37638516997776433, -0.9160711013970595], [0.9512842191274671, 0.3078343017008357, 0.01721560732021582]], "T": [0.005893815826945235, 0.025423598021405446, -0.11553806392114443], "aligned_model": [[-0.2811199443661164, -0.2683612513831234, 0.47612954017184483, -0.4918519708814278, 0.6384563970531394, 0.0813294949109683, 0.034873894134704986, -0.5838783192868949, -0.14219972146348106, 0.5753483377222861, 0.11951959002159368, 0.04363643795855726], [-0.8033659314914317, -0.26784678081979146, -0.5099025392334774, 0.558907115796417, 0.11357658638673906, 0.4905514192583959, -0.43048578015490885, -0.09801867980811596, 0.11116102859311838, 0.07238935042120975, 0.6494736077770555, 0.07983309950523457], [0.00043316616093599936, 0.5786416031427865, 0.10686417358045155, 0.20423231648357185, 0.35639225973009814, 0.5441106496221517, -0.4642339576069623, -0.2532579844438453, -0.8342732192757392, -0.38569202942884095, -0.24744066492163677, 0.04131625229210553]], "inverted": true, "swapped": false, "error_lsq": 0.045953678633100105, "error_max": 0.2535761676498149, "target": "127.xyz", "model": "5.xyz", "model_rescale": 3.6523030999806103, "target_rescale": 3.7601181773343373},
{"mapping": [1, 6, 2, 9, 4, 10, 0, 5, 7, 3, 11, 12], "R": [[0.8806832967022972, 0.39243711511046886, 0.2653112164861232], [0.2802525463597595, 0.019903137867770183, -0.9597199463186579], [-0.3819102527668573, 0.9195634702329087, -0.09245313972367876]], "T": [-0.0954995331002519, 0.003814431755547723, 0.04975358712619138], "aligned_model": [[-0.030769026721071513, -0.26186822650940345, 0.479553969253306, -0.4383392703316768, 0.44801265629973247, 0.0797378956007374, 0.03782234543688824, -0.5563471182276593, -0.094850509559728, 0.34776379204063557, 0.28561171061479934, -0.09444573330450934], [-0.6876869233248555, -0.2117514831928689, -0.3820688942325805, 0.6323486327265013, 0.15846266717782548, 0.4211443052596495, -0.6188338585477415, -0.24555435145597965, 0.31270139828167853, -0.14713372279463527, 0.7514327885619326, -0.01678806222848119], [0.05302520130021403, 0.6400732092275522, 0.36058981790433714, 0.1500957416054243, 0.14879915836150084, 0.6852067025724133, -0.7129377749492001, -0.3853765580356714, -0.5596776890452181, -0.46344518739584295, -0.2155575804131089, -0.05370247579732379]], "inverted": false, "swapped": false, "error_lsq": 0.044723121752292004, "error_max": 0.2548028337133369, "target": "127.xyz", "model": "6.xyz", "model_rescale": 4.08911054899281, "target_rescale": 3.7601181773343373},
{"mapping": [9, 1, 3, 13, 6, 2, 8, 11, 10, 4, 7, 14], "R": [[-0.3031442418208153, 0.1709186279962544, -0.9374915419643854], [0.725430770735028, 0.6793313700653911, -0.110720759191138], [0.617943173375729, -0.7136495724436167, -0.32992502516386507]], "T": [0.009153036904503864, 0.0715547578373269, -0.09902184857824055], "aligned_model": [[-0.20107414121913686, -0.3568358263996477, 0.5800993408116453, -0.48459722089906054, 0.4221177695811435, 0.08953526840656145, 0.1163575246485583, -0.5447583767849749, -0.22632928318450596, 0.5920094695735811, 0.29420199760877574, -0.0788440375508893], [-0.6598522088183698, -0.12485448462022272, -0.4443927712497947, 0.5554561426318951, 0.13284849558421796, 0.4112985490759196, -0.4817260262137386, -0.06391814845113308, -0.014746038801986744, -0.05845604769191301, 0.7762597004589711, -0.06164466567340024], [0.0891421506710156, 0.5054792848119142, 0.08609946718372473, 0.14169511190530393, 0.17455843896419615, 0.6277878902563678, -0.4831267106827925, -0.23816314512041747, -0.7745772851834833, -0.47348821428305293, 0.04735778929359748, -0.05567221248129664]], "inverted": false, "swapped": false, "error_lsq": 0.05091892191796666, "error_max": 0.3735051228089222, "target": "127.xyz", "model": "7.xyz", "model_rescale": 3.964800864290218, "target_rescale": 3.7601181773343373},
{"mapping": [11, 9, 12, 5, 7, 8, 4, 6, 0, 2, 1, 13], "R": [[-0.9569624587242824, 0.00919215819722112, 0.2900661249095684], [0.10707228096585206, 0.9401677582482557, 0.32345032539668117], [-0.26973761183999856, 0.34058786029177046, -0.9006894748917229]], "T": [-0.0826328412722575, 0.029670186368040596, -0.09801894784611333], "aligned_model": [[-0.32580511231770876, -0.13312730731866712, 0.3870211116298004, -0.5425820607654182, 0.5764827354622806, 0.03134102035190983, 0.10921601977474438, -0.40002205866679647, -0.11235458641349622, 0.4047902881207484, 0.3023362691125184, -0.09541383437786499], [-0.7372401602794448, -0.21806264297231065, -0.39941333423209835, 0.6017772167872757, 0.1984724713751888, 0.3480566386673232, -0.5733941915173302, -0.31198696856646846, 0.35018113452794997, -0.01749074441141975, 0.6711223647964841, 0.05425071205529523], [0.10160342387938052, 0.5422430930046047, 0.30939660679242903, 0.3022446955202274, 0.11156542667635795, 0.5924139650904242, -0.40559132250700647, -0.4430411157459129, -0.7379788860439183, -0.5438925479782986, -0.15682182202206785, -0.025048951331142766]], "inverted": true, "swapped": false, "error_lsq": 0.047531265867649226, "error_max": 0.23446194888380836, "target": "127.xyz", "model": "8.xyz", "model_rescale": 4.121658175737393, "target_rescale": 3.7601181773343373},
{"mapping": [4, 0, 1, 10, 2, 3, 9, 5, 7, 6, 11, 12], "R": [[-0.731544820030668, 0.41297430542007885, 0.5424890776311548], [-0.6069929630264689, -0.7568452067480766, -0.2423734223441368], [0.31048626237346744, -0.5065940742697893, 0.8043386878623269]], "T": [0.06664246994404287, 0.07246234787787179, -0.0948431774758964], "aligned_model": [[-0.14700722517091586, -0.22019799512665666, 0.3625911555535324, -0.5164240056307225, 0.5565025377567477, 0.09775358965453167, -0.022666022741291633, -0.5309887827428023, -0.08512370838565479, 0.564981075318409, 0.04056819868059973, 0.10189366742627366], [-0.7837168971001864, -0.2566042127718341, -0.42575448504345026, 0.4560709973389486, 0.16272004717190705, 0.6137669138723613, -0.4602826357580774, -0.07661828101029147, 0.30704961611674464, -0.2730760197273018, 0.6973663857225171, 0.005351067419107153], [0.002310442965197723, 0.5595741124717917, 0.27815290640889967, 0.20408611134477936, 0.38913731029149856, 0.4784852245188933, -0.7284018508282175, -0.14311074607053975, -0.7089659266137432, -0.43016976604330603, -0.20368779340632542, -0.050317459703851174]], "inverted": true, "swapped": false, "error_lsq": 0.049001482290410785, "error_max": 0.28401875265669824, "target": "127.xyz", "model": "9.xyz", "model_rescale": 3.833441315466971, "target_rescale": 3.7601181773343373},
{"mapping": [8, 12, 13, 6, 5, 1, 9, 7, 3, 2, 4, 14], "R": [[-0.656728345155148, -0.6170321669499779, 0.4335656647138881], [-0.4854910908450478, -0.09401048148103303, -0.8691722672070192], [0.5770669643809689, -0.7813023322125174, -0.23782427188875088]], "T": [-0.07601913077542599, -0.06291129608981443, 0.12689642934352552], "aligned_model": [[-0.13210315623330965, -0.45493448459527674, 0.6699869550222564, -0.328543423631673, 0.5371269519397087, 0.10213293481122754, -0.01724927361423867, -0.5590165428474877, -0.03588673633480647, 0.4439635442505706, 0.047345966441386195, -0.07094025061630702], [-0.8075598507762334, 0.04481479524739569, -0.33631692350912695, 0.5558030935619901, 0.22249957959932481, 0.347936048604106, -0.4697982192103206, -0.130706546615456, 0.18177475538922966, -0.2168453854013584, 0.6538203175130827, -0.07914916817218887], [-0.09651456964400618, 0.5827892908752205, 0.19331046598434393, 0.2479482926094947, 0.12163194869919547, 0.7143274753387033, -0.5723168873313612, -0.32701025789480165, -0.7054736667529699, -0.34487954370752877, -0.20019595354105463, 0.0334759706998415]], "inverted": false, "swapped": false, "error_lsq": 0.047611649001831846, "error_max": 0.2879544235772714, "target": "127.xyz", "model": "10.xyz", "model_rescale": 4.2482417240324, "target_rescale": 3.7601181773343373},
{"mapping": [7, 5, 9, 6, 10, 4, 3, 2, 1, 8, 0, 11], "R": [[-0.3657940078634419, -0.03180226647684892, -0.9301523314264906], [-0.890614030188933, -0.2781766312190401, 0.3597560438328351], [-0.27018769964938594, 0.9600033217080877, 0.07343180011147449]], "T": [-0.018870736413785182, 0.016520425029717557, -0.08281362394703637], "aligned_model": [[-0.000721112081773511, -0.33495494074376747, 0.5169455525748605, -0.4791844782714411, 0.5992662404352134, 0.0167807052389843, -0.08382844654991396, -0.6879827271699709, -0.054865345776725735, 0.4239133655204576, 0.2598555385205145, 0.026658132895612658], [-0.6447248269470972, -0.18454689318992945, -0.3269549741745716, 0.39663852381101017, 0.155176295336848, 0.3739457875118361, -0.5631460921621051, -0.1166633080549296, 0.33927621989832796, -0.18085658113415704, 0.7124403003350208, 0.005688045000191379], [0.06203648675391449, 0.5682231489303268, 0.4408622841629286, 0.17037331919750096, 0.034163254177853014, 0.7151936850388221, -0.6465856090547736, -0.36970824476208275, -0.7102525761437761, -0.45943330673975247, -0.19165601803202778, 0.03387614180614398]], "inverted": false, "swapped": false, "error_lsq": 0.04964158598667339, "error_max": 0.35578235813795006, "target": "127.xyz", "model": "11.xyz", "model_rescale": 3.6694154284099745, "target_rescale": 3.7601181773343373},
{"mapping": [0, 12, 1, 7, 2, 10, 4, 6, 11, 3, 9, 13], "R": [[-0.29717522572590716, -0.9166064156347716, 0.26743141930583353], [0.07568231330509823, -0.3018158694612385, -0.9503574950481244], [0.9518188234467446, -0.26218287464770285, 0.15906309306033833]], "T": [-0.07260519160713311, 0.02828680442933712, -0.00019867579573551106], "aligned_model": [[-0.28155724161382856, -0.056042266354040346, 0.4828722210847428, -0.5712901608299611, 0.5324023425331956, 0.05308590570625313, 0.12680552611092263, -0.5321848343620907, -0.11950375666634454, 0.6670325397046362, -0.03216568650273274, -0.06757210421870184], [-0.655014329578582, -0.12456454992097465, -0.5852455934201828, 0.5379167155750373, 0.04388639257345839, 0.48144215615146474, -0.42997354093362694, -0.09496717018250679, 0.30827595326295465, -0.22938922806159945, 0.8075384810536033, -0.0936327902886007], [0.013085355480566042, 0.6617156942301953, 0.1772733920902267, 0.20898061000091556, 0.24482399637051497, 0.42686193181188975, -0.5460113462947621, -0.30589434662095083, -0.6816935400741743, -0.3576731354470928, -0.1894544228558187, -0.00492162335643281]], "inverted": true, "swapped": false, "error_lsq": 0.046078942098282456, "error_max": 0.28385220164591507, "target": "127.xyz", "model": "12.xyz", "model_rescale": 3.9764082729961374, "target_rescale": 3.7601181773343373},
{"mapping": [8, 1, 11, 9, 13, 12, 3, 7, 4, 14, 5, 15], "R": [[-0.48685823975924686, -0.18202941925807975, -0.8543034267185716], [-0.8726399109790002, 0.1442717552675275, 0.46656751537005775], [0.03832284103625505, 0.972651505502661, -0.2290860290334551]], "T": [-0.012366122042858849, 0.06758306970067487, 0.007506597797328925], "aligned_model": [[-0.17330629222851263, -0.32633537869956336, 0.44574508122639694, -0.36209492570733753, 0.5705416322544818, 0.15298562148344252, 0.06782637462420883, -0.5262410794538495, -0.18600205689734128, 0.64925276297944, -0.10514255481653488, -0.005346700172780508], [-0.607703307599353, -0.04935843429427651, -0.5663005765406682, 0.4999574500781051, 0.14515573056679443, 0.3101641684021702, -0.6312203443296426, -0.1706597758690973, 0.34169188849398413, -0.22688955965791632, 0.8826867752146867, 0.038748481765658344], [0.1406959626211238, 0.547016160992302, 0.1448759801806852, 0.23607012419265716, 0.1768629630543809, 0.5740988201352777, -0.4547556647025278, -0.49269993315129873, -0.6332575080686089, -0.3306566188829558, -0.16518500192262403, -0.09597271911333477]], "inverted": true, "swapped": false, "error_lsq": 0.04751813891096712, "error_max": 0.28572371111024447, "target": "127.xyz", "model": "13.xyz", "model_rescale": 4.170626492500431, "target_rescale": 3.7601181773343373},
{"mapping": [6, 11, 12, 1, 10, 9, 4, 2, 0, 8, 7, 13], "R": [[-0.7219451691323572, -0.4078880025482472, -0.5589477168247969], [-0.38898217866787177, 0.9073008561696462, -0.15968099784452403], [0.5722657052849212, 0.10213977565585375, -0.8136826339450312]], "T": [-0.0645283023972077, -0.048466809285207475, -0.043029033744220097], "aligned_model": [[-0.4502426141373306, -0.09213722197384379, 0.5626994686099747, -0.363484672886254, 0.393726766758084, -0.026714157701151556, 0.16061047289861397, -0.5322250323222251, -0.24858723779765424, 0.5687228709210754, 0.2980964990093996, -0.06858265678663827], [-0.7441599293761505, -0.2546898621338416, -0.4111123934579983, 0.6524274242315757, 0.16502809465091947, 0.4171761929906756, -0.4868027138256746, -0.2436755480807778, 0.32094889686566325, 0.03133651068567455, 0.6367244789703798, -0.11692865529000071], [0.23032937459007527, 0.6325221864935542, 0.060795937931719085, 0.05790080258916136, 0.2074715102903427, 0.6188267839051271, -0.553163621124853, -0.46265444330807426, -0.47374094543948564, -0.422740337786602, -0.2806126080760227, 0.03215792527013481]], "inverted": true, "swapped": false, "error_lsq": 0.055490118584697656, "error_max": 0.29169270594898317, "target": "127.xyz", "model": "14.xyz", "model_rescale": 3.9786697098870705, "target_rescale": 3.7601181773343373},
{"mapping": [3, 9, 8, 1, 7, 6, 2, 0, 4, 5, 10, 11], "R": [[0.38924103267341803, 0.6368723195101333, 0.6654961060179947], [-0.8955189585758707, 0.4308356723289417, 0.11147384572202002], [-0.21572485557885768, -0.6393545746224482, 0.7380301583233773]], "T": [0.01922385331788612, 0.03589235417422379, 0.0009751125610737814], "aligned_model": [[-0.22888809528896686, -0.1517030911275312, 0.34070399346992614, -0.3891533504301036, 0.5586130418930919, -0.10250055708979411, -0.0625387569969672, -0.6224848845631555, -0.002074969470788668, 0.665860271480613, 0.21011513797084153, -0.014066255255114943], [-0.8363266171770071, -0.28877238154864293, -0.3737228829095395, 0.5764512682211355, 0.32172752597220833, 0.3915947111955227, -0.5684752551956791, -0.18042846609910027, 0.18862557957909826, -0.12272049448116076, 0.8054844988191283, 0.05283500985448118], [0.15205045560608763, 0.5037584228347729, -0.032100604492857024, 0.04216019961619928, 0.2544185247897097, 0.6981226521280659, -0.617007156250939, -0.15783541770106038, -0.591590202063726, -0.44775965840842735, -0.25123400075818686, 0.0941093500354379]], "inverted": false, "swapped": false, "error_lsq": 0.04591390839615977, "error_max": 0.24494999375929175, "target": "127.xyz", "model": "15.xyz", "model_rescale": 3.769337070930944, "target_rescale": 3.7601181773343373},
{"mapping": [7, 8, 1, 3, 0, 6, 2, 9, 4, 10, 11], "R": [[-0.6374151184734983, 0.7686791606098354, -0.05323828308252676], [0.0779718427704828, -0.0043909817997847544, -0.9969458917182064], [-0.7665652995514418, -0.639619470719109, -0.05713645246789201]], "T": [-0.046571963193286665, 0.15186000782123618, -0.0008823646619430386], "aligned_model": [[-0.26568798375303676, -0.3842253445150913, -0.05873188267615248, -0.7570976790855315, 0.4021749595432467, 0.36282826288761005, 0.6409590265110958, 0.38603345926667343, 0.13516966581495712, -0.5434145792978438, 0.004618225995243391], [-0.11534009381802593, -0.5473562038951795, 0.7358932270896646, 0.36621904289039275, 0.22665022569875884, -0.38214671217499796, 0.2515857311550426, -0.3041265846843946, 0.2893531202881048, -0.0551350988241851, 0.13046784390016164], [-0.5712698947547001, 0.10315497028528565, -0.23517752555419774, 0.0007842271910322943, -0.6436192546794742, -0.36814659453825693, 0.035890638807612285, 0.3076345752703721, 0.5873894986516341, 0.58496187337652, -0.057384906832050456]], "inverted": true, "swapped": true, "error_lsq": 0.0510925970610278, "error_max": 0.26947252505907904, "target": "127.xyz", "model": "16.xyz", "model_rescale": 3.7852294659196426, "target_rescale": 3.7601181773343373},
{"mapping": [9, 10, 11, 4, 7, 5, 8, 0, 3, 2, 1, 12], "R": [[-0.2698565133218685, 0.06163472094236411, -0.9609259198253117], [0.840215872740806, 0.5025270344412522, -0.20372497846382653], [0.4703347206109391, -0.8623617227301069, -0.18739666421201934]], "T": [0.03963058067195953, 0.018013997624221154, -0.029253472703046485], "aligned_model": [[-0.3284858513300516, -0.28789778190502596, 0.5269190745344868, -0.490118735436802, 0.6464157623624734, 0.042359294676722545, 0.04728946877460195, -0.6000538351048307, -0.12948367574351727, 0.5487131813282372, 0.20283094778043093, 0.023394634655324948], [-0.7623418415923235, -0.29194291649438486, -0.5151454876899076, 0.4277061476519094, 0.16580168781066087, 0.5337707602824493, -0.5065491158271511, -0.06127571392668549, 0.2782254142873657, 0.09516169175742896, 0.6619030494454982, -0.05904117947441466], [0.023631706719854775, 0.6385091785263031, 0.09811591687716842, 0.201624610660412, 0.2891763423058319, 0.37841860930965054, -0.4152337736145092, -0.25345013992448884, -0.761500533521836, -0.35935975866143144, -0.21098592266019284, 0.01814632931831437]], "inverted": true, "swapped": false, "error_lsq": 0.047673028193797436, "error_max": 0.3384888156451816, "target": "127.xyz", "model": "17.xyz", "model_rescale": 3.901054581598922, "target_rescale": 3.7601181773343373},
{"mapping": [3, 12, 13, 6, 9, 11, 2, 0, 8, 5, 4, 14], "R": [[-0.5454325214179225, 0.4112073722641211, 0.7303505059732103], [0.05059623565505533, -0.8536362558661748, 0.518406369181858], [0.8366261922251932, 0.31970867937298064, 0.44479543030067104]], "T": [-0.025291990991696284, 0.10907479554527516, -0.056263653472434824], "aligned_model": [[-0.26749402644470854, -0.10686213940722594, 0.3733587682821142, -0.44235279160355817, 0.548035363488203, 0.0419163324236773, 0.0934848491841309, -0.6224353391870917, 0.08710346344503006, 0.5299826688144321, -0.02460422824772331, -0.008250436155229437], [-0.6045714720251805, -0.25149892289840003, -0.4857840650465511, 0.6070581779527569, 0.06848622815351701, 0.3977037713133183, -0.529780036514303, -0.27627572415062795, 0.20467709875192958, -0.051704155162125454, 0.7928814361988341, 0.09508015965727704], [0.06804671744628753, 0.5881802995074817, 0.06507350656680264, 0.3202978749782784, 0.26597528603745496, 0.6846191608359151, -0.5676291468136285, -0.3216488775817952, -0.7032920250168497, -0.292708632658367, -0.4537331178219753, -0.006088480144527536]], "inverted": false, "swapped": false, "error_lsq": 0.04870973279892121, "error_max": 0.3099559221954208, "target": "127.xyz", "model": "18.xyz", "model_rescale": 3.9405287249114394, "target_rescale": 3.7601181773343373},
{"mapping": [13, 7, 12, 5, 1, 8, 14, 11, 10, 3, 2, 15], "R": [[0.3961920986148396, 0.9180390206093038, -0.01536807189858308], [-0.48064420591753704, 0.22163155494205608, 0.8484459919004079], [0.7823125771154837, -0.3287610233781937, 0.5290588069338356]], "T": [0.07159308791604146, -0.08107056536150314, 0.1323620269096081], "aligned_model": [[-0.3118919198791913, -0.3107495532940686, 0.4598281316486777, -0.4202437208949589, 0.63445582875554, -0.09675370866381092, 0.022738927690022392, -0.5167239514282499, -0.024513804920370696, 0.6566511614746537, 0.04222278232227944, 0.06686231178152757], [-0.6213653180254346, -0.26813617255405897, -0.460696733146096, 0.5878042725949455, 0.25674051586081603, 0.3961978807863213, -0.5133868019390426, -0.09072217392108575, 0.14173263321734123, -0.09607661607609141, 0.6863323814957266, -0.05215137206289622], [0.021228438773173514, 0.693116975402709, 0.05958438088766613, 0.17669764922636036, 0.06462258228910644, 0.6946309500495058, -0.5083055192453608, -0.283574398003138, -0.6153185444568631, -0.486435568334428, -0.27452295108443825, 0.1053685698307832]], "inverted": true, "swapped": false, "error_lsq": 0.04118776003652148, "error_max": 0.21177446658262195, "target": "127.xyz", "model": "19.xyz", "model_rescale": 4.410303926677745, "target_rescale": 3.7601181773343373},
{"mapping": [11, 9, 12, 5, 7, 8, 4, 6, 0, 2, 1, 13], "R": [[-0.9569624587242824, 0.00919215819722112, 0.2900661249095684], [0.10707228096585206, 0.9401677582482557, 0.32345032539668117], [-0.26973761183999856, 0.34058786029177046, -0.9006894748917229]], "T": [-0.0826328412722575, 0.029670186368040596, -0.09801894784611333], "aligned_model": [[-0.32580511231770876, -0.13312730731866712, 0.3870211116298004, -0.5425820607654182, 0.5764827354622806, 0.03134102035190983, 0.10921601977474438, -0.40002205866679647, -0.11235458641349622, 0.4047902881207484, 0.3023362691125184, -0.09541383437786499], [-0.7372401602794448, -0.21806264297231065, -0.39941333423209835, 0.6017772167872757, 0.1984724713751888, 0.3480566386673232, -0.5733941915173302, -0.31198696856646846, 0.35018113452794997, -0.01749074441141975, 0.6711223647964841, 0.05425071205529523], [0.10160342387938052, 0.5422430930046047, 0.30939660679242903, 0.3022446955202274, 0.11156542667635795, 0.5924139650904242, -0.40559132250700647, -0.4430411157459129, -0.7379788860439183, -0.5438925479782986, -0.15682182202206785, -0.025048951331142766]], "inverted": true, "swapped": false, "error_lsq": 0.047531265867649226, "error_max": 0.23446194888380836, "target": "127.xyz", "model": "20.xyz", "model_rescale": 4.121658175737393, "target_rescale": 3.7601181773343373},
{"mapping": [1, 6, 2, 9, 4, 10, 0, 5, 7, 3, 11, 12], "R": [[0.8806832967022972, 0.39243711511046886, 0.2653112164861232], [0.2802525463597595, 0.019903137867770183, -0.9597199463186579], [-0.3819102527668573, 0.9195634702329087, -0.09245313972367876]], "T": [-0.0954995331002519, 0.003814431755547723, 0.04975358712619138], "aligned_model": [[-0.030769026721071513, -0.26186822650940345, 0.479553969253306, -0.4383392703316768, 0.44801265629973247, 0.0797378956007374, 0.03782234543688824, -0.5563471182276593, -0.094850509559728, 0.34776379204063557, 0.28561171061479934, -0.09444573330450934], [-0.6876869233248555, -0.2117514831928689, -0.3820688942325805, 0.6323486327265013, 0.15846266717782548, 0.4211443052596495, -0.6188338585477415, -0.24555435145597965, 0.31270139828167853, -0.14713372279463527, 0.7514327885619326, -0.01678806222848119], [0.05302520130021403, 0.6400732092275522, 0.36058981790433714, 0.1500957416054243, 0.14879915836150084, 0.6852067025724133, -0.7129377749492001, -0.3853765580356714, -0.5596776890452181, -0.46344518739584295, -0.2155575804131089, -0.05370247579732379]], "inverted": false, "swapped": false, "error_lsq": 0.044723121752292004, "error_max": 0.2548028337133369, "target": "127.xyz", "model": "21.xyz", "model_rescale": 4.08911054899281, "target_rescale": 3.7601181773343373},
{"mapping": [1, 2, 0, 14, 13, 3, 8, 11, 5, 6, 12, 16], "R": [[0.3524747783884711, -0.2815651218117152, -0.8924587457015324], [0.8827711096883755, 0.4165679533889358, 0.21722409651994878], [0.3106069839838649, -0.8644028125755421, 0.3953872520857745]], "T": [0.007244191833797148, 0.048723337926307925, -0.07148383151445024], "aligned_model": [[-0.23126085482136305, -0.2672412744718939, 0.5805725206664595, -0.29009499583388426, 0.44087268512125016, 0.016537649050904317, -0.06691435294888415, -0.5923331482472636, -0.1680500572942048, 0.519968980457565, 0.21386860164188948, 0.04595673127147549], [-0.698213088902903, -0.23363561801884078, -0.42414666067411755, 0.5508005677768001, 0.37643483517914467, 0.48577167956548606, -0.4701257888446011, -0.28366188048979935, 0.1598943354456226, -0.29664534537290743, 0.7570790266060993, 0.042720433960461324], [0.05180322482833989, 0.5336483673956439, 0.14707506206083887, 0.19559377647589227, 0.3044170469173454, 0.6789701657551198, -0.5254200736728107, -0.41195425621862974, -0.745755282401538, -0.4878945569745994, -0.048943254314183185, -0.04444765451634253]], "inverted": false, "swapped": false, "error_lsq": 0.042785713892377654, "error_max": 0.21921458258227994, "target": "127.xyz", "model": "22.xyz", "model_rescale": 4.204369325754507, "target_rescale": 3.7601181773343373},
{"mapping": [13, 7, 12, 5, 1, 8, 14, 11, 10, 3, 2, 15], "R": [[0.3961920986148396, 0.9180390206093038, -0.01536807189858308], [-0.48064420591753704, 0.22163155494205608, 0.8484459919004079], [0.7823125771154837, -0.3287610233781937, 0.5290588069338356]], "T": [0.07159308791604146, -0.08107056536150314, 0.1323620269096081], "aligned_model": [[-0.3118919198791913, -0.3107495532940686, 0.4598281316486777, -0.4202437208949589, 0.63445582875554, -0.09675370866381092, 0.022738927690022392, -0.5167239514282499, -0.024513804920370696, 0.6566511614746537, 0.04222278232227944, 0.06686231178152757], [-0.6213653180254346, -0.26813617255405897, -0.460696733146096, 0.5878042725949455, 0.25674051586081603, 0.3961978807863213, -0.5133868019390426, -0.09072217392108575, 0.14173263321734123, -0.09607661607609141, 0.6863323814957266, -0.05215137206289622], [0.021228438773173514, 0.693116975402709, 0.05958438088766613, 0.17669764922636036, 0.06462258228910644, 0.6946309500495058, -0.5083055192453608, -0.283574398003138, -0.6153185444568631, -0.486435568334428, -0.27452295108443825, 0.1053685698307832]], "inverted": true, "swapped": false, "error_lsq": 0.04118776003652148, "error_max": 0.21177446658262195, "target": "127.xyz", "model": "23.xyz", "model_rescale": 4.410303926677745, "target_rescale": 3.7601181773343373},
{"mapping": [10, 4, 1, 5, 0, 2, 11, 9, 13, 7, 12, 16], "R": [[-0.19816115789174438, -0.2855604453839823, 0.9376499280302351], [0.8866651993778206, -0.4599866962122614, 0.047297605859266234], [0.41780016720352436, 0.8407541087261069, 0.3443480055770278]], "T": [-0.1257523559461757, -0.03301002383864193, -0.13793462630121464], "aligned_model": [[-0.24281579329353437, -0.3446621668305836, 0.553180589921494, -0.3489059491233162, 0.44335970984412243, 0.10486407502853601, -0.026397584183096276, -0.6020053319130564, 0.0476218343567934, 0.48647162128100674, 0.18753228922350304, -0.05636080971981863], [-0.6069321947943339, -0.015619274708830063, -0.5268671850349593, 0.4793208550058832, 0.32138521551182175, 0.31366807609101466, -0.5308058316363987, -0.41949449735675526, 0.3311733051726672, -0.023439912505946424, 0.7071624147384887, -0.06327847425220712], [0.14613128083574076, 0.5144919439229041, 0.03952102709111857, 0.15072014650266677, 0.2097739901922431, 0.674176393185671, -0.51615341176493, -0.2653427824000323, -0.7136937051147123, -0.39681898534885585, -0.15109999964912135, -0.04461333211761602]], "inverted": true, "swapped": false, "error_lsq": 0.0415141113765218, "error_max": 0.23110628242349, "target": "127.xyz", "model": "24.xyz", "model_rescale": 4.28219845311461, "target_rescale": 3.7601181773343373},
{"mapping": [14, 11, 6, 9, 1, 5, 2, 13, 4, 0, 3, 15], "R": [[-0.7022991010796065, 0.10972950789189657, -0.7033743012938266], [0.1509511823730202, -0.9426262278616171, -0.29777430226190743], [-0.6956936920534523, -0.31530180723424467, 0.6454417535237826]], "T": [-0.08906591235540696, 0.002914196794058349, 0.00011177779595507309], "aligned_model": [[-0.2500745436438588, -0.32547803826065036, 0.5643942071882995, -0.5235251466425551, 0.428522952649819, 0.1386944332769341, -0.020453724781027263, -0.5510799115110688, 0.1161104742638777, 0.5723336520614133, 0.0846466407741533, -0.03220851078328636], [-0.7239250174416079, -0.1235583058728596, -0.6134528776430235, 0.46501428941852796, 0.37252332455796344, 0.4262020860129324, -0.5119147365478549, -0.1530279382661986, 0.265992613734654, -0.1698274997931639, 0.7437259999027168, -0.011479441831641202], [0.1611260696912012, 0.4740221955361902, 0.07276600462976653, 0.23374046186097092, 0.07338017714300239, 0.7031290384035508, -0.4460087905465113, -0.33921339373431186, -0.6505348005702082, -0.4451579095680227, -0.14503354978964872, -0.04512293772090227]], "inverted": false, "swapped": false, "error_lsq": 0.037628070307729904, "error_max": 0.21455438467231058, "target": "127.xyz", "model": "25.xyz", "model_rescale": 4.100010024507729, "target_rescale": 3.7601181773343373},
{"mapping": [7, 5, 9, 6, 10, 4, 3, 2, 1, 8, 0, 11], "R": [[-0.3657940078634419, -0.03180226647684892, -0.9301523314264906], [-0.890614030188933, -0.2781766312190401, 0.3597560438328351], [-0.27018769964938594, 0.9600033217080877, 0.07343180011147449]], "T": [-0.018870736413785182, 0.016520425029717557, -0.08281362394703637], "aligned_model": [[-0.000721112081773511, -0.33495494074376747, 0.5169455525748605, -0.4791844782714411, 0.5992662404352134, 0.0167807052389843, -0.08382844654991396, -0.6879827271699709, -0.054865345776725735, 0.4239133655204576, 0.2598555385205145, 0.026658132895612658], [-0.6447248269470972, -0.18454689318992945, -0.3269549741745716, 0.39663852381101017, 0.155176295336848, 0.3739457875118361, -0.5631460921621051, -0.1166633080549296, 0.33927621989832796, -0.18085658113415704, 0.7124403003350208, 0.005688045000191379], [0.06203648675391449, 0.5682231489303268, 0.4408622841629286, 0.17037331919750096, 0.034163254177853014, 0.7151936850388221, -0.6465856090547736, -0.36970824476208275, -0.7102525761437761, -0.45943330673975247, -0.19165601803202778, 0.03387614180614398]], "inverted": false, "swapped": false, "error_lsq": 0.04964158598667339, "error_max": 0.35578235813795006, "target": "127.xyz", "model": "26.xyz", "model_rescale": 3.6694154284099745, "target_rescale": 3.7601181773343373},
{"mapping": [11, 10, 2, 8, 0, 4, 12, 9, 7, 6, 5, 13], "R": [[0.36304827249137694, 0.7923086978270175, 0.4903497519002973], [0.3099741911661867, -0.5989808770350821, 0.7383345513770518], [0.878699011409422, -0.1160553156642995, -0.4630542204258207]], "T": [0.004525435928448722, 0.06386970212234488, -0.10472122517764224], "aligned_model": [[-0.15086348395567906, -0.3265878097716081, 0.42361402264448833, -0.45161764784988234, 0.5611515874787544, 0.06729023421250269, 0.0422427063615538, -0.597323216394787, -0.19266451267744927, 0.5060824956902255, 0.27987673284166203, 0.04068137601226938], [-0.7489617163187725, -0.11950690858865914, -0.3616573494500983, 0.4414048941033061, 0.29134789593307864, 0.2896594260623789, -0.6604221740813012, -0.18526910847949768, 0.41747879262365417, -0.22931974015309298, 0.8017909197501365, 0.02972756482931238], [0.12185070163024142, 0.36285524670557323, 0.2199649788220023, 0.1356074214027074, 0.16978622806187163, 0.6830669130602799, -0.4267639225547567, -0.3061451269841482, -0.5865980351634351, -0.47033153485959145, -0.17977080601643733, -0.07642949876923019]], "inverted": true, "swapped": false, "error_lsq": 0.04139104552762271, "error_max": 0.22647700211655775, "target": "127.xyz", "model": "27.xyz", "model_rescale": 4.103607728864725, "target_rescale": 3.7601181773343373},
{"mapping": [8, 5, 1, 10, 0, 9, 4, 13, 12, 2, 3, 14], "R": [[-0.15377902684755645, 0.29156854945086785, -0.9441079344401972], [-0.680815229501096, -0.7237452354041414, -0.11262085734522886], [-0.7161303192723996, 0.6254443342144216, 0.30980114689569876]], "T": [-0.21035675597356804, 0.04688395933256496, 0.06347322642617081], "aligned_model": [[-0.3012199619249224, 0.030251809049200606, 0.5350876377234851, -0.4388569785347213, 0.47088376839470836, -0.07448817816896877, 0.05828018102749291, -0.5159648888973781, -0.11141097246929019, 0.32072001244103177, 0.29088007892567347, -0.06228002297426147], [-0.76237436361889, -0.11989315380107837, -0.43656819626126686, 0.4994921859146658, 0.16136493438300423, 0.5343889699604805, -0.5711368488004583, -0.20955800394655605, 0.3521553555715181, -0.0245228624661673, 0.5428790784099112, 4.540088528206393e-05], [-0.032050704317179324, 0.7338711107861686, 0.17943658802016382, 0.11551857036260166, 0.24374301116999142, 0.7069035025486292, -0.5427394127754632, -0.4471281068212798, -0.732964293841289, -0.44068869010758616, -0.19397838020786956, 0.05716937051818944]], "inverted": false, "swapped": false, "error_lsq": 0.0482860996872632, "error_max": 0.3114679284331919, "target": "127.xyz", "model": "28.xyz", "model_rescale": 4.137296879288765, "target_rescale": 3.7601181773343373},
{"mapping": [7, 6, 2, 4, 5, 0, 1, 8, 10, 3, 11], "R": [[-0.7635852610810294, -0.5597839385246074, 0.3218376783872495], [0.007542381142228716, 0.490660371521419, 0.8713182612026266], [-0.6456629628114976, 0.6677532044014028, -0.37043892406864715]], "T": [-0.00040333060970021775, -0.01656266894083892, -0.04218932935554322], "aligned_model": [[0.43482936124731825, 0.12140923346617255, -0.023743235595498447, -0.4997312614150105, -0.053736202406016786, 0.6047604768013269, 0.43752355590334874, -0.3476286365721188, -0.6010165917922097, 0.10698713635049295, 0.04176517472209301], [-0.3883643901926653, -0.7503861805217258, -0.1403062225709693, 0.2611542331078648, 0.8285500171514923, -0.33518247229345727, 0.4090914748807064, -0.4765422332678091, 0.18167061173086566, 0.40219997156522247, -0.07273699294157274], [0.2999884654826977, -0.22744453102940937, -0.726396255111744, -0.3096647500786122, -0.014964607218085138, -0.432492127521802, -0.1944242766736134, 0.4884614701434311, 0.44038740808781984, 0.561055649828564, -0.07875242412624739]], "inverted": false, "swapped": true, "error_lsq": 0.05577788716273187, "error_max": 0.30177451536814387, "target": "127.xyz", "model": "29.xyz", "model_rescale": 3.607286011436655, "target_rescale": 3.7601181773343373},
