[{"mapping": [9, 10, 8, 3, 1, 6, 5, 7, 4, 0, 2, 11], "R": [[0.8078200638368405, -0.5737858386498571, 0.13489461007587866], [0.44696438869116717, 0.4471201468044719, -0.7747944305191403], [0.38425197423640456, 0.686187573252699, 0.6176544621461079]], "T": [-0.055085207817935355, -0.1747600117453602, -0.05684318292900682], "aligned_model": [[-0.018858108057501766, 0.44065035219261417, -0.4574773328472922, 0.4384390758056354, -0.6083215375474108, -0.5991255392333106, 0.12092883665064202, -0.24041061974068897, 0.3671087047146019, 0.028785619020392963, -0.5246445870167175, -0.04454270857660988], [-0.05051792447658515, 0.27402314442331144, -0.5315944001187072, -0.4529824128418893, 0.010572287418304266, 0.170103293741258, 0.34898063379645144, 0.7493431650252149, -0.83822467059679, -0.29112728738371046, -0.6856751469904565, -0.16330297524553133], [-0.6506511699264965, -0.17767893610321087, -0.3942647111096905, -0.4480702164898904, 0.34498023833103386, -0.38887316015583606, 0.5623507486361927, 0.03421240582975919, 0.12731819581029535, 0.5450004309504335, 0.3520944156974369, 0.010905233380827203]], "inverted": true, "swapped": false, "error_lsq": 0.0637658840826407, "error_max": 0.44429430253325003, "target": "128.xyz", "model": "0.xyz", "model_rescale": 3.751011558992144, "target_rescale": 3.921392431710635},
{"mapping": [9, 5, 12, 3, 6, 11, 4, 10, 2, 1, 7, 14], "R": [[0.9279821309131595, -0.25986830149615814, 0.2670536099425987], [0.3544771119298554, 0.39472179493314563, -0.8476677897163631], [0.11487010848667506, 0.8812849541903331, 0.45841213737640274]], "T": [0.015558977267582846, -0.1346669729013578, 0.0382222814996402], "aligned_model": [[0.01003804649826573, 0.5051313699256638, -0.3950367985143627, 0.10399314795821538, -0.6673486583604831, -0.6755410868360272, 0.060156940193270336, -0.14807012460679006, 0.7406311188550768, -0.1509493786279766, -0.4681071719019667, -0.012365249218531035], [0.19254989339620873, 0.1151991603365474, -0.4906402464532722, -0.839077420085481, -0.04533047443432622, 0.09406282745590297, 0.4025864348092044, 0.6659099750628664, -0.5186058971391448, -0.33342522002838976, -0.5671351574258032, -0.13649616874344242], [-0.5336940262483858, -0.25837818175589744, -0.46840306479085797, -0.24354217485512863, 0.3371903341619199, -0.28857179548338846, 0.6169655471330948, -0.0307401396943298, -0.0647310765658649, 0.6851037822799482, 0.17502633596760347, -0.008902065297859335]], "inverted": true, "swapped": false, "error_lsq": 0.0423650328026369, "error_max": 0.24936806913223977, "target": "128.xyz", "model": "1.xyz", "model_rescale": 3.9405287249114394, "target_rescale": 3.921392431710635},
{"mapping": [11, 6, 9, 3, 2, 5, 1, 0, 7, 4, 8, 12], "R": [[-0.7380884491898779, -0.38570262121887666, -0.5535873274898631], [0.4696806838832094, -0.8827657658441327, -0.0111650275692797], [-0.4843815607137434, -0.2682500524482889, 0.8327162860194393]], "T": [-0.05571691286167936, -0.15537829795399116, -0.011393020231817805], "aligned_model": [[-0.15297745749218034, 0.3493390306653651, -0.6404676259925082, 0.2930414359464638, -0.5694364130981183, -0.5729336625608034, 0.054075576538331546, 0.022751054044564054, 0.6975459631960723, -0.007480442863578615, -0.45158710006605085, -0.11933820295320217], [0.0007199556813826669, 0.09573589166855384, -0.5086776411389937, -0.5987695665614291, 0.18644669406177122, 0.28048498289880786, 0.2191287726477104, 0.6767101981574679, -0.26475078854014034, -0.5861005302509379, -0.8201207616430519, -0.14120950023027087], [-0.6997156267960272, -0.27259608256656925, -0.43991056326604655, -0.10397528434431193, 0.2774279925630585, -0.27707387127618016, 0.6777487617687707, -0.07773682992382962, 0.21118854012826244, 0.5398304584499849, 0.03436746448082344, 0.047768515632919166]], "inverted": true, "swapped": false, "error_lsq": 0.06151750397479488, "error_max": 0.32973185766249213, "target": "128.xyz", "model": "2.xyz", "model_rescale": 3.932901565614263, "target_rescale": 3.921392431710635},
{"mapping": [7, 3, 5, 2, 12, 9, 11, 8, 1, 10, 6, 13], "R": [[0.03786872639818336, 0.6313312348186277, -0.7745881689668174], [-0.36368190934503797, 0.7306930240018936, 0.5777743274758028], [0.9307531511502541, 0.25982412631885343, 0.2572741631149879]], "T": [0.03253807733192425, -0.10410381392979445, -0.09921678565299213], "aligned_model": [[-0.19021357722544247, 0.4270637113034559, -0.6037347556862025, 0.2638946664593642, -0.6333102839387786, -0.595887173491072, 0.15456833381852975, -0.0026729204842061566, 0.5631463446678868, -0.13622815816548955, -0.279341096376719, -0.06475293551697174], [0.14149817862913075, 0.2073437660815572, -0.35485270232883387, -0.8925435372857649, -0.24999140708024742, 0.2611397555268234, 0.41495393248331897, 0.6290603979603171, -0.4840698415077955, -0.29606614547258664, -0.6884367684448367, -0.14843792181021226], [-0.7315172751278809, -0.1888572180797316, -0.32076037636236077, -0.23719063998770878, 0.24501072649184336, -0.20632317429292502, 0.6173000464994578, -0.09507558193270091, 0.2512818668886048, 0.569972172210121, 0.06805138213841413, -0.05456845359427892]], "inverted": false, "swapped": false, "error_lsq": 0.049789033767266976, "error_max": 0.30602202639807924, "target": "128.xyz", "model": "3.xyz", "model_rescale": 3.9243930471874484, "target_rescale": 3.921392431710635},
{"mapping": [10, 8, 6, 11, 0, 3, 7, 4, 9, 1, 5, 12], "R": [[-0.15477758399204006, 0.9738257824683965, 0.16645493352076565], [0.9729265781801952, 0.17951531373962154, -0.14556141522925], [-0.1716326686973196, 0.1394187847199249, -0.9752459328308196]], "T": [-0.044219470799157896, -0.09607804162916658, -0.05258688734095583], "aligned_model": [[0.12025318239238175, 0.5146452132856512, -0.5290072340026744, 0.19625250029065083, -0.718511022756462, -0.6278737001327244, 0.08450488028430231, -0.06864761129440528, 0.556653031116929, -0.018872675090303083, -0.4869209293249972, -0.11994347940399405], [0.08331105889550541, 0.19254578864569136, -0.46413939421094774, -0.7290119389880513, -0.1137962092781399, 0.16609813848143848, 0.4320533752406185, 0.4969911320060548, -0.44678912737893994, -0.26742304970019015, -0.6493874184689998, -0.16085464849316938], [-0.7143240077173159, -0.07909949559597126, -0.441210329918101, -0.46210122662810826, 0.4654279028482482, -0.2613086196266142, 0.536841655287777, -0.058871048037238013, 0.06420935639227376, 0.6403479783851954, 0.2147841131342137, 0.012627196326494769]], "inverted": false, "swapped": false, "error_lsq": 0.0422466082449958, "error_max": 0.27452652462689664, "target": "128.xyz", "model": "4.xyz", "model_rescale": 3.8936222436046832, "target_rescale": 3.921392431710635},
{"mapping": [1, 5, 0, 2, 8, 9, 7, 6, 4, 10, 3, 11], "R": [[-0.8822153713825467, 0.4666508594415719, 0.06271374553315637], [-0.0948993910454803, -0.30668722762131834, 0.9470676058197465], [0.4611834169563691, 0.8295661033313693, 0.3148490688060802]], "T": [-0.14808386813472266, -0.10780511656749728, 0.06336003155789018], "aligned_model": [[0.058263516666995085, 0.5224462794391582, -0.541488809896604, 0.11047743639111138, -0.7094630327813478, -0.6566017408830895, 0.053048661092439664, -0.04797044668447743, 0.6067862646333771, 0.037287819707863906, -0.5340468567758813, 0.0037930644548087866], [-0.04496246904467943, 0.3123533660322405, -0.544217285683956, -0.7721813791043057, -0.07120500820860712, 0.14095340777310536, 0.27696449523112054, 0.6635440397805662, -0.3538802454341582, -0.47114476390552207, -0.5334222413760141, -0.06320420930891964], [-0.7090260931225465, -0.11278487396281554, -0.5980742277766404, -0.1577930794390911, 0.5422928994001365, -0.18476234446777007, 0.5442400362483335, -0.1087051013260608, 0.07893926500432016, 0.5461529866677747, 0.07619228740419008, 0.0006517202210238882]], "inverted": false, "swapped": false, "error_lsq": 0.041455962447623146, "error_max": 0.2083384109741066, "target": "128.xyz", "model": "5.xyz", "model_rescale": 3.6523030999806103, "target_rescale": 3.921392431710635},
{"mapping": [7, 5, 11, 9, 2, 3, 1, 0, 8, 6, 10, 12], "R": [[-0.8643086987298553, -0.48936862542534004, -0.11614138689208814], [0.20149171117620185, -0.548468778339033, 0.8115313238036934], [-0.46083789300272443, 0.6780120556720228, 0.5726500578330606]], "T": [-0.09042009086789736, -0.1893379963639274, 0.03336752561683712], "aligned_model": [[-0.06792041779472988, 0.44561739173966963, -0.541524598466081, 0.14768340494864335, -0.6360168109686994, -0.44937069852598316, -0.05731787450637499, -0.05086116914833333, 0.5412548462990306, 0.039130249716561996, -0.39087505790498356, -0.07726711002436565], [-0.01573727125169605, 0.19730238029655078, -0.4957725750618009, -0.7769545837953507, -0.008302198059478183, 0.3368675105195181, 0.3270770109989936, 0.7914901846966005, -0.38066362830956957, -0.44824499627753134, -0.8813223608421932, -0.10614176616317263], [-0.6270676435324836, -0.13118206071606806, -0.6574085418202418, -0.3140174864893749, 0.5291113031437326, -0.24394624745512358, 0.4966111434204199, -0.12017367878308524, 0.16784569850094908, 0.6154399753361973, 0.2322581834350149, -0.03014717018908239]], "inverted": false, "swapped": false, "error_lsq": 0.040054107694863963, "error_max": 0.22498249980263202, "target": "128.xyz", "model": "6.xyz", "model_rescale": 4.08911054899281, "target_rescale": 3.921392431710635},
{"mapping": [2, 6, 13, 12, 9, 1, 3, 0, 5, 8, 11, 14], "R": [[-0.11986823192047102, 0.7333145597398664, -0.669239391734965], [0.03364310030501344, -0.6707122371869987, -0.7409542743580593], [-0.9922196071324769, -0.1113321667854218, 0.05572611471057398]], "T": [0.011446067747945474, -0.23417682045262372, 0.01316031858348073], "aligned_model": [[-0.033964505297825784, 0.2640237837925154, -0.23397704946331987, 0.02875514728753102, -0.5802595116284311, -0.6003239888043141, 0.1418591247548039, -0.14985514038752584, 0.6720293914053811, -0.027816642761636763, -0.43897963727079414, -0.13895881626202927], [0.2336651585548935, 0.18324529088279345, -0.5054210587314735, -0.8996943859273281, 0.04141167389150319, 0.07555602679015194, 0.4090262500556116, 0.6916482414764382, -0.6126559337256852, -0.26562723700147894, -0.6059985027451604, -0.20555781676939552], [-0.6419742521920498, -0.0922258511897237, -0.6209442304385676, -0.24137589459906847, 0.44731789024127616, -0.247126100770898, 0.45557831202031795, -0.025389105043529422, 0.0429002396503005, 0.6933208026953761, 0.07143882056041821, 0.07580284391700251]], "inverted": false, "swapped": false, "error_lsq": 0.04808198876736767, "error_max": 0.25454151659435237, "target": "128.xyz", "model": "7.xyz", "model_rescale": 3.964800864290218, "target_rescale": 3.921392431710635},
{"mapping": [6, 3, 11, 10, 12, 4, 1, 2, 5, 8, 9, 13], "R": [[-0.6845266472753161, -0.6765718616175163, -0.27142915325628425], [0.25630671899817725, 0.12519503356125117, -0.9584534779361941], [0.6824442357924964, -0.7256560615326008, 0.0877105774384705]], "T": [-0.056748528567041746, 0.012039597996427107, -0.0012247098263330272], "aligned_model": [[-0.07961175584789644, 0.5456879884364481, -0.5691387775235013, 0.19579658029394306, -0.7475082987093307, -0.5857648379278085, 0.24681011536242334, -0.28364347053509664, 0.5820209557906239, -0.005093636733588765, -0.35265792716729905, -0.04436478007456189], [0.07869623258366094, 0.0728499427353715, -0.4084052611167729, -0.7541899448646029, -0.1543903577972071, 0.2701560585964739, 0.3680046727703519, 0.6318626692887283, -0.4687281230466516, -0.4536953284716644, -0.5909220930601167, -0.05164076086670062], [-0.5770198027911363, -0.40039264523177326, -0.49903559531729813, -0.156940054749696, 0.25534291684560406, -0.38672572436645075, 0.585512800828383, 0.05305948084815237, 0.24353367557622504, 0.6082671537983723, 0.1495451602634208, 0.04217610914705111]], "inverted": false, "swapped": false, "error_lsq": 0.04698819201873864, "error_max": 0.2871177318327991, "target": "128.xyz", "model": "8.xyz", "model_rescale": 4.121658175737393, "target_rescale": 3.921392431710635},
{"mapping": [0, 1, 10, 3, 7, 5, 6, 4, 2, 8, 11, 12], "R": [[-0.19945262261688462, 0.19917020843878047, 0.9594529062969686], [0.6009831224224613, 0.7982213466614241, -0.04076724539837828], [-0.7739754116860531, 0.5684838694320846, -0.27890527478147326]], "T": [-0.15860325681812365, -0.10309308774396331, 0.06052974336695434], "aligned_model": [[0.1114149223665793, 0.42071951276416913, -0.5136902038778015, 0.0718462898240404, -0.7076760727541092, -0.5963200305172638, 0.10090677655222396, -0.03488825456852457, 0.4791601421467137, 0.06682371595897565, -0.4082619539246513, -0.08750268860599732], [0.08641598706045761, 0.24215691664212113, -0.4688588525991193, -0.7699946861103295, -0.15414172496383205, 0.1309329733906138, 0.2464756753819884, 0.7219016246978204, -0.3756427678802913, -0.3934186102297771, -0.6716842568790242, -0.05454457175975724], [-0.6536136152094788, -0.08131270031067393, -0.5021508906370293, -0.2927679441698154, 0.4492764343513624, -0.30737477550720604, 0.5996385195157816, -0.24312506127180827, 0.02418459709831426, 0.6893755978219167, 0.19246416607081013, 0.042729147098680614]], "inverted": true, "swapped": false, "error_lsq": 0.038760336138391555, "error_max": 0.2727156558155903, "target": "128.xyz", "model": "9.xyz", "model_rescale": 3.833441315466971, "target_rescale": 3.921392431710635},
{"mapping": [12, 11, 1, 4, 13, 0, 8, 10, 3, 2, 5, 14], "R": [[-0.10063124098383486, -0.9795686693654204, 0.17412229993804113], [-0.8752535168020961, 0.0039444761283531915, -0.48364834583986327], [0.47307994531962194, -0.20107128861608428, -0.8577678603390612]], "T": [0.013132500660810578, -0.12065159683802766, -0.09809819471574881], "aligned_model": [[-0.006634086516889834, 0.4344789530851618, -0.5066440269210575, 0.14635023442687006, -0.5904575761049932, -0.6465660921116219, 0.19598939445583513, -0.23529377565318138, 0.5399776120438198, -0.06224254070450859, -0.43780548245669193, 0.07137954182161205], [0.10498004909043686, 0.3971079651659743, -0.30145901184267687, -0.8995743469774201, -0.13409183973178496, 0.03728213260547804, 0.4410337424923428, 0.6599001621167735, -0.6691860823369757, -0.3646467657847996, -0.5862474167787576, -0.1455008812677205], [-0.6564168310675467, -0.23855916447748937, -0.5907948285261465, -0.20507933705289072, 0.4226559896317827, -0.1587419536840402, 0.410460846448305, -0.028978875063424323, 0.32126560507848856, 0.5737910934839124, 0.09506150424510883, -0.027340574165205647]], "inverted": true, "swapped": false, "error_lsq": 0.04716248936022115, "error_max": 0.2288754694592223, "target": "128.xyz", "model": "10.xyz", "model_rescale": 4.2482417240324, "target_rescale": 3.921392431710635},
{"mapping": [8, 10, 3, 1, 5, 7, 4, 9, 0, 6, 2, 11], "R": [[0.8992367522399903, 0.3544749915086565, 0.25636057383266364], [0.11779715761875219, -0.7605785889321274, 0.6384700773841773], [0.42130403876276523, -0.5439372118663627, -0.7256963665812518]], "T": [-0.09030211494824503, -0.18826466167030537, -0.015115912517892443], "aligned_model": [[0.05033553292792137, 0.36573311806086334, -0.5303403795793575, 0.22229746617992896, -0.5111444592790781, -0.630417038646202, 0.12616437144564113, -0.11834631525822584, 0.6454124108027971, -0.07922747240761294, -0.5516797463276508, -0.08625533255467], [-0.11986939643817934, 0.22752718606235112, -0.4362484503207393, -0.7675648274503657, 0.15123420534754, 0.1488538675241799, 0.2840152776219659, 0.630082227412732, -0.3293787055568858, -0.41713479926238073, -0.7586417553410232, -0.07327712284832477], [-0.6087496115684946, -0.19991680036176665, -0.6498930329930728, -0.2717077548743609, 0.5062461601660131, -0.24573077146641967, 0.6891095481426974, -0.1090988582899559, 0.0973582585203855, 0.5914959490164483, 0.08264879820715328, 0.03556159035222699]], "inverted": true, "swapped": false, "error_lsq": 0.04425909424221699, "error_max": 0.2962459672102385, "target": "128.xyz", "model": "11.xyz", "model_rescale": 3.6694154284099745, "target_rescale": 3.921392431710635},
{"mapping": [12, 2, 5, 7, 4, 0, 3, 1, 9, 11, 6, 13], "R": [[0.1554281843244989, -0.8046348207255937, -0.5730662132716269], [-0.07036996559039044, -0.587661018201433, 0.806041311366398], [-0.9853375804567677, -0.0849548878072775, -0.147961209704625]], "T": [-0.02505035438974479, -0.1780977465545418, -0.04136369594620748], "aligned_model": [[0.03892394713801978, 0.37856885990499956, -0.4631061586842452, 0.16993315159524308, -0.4301462198197643, -0.680044676849291, 0.07128405955167375, -0.16899192508918986, 0.5688402163204133, -0.00897787051509008, -0.45270246039186995, -0.12104876779654457], [0.06804699887573223, 0.33434887222000675, -0.5591315248491986, -0.8223180868168939, 0.1311547992118341, 0.06867054855519536, 0.4713050988513824, 0.6551093411366389, -0.6503659601507686, -0.5274905622178155, -0.526937215557342, -0.10279460250790055], [-0.6715133236598079, -0.06971093833312741, -0.5958825545967303, -0.3562079495949055, 0.4952356448088958, -0.18567485455790994, 0.5156322875874028, -0.08035430183172551, 0.221206278228831, 0.6087862748544248, 0.08224671846722953, -0.046439806521722984]], "inverted": true, "swapped": false, "error_lsq": 0.0451079050204535, "error_max": 0.3236119761939458, "target": "128.xyz", "model": "12.xyz", "model_rescale": 3.9764082729961374, "target_rescale": 3.921392431710635},
{"mapping": [4, 6, 7, 3, 1, 0, 12, 5, 14, 10, 8, 15], "R": [[-0.5375414608045554, -0.44280476253290685, -0.7176162764279257], [-0.8432319343250061, 0.2853161182150276, 0.45558162564047455], [0.0030137768022518996, 0.8500109734379226, -0.526756359415339]], "T": [-0.08417833668707876, -0.06383621695394871, 0.06892001960632585], "aligned_model": [[-0.046939055523933085, 0.5782579240492379, -0.44837876207374827, 0.07587648592577016, -0.5471508017850836, -0.6347216975946386, -0.0716879033193962, -0.06590273690685496, 0.6242076905562004, -0.1875412953381685, -0.3236742618671683, -0.04981343075786232], [0.12248614682733362, 0.19324851169141932, -0.3543084787761096, -0.8228995986255742, -0.09396790019320456, 0.17138885577042712, 0.2509452140612254, 0.7212774756735393, -0.42310827429747944, -0.4099165841700085, -0.7083899688062134, -0.10715769240448472], [-0.6237277512502876, -0.2116943928144477, -0.5260737737924602, -0.25765108088668687, 0.5025917347172396, -0.34178560054596985, 0.623870625255689, -0.22448481664594502, -0.02007922080447952, 0.7870365680612099, 0.23276445632558482, -0.02344327276859233]], "inverted": true, "swapped": false, "error_lsq": 0.04532750172112366, "error_max": 0.256120913079697, "target": "128.xyz", "model": "13.xyz", "model_rescale": 4.170626492500431, "target_rescale": 3.921392431710635},
{"mapping": [12, 10, 5, 11, 2, 4, 0, 8, 9, 3, 6, 13], "R": [[-0.19628404656005793, 0.657969260167078, -0.7270137727314371], [-0.9493814716492243, 0.05791983763637121, 0.30873955641823736], [0.24524965719682995, 0.7508140549319551, 0.6132950844100031]], "T": [-0.04374131987597344, -0.02713959190301056, 0.11867241288412579], "aligned_model": [[-0.0978561506671867, 0.38984787797863535, -0.3859497217862879, 0.1548866203555069, -0.5579518824495218, -0.6055581996615809, -0.0389546121505747, -0.011116574654269712, 0.6960839313079554, -0.03162239563155777, -0.5514413933802815, -0.05783534389648209], [0.06272738254016055, 0.07903386886585732, -0.5173716977306744, -0.6502118190390745, 0.002252031640552668, 0.321992209287368, 0.36009959082468, 0.6118214799809721, -0.35710697274205255, -0.569138285760927, -0.6905797368223139, -0.113920344293678], [-0.6056905024967224, -0.22637237943563654, -0.5667367499040513, -0.14963262296546498, 0.5281303436164697, -0.13731959788681047, 0.57241386935182, -0.2584491423484206, 0.1279763774551026, 0.544775865066051, 0.02080987406941208, 0.06741814032910462]], "inverted": true, "swapped": false, "error_lsq": 0.04767242516785322, "error_max": 0.24452471209489118, "target": "128.xyz", "model": "14.xyz", "model_rescale": 3.9786697098870705, "target_rescale": 3.921392431710635},
{"mapping": [8, 7, 3, 9, 4, 2, 10, 5, 6, 1, 0, 11], "R": [[-0.41445102095862185, -0.030018956664480567, 0.9095763923206958], [0.2817067861964939, 0.9461361349547566, 0.15958602928739657], [-0.8653736983738293, 0.3223744350497585, -0.38367054329092054]], "T": [-0.048951172988655006, -0.12968216930781612, 0.016701192446092004], "aligned_model": [[-0.1264193375615051, 0.5092562794454981, -0.4374261851820346, 0.12132456661420152, -0.449941674549005, -0.8434248073607163, 0.18916994548280644, -0.19707426980268095, 0.6065165897488684, 0.058103583592895, -0.54487898906585, 0.017326454001876823], [0.0806243659880212, 0.2223938966707743, -0.5665387294468789, -0.6012660868984896, 0.2040028457170711, 0.03735571496319756, 0.29798634906264704, 0.6179428363223787, -0.5496891210617987, -0.39287825082615885, -0.6053130469733966, -0.205023066766497], [-0.45446541366216053, -0.019670351413199474, -0.692800564470321, -0.3521199691237909, 0.33728762150597497, -0.29112571634023376, 0.6895451266757171, -0.23583788745367587, 0.16268702495770807, 0.6330932699900829, 0.12457359638109711, 0.016156737803655417]], "inverted": false, "swapped": false, "error_lsq": 0.05894747653211263, "error_max": 0.37103486214310555, "target": "128.xyz", "model": "15.xyz", "model_rescale": 3.769337070930944, "target_rescale": 3.921392431710635},
{"mapping": [7, 6, 0, 1, 5, 4, 2, 9, 3, 8, 11], "R": [[-0.8473145962432901, -0.530737265718569, -0.019388908443930042], [0.13039486078029938, -0.17250590228082646, -0.9763395382551934], [0.5148350758011311, -0.8297949556702878, 0.21537218081495252]], "T": [-0.09690478846868233, 0.029451482794384896, -0.04653196947146516], "aligned_model": [[-0.36419950439830795, -0.41969930004404143, -0.07829770980362193, -0.577973023936274, 0.28499581204486985, 0.4945993843304356, 0.5880976428198372, 0.15635639585798178, 0.17993711463539858, -0.36063687676269374, 0.01944619594758662], [-0.006299716782650174, -0.5383576245322803, 0.6415917157802866, 0.21227538362845677, 0.12803041946131624, -0.45074772194997353, 0.5991312194080964, -0.5326845130097362, 0.4608179593851537, 0.045799934807698534, 0.036507441428974], [-0.7741899625738418, -0.1544120832289295, -0.2290997307980615, -0.01795444204430021, -0.5744921264394155, -0.20528241872053155, 0.002619529409221992, 0.38719331134598794, 0.592775259586574, 0.7691469636055178, -0.05208669291844496]], "inverted": false, "swapped": true, "error_lsq": 0.046104366537892266, "error_max": 0.20960152883594543, "target": "128.xyz", "model": "16.xyz", "model_rescale": 3.7852294659196426, "target_rescale": 3.921392431710635},
{"mapping": [0, 8, 4, 1, 6, 10, 11, 9, 2, 7, 5, 12], "R": [[0.6535788704294087, -0.7358622686330404, 0.17703497318454695], [0.7294574913787303, 0.5500735057894607, -0.4065844395693741], [0.20180789974544608, 0.3948744861734261, 0.8962966650443394]], "T": [0.015582780418435332, -0.1709105667614125, -0.08219612815456488], "aligned_model": [[-0.019961766367837197, 0.4445292785980073, -0.4605245900681626, 0.15242824994374585, -0.6372226372964582, -0.6752093922165435, 0.16716683964690973, -0.06490662061071809, 0.5040116639496071, -0.057218663499699396, -0.4277451161560022, -0.022815090558494233], [0.039512430149030914, 0.3160443479388345, -0.4358283539858918, -0.8440529202613029, -0.14033750023034713, 0.24179323307263742, 0.24344025175528775, 0.6744724575452525, -0.38003764631331116, -0.43524126408072306, -0.6504753039868372, -0.08969202485175923], [-0.730429036377919, -0.1377454215904585, -0.5348847881296266, -0.1312557209178098, 0.5180568269459951, -0.0405209184019792, 0.5036944304104561, -0.24378444471218713, 0.22077270087056072, 0.5629831007381073, -0.006783599426394726, -0.0627796545578901]], "inverted": false, "swapped": false, "error_lsq": 0.04145178741230347, "error_max": 0.2205657840694841, "target": "128.xyz", "model": "17.xyz", "model_rescale": 3.901054581598922, "target_rescale": 3.921392431710635},
{"mapping": [9, 5, 12, 3, 6, 11, 4, 10, 2, 1, 7, 14], "R": [[0.9279821309131595, -0.25986830149615814, 0.2670536099425987], [0.3544771119298554, 0.39472179493314563, -0.8476677897163631], [0.11487010848667506, 0.8812849541903331, 0.45841213737640274]], "T": [0.015558977267582846, -0.1346669729013578, 0.0382222814996402], "aligned_model": [[0.01003804649826573, 0.5051313699256638, -0.3950367985143627, 0.10399314795821538, -0.6673486583604831, -0.6755410868360272, 0.060156940193270336, -0.14807012460679006, 0.7406311188550768, -0.1509493786279766, -0.4681071719019667, -0.012365249218531035], [0.19254989339620873, 0.1151991603365474, -0.4906402464532722, -0.839077420085481, -0.04533047443432622, 0.09406282745590297, 0.4025864348092044, 0.6659099750628664, -0.5186058971391448, -0.33342522002838976, -0.5671351574258032, -0.13649616874344242], [-0.5336940262483858, -0.25837818175589744, -0.46840306479085797, -0.24354217485512863, 0.3371903341619199, -0.28857179548338846, 0.6169655471330948, -0.0307401396943298, -0.0647310765658649, 0.6851037822799482, 0.17502633596760347, -0.008902065297859335]], "inverted": true, "swapped": false, "error_lsq": 0.0423650328026369, "error_max": 0.24936806913223977, "target": "128.xyz", "model": "18.xyz", "model_rescale": 3.9405287249114394, "target_rescale": 3.921392431710635},
{"mapping": [12, 1, 14, 10, 9, 13, 8, 4, 2, 5, 11, 15], "R": [[0.12850834040761844, -0.8167914875997468, -0.5624386830848969], [-0.9765480992774527, -0.005436521331811495, -0.2152306995607362], [0.17274089337292087, 0.5769073669319903, -0.7983348130554774]], "T": [-0.07156610918215082, 0.02187957248915469, -0.07573874100848578], "aligned_model": [[-0.07169615224877128, 0.5650365422444306, -0.37074642399674057, 0.07596796236740817, -0.5749214468405941, -0.7173436346229985, 0.11565353450713912, -0.1695691914011996, 0.4897763648894559, 0.06733923144220018, -0.4548845447980137, -0.05208008617796163], [0.2173891302414832, 0.08479208432462161, -0.4349096976315457, -0.7340929816978169, -0.1107048682064372, -0.07021068845143268, 0.312750714497874, 0.741325131677782, -0.5651203770548987, -0.32140114183869717, -0.5683552583391009, -0.011864340770961192], [-0.5875151161233232, -0.23790687607403294, -0.6248959716867559, -0.2327203704896526, 0.48823343657896134, -0.23642668967719266, 0.5970278896290304, -0.1621014172952259, 0.2335361675300075, 0.6686578604584077, 0.07886728505118774, -0.06743272305055754]], "inverted": false, "swapped": false, "error_lsq": 0.04556743066124969, "error_max": 0.31911131003214355, "target": "128.xyz", "model": "19.xyz", "model_rescale": 4.410303926677745, "target_rescale": 3.921392431710635},
{"mapping": [6, 3, 11, 10, 12, 4, 1, 2, 5, 8, 9, 13], "R": [[-0.6845266472753161, -0.6765718616175163, -0.27142915325628425], [0.25630671899817725, 0.12519503356125117, -0.9584534779361941], [0.6824442357924964, -0.7256560615326008, 0.0877105774384705]], "T": [-0.056748528567041746, 0.012039597996427107, -0.0012247098263330272], "aligned_model": [[-0.07961175584789644, 0.5456879884364481, -0.5691387775235013, 0.19579658029394306, -0.7475082987093307, -0.5857648379278085, 0.24681011536242334, -0.28364347053509664, 0.5820209557906239, -0.005093636733588765, -0.35265792716729905, -0.04436478007456189], [0.07869623258366094, 0.0728499427353715, -0.4084052611167729, -0.7541899448646029, -0.1543903577972071, 0.2701560585964739, 0.3680046727703519, 0.6318626692887283, -0.4687281230466516, -0.4536953284716644, -0.5909220930601167, -0.05164076086670062], [-0.5770198027911363, -0.40039264523177326, -0.49903559531729813, -0.156940054749696, 0.25534291684560406, -0.38672572436645075, 0.585512800828383, 0.05305948084815237, 0.24353367557622504, 0.6082671537983723, 0.1495451602634208, 0.04217610914705111]], "inverted": false, "swapped": false, "error_lsq": 0.04698819201873864, "error_max": 0.2871177318327991, "target": "128.xyz", "model": "20.xyz", "model_rescale": 4.121658175737393, "target_rescale": 3.921392431710635},
{"mapping": [7, 5, 11, 9, 2, 3, 1, 0, 8, 6, 10, 12], "R": [[-0.8643086987298553, -0.48936862542534004, -0.11614138689208814], [0.20149171117620185, -0.548468778339033, 0.8115313238036934], [-0.46083789300272443, 0.6780120556720228, 0.5726500578330606]], "T": [-0.09042009086789736, -0.1893379963639274, 0.03336752561683712], "aligned_model": [[-0.06792041779472988, 0.44561739173966963, -0.541524598466081, 0.14768340494864335, -0.6360168109686994, -0.44937069852598316, -0.05731787450637499, -0.05086116914833333, 0.5412548462990306, 0.039130249716561996, -0.39087505790498356, -0.07726711002436565], [-0.01573727125169605, 0.19730238029655078, -0.4957725750618009, -0.7769545837953507, -0.008302198059478183, 0.3368675105195181, 0.3270770109989936, 0.7914901846966005, -0.38066362830956957, -0.44824499627753134, -0.8813223608421932, -0.10614176616317263], [-0.6270676435324836, -0.13118206071606806, -0.6574085418202418, -0.3140174864893749, 0.5291113031437326, -0.24394624745512358, 0.4966111434204199, -0.12017367878308524, 0.16784569850094908, 0.6154399753361973, 0.2322581834350149, -0.03014717018908239]], "inverted": false, "swapped": false, "error_lsq": 0.040054107694863963, "error_max": 0.22498249980263202, "target": "128.xyz", "model": "21.xyz", "model_rescale": 4.08911054899281, "target_rescale": 3.921392431710635},
{"mapping": [1, 15, 0, 4, 10, 8, 9, 11, 3, 12, 7, 16], "R": [[-0.2883400090749268, 0.3468064723306372, -0.8925162799166467], [0.6136496033121858, -0.6486024167752678, -0.45027665863120087], [-0.7350470757179218, -0.6775250369564662, -0.025799627432793903]], "T": [-0.0868421919944059, -0.1007247618706935, -0.004939904771588357], "aligned_model": [[-0.0799151791062333, 0.48178169802584936, -0.4107699102064045, 0.18536277024323727, -0.6293152875910203, -0.537178123979959, -0.03287356644576056, -0.08247758122022542, 0.5974561002263, 0.021782853141712327, -0.5196007710817904, -0.0917208466413508], [0.14934606445131698, 0.32939473513861, -0.6029696548979384, -0.6441410145426155, -0.09421563258286063, 0.30899801022973794, 0.2333149322888598, 0.6323065267085164, -0.6142664330659574, -0.4021562996537677, -0.6098338080586538, -0.14617971926437734], [-0.7582094312898946, -0.15716049432789556, -0.49778906930501193, -0.34683962798435725, 0.5924008530916914, -0.3367332387087158, 0.621999072916592, -0.22525583791111564, 0.14435718999009198, 0.6601233505906309, 0.23862564970048147, -0.01819494191164249]], "inverted": true, "swapped": false, "error_lsq": 0.043059201729350315, "error_max": 0.23272236101844224, "target": "128.xyz", "model": "22.xyz", "model_rescale": 4.204369325754507, "target_rescale": 3.921392431710635},
{"mapping": [12, 1, 14, 10, 9, 13, 8, 4, 2, 5, 11, 15], "R": [[0.12850834040761844, -0.8167914875997468, -0.5624386830848969], [-0.9765480992774527, -0.005436521331811495, -0.2152306995607362], [0.17274089337292087, 0.5769073669319903, -0.7983348130554774]], "T": [-0.07156610918215082, 0.02187957248915469, -0.07573874100848578], "aligned_model": [[-0.07169615224877128, 0.5650365422444306, -0.37074642399674057, 0.07596796236740817, -0.5749214468405941, -0.7173436346229985, 0.11565353450713912, -0.1695691914011996, 0.4897763648894559, 0.06733923144220018, -0.4548845447980137, -0.05208008617796163], [0.2173891302414832, 0.08479208432462161, -0.4349096976315457, -0.7340929816978169, -0.1107048682064372, -0.07021068845143268, 0.312750714497874, 0.741325131677782, -0.5651203770548987, -0.32140114183869717, -0.5683552583391009, -0.011864340770961192], [-0.5875151161233232, -0.23790687607403294, -0.6248959716867559, -0.2327203704896526, 0.48823343657896134, -0.23642668967719266, 0.5970278896290304, -0.1621014172952259, 0.2335361675300075, 0.6686578604584077, 0.07886728505118774, -0.06743272305055754]], "inverted": false, "swapped": false, "error_lsq": 0.04556743066124969, "error_max": 0.31911131003214355, "target": "128.xyz", "model": "23.xyz", "model_rescale": 4.410303926677745, "target_rescale": 3.921392431710635},
{"mapping": [11, 7, 9, 14, 4, 10, 0, 1, 13, 5, 15, 16], "R": [[0.0020193972026111284, 0.9369638588583703, -0.3494204476389011], [0.3108922954830902, -0.3326938163994384, -0.890315003321202], [-0.9504430033643223, -0.10683422542803739, -0.2919666858273361]], "T": [-0.09107500727245858, -0.1429937389859533, 0.04203050523474623], "aligned_model": [[-0.0010258205858145603, 0.45083424325953975, -0.4618510296875969, 0.10851080220274449, -0.6497069748493056, -0.606444882375096, 0.17348241183530488, -0.025421779650036988, 0.5592789616603903, -0.1885257277181223, -0.3309962249051602, -0.1256018238224919], [-0.043550567815788865, 0.22579173771087763, -0.4334070552788301, -0.6608780411634094, -0.027384252516554214, 0.11470702562408991, 0.3347879340420447, 0.6730148578071309, -0.40761444009249004, -0.3881461856095857, -0.8146335786790466, -0.03308972727756812], [-0.576616151828442, -0.068705816934797, -0.37101335508781863, -0.3454115475020894, 0.4273214919326608, -0.2609020846787623, 0.5636815916898346, -0.21517558573682743, 0.007357410935087995, 0.6129995660664176, 0.06756334490108608, 0.07622461109450429]], "inverted": false, "swapped": false, "error_lsq": 0.04048672851439021, "error_max": 0.22289405234256743, "target": "128.xyz", "model": "24.xyz", "model_rescale": 4.28219845311461, "target_rescale": 3.921392431710635},
{"mapping": [11, 9, 14, 13, 0, 8, 3, 5, 7, 4, 2, 15], "R": [[0.6976973324761726, -0.6612561146913021, 0.27560621008786623], [-0.6887825679711963, -0.7249553254116594, 0.004283715242602598], [0.19696955682195585, -0.19282148983098085, -0.9612610814678411]], "T": [-0.11612589319365813, -0.1264893563184893, -0.06523811059327368], "aligned_model": [[-0.06599277484243839, 0.4881509620189079, -0.4802288973768268, 0.16611053949076765, -0.6840195148245285, -0.5901890170756972, 0.24583096975192326, -0.08432025779951266, 0.5646915373212311, -0.03681022834764969, -0.4567298104456868, -0.16396135250613522], [0.042279668388394864, 0.1323646789736247, -0.49687195809575474, -0.6430869598177624, -0.2773963138858865, 0.3731195357542981, 0.268342731979673, 0.7091019247275294, -0.35614859541574184, -0.3543911305679448, -0.7135743488613273, -0.1441415264282321], [-0.5804863594912822, -0.22245692163785002, -0.6223649862150876, -0.145150369110862, 0.5006930660567956, -0.1524227793477536, 0.49435119977329367, -0.2266577299435552, 0.23357665804208022, 0.6249925607258859, 0.02476304201861497, -0.011513906019425604]], "inverted": false, "swapped": false, "error_lsq": 0.04030845212474513, "error_max": 0.21201730674561794, "target": "128.xyz", "model": "25.xyz", "model_rescale": 4.100010024507729, "target_rescale": 3.921392431710635},
{"mapping": [8, 10, 3, 1, 5, 7, 4, 9, 0, 6, 2, 11], "R": [[0.8992367522399903, 0.3544749915086565, 0.25636057383266364], [0.11779715761875219, -0.7605785889321274, 0.6384700773841773], [0.42130403876276523, -0.5439372118663627, -0.7256963665812518]], "T": [-0.09030211494824503, -0.18826466167030537, -0.015115912517892443], "aligned_model": [[0.05033553292792137, 0.36573311806086334, -0.5303403795793575, 0.22229746617992896, -0.5111444592790781, -0.630417038646202, 0.12616437144564113, -0.11834631525822584, 0.6454124108027971, -0.07922747240761294, -0.5516797463276508, -0.08625533255467], [-0.11986939643817934, 0.22752718606235112, -0.4362484503207393, -0.7675648274503657, 0.15123420534754, 0.1488538675241799, 0.2840152776219659, 0.630082227412732, -0.3293787055568858, -0.41713479926238073, -0.7586417553410232, -0.07327712284832477], [-0.6087496115684946, -0.19991680036176665, -0.6498930329930728, -0.2717077548743609, 0.5062461601660131, -0.24573077146641967, 0.6891095481426974, -0.1090988582899559, 0.0973582585203855, 0.5914959490164483, 0.08264879820715328, 0.03556159035222699]], "inverted": true, "swapped": false, "error_lsq": 0.04425909424221699, "error_max": 0.2962459672102385, "target": "128.xyz", "model": "26.xyz", "model_rescale": 3.6694154284099745, "target_rescale": 3.921392431710635},
{"mapping": [2, 0, 12, 6, 9, 10, 5, 4, 1, 7, 3, 13], "R": [[-0.4177369289003152, -0.4249616436494298, -0.8030588145707065], [-0.8646694210547425, 0.4573660479302714, 0.20775728746183875], [0.2790029579158425, 0.781168291488729, -0.5585100266304902]], "T": [-0.18384389480460567, -0.03946477168527067, 0.02859534910232853], "aligned_model": [[-0.030810716430261675, 0.3987533781253327, -0.47201938062074394, 0.14120930021547073, -0.8204228852077318, -0.5870305846905604, 0.40836656805664034, -0.06546661965789091, 0.604189488419931, -0.16627365638962333, -0.33850836332717754, -0.16945437312903047], [0.02734107018514137, 0.21479653362694268, -0.6193416959079547, -0.561157919059798, -0.2289068288892429, 0.364113150908356, 0.13766063552547952, 0.7549900690711654, -0.41763129932407467, -0.3104720570022463, -0.7893457523957166, -0.03244819998718188], [-0.6303792118724595, -0.1526915763188664, -0.4301316454010707, -0.2769649758649215, 0.18268114147143838, -0.1623393868323788, 0.5224494343534734, -0.14564269730668927, 0.1536558064541611, 0.5963759957834281, 0.286643091349597, -0.02633250096485761]], "inverted": false, "swapped": false, "error_lsq": 0.05327422482509594, "error_max": 0.3450335519162797, "target": "128.xyz", "model": "27.xyz", "model_rescale": 4.103607728864725, "target_rescale": 3.921392431710635},
{"mapping": [3, 0, 12, 2, 11, 10, 5, 9, 1, 8, 13, 14], "R": [[-0.12833510876708362, 0.6420302129547295, -0.7558619619421565], [-0.9593185138544422, 0.11289429444004748, 0.25877184402285447], [0.251471845012211, 0.7583218867579844, 0.6014231681852353]], "T": [-0.22888741409709262, -0.07168403557961117, 0.05251091705242188], "aligned_model": [[0.02085530304182248, 0.4115208805290707, -0.433503577810115, 0.15013103899382374, -0.7038203905420617, -0.5579751562641523, 0.21515960773402737, -0.0794111794777507, 0.6286463019832287, -0.10086041250611893, -0.5676845295952792, -0.08052573072214089], [-0.050421120716883594, 0.09791057520789956, -0.5796990785370326, -0.5666988405324265, -0.10077541795225109, 0.23194763134264368, 0.38415239720694827, 0.7230460889012258, -0.2843048186719992, -0.5847437239574855, -0.6189941312976874, -0.11182185424208117], [-0.6550958354976237, -0.21358422598384025, -0.6088109098980206, -0.33816293838991035, 0.5481454525884949, -0.19097285058548885, 0.41330975204112624, -0.07470861988938717, 0.20180646439903094, 0.6791358605647619, 0.12694683989132968, 0.029314485610381025]], "inverted": false, "swapped": false, "error_lsq": 0.042069415882214155, "error_max": 0.2586047761548761, "target": "128.xyz", "model": "28.xyz", "model_rescale": 4.137296879288765, "target_rescale": 3.921392431710635},
{"mapping": [3, 2, 5, 4, 6, 0, 1, 10, 9, 8, 11], "R": [[0.6572340763283928, 0.1464364099400718, -0.7393238443041238], [0.5270213553616248, 0.6119537231892754, 0.5897127535229167], [0.5387873976862868, -0.7772187713370331, 0.3250217247751171]], "T": [0.10830360306939728, 0.15916112014589026, -0.12870019436180988], "aligned_model": [[0.3108724630242996, 0.1318937767388963, -0.08188580913728367, -0.6433812708466706, -0.14187368071643963, 0.5651005974654235, 0.5513595455439095, -0.38014686830101213, -0.46353493405519913, 0.33168087837517707, 0.0413343126187975], [-0.3917785929678723, -0.7314091089381771, -0.14238027659234062, 0.007696347462555347, 0.7714870549959535, -0.21042020618262255, 0.4206017030729653, -0.3931309069386082, 0.25780684028074174, 0.26630479694875364, 0.06437016550660363], [0.44301957882885756, -0.17877387803960568, -0.6829641895033415, -0.2617356812607379, -0.15534365881633982, -0.3799749937992012, -0.09679166254487497, 0.2145738786640898, 0.35247070442955764, 0.6921389089604472, -0.1408649851358529]], "inverted": false, "swapped": true, "error_lsq": 0.05256576069625785, "error_max": 0.2473036499441485, "target": "128.xyz", "model": "29.xyz", "model_rescale": 3.607286011436655, "target_rescale": 3.921392431710635},
