[{"mapping": [4, 2, 6, 11, 8, 1, 0, 10, 7, 9, 5, 12], "R": [[0.7855035417152616, -0.5776196681852469, 0.22212542600599683], [0.3295946212273331, 0.6942599284020989, 0.6398207072869113], [-0.5237858069963248, -0.42937008598722604, 0.7357239683798069]], "T": [0.004497601003008377, -0.0691156874597399, 0.1321517739240486], "aligned_model": [[-0.40427024493442393, 0.3743860381569967, 0.34149039074375903, -0.017806749671283387, -0.07758457041558929, -0.38523185521333086, 0.2291342326773776, -0.37050527373080927, 0.531968614615785, 0.27203869761664606, -0.6112439933857882, -0.04473282399879085], [-0.268441567550922, -0.7202923327635236, -0.3075062956945051, 0.6285802312676845, 0.3654637877988652, -0.7040148682438105, -0.3194057725733211, -0.3756824942216099, 0.2503057267114152, 0.35055528603347047, 0.16492246680380573, -0.01092913159049174], [-0.43870676031019634, -0.10098295930356915, -0.5970403515228477, 0.04344964817151753, -0.679758907071998, 0.06119137619753384, 0.6098183192668925, 0.6118275580823498, -0.11078397090532088, 0.5540260336727423, 0.2291773071121643, -0.0002655480357053319]], "inverted": false, "swapped": true, "error_lsq": 0.04899223227056168, "error_max": 0.2784332635412009, "target": "129.xyz", "model": "0.xyz", "model_rescale": 3.751011558992144, "target_rescale": 3.856342577321485},
{"mapping": [12, 2, 0, 7, 8, 5, 1, 6, 4, 11, 13, 10, 14], "R": [[-0.5040621250285914, 0.8615724334123307, 0.06011918242637876], [0.6506290117003981, 0.4245832077408539, -0.6296117762861895], [-0.5679817455213017, -0.2782481656515319, -0.7745803348046822]], "T": [0.032493438382459786, 0.01274906704511877, -0.07130769313691594], "aligned_model": [[-0.09872579489788848, -0.5748166175798232, 0.12149551709948457, 0.41121928725443535, -0.05072347433067245, -0.4868729349963471, 0.5945787274843667, 0.7216653008971303, 0.48357230837082266, 0.2864465909525089, -0.6554783829392898, 0.18118855150179458, 0.016805830405658983], [-0.5337667818518625, -0.1256935984053905, -0.5160899132509138, -0.5256854967893984, 0.4062319177810503, 0.357318579664253, -0.12295182142024358, -0.07822009073822771, 0.6207071702501304, -0.05128718264220258, -0.17078178641611738, 0.6945460442473985, -0.005593051172083165], [0.41456990852726927, -0.6151332408065302, -0.6078824609027758, 0.008266018990765886, -0.599194464855144, -0.11151301831130726, -0.46032047709237084, 0.2124043114035858, -0.3004119657011666, 0.6824416975443586, 0.07191729489102504, 0.3593852291884031, -0.02210120882194079]], "inverted": true, "swapped": false, "error_lsq": 0.044317435485656524, "error_max": 0.24928149006207018, "target": "129.xyz", "model": "1.xyz", "model_rescale": 3.9405287249114394, "target_rescale": 3.856342577321485},
{"mapping": [1, 6, 0, 1, 11, 3, 5, 2, 9, 4, 7, 8, 12], "R": [[0.7248059294313985, 0.09913482000852437, 0.6817834349138765], [0.1267305311818175, 0.9535227537092802, -0.27337470736160974], [-0.6771969707016274, 0.2845463857098678, 0.6785555373379472]], "T": [0.02421414733634584, 0.06626254172450957, -0.08621556521031028], "aligned_model": [[0.1426850994023352, -0.34889031180546826, 0.14112403629982143, 0.1426850994023352, 0.024144344140862563, -0.43368824615689927, 0.5723219327450878, 0.6513162622714576, 0.4119903540878077, -0.022534606708743986, -0.6763894731947445, 0.24617602109272427, 0.0994143976456053], [-0.6350251515927212, -0.11264790017875898, -0.5702477207117462, -0.6350251515927212, 0.34979174173451355, 0.35406881305737703, 0.03172621248646071, -0.19818607148807643, 0.7562612578020216, 0.08659957350136031, -0.2032784322175908, 0.6819847967647574, 0.042712021691516736], [0.26219014237302074, -0.4385503630033968, -0.6192415983003979, 0.26219014237302074, -0.739840439971349, 0.0989671196809082, -0.5620951486280426, -0.05491866543636022, -0.24085221151024616, 0.6131389092992543, 0.16954229570741947, 0.3288853880004378, -0.04698794653009618]], "inverted": true, "swapped": false, "error_lsq": 0.05350552340485673, "error_max": 0.32522954918272257, "target": "129.xyz", "model": "2.xyz", "model_rescale": 3.932901565614263, "target_rescale": 3.856342577321485},
{"mapping": [6, 1, 10, 12, 3, 0, 11, 9, 8, 5, 2, 7, 13], "R": [[-0.06451777190949427, 0.18966792637483584, 0.9797262550388779], [-0.8497552416276813, 0.5043078403127016, -0.15358916473963713], [-0.5232145701661175, -0.8424367512779868, 0.12863449639220537]], "T": [0.03665124257528846, 0.08794659992096797, -0.09470534626693797], "aligned_model": [[-0.14835290933701323, -0.49586586508461733, 0.16662616942496733, 0.44068445716437776, -0.011330168318567445, -0.5576726710861608, 0.5091788065420758, 0.6799343056297817, 0.5940681642579088, 0.20884429742035487, -0.7191487338615786, 0.20582457203988436, 0.07756448443076797], [-0.4994577926920175, -0.16592374139024846, -0.5614874043045109, -0.5084872403787233, 0.49387120625240083, 0.39544959722061745, -0.05811995423299186, 0.12328801957674235, 0.5024670501614663, -0.1625480012553377, -0.18604464194960002, 0.5845306727763756, -0.008803780527780122], [0.20096643797352334, -0.5427499877528149, -0.3676292053326369, 0.15858035371177023, -0.40066036953755724, -0.1289299199659146, -0.8384062010577809, 0.2584671671493648, -0.33186752134170594, 0.5567558515793454, 0.12414402698908625, 0.3895747282058204, -0.045817736566327545]], "inverted": false, "swapped": false, "error_lsq": 0.048165617565696414, "error_max": 0.2917870538285591, "target": "129.xyz", "model": "3.xyz", "model_rescale": 3.9243930471874484, "target_rescale": 3.856342577321485},
{"mapping": [6, 5, 0, 3, 1, 9, 2, 4, 7, 10, 11, 8, 12], "R": [[0.9636813148814167, -0.0544531605435748, -0.26144440452080697], [-0.02465596414411498, 0.9566681424611252, -0.2901347077343632], [0.2659142846492978, 0.28604356050573115, 0.9205806182582035]], "T": [0.024508512288507846, 0.03369488068358239, 0.024984070608264006], "aligned_model": [[-0.2437379468704672, -0.3792251144889925, 0.2155380778163661, 0.4040313736749028, -0.09040873799413404, -0.45229453152435045, 0.7689967047407137, 0.6028244216446416, 0.5513103230910017, 0.10311378600498242, -0.6794820420413721, 0.16379404579348306, -0.014105450624593945], [-0.6297492966216496, -0.3517196400473207, -0.3500116142843801, -0.5220659800757786, 0.31505112267839486, 0.549250655402758, -0.12494707247265174, 0.12205219059348182, 0.49611861249396394, -0.06461424222052597, -0.04544171771429948, 0.5731743727241971, -0.018363401199797062], [0.12194888631564617, -0.4869513800041517, -0.7095902171082544, 0.03173934245855603, -0.6213850117746402, 0.09242658198928168, -0.4963455298477242, 0.12553736101265844, -0.3643267349262731, 0.7187305998368398, 0.37750184263662384, 0.31806731260627064, -0.07492542914066039]], "inverted": false, "swapped": false, "error_lsq": 0.05484894373898393, "error_max": 0.34361703001680693, "target": "129.xyz", "model": "4.xyz", "model_rescale": 3.8936222436046832, "target_rescale": 3.856342577321485},
{"mapping": [1, 5, 4, 2, 8, 11, 9, 7, 3, 0, 6, 12], "R": [[0.15569171292631045, -0.9808622878983011, -0.11691562215966433], [0.9071374291236756, 0.18881897760442934, -0.37609716614102046], [0.3909754150953224, -0.04750332488708631, 0.9191744442246598]], "T": [-0.09956714080837735, -0.18333286535181567, -0.0034268970936902343], "aligned_model": [[0.07135296902866069, -0.648004147469927, -0.3748800776298101, 0.5452391523604796, -0.6660133527958161, -0.6283472923337227, -0.11087763811549921, -0.036536729295232315, 0.6287467946223546, 0.34679245253986396, 0.1068469929669791, -0.2067710816632335], [-0.44714625532712904, -0.5399678125091077, 0.04184715405380848, 0.07981465803567331, 0.5325747543395974, 0.011125048562145773, -0.31610915045464594, 0.3537860740655525, -0.0016674791021673852, -0.5118071008001893, 0.5540870249006641, -0.0876140106543948], [-0.6825514866731728, -0.12733769965834726, -0.6407636763036805, -0.3642294863184503, -0.1497509419023164, 0.4181449440555822, 0.6352611223441511, 0.37972307131585603, 0.3683312995159338, 0.18134285586532603, -0.34360404077525375, -0.05528124219010977]], "inverted": false, "swapped": true, "error_lsq": 0.04473367550220181, "error_max": 0.265372476271072, "target": "129.xyz", "model": "5.xyz", "model_rescale": 3.6523030999806103, "target_rescale": 3.856342577321485},
{"mapping": [1, 8, 5, 0, 9, 10, 7, 3, 11, 2, 6, 4, 12], "R": [[0.7857334105613228, -0.6114138736305331, 0.09378743337877674], [0.4778142651485649, 0.5036374891535357, -0.7197519069371471], [0.39283143401236253, 0.6103460941557904, 0.6878670727695593]], "T": [-0.004415216167228397, 0.0019526141901076077, -0.09907855649109991], "aligned_model": [[-0.05800772340165296, -0.4575058857708487, 0.12535549490443357, 0.6499733543920397, -0.18113726272310393, -0.42505473997609866, 0.5631558882824007, 0.6361600350622838, 0.4966653559675528, -0.046436028102004055, -0.6233617741101954, 0.18678381726732685, 0.08376437743004711], [-0.5464310894496228, -0.2547325217563315, -0.5542737293655957, -0.725570739032068, 0.4148623712612223, 0.6458288528988764, 0.04846872087403791, -0.11272808053255341, 0.696793106297445, 0.03360718990403699, -0.04414804652839458, 0.3977702883109737, -0.05071233362563341], [0.323742945734299, -0.5263076387979954, -0.470124843724044, 0.07311058293545088, -0.6655922156002319, 0.03191312989810886, -0.47659326204570657, 0.1441340844594785, -0.3007811938018016, 0.6581822132638316, 0.09432348477005241, 0.2695715491567315, -0.12315121219400035]], "inverted": false, "swapped": false, "error_lsq": 0.04374229375380285, "error_max": 0.2555434035188222, "target": "129.xyz", "model": "6.xyz", "model_rescale": 4.08911054899281, "target_rescale": 3.856342577321485},
{"mapping": [12, 7, 5, 10, 6, 2, 4, 8, 3, 11, 13, 9, 14], "R": [[-0.9996979390583052, -0.024155953114478438, 0.004529963764579501], [0.019680875566828075, -0.8972229211404508, -0.44113908568287097], [0.01472052239223573, -0.4409166811420583, 0.897427315447425]], "T": [0.04404836041771107, 0.03830738868766713, -0.04312832609420178], "aligned_model": [[-0.19363025887205934, -0.4830543633073612, 0.14695807123908877, 0.44539551303153413, -0.04444652552498404, -0.6219448632558678, 0.5377201793692762, 0.717477333544236, 0.48374449581297696, 0.0651256422793837, -0.6054775074687861, 0.4116161999754727, 0.09087099239927121], [-0.6006779743699281, -0.15745272498684676, -0.5529205534602275, -0.5135071519945736, 0.3281306664194776, 0.45311062139566893, -0.041293846022309996, 0.061353041623158765, 0.6131055457111967, -0.13953686452199804, -0.1595322270435931, 0.5346486329491679, 0.12330682355719978], [0.16473821219866222, -0.5752276223474503, -0.5125538701643496, 0.18859580791520036, -0.4397567281284669, -0.2289531022870441, -0.539919296531422, 0.062281774558035324, -0.3636370209319474, 0.5158513092654209, 0.23049578787462052, 0.43967242004811236, 0.09083995258480107]], "inverted": false, "swapped": false, "error_lsq": 0.04623019367119059, "error_max": 0.3546824743333708, "target": "129.xyz", "model": "7.xyz", "model_rescale": 3.964800864290218, "target_rescale": 3.856342577321485},
{"mapping": [3, 10, 6, 0, 9, 8, 4, 2, 12, 1, 5, 7, 13], "R": [[0.4714888916611363, 0.6407776015544913, -0.6058896684927275], [0.8479681724250034, -0.1407449104302233, 0.5110194211007915], [0.24217391187812315, -0.7547151353550969, -0.6097186735467309]], "T": [0.12124110771192442, -0.05287996268798909, -0.11048897161515278], "aligned_model": [[-0.10937237713839779, -0.5966709743772175, 0.29994763685946013, 0.3638403488851999, -0.20462491001831784, -0.3931151780195278, 0.7118143687454062, 0.7294317004663213, 0.34955578067888704, 0.10466330087193332, -0.6807154553773522, 0.31999517344191253, 0.055605494203873757], [-0.7360566877175575, -0.10118721848964632, -0.47577268362863173, -0.5839061591758924, 0.41605515999898235, 0.49226066200463614, -0.07741494298410856, -0.051711885491683464, 0.6125647677616457, 0.08022699893494034, -0.13436918759992808, 0.5186865320773066, -0.010641366433670953], [-0.03270929120008213, -0.5072290180367085, -0.4650754155100081, 0.3046208443956048, -0.4948948976722346, 0.06073279115336874, -0.49221485901079476, 0.15163993986698568, -0.38568101022341483, 0.6278386008486438, 0.11153782881593749, 0.2645599963599977, -0.11069788573312281]], "inverted": false, "swapped": false, "error_lsq": 0.04793366222132965, "error_max": 0.3590886177090696, "target": "129.xyz", "model": "8.xyz", "model_rescale": 4.121658175737393, "target_rescale": 3.856342577321485},
{"mapping": [11, 2, 3, 10, 1, 6, 0, 5, 4, 7, 8, 9, 12], "R": [[-0.9126795936724961, 0.28935008985047744, 0.288604374182597], [-0.3145020195053569, -0.9482417873881466, -0.043886129676529335], [0.2609682720578498, -0.1308206335195397, 0.9564421168187265]], "T": [0.05388580580044482, -0.03384640557966258, -0.023440867315779823], "aligned_model": [[-0.10866793450804307, -0.33658793916980423, -0.0055287063021672925, 0.5616006468767871, -0.01957076867862436, -0.39115982315167214, 0.5412603861715115, 0.647850269909643, 0.5016590495146543, 0.013447815001670242, -0.655201325590502, 0.154039073943182, 0.04721416520554581], [-0.5752812385003344, -0.19417128330758116, -0.7248418599560786, -0.5983814815094932, 0.34938044930732615, 0.4926364302794146, -0.011888270739051039, 0.00919739958888243, 0.6798113492477509, -0.06424675691984698, -0.09180811380395432, 0.6594205436385067, 0.01890682193085165], [0.26544782710715664, -0.5749593519827243, -0.39984382858569445, -0.026013568442942003, -0.591484021550349, 0.04678919597887904, -0.6405373766599229, 0.1410928753872353, -0.3032973464386964, 0.649352933080565, 0.13272961069712724, 0.42660366052230914, -0.09345298505877087]], "inverted": false, "swapped": false, "error_lsq": 0.03986662397569894, "error_max": 0.2793796021854778, "target": "129.xyz", "model": "9.xyz", "model_rescale": 3.833441315466971, "target_rescale": 3.856342577321485},
{"mapping": [0, 11, 12, 1, 7, 8, 6, 5, 3, 13, 10, 2, 14], "R": [[0.7761362758634158, 0.17399284463715606, 0.6060849538669792], [0.5162946663140944, -0.7271684370227574, -0.45240013454186584], [0.36201146228328995, 0.6640425846381772, -0.6542133802992443]], "T": [0.10922623806318578, -0.010974658738975362, -0.1447917017974429], "aligned_model": [[0.06147712398867916, -0.42780561449580945, -0.0024159682111975084, 0.4517350163208338, -0.048099205162996525, -0.5581999355942019, 0.5686367568753026, 0.5899081492138957, 0.48821698940203784, 0.1108648240587466, -0.6267300090987448, 0.23100333267826895, 0.11176344924736639], [-0.47912148734195564, 0.002554582614493931, -0.5103691532237568, -0.6541776228674414, 0.40348750080422535, 0.3587608358676085, -0.28118669046428973, -0.012995315789629003, 0.7513399785963193, 0.04657412080531033, -0.28581936589412066, 0.5258365569827714, 0.08385004916685669], [0.34753088622563155, -0.5652091491150154, -0.46285020894235573, -0.024016635386226753, -0.6421686212481627, 0.014573693197278609, -0.5656919288828829, 0.3309981874442216, -0.3167342906217443, 0.6504265037433716, 0.09724741225646341, 0.31743585345006065, -0.14911407806646748]], "inverted": true, "swapped": false, "error_lsq": 0.04602438526476445, "error_max": 0.24408614763935818, "target": "129.xyz", "model": "10.xyz", "model_rescale": 4.2482417240324, "target_rescale": 3.856342577321485},
{"mapping": [1, 5, 8, 11, 2, 6, 4, 7, 9, 3, 0, 12], "R": [[0.7336174498550513, 0.5439522910997835, 0.40733443541575065], [0.6788394545505537, -0.6142418946676362, -0.4023479710159102], [0.031343774719688966, 0.571684178408332, -0.8198748489519071]], "T": [-0.0794183424422761, -0.062022963832475846, -0.11872235819968655], "aligned_model": [[-0.75298973722478, -0.12139112132743643, 0.5323938391717568, 0.5549526504000653, -0.4479260878895366, 0.06156452356417329, -0.21733782463216877, 0.464932336938945, 0.25002650043696906, -0.07156372722350592, -0.37245528765223, -0.003440462199244515], [-0.05362389750812362, -0.6991089830101092, -0.012645872776358723, -0.36646609664924146, 0.6234389860198376, 0.5996245486245508, -0.07536667143409526, 0.30649126246980657, -0.20507589672964824, 0.5783311388631935, 0.04729000050619072, -0.07675712832536329], [0.20724148743983253, 0.07018294295154215, 0.5726845512276164, -0.11298053776885617, -0.02102773185583931, 0.37570840439260367, 0.5978678917719676, -0.20329829460375343, -0.6634074133446406, -0.6586599342497925, -0.6121310084131268, 0.013011932306802837]], "inverted": false, "swapped": true, "error_lsq": 0.054761737192143084, "error_max": 0.3436310465046753, "target": "129.xyz", "model": "11.xyz", "model_rescale": 3.6694154284099745, "target_rescale": 3.856342577321485},
{"mapping": [8, 4, 11, 9, 0, 1, 6, 7, 5, 10, 3, 12, 13], "R": [[0.4725238114729247, 0.5325016202660342, -0.7022558451199595], [0.7055615164567774, 0.2489153416982552, 0.6634938576674648], [0.528113807892118, -0.8090013455373789, -0.2580942247172492]], "T": [0.11068861300605065, 0.02461882700537393, -0.051121739818853], "aligned_model": [[-0.21916311780194625, -0.40898450085354426, 0.16561309730338175, 0.4628168059609124, -0.08675186890098607, -0.6403455735943466, 0.3583332888132313, 0.8357287652152725, 0.6631580256264757, 0.3386394929532455, -0.7038050246252807, 0.14560661921473245, 0.03950889991103339], [-0.5832538560647875, -0.11692318518287242, -0.6309188427096373, -0.6289254401051276, 0.5341914585611078, 0.40650585146038404, 0.007079863167814931, -0.029047643519116154, 0.5534280544700317, 0.0003034849053960807, -0.2543657246381564, 0.5911874685322065, 0.0994725003791484], [0.25593930976435614, -0.5586494368635239, -0.3862072714616855, 0.2547734931342454, -0.511654967392217, 0.03001669257874913, -0.5592746033801355, 0.10250770428421264, -0.29547628048416646, 0.5413104907175207, -0.047043160941239406, 0.32244111640127365, -0.11625546230321755]], "inverted": true, "swapped": false, "error_lsq": 0.04739299443911934, "error_max": 0.23660285865314012, "target": "129.xyz", "model": "12.xyz", "model_rescale": 3.9764082729961374, "target_rescale": 3.856342577321485},
{"mapping": [8, 14, 7, 2, 6, 13, 4, 9, 5, 1, 11, 12, 15], "R": [[0.12380048131693594, -0.16869940431744335, -0.9778619288062271], [0.9475871506997726, -0.27240104871139553, 0.16696185339657257], [-0.2945369801135023, -0.9472793567073399, 0.1261340069202062]], "T": [0.08402157059251553, 0.005770939095911423, -0.05483309725082379], "aligned_model": [[-0.1923830626896394, -0.6005875453065255, 0.39023297143350605, 0.45897467584220947, -0.12807964417995743, -0.35099325350984045, 0.42672542667134633, 0.6055601874289704, 0.649730249455482, 0.23330131109641916, -0.6671308668289408, 0.0569193241653759, 0.0680851356437752], [-0.5802370089216193, 0.050182322997949724, -0.6004226205636611, -0.6142461382700847, 0.459653307582281, 0.435279718724921, -0.045421298644495706, 0.2137266233190711, 0.5507963721474084, -0.11648898591246096, -0.2032865803015379, 0.43988337435527025, -0.04068509725664955], [0.22774078726257085, -0.4648892238760804, -0.3861903744385215, 0.278706265560014, -0.631602267689463, -0.027177045115818463, -0.6839572055180698, 0.16022743158981945, -0.3476553536127052, 0.5502211549225081, 0.09553201867903778, 0.4120988000747494, -0.15062736378386848]], "inverted": false, "swapped": false, "error_lsq": 0.049282706244902136, "error_max": 0.2771198554663966, "target": "129.xyz", "model": "13.xyz", "model_rescale": 4.170626492500431, "target_rescale": 3.856342577321485},
{"mapping": [10, 0, 1, 9, 2, 4, 3, 11, 6, 12, 8, 5, 13], "R": [[0.8803062401206976, 0.12674307626826922, -0.4571620240381048], [0.3663984581025025, -0.7937709047020416, 0.4854687639267963], [-0.3013521088439065, -0.5948646429790212, -0.7451999483553203]], "T": [-0.00576875942110934, -0.04322091063052163, -0.1429929014762783], "aligned_model": [[-0.013947720069587069, -0.3661324891109239, 0.10474846263638274, 0.4941888245834002, -0.1466389144178405, -0.488625609164311, 0.535743169708295, 0.6383588374984526, 0.5111129805822651, -0.12827080766223203, -0.6289165522228879, 0.365362105496047, 0.07337262136512089], [-0.4078895227715687, -0.23676957835951537, -0.6657040095930452, -0.6653824860360406, 0.3513146007574746, 0.4570719912670677, -0.011273385138269115, -0.023445104392405457, 0.6198753945507979, 0.13705329377811196, -0.15140702352155294, 0.5433117960102211, 0.0019780227051167526], [0.2874466562977052, -0.577199421547385, -0.5801601521138968, -0.004198713020222178, -0.6503680062275399, -0.0029236130509391334, -0.5686897309868544, 0.1474691571568736, -0.16800937476996855, 0.5557206167754704, 0.24628705704807768, 0.44476648254302853, -0.09771333405017726]], "inverted": true, "swapped": false, "error_lsq": 0.04489630567530177, "error_max": 0.3242517684056249, "target": "129.xyz", "model": "14.xyz", "model_rescale": 3.9786697098870705, "target_rescale": 3.856342577321485},
{"mapping": [9, 11, 3, 0, 7, 6, 5, 4, 2, 10, 8, 12], "R": [[-0.043693584323852536, 0.9470656289184274, 0.31805277110925806], [-0.7778485997693245, -0.23202801334107334, 0.5840501321478287], [0.6269309583405782, -0.22187765896173148, 0.7468118089102675]], "T": [0.034448280669923545, -0.11453550539207043, 0.017523880879004406], "aligned_model": [[-0.12103101983474047, -0.5808997242701562, 0.6538847321669883, 0.4326047531072048, -0.002968066381505388, 0.29917789966892083, -0.46362951774161976, -0.09105609397709134, 0.7397329608187443, 0.17430337526980327, -0.4969787344563834, -0.05978596760282827], [-0.39845305621777305, -0.00864704549756952, -0.056921151225402075, -0.4949426067223302, 0.3101801163029628, 0.6751203985273095, -0.40899340272001383, 0.2695484401467641, 0.2037909792967622, -0.7075110042393928, 0.6365441570407251, -0.00504133446760302], [-0.5489537151971245, -0.3069443195018012, -0.5433920901905995, -0.17749902098061557, -0.48991098569021324, 0.10959537742093055, 0.3469758139932282, 0.6253310864782031, 0.145750447001038, 0.32333400375904614, 0.10841076315627567, 0.0672691336254618]], "inverted": true, "swapped": true, "error_lsq": 0.048089760857299914, "error_max": 0.28591430873537454, "target": "129.xyz", "model": "15.xyz", "model_rescale": 3.769337070930944, "target_rescale": 3.856342577321485},
{"mapping": [4, 1, 11, 5, 8, 6, 7, 2, 9, 10, 12], "R": [[0.9531282145101122, -0.3012137252608593, 0.02858143487022971], [0.15610425681139414, 0.5704716525941748, 0.8063458033572404], [-0.2591873216616274, -0.7640892521825882, 0.5907533723889568]], "T": [-0.030959777414711988, 0.08699593247168938, 0.1481021756690833], "aligned_model": [[-0.23613494696194012, -0.44656130058620414, 0.06529943928208429, -0.6079867676060186, 0.22962833475945413, 0.5071139528997944, 0.583214745238247, 0.313711174806339, 0.12216086867676049, -0.5844956707135224, -0.02332369910382356], [-0.24583778562813627, -0.532765827354072, 0.7361496909360399, 0.355443461547307, 0.2915545912836959, -0.3463969620337981, 0.31532616541403247, -0.6127799562706047, 0.5963291519879577, -0.07008572307683145, 0.10912769081975132], [-0.4681983113919243, 0.09160322130987764, -0.10582440280085759, -0.04760500234424325, -0.7150579184008627, -0.32598920579987395, 0.0484605849697345, 0.2300529132886347, 0.5260090354192043, 0.5136464127932678, -0.0028797198191804763]], "inverted": false, "swapped": true, "error_lsq": 0.05628299046089061, "error_max": 0.2760835601731143, "target": "129.xyz", "model": "16.xyz", "model_rescale": 3.7852294659196426, "target_rescale": 3.856342577321485},
{"mapping": [7, 5, 1, 2, 4, 10, 3, 8, 0, 11, 6, 9, 12], "R": [[0.6390649064829954, -0.7173280465542162, -0.27755453325174284], [0.09285337772126429, 0.43016903135130913, -0.897960385936946], [0.7635275342432865, 0.5480830941499555, 0.34151226384916034]], "T": [0.13062208568674094, -0.0252404293248318, -0.10524793640978838], "aligned_model": [[-0.24343351046822398, -0.3856207607317008, 0.14891152166267696, 0.40776374697230855, -0.16256027957405578, -0.4292817159801958, 0.7895963960798645, 0.6273304855737394, 0.39884488927583894, 0.10677564638438236, -0.6908483943922693, 0.2795207976055877, 0.10335608681422895], [-0.569581214184771, -0.20885387987509887, -0.5024132452739086, -0.5545563896678369, 0.2738760172512506, 0.5119242212721928, -0.11966123547692771, 0.15704574691947856, 0.5298384370805576, -0.17178083240294265, -0.10386927596434249, 0.6736706269946384, 0.033095012584102454], [0.12970424191516502, -0.4685500625516439, -0.601459337425505, 0.025534840500273964, -0.6765273226800939, 0.11204667076449934, -0.5403719885719871, 0.27456573723084743, -0.3979784190104797, 0.6130064280263613, 0.22093757941960188, 0.3811822173174988, -0.03966296088036597]], "inverted": false, "swapped": false, "error_lsq": 0.04469497201080412, "error_max": 0.24450984981510956, "target": "129.xyz", "model": "17.xyz", "model_rescale": 3.901054581598922, "target_rescale": 3.856342577321485},
{"mapping": [12, 2, 0, 7, 8, 5, 1, 6, 4, 11, 13, 10, 14], "R": [[-0.5040621250285914, 0.8615724334123307, 0.06011918242637876], [0.6506290117003981, 0.4245832077408539, -0.6296117762861895], [-0.5679817455213017, -0.2782481656515319, -0.7745803348046822]], "T": [0.032493438382459786, 0.01274906704511877, -0.07130769313691594], "aligned_model": [[-0.09872579489788848, -0.5748166175798232, 0.12149551709948457, 0.41121928725443535, -0.05072347433067245, -0.4868729349963471, 0.5945787274843667, 0.7216653008971303, 0.48357230837082266, 0.2864465909525089, -0.6554783829392898, 0.18118855150179458, 0.016805830405658983], [-0.5337667818518625, -0.1256935984053905, -0.5160899132509138, -0.5256854967893984, 0.4062319177810503, 0.357318579664253, -0.12295182142024358, -0.07822009073822771, 0.6207071702501304, -0.05128718264220258, -0.17078178641611738, 0.6945460442473985, -0.005593051172083165], [0.41456990852726927, -0.6151332408065302, -0.6078824609027758, 0.008266018990765886, -0.599194464855144, -0.11151301831130726, -0.46032047709237084, 0.2124043114035858, -0.3004119657011666, 0.6824416975443586, 0.07191729489102504, 0.3593852291884031, -0.02210120882194079]], "inverted": true, "swapped": false, "error_lsq": 0.044317435485656524, "error_max": 0.24928149006207018, "target": "129.xyz", "model": "18.xyz", "model_rescale": 3.9405287249114394, "target_rescale": 3.856342577321485},
{"mapping": [7, 5, 0, 4, 2, 11, 1, 12, 3, 13, 9, 14, 15], "R": [[-0.5253545694786927, -0.7783153071016197, 0.343842782473574], [0.7980209240281456, -0.3104805136467466, 0.5164924544065648], [-0.29523749955099277, 0.5457354060137243, 0.7842242571368943]], "T": [0.11176999153932127, -0.040489237609975304, -0.07504467756787774], "aligned_model": [[-0.1885135413421481, -0.5944663969384312, 0.3695711282503326, 0.4642602758943696, -0.1898545852377077, -0.41942288355275276, 0.5103152386400693, 0.6151057585704733, 0.6768372038872679, -0.04025620488218867, -0.5948905375613747, 0.24431638504497316, 0.09735306844929828], [-0.5948160510635494, -0.06392685068462833, -0.5553650745657597, -0.6471802921182199, 0.3777935645921525, 0.3888051478021872, 0.018950966160502458, 0.017879229521439333, 0.564294584963152, 0.07184889026765806, -0.21151682767151703, 0.594953196836361, -0.012986494783385708], [0.23828762639705453, -0.5131582297916499, -0.45069838031223014, 0.1307260502605717, -0.7746069657731958, 0.15463697604169174, -0.5976802792719393, 0.13324668058527206, -0.27595303567455826, 0.5696242498658277, 0.17069971607193868, 0.34730982773512514, -0.10000661207973553]], "inverted": false, "swapped": false, "error_lsq": 0.039833993479988616, "error_max": 0.22684840279502658, "target": "129.xyz", "model": "19.xyz", "model_rescale": 4.410303926677745, "target_rescale": 3.856342577321485},
{"mapping": [3, 10, 6, 0, 9, 8, 4, 2, 12, 1, 5, 7, 13], "R": [[0.4714888916611363, 0.6407776015544913, -0.6058896684927275], [0.8479681724250034, -0.1407449104302233, 0.5110194211007915], [0.24217391187812315, -0.7547151353550969, -0.6097186735467309]], "T": [0.12124110771192442, -0.05287996268798909, -0.11048897161515278], "aligned_model": [[-0.10937237713839779, -0.5966709743772175, 0.29994763685946013, 0.3638403488851999, -0.20462491001831784, -0.3931151780195278, 0.7118143687454062, 0.7294317004663213, 0.34955578067888704, 0.10466330087193332, -0.6807154553773522, 0.31999517344191253, 0.055605494203873757], [-0.7360566877175575, -0.10118721848964632, -0.47577268362863173, -0.5839061591758924, 0.41605515999898235, 0.49226066200463614, -0.07741494298410856, -0.051711885491683464, 0.6125647677616457, 0.08022699893494034, -0.13436918759992808, 0.5186865320773066, -0.010641366433670953], [-0.03270929120008213, -0.5072290180367085, -0.4650754155100081, 0.3046208443956048, -0.4948948976722346, 0.06073279115336874, -0.49221485901079476, 0.15163993986698568, -0.38568101022341483, 0.6278386008486438, 0.11153782881593749, 0.2645599963599977, -0.11069788573312281]], "inverted": false, "swapped": false, "error_lsq": 0.04793366222132965, "error_max": 0.3590886177090696, "target": "129.xyz", "model": "20.xyz", "model_rescale": 4.121658175737393, "target_rescale": 3.856342577321485},
{"mapping": [1, 8, 5, 0, 9, 10, 7, 3, 11, 2, 6, 4, 12], "R": [[0.7857334105613228, -0.6114138736305331, 0.09378743337877674], [0.4778142651485649, 0.5036374891535357, -0.7197519069371471], [0.39283143401236253, 0.6103460941557904, 0.6878670727695593]], "T": [-0.004415216167228397, 0.0019526141901076077, -0.09907855649109991], "aligned_model": [[-0.05800772340165296, -0.4575058857708487, 0.12535549490443357, 0.6499733543920397, -0.18113726272310393, -0.42505473997609866, 0.5631558882824007, 0.6361600350622838, 0.4966653559675528, -0.046436028102004055, -0.6233617741101954, 0.18678381726732685, 0.08376437743004711], [-0.5464310894496228, -0.2547325217563315, -0.5542737293655957, -0.725570739032068, 0.4148623712612223, 0.6458288528988764, 0.04846872087403791, -0.11272808053255341, 0.696793106297445, 0.03360718990403699, -0.04414804652839458, 0.3977702883109737, -0.05071233362563341], [0.323742945734299, -0.5263076387979954, -0.470124843724044, 0.07311058293545088, -0.6655922156002319, 0.03191312989810886, -0.47659326204570657, 0.1441340844594785, -0.3007811938018016, 0.6581822132638316, 0.09432348477005241, 0.2695715491567315, -0.12315121219400035]], "inverted": false, "swapped": false, "error_lsq": 0.04374229375380285, "error_max": 0.2555434035188222, "target": "129.xyz", "model": "21.xyz", "model_rescale": 4.08911054899281, "target_rescale": 3.856342577321485},
{"mapping": [8, 0, 1, 11, 4, 7, 2, 15, 3, 5, 6, 12, 16], "R": [[0.02086477243316648, 0.05061977856117228, 0.9985000246818878], [0.9921685871093968, -0.12406813526468488, -0.014442733996298474], [0.12315094812731314, 0.9909817030754717, -0.052812007583333764]], "T": [0.10031684859210162, 0.06171262884786, 0.024996350619929997], "aligned_model": [[-0.1284130716517609, -0.457649250851125, 0.16705903776691702, 0.43179896625020925, 0.058777293189468005, -0.5010836463932962, 0.49075830195298403, 0.7910206844016859, 0.47233354403073197, 0.04517409879218032, -0.5975480766551071, 0.10444797620129122, 0.07367905218800257], [-0.5797445197529111, -0.009066582949190279, -0.5958531266232621, -0.5890362004622114, 0.30543082821389045, 0.43617867821652573, -0.03130486297123105, -0.15592325969742005, 0.7317079204725455, -0.19295277382996423, -0.1886280469942203, 0.734675280749281, 0.08325065488455988], [0.155293580652951, -0.5076794731498129, -0.41449328370821376, 0.25420934563311826, -0.6270527966860768, 0.08735667864164852, -0.5751345076821408, -0.05908604414381832, -0.38364617140898444, 0.6806135131253154, 0.10166590572498563, 0.3284328496845098, -0.00805197262930904]], "inverted": false, "swapped": false, "error_lsq": 0.042855481730396265, "error_max": 0.3049326304299482, "target": "129.xyz", "model": "22.xyz", "model_rescale": 4.204369325754507, "target_rescale": 3.856342577321485},
{"mapping": [7, 5, 0, 4, 2, 11, 1, 12, 3, 13, 9, 14, 15], "R": [[-0.5253545694786927, -0.7783153071016197, 0.343842782473574], [0.7980209240281456, -0.3104805136467466, 0.5164924544065648], [-0.29523749955099277, 0.5457354060137243, 0.7842242571368943]], "T": [0.11176999153932127, -0.040489237609975304, -0.07504467756787774], "aligned_model": [[-0.1885135413421481, -0.5944663969384312, 0.3695711282503326, 0.4642602758943696, -0.1898545852377077, -0.41942288355275276, 0.5103152386400693, 0.6151057585704733, 0.6768372038872679, -0.04025620488218867, -0.5948905375613747, 0.24431638504497316, 0.09735306844929828], [-0.5948160510635494, -0.06392685068462833, -0.5553650745657597, -0.6471802921182199, 0.3777935645921525, 0.3888051478021872, 0.018950966160502458, 0.017879229521439333, 0.564294584963152, 0.07184889026765806, -0.21151682767151703, 0.594953196836361, -0.012986494783385708], [0.23828762639705453, -0.5131582297916499, -0.45069838031223014, 0.1307260502605717, -0.7746069657731958, 0.15463697604169174, -0.5976802792719393, 0.13324668058527206, -0.27595303567455826, 0.5696242498658277, 0.17069971607193868, 0.34730982773512514, -0.10000661207973553]], "inverted": false, "swapped": false, "error_lsq": 0.039833993479988616, "error_max": 0.22684840279502658, "target": "129.xyz", "model": "23.xyz", "model_rescale": 4.410303926677745, "target_rescale": 3.856342577321485},
{"mapping": [10, 4, 3, 1, 5, 15, 0, 7, 12, 11, 8, 13, 16], "R": [[0.12011331612063592, 0.5765659465872818, -0.8081735584182497], [-0.5187373922407222, 0.7305456945978713, 0.4440883988529862], [0.8464539616433959, 0.36588891393485196, 0.38683458154329375]], "T": [0.030313917618492087, 0.09032293690243062, 0.04240359683995823], "aligned_model": [[-0.26638440980640765, -0.3408393980469302, 0.14424557608122476, 0.529939614006936, -0.1540243354730382, -0.5450807080804874, 0.5493822876930603, 0.6779436199612621, 0.4758994190189809, 0.12335825516011559, -0.7239984245067077, 0.4138501377258741, 0.06606327548829852], [-0.4744502165906991, -0.18730760776085945, -0.6148263738151113, -0.6009417494893178, 0.39780139889928157, 0.5079730494769105, -0.003159796800170561, 0.05008663830653853, 0.5738911646109338, -0.11814570048883014, -0.21174801561031523, 0.6356114993869156, -0.0060503008688839455], [0.17196182263943285, -0.46656680498285763, -0.504437341119672, 0.13654522645415948, -0.47439272404782307, 0.10407692185170689, -0.49816537819818363, 0.1869293924648745, -0.41997197007099984, 0.6328314629560776, -0.08198570101195352, 0.2654438966032131, -0.019841179483802734]], "inverted": false, "swapped": false, "error_lsq": 0.03921068780109566, "error_max": 0.21523484380763375, "target": "129.xyz", "model": "24.xyz", "model_rescale": 4.28219845311461, "target_rescale": 3.856342577321485},
{"mapping": [8, 0, 1, 5, 4, 2, 3, 9, 7, 11, 6, 12, 15], "R": [[0.29098423402573276, -0.9055585140409929, 0.3086939474565816], [0.9193834895644993, 0.3539381300611341, 0.1716443975346478], [-0.26469260409890955, 0.23386230507864425, 0.9355459623121899]], "T": [0.06430030064877092, 0.0885159358886649, 0.004594720616440812], "aligned_model": [[-0.12198273705234898, -0.5450667321985626, 0.11315873504169573, 0.4851588593082328, -0.014327064190787109, -0.5121402640241844, 0.5296453827403683, 0.7288209552723631, 0.5437102040407172, 0.21934914262121658, -0.7520922923634953, 0.2658015320936503, 0.010319187933314974], [-0.5667073128490044, -0.0650545085324928, -0.42590063684504975, -0.6315353838639484, 0.2912149825443281, 0.4509276806703557, -0.12712951824896895, 0.141338662554857, 0.5867016718094801, -0.011871043331600009, -0.2818525081532105, 0.5089444991178148, 0.07965740438383181], [0.13848714425318512, -0.5156380252915146, -0.373381260012279, 0.1768876439758804, -0.6935309177961477, -0.06719683203242184, -0.5759191358441631, 0.11637908001010047, -0.3525090777461438, 0.5168050116636124, 0.09693910157018454, 0.6104469940134251, -0.04534210270954529]], "inverted": false, "swapped": false, "error_lsq": 0.040169526950118876, "error_max": 0.23584610527933678, "target": "129.xyz", "model": "25.xyz", "model_rescale": 4.100010024507729, "target_rescale": 3.856342577321485},
{"mapping": [1, 5, 8, 11, 2, 6, 4, 7, 9, 3, 0, 12], "R": [[0.7336174498550513, 0.5439522910997835, 0.40733443541575065], [0.6788394545505537, -0.6142418946676362, -0.4023479710159102], [0.031343774719688966, 0.571684178408332, -0.8198748489519071]], "T": [-0.0794183424422761, -0.062022963832475846, -0.11872235819968655], "aligned_model": [[-0.75298973722478, -0.12139112132743643, 0.5323938391717568, 0.5549526504000653, -0.4479260878895366, 0.06156452356417329, -0.21733782463216877, 0.464932336938945, 0.25002650043696906, -0.07156372722350592, -0.37245528765223, -0.003440462199244515], [-0.05362389750812362, -0.6991089830101092, -0.012645872776358723, -0.36646609664924146, 0.6234389860198376, 0.5996245486245508, -0.07536667143409526, 0.30649126246980657, -0.20507589672964824, 0.5783311388631935, 0.04729000050619072, -0.07675712832536329], [0.20724148743983253, 0.07018294295154215, 0.5726845512276164, -0.11298053776885617, -0.02102773185583931, 0.37570840439260367, 0.5978678917719676, -0.20329829460375343, -0.6634074133446406, -0.6586599342497925, -0.6121310084131268, 0.013011932306802837]], "inverted": false, "swapped": true, "error_lsq": 0.054761737192143084, "error_max": 0.3436310465046753, "target": "129.xyz", "model": "26.xyz", "model_rescale": 3.6694154284099745, "target_rescale": 3.856342577321485},
{"mapping": [12, 2, 6, 3, 0, 10, 1, 7, 5, 9, 11, 8, 13], "R": [[0.41148333432069906, 0.320965495201914, -0.8530314275957893], [-0.7416813206933203, 0.6618814404338312, -0.10872799705618263], [0.5297077346149786, 0.6774172345748425, 0.510407294413041]], "T": [0.05755565682209104, 0.1104736490215949, -0.0478046753218058], "aligned_model": [[-0.21328143399856417, -0.4654218446992702, 0.12423748342747451, 0.5061728698892092, 0.026208472600161813, -0.41097271594593665, 0.6057950164699788, 0.6468925252400824, 0.6280633078383077, 0.02062865291356849, -0.6722216517512744, 0.1402343874043256, 0.014019839834118204], [-0.6273519852114935, -0.054607868962185, -0.4458855621019305, -0.5027258947425195, 0.3450378109072063, 0.36482546020761863, -0.10029994874545672, 0.07334497247526695, 0.5254414464636077, -0.08070523487009451, -0.2788808681766602, 0.6323045359192452, 0.0982371260937876], [0.061709785192752074, -0.44951635243105853, -0.44429981274844516, 0.22707736483527077, -0.6650002287191052, 0.23090133457100262, -0.7070881869561833, 0.16998430883404425, -0.40599630970099354, 0.6056098685985304, 0.18023832297877881, 0.31165873786369686, -0.08285120826411742]], "inverted": false, "swapped": false, "error_lsq": 0.043739166418452255, "error_max": 0.22306605031578622, "target": "129.xyz", "model": "27.xyz", "model_rescale": 4.103607728864725, "target_rescale": 3.856342577321485},
{"mapping": [5, 11, 8, 1, 13, 10, 4, 2, 12, 0, 6, 3, 14], "R": [[0.5273017912763653, 0.011648829473590881, -0.84959821426874], [-0.09768130858649716, -0.9924453640749648, -0.07423315484970527], [-0.8440445384395104, 0.12213314086686711, -0.5221803453141721]], "T": [-0.10124236404675116, 0.0542619159357603, -0.05725169859998535], "aligned_model": [[-0.30634218526646295, -0.5397268174788732, 0.11336303839378467, 0.49668090772266127, 0.07054027658161427, -0.4227386779172809, 0.6453654229290501, 0.6222906081365949, 0.39205366348503323, 0.24694536680116005, -0.6810119551971583, 0.290185947494505, 0.022749313537553606], [-0.5118129813317436, -0.08194416371171326, -0.5142258424701687, -0.5479840916381785, 0.20625580896660703, 0.43005572253732866, -0.14296427751267768, 0.17841840887530921, 0.7331418033135416, -0.09752139457117179, -0.18615761031443473, 0.49298954595810224, -0.009516938844408206], [0.35824040048385525, -0.5683686337769435, -0.6077479897705595, 0.23023454370159235, -0.6632724192142021, 0.0660139145827554, -0.5318967535404677, -0.008201625648292514, -0.23911633194035703, 0.5472471613825507, 0.028380861952593046, 0.40947391259544635, 0.011440583246202042]], "inverted": false, "swapped": false, "error_lsq": 0.042203341495681286, "error_max": 0.2192326091655186, "target": "129.xyz", "model": "28.xyz", "model_rescale": 4.137296879288765, "target_rescale": 3.856342577321485},
