[{"mapping": [13, 11, 14, 4, 6, 12, 8, 1, 3, 7, 9, 15], "R": [[-0.6828390581652803, 0.6141729332758584, 0.39562915549195943], [0.185855739705769, 0.6697558762476024, -0.7189469453653919], [-0.7065327060103972, -0.4173951057009827, -0.5714830365588213]], "T": [-0.14665389954056818, -0.048982425117976076, 0.07517767858465968], "aligned_model": [[-0.2270603755919921, 0.39197225665679003, 0.3494093340962498, -0.09731234593491217, -0.17355262206505823, -0.6103611180712247, 0.35732395336479716, -0.3411393148980852, 0.6922151787286086, 0.24048440458018383, -0.6732954130909147, -0.07104147531389343], [-0.39151210703126016, -0.60032623257837, -0.15450487919696843, 0.6582175175341539, 0.2134393556267244, -0.4846005126553181, -0.3647535860460157, -0.41388105242213624, 0.019142388317817803, 0.473758435610563, 0.07675044822105184, 0.021825260596814743], [-0.4255106094791566, -0.11573216554221005, -0.5425555320281419, -0.0401365615586636, -0.6418091228395801, 0.025922909869960653, 0.45720874323203203, 0.5572015299299529, 0.06512150477095707, 0.4597548814065175, 0.3365951364656021, 0.04589103112629249]], "inverted": false, "swapped": true, "error_lsq": 0.04615204108119262, "error_max": 0.2153296885190757, "target": "13.xyz", "model": "0.xyz", "model_rescale": 3.751011558992144, "target_rescale": 4.170626492500431},
{"mapping": [3, 14, 7, 8, 6, 0, 13, 11, 4, 9, 5, 12, 10, 2, 15], "R": [[-0.04448517619108877, -0.5851167963521999, 0.8097279813158156], [-0.7342913380189267, -0.5304265267781709, -0.4236318337901682], [0.6773753021845585, -0.6134215795980643, -0.4060500777906506]], "T": [0.057926425742093224, 0.0361837876275993, 0.06830394313476261], "aligned_model": [[-0.014354852985993594, 0.27287040828592013, -0.5308580074864779, 0.2922837755784181, -0.06547790704026701, -0.5420014821578503, 0.4887633412897064, 0.6305806234605946, -0.6156112279004569, -0.10994295390491038, -0.3957453218017736, 0.49905519377670365, 0.773544800243803, -0.1372182512172922, -0.006801927051089618], [0.020289932111534542, -0.546881507924298, 0.31922464148493823, 0.47459725993960755, -0.717440708387784, 0.3910839595262592, -0.39217840717206076, -0.0438328252663171, -0.20905224089595037, 0.26521323737455266, -0.26412140567751263, 0.06560847405915857, 0.3929162945404613, 0.7985603596855592, -0.005229713571042405], [-0.7701268825246225, -0.434331098487135, -0.31150451537874724, -0.43421281929368727, 0.09021958493078447, 0.27138103886778675, 0.14155644107671533, -0.4759471112930401, 0.022806237490273176, 0.5982704600423498, 0.7061304416350925, 0.5284703617149749, -0.014031708593153905, -0.06192674195016966, -0.007087283385445051]], "inverted": false, "swapped": true, "error_lsq": 0.04334883496962931, "error_max": 0.2779407559811405, "target": "13.xyz", "model": "1.xyz", "model_rescale": 3.9405287249114394, "target_rescale": 4.170626492500431},
{"mapping": [5, 0, 4, 8, 2, 6, 12, 1, 3, 14, 11, 13, 15], "R": [[-0.7449580146697534, -0.6070815408001504, -0.2765674586769289], [0.5945614792828122, -0.416180941645762, -0.6879608064155116], [0.30254620098810314, -0.6769382738703449, 0.6709846269752417]], "T": [-0.0156642284134513, 0.035193733493526454, 0.03437179656157277], "aligned_model": [[-0.3991150420111693, 0.2316566684299506, -0.3673430676058772, 0.46523529885357395, 0.7066953664737863, -0.7796073311199084, 0.07671352467961523, 0.5575654432375016, -0.026521577885547983, -0.5453273942563285, 0.010414416036898442, -0.368736977108541, -0.06564604844002218], [0.7646200964479938, 0.4563630483859079, 0.20300166997054747, -0.48238677282195935, 0.03711265522792762, 0.04070933651222256, 0.31878851250198953, 0.16846468427265565, -0.7273628417475438, -0.5531354460755268, -0.6757279290628485, -0.07501368449513182, -0.016600735544217142], [-0.11966248667752996, -0.502802956828717, -0.5689740514384113, 0.012035709054895621, -0.303936416935887, 0.03876720892028482, 0.5985117499427222, 0.27305396070117316, -0.3217644622392718, 0.14452508426545593, 0.38715358855362325, 0.5218905196236374, -0.04567709735333153]], "inverted": false, "swapped": true, "error_lsq": 0.05050598828007479, "error_max": 0.3484123467477982, "target": "13.xyz", "model": "2.xyz", "model_rescale": 3.932901565614263, "target_rescale": 4.170626492500431},
{"mapping": [1, 9, 12, 2, 10, 11, 13, 8, 7, 3, 6, 4, 14, 15], "R": [[0.9650173489704734, 0.24293402996745814, -0.09861325098469054], [-0.15517254094168473, 0.22602656293093393, -0.961682627163104], [-0.21133622198691027, 0.9433424881417134, 0.25581624526777164]], "T": [0.14751588299580026, -0.02632429232353188, -0.052284211860130214], "aligned_model": [[-0.24680958641147438, 0.2984254256222272, 0.2578901852970745, -0.47833530316840894, -0.37076392628108085, -0.23697906999746815, 0.41411977059322774, -0.5371315557761953, -0.12859468359313508, -0.27738171847300663, 0.7917951371786496, 0.49630042340199904, 0.2807242721431134, 0.15655054151718198], [-0.024655923891530804, 0.2951450103827305, -0.34579337104473273, 0.4370440025544939, -0.5421500841998409, -0.6560141491058293, -0.5770404337855906, -0.13592886494050604, 0.5638635308812785, -0.09038334388779552, -0.21408795143172032, 0.4774615471541673, -0.5284689680777542, 0.004505637743118875], [-0.5501066892398716, -0.5374469926661749, -0.5935517576088126, -0.22508360417619871, -0.38613551212622715, 0.24131247432281083, -0.06299144483503605, 0.08518418048133033, 0.3304362961894056, 0.6714573949943834, 0.31282927275407446, 0.32243287354513195, 0.5550989367763248, 0.050460934645957134]], "inverted": false, "swapped": true, "error_lsq": 0.04533915481648141, "error_max": 0.3066845752070585, "target": "13.xyz", "model": "3.xyz", "model_rescale": 3.9243930471874484, "target_rescale": 4.170626492500431},
{"mapping": [1, 9, 2, 8, 7, 12, 11, 0, 4, 6, 3, 14, 15], "R": [[0.8047163190856612, -0.27350976867321586, 0.5269004196596817], [-0.5461810835532358, -0.6888921411070634, 0.47656462509248376], [0.23263247788268523, -0.6712823730452411, -0.7037486098550478]], "T": [-0.11950244799146549, -0.05688231314260037, -0.15402596833559468], "aligned_model": [[-0.004822006190630446, -0.13821108762151163, 0.5630283644347854, 0.29542387215739024, 0.5837076538829961, -0.5724148311681632, -0.21696184525005446, 0.3471070569010254, 0.11016748644752582, -0.5666535899489981, 0.3279957028123579, -0.37722375952578613, -0.07393713061958435], [-0.5537240653084902, 0.025006964140435704, -0.346945310577221, -0.5657978929746781, 0.2086449216558656, -0.36741399405029723, -0.5541112799057357, 0.25926462923387916, 0.6229272224911768, 0.4720435869267626, -0.10725776399796419, 0.026674821982050533, 0.00851771406580313], [-0.5326012552127092, -0.7493773432285039, -0.44775145499639657, 0.1076874591007112, -0.07640806366804964, -0.47907055491736317, 0.4573738347777758, -0.6116662356550788, -0.12280997475208433, 0.16838999619023426, 0.5570655632493968, 0.5979088495348508, -0.08167050505181951]], "inverted": true, "swapped": true, "error_lsq": 0.04769654703680471, "error_max": 0.2640662843311882, "target": "13.xyz", "model": "4.xyz", "model_rescale": 3.8936222436046832, "target_rescale": 4.170626492500431},
{"mapping": [2, 7, 9, 1, 5, 6, 14, 13, 10, 8, 12, 15], "R": [[-0.5292025394193939, -0.698752323170749, 0.4813417321774066], [0.8307448816722894, -0.5421210644294745, 0.1263633375514739], [0.1726488165246408, 0.4667439794634044, 0.8673767599995439]], "T": [-0.1519670051482654, -0.050995906395734356, -0.013143234218238212], "aligned_model": [[0.1272695914125928, -0.4312737864771902, -0.229195799441519, 0.34533684348142046, -0.7716284463870953, -0.674667727930423, -0.2360611982353385, -0.04480789370916008, 0.6447922948115896, 0.34712605521714596, 0.16939337314723585, -0.21873526367416152], [-0.5222042861438333, -0.7032102584532037, 0.24594416561184018, 0.01500175042728251, 0.4266571426862288, 0.20364098782905077, -0.1737477869013458, 0.3367088776433701, 0.019162508133306888, -0.5502816281065878, 0.4950670542836819, -0.12381562189998326], [-0.5930131333356174, -0.27321603132881983, -0.5302132812000461, -0.4025732917291723, -0.3142929789952151, 0.4824400707888991, 0.7721389966366561, 0.4480318642591967, 0.06685247664502314, 0.022531993031342092, -0.08901342061626047, 0.029611455119532202]], "inverted": false, "swapped": true, "error_lsq": 0.04507854749749923, "error_max": 0.20667860996723308, "target": "13.xyz", "model": "5.xyz", "model_rescale": 3.6523030999806103, "target_rescale": 4.170626492500431},
{"mapping": [5, 4, 7, 9, 2, 6, 3, 12, 14, 11, 8, 1, 15], "R": [[-0.15151543973595172, -0.7595510461185108, -0.6325545667070132], [-0.933666503301594, 0.320071047422663, -0.16069033951776343], [0.3245149181997584, 0.5662479429914385, -0.7576630748055292]], "T": [0.10503511153436601, -0.12885692162501233, 0.004370929611556319], "aligned_model": [[0.29339294432819796, -0.07387551974156759, 0.12680419247565422, 0.6230611524984482, 0.6324480076242855, -0.4632619532633893, -0.4229296311114252, 0.3864941336429157, -0.6758105130941467, -0.330008885753159, 0.12198958958686565, 0.6329370676244321, 0.0298423198471829], [-0.6660514150759829, -0.05150482158394058, 0.48882404703751975, -0.35346896431407715, 0.4695495167929116, -0.5515761288233216, 0.5219718824996511, -0.5847183321006533, -0.1448147292622613, 0.0820038589493648, 0.4461632613127772, -0.03793337010485574, -0.07761790116394887], [0.6198116731977154, 0.6956533324071944, 0.4391467649452117, 0.21100485151148723, 0.0021606345772995812, 0.29073734472883245, -0.0738502028159088, -0.34230576164576804, -0.16543336494246758, -0.6255649007625119, -0.4063810290407514, -0.3367668882806246, 0.06189728560208045]], "inverted": false, "swapped": true, "error_lsq": 0.04734274078024011, "error_max": 0.25881918132601966, "target": "13.xyz", "model": "6.xyz", "model_rescale": 4.08911054899281, "target_rescale": 4.170626492500431},
{"mapping": [0, 9, 5, 7, 3, 14, 4, 6, 8, 2, 11, 10, 13, 12, 15], "R": [[0.9462257772322429, -0.273958277240991, -0.17205708596970612], [0.28279400321394177, 0.44216296943952516, 0.8511870888369107], [-0.15711247642205742, -0.8540718768274543, 0.4958597573558057]], "T": [0.07098682807322959, -0.07041776881490225, 0.0010268867924869071], "aligned_model": [[0.09298565797873798, 0.4311449062440202, 0.7842558633760095, -0.38527946638332805, -0.6567800033654803, -0.09741040853468147, 0.1621020459561105, 0.4520321878545968, -0.5845549827346475, -0.40269804125707354, -0.38129220348450116, -0.18650469156049748, 0.3304270615296961, 0.4520730683284105, 0.025832545852181976], [-0.6924219847945018, -0.5498300744203862, -0.29021078713366366, -0.38217690326727316, 0.2687167212296245, 0.701256730707774, -0.1356910492662885, 0.473680040339472, -0.1107008758051263, -0.7086073555113559, 0.46461838259411015, -0.022697075927118338, 0.42236870483049305, -0.10538546311251096, -0.03216019429413508], [-0.3727842156224275, 0.04517579934963777, -0.3807612982149709, -0.5143962496220329, -0.25153337143020144, -0.12132047551792746, -0.7084103110682525, -0.37635993539627244, 0.262360088323584, 0.06882223992131745, 0.3748245500383187, 0.7610056705393026, 0.254666006099997, 0.511677523521697, -0.08889598883968935]], "inverted": false, "swapped": true, "error_lsq": 0.04989598528455982, "error_max": 0.3219798956942818, "target": "13.xyz", "model": "7.xyz", "model_rescale": 3.964800864290218, "target_rescale": 4.170626492500431},
{"mapping": [3, 7, 8, 14, 10, 4, 13, 2, 0, 9, 5, 12, 1, 15], "R": [[0.7208119753835941, 0.540131136975694, 0.4343828392247383], [-0.1079289667854611, 0.7065166847115438, -0.6994179811477766], [-0.6846761528432429, 0.4572663655830732, 0.5675614826908391]], "T": [-0.0793845526263185, 0.029276589864711614, 0.0910969955612236], "aligned_model": [[-0.11131983947357643, 0.19834932731811622, 0.34831969368739013, -0.6728910359021422, 0.27308145434698905, -0.32301475554117154, -0.507800725696027, 0.6810176669252157, 0.28157156540952705, 0.1605162259229028, -0.3655805200312643, -0.042615663058212294, 0.4635759816528492, -0.12202148609972367], [-0.2277329088723542, -0.6294804736488269, 0.1456007616972433, 0.12745657807357597, 0.7083533923573689, -0.6373058769379181, 0.465951260864924, -0.19055647168091577, -0.5107081429397697, -0.016647214922416817, -0.27086680894503484, 0.5617118496806845, 0.33574359077513183, -0.0505710693204902], [-0.7097586108538884, -0.1537227792222286, -0.4595304659599458, -0.4351337369126039, -0.15541732289290983, 0.20144127931990458, 0.07511699099111309, -0.007500182180819756, 0.41549659897162666, 0.640494617619213, 0.8196776117093605, 0.44091734633129204, 0.21190433734660008, 0.03282935445830798]], "inverted": true, "swapped": true, "error_lsq": 0.04660971719055792, "error_max": 0.2972357951878946, "target": "13.xyz", "model": "8.xyz", "model_rescale": 4.121658175737393, "target_rescale": 4.170626492500431},
{"mapping": [0, 9, 1, 2, 5, 4, 13, 14, 11, 6, 7, 3, 15], "R": [[0.4653672016228768, 0.2729832438494163, -0.841970020981236], [0.8795795776493666, -0.2488737463060497, 0.4054647025102853], [-0.09885916364128716, -0.9292696094121675, -0.35592816520627174]], "T": [0.02660609561551542, -0.08831417317300289, -0.13140731384869814], "aligned_model": [[-0.5440114267855025, -0.3478973874048117, 0.23326189996222613, 0.021098818691712325, -0.7158514125170715, -0.5636752797419669, 0.3065901479552662, 0.382350529191789, 0.7764537697403182, -0.18836480044378204, -0.25831921711328365, 0.3727650738714712, 0.002336781028832252], [0.29730546308726796, -0.16770552432510688, 0.04997975215142897, 0.5952743626962922, -0.4693340436625062, 0.06296816548652731, -0.6121089601225176, -0.2880844486369175, -0.0744196692668258, -0.564156692070175, 0.5834982366703796, 0.42171900329575723, -0.04454820589189426], [-0.3611921539963492, -0.5950270730107823, -0.7157794102129669, -0.5424254368494699, -0.2114361383085755, 0.24878378769763, 0.015998580832699227, 0.5558668487644742, 0.1295143355409899, 0.4262845515718839, 0.06485615975200407, 0.4417275463610005, -0.036096164183449395]], "inverted": true, "swapped": true, "error_lsq": 0.04702597442634442, "error_max": 0.2807924452414043, "target": "13.xyz", "model": "9.xyz", "model_rescale": 3.833441315466971, "target_rescale": 4.170626492500431},
{"mapping": [3, 14, 10, 12, 13, 11, 6, 9, 2, 1, 7, 0, 4, 8, 15], "R": [[-0.09219982966384904, 0.5683355811962731, -0.8176147372425792], [0.4588226867119095, -0.7044979891672344, -0.5414465120561666], [-0.88373125641703, -0.4250614666205559, -0.19581066371870554]], "T": [-0.04728367556103989, 0.10335036135349816, -0.02005659509678845], "aligned_model": [[0.08883223564866356, -0.2860874299370572, -0.7094109209864661, -0.5172972418133012, -0.5280528940706674, -0.580455444042712, -0.011651472353586337, 0.10286405948928905, 0.24215494949384725, -0.2693622132495234, 0.5978116985677621, 0.5708403517696795, 0.5958290970061071, -0.19029786804382537, 0.018128110816322623], [-0.7047543069656799, -0.5457917824106898, 0.08565796825325543, 0.5336655701377586, 0.039783726659213495, -0.4686510173093439, -0.07037218074683092, 0.6823864187174269, 0.18996738302479566, 0.4237411950819655, -0.15954960164613058, 0.4212996420341383, 0.02567710131821653, -0.27471755915693863, 0.022758982303821867], [0.17199222960650148, -0.42055039487429124, 0.43537878895894044, -0.053666170756969986, -0.3932868024409749, 0.11809906657273855, -0.7631646829009878, 0.04054066927476098, 0.7181725615945806, 0.48129499313438295, 0.2728073095678273, 0.18955942350240382, -0.33027675597566597, 0.5598265180199496, -0.048604845461103205]], "inverted": false, "swapped": true, "error_lsq": 0.04396897660299684, "error_max": 0.3147268030296096, "target": "13.xyz", "model": "10.xyz", "model_rescale": 4.2482417240324, "target_rescale": 4.170626492500431},
{"mapping": [6, 3, 7, 8, 5, 9, 4, 1, 11, 12, 13, 15], "R": [[0.862196880149705, 0.4595217679592961, 0.21320479504851228], [-0.49636692018186823, 0.682296864322281, 0.5367409705669484], [0.10117519661103816, -0.568604197757584, 0.8163656324730801]], "T": [0.01132873298194136, 0.09882813020903175, -0.05226930672538006], "aligned_model": [[-0.7388853420973026, 0.1669759607142259, 0.2877098325320354, 0.5752217781862903, -0.47767821167323493, 0.09599527814773143, -0.30669913444401775, 0.5277838021445641, 0.12834225371451788, -4.271034310425817e-05, -0.36077375591235045, -0.021184148606348128], [-0.04218519144457944, -0.716137564391802, -0.17314465262476714, -0.3048817249548898, 0.6778072321467965, 0.6754658463269279, 0.038149903348977, 0.3959042119874108, -0.48146822952762086, 0.5276973081520173, 0.049019776491531164, 0.019904474540637873], [-0.02140038435285084, 0.08932272849075194, 0.5963276344731661, -0.1890019767872212, 0.30617080463643015, 0.09544544202249557, 0.5888548233031536, -0.2721386802916681, -0.5815222420895277, -0.5246626316522688, -0.5355284627126461, 0.013325234814542078]], "inverted": true, "swapped": true, "error_lsq": 0.0476741382577971, "error_max": 0.2732648510418338, "target": "13.xyz", "model": "11.xyz", "model_rescale": 3.6694154284099745, "target_rescale": 4.170626492500431},
{"mapping": [6, 14, 3, 11, 13, 5, 9, 0, 8, 2, 7, 1, 4, 15], "R": [[-0.16148188527956553, -0.7437327297909007, 0.648679603012406], [-0.8069222227555255, 0.47792395412735467, 0.34708099990428243], [-0.568155020350819, -0.46738669290968227, -0.677310528591658]], "T": [0.1321786198800263, -0.04174265897737668, -0.04122781570065383], "aligned_model": [[-0.1649650838161987, 0.15929317494998455, -0.01150823660536146, 0.6218048721040375, 0.4531067724984653, -0.3251300714969547, 0.06853864666099144, -0.3468097211678052, 0.42147428839204104, 0.11413910815362574, -0.40178587468861693, 0.5384887370072374, -0.5817703967528554, 0.05338863501721876], [-0.21251684195843662, 0.34726755010291394, 0.7747512670736049, 0.49799533752174, -0.17974827851423247, -0.7418250048054948, -0.5237679460816046, -0.1951402889561994, 0.5439769384115116, 0.22505465812433895, 0.3631101365643194, -0.12067482746315335, -0.06932361718064058, 0.02182820529758725], [-0.7240166582281757, -0.7388981516830118, -0.18660733045019978, -0.35665407811010996, -0.5436620064361803, -0.1010389825977356, 0.31246796165382545, 0.48236293074105696, 0.228759973029381, 0.710272870599844, 0.30807124156277094, 0.4404405139196365, -0.11457503223106481, -0.07782779211762134]], "inverted": false, "swapped": true, "error_lsq": 0.044715728761102476, "error_max": 0.27546462012812734, "target": "13.xyz", "model": "12.xyz", "model_rescale": 3.9764082729961374, "target_rescale": 4.170626492500431},
{"mapping": [0, 1, 2, 3, 4, 5, 6, 7, 8, 9, 10, 11, 12, 13, 14, 15], "R": [[1.0, 0.0, 0.0], [0.0, 1.0, 0.0], [0.0, 0.0, 1.0]], "T": [0.0, 0.0, 0.0], "aligned_model": [[-0.09635281431281405, -0.27558188249816756, -0.6393405174965388, -0.5530461680391683, 0.17921811059898615, 0.6727410869914311, 0.573714717513691, -0.43891513740002175, -0.6727410869914311, 0.19827958736823176, -0.3495521362609405, -0.3353813395937553, 0.27047538350136285, 0.3449962260076097, 0.078105411881346, -0.01777912746042746], [0.03820755713477161, -0.5650350742838083, -0.2103160164491537, 0.5650350742838083, 0.5520871634370561, 0.03348426195707429, 0.45850484416156356, 0.42735798883093445, -0.06141793096567345, -0.34835299987004265, -0.5574342497896939, 0.04122868598019956, -0.5559954971200908, -0.06980990758188149, 0.4918331463362967, 0.10608707128188254], [-0.7185848949526108, -0.09006980142563291, -0.4281009107889595, 0.2886498712279197, -0.42301814923308284, -0.4991213679151554, 0.21043653791059572, -0.4424390923805095, 0.2080867710308186, -0.4481456451113275, 0.46176537349077973, 0.7185848949526108, 0.15787846290815546, 0.5005843855243732, 0.62514617520613, -0.004255667591407088]], "inverted": false, "swapped": false, "error_lsq": 0.0, "error_max": 0.0, "target": "13.xyz", "model": "13.xyz", "model_rescale": 4.170626492500431, "target_rescale": 4.170626492500431},
{"mapping": [1, 8, 12, 11, 9, 6, 13, 2, 0, 3, 7, 14, 4, 15], "R": [[0.26944373090293494, 0.11167103550224977, 0.9565195532277229], [-0.9295898269030591, -0.2292584466071581, 0.28862314248447585], [0.25152103211351534, -0.9669385422502965, 0.042036007367777684]], "T": [-0.02033631826289821, 0.10630683068209111, -0.012748893478678303], "aligned_model": [[0.20316907038598186, -0.031250911161886705, -0.18213945861810737, -0.6219144715795999, 0.3937995024133503, -0.4274085261790617, -0.5843163966723833, 0.5849030753526044, 0.6886991687155543, -0.21051879309138616, 0.4734047477393128, -0.6942693887998096, 0.27434747125506687, -0.023322067667992212], [-0.25341411804544683, -0.5932056771362276, 0.1847039535271643, -0.40340845675700865, 0.34010785474375016, 0.684005449096408, 0.26652706329999726, -0.41267450336499134, 0.2328978704238912, -0.3615712304375148, -0.07603062605334636, 0.11123807651189017, 0.5215696361326471, 0.11532917598445343], [-0.48600227017288505, 0.08832513739040845, -0.6250291968112902, 0.08126573278954413, -0.3806180681836974, 0.27744988240378643, -0.18806715950932934, -0.037308315963116886, 0.07863666536176525, 0.6605743524475867, 0.5294747785767229, 0.4168997290331669, 0.49379033341682427, 0.09448150034138014]], "inverted": true, "swapped": true, "error_lsq": 0.04578244515809187, "error_max": 0.2321773033464351, "target": "13.xyz", "model": "14.xyz", "model_rescale": 3.9786697098870705, "target_rescale": 4.170626492500431},
{"mapping": [3, 7, 11, 14, 8, 10, 4, 9, 13, 6, 2, 15], "R": [[0.3407933364586198, -0.3137609055435251, 0.8862358579847178], [-0.4543946348074793, -0.8802184878755468, -0.13689751444150997], [0.8230342749142221, -0.3560470583428448, -0.44254386738698287]], "T": [0.02951604267969398, 0.05617688293375342, 0.17174755454785406], "aligned_model": [[-0.08043245642831565, -0.6462569296257273, 0.539120068039245, 0.45584279016908447, 0.003934866767252042, 0.49452511085531475, -0.457524840223123, -0.190774782798772, 0.6126279098242059, 0.26766970606290463, -0.5017763796168314, -0.01360046625790054], [-0.22939167410611802, -0.05998202416753967, 0.07390962659488809, -0.497815383078102, 0.3874414600579825, 0.6424608987900988, -0.45330605996516793, 0.33405647795783533, -0.10766833804899487, -0.6369086862136982, 0.5904197804912559, -0.0285415880880011], [-0.6123477037515908, -0.14585549506836026, -0.43696747392524105, -0.21573936542395117, -0.4521612689433602, -0.12182444381721963, 0.3098852795020706, 0.6572926187765931, 0.25901633558239245, 0.3875577307582008, -0.09011577302165086, 0.1212260532059464]], "inverted": false, "swapped": true, "error_lsq": 0.049689213818738816, "error_max": 0.24542597398293675, "target": "13.xyz", "model": "15.xyz", "model_rescale": 3.769337070930944, "target_rescale": 4.170626492500431},
{"mapping": [13, 11, 9, 1, 6, 14, 4, 3, 0, 2, 15], "R": [[0.28287617558482586, 0.9370243638208473, -0.20485704989733572], [0.4952565188191125, -0.3255976878639119, -0.805423569449547], [-0.8214024895589722, 0.1263783496640595, -0.5561712531968115]], "T": [-0.07900954337239485, 0.1269334758737488, -0.06429400804375765], "aligned_model": [[-0.1493801550516623, -0.28245583250820483, -0.2575304253075976, -0.6679652895663001, 0.4698014833568991, 0.2758786566775213, 0.5756643635475686, 0.23486654163509546, 0.07674313460609822, -0.36923548573025355, 0.016239139032006494], [-0.0826574123290855, -0.6313554947244249, 0.6995027305036081, 0.2469682068107555, 0.09229076502490469, -0.4980315088611471, 0.37664289722114097, -0.5634257674099443, 0.6455390352620098, 0.22357688916724192, 0.08701415696028311], [-0.6349078729131031, -0.1832567890109212, -0.02193990690458872, 0.14075567046137058, -0.5946383727961451, -0.41398125816264797, 0.09353818850602647, 0.3008489307990315, 0.4193353030782816, 0.6723799136852497, -0.03391619951877656]], "inverted": false, "swapped": true, "error_lsq": 0.04524349811557755, "error_max": 0.19669487510074013, "target": "13.xyz", "model": "16.xyz", "model_rescale": 3.7852294659196426, "target_rescale": 4.170626492500431},
{"mapping": [13, 5, 4, 6, 12, 9, 2, 0, 14, 11, 8, 7, 15], "R": [[0.31750783062189614, -0.8717940822337973, -0.37304672050013876], [0.9317754615082274, 0.35985849528615665, -0.047920274430693466], [0.17602064317831345, -0.3323807177808521, 0.9265742234827055]], "T": [-0.05335965541021481, 0.10269433412293325, -0.05283349012401959], "aligned_model": [[-0.03701715966036037, -0.4239644265212287, 0.21323797976357495, 0.2427058993926906, -0.5650552489748011, -0.5871863240824006, -0.19341793402351035, -0.25752349861974344, 0.5838272216197741, 0.3571352090740856, 0.18432320644424294, 0.29351705091731645, 0.043183874886642784], [-0.16965485415537443, -0.5601169317324116, -0.2832411052927445, -0.5867916482169218, 0.058317291083105446, 0.021824804158235497, 0.7535854319591139, 0.1442894227599132, -0.1171155317763578, 0.43479272907257216, 0.7616113103240105, 0.33667448330182637, 0.08088022221790711], [-0.600592003215064, 0.30235270797453623, 0.49108126358468296, -0.1964060262001248, -0.4315310376812952, 0.21171959236656016, 0.3864659194540168, 0.6426482905355877, -0.48235013260621135, -0.6459180718265792, -0.14763914556319982, 0.576422848199701, -0.010499507879436862]], "inverted": true, "swapped": true, "error_lsq": 0.053427216550853175, "error_max": 0.34299679689527746, "target": "13.xyz", "model": "17.xyz", "model_rescale": 3.901054581598922, "target_rescale": 4.170626492500431},
{"mapping": [3, 14, 7, 8, 6, 0, 13, 11, 4, 9, 5, 12, 10, 2, 15], "R": [[-0.04448517619108877, -0.5851167963521999, 0.8097279813158156], [-0.7342913380189267, -0.5304265267781709, -0.4236318337901682], [0.6773753021845585, -0.6134215795980643, -0.4060500777906506]], "T": [0.057926425742093224, 0.0361837876275993, 0.06830394313476261], "aligned_model": [[-0.014354852985993594, 0.27287040828592013, -0.5308580074864779, 0.2922837755784181, -0.06547790704026701, -0.5420014821578503, 0.4887633412897064, 0.6305806234605946, -0.6156112279004569, -0.10994295390491038, -0.3957453218017736, 0.49905519377670365, 0.773544800243803, -0.1372182512172922, -0.006801927051089618], [0.020289932111534542, -0.546881507924298, 0.31922464148493823, 0.47459725993960755, -0.717440708387784, 0.3910839595262592, -0.39217840717206076, -0.0438328252663171, -0.20905224089595037, 0.26521323737455266, -0.26412140567751263, 0.06560847405915857, 0.3929162945404613, 0.7985603596855592, -0.005229713571042405], [-0.7701268825246225, -0.434331098487135, -0.31150451537874724, -0.43421281929368727, 0.09021958493078447, 0.27138103886778675, 0.14155644107671533, -0.4759471112930401, 0.022806237490273176, 0.5982704600423498, 0.7061304416350925, 0.5284703617149749, -0.014031708593153905, -0.06192674195016966, -0.007087283385445051]], "inverted": false, "swapped": true, "error_lsq": 0.04334883496962931, "error_max": 0.2779407559811405, "target": "13.xyz", "model": "18.xyz", "model_rescale": 3.9405287249114394, "target_rescale": 4.170626492500431},
{"mapping": [14, 11, 11, 7, 12, 3, 1, 13, 9, 10, 5, 8, 2, 6, 0, 15], "R": [[0.07836011948869359, -0.989811676074027, -0.11888034985330097], [-0.961340187259059, -0.10659966903204182, 0.253892802030653], [-0.263978665869867, 0.09438938748495361, -0.959898904831014]], "T": [-0.05907863827288597, 0.19756861622864416, -0.003697928458926445], "aligned_model": [[-0.04913163761397485, -0.44310065444094665, -0.44310065444094665, -0.6424732508142644, 0.16864112935706255, 0.6483305900210922, 0.5767219672017472, -0.5523243870804629, -0.7595973097666643, 0.17860414482794545, -0.26480191265789144, -0.21777771628545423, 0.32160933056106783, 0.25517641532732094, 0.20619499113513512, -0.04413073152137216], [0.08334407872521216, -0.3224314599549446, -0.3224314599549446, 0.462098911695883, 0.5907578856086205, 0.12918028153930933, 0.20887881605811773, 0.3009983858790958, -0.07214669378155183, -0.4301688460113139, -0.4513216738179261, 0.13188850010775127, -0.5554651614777838, -0.0909066017986482, 0.5225416914650272, 0.16064746306133876], [-0.769591376848586, -0.32203770568931867, -0.32203770568931867, 0.2883637050690891, -0.3097779312104871, -0.4730845646948796, 0.17279312921070666, -0.44792845353039673, 0.15610535495925268, -0.4127903508582009, 0.47367191623013316, 0.7330332847526922, 0.20448968652167526, 0.6097425865570423, 0.5410007587692098, -0.004555390695915637]], "inverted": false, "swapped": false, "error_lsq": 0.042335703758879885, "error_max": 0.37513752311269977, "target": "13.xyz", "model": "19.xyz", "model_rescale": 4.410303926677745, "target_rescale": 4.170626492500431},
{"mapping": [3, 7, 8, 14, 10, 4, 13, 2, 0, 9, 5, 12, 1, 15], "R": [[0.7208119753835941, 0.540131136975694, 0.4343828392247383], [-0.1079289667854611, 0.7065166847115438, -0.6994179811477766], [-0.6846761528432429, 0.4572663655830732, 0.5675614826908391]], "T": [-0.0793845526263185, 0.029276589864711614, 0.0910969955612236], "aligned_model": [[-0.11131983947357643, 0.19834932731811622, 0.34831969368739013, -0.6728910359021422, 0.27308145434698905, -0.32301475554117154, -0.507800725696027, 0.6810176669252157, 0.28157156540952705, 0.1605162259229028, -0.3655805200312643, -0.042615663058212294, 0.4635759816528492, -0.12202148609972367], [-0.2277329088723542, -0.6294804736488269, 0.1456007616972433, 0.12745657807357597, 0.7083533923573689, -0.6373058769379181, 0.465951260864924, -0.19055647168091577, -0.5107081429397697, -0.016647214922416817, -0.27086680894503484, 0.5617118496806845, 0.33574359077513183, -0.0505710693204902], [-0.7097586108538884, -0.1537227792222286, -0.4595304659599458, -0.4351337369126039, -0.15541732289290983, 0.20144127931990458, 0.07511699099111309, -0.007500182180819756, 0.41549659897162666, 0.640494617619213, 0.8196776117093605, 0.44091734633129204, 0.21190433734660008, 0.03282935445830798]], "inverted": true, "swapped": true, "error_lsq": 0.04660971719055792, "error_max": 0.2972357951878946, "target": "13.xyz", "model": "20.xyz", "model_rescale": 4.121658175737393, "target_rescale": 4.170626492500431},
{"mapping": [5, 4, 7, 9, 2, 6, 3, 12, 14, 11, 8, 1, 15], "R": [[-0.15151543973595172, -0.7595510461185108, -0.6325545667070132], [-0.933666503301594, 0.320071047422663, -0.16069033951776343], [0.3245149181997584, 0.5662479429914385, -0.7576630748055292]], "T": [0.10503511153436601, -0.12885692162501233, 0.004370929611556319], "aligned_model": [[0.29339294432819796, -0.07387551974156759, 0.12680419247565422, 0.6230611524984482, 0.6324480076242855, -0.4632619532633893, -0.4229296311114252, 0.3864941336429157, -0.6758105130941467, -0.330008885753159, 0.12198958958686565, 0.6329370676244321, 0.0298423198471829], [-0.6660514150759829, -0.05150482158394058, 0.48882404703751975, -0.35346896431407715, 0.4695495167929116, -0.5515761288233216, 0.5219718824996511, -0.5847183321006533, -0.1448147292622613, 0.0820038589493648, 0.4461632613127772, -0.03793337010485574, -0.07761790116394887], [0.6198116731977154, 0.6956533324071944, 0.4391467649452117, 0.21100485151148723, 0.0021606345772995812, 0.29073734472883245, -0.0738502028159088, -0.34230576164576804, -0.16543336494246758, -0.6255649007625119, -0.4063810290407514, -0.3367668882806246, 0.06189728560208045]], "inverted": false, "swapped": true, "error_lsq": 0.04734274078024011, "error_max": 0.25881918132601966, "target": "13.xyz", "model": "21.xyz", "model_rescale": 4.08911054899281, "target_rescale": 4.170626492500431},
{"mapping": [3, 15, 2, 0, 13, 12, 10, 4, 1, 14, 11, 8, 9, 5, 6, 16], "R": [[0.6502499257172141, 0.735817783763344, -0.18906936082390147], [0.23227863276158078, -0.42950377116575966, -0.872681584151288], [-0.7233406326670503, 0.5235443626398739, -0.45019954407000456]], "T": [-0.058225772080245916, 0.03559244592413387, 0.03209570830569603], "aligned_model": [[-0.07141506404495562, -0.3435428036368615, -0.6555235953031889, -0.4570303523570177, 0.10832554924484568, 0.5643621677876051, 0.6503810783562711, -0.45103040205062334, -0.7934833342295309, 0.17063838017380084, -0.2783836775944817, -0.27695500088207486, 0.5358542882075015, 0.344748166697466, -0.038467859244969135, -0.06963722731439273], [0.04710377785663679, -0.6129263788927802, -0.12818175436335727, 0.6971757534176253, 0.4446740273647479, 0.1248691026760015, 0.25039271966686477, 0.37354502314495985, -0.06432971178977945, -0.3120735899852271, -0.5321418695796393, 0.002943093071232125, -0.35623222074231353, -0.22097674436713233, 0.5543882557474382, 0.07723463411796574], [-0.8362201069994768, -0.13973136539336717, -0.338939534045458, 0.08990429050172247, -0.45947614109086016, -0.35440583337868015, 0.35283326945097926, -0.4345784436369583, 0.3138939711926871, -0.45634273534423925, 0.4958858266755191, 0.6892513689266155, 0.06510970719635278, 0.5512424209095889, 0.5669084429535768, 0.012061804934696687]], "inverted": false, "swapped": false, "error_lsq": 0.04174573651366891, "error_max": 0.3448729790640753, "target": "13.xyz", "model": "22.xyz", "model_rescale": 4.204369325754507, "target_rescale": 4.170626492500431},
{"mapping": [14, 11, 11, 7, 12, 3, 1, 13, 9, 10, 5, 8, 2, 6, 0, 15], "R": [[0.07836011948869359, -0.989811676074027, -0.11888034985330097], [-0.961340187259059, -0.10659966903204182, 0.253892802030653], [-0.263978665869867, 0.09438938748495361, -0.959898904831014]], "T": [-0.05907863827288597, 0.19756861622864416, -0.003697928458926445], "aligned_model": [[-0.04913163761397485, -0.44310065444094665, -0.44310065444094665, -0.6424732508142644, 0.16864112935706255, 0.6483305900210922, 0.5767219672017472, -0.5523243870804629, -0.7595973097666643, 0.17860414482794545, -0.26480191265789144, -0.21777771628545423, 0.32160933056106783, 0.25517641532732094, 0.20619499113513512, -0.04413073152137216], [0.08334407872521216, -0.3224314599549446, -0.3224314599549446, 0.462098911695883, 0.5907578856086205, 0.12918028153930933, 0.20887881605811773, 0.3009983858790958, -0.07214669378155183, -0.4301688460113139, -0.4513216738179261, 0.13188850010775127, -0.5554651614777838, -0.0909066017986482, 0.5225416914650272, 0.16064746306133876], [-0.769591376848586, -0.32203770568931867, -0.32203770568931867, 0.2883637050690891, -0.3097779312104871, -0.4730845646948796, 0.17279312921070666, -0.44792845353039673, 0.15610535495925268, -0.4127903508582009, 0.47367191623013316, 0.7330332847526922, 0.20448968652167526, 0.6097425865570423, 0.5410007587692098, -0.004555390695915637]], "inverted": false, "swapped": false, "error_lsq": 0.042335703758879885, "error_max": 0.37513752311269977, "target": "13.xyz", "model": "23.xyz", "model_rescale": 4.410303926677745, "target_rescale": 4.170626492500431},
{"mapping": [0, 4, 2, 6, 7, 1, 11, 12, 5, 3, 8, 15, 10, 9, 14, 16], "R": [[0.9799396694924882, -0.06503396254096162, -0.18838478672964465], [0.06271042263248107, 0.9978644414871101, -0.01827455358889044], [0.1891709466281979, 0.006094270410674238, 0.9819252582655937]], "T": [-0.01604942449163735, 0.12335279781648507, 0.06744849832279048], "aligned_model": [[-0.23173862454082192, -0.2977568199434195, -0.4787246614580477, -0.5493298157363193, 0.26613572663396334, 0.6111430766175159, 0.5715635388013163, -0.5605443191060026, -0.6342434588535181, 0.06065064680316071, -0.0893714960181986, -0.3716960103883117, 0.371095520717459, 0.1970465939725484, 0.0663322026987129, 0.008278213609357068], [0.14698026209596912, -0.49881375763979713, -0.36146017556684895, 0.6047063909482283, 0.5421208071498349, -0.015174405252911513, 0.27819876503204694, 0.532418261366505, 0.012370087701733118, -0.518757016892087, -0.5865177966737718, 0.09231656651255583, -0.38945670691280737, -0.07325052241627043, 0.5269930520216413, 0.05279030586922241], [-0.6559502319774719, -0.018772691709523323, -0.5520528794930026, 0.31606232024923997, -0.36491222089844383, -0.5015639181784244, 0.24480468913076214, -0.35959551703534115, 0.033967050282135494, -0.5579018591188256, 0.47538756259533205, 0.6854019343689359, 0.17199107115299425, 0.6227477014705638, 0.6045125566075564, -0.026728624593788317]], "inverted": false, "swapped": false, "error_lsq": 0.041726044051000825, "error_max": 0.26215526371309356, "target": "13.xyz", "model": "24.xyz", "model_rescale": 4.28219845311461, "target_rescale": 4.170626492500431},
{"mapping": [14, 11, 12, 7, 2, 6, 0, 13, 9, 10, 5, 3, 8, 1, 4, 15], "R": [[-0.6348506796149551, 0.48458249754515115, -0.6017843614330081], [0.7717075275641105, 0.3595401722740547, -0.5245935154212552], [-0.037843182917366935, -0.797440071474996, -0.602210283798472]], "T": [-0.1216919662065645, 0.056811899635693955, 0.016618913197188043], "aligned_model": [[-0.014806432806220654, -0.33968522851717176, -0.6721077806666911, -0.6659055995421134, 0.17824381489033572, 0.7039281388807174, 0.5971507354668955, -0.45580171586635565, -0.7182090448217867, 0.17519107070923393, -0.13967095870934432, -0.22365783283828936, 0.32909779429720254, 0.2103728871382005, 0.03407471719459415, -0.059374250999812986], [-0.03277912947833135, -0.3718626337796081, -0.052393614779688444, 0.520918104113216, 0.5228750492161888, -0.06147796136381546, 0.4202276800789257, 0.46436557971247266, -0.14678939876503655, -0.5247040096402212, -0.6967925614252364, 0.12808969531444891, -0.46526441367899735, -0.10922497860523082, 0.655374599487511, 0.09490211093664529], [-0.7321758217914086, -0.23871254439655681, -0.5025501219411679, 0.3231853138470541, -0.38538070397778, -0.32478420017672954, 0.146034185910435, -0.2575838037389337, 0.2607245667342723, -0.4343849986245791, 0.41289880545995633, 0.7811892387690371, 0.09517444660840445, 0.538195453202391, 0.4066291793620915, 0.028937947606212065]], "inverted": false, "swapped": false, "error_lsq": 0.04226521421078537, "error_max": 0.27646733341592516, "target": "13.xyz", "model": "25.xyz", "model_rescale": 4.100010024507729, "target_rescale": 4.170626492500431},
{"mapping": [6, 3, 7, 8, 5, 9, 4, 1, 11, 12, 13, 15], "R": [[0.862196880149705, 0.4595217679592961, 0.21320479504851228], [-0.49636692018186823, 0.682296864322281, 0.5367409705669484], [0.10117519661103816, -0.568604197757584, 0.8163656324730801]], "T": [0.01132873298194136, 0.09882813020903175, -0.05226930672538006], "aligned_model": [[-0.7388853420973026, 0.1669759607142259, 0.2877098325320354, 0.5752217781862903, -0.47767821167323493, 0.09599527814773143, -0.30669913444401775, 0.5277838021445641, 0.12834225371451788, -4.271034310425817e-05, -0.36077375591235045, -0.021184148606348128], [-0.04218519144457944, -0.716137564391802, -0.17314465262476714, -0.3048817249548898, 0.6778072321467965, 0.6754658463269279, 0.038149903348977, 0.3959042119874108, -0.48146822952762086, 0.5276973081520173, 0.049019776491531164, 0.019904474540637873], [-0.02140038435285084, 0.08932272849075194, 0.5963276344731661, -0.1890019767872212, 0.30617080463643015, 0.09544544202249557, 0.5888548233031536, -0.2721386802916681, -0.5815222420895277, -0.5246626316522688, -0.5355284627126461, 0.013325234814542078]], "inverted": true, "swapped": true, "error_lsq": 0.0476741382577971, "error_max": 0.2732648510418338, "target": "13.xyz", "model": "26.xyz", "model_rescale": 3.6694154284099745, "target_rescale": 4.170626492500431},
