[{"mapping": [6, 9, 13, 12, 7, 5, 0, 4, 1, 2, 10, 14], "R": [[0.20682881795781072, 0.6807189710606751, -0.7027400106015528], [0.8658996430854609, -0.4617307474925464, -0.19241238246133216], [-0.4554554293963861, -0.5687058987368339, -0.6849335388016005]], "T": [-0.08684365736437231, -0.11185988926150826, -0.0694935063715047], "aligned_model": [[-0.0013362573922219706, 0.09333009991024561, 0.447631025023098, -0.03220918608091451, -0.1415126059457314, -0.6844703671327708, 0.32425718617507954, -0.3662261929119502, 0.4957581411589464, 0.22515320578057146, -0.4494176037362068, -0.07331498238759658], [-0.42301742042017215, -0.7311655912106619, -0.04922163648031007, 0.6411175135315281, 0.31057488099544994, -0.6307882759855303, -0.25891674752226895, -0.45195145021390126, 0.2634021545725085, 0.3048837442385564, 0.21104253168472142, -0.1324046672128622], [-0.5080133776088842, -0.015192097512354855, -0.6560392522017859, -0.05293870211826132, -0.6611696444809971, 0.11233886581599839, 0.5235075564797416, 0.5920406628756367, -0.03315350291725361, 0.46938756125952535, 0.4097913662037302, 0.0013923095584670586]], "inverted": false, "swapped": true, "error_lsq": 0.04680026965398932, "error_max": 0.28147508743940763, "target": "130.xyz", "model": "0.xyz", "model_rescale": 3.751011558992144, "target_rescale": 4.2388817952876146},
{"mapping": [13, 3, 12, 2, 9, 10, 8, 1, 4, 5, 11, 6, 7, 0, 14], "R": [[-0.6083411743297352, 0.24487648307068183, 0.7549546500645272], [0.7676411081978379, -0.060094851393602045, 0.6380562184014636], [0.2016138502680659, 0.967690093405381, -0.1514190823680125]], "T": [-0.009316116471729023, 0.011083430307053476, -0.008873102708186413], "aligned_model": [[-0.2998765782829914, 0.34893449354502515, 0.1867223845259744, -0.07786583073008785, -0.5366840288850514, -0.5810361353951466, -0.1957698023728951, 0.5308227385085847, -0.15133501842965544, -0.5537057704014965, -0.048901885963930296, 0.36127296350553467, 0.5925166180744773, 0.6114319272607718, -0.019202206483108667], [0.14242701183959586, 0.20421103534228696, -0.4196986512886966, 0.7410172826824789, -0.2770005651649811, -0.39265979991740235, 0.5550420248612873, 0.1316183398302089, 0.08367932541474934, 0.2806227787437464, -0.7837700388208453, -0.5305727984199036, -0.2521114940568507, 0.4274320635762087, -0.028911019902788347], [-0.6614263035453357, -0.6552198502893538, -0.5815604592822747, -0.39128075145435925, -0.27920681840783224, 0.41842231282887454, 0.3224308703502796, 0.41469141700827483, 0.7658103406478629, -0.15404366216901935, -0.06694132461768257, 0.3558158180901239, -0.09944249717982037, -0.13860436446365065, -0.045018940920446365]], "inverted": true, "swapped": false, "error_lsq": 0.0442238725780544, "error_max": 0.33710746501629557, "target": "130.xyz", "model": "1.xyz", "model_rescale": 3.9405287249114394, "target_rescale": 4.2388817952876146},
{"mapping": [5, 10, 0, 7, 12, 9, 8, 11, 1, 3, 13, 6, 14], "R": [[-0.7707305755900566, 0.5677527600354026, -0.28919056575691204], [0.6355581000888839, 0.652868124245723, -0.4121032804471227], [-0.045169472678222924, -0.5014180050776538, -0.8640252906726269]], "T": [-0.0529920822533724, 0.01665582179521862, -0.02006190883560915], "aligned_model": [[-0.29045180610553534, 0.27677392252841915, -0.4925493687864356, 0.47354141104633396, 0.5777659624480953, -0.684003697339827, 0.02405064015331229, 0.6452016633304547, 0.01602947660168591, -0.5995310806863317, -0.09554481422307279, -0.2624957545075201, -0.09280327517564718], [0.7730070053889492, 0.40589248521853055, -0.06643265528947231, -0.2986082499509389, -0.27147054332021114, 0.08451316741990503, 0.3606000911766333, 0.41649231464853975, -0.5969669974640675, -0.5770226552825966, -0.6884784069455642, -0.12121227010553914, 0.03851930807784894], [0.15615708269580897, -0.4730398675238706, -0.6050111207288464, 0.3735006998670537, -0.3189957524916664, 0.10710137419857305, 0.5638520647716991, 0.12645444033604247, -0.33671647320133463, -0.21039801619118909, 0.34681359216756, 0.46318833965317446, -0.07978601396436072]], "inverted": true, "swapped": true, "error_lsq": 0.0491483281186349, "error_max": 0.28111761393693036, "target": "130.xyz", "model": "2.xyz", "model_rescale": 3.932901565614263, "target_rescale": 4.2388817952876146},
{"mapping": [3, 6, 13, 9, 1, 12, 7, 2, 4, 10, 8, 5, 11, 14], "R": [[0.005512059190778462, 0.19654602879948999, 0.9804791052167443], [-0.9931100498048493, 0.11585013565907298, -0.017640154318605605], [-0.11705573962897842, -0.9736264194396764, 0.19583040925501938]], "T": [0.04063191130039027, -0.06052837789016225, 0.012107506576076385], "aligned_model": [[-0.3973418412276746, 0.42331887930055406, 0.18821981445919664, 0.06820967028371214, -0.41379928631964696, -0.20944384049349193, 0.41987704256181196, -0.6701743916830848, -0.23103116008230803, -0.2237962143839878, 0.7002003690228304, 0.37139317419076695, 0.41110521506043224, -0.016927518636406784], [0.07142370197481845, 0.03811754027030586, -0.41228655423249205, 0.5041328472642677, -0.4540480775937113, -0.7454001393986565, -0.6745087260640941, -0.26063898028827026, 0.5444871955849205, -0.12199101966044018, 0.06244312384854069, 0.5523921570547565, -0.4254992582704539, -0.01512717213900324], [-0.6793796483535014, -0.3623919853727379, -0.6865387880493048, -0.30308758586324397, -0.3345934966110954, 0.2086952599235561, -0.09143834771045706, 0.13907305376550355, 0.44971424736176174, 0.637998822328026, 0.13472981053336927, 0.42975900144462126, 0.6432624444794105, 0.02809357518118976]], "inverted": false, "swapped": true, "error_lsq": 0.042464809090814994, "error_max": 0.2981535430504967, "target": "130.xyz", "model": "3.xyz", "model_rescale": 3.9243930471874484, "target_rescale": 4.2388817952876146},
{"mapping": [13, 6, 3, 1, 0, 7, 12, 9, 4, 5, 10, 11, 14], "R": [[0.2818974897211506, -0.11595904323851616, 0.9524113111361718], [0.932118653550147, 0.26832429540182545, -0.24322189087533908], [-0.2273513162327749, 0.956323989445168, 0.18372753255542007]], "T": [-0.0356339385255217, -0.04062725082275655, -0.09610399289060119], "aligned_model": [[-0.09330251577977389, -0.25449622708074504, 0.5892051572083984, 0.34937203182547916, 0.6886842166718669, -0.5445905436150201, -0.07223331042038901, 0.1983236775356712, 0.28336588813569724, -0.258627278852649, 0.01986699615659504, -0.6550800380237782, 0.026717832550000264], [-0.6191762532323198, -0.040224441501316405, -0.2912779238629964, -0.6179720444071712, 0.0855711656390566, -0.5620565329178794, -0.6133745574231732, 0.3353350430159344, 0.6318829576051741, 0.73937649801505, 0.11851097726092462, -0.03484657038800912, -0.003918764121686867], [-0.6397748821100252, -0.5946311621700908, -0.5799812389599971, -0.09933588880445945, -0.05466664986447581, -0.12049988145282643, 0.3946657747928844, -0.5681918721882896, 0.1819489844929692, -0.05901641652531775, 0.5649818560971372, 0.43780974687858115, -0.07623805481512615]], "inverted": true, "swapped": true, "error_lsq": 0.047519174383844134, "error_max": 0.2964578906787785, "target": "130.xyz", "model": "4.xyz", "model_rescale": 3.8936222436046832, "target_rescale": 4.2388817952876146},
{"mapping": [2, 0, 1, 12, 13, 9, 5, 8, 11, 10, 7, 14], "R": [[0.46995981149507093, -0.8186010240361498, 0.3301971214691075], [0.5348763201408514, 0.5616813023623455, 0.6312063345128287], [-0.7021717010333719, -0.12002698872964579, 0.7018179423785023]], "T": [-0.1600528455386635, -0.015386547934070429, 0.03451414537032895], "aligned_model": [[-0.061697624511661414, -0.5356271508120414, -0.2916330009878151, 0.3457359957203118, -0.49962538428213793, -0.7301246427262876, -0.1161846378691965, -0.021784797395073996, 0.6174485271106488, 0.3359537408716074, 0.16752745742024788, -0.1824404403235051], [-0.5020444687882402, -0.5974484644391482, 0.008126016650603949, 0.032843182855103834, 0.6000102501710389, -0.11153714242188971, -0.2686365589784831, 0.34930160861588117, 0.12341045619731819, -0.48377618532850186, 0.6056425218084288, -0.0869683112323045], [-0.5266457447616246, -0.21534131331716427, -0.6464417085840759, -0.5241319834439139, -0.3391165822064597, 0.3255879977036961, 0.8048695040287898, 0.5940436489934936, 0.24673519789998116, 0.02918095315696289, -0.1617879715752539, 0.0323327213810869]], "inverted": false, "swapped": true, "error_lsq": 0.042820055348388515, "error_max": 0.26248436920583795, "target": "130.xyz", "model": "5.xyz", "model_rescale": 3.6523030999806103, "target_rescale": 4.2388817952876146},
{"mapping": [4, 10, 11, 5, 8, 0, 12, 9, 1, 13, 7, 6, 14], "R": [[0.554160599642343, -0.07824412244742424, -0.8287242527562902], [-0.782958395391086, 0.28903922355911893, -0.5508470552984357], [0.282634359005863, 0.9541143456351415, 0.09891225688745961]], "T": [0.044034446185847745, -0.06603611447500551, 0.0007874498240924392], "aligned_model": [[0.21562122203334755, -0.11307381471460111, 0.2460848152041133, 0.7138372321349801, 0.6735997386145314, -0.33459374199275954, -0.5056756787493246, 0.32681625815085963, -0.5975412076281881, -0.13133751601366822, 0.006740426498277177, 0.3569022552034489, 0.02370291592327818], [-0.564826513365712, 0.04176482372451433, 0.6020188426285735, -0.2835118548205672, 0.1911359621055006, -0.6809504764184304, 0.4326586171068008, -0.6098583601792911, -0.0678209957769978, 0.08669454891798195, 0.5919988711640047, -0.07186876245911517, -0.12660779846407927], [0.5950184187328531, 0.6558720101673973, 0.42703736552276433, 0.40523262119823955, -0.051162869582830894, 0.14501264268365457, 0.13991436795836318, -0.20716107789420637, -0.2636828654628494, -0.7604882348723907, -0.3108527196660012, -0.444757066935815, 0.04012714763261051]], "inverted": true, "swapped": true, "error_lsq": 0.04263086816665511, "error_max": 0.3248953170370713, "target": "130.xyz", "model": "6.xyz", "model_rescale": 4.08911054899281, "target_rescale": 4.2388817952876146},
{"mapping": [13, 1, 1, 2, 12, 5, 6, 3, 4, 7, 11, 8, 9, 0, 14], "R": [[0.41788444588306645, 0.9062631177577746, 0.06371617754511588], [-0.483793432860696, 0.1626212125560726, 0.8599408442140984], [0.7689710685128968, -0.390181371439938, 0.5064010201128976]], "T": [-0.07372386379461061, -0.09905560353456154, 0.003976615055708961], "aligned_model": [[-0.4318941110356261, 0.3413885298011345, 0.3413885298011345, -0.08328736497619606, -0.6405315796293394, -0.6788506253718194, -0.004549358291779562, 0.49049793452475965, -0.09017985751346701, -0.6473019451400776, -0.024648824060753437, 0.27679644134632125, 0.663569024298202, 0.592226645650749, 0.06270042907276314], [-0.08033358531300387, 0.026184397501333098, 0.026184397501333098, 0.5736177972790544, -0.4698618110761731, -0.13973277992867478, 0.3735621262738979, 0.21777671646939034, -0.0361402294262063, 0.4198669394683756, -0.5916796233584072, -0.4854509724355697, -0.34591976425879045, 0.5623233873977891, -0.1690715013752546], [-0.634191139047117, -0.5875829353524773, -0.5875829353524773, -0.4404990069689965, -0.2179100400861038, 0.4651362396186256, 0.14885703372093892, 0.4597424316413134, 0.7058457949416658, -0.02790666427482135, -0.3113712540109337, 0.4432750419374198, -0.09609631447806638, -0.057211066928988245, -0.0580793987643407]], "inverted": true, "swapped": false, "error_lsq": 0.04597030743856705, "error_max": 0.36109648776606706, "target": "130.xyz", "model": "7.xyz", "model_rescale": 3.964800864290218, "target_rescale": 4.2388817952876146},
{"mapping": [10, 11, 12, 4, 1, 5, 0, 7, 8, 6, 9, 3, 13, 14], "R": [[0.8821305182232837, 0.2547859454108854, 0.3961437502223184], [0.2646602214892121, 0.42759631069849574, -0.8643589313695538], [-0.3896161136046641, 0.8673208847353538, 0.3097640504020449]], "T": [0.01999223208804259, -0.026234234122792438, 0.05754876993091076], "aligned_model": [[-0.2161185597658077, 0.32297569043218677, 0.43985994240718196, -0.7366386653351222, 0.24930710534047865, -0.47083808963302864, -0.5170407396228319, 0.7405228798045578, 0.17388535571738273, 0.2079783429112357, -0.3634489648784496, -0.09751467635520833, 0.5769121779665212, -0.048653909528223835], [-0.19847506026615883, -0.625395127770827, 0.17875053951100475, -0.20886960317092032, 0.6117371654983627, -0.657169576431985, 0.4719044855880552, -0.12977011494096152, -0.6287749247254165, -0.10646892452612072, 0.03525836981151347, 0.7077097002217416, 0.3617346557412906, -0.0012231183583765425], [-0.5589126002291664, -0.4093752233023755, -0.5356849989350371, -0.102133211265482, -0.09068832126689863, 0.20077431044762267, -0.018169701285211955, 0.01709647019865152, 0.33763874254282433, 0.5621811298824426, 0.5753733410083731, 0.42484330082374416, 0.47341288614751, 0.04045891395802448]], "inverted": false, "swapped": true, "error_lsq": 0.04047484076799012, "error_max": 0.23281977339067883, "target": "130.xyz", "model": "8.xyz", "model_rescale": 4.121658175737393, "target_rescale": 4.2388817952876146},
{"mapping": [7, 6, 8, 11, 13, 1, 9, 0, 4, 3, 12, 10, 14], "R": [[0.8396280258939491, 0.5398783304572208, -0.05963360156953522], [-0.5422753193740253, 0.8269200810207685, -0.14879737095259699], [-0.0310202535648715, 0.15727227316768172, 0.9870679692713371]], "T": [0.021891515837915466, -0.009083458730343993, -0.08042172647114332], "aligned_model": [[-0.5366612832555888, -0.16016202498850887, 0.1600733873759023, 0.12257246340433134, -0.7008235929385095, -0.47782615892895, 0.25503978420385953, 0.23875536395300292, 0.7802454556892552, -0.2930902665349337, -0.36760554873425116, 0.38618893182871417, 0.07003098536087396], [0.29701345993911854, -0.36579382347974454, -0.0018981824022973985, 0.7048115802890642, -0.32553891912691835, -0.019452952667564413, -0.6120720501250652, -0.2863845902402218, -0.053452829753722036, -0.6201355955719569, 0.5820915508885414, 0.5160950192899327, -0.02489522762745686], [-0.4351666044821942, -0.4492637333924148, -0.7482861680102733, -0.4664631595127449, -0.18606954664620476, 0.40097392385946296, -0.11200371322067054, 0.5663812091337748, 0.15254820486866544, 0.38303119190496626, 0.18232929789414593, 0.1581464777111703, -0.025081946148594512]], "inverted": true, "swapped": true, "error_lsq": 0.043904262289323065, "error_max": 0.24771725557839377, "target": "130.xyz", "model": "9.xyz", "model_rescale": 3.833441315466971, "target_rescale": 4.2388817952876146},
{"mapping": [0, 5, 13, 1, 10, 11, 6, 3, 7, 12, 8, 9, 2, 4, 14], "R": [[0.9763451571265869, -0.15686710835958356, -0.14880471924762], [0.18220199368259343, 0.22635729342063562, 0.956851508444948], [-0.11641549576215582, -0.9613298528757894, 0.24958434709785896]], "T": [-0.057680078509582594, 0.04687510222383844, -0.04285181281881881], "aligned_model": [[-0.23849950768685338, 0.4136368439953173, 0.2584649221224802, -0.2374052647112746, -0.6334083955035483, -0.5379949440277986, -0.0946414806793312, 0.6479287098521991, -0.04672004530902904, -0.5817330647857744, -0.17634596303125025, 0.3482537798327888, 0.5484838274230978, 0.4898587577103114, 0.007445693274670581], [0.04450857791484036, 0.21862391858628635, -0.3066617896938329, 0.5817435615066565, -0.4737974976621227, -0.19622133692605212, 0.7048396066496688, 0.021876137373361658, -0.07766881533179021, 0.3436587371450712, -0.7122797911369194, -0.5545671414943832, -0.32010276235683327, 0.6045335883621997, 0.0028405017829430668], [-0.6994503928495459, -0.49650135167631504, -0.6837500465839, -0.519531497327207, -0.31339033550858175, 0.37612173321772047, 0.12130096269908991, 0.46292792114711934, 0.6115812754751302, -0.025301914565022912, 0.08815054637309314, 0.3196327477560854, -0.16344543196959144, 0.11567520620025537, 0.010406364207311114]], "inverted": true, "swapped": false, "error_lsq": 0.04128647450839151, "error_max": 0.31320717500595924, "target": "130.xyz", "model": "10.xyz", "model_rescale": 4.2482417240324, "target_rescale": 4.2388817952876146},
{"mapping": [11, 7, 13, 1, 5, 9, 8, 0, 12, 4, 10, 14], "R": [[0.12026921510019847, 0.6532711426980026, -0.7475106220096328], [-0.99154709873898, 0.042125369491906955, -0.12271839400628659], [-0.04867922433126953, 0.7559512334557146, 0.6528154913567001]], "T": [0.04575690375812783, 0.06764654446239, 0.012330622976713078], "aligned_model": [[-0.6695165064118752, -0.08200725930540573, 0.523864694940774, 0.6083489912075231, -0.5053762947550444, 0.26289522032629536, -0.4539575627941106, 0.5134618481398413, 0.061122306935250316, -0.15725046945435125, -0.2912129439517082, 0.06639357748581813], [-0.30564948934392155, -0.5911223528705206, -0.3342010194192967, -0.28691973599286863, 0.6579580656239433, 0.6083333280412533, 0.11835594740237992, 0.4596674915121264, -0.5721661707725745, 0.7219264612851222, 0.06969586022615913, 0.12025300435883735], [-0.12125376163637916, 0.29732244744306385, 0.505842653416777, -0.18601238531850986, 0.09772308067940327, 0.29421629452168746, 0.4737445136019373, -0.3997998730293557, -0.388465522117148, -0.3902238763713164, -0.580869976449275, -0.03703130488652835]], "inverted": false, "swapped": true, "error_lsq": 0.053484337775965694, "error_max": 0.2847485984455807, "target": "130.xyz", "model": "11.xyz", "model_rescale": 3.6694154284099745, "target_rescale": 4.2388817952876146},
{"mapping": [10, 4, 9, 0, 2, 11, 12, 7, 3, 13, 6, 1, 8, 14], "R": [[0.17885227918833024, 0.05029739178127651, -0.9825894537441059], [-0.717910660355539, 0.6895705376290143, -0.09537692269048278], [0.6727675274394668, 0.7224698236009813, 0.15944029606392895]], "T": [-0.051907904683545274, 0.0788237787368324, -0.05961114925935749], "aligned_model": [[0.045274671423875985, -0.0013857934210058584, -0.0827099875289764, 0.547906800956411, 0.6227638156509442, -0.5139932324834741, 0.24051339231104296, -0.2911545317728225, 0.5262929688346764, 0.04511585295924806, -0.33342668898450467, 0.5326867939620284, -0.7313325288228986, -0.0082866828287348], [-0.3593810729302435, 0.283988288548553, 0.7195321988757527, 0.3739310057329701, -0.18416863230147235, -0.5795540431632994, -0.5939850892309274, -0.3318186215626052, 0.5860541672064884, 0.22835528258180388, 0.3987228969046967, -0.041026639676975965, 0.12731968002425462, 0.10301786712725852], [-0.5733930913287559, -0.8255741824853916, -0.1461832598767358, -0.36850259804968044, -0.2521291100927298, -0.2073493008190597, 0.11941948599946361, 0.4932490066317359, 0.24988509884794716, 0.7161783638091058, 0.27927220884182286, 0.29458084466155277, -0.02469556876233709, -0.11566243772452274]], "inverted": false, "swapped": true, "error_lsq": 0.038636203537242265, "error_max": 0.25911499729303206, "target": "130.xyz", "model": "12.xyz", "model_rescale": 3.9764082729961374, "target_rescale": 4.2388817952876146},
{"mapping": [1, 8, 2, 10, 9, 5, 13, 14, 6, 12, 0, 4, 3, 11, 15], "R": [[-0.6164481118747748, 0.6898749425433524, 0.37955801798517097], [0.08936608623076531, -0.4176286033454867, 0.904212393356502], [0.782307757853532, 0.5913196371832279, 0.19579494039345108]], "T": [-0.024816755652859384, -0.040231923316963715, -0.024665005625091635], "aligned_model": [[-0.2789250792359202, 0.42650352798890795, 0.061722616242412695, -0.018629172362027862, -0.5574631115066067, -0.6058722923554911, -0.09564831655722485, 0.5036179174476013, 0.017701768243870392, -0.5151941202870005, -0.21180646739512718, 0.0850157483150283, 0.8154704228359304, 0.48311573375176703, 0.05771469334988512], [0.08967298060621218, 0.11345236068114792, -0.3966274480661185, 0.5788644310616589, -0.2822491221458844, -0.4454073975390299, 0.47238825868070705, 0.32660938095366815, 0.00983330349968619, 0.3588946888625904, -0.7145525336477879, -0.6372815463335328, -0.06462951286886318, 0.5623314481199617, -0.08997379714532164], [-0.5920063967499702, -0.5465308687298278, -0.7330100352235676, -0.5373328481570601, -0.16328196556992644, 0.4237000289068825, 0.30196013911337605, 0.4496685197779733, 0.736481796173794, -0.11092926620161475, -0.21814496760531704, 0.3591738805070255, -0.06668479388035348, -0.12196181111836282, 0.023324375352589327]], "inverted": false, "swapped": false, "error_lsq": 0.046859581968262905, "error_max": 0.32716061955491893, "target": "130.xyz", "model": "13.xyz", "model_rescale": 4.170626492500431, "target_rescale": 4.2388817952876146},
{"mapping": [12, 1, 10, 0, 11, 5, 4, 13, 7, 3, 6, 9, 8, 14], "R": [[-0.7909058629440039, -0.23505829775752415, -0.5649916040226934], [0.4407205424089362, 0.421737153228264, -0.7924034181436204], [0.4245389492844842, -0.8757199154080346, -0.2299593666241304]], "T": [-0.008178908592103094, 0.03728246840447397, 0.06291086101544437], "aligned_model": [[0.3253175574857342, 0.09248941787801909, -0.25275208119238574, -0.6295032753059897, 0.36310256208912217, -0.3671063876656679, -0.7294189761646419, 0.49853104914027807, 0.7145646526623863, -0.22854497195097553, 0.2263279106970809, -0.3588335200436575, 0.27023055140666924, -0.08122146694432811], [-0.2710268350089167, -0.6385651101145542, 0.2177736739526503, -0.35781682202657533, 0.5463613246829453, 0.7536433554946735, 0.3463544911231439, -0.4238294718800771, 0.005497889516788479, -0.643075143401711, 0.10772318908302378, 0.0734224070068317, 0.6152500028491412, 0.024361516648301388], [-0.5403796466635481, -0.058179979644843005, -0.5478646436374843, 0.05140148694247758, -0.4584331286719761, 0.1952192529079116, -0.06211544734437423, 0.46818045775091993, -0.027377381183162214, 0.48236188663572943, 0.5491976680480399, 0.6057607726732183, 0.2944933987879831, 0.05160840451997484]], "inverted": true, "swapped": true, "error_lsq": 0.05089150456579177, "error_max": 0.38757124471163223, "target": "130.xyz", "model": "14.xyz", "model_rescale": 3.9786697098870705, "target_rescale": 4.2388817952876146},
{"mapping": [9, 13, 5, 4, 8, 11, 1, 12, 10, 0, 7, 14], "R": [[0.5494845175659155, 0.8324030829270664, -0.07191573185936667], [-0.5473751204700067, 0.2936254922810285, -0.7836865111593853], [-0.6312267757674721, 0.4699884868975398, 0.6169793997679034]], "T": [-0.017802435627191568, -0.033788441207602334, -0.060669472604294464], "aligned_model": [[-0.047649495265466434, -0.8105692149471763, 0.5962208050684807, 0.6683231953867419, 0.08288220595051916, 0.3440853884690999, -0.4585829537428034, -0.12584668078408945, 0.5364055462257018, 0.09716085602669483, -0.4213541993672535, 0.02227914374688763], [-0.4663579169617511, 0.01740328333013972, -0.003499185352339569, -0.4212820050596462, 0.4102285237448527, 0.6833348124632417, -0.25547755179931375, 0.2665726205940922, 0.048725520751870276, -0.7304058832573365, 0.5611536441168995, -0.09572137234626985], [-0.5412353681462124, -0.11089784826726296, -0.591296825100612, -0.16277081696619794, -0.5685083327507027, 0.09289552920145804, 0.4273197958544829, 0.6236868890634168, 0.3285409949480763, 0.1485850725489014, 0.06061684385894757, -0.04696944037046491]], "inverted": true, "swapped": true, "error_lsq": 0.04370154734560417, "error_max": 0.2100880996213293, "target": "130.xyz", "model": "15.xyz", "model_rescale": 3.769337070930944, "target_rescale": 4.2388817952876146},
{"mapping": [5, 11, 9, 6, 4, 10, 0, 12, 3, 13, 14], "R": [[-0.08462700195354883, -0.4530308059968461, -0.8874690751559755], [-0.6303667762491346, 0.7141157796972375, -0.30442795631919295], [0.7716709129814521, 0.533668194672734, -0.34600904620127715]], "T": [-0.07350316111773417, -0.006670307919021075, 0.029615357980253], "aligned_model": [[-0.2462087945240056, -0.2713078635831567, -0.1606781949721538, -0.5399017043193913, 0.33706764737844563, 0.3508482372199392, 0.5399120707341748, 0.18863949505741626, 0.16135265866210882, -0.42540622363656866, -0.011691197325637587], [0.09311226173169032, -0.7570605765686103, 0.6067938420264211, 0.2570070877340131, 0.17122914594699876, -0.4341307744451551, 0.40073494383705094, -0.589238638645958, 0.6293167883684716, 0.1941351116330562, 0.024165306007363697], [-0.7576098762034411, -0.22845151777634254, -0.15750232821074428, 0.1264494017758389, -0.6269878125927346, -0.29076452498083843, 0.02486163978050565, 0.4322682158624489, 0.5068469600228593, 0.7147898371055699, 0.00031761244065554167]], "inverted": false, "swapped": true, "error_lsq": 0.036590374315290435, "error_max": 0.1976387783925229, "target": "130.xyz", "model": "16.xyz", "model_rescale": 3.7852294659196426, "target_rescale": 4.2388817952876146},
{"mapping": [8, 7, 12, 11, 6, 13, 3, 1, 10, 4, 9, 2, 14], "R": [[-0.23026962592781858, -0.8853855422389072, -0.4038172123243129], [-0.6694222702887251, 0.44530522748438445, -0.594623476173427], [0.7062929444759816, 0.1334005096294516, -0.6952370679229144]], "T": [0.00221763103029852, 0.096965504486126, -0.08380474159460072], "aligned_model": [[-0.2588457837652312, -0.38008185800985966, 0.21303632620712665, 0.2531465579223611, -0.5065494604884248, -0.6947944548216751, -0.29006327574198026, -0.0714277891511821, 0.6519913038839006, 0.5924284659212246, -0.19358256789722764, 0.4844152349512149, 0.05409315120603574], [-0.20072762716901354, -0.4898049893295476, -0.3687459180894553, -0.6509433848819236, 0.15427067365313346, 0.0971175268713399, 0.7376463935877182, 0.20128537912404992, -0.11091246501027742, 0.46595782391533075, 0.6423052616226645, 0.24644695381002424, 0.1511599955988308], [-0.6391545979110294, 0.1188475955154068, 0.4719850610824553, -0.29939169578537633, -0.2690137216444892, 0.30063872348413545, 0.35378720827785626, 0.5982955214737881, -0.08836028595657326, -0.4670020362890525, -0.37227936728545413, 0.46986562135363763, -0.08246332917213069]], "inverted": false, "swapped": true, "error_lsq": 0.040523764107820506, "error_max": 0.2745178249960694, "target": "130.xyz", "model": "17.xyz", "model_rescale": 3.901054581598922, "target_rescale": 4.2388817952876146},
{"mapping": [13, 3, 12, 2, 9, 10, 8, 1, 4, 5, 11, 6, 7, 0, 14], "R": [[-0.6083411743297352, 0.24487648307068183, 0.7549546500645272], [0.7676411081978379, -0.060094851393602045, 0.6380562184014636], [0.2016138502680659, 0.967690093405381, -0.1514190823680125]], "T": [-0.009316116471729023, 0.011083430307053476, -0.008873102708186413], "aligned_model": [[-0.2998765782829914, 0.34893449354502515, 0.1867223845259744, -0.07786583073008785, -0.5366840288850514, -0.5810361353951466, -0.1957698023728951, 0.5308227385085847, -0.15133501842965544, -0.5537057704014965, -0.048901885963930296, 0.36127296350553467, 0.5925166180744773, 0.6114319272607718, -0.019202206483108667], [0.14242701183959586, 0.20421103534228696, -0.4196986512886966, 0.7410172826824789, -0.2770005651649811, -0.39265979991740235, 0.5550420248612873, 0.1316183398302089, 0.08367932541474934, 0.2806227787437464, -0.7837700388208453, -0.5305727984199036, -0.2521114940568507, 0.4274320635762087, -0.028911019902788347], [-0.6614263035453357, -0.6552198502893538, -0.5815604592822747, -0.39128075145435925, -0.27920681840783224, 0.41842231282887454, 0.3224308703502796, 0.41469141700827483, 0.7658103406478629, -0.15404366216901935, -0.06694132461768257, 0.3558158180901239, -0.09944249717982037, -0.13860436446365065, -0.045018940920446365]], "inverted": true, "swapped": false, "error_lsq": 0.0442238725780544, "error_max": 0.33710746501629557, "target": "130.xyz", "model": "18.xyz", "model_rescale": 3.9405287249114394, "target_rescale": 4.2388817952876146},
{"mapping": [8, 4, 0, 7, 6, 2, 11, 14, 10, 5, 1, 3, 12, 13, 15], "R": [[0.53083125918366, 0.1522733964417784, -0.8336851845928265], [-0.0829112577260174, -0.969675123337541, -0.2299040637366266], [-0.8434120568356728, 0.19116215084689211, -0.5021086879031373]], "T": [0.101420694920081, 0.04475161249627946, -0.09664777266383269], "aligned_model": [[-0.44557863314923374, 0.45930560035812945, -0.023422529608713535, 0.09386010403213622, -0.5221507959225248, -0.5910839307790147, -0.07157488749433226, 0.5337927002334094, -0.08366727833393713, -0.7016415055790929, -0.0029040089868787172, 0.37462262822127856, 0.6004078839947886, 0.4724652383375759, 0.07489328315241403], [0.09728797436328213, 0.0026584843824669635, -0.3381821250900634, 0.5397440790469172, -0.3200996242817995, -0.2661031632459661, 0.5342635720001183, 0.1649252453802342, -0.048255995641046864, 0.2553038610381608, -0.6068018647677808, -0.5695286334258651, -0.18135700535973717, 0.582643786155005, 0.03482690416516824], [-0.616555284928711, -0.7328958309251304, -0.6538283357341521, -0.5971983140329172, -0.28724060154796505, 0.32659203500628753, 0.40301588607835187, 0.5345033257721831, 0.6616371763703808, -0.05168672816695531, -0.10731765547835238, 0.4262758144732201, -0.09157428471601582, 0.05932594848419019, -0.06862736405877384]], "inverted": true, "swapped": false, "error_lsq": 0.04352768375782997, "error_max": 0.3035976711568132, "target": "130.xyz", "model": "19.xyz", "model_rescale": 4.410303926677745, "target_rescale": 4.2388817952876146},
{"mapping": [10, 11, 12, 4, 1, 5, 0, 7, 8, 6, 9, 3, 13, 14], "R": [[0.8821305182232837, 0.2547859454108854, 0.3961437502223184], [0.2646602214892121, 0.42759631069849574, -0.8643589313695538], [-0.3896161136046641, 0.8673208847353538, 0.3097640504020449]], "T": [0.01999223208804259, -0.026234234122792438, 0.05754876993091076], "aligned_model": [[-0.2161185597658077, 0.32297569043218677, 0.43985994240718196, -0.7366386653351222, 0.24930710534047865, -0.47083808963302864, -0.5170407396228319, 0.7405228798045578, 0.17388535571738273, 0.2079783429112357, -0.3634489648784496, -0.09751467635520833, 0.5769121779665212, -0.048653909528223835], [-0.19847506026615883, -0.625395127770827, 0.17875053951100475, -0.20886960317092032, 0.6117371654983627, -0.657169576431985, 0.4719044855880552, -0.12977011494096152, -0.6287749247254165, -0.10646892452612072, 0.03525836981151347, 0.7077097002217416, 0.3617346557412906, -0.0012231183583765425], [-0.5589126002291664, -0.4093752233023755, -0.5356849989350371, -0.102133211265482, -0.09068832126689863, 0.20077431044762267, -0.018169701285211955, 0.01709647019865152, 0.33763874254282433, 0.5621811298824426, 0.5753733410083731, 0.42484330082374416, 0.47341288614751, 0.04045891395802448]], "inverted": false, "swapped": true, "error_lsq": 0.04047484076799012, "error_max": 0.23281977339067883, "target": "130.xyz", "model": "20.xyz", "model_rescale": 4.121658175737393, "target_rescale": 4.2388817952876146},
{"mapping": [4, 10, 11, 5, 8, 0, 12, 9, 1, 13, 7, 6, 14], "R": [[0.554160599642343, -0.07824412244742424, -0.8287242527562902], [-0.782958395391086, 0.28903922355911893, -0.5508470552984357], [0.282634359005863, 0.9541143456351415, 0.09891225688745961]], "T": [0.044034446185847745, -0.06603611447500551, 0.0007874498240924392], "aligned_model": [[0.21562122203334755, -0.11307381471460111, 0.2460848152041133, 0.7138372321349801, 0.6735997386145314, -0.33459374199275954, -0.5056756787493246, 0.32681625815085963, -0.5975412076281881, -0.13133751601366822, 0.006740426498277177, 0.3569022552034489, 0.02370291592327818], [-0.564826513365712, 0.04176482372451433, 0.6020188426285735, -0.2835118548205672, 0.1911359621055006, -0.6809504764184304, 0.4326586171068008, -0.6098583601792911, -0.0678209957769978, 0.08669454891798195, 0.5919988711640047, -0.07186876245911517, -0.12660779846407927], [0.5950184187328531, 0.6558720101673973, 0.42703736552276433, 0.40523262119823955, -0.051162869582830894, 0.14501264268365457, 0.13991436795836318, -0.20716107789420637, -0.2636828654628494, -0.7604882348723907, -0.3108527196660012, -0.444757066935815, 0.04012714763261051]], "inverted": true, "swapped": true, "error_lsq": 0.04263086816665511, "error_max": 0.3248953170370713, "target": "130.xyz", "model": "21.xyz", "model_rescale": 4.08911054899281, "target_rescale": 4.2388817952876146},
{"mapping": [4, 7, 13, 0, 2, 15, 8, 10, 11, 1, 14, 9, 12, 6, 16], "R": [[0.559214512984479, 0.5791316223920405, -0.5931995384464614], [-0.6546560655970192, -0.13051902101005847, -0.7445738518989282], [-0.5086300858625679, 0.8047181799239649, 0.30614389860864105]], "T": [0.005162527264781856, -0.03392804312613478, -0.017250557475338525], "aligned_model": [[-0.2916851588336387, 0.5628369152150975, 0.237050711709014, -0.08108690376236125, -0.6603719817196912, -0.5393001155371866, -0.09620738515027666, 0.7831024035379334, -0.3429547969277219, -0.6511231455195375, -0.00804134498970658, 0.39017682921918573, 0.5382281704642289, 0.31854202211734617, 0.008157648653319432], [-0.04267160723222169, 0.1815982626042546, -0.23480483850891132, 0.5271657937410107, -0.17179921019695404, -0.4115903718435762, 0.5178840617843231, 0.052555413445281814, 0.0789429324799582, 0.3994831395551517, -0.675288433248188, -0.45278152322497417, -0.5078364015768183, 0.6418222120936098, -0.02135393515285197], [-0.6481999906413372, -0.4024049116917813, -0.6025764060589645, -0.5443313293276928, -0.2607853353091811, 0.2867866342545362, 0.3901676058302832, 0.1788758554794448, 0.6550347255118969, 0.08971786632758116, -0.03471748871806949, 0.4115540146343496, -0.2075697469046315, -0.0440649813507536, -0.06306072544003972]], "inverted": false, "swapped": false, "error_lsq": 0.04363090551037899, "error_max": 0.2483444930180342, "target": "130.xyz", "model": "22.xyz", "model_rescale": 4.204369325754507, "target_rescale": 4.2388817952876146},
{"mapping": [8, 4, 0, 7, 6, 2, 11, 14, 10, 5, 1, 3, 12, 13, 15], "R": [[0.53083125918366, 0.1522733964417784, -0.8336851845928265], [-0.0829112577260174, -0.969675123337541, -0.2299040637366266], [-0.8434120568356728, 0.19116215084689211, -0.5021086879031373]], "T": [0.101420694920081, 0.04475161249627946, -0.09664777266383269], "aligned_model": [[-0.44557863314923374, 0.45930560035812945, -0.023422529608713535, 0.09386010403213622, -0.5221507959225248, -0.5910839307790147, -0.07157488749433226, 0.5337927002334094, -0.08366727833393713, -0.7016415055790929, -0.0029040089868787172, 0.37462262822127856, 0.6004078839947886, 0.4724652383375759, 0.07489328315241403], [0.09728797436328213, 0.0026584843824669635, -0.3381821250900634, 0.5397440790469172, -0.3200996242817995, -0.2661031632459661, 0.5342635720001183, 0.1649252453802342, -0.048255995641046864, 0.2553038610381608, -0.6068018647677808, -0.5695286334258651, -0.18135700535973717, 0.582643786155005, 0.03482690416516824], [-0.616555284928711, -0.7328958309251304, -0.6538283357341521, -0.5971983140329172, -0.28724060154796505, 0.32659203500628753, 0.40301588607835187, 0.5345033257721831, 0.6616371763703808, -0.05168672816695531, -0.10731765547835238, 0.4262758144732201, -0.09157428471601582, 0.05932594848419019, -0.06862736405877384]], "inverted": true, "swapped": false, "error_lsq": 0.04352768375782997, "error_max": 0.3035976711568132, "target": "130.xyz", "model": "23.xyz", "model_rescale": 4.410303926677745, "target_rescale": 4.2388817952876146},
{"mapping": [15, 14, 9, 6, 4, 2, 12, 7, 0, 5, 10, 1, 11, 13, 16], "R": [[-0.8143888118869151, -0.576848507065569, 0.06337714863926078], [0.567367253915163, -0.8143945276104672, -0.12188499736592477], [0.12192318179159364, -0.06330365940724476, 0.9905187451267472]], "T": [0.04476689816891685, -0.06684353442889501, -0.0998099894127901], "aligned_model": [[-0.1905304145080824, 0.41303352670632265, 0.138885692291918, -0.041260496857693105, -0.5716904314422497, -0.6760912960689429, -0.1597281525016965, 0.48444750548000726, -0.1759842126734649, -0.5056456329761382, 0.031829482412174405, 0.38803356296253133, 0.6128130042228922, 0.40893373367353925, 0.010277997754887497], [0.14454512244924422, 0.20315819530935775, -0.34422341257928507, 0.6474226589755427, -0.37240729774948683, -0.16085781710375335, 0.5867974117136252, 0.07183574444251928, 0.07523422680487457, 0.23722512223375292, -0.7070236441192983, -0.5803632997818048, -0.3151090452494869, 0.5336139037890244, -0.13852237441573184], [-0.7395475928292128, -0.5994385977396948, -0.6535446184712327, -0.34541369871757144, -0.0775497040332816, 0.45193155300688626, 0.3210357335794152, 0.37912624626848845, 0.608334535321266, -0.11360604036221462, -0.21722377355219794, 0.4958415840793803, -0.2279089517218934, -0.06787247798093488, -0.00973841025156151]], "inverted": true, "swapped": false, "error_lsq": 0.0359890040390391, "error_max": 0.22654543415635595, "target": "130.xyz", "model": "24.xyz", "model_rescale": 4.28219845311461, "target_rescale": 4.2388817952876146},
{"mapping": [0, 3, 1, 4, 6, 14, 13, 9, 12, 2, 8, 11, 5, 7, 15], "R": [[0.05650288994045122, -0.9884717965705759, 0.1404668317180799], [0.9509680502866448, 0.010432569467823834, -0.30911313273349694], [0.3040841836768146, 0.15104525440687355, 0.940594567472494]], "T": [0.02100753293118905, 0.004352842534140264, -0.011774999888153531], "aligned_model": [[-0.45916738310535676, 0.5910095086632411, 0.2518678651392588, -0.029493082384468797, -0.6677694880569638, -0.5338170382243026, -0.12818965484580322, 0.6282872477485599, 0.028815517361443953, -0.6204411923065358, 0.0071630612749469975, 0.1377978334025903, 0.6002808067405064, 0.38336640653316234, -0.022386539464273648], [0.05307460171039755, 0.21901288045637707, -0.2080869168047145, 0.5339707881993183, -0.49119823234782867, -0.22657747130424644, 0.47003665773478703, 0.10193311607060226, 0.0595788504454172, 0.24291749793885295, -0.6402751701083259, -0.32762226294230695, -0.6100955751232451, 0.6899990079362633, 0.014657722857745652], [-0.6695077816680137, -0.49038147773880447, -0.5698522835250172, -0.5133755306971314, -0.31544008267350176, 0.45618387681711636, 0.32556050129221625, 0.268516138157186, 0.7506612424707367, -0.03203487329466567, -0.26908631493280477, 0.4037122156892887, -0.12212126037174473, 0.05250087693588065, -0.07090945986510047]], "inverted": false, "swapped": false, "error_lsq": 0.04293660831774328, "error_max": 0.31159816311677513, "target": "130.xyz", "model": "25.xyz", "model_rescale": 4.100010024507729, "target_rescale": 4.2388817952876146},
{"mapping": [11, 7, 13, 1, 5, 9, 8, 0, 12, 4, 10, 14], "R": [[0.12026921510019847, 0.6532711426980026, -0.7475106220096328], [-0.99154709873898, 0.042125369491906955, -0.12271839400628659], [-0.04867922433126953, 0.7559512334557146, 0.6528154913567001]], "T": [0.04575690375812783, 0.06764654446239, 0.012330622976713078], "aligned_model": [[-0.6695165064118752, -0.08200725930540573, 0.523864694940774, 0.6083489912075231, -0.5053762947550444, 0.26289522032629536, -0.4539575627941106, 0.5134618481398413, 0.061122306935250316, -0.15725046945435125, -0.2912129439517082, 0.06639357748581813], [-0.30564948934392155, -0.5911223528705206, -0.3342010194192967, -0.28691973599286863, 0.6579580656239433, 0.6083333280412533, 0.11835594740237992, 0.4596674915121264, -0.5721661707725745, 0.7219264612851222, 0.06969586022615913, 0.12025300435883735], [-0.12125376163637916, 0.29732244744306385, 0.505842653416777, -0.18601238531850986, 0.09772308067940327, 0.29421629452168746, 0.4737445136019373, -0.3997998730293557, -0.388465522117148, -0.3902238763713164, -0.580869976449275, -0.03703130488652835]], "inverted": false, "swapped": true, "error_lsq": 0.053484337775965694, "error_max": 0.2847485984455807, "target": "130.xyz", "model": "26.xyz", "model_rescale": 3.6694154284099745, "target_rescale": 4.2388817952876146},
