[{"mapping": [10, 13, 3, 0, 2, 11, 7, 8, 1, 4, 5, 15], "R": [[0.6253395314231465, 0.5121508310902613, 0.5887715997337459], [0.33944984632579783, -0.8578996244277493, 0.38572274529267636], [0.7026551588573671, -0.041349251749957766, -0.710328070056961]], "T": [-0.048782553624152944, -0.1482394470224847, -0.02396498962543469], "aligned_model": [[-0.14210919021788276, 0.13287397508173104, 0.39652434197179176, -0.03309310922400331, 0.03836617048630177, -0.7711262822612062, 0.47481247261408555, -0.13306985651863212, 0.4718490142764725, 0.11414467136748298, -0.6201615032885076, -0.0913682418270847], [-0.3899689758440343, -0.7888335054887977, -0.18964939436676054, 0.5479041595161998, 0.3841075177969454, -0.4118498527968294, -0.1972229165222371, -0.47243132348755246, 0.2734294192025329, 0.3412604997487949, 0.05883782095036538, -0.1020284127315699], [-0.569697894003695, 0.03572137719243452, -0.5568580141486457, -0.08957884525727494, -0.6229398150460451, -0.010138042475275937, 0.45243695607524115, 0.6904140822681509, -0.04971480961714319, 0.5614105513265768, 0.38967643208751906, -0.048780233048280136]], "inverted": true, "swapped": true, "error_lsq": 0.0452901739747436, "error_max": 0.21470172349205555, "target": "131.xyz", "model": "0.xyz", "model_rescale": 3.751011558992144, "target_rescale": 4.210710521199127},
{"mapping": [3, 6, 9, 2, 13, 11, 7, 1, 10, 5, 8, 4, 0, 12, 15], "R": [[0.8898041694154144, -0.25786204676313923, 0.37650458819258675], [-0.306313437340845, -0.9490558576133291, 0.0739260254190966], [0.33826116861883654, -0.1811081002300926, -0.9234604690162248]], "T": [-0.011516949017213209, -0.028178082159825382, 0.008288467497935331], "aligned_model": [[0.052144914507161126, 0.279535898932953, -0.45192138255168895, 0.1799633593509045, -0.3003989717756865, -0.6493068168633557, 0.46953021769856007, 0.5972262274598953, -0.4344766991292542, -0.08981732523359062, -0.019478816395742955, 0.6366458401558641, 0.4398089568840643, -0.15308869184810736, -0.017280500102942048], [-0.2193639797944789, -0.6296525132526605, 0.5964486820430148, 0.44669056807264795, -0.6302290862000544, 0.23195178506334796, -0.5052256536223252, -0.04091830441332193, -0.02287348287951583, 0.39258097349037535, -0.37746044643046545, 0.096362110464932, 0.49112962326335213, 0.6806843733569209, 0.03863270066533697], [-0.6575817227554538, -0.28010771754137553, -0.27598119303018387, -0.6142820819884904, 0.03997553124414186, 0.3503683257950049, 0.21930785904644406, -0.2724148408139767, -0.4230401081088208, 0.6060216796922047, 0.7157350161728631, 0.4244551908550367, -0.11737652918631897, 0.13453852877755787, 4.84666933427743e-05]], "inverted": true, "swapped": true, "error_lsq": 0.048676644973083646, "error_max": 0.3821386048813773, "target": "131.xyz", "model": "1.xyz", "model_rescale": 3.9405287249114394, "target_rescale": 4.210710521199127},
{"mapping": [4, 5, 0, 13, 11, 1, 7, 8, 10, 3, 14, 6, 15], "R": [[0.3438006709299458, -0.23156682394334444, 0.9100428037828283], [-0.7748121711614187, 0.4775730138626072, 0.4142343730912666], [-0.5305348226914497, -0.8475262960398211, -0.015230871044496053]], "T": [-0.02391322832780326, -0.054023457205756825, -0.10014042696842226], "aligned_model": [[-0.22172573707223125, 0.362824405364127, -0.5236700246440262, 0.3117203822953361, 0.6138866217324104, -0.6442313745363996, -0.13397681977319276, 0.5277912349252406, -0.01954374296212149, -0.48848442468838305, 0.06646397413510893, -0.3174772812372097, -0.03759393425472779], [0.6989110882149875, 0.40953251345350183, 0.24667037501549502, -0.33209308277361704, -0.17451134537535715, 0.1381025656116868, 0.3277292326088983, 0.3932531647872166, -0.6461122967313416, -0.5344704314416651, -0.8315192127467068, -0.18520678134702148, -0.051453195704059554], [-0.047416768391710176, -0.5196687210558095, -0.4861373459211401, 0.40676160232753145, -0.5126402607488587, 0.06664657584787229, 0.4877888505050363, 0.24352800218958723, -0.2200534906028878, 0.0930752531652278, 0.21474023609667456, 0.5527506002407374, -0.16625418406361694]], "inverted": false, "swapped": true, "error_lsq": 0.04847746762284799, "error_max": 0.2339988738928992, "target": "131.xyz", "model": "2.xyz", "model_rescale": 3.932901565614263, "target_rescale": 4.210710521199127},
{"mapping": [11, 12, 5, 10, 8, 7, 4, 13, 3, 6, 0, 2, 1, 15], "R": [[-0.21448778325036488, 0.9182511656429342, -0.33288104126209633], [0.8610697824743077, 0.016898236952940904, -0.5082059418164362], [-0.46103559574721903, -0.39563777168424563, -0.7943027968418164]], "T": [-0.036047162133752364, -0.05585352660141661, -0.022911390315709487], "aligned_model": [[-0.1961648825700704, 0.46563951761215305, 0.22907248212672837, -0.23595825127047498, -0.3789800419355375, -0.18064003300594506, 0.39725321616008047, -0.6978919499097499, -0.11395792523143947, -0.35478850163197073, 0.6533570220150611, 0.5068314040776456, 0.30922891654298734, 0.01680893907323567], [0.1314211021262936, 0.1542423159586187, -0.33044188492206655, 0.5138593221440835, -0.6980619250202493, -0.6415313618218146, -0.7013477366687225, -0.10612376849021865, 0.35155891330226263, -0.19431687194192543, -0.05332510422525706, 0.45722232841046084, -0.19453845074004972, -0.025120239760926727], [-0.7514390986689774, -0.515494205167217, -0.6512161988993466, -0.002168788314652278, -0.32706200022119775, 0.35069846056824466, 0.04348145129712595, 0.05681742644408572, 0.5355982402146118, 0.6165317045688761, 0.09491363079417606, 0.280065608656619, 0.5348303391416052, -0.051660207356855864]], "inverted": false, "swapped": true, "error_lsq": 0.04207237925903138, "error_max": 0.2465479665303169, "target": "131.xyz", "model": "3.xyz", "model_rescale": 3.9243930471874484, "target_rescale": 4.210710521199127},
{"mapping": [9, 10, 2, 0, 1, 11, 5, 3, 6, 13, 4, 8, 15], "R": [[-0.47151697281243826, 0.37414331956441393, -0.7985540186957396], [-0.3345601865242418, -0.9137342744645272, -0.23056269702978652], [-0.8159296697281324, 0.15845015649757324, 0.5560146778307526]], "T": [-0.0414275126681653, -0.029641645287108345, -0.06275792933140453], "aligned_model": [[-0.08762317906452363, -0.16537196184664882, 0.5606393108312366, 0.5313286054229307, 0.5955020907654645, -0.6666750386270257, -0.2968522654761479, 0.2987163569765009, 0.18119821511392112, -0.4558858767701854, 0.3091913917990284, -0.5030489034749674, -0.023912859338230792], [-0.6148456627677525, 0.01673524900914758, -0.28837769594245377, -0.42381951572761634, 0.14757816911190402, -0.46313349170220386, -0.6006606868399222, 0.33857392387530116, 0.6631600045517815, 0.4924703260579705, -0.16216092465633575, 0.11426941984781767, -0.09195956113605061], [-0.628731531068107, -0.6522105451679909, -0.5321513982748968, 0.013014712732555667, 0.048771139175508155, -0.1750630635650823, 0.3234409502946778, -0.5451555175917566, -0.05183682986342597, -0.11321244698606167, 0.6215848407064666, 0.56073022407332, -0.08211021909424304]], "inverted": false, "swapped": true, "error_lsq": 0.04144117091048916, "error_max": 0.26754439803322866, "target": "131.xyz", "model": "4.xyz", "model_rescale": 3.8936222436046832, "target_rescale": 4.210710521199127},
{"mapping": [6, 10, 1, 7, 0, 12, 11, 5, 8, 13, 4, 15], "R": [[0.5505568401226992, 0.5708203932265714, -0.6091397577492139], [0.6132126282436503, -0.7716551775273384, -0.16887438988125741], [-0.5664427935428462, -0.2805572413464221, -0.7748743097893117]], "T": [-0.1553482084930275, -0.1357253156343918, -0.04182965777167825], "aligned_model": [[0.1458837669261076, -0.4856640523492621, -0.25787945830136816, 0.3957329025971125, -0.5775828579626427, -0.6254028159963274, -0.20338071826680726, -0.09631313545059789, 0.5641658998384143, 0.2871547327404497, 0.09262297205160125, -0.21178919361158294], [-0.40260655412513846, -0.6379681152861626, 0.13084401015034378, 0.04425475730674827, 0.3847034695963022, 0.20851101661904162, -0.2595789595042014, 0.33553947416537466, 0.028961675472733567, -0.636828051179405, 0.5813415015761041, -0.10825131968193379], [-0.648203562743117, 0.018262293592983557, -0.6484209970035965, -0.45100777057440794, -0.24192722880072282, 0.4042842634459169, 0.7156762799649781, 0.5193106837055776, 0.2369530953297292, -0.04491186100270462, -0.22388864753140797, -0.016841829107710184]], "inverted": true, "swapped": true, "error_lsq": 0.04290626478315906, "error_max": 0.21132388648727107, "target": "131.xyz", "model": "5.xyz", "model_rescale": 3.6523030999806103, "target_rescale": 4.210710521199127},
{"mapping": [14, 3, 1, 13, 7, 10, 0, 13, 12, 5, 4, 8, 15], "R": [[-0.5512068860174624, -0.7924635600155956, 0.2610985922105689], [-0.8252436756398462, 0.4716441183696052, -0.31068424714457965], [0.12306032920225984, -0.3867212583434826, -0.9139490268728693]], "T": [-0.003879940117408387, -0.06100876043137278, 0.013709198048555716], "aligned_model": [[0.19747218813421946, -0.0013001662476604947, 0.04269779097764437, 0.5169343665467196, 0.594944299761152, -0.21082226949624883, -0.4430805050158681, 0.5169343665467196, -0.6611067792584999, -0.24441598750906682, 0.11896749831290965, 0.5239789704580706, -0.07012086854579604], [-0.6807940569088604, -0.09242542460872737, 0.5066617485704384, -0.4707280834208311, 0.31948796870976265, -0.5048480589184892, 0.4814318852289006, -0.4707280834208311, -0.03454789558942777, 0.0008757468034908816, 0.6290330532979461, -0.08988730958946388, -0.052704585990724875], [0.5495646144627064, 0.7086871319202701, 0.3674119314892547, 0.10205419728877643, 0.0018048081101084568, 0.36747321339359024, 0.05874548752368677, 0.10205419728877643, -0.31159115812546156, -0.6782205978533481, -0.32917679561943014, -0.5720152939093105, 0.0033180035121699054]], "inverted": false, "swapped": true, "error_lsq": 0.05573465719996459, "error_max": 0.4033808592160561, "target": "131.xyz", "model": "6.xyz", "model_rescale": 4.08911054899281, "target_rescale": 4.210710521199127},
{"mapping": [3, 10, 2, 6, 7, 4, 1, 0, 13, 14, 8, 11, 5, 12, 15], "R": [[0.38524931781782185, 0.8453929744592414, -0.36999146186886434], [-0.6837492482641168, 0.5307580177595442, 0.5007822801200287], [0.6197337562366265, 0.0600553521254831, 0.7825109750424756]], "T": [-0.0012640911253166305, -0.04308514624942187, 0.01949712220434334], "aligned_model": [[0.03080785828091521, 0.1351713124366504, 0.6500634403360168, -0.47508737976682747, -0.5136683205296538, -0.006546979626128078, 0.08500070227082637, 0.5374926865358807, -0.5861119871408517, -0.28827327358712007, -0.5579793837021807, 0.1269253973803769, 0.2057420381483084, 0.6282020084836542, 0.06459542027968693], [-0.5827734916720819, -0.6178804995621149, -0.30606690406556275, -0.26357739551104203, 0.2686754795428127, 0.6785125353485003, 0.07081874107141028, 0.2425135029650123, -0.3337642412375366, -0.8343320103877742, 0.42141302714340734, -0.06103818072712739, 0.4936939941125527, 0.16017903922491442, -0.035614780076257124], [-0.41833374750002594, 0.1458423302192799, -0.3759419683906669, -0.48699105165569406, -0.3596560968868657, -0.27730058580401173, -0.6355671535284161, -0.323054777122112, 0.16225883559705734, 0.07756303092332444, 0.33070719672072224, 0.7775915994240231, 0.47717685925063763, 0.3371820565796454, 0.032593504255182454]], "inverted": false, "swapped": true, "error_lsq": 0.04681875872095219, "error_max": 0.2747844135208015, "target": "131.xyz", "model": "7.xyz", "model_rescale": 3.964800864290218, "target_rescale": 4.210710521199127},
{"mapping": [3, 2, 1, 14, 7, 9, 13, 0, 12, 5, 11, 8, 4, 15], "R": [[-0.7041002735733302, 0.6785945760308113, -0.20917028023962939], [-0.6921246250827545, -0.589968333210046, 0.41581350286326274], [0.15876494609332995, 0.43754630291081625, 0.885068881331311]], "T": [-0.03767523921025445, 0.0441548691503947, 0.04664749666368269], "aligned_model": [[-0.17829265615114834, 0.23709267444896437, 0.44538349056992993, -0.7621903188172436, 0.2094784188501114, -0.19585510621566637, -0.5538401545037224, 0.5689785619946592, 0.1735064455985192, 0.18050318526009834, -0.42620218060186643, -0.0809132092293946, 0.6580194790772449, -0.014480740819613428], [-0.12326458046898112, -0.5964803439767562, 0.09785624901147885, 0.008466872702797189, 0.6827098766689578, -0.7378215679517109, 0.4548613737565717, -0.29828616936924623, -0.5037603642113357, -0.012026825719986901, -0.18565912583266753, 0.6837518364198957, 0.3560558232428741, -0.015454588090688351], [-0.6137958851124274, -0.3581341109707064, -0.415191588789174, -0.3841909729663682, -0.13955808148421306, 0.2152176038100913, -0.06205508767539562, -0.01558238572707106, 0.486714321400568, 0.7464302608444535, 0.6692986319907555, 0.5066348638412923, 0.2126193504838373, 0.06840811907937983]], "inverted": false, "swapped": true, "error_lsq": 0.03562906290190112, "error_max": 0.22894935872866298, "target": "131.xyz", "model": "8.xyz", "model_rescale": 4.121658175737393, "target_rescale": 4.210710521199127},
{"mapping": [1, 3, 6, 7, 2, 0, 10, 11, 13, 9, 4, 8, 15], "R": [[-0.21181048884666948, 0.7769573787846482, -0.5928520459327302], [0.9146659754323092, -0.056093800937289606, -0.4002994365257966], [-0.34427092558186995, -0.627049214215676, -0.6987752233375952]], "T": [0.02063969425959842, -0.01486639827194576, 0.04193445828763196], "aligned_model": [[-0.43687064713962853, -0.1045154326481103, 0.17671081652018272, 0.13866055326613774, -0.6453437217658775, -0.6696890691512959, 0.1311589748029674, 0.33928482419077777, 0.6393255615882771, -0.25251729259814026, -0.32580216079017815, 0.5127873649005014, -0.026452274740416122], [0.2074354004094583, -0.38161074727664734, 0.13788742245082813, 0.5789177745873997, -0.4360187294944436, 0.07113388327142965, -0.6001130908544722, -0.2780123156628396, -0.034335748138730735, -0.6694539575349822, 0.6792241776622155, 0.5569234525775874, -0.04159008258509323], [-0.3948619625808731, -0.5358395176507811, -0.6523015866959867, -0.32820251440510806, -0.1279355980468618, 0.11416608310110238, -0.059254605215830945, 0.6905341808692376, -0.21059484007447174, 0.4442083541856473, 0.12581720947328906, 0.2729955266286885, 0.08234470437103764]], "inverted": true, "swapped": true, "error_lsq": 0.04506767886449962, "error_max": 0.26716091565068034, "target": "131.xyz", "model": "9.xyz", "model_rescale": 3.833441315466971, "target_rescale": 4.210710521199127},
{"mapping": [5, 12, 1, 3, 2, 0, 9, 14, 7, 6, 8, 13, 11, 4, 15], "R": [[-0.2495615268254738, 0.41829209482006136, -0.8733560372148252], [-0.22279608053001654, 0.8528952047279201, 0.47215641079263293], [0.9423804703138754, 0.31241237677653544, -0.11965599027142511]], "T": [-0.002418821589157308, 0.03193554007059733, 0.06316676116325162], "aligned_model": [[0.2734628276290272, -0.10054360965798885, -0.5799479709898158, -0.4011059936003828, -0.713818727833648, -0.5809360188995336, -0.136583653536696, 0.17604885101554502, 0.0007953910442271631, -0.14892034208799226, 0.5945841239721842, 0.4402125063376845, 0.5386443011194662, -0.2083697575217669, -0.029676908695778], [-0.6444197408214333, -0.5187592317393185, 0.08149444700703413, 0.5950324166871869, 0.06504218907106439, -0.3596763202789756, -0.11407962574439547, 0.8135013505569366, 0.11271901406696994, 0.5788112053170819, -0.19050531578680985, 0.505511195241458, -0.22623789820105072, -0.4889517262669974, -0.008380419813772737], [-0.01982103565936244, -0.41177998474642175, 0.400107277877372, -0.026043311183886253, -0.3144218453140629, 0.02962185259515663, -0.7277841025145207, -0.1997432886549744, 0.7681303381083797, 0.5204630790538781, 0.5286232351661541, 0.22664737443265895, -0.41855854003762705, 0.6063800436161483, 0.0163008150832007]], "inverted": true, "swapped": true, "error_lsq": 0.04641566001831498, "error_max": 0.32916129163558683, "target": "131.xyz", "model": "10.xyz", "model_rescale": 4.2482417240324, "target_rescale": 4.210710521199127},
{"mapping": [11, 9, 3, 2, 8, 7, 13, 1, 12, 4, 5, 15], "R": [[0.28595588009260664, -0.0931557837695691, 0.9537039554236629], [0.9194439247844244, 0.30701268128248616, -0.24569510110857382], [-0.2699112887922187, 0.9471352667291065, 0.17344360092118602]], "T": [-0.0008644158747613696, 0.06307573214703957, 0.06777128336726401], "aligned_model": [[-0.6513406128646633, -0.019024787018452435, 0.5368818370336055, 0.6326596493582102, -0.5735402705408432, 0.10992381665719955, -0.2522848399261151, 0.6016550480085181, -0.13741250181212092, 0.10200248776135935, -0.4793013341221052, 0.00654710982841427], [-0.3380222701207103, -0.7279908043290371, -0.10389464477992708, -0.394136445411413, 0.6056162802237807, 0.7578424113098066, 0.24752637968111588, 0.32874809739633304, -0.38661406693177636, 0.6091744785366607, 0.05200301612613886, 0.0158789583496676], [-0.018618545476547788, -0.12922576056937074, 0.4763515708282797, -0.13063062190871416, 0.05246443098767967, 0.1601572926469677, 0.6591155431194224, -0.05837706363899736, -0.4957900016885972, -0.4799645670254431, -0.4902875262623835, 0.019997538842060986]], "inverted": true, "swapped": true, "error_lsq": 0.04625126825926527, "error_max": 0.2618417291839309, "target": "131.xyz", "model": "11.xyz", "model_rescale": 3.6694154284099745, "target_rescale": 4.210710521199127},
{"mapping": [6, 7, 4, 8, 13, 3, 10, 2, 5, 12, 0, 11, 1, 15], "R": [[-0.40206333601782773, 0.2970562076795135, -0.8660846859916653], [0.6544230272774173, -0.5683275609207749, -0.49873267876378813], [-0.6403714353398942, -0.7673078866901532, 0.034103252393505534]], "T": [0.11042024178547696, -0.0003403739753343876, -0.01910904488352365], "aligned_model": [[-0.1528247748796369, -0.0203855711683594, -0.1563575981528604, 0.6258296367038556, 0.48355914893151597, -0.3015726123676221, 0.16776725581244867, -0.5207500832673821, 0.4408347368399612, 0.13716033789001825, -0.42513920285070483, 0.7461340810217598, -0.5208823574996844, 0.09489185324249996], [-0.2508789638141871, 0.2814750942694153, 0.7146169858473708, 0.4450946367534864, -0.31362740220653457, -0.546252313094518, -0.5661247856719083, -0.24192838285264046, 0.5535151108782107, 0.23625502477795074, 0.3020909793167557, 0.0016164756494678606, 0.1048809884524184, 0.010253839830966685], [-0.6496549094375017, -0.6570587504313224, -0.1818528934019933, -0.417208262920428, -0.47686541945809346, -0.1465061933750222, 0.1847702051314547, 0.42022942064568275, 0.33377122963304545, 0.674991237303143, 0.3138753623310602, 0.41370289827920875, -0.21888494055767044, 0.04578647591085183]], "inverted": true, "swapped": true, "error_lsq": 0.04432017103980416, "error_max": 0.26210337222018193, "target": "131.xyz", "model": "12.xyz", "model_rescale": 3.9764082729961374, "target_rescale": 4.210710521199127},
{"mapping": [9, 12, 1, 10, 5, 4, 13, 6, 6, 2, 8, 7, 0, 14, 11, 15], "R": [[0.9898401026203794, -0.12743137511346314, 0.06306992850137959], [-0.025133226105567875, 0.2797786232183242, 0.9597355067598498], [-0.13994603313421816, -0.9515698432730785, 0.2737333395537443]], "T": [0.016278633825357262, 0.031215630648480736, -0.06649341009803], "aligned_model": [[-0.19611304128570325, -0.33225740165835, 0.22273813211038543, 0.2621212341765407, -0.6138809782254175, -0.06408568831518188, -0.3656802598532909, -0.5064515156456235, -0.5064515156456235, 0.6493229519238314, 0.6612341512393247, 0.5330978565761367, 0.16184245292475816, -0.03778618549562735, 0.3081852636275458, 0.047664353201213545], [0.5637620468606785, 0.04204763771223266, 0.2688172905532325, -0.26478418001827453, 0.517780102759231, 0.2872433112842748, -0.4210107902847475, -0.2846083390270241, -0.2846083390270241, 0.4848525109470915, -0.16821736168016974, 0.32524315405875504, 0.7077557541560645, -0.7044007101701796, -0.6783999276990755, 0.005172204365989336], [-0.24755477384160873, -0.6009266000671214, -0.6180752309001634, -0.7722500444246786, 0.19614280913747917, 0.5997311198124016, -0.2216681952166336, 0.39249157518110045, 0.39249157518110045, -0.23891146617772674, -0.27604459424326666, 0.39985346230007135, 0.15308019796041025, 0.2413273721883894, -0.2708973669531374, 0.0331326474361229]], "inverted": true, "swapped": false, "error_lsq": 0.0492639796738958, "error_max": 0.37061478395013714, "target": "131.xyz", "model": "13.xyz", "model_rescale": 4.170626492500431, "target_rescale": 4.210710521199127},
{"mapping": [11, 12, 10, 2, 13, 6, 3, 5, 8, 0, 4, 1, 7, 15], "R": [[0.19422388766257032, 0.02911164921436149, -0.9805251620133252], [0.3833261114897883, 0.9178316620721184, 0.1031800966662246], [0.9029607819342741, -0.3959009370763765, 0.1671055783350493]], "T": [0.00886772530483527, 0.038031232821865046, -0.010917194111877887], "aligned_model": [[0.427782982907167, 0.046533119649962824, -0.32237654438276, -0.7073023094206331, 0.1944575166918127, -0.23302788483588088, -0.6167609140789466, 0.5350250971909933, 0.7495634039930815, -0.2874044984089704, 0.25883342841169854, -0.3843278288026294, 0.190767373778375, -0.008579920601627008], [-0.3535914365527831, -0.694193145131388, 0.029103933368269462, -0.31823603114255444, 0.5829985083947549, 0.7077152833245972, 0.32247044169355377, -0.4647015354857661, 0.28621563982230325, -0.39011405662944465, -0.04614013936164392, 0.17474496448009932, 0.5470423603695677, -0.027240319223899134], [-0.5233660057810395, -0.0408570602156868, -0.5160557555451895, 0.08874799812101176, -0.35075451171447913, 0.1396331210670858, -0.11895021049619717, 0.09335316824939613, 0.10006294937833231, 0.4560749238274714, 0.7234208274098581, 0.5146601334755714, 0.44878938140218183, -0.010885858057449824]], "inverted": true, "swapped": true, "error_lsq": 0.044627773777612414, "error_max": 0.2335214810048949, "target": "131.xyz", "model": "14.xyz", "model_rescale": 3.9786697098870705, "target_rescale": 4.210710521199127},
{"mapping": [7, 3, 8, 4, 13, 11, 2, 9, 5, 0, 14, 15], "R": [[-0.22932946487425976, 0.4435908687299943, 0.8663920231164728], [0.7703913198269419, -0.4613063372214041, 0.4401064389152637], [0.594899328353788, 0.7683902683003873, -0.23594741936599062]], "T": [0.02278060012126843, -0.0007347830703489291, -0.05993260605106701], "aligned_model": [[0.08443550817975395, -0.6704225702500999, 0.6004308645112959, 0.4521416154196817, -0.1172288060542139, 0.4300154289698131, -0.43897766683648426, -0.06705209786593519, 0.7166406943165502, 0.04777776676167412, -0.5884920546941751, 0.03408591430947616], [-0.3424808905699567, -0.059161414837929326, 0.1329076771953042, -0.6328196518237248, 0.4225948795393428, 0.5783600925571161, -0.33656436904183007, 0.2624329517292208, 0.013847126447002986, -0.5681212148918878, 0.5549935051852984, -0.011314201263517178], [-0.6787364651002901, -0.0665419840269478, -0.5805111740107777, -0.21784979863111512, -0.5580406942055198, 0.24051874108519763, 0.5090637249007125, 0.7066159764046754, 0.18255381085820419, 0.3482524454708157, -0.23119069108315418, 0.005832602212029567]], "inverted": false, "swapped": true, "error_lsq": 0.04773093029927845, "error_max": 0.2661110474224677, "target": "131.xyz", "model": "15.xyz", "model_rescale": 3.769337070930944, "target_rescale": 4.210710521199127},
{"mapping": [8, 11, 7, 13, 4, 12, 1, 9, 3, 14, 15], "R": [[0.24387325307896468, -0.779771148469063, 0.5766132087005307], [0.7378860193825751, 0.5350171906496539, 0.41143751422189256], [-0.6293250819985021, 0.3251362202594329, 0.7058586115101156]], "T": [0.02797496657604632, 0.04923642375784922, -0.024630768980100352], "aligned_model": [[-0.4427979867589077, -0.2985875936332973, -0.06936934421842725, -0.5915330626874514, 0.39934243495110233, 0.4009257246591584, 0.4922818785526083, 0.27823322030987385, 0.13865353578212383, -0.4586811463572212, 0.07415847009160922], [0.1287855413773659, -0.6410318561652171, 0.6608199425009756, 0.27093187330180013, 0.30361882359210984, -0.5733971139236987, 0.5319873053531463, -0.6221303785395009, 0.3779034521632399, 0.15834254664751996, 0.00023436131760111445], [-0.6527923284924203, -0.11600192855936287, -0.3710403970373609, 0.09361995565739814, -0.6619656892258727, -0.1328103741832466, 0.0052956955206290915, 0.36467800659942734, 0.5784581376891523, 0.6558684611988889, -0.019091931943455105]], "inverted": true, "swapped": true, "error_lsq": 0.044465079285358554, "error_max": 0.2216385798264315, "target": "131.xyz", "model": "16.xyz", "model_rescale": 3.7852294659196426, "target_rescale": 4.210710521199127},
{"mapping": [11, 2, 0, 9, 10, 3, 6, 1, 5, 8, 13, 4, 15], "R": [[0.4810458015736198, -0.5391645499450486, -0.6913006038410112], [0.5346119230203485, 0.8053566273652941, -0.2561069981927156], [0.6948273372233411, -0.24637834897034266, 0.6756572212340881]], "T": [0.004448154127921756, 0.1290551043754095, -0.03969192562865034], "aligned_model": [[0.19771078288311159, -0.34759769626159415, 0.1926365010256654, -0.19049280832407528, -0.5113082314674893, -0.6343625712957394, -0.3538642766447857, -0.06507052228926775, 0.6494413126423915, 0.5284169504606752, -0.24428598943054988, 0.6163402777382315, 0.01620212117970926], [-0.13387006831362236, -0.4568159256901017, -0.3194070161129767, -0.6152294158264311, -0.06564975284540858, 0.14026182577675742, 0.6703135694805806, 0.16937567426774477, -0.12057233074335727, 0.650528489937299, 0.65823900488917, 0.2353237213664165, 0.06255784751680363], [-0.7360984180555699, 0.3875994128135064, 0.462935302265047, -0.3098075928497688, -0.2867805704820641, 0.23559566411883012, 0.28940849522998147, 0.6259403457799106, -0.288938979558899, -0.3154896579886802, -0.3637567799603211, 0.4326585931430612, -0.03751111731185955]], "inverted": true, "swapped": true, "error_lsq": 0.04668065244440708, "error_max": 0.30962852042685285, "target": "131.xyz", "model": "17.xyz", "model_rescale": 3.901054581598922, "target_rescale": 4.210710521199127},
{"mapping": [3, 6, 9, 2, 13, 11, 7, 1, 10, 5, 8, 4, 0, 12, 15], "R": [[0.8898041694154144, -0.25786204676313923, 0.37650458819258675], [-0.306313437340845, -0.9490558576133291, 0.0739260254190966], [0.33826116861883654, -0.1811081002300926, -0.9234604690162248]], "T": [-0.011516949017213209, -0.028178082159825382, 0.008288467497935331], "aligned_model": [[0.052144914507161126, 0.279535898932953, -0.45192138255168895, 0.1799633593509045, -0.3003989717756865, -0.6493068168633557, 0.46953021769856007, 0.5972262274598953, -0.4344766991292542, -0.08981732523359062, -0.019478816395742955, 0.6366458401558641, 0.4398089568840643, -0.15308869184810736, -0.017280500102942048], [-0.2193639797944789, -0.6296525132526605, 0.5964486820430148, 0.44669056807264795, -0.6302290862000544, 0.23195178506334796, -0.5052256536223252, -0.04091830441332193, -0.02287348287951583, 0.39258097349037535, -0.37746044643046545, 0.096362110464932, 0.49112962326335213, 0.6806843733569209, 0.03863270066533697], [-0.6575817227554538, -0.28010771754137553, -0.27598119303018387, -0.6142820819884904, 0.03997553124414186, 0.3503683257950049, 0.21930785904644406, -0.2724148408139767, -0.4230401081088208, 0.6060216796922047, 0.7157350161728631, 0.4244551908550367, -0.11737652918631897, 0.13453852877755787, 4.84666933427743e-05]], "inverted": true, "swapped": true, "error_lsq": 0.048676644973083646, "error_max": 0.3821386048813773, "target": "131.xyz", "model": "18.xyz", "model_rescale": 3.9405287249114394, "target_rescale": 4.210710521199127},
{"mapping": [8, 6, 0, 1, 5, 9, 2, 2, 11, 4, 12, 13, 7, 10, 3, 15], "R": [[0.6788448915451977, 0.14788737290884849, -0.7192349672791976], [0.6121889861122953, -0.6548534750778459, 0.443160886655478], [-0.4054556184168485, -0.7411452294338734, -0.5350789571470946]], "T": [0.18859874179185743, 0.03554957745868947, -0.014006063798184545], "aligned_model": [[-0.25540803233025133, -0.376620762440541, 0.18113142556473716, 0.11042401976283037, -0.6158621924079145, -0.13022527782328858, -0.5586186005177952, -0.5586186005177952, -0.08968194992722578, 0.6581844512990127, 0.6856806305350283, 0.5061132463568592, 0.25584821512466577, -0.12892802514118828, 0.38233632135266027, 0.15774494076512538], [0.5889838149466509, 0.11416122969707188, 0.3502615011143265, -0.2544662451977212, 0.21406773158534176, 0.4804352115919447, -0.3802201153015271, -0.3802201153015271, -0.13510824807216232, 0.51337192420671, -0.14985441649638234, 0.10673207838778093, 0.7078896188617483, -0.6378001364658629, -0.751966846338885, 0.010377377573547737], [-0.2763811480683081, -0.496323983597826, -0.6252138044668413, -0.6016275060754797, 0.09661272643435657, 0.5239882335831425, -0.16933503388046273, -0.16933503388046273, 0.6283715238410841, -0.306990867142922, -0.15065897126239647, 0.5737417021050882, 0.18363483784906048, 0.23834478717184338, -0.27422179619914094, -0.012683179037995993]], "inverted": true, "swapped": false, "error_lsq": 0.041994578484674396, "error_max": 0.315881309930414, "target": "131.xyz", "model": "19.xyz", "model_rescale": 4.410303926677745, "target_rescale": 4.210710521199127},
{"mapping": [3, 2, 1, 14, 7, 9, 13, 0, 12, 5, 11, 8, 4, 15], "R": [[-0.7041002735733302, 0.6785945760308113, -0.20917028023962939], [-0.6921246250827545, -0.589968333210046, 0.41581350286326274], [0.15876494609332995, 0.43754630291081625, 0.885068881331311]], "T": [-0.03767523921025445, 0.0441548691503947, 0.04664749666368269], "aligned_model": [[-0.17829265615114834, 0.23709267444896437, 0.44538349056992993, -0.7621903188172436, 0.2094784188501114, -0.19585510621566637, -0.5538401545037224, 0.5689785619946592, 0.1735064455985192, 0.18050318526009834, -0.42620218060186643, -0.0809132092293946, 0.6580194790772449, -0.014480740819613428], [-0.12326458046898112, -0.5964803439767562, 0.09785624901147885, 0.008466872702797189, 0.6827098766689578, -0.7378215679517109, 0.4548613737565717, -0.29828616936924623, -0.5037603642113357, -0.012026825719986901, -0.18565912583266753, 0.6837518364198957, 0.3560558232428741, -0.015454588090688351], [-0.6137958851124274, -0.3581341109707064, -0.415191588789174, -0.3841909729663682, -0.13955808148421306, 0.2152176038100913, -0.06205508767539562, -0.01558238572707106, 0.486714321400568, 0.7464302608444535, 0.6692986319907555, 0.5066348638412923, 0.2126193504838373, 0.06840811907937983]], "inverted": false, "swapped": true, "error_lsq": 0.03562906290190112, "error_max": 0.22894935872866298, "target": "131.xyz", "model": "20.xyz", "model_rescale": 4.121658175737393, "target_rescale": 4.210710521199127},
{"mapping": [14, 3, 1, 13, 7, 10, 0, 13, 12, 5, 4, 8, 15], "R": [[-0.5512068860174624, -0.7924635600155956, 0.2610985922105689], [-0.8252436756398462, 0.4716441183696052, -0.31068424714457965], [0.12306032920225984, -0.3867212583434826, -0.9139490268728693]], "T": [-0.003879940117408387, -0.06100876043137278, 0.013709198048555716], "aligned_model": [[0.19747218813421946, -0.0013001662476604947, 0.04269779097764437, 0.5169343665467196, 0.594944299761152, -0.21082226949624883, -0.4430805050158681, 0.5169343665467196, -0.6611067792584999, -0.24441598750906682, 0.11896749831290965, 0.5239789704580706, -0.07012086854579604], [-0.6807940569088604, -0.09242542460872737, 0.5066617485704384, -0.4707280834208311, 0.31948796870976265, -0.5048480589184892, 0.4814318852289006, -0.4707280834208311, -0.03454789558942777, 0.0008757468034908816, 0.6290330532979461, -0.08988730958946388, -0.052704585990724875], [0.5495646144627064, 0.7086871319202701, 0.3674119314892547, 0.10205419728877643, 0.0018048081101084568, 0.36747321339359024, 0.05874548752368677, 0.10205419728877643, -0.31159115812546156, -0.6782205978533481, -0.32917679561943014, -0.5720152939093105, 0.0033180035121699054]], "inverted": false, "swapped": true, "error_lsq": 0.05573465719996459, "error_max": 0.4033808592160561, "target": "131.xyz", "model": "21.xyz", "model_rescale": 4.08911054899281, "target_rescale": 4.210710521199127},
{"mapping": [14, 12, 3, 13, 9, 11, 7, 10, 5, 2, 4, 1, 15, 6, 0, 16], "R": [[-0.476561005769548, -0.8697121596142956, 0.12841482468529286], [0.04415912675998579, 0.12220323114679676, 0.9915222346579414], [-0.8780316505136431, 0.47819151991259756, -0.01983156524249735]], "T": [0.025103469805283808, 0.02389869752948633, 0.02282821853635554], "aligned_model": [[-0.16799132983219353, -0.5028076759057211, 0.18593684248482778, 0.007341931430966876, -0.6182390805768588, 0.07584075411822329, -0.21472890566812444, -0.686792536525655, -0.49356471910553995, 0.6447374744352022, 0.5372990412936207, 0.6787974491863126, 0.23418857005664162, -0.005994728462389735, 0.5036039186759476, 0.04587280404965807], [0.5260392931913667, 0.060170009998194024, 0.3741431746932239, -0.15513132183619205, 0.3249132123382005, 0.36210922994661443, -0.5657909054134561, -0.3527069721693205, 0.01389428488993082, 0.36737650591061677, -0.062395132476335616, 0.048427065404148525, 0.703272805580849, -0.6698726801786844, -0.572998538753221, -0.004805666334880106], [-0.32701718516127487, -0.49191804921114013, -0.7554649497127949, -0.6130670133601736, 0.07803905356710941, 0.7076146042079151, -0.29425661532551567, 0.07290470938495225, 0.5009623790895114, -0.11620603921776114, -0.44246873752334287, 0.472362334879531, 0.18481976169978215, 0.2935278788405009, -0.09895194375583921, -0.008957701028720788]], "inverted": false, "swapped": false, "error_lsq": 0.038817849682149234, "error_max": 0.3236372366199846, "target": "131.xyz", "model": "22.xyz", "model_rescale": 4.204369325754507, "target_rescale": 4.210710521199127},
{"mapping": [8, 6, 0, 1, 5, 9, 2, 2, 11, 4, 12, 13, 7, 10, 3, 15], "R": [[0.6788448915451977, 0.14788737290884849, -0.7192349672791976], [0.6121889861122953, -0.6548534750778459, 0.443160886655478], [-0.4054556184168485, -0.7411452294338734, -0.5350789571470946]], "T": [0.18859874179185743, 0.03554957745868947, -0.014006063798184545], "aligned_model": [[-0.25540803233025133, -0.376620762440541, 0.18113142556473716, 0.11042401976283037, -0.6158621924079145, -0.13022527782328858, -0.5586186005177952, -0.5586186005177952, -0.08968194992722578, 0.6581844512990127, 0.6856806305350283, 0.5061132463568592, 0.25584821512466577, -0.12892802514118828, 0.38233632135266027, 0.15774494076512538], [0.5889838149466509, 0.11416122969707188, 0.3502615011143265, -0.2544662451977212, 0.21406773158534176, 0.4804352115919447, -0.3802201153015271, -0.3802201153015271, -0.13510824807216232, 0.51337192420671, -0.14985441649638234, 0.10673207838778093, 0.7078896188617483, -0.6378001364658629, -0.751966846338885, 0.010377377573547737], [-0.2763811480683081, -0.496323983597826, -0.6252138044668413, -0.6016275060754797, 0.09661272643435657, 0.5239882335831425, -0.16933503388046273, -0.16933503388046273, 0.6283715238410841, -0.306990867142922, -0.15065897126239647, 0.5737417021050882, 0.18363483784906048, 0.23834478717184338, -0.27422179619914094, -0.012683179037995993]], "inverted": true, "swapped": false, "error_lsq": 0.041994578484674396, "error_max": 0.315881309930414, "target": "131.xyz", "model": "23.xyz", "model_rescale": 4.410303926677745, "target_rescale": 4.210710521199127},
{"mapping": [7, 11, 1, 10, 13, 12, 9, 14, 6, 2, 4, 5, 0, 15, 8, 16], "R": [[0.545304281791823, 0.7854458435521534, 0.2927764797693809], [0.0760069443045217, -0.3941683855167638, 0.9158898559742855], [0.8347851128745611, -0.4771856145209686, -0.2746410468543478]], "T": [-0.03488318981600216, 0.018152105061652202, -0.09749436624292887], "aligned_model": [[-0.3250248960196441, -0.48241943021934863, 0.034168988324311624, 0.1747458569680412, -0.5647927483644155, 0.03468369769936868, -0.1859336397462611, -0.6105267769827136, -0.2960333382838711, 0.8021355697067558, 0.625399881807361, 0.33320984371800905, 0.32431124998879235, -0.10175524128561553, 0.4120490948609319, 0.04928169748321618], [0.6023298476626727, -0.03815913603655054, 0.525978188148417, -0.2569209799683326, 0.28123347274472604, 0.5336814710791986, -0.5521482351299152, -0.30171976718281496, -0.051942899737549106, 0.3527088764274949, -0.17583832498534288, -0.041088466551022496, 0.67134896369973, -0.5833319430704671, -0.6466265756048645, 0.07713987329567491], [-0.22588849404133435, -0.5416360601452025, -0.7857383750081124, -0.6490144537393999, 0.28220377381857575, 0.5153398329648732, -0.30811551233617596, 0.058923138900502964, 0.6129881317942906, 0.045212725797468906, -0.11417823177071199, 0.40906274481826777, 0.023745187388856698, 0.28073738732833475, -0.28195982615126847, -0.1597594822462253]], "inverted": true, "swapped": false, "error_lsq": 0.04235346650024854, "error_max": 0.30003451328646413, "target": "131.xyz", "model": "24.xyz", "model_rescale": 4.28219845311461, "target_rescale": 4.210710521199127},
{"mapping": [13, 14, 12, 11, 2, 4, 10, 6, 0, 9, 5, 3, 7, 8, 5, 15], "R": [[-0.06010584459920006, 0.9911795828209711, -0.11811148142269251], [-0.9981858180200838, -0.060099973337800185, 0.0036146795670133833], [-0.003515700299128087, 0.11811446906980505, 0.992993762340814]], "T": [0.019224437529656663, 0.10064591069265837, -0.02394241512703303], "aligned_model": [[-0.1319951548262876, -0.5473549948114919, 0.012091181723734717, 0.12411093508494353, -0.619186171957468, -0.015600628936116898, -0.26288064055712834, -0.668305037609156, -0.4469446158075363, 0.6216508082316959, 0.5942576341581696, 0.6010261874486763, 0.38724956657314, 0.00397239359702848, 0.5942576341581696, -0.02284928681545531], [0.6483372337937919, 0.02768181637298399, 0.3888909001181631, -0.08699564832106212, 0.32350763599694576, 0.4493831677810877, -0.5021412968731533, -0.462092499725401, -0.05471056115901442, 0.27797815245827934, -0.5198427057869529, 0.15479149179498874, 0.771287875465448, -0.5919017295951101, -0.5198427057869529, 0.09231323825701368], [-0.19738781409868783, -0.5277366317301225, -0.7319564283822243, -0.5242088833318086, 0.08350324312212123, 0.6177881461600272, -0.4561103525547629, 0.1271398049272348, 0.6272909934142612, -0.2739612700000571, -0.12198006355126609, 0.4846048537655275, 0.1186860014961807, 0.02178720346469388, -0.12198006355126609, 0.036443748222888504]], "inverted": true, "swapped": false, "error_lsq": 0.045298650020904295, "error_max": 0.3644073626842306, "target": "131.xyz", "model": "25.xyz", "model_rescale": 4.100010024507729, "target_rescale": 4.210710521199127},
{"mapping": [11, 9, 3, 2, 8, 7, 13, 1, 12, 4, 5, 15], "R": [[0.28595588009260664, -0.0931557837695691, 0.9537039554236629], [0.9194439247844244, 0.30701268128248616, -0.24569510110857382], [-0.2699112887922187, 0.9471352667291065, 0.17344360092118602]], "T": [-0.0008644158747613696, 0.06307573214703957, 0.06777128336726401], "aligned_model": [[-0.6513406128646633, -0.019024787018452435, 0.5368818370336055, 0.6326596493582102, -0.5735402705408432, 0.10992381665719955, -0.2522848399261151, 0.6016550480085181, -0.13741250181212092, 0.10200248776135935, -0.4793013341221052, 0.00654710982841427], [-0.3380222701207103, -0.7279908043290371, -0.10389464477992708, -0.394136445411413, 0.6056162802237807, 0.7578424113098066, 0.24752637968111588, 0.32874809739633304, -0.38661406693177636, 0.6091744785366607, 0.05200301612613886, 0.0158789583496676], [-0.018618545476547788, -0.12922576056937074, 0.4763515708282797, -0.13063062190871416, 0.05246443098767967, 0.1601572926469677, 0.6591155431194224, -0.05837706363899736, -0.4957900016885972, -0.4799645670254431, -0.4902875262623835, 0.019997538842060986]], "inverted": true, "swapped": true, "error_lsq": 0.04625126825926527, "error_max": 0.2618417291839309, "target": "131.xyz", "model": "26.xyz", "model_rescale": 3.6694154284099745, "target_rescale": 4.210710521199127},
