[{"mapping": [1, 4, 0, 10, 9, 2, 5, 6, 11, 7, 3, 13], "R": [[0.5057527935885487, -0.7722292238689414, 0.3845466650227921], [-0.6163064660330786, -0.6353418263344026, -0.46530323836814613], [0.6036393390951229, -0.001670183474514808, -0.797255767482409]], "T": [-0.1456246845428543, -0.0499837151202467, 0.08306900471952851], "aligned_model": [[-0.3022030109882615, 0.14142507568524856, 0.41589340500889815, -0.02852204086221706, 0.010522532981144361, -0.5688743367731481, 0.3640302101211601, -0.22461899453412326, 0.5860016508474919, 0.23678640362200717, -0.6823070245300871, -0.11049140811756422], [-0.3030107521685199, -0.5584083955865727, -0.2014212624113026, 0.6432981191729633, 0.3546588879854038, -0.6212111866029237, -0.25704823971520946, -0.42398637978893616, 0.14674411868416648, 0.30238674847947355, -0.00418416533943082, -0.024262456732054436], [-0.5632744363766741, -0.08699286941106198, -0.5294762100308024, -0.06266141190116571, -0.744431616958813, 0.0790488268413598, 0.5544585896222475, 0.6875790268710061, -0.033977116387322995, 0.48610657458363005, 0.3655411597901154, 0.03003122871104358]], "inverted": true, "swapped": true, "error_lsq": 0.03743404287651123, "error_max": 0.21355648290408338, "target": "132.xyz", "model": "0.xyz", "model_rescale": 3.751011558992144, "target_rescale": 4.064862280894404},
{"mapping": [13, 3, 7, 1, 12, 11, 6, 10, 0, 2, 8, 9, 4, 14], "R": [[0.7113966108544563, 0.04200087347182274, 0.7015345955064494], [0.6952828395402552, -0.18758078016420238, -0.6938265085407369], [0.10245308734066183, 0.981350792296309, -0.16264681784090823]], "T": [0.06018591845291203, 0.1299986293434922, -0.015566818894438852], "aligned_model": [[0.10844361185321046, 0.23968017752738113, -0.14326079420399662, 0.270502192100488, -0.39037931052360664, -0.7364278578263402, -0.40860496710861466, -0.36799208445172354, 0.5292751892058012, 0.7465772012982895, 0.6051670775141462, -0.30290701888452054, 0.17723209980898075, 0.01667076219122915], [0.3902987647729434, -0.24706706187761635, -0.5001429241535609, -0.36688402126385083, -0.14516994138664924, 0.08428239190199871, -0.2700636663075629, 0.6834744092969129, -0.4518983268642562, 0.2483549853787287, 0.3918499446956539, 0.6068265852747123, 0.3277695245961241, 0.13341811530328523], [-0.6918930957931492, -0.6551050624546111, -0.05032428518100854, 0.425523020027583, -0.5382984289936174, -0.008674359030326678, 0.41328165141061907, 0.41196318819560324, -0.1453963491260687, -0.46120891947297, 0.2580162161360421, -0.28940662723578203, 0.7412428231759716, -0.04871121109975148]], "inverted": true, "swapped": false, "error_lsq": 0.04504886273389062, "error_max": 0.23291460879963727, "target": "132.xyz", "model": "1.xyz", "model_rescale": 3.9405287249114394, "target_rescale": 4.064862280894404},
{"mapping": [11, 10, 7, 1, 8, 5, 0, 9, 3, 6, 2, 4, 13], "R": [[-0.9441643687114624, 0.1853507016791143, 0.2723944974531344], [-0.09788676096989782, -0.9472281162182558, 0.30524920617822565], [0.3145978812428777, 0.261541608989229, 0.9124824162058235]], "T": [-0.06469604272270497, -0.12332229870659067, -0.0754099647956532], "aligned_model": [[-0.28360396260146437, 0.22354543784359876, -0.4604527782444564, 0.439653180813631, 0.5654150323315953, -0.7686652825860173, 0.07685012731072598, 0.6428534450368468, 0.005207741013322359, -0.6261255096880886, -0.03590161617101281, -0.25041191925293554, -0.032380616521813954], [0.5990408556424711, 0.37471143022780107, 0.24436903144462524, -0.18562117458169936, -0.3932652178733082, 0.03454999756669472, 0.4310603094877817, 0.4609209390693317, -0.6134871796533956, -0.5628662916059155, -0.757538989516934, -0.10713792846198558, -0.06590318817345069], [0.058565874628744574, -0.5049089042251275, -0.4509391363811262, 0.42263622625588526, -0.18063447639610375, -0.009564561378608047, 0.5459370728712063, 0.10039797060815114, -0.4286349663319407, -0.13152139857648126, 0.24458585426588692, 0.5034353867029138, -0.05623459245475634]], "inverted": true, "swapped": true, "error_lsq": 0.054111590901230626, "error_max": 0.3188555291495088, "target": "132.xyz", "model": "2.xyz", "model_rescale": 3.932901565614263, "target_rescale": 4.064862280894404},
{"mapping": [2, 0, 3, 8, 1, 10, 11, 12, 7, 4, 5, 6, 9, 13], "R": [[-0.9313207131924149, -0.36295713743047187, -0.030064024465287997], [0.35198774057926996, -0.9182169718434096, 0.1816100853494095], [-0.09352197421286826, 0.15855506616629075, 0.982910947813855]], "T": [0.018306506884312013, -0.03776892638517357, -0.042718691834339004], "aligned_model": [[0.051948452175102494, 0.20249580644740234, 0.02750534030273422, 0.0639326657697914, -0.4705500478716977, -0.6001298262233882, -0.6761978945584785, -0.16283886661472252, 0.6984186883490192, 0.6483092441702868, 0.3723027534331587, -0.10134717231755346, 0.294107762780397, -0.00398062734132815], [0.32711072545522013, -0.2904305408934087, -0.545035023053163, -0.5211392069008711, -0.10164437631179883, 0.3056317455330092, -0.38700824507676046, 0.580995890367935, -0.13656846550712864, 0.2797193665662283, 0.5560497943302798, 0.610988511554775, 0.1385284517873632, 0.06785015151518267], [-0.7910040066496067, -0.6353287994291699, -0.10000714369142065, 0.5077884843872265, -0.5956271984436234, 0.07023227416274584, 0.39705878942619127, 0.366483294192027, 0.15074608283988616, -0.5580090365806375, 0.15442508821427758, -0.22017021888555743, 0.6150395016414072, -0.0006185506252117251]], "inverted": false, "swapped": false, "error_lsq": 0.03950057149908675, "error_max": 0.2711643137625715, "target": "132.xyz", "model": "3.xyz", "model_rescale": 3.9243930471874484, "target_rescale": 4.064862280894404},
{"mapping": [10, 11, 9, 8, 1, 7, 3, 0, 4, 5, 2, 6, 13], "R": [[-0.6043507075307296, 0.4074030189704131, 0.6846772980323651], [0.7590264979319619, 0.03321760493223136, 0.6502117856204301], [0.2421549044397995, 0.9126441644235501, -0.32930476977929146]], "T": [-0.036162859181326404, -0.1315556624807266, -0.009873895602224222], "aligned_model": [[-0.08724643569180042, -0.23098214536562744, 0.5793080626457957, 0.46332077620266165, 0.6606379042182364, -0.6122027791231667, -0.11140212486701391, 0.3526752302373877, 0.1205608146507638, -0.6052574631337067, 0.23566580835648226, -0.4822317533016324, -0.005640008517027773], [-0.6002373158585803, 0.1648215667642548, -0.30696128057905253, -0.5811392643571354, 0.012409895891441619, -0.20211756441689097, -0.5112708805581347, 0.36676370689107474, 0.45568418250944775, 0.31392230429982576, 0.06333273168043346, 0.07996752710726512, -0.12734605569236215], [-0.5514623567461941, -0.6894949027907536, -0.6905377496384603, 0.16150879682416602, -0.016347825346145997, -0.31977951884811684, 0.4592438478951028, -0.5701687126967642, 0.010158979967562279, -0.06000056136838035, 0.6174895903017878, 0.5076499618542863, -0.07118923403712561]], "inverted": true, "swapped": true, "error_lsq": 0.044043366410947235, "error_max": 0.31362644334462625, "target": "132.xyz", "model": "4.xyz", "model_rescale": 3.8936222436046832, "target_rescale": 4.064862280894404},
{"mapping": [12, 10, 8, 3, 1, 0, 11, 4, 6, 7, 2, 13], "R": [[0.6694496708236983, 0.30997041748781407, -0.6750966438344014], [0.150891399540559, 0.833098099847607, 0.5321459776931499], [0.7273712420619428, -0.4581112270101414, 0.5109453785959215]], "T": [-0.04475042870894683, -0.014657798126355061, -0.028397998815249695], "aligned_model": [[0.2298139684302231, -0.4055788564842908, -0.33599183213534645, 0.29383938750101135, -0.5536264207571465, -0.6669856786158461, -0.33045079300466973, -0.10077126269701711, 0.6477355032095945, 0.16940778005748958, 0.18809169471209317, -0.10793544800099793], [-0.6565937936197911, -0.6114294422387999, 0.1783511673638612, 0.04548634013111208, 0.47843832838188255, 0.1185234622494016, -0.411770232927168, 0.3804956718004937, 0.1370694484040583, -0.5946125097077688, 0.636984920889891, -0.032020455617365114], [-0.5133585143074906, -0.19944341892024997, -0.6274867472711911, -0.5300509368079345, -0.09321105596800001, 0.5270599936512672, 0.5618186950049991, 0.43043711639625853, 0.06643099372956886, 0.1966159136953909, -0.19150399635557458, -0.008023323571525746]], "inverted": true, "swapped": true, "error_lsq": 0.04209986399512525, "error_max": 0.20606522990483034, "target": "132.xyz", "model": "5.xyz", "model_rescale": 3.6523030999806103, "target_rescale": 4.064862280894404},
{"mapping": [5, 6, 2, 4, 1, 7, 3, 11, 12, 10, 8, 9, 13], "R": [[-0.07493568236850945, -0.06798652539332234, -0.9948680695815447], [0.5042552981617516, -0.8632989132628394, 0.021013820095440283], [-0.8602971799231757, -0.5000928101104272, 0.09897445878653477]], "T": [0.08306070126919017, -0.012740755789107227, 0.07180668044572983], "aligned_model": [[0.032339234710579014, -0.19164765237211934, 0.24580953611351014, 0.5966999689656233, 0.6486827383624857, -0.27232472416535713, -0.3510191197928598, 0.33118207702873115, -0.7230993762647142, -0.14773115949326565, 0.054690191099383056, 0.5360435686752105, 0.12145762179708794], [-0.5756748860433101, -0.028794946453789712, 0.5121513752314496, -0.114582761278855, 0.377358647472033, -0.565123470517856, 0.3941569833072171, -0.7039939747471744, -0.05884861341579027, -0.23751656359816478, 0.5885765661557383, -0.010943872833055084, -0.035937579115259875], [0.5249782457282077, 0.7319794188056532, 0.5228702254914851, 0.38102694204772125, -0.11310806847302418, 0.034163586145723956, 0.19800093574111607, -0.14792838700493235, -0.19396413610238447, -0.5699105769784274, -0.27256802367417543, -0.7453090773970055, 0.019878655151831195]], "inverted": false, "swapped": true, "error_lsq": 0.048158587672058065, "error_max": 0.2827551912441893, "target": "132.xyz", "model": "6.xyz", "model_rescale": 4.08911054899281, "target_rescale": 4.064862280894404},
{"mapping": [10, 5, 4, 6, 8, 9, 3, 1, 7, 12, 13, 11, 2, 14], "R": [[0.7294356289913918, 0.6827655243348418, -0.041891549717114174], [0.38446635210371016, -0.3585534365948892, 0.8506615409233339], [0.5657820139046476, -0.6366087274659088, -0.5240420220328116]], "T": [0.02569055183770107, 0.06288189646954058, -0.040243849265502445], "aligned_model": [[-0.029737403006479212, 0.44562339420297936, -0.13349127089035925, 0.05372596095864706, -0.524543527729471, -0.6945450159647089, -0.5304264118058124, -0.16011791640475725, 0.7068238362075393, 0.5052713745965025, 0.5351481804168216, -0.07021373797595311, 0.342900332953872, -0.10244151705809641], [0.15387032323727856, -0.3834243431130958, -0.5776259331841322, -0.285279287585106, -0.09085094716720442, 0.3510127293254175, -0.42421074062183917, 0.5600397073194618, -0.22545981530332138, 0.37337212744333714, 0.5671905219267224, 0.5814866575133982, 0.1191555693155671, 0.1657722102603791], [-0.7529315413986744, -0.4929781841639647, -0.28775214643464586, 0.3163241978258811, -0.4127457200731682, 0.07288730443633784, 0.24246823378907428, 0.46597288603243353, 0.18824131592669063, -0.46638932785588566, 0.10814839218818778, -0.29789192702883166, 0.6989115956849516, -0.021256518369852102]], "inverted": false, "swapped": false, "error_lsq": 0.04615019624608968, "error_max": 0.24141693716133808, "target": "132.xyz", "model": "7.xyz", "model_rescale": 3.964800864290218, "target_rescale": 4.064862280894404},
{"mapping": [4, 12, 7, 8, 2, 0, 1, 3, 9, 11, 10, 6, 5, 13], "R": [[-0.03990562241091891, 0.17559017319367762, 0.9836542239922581], [-0.9082696595383121, 0.403949152673034, -0.10895553045576173], [-0.4164778107680598, -0.89777122538682, 0.14336338446511404]], "T": [-0.036731017864276114, 0.09275264932676894, -0.05938394379268326], "aligned_model": [[-0.061047907070119256, 0.34829822280071604, -0.16098441093396404, 0.3366923030581962, -0.5361814688171122, -0.7024070585429337, -0.5170820534335365, -0.28201309309637757, 0.6204129349457326, 0.5724334145974984, 0.5967688823701673, -0.05122483248663556, 0.1651606993272272, 0.015150645781865008], [0.22833583230816032, -0.39210350354848444, -0.6042459133056611, -0.4137632041845738, -0.09131286624375276, 0.34613377791426814, -0.3614737189011118, 0.6839913219415652, -0.1112858393182185, 0.39101788364482004, 0.3914768203023694, 0.6101118095899006, 0.1458170763655932, 0.06234930280198865], [-0.7493979178583013, -0.4922140861586209, -0.13426560350124428, 0.3822655721588107, -0.4534370630226402, 0.016988728445851697, 0.29566701058773165, 0.28155040659890523, -0.03971551158976917, -0.5359234161498032, 0.3702388664550061, -0.32136724823794466, 0.7502422811289702, -0.009623458298417861]], "inverted": false, "swapped": false, "error_lsq": 0.04359795717783393, "error_max": 0.2877641658863292, "target": "132.xyz", "model": "8.xyz", "model_rescale": 4.121658175737393, "target_rescale": 4.064862280894404},
{"mapping": [4, 11, 7, 6, 0, 1, 10, 8, 12, 9, 2, 3, 13], "R": [[0.24112583360063977, 0.14075616993182083, 0.9602322807511321], [-0.5562102723379948, -0.790763041487874, 0.25558549482030546], [0.7952914342026388, -0.5957193238790992, -0.11238336994830983]], "T": [-0.012429294903654835, 0.07931030747542828, -0.08429075986180617], "aligned_model": [[-0.5758930738310728, -0.23015209373338624, 0.3325880392666409, 0.13659353001916463, -0.710844877088038, -0.5267019341738217, 0.327174791493412, 0.09058459402460865, 0.8276271469639235, -0.308286515748994, -0.24422279460863636, 0.3994196955474382, -0.041149011696041654], [0.23428916180692827, -0.4394275999256961, -0.12322488527319753, 0.7100651198780623, -0.380496004452292, -0.017824527008405394, -0.5527119236102573, 0.019210070394658184, -0.05043345929696716, -0.7267032580844743, 0.6730097410918838, 0.4275742286057459, 0.017060775285721405], [-0.2525298341995928, -0.605046456893624, -0.6065789959069761, -0.38676559411219036, -0.2036279536045219, 0.3977753912687704, -0.05588214915521182, 0.5989057305760466, -0.09550956254028681, 0.28406437539998214, 0.23074893626829407, 0.1967941054509142, -0.08127255859251446]], "inverted": false, "swapped": true, "error_lsq": 0.040866441205826054, "error_max": 0.246004836115881, "target": "132.xyz", "model": "9.xyz", "model_rescale": 3.833441315466971, "target_rescale": 4.064862280894404},
{"mapping": [10, 12, 1, 4, 0, 13, 5, 2, 6, 11, 7, 8, 3, 14], "R": [[-0.37314629724603265, -0.7212096653139222, 0.5836252731927876], [-0.12895306763632908, -0.582637656706646, -0.8024365815032168], [0.9187670799494048, -0.3746865084909902, 0.12440688548498957]], "T": [0.07732736182439122, 0.05868338257908759, -0.07395534087905237], "aligned_model": [[-0.1371539136807085, 0.3670690278600965, -0.10754256626891244, 0.21459783948725003, -0.4417227021861205, -0.7107622972458861, -0.4261071558786252, -0.3540664718632898, 0.4499622481166447, 0.5298593338515696, 0.6103588435876347, -0.015358421715125734, 0.27694170995713896, 0.08790080447905774], [0.389075260650533, -0.2532188332777532, -0.6290421449291563, -0.3502336662551663, -0.20060519795691992, 0.17167024902105418, -0.22990644362455023, 0.40373435629794674, -0.4903509100711433, 0.3993787961439996, 0.4199018843797817, 0.7985600523974179, 0.33125690269513264, 0.12482847389568595], [-0.7954767424202671, -0.5003200111053967, -0.27008193625588917, 0.5967578938383891, -0.4305775846580578, -0.031116121782832726, 0.2734706225489793, 0.3859244702885474, 0.0707310615813562, -0.45405865645601123, 0.09725391759711485, -0.3010042813411101, 0.726156924930389, -0.006650996206677279]], "inverted": true, "swapped": false, "error_lsq": 0.04343028414113975, "error_max": 0.21959659110576077, "target": "132.xyz", "model": "10.xyz", "model_rescale": 4.2482417240324, "target_rescale": 4.064862280894404},
{"mapping": [2, 1, 0, 9, 6, 7, 4, 10, 8, 12, 3, 13], "R": [[-0.4962218942687054, -0.8311997663428295, 0.2507404635873597], [0.48536069190300435, -0.5050494376837891, -0.7136876517432019], [0.7198533395100805, -0.2324478735693547, 0.6540482823685653]], "T": [-0.06406467642811833, 0.1326966522884405, 0.012634443896946929], "aligned_model": [[-0.6780388654741124, 6.050230867737927e-05, 0.4060439828144573, 0.7144018992519052, -0.6718940200384443, 0.1742996373466942, -0.20414360456144617, 0.5628416939737197, -0.053970489352740465, 0.0626880338478461, -0.4334443969540879, -0.0020787707994614907], [-0.2256991935623058, -0.5710395089231559, -0.2466707447910472, -0.381735890347324, 0.4934255202357224, 0.7431894759660862, -0.09029479922096431, 0.294540013050413, -0.3286899821781514, 0.6715263454405939, 0.19885998487304854, 0.10872016950772402], [0.019369945509413802, 0.09595715684541586, 0.6029951491231602, -0.03452293403022741, 0.1220356959353475, 0.0702836663343189, 0.5607831171908377, -0.29782523878867484, -0.5050544832386135, -0.6325402954475956, -0.4660064305485754, 0.02971694096954932]], "inverted": true, "swapped": true, "error_lsq": 0.04558351843302987, "error_max": 0.24574017524316422, "target": "132.xyz", "model": "11.xyz", "model_rescale": 3.6694154284099745, "target_rescale": 4.064862280894404},
{"mapping": [8, 3, 1, 0, 2, 10, 12, 7, 4, 11, 6, 9, 5, 13], "R": [[0.7685467303450602, -0.6232671503344795, -0.1444783118321061], [-0.005666002431138406, -0.23244173937807328, 0.9725938176913046], [-0.6397685672900539, -0.746665184074384, -0.1821737719837807]], "T": [0.020545662088692494, 0.10066885934995083, 0.01598678737698507], "aligned_model": [[-0.04953533941411334, 0.2060424772449677, -0.06786891390099435, 0.3346413099788231, -0.38316397021236615, -0.5638937200837495, -0.5030161516483628, -0.2056032630279522, 0.6115732852161023, 0.5216425773863237, 0.4742054777592989, -0.12564561828919033, 0.024699347459594758, 0.0698987800323419], [0.2085879978600806, -0.3955895874266121, -0.7247262529599862, -0.3868442259045349, -0.22480061973690363, 0.338454709141785, -0.17699006439118625, 0.7290082197201112, -0.270884160790451, 0.5054995070287244, 0.27783959083673054, 0.7871956141355081, 0.2232168905274139, -0.004918838673816137], [-0.7296940854383803, -0.6626643646688307, -0.14948002327999388, 0.4336143488568162, -0.3807520742972814, -0.05761542395604553, 0.3484879896752139, 0.3418880459626928, -0.22960098038680815, -0.3446275177833316, 0.30349006910403076, -0.3738790759595935, 0.8094195314889541, 0.05242212124109191]], "inverted": false, "swapped": false, "error_lsq": 0.05247737867286153, "error_max": 0.29059550605637724, "target": "132.xyz", "model": "12.xyz", "model_rescale": 3.9764082729961374, "target_rescale": 4.064862280894404},
{"mapping": [12, 1, 0, 7, 9, 6, 4, 14, 2, 10, 11, 13, 3, 15], "R": [[-0.8897873985041257, -0.3892063035099095, 0.2383208735537293], [0.2523007640043623, 0.015638909440135462, 0.9675224798392741], [-0.38029292650018554, 0.921017848806241, 0.08428174318468407]], "T": [-0.03944565908889369, 0.05369813918475216, -0.10149087929016698], "aligned_model": [[-0.026088561536120367, 0.40421332607290084, -0.1398365410691329, 0.0793226050835932, -0.18709361553596798, -0.6782313410639638, -0.5146015344345083, -0.15138204859119056, 0.5092624130353656, 0.5985866778739413, 0.41417974599375923, -0.19994878939810823, 0.3015239288701146, -0.06592998679995889], [0.26599508380404613, -0.11181247030647992, -0.6652612644939759, -0.4784268402663358, -0.3353146163412232, 0.40921939747776037, -0.30173052219866436, 0.6859389060079736, -0.5250943298016133, 0.4035565836591768, 0.6649729821984156, 0.6239758458137573, 0.20227594003173377, 0.04675408378229211], [-0.703126259066445, -0.5246876671939069, -0.0902223310509982, 0.42174024038126834, -0.535505030571796, 0.12035657529210317, 0.3031831655545246, 0.3744817008518453, -0.08814009892100716, -0.44304717739919736, 0.12458821508087534, -0.2547965499935192, 0.653563969377233, 0.0026198082175542398]], "inverted": false, "swapped": false, "error_lsq": 0.04083894365772796, "error_max": 0.29307609416493197, "target": "132.xyz", "model": "13.xyz", "model_rescale": 4.170626492500431, "target_rescale": 4.064862280894404},
{"mapping": [1, 7, 8, 12, 0, 2, 4, 6, 10, 9, 11, 3, 5, 13], "R": [[-0.006747969748452598, 0.11744016164416177, -0.9930570342821543], [0.9665363438066051, 0.2554380842898684, 0.0236406682494934], [0.25644095032820813, -0.9596661885923228, -0.11523387291699552]], "T": [-0.04357509477146246, 0.06058333441372668, -0.08118561050946413], "aligned_model": [[0.07338896718680703, 0.13165454107852506, -0.007867991281284459, 0.2652281125924453, -0.390441428131433, -0.677804419580158, -0.462015641877459, -0.20424103189394732, 0.4526817676452338, 0.6406482127891837, 0.43843433923204767, -0.09750346902289381, 0.1844309899466414, -0.0026166701829845596], [0.2570881790120293, -0.4694599669581775, -0.6800731866266321, -0.33892305079108986, -0.08522593107163509, 0.23575474303990845, -0.34374219784295834, 0.6310358869498208, -0.2043021818433257, 0.33147060345087, 0.49189539890778633, 0.7343858455429415, 0.20902272710162936, 0.11612191049569565], [-0.8150246420109001, -0.6692149263428346, -0.03984297627241959, 0.4486646971138467, -0.5440914447867086, -0.08174093831365573, 0.32438991031989195, 0.5156892582726752, -0.12469531926969837, -0.4199554310783078, 0.20393972979657352, -0.2174042247897655, 0.7866846565156221, -0.006389788595785539]], "inverted": true, "swapped": false, "error_lsq": 0.040873668829599266, "error_max": 0.2778210842441947, "target": "132.xyz", "model": "14.xyz", "model_rescale": 3.9786697098870705, "target_rescale": 4.064862280894404},
{"mapping": [11, 7, 9, 0, 10, 8, 6, 3, 1, 4, 12, 13], "R": [[0.5210567965615902, -0.2977489587723563, -0.7999033518538043], [0.8049390795222189, -0.1402524993042726, 0.5765434196110713], [-0.28385364717561123, -0.9442853350491485, 0.16659025480567868]], "T": [-0.018154740672644214, -0.030939440675114692, 0.11065259459675585], "aligned_model": [[-0.08987749474488463, -0.5578776104914916, 0.6440188179276526, 0.4974705479113505, -0.06762712938076751, 0.3926105795034421, -0.48957310281187033, -0.19853867148670856, 0.6875404537950923, 0.21266621610166142, -0.5671262925675912, 0.019668283011451917], [-0.4342933703749813, -0.08555309067113018, 0.14910408270757117, -0.5308839998714197, 0.3547380311509417, 0.5056080326922474, -0.24126038769699515, 0.38810496717298476, -0.06926762364618497, -0.5813387945025165, 0.5977809619076294, -0.03806431864370753], [-0.5372981625138534, -0.2615825994936146, -0.5233705726812332, -0.3339073397648483, -0.49299917234157337, 0.26676154667710733, 0.6057084380666067, 0.5128707853338498, 0.19326337193986326, 0.22725662028746005, -0.05057712555213646, 0.053840703916202236]], "inverted": false, "swapped": true, "error_lsq": 0.04552458555589004, "error_max": 0.2593590415140602, "target": "132.xyz", "model": "15.xyz", "model_rescale": 3.769337070930944, "target_rescale": 4.064862280894404},
{"mapping": [4, 2, 11, 7, 0, 1, 9, 8, 10, 12, 13], "R": [[0.7767180413742412, 0.04930794217109459, -0.6279154489599814], [-0.08248614199588723, 0.9963080516558807, -0.02379711294039418], [0.6244238308892425, 0.07027796983774887, 0.7779176604069917]], "T": [-0.20098199541713607, -0.05646118979615845, -0.006297084357217774], "aligned_model": [[-0.17940747892259573, -0.2735794279965351, -0.12754574096516164, -0.5582378901362153, 0.29620574634152974, 0.388189023327901, 0.6716471584207708, 0.24503297888138076, 0.07805382564185742, -0.46978734615079437, -0.14794471775096701], [-0.1168882255977641, -0.7299813225867143, 0.6521995898482634, 0.47153642809230234, 0.2977407093430038, -0.35038992045348044, 0.275823906071529, -0.44994163449611935, 0.43078199221279895, 0.1298599924815442, -0.014677017290021535], [-0.6110262594177271, -0.222068949132033, -0.2892913345144762, 0.15627353993713905, -0.5900717839015187, -0.27607979248185577, 0.025005369268436873, 0.35038922978463855, 0.44127768861162686, 0.7783571277162528, -0.01854722864670638]], "inverted": false, "swapped": true, "error_lsq": 0.0426987424465158, "error_max": 0.18581385523805452, "target": "132.xyz", "model": "16.xyz", "model_rescale": 3.7852294659196426, "target_rescale": 4.064862280894404},
{"mapping": [4, 11, 9, 0, 5, 7, 12, 10, 1, 2, 3, 8, 13], "R": [[-0.6105237733509254, 0.63387141739848, 0.4748344431258013], [-0.09090276390753671, 0.5394946532390925, -0.8370676236961992], [-0.7867638843308191, -0.5542134474475274, -0.2717536475946701]], "T": [-0.031519680903250205, 0.17303031180707576, -0.07705757651875124], "aligned_model": [[0.0447680435077097, -0.4430624101167094, 0.391339674122392, 0.11851594301353201, -0.6467473221344021, -0.6556713509666133, -0.3813393435999902, -0.16610298152782033, 0.61104731892022, 0.3733911918784813, 0.07623581414081022, 0.5512241946608967, -0.01983292168222377], [-0.20840234905299618, -0.45228504109031553, -0.4139723358097209, -0.6576519108884011, 0.040234572467913315, 0.15573410687416114, 0.722962738109679, 0.06327459269044969, -0.12542887479531725, 0.443908248937152, 0.7715077986713407, 0.41949924666264093, 0.11567483092628791], [-0.5445012307921925, 0.08814539306288836, 0.5141215217457376, -0.10712237637694509, -0.43579454260114625, 0.13025378530907739, 0.46870305064733064, 0.6196712821921406, -0.14285318661893198, -0.5948698807362351, -0.06567767278621124, 0.20692126776287778, -0.04124271366521592]], "inverted": true, "swapped": true, "error_lsq": 0.044073999181915235, "error_max": 0.28813059779879113, "target": "132.xyz", "model": "17.xyz", "model_rescale": 3.901054581598922, "target_rescale": 4.064862280894404},
{"mapping": [13, 3, 7, 1, 12, 11, 6, 10, 0, 2, 8, 9, 4, 14], "R": [[0.7113966108544563, 0.04200087347182274, 0.7015345955064494], [0.6952828395402552, -0.18758078016420238, -0.6938265085407369], [0.10245308734066183, 0.981350792296309, -0.16264681784090823]], "T": [0.06018591845291203, 0.1299986293434922, -0.015566818894438852], "aligned_model": [[0.10844361185321046, 0.23968017752738113, -0.14326079420399662, 0.270502192100488, -0.39037931052360664, -0.7364278578263402, -0.40860496710861466, -0.36799208445172354, 0.5292751892058012, 0.7465772012982895, 0.6051670775141462, -0.30290701888452054, 0.17723209980898075, 0.01667076219122915], [0.3902987647729434, -0.24706706187761635, -0.5001429241535609, -0.36688402126385083, -0.14516994138664924, 0.08428239190199871, -0.2700636663075629, 0.6834744092969129, -0.4518983268642562, 0.2483549853787287, 0.3918499446956539, 0.6068265852747123, 0.3277695245961241, 0.13341811530328523], [-0.6918930957931492, -0.6551050624546111, -0.05032428518100854, 0.425523020027583, -0.5382984289936174, -0.008674359030326678, 0.41328165141061907, 0.41196318819560324, -0.1453963491260687, -0.46120891947297, 0.2580162161360421, -0.28940662723578203, 0.7412428231759716, -0.04871121109975148]], "inverted": true, "swapped": false, "error_lsq": 0.04504886273389062, "error_max": 0.23291460879963727, "target": "132.xyz", "model": "18.xyz", "model_rescale": 3.9405287249114394, "target_rescale": 4.064862280894404},
{"mapping": [3, 12, 4, 7, 1, 6, 8, 5, 13, 14, 11, 2, 9, 15], "R": [[0.12814967776426966, 0.4264315460498676, 0.8953958882094746], [0.9914422177506015, -0.07775124403815348, -0.10486692954544274], [0.024899577319368316, 0.9011719484005478, -0.432746034603759]], "T": [0.05396895794000714, -0.01632277173486338, -0.1064524051084704], "aligned_model": [[0.08358973029532726, 0.2200784872161988, -0.055930406544980465, 0.12282800908418579, -0.42558246548578293, -0.649203667175531, -0.4960829665743327, -0.2846723304124945, 0.6947401283609771, 0.6954676129720206, 0.4941314690833113, -0.3652013886577049, 0.2650305714408774, 0.04478349489865198], [0.24737515754620668, -0.3086881206054465, -0.7389787653964165, -0.4199770975948207, 0.049221368560939005, 0.21313183045050152, -0.10310206518021629, 0.4992746024784176, -0.12442148183135503, 0.22527697773466956, 0.47826275652426953, 0.7437724778301266, 0.10171444131643631, 0.022186697533551153], [-0.9157821319886311, -0.5389673635466927, -0.08759841012311649, 0.4662143088110743, -0.5550656259821105, -0.0007060084024874957, 0.4055870368324347, 0.45099182374872704, 0.06400821029808618, -0.46679668316011713, 0.17789829547176642, -0.1497734754430798, 0.6219225385833254, -0.11092395454064449]], "inverted": false, "swapped": false, "error_lsq": 0.042623986178158595, "error_max": 0.24615040980175878, "target": "132.xyz", "model": "19.xyz", "model_rescale": 4.410303926677745, "target_rescale": 4.064862280894404},
{"mapping": [4, 12, 7, 8, 2, 0, 1, 3, 9, 11, 10, 6, 5, 13], "R": [[-0.03990562241091891, 0.17559017319367762, 0.9836542239922581], [-0.9082696595383121, 0.403949152673034, -0.10895553045576173], [-0.4164778107680598, -0.89777122538682, 0.14336338446511404]], "T": [-0.036731017864276114, 0.09275264932676894, -0.05938394379268326], "aligned_model": [[-0.061047907070119256, 0.34829822280071604, -0.16098441093396404, 0.3366923030581962, -0.5361814688171122, -0.7024070585429337, -0.5170820534335365, -0.28201309309637757, 0.6204129349457326, 0.5724334145974984, 0.5967688823701673, -0.05122483248663556, 0.1651606993272272, 0.015150645781865008], [0.22833583230816032, -0.39210350354848444, -0.6042459133056611, -0.4137632041845738, -0.09131286624375276, 0.34613377791426814, -0.3614737189011118, 0.6839913219415652, -0.1112858393182185, 0.39101788364482004, 0.3914768203023694, 0.6101118095899006, 0.1458170763655932, 0.06234930280198865], [-0.7493979178583013, -0.4922140861586209, -0.13426560350124428, 0.3822655721588107, -0.4534370630226402, 0.016988728445851697, 0.29566701058773165, 0.28155040659890523, -0.03971551158976917, -0.5359234161498032, 0.3702388664550061, -0.32136724823794466, 0.7502422811289702, -0.009623458298417861]], "inverted": false, "swapped": false, "error_lsq": 0.04359795717783393, "error_max": 0.2877641658863292, "target": "132.xyz", "model": "20.xyz", "model_rescale": 4.121658175737393, "target_rescale": 4.064862280894404},
{"mapping": [5, 6, 2, 4, 1, 7, 3, 11, 12, 10, 8, 9, 13], "R": [[-0.07493568236850945, -0.06798652539332234, -0.9948680695815447], [0.5042552981617516, -0.8632989132628394, 0.021013820095440283], [-0.8602971799231757, -0.5000928101104272, 0.09897445878653477]], "T": [0.08306070126919017, -0.012740755789107227, 0.07180668044572983], "aligned_model": [[0.032339234710579014, -0.19164765237211934, 0.24580953611351014, 0.5966999689656233, 0.6486827383624857, -0.27232472416535713, -0.3510191197928598, 0.33118207702873115, -0.7230993762647142, -0.14773115949326565, 0.054690191099383056, 0.5360435686752105, 0.12145762179708794], [-0.5756748860433101, -0.028794946453789712, 0.5121513752314496, -0.114582761278855, 0.377358647472033, -0.565123470517856, 0.3941569833072171, -0.7039939747471744, -0.05884861341579027, -0.23751656359816478, 0.5885765661557383, -0.010943872833055084, -0.035937579115259875], [0.5249782457282077, 0.7319794188056532, 0.5228702254914851, 0.38102694204772125, -0.11310806847302418, 0.034163586145723956, 0.19800093574111607, -0.14792838700493235, -0.19396413610238447, -0.5699105769784274, -0.27256802367417543, -0.7453090773970055, 0.019878655151831195]], "inverted": false, "swapped": true, "error_lsq": 0.048158587672058065, "error_max": 0.2827551912441893, "target": "132.xyz", "model": "21.xyz", "model_rescale": 4.08911054899281, "target_rescale": 4.064862280894404},
{"mapping": [15, 2, 13, 7, 14, 9, 12, 5, 0, 1, 8, 11, 6, 16], "R": [[-0.6444643741013077, -0.6403885913506047, -0.4178135021540088], [-0.7516534861837558, 0.630839683016006, 0.19250540522299953], [0.14029507198050828, 0.43811385095686395, -0.8879040186741644]], "T": [0.011037947120821028, 0.020772645172607934, -0.05795790088228202], "aligned_model": [[-0.13005917815568024, 0.29700848971077637, -0.08045154147261879, 0.03893988507531641, -0.5007902009102323, -0.6523771228971198, -0.5736019500053997, -0.2759919544135269, 0.6771767727159621, 0.6484682514567406, 0.3821198456549954, 0.0594195445934383, 0.4198068443197193, 0.03430859282835312], [0.30077968112460873, -0.13444382731923202, -0.6273883020896589, -0.3816350455714961, -0.16442830605305225, 0.2509388769679364, -0.37626092387861, 0.562343892871896, -0.3153023295797891, 0.348774062989197, 0.5715256154832598, 0.7476688665731627, 0.12232992236703374, -0.019853404518393507], [-0.7161331654966973, -0.7024596656674912, 0.03285523665425452, 0.5277772955143616, -0.3978919246211191, 0.06225674954248246, 0.15541979656705013, 0.2913893092665703, 0.15034974314255006, -0.39868661744512734, 0.14136948894244844, -0.29284965169111854, 0.5569878176027073, -0.049375851752337295]], "inverted": false, "swapped": false, "error_lsq": 0.04395510470251387, "error_max": 0.2867110808559284, "target": "132.xyz", "model": "22.xyz", "model_rescale": 4.204369325754507, "target_rescale": 4.064862280894404},
{"mapping": [3, 12, 4, 7, 1, 6, 8, 5, 13, 14, 11, 2, 9, 15], "R": [[0.12814967776426966, 0.4264315460498676, 0.8953958882094746], [0.9914422177506015, -0.07775124403815348, -0.10486692954544274], [0.024899577319368316, 0.9011719484005478, -0.432746034603759]], "T": [0.05396895794000714, -0.01632277173486338, -0.1064524051084704], "aligned_model": [[0.08358973029532726, 0.2200784872161988, -0.055930406544980465, 0.12282800908418579, -0.42558246548578293, -0.649203667175531, -0.4960829665743327, -0.2846723304124945, 0.6947401283609771, 0.6954676129720206, 0.4941314690833113, -0.3652013886577049, 0.2650305714408774, 0.04478349489865198], [0.24737515754620668, -0.3086881206054465, -0.7389787653964165, -0.4199770975948207, 0.049221368560939005, 0.21313183045050152, -0.10310206518021629, 0.4992746024784176, -0.12442148183135503, 0.22527697773466956, 0.47826275652426953, 0.7437724778301266, 0.10171444131643631, 0.022186697533551153], [-0.9157821319886311, -0.5389673635466927, -0.08759841012311649, 0.4662143088110743, -0.5550656259821105, -0.0007060084024874957, 0.4055870368324347, 0.45099182374872704, 0.06400821029808618, -0.46679668316011713, 0.17789829547176642, -0.1497734754430798, 0.6219225385833254, -0.11092395454064449]], "inverted": false, "swapped": false, "error_lsq": 0.042623986178158595, "error_max": 0.24615040980175878, "target": "132.xyz", "model": "23.xyz", "model_rescale": 4.410303926677745, "target_rescale": 4.064862280894404},
{"mapping": [9, 11, 1, 0, 10, 4, 3, 5, 7, 14, 6, 15, 12, 16], "R": [[-0.19825265779865475, -0.9797644338199349, -0.027523406352986834], [0.5782272264914101, -0.09423663025982501, -0.8104151603106424], [0.7914222376328712, -0.17658174237099133, 0.5852091335936273]], "T": [0.06139305907774084, 0.08745407696233384, -0.09312319808382358], "aligned_model": [[-0.06730060137883506, 0.3008032002873831, -0.03717654615673917, 0.006733314076781613, -0.39017634856264266, -0.5957010243778488, -0.6085112847904915, -0.12830071877839896, 0.48070321500432467, 0.5090278100201837, 0.48840996132133885, 0.029657224076368643, 0.36783328973486745, -0.012025211975567898], [0.3058886811388362, -0.21032672800493415, -0.7643670132638695, -0.25200844444217263, -0.1436073382874602, 0.2058506210281076, -0.4253633157006502, 0.5081396104142953, -0.39627176518474627, 0.4139747471424393, 0.6657779735787231, 0.7686238207373973, 0.20665913835889202, 0.0020787918520051574], [-0.6659619616856998, -0.597831889399703, -0.12506396733094616, 0.5793077053733959, -0.50114236275834, 0.07448944115346734, 0.21912266094856264, 0.3342431389326013, 0.08609510304142343, -0.4819128220560528, 0.15405310652589124, -0.3036340238789093, 0.6404027886105452, -0.05115835691770175]], "inverted": true, "swapped": false, "error_lsq": 0.03882316440632318, "error_max": 0.22318262043548562, "target": "132.xyz", "model": "24.xyz", "model_rescale": 4.28219845311461, "target_rescale": 4.064862280894404},
{"mapping": [12, 11, 5, 1, 9, 7, 3, 4, 8, 14, 2, 13, 0, 15], "R": [[-0.6599868172134606, 0.7427523160093747, 0.11285565190612291], [0.7381533958266762, 0.669054794735981, -0.08657508804697185], [-0.13981046217645024, 0.026166365882641852, -0.9898324888396537]], "T": [0.06873857964074785, 0.0767547048202872, -0.0646570053328166], "aligned_model": [[0.04013500631991439, 0.20518640060134746, 0.03139365250803265, 0.023542044657496118, -0.44908426844875476, -0.6528712197893601, -0.5109694551410048, -0.24872859519993545, 0.4967369440993295, 0.647443386359947, 0.396874643370427, -0.11748253291975906, 0.38806281875985943, 0.0937374533231847], [0.2985517469376059, -0.1398527576998432, -0.7682119934803668, -0.3616129852303942, -0.16671634011314862, 0.3679381527231783, -0.2422651520058657, 0.3758677871306263, -0.45155854551618857, 0.37161655075926603, 0.652586031220032, 0.5959600929808218, 0.2554279232725536, 0.09731826838858644], [-0.7956890210026586, -0.5452194576574743, -0.16424272767535497, 0.39974415787826817, -0.4244556047663973, -0.07078095700216458, 0.3380963561924768, 0.5221943641937402, 0.075516339025201, -0.4625286723112294, 0.1071714894072057, -0.28525600596246636, 0.6644946135741946, 0.001963686665193365]], "inverted": false, "swapped": false, "error_lsq": 0.03937985993970412, "error_max": 0.2354345611581534, "target": "132.xyz", "model": "25.xyz", "model_rescale": 4.100010024507729, "target_rescale": 4.064862280894404},
{"mapping": [2, 1, 0, 9, 6, 7, 4, 10, 8, 12, 3, 13], "R": [[-0.4962218942687054, -0.8311997663428295, 0.2507404635873597], [0.48536069190300435, -0.5050494376837891, -0.7136876517432019], [0.7198533395100805, -0.2324478735693547, 0.6540482823685653]], "T": [-0.06406467642811833, 0.1326966522884405, 0.012634443896946929], "aligned_model": [[-0.6780388654741124, 6.050230867737927e-05, 0.4060439828144573, 0.7144018992519052, -0.6718940200384443, 0.1742996373466942, -0.20414360456144617, 0.5628416939737197, -0.053970489352740465, 0.0626880338478461, -0.4334443969540879, -0.0020787707994614907], [-0.2256991935623058, -0.5710395089231559, -0.2466707447910472, -0.381735890347324, 0.4934255202357224, 0.7431894759660862, -0.09029479922096431, 0.294540013050413, -0.3286899821781514, 0.6715263454405939, 0.19885998487304854, 0.10872016950772402], [0.019369945509413802, 0.09595715684541586, 0.6029951491231602, -0.03452293403022741, 0.1220356959353475, 0.0702836663343189, 0.5607831171908377, -0.29782523878867484, -0.5050544832386135, -0.6325402954475956, -0.4660064305485754, 0.02971694096954932]], "inverted": true, "swapped": true, "error_lsq": 0.04558351843302987, "error_max": 0.24574017524316422, "target": "132.xyz", "model": "26.xyz", "model_rescale": 3.6694154284099745, "target_rescale": 4.064862280894404},
{"mapping": [1, 7, 8, 10, 5, 0, 4, 2, 9, 3, 12, 6, 11, 13], "R": [[-0.9179109287038104, -0.14027513494773808, -0.37116359396026777], [-0.1889838093285499, 0.9770675771828953, 0.09810234161128624], [0.3488905942810424, 0.16019312136712074, -0.923370736534833]], "T": [0.020597155721496313, -0.00806105582134542, -0.05006701587859334], "aligned_model": [[-0.2969019056754506, 0.2743111161741849, -0.021463574179659398, 0.02586539853151848, -0.45564741410529075, -0.6057765709065047, -0.6130493638894255, -0.2407729932363363, 0.6403804625700343, 0.6653298107417028, 0.5398411597402671, 0.07166146841740746, 0.36354314963530243, -0.0033444653170261116], [0.47550501384203625, -0.20216721036660898, -0.6456245784356672, -0.30472547903475117, -0.19780767687298964, 0.19226952009594767, -0.3457109616265546, 0.44543685940996997, -0.25383952054985187, 0.2314594298781938, 0.5388443035567656, 0.6562349871630452, 0.2656696924371349, 0.029504399870193147], [-0.7171538587844598, -0.5923589591688339, -0.04002500104846942, 0.4732428211298358, -0.6526994322246876, -0.11682746881247814, 0.34995198289974633, 0.3837012774738529, 0.0924992294179076, -0.4740728658552122, 0.19694109235169005, -0.21527486995510647, 0.6872490574315686, -0.014164444296819664]], "inverted": true, "swapped": false, "error_lsq": 0.04526743670910393, "error_max": 0.3261718819383916, "target": "132.xyz", "model": "27.xyz", "model_rescale": 4.103607728864725, "target_rescale": 4.064862280894404},
