[{"mapping": [7, 6, 9, 2, 10, 4, 12, 5, 11, 3, 0, 14], "R": [[-0.7211797977453176, -0.6534195305000482, -0.23009262588166396], [0.20799868742689434, -0.5210619946506378, 0.8277867743322478], [-0.6607845680346294, 0.5491241343191857, 0.5116897885980265]], "T": [-0.022229156482017655, -0.17726522876272793, -0.0637275699254768], "aligned_model": [[-0.35451192832329603, 0.007238983726453853, 0.5869035684417973, -0.2809156230706085, 0.07718165331415328, -0.6043329628540142, 0.36973538258179306, -0.1901869808721863, 0.581190701533349, 0.10039592252579879, -0.44962933366243746, -0.005426920880253719], [-0.2505987960510274, -0.7552138115287022, -0.19494167539023893, 0.646602499759573, 0.35618896955686824, -0.5354027172408348, -0.46991787512294764, -0.49266740621532806, 0.3280119457719592, 0.3608122971297974, 0.10154178551983711, -0.04086018021189888], [-0.47680297781309516, 0.13962399010913273, -0.5814835403335442, -0.06077935565180577, -0.6951436632362314, 0.0078953487383253, 0.4905958492522112, 0.6930311527393939, -0.11639033776524312, 0.40929274502173985, 0.39494179391424356, -0.022829259621564298]], "inverted": true, "swapped": true, "error_lsq": 0.04812468181861748, "error_max": 0.27570177612671365, "target": "133.xyz", "model": "0.xyz", "model_rescale": 3.751011558992144, "target_rescale": 4.145391358157874},
{"mapping": [12, 3, 13, 9, 7, 11, 6, 0, 1, 8, 2, 5, 10, 4, 14], "R": [[-0.15948404882633033, -0.4236564133357697, 0.8916726314121302], [-0.9866520249097179, 0.09850903212450146, -0.12966785388618113], [-0.03290318998995018, -0.9004505616797438, -0.43371207737290407]], "T": [0.040522980292378545, 0.05920067504586907, -0.01848469412573717], "aligned_model": [[-0.21733040116666003, -0.6624151316727525, -0.20443699698324183, 0.3719342110557497, -0.28861911317480066, 0.40853874116294975, 0.2596657328418909, -0.6445514308411678, -0.13188583841965112, 0.0992609517071299, -0.4790014051373468, 0.1923331572970461, 0.8587090536456798, 0.5480080015725499, 0.04512659789269946], [-0.45655114231150223, -0.020273619576918894, 0.26849965351195126, 0.07040235809510324, -0.4879147774684918, -0.5973206428805695, -0.5635441219803636, 0.07376690496079064, -0.08761355211020644, 0.6453924369728739, 0.6807413362716439, 0.5616496315420565, 0.05447260379115827, 0.2604305251034278, 0.02753302004769291], [-0.48697887833715264, -0.3065259008199922, -0.6694000077009834, -0.58789732109766, 0.16042083324916864, -0.2835792957034814, 0.3391339813540544, 0.30703856872282764, 0.6406103911015183, 0.2870432442086594, -0.1843753851695731, -0.35698840646775026, -0.07328380763843723, 0.5538259475120756, -0.06297939915087467]], "inverted": false, "swapped": false, "error_lsq": 0.04601440006088501, "error_max": 0.3197091510553229, "target": "133.xyz", "model": "1.xyz", "model_rescale": 3.9405287249114394, "target_rescale": 4.145391358157874},
{"mapping": [10, 2, 11, 4, 0, 9, 7, 1, 5, 12, 6, 8, 14], "R": [[0.5598967233556704, 0.6559284502669362, 0.5062346563659973], [0.6731502020403857, -0.7163379913716208, 0.18365371657186746], [0.4830988146006693, 0.23794484707193675, -0.8426136630053781]], "T": [-0.07471341531796985, -0.08138298105519465, 0.012030893784639313], "aligned_model": [[-0.2230737027669347, 0.3310897413967536, -0.5625139753618192, 0.4260927169164147, 0.499168473523282, -0.7851724918821136, 0.12341137386203252, 0.5186418342053507, 0.21217411879354578, -0.36516548684654226, -0.16395682393275646, -0.4606760892113517, -0.05403640941192964], [0.7374873988101238, 0.4799704584151366, 0.2579733366436816, -0.33822921523982086, -0.2117369776801336, 0.2558317442056125, 0.19705665737365896, 0.4272918008079685, -0.8443741330971946, -0.7119878283765895, -0.6189808220060526, -0.14939825496440465, -0.02207157131996912], [-0.012108281599766013, -0.5036158147854669, -0.5067000755321669, 0.4063155300890572, -0.34074277475660686, 0.15680833618016338, 0.4239033022065458, 0.08490302919690537, -0.17747418087596914, -0.24199931117829374, 0.29357834626972934, 0.6471241910514708, -0.11687194667695835]], "inverted": true, "swapped": true, "error_lsq": 0.05446382182704553, "error_max": 0.2998888711284592, "target": "133.xyz", "model": "2.xyz", "model_rescale": 3.932901565614263, "target_rescale": 4.145391358157874},
{"mapping": [11, 13, 9, 3, 10, 7, 8, 2, 0, 1, 6, 5, 4, 14], "R": [[-0.4971754747065809, 0.4530887118086744, -0.7399507865945154], [-0.7034150849971557, 0.2887970276921474, 0.6494640059269071], [0.5079603976184861, 0.843390120897641, 0.1751266353914575]], "T": [0.1109231362776703, -0.09044682272745475, 0.023472057402064095], "aligned_model": [[-0.2401275330282049, 0.44594863826258996, 0.16664957688496035, -0.27880604873929304, -0.4992620876853692, 0.021319211448447714, 0.6142208157497141, -0.7330401997752539, -0.16284683544782258, -0.4688454078095215, 0.7084073877721503, 0.5224697091989017, 0.33062259716495557, -0.006899911943550566], [0.08297322824916012, -0.041044573894023106, -0.4864986024330894, 0.5119512002717218, -0.5486156585005876, -0.559094430159664, -0.6200136091519559, 0.06702469742577849, 0.3427616883937062, -0.36170445615093566, -0.030301896761903924, 0.5284322630365251, -0.2067056057838546, -0.015667606190388955], [-0.6612781370256211, -0.47565764205136574, -0.6689612822349933, -0.09289089399465705, -0.309540681219774, 0.2658797756342564, -0.1288014593735474, 0.11628381206190222, 0.4797200562642579, 0.47780515718291056, 0.14853184180029927, 0.4081670328901996, 0.6641382628258994, -0.009499479702669476]], "inverted": true, "swapped": true, "error_lsq": 0.05110005022704761, "error_max": 0.35188146165038775, "target": "133.xyz", "model": "3.xyz", "model_rescale": 3.9243930471874484, "target_rescale": 4.145391358157874},
{"mapping": [0, 3, 5, 4, 6, 1, 7, 12, 13, 11, 8, 10, 14], "R": [[0.44408890478483726, -0.6706721260911689, 0.5941245188774447], [0.7454994134412171, 0.6444090695209261, 0.17019863594628304], [-0.4970067094172925, 0.36733615450092216, 0.7861605945293046]], "T": [-0.00029107193671015774, -0.060494971046554644, -0.03919425970439275], "aligned_model": [[-0.10453045851495377, -0.33115393471381216, 0.5617424522509369, 0.3487921172054371, 0.6126004699300603, -0.4847328116496197, -0.08581746043396986, 0.47858073927482503, 0.21090761120255946, -0.47956781722221153, 0.38543771805687255, -0.722353563856252, -0.11269917521852038], [-0.4521838684243272, 0.10773700402943616, -0.20155829445082296, -0.6519217007479838, -0.04360080993749152, -0.6734158696377601, -0.41633212977594725, 0.3476186525872447, 0.49446641295306537, 0.5590419692467591, 0.06683392202674156, 0.027327309986816248, -0.03618304417414289], [-0.5928148933055283, -0.6641265126902907, -0.6430084572225061, -0.014853039991421624, -0.02121266340018954, 0.036799206159726844, 0.3513004246298269, -0.4273711304546497, 0.066759053391439, -0.1322624944041158, 0.5868547902237624, 0.3658429958882087, -0.12483696345329785]], "inverted": false, "swapped": true, "error_lsq": 0.05000092848981039, "error_max": 0.3434477151162199, "target": "133.xyz", "model": "4.xyz", "model_rescale": 3.8936222436046832, "target_rescale": 4.145391358157874},
{"mapping": [8, 12, 9, 7, 11, 3, 0, 2, 1, 4, 10, 14], "R": [[-0.9359553613156729, -0.26608591864296705, 0.23062056613488996], [-0.34052609494154074, 0.8506623004675141, -0.40051919957373083], [-0.08960770217070396, -0.45340041295001665, -0.8867911395861154]], "T": [-0.10879222343920397, -0.18721183886473153, -0.08370698138244], "aligned_model": [[0.09042547321900118, -0.7084924194143738, -0.28549135091460814, 0.40938904589074215, -0.6260491145466431, -0.5582001744339131, -0.07705237324845654, -0.015790338673713378, 0.49014316940466734, 0.3604628513679108, 0.11290876134030722, -0.16470548777582356], [-0.4241435841161204, -0.6192587090681845, 0.18294040249947124, -0.12044886673020355, 0.3973254303372869, 0.06409106076809029, -0.2681237073930871, 0.4516117763738123, 0.15177649015926725, -0.6519128134030079, 0.5931909772623587, -0.08812555157987617], [-0.7627595690275064, -0.09956261914104705, -0.7701406014755812, -0.19968897491006965, -0.19752879293585623, 0.42931533630357616, 0.5969013490347431, 0.4898263237600015, 0.29377698111721, 0.10626623661167676, -0.27068904370300484, 0.003568093641376266]], "inverted": false, "swapped": true, "error_lsq": 0.04790608412651167, "error_max": 0.2662319525537092, "target": "133.xyz", "model": "5.xyz", "model_rescale": 3.6523030999806103, "target_rescale": 4.145391358157874},
{"mapping": [2, 11, 10, 1, 7, 3, 9, 0, 12, 6, 8, 4, 14], "R": [[-0.9550755198550903, -0.2888106133496952, -0.06647692073270543], [-0.20130748791521968, 0.46759411337433854, 0.8607154236139435], [-0.21749953260362015, 0.8354305325724213, -0.5047274299688572]], "T": [0.027906557617802072, -0.02083774657043153, -0.07301137968127114], "aligned_model": [[0.3425858529319052, -0.4355873905513761, 0.2710733027243809, 0.7401255071077574, 0.49812787926723523, -0.23346021753424434, -0.29071489942442735, 0.23713501925318498, -0.59530200622198, -0.14721148799510053, 0.006022964398643631, 0.4792399359540683, 0.009048444754247362], [-0.4677668825069592, 0.02341023535523631, 0.3112276346497775, -0.18375037584889092, 0.2343215482112071, -0.5993376542153167, 0.6348679020672506, -0.6738515651141671, -0.2156064782764358, 0.06766733052173221, 0.6526675649904646, -0.13601137362645502, -0.10701098204426052], [0.5955069092350739, 0.5637062903858004, 0.6506906932536479, 0.21392846971048934, -0.08738455288937583, 0.28101943525796197, 0.2555564941113595, -0.097058242777461, -0.4197568936542415, -0.6541699759410885, -0.3937113375924135, -0.5782542537076424, 0.04003670408967913]], "inverted": false, "swapped": true, "error_lsq": 0.05748699141970334, "error_max": 0.31977798085563947, "target": "133.xyz", "model": "6.xyz", "model_rescale": 4.08911054899281, "target_rescale": 4.145391358157874},
{"mapping": [0, 1, 2, 6, 9, 3, 8, 11, 10, 12, 13, 7, 4, 5, 14], "R": [[0.4277411322245094, -0.5905870277601615, 0.6842839223923889], [-0.7194426766193012, -0.6807423531305506, -0.1378117691386925], [0.5472108906647879, -0.43335529452828736, -0.7160750169096467]], "T": [0.01447413274022268, 0.06355941738294946, -0.0011511598172219348], "aligned_model": [[-0.06051821985059092, -0.6155363720176554, -0.193151011404357, 0.25898988081245444, -0.37733535184388967, 0.34125245803926296, 0.1924523781178339, -0.4271735349635067, 0.10549678935840688, -0.1150365278603535, -0.44621934876189695, 0.31318676188133, 0.6733912655821437, 0.6099495822729841, -0.10441261958209094], [-0.45287537862977967, -0.09467130905428725, 0.3112229643956915, 0.0038680113860254453, -0.6130094031824692, -0.5843492926052279, -0.4640775766504901, 0.07225790672379126, 0.09288163816715453, 0.6238591604835722, 0.6256625676335001, 0.6679656048910876, -0.16457107046609265, 0.4544670114831529, -0.04896022060698264], [-0.783664694284246, -0.34173280929537986, -0.7398622740501568, -0.43218706487417036, 0.05627067171435588, -0.31719176781243463, 0.3926405617624053, 0.38537534231710796, 0.7130826827388653, 0.4199107176822444, -0.08887850408049291, -0.38161520572817953, 0.10197101172408637, 0.2692216780601695, 0.02272421818822542]], "inverted": true, "swapped": false, "error_lsq": 0.04664681047123279, "error_max": 0.25502702909234604, "target": "133.xyz", "model": "7.xyz", "model_rescale": 3.964800864290218, "target_rescale": 4.145391358157874},
{"mapping": [1, 2, 0, 7, 5, 10, 4, 3, 11, 13, 9, 6, 12, 14], "R": [[-0.7260690030021423, 0.0672276508807915, 0.6843275866399989], [-0.2942770153850973, 0.8690864812655773, -0.39760498776732744], [-0.6214699036120046, -0.4900705367990079, -0.6112332025225873]], "T": [-0.06162812919048044, 0.04731141247051556, 0.1074693151481996], "aligned_model": [[-0.34671817218928835, 0.1709893239794787, 0.3043118546088907, -0.5546773031105019, 0.4202620036802386, -0.3740002611101813, -0.3233632728280041, 0.5926253072319855, 0.27938737794150553, 0.043984233983711485, -0.32088529107684094, -0.09572277212971445, 0.4338636914906638, 0.031131168988929647], [-0.25710228663448575, -0.577648554268766, 0.1398958701984487, 0.0035048379575877905, 0.7119682636297505, -0.7244064293612744, 0.5365975319710645, -0.21729624971270406, -0.5627943888146129, 0.08020180812013447, -0.34112970649328633, 0.6220642845366154, 0.45008571202558634, -0.05299222697285639], [-0.5575019632842677, -0.4411649660610111, -0.4655035414831481, -0.09601149790674332, -0.05496620650275599, 0.10329828417556955, -0.2979082278573719, -0.06644956901445762, 0.47308284116075405, 0.7004089214027429, 0.7565653013786381, 0.3189911436947334, 0.4800507741742699, 0.06392374484806854]], "inverted": true, "swapped": true, "error_lsq": 0.05076512259232912, "error_max": 0.2785831499791006, "target": "133.xyz", "model": "8.xyz", "model_rescale": 4.121658175737393, "target_rescale": 4.145391358157874},
{"mapping": [4, 7, 1, 0, 8, 6, 10, 11, 2, 9, 5, 3, 14], "R": [[0.21289565969080665, -0.48200838865072926, 0.8499078487431116], [-0.3731992392054154, 0.7637828531973245, 0.5266479668794455], [-0.9029937795695581, -0.42930602887926217, -0.01727910954310941]], "T": [-0.14104868894520337, -0.008672812887331717, 0.014606761871242553], "aligned_model": [[-0.4768332673315001, -0.2151609386839994, 0.27225757911798343, 0.16560938885120022, -0.7372766567751123, -0.7134095555061524, 0.36982310199446455, 0.3415577413881081, 0.6908978918446538, -0.19479142758637538, -0.4280493346441143, 0.4062616035097727, -0.004148629743731591], [0.27691003138598924, -0.2755295348577077, -0.06633139056706086, 0.5594179188065632, -0.4574773921763824, 0.1941316219950722, -0.6554157874843185, -0.28983690026995285, 0.052244127817371276, -0.7062000705054933, 0.7707489350712262, 0.36944640899469133, 0.01827947120171209], [-0.5125822938751678, -0.443340625426854, -0.6502121993201438, -0.21780578485947188, 0.009767408223776102, 0.10131427134234922, -0.10318844912006517, 0.5715912361942019, -0.20864069525029952, 0.40189711955488067, 0.11709820943015611, 0.3075058059824184, 0.04767143108330842]], "inverted": true, "swapped": true, "error_lsq": 0.05204080602210913, "error_max": 0.3135790561325703, "target": "133.xyz", "model": "9.xyz", "model_rescale": 3.833441315466971, "target_rescale": 4.145391358157874},
{"mapping": [0, 5, 1, 12, 13, 10, 8, 2, 9, 3, 4, 6, 11, 7, 14], "R": [[0.849704234297959, 0.5079424275657192, -0.14141147228836476], [-0.4042846155904793, 0.4554888536322316, -0.7931480655045775], [-0.33846220440837577, 0.7311117523986599, 0.5923841166773324]], "T": [0.062398558842826204, 0.050643374894117306, -0.11646215757473136], "aligned_model": [[-0.20661839791090092, -0.6064719458808026, -0.16770994098722652, 0.4374388047940949, -0.5327613542194038, 0.4078752135340675, 0.33753138337344546, -0.4306525913100869, 0.05597263256649131, -0.16338667331352802, -0.3360475635013363, 0.1045958301925638, 0.7262150795619223, 0.47809108891485086, 0.051264563965923396], [-0.4006187805835032, 0.0729254123481481, 0.09759642964527537, 0.09502665356613232, -0.4745304423975596, -0.6889016524448259, -0.4673307554522391, -0.07702741113309947, -0.03335431799453902, 0.575850210198303, 0.7414061420428525, 0.6143971496687443, -0.04723426468517709, 0.3489152571247155, 0.07255098406541773], [-0.5498387902123498, -0.21419117161184248, -0.8167866694042991, -0.5859246116665434, -0.04120472651505658, -0.2137924052958801, 0.39692277747350235, 0.39073700316562, 0.6902677982305484, 0.5373731877818003, -0.11672138751412228, -0.4928006219427934, 0.006438922706729272, 0.31032535570881226, -0.024740096841725706]], "inverted": false, "swapped": false, "error_lsq": 0.05121395699725331, "error_max": 0.31685971621270437, "target": "133.xyz", "model": "10.xyz", "model_rescale": 4.2482417240324, "target_rescale": 4.145391358157874},
{"mapping": [3, 12, 4, 8, 2, 1, 0, 7, 13, 10, 11, 14], "R": [[-0.43861957954757275, -0.26870433967303103, 0.8575609845826659], [-0.8811594841518178, 0.31606381296946995, -0.3516555553670419], [-0.17655262084379628, -0.9098910066442467, -0.37540315409051433]], "T": [0.0813867075750896, -0.05535693967689372, -0.024903383054576407], "aligned_model": [[-0.6378182512335856, -0.13416563265242798, 0.48294829470263256, 0.7239474671896515, -0.4691551274979219, 0.11901412171143612, -0.27075431094992375, 0.4749386042788023, 0.0734231392258435, 0.014300536377024775, -0.4491002297199175, -0.05081300906860743], [-0.04641408665117285, -0.7614518234514975, -0.028681250143847287, -0.260199346179075, 0.6013453203364632, 0.673686830179843, 0.07659856328072892, 0.3050780272574972, -0.4822246459681179, 0.5984862153853548, -0.009787874433300169, -0.00030453956223664563], [0.07986686477290031, 0.014127733810787836, 0.5321189179851936, -0.3444217988917272, 0.08154493112549932, 0.2635583878934156, 0.5490010482783012, 0.015401509541581392, -0.45097106424071715, -0.535912921041078, -0.6068836103147263, -0.03223770906507398]], "inverted": false, "swapped": true, "error_lsq": 0.048064023715518954, "error_max": 0.2832128538693483, "target": "133.xyz", "model": "11.xyz", "model_rescale": 3.6694154284099745, "target_rescale": 4.145391358157874},
{"mapping": [10, 9, 13, 8, 7, 2, 1, 0, 6, 5, 3, 4, 11, 14], "R": [[0.4311240041182295, 0.511291462772888, -0.7434467924260794], [-0.8611306824235991, -0.012871212779626905, -0.5082206997656123], [-0.26941796685026775, 0.8593109867662246, 0.43473967746356657]], "T": [0.08971649341652493, 0.11379218668186916, -0.00040790345395484706], "aligned_model": [[-0.1371784886149319, 0.014117737206037151, -0.011275195347472261, 0.6342157638860348, 0.4641322458315322, -0.44144663534801515, 0.1701804167850579, -0.10495148852084826, 0.4553809803842734, 0.1281693320472756, -0.5765340079265246, 0.6217609141174811, -0.5762790192127569, -0.04202770503133352], [-0.3190306717237834, 0.42260767901917184, 0.6628694145589542, 0.45340546197435905, -0.21543042004373505, -0.5670363428876526, -0.666941990461705, -0.23209853258733285, 0.5399635480928174, 0.4039664159156422, 0.028986086752634782, -0.08664085539072353, 0.2485897939099159, 0.05777770100769118], [-0.6744444114202925, -0.7341273307445122, -0.22872348039501778, -0.3813542606493073, -0.19494906804277706, 0.004456048566459328, -0.01092149637225208, 0.5592757885757588, 0.2463961610604007, 0.7836153261348825, 0.27749630144403975, 0.3855875299006447, -0.40099933810132815, 0.007787689695716887]], "inverted": true, "swapped": true, "error_lsq": 0.0490729873940576, "error_max": 0.3805640205533699, "target": "133.xyz", "model": "12.xyz", "model_rescale": 3.9764082729961374, "target_rescale": 4.145391358157874},
{"mapping": [13, 11, 14, 6, 10, 12, 1, 8, 2, 7, 3, 4, 9, 0, 15], "R": [[-0.6649056150580798, 0.16763969459215572, 0.7278718677495961], [0.1837407452014757, -0.9078329581011516, 0.37693322848764516], [0.72397504212303, 0.3843647395149062, 0.5728209889665317]], "T": [0.12061753545724155, 0.004016202407669638, -0.10041117579332004], "aligned_model": [[-0.002650916767828637, -0.6323286943763079, -0.3649268102223454, 0.2720492246375423, -0.3544595601730768, 0.27874976033971655, 0.09766317625423826, -0.46785621425825397, 0.04237635772629253, 0.07917720187328028, -0.5519283952414957, 0.45513195042203114, 0.6370451446892827, 0.5731846346106217, 0.09410927026637789], [-0.3114362847216988, -0.16779034477361943, 0.2005290298578501, 0.23552671803114616, -0.6118687245561344, -0.6099418216896159, -0.42435533901546024, -0.006565889300109519, 0.09192275260307897, 0.6394024595024328, 0.5097890525074977, 0.6317390526246425, -0.17974118622455015, 0.3272647443241869, 0.10519639479899909], [-0.6100926088834712, -0.2850708196641399, -0.7040977141567216, -0.8125418733250191, 0.10240501908400401, -0.17295963579450294, 0.36787666106916656, 0.29104699806363404, 0.6885186502660928, 0.306529485692538, -0.08254381683690343, -0.20004977913295197, 0.14664119327762742, 0.36628072944503043, -0.12587792504198378]], "inverted": true, "swapped": false, "error_lsq": 0.037136094366973495, "error_max": 0.20483346638234962, "target": "133.xyz", "model": "13.xyz", "model_rescale": 4.170626492500431, "target_rescale": 4.145391358157874},
{"mapping": [3, 2, 11, 10, 13, 8, 9, 0, 5, 1, 4, 7, 6, 14], "R": [[0.5184832975674989, -0.7726082197242798, -0.3664036148266162], [0.48546076549963973, -0.08677904972026805, 0.8699409414955425], [-0.7039196795828598, -0.6289244273711477, 0.33007748991992425]], "T": [0.023902068802455226, 0.09658614047549939, 0.09036489581451322], "aligned_model": [[0.3374916563812305, -0.08824531903427661, -0.2608785091786213, -0.7105718056954852, -0.048303176905343664, -0.3128362870701424, -0.5976567356748907, 0.49587391338547726, 0.8475873075545135, -0.1897766748237973, 0.2917144399209802, -0.28361190283640114, 0.33133079851573216, 0.031065317552667858], [-0.34531809879619335, -0.7450509541088621, -0.03927629096522452, -0.268057684110577, 0.5590712841493707, 0.7165284639645669, 0.4522613577254316, -0.3910816830253553, 0.22888083464395098, -0.533516622966935, 0.11404544157733575, 0.027795963485435102, 0.5962204229934642, -0.016427966640742156], [-0.39408816290319004, -0.06697352442981618, -0.6325703276995756, -0.053597538772332295, -0.2900388639194747, 0.33370735940918894, -0.26542460746318675, 0.19138231923733284, 0.15679433207531357, 0.5068294633163307, 0.7229855176764658, 0.5229432285495742, 0.2695239102589253, 0.002399995785310749]], "inverted": false, "swapped": true, "error_lsq": 0.0479514511553123, "error_max": 0.3398459635878312, "target": "133.xyz", "model": "14.xyz", "model_rescale": 3.9786697098870705, "target_rescale": 4.145391358157874},
{"mapping": [5, 3, 4, 6, 0, 1, 11, 10, 7, 13, 2, 14], "R": [[0.47780071767863924, 0.43314906084493393, -0.7642567404183815], [0.8461573225684116, 0.006855620502131121, 0.5328890934625967], [0.23605986454633612, -0.9012962285268271, -0.3632366292015206]], "T": [0.13577570316778773, -0.12782375481932498, 0.025453294371374117], "aligned_model": [[0.0961596061080573, -0.5498139172579635, 0.6369706834776834, 0.46574318896299494, -0.09783050408607899, 0.23916126884194047, -0.4956127519534673, -0.017910970194386644, 0.5352490246509929, 0.03978135690295509, -0.37402337280419784, 0.00548098411880707], [-0.4114255020518458, -0.021820742090924772, 0.061395109609267, -0.5616346568282264, 0.22870912344812597, 0.6502278200384061, -0.24784234842343567, 0.30467134737967905, 0.18895509045837375, -0.6760370724688465, 0.5675595299689946, -0.0680832088151282], [-0.7609135045624964, -0.19144019534658754, -0.4049383384243997, -0.2559260797719111, -0.5122216024193696, 0.03428537405864694, 0.48276945546616135, 0.7200543069719108, 0.18822053236162994, 0.2579621541668902, 0.07270161115733065, 0.029412780216024673]], "inverted": true, "swapped": true, "error_lsq": 0.05195619566699691, "error_max": 0.2565389865137593, "target": "133.xyz", "model": "15.xyz", "model_rescale": 3.769337070930944, "target_rescale": 4.145391358157874},
{"mapping": [10, 8, 2, 1, 11, 13, 3, 6, 0, 4, 14], "R": [[-0.9559783558955594, -0.05602249823318198, 0.2880396895411062], [0.29000136059919346, -0.030603039738697158, 0.9565368078696025], [-0.04477269156349989, 0.9979603868142589, 0.04550244432659484]], "T": [0.00985869045129639, -0.06995102667724098, 0.03541971618331595], "aligned_model": [[-0.3603613600845366, -0.24412360815711454, -0.10193753090148833, -0.5753487508109089, 0.40331919760863233, 0.37162831289828396, 0.48174375884399034, 0.14171874320782948, 0.0902847699234087, -0.3452291183127698, 0.06093171647584429], [0.17500567764620642, -0.766012957789531, 0.7519205175593088, 0.4525595359989112, 0.1069254045936229, -0.4841079538785481, 0.47988410964035344, -0.5265677443817313, 0.475876677003804, -0.1224944772316013, 0.053075708464547164], [-0.6689065582727701, -0.05361701447851662, -0.2048180488109867, 0.06083224347116996, -0.6249570494875869, -0.2123905055030667, -0.022185468684833634, 0.4231811018019411, 0.44332364068903773, 0.6214137250222036, -0.017658458522814467]], "inverted": true, "swapped": true, "error_lsq": 0.046239505312584805, "error_max": 0.2741677329263772, "target": "133.xyz", "model": "16.xyz", "model_rescale": 3.7852294659196426, "target_rescale": 4.145391358157874},
{"mapping": [11, 1, 7, 10, 3, 0, 5, 4, 9, 13, 12, 6, 14], "R": [[-0.05476856668491295, -0.32600424023049346, -0.9437805038540578], [-0.8392435767934916, 0.5271419273981383, -0.1333851835469101], [0.5409904092626293, 0.7847564104425747, -0.30246777242400247]], "T": [0.036012598389899425, 0.04360358737073523, 0.05446273084943564], "aligned_model": [[0.03770330815036507, -0.330313795037087, 0.1841003503225688, 0.14559082546104657, -0.5374857932814993, -0.6253708908214145, -0.3199901288818835, -0.05916538625085409, 0.6570993618061838, 0.43020299727615663, 0.05549597634634219, 0.2825362713837304, -0.06663724625737194], [-0.10413717417184933, -0.574236973200273, -0.33266599880741643, -0.7158024768746254, 0.145169588243682, 0.1188093975231501, 0.7582335456762748, 0.12991990849101695, -0.17060818099987718, 0.3314165871831991, 0.7516704710399644, 0.5333968381815525, 0.0038900914180756974], [-0.720368685749627, 0.3710205441348469, 0.40505103841277074, -0.26870474189537, -0.38038953652657104, 0.22088933422201262, 0.305337619015554, 0.7295388661646159, -0.4013781721335089, -0.2999250971178393, -0.15723967959584262, 0.3293689743050116, -0.03744576609287912]], "inverted": true, "swapped": true, "error_lsq": 0.04687513689414458, "error_max": 0.30591212190058775, "target": "133.xyz", "model": "17.xyz", "model_rescale": 3.901054581598922, "target_rescale": 4.145391358157874},
{"mapping": [12, 3, 13, 9, 7, 11, 6, 0, 1, 8, 2, 5, 10, 4, 14], "R": [[-0.15948404882633033, -0.4236564133357697, 0.8916726314121302], [-0.9866520249097179, 0.09850903212450146, -0.12966785388618113], [-0.03290318998995018, -0.9004505616797438, -0.43371207737290407]], "T": [0.040522980292378545, 0.05920067504586907, -0.01848469412573717], "aligned_model": [[-0.21733040116666003, -0.6624151316727525, -0.20443699698324183, 0.3719342110557497, -0.28861911317480066, 0.40853874116294975, 0.2596657328418909, -0.6445514308411678, -0.13188583841965112, 0.0992609517071299, -0.4790014051373468, 0.1923331572970461, 0.8587090536456798, 0.5480080015725499, 0.04512659789269946], [-0.45655114231150223, -0.020273619576918894, 0.26849965351195126, 0.07040235809510324, -0.4879147774684918, -0.5973206428805695, -0.5635441219803636, 0.07376690496079064, -0.08761355211020644, 0.6453924369728739, 0.6807413362716439, 0.5616496315420565, 0.05447260379115827, 0.2604305251034278, 0.02753302004769291], [-0.48697887833715264, -0.3065259008199922, -0.6694000077009834, -0.58789732109766, 0.16042083324916864, -0.2835792957034814, 0.3391339813540544, 0.30703856872282764, 0.6406103911015183, 0.2870432442086594, -0.1843753851695731, -0.35698840646775026, -0.07328380763843723, 0.5538259475120756, -0.06297939915087467]], "inverted": false, "swapped": false, "error_lsq": 0.04601440006088501, "error_max": 0.3197091510553229, "target": "133.xyz", "model": "18.xyz", "model_rescale": 3.9405287249114394, "target_rescale": 4.145391358157874},
{"mapping": [12, 14, 3, 1, 13, 4, 7, 11, 9, 5, 10, 2, 0, 8, 15], "R": [[0.5429659145434367, 0.19242983374330436, 0.8174097960812153], [-0.8324134435462553, 0.25176137353023875, 0.4936639239418181], [-0.1107965461892878, -0.9484655870845775, 0.29687902497285523]], "T": [0.03535234157816294, -0.048702991142324875, -0.08303416577686948], "aligned_model": [[-0.05560550052333075, -0.6972785669217864, -0.2412185450218338, 0.3555445234814756, -0.4550566720082401, 0.4518601620307342, 0.24668710420295112, -0.5225710480143374, -0.08129548138506484, 0.20189280786938704, -0.4888471104582478, 0.06583517997071606, 0.7047870410164991, 0.6447332017368398, 0.025869033804312762], [-0.3876201168633856, -0.11876898142624462, 0.16857220711971876, 0.21901382587491566, -0.4280291830882089, -0.6478661006057269, -0.4368354756261478, 0.2020208661689428, -0.030859503900444618, 0.567687194264372, 0.509906863639259, 0.8180709773162125, -0.11631105338038925, 0.12083013994369088, -0.010141045467918261], [-0.5037489326470227, -0.3240355578729701, -0.8587458569221343, -0.5942328517235296, 0.1756944272873928, -0.12982981061775567, 0.46497709463306236, 0.29784933428632643, 0.6753092539991075, 0.44949757523080736, -0.25931235947124265, -0.1387025336280887, -0.22431612168161288, 0.331918410154887, -0.08625750696482747]], "inverted": true, "swapped": false, "error_lsq": 0.048298447898586505, "error_max": 0.2879280088555814, "target": "133.xyz", "model": "19.xyz", "model_rescale": 4.410303926677745, "target_rescale": 4.145391358157874},
{"mapping": [1, 2, 0, 7, 5, 10, 4, 3, 11, 13, 9, 6, 12, 14], "R": [[-0.7260690030021423, 0.0672276508807915, 0.6843275866399989], [-0.2942770153850973, 0.8690864812655773, -0.39760498776732744], [-0.6214699036120046, -0.4900705367990079, -0.6112332025225873]], "T": [-0.06162812919048044, 0.04731141247051556, 0.1074693151481996], "aligned_model": [[-0.34671817218928835, 0.1709893239794787, 0.3043118546088907, -0.5546773031105019, 0.4202620036802386, -0.3740002611101813, -0.3233632728280041, 0.5926253072319855, 0.27938737794150553, 0.043984233983711485, -0.32088529107684094, -0.09572277212971445, 0.4338636914906638, 0.031131168988929647], [-0.25710228663448575, -0.577648554268766, 0.1398958701984487, 0.0035048379575877905, 0.7119682636297505, -0.7244064293612744, 0.5365975319710645, -0.21729624971270406, -0.5627943888146129, 0.08020180812013447, -0.34112970649328633, 0.6220642845366154, 0.45008571202558634, -0.05299222697285639], [-0.5575019632842677, -0.4411649660610111, -0.4655035414831481, -0.09601149790674332, -0.05496620650275599, 0.10329828417556955, -0.2979082278573719, -0.06644956901445762, 0.47308284116075405, 0.7004089214027429, 0.7565653013786381, 0.3189911436947334, 0.4800507741742699, 0.06392374484806854]], "inverted": true, "swapped": true, "error_lsq": 0.05076512259232912, "error_max": 0.2785831499791006, "target": "133.xyz", "model": "20.xyz", "model_rescale": 4.121658175737393, "target_rescale": 4.145391358157874},
{"mapping": [2, 11, 10, 1, 7, 3, 9, 0, 12, 6, 8, 4, 14], "R": [[-0.9550755198550903, -0.2888106133496952, -0.06647692073270543], [-0.20130748791521968, 0.46759411337433854, 0.8607154236139435], [-0.21749953260362015, 0.8354305325724213, -0.5047274299688572]], "T": [0.027906557617802072, -0.02083774657043153, -0.07301137968127114], "aligned_model": [[0.3425858529319052, -0.4355873905513761, 0.2710733027243809, 0.7401255071077574, 0.49812787926723523, -0.23346021753424434, -0.29071489942442735, 0.23713501925318498, -0.59530200622198, -0.14721148799510053, 0.006022964398643631, 0.4792399359540683, 0.009048444754247362], [-0.4677668825069592, 0.02341023535523631, 0.3112276346497775, -0.18375037584889092, 0.2343215482112071, -0.5993376542153167, 0.6348679020672506, -0.6738515651141671, -0.2156064782764358, 0.06766733052173221, 0.6526675649904646, -0.13601137362645502, -0.10701098204426052], [0.5955069092350739, 0.5637062903858004, 0.6506906932536479, 0.21392846971048934, -0.08738455288937583, 0.28101943525796197, 0.2555564941113595, -0.097058242777461, -0.4197568936542415, -0.6541699759410885, -0.3937113375924135, -0.5782542537076424, 0.04003670408967913]], "inverted": false, "swapped": true, "error_lsq": 0.05748699141970334, "error_max": 0.31977798085563947, "target": "133.xyz", "model": "21.xyz", "model_rescale": 4.08911054899281, "target_rescale": 4.145391358157874},
{"mapping": [5, 11, 8, 6, 9, 10, 12, 15, 3, 4, 1, 0, 7, 13, 16], "R": [[-0.5599233342757284, 0.15532640157414246, 0.8138547589758134], [0.4214023386260086, 0.8991219896848293, 0.11832039835009223], [-0.7133764284962616, 0.40921065069133034, -0.5688942912586628]], "T": [-0.05664475380691338, 0.04375561062065414, -0.01044855883204835], "aligned_model": [[-0.18895086750678633, -0.7160822124883025, -0.2533713633565457, 0.3577380608183405, -0.1761781542871826, 0.38575750922466157, 0.32200832329147144, -0.7394223798730414, 0.05261646112552274, 0.1472883032305925, -0.47787712893284906, 0.37549612136207744, 0.646806058201854, 0.44058603486470205, -0.021078635894439923], [-0.48319355616727455, -0.029728028901272255, 0.15669786674463604, 0.16860224922361206, -0.655917341556161, -0.5553942325195518, -0.44632041453914517, 0.06974560825300209, 0.15811926122949085, 0.5873726545620448, 0.6443516562995956, 0.6604891241220534, -0.02509667528476331, 0.10720377986657578, 0.07273866263580286], [-0.46050269096207525, -0.3920706534084634, -0.6656620400248612, -0.6172964214171971, 0.050519774951336784, -0.32098859223280723, 0.39131859114612166, 0.24380771200654186, 0.8435196874308823, 0.375794892441265, -0.31350970336664746, -0.19203444900987135, -0.08926800959921696, 0.42020889047607907, 0.00222757563131247]], "inverted": true, "swapped": false, "error_lsq": 0.04387916065842699, "error_max": 0.2656704270764063, "target": "133.xyz", "model": "22.xyz", "model_rescale": 4.204369325754507, "target_rescale": 4.145391358157874},
{"mapping": [12, 14, 3, 1, 13, 4, 7, 11, 9, 5, 10, 2, 0, 8, 15], "R": [[0.5429659145434367, 0.19242983374330436, 0.8174097960812153], [-0.8324134435462553, 0.25176137353023875, 0.4936639239418181], [-0.1107965461892878, -0.9484655870845775, 0.29687902497285523]], "T": [0.03535234157816294, -0.048702991142324875, -0.08303416577686948], "aligned_model": [[-0.05560550052333075, -0.6972785669217864, -0.2412185450218338, 0.3555445234814756, -0.4550566720082401, 0.4518601620307342, 0.24668710420295112, -0.5225710480143374, -0.08129548138506484, 0.20189280786938704, -0.4888471104582478, 0.06583517997071606, 0.7047870410164991, 0.6447332017368398, 0.025869033804312762], [-0.3876201168633856, -0.11876898142624462, 0.16857220711971876, 0.21901382587491566, -0.4280291830882089, -0.6478661006057269, -0.4368354756261478, 0.2020208661689428, -0.030859503900444618, 0.567687194264372, 0.509906863639259, 0.8180709773162125, -0.11631105338038925, 0.12083013994369088, -0.010141045467918261], [-0.5037489326470227, -0.3240355578729701, -0.8587458569221343, -0.5942328517235296, 0.1756944272873928, -0.12982981061775567, 0.46497709463306236, 0.29784933428632643, 0.6753092539991075, 0.44949757523080736, -0.25931235947124265, -0.1387025336280887, -0.22431612168161288, 0.331918410154887, -0.08625750696482747]], "inverted": true, "swapped": false, "error_lsq": 0.048298447898586505, "error_max": 0.2879280088555814, "target": "133.xyz", "model": "23.xyz", "model_rescale": 4.410303926677745, "target_rescale": 4.145391358157874},
{"mapping": [10, 9, 8, 4, 11, 1, 7, 14, 13, 6, 15, 5, 0, 12, 16], "R": [[-0.5177283159205006, -0.04915109312806665, -0.8541320512300419], [-0.8547324049591212, 0.07321954289726607, 0.5138787935405711], [0.03728145392711674, 0.9961039446675393, -0.07991886267239257]], "T": [0.01795318799975613, -0.010484238215584845, -0.06039437896888845], "aligned_model": [[-0.1790836853421662, -0.562510906119553, -0.2923076253489111, 0.23643341821178934, -0.36011518836942896, 0.3449310640836531, 0.29859005328749855, -0.5401179046030111, -0.007433167886441709, -0.06366096696012334, -0.4369097441987941, 0.2688265276759642, 0.7682051192754009, 0.5779982044893917, 0.10249093158480624], [-0.34334384207240715, -0.021934627004851586, 0.1912913287368997, 0.21821267980733935, -0.4998896926946012, -0.7962786203959911, -0.41973155336736534, 0.10061090336145993, 0.0913699695311755, 0.5805572956405044, 0.5353824018429058, 0.5574822070686392, -0.05605694324857473, 0.3583768074110014, -0.06637770064748892], [-0.5840019619349238, -0.2956608399513429, -0.7943776999889788, -0.6718258810069037, 0.07476512135024779, -0.16970131861919135, 0.3819747898989553, 0.30616327697866597, 0.6347084027319447, 0.4106758119018815, -0.1270540745708085, -0.16078719693332816, 0.013300799023357936, 0.38285153844951614, -0.12496620326669278]], "inverted": false, "swapped": false, "error_lsq": 0.03779766565649781, "error_max": 0.18897694666669945, "target": "133.xyz", "model": "24.xyz", "model_rescale": 4.28219845311461, "target_rescale": 4.145391358157874},
{"mapping": [13, 12, 14, 2, 9, 7, 3, 11, 5, 8, 10, 6, 4, 1, 15], "R": [[-0.11346857668584603, -0.043931980683894034, 0.9925698278600243], [0.8465438936202173, -0.5272286612979806, 0.073439600218557], [0.520084914489173, 0.8485870136757511, 0.09701423576805773]], "T": [0.05317857608856289, -0.013331416692844909, -0.07453621269325092], "aligned_model": [[-0.028215496327354227, -0.6057188053521482, -0.36244463591499726, 0.28348254372439596, -0.2636052374696482, 0.21654725163044852, 0.46887146164790144, -0.47606515839560826, -0.20565307728476315, 0.01762642225720802, -0.3992979416720488, 0.23997262049862253, 0.729636837469618, 0.42231055717130317, 0.11788878779714504], [-0.37193638612726043, -0.24897267099001738, 0.3719510829437794, 0.17793506668085043, -0.5101247502233693, -0.7717464417756171, -0.39213836233547705, 0.07433384899873505, 0.15566151213511256, 0.5589784913419653, 0.6376744719233247, 0.8456008676110403, -0.2716759106053308, 0.15573021384599262, 0.018399580544917523], [-0.5411130421752761, -0.3823467717013096, -0.5834167153775524, -0.6902936643062805, 0.25670098797420926, -0.13506167287830773, 0.45814574465848357, 0.018699735036513482, 0.7190179733156951, 0.3167992833353648, -0.04046052208865036, -0.27338402111583404, -0.1760788938678857, 0.4204760542942979, -0.09161991104106829]], "inverted": true, "swapped": false, "error_lsq": 0.046021499877635375, "error_max": 0.24413151165802716, "target": "133.xyz", "model": "25.xyz", "model_rescale": 4.100010024507729, "target_rescale": 4.145391358157874},
{"mapping": [3, 12, 4, 8, 2, 1, 0, 7, 13, 10, 11, 14], "R": [[-0.43861957954757275, -0.26870433967303103, 0.8575609845826659], [-0.8811594841518178, 0.31606381296946995, -0.3516555553670419], [-0.17655262084379628, -0.9098910066442467, -0.37540315409051433]], "T": [0.0813867075750896, -0.05535693967689372, -0.024903383054576407], "aligned_model": [[-0.6378182512335856, -0.13416563265242798, 0.48294829470263256, 0.7239474671896515, -0.4691551274979219, 0.11901412171143612, -0.27075431094992375, 0.4749386042788023, 0.0734231392258435, 0.014300536377024775, -0.4491002297199175, -0.05081300906860743], [-0.04641408665117285, -0.7614518234514975, -0.028681250143847287, -0.260199346179075, 0.6013453203364632, 0.673686830179843, 0.07659856328072892, 0.3050780272574972, -0.4822246459681179, 0.5984862153853548, -0.009787874433300169, -0.00030453956223664563], [0.07986686477290031, 0.014127733810787836, 0.5321189179851936, -0.3444217988917272, 0.08154493112549932, 0.2635583878934156, 0.5490010482783012, 0.015401509541581392, -0.45097106424071715, -0.535912921041078, -0.6068836103147263, -0.03223770906507398]], "inverted": false, "swapped": true, "error_lsq": 0.048064023715518954, "error_max": 0.2832128538693483, "target": "133.xyz", "model": "26.xyz", "model_rescale": 3.6694154284099745, "target_rescale": 4.145391358157874},
