[{"mapping": [4, 9, 8, 5, 0, 2, 11, 1, 10, 7, 6, 12], "R": [[0.13932342378117496, -0.85461821363032, -0.5002166455819043], [-0.9880240774164966, -0.15379860612795093, -0.012426230256231185], [-0.0663129401487568, 0.4959573547034268, -0.8658111204439497]], "T": [0.00911124702406439, -0.17747658976829533, 0.0602222195392267], "aligned_model": [[-0.3052216373090388, 0.44070976754094615, 0.338096088310315, -0.16703374249254613, -0.04732689149075621, -0.6777839469381686, 0.36097382675883577, -0.30990113485869153, 0.6074091943948323, 0.1822535986468302, -0.5453921461828969, -0.03914051391911261], [-0.3231100207888548, -0.56258738939831, -0.38169442709247114, 0.6115554016413802, 0.3163880681828599, -0.39690371062883945, -0.16095824945806603, -0.5585694794384023, 0.15307767779507564, 0.37645747622133946, 0.12688421792521026, -0.1469845289838648], [-0.5633932810038679, 0.016440331199993594, -0.6559508019708907, -0.06735754009869675, -0.5614888193642382, -0.02702245513970296, 0.6640082629508293, 0.5058794514741993, -0.059116071688089175, 0.4704457634861807, 0.4519159380010327, 0.007590967506812471]], "inverted": true, "swapped": true, "error_lsq": 0.04167170043736564, "error_max": 0.26153218422688407, "target": "134.xyz", "model": "0.xyz", "model_rescale": 3.751011558992144, "target_rescale": 3.700621310538993},
{"mapping": [12, 8, 5, 2, 13, 11, 10, 6, 3, 0, 7, 1, 14], "R": [[-0.6700436732710982, 0.18909222134182063, -0.7178339694785904], [-0.7381290104401962, -0.27234858021129366, 0.6172453440921764], [-0.0787847691876451, 0.9434354152165947, 0.3220598973159201]], "T": [0.04429057792647771, -0.09817986318992676, -0.028944423675303664], "aligned_model": [[0.36113707577093596, -0.42253254025102027, -0.19568322758733642, -0.7276174454307447, -0.16152460580631633, 0.8206070872297896, 0.5586941604034099, 0.6016255088519807, -0.27843547841060723, -0.4402339857298507, 0.23605377315725223, -0.05549848586833635, 0.07884467376261522], [0.42518858748802757, -0.5090209332016618, -0.5287328569599364, -0.07707218924615182, -0.03513621173042031, 0.02193709547531532, -0.736176968210743, 0.11645630221112906, 0.5024694653095275, 0.42892124260093345, 0.49935578691510707, 0.12693420261334448, -0.08202727199808826], [-0.4504522714265293, 0.20279690554010218, -0.41251024490879196, -0.324664851724394, -0.7226070264270068, -0.16907144658954823, -0.0006178204759028014, 0.42606638558348314, -0.373145188123964, 0.22186404904278875, 0.1851934935782329, 0.6230151989703867, -0.0683007535614078]], "inverted": true, "swapped": false, "error_lsq": 0.03390125308213006, "error_max": 0.20374376679195202, "target": "134.xyz", "model": "1.xyz", "model_rescale": 3.9405287249114394, "target_rescale": 3.700621310538993},
{"mapping": [9, 1, 2, 0, 5, 8, 4, 3, 11, 6, 3, 7, 12], "R": [[-0.28966476037057154, 0.9222766175187942, 0.25593000484029116], [0.1564601354318429, 0.30942367566518925, -0.9379643996221252], [-0.9442534366472325, -0.2316523898342856, -0.233928659347151]], "T": [0.024568677832086813, 0.010171495224739379, -0.06044894642488577], "aligned_model": [[0.4816900790472749, -0.2904314581165478, -0.12489559213877786, -0.7977509974926065, -0.27231887541972416, 0.7752320745683321, 0.47983661354052315, 0.3384219604379048, -0.16959804371552956, -0.35732882861244, 0.3384219604379048, -0.061223274399674246, 0.03538089195513186], [0.3134395536041555, -0.6771426981672856, -0.47205728027793475, -0.06258047585876678, 0.03030416108607686, -0.01966651801964044, -0.41268690201829705, 0.2802631150533158, 0.5998949204118008, 0.3233595873993846, 0.2802631150533158, 0.035912653157965144, -0.06620698015770697], [-0.6515915826878281, 0.17534852233268605, -0.51792623285655, -0.20683026542848904, -0.7234185813752491, -0.25098484297929624, 0.2645396756523185, 0.3336910191518363, -0.40993407495866685, 0.16631790935629387, 0.3336910191518363, 0.7275148769050062, -0.10285101278644915]], "inverted": true, "swapped": false, "error_lsq": 0.052639982733782884, "error_max": 0.3805528276366686, "target": "134.xyz", "model": "2.xyz", "model_rescale": 3.932901565614263, "target_rescale": 3.700621310538993},
{"mapping": [3, 5, 4, 2, 0, 8, 7, 9, 1, 6, 10, 12, 13], "R": [[0.3909542489238728, -0.7040661378359523, -0.5928285155094485], [-0.8627465058422923, -0.504718091631919, 0.030464973926613625], [-0.3206606335446962, 0.49955031931948535, -0.8047522827320929]], "T": [0.1421844221237818, 0.09237464715085152, -0.12995095779307897], "aligned_model": [[0.44427880925652974, -0.08328307259085382, -0.39203419473448053, -0.6484967131532646, -0.10332949173842831, 0.8756541289064739, 0.4121279510233671, 0.5287072584754149, -0.2630819382075068, -0.43721147895188484, -0.06366186772160878, 0.006278419337098107, 0.09948870019091585], [0.1689097099363502, -0.3607739181997146, -0.5653721547930572, 0.021798755340562997, -0.02929260943680606, 0.11044959211820576, -0.5676483379252593, -0.2287734705862241, 0.6017541261028357, 0.10851849560915258, 0.641789902638366, 0.15613855040312996, 0.09559761005884129], [-0.5343849369646221, 0.38055905406026, -0.34256802783304763, -0.383016638971865, -0.7414003227592216, -0.10799165160076785, -0.1652028758061604, 0.40601258839403553, -0.4835896781258341, 0.23161788303177738, 0.2810424999355191, 0.6187769855936461, -0.02228844947627079]], "inverted": true, "swapped": false, "error_lsq": 0.05982908414312265, "error_max": 0.33170271897666714, "target": "134.xyz", "model": "3.xyz", "model_rescale": 3.9243930471874484, "target_rescale": 3.700621310538993},
{"mapping": [3, 1, 0, 7, 2, 6, 5, 11, 4, 8, 10, 9, 12], "R": [[-0.36270428597723103, -0.6710369937871828, 0.6466490190998572], [0.642202101017877, 0.3228457347826549, 0.6952316829524328], [-0.6752940562317807, 0.6674428698410884, 0.3138438355557116]], "T": [0.05192780227614979, 0.08460905409290018, 0.02211972054005147], "aligned_model": [[0.3271257277929637, -0.3219355673046185, 0.04928340066151138, -0.7009778417540395, -0.3367642989787003, 0.7554391080772328, 0.40572057627082925, 0.564418497803198, -0.2685009117249292, -0.3679827951693466, 0.30762121061596837, -0.12061104308095721, 0.08260044688265895], [0.1991853996761132, -0.5216704584986612, -0.5337044168925424, -0.0037556963745394023, -0.08837006645200249, -0.0009369621608925072, -0.5823105875578971, 0.1004064883430287, 0.42611336443066006, 0.45699846979179315, 0.7351569852875913, -0.007440140323494507, -0.02657612800277348], [-0.5812804229706309, 0.07514455887018788, -0.5618355963281371, -0.2391148885271423, -0.7965445357892322, -0.11669755666228925, -0.03847701554700779, 0.6248118554288629, -0.34266448238603747, 0.3073171646811773, 0.11451014032904523, 0.6999432111532079, -0.007546002774555069]], "inverted": false, "swapped": false, "error_lsq": 0.047054816222412955, "error_max": 0.242973239249617, "target": "134.xyz", "model": "4.xyz", "model_rescale": 3.8936222436046832, "target_rescale": 3.700621310538993},
{"mapping": [3, 2, 8, 9, 0, 5, 6, 7, 11, 1, 10, 12], "R": [[0.49332070558897695, -0.0864239792418165, -0.8655435155145027], [-0.5085265170699418, -0.8359503700310787, -0.2063680214607314], [-0.7057162764694523, 0.5419574472750722, -0.4563405115362641]], "T": [-0.048969731276814296, -0.0560763832864712, -0.04981828681538816], "aligned_model": [[0.10158302288787231, -0.4014245600081417, -0.2475675093236424, 0.34838262215454946, -0.7292144766141176, -0.6019260191733911, -0.24521290707058835, 0.07042570880897393, 0.552734461108105, 0.24430120422491947, 0.061800534581657754, -0.12633403936109916], [-0.5712726473445016, -0.6904294536423117, 0.2050314483333514, 0.031098722542157453, 0.34038180834516074, 0.33808143904169824, -0.3565443322305845, 0.34123481258481825, 0.09507480699337066, -0.6258736511988966, 0.624289869149744, -0.06214991746419894], [-0.7007906422178485, -0.018888075831913098, -0.7949500674006018, -0.46335918297549405, -0.16686600561339945, 0.4070778618247033, 0.6019033646831677, 0.5272372754311913, 0.27227346928254326, 0.13708888425366694, -0.12919017184421983, -0.052251990316277065]], "inverted": true, "swapped": true, "error_lsq": 0.04545134657515431, "error_max": 0.32072841599970253, "target": "134.xyz", "model": "5.xyz", "model_rescale": 3.6523030999806103, "target_rescale": 3.700621310538993},
{"mapping": [3, 6, 2, 10, 4, 0, 1, 5, 11, 9, 7, 8, 12], "R": [[-0.1052782118172547, 0.719009484822885, -0.6869802463326667], [-0.3924851603212749, 0.6046955256505117, 0.6930358722215143], [0.9137132466174193, 0.3425911294721179, 0.21853928928884647]], "T": [-0.02321001643503967, -0.016452023404561096, -0.01029242763564206], "aligned_model": [[0.46337602262883965, -0.3346979943095117, -0.016546173591434565, -0.7793325405069864, -0.20248620226234518, 0.960267829932568, 0.41922859898360715, 0.4735525315027087, -0.3045653063893243, -0.5023458288090297, 0.24397772041749416, -0.11417797053919064, 0.06918582303437645], [0.16429752710174922, -0.5472942871030483, -0.55385845049738, -0.11911242575619702, -0.0030641524128699766, -0.012097139577170353, -0.5511112845396404, 0.10736276917070797, 0.695556093098695, 0.4246538196331082, 0.610384146225308, -0.09677344127882981, 0.03415307720195048], [-0.4720329711531802, 0.19900686233746748, -0.5463535804223411, -0.17281200198612454, -0.5550973615637782, -0.15141680961720994, -0.03790423783281256, 0.43892956436016817, -0.44440375666220056, 0.30358236223985235, -0.060344294899102306, 0.6522605165305303, -0.015847861853820595]], "inverted": true, "swapped": false, "error_lsq": 0.042321766598588724, "error_max": 0.2607800430393532, "target": "134.xyz", "model": "6.xyz", "model_rescale": 4.08911054899281, "target_rescale": 3.700621310538993},
{"mapping": [13, 3, 9, 0, 1, 12, 8, 5, 2, 6, 7, 4, 14], "R": [[-0.019420085271639687, 0.6992949666835907, 0.7145693877147535], [0.8604045575586158, 0.3757146607250466, -0.3443000015228369], [-0.5092414531638255, 0.6081324224930444, -0.6089729871614474]], "T": [0.16935642891142205, -0.0315621860359061, -0.07523356435418022], "aligned_model": [[0.4432075837555538, -0.4767829246060052, -0.1359842520982122, -0.7609052845102586, -0.15780881648599876, 0.8397184373924416, 0.1865674481508833, 0.5713369947127062, -0.28746701029345867, -0.2364066831258808, 0.17392173947720463, 0.08200468663800406, 0.13403459108479227], [0.4409166851455692, -0.36310126221229533, -0.6582013585421672, -0.0315896096579013, -0.02996274871309814, 0.18690376019396046, -0.6705459817907824, 0.19518320060268607, 0.5644143455809338, 0.17995871764126492, 0.7061891803606286, -0.2185400645398353, -0.14852861280258042], [-0.5627412910921648, 0.23946821999087348, -0.43390852014149367, -0.21404756542608927, -0.7316681786606554, -0.17958549741907046, 0.1625740529847375, 0.5309837101765962, -0.36894066751350235, 0.12416094577804843, 0.15926812829842008, 0.5987534056787893, -0.18675031317704083]], "inverted": false, "swapped": false, "error_lsq": 0.04933897898323928, "error_max": 0.26119290057810335, "target": "134.xyz", "model": "7.xyz", "model_rescale": 3.964800864290218, "target_rescale": 3.700621310538993},
{"mapping": [6, 7, 2, 12, 4, 3, 1, 5, 11, 9, 10, 8, 13], "R": [[0.810580150526233, 0.3749673949596313, 0.4498436087020218], [0.5750729513905444, -0.3644680233355816, -0.7324303110500158], [-0.11068387485012608, 0.8523863635013421, -0.5110641517120132]], "T": [0.11174533018578424, -0.05277071470378844, -0.1399550721218964], "aligned_model": [[0.2867914270151264, -0.3165069258731043, -0.00744631001049674, -0.6427207464318374, -0.2114755139220964, 0.8110841872703303, 0.2689957605223522, 0.5429340906006717, -0.2797373424694027, -0.31836607506135495, 0.26148679145973885, -0.1177251368772629, 0.0981223038691075], [0.23610488906389135, -0.5654406110022555, -0.5713978128256688, -0.0353263067997239, -0.004381866157318892, 0.10376609884126714, -0.7023435954700755, 0.15553839629950736, 0.6067274725793178, 0.35781929634165455, 0.6423232022660453, -0.04234226453086057, -0.02795064733939706], [-0.6115646274865112, 0.10626179889124937, -0.5341986690960132, -0.1060202941697834, -0.7630764088488442, -0.25123887453378585, 0.20128863244178652, 0.5454311621528153, -0.45449725128826657, 0.20685431168230306, 0.2718166539282374, 0.5937288745337045, -0.06721887872944289]], "inverted": true, "swapped": false, "error_lsq": 0.04054863263479802, "error_max": 0.22841085289573665, "target": "134.xyz", "model": "8.xyz", "model_rescale": 4.121658175737393, "target_rescale": 3.700621310538993},
{"mapping": [9, 3, 10, 0, 5, 7, 11, 8, 4, 1, 6, 2, 12], "R": [[0.6504329153027669, -0.2540546519733256, 0.7158164963881848], [-0.1677894931374297, -0.9671815963317408, -0.19080473188542785], [0.7407993714113343, 0.003999190905417366, -0.6717144466130484]], "T": [0.08284110570469314, -0.019068973580835966, -0.06637190389704062], "aligned_model": [[0.4395974706408128, -0.2273013400279499, -0.15605774475986553, -0.6892599342130595, -0.044460305444173925, 0.6984972575579476, 0.4114603777142174, 0.5477517437845545, -0.3682729019219275, -0.3856426880176921, 0.35274318935507976, -0.2276485913669201, 0.02402997679074849], [0.5960304249399948, -0.6466979130155069, -0.6633716914330906, -0.024626639486532778, -0.10134631752688965, -0.10857159877745029, -0.5480044733293413, 0.03755048979803117, 0.6255972337788226, 0.42584656268380444, 0.5698672340359275, -0.04991155412653428, 0.04073449372514867], [-0.4994624753157977, 0.29774012448036224, -0.3892994152835362, -0.21688216809813643, -0.6653232338633963, -0.3274613389214438, 0.0571946195760796, 0.49148620771752116, -0.47750393978124134, 0.17342971478673655, 0.17957333125326108, 0.5541047951791983, -0.040029792252158525]], "inverted": false, "swapped": false, "error_lsq": 0.043276738455214896, "error_max": 0.281230701539036, "target": "134.xyz", "model": "9.xyz", "model_rescale": 3.833441315466971, "target_rescale": 3.700621310538993},
{"mapping": [6, 13, 0, 10, 12, 4, 5, 3, 11, 8, 7, 9, 14], "R": [[0.7045752323353938, -0.19414127811404497, 0.6825561560133873], [-0.4626428084568984, -0.8550023936102245, 0.2343769158938241], [0.5380849131527847, -0.48091586691752247, -0.6922315762693351]], "T": [0.04687087323490274, -0.007813284198388436, -0.1581612611558042], "aligned_model": [[0.5544812176187506, -0.19510303879360105, -0.2469451805200763, -0.7666385805879186, -0.052648787910070556, 0.8394722379784677, 0.3395096410925003, 0.6027216006416986, -0.3134738328558956, -0.5502035547426073, 0.14172215104756558, -0.046664642201521896, 0.06920727932447995], [0.12333610636542063, -0.6990899722366027, -0.5574127623299273, -0.02976783358929029, 0.17739023293475487, -0.08255623436970846, -0.6069731357394543, 0.21737883320553844, 0.5659421685302861, 0.1970711052222311, 0.6064287155216158, 0.21999850455894793, 0.021350523192571212], [-0.5898569220955089, 0.15691286962486484, -0.4328165030447182, -0.27424101745210167, -0.7227988011740676, -0.11223579875677281, -0.045001085673942925, 0.47004278917187736, -0.2374925557375807, 0.2990956434435791, 0.08188868710307692, 0.6146666775135609, -0.07059755344481795]], "inverted": true, "swapped": false, "error_lsq": 0.048547764287509516, "error_max": 0.23825980764452745, "target": "134.xyz", "model": "10.xyz", "model_rescale": 4.2482417240324, "target_rescale": 3.700621310538993},
{"mapping": [3, 1, 11, 6, 8, 10, 9, 5, 2, 0, 4, 12], "R": [[0.8422707992690428, -0.27847612162377294, 0.4615527601304857], [0.4154841535796469, 0.8808924672553757, -0.22671872277547175], [-0.3434425990218633, 0.3827264177165178, 0.8576524181502605]], "T": [0.05530151251042735, 0.027739822994607758, 0.04852966504891034], "aligned_model": [[-0.7228370934225643, 0.05653811257182534, 0.38303868199695645, 0.5988134083927787, -0.5731246019139318, 0.17281905401191955, -0.33060221621374497, 0.6288471477974565, -0.08545710905694821, 0.08595551117058219, -0.3915352392436856, 0.05430994627236288], [-0.29807610132761775, -0.6346774241202557, -0.1243388497189962, -0.3666223798962373, 0.5418646155647328, 0.6274912095960994, 0.09606250169751024, 0.43115130446848576, -0.438060028724781, 0.6396983394265443, 0.14352089917023103, 0.048117303914923706], [0.062764242628366, 0.1310700810438483, 0.6469426844974152, -0.2717932273358916, -0.011437525902991554, 0.3770963814011901, 0.4762150498614145, -0.3735837281610709, -0.49073132066212866, -0.4595837930283396, -0.4953841246301617, -0.02638242985729356]], "inverted": false, "swapped": true, "error_lsq": 0.04589471135823841, "error_max": 0.23360684457210293, "target": "134.xyz", "model": "11.xyz", "model_rescale": 3.6694154284099745, "target_rescale": 3.700621310538993},
{"mapping": [11, 12, 2, 1, 3, 9, 10, 7, 4, 0, 6, 5, 13], "R": [[-0.08609738622425342, 0.026366753951455102, -0.9959377663144497], [-0.6503892916843972, 0.7557659748102195, 0.07623359221122372], [0.7547059091776214, 0.6543107714268674, -0.04792082060188123]], "T": [0.07490491773081948, 0.008446863242244931, -0.04605452049297759], "aligned_model": [[0.5168052751325574, -0.23562152158945682, -0.13142767731717966, -0.6879674284789492, -0.2728091353458168, 0.8372708267838906, 0.35835404530214054, 0.6302811628591707, -0.27006553461767774, -0.5098752591022999, 0.15737653699148643, 0.02200767914336682, -0.03889245966946106], [0.48163666183342013, -0.47891569861035826, -0.4841141090161299, -0.18594801127280014, 0.032028782563705685, -0.13112361697714037, -0.5540865788119199, -0.09930719004160692, 0.5126227688422742, 0.3368566919422446, 0.5178383400108472, 0.15312589345519567, 0.052482317348651206], [-0.4007996931797018, 0.31146410007667513, -0.4217194273194737, -0.35703669080543293, -0.8333205053910013, -0.25582717994864534, 0.036052153767966805, 0.4357251063257356, -0.46376338198523265, 0.20075916150565223, 0.1854051711721073, 0.741879901171125, -0.041252285912326034]], "inverted": true, "swapped": false, "error_lsq": 0.04040545022996344, "error_max": 0.22478412237536705, "target": "134.xyz", "model": "12.xyz", "model_rescale": 3.9764082729961374, "target_rescale": 3.700621310538993},
{"mapping": [7, 13, 6, 5, 4, 3, 14, 8, 0, 9, 2, 10, 15], "R": [[-0.8010886855670281, 0.4745081268565633, 0.3648272953104891], [-0.5432883247230885, -0.32065453483889605, -0.7758984891767939], [-0.2511866120558005, -0.8197699109105718, 0.514667445142591]], "T": [-0.04877827916672599, -0.023114754161185823, 0.03609571320834147], "aligned_model": [[0.3442026526930749, -0.17564937342193554, -0.21403738039203768, -0.753908096539357, -0.08470660128415773, 0.7676818351641248, 0.3501015723617309, 0.5369194204253124, -0.2156207171069372, -0.5364099062506539, 0.20741061920800458, 0.13520151277297526, 0.014250972461627723], [0.4215962617449961, -0.5765649808156885, -0.645106311266612, -0.01207649744619562, 0.030708029073331512, -0.12779528593161701, -0.7083070141479126, 0.20061735078685417, 0.5745301127877929, 0.3285787590968435, 0.7238331188371373, -0.012746395224673378, -0.044170896227873374], [-0.43169889818568075, 0.26429982852062994, -0.37557738288976544, -0.41721875090619787, -0.6792195917124635, -0.13962655427283144, -0.0649709503063274, 0.3625233262509001, -0.34085540751418075, 0.041213868865163386, 0.14877063179691835, 0.8185219603710074, -0.04859565053972345]], "inverted": false, "swapped": false, "error_lsq": 0.04109854974063433, "error_max": 0.19186174897329625, "target": "134.xyz", "model": "13.xyz", "model_rescale": 4.170626492500431, "target_rescale": 3.700621310538993},
{"mapping": [2, 10, 8, 5, 4, 0, 7, 1, 6, 11, 3, 9, 13], "R": [[-0.24967795263912734, 0.7329077840047953, 0.6328563028927767], [0.9421138398623541, 0.03281644602159073, 0.3336833732901934], [0.2237910469740563, 0.67953606307222, -0.6986761097093298]], "T": [0.05494635784474792, -0.002339874064344204, -0.11847203387630896], "aligned_model": [[0.3914860203245465, -0.16645081568801864, 0.02989514455231356, -0.8034211042226951, -0.04377735271357102, 0.6371871576857658, 0.47507117508483027, 0.60065597954328, -0.3820680336140515, -0.46215502347789134, 0.17219155072217454, -0.040952843897696344, -0.032225344207215366], [0.3716740325272301, -0.4210050382719045, -0.6936485240580855, 0.20808978104495038, -0.16776972174697188, -0.10113490342292926, -0.6530553166090975, 0.014776470390764665, 0.6824851952960348, 0.2854391794858548, 0.6168024535729427, -0.03785794589524834, 0.048300588952842616], [-0.5424847936966198, 0.18817283695245246, -0.38869616300124676, -0.33328471662736736, -0.8010771357194759, -0.20269554426628494, 0.12130776857081337, 0.42256632838045854, -0.33646816472163926, 0.2681143457377633, 0.16151001430696438, 0.6851748090481531, -0.10457315548652246]], "inverted": true, "swapped": false, "error_lsq": 0.04413032659364286, "error_max": 0.27962694409288685, "target": "134.xyz", "model": "14.xyz", "model_rescale": 3.9786697098870705, "target_rescale": 3.700621310538993},
{"mapping": [10, 11, 8, 0, 9, 3, 6, 2, 4, 5, 1, 12], "R": [[0.15159770621301855, -0.4301102343865173, 0.8899569212871636], [0.9648548186444157, 0.2599119303958303, -0.038742320226917315], [-0.21464695294739977, 0.8645524707696397, 0.4543959846615158]], "T": [-0.06358829723189574, -0.0059380676356633535, -0.06596408816596125], "aligned_model": [[-0.010063861593015255, -0.6851274062404937, 0.6489785126019574, 0.5107553891820199, -0.007979341128419137, 0.2721572585609845, -0.4504014307837162, 0.08269126279602809, 0.5877660692708898, -0.00155330211603108, -0.4524281288831758, -0.011440424899691819], [-0.38673580689412534, 0.01307637640632052, 0.10381295086780615, -0.5536050298391321, 0.3425995904154813, 0.7680420894398525, -0.23165337213909548, 0.25024487460158534, 0.09871544922144743, -0.7898113461274313, 0.4380849662921161, -0.03809625202038609], [-0.6435421365288385, -0.3852841528243265, -0.44417435121693993, -0.004300418684222734, -0.5263265644516425, -0.056584962255676566, 0.5281416974017759, 0.5977809626947569, 0.2055053973545948, 0.16112505405915087, 0.24589836451235933, -0.018272396187161137]], "inverted": true, "swapped": true, "error_lsq": 0.05663936644612257, "error_max": 0.30134849261688157, "target": "134.xyz", "model": "15.xyz", "model_rescale": 3.769337070930944, "target_rescale": 3.700621310538993},
{"mapping": [9, 10, 1, 11, 3, 8, 2, 0, 6, 7, 12], "R": [[0.11775479732123212, 0.2908059910189959, 0.9495081270296192], [0.26819371999374547, 0.9113163263207329, -0.3123694638360162], [-0.9561411696312173, 0.2914351196557194, 0.02931952877357544]], "T": [-0.005169986975422923, 0.055019075655209936, 0.0037157826291610505], "aligned_model": [[-0.21375158937344158, -0.4035307794393368, -0.019299458606901104, -0.670822738465929, 0.3666742199326949, 0.2885763654460786, 0.5782748601737292, 0.37565487191841646, 0.06571979808919615, -0.5046342329375774, 0.059764813954241325], [-0.07387767915676755, -0.5118393735202466, 0.708654191565099, 0.26793079750101184, 0.24222581443270091, -0.5602074140108756, 0.48356756152709146, -0.5482045385512976, 0.5333960062484213, 0.020484102074560577, 0.03393502951564417], [-0.5220063934206945, 0.04177314737510011, -0.13108982559410473, -0.010869481736785348, -0.7301396885157507, -0.44131140133676594, 0.06307239733564429, 0.356852976731936, 0.5691038211213312, 0.5081435594247189, 0.04068849583914806]], "inverted": true, "swapped": true, "error_lsq": 0.04423215409806259, "error_max": 0.24136670054484366, "target": "134.xyz", "model": "16.xyz", "model_rescale": 3.7852294659196426, "target_rescale": 3.700621310538993},
{"mapping": [9, 1, 4, 3, 0, 10, 5, 6, 8, 2, 11, 7, 12], "R": [[0.17789109712706036, -0.9809072697460417, 0.07858553125287884], [-0.9720679114740312, -0.1875881624578783, -0.14104842001310014], [0.1530971359805467, -0.05129921505289432, -0.98687874507941]], "T": [-0.038569287094465235, 0.009045357737929942, -0.0787853493855909], "aligned_model": [[0.3580560755329049, -0.46631263385918087, 0.12283482955567028, -0.7708834470911757, -0.09748256167921368, 0.7440055883548996, 0.14848100255953123, 0.6997916731008066, -0.2045205218533102, -0.46195588795846576, 0.17996051833182486, 0.08798150421021515, 0.035480370887264676], [0.5411105569785755, -0.44711632361179177, -0.6191621633545461, -0.08888992433928639, -0.10779706636066193, -0.02363389197555444, -0.5546047312278781, -0.07070501344694163, 0.5786427697604621, 0.22643246219024796, 0.6334159763324255, 0.02739623293193763, 0.058007367389394764], [-0.632731854916189, 0.2096696800623019, -0.3635496495723069, -0.37309814685679255, -0.7485795190729571, -0.26789829508924884, 0.20320716276601836, 0.40686494316798727, -0.3475322324404794, 0.30536781545485847, 0.23797659468210813, 0.6104716039897048, -0.10260167269755689]], "inverted": true, "swapped": false, "error_lsq": 0.048889339744568786, "error_max": 0.29777064430746064, "target": "134.xyz", "model": "17.xyz", "model_rescale": 3.901054581598922, "target_rescale": 3.700621310538993},
{"mapping": [12, 8, 5, 2, 13, 11, 10, 6, 3, 0, 7, 1, 14], "R": [[-0.6700436732710982, 0.18909222134182063, -0.7178339694785904], [-0.7381290104401962, -0.27234858021129366, 0.6172453440921764], [-0.0787847691876451, 0.9434354152165947, 0.3220598973159201]], "T": [0.04429057792647771, -0.09817986318992676, -0.028944423675303664], "aligned_model": [[0.36113707577093596, -0.42253254025102027, -0.19568322758733642, -0.7276174454307447, -0.16152460580631633, 0.8206070872297896, 0.5586941604034099, 0.6016255088519807, -0.27843547841060723, -0.4402339857298507, 0.23605377315725223, -0.05549848586833635, 0.07884467376261522], [0.42518858748802757, -0.5090209332016618, -0.5287328569599364, -0.07707218924615182, -0.03513621173042031, 0.02193709547531532, -0.736176968210743, 0.11645630221112906, 0.5024694653095275, 0.42892124260093345, 0.49935578691510707, 0.12693420261334448, -0.08202727199808826], [-0.4504522714265293, 0.20279690554010218, -0.41251024490879196, -0.324664851724394, -0.7226070264270068, -0.16907144658954823, -0.0006178204759028014, 0.42606638558348314, -0.373145188123964, 0.22186404904278875, 0.1851934935782329, 0.6230151989703867, -0.0683007535614078]], "inverted": true, "swapped": false, "error_lsq": 0.03390125308213006, "error_max": 0.20374376679195202, "target": "134.xyz", "model": "18.xyz", "model_rescale": 3.9405287249114394, "target_rescale": 3.700621310538993},
{"mapping": [5, 12, 14, 3, 10, 9, 13, 7, 2, 1, 8, 4, 15], "R": [[-0.008025575727080014, 0.9854151141610201, -0.16997836014408663], [0.13298506286958278, -0.16742216431682047, -0.9768750134735993], [-0.9910855478654818, -0.0304445673067546, -0.12970183165122406]], "T": [0.018640387350248706, -0.010740257013254794, 0.016774124852926703], "aligned_model": [[0.4297315063500632, -0.33330950290002753, -0.1726451767894939, -0.7691312117314997, -0.22601373875771874, 0.7673614842374233, 0.36081106971545696, 0.6145221170318559, -0.1856559973778893, -0.5450584976828925, 0.3698444236091513, 0.05566138962716606, 0.009318644760176633], [0.5847762283873111, -0.3563835649660086, -0.6461276634091455, -0.19575149179406326, -0.07931197511171637, 0.022795752495589496, -0.585870732664032, -0.016956476691132517, 0.5547420048195696, 0.3275459617724572, 0.6197199030106949, -0.0821682939108833, 0.00608659932774243], [-0.3926484566621937, 0.2551038137917768, -0.38251479162413904, -0.2489613555764482, -0.7270983877471142, -0.14845874747828922, -0.04216656974261969, 0.3916232568859558, -0.6107751415417464, 0.07444062441287345, 0.24359534756805998, 0.7435426640395386, -0.018115826848205216]], "inverted": false, "swapped": false, "error_lsq": 0.04179260647097515, "error_max": 0.3010125675187492, "target": "134.xyz", "model": "19.xyz", "model_rescale": 4.410303926677745, "target_rescale": 3.700621310538993},
{"mapping": [6, 7, 2, 12, 4, 3, 1, 5, 11, 9, 10, 8, 13], "R": [[0.810580150526233, 0.3749673949596313, 0.4498436087020218], [0.5750729513905444, -0.3644680233355816, -0.7324303110500158], [-0.11068387485012608, 0.8523863635013421, -0.5110641517120132]], "T": [0.11174533018578424, -0.05277071470378844, -0.1399550721218964], "aligned_model": [[0.2867914270151264, -0.3165069258731043, -0.00744631001049674, -0.6427207464318374, -0.2114755139220964, 0.8110841872703303, 0.2689957605223522, 0.5429340906006717, -0.2797373424694027, -0.31836607506135495, 0.26148679145973885, -0.1177251368772629, 0.0981223038691075], [0.23610488906389135, -0.5654406110022555, -0.5713978128256688, -0.0353263067997239, -0.004381866157318892, 0.10376609884126714, -0.7023435954700755, 0.15553839629950736, 0.6067274725793178, 0.35781929634165455, 0.6423232022660453, -0.04234226453086057, -0.02795064733939706], [-0.6115646274865112, 0.10626179889124937, -0.5341986690960132, -0.1060202941697834, -0.7630764088488442, -0.25123887453378585, 0.20128863244178652, 0.5454311621528153, -0.45449725128826657, 0.20685431168230306, 0.2718166539282374, 0.5937288745337045, -0.06721887872944289]], "inverted": true, "swapped": false, "error_lsq": 0.04054863263479802, "error_max": 0.22841085289573665, "target": "134.xyz", "model": "20.xyz", "model_rescale": 4.121658175737393, "target_rescale": 3.700621310538993},
{"mapping": [3, 6, 2, 10, 4, 0, 1, 5, 11, 9, 7, 8, 12], "R": [[-0.1052782118172547, 0.719009484822885, -0.6869802463326667], [-0.3924851603212749, 0.6046955256505117, 0.6930358722215143], [0.9137132466174193, 0.3425911294721179, 0.21853928928884647]], "T": [-0.02321001643503967, -0.016452023404561096, -0.01029242763564206], "aligned_model": [[0.46337602262883965, -0.3346979943095117, -0.016546173591434565, -0.7793325405069864, -0.20248620226234518, 0.960267829932568, 0.41922859898360715, 0.4735525315027087, -0.3045653063893243, -0.5023458288090297, 0.24397772041749416, -0.11417797053919064, 0.06918582303437645], [0.16429752710174922, -0.5472942871030483, -0.55385845049738, -0.11911242575619702, -0.0030641524128699766, -0.012097139577170353, -0.5511112845396404, 0.10736276917070797, 0.695556093098695, 0.4246538196331082, 0.610384146225308, -0.09677344127882981, 0.03415307720195048], [-0.4720329711531802, 0.19900686233746748, -0.5463535804223411, -0.17281200198612454, -0.5550973615637782, -0.15141680961720994, -0.03790423783281256, 0.43892956436016817, -0.44440375666220056, 0.30358236223985235, -0.060344294899102306, 0.6522605165305303, -0.015847861853820595]], "inverted": true, "swapped": false, "error_lsq": 0.042321766598588724, "error_max": 0.2607800430393532, "target": "134.xyz", "model": "21.xyz", "model_rescale": 4.08911054899281, "target_rescale": 3.700621310538993},
{"mapping": [6, 14, 9, 12, 10, 8, 11, 1, 7, 13, 0, 2, 16], "R": [[-0.9834180982514386, 0.05840348036252205, -0.17169122724550828], [0.10144582759402654, -0.6075898739964439, -0.787745700769448], [-0.15032494169394278, -0.7921007375949919, 0.5915900890026665]], "T": [0.02089660491586922, -0.04898704297924711, 0.005803537609408813], "aligned_model": [[0.39409232403997674, -0.47228185476221873, -0.24651340643613093, -0.6561480680779024, -0.1382964337196537, 0.6860059003697434, 0.5838805876100044, 0.6768193846839289, -0.2359763115373131, -0.5181617949131826, 0.2246000796326292, 0.07081267006376768, 0.0066034331381224325], [0.4309822229052522, -0.4220534228381975, -0.5689763463254027, -0.09252178918700633, -0.016539718444703533, -0.054146620183130545, -0.5667821206874424, 0.014216215890386685, 0.47728146921487075, 0.32807056426711123, 0.6845183465585929, -0.055828170148592926, -0.005124379755354666], [-0.4253792398586901, 0.1773234171439676, -0.40119845476510213, -0.2852028930368366, -0.7846015210759945, -0.19006637310686614, 0.034618863209882014, 0.44826148625045087, -0.3977481268342653, 0.06883978448080279, 0.149170675010329, 0.7260225423520332, 0.01752626970773822]], "inverted": false, "swapped": false, "error_lsq": 0.03906512257898586, "error_max": 0.21846751627371447, "target": "134.xyz", "model": "22.xyz", "model_rescale": 4.204369325754507, "target_rescale": 3.700621310538993},
{"mapping": [5, 12, 14, 3, 10, 9, 13, 7, 2, 1, 8, 4, 15], "R": [[-0.008025575727080014, 0.9854151141610201, -0.16997836014408663], [0.13298506286958278, -0.16742216431682047, -0.9768750134735993], [-0.9910855478654818, -0.0304445673067546, -0.12970183165122406]], "T": [0.018640387350248706, -0.010740257013254794, 0.016774124852926703], "aligned_model": [[0.4297315063500632, -0.33330950290002753, -0.1726451767894939, -0.7691312117314997, -0.22601373875771874, 0.7673614842374233, 0.36081106971545696, 0.6145221170318559, -0.1856559973778893, -0.5450584976828925, 0.3698444236091513, 0.05566138962716606, 0.009318644760176633], [0.5847762283873111, -0.3563835649660086, -0.6461276634091455, -0.19575149179406326, -0.07931197511171637, 0.022795752495589496, -0.585870732664032, -0.016956476691132517, 0.5547420048195696, 0.3275459617724572, 0.6197199030106949, -0.0821682939108833, 0.00608659932774243], [-0.3926484566621937, 0.2551038137917768, -0.38251479162413904, -0.2489613555764482, -0.7270983877471142, -0.14845874747828922, -0.04216656974261969, 0.3916232568859558, -0.6107751415417464, 0.07444062441287345, 0.24359534756805998, 0.7435426640395386, -0.018115826848205216]], "inverted": false, "swapped": false, "error_lsq": 0.04179260647097515, "error_max": 0.3010125675187492, "target": "134.xyz", "model": "23.xyz", "model_rescale": 4.410303926677745, "target_rescale": 3.700621310538993},
{"mapping": [11, 5, 8, 3, 10, 14, 15, 13, 1, 0, 7, 12, 16], "R": [[0.37638040028770126, 0.6607873423157333, 0.6493826934208984], [0.5567643835795011, 0.3989120252168056, -0.7286169208265517], [-0.7405074040525244, 0.6357902833267722, -0.21776018959087706]], "T": [0.08936768303278356, -0.04167476194035878, -0.08036391889575766], "aligned_model": [[0.4393115677954945, -0.13479863379727083, -0.1111491347281501, -0.7717447960727465, -0.10146663179839724, 0.7598802328234505, 0.43667878673072136, 0.546574868256945, -0.28158502299167254, -0.45436435658289165, 0.11962090608814727, -0.05134856656581449, -0.020172709066043848], [0.30566403149861043, -0.4769585386867973, -0.6545508426378654, 0.10216399975021508, -0.07974581700372713, -0.13378637976791558, -0.6646805523861, 0.19781842809931272, 0.6542974787752749, 0.26678498073362655, 0.5933308227784269, 0.04271286480258786, 4.57753107340475e-05], [-0.4773733982540049, 0.3144518983255602, -0.5901507201748278, -0.29726641680233346, -0.7015859446843568, -0.08921606264992119, -0.05684853767522631, 0.3969108714851699, -0.41852376218991805, 0.3434212475872665, 0.11401598375113024, 0.7065626979722296, -0.10683142721331931]], "inverted": false, "swapped": false, "error_lsq": 0.04084360284674431, "error_max": 0.20600461577921012, "target": "134.xyz", "model": "24.xyz", "model_rescale": 4.28219845311461, "target_rescale": 3.700621310538993},
{"mapping": [3, 14, 11, 12, 9, 1, 8, 0, 7, 13, 4, 2, 15], "R": [[0.5960643622291442, 0.2878188802211936, 0.7495782602694545], [-0.8028514948548309, 0.22723761764872835, 0.5511737859647301], [-0.011694156221264851, -0.9303350779765047, 0.3665240638712881]], "T": [0.038737459373566915, -0.05887459601102685, -0.08191656717091275], "aligned_model": [[0.49410295727115555, -0.3990177985985653, -0.21832343623426198, -0.6876955850833352, -0.16648835524148037, 0.6630555450518129, 0.4939368968520584, 0.5639273047193196, -0.20013235115572142, -0.45408660823413116, 0.3186814508540218, -0.11644318983656647, 0.08391967972746506], [0.3985460717368677, -0.5252422532929181, -0.4738447186373096, -0.24123150425473172, 0.06245475213589022, -0.04007210725841415, -0.5825939924756882, 0.09703624218240292, 0.6297372300882353, 0.24206766764716153, 0.5795389553805804, 0.04608149378553521, -0.03938158577122819], [-0.510231802600819, 0.3316244431941797, -0.323156208451991, -0.2350860490199342, -0.714399956812652, -0.2224540822991851, -0.10330635012398953, 0.5225845568274904, -0.3544986141295605, 0.057635033564776034, 0.13878248597444787, 0.5766297180006438, -0.026556744645957656]], "inverted": true, "swapped": false, "error_lsq": 0.0399751708675039, "error_max": 0.21024841835643618, "target": "134.xyz", "model": "25.xyz", "model_rescale": 4.100010024507729, "target_rescale": 3.700621310538993},
{"mapping": [3, 1, 11, 6, 8, 10, 9, 5, 2, 0, 4, 12], "R": [[0.8422707992690428, -0.27847612162377294, 0.4615527601304857], [0.4154841535796469, 0.8808924672553757, -0.22671872277547175], [-0.3434425990218633, 0.3827264177165178, 0.8576524181502605]], "T": [0.05530151251042735, 0.027739822994607758, 0.04852966504891034], "aligned_model": [[-0.7228370934225643, 0.05653811257182534, 0.38303868199695645, 0.5988134083927787, -0.5731246019139318, 0.17281905401191955, -0.33060221621374497, 0.6288471477974565, -0.08545710905694821, 0.08595551117058219, -0.3915352392436856, 0.05430994627236288], [-0.29807610132761775, -0.6346774241202557, -0.1243388497189962, -0.3666223798962373, 0.5418646155647328, 0.6274912095960994, 0.09606250169751024, 0.43115130446848576, -0.438060028724781, 0.6396983394265443, 0.14352089917023103, 0.048117303914923706], [0.062764242628366, 0.1310700810438483, 0.6469426844974152, -0.2717932273358916, -0.011437525902991554, 0.3770963814011901, 0.4762150498614145, -0.3735837281610709, -0.49073132066212866, -0.4595837930283396, -0.4953841246301617, -0.02638242985729356]], "inverted": false, "swapped": true, "error_lsq": 0.04589471135823841, "error_max": 0.23360684457210293, "target": "134.xyz", "model": "26.xyz", "model_rescale": 3.6694154284099745, "target_rescale": 3.700621310538993},
{"mapping": [7, 2, 0, 4, 5, 3, 6, 12, 8, 10, 9, 11, 13], "R": [[0.9201008418609018, -0.2388986776340219, -0.31038985587737217], [0.3421041075240701, 0.8760577371486997, 0.3398346962819709], [0.1907333752179194, -0.4188678347720383, 0.8877896803699428]], "T": [0.02351726618584236, 0.025209768641492193, -0.13931231728193005], "aligned_model": [[0.42384790760686, -0.20680321965905937, -0.28664158408269336, -0.7929662994966136, -0.047833183515326186, 0.8184154876247379, 0.443910006468886, 0.4836113251384364, -0.2905644274555125, -0.4006291321341673, 0.2660351495441397, -0.03780624904911835, 0.002860729101202511], [0.29879548583884247, -0.47246611159832036, -0.49628153677101844, -0.03147678372715379, -0.11906304887886507, 0.16776348966505297, -0.5027906043934713, -0.12007781470812284, 0.5278403032752725, 0.3011316026539894, 0.5845701084495126, 0.032457835382442825, -0.017306673921778058], [-0.540578759441615, 0.2624349144832421, -0.4015748748695453, -0.2146236168321686, -0.9139560851993703, -0.11388645428457589, -0.014108556169715847, 0.4907176727966417, -0.3782106801963451, 0.1860454768462887, 0.16591648537538795, 0.716469407957011, -0.10707850098778657]], "inverted": false, "swapped": false, "error_lsq": 0.036872970981838886, "error_max": 0.27172725939647097, "target": "134.xyz", "model": "27.xyz", "model_rescale": 4.103607728864725, "target_rescale": 3.700621310538993},
{"mapping": [2, 6, 5, 9, 0, 4, 7, 8, 3, 10, 13, 11, 14], "R": [[-0.9005301269193773, -0.3573376981662243, 0.2476999394021619], [-0.2973429743070327, 0.9217885997859288, 0.24878290322074859], [-0.317226490288591, 0.1503846626952413, -0.9363502587628313]], "T": [-0.045205053222477004, 0.10627578109615547, -0.01345097897914603], "aligned_model": [[0.3721749196215346, -0.3932177327304818, -0.1904109334972054, -0.7499756161213604, -0.09565671396285036, 0.8318813830028406, 0.26574465579997353, 0.6671147221980721, -0.23546125327297637, -0.49865053422397654, 0.3645490863361135, 0.010335690470097414, 0.027008836471990552], [0.4656870224935165, -0.33835008961458574, -0.5759789234363824, -0.22189235171350596, -0.04776205236714441, 0.3056819697332293, -0.5374484679536737, -0.20245530358961605, 0.5338507933846813, 0.3023781845433044, 0.44670597659118594, -0.05419174470481107, 0.07687123790018534], [-0.5012400974084332, 0.273711471296379, -0.23386917436856858, -0.26982581458592436, -0.7087341707593858, -0.1255484475380953, 0.08147328139442976, 0.25030199579115897, -0.6004033107537291, 0.11187387660554078, 0.3554410920436879, 0.6523017021365062, -0.14791597437611786]], "inverted": true, "swapped": false, "error_lsq": 0.054178435808668, "error_max": 0.3269211105574218, "target": "134.xyz", "model": "28.xyz", "model_rescale": 4.137296879288765, "target_rescale": 3.700621310538993},
