[{"mapping": [2, 1, 8, 5, 6, 0, 4, 10, 9, 11], "R": [[-0.6045001328714221, -0.39007077504631793, -0.6945677647380406], [0.5498689585874169, 0.42655480158661024, -0.7181191611601778], [0.5763885128456523, -0.8160243818037378, -0.04336462338594366]], "T": [0.11571457432717969, -0.10023865270870862, 0.1340852617490446], "aligned_model": [[-0.1437634915596544, -0.042048376081810335, 0.5399175579735533, -0.47353613639049486, 0.6512909229233346, -0.4842938695381568, -0.2686588890035066, 0.0923731101686269, 0.6659755201415043, 0.05007545264386394], [-0.6309702131661077, 0.051312381196841964, -0.5162021876545307, 0.47525265002247313, 0.16630136638216364, -0.17080274525251216, -0.7045487955189568, 0.3888993406135816, -0.009051234964020508, -0.08368731986276466], [-0.41340482002824674, -0.5397275424624545, -0.08981127005102663, 0.03269644121447347, -0.27489992197086, 0.0006612379179955219, 0.5074681198549938, 0.6052121507125624, 0.3754442698356414, 0.11827972557440031]], "inverted": true, "swapped": false, "error_lsq": 0.050814798447973576, "error_max": 0.29232949763605715, "target": "136.xyz", "model": "0.xyz", "model_rescale": 3.751011558992144, "target_rescale": 3.606489203195834},
{"mapping": [11, 12, 9, 0, 13, 6, 10, 8, 5, 14], "R": [[-0.5787135143113572, 0.7615442486746631, 0.29178935152596275], [-0.24605914239977247, 0.1780680674725843, -0.9527573992302909], [-0.7775252837013644, -0.6231710203925744, 0.08433452761467553]], "T": [-0.023965272517047935, 0.02042792909670417, 0.10926532908855102], "aligned_model": [[-0.20197584102529031, 0.02630390237294837, 0.44442074555228545, -0.29377057826376196, 0.6123488459943603, -0.6798402916006665, 0.04104548025180053, 0.09193494960299792, 0.5546567032912523, -0.007792114898666595], [-0.6267347510688117, -0.07142148037671915, -0.4174216275673516, 0.7177745321256283, 0.14786712853901013, -0.3193919961218538, -0.7203924044823613, 0.2731512855086448, -0.00950976224688764, -0.007417682513130193], [-0.3222711025450187, -0.6262697143407022, -0.04269494578793728, -0.01886480294301912, -0.21687235859739024, -0.02518214406233235, 0.4548265877809723, 0.7118566464640007, 0.3424742284563389, 0.06491599617256749]], "inverted": false, "swapped": false, "error_lsq": 0.0445455944205948, "error_max": 0.22917221734050647, "target": "136.xyz", "model": "1.xyz", "model_rescale": 3.9405287249114394, "target_rescale": 3.606489203195834},
{"mapping": [1, 4, 7, 9, 3, 2, 0, 11, 6, 12], "R": [[-0.6811353806617058, -0.034617131695657034, -0.7313386680628876], [0.24171458433320678, 0.9322441768167018, -0.2692486852557966], [0.6911068317788923, -0.3601700278819928, -0.6266170266470792]], "T": [0.03932962003331877, -0.023598689375346135, 0.013070342072565765], "aligned_model": [[-0.1507835057488154, 0.05615833615775603, 0.7037531112495127, -0.2842451894659446, 0.5101736585639591, -0.6078174716981409, -0.10448348038602073, 0.09156112283064063, 0.4122224977463955, -0.039207277972082684], [-0.7383921304434288, -0.06406279789118946, -0.3709240972510914, 0.7068115526899797, 0.20873073841256706, -0.23607123714666567, -0.6026859551406052, 0.3110069910951134, -0.20405979708633787, -0.0438500254421742], [-0.27004388994282014, -0.6867690481581009, -0.24541822347758077, 0.12343939585869995, -0.21304601499341214, 0.028093178978049936, 0.6020573699875887, 0.6399077992730879, 0.3648378558426776, -0.021140032770711158]], "inverted": true, "swapped": false, "error_lsq": 0.052241973073886096, "error_max": 0.2765837726038344, "target": "136.xyz", "model": "2.xyz", "model_rescale": 3.932901565614263, "target_rescale": 3.606489203195834},
{"mapping": [0, 1, 4, 11, 6, 3, 7, 9, 5, 13], "R": [[0.16890981483608383, -0.9856244814584992, 0.003722365068646094], [0.7875852405966722, 0.13723990260389882, 0.6007284727125513], [-0.5926035464341417, -0.09853725530446222, 0.7994444609044091]], "T": [-0.01863155087846461, -0.033766123731064135, 0.015265356074982857], "aligned_model": [[-0.125787033298023, -0.08509028344908653, 0.5007745136288669, -0.5688854913797552, 0.6134314164407851, -0.4967272099582151, -0.010330865536152253, 0.09599389343645043, 0.5922012065353092, 0.0717516548570803], [-0.5662975847161078, 0.043582614235131045, -0.7335043846797761, 0.6687280906738863, 0.1354243035127302, -0.20403411568126467, -0.5003097663567633, 0.1453528390427368, -0.05669944467643473, 0.03426069044203016], [-0.377007858396224, -0.7184709933805261, -0.04646073934059719, -0.022565557974271514, -0.18110996150440595, -0.04058112785699243, 0.5556454773743641, 0.718522310593949, 0.3936264150059587, 0.04032042607622485]], "inverted": false, "swapped": false, "error_lsq": 0.050741728265490636, "error_max": 0.2658319591699863, "target": "136.xyz", "model": "3.xyz", "model_rescale": 3.9243930471874484, "target_rescale": 3.606489203195834},
{"mapping": [9, 1, 11, 2, 5, 8, 10, 3, 6, 12], "R": [[-0.6973029542282365, -0.6657195506652744, 0.26568039048187037], [0.3484036909984236, -0.6387222468461182, -0.6860384533555839], [0.6264051868585134, -0.38581261156923286, 0.6773220582786887]], "T": [-0.03738497299476649, -0.11383501783933994, 0.042077725148538414], "aligned_model": [[-0.0692224622437769, -0.06753818244065507, 0.467926054963569, -0.3834196358014933, 0.5830661644473781, -0.5499691336781928, -0.11538458941291344, 0.08132699986342454, 0.6013143077768639, 0.03923227780305568], [-0.6415307585170714, 0.17106357401967517, -0.7220497700003495, 0.7384731706324602, 0.19567555158524516, -0.47563575249019785, -0.5298774564034804, 0.32373520699918, -0.05227305893361281, -0.04107746509568089], [-0.4250528468822101, -0.612203465395212, 0.012587698615319054, 0.11310767878593964, -0.26266264506207376, -0.009826759617175357, 0.6059504667056541, 0.5394640299454813, 0.373423267889349, -0.012869034387592668]], "inverted": false, "swapped": false, "error_lsq": 0.04805287133354484, "error_max": 0.2511013653793197, "target": "136.xyz", "model": "4.xyz", "model_rescale": 3.8936222436046832, "target_rescale": 3.606489203195834},
{"mapping": [4, 10, 5, 8, 7, 2, 1, 9, 6, 11], "R": [[0.27609696643062165, -0.01323570699304999, -0.9610386470835617], [-0.9588468239085488, -0.0726700740665526, -0.27446644351477767], [-0.0662059922385958, 0.9972682068508734, -0.03275500261253389]], "T": [-0.04769864784584114, 0.013853117975483706, 0.07003369861038053], "aligned_model": [[-0.04018812440649306, -0.23906363052913385, 0.5190963387604522, -0.09842486894009247, 0.46293668359387025, -0.6281291422681712, -0.0689791638343277, -0.019639021442702125, 0.6704322226020841, 0.029290507741773657], [-0.6130204059612017, 0.09755494779474108, -0.561187402570921, 0.7474422188207807, 0.1936176167604225, -0.41932121369183706, -0.5957939404637727, 0.30837741444814676, -0.05392144754053295, -0.13724454579965772], [-0.4174063242967665, -0.5264902712119526, -0.002372792359386644, -0.0016371318948533303, -0.28589299419322367, -0.11057334569670618, 0.5905972114852979, 0.6127159629001369, 0.4081213932792872, 0.05485668258564606]], "inverted": true, "swapped": false, "error_lsq": 0.04926901495681195, "error_max": 0.2712773464728982, "target": "136.xyz", "model": "5.xyz", "model_rescale": 3.6523030999806103, "target_rescale": 3.606489203195834},
{"mapping": [10, 6, 9, 1, 8, 4, 11, 3, 7, 12], "R": [[0.5360122861726928, 0.6853666412566533, 0.4929131730076781], [0.33190274030343137, 0.36577438519407174, -0.8695111673319509], [-0.7762289611003936, 0.6296679015071935, -0.031415501914356464]], "T": [0.0659615367663149, 0.015146473353953832, 0.0006504389451806106], "aligned_model": [[-0.19921739757965606, -0.07994843580771781, 0.5210639991792453, -0.2055247444530754, 0.5646736681642047, -0.39768620744333394, 0.06568024813720354, -0.17215248336642514, 0.39246160708560796, 0.09798154736120612], [-0.5951890480900365, 0.07960146085174538, -0.5311600460058031, 0.6473223639447201, 0.13921561620773956, -0.2696413755430246, -0.6849652430069492, 0.21413312780698654, -0.09700345532252297, 0.06418984095331189], [-0.4065887115669244, -0.6295719793820431, -0.1300928621885929, -0.09434276322676438, -0.4347759732700082, 0.1824697237772724, 0.5339538316138155, 0.6222183979921331, 0.5902589169002906, 0.08838980994830023]], "inverted": true, "swapped": false, "error_lsq": 0.052111426030355124, "error_max": 0.24032512544483994, "target": "136.xyz", "model": "6.xyz", "model_rescale": 4.08911054899281, "target_rescale": 3.606489203195834},
{"mapping": [5, 8, 12, 9, 11, 6, 7, 1, 13, 14], "R": [[0.345786140614832, 0.2808063318237949, 0.8953098619843103], [-0.2586792688178582, -0.888664739789473, 0.37862912743048005], [0.9019517619266333, -0.3625228051620659, -0.23464917407668168]], "T": [-0.04346886893638346, -0.11811307865530996, -0.0016477498855548486], "aligned_model": [[-0.022321285170935977, -0.22066917413867446, 0.5906902722987484, -0.15863974365223868, 0.44578838154123474, -0.4697440406856367, -0.09887292314507429, 0.046721815573564286, 0.49683340981666124, -0.022454911160388703], [-0.8004104690185605, 0.16277472512430535, -0.43330004124769156, 0.6471672119997531, 0.18346762797682714, -0.25051929825216634, -0.7763009085113366, 0.4135805727498013, -0.22568314832179728, 0.045726969297033127], [-0.3400621118557726, -0.5973415192075641, -0.08227826650864245, -0.12670395428932457, -0.12084289743569115, 0.22173765119448255, 0.4020949106596313, 0.49545743047220636, 0.4804276073334568, -0.010570459765302957]], "inverted": false, "swapped": false, "error_lsq": 0.049021902338919836, "error_max": 0.20629970567538905, "target": "136.xyz", "model": "7.xyz", "model_rescale": 3.964800864290218, "target_rescale": 3.606489203195834},
{"mapping": [3, 0, 5, 2, 1, 6, 10, 12, 8, 13], "R": [[0.29809320103543074, -0.936482505993033, 0.18477272381349852], [0.8760528167806972, 0.19154203221723845, -0.4425416501355511], [0.3790407705076808, 0.2937893222414652, 0.8775055147575108]], "T": [-0.04261643549816723, -0.026197035192459694, 0.0990971692362684], "aligned_model": [[-0.18624231683089443, -0.1590282977625666, 0.5245916368669458, -0.21496772307269785, 0.5225698226057025, -0.5835739408657676, 0.08016635869713401, -0.037708011655255315, 0.6265380506708049, 0.014986222623854413], [-0.5199382459154951, 0.04882539678793707, -0.6358961377664878, 0.5517578726961003, 0.2747951020824982, -0.20929317496691335, -0.7608666296233226, 0.3904001755038013, -0.11493477231154087, -0.058346344690409516], [-0.412326254892462, -0.6037394302280911, 0.024179014342690014, -0.17453010621890166, -0.2921675980525761, -0.0026210895214143493, 0.44596744106078967, 0.7292539820249923, 0.46708557810019513, 0.14081685398225752]], "inverted": false, "swapped": false, "error_lsq": 0.04735526534889184, "error_max": 0.20175799976465836, "target": "136.xyz", "model": "8.xyz", "model_rescale": 4.121658175737393, "target_rescale": 3.606489203195834},
{"mapping": [2, 8, 3, 9, 11, 1, 0, 5, 10, 12], "R": [[-0.24514843407132925, -0.884414363790234, -0.3971315630794041], [-0.052696943611042935, 0.4211815656602267, -0.9054441566888898], [0.9680523112964659, -0.20104059756555587, -0.14985793513876566]], "T": [0.014844748012163247, 0.027455489078211798, -0.0025942684748754136], "aligned_model": [[-0.07381661521407322, 0.016095838762471996, 0.5274366823471713, -0.4697248351467543, 0.5910217869827149, -0.5399320783789453, -0.136585658682781, 0.11584331098708825, 0.6153270857036358, -0.05833371608326894], [-0.5788081932962474, 0.08879173362545605, -0.5669161379929472, 0.6951722101793371, 0.09692426594270664, -0.37881911296093673, -0.4973858475963203, 0.2502971709018683, -0.12224576755889713, -0.020507079447851816], [-0.3295957378347423, -0.7283970223991594, -0.08417777941611827, 0.10937231794313657, -0.25993875230459035, 0.043180575608660524, 0.5634752028518974, 0.5647317236978618, 0.43728222155069935, 0.005985640899833387]], "inverted": true, "swapped": false, "error_lsq": 0.044600766950957486, "error_max": 0.24706794334165905, "target": "136.xyz", "model": "9.xyz", "model_rescale": 3.833441315466971, "target_rescale": 3.606489203195834},
{"mapping": [8, 7, 10, 4, 12, 2, 13, 5, 0, 14], "R": [[-0.7983308721469005, 0.5238438684868778, 0.297078137913028], [0.31581067576477373, -0.055863866483727986, 0.9471762483796167], [0.5127684035216741, 0.8499804879349826, -0.12083763685062154]], "T": [0.10624315671961251, 0.02325004298364955, -0.07438936097334395], "aligned_model": [[-0.025738539020131013, -0.15595805335380905, 0.5847806124620186, -0.29954798723895903, 0.6514245040030682, -0.4967084511783485, -0.05545822803507236, -0.12382979587371432, 0.49037232019061316, 0.017995419321593792], [-0.6865766031369922, 0.07250742006288788, -0.6419730620055459, 0.6903115554869956, 0.2176809250748109, -0.24959018761642485, -0.41970787108874363, 0.15471785028877016, -0.1771958343654936, 0.006329049095903677], [-0.3681347044658376, -0.6849122622810043, -0.13946061084599218, 0.08770649372930106, -0.24170340095272433, 0.20607065761575258, 0.5685161452588756, 0.5478789522118794, 0.45105254611864654, -0.10509542579141726]], "inverted": true, "swapped": false, "error_lsq": 0.04783367336270099, "error_max": 0.2694592550896583, "target": "136.xyz", "model": "10.xyz", "model_rescale": 4.2482417240324, "target_rescale": 3.606489203195834},
{"mapping": [0, 1, 10, 2, 8, 6, 4, 7, 9, 11], "R": [[-0.07700613862805253, 0.01845747704412684, 0.9968597575159521], [-0.957669457868272, 0.2767884073504604, -0.07910364734123165], [-0.27737927838951393, -0.9607536099841423, -0.003638244432602439]], "T": [0.01526481831986163, -2.351521291589498e-05, 0.024376585803602406], "aligned_model": [[-0.015548618037277397, -0.08324317233607098, 0.499779220790886, -0.49843458300516313, 0.5390017979039349, -0.5875823666483032, -0.1926801483454559, 0.2945043702070256, 0.5837757066260391, 0.0477595941216448], [-0.5794387665834115, 0.099097579148497, -0.42091419363733135, 0.5260654239354317, 0.1590519161770646, -0.22439468727854567, -0.6958771308525505, 0.4115691648201063, -0.2373086704739164, -0.07134739345917655], [-0.4626223613749126, -0.6681678085768074, -0.03129381160897166, -0.05988870698503552, -0.2535665959783182, 0.1063216092329187, 0.5126246955511504, 0.48391220477175373, 0.5719183897866313, 0.12268077577907008]], "inverted": true, "swapped": false, "error_lsq": 0.05309045245279009, "error_max": 0.3186263979995104, "target": "136.xyz", "model": "11.xyz", "model_rescale": 3.6694154284099745, "target_rescale": 3.606489203195834},
{"mapping": [12, 1, 5, 3, 0, 10, 7, 11, 6, 13], "R": [[0.07877329978690756, -0.9375818070580281, -0.3387257331743262], [0.9171866574462441, 0.2012933100610605, -0.34387445198393024], [0.3905936541257021, -0.28358659770599987, 0.8757940619565008]], "T": [-0.019240531768948334, -0.07102590472716064, 0.10421325209843801], "aligned_model": [[-0.11489357867524999, -0.10588680316063301, 0.5343457364665881, -0.3177478458023961, 0.5503602554563751, -0.5037298465515514, -0.01466230921124468, 0.0265889721539311, 0.4802142655108149, 0.052742955090625314], [-0.5173661109619463, 0.3039103059091063, -0.6508932521313403, 0.6951567824688982, 0.03330652861386793, -0.4809592146870041, -0.6759156175834885, 0.33099800903859067, -0.04798689617901024, -0.023747292691505738], [-0.399174684966326, -0.6497023636764294, 0.06100566581807704, -0.150946254706392, -0.314603594471623, 0.13166452812147672, 0.535783401238002, 0.7217123033023447, 0.3685405927444992, 0.017638797193850184]], "inverted": false, "swapped": false, "error_lsq": 0.04899574680250495, "error_max": 0.24541113291404776, "target": "136.xyz", "model": "12.xyz", "model_rescale": 3.9764082729961374, "target_rescale": 3.606489203195834},
{"mapping": [4, 3, 0, 11, 2, 6, 5, 12, 9, 15], "R": [[0.4920755828360144, 0.5223088184797113, 0.6964589858095919], [0.5107262110176507, 0.4746734398437866, -0.7168290332334636], [-0.704996707904478, 0.7084339232738616, -0.03318159427534165]], "T": [0.026883256927653337, 0.02394945895392339, 0.06636156364137374], "aligned_model": [[-0.055050802138812666, -0.19713182621748665, 0.5548048873212503, -0.33008278833800264, 0.7494917509166001, -0.6414692882662411, 0.02597223084223174, 0.07423440197106887, 0.4233776186741517, -0.016814383487499883], [-0.6328747315352651, 0.2451100986669874, -0.46007926138944577, 0.6907698531212554, 0.14343368397994175, -0.33585473646266506, -0.6933158248336856, 0.2628987522552143, -0.23320701622952125, -0.02037757577664813], [-0.21244395017128975, -0.7142463156929284, -0.05247817528289461, -0.1754451839884898, -0.24958146649393087, 0.1529907849970834, 0.5003587854519187, 0.6561705490274556, 0.43806291539044345, -0.021469552639888367]], "inverted": true, "swapped": false, "error_lsq": 0.04246536463750996, "error_max": 0.20121491270952094, "target": "136.xyz", "model": "13.xyz", "model_rescale": 4.170626492500431, "target_rescale": 3.606489203195834},
{"mapping": [5, 11, 6, 9, 3, 12, 4, 0, 2, 13], "R": [[0.6927789727386523, 0.20187636399759185, 0.6923172889580975], [-0.031174407767586218, 0.9675045637126046, -0.2509244418059408], [-0.7204758505540059, 0.15225259555880982, 0.6765601938586747]], "T": [-0.016605223834634787, 0.028217935605004574, 0.20336221067878532], "aligned_model": [[-0.1427336464599055, -0.04804275583206039, 0.4543083304262604, -0.24173241498711098, 0.529451386147898, -0.5684699643868982, -0.0739660841366652, 0.15210030204654354, 0.5366098674204619, -0.010193218961264086], [-0.6453253932428413, 0.035465634038714694, -0.45139883099673844, 0.6412338658725396, 0.2744901091432419, -0.4248782985964236, -0.5771100799287874, 0.2916383293994787, -0.1645396234561615, -0.013072470436855103], [-0.39467694650647, -0.5027672417451101, -0.3023031417411204, -0.276049570054546, -0.13817226732456347, 0.042566589240139036, 0.568534575334646, 0.7113056604822077, 0.5029114611681508, 0.11056927174414638]], "inverted": true, "swapped": false, "error_lsq": 0.049112187582170924, "error_max": 0.2498483936436665, "target": "136.xyz", "model": "14.xyz", "model_rescale": 3.9786697098870705, "target_rescale": 3.606489203195834},
{"mapping": [1, 0, 6, 2, 9, 4, 10, 5, 7, 11], "R": [[0.021895393832428417, -0.47343814311399846, 0.8805548911758381], [0.9808935694712175, -0.16012795987851974, -0.11048457736334419], [0.19330907143467552, 0.8661497336545871, 0.4608863653777916]], "T": [0.11772287872460938, -0.03200156044312785, 0.00885594221666685], "aligned_model": [[-0.0306965368057652, -0.1936999961998521, 0.6982328927966872, -0.4161856873697556, 0.5849221053552655, -0.46933568229353984, -0.16192459179363047, -0.09824542104915548, 0.480144075266587, 0.19412064337041912], [-0.6428866311386325, 0.07351819895867627, -0.5314769762859345, 0.6490407772824025, 0.1484084023661794, -0.06993456293256313, -0.6830968402502331, 0.3392229451729404, -0.24339599580413823, -0.0728960755725292], [-0.2470018287954956, -0.6040771368615567, -0.19335217664755536, -0.06164507581454088, -0.3607267900694692, 0.17867367788813326, 0.44496741574441556, 0.6872434772236732, 0.5195802067529989, -0.041743378823124094]], "inverted": false, "swapped": false, "error_lsq": 0.053150535739332504, "error_max": 0.23015599438635098, "target": "136.xyz", "model": "15.xyz", "model_rescale": 3.769337070930944, "target_rescale": 3.606489203195834},
{"mapping": [8, 7, 6, 1, 5, 3, 2, 0, 4, 10], "R": [[0.8903361400493726, -0.016010598307918816, -0.45502221754965644], [-0.21210867004767278, -0.8988955852605383, -0.38340140700018577], [-0.40287897663267547, 0.4378702862046443, -0.8037152124020495]], "T": [-0.018640398424047903, -0.08395264477015679, -0.04360548428263806], "aligned_model": [[-0.1406901252678618, 0.07232384142830431, 0.5342739784627145, -0.2916026682573388, 0.49316064687507716, -0.6017720010325278, -0.08146770701276457, 0.0029542276353086497, 0.6281712735958, -0.028019665149451523], [-0.7725042283011234, 0.20475010398632093, -0.5565591794650351, 0.6653967620639405, 0.3344985794664603, -0.2648331566494381, -0.6118545284165888, 0.19725967411296885, -0.1159805341487542, -0.11367025085258324], [-0.31285312631684553, -0.6913035095318713, -0.09295814069617567, -0.1149883402443796, -0.1576632963077917, 0.28301847867514857, 0.4701047343849915, 0.537706324005809, 0.39072319284831647, 0.010132073780277147]], "inverted": false, "swapped": false, "error_lsq": 0.04428373908178696, "error_max": 0.22440434044976426, "target": "136.xyz", "model": "16.xyz", "model_rescale": 3.7852294659196426, "target_rescale": 3.606489203195834},
{"mapping": [10, 4, 9, 1, 0, 6, 11, 2, 8, 12], "R": [[-0.6203206582997465, 0.305308081848035, 0.7224882393816824], [0.38121229393171124, 0.9223744203419073, -0.06247091846814304], [-0.6854775472923181, 0.2366693978046261, -0.6885551018625191]], "T": [0.03191847409921635, 0.04576008648306276, 0.06524568712712363], "aligned_model": [[-0.10311326012516392, -0.06933071178301478, 0.5842806253921962, -0.2571009401261669, 0.5525304170119343, -0.6641561561652135, -0.029025918455383028, -0.03852828223363578, 0.5646547008479135, 0.04712132691379357], [-0.6093291578480887, 0.225131599915526, -0.6129499984719045, 0.6707751471744766, 0.10914986868578638, -0.49788159478623717, -0.44908412938306264, 0.31386434306270794, -0.13867832805758712, -0.04449450849544942], [-0.38406443738949275, -0.6125161793250453, -0.025632601311055117, 0.07408346721004684, -0.37143737431178525, -0.020352603690573137, 0.6031555842969603, 0.6104469189272037, 0.3914059164681052, 0.05682969972311505]], "inverted": true, "swapped": false, "error_lsq": 0.05071066169376792, "error_max": 0.2843741462300898, "target": "136.xyz", "model": "17.xyz", "model_rescale": 3.901054581598922, "target_rescale": 3.606489203195834},
{"mapping": [11, 12, 9, 0, 13, 6, 10, 8, 5, 14], "R": [[-0.5787135143113572, 0.7615442486746631, 0.29178935152596275], [-0.24605914239977247, 0.1780680674725843, -0.9527573992302909], [-0.7775252837013644, -0.6231710203925744, 0.08433452761467553]], "T": [-0.023965272517047935, 0.02042792909670417, 0.10926532908855102], "aligned_model": [[-0.20197584102529031, 0.02630390237294837, 0.44442074555228545, -0.29377057826376196, 0.6123488459943603, -0.6798402916006665, 0.04104548025180053, 0.09193494960299792, 0.5546567032912523, -0.007792114898666595], [-0.6267347510688117, -0.07142148037671915, -0.4174216275673516, 0.7177745321256283, 0.14786712853901013, -0.3193919961218538, -0.7203924044823613, 0.2731512855086448, -0.00950976224688764, -0.007417682513130193], [-0.3222711025450187, -0.6262697143407022, -0.04269494578793728, -0.01886480294301912, -0.21687235859739024, -0.02518214406233235, 0.4548265877809723, 0.7118566464640007, 0.3424742284563389, 0.06491599617256749]], "inverted": false, "swapped": false, "error_lsq": 0.0445455944205948, "error_max": 0.22917221734050647, "target": "136.xyz", "model": "18.xyz", "model_rescale": 3.9405287249114394, "target_rescale": 3.606489203195834},
{"mapping": [10, 1, 14, 0, 12, 5, 11, 7, 13, 15], "R": [[0.36009853087753463, 0.0777945117523261, -0.9296650267709647], [0.9206629702051679, 0.13133419559997575, 0.3676017197444888], [0.15069420477523254, -0.9882810040708689, -0.024329275366023403]], "T": [0.04658669928477775, 0.011946879347524614, 0.017041692170162964], "aligned_model": [[-0.009584775980614538, -0.1280022039694244, 0.5948132132538949, -0.21619366308306914, 0.511002037782581, -0.7080110315288586, 0.019389417717490573, 0.0037957651208147952, 0.49557130590455234, 0.0245517360598929], [-0.7084133503484249, 0.18861012537186697, -0.5259764436188386, 0.6185611527644715, 0.17328309564526834, -0.2532363116749211, -0.631787309897489, 0.3362612816935302, -0.21401474545221685, -0.016784252687079036], [-0.2925224236207902, -0.5943732539540517, -0.08208020281919232, -0.17174353605652803, -0.2246773200901291, 0.24402799706306078, 0.3396557082516577, 0.6404313402440392, 0.46278154063371935, 0.0004185409456933728]], "inverted": true, "swapped": false, "error_lsq": 0.042352748244205755, "error_max": 0.24428968305724658, "target": "136.xyz", "model": "19.xyz", "model_rescale": 4.410303926677745, "target_rescale": 3.606489203195834},
{"mapping": [3, 0, 5, 2, 1, 6, 10, 12, 8, 13], "R": [[0.29809320103543074, -0.936482505993033, 0.18477272381349852], [0.8760528167806972, 0.19154203221723845, -0.4425416501355511], [0.3790407705076808, 0.2937893222414652, 0.8775055147575108]], "T": [-0.04261643549816723, -0.026197035192459694, 0.0990971692362684], "aligned_model": [[-0.18624231683089443, -0.1590282977625666, 0.5245916368669458, -0.21496772307269785, 0.5225698226057025, -0.5835739408657676, 0.08016635869713401, -0.037708011655255315, 0.6265380506708049, 0.014986222623854413], [-0.5199382459154951, 0.04882539678793707, -0.6358961377664878, 0.5517578726961003, 0.2747951020824982, -0.20929317496691335, -0.7608666296233226, 0.3904001755038013, -0.11493477231154087, -0.058346344690409516], [-0.412326254892462, -0.6037394302280911, 0.024179014342690014, -0.17453010621890166, -0.2921675980525761, -0.0026210895214143493, 0.44596744106078967, 0.7292539820249923, 0.46708557810019513, 0.14081685398225752]], "inverted": false, "swapped": false, "error_lsq": 0.04735526534889184, "error_max": 0.20175799976465836, "target": "136.xyz", "model": "20.xyz", "model_rescale": 4.121658175737393, "target_rescale": 3.606489203195834},
{"mapping": [10, 6, 9, 1, 8, 4, 11, 3, 7, 12], "R": [[0.5360122861726928, 0.6853666412566533, 0.4929131730076781], [0.33190274030343137, 0.36577438519407174, -0.8695111673319509], [-0.7762289611003936, 0.6296679015071935, -0.031415501914356464]], "T": [0.0659615367663149, 0.015146473353953832, 0.0006504389451806106], "aligned_model": [[-0.19921739757965606, -0.07994843580771781, 0.5210639991792453, -0.2055247444530754, 0.5646736681642047, -0.39768620744333394, 0.06568024813720354, -0.17215248336642514, 0.39246160708560796, 0.09798154736120612], [-0.5951890480900365, 0.07960146085174538, -0.5311600460058031, 0.6473223639447201, 0.13921561620773956, -0.2696413755430246, -0.6849652430069492, 0.21413312780698654, -0.09700345532252297, 0.06418984095331189], [-0.4065887115669244, -0.6295719793820431, -0.1300928621885929, -0.09434276322676438, -0.4347759732700082, 0.1824697237772724, 0.5339538316138155, 0.6222183979921331, 0.5902589169002906, 0.08838980994830023]], "inverted": true, "swapped": false, "error_lsq": 0.052111426030355124, "error_max": 0.24032512544483994, "target": "136.xyz", "model": "21.xyz", "model_rescale": 4.08911054899281, "target_rescale": 3.606489203195834},
{"mapping": [14, 13, 9, 0, 10, 2, 15, 8, 5, 16], "R": [[0.16442040130774438, 0.9461848770335766, -0.2787473947981498], [-0.24923650566562025, -0.23357195628483185, -0.9398538745362855], [-0.95438309701995, 0.22400517786478039, 0.19741981767891625]], "T": [-0.0003968998929572906, -0.051972649627932875, 0.032838888989410446], "aligned_model": [[-0.006250656946549214, -0.1557017432287351, 0.5735642000600514, -0.39535143024954755, 0.7402051639796625, -0.6773577704480943, -0.24980024847117147, 0.146331836707443, 0.637114115845449, -0.025421665971248567], [-0.6226303998355353, 0.03838379622583151, -0.46690112428976416, 0.6088429343285332, 0.17692253241179343, -0.27844121368713814, -0.6494914102570302, 0.2702067990696996, -0.0864816114233575, -0.023907060746864973], [-0.26065395862943497, -0.6031218679424644, -0.044301426138652435, -0.05326036263541022, -0.19132843209364353, 0.1409582609975992, 0.36791547472529057, 0.6290209909956792, 0.3330353085485965, 0.003654402769919355]], "inverted": false, "swapped": false, "error_lsq": 0.04535551687799866, "error_max": 0.2757911081713341, "target": "136.xyz", "model": "22.xyz", "model_rescale": 4.204369325754507, "target_rescale": 3.606489203195834},
{"mapping": [10, 1, 14, 0, 12, 5, 11, 7, 13, 15], "R": [[0.36009853087753463, 0.0777945117523261, -0.9296650267709647], [0.9206629702051679, 0.13133419559997575, 0.3676017197444888], [0.15069420477523254, -0.9882810040708689, -0.024329275366023403]], "T": [0.04658669928477775, 0.011946879347524614, 0.017041692170162964], "aligned_model": [[-0.009584775980614538, -0.1280022039694244, 0.5948132132538949, -0.21619366308306914, 0.511002037782581, -0.7080110315288586, 0.019389417717490573, 0.0037957651208147952, 0.49557130590455234, 0.0245517360598929], [-0.7084133503484249, 0.18861012537186697, -0.5259764436188386, 0.6185611527644715, 0.17328309564526834, -0.2532363116749211, -0.631787309897489, 0.3362612816935302, -0.21401474545221685, -0.016784252687079036], [-0.2925224236207902, -0.5943732539540517, -0.08208020281919232, -0.17174353605652803, -0.2246773200901291, 0.24402799706306078, 0.3396557082516577, 0.6404313402440392, 0.46278154063371935, 0.0004185409456933728]], "inverted": true, "swapped": false, "error_lsq": 0.042352748244205755, "error_max": 0.24428968305724658, "target": "136.xyz", "model": "23.xyz", "model_rescale": 4.410303926677745, "target_rescale": 3.606489203195834},
{"mapping": [10, 4, 1, 5, 0, 9, 11, 13, 7, 16], "R": [[0.05274857148812501, 0.20955250919290136, -0.9763735627806202], [-0.9401968449227296, 0.3399101255037175, 0.022158505757209845], [0.33652263074466104, 0.9168145136672994, 0.2149503815434775]], "T": [-0.05631497491804661, -0.023868576343964845, 0.07517928591630879], "aligned_model": [[-0.18749850489508463, -0.18041834105121007, 0.5901451360925866, -0.18738349251730996, 0.5866419846883892, -0.5804069747929634, -0.0582526236368881, 0.07003459698431741, 0.5124017369640387, 0.02206828344138393], [-0.5503298506168655, 0.08226831696707804, -0.569324836164288, 0.5360441207674839, 0.29855739172585427, -0.3663470546951866, -0.5646891756441708, 0.2599816038429944, -0.1074966513356684, -0.05216062305106385], [-0.28456139072359027, -0.5935640784499099, -0.0693964487879688, -0.17961641407811307, -0.15511108360455453, 0.0965346403204406, 0.4041638015105409, 0.7057754203137989, 0.4090932619363448, -0.011399317839509301]], "inverted": false, "swapped": false, "error_lsq": 0.043051764502090736, "error_max": 0.2212005503738635, "target": "136.xyz", "model": "24.xyz", "model_rescale": 4.28219845311461, "target_rescale": 3.606489203195834},
{"mapping": [13, 2, 7, 6, 4, 11, 9, 1, 3, 15], "R": [[-0.5187089252798096, 0.37491491890177703, 0.7683617991675141], [0.6684405755782346, -0.3824827489981044, 0.6378825468998911], [0.5330368165105518, 0.8444795736450511, -0.05221112851269716]], "T": [-0.0890292263876496, -0.09667352308668781, 0.050812891433896536], "aligned_model": [[-0.003789468035592408, -0.09031378688362854, 0.47519365306648415, -0.46157381252040436, 0.5929944076371596, -0.554507167103095, -0.015025013504564338, 0.17086752059504945, 0.5309353299268642, -0.05744986190101284], [-0.47507769281816115, 0.13899017919058693, -0.625653326412501, 0.6931559901663764, 0.07266661769364238, -0.32119901927932043, -0.6549686543217887, 0.29497896328550594, -0.12125559302043881, -0.03513422268773385], [-0.39914368965245867, -0.5920253414997239, -0.035087723954440465, -0.1718460547116009, -0.15121743395762266, 0.22226451585126664, 0.4245823481764266, 0.48548450273714316, 0.5145854818393073, 0.024321785769181828]], "inverted": true, "swapped": false, "error_lsq": 0.046690154491966764, "error_max": 0.22780047853906982, "target": "136.xyz", "model": "25.xyz", "model_rescale": 4.100010024507729, "target_rescale": 3.606489203195834},
{"mapping": [0, 1, 10, 2, 8, 6, 4, 7, 9, 11], "R": [[-0.07700613862805253, 0.01845747704412684, 0.9968597575159521], [-0.957669457868272, 0.2767884073504604, -0.07910364734123165], [-0.27737927838951393, -0.9607536099841423, -0.003638244432602439]], "T": [0.01526481831986163, -2.351521291589498e-05, 0.024376585803602406], "aligned_model": [[-0.015548618037277397, -0.08324317233607098, 0.499779220790886, -0.49843458300516313, 0.5390017979039349, -0.5875823666483032, -0.1926801483454559, 0.2945043702070256, 0.5837757066260391, 0.0477595941216448], [-0.5794387665834115, 0.099097579148497, -0.42091419363733135, 0.5260654239354317, 0.1590519161770646, -0.22439468727854567, -0.6958771308525505, 0.4115691648201063, -0.2373086704739164, -0.07134739345917655], [-0.4626223613749126, -0.6681678085768074, -0.03129381160897166, -0.05988870698503552, -0.2535665959783182, 0.1063216092329187, 0.5126246955511504, 0.48391220477175373, 0.5719183897866313, 0.12268077577907008]], "inverted": true, "swapped": false, "error_lsq": 0.05309045245279009, "error_max": 0.3186263979995104, "target": "136.xyz", "model": "26.xyz", "model_rescale": 3.6694154284099745, "target_rescale": 3.606489203195834},
{"mapping": [5, 7, 0, 9, 6, 8, 4, 11, 2, 13], "R": [[-0.07612320383810933, -0.9734601226023664, -0.21582550252555371], [0.8629975194399223, -0.17274356392289458, 0.47475777251537216], [-0.49944022593095433, -0.15011679062051314, 0.8532434646077487]], "T": [0.034209687726229246, -0.03519865301770629, -0.018434829842409926], "aligned_model": [[-0.0009769714394874257, -0.21532329518058307, 0.4067085218487709, -0.381208889081382, 0.6586959887540779, -0.5646440177505052, -0.114387269134764, 0.1857802653123179, 0.5362355732241189, 0.07645189472469582], [-0.6383820582074834, 0.05950796221832018, -0.5804390475939741, 0.5033579886545959, 0.1752841974425116, -0.25514996651483923, -0.663792274602427, 0.48831057558661517, -0.08103117194465942, -0.04116296324249214], [-0.5292285048635196, -0.5884282264625879, 0.011412679815926953, 0.028974928901366527, -0.21053964835326386, 0.018346300614927757, 0.48981665653375756, 0.6442414990101601, 0.43763428411089567, 0.01968842128981601]], "inverted": false, "swapped": false, "error_lsq": 0.04633026142167779, "error_max": 0.24662594869669371, "target": "136.xyz", "model": "27.xyz", "model_rescale": 4.103607728864725, "target_rescale": 3.606489203195834},
{"mapping": [12, 10, 2, 6, 0, 13, 4, 7, 1, 14], "R": [[-0.36765650001288774, 0.332163589864756, -0.8686173194027575], [-0.7255443015058147, 0.4818283922916582, 0.4913520804210313], [0.5817337574446864, 0.8108691324435741, 0.06385205947730063]], "T": [-0.06588495708832687, 0.05176038371058522, -0.0874725185976698], "aligned_model": [[-0.09751271654987964, -0.2290505812811833, 0.34159067142100774, -0.259579696970755, 0.6460086961815967, -0.49411826593266506, 0.006623066905211694, -0.02967911299342868, 0.6311075560143138, 0.07194218448304118], [-0.7168173035870082, 0.19150348332821898, -0.5577888152927957, 0.6545456689690602, 0.09317738828540861, -0.4034559596255019, -0.6506510008648373, 0.38270229322980387, -0.03676016185620962, 0.010047649210028528], [-0.4690241409824538, -0.549667414173945, -0.026365298096809528, -0.06748476060416271, -0.12187890096632079, 0.0836030404680616, 0.48083208318724246, 0.5522522932867316, 0.468608754029175, -0.028957265550039635]], "inverted": false, "swapped": false, "error_lsq": 0.04526444466103231, "error_max": 0.21919528438906888, "target": "136.xyz", "model": "28.xyz", "model_rescale": 4.137296879288765, "target_rescale": 3.606489203195834},
{"mapping": [8, 7, 9, 1, 0, 3, 4, 5, 6, 10], "R": [[0.7703515126456981, 0.15300407567191607, 0.6189897412657722], [0.42013716959972064, -0.8520427727696446, -0.3122625051006789], [0.4796282995041271, 0.5006124910535079, -0.7206551381319507]], "T": [-0.005033611186836699, -0.08696170306384227, 0.0437347925789406], "aligned_model": [[-0.20694277852707077, -0.13023548126246084, 0.5868989245906102, -0.11252059496644881, 0.5232487549859489, -0.6097156351403186, -0.029107467798154922, 0.031298540316038743, 0.5032134380800269, 0.031194100999088988], [-0.6291243575250094, 0.0769467425911797, -0.480659085340234, 0.6375336373981477, 0.3456259671099187, -0.4015949788627156, -0.5942668347672058, 0.3537909423148573, -0.1858455071886281, -0.15590328393414296], [-0.38480484645971547, -0.6429024754573871, -0.2809380589588407, -0.13094209729682071, -0.11216899689297248, 0.07886706592125119, 0.6282789872755514, 0.5512928954504568, 0.5417857469504019, 0.07345017006555438]], "inverted": false, "swapped": false, "error_lsq": 0.049150713632177115, "error_max": 0.21089551331714018, "target": "136.xyz", "model": "29.xyz", "model_rescale": 3.607286011436655, "target_rescale": 3.606489203195834},
{"mapping": [5, 8, 12, 9, 11, 6, 7, 1, 13, 14], "R": [[0.345786140614832, 0.2808063318237949, 0.8953098619843103], [-0.2586792688178582, -0.888664739789473, 0.37862912743048005], [0.9019517619266333, -0.3625228051620659, -0.23464917407668168]], "T": [-0.04346886893638346, -0.11811307865530996, -0.0016477498855548486], "aligned_model": [[-0.022321285170935977, -0.22066917413867446, 0.5906902722987484, -0.15863974365223868, 0.44578838154123474, -0.4697440406856367, -0.09887292314507429, 0.046721815573564286, 0.49683340981666124, -0.022454911160388703], [-0.8004104690185605, 0.16277472512430535, -0.43330004124769156, 0.6471672119997531, 0.18346762797682714, -0.25051929825216634, -0.7763009085113366, 0.4135805727498013, -0.22568314832179728, 0.045726969297033127], [-0.3400621118557726, -0.5973415192075641, -0.08227826650864245, -0.12670395428932457, -0.12084289743569115, 0.22173765119448255, 0.4020949106596313, 0.49545743047220636, 0.4804276073334568, -0.010570459765302957]], "inverted": false, "swapped": false, "error_lsq": 0.049021902338919836, "error_max": 0.20629970567538905, "target": "136.xyz", "model": "30.xyz", "model_rescale": 3.964800864290218, "target_rescale": 3.606489203195834},
{"mapping": [5, 1, 3, 7, 0, 6, 4, 10, 2, 11], "R": [[-0.8528165489523861, -0.5134679593330473, -0.09515560189131572], [-0.17954406071842213, 0.11719417348286087, 0.9767443145278139], [-0.4903752278548359, 0.8500683386881465, -0.19213525305443768]], "T": [0.11659959214178575, 0.0416804367268748, 0.04324462425322444], "aligned_model": [[-0.10961633655941197, -0.05246769380770097, 0.47983819995695454, -0.3894701311798674, 0.6488806556051611, -0.5035222359879665, -0.06962027889990874, -0.08654637720116087, 0.6103337792449212, 0.05952222010623949], [-0.6944067755432042, 0.003394578584351368, -0.5316923213905257, 0.6747457152100055, 0.11587975619966166, -0.22293497361258077, -0.6230484847032357, 0.1895662417035289, -0.07184335315250265, 0.12684285850066904], [-0.3820519973658731, -0.5109954082659458, -0.09430158280733743, 0.013365757284467275, -0.37132112269703005, 0.01745987140181046, 0.5242261359025887, 0.626000663693207, 0.4272818119659351, 0.07225426148565683]], "inverted": false, "swapped": false, "error_lsq": 0.04139652060887067, "error_max": 0.1838895741530419, "target": "136.xyz", "model": "31.xyz", "model_rescale": 3.5958979899826287, "target_rescale": 3.606489203195834},
{"mapping": [6, 2, 10, 1, 3, 9, 5, 7, 11, 12], "R": [[0.6998546019579001, -0.6121022296885896, 0.36814996472715644], [0.2392089593420103, 0.6864957042127414, 0.6866605579673009], [-0.6730398278622609, -0.39249778153221393, 0.6268675151923481]], "T": [0.03197635188316737, -0.008840093204512317, -0.048746766123126735], "aligned_model": [[-0.15326717037036558, -0.19029137842021254, 0.545826595347441, -0.3189413535785861, 0.592212718248246, -0.6323989627352432, 0.03335535878678514, 0.18969892415789424, 0.5287868631408679, -0.007649793299566908], [-0.612614232860137, 0.11371574773546497, -0.5012996347920387, 0.6414269028507997, 0.16511868769530277, -0.3468135473568772, -0.6317074422557065, 0.4190484801524439, -0.17568172892507464, -0.10468999044800953], [-0.3970955307425182, -0.5563497624757713, -0.19993264800801044, -0.11327672652508308, 0.0033315672829095297, -0.049352774722511324, 0.6088136970411776, 0.508426853325162, 0.5369217648928888, -0.0195680494707648]], "inverted": true, "swapped": false, "error_lsq": 0.04728911254352194, "error_max": 0.2404525144627229, "target": "136.xyz", "model": "32.xyz", "model_rescale": 3.9765860457182933, "target_rescale": 3.606489203195834},
