[{"mapping": [0, 6, 4, 12, 5, 2, 9, 8, 10, 11, 3, 15], "R": [[0.6979143766946473, 0.4420046669671837, -0.5635134401078213], [0.26010337501211095, -0.8895381970244126, -0.37559024260737484], [-0.6672793696123321, 0.11555808242518797, -0.7357884019716417]], "T": [-0.048484636048468976, -0.11211729751081738, 0.07319943799642656], "aligned_model": [[-0.3126684806126663, 0.17822805182220203, 0.28432280931187226, 0.03310180330997503, -0.15401151134120292, -0.4600407440851453, 0.37777889128033504, -0.31549828510759226, 0.5165612388625049, 0.17411559603500495, -0.3938118357620962, -0.09043507125264198], [-0.28253964464897235, -0.7371877469161471, -0.22187751505856834, 0.654158884653345, 0.2936004113021519, -0.7239525771006152, -0.27145145848956787, -0.6349811312522895, 0.282593066411217, 0.4745748862072214, 0.33801273573517854, -0.11739487486589623], [-0.566678281126074, 0.11689430018284205, -0.6366986273981309, -0.06275863854609182, -0.6101436336201614, -0.04603874949937645, 0.572323354030532, 0.5876267688489555, 0.06218007331945777, 0.5324355976245297, 0.27943815996763044, -0.04662857843055032]], "inverted": true, "swapped": true, "error_lsq": 0.04657005074510758, "error_max": 0.24696116514498176, "target": "138.xyz", "model": "0.xyz", "model_rescale": 3.751011558992144, "target_rescale": 4.184906372889861},
{"mapping": [13, 14, 9, 11, 2, 7, 1, 3, 6, 4, 0, 5, 12, 10, 15], "R": [[-0.0930497109686545, -0.9907292260001707, 0.09898157423355414], [0.6907553701113299, -0.13583214603809618, -0.7102159155954227], [0.7170765439972284, 0.00228666827240831, 0.6969906751149564]], "T": [-0.02652478337188171, 0.02694469122460541, -0.05754238811680021], "aligned_model": [[0.025515438963935023, 0.20438453652766972, -0.457789704050087, 0.2726529920120271, -0.2833388206956075, -0.4940917325625538, 0.5710815909912387, 0.5096244021573452, -0.6711469559246445, -0.21353537517114834, 0.06145294592762474, 0.45065056899750777, 0.5732038515590276, -0.017165756423156008, 0.007588228779855717], [-0.05988901103784283, -0.6098101469144295, 0.3099974110595084, 0.5638797280963056, -0.6640033144204243, 0.42106671864787565, -0.5307325687301288, 0.007804018833033374, -0.13919824806417738, 0.20572337204042201, -0.31635542730976574, 0.13891881238272874, 0.5224507852704691, 0.7149541608859367, -0.016048940912405343], [-0.7573893998255031, -0.3588973323981256, -0.49355199710415065, -0.533829966125452, 0.06318867043463713, 0.27184938042032714, 0.12365865182035407, -0.33427333623998634, -0.02788216356177125, 0.6906745497661815, 0.561073262609724, 0.5768597031958795, 0.026834197638576474, -0.015710381110642352, 0.05706256533192734]], "inverted": true, "swapped": true, "error_lsq": 0.03923393773357311, "error_max": 0.28083388194651154, "target": "138.xyz", "model": "1.xyz", "model_rescale": 3.9405287249114394, "target_rescale": 4.184906372889861},
{"mapping": [4, 12, 10, 14, 3, 7, 0, 1, 13, 9, 8, 6, 15], "R": [[-0.5484293031989625, -0.7500084943583049, 0.36974661294336275], [0.7901515126127433, -0.32010876398130306, 0.5226767321568431], [-0.27365285766549974, 0.5788070815157249, 0.768177372667768]], "T": [-0.0568408244506368, -0.033552381203485915, -0.006077661082088711], "aligned_model": [[-0.411356995103113, 0.16240921858475904, -0.4260277947320442, 0.5199036059621239, 0.4368446067428093, -0.703107965020467, 0.11655236262768562, 0.7156056173210359, 0.12930836676726587, -0.5079570989800734, -0.008405731308015148, -0.506746758061666, -0.021038155516369623], [0.6461669800071148, 0.33011830907218603, 0.1581562527467399, -0.3845198768024136, -0.1367793012758857, 0.22068577892056868, 0.4929854036344987, 0.18988772147818914, -0.6880931440853763, -0.5047649151767829, -0.706174691205631, -0.2325851963957853, 0.07374927265459488], [0.1915665622984564, -0.6633395424351824, -0.5557533101540031, 0.3001547986174337, -0.3377721442019016, 0.006239100348941649, 0.44222261705182186, 0.22710067610266113, -0.19832485799762245, -0.1811933594759321, 0.3870528846484605, 0.44335702818992445, 0.05180989659558564]], "inverted": true, "swapped": true, "error_lsq": 0.04474795486342276, "error_max": 0.28557671867737056, "target": "138.xyz", "model": "2.xyz", "model_rescale": 3.932901565614263, "target_rescale": 4.184906372889861},
{"mapping": [10, 5, 12, 7, 11, 13, 3, 9, 6, 8, 1, 0, 14, 15], "R": [[-0.05876145267971247, -0.6277990696122192, 0.7761542500514974], [0.627399600719953, 0.5815290275348861, 0.5178742426021722], [-0.7764771939312923, 0.5173899093801134, 0.3597093951736938]], "T": [0.007028132475202883, -0.014137864434523972, 0.041110850415878794], "aligned_model": [[-0.3140856146225532, 0.6019202648337686, 0.22036950510243752, -0.3580695819283051, -0.2911603179259163, -0.26043974343925297, 0.2566724690884087, -0.6569515938744952, -0.3480479772546371, -0.23365386432433843, 0.8005270729613656, 0.5505871482478357, 0.3423061622178584, 0.10983598297052759], [0.005149979013051115, 0.22129093987915352, -0.30205150313775625, 0.5208118131456856, -0.5826671990923027, -0.6117254963375811, -0.5513484319655246, -0.12051306350141322, 0.3881604837941462, -0.21173261670070603, -0.20804852037693194, 0.4415785483924827, -0.385029941876913, 0.059621647115098805], [-0.5685681463186627, -0.44198040715063724, -0.6545265036635344, -0.20985222067204573, -0.3976538652921978, 0.30828883217573844, -0.07501340830031226, 0.10457653533991466, 0.436203176150537, 0.7568949285010284, 0.22476599132863107, 0.11285012149235228, 0.5884848998693535, 0.029426429596932084]], "inverted": true, "swapped": true, "error_lsq": 0.04475382140958624, "error_max": 0.34873905546046857, "target": "138.xyz", "model": "3.xyz", "model_rescale": 3.9243930471874484, "target_rescale": 4.184906372889861},
{"mapping": [6, 9, 8, 2, 14, 7, 0, 13, 3, 12, 1, 5, 15], "R": [[-0.9704438537275781, 0.025566638472709804, 0.23996890165097], [-0.1657192470960449, -0.7934500533179869, -0.5856399440198764], [0.1754304930856867, -0.6080981498795156, 0.7742356115607337]], "T": [-0.09969055915491917, -0.04295828108639386, -0.1588955089971621], "aligned_model": [[-0.03229561726082841, -0.14645764316889148, 0.5490503235832549, 0.3970369043813733, 0.6176578993549994, -0.6480144560730773, -0.12903707296729303, 0.3481519344503512, 0.11030835828071059, -0.5094069148262108, 0.32836790623876677, -0.4872122784543148, -0.12094345722748792], [-0.6059418669523312, -0.01721230377509706, -0.23667350059630066, -0.5805184879832258, 0.027517519500132225, -0.40352082171783316, -0.44517785046154973, 0.33030305321057596, 0.49420519452272127, 0.5611254502233153, 0.07734357017849688, 0.02217469358980672, -0.09579509605712394], [-0.5089360129326894, -0.8322175995659578, -0.5473900867470698, -0.009800117719821644, 0.014410552517935105, -0.3864598296135652, 0.4290148376552302, -0.5590794587343116, 0.01931276039517396, 0.12312485636461401, 0.5505158925262441, 0.5398785223326784, -0.04530400110749615]], "inverted": true, "swapped": true, "error_lsq": 0.039678786928673625, "error_max": 0.257939816256257, "target": "138.xyz", "model": "4.xyz", "model_rescale": 3.8936222436046832, "target_rescale": 4.184906372889861},
{"mapping": [1, 0, 12, 3, 10, 7, 6, 9, 13, 14, 11, 15], "R": [[0.9378569504638211, 0.2227632307882791, 0.2660843540598918], [-0.2947236176650777, 0.10651461686252894, 0.9496276246956161], [0.18320024469719193, -0.9690362116058391, 0.16554905901119596]], "T": [-0.13934287109444762, -0.09660811010115514, 0.03078946021646114], "aligned_model": [[0.11241888023342553, -0.4985004948668279, -0.25524933093445473, 0.25742407440454373, -0.46749588420208044, -0.7227183085345208, -0.2751414018857533, -0.007806998522782105, 0.5133362158158862, 0.4573049979126662, 0.12367157088966554, -0.20969527809467126], [-0.6855101431768321, -0.6832615806317174, 0.2980595465286764, 0.00253467238647867, 0.49842792050447016, 0.11408778569090336, -0.2480149230260981, 0.35941458466211273, 0.14054764727248611, -0.532729063028742, 0.5925504053334447, -0.18718394740537503], [-0.508452171922617, -0.15662420620847126, -0.6348855854282505, -0.41322521496041004, -0.08515130400708532, 0.3434079179947943, 0.6653410235883032, 0.5113664771767763, 0.16421087019774525, -0.027524133220628612, -0.21526007947258277, -0.02391887446205545]], "inverted": false, "swapped": true, "error_lsq": 0.043839049889097405, "error_max": 0.21247168331516456, "target": "138.xyz", "model": "5.xyz", "model_rescale": 3.6523030999806103, "target_rescale": 4.184906372889861},
{"mapping": [8, 9, 13, 14, 3, 6, 10, 0, 7, 5, 12, 1, 15], "R": [[0.790566349317137, 0.5256551972757864, -0.31415197103365267], [-0.15692222749821982, 0.6697704926913091, 0.7257981135529621], [0.5919292709812312, -0.524494137905273, 0.6119849977398409]], "T": [0.007493620856996931, -0.052989971563696246, 0.04530770359282458], "aligned_model": [[0.3100665683800384, -0.3075240017440843, 0.34497731598581277, 0.7014570124720587, 0.45279592645716843, -0.290098840832263, -0.4813529424722523, 0.08609214985453675, -0.674963580365781, 0.00630831497399071, 0.007362833365181641, 0.7071447329890893, 0.018817415600798547], [-0.40674385126720136, 0.07262938959347406, 0.19132698140780682, -0.25590929387371447, 0.3520250419977838, -0.5554923089268354, 0.42771250236338176, -0.49190204124624815, -0.17116622221133704, 0.051927871704150065, 0.6140159790743317, -0.17830537707755637, -0.10929176737485224], [0.6719065865863172, 0.629427833956472, 0.616664070845249, 0.20910391870204545, -0.0002008401036939153, 0.3661676079640674, -0.026446791881857577, -0.5109825460867949, -0.007003900643300948, -0.7494824419134433, -0.3638660708899831, -0.3971349393085845, -0.06804274774470365]], "inverted": false, "swapped": true, "error_lsq": 0.059198183700547906, "error_max": 0.36329986101229983, "target": "138.xyz", "model": "6.xyz", "model_rescale": 4.08911054899281, "target_rescale": 4.184906372889861},
{"mapping": [12, 10, 11, 5, 1, 14, 3, 13, 0, 4, 2, 6, 8, 9, 15], "R": [[-0.18238281093478068, 0.10411331110856703, -0.977699815242664], [-0.9742996911450414, 0.11456135162319911, 0.1939479531960649], [0.13219917590592326, 0.9879454009024371, 0.08054354552363763]], "T": [0.03654985509657831, -0.09155475434344246, 0.030005494083136873], "aligned_model": [[0.1329516667545672, 0.38220243874227583, 0.6661549452363719, -0.5038175014052739, -0.5290119684122422, -0.11392158629722991, 0.15255497476644425, 0.5471712569193495, -0.6721322983650938, -0.4376935982421578, -0.3974590212068471, 0.038315301196688245, 0.23122784824095832, 0.6263699657978836, -0.08657888392613985], [-0.5507023863408638, -0.6836571417687318, -0.26807118448489187, -0.5431174338481394, 0.26502792756492355, 0.6034847805581864, 0.07816419732267016, 0.3741648171662147, -0.15661120067561593, -0.6599996895326159, 0.4123209981101577, 0.03137462179326175, 0.5973889540337971, -0.07830925864363875, -0.12069918508560096], [-0.596261442419688, -0.041643600562808365, -0.39082203879655464, -0.35313260202011626, -0.4739386859376031, -0.17944385683813027, -0.5375688374260922, -0.11967810922856784, 0.07263928018955668, 0.3105885778880381, 0.3701291571080185, 0.6849148024805084, 0.34109294452022826, 0.35886632634928506, 0.01832811677600606]], "inverted": true, "swapped": true, "error_lsq": 0.04220639069638163, "error_max": 0.28001438484111474, "target": "138.xyz", "model": "7.xyz", "model_rescale": 3.964800864290218, "target_rescale": 4.184906372889861},
{"mapping": [4, 5, 0, 7, 2, 10, 6, 1, 3, 13, 9, 8, 14, 15], "R": [[-0.5113468110762034, -0.6657603562484955, 0.5434037052229894], [-0.5517673278051545, 0.7391219556062967, 0.38633088241490954], [-0.6588453951944695, -0.10228334560718909, -0.7452924677215271]], "T": [-0.02913521952763021, -0.09667775274409698, 0.11908118331410664], "aligned_model": [[-0.279525157779004, 0.2680275834228062, 0.2670433480854872, -0.6371319026273092, 0.22494467083193415, -0.4678961089186598, -0.411571434272491, 0.7893037522232249, 0.388347996429813, 0.05941218373644852, -0.5455301079790943, 0.023368472912472706, 0.5564714810566092, 0.02592311233863508], [-0.20493187133125765, -0.5671053529423948, 0.029142831329926372, -0.13517440515095536, 0.5756137005931848, -0.62798315212149, 0.43950402697359425, -0.08179375523228402, -0.39227749012844293, 0.022786269391792763, 0.020898979593986122, 0.5588337498005609, 0.27382862504164507, -0.100393689636663], [-0.6241208678978983, -0.4580606326152169, -0.517101032935393, -0.21454735675549233, -0.08440394109262683, 0.13903094703396549, 0.0177273906213479, -0.056723361456020055, 0.4395977847321124, 0.8104000830827087, 0.5382764651777217, 0.5396360411609228, 0.38248288528976326, 0.004620634379127034]], "inverted": true, "swapped": true, "error_lsq": 0.04052393437591366, "error_max": 0.21998829653001967, "target": "138.xyz", "model": "8.xyz", "model_rescale": 4.121658175737393, "target_rescale": 4.184906372889861},
{"mapping": [13, 9, 6, 2, 11, 3, 10, 5, 4, 12, 14, 0, 15], "R": [[0.6881839312426337, 0.44524675351541504, 0.5728509450663561], [-0.6944219133570244, 0.17547345731946623, 0.6978447334657781], [0.21019296617395072, -0.8780457814148058, 0.4299471161790247]], "T": [-0.02650800581935988, 0.010224794615711418, -0.10596086844271824], "aligned_model": [[-0.676046308563035, -0.22052287482657526, 0.2877481150798266, 0.1910115023409549, -0.5820498284768401, -0.5144333388397503, 0.012214767391243588, 0.32741159142352994, 0.7275289644241614, -0.2160606700302007, -0.40452158641221747, 0.4841783880976569, 0.060278774826443164], [0.10270434793000345, -0.2503972253362511, 0.20177851183662476, 0.7095378170342472, -0.5329418799493071, 0.010907243142005873, -0.6780295461688254, -0.12789468263939535, -0.16923967841240484, -0.5098758580052754, 0.6405171221252834, 0.3427892048120413, 0.05053206304296316], [-0.36974419216622634, -0.6981154483144685, -0.6614527355650562, -0.25287970663528636, -0.07434316786519118, 0.24946948450053064, -0.1069844725554161, 0.5999884660495622, 0.055235020838159926, 0.4471080528050868, -0.008863210784685535, 0.2640130437470637, -0.02235570009498425]], "inverted": true, "swapped": true, "error_lsq": 0.04231889918569716, "error_max": 0.2510936016616763, "target": "138.xyz", "model": "9.xyz", "model_rescale": 3.833441315466971, "target_rescale": 4.184906372889861},
{"mapping": [13, 11, 1, 5, 12, 3, 10, 4, 2, 0, 8, 6, 9, 14, 15], "R": [[0.13562588714711976, -0.952796838602648, 0.27163174167309057], [-0.7423987862168799, -0.2792869422000363, -0.6089686741863307], [0.6560866261091295, -0.119067158634753, -0.7452337557943725]], "T": [0.005666299260745182, 0.04303153970739025, 0.014991428449165602], "aligned_model": [[0.1574577135277431, -0.16176737526047533, -0.601676908669973, -0.635381873267736, -0.60796666746729, -0.4288079272756308, -0.03596816414324259, -0.033324434149660014, 0.2382753805232544, -0.24420764610749113, 0.4918842595292548, 0.6199428492884297, 0.5343739468332097, -0.11067051468666633, -0.05831762037919471], [-0.6455681979231008, -0.47564562012429024, 0.02226890104202027, 0.5189454976486596, -0.02640619778361343, -0.37580433084449827, 0.10956942727692985, 0.8203734838823974, 0.20266230527471774, 0.5956524675042656, -0.3568640906018471, 0.2484285279985799, -0.2392993634963324, -0.33840888275379755, 0.14119761219488822], [0.06813166063731033, -0.5396223115309126, 0.590903107824082, -0.05755979011025899, -0.4655843884341807, 0.0295169971840512, -0.6698690095337144, -0.12986225230724693, 0.7066196658490763, 0.38976268821870036, 0.4765040892924665, 0.1715077145979543, -0.2964088567744962, 0.6399390984071701, 0.06414349450209172]], "inverted": false, "swapped": true, "error_lsq": 0.042332899385955775, "error_max": 0.2724574646756297, "target": "138.xyz", "model": "10.xyz", "model_rescale": 4.2482417240324, "target_rescale": 4.184906372889861},
{"mapping": [8, 9, 10, 7, 1, 5, 3, 4, 6, 0, 2, 15], "R": [[0.9789248061013869, 0.13326299259003846, -0.15474882489153075], [0.20421785427679454, -0.6429981375331147, 0.7381385121530565], [-0.0011366591152176253, -0.7541845728566007, -0.6566615095093992]], "T": [-0.05956107559787611, -0.015104181688903921, 0.08998710412521543], "aligned_model": [[-0.6520758376915767, 0.001483184279916068, 0.4914649234809784, 0.550402600103569, -0.5226395257545047, 0.28975571272713657, -0.36658877353373526, 0.5670785854319624, -0.01582920146443733, 0.02351865593516115, -0.45721315763187037, -0.03259156351959243], [-0.43580523726736636, -0.684410822555032, -0.18458640119082156, -0.23761679744115227, 0.6823713068523827, 0.6998978703523113, 0.17860033788100127, 0.29617276105001256, -0.391890558410594, 0.5551996583387293, 0.09143343038707741, 0.09676584205409086], [-0.1950659342430302, 0.1571799011446099, 0.4679297772267201, -0.15675651141851588, 0.0975642875721976, 0.1872001750109593, 0.5722887565491019, -0.280408312204231, -0.45786369677274125, -0.3296933264649491, -0.5332794067972662, 0.03609658025150184]], "inverted": true, "swapped": true, "error_lsq": 0.04428473645509659, "error_max": 0.26102504120918135, "target": "138.xyz", "model": "11.xyz", "model_rescale": 3.6694154284099745, "target_rescale": 4.184906372889861},
{"mapping": [5, 12, 3, 11, 10, 0, 4, 2, 13, 8, 14, 9, 1, 15], "R": [[0.3496751836628724, 0.3581106774210714, -0.865727444781184], [-0.7077044020775156, -0.5045481188121198, -0.4945560383649738], [-0.6139069515899318, 0.7856130972178179, 0.07700854672946864]], "T": [0.1299379040745322, -0.022389195702849293, 0.033074869454012806], "aligned_model": [[-0.2285367275751949, 0.21681301755347676, -0.04176636046970414, 0.5897082735089494, 0.6665326618626798, -0.40663253976206837, 0.09955247569487008, -0.3491759319545249, 0.2814169429053699, 0.07018143010829772, -0.3875965201230659, 0.7159765015543006, -0.6669593040674363, 0.03875093101985984], [-0.32488995063862774, 0.18130426783788012, 0.49214256192712863, 0.5015599724412805, -0.10077374330487217, -0.4810964865121549, -0.7698580267650696, -0.2103994870446116, 0.6077041871740471, 0.25921482364543924, 0.3980779420985905, 0.10725531871245149, 0.17033289676433244, -0.09958698819955979], [-0.6170710879330676, -0.7174461632860544, -0.2318346397372221, -0.3115189619774862, -0.392502934420628, -0.0667257103117995, -0.22602055047270833, 0.5744071585754121, 0.3160422634000307, 0.7586413352259415, 0.3570442293513162, 0.34285497741574733, -0.13658407241162487, -0.010190383765441319]], "inverted": true, "swapped": true, "error_lsq": 0.04807963864436904, "error_max": 0.3690935317030674, "target": "138.xyz", "model": "12.xyz", "model_rescale": 3.9764082729961374, "target_rescale": 4.184906372889861},
{"mapping": [7, 2, 3, 1, 4, 0, 14, 6, 11, 13, 5, 12, 9, 10, 8, 15], "R": [[-0.7034072789375577, -0.3795587238443134, 0.6009603773056402], [-0.21667069337289463, -0.6907454879518461, -0.6898728009622322], [0.6769579090098365, -0.6154720513783244, 0.4036361522475251]], "T": [-0.03400379407447127, 0.03934021738636534, 0.026774345425245528], "aligned_model": [[-0.15336350834851553, 0.23826857358713818, 0.31401604991271936, 0.32017811789190115, -0.6238337633624773, -0.4125715843648564, 0.10006481063908948, -0.4851243947119609, 0.6180982235760375, 0.050651689977297125, -0.8198761808255035, 0.0816534943850486, -0.3105724549899922, 0.7009554484966346, 0.5875707992851483, -0.06432158739919941], [0.14447135792927385, 0.618476584440447, -0.43025800917483503, 0.551482869235941, -0.08901409653309061, 0.5295575249855557, -0.7485858059193777, -0.5468515443974025, -0.41220317824464087, -0.3325290275968726, 0.21477809284697952, 0.2558714520420107, 0.5461655960162992, 0.18156374239459777, 0.08397425028489294, -0.027150863235956793], [-0.7119640391328849, -0.44938564876731674, -0.5788684049774309, 0.15162487867730984, -0.36244217427452724, -0.35201497990892633, 0.029270462975796874, 0.21789793841298963, 0.06440703317893663, 0.5053422714738435, 0.26011968913456496, 0.6157999399395767, 0.1945150318839641, 0.31961266199567767, -0.3068506905741315, -0.05227274420280363]], "inverted": false, "swapped": false, "error_lsq": 0.04009514887842203, "error_max": 0.3892241550037398, "target": "138.xyz", "model": "13.xyz", "model_rescale": 4.170626492500431, "target_rescale": 4.184906372889861},
{"mapping": [9, 8, 7, 6, 10, 5, 4, 13, 11, 14, 3, 0, 12, 15], "R": [[-0.2810644863727118, -0.4443392551930563, -0.8506264637280715], [0.8280068816179718, -0.5603911915416845, 0.019139394864347792], [-0.48518796202433345, -0.6989451614661707, 0.5254220234913101]], "T": [-0.053320713533403265, -0.020244180993285923, 0.09704659519244474], "aligned_model": [[0.26180946360636764, -0.01994541461709399, -0.3086547958586629, -0.4014162854797213, 0.24057770545790028, -0.3229184031938855, -0.6358668258959073, 0.4824126874613025, 0.692416490819643, -0.024852453670519255, 0.362703072839135, -0.6732358463932395, 0.3418199625683855, -0.15166633555206122], [-0.3118162136078107, -0.7998036166189909, 0.20491037723840277, -0.4171370573587339, 0.4461161769542407, 0.6641887823349588, 0.45668518667497815, -0.47432579903874206, 0.17551062981087356, -0.49596491484489214, 0.05734262574196211, 0.17893241711562086, 0.6331547168229155, 0.03828115670088329], [-0.42438544678014845, 0.11921711381369186, -0.5083953037262945, -0.3095569808180742, -0.3168691865660234, 0.41574573014472976, -0.14778348776556186, 0.17971293416322887, -0.004010359838652167, 0.664910999708885, 0.527519391923314, 0.3874158194214362, 0.26808419175767184, 0.15226768568266344]], "inverted": true, "swapped": true, "error_lsq": 0.04565073288736014, "error_max": 0.3335238146543919, "target": "138.xyz", "model": "14.xyz", "model_rescale": 3.9786697098870705, "target_rescale": 4.184906372889861},
{"mapping": [13, 14, 11, 9, 3, 12, 2, 0, 10, 6, 1, 15], "R": [[-0.7038569143104939, -0.035964653922153145, 0.7094307491542569], [-0.30642471735141125, 0.916387634920621, -0.2575608571982528], [-0.6408504792644054, -0.39867310698472097, -0.6560262319402569]], "T": [0.10140751276285581, -0.04283848018169912, 0.0807793470501111], "aligned_model": [[-0.00028700957888466716, -0.5685755888532809, 0.5741875640626726, 0.4496480036112904, -0.012175783196786263, 0.48766993705170536, -0.534032940046669, -0.24547818457604187, 0.7780334205264496, 0.04849030368303319, -0.5485164904719975, 0.05439136455584506], [-0.2869986159394429, -0.05113935507684265, 0.12098767871037278, -0.5628724931670233, 0.32947156973242814, 0.60926939877035, -0.3331380123083163, 0.2298557183343688, 0.08765769957411274, -0.6398157897516323, 0.48443893230318336, 0.026957759042880898], [-0.5750241056850905, -0.23646563616875665, -0.514448714137396, -0.17320065022297798, -0.38061678833064483, -0.11384024807734634, 0.34512797547590834, 0.6407691350280688, 0.06226809232526377, 0.3720503744192292, 0.05736050577240211, 0.17598655347517017]], "inverted": false, "swapped": true, "error_lsq": 0.04950364382216801, "error_max": 0.29314349125174627, "target": "138.xyz", "model": "15.xyz", "model_rescale": 3.769337070930944, "target_rescale": 4.184906372889861},
{"mapping": [3, 9, 1, 14, 12, 10, 5, 7, 0, 2, 15], "R": [[-0.9681250178198603, 0.24012299104109452, -0.07123832567357269], [0.2081235785251756, 0.6129888001510396, -0.7621871862943276], [-0.1393503711267775, -0.7527188585805907, -0.6434250492512412]], "T": [-0.08324650855677013, -0.0921295369194563, -0.0026520127479712496], "aligned_model": [[-0.21837257095080306, -0.28993089363244146, -0.2189213492972844, -0.6858651567586873, 0.3948044091394853, 0.3970261872929625, 0.5350849079565143, 0.34566714045322355, 0.16680364443476964, -0.48291657109281855, -0.020753616853749816], [0.19050516480508167, -0.7312156714282976, 0.7320419458617862, 0.3385104464892645, 0.06285812170435454, -0.4836927314869825, 0.41696455916067593, -0.5322391383428096, 0.4116866095423241, 0.18933113863358125, 0.0013140526863639618], [-0.5186567654154032, -0.07380769268468387, -0.060139632150455674, -0.03412596835850121, -0.6024572134427401, -0.30466350395411823, -0.037148314997853565, 0.3210555436723682, 0.43543997201723883, 0.5621331800465688, 0.05658800249135677]], "inverted": false, "swapped": true, "error_lsq": 0.0373794548759814, "error_max": 0.2080899915625287, "target": "138.xyz", "model": "16.xyz", "model_rescale": 3.7852294659196426, "target_rescale": 4.184906372889861},
{"mapping": [5, 10, 11, 12, 4, 7, 6, 9, 3, 1, 2, 13, 15], "R": [[-0.775699291642461, -0.619522135085721, -0.12034505841210982], [-0.5774404856577828, 0.6197712415685677, 0.5314565773869585], [-0.2546627072594032, 0.4817425995937933, -0.8384932756247516]], "T": [0.007903875713114152, 0.16717749141122495, 0.025541953383760915], "aligned_model": [[-0.11845193997645667, -0.26457090657421406, 0.31849317701829066, 0.1765653284902431, -0.6636228138976139, -0.6628988267615675, -0.3847877155245741, -0.1067271095070074, 0.5538336816331679, 0.49869087299910786, 0.010369468796344577, 0.5237536465891921, -0.02688101306863012], [-0.1982257990185573, -0.4313754544241455, -0.42663252717493916, -0.5672472575998713, 0.07668287125030868, 0.05150248427930601, 0.6361600316006779, 0.16097194174506313, -0.0768629082717115, 0.33600952521448046, 0.8870243047005639, 0.2450335244650781, 0.18201488693662088], [-0.6767508469242007, 0.2321488327187191, 0.4199787414891402, -0.18539342867318878, -0.3838795814147033, 0.16371933479407896, 0.28987061568029543, 0.6911498571256125, -0.05696418252804494, -0.6314169414347923, -0.17383976849223798, 0.5029009046889413, -0.09576883988644586]], "inverted": true, "swapped": true, "error_lsq": 0.04190627662502167, "error_max": 0.21848345789918716, "target": "138.xyz", "model": "17.xyz", "model_rescale": 3.901054581598922, "target_rescale": 4.184906372889861},
{"mapping": [13, 14, 9, 11, 2, 7, 1, 3, 6, 4, 0, 5, 12, 10, 15], "R": [[-0.0930497109686545, -0.9907292260001707, 0.09898157423355414], [0.6907553701113299, -0.13583214603809618, -0.7102159155954227], [0.7170765439972284, 0.00228666827240831, 0.6969906751149564]], "T": [-0.02652478337188171, 0.02694469122460541, -0.05754238811680021], "aligned_model": [[0.025515438963935023, 0.20438453652766972, -0.457789704050087, 0.2726529920120271, -0.2833388206956075, -0.4940917325625538, 0.5710815909912387, 0.5096244021573452, -0.6711469559246445, -0.21353537517114834, 0.06145294592762474, 0.45065056899750777, 0.5732038515590276, -0.017165756423156008, 0.007588228779855717], [-0.05988901103784283, -0.6098101469144295, 0.3099974110595084, 0.5638797280963056, -0.6640033144204243, 0.42106671864787565, -0.5307325687301288, 0.007804018833033374, -0.13919824806417738, 0.20572337204042201, -0.31635542730976574, 0.13891881238272874, 0.5224507852704691, 0.7149541608859367, -0.016048940912405343], [-0.7573893998255031, -0.3588973323981256, -0.49355199710415065, -0.533829966125452, 0.06318867043463713, 0.27184938042032714, 0.12365865182035407, -0.33427333623998634, -0.02788216356177125, 0.6906745497661815, 0.561073262609724, 0.5768597031958795, 0.026834197638576474, -0.015710381110642352, 0.05706256533192734]], "inverted": true, "swapped": true, "error_lsq": 0.03923393773357311, "error_max": 0.28083388194651154, "target": "138.xyz", "model": "18.xyz", "model_rescale": 3.9405287249114394, "target_rescale": 4.184906372889861},
{"mapping": [10, 3, 2, 12, 11, 14, 5, 9, 6, 8, 7, 4, 13, 0, 1, 15], "R": [[-0.21709907944055779, -0.8371018642522643, -0.5021239474188084], [-0.45280654797404374, -0.36934120604263526, 0.8115129719424095], [-0.8647740860004378, 0.40354373044857916, -0.29886156962338284]], "T": [-0.005014377592318072, 0.1304682487063582, 0.023191412668034792], "aligned_model": [[-0.09323221004946877, 0.3836103050738103, 0.29412847712904855, 0.11952473003918562, -0.5747585706686852, -0.3683468484906776, -0.07513250946602365, -0.5877634903578561, 0.5019664718446428, 0.1846286572825957, -0.3337773195532128, 0.14691469207710403, -0.6215988488000718, 0.5322158821259099, 0.6320933489171364, 0.0013209666450720485], [0.04272256026009613, 0.5750785372721088, -0.43773672808123254, 0.663828459500508, -0.09219390743526121, 0.5867989192101823, -0.6907380462100858, -0.3277387633820561, -0.4183948176358976, -0.46282991738500523, -0.02853659044575879, 0.4263590549124497, 0.39406994124918027, 0.03546994114808433, 0.1641671381986484, 0.10942316389786111], [-0.7529672986418234, -0.5905847209491792, -0.5624551871137888, 0.03567974407626333, -0.3576318016689337, -0.486210979184034, -0.08619922464163446, 0.2218359509783566, 0.021400239372604105, 0.4524989492569168, 0.6250700865390812, 0.6743682067940013, 0.06402746201149209, 0.4415611385805347, -0.1455615240423502, -0.010039815532866436]], "inverted": false, "swapped": false, "error_lsq": 0.04566601655425461, "error_max": 0.41907635629367845, "target": "138.xyz", "model": "19.xyz", "model_rescale": 4.410303926677745, "target_rescale": 4.184906372889861},
{"mapping": [4, 5, 0, 7, 2, 10, 6, 1, 3, 13, 9, 8, 14, 15], "R": [[-0.5113468110762034, -0.6657603562484955, 0.5434037052229894], [-0.5517673278051545, 0.7391219556062967, 0.38633088241490954], [-0.6588453951944695, -0.10228334560718909, -0.7452924677215271]], "T": [-0.02913521952763021, -0.09667775274409698, 0.11908118331410664], "aligned_model": [[-0.279525157779004, 0.2680275834228062, 0.2670433480854872, -0.6371319026273092, 0.22494467083193415, -0.4678961089186598, -0.411571434272491, 0.7893037522232249, 0.388347996429813, 0.05941218373644852, -0.5455301079790943, 0.023368472912472706, 0.5564714810566092, 0.02592311233863508], [-0.20493187133125765, -0.5671053529423948, 0.029142831329926372, -0.13517440515095536, 0.5756137005931848, -0.62798315212149, 0.43950402697359425, -0.08179375523228402, -0.39227749012844293, 0.022786269391792763, 0.020898979593986122, 0.5588337498005609, 0.27382862504164507, -0.100393689636663], [-0.6241208678978983, -0.4580606326152169, -0.517101032935393, -0.21454735675549233, -0.08440394109262683, 0.13903094703396549, 0.0177273906213479, -0.056723361456020055, 0.4395977847321124, 0.8104000830827087, 0.5382764651777217, 0.5396360411609228, 0.38248288528976326, 0.004620634379127034]], "inverted": true, "swapped": true, "error_lsq": 0.04052393437591366, "error_max": 0.21998829653001967, "target": "138.xyz", "model": "20.xyz", "model_rescale": 4.121658175737393, "target_rescale": 4.184906372889861},
{"mapping": [8, 9, 13, 14, 3, 6, 10, 0, 7, 5, 12, 1, 15], "R": [[0.790566349317137, 0.5256551972757864, -0.31415197103365267], [-0.15692222749821982, 0.6697704926913091, 0.7257981135529621], [0.5919292709812312, -0.524494137905273, 0.6119849977398409]], "T": [0.007493620856996931, -0.052989971563696246, 0.04530770359282458], "aligned_model": [[0.3100665683800384, -0.3075240017440843, 0.34497731598581277, 0.7014570124720587, 0.45279592645716843, -0.290098840832263, -0.4813529424722523, 0.08609214985453675, -0.674963580365781, 0.00630831497399071, 0.007362833365181641, 0.7071447329890893, 0.018817415600798547], [-0.40674385126720136, 0.07262938959347406, 0.19132698140780682, -0.25590929387371447, 0.3520250419977838, -0.5554923089268354, 0.42771250236338176, -0.49190204124624815, -0.17116622221133704, 0.051927871704150065, 0.6140159790743317, -0.17830537707755637, -0.10929176737485224], [0.6719065865863172, 0.629427833956472, 0.616664070845249, 0.20910391870204545, -0.0002008401036939153, 0.3661676079640674, -0.026446791881857577, -0.5109825460867949, -0.007003900643300948, -0.7494824419134433, -0.3638660708899831, -0.3971349393085845, -0.06804274774470365]], "inverted": false, "swapped": true, "error_lsq": 0.059198183700547906, "error_max": 0.36329986101229983, "target": "138.xyz", "model": "21.xyz", "model_rescale": 4.08911054899281, "target_rescale": 4.184906372889861},
{"mapping": [1, 0, 8, 7, 2, 4, 11, 15, 5, 9, 14, 12, 13, 10, 6, 16], "R": [[0.1959709231825826, -0.5723387618412912, 0.7962560762474247], [-0.591694179271455, 0.5785086054947362, 0.5614497231140254], [-0.7819804316498247, -0.5811679060843897, -0.2252786484650515]], "T": [-0.030858379936597853, 0.025728556530852254, -0.023934866393145415], "aligned_model": [[-0.17241945798001668, 0.10518336744769974, 0.3844357488687014, 0.3737205270666997, -0.659080464953968, -0.4422673001052638, 0.013206943631002992, -0.5567525625163351, 0.4598808322026563, 0.10135585109579748, -0.46016888641490666, -0.027396429170884102, -0.18498268846110916, 0.6271723978592628, 0.6150542537204297, -0.03514839854125794], [-0.24447786946691485, 0.5515429864377503, -0.33132556948497216, 0.5934552512453726, 0.02071831208268295, 0.5192326638182543, -0.70763762330121, -0.4787518799886985, -0.42091796638543966, -0.2944966940026359, -0.03033040483338807, 0.32932131595518616, 0.6299206975751636, 0.10673914860322385, 0.22572057640849513, 0.07103600041095184], [-0.7567017664362203, -0.5762855036242301, -0.4491467614936901, 0.11677226251643351, -0.3796956550141664, -0.295022642517182, -0.23870293617042326, -0.04495428103788106, 0.2156709832514291, 0.5985784247065674, 0.4497448437751964, 0.6489610819941959, 0.19498868247807727, 0.43603055476413605, -0.3375655253199666, -0.03788053603763661]], "inverted": true, "swapped": false, "error_lsq": 0.04118697646214515, "error_max": 0.2939797028726089, "target": "138.xyz", "model": "22.xyz", "model_rescale": 4.204369325754507, "target_rescale": 4.184906372889861},
{"mapping": [10, 3, 2, 12, 11, 14, 5, 9, 6, 8, 7, 4, 13, 0, 1, 15], "R": [[-0.21709907944055779, -0.8371018642522643, -0.5021239474188084], [-0.45280654797404374, -0.36934120604263526, 0.8115129719424095], [-0.8647740860004378, 0.40354373044857916, -0.29886156962338284]], "T": [-0.005014377592318072, 0.1304682487063582, 0.023191412668034792], "aligned_model": [[-0.09323221004946877, 0.3836103050738103, 0.29412847712904855, 0.11952473003918562, -0.5747585706686852, -0.3683468484906776, -0.07513250946602365, -0.5877634903578561, 0.5019664718446428, 0.1846286572825957, -0.3337773195532128, 0.14691469207710403, -0.6215988488000718, 0.5322158821259099, 0.6320933489171364, 0.0013209666450720485], [0.04272256026009613, 0.5750785372721088, -0.43773672808123254, 0.663828459500508, -0.09219390743526121, 0.5867989192101823, -0.6907380462100858, -0.3277387633820561, -0.4183948176358976, -0.46282991738500523, -0.02853659044575879, 0.4263590549124497, 0.39406994124918027, 0.03546994114808433, 0.1641671381986484, 0.10942316389786111], [-0.7529672986418234, -0.5905847209491792, -0.5624551871137888, 0.03567974407626333, -0.3576318016689337, -0.486210979184034, -0.08619922464163446, 0.2218359509783566, 0.021400239372604105, 0.4524989492569168, 0.6250700865390812, 0.6743682067940013, 0.06402746201149209, 0.4415611385805347, -0.1455615240423502, -0.010039815532866436]], "inverted": false, "swapped": false, "error_lsq": 0.04566601655425461, "error_max": 0.41907635629367845, "target": "138.xyz", "model": "23.xyz", "model_rescale": 4.410303926677745, "target_rescale": 4.184906372889861},
{"mapping": [7, 11, 13, 9, 0, 1, 12, 2, 6, 5, 4, 8, 10, 15, 14, 16], "R": [[-0.09305393831791503, -0.5676094160453229, -0.8180223196100538], [-0.8591048268467951, 0.4610541502158416, -0.22218903451180091], [0.5032691735563224, 0.6820913585330308, -0.5305388935436314]], "T": [0.02950505955511744, 0.08462512571332576, -0.06652796358023132], "aligned_model": [[-0.12168730932514508, 0.20333156401621227, 0.4381001219975941, 0.35640054275665606, -0.5320924540307833, -0.5793426646308267, -0.04018468440825053, -0.7051390218076092, 0.5559248829067021, 0.001771543016162419, -0.3601675347232231, -0.022510766190938516, -0.20874950855179486, 0.5570915580244634, 0.6889244634836242, -0.08987699878433429], [-0.016344332819526713, 0.5758359039503916, -0.27575305773943537, 0.5519888913017699, -0.37744834710412495, 0.44700623997853645, -0.6964975542542993, -0.3345951555490375, -0.46152791546443844, -0.3955954888575907, 0.07347421195589443, 0.4691483809200659, 0.655842040999804, 0.0356847343089465, 0.19035248891602388, 0.09817790453084153], [-0.7059628177430732, -0.42599674428494805, -0.5107849428929411, 0.1925674576564365, -0.2701996345085223, -0.5505937921075483, -0.24306842129520673, 0.2761765456918233, -0.0165568223628947, 0.33871399726470297, 0.5008478372624839, 0.658139468647561, 0.13528864312596572, 0.411563571124986, -0.17669948625016996, -0.06864363349401595]], "inverted": true, "swapped": false, "error_lsq": 0.04089177123704109, "error_max": 0.2800598943057986, "target": "138.xyz", "model": "24.xyz", "model_rescale": 4.28219845311461, "target_rescale": 4.184906372889861},
{"mapping": [11, 12, 10, 13, 5, 9, 8, 1, 6, 0, 3, 4, 7, 2, 14, 15], "R": [[0.05951958105158711, 0.9835999585668546, 0.17026021549007347], [0.9388240445163902, -0.1131175567476288, 0.32529038072672023], [0.3392150245925602, 0.1404832369456572, -0.9301600008750859]], "T": [-0.00708889755762615, 0.09737290319097511, -0.019064445903328314], "aligned_model": [[0.013607957779373459, 0.23549273355391975, 0.31336815087193814, 0.25077342533029745, -0.599299685185025, -0.4879655991060358, -0.08727378800516507, -0.41065824536276424, 0.5374980457312342, 0.23240559408477446, -0.6990899447881307, -0.11575819078352258, -0.3187464602344209, 0.5958428316354929, 0.6668584287076045, 0.014738479518938336], [0.09799121412834047, 0.5806184140494519, -0.3886972756285305, 0.6280956543069067, -0.33010406967253725, 0.46341748503927815, -0.5632713921497895, -0.34260993357606484, -0.6140750264244664, -0.34296393201840847, 0.11230371279829407, 0.21759917061560205, 0.7529732995147013, 0.13939686438762955, 0.06665138801290543, 0.0624233716905088], [-0.5631676797839392, -0.5594789430399393, -0.5582748688386275, 0.04990540852442754, -0.4570490365036436, -0.32178980970076854, -0.2167145288945704, 0.2120724912340213, 0.07821884971426071, 0.6245969806763128, 0.3287242347867998, 0.6939469161075715, 0.26129904978888585, 0.3026300380491589, -0.3726119177083741, 0.04248404142306347]], "inverted": false, "swapped": false, "error_lsq": 0.043816501033616104, "error_max": 0.2507711390245537, "target": "138.xyz", "model": "25.xyz", "model_rescale": 4.100010024507729, "target_rescale": 4.184906372889861},
{"mapping": [8, 9, 10, 7, 1, 5, 3, 4, 6, 0, 2, 15], "R": [[0.9789248061013869, 0.13326299259003846, -0.15474882489153075], [0.20421785427679454, -0.6429981375331147, 0.7381385121530565], [-0.0011366591152176253, -0.7541845728566007, -0.6566615095093992]], "T": [-0.05956107559787611, -0.015104181688903921, 0.08998710412521543], "aligned_model": [[-0.6520758376915767, 0.001483184279916068, 0.4914649234809784, 0.550402600103569, -0.5226395257545047, 0.28975571272713657, -0.36658877353373526, 0.5670785854319624, -0.01582920146443733, 0.02351865593516115, -0.45721315763187037, -0.03259156351959243], [-0.43580523726736636, -0.684410822555032, -0.18458640119082156, -0.23761679744115227, 0.6823713068523827, 0.6998978703523113, 0.17860033788100127, 0.29617276105001256, -0.391890558410594, 0.5551996583387293, 0.09143343038707741, 0.09676584205409086], [-0.1950659342430302, 0.1571799011446099, 0.4679297772267201, -0.15675651141851588, 0.0975642875721976, 0.1872001750109593, 0.5722887565491019, -0.280408312204231, -0.45786369677274125, -0.3296933264649491, -0.5332794067972662, 0.03609658025150184]], "inverted": true, "swapped": true, "error_lsq": 0.04428473645509659, "error_max": 0.26102504120918135, "target": "138.xyz", "model": "26.xyz", "model_rescale": 3.6694154284099745, "target_rescale": 4.184906372889861},
