[{"mapping": [10, 11, 9, 0, 7, 12, 6, 5, 3, 2, 4, 13], "R": [[0.811733089834684, 0.5838896601994916, 0.012737958217836187], [-0.3349836975369693, 0.44761220523546524, 0.8291135242587133], [0.4784091483781402, -0.6772858912131317, 0.5589351557307312]], "T": [-0.02705029507000206, 0.04223995561389385, -0.02713614905071922], "aligned_model": [[-0.23403752149414958, 0.29928478865140623, 0.3802834307605378, -0.01703198133700835, -0.30532712181407523, -0.5719981190335823, 0.28657598970020803, -0.1838217406695919, 0.6477462649316053, 0.10476568411300341, -0.5692359141262116, 0.0004387027784070706], [-0.2622784068512335, -0.5842894154302318, -0.3280399212028352, 0.6193338189021641, 0.36748031673707526, -0.4429841263640162, -0.3072688226655418, -0.6914404701492435, 0.03900364394003479, 0.49674900849730996, 0.19277093609976456, -0.045481525536189754], [-0.4546325349928991, -0.00211592757409447, -0.6215084962283761, -0.17787006319365173, -0.7157655980888209, 0.030270998694366322, 0.6706972368208215, 0.48701905616737756, 0.11468321960755083, 0.4300052248320107, 0.40464887731728477, 0.016519751991993084]], "inverted": true, "swapped": true, "error_lsq": 0.04355729000780766, "error_max": 0.2533440855049175, "target": "14.xyz", "model": "0.xyz", "model_rescale": 3.751011558992144, "target_rescale": 3.9786697098870705},
{"mapping": [6, 11, 7, 12, 1, 2, 3, 10, 4, 9, 5, 13, 8, 14], "R": [[0.35617607796577366, 0.8661942072082911, -0.3504942180460604], [0.5570590476880868, 0.10431764849830527, 0.8238950452579661], [0.7502158481888803, -0.48869768120033497, -0.44536586927564936]], "T": [0.019302576741184962, 0.08315613856970873, 0.057674824753067816], "aligned_model": [[0.27200925985808144, -0.024159823146243098, -0.2293227211285765, -0.5840353349452791, 0.2815680039085572, -0.3321977650331606, -0.7000574612790803, 0.5856357334217142, 0.8034543982423126, -0.09844461874156801, 0.02541273265130102, -0.5312518004174407, 0.3873295094120685, -0.012757090711042786], [-0.2831510341002237, -0.6869630311386541, 0.011648738106301335, -0.31498831136931965, 0.40151806947928226, 0.7194316821620135, 0.3194317402551517, -0.4378595585423869, 0.17663417663861358, -0.3763785372403632, 0.1575386775734307, 0.06010409847345416, 0.5700786907772959, 0.03902906685107017], [-0.5470434012239218, -0.1466740758321888, -0.5528570554427026, -0.11390450203712588, -0.5040618360552507, 0.4518055699975154, -0.042828236197529096, 0.3409823381301844, 0.01360956468280268, 0.5150074181884935, 0.6777683264781982, 0.5308140004080301, 0.31821437476492953, 0.06304061525943189]], "inverted": true, "swapped": false, "error_lsq": 0.04626856504399091, "error_max": 0.36041215646003816, "target": "14.xyz", "model": "1.xyz", "model_rescale": 3.9405287249114394, "target_rescale": 3.9786697098870705},
{"mapping": [7, 1, 0, 11, 3, 8, 10, 9, 6, 4, 5, 12, 13], "R": [[-0.7756203439278869, -0.44013944117313253, 0.4524271813330728], [0.584493521782651, -0.7714161485265946, 0.251564005347563], [0.23828639297975093, 0.4595589169151193, 0.8555847104784554]], "T": [-0.08371405487745498, -0.05467486906834515, -0.11095565990650114], "aligned_model": [[-0.34736359106651105, 0.2673179732677886, -0.3004925726115356, 0.4735999932166911, 0.4865666704922741, -0.7036900877973985, -0.05576614068279939, 0.5441657737115355, 0.22004397852226731, -0.7048904577329271, 0.006988573389144798, -0.36155667406887326, -0.02894015935572522], [0.7102256119314699, 0.5441258222856543, 0.2790427101822923, -0.29548036935798916, -0.20782296179038645, 0.1988981187627802, 0.25270793483473575, 0.37142469236964204, -0.8372843276181825, -0.39689995988926574, -0.7790619343159783, -0.25529580742573565, -0.12574693639702], [-0.05760794090788725, -0.44115062828965973, -0.5553631959317038, 0.25108496482823184, -0.46704435728014726, 0.20980398726279087, 0.36133983121285895, 0.17279162740615917, -0.1633270219620277, -0.10173642234749491, 0.43149824715259566, 0.5357752263511644, -0.06294396790623578]], "inverted": false, "swapped": true, "error_lsq": 0.05232026111997075, "error_max": 0.3688797330579353, "target": "14.xyz", "model": "2.xyz", "model_rescale": 3.932901565614263, "target_rescale": 3.9786697098870705},
{"mapping": [6, 2, 10, 1, 12, 8, 11, 4, 5, 0, 7, 3, 9, 13], "R": [[-0.4148834665431159, -0.8773431670140025, 0.24112377834425106], [-0.08110513627279259, 0.2996127443759619, 0.9506072586918723], [-0.9062525398912487, 0.3748348579059114, -0.1954614111258696]], "T": [-0.08619945554111676, 0.04194465805521498, 0.13765024520018926], "aligned_model": [[0.26237793121041325, 0.09161766522271393, -0.260637067545483, -0.547722667238432, 0.2785810146985932, -0.3190966301425377, -0.7561913487573797, 0.5061430901765303, 0.605350790977224, -0.2164298812856414, 0.34518763908934325, -0.44439828721181124, 0.320105332839077, -0.021704559940966414], [-0.21124038649254906, -0.7483325649569419, 0.14692638191791924, -0.4665564181702715, 0.37695458812775196, 0.6471561319842638, 0.5657540706222077, -0.5484355945504902, 0.1373346293488974, -0.5226929683738375, 0.2042886936429451, 0.05115286693784789, 0.6526251140600144, 0.0711399238279086], [-0.39252274481776667, -0.05739548156600935, -0.5491508886619074, -0.14018352066398831, -0.44358410120754416, 0.481546600835448, -0.135192677922508, 0.39025244313943225, -0.0339851112147391, 0.4740647457407761, 0.6828952690587502, 0.5013730571877553, 0.1798253442746604, 0.04593016693850671]], "inverted": false, "swapped": false, "error_lsq": 0.05145005927798169, "error_max": 0.32938258657150365, "target": "14.xyz", "model": "3.xyz", "model_rescale": 3.9243930471874484, "target_rescale": 3.9786697098870705},
{"mapping": [2, 4, 6, 3, 11, 0, 1, 5, 12, 8, 9, 7, 13], "R": [[0.8465490138911076, -0.21097464594604595, -0.4887171634472581], [-0.49899277884458343, -0.6342310740428598, -0.590556645360461], [-0.18536713231032648, 0.7438014812343284, -0.6421825151564504]], "T": [-0.031974594011548965, -0.09279753105271278, -0.09016762743162711], "aligned_model": [[-0.18884351888939832, -0.3336603653898646, 0.6084078083006299, 0.38589655502063663, 0.6476244072306183, -0.5197869571141439, -0.1800645202971275, 0.5964670772144396, 0.059881889788363035, -0.5536082979289185, 0.3219402340033093, -0.631104464655752, 0.06405603902856034], [-0.5352544169586295, 0.18027146608520467, -0.22357343694989656, -0.6388765389168138, 0.028144035817959365, -0.4295856198383615, -0.5645600028514436, 0.40322608087519624, 0.6200711304359838, 0.4358365793807976, -0.1044018150670988, 0.023737634242238834, -0.06720554257354945], [-0.5512058164772315, -0.671099765243767, -0.6195987450245967, -0.038640698486040126, 0.06207555318629403, -0.023299935799161633, 0.4983253749315528, -0.5217246579998991, -0.22832253699840066, -0.08942666283004644, 0.6384722517731863, 0.44358583273546803, -0.11206987839639422]], "inverted": true, "swapped": true, "error_lsq": 0.053515505017047986, "error_max": 0.33649011626350694, "target": "14.xyz", "model": "4.xyz", "model_rescale": 3.8936222436046832, "target_rescale": 3.9786697098870705},
{"mapping": [2, 4, 6, 3, 5, 12, 8, 10, 1, 0, 11, 13], "R": [[0.15742303958515164, 0.9844144462205752, 0.07839760634107457], [0.48877614600345265, -0.008688639897701467, -0.8723659705850175], [-0.8580884952647851, 0.17564938260343066, -0.4825260911963728]], "T": [0.01708829561482024, -0.07327473162432116, 0.02345259747869407], "aligned_model": [[0.06534891797409767, -0.532648040179393, -0.3026781921041038, 0.4127315288264641, -0.7070479579426415, -0.6175177168605456, -0.31967332473722765, -0.0323632427570485, 0.7713253173581549, 0.3680456676202734, -0.05076858917888517, -0.02720632580404759], [-0.5413513907535047, -0.5207536193122292, 0.18448719371589858, 0.15126246918841027, 0.39326019399461076, 0.13739614820129167, -0.3657951060857405, 0.22521723772016258, -0.055978611751269156, -0.5462383081747503, 0.6028991101540987, 0.004517588212828355], [-0.43644665316681597, -0.0013614464111092253, -0.7105756378139909, -0.4947395308819203, -0.2684235368963651, 0.32110862464728807, 0.6172368465016348, 0.4996724989573455, 0.17056421892454623, 0.1182828923191869, -0.17108282349098855, -0.024950733413293243]], "inverted": true, "swapped": true, "error_lsq": 0.04430974418441741, "error_max": 0.21817042002192588, "target": "14.xyz", "model": "5.xyz", "model_rescale": 3.6523030999806103, "target_rescale": 3.9786697098870705},
{"mapping": [5, 4, 8, 12, 10, 6, 0, 11, 2, 3, 1, 9, 13], "R": [[0.28419154045296025, 0.035519859151253885, 0.9581093402847343], [0.7835326741560886, -0.5845216182278572, -0.21073923781321757], [0.5525501939776896, 0.8106002821552447, -0.1939470693386614]], "T": [0.018292730085998132, 0.06473718541668669, 0.026344048302692512], "aligned_model": [[0.2513873091082986, -0.2259596618282017, 0.28208761447332853, 0.4717660309414399, 0.5673877259028306, -0.266255908641007, -0.29942856023312875, 0.364081018023188, -0.6374331027380398, -0.2491080417805392, 0.01655111700874185, 0.5604975074960734, 0.04550985693131025], [-0.7379186191659539, 0.04633988539914155, 0.47403453923388916, -0.1526930041832291, 0.19150983387922504, -0.726752179722988, 0.5635270554269927, -0.48474380013746865, 0.0453797914280655, -0.2271919555195057, 0.5073250313229845, 0.07510899199714946, -0.033098665795119345], [0.38499486031409325, 0.691975657369808, 0.5870973166250755, 0.5581261458275976, 0.05376094355973431, 0.018224682595305436, -0.05188800255201511, -0.25322840665495655, 0.07714848414775871, -0.5382335002301201, -0.6020884741969458, -0.5754971628533951, 0.01971719552984891]], "inverted": false, "swapped": true, "error_lsq": 0.058856720899672525, "error_max": 0.3279693577472206, "target": "14.xyz", "model": "6.xyz", "model_rescale": 4.08911054899281, "target_rescale": 3.9786697098870705},
{"mapping": [6, 2, 7, 13, 4, 10, 12, 0, 3, 1, 9, 11, 8, 14], "R": [[0.5312000821091576, 0.45957363236615706, 0.7117714163978491], [0.7949064092239597, -0.5610394415697808, -0.23099468733661185], [0.29317277046460977, 0.6884960576770536, -0.6633422233065376]], "T": [-0.07140814322163463, 0.09806835603873026, 0.02228988843222124], "aligned_model": [[0.264460694369005, -0.05087878292915207, -0.2593876126061028, -0.6845522435734592, 0.35820512897949686, -0.353019748329189, -0.7492133706900839, 0.6321881952877311, 0.7193250193683736, -0.08249671968470335, 0.26766007184466434, -0.4355220582153049, 0.2612151393481223, -0.04480069107775437], [-0.1305723717442891, -0.670785263372538, -0.16511062733711873, -0.3012879633251604, 0.5593449775544359, 0.742623458434241, 0.2981643983115856, -0.5188255214126145, 0.1016694038336161, -0.4875764034798927, 0.05238014255698355, 0.19604212536956508, 0.6050308571876033, 0.07497725534924839], [-0.2676385647900162, -0.2197477131412292, -0.6810517826897442, 0.0007639798683299059, -0.2931555180867954, 0.17887380314456508, -0.07014152124208989, 0.11742305564086553, 0.056634237326261716, 0.4637004886400005, 0.7276285592765119, 0.4721268148714001, 0.33453938419863893, 0.18391787810416774]], "inverted": true, "swapped": false, "error_lsq": 0.04597679520087776, "error_max": 0.26987613643833036, "target": "14.xyz", "model": "7.xyz", "model_rescale": 3.964800864290218, "target_rescale": 3.9786697098870705},
{"mapping": [9, 12, 8, 7, 5, 0, 1, 11, 10, 4, 6, 2, 3, 13], "R": [[0.7090073656828864, -0.28675974402445825, -0.6442650111673308], [0.6541513358562965, 0.6087094300009388, 0.4489530706269363], [0.2634285201052396, -0.7397578516210283, 0.619163739054706]], "T": [-0.036292308726476666, 0.05881859644049216, 0.12715631601521274], "aligned_model": [[0.293697570121891, -0.15272372917444765, -0.06206649559604123, -0.6152150469170795, 0.24954253148510003, -0.32582804351846334, -0.645494138343928, 0.5413027593569948, 0.6769423791185184, -0.049959053615884985, 0.2760470545238772, -0.57033179321467, 0.24108927691801046, -0.013820249052233793], [-0.3506670664340442, -0.6614859328732191, -0.004180214852353578, -0.20960452376785316, 0.5853373178974355, 0.5648275588487364, 0.3972504974895987, -0.5005184459377517, 0.17070304258941493, -0.3952837819096839, 0.07419014716497382, -0.05071359612941216, 0.6790317754263957, 0.05718769041342797], [-0.31701133087777655, -0.06849655687754633, -0.6386272189828844, -0.1885186065003772, -0.45606508537961665, 0.5434294964673523, -0.1511544281457561, 0.3287979159961898, -0.26516009171180666, 0.664462229880567, 0.6157396362086335, 0.5032058547099253, 0.38084463711012706, 0.052426649223835026]], "inverted": true, "swapped": false, "error_lsq": 0.04839850048634936, "error_max": 0.32861652616995046, "target": "14.xyz", "model": "8.xyz", "model_rescale": 4.121658175737393, "target_rescale": 3.9786697098870705},
{"mapping": [3, 2, 0, 1, 6, 11, 4, 12, 8, 5, 9, 10, 13], "R": [[-0.9968825512520776, -0.02363292037865179, 0.07527724811339144], [-0.05751598764800644, 0.8707805000802008, -0.4882962541787001], [-0.054010093260641226, -0.4911036609051613, -0.8694251572570955]], "T": [0.02637440309957962, 0.008223381709336276, -0.13074739314059294], "aligned_model": [[-0.588984776656104, -0.09811344249979592, 0.3038998108200313, 0.0052415891289275054, -0.658549348279304, -0.4940653417655524, 0.3492978477003132, 0.2631135464056455, 0.7306491826306354, -0.34313481373784693, -0.20237104128213634, 0.25810239271512186, -0.04834810874473807], [0.18935245400488177, -0.3367792568517414, 0.14938744309173432, 0.6902337437290194, -0.4715906290793862, 0.1319837127714659, -0.6225086416173617, -0.29315337202685227, -0.11864909775182682, -0.5239679810111711, 0.7213429565905465, 0.29322068911920524, -0.01848458155680393], [-0.38372751783352355, -0.6770148394709271, -0.6395801381280848, -0.48462553624469684, -0.04048534752891804, 0.331297521939374, -0.1617424616261948, 0.49281715966875295, 0.06788971738204544, 0.5075747202740277, 0.17819019288566504, 0.297513016625116, -0.06703105398354696]], "inverted": true, "swapped": true, "error_lsq": 0.04245993828230565, "error_max": 0.26604845867321514, "target": "14.xyz", "model": "9.xyz", "model_rescale": 3.833441315466971, "target_rescale": 3.9786697098870705},
{"mapping": [12, 6, 11, 7, 10, 2, 9, 1, 0, 4, 5, 3, 13, 14], "R": [[0.2406696761475126, -0.9648938773261372, -0.10515660931004345], [-0.06294801060263949, -0.12362956466553138, 0.9903298837770077], [-0.9685637072202437, -0.23172297305002998, -0.09049203731065902]], "T": [0.005381129511722918, -0.0017746289560909845, -0.006889345713947184], "aligned_model": [[0.28238448846209496, 0.05793980695573474, -0.2343320717271315, -0.6048248761244216, 0.32980280212032537, -0.23395561532584933, -0.6398669707169863, 0.641105763902492, 0.6508360012137593, -0.19970936656886412, 0.25936113414161355, -0.7268485593932894, 0.34071766619017774, -0.07942718103801225], [-0.37712145522085466, -0.6675894795354347, -0.02841734582844232, -0.13092564985043825, 0.46301552290106357, 0.4913442541418784, 0.48598589526181724, -0.3435910046984338, 0.21126125672248694, -0.4636740539100256, 0.1009037819245692, -0.03423925898942732, 0.6184537934577146, 0.030668211549192755], [-0.38820805290512794, 0.11622742088694311, -0.6449840313469267, -0.24115974774831778, -0.6022672396588856, 0.45808586290518016, 0.05356465910482286, 0.15003320657512836, 0.03585035144125199, 0.6099569801524571, 0.6114847341553775, 0.4590586988473535, 0.3653372688815656, 0.020892989830044187]], "inverted": false, "swapped": false, "error_lsq": 0.04692659189765878, "error_max": 0.3345775835223819, "target": "14.xyz", "model": "10.xyz", "model_rescale": 4.2482417240324, "target_rescale": 3.9786697098870705},
{"mapping": [6, 3, 1, 9, 4, 8, 2, 10, 11, 12, 5, 13], "R": [[-0.42226330829832104, 0.6994846120232631, -0.57655439986841], [-0.882995313942906, -0.4612231299077185, 0.08713495276292502], [-0.20497066624233432, 0.5458887267390609, 0.8123992392902524]], "T": [0.03451154558779947, 0.09911354587818594, 0.12211149341998301], "aligned_model": [[-0.6354468846151937, -0.06760219986245955, 0.5869674822582945, 0.6601551672013289, -0.4315702069830901, 0.20855316735040022, -0.424710982514262, 0.4562425230244037, 0.043281090321439085, -0.04316638961769743, -0.4705417955166671, -0.0053953686834896306], [-0.30908024560679265, -0.5747509358506289, -0.2583745455018212, -0.32545643523030987, 0.6309726265473155, 0.820670061281618, 0.014677331387867698, 0.28000715211254007, -0.3250827576997511, 0.5539331749295184, 0.10343045967348462, 0.05518550400759929], [-0.18124110245344327, 0.22676830248828644, 0.5193635197890776, -0.16877822509842177, 0.17648840785301356, 0.09717152994718925, 0.5857032994330323, -0.20613961605068748, -0.44325585817287744, -0.4460534162655693, -0.6342761818172105, 0.03944163020196763]], "inverted": true, "swapped": true, "error_lsq": 0.0446375111321639, "error_max": 0.23359251897925198, "target": "14.xyz", "model": "11.xyz", "model_rescale": 3.6694154284099745, "target_rescale": 3.9786697098870705},
{"mapping": [2, 8, 10, 9, 12, 5, 7, 3, 1, 11, 4, 6, 0, 13], "R": [[-0.16356408544443918, -0.4050441236179315, 0.8995476907175661], [0.711896106482858, 0.5827938779944906, 0.3918612373617607], [-0.6829719785813115, 0.7044789235276843, 0.19302518690057993]], "T": [-0.06252889802372531, 0.07618337872398917, 0.07432688886648521], "aligned_model": [[0.3483539849985017, 0.013917705679965572, -0.27715649885861965, -0.6340944818939174, 0.12424082186932657, -0.3743475274497458, -0.7519876240148132, 0.584473609437013, 0.7780369483693722, -0.36588664279630523, 0.359497609679079, -0.3028392284917002, 0.3097884558620674, 0.031185889701419417], [-0.17545204804118836, -0.6583085260775292, 0.02230829939856191, -0.44613677206385904, 0.5297696905671074, 0.8093167252484784, 0.266658138786828, -0.4803721539973468, 0.1276933307235489, -0.4323157569327819, -0.1455156485132652, 0.25221052704813096, 0.5557539284107409, 0.13046473336823972], [-0.36631859429244484, -0.09082579768234987, -0.5211235759884669, -0.1382306570032738, -0.3959337087877486, 0.17360141245316785, -0.12699710226048871, 0.18782840841626075, -0.010933165226979388, 0.5152706002740586, 0.6403850288737835, 0.5550765342921613, 0.4513278706876026, 0.1307458473655842]], "inverted": true, "swapped": false, "error_lsq": 0.04656499353584108, "error_max": 0.24050321311963302, "target": "14.xyz", "model": "12.xyz", "model_rescale": 3.9764082729961374, "target_rescale": 3.9786697098870705},
{"mapping": [1, 8, 12, 11, 9, 6, 13, 2, 0, 3, 7, 14, 4, 15], "R": [[0.26944373090293494, 0.11167103550224977, 0.9565195532277229], [-0.9295898269030591, -0.2292584466071581, 0.28862314248447585], [0.25152103211351534, -0.9669385422502965, 0.042036007367777684]], "T": [-0.02033631826289821, 0.10630683068209111, -0.012748893478678303], "aligned_model": [[0.20316907038598186, -0.031250911161886705, -0.18213945861810737, -0.6219144715795999, 0.3937995024133503, -0.4274085261790617, -0.5843163966723833, 0.5849030753526044, 0.6886991687155543, -0.21051879309138616, 0.4734047477393128, -0.6942693887998096, 0.27434747125506687, -0.023322067667992212], [-0.25341411804544683, -0.5932056771362276, 0.1847039535271643, -0.40340845675700865, 0.34010785474375016, 0.684005449096408, 0.26652706329999726, -0.41267450336499134, 0.2328978704238912, -0.3615712304375148, -0.07603062605334636, 0.11123807651189017, 0.5215696361326471, 0.11532917598445343], [-0.48600227017288505, 0.08832513739040845, -0.6250291968112902, 0.08126573278954413, -0.3806180681836974, 0.27744988240378643, -0.18806715950932934, -0.037308315963116886, 0.07863666536176525, 0.6605743524475867, 0.5294747785767229, 0.4168997290331669, 0.49379033341682427, 0.09448150034138014]], "inverted": true, "swapped": false, "error_lsq": 0.04578244515809187, "error_max": 0.2321773033464351, "target": "14.xyz", "model": "13.xyz", "model_rescale": 4.170626492500431, "target_rescale": 3.9786697098870705},
{"mapping": [0, 1, 2, 3, 4, 5, 6, 7, 8, 9, 10, 11, 12, 13], "R": [[1.0, 0.0, 0.0], [0.0, 1.0, 0.0], [0.0, 0.0, 1.0]], "T": [0.0, 0.0, 0.0], "aligned_model": [[0.25729732288560686, -0.0009534254604179263, -0.17344688434054248, -0.6166864916941401, 0.2839655255103005, -0.36449096576080614, -0.705510451904207, 0.664283355422086, 0.7055104519042052, -0.1703308176891204, 0.27052787576844417, -0.48674401400737644, 0.25234591916615806, -0.07258437770854703], [-0.3662537999519861, -0.7681716058020698, 0.029205616065903252, -0.2965058640249589, 0.5416389791403828, 0.7681716058020698, 0.4459539568189882, -0.44949760357231516, 0.22467356307024747, -0.4746561634173944, -0.032373433683103095, 0.10684435527373017, 0.5742626723505678, 0.05278218985560374], [-0.39435345590537524, 0.026943364947738954, -0.6340310540810393, -0.0851800915159713, -0.3592407649341084, 0.3229218919095624, -0.10425611579901094, 0.11878270488891943, 0.05773287725522657, 0.6340310540810393, 0.4940596463976876, 0.501322450829078, 0.3771604982114961, 0.047980094835623086]], "inverted": false, "swapped": false, "error_lsq": 0.0, "error_max": 0.0, "target": "14.xyz", "model": "14.xyz", "model_rescale": 3.9786697098870705, "target_rescale": 3.9786697098870705},
{"mapping": [0, 2, 8, 7, 4, 12, 3, 11, 10, 1, 6, 13], "R": [[0.7674911414655388, -0.012230035109387402, 0.6409428789004118], [-0.153242861893144, 0.9673313345836558, 0.20195720935733535], [-0.6224740741996598, -0.253220290209586, 0.7405440645737766]], "T": [0.01366093473782565, 0.00021748826462082444, -0.010303378545128205], "aligned_model": [[-0.03714439172463113, -0.5261928873331798, 0.589389667776321, 0.6051228257556377, -0.005275113778165388, 0.4420492751691627, -0.5106097806529711, -0.03989843949865207, 0.5383486232508056, 0.039593112748769255, -0.6000883348622615, -0.01193996008349826], [-0.4731427904107745, -0.07299864955431372, 0.12109639590833786, -0.5124032873847207, 0.40809489263734017, 0.5932198363696103, -0.209301855591838, 0.27940710991775597, 0.027224092992808795, -0.7372714639234674, 0.5186618910173173, 0.0720883182463833], [-0.3697575090030739, -0.37926057822356013, -0.4636035091933273, -0.22201680451313194, -0.5902521518534213, -0.03349316316307584, 0.38556966418885835, 0.6368783576957223, 0.1953705813982515, 0.20475949002932084, 0.2387277487258354, 0.057044367785432176]], "inverted": false, "swapped": true, "error_lsq": 0.04853033484627676, "error_max": 0.23599593119051246, "target": "14.xyz", "model": "15.xyz", "model_rescale": 3.769337070930944, "target_rescale": 3.9786697098870705},
{"mapping": [6, 3, 4, 2, 5, 11, 12, 9, 8, 0, 13], "R": [[-0.25204529240199935, -0.3134719833221548, -0.9155372664452635], [-0.6327275236906489, -0.6624565277249237, 0.4010077675543666], [-0.7322083387549543, 0.6803577474731306, -0.03137330251978182]], "T": [-0.058116609989539256, 0.03347123250684638, 0.14764821589186264], "aligned_model": [[-0.1915934860868183, -0.3844813665135947, -0.14565409896796416, -0.6731569963718067, 0.38646246096414405, 0.3116739508691759, 0.5308057413864463, 0.330639958413163, 0.24298944619527862, -0.46912162111165967, -0.01593785808519367], [-0.07569202665442476, -0.5189876510694171, 0.7160146508390527, 0.19732544345246153, 0.18223387404083027, -0.40475955837749633, 0.42231720758419816, -0.6429922154156947, 0.6055522499185589, 0.1117819088662021, 0.003270614441071615], [-0.6756115082697702, -0.1048370947433225, -0.024208703397875092, -0.019112954380132302, -0.631735485830221, -0.26571405397783154, -0.046453285653324655, 0.36575821706645606, 0.5131817235911276, 0.572854901314997, 0.060095851503673414]], "inverted": true, "swapped": true, "error_lsq": 0.037872634384988633, "error_max": 0.18183702506068875, "target": "14.xyz", "model": "16.xyz", "model_rescale": 3.7852294659196426, "target_rescale": 3.9786697098870705},
{"mapping": [4, 12, 11, 5, 8, 10, 1, 9, 6, 2, 0, 3, 13], "R": [[-0.9086892228456586, 0.0857175322867311, -0.4085785125809075], [0.1554214149628519, -0.8388810325148791, -0.5216539054370395], [-0.3874636499790639, -0.537523132474728, 0.7489598133407813]], "T": [-0.04613706969322233, 0.1646278609460115, -0.0347904115118394], "aligned_model": [[-0.11096746830671304, -0.3803163830738447, 0.200490823309588, 0.2189787708640955, -0.6915567636630516, -0.4965999611817168, -0.12212495664891464, -0.19109711135999236, 0.6757755559697509, 0.3730271431878049, -0.15021039754397653, 0.5236263033040782, 0.004740295359175348], [-0.05820913333003011, -0.4746374896218873, -0.26216909986438325, -0.7048798965833032, 0.05568832219257197, -0.023896998403225317, 0.7948291564851413, 0.20559008117638689, -0.2647402775381798, 0.4439152389300452, 0.7175767611968986, 0.36194924658319594, 0.08403971247964348], [-0.7050171074816852, -0.1587666965744682, 0.4718442574234305, -0.06461789947439617, -0.38567769873809865, 0.24782216034936547, 0.3986685116079388, 0.7612090365392541, -0.0792249655559608, -0.4581485227781489, -0.23296877226115628, 0.299735482838425, 0.0008969112486745534]], "inverted": false, "swapped": true, "error_lsq": 0.05042469039718562, "error_max": 0.4141841746644089, "target": "14.xyz", "model": "17.xyz", "model_rescale": 3.901054581598922, "target_rescale": 3.9786697098870705},
{"mapping": [6, 11, 7, 12, 1, 2, 3, 10, 4, 9, 5, 13, 8, 14], "R": [[0.35617607796577366, 0.8661942072082911, -0.3504942180460604], [0.5570590476880868, 0.10431764849830527, 0.8238950452579661], [0.7502158481888803, -0.48869768120033497, -0.44536586927564936]], "T": [0.019302576741184962, 0.08315613856970873, 0.057674824753067816], "aligned_model": [[0.27200925985808144, -0.024159823146243098, -0.2293227211285765, -0.5840353349452791, 0.2815680039085572, -0.3321977650331606, -0.7000574612790803, 0.5856357334217142, 0.8034543982423126, -0.09844461874156801, 0.02541273265130102, -0.5312518004174407, 0.3873295094120685, -0.012757090711042786], [-0.2831510341002237, -0.6869630311386541, 0.011648738106301335, -0.31498831136931965, 0.40151806947928226, 0.7194316821620135, 0.3194317402551517, -0.4378595585423869, 0.17663417663861358, -0.3763785372403632, 0.1575386775734307, 0.06010409847345416, 0.5700786907772959, 0.03902906685107017], [-0.5470434012239218, -0.1466740758321888, -0.5528570554427026, -0.11390450203712588, -0.5040618360552507, 0.4518055699975154, -0.042828236197529096, 0.3409823381301844, 0.01360956468280268, 0.5150074181884935, 0.6777683264781982, 0.5308140004080301, 0.31821437476492953, 0.06304061525943189]], "inverted": true, "swapped": false, "error_lsq": 0.04626856504399091, "error_max": 0.36041215646003816, "target": "14.xyz", "model": "18.xyz", "model_rescale": 3.9405287249114394, "target_rescale": 3.9786697098870705},
{"mapping": [9, 7, 11, 13, 2, 3, 14, 8, 6, 4, 0, 12, 1, 15], "R": [[0.08588043379825266, -0.05213860792438474, -0.9949402578317612], [0.5750693340838665, -0.812888454311734, 0.09223677055826918], [-0.8135845451377273, -0.5800809653922353, -0.039827898546747065]], "T": [-0.06404487556452135, 0.020441066708975407, 0.07624233671208235], "aligned_model": [[0.04934300456026766, 0.016599019912320268, -0.2557160206584983, -0.5972530915947931, 0.4444821421902284, -0.3518963755876695, -0.7349664464179508, 0.6128566690388665, 0.6554775011055292, -0.09749293162643251, 0.380872974794185, -0.4372992147530451, 0.2082062822640647, -0.050030491135428984], [-0.49833519352748046, -0.6785836742356127, 0.02953499757842887, -0.2981880747634121, 0.607132333913674, 0.7928572779789211, 0.3222017326858687, -0.3171764584342238, 0.21722998095785206, -0.42363786519430774, -0.0736684752756053, 0.13438933473757098, 0.4927213326001869, 0.04959721890380511], [-0.47785533284845516, 0.054185079153300064, -0.6183026038493773, -0.1796762322397455, -0.31429436093905, 0.29058623183338356, -0.16571573467412704, 0.08577444905332271, 0.11919729326019696, 0.6561907468326696, 0.5918640570610135, 0.46073687854540224, 0.44819674452325414, 0.05298588540907867]], "inverted": false, "swapped": false, "error_lsq": 0.03390994244024602, "error_max": 0.2601212342197738, "target": "14.xyz", "model": "19.xyz", "model_rescale": 4.410303926677745, "target_rescale": 3.9786697098870705},
{"mapping": [9, 12, 8, 7, 5, 0, 1, 11, 10, 4, 6, 2, 3, 13], "R": [[0.7090073656828864, -0.28675974402445825, -0.6442650111673308], [0.6541513358562965, 0.6087094300009388, 0.4489530706269363], [0.2634285201052396, -0.7397578516210283, 0.619163739054706]], "T": [-0.036292308726476666, 0.05881859644049216, 0.12715631601521274], "aligned_model": [[0.293697570121891, -0.15272372917444765, -0.06206649559604123, -0.6152150469170795, 0.24954253148510003, -0.32582804351846334, -0.645494138343928, 0.5413027593569948, 0.6769423791185184, -0.049959053615884985, 0.2760470545238772, -0.57033179321467, 0.24108927691801046, -0.013820249052233793], [-0.3506670664340442, -0.6614859328732191, -0.004180214852353578, -0.20960452376785316, 0.5853373178974355, 0.5648275588487364, 0.3972504974895987, -0.5005184459377517, 0.17070304258941493, -0.3952837819096839, 0.07419014716497382, -0.05071359612941216, 0.6790317754263957, 0.05718769041342797], [-0.31701133087777655, -0.06849655687754633, -0.6386272189828844, -0.1885186065003772, -0.45606508537961665, 0.5434294964673523, -0.1511544281457561, 0.3287979159961898, -0.26516009171180666, 0.664462229880567, 0.6157396362086335, 0.5032058547099253, 0.38084463711012706, 0.052426649223835026]], "inverted": true, "swapped": false, "error_lsq": 0.04839850048634936, "error_max": 0.32861652616995046, "target": "14.xyz", "model": "20.xyz", "model_rescale": 4.121658175737393, "target_rescale": 3.9786697098870705},
{"mapping": [5, 4, 8, 12, 10, 6, 0, 11, 2, 3, 1, 9, 13], "R": [[0.28419154045296025, 0.035519859151253885, 0.9581093402847343], [0.7835326741560886, -0.5845216182278572, -0.21073923781321757], [0.5525501939776896, 0.8106002821552447, -0.1939470693386614]], "T": [0.018292730085998132, 0.06473718541668669, 0.026344048302692512], "aligned_model": [[0.2513873091082986, -0.2259596618282017, 0.28208761447332853, 0.4717660309414399, 0.5673877259028306, -0.266255908641007, -0.29942856023312875, 0.364081018023188, -0.6374331027380398, -0.2491080417805392, 0.01655111700874185, 0.5604975074960734, 0.04550985693131025], [-0.7379186191659539, 0.04633988539914155, 0.47403453923388916, -0.1526930041832291, 0.19150983387922504, -0.726752179722988, 0.5635270554269927, -0.48474380013746865, 0.0453797914280655, -0.2271919555195057, 0.5073250313229845, 0.07510899199714946, -0.033098665795119345], [0.38499486031409325, 0.691975657369808, 0.5870973166250755, 0.5581261458275976, 0.05376094355973431, 0.018224682595305436, -0.05188800255201511, -0.25322840665495655, 0.07714848414775871, -0.5382335002301201, -0.6020884741969458, -0.5754971628533951, 0.01971719552984891]], "inverted": false, "swapped": true, "error_lsq": 0.058856720899672525, "error_max": 0.3279693577472206, "target": "14.xyz", "model": "21.xyz", "model_rescale": 4.08911054899281, "target_rescale": 3.9786697098870705},
{"mapping": [4, 2, 0, 1, 7, 5, 8, 3, 12, 15, 14, 11, 9, 16], "R": [[0.9937358823899499, -0.09080787377515945, 0.06513774720622814], [0.11175408450849181, 0.8082267848465868, -0.5781699480708232], [-0.00014368833163368872, 0.5818276328234885, 0.8133121080106206]], "T": [-0.01540598221244868, 0.10567439363227797, 0.030774438434199455], "aligned_model": [[0.20515613531094645, -0.09375642952557339, -0.14663733506914065, -0.6778305093765291, 0.31065193579959766, -0.25461969605949003, -0.6692718845906377, 0.6704652891680205, 0.6641726569515867, -0.1785967336265083, 0.42896242467326934, -0.6301887497856052, 0.21174316901405582, 0.002932749207651431], [-0.418656287020255, -0.6118588709041061, -0.04791668985947224, -0.31390536737276226, 0.48666434995087365, 0.6844474197691996, 0.325803152769944, -0.4257041571637749, 0.37269861802229964, -0.33839647182149096, -0.07465618686480778, 0.11004796816959884, 0.5151318120784665, 0.09237517817195269], [-0.37261355780243455, 0.04693151313371567, -0.7170674628246876, -0.09229038689146879, -0.4735360564947064, 0.35562461508796683, -0.038252579230923386, 0.0694559345699897, 0.13958823726022243, 0.5854607128292206, 0.45720167331313716, 0.48675256378595827, 0.5677059956544657, -0.011088101269588993]], "inverted": false, "swapped": false, "error_lsq": 0.03709489380600497, "error_max": 0.20359918603035115, "target": "14.xyz", "model": "22.xyz", "model_rescale": 4.204369325754507, "target_rescale": 3.9786697098870705},
{"mapping": [9, 7, 11, 13, 2, 3, 14, 8, 6, 4, 0, 12, 1, 15], "R": [[0.08588043379825266, -0.05213860792438474, -0.9949402578317612], [0.5750693340838665, -0.812888454311734, 0.09223677055826918], [-0.8135845451377273, -0.5800809653922353, -0.039827898546747065]], "T": [-0.06404487556452135, 0.020441066708975407, 0.07624233671208235], "aligned_model": [[0.04934300456026766, 0.016599019912320268, -0.2557160206584983, -0.5972530915947931, 0.4444821421902284, -0.3518963755876695, -0.7349664464179508, 0.6128566690388665, 0.6554775011055292, -0.09749293162643251, 0.380872974794185, -0.4372992147530451, 0.2082062822640647, -0.050030491135428984], [-0.49833519352748046, -0.6785836742356127, 0.02953499757842887, -0.2981880747634121, 0.607132333913674, 0.7928572779789211, 0.3222017326858687, -0.3171764584342238, 0.21722998095785206, -0.42363786519430774, -0.0736684752756053, 0.13438933473757098, 0.4927213326001869, 0.04959721890380511], [-0.47785533284845516, 0.054185079153300064, -0.6183026038493773, -0.1796762322397455, -0.31429436093905, 0.29058623183338356, -0.16571573467412704, 0.08577444905332271, 0.11919729326019696, 0.6561907468326696, 0.5918640570610135, 0.46073687854540224, 0.44819674452325414, 0.05298588540907867]], "inverted": false, "swapped": false, "error_lsq": 0.03390994244024602, "error_max": 0.2601212342197738, "target": "14.xyz", "model": "23.xyz", "model_rescale": 4.410303926677745, "target_rescale": 3.9786697098870705},
{"mapping": [14, 6, 11, 7, 10, 3, 1, 15, 8, 12, 5, 0, 4, 16], "R": [[0.2466177233211287, 0.4124263038987761, -0.8769744821808088], [-0.25855349425337604, 0.9001256748061002, 0.3506049916419222], [0.9339859683920699, 0.14027941191513893, 0.3286212066186084]], "T": [-0.004166217140524077, -0.03808856769612619, -0.006840817915046121], "aligned_model": [[0.2217692683676438, 0.18711707384473575, -0.15208982594175918, -0.6480009869020106, 0.16077432142256812, -0.2565956411265187, -0.6431762997174689, 0.646501766842217, 0.6694285751349527, -0.325199572545765, 0.25276700464609775, -0.5200284833061317, 0.3085338965207574, -0.05861807514767502], [-0.5219441285208605, -0.7359024548763287, -0.004934469313648215, -0.16802877451221854, 0.5257905279396741, 0.7412525949900841, 0.49143667049792567, -0.33123869761833885, 0.4330236542545565, -0.4735800941387196, -0.16449046589818428, 0.07733222727892426, 0.42613594677839056, 0.06122193106440957], [-0.42275780802461815, 0.22632129566282824, -0.6214471133029364, -0.10942360682752716, -0.28723149272268655, 0.3648549214781651, -0.2250253408557811, -0.009733356795401715, -0.012317806366909712, 0.5876846650523786, 0.553168032998219, 0.5325569699187367, 0.39390674860067354, 0.03331699230572613]], "inverted": true, "swapped": false, "error_lsq": 0.041296090380140385, "error_max": 0.27597711873738556, "target": "14.xyz", "model": "24.xyz", "model_rescale": 4.28219845311461, "target_rescale": 3.9786697098870705},
{"mapping": [8, 10, 5, 11, 1, 7, 9, 6, 0, 14, 2, 13, 4, 15], "R": [[0.4019742970914295, -0.4291799411719334, 0.8088394417766158], [-0.59657842213796, 0.5473684792512907, 0.5869258336123157], [-0.6946300099457505, -0.7184652573491536, -0.03601143242057226]], "T": [-0.10099554172954038, 0.10043015008422838, 0.09593004394117549], "aligned_model": [[0.19965731943696324, -0.04725542405984538, -0.2569232697876576, -0.4639999151225776, 0.2533535518848461, -0.4443110360575064, -0.6832133615472691, 0.5968774288549662, 0.7001023690652052, -0.1433615760239062, 0.24467154727238838, -0.3528667252448707, 0.2700555449652392, -0.02960343154433233], [-0.26872609937025077, -0.6643095646702645, -0.02091896454318723, -0.27709448638326334, 0.30922741578697077, 0.7591544409226337, 0.34485089474087205, -0.46922700484338264, 0.19839907785337385, -0.5564521700757633, -0.0289217258298657, 0.22007689183062534, 0.6964853232525372, 0.11353043925463085], [-0.40931997089298705, -0.10898454133264632, -0.7324669725406066, -0.05299962068683317, -0.3946999801466217, 0.3277980791767582, -0.1452225918458968, 0.12164342038920115, 0.21508707708594757, 0.47914716450603734, 0.6726122616021304, 0.620488926280482, 0.3001061802246127, 0.11068366930128884]], "inverted": true, "swapped": false, "error_lsq": 0.04124580016467686, "error_max": 0.23708560406129664, "target": "14.xyz", "model": "25.xyz", "model_rescale": 4.100010024507729, "target_rescale": 3.9786697098870705},
{"mapping": [6, 3, 1, 9, 4, 8, 2, 10, 11, 12, 5, 13], "R": [[-0.42226330829832104, 0.6994846120232631, -0.57655439986841], [-0.882995313942906, -0.4612231299077185, 0.08713495276292502], [-0.20497066624233432, 0.5458887267390609, 0.8123992392902524]], "T": [0.03451154558779947, 0.09911354587818594, 0.12211149341998301], "aligned_model": [[-0.6354468846151937, -0.06760219986245955, 0.5869674822582945, 0.6601551672013289, -0.4315702069830901, 0.20855316735040022, -0.424710982514262, 0.4562425230244037, 0.043281090321439085, -0.04316638961769743, -0.4705417955166671, -0.0053953686834896306], [-0.30908024560679265, -0.5747509358506289, -0.2583745455018212, -0.32545643523030987, 0.6309726265473155, 0.820670061281618, 0.014677331387867698, 0.28000715211254007, -0.3250827576997511, 0.5539331749295184, 0.10343045967348462, 0.05518550400759929], [-0.18124110245344327, 0.22676830248828644, 0.5193635197890776, -0.16877822509842177, 0.17648840785301356, 0.09717152994718925, 0.5857032994330323, -0.20613961605068748, -0.44325585817287744, -0.4460534162655693, -0.6342761818172105, 0.03944163020196763]], "inverted": true, "swapped": true, "error_lsq": 0.0446375111321639, "error_max": 0.23359251897925198, "target": "14.xyz", "model": "26.xyz", "model_rescale": 3.6694154284099745, "target_rescale": 3.9786697098870705},
{"mapping": [9, 10, 7, 8, 3, 1, 5, 11, 12, 4, 2, 0, 6, 13], "R": [[-0.5294830822294846, 0.5537706741904396, -0.6426396393309638], [-0.3836120066882361, 0.5193665657385228, 0.7636099781417197], [0.7566303549008523, 0.6508428464688224, -0.06256273046288346]], "T": [-0.05717730945248757, -0.017883624515157414, 0.03815194461528547], "aligned_model": [[0.2725636646662504, 0.03501189084232635, -0.2749917093008652, -0.44795969817048703, 0.2874514576507282, -0.3148016534467043, -0.7746660316845487, 0.6896240470460263, 0.7177182518998808, -0.4632929888798423, 0.2516597825860901, -0.37975060713705433, 0.27770764573810347, -0.03309102971826015], [-0.2891538208047492, -0.6076640007535054, 0.26377736949325686, -0.44281567917385517, 0.45672581799184153, 0.8042471870667972, 0.3152679488541393, -0.3972679944994599, 0.15143434059400918, -0.5386729371994217, -0.04763121083882586, 0.16636267878834335, 0.5417814069204558, -0.020316638513359974], [-0.49339946970188564, 0.11265683737940015, -0.4808398630188301, -0.2358536502572302, -0.5175531123183866, 0.23148398987652802, 0.052239611296347174, 0.22397633211269025, 0.013634419349904999, 0.5274157965459549, 0.6430191845054567, 0.5848997022449257, 0.25220229191601157, 0.08999103118997973]], "inverted": true, "swapped": false, "error_lsq": 0.0503284652522916, "error_max": 0.31826371802879677, "target": "14.xyz", "model": "27.xyz", "model_rescale": 4.103607728864725, "target_rescale": 3.9786697098870705},
