[{"mapping": [3, 11, 8, 0, 5, 1, 9, 7, 10, 2, 4, 12], "R": [[-0.4116773162021538, -0.8689857312436192, -0.2745643571543555], [0.049528631904261294, -0.32216770841180997, 0.9453861022240464], [-0.9099828031046984, 0.3755952163588822, 0.17566881197879247]], "T": [-0.12287603211557996, 0.015525624586353912, -0.005610873010700627], "aligned_model": [[-0.20224774301706466, 0.027952198323176136, 0.4781839306064982, -0.18201833749629295, -0.06796125616686664, -0.6767093586819138, 0.3396403718251165, -0.1648899780462192, 0.5977422478631289, 0.16203125345192937, -0.48118711291039756, 0.007106246709454506], [-0.5254420726896697, -0.6919722218444039, -0.15768234256335845, 0.7601819276008215, 0.35971927289231226, -0.47130111931661006, -0.30159457230543424, -0.6733185373396317, 0.17474492879859266, 0.41755182074493563, 0.18790356721901758, -0.0252356152195147], [-0.5818517798593575, 0.042192724005942955, -0.4972856638542982, -0.11008589194071597, -0.7104059101145769, 0.09178965682535331, 0.4665712314921168, 0.5762303352505411, 0.0018600249086722382, 0.5267408591322091, 0.41517428800729167, -0.03897812849961646]], "inverted": true, "swapped": true, "error_lsq": 0.04142379746416699, "error_max": 0.24292662762075234, "target": "140.xyz", "model": "0.xyz", "model_rescale": 3.751011558992144, "target_rescale": 3.8103053127479996},
{"mapping": [5, 1, 10, 0, 4, 2, 8, 6, 13, 11, 9, 7, 14], "R": [[-0.5000791005314325, 0.2491162014262579, -0.8293744699462516], [0.07975162347513572, -0.9404111608846204, -0.3305548774964923], [-0.8622995835350692, -0.2314475462617674, 0.45041254596719815]], "T": [0.00991944642168116, 0.06552711113305237, 0.11919559654106707], "aligned_model": [[-0.1367725794150857, -0.1302789221291021, 0.6473684090747005, -0.5729194123124715, 0.18553516774568118, -0.7512565155593557, -0.3581765980544164, 0.5128485067151985, -0.2096265188484998, 0.7424673299354279, 0.3430107586172807, 0.07306945306225104, 0.04000677953294331], [0.4505515279178388, -0.5885330860183662, 0.04462554998175705, -0.1917630291927802, -0.5199525317373896, 0.3564438106774808, -0.16623007169015386, -0.387564113447349, 0.7574942801850346, 0.2095088710393082, 0.5991408838371137, -0.15149897023140574, 0.1049803803003394], [-0.350190912671821, 0.3147338930299709, -0.396241783635118, 0.5310270753525697, -0.3827473047116142, -0.02122068035206323, -0.3820151000634394, 0.4439977636992506, 0.14117750702101836, 0.40092922978442613, -0.07700873739334446, 0.7425644925136907, 0.1424765840981497]], "inverted": true, "swapped": false, "error_lsq": 0.053021200063877366, "error_max": 0.4167755606250774, "target": "140.xyz", "model": "1.xyz", "model_rescale": 3.9405287249114394, "target_rescale": 3.8103053127479996},
{"mapping": [7, 11, 4, 5, 3, 1, 6, 10, 2, 8, 4, 9, 12], "R": [[-0.4309390695570149, 0.8929193568530662, 0.1303324230053317], [-0.15899487437473503, -0.2173052101484369, 0.9630675342700044], [0.8882635578767692, 0.3943012399161967, 0.23561490604088148]], "T": [-0.08998612067716111, 0.02841395757345218, 0.05680983449166356], "aligned_model": [[-0.03835548870531745, -0.28878495037170726, 0.3754358814926473, -0.4921241024970014, 0.3083577147154288, -0.4187700071550556, -0.3993127974827771, 0.5157965207747792, -0.35606460388649036, 0.6120463431925185, 0.3754358814926473, 0.2847935491049568, -0.09317808231007714], [-0.024668713690080984, -0.5678321368194157, 0.48321610358748945, -0.002521615817845716, -0.2213162272338796, 0.6777240142454853, -0.3241530768851884, -0.5142853289051035, 0.5060287441450892, 0.1319939569008052, 0.48321610358748945, -0.21669072190465735, 0.10649240041124042], [-0.7327636966058884, 0.39234509235663473, -0.20440480858962207, 0.6612966534162504, -0.26839272110977747, -0.25547839560245633, -0.21772465627198795, 0.28039873198781945, 0.4633267270591964, 0.36843681265975275, -0.20440480858962207, 0.7275146893317033, 0.09733240662967307]], "inverted": true, "swapped": false, "error_lsq": 0.06784106666659108, "error_max": 0.41560816064762757, "target": "140.xyz", "model": "2.xyz", "model_rescale": 3.932901565614263, "target_rescale": 3.8103053127479996},
{"mapping": [11, 0, 10, 7, 1, 8, 3, 2, 9, 6, 12, 4, 13], "R": [[0.7528678421385169, -0.6272611470925771, -0.19933255033184513], [0.06803924184029847, -0.22706196158869157, 0.9715006573179932], [-0.6546454565973024, -0.7449740391098201, -0.12826927616896217]], "T": [-0.037400766917253005, 0.030497854553282536, 0.07280444210456756], "aligned_model": [[-0.1546411639847097, -0.11006990459690363, 0.48675716207031827, -0.5056308214072682, 0.34198417187120717, -0.6490993880392594, -0.4289737174775412, 0.5142288795871682, -0.265062687955904, 0.6055423851861426, 0.39556010669228975, 0.11206409286860611, 0.04261674355040567], [0.2960702569564961, -0.615457264822761, 0.28026071179652795, 0.15973445084858356, -0.4952001700578846, 0.3347523827823477, -0.2292818936267796, -0.503489136644796, 0.7000059141033149, 0.135044010220308, 0.6587465758477747, -0.3163094660164716, 0.11232713023476752], [-0.7718461878867198, 0.2353206238336007, -0.3467458182008966, 0.5960644784129264, -0.28563282723631234, -0.19559955283860353, -0.1268717580451561, 0.3964747674464652, 0.27210809810562153, 0.2786841768536545, 0.10408121103347082, 0.8605933368131667, 0.09085147838045884]], "inverted": false, "swapped": false, "error_lsq": 0.03979668122094583, "error_max": 0.25808198810893535, "target": "140.xyz", "model": "3.xyz", "model_rescale": 3.9243930471874484, "target_rescale": 3.8103053127479996},
{"mapping": [10, 2, 6, 7, 3, 8, 4, 0, 9, 5, 11, 1, 12], "R": [[-0.5911436791130434, -0.8004684303828551, 0.09899213405671975], [-0.6725903452066493, 0.5569633735380234, 0.48725150391963346], [-0.4451644394821933, 0.2214544930624636, -0.8676327156827087]], "T": [-0.00222538802909273, 0.1369552547272944, 0.028588678270713763], "aligned_model": [[-0.1736163507785366, -0.13561994826264823, 0.6346690838795993, -0.5388008507238712, 0.2197512111870635, -0.5863308094689514, -0.4200155340165019, 0.40831924648805645, -0.1610401743326848, 0.6722554377753881, 0.3440709929244684, 0.032467056444927554, 0.0891664972482423], [0.3311246029428777, -0.7514061736178501, 0.1240151682354241, -0.26591639782761567, -0.39277145409556957, 0.3705772911654633, -0.2499052654588321, -0.48870691792475685, 0.76050494626146, 0.08542032202690857, 0.8232329128242651, 0.06706608674805792, 0.10396838034159547], [-0.6271941528710193, 0.23890832605058404, -0.3115796632169116, 0.4675647178374956, -0.3222237698048935, 0.004547678888919965, -0.13921359012043544, 0.4327202189132217, 0.31781356934315563, 0.36923932939082427, -0.15912353210176378, 0.7385691276339845, 0.09745376672851419]], "inverted": false, "swapped": false, "error_lsq": 0.04572852021256904, "error_max": 0.26914787240877985, "target": "140.xyz", "model": "4.xyz", "model_rescale": 3.8936222436046832, "target_rescale": 3.8103053127479996},
{"mapping": [7, 4, 9, 11, 10, 0, 6, 5, 3, 1, 8, 12], "R": [[-0.49592037254971544, -0.2624487182912051, 0.8277582100815766], [-0.17339014612023734, 0.9639662597130436, 0.20175457209998454], [-0.8508812145761324, -0.043470914438837924, -0.5235565282558293]], "T": [-0.18538851272982096, -0.08301319898805201, 0.02113872090397518], "aligned_model": [[0.11377764073718297, -0.46678778661476417, -0.24819596266819668, 0.3559836362547675, -0.4709497800701844, -0.7486303380562696, -0.1567593465255673, -0.1355711390038725, 0.5737011280724453, 0.2897747990395312, 0.08226984319206784, -0.16106465214204302], [-0.5290781844358781, -0.5889532622060787, -0.005886908265547733, -0.07647449765812847, 0.5254062622337099, 0.022025548649381138, -0.22211005101503326, 0.3976698808392535, 0.10228014654679721, -0.6546894916623515, 0.6616477789536298, 0.03708568313005327], [-0.7043516540013475, 0.0216271341756906, -0.7051871994067734, -0.46100335709576046, -0.28378393878305147, 0.5117010096941322, 0.5473872396725507, 0.641366864832242, 0.16413800076406565, -0.0038520563866128385, -0.061669558022873876, -0.04708776616674331]], "inverted": false, "swapped": true, "error_lsq": 0.04518003986883334, "error_max": 0.21175154982665104, "target": "140.xyz", "model": "5.xyz", "model_rescale": 3.6523030999806103, "target_rescale": 3.8103053127479996},
{"mapping": [6, 3, 1, 11, 2, 10, 4, 0, 9, 5, 8, 7, 12], "R": [[-0.5272187567534332, -0.5444371559769516, 0.6524021503023214], [-0.8024666166224494, 0.0665192348651068, -0.5929776729350604], [0.2794417859481344, -0.8361598977376812, -0.4719628308261443]], "T": [0.027565231359544945, 0.1134041364727296, 0.05015435059440469], "aligned_model": [[0.0684337094739752, 0.10677319301170801, 0.5363381841877681, -0.6561080276541452, -0.07174020291797603, -0.616909089537673, -0.4038159357092136, 0.7231264253816472, -0.32864524431923103, 0.6123988456932342, 0.331011996847533, 0.004007827121761315, 0.0804041767851634], [0.4277151033583848, -0.526985848907267, -0.17838359272136442, -0.05970776912071077, -0.3704702834902891, 0.37921766563232895, -0.24674787062454315, -0.5356584748517987, 0.6602463698346929, 0.2295773890901141, 0.7145779269050789, -0.03787338582154387, 0.06169627233834525], [-0.5174395585203112, 0.30757903547116, -0.32184681816134947, 0.5766447552480755, -0.5262271295361797, -0.3000870791177039, -0.06531175875859664, 0.33664358677934136, 0.3611857702436775, 0.37936089504398784, 0.035551718003997326, 0.7160208684876436, 0.12540774148793415]], "inverted": false, "swapped": false, "error_lsq": 0.06385887790615143, "error_max": 0.3658924390783742, "target": "140.xyz", "model": "6.xyz", "model_rescale": 4.08911054899281, "target_rescale": 3.8103053127479996},
{"mapping": [3, 7, 8, 2, 4, 0, 6, 12, 1, 11, 9, 13, 14], "R": [[-0.5255702524286765, 0.3600166369456997, 0.7708202974003511], [-0.17747718029509613, -0.9325104010040485, 0.3145253606527949], [0.8320323072072138, 0.028502160296668272, 0.5539944644325103]], "T": [0.15203045416315414, -0.06278896961451078, 0.08825602167822046], "aligned_model": [[-0.17466166519301113, -0.26984924835681273, 0.5422037953322842, -0.5713615619654129, 0.20149021288990848, -0.6064250901905199, -0.29751298159465206, 0.5678681670228527, -0.1260825061062768, 0.5763764140559163, 0.2626127550111506, 0.09109708324931376, 0.18952048420981077], [0.2034992219278667, -0.6724547266155557, 0.16164407643547335, -0.03722169977257751, -0.3618419692571955, 0.4243307902826423, -0.15334338419357224, -0.4107838136935823, 0.5135810057965364, 0.2041045234299824, 0.6894264122593153, -0.14194945327187292, 0.09821251829396746], [-0.581680015911519, 0.31099835236427986, -0.4241340103936644, 0.4434881274985297, -0.5481169235148153, -0.18028766165989274, -0.10885705201499273, 0.5508362883014247, 0.4465811416882999, 0.39359097324838715, -0.1027960181417397, 0.8134561764547017, 0.09440264875267662]], "inverted": false, "swapped": false, "error_lsq": 0.04018133028310323, "error_max": 0.22151908445800805, "target": "140.xyz", "model": "7.xyz", "model_rescale": 3.964800864290218, "target_rescale": 3.8103053127479996},
{"mapping": [0, 11, 2, 10, 4, 3, 6, 12, 5, 7, 1, 9, 13], "R": [[-0.978532679806497, 0.04614879606471779, 0.20085836595096693], [0.11566145290869238, 0.9296249409812902, 0.3498855490250818], [-0.1705761497448157, 0.3656060143478354, -0.9150060215162108]], "T": [0.03752766442354412, 0.07616154603326777, 0.06460030458062423], "aligned_model": [[-0.054099125765084785, -0.18748768350625528, 0.478364468202723, -0.5516947777067455, 0.19590365224158018, -0.5606394866345961, -0.31360399243115383, 0.5435798968115371, -0.3785937164065242, 0.7147189974252505, 0.4171029376063862, 0.0496213603603924, 0.03210332816704244], [0.41556815583489726, -0.6961845143635917, 0.041955629684890416, 0.04594424718191237, -0.5176204771016112, 0.34597461456819056, -0.2548856261896987, -0.36514430177746493, 0.6364192008714036, 0.23823350459843162, 0.7188281204512569, -0.19045606408661173, 0.09857101194942317], [-0.5595527672418547, 0.26455775175167107, -0.42845303480023567, 0.6364725294240563, -0.2780851933593285, -0.24420329505053906, -0.25730053806535386, 0.41077255082770364, 0.5250621157872976, 0.21291666819548904, -0.01300238407390951, 0.6991280969437053, 0.13916952633297497]], "inverted": true, "swapped": false, "error_lsq": 0.04317133684786824, "error_max": 0.25685686282776854, "target": "140.xyz", "model": "8.xyz", "model_rescale": 4.121658175737393, "target_rescale": 3.8103053127479996},
{"mapping": [0, 6, 3, 9, 2, 4, 1, 8, 5, 11, 10, 7, 12], "R": [[0.6453473779584017, 0.7630982637355495, 0.03475344077937781], [-0.7012590350919081, 0.5737814410432157, 0.4230964708152705], [0.30292330294017006, -0.29741536241115846, 0.9054179006059343]], "T": [0.06946434959136638, 0.03965182162362128, 0.1329090078520719], "aligned_model": [[-0.18831061021153955, -0.252609017284016, 0.6937227782264146, -0.5639947240671389, 0.30195459844588735, -0.7817465691913338, -0.3177366871931293, 0.3931288754981938, -0.16646638128844798, 0.6596015990213958, 0.41129710188358154, 0.18066979248319562, 0.01576510204148849], [0.3940340927326895, -0.5432363372198312, 0.16571824822038655, -0.038584030218786494, -0.3487726838744621, 0.17008338658484595, -0.24290512478274656, -0.5757683655650553, 0.6003384396856132, 0.11635437440090932, 0.7036430847166794, 0.11114969019239988, 0.005148726748785609], [-0.520382289460595, 0.32446106532893243, -0.33302302778536397, 0.6675103270808485, -0.3937988225197748, -0.082858219329449, -0.3622360667109812, 0.3498251335722742, 0.24100670823695144, 0.3540126482248859, -0.004009955742381555, 0.794522425623023, 0.07245210015330647]], "inverted": false, "swapped": false, "error_lsq": 0.0516992853886235, "error_max": 0.31012550203518185, "target": "140.xyz", "model": "9.xyz", "model_rescale": 3.833441315466971, "target_rescale": 3.8103053127479996},
{"mapping": [12, 3, 11, 5, 7, 1, 6, 9, 0, 8, 10, 2, 14], "R": [[-0.4849830225439821, -0.564759470741055, -0.6677111711304424], [-0.5760025632666788, 0.7807944721353448, -0.2420352027972466], [0.6580368644341434, 0.26722038187827657, -0.7039749658578132]], "T": [-0.045107349170136556, 0.054461400088422846, 0.05001631171834898], "aligned_model": [[-0.14164488548802742, -0.0063585870861471855, 0.48122600728048287, -0.5228670269676536, 0.341453199714907, -0.6574258221115077, -0.5261461638020197, 0.510126795827728, -0.2755784429718272, 0.6946228933297613, 0.44745625608143275, 0.04341581585680688, -0.0030041812993840747], [0.33400620632066413, -0.7756492046413839, 0.09326042938177734, 0.05869944261019845, -0.419615418869302, 0.4402292042591637, -0.14882259898885145, -0.3824856588394493, 0.6606417538636177, 0.1553116693448446, 0.7124909420948354, -0.1904835152062522, -0.020379749708435035], [-0.4749172676048101, 0.30247772876995566, -0.38219302906096525, 0.528725963525587, -0.21405960265938195, -0.09782895156004423, -0.3841574352788862, 0.4483910579755478, 0.257986057889513, 0.274042546563042, 0.03851152365958083, 0.7199535421008167, 0.09054989235172062]], "inverted": true, "swapped": false, "error_lsq": 0.04122226935350995, "error_max": 0.25102577729879266, "target": "140.xyz", "model": "10.xyz", "model_rescale": 4.2482417240324, "target_rescale": 3.8103053127479996},
{"mapping": [1, 4, 9, 2, 3, 8, 11, 10, 0, 5, 6, 12], "R": [[0.6407827427645375, 0.7217856704774959, -0.2615777560659708], [-0.550645756388001, 0.669518816825455, 0.4985316488333807], [0.5349642301565994, -0.1754137959511584, 0.8264643202479841]], "T": [-0.04904504980241518, -0.03102598951444715, -0.053780824707213556], "aligned_model": [[-0.686021604837143, -0.11471016117622816, 0.35676747261307346, 0.5550514443580239, -0.562736058745778, 0.18973218752675997, -0.22539889421427028, 0.6153024114275581, 0.1987823079844896, -0.10211252688798975, -0.37511839654256274, 0.02722742085707379], [-0.2741769829820273, -0.6001835665433034, -0.12775249826157264, -0.42989096377492764, 0.5375585133157741, 0.7173078372476163, 0.1645659424568108, 0.2808813443202745, -0.14238271411237477, 0.5095146059811588, -0.0395743022335106, 0.0702641746367215], [0.24346815867011712, -0.13690051622772026, 0.5490481412192758, -0.10036138432164836, 0.15558180611637706, 0.07271065041972986, 0.6216676628905354, 0.024023882389647477, -0.7574193200331375, -0.6223058039077278, -0.49048228543619143, 0.006161298075098916]], "inverted": false, "swapped": true, "error_lsq": 0.05591672843634402, "error_max": 0.315738543965598, "target": "140.xyz", "model": "11.xyz", "model_rescale": 3.6694154284099745, "target_rescale": 3.8103053127479996},
{"mapping": [4, 5, 11, 12, 6, 1, 0, 7, 2, 9, 8, 10, 13], "R": [[0.3817178654541265, -0.068788299245556, 0.9217155966349106], [0.4460292193021918, 0.8871376930068562, -0.11851012266954408], [-0.8095365382253124, 0.4563495190458482, 0.3693178979480961]], "T": [0.028508324039660166, 0.024048226246861797, 0.07776638988048597], "aligned_model": [[-0.10108870481448154, -0.1453351074352265, 0.628873481306399, -0.45051468251262095, 0.17818970014837565, -0.6810940342698835, -0.5021452302263224, 0.43697636741376744, -0.20661506257588577, 0.7644018960779733, 0.38152657981159044, 0.15282900056296728, -0.07072834512210033], [0.2578114905124216, -0.7513050483461426, 0.13015568654031007, -0.09288937602902819, -0.38718856607180663, 0.4617875147339857, -0.2654119483487114, -0.43772058419280374, 0.5748623714186587, 0.1909099464572004, 0.6932293145598354, 0.1279748455043073, 0.014987854883201009], [-0.6123336000792161, 0.19255555917630124, -0.3385646487381025, 0.5453463901307831, -0.280471826594702, -0.06825519242118065, -0.3034913668844597, 0.49260219079068784, 0.33783242752749615, 0.3521822856504427, 0.09090539467910162, 0.6919914418825575, 0.007182971551966746]], "inverted": false, "swapped": false, "error_lsq": 0.03682203646207253, "error_max": 0.24330182966256256, "target": "140.xyz", "model": "12.xyz", "model_rescale": 3.9764082729961374, "target_rescale": 3.8103053127479996},
{"mapping": [10, 9, 13, 7, 12, 8, 1, 5, 3, 6, 14, 4, 15], "R": [[-0.9147214469961392, -0.18902605832851177, -0.3571467816991717], [0.39662771564922883, -0.5890155997959544, -0.7040930892828638], [-0.07727308447424774, -0.785703361625619, 0.6137581754616697]], "T": [0.007026322909883219, -0.011039937837482298, 0.0820965104889285], "aligned_model": [[-0.2531680949440248, -0.03750465537920689, 0.48818798056817764, -0.4716926684988637, 0.2057241047413331, -0.5456364464499788, -0.384028828031435, 0.45046683128203974, -0.2889601427184168, 0.6936415751600618, 0.3947092438578936, 0.12424026212424205, 0.009296696652729827], [0.12439046682629665, -0.6104047205094855, 0.1634638789980924, 0.1032481852185021, -0.3346468578747839, 0.3661241607273205, -0.2979685232298169, -0.6095728516163724, 0.7443643531794484, 0.17964232218935566, 0.6878397885112332, -0.05477901145204516, 0.05550231065368296], [-0.6663046983346118, 0.09876911624751276, -0.2533322051813872, 0.6555074025339981, -0.430749750828731, -0.14585950010486287, -0.3278674319109028, 0.46672980662007924, 0.3061496662169545, 0.35752086814037654, 0.09087833712310937, 0.7893528343718758, 0.16668758177826565]], "inverted": true, "swapped": false, "error_lsq": 0.04050283348422024, "error_max": 0.21715617277259083, "target": "140.xyz", "model": "13.xyz", "model_rescale": 4.170626492500431, "target_rescale": 3.8103053127479996},
{"mapping": [8, 11, 4, 9, 12, 7, 10, 6, 1, 2, 0, 3, 13], "R": [[-0.2832514821329533, 0.5346839170455291, -0.7961668837136691], [0.4709165193442755, -0.6456530274371675, -0.6011404161840168], [-0.8354676712345952, -0.5452020515497626, -0.06890931219923774]], "T": [0.09281479517738805, 0.04328322451860059, 0.08486420031836564], "aligned_model": [[-0.032857750197909597, -0.1113226164560035, 0.5880023905137577, -0.6175242934704599, 0.02810375610786453, -0.43025444517328454, -0.39447610996332266, 0.6141013516172638, -0.33909556370845145, 0.6623541839414284, 0.13807609279995975, 0.17677280917400642, 0.10339605317970277], [0.1957530188482275, -0.5562821405502538, 0.04325057768846885, -0.11160687410633963, -0.4353837653672725, 0.5749196340321343, -0.10541794582812536, -0.5142122593297526, 0.5226098179786215, 0.32388921874659204, 0.6379834596044198, -0.004479527251544879, -0.053819712843747564], [-0.6310377943435422, 0.3987255412200703, -0.42292746459175157, 0.4422629621388001, -0.46504171472739264, -0.23324128653675982, -0.15754834201286355, 0.43834457968026763, 0.5026128431461591, 0.2575411469150318, 0.096757553683783, 0.7676111342982777, 0.11342286780159648]], "inverted": false, "swapped": false, "error_lsq": 0.050967600269152626, "error_max": 0.2596347957296814, "target": "140.xyz", "model": "14.xyz", "model_rescale": 3.9786697098870705, "target_rescale": 3.8103053127479996},
{"mapping": [4, 0, 1, 7, 6, 3, 10, 8, 11, 9, 5, 12], "R": [[-0.05654999906987934, 0.5869603236945453, -0.8076383324320309], [0.9869335153633008, -0.08938223308455395, -0.1340636142339005], [-0.1508785400838511, -0.80466663582953, -0.574236250444843]], "T": [-0.04330741628904517, -0.03426349775684711, -0.12058308627130013], "aligned_model": [[-0.05831918578592322, -0.7526864122348031, 0.5812709601775082, 0.7016342320054627, -0.19757474281236834, 0.41965001947040914, -0.38544512549972554, -0.10105725779438723, 0.5988999599752463, 0.19850125877120314, -0.47836773216243594, -0.043151377342849524], [-0.3401000234542381, 0.04625526163125542, 0.05820197390615662, -0.5439887911346997, 0.34564632968868353, 0.5658746321041915, -0.2595005847989928, 0.2684902898185851, -0.08922755468420412, -0.6047097938118613, 0.6060544871673124, -0.03832173620774958], [-0.6119076264537336, -0.36394294529274335, -0.5137376151878321, -0.1133230153211082, -0.4797142348579131, 0.11712290539748546, 0.4933447182349471, 0.6129176148446125, 0.21128462834854264, 0.2712870082579355, 0.017026303716181274, 0.019608752187456113]], "inverted": true, "swapped": true, "error_lsq": 0.03891852929685174, "error_max": 0.23137347274288977, "target": "140.xyz", "model": "15.xyz", "model_rescale": 3.769337070930944, "target_rescale": 3.8103053127479996},
{"mapping": [4, 2, 1, 6, 7, 9, 11, 10, 3, 5, 12], "R": [[-0.4106822330156316, -0.1812526075312435, -0.8935813313562564], [0.6329760646202847, 0.6487207479331473, -0.4224957902972235], [0.6562632132788733, -0.7391271091390055, -0.15168952314746406]], "T": [-0.1416966363276323, 0.02148275332285015, 0.025555971376838328], "aligned_model": [[-0.4231290584893185, -0.2239371322726636, -0.051229424584093575, -0.6014284219148295, 0.47648090625709427, 0.4488503742257419, 0.5224286479161032, 0.1431036815049957, 0.16365688156196462, -0.4927358843948405, -0.03943443911898355], [0.004729267609879649, -0.6287490939620527, 0.6551006967095805, 0.2870818212722103, 0.21219806683021739, -0.31509216107357146, 0.3034891949606608, -0.583855175858606, 0.6241542702278255, 0.07050462275236424, -0.03349701184316653], [-0.48008841940805874, -0.285298715069931, -0.35334042716075315, 0.1488802890628685, -0.6039635578998738, -0.2490603761502966, -0.04513713572798584, 0.3372482507899872, 0.44334272623775833, 0.7274029968118416, 0.1042319757382204]], "inverted": true, "swapped": true, "error_lsq": 0.046463904013875366, "error_max": 0.24428239913762198, "target": "140.xyz", "model": "16.xyz", "model_rescale": 3.7852294659196426, "target_rescale": 3.8103053127479996},
{"mapping": [8, 7, 9, 1, 11, 3, 2, 6, 4, 10, 0, 5, 12], "R": [[0.09320503562755422, 0.9478586380385701, -0.30475699110821597], [-0.16527816761068734, -0.2871131272599696, -0.9435301688161615], [-0.9818329535338075, 0.1383114400570951, 0.12989994959357257]], "T": [-0.03087242313846595, 0.06420166088548174, 0.0638796758234903], "aligned_model": [[0.013605102356042197, -0.09176136434019666, 0.6083302969241757, -0.6113985609077607, 0.23027975580585996, -0.6608174192597345, -0.4809764946965552, 0.5137118229190439, 0.05463388984754266, 0.7455160543944244, 0.06601447528292159, -0.05776539288530848, 0.05590369292409662], [0.14316185896285477, -0.5992262720684867, 0.31857105542315217, 0.03339424609504976, -0.4833514397778206, 0.49959333161189967, -0.2896072136530873, -0.4866430822605816, 0.515972855421782, 0.11029122395216368, 0.7319036804070376, -0.03277680729747709, 0.05592006480494108], [-0.581095477262221, 0.2820147711020319, -0.4595492871685286, 0.43306047273425263, -0.34833048394929805, -0.15082655623880734, -0.15132400930957263, 0.4967668479553352, 0.6027471394139146, 0.2744782499155831, -0.038756077108132087, 0.7135572538939243, 0.03473918269319402]], "inverted": false, "swapped": false, "error_lsq": 0.04943657608332297, "error_max": 0.3376444411184411, "target": "140.xyz", "model": "17.xyz", "model_rescale": 3.901054581598922, "target_rescale": 3.8103053127479996},
{"mapping": [5, 1, 10, 0, 4, 2, 8, 6, 13, 11, 9, 7, 14], "R": [[-0.5000791005314325, 0.2491162014262579, -0.8293744699462516], [0.07975162347513572, -0.9404111608846204, -0.3305548774964923], [-0.8622995835350692, -0.2314475462617674, 0.45041254596719815]], "T": [0.00991944642168116, 0.06552711113305237, 0.11919559654106707], "aligned_model": [[-0.1367725794150857, -0.1302789221291021, 0.6473684090747005, -0.5729194123124715, 0.18553516774568118, -0.7512565155593557, -0.3581765980544164, 0.5128485067151985, -0.2096265188484998, 0.7424673299354279, 0.3430107586172807, 0.07306945306225104, 0.04000677953294331], [0.4505515279178388, -0.5885330860183662, 0.04462554998175705, -0.1917630291927802, -0.5199525317373896, 0.3564438106774808, -0.16623007169015386, -0.387564113447349, 0.7574942801850346, 0.2095088710393082, 0.5991408838371137, -0.15149897023140574, 0.1049803803003394], [-0.350190912671821, 0.3147338930299709, -0.396241783635118, 0.5310270753525697, -0.3827473047116142, -0.02122068035206323, -0.3820151000634394, 0.4439977636992506, 0.14117750702101836, 0.40092922978442613, -0.07700873739334446, 0.7425644925136907, 0.1424765840981497]], "inverted": true, "swapped": false, "error_lsq": 0.053021200063877366, "error_max": 0.4167755606250774, "target": "140.xyz", "model": "18.xyz", "model_rescale": 3.9405287249114394, "target_rescale": 3.8103053127479996},
{"mapping": [0, 13, 1, 9, 12, 8, 4, 14, 5, 10, 2, 11, 15], "R": [[0.5223910959896174, -0.7488656100264227, 0.40780858371363415], [0.4639451020233524, -0.1516546200761119, -0.8727862387309457], [0.7154456549167852, 0.6451365547923356, 0.2682095086520395]], "T": [0.019735679216642675, -0.045699307777396024, 0.0017178220719081538], "aligned_model": [[-0.21608693543099064, -0.10857394480199142, 0.37670859887133573, -0.5041237884774435, 0.245112314447796, -0.517827927629488, -0.3939121635977814, 0.5230183381806545, -0.21075871156094025, 0.6397327336844628, 0.41420931752473533, 0.09478924177564452, 0.04298878537855812], [0.20142331531143534, -0.5676335238704652, 0.2551760734113394, 0.03871981392936089, -0.4503103324753817, 0.46747811216561835, -0.3615454835776926, -0.5052939805117167, 0.6519428873621141, 0.14543873256596374, 0.7012780725291529, -0.04155980006224443, -0.017910385156056377], [-0.5949331324520919, 0.4047701261559776, -0.4647194873354503, 0.5562036351943572, -0.2909156572057071, -0.13951411408690353, -0.5118984588065117, 0.36943818329294853, 0.3908583444283753, 0.44553528334563164, 0.2060230471724626, 0.7183509423802669, 0.018283314588320942]], "inverted": false, "swapped": false, "error_lsq": 0.043936643864652694, "error_max": 0.30756697809344496, "target": "140.xyz", "model": "19.xyz", "model_rescale": 4.410303926677745, "target_rescale": 3.8103053127479996},
{"mapping": [0, 11, 2, 10, 4, 3, 6, 12, 5, 7, 1, 9, 13], "R": [[-0.978532679806497, 0.04614879606471779, 0.20085836595096693], [0.11566145290869238, 0.9296249409812902, 0.3498855490250818], [-0.1705761497448157, 0.3656060143478354, -0.9150060215162108]], "T": [0.03752766442354412, 0.07616154603326777, 0.06460030458062423], "aligned_model": [[-0.054099125765084785, -0.18748768350625528, 0.478364468202723, -0.5516947777067455, 0.19590365224158018, -0.5606394866345961, -0.31360399243115383, 0.5435798968115371, -0.3785937164065242, 0.7147189974252505, 0.4171029376063862, 0.0496213603603924, 0.03210332816704244], [0.41556815583489726, -0.6961845143635917, 0.041955629684890416, 0.04594424718191237, -0.5176204771016112, 0.34597461456819056, -0.2548856261896987, -0.36514430177746493, 0.6364192008714036, 0.23823350459843162, 0.7188281204512569, -0.19045606408661173, 0.09857101194942317], [-0.5595527672418547, 0.26455775175167107, -0.42845303480023567, 0.6364725294240563, -0.2780851933593285, -0.24420329505053906, -0.25730053806535386, 0.41077255082770364, 0.5250621157872976, 0.21291666819548904, -0.01300238407390951, 0.6991280969437053, 0.13916952633297497]], "inverted": true, "swapped": false, "error_lsq": 0.04317133684786824, "error_max": 0.25685686282776854, "target": "140.xyz", "model": "20.xyz", "model_rescale": 4.121658175737393, "target_rescale": 3.8103053127479996},
{"mapping": [6, 3, 1, 11, 2, 10, 4, 0, 9, 5, 8, 7, 12], "R": [[-0.5272187567534332, -0.5444371559769516, 0.6524021503023214], [-0.8024666166224494, 0.0665192348651068, -0.5929776729350604], [0.2794417859481344, -0.8361598977376812, -0.4719628308261443]], "T": [0.027565231359544945, 0.1134041364727296, 0.05015435059440469], "aligned_model": [[0.0684337094739752, 0.10677319301170801, 0.5363381841877681, -0.6561080276541452, -0.07174020291797603, -0.616909089537673, -0.4038159357092136, 0.7231264253816472, -0.32864524431923103, 0.6123988456932342, 0.331011996847533, 0.004007827121761315, 0.0804041767851634], [0.4277151033583848, -0.526985848907267, -0.17838359272136442, -0.05970776912071077, -0.3704702834902891, 0.37921766563232895, -0.24674787062454315, -0.5356584748517987, 0.6602463698346929, 0.2295773890901141, 0.7145779269050789, -0.03787338582154387, 0.06169627233834525], [-0.5174395585203112, 0.30757903547116, -0.32184681816134947, 0.5766447552480755, -0.5262271295361797, -0.3000870791177039, -0.06531175875859664, 0.33664358677934136, 0.3611857702436775, 0.37936089504398784, 0.035551718003997326, 0.7160208684876436, 0.12540774148793415]], "inverted": false, "swapped": false, "error_lsq": 0.06385887790615143, "error_max": 0.3658924390783742, "target": "140.xyz", "model": "21.xyz", "model_rescale": 4.08911054899281, "target_rescale": 3.8103053127479996},
{"mapping": [7, 2, 6, 14, 0, 12, 13, 1, 9, 8, 5, 15, 16], "R": [[0.9186016954489886, -0.12057635431109762, 0.37634062748963], [-0.18987304594311424, -0.969857707066296, 0.1527228027125979], [0.3465820992817255, -0.2117483667591127, -0.9138071337171322]], "T": [0.02134065572687827, 0.03325055053170197, 0.11823688660286849], "aligned_model": [[-0.08803298003861465, -0.060561407625111724, 0.5252561249740034, -0.5389077986666404, 0.28950634324545765, -0.5920571130256526, -0.4665837581767014, 0.5894309129926959, -0.2337111329308742, 0.7044368953413971, 0.29451365413726477, -0.04901018468236923, 0.010996302819696976], [0.18126026866804337, -0.6077757372567001, 0.16115424568867245, 0.10008467195496942, -0.4449522113860324, 0.38130327933503116, -0.13624868076637922, -0.45580873152923296, 0.6559251330075704, 0.1402518782990175, 0.6715794864627389, -0.13418035710198142, 0.0046102562457106915], [-0.5687323406162783, 0.44015485714219726, -0.415873563744259, 0.4239777172263183, -0.4290187033285755, -0.09987313447836921, -0.2939884679478263, 0.3791829720223273, 0.3522722706872047, 0.17012389211107495, 0.2433038144487103, 0.8242996800687521, 0.08165303308039916]], "inverted": true, "swapped": false, "error_lsq": 0.04207974863782405, "error_max": 0.22655719044153566, "target": "140.xyz", "model": "22.xyz", "model_rescale": 4.204369325754507, "target_rescale": 3.8103053127479996},
{"mapping": [0, 13, 1, 9, 12, 8, 4, 14, 5, 10, 2, 11, 15], "R": [[0.5223910959896174, -0.7488656100264227, 0.40780858371363415], [0.4639451020233524, -0.1516546200761119, -0.8727862387309457], [0.7154456549167852, 0.6451365547923356, 0.2682095086520395]], "T": [0.019735679216642675, -0.045699307777396024, 0.0017178220719081538], "aligned_model": [[-0.21608693543099064, -0.10857394480199142, 0.37670859887133573, -0.5041237884774435, 0.245112314447796, -0.517827927629488, -0.3939121635977814, 0.5230183381806545, -0.21075871156094025, 0.6397327336844628, 0.41420931752473533, 0.09478924177564452, 0.04298878537855812], [0.20142331531143534, -0.5676335238704652, 0.2551760734113394, 0.03871981392936089, -0.4503103324753817, 0.46747811216561835, -0.3615454835776926, -0.5052939805117167, 0.6519428873621141, 0.14543873256596374, 0.7012780725291529, -0.04155980006224443, -0.017910385156056377], [-0.5949331324520919, 0.4047701261559776, -0.4647194873354503, 0.5562036351943572, -0.2909156572057071, -0.13951411408690353, -0.5118984588065117, 0.36943818329294853, 0.3908583444283753, 0.44553528334563164, 0.2060230471724626, 0.7183509423802669, 0.018283314588320942]], "inverted": false, "swapped": false, "error_lsq": 0.043936643864652694, "error_max": 0.30756697809344496, "target": "140.xyz", "model": "23.xyz", "model_rescale": 4.410303926677745, "target_rescale": 3.8103053127479996},
{"mapping": [8, 0, 15, 1, 5, 10, 4, 12, 11, 13, 14, 7, 16], "R": [[-0.44787922964151866, 0.7762394299250512, 0.44368518465839235], [0.788259585872678, 0.10861803620881944, 0.605680565554133], [0.4219609234698807, 0.6210108450258912, -0.6605259339531451]], "T": [0.040055054244807875, 0.0795984270159786, 0.07511613665985646], "aligned_model": [[-0.2970015417664456, -0.07620906770714037, 0.4406974553310732, -0.623968853970444, 0.3003990206243241, -0.5232326427805789, -0.28860381286911346, 0.5021904831763859, -0.1192071143357531, 0.6139708301095961, 0.48191421490597236, 0.033809047910919404, -0.05948216026424391], [0.23138688082140307, -0.5959869105017412, 0.3034906721034866, 0.044112888565707026, -0.36423417416121084, 0.3343174227596091, -0.25936783806248853, -0.5329299621393717, 0.6170673450994544, 0.12910200608974332, 0.5923361465970692, 0.0029373502372545823, 0.01497167421251297], [-0.659090771255834, 0.3920592179283689, -0.47139289334445816, 0.6174706106432234, -0.28659600680508707, -0.12886707309723966, -0.42585251824511733, 0.3147317717688281, 0.36919811564523713, 0.4780512452090405, 0.07835698118402913, 0.7354304280350331, 0.093982919005652]], "inverted": false, "swapped": false, "error_lsq": 0.04550747699229761, "error_max": 0.2338619183116343, "target": "140.xyz", "model": "24.xyz", "model_rescale": 4.28219845311461, "target_rescale": 3.8103053127479996},
{"mapping": [14, 9, 2, 5, 13, 10, 11, 7, 8, 4, 0, 3, 15], "R": [[-0.6847431614089386, -0.2620319128412783, 0.6800485861733946], [0.705741438328946, -0.4712034005490243, 0.529052339127639], [0.18181260992869183, 0.8422034385846312, 0.5075800852152701]], "T": [0.03770832819714773, 0.017632261081298388, 0.06818406199798019], "aligned_model": [[-0.16997359089043237, -0.1796102607742596, 0.4543930361764861, -0.6329669052486565, 0.35505020107929874, -0.5804557436929781, -0.44885325299038326, 0.49054909048299333, -0.4141234683440479, 0.707862308724225, 0.4892043229956574, 0.23070943318384898, 0.08349068766280003], [0.15550693806686178, -0.5633011932704496, 0.2827130605929344, 0.06128765089395242, -0.3461819416092265, 0.3834875721654792, -0.14957325558110163, -0.5783903426288493, 0.5146569902903061, 0.10224366934266377, 0.6932670238944248, -0.11404021207262127, 0.07552754153705335], [-0.6515404817163878, 0.3368151033563678, -0.4060374561286909, 0.591222893345006, -0.27800926343350574, -0.269051598043473, -0.11007758322763747, 0.2808770464360556, 0.2435707864610706, 0.34815392645030707, 0.14045581301565355, 0.806735534914572, 0.07436730524233859]], "inverted": true, "swapped": false, "error_lsq": 0.048070515657579686, "error_max": 0.312548642805682, "target": "140.xyz", "model": "25.xyz", "model_rescale": 4.100010024507729, "target_rescale": 3.8103053127479996},
{"mapping": [1, 4, 9, 2, 3, 8, 11, 10, 0, 5, 6, 12], "R": [[0.6407827427645375, 0.7217856704774959, -0.2615777560659708], [-0.550645756388001, 0.669518816825455, 0.4985316488333807], [0.5349642301565994, -0.1754137959511584, 0.8264643202479841]], "T": [-0.04904504980241518, -0.03102598951444715, -0.053780824707213556], "aligned_model": [[-0.686021604837143, -0.11471016117622816, 0.35676747261307346, 0.5550514443580239, -0.562736058745778, 0.18973218752675997, -0.22539889421427028, 0.6153024114275581, 0.1987823079844896, -0.10211252688798975, -0.37511839654256274, 0.02722742085707379], [-0.2741769829820273, -0.6001835665433034, -0.12775249826157264, -0.42989096377492764, 0.5375585133157741, 0.7173078372476163, 0.1645659424568108, 0.2808813443202745, -0.14238271411237477, 0.5095146059811588, -0.0395743022335106, 0.0702641746367215], [0.24346815867011712, -0.13690051622772026, 0.5490481412192758, -0.10036138432164836, 0.15558180611637706, 0.07271065041972986, 0.6216676628905354, 0.024023882389647477, -0.7574193200331375, -0.6223058039077278, -0.49048228543619143, 0.006161298075098916]], "inverted": false, "swapped": true, "error_lsq": 0.05591672843634402, "error_max": 0.315738543965598, "target": "140.xyz", "model": "26.xyz", "model_rescale": 3.6694154284099745, "target_rescale": 3.8103053127479996},
{"mapping": [1, 2, 3, 4, 6, 5, 0, 11, 8, 9, 7, 10, 13], "R": [[0.9050073328715416, -0.043816768350579176, 0.42313333390321595], [0.2488999950508995, 0.8611883099520548, -0.4431743305580617], [-0.3449790137275034, 0.5063939036098635, 0.7902877289154651]], "T": [0.05983324355180886, 0.06340063336216355, 0.11995518161736288], "aligned_model": [[-0.22318356284843033, -0.0830203710567389, 0.6992341736240876, -0.5875626970199003, 0.21089573596434236, -0.48976181019020093, -0.525977976001005, 0.5040941277432383, -0.09050465927304446, 0.63755750478446, 0.23097650074744397, 0.05678020071017245, 0.04574869118012683], [0.06455050865053828, -0.6004516423104138, 0.27149698180284326, -0.053751512104665375, -0.3212565766156139, 0.4999597182144998, -0.16044783545860997, -0.5462459895277079, 0.5280240458698695, 0.2720976636369941, 0.5998595452981448, -0.04463667939207405, 0.008005273557622691], [-0.7164339734878309, 0.15193403526936056, -0.3280331895731208, 0.6125853076071538, -0.42814096506003974, -0.24520223930730936, -0.08897165051719438, 0.5287812219103172, 0.5321211578380698, 0.4158331345101167, -0.16120375215386792, 0.711740056276125, 0.12247288335989617]], "inverted": false, "swapped": false, "error_lsq": 0.04435082838260647, "error_max": 0.2295977668093443, "target": "140.xyz", "model": "27.xyz", "model_rescale": 4.103607728864725, "target_rescale": 3.8103053127479996},
{"mapping": [12, 0, 10, 1, 3, 4, 2, 9, 8, 6, 11, 5, 14], "R": [[-0.6594519823038668, -0.31391137787229284, 0.683068612862441], [0.7019648871597164, 0.06802312892226864, 0.7089556764188233], [-0.2690137175505132, 0.9470124079302992, 0.17549677773597355]], "T": [0.15777925852338046, 0.13455888971958968, 0.034583389967969544], "aligned_model": [[-0.11041564044976163, -0.11832530855590842, 0.599468484223711, -0.5487457583081683, 0.011188246522107287, -0.6786929968374945, -0.46804393924123466, 0.6773236003710033, -0.31602428428283946, 0.6336030156676218, 0.43943561835103095, 0.23189574291949, 0.032609077984994905], [0.0658762376228158, -0.49428937128799383, 0.020391824403337616, -0.16451813481195549, -0.4842390816847196, 0.45201465406541935, -0.10309948875038108, -0.4190181094025926, 0.7175640513713681, 0.23235271390755527, 0.7495238026877127, -0.10770094377781056, 0.052345347278672044], [-0.7782190501061703, 0.22953947129744107, -0.19268690154209422, 0.49743991856339337, -0.3643288790250551, -0.1108308143918988, -0.2706780168865113, 0.3407697857304058, 0.3630573784636768, 0.44114873888459927, 0.15520297480407153, 0.7208466996359438, 0.0762207212438745]], "inverted": false, "swapped": false, "error_lsq": 0.04766742422502809, "error_max": 0.2568320729876103, "target": "140.xyz", "model": "28.xyz", "model_rescale": 4.137296879288765, "target_rescale": 3.8103053127479996},
