[{"mapping": [1, 4, 6, 8, 5, 3, 0, 7, 11, 9, 10, 12], "R": [[0.5162783956600014, -0.8505791057134892, -0.09985891596835872], [-0.7257922802293074, -0.3726506259486446, -0.5782361774738982], [0.4546231231847728, 0.371007676340698, -0.8097352159576601]], "T": [-0.05414445816265417, -0.02041593239022267, 0.09165194332506525], "aligned_model": [[-0.3372053089475609, 0.1696841626100848, 0.5054885239514433, -0.1364197802186792, -0.06024112488826567, -0.6504116256536591, 0.4362748135086136, -0.1971433754449338, 0.6048914221231385, 0.0627152191391965, -0.49047070458735176, -0.06951975913147752], [-0.3396474305177335, -0.5529996531208414, -0.20778584300259084, 0.624500547340382, 0.13508128387685886, -0.41176001525141825, -0.40581018506321886, -0.5725860021195277, 0.2646750455130651, 0.3540797890741562, 0.22867760705610946, -0.06287010780818356], [-0.4344186812331819, -0.10433734124805942, -0.619963681129323, -0.09027785365142828, -0.8686153993462125, 0.13800261427768, 0.407132433480362, 0.5672764436749714, 0.18081829112031872, 0.659788922502137, 0.32274915208194166, 0.023796844824356705]], "inverted": true, "swapped": true, "error_lsq": 0.052216392941579474, "error_max": 0.3373612079809351, "target": "142.xyz", "model": "0.xyz", "model_rescale": 3.751011558992144, "target_rescale": 3.988119555582635},
{"mapping": [3, 6, 10, 11, 7, 4, 1, 12, 5, 13, 9, 2, 14], "R": [[0.6297776828041932, 0.3911970209664674, -0.6710774627632363], [0.6328467325393805, 0.24256553247241797, 0.7353006021829457], [0.4504276671742214, -0.8877650889978351, -0.0948053975291237]], "T": [0.06123163690900549, 0.11472272011925147, -0.12677452081688712], "aligned_model": [[-0.6094976972072033, -0.028779142452948353, 0.7617642497115257, 0.032169401582067075, -0.47994297566756694, 0.646637386988589, -0.10662456689507446, -0.4557949321709358, 0.41387235998143446, -0.10009888660033439, 0.30666176690028846, -0.09334424295304558, 0.045865280634005696], [0.21634616781779528, -0.21805160624916461, -0.28893589946996157, -0.6564059623291166, -0.017374116588462662, 0.3448235198931102, 0.4583567000828046, -0.3891149212596986, 0.20680459327557543, 0.007765763254217309, -0.34508271851137184, 0.6894307523859714, 0.0657714696707683], [0.22422508708412447, -0.7937715617239974, -0.2637691388143343, -0.3298679242300004, -0.48643754120076904, -0.6062822888738801, -0.7093768998840583, 0.04874260675855044, 0.3804251401279892, 0.5732503857849798, 0.27637883862893975, 0.44729435745565604, -0.10750115531609455]], "inverted": true, "swapped": false, "error_lsq": 0.0448459342903358, "error_max": 0.24521827682442185, "target": "142.xyz", "model": "1.xyz", "model_rescale": 3.9405287249114394, "target_rescale": 3.988119555582635},
{"mapping": [7, 10, 9, 11, 3, 8, 4, 6, 2, 0, 5, 1, 12], "R": [[0.7275352597537539, 0.4294278204338816, 0.5350553175630014], [-0.5542276174178324, -0.09180600716273972, 0.827286773217237], [0.40438124821310784, -0.8984227312831311, 0.17120865050390416]], "T": [-0.015820663787371823, 0.0382260858477574, -0.08038005562186909], "aligned_model": [[-0.768358792617708, 0.11308899594754507, 0.5930017620987978, 0.08973522772188111, -0.3429044324456149, 0.40738788508069823, -0.05748290902256459, -0.4255234136490888, 0.47610487750300995, -0.12880299389790847, 0.48774798511012424, -0.15691285157697007, 0.04580666159860032], [0.2672472437563351, -0.36705215233809996, -0.3080791386000304, -0.6658051647147403, 0.026185904146837205, 0.21381115062062356, 0.6600580040330477, -0.2710728380600562, 0.2643407702895891, -0.18483283035461634, -0.29784818862356754, 0.6428716576079776, 0.09450932420916719], [-0.18110506266030105, -0.8088160298792956, -0.48011628408797413, -0.05188021288063689, -0.5490707007960832, -0.7054833905221504, -0.4017599627890338, 0.09803946633309998, 0.3332031147653537, 0.7198759666992973, 0.32155150355565076, 0.41127333799376264, -0.052401839934584755]], "inverted": true, "swapped": false, "error_lsq": 0.06092393287142313, "error_max": 0.2995693003770791, "target": "142.xyz", "model": "2.xyz", "model_rescale": 3.932901565614263, "target_rescale": 3.988119555582635},
{"mapping": [11, 7, 5, 9, 3, 4, 0, 8, 6, 10, 12, 1, 13], "R": [[-0.02210207040468279, -0.9962757778203494, -0.08334310416755908], [0.29777697079418675, 0.07301964993533891, -0.9518387502029737], [0.9543795755088563, -0.045855264166491494, 0.2950540977511697]], "T": [-0.035015890007679934, 0.06955442735972231, -0.14528298054630293], "aligned_model": [[-0.7182548233391257, 0.09249336954430926, 0.5838967895180512, 0.07189424408356326, -0.4702743701591272, 0.6130496032365405, -0.04857103791706814, -0.5794924765090174, 0.5397697026688943, 0.006485843667459482, 0.3498484536067269, -0.1485552754664823, 0.04059797891607786], [-0.11072718236824627, -0.2884217902951285, -0.29574339571665953, -0.6562499895225531, 0.19008285733259148, 0.34375365372889455, 0.6170693948241431, -0.40169716366209884, 0.18374523560779293, 0.08585173171833291, -0.3536820347886641, 0.7390059309142318, 0.02134649419983009], [0.40096952474903125, -0.7497140880094882, -0.16272663935410828, -0.18492022378568526, -0.38341830154204753, -0.6630206605179738, -0.5312803218721155, -0.28759921378468933, 0.20582133791880822, 0.5696697761263552, 0.3605629883828806, 0.15087932841686943, -0.07191360093073156]], "inverted": false, "swapped": false, "error_lsq": 0.05385297589098882, "error_max": 0.41852788859993717, "target": "142.xyz", "model": "3.xyz", "model_rescale": 3.9243930471874484, "target_rescale": 3.988119555582635},
{"mapping": [4, 6, 5, 0, 3, 11, 10, 2, 9, 7, 1, 8, 12], "R": [[-0.9827760389241136, 0.1847598450058505, 0.003880333754195879], [0.13284835134935166, 0.6917403070450958, 0.7098215713493894], [0.12846234024175748, 0.698111128175573, -0.7043708397265181]], "T": [0.05932061178796359, 0.11552203876948669, -0.12521392441060586], "aligned_model": [[-0.4977431025042957, 0.16387831729048236, 0.4740346476990393, -0.04987967301689929, -0.4167805461219964, 0.6458033590708308, -0.1778011165824679, -0.5788958580848527, 0.6053921428590743, -0.2732444282139138, 0.3581103921886169, -0.026373416369945987, 0.10638728363712988], [0.18959372630715085, -0.07320104395642815, -0.4743548320136696, -0.7276178867562118, -0.16613535378534378, 0.45930213552639343, 0.6786524579480657, -0.4893958951295258, 0.4540349346315113, -0.07055262926631428, -0.3193064710803766, 0.6062583945605144, 0.007056204986700898], [0.06599452928407618, -0.8143930005607651, -0.35690476477401306, -0.10257066617225652, -0.5085547271184363, -0.5301673953191419, -0.47704504362732586, 0.15401451458515403, 0.16616605785590793, 0.5802614266797728, 0.35625168612908964, 0.2597155906427877, -0.1394583018077443]], "inverted": false, "swapped": false, "error_lsq": 0.05218221488420739, "error_max": 0.2695924400504306, "target": "142.xyz", "model": "4.xyz", "model_rescale": 3.8936222436046832, "target_rescale": 3.988119555582635},
{"mapping": [2, 8, 1, 3, 6, 11, 9, 0, 7, 10, 4, 12], "R": [[0.36191991992619066, 0.9307204515436758, -0.05266320004477415], [0.7756431600959024, -0.26931719334158544, 0.5708291667101929], [0.5170992745663658, -0.24744229721077848, -0.8193782092501549]], "T": [-0.11073237151497924, -0.0655985841285256, 0.010667700478292533], "aligned_model": [[0.02181175491555408, -0.5353640378591645, -0.04681747754661984, 0.49897420222502714, -0.730913651480778, -0.6216732924041275, -0.08376314453759873, -0.007294084944986734, 0.557516539524912, 0.13430060363497742, -0.04480974326960696, -0.11441962604249116], [-0.5624118142170019, -0.5857912009147898, 0.1356070546314906, -0.10647897590439445, 0.5524186808524886, 0.06704902134171409, -0.41457759019202084, 0.45456914869403886, 0.19056950045333554, -0.5612712486663963, 0.5257729140900363, -0.026532585058693367], [-0.644824129591759, -0.05913584423303063, -0.6329266390921402, -0.36003406431713925, -0.2861878118602591, 0.5055412023846156, 0.6057888400842089, 0.4659629698258638, 0.20911277327559774, 0.0005902341660271732, -0.1238329646194588, -0.06076984674700746]], "inverted": true, "swapped": true, "error_lsq": 0.04677052088206799, "error_max": 0.22583343373626769, "target": "142.xyz", "model": "5.xyz", "model_rescale": 3.6523030999806103, "target_rescale": 3.988119555582635},
{"mapping": [1, 10, 11, 4, 6, 9, 8, 2, 7, 0, 3, 5, 12], "R": [[-0.45251970953744336, 0.4489671775065305, 0.7704897053186159], [0.8107865196319477, 0.5668759624803377, 0.14586590672636351], [-0.3712830888463159, 0.6907098643307554, -0.6205390811648597]], "T": [0.0010148243875223936, 0.044799698910971894, -0.1708187862287934], "aligned_model": [[-0.5923591287421976, 0.03504370711283752, 0.7852915874062852, 0.09238487047745131, -0.49046361844821784, 0.4821189039169854, -0.12397292746441715, -0.4794223621271248, 0.5793638380896983, -0.13805673132392696, 0.14355329102978986, 0.0028140785745928362, 0.03659249334904582], [0.049150422707444394, -0.29311945592651517, -0.3479466556437585, -0.5200992645744834, 0.1113120496725019, 0.29733644627066863, 0.6551391515602957, -0.5395722551590902, 0.13449184223183114, 0.1272479975790352, -0.27091601429973294, 0.6050084546474953, 0.06630102290677489], [0.19010127270822122, -0.8731902845125566, -0.24313243026475614, -0.21171227785643298, -0.5911157163817995, -0.6477117837384387, -0.42687916405639215, -0.10835949293031502, 0.1817231225897394, 0.8095000960423969, 0.43138307104757434, 0.21656531600986437, -0.07386182286000002]], "inverted": true, "swapped": false, "error_lsq": 0.0504606415059031, "error_max": 0.2924194920327898, "target": "142.xyz", "model": "6.xyz", "model_rescale": 4.08911054899281, "target_rescale": 3.988119555582635},
{"mapping": [10, 1, 0, 9, 11, 2, 13, 8, 6, 4, 3, 5, 14], "R": [[-0.41973724091766795, 0.38084053822256436, 0.8238817469959943], [-0.6278345221519049, -0.7773454083509995, 0.039470608177569866], [0.6554727007138534, -0.5006941187611111, 0.5653856542723044]], "T": [-0.03736210734883294, 0.13426097476011312, -0.10376310527789556], "aligned_model": [[-0.7282332542992902, 0.20884178716158847, 0.7577931783281228, -0.10841071404406996, -0.48894422428126294, 0.6394198477326173, -0.0641786991986002, -0.3594029524756115, 0.43025375779956576, -0.017776707756313237, 0.3717812719463204, -0.23641193839168798, -0.0718433506705766], [0.1576983189144014, -0.1452338069548902, -0.3584432724743622, -0.6129248445628532, 0.033154811603925124, 0.3564909239509511, 0.585392835213286, -0.35545458329792456, 0.14429751689050044, 0.05147900090793549, -0.4155869535360014, 0.6356553136881475, -0.002191518370648654], [0.09976244032347731, -0.7355956528546876, -0.20187925848926502, -0.3300875511451578, -0.4648478576502661, -0.4815455535864717, -0.6796584405926083, 0.244973671605356, 0.07052871018414802, 0.5959604448690132, 0.292116153073924, 0.43427417153111747, -0.1906913714714741]], "inverted": true, "swapped": false, "error_lsq": 0.04413059110719386, "error_max": 0.3052841875035647, "target": "142.xyz", "model": "7.xyz", "model_rescale": 3.964800864290218, "target_rescale": 3.988119555582635},
{"mapping": [1, 9, 11, 12, 8, 10, 5, 7, 6, 2, 4, 0, 13], "R": [[0.5792303030001382, -0.7661837873114214, -0.27830677344882426], [0.807060066180388, 0.4909926514307259, 0.32799430759989395], [-0.11465734020670544, -0.4145945251714654, 0.9027541603529565]], "T": [0.04657656412031731, 0.09011582528646475, -0.02778665808984926], "aligned_model": [[-0.670833582329249, 0.1577663681163402, 0.7433783517438259, -0.0017195177908918696, -0.3798386511695102, 0.3856900944528388, -0.1528876029248003, -0.5378456273198827, 0.5634939030383815, -0.1568425606678583, 0.42591164254111674, -0.06762176406254038, 0.024236948223031445], [0.2710829520231024, -0.25942450405267337, -0.3170067331771551, -0.6474000630266014, -0.017102026807483045, 0.33549656588345295, 0.6352903866891016, -0.3153295423353961, 0.19946996254001995, -0.11438642801863305, -0.32702561335522207, 0.5411164858811106, 0.08955229972884333], [0.09748693044457693, -0.6102942652860364, -0.21713241496969027, -0.18403242682098697, -0.6584466122402388, -0.7348399224884514, -0.6295087423054951, 0.002510552803582984, 0.21167933233454578, 0.5683745749819117, 0.39315432763293856, 0.5169302578455538, -0.10257168613510596]], "inverted": true, "swapped": false, "error_lsq": 0.043993773193881786, "error_max": 0.2562980297221899, "target": "142.xyz", "model": "8.xyz", "model_rescale": 4.121658175737393, "target_rescale": 3.988119555582635},
{"mapping": [11, 6, 4, 9, 8, 1, 2, 7, 0, 10, 5, 3, 12], "R": [[0.8484302161867965, 0.26125395295511367, 0.46033959239517214], [-0.2601114460692444, -0.5516546376004479, 0.7924766220133469], [0.46098612114139886, -0.7921007087986008, -0.40008531994533597]], "T": [-0.033255978920975954, -0.010208471915406789, -0.09155795138586184], "aligned_model": [[-0.596070694533432, -0.04763027991997866, 0.7773943281176464, 0.11174306107515988, -0.5635216701005962, 0.48657334595308355, 0.006131486451438989, -0.4945911040625538, 0.6415323419997089, -0.046223206902355915, 0.22263511493319324, -0.20019829648240048, 0.03511357532188786], [0.12809615496375437, -0.22750229793290733, -0.341003840070174, -0.7792000353213459, 0.12112462901060113, 0.2268045570129158, 0.6212655935495788, -0.4933162488100284, 0.2982761880081226, 0.15800110387615823, -0.34220776582429635, 0.6888691382495412, 0.015126565260546416], [0.1675626781043242, -0.7494020231380054, -0.23835175855858942, -0.3758413853837568, -0.5733496606194873, -0.4769590578097179, -0.3779764966575424, 0.003245469057424233, 0.16982716613842533, 0.6487245759007583, 0.36232983563411525, 0.23417928787809997, -0.1406787247489431]], "inverted": true, "swapped": false, "error_lsq": 0.047795426768256, "error_max": 0.2867173793274895, "target": "142.xyz", "model": "9.xyz", "model_rescale": 3.833441315466971, "target_rescale": 3.988119555582635},
{"mapping": [10, 7, 3, 9, 11, 6, 12, 8, 5, 13, 2, 0, 14], "R": [[-0.8631084846961279, 0.04378341268506597, -0.5031170404778629], [0.30949620716191467, -0.7413726714808488, -0.5954650785174046], [-0.3990687176388843, -0.6696637773950439, 0.6263342429143228]], "T": [0.07772922048839757, 0.13867269023494402, -0.1673634785272208], "aligned_model": [[-0.7138359380745253, 0.05187756876400222, 0.6426205745322765, 0.038394379178332175, -0.41906931101138867, 0.47382368142664877, -0.1404673496314337, -0.4827240789672056, 0.520367158860596, 0.05729940858952336, 0.3084788425906203, -0.10794954153335619, 0.10407260712671164], [0.21879216919758496, -0.297300246213836, -0.5032360931846528, -0.6682800170233897, -0.004606473482097501, 0.5189361791830416, 0.5973100444771624, -0.3874638523769849, 0.2562236439618862, 0.07596331284571708, -0.3550047761479166, 0.5754705702480511, 0.047529280487900685], [0.03942049657694427, -0.6705267398740372, -0.3195893687130835, -0.09532026205077052, -0.612334692638619, -0.5670363760721654, -0.49149630838623426, -0.03839914223832988, 0.33031978446090393, 0.6272035093270992, 0.3013447740277302, 0.3210563931547068, -0.171332161777039]], "inverted": false, "swapped": false, "error_lsq": 0.03883614025002759, "error_max": 0.18183420555701976, "target": "142.xyz", "model": "10.xyz", "model_rescale": 4.2482417240324, "target_rescale": 3.988119555582635},
{"mapping": [5, 6, 11, 0, 2, 10, 8, 7, 4, 3, 1, 12], "R": [[-0.7948091888947136, -0.04599557436250892, 0.6051138408494641], [0.3628819059366491, -0.8352372366294762, 0.41315309618994933], [0.48641039831844934, 0.5479627411481728, 0.6805451922694541]], "T": [0.11767119429851669, 0.11730380047961694, 0.061673276081680155], "aligned_model": [[-0.7568005888366374, -0.21298358388517502, 0.40997914097538257, 0.6973951143430823, -0.5497691685389835, 0.06920845311176357, -0.23325701533625226, 0.6037607287244429, 0.1740996061597364, -0.00392467370064975, -0.38341594746249474, 0.062473536808792016], [-0.3081700736365178, -0.739012795404659, -0.34996748999128746, -0.22511632671284545, 0.6111462202548069, 0.649411364099229, 0.22374397780695618, 0.36234565517755557, -0.2701152464841291, 0.5754885735390749, 0.04654729533032162, 0.08983023607213439], [0.08618869894084902, -0.048247878924410244, 0.5304689673761684, -0.12604024157285784, -0.006911684490558824, 0.2043162151416043, 0.6285108417109412, -0.44353024285860654, -0.4061715562252558, -0.4732232274944381, -0.38853522007066066, 0.008367618321582046]], "inverted": false, "swapped": true, "error_lsq": 0.04142103842832757, "error_max": 0.21219910861541513, "target": "142.xyz", "model": "11.xyz", "model_rescale": 3.6694154284099745, "target_rescale": 3.988119555582635},
{"mapping": [9, 12, 0, 5, 10, 1, 2, 7, 4, 11, 6, 8, 13], "R": [[0.3527856164601504, -0.31255666128962856, -0.8819584130231497], [0.4914405559662204, 0.8639860166093678, -0.10960995874048085], [0.796259058831009, -0.3947613159707498, 0.4584048588776061]], "T": [0.03218795933118036, -0.009701242723962618, -0.09879835620581126], "aligned_model": [[-0.6605771349579066, -0.003944394247412955, 0.6726040798381858, 0.07176017845785942, -0.5141564195645616, 0.6015681335481201, -0.01795824161167088, -0.5417247619394933, 0.6340007419924688, -0.04984348843881979, 0.21031472710728472, -0.2198730910437976, 0.15071767271054576], [0.16481672837001657, -0.16007075129121665, -0.29637996306016506, -0.7937883371063235, 0.07040838871970526, 0.4146311660465775, 0.5225431451060591, -0.4780395567331271, 0.2506253572762125, 0.13088764656775687, -0.4005496553984017, 0.6675828571438087, -0.018333283668435688], [0.267679840676299, -0.7605021903979694, -0.23452001375026033, -0.2667634132060663, -0.4128350641038342, -0.5594736411704389, -0.4736514521604286, -0.040072463583496615, 0.2443198241754068, 0.6212948701833507, 0.2691190344747316, 0.1255881992320215, -0.12687362457221033]], "inverted": false, "swapped": false, "error_lsq": 0.04122863103812581, "error_max": 0.22978277099758668, "target": "142.xyz", "model": "12.xyz", "model_rescale": 3.9764082729961374, "target_rescale": 3.988119555582635},
{"mapping": [9, 13, 14, 6, 12, 11, 10, 5, 3, 7, 4, 2, 15], "R": [[0.39683916367311123, -0.6924701870125343, -0.6024978989789522], [0.8448662133902147, 0.5321306794679193, -0.05511824961563233], [0.358775360980804, -0.487157038405314, 0.796214958591747]], "T": [-0.05790706294048717, 0.039822276034768254, -0.09506253315903926], "aligned_model": [[-0.6478230451476736, 0.058444684041824846, 0.6283266986690554, 0.15870897551667376, -0.45513115159601814, 0.5366809127134153, -0.02698501737618128, -0.6024097956356963, 0.7267442003701119, 0.14563569597045242, -0.0015914728960834956, -0.2077591772184273, 0.02004649443934818], [0.0329708668465251, -0.18691405039603606, -0.2534288909602165, -0.67727550555548, 0.11587100915182719, 0.34084273138488985, 0.6572266309992096, -0.5738826379356423, 0.2223096755080002, 0.1588500808633791, -0.42869158778459465, 0.668298909993538, -0.0018434901429324885], [0.020917286836889176, -0.6514198423028364, -0.3812355875481036, -0.24508609537745193, -0.5886647500618215, -0.5267991697999552, -0.6088743552567082, 0.07729453368400915, 0.14879027353423918, 0.6228764794984395, 0.4464049501732752, 0.37272051304978304, -0.0336143306326529]], "inverted": true, "swapped": false, "error_lsq": 0.047726541005109355, "error_max": 0.34779152108890504, "target": "142.xyz", "model": "13.xyz", "model_rescale": 4.170626492500431, "target_rescale": 3.988119555582635},
{"mapping": [6, 10, 8, 12, 11, 7, 9, 5, 0, 2, 4, 3, 13], "R": [[0.8725522083462913, -0.3432761329610777, -0.34758328534223104], [-0.39260477472689653, -0.9161537123701884, -0.08077045358276053], [-0.29071314826070915, 0.20693929508339054, -0.934163793763565]], "T": [0.09187526005180424, 0.08631001838830567, -0.05477230612674565], "aligned_model": [[-0.640567109297675, 0.16731110754826967, 0.6102779078142357, -0.016165105450651612, -0.5437627258517458, 0.7845120851154783, -0.1141877355946882, -0.60209936743415, 0.5791774652567002, 0.15088680393231635, 0.2785843575143892, -0.3148253376756003, -0.0062543440260765665], [-0.03684476889839994, -0.030146897620644722, -0.4011753832098032, -0.5693384980228158, 0.13903014788282406, 0.22772396654060523, 0.5368297410867463, -0.5004349041834578, 0.35269074690007507, 0.17886023558475206, -0.4923847247595856, 0.6069490622309661, 0.06257501844120514], [0.34000654459878976, -0.6016502857538316, -0.26731164560665077, -0.3616247519963588, -0.3594764084189612, -0.4518694311761471, -0.6957687645793585, -0.0915070389856235, 0.16302639636678828, 0.5939836281213144, 0.310351286333018, 0.14272000831778026, -0.06756963142365446]], "inverted": false, "swapped": false, "error_lsq": 0.05588894248012351, "error_max": 0.3775564155692692, "target": "142.xyz", "model": "14.xyz", "model_rescale": 3.9786697098870705, "target_rescale": 3.988119555582635},
{"mapping": [4, 6, 3, 7, 1, 2, 11, 8, 10, 0, 5, 12], "R": [[0.021584295523975297, -0.921871205093461, 0.3868948169803568], [0.9297990844106094, -0.12371487900748863, -0.34665298403642064], [0.3674340496142487, 0.36721670704325604, 0.8544847039311947]], "T": [0.10875210881567227, -0.08650681576031775, 0.10352754023462375], "aligned_model": [[-0.1316428119256683, -0.7545108542710905, 0.6305863483539782, 0.581471602834621, 0.01660057542984747, 0.4145672916377538, -0.36203336109758966, -0.013600066524111318, 0.5621181100209125, -0.018535303597899844, -0.5226744067674185, 0.08100747267400168], [-0.3244906998552806, -0.04576985867956347, 0.08502268415125593, -0.5470801674888234, 0.2981277799975331, 0.6796854748163784, -0.43155598673356316, 0.3603261380328158, 0.13870023362901862, -0.7629996860125882, 0.6152521494655225, -0.05054357109826642], [-0.4041440304925755, -0.2248181799002319, -0.3537467407188728, -0.23701263248205784, -0.4463331869570447, -0.012607373323258717, 0.5311464192545894, 0.5946030966101907, 0.32618233686992154, -0.01781100610363788, -0.13134441031862376, 0.03585220143543118]], "inverted": false, "swapped": true, "error_lsq": 0.05311201443612342, "error_max": 0.33510875254767175, "target": "142.xyz", "model": "15.xyz", "model_rescale": 3.769337070930944, "target_rescale": 3.988119555582635},
{"mapping": [6, 11, 1, 4, 5, 8, 2, 9, 3, 7, 12], "R": [[-0.9320795891556032, 0.26317119634003633, -0.24893485271547683], [-0.054642708147906505, 0.5771807089231323, 0.8147862318996641], [0.3581086621764193, 0.7730480907834547, -0.5235979711670689]], "T": [-0.021470272555952363, -0.061635219139894594, 0.10128946030057495], "aligned_model": [[-0.44886279952475694, -0.27491149551828975, 0.00597981913356917, -0.5340330797192988, 0.21458994121291797, 0.5230175012544525, 0.6579222230396581, 0.09881241629725311, 0.09564503114705895, -0.3823042519445403, -0.033229174686853075], [0.05823520340958068, -0.6836742561765226, 0.5622482131028287, 0.24050964471244476, 0.2932583003781161, -0.3436176739743165, 0.41822813421152405, -0.6412355043497575, 0.5276541715876699, 0.15748757022959645, 0.006970694494177719], [-0.7096729708449396, -0.16776588283716348, -0.16100513000999706, -0.033411396015423284, -0.7731567005878166, -0.1812063888936904, 0.054195199827941104, 0.45664623993135034, 0.48840072406134594, 0.7123076139420176, 0.0588862986501524]], "inverted": true, "swapped": true, "error_lsq": 0.0520895296727443, "error_max": 0.25422419688927533, "target": "142.xyz", "model": "16.xyz", "model_rescale": 3.7852294659196426, "target_rescale": 3.988119555582635},
{"mapping": [0, 5, 7, 1, 4, 6, 10, 3, 11, 8, 2, 9, 12], "R": [[-0.20747388024076685, -0.37489537492956215, -0.9035530127636471], [-0.2734748040564312, -0.8645961646788277, 0.42152699032085555], [-0.939236988498716, 0.33455482342821646, 0.07685668192667705]], "T": [-0.003949690991704401, -0.04629857303133614, -0.06994062336655886], "aligned_model": [[-0.6547892738073475, 0.06741880247413178, 0.6422323388518375, -0.04370132588685484, -0.46330510987540463, 0.5830046686863776, 0.020066496265032558, -0.49209205559540886, 0.5807201204587321, -0.05581539723313958, 0.3106137854681712, -0.17537456428138926, 0.013909516326063725], [0.13855516955275352, -0.21491752733760053, -0.21918857631490654, -0.6898292110794645, -0.025703231877045596, 0.3382202829068264, 0.6714023159700597, -0.5703925656235657, 0.2347805528375014, 0.13660151400135853, -0.477525398429956, 0.709083610775289, 0.043246806591217185], [0.019413095256318555, -0.7013542730047828, -0.2796662447109917, -0.311895742476697, -0.6087867202759761, -0.613100880551199, -0.43543170664410724, 0.2758018963940231, 0.2722403390094841, 0.5530067403263775, 0.2286900270435666, 0.3138210926982295, -0.059427717267140134]], "inverted": true, "swapped": false, "error_lsq": 0.04102575036306467, "error_max": 0.239409695950696, "target": "142.xyz", "model": "17.xyz", "model_rescale": 3.901054581598922, "target_rescale": 3.988119555582635},
{"mapping": [3, 6, 10, 11, 7, 4, 1, 12, 5, 13, 9, 2, 14], "R": [[0.6297776828041932, 0.3911970209664674, -0.6710774627632363], [0.6328467325393805, 0.24256553247241797, 0.7353006021829457], [0.4504276671742214, -0.8877650889978351, -0.0948053975291237]], "T": [0.06123163690900549, 0.11472272011925147, -0.12677452081688712], "aligned_model": [[-0.6094976972072033, -0.028779142452948353, 0.7617642497115257, 0.032169401582067075, -0.47994297566756694, 0.646637386988589, -0.10662456689507446, -0.4557949321709358, 0.41387235998143446, -0.10009888660033439, 0.30666176690028846, -0.09334424295304558, 0.045865280634005696], [0.21634616781779528, -0.21805160624916461, -0.28893589946996157, -0.6564059623291166, -0.017374116588462662, 0.3448235198931102, 0.4583567000828046, -0.3891149212596986, 0.20680459327557543, 0.007765763254217309, -0.34508271851137184, 0.6894307523859714, 0.0657714696707683], [0.22422508708412447, -0.7937715617239974, -0.2637691388143343, -0.3298679242300004, -0.48643754120076904, -0.6062822888738801, -0.7093768998840583, 0.04874260675855044, 0.3804251401279892, 0.5732503857849798, 0.27637883862893975, 0.44729435745565604, -0.10750115531609455]], "inverted": true, "swapped": false, "error_lsq": 0.0448459342903358, "error_max": 0.24521827682442185, "target": "142.xyz", "model": "18.xyz", "model_rescale": 3.9405287249114394, "target_rescale": 3.988119555582635},
{"mapping": [9, 10, 3, 14, 11, 2, 5, 13, 1, 4, 12, 8, 15], "R": [[-0.029535214245285435, 0.988979916146046, 0.14507376254597404], [-0.047805224509750915, -0.14636859345930603, 0.9880743369596829], [0.9984199174841505, 0.022247703443388056, 0.051601434693598014]], "T": [0.01886375168439373, 0.013641771323920197, 0.05373519144768624], "aligned_model": [[-0.6853313596803001, 0.21535697446537586, 0.7045493233804443, -0.00498456530554316, -0.3976038293391036, 0.3766306032735373, -0.1944353007329985, -0.48639674117965975, 0.6608689675109437, -0.024257719507709403, 0.2503746662608322, -0.11415487787784505, 0.032271860582827744], [0.26624470883349177, -0.18435668266297248, -0.42748733749347, -0.6782359145071571, -0.11711855340587524, 0.43760273754915474, 0.6745735565890622, -0.42886021151705384, 0.1626639132549229, 0.01300397955234341, -0.4052582994021552, 0.7375530710651035, 0.024008774117072387], [-0.11746892079304672, -0.681173689003809, -0.19257558987501736, -0.293360598935842, -0.5195620205922918, -0.6152829413666675, -0.4033592541791916, 0.0384487626774567, 0.0875157782578626, 0.7836702300367125, 0.3203144280492321, 0.2284653543628841, 0.0176783671588231]], "inverted": true, "swapped": false, "error_lsq": 0.04080640694216086, "error_max": 0.24381113450088324, "target": "142.xyz", "model": "19.xyz", "model_rescale": 4.410303926677745, "target_rescale": 3.988119555582635},
{"mapping": [1, 9, 11, 12, 8, 10, 5, 7, 6, 2, 4, 0, 13], "R": [[0.5792303030001382, -0.7661837873114214, -0.27830677344882426], [0.807060066180388, 0.4909926514307259, 0.32799430759989395], [-0.11465734020670544, -0.4145945251714654, 0.9027541603529565]], "T": [0.04657656412031731, 0.09011582528646475, -0.02778665808984926], "aligned_model": [[-0.670833582329249, 0.1577663681163402, 0.7433783517438259, -0.0017195177908918696, -0.3798386511695102, 0.3856900944528388, -0.1528876029248003, -0.5378456273198827, 0.5634939030383815, -0.1568425606678583, 0.42591164254111674, -0.06762176406254038, 0.024236948223031445], [0.2710829520231024, -0.25942450405267337, -0.3170067331771551, -0.6474000630266014, -0.017102026807483045, 0.33549656588345295, 0.6352903866891016, -0.3153295423353961, 0.19946996254001995, -0.11438642801863305, -0.32702561335522207, 0.5411164858811106, 0.08955229972884333], [0.09748693044457693, -0.6102942652860364, -0.21713241496969027, -0.18403242682098697, -0.6584466122402388, -0.7348399224884514, -0.6295087423054951, 0.002510552803582984, 0.21167933233454578, 0.5683745749819117, 0.39315432763293856, 0.5169302578455538, -0.10257168613510596]], "inverted": true, "swapped": false, "error_lsq": 0.043993773193881786, "error_max": 0.2562980297221899, "target": "142.xyz", "model": "20.xyz", "model_rescale": 4.121658175737393, "target_rescale": 3.988119555582635},
{"mapping": [1, 10, 11, 4, 6, 9, 8, 2, 7, 0, 3, 5, 12], "R": [[-0.45251970953744336, 0.4489671775065305, 0.7704897053186159], [0.8107865196319477, 0.5668759624803377, 0.14586590672636351], [-0.3712830888463159, 0.6907098643307554, -0.6205390811648597]], "T": [0.0010148243875223936, 0.044799698910971894, -0.1708187862287934], "aligned_model": [[-0.5923591287421976, 0.03504370711283752, 0.7852915874062852, 0.09238487047745131, -0.49046361844821784, 0.4821189039169854, -0.12397292746441715, -0.4794223621271248, 0.5793638380896983, -0.13805673132392696, 0.14355329102978986, 0.0028140785745928362, 0.03659249334904582], [0.049150422707444394, -0.29311945592651517, -0.3479466556437585, -0.5200992645744834, 0.1113120496725019, 0.29733644627066863, 0.6551391515602957, -0.5395722551590902, 0.13449184223183114, 0.1272479975790352, -0.27091601429973294, 0.6050084546474953, 0.06630102290677489], [0.19010127270822122, -0.8731902845125566, -0.24313243026475614, -0.21171227785643298, -0.5911157163817995, -0.6477117837384387, -0.42687916405639215, -0.10835949293031502, 0.1817231225897394, 0.8095000960423969, 0.43138307104757434, 0.21656531600986437, -0.07386182286000002]], "inverted": true, "swapped": false, "error_lsq": 0.0504606415059031, "error_max": 0.2924194920327898, "target": "142.xyz", "model": "21.xyz", "model_rescale": 4.08911054899281, "target_rescale": 3.988119555582635},
{"mapping": [4, 15, 9, 14, 2, 11, 1, 3, 10, 7, 12, 0, 16], "R": [[0.13582429757288111, -0.9810483259299306, 0.13818806887323537], [0.7887745599931889, 0.19147897494091842, 0.5840980188830692], [-0.5994884933811362, 0.029664530093290398, 0.7998334588887612]], "T": [0.11120358980708747, 0.09772580096800529, -0.09270850308947479], "aligned_model": [[-0.5748063921745509, 0.022675131803190543, 0.6555712990921542, 0.04846927196620557, -0.47850478920075146, 0.46727105634092403, -0.15067017656358014, -0.4866384100868041, 0.7234786538889201, 0.13076787314201396, 0.23171056803307394, -0.3327687900465376, 0.07633270565654346], [0.10710419877788037, -0.13832609265578355, -0.36102612700177505, -0.526895698611235, 0.08326182188475886, 0.32536656485490817, 0.6630238476208267, -0.5271084666100437, 0.035684703839639315, 0.16723438899334167, -0.4874789079233943, 0.6272358231479618, 0.1062576856553814], [0.03216958203289952, -0.7767766528627623, -0.120241705486889, -0.22588122392780505, -0.5089880370690822, -0.730900223618353, -0.5844997496599937, -0.01242211247716321, 0.4292163548983712, 0.61480968255507, 0.3408615868893645, 0.25741584698827225, -0.06145344246482329]], "inverted": true, "swapped": false, "error_lsq": 0.046056440603316214, "error_max": 0.3204655738745289, "target": "142.xyz", "model": "22.xyz", "model_rescale": 4.204369325754507, "target_rescale": 3.988119555582635},
{"mapping": [9, 10, 3, 14, 11, 2, 5, 13, 1, 4, 12, 8, 15], "R": [[-0.029535214245285435, 0.988979916146046, 0.14507376254597404], [-0.047805224509750915, -0.14636859345930603, 0.9880743369596829], [0.9984199174841505, 0.022247703443388056, 0.051601434693598014]], "T": [0.01886375168439373, 0.013641771323920197, 0.05373519144768624], "aligned_model": [[-0.6853313596803001, 0.21535697446537586, 0.7045493233804443, -0.00498456530554316, -0.3976038293391036, 0.3766306032735373, -0.1944353007329985, -0.48639674117965975, 0.6608689675109437, -0.024257719507709403, 0.2503746662608322, -0.11415487787784505, 0.032271860582827744], [0.26624470883349177, -0.18435668266297248, -0.42748733749347, -0.6782359145071571, -0.11711855340587524, 0.43760273754915474, 0.6745735565890622, -0.42886021151705384, 0.1626639132549229, 0.01300397955234341, -0.4052582994021552, 0.7375530710651035, 0.024008774117072387], [-0.11746892079304672, -0.681173689003809, -0.19257558987501736, -0.293360598935842, -0.5195620205922918, -0.6152829413666675, -0.4033592541791916, 0.0384487626774567, 0.0875157782578626, 0.7836702300367125, 0.3203144280492321, 0.2284653543628841, 0.0176783671588231]], "inverted": true, "swapped": false, "error_lsq": 0.04080640694216086, "error_max": 0.24381113450088324, "target": "142.xyz", "model": "23.xyz", "model_rescale": 4.410303926677745, "target_rescale": 3.988119555582635},
{"mapping": [2, 7, 11, 1, 0, 13, 12, 3, 9, 8, 10, 5, 16], "R": [[0.6276802684855052, 0.4224879512607793, 0.6538512151808191], [-0.7757224807692782, 0.40996907216862266, 0.4797707709879332], [-0.0653614059145104, -0.8083497330392756, 0.585062898936696]], "T": [0.19214023642086722, 0.1068389840574204, -0.07824630238442222], "aligned_model": [[-0.7133181341492346, 0.18118278571235338, 0.6699594336395636, -0.013120584311073796, -0.44962912208929795, 0.4702957383315777, -0.2030560484586573, -0.5379031431775764, 0.6267210349864427, 0.15075450539793525, 0.22149600371504974, -0.1703610853263355, 0.09986661758005472], [0.1397146959783649, -0.13474132621432397, -0.29619213910795317, -0.6780380690727432, 0.06790656926292668, 0.4403657642035935, 0.5887518518572238, -0.3906577613906863, 0.03227009464194283, 0.05484634835674898, -0.3789411626319099, 0.5991477397955612, 0.02990113629372143], [0.03110760887899426, -0.6974795255283973, -0.17812730728575915, -0.3578377123248883, -0.47448129407734196, -0.6310356180475092, -0.585942785580917, 0.0914140548210428, 0.36672447629417054, 0.7410769881151513, 0.3541190920271535, 0.06949304302846095, -0.07572111452305558]], "inverted": false, "swapped": false, "error_lsq": 0.040151582946820544, "error_max": 0.25628707438891696, "target": "142.xyz", "model": "24.xyz", "model_rescale": 4.28219845311461, "target_rescale": 3.988119555582635},
{"mapping": [2, 1, 5, 8, 0, 3, 4, 6, 9, 14, 11, 13, 15], "R": [[0.008995731686468077, -0.9049253718486077, 0.4254752027981], [0.9785051656213797, -0.07969992097719783, -0.1901987472316911], [0.2060260121045432, 0.4180406606789436, 0.8847571917511668]], "T": [0.08383605981985605, 0.09217327035203743, -0.013314865360966557], "aligned_model": [[-0.5655793844189683, 0.18379378434575006, 0.6888837875639268, 0.08746119601887933, -0.5561916318425153, 0.4722034684718525, -0.16805620818644051, -0.5890222853481137, 0.725353900547845, -0.29072111524450883, 0.3499226989625067, -0.030456051652832813, 0.02529584263342076], [0.2569704469988781, -0.15253396471223643, -0.46477932197168853, -0.5739523113347362, 0.018665293081759765, 0.3145295117960357, 0.5567976855126999, -0.5039891721012542, 0.28370524988433343, -0.14577175337474457, -0.17914757913879548, 0.5724429182559725, 0.09139673907624249], [0.12768689257573373, -0.5964136745361139, -0.23467822721147702, -0.20878768889104155, -0.5138299033156468, -0.6455915473979178, -0.5186098397877545, -0.07694759677309966, 0.07965848954789113, 0.6057438662518689, 0.3766338086333632, 0.3171315531312742, -0.058686226429974904]], "inverted": false, "swapped": false, "error_lsq": 0.04579110660522109, "error_max": 0.3107332644436732, "target": "142.xyz", "model": "25.xyz", "model_rescale": 4.100010024507729, "target_rescale": 3.988119555582635},
{"mapping": [5, 6, 11, 0, 2, 10, 8, 7, 4, 3, 1, 12], "R": [[-0.7948091888947136, -0.04599557436250892, 0.6051138408494641], [0.3628819059366491, -0.8352372366294762, 0.41315309618994933], [0.48641039831844934, 0.5479627411481728, 0.6805451922694541]], "T": [0.11767119429851669, 0.11730380047961694, 0.061673276081680155], "aligned_model": [[-0.7568005888366374, -0.21298358388517502, 0.40997914097538257, 0.6973951143430823, -0.5497691685389835, 0.06920845311176357, -0.23325701533625226, 0.6037607287244429, 0.1740996061597364, -0.00392467370064975, -0.38341594746249474, 0.062473536808792016], [-0.3081700736365178, -0.739012795404659, -0.34996748999128746, -0.22511632671284545, 0.6111462202548069, 0.649411364099229, 0.22374397780695618, 0.36234565517755557, -0.2701152464841291, 0.5754885735390749, 0.04654729533032162, 0.08983023607213439], [0.08618869894084902, -0.048247878924410244, 0.5304689673761684, -0.12604024157285784, -0.006911684490558824, 0.2043162151416043, 0.6285108417109412, -0.44353024285860654, -0.4061715562252558, -0.4732232274944381, -0.38853522007066066, 0.008367618321582046]], "inverted": false, "swapped": true, "error_lsq": 0.04142103842832757, "error_max": 0.21219910861541513, "target": "142.xyz", "model": "26.xyz", "model_rescale": 3.6694154284099745, "target_rescale": 3.988119555582635},
{"mapping": [3, 0, 4, 2, 6, 5, 1, 12, 8, 9, 10, 7, 13], "R": [[0.7814789814580105, -0.6239292268729624, 0.0017092083132363295], [-0.37367889673782595, -0.4658401032006565, 0.8020954309699083], [-0.49965456434636096, -0.6274594155032732, -0.5971934345119168]], "T": [0.06273963744963813, -0.023925831379704044, -0.04008582271252087], "aligned_model": [[-0.5976339494968359, 0.2945285493565045, 0.7863170950606625, -0.04161563675472124, -0.500689541694004, 0.40352398717056354, -0.21737741571194807, -0.636428143358585, 0.5736998402747447, -0.11751184648453848, 0.3735853747446362, -0.04304516989771692, 0.055534858642039844], [0.37510280414112823, -0.09136911810293823, -0.36903228731993465, -0.6017305303191021, -0.06522601773285787, 0.5512826718287723, 0.42386335409592246, -0.3673254130474798, 0.15692366399397106, -0.014995600382841302, -0.4274648631152835, 0.576319760938173, -0.07201468300506295], [0.19973513973941537, -0.655438279867069, -0.2213805192551015, -0.3826954443412302, -0.4299990008703099, -0.4631457529152054, -0.7476633347879775, 0.11148579385057608, 0.29839656025897476, 0.6174042448810684, 0.279948390089918, 0.11689611305044334, -0.0702340040363976]], "inverted": true, "swapped": false, "error_lsq": 0.05258317335164926, "error_max": 0.30516431698286156, "target": "142.xyz", "model": "27.xyz", "model_rescale": 4.103607728864725, "target_rescale": 3.988119555582635},
{"mapping": [4, 10, 9, 3, 13, 6, 11, 2, 5, 1, 0, 8, 14], "R": [[-0.9029642230854653, 0.3682148720903451, 0.22152521255864546], [0.4051745165537928, 0.5578229894924804, 0.724339094298432], [0.14314057063971272, 0.7438086584365384, -0.6528854851134114]], "T": [0.026100494778872798, 0.006738864425935597, -0.26278083100702154], "aligned_model": [[-0.7369669034571522, 0.21317424222638556, 0.797158915382737, -0.03839474143493593, -0.550947153657472, 0.5385937609687871, 0.0021184634867189266, -0.45401608004420113, 0.6150058855471567, 0.007082784330225588, 0.25882612720080733, -0.32923338511278205, 0.010486086414526686], [0.1487513729975248, -0.1896926413402237, -0.26143080885940906, -0.7361591620537481, 0.2356897466867974, 0.33559348877024603, 0.6014646980835042, -0.39154658104498963, 0.1830913627716051, -0.0274307094767686, -0.42687413460973406, 0.6486774970720321, -0.04580038702436971], [0.20537499806383974, -0.6942821089473491, -0.3234262298341161, -0.1763300396565362, -0.44844191443529063, -0.43734471905155836, -0.6059823438456158, 0.1273184957525456, 0.13374236810390594, 0.6323904369542933, 0.2544331363824428, 0.10318720383239322, -0.1173293775218498]], "inverted": false, "swapped": false, "error_lsq": 0.04457801223722216, "error_max": 0.261810356761, "target": "142.xyz", "model": "28.xyz", "model_rescale": 4.137296879288765, "target_rescale": 3.988119555582635},
