[{"mapping": [6, 5, 12, 10, 8, 4, 3, 2, 11, 9, 7, 13], "R": [[-0.2522937076117728, 0.4139912674325835, -0.8746194118524174], [-0.805426868019831, -0.590803496086838, -0.04731584600675809], [-0.5363165533258051, 0.6925044833798066, 0.4824956944135318]], "T": [0.014874340063843102, -0.02967971320189497, 0.0008359230287352179], "aligned_model": [[-0.23267086224047698, 0.18125502022090267, 0.5781800906930522, -0.4705316091518987, 0.022865574577731217, -0.744534436853362, 0.4028090491877628, -0.14221702074464318, 0.5834259516333118, 0.2599073966560008, -0.49588984626457283, -0.10495684525325889], [-0.3267456455968173, -0.6878211932902278, -0.3131905965525372, 0.5097690984829906, 0.3907378378568048, -0.5042936957750869, -0.2913653306340561, -0.2970066960758335, 0.13356781542178073, 0.3533621868091231, 0.2410762084804837, -0.1545349531495669], [-0.5442830066651149, -0.14013525701723176, -0.4506140773020009, -0.038637914069946856, -0.575586112079535, -0.13176415870576422, 0.3696463893841358, 0.7355509527301861, -0.006053095502451762, 0.5129289963188148, 0.4046833373048952, 0.04621569095757591]], "inverted": true, "swapped": true, "error_lsq": 0.056769687563936126, "error_max": 0.3843633274331367, "target": "143.xyz", "model": "0.xyz", "model_rescale": 3.751011558992144, "target_rescale": 4.133561196893893},
{"mapping": [5, 3, 0, 7, 13, 12, 9, 8, 10, 1, 8, 6, 11, 14], "R": [[0.18147944232030516, 0.9181039282147879, 0.3523498105742179], [0.6395945819294485, 0.16196641446391485, -0.7514556882160105], [-0.7469832546862115, 0.3617347890129998, -0.5578207235627908]], "T": [-0.027226164718395722, 0.015570335685033371, -0.12330590806965866], "aligned_model": [[-0.2775933963226132, -0.3946744284995209, 0.22447429727531765, 0.041465275143642226, -0.6659994373741153, -0.5849385403908169, -0.5525010959357705, 0.3586910087232252, 0.0029992073830629254, 0.5847094491520568, 0.3586910087232252, 0.2642989475576625, -0.33847777028364756, -0.07485114579467234], [0.45712399548103516, -0.5707069205300452, -0.6045819930107219, -0.5728035559446556, 0.02149839399111377, -0.3936824363325389, 0.3905309266435558, 0.3198119241296949, 0.7096665435507838, -0.3101843339972426, 0.3198119241296949, -0.17944466261754385, 0.027253242232709658, 0.01012323013968993], [-0.48721889472336044, -0.4468281512028487, -0.4804648154832476, 0.17464488238987255, -0.46890070340951995, 0.14769995661774696, 0.009661844400299019, -0.569314028223734, 0.3123208005199025, -0.05186188037650441, -0.569314028223734, 0.5405525140503129, 0.6113483893072281, -0.09673519746512885]], "inverted": true, "swapped": false, "error_lsq": 0.0438005350435306, "error_max": 0.30342206320803977, "target": "143.xyz", "model": "1.xyz", "model_rescale": 3.9405287249114394, "target_rescale": 4.133561196893893},
{"mapping": [0, 8, 10, 5, 11, 7, 6, 12, 3, 2, 1, 4, 13], "R": [[-0.24176312004588746, -0.07891970198892342, 0.9671206100707697], [-0.15912033161472314, 0.9864191941141207, 0.04071723897895954], [-0.9571997251631963, -0.1440446254506869, -0.25103751119359236]], "T": [0.029911503304479697, -0.047096854876526706, -0.144247235077988], "aligned_model": [[-0.6566188791715089, 0.26642956576090754, -0.4510561917085516, 0.37101483409750213, 0.46652678807481207, -0.6593552251863961, 0.18089492776319835, 0.7904112486790027, 0.19848320299275685, -0.4441824526766175, -0.07206572123433025, -0.4262843315426498, -0.06821448656419422], [0.5345795595101199, 0.5958130467792928, 0.43072047229069005, -0.3051708694667669, -0.20189365016915936, -0.03085450809509548, 0.3490903278745073, -0.053342090043526746, -0.6174013393807511, -0.6832982901281178, -0.6233074962550582, 0.1542810979968991, -0.09038366734101674], [0.08206493390303962, -0.34375463872600365, -0.4060540684307339, 0.401419268256349, -0.5121510193319058, -0.29233207679333983, 0.3723969022608937, 0.007739694596292035, -0.18071966337356282, -0.06405845177035839, 0.438304711636448, 0.6113155915310946, -0.0010508341695685264]], "inverted": false, "swapped": true, "error_lsq": 0.0632953637081092, "error_max": 0.38668264228388755, "target": "143.xyz", "model": "2.xyz", "model_rescale": 3.932901565614263, "target_rescale": 4.133561196893893},
{"mapping": [8, 12, 10, 6, 9, 5, 7, 11, 0, 1, 3, 2, 4, 13], "R": [[-0.6290275728804801, -0.48600605909432903, 0.6067309313688333], [0.7222344453822646, -0.6540830362631757, 0.2248394706810129], [0.28757906470997696, 0.5796322042436435, 0.7624465813053333]], "T": [-0.038460882811214535, 0.06070671276263548, -0.13323404347743134], "aligned_model": [[-0.22872452640902807, -0.3475734632458909, 0.24129385155103775, -0.06420804869428584, -0.6829899403213839, -0.614755364588917, -0.6232007074913295, 0.3409989530416345, 0.25176281058024197, 0.6662956401110063, 0.15776874208166278, 0.2468690831224463, -0.31563828790837306, -0.08160536247178543], [0.48641456393210103, -0.5939037795519291, -0.5258166903426275, -0.564405232603608, -0.008011422670628585, -0.32448652949251877, 0.4401728676662069, 0.04466118425603842, 0.3978890606331471, -0.07064824835578379, 0.5219505286325012, -0.2140022637532353, 0.08043716602508062, -0.0458349265092146], [-0.7001196553158948, -0.3762655766747397, -0.4346855760875001, 0.1411095365297902, -0.4791430651528908, 0.05731915656968975, 0.021126968643212035, -0.9416036819207001, 0.36779350189483456, 0.053401265347863325, -0.23036053171532145, 0.5997882221736186, 0.6950230421279013, -0.14779291824257834]], "inverted": true, "swapped": false, "error_lsq": 0.05024857779164004, "error_max": 0.3363898546717228, "target": "143.xyz", "model": "3.xyz", "model_rescale": 3.9243930471874484, "target_rescale": 4.133561196893893},
{"mapping": [4, 6, 1, 2, 3, 0, 7, 5, 11, 8, 9, 10, 13], "R": [[-0.053996931643617685, 0.981269356206931, -0.1849183115386625], [-0.0732646416077406, -0.1885826556644156, -0.9793206187314989], [-0.9958496993337718, -0.039332334685241443, 0.08207523247024248]], "T": [0.03210028760719191, 0.09721928732367674, -0.04994556729552218], "aligned_model": [[-0.24132444840503958, -0.2927449790250234, 0.5908373031080434, 0.5367386728779056, 0.6241523770041688, -0.6887433993925125, -0.15768884791596893, 0.3887346515437726, 0.27238724064228315, -0.5419823669612645, 0.2896804819973965, -0.5592112347606373, 0.056370435598228325], [-0.5361038765959549, 0.14289522129013113, -0.31938475973478603, -0.5001667836702917, 0.14171614753938183, -0.48366922669480455, -0.4788392770185, 0.16663782883382874, 0.589593932442263, 0.5197162637526949, 0.0867982462488194, -0.15043467327132434, -0.050929489439869746], [-0.6361908985079218, -0.6322433473763472, -0.49270830699590346, 0.1063156517452388, -6.356774841372731e-05, -0.11192562972936207, 0.30980180470981306, -0.6404526448992486, 0.1731632362998511, -0.018282493256784556, 0.5845191338971018, 0.29239978332898037, -0.14726240609603947]], "inverted": true, "swapped": true, "error_lsq": 0.046486549427499746, "error_max": 0.32170047817445946, "target": "143.xyz", "model": "4.xyz", "model_rescale": 3.8936222436046832, "target_rescale": 4.133561196893893},
{"mapping": [0, 4, 7, 10, 2, 1, 5, 3, 8, 6, 9, 13], "R": [[-0.27931854512112214, -0.7464259030084549, -0.6040111933312433], [-0.8450098196900583, 0.48982352884299013, -0.21454909745598055], [0.4560038979864043, 0.45046784780915644, -0.7675540131556814]], "T": [0.08155130627216435, 0.08245247032677509, 0.08965820852238837], "aligned_model": [[0.06489465857055106, -0.3807944222008486, -0.1443314126015393, 0.3415756597545412, -0.6334673684928706, -0.6846644080934793, -0.2345142256901772, -0.23067510399901836, 0.7554567709116479, 0.16248274061066614, 0.08135445971361574, -0.06976930626799198], [-0.4797367921818277, -0.6577778903202613, 0.16101523860298667, -0.02123111672516538, 0.3864649870553674, -0.03243172663405895, -0.17837737145796018, 0.46565510809690025, -0.14107172840096255, -0.5617212412483212, 0.7368659325598832, -0.008730494236772676], [-0.6482810871873655, -0.15083783121212582, -0.5737319074232333, -0.5810274027364773, -0.08998663747089211, 0.37514013182242356, 0.6489219971640737, 0.42232060216253064, 0.01919192624657237, 0.24831436231289664, -0.11219469187325581, 0.06145525747037091]], "inverted": true, "swapped": true, "error_lsq": 0.051770864859264236, "error_max": 0.2988822093428205, "target": "143.xyz", "model": "5.xyz", "model_rescale": 3.6523030999806103, "target_rescale": 4.133561196893893},
{"mapping": [9, 11, 12, 3, 5, 7, 8, 2, 10, 4, 6, 1, 13], "R": [[0.32757915041907903, 0.9135729062206919, -0.24099055008483936], [0.6541668219136393, -0.403343692369694, -0.6398278166295921], [-0.6817313762165591, 0.05194623032579698, -0.7297560687221558]], "T": [-0.01084435204865937, -0.017676896697724483, 0.11035932594059318], "aligned_model": [[-0.015747454227114252, 0.1453675835184085, 0.34516705268462883, 0.5185349126019444, 0.5467401466707447, -0.3463653665411708, -0.5362260339681493, 0.37169549799209073, -0.6974139826732171, -0.06455908513238164, -0.08657331935590123, 0.6576143080715112, 0.04284864502290071], [-0.5416459803454959, 0.07601472220667976, 0.6076100631508308, -0.20805869423850043, 0.3225486770158359, -0.5830187931538562, 0.4167290844932841, -0.6741776066664079, -0.23043257203521558, 0.05658796871945182, 0.5145188343607549, -0.16054627402375343, -0.05530252532042451], [0.551306001479674, 0.6731806660919444, 0.3997915114556153, 0.3065893601614754, -0.12213088444481059, -0.1447793542406839, 0.32093632239209424, -0.13175153136193168, 0.002938170234139628, -0.7902750958994677, -0.28677323409173344, -0.35282118845535526, -0.05610100383917123]], "inverted": true, "swapped": true, "error_lsq": 0.059721053608404254, "error_max": 0.3161720190660198, "target": "143.xyz", "model": "6.xyz", "model_rescale": 4.08911054899281, "target_rescale": 4.133561196893893},
{"mapping": [6, 9, 1, 11, 3, 8, 4, 2, 5, 13, 7, 12, 10, 14], "R": [[0.9367787237588698, 0.2076553192013103, 0.2816467488186313], [0.06706812870925077, 0.6834114318643895, -0.7269461334297779], [-0.3434348392696097, 0.6998771915161025, 0.6262782352687905]], "T": [-0.0731788266016219, -0.026021407740730862, -0.10322293294390358], "aligned_model": [[-0.14404194068594156, -0.4792868278404737, 0.1635220740417912, 0.05677085003495838, -0.7105934759525602, -0.6946475721605384, -0.601026379925436, 0.39932166504274313, -0.07937177689376357, 0.6432031893876471, 0.386496608391894, 0.37333106359568546, -0.24879368154538706, -0.11859041613358293], [0.2751534486796822, -0.6624378426754927, -0.5520940601925977, -0.5086213236540644, 0.07378391863059863, -0.19164491798779987, 0.42758430622709526, 0.08808148252585712, 0.5844194864702521, -0.17269350332964567, 0.5836986875952244, -0.017365952020615416, -0.12097594111174959, -0.18247151129121453], [-0.4949053187820871, -0.3144283319811994, -0.5561758077910002, 0.2045780833956274, -0.5616909229786564, 0.12370089663741127, 0.008438637921174691, -0.7465450599688481, 0.3526551117400918, -0.06889181157668936, -0.23061549294835035, 0.45225516658249787, 0.5891772099051253, -0.13196167197781297]], "inverted": false, "swapped": false, "error_lsq": 0.04394597492171952, "error_max": 0.37869395704984743, "target": "143.xyz", "model": "7.xyz", "model_rescale": 3.964800864290218, "target_rescale": 4.133561196893893},
{"mapping": [0, 5, 8, 9, 3, 10, 6, 1, 4, 7, 2, 12, 11, 13], "R": [[0.9774976401001236, -0.14934743746355367, -0.14897552323036048], [-0.02666371259541047, 0.6130840435662517, -0.7895676044235124], [0.20925441459935581, 0.7757727105586564, 0.5953060486196631]], "T": [-0.08576203773132626, 0.03365517495036516, -0.13058489628034906], "aligned_model": [[-0.2034064752048373, -0.4163102121885154, 0.17717942751032387, -0.04056750902217117, -0.6851759165802613, -0.6247831788987741, -0.4877107445076394, 0.3347480861967772, -0.0038372443219634456, 0.6121481386343187, 0.30754637004895236, 0.41196904131009027, -0.35244234306496836, -0.0830640605542963], [0.5191428611379993, -0.6104864685666402, -0.6852297004627639, -0.49114055631434306, 0.1866354097974371, -0.562903668455828, 0.39944326148508524, -0.03973464157221615, 0.5486565551896853, -0.0839460823942326, 0.5585034046692184, -0.11463231420350486, 0.044457248153771195, -0.04434903059813754], [-0.6440251220266981, -0.5487836174866815, -0.2021663405665949, 0.31258958607362386, -0.5090855505622356, 0.038848774327471, 0.07225034732553018, -0.747759961944175, 0.341808267927465, -0.20768544723789428, -0.22251726209576816, 0.41800377549959, 0.6542069579430139, -0.13009371899936178]], "inverted": false, "swapped": false, "error_lsq": 0.05174517655705341, "error_max": 0.31600402516975196, "target": "143.xyz", "model": "8.xyz", "model_rescale": 4.121658175737393, "target_rescale": 4.133561196893893},
{"mapping": [3, 5, 1, 2, 12, 11, 6, 10, 4, 8, 9, 7, 13], "R": [[0.3532418688045207, -0.2615034963011797, 0.8982405599535956], [-0.7017353392540338, 0.5609078812644246, 0.439260585959497], [-0.618698388365055, -0.7854923743472711, 0.014629903512005223]], "T": [-0.09226031731063702, -0.03175474559818971, 0.05670461599500224], "aligned_model": [[-0.4052736944996177, -0.15113440876114959, 0.13616695416239236, 0.15445895008405133, -0.6254559664439912, -0.6797418133761503, 0.1680609530487628, 0.2893496946690305, 0.7277812064183432, -0.20887498267823595, -0.36702008898855143, 0.38849533477616793, 0.049925358024145244], [0.2824506701597805, -0.30547523930945053, 0.13781668047818402, 0.6249739809210342, -0.5189711618940094, 0.010545333860996223, -0.6336743618112514, 0.0324384745854044, -0.2814110090807108, -0.50500019650022, 0.5561598517471843, 0.40756704195849075, -0.017032625703722507], [-0.341153956133725, -0.5775796616158181, -0.7184413968884341, -0.32248474190288956, -0.2258222958310034, 0.11169865435075274, -0.0721637459116691, 0.6718754613842343, -0.23440799804476434, 0.5777774541350721, 0.2754855699063339, 0.3271707453789559, -0.05087865486795604]], "inverted": true, "swapped": true, "error_lsq": 0.046182827006009175, "error_max": 0.28984680680232167, "target": "143.xyz", "model": "9.xyz", "model_rescale": 3.833441315466971, "target_rescale": 4.133561196893893},
{"mapping": [1, 7, 3, 9, 6, 7, 12, 5, 10, 2, 0, 8, 11, 14], "R": [[-0.5068210784374589, -0.36253248272121813, 0.7821141818324743], [0.4904711722332968, -0.8673780074496187, -0.08422245188086717], [0.7089220152171795, 0.3409187456927514, 0.6174171889214735]], "T": [-0.0871873248196724, 0.0497606523915209, -0.17465831621686506], "aligned_model": [[-0.20650728642575894, -0.40406725915767794, 0.013469092703842903, 0.2645686295983553, -0.58426089004266, -0.40406725915767794, -0.5586135795641319, 0.3489307392060294, 0.05556506313845652, 0.5321518686015126, 0.2096787583390451, 0.20379890464360317, -0.46644270461052983, -0.05791069791537265], [0.6230874044958686, -0.4750423733520039, -0.7798994521712809, -0.5916915139844494, 0.0723079500896911, -0.4750423733520039, 0.42098776518013087, 0.12906998765593047, 0.5178028117524117, -0.3082819505953089, 0.6589775562948658, -0.11716918811865439, -0.011079564574109017, -0.03961078145555823], [-0.6248450719056869, 0.08626862406757263, -0.4109933459010076, 0.17565153707840175, -0.6368693699227818, 0.08626862406757263, -0.12018103307042668, -0.6854873140599806, 0.4858811877591776, -0.24447746019934308, -0.24209906333676595, 0.5289188330615444, 0.3890800148755293, -0.16152547433652115]], "inverted": false, "swapped": false, "error_lsq": 0.057253548166366776, "error_max": 0.39465818535664554, "target": "143.xyz", "model": "10.xyz", "model_rescale": 4.2482417240324, "target_rescale": 4.133561196893893},
{"mapping": [10, 8, 12, 11, 4, 1, 6, 3, 9, 2, 7, 13], "R": [[-0.09979985320446036, 0.6668712040919982, -0.73845973922297], [0.5198626874435972, 0.6677589815985386, 0.532767049186043], [0.8484001270062901, -0.3307275913004105, -0.41332370467750784]], "T": [0.011573635334329334, -0.0316736898623775, -0.014304545210034669], "aligned_model": [[-0.6047728512057434, -0.18968387672912862, 0.5523071107791312, 0.5034779715889406, -0.5965125602006961, 0.199016755979631, -0.22679230549879054, 0.5105737631270224, 0.21834937464365223, 0.05412638007695083, -0.4834121428586293, -0.059912017339333414], [-0.3457009594871454, -0.6407422936775519, -0.17355125426990542, -0.353904967097213, 0.5513528458540721, 0.770890674366949, 0.05656016404610998, 0.22585428733169255, -0.20574072750656225, 0.5666074517470994, 0.08307186332216249, 0.13143430542093207], [-0.2372081616887382, 0.2981182281440723, 0.5232612253892415, -0.07868837191999185, 0.3171379717353356, 0.0360972997483012, 0.6038199634120691, -0.21348304413099284, -0.64354700383587, -0.5398485736145816, -0.5032872592096491, 0.0028200158251607786]], "inverted": true, "swapped": true, "error_lsq": 0.05029428879637787, "error_max": 0.2593990372455768, "target": "143.xyz", "model": "11.xyz", "model_rescale": 3.6694154284099745, "target_rescale": 4.133561196893893},
{"mapping": [7, 0, 12, 1, 5, 0, 6, 10, 11, 2, 9, 3, 4, 13], "R": [[-0.0027786719370343493, 0.9725099571842504, 0.2328447168388283], [0.37166568467338923, -0.2151616134674188, 0.9030891976578825], [0.9283624819102327, 0.0890497797166554, -0.3608507155513039]], "T": [-0.03857423580297918, 0.04334039970111066, -0.13789844267348977], "aligned_model": [[-0.1430330661099456, -0.5606320293756762, 0.04243154026124822, 0.14470399718886817, -0.6495763957667864, -0.5606320293756762, -0.550159068003897, 0.3931215486968501, -0.08354868366044099, 0.5246433606713786, 0.35450195783912886, 0.36251751354275336, -0.22980778519438722, -0.09823748135638144], [0.48116659612988155, -0.41827622327996783, -0.44563749377077405, -0.7067695023832107, -0.033677941807371936, -0.41827622327996783, 0.26919977923570815, 0.11231406796116909, 0.6504055598952477, -0.27903473322782296, 0.7311535757087139, -0.19866538708706577, -0.07049793291125565, -0.048987863317753635], [-0.729136037013667, 0.020542770345757355, -0.6027717417631657, 0.20882582559742013, -0.6529861323609125, 0.020542770345757355, -0.05349859911987037, -0.5987782209674292, 0.2798070028565602, -0.06596940762493006, -0.26862872911184615, 0.5844640067735567, 0.5678984214209126, -0.08472124120085926]], "inverted": false, "swapped": false, "error_lsq": 0.04730292170706925, "error_max": 0.385689679573509, "target": "143.xyz", "model": "12.xyz", "model_rescale": 3.9764082729961374, "target_rescale": 4.133561196893893},
{"mapping": [5, 2, 7, 8, 9, 1, 12, 4, 13, 3, 6, 11, 10, 15], "R": [[0.10914182193006994, -0.9199157918458248, -0.37662049681138493], [-0.953280581577847, 0.010501340097905487, -0.30190371750402517], [0.281681017273772, 0.3919753280103451, -0.8757917256624406]], "T": [-0.0769387202153835, 0.039500995316854776, -0.13751253582205036], "aligned_model": [[-0.3075395443376128, -0.36186453381852457, 0.19746700946906437, 0.018355886193761065, -0.5878155768553004, -0.6005680326096936, -0.5584676692176106, 0.25205748326769695, 0.009718866679488736, 0.6119178918627103, 0.3614855704842645, 0.26822612967767373, -0.37767022812719375, 0.020990126688312086], [0.5297737838933408, -0.697006561445804, -0.5169701204702117, -0.5383428790228564, 0.09687841276166986, -0.2444646443062646, 0.35084271887748075, 0.07683773312585851, 0.5202405827835485, -0.40649633369245575, 0.6451287526768842, -0.06370102846627287, -0.14845777891899, 0.020153640069602827], [-0.7772622982528802, -0.2499109943533247, -0.5688767574886522, 0.25830084384815144, -0.44930059818926715, 0.08271107094137167, 0.1425048518369617, -0.7748752174113707, 0.23108000054135713, 0.049587431645779556, -0.2945410890816524, 0.5701280985643453, 0.5838604317163189, -0.17781508613985403]], "inverted": true, "swapped": false, "error_lsq": 0.03973962603557907, "error_max": 0.19425620047608186, "target": "143.xyz", "model": "13.xyz", "model_rescale": 4.170626492500431, "target_rescale": 4.133561196893893},
{"mapping": [9, 5, 6, 4, 11, 12, 10, 3, 7, 2, 1, 4, 8, 13], "R": [[0.16351467182844945, 0.37053779647805274, 0.9143110485376539], [-0.3448712607075388, 0.8897811680494738, -0.29892020092745025], [-0.9242979853028069, -0.2664417654304661, 0.2732801127039236]], "T": [0.02452256947083066, 0.03452723298372766, -0.09335375510138968], "aligned_model": [[-0.3514493917573226, -0.49576547759685774, 0.06996360154776832, 0.10585012640349477, -0.3938421704565379, -0.5743677264879864, -0.45944131991254095, 0.3131075870683662, -0.02614599329738866, 0.6217634930838667, 0.2846804663965102, 0.10585012640349477, -0.2268745950690707, -0.027035346968760303], [0.5876498347374932, -0.6781519777542369, -0.6367487376840615, -0.4568657033921453, -0.078549476272527, -0.27667313120305953, 0.30431420296418893, 0.06021306908653405, 0.6990805239892922, -0.24080090994146114, 0.725756968680048, -0.4568657033921453, 0.09518472986504657, -0.023127411817436758], [-0.5505264907968597, -0.3138271526273271, -0.598143761775341, 0.41160361058038974, -0.651783923824774, 0.18982616636647218, 0.01305230476603847, -0.7190793577994202, 0.3684161259535407, -0.07262068703226451, -0.30627108894659094, 0.41160361058038974, 0.6028333077907, -0.1594919750576686]], "inverted": true, "swapped": false, "error_lsq": 0.05355804811465018, "error_max": 0.37529250511985934, "target": "143.xyz", "model": "14.xyz", "model_rescale": 3.9786697098870705, "target_rescale": 4.133561196893893},
{"mapping": [6, 4, 12, 8, 5, 3, 7, 2, 11, 10, 1, 13], "R": [[0.4710991130870179, 0.07555237643172757, 0.8788387019607999], [-0.1729353954755984, -0.9690785461555957, 0.17601170521489576], [0.864961834210229, -0.2349012767025235, -0.44346636350821583]], "T": [0.1545434272103414, -0.07132853332622116, 0.04478488245025615], "aligned_model": [[-0.07379975529905985, -0.6870268817266553, 0.6058309166810318, 0.4860999299611489, 0.022070787464404884, 0.2823459791859927, -0.24704738647540428, -0.2687989481345845, 0.7189106682750585, -0.001046592039455646, -0.3378339963443472, -0.016350124780793646], [-0.25793621446273174, -0.19130761549500477, 0.1934983828357086, -0.6474192199271971, 0.40721626093139063, 0.4931731380906391, -0.3237952415254771, 0.3989034264363276, 0.10124443710505579, -0.7185909664558973, 0.5820845473939742, -0.02239644470234832], [-0.5549804109991504, -0.26651455466213525, -0.5276705296057602, -0.2145738380911597, -0.4391071424412717, 0.18619998660565273, 0.5665769260783629, 0.5301823726966904, 0.08548299402592945, 0.336375740239836, -0.06657330943820183, 0.024568259465036955]], "inverted": false, "swapped": true, "error_lsq": 0.056741366489941075, "error_max": 0.28872813818988624, "target": "143.xyz", "model": "15.xyz", "model_rescale": 3.769337070930944, "target_rescale": 4.133561196893893},
{"mapping": [6, 4, 12, 5, 8, 10, 11, 7, 3, 1, 13], "R": [[0.9480663318052267, 0.2909816725348317, 0.12845192387120652], [-0.013085097453655964, -0.36782238249475296, 0.9298039982493689], [0.3178034152145168, -0.8831966718600768, -0.3449124933853133]], "T": [0.1445538319389674, 0.06087462453934271, 0.009548013125143015], "aligned_model": [[-0.3259046383851416, -0.5103013054442558, -0.10282788819667968, -0.471233782407542, 0.40104899397184945, 0.530657921978885, 0.42795562699240974, 0.38040491892827943, 0.0781463328105654, -0.49573885912632787, 0.0104188095691293], [-0.013167541586065964, -0.5559243578838488, 0.7457194561540468, 0.37029343920421437, 0.10708565591057174, -0.4974315589605231, 0.5793044290309189, -0.5615051446889352, 0.40815372436291425, 0.05412581632948825, -0.040589420247439514], [-0.4593528593627176, -0.0917765589853931, -0.2574514880395145, 0.08551658093289033, -0.6546446637834055, -0.25006704209667047, 0.038909715589638835, 0.2425699966388437, 0.4891114936910019, 0.530858430764562, 0.0705440018745412]], "inverted": false, "swapped": true, "error_lsq": 0.04719703322098909, "error_max": 0.2703240978081109, "target": "143.xyz", "model": "16.xyz", "model_rescale": 3.7852294659196426, "target_rescale": 4.133561196893893},
{"mapping": [7, 3, 5, 2, 9, 11, 8, 12, 4, 0, 10, 6, 13], "R": [[0.8298103035616531, -0.1875711120620936, 0.5255777183468751], [-0.10746242785004853, -0.9779018335590459, -0.1793316216466847], [0.547600846149356, 0.09233136975939471, -0.8316298644558549]], "T": [-0.09893537577558945, 0.06742262394069753, 0.05423417468463065], "aligned_model": [[-0.005016757926455978, -0.3547115182449718, 0.2054333858877799, -0.06204281167514514, -0.6695422649322634, -0.6163286507228126, -0.16452353672643383, -0.20936080325660014, 0.787133571491935, 0.4979424784139216, -0.037979310830928176, 0.4340874519535929, 0.048674616784664865], [0.07724866216406434, -0.4547392911485878, -0.31257772287738605, -0.596510402260956, -0.09058189524846985, 0.05653375610386767, 0.7555168967943183, 0.07102155583952083, 0.009478156333614512, 0.509226051759136, 0.5654468913557251, 0.30714484558935157, -0.022151880701324567], [-0.6445964910517012, 0.18430861637465618, 0.5478585313442095, -0.3859697118442798, -0.2899227105601197, 0.34082409215019693, 0.2311567691567431, 0.8218878499338562, -0.12202462353781429, -0.5020348009838248, -0.471539851860758, 0.37842758061932896, 0.007379447402681212]], "inverted": true, "swapped": true, "error_lsq": 0.0496696071726873, "error_max": 0.3056590307571056, "target": "143.xyz", "model": "17.xyz", "model_rescale": 3.901054581598922, "target_rescale": 4.133561196893893},
{"mapping": [5, 3, 0, 7, 13, 12, 9, 8, 10, 1, 8, 6, 11, 14], "R": [[0.18147944232030516, 0.9181039282147879, 0.3523498105742179], [0.6395945819294485, 0.16196641446391485, -0.7514556882160105], [-0.7469832546862115, 0.3617347890129998, -0.5578207235627908]], "T": [-0.027226164718395722, 0.015570335685033371, -0.12330590806965866], "aligned_model": [[-0.2775933963226132, -0.3946744284995209, 0.22447429727531765, 0.041465275143642226, -0.6659994373741153, -0.5849385403908169, -0.5525010959357705, 0.3586910087232252, 0.0029992073830629254, 0.5847094491520568, 0.3586910087232252, 0.2642989475576625, -0.33847777028364756, -0.07485114579467234], [0.45712399548103516, -0.5707069205300452, -0.6045819930107219, -0.5728035559446556, 0.02149839399111377, -0.3936824363325389, 0.3905309266435558, 0.3198119241296949, 0.7096665435507838, -0.3101843339972426, 0.3198119241296949, -0.17944466261754385, 0.027253242232709658, 0.01012323013968993], [-0.48721889472336044, -0.4468281512028487, -0.4804648154832476, 0.17464488238987255, -0.46890070340951995, 0.14769995661774696, 0.009661844400299019, -0.569314028223734, 0.3123208005199025, -0.05186188037650441, -0.569314028223734, 0.5405525140503129, 0.6113483893072281, -0.09673519746512885]], "inverted": true, "swapped": false, "error_lsq": 0.0438005350435306, "error_max": 0.30342206320803977, "target": "143.xyz", "model": "18.xyz", "model_rescale": 3.9405287249114394, "target_rescale": 4.133561196893893},
{"mapping": [5, 4, 0, 12, 9, 13, 11, 6, 10, 1, 2, 3, 14, 15], "R": [[0.07394311956029681, -0.9151852838012812, -0.39619226567824345], [0.9692316029594256, 0.15948022945364598, -0.1874997499681399], [0.23478184532538754, -0.37013774831403057, 0.8988189652975871]], "T": [-0.1424831905667669, -0.1525426429982759, -0.13243259738397528], "aligned_model": [[-0.16063701466156993, -0.20835508768458866, 0.23722937186074328, -0.03728632113072125, -0.7502682270744832, -0.7449481867340824, -0.5594784439070728, 0.3485199785954498, 0.01966644422508107, 0.5146847686596283, 0.335442325596984, 0.41201714175182264, -0.3346427306085122, -0.1256506395316434], [0.4772196744946685, -0.8501971687031807, -0.5252794948930652, -0.53926259787005, 0.1482353776186272, -0.19917197905380102, 0.4078242491255667, 0.07883880332439006, 0.48362627419772486, -0.21245041211274052, 0.5623974476377669, -0.09802664253512419, 0.007257368564758865, -0.11659462193001141], [-0.6749567949047109, -0.3412485080556523, -0.5678173319926282, 0.2410916419556174, -0.4917928326182407, 0.16115125568717786, 0.04453380282503602, -0.645912849937577, 0.2998874711729498, -0.12463794887481658, -0.2580238025457447, 0.5117614588025439, 0.6005596464710223, -0.12900451980769226]], "inverted": false, "swapped": false, "error_lsq": 0.043970854542918394, "error_max": 0.31934949273798396, "target": "143.xyz", "model": "19.xyz", "model_rescale": 4.410303926677745, "target_rescale": 4.133561196893893},
{"mapping": [0, 5, 8, 9, 3, 10, 6, 1, 4, 7, 2, 12, 11, 13], "R": [[0.9774976401001236, -0.14934743746355367, -0.14897552323036048], [-0.02666371259541047, 0.6130840435662517, -0.7895676044235124], [0.20925441459935581, 0.7757727105586564, 0.5953060486196631]], "T": [-0.08576203773132626, 0.03365517495036516, -0.13058489628034906], "aligned_model": [[-0.2034064752048373, -0.4163102121885154, 0.17717942751032387, -0.04056750902217117, -0.6851759165802613, -0.6247831788987741, -0.4877107445076394, 0.3347480861967772, -0.0038372443219634456, 0.6121481386343187, 0.30754637004895236, 0.41196904131009027, -0.35244234306496836, -0.0830640605542963], [0.5191428611379993, -0.6104864685666402, -0.6852297004627639, -0.49114055631434306, 0.1866354097974371, -0.562903668455828, 0.39944326148508524, -0.03973464157221615, 0.5486565551896853, -0.0839460823942326, 0.5585034046692184, -0.11463231420350486, 0.044457248153771195, -0.04434903059813754], [-0.6440251220266981, -0.5487836174866815, -0.2021663405665949, 0.31258958607362386, -0.5090855505622356, 0.038848774327471, 0.07225034732553018, -0.747759961944175, 0.341808267927465, -0.20768544723789428, -0.22251726209576816, 0.41800377549959, 0.6542069579430139, -0.13009371899936178]], "inverted": false, "swapped": false, "error_lsq": 0.05174517655705341, "error_max": 0.31600402516975196, "target": "143.xyz", "model": "20.xyz", "model_rescale": 4.121658175737393, "target_rescale": 4.133561196893893},
{"mapping": [9, 11, 12, 3, 5, 7, 8, 2, 10, 4, 6, 1, 13], "R": [[0.32757915041907903, 0.9135729062206919, -0.24099055008483936], [0.6541668219136393, -0.403343692369694, -0.6398278166295921], [-0.6817313762165591, 0.05194623032579698, -0.7297560687221558]], "T": [-0.01084435204865937, -0.017676896697724483, 0.11035932594059318], "aligned_model": [[-0.015747454227114252, 0.1453675835184085, 0.34516705268462883, 0.5185349126019444, 0.5467401466707447, -0.3463653665411708, -0.5362260339681493, 0.37169549799209073, -0.6974139826732171, -0.06455908513238164, -0.08657331935590123, 0.6576143080715112, 0.04284864502290071], [-0.5416459803454959, 0.07601472220667976, 0.6076100631508308, -0.20805869423850043, 0.3225486770158359, -0.5830187931538562, 0.4167290844932841, -0.6741776066664079, -0.23043257203521558, 0.05658796871945182, 0.5145188343607549, -0.16054627402375343, -0.05530252532042451], [0.551306001479674, 0.6731806660919444, 0.3997915114556153, 0.3065893601614754, -0.12213088444481059, -0.1447793542406839, 0.32093632239209424, -0.13175153136193168, 0.002938170234139628, -0.7902750958994677, -0.28677323409173344, -0.35282118845535526, -0.05610100383917123]], "inverted": true, "swapped": true, "error_lsq": 0.059721053608404254, "error_max": 0.3161720190660198, "target": "143.xyz", "model": "21.xyz", "model_rescale": 4.08911054899281, "target_rescale": 4.133561196893893},
{"mapping": [0, 10, 12, 9, 6, 5, 8, 13, 1, 14, 4, 15, 11, 16], "R": [[-0.5590160973611911, 0.487842922995649, -0.6704552821584188], [0.5708955779779669, 0.8128637567659098, 0.11545887571605451], [0.6013145948139517, -0.3182165857077117, -0.7329112924796972]], "T": [-0.01440803707418159, 0.004977802285963725, -0.10907609052837051], "aligned_model": [[-0.18381450318715886, -0.4622209009634157, 0.25922076107194786, -0.02248879058131517, -0.6585781227051869, -0.499832839382251, -0.6115754497674528, 0.33741516126414073, -0.17096671083201032, 0.5127309010891209, 0.39931871987429574, 0.34504640391822483, -0.29398053635499793, -0.003980714086905274], [0.5950335929316275, -0.5856611151843585, -0.5718208981062259, -0.6809404484198153, 0.17191135014734765, -0.4378159318868133, 0.22773444707928397, -0.04238748881889956, 0.6810337653113074, -0.341407389748924, 0.4660226776128958, 0.06279446890417657, 0.05170524907280123, 0.028213998971125906], [-0.58153244972349, -0.4280505680649678, -0.47975121254908415, 0.08327376347209338, -0.4448471731545004, 0.14787823270762357, 0.1639304597185422, -0.6664870092748401, 0.2761979649115259, 0.009095075828248075, -0.4293259607663276, 0.522554146086509, 0.6019434546468017, -0.14928803566084906]], "inverted": true, "swapped": false, "error_lsq": 0.0430911769821848, "error_max": 0.21081160399063956, "target": "143.xyz", "model": "22.xyz", "model_rescale": 4.204369325754507, "target_rescale": 4.133561196893893},
{"mapping": [5, 4, 0, 12, 9, 13, 11, 6, 10, 1, 2, 3, 14, 15], "R": [[0.07394311956029681, -0.9151852838012812, -0.39619226567824345], [0.9692316029594256, 0.15948022945364598, -0.1874997499681399], [0.23478184532538754, -0.37013774831403057, 0.8988189652975871]], "T": [-0.1424831905667669, -0.1525426429982759, -0.13243259738397528], "aligned_model": [[-0.16063701466156993, -0.20835508768458866, 0.23722937186074328, -0.03728632113072125, -0.7502682270744832, -0.7449481867340824, -0.5594784439070728, 0.3485199785954498, 0.01966644422508107, 0.5146847686596283, 0.335442325596984, 0.41201714175182264, -0.3346427306085122, -0.1256506395316434], [0.4772196744946685, -0.8501971687031807, -0.5252794948930652, -0.53926259787005, 0.1482353776186272, -0.19917197905380102, 0.4078242491255667, 0.07883880332439006, 0.48362627419772486, -0.21245041211274052, 0.5623974476377669, -0.09802664253512419, 0.007257368564758865, -0.11659462193001141], [-0.6749567949047109, -0.3412485080556523, -0.5678173319926282, 0.2410916419556174, -0.4917928326182407, 0.16115125568717786, 0.04453380282503602, -0.645912849937577, 0.2998874711729498, -0.12463794887481658, -0.2580238025457447, 0.5117614588025439, 0.6005596464710223, -0.12900451980769226]], "inverted": false, "swapped": false, "error_lsq": 0.043970854542918394, "error_max": 0.31934949273798396, "target": "143.xyz", "model": "23.xyz", "model_rescale": 4.410303926677745, "target_rescale": 4.133561196893893},
{"mapping": [12, 3, 1, 10, 0, 4, 5, 7, 15, 11, 13, 9, 8, 16], "R": [[0.8243113609792375, 0.5100715481342198, 0.24563752959293006], [-0.5636428431716297, 0.6987268366056206, 0.4405536892916736], [0.05308036832915854, -0.501605246773858, 0.8634666472464226]], "T": [0.008841191471264706, 0.06231330646521986, -0.07885054908818417], "aligned_model": [[-0.33113460870553746, -0.5427200316698574, 0.16085413639556112, 0.047434829222585705, -0.42464478110063997, -0.576884316948644, -0.5165352243651908, 0.2742289424531077, -0.020117575668506568, 0.5939253758987428, 0.3314225864015202, 0.2769511947282837, -0.2761073389448283, -0.05037980833956106], [0.5594314723621724, -0.6162431020838595, -0.643136820245891, -0.502015158228493, -0.014287061852915214, -0.1811767123014762, 0.3995405740611466, 0.0012402108625682723, 0.48819754821651223, -0.17790490902557837, 0.5873838505698709, -0.027929585804885068, -0.21719983173020901, -0.031484196933433725], [-0.6112656307801765, -0.2900196807767567, -0.5431430569634008, 0.24337276064773755, -0.6925345934001439, 0.1885865697610582, -0.0023036673714388334, -0.6852912430596612, 0.4930744401091935, -0.05252199633624098, -0.4171237983817594, 0.48007093929514105, 0.6397476751263667, -0.125058029692634]], "inverted": false, "swapped": false, "error_lsq": 0.040437801896287276, "error_max": 0.27028586199356325, "target": "143.xyz", "model": "24.xyz", "model_rescale": 4.28219845311461, "target_rescale": 4.133561196893893},
{"mapping": [12, 4, 3, 1, 13, 0, 2, 9, 10, 5, 11, 8, 6, 15], "R": [[-0.5370772083294058, -0.7552151090621186, 0.375763504530954], [-0.040410506735873764, 0.46798788241801725, 0.8828104739156928], [-0.8425645751148347, 0.45895259118365633, -0.28186425067284737]], "T": [-0.11901434766829855, -0.003367684250188196, -0.20493664081915575], "aligned_model": [[-0.09008117097793161, -0.532183152790909, 0.146625380074203, 0.15091272750467666, -0.5036881326478544, -0.5691920984618091, -0.7652287905817098, 0.307325535555556, 0.14125647300585487, 0.7080594673154709, 0.2131195661318927, 0.2599648718198402, -0.3571766803412667, -0.163420616248978], [0.6546749413273975, -0.5942524795857281, -0.6888130481770205, -0.5129622259721569, 0.20459966408262567, -0.43919071712336144, 0.12417242360345028, 0.00883973149469074, 0.5108432586090196, -0.1106083121282639, 0.4278216302800614, -0.029801384380924893, 0.1133831869269301, -0.04429039109118926], [-0.5929607050762398, -0.32657245026910053, -0.44916099049773794, 0.07314639710730747, -0.6070462255270124, 0.3175118721881368, -0.018066528049052344, -0.7293019398735185, 0.34054573742722294, -0.03251554809946844, -0.22042565587160542, 0.3761159106960952, 0.6563676447478998, -0.16204683072564202]], "inverted": false, "swapped": false, "error_lsq": 0.042790936667304054, "error_max": 0.25367990546940894, "target": "143.xyz", "model": "25.xyz", "model_rescale": 4.100010024507729, "target_rescale": 4.133561196893893},
{"mapping": [10, 8, 12, 11, 4, 1, 6, 3, 9, 2, 7, 13], "R": [[-0.09979985320446036, 0.6668712040919982, -0.73845973922297], [0.5198626874435972, 0.6677589815985386, 0.532767049186043], [0.8484001270062901, -0.3307275913004105, -0.41332370467750784]], "T": [0.011573635334329334, -0.0316736898623775, -0.014304545210034669], "aligned_model": [[-0.6047728512057434, -0.18968387672912862, 0.5523071107791312, 0.5034779715889406, -0.5965125602006961, 0.199016755979631, -0.22679230549879054, 0.5105737631270224, 0.21834937464365223, 0.05412638007695083, -0.4834121428586293, -0.059912017339333414], [-0.3457009594871454, -0.6407422936775519, -0.17355125426990542, -0.353904967097213, 0.5513528458540721, 0.770890674366949, 0.05656016404610998, 0.22585428733169255, -0.20574072750656225, 0.5666074517470994, 0.08307186332216249, 0.13143430542093207], [-0.2372081616887382, 0.2981182281440723, 0.5232612253892415, -0.07868837191999185, 0.3171379717353356, 0.0360972997483012, 0.6038199634120691, -0.21348304413099284, -0.64354700383587, -0.5398485736145816, -0.5032872592096491, 0.0028200158251607786]], "inverted": true, "swapped": true, "error_lsq": 0.05029428879637787, "error_max": 0.2593990372455768, "target": "143.xyz", "model": "26.xyz", "model_rescale": 3.6694154284099745, "target_rescale": 4.133561196893893},
{"mapping": [1, 8, 4, 10, 5, 8, 7, 0, 3, 2, 6, 11, 9, 13], "R": [[-0.24590472926207255, -0.8616935501149425, 0.443863818999537], [0.6824023206954657, -0.4791129005960491, -0.5520669354271119], [0.6883733992797727, 0.16713782986729012, 0.7058378064337891]], "T": [-0.06389116102494242, -0.013741998103782231, -0.061593663685529], "aligned_model": [[-0.06527455822734536, -0.5292737934627078, 0.050935643782004034, 0.043695951444895034, -0.5018386727230987, -0.5292737934627078, -0.5996205716456386, 0.15833986084683332, -0.2697191345775184, 0.5995020155741658, 0.3216290158241909, 0.5467919522818658, -0.2710599920884774, -0.008540544209425273], [0.6363780403659635, -0.45059379236674324, -0.7265685368683531, -0.5562685869791741, 0.0983908606851025, -0.45059379236674324, 0.31365974067707186, -0.06037979630777717, 0.6552029318435335, -0.10209805231342586, 0.5478401006050909, -0.2087896522761774, -0.04990975553971371, -0.02185343129312469], [-0.6590789567999501, -0.03098798276553416, -0.4543069186434883, 0.17500860487136927, -0.7109061452368813, -0.03098798276553416, -0.017654788441408845, -0.6823767432146437, 0.3421125987560676, -0.18089306489747808, -0.14638854240082527, 0.5086676947887598, 0.5869712939156173, -0.07358837898878534]], "inverted": false, "swapped": false, "error_lsq": 0.0543929939090916, "error_max": 0.3187111919604944, "target": "143.xyz", "model": "27.xyz", "model_rescale": 4.103607728864725, "target_rescale": 4.133561196893893},
