[{"mapping": [11, 10, 5, 2, 8, 12, 4, 13, 0, 1, 3, 14], "R": [[-0.17731459819084056, -0.9833784481498956, 0.03906867009157022], [-0.4373991447501984, 0.04318235681676247, -0.8982300775589431], [0.8816130224992234, -0.17635790816987207, -0.43778575443443934]], "T": [-0.023761431670601407, -0.14343798719447098, -0.057764269037874585], "aligned_model": [[-0.29048278590061627, 0.1477489789431625, 0.502952560949084, -0.28237338644636745, -0.05060173405536554, -0.6023899967351137, 0.3829593385331857, -0.348055302772538, 0.680679701139204, 0.1510908693342468, -0.43825637437281556, -0.01562940615551771], [-0.32693561432732227, -0.7221434329029097, -0.11750931370061835, 0.5484943024959857, 0.2800891457359961, -0.37982092620711205, -0.2789416708625422, -0.5280927914106581, 0.273578587648418, 0.29341504430950655, 0.2010183296382404, -0.18959662443992684], [-0.6606594219927989, 0.09141798555761006, -0.5590227609809555, -0.09793146536127119, -0.7743526124759752, 0.09113769494648587, 0.4229517318024889, 0.6074880682458562, 0.05351960242194631, 0.49918546447188317, 0.5695952950714527, -0.06137783635315959]], "inverted": false, "swapped": true, "error_lsq": 0.04993620816134362, "error_max": 0.24610054490455732, "target": "144.xyz", "model": "0.xyz", "model_rescale": 3.751011558992144, "target_rescale": 4.090083582592307},
{"mapping": [7, 6, 1, 4, 11, 3, 12, 8, 0, 13, 9, 2, 5, 10, 14], "R": [[0.03064487924117748, 0.2516886228405221, -0.9673229701133614], [0.9414777080990999, 0.3177471443402909, 0.1125010107334892], [0.33567933586796783, -0.9141605927823799, -0.2272219049189762]], "T": [0.018218288727257847, 0.01908661037077516, -0.04407052825626053], "aligned_model": [[-0.27106742219070523, 0.23777060714784465, -0.25858004828682857, 0.37856460379384677, 0.506331037976554, -0.6016696052183913, -0.08115693805328676, -0.053534359959934524, -0.7132951089303821, -0.12058953706089699, 0.44895532927525783, -0.5305692147503116, 0.1707595061670435, 0.8262574686213553, 0.03504065912028985], [-0.4752427557771543, -0.3777106262937099, 0.09451565917212032, 0.5056553542848911, -0.6089037666559854, -0.2884584730208309, -0.6703582193170398, 0.6764322047571398, 0.025114885314628434, -0.07333572765777925, -0.11790596037016868, 0.4295300135701228, 0.381567253196177, 0.14563966953335147, -0.025231405100024116], [-0.37818020937867175, -0.6424637749776076, -0.6791915314194348, -0.5529667461372529, -0.1081409528588565, 0.27928826648118416, 0.2143196712410623, -0.10034289347296504, -0.24495937176943836, 0.6628189236624109, 0.43539611166359043, 0.41864600568768967, 0.4411356212868917, -0.10332215356332367, -0.016561733254350203]], "inverted": true, "swapped": false, "error_lsq": 0.049211755090095434, "error_max": 0.38827280624933913, "target": "144.xyz", "model": "1.xyz", "model_rescale": 3.9405287249114394, "target_rescale": 4.090083582592307},
{"mapping": [3, 2, 1, 11, 8, 4, 12, 7, 5, 6, 9, 10, 14], "R": [[0.6887144757039079, -0.7216965149179048, -0.06947309775187951], [-0.5181046233655219, -0.5569174836324584, 0.6491613941630862], [-0.507188298566876, -0.41109251608347397, -0.757471433796019]], "T": [-0.07928387763103224, -0.023141926138523304, 0.0303271043343055], "aligned_model": [[-0.22370345764779415, 0.2895176307273833, -0.48959148554704257, 0.48830445060160016, 0.5988660730392726, -0.721433934428053, 0.08142181829580171, 0.5186776016393516, 0.003057141202078631, -0.5584270589590611, 0.05298685209685276, -0.4499531734158528, -0.09373917832060635], [0.7867584509500971, 0.38628810368376143, 0.38481122722004946, -0.30313491504423173, -0.30471594235799315, -0.036151684721081385, 0.36733833486748935, 0.38918106033367517, -0.6856634416674672, -0.5656951452378813, -0.6502431054265279, -0.2615043217131334, -0.048436027314738964], [-0.05476460213939862, -0.4632479542352944, -0.4133268097795383, 0.2905993488014309, -0.36264007738405263, -0.01809765590193574, 0.5146395552424137, 0.11102345183129139, -0.25888769465483596, -0.07998072725062544, 0.31166947858279836, 0.46891438238283145, 0.06721965409355929]], "inverted": true, "swapped": true, "error_lsq": 0.048236871622157965, "error_max": 0.26687007454611494, "target": "144.xyz", "model": "2.xyz", "model_rescale": 3.932901565614263, "target_rescale": 4.090083582592307},
{"mapping": [12, 3, 13, 7, 10, 6, 4, 9, 8, 5, 1, 2, 0, 14], "R": [[-0.34337269863459996, 0.19240613915851457, 0.9192796459437721], [0.49412177587209705, -0.7953715105477888, 0.35103821845766925], [0.7987107489206576, 0.5747730315725014, 0.17803679882417334]], "T": [-0.04148796001289476, -0.06002664670112976, -0.0036414474564500816], "aligned_model": [[-0.14262482784003389, 0.6137218323993912, 0.16358247027585246, -0.0774092958431623, -0.30150498986924645, -0.12687819883159446, 0.2609828603696469, -0.6873413323769239, -0.2910119408771924, -0.34599611064541425, 0.6777916324828305, 0.36660120348559, 0.3841021025066873, -0.07420549318372742], [0.1531763706668809, 0.16354837861422197, -0.32885747947100574, 0.6278704843649772, -0.5719103078171636, -0.6905936224537887, -0.6277186217644565, -0.2557807334659053, 0.5011635399446771, -0.20676341741033308, -0.17185229762758203, 0.5315813283177392, -0.3699905425847305, -0.09037644096304226], [-0.6012830728429036, -0.4561351716045352, -0.7661128288707185, -0.24774648850870165, -0.2422570810491033, 0.3585792003285995, -0.03693004809604321, 0.18198916821842107, 0.5588510818253586, 0.6406435113899988, 0.03805742029261566, 0.1716499637960224, 0.6330057980951046, -0.018415089917018172]], "inverted": true, "swapped": true, "error_lsq": 0.044654237492461404, "error_max": 0.27081777550139463, "target": "144.xyz", "model": "3.xyz", "model_rescale": 3.9243930471874484, "target_rescale": 4.090083582592307},
{"mapping": [3, 1, 13, 12, 10, 2, 7, 4, 6, 5, 9, 8, 14], "R": [[-0.7349153973099171, 0.007188791062579372, -0.6781206972802598], [0.23210493007538582, 0.9422197413454391, -0.241555915791012], [0.6372022129838435, -0.33491831885101897, -0.694120349411037]], "T": [0.008862844333975828, -0.0525059407231753, -0.042197951330994965], "aligned_model": [[-0.05065615586109379, -0.2184899464316692, 0.6326747252928351, 0.3373454469185454, 0.5835270811837843, -0.624367140241751, -0.22359657842222702, 0.2650092093497326, 0.16826708594504103, -0.24282923184204463, 0.2357991102203011, -0.6352484157907052, 0.049770695990603776], [-0.6017834655744995, -0.03017485004543466, -0.4052661888002982, -0.6024783640664984, 0.1839300027812734, -0.40745315251128644, -0.7100892533339972, 0.2967556985855567, 0.6592252624673178, 0.5304107278490898, 0.2931079496260003, -0.04152329743501332, -0.03683151586062355], [-0.6576554427307637, -0.7345987997401449, -0.4689361029573479, 0.007694116218975047, -0.0214562437666449, -0.18466234620836014, 0.17603788466200568, -0.5189329444491033, -0.10653288459904045, 0.31307554636674917, 0.5225638892515743, 0.48562261878613194, -0.025148975463066884]], "inverted": true, "swapped": true, "error_lsq": 0.05039023504175081, "error_max": 0.3477027355325901, "target": "144.xyz", "model": "4.xyz", "model_rescale": 3.8936222436046832, "target_rescale": 4.090083582592307},
{"mapping": [3, 7, 13, 1, 10, 11, 8, 5, 0, 2, 4, 14], "R": [[-0.07287116150342338, -0.6247450806629804, -0.7774209786264766], [0.2688116426725154, -0.762949485687325, 0.5879186874501868], [-0.9604322436199476, -0.1661374926885943, 0.22353576657506374]], "T": [-0.17405525973446467, 0.03602813830374259, -0.014124388611782626], "aligned_model": [[0.06308560167078167, -0.4681147835818314, -0.3811454026564768, 0.4526478279387791, -0.42099817248366916, -0.6951843531329579, -0.1690553414320999, -0.0350471685120278, 0.5826641880013389, 0.14262707762606008, 0.15912428579706145, -0.2030557170198611], [-0.4268519306128406, -0.6330067257953725, 0.13770351895371613, -0.06997661982582563, 0.570217169156291, -0.10179939015836222, -0.35266029023047546, 0.3433796931654077, 0.27686384532235264, -0.6257514190550255, 0.47796533196010715, 0.07283972222983484], [-0.6571970812856913, -0.015317459637067703, -0.8156618457381251, -0.3713541957558811, -0.21470463710961118, 0.4074467985368578, 0.7224153553615743, 0.6305241777981523, 0.21368709700386762, 0.08087011120589609, -0.34359944680173654, -0.017824154302717013]], "inverted": false, "swapped": true, "error_lsq": 0.04913434294837777, "error_max": 0.25281061622233264, "target": "144.xyz", "model": "5.xyz", "model_rescale": 3.6523030999806103, "target_rescale": 4.090083582592307},
{"mapping": [13, 12, 7, 3, 2, 10, 11, 4, 9, 5, 8, 0, 14], "R": [[0.1725356380170827, -0.07070059374079596, -0.9824626606944091], [-0.7903759439411318, 0.5852975094853293, -0.1809217859447456], [0.5878242261537063, 0.807730308602426, 0.04510463071378068]], "T": [0.07615820672379606, -0.07807865696275648, 0.006292881324350685], "aligned_model": [[0.16235062336062842, -0.02565124134794372, 0.16203569113814686, 0.7259411919071177, 0.6084135732190201, -0.3002856124722979, -0.4300460517423921, 0.25331750570080713, -0.5795815563011747, -0.2007987806634087, -0.009504051554183601, 0.47798746799577896, 0.036904145424196025], [-0.6193209868836693, -0.05548076915263862, 0.4824767824768966, -0.16311758170726032, 0.434450023953703, -0.5702403005580102, 0.37662906606288327, -0.6768507105265725, -0.056778311649319235, 0.06400576989436327, 0.6762800782941567, -0.24752854153663476, -0.10369761450471492], [0.6350329811417745, 0.6403148657958038, 0.46725137549623746, 0.5108587222764154, 0.04210372332467156, 0.057655576837473015, 0.07904149473901513, -0.15168660254515576, -0.2375444108038548, -0.6513292325508294, -0.3360510453927381, -0.695379559874999, 0.009841851037975566]], "inverted": false, "swapped": true, "error_lsq": 0.04377682629496677, "error_max": 0.30407067963883955, "target": "144.xyz", "model": "6.xyz", "model_rescale": 4.08911054899281, "target_rescale": 4.090083582592307},
{"mapping": [11, 9, 1, 0, 8, 12, 10, 2, 13, 5, 4, 7, 6, 3, 14], "R": [[0.7530506569566955, 0.35719515588247996, 0.5525634159724843], [-0.643465853728564, 0.2244921970046448, 0.7318161986246263], [0.13735502590899287, -0.9066503593437325, 0.398896882363627]], "T": [-0.03635485891904007, -0.06341651386769308, 0.0033768203141317232], "aligned_model": [[-0.313420336773824, 0.3465821570967856, -0.16121399085185006, 0.4799412787754955, 0.4505663325808524, -0.6404568984910814, -0.11591352885724805, -0.2489665116007026, -0.7336341067354781, -0.11903066059779645, 0.4681993525533911, -0.3579965234256756, 0.19432957708199972, 0.725168213720618, -0.0009373768240309027], [-0.47890501827776033, -0.29731238113701175, 0.1764445447706564, 0.5832658786841939, -0.5406172624224821, -0.36807988671240716, -0.7440776826278226, 0.6881960336696805, 0.09678526047384974, -0.18945360169935466, -0.15029102543906703, 0.46118449624489466, 0.36640432365839654, 0.13901878862249506, -0.12125436217252275], [-0.30506294145685425, -0.6394367397069831, -0.6784024171060692, -0.44372089212573457, -0.014958177151321937, 0.22752604079678196, 0.226189948028235, -0.19665919349239774, -0.15164435376859592, 0.7502239223979634, 0.48786351427684876, 0.4730888431320543, 0.10912040200459908, -0.07114830571013989, -0.14750441692745758]], "inverted": true, "swapped": false, "error_lsq": 0.04540223568610306, "error_max": 0.31334903956865173, "target": "144.xyz", "model": "7.xyz", "model_rescale": 3.964800864290218, "target_rescale": 4.090083582592307},
{"mapping": [5, 8, 9, 0, 10, 2, 4, 11, 7, 12, 3, 13, 12, 14], "R": [[-0.19184945314812246, 0.6231419585182326, 0.7582136155865498], [0.771269781928725, -0.38202141608806034, 0.5091193977189347], [0.6069074977378217, 0.6824615279883072, -0.40731996268962994]], "T": [-0.03737066870045437, 0.00855450705824848, 0.014023566510875461], "aligned_model": [[-0.035144908114749865, 0.17367465366795665, 0.4062012388152137, -0.7299953798369687, 0.1072930981867573, -0.2653728212032021, -0.4771533680087224, 0.5820828001209962, 0.3003775004499025, 0.3241974135779865, -0.38946803971608246, -0.046394052243954716, 0.3241974135779865, -0.013307659812246318], [-0.13904594151065072, -0.7177522041912775, 0.17096181048208217, -0.08903538517034221, 0.6006008942334463, -0.6407059682744201, 0.47584131110820616, -0.22781674715809608, -0.462002836638089, 0.12863744124256318, -0.049108548667983615, 0.5855313746800258, 0.12863744124256318, 0.046205824803174735], [-0.698415311883368, -0.3345921548960624, -0.5024769632201624, -0.42560292927050386, -0.10895866354897912, 0.28557410316034404, -0.041700098270266196, -0.15538793123200548, 0.45964901113108775, 0.5314289354803583, 0.7601727792956313, 0.6162716701036793, 0.5314289354803583, -0.0005763436050901204]], "inverted": false, "swapped": true, "error_lsq": 0.04693922586781866, "error_max": 0.3500971364506487, "target": "144.xyz", "model": "8.xyz", "model_rescale": 4.121658175737393, "target_rescale": 4.090083582592307},
{"mapping": [10, 4, 6, 9, 13, 12, 1, 2, 0, 3, 11, 8, 14], "R": [[-0.6889065804365369, -0.550584240357554, -0.471449591898363], [-0.6529446916431787, 0.1889415421855576, 0.7334605124282683], [-0.31475538611155185, 0.8131162819095672, -0.48966412877331483]], "T": [-0.04712662306462847, 0.051304500953022907, -0.0038752480024227196], "aligned_model": [[-0.3874887274818188, -0.02578292237003498, 0.22849122425688326, -0.07951786901184735, -0.7281421183467558, -0.6313928935994526, 0.20269373545232164, 0.2832901382227303, 0.6658790586229159, -0.2637001424243824, -0.16464943568484178, 0.4501977686484569, -0.07314031984897718], [0.11672231467899435, -0.36315106403231834, 0.09754549271746621, 0.6652923663747442, -0.41358525601610535, 0.023047347589462995, -0.6334056473903961, -0.15323561125223523, -0.23357478818374516, -0.6407802335238235, 0.6900574900197938, 0.5642754238905419, 0.0711796045393297], [-0.5200586518926604, -0.49646223297063324, -0.6806370778921456, -0.3383519659601861, -0.1295013382590381, 0.2620084924601831, 0.01532644940929518, 0.6256102138544308, -0.3088193770446997, 0.3938066165920762, 0.2117105421005464, 0.42405438375916493, -0.037610620197245065]], "inverted": false, "swapped": true, "error_lsq": 0.04840759318208287, "error_max": 0.2667625173360675, "target": "144.xyz", "model": "9.xyz", "model_rescale": 3.833441315466971, "target_rescale": 4.090083582592307},
{"mapping": [2, 13, 5, 0, 8, 3, 9, 1, 4, 7, 11, 6, 12, 10, 14], "R": [[0.8068700780558559, -0.2582841688252109, 0.5312720256821427], [0.31084115471321394, -0.5791358264094251, -0.7536441276263143], [0.5023330107356007, 0.773234106014047, -0.38700202017814417]], "T": [0.014163516848181398, 0.04981827132942493, 0.019242225891658662], "aligned_model": [[-0.1863474879525896, 0.17223189464269587, -0.31130449911141445, 0.3394723684519348, 0.5186181211753901, -0.6447271624975883, -0.03499987281411593, -0.03365133934034084, -0.7744327252124003, -0.10750525898464146, 0.3989110581315783, -0.397986075010996, 0.22462169391083658, 0.8339467541641137, -0.023630491901007553], [-0.5090611185656541, -0.1785001261119478, 0.09856368198215254, 0.3578073634898037, -0.5376015971596116, -0.49559771326059054, -0.7547860512236997, 0.724852109077335, 0.16345939741988094, -0.2723878309979906, -0.03960443627686085, 0.5374291805606956, 0.5455223010774541, 0.017118774057556824, -0.03590582843278385], [-0.3858496395313887, -0.7281342781181135, -0.5716297204678142, -0.493729344355796, 0.10881238082142533, 0.16992841030352246, 0.10926984264593692, -0.2768185623543102, -0.014138031133420551, 0.5895876592845575, 0.5753986696053967, 0.25075439225421214, 0.2894364669661157, -0.03214191771166666, 0.034728904982271686]], "inverted": false, "swapped": false, "error_lsq": 0.046085211915258786, "error_max": 0.24363521194284557, "target": "144.xyz", "model": "10.xyz", "model_rescale": 4.2482417240324, "target_rescale": 4.090083582592307},
{"mapping": [10, 4, 0, 1, 11, 8, 5, 2, 3, 7, 12, 14], "R": [[0.23652633562244674, 0.14441135883857648, 0.9608333112436382], [0.7919220894394318, -0.6016094318619098, -0.10452509628158763], [0.5629517713045256, 0.7856280614471369, -0.25665901942443264]], "T": [-0.12061780311997665, 0.016375395292553684, -0.01751661360743573], "aligned_model": [[-0.6157768528460918, -0.07697932785038633, 0.4094084248252669, 0.45680097620425414, -0.47911361627306187, 0.11190388869725117, -0.13769223189244167, 0.4964169142060752, 0.2985157754011362, -0.02515698791397973, -0.3969509195061747, -0.1646104406888406], [-0.34827338343514663, -0.6118284974447769, -0.2770496033190146, -0.41357087809455734, 0.5970055367465864, 0.755438042740936, 0.21418181999580438, 0.35883323241194515, -0.23565040156791248, 0.5414023766608865, 0.08268613973884748, 0.0029570056170416855], [0.07424363145775538, 0.11785864001205268, 0.5441756519749567, -0.13301838520314105, 0.03389949485090535, 0.2879576964299401, 0.682441302344505, -0.23945045000822213, -0.6844845854651911, -0.5168301202937617, -0.5938000499497799, -0.00780053629566288]], "inverted": true, "swapped": true, "error_lsq": 0.04220392738511336, "error_max": 0.2664003232782994, "target": "144.xyz", "model": "11.xyz", "model_rescale": 3.6694154284099745, "target_rescale": 4.090083582592307},
{"mapping": [7, 3, 1, 13, 12, 8, 11, 5, 4, 6, 0, 10, 2, 14], "R": [[-0.7427939845012353, -0.14505854379691235, -0.6536169485717903], [-0.617870505114706, 0.5245161247410368, 0.5857634964693036], [0.25786262912271185, 0.8389522356833939, -0.47923481795854345]], "T": [0.07901561266711937, -0.009683469504975936, -0.0012891482787126887], "aligned_model": [[-0.04492686030418834, 0.08543122068426418, -0.1690564008703609, 0.7363687703152231, 0.48818217040599304, -0.5437912930319238, 0.10470911785390147, -0.24752268724819465, 0.2654937650831699, 0.1270439457850439, -0.4357835562773305, 0.6116813881763623, -0.4971243593244325, 0.11755962900828237], [-0.3744048215498847, 0.4724089675463245, 0.65696669571363, 0.3707902762183652, -0.15357052511893443, -0.5615767852894131, -0.6935181473225129, -0.24967385094180544, 0.5442283024318095, 0.2117390740376791, 0.457085074793884, 0.054404933313921836, 0.016669672688587225, -0.0205615783853971], [-0.6223339736498155, -0.6732876278326643, -0.16142889122518178, -0.3459818526512555, -0.47535554478677255, 0.03217447850935697, 0.0007608828488230232, 0.602976817486193, 0.26941097039151946, 0.6949689489138474, 0.4455141362239531, 0.31292575772187187, -0.464573170126869, 0.02332452782940887]], "inverted": true, "swapped": true, "error_lsq": 0.0430166866705325, "error_max": 0.27080765129920914, "target": "144.xyz", "model": "12.xyz", "model_rescale": 3.9764082729961374, "target_rescale": 4.090083582592307},
{"mapping": [10, 12, 9, 5, 13, 8, 11, 0, 2, 3, 14, 7, 4, 6, 15], "R": [[0.8815255815488587, 0.335101153432826, 0.3325956494648362], [0.1866283146987614, 0.3997603331519949, -0.8974193825580693], [-0.4336848178431505, 0.8531699086384822, 0.28985959664319844]], "T": [0.019440802802254655, -0.02732517436161642, -0.10347764483028712], "aligned_model": [[-0.32191405316776683, 0.12406673005699226, -0.07155545258257344, 0.45769430002433126, 0.4666626098294817, -0.5249701398916969, -0.0233924375648964, -0.2916914812353901, -0.7570158588494804, -0.1827359455903431, 0.4610274742200013, -0.3714192812378461, 0.22173720115573803, 0.7488207819322347, 0.03790253055266883], [-0.7297987982223998, -0.3407949472332463, 0.2725962877174326, 0.5595342304634736, -0.4400804722121197, -0.36417126377676345, -0.7183072480524754, 0.6148385407997476, 0.1534658365692316, -0.1637006283279429, -0.37715140510078016, 0.4586550223435325, 0.6064492342631164, 0.07418845782028526, 0.015585258584647255], [-0.2936211933504777, -0.6493747521592812, -0.6165721045625345, -0.5113425942629133, -0.16755779466268825, 0.19619596790422514, 0.28543595239529285, -0.23738208188124565, -0.12972982282306283, 0.7021089397641227, 0.46347108255878977, 0.32323694601185926, 0.16720646620101617, 0.09989057841223237, -0.00649035635440641]], "inverted": false, "swapped": false, "error_lsq": 0.03922542819602368, "error_max": 0.26379541527557016, "target": "144.xyz", "model": "13.xyz", "model_rescale": 4.170626492500431, "target_rescale": 4.090083582592307},
{"mapping": [1, 2, 0, 8, 4, 9, 5, 3, 13, 7, 12, 11, 10, 14], "R": [[-0.9688767677500963, -0.08898613150970036, 0.23099627121030394], [-0.24160976634870884, 0.543030607710029, -0.8042030091307786], [-0.053875130803073795, -0.8349845672160745, -0.5476296584297976]], "T": [-0.02189847647235916, 0.073011142972014, 0.0768739403414783], "aligned_model": [[0.3616863335366357, -0.13725190290493292, -0.1949538260726919, -0.777989150558797, 0.34944007213858996, -0.44437711364065124, -0.6397255589468516, 0.6056123706634914, 0.7719168905756524, -0.07437258476867882, 0.3234939225891344, -0.47782968006810733, 0.19520245678364462, -0.017669207234794745], [-0.23170231370387145, -0.6495684365450423, 0.08123712557756119, -0.27061927458483453, 0.38012387166115175, 0.5881400667502945, 0.3478866137481344, -0.4640586619713973, 0.20226810710930282, -0.47473116109071206, -0.034539465386622295, 0.11597536647686374, 0.648941830049621, 0.11672079983521622], [-0.46314393603715776, -0.031920262651705625, -0.730905987931082, 0.1388377749628945, -0.3505138939020301, 0.2914874524472756, -0.19162777958268845, 0.034184412866846633, 0.2978633196400807, 0.5578156339619161, 0.6079075196521501, 0.5853766822304275, 0.16486364081479615, 0.09364852464914336]], "inverted": true, "swapped": true, "error_lsq": 0.046597666298605574, "error_max": 0.2772592068289029, "target": "144.xyz", "model": "14.xyz", "model_rescale": 3.9786697098870705, "target_rescale": 4.090083582592307},
{"mapping": [4, 5, 3, 13, 2, 7, 9, 11, 12, 10, 8, 14], "R": [[0.737819986106119, 0.6477497918180369, -0.1898469786487438], [-0.6517651642043706, 0.6105119954563674, -0.4499747483287641], [-0.17556719178712352, 0.45573600977273515, 0.8726287014328655]], "T": [-0.01629287812596067, -0.05163806575638759, -0.10755932227982513], "aligned_model": [[-0.017030167919942014, -0.738290047307808, 0.6507988026267743, 0.6949146092808319, 0.0733577469052812, 0.34875951577817077, -0.4269032504251824, -0.1601306029808731, 0.5538619712123348, 0.015032689947676148, -0.4919155938931178, -0.019101076456809217], [-0.5862172733914947, -0.054440625212681754, 0.09865085497580763, -0.48682337636897294, 0.5929394876212973, 0.5490186004776875, -0.24104252898682488, 0.24361433166290541, -0.00236948052679551, -0.6243326920541897, 0.6126793121775865, -0.08700212014988591], [-0.46685785252273004, -0.01771370341354124, -0.5727884746195697, -0.12956297620102536, -0.4593353638785227, 0.09251165356965353, 0.426697206013107, 0.4927997004298731, 0.18459775760832403, 0.13246303651656155, 0.05387159710358054, -0.07671608673188102]], "inverted": false, "swapped": true, "error_lsq": 0.042151913401370665, "error_max": 0.21183872755517574, "target": "144.xyz", "model": "15.xyz", "model_rescale": 3.769337070930944, "target_rescale": 4.090083582592307},
{"mapping": [2, 5, 3, 1, 7, 11, 12, 9, 13, 4, 14], "R": [[-0.09782318960064962, -0.7343269572246647, -0.6717101632918184], [-0.7518244640966201, -0.3877029956330294, 0.5333351313789537], [-0.652066406711913, 0.5571806772226952, -0.5141586274365852]], "T": [-0.04631152197658716, -0.056808368954982334, 0.020346707690547375], "aligned_model": [[-0.27345641735776005, -0.2688196888311691, -0.17395294517700421, -0.6273094979828379, 0.33735394098792676, 0.4600396333178006, 0.46139185205724287, 0.248288929562882, 0.1969175703948564, -0.4152958867875906, -0.02253135949317598], [0.16391772901973742, -0.7494918607426093, 0.7420319785591498, 0.3836239716507577, 0.18215240855988032, -0.4437949261788997, 0.3368079999602147, -0.6515142041892659, 0.6033837437953157, 0.10080802076605772, -0.07186036357499637], [-0.6481957565589823, 0.014046091570919989, -0.15169398714060833, 0.012124227366144671, -0.5539168517502816, -0.2289405512743669, 0.007573957009865115, 0.2426989283809789, 0.4683115371010729, 0.5242102992339892, 0.057999713285045204]], "inverted": true, "swapped": true, "error_lsq": 0.04099522287799539, "error_max": 0.1744177499847848, "target": "144.xyz", "model": "16.xyz", "model_rescale": 3.7852294659196426, "target_rescale": 4.090083582592307},
{"mapping": [4, 3, 12, 13, 1, 2, 8, 7, 10, 6, 5, 11, 14], "R": [[-0.1751666645690878, 0.020205260419536852, -0.9843314416776087], [0.9266248416818602, 0.34122742468831047, -0.1578931519054927], [0.3326906106306703, -0.9397635830845767, -0.07849436607954502]], "T": [0.029362855349388286, 0.11909283275143273, -0.010103448307277631], "aligned_model": [[0.03955566085152826, -0.4844116418775632, 0.20026220593718233, 0.2088526560199979, -0.537978053239515, -0.6321197346060018, -0.1830711929440997, -0.17462662965002115, 0.5498324379600025, 0.2738098840373841, 0.15560054012786154, 0.3631005815813333, 0.07495913601819407], [-0.10580961002553618, -0.5230887280244896, -0.3554825285238281, -0.6901020443798154, -0.14372961805867207, 0.1935157546186868, 0.8026699893518361, 0.001839948600389052, -0.06127351830819189, 0.3993636658950089, 0.8060489797088839, 0.43639288237089147, 0.11471045047771071], [-0.6135816207507211, 0.07750273531983702, 0.38793090131897784, -0.10323543949241581, -0.3851441884265118, 0.312643902133207, 0.4155590168121122, 0.6817925897879484, -0.2984618224015041, -0.6408204305836434, -0.21385648748636843, 0.4960921996622025, -0.020666658749946384]], "inverted": true, "swapped": true, "error_lsq": 0.05118504879729259, "error_max": 0.3050193048649394, "target": "144.xyz", "model": "17.xyz", "model_rescale": 3.901054581598922, "target_rescale": 4.090083582592307},
{"mapping": [7, 6, 1, 4, 11, 3, 12, 8, 0, 13, 9, 2, 5, 10, 14], "R": [[0.03064487924117748, 0.2516886228405221, -0.9673229701133614], [0.9414777080990999, 0.3177471443402909, 0.1125010107334892], [0.33567933586796783, -0.9141605927823799, -0.2272219049189762]], "T": [0.018218288727257847, 0.01908661037077516, -0.04407052825626053], "aligned_model": [[-0.27106742219070523, 0.23777060714784465, -0.25858004828682857, 0.37856460379384677, 0.506331037976554, -0.6016696052183913, -0.08115693805328676, -0.053534359959934524, -0.7132951089303821, -0.12058953706089699, 0.44895532927525783, -0.5305692147503116, 0.1707595061670435, 0.8262574686213553, 0.03504065912028985], [-0.4752427557771543, -0.3777106262937099, 0.09451565917212032, 0.5056553542848911, -0.6089037666559854, -0.2884584730208309, -0.6703582193170398, 0.6764322047571398, 0.025114885314628434, -0.07333572765777925, -0.11790596037016868, 0.4295300135701228, 0.381567253196177, 0.14563966953335147, -0.025231405100024116], [-0.37818020937867175, -0.6424637749776076, -0.6791915314194348, -0.5529667461372529, -0.1081409528588565, 0.27928826648118416, 0.2143196712410623, -0.10034289347296504, -0.24495937176943836, 0.6628189236624109, 0.43539611166359043, 0.41864600568768967, 0.4411356212868917, -0.10332215356332367, -0.016561733254350203]], "inverted": true, "swapped": false, "error_lsq": 0.049211755090095434, "error_max": 0.38827280624933913, "target": "144.xyz", "model": "18.xyz", "model_rescale": 3.9405287249114394, "target_rescale": 4.090083582592307},
{"mapping": [11, 9, 5, 7, 13, 10, 14, 6, 2, 3, 12, 1, 0, 4, 15], "R": [[-0.8944528262392388, 0.35695408543460044, 0.26932865150998286], [-0.3856765694849706, -0.31102910117621674, -0.8686279306882891], [-0.22629124018163527, -0.8808204579328653, 0.4158696857237791]], "T": [0.10008733771331758, -0.014220284515640133, -0.001297391057364674], "aligned_model": [[-0.19151628106636875, 0.18082217590262728, -0.3784800667574485, 0.6045599515674157, 0.4117857768592068, -0.5715878611909828, -0.014765721642913662, -0.2929134828624075, -0.7412916331112098, -0.28825883093219284, 0.3429435131318909, -0.17741257790328757, 0.2747118261186062, 0.7542174861040368, 0.06040270343448269], [-0.5443489237329374, -0.18568883716064158, 0.2210388453187139, 0.07675456661451076, -0.5857137602396806, -0.4095423480130542, -0.7254674188667287, 0.6085072263734889, 0.1813597474420557, -0.18268892647697546, -0.1327612973679521, 0.38997572666366526, 0.6400493825277481, 0.2859085361966463, -0.016074413643120032], [-0.39263376464922006, -0.7449977798651891, -0.6391759249229935, -0.4838494683240609, -0.16733695143632618, 0.10105948577824943, 0.28273649901574643, -0.1279633209708829, -0.09697999954360983, 0.7377791711796076, 0.4752610718224838, 0.4404477904205485, 0.11749549085092192, 0.12793677068118614, -0.004303836845532636]], "inverted": false, "swapped": false, "error_lsq": 0.03834651368241859, "error_max": 0.29216638428664743, "target": "144.xyz", "model": "19.xyz", "model_rescale": 4.410303926677745, "target_rescale": 4.090083582592307},
{"mapping": [5, 8, 9, 0, 10, 2, 4, 11, 7, 12, 3, 13, 12, 14], "R": [[-0.19184945314812246, 0.6231419585182326, 0.7582136155865498], [0.771269781928725, -0.38202141608806034, 0.5091193977189347], [0.6069074977378217, 0.6824615279883072, -0.40731996268962994]], "T": [-0.03737066870045437, 0.00855450705824848, 0.014023566510875461], "aligned_model": [[-0.035144908114749865, 0.17367465366795665, 0.4062012388152137, -0.7299953798369687, 0.1072930981867573, -0.2653728212032021, -0.4771533680087224, 0.5820828001209962, 0.3003775004499025, 0.3241974135779865, -0.38946803971608246, -0.046394052243954716, 0.3241974135779865, -0.013307659812246318], [-0.13904594151065072, -0.7177522041912775, 0.17096181048208217, -0.08903538517034221, 0.6006008942334463, -0.6407059682744201, 0.47584131110820616, -0.22781674715809608, -0.462002836638089, 0.12863744124256318, -0.049108548667983615, 0.5855313746800258, 0.12863744124256318, 0.046205824803174735], [-0.698415311883368, -0.3345921548960624, -0.5024769632201624, -0.42560292927050386, -0.10895866354897912, 0.28557410316034404, -0.041700098270266196, -0.15538793123200548, 0.45964901113108775, 0.5314289354803583, 0.7601727792956313, 0.6162716701036793, 0.5314289354803583, -0.0005763436050901204]], "inverted": false, "swapped": true, "error_lsq": 0.04693922586781866, "error_max": 0.3500971364506487, "target": "144.xyz", "model": "20.xyz", "model_rescale": 4.121658175737393, "target_rescale": 4.090083582592307},
{"mapping": [13, 12, 7, 3, 2, 10, 11, 4, 9, 5, 8, 0, 14], "R": [[0.1725356380170827, -0.07070059374079596, -0.9824626606944091], [-0.7903759439411318, 0.5852975094853293, -0.1809217859447456], [0.5878242261537063, 0.807730308602426, 0.04510463071378068]], "T": [0.07615820672379606, -0.07807865696275648, 0.006292881324350685], "aligned_model": [[0.16235062336062842, -0.02565124134794372, 0.16203569113814686, 0.7259411919071177, 0.6084135732190201, -0.3002856124722979, -0.4300460517423921, 0.25331750570080713, -0.5795815563011747, -0.2007987806634087, -0.009504051554183601, 0.47798746799577896, 0.036904145424196025], [-0.6193209868836693, -0.05548076915263862, 0.4824767824768966, -0.16311758170726032, 0.434450023953703, -0.5702403005580102, 0.37662906606288327, -0.6768507105265725, -0.056778311649319235, 0.06400576989436327, 0.6762800782941567, -0.24752854153663476, -0.10369761450471492], [0.6350329811417745, 0.6403148657958038, 0.46725137549623746, 0.5108587222764154, 0.04210372332467156, 0.057655576837473015, 0.07904149473901513, -0.15168660254515576, -0.2375444108038548, -0.6513292325508294, -0.3360510453927381, -0.695379559874999, 0.009841851037975566]], "inverted": false, "swapped": true, "error_lsq": 0.04377682629496677, "error_max": 0.30407067963883955, "target": "144.xyz", "model": "21.xyz", "model_rescale": 4.08911054899281, "target_rescale": 4.090083582592307},
{"mapping": [0, 6, 7, 10, 8, 2, 1, 12, 3, 15, 11, 14, 9, 5, 16], "R": [[0.5014007372150953, -0.8210653327258753, 0.2728534773755077], [-0.8134246055900555, -0.5548033460589445, -0.17473882860561288], [0.2948520166809474, -0.13433155473509098, -0.9460535511595691]], "T": [-0.05116700286875294, -0.04225755504836626, -0.033733877295102896], "aligned_model": [[-0.28256494534045473, 0.32506507706453447, -0.08119225913687744, 0.4264451947887305, 0.48580969477469366, -0.5499087267352827, -0.012550142436501342, -0.22031662673069935, -0.8530190175217464, -0.15271754556541672, 0.43193973904240496, -0.3425074557404652, 0.2654377988190767, 0.6161837813932225, -0.08288758902376406], [-0.5581311363554796, -0.330510956577864, 0.1411661316825203, 0.43427139657321845, -0.4809020987770711, -0.40950685928227065, -0.7929758409132939, 0.6481717358993399, 0.2704900089553742, -0.10461504828583157, -0.30137327206386466, 0.4187766344230969, 0.5615188977430363, 0.17836403823735109, -0.05343552562252275], [-0.5632703146707668, -0.6089934074961377, -0.7202106963804356, -0.47638741690611636, -0.03673529446837005, 0.33726271404720043, 0.22107816053753215, -0.23289538206672022, 0.0824604904734751, 0.6855060327553099, 0.5004570542770995, 0.3044832166045994, 0.1730583038079549, 0.027078105645477663, -0.06741633296917444]], "inverted": true, "swapped": false, "error_lsq": 0.04076692769673441, "error_max": 0.27988192798576433, "target": "144.xyz", "model": "22.xyz", "model_rescale": 4.204369325754507, "target_rescale": 4.090083582592307},
{"mapping": [11, 9, 5, 7, 13, 10, 14, 6, 2, 3, 12, 1, 0, 4, 15], "R": [[-0.8944528262392388, 0.35695408543460044, 0.26932865150998286], [-0.3856765694849706, -0.31102910117621674, -0.8686279306882891], [-0.22629124018163527, -0.8808204579328653, 0.4158696857237791]], "T": [0.10008733771331758, -0.014220284515640133, -0.001297391057364674], "aligned_model": [[-0.19151628106636875, 0.18082217590262728, -0.3784800667574485, 0.6045599515674157, 0.4117857768592068, -0.5715878611909828, -0.014765721642913662, -0.2929134828624075, -0.7412916331112098, -0.28825883093219284, 0.3429435131318909, -0.17741257790328757, 0.2747118261186062, 0.7542174861040368, 0.06040270343448269], [-0.5443489237329374, -0.18568883716064158, 0.2210388453187139, 0.07675456661451076, -0.5857137602396806, -0.4095423480130542, -0.7254674188667287, 0.6085072263734889, 0.1813597474420557, -0.18268892647697546, -0.1327612973679521, 0.38997572666366526, 0.6400493825277481, 0.2859085361966463, -0.016074413643120032], [-0.39263376464922006, -0.7449977798651891, -0.6391759249229935, -0.4838494683240609, -0.16733695143632618, 0.10105948577824943, 0.28273649901574643, -0.1279633209708829, -0.09697999954360983, 0.7377791711796076, 0.4752610718224838, 0.4404477904205485, 0.11749549085092192, 0.12793677068118614, -0.004303836845532636]], "inverted": false, "swapped": false, "error_lsq": 0.03834651368241859, "error_max": 0.29216638428664743, "target": "144.xyz", "model": "23.xyz", "model_rescale": 4.410303926677745, "target_rescale": 4.090083582592307},
{"mapping": [12, 0, 4, 3, 7, 6, 13, 8, 15, 14, 7, 9, 10, 1, 16], "R": [[-0.5491948046234982, 0.08391194857045264, 0.8314708963407361], [-0.35126842662276325, 0.8796060547266473, -0.3207860360835406], [-0.7582846161122655, -0.46824349795307574, -0.4535994572220541]], "T": [-0.039142282500853456, -0.003856457870696592, 0.01840444081688979], "aligned_model": [[-0.1298758399021513, 0.3248392159660099, -0.1537183748092114, 0.4823766314806855, 0.45248483198005257, -0.6062734057933868, -0.1396936285082876, -0.3571684654538734, -0.7277722241023602, -0.3781759605958261, 0.45248483198005257, -0.2791762463828853, 0.1749045582600423, 0.8105272417960913, 0.04745381173650333], [-0.7025630523883104, -0.3698156189459002, 0.4036917666161804, 0.3403350879272018, -0.4310281848909338, -0.5069201790902169, -0.6314837664282302, 0.7361549122193383, 0.1340076455055298, -0.12154818604963906, -0.4310281848909338, 0.4470294140959254, 0.6092910697671174, 0.11537016561006157, 0.029815216578549013], [-0.3685740484077718, -0.5329368076718456, -0.5244225452293929, -0.628744063619944, 0.15166355916915794, 0.07486036296430727, 0.31867100938231746, -0.14575763259915733, 0.14527635798110572, 0.5922988668660403, 0.15166355916915794, 0.38104146357154783, 0.06332665789853827, 0.00491143134093729, -0.05780293762407025]], "inverted": true, "swapped": false, "error_lsq": 0.04839603466664441, "error_max": 0.3873202188184853, "target": "144.xyz", "model": "24.xyz", "model_rescale": 4.28219845311461, "target_rescale": 4.090083582592307},
{"mapping": [5, 8, 10, 6, 1, 9, 3, 14, 12, 7, 4, 13, 2, 0, 15], "R": [[-0.2929841257684516, 0.3039513467517936, -0.9065174465256955], [0.21812122689576804, 0.9443700622315672, 0.24614693972956697], [0.9309046312191067, -0.12561355169135652, -0.34298367775493616]], "T": [-0.06547655759823245, -0.02794980348662754, 0.01355067679881131], "aligned_model": [[-0.22694624397905988, 0.168112415875778, -0.15507617218830178, 0.5102470096493882, 0.3308822124900729, -0.585946230689252, 0.11103201779614746, -0.23926799345473632, -0.7517086499298683, -0.28079772623539345, 0.4088456878854731, -0.2991628002613094, 0.2388305459487276, 0.7373432916925778, 0.0068296130512110476], [-0.6768854163599036, -0.2200355458363319, 0.21279960218979335, 0.3789781131639598, -0.508451203855431, -0.42910967011490697, -0.713819290073914, 0.6374762223716024, 0.3087740222553984, -0.22409068508156282, -0.1293515517150142, 0.3186707762886809, 0.5655067558093941, 0.11491675774448201, -0.014070781150507607], [-0.5137924673104152, -0.6113375659983669, -0.737259852935315, -0.5478308153498956, -0.13442070038061496, 0.1718408049754538, 0.32735493910345764, -0.3137861005851024, 0.0246177841364591, 0.7351541376096044, 0.5607112253777765, 0.4356423381749242, 0.1684265088298502, 0.038522807314338686, 0.021632190228774]], "inverted": false, "swapped": false, "error_lsq": 0.03342280850565136, "error_max": 0.20037016458457577, "target": "144.xyz", "model": "25.xyz", "model_rescale": 4.100010024507729, "target_rescale": 4.090083582592307},
{"mapping": [10, 4, 0, 1, 11, 8, 5, 2, 3, 7, 12, 14], "R": [[0.23652633562244674, 0.14441135883857648, 0.9608333112436382], [0.7919220894394318, -0.6016094318619098, -0.10452509628158763], [0.5629517713045256, 0.7856280614471369, -0.25665901942443264]], "T": [-0.12061780311997665, 0.016375395292553684, -0.01751661360743573], "aligned_model": [[-0.6157768528460918, -0.07697932785038633, 0.4094084248252669, 0.45680097620425414, -0.47911361627306187, 0.11190388869725117, -0.13769223189244167, 0.4964169142060752, 0.2985157754011362, -0.02515698791397973, -0.3969509195061747, -0.1646104406888406], [-0.34827338343514663, -0.6118284974447769, -0.2770496033190146, -0.41357087809455734, 0.5970055367465864, 0.755438042740936, 0.21418181999580438, 0.35883323241194515, -0.23565040156791248, 0.5414023766608865, 0.08268613973884748, 0.0029570056170416855], [0.07424363145775538, 0.11785864001205268, 0.5441756519749567, -0.13301838520314105, 0.03389949485090535, 0.2879576964299401, 0.682441302344505, -0.23945045000822213, -0.6844845854651911, -0.5168301202937617, -0.5938000499497799, -0.00780053629566288]], "inverted": true, "swapped": true, "error_lsq": 0.04220392738511336, "error_max": 0.2664003232782994, "target": "144.xyz", "model": "26.xyz", "model_rescale": 3.6694154284099745, "target_rescale": 4.090083582592307},
