[{"mapping": [10, 11, 13, 1, 9, 3, 2, 6, 8, 0, 7, 14], "R": [[-0.8165451937535861, -0.1237952151427743, -0.5638516571454528], [0.5254460789866362, 0.24513611429537963, -0.8147482455002483], [0.23908233861054798, -0.9615524063595897, -0.13511700554924422]], "T": [-0.08533199943819975, -0.11379975894300479, 0.07648971949274422], "aligned_model": [[-0.18975795294523112, 0.2034226527434217, 0.34741283153217223, -0.24582623640110302, -0.049619661947361615, -0.5632198120912477, 0.42729089360748157, -0.30032236680640767, 0.5813303832733965, 0.26069887657281016, -0.6136969756056412, -0.02007016947174098], [-0.39233163614500144, -0.5946271160096778, -0.3236403630654222, 0.6768751477046218, 0.5185679366760841, -0.5022931066109692, -0.3381003972991722, -0.5710998065099626, 0.20202902332141956, 0.2788901021272696, 0.1603471198698941, -0.06106186808202661], [-0.5095317244784543, 0.037171267946958915, -0.45967868526077416, -0.03446853836200389, -0.592727158176893, 0.04994851606926978, 0.5858774477312032, 0.6660241651675387, -0.24657367933086546, 0.4783334885775451, 0.1447538427038921, 0.06282280276614552]], "inverted": false, "swapped": true, "error_lsq": 0.041317356814769744, "error_max": 0.2387939070594538, "target": "145.xyz", "model": "0.xyz", "model_rescale": 3.751011558992144, "target_rescale": 4.060598484904066},
{"mapping": [8, 1, 5, 12, 0, 2, 13, 7, 4, 6, 11, 9, 6, 10, 14], "R": [[-0.5453997751750692, -0.03928005093281395, 0.8372551360473697], [-0.6150793371766594, 0.6973422997181087, -0.36795533153112575], [-0.5694001178585277, -0.715661089219314, -0.40449068117834286]], "T": [0.030963857176834603, -0.05021353496669466, -0.13031968628779433], "aligned_model": [[-0.17385088681464422, 0.4442351802036914, -0.4168601301288388, 0.32458856750049275, 0.7080518661434725, 0.15667805230718326, -0.05153296309882967, 0.5991204763279622, -0.3088419956409435, 0.2205408236686519, -0.0845744310664182, -0.4319753308691569, 0.2205408236686519, -0.6796074240362182, 0.026745384995304485], [-0.3064225979366991, 0.2607230753184506, -0.4855391515292853, -0.022598732951819744, -0.27484408365024293, -0.8470697612724781, -0.6219782276430587, 0.25272652529462847, 0.3273426017496526, 0.6755957574789591, 0.4992121445497868, -0.13933313473760656, 0.6755957574789591, 0.3585535113348076, -0.04482815786227646], [-0.7072305016098942, -0.5974500614335894, -0.1247222803110419, 0.5515872401136305, -0.38838452932381745, -0.31185259715671265, 0.3098866393751684, 0.028117682413123235, -0.7365847404748367, -0.09890010568205601, 0.43670175560338087, 0.33004389442019827, -0.09890010568205601, -0.10906635003094534, -0.07594124709297785]], "inverted": true, "swapped": false, "error_lsq": 0.05079288328210228, "error_max": 0.37386264725563717, "target": "145.xyz", "model": "1.xyz", "model_rescale": 3.9405287249114394, "target_rescale": 4.060598484904066},
{"mapping": [11, 2, 8, 7, 4, 13, 3, 6, 1, 9, 12, 10, 14], "R": [[-0.6656449013236155, 0.7423691524372455, -0.07618993930618313], [0.7063410854576662, 0.5937917005566111, -0.38534878661360006], [-0.2408300984851358, -0.3103215394710679, -0.9196202508665989]], "T": [0.02822806173680603, 0.061720590895164455, 0.011225916957194815], "aligned_model": [[-0.199330476154537, 0.19041867558933723, -0.5468095724382621, 0.37741871823644035, 0.5055187474413088, -0.6705226022370666, 0.20062373534055614, 0.5947987343408199, 0.09546243044914249, -0.4999088837471186, -0.08630834204902052, -0.4551127301175503, -0.01026515537011817], [0.5723927630914842, 0.6482957284660061, -0.025049566569345684, -0.37088600287289436, -0.36644406395111284, 0.2357314011564521, 0.16821900484957872, 0.5548453644302074, -0.7033961904806011, -0.6823427966524919, -0.6566725365597108, 0.042752570586951914, 0.041386918077493236], [0.07081770724122384, -0.4384324837019425, -0.5458729709834641, 0.23461676315017121, -0.371718025390923, -0.0044416812713624215, 0.5934166912671678, 0.20800163922494266, -0.259537436559747, -0.11705714893838622, 0.34900515251561526, 0.45611670390698106, -0.06179456087163275]], "inverted": true, "swapped": true, "error_lsq": 0.05043211081328558, "error_max": 0.32508849019183444, "target": "145.xyz", "model": "2.xyz", "model_rescale": 3.932901565614263, "target_rescale": 4.060598484904066},
{"mapping": [4, 0, 5, 7, 6, 11, 2, 3, 12, 10, 8, 9, 13, 14], "R": [[0.5068203508117612, -0.11554483285653688, 0.8542730966167659], [-0.7233405673795997, -0.5960819068880702, 0.34851798212379315], [0.4689472844425072, -0.794566392368087, -0.38568470611778377]], "T": [-0.03301295210360848, -0.12285782566835525, 0.04618094219032786], "aligned_model": [[0.0848621297689502, 0.40482805425231, 0.1374900839179149, -0.3810269627347613, -0.5008119686553889, 0.0058022702602579385, 0.256463014931972, -0.6289800497614754, -0.2429694803621601, -0.18413757060865, 0.7368737571175368, 0.3663002627116931, 0.3148664793040781, 0.05024989191042642], [0.2960717660755947, -0.1085392860871681, -0.3291595472901701, 0.3223688571877916, -0.6009275797235845, -0.6336304264022666, -0.7243247169101326, -0.2046106611583502, 0.6065832662699744, -0.09270314627540811, -0.06484798186113928, 0.6090697895261565, -0.3060105429746585, -0.10584315202615069], [-0.560762955987922, -0.4472877411829083, -0.8232369820034022, -0.15293083294714016, -0.3481646480902095, 0.2779671927414962, -0.31020383269520724, 0.18089534580904543, 0.3052871655321277, 0.6850533583815602, 0.27523513856073356, 0.43841355870646787, 0.6496813228635726, 0.043950273368883706]], "inverted": true, "swapped": true, "error_lsq": 0.05401838871926596, "error_max": 0.37413111452083075, "target": "145.xyz", "model": "3.xyz", "model_rescale": 3.9243930471874484, "target_rescale": 4.060598484904066},
{"mapping": [6, 7, 5, 2, 0, 3, 11, 4, 1, 12, 8, 10, 14], "R": [[0.181173775760374, 0.5138498555962753, 0.8385310899903573], [-0.5747876165695845, -0.6365260108398925, 0.5142507495011643], [0.7979945230482386, -0.5751460366097816, 0.18003271301925622]], "T": [-0.07418309487552222, -0.11282568393446628, -0.00797870465367416], "aligned_model": [[-0.1000566881656369, -0.2706019837723204, 0.6457055099905764, 0.46033379937111674, 0.570731463438779, -0.5956959082805425, -0.1209082212759919, 0.34582382272243983, 0.11870936221980832, -0.5048131212345386, 0.3457411456193746, -0.6048998783601622, -0.01286341596154978], [-0.6972389415343769, 0.2363672470317007, -0.3090073652306115, -0.6482714163131347, -0.02056434833082084, -0.31941688084288766, -0.593150925589105, 0.2985097830338719, 0.6670185933097609, 0.5612522418836046, 0.12293979694184574, -0.09272376445944984, -0.0778844662188101], [-0.5185536312948713, -0.453478386773501, -0.5283558342950295, 0.004607874065140363, -0.11283177957052101, -0.2636205262675656, 0.2805079707482969, -0.46860301587141984, -0.1416661997003419, -0.0669601904255488, 0.637493821609636, 0.379114989093391, 0.039415224053298836]], "inverted": true, "swapped": true, "error_lsq": 0.04605920737104007, "error_max": 0.24445259472735228, "target": "145.xyz", "model": "4.xyz", "model_rescale": 3.8936222436046832, "target_rescale": 4.060598484904066},
{"mapping": [6, 11, 3, 7, 10, 13, 8, 9, 4, 0, 12, 14], "R": [[-0.790860526171483, 0.3484982676042401, 0.5030791047346418], [-0.4871823202677139, -0.8560172976619287, -0.17288080553414814], [0.3703957545144543, -0.38181585035251325, 0.8467724850615161]], "T": [-0.07857199594280159, -0.13111106374383483, -0.10055917812925103], "aligned_model": [[0.0006932009782710247, -0.5497743989390745, -0.22934525102954997, 0.3332537965443325, -0.5983944766603274, -0.6893824885226455, -0.248804318047495, -0.0182859540559, 0.6571022373500364, 0.3396021500643449, 0.09933851266586119, -0.06845496813275664], [-0.5808106113217476, -0.4322812495342615, 0.049346363365903534, 0.2258304840959198, 0.2689485450054019, -0.06809801157847047, -0.1934773853201773, 0.541440267867388, -0.14444139513591236, -0.5048912569586803, 0.6505921564024256, -0.143235001777982], [-0.7285579039784602, -0.15873951581911905, -0.6703932072072118, -0.349513587186745, -0.14109085914169245, 0.2758948343837556, 0.6840986519678394, 0.5263824478385386, 0.027437532902701678, 0.24706110272916398, -0.07626901796939238, -0.017025759243860378]], "inverted": true, "swapped": true, "error_lsq": 0.051202716289714116, "error_max": 0.3004844373358083, "target": "145.xyz", "model": "5.xyz", "model_rescale": 3.6523030999806103, "target_rescale": 4.060598484904066},
{"mapping": [6, 7, 12, 3, 10, 2, 1, 11, 0, 8, 9, 13, 14], "R": [[0.2954688108630955, -0.44497616806453466, -0.8453959969515775], [-0.5057350532741443, -0.8235977778554274, 0.2567464823544825], [-0.8105123303793392, 0.3516858117214926, -0.468387502114273]], "T": [0.06495901022405266, -0.12712931919832615, 0.09865392245588334], "aligned_model": [[0.10228077047204422, -0.024865250566993, 0.20900856439769827, 0.5055746261009408, 0.6590808522862593, -0.23122701208652557, -0.4015421181109013, 0.3585555406187339, -0.5703980372227155, -0.16287469335389632, -0.0001254834062094784, 0.4220006305382949, 0.015614514997564367], [-0.7321965022795117, 0.21055082716682583, 0.6333278545540032, -0.1962897434760707, 0.09591192576714008, -0.792822764306144, 0.5380226726827415, -0.5344218275861294, -0.2451383260733032, 0.045440208721351544, 0.7134893871060214, -0.08815147161967288, -0.10689533649406893], [0.5838300187066533, 0.585367154909259, 0.3090266825081557, 0.5241923965130425, -0.07216106226874322, -0.10553947080102088, 0.15510273152711973, -0.1543955332708291, -0.03482418604406334, -0.6542524949934099, -0.273017575199844, -0.5256694992475517, 0.032450577143020964]], "inverted": true, "swapped": true, "error_lsq": 0.056948553380596095, "error_max": 0.3435281944032327, "target": "145.xyz", "model": "6.xyz", "model_rescale": 4.08911054899281, "target_rescale": 4.060598484904066},
{"mapping": [6, 4, 2, 11, 3, 0, 1, 8, 7, 5, 12, 13, 10, 12, 14], "R": [[0.9546006444212497, 0.29639480921982986, 0.02979474346383742], [0.2922151169820829, -0.9122963159055003, -0.2869246545565574], [-0.05786134355234806, 0.28260493458677055, -0.957489694915577]], "T": [0.08445306850001831, 0.010212160747608133, -0.08181034806855869], "aligned_model": [[0.03916257117193035, 0.49365996887374686, -0.46452701993356493, 0.10867387100730977, 0.6279505804133696, 0.23487296673586033, -0.06100864607376437, 0.7473195895725403, -0.5210572385623239, -0.01270464169627114, -0.29167063371425966, -0.5668582438095081, 0.34748273008107633, -0.29167063371425966, 0.16363279280847964], [-0.23026601975954544, 0.29392761472445406, -0.5372521868100198, 0.10171865738282618, -0.3692372455406778, -0.8526850625662027, -0.6146262684356542, 0.15534856616469275, 0.13261384766887427, 0.6702843525430017, 0.5223096416347289, -0.01872962192213335, 0.6092912088737868, 0.5223096416347289, -0.0778715999710837], [-0.5168528540438011, -0.5807138894104624, -0.3032673279721295, 0.4974745358673234, -0.5143378487864176, -0.4245032416568608, 0.2736666355245342, -0.013309455017421062, -0.5483551579395372, -0.4497319573159192, 0.2411278019120333, 0.2511317940900505, 0.22017407160697555, 0.2411278019120333, 0.033673784357172554]], "inverted": true, "swapped": false, "error_lsq": 0.05099861255452635, "error_max": 0.40124798374976234, "target": "145.xyz", "model": "7.xyz", "model_rescale": 3.964800864290218, "target_rescale": 4.060598484904066},
{"mapping": [4, 6, 7, 0, 12, 2, 1, 3, 11, 13, 8, 9, 10, 14], "R": [[0.08583823077376009, 0.22098231532672805, 0.9714929821931138], [0.47838913883012546, 0.8461895420402974, -0.23474899529285126], [-0.873942578197791, 0.48490212956273016, -0.03308012633784327]], "T": [0.08107101165685003, -0.11293568695597339, 0.0483438635740982], "aligned_model": [[-0.38907670091975055, 0.34579875017254824, 0.21014285754384104, -0.54392318136055, 0.28564070245130946, -0.25906337880519553, -0.32685233273879355, 0.6669289710935701, 0.24031989304261503, 0.12041998798372652, -0.4632848556829886, -0.16341659196683134, 0.5306815013275019, 0.006872267319869965], [0.06722819209481862, -0.7257144580289894, 0.21151128006625397, -0.2515344158162197, 0.6479832769205076, -0.7848837121110783, 0.5333846678166991, -0.17428062794542473, -0.5040779363407111, -0.0485125355023861, 0.0660274719758902, 0.7319216502246313, 0.1351161007526719, -0.09322048792546181], [-0.5032715262994865, -0.34828752245776207, -0.43854490597236045, -0.11163663506704788, -0.10150825473732031, 0.1215785031691263, -0.23291311356655492, -0.13335789129741019, 0.4195145407777797, 0.7646392228671657, 0.6142107996347015, 0.32303895700680196, 0.4584982703165725, 0.08485459435081624]], "inverted": false, "swapped": true, "error_lsq": 0.04753520539087548, "error_max": 0.27295659049644655, "target": "145.xyz", "model": "8.xyz", "model_rescale": 4.121658175737393, "target_rescale": 4.060598484904066},
{"mapping": [1, 0, 8, 9, 5, 7, 11, 3, 13, 6, 12, 10, 14], "R": [[0.8442394924506968, -0.43318342798873377, -0.3156133664826629], [-0.42437237452989085, -0.8999459694889589, 0.10002669511905418], [-0.32736488376496997, 0.04949110744878942, -0.9436010084569857]], "T": [-0.026730715806968078, -0.11621932050144482, 0.016701733522472964], "aligned_model": [[-0.49695847774014, -0.36742900942625245, 0.30422164308461974, 0.056000762577018595, -0.6450929033098758, -0.47672289060435813, 0.41732410905962036, 0.0030307338983796145, 0.6505473661184231, -0.24294776817589442, -0.18449774801076113, 0.47843891948241013, -0.019177240517992297], [0.44665934208496294, -0.3504941369975866, 0.02435286613785642, 0.7036517743047427, -0.7169098562143287, 0.18866262713643275, -0.45513695731793136, -0.1084124739370004, 0.002160840426482874, -0.7123875789571512, 0.6535283138893252, 0.21918903576096763, -0.10447635690506198], [-0.33726211519509763, -0.4975560733927199, -0.7038997571617563, -0.3955874771722256, -0.27367439827489776, 0.2687733311821689, 0.08050051924478029, 0.6323815101936722, -0.19791015656777944, 0.4647292416932647, 0.17763721202376104, 0.2701002207092604, -0.06715662332334213]], "inverted": true, "swapped": true, "error_lsq": 0.05336330563512414, "error_max": 0.2943168249891757, "target": "145.xyz", "model": "9.xyz", "model_rescale": 3.833441315466971, "target_rescale": 4.060598484904066},
{"mapping": [5, 2, 1, 11, 13, 0, 10, 8, 4, 3, 7, 12, 9, 6, 14], "R": [[0.078576965778489, -0.09702924266488104, -0.9921748769833503], [0.4194566383909876, -0.8996480636332613, 0.12120020672695243], [-0.9043681711331834, -0.42569788309175727, -0.02999205515496023]], "T": [-0.03370455336522671, -0.008183035380140806, -0.061018200947351074], "aligned_model": [[-0.01097969999291177, 0.48243864930586255, -0.5106996877552878, 0.015364878503574826, 0.4851637238726668, 0.03259469517164723, 0.37088553158925935, 0.6429655910369497, -0.4621300503309618, 0.07657304367320794, -0.018889909395286564, -0.446151242136109, 0.5798683955680969, -0.6990779000521771, 0.015331994101829609], [-0.1429926512446531, 0.21674593763564676, -0.5133269498442531, 0.09329089898572629, -0.37819819132443994, -0.6601295300318984, -0.5379253478700711, 0.04801393686923005, 0.41133619086097944, 0.7959523441554313, 0.5528867470303832, -0.27579188252789927, 0.5215531070900197, 0.10365001274138613, 0.07207090309618974], [-0.723396604865142, -0.5078441249514635, -0.31184523370480005, 0.6117613413575227, -0.540133047995897, -0.24647207515438366, 0.42005776918025045, 0.321759513087154, -0.5867251463589119, -0.37009261386152686, 0.2980015789696715, 0.2872536629190191, -0.03241781229940015, -0.138485916231662, -0.0741165969628566]], "inverted": true, "swapped": false, "error_lsq": 0.053783901509162596, "error_max": 0.3531371012153035, "target": "145.xyz", "model": "10.xyz", "model_rescale": 4.2482417240324, "target_rescale": 4.060598484904066},
{"mapping": [0, 8, 13, 9, 6, 3, 11, 12, 1, 7, 4, 14], "R": [[-0.07197095521912511, -0.9644166697652918, -0.25440257208540773], [-0.4328755527363968, 0.2599926632521006, -0.8631468999528638], [0.8985760610254458, 0.04800314712499759, -0.43618431931706364]], "T": [-0.08367920188834685, 0.14436679793001467, 0.09315536493878945], "aligned_model": [[-0.5482139376183233, 0.028201615613775544, 0.2695119960173057, 0.5792547343412837, -0.6019745251805007, 0.06906721841856753, -0.1716014775247792, 0.5540764359275258, 0.125677337832662, 0.040124634317361574, -0.37913041474426346, -0.08822801503760885], [-0.251898584037621, -0.6411925422470197, -0.21905906215973725, -0.3841808510449783, 0.7044367225889168, 0.7337991571386282, 0.1611704347926663, 0.22760515959088978, -0.17883315794245452, 0.4395256709516777, 0.014811593231696785, 0.05994684918797413], [-0.15704922184359066, 0.2307624782159507, 0.6049711013771719, -0.26763748674711846, 0.2366359962065649, 0.18931306429216324, 0.6482296377413654, -0.3860535737540321, -0.6244438065258782, -0.41334231475816025, -0.5804182858660574, 0.08422470151597747]], "inverted": true, "swapped": true, "error_lsq": 0.04595448320353027, "error_max": 0.23276459078904682, "target": "145.xyz", "model": "11.xyz", "model_rescale": 3.6694154284099745, "target_rescale": 4.060598484904066},
{"mapping": [10, 9, 1, 8, 13, 3, 11, 6, 0, 5, 4, 2, 7, 14], "R": [[-0.8986863269575889, -0.04216254006475165, -0.43656065552768947], [0.4308441753059411, 0.10139853664306686, -0.896711566431251], [0.08207424897262955, -0.9939520395783354, -0.07295999365163064]], "T": [-0.006030947853868068, -0.050418895590098295, -0.05640693306116836], "aligned_model": [[-0.005989292309666494, 0.026112560579431288, -0.2516565428141775, 0.6479536613845354, 0.5087637924479972, -0.42449745275015716, 0.3439804057151876, -0.22781703162899017, 0.2387143527541901, 0.051399433861360214, -0.26133352387083253, 0.46870765617207155, -0.5692236321326252, 0.0531504628474857], [-0.4128725891048839, 0.49073855018582113, 0.6891685501798978, 0.31292131185313254, -0.26323568193363855, -0.5027220543833884, -0.4867046022480559, -0.45510593367385066, 0.43491788314401103, 0.3100223600640085, 0.5859614698008869, -0.133711094384451, 0.1527605991152902, 0.008848519521474293], [-0.6046160514639131, -0.8014780146476402, -0.2928713495100393, -0.3544749394342056, -0.5129954972345524, -0.07418093005785535, 0.0007504954230912811, 0.5680403332901545, 0.3177174552522457, 0.7768415683023506, 0.23959654415652085, 0.526906474970012, -0.07916968832526014, -0.07097094106849336]], "inverted": false, "swapped": true, "error_lsq": 0.051686048450137356, "error_max": 0.2783794829773688, "target": "145.xyz", "model": "12.xyz", "model_rescale": 3.9764082729961374, "target_rescale": 4.060598484904066},
{"mapping": [13, 5, 11, 7, 6, 14, 3, 4, 12, 9, 2, 8, 0, 1, 15], "R": [[0.5028762724934722, 0.7261494763865073, -0.46885220753097945], [0.09101786686673596, -0.583898598815608, -0.8067082336335727], [-0.8595529084786465, 0.36300050171421405, -0.35972132725365147]], "T": [0.0062674326609830425, 0.04142005132701663, -0.17706592502062818], "aligned_model": [[-0.10563467322580966, 0.6029016973006616, -0.4693598108181149, 0.3033117494040786, 0.5290543684429504, 0.1095880084561294, 0.003119431163103155, 0.6956227658254546, -0.33547441964570546, 0.06313525902080344, -0.2672465517825464, -0.4741986378857337, 0.32246840045947, -0.5003866552773432, 0.0763570817229633], [-0.29024276631510315, 0.48574541345908306, -0.5928673660875495, 0.10885645961902932, -0.3438428827407619, -0.742962212452952, -0.5716964470795528, 0.07662140426540578, 0.26332127954805984, 0.6243926467081582, 0.451384398095633, -0.15181487503232757, 0.5900292359494842, 0.4189204148027016, -0.01870917711753038], [-0.6790203455397525, -0.563623078180153, -0.1323121975842998, 0.5144907998040897, -0.5794651013473441, -0.2905443919640984, 0.399581017901857, 0.021463194174101974, -0.6681727222086268, -0.3127424884990241, 0.45013328463968855, 0.30404264374202133, 0.17811409132802952, -0.11289670333215675, -0.12174330980675893]], "inverted": false, "swapped": false, "error_lsq": 0.040424711983482416, "error_max": 0.24544932166375466, "target": "145.xyz", "model": "13.xyz", "model_rescale": 4.170626492500431, "target_rescale": 4.060598484904066},
{"mapping": [10, 13, 3, 11, 7, 5, 6, 9, 1, 8, 0, 2, 4, 14], "R": [[0.580475758366772, 0.6901470967748384, -0.4321398833268955], [0.7485749912244857, -0.6611367626360966, -0.05033551037114095], [-0.3204424698160068, -0.29427056581371447, -0.9004007205871695]], "T": [-0.04757860783188251, 0.00283419913030962, -0.03790929273480169], "aligned_model": [[0.02859599725073541, -0.10751613806669175, -0.2053033119108872, -0.5177107653434426, 0.3139364684808998, -0.31895078798307686, -0.6325320206077061, 0.7758044559336941, 0.7081684537278473, 0.15356817734474515, -0.01980819393958428, -0.632377219531045, 0.31554275029497364, -0.018234843558818097], [-0.5020953314611809, -0.7115706596116589, 0.11468303943274431, -0.3050555272386352, 0.3982770223533631, 0.6772298559852142, 0.47033205260508293, -0.3926333690552775, 0.20737704531783246, -0.5105757082792441, 0.26649793639438096, 0.10338563532314571, 0.5669534903939607, -0.02673101423406206], [-0.4516115018838144, 0.031451477165689745, -0.6232476844279601, -0.05522425626901652, -0.30608437151917733, 0.5089607561810682, -0.2432634163392285, 0.0831742969334285, 0.18624589035057615, 0.549037680743736, 0.5663516994339879, 0.43163182043393494, 0.2902518533464009, 0.03619885697124081]], "inverted": false, "swapped": true, "error_lsq": 0.05418304553637087, "error_max": 0.42290101697406784, "target": "145.xyz", "model": "14.xyz", "model_rescale": 3.9786697098870705, "target_rescale": 4.060598484904066},
{"mapping": [7, 10, 6, 4, 11, 2, 9, 8, 0, 1, 13, 14], "R": [[0.2240004664685284, -0.9072376924287548, -0.35601061846303095], [-0.9359433800351411, -0.3020986690628315, 0.1809596184756732], [-0.27172372069857476, 0.2926707426221725, -0.9167933551366464]], "T": [0.030186422409244844, 0.016547339089091603, -0.1848472071402878], "aligned_model": [[0.07873052869583483, -0.6058264001572253, 0.4916557416315346, 0.5182190448271741, -0.059658444518897825, 0.5514743501149252, -0.4997754132518849, -0.13917810728121552, 0.5394112090510463, 0.047785856182302765, -0.4746273737715201, 0.035143605245262464], [-0.5457571056992161, 0.11739316652047385, 0.2172389405509335, -0.49841638105485514, 0.5598638006031875, 0.5566989664329882, -0.4378078960212431, 0.24401839870501857, -0.004481617837621701, -0.6643970656952268, 0.44631100389155876, 0.02401027982844161], [-0.38595223153602765, -0.31608640783246167, -0.7761711477364246, 0.048420792577656024, -0.29822824447314794, -0.08964226804832823, 0.41658215358304107, 0.5688961742626475, 0.2342816615061023, 0.26151802516448736, 0.0966558118969636, -0.10030782549067764]], "inverted": false, "swapped": true, "error_lsq": 0.056822204009230916, "error_max": 0.28328929212500253, "target": "145.xyz", "model": "15.xyz", "model_rescale": 3.769337070930944, "target_rescale": 4.060598484904066},
{"mapping": [8, 0, 10, 11, 9, 1, 12, 4, 3, 6, 14], "R": [[0.8402389502039522, 0.538949139400025, -0.05943342241645955], [-0.2822367139189201, 0.5283212464051044, 0.8007615736991924], [0.46296970081897426, -0.6560567702088973, 0.5960273235235614]], "T": [-0.13398308157346234, 0.09356581601500735, 0.07487975206414911], "aligned_model": [[-0.31712879768941193, -0.262909507662352, -0.05086429768900312, -0.6286164697780741, 0.44068284850541045, 0.5076121382938752, 0.627402179695562, 0.22017687888027182, -0.023686705843896844, -0.44614854678507604, -0.1438935892361351], [-0.08851728258468095, -0.5438671167075729, 0.7110850245863198, 0.3604673319008456, 0.11641728797683099, -0.3153073215094513, 0.2946542568497671, -0.5560898952253248, 0.5093651966617746, 0.059040091208433454, 0.048816924468400566], [-0.6879176678066228, -0.03682674653487315, -0.13408726444476693, 0.05999589559894168, -0.6450177280712632, -0.2156633158982204, -0.07729780287074466, 0.17634705007317597, 0.5164155520831623, 0.7849894272966047, 0.0032802077983834776]], "inverted": false, "swapped": true, "error_lsq": 0.04485352358072333, "error_max": 0.2035667295484317, "target": "145.xyz", "model": "16.xyz", "model_rescale": 3.7852294659196426, "target_rescale": 4.060598484904066},
{"mapping": [2, 7, 3, 6, 0, 4, 9, 12, 11, 13, 8, 10, 14], "R": [[0.6286165872864629, -0.24025234841887896, -0.7396756013736931], [0.38439995152953926, -0.7308064011807338, 0.5640555657533682], [-0.6760753385920899, -0.6389059500994477, -0.3670440347902595]], "T": [0.0043031902052300276, -0.008668953922624706, -0.005583296197998734], "aligned_model": [[-0.010705755322964123, -0.30329745622924315, 0.3248701168556104, 0.10600397166621815, -0.5093121943131489, -0.7357766817401941, -0.2239891455340514, -0.15124513129335346, 0.46269432855343845, 0.4745176207013693, -0.07195314634510257, 0.5228360726199216, -0.03087674940221702], [-0.19500950767947803, -0.2240668722034607, -0.4180219747332091, -0.7483129248826174, 0.06150567647995017, -0.10039433889735563, 0.767605171293431, 0.23065756713719524, -0.03406668449602862, 0.5191812162818569, 0.7223173445249891, 0.23414322316884073, 0.05951772770876082], [-0.7388095873940845, 0.461291021830353, 0.3255892087520973, -0.21884089037861362, -0.4138673479640658, 0.034983564581544425, 0.43520757806360016, 0.7439696514563978, -0.3301640360113211, -0.14360616855711425, -0.33482563021137074, 0.31701834001673534, -0.042191007040984434]], "inverted": true, "swapped": true, "error_lsq": 0.05367965162416646, "error_max": 0.36839123960076714, "target": "145.xyz", "model": "17.xyz", "model_rescale": 3.901054581598922, "target_rescale": 4.060598484904066},
{"mapping": [8, 1, 5, 12, 0, 2, 13, 7, 4, 6, 11, 9, 6, 10, 14], "R": [[-0.5453997751750692, -0.03928005093281395, 0.8372551360473697], [-0.6150793371766594, 0.6973422997181087, -0.36795533153112575], [-0.5694001178585277, -0.715661089219314, -0.40449068117834286]], "T": [0.030963857176834603, -0.05021353496669466, -0.13031968628779433], "aligned_model": [[-0.17385088681464422, 0.4442351802036914, -0.4168601301288388, 0.32458856750049275, 0.7080518661434725, 0.15667805230718326, -0.05153296309882967, 0.5991204763279622, -0.3088419956409435, 0.2205408236686519, -0.0845744310664182, -0.4319753308691569, 0.2205408236686519, -0.6796074240362182, 0.026745384995304485], [-0.3064225979366991, 0.2607230753184506, -0.4855391515292853, -0.022598732951819744, -0.27484408365024293, -0.8470697612724781, -0.6219782276430587, 0.25272652529462847, 0.3273426017496526, 0.6755957574789591, 0.4992121445497868, -0.13933313473760656, 0.6755957574789591, 0.3585535113348076, -0.04482815786227646], [-0.7072305016098942, -0.5974500614335894, -0.1247222803110419, 0.5515872401136305, -0.38838452932381745, -0.31185259715671265, 0.3098866393751684, 0.028117682413123235, -0.7365847404748367, -0.09890010568205601, 0.43670175560338087, 0.33004389442019827, -0.09890010568205601, -0.10906635003094534, -0.07594124709297785]], "inverted": true, "swapped": false, "error_lsq": 0.05079288328210228, "error_max": 0.37386264725563717, "target": "145.xyz", "model": "18.xyz", "model_rescale": 3.9405287249114394, "target_rescale": 4.060598484904066},
{"mapping": [12, 13, 1, 5, 14, 3, 2, 11, 4, 7, 8, 6, 9, 0, 15], "R": [[-0.6168499894933934, -0.5222335203194516, -0.5888703089108446], [0.5028332409598858, -0.8370601506509743, 0.21561316281235215], [-0.605520290533503, -0.16310258871925237, 0.7789369186945119]], "T": [0.05369780909203629, 0.008306841144542857, -0.2035546937189443], "aligned_model": [[-0.05744678949557474, 0.5692653143128376, -0.41418002705046236, 0.16436072299981966, 0.6252440280744892, 0.0254558486476427, 0.0832353465416105, 0.7361779644112181, -0.4010390410774925, 0.03760888524739927, -0.3281363405091031, -0.3879602233604194, 0.45714189150378143, -0.6211284150915689, 0.06465884800618385], [-0.17820518651763367, 0.2728694509889968, -0.44949102495528226, 0.16122232855728688, -0.3595317893757628, -0.8072962684852093, -0.4807716783594089, 0.021977201204188092, 0.4040807622846842, 0.7117784785182668, 0.42816560148449545, -0.09744932426687808, 0.5737198147136477, 0.1232418075569766, -0.017174647726590435], [-0.7065449560019582, -0.5434467624770389, -0.1197044210867197, 0.6061571167134028, -0.5747266532471305, -0.44732211177661046, 0.5142579689265988, 0.027198769421181157, -0.6173691800039594, -0.22578869654335548, 0.29663872796923607, 0.38977259491686234, 0.12286664235335198, -0.13972853445941696, -0.17495581157686935]], "inverted": true, "swapped": false, "error_lsq": 0.047915582855137334, "error_max": 0.32056352327998716, "target": "145.xyz", "model": "19.xyz", "model_rescale": 4.410303926677745, "target_rescale": 4.060598484904066},
{"mapping": [4, 6, 7, 0, 12, 2, 1, 3, 11, 13, 8, 9, 10, 14], "R": [[0.08583823077376009, 0.22098231532672805, 0.9714929821931138], [0.47838913883012546, 0.8461895420402974, -0.23474899529285126], [-0.873942578197791, 0.48490212956273016, -0.03308012633784327]], "T": [0.08107101165685003, -0.11293568695597339, 0.0483438635740982], "aligned_model": [[-0.38907670091975055, 0.34579875017254824, 0.21014285754384104, -0.54392318136055, 0.28564070245130946, -0.25906337880519553, -0.32685233273879355, 0.6669289710935701, 0.24031989304261503, 0.12041998798372652, -0.4632848556829886, -0.16341659196683134, 0.5306815013275019, 0.006872267319869965], [0.06722819209481862, -0.7257144580289894, 0.21151128006625397, -0.2515344158162197, 0.6479832769205076, -0.7848837121110783, 0.5333846678166991, -0.17428062794542473, -0.5040779363407111, -0.0485125355023861, 0.0660274719758902, 0.7319216502246313, 0.1351161007526719, -0.09322048792546181], [-0.5032715262994865, -0.34828752245776207, -0.43854490597236045, -0.11163663506704788, -0.10150825473732031, 0.1215785031691263, -0.23291311356655492, -0.13335789129741019, 0.4195145407777797, 0.7646392228671657, 0.6142107996347015, 0.32303895700680196, 0.4584982703165725, 0.08485459435081624]], "inverted": false, "swapped": true, "error_lsq": 0.04753520539087548, "error_max": 0.27295659049644655, "target": "145.xyz", "model": "20.xyz", "model_rescale": 4.121658175737393, "target_rescale": 4.060598484904066},
{"mapping": [6, 7, 12, 3, 10, 2, 1, 11, 0, 8, 9, 13, 14], "R": [[0.2954688108630955, -0.44497616806453466, -0.8453959969515775], [-0.5057350532741443, -0.8235977778554274, 0.2567464823544825], [-0.8105123303793392, 0.3516858117214926, -0.468387502114273]], "T": [0.06495901022405266, -0.12712931919832615, 0.09865392245588334], "aligned_model": [[0.10228077047204422, -0.024865250566993, 0.20900856439769827, 0.5055746261009408, 0.6590808522862593, -0.23122701208652557, -0.4015421181109013, 0.3585555406187339, -0.5703980372227155, -0.16287469335389632, -0.0001254834062094784, 0.4220006305382949, 0.015614514997564367], [-0.7321965022795117, 0.21055082716682583, 0.6333278545540032, -0.1962897434760707, 0.09591192576714008, -0.792822764306144, 0.5380226726827415, -0.5344218275861294, -0.2451383260733032, 0.045440208721351544, 0.7134893871060214, -0.08815147161967288, -0.10689533649406893], [0.5838300187066533, 0.585367154909259, 0.3090266825081557, 0.5241923965130425, -0.07216106226874322, -0.10553947080102088, 0.15510273152711973, -0.1543955332708291, -0.03482418604406334, -0.6542524949934099, -0.273017575199844, -0.5256694992475517, 0.032450577143020964]], "inverted": true, "swapped": true, "error_lsq": 0.056948553380596095, "error_max": 0.3435281944032327, "target": "145.xyz", "model": "21.xyz", "model_rescale": 4.08911054899281, "target_rescale": 4.060598484904066},
{"mapping": [2, 0, 15, 12, 4, 2, 14, 13, 8, 6, 10, 9, 7, 5, 16], "R": [[0.5411761499133969, -0.7574194122153194, -0.36530016255719544], [-0.1138800931119554, 0.3643966913275323, -0.9242544972800297], [0.833162468644457, 0.5417849069039742, 0.1109478052659312]], "T": [-0.03030706503120005, -0.0013998314701624895, -0.1497317931212412], "aligned_model": [[0.15641824748638905, 0.4973190470179647, -0.3834970146604538, 0.1945243252009673, 0.5744027573712072, 0.15641824748638905, -0.024589819889567557, 0.5684117329926219, -0.4353782592151106, 0.03289563718085427, -0.1615671050693197, -0.43352899345926377, 0.40210439046465873, -0.6064725874641357, 0.015797407717159373], [-0.5795684889881675, 0.3039301882809058, -0.6294926413836749, 0.01750558612866798, -0.2571790732308588, -0.5795684889881675, -0.4704559973081198, -0.02367677299166763, 0.35051125823335, 0.6980380921131119, 0.6149756960020235, -0.003880986717632047, 0.5143963504850738, 0.3450490497515061, 0.006551754235425922], [-0.5397426782286824, -0.6277105197419655, -0.2604715759908465, 0.5531643138432022, -0.3846683718869406, -0.5397426782286824, 0.2881908168733205, 0.1291400498417867, -0.5888649513388604, -0.39944390343626207, 0.3542398531422296, 0.43759565546762746, 0.07998720880456331, 0.0641268457222823, -0.15849537171519773]], "inverted": false, "swapped": false, "error_lsq": 0.04153419141916812, "error_max": 0.28343606567220386, "target": "145.xyz", "model": "22.xyz", "model_rescale": 4.204369325754507, "target_rescale": 4.060598484904066},
{"mapping": [12, 13, 1, 5, 14, 3, 2, 11, 4, 7, 8, 6, 9, 0, 15], "R": [[-0.6168499894933934, -0.5222335203194516, -0.5888703089108446], [0.5028332409598858, -0.8370601506509743, 0.21561316281235215], [-0.605520290533503, -0.16310258871925237, 0.7789369186945119]], "T": [0.05369780909203629, 0.008306841144542857, -0.2035546937189443], "aligned_model": [[-0.05744678949557474, 0.5692653143128376, -0.41418002705046236, 0.16436072299981966, 0.6252440280744892, 0.0254558486476427, 0.0832353465416105, 0.7361779644112181, -0.4010390410774925, 0.03760888524739927, -0.3281363405091031, -0.3879602233604194, 0.45714189150378143, -0.6211284150915689, 0.06465884800618385], [-0.17820518651763367, 0.2728694509889968, -0.44949102495528226, 0.16122232855728688, -0.3595317893757628, -0.8072962684852093, -0.4807716783594089, 0.021977201204188092, 0.4040807622846842, 0.7117784785182668, 0.42816560148449545, -0.09744932426687808, 0.5737198147136477, 0.1232418075569766, -0.017174647726590435], [-0.7065449560019582, -0.5434467624770389, -0.1197044210867197, 0.6061571167134028, -0.5747266532471305, -0.44732211177661046, 0.5142579689265988, 0.027198769421181157, -0.6173691800039594, -0.22578869654335548, 0.29663872796923607, 0.38977259491686234, 0.12286664235335198, -0.13972853445941696, -0.17495581157686935]], "inverted": true, "swapped": false, "error_lsq": 0.047915582855137334, "error_max": 0.32056352327998716, "target": "145.xyz", "model": "23.xyz", "model_rescale": 4.410303926677745, "target_rescale": 4.060598484904066},
{"mapping": [5, 0, 15, 11, 12, 6, 14, 7, 4, 3, 10, 9, 1, 8, 16], "R": [[-0.09780922302790407, -0.6712920811583519, 0.7347110300415847], [-0.3003485109997708, 0.7237390698782895, 0.6212829714968284], [-0.9488014164359675, -0.15990215916552564, -0.27240993312158185]], "T": [0.0778297943357943, -0.034553828722999766, -0.05986606522527864], "aligned_model": [[-0.09311266330983974, 0.5585471672086717, -0.44320206014764263, 0.1726386042858754, 0.5545015479519683, 0.1343006899912081, -0.0035118118158787154, 0.7224703472584213, -0.3445419076058999, 0.0867845903977545, -0.2749795992559112, -0.4051603471331464, 0.49951593334246924, -0.7106265062799126, 0.09963402827222387], [-0.22248192663259192, 0.25361822481642016, -0.5207159463275178, 0.028770060066495698, -0.32910284072552465, -0.7507639891240644, -0.5756006211886446, 0.04612380235148013, 0.31492592482659637, 0.793675662017245, 0.4394943461327702, -0.11047437096382502, 0.666140344313832, 0.19558096878583298, 0.0779458872732732], [-0.635247451453653, -0.5660809267843206, -0.09841983098934363, 0.5628078954276362, -0.6362346570278815, -0.30836583150676583, 0.3386334974920962, 0.08106148372849246, -0.47621978533468334, -0.4108741946606304, 0.21324161680688458, 0.3317671536646105, 0.2000258846543026, -0.09274925621119663, -0.09604090467797333]], "inverted": true, "swapped": false, "error_lsq": 0.03900243516922328, "error_max": 0.2623365625111568, "target": "145.xyz", "model": "24.xyz", "model_rescale": 4.28219845311461, "target_rescale": 4.060598484904066},
{"mapping": [2, 4, 14, 5, 0, 6, 10, 1, 13, 7, 9, 11, 3, 12, 15], "R": [[-0.3588313055729846, -0.29514541292569635, -0.8855107449205275], [0.7026814165045553, -0.7098742310160409, -0.04813941252795184], [-0.6143931323183383, -0.6395058728176817, 0.46211829393755466]], "T": [0.031032220135398744, 0.052022682315364124, -0.09919431891829102], "aligned_model": [[-0.060166618539665456, 0.4810969987011297, -0.4959600236713856, 0.2684772063385047, 0.6058875852250903, 0.2643038940336118, -0.1857651604958559, 0.6305847365524959, -0.3566021029354213, -0.02748761826091094, -0.16307150211142957, -0.33827516320629925, 0.5719103166554944, -0.7239389358604212, 0.08226440073542339], [-0.2592468467540009, 0.34210370508085297, -0.4829837057150699, 0.055641231104288626, -0.3080423683819471, -0.8073957380746258, -0.6119296421856572, 0.043935658352900246, 0.27771656345524265, 0.7854477128243673, 0.5812309569503881, -0.061079764685383536, 0.586533687980725, 0.14171438853785062, 0.023489687131846196], [-0.7021653600845933, -0.5971333396343015, -0.2264419696971885, 0.7186610873399366, -0.5524587456382203, -0.23769139402141964, 0.2774633842672346, 0.12519101693953216, -0.4887047302431361, -0.3525895810822912, 0.2738151058240561, 0.28459854753488534, 0.04843431782684372, -0.019232755137569127, -0.14444089106619443]], "inverted": false, "swapped": false, "error_lsq": 0.04506385285921109, "error_max": 0.3001263751835418, "target": "145.xyz", "model": "25.xyz", "model_rescale": 4.100010024507729, "target_rescale": 4.060598484904066},
{"mapping": [0, 8, 13, 9, 6, 3, 11, 12, 1, 7, 4, 14], "R": [[-0.07197095521912511, -0.9644166697652918, -0.25440257208540773], [-0.4328755527363968, 0.2599926632521006, -0.8631468999528638], [0.8985760610254458, 0.04800314712499759, -0.43618431931706364]], "T": [-0.08367920188834685, 0.14436679793001467, 0.09315536493878945], "aligned_model": [[-0.5482139376183233, 0.028201615613775544, 0.2695119960173057, 0.5792547343412837, -0.6019745251805007, 0.06906721841856753, -0.1716014775247792, 0.5540764359275258, 0.125677337832662, 0.040124634317361574, -0.37913041474426346, -0.08822801503760885], [-0.251898584037621, -0.6411925422470197, -0.21905906215973725, -0.3841808510449783, 0.7044367225889168, 0.7337991571386282, 0.1611704347926663, 0.22760515959088978, -0.17883315794245452, 0.4395256709516777, 0.014811593231696785, 0.05994684918797413], [-0.15704922184359066, 0.2307624782159507, 0.6049711013771719, -0.26763748674711846, 0.2366359962065649, 0.18931306429216324, 0.6482296377413654, -0.3860535737540321, -0.6244438065258782, -0.41334231475816025, -0.5804182858660574, 0.08422470151597747]], "inverted": true, "swapped": true, "error_lsq": 0.04595448320353027, "error_max": 0.23276459078904682, "target": "145.xyz", "model": "26.xyz", "model_rescale": 3.6694154284099745, "target_rescale": 4.060598484904066},
