[{"mapping": [10, 6, 5, 0, 7, 3, 4, 2, 1, 9, 11], "R": [[0.5667563626969725, -0.760256172628807, 0.31748665692009115], [0.11207918772037806, -0.3106250227680417, -0.9439016637925235], [0.8162263662872196, 0.5705459203343333, -0.09083981377903932]], "T": [-0.006041734074780765, 0.004843957281814405, 0.21534143671589387], "aligned_model": [[-0.33425526174467984, 0.5825683565017912, 0.06999670048173595, -0.05844110877550738, 0.48475379073872055, -0.6031296520544578, -0.6024006595308399, 0.30804151841636734, 0.6172374718322999, -0.06267536181818059, -0.004804800712796445], [-0.4446353469347371, -0.3898392432077309, 0.10973012504471184, 0.5209909856773357, -0.4941419102809959, -0.18082128873173742, 0.5101176306679154, 0.7075082718783354, 0.2666206099996102, -0.5272986549295122, 0.04701153597729929], [-0.17453749487742762, 0.36672776363390125, -0.6043556907721291, -0.12176083947183411, -0.42241726895706033, 0.5035201129088889, 0.41881874197460534, 0.4527541934995306, 0.003500517404585679, 0.5033922949084928, 0.16009090557889535]], "inverted": false, "swapped": false, "error_lsq": 0.05254863689394906, "error_max": 0.2537992610119723, "target": "146.xyz", "model": "0.xyz", "model_rescale": 3.751011558992144, "target_rescale": 3.7521651410846077},
{"mapping": [3, 8, 7, 6, 0, 9, 10, 4, 1, 5, 14], "R": [[-0.3780394542206099, -0.5829421224461897, -0.7192111323738775], [0.38767703260291914, -0.8051490325892984, 0.4488224077658245], [-0.8407096344427003, -0.10914905953991777, 0.5303713730554969]], "T": [-0.038661441339246094, -0.0585407695774618, 0.10513233668458995], "aligned_model": [[-0.08096908430071209, 0.44084725172186445, -0.0004486659535793136, -0.06274091966696321, 0.47259789888942694, -0.6283779652687091, -0.36044306690909267, 0.3601370710724103, 0.5186649740564717, -0.1714422111964669, -0.09093428911019699], [-0.6439307673922389, -0.16532215098369693, 0.09491966776845243, 0.5992957158345961, -0.36312562113590485, -0.13389558344306668, 0.47149670965768753, 0.4778604851892069, 0.24179162408875093, -0.3918726774508918, -0.06197468697240063], [-0.3836769342158662, 0.5513244500210704, -0.5388138580896082, -0.255973025300409, -0.3653423956120006, 0.38929020612713217, 0.6417612626479008, 0.5279885892016852, -0.18619783589064987, 0.6163516177619015, 0.08902115917929197]], "inverted": false, "swapped": false, "error_lsq": 0.041756853195683064, "error_max": 0.1953737617690904, "target": "146.xyz", "model": "1.xyz", "model_rescale": 3.9405287249114394, "target_rescale": 3.7521651410846077},
{"mapping": [11, 2, 10, 3, 9, 6, 7, 4, 8, 0, 12], "R": [[0.28591080379065137, 0.4454492706370925, 0.8484279342199115], [-0.9360557950307908, 0.3193054082378801, 0.14779582152183815], [-0.20507208699639745, -0.8364323066207588, 0.5082582370960838]], "T": [0.038859177027718406, -0.012292007515620255, 0.22297887265615574], "aligned_model": [[-0.2288484790235718, 0.5146050324613236, 0.04667443357555201, -0.18097607180633374, 0.4400017079016433, -0.49101472606782487, -0.4741216273117616, 0.36058200500116944, 0.5752955117171517, -0.28113614744628956, 0.11582935433339454], [-0.5102849963942229, -0.3673534822147959, 0.1461275610010241, 0.4323808050352667, -0.25126489550313547, -0.12527184169015046, 0.5420750904945482, 0.5931871083212796, 0.298529716591997, -0.6084672744722974, -0.02441507600901912], [-0.21055299809438394, 0.5572943789429636, -0.6054710542485799, -0.06116586461174672, -0.43456027889379406, 0.26569768909123825, 0.4647177155820408, 0.36989784395987013, -0.2421186276139457, 0.7180627359154906, 0.2639316958012955]], "inverted": true, "swapped": false, "error_lsq": 0.046233322270659814, "error_max": 0.23084532324917512, "target": "146.xyz", "model": "2.xyz", "model_rescale": 3.932901565614263, "target_rescale": 3.7521651410846077},
{"mapping": [4, 6, 0, 3, 2, 7, 8, 10, 1, 5, 13], "R": [[0.919139611781504, -0.23706853783371162, -0.3146122731610012], [0.2985491283761592, 0.9402487459935662, 0.1637092349360963], [0.25700348635764064, -0.24439886257286958, 0.9349964727062374]], "T": [-0.019873965598887072, 0.1541996077442866, 0.18769388272509963], "aligned_model": [[-0.1223012369340421, 0.4619656503911813, -0.02578527411003481, -0.24762826952928788, 0.45501403743708146, -0.6686600635418758, -0.5268085957296553, 0.5677991672958158, 0.5602759121023373, -0.08696264910619553, 0.029982315059128767], [-0.6157216561394201, -0.2938050669446729, 0.05613617185014938, 0.5018592423591448, -0.3436989596041981, -0.1438014572510234, 0.6331530838494777, 0.3219310092147448, 0.34993740892621583, -0.44378713845793866, 0.10304007735801485], [-0.2122514961009665, 0.37158150221358377, -0.4751024269472833, -0.10886341963291157, -0.2821765828110267, 0.18388445695288724, 0.4166208886305721, 0.5613941719084414, -0.22929706862021626, 0.5810266242638615, 0.2789165859735069]], "inverted": false, "swapped": false, "error_lsq": 0.04953433758429828, "error_max": 0.30537642444340174, "target": "146.xyz", "model": "3.xyz", "model_rescale": 3.9243930471874484, "target_rescale": 3.7521651410846077},
{"mapping": [7, 0, 4, 10, 2, 9, 11, 6, 3, 1, 12], "R": [[0.3085002274741974, -0.9265349614637441, -0.21531505946808954], [-0.024895017508465622, -0.23414256016462504, 0.9718834804763421], [-0.9508984423962541, -0.29446600263007183, -0.0952991371600232]], "T": [-0.08267395183706695, 0.08357879759439121, 0.1150778859723221], "aligned_model": [[-0.10593082275800032, 0.5935972911340152, 0.03918675128164366, -0.23363075292314173, 0.5487804384679991, -0.7297281563039932, -0.4356947100716513, 0.3236481524437386, 0.530221538702705, -0.11665723154728945, -0.016901505091572067], [-0.6095543594745071, -0.37635856673058665, -0.03195612698058031, 0.6820403945480273, -0.46185321642105925, 0.0049270255411229535, 0.5998174078286951, 0.5696500559104745, 0.2692843698676758, -0.5588509527635287, 0.038096683834760545], [-0.28734515442030456, 0.34839565252414806, -0.45428045433626224, -0.2257790938542254, -0.27860188410112857, 0.38493367525880107, 0.5998542498210062, 0.46170967064959084, -0.09186637818433033, 0.42538330412946995, 0.20332964834368314]], "inverted": false, "swapped": false, "error_lsq": 0.04529565618436296, "error_max": 0.21287964268366702, "target": "146.xyz", "model": "4.xyz", "model_rescale": 3.8936222436046832, "target_rescale": 3.7521651410846077},
{"mapping": [1, 9, 2, 10, 0, 5, 7, 8, 3, 6, 11], "R": [[0.8140096561087301, -0.4553482328236661, -0.3606192821052576], [0.46860902115142633, 0.8816612124491824, -0.05548956440755169], [0.34321110858660875, -0.12382040755466042, 0.9310610300166949]], "T": [0.022521805624567265, 0.08658999810672913, 0.11745271065782117], "aligned_model": [[-0.10221755574360811, 0.4665744404898131, -0.012874638251725107, -0.10870539719929487, 0.5959888179263945, -0.7135201631082899, -0.3323275578679824, 0.49193654509697393, 0.5077514596442438, -0.26827898078643153, -0.1274359768656403], [-0.6559774799212523, -0.23279235873142717, 0.12359875516774364, 0.6680908408285142, -0.36607463708409116, -0.23527050275100997, 0.39135727666750497, 0.5216378125800114, 0.25701331479452016, -0.35739174199818574, 0.011051435608166238], [-0.15848641208788725, 0.4052861893064921, -0.6272189677252322, -0.09255583830612771, -0.38149480444391637, 0.22616745344061123, 0.5657231229489359, 0.48656790652341664, -0.13904311447441461, 0.7115265656488247, 0.08926113499974596]], "inverted": false, "swapped": false, "error_lsq": 0.04514085787813588, "error_max": 0.21165199048545405, "target": "146.xyz", "model": "5.xyz", "model_rescale": 3.6523030999806103, "target_rescale": 3.7521651410846077},
{"mapping": [1, 3, 8, 9, 5, 6, 10, 11, 7, 2, 12], "R": [[0.5750594823672541, -0.818104836955186, -0.0033267837373205378], [0.06121270535735099, 0.047081735585757845, -0.9970136984400302], [0.8158183599566392, 0.5731385399052848, 0.07715320883085926]], "T": [0.01965326302577578, -0.018070492805578636, 0.09436144519131041], "aligned_model": [[-0.07397404500404917, 0.5777182326984849, -0.25915749251129516, -0.04802892283052742, 0.32047678072401303, -0.6165244567937357, -0.5036336697587318, 0.4584522633515331, 0.6576417331142042, -0.2333957200578344, 0.11731629040239164], [-0.7043171465390081, -0.30792890480196583, 0.08820440846487297, 0.671835100414612, -0.22142288252390968, -0.13009941306740566, 0.42636510219541635, 0.607853122921399, 0.21463938052285314, -0.4699299732113341, -0.04995607921503603], [0.04264758414611713, 0.38963469756461766, -0.509520422911462, -0.11085129647414203, -0.4818820335416353, 0.021204819364758223, 0.46492969739336737, 0.5305312145808933, 0.019295563548078862, 0.6493396937172411, 0.07040371844261427]], "inverted": false, "swapped": false, "error_lsq": 0.05423342485768332, "error_max": 0.2918448916723109, "target": "146.xyz", "model": "6.xyz", "model_rescale": 4.08911054899281, "target_rescale": 3.7521651410846077},
{"mapping": [8, 0, 11, 13, 9, 5, 7, 2, 1, 4, 14], "R": [[-0.1514280505588939, 0.977220160137479, 0.14869533995661502], [-0.9749226923714229, -0.12283497353341029, -0.1855729322296291], [-0.1630806224025074, -0.17306740853761757, 0.9713147701434817]], "T": [-0.0753885559520286, -0.018774301595931856, 0.06947223107953603], "aligned_model": [[-0.10851717948247278, 0.7425327496190824, -0.07871975616436577, -0.09699266469264686, 0.49129373389986214, -0.7881978711554115, -0.3521939420409973, 0.34661277634102006, 0.5648965500450086, -0.3629202613049794, 0.03909685827035313], [-0.667174961165774, -0.13021376042862368, 0.06222449865324772, 0.6845332564123442, -0.4024234921018425, -0.07656663688503486, 0.46248734318908075, 0.5364743752632122, 0.26829487582820766, -0.5501667452738667, -0.06222603833045684], [-0.1394010612710077, 0.5202961080113319, -0.5118703189032565, -0.13248386238036042, -0.3129434967614717, 0.3322728317722375, 0.6089673395174274, 0.4741366916889604, -0.14400453408891484, 0.4325109052191816, -0.041747366973679076]], "inverted": true, "swapped": false, "error_lsq": 0.04498753940013048, "error_max": 0.24527739659417702, "target": "146.xyz", "model": "7.xyz", "model_rescale": 3.964800864290218, "target_rescale": 3.7521651410846077},
{"mapping": [3, 1, 10, 9, 5, 6, 4, 7, 8, 0, 13], "R": [[-0.44599744544154196, 0.8924888878237878, -0.06745267800967636], [-0.6958304183074586, -0.3931484691779208, -0.6010443495625967], [-0.5629443201753493, -0.22112861934655992, 0.7963641290817901]], "T": [-0.04836740331403319, 0.06407543208620861, 0.19714306768351025], "aligned_model": [[-0.2656958708260021, 0.5766523717611424, -0.07919860081142752, 0.05056475431617015, 0.39493605158340894, -0.610480220564544, -0.5819151840612061, 0.45700666177716376, 0.5788646886041731, -0.12447408164866566, 0.0006304232042400118], [-0.5993082266538897, -0.192675275363031, 0.0647163069133048, 0.5786728956188938, -0.28744348897217054, -0.07796440649809935, 0.35971304059640574, 0.4026221267108766, 0.32729188244382423, -0.535953469384302, 0.0855713297486817], [0.0005390132291148986, 0.5235618878542943, -0.6239434317473136, -0.24924085395902995, -0.4184763098399114, 0.1781776223637694, 0.54788309264214, 0.5670570507304116, -0.16112301295534737, 0.5809821790774696, 0.14031599843485135]], "inverted": true, "swapped": false, "error_lsq": 0.045006571354366094, "error_max": 0.24367612160507537, "target": "146.xyz", "model": "8.xyz", "model_rescale": 4.121658175737393, "target_rescale": 3.7521651410846077},
{"mapping": [11, 2, 10, 5, 3, 7, 9, 4, 0, 8, 12], "R": [[0.26311149966077046, -0.1565275172626476, 0.9519829174338437], [0.9103687223241829, 0.36693553031133924, -0.19127756274318078], [-0.3193761546516828, 0.9169827986035115, 0.23904271355800955]], "T": [0.01920567642536197, -0.013548033755292302, 0.17895638051904306], "aligned_model": [[-0.25838111096034877, 0.5701958468971684, 0.04069181048357284, -0.13995602663473516, 0.4113584358412522, -0.6530630074591881, -0.4461825562019185, 0.2866940809873977, 0.6407717764394768, -0.14310010187719263, 0.0878618458189684], [-0.48110304549795924, -0.4147661161734409, 0.029117665918835793, 0.47553705503760085, -0.489858465706913, -0.06857202200394304, 0.4954682795701439, 0.7841791912365302, 0.38439147129893464, -0.603880342596968, 0.014729044077673205], [-0.14871717809791174, 0.31229929650275484, -0.5788026937980613, -0.16336106641469694, -0.3130076193494286, 0.1635262898338764, 0.6453317687371447, 0.46216857243603604, -0.09330080809627833, 0.5735675019975919, 0.22602917207942172]], "inverted": true, "swapped": false, "error_lsq": 0.04778820067209051, "error_max": 0.25727473377533316, "target": "146.xyz", "model": "9.xyz", "model_rescale": 3.833441315466971, "target_rescale": 3.7521651410846077},
{"mapping": [3, 8, 6, 12, 7, 5, 0, 10, 11, 2, 14], "R": [[-0.6732269374007396, -0.6476681645342423, -0.3567792586556382], [-0.7386546809249098, 0.6112269790376264, 0.2842372995302643], [0.03398165837243372, 0.45489287612072266, -0.8898975885734699]], "T": [-0.044485106874191147, 0.0483264981000324, 0.06121423159599053], "aligned_model": [[-0.07435594856622926, 0.5589047229434982, -0.3272421213584461, 0.048419049972806286, 0.4265397884804483, -0.6638651953636906, -0.35396335920581623, 0.3972776591164142, 0.601766089291805, -0.19885268069905587, -0.017737011277281077], [-0.7827566600976518, -0.11544676398880457, 0.19082570353006176, 0.5729545978575217, -0.27727168187079737, -0.11397715802331604, 0.48583267678900777, 0.5160212253277587, 0.21362244305338782, -0.5218433513428788, -0.04271831607379482], [-0.18924607808281796, 0.526680013661763, -0.539595235087647, -0.2201293873047538, -0.27942538726483757, 0.2790697586288031, 0.4814933253496531, 0.5729382238296776, -0.08152231971294059, 0.4707594059849799, 0.06471091582856825]], "inverted": true, "swapped": false, "error_lsq": 0.047564103135439795, "error_max": 0.30112236215666904, "target": "146.xyz", "model": "10.xyz", "model_rescale": 4.2482417240324, "target_rescale": 3.7521651410846077},
{"mapping": [4, 7, 0, 1, 10, 6, 2, 3, 8, 5, 11], "R": [[-0.3302588442270098, 0.008584490199064349, 0.9438513666557157], [-0.326247607932056, 0.9372896847225253, -0.12268066364085595], [-0.8857153008322999, -0.34844562479786073, -0.30674753858959863]], "T": [0.05165769156862384, 0.019679211321025455, 0.09924684187701761], "aligned_model": [[-0.28007635771792283, 0.4586907645573359, -0.15841956193560802, -0.07471516536776865, 0.41278635085910803, -0.5791762226747765, -0.32319442197543885, 0.4624303911796149, 0.574436418553776, -0.16938886479001417, 0.07351766264614737], [-0.7636692412776392, -0.1352766014101322, 0.07942492455108037, 0.645852263308228, -0.21872991354623675, -0.12899785868061242, 0.4348867214009422, 0.576513715016197, 0.2953737836673826, -0.5561553176963564, -0.10397976017235894], [-0.10607559378814403, 0.61777265636415, -0.626106501842168, -0.20255402583705628, -0.3779842794400817, 0.11988272419531713, 0.5838558625622112, 0.5226529722065112, -0.06674332152237529, 0.5278949323135055, 0.09313781061857843]], "inverted": true, "swapped": false, "error_lsq": 0.04556601296067613, "error_max": 0.24528383942826404, "target": "146.xyz", "model": "11.xyz", "model_rescale": 3.6694154284099745, "target_rescale": 3.7521651410846077},
{"mapping": [4, 8, 1, 12, 3, 6, 7, 10, 2, 11, 13], "R": [[0.13673295101789784, 0.9854078125781615, 0.10136835312789033], [-0.9887327163308449, 0.1294642909411815, 0.0751439487126316], [0.06092385216782223, -0.11050086099673896, 0.9920069777758689]], "T": [-0.10837916427993549, 0.08611007354481046, 0.1535513678369919], "aligned_model": [[-0.16244420016688405, 0.5418116931382382, 0.18552232731866297, -0.07760544090409718, 0.43082640723932913, -0.6112217871504886, -0.346713021966745, 0.228456864215711, 0.47970993295766, -0.12041341561082745, -0.15103836573610577], [-0.5634135961683331, -0.23837413826183987, 0.034872745516221285, 0.6920299075221826, -0.4503380564790369, -0.14140681298716806, 0.4793815992997522, 0.5568416263302979, 0.20684793801856682, -0.5091833924352176, 0.057984894805068674], [-0.19698340094808406, 0.3646430458565834, -0.6385787626050788, -0.1525248204052662, -0.24984627226495756, 0.2770025582772931, 0.7372463205135146, 0.4152421824023611, -0.10313356585586039, 0.5900253247501903, 0.042640626109752694]], "inverted": false, "swapped": false, "error_lsq": 0.04640331090357927, "error_max": 0.24889989406368085, "target": "146.xyz", "model": "12.xyz", "model_rescale": 3.9764082729961374, "target_rescale": 3.7521651410846077},
{"mapping": [7, 1, 3, 14, 8, 4, 6, 13, 11, 0, 15], "R": [[0.36095377866000933, 0.8121294010032136, -0.4584301535645563], [-0.5468211393178197, -0.21389087624315672, -0.8094673153717178], [-0.7554462332067204, 0.5428595850550089, 0.3668848043292079]], "T": [0.10634929014428893, -0.031107747234586154, 0.30909790221477124], "aligned_model": [[-0.28512004104626076, 0.6234124954870747, -0.020582397359045684, -0.03468945483566063, 0.494450285438108, -0.6006306565379388, -0.3766300150711921, 0.2679992538999202, 0.5233444076557576, -0.21932226167692867, 0.024659377380619213], [-0.5378478323556922, -0.37556615370033536, 0.02098340055481856, 0.6228359618715619, -0.24367409004975246, -0.15744045427352693, 0.5510230905177088, 0.5478184784955159, 0.3759880720974365, -0.6572942408428885, -0.021583517154352472], [-0.09215008568257393, 0.44069055458076173, -0.52133469971217, -0.12825062849048174, -0.242124379630476, 0.29998067124064687, 0.416398807013444, 0.42396417475201664, -0.2302839334113425, 0.47920507154975467, 0.2396376836208688]], "inverted": true, "swapped": false, "error_lsq": 0.044405117439758314, "error_max": 0.1970675286232952, "target": "146.xyz", "model": "13.xyz", "model_rescale": 4.170626492500431, "target_rescale": 3.7521651410846077},
{"mapping": [6, 4, 11, 10, 5, 3, 1, 8, 12, 2, 13], "R": [[0.5816094829301242, 0.8129605747544648, 0.02873174656445271], [0.6404458311572736, -0.47939429547325274, 0.6000085389567159], [0.5015571220898203, -0.3305695287872037, -0.7994774793065677]], "T": [-0.039276140052344144, 0.10080647649419283, 0.23649549212292292], "aligned_model": [[-0.09006018443348722, 0.555890423587363, -0.2211069562816142, 0.10594230918575598, 0.38250379794018174, -0.6414418020541388, -0.6635497615710291, 0.5553649444449147, 0.5851800315362999, -0.1346282979063424, -0.037203511113450584], [-0.6273770939263557, -0.19253514980801378, 0.03865047872882238, 0.5860245727670352, -0.30713143622604944, -0.20311337871308788, 0.4846191939356599, 0.47958069910627454, 0.21342163868968814, -0.4047019096590524, 0.0578051002655732], [-0.18142667244359467, 0.4870759829770585, -0.4437499322220955, -0.01210721507285406, -0.4584204536062709, 0.09330735872280699, 0.46841080705811305, 0.4699229149280868, -0.12830368029213207, 0.6467410341555843, 0.1442830916257459]], "inverted": false, "swapped": false, "error_lsq": 0.052987529413625785, "error_max": 0.2739589650243477, "target": "146.xyz", "model": "14.xyz", "model_rescale": 3.9786697098870705, "target_rescale": 3.7521651410846077},
{"mapping": [7, 4, 6, 9, 1, 8, 3, 0, 1, 5, 11], "R": [[0.7076128056683834, -0.180820434503996, 0.6830725347427645], [-0.06881879336418778, 0.9444708201330066, 0.3213080198146061], [-0.7032411328513261, -0.27436989700598013, 0.6558758027880826]], "T": [0.03390878140380496, -0.049352727372055, 0.134883156655811], "aligned_model": [[-0.2344861209911556, 0.42083669328216367, 0.009150603187829703, -0.30214439006938565, 0.6092570171904182, -0.4085913508977378, -0.4383464643308821, 0.36518573762209516, 0.6092570171904182, -0.2548693666945552, 0.021641617845244137], [-0.5296716113305151, -0.31809616490718584, 0.1125376365592362, 0.42609354913115, 0.014529677599279159, -0.10790150039279532, 0.6393651688850702, 0.5098886322633878, 0.014529677599279159, -0.6371565804774307, 0.0011242302310189578], [-0.23135986576508846, 0.5260077990428663, -0.6400582820874893, -0.08519267607298475, -0.21946912202269866, 0.40505680472844907, 0.5193202445569238, 0.38249225590418245, -0.21946912202269866, 0.599375782200397, 0.0490294173685895]], "inverted": true, "swapped": false, "error_lsq": 0.06302390375107138, "error_max": 0.4169282873983982, "target": "146.xyz", "model": "15.xyz", "model_rescale": 3.769337070930944, "target_rescale": 3.7521651410846077},
{"mapping": [5, 0, 6, 8, 4, 7, 9, 3, 2, 1, 10], "R": [[0.329531234515818, -0.5566250842886477, 0.7626124054977975], [0.2821469877223515, -0.712760668843644, -0.6421567614444037], [0.9010006896765864, 0.42677950336235404, -0.07782681229562427]], "T": [-0.014132126400853207, -0.014289729637738596, 0.11730128770544021], "aligned_model": [[-0.16187830759370964, 0.5231656847432922, 0.027003297673086166, -0.19092045742702754, 0.4489332211266139, -0.6907671638794781, -0.2731035993880189, 0.30794135616633717, 0.5642161898167659, -0.20041949176594115, 0.0427202638625334], [-0.6340215725651251, -0.31136653216951904, 0.0742766700621627, 0.6472200836122406, -0.38589910866127436, -0.245015828924107, 0.6054723152593829, 0.42932915299036367, 0.4107614790315838, -0.47615122836586926, 0.010637284890655348], [-0.09282826833825059, 0.3186133592735807, -0.6051741784731042, -0.18707408043986382, -0.3881781657627419, 0.12548634406535478, 0.5751314601450512, 0.5402840267380516, -0.05981605577760157, 0.7442856733948685, 0.11500312100510367]], "inverted": true, "swapped": false, "error_lsq": 0.04336062887156342, "error_max": 0.22786191044173987, "target": "146.xyz", "model": "16.xyz", "model_rescale": 3.7852294659196426, "target_rescale": 3.7521651410846077},
{"mapping": [10, 11, 5, 1, 6, 0, 3, 2, 7, 9, 12], "R": [[0.2966133991583296, 0.31444450655145395, 0.9017456092154562], [-0.21756302914890713, -0.8971599856949578, 0.38440901188106286], [0.9298853799191024, -0.3102073699437781, -0.19769817360125208]], "T": [-0.03875075242649749, 0.06016208905067446, 0.15107501284342242], "aligned_model": [[-0.07238504341115483, 0.5705186404654561, -0.02894373997588566, -0.08599933259957591, 0.4778322163373565, -0.6815282628054088, -0.47385730398806986, 0.3167686298232506, 0.5865426439000891, -0.18972750799503268, -0.02232994641657143], [-0.6805801187876668, -0.21742564373268594, 0.18403653384488647, 0.6872273679788481, -0.3793196842233129, -0.09603317527305574, 0.6223754555979897, 0.4992358751764706, 0.1966099054872711, -0.6618364214376422, -0.029047379470608613], [-0.1642419566902187, 0.450521054604768, -0.49450066435802087, -0.12965771036751608, -0.42110594039170535, 0.318965653716135, 0.5075771733225519, 0.3853978674952577, -0.13496199014127627, 0.601836541417559, 0.16590320722291405]], "inverted": false, "swapped": false, "error_lsq": 0.034140662851304876, "error_max": 0.16195774960098194, "target": "146.xyz", "model": "17.xyz", "model_rescale": 3.901054581598922, "target_rescale": 3.7521651410846077},
{"mapping": [3, 8, 7, 6, 0, 9, 10, 4, 1, 5, 14], "R": [[-0.3780394542206099, -0.5829421224461897, -0.7192111323738775], [0.38767703260291914, -0.8051490325892984, 0.4488224077658245], [-0.8407096344427003, -0.10914905953991777, 0.5303713730554969]], "T": [-0.038661441339246094, -0.0585407695774618, 0.10513233668458995], "aligned_model": [[-0.08096908430071209, 0.44084725172186445, -0.0004486659535793136, -0.06274091966696321, 0.47259789888942694, -0.6283779652687091, -0.36044306690909267, 0.3601370710724103, 0.5186649740564717, -0.1714422111964669, -0.09093428911019699], [-0.6439307673922389, -0.16532215098369693, 0.09491966776845243, 0.5992957158345961, -0.36312562113590485, -0.13389558344306668, 0.47149670965768753, 0.4778604851892069, 0.24179162408875093, -0.3918726774508918, -0.06197468697240063], [-0.3836769342158662, 0.5513244500210704, -0.5388138580896082, -0.255973025300409, -0.3653423956120006, 0.38929020612713217, 0.6417612626479008, 0.5279885892016852, -0.18619783589064987, 0.6163516177619015, 0.08902115917929197]], "inverted": false, "swapped": false, "error_lsq": 0.041756853195683064, "error_max": 0.1953737617690904, "target": "146.xyz", "model": "18.xyz", "model_rescale": 3.9405287249114394, "target_rescale": 3.7521651410846077},
{"mapping": [8, 11, 4, 12, 7, 1, 3, 14, 13, 2, 15], "R": [[0.20425452701471358, 0.8691175484270394, 0.4504606255935902], [-0.2601275105422908, -0.3954293429584784, 0.8808912038308117], [0.943723352711517, -0.2971032173228676, 0.14531315082722163]], "T": [0.03273579859442509, -0.04023844228884869, 0.057396558563078834], "aligned_model": [[-0.11115840122756158, 0.597023591469425, -0.10738301782422961, -0.11663624728645806, 0.3922408018260187, -0.6114181905983775, -0.40067523464618787, 0.353388555353927, 0.6371067404761428, -0.26170750441349855, 0.026109900205252848], [-0.7162454835071027, -0.15155795841127376, 0.11215822657772725, 0.47245653443133134, -0.29693276368696675, -0.008795464589228232, 0.4950474115106302, 0.5270926034778127, 0.243471520264494, -0.4968454840201297, -0.05460642688680027], [-0.2501438371850064, 0.4914477698761525, -0.6438929688219271, -0.06495913180171824, -0.4907728741443225, 0.19738370561529417, 0.5584479789397028, 0.47579380540873345, -0.01726445622344326, 0.7357316039265326, 0.09396164024045009]], "inverted": false, "swapped": false, "error_lsq": 0.03932996414672192, "error_max": 0.19487662686298643, "target": "146.xyz", "model": "19.xyz", "model_rescale": 4.410303926677745, "target_rescale": 3.7521651410846077},
{"mapping": [3, 1, 10, 9, 5, 6, 4, 7, 8, 0, 13], "R": [[-0.44599744544154196, 0.8924888878237878, -0.06745267800967636], [-0.6958304183074586, -0.3931484691779208, -0.6010443495625967], [-0.5629443201753493, -0.22112861934655992, 0.7963641290817901]], "T": [-0.04836740331403319, 0.06407543208620861, 0.19714306768351025], "aligned_model": [[-0.2656958708260021, 0.5766523717611424, -0.07919860081142752, 0.05056475431617015, 0.39493605158340894, -0.610480220564544, -0.5819151840612061, 0.45700666177716376, 0.5788646886041731, -0.12447408164866566, 0.0006304232042400118], [-0.5993082266538897, -0.192675275363031, 0.0647163069133048, 0.5786728956188938, -0.28744348897217054, -0.07796440649809935, 0.35971304059640574, 0.4026221267108766, 0.32729188244382423, -0.535953469384302, 0.0855713297486817], [0.0005390132291148986, 0.5235618878542943, -0.6239434317473136, -0.24924085395902995, -0.4184763098399114, 0.1781776223637694, 0.54788309264214, 0.5670570507304116, -0.16112301295534737, 0.5809821790774696, 0.14031599843485135]], "inverted": true, "swapped": false, "error_lsq": 0.045006571354366094, "error_max": 0.24367612160507537, "target": "146.xyz", "model": "20.xyz", "model_rescale": 4.121658175737393, "target_rescale": 3.7521651410846077},
{"mapping": [1, 3, 8, 9, 5, 6, 10, 11, 7, 2, 12], "R": [[0.5750594823672541, -0.818104836955186, -0.0033267837373205378], [0.06121270535735099, 0.047081735585757845, -0.9970136984400302], [0.8158183599566392, 0.5731385399052848, 0.07715320883085926]], "T": [0.01965326302577578, -0.018070492805578636, 0.09436144519131041], "aligned_model": [[-0.07397404500404917, 0.5777182326984849, -0.25915749251129516, -0.04802892283052742, 0.32047678072401303, -0.6165244567937357, -0.5036336697587318, 0.4584522633515331, 0.6576417331142042, -0.2333957200578344, 0.11731629040239164], [-0.7043171465390081, -0.30792890480196583, 0.08820440846487297, 0.671835100414612, -0.22142288252390968, -0.13009941306740566, 0.42636510219541635, 0.607853122921399, 0.21463938052285314, -0.4699299732113341, -0.04995607921503603], [0.04264758414611713, 0.38963469756461766, -0.509520422911462, -0.11085129647414203, -0.4818820335416353, 0.021204819364758223, 0.46492969739336737, 0.5305312145808933, 0.019295563548078862, 0.6493396937172411, 0.07040371844261427]], "inverted": false, "swapped": false, "error_lsq": 0.05423342485768332, "error_max": 0.2918448916723109, "target": "146.xyz", "model": "21.xyz", "model_rescale": 4.08911054899281, "target_rescale": 3.7521651410846077},
{"mapping": [9, 7, 14, 2, 12, 11, 1, 0, 13, 5, 16], "R": [[0.6973497556255634, -0.28914219129062835, -0.6558201823248663], [-0.26436913397609973, -0.9542628806609362, 0.13961130181120365], [-0.6661923741155359, 0.0760207064446631, -0.7418952573389052]], "T": [0.010061662920539578, 0.030214122242348197, 0.1384993135328935], "aligned_model": [[-0.12156307959785538, 0.669648437878772, -0.028834583245692196, -0.2145891321325926, 0.45311025782771736, -0.7248414517679053, -0.445464804988833, 0.4117404528906973, 0.5992299641998191, -0.25041767544913246, 0.04887260771945795], [-0.6057839609842824, -0.13735872999142837, -0.07333734533024935, 0.6686833484877126, -0.3666952777530496, -0.07236842315098309, 0.5650344871250514, 0.5177895037117836, 0.15542753436847856, -0.5835119997661851, 0.05736357844364559], [-0.15429579717002892, 0.34504425659340143, -0.4936294403968742, -0.11278319042011567, -0.29869672576773176, 0.32634835840748205, 0.5079058586925359, 0.5868337815947622, -0.13340559672004407, 0.36919351674362133, 0.14321821427344006]], "inverted": false, "swapped": false, "error_lsq": 0.040982330120758956, "error_max": 0.2534299977896363, "target": "146.xyz", "model": "22.xyz", "model_rescale": 4.204369325754507, "target_rescale": 3.7521651410846077},
{"mapping": [8, 11, 4, 12, 7, 1, 3, 14, 13, 2, 15], "R": [[0.20425452701471358, 0.8691175484270394, 0.4504606255935902], [-0.2601275105422908, -0.3954293429584784, 0.8808912038308117], [0.943723352711517, -0.2971032173228676, 0.14531315082722163]], "T": [0.03273579859442509, -0.04023844228884869, 0.057396558563078834], "aligned_model": [[-0.11115840122756158, 0.597023591469425, -0.10738301782422961, -0.11663624728645806, 0.3922408018260187, -0.6114181905983775, -0.40067523464618787, 0.353388555353927, 0.6371067404761428, -0.26170750441349855, 0.026109900205252848], [-0.7162454835071027, -0.15155795841127376, 0.11215822657772725, 0.47245653443133134, -0.29693276368696675, -0.008795464589228232, 0.4950474115106302, 0.5270926034778127, 0.243471520264494, -0.4968454840201297, -0.05460642688680027], [-0.2501438371850064, 0.4914477698761525, -0.6438929688219271, -0.06495913180171824, -0.4907728741443225, 0.19738370561529417, 0.5584479789397028, 0.47579380540873345, -0.01726445622344326, 0.7357316039265326, 0.09396164024045009]], "inverted": false, "swapped": false, "error_lsq": 0.03932996414672192, "error_max": 0.19487662686298643, "target": "146.xyz", "model": "23.xyz", "model_rescale": 4.410303926677745, "target_rescale": 3.7521651410846077},
{"mapping": [8, 11, 3, 0, 10, 5, 12, 7, 1, 15, 16], "R": [[0.9806625100916013, 0.08545411588543891, -0.17606429331093146], [-0.19564747600865037, 0.45016809959540727, -0.8712466626840554], [0.004806915048585228, 0.888845473738207, 0.45818186059993504]], "T": [0.038502549567724344, -0.06707792096029899, 0.26383747510191147], "aligned_model": [[-0.13508988823964072, 0.6449744168585015, 0.00979583643665028, -0.18069798761304764, 0.3456944504825516, -0.5897306755179339, -0.44404726582624776, 0.3745943805903996, 0.6302846559979883, -0.30961776138486263, 0.050730831550094446], [-0.7473501113212896, -0.1881772363402841, 0.19419061475946967, 0.5995440324804493, -0.41434359426765777, -0.052390522138049164, 0.5291056609744749, 0.49121744006388024, 0.34080891496076704, -0.6107418366065829, -0.01662064740468383], [-0.1637161236573671, 0.3989238053137412, -0.5964913350039222, -0.015361569983614265, -0.1931347717909787, 0.2372042506962725, 0.5044339153880547, 0.3952888640675843, -0.204945648700128, 0.5680676293620925, 0.15546422013871344]], "inverted": false, "swapped": false, "error_lsq": 0.03779462709995239, "error_max": 0.15728889009150615, "target": "146.xyz", "model": "24.xyz", "model_rescale": 4.28219845311461, "target_rescale": 3.7521651410846077},
{"mapping": [3, 13, 0, 6, 4, 5, 10, 14, 2, 9, 15], "R": [[0.8245031951772167, 0.5645799139034834, -0.038000025780197635], [-0.5497882465286589, 0.8151709503118493, 0.18228879764434047], [0.13389311080672975, -0.12940572856103316, 0.9825104540380653]], "T": [0.0380983718812146, -0.08502286693200889, 0.18948249811860854], "aligned_model": [[-0.22809866564480843, 0.5898373001757904, 0.12783813567466232, -0.0943921549376851, 0.3381925486369451, -0.7870257190192989, -0.3221252210175592, 0.2802103321489395, 0.5547905326771106, -0.1133677491301473, 0.05103165377050348], [-0.7309052421140562, -0.1867647191411447, 0.1929075331600843, 0.717845259512617, -0.4102013661263131, -0.21835686183044634, 0.5685041562961944, 0.556475571588824, 0.2966172336335932, -0.5976438711234081, -0.06323497869545054], [-0.14521204844794453, 0.3848007191078743, -0.5722626295551767, -0.19787543300397506, -0.3926265997013382, 0.35280108657125914, 0.45938287206696016, 0.5211542891489609, -0.047498659360766304, 0.6031869870070451, 0.11988265199754974]], "inverted": false, "swapped": false, "error_lsq": 0.04356152557507695, "error_max": 0.22389273176500296, "target": "146.xyz", "model": "25.xyz", "model_rescale": 4.100010024507729, "target_rescale": 3.7521651410846077},
{"mapping": [4, 7, 0, 1, 10, 6, 2, 3, 8, 5, 11], "R": [[-0.3302588442270098, 0.008584490199064349, 0.9438513666557157], [-0.326247607932056, 0.9372896847225253, -0.12268066364085595], [-0.8857153008322999, -0.34844562479786073, -0.30674753858959863]], "T": [0.05165769156862384, 0.019679211321025455, 0.09924684187701761], "aligned_model": [[-0.28007635771792283, 0.4586907645573359, -0.15841956193560802, -0.07471516536776865, 0.41278635085910803, -0.5791762226747765, -0.32319442197543885, 0.4624303911796149, 0.574436418553776, -0.16938886479001417, 0.07351766264614737], [-0.7636692412776392, -0.1352766014101322, 0.07942492455108037, 0.645852263308228, -0.21872991354623675, -0.12899785868061242, 0.4348867214009422, 0.576513715016197, 0.2953737836673826, -0.5561553176963564, -0.10397976017235894], [-0.10607559378814403, 0.61777265636415, -0.626106501842168, -0.20255402583705628, -0.3779842794400817, 0.11988272419531713, 0.5838558625622112, 0.5226529722065112, -0.06674332152237529, 0.5278949323135055, 0.09313781061857843]], "inverted": true, "swapped": false, "error_lsq": 0.04556601296067613, "error_max": 0.24528383942826404, "target": "146.xyz", "model": "26.xyz", "model_rescale": 3.6694154284099745, "target_rescale": 3.7521651410846077},
{"mapping": [11, 4, 9, 7, 10, 6, 1, 5, 8, 2, 13], "R": [[-0.6563758690359894, 0.7393336604250266, 0.1501880724617678], [0.32484082946114545, 0.45663760267297704, -0.8282273452018302], [-0.6809178761511882, -0.49484122543257036, -0.5398916627899966]], "T": [0.010614095081501192, 0.040531815696420836, 0.06413055143185536], "aligned_model": [[-0.19327650052153061, 0.6818178772339588, -0.0167867504995398, -0.06979981392596901, 0.39418787524476956, -0.625250213383449, -0.43141651173875745, 0.23480719999606703, 0.580794015961347, -0.15600620659294845, -0.002179978439494879], [-0.7251195802957424, -0.27223681543964073, 0.013494086120679372, 0.6292095177281587, -0.36693014028825, -0.0011461104756058937, 0.5109144690088174, 0.6452670692213854, 0.22219007534249563, -0.5240649431340957, -0.006334912627708009], [-0.26508371631042277, 0.42077019629826234, -0.6165908969676981, -0.14352467023910204, -0.15663318990499434, 0.31933627921785396, 0.6666218424831474, 0.522400367778092, -0.1600397564991043, 0.40412734728627786, 0.09434943268813611]], "inverted": false, "swapped": false, "error_lsq": 0.03777615254241616, "error_max": 0.21003434502971885, "target": "146.xyz", "model": "27.xyz", "model_rescale": 4.103607728864725, "target_rescale": 3.7521651410846077},
{"mapping": [13, 7, 2, 0, 4, 10, 9, 5, 1, 11, 14], "R": [[0.42194333934585926, 0.8893019094383818, -0.17636873943789855], [-0.7686323417998084, 0.24772352148180754, -0.5897773987225986], [-0.48079948161474517, 0.3844153623021597, 0.7880714991072141]], "T": [-0.14685464522287106, -0.06871427740930847, 0.1355920731739828], "aligned_model": [[-0.1253430238704452, 0.4867147901620168, 0.009342598295221993, 0.030667710669404352, 0.3922563237468486, -0.6312863572839851, -0.41364726150991876, 0.22560374911375042, 0.5857525309893666, -0.11117326907752816, -0.051996797900278224], [-0.6692017712565076, -0.09043368150102592, 0.0353133268679795, 0.5815438149623472, -0.43847717818582443, -0.02649326358941126, 0.5691967607271841, 0.39302139326839153, 0.35049975364861047, -0.5991425240068923, 0.01941608422564256], [-0.10694566169133887, 0.47939330004113445, -0.5758159566498017, -0.09965666209419755, -0.4922964897736024, 0.28829629265501167, 0.5737873873562842, 0.5636286665791136, -0.16508575042025952, 0.5708321771017745, 0.04959593272632977]], "inverted": false, "swapped": false, "error_lsq": 0.045247061704605206, "error_max": 0.21125649275047997, "target": "146.xyz", "model": "28.xyz", "model_rescale": 4.137296879288765, "target_rescale": 3.7521651410846077},
{"mapping": [2, 6, 1, 7, 5, 3, 8, 9, 0, 4, 10], "R": [[-0.9589553859850811, -0.001146419314831143, -0.2835546744685381], [0.2660282403899574, 0.34250048260659216, -0.901067364146141], [0.09815061388105058, -0.9395169530865347, -0.3281377025850076]], "T": [0.021793826007226673, 0.030134838612603843, 0.11337882487621578], "aligned_model": [[-0.32322202213108964, 0.5831466307073567, 0.10579476325331663, -0.2172260652932352, 0.3231582634875668, -0.6207404332753678, -0.44251534570954154, 0.3565263945223377, 0.6004917987034466, -0.009452182749520997, 0.04092919181918382], [-0.4937469618774509, -0.2795215916925502, 0.09010967503279686, 0.6271327022940981, -0.484979408589812, -0.1529625662391645, 0.43083968276969636, 0.5557693328125455, 0.2928718955014841, -0.4800903330637358, 0.019820288212586547], [-0.3542011145083207, 0.43763759003600733, -0.6324802954863309, -0.20359951351036484, -0.19812548582096953, 0.2529989915690082, 0.4904815945617699, 0.5850319838090525, -0.18089696023332477, 0.6950350153382803, 0.1938514300756407]], "inverted": true, "swapped": false, "error_lsq": 0.0429447493843633, "error_max": 0.24417748551550084, "target": "146.xyz", "model": "29.xyz", "model_rescale": 3.607286011436655, "target_rescale": 3.7521651410846077},
{"mapping": [8, 0, 11, 13, 9, 5, 7, 2, 1, 4, 14], "R": [[-0.1514280505588939, 0.977220160137479, 0.14869533995661502], [-0.9749226923714229, -0.12283497353341029, -0.1855729322296291], [-0.1630806224025074, -0.17306740853761757, 0.9713147701434817]], "T": [-0.0753885559520286, -0.018774301595931856, 0.06947223107953603], "aligned_model": [[-0.10851717948247278, 0.7425327496190824, -0.07871975616436577, -0.09699266469264686, 0.49129373389986214, -0.7881978711554115, -0.3521939420409973, 0.34661277634102006, 0.5648965500450086, -0.3629202613049794, 0.03909685827035313], [-0.667174961165774, -0.13021376042862368, 0.06222449865324772, 0.6845332564123442, -0.4024234921018425, -0.07656663688503486, 0.46248734318908075, 0.5364743752632122, 0.26829487582820766, -0.5501667452738667, -0.06222603833045684], [-0.1394010612710077, 0.5202961080113319, -0.5118703189032565, -0.13248386238036042, -0.3129434967614717, 0.3322728317722375, 0.6089673395174274, 0.4741366916889604, -0.14400453408891484, 0.4325109052191816, -0.041747366973679076]], "inverted": true, "swapped": false, "error_lsq": 0.04498753940013048, "error_max": 0.24527739659417702, "target": "146.xyz", "model": "30.xyz", "model_rescale": 3.964800864290218, "target_rescale": 3.7521651410846077},
