[{"mapping": [6, 5, 8, 1, 0, 7, 4, 9, 2, 3, 11, 12], "R": [[0.4180154851768852, -0.1482925756921341, -0.8962546324270385], [0.3604951441077931, 0.9326587050776618, 0.013819946366058627], [0.8338502894567074, -0.32887239445938893, 0.4433245345517359]], "T": [-0.09276938616385876, -0.0021938037166952112, -0.09061240154079245], "aligned_model": [[-0.3145182469550141, 0.16550554842084209, 0.43337846363504795, -0.10322898921863716, -0.1913515847995385, -0.47685383981656815, 0.3452389832790049, -0.36077519444535666, 0.7251218683770503, 0.1963174576231258, -0.5522831278399761, -0.0289088757994318], [-0.378570022275603, -0.6661013163040418, -0.13400885028768866, 0.6656115805875882, 0.24842248245768628, -0.649263911021737, -0.398006403828834, -0.3486465193482882, 0.22757710009925386, 0.36435929346003776, 0.22756567217257395, -0.10538406973389006], [-0.6573327434478898, -0.21944293905019274, -0.507103505693175, -0.13374429418569778, -0.6308261491194019, 0.0395580084377149, 0.5310847136616599, 0.6984198531274498, 0.1281633532615695, 0.44659768848330617, 0.4575374238724813, 0.029040336005738437]], "inverted": true, "swapped": true, "error_lsq": 0.049057461297962034, "error_max": 0.24195666708952496, "target": "148.xyz", "model": "0.xyz", "model_rescale": 3.751011558992144, "target_rescale": 3.9717607504061085},
{"mapping": [3, 7, 11, 6, 10, 5, 2, 8, 13, 4, 0, 1, 14], "R": [[-0.5519238040334081, 0.5873614988037149, -0.5919346114769315], [-0.8025007812261019, -0.18117952124561168, 0.5684773321889861], [0.22665526835436256, 0.7887841598335154, 0.571355352230945]], "T": [-0.07634619877947829, 0.12622217569354716, 0.04403983465439318], "aligned_model": [[0.4269028521461114, -0.26671729033460995, -0.7083289696200898, -0.7410403699549226, -0.6290644543598036, 0.24634249471034275, 0.7456824035219574, 0.20372590225140114, 0.399823168774403, -0.4345123968588715, 0.32262526300928634, -0.22474336730547936, -0.08972247778823406], [-0.41324606394984326, -0.5013128660058164, -0.05648544905548053, -0.1742774097445901, 0.7082890307459468, 0.6053823554707063, 0.20118519793324363, 0.5610729404722861, 0.13556296930111356, 0.5956494224974151, -0.36966148568518575, -0.13684752630413544, 0.10986024427753849], [0.24182835977991615, -0.054121475120536694, 0.4956444074233891, -0.1337448756753691, 0.21183272582237914, 0.28144997808843675, -0.004823487819086453, -0.371751799142353, 0.5923806787273987, -0.4822006088895263, -0.3687866247147267, -0.5840192085096649, 0.09460835058659389]], "inverted": false, "swapped": false, "error_lsq": 0.04106405700936883, "error_max": 0.24502023246096932, "target": "148.xyz", "model": "1.xyz", "model_rescale": 3.9405287249114394, "target_rescale": 3.9717607504061085},
{"mapping": [3, 10, 8, 9, 2, 1, 7, 0, 4, 5, 6, 11, 12], "R": [[-0.7503128104266878, -0.5842883404441137, -0.3092536527361785], [0.28314408310083977, -0.7067497440159596, 0.6483318807049059], [-0.5973776985413752, 0.39888837355134726, 0.6957211731225166]], "T": [-0.0068955473146787155, 0.12140549712739347, 0.006324584996566789], "aligned_model": [[0.2262594160523026, -0.34032360392102695, -0.48199710747323227, -0.7341118247191939, -0.3622248282637137, 0.3409323469319561, 0.7491880339218594, 0.18907331549875583, 0.11186698253791681, -0.49550088448689794, 0.35134150260333147, -0.2540748418794117, -0.04945574861115516], [-0.36880515354103593, -0.6533048848232057, -0.2329097724491579, -0.2245832005506695, 0.7004251032667096, 0.7779178231689741, -0.051184390884834105, 0.6827072010519605, 0.11076987501699283, 0.4435146648672239, 0.03532531791596029, -0.14055764257347036, 0.1858564194877506], [0.1855784820182713, 0.018015371028353093, 0.5057532259349559, -0.036447065041938835, 0.057773835021456825, 0.2806121240822695, 0.1720357852716214, -0.584832407903683, 0.6973224626547737, -0.4244732665783043, -0.3931902610384614, -0.6084046227150315, 0.04855275782256741]], "inverted": true, "swapped": false, "error_lsq": 0.05080889097625129, "error_max": 0.2769522944941348, "target": "148.xyz", "model": "2.xyz", "model_rescale": 3.932901565614263, "target_rescale": 3.9717607504061085},
{"mapping": [9, 7, 3, 0, 1, 10, 12, 6, 11, 2, 5, 4, 13], "R": [[0.31516886604542793, -0.4098496406463753, 0.8559742156967558], [0.9208673275749882, -0.08604621337128829, -0.3802622965393257], [0.22950370559217226, 0.9080855252818978, 0.35029805579386497]], "T": [-0.1168828867917574, 0.02965903534763041, 0.11735749249431257], "aligned_model": [[0.44067435720533366, -0.15184567842801666, -0.4872693877498983, -0.753290811257686, -0.48754757278795335, 0.2936323303624915, 0.6173226795635384, 0.1879510746480605, 0.10553093592220777, -0.44698829255151196, 0.35166434299443805, -0.40510584195496235, -0.013755377774550367], [-0.44767691689390027, -0.6492232257054192, -0.12017923602940496, 0.07575979960962666, 0.6685354557952009, 0.5948986670989881, 0.1902356317541593, 0.4279395149024792, 0.27072975070803007, 0.4784768563114749, -0.15380162912954237, -0.13369545024896218, 0.06317214178046818], [0.15011795269994116, -0.1009061695652271, 0.43523767498442323, -0.08711745060247739, 0.17404285977365527, 0.2758720201680307, -0.017872508537001702, -0.3464756415530794, 0.9480955378665074, -0.502152667109026, -0.3960676371048758, -0.6910169533476112, 0.07653940288359161]], "inverted": false, "swapped": false, "error_lsq": 0.046402437843283434, "error_max": 0.36289195559774656, "target": "148.xyz", "model": "3.xyz", "model_rescale": 3.9243930471874484, "target_rescale": 3.9717607504061085},
{"mapping": [8, 10, 11, 6, 5, 1, 7, 0, 9, 0, 4, 3, 12], "R": [[0.4594766680924209, 0.6866005912222989, -0.5634366154341386], [-0.5028991809406475, -0.3217722487549299, -0.8022188191138511], [-0.7321021822723339, 0.6519526425012676, 0.1974440342165376]], "T": [-0.039666802919472936, -0.01625218768369259, 0.0507080828722571], "aligned_model": [[0.4151036450736331, -0.21457776174239349, -0.5633317797069339, -0.7440540242197767, -0.47216817570449277, 0.2537772791266953, 0.7035034808588442, -0.09750331088739478, 0.10038482919330935, -0.09750331088739478, 0.3313322389293039, -0.28085936937711337, -0.08313098246479496], [-0.3685279313363743, -0.699284727545748, -0.17002522478789373, 0.0008710756850613816, 0.6054639378219449, 0.6189682198793526, 0.1945800943206215, 0.666963572657168, 0.009118799105623382, 0.666963572657168, -0.2675968500752483, -0.08561261355412299, 0.09328943512564637], [0.3064853472690895, 0.05136038046455542, 0.6236504242413131, -0.10760158536424648, 0.05660058660283253, 0.19404650936705775, -0.1641556811408631, -0.45247529973146944, 0.741670632616277, -0.45247529973146944, -0.3385897993139178, -0.573766614432064, 0.033546819709755246]], "inverted": false, "swapped": false, "error_lsq": 0.05498297104722238, "error_max": 0.3950712971228189, "target": "148.xyz", "model": "4.xyz", "model_rescale": 3.8936222436046832, "target_rescale": 3.9717607504061085},
{"mapping": [6, 5, 7, 10, 9, 4, 2, 3, 1, 8, 11, 12], "R": [[-0.2866811764223388, 0.9580259208979751, -0.00048782444650180556], [0.5526165282982942, 0.1657817380232332, 0.8167811138790717], [0.7825783511806628, 0.23388619075435574, -0.5769474621122557]], "T": [0.08147066279490418, -0.07281324925781368, -0.0627557160450785], "aligned_model": [[0.1562066944708118, -0.43923624697505087, -0.4015485275264342, 0.3339104385455009, -0.5595937027236315, -0.6904364414498186, -0.07210142121070666, -0.0022753857389237464, 0.6357862780423189, 0.07062023452441894, 0.07930703478718432, -0.083090912530572], [-0.5291344476127657, -0.5499664312245885, -0.00716756887628589, 0.058560766937530984, 0.5478349238589069, 0.03013676129658588, -0.2507213807122779, 0.32185172411838764, 0.14337293260212247, -0.717521003535216, 0.6737950914238091, -0.05211846316640151], [-0.6088226080934921, -0.22170724814343845, -0.6505890541333467, -0.5424407075448167, -0.1978883206124773, 0.2958345332701459, 0.7824471679779225, 0.5235489959172324, 0.24372679280443083, 0.16507269739260672, -0.1463130675419883, -0.023584462017260527]], "inverted": true, "swapped": true, "error_lsq": 0.04570357488220702, "error_max": 0.31366369847142495, "target": "148.xyz", "model": "5.xyz", "model_rescale": 3.6523030999806103, "target_rescale": 3.9717607504061085},
{"mapping": [4, 2, 0, 1, 5, 7, 11, 9, 3, 8, 10, 6, 12], "R": [[-0.6220474394549385, -0.21043771931448677, 0.7541703715721484], [0.37529384562777895, 0.7652165235868349, 0.5230661540030974], [-0.6871764784256427, 0.6084074607690118, -0.3970249981791272]], "T": [-0.07087303598434838, 0.1106201068792715, -0.0856515525389811], "aligned_model": [[0.3050947177829224, -0.16362337696727905, -0.5949026202260925, -0.6668835369352556, -0.5053631959095413, 0.19247431165597997, 0.7609007586096634, 0.3513051606725899, -0.02950372804749335, -0.3824503227449223, 0.3974086570863833, -0.32181893014079166, -0.09166513664467253], [-0.29935819821383636, -0.6383254236949844, 0.16090155940502865, -0.20474065009683567, 0.5929039283191523, 0.5400038198608009, 0.23843766826181084, 0.5629353266929701, -0.025364835059633897, 0.5190256355676336, -0.19032969828299962, -0.14583236060463461, 0.15491458779872644], [0.0546967264212288, -0.0038615733880214276, 0.7569803367638281, 0.08076341586575064, 0.12056228427191257, 0.3759715201233193, 0.17199942993513712, -0.45960260197329256, 0.5943759313722781, -0.5213436699546964, -0.6322908416269439, -0.6277610914695821, 0.007806554215932196]], "inverted": true, "swapped": false, "error_lsq": 0.04068657740176726, "error_max": 0.25236733669235034, "target": "148.xyz", "model": "6.xyz", "model_rescale": 4.08911054899281, "target_rescale": 3.9717607504061085},
{"mapping": [0, 3, 9, 8, 11, 13, 2, 7, 1, 5, 6, 4, 14], "R": [[0.8409740642793881, -0.17261860690848047, -0.5128015598244444], [0.5055007084760904, 0.588634121033887, 0.6308556929162435], [0.19295506456058198, -0.7897548278444638, 0.5822848572277859]], "T": [-0.14994806743246206, 0.23064860928898956, -0.03963776448172758], "aligned_model": [[0.3490640872339723, -0.1710946439603572, -0.4403860285335328, -0.7448878323322502, -0.44612767338177084, 0.21454241247825676, 0.6427537024191077, 0.4121689786349413, 0.1611477974657116, -0.29688410852218095, 0.1869663720627107, -0.4110659757532401, -0.2052243296198774], [-0.5231349825865071, -0.5550187786062478, -0.20298072692364622, -0.10256983204096731, 0.5369550272016328, 0.8097720200126654, 0.18603177457648853, 0.491821312808031, 0.13859234881799742, 0.5009538955832715, -0.07902546647799308, -0.11705230261430988, 0.18082707020278305], [0.22008006166489202, -0.13307766048337, 0.5453141116884682, -0.05233106127974827, 0.3640763451582428, 0.22047238056812218, 0.10097797228226617, -0.5034288920321179, 0.6181548066276983, -0.7366643648447087, -0.2389706361085469, -0.5944088916306183, 0.10810224894627112]], "inverted": false, "swapped": false, "error_lsq": 0.05062521940694864, "error_max": 0.28533952484850245, "target": "148.xyz", "model": "7.xyz", "model_rescale": 3.964800864290218, "target_rescale": 3.9717607504061085},
{"mapping": [4, 2, 7, 1, 8, 9, 11, 10, 12, 5, 6, 3, 13], "R": [[-0.2470315786516911, 0.8762404351128859, 0.413736750871897], [-0.13477939218018434, -0.45388964518583363, 0.8808057137851788], [0.9595884089506259, 0.16182363815666356, 0.2302242288321274]], "T": [-0.09158794687242972, -0.008842168741727316, -0.0697475465717748], "aligned_model": [[0.3977241880074163, -0.2286999913433066, -0.48741098880237216, -0.829652827676072, -0.424372568565118, 0.16235266182700947, 0.7126888728474914, 0.1609544814165797, 0.139883283564559, -0.45365730576262847, 0.33962135329023796, -0.12919259215528373, -0.10926580845702241], [-0.45641357765582746, -0.6080216430352543, -0.04207453163722519, -0.10861049683101277, 0.6269425580761503, 0.555289955598976, 0.14576246712921154, 0.6995086867715681, 0.11688413466325627, 0.6203440724082971, -0.256039855267241, -0.09477696696295156, 0.06637655669525197], [0.16551159479326732, 0.1768147632009089, 0.5210763650088432, 0.02204789779758934, 0.20609617388829288, 0.23212302226331055, 0.058195910947960214, -0.40079950686608407, 0.6382700403571615, -0.4845983345289924, -0.36884229144067904, -0.7888885597327787, -0.05871065513194913]], "inverted": false, "swapped": false, "error_lsq": 0.03883009420444206, "error_max": 0.2549057747041688, "target": "148.xyz", "model": "8.xyz", "model_rescale": 4.121658175737393, "target_rescale": 3.9717607504061085},
{"mapping": [9, 7, 8, 11, 2, 1, 4, 0, 6, 3, 5, 10, 12], "R": [[-0.8129727108570013, -0.5823017869661877, -1.7256972618451272e-05], [-0.10198713371909615, 0.14241712558968644, -0.98453846389795], [0.5733009645531583, -0.8004011439489302, -0.17516852687529866]], "T": [-0.09973024130060865, 0.05166801787967064, -0.003915398317014422], "aligned_model": [[0.45655316038435073, -0.23897940501600165, -0.5744474951571724, -0.6696373635529989, -0.3781742983233639, 0.2449847427894492, 0.7716483699219012, 0.2814375775631394, 0.06080612226688298, -0.6408305922077742, 0.2532983958946277, -0.26426815377819135, -0.05141830259335807], [-0.4489211583650246, -0.6044360197202396, 0.007265471380162952, -0.17671953349535552, 0.6640567535970557, 0.6003749115497147, 0.2181083422853512, 0.5863345042040783, 0.017584700936517553, 0.4733397503161656, -0.20228969304228284, 0.01186325277194332, 0.1186100775351119], [0.3609805740797973, 0.06921511899870195, 0.546743552833824, -0.16539936946097333, 0.16869802623060604, 0.23065663815854864, 0.029623415531815626, -0.4371209908322115, 0.6693218953415082, -0.3938991823160025, -0.4427709197123048, -0.7440665224988282, 0.026314184202369303]], "inverted": false, "swapped": false, "error_lsq": 0.04309210810473867, "error_max": 0.299592750287164, "target": "148.xyz", "model": "9.xyz", "model_rescale": 3.833441315466971, "target_rescale": 3.9717607504061085},
{"mapping": [5, 2, 3, 9, 7, 6, 1, 12, 4, 11, 0, 8, 14], "R": [[-0.022260258462850957, 0.8851005673638426, 0.464867149350619], [-0.6073899930070943, -0.38130330321149175, 0.696911176086915], [0.7940918569586323, -0.26684223168795623, 0.5460891375039263]], "T": [0.00536597110857949, 0.12306313861051363, -0.09940395328563742], "aligned_model": [[0.33937757434192, -0.28086547309593934, -0.5431369990127581, -0.738916079034542, -0.5562117115005728, 0.3154779392686172, 0.7386160662967489, 0.3031853193874767, 0.12100138256663123, -0.34692764861131664, 0.526192238337706, -0.549993666329974, -0.07682618442250631], [-0.3736993236746443, -0.5091464448543447, -0.028958037401906694, -0.19652316945099482, 0.4575575151222053, 0.5560880133813778, 0.19749719045864897, 0.6070127484276443, 0.13324430726707773, 0.570838783828811, -0.16419971268142367, -0.077985791366779, 0.09344528089752671], [0.2153951992495801, 0.08776671175410708, 0.5566112169349173, -0.05675482589619432, 0.029661903001781398, 0.32196238741862493, -0.050283664749897095, -0.2996949122911616, 0.6895430509623997, -0.47453494120527207, -0.4311312740409031, -0.6080436717857207, -0.062200758795411405]], "inverted": true, "swapped": false, "error_lsq": 0.038156616728931864, "error_max": 0.20966007066589748, "target": "148.xyz", "model": "10.xyz", "model_rescale": 4.2482417240324, "target_rescale": 3.9717607504061085},
{"mapping": [11, 9, 4, 5, 1, 2, 3, 8, 7, 0, 10, 12], "R": [[-0.19670999264962802, -0.6510159836166844, -0.7331325718227124], [-0.037596128143185026, 0.7522006513519435, -0.657860708094315], [0.9797406340151584, -0.10184482893752234, -0.17244106494180075]], "T": [-0.03947292169237578, 0.1387415462095309, -0.16223235832340407], "aligned_model": [[-0.6568183787736935, -0.1979099499390942, 0.35607622661975097, 0.6262650032622235, -0.49423403042191993, 0.2913646847242892, -0.2453544696124864, 0.5190040022426622, 0.11219572777233991, -0.12961196941266506, -0.34573360778315393, 0.04152236368475407], [-0.2303802207787591, -0.6704210236454581, -0.2820629549371362, -0.11909165986911022, 0.6118810268107364, 0.5481008757643436, 0.21484379038703755, 0.5300715461977653, -0.5523822899284061, 0.5714294945159659, 0.014178183005829181, 0.029964622527830775], [0.05466447062345092, 0.2046220269222859, 0.4714005734634745, -0.28219688483005007, -0.030835400031044596, 0.5396045321797739, 0.5147818909959455, -0.21357398597449523, -0.44947683752354894, -0.5733454295374644, -0.6114216550402768, -0.059031011393693836]], "inverted": true, "swapped": true, "error_lsq": 0.055209672571461525, "error_max": 0.35094769766786194, "target": "148.xyz", "model": "11.xyz", "model_rescale": 3.6694154284099745, "target_rescale": 3.9717607504061085},
{"mapping": [3, 4, 11, 6, 7, 10, 2, 12, 8, 5, 1, 0, 13], "R": [[-0.18787923423239866, 0.9088565480122198, -0.37239920579877595], [-0.8420103365502879, 0.04616969617616967, 0.5374820483490322], [0.5056876372690149, 0.41454569626316445, 0.7565922807053808]], "T": [-0.11854110698876248, 0.17197668125232848, 0.024641039083830807], "aligned_model": [[0.37655541121168784, -0.17372673706235237, -0.5025992568477765, -0.6590692458736257, -0.48947938775536576, 0.1654673440062845, 0.5276389806028239, 0.22127792705906368, 0.2315437626384756, -0.5806499754589306, 0.49316861760763314, -0.2507487508986766, -0.10840593103775056], [-0.5000053443573935, -0.5651933477216425, -0.14293336446359986, 0.03849286560452714, 0.7995270511056081, 0.7053645233239078, 0.14679809027010182, 0.558113988391098, -0.022414430874206803, 0.5545526948770682, -0.25518438789466535, -0.14697042576265731, 0.09502344745505316], [0.23575355772393203, -0.01019492460583693, 0.5708641158035328, -0.07468788665001486, 0.16869187604242913, 0.22051190726503941, 0.11481257754578877, -0.4194192095321773, 0.6667084272101693, -0.5088960073870825, -0.3751315562012398, -0.6010839374386179, -0.06963251921907197]], "inverted": false, "swapped": false, "error_lsq": 0.03977036237625748, "error_max": 0.18925244226943824, "target": "148.xyz", "model": "12.xyz", "model_rescale": 3.9764082729961374, "target_rescale": 3.9717607504061085},
{"mapping": [11, 3, 6, 4, 5, 12, 10, 1, 13, 0, 8, 7, 15], "R": [[-0.439250145625941, -0.691226677844065, 0.573816163421916], [0.4808408690779322, -0.7204343432575602, -0.49976636109228756], [0.7588487123214801, 0.05639181582202492, 0.6488209266942045]], "T": [-0.07555157647451502, 0.16016108430128648, 0.014291433418588656], "aligned_model": [[0.45560198565494325, -0.057561322207778015, -0.5237347430677091, -0.7786251849676424, -0.6806023204756769, 0.28055420617776583, 0.7282711098981581, 0.3843816149130168, 0.10840666308018065, -0.47197429905759536, 0.38180730894824244, -0.43203798386151204, -0.14351427684290247], [-0.3899310898953632, -0.6570942842113643, 0.0005348285969863642, 0.060004164462715226, 0.7089633507485322, 0.6118726086876894, 0.1629021085821289, 0.47973458198067065, 0.1261675875918812, 0.4454292350834935, -0.2230675062221292, -0.1376544486329043, 0.0773102231808621], [0.2283456136492045, -0.18624150827000477, 0.6120456583066727, -0.09303896408431159, 0.20284799087741853, 0.2906225848409111, 0.017202552924305586, -0.28513604912441404, 0.5969442927338964, -0.522904099577898, -0.36466969120877724, -0.5817430023436633, 0.004021041833510522]], "inverted": false, "swapped": false, "error_lsq": 0.03811510728405594, "error_max": 0.2358514349766545, "target": "148.xyz", "model": "13.xyz", "model_rescale": 4.170626492500431, "target_rescale": 3.9717607504061085},
{"mapping": [5, 12, 8, 10, 0, 2, 6, 3, 4, 1, 11, 9, 13], "R": [[0.8403247940356815, -0.48859803382498157, 0.23478969711478345], [0.13462995567985064, 0.6076630196544217, 0.7827007279785241], [-0.525099053096205, -0.6261131015134822, 0.5764142334733217]], "T": [-0.12498531034498243, 0.17976183949549895, 0.027327300169695288], "aligned_model": [[0.4808138884277247, -0.1450076294231999, -0.621623259127148, -0.4841343026110884, -0.42755938827403966, 0.18390017275011633, 0.7102431031704829, 0.268358864479555, -0.014618811441536067, -0.5058372840217311, 0.21853634849890924, -0.3626321283901453, -0.049466815846409204], [-0.4907074354107064, -0.4983734664880768, -0.09693438220378092, -0.2236880228611965, 0.6763415393755798, 0.6816223805878203, 0.08535629007166896, 0.5096324828581216, 0.09357560398794679, 0.6255910853586646, -0.21201864624581723, -0.005132100098525938, 0.11990603102150021], [0.13075897099309539, 0.3019866067723754, 0.5051831796267859, -0.13567121176655908, 0.1604285231553317, 0.32000104833302856, -0.0038232459653404806, -0.4330413816593542, 0.7226360800091655, -0.4696661882936368, -0.4503342662437904, -0.7247662175781237, -0.0053954768261274925]], "inverted": true, "swapped": false, "error_lsq": 0.04782796359692368, "error_max": 0.3370566581685804, "target": "148.xyz", "model": "14.xyz", "model_rescale": 3.9786697098870705, "target_rescale": 3.9717607504061085},
{"mapping": [10, 11, 6, 0, 7, 5, 3, 4, 8, 1, 9, 12], "R": [[0.6503167900123794, -0.005149437288919825, 0.7596456778812094], [0.04044591769302356, 0.9987934035713137, -0.02785434839301956], [-0.7585856578989373, 0.048838716998279436, 0.6497403938127889]], "T": [0.09375585701845955, -0.10701432829168814, -0.0038490051719926414], "aligned_model": [[0.046855800064008454, -0.6317758374648256, 0.5927387525460062, 0.46911317102761274, -0.022301848815554207, 0.4720815022828835, -0.3493882601155056, -0.17993617425791625, 0.7070142519916657, -0.03288771895202726, -0.6273821669534483, 0.03922312541443725], [-0.23239520835727337, -0.20478834355422726, 0.05133768825400509, -0.5204016837859768, 0.5041078108544027, 0.5087382644476245, -0.2579847566350649, 0.5047741161456818, -0.05435769079247968, -0.7529342075166622, 0.4344729875306622, 0.034105513633747114], [-0.5452940006738981, -0.17253370776933366, -0.4916443207676154, -0.23314280577262395, -0.44682221756917867, 0.03851707996319127, 0.5322090871460431, 0.5307852814476495, 0.2941661382532383, 0.11732322371065651, -0.03819916577383557, 0.0746019016795368]], "inverted": false, "swapped": true, "error_lsq": 0.05519981334666715, "error_max": 0.276749867334296, "target": "148.xyz", "model": "15.xyz", "model_rescale": 3.769337070930944, "target_rescale": 3.9717607504061085},
{"mapping": [3, 2, 11, 1, 9, 4, 7, 5, 10, 0, 12], "R": [[-0.2864355148589327, -0.9075869393523144, 0.30698638951034474], [-0.21284480521679316, 0.37268301183120933, 0.903218944434097], [-0.9341583295778739, 0.19337352509978634, -0.29992481569679885]], "T": [-0.07521348078931171, 0.056382074104864295, 0.15527596759784942], "aligned_model": [[-0.39188017988277524, -0.46252135787529375, -0.06555383927998214, -0.7123331733580003, 0.4765476981901989, 0.3066998971598093, 0.6620309414858632, 0.4600601535285192, 0.012671170263823972, -0.3922443648815205, 0.029149185340527864], [-0.06155497984251473, -0.6366216393708862, 0.6147639508602459, 0.25124395247599907, 0.2930275240742523, -0.4111169648351423, 0.25242911149281655, -0.3909903595664053, 0.5394453926469808, 0.16719145909407296, -0.02175294940407701], [-0.4710946176915134, -0.21800953284412253, -0.34724457694510635, 0.09170600248979116, -0.518509627920414, -0.453504016874572, 0.18993354822578376, 0.34870935792856994, 0.4198676945485543, 0.656844073229214, 0.04551930307759189]], "inverted": true, "swapped": true, "error_lsq": 0.054650785443906086, "error_max": 0.2670158248086176, "target": "148.xyz", "model": "16.xyz", "model_rescale": 3.7852294659196426, "target_rescale": 3.9717607504061085},
{"mapping": [6, 11, 9, 8, 0, 4, 5, 1, 10, 3, 7, 2, 12], "R": [[0.841720695253368, -0.27810104024668103, -0.4627808148528859], [0.5345895771194404, 0.5493526947394448, 0.6422037066365849], [0.07563236884724035, -0.7879539505556303, 0.6110714496573463]], "T": [-0.08921406677151011, 0.13301571492470687, -0.05567339912734427], "aligned_model": [[0.5431088284821993, -0.25235869739337735, -0.6411868012456537, -0.7136574966749055, -0.4318539183151572, 0.2425273538146666, 0.5471545049017797, 0.23829915641348787, 0.12244657167485681, -0.47991387815695236, 0.36023871192683066, -0.17461545521597047, -0.1092161220203135], [-0.3822272294669684, -0.5820477629520109, -0.08114111071257435, -0.05210100607889323, 0.6280860864728699, 0.6828267012397133, 0.29790807844334, 0.4592852803634493, -0.04175198439882344, 0.6616244515934693, -0.329693797446081, -0.07838054285211477, 0.08278419574782248], [0.29373424288202626, -0.055317675384810985, 0.5741874902299339, -0.05282494203126874, 0.265652627033054, 0.24339547970223196, -0.0482869249942553, -0.5661020558017688, 0.701895806084151, -0.5033583687917178, -0.33011667570439873, -0.6232165658380211, 0.01865398317169488]], "inverted": true, "swapped": false, "error_lsq": 0.044688552964507355, "error_max": 0.24996861116217337, "target": "148.xyz", "model": "17.xyz", "model_rescale": 3.901054581598922, "target_rescale": 3.9717607504061085},
{"mapping": [3, 7, 11, 6, 10, 5, 2, 8, 13, 4, 0, 1, 14], "R": [[-0.5519238040334081, 0.5873614988037149, -0.5919346114769315], [-0.8025007812261019, -0.18117952124561168, 0.5684773321889861], [0.22665526835436256, 0.7887841598335154, 0.571355352230945]], "T": [-0.07634619877947829, 0.12622217569354716, 0.04403983465439318], "aligned_model": [[0.4269028521461114, -0.26671729033460995, -0.7083289696200898, -0.7410403699549226, -0.6290644543598036, 0.24634249471034275, 0.7456824035219574, 0.20372590225140114, 0.399823168774403, -0.4345123968588715, 0.32262526300928634, -0.22474336730547936, -0.08972247778823406], [-0.41324606394984326, -0.5013128660058164, -0.05648544905548053, -0.1742774097445901, 0.7082890307459468, 0.6053823554707063, 0.20118519793324363, 0.5610729404722861, 0.13556296930111356, 0.5956494224974151, -0.36966148568518575, -0.13684752630413544, 0.10986024427753849], [0.24182835977991615, -0.054121475120536694, 0.4956444074233891, -0.1337448756753691, 0.21183272582237914, 0.28144997808843675, -0.004823487819086453, -0.371751799142353, 0.5923806787273987, -0.4822006088895263, -0.3687866247147267, -0.5840192085096649, 0.09460835058659389]], "inverted": false, "swapped": false, "error_lsq": 0.04106405700936883, "error_max": 0.24502023246096932, "target": "148.xyz", "model": "18.xyz", "model_rescale": 3.9405287249114394, "target_rescale": 3.9717607504061085},
{"mapping": [6, 1, 4, 12, 13, 9, 5, 11, 8, 14, 2, 3, 15], "R": [[-0.642728462248277, -0.2857229451830699, 0.7108182063030445], [-0.18688997245909988, -0.8413362005443661, -0.5071740685877058], [0.7429483575661245, -0.4588200041949811, 0.4873519690534916]], "T": [-0.16652671878054154, 0.1088173605963661, 0.05247797975951264], "aligned_model": [[0.35709440867770853, -0.1747270081617128, -0.6063764610367006, -0.6912618431195197, -0.4189909821982491, 0.2468870056924619, 0.6593125452726805, 0.1494876455525314, 0.3089405417696878, -0.48661639281793145, 0.5136158466090912, -0.4677922879647216, -0.13860026008383547], [-0.40686712564425714, -0.531881622800007, -0.021100490784660225, -0.00668600056039978, 0.7304558735532349, 0.6890879286542808, 0.16270804377829318, 0.6646545399698824, -0.07905340837679167, 0.4659654804916727, -0.2148111958868309, -0.28856973646438017, 0.10126907402316143], [0.1872885176351376, -0.10549984117860998, 0.6219677380043875, -0.05453176304851133, 0.01846033319638453, 0.3377585560692916, 0.13215198413412105, -0.2797766717671035, 0.6100688816277654, -0.5555736488922579, -0.3811069959797969, -0.6379937045170622, 0.025083035273104425]], "inverted": true, "swapped": false, "error_lsq": 0.03968179678991281, "error_max": 0.2225853734207849, "target": "148.xyz", "model": "19.xyz", "model_rescale": 4.410303926677745, "target_rescale": 3.9717607504061085},
{"mapping": [4, 2, 7, 1, 8, 9, 11, 10, 12, 5, 6, 3, 13], "R": [[-0.2470315786516911, 0.8762404351128859, 0.413736750871897], [-0.13477939218018434, -0.45388964518583363, 0.8808057137851788], [0.9595884089506259, 0.16182363815666356, 0.2302242288321274]], "T": [-0.09158794687242972, -0.008842168741727316, -0.0697475465717748], "aligned_model": [[0.3977241880074163, -0.2286999913433066, -0.48741098880237216, -0.829652827676072, -0.424372568565118, 0.16235266182700947, 0.7126888728474914, 0.1609544814165797, 0.139883283564559, -0.45365730576262847, 0.33962135329023796, -0.12919259215528373, -0.10926580845702241], [-0.45641357765582746, -0.6080216430352543, -0.04207453163722519, -0.10861049683101277, 0.6269425580761503, 0.555289955598976, 0.14576246712921154, 0.6995086867715681, 0.11688413466325627, 0.6203440724082971, -0.256039855267241, -0.09477696696295156, 0.06637655669525197], [0.16551159479326732, 0.1768147632009089, 0.5210763650088432, 0.02204789779758934, 0.20609617388829288, 0.23212302226331055, 0.058195910947960214, -0.40079950686608407, 0.6382700403571615, -0.4845983345289924, -0.36884229144067904, -0.7888885597327787, -0.05871065513194913]], "inverted": false, "swapped": false, "error_lsq": 0.03883009420444206, "error_max": 0.2549057747041688, "target": "148.xyz", "model": "20.xyz", "model_rescale": 4.121658175737393, "target_rescale": 3.9717607504061085},
{"mapping": [4, 2, 0, 1, 5, 7, 11, 9, 3, 8, 10, 6, 12], "R": [[-0.6220474394549385, -0.21043771931448677, 0.7541703715721484], [0.37529384562777895, 0.7652165235868349, 0.5230661540030974], [-0.6871764784256427, 0.6084074607690118, -0.3970249981791272]], "T": [-0.07087303598434838, 0.1106201068792715, -0.0856515525389811], "aligned_model": [[0.3050947177829224, -0.16362337696727905, -0.5949026202260925, -0.6668835369352556, -0.5053631959095413, 0.19247431165597997, 0.7609007586096634, 0.3513051606725899, -0.02950372804749335, -0.3824503227449223, 0.3974086570863833, -0.32181893014079166, -0.09166513664467253], [-0.29935819821383636, -0.6383254236949844, 0.16090155940502865, -0.20474065009683567, 0.5929039283191523, 0.5400038198608009, 0.23843766826181084, 0.5629353266929701, -0.025364835059633897, 0.5190256355676336, -0.19032969828299962, -0.14583236060463461, 0.15491458779872644], [0.0546967264212288, -0.0038615733880214276, 0.7569803367638281, 0.08076341586575064, 0.12056228427191257, 0.3759715201233193, 0.17199942993513712, -0.45960260197329256, 0.5943759313722781, -0.5213436699546964, -0.6322908416269439, -0.6277610914695821, 0.007806554215932196]], "inverted": true, "swapped": false, "error_lsq": 0.04068657740176726, "error_max": 0.25236733669235034, "target": "148.xyz", "model": "21.xyz", "model_rescale": 4.08911054899281, "target_rescale": 3.9717607504061085},
{"mapping": [8, 1, 0, 4, 13, 10, 5, 9, 6, 14, 11, 15, 16], "R": [[-0.39198585947667997, 0.9078272225026018, -0.14898597267373986], [0.9185488833290398, 0.3772115008334928, -0.11823465047911463], [-0.05113741199262141, -0.18319720991913513, -0.9817452558441735]], "T": [-0.13528146551695708, 0.14814500550166892, -0.030888535872560335], "aligned_model": [[0.3224021593232819, -0.19192767937393215, -0.4957011786481882, -0.812646616694924, -0.6113422316701485, 0.36692288335351964, 0.5613469430262377, 0.29164770425947406, 0.13306907167382975, -0.31567829356521215, 0.3498579256797194, -0.17550062242258938, -0.1714773067495774], [-0.32501430186834196, -0.6435506728122558, -0.13134594510024244, 0.041010102313024, 0.564155861121481, 0.6844077647136169, 0.2552714218895721, 0.6069480087806327, 0.024783528084724546, 0.5018288821068256, -0.32898424141140414, -0.1369687063243597, 0.15262965845992577], [0.18684521774020485, -0.02814250951354821, 0.5952598787204301, 0.09556600282087237, 0.1615460789043728, 0.30280062228650473, -0.061902166273228296, -0.3696788836375593, 0.6534608366195124, -0.5350584336319767, -0.3814316617614153, -0.7006643257013343, -0.000304236015984765]], "inverted": false, "swapped": false, "error_lsq": 0.03935432661552966, "error_max": 0.22145579085109246, "target": "148.xyz", "model": "22.xyz", "model_rescale": 4.204369325754507, "target_rescale": 3.9717607504061085},
{"mapping": [6, 1, 4, 12, 13, 9, 5, 11, 8, 14, 2, 3, 15], "R": [[-0.642728462248277, -0.2857229451830699, 0.7108182063030445], [-0.18688997245909988, -0.8413362005443661, -0.5071740685877058], [0.7429483575661245, -0.4588200041949811, 0.4873519690534916]], "T": [-0.16652671878054154, 0.1088173605963661, 0.05247797975951264], "aligned_model": [[0.35709440867770853, -0.1747270081617128, -0.6063764610367006, -0.6912618431195197, -0.4189909821982491, 0.2468870056924619, 0.6593125452726805, 0.1494876455525314, 0.3089405417696878, -0.48661639281793145, 0.5136158466090912, -0.4677922879647216, -0.13860026008383547], [-0.40686712564425714, -0.531881622800007, -0.021100490784660225, -0.00668600056039978, 0.7304558735532349, 0.6890879286542808, 0.16270804377829318, 0.6646545399698824, -0.07905340837679167, 0.4659654804916727, -0.2148111958868309, -0.28856973646438017, 0.10126907402316143], [0.1872885176351376, -0.10549984117860998, 0.6219677380043875, -0.05453176304851133, 0.01846033319638453, 0.3377585560692916, 0.13215198413412105, -0.2797766717671035, 0.6100688816277654, -0.5555736488922579, -0.3811069959797969, -0.6379937045170622, 0.025083035273104425]], "inverted": true, "swapped": false, "error_lsq": 0.03968179678991281, "error_max": 0.2225853734207849, "target": "148.xyz", "model": "23.xyz", "model_rescale": 4.410303926677745, "target_rescale": 3.9717607504061085},
{"mapping": [9, 11, 1, 7, 0, 4, 8, 5, 10, 12, 15, 13, 16], "R": [[-0.19607104961077365, -0.5664864432100658, 0.8004056803669866], [-0.8318138170596494, -0.3361594907264156, -0.4416815261511545], [0.5192705626676575, -0.752389464608434, -0.4053001064557576]], "T": [-0.06249300321396542, 0.05137998028765001, -0.05236353388970763], "aligned_model": [[0.40262809642055886, -0.20184950641005076, -0.5965682755810141, -0.7191383914757623, -0.5496847701361274, 0.32791014577010136, 0.6844103235149313, 0.16749154990816761, 0.20062024845873003, -0.4563982872296497, 0.5253629459947398, -0.43545996948025456, -0.09835135156287925], [-0.35466234388866236, -0.5298197030476414, -0.003905953934521922, -0.051490774680850226, 0.6246138928246358, 0.538679971475551, 0.13091322582669565, 0.5523140860652843, -0.09089199331626027, 0.5360303332431755, -0.050819854206684334, -0.1525328940388699, 0.1167433676313466], [0.05352309076446429, 0.15622261070930246, 0.616996173960699, -0.03950513083867707, 0.014216304251945394, 0.23747861770792764, 0.2815774049449715, -0.3553060373815534, 0.5258354358401631, -0.5584549262175216, -0.4438922909995935, -0.6122758534426483, 0.04188102125737071]], "inverted": false, "swapped": false, "error_lsq": 0.038500187849083635, "error_max": 0.22448905527311264, "target": "148.xyz", "model": "24.xyz", "model_rescale": 4.28219845311461, "target_rescale": 3.9717607504061085},
{"mapping": [8, 6, 14, 2, 13, 9, 5, 3, 11, 4, 1, 0, 15], "R": [[-0.5544683123630482, -0.8268033203910521, 0.09466340357078123], [0.8306146516326474, -0.5427882806617436, 0.12433898370762168], [-0.05142169851773745, 0.1475708364366067, 0.9877138538842872]], "T": [-0.08871631144885225, 0.20629639736943384, 0.07227874238221167], "aligned_model": [[0.3171496947687015, -0.2970598873805637, -0.4973136472231531, -0.7320748702301608, -0.5401189119381071, 0.2841909498862465, 0.7440894250030123, 0.3433837665576148, 0.10730288028504609, -0.32584990672404557, 0.3299596540039338, -0.36555384285216663, -0.11713254596486689], [-0.3567688550867, -0.6645036569921984, -0.16478050341800304, -0.007074792381656064, 0.5609408352104002, 0.7245985172332524, 0.06441906408978029, 0.571297965150452, 0.14836589476355233, 0.42670107130133184, 0.02611976481035322, -0.23504514273165422, 0.1709011980042878], [0.058998554042174925, -0.03017785649159027, 0.5971547046768885, -0.02437799362186248, 0.2251822149294615, 0.29403710381892895, 0.17991752976140413, -0.45697424340438575, 0.5769544844071416, -0.5833415827500606, -0.3773035258163002, -0.5555212243456663, 0.013748255350716276]], "inverted": false, "swapped": false, "error_lsq": 0.03808309797623919, "error_max": 0.18437697446152296, "target": "148.xyz", "model": "25.xyz", "model_rescale": 4.100010024507729, "target_rescale": 3.9717607504061085},
{"mapping": [11, 9, 4, 5, 1, 2, 3, 8, 7, 0, 10, 12], "R": [[-0.19670999264962802, -0.6510159836166844, -0.7331325718227124], [-0.037596128143185026, 0.7522006513519435, -0.657860708094315], [0.9797406340151584, -0.10184482893752234, -0.17244106494180075]], "T": [-0.03947292169237578, 0.1387415462095309, -0.16223235832340407], "aligned_model": [[-0.6568183787736935, -0.1979099499390942, 0.35607622661975097, 0.6262650032622235, -0.49423403042191993, 0.2913646847242892, -0.2453544696124864, 0.5190040022426622, 0.11219572777233991, -0.12961196941266506, -0.34573360778315393, 0.04152236368475407], [-0.2303802207787591, -0.6704210236454581, -0.2820629549371362, -0.11909165986911022, 0.6118810268107364, 0.5481008757643436, 0.21484379038703755, 0.5300715461977653, -0.5523822899284061, 0.5714294945159659, 0.014178183005829181, 0.029964622527830775], [0.05466447062345092, 0.2046220269222859, 0.4714005734634745, -0.28219688483005007, -0.030835400031044596, 0.5396045321797739, 0.5147818909959455, -0.21357398597449523, -0.44947683752354894, -0.5733454295374644, -0.6114216550402768, -0.059031011393693836]], "inverted": true, "swapped": true, "error_lsq": 0.055209672571461525, "error_max": 0.35094769766786194, "target": "148.xyz", "model": "26.xyz", "model_rescale": 3.6694154284099745, "target_rescale": 3.9717607504061085},
{"mapping": [10, 9, 12, 3, 6, 0, 4, 5, 2, 1, 8, 7, 13], "R": [[-0.8925096804016773, 0.40772481989634707, 0.19283916000073004], [-0.4189647708698568, -0.5911373748227656, -0.6892206648509733], [-0.16701793663934483, -0.6959289297968152, 0.6984181652223798]], "T": [-0.018202716633438684, 0.02925500390273264, 0.003917857628454532], "aligned_model": [[0.3739482420507236, -0.24166373725938267, -0.5924293061987014, -0.7835610445313158, -0.5127845234858411, 0.26859152285057125, 0.7868273915195025, 0.16621924050135445, 0.08051082222873938, -0.36526413925092077, 0.38868672784743447, -0.30965243969384515, -0.008455998386827809], [-0.3494613904794446, -0.6145443470752028, -0.13446099511668685, -0.13380224767475582, 0.4336689975097887, 0.6221129350570438, 0.13823826335803127, 0.504690003496534, 0.3034224681083424, 0.7964692002645014, -0.305166411169556, -0.04962919555965531, 0.05363407923425844], [0.2582448874972681, -0.01732133754352339, 0.5265972133129603, -0.19725416567226112, 0.25497281159231544, 0.06050302175616504, 0.1287367032195312, -0.6010024698601866, 0.6180981935393771, -0.2617462150788722, -0.3579667780514037, -0.5483165733169857, 0.054751129162465814]], "inverted": false, "swapped": false, "error_lsq": 0.05919001951928834, "error_max": 0.4147886087563114, "target": "148.xyz", "model": "27.xyz", "model_rescale": 4.103607728864725, "target_rescale": 3.9717607504061085},
{"mapping": [8, 4, 1, 2, 0, 6, 11, 10, 7, 3, 13, 12, 14], "R": [[-0.11696208599482913, 0.01908376933218975, -0.9929530100603019], [0.9870346154674471, 0.11289352645296644, -0.11409522143386286], [0.10992060002004633, -0.9934238075630608, -0.03204060327371877]], "T": [0.04648226317986348, 0.26871556981547445, -0.04908781159845531], "aligned_model": [[0.2573193597914074, -0.23036079039918012, -0.5594357410203045, -0.5580433186726962, -0.5903273615139605, 0.46281512853596773, 0.71512686984053, 0.1966981682186789, 0.21799225750254267, -0.5778797467541362, 0.27752126810709976, -0.27161777453580566, -0.08883556090865244], [-0.39598479681093307, -0.5932689245458043, -0.0032560599645463095, -0.11685075552256058, 0.4821908349865208, 0.644405422754557, 0.12445997035100886, 0.636432879596222, 0.09323397518004234, 0.46885991480674893, -0.2675874139740377, -0.03889676211907456, 0.23143307521505507], [0.38219065772937194, -0.0049296605923402625, 0.5523734397351227, -0.21403670029804567, 0.1929732427640946, 0.24551589251073597, 0.015456324200529725, -0.36845349270200095, 0.6290506531379316, -0.4146629396993679, -0.3299305090901291, -0.7849414902410334, 0.017691003101980976]], "inverted": true, "swapped": false, "error_lsq": 0.04748647426333967, "error_max": 0.2768347859995763, "target": "148.xyz", "model": "28.xyz", "model_rescale": 4.137296879288765, "target_rescale": 3.9717607504061085},
