[{"mapping": [12, 3, 5, 7, 10, 6, 0, 1, 4, 8, 9, 13], "R": [[0.7740839331893242, -0.009116366819911903, 0.6330173427593837], [0.6307445142424228, -0.0747570099469299, -0.7723812188400784], [0.05436379430499921, 0.9971601081670886, -0.05211810193171188]], "T": [-0.09447775999959906, -0.12707061969850986, 0.06137975892186418], "aligned_model": [[-0.2545920113212957, 0.32373487925280303, 0.4761309427366054, -0.197264973397138, -0.04589423863783912, -0.5621444975374981, 0.48253225207388073, -0.42544729098921885, 0.5350610288860947, 0.26682692018174015, -0.7270473124007072, -0.03425323638687817], [-0.28065428222048205, -0.6560075915243261, -0.3704635841278841, 0.561993717944481, 0.4146303680452663, -0.5884310045100227, -0.2636417639385843, -0.4566665276473603, 0.1229428229026231, 0.44290355978302753, 0.20005301084777505, -0.07310368957745643], [-0.6564802075143592, 0.09222908559534074, -0.5674539411035732, 0.09239727289442407, -0.4994495006100871, -0.013873264680582593, 0.5378359812288287, 0.6162634404053772, -0.2304291857604657, 0.39094918406054696, 0.41782755558996754, 0.002135325248145324]], "inverted": true, "swapped": true, "error_lsq": 0.04591665992841328, "error_max": 0.23363981747977056, "target": "149.xyz", "model": "0.xyz", "model_rescale": 3.751011558992144, "target_rescale": 4.128298214446834},
{"mapping": [13, 2, 3, 9, 11, 10, 8, 7, 12, 0, 6, 1, 4, 14], "R": [[0.8459478712928066, 0.3518657948437761, 0.4007027095916958], [-0.13147525356011427, 0.8658361669523542, -0.48274422803235956], [-0.5168040796631476, 0.35569396173707074, 0.7787139069178838]], "T": [-0.013395636591864532, 0.035344061350649617, -0.02978773836346906], "aligned_model": [[-0.15459946251008655, 0.4682059569097609, -0.17890973776071828, -0.3233668359541982, -0.7371413376914985, -0.10581639574399378, 0.6401103412685107, -0.3626268447341195, -0.6767846924409662, 0.21800843109686496, -0.37459842024681084, 0.21588053654905337, 0.4175599526667347, -0.06378126842152845], [-0.5813034823331779, -0.6343925187622258, -0.6512984331990187, -0.03274760007238357, 0.3532618150538344, 0.6408000988776775, 0.0911218360320965, 0.03296653402471232, -0.28679141433566013, -0.3162938382574979, 0.5807365009070423, 0.3152717130547078, 0.6973368774562297, 0.02252753997505992], [-0.386592285301057, -0.08680458134441252, 0.26095795207002664, -0.6072572202798915, -0.13865210786422136, -0.5750721944308276, -0.13096594200542594, 0.5338690139428967, 0.06031664533234981, 0.6013283076342266, 0.33873007833578545, 0.5658283256216652, -0.06999671026260149, -0.047132401182967715]], "inverted": true, "swapped": false, "error_lsq": 0.04347996150679534, "error_max": 0.3394616589016622, "target": "149.xyz", "model": "1.xyz", "model_rescale": 3.9405287249114394, "target_rescale": 4.128298214446834},
{"mapping": [4, 5, 3, 11, 12, 0, 7, 10, 6, 1, 9, 2, 13], "R": [[0.19140273813397943, 0.8610029540528586, 0.4712100433427397], [-0.8905029511565755, 0.35422637642400945, -0.2855313787080961], [-0.4127583867303552, -0.3649624465034276, 0.834525569905433]], "T": [-0.07075380620630956, -0.0783700238330394, 0.0059071495353465175], "aligned_model": [[-0.023560095255839908, 0.13510306444020748, -0.4429274109745973, 0.4657398435467004, 0.5583946899565471, -0.768158724051116, 0.16008875171338907, 0.5481281701719941, 0.055995792549516143, -0.49551958047740496, 0.006324072368453032, -0.6730833646112959, -0.030541930092621676], [0.6566049004498243, 0.5314980484492429, 0.0825439660642614, -0.3335675788741288, -0.045165303190042444, 0.2230074771577429, 0.07526492550047623, 0.34249084235793104, -0.6323315911107333, -0.6659633071993021, -0.6244880475712883, -0.16406507184904057, 0.013003333387073657], [-0.03362616188266551, -0.5990309731499498, -0.5337420962901626, 0.12256155026955592, -0.4035034787888614, -0.0315193879685958, 0.645786024494367, 0.22994064622885244, -0.33216047806090543, 0.02535871264848546, 0.5803836458508266, 0.42764158326618706, 0.015030762971510155]], "inverted": false, "swapped": true, "error_lsq": 0.0554600614336976, "error_max": 0.38056382267390393, "target": "149.xyz", "model": "2.xyz", "model_rescale": 3.932901565614263, "target_rescale": 4.128298214446834},
{"mapping": [0, 7, 4, 3, 1, 11, 9, 6, 2, 5, 10, 12, 11, 13], "R": [[0.5179852229538422, -0.051224005296151454, -0.8538544431475883], [-0.7895350948876603, -0.4127107667638516, -0.4542071740273672], [-0.3291286112482349, 0.9094206530965818, -0.25422122841964784]], "T": [-0.034366690243336384, -0.018573564562950968, -0.08593574435354857], "aligned_model": [[-0.4657706917066057, 0.44427405096846284, -0.24353005364595764, -0.043971709335940606, -0.7391235989921197, 0.08124768949548641, 0.6626158361041387, -0.2939552916598694, -0.7170683940463087, 0.25322773755046174, -0.2296601449924664, 0.20687089008192105, 0.08124768949548641, -0.014263786329684384], [-0.4390149408579393, -0.5432525318818224, -0.8164092348171003, -0.04251971715792516, 0.17977974398129531, 0.8047452023460167, 0.018401018741468916, -0.0008076327721933674, -0.3833645099026007, -0.26139725774418493, 0.5803565101308026, 0.3119953901453211, 0.8047452023460167, 0.01793838586424162], [-0.37931257671026747, -0.15913116396819588, 0.20204921222924022, -0.5958571142385023, -0.1988174765893866, -0.4122610753049363, 0.14350090822097133, 0.5457211168962702, 0.2223592491202715, 0.5265393855794558, 0.2550755054032836, 0.5587800117602837, -0.4122610753049363, 0.02217197317199343]], "inverted": true, "swapped": false, "error_lsq": 0.05511318213529294, "error_max": 0.42136887067259104, "target": "149.xyz", "model": "3.xyz", "model_rescale": 3.9243930471874484, "target_rescale": 4.128298214446834},
{"mapping": [5, 4, 12, 6, 11, 3, 1, 10, 7, 8, 9, 2, 13], "R": [[0.5719516055546182, 0.6047849095438111, 0.5541719715860578], [-0.6989311158456155, 0.00567067447826209, 0.715166511208239], [0.4293793849339967, -0.7963686687954554, 0.42594634304646517]], "T": [-0.016572040834923446, -0.14340474654811225, -0.053923570093932914], "aligned_model": [[-0.11298573588845925, -0.30791537949006176, 0.5268308442836629, 0.34561256099517224, 0.5779680941949467, -0.4243061073468751, -0.12869450349351508, 0.34553595285563077, 0.12316455973580925, -0.4366550461154217, 0.3029564520776086, -0.5122053431986647, -0.02210046229848038], [-0.37860416238780026, 0.1403398132116041, -0.36013669757284406, -0.6484030163836114, -0.03596233201073212, -0.6298789346437514, -0.4615279776698965, 0.36010871543036976, 0.5343614166035546, 0.4778228662210687, 0.15055615265106842, 0.06773635642398648, -0.08858264619142876], [-0.8998856751875874, -0.669217282249025, -0.5253978664575796, 0.17196946055200601, -0.014710907190810911, -0.2835397891927736, 0.5881795027415903, -0.5289833258399791, 0.032353132265662644, -0.013498763471728285, 0.6136823555802786, 0.45378848905063873, -0.13766901522972833]], "inverted": false, "swapped": true, "error_lsq": 0.04616668589778843, "error_max": 0.37052774587816373, "target": "149.xyz", "model": "4.xyz", "model_rescale": 3.8936222436046832, "target_rescale": 4.128298214446834},
{"mapping": [10, 4, 12, 11, 3, 0, 2, 1, 9, 7, 6, 13], "R": [[-0.42549765299179626, 0.015838183782598714, -0.9048209210849083], [-0.8916354915457505, 0.16360420492928418, 0.4221608868019691], [0.1547187691084733, 0.986398913251594, -0.05549131843480992]], "T": [-0.12804115115588582, 0.0026126272839381293, -0.044440037375289704], "aligned_model": [[0.03834458533196733, -0.6003512629417675, -0.0780912025710318, 0.3694066547511235, -0.7312326447887236, -0.6883255185252368, -0.12378105534613223, 0.05118556445061542, 0.5973437335844294, 0.2617540004467189, 0.09286680864704758, -0.16157162082391277], [-0.5578848234128584, -0.5168254944652091, 0.142385853082493, 0.021467161870616175, 0.3043682810428145, -0.07514386716543739, -0.1114455538743407, 0.49137810668848836, 0.009503076832434232, -0.5715204336401287, 0.6096882434862789, -0.07704764533534375], [-0.5625984798168223, -0.27046097527281576, -0.7809968201612625, -0.38904076932276355, -0.017396365574472702, 0.46412472595340803, 0.6869812185857606, 0.46059093544930774, 0.28416067889228847, 0.024610139767906686, -0.1854629757304864, -0.09522659349452986]], "inverted": true, "swapped": true, "error_lsq": 0.04685616802250669, "error_max": 0.25026487963467253, "target": "149.xyz", "model": "5.xyz", "model_rescale": 3.6523030999806103, "target_rescale": 4.128298214446834},
{"mapping": [9, 1, 6, 11, 12, 2, 3, 7, 0, 4, 5, 10, 13], "R": [[-0.32256398260619784, -0.7125765628623706, -0.6230466428643036], [-0.40615851018625304, -0.4903554137512901, 0.7710945680058219], [-0.8549782112595106, 0.5017830310642755, -0.13124804001369522]], "T": [0.044250311959082606, -0.038105300356845936, 0.07112563335037095], "aligned_model": [[0.30791470060155246, -0.23982239390091722, 0.24204880195078088, 0.6331088159892261, 0.594850747274505, -0.46763819614789137, -0.41896070013521325, 0.31632132744126806, -0.7002902731723034, -0.07138768819540472, 0.03728657523685505, 0.5827228646575587, 0.06492832306427829], [-0.6139449771942092, -0.1342936718992941, 0.29610153940435774, -0.08853888114578894, 0.45425802235709517, -0.5406965930095371, 0.4505475966401226, -0.6351772319217998, -0.0866082274817208, 0.031136818851565398, 0.6085922590435027, -0.16184433202409398, -0.03870541745701652], [0.553928799017188, 0.7315199760897698, 0.6062986383197108, 0.20250901774542793, -0.06658771153072993, 0.2538183222976764, 0.023358308933158607, -0.16513572594105122, -0.07689310330021851, -0.6540030795257296, -0.5305387432718377, -0.4812019316417149, -0.026963027709860685]], "inverted": true, "swapped": true, "error_lsq": 0.04557530155302764, "error_max": 0.25414980410441235, "target": "149.xyz", "model": "6.xyz", "model_rescale": 4.08911054899281, "target_rescale": 4.128298214446834},
{"mapping": [13, 1, 2, 11, 5, 10, 9, 6, 7, 0, 4, 3, 8, 14], "R": [[-0.3723113551478008, -0.8894430784604703, 0.26509482267062484], [-0.9247822910645569, 0.37968061172923934, -0.024906770370719727], [-0.07849820992479609, -0.25442807088777064, -0.9639006109464452]], "T": [-0.13419574107231486, 0.034244190880162395, -0.06896236147061115], "aligned_model": [[-0.3530760741694608, 0.3403419075193482, -0.23377456696033702, 0.10343821529504899, -0.785102469811058, -0.20276570224401327, 0.6469189890872062, -0.22160173971348085, -0.806581125219465, 0.3326627080139625, -0.3031761952123717, 0.22652086179545872, 0.21309692881603465, 0.02523848579013177], [-0.5470389254399036, -0.5243690814086663, -0.6817916217709256, 0.001720167394604899, 0.42956870812510956, 0.5463986266511635, 0.09979767631879559, -0.06690574715409672, -0.271856155037823, -0.31241100193219845, 0.6147865726601311, 0.3018892206211527, 0.6211244270137943, 0.020282762380259098], [-0.45638443210693697, -0.09563239985185894, 0.288131905813412, -0.6046893009039959, -0.09220426610439288, -0.5712281206529215, -0.07990890350249562, 0.41194495588969005, 0.1623154756682505, 0.6703140069579145, 0.29334364010556485, 0.5827285980617815, -0.07937212431796076, -0.11080215479050595]], "inverted": false, "swapped": false, "error_lsq": 0.03975984776103873, "error_max": 0.24638972489607402, "target": "149.xyz", "model": "7.xyz", "model_rescale": 3.964800864290218, "target_rescale": 4.128298214446834},
{"mapping": [2, 6, 4, 0, 7, 1, 3, 9, 12, 11, 8, 10, 5, 13], "R": [[-0.9971767685767735, 0.046953545553622085, -0.05859911919754587], [-0.06184045369682426, -0.9561781356939089, 0.28618024234298955], [-0.04259401950221637, 0.28899608540751076, 0.9563822520947259]], "T": [-0.049629149133394446, -0.01398526336551308, -0.03517918256808903], "aligned_model": [[-0.35993792381547557, 0.3366431338673656, -0.17484081512722455, 0.2205328243920448, -0.7246941041758578, -0.3384226595577178, 0.6275582949872329, -0.23873762355189265, -0.66262926250494, 0.04840594327985778, -0.363719959028354, 0.3791199438784123, 0.2931470719288139, -0.060284641585261284], [-0.3700459707418159, -0.4449591761659279, -0.7041980024525339, -0.11212906902718169, 0.15410866024391726, 0.42284962120200703, 0.05938914535506663, 0.15420103576829725, -0.19459346390462287, -0.49192823466319036, 0.620963390657994, 0.3491230659425235, 0.739355207658589, 0.04905941854827478], [-0.49943984725128654, 0.004330728206549235, 0.0197917962742404, -0.6913344035286693, -0.18645675618961768, -0.5726673062825324, -0.2841692574158321, 0.6049833596627063, 0.36766877410175275, 0.6349648029576732, 0.2635594177174214, 0.564371123441266, 0.08336751692150826, 0.009586931650365421]], "inverted": false, "swapped": false, "error_lsq": 0.04634031799888053, "error_max": 0.2681205801065004, "target": "149.xyz", "model": "8.xyz", "model_rescale": 4.121658175737393, "target_rescale": 4.128298214446834},
{"mapping": [4, 10, 7, 8, 12, 3, 11, 1, 9, 6, 0, 2, 13], "R": [[0.1487695758487264, -0.5747679439377038, 0.804679702691335], [-0.751126034126842, -0.5949467416917177, -0.2860909914822404], [0.643177498175016, -0.5618542383679541, -0.520233140687225]], "T": [-0.10417800306475555, -0.0579630284610595, 0.012750000796818123], "aligned_model": [[-0.5565850562894752, -0.21261934364203028, 0.31338262344101436, 0.14460066037476468, -0.5135175324143453, -0.6052174180107516, 0.08906862892485626, 0.2813051420823363, 0.6691202066046319, -0.0789589522153084, -0.24456092485285488, 0.3426273645385574, -0.151907902106198], [0.2900685195135339, -0.2555869184683501, 0.02696753371650639, 0.538385412425168, -0.6556670728140054, 0.16758322250882124, -0.5863531382639304, -0.03363227677046009, -0.248036371063373, -0.5547450673546462, 0.6454597065541203, 0.49375081605160287, -0.03780692662327724], [-0.4543475994929771, -0.7352573860449417, -0.5393069542565121, -0.37001018110909145, -0.18659510538282797, 0.40481658454878333, -0.21089952104951673, 0.6266563065849973, 0.022296905550189178, 0.44841065421994253, 0.26591369167903134, 0.22246711509846442, -0.0730690763864526]], "inverted": false, "swapped": true, "error_lsq": 0.04128481704461241, "error_max": 0.2417694863801095, "target": "149.xyz", "model": "9.xyz", "model_rescale": 3.833441315466971, "target_rescale": 4.128298214446834},
{"mapping": [11, 6, 12, 7, 8, 9, 4, 0, 10, 1, 13, 5, 2, 14], "R": [[0.7164745799289842, -0.07985207532811306, 0.693028009810122], [0.6942275340138118, -0.016141806991399325, -0.7195745778473236], [0.0686462477684483, 0.9966760196437182, 0.04387031495746353]], "T": [-0.034956889464096974, -0.045589183935372826, -0.003999195397209134], "aligned_model": [[-0.44629184316479675, 0.480151524993258, -0.12096454947807317, -0.01603022869454785, -0.674221982161999, -0.19395718831912603, 0.7573370563187152, -0.25610650166156834, -0.8343604196798997, 0.19116034723478145, -0.22324542694100136, 0.30979480312058716, 0.029469482001094283, -0.0205948505804201], [-0.3888833731722616, -0.48709749891830084, -0.6304212795481532, -0.12677373838108505, 0.25833620207081787, 0.5255078160032238, 0.03126596991061724, -0.025831966884440685, -0.13813253406442744, -0.3729402880628848, 0.5602934192095969, 0.3394725552965781, 0.6688413525560721, 0.017558992406044485], [-0.4262428887116277, 0.027037834117236682, 0.11259479960620708, -0.6650323461645375, -0.33038679224437884, -0.5576030683586077, -0.05170840722731458, 0.639837323528967, 0.16376214623212232, 0.6183521385034959, 0.47884678343635023, 0.43224492078852345, -0.0496993717208295, -0.07344619152006197]], "inverted": true, "swapped": false, "error_lsq": 0.03648305368142241, "error_max": 0.237792230459931, "target": "149.xyz", "model": "10.xyz", "model_rescale": 4.2482417240324, "target_rescale": 4.128298214446834},
{"mapping": [0, 2, 1, 9, 5, 12, 3, 11, 7, 10, 4, 13], "R": [[-0.7086278372862986, 0.004890120813364332, -0.7055655001070943], [-0.217748116194296, -0.9526822315812544, 0.21209036640827544], [-0.6711425676536832, 0.30392869615716095, 0.6761619639815815]], "T": [0.04097250583553909, 0.038784068950430406, 0.04147285128921186], "aligned_model": [[-0.5451231055157147, -0.041233202405547106, 0.33991253170919405, 0.7035699217906959, -0.5526364878026466, 0.1830820318215406, -0.4267872335171316, 0.5375161971060635, 0.21064311759494986, 0.043758584375146195, -0.5620567829297151, -0.013879969863827918], [-0.40812124385921555, -0.6968668020143045, -0.41678053856693026, -0.36700860790235146, 0.6919064335595637, 0.7765829683660905, 0.11968278590939943, 0.3238103498508979, -0.14720147732134495, 0.4585947195237855, 0.24906334025358803, 0.0824694622514609], [0.22954288873382067, 0.04950331568994614, 0.5201856485539438, -0.13318712643456077, 0.07788423108906256, 0.03921167308732437, 0.5213520408630514, -0.15541254530079063, -0.608879529275063, -0.6173754107933374, -0.32746694507468804, -0.0301659512843526]], "inverted": true, "swapped": true, "error_lsq": 0.05604109746918829, "error_max": 0.326281234454885, "target": "149.xyz", "model": "11.xyz", "model_rescale": 3.6694154284099745, "target_rescale": 4.128298214446834},
{"mapping": [2, 9, 8, 10, 1, 12, 7, 4, 3, 11, 0, 6, 5, 13], "R": [[-0.2478502141671764, -0.48286904222057797, 0.8398855632776805], [-0.5076691954537165, -0.6736402685667797, -0.5371040649191303], [0.8251316618120172, -0.5595053857026389, -0.07817585333771682]], "T": [-0.01524929006366612, 0.059535388646396556, 0.014691922453394492], "aligned_model": [[-0.4589598287710061, 0.4824296921694325, -0.18706348172933765, 0.18542178599862594, -0.8429048750260143, -0.1461913134548066, 0.6911997039212976, -0.457320250850657, -0.7274964014845439, 0.22397936112277136, -0.3194059446868591, 0.24993305584896316, 0.3892160385714405, -0.10069731864230239], [-0.23288727701377376, -0.5661755430953506, -0.6773679563023141, -0.15759554392253616, 0.19644679790576325, 0.41190185620771763, 0.10889241035219975, 0.030471810759691284, -0.3686313816436305, -0.3674172804035463, 0.6567304854236208, 0.3100278966861991, 0.7499230835808023, 0.13687626988655388], [-0.36468060665297, -0.05938727457512923, 0.021846994553892055, -0.5475482972589538, -0.09806885440101287, -0.5514004368971618, -0.2103836687943232, 0.6074880289011193, 0.23969452176136688, 0.5674212592446689, 0.26285438992002774, 0.44688014566855117, -0.05121271389288192, 0.0550533926883517]], "inverted": false, "swapped": false, "error_lsq": 0.04368602290004596, "error_max": 0.2736083216986968, "target": "149.xyz", "model": "12.xyz", "model_rescale": 3.9764082729961374, "target_rescale": 4.128298214446834},
{"mapping": [11, 1, 8, 13, 14, 6, 9, 7, 3, 2, 4, 0, 5, 15], "R": [[-0.2732534255376936, 0.8239615919927329, 0.4964069503469071], [-0.7621890196307818, -0.5002814480093561, 0.41083618527574844], [0.5868564251894866, -0.2660935318613786, 0.7647180974158737]], "T": [0.014517957921499888, 0.0031092659955509923, -0.07357602207879192], "aligned_model": [[-0.46780753198870606, 0.4494927392954181, -0.22200055183842793, -0.08218352714574632, -0.679717999334048, -0.3109650715939958, 0.5781906397333957, -0.23791383515849057, -0.7454588036085955, 0.2256205587310242, -0.18141954814109523, 0.3134181980161846, 0.41852433475274625, -0.0756393787326591], [-0.5271094387492795, -0.45260885036625914, -0.62586243021769, 0.02547882026470959, 0.05186268207196147, 0.5833148469636886, 0.1640756943966287, 0.06414223012069763, -0.2543276974696201, -0.4135269123925051, 0.5896974702980687, 0.24400541796318928, 0.7376738093961819, 0.044379986141624375], [-0.4152995150830105, 0.006676804970172423, 0.14575577350071417, -0.6774211777391541, -0.4665996595987539, -0.44918364581674547, 0.060072933115058805, 0.6360625239821653, 0.1805990732584017, 0.5730378508745879, 0.2916451356740767, 0.5426509036075053, -0.07778136309105714, -0.03165875738841606]], "inverted": true, "swapped": false, "error_lsq": 0.04367172568407159, "error_max": 0.36403909701470233, "target": "149.xyz", "model": "13.xyz", "model_rescale": 4.170626492500431, "target_rescale": 4.128298214446834},
{"mapping": [2, 5, 4, 3, 0, 1, 11, 8, 4, 12, 7, 10, 9, 13], "R": [[-0.5616254766325179, 0.2203643313226541, 0.7975063545063554], [0.2639423431888396, -0.8658030584068521, 0.4251111660793277], [0.7841627786813665, 0.44924895718750474, 0.42809357738309695]], "T": [-0.08907230334321664, 0.006013969017691485, -0.061280723631840894], "aligned_model": [[-0.49086803278379687, 0.5424449920911558, -0.41569345833126253, 0.12400356076681429, -0.6287856956719955, -0.23632695281059277, 0.6076480606200865, -0.3897525711963072, -0.41569345833126253, 0.19653870331736328, -0.46647403633917633, 0.1458741069270719, 0.40763632985098314, 0.001588674877923274], [-0.3345860004973662, -0.6179982542188969, -0.5407054499707468, 0.0637489672643125, 0.2233852299805481, 0.6823015706433818, -0.001846784488364877, 0.02224788355920355, -0.5407054499707468, -0.2642444966397156, 0.621018728493988, 0.31547702073273726, 0.6415488925888926, -0.038446229055830575], [-0.45559534396184853, 0.13624010862342367, 0.2509365542504698, -0.7145333168460659, -0.19287705935689684, -0.39559437575056267, -0.18035462557641094, 0.6176037505958263, 0.2509365542504698, 0.5560464471625499, 0.3085393415917171, 0.3478171972858109, -0.13666197525036916, -0.07394637675256796]], "inverted": false, "swapped": false, "error_lsq": 0.050762801992593254, "error_max": 0.35401288820798765, "target": "149.xyz", "model": "14.xyz", "model_rescale": 3.9786697098870705, "target_rescale": 4.128298214446834},
{"mapping": [6, 3, 11, 9, 12, 10, 0, 4, 7, 2, 5, 13], "R": [[-0.022371651512445218, 0.07829998466378094, 0.9966787956058147], [-0.3173350483679599, 0.9448178947382957, -0.0813487114808789], [-0.9480495642559572, -0.31810101883512787, 0.003710192736684107]], "T": [0.022849882808836493, -0.10527949629275196, -0.06212795394596464], "aligned_model": [[-0.053023122421810655, -0.6519784208740774, 0.4639168320270652, 0.6600157823818511, 0.017570430881639426, 0.43487243094184996, -0.45052286904387395, -0.15825761620926765, 0.6292830431186025, 0.0648661956530254, -0.5034255227847737, 0.03003743309710627], [-0.27429348983019675, -0.11606887354140369, 0.08168471177773895, -0.5618453695517243, 0.4808065510279637, 0.5433048002323253, -0.3999445970820866, 0.4103219027940254, -0.022230344933184598, -0.7092973048070113, 0.6028340512357793, -0.020597547097786315], [-0.6968768465797954, -0.05125769001365945, -0.43234925093306553, -0.20275639997609357, -0.5322584877396275, 0.07895927846256055, 0.4552630775063668, 0.43318360401398853, 0.2720555575527448, 0.36378469816675896, -0.018819175002960722, -0.008961871583387272]], "inverted": false, "swapped": true, "error_lsq": 0.04394873744249745, "error_max": 0.2305335852219493, "target": "149.xyz", "model": "15.xyz", "model_rescale": 3.769337070930944, "target_rescale": 4.128298214446834},
{"mapping": [12, 3, 11, 6, 10, 4, 7, 0, 9, 1, 13], "R": [[0.8920180282201581, 0.0630258738595318, -0.4475841558349263], [-0.43398889685023284, -0.1573204840497228, -0.8870760411086971], [-0.12632289871966673, 0.9855343751095662, -0.11298017851135445]], "T": [-0.018529819963904418, -0.005337548003469916, 0.023580116011218843], "aligned_model": [[-0.3190864746878711, -0.3222958043847361, -0.10128768252196087, -0.6357131547725111, 0.41519536422000686, 0.424058996862845, 0.566513425562908, 0.15683234183795014, 0.06787188813405319, -0.3762076639846429, 0.04674489442512955], [0.1694989142058464, -0.6080540700352854, 0.543957204007586, 0.22857297973091417, 0.25565201978554825, -0.4244592604613077, 0.3742028030874031, -0.644115691634431, 0.6520591924778223, 0.07726112761019156, -0.02851072114894536], [-0.6424869639927808, 0.014261664978674246, -0.21722247768919567, 0.06357006329336681, -0.5714801222231818, -0.3916672774253427, 0.02681764280083282, 0.39749636154578677, 0.46468487735323133, 0.6491312423313287, -0.048887403748942446]], "inverted": true, "swapped": true, "error_lsq": 0.040983305999041535, "error_max": 0.18317196848967837, "target": "149.xyz", "model": "16.xyz", "model_rescale": 3.7852294659196426, "target_rescale": 4.128298214446834},
{"mapping": [3, 4, 10, 5, 0, 8, 9, 7, 12, 6, 1, 11, 13], "R": [[-0.6888429744424351, -0.7180254933746888, -0.09967320314574805], [-0.612469205364125, 0.650021288032827, -0.4498375235402021], [0.3877845136695586, -0.2488206502044784, -0.887531100857815]], "T": [-0.021927658997594694, 0.14411529542068155, -0.049946557574897715], "aligned_model": [[-0.1309581457011933, -0.25082784373200684, 0.20447388294459068, 0.18600985995010233, -0.6772419575840547, -0.654781744702555, -0.014951607840926074, -0.19386730343885067, 0.6562963878862368, 0.4503669618241057, -0.1417792323593562, 0.45054018759761144, -0.029513594627421327], [-0.10977451459599571, -0.5454800672218797, -0.29840797848524736, -0.6723893272737, 0.01890540052778772, 0.028318028298321557, 0.8268131170368648, 0.1822594586941657, -0.17822680816285472, 0.4940934384043254, 0.7802569485005905, 0.29316838321826505, 0.055519544762231116], [-0.6658037894799903, 0.07670733948309802, 0.5527517673567609, -0.31517935794520646, -0.4153072225843518, 0.3374993642211188, 0.3600341238078275, 0.6248265452530255, -0.024350527264609755, -0.3527364025345432, -0.37710032957865103, 0.2980718162024176, -0.003658629793722251]], "inverted": true, "swapped": true, "error_lsq": 0.045245962395069915, "error_max": 0.28816711731763944, "target": "149.xyz", "model": "17.xyz", "model_rescale": 3.901054581598922, "target_rescale": 4.128298214446834},
{"mapping": [13, 2, 3, 9, 11, 10, 8, 7, 12, 0, 6, 1, 4, 14], "R": [[0.8459478712928066, 0.3518657948437761, 0.4007027095916958], [-0.13147525356011427, 0.8658361669523542, -0.48274422803235956], [-0.5168040796631476, 0.35569396173707074, 0.7787139069178838]], "T": [-0.013395636591864532, 0.035344061350649617, -0.02978773836346906], "aligned_model": [[-0.15459946251008655, 0.4682059569097609, -0.17890973776071828, -0.3233668359541982, -0.7371413376914985, -0.10581639574399378, 0.6401103412685107, -0.3626268447341195, -0.6767846924409662, 0.21800843109686496, -0.37459842024681084, 0.21588053654905337, 0.4175599526667347, -0.06378126842152845], [-0.5813034823331779, -0.6343925187622258, -0.6512984331990187, -0.03274760007238357, 0.3532618150538344, 0.6408000988776775, 0.0911218360320965, 0.03296653402471232, -0.28679141433566013, -0.3162938382574979, 0.5807365009070423, 0.3152717130547078, 0.6973368774562297, 0.02252753997505992], [-0.386592285301057, -0.08680458134441252, 0.26095795207002664, -0.6072572202798915, -0.13865210786422136, -0.5750721944308276, -0.13096594200542594, 0.5338690139428967, 0.06031664533234981, 0.6013283076342266, 0.33873007833578545, 0.5658283256216652, -0.06999671026260149, -0.047132401182967715]], "inverted": true, "swapped": false, "error_lsq": 0.04347996150679534, "error_max": 0.3394616589016622, "target": "149.xyz", "model": "18.xyz", "model_rescale": 3.9405287249114394, "target_rescale": 4.128298214446834},
{"mapping": [6, 9, 8, 2, 1, 3, 11, 4, 0, 7, 12, 13, 14, 15], "R": [[-0.5410137468046321, -0.7425354184574742, -0.3948990733144321], [-0.03513725428941311, 0.48909790579742585, -0.8715208614287862], [0.840279417294875, -0.4576290975022854, -0.29069934638700046]], "T": [-0.05509562232590275, 0.05934104895257962, 0.049093074774841094], "aligned_model": [[-0.4206952478652235, 0.5253408885358145, -0.23780954415483485, -0.054923718792860225, -0.6106650933568706, -0.3320502044845978, 0.6321954071123933, -0.44269820884506167, -0.6595201288069401, 0.11238847243349598, -0.28141258969743127, 0.45875975920394935, 0.3405696708783709, -0.04733923917319968], [-0.4365418511044371, -0.41631972060335165, -0.6743950930215333, -0.16091275022449536, 0.1482968795190847, 0.732774747548363, 0.07151494462510448, -0.006007220969410351, -0.24699428229306541, -0.36138457725108775, 0.5138652321520327, 0.2913434368671094, 0.7189684884317721, 0.05698739474531152], [-0.373660421755668, 0.2098728499975657, 0.07187579337451788, -0.7916289467104336, -0.29579654096624264, -0.3927347286631852, -0.1669995882602976, 0.6656633198872199, 0.16529952361364839, 0.5881334947801498, 0.25482945798407636, 0.4144112706626632, -0.040793403161975605, 0.010084799483506907]], "inverted": true, "swapped": false, "error_lsq": 0.04154091533837502, "error_max": 0.29419225604719645, "target": "149.xyz", "model": "19.xyz", "model_rescale": 4.410303926677745, "target_rescale": 4.128298214446834},
{"mapping": [2, 6, 4, 0, 7, 1, 3, 9, 12, 11, 8, 10, 5, 13], "R": [[-0.9971767685767735, 0.046953545553622085, -0.05859911919754587], [-0.06184045369682426, -0.9561781356939089, 0.28618024234298955], [-0.04259401950221637, 0.28899608540751076, 0.9563822520947259]], "T": [-0.049629149133394446, -0.01398526336551308, -0.03517918256808903], "aligned_model": [[-0.35993792381547557, 0.3366431338673656, -0.17484081512722455, 0.2205328243920448, -0.7246941041758578, -0.3384226595577178, 0.6275582949872329, -0.23873762355189265, -0.66262926250494, 0.04840594327985778, -0.363719959028354, 0.3791199438784123, 0.2931470719288139, -0.060284641585261284], [-0.3700459707418159, -0.4449591761659279, -0.7041980024525339, -0.11212906902718169, 0.15410866024391726, 0.42284962120200703, 0.05938914535506663, 0.15420103576829725, -0.19459346390462287, -0.49192823466319036, 0.620963390657994, 0.3491230659425235, 0.739355207658589, 0.04905941854827478], [-0.49943984725128654, 0.004330728206549235, 0.0197917962742404, -0.6913344035286693, -0.18645675618961768, -0.5726673062825324, -0.2841692574158321, 0.6049833596627063, 0.36766877410175275, 0.6349648029576732, 0.2635594177174214, 0.564371123441266, 0.08336751692150826, 0.009586931650365421]], "inverted": false, "swapped": false, "error_lsq": 0.04634031799888053, "error_max": 0.2681205801065004, "target": "149.xyz", "model": "20.xyz", "model_rescale": 4.121658175737393, "target_rescale": 4.128298214446834},
{"mapping": [9, 1, 6, 11, 12, 2, 3, 7, 0, 4, 5, 10, 13], "R": [[-0.32256398260619784, -0.7125765628623706, -0.6230466428643036], [-0.40615851018625304, -0.4903554137512901, 0.7710945680058219], [-0.8549782112595106, 0.5017830310642755, -0.13124804001369522]], "T": [0.044250311959082606, -0.038105300356845936, 0.07112563335037095], "aligned_model": [[0.30791470060155246, -0.23982239390091722, 0.24204880195078088, 0.6331088159892261, 0.594850747274505, -0.46763819614789137, -0.41896070013521325, 0.31632132744126806, -0.7002902731723034, -0.07138768819540472, 0.03728657523685505, 0.5827228646575587, 0.06492832306427829], [-0.6139449771942092, -0.1342936718992941, 0.29610153940435774, -0.08853888114578894, 0.45425802235709517, -0.5406965930095371, 0.4505475966401226, -0.6351772319217998, -0.0866082274817208, 0.031136818851565398, 0.6085922590435027, -0.16184433202409398, -0.03870541745701652], [0.553928799017188, 0.7315199760897698, 0.6062986383197108, 0.20250901774542793, -0.06658771153072993, 0.2538183222976764, 0.023358308933158607, -0.16513572594105122, -0.07689310330021851, -0.6540030795257296, -0.5305387432718377, -0.4812019316417149, -0.026963027709860685]], "inverted": true, "swapped": true, "error_lsq": 0.04557530155302764, "error_max": 0.25414980410441235, "target": "149.xyz", "model": "21.xyz", "model_rescale": 4.08911054899281, "target_rescale": 4.128298214446834},
{"mapping": [11, 9, 5, 15, 1, 2, 12, 6, 8, 10, 0, 7, 4, 16], "R": [[0.9761930483524824, 0.14582572971387825, 0.16056770815360988], [0.17179888706068447, -0.9717267939757315, -0.161963515256852], [0.13240949646078293, 0.1856930112391451, -0.9736456392466104]], "T": [0.008222285554356362, 0.05377808479942389, -0.03664397889825659], "aligned_model": [[-0.4876967606929047, 0.39845795001684914, -0.07560460791939976, -0.08976717977023256, -0.7153064497181757, -0.16032155148643293, 0.7248154018286176, -0.34074038336252865, -0.6095968846450689, 0.29252237013864113, -0.3003245227105591, 0.2661377747157022, 0.06440036033845178, 0.015164706254044822], [-0.41975907024754366, -0.539479679574431, -0.6213527818873074, -0.07479584790186511, 0.25719677725913564, 0.5056167173675965, -0.032845715647682044, 0.053472417307805956, -0.20857417691920913, -0.4030888077700685, 0.6458160325763562, 0.23011600847307562, 0.7424123196458976, 0.09646143573963617], [-0.3768202458800651, -0.09416756322825824, 0.15017255871426394, -0.7475404737618189, -0.2918407383975707, -0.5739415263407741, 0.11814661816283144, 0.6219826913946779, 0.13723178642079115, 0.564672504822422, 0.3562546513880887, 0.6022462504327002, -0.13108496776815015, -0.016754665693593095]], "inverted": false, "swapped": false, "error_lsq": 0.03832984843887812, "error_max": 0.21353320392164338, "target": "149.xyz", "model": "22.xyz", "model_rescale": 4.204369325754507, "target_rescale": 4.128298214446834},
{"mapping": [6, 9, 8, 2, 1, 3, 11, 4, 0, 7, 12, 13, 14, 15], "R": [[-0.5410137468046321, -0.7425354184574742, -0.3948990733144321], [-0.03513725428941311, 0.48909790579742585, -0.8715208614287862], [0.840279417294875, -0.4576290975022854, -0.29069934638700046]], "T": [-0.05509562232590275, 0.05934104895257962, 0.049093074774841094], "aligned_model": [[-0.4206952478652235, 0.5253408885358145, -0.23780954415483485, -0.054923718792860225, -0.6106650933568706, -0.3320502044845978, 0.6321954071123933, -0.44269820884506167, -0.6595201288069401, 0.11238847243349598, -0.28141258969743127, 0.45875975920394935, 0.3405696708783709, -0.04733923917319968], [-0.4365418511044371, -0.41631972060335165, -0.6743950930215333, -0.16091275022449536, 0.1482968795190847, 0.732774747548363, 0.07151494462510448, -0.006007220969410351, -0.24699428229306541, -0.36138457725108775, 0.5138652321520327, 0.2913434368671094, 0.7189684884317721, 0.05698739474531152], [-0.373660421755668, 0.2098728499975657, 0.07187579337451788, -0.7916289467104336, -0.29579654096624264, -0.3927347286631852, -0.1669995882602976, 0.6656633198872199, 0.16529952361364839, 0.5881334947801498, 0.25482945798407636, 0.4144112706626632, -0.040793403161975605, 0.010084799483506907]], "inverted": true, "swapped": false, "error_lsq": 0.04154091533837502, "error_max": 0.29419225604719645, "target": "149.xyz", "model": "23.xyz", "model_rescale": 4.410303926677745, "target_rescale": 4.128298214446834},
{"mapping": [8, 14, 15, 10, 2, 3, 11, 12, 5, 13, 0, 7, 1, 16], "R": [[0.9121477601596266, 0.4041690263373018, 0.06807247450573461], [0.13403391389946487, -0.13719533614578072, -0.9814338233750848], [-0.38732592678591404, 0.9043366839233073, -0.1793147750466454]], "T": [-0.006188490321688334, -0.09301745502762188, 0.022534766233083516], "aligned_model": [[-0.29621430272297017, 0.3794962795531552, -0.1749716934597469, 0.11449014864582478, -0.7741435727387551, -0.386772499822699, 0.6100784251362581, -0.38700567655825124, -0.5936524127926723, 0.2346484354132109, -0.3546548080981024, 0.32276199176621023, 0.32865871193124097, -0.04057880326569892], [-0.42150028171552906, -0.6152552328867011, -0.7855928886019343, -0.00862215003634198, 0.39196377027734597, 0.5902284241872047, -0.08564095573308012, 0.0857797222965078, -0.2503107577546109, -0.21376803933603178, 0.5136362157068932, 0.35849921765123793, 0.6606354389247839, 0.011143145441652375], [-0.6729440098388774, 0.21401570961397345, -0.011607436135233053, -0.6115772466384536, -0.06652787279062677, -0.4219670502785641, -0.12197185223426796, 0.7075060611290728, 0.1829934529414505, 0.6718447811110901, 0.3070138695884148, 0.38288899655298464, -0.2145728383494914, -0.026537684405926784]], "inverted": false, "swapped": false, "error_lsq": 0.043091859203611096, "error_max": 0.25121456797289465, "target": "149.xyz", "model": "24.xyz", "model_rescale": 4.28219845311461, "target_rescale": 4.128298214446834},
{"mapping": [3, 0, 4, 1, 9, 5, 6, 13, 7, 2, 12, 14, 10, 15], "R": [[-0.6480053595294673, 0.718210004547621, -0.2535023538131199], [-0.403130579471608, -0.041037263239968536, 0.9142218980754394], [0.6462002707489154, 0.6946152405421867, 0.31612478183550985]], "T": [-0.11143911523532472, 0.05446079951676944, 0.020503139352716453], "aligned_model": [[-0.5146105080592229, 0.4533747157862264, -0.18881014134356988, 0.0031625084228053685, -0.7298370739805565, -0.2025449798927788, 0.7894209494452467, -0.3520445544770811, -0.7795301744323159, 0.27036759060686844, -0.39616029453701845, 0.2919724906660997, 0.4010059923864297, -0.06362629760412855], [-0.35517264438850116, -0.5290972772263915, -0.6725891270189767, -0.1782446258034365, 0.28314966484838744, 0.4679381571020069, 0.061971286282634264, -0.031044215942300613, -0.30247502888038813, -0.2131113246212548, 0.576238786100113, 0.46937083681453196, 0.6562466630599095, -0.00198552190493749], [-0.4988220136127161, -0.056953166977935635, 0.028294266937055817, -0.5648104959985656, -0.12835602688147016, -0.7184264087799109, -0.0038252681841108895, 0.5568932696456127, 0.19882071217632338, 0.5219099822917793, 0.5012332954768242, 0.5157337543880068, -0.04991422315145462, 0.016779202936106682]], "inverted": false, "swapped": false, "error_lsq": 0.038476246597149745, "error_max": 0.20643909239471414, "target": "149.xyz", "model": "25.xyz", "model_rescale": 4.100010024507729, "target_rescale": 4.128298214446834},
{"mapping": [0, 2, 1, 9, 5, 12, 3, 11, 7, 10, 4, 13], "R": [[-0.7086278372862986, 0.004890120813364332, -0.7055655001070943], [-0.217748116194296, -0.9526822315812544, 0.21209036640827544], [-0.6711425676536832, 0.30392869615716095, 0.6761619639815815]], "T": [0.04097250583553909, 0.038784068950430406, 0.04147285128921186], "aligned_model": [[-0.5451231055157147, -0.041233202405547106, 0.33991253170919405, 0.7035699217906959, -0.5526364878026466, 0.1830820318215406, -0.4267872335171316, 0.5375161971060635, 0.21064311759494986, 0.043758584375146195, -0.5620567829297151, -0.013879969863827918], [-0.40812124385921555, -0.6968668020143045, -0.41678053856693026, -0.36700860790235146, 0.6919064335595637, 0.7765829683660905, 0.11968278590939943, 0.3238103498508979, -0.14720147732134495, 0.4585947195237855, 0.24906334025358803, 0.0824694622514609], [0.22954288873382067, 0.04950331568994614, 0.5201856485539438, -0.13318712643456077, 0.07788423108906256, 0.03921167308732437, 0.5213520408630514, -0.15541254530079063, -0.608879529275063, -0.6173754107933374, -0.32746694507468804, -0.0301659512843526]], "inverted": true, "swapped": true, "error_lsq": 0.05604109746918829, "error_max": 0.326281234454885, "target": "149.xyz", "model": "26.xyz", "model_rescale": 3.6694154284099745, "target_rescale": 4.128298214446834},
{"mapping": [1, 0, 5, 6, 3, 12, 2, 8, 7, 4, 9, 10, 11, 13], "R": [[-0.7512214819141722, -0.4882962422938646, 0.444109293836964], [0.5242560352178836, -0.032610928313957344, 0.8509360357230897], [-0.4010260523311429, 0.8720684073604512, 0.2804902818913803]], "T": [-0.09445016872770048, 0.007292408865585992, 0.09026783629073697], "aligned_model": [[-0.26569382822009147, 0.2854349840286101, -0.31946985595096233, -0.055029861192466265, -0.7252501743775615, -0.057662654777340006, 0.5183174076372898, -0.24785275480167476, -0.7084827495180597, 0.4831630561826682, -0.4267924950270684, 0.20861691018811943, 0.3351962324970471, -0.04235399368150631], [-0.6269889979418737, -0.5201833639835776, -0.745556315651275, -0.021166315005725106, 0.2717844795118981, 0.5949324841932464, 0.08543512374128481, -0.05019284456796179, -0.13059423900190706, -0.2676564304846162, 0.5734817956948474, 0.3155838369091546, 0.7403840583566401, 0.011932356651261892], [-0.49965534494369546, -0.02969016846773552, 0.1828066826009821, -0.5944412787309894, -0.3398095029994241, -0.4417647135064565, -0.1935265605371671, 0.7079411193891297, 0.09920018123709623, 0.606307241993002, 0.27422895137265424, 0.5085948148194067, -0.028711458573119644, 0.06707691661186163]], "inverted": false, "swapped": false, "error_lsq": 0.04470516794657633, "error_max": 0.242011622549225, "target": "149.xyz", "model": "27.xyz", "model_rescale": 4.103607728864725, "target_rescale": 4.128298214446834},
