[{"mapping": [1, 2, 5, 7, 0, 10, 8, 3, 10, 6, 4, 11], "R": [[0.7002269974882409, 0.1527017371149384, -0.6973982588669717], [0.6625809920842126, -0.5027454027363234, 0.5551877961160466], [-0.26583562762975177, -0.8508403137543336, -0.45321317232967057]], "T": [-0.029196990773435787, 0.005668502477693349, 0.06944089259810442], "aligned_model": [[-0.0936849013800945, -0.7036174474968222, 0.4858261618842347, 0.7461100206128635, -0.1384850713570783, 0.5816192101197775, -0.4933559790228825, -0.07384620547981638, 0.5816192101197775, 0.09862896378774938, -0.4890137799552012, -0.018445585065170658], [-0.4564948943385421, -0.1296963531205299, 0.13228878130676489, -0.4694339676049556, 0.27477357284250536, 0.25960370488086404, -0.313104193964546, 0.45017863825803034, 0.25960370488086404, -0.690793458629832, 0.6696087913541272, 0.028140164359688816], [-0.46359462549409686, -0.34958613398647537, -0.5688417953589723, -0.19471813314703873, -0.4768465505559501, 0.2249459654147407, 0.36277328481110915, 0.5933203649976014, 0.2249459654147407, 0.22356989546822725, 0.07945487965551716, 0.004543376654426723]], "inverted": true, "swapped": false, "error_lsq": 0.05663529425063021, "error_max": 0.40787456092613983, "target": "15.xyz", "model": "0.xyz", "model_rescale": 3.751011558992144, "target_rescale": 3.769337070930944},
{"mapping": [6, 7, 4, 10, 1, 8, 12, 2, 5, 9, 0, 14], "R": [[0.7784266773952904, 0.29668137922370447, -0.5532016514267187], [0.5078388583267612, 0.22038129953094995, 0.832785552702748], [0.36898726521751424, -0.9291997858582245, 0.02088434984215868]], "T": [0.025257483340074334, -0.03246761200661292, 0.02427539874174373], "aligned_model": [[-0.20842139318780595, -0.5748492865656399, 0.5668467158267081, 0.6272126867164016, -0.16597858732758392, 0.4760828770201084, -0.5351535084343017, 0.04504467140821689, 0.4553591983838024, 0.24892394156182873, -0.45691578304595115, 0.005203064411553264], [-0.3166377903183865, -0.06367458590446712, 0.12720806754378808, -0.5317322926572999, 0.359131780455362, 0.45453661760288083, -0.4588839120454013, 0.5321770882170689, -0.018715421094980568, -0.5423768581597649, 0.552968937389066, -0.07932714080342629], [-0.6302223000266042, -0.25603695077342264, -0.5295826611657245, -0.22237913681718863, -0.5195667019960003, 0.023011715403813967, 0.26109550649634533, 0.6280327437784504, 0.47694463665966763, 0.37663245839622883, 0.007616877985186139, 0.044420305933078316]], "inverted": true, "swapped": false, "error_lsq": 0.05643655261959823, "error_max": 0.3427698233026775, "target": "15.xyz", "model": "1.xyz", "model_rescale": 3.9405287249114394, "target_rescale": 3.769337070930944},
{"mapping": [4, 9, 1, 7, 2, 0, 10, 11, 6, 3, 5, 12], "R": [[0.5188220647502536, 0.8371547372907443, 0.17319241022616663], [-0.831435701011804, 0.5412510774879552, -0.1255465897630756], [-0.198842501018505, -0.07886201208308483, 0.9768533374252829]], "T": [0.04546258242464893, -0.04106151359006981, -0.06691853866629872], "aligned_model": [[0.05276692942294696, -0.7411388571882875, 0.5482699927986036, 0.6687914219209667, -0.10062342992641124, 0.5001357383320367, -0.5245435814374669, -0.18317499172439164, 0.40843956419296346, 0.07387632884212214, -0.24056833122753032, 0.02112381276178467], [-0.5216763730796227, -0.0043640054205592235, 0.12607734017581718, -0.5272884367178778, 0.45479451530100856, 0.6532047986013404, -0.4746529600433736, 0.2457136578316133, 0.024430534224732327, -0.5767302342424874, 0.6228129729469479, -0.007647319353099716], [-0.5774591592202133, 0.10712908465290617, -0.65554035612903, -0.004034596089679945, -0.5107150045482916, 0.052230936067057074, 0.3787029936165309, 0.5438998875296445, 0.3322232854624339, 0.1306956290900066, 0.007467366835077219, -0.14463357339261168]], "inverted": false, "swapped": false, "error_lsq": 0.05354106370724587, "error_max": 0.32059308129273323, "target": "15.xyz", "model": "2.xyz", "model_rescale": 3.932901565614263, "target_rescale": 3.769337070930944},
{"mapping": [7, 8, 0, 4, 3, 1, 12, 10, 2, 5, 11, 13], "R": [[-0.0015339589802841587, -0.4070878648409747, -0.913387714647544], [0.5757332486880441, 0.7464610505180225, -0.33365719895521634], [0.8176361497175608, -0.5263794927224525, 0.23322897829449932]], "T": [-0.010680787926728143, 0.011891136994995895, -0.06853191510950937], "aligned_model": [[-0.09717962086347018, -0.6325475649994982, 0.5396578539016612, 0.6622472029822293, -0.059128117711193647, 0.42171755968193986, -0.30808938074254605, -0.1573906621404168, 0.7909146873392467, -0.014694511371266684, -0.62892992340534, -0.033222925904008944], [-0.5275062178756984, 0.09313799741942436, 0.15847995378945143, -0.5270402665966518, 0.29527801212416227, 0.5819236082460114, -0.28773122033874243, 0.2884977646559648, -0.01605367526156528, -0.6448696280383982, 0.6393820303364697, -0.03882386823598879], [-0.5282176695181294, -0.44993378292901554, -0.42150419057075883, -0.2097667047746127, -0.49046818200594533, 0.12346618805014956, 0.5677890589787441, 0.5757587232234266, 0.1569977607191075, 0.22378447716353508, 0.07888546385544251, 0.03317535168188614]], "inverted": false, "swapped": false, "error_lsq": 0.05199807207165999, "error_max": 0.306832654242172, "target": "15.xyz", "model": "3.xyz", "model_rescale": 3.9243930471874484, "target_rescale": 3.769337070930944},
{"mapping": [1, 9, 0, 2, 5, 6, 8, 10, 3, 4, 11, 12], "R": [[-0.5060414970023183, 0.8366926258126719, 0.20944558534939164], [0.5923641524402816, 0.513646567286303, -0.6207027588296226], [-0.6269184270823119, -0.19003329662375998, -0.7555531959822197]], "T": [-0.04690955070914484, -0.024616786892537643, 0.032984470049467765], "aligned_model": [[-0.13375446154150875, -0.7351040046382811, 0.5726093583098809, 0.6652943187134599, 0.15793167578644632, 0.26551915188947617, -0.4579951716070842, -0.13319220659957007, 0.5922464022245066, 0.19674945573751054, -0.5062224439238591, -0.0007274775836406816], [-0.30095361052739, -0.009043581759196881, -0.10338189671770441, -0.5845686040424377, 0.37657963332564426, 0.6262234302607222, -0.3989614664587244, 0.16973541640351902, 0.07462576176128806, -0.46361727434174893, 0.6179010502296156, 0.010135632090852068], [-0.6198985373480322, -0.12139577687327723, -0.5443496898637471, -0.1414692520764086, -0.575870688511894, 0.05064324308585451, 0.3282996272758994, 0.7052271672097831, 0.21895208747476874, 0.349648535009261, 0.08132261745001147, -0.07114283895838878]], "inverted": true, "swapped": false, "error_lsq": 0.047534369614149787, "error_max": 0.23161811338914554, "target": "15.xyz", "model": "4.xyz", "model_rescale": 3.8936222436046832, "target_rescale": 3.769337070930944},
{"mapping": [1, 5, 9, 0, 6, 8, 4, 10, 3, 2, 7, 11], "R": [[-0.7920284627607552, 0.4184182898133936, 0.4445413916908867], [-0.581200001908388, -0.29398364967687757, -0.7588017998821254], [-0.18680865065227856, -0.8593600807998346, 0.4760281289684224]], "T": [0.07881598445240093, 0.08050685524012022, -0.004590650983779858], "aligned_model": [[-0.040451333269478515, -0.672429362415638, 0.4863203843573103, 0.6825818257229133, -0.27625960984513476, 0.524539975688698, -0.5284577478877334, -0.017222290783037594, 0.5896255527059866, 0.11178220831974603, -0.30671096192397296, -0.0699640439023223], [-0.5310677832993761, -0.030774964302835855, 0.20360606523227331, -0.5372950531358331, 0.3607116380407448, 0.645200732792695, -0.29644930729915897, 0.17389471570851397, -0.02728945269786573, -0.5512410145385599, 0.5961953968718723, 0.009183516851969525], [-0.509427788662617, -0.2881706969940593, -0.45272310057731824, -0.1956558751847366, -0.6603461161822197, 0.1636763232620505, 0.3414545258937405, 0.6130846332003962, 0.2356916273821309, 0.39159910410606413, 0.06739427129499065, -0.0466104136645921]], "inverted": true, "swapped": false, "error_lsq": 0.05360236582062499, "error_max": 0.3508043919720169, "target": "15.xyz", "model": "5.xyz", "model_rescale": 3.6523030999806103, "target_rescale": 3.769337070930944},
{"mapping": [1, 6, 3, 0, 4, 11, 8, 9, 7, 5, 10, 12], "R": [[-0.6808411833178347, 0.731110395923821, -0.04396444097773608], [-0.5799375485767873, -0.5014542463555647, 0.6420405583471496], [0.44735637119540117, 0.46262428360829366, 0.7654090732195405]], "T": [-0.052064584600657875, 0.005757536499980467, -0.05095105739042888], "aligned_model": [[-0.12683685151311172, -0.687694184195962, 0.5520263489433326, 0.621879706833082, 0.052213756900055704, 0.42021231703175066, -0.41626308053609284, -0.17296255146263498, 0.5602198008355619, 0.17247658766102375, -0.5343073942632837, 0.04239014053361544], [-0.5038709386323665, -0.07712667167388242, -0.02862006264918822, -0.6417387201803487, 0.4493101467353702, 0.7207984423620803, -0.328484782695215, 0.3473068851055481, 0.06750578321123311, -0.5685806210026758, 0.6190330532055667, -0.040858023561682486], [-0.5168510374596431, -0.15925471488090653, -0.3923203993569696, -0.38816229701261684, -0.3995463978270884, 0.14964813071704786, 0.4065908863523006, 0.5746611222036027, 0.24588735837859027, 0.2382209896378903, -0.05378915625870895, -0.04511799061966802]], "inverted": true, "swapped": false, "error_lsq": 0.03993610684095029, "error_max": 0.23947649461655746, "target": "15.xyz", "model": "6.xyz", "model_rescale": 4.08911054899281, "target_rescale": 3.769337070930944},
{"mapping": [1, 11, 2, 0, 13, 7, 8, 5, 6, 3, 12, 14], "R": [[-0.41564438218199695, 0.12810871500436966, 0.9004598295873478], [-0.5636758463060542, -0.813261120224443, -0.14448491486116458], [0.7137991929469378, -0.5676217996793408, 0.4102392042175965]], "T": [-0.07186553223011646, -0.0031268985053994128, 0.054462625478911855], "aligned_model": [[0.001711444304477755, -0.5899012795808949, 0.5598970038211928, 0.581610162870408, -0.10826677276869487, 0.4424871994798596, -0.41894164697999103, -0.07241975014190194, 0.41148640836413486, 0.28303314001356794, -0.460331007616515, -0.147010304998307], [-0.2966681734215708, 0.0004059138807410642, 0.10129869977449202, -0.6346502332013844, 0.46962705511505726, 0.574446358271351, -0.4366811631874051, 0.5030222850400614, -0.09081035561538231, -0.6382147684987879, 0.5893524271241835, -0.12645355505691672], [-0.6136436589549435, -0.22150394253345013, -0.4355485333299049, -0.188032687364941, -0.5032767145134389, 0.08821710631085704, 0.4503386710173621, 0.6239482937991058, 0.14292436481569287, 0.3661704471528383, -0.02341382247251507, -0.026213030052832223]], "inverted": true, "swapped": false, "error_lsq": 0.04121094682808686, "error_max": 0.23162220185555096, "target": "15.xyz", "model": "7.xyz", "model_rescale": 3.964800864290218, "target_rescale": 3.769337070930944},
{"mapping": [4, 0, 11, 12, 6, 10, 1, 5, 9, 7, 3, 13], "R": [[0.25785602888822734, 0.26609360984513064, 0.9288188516420097], [-0.9576189875064608, -0.057328496768745435, 0.2822752525910436], [0.12835942946700568, -0.9622409439728825, 0.24003379472291286]], "T": [-0.029810751038603568, -0.04862006612438608, -0.031345584644948805], "aligned_model": [[0.0632435900633127, -0.7362757229000787, 0.582521146534814, 0.5387461950919251, -0.10565962980078705, 0.4124121212093635, -0.4583229868817681, -0.02264430459577419, 0.6368335841403817, 0.02695494317560343, -0.4702590203800674, 0.015804681110411792], [-0.2840723295620895, -0.007984828231389664, 0.14714378299762554, -0.5388677113921005, 0.24047012123265127, 0.5996710272837971, -0.3918565558899951, 0.45374809326086296, -0.004474252402834979, -0.6920224033474494, 0.526058084443, -0.03313853816763844], [-0.6878488338813811, -0.14276996930507693, -0.554661442502087, -0.11545968931686548, -0.5285172193375682, 0.21215308573255565, 0.4802068242033238, 0.6369699078057649, 0.134465163780011, 0.26809431479731277, -0.07273448408628772, 0.030068835984128288]], "inverted": false, "swapped": false, "error_lsq": 0.04314618484537306, "error_max": 0.23021918461381716, "target": "15.xyz", "model": "8.xyz", "model_rescale": 4.121658175737393, "target_rescale": 3.769337070930944},
{"mapping": [5, 10, 7, 9, 11, 8, 0, 2, 6, 4, 3, 12], "R": [[-0.44489242995973854, 0.8422692057696589, -0.30439006353142883], [-0.8954813417044257, -0.4132133178557833, 0.16543252584016538], [0.013560694073710272, 0.34617530090802767, 0.9380718355315204]], "T": [0.05920923001738661, 0.021781841161020072, -0.02560670767453866], "aligned_model": [[-0.16162986661221623, -0.591759387325464, 0.41042860397738895, 0.6832269628077695, -0.04941412499156159, 0.5010474781984082, -0.5197764278620857, -0.11022111032762182, 0.6854121139669341, 0.12339143481375399, -0.548130209087874, 0.06077912920990512], [-0.44615330286119015, 0.01933256244758238, 0.08658339055099007, -0.5050965078337788, 0.5098473903614276, 0.592341475242748, -0.36938039966747116, 0.40786839957749926, 0.004311912414033326, -0.7934469073576935, 0.5183540311615146, -0.009887553811222274], [-0.3632229108765042, -0.41639397827567565, -0.5980196887162063, -0.18744270972171073, -0.41679088550361276, 0.07335795333205616, 0.33576837785597524, 0.5262782260205017, 0.27061415556236756, 0.3199517532185694, 0.059474766780493675, 0.05639143419757612]], "inverted": true, "swapped": false, "error_lsq": 0.051424444756258895, "error_max": 0.25353854994472985, "target": "15.xyz", "model": "9.xyz", "model_rescale": 3.833441315466971, "target_rescale": 3.769337070930944},
{"mapping": [12, 4, 11, 10, 7, 9, 5, 2, 8, 0, 3, 14], "R": [[0.7080753194749935, 0.11793178151353853, 0.6962193884541202], [-0.3680692260490032, 0.9030620388361686, 0.22136846850613118], [-0.6026229225527967, -0.41300248052778715, 0.6828430012029273]], "T": [-0.030699652136757884, -0.14000575808886437, -0.09671150555782197], "aligned_model": [[0.024069124619097125, -0.7972110388243921, 0.4517382574692904, 0.718991347145359, 0.0798441464386114, 0.24053740213816996, -0.4501402370536073, -0.07678716266961841, 0.6636736762249985, 0.059703057377275555, -0.40065813360652136, -0.03040584249132603], [-0.5099445354638842, 0.07971587818049511, 0.01103199459260859, -0.4739473669768832, 0.4132739079003006, 0.5658811194455474, -0.29763769826406483, 0.218938973755029, 0.16258113857582115, -0.7413386198884544, 0.6349641406414113, -0.048844442273487734], [-0.5691157174333255, -0.10647248519893425, -0.5547271621498725, -0.0498014749829782, -0.451078062362019, 0.19665567571113457, 0.40990172820954024, 0.5243238201540362, 0.08726189796396856, 0.20996275344691223, 0.03318933276974591, -0.0701338122543779]], "inverted": false, "swapped": false, "error_lsq": 0.05074913376651919, "error_max": 0.28271964475333655, "target": "15.xyz", "model": "10.xyz", "model_rescale": 4.2482417240324, "target_rescale": 3.769337070930944},
{"mapping": [1, 0, 2, 3, 6, 5, 10, 9, 7, 8, 4, 11], "R": [[-0.9825468779569064, -0.08945457361000647, -0.16309356786025736], [0.1643112780544262, -0.8283783756359557, -0.5355287767084574], [-0.08719768644440906, -0.5529802401885512, 0.8286189820657955]], "T": [0.05131366756150374, -0.027044259073677558, -0.08816126416703603], "aligned_model": [[-0.09654398810606099, -0.6591591279524764, 0.555341993197088, 0.6668601055128245, -0.07432995084564445, 0.27379494560331646, -0.4026378549330628, -0.022891601111822424, 0.5739985102942595, 0.052919964470792474, -0.4014658394725363, 0.017467440110658698], [-0.5267879454832146, -0.1765927709133452, 0.017037725203665165, -0.555346350347754, 0.4505177503126301, 0.6701444384887602, -0.19621310818433232, 0.14714692491258977, 0.020059800414205624, -0.5851205255845052, 0.6966244410235092, 0.053204110382230406], [-0.56517375384891, -0.3042703231510204, -0.6283181969225448, -0.07972861733322865, -0.5084353967132202, 0.08100188558374004, 0.33647066851105883, 0.7139995125239512, 0.3397850051852604, 0.16758495676768115, 0.10454034646947578, 0.002510406801586637]], "inverted": true, "swapped": false, "error_lsq": 0.049907450508587074, "error_max": 0.24860958931937854, "target": "15.xyz", "model": "11.xyz", "model_rescale": 3.6694154284099745, "target_rescale": 3.769337070930944},
{"mapping": [7, 9, 12, 5, 2, 1, 11, 4, 0, 6, 8, 13], "R": [[-0.5254073300864216, -0.3507875283763777, -0.7751743335708751], [0.19232583825771937, 0.8385146530721159, -0.5098077564355167], [0.828829240211712, -0.416942785666021, -0.37309623966362215]], "T": [0.03503646132071819, -0.008723954887472586, -0.0717949155313165], "aligned_model": [[-0.12810503820708935, -0.7020567646554772, 0.5050247746059668, 0.5392631012388027, -0.010849624628034737, 0.4717120283436917, -0.5392221284499552, 0.05895703723893775, 0.6471449510113836, 0.09578584426615441, -0.5833426693389339, 0.1290430853418898], [-0.5891998578344609, -0.1838056365635583, 0.12283313194890237, -0.6154556864111872, 0.5983875344673877, 0.6975257116658216, -0.20304759619135948, 0.2315089407126607, -0.040109654921973284, -0.45659331145264553, 0.4270797866663797, 0.02555112813847195], [-0.5060735077958227, -0.3377389845600659, -0.5446291555614802, -0.2208012712207143, -0.30764164542584804, 0.09251987917715648, 0.3495055038988926, 0.6277725305877897, 0.295731953020379, 0.2681718260410273, -0.0550557123434071, -0.0017949219440768494]], "inverted": false, "swapped": false, "error_lsq": 0.05368469057345585, "error_max": 0.23021069967186839, "target": "15.xyz", "model": "12.xyz", "model_rescale": 3.9764082729961374, "target_rescale": 3.769337070930944},
{"mapping": [3, 7, 11, 14, 8, 10, 4, 9, 13, 6, 2, 15], "R": [[0.3407933364586198, -0.3137609055435251, 0.8862358579847178], [-0.4543946348074793, -0.8802184878755468, -0.13689751444150997], [0.8230342749142221, -0.3560470583428448, -0.44254386738698287]], "T": [0.02951604267969398, 0.05617688293375342, 0.17174755454785406], "aligned_model": [[-0.08043245642831565, -0.6462569296257273, 0.539120068039245, 0.45584279016908447, 0.003934866767252042, 0.49452511085531475, -0.457524840223123, -0.190774782798772, 0.6126279098242059, 0.26766970606290463, -0.5017763796168314, -0.01360046625790054], [-0.22939167410611802, -0.05998202416753967, 0.07390962659488809, -0.497815383078102, 0.3874414600579825, 0.6424608987900988, -0.45330605996516793, 0.33405647795783533, -0.10766833804899487, -0.6369086862136982, 0.5904197804912559, -0.0285415880880011], [-0.6123477037515908, -0.14585549506836026, -0.43696747392524105, -0.21573936542395117, -0.4521612689433602, -0.12182444381721963, 0.3098852795020706, 0.6572926187765931, 0.25901633558239245, 0.3875577307582008, -0.09011577302165086, 0.1212260532059464]], "inverted": false, "swapped": false, "error_lsq": 0.049689213818738816, "error_max": 0.24542597398293675, "target": "15.xyz", "model": "13.xyz", "model_rescale": 4.170626492500431, "target_rescale": 3.769337070930944},
{"mapping": [0, 2, 8, 7, 4, 12, 3, 11, 10, 1, 6, 13], "R": [[0.7674911414655388, -0.012230035109387402, 0.6409428789004118], [-0.153242861893144, 0.9673313345836558, 0.20195720935733535], [-0.6224740741996598, -0.253220290209586, 0.7405440645737766]], "T": [0.01366093473782565, 0.00021748826462082444, -0.010303378545128205], "aligned_model": [[-0.03714439172463113, -0.5261928873331798, 0.589389667776321, 0.6051228257556377, -0.005275113778165388, 0.4420492751691627, -0.5106097806529711, -0.03989843949865207, 0.5383486232508056, 0.039593112748769255, -0.6000883348622615, -0.01193996008349826], [-0.4731427904107745, -0.07299864955431372, 0.12109639590833786, -0.5124032873847207, 0.40809489263734017, 0.5932198363696103, -0.209301855591838, 0.27940710991775597, 0.027224092992808795, -0.7372714639234674, 0.5186618910173173, 0.0720883182463833], [-0.3697575090030739, -0.37926057822356013, -0.4636035091933273, -0.22201680451313194, -0.5902521518534213, -0.03349316316307584, 0.38556966418885835, 0.6368783576957223, 0.1953705813982515, 0.20475949002932084, 0.2387277487258354, 0.057044367785432176]], "inverted": false, "swapped": false, "error_lsq": 0.04853033484627676, "error_max": 0.23599593119051246, "target": "15.xyz", "model": "14.xyz", "model_rescale": 3.9786697098870705, "target_rescale": 3.769337070930944},
{"mapping": [0, 1, 2, 3, 4, 5, 6, 7, 8, 9, 10, 11], "R": [[1.0, 0.0, 0.0], [0.0, 1.0, 0.0], [0.0, 0.0, 1.0]], "T": [0.0, 0.0, 0.0], "aligned_model": [[-0.02180059741372637, -0.651922567220314, 0.6427114249566627, 0.651922567220314, -0.017234807813023483, 0.4905414838751296, -0.51631039182159, -0.10069245409943159, 0.4990867265514617, 0.11574878865695196, -0.5604738605874348, -0.04822171553766304], [-0.4003490193641125, -0.05352394763415891, 0.0826543220033788, -0.630389390836076, 0.4310976358499743, 0.630389390836076, -0.3699981120700228, 0.30462982704712177, 0.04941205747725882, -0.5701925987396993, 0.614392174650497, -0.07344784899579804], [-0.5683757407959469, -0.18111942157281985, -0.5778734321210579, -0.1508489793563534, -0.4344795965927038, 0.08147304001235255, 0.4731602975372839, 0.5778734321210579, 0.14387151899526587, 0.22112640348031937, 0.026688870776726416, 0.048470101389705825]], "inverted": false, "swapped": false, "error_lsq": 0.0, "error_max": 0.0, "target": "15.xyz", "model": "15.xyz", "model_rescale": 3.769337070930944, "target_rescale": 3.769337070930944},
{"mapping": [9, 7, 0, 1, 3, 8, 2, 5, 4, 10, 11], "R": [[0.9230745665281014, 0.16574385138317607, -0.3470768219827267], [-0.2695366728997379, -0.3649805500514145, -0.891144870403408], [-0.27437807235837464, 0.9161430967992057, -0.2922302167744875]], "T": [-0.12237609408920926, 0.02556685489641587, -0.05195919916792141], "aligned_model": [[-0.1867850978952596, -0.36539869105753975, -0.011585013656288848, -0.6701581472192605, 0.4272700659036448, 0.2965734448065537, 0.6851603958964535, 0.40663603520638425, 0.0839644732492784, -0.5471666231665226, -0.1958847113762721], [0.005421859660666144, -0.5734457426543323, 0.6840676465626415, 0.38222273796672424, 0.21435797591252778, -0.2552001269336861, 0.33713428064712025, -0.4093362128836937, 0.26005427919254664, -0.07138972961433772, 0.02217752976916532], [-0.6707159586824243, 0.08588103708031744, -0.2466580177318859, 0.13080703084272935, -0.7642767152611643, -0.1856727429659878, 0.016290143830733364, 0.36716497864044506, 0.47468484400407246, 0.6568943933482712, -0.1201813858813295]], "inverted": false, "swapped": true, "error_lsq": 0.05483135791920204, "error_max": 0.258071728393223, "target": "15.xyz", "model": "16.xyz", "model_rescale": 3.7852294659196426, "target_rescale": 3.769337070930944},
{"mapping": [2, 11, 3, 1, 8, 0, 6, 10, 4, 5, 9, 12], "R": [[0.5754788045713574, 0.682584792062987, 0.4504466085269714], [-0.48881081529069575, -0.15449186201667378, 0.8586013343953447], [0.6556585485936768, -0.7142900434802029, 0.2447480366439801]], "T": [0.05739542596851048, -0.047768941683311916, -0.08446386207878247], "aligned_model": [[-0.031085800850923953, -0.6517028840296827, 0.6355823814046268, 0.5145163085818428, -0.17691295937421392, 0.4386608508386297, -0.46546670314173394, -0.2601937157323682, 0.5548080388157189, 0.27083240846578505, -0.3362536991116481, -0.00942962909869599], [-0.37162543585068347, -0.06935291239031871, 0.08708277532908329, -0.5427011336479715, 0.39419113552737395, 0.5120527249695207, -0.4248111923151159, 0.2159569034013613, -0.0067339854071810645, -0.4967743949309964, 0.714851820827047, 0.002538184712320153], [-0.5957123972516628, -0.27059766717473754, -0.6136237907817025, -0.22707093863157812, -0.5015691029502912, -0.000896326017380128, 0.5253291938695374, 0.6075194404561951, 0.41821248512041015, 0.34570792688079394, 0.019033598873580262, -0.046365928519334305]], "inverted": true, "swapped": false, "error_lsq": 0.04888742141759675, "error_max": 0.2855174398640296, "target": "15.xyz", "model": "17.xyz", "model_rescale": 3.901054581598922, "target_rescale": 3.769337070930944},
{"mapping": [6, 7, 4, 10, 1, 8, 12, 2, 5, 9, 0, 14], "R": [[0.7784266773952904, 0.29668137922370447, -0.5532016514267187], [0.5078388583267612, 0.22038129953094995, 0.832785552702748], [0.36898726521751424, -0.9291997858582245, 0.02088434984215868]], "T": [0.025257483340074334, -0.03246761200661292, 0.02427539874174373], "aligned_model": [[-0.20842139318780595, -0.5748492865656399, 0.5668467158267081, 0.6272126867164016, -0.16597858732758392, 0.4760828770201084, -0.5351535084343017, 0.04504467140821689, 0.4553591983838024, 0.24892394156182873, -0.45691578304595115, 0.005203064411553264], [-0.3166377903183865, -0.06367458590446712, 0.12720806754378808, -0.5317322926572999, 0.359131780455362, 0.45453661760288083, -0.4588839120454013, 0.5321770882170689, -0.018715421094980568, -0.5423768581597649, 0.552968937389066, -0.07932714080342629], [-0.6302223000266042, -0.25603695077342264, -0.5295826611657245, -0.22237913681718863, -0.5195667019960003, 0.023011715403813967, 0.26109550649634533, 0.6280327437784504, 0.47694463665966763, 0.37663245839622883, 0.007616877985186139, 0.044420305933078316]], "inverted": true, "swapped": false, "error_lsq": 0.05643655261959823, "error_max": 0.3427698233026775, "target": "15.xyz", "model": "18.xyz", "model_rescale": 3.9405287249114394, "target_rescale": 3.769337070930944},
{"mapping": [12, 4, 14, 3, 13, 11, 0, 5, 10, 1, 7, 15], "R": [[-0.8699692113012634, 0.2859046774308793, -0.40176123109504047], [-0.27618989131999355, -0.9574851126076587, -0.08331508307233118], [-0.40850056954734815, 0.03848083364279086, 0.9119465500354985]], "T": [-0.03542766858530034, 0.016972630928682154, 0.018223151980511967], "aligned_model": [[-0.046493277948508056, -0.6904690723899208, 0.5399133288016735, 0.528818837435898, 0.02744621912265407, 0.4185305272297463, -0.5335316140785737, 0.05227035076527047, 0.7412774585313097, 0.03615582317321169, -0.5862093953872711, -0.004354588488153285], [-0.3132508548125533, -0.16203927292714812, 0.09510560345225241, -0.5921259091320934, 0.4705829570616582, 0.5764543783140941, -0.3779477051675491, 0.40448267292106144, 0.03753924221905827, -0.5930816586581057, 0.45312945165483265, 0.01582558529893192], [-0.4187769212045182, -0.2529604135164798, -0.49423849283456944, -0.1716542922109101, -0.4733197165894528, 0.028962458044224645, 0.28014803735344673, 0.7485707866832738, 0.13742968266288427, 0.25952999283641714, -0.0268575101312899, 0.04313288278080354]], "inverted": true, "swapped": false, "error_lsq": 0.0461302913741146, "error_max": 0.25001159444261883, "target": "15.xyz", "model": "19.xyz", "model_rescale": 4.410303926677745, "target_rescale": 3.769337070930944},
{"mapping": [4, 0, 11, 12, 6, 10, 1, 5, 9, 7, 3, 13], "R": [[0.25785602888822734, 0.26609360984513064, 0.9288188516420097], [-0.9576189875064608, -0.057328496768745435, 0.2822752525910436], [0.12835942946700568, -0.9622409439728825, 0.24003379472291286]], "T": [-0.029810751038603568, -0.04862006612438608, -0.031345584644948805], "aligned_model": [[0.0632435900633127, -0.7362757229000787, 0.582521146534814, 0.5387461950919251, -0.10565962980078705, 0.4124121212093635, -0.4583229868817681, -0.02264430459577419, 0.6368335841403817, 0.02695494317560343, -0.4702590203800674, 0.015804681110411792], [-0.2840723295620895, -0.007984828231389664, 0.14714378299762554, -0.5388677113921005, 0.24047012123265127, 0.5996710272837971, -0.3918565558899951, 0.45374809326086296, -0.004474252402834979, -0.6920224033474494, 0.526058084443, -0.03313853816763844], [-0.6878488338813811, -0.14276996930507693, -0.554661442502087, -0.11545968931686548, -0.5285172193375682, 0.21215308573255565, 0.4802068242033238, 0.6369699078057649, 0.134465163780011, 0.26809431479731277, -0.07273448408628772, 0.030068835984128288]], "inverted": false, "swapped": false, "error_lsq": 0.04314618484537306, "error_max": 0.23021918461381716, "target": "15.xyz", "model": "20.xyz", "model_rescale": 4.121658175737393, "target_rescale": 3.769337070930944},
{"mapping": [1, 6, 3, 0, 4, 11, 8, 9, 7, 5, 10, 12], "R": [[-0.6808411833178347, 0.731110395923821, -0.04396444097773608], [-0.5799375485767873, -0.5014542463555647, 0.6420405583471496], [0.44735637119540117, 0.46262428360829366, 0.7654090732195405]], "T": [-0.052064584600657875, 0.005757536499980467, -0.05095105739042888], "aligned_model": [[-0.12683685151311172, -0.687694184195962, 0.5520263489433326, 0.621879706833082, 0.052213756900055704, 0.42021231703175066, -0.41626308053609284, -0.17296255146263498, 0.5602198008355619, 0.17247658766102375, -0.5343073942632837, 0.04239014053361544], [-0.5038709386323665, -0.07712667167388242, -0.02862006264918822, -0.6417387201803487, 0.4493101467353702, 0.7207984423620803, -0.328484782695215, 0.3473068851055481, 0.06750578321123311, -0.5685806210026758, 0.6190330532055667, -0.040858023561682486], [-0.5168510374596431, -0.15925471488090653, -0.3923203993569696, -0.38816229701261684, -0.3995463978270884, 0.14964813071704786, 0.4065908863523006, 0.5746611222036027, 0.24588735837859027, 0.2382209896378903, -0.05378915625870895, -0.04511799061966802]], "inverted": true, "swapped": false, "error_lsq": 0.03993610684095029, "error_max": 0.23947649461655746, "target": "15.xyz", "model": "21.xyz", "model_rescale": 4.08911054899281, "target_rescale": 3.769337070930944},
{"mapping": [1, 15, 6, 0, 5, 10, 3, 12, 7, 4, 9, 16], "R": [[-0.003960452018142151, -0.10926395118574025, -0.9940048811706573], [0.2141686664945288, 0.970855251250589, -0.10757259600433186], [0.976788665531991, -0.2133107359943143, 0.019555889082233983]], "T": [-0.045672497923859044, -0.030328297337763398, -0.10114124843932687], "aligned_model": [[-0.10332954943784453, -0.7355710992361456, 0.6405674816914068, 0.5395254487248656, -0.03363279583813215, 0.35101714787190735, -0.37792946284498835, -0.05073095267646637, 0.5600735481750533, 0.03832574165529005, -0.32825253265104665, -0.01670837866656258], [-0.5323836209717009, -0.17144709031373365, 0.06000696287086391, -0.5364980257135591, 0.6005891465397998, 0.6591293165599059, -0.39388975094937906, 0.3340971710878876, 0.0990691996198109, -0.6535218254584929, 0.6092576222219657, -0.05973461526892933], [-0.713198841879336, -0.2899067751398596, -0.37768845904187154, -0.1387573021048052, -0.4166206907693409, 0.0345824885115045, 0.6141958762813786, 0.5408384989299697, 0.24832148695041784, 0.20029914056619502, 0.035335808376226796, -0.07743473680664917]], "inverted": false, "swapped": false, "error_lsq": 0.048423764347997555, "error_max": 0.2324389775984882, "target": "15.xyz", "model": "22.xyz", "model_rescale": 4.204369325754507, "target_rescale": 3.769337070930944},
{"mapping": [12, 4, 14, 3, 13, 11, 0, 5, 10, 1, 7, 15], "R": [[-0.8699692113012634, 0.2859046774308793, -0.40176123109504047], [-0.27618989131999355, -0.9574851126076587, -0.08331508307233118], [-0.40850056954734815, 0.03848083364279086, 0.9119465500354985]], "T": [-0.03542766858530034, 0.016972630928682154, 0.018223151980511967], "aligned_model": [[-0.046493277948508056, -0.6904690723899208, 0.5399133288016735, 0.528818837435898, 0.02744621912265407, 0.4185305272297463, -0.5335316140785737, 0.05227035076527047, 0.7412774585313097, 0.03615582317321169, -0.5862093953872711, -0.004354588488153285], [-0.3132508548125533, -0.16203927292714812, 0.09510560345225241, -0.5921259091320934, 0.4705829570616582, 0.5764543783140941, -0.3779477051675491, 0.40448267292106144, 0.03753924221905827, -0.5930816586581057, 0.45312945165483265, 0.01582558529893192], [-0.4187769212045182, -0.2529604135164798, -0.49423849283456944, -0.1716542922109101, -0.4733197165894528, 0.028962458044224645, 0.28014803735344673, 0.7485707866832738, 0.13742968266288427, 0.25952999283641714, -0.0268575101312899, 0.04313288278080354]], "inverted": true, "swapped": false, "error_lsq": 0.0461302913741146, "error_max": 0.25001159444261883, "target": "15.xyz", "model": "23.xyz", "model_rescale": 4.410303926677745, "target_rescale": 3.769337070930944},
{"mapping": [0, 12, 1, 3, 7, 11, 5, 15, 10, 4, 13, 16], "R": [[0.7367565290096911, -0.6675242936364432, -0.10770856217942942], [0.6578915157358962, 0.6709230081913837, 0.34211265776371014], [-0.15610435767241532, -0.32291428349423024, 0.9334654760788375]], "T": [0.03177182819944792, 0.11230150686959146, 0.10929170949855328], "aligned_model": [[-0.17366223778633494, -0.6614158240680005, 0.5933334910520657, 0.47033641217317285, -0.018062927557588336, 0.40300317604884994, -0.38634026995539433, -0.210217932290507, 0.6559115419537619, 0.19234711083166378, -0.4735837585759787, 0.09170581494162622], [-0.3227928778283425, -0.0900465690952462, 0.08697884060565865, -0.5893609920567998, 0.35792612328183493, 0.6190870514619561, -0.313167016261041, 0.18661422345068507, 0.007333673135620736, -0.5172266571334591, 0.5574262066902016, 0.031902483973370435], [-0.47283845809546765, -0.24386826796345906, -0.5390466365506571, -0.24366980103536695, -0.5064322072151575, 0.031335409067482015, 0.3086929196993107, 0.7765493559943439, 0.26165744669525853, 0.33687519379757414, -0.09236730059921754, 0.04307884007918601]], "inverted": false, "swapped": false, "error_lsq": 0.04874763094090751, "error_max": 0.25572570420690754, "target": "15.xyz", "model": "24.xyz", "model_rescale": 4.28219845311461, "target_rescale": 3.769337070930944},
{"mapping": [11, 14, 9, 5, 13, 4, 6, 0, 1, 8, 2, 15], "R": [[-0.04641995342912067, 0.9515827380403198, 0.3038675378965756], [-0.8654323971858405, -0.1902287608777705, 0.46350812769149813], [0.4988706784576624, -0.24146078604733437, 0.8323609403237249]], "T": [0.10061613239497792, 0.06303898019295345, -0.15588831186146165], "aligned_model": [[-0.009356294053950498, -0.6230305440023245, 0.5435656694727701, 0.5893843835687677, -0.11420844287168298, 0.3313872826091991, -0.45701400858314223, -0.052319310610543665, 0.5131381611746413, 0.11243755289303536, -0.4380542684525318, 0.08742441562309865], [-0.34211443904126376, -0.1146635379702049, -0.00689429470265307, -0.6343213708589495, 0.4958125329567702, 0.658429555248006, -0.2323538444619324, 0.30305042261801923, -0.1094042411016409, -0.5212282964946604, 0.42796240929153817, 0.0903995947414106], [-0.5026358331970181, -0.31369175818707085, -0.6616340271609735, -0.14723855236054118, -0.5015382949754311, 0.20034659994552476, 0.4875313334526611, 0.6086765511904252, 0.30233249740818013, 0.21886235236512977, 0.0572902858767563, -0.08833466048381292]], "inverted": true, "swapped": false, "error_lsq": 0.04645039919555934, "error_max": 0.2529059125235519, "target": "15.xyz", "model": "25.xyz", "model_rescale": 4.100010024507729, "target_rescale": 3.769337070930944},
{"mapping": [1, 0, 2, 3, 6, 5, 10, 9, 7, 8, 4, 11], "R": [[-0.9825468779569064, -0.08945457361000647, -0.16309356786025736], [0.1643112780544262, -0.8283783756359557, -0.5355287767084574], [-0.08719768644440906, -0.5529802401885512, 0.8286189820657955]], "T": [0.05131366756150374, -0.027044259073677558, -0.08816126416703603], "aligned_model": [[-0.09654398810606099, -0.6591591279524764, 0.555341993197088, 0.6668601055128245, -0.07432995084564445, 0.27379494560331646, -0.4026378549330628, -0.022891601111822424, 0.5739985102942595, 0.052919964470792474, -0.4014658394725363, 0.017467440110658698], [-0.5267879454832146, -0.1765927709133452, 0.017037725203665165, -0.555346350347754, 0.4505177503126301, 0.6701444384887602, -0.19621310818433232, 0.14714692491258977, 0.020059800414205624, -0.5851205255845052, 0.6966244410235092, 0.053204110382230406], [-0.56517375384891, -0.3042703231510204, -0.6283181969225448, -0.07972861733322865, -0.5084353967132202, 0.08100188558374004, 0.33647066851105883, 0.7139995125239512, 0.3397850051852604, 0.16758495676768115, 0.10454034646947578, 0.002510406801586637]], "inverted": true, "swapped": false, "error_lsq": 0.049907450508587074, "error_max": 0.24860958931937854, "target": "15.xyz", "model": "26.xyz", "model_rescale": 3.6694154284099745, "target_rescale": 3.769337070930944},
{"mapping": [7, 9, 5, 1, 8, 4, 12, 2, 0, 6, 10, 13], "R": [[0.6283083163487594, 0.21069993617415528, 0.7488886409227972], [0.7382899603739739, -0.46497614911803853, -0.4885950420976002], [0.24526841218955064, 0.8598852933081056, -0.44770602892350037]], "T": [-0.04407372627432459, 0.006942905794759483, -0.05923382058168144], "aligned_model": [[-0.061776414121130434, -0.6941071264892064, 0.6108491271142671, 0.6068757134625555, -0.11367541482225726, 0.28657767222955977, -0.5237056660740694, 0.069647906529552, 0.5712447542332961, 0.08990586257965996, -0.3258666014196605, -0.03261521645523014], [-0.32181354861975614, -0.012096510044468375, -0.04818910773246726, -0.5896184150278748, 0.4406142354247397, 0.7505210279746252, -0.41123148562718276, 0.10369889137221439, 0.10607051455018168, -0.5461801645638815, 0.5269718054836349, 0.01592724703467449], [-0.5956425576863623, -0.26406940030340126, -0.4997051782372377, -0.06433980729775537, -0.5233910948307133, 0.05605624391572581, 0.41491404036495566, 0.6039669904029241, 0.16097114725820674, 0.32455618790204477, 0.05055433405414198, -0.003904411668698933]], "inverted": true, "swapped": false, "error_lsq": 0.04551999865541873, "error_max": 0.26470729713065166, "target": "15.xyz", "model": "27.xyz", "model_rescale": 4.103607728864725, "target_rescale": 3.769337070930944},
{"mapping": [1, 0, 8, 4, 5, 11, 3, 10, 13, 2, 9, 14], "R": [[0.8640899221098585, -0.004944626574488825, 0.5033131800144096], [-0.4985345343670994, 0.1294019654604077, 0.8571571905889624], [-0.06936803695909295, -0.9915798918912294, 0.10934986714861428]], "T": [0.07058778524472181, 0.14495745272450125, 0.09844843038518143], "aligned_model": [[-0.12771592554351674, -0.502056770128142, 0.6895306950083062, 0.5857203808705094, -0.28147750895600915, 0.5816565393109843, -0.4330800627141124, -0.10469074487077704, 0.6592593218442455, 0.02761738963808591, -0.6247225455245606, 0.0133138278323233], [-0.3635802377531855, -0.18450360464965918, 0.020134156672650977, -0.5603978642512237, 0.42450588389401944, 0.6040348625359189, -0.3104327667344542, 0.40788493813492555, -0.040162810359536394, -0.5893962280011932, 0.5759466915754877, 0.030641469160688273], [-0.6121329426651567, -0.17215342817710183, -0.42462785088052396, -0.14387691470366892, -0.47865044643913063, 0.08759053568660911, 0.4185566925722886, 0.4983507317064585, 0.2961068305278352, 0.11255243471428034, 0.06818713541702671, 0.010063716114913829]], "inverted": false, "swapped": false, "error_lsq": 0.04599288376044059, "error_max": 0.2679901495901401, "target": "15.xyz", "model": "28.xyz", "model_rescale": 4.137296879288765, "target_rescale": 3.769337070930944},
{"mapping": [4, 2, 3, 9, 6, 0, 1, 5, 7, 10, 11], "R": [[-0.5344375936840031, 0.014829686148813914, -0.8450778300641782], [-0.8010518995178169, -0.32783069455830227, 0.5008421807159602], [-0.2696151196356572, 0.9446200908905913, 0.18708439579425495]], "T": [-0.01776464474929964, 0.01250159740385379, -0.0068311559171407125], "aligned_model": [[0.3650084018007714, 0.12831997158640077, -0.2480459215185999, -0.27494994733768985, -0.14717319474310522, 0.4682711014591694, 0.48291354776460027, -0.339431038038434, -0.447781273220189, 0.2683307267453273, -0.03404336378835297], [-0.3326251730769188, -0.818863624111424, -0.3786127533461474, 0.21745687619311552, 0.7843683908252888, -0.12345484102967669, 0.46155995507208214, -0.5463034468572378, 0.2827178611646077, 0.2734205469513064, 0.09948402486295632], [0.32375474399910925, -0.21015004237862367, -0.8062993106985324, -0.5352848642759321, -0.12861280973136915, -0.48546534434791894, 0.08449261120659067, 0.4716322613538841, 0.41618760894844326, 0.7296413341823146, -0.054142166474966835]], "inverted": false, "swapped": true, "error_lsq": 0.055435792813176475, "error_max": 0.38609987737843804, "target": "15.xyz", "model": "29.xyz", "model_rescale": 3.607286011436655, "target_rescale": 3.769337070930944},
