[{"mapping": [7, 10, 13, 6, 5, 3, 12, 9, 11, 8, 0, 14], "R": [[-0.605633706608586, -0.3258715282450281, -0.7259583738058231], [-0.7406290401029171, 0.5644558296640565, 0.3644972445910849], [0.2909921620521364, 0.7584176708367966, -0.5832033934972529]], "T": [-0.14439186678968888, 0.023785967838337294, -0.08241789265993717], "aligned_model": [[-0.24102625706404526, 0.12767000869335146, 0.4847121793231979, 0.12504827245408803, -0.3061769259905265, -0.6236788917916585, 0.36640017191205243, -0.1462165877447423, 0.5041040241520139, 0.11959496245754561, -0.4606772547591491, -0.11211123918157836], [-0.4005409877388969, -0.6675205173914681, -0.36308230622431314, 0.682865349017923, 0.4003136041023718, -0.5691364028649928, -0.16588593791744655, -0.5704483202770072, 0.27550222385592404, 0.2550941064298584, 0.2403494911992174, -0.06395526621411275], [-0.5658063575409094, -0.02554014873471351, -0.40218706252663483, -0.2593112958719837, -0.5746419412013277, -0.17389097576893225, 0.42913241310575734, 0.6454875915430368, 0.11619076350726519, 0.5512228899806023, 0.49851107234618275, -0.05721520348478028]], "inverted": true, "swapped": true, "error_lsq": 0.052734994577431395, "error_max": 0.3315852125293555, "target": "150.xyz", "model": "0.xyz", "model_rescale": 3.751011558992144, "target_rescale": 4.064073462724156},
{"mapping": [5, 9, 13, 3, 12, 11, 10, 7, 8, 2, 0, 4, 8, 1, 14], "R": [[-0.027226225765027517, 0.7982815284635134, -0.6016687909012309], [-0.7418285255859536, 0.38730421906058665, 0.5474357318670746], [0.6700366939635188, 0.4612396808729995, 0.5816431771546982]], "T": [-0.027443312139065985, 0.013284417379868976, 0.03866811275901677], "aligned_model": [[-0.142208959161781, -0.0012587290440552248, -0.5764997757255008, -0.7562832055879317, -0.3713014502074655, 0.2922020396036524, 0.6604884441940118, -0.13175176072152836, 0.055718365409803496, -0.6694798065628783, -0.47761548658915476, 0.6388418665383234, 0.055718365409803496, 0.1506284780583177, -0.03795756574646995], [-0.5952906518578911, -0.4610279935749273, -0.3903392812256802, 0.21798303697015298, 0.22472203571040011, 0.160537817315285, -0.3761269382947121, 0.6418726781071227, -0.25086626022055825, -0.2846072215445152, 0.48901928456943916, -0.03037853783071391, -0.25086626022055825, 0.5624474913085904, 0.008390898101048674], [0.1196080803975908, -0.41798462812477877, -0.21258297284762068, -0.06280491009954187, -0.5850552381875846, -0.6774842971673971, -0.1794200410435976, -0.1448354834658264, 0.6417657889694013, 0.46620502727638896, 0.4214550874466179, 0.4626157238230799, 0.6417657889694013, 0.4290472940749431, -0.014897887497811221]], "inverted": true, "swapped": false, "error_lsq": 0.043774653980285926, "error_max": 0.3327039371568278, "target": "150.xyz", "model": "1.xyz", "model_rescale": 3.9405287249114394, "target_rescale": 4.064073462724156},
{"mapping": [9, 11, 0, 7, 6, 2, 10, 13, 5, 4, 4, 3, 14], "R": [[-0.739694155281172, -0.635519574749149, -0.22128584851620015], [0.15393853360441684, 0.16031550795043753, -0.9749881362264443], [0.6550995989272133, -0.7552574448631768, -0.020753492818084363]], "T": [0.023696244286915184, -0.010388866509024833, -0.1255897597339312], "aligned_model": [[-0.4558229924144507, 0.46714630151712105, -0.5408899279310518, 0.17349893183038767, 0.4154753071281035, -0.6604732411016482, 0.13832950863590998, 0.6765999896873303, 0.21223326956020988, -0.28835084955942747, -0.28835084955942747, -0.37960464007591904, 0.026192471566793746], [0.7487495432428481, 0.4048799995768414, 0.1566801372644544, -0.25924054796769413, -0.23861699168514605, 0.019794200767123807, 0.44634077694032576, 0.2549292575776701, -0.6058151931438003, -0.7029609947357516, -0.7029609947357516, -0.12247917584320751, 0.05953257631410458], [0.151419787365113, -0.5183456737805721, -0.49672999036778975, 0.4563792892996661, -0.7023878043124339, -0.012477725614961521, 0.4518309238802626, 0.26301579424372834, -0.26755193732004673, 0.16422629356233762, 0.16422629356233762, 0.5181683269528959, -0.05865322788189291]], "inverted": true, "swapped": true, "error_lsq": 0.057899146557356056, "error_max": 0.35120377545937276, "target": "150.xyz", "model": "2.xyz", "model_rescale": 3.932901565614263, "target_rescale": 4.064073462724156},
{"mapping": [2, 1, 0, 7, 9, 12, 8, 10, 7, 13, 6, 5, 11, 14], "R": [[0.7361319758107012, -0.5393109306950048, -0.4089662996163883], [-0.11106906305427774, 0.4997856198317437, -0.858998252292544], [0.6676626224533455, 0.6777595843972167, 0.30800741604129267]], "T": [0.09940919242657693, 0.004334199573702957, 0.011615196343048369], "aligned_model": [[-0.09114491025921821, 0.4663333199422975, 0.29878385398699187, -0.3006465375893422, -0.5258014815310434, -0.12606159919794468, 0.2956473687754203, -0.600768163409411, -0.3006465375893422, -0.2898453405189954, 0.7581271670141957, 0.5012878536208584, 0.3247283600427156, 0.009816558765521122], [-0.004986226367783439, 0.25354122975235405, -0.33222145988326696, 0.4868770854418192, -0.5812817894432215, -0.6892790077965436, -0.6840436916845016, -0.152088975677674, 0.4868770854418192, -0.03693140344932727, -0.021765720385253096, 0.4877103008179608, -0.5193347247181066, -0.029576063697785912], [-0.6557643794303339, -0.5159661045379784, -0.5640537198680898, 0.18529235308112935, -0.37455787274446356, 0.17480617234619206, -0.09937849442442706, 0.2127143236036149, 0.18529235308112935, 0.7148003376092207, 0.3336156925616609, 0.13438761440292904, 0.45698641549866, 0.025721671877853923]], "inverted": false, "swapped": true, "error_lsq": 0.05015556411017335, "error_max": 0.35611141343199293, "target": "150.xyz", "model": "3.xyz", "model_rescale": 3.9243930471874484, "target_rescale": 4.064073462724156},
{"mapping": [1, 2, 4, 5, 7, 0, 6, 3, 10, 12, 13, 11, 14], "R": [[-0.15738187858597114, 0.82138319087171, -0.548234072314152], [-0.5680753978997075, 0.3788038849120235, 0.730614781589209], [0.807787897033522, 0.4264238156212276, 0.40699071595945974]], "T": [-0.023851429903634647, -0.10124485172398467, -0.04950923366801456], "aligned_model": [[-0.07179449055874881, -0.15717525605390908, 0.5384275237510238, 0.3109053666593084, 0.5928980024498952, -0.5558839340304595, -0.17668765157738153, 0.3918662039192447, 0.12669584597674072, -0.525767163709647, 0.2681424225719411, -0.44405543036415085, -0.020365552722504558], [-0.5868498772842051, 0.009403707513228832, -0.4123837085522133, -0.6402532800360541, 0.10407333903023355, -0.21765362636373978, -0.6653068634048502, 0.2565970574555274, 0.6231039728180742, 0.38342984163609645, 0.34491454660246984, -0.06670780509812652, -0.004537750634854371], [-0.5363035540628092, -0.7216512486239012, -0.5475633234728439, 0.037896610399450484, -0.07232494821165149, -0.48287406890036594, 0.3940559044512245, -0.5868809224576542, 0.0388745684435476, 0.2183315618381424, 0.553294769064635, 0.5383591043326539, -0.04614413742946394]], "inverted": false, "swapped": true, "error_lsq": 0.048251769146716465, "error_max": 0.36048535113301783, "target": "150.xyz", "model": "4.xyz", "model_rescale": 3.8936222436046832, "target_rescale": 4.064073462724156},
{"mapping": [4, 5, 7, 3, 13, 11, 8, 12, 9, 2, 10, 14], "R": [[0.9492364641277233, 0.293927860664557, -0.11205600338872364], [0.10408306324599939, -0.629641915243242, -0.7698816626691083], [-0.2968448266613824, 0.7191366151809948, -0.6282719774034133]], "T": [-0.20774653409519794, -0.18849616117664597, -0.015098384470617725], "aligned_model": [[-0.031036736980965207, -0.6078796607792037, -0.17841947259754004, 0.36576265975892475, -0.5354028990477839, -0.6232916251580706, -0.13932375553044218, -0.11037862212213323, 0.5476733153097951, 0.4380968123079373, 0.06358007728313136, -0.16183205022855296], [-0.6413374084231407, -0.5712846265976175, 0.04550343133134099, -0.10183995728227216, 0.5278557216195934, 0.08697714146202118, -0.16726619183752123, 0.305747892308346, 0.23525637361623736, -0.4427479026037675, 0.4953108228676197, -0.10325239135103251], [-0.6668125386200859, -0.3369655183697092, -0.6212667544497285, -0.5183063154897659, -0.17993943163241138, 0.5091058975065711, 0.7057072441112741, 0.5369975847918078, 0.3492349149858326, -0.009126915835973227, -0.1331969742013932, -0.016146473520899825]], "inverted": true, "swapped": true, "error_lsq": 0.047807483092829985, "error_max": 0.28136989031255955, "target": "150.xyz", "model": "5.xyz", "model_rescale": 3.6523030999806103, "target_rescale": 4.064073462724156},
{"mapping": [9, 12, 8, 2, 1, 10, 11, 3, 13, 5, 6, 4, 14], "R": [[-0.5011591805618613, -0.6628684849237426, -0.5562776711620432], [0.8267451292430007, -0.5566375042402784, -0.08153024068484382], [-0.2556011874220034, -0.5007594837524864, 0.8269872867344489]], "T": [0.06663221190936282, 0.016740242346858475, -0.06525613650786542], "aligned_model": [[0.1819986146856673, -0.2782244344660327, 0.0758570929712913, 0.661060703041712, 0.7002570460775243, -0.30837865016992483, -0.4159975016451188, 0.35754507375579536, -0.6975074543332308, 0.13393837556230803, -0.10389275161271193, 0.5474847244546331, 0.026942066342381922], [-0.45438938676019647, 0.03680819341278724, 0.3915250538587445, -0.25983750603145017, 0.20874267677956496, -0.5659113204404282, 0.4527490704404532, -0.6871631033257923, -0.23240920820841615, 0.26872450295030226, 0.6933467897609237, -0.25597375412540224, -0.055385104147907024], [0.739536742684778, 0.597494815776489, 0.5545376913489403, 0.16267532815132268, -0.2569176166759906, 0.20868073225981676, 0.2514744332751846, -0.1628783763527305, -0.1065648047473403, -0.650239720000715, -0.2919711828632512, -0.6614363304339133, -0.014281972940801496]], "inverted": false, "swapped": true, "error_lsq": 0.06037364328495656, "error_max": 0.42515504683222666, "target": "150.xyz", "model": "6.xyz", "model_rescale": 4.08911054899281, "target_rescale": 4.064073462724156},
{"mapping": [4, 3, 6, 2, 0, 9, 8, 1, 5, 7, 13, 10, 12, 11, 14], "R": [[-0.7953047526433631, 0.00214178492499556, 0.6062060402043304], [0.5073288027280652, -0.5450215352462766, 0.6675095595122963], [0.3318250086195841, 0.8384193096983913, 0.43237162809264695]], "T": [-0.0636987556896727, -0.025088405375833518, 0.11288794525323906], "aligned_model": [[0.08883637530920346, -0.047051990774571895, -0.4276526628685147, -0.8119601566995334, -0.4875584366925166, 0.34462477797086816, 0.5229794954354876, -0.2367700172452994, -0.06254516296600512, -0.7111527960135824, -0.3800836581204095, 0.536876183538997, 0.039253650436364196, 0.300827940870678, 0.020617277685981275], [-0.7044468031109505, -0.3948247391652961, -0.25823454287346226, 0.2293832614006407, 0.03320970773929082, 0.3048001198789441, -0.26175610980507474, 0.6007803455126042, -0.5940553598812583, -0.2569177866142231, 0.48506650643171206, -0.13877642836603205, 0.1369446907064169, 0.4015434980345673, 0.08275373742460354], [0.0030940886847353744, -0.5867329270480109, -0.13675860183417227, -0.046763518435691154, -0.7247280072758854, -0.4693514906079773, -0.14195710692925953, -0.22811162064133175, 0.6196191397617064, 0.4683416949877459, 0.5318594023050911, 0.4945418123907842, 0.7992901566847415, 0.28504069557798173, 0.020013614902806523]], "inverted": false, "swapped": false, "error_lsq": 0.05071119174907002, "error_max": 0.31407140307374865, "target": "150.xyz", "model": "7.xyz", "model_rescale": 3.964800864290218, "target_rescale": 4.064073462724156},
{"mapping": [3, 1, 2, 7, 9, 5, 10, 0, 6, 11, 13, 12, 8, 14], "R": [[-0.06444782737669486, 0.9962290712308182, -0.05808713438452168], [0.4777257620800377, -0.02030461951834639, -0.8782743413485691], [-0.8761418685301321, -0.08435259368150416, -0.4746157036463628]], "T": [-0.016670321305320746, -0.14882358032619475, 0.07555754935966158], "aligned_model": [[-0.31965228153070857, 0.37494616511476964, 0.2915681912728495, -0.6155639996604355, 0.1948198464191594, -0.13490042922321951, -0.4461682105323609, 0.6355688586456965, 0.16953135234267225, 0.12675466050231388, -0.6440821455842145, 0.141528017818072, 0.5436130665404276, -0.056775202664149316], [0.029318960549582718, -0.5676316929873523, 0.01830843853876732, -0.19963223452274564, 0.7206437586815566, -0.7772823560458597, 0.4577167622122403, -0.0401305964731606, -0.6174160094059702, 0.03506769403850546, 0.13627739530359523, 0.4877068654447509, 0.18920625530822038, -0.06120477446092852], [-0.6071630976530566, -0.3069549087592011, -0.5234826347543076, -0.1730401603605598, -0.21125696921624976, 0.1115184867270183, 0.022663557365909665, -0.14166251434187851, 0.6084974780303452, 0.7603689585975133, 0.4912053819764443, 0.4338450471436744, 0.3862205467459921, 0.06605586722337768]], "inverted": true, "swapped": true, "error_lsq": 0.053719769151015215, "error_max": 0.3721138993032822, "target": "150.xyz", "model": "8.xyz", "model_rescale": 4.121658175737393, "target_rescale": 4.064073462724156},
{"mapping": [0, 6, 11, 12, 1, 2, 5, 7, 13, 4, 9, 10, 14], "R": [[-0.39810283696562254, -0.8467314032626025, -0.35293067581164894], [0.4164587281558423, 0.17597886082882275, -0.8919605194649639], [0.8173593205822892, -0.5020730736360336, 0.2825709995504222]], "T": [-0.029577584292737255, -0.08195118158346593, -0.07682742124412638], "aligned_model": [[-0.6624376677989343, 0.07098378021166833, 0.28372802155222765, 0.14204361577003932, -0.624024923042069, -0.6045384597757263, -0.00025338140772108997, 0.29490198040887566, 0.7540479202854132, -0.3037383886359927, -0.2476854922671004, 0.3648916916897257, 0.008818799444791005], [0.1455941767941796, -0.4800543540726994, 0.15663106756494388, 0.5883756892539269, -0.43011481286812336, 0.11723955969083669, -0.7191766270095123, -0.2624746283315863, 0.08956303545603303, -0.6328382865469571, 0.7989024449749065, 0.42337997206870204, -0.004639797562940279], [-0.25606439639677303, -0.6848374305817448, -0.6836811928841581, -0.35927335215028977, -0.05460275954882167, 0.25714304871393395, -0.1344104312419726, 0.45719530847657935, -0.011979705501601434, 0.454568981895257, 0.16707817887463, 0.302898550768061, -0.03295936646401117]], "inverted": true, "swapped": true, "error_lsq": 0.05289882512685917, "error_max": 0.3374770520528642, "target": "150.xyz", "model": "9.xyz", "model_rescale": 3.833441315466971, "target_rescale": 4.064073462724156},
{"mapping": [12, 1, 0, 13, 5, 4, 6, 2, 11, 10, 8, 7, 11, 9, 14], "R": [[-0.1887824125978368, 0.7238295496326487, -0.6636504982084602], [-0.6879866956338111, 0.38474705184548463, 0.6153405664565582], [0.7007392577304413, 0.5727481900231596, 0.42535162336657995]], "T": [-0.0368887346246795, -0.04986967460391285, 0.016076569687355255], "aligned_model": [[0.02354562549955553, -0.20243320173833707, -0.6253012241433378, -0.6907117478190846, -0.2370535097980966, 0.48714752215601814, 0.42620339987365563, -0.2029671611357699, 0.0963030041887094, -0.6418723629977494, -0.33434369252169976, 0.45172376128597463, 0.0963030041887094, 0.044171404395735366, -0.001474001567136167], [-0.6424938452020329, -0.557279228530003, -0.2869223949031983, 0.3178607374029333, 0.1819839439362227, 0.11568565491572201, -0.4201825615398896, 0.6349932744776201, -0.2545782456260002, -0.274260155407837, 0.2881709226966564, 0.1168541044456702, -0.2545782456260002, 0.6649502658710977, 0.03526587040152124], [0.10643329522584159, -0.4945500129602842, -0.23171308239850186, -0.254064787600489, -0.586926882887032, -0.561755598452459, -0.31504819347576707, -0.12545417662093156, 0.6530156897808942, 0.5253877368975481, 0.6523221708319891, 0.4372356692224395, 0.6530156897808942, 0.3907388617504983, 0.03876095342862494]], "inverted": false, "swapped": false, "error_lsq": 0.053145763556929085, "error_max": 0.4212366505103216, "target": "150.xyz", "model": "10.xyz", "model_rescale": 4.2482417240324, "target_rescale": 4.064073462724156},
{"mapping": [13, 10, 3, 9, 5, 1, 7, 0, 12, 6, 11, 14], "R": [[0.6827042389004085, 0.7274465594115843, -0.06882169271140193], [-0.41556036793591666, 0.464012656887129, 0.7823054613445526], [0.601019552750474, -0.505483686629743, 0.6190813676430784]], "T": [-0.024281384315618243, 0.17352661913180215, -0.016181673626253012], "aligned_model": [[-0.6084119755165869, -0.059679935410820006, 0.26246228400288896, 0.6235990012983516, -0.3614487429719032, 0.3279140169472994, -0.29740491114677725, 0.5988854703936737, 0.0961212817628625, -0.4050904931005622, -0.2869735329560712, -0.013206860939348636], [-0.3792307579684764, -0.557416886567315, -0.08867809824535564, -0.4975576134035061, 0.6818986516582706, 0.7398199512050778, -0.03514808674159295, 0.37564612652802637, -0.34261128628082127, 0.6508285946115978, 0.04082542378977036, 0.07775537146496353], [-0.04687399829356746, 0.12391091155513699, 0.6461377884262915, -0.12958833785049845, 0.1790311051955455, 0.1580301217882695, 0.536008859444611, -0.25118261957794125, -0.5431280794025439, -0.42292746930361774, -0.6770421885715661, -0.007183803555763032]], "inverted": true, "swapped": true, "error_lsq": 0.05672358499254059, "error_max": 0.4124728997837403, "target": "150.xyz", "model": "11.xyz", "model_rescale": 3.6694154284099745, "target_rescale": 4.064073462724156},
{"mapping": [7, 4, 1, 2, 3, 13, 10, 11, 0, 8, 6, 9, 5, 14], "R": [[-0.9109855082038092, -0.31154406832174314, 0.2702696752064212], [0.10277261369480162, -0.8060975437089712, -0.582790305256275], [0.39942858400092807, -0.5031372014867318, 0.7663613787000969]], "T": [-0.05163701545294535, 0.05551808548526196, -0.0038824534457592083], "aligned_model": [[-0.07254351099353043, -0.006065856261142609, 0.040324220076666396, 0.5591504733832315, 0.46132668234976854, -0.31878923026720885, 0.27446141845934396, -0.3675112345782667, 0.34637972654771404, 0.10709956803837131, -0.6850629511361813, 0.7838541009876308, -0.5269895868665329, 0.00263103051594666], [-0.3165065711870285, 0.3474216490131286, 0.6984995860405043, 0.35065898675579765, -0.10859867163676443, -0.7016438977928123, -0.6143987592148497, -0.11369358207546051, 0.554088245684479, 0.21597185223720602, 0.33484160226644816, -0.20934788194189966, 0.31745606370249485, -0.02376133371498996], [-0.5370020946757551, -0.7613377097958088, -0.2345280894039281, -0.15093253480579072, -0.5512162179053227, 0.05113308533468975, 0.0014683365107492977, 0.6245634723661709, 0.2743712745124834, 0.6844128525215379, 0.23906785507126743, 0.334886976047272, -0.3439712780660861, 0.008179531940936027]], "inverted": false, "swapped": true, "error_lsq": 0.0476540321864559, "error_max": 0.29710962596320045, "target": "150.xyz", "model": "12.xyz", "model_rescale": 3.9764082729961374, "target_rescale": 4.064073462724156},
{"mapping": [12, 9, 1, 2, 0, 4, 6, 7, 13, 10, 8, 14, 11, 3, 15], "R": [[0.6135808426020701, 0.7421992032494807, 0.26955313444211665], [-0.7133580820829529, 0.6673882544543368, -0.21380637161535732], [-0.33858351454059993, -0.06110041335563443, 0.938950447664362]], "T": [-0.04297376839609161, -0.10985454538787948, -0.017299395392759917], "aligned_model": [[-0.2471180351192409, -0.30065959438735607, -0.6557127112994939, -0.706753184031117, -0.2674332017229277, 0.3627238156903536, 0.7060723498068557, -0.11435977357107183, 0.2518305390368752, -0.5467092149530416, -0.4452487094659847, 0.5384984963916442, -0.024460624654276522, 0.11486275730784219, 0.023707910838086294], [-0.707620631831114, -0.38796919772980365, -0.271106256728994, 0.29739244329060094, 0.13801681738416444, 0.2211992308885694, -0.25811050095832766, 0.5830591144206376, -0.5095788350194848, -0.33125215386065643, 0.28457086293209605, 0.029011757358268858, 0.0032699554734842984, 0.6000479986451339, -0.025460506952092385], [0.07333370678671498, -0.4839356367559361, 0.025960883156718392, -0.18994438228103683, -0.6617260272216955, -0.5089055276355875, -0.04197509481995283, -0.3102300992100864, 0.34017991699381184, 0.5686874626534512, 0.4096154739985315, 0.5131854722701222, 0.7684517163233308, 0.4064569690936962, -0.021757500828817177]], "inverted": false, "swapped": false, "error_lsq": 0.03691076109988138, "error_max": 0.20021440298792195, "target": "150.xyz", "model": "13.xyz", "model_rescale": 4.170626492500431, "target_rescale": 4.064073462724156},
{"mapping": [10, 3, 13, 7, 11, 6, 5, 9, 12, 2, 0, 1, 8, 14], "R": [[0.19637937365531308, 0.33815409120096773, -0.9203732678684201], [-0.9492664624717035, 0.3006941515002889, -0.09206633738766484], [0.24561825019571523, 0.8917594058139051, 0.380048467058119]], "T": [-0.14331487594881165, 0.0723120795804471, 0.0686590161201824], "aligned_model": [[0.22500382921480905, -0.25954545342378504, -0.026836698183590024, -0.47372575931528127, 0.23727254049351326, -0.3666118620408115, -0.7421256530151812, 0.6472287881413712, 0.5709562950063433, -0.01878558174769006, 0.14902071909293158, -0.46072791551395204, 0.4443221443617549, -0.0822623709787885], [-0.3596004348136173, -0.6864031404679172, 0.08795807808373497, -0.339005658374052, 0.6372779905826995, 0.7709619943674845, 0.2976166630343756, -0.4233611955675914, 0.19370288181558462, -0.38734324469411646, 0.08527981535445825, 0.049150077072206665, 0.4134713762637932, 0.016369265268623208], [-0.41399024545860724, 0.09061311997248232, -0.7275063694275598, -0.3117385984755284, -0.17489822616071865, 0.08602703276014217, 0.09858355717763718, 0.17962221804841288, -0.11477658957879076, 0.5736369090040148, 0.7001543893233736, 0.6800443056363591, 0.31962955038076407, 0.01847204791888546]], "inverted": true, "swapped": true, "error_lsq": 0.05603121979661165, "error_max": 0.27858527698753244, "target": "150.xyz", "model": "14.xyz", "model_rescale": 3.9786697098870705, "target_rescale": 4.064073462724156},
{"mapping": [1, 8, 4, 5, 2, 3, 11, 10, 7, 6, 9, 14], "R": [[-0.1063913939154548, 0.6565055327263778, -0.7467806617745144], [-0.9438090487545288, 0.16966507056999466, 0.2836163664486775], [0.312898307425589, 0.7349926865813929, 0.6015649589878619]], "T": [0.022438824659462706, -0.09242538281738331, 0.03416921079355133], "aligned_model": [[0.14450325900039343, -0.6940326340742702, 0.6935892424125678, 0.46347081873634144, -0.05855309682015264, 0.3982182032280222, -0.4560137889157214, -0.013235592312777347, 0.5718006419445743, -0.04047616134797531, -0.5284808045607337, 0.002564509477067895], [-0.21124569770470808, -0.18482666875339976, 0.016929721199440653, -0.5336493117567116, 0.36551085658749866, 0.5604109538111856, -0.4579716300161716, 0.46173382649122685, 0.16817189007762506, -0.8231018295633652, 0.6685054381034801, -0.01579305825166119], [-0.6337091425927954, -0.018970168176529037, -0.4115004699095156, -0.11089699804086851, -0.48112482550449615, -0.11494447459172231, 0.4351834625830409, 0.5309511600210838, 0.26513811273060406, 0.05487018028924204, 0.055048880902601224, 0.08992077616318514]], "inverted": false, "swapped": true, "error_lsq": 0.056768767707278685, "error_max": 0.3406030619205025, "target": "150.xyz", "model": "15.xyz", "model_rescale": 3.769337070930944, "target_rescale": 4.064073462724156},
{"mapping": [7, 13, 4, 5, 3, 10, 2, 12, 1, 6, 14], "R": [[-0.7657915865162919, -0.4958271854200974, 0.4095346727924822], [-0.23787135335235743, -0.3732640910188203, -0.8967112899981867], [0.5974784224348014, -0.7841105282766446, 0.1678994168260951]], "T": [-0.00525225303591117, 0.007543581248086656, 0.13174408098098192], "aligned_model": [[-0.19324911502909514, -0.31062014919662884, -0.13235113373972138, -0.5289060278832005, 0.33420498069651866, 0.2549461735181975, 0.5692390506303295, 0.3385209205696849, 0.07683227456080072, -0.5295666615020291, 0.04357581806631454], [0.025282002494662004, -0.6543700269896923, 0.6951573738791903, 0.37591296597656465, 0.24824238729020534, -0.5013693255094547, 0.38613697027534144, -0.6165264102542548, 0.6667421731418713, 0.02891127018468026, -0.058054882863771584], [-0.49066937234848995, -0.20930152818746614, -0.28305229440093926, 0.14970795296404635, -0.5136032566487525, -0.3462327286243757, 0.039983401241237365, 0.3574082225243205, 0.31558867583606204, 0.6444942329810034, 0.07989430188713101]], "inverted": false, "swapped": true, "error_lsq": 0.04473814921507527, "error_max": 0.2830652545139409, "target": "150.xyz", "model": "16.xyz", "model_rescale": 3.7852294659196426, "target_rescale": 4.064073462724156},
{"mapping": [1, 3, 7, 4, 0, 9, 12, 10, 5, 6, 8, 13, 14], "R": [[-0.749556626461873, -0.55869160661896, 0.35500500337406726], [-0.5775495280884613, 0.28994742386430983, -0.763129762228709], [0.3234214067310509, -0.7770419422965376, -0.5400040866328074]], "T": [0.07031214414921662, 0.09491595563925032, -0.05098137481977384], "aligned_model": [[-0.06579510827415687, -0.25225061687626155, 0.2874374994983955, 0.17052451909778898, -0.46252360923457914, -0.7676626297805473, -0.24072265546769867, -0.13026915348453388, 0.5659548654812363, 0.5657241787709976, -0.28230921570610046, 0.43692061119057396, 0.028737165001168657], [-0.2454547066517176, -0.5241582425906013, -0.3564072250365269, -0.6880382894712267, 0.19544893701761834, 0.26898839205279884, 0.7030723384992088, 0.126803282497788, -0.16265321978780645, 0.4315343940268958, 0.6958734932131985, 0.32396794563300035, 0.10607852430024453], [-0.6346783136264804, 0.26892598244924515, 0.36401253506604153, -0.2458223774175874, -0.4873228102205982, 0.336911880921664, 0.25228553959234035, 0.6658922122173951, -0.36439546651651433, -0.47469099038340656, -0.24897470053264176, 0.6278593296776402, 0.0357518759160764]], "inverted": true, "swapped": true, "error_lsq": 0.04740638165239716, "error_max": 0.2741206872813679, "target": "150.xyz", "model": "17.xyz", "model_rescale": 3.901054581598922, "target_rescale": 4.064073462724156},
{"mapping": [5, 9, 13, 3, 12, 11, 10, 7, 8, 2, 0, 4, 8, 1, 14], "R": [[-0.027226225765027517, 0.7982815284635134, -0.6016687909012309], [-0.7418285255859536, 0.38730421906058665, 0.5474357318670746], [0.6700366939635188, 0.4612396808729995, 0.5816431771546982]], "T": [-0.027443312139065985, 0.013284417379868976, 0.03866811275901677], "aligned_model": [[-0.142208959161781, -0.0012587290440552248, -0.5764997757255008, -0.7562832055879317, -0.3713014502074655, 0.2922020396036524, 0.6604884441940118, -0.13175176072152836, 0.055718365409803496, -0.6694798065628783, -0.47761548658915476, 0.6388418665383234, 0.055718365409803496, 0.1506284780583177, -0.03795756574646995], [-0.5952906518578911, -0.4610279935749273, -0.3903392812256802, 0.21798303697015298, 0.22472203571040011, 0.160537817315285, -0.3761269382947121, 0.6418726781071227, -0.25086626022055825, -0.2846072215445152, 0.48901928456943916, -0.03037853783071391, -0.25086626022055825, 0.5624474913085904, 0.008390898101048674], [0.1196080803975908, -0.41798462812477877, -0.21258297284762068, -0.06280491009954187, -0.5850552381875846, -0.6774842971673971, -0.1794200410435976, -0.1448354834658264, 0.6417657889694013, 0.46620502727638896, 0.4214550874466179, 0.4626157238230799, 0.6417657889694013, 0.4290472940749431, -0.014897887497811221]], "inverted": true, "swapped": false, "error_lsq": 0.043774653980285926, "error_max": 0.3327039371568278, "target": "150.xyz", "model": "18.xyz", "model_rescale": 3.9405287249114394, "target_rescale": 4.064073462724156},
{"mapping": [6, 1, 2, 10, 3, 12, 4, 14, 8, 5, 11, 7, 9, 13, 15], "R": [[-0.9711401486553198, 0.19458911003815588, 0.13791986776487936], [0.1890557895316629, 0.27548140365375784, 0.9425327074884537], [0.14541224196842206, 0.9414059031552298, -0.30431924912861374]], "T": [0.03141622425049302, -0.00973713497663807, 0.009813033406726984], "aligned_model": [[-0.24429912915690677, -0.1140092537932184, -0.7612632599420208, -0.68959030966551, -0.3019019214143971, 0.2956183661902497, 0.7413070237037801, -0.18870563432770493, 0.1192703903573408, -0.45704730967936213, -0.3973029400974095, 0.4900545530210365, -0.001773930575913324, 0.20684811207000353, -0.007963936822820643], [-0.7037803118547845, -0.40850331558320346, -0.3651157632145705, 0.2645462307201587, 0.1625494343460464, 0.20134917731951774, -0.16952607532617664, 0.6946030046860744, -0.637042684878334, -0.39523477948805785, 0.41328082427832147, -0.05769760365769039, 0.09338814861862631, 0.588164810645927, -0.01551099929937186], [0.03365769982382144, -0.49551496652960014, -0.016465264579672456, -0.14125731543444955, -0.7548077527843784, -0.4212076843842478, -0.062211795712285065, -0.22511311905863016, 0.4233847298466046, 0.5612272015741508, 0.4053745155664813, 0.5417681309175971, 0.7695981585984029, 0.26094399830114423, 0.008020796378325484]], "inverted": false, "swapped": false, "error_lsq": 0.03573184469374273, "error_max": 0.2761612210526757, "target": "150.xyz", "model": "19.xyz", "model_rescale": 4.410303926677745, "target_rescale": 4.064073462724156},
{"mapping": [3, 1, 2, 7, 9, 5, 10, 0, 6, 11, 13, 12, 8, 14], "R": [[-0.06444782737669486, 0.9962290712308182, -0.05808713438452168], [0.4777257620800377, -0.02030461951834639, -0.8782743413485691], [-0.8761418685301321, -0.08435259368150416, -0.4746157036463628]], "T": [-0.016670321305320746, -0.14882358032619475, 0.07555754935966158], "aligned_model": [[-0.31965228153070857, 0.37494616511476964, 0.2915681912728495, -0.6155639996604355, 0.1948198464191594, -0.13490042922321951, -0.4461682105323609, 0.6355688586456965, 0.16953135234267225, 0.12675466050231388, -0.6440821455842145, 0.141528017818072, 0.5436130665404276, -0.056775202664149316], [0.029318960549582718, -0.5676316929873523, 0.01830843853876732, -0.19963223452274564, 0.7206437586815566, -0.7772823560458597, 0.4577167622122403, -0.0401305964731606, -0.6174160094059702, 0.03506769403850546, 0.13627739530359523, 0.4877068654447509, 0.18920625530822038, -0.06120477446092852], [-0.6071630976530566, -0.3069549087592011, -0.5234826347543076, -0.1730401603605598, -0.21125696921624976, 0.1115184867270183, 0.022663557365909665, -0.14166251434187851, 0.6084974780303452, 0.7603689585975133, 0.4912053819764443, 0.4338450471436744, 0.3862205467459921, 0.06605586722337768]], "inverted": true, "swapped": true, "error_lsq": 0.053719769151015215, "error_max": 0.3721138993032822, "target": "150.xyz", "model": "20.xyz", "model_rescale": 4.121658175737393, "target_rescale": 4.064073462724156},
{"mapping": [9, 12, 8, 2, 1, 10, 11, 3, 13, 5, 6, 4, 14], "R": [[-0.5011591805618613, -0.6628684849237426, -0.5562776711620432], [0.8267451292430007, -0.5566375042402784, -0.08153024068484382], [-0.2556011874220034, -0.5007594837524864, 0.8269872867344489]], "T": [0.06663221190936282, 0.016740242346858475, -0.06525613650786542], "aligned_model": [[0.1819986146856673, -0.2782244344660327, 0.0758570929712913, 0.661060703041712, 0.7002570460775243, -0.30837865016992483, -0.4159975016451188, 0.35754507375579536, -0.6975074543332308, 0.13393837556230803, -0.10389275161271193, 0.5474847244546331, 0.026942066342381922], [-0.45438938676019647, 0.03680819341278724, 0.3915250538587445, -0.25983750603145017, 0.20874267677956496, -0.5659113204404282, 0.4527490704404532, -0.6871631033257923, -0.23240920820841615, 0.26872450295030226, 0.6933467897609237, -0.25597375412540224, -0.055385104147907024], [0.739536742684778, 0.597494815776489, 0.5545376913489403, 0.16267532815132268, -0.2569176166759906, 0.20868073225981676, 0.2514744332751846, -0.1628783763527305, -0.1065648047473403, -0.650239720000715, -0.2919711828632512, -0.6614363304339133, -0.014281972940801496]], "inverted": false, "swapped": true, "error_lsq": 0.06037364328495656, "error_max": 0.42515504683222666, "target": "150.xyz", "model": "21.xyz", "model_rescale": 4.08911054899281, "target_rescale": 4.064073462724156},
{"mapping": [15, 14, 2, 4, 3, 12, 9, 13, 11, 1, 0, 5, 8, 6, 16], "R": [[0.2242590828089406, 0.9600126342068397, -0.16758163962957812], [0.3699620587144913, -0.24295574288978683, -0.8967165561695667], [-0.9015741449761236, 0.13909798402607024, -0.4096532826067125]], "T": [-0.024380813824358583, 0.01950916387324523, 0.08249448975440152], "aligned_model": [[-0.20924732650263933, 0.0491995009894326, -0.6715786388234104, -0.6379628124034413, -0.3995815153620956, 0.3460998951519409, 0.5983048062795375, -0.16912073714483955, 0.09537393198712313, -0.5357121915527865, -0.4944207089636996, 0.6025945125423133, 0.06254115541391189, 0.10446039623612516, -0.051709447980325104], [-0.6789242609545819, -0.2701111984121555, -0.28129382336313585, 0.2532588228917796, 0.019933180001292773, 0.24695102401924313, -0.2239435867729118, 0.4516344265635503, -0.5796070329024646, -0.24528508622202164, 0.5713744753519445, -0.1322487967397454, -0.057008443304664834, 0.5335384519313991, 0.057201945224954746], [-0.015086970921367154, -0.4854214978429193, -0.02662181314951366, -0.1523893406728472, -0.7007698826451038, -0.5141492486388141, -0.16355629419306955, -0.39609518624191, 0.543592758971587, 0.6287751946423488, 0.35559991471551433, 0.36815252914093666, 0.7661257098691514, 0.6066490110169264, 0.07259244847234526]], "inverted": false, "swapped": false, "error_lsq": 0.040509428501588354, "error_max": 0.2502191262125713, "target": "150.xyz", "model": "22.xyz", "model_rescale": 4.204369325754507, "target_rescale": 4.064073462724156},
{"mapping": [6, 1, 2, 10, 3, 12, 4, 14, 8, 5, 11, 7, 9, 13, 15], "R": [[-0.9711401486553198, 0.19458911003815588, 0.13791986776487936], [0.1890557895316629, 0.27548140365375784, 0.9425327074884537], [0.14541224196842206, 0.9414059031552298, -0.30431924912861374]], "T": [0.03141622425049302, -0.00973713497663807, 0.009813033406726984], "aligned_model": [[-0.24429912915690677, -0.1140092537932184, -0.7612632599420208, -0.68959030966551, -0.3019019214143971, 0.2956183661902497, 0.7413070237037801, -0.18870563432770493, 0.1192703903573408, -0.45704730967936213, -0.3973029400974095, 0.4900545530210365, -0.001773930575913324, 0.20684811207000353, -0.007963936822820643], [-0.7037803118547845, -0.40850331558320346, -0.3651157632145705, 0.2645462307201587, 0.1625494343460464, 0.20134917731951774, -0.16952607532617664, 0.6946030046860744, -0.637042684878334, -0.39523477948805785, 0.41328082427832147, -0.05769760365769039, 0.09338814861862631, 0.588164810645927, -0.01551099929937186], [0.03365769982382144, -0.49551496652960014, -0.016465264579672456, -0.14125731543444955, -0.7548077527843784, -0.4212076843842478, -0.062211795712285065, -0.22511311905863016, 0.4233847298466046, 0.5612272015741508, 0.4053745155664813, 0.5417681309175971, 0.7695981585984029, 0.26094399830114423, 0.008020796378325484]], "inverted": false, "swapped": false, "error_lsq": 0.03573184469374273, "error_max": 0.2761612210526757, "target": "150.xyz", "model": "23.xyz", "model_rescale": 4.410303926677745, "target_rescale": 4.064073462724156},
{"mapping": [2, 3, 0, 7, 1, 10, 8, 11, 5, 12, 13, 15, 6, 14, 16], "R": [[0.045472635768670604, -0.579333834374737, 0.8138209555823165], [0.7967567880053175, 0.5124470194878026, 0.32027593257301973], [-0.6025868071603456, 0.6338535797538203, 0.4848904817271297]], "T": [-0.019780587893389864, 0.06425245190051293, 0.05806683505563826], "aligned_model": [[-0.19899197859108325, -0.14920797327286356, -0.6001383654677888, -0.6346560963698269, -0.4402008180006975, 0.3393922839650582, 0.7323952238056983, -0.010295457007864016, 0.06272495537758577, -0.5658988412430994, -0.41310124891174804, 0.5207594389298154, -0.06600194378615214, 0.16806679012506281, -0.05560514968495119], [-0.8130868561356632, -0.5325877206017287, -0.40961764672904805, 0.2882672081809893, 0.1517695419563883, 0.09437757176973333, -0.18938466132520532, 0.6370816491283586, -0.43784354847454593, -0.2826540122564067, 0.3912006560236518, 0.09205202380474448, 0.08163814667927223, 0.5965907339536505, -0.00233298866170821], [-0.11815168609688459, -0.6024491337410208, -0.036895213784317725, -0.05887928384849458, -0.6848483274191949, -0.4840321149059299, -0.15548978587613216, -0.21118811792786585, 0.42778899447384594, 0.5351272015378098, 0.5403430559766713, 0.5232096669241507, 0.8166572473574889, 0.4315361189960212, -0.03533128914288288]], "inverted": false, "swapped": false, "error_lsq": 0.037803218052456226, "error_max": 0.2308703925139106, "target": "150.xyz", "model": "24.xyz", "model_rescale": 4.28219845311461, "target_rescale": 4.064073462724156},
{"mapping": [1, 0, 8, 10, 6, 2, 4, 14, 3, 5, 11, 7, 9, 12, 15], "R": [[0.9343680530413062, 0.07352852523445655, -0.3486400685988993], [0.2592373402282754, 0.5309879787779405, 0.806751366794434], [0.24444292357760888, -0.8441832279607099, 0.4770768646063944]], "T": [0.00016046523818165348, 0.015256914002586545, 0.1016093787062165], "aligned_model": [[-0.2093109018259114, 0.10331011978962389, -0.6332255559394904, -0.6964148956560885, -0.436591757284821, 0.28286278814675647, 0.5481153542417279, -0.20719394053622697, 0.19059497363291522, -0.6487803216253953, -0.35247566918723533, 0.6567585714852703, 0.04647583308739826, 0.02975932044903222, 0.015356901089592487], [-0.5891783921897614, -0.3977380746063986, -0.2171569148741536, 0.33191344871866124, 0.008576478564554811, 0.2518917843751212, -0.4236742606577093, 0.6643646827409511, -0.6496914653002811, -0.31758931346653163, 0.34936937988522215, -0.06772270053707521, 0.03175944482822298, 0.7121155006056209, -0.021769500773960525], [0.07597530265237709, -0.5943428180613408, -0.06195106043600121, -0.10866716407614649, -0.6866799101114089, -0.47533373732324874, -0.10267825321054097, -0.23869618966443623, 0.45035526862432085, 0.5413478520271207, 0.3475640251106268, 0.5109250468571087, 0.7757430724615506, 0.41455013712680433, 0.03928576054647963]], "inverted": false, "swapped": false, "error_lsq": 0.04268604910746971, "error_max": 0.31752943180933496, "target": "150.xyz", "model": "25.xyz", "model_rescale": 4.100010024507729, "target_rescale": 4.064073462724156},
{"mapping": [13, 10, 3, 9, 5, 1, 7, 0, 12, 6, 11, 14], "R": [[0.6827042389004085, 0.7274465594115843, -0.06882169271140193], [-0.41556036793591666, 0.464012656887129, 0.7823054613445526], [0.601019552750474, -0.505483686629743, 0.6190813676430784]], "T": [-0.024281384315618243, 0.17352661913180215, -0.016181673626253012], "aligned_model": [[-0.6084119755165869, -0.059679935410820006, 0.26246228400288896, 0.6235990012983516, -0.3614487429719032, 0.3279140169472994, -0.29740491114677725, 0.5988854703936737, 0.0961212817628625, -0.4050904931005622, -0.2869735329560712, -0.013206860939348636], [-0.3792307579684764, -0.557416886567315, -0.08867809824535564, -0.4975576134035061, 0.6818986516582706, 0.7398199512050778, -0.03514808674159295, 0.37564612652802637, -0.34261128628082127, 0.6508285946115978, 0.04082542378977036, 0.07775537146496353], [-0.04687399829356746, 0.12391091155513699, 0.6461377884262915, -0.12958833785049845, 0.1790311051955455, 0.1580301217882695, 0.536008859444611, -0.25118261957794125, -0.5431280794025439, -0.42292746930361774, -0.6770421885715661, -0.007183803555763032]], "inverted": true, "swapped": true, "error_lsq": 0.05672358499254059, "error_max": 0.4124728997837403, "target": "150.xyz", "model": "26.xyz", "model_rescale": 3.6694154284099745, "target_rescale": 4.064073462724156},
