[{"mapping": [5, 4, 3, 9, 11, 7, 1, 13, 8, 14, 15, 16], "R": [[0.5522438889438193, 0.7514138374462188, 0.3611148460234691], [0.4930149898922679, 0.054944132132435514, -0.8682841482405056], [-0.6722818656380175, 0.657539646894817, -0.3401157242699986]], "T": [0.04484284925480389, -0.04889773894752299, -0.04302257052129305], "aligned_model": [[-0.2644030609206076, 0.14321479830848, 0.39525443941123717, -0.24304634108025167, -0.1609847295097383, -0.45347129581462675, 0.3487213890985076, -0.28807745375525773, 0.6584047613867277, 0.09936912468921813, -0.48169404017969975, 0.08435487082656017], [-0.32694229723100565, -0.7407049424769672, -0.3239016452435431, 0.6298568012571525, 0.3057378894248541, -0.45543366601508006, -0.23248627474327305, -0.38788982759249024, 0.22775196636766848, 0.21111358199543412, 0.2058099078674297, -0.059356457633122646], [-0.48613718197255396, -0.216592980278002, -0.5306054472052586, -0.0373481581327313, -0.710895960021893, 0.04690056070322226, 0.604052730252543, 0.6089425840012523, -0.05114882376084448, 0.6537996811189458, 0.28422235220330233, 0.016762388445579826]], "inverted": true, "swapped": true, "error_lsq": 0.043675355351219546, "error_max": 0.2575418372434935, "target": "151.xyz", "model": "0.xyz", "model_rescale": 3.751011558992144, "target_rescale": 4.216217403796622},
{"mapping": [10, 8, 11, 9, 0, 5, 1, 14, 3, 7, 6, 13, 15, 12, 16], "R": [[-0.5080489916354081, 0.5417914049220834, -0.6695881537563222], [-0.1778006744028996, -0.82661506607501, -0.5339423683504438], [-0.8427770418563378, -0.15221565652179808, 0.5162918279708859]], "T": [-0.028548396370133483, 0.017697751643820998, -0.03172408319363678], "aligned_model": [[0.04121988677302277, -0.00700254205304952, -0.4950565756969154, 0.25470110334627416, -0.19600278115040695, -0.5033124610131502, 0.46910358541533637, 0.7038855069185018, -0.619402083573534, -0.0345190564012756, 0.09943766696825554, 0.4909722053965001, 0.42688514313936665, -0.11028200841060803, 0.018458621430716367], [0.021329713873265783, -0.44853990871484456, 0.4845515304850869, 0.5032696925428255, -0.7185524806324153, 0.31527723311731576, -0.47701271274651114, -0.1150021698089748, -0.27463464268726634, 0.3160543515596939, -0.3212052559986408, 0.0512810531130348, 0.5028368851265459, 0.7453953050155953, -0.03629124441760531], [-0.8882358860478989, -0.5167163879642411, -0.4543396925799992, -0.5088086897763354, 0.1983479211857681, 0.20351601407399555, 0.19709336319630946, -0.07723847950974203, -0.07155101092151306, 0.5450100905880194, 0.6557449617150157, 0.5845393614745168, 0.04844220014218604, -0.045383899465983694, -0.02075346125812188]], "inverted": true, "swapped": true, "error_lsq": 0.03579622136209758, "error_max": 0.2550271563029478, "target": "151.xyz", "model": "1.xyz", "model_rescale": 3.9405287249114394, "target_rescale": 4.216217403796622},
{"mapping": [12, 10, 2, 1, 8, 5, 15, 14, 0, 4, 6, 7, 16], "R": [[-0.033144465878067186, 0.8742901621535971, -0.4842707473543025], [0.24392554215910145, -0.462808458322254, -0.8522374439015028], [-0.9692274110156225, -0.14637295947959605, -0.19792216265274204]], "T": [-0.067685147576686, 0.029457319337645747, -0.010148133894221128], "aligned_model": [[-0.4628857431529254, 0.2917058837373172, -0.24556500130437756, 0.4832180086164216, 0.33577260580088464, -0.6744275340843722, 0.05261386688664227, 0.606063463671549, 0.05153662009313134, -0.4671232735783972, -0.052276683038528005, -0.41410756776127, -0.008541366602144128], [0.5992621584158795, 0.538621717094162, 0.16275694664263166, -0.3975336057030708, -0.05769050739473373, 0.037470366794091735, 0.4579222701396892, 0.09377819709956639, -0.7204407882036835, -0.5683342211905255, -0.6100157875788836, -0.06644396547553147, -0.010520187067574835], [0.22554157254256205, -0.6018262352122768, -0.7848629317596864, 0.2326230026810836, -0.5418307582078475, 0.022894803600741743, 0.4910027952516344, 0.30300659724876283, -0.22573454609992039, 0.02852216385686711, 0.4310843370966125, 0.5306559591624188, 0.0020435894276922516]], "inverted": true, "swapped": true, "error_lsq": 0.04598042930862964, "error_max": 0.3061254474577765, "target": "151.xyz", "model": "2.xyz", "model_rescale": 3.932901565614263, "target_rescale": 4.216217403796622},
{"mapping": [10, 2, 11, 8, 9, 15, 12, 14, 1, 13, 5, 0, 7, 16], "R": [[0.17472193767400296, -0.6233369980878055, 0.7621832006219538], [0.33776254926154575, 0.7650637186847229, 0.5482645042939088], [-0.9248722640515199, 0.1616431042982868, 0.3442133088958494]], "T": [0.10716806486222949, -0.039433548168429526, 0.06357057723057778], "aligned_model": [[-0.2501023392582722, 0.40572215111232157, 0.4360946273120526, -0.1144751635574584, -0.2834402920370752, -0.25468171984828925, 0.2352807219815172, -0.6047769231198402, -0.3191986328844332, -0.16671171244096075, 0.6551758245926184, 0.2856694775938744, 0.332550817427647, 0.06270307517900252], [0.04943266014057763, 0.2167449850980182, -0.3915496831701472, 0.47448469468318827, -0.49668569125803613, -0.5834283954617651, -0.7446035504916324, 0.005703585305306465, 0.35913661599338287, -0.20979701531498673, -0.3014126662791801, 0.6795661939968295, -0.4007183652799355, 0.006623270388869659], [-0.712930503432799, -0.6398717215476419, -0.5544972422524947, -0.3103567344513613, -0.36300380066450566, 0.21303850072472374, -0.08720448042277935, 0.2809118420221692, 0.5153521899787635, 0.8030138026900816, 0.0821932833194236, 0.33599509728559585, 0.553826135560026, 0.09742999424789608]], "inverted": true, "swapped": true, "error_lsq": 0.049522152092945707, "error_max": 0.3021449144514591, "target": "151.xyz", "model": "3.xyz", "model_rescale": 3.9243930471874484, "target_rescale": 4.216217403796622},
{"mapping": [0, 4, 1, 8, 14, 3, 2, 13, 15, 12, 9, 11, 16], "R": [[0.299759954040526, -0.7832807853460749, 0.5446238897268999], [0.6956278934276937, 0.5701319236994365, 0.43709429584945336], [-0.6528750292659166, 0.24783220308591167, 0.7157746819178592]], "T": [-0.01264497171282146, -0.037279417425752685, -0.1062962599851626], "aligned_model": [[0.019083837548957552, -0.401584203098577, 0.5720838260916801, 0.22075550119839732, 0.7238094883559032, -0.47426747621743454, -0.3991094136689022, 0.37514038477914025, 0.25704653001723204, -0.30833179035404173, 0.17718274707668735, -0.5309659492869374, 0.046362403869247566], [-0.6006856036636209, -0.1782722262620189, -0.17689874712996195, -0.6331933038123015, 0.07940923870053396, -0.4964813963724943, -0.5821592639495379, 0.44141846256685996, 0.5540172025376618, 0.5318347738915922, 0.24701678889322753, 0.0030661713714777647, -0.06124254308983063], [-0.6582068095127459, -0.6955739844109877, -0.534492521196969, 0.10219876326042254, -0.11889935042157782, -0.21670775619695468, 0.3446408076743429, -0.6271426711399061, 0.0575363431340879, 0.2473830377183955, 0.5469733742149869, 0.4801352220870252, -0.1407741398391556]], "inverted": false, "swapped": true, "error_lsq": 0.04699578903999983, "error_max": 0.29529955336187924, "target": "151.xyz", "model": "4.xyz", "model_rescale": 3.8936222436046832, "target_rescale": 4.216217403796622},
{"mapping": [15, 14, 9, 12, 10, 8, 0, 3, 5, 7, 11, 16], "R": [[-0.36643270228950153, -0.8554909326025906, 0.365872025341599], [0.922881682777583, -0.3842098164797646, 0.02592713856565451], [0.1183911917603271, 0.3471571418757444, 0.930303952780076]], "T": [-0.0777035101955867, -0.12149373049807474, 0.06654809547252472], "aligned_model": [[0.014661325377946857, -0.5654076461277352, -0.2450729866234796, 0.37626143986822985, -0.6498844513605553, -0.6625018772725236, -0.27055506438414617, 0.03723586203530706, 0.48968022445448006, 0.45970729351702194, 0.16994050828265922, -0.1265165855521076], [-0.42657829592794105, -0.6164931039007341, 0.08641686738236859, 0.04653503244543847, 0.4351913689218726, 0.14079301568753858, -0.27045158111827455, 0.2760768348170578, 0.08367905233705966, -0.4828041386342128, 0.5659773260295727, -0.16941947292993892], [-0.523026722354987, -0.20411876293070663, -0.6207515134066304, -0.48308165448491025, -0.25157757711994655, 0.2721590098258005, 0.8173199246548509, 0.5812121402003605, 0.13915797820970546, 0.018391748770944544, -0.2167225737519315, 0.09032272166296876]], "inverted": true, "swapped": true, "error_lsq": 0.04326913101525325, "error_max": 0.2268873736228683, "target": "151.xyz", "model": "5.xyz", "model_rescale": 3.6523030999806103, "target_rescale": 4.216217403796622},
{"mapping": [1, 7, 15, 14, 9, 0, 5, 8, 3, 2, 11, 10, 16], "R": [[0.003205053549200365, 0.37447157307689705, -0.9272328556457978], [-0.058881899152023756, -0.9255581324506217, -0.3739987505417208], [-0.9982598106625338, 0.055795917519399094, 0.01908313402381151]], "T": [0.016186199747147398, -0.0184437233072713, 0.13695428974952367], "aligned_model": [[0.2106064417270726, -0.244061544494933, 0.4371830414452321, 0.6182955696123266, 0.5957443708067939, -0.38154601518752435, -0.44574161269618395, 0.20878875557455, -0.5021976535307371, -0.13687223930519704, -0.05343720952030116, 0.5353828055106788, 0.03893819472251745], [-0.611538520705915, 0.2723566504660243, 0.353772645510261, -0.3096961959787491, 0.3937077681327822, -0.7000338734964925, 0.37614043024341015, -0.4766499949812847, -0.17278681070218282, -0.015909018477622293, 0.5410982536141878, -0.028115788808178485, -0.08151864065305721], [0.5308993279615166, 0.6559734328766318, 0.502225360045172, 0.4667672003451075, -0.05763138592555525, 0.15376068961099196, 0.12217558578441091, -0.3169295979894339, -0.2420033393643669, -0.6543482696674467, -0.4073357454697218, -0.547760693746246, 0.1643171750207288]], "inverted": true, "swapped": true, "error_lsq": 0.04584655392411544, "error_max": 0.27974508857505265, "target": "151.xyz", "model": "6.xyz", "model_rescale": 4.08911054899281, "target_rescale": 4.216217403796622},
{"mapping": [0, 1, 8, 4, 5, 11, 3, 2, 7, 6, 12, 15, 9, 10, 16], "R": [[0.6714732477146735, 0.6531296884445305, -0.35006469070138946], [0.5458823755084169, -0.7554423780887237, -0.3623799739181812], [-0.5011348218920699, 0.05223431305190608, -0.8637913329197041]], "T": [0.0046919232058601715, -0.09398509267305863, 0.035776604167172855], "aligned_model": [[0.11643332469791604, 0.16776051337712142, 0.6405785598954651, -0.40396648227313264, -0.45222158981837496, 0.026441709736513296, 0.030463520209149907, 0.4228090482326702, -0.6256639672195442, -0.38523207880933724, -0.3476848168366525, -0.17974806370088867, 0.24896226841991312, 0.7448728477831376, 0.03252874610559778], [-0.6728304562587034, -0.7933339357096147, -0.1815640848559317, -0.3796664008384034, 0.2061385866084541, 0.6745865954799145, -0.021202487162119532, 0.369683596562707, -0.18316671279742588, -0.7609650596254084, 0.47416357790142205, 0.010882165380335207, 0.38418783625639075, 0.33345931059291056, -0.1596137153654141], [-0.489095196329008, 0.20628523435258897, -0.16680034632200025, -0.4836321290625113, -0.2296441692912314, -0.11591648219382439, -0.6201128756633705, -0.4739119943076838, 0.16373248226648454, -0.04756825195649075, 0.3348558985064917, 0.6715368342449918, 0.5410515384398212, 0.12475274658503885, 0.04853674281278359]], "inverted": true, "swapped": true, "error_lsq": 0.0491020421177222, "error_max": 0.34533685008422854, "target": "151.xyz", "model": "7.xyz", "model_rescale": 3.964800864290218, "target_rescale": 4.216217403796622},
{"mapping": [3, 8, 2, 4, 11, 1, 5, 10, 14, 15, 13, 12, 9, 16], "R": [[0.6381731612374403, 0.13952907518662838, -0.7571437468894373], [0.11413005243315147, -0.989719769210455, -0.08619228251769293], [-0.7613864638984713, -0.03140725412333758, -0.647537054523225]], "T": [-0.07463051557249818, -0.050620522701534575, 0.06627859824598806], "aligned_model": [[-0.24073541247753633, 0.30986122266601096, 0.319282026449846, -0.7204698423739428, 0.2882436011338956, -0.25024162332219246, -0.36854323228015134, 0.7577031257321625, 0.13454502154652925, 0.05199844655965906, -0.5199612233100714, 0.044917123701067554, 0.5369702307463793, -0.08238157531078288], [0.01928720921857039, -0.46044535954242194, 0.1313577550159394, -0.05253580440808012, 0.5893992830098291, -0.7327865581311809, 0.4575420238292685, -0.09352035693788907, -0.5559973395280652, 0.11522483100990724, -0.29485938566035547, 0.6071578895440642, 0.20241280550318283, -0.1212885267415671], [-0.5690752912293146, -0.30421974425549725, -0.6129193601652829, -0.2519804629158304, -0.20369049112519813, 0.2866501056280525, -0.09081535292252113, -0.14318162873292004, 0.573210664500899, 0.7031983304980665, 0.6930465502013586, 0.3653548852177564, 0.391145913678036, 0.0800909203474166]], "inverted": true, "swapped": true, "error_lsq": 0.037633962873024625, "error_max": 0.2002049266435141, "target": "151.xyz", "model": "8.xyz", "model_rescale": 4.121658175737393, "target_rescale": 4.216217403796622},
{"mapping": [14, 1, 8, 10, 13, 15, 4, 5, 3, 7, 9, 11, 16], "R": [[-0.7544718603013193, 0.1881318485193554, -0.6287913959224929], [-0.626631563213796, 0.0784618656599198, 0.7753558019524969], [0.19520526631651453, 0.979004669656818, 0.058692084580832804]], "T": [0.013423736658593852, -0.0387880958973059, -0.0468883002044566], "aligned_model": [[-0.5957794980347427, -0.3467177202642331, 0.27751592321409196, 0.19108207869202515, -0.6420995678140572, -0.5744880177195012, 0.33699871119545666, 0.283663834381354, 0.6520506462200868, -0.23793072344722555, -0.26111394701967805, 0.40886043451090137, -0.01530465747928093], [0.07010985194487929, -0.35149123709702856, 0.23779387911313202, 0.7585644522955515, -0.508999987154985, 0.1380945830015854, -0.6782747694272542, -0.22019340195104187, -0.20323339640115493, -0.4586696843223127, 0.6217048209750924, 0.4462211463935174, -0.06123881795827093], [-0.46300475975293454, -0.6101539913432382, -0.6007989821391344, -0.3136460560567048, -0.04656948218691787, 0.2219585106377443, 0.022082451495310976, 0.46629273291272827, -0.08246787518192618, 0.3799547667285588, 0.13199232400663696, 0.4248978148713364, -0.10946202003237111]], "inverted": false, "swapped": true, "error_lsq": 0.040135086548364965, "error_max": 0.23826615651139252, "target": "151.xyz", "model": "9.xyz", "model_rescale": 3.833441315466971, "target_rescale": 4.216217403796622},
{"mapping": [3, 2, 7, 15, 9, 5, 10, 14, 6, 13, 0, 1, 8, 5, 16], "R": [[0.20403349285544675, 0.8789997089025104, 0.4309638564224483], [-0.6553983418576458, 0.4496598086098076, -0.6068435300892976], [-0.727202411494527, -0.15863659183900033, 0.6678406130554292]], "T": [-0.10759964064537922, -0.02062691164211978, 0.03893222564261293], "aligned_model": [[0.13636063877121785, 0.01643545896735618, -0.45237644652348086, -0.5577479382400274, -0.5262517446918471, -0.4625577064331431, -0.03404120066112712, 0.08948767818874082, 0.1824453348245467, -0.14860718118634933, 0.5902625927794214, 0.406396211685772, 0.3975509582032345, -0.4625577064331431, -0.05095393095663878], [-0.6283184468225276, -0.6609890267965094, 0.09243889324785495, 0.4741133752707256, 0.20983046399820718, -0.42666568127313215, -0.09792121017286132, 0.6824037153173041, 0.1991226866523017, 0.5974738112670516, -0.19666647428168177, 0.47350453140782783, -0.11429141768126871, -0.42666568127313215, 0.023732000434818455], [0.12464612630345615, -0.43450700654312074, 0.577466992018242, -0.0035516466907250174, -0.5225300834277544, 0.3189851801380458, -0.8137740662497139, -0.11287284154567653, 0.7255423005466083, 0.5557300632829575, 0.3630261599473597, 0.22970890949173936, -0.39593459104153866, 0.3189851801380458, 0.047201231454167554]], "inverted": true, "swapped": true, "error_lsq": 0.0415186738998419, "error_max": 0.3119498832754187, "target": "151.xyz", "model": "10.xyz", "model_rescale": 4.2482417240324, "target_rescale": 4.216217403796622},
{"mapping": [8, 0, 6, 4, 9, 15, 14, 5, 3, 11, 2, 16], "R": [[0.6356070038555106, 0.5401464553818052, -0.5515845750093928], [0.12205455311752669, 0.6351820967337849, 0.7626574526300478], [0.7623033665891172, -0.552073827243553, 0.33779885517797986]], "T": [-0.0010009838626203749, 0.12398620198977753, 0.04091670704033017], "aligned_model": [[-0.5696439000846154, 0.06835694191302433, 0.48635717069887263, 0.5328255527314886, -0.399019329079159, 0.04549993509396322, -0.32559003585822444, 0.451173700377103, 0.0859189963985868, -0.10059768235091193, -0.37717280732196684, -0.021342940155154456], [-0.22167770485291308, -0.6613236606859976, -0.3035758624015139, -0.33580429875730966, 0.7445918275197615, 0.6753093034568344, 0.17362423342653957, 0.2536802033572032, -0.2821885021186834, 0.544807654043061, -0.002406687760475812, 0.08109488482413328], [-0.06018231767539672, 0.07985769347318822, 0.4693114770614549, -0.10748429905343582, 0.047999442939355146, 0.41918489636549466, 0.710482435906363, -0.3438038268214462, -0.47252220792739735, -0.6126703863421535, -0.6605907039607315, 0.09561008588906163]], "inverted": false, "swapped": true, "error_lsq": 0.04367721030057167, "error_max": 0.19845602307313184, "target": "151.xyz", "model": "11.xyz", "model_rescale": 3.6694154284099745, "target_rescale": 4.216217403796622},
{"mapping": [12, 15, 14, 13, 7, 11, 5, 2, 1, 0, 8, 4, 9, 16], "R": [[0.7842041532489082, 0.03923299066837457, -0.6192613490848417], [0.3159405869459768, -0.8841910511076058, 0.34407518169937623], [-0.5340462447648092, -0.46547498062134596, -0.7057815886435145]], "T": [0.016903254904573433, 0.04703033658618545, 0.024745673643322696], "aligned_model": [[-0.10905827302835404, 0.001886323009188156, -0.03439065811807153, 0.6000987212280674, 0.5387582221468784, -0.45668969806702764, 0.219539338714798, -0.5200371289434416, 0.3025504459108949, 0.36707782101517344, -0.38836569121348774, 0.583869166233204, -0.5415109932100156, 0.034537254578003246], [-0.38074166213915445, 0.20134877410870083, 0.7514575130258401, 0.454171978455983, -0.13116408959691356, -0.5686059634043189, -0.5229126699060903, -0.33743756831719307, 0.7123452812680652, 0.25227373838747746, 0.31698635624316435, -0.20762061777385687, 0.07695809675180353, 0.11392812103274667], [-0.5562496048989157, -0.6273023555136242, -0.21461083805482295, -0.3559495568850927, -0.3181664963710794, -0.07959964979671126, -0.03352915043602395, 0.4867765225332151, 0.16797649776252147, 0.7017179197320342, 0.4894392761654523, 0.3882060995410755, -0.4557727624132737, 0.04615955828766102]], "inverted": false, "swapped": true, "error_lsq": 0.04394053435178007, "error_max": 0.2428310489614115, "target": "151.xyz", "model": "12.xyz", "model_rescale": 3.9764082729961374, "target_rescale": 4.216217403796622},
{"mapping": [11, 15, 12, 4, 2, 10, 8, 5, 7, 9, 13, 6, 14, 1, 0, 16], "R": [[-0.5669253654109238, -0.7398514293864673, 0.3622367906335462], [-0.5794200851529367, 0.04557172222936223, -0.8137540064751837], [0.5855493104556218, -0.6712250595499626, -0.4545205434929152]], "T": [-0.05944124849879164, 0.06040380164549754, -0.009785398817185943], "aligned_model": [[-0.13894796463351766, -0.2116850261781611, -0.45551210546014514, -0.4655665980673317, 0.26562270644352404, 0.6293441088629068, 0.5672203260297445, -0.5654713230931963, -0.6647673337098035, 0.16012428829142292, -0.37134899641119856, -0.3725404729228021, 0.3050928120997495, 0.19625368947573626, 0.08426945379113415, -0.02324725070866815], [0.25597004934837253, -0.5804717921664512, -0.2318849586396302, 0.5311902629558175, 0.6248918611515221, 0.05077438996748741, 0.30454380274662324, 0.30742011547854053, -0.11889641096231747, -0.3977987362629013, -0.44296613069197077, 0.07712328853221041, -0.5032605437493924, -0.1362745563220198, 0.558996740418989, 0.046106735538363086], [-0.7645163511061819, -0.13350534928798385, -0.5521006761033097, 0.35328930788062085, -0.48442179323500206, -0.523570644640663, 0.0176052261015038, -0.23827800819261957, 0.14222243329708478, -0.5440713896727548, 0.5380671315617276, 0.7012270505315631, 0.3150802295683252, 0.654060279428988, 0.5850177771668181, 0.05129171955458142]], "inverted": false, "swapped": true, "error_lsq": 0.03988910733088544, "error_max": 0.2684833512497094, "target": "151.xyz", "model": "13.xyz", "model_rescale": 4.170626492500431, "target_rescale": 4.216217403796622},
{"mapping": [11, 10, 3, 8, 5, 6, 0, 9, 12, 14, 15, 1, 7, 16], "R": [[-0.12809734293588831, -0.8621446071341571, -0.49020174124767785], [-0.6503575520165542, -0.30013889940855554, 0.6978192427820087], [-0.7487497080251855, 0.4081951952820009, -0.5222552606541063]], "T": [-0.026915576247372446, 0.05498295134938263, 0.04616401236011681], "aligned_model": [[0.47891709672011157, -0.01653845269475101, -0.2742703922306407, -0.48668660362052646, 0.30158714815998183, -0.3838601606602847, -0.7519284711196116, 0.44301514446992135, 0.7049486083298456, -0.2126542932995728, 0.4221336476770012, -0.5601310241890176, 0.26302402841505257, -0.08437325386586544], [-0.21266321494360335, -0.783114146169782, 0.19650740933186178, -0.41005412410612796, 0.41894991516748753, 0.6755547886570646, 0.33115680579114476, -0.4893118076463701, 0.059976915829962556, -0.20659284964900743, -0.009211893909618692, 0.12865281376229562, 0.6043719938638715, 0.05185186194648687], [-0.48926583563250525, -0.1435168863823857, -0.5496034887945623, -0.11324250037289049, -0.31287133066178363, 0.34837342171799984, -0.09917286217578417, 0.20903955924199258, 0.018585420065846465, 0.7193797886399637, 0.5395605436262886, 0.5511465860922927, 0.235323527889701, 0.090137157866693]], "inverted": true, "swapped": true, "error_lsq": 0.04817306380181969, "error_max": 0.2858561732465143, "target": "151.xyz", "model": "14.xyz", "model_rescale": 3.9786697098870705, "target_rescale": 4.216217403796622},
{"mapping": [14, 8, 15, 13, 9, 12, 0, 3, 7, 6, 2, 16], "R": [[-0.7717105960080359, -0.6100269648323936, -0.17980505606433705], [0.6352699548171997, -0.7261082165414212, -0.2630569185130654], [0.02991388499468156, -0.3172285612116505, 0.9478772069398604]], "T": [0.004879194157766595, 0.06904238920194983, 0.00034922782326180304], "aligned_model": [[0.010683595214557348, -0.6504792514125627, 0.4976652882357885, 0.5249952948483501, 0.10421669988688795, 0.5177807726327608, -0.418915403837792, -0.34412047647445193, 0.5989330120932305, 0.2253672615717488, -0.5635244106773571, -0.01924778531382303], [-0.3842566143239929, 0.03666728577194315, 0.0826876266630997, -0.535948483961188, 0.48837945366623725, 0.5776266581400983, -0.43168511536029186, 0.2269358188114937, -0.06381299529711959, -0.5982566806227183, 0.6127201593916927, 0.003617377345185066], [-0.591788065752293, -0.14970568199049955, -0.45372344665556613, -0.11913052871951937, -0.5979053977653588, -0.12083127922119458, 0.43933511323731644, 0.5383282119984624, 0.22645567379082024, 0.33193078980275315, 0.17620392706529897, -0.019202821916389588]], "inverted": true, "swapped": true, "error_lsq": 0.04804323314870601, "error_max": 0.25856795127717547, "target": "151.xyz", "model": "15.xyz", "model_rescale": 3.769337070930944, "target_rescale": 4.216217403796622},
{"mapping": [14, 15, 8, 10, 1, 13, 0, 7, 3, 11, 16], "R": [[0.5086898046902519, -0.19983476929610866, -0.837437011114606], [-0.780066779834444, -0.5185854804835723, -0.3500927283311437], [-0.3643219751852952, 0.831345394172599, -0.41968361176616326]], "T": [-0.021533055967546916, 0.02325067616803648, 0.10197781742436954], "aligned_model": [[-0.1321998807853055, -0.29649655086605875, -0.18525331728791436, -0.7484323079819543, 0.33015775920688023, 0.37204079729643963, 0.5863060946804877, 0.3029855500229891, 0.2125913309496058, -0.5257083400776101, 0.006634995533611108], [-0.10754573759295619, -0.546523785610395, 0.6368622199256355, 0.4719944290730295, 0.09521466922942656, -0.5261928023663768, 0.5093410619464299, -0.5201490850173589, 0.4725440274817328, 0.06908190837304812, 0.0414375921831264], [-0.6238220200957574, -0.11928776939087551, -0.12103757411236943, 0.00849094903807715, -0.5429160626437599, -0.33850102764623935, -0.029499201485389898, 0.24716387258047565, 0.5256212388832854, 0.700219463033627, 0.0377857390627033]], "inverted": false, "swapped": true, "error_lsq": 0.04112243832096421, "error_max": 0.2173067562454207, "target": "151.xyz", "model": "16.xyz", "model_rescale": 3.7852294659196426, "target_rescale": 4.216217403796622},
{"mapping": [10, 12, 5, 11, 9, 15, 13, 7, 3, 8, 14, 4, 16], "R": [[0.42793970167776285, 0.21189048266459326, 0.8786182533296888], [-0.5143912257664425, 0.8564260606882972, 0.04400078895226876], [-0.7431482211392587, -0.4707832048088493, 0.4754933180260947]], "T": [0.08221741935782227, 0.14793364701344508, -0.001493256839358672], "aligned_model": [[-0.02060475650377787, -0.38635246902656584, 0.2101586931122698, 0.042573988938571755, -0.4922442674927197, -0.5770667999320322, -0.2635104901005901, -0.09356979733163777, 0.698623633732926, 0.37374991952303627, -0.33101047979212334, 0.6037214581590405, 0.08929721692988539], [-0.08495448963605276, -0.37909853713147273, -0.29622753942708663, -0.6131901855929236, -0.12117947266252282, 0.18050953242100218, 0.6887877818572472, 0.14078172653221957, -0.08912303715543585, 0.30325894149008664, 0.727710140199928, 0.19900963763799628, 0.21877112516988906], [-0.822275803480093, 0.19621875512734707, 0.3930244730064702, -0.1839903673845709, -0.37724850946437255, 0.11465083735264413, 0.487136607654896, 0.6235845952592263, -0.0014934820280801198, -0.5879590867943888, -0.22339903284514473, 0.4922938582767599, -0.014788147537519801]], "inverted": true, "swapped": true, "error_lsq": 0.043599110368081104, "error_max": 0.2383911666764155, "target": "151.xyz", "model": "17.xyz", "model_rescale": 3.901054581598922, "target_rescale": 4.216217403796622},
{"mapping": [10, 8, 11, 9, 0, 5, 1, 14, 3, 7, 6, 13, 15, 12, 16], "R": [[-0.5080489916354081, 0.5417914049220834, -0.6695881537563222], [-0.1778006744028996, -0.82661506607501, -0.5339423683504438], [-0.8427770418563378, -0.15221565652179808, 0.5162918279708859]], "T": [-0.028548396370133483, 0.017697751643820998, -0.03172408319363678], "aligned_model": [[0.04121988677302277, -0.00700254205304952, -0.4950565756969154, 0.25470110334627416, -0.19600278115040695, -0.5033124610131502, 0.46910358541533637, 0.7038855069185018, -0.619402083573534, -0.0345190564012756, 0.09943766696825554, 0.4909722053965001, 0.42688514313936665, -0.11028200841060803, 0.018458621430716367], [0.021329713873265783, -0.44853990871484456, 0.4845515304850869, 0.5032696925428255, -0.7185524806324153, 0.31527723311731576, -0.47701271274651114, -0.1150021698089748, -0.27463464268726634, 0.3160543515596939, -0.3212052559986408, 0.0512810531130348, 0.5028368851265459, 0.7453953050155953, -0.03629124441760531], [-0.8882358860478989, -0.5167163879642411, -0.4543396925799992, -0.5088086897763354, 0.1983479211857681, 0.20351601407399555, 0.19709336319630946, -0.07723847950974203, -0.07155101092151306, 0.5450100905880194, 0.6557449617150157, 0.5845393614745168, 0.04844220014218604, -0.045383899465983694, -0.02075346125812188]], "inverted": true, "swapped": true, "error_lsq": 0.03579622136209758, "error_max": 0.2550271563029478, "target": "151.xyz", "model": "18.xyz", "model_rescale": 3.9405287249114394, "target_rescale": 4.216217403796622},
{"mapping": [9, 14, 13, 1, 10, 7, 15, 11, 12, 5, 6, 4, 8, 3, 0, 16], "R": [[-0.8313789945739878, 0.009741559624324575, 0.5556204364467088], [0.3099391513660571, -0.8217598690851582, 0.47817197744287826], [0.46124471794442673, 0.5697506643938468, 0.6801746030183256]], "T": [0.03186955751621195, 0.02878041804632866, -0.050113400980486604], "aligned_model": [[-0.49899035249665985, 0.04855078510073401, 0.6631616701083045, 0.36279586026898397, -0.8093801864156877, 0.5534114615273064, 0.06013017343494336, -0.4840477043019284, -0.10032311803912097, 0.1907289559336721, 0.7700395336877722, 0.5587811359094615, -0.3720033750646818, 0.005601271628630326, 0.3649362616556811, 0.05377272503397579], [-0.10635257751906257, -0.7011450637293537, -0.3700275387565759, -0.5876199609934032, -0.12912650181049523, 0.20821509808739128, -0.20369852771583685, 0.5847007643189955, 0.37111185088621595, 0.6027405310890875, -0.13820149147963096, 0.3727982983774541, -0.2167913622127381, 0.4618193292029367, -0.06277088330557087, -0.03329983546177735], [-0.5436181528996952, -0.20200408474033849, -0.35545355425466846, 0.18502850764231743, 0.026421204962722218, -0.3928550743457504, -0.6780952463355939, -0.24751713208077689, -0.6839469672424475, -0.17105077486988424, 0.12615768818481563, 0.29976775159360497, 0.4290947693699153, 0.4478221081070551, 0.659621361112053, -0.019928647528450753]], "inverted": true, "swapped": true, "error_lsq": 0.036149431224628804, "error_max": 0.25130776022861206, "target": "151.xyz", "model": "19.xyz", "model_rescale": 4.410303926677745, "target_rescale": 4.216217403796622},
{"mapping": [3, 8, 2, 4, 11, 1, 5, 10, 14, 15, 13, 12, 9, 16], "R": [[0.6381731612374403, 0.13952907518662838, -0.7571437468894373], [0.11413005243315147, -0.989719769210455, -0.08619228251769293], [-0.7613864638984713, -0.03140725412333758, -0.647537054523225]], "T": [-0.07463051557249818, -0.050620522701534575, 0.06627859824598806], "aligned_model": [[-0.24073541247753633, 0.30986122266601096, 0.319282026449846, -0.7204698423739428, 0.2882436011338956, -0.25024162332219246, -0.36854323228015134, 0.7577031257321625, 0.13454502154652925, 0.05199844655965906, -0.5199612233100714, 0.044917123701067554, 0.5369702307463793, -0.08238157531078288], [0.01928720921857039, -0.46044535954242194, 0.1313577550159394, -0.05253580440808012, 0.5893992830098291, -0.7327865581311809, 0.4575420238292685, -0.09352035693788907, -0.5559973395280652, 0.11522483100990724, -0.29485938566035547, 0.6071578895440642, 0.20241280550318283, -0.1212885267415671], [-0.5690752912293146, -0.30421974425549725, -0.6129193601652829, -0.2519804629158304, -0.20369049112519813, 0.2866501056280525, -0.09081535292252113, -0.14318162873292004, 0.573210664500899, 0.7031983304980665, 0.6930465502013586, 0.3653548852177564, 0.391145913678036, 0.0800909203474166]], "inverted": true, "swapped": true, "error_lsq": 0.037633962873024625, "error_max": 0.2002049266435141, "target": "151.xyz", "model": "20.xyz", "model_rescale": 4.121658175737393, "target_rescale": 4.216217403796622},
{"mapping": [1, 7, 15, 14, 9, 0, 5, 8, 3, 2, 11, 10, 16], "R": [[0.003205053549200365, 0.37447157307689705, -0.9272328556457978], [-0.058881899152023756, -0.9255581324506217, -0.3739987505417208], [-0.9982598106625338, 0.055795917519399094, 0.01908313402381151]], "T": [0.016186199747147398, -0.0184437233072713, 0.13695428974952367], "aligned_model": [[0.2106064417270726, -0.244061544494933, 0.4371830414452321, 0.6182955696123266, 0.5957443708067939, -0.38154601518752435, -0.44574161269618395, 0.20878875557455, -0.5021976535307371, -0.13687223930519704, -0.05343720952030116, 0.5353828055106788, 0.03893819472251745], [-0.611538520705915, 0.2723566504660243, 0.353772645510261, -0.3096961959787491, 0.3937077681327822, -0.7000338734964925, 0.37614043024341015, -0.4766499949812847, -0.17278681070218282, -0.015909018477622293, 0.5410982536141878, -0.028115788808178485, -0.08151864065305721], [0.5308993279615166, 0.6559734328766318, 0.502225360045172, 0.4667672003451075, -0.05763138592555525, 0.15376068961099196, 0.12217558578441091, -0.3169295979894339, -0.2420033393643669, -0.6543482696674467, -0.4073357454697218, -0.547760693746246, 0.1643171750207288]], "inverted": true, "swapped": true, "error_lsq": 0.04584655392411544, "error_max": 0.27974508857505265, "target": "151.xyz", "model": "21.xyz", "model_rescale": 4.08911054899281, "target_rescale": 4.216217403796622},
{"mapping": [2, 4, 11, 15, 14, 9, 3, 12, 1, 6, 8, 5, 10, 13, 0, 7, 16], "R": [[-0.9050857689619428, 0.3516298600443872, 0.23911543728444984], [-0.3533755834121572, -0.9347490104142268, 0.03701330271323314], [0.2365279008292393, -0.050997343605217765, 0.9702854338154959]], "T": [-0.023487330401216137, -0.0024502002948032908, -0.01536808529779643], "aligned_model": [[-0.06954254716553773, 0.36301720331326437, -0.7687073235911139, -0.37446542968699753, 0.22130448311251127, -0.04815400027654024, 0.6129785551853902, 0.5434509147368873, -0.5621928803813397, -0.11141802102037171, -0.6045857977461285, -0.3981597101609986, 0.1301648345101005, 0.6315209580747502, 0.16174928286862206, 0.4593562409692508, 0.010613819929898606], [-0.6006044275912241, -0.5795279753430334, 0.07313842756208762, -0.12309467032633692, 0.18664563331972833, 0.6675866715045338, -0.2354063793312069, 0.45076108699973605, -0.5829992736903514, 0.0008094234283542012, -0.030735779006208934, 0.5738061086126075, 0.6713730640158164, -0.0890116821742901, -0.5466396170299018, 0.13555023950470743, -0.029973554540094392], [-0.4170449040830801, -0.07771929082980863, -0.17293252083833535, -0.6428760960568018, -0.5776334316364709, -0.25617871087137695, -0.5584347648388026, -0.15009024866611212, 0.03714367592026083, 0.7247816948492969, 0.36184076314882707, 0.14362351271202256, 0.4011515779916851, -0.001182955377665107, 0.5038858737599156, 0.48823309838904516, 0.0032121985965071]], "inverted": true, "swapped": false, "error_lsq": 0.03611560676397315, "error_max": 0.24281576545367953, "target": "151.xyz", "model": "22.xyz", "model_rescale": 4.204369325754507, "target_rescale": 4.216217403796622},
{"mapping": [9, 14, 13, 1, 10, 7, 15, 11, 12, 5, 6, 4, 8, 3, 0, 16], "R": [[-0.8313789945739878, 0.009741559624324575, 0.5556204364467088], [0.3099391513660571, -0.8217598690851582, 0.47817197744287826], [0.46124471794442673, 0.5697506643938468, 0.6801746030183256]], "T": [0.03186955751621195, 0.02878041804632866, -0.050113400980486604], "aligned_model": [[-0.49899035249665985, 0.04855078510073401, 0.6631616701083045, 0.36279586026898397, -0.8093801864156877, 0.5534114615273064, 0.06013017343494336, -0.4840477043019284, -0.10032311803912097, 0.1907289559336721, 0.7700395336877722, 0.5587811359094615, -0.3720033750646818, 0.005601271628630326, 0.3649362616556811, 0.05377272503397579], [-0.10635257751906257, -0.7011450637293537, -0.3700275387565759, -0.5876199609934032, -0.12912650181049523, 0.20821509808739128, -0.20369852771583685, 0.5847007643189955, 0.37111185088621595, 0.6027405310890875, -0.13820149147963096, 0.3727982983774541, -0.2167913622127381, 0.4618193292029367, -0.06277088330557087, -0.03329983546177735], [-0.5436181528996952, -0.20200408474033849, -0.35545355425466846, 0.18502850764231743, 0.026421204962722218, -0.3928550743457504, -0.6780952463355939, -0.24751713208077689, -0.6839469672424475, -0.17105077486988424, 0.12615768818481563, 0.29976775159360497, 0.4290947693699153, 0.4478221081070551, 0.659621361112053, -0.019928647528450753]], "inverted": true, "swapped": true, "error_lsq": 0.036149431224628804, "error_max": 0.25130776022861206, "target": "151.xyz", "model": "23.xyz", "model_rescale": 4.410303926677745, "target_rescale": 4.216217403796622},
{"mapping": [3, 1, 8, 4, 2, 5, 0, 12, 10, 14, 9, 15, 6, 7, 7, 13, 16], "R": [[-0.19022610437693732, 0.6723202347084313, -0.7154016572633689], [-0.7917614952526705, 0.3257865814433957, 0.5166980143049535], [0.5804547905296594, 0.6647169362616137, 0.47034416207511676]], "T": [-0.036082551859913756, -0.023467214444852922, 0.09973092625062692], "aligned_model": [[-0.015681672003883082, 0.22887155796499653, -0.8057176119946114, -0.36401473210550755, 0.1371675368467235, -0.027125928707894438, 0.5315988514828309, 0.6043495038371554, -0.494396440726308, -0.16707855056022025, -0.5963160579932558, -0.4768238946922276, 0.15568441920745224, 0.5359396030127883, 0.5359396030127883, 0.43119713134719195, -0.016662735256371852], [-0.48772187140303586, -0.8258758256957053, -2.9916708387676266e-05, 0.03199646069137707, 0.03864095742785176, 0.487888012082847, -0.08437874159208272, 0.4187906208728594, -0.4685467928815732, 0.2033273051817241, -0.06669021968415087, 0.5085639244230938, 0.6709323125563892, -0.31992596065549384, -0.31992596065549384, 0.2524912188601494, -0.09785822690544553], [-0.6705303295761226, -0.0495174903162008, -0.18805238553226022, -0.5029867845318792, -0.7941487820592513, -0.2663805931426452, -0.39465093147229974, -0.10134275158766003, -0.025315042922189238, 0.7238737658366429, 0.3766608344440366, 0.27862789891364836, 0.3424917457168191, 0.26354106883130857, 0.26354106883130857, 0.5465902604698559, 0.007377920265994126]], "inverted": false, "swapped": false, "error_lsq": 0.04001355412995782, "error_max": 0.3693378450685762, "target": "151.xyz", "model": "24.xyz", "model_rescale": 4.28219845311461, "target_rescale": 4.216217403796622},
{"mapping": [12, 3, 15, 2, 11, 0, 7, 10, 4, 8, 6, 1, 14, 9, 13, 16], "R": [[0.42375530611197565, 0.07366460828400237, -0.9027762546878992], [-0.8039439732538148, -0.42855047160570436, -0.41233309490677333], [-0.4172595456197685, 0.9005098660053055, -0.12237831840767999]], "T": [-0.06486984013309464, 0.025848711158442304, -0.048439965344876594], "aligned_model": [[0.16308931352777162, -0.38626513804869445, 0.23142590719235223, 0.14831226936141484, 0.2490292972772477, -0.5832987112765919, -0.44551207334964815, 0.681032226678291, -0.7703436409826439, 0.18785047286697143, -0.7007921352480897, -0.2133245518322961, 0.24151754279187526, 0.6226820766415504, -0.34456005162015174, -0.07252203785834808], [0.503652118292785, -0.47223345148117, 0.6223588964191811, -0.616104789125562, -0.0742204684197394, -0.4561350887318157, 0.542781668451188, -0.39384608319101605, -0.09058386141382357, -0.5558548814868646, 0.20491656167271854, 0.017330463841807333, 0.23785606381936875, 0.2494981204551399, 0.6114994640275673, 0.014196642584467976], [-0.5545518418050901, -0.3395957902349712, 0.026331350862971607, -0.48666609726554133, -0.7595234880943197, 0.30079008049358724, -0.14624806653628433, -0.12576822171670568, -0.13300418187915033, 0.17697673581626133, 0.3606894862880429, 0.6744998664265366, 0.5975630579563439, -0.19291631004164664, 0.43072254184234926, 0.022626898465363053]], "inverted": true, "swapped": true, "error_lsq": 0.050813208794163955, "error_max": 0.3951021596275759, "target": "151.xyz", "model": "25.xyz", "model_rescale": 4.100010024507729, "target_rescale": 4.216217403796622},
{"mapping": [8, 0, 6, 4, 9, 15, 14, 5, 3, 11, 2, 16], "R": [[0.6356070038555106, 0.5401464553818052, -0.5515845750093928], [0.12205455311752669, 0.6351820967337849, 0.7626574526300478], [0.7623033665891172, -0.552073827243553, 0.33779885517797986]], "T": [-0.0010009838626203749, 0.12398620198977753, 0.04091670704033017], "aligned_model": [[-0.5696439000846154, 0.06835694191302433, 0.48635717069887263, 0.5328255527314886, -0.399019329079159, 0.04549993509396322, -0.32559003585822444, 0.451173700377103, 0.0859189963985868, -0.10059768235091193, -0.37717280732196684, -0.021342940155154456], [-0.22167770485291308, -0.6613236606859976, -0.3035758624015139, -0.33580429875730966, 0.7445918275197615, 0.6753093034568344, 0.17362423342653957, 0.2536802033572032, -0.2821885021186834, 0.544807654043061, -0.002406687760475812, 0.08109488482413328], [-0.06018231767539672, 0.07985769347318822, 0.4693114770614549, -0.10748429905343582, 0.047999442939355146, 0.41918489636549466, 0.710482435906363, -0.3438038268214462, -0.47252220792739735, -0.6126703863421535, -0.6605907039607315, 0.09561008588906163]], "inverted": false, "swapped": true, "error_lsq": 0.04367721030057167, "error_max": 0.19845602307313184, "target": "151.xyz", "model": "26.xyz", "model_rescale": 3.6694154284099745, "target_rescale": 4.216217403796622},
