[{"mapping": [0, 15, 13, 7, 9, 4, 12, 3, 14, 6, 2, 16], "R": [[-0.3157749475435834, -0.3388448955762361, -0.8862676340958057], [0.49216681117814287, 0.7400823897354218, -0.4583119967644809], [0.811207749271779, -0.5809149620602286, -0.06693126605688568]], "T": [-0.007938547197609247, -0.07932157707341118, -0.15326864170004462], "aligned_model": [[-0.4484246089329425, 0.30821503865009225, 0.4779650327766065, -0.13163137972561187, -0.16963083890791766, -0.6317136399670716, 0.3040906834452598, -0.26976080912462097, 0.6658642670594233, 0.12064505463227543, -0.41363668835250567, 0.025660350907561913], [-0.21846308575191614, -0.6758207927979641, -0.41948131051368953, 0.7816510430227122, 0.35910955856906196, -0.5324445553648882, -0.17440895479825574, -0.5806994378359287, 0.14312560477718977, 0.3826546678373669, 0.03625942611954558, -0.04792712728617678], [-0.5094456275877134, 0.10532555689233597, -0.4733727590518589, -0.03258161502728538, -0.7033372119114433, -0.06331715526007169, 0.5699779660359711, 0.46397341281348725, -0.004162995897834809, 0.3787243424257808, 0.5147051987801373, -0.06453736685794277]], "inverted": true, "swapped": true, "error_lsq": 0.043098714391841354, "error_max": 0.24949179203691957, "target": "153.xyz", "model": "0.xyz", "model_rescale": 3.751011558992144, "target_rescale": 4.298971129906878},
{"mapping": [8, 6, 9, 11, 2, 0, 12, 14, 1, 5, 3, 15, 13, 10, 16], "R": [[0.20047808558123426, 0.6684902230685388, 0.7161908676208175], [0.9616353856518702, -0.2740018033505571, -0.013431188436705876], [0.187258971117175, 0.6914071401297637, -0.6977752104465442]], "T": [-0.04002249034458827, 0.050679240636871625, 0.015376497225798069], "aligned_model": [[0.1671499736810984, 0.1019349695319659, -0.4562959675174071, 0.15030005706501204, -0.2629761834972413, -0.507846283026018, 0.47159125198820273, 0.5647625790812932, -0.5202078526505793, -0.07077457148051641, 0.01976047033899081, 0.4812141581289676, 0.4118285545650858, -0.01835238483548101, 0.006997439715661316], [-0.036544872636907075, -0.5517095377221066, 0.41437235505552444, 0.4912667576808604, -0.6899956518533488, 0.3364176570863087, -0.5409128475805605, -0.017017081839762707, -0.22625128135622785, 0.4685972083793344, -0.44299523340493474, 0.03547264428116118, 0.5423871548404101, 0.8004143914600872, -0.03474431256273258], [-0.8515735555279498, -0.34510674506583067, -0.4487198295864322, -0.43155186591027495, 0.17609785842481726, 0.21473755576680278, 0.1486419676020258, -0.3788032873227465, -0.08171441552833161, 0.5189200219472244, 0.6888970397892101, 0.51609246408259, 0.10665376468679275, 0.023620516455718332, -0.006525084961640127]], "inverted": false, "swapped": true, "error_lsq": 0.030853188326786494, "error_max": 0.2144720207900982, "target": "153.xyz", "model": "1.xyz", "model_rescale": 3.9405287249114394, "target_rescale": 4.298971129906878},
{"mapping": [15, 4, 5, 6, 1, 13, 12, 2, 9, 11, 8, 14, 16], "R": [[0.8919877958008903, 0.22804430238978374, 0.390324952174245], [0.036405326066400845, -0.8968696975525924, 0.44079405377786224], [0.45059119429508254, -0.3789730092756986, -0.8082988518266327]], "T": [-0.040719025601534294, -0.03848226455368191, -0.10748929912275894], "aligned_model": [[-0.3732952101536802, 0.25544483458825235, -0.3784650717964818, 0.36735173904345253, 0.4764545540755538, -0.709963939384784, 0.10718441843770743, 0.6722145611533298, -0.04949121410913364, -0.4816584189559854, -0.05297227562233648, -0.33601558074163435, -0.0008051172503285992], [0.5709382219819996, 0.4538616269101355, 0.3018488294123936, -0.1656216658892637, -0.18457884243344147, 0.035396954133186026, 0.38831573098690614, 0.2514213980010556, -0.680928145632547, -0.5184932428208221, -0.7555548484556786, -0.21560372026529256, -0.022169702356614144], [0.09409223725731895, -0.6294007189861299, -0.553874283530381, 0.46721597521409286, -0.27446959718078284, -0.07698215810670937, 0.5447817703136292, 0.07089390893132307, -0.4363175649809127, -0.03505376824054811, 0.4289691214809621, 0.5305964390606417, -0.017331011643859764]], "inverted": true, "swapped": true, "error_lsq": 0.043458879371325525, "error_max": 0.2390508647611308, "target": "153.xyz", "model": "2.xyz", "model_rescale": 3.932901565614263, "target_rescale": 4.298971129906878},
{"mapping": [6, 1, 7, 12, 8, 11, 9, 14, 15, 13, 0, 4, 10, 16], "R": [[0.05411115645320465, -0.48893410906157775, -0.8706408098311602], [-0.4057061525718939, 0.7859405933078994, -0.4665832203971106], [0.9124004058047148, 0.378471690866026, -0.15583542184113125]], "T": [0.10378859122926126, 0.008627561020518482, 0.0634803146208275], "aligned_model": [[-0.24946586079337113, 0.47304976591562004, 0.11606788268472168, -0.45659182032295503, -0.3504953448833746, -0.11288227741806794, 0.4370398476159396, -0.5880267985061882, -0.24894668210764137, -0.19801566551428113, 0.6555594674184613, 0.6719631862014808, 0.23395449011904862, 0.03659972164331131], [0.09932945507353552, 0.0448071841708326, -0.37925579564565454, 0.5250277061761617, -0.60383231554279, -0.5888828516616267, -0.6230824815284584, -0.19692963580024683, 0.47209069380838226, -0.1639758396660549, -0.05591162119896109, 0.5182100594550063, -0.43171257388890794, 0.04761465459927003], [-0.5529260344881799, -0.35964184417221917, -0.7242600286419952, -0.15741375549338332, -0.4062535193177817, 0.22509725500450278, -0.04057597828432696, -0.006256190772279804, 0.4917502239541848, 0.640888173862813, 0.2413397238301867, 0.20493835308266356, 0.6566057297396796, 0.0006042547532327663]], "inverted": false, "swapped": true, "error_lsq": 0.042970138458422735, "error_max": 0.2922125257256764, "target": "153.xyz", "model": "3.xyz", "model_rescale": 3.9243930471874484, "target_rescale": 4.298971129906878},
{"mapping": [8, 11, 7, 6, 1, 14, 12, 9, 0, 5, 3, 15, 16], "R": [[0.7097745540908029, 0.5382334085405461, 0.4544500855935968], [-0.6327574633381666, 0.20362208421235134, 0.7470984134709878], [0.30957725199867436, -0.8178281266573336, 0.4850969802968326]], "T": [-0.005924975121563238, 0.06627695552657598, -0.053291913905250995], "aligned_model": [[0.03170333464814425, -0.31248672766032254, 0.586654092276323, 0.2629882898022258, 0.5561965338975574, -0.3965341378236736, -0.14143772186420178, 0.23341555201150105, 0.1926180880926739, -0.29617786257948964, 0.07915066599588913, -0.523349180400083, 0.004464959914808567], [-0.537926523536914, 0.036748873596098186, -0.38344249213845083, -0.5970760312127673, 0.0924702743661068, -0.5052740657938626, -0.5446250936756085, 0.3065199499407129, 0.6130869873212327, 0.6160956883770662, 0.03693985232955371, 0.022160565026485862, -0.027848430918065548], [-0.7133321671838271, -0.632284986627911, -0.5199198117583583, -0.0283760632769655, -0.05862676816509636, -0.2688826995728794, 0.43448312392536564, -0.6904269902746882, -0.09606826805906978, 0.1531295526966409, 0.779066109800848, 0.4496606679860621, -0.02135138411915724]], "inverted": true, "swapped": true, "error_lsq": 0.03971760875089089, "error_max": 0.23495709633513784, "target": "153.xyz", "model": "4.xyz", "model_rescale": 3.8936222436046832, "target_rescale": 4.298971129906878},
{"mapping": [12, 15, 2, 6, 4, 5, 13, 9, 8, 14, 1, 16], "R": [[-0.39709976358885235, -0.48467717543672995, 0.7793585910018256], [-0.2227410783090521, -0.7728980194219869, -0.594150707823605], [0.8903359982564999, -0.409532278562073, 0.19896010410220033]], "T": [-0.1342495211947649, 0.04494166538605164, 0.06375899618351372], "aligned_model": [[-0.028679696388340087, -0.527067732048089, -0.1296945965741134, 0.387673288555117, -0.7890456261684835, -0.7274863673688254, -0.2790390481199201, 0.14943966785184704, 0.746859996404198, 0.352560366579118, -0.0440384899115919, -0.08393372059581926], [-0.4847602141804877, -0.5504003207158675, 0.23488778306291674, -0.04027592124750702, 0.3674561959954736, -0.003716162575976692, -0.412978396329624, 0.5327232146263506, -0.019967997939284346, -0.48860426881037583, 0.53295670848525, 0.0016022847389394052], [-0.5174126107053969, -0.054127120709944604, -0.7030778356410008, -0.419259504778562, -0.20031203249074586, 0.33736392973649243, 0.5366467092852667, 0.5137937660319134, 0.21060457276010433, 0.1275582445498256, -0.20156802669099544, -0.010925372071438594]], "inverted": false, "swapped": true, "error_lsq": 0.04191537666053402, "error_max": 0.21264531999359312, "target": "153.xyz", "model": "5.xyz", "model_rescale": 3.6523030999806103, "target_rescale": 4.298971129906878},
{"mapping": [8, 11, 9, 7, 1, 14, 5, 6, 15, 3, 4, 2, 16], "R": [[-0.7215434970376382, -0.6716233047539657, -0.16821747350991212], [0.4509448104267626, -0.2715040899408776, -0.8502554363804722], [0.5253796340094156, -0.6893530776436252, 0.4987670543564351]], "T": [-0.03504466369561754, 0.05652117849914936, 0.06292550164430778], "aligned_model": [[0.27924466615695615, -0.17912105755229732, 0.3013575431499492, 0.7292465677470309, 0.4952283723601353, -0.24252737285149462, -0.4679694776621095, 0.34313133351302383, -0.6409393542273604, -0.1518643914428306, 0.007367866898369352, 0.4226321588679719, -0.014703950293049776], [-0.5586315479009929, -0.0668453444849503, 0.30943937443339037, -0.2801453551885715, 0.20124029743289187, -0.5951692950533831, 0.5418809932257326, -0.5324102608790279, -0.07090748169859717, 0.08826044057875512, 0.6290117929110762, -0.09339625160263346, -0.031500457610506995], [0.6329607725704927, 0.6907054692627597, 0.649276617639233, 0.334317628309159, -0.05774771564516375, 0.3037074089925948, -0.015554784069452973, -0.08911068986188724, -0.3102888125180155, -0.765485133496967, -0.4595328635743181, -0.5633297912205479, 0.020191633093902497]], "inverted": false, "swapped": true, "error_lsq": 0.04312807064885395, "error_max": 0.2496359668643721, "target": "153.xyz", "model": "6.xyz", "model_rescale": 4.08911054899281, "target_rescale": 4.298971129906878},
{"mapping": [10, 11, 13, 0, 4, 3, 5, 15, 1, 9, 2, 6, 12, 14, 16], "R": [[0.44357477792485267, 0.5016854239420583, 0.7426662452225733], [-0.4917944338429314, 0.8289988185761985, -0.2662690249360185], [-0.7492527285435994, -0.24712890199922963, 0.6144490658847379]], "T": [-0.018985025227977466, -0.11512331053520938, 0.0064878424639041865], "aligned_model": [[0.21027368361680815, 0.3254316933865922, 0.5422574378522831, -0.40415804422168766, -0.5117140270811745, -0.15907504482429458, 0.023805494698965583, 0.4309674467866267, -0.5468586485798355, -0.2745362355605597, -0.453096689877714, -0.019561164123215576, 0.2933248465536568, 0.5752077238402787, 0.0040650673328248114], [-0.6260743591020911, -0.6696251253902946, -0.277037738846735, -0.305108951399112, 0.25495423725593114, 0.6937119384672716, -0.07854553630055977, 0.36745219603623125, -0.11418316960913524, -0.7881949683181428, 0.4488798696888677, 0.10164282646803743, 0.5213095508426068, -0.17064509486485333, -0.05777685875890915], [-0.4925209992342914, 0.06965314357254443, -0.32976830212182484, -0.3882241753430815, -0.465495005827958, -0.1580683374384601, -0.646189901435395, -0.28897622833873493, 0.2015357735684317, 0.05757416373074641, 0.34939668882636576, 0.6891183710759591, 0.3627254916898205, 0.41828607369326043, 0.08502327566469832]], "inverted": false, "swapped": true, "error_lsq": 0.04153603866660626, "error_max": 0.26920626310555446, "target": "153.xyz", "model": "7.xyz", "model_rescale": 3.964800864290218, "target_rescale": 4.298971129906878},
{"mapping": [11, 14, 13, 9, 5, 7, 0, 12, 6, 2, 1, 4, 3, 16], "R": [[-0.12149416477552943, 0.9631907399260782, 0.2397973445352363], [0.5271229862298352, 0.26731455532729687, -0.8066500392972845], [-0.8410591687352547, 0.02839941955082681, -0.5401971377705908]], "T": [0.0062841125021349115, 0.027862842872747387, -0.022273022541114962], "aligned_model": [[-0.22497710738002985, 0.32324129097838494, 0.21845523127490019, -0.6836015151412123, 0.06111011281823968, -0.4418996491004813, -0.3787322866170386, 0.7016794491097075, 0.17836225966732688, 0.19074927699591598, -0.3135416755056332, 0.0008150852647133694, 0.563660456929036, 0.06586696016704348], [-0.21040669770642662, -0.5132667628705713, 0.19113159507663063, -0.08117643852521451, 0.6488392082425046, -0.6668762053516605, 0.46084044340592195, -0.2723765168802575, -0.5866449731087588, -0.09992464108589817, -0.036548556518650424, 0.6588400343055176, 0.3609552536203566, -0.0424372764222911], [-0.5878089349408124, -0.38619934973457376, -0.6408231903884809, -0.2042344077772518, -0.22361765963523428, 0.2737136300111048, 0.045129834537044944, 0.21388615779996134, 0.3029062880651167, 0.7352109466841574, 0.4362657200721875, 0.4297722665182227, 0.5062148832231624, 0.016398854290416404]], "inverted": false, "swapped": true, "error_lsq": 0.0443761755669093, "error_max": 0.2942969991547552, "target": "153.xyz", "model": "8.xyz", "model_rescale": 4.121658175737393, "target_rescale": 4.298971129906878},
{"mapping": [7, 1, 9, 11, 2, 12, 4, 15, 5, 3, 14, 13, 16], "R": [[-0.9318788550675386, 0.019959453578114655, 0.3622201260157651], [-0.34981696964827125, 0.21498792826293273, -0.9118159235543722], [-0.096072302065237, -0.9764127257026485, -0.19336054887647242]], "T": [0.016499350867457817, 0.022095966627703918, -0.11280898637257142], "aligned_model": [[-0.6000006574909003, -0.23340265776452282, 0.1900668276783548, 0.21473580571880826, -0.5692829887481297, -0.5086256437768093, 0.24253767669748724, 0.16494140777818161, 0.6061592712085544, -0.15766778559346112, -0.25981403743112524, 0.4611202293838905, -0.0740299512251314], [0.22408362053849576, -0.292381053954832, 0.25406418840583295, 0.6226593849514218, -0.5064342651068511, -0.003932573768765706, -0.720159673566617, -0.041904962988104304, -0.1978763074709524, -0.6168857086946552, 0.6301708614380552, 0.4066088747314761, 0.03237505489720614], [-0.7046433003007638, -0.5069515127903246, -0.7738738583119934, -0.2863338622326499, -0.07214147675397856, 0.4813759687251744, -0.09112236414303435, 0.5918215554707611, 0.06904418658917699, 0.3993302887691579, 0.1693634938100328, 0.21694801070309355, -0.07174169557556385]], "inverted": true, "swapped": true, "error_lsq": 0.03886464473221933, "error_max": 0.2554927379419546, "target": "153.xyz", "model": "9.xyz", "model_rescale": 3.833441315466971, "target_rescale": 4.298971129906878},
{"mapping": [14, 12, 5, 4, 3, 15, 2, 1, 9, 0, 8, 7, 6, 13, 16], "R": [[-0.4673459986401184, -0.640120583779228, 0.6097813999928261], [-0.20048054974563428, -0.5950359174734031, -0.7782928793778561], [0.8610431271015169, -0.4859813732425616, 0.14975592853879072]], "T": [-0.09449966500681739, 0.023553911353420838, 0.18416430052051697], "aligned_model": [[0.2499404874328287, -0.09832150848663193, -0.6910114811580798, -0.645451321192391, -0.6038622710471298, -0.6129331290313561, -0.020129739628073157, 0.11719410586378634, 0.2816832553843383, -0.3259336002801049, 0.7409777334379667, 0.7360672860057754, 0.40792535272696673, -0.35884559321698645, -0.05345455851637636], [-0.6142272203933796, -0.46173546412178557, 0.09349337646666361, 0.5153021890787811, 0.03696439487480319, -0.44785084252500545, 0.27489446320432576, 0.4977230707655447, 0.3872036853325801, 0.5024640036248832, -0.26257417857950555, 0.2702613477336637, -0.14005236520017503, -0.42710328960830723, -0.02366163135810844], [0.20209985736130892, -0.4435052951610983, 0.44577340578379776, -0.054881664993578605, -0.4801310437827571, 0.0062888802108518604, -0.5611115160708406, -0.03273313413632878, 0.6813432845137872, 0.4236091426468785, 0.3332921067669309, 0.041219876000254535, -0.2993379399168831, 0.60996577620085, 0.1062301723989194]], "inverted": false, "swapped": true, "error_lsq": 0.04078820905830966, "error_max": 0.2984665500457497, "target": "153.xyz", "model": "10.xyz", "model_rescale": 4.2482417240324, "target_rescale": 4.298971129906878},
{"mapping": [14, 15, 3, 5, 7, 1, 6, 0, 13, 9, 11, 16], "R": [[0.24847856126272105, 0.14810629197343667, -0.9572475807599033], [-0.4042744837859476, -0.8821970211781526, -0.24143437531552941], [-0.8802389143592858, 0.44698203778482365, -0.15933145183959369]], "T": [0.039476632611720734, 0.054883497679154805, -0.018199090646785987], "aligned_model": [[-0.6214362765921384, 0.1655134414602332, 0.45329578476401705, 0.5555882361702996, -0.47056047690888947, 0.15941125728489364, -0.45842621814404505, 0.5137881533028757, -0.024633001327155853, -0.0393776715238656, -0.3347021790871398, -0.02169544703607843], [-0.24177228027737374, -0.6416653893878483, -0.27290697247374857, -0.2396967349807022, 0.7480631269158708, 0.5500535607469362, 0.2081762152415219, 0.30538993178614887, -0.4442587075532999, 0.5938235644167732, 0.06210121664650074, 0.038823858969860334], [-0.04844724227236284, 0.12866729247408049, 0.6315897419383505, -0.2938954793487695, 0.15645278109871064, 0.22079345310655163, 0.4732949811711114, -0.24738347734688654, -0.46655675259025026, -0.49176776889508034, -0.5567370330533477, 0.05918179357224916]], "inverted": false, "swapped": true, "error_lsq": 0.046427776037958196, "error_max": 0.27588245781851345, "target": "153.xyz", "model": "11.xyz", "model_rescale": 3.6694154284099745, "target_rescale": 4.298971129906878},
{"mapping": [4, 5, 13, 10, 0, 2, 1, 6, 11, 8, 14, 9, 15, 16], "R": [[0.4350721672698181, -0.8663586586191699, -0.24522415032524014], [0.7760345416142443, 0.2226936698325876, 0.5900660298967091], [-0.45659894819054614, -0.4470237175498488, 0.7692120620863924]], "T": [-0.0015597985183099863, 0.002496575282308851, -0.045348815846506796], "aligned_model": [[0.010353144913228966, 0.11996167568835212, -0.010752667098429147, 0.4752373982813704, 0.42999412223904016, -0.39655113158761846, 0.17011265123893998, -0.3684537580161724, 0.3165886129300191, 0.10298732663762514, -0.31335085791088707, 0.6767956323392109, -0.532997145372351, -0.08166015402651897], [-0.43986982354840465, 0.20658251259008908, 0.6537927099252097, 0.5251342755951997, -0.16651365096204576, -0.6793457539513553, -0.5232735181620153, -0.26176938033908426, 0.4895415064048058, 0.1915236737345296, 0.44067376010560616, -0.0016335290010060961, 0.31485855778296334, -0.018714052038238088], [-0.6830612280609731, -0.655872084072135, -0.21857241527218937, -0.29465710099035924, -0.3995339823911402, 0.01132469178108192, 0.05852380016766434, 0.5101011421731181, 0.2573949988941789, 0.8238286829585191, 0.44097675905908024, 0.20114366172311146, -0.42302553210923965, 0.010524065791698317]], "inverted": false, "swapped": true, "error_lsq": 0.04146593385235676, "error_max": 0.2537745866614759, "target": "153.xyz", "model": "12.xyz", "model_rescale": 3.9764082729961374, "target_rescale": 4.298971129906878},
{"mapping": [11, 0, 10, 15, 14, 8, 6, 13, 5, 9, 4, 3, 1, 2, 12, 16], "R": [[-0.7959604655668525, -0.4464023668822812, 0.40886656025712953], [-0.0018725657777167448, 0.6772357774702323, 0.7357636816340544], [-0.6053457117647798, 0.5848731730522331, -0.5398888225290509]], "T": [-0.0589605654396159, -0.024608288988024755, -0.011818557140463681], "aligned_model": [[-0.04409489247768209, -0.3151479444866159, -0.5549433039023357, -0.5072146155636944, 0.17793293210165487, 0.6075342795889795, 0.5761397055326992, -0.5203293701044862, -0.6990727518290617, 0.11872098390274957, -0.40876281814374754, -0.24905839819472375, 0.2721028128865487, 0.3388498624064261, 0.14123182017878358, 0.004952011913899525], [0.09520605338407728, -0.5481793009893282, -0.151644744841283, 0.46605290521397735, 0.5989452140622801, 0.23492835423133757, 0.2496324341869674, 0.31674709006553853, -0.16006924230855837, -0.4828834484979185, -0.46028576548609695, 0.100665703398998, -0.4358109911169627, -0.10416379114769357, 0.5870393479869412, 0.039284299200966544], [-0.6564180677920662, -0.0339950651031393, -0.5600002931888414, 0.27270782617332967, -0.2960508116092742, -0.5508512297432763, 0.17368616043798418, -0.36522046786649726, 0.020799206520984596, -0.5403588441888312, 0.5270047814441201, 0.7938412040346172, 0.18312891993185737, 0.6660876216000345, 0.4521854112727132, 0.030850590928982853]], "inverted": false, "swapped": true, "error_lsq": 0.039317426596417474, "error_max": 0.21796244779451984, "target": "153.xyz", "model": "13.xyz", "model_rescale": 4.170626492500431, "target_rescale": 4.298971129906878},
{"mapping": [6, 7, 2, 1, 12, 5, 4, 8, 14, 9, 11, 0, 13, 16], "R": [[-0.05203208245322416, -0.20553593409702378, -0.9772653898457906], [-0.49520692576766534, -0.8444900637402459, 0.2039770401680884], [-0.867215522847302, 0.49456193953726346, -0.05784224143151162]], "T": [-0.06270164717403494, 0.14591383902532962, 0.10712038355914918], "aligned_model": [[0.26040924163154544, 0.06933809304205295, -0.32252551910250205, -0.41293496035361443, 0.31185562206815465, -0.36378979020087254, -0.7662498864576693, 0.5741539645429868, 0.6602503681389174, -0.17665252310899565, 0.3269900058614974, -0.5705124451255305, 0.2624249275102327, -0.009574076354559494], [-0.2249336254476298, -0.7058150180014584, -0.021251117254961704, -0.25075849540028455, 0.37347423867600726, 0.6458271925228406, 0.4254035494112016, -0.4784081457582091, 0.11945457889334865, -0.359637802761422, -0.012492502842504832, 0.13771257415610239, 0.5763252216482482, 0.13117382008438758], [-0.41349832558388133, -0.060994425106254496, -0.6199878852491351, -0.08440723054473095, -0.5542513896127031, 0.40476071797063584, -0.06438018937683246, 0.1893873811771377, 0.05848124363794516, 0.6094891974738548, 0.6102434703017882, 0.39401985730364575, 0.51124453697516, 0.023766141754236997]], "inverted": true, "swapped": true, "error_lsq": 0.039527020670647, "error_max": 0.25901038812949756, "target": "153.xyz", "model": "14.xyz", "model_rescale": 3.9786697098870705, "target_rescale": 4.298971129906878},
{"mapping": [2, 0, 6, 12, 7, 8, 5, 11, 14, 15, 9, 16], "R": [[-0.4083060189755243, 0.4026581203213912, 0.819239057301105], [0.03046747553368226, -0.8909455448489128, 0.45308693321312954], [0.9123365211384249, 0.2099582678846405, 0.35151045211190857]], "T": [-0.11022622009608785, -0.09604589570508351, 0.0168839371573527], "aligned_model": [[0.03846530277175772, -0.6929108261998498, 0.4425395358155556, 0.540581710010076, 0.11357126366092021, 0.41548017003393745, -0.5349902851407269, -0.024127156516242476, 0.5384301191817283, 0.11593565085955759, -0.4477929155836561, -0.02182797212572149], [-0.3838751403272096, -0.08039150491944155, 0.03926983819275348, -0.513231983311156, 0.5622274888387543, 0.6289278719346276, -0.4426832311676777, 0.38536408803797273, 0.09078775764862321, -0.702120423599843, 0.5414509370520759, -0.11105120815504016], [-0.7036604116297082, -0.005115270903240075, -0.41798615830982205, -0.16170585034095653, -0.5195207284136396, 0.003591180959442216, 0.37545784342383637, 0.4538237188277108, 0.28157926071497674, 0.33962197103775693, 0.041136857721412984, -0.027255919213939137]], "inverted": false, "swapped": true, "error_lsq": 0.04752677878577748, "error_max": 0.2598363695956037, "target": "153.xyz", "model": "15.xyz", "model_rescale": 3.769337070930944, "target_rescale": 4.298971129906878},
{"mapping": [6, 9, 12, 14, 2, 1, 3, 0, 15, 13, 16], "R": [[-0.2525687700958747, 0.26164636143542924, -0.9315311041075646], [-0.23503953212079273, 0.9173171287937087, 0.32138093216945146], [0.9385975893388477, 0.3001174216357115, -0.17018842063441497]], "T": [-0.047541030536577815, -0.09005009264101735, 0.06886795748285457], "aligned_model": [[-0.2251274244018884, -0.29508052387859823, -0.042162567936060595, -0.6643011034540195, 0.42316625822581405, 0.22071044652598815, 0.5968987046747043, 0.27634238308474196, 0.0664479178343462, -0.3698414350805204, -0.06442652490333674], [0.18122013273286383, -0.7665482507441317, 0.6510642903512939, 0.27986900965400563, 0.14801140127872414, -0.37454544332180517, 0.44184039772009376, -0.5272378229691626, 0.5155678030371146, 0.0663007837553358, -0.019477803868990146], [-0.5697617209850577, 0.02396660836322955, -0.21434582968472488, -0.023285962868815346, -0.5192649994411147, -0.3358525411560254, 0.01682620590116063, 0.27914586437748085, 0.44684791440343596, 0.6397921485208661, 0.00014991979334227912]], "inverted": false, "swapped": true, "error_lsq": 0.04089342760664822, "error_max": 0.20411627195643378, "target": "153.xyz", "model": "16.xyz", "model_rescale": 3.7852294659196426, "target_rescale": 4.298971129906878},
{"mapping": [15, 4, 2, 3, 5, 0, 9, 1, 12, 14, 11, 6, 16], "R": [[0.6830426902122817, -0.308415891600037, -0.662066704461207], [-0.34302176498269155, 0.6648206769140466, -0.6635883786623362], [0.6448168360827189, 0.6803624808556858, 0.34830754018276533]], "T": [-0.06626246398187334, 0.19093258832721438, -0.011256110872816735], "aligned_model": [[0.039799199669252217, -0.4793702918551433, 0.30773133588201146, 0.08292276098309999, -0.5861646952625447, -0.6099383826068262, -0.3905265237318068, -0.08286545209311842, 0.6053917842493559, 0.46163181052491237, -0.12505492545178581, 0.598583991720131, 0.03162523818874541], [-0.19465013002353054, -0.44299903609789526, -0.3418883902774754, -0.6296789935830842, -0.03414474915698337, 0.11695221430535468, 0.7308602787358605, 0.08712916890826314, -0.1701517265977358, 0.5554982046507354, 0.8152244904134001, 0.21146444143540888, 0.1714398509905563], [-0.6135120818376616, 0.161890323776069, 0.43637034502940675, -0.08377376562177281, -0.3401923685360029, 0.18671806689630105, 0.34126707775194537, 0.5415949833889632, -0.23031818912449387, -0.34910966074564403, -0.2033187607214455, 0.2543186658454112, -0.006179938957901785]], "inverted": true, "swapped": true, "error_lsq": 0.036852052061658085, "error_max": 0.2037177845565816, "target": "153.xyz", "model": "17.xyz", "model_rescale": 3.901054581598922, "target_rescale": 4.298971129906878},
{"mapping": [8, 6, 9, 11, 2, 0, 12, 14, 1, 5, 3, 15, 13, 10, 16], "R": [[0.20047808558123426, 0.6684902230685388, 0.7161908676208175], [0.9616353856518702, -0.2740018033505571, -0.013431188436705876], [0.187258971117175, 0.6914071401297637, -0.6977752104465442]], "T": [-0.04002249034458827, 0.050679240636871625, 0.015376497225798069], "aligned_model": [[0.1671499736810984, 0.1019349695319659, -0.4562959675174071, 0.15030005706501204, -0.2629761834972413, -0.507846283026018, 0.47159125198820273, 0.5647625790812932, -0.5202078526505793, -0.07077457148051641, 0.01976047033899081, 0.4812141581289676, 0.4118285545650858, -0.01835238483548101, 0.006997439715661316], [-0.036544872636907075, -0.5517095377221066, 0.41437235505552444, 0.4912667576808604, -0.6899956518533488, 0.3364176570863087, -0.5409128475805605, -0.017017081839762707, -0.22625128135622785, 0.4685972083793344, -0.44299523340493474, 0.03547264428116118, 0.5423871548404101, 0.8004143914600872, -0.03474431256273258], [-0.8515735555279498, -0.34510674506583067, -0.4487198295864322, -0.43155186591027495, 0.17609785842481726, 0.21473755576680278, 0.1486419676020258, -0.3788032873227465, -0.08171441552833161, 0.5189200219472244, 0.6888970397892101, 0.51609246408259, 0.10665376468679275, 0.023620516455718332, -0.006525084961640127]], "inverted": false, "swapped": true, "error_lsq": 0.030853188326786494, "error_max": 0.2144720207900982, "target": "153.xyz", "model": "18.xyz", "model_rescale": 3.9405287249114394, "target_rescale": 4.298971129906878},
{"mapping": [9, 1, 4, 2, 8, 5, 0, 11, 10, 13, 3, 15, 6, 14, 12, 16], "R": [[-0.07272956443980189, -0.7662442623514832, 0.638420034828034], [-0.782150823545468, -0.3533543546032961, -0.5132063808157827], [0.6188299440747376, -0.536666032553132, -0.5736192725319973]], "T": [0.06397097333312501, -0.018942371943584436, -0.11004517153068392], "aligned_model": [[-0.47173065571663314, -0.02905079693724197, 0.6772772303178618, 0.3047456499783945, -0.7674593286367317, 0.5048448996977164, 0.19100839750945028, -0.4226554099214813, -0.024912819129591868, 0.12104237039039356, 0.7990489793702109, 0.5973835739421889, -0.2034497014264967, -0.2748484644442282, 0.30910880721090583, 0.05681236576666946], [-0.1148820423949904, -0.5669005161660325, -0.3805789498943679, -0.6635399915680729, 0.053741769825788835, 0.2451121922707234, -0.18296034665305344, 0.3968994328883208, 0.4839603302501723, 0.6465439005904666, -0.27158060563035624, 0.3839953578067943, -0.313359574634347, 0.3842643129118463, -0.009075893938337538, -0.03928724668691827], [-0.5841348614637213, -0.1982719472838197, -0.4192077345286469, 0.27810488381168164, 0.21487256922558706, -0.5163240999955001, -0.6552148443182549, -0.25271734988946754, -0.6594347393870555, -0.20031396978440325, 0.2010057212242331, 0.16517755137766987, 0.4855864446141992, 0.3883033337306412, 0.6444742787111926, -0.012461479369457434]], "inverted": true, "swapped": true, "error_lsq": 0.03985192313054997, "error_max": 0.2868200394085439, "target": "153.xyz", "model": "19.xyz", "model_rescale": 4.410303926677745, "target_rescale": 4.298971129906878},
{"mapping": [11, 14, 13, 9, 5, 7, 0, 12, 6, 2, 1, 4, 3, 16], "R": [[-0.12149416477552943, 0.9631907399260782, 0.2397973445352363], [0.5271229862298352, 0.26731455532729687, -0.8066500392972845], [-0.8410591687352547, 0.02839941955082681, -0.5401971377705908]], "T": [0.0062841125021349115, 0.027862842872747387, -0.022273022541114962], "aligned_model": [[-0.22497710738002985, 0.32324129097838494, 0.21845523127490019, -0.6836015151412123, 0.06111011281823968, -0.4418996491004813, -0.3787322866170386, 0.7016794491097075, 0.17836225966732688, 0.19074927699591598, -0.3135416755056332, 0.0008150852647133694, 0.563660456929036, 0.06586696016704348], [-0.21040669770642662, -0.5132667628705713, 0.19113159507663063, -0.08117643852521451, 0.6488392082425046, -0.6668762053516605, 0.46084044340592195, -0.2723765168802575, -0.5866449731087588, -0.09992464108589817, -0.036548556518650424, 0.6588400343055176, 0.3609552536203566, -0.0424372764222911], [-0.5878089349408124, -0.38619934973457376, -0.6408231903884809, -0.2042344077772518, -0.22361765963523428, 0.2737136300111048, 0.045129834537044944, 0.21388615779996134, 0.3029062880651167, 0.7352109466841574, 0.4362657200721875, 0.4297722665182227, 0.5062148832231624, 0.016398854290416404]], "inverted": false, "swapped": true, "error_lsq": 0.0443761755669093, "error_max": 0.2942969991547552, "target": "153.xyz", "model": "20.xyz", "model_rescale": 4.121658175737393, "target_rescale": 4.298971129906878},
{"mapping": [8, 11, 9, 7, 1, 14, 5, 6, 15, 3, 4, 2, 16], "R": [[-0.7215434970376382, -0.6716233047539657, -0.16821747350991212], [0.4509448104267626, -0.2715040899408776, -0.8502554363804722], [0.5253796340094156, -0.6893530776436252, 0.4987670543564351]], "T": [-0.03504466369561754, 0.05652117849914936, 0.06292550164430778], "aligned_model": [[0.27924466615695615, -0.17912105755229732, 0.3013575431499492, 0.7292465677470309, 0.4952283723601353, -0.24252737285149462, -0.4679694776621095, 0.34313133351302383, -0.6409393542273604, -0.1518643914428306, 0.007367866898369352, 0.4226321588679719, -0.014703950293049776], [-0.5586315479009929, -0.0668453444849503, 0.30943937443339037, -0.2801453551885715, 0.20124029743289187, -0.5951692950533831, 0.5418809932257326, -0.5324102608790279, -0.07090748169859717, 0.08826044057875512, 0.6290117929110762, -0.09339625160263346, -0.031500457610506995], [0.6329607725704927, 0.6907054692627597, 0.649276617639233, 0.334317628309159, -0.05774771564516375, 0.3037074089925948, -0.015554784069452973, -0.08911068986188724, -0.3102888125180155, -0.765485133496967, -0.4595328635743181, -0.5633297912205479, 0.020191633093902497]], "inverted": false, "swapped": true, "error_lsq": 0.04312807064885395, "error_max": 0.2496359668643721, "target": "153.xyz", "model": "21.xyz", "model_rescale": 4.08911054899281, "target_rescale": 4.298971129906878},
{"mapping": [4, 2, 15, 14, 3, 13, 11, 1, 8, 0, 7, 6, 9, 7, 5, 12, 16], "R": [[-0.525593514117736, 0.12566321229900276, 0.8414037170063281], [-0.6804863179767412, -0.6556764363610353, -0.32714947936279926], [0.5105779362289625, -0.7445113618176616, 0.4301313789536686]], "T": [-0.08086224233522811, 0.022022883171921206, 0.08238460280278498], "aligned_model": [[0.0977201953172004, -0.44895550168357773, -0.7762083760924664, -0.2710795213462608, -0.017441287369440353, 0.3925767601025312, -0.718754251712868, -0.4910228872595449, -0.24405360775170581, 0.3546505994431276, 0.6263358142450117, 0.36355890000660895, -0.19715769951336326, 0.6263358142450117, -0.18473035994192136, 0.28062810825932993, -0.046268441484289706], [-0.3169997430887137, -0.31659550012021903, 0.09194568944035812, 0.5064565567868918, 0.26315202366508905, 0.1440552337766554, -0.07315005441482848, -0.655174990962874, -0.3480744156308037, -0.6099271729514685, 0.06233055688280455, -0.3315655884739674, 0.6852640991150974, 0.06233055688280455, 0.32098867808840975, 0.637347488150583, 0.0010746578125690534], [-0.5002509245324585, -0.43828686011042145, -0.12524866362285503, -0.293067109912188, -0.7495488941612038, -0.3622428619414216, 0.4946089671745589, 0.13868438866935684, 0.6455529486217819, -0.022720532138662847, 0.1459643811806818, 0.5651155522042812, 0.31505189246006393, 0.1459643811806818, 0.7129081325484734, -0.10648006559488626, 0.05728298473961234]], "inverted": true, "swapped": false, "error_lsq": 0.04465137722061021, "error_max": 0.30461700826578986, "target": "153.xyz", "model": "22.xyz", "model_rescale": 4.204369325754507, "target_rescale": 4.298971129906878},
{"mapping": [9, 1, 4, 2, 8, 5, 0, 11, 10, 13, 3, 15, 6, 14, 12, 16], "R": [[-0.07272956443980189, -0.7662442623514832, 0.638420034828034], [-0.782150823545468, -0.3533543546032961, -0.5132063808157827], [0.6188299440747376, -0.536666032553132, -0.5736192725319973]], "T": [0.06397097333312501, -0.018942371943584436, -0.11004517153068392], "aligned_model": [[-0.47173065571663314, -0.02905079693724197, 0.6772772303178618, 0.3047456499783945, -0.7674593286367317, 0.5048448996977164, 0.19100839750945028, -0.4226554099214813, -0.024912819129591868, 0.12104237039039356, 0.7990489793702109, 0.5973835739421889, -0.2034497014264967, -0.2748484644442282, 0.30910880721090583, 0.05681236576666946], [-0.1148820423949904, -0.5669005161660325, -0.3805789498943679, -0.6635399915680729, 0.053741769825788835, 0.2451121922707234, -0.18296034665305344, 0.3968994328883208, 0.4839603302501723, 0.6465439005904666, -0.27158060563035624, 0.3839953578067943, -0.313359574634347, 0.3842643129118463, -0.009075893938337538, -0.03928724668691827], [-0.5841348614637213, -0.1982719472838197, -0.4192077345286469, 0.27810488381168164, 0.21487256922558706, -0.5163240999955001, -0.6552148443182549, -0.25271734988946754, -0.6594347393870555, -0.20031396978440325, 0.2010057212242331, 0.16517755137766987, 0.4855864446141992, 0.3883033337306412, 0.6444742787111926, -0.012461479369457434]], "inverted": true, "swapped": true, "error_lsq": 0.03985192313054997, "error_max": 0.2868200394085439, "target": "153.xyz", "model": "23.xyz", "model_rescale": 4.410303926677745, "target_rescale": 4.298971129906878},
{"mapping": [5, 4, 3, 0, 2, 12, 10, 8, 9, 15, 6, 14, 1, 13, 11, 7, 16], "R": [[0.3100090080234951, -0.9116699114265481, -0.26972650508208984], [-0.3089768106692789, -0.36491318002323436, 0.8782776904339374], [-0.8991261009518794, -0.188934760287356, -0.39481123456942074]], "T": [-3.758747562412901e-05, 0.007981417595226728, 0.1229573538136976], "aligned_model": [[0.15047898071929988, -0.4525366307393066, -0.7327027986706252, -0.0430356528403287, -0.3689578380991819, 0.49705993153529626, -0.5921530477723149, -0.5117900614515281, -0.14470811006880177, 0.2505430528500662, 0.6994978704661476, 0.4369594956661541, -0.5027685413696973, 0.6589972874454678, -0.06859514601621554, 0.16236797241521364, -0.09252250660626299], [-0.28430766178838984, -0.2967046429600955, 0.28687520128850397, 0.501518206358049, 0.10528255485343767, 0.2717729871087905, -0.10864535060740445, -0.6353031518743953, -0.42105190193813397, -0.6579363416819706, -0.23605368049255657, -0.2247015528335266, 0.6876133674528859, 0.2327673569971447, 0.18885452682440904, 0.6473724359929623, 0.06610572225867756], [-0.41324586344617037, -0.2969180959805013, -0.3182579341760694, -0.4470938856365306, -0.706092879010882, -0.451049527007827, 0.3670504198599551, 0.12397485874168979, 0.555878633322093, 0.17842871045794093, -0.047322133333988964, 0.5845222729883086, 0.2702575584970876, 0.21955413902974302, 0.7257062784377772, 0.20502108752809683, 0.07287407649467226]], "inverted": true, "swapped": false, "error_lsq": 0.04066485840505025, "error_max": 0.33328445876715634, "target": "153.xyz", "model": "24.xyz", "model_rescale": 4.28219845311461, "target_rescale": 4.298971129906878},
{"mapping": [2, 6, 4, 7, 1, 14, 3, 9, 12, 11, 15, 13, 10, 0, 5, 16], "R": [[0.2984167367390522, -0.8502368762581005, -0.4336412174654095], [0.09743783111870477, 0.4791084337464997, -0.8723307731473529], [0.9494489561323968, 0.21806504296618334, 0.22581921250252077]], "T": [-0.027374188683643823, 0.00036884095648724927, 0.011612622871989149], "aligned_model": [[-0.2710335857901599, -0.37767256855879994, 0.13595069885050276, 0.19601485209108782, 0.242628171866422, -0.4679343196706152, -0.4903992024596908, 0.6112793233923908, -0.7880518225550595, 0.15089472865929174, -0.5771854938232384, -0.1599126414417598, 0.3471641744334787, 0.4603262845689927, 0.10202935421946435, -0.10577718766129707], [0.23705443341113652, -0.3699162885822075, 0.7383925007382802, -0.6016730692793337, 0.0513232005755775, -0.5479105438447116, 0.6414654403787495, -0.33511787906888507, -0.0024180654360751, -0.4935007436623349, 0.33202392120613705, -0.05363674023418823, -0.01729499734429449, 0.3173090488651127, 0.48081717710249416, -0.03180601911122477], [-0.7016538281318084, -0.4915297988933227, -0.1648898656155587, -0.5873715192907597, -0.47950601865665105, 0.18774314836608608, -0.26319894309706526, 0.034240968663420523, -0.21388965263840523, 0.4045477581052303, 0.3437990166862095, 0.6702434261087086, 0.6612658819847091, 0.05574343179784498, 0.43773621870272356, -0.04135420351361497]], "inverted": false, "swapped": true, "error_lsq": 0.03923063610763162, "error_max": 0.25074048770542084, "target": "153.xyz", "model": "25.xyz", "model_rescale": 4.100010024507729, "target_rescale": 4.298971129906878},
{"mapping": [14, 15, 3, 5, 7, 1, 6, 0, 13, 9, 11, 16], "R": [[0.24847856126272105, 0.14810629197343667, -0.9572475807599033], [-0.4042744837859476, -0.8821970211781526, -0.24143437531552941], [-0.8802389143592858, 0.44698203778482365, -0.15933145183959369]], "T": [0.039476632611720734, 0.054883497679154805, -0.018199090646785987], "aligned_model": [[-0.6214362765921384, 0.1655134414602332, 0.45329578476401705, 0.5555882361702996, -0.47056047690888947, 0.15941125728489364, -0.45842621814404505, 0.5137881533028757, -0.024633001327155853, -0.0393776715238656, -0.3347021790871398, -0.02169544703607843], [-0.24177228027737374, -0.6416653893878483, -0.27290697247374857, -0.2396967349807022, 0.7480631269158708, 0.5500535607469362, 0.2081762152415219, 0.30538993178614887, -0.4442587075532999, 0.5938235644167732, 0.06210121664650074, 0.038823858969860334], [-0.04844724227236284, 0.12866729247408049, 0.6315897419383505, -0.2938954793487695, 0.15645278109871064, 0.22079345310655163, 0.4732949811711114, -0.24738347734688654, -0.46655675259025026, -0.49176776889508034, -0.5567370330533477, 0.05918179357224916]], "inverted": false, "swapped": true, "error_lsq": 0.046427776037958196, "error_max": 0.27588245781851345, "target": "153.xyz", "model": "26.xyz", "model_rescale": 3.6694154284099745, "target_rescale": 4.298971129906878},
