[{"mapping": [4, 11, 1, 6, 3, 12, 10, 13, 8, 9, 7, 14], "R": [[-0.6226759655883134, 0.7429324523907783, 0.24561354413648553], [0.6486032501946903, 0.6656407223062719, -0.3691019542680157], [-0.4377081969937795, -0.0705251727556086, -0.8963468827927312]], "T": [-0.06369792748775092, -0.13700237895205558, -0.1342870586785027], "aligned_model": [[-0.2969247009413067, 0.1707318523798657, 0.3986220867112241, -0.10177710433989062, -0.03773653210249352, -0.4816833367009606, 0.27515712442591334, -0.3653594783431373, 0.5021959347025067, 0.2895363755795044, -0.5012494858685452, -0.013870273042131523], [-0.3266023977697555, -0.6506093185639202, -0.1707564365059707, 0.6372804239310127, 0.3140330974687082, -0.6927090226136827, -0.300482157678078, -0.5168297432159055, 0.26458679349308695, 0.3448709148983057, 0.2475883383501234, -0.09681545581686692], [-0.5422804289110821, 0.01232116762524238, -0.5746896240440085, -0.04332829142738645, -0.5719924734013764, 0.006347448541685674, 0.6712585019949564, 0.6212473830807368, -0.1714248348194044, 0.44283281242217615, 0.3915104635706413, -0.059850379278618526]], "inverted": true, "swapped": true, "error_lsq": 0.040807351406440956, "error_max": 0.21976161240720463, "target": "154.xyz", "model": "0.xyz", "model_rescale": 3.751011558992144, "target_rescale": 4.0474171411379025},
{"mapping": [7, 12, 11, 13, 9, 5, 2, 8, 3, 0, 1, 6, 10, 4, 14], "R": [[0.733078343492689, -0.6581149854650296, -0.17169976181806157], [-0.2708133010232968, -0.5140077801633832, 0.8139140973839785], [-0.6239040777963231, -0.5501642189727309, -0.5550342636912109]], "T": [0.056980941843992966, -0.0025809013885308707, 0.11528971503207353], "aligned_model": [[0.5881248651095926, 0.1484879661640695, 0.39258078823878706, -0.5239728896268964, -0.3147839501561276, -0.5441285802727058, -0.5302629458013056, -0.1950042388740569, -0.07353443125951206, 0.2490907760913551, 0.591666401024875, 0.7657746213855515, 0.032569345735871946, 0.27529896813956545, 0.05266666556060461], [-0.36684445967808277, -0.3698972390694836, 0.25617023859083066, -0.29833771945809506, 0.2580507646682373, 0.16279902092736115, -0.46588632954268283, 0.15673789081197276, -0.7391956320050315, -0.6382710332708913, -0.11073233563066906, 0.18697158389130328, 0.797689627605534, 0.5884541631065733, -0.00683795777036679], [-0.04242907483617642, -0.5239913472949348, -0.5608401390535506, -0.20490202215868975, -0.3622577915669095, 0.15274463074475053, 0.46775361198358, 0.7081971642095461, -0.038886695404828475, 0.482027204678719, 0.5489950025808119, -0.04410639670317956, -0.06198098905598065, 0.5933992859899053, 0.06081883350368304]], "inverted": false, "swapped": false, "error_lsq": 0.03772134345360486, "error_max": 0.24037946169541677, "target": "154.xyz", "model": "1.xyz", "model_rescale": 3.9405287249114394, "target_rescale": 4.0474171411379025},
{"mapping": [13, 12, 11, 3, 4, 10, 7, 5, 1, 0, 8, 9, 14], "R": [[0.8780320079494122, -0.24568360568408568, 0.41073027513733423], [0.05083962995697546, -0.8054537002260654, -0.5904741051206035], [0.47589402711334944, 0.5393365393612843, -0.6947236661203017]], "T": [0.09635127820108473, -0.07781163409431488, -0.04880396914120934], "aligned_model": [[-0.36613603669581524, 0.11426773966487369, -0.2893768214565856, 0.5165412876969988, 0.4946162325000119, -0.7503569927218803, 0.08257968496588318, 0.691813426047158, 0.12101817526238072, -0.5824145878241291, -0.12979364554721545, -0.4273155502927432, 0.020540367684993732], [0.6903230203189387, 0.4839546516783476, -0.03036079282513418, -0.4733672115329338, -0.07299873975227827, 0.16035971204178903, 0.44808888224537435, 0.2769777786665424, -0.6748288888520204, -0.4478365243673491, -0.6519077013972655, -0.16364617047430405, -0.08592542217768984], [-0.09544565480364221, -0.48169816097528106, -0.4837817075641133, 0.20153413462088732, -0.36211427438234367, 0.08085538613560227, 0.5334875477240271, 0.2217439098030889, -0.2763902016372737, -0.09923596777862838, 0.27082256304383007, 0.5902963163449719, 0.013046459057519291]], "inverted": true, "swapped": true, "error_lsq": 0.04866922571406651, "error_max": 0.26504052771149944, "target": "154.xyz", "model": "2.xyz", "model_rescale": 3.932901565614263, "target_rescale": 4.0474171411379025},
{"mapping": [11, 13, 10, 12, 0, 8, 9, 1, 4, 3, 7, 5, 6, 14], "R": [[-0.3410434979003146, 0.18419408892689126, 0.9218252926364686], [-0.27481527851038756, 0.9182407321683563, -0.28514999646533307], [-0.8989804754482585, -0.35058022675461004, -0.26254068136483133]], "T": [-0.06600299961198322, 0.017846999078704573, 0.07081049782091793], "aligned_model": [[-0.32517912144203187, 0.46226363003950144, 0.2230214959900962, 0.027764658957638383, -0.3411732652679398, -0.24113091958960226, 0.34034183951548225, -0.6508070592432805, -0.29646895918844385, -0.1850248177516391, 0.7174274187426697, 0.3559989381337998, 0.35846453415768664, -0.025688461001233148], [0.0650452344520237, 0.22349806971435104, -0.41020517093569353, 0.6005832851004109, -0.5667280849740121, -0.6299931308001941, -0.6977426328207944, -0.18909012273042541, 0.4295107299042134, -0.10906474592199128, -0.010012662587046611, 0.4210278400527177, -0.3973617639659481, -0.06597020613712248], [-0.4496157184450919, -0.6254242440123375, -0.6528525558638532, -0.322795635141806, -0.3566683938131418, 0.25114995237614557, -0.04258721045082929, 0.22577756195688087, 0.2557967117512845, 0.675310490298823, 0.10665794303433697, 0.5323366896412777, 0.5774330158325671, 0.03937775589284176]], "inverted": false, "swapped": true, "error_lsq": 0.044388250151787934, "error_max": 0.3096477465833911, "target": "154.xyz", "model": "3.xyz", "model_rescale": 3.9243930471874484, "target_rescale": 4.0474171411379025},
{"mapping": [11, 10, 0, 1, 8, 12, 4, 9, 6, 7, 3, 5, 14], "R": [[0.1704719240186699, -0.9156472692988792, -0.36404587807978134], [-0.43210167147632894, -0.4015023286433353, 0.8075171983316158], [-0.8855661853462653, 0.019645821934584973, -0.46409759000858775]], "T": [-0.04979703212655791, -0.1826079535487881, -0.025668684774785025], "aligned_model": [[-0.07808203835969246, -0.06738597913349063, 0.4505888111032103, 0.4820967536082437, 0.6039746339383903, -0.6629434422656166, -0.19414646274076086, 0.2527177662364592, 0.17035203935335935, -0.4591071354281324, 0.2758005552108176, -0.48161115629072154, -0.015048458920713714], [-0.5823076761321209, 0.02975486483367043, -0.2625324985313552, -0.5123357374306905, 0.042463721978721086, -0.5106027957643984, -0.5100822131901294, 0.45735087984779166, 0.5246040577859977, 0.48283104130530363, -0.02725261106340185, 0.11529950546439408, -0.11936098542219534], [-0.4495595578958908, -0.888828401682546, -0.6116814677357524, 0.10548824696670818, -0.09505377418435465, -0.16627666448935363, 0.3331144479094006, -0.460388339423551, 0.22054857140434025, -0.09969978595959729, 0.48964088606541056, 0.5020003021503109, -0.09223414775416054]], "inverted": false, "swapped": true, "error_lsq": 0.0487280146472417, "error_max": 0.33424410708362345, "target": "154.xyz", "model": "4.xyz", "model_rescale": 3.8936222436046832, "target_rescale": 4.0474171411379025},
{"mapping": [5, 7, 3, 4, 8, 9, 10, 0, 2, 12, 1, 14], "R": [[-0.2050882231732723, -0.6795233068290152, 0.7044053493492152], [-0.2432860674333688, 0.7325086925274384, 0.6358009946237493], [-0.9480246358130343, -0.04097671104301487, -0.3155474592571788]], "T": [-0.025034463525354586, -0.07090897888428892, -0.0738785599684928], "aligned_model": [[-0.07561049181474076, -0.5204137620875678, -0.19551582371911236, 0.3842747976717882, -0.4616906593718367, -0.7894071924257362, -0.3537050058428096, -0.20918088943002316, 0.7675541284977475, 0.46061482299546963, 0.1265544588894757, -0.10592634114755707], [-0.5406217047969716, -0.6778810003563256, 0.2195561076568584, -0.07747295719663079, 0.46847624105542307, -0.02142821731500598, -0.21271597850428897, 0.388983020571038, 0.19072510283775024, -0.5522648988215063, 0.5465479670017042, -0.06298077702223771], [-0.6487340828645154, -0.11869748661744417, -0.6051592432662274, -0.3725829757911103, -0.03804711782699346, 0.24757077563010121, 0.7399509578372713, 0.5217508125884793, -0.06141733129705018, 0.11517431514606266, -0.14171122237433104, -0.01881268188872419]], "inverted": true, "swapped": true, "error_lsq": 0.046825260642989926, "error_max": 0.22858859220433722, "target": "154.xyz", "model": "5.xyz", "model_rescale": 3.6523030999806103, "target_rescale": 4.0474171411379025},
{"mapping": [13, 7, 5, 12, 4, 10, 6, 11, 9, 8, 3, 2, 14], "R": [[-0.016532291447567946, 0.7668294125391796, -0.6416380096318404], [-0.9495544226376821, -0.21303550287549403, -0.23013533619112903], [-0.31316622070190026, 0.6054655453280579, 0.7316682251074503]], "T": [0.1385765334910539, 0.00912737969037554, -0.07103834106688572], "aligned_model": [[0.14661878058548353, -0.23763866238298612, 0.27098082471918694, 0.6501391610758152, 0.592276984583277, -0.30970531746212937, -0.4636811024356524, 0.3403939162619367, -0.6704333381226711, -0.37662507523265343, 0.02663834544496632, 0.8635122498146665, 0.048606137815055114], [-0.6140585232050556, 0.09768602154256449, 0.5488308906099134, -0.29693800785524277, 0.22924203010148447, -0.7415002224994847, 0.48642385850997955, -0.518034806406867, -0.1672631005669024, 0.08990737975135166, 0.581575041981262, -0.12503684172348173, -0.03000681607633808], [0.5752398214039072, 0.611928652152083, 0.4237707894990443, 0.3135749677914998, -0.12110755813761237, 0.09037299532906967, 0.06575051507432961, -0.2180524753766933, -0.004456692581574329, -0.5303104119193656, -0.3065516976155878, -0.4625386859383618, -0.0675104801989494]], "inverted": false, "swapped": true, "error_lsq": 0.044952406673678086, "error_max": 0.29910410705683915, "target": "154.xyz", "model": "6.xyz", "model_rescale": 4.08911054899281, "target_rescale": 4.0474171411379025},
{"mapping": [9, 1, 0, 13, 2, 7, 12, 5, 11, 10, 8, 3, 6, 4, 14], "R": [[0.8140117503956072, 0.5766111037415432, 0.07003217303381948], [0.003352229241306237, -0.1252303590836643, 0.9921220286451109], [0.5808387321597909, -0.8073642252451714, -0.1038719164031883]], "T": [0.033561781250164284, -0.06887662139427607, 0.12105703961849804], "aligned_model": [[0.6884601945609428, 0.10533037494431266, 0.42574824232108455, -0.5600459466101059, -0.3300364426768698, -0.6022006760629288, -0.46587776347298526, -0.2801754381223811, 0.056632286207325994, 0.11351204045582602, 0.6219181815923405, 0.6457754848066257, 0.043435989274460726, 0.31052177913177637, 0.1415750551102441], [-0.3655269610049168, -0.3127053929135457, 0.4144096378263894, -0.3892595677468579, 0.24452937351009896, 0.372817007246554, -0.4722718106099268, 0.18230402783605215, -0.6553901824611338, -0.46914434661881516, -0.16386643093072145, 0.41931740205642537, 0.40081476408611755, 0.37295324997334933, -0.16811018707256034], [-0.1914552835940542, -0.5669421304347537, -0.5841240396122567, -0.1633355683420982, -0.5267952253357581, 0.12239898848665956, 0.430628324616961, 0.7683425007683234, 0.12024621112146822, 0.7149161160823536, 0.4526632149916512, 0.005677609430659633, -0.04757115753392546, 0.5953238569723371, 0.04456785999917831]], "inverted": true, "swapped": false, "error_lsq": 0.0472329377264153, "error_max": 0.32076586970548565, "target": "154.xyz", "model": "7.xyz", "model_rescale": 3.964800864290218, "target_rescale": 4.0474171411379025},
{"mapping": [13, 7, 10, 12, 0, 5, 11, 9, 6, 3, 4, 1, 8, 14], "R": [[-0.044084763809581706, 0.8732218673366725, -0.48532474077148374], [-0.7811641293190805, 0.2727028553896419, 0.5616188705229721], [0.622767321449204, 0.40387711381977376, 0.6701075587303826]], "T": [-0.10759219808080123, 0.006532412595610661, 0.15928002801748503], "aligned_model": [[-0.25684838390857245, 0.1366325764771204, 0.2778774666463874, -0.6918377076270076, 0.31495128005880413, -0.31278649508823236, -0.2952926485695556, 0.6684414028529992, 0.4735349327447067, 0.0650319580791125, -0.5364776557860305, -0.04774407891379956, 0.48690165543860475, -0.021196412943664644], [-0.1772300039290418, -0.6550928840225719, 0.2282177116104689, -0.06865742323019733, 0.6106789062335023, -0.680444583837191, 0.44736432858189923, -0.06222174850649875, -0.45365262494060765, -0.1330469149009995, -0.011654078794124332, 0.48640904247898853, 0.2673901244664616, 0.012888614971113538], [-0.7067770000457434, -0.18485751257760835, -0.6106035997836525, -0.23607223757543128, -0.07873032910131769, 0.3582894714459415, -0.173404724954982, -0.12897056671170953, 0.4037352773706989, 0.7478473879380378, 0.42859025961828046, 0.5775743911575542, 0.40710910902216346, 0.11308511292278936]], "inverted": true, "swapped": true, "error_lsq": 0.045062507429057305, "error_max": 0.27187457965262546, "target": "154.xyz", "model": "8.xyz", "model_rescale": 4.121658175737393, "target_rescale": 4.0474171411379025},
{"mapping": [8, 9, 6, 3, 10, 11, 7, 12, 5, 13, 1, 4, 14], "R": [[0.9092605850630509, -0.41491028200637403, -0.03308543994251775], [0.18504216780961358, 0.3317491728948292, 0.9250415571291464], [-0.3728331860002776, -0.8472260289727813, 0.3784223450694932]], "T": [-0.02644330512728205, 0.10474358312375873, 0.04133742638952297], "aligned_model": [[-0.38245146476653585, -0.3768918169882911, 0.22856776593825645, 0.24599697003929644, -0.6518975944295856, -0.4503734328201112, 0.3067265444249664, 0.11372669559517756, 0.7062023010214342, -0.14013316874341933, -0.2961321253851079, 0.25596296748812897, -0.08256614493901171], [0.34202050630378245, -0.3076941588940736, 0.005722886614306505, 0.5224028931747657, -0.5257142979877804, 0.05221161596199539, -0.5431809533192766, -0.1760441315726908, -0.007692498572489007, -0.7084911362939186, 0.6816189693853711, 0.40213752045002826, 0.05309022416168956], [-0.506245255132606, -0.5888408335516675, -0.6896903673275352, -0.3421075140035585, -0.0008742629647100833, 0.4385363959081158, -0.25023772156416546, 0.6775845253368434, -0.02374248640763981, 0.4044141629578989, -0.016249728986218688, 0.3390033941688713, -0.020474874474539058]], "inverted": true, "swapped": true, "error_lsq": 0.04721818858012697, "error_max": 0.27578301545192185, "target": "154.xyz", "model": "9.xyz", "model_rescale": 3.833441315466971, "target_rescale": 4.0474171411379025},
{"mapping": [2, 3, 4, 7, 6, 12, 11, 10, 9, 8, 13, 5, 1, 0, 14], "R": [[-0.7769505058426117, -0.44574785670509554, 0.44458605434012816], [0.08473648604537243, -0.7737993154143262, -0.6277374828676415], [0.6238330220528504, -0.4500482948608224, 0.6389748765712734]], "T": [-0.007424964954289945, 0.01698192635643568, 0.07910838447813592], "aligned_model": [[0.5932111073818414, 0.21114404770095901, 0.20398110071004, -0.38860936921104944, -0.25909674400359195, -0.4683323149569687, -0.5894168696693156, -0.17631643555037058, 0.1806686166767001, -0.04063400498023155, 0.6995954794593119, 0.6026709213392248, 0.059338082088333285, 0.27013010525430986, 0.016239639220476047], [-0.3727823417090217, -0.5039694559615534, 0.18657655764904663, -0.4588073998878047, 0.43350206018544185, 0.38843373296483136, -0.26684401191646734, -0.05143420413318649, -0.7703873224473647, -0.6005812868829976, 0.024117685211919357, 0.26925435031384753, 0.7523568840357721, 0.4480604858682219, -0.06662515011417564], [0.016097441970833654, -0.5805575110443763, -0.6708634260102924, -0.1896609288098344, -0.3946023519319032, 0.19139385723236133, 0.29373676250222946, 0.8806999561457716, 0.02830880652634918, 0.5535261325553782, 0.44756152063170984, -0.06778217037612733, 0.09848104773138452, 0.5273911303366051, 0.04081101015665638]], "inverted": false, "swapped": false, "error_lsq": 0.04527916454312814, "error_max": 0.25249513429189585, "target": "154.xyz", "model": "10.xyz", "model_rescale": 4.2482417240324, "target_rescale": 4.0474171411379025},
{"mapping": [2, 11, 10, 13, 3, 6, 8, 7, 12, 5, 4, 14], "R": [[0.1423807462340071, 0.18013781894501593, 0.9732821221452597], [-0.8646428611994778, -0.4559837565885678, 0.2108827548761607], [0.48178879779279676, -0.8715670828531277, 0.09083157164918587]], "T": [-0.10751505612674302, 0.06499885088867158, 0.009745406118680612], "aligned_model": [[-0.7125010515302113, -0.11073793164292796, 0.5353381301931069, 0.6382070974086461, -0.46329118364444527, 0.10329217064887285, -0.24451369030847103, 0.5715298419835488, 0.062846752154874, -0.0025199300278745257, -0.45563725732739546, -0.045247345544716364], [-0.45121592464753507, -0.5103342934285722, -0.35272786819023166, -0.38444105115061594, 0.5804166507071511, 0.7839218442236262, 0.30931453667296027, 0.42084430995537364, -0.38464347833982354, 0.5457459213321023, 0.03541167292090244, 0.0738390699953015], [-0.24386571750857475, 0.10579106322828638, 0.4599633573227955, -0.20935058830842732, 0.0685745131743169, 0.22871440548508146, 0.6456936438067541, -0.15787456909846628, -0.5118850864628609, -0.5483810396635035, -0.3573200064116789, 0.08513231429063381]], "inverted": false, "swapped": true, "error_lsq": 0.04422560906081973, "error_max": 0.26970303328531625, "target": "154.xyz", "model": "11.xyz", "model_rescale": 3.6694154284099745, "target_rescale": 4.0474171411379025},
{"mapping": [4, 3, 6, 8, 1, 12, 11, 13, 9, 10, 7, 0, 5, 14], "R": [[-0.569053709481736, 0.7269412026638165, 0.38436228170147], [0.49185280120580244, 0.6754913311779722, -0.5493562445712404], [-0.6589830784406239, -0.12356354386749832, -0.741938914571694]], "T": [0.018635729657571855, -0.043576152057186054, -0.1497989434339862], "aligned_model": [[-0.14699036247019934, 0.09630958133583578, -0.05332734706369118, 0.5727711366481681, 0.5413073349838488, -0.40025742255643537, 0.24284014646250662, -0.3802097339046479, 0.2701997947003636, 0.2399435155958997, -0.5015726160729888, 0.6905407947189574, -0.6291869614218027, 0.05589698929999528], [-0.3355317259746919, 0.29569590844387056, 0.7271422115594971, 0.37233467465261744, -0.14939223053096368, -0.5764780346765854, -0.494641539804216, -0.2574589622759912, 0.5783903679339386, 0.0030298088158347697, 0.4241489995863377, -0.048293616753564174, 0.17647490771225566, 0.015566519447914706], [-0.529445391606427, -0.6737782052822088, -0.2500581049249531, -0.203100688728174, -0.502574937561841, 0.059590290469723806, 0.1443367014442835, 0.6256217490170797, 0.34001414234276855, 0.7100282385477286, 0.20578632064781127, 0.23582553174982274, -0.44228850520146906, -0.08086168126172982]], "inverted": true, "swapped": true, "error_lsq": 0.0429826939520517, "error_max": 0.2492172362928024, "target": "154.xyz", "model": "12.xyz", "model_rescale": 3.9764082729961374, "target_rescale": 4.0474171411379025},
{"mapping": [1, 12, 5, 13, 6, 14, 11, 3, 10, 8, 2, 9, 4, 7, 15], "R": [[0.23038030313455782, 0.4979757362846268, 0.8360293547474356], [-0.30016106440871865, -0.7808803950987119, 0.5478404365903499], [0.9256501776268693, -0.3771551068489778, -0.030426535081765516]], "T": [0.10294750200594671, -0.005431861889280382, 0.00934321425175104], "aligned_model": [[0.5231108947454864, 0.18551653874015914, 0.34856697161053224, -0.36027243382049895, -0.4334804788937169, -0.6826079731161374, -0.4410761946282923, -0.29233507688751037, 0.0750167528441607, 0.1145517880354415, 0.7128761655904047, 0.6054020466751978, 0.1403887580028791, 0.3611430641832263, 0.05777253837833642], [-0.48003174578643415, -0.4449038723932134, 0.4960848906703863, -0.2306309840041742, 0.40952675744662903, 0.05959484975312215, -0.467575471745014, 0.11165595222103819, -0.7986170242085308, -0.369320948320927, -0.1270376562897148, 0.027574227807202784, 0.7112229268245801, 0.4389244039848975, 0.07440427721666093], [0.04858925694911237, -0.4459152190635292, -0.6159374658335101, -0.3211007184184128, -0.34238561772819576, 0.1415633407596391, 0.35720266880105556, 0.7431589771812598, 0.13671695756689217, 0.6152333940452811, 0.5088014907998887, -0.3192129530953032, 0.03880145490003564, 0.5633434485236382, 0.06568226222889373]], "inverted": true, "swapped": false, "error_lsq": 0.04319426255701367, "error_max": 0.2733031131151778, "target": "154.xyz", "model": "13.xyz", "model_rescale": 4.170626492500431, "target_rescale": 4.0474171411379025},
{"mapping": [12, 2, 13, 11, 7, 9, 10, 4, 5, 1, 3, 0, 6, 14], "R": [[0.9494215121715293, -0.2881191817892913, 0.1248444204239672], [0.24435955215621616, 0.42824657102585717, -0.869996140034316], [0.19719838106825438, 0.8564999775187768, 0.47699118127528817]], "T": [0.054296886279971646, -0.03131049372359626, 0.13055190860966137], "aligned_model": [[0.09671290322822017, 0.018402252139598244, -0.23876640041923275, -0.39574804948671555, 0.2719014472504175, -0.3298807581026615, -0.6784906361419962, 0.3702068776121604, 0.7534109093414184, -0.09320799930554236, 0.42663341107931935, -0.6814192927730001, 0.33028941032212983, -0.006861052652472117], [-0.34593158900801035, -0.8652861352170506, 0.17818154471900652, -0.341008289557719, 0.6215447720158983, 0.6912106044130236, 0.34521495649548406, -0.4273711900631685, 0.1427790457891515, -0.3621934244381131, 0.03104916109027256, 0.02197451556213441, 0.6210298593037439, 0.04488063682101201], [-0.503888150540257, 0.12980640259982684, -0.6918396078900951, -0.0738746385226019, -0.24661208426463066, 0.2734311937175256, -0.20366817890817784, 0.11879234499205288, -0.055403104006266635, 0.6574222402862411, 0.6337117349770075, 0.3673372934082374, 0.4584506283007329, 0.14020702697127144]], "inverted": true, "swapped": true, "error_lsq": 0.04820642309854978, "error_max": 0.29490770262711186, "target": "154.xyz", "model": "14.xyz", "model_rescale": 3.9786697098870705, "target_rescale": 4.0474171411379025},
{"mapping": [9, 6, 10, 0, 7, 12, 3, 4, 11, 8, 5, 14], "R": [[-0.9530802865223561, -0.28487152496696083, 0.10240205908799824], [0.26199513995772467, -0.9456993757838902, -0.19238304831895375], [0.15164601571091782, -0.1565276490111534, 0.9759623870898126]], "T": [0.06861635083734355, 0.06385607563669074, 0.13515036494941576], "aligned_model": [[0.0042852283755994425, -0.5701825844265241, 0.623052414873169, 0.5501881441943042, -0.2530112300163454, 0.4169937734717346, -0.4534249305197344, -0.006927441522516453, 0.6489726599282342, -0.053490998070839346, -0.5037294869806945, 0.08062904746094933], [-0.3740464481089004, -0.19090998003169765, -0.0817326665449852, -0.512481475545227, 0.3793379510530127, 0.6788953216674064, -0.18957566512515275, 0.29967896603325916, 0.06763822617295016, -0.6134562259137422, 0.5393125756333713, 0.012013910934144265], [-0.567805235489847, -0.23399399309355987, -0.5444499614387185, -0.05487211195709496, -0.507384697127207, 0.1956453067748105, 0.37792243593712194, 0.5772840381138394, 0.19359377314824228, 0.039094221899929865, 0.13228500822014225, 0.05264770888617126]], "inverted": true, "swapped": true, "error_lsq": 0.05023154836243645, "error_max": 0.25228864813708674, "target": "154.xyz", "model": "15.xyz", "model_rescale": 3.769337070930944, "target_rescale": 4.0474171411379025},
{"mapping": [6, 9, 5, 7, 3, 8, 4, 0, 12, 13, 14], "R": [[0.1765783044806568, -0.09737266128329808, -0.9794583540004875], [-0.6085233804360703, 0.7713357891677463, -0.18638775660334453], [0.7736403543309993, 0.628935342609698, 0.076947624830321]], "T": [0.17138960507784312, 0.09857509098681083, 0.04770976107075599], "aligned_model": [[-0.23657431545585433, -0.3434353857464227, -0.12444958270716511, -0.5963782658687988, 0.3503388415780085, 0.2755258867638609, 0.4801966708707121, 0.302052054587437, 0.10960149247281571, -0.4100762883936499, 0.1158250225902273], [-0.04660155625310464, -0.5306328327876171, 0.6982771594058508, 0.22366127160763877, 0.15636420861348718, -0.4754660456708866, 0.5001184724168768, -0.6323888929332565, 0.528259037842657, 0.1568015676506463, 0.017672107733049752], [-0.6016950129561924, -0.12286663615681638, -0.27860826759230023, -0.05578112857446467, -0.5525656871678972, -0.3298102375621928, 0.03347620596058801, 0.2686257751778157, 0.6088279978987537, 0.7293312856261797, 0.0452833125703034]], "inverted": false, "swapped": true, "error_lsq": 0.04143520596481427, "error_max": 0.18106860681594575, "target": "154.xyz", "model": "16.xyz", "model_rescale": 3.7852294659196426, "target_rescale": 4.0474171411379025},
{"mapping": [7, 3, 4, 5, 6, 8, 0, 1, 12, 13, 10, 11, 14], "R": [[0.2888815888769356, 0.9467923762146403, -0.14188595402566256], [0.9209128965018786, -0.23430710791443654, 0.3114797204270177], [0.2616617371043342, -0.22064536143460584, -0.9396003191852027]], "T": [0.020019705181088487, -0.007215596267241123, 0.0832903506631276], "aligned_model": [[-0.06601667624012293, -0.4139571962773736, 0.2719929897796664, 0.07580692533540075, -0.6289628804869543, -0.6083384138745906, -0.2133461210530662, -0.20562325644302684, 0.717010246320909, 0.5477649312716463, 0.04984930109742776, 0.3619611714608427, -0.034375170674475375], [-0.07627873752809584, -0.42840911793309644, -0.37345615384655917, -0.6433094895992717, -0.22491654169045988, 0.21670625826250167, 0.6914564222405283, 0.020815484761058337, -0.012686608895241612, 0.4173402841396368, 0.8098125807932902, 0.4153214398241514, 0.06265980317443239], [-0.6936603839854295, 0.25635996505399916, 0.3265572883623581, -0.2987033621896694, -0.29176335449321167, 0.27800557448304963, 0.3232543239787564, 0.6808964616398271, -0.048898886146511805, -0.5060636103340925, -0.2660335501467832, 0.29490762050594566, 0.04089661041493611]], "inverted": false, "swapped": true, "error_lsq": 0.041922023064924874, "error_max": 0.2686925173148508, "target": "154.xyz", "model": "17.xyz", "model_rescale": 3.901054581598922, "target_rescale": 4.0474171411379025},
{"mapping": [7, 12, 11, 13, 9, 5, 2, 8, 3, 0, 1, 6, 10, 4, 14], "R": [[0.733078343492689, -0.6581149854650296, -0.17169976181806157], [-0.2708133010232968, -0.5140077801633832, 0.8139140973839785], [-0.6239040777963231, -0.5501642189727309, -0.5550342636912109]], "T": [0.056980941843992966, -0.0025809013885308707, 0.11528971503207353], "aligned_model": [[0.5881248651095926, 0.1484879661640695, 0.39258078823878706, -0.5239728896268964, -0.3147839501561276, -0.5441285802727058, -0.5302629458013056, -0.1950042388740569, -0.07353443125951206, 0.2490907760913551, 0.591666401024875, 0.7657746213855515, 0.032569345735871946, 0.27529896813956545, 0.05266666556060461], [-0.36684445967808277, -0.3698972390694836, 0.25617023859083066, -0.29833771945809506, 0.2580507646682373, 0.16279902092736115, -0.46588632954268283, 0.15673789081197276, -0.7391956320050315, -0.6382710332708913, -0.11073233563066906, 0.18697158389130328, 0.797689627605534, 0.5884541631065733, -0.00683795777036679], [-0.04242907483617642, -0.5239913472949348, -0.5608401390535506, -0.20490202215868975, -0.3622577915669095, 0.15274463074475053, 0.46775361198358, 0.7081971642095461, -0.038886695404828475, 0.482027204678719, 0.5489950025808119, -0.04410639670317956, -0.06198098905598065, 0.5933992859899053, 0.06081883350368304]], "inverted": false, "swapped": false, "error_lsq": 0.03772134345360486, "error_max": 0.24037946169541677, "target": "154.xyz", "model": "18.xyz", "model_rescale": 3.9405287249114394, "target_rescale": 4.0474171411379025},
{"mapping": [1, 0, 4, 8, 7, 9, 5, 11, 6, 2, 3, 12, 13, 14, 15], "R": [[0.20072156547693382, 0.8746168937089556, -0.441311842568706], [0.2523211752097987, -0.48143703043247704, -0.8393762030633847], [-0.9465964703574776, 0.0571285827520297, -0.3173191569059603]], "T": [0.12361691553046912, 0.037297514277369284, 0.0671293110820673], "aligned_model": [[0.5551983162457175, 0.21774590687910866, 0.2335631569297773, -0.36297852225656907, -0.36865899722927326, -0.6148886020274129, -0.5152012780772111, -0.24546546651493, -0.018643904628640448, 0.03298456080205921, 0.8732687964086789, 0.6005212099901736, -0.02724575511200826, 0.4331508047542836, 0.12122313529591523], [-0.4595489385484194, -0.3672632424273593, 0.2083461653362667, -0.40570753607611154, 0.28942413019623797, 0.23495772028668788, -0.43359180187781743, 0.27676481030393724, -0.6921965674386075, -0.6385337374420261, -0.08643711281751397, 0.2728624525397588, 0.6812863211165047, 0.5164552275308489, 0.01405269249412184], [0.01813420060628599, -0.4807252180386987, -0.6352375528780535, -0.3060242241043323, -0.3684417442042136, 0.13458218688031154, 0.3149946176612426, 0.6377840326933357, -0.009575965015743593, 0.6059828890499838, 0.4520194180313335, -0.06405954513949161, 0.18480988146007454, 0.5908998899883869, 0.09939841062632425]], "inverted": true, "swapped": false, "error_lsq": 0.038275155039673665, "error_max": 0.24854900539607838, "target": "154.xyz", "model": "19.xyz", "model_rescale": 4.410303926677745, "target_rescale": 4.0474171411379025},
{"mapping": [13, 7, 10, 12, 0, 5, 11, 9, 6, 3, 4, 1, 8, 14], "R": [[-0.044084763809581706, 0.8732218673366725, -0.48532474077148374], [-0.7811641293190805, 0.2727028553896419, 0.5616188705229721], [0.622767321449204, 0.40387711381977376, 0.6701075587303826]], "T": [-0.10759219808080123, 0.006532412595610661, 0.15928002801748503], "aligned_model": [[-0.25684838390857245, 0.1366325764771204, 0.2778774666463874, -0.6918377076270076, 0.31495128005880413, -0.31278649508823236, -0.2952926485695556, 0.6684414028529992, 0.4735349327447067, 0.0650319580791125, -0.5364776557860305, -0.04774407891379956, 0.48690165543860475, -0.021196412943664644], [-0.1772300039290418, -0.6550928840225719, 0.2282177116104689, -0.06865742323019733, 0.6106789062335023, -0.680444583837191, 0.44736432858189923, -0.06222174850649875, -0.45365262494060765, -0.1330469149009995, -0.011654078794124332, 0.48640904247898853, 0.2673901244664616, 0.012888614971113538], [-0.7067770000457434, -0.18485751257760835, -0.6106035997836525, -0.23607223757543128, -0.07873032910131769, 0.3582894714459415, -0.173404724954982, -0.12897056671170953, 0.4037352773706989, 0.7478473879380378, 0.42859025961828046, 0.5775743911575542, 0.40710910902216346, 0.11308511292278936]], "inverted": true, "swapped": true, "error_lsq": 0.045062507429057305, "error_max": 0.27187457965262546, "target": "154.xyz", "model": "20.xyz", "model_rescale": 4.121658175737393, "target_rescale": 4.0474171411379025},
{"mapping": [13, 7, 5, 12, 4, 10, 6, 11, 9, 8, 3, 2, 14], "R": [[-0.016532291447567946, 0.7668294125391796, -0.6416380096318404], [-0.9495544226376821, -0.21303550287549403, -0.23013533619112903], [-0.31316622070190026, 0.6054655453280579, 0.7316682251074503]], "T": [0.1385765334910539, 0.00912737969037554, -0.07103834106688572], "aligned_model": [[0.14661878058548353, -0.23763866238298612, 0.27098082471918694, 0.6501391610758152, 0.592276984583277, -0.30970531746212937, -0.4636811024356524, 0.3403939162619367, -0.6704333381226711, -0.37662507523265343, 0.02663834544496632, 0.8635122498146665, 0.048606137815055114], [-0.6140585232050556, 0.09768602154256449, 0.5488308906099134, -0.29693800785524277, 0.22924203010148447, -0.7415002224994847, 0.48642385850997955, -0.518034806406867, -0.1672631005669024, 0.08990737975135166, 0.581575041981262, -0.12503684172348173, -0.03000681607633808], [0.5752398214039072, 0.611928652152083, 0.4237707894990443, 0.3135749677914998, -0.12110755813761237, 0.09037299532906967, 0.06575051507432961, -0.2180524753766933, -0.004456692581574329, -0.5303104119193656, -0.3065516976155878, -0.4625386859383618, -0.0675104801989494]], "inverted": false, "swapped": true, "error_lsq": 0.044952406673678086, "error_max": 0.29910410705683915, "target": "154.xyz", "model": "21.xyz", "model_rescale": 4.08911054899281, "target_rescale": 4.0474171411379025},
{"mapping": [0, 13, 3, 12, 14, 9, 10, 5, 7, 6, 8, 4, 15, 11, 16], "R": [[-0.5878254739372686, -0.8004528004617788, -0.11720292839055596], [-0.2846453625493523, 0.06903458238641069, 0.9561439452372651], [-0.7572570433938359, 0.5954070378049205, -0.26842546370044057]], "T": [0.1462758068712151, 0.030458996465876437, 0.10737488736897698], "aligned_model": [[0.7329560562250471, 0.08588632977113914, 0.11122116586439261, -0.4397249153134912, -0.2073107736594585, -0.5368834716624444, -0.4408582280545845, -0.2850167252079077, 0.014230891276008989, 0.3196071205627458, 0.3824570552203952, 0.5961984955158462, 0.2061983630326588, 0.20679593726297607, 0.16881606062634508], [-0.47017075958954335, -0.3099140999154689, 0.18751274958049, -0.17592006684778907, 0.3737716528467304, 0.2015272620565248, -0.4530374331343152, 0.04433196193020786, -0.6574362144838595, -0.5591060083307281, 0.00592444156641922, -0.07220571014977702, 0.7559666043665598, 0.5405316500933718, -0.0009054468123135817], [0.034879849267800286, -0.45585617742023815, -0.7460793375728032, -0.2913485027887385, -0.3036427959299425, 0.2149697767629245, 0.37689341513757724, 0.6655176527526844, -0.01575312336500294, 0.5291965195365518, 0.7588182783126427, -0.4154269088464408, 0.0679411957401108, 0.6748748715955998, 0.07955656443402029]], "inverted": false, "swapped": false, "error_lsq": 0.04856251320161518, "error_max": 0.39400740071233586, "target": "154.xyz", "model": "22.xyz", "model_rescale": 4.204369325754507, "target_rescale": 4.0474171411379025},
{"mapping": [1, 0, 4, 8, 7, 9, 5, 11, 6, 2, 3, 12, 13, 14, 15], "R": [[0.20072156547693382, 0.8746168937089556, -0.441311842568706], [0.2523211752097987, -0.48143703043247704, -0.8393762030633847], [-0.9465964703574776, 0.0571285827520297, -0.3173191569059603]], "T": [0.12361691553046912, 0.037297514277369284, 0.0671293110820673], "aligned_model": [[0.5551983162457175, 0.21774590687910866, 0.2335631569297773, -0.36297852225656907, -0.36865899722927326, -0.6148886020274129, -0.5152012780772111, -0.24546546651493, -0.018643904628640448, 0.03298456080205921, 0.8732687964086789, 0.6005212099901736, -0.02724575511200826, 0.4331508047542836, 0.12122313529591523], [-0.4595489385484194, -0.3672632424273593, 0.2083461653362667, -0.40570753607611154, 0.28942413019623797, 0.23495772028668788, -0.43359180187781743, 0.27676481030393724, -0.6921965674386075, -0.6385337374420261, -0.08643711281751397, 0.2728624525397588, 0.6812863211165047, 0.5164552275308489, 0.01405269249412184], [0.01813420060628599, -0.4807252180386987, -0.6352375528780535, -0.3060242241043323, -0.3684417442042136, 0.13458218688031154, 0.3149946176612426, 0.6377840326933357, -0.009575965015743593, 0.6059828890499838, 0.4520194180313335, -0.06405954513949161, 0.18480988146007454, 0.5908998899883869, 0.09939841062632425]], "inverted": true, "swapped": false, "error_lsq": 0.038275155039673665, "error_max": 0.24854900539607838, "target": "154.xyz", "model": "23.xyz", "model_rescale": 4.410303926677745, "target_rescale": 4.0474171411379025},
{"mapping": [2, 12, 6, 7, 13, 11, 1, 10, 0, 3, 4, 5, 15, 8, 16], "R": [[0.8913148695647681, 0.4246277774637703, -0.15889950880641418], [-0.14233186700493755, -0.07069158706314624, -0.9872914155169096], [-0.43046421794108475, 0.9026039829984537, -0.002570398353939074]], "T": [-0.047555048864920846, 0.09693257489387465, 0.06090812091383892], "aligned_model": [[0.6009648760833561, 0.23838515332725857, 0.1834330138871566, -0.4901840628171615, -0.29954292413621136, -0.6395662594726577, -0.5213465807107547, -0.14074416312154758, 0.1409097305322292, 0.20459241948393964, 0.5006668624115445, 0.5478900170631475, 0.2695042795603279, 0.3529945081894054, -0.033383508820364144], [-0.5267189668298247, -0.27578952742138485, 0.40157475956107086, -0.32274603015859465, 0.15789990409342486, 0.25319916558537237, -0.5108258581533248, 0.14985451601951566, -0.611677434970047, -0.5697792683923342, -0.012830403447702504, 0.08833794890766274, 0.7291811710070814, 0.4637116503039363, -0.002521042928342432], [0.2137957025845359, -0.5913895641960247, -0.5961578909502948, -0.20344074167342235, -0.5925226093978533, 0.22160960117827438, 0.4383821213185404, 0.7030132551459011, -0.12003024409923481, 0.6096958365755761, 0.4625163847395682, -0.14151060177259678, -0.03421961324481142, 0.677949310332647, 0.12685033107594051]], "inverted": true, "swapped": false, "error_lsq": 0.037513115455796074, "error_max": 0.26137395795283186, "target": "154.xyz", "model": "24.xyz", "model_rescale": 4.28219845311461, "target_rescale": 4.0474171411379025},
{"mapping": [2, 0, 6, 1, 8, 5, 3, 9, 4, 7, 13, 2, 10, 12, 15], "R": [[0.5039580949321182, 0.8523467252297895, 0.13975442226435636], [-0.550811373495531, 0.19251310870902003, 0.812124087688055], [0.6653067483351998, -0.4862548333592613, 0.5665008099326958]], "T": [0.06642031931294504, 0.005417550467910426, 0.162862612553095], "aligned_model": [[0.6737674138949886, 0.19762301850256506, 0.2675567523297826, -0.442233495325835, -0.3157854130530038, -0.7127774212097719, -0.48876223436228894, -0.25671043779576963, 0.13480495627762173, 0.11020296071963004, 0.5316145369186374, 0.6737674138949886, 0.060463530022907074, 0.4000121160364035, 0.08102966460881258], [-0.12277219794864835, -0.39208305167114743, 0.2723975355018336, -0.20423992230861407, 0.34415481298666534, 0.3490873602985291, -0.5210142816422636, 0.04013118606252564, -0.7122018048279084, -0.523166211514634, -0.12747243570018396, -0.12277219794864835, 0.7269209609518321, 0.43877584871863856, -0.03487501778146727], [-0.12606111352624386, -0.537375414877757, -0.6740740384937873, -0.16453995281414482, -0.3073733942102458, 0.15810615489843402, 0.28405338404827074, 0.7555304463293365, 0.04041027342584702, 0.7322730907057712, 0.5076104166352616, -0.12606111352624386, -0.16744355473613623, 0.6970320601341708, 0.10245403362421289]], "inverted": false, "swapped": false, "error_lsq": 0.044254689347937214, "error_max": 0.3510539077238381, "target": "154.xyz", "model": "25.xyz", "model_rescale": 4.100010024507729, "target_rescale": 4.0474171411379025},
{"mapping": [2, 11, 10, 13, 3, 6, 8, 7, 12, 5, 4, 14], "R": [[0.1423807462340071, 0.18013781894501593, 0.9732821221452597], [-0.8646428611994778, -0.4559837565885678, 0.2108827548761607], [0.48178879779279676, -0.8715670828531277, 0.09083157164918587]], "T": [-0.10751505612674302, 0.06499885088867158, 0.009745406118680612], "aligned_model": [[-0.7125010515302113, -0.11073793164292796, 0.5353381301931069, 0.6382070974086461, -0.46329118364444527, 0.10329217064887285, -0.24451369030847103, 0.5715298419835488, 0.062846752154874, -0.0025199300278745257, -0.45563725732739546, -0.045247345544716364], [-0.45121592464753507, -0.5103342934285722, -0.35272786819023166, -0.38444105115061594, 0.5804166507071511, 0.7839218442236262, 0.30931453667296027, 0.42084430995537364, -0.38464347833982354, 0.5457459213321023, 0.03541167292090244, 0.0738390699953015], [-0.24386571750857475, 0.10579106322828638, 0.4599633573227955, -0.20935058830842732, 0.0685745131743169, 0.22871440548508146, 0.6456936438067541, -0.15787456909846628, -0.5118850864628609, -0.5483810396635035, -0.3573200064116789, 0.08513231429063381]], "inverted": false, "swapped": true, "error_lsq": 0.04422560906081973, "error_max": 0.26970303328531625, "target": "154.xyz", "model": "26.xyz", "model_rescale": 3.6694154284099745, "target_rescale": 4.0474171411379025},
