[{"mapping": [6, 10, 7, 0, 5, 12, 11, 9, 8, 3, 1, 13], "R": [[-0.42310499770777704, -0.48554448602362765, 0.7650024267979504], [0.6246995236059322, 0.45523141321293165, 0.6344405926725358], [-0.6563022673442652, 0.7463316370864956, 0.11070872306448182]], "T": [-0.022235626865816246, -0.05470814724677686, -0.08112474053941053], "aligned_model": [[-0.25479371846927185, 0.24365445145449677, 0.33241822537334836, -0.23127025646903043, -0.048400173932341986, -0.5437618759010732, 0.4406909489464138, -0.2054390779345246, 0.6830623119994422, 0.16237896559246962, -0.6497137068459317, -0.09118363135344827], [-0.24085025359045145, -0.6679983292548852, -0.24260742983421857, 0.7439446296464737, 0.3354044555511832, -0.6134037828602806, -0.28052541880759924, -0.3453561335417601, -0.00033868387517521636, 0.28842579492900255, 0.12776047980059935, -0.050900292185831295], [-0.5718567968005273, 0.0475203212915291, -0.6249340325953594, 0.0023446309913509322, -0.6134565393061423, 0.010431813933935857, 0.5413629055162176, 0.6427234151754389, 0.048407950230773225, 0.4345989860932312, 0.28850448467042317, -0.02369539384730874]], "inverted": true, "swapped": true, "error_lsq": 0.03861880095995777, "error_max": 0.2576721062077002, "target": "155.xyz", "model": "0.xyz", "model_rescale": 3.751011558992144, "target_rescale": 4.063517966336586},
{"mapping": [3, 0, 2, 7, 12, 13, 5, 9, 11, 1, 10, 6, 8, 14], "R": [[0.33029041072841037, -0.8849098541058268, 0.32839426713519715], [-0.2740703015574983, 0.24301656181535125, 0.9304990169192164], [-0.9032129950266663, -0.39733801830412707, -0.16226147055018714]], "T": [0.06783441778803925, -0.045113989164767346, 0.05110222060268219], "aligned_model": [[-0.5136513213898305, -0.15067072768629267, -0.6416450264157048, 0.22981300847119993, -0.15724740815947555, -0.5970682054283307, -0.2855639327382301, -0.09986690075745358, 0.4227198820950804, 0.4528313465921159, 0.5379429792683454, 0.7164962921840151, 0.033484724006243194, 0.05646144782346795], [-0.42382302397850674, -0.7700707050328436, -0.23567197280288438, -0.503470840049128, -0.045999409201051215, 0.20176507140840122, 0.36675184091819363, 0.5614327004908175, 0.2869931820216138, -0.6077207991672778, 0.6180525938444025, -0.20379684141940752, -0.08544342771234777, -0.01977568813011189], [-0.26805243093162934, 0.09798270714559287, 0.43066074719934605, -0.39984007859413706, -0.6569320241459058, -0.1052864918770833, 0.3602335694675395, -0.14426154871048621, -0.5817422492292282, 0.19579669729776675, 0.1590919040530939, -0.29209345299413386, 0.7126246216318589, 0.003853532808949456]], "inverted": false, "swapped": false, "error_lsq": 0.04186159247175987, "error_max": 0.30890705039799315, "target": "155.xyz", "model": "1.xyz", "model_rescale": 3.9405287249114394, "target_rescale": 4.063517966336586},
{"mapping": [5, 2, 6, 3, 1, 7, 4, 0, 9, 10, 11, 8, 13], "R": [[-0.22031064292499775, -0.9669151380517318, -0.1286014635234571], [-0.9469991597257079, 0.24362115224837722, -0.2093832028983619], [0.23378582526059558, 0.07565612984797679, -0.9693401559430256]], "T": [-0.11309907970579086, -0.06002152072972157, -0.07517201684534058], "aligned_model": [[-0.1584753932472922, 0.2747496008774536, -0.4180220282116851, 0.3323805049289082, 0.517122369815983, -0.7232155018272501, -0.05029168427490671, 0.5599351339460583, 0.2083165925072028, -0.564885855184311, -0.10887537211185355, -0.3281376001241203, -0.044617487810255485], [0.5978243934793829, 0.5220922824170342, 0.23704594460797468, -0.2744084254062247, -0.159756081917389, 0.2056119229938379, 0.33860247603965665, 0.3904008608624897, -0.7806690769090122, -0.5691504219704365, -0.7407815018686771, -0.2139167490285548, -0.09406302972806416], [-0.03736575161071895, -0.5404100975595313, -0.4602992909754306, 0.34121795302715063, -0.4708022061745756, 0.043195489103795226, 0.5971922001273726, 0.10553076623015994, -0.21429417317310825, -0.08212934782430303, 0.35995248556073806, 0.5935989697683193, -0.12226664691122414]], "inverted": false, "swapped": true, "error_lsq": 0.04566291577593902, "error_max": 0.29333691909745063, "target": "155.xyz", "model": "2.xyz", "model_rescale": 3.932901565614263, "target_rescale": 4.063517966336586},
{"mapping": [10, 11, 1, 12, 6, 2, 0, 4, 5, 8, 7, 9, 3, 13], "R": [[0.6796327063700875, -0.045415734406807795, -0.7321453376894238], [0.650336906118709, 0.49903407358079815, 0.5727363284665116], [0.339354229341577, -0.86539147469434, 0.3686954062018397]], "T": [0.013817697235715628, -0.08087242419403796, 0.06356864241645643], "aligned_model": [[-0.31535176024561146, 0.00023310014859167713, -0.7043536328418838, 0.13801337514665885, -0.29355799175123226, -0.611611764400077, -0.3077016042548931, -0.06592857216560649, 0.29221531792885325, 0.547577801557898, 0.585649631801047, 0.6715748598781787, 0.0490600629530797, 0.01821733411014623], [-0.6007331724010798, -0.938647226969535, -0.16054632673328495, -0.3868374681550846, 0.007354743767514396, 0.4268370205500639, 0.38001776051894176, 0.7649555656693554, 0.16356023379986967, -0.4247362232227535, 0.3411195956514953, -0.21935710979777673, -0.10373587440984192, -0.11002883707801338], [-0.30322518391694264, 0.31205716290153956, 0.22681885166867052, -0.6249737568747499, -0.5401104224309519, -0.14919639562762127, 0.4284739802059073, -0.14000431408316838, -0.5525053191767112, 0.4318682002269711, 0.13193179875888741, -0.233029480023007, 0.5724111685324366, -0.04848078703971695]], "inverted": true, "swapped": false, "error_lsq": 0.048690902345238644, "error_max": 0.30753956618108313, "target": "155.xyz", "model": "3.xyz", "model_rescale": 3.9243930471874484, "target_rescale": 4.063517966336586},
{"mapping": [8, 7, 11, 3, 9, 4, 0, 10, 12, 6, 1, 2, 13], "R": [[0.8411745427369881, -0.5113939836943714, 0.17578845835953022], [0.030529770651944566, 0.3694666971889212, 0.9287423177460205], [-0.5399012148117088, -0.7758676131335237, 0.32639872109940943]], "T": [-0.05571432597646396, -0.015352249776322165, -0.12375164177779298], "aligned_model": [[0.0217804638002244, -0.4864868005736201, 0.5922434747263982, 0.27213904222500024, 0.7284862807980593, -0.42795316072209033, -0.2966024053929622, 0.30265139868187746, 0.2678390878063915, -0.42288691385078875, 0.22533809075777356, -0.4964484688664829, -0.0028942030784281925], [-0.46948252983295047, 0.14174701301417192, -0.3030644700150843, -0.562359533140863, 0.045747657250509326, -0.6805904793397555, -0.5571118817975921, 0.27696366043277126, 0.6558920787506788, 0.4256345744428551, 0.03558591290667761, 0.12203910643884147, -0.0031715554286731867], [-0.6759655363750018, -0.6203087263022942, -0.5112535011976926, -0.018444409649177415, 0.028865915037876874, -0.3076425002266604, 0.4567466826845631, -0.6232487379244457, 0.06926981869535963, -0.10747244200259762, 0.5705567532972149, 0.5781077323984916, -0.052140733064672554]], "inverted": false, "swapped": true, "error_lsq": 0.04077647504048991, "error_max": 0.2138121449688042, "target": "155.xyz", "model": "4.xyz", "model_rescale": 3.8936222436046832, "target_rescale": 4.063517966336586},
{"mapping": [0, 1, 5, 4, 6, 12, 9, 10, 8, 3, 7, 13], "R": [[0.3287387820650271, 0.13793078773143505, -0.9342943385048357], [0.026281179650946937, 0.9875583278945583, 0.15504144156404948], [0.9440551428611346, -0.07552249202647993, 0.32102373811846535]], "T": [-0.1138611820670584, 0.016173563386384062, -0.02187105942147095], "aligned_model": [[-0.02904709756457656, -0.5524832570208184, -0.12643639483738112, 0.5156546552607705, -0.4945406337889133, -0.7556370397703455, -0.22037137397157208, -0.040285346215062676, 0.581236251799745, 0.27903589143232777, 0.034116081469736034, -0.16369369457881278], [-0.5738241417869441, -0.5926372840503628, 0.17858822571209595, -0.019054356177327997, 0.39635841166786795, 0.06998356483100682, -0.4214025154350087, 0.3663927410032369, 0.15241168023812215, -0.48886329465179296, 0.6549182924642217, -0.053948418705307755], [-0.5991215677422571, 0.002813596701650007, -0.6619592657248098, -0.48812024625528094, -0.2221027675510725, 0.3997226746011454, 0.6408345035673725, 0.5571842548950999, 0.10246184869837828, 0.0695842514797236, -0.18595013177010603, 0.003937568375674924]], "inverted": false, "swapped": true, "error_lsq": 0.033920081653537375, "error_max": 0.17612735948463268, "target": "155.xyz", "model": "5.xyz", "model_rescale": 3.6523030999806103, "target_rescale": 4.063517966336586},
{"mapping": [12, 10, 7, 6, 5, 9, 8, 1, 11, 3, 4, 0, 13], "R": [[0.941345572189641, -0.0788790286028633, -0.32809543210112846], [0.194523646844826, -0.6676394323242946, 0.7186223898709831], [-0.2757336840814828, -0.7402943247468283, -0.6131355871342737]], "T": [0.14500496154370962, -0.036091574618013426, 0.08248930347696892], "aligned_model": [[0.20618124615323088, -0.32014062827650847, 0.2514177585761011, 0.5729543815689664, 0.674739657617281, -0.3591456212552146, -0.359573888957666, 0.32760531558963435, -0.659348422672623, -0.21746681254236494, 0.12842754385066404, 0.487938645774322, 0.14749372923847143], [-0.6517735496670026, -0.06364186463758797, 0.49039564715571676, -0.0029689289383749637, 0.3407567887935998, -0.6561159804390324, 0.4663265985830172, -0.6848651692572606, -0.07151709882317683, -0.07788298241750247, 0.6018543589636852, -0.028731962853665798, -0.12100895229923203], [0.5404262119638732, 0.5787276482477515, 0.4927350388211269, 0.46368778853402215, -0.034198455662750496, 0.02419835218605526, -0.018288183875670716, -0.2482662534566693, 0.015065348128666972, -0.45104804616082395, -0.3732185799700253, -0.6730576472356193, 0.05334651796185211]], "inverted": true, "swapped": true, "error_lsq": 0.05187633696279798, "error_max": 0.3365776938190453, "target": "155.xyz", "model": "6.xyz", "model_rescale": 4.08911054899281, "target_rescale": 4.063517966336586},
{"mapping": [5, 8, 10, 6, 7, 12, 11, 13, 2, 3, 1, 0, 9, 14], "R": [[0.13452634850340517, -0.8515666421684359, -0.5066921308884869], [0.7896625225301489, -0.2167724774473999, 0.5739710737769272], [-0.5986115285138291, -0.47733001892536747, 0.6432886529102202]], "T": [-0.06897565810871469, -0.10178580365208592, -0.03930063207131198], "aligned_model": [[-0.6301051857508654, -0.13256005589505346, -0.6799362845079202, 0.2589427009797261, -0.1604503703819089, -0.6901490609529244, -0.29072087027275717, -0.21054019676082364, 0.4335224741041684, 0.4738658309787476, 0.4274768154092515, 0.8628035292581524, 0.34248772238944986, -0.0006008907320934481], [-0.448821055929547, -0.5635276057461827, -0.24745183556962133, -0.2919519025740298, -0.012484044124639049, 0.24091905387853127, 0.23727050433424993, 0.5846919421267595, 0.28520179999202633, -0.6697115331430364, 0.39923396970041203, -0.20541352980478575, -0.11005063693013954, -0.058682445020127136], [-0.42035366836435073, 0.45859544728865714, 0.31394633343196476, -0.36403032126992724, -0.802809988462764, -0.10784917133409797, 0.38543569066805, -0.2504932178744933, -0.537171865463648, 0.05679785789211931, 0.16184654564465764, -0.11483223781520327, 0.6279226341205222, 0.1050314646600568]], "inverted": false, "swapped": false, "error_lsq": 0.044250366438647736, "error_max": 0.2759544686064141, "target": "155.xyz", "model": "7.xyz", "model_rescale": 3.964800864290218, "target_rescale": 4.063517966336586},
{"mapping": [11, 9, 10, 12, 4, 6, 3, 0, 2, 8, 1, 7, 5, 13], "R": [[-0.7624592061831714, 0.6035428999336269, 0.23322076847107012], [0.3676010055178405, 0.10743464157343108, 0.9237571642657293], [0.5324710880872323, 0.7900593431696742, -0.30377750841940643]], "T": [-0.006813525434175673, 0.004417099181345752, -0.055482801140103274], "aligned_model": [[-0.5922977420079847, -0.057589818025070204, -0.428667129754981, 0.21138775909186097, -0.25311862224695947, -0.5227807297986712, -0.3905799353774599, 0.020467750659479405, 0.2683486021165092, 0.4022672179976286, 0.6504282374643284, 0.6592497104291861, 0.025521283938507788, 0.01139957337877549], [-0.49081011121851525, -0.6729608837948691, -0.4067188065472383, -0.5873917786366694, -0.0011663329366943254, 0.1893205545513476, 0.49950440220179815, 0.7201310581526996, 0.3421979639276325, -0.4828531236486217, 0.30682708341960935, -0.16354557767481376, -0.06430462074234161, -0.04900714586345341], [-0.37027093102464226, 0.05604102177864817, 0.5173529663792743, -0.47120553188204745, -0.7145700636354961, -0.24546800948817243, 0.3099957901475191, -0.06846869467872922, -0.554279973071865, 0.3761168474971462, 0.14376919435172253, -0.24256959911434295, 0.7771650885959744, -0.0015726027334462891]], "inverted": true, "swapped": false, "error_lsq": 0.04900745361753606, "error_max": 0.41977450357441354, "target": "155.xyz", "model": "8.xyz", "model_rescale": 4.121658175737393, "target_rescale": 4.063517966336586},
{"mapping": [3, 11, 8, 4, 9, 1, 10, 6, 7, 12, 0, 5, 13], "R": [[-0.20201801163397243, 0.968653133811963, -0.14456773267821305], [-0.7234240888427887, -0.2470892203346579, -0.6446739523793337], [-0.6601865726121947, -0.02565196972308309, 0.7506634837208277]], "T": [0.007003985006950493, -0.0237189837083951, 0.036660573590711266], "aligned_model": [[-0.4110213562450595, -0.23586388571303224, 0.23556818217364278, 0.2462786254352679, -0.6266190447832773, -0.6548841053819544, 0.16752693203780006, 0.3452794494981066, 0.6811612330023977, -0.2036341996745584, -0.34476731036452424, 0.35393105778163647, -0.0762180813312481], [0.209738092752984, -0.3487876509514656, 0.04817644041480328, 0.6032886349683355, -0.4774612231553535, 0.03083195894164894, -0.6310306471726388, -0.11304942635896606, -0.06372213722585912, -0.6226164807524653, 0.721389367006379, 0.47084788727804366, -0.03721737633373573], [-0.3975594394841542, -0.6620030673475037, -0.6414023990429172, -0.36896066914167924, -0.14944623771320883, 0.3867714921559979, -0.22559285332118098, 0.4917868010328468, 0.009720007241617222, 0.471937942106258, 0.1345348390754508, 0.30367140981630414, 0.06761760858125809]], "inverted": false, "swapped": true, "error_lsq": 0.03682707210143111, "error_max": 0.20876611284309962, "target": "155.xyz", "model": "9.xyz", "model_rescale": 3.833441315466971, "target_rescale": 4.063517966336586},
{"mapping": [11, 7, 9, 12, 10, 8, 2, 13, 0, 6, 5, 1, 4, 14], "R": [[-0.1894316441003146, -0.6464325173077651, -0.7390809514394199], [-0.49031159075533204, -0.5898708614487214, 0.6415971561538589], [-0.8507115822559534, 0.48391876113753796, -0.20521314878604374]], "T": [0.029854188540931696, -0.1318811528383722, -0.02191181356795057], "aligned_model": [[-0.3656462644401352, -0.38143517432380564, -0.6813637317313905, 0.2992030046451956, -0.2931173059881755, -0.7012950535331055, -0.2566999841336756, 0.0017344322443754757, 0.33392698713047175, 0.5397733804152661, 0.3781507620029181, 0.7283917845447335, 0.437831413268301, -0.03541809223582432], [-0.5967523856649952, -0.591152733350066, 0.014549492367516292, -0.5141166319009428, 0.006604727951613681, 0.005093250118862025, 0.3981677050863539, 0.6612833973020867, 0.2969042638506465, -0.5357252580567295, 0.3837525292350026, -0.05376311283079993, -0.21056058631254126, -0.1250619766061367], [-0.32656113594631586, 0.23072359984518376, 0.33952595778531386, -0.40186879944899917, -0.7650573027309588, -0.25475974919506844, 0.3699876241237864, -0.09797637246998153, -0.4549311679811407, 0.17333655258020836, 0.24312894611460034, -0.24896187788952256, 0.6587325215602985, 0.04671670677413877]], "inverted": false, "swapped": false, "error_lsq": 0.049288623560641, "error_max": 0.29981704699289397, "target": "155.xyz", "model": "10.xyz", "model_rescale": 4.2482417240324, "target_rescale": 4.063517966336586},
{"mapping": [0, 1, 9, 12, 4, 8, 3, 10, 6, 7, 5, 13], "R": [[-0.7517236624184143, -0.2541247603559558, -0.6085492104458556], [-0.3393128126616824, -0.6422195896691716, 0.6873287523512887], [-0.5654894787030651, 0.7231698312424192, 0.39654387481960546]], "T": [0.023837602942972595, 0.051850889335362776, -0.07997233610000218], "aligned_model": [[-0.727191466841311, -0.050936429007609675, 0.48164344973993495, 0.6007438642287831, -0.5823311093315618, -0.015357700538794435, -0.19204411823839102, 0.6435680293891428, 0.09428266939469276, 0.06929737468264605, -0.48028097373742956, 0.035372012622904625], [-0.22283624395889443, -0.6430119195447966, -0.23874098514556333, -0.4382630804510922, 0.5393237020875817, 0.7167938597564116, 0.11647264430520685, 0.33138041042144606, -0.07504050374388274, 0.5108330813871067, 0.09564854511880108, -0.02642812018168547], [0.14141236422486306, 0.19429728639278668, 0.5099141598267822, -0.21954492174196388, 0.019271046920765783, 0.19112637906786104, 0.5258440746036691, -0.045776160751870285, -0.6353876471435367, -0.5740197001898226, -0.5044670903159062, -0.037477501039271825]], "inverted": true, "swapped": true, "error_lsq": 0.04628774870912456, "error_max": 0.27642299160672873, "target": "155.xyz", "model": "11.xyz", "model_rescale": 3.6694154284099745, "target_rescale": 4.063517966336586},
{"mapping": [11, 9, 8, 6, 4, 3, 2, 1, 0, 7, 12, 5, 10, 13], "R": [[0.8133711063941947, 0.5801676107746377, 0.04281339382870791], [0.24392474269534292, -0.40693315177714345, 0.8802875268261677], [0.5281365005224448, -0.7055571935660275, -0.47250490306782733]], "T": [0.0642350786627605, -0.09500060324721689, -0.03694451194106793], "aligned_model": [[-0.37178956420298087, -0.2057884614371308, -0.6240415619379577, 0.2412209587391952, -0.3602981518704804, -0.6844722731254806, -0.2451262313947385, -0.15282963327210464, 0.33720923798098607, 0.49720449461980276, 0.491454187310005, 0.8379285822189757, 0.16713098495062473, 0.07623358928643365], [-0.6411706997388514, -0.7057797064532016, -0.18483534497782678, -0.40199450797539227, 0.06911975797781654, 0.3093655963853829, 0.3357294718892444, 0.7142766963929776, 0.27448300540945386, -0.6164358534859127, 0.33713510471754465, -0.20266803488831053, -0.13820950726282566, -0.009793296800229015], [-0.2748717811205288, 0.408838441713403, 0.2643905781043402, -0.4777228850119206, -0.6204808800919029, -0.16799480219732185, 0.3439501658962094, -0.15705553233999123, -0.5843975562325492, 0.26769967908162406, 0.26721180210639206, -0.22235454186232348, 0.5884147531149567, -0.12359193803884416]], "inverted": true, "swapped": false, "error_lsq": 0.03759831359673117, "error_max": 0.213053837009324, "target": "155.xyz", "model": "12.xyz", "model_rescale": 3.9764082729961374, "target_rescale": 4.063517966336586},
{"mapping": [11, 3, 14, 8, 10, 13, 6, 12, 1, 7, 0, 2, 4, 15], "R": [[0.408921520926569, 0.1553128578259345, 0.8992558623200869], [-0.7894547804959535, 0.5545049056827765, 0.2632213120661425], [-0.4577601329027988, -0.8175586986679774, 0.3493614674762169]], "T": [0.019563536622566834, 0.09364226818612907, 0.01632873813737279], "aligned_model": [[-0.4958868403051566, -0.10161128421879799, -0.6509298215886532, 0.11707759076420958, -0.16616558491759298, -0.560823911847976, -0.4754887462773022, -0.14665955228017827, 0.3010079082624385, 0.5305371391485532, 0.6992218304685681, 0.6986406686800559, 0.24093270970206349, 0.014184052274917784], [-0.3831345011565107, -0.7322561914129005, -0.28197272991329647, -0.45817272785228735, 0.005240201809384781, 0.27294664552276426, 0.23692952758581043, 0.5739156072347102, 0.21310584551187228, -0.37337408815008377, 0.18553665932759067, -0.1817816134169744, 0.040339214128538095, 0.021900831971253004], [-0.35453447099730795, 0.12427244818860668, 0.23578276378392746, -0.4145355746578881, -0.7607405425773571, -0.05770433631366989, 0.580288669505363, -0.3695740209393471, -0.5403040830524755, 0.3193722983049717, 0.25450505514925387, -0.29871958841805407, 0.6975175485397908, 0.0964093366057295]], "inverted": true, "swapped": false, "error_lsq": 0.044947941823830065, "error_max": 0.3040646273658822, "target": "155.xyz", "model": "13.xyz", "model_rescale": 4.170626492500431, "target_rescale": 4.063517966336586},
{"mapping": [9, 3, 1, 11, 10, 7, 0, 8, 12, 6, 4, 5, 2, 13], "R": [[-0.3263621516965277, 0.9332135468806757, -0.15033370167198673], [0.9187323503778213, 0.27576720964021656, -0.28263636435620465], [-0.2223029786333442, -0.23035824709707728, -0.9473734552356347]], "T": [-0.016322894738120867, -0.03794050764181671, 0.03644586003761454], "aligned_model": [[-0.4990051597233851, -0.0789576149579351, -0.7369303774050432, 0.16687486898350024, -0.20909809672963345, -0.6704541366145087, -0.38280339557914655, -0.04558558832881475, 0.3805307195958376, 0.645772495988254, 0.4504723321851477, 0.7709552666234093, 0.1628549155330084, 0.049409928294459025], [-0.5045237778576611, -0.6622019409847483, -0.25826816542520903, -0.5973557648159771, 0.062035449799428835, 0.41482908906668037, 0.20890470517431292, 0.6558749590888198, 0.24566139454333735, -0.5336697355045698, 0.47384858067597196, -0.25224307855018896, -0.010037588094998676, -0.1036314459253281], [-0.4170123204898319, 0.3225370327317361, 0.188087045193468, -0.3549015566388095, -0.484294799413582, -0.12021241004886249, 0.43721747822053075, -0.22684121844154262, -0.50924937638397, 0.18932323982800411, 0.18888363683038153, -0.3654090056807161, 0.6689400549703044, -0.0050322975555674235]], "inverted": false, "swapped": false, "error_lsq": 0.03963218114231735, "error_max": 0.2614244130461319, "target": "155.xyz", "model": "14.xyz", "model_rescale": 3.9786697098870705, "target_rescale": 4.063517966336586},
{"mapping": [7, 6, 4, 8, 5, 0, 12, 1, 3, 10, 2, 13], "R": [[-0.3393472201992554, 0.30500932861926994, 0.8898386222221761], [0.8127470810644899, 0.5713322099628002, 0.1141126113984553], [-0.4735880555548147, 0.7619375402972645, -0.44177543879392484]], "T": [0.038295301009785496, -0.10332338446801101, 0.02603586916298371], "aligned_model": [[-0.11269687039313965, -0.47978124385036813, 0.5936361161224177, 0.6130403418513963, -0.07987093129502441, 0.33522247535040706, -0.5386634614606598, -0.09346979221053868, 0.614816192475337, -0.012674292678716462, -0.38126792314861857, 0.025063986004844312], [-0.3992590265169367, -0.08922738473281883, 0.12194581684482256, -0.44648656753578186, 0.2886609817584306, 0.6714565796950833, -0.3028958232326724, 0.35017185249119753, 0.03772929689027432, -0.7727376989589948, 0.6240427143562434, -0.06872625083440778], [-0.5625535474692445, -0.22084081508199652, -0.4797010841995816, -0.2368083944377896, -0.4922638207271034, 0.018346222492141195, 0.4948668327815259, 0.6096704595577437, 0.2820089439558102, 0.1385459091772101, 0.0008404369230488838, 0.10785535090206551]], "inverted": true, "swapped": true, "error_lsq": 0.0457798450843104, "error_max": 0.25364649313944404, "target": "155.xyz", "model": "15.xyz", "model_rescale": 3.769337070930944, "target_rescale": 4.063517966336586},
{"mapping": [3, 4, 9, 1, 11, 8, 10, 7, 12, 2, 13], "R": [[-0.6456575892227878, -0.7557504491879478, -0.10939623408158589], [-0.4633431837151182, 0.5015958812906206, -0.7305577773024007], [0.6069920687980661, -0.42100217389522, -0.674031006699056]], "T": [-0.028370750653995573, -0.02589962631797354, 0.10932587409541031], "aligned_model": [[-0.2845100882517477, -0.19492030675858174, -0.003233143054752703, -0.5828982363411158, 0.3187962631291967, 0.2999375710170164, 0.6009042919297006, 0.40532721434215074, 0.12381222824857124, -0.6819905407970668, -0.07859912277220038], [-0.00967451516274475, -0.7211719740863625, 0.6702173839127181, 0.4797482593457924, 0.18383474876180553, -0.40469758749821805, 0.21147798279742372, -0.4673476057068679, 0.638150168429854, -0.03270211304893974, 0.048229749880881335], [-0.4839057819517659, -0.21281867075446229, -0.2866351311870188, 0.1309773909612643, -0.5894386646950487, -0.4063345661366432, 0.00427005796820934, 0.3810680277687235, 0.4676431293052338, 0.6370231800373393, 0.10236863590794595]], "inverted": true, "swapped": true, "error_lsq": 0.050165987052697474, "error_max": 0.2249869980628133, "target": "155.xyz", "model": "16.xyz", "model_rescale": 3.7852294659196426, "target_rescale": 4.063517966336586},
{"mapping": [6, 1, 0, 2, 12, 9, 11, 3, 5, 7, 10, 4, 13], "R": [[-0.6010572743660181, 0.47507509946704646, -0.642677059492611], [0.7768747007000543, 0.536070367768237, -0.3302942025119848], [0.18760557652664325, -0.6978052813408644, -0.6912828198276757]], "T": [0.017278780471323203, 0.1351156018767004, -0.04037763065881466], "aligned_model": [[0.1355676921277785, -0.42350345373992954, 0.3156630669593918, 0.15839906434415457, -0.6056188351199708, -0.723934053873257, -0.3160721802233988, -0.051382951799873726, 0.5870702573509998, 0.4453725581985993, -0.29319504209331504, 0.6771610986769432, -0.051761370591839294], [-0.03567950329116476, -0.4337618861181795, -0.4437430167811495, -0.6801276416908855, -2.5639242639929893e-05, 0.2379297669724178, 0.7332200871135852, 0.18761198450118616, -0.16758954882475136, 0.4516999484247207, 0.6965181323517888, 0.24549304191203297, 0.08350989837591305], [-0.5755288860963722, 0.17348852023393393, 0.4738192067283142, -0.18595602839632366, -0.4719427471740368, 0.24602888220558644, 0.3884970433005067, 0.6001878293578429, -0.18164629306243424, -0.45669975404802304, -0.2679850499326075, 0.36863538482768216, -0.015143410800894746]], "inverted": false, "swapped": true, "error_lsq": 0.036131702869787286, "error_max": 0.18844498596497633, "target": "155.xyz", "model": "17.xyz", "model_rescale": 3.901054581598922, "target_rescale": 4.063517966336586},
{"mapping": [3, 0, 2, 7, 12, 13, 5, 9, 11, 1, 10, 6, 8, 14], "R": [[0.33029041072841037, -0.8849098541058268, 0.32839426713519715], [-0.2740703015574983, 0.24301656181535125, 0.9304990169192164], [-0.9032129950266663, -0.39733801830412707, -0.16226147055018714]], "T": [0.06783441778803925, -0.045113989164767346, 0.05110222060268219], "aligned_model": [[-0.5136513213898305, -0.15067072768629267, -0.6416450264157048, 0.22981300847119993, -0.15724740815947555, -0.5970682054283307, -0.2855639327382301, -0.09986690075745358, 0.4227198820950804, 0.4528313465921159, 0.5379429792683454, 0.7164962921840151, 0.033484724006243194, 0.05646144782346795], [-0.42382302397850674, -0.7700707050328436, -0.23567197280288438, -0.503470840049128, -0.045999409201051215, 0.20176507140840122, 0.36675184091819363, 0.5614327004908175, 0.2869931820216138, -0.6077207991672778, 0.6180525938444025, -0.20379684141940752, -0.08544342771234777, -0.01977568813011189], [-0.26805243093162934, 0.09798270714559287, 0.43066074719934605, -0.39984007859413706, -0.6569320241459058, -0.1052864918770833, 0.3602335694675395, -0.14426154871048621, -0.5817422492292282, 0.19579669729776675, 0.1590919040530939, -0.29209345299413386, 0.7126246216318589, 0.003853532808949456]], "inverted": false, "swapped": false, "error_lsq": 0.04186159247175987, "error_max": 0.30890705039799315, "target": "155.xyz", "model": "18.xyz", "model_rescale": 3.9405287249114394, "target_rescale": 4.063517966336586},
{"mapping": [5, 9, 8, 11, 2, 6, 0, 1, 10, 13, 12, 14, 4, 15], "R": [[0.016924122152104596, 0.07374351806602311, -0.997133625765688], [0.22506616795031825, 0.9714014166877627, 0.07566047647990956], [0.9741964864099746, -0.22570153123152248, -0.00015705478754370625]], "T": [0.09765169816220196, -0.0297861720583866, 0.06605269531333877], "aligned_model": [[-0.5307433726204202, -0.09765714173696363, -0.6201194275224858, 0.2769500162496805, -0.32879096636807026, -0.5857539081713803, -0.3473838224425996, -0.09838223926397857, 0.30502326294767523, 0.5757541349077364, 0.489734198915836, 0.8004937996340097, 0.07737581680808177, 0.08753580652802825], [-0.4016763617033322, -0.7719416012914057, -0.17102862742469307, -0.564918624716032, 0.11491520616256454, 0.20766115032231683, 0.34268283612249406, 0.5865668759610517, -0.008578377737169608, -0.48660398191096577, 0.2930840698207716, -0.08555921830206828, 0.11129923491024749, -0.026679899023909125], [-0.331540016668178, 0.07439672753585815, 0.2587372444380418, -0.38194124788615413, -0.6772732412867004, -0.12065296051498156, 0.4346778183051332, -0.06509241345467784, -0.6918729610177945, 0.18465030891261008, 0.27139431730231406, -0.25432412935969995, 0.7832338615411524, 0.027642195274620536]], "inverted": true, "swapped": false, "error_lsq": 0.04031700092978225, "error_max": 0.2743129102099571, "target": "155.xyz", "model": "19.xyz", "model_rescale": 4.410303926677745, "target_rescale": 4.063517966336586},
{"mapping": [11, 9, 10, 12, 4, 6, 3, 0, 2, 8, 1, 7, 5, 13], "R": [[-0.7624592061831714, 0.6035428999336269, 0.23322076847107012], [0.3676010055178405, 0.10743464157343108, 0.9237571642657293], [0.5324710880872323, 0.7900593431696742, -0.30377750841940643]], "T": [-0.006813525434175673, 0.004417099181345752, -0.055482801140103274], "aligned_model": [[-0.5922977420079847, -0.057589818025070204, -0.428667129754981, 0.21138775909186097, -0.25311862224695947, -0.5227807297986712, -0.3905799353774599, 0.020467750659479405, 0.2683486021165092, 0.4022672179976286, 0.6504282374643284, 0.6592497104291861, 0.025521283938507788, 0.01139957337877549], [-0.49081011121851525, -0.6729608837948691, -0.4067188065472383, -0.5873917786366694, -0.0011663329366943254, 0.1893205545513476, 0.49950440220179815, 0.7201310581526996, 0.3421979639276325, -0.4828531236486217, 0.30682708341960935, -0.16354557767481376, -0.06430462074234161, -0.04900714586345341], [-0.37027093102464226, 0.05604102177864817, 0.5173529663792743, -0.47120553188204745, -0.7145700636354961, -0.24546800948817243, 0.3099957901475191, -0.06846869467872922, -0.554279973071865, 0.3761168474971462, 0.14376919435172253, -0.24256959911434295, 0.7771650885959744, -0.0015726027334462891]], "inverted": true, "swapped": false, "error_lsq": 0.04900745361753606, "error_max": 0.41977450357441354, "target": "155.xyz", "model": "20.xyz", "model_rescale": 4.121658175737393, "target_rescale": 4.063517966336586},
{"mapping": [12, 10, 7, 6, 5, 9, 8, 1, 11, 3, 4, 0, 13], "R": [[0.941345572189641, -0.0788790286028633, -0.32809543210112846], [0.194523646844826, -0.6676394323242946, 0.7186223898709831], [-0.2757336840814828, -0.7402943247468283, -0.6131355871342737]], "T": [0.14500496154370962, -0.036091574618013426, 0.08248930347696892], "aligned_model": [[0.20618124615323088, -0.32014062827650847, 0.2514177585761011, 0.5729543815689664, 0.674739657617281, -0.3591456212552146, -0.359573888957666, 0.32760531558963435, -0.659348422672623, -0.21746681254236494, 0.12842754385066404, 0.487938645774322, 0.14749372923847143], [-0.6517735496670026, -0.06364186463758797, 0.49039564715571676, -0.0029689289383749637, 0.3407567887935998, -0.6561159804390324, 0.4663265985830172, -0.6848651692572606, -0.07151709882317683, -0.07788298241750247, 0.6018543589636852, -0.028731962853665798, -0.12100895229923203], [0.5404262119638732, 0.5787276482477515, 0.4927350388211269, 0.46368778853402215, -0.034198455662750496, 0.02419835218605526, -0.018288183875670716, -0.2482662534566693, 0.015065348128666972, -0.45104804616082395, -0.3732185799700253, -0.6730576472356193, 0.05334651796185211]], "inverted": true, "swapped": true, "error_lsq": 0.05187633696279798, "error_max": 0.3365776938190453, "target": "155.xyz", "model": "21.xyz", "model_rescale": 4.08911054899281, "target_rescale": 4.063517966336586},
{"mapping": [7, 4, 13, 6, 10, 12, 14, 9, 5, 1, 11, 8, 2, 16], "R": [[0.9817311617055596, -0.13408915847300085, -0.13499638408585318], [-0.19002049077905742, -0.7274860489545106, -0.6592846590514918], [-0.00980506095538905, 0.6728923733826668, -0.7396754116658896]], "T": [0.017649452908303012, -0.07139728532570645, 0.04454315276790625], "aligned_model": [[-0.4265822108664501, -0.23246459863865682, -0.5952400494119701, 0.18200664870003408, -0.23874642491721626, -0.6483808682217325, -0.3229073230009778, -0.13631047943619984, 0.26693929533912464, 0.6763192100797933, 0.704854744442211, 0.6273113997340033, 0.1543526675255475, -0.00711585346236044], [-0.4143477179011938, -0.5414407175546018, -0.30130847584360637, -0.5270853546585161, 0.10880258414552672, 0.20650869770873148, 0.37025436300221115, 0.5747712632556637, 0.3326168767552643, -0.39492107832603096, 0.2652099776166922, -0.1957831345491554, -0.23249870878577106, -0.11155589367534392], [-0.39230855857775687, 0.49487005503447495, 0.13530255144643483, -0.5219365240172226, -0.699045826501938, -0.11083181935814021, 0.362013607863452, -0.21296443473048207, -0.47733440494749807, 0.34700784098187404, 0.06291345708414336, -0.2614020860669735, 0.7349143513601603, 0.05083729355101484]], "inverted": true, "swapped": false, "error_lsq": 0.04000598262615913, "error_max": 0.23126114246392526, "target": "155.xyz", "model": "22.xyz", "model_rescale": 4.204369325754507, "target_rescale": 4.063517966336586},
{"mapping": [5, 9, 8, 11, 2, 6, 0, 1, 10, 13, 12, 14, 4, 15], "R": [[0.016924122152104596, 0.07374351806602311, -0.997133625765688], [0.22506616795031825, 0.9714014166877627, 0.07566047647990956], [0.9741964864099746, -0.22570153123152248, -0.00015705478754370625]], "T": [0.09765169816220196, -0.0297861720583866, 0.06605269531333877], "aligned_model": [[-0.5307433726204202, -0.09765714173696363, -0.6201194275224858, 0.2769500162496805, -0.32879096636807026, -0.5857539081713803, -0.3473838224425996, -0.09838223926397857, 0.30502326294767523, 0.5757541349077364, 0.489734198915836, 0.8004937996340097, 0.07737581680808177, 0.08753580652802825], [-0.4016763617033322, -0.7719416012914057, -0.17102862742469307, -0.564918624716032, 0.11491520616256454, 0.20766115032231683, 0.34268283612249406, 0.5865668759610517, -0.008578377737169608, -0.48660398191096577, 0.2930840698207716, -0.08555921830206828, 0.11129923491024749, -0.026679899023909125], [-0.331540016668178, 0.07439672753585815, 0.2587372444380418, -0.38194124788615413, -0.6772732412867004, -0.12065296051498156, 0.4346778183051332, -0.06509241345467784, -0.6918729610177945, 0.18465030891261008, 0.27139431730231406, -0.25432412935969995, 0.7832338615411524, 0.027642195274620536]], "inverted": true, "swapped": false, "error_lsq": 0.04031700092978225, "error_max": 0.2743129102099571, "target": "155.xyz", "model": "23.xyz", "model_rescale": 4.410303926677745, "target_rescale": 4.063517966336586},
{"mapping": [1, 0, 3, 7, 11, 10, 4, 9, 14, 12, 6, 13, 5, 16], "R": [[0.3976806867486786, -0.8620734599548003, -0.31413280794698784], [-0.07514215533976126, 0.31061964992270186, -0.947559544077729], [0.9144417575100094, 0.40043074647616395, 0.058749377856685187]], "T": [0.005639741878296378, 0.036465826293983594, -0.04839016289992092], "aligned_model": [[-0.5616711507627581, -0.038364261117395194, -0.7148866927509163, 0.10743310544098583, -0.12032379122341322, -0.5903186529777238, -0.3887956577403913, -0.1326277067863774, 0.426961081416737, 0.5180801866463802, 0.7335145366125398, 0.6349310980318269, 0.21774304067015762, -0.08763897759450251], [-0.5083942433808282, -0.6348803182776854, -0.35246100463074587, -0.5301147496162371, 0.10396867646404012, 0.2676561596447665, 0.17971889638753233, 0.6053501235091703, 0.40561170605578567, -0.45197758504455365, 0.16073497115809365, -0.16741299495400105, 0.0930422759464619, -0.03161923207192928], [-0.3913496432107978, 0.29474802059949434, 0.3242068873050202, -0.3808889731506264, -0.6650732583048592, -0.1715509019420556, 0.4973053991377132, -0.2712640120840032, -0.42835021121954997, 0.332403297219287, 0.1323127772674251, -0.286323849346628, 0.541027625611983, -0.015167654760859649]], "inverted": true, "swapped": false, "error_lsq": 0.04385979845731492, "error_max": 0.2597175077864194, "target": "155.xyz", "model": "24.xyz", "model_rescale": 4.28219845311461, "target_rescale": 4.063517966336586},
{"mapping": [6, 2, 0, 14, 10, 8, 1, 5, 11, 13, 9, 12, 4, 15], "R": [[0.737082632579655, -0.24192253821259846, 0.631017177463672], [-0.37705064449599, -0.9221063722507027, 0.08690598218654014], [0.5608404445424778, -0.3019823235876936, -0.7708856413281892]], "T": [0.09899144100683085, -0.024754900681835855, 0.08612210602224024], "aligned_model": [[-0.6420973849544742, -0.03371219859628671, -0.5676407404084262, 0.14332216150350066, -0.17821058333590703, -0.4315968640294303, -0.35858708000115846, -0.08249916881652367, 0.2995796146754953, 0.5417843606435462, 0.5913921627316571, 0.7252327487402118, -0.04488743490519806, 0.041956564618142796], [-0.3982384176911294, -0.6943404550734111, -0.3640460030827527, -0.5147673115520949, -0.027831216441390465, 0.26171724975078575, 0.36358853214759485, 0.7597058002682634, 0.14023651765214948, -0.4014405933775412, 0.436429054005429, -0.17081114100351413, -0.19317807871208567, -0.057801255700431695], [-0.26529580689439664, 0.13927240022774645, 0.4117557261675081, -0.4953134014143038, -0.6574196835293047, -0.2579066929380806, 0.3090316709517555, -0.19130040230209766, -0.39243749079826445, 0.20842818181144418, 0.12765008529832356, -0.3272896734235142, 0.7829585826752594, 0.11990200728946757]], "inverted": false, "swapped": false, "error_lsq": 0.04535986214553824, "error_max": 0.2681101728587333, "target": "155.xyz", "model": "25.xyz", "model_rescale": 4.100010024507729, "target_rescale": 4.063517966336586},
{"mapping": [0, 1, 9, 12, 4, 8, 3, 10, 6, 7, 5, 13], "R": [[-0.7517236624184143, -0.2541247603559558, -0.6085492104458556], [-0.3393128126616824, -0.6422195896691716, 0.6873287523512887], [-0.5654894787030651, 0.7231698312424192, 0.39654387481960546]], "T": [0.023837602942972595, 0.051850889335362776, -0.07997233610000218], "aligned_model": [[-0.727191466841311, -0.050936429007609675, 0.48164344973993495, 0.6007438642287831, -0.5823311093315618, -0.015357700538794435, -0.19204411823839102, 0.6435680293891428, 0.09428266939469276, 0.06929737468264605, -0.48028097373742956, 0.035372012622904625], [-0.22283624395889443, -0.6430119195447966, -0.23874098514556333, -0.4382630804510922, 0.5393237020875817, 0.7167938597564116, 0.11647264430520685, 0.33138041042144606, -0.07504050374388274, 0.5108330813871067, 0.09564854511880108, -0.02642812018168547], [0.14141236422486306, 0.19429728639278668, 0.5099141598267822, -0.21954492174196388, 0.019271046920765783, 0.19112637906786104, 0.5258440746036691, -0.045776160751870285, -0.6353876471435367, -0.5740197001898226, -0.5044670903159062, -0.037477501039271825]], "inverted": true, "swapped": true, "error_lsq": 0.04628774870912456, "error_max": 0.27642299160672873, "target": "155.xyz", "model": "26.xyz", "model_rescale": 3.6694154284099745, "target_rescale": 4.063517966336586},
{"mapping": [0, 4, 5, 2, 6, 1, 7, 3, 12, 10, 9, 11, 8, 13], "R": [[0.22199007476562993, 0.09261537112765944, 0.9706404070181891], [0.9668379821199429, 0.10800990097884955, -0.23142639784773075], [-0.12627241597350977, 0.9898263758465042, -0.06556693254063278]], "T": [0.004685735967281966, -0.06933377775878888, 0.03610366231959523], "aligned_model": [[-0.43922107039074654, 0.009201688210282465, -0.7273421843470134, 0.13741184112851684, -0.19417164196472483, -0.7843578771521457, -0.25699884370916626, 0.0013891370844379622, 0.4242670746217361, 0.47110211904936034, 0.5122692532608729, 0.7560055882564944, 0.08014595720790404, 0.014335116609340792], [-0.5229575205688795, -0.8479127612129634, -0.13476264871014568, -0.4840199549321542, 0.1326166026573946, 0.09877459273423356, 0.42668499099031976, 0.7221297554398209, 0.2689962106918202, -0.3920691405353749, 0.3312861340480524, -0.18092707933142332, -0.17307731881215344, -0.10553918126867656], [-0.14857332693765363, 0.29939996458707746, 0.32907582217016595, -0.4859584045588094, -0.5890860839943995, -0.3227784994847617, 0.3217872049443367, -0.12639504040175353, -0.546319836970566, 0.23657401698265731, 0.2522660889947654, -0.36294631430667496, 0.6621230111659983, -0.007133099068839278]], "inverted": false, "swapped": false, "error_lsq": 0.04185960107838522, "error_max": 0.26072053072804524, "target": "155.xyz", "model": "27.xyz", "model_rescale": 4.103607728864725, "target_rescale": 4.063517966336586},
