[{"mapping": [2, 7, 4, 1, 0, 5, 10, 6, 8, 9, 11, 13], "R": [[0.44618221893835464, -0.8943327650791824, -0.033020187901809495], [0.45581764036932954, 0.25884974260282456, -0.8516026593914491], [0.7701634282614198, 0.36491878008712575, 0.5231468032095209]], "T": [0.011563024873359423, -0.152292950456826, -0.049461045999541306], "aligned_model": [[-0.30267201840823565, 0.14298194242042608, 0.3497080838996252, -0.010797197565416477, -0.09207752562462199, -0.5215317769006224, 0.28271076801933503, -0.2680004744601421, 0.642702880800697, 0.14787588926842898, -0.5105877140883501, -0.02267039490057473], [-0.39861067222390595, -0.7965262066817791, -0.17977603315940663, 0.5064359129564877, 0.4140593380876014, -0.47306960249134233, -0.09005581093624315, -0.7035208933060717, 0.1964796078506727, 0.47809598869905146, 0.18365444917171214, -0.08361104198971936], [-0.6273267844447951, -0.08113705288925137, -0.5491081838776747, -0.07971742562424204, -0.6918234972552655, 0.07115617697154665, 0.6311943546058281, 0.593334291941169, 0.0008257649003103468, 0.40417038066335226, 0.4104588398772327, 0.0999248804853521]], "inverted": false, "swapped": true, "error_lsq": 0.04279948442661446, "error_max": 0.21520739681779355, "target": "156.xyz", "model": "0.xyz", "model_rescale": 3.751011558992144, "target_rescale": 3.884550155341613},
{"mapping": [2, 0, 13, 10, 5, 12, 11, 9, 8, 1, 6, 7, 3, 14], "R": [[0.16639989509831773, -0.970582983694622, -0.1740107659707137], [0.8232120852545011, 0.23388195051008356, -0.5173210762346102], [0.5428010110548851, -0.057165592693896206, 0.8379135739500528]], "T": [0.13231836585190712, -0.04762297592334903, -0.021936646170160005], "aligned_model": [[-0.290949451236973, 0.2789218792167961, -0.5879863251302666, 0.2694815192985211, -0.2715692245029889, -0.2467463307783265, 0.12228226584314425, -0.3317830749532329, 0.29514366425884697, 0.7497373555743332, 0.667918835479917, 0.3554513501455999, -0.28204762458741994, 0.09888616652650097], [-0.13489902448589797, 0.41135938887952944, -0.02066244354270966, -0.6093822202901609, -0.5109361415787578, 0.5093884678758253, 0.17544403259385194, -0.2773513812551885, -0.515609856732841, 0.1688626039898493, 0.24573004311156738, 0.5727220953572324, 0.4997928668631409, -0.027347201857682114], [-0.7268943387675459, -0.6078949357851408, -0.11102357081910391, 0.5594982760987645, -0.13284999921342458, 0.2911501011102055, 0.7441386603986377, 0.38552419091799167, -0.463405165691956, -0.2619644242618248, 0.41487210881020464, 0.04920186418341249, -0.356664312409997, 0.016468997655609035]], "inverted": false, "swapped": false, "error_lsq": 0.04542961786945606, "error_max": 0.25889489880316435, "target": "156.xyz", "model": "1.xyz", "model_rescale": 3.9405287249114394, "target_rescale": 3.884550155341613},
{"mapping": [6, 10, 11, 4, 8, 5, 7, 3, 1, 12, 0, 2, 13], "R": [[0.43121043970771916, -0.8977828366266584, -0.08968575664879441], [0.19286517490513674, -0.005385632094996665, 0.9812104867334781], [-0.8813969485968777, -0.44040546457273744, 0.17082870302904266]], "T": [-0.022979625339176267, -0.051292578661048215, 0.02558879886098393], "aligned_model": [[-0.35168403134090526, 0.22134081063784664, -0.5501277189598004, 0.33467058242191355, 0.6190774953077636, -0.5732779087917359, 0.08344029742402256, 0.6621742803348187, -0.017313132647838743, -0.47324719377907387, -0.07622405042508754, -0.32213734953308226, -0.060708801364909824], [0.7694514341309325, 0.36709788263203935, -0.029979202092924893, -0.34064606844537304, -0.2424662215365669, 0.23742022892914247, 0.41807373566392547, 0.4611260607370563, -0.5660092149828767, -0.4371046354854356, -0.9054862079672527, -0.26648067351542887, -0.006164524495220237], [-0.09071477183606565, -0.5275325991928892, -0.538936646368678, 0.41687584184427273, -0.24593260106005344, 0.1498987204631122, 0.47467771293479033, 0.26148664505642566, -0.38717483653271595, -0.024844493953394876, 0.1334965005335863, 0.6235383235197582, -0.1317174458195045]], "inverted": false, "swapped": true, "error_lsq": 0.061001671439036, "error_max": 0.30688635932858876, "target": "156.xyz", "model": "2.xyz", "model_rescale": 3.932901565614263, "target_rescale": 3.884550155341613},
{"mapping": [4, 5, 0, 1, 2, 3, 11, 1, 6, 12, 10, 9, 7, 13], "R": [[-0.6271128958882197, 0.37705759205733125, -0.6815841753463896], [0.5913398466132759, -0.33908808784986394, -0.7316669013189747], [-0.5069976347263152, -0.8618856310150727, -0.01032266591882608]], "T": [-0.0012460444837138762, 0.16606700911477376, 0.04880621337482753], "aligned_model": [[-0.36076757056978415, 0.3520968413174562, -0.5887371938486065, -0.12167043189445004, -0.17762478725797057, -0.3875315383241539, 0.3248642567479083, -0.12167043189445004, 0.4049705734750709, 0.73655320434638, 0.5874765937300206, 0.3542989507098817, -0.2808682484599171, 0.10535078707706558], [-0.1278962847394575, 0.24336436432995615, -0.15234876998146754, -0.46548062598907225, -0.5811096611672537, 0.3184711086175271, 0.3835984196345637, -0.46548062598907225, -0.2802663853866909, 0.19226949915487837, -0.12402228154519399, 0.7545624051963097, 0.6403900635507168, 0.15106000324201516], [-0.6911642310923073, -0.572461530504658, -0.0003452889771657433, 0.41679286044730185, -0.2749489652122255, 0.34586173980788554, 0.8513277739794753, 0.41679286044730185, -0.27129817729903505, -0.14637449289754506, 0.3358589942362736, -0.21014139633120438, -0.4056952832356788, 0.0059525888574138985]], "inverted": true, "swapped": false, "error_lsq": 0.05488493277412892, "error_max": 0.4059163844262977, "target": "156.xyz", "model": "3.xyz", "model_rescale": 3.9243930471874484, "target_rescale": 3.884550155341613},
{"mapping": [1, 8, 0, 12, 2, 9, 11, 4, 7, 3, 5, 6, 13], "R": [[-0.9263274182339916, 0.07722756076654969, -0.3687186164082259], [-0.28937229785683016, -0.7725537798094178, 0.5651763711756176], [-0.24120776824349066, 0.6302353220506055, 0.7379852650146641]], "T": [0.015464644194464519, -0.01456462455420117, -0.0849669728356592], "aligned_model": [[-0.005581370596562172, -0.3562349144728628, 0.5783007531008252, 0.38403579447988984, 0.6923994968563004, -0.5026082112922806, -0.1725361153431314, 0.2976510930984883, 0.038336838550236306, -0.390489992338147, 0.1885157350222223, -0.368902616782602, -0.10568060397102412], [-0.5560489494663418, 0.03410471477861625, -0.39707757588402676, -0.4767753896769251, 0.135900597770079, -0.548008208390552, -0.6675299496606344, 0.2959287529698176, 0.5873177099315524, 0.76132742429296, -0.06848531396859088, 0.1474235353996588, -0.12024779441402585], [-0.4613855359873196, -0.7030117220361005, -0.6150850293159033, -0.016762433500748977, 0.02667672951334127, -0.347248009392848, 0.2828921708080427, -0.5193738486297561, 0.18059904134397337, -0.22935842658556793, 0.522307365386014, 0.7032052712452053, -0.03638525747736843]], "inverted": false, "swapped": true, "error_lsq": 0.049973065738395314, "error_max": 0.35322224028589355, "target": "156.xyz", "model": "4.xyz", "model_rescale": 3.8936222436046832, "target_rescale": 3.884550155341613},
{"mapping": [2, 4, 12, 5, 1, 8, 3, 10, 6, 7, 11, 13], "R": [[0.22386195912871976, -0.455292124198791, -0.8617394646281464], [-0.695177791007185, -0.694295034962323, 0.1862316925687936], [-0.6830912546251946, 0.5573719458936015, -0.4719352199034929]], "T": [-0.1498046791516066, -0.05313027825279269, -0.07853438826282841], "aligned_model": [[-0.06154802317912786, -0.5332726268864612, -0.20337373258400432, 0.4196319804428352, -0.6242794889225418, -0.7158733964421164, -0.10508997203440823, -0.0371133682063812, 0.6814703127590622, 0.22832632759836807, 0.09304928078877278, -0.11437925111889972], [-0.5182959248463457, -0.5195613781962216, 0.1531794387032599, -0.017528714813188073, 0.3643545759247638, 0.017897669575869884, -0.5143992583442024, 0.3756147639065792, 0.11525556236891167, -0.5371537021185465, 0.6439871543266154, 0.10557271862231167], [-0.5973566873762595, -0.09032528450128742, -0.63414396396128, -0.35441599699518145, -0.2680579883090517, 0.36534601956245605, 0.6783592986413738, 0.508121125461641, 0.1968234482295356, 0.1582124313809616, -0.306739537800502, -0.03653814505688793]], "inverted": true, "swapped": true, "error_lsq": 0.03399622694027695, "error_max": 0.22696394905898382, "target": "156.xyz", "model": "5.xyz", "model_rescale": 3.6523030999806103, "target_rescale": 3.884550155341613},
{"mapping": [0, 12, 2, 4, 7, 1, 5, 8, 11, 10, 6, 3, 13], "R": [[-0.33762024779615923, -0.9347361431689363, 0.1108192714816435], [-0.5311488274866012, 0.2863857305909888, 0.7974108955698276], [-0.7771058430726597, 0.21036053804724808, -0.593173627780942]], "T": [0.09039787514652403, -0.04260747272154527, 0.03641166645426143], "aligned_model": [[0.09101015880406485, -0.27293080544404974, 0.3108135735297682, 0.6057563664196262, 0.5130047530308122, -0.23133488905424843, -0.181255684470702, 0.3223344770871144, -0.6800295398234464, -0.12497862572220983, -0.1790809106534526, 0.755520472374988, -0.047746441413970386], [-0.5408320579156038, -0.07738082468434018, 0.26419712352099717, -0.2512350574124542, 0.4312610264153598, -0.5923779359099854, 0.519601737744602, -0.6602159826530056, -0.0041582407437139104, -0.15953053070270568, 0.6419077571377562, 0.03577154158713212, -0.06618165222085544], [0.7406116984389445, 0.5064312695109078, 0.6285541778332929, 0.2722608121963512, -0.13726292011083485, 0.20839890375575326, 0.14486160818081428, -0.25900959151359143, -0.008215743994304268, -0.6568619418044049, -0.4675862757143092, -0.5459328974206366, -0.05613935987619369]], "inverted": false, "swapped": true, "error_lsq": 0.05096181508910124, "error_max": 0.2765071201151294, "target": "156.xyz", "model": "6.xyz", "model_rescale": 4.08911054899281, "target_rescale": 3.884550155341613},
{"mapping": [0, 3, 2, 11, 1, 7, 5, 13, 9, 8, 10, 4, 6, 14], "R": [[0.9159295720343889, -0.1151681533332587, -0.3844597710173444], [0.2578245068119457, -0.5652814253400612, 0.7835709501077016], [-0.30757038667608894, -0.8168189558423068, -0.48806480165712135]], "T": [0.08382063923388498, 0.023022700836510084, 0.0941481739013128], "aligned_model": [[-0.30515595068672824, 0.22874335836553483, -0.6981679889724755, 0.31178373920428426, -0.23809760681330827, -0.4907094791397823, 0.2181687286489038, -0.37585750906769283, 0.41114049534553243, 0.7226370460449139, 0.6765120079537705, 0.41901955836462135, -0.19280255496204957, 0.13952716086892716], [0.03931152005758692, 0.33951202761160754, -0.028588228223161767, -0.47679561476169974, -0.5494215811958594, 0.43765683559755436, 0.5951530632359672, -0.3619058239899766, -0.4329202674520603, 0.08037464259310717, -0.010090248966230848, 0.6300817305986931, 0.332723238729491, -0.1079800649072607], [-0.7620574497464201, -0.616684681123487, -0.09550846491944356, 0.30089811804063005, -0.2323824459274243, 0.4060498281289734, 0.5790385417934047, 0.5141726411654961, -0.453149760839034, -0.13774259014671475, 0.5026764746373733, -0.03222630413930258, -0.18281419125885118, 0.009887736560631799]], "inverted": true, "swapped": false, "error_lsq": 0.053836166335683715, "error_max": 0.3600047863164587, "target": "156.xyz", "model": "7.xyz", "model_rescale": 3.964800864290218, "target_rescale": 3.884550155341613},
{"mapping": [12, 7, 11, 0, 4, 10, 5, 3, 2, 7, 1, 8, 9, 13], "R": [[0.4909648060641199, -0.6825466185484552, -0.5413720280126144], [0.1445701085597677, -0.5489748530313326, 0.8232412127986815], [-0.8591001355589687, -0.48244867524670076, -0.17085149351195436]], "T": [0.008962868723896768, -0.0694448965277859, 0.04686402321472771], "aligned_model": [[-0.07159847376381284, 0.5295656616865366, -0.7556039884348982, 0.3136232036599344, -0.2927173145950854, -0.472609243763545, 0.10586415143874259, -0.10526420002989323, 0.33624150845149253, 0.5295656616865366, 0.7501465140458204, 0.2397277789661638, -0.29090241456814664, 0.010702160374606029], [0.17934140371180052, 0.11000134949631443, -0.0328624645997298, -0.6106232077945741, -0.5266506820664543, 0.4831475904152001, 0.49575675472473696, -0.3170493551617241, -0.5583607968486886, 0.11000134949631443, -0.012722035875891824, 0.6622653485754066, 0.4967354158447727, 0.00813055901027522], [-0.6618603126156752, -0.40438418089147105, -0.2713066402698749, 0.4038899161886575, -0.39477534513510226, 0.41816424790598794, 0.6553276275478217, 0.7188810650603332, -0.257206136691745, -0.40438418089147105, 0.14957338091481992, -0.002179374089958677, -0.2048846461889231, 0.05530203138243322]], "inverted": false, "swapped": false, "error_lsq": 0.056146483889062584, "error_max": 0.32132650136727586, "target": "156.xyz", "model": "8.xyz", "model_rescale": 4.121658175737393, "target_rescale": 3.884550155341613},
{"mapping": [11, 6, 10, 9, 5, 12, 7, 4, 3, 2, 1, 8, 13], "R": [[-0.36743351982282874, 0.9048974479710096, -0.21483299831767236], [-0.7086072432184046, -0.12276668806192295, 0.6948410718723521], [0.602385576992859, 0.40754011944575547, 0.6863254823136904]], "T": [-0.048209344074005775, -0.048281651566607714, 0.05447209951981261], "aligned_model": [[-0.6065926223906898, -0.13877675490067787, 0.24256412571803354, -0.04436498821530824, -0.47528919949192294, -0.5928379846688291, 0.23756058963893129, 0.25278812185888316, 0.7768630650703534, -0.3279476713505598, -0.23626966368289426, 0.4777398701604504, -0.08869939131057272], [0.2543749762641686, -0.48818911884885274, 0.22734042967855447, 0.6826340495093272, -0.4467605838264549, 0.08648396764439586, -0.6351049657267277, -0.11019145626633273, -0.33950277752413494, -0.4846797998735566, 0.5632097617106805, 0.43798085769617046, 0.042792098974472476], [-0.3855681612140846, -0.7158997625969116, -0.5621068428041199, -0.24133246723766585, -0.1914009984137235, 0.2528485475333119, -0.030878545889359697, 0.5743878280302562, -0.09419634288588263, 0.5284425823121176, 0.21587442672127813, 0.1516048676798932, -0.0806996972760207]], "inverted": true, "swapped": true, "error_lsq": 0.046784535206183676, "error_max": 0.26350481730147157, "target": "156.xyz", "model": "9.xyz", "model_rescale": 3.833441315466971, "target_rescale": 3.884550155341613},
{"mapping": [3, 2, 7, 1, 4, 11, 10, 12, 5, 13, 0, 8, 9, 14], "R": [[0.2249055489993893, 0.8393561173352682, -0.4948725111795433], [-0.36142026011584516, -0.3997911803069095, -0.8423434024948515], [-0.9048717531269712, 0.36830465709881, 0.21344505136509906]], "T": [-0.0005819273141277823, -0.04943955437349248, 0.06860301226711672], "aligned_model": [[-0.3643475168029988, 0.3017167163714656, -0.5946296344076156, 0.29663990704814663, -0.1990271247769195, -0.42000525096371655, 0.2914876602168739, -0.17401864496492173, 0.4678636682989604, 0.7493216986025252, 0.5988769576372873, 0.0390614327983829, -0.13587254486559844, -0.03032631903741936], [-0.032340241255741184, 0.17774769500066495, 0.21007733151469907, -0.6375905153071655, -0.6420714527186739, 0.3542344191189234, 0.48803157160279786, -0.24488363822049633, -0.390465473812856, 0.10013703869136906, -0.15929807068507465, 0.729005542813266, 0.5408107907708929, -0.006283768584847256], [-0.7198791112730097, -0.5426675813943892, -0.08525498855728324, 0.4022893339000942, -0.42669439006604626, 0.4242270830879026, 0.617760811356886, 0.611503898590299, -0.2802454472224538, -0.15713563320330426, 0.3725818163806443, 0.06528683349808119, -0.4710367799945273, -0.010578392877061388]], "inverted": true, "swapped": false, "error_lsq": 0.05113403383623307, "error_max": 0.29993503116802556, "target": "156.xyz", "model": "10.xyz", "model_rescale": 4.2482417240324, "target_rescale": 3.884550155341613},
{"mapping": [2, 4, 3, 8, 5, 6, 7, 10, 1, 11, 12, 13], "R": [[0.9230282267258896, -0.37294037843489913, 0.09452177950131124], [0.22323947996148708, 0.7192618727195137, 0.6578955031298991], [-0.31334171004477696, -0.5861551267240205, 0.7471540270662822]], "T": [-0.04064171757140321, -0.019052966361320207, -0.06924871801014079], "aligned_model": [[-0.6946369352910357, -0.10825000763362796, 0.4460704915033824, 0.5442096662883141, -0.4392115951458465, 0.018774314677814694, -0.1198702975190346, 0.6006763751782073, 0.08440776334001045, -0.05923762376487049, -0.4401054127806017, 0.043938863510294815], [-0.2242262723951132, -0.5917630141256133, -0.17972412961258155, -0.431713823228192, 0.46361360284256786, 0.7895879462725576, 0.057426379373755436, 0.3406411680276021, -0.20935849634685527, 0.5427554376621084, 0.010986028758443254, 0.0979065628219602], [0.08417573845819193, 0.11013072192991274, 0.6552873633133579, -0.17008747309015973, 0.029803179040914757, 0.30191627379555863, 0.5797385942875207, -0.07344015217068756, -0.6885108403218579, -0.5993938494428764, -0.5093188923982155, -0.15510837354730253]], "inverted": false, "swapped": true, "error_lsq": 0.0442659081286652, "error_max": 0.26041236006099155, "target": "156.xyz", "model": "11.xyz", "model_rescale": 3.6694154284099745, "target_rescale": 3.884550155341613},
{"mapping": [5, 7, 0, 2, 12, 4, 3, 1, 10, 9, 8, 11, 6, 13], "R": [[0.12757637028449542, 0.5663385454150069, 0.8142388603611644], [0.789035425451182, -0.555369188487727, 0.2626559762532653], [0.6009553786497844, 0.6089546095200347, -0.5177131603660435]], "T": [0.04502091223156133, 0.036844329975713144, -0.08509686686981631], "aligned_model": [[-0.3936656915917605, 0.3309511015904215, -0.6661810322557548, 0.23976310208040147, -0.1601101770144284, -0.2599167721039568, 0.09163318546398105, -0.3584163742961284, 0.4676493471528227, 0.8068046012424818, 0.6291038578720595, 0.3607519112968207, -0.1948323318541346, -0.06679372242837378], [-0.022252181578557635, 0.023859103890398844, 0.08120326191824266, -0.40135487281507615, -0.5934170030221853, 0.4700673714309544, 0.11152033554231669, -0.33490442687198607, -0.3971550104355792, 0.21786201352681323, 0.11665027566708418, 0.6987731788317123, 0.479434887951365, 0.03682429489225533], [-0.7548971792202643, -0.7708378013241217, -0.030673124442111774, 0.35804025813632895, -0.23496477076839928, 0.43163270918970675, 0.7713490980223326, 0.5595074394475764, -0.27629981095544154, -0.26287334531619594, 0.38932486003074934, -0.0002865833630422837, -0.34285421932758564, -0.03601007788369939]], "inverted": false, "swapped": false, "error_lsq": 0.04537565493944968, "error_max": 0.34755609300577633, "target": "156.xyz", "model": "12.xyz", "model_rescale": 3.9764082729961374, "target_rescale": 3.884550155341613},
{"mapping": [10, 11, 1, 5, 12, 7, 4, 9, 13, 14, 6, 3, 8, 15], "R": [[-0.51945007559556, -0.6643575058946563, -0.5374018266857667], [0.7943672751732882, -0.607194370730902, -0.017193844435421185], [-0.3148845043782442, -0.435825768529278, 0.8431510234758253]], "T": [-0.001954934055903551, -0.007673584949049232, 0.0530630686543479], "aligned_model": [[-0.30571189033759805, 0.23739062590423227, -0.5688949322618955, 0.10151726034305661, -0.1459920830435618, -0.18379852421698295, 0.23059245186124025, -0.3712238058771009, 0.3998896087272672, 0.7013246669679822, 0.7137613339092458, 0.24127145291300378, -0.2803875951223018, 0.05700243538786482], [-0.06053222346388496, 0.2961314388652773, -0.13339511838654164, -0.5303274489054618, -0.5574131766145793, 0.5928683729581992, 0.17791232241322766, -0.3844037275440036, -0.31550850980123807, 0.23966901571863863, -0.18139400840309844, 0.779697309954096, 0.4930151088473269, 0.0707918732898006], [-0.6892876401101173, -0.6404503841221327, -0.20402779607116284, 0.7003268088039207, -0.23720097668229284, 0.47415209063574354, 0.7067780723607422, 0.34153148370512526, -0.29079615932060493, -0.2350818258929926, 0.2561153868982331, -0.11820118872320001, -0.3609887660288374, 0.09728834677340811]], "inverted": true, "swapped": false, "error_lsq": 0.0485072048995912, "error_max": 0.3027726046314771, "target": "156.xyz", "model": "13.xyz", "model_rescale": 4.170626492500431, "target_rescale": 3.884550155341613},
{"mapping": [1, 3, 7, 4, 0, 10, 12, 8, 2, 3, 6, 11, 9, 13], "R": [[-0.8269392448255886, 0.46249506718016037, -0.3197964949797049], [-0.3964548322746579, -0.07625614614963588, 0.9148817224868352], [0.39874183544413605, 0.8833364664771995, 0.24641760419705666]], "T": [0.07191167302292312, -0.019581371080079346, 0.031598159220690675], "aligned_model": [[-0.29119187415140724, 0.47198172996594023, -0.7232870203092088, 0.20247872932561461, -0.1841353036918565, -0.32476954088431687, 0.00821597704783994, -0.42605496443683494, 0.4316100707446845, 0.47198172996594023, 0.8949181989681261, 0.3635132250299289, -0.20952213221731975, 0.1410021797973216], [0.06402441742393898, 0.1695876542041614, -0.1399906367344478, -0.5021269868321245, -0.45444580377975885, 0.32764135890438, 0.18164105784838822, -0.2635983848318406, -0.5331080462352042, 0.1695876542041614, 0.13073291188843786, 0.6238938539187202, 0.6642059773142535, 0.0490662016346929], [-0.6406966838752434, -0.4972048606652635, -0.0713117516540817, 0.5347533073807289, -0.28650760529150665, 0.23261730082180024, 0.7324251803867916, 0.5256034403479456, -0.1680003974295635, -0.4972048606652635, 0.11851847685331279, 0.05542715019797262, -0.2993645485089309, 0.061103304327133706]], "inverted": false, "swapped": false, "error_lsq": 0.05325799027290755, "error_max": 0.3027521539643617, "target": "156.xyz", "model": "14.xyz", "model_rescale": 3.9786697098870705, "target_rescale": 3.884550155341613},
{"mapping": [2, 5, 4, 0, 7, 3, 11, 10, 8, 1, 6, 13], "R": [[-0.14795347952716462, 0.8254760189541032, 0.544700936319638], [-0.21897654238631226, 0.5097499648364999, -0.8319881292625051], [-0.9644475318960284, -0.24237226631954523, 0.10534060346697743]], "T": [0.04619756747786072, -0.042788592641578596, -0.04978046476440971], "aligned_model": [[-0.017528931250437252, -0.5509901264277665, 0.55146228333282, 0.4442224481106126, -0.03541500274484427, 0.40722307910590017, -0.4936262017973134, -0.032516386702929445, 0.6521872804820896, 0.25133508399401017, -0.6623174850826683, -0.03068144425213673], [-0.2671555731025175, -0.03526911575225934, -0.05332280826184661, -0.7852212544344528, 0.49027319657706453, 0.7666594711948399, -0.3741309764989349, 0.33820426615040483, 0.051957478935860404, -0.5550894792611359, 0.48701277324405473, -0.04924348856663814], [-0.712308415563666, -0.2617864985492083, -0.38044836520501357, -0.23551073782383597, -0.42726597042600284, -0.09572545587082054, 0.39274735777967484, 0.5741865932513581, 0.33272212107326854, 0.31189002675474015, 0.06207110928166261, 0.0993947291716732]], "inverted": true, "swapped": true, "error_lsq": 0.051804560527100585, "error_max": 0.27254331547542465, "target": "156.xyz", "model": "15.xyz", "model_rescale": 3.769337070930944, "target_rescale": 3.884550155341613},
{"mapping": [7, 3, 5, 6, 2, 4, 12, 8, 11, 10, 13], "R": [[-0.28845916076947564, 0.07226454667757903, -0.9547613041287617], [-0.27825857648652297, 0.9477851382756208, 0.155805957124739], [0.9161678215151761, 0.31061417700637256, -0.25328907568781994]], "T": [0.12591577168969495, 0.02841060979592941, -0.0036141541419625334], "aligned_model": [[-0.32448076552514904, -0.43984934413293797, -0.09632636250280019, -0.661789192566196, 0.4060384168539445, 0.3993448426241034, 0.5526394191752539, 0.23307445789031295, 0.1258983706891463, -0.34761291875888967, 0.07568920694438218], [-0.09758710629028855, -0.6324841785467377, 0.5794594629234522, 0.4463054563184826, 0.21576628379498586, -0.40800446427353304, 0.442896263784402, -0.5824045264706414, 0.6317465669269642, -0.092338913880569, 0.09270965333882526], [-0.4668401513980103, -0.17906911349702365, -0.22404518168250187, 0.005253097531076639, -0.6198722569188202, -0.31908695718751173, 0.012003615170950888, 0.36777575390377704, 0.4791011589260238, 0.5458187047007383, 0.1431789376750779]], "inverted": false, "swapped": true, "error_lsq": 0.04331504384916654, "error_max": 0.26261106560022174, "target": "156.xyz", "model": "16.xyz", "model_rescale": 3.7852294659196426, "target_rescale": 3.884550155341613},
{"mapping": [7, 4, 12, 2, 3, 8, 9, 1, 5, 6, 10, 11, 13], "R": [[-0.3375702864125523, 0.8985352299881582, 0.2805008773631116], [0.9230466543847284, 0.257584603752379, 0.28571847286951907], [0.18447540638390686, 0.3553654631219217, -0.9163428463515361]], "T": [-0.02903984588387985, -0.03454411553526676, 0.021795071983538347], "aligned_model": [[-0.05927675591432831, -0.4576804896014901, 0.33438983571791137, 0.18912674725888176, -0.6053824105574552, -0.6821892245604172, -0.16396379744748604, -0.11949314928668175, 0.5618470404235814, 0.4665726430844252, -0.1541468325863726, 0.5189534657404521, 0.02500877794526223], [-0.19942060549750829, -0.45992282848641614, -0.2301183572757477, -0.7002286844107994, 0.08916562555483543, 0.2071678526261147, 0.5757155360821051, 0.09352763298272035, -0.08944890109293269, 0.39626701056303765, 0.6768927933025028, 0.39655828459893694, 0.11890026475602578], [-0.6147677780615041, 0.029845680028927665, 0.45051983905723986, -0.029315460679172803, -0.6416668172064045, 0.21539205569149772, 0.5025565177840301, 0.6626967576455186, -0.20063333168584774, -0.5814991149802251, -0.11565346800033312, 0.35478516485998973, 0.06349465268945771]], "inverted": false, "swapped": true, "error_lsq": 0.04579320208204976, "error_max": 0.2671322278782719, "target": "156.xyz", "model": "17.xyz", "model_rescale": 3.901054581598922, "target_rescale": 3.884550155341613},
{"mapping": [2, 0, 13, 10, 5, 12, 11, 9, 8, 1, 6, 7, 3, 14], "R": [[0.16639989509831773, -0.970582983694622, -0.1740107659707137], [0.8232120852545011, 0.23388195051008356, -0.5173210762346102], [0.5428010110548851, -0.057165592693896206, 0.8379135739500528]], "T": [0.13231836585190712, -0.04762297592334903, -0.021936646170160005], "aligned_model": [[-0.290949451236973, 0.2789218792167961, -0.5879863251302666, 0.2694815192985211, -0.2715692245029889, -0.2467463307783265, 0.12228226584314425, -0.3317830749532329, 0.29514366425884697, 0.7497373555743332, 0.667918835479917, 0.3554513501455999, -0.28204762458741994, 0.09888616652650097], [-0.13489902448589797, 0.41135938887952944, -0.02066244354270966, -0.6093822202901609, -0.5109361415787578, 0.5093884678758253, 0.17544403259385194, -0.2773513812551885, -0.515609856732841, 0.1688626039898493, 0.24573004311156738, 0.5727220953572324, 0.4997928668631409, -0.027347201857682114], [-0.7268943387675459, -0.6078949357851408, -0.11102357081910391, 0.5594982760987645, -0.13284999921342458, 0.2911501011102055, 0.7441386603986377, 0.38552419091799167, -0.463405165691956, -0.2619644242618248, 0.41487210881020464, 0.04920186418341249, -0.356664312409997, 0.016468997655609035]], "inverted": false, "swapped": false, "error_lsq": 0.04542961786945606, "error_max": 0.25889489880316435, "target": "156.xyz", "model": "18.xyz", "model_rescale": 3.9405287249114394, "target_rescale": 3.884550155341613},
{"mapping": [3, 1, 14, 5, 10, 13, 7, 11, 2, 0, 8, 4, 12, 15], "R": [[-0.3244923366555139, -0.10159736485266513, -0.940416237049765], [-0.9452959453522973, -0.0003492135809968211, 0.32621381600168603], [-0.033470870206071146, 0.9948255392303063, -0.09592625992281278]], "T": [0.061402553924456565, 0.1132711667521652, 0.019198073206506162], "aligned_model": [[-0.2715288841550807, 0.3539490751365505, -0.695970847433068, 0.43566828641778255, -0.3473139104417602, -0.45691265997023234, 0.2604336628945219, -0.3656527967899572, 0.27306939834434685, 0.6714294380505701, 0.7473118932209473, 0.32458215033412996, -0.16257948351522464, 0.06025568306092586], [-0.004267080138377885, 0.04172402489684682, 0.04761739683953303, -0.5374041167222652, -0.5099123858107796, 0.29959272355075994, 0.4226360865043855, -0.3389061688324334, -0.6895227760694576, 0.3710150478982388, 0.019120756016240525, 0.7933683299288474, 0.49701687091009805, 0.07503251995612206], [-0.7558954778762997, -0.5680131012430912, -0.12849781532319865, 0.37670259026268493, -0.23079622376351044, 0.40385826336064473, 0.619452613406071, 0.38302850968704416, -0.23779281253710546, -0.16548963708060366, 0.32405252037771864, 0.07276464196678079, -0.3012864719030738, 0.008069852891770962]], "inverted": false, "swapped": false, "error_lsq": 0.049875545295080044, "error_max": 0.3273536558605028, "target": "156.xyz", "model": "19.xyz", "model_rescale": 4.410303926677745, "target_rescale": 3.884550155341613},
{"mapping": [12, 7, 11, 0, 4, 10, 5, 3, 2, 7, 1, 8, 9, 13], "R": [[0.4909648060641199, -0.6825466185484552, -0.5413720280126144], [0.1445701085597677, -0.5489748530313326, 0.8232412127986815], [-0.8591001355589687, -0.48244867524670076, -0.17085149351195436]], "T": [0.008962868723896768, -0.0694448965277859, 0.04686402321472771], "aligned_model": [[-0.07159847376381284, 0.5295656616865366, -0.7556039884348982, 0.3136232036599344, -0.2927173145950854, -0.472609243763545, 0.10586415143874259, -0.10526420002989323, 0.33624150845149253, 0.5295656616865366, 0.7501465140458204, 0.2397277789661638, -0.29090241456814664, 0.010702160374606029], [0.17934140371180052, 0.11000134949631443, -0.0328624645997298, -0.6106232077945741, -0.5266506820664543, 0.4831475904152001, 0.49575675472473696, -0.3170493551617241, -0.5583607968486886, 0.11000134949631443, -0.012722035875891824, 0.6622653485754066, 0.4967354158447727, 0.00813055901027522], [-0.6618603126156752, -0.40438418089147105, -0.2713066402698749, 0.4038899161886575, -0.39477534513510226, 0.41816424790598794, 0.6553276275478217, 0.7188810650603332, -0.257206136691745, -0.40438418089147105, 0.14957338091481992, -0.002179374089958677, -0.2048846461889231, 0.05530203138243322]], "inverted": false, "swapped": false, "error_lsq": 0.056146483889062584, "error_max": 0.32132650136727586, "target": "156.xyz", "model": "20.xyz", "model_rescale": 4.121658175737393, "target_rescale": 3.884550155341613},
{"mapping": [0, 12, 2, 4, 7, 1, 5, 8, 11, 10, 6, 3, 13], "R": [[-0.33762024779615923, -0.9347361431689363, 0.1108192714816435], [-0.5311488274866012, 0.2863857305909888, 0.7974108955698276], [-0.7771058430726597, 0.21036053804724808, -0.593173627780942]], "T": [0.09039787514652403, -0.04260747272154527, 0.03641166645426143], "aligned_model": [[0.09101015880406485, -0.27293080544404974, 0.3108135735297682, 0.6057563664196262, 0.5130047530308122, -0.23133488905424843, -0.181255684470702, 0.3223344770871144, -0.6800295398234464, -0.12497862572220983, -0.1790809106534526, 0.755520472374988, -0.047746441413970386], [-0.5408320579156038, -0.07738082468434018, 0.26419712352099717, -0.2512350574124542, 0.4312610264153598, -0.5923779359099854, 0.519601737744602, -0.6602159826530056, -0.0041582407437139104, -0.15953053070270568, 0.6419077571377562, 0.03577154158713212, -0.06618165222085544], [0.7406116984389445, 0.5064312695109078, 0.6285541778332929, 0.2722608121963512, -0.13726292011083485, 0.20839890375575326, 0.14486160818081428, -0.25900959151359143, -0.008215743994304268, -0.6568619418044049, -0.4675862757143092, -0.5459328974206366, -0.05613935987619369]], "inverted": false, "swapped": true, "error_lsq": 0.05096181508910124, "error_max": 0.2765071201151294, "target": "156.xyz", "model": "21.xyz", "model_rescale": 4.08911054899281, "target_rescale": 3.884550155341613},
{"mapping": [9, 5, 12, 2, 14, 7, 0, 4, 11, 8, 1, 6, 10, 16], "R": [[-0.9997886786999586, -0.009570043940879663, 0.018193740746786334], [-0.020094096178744067, 0.26815470004601116, -0.9631662806296708], [0.004338806535330199, -0.9633283298555089, -0.268290334629568]], "T": [0.02861182767343439, -0.054304996670549006, 0.004195857271982415], "aligned_model": [[-0.2447906628678957, 0.19359878916012607, -0.678860271723616, 0.1997135839254745, -0.3845299606163268, -0.3489148698841209, 0.17167911613233364, -0.12569536749483365, 0.6418568387543088, 0.6476411420608683, 0.7387723645077707, 0.2686853781909857, -0.26418089150286045, 0.011765816512237307], [-0.09961910243298927, 0.21395683771601504, 0.010650059769531477, -0.6095278962859195, -0.5084887919698109, 0.5210379500386686, 0.31041578780439916, -0.22930620778172242, -0.2711641569987942, 0.22879704380466542, -0.22983133455426558, 0.6415878995715956, 0.5488681729401252, -0.040265032693740245], [-0.6521160514629324, -0.6271075125108128, -0.19638723087774476, 0.43280471173420726, -0.18249514091314728, 0.18377947098067923, 0.6724696772920931, 0.661353411817834, -0.39928362327764166, -0.12778126448730953, 0.3121908213514917, 0.1210799701915133, -0.4447918488783099, 0.046442061265912125]], "inverted": false, "swapped": false, "error_lsq": 0.04885620354164993, "error_max": 0.268562683375068, "target": "156.xyz", "model": "22.xyz", "model_rescale": 4.204369325754507, "target_rescale": 3.884550155341613},
{"mapping": [3, 1, 14, 5, 10, 13, 7, 11, 2, 0, 8, 4, 12, 15], "R": [[-0.3244923366555139, -0.10159736485266513, -0.940416237049765], [-0.9452959453522973, -0.0003492135809968211, 0.32621381600168603], [-0.033470870206071146, 0.9948255392303063, -0.09592625992281278]], "T": [0.061402553924456565, 0.1132711667521652, 0.019198073206506162], "aligned_model": [[-0.2715288841550807, 0.3539490751365505, -0.695970847433068, 0.43566828641778255, -0.3473139104417602, -0.45691265997023234, 0.2604336628945219, -0.3656527967899572, 0.27306939834434685, 0.6714294380505701, 0.7473118932209473, 0.32458215033412996, -0.16257948351522464, 0.06025568306092586], [-0.004267080138377885, 0.04172402489684682, 0.04761739683953303, -0.5374041167222652, -0.5099123858107796, 0.29959272355075994, 0.4226360865043855, -0.3389061688324334, -0.6895227760694576, 0.3710150478982388, 0.019120756016240525, 0.7933683299288474, 0.49701687091009805, 0.07503251995612206], [-0.7558954778762997, -0.5680131012430912, -0.12849781532319865, 0.37670259026268493, -0.23079622376351044, 0.40385826336064473, 0.619452613406071, 0.38302850968704416, -0.23779281253710546, -0.16548963708060366, 0.32405252037771864, 0.07276464196678079, -0.3012864719030738, 0.008069852891770962]], "inverted": false, "swapped": false, "error_lsq": 0.049875545295080044, "error_max": 0.3273536558605028, "target": "156.xyz", "model": "23.xyz", "model_rescale": 4.410303926677745, "target_rescale": 3.884550155341613},
{"mapping": [11, 9, 1, 12, 7, 3, 2, 0, 13, 15, 5, 8, 10, 16], "R": [[0.6083156204070079, -0.19860705939873524, -0.7684447552855209], [-0.08581870927832845, 0.9460511615339928, -0.312445753528488], [0.7890419856424871, 0.25601256945152173, 0.5584534977741575]], "T": [0.13788705212880226, -0.00741232211069074, -0.12953723558813254], "aligned_model": [[-0.16881431604393982, 0.3043290688676175, -0.7196701878673548, 0.3344405331799341, -0.2906942287305139, -0.41432763064274025, 0.018960719030785667, -0.15955306437140615, 0.3205247453367793, 0.7973562063275714, 0.566222998676341, 0.3508835706330643, -0.16182656116305838, 0.048909151921371796], [-0.046390349198891664, 0.37291880803504096, -0.002705110720074601, -0.5764458143546306, -0.5155704167930171, 0.4072212738023051, 0.2137346957923417, -0.2779496373273596, -0.6690366691581359, 0.18709661445973325, 0.03313650526307865, 0.7860243963888269, 0.5436215300162808, 0.03145540272226046], [-0.6819288274648032, -0.5986483846076057, -0.0993913924014759, 0.4031385087207723, -0.13447010373085153, 0.44699455877003136, 0.7478705800522543, 0.5097786090910577, -0.281469194842424, -0.3207985727406052, 0.3292504526967306, -0.15777416347050668, -0.3036561320160124, -0.058738485830729395]], "inverted": true, "swapped": false, "error_lsq": 0.04303196666183816, "error_max": 0.26603749759352213, "target": "156.xyz", "model": "24.xyz", "model_rescale": 4.28219845311461, "target_rescale": 3.884550155341613},
{"mapping": [6, 10, 0, 13, 2, 1, 3, 4, 14, 11, 9, 5, 8, 15], "R": [[0.19066571920992298, -0.3231730883050462, 0.9269335135345695], [-0.7312425784016016, -0.6767341723579722, -0.085528658913538], [0.654928144952361, -0.6615058691790644, -0.36534793004875527]], "T": [0.14878250351647213, -0.04464025226193045, 0.08560750460382575], "aligned_model": [[-0.38207821051764856, 0.3043028710782206, -0.6570763599822491, 0.3267275308736705, -0.19030933604385122, -0.213541412996223, -0.033751296369627315, -0.3739028549322686, 0.3306901110370085, 0.6046601067397663, 0.6647390754362407, 0.38499306744551987, -0.014296764062878553, 0.07558447744877153], [-0.010662850174603472, 0.1755595826337506, -0.10677506650564145, -0.5879225071099338, -0.5925834107207191, 0.46712418619392415, 0.35498872824550165, -0.2305951821391322, -0.4196145860192476, 0.08339209863869951, 0.1497119033988831, 0.772027629265267, 0.48682970272855774, -0.05436899950754779], [-0.6418741607346221, -0.6607370986547841, -0.02522989438791852, 0.2471513554404321, -0.14581212254504478, 0.2148202667503593, 0.723591387392064, 0.5619155489862281, -0.5519256288441855, -0.18320544011952133, 0.4766186800984212, 0.035220783294117264, -0.33019400616425093, 0.07981778171453772]], "inverted": false, "swapped": false, "error_lsq": 0.052326124645294736, "error_max": 0.304310576365904, "target": "156.xyz", "model": "25.xyz", "model_rescale": 4.100010024507729, "target_rescale": 3.884550155341613},
{"mapping": [2, 4, 3, 8, 5, 6, 7, 10, 1, 11, 12, 13], "R": [[0.9230282267258896, -0.37294037843489913, 0.09452177950131124], [0.22323947996148708, 0.7192618727195137, 0.6578955031298991], [-0.31334171004477696, -0.5861551267240205, 0.7471540270662822]], "T": [-0.04064171757140321, -0.019052966361320207, -0.06924871801014079], "aligned_model": [[-0.6946369352910357, -0.10825000763362796, 0.4460704915033824, 0.5442096662883141, -0.4392115951458465, 0.018774314677814694, -0.1198702975190346, 0.6006763751782073, 0.08440776334001045, -0.05923762376487049, -0.4401054127806017, 0.043938863510294815], [-0.2242262723951132, -0.5917630141256133, -0.17972412961258155, -0.431713823228192, 0.46361360284256786, 0.7895879462725576, 0.057426379373755436, 0.3406411680276021, -0.20935849634685527, 0.5427554376621084, 0.010986028758443254, 0.0979065628219602], [0.08417573845819193, 0.11013072192991274, 0.6552873633133579, -0.17008747309015973, 0.029803179040914757, 0.30191627379555863, 0.5797385942875207, -0.07344015217068756, -0.6885108403218579, -0.5993938494428764, -0.5093188923982155, -0.15510837354730253]], "inverted": false, "swapped": true, "error_lsq": 0.0442659081286652, "error_max": 0.26041236006099155, "target": "156.xyz", "model": "26.xyz", "model_rescale": 3.6694154284099745, "target_rescale": 3.884550155341613},
{"mapping": [4, 10, 5, 6, 0, 7, 3, 1, 2, 11, 12, 9, 8, 13], "R": [[-0.3383405877125453, 0.48638785981755767, -0.8055758788149168], [-0.4734125122371648, -0.8278210730176727, -0.3009864852865743], [-0.8132688608102647, 0.27953375626203864, 0.5103475670035171]], "T": [0.02098997664801964, 0.08563065834327994, -0.04718103477622115], "aligned_model": [[-0.1958953844566877, 0.2555951895536746, -0.748213697449953, 0.2380464898442351, -0.27288965979758384, -0.31260217862438955, 0.18184288790116493, -0.3978142646905292, 0.3934256008267224, 0.851458123514718, 0.72755702556813, 0.34373515685135153, -0.28808458057824793, 0.05058029669184616], [-0.0891680742061247, 0.30089942520080853, -0.0757602571672392, -0.3747537020476654, -0.4779733480494988, 0.40982243104018146, 0.3417379158221178, -0.47357117164558754, -0.43573518146605134, 0.09315606023784377, 0.01509077945175373, 0.6773996740875017, 0.5350403055334453, 0.040926372136272864], [-0.8204447112324016, -0.5575832996475361, 0.04368799111272809, 0.41338724744793803, -0.22861594429958174, 0.37678180932075034, 0.7020630068694889, 0.49276616122510375, -0.274335196362166, -0.26268392248612876, 0.30710690493347964, 0.055330018925253584, -0.38013910949111224, -0.06716350408998374]], "inverted": true, "swapped": false, "error_lsq": 0.042508787765340464, "error_max": 0.3574224308042171, "target": "156.xyz", "model": "27.xyz", "model_rescale": 4.103607728864725, "target_rescale": 3.884550155341613},
