[{"mapping": [5, 3, 9, 10, 0, 7, 6, 1, 4, 2, 8, 11], "R": [[0.33945838328802613, -0.9384181585781681, -0.06433790225240366], [0.031856232773054244, 0.079829737670182, -0.9962993493007105], [0.9400814786224592, 0.3361526031942489, 0.056993340985954155]], "T": [-0.03364798328539358, -0.04448265300222026, 0.0025766390803204434], "aligned_model": [[0.2815770445297622, -0.7075331863295724, -0.3642016999758049, -0.40122659213419326, 0.20651014270762266, 0.3671921521178823, 0.2952513953734396, 0.6738564936791038, -0.4158479264336617, 0.45872681472693494, 0.025406417433431923, -0.0021457356006560624], [-0.10820065475774615, 0.045880722810052704, -0.4666107497561944, -0.403004978083141, 0.39413089486491487, -0.7826616731092815, -0.5940163071918019, -0.06191642037027839, 0.6669915819489178, 0.527127331072959, 0.0016038934955675196, -0.015120435156027928], [-0.7624459296201891, 0.11095425769616266, 0.28875583947928013, -0.442517794383205, -0.3617496214999845, -0.434484260554587, 0.34168200483827427, -0.029267329728612575, -0.00614592944562789, 0.2846747248134838, 0.6330463835398447, -0.05199189069705708]], "inverted": false, "swapped": false, "error_lsq": 0.05607484412980355, "error_max": 0.33415704013533404, "target": "157.xyz", "model": "0.xyz", "model_rescale": 3.751011558992144, "target_rescale": 3.8743732349101747},
{"mapping": [11, 1, 0, 7, 6, 12, 13, 9, 4, 10, 5, 14], "R": [[0.0012949613669826134, -0.5492406720634839, -0.8356632139961112], [0.2834830808694438, 0.8015842403973956, -0.5264029335093968], [0.9589763635960097, -0.23621471101051794, 0.1567384584790571]], "T": [-0.02389099608084304, -0.08692918313527079, 0.09741012449978159], "aligned_model": [[0.4267290739713311, -0.6693169342441524, -0.6548296091907705, -0.31695816615935685, -0.18502034321627808, 0.2727216593096167, 0.3972487476692229, 0.6333783795146325, -0.26483304971435656, 0.44276740680455035, 0.31740133892782657, 0.018276816422023195], [0.007158570017138349, 0.07774957403270988, -0.5065053041561642, -0.3506038502142087, 0.19757262356931268, -0.6110722134558503, -0.5957279758090214, -0.08866297924921127, 0.6609781186848407, 0.5837744979374435, -0.06089348547731857, -0.10956437011172976], [-0.5543720753949231, -0.10750891980663996, 0.13451623795116555, -0.4357543225146707, -0.5784758131728976, -0.3376417350592729, 0.39951491279093243, 0.14413895061025495, 0.18771828905223828, 0.027838180867126555, 0.6198349817830219, 0.07070176733144666]], "inverted": true, "swapped": false, "error_lsq": 0.05745141961548744, "error_max": 0.37474947075584564, "target": "157.xyz", "model": "1.xyz", "model_rescale": 3.9405287249114394, "target_rescale": 3.8743732349101747},
{"mapping": [0, 3, 10, 11, 6, 5, 8, 2, 7, 1, 4, 12], "R": [[-0.39119883967982644, 0.3972693548086071, -0.8301448834770413], [0.7198858158567132, 0.6940562297612641, -0.007096622992223189], [0.5733479571442388, -0.6003857174013487, -0.5575025653564257]], "T": [0.03591887400588421, -0.07085135434829849, -0.02485609708768812], "aligned_model": [[0.38584890176676, -0.4607930943264995, -0.5761244499517653, -0.24297016742537098, -0.23214458974141278, 0.41097129995867077, -0.04977239747015379, 0.6968374824495193, -0.3343551468833652, 0.5865046237836542, 0.11635283784149579, 0.1172100200927562], [0.1840640695341922, 0.034674449033787316, -0.6092515359501698, -0.4775739033328393, 0.1788860299380301, -0.5061314525420292, -0.5433323607926833, -0.22929485169365837, 0.6184233230780678, 0.4919261225629932, 0.147367422240948, -0.08555410630869785], [-0.7428373577163772, 0.2377104733374624, 0.19197409767843313, -0.5390661317566509, -0.4262647562905606, -0.4697641710536869, 0.5835093150224048, -0.07231006092118328, 0.1044010948570053, 0.06095285338530899, 0.6366623568411454, 0.005542741054480483]], "inverted": false, "swapped": false, "error_lsq": 0.06070846256368521, "error_max": 0.3406039166079974, "target": "157.xyz", "model": "2.xyz", "model_rescale": 3.932901565614263, "target_rescale": 3.8743732349101747},
{"mapping": [4, 10, 1, 2, 5, 0, 3, 7, 12, 9, 8, 13], "R": [[-0.9871184951219963, 0.10377586027065286, 0.12176882775641419], [0.051696338367634403, -0.513383754081307, 0.8566006126805907], [0.15140860341296458, 0.8518613102321706, 0.5014057667618766]], "T": [0.01364460289945553, -0.11557664091803951, 0.0739147464572801], "aligned_model": [[0.31551767364673405, -0.64797975265988, -0.5150192457198947, -0.28124923692119314, 0.1197148048397904, 0.14625142319018614, 0.2220033478800405, 0.696537641824706, -0.3121841919438762, 0.33191266220386145, 0.3827917854740778, -0.040731591720263506], [-0.22932868420210087, 0.12179694659793969, -0.6296007794952488, -0.4418877330215374, 0.4563218217550534, -0.70572630342093, -0.48510535856015835, 0.04335856654999176, 0.5725043382753066, 0.5262601956064419, -0.006264857502882998, -0.018124946813934464], [-0.7379716534436451, 0.21194529518371266, 0.0027646162037927857, -0.6337282055915309, -0.34855530728281203, -0.21433711598789698, 0.35802852350638037, -0.060767266304902035, 0.014669724026672298, 0.23683760272888635, 0.6988691585032512, 0.04275508289587346]], "inverted": false, "swapped": false, "error_lsq": 0.05772988433595361, "error_max": 0.3448168962243856, "target": "157.xyz", "model": "3.xyz", "model_rescale": 3.9243930471874484, "target_rescale": 3.8743732349101747},
{"mapping": [6, 4, 8, 10, 3, 11, 9, 5, 2, 0, 1, 12], "R": [[0.8639202309275353, 0.4837762581752267, 0.14000845195948108], [-0.4677720691665079, 0.6677631052894704, 0.5790351686399088], [0.18663098858924165, -0.5657322398804404, 0.8031910774268238]], "T": [-0.027668827831332884, -0.1552847421720953, -0.021213985955332623], "aligned_model": [[0.3965501827484381, -0.5581351047572847, -0.49679709076374773, -0.3935431314378735, -0.10030588787085482, 0.37064386633300545, 0.09907634349571152, 0.6919836916826889, -0.2779257234622961, 0.3442227124640828, 0.2692225113571272, 0.07257295030529187], [-0.06469441181974364, 0.11106847734532149, -0.5023249575085762, -0.47369161366534673, 0.35107964860124696, -0.7780261892408995, -0.74886628825379, 0.0798213129180056, 0.709242718222354, 0.592281842938674, 0.023229829254845957, -0.09491716302415117], [-0.5985770760867355, -0.015851063514866738, 0.21504462399031854, -0.532956868333995, -0.4585609096100335, -0.3034801177489218, 0.33834685934545616, -3.631394035526203e-05, 0.18171025292867832, 0.14053655173501906, 0.6034046020530799, 0.0009299136201376887]], "inverted": true, "swapped": false, "error_lsq": 0.052028875225426534, "error_max": 0.2798982014194318, "target": "157.xyz", "model": "4.xyz", "model_rescale": 3.8936222436046832, "target_rescale": 3.8743732349101747},
{"mapping": [4, 9, 0, 1, 5, 2, 3, 10, 6, 7, 8, 11], "R": [[0.07003114796615004, 0.9894843170954923, -0.12655601343519862], [-0.11759319197927554, 0.1341716670921229, 0.9839562007273728], [0.9905894606317334, -0.054025456701332325, 0.12575281513168599]], "T": [0.06375675266674372, -0.04092684975471092, 0.04698337848751354], "aligned_model": [[0.4781584659572804, -0.4443485412015624, -0.44076590052716036, -0.5105470548332286, 0.002709803937697583, 0.27091530690600685, 0.105886816088926, 0.6853029001322968, -0.3685891624682278, 0.3682647838563208, 0.2174588139681417, 0.05311908827779867], [-0.08498571941943836, -0.023577508416332507, -0.7669007598564318, -0.22055544763512586, 0.4263070824012779, -0.6622836244197489, -0.5080995519697937, -0.14921865310510274, 0.6144469669588467, 0.5283816259478267, 0.039759332313680756, 0.01092946296828251], [-0.6290008187631212, 0.3985000274806788, 0.08070404341012424, -0.4831274313207746, -0.6126654521335899, -0.31101041602222645, 0.3790327067239808, 0.0846751731239255, -0.08781572440313429, 0.10093007275468835, 0.765125594699422, -0.11483732111219142]], "inverted": false, "swapped": false, "error_lsq": 0.05788692558878688, "error_max": 0.30037214927324357, "target": "157.xyz", "model": "5.xyz", "model_rescale": 3.6523030999806103, "target_rescale": 3.8743732349101747},
{"mapping": [11, 1, 0, 3, 4, 7, 5, 9, 2, 10, 8, 12], "R": [[0.22395439688669028, 0.004129068310972919, 0.9745908777071547], [0.004470525146053407, -0.999984857095153, 0.0032093590177980835], [0.9745893712328476, 0.0036381829626802656, -0.22396946467028206]], "T": [0.08026321210680293, 0.011944282778303575, 0.06571149564453974], "aligned_model": [[0.512631971569306, -0.5521107012204844, -0.6550336728245147, -0.3423830228348954, -0.01640333887993295, 0.2447434452444805, -0.0012774584605967643, 0.8027173626700821, -0.46604496489125596, 0.47341568629563835, 0.373281903378928, 0.04402811004753459], [-0.06857345278677413, 0.025025194430581935, -0.6527656273303314, -0.29244826830668025, 0.31726906440444, -0.5427155865399517, -0.5731144095653705, -0.01482624537993094, 0.5129264891468281, 0.6745464748618668, -0.0976852072283747, -0.08343521993836217], [-0.6966159623689486, 0.35260344305143376, -0.0025743514423031966, -0.3940232516626023, -0.4102758545783399, -0.29776717219171034, 0.4047704514962811, 0.06820435277276266, -0.09792174931595266, -0.057017917098482473, 0.6622217840323741, 0.03890668174326939]], "inverted": true, "swapped": false, "error_lsq": 0.04762114847640934, "error_max": 0.21858974185573518, "target": "157.xyz", "model": "6.xyz", "model_rescale": 4.08911054899281, "target_rescale": 3.8743732349101747},
{"mapping": [10, 6, 7, 5, 8, 12, 13, 11, 3, 9, 1, 14], "R": [[-0.0698364358054735, -0.2665112472179516, 0.9612984070205881], [-0.7050683950739216, -0.668518331647885, -0.23656246219257474], [0.7056921641210654, -0.6943018042300199, -0.1412217197922005]], "T": [-0.03032274527210376, -0.06168949025769855, -0.011489474836296705], "aligned_model": [[0.3317423362597277, -0.47982549332872587, -0.5573563969668709, -0.3715199315607144, 0.12288212555716427, 0.273112792305799, 0.22210836392735467, 0.5518521423462093, -0.4158112554082104, 0.3795746571422127, 0.27201299898109255, 0.08879298083925055], [-0.13695532668518576, 0.04607175844906603, -0.614655231129141, -0.4295587181438293, 0.44664052283572453, -0.6589037012412073, -0.6461470890788383, -0.1289858261976512, 0.6285361436684015, 0.5803565670721154, 0.07745314617080012, 0.04035096004768634], [-0.6299705409201359, 0.17686593182934496, 0.11402301036428711, -0.5848636465832681, -0.4395990853656698, -0.25493141605709685, 0.3498723557991236, -0.044271578991131794, 0.026439657636405135, 0.17376248242469408, 0.6420994505059154, 0.04108383379531434]], "inverted": false, "swapped": false, "error_lsq": 0.04406360640780008, "error_max": 0.25406994227464363, "target": "157.xyz", "model": "7.xyz", "model_rescale": 3.964800864290218, "target_rescale": 3.8743732349101747},
{"mapping": [8, 4, 2, 7, 9, 1, 0, 5, 11, 10, 3, 13], "R": [[-0.5238550108630019, -0.8249264411369635, 0.21230236528787924], [-0.3378906560057602, 0.4300323228022077, 0.8371989643623163], [-0.7819244414761065, 0.3668358870918192, -0.5040095234852582]], "T": [-0.03734857197347816, -0.079662782097492, 0.02002911079450806], "aligned_model": [[0.3707335784525995, -0.7057841720641116, -0.49153053228581345, -0.205220272694329, 0.013520406754080803, 0.21884023097622954, 0.011956147872718974, 0.787014492859016, -0.42140806981190415, 0.4770933336803881, 0.3497027012367568, 0.012647475118656687], [0.008507958977392427, 0.03741717789996085, -0.5577043259470651, -0.45506450642348906, 0.43807062762326776, -0.7393537592805955, -0.5980044367645521, 0.023762861521403, 0.652067052054966, 0.5608890709604897, -0.11598925952369837, -0.050395255330138986], [-0.6255345656381228, 0.2059848219526006, 0.08170371687231764, -0.5611299056819378, -0.43077149950980964, -0.22956055854056803, 0.51201523474583, -0.07377598794950915, 0.08486024856790067, 0.006730153751340645, 0.6322663153537754, -0.03227751948603571]], "inverted": false, "swapped": false, "error_lsq": 0.04924611836568788, "error_max": 0.25245343757537475, "target": "157.xyz", "model": "8.xyz", "model_rescale": 4.121658175737393, "target_rescale": 3.8743732349101747},
{"mapping": [7, 2, 1, 6, 11, 9, 4, 5, 3, 10, 0, 12], "R": [[-0.6076310589763925, 0.14506746040388624, 0.7808584558671278], [0.28077094903068966, 0.9589268730162115, 0.04033517556372909], [-0.742934835868957, 0.24375127515423972, -0.6234044798628322]], "T": [0.007255610038469855, -0.03266828700185252, -0.13844971756273713], "aligned_model": [[0.35645202754413763, -0.6307445382723293, -0.36911731396403663, -0.3084017318779303, 0.027679407023032558, 0.3591422248546957, 0.22971700280515242, 0.5899370553061744, -0.26917993521205524, 0.4122048614948624, 0.056944983974779366, -0.03706872358219394], [-0.012763526174449726, 0.12222606892588235, -0.4103424732907431, -0.5743940369237208, 0.4991559215019927, -0.7283257916748684, -0.7273591400202704, -0.05840875837208978, 0.6610562384601929, 0.5482245607838475, -0.030210461682107625, -0.08465539576572509], [-0.7154042849342214, 0.08806739021505591, 0.2981706516395697, -0.433535644810777, -0.48453923534606436, -0.43072743402473024, 0.36755765904315363, 0.06535820119939945, 0.1165280531635107, 0.13552187536560253, 0.6466293665649662, -0.08311614363768326]], "inverted": false, "swapped": false, "error_lsq": 0.05166818417112201, "error_max": 0.33454589932663215, "target": "157.xyz", "model": "9.xyz", "model_rescale": 3.833441315466971, "target_rescale": 3.8743732349101747},
{"mapping": [1, 7, 3, 4, 12, 5, 2, 0, 11, 10, 8, 14], "R": [[0.10196246431335731, -0.8920899128564855, 0.44020363838893417], [0.9936004479401693, 0.06970910639418482, -0.08887513903684952], [0.04859841277492963, 0.44644846048052667, 0.8934886492901437]], "T": [0.026363401596875315, -0.04239544721866867, -0.08180837711604798], "aligned_model": [[0.3859218528586992, -0.5712900442494764, -0.5737746645730052, -0.35303001873063017, 0.03017879887451034, 0.337012682633813, 0.12342561928058926, 0.685825722607842, -0.232613837163455, 0.5089012056184896, 0.10239466643681769, -0.025386663499905343], [-0.025073208418097497, 0.09493897873291143, -0.6221090180865902, -0.6046704964999943, 0.4376092741179309, -0.6128323377470111, -0.6155079395159111, -0.0008190528304764244, 0.5376618703972786, 0.5202092704196366, 0.18468602554538122, -0.08989016034711798], [-0.7268096120628965, 0.17869803527786587, 0.15920682371798972, -0.5011173105507157, -0.44595253476375757, -0.27031296481247585, 0.3410051184098133, -0.24674415946836992, 0.166790454594476, 0.27370159869474564, 0.6599548019855361, -0.017909796584429025]], "inverted": false, "swapped": false, "error_lsq": 0.057826303629261, "error_max": 0.34336684465407796, "target": "157.xyz", "model": "10.xyz", "model_rescale": 4.2482417240324, "target_rescale": 3.8743732349101747},
{"mapping": [0, 7, 3, 8, 10, 1, 2, 6, 9, 4, 5, 11], "R": [[0.6418565782866531, 0.010638769220386701, -0.7667509044661277], [0.4600112621768214, -0.8053467349578259, 0.37390677335835587], [-0.613522429566057, -0.5927085734846802, -0.5218110532914363]], "T": [0.05657854453766782, -0.12929419108289553, -0.04348473293815052], "aligned_model": [[0.49128025806773323, -0.48265733994552124, -0.5290990223054728, -0.40563484315435394, -0.09533625030113475, 0.2105432496083306, 0.20021766313169054, 0.6554893185965901, -0.37673391369401765, 0.5186792896107618, 0.17960186906312575, 0.05121504141655732], [-0.051687599722207905, -0.02819952966834735, -0.6812654410794998, -0.24987445480484924, 0.28272793977181276, -0.6762911379205808, -0.713860057505752, -0.11534691323806268, 0.5715088473340788, 0.6007138377123036, 0.2717800403338719, -0.006002325444826706], [-0.6589935575420324, 0.3534545281767743, 0.05840321200937491, -0.4290713162029511, -0.5148253967149166, -0.46328916776579265, 0.3871053712299607, 0.20469563755846618, -0.022837286954288598, 0.09576597452750324, 0.5795649383061919, -0.0194624821905078]], "inverted": true, "swapped": false, "error_lsq": 0.05522308451411364, "error_max": 0.3757929321807223, "target": "157.xyz", "model": "11.xyz", "model_rescale": 3.6694154284099745, "target_rescale": 3.8743732349101747},
{"mapping": [1, 10, 7, 12, 2, 0, 6, 4, 8, 3, 11, 13], "R": [[0.6915177624877719, -0.29181353259408116, -0.6607934975155771], [0.45816668966048346, 0.8844089375480507, 0.08890509361494907], [0.5584679656430263, -0.3642330207162603, 0.7452837298441771]], "T": [-0.0538748333688221, -0.1786663856434482, 0.021407044659764105], "aligned_model": [[0.36956268296572814, -0.6565348448307977, -0.6343931054713501, -0.3512649308885883, -0.15070888538912786, 0.4388345925859557, 0.18056705362131292, 0.6647766060009197, -0.09535877674215221, 0.45405594020189627, 0.15466977558018508, 0.0433592124603067], [0.10097296528227115, -0.01236576278720583, -0.5232227185248886, -0.3563263445488517, 0.3312153949462542, -0.5908693532249356, -0.575163852052186, -0.02057347706630913, 0.5461205868061907, 0.500484063038715, 0.015538531362251667, -0.21160682746336515], [-0.6560706282386364, -0.09117093156436114, 0.3319626559372512, -0.5631992922588528, -0.37477133635606125, -0.29174467498709816, 0.3495557825967348, 0.10030818977002819, 0.23485675377311627, -0.1269502872048574, 0.7024520102796483, -0.04471778730912973]], "inverted": false, "swapped": false, "error_lsq": 0.05693786831245478, "error_max": 0.4303080913554707, "target": "157.xyz", "model": "12.xyz", "model_rescale": 3.9764082729961374, "target_rescale": 3.8743732349101747},
{"mapping": [14, 1, 2, 8, 13, 3, 7, 4, 12, 6, 0, 15], "R": [[0.40284700357577263, 0.9127618999041872, -0.0676757400648138], [0.8987530965482305, -0.380512973148151, 0.21783651831344], [0.173081377262225, -0.14857856961639274, -0.9736360950045754]], "T": [-0.01347613410014302, 0.06650492007962051, -0.012620192598339186], "aligned_model": [[0.4246077240693185, -0.6341404171511223, -0.43402894663255365, -0.35463023876056965, 0.027907319160146694, 0.25993876852704445, 0.22972670080922136, 0.5912735392628876, -0.4226919844227229, 0.6219074249899734, 0.031213590374193363, 0.0764818398684724], [0.08573317430378842, 0.01420753393277728, -0.5213323889424785, -0.46942399780435495, 0.5121804816552946, -0.5826717290685205, -0.5869660691591431, -0.07464737687071075, 0.5555507028842808, 0.4535065202699758, -0.19116497293634332, 0.009231327503375242], [-0.6808423465456019, 0.11132902848843251, 0.32478482203371384, -0.3225345493125817, -0.4299225407793194, -0.47333422161826005, 0.2786902024073156, 0.34823654270277915, -0.036913095142357716, -0.1863334620607281, 0.6646662964606196, -0.027316222196229895]], "inverted": false, "swapped": false, "error_lsq": 0.054168829144744406, "error_max": 0.2691809454808714, "target": "157.xyz", "model": "13.xyz", "model_rescale": 4.170626492500431, "target_rescale": 3.8743732349101747},
{"mapping": [12, 0, 2, 4, 10, 5, 6, 11, 7, 9, 3, 13], "R": [[0.5576697449129989, -0.19048066794207869, -0.8079118582797324], [-0.46377741967200214, 0.735718894205546, -0.49358708827455017], [0.6884148172512345, 0.6499498625658047, 0.32194753538370374]], "T": [-0.08139817635775709, -0.015681849122237274, -0.011821831701866084], "aligned_model": [[0.19197451565431406, -0.613252210608896, -0.49135019846538924, -0.42682027797079436, 0.16072674592124647, 0.5290816738803432, 0.3127595127032045, 0.6154203707767167, -0.4415035536544612, 0.4354185513528575, 0.1372125811032829, 0.007897609401864153], [-0.1349838560274874, 0.17845890602207756, -0.43055926300794434, -0.459795684370398, 0.3774620801813574, -0.5904928167295874, -0.7224378906675004, -0.07258385410207849, 0.6817312606782409, 0.5674856132960766, -0.12558594593115038, -0.06449534357366521], [-0.6802083393429359, 0.1760586089263857, 0.2927241225541634, -0.4436894082243723, -0.3360774065775279, -0.3641377869576498, 0.21757930369959588, 0.09241695824612174, -0.21521522984751096, 0.20981439999086826, 0.6328517528793628, -0.011606520908719177]], "inverted": true, "swapped": false, "error_lsq": 0.05305022246119236, "error_max": 0.2628609883038805, "target": "157.xyz", "model": "14.xyz", "model_rescale": 3.9786697098870705, "target_rescale": 3.8743732349101747},
{"mapping": [5, 9, 6, 7, 8, 10, 1, 4, 3, 2, 0, 11], "R": [[-0.012064280457682652, 0.6705013015422144, -0.7418102572539926], [0.9127638981849576, -0.2955476217265018, -0.281981682848388], [-0.40830934266465, -0.6804995282305528, -0.6084438123366498]], "T": [0.013443086505067831, -0.1107109691482871, -0.03575305391642162], "aligned_model": [[0.36976442673063503, -0.5343020531800186, -0.5794073778744011, -0.2097598753069991, -0.06617255540377588, 0.41235747501220255, 0.11977643135095313, 0.6250039593093824, -0.3051974770337245, 0.4897815054443582, 0.1668985109683954, -0.0711776499227186], [0.12775359774233197, 0.10110581750439873, -0.6060509299517808, -0.45560174982349616, 0.28966462779893914, -0.811399193689119, -0.6388711181987261, -0.13133687270904904, 0.7131871489005586, 0.6144542510725197, 0.14798398098704002, -0.14668635386567647], [-0.7145971748804854, 0.1704584367738894, 0.13895338820909683, -0.5535433518501142, -0.3606974444736208, -0.2412386035998057, 0.3770570334376132, -0.05772123655119419, 0.21882368234576846, -0.0028208464052519103, 0.59141035505767, 0.00442621637421621]], "inverted": false, "swapped": false, "error_lsq": 0.04809201160896384, "error_max": 0.3028545578398011, "target": "157.xyz", "model": "15.xyz", "model_rescale": 3.769337070930944, "target_rescale": 3.8743732349101747},
{"mapping": [6, 10, 5, 7, 2, 1, 3, 8, 0, 9, 11], "R": [[0.8811123355801709, 0.008299252337033686, 0.4728341934537965], [-0.3921420998669941, 0.571664301057196, 0.7207111074547775], [-0.2643210653738375, -0.8204456406779389, 0.5069549537110825]], "T": [0.01761692121443808, -0.025759404595350165, 0.048534541287134164], "aligned_model": [[-0.35663724780060785, -0.5084650110302147, -0.06900789957584691, -0.5467506557610231, 0.4571218945506249, 0.39982461000276676, 0.5870436561560063, 0.3941024352355995, 0.018935618740213815, -0.4438673596578151, -0.009673910168532942], [0.119896586679795, -0.4270950724478616, 0.7133789715531691, 0.16173121862777678, -0.03626359848499738, -0.4133824686956144, 0.44329072535673975, -0.5034736072197171, 0.6318608381975225, -0.16427178620168345, 0.07039269026021303], [-0.6281796591980257, -0.32493850456505935, -0.20768899372894598, 0.1431849321978825, -0.7249183889227517, -0.0748117909197119, -0.13303859686719385, 0.48260700631880005, 0.5471052127753202, 0.7217722681174734, -0.05687587798401064]], "inverted": true, "swapped": true, "error_lsq": 0.06333387696288323, "error_max": 0.3756096633962017, "target": "157.xyz", "model": "16.xyz", "model_rescale": 3.7852294659196426, "target_rescale": 3.8743732349101747},
{"mapping": [7, 0, 9, 10, 5, 11, 8, 2, 4, 1, 3, 12], "R": [[0.21502364332555562, -0.497637945207136, 0.8403102452672013], [-0.9030368707888041, -0.4289494056817118, -0.022952502287793386], [0.37187261637147895, -0.7538958037125063, -0.5416196768376359]], "T": [0.06018865930496757, -0.051574299101229897, -0.04537149903500487], "aligned_model": [[0.5208189170995625, -0.4485748816168043, -0.47717882732206557, -0.5568555672568479, 0.03474392844608197, 0.32112005186842124, 0.08473683255231305, 0.6580422593530136, -0.40205821214904497, 0.4291166116172958, 0.24422634539573307, 0.00942786210663013], [-0.03739689281622388, 0.013299485894265252, -0.7174647768415138, -0.24000268916934858, 0.46846031328829496, -0.6787183919922968, -0.5815377925263643, -0.11527373775027946, 0.4841117852205855, 0.5245228925773068, 0.20421223978427394, -0.12000922990075913], [-0.5736193309581812, 0.4048486773096592, 0.07746107597180343, -0.5280786976163062, -0.4467760059214851, -0.322025018007765, 0.3324406157513204, 0.06688034039605267, -0.07935581872118902, 0.0337382095335739, 0.684833094066057, -0.07983668736575837]], "inverted": false, "swapped": false, "error_lsq": 0.05458991648206788, "error_max": 0.2824797389230308, "target": "157.xyz", "model": "17.xyz", "model_rescale": 3.901054581598922, "target_rescale": 3.8743732349101747},
{"mapping": [11, 1, 0, 7, 6, 12, 13, 9, 4, 10, 5, 14], "R": [[0.0012949613669826134, -0.5492406720634839, -0.8356632139961112], [0.2834830808694438, 0.8015842403973956, -0.5264029335093968], [0.9589763635960097, -0.23621471101051794, 0.1567384584790571]], "T": [-0.02389099608084304, -0.08692918313527079, 0.09741012449978159], "aligned_model": [[0.4267290739713311, -0.6693169342441524, -0.6548296091907705, -0.31695816615935685, -0.18502034321627808, 0.2727216593096167, 0.3972487476692229, 0.6333783795146325, -0.26483304971435656, 0.44276740680455035, 0.31740133892782657, 0.018276816422023195], [0.007158570017138349, 0.07774957403270988, -0.5065053041561642, -0.3506038502142087, 0.19757262356931268, -0.6110722134558503, -0.5957279758090214, -0.08866297924921127, 0.6609781186848407, 0.5837744979374435, -0.06089348547731857, -0.10956437011172976], [-0.5543720753949231, -0.10750891980663996, 0.13451623795116555, -0.4357543225146707, -0.5784758131728976, -0.3376417350592729, 0.39951491279093243, 0.14413895061025495, 0.18771828905223828, 0.027838180867126555, 0.6198349817830219, 0.07070176733144666]], "inverted": true, "swapped": false, "error_lsq": 0.05745141961548744, "error_max": 0.37474947075584564, "target": "157.xyz", "model": "18.xyz", "model_rescale": 3.9405287249114394, "target_rescale": 3.8743732349101747},
{"mapping": [9, 12, 14, 13, 7, 11, 10, 5, 4, 8, 1, 15], "R": [[-0.5571534559535066, -0.22716715400493706, 0.7987334415562938], [0.8223285257903098, -0.01707138280634879, 0.5687568580339188], [-0.11556739241931535, 0.9737061425452633, 0.19631741078932258]], "T": [-0.01844075902100023, -0.012711775806692548, 0.08406979469655204], "aligned_model": [[0.350108148719659, -0.534152800094609, -0.42317884496861974, -0.33956331416170515, 0.01736625547949254, 0.20716353683411506, 0.1775317489098593, 0.8001862694018287, -0.39464821079570106, 0.5176301192671633, 0.031245069380276075, 0.007877342122529912], [-0.05468966776991651, 0.0034608490780320203, -0.6720757239371477, -0.27897793910428403, 0.38905508835532454, -0.5859006332739821, -0.7332408048702412, -0.0629634056064228, 0.605613964072438, 0.5104795312669934, 0.12080330451111618, -0.03736135695396943], [-0.5878077284771482, 0.26823982240308003, 0.049934361998816484, -0.44253487698292737, -0.49292829326849796, -0.2897890520181903, 0.32970515729435734, -0.05226510471276083, -0.019883373837121493, -0.021623275983800316, 0.7284489267013421, 0.10101389132063235]], "inverted": true, "swapped": false, "error_lsq": 0.05033761282165559, "error_max": 0.26164486829270595, "target": "157.xyz", "model": "19.xyz", "model_rescale": 4.410303926677745, "target_rescale": 3.8743732349101747},
{"mapping": [8, 4, 2, 7, 9, 1, 0, 5, 11, 10, 3, 13], "R": [[-0.5238550108630019, -0.8249264411369635, 0.21230236528787924], [-0.3378906560057602, 0.4300323228022077, 0.8371989643623163], [-0.7819244414761065, 0.3668358870918192, -0.5040095234852582]], "T": [-0.03734857197347816, -0.079662782097492, 0.02002911079450806], "aligned_model": [[0.3707335784525995, -0.7057841720641116, -0.49153053228581345, -0.205220272694329, 0.013520406754080803, 0.21884023097622954, 0.011956147872718974, 0.787014492859016, -0.42140806981190415, 0.4770933336803881, 0.3497027012367568, 0.012647475118656687], [0.008507958977392427, 0.03741717789996085, -0.5577043259470651, -0.45506450642348906, 0.43807062762326776, -0.7393537592805955, -0.5980044367645521, 0.023762861521403, 0.652067052054966, 0.5608890709604897, -0.11598925952369837, -0.050395255330138986], [-0.6255345656381228, 0.2059848219526006, 0.08170371687231764, -0.5611299056819378, -0.43077149950980964, -0.22956055854056803, 0.51201523474583, -0.07377598794950915, 0.08486024856790067, 0.006730153751340645, 0.6322663153537754, -0.03227751948603571]], "inverted": false, "swapped": false, "error_lsq": 0.04924611836568788, "error_max": 0.25245343757537475, "target": "157.xyz", "model": "20.xyz", "model_rescale": 4.121658175737393, "target_rescale": 3.8743732349101747},
{"mapping": [11, 1, 0, 3, 4, 7, 5, 9, 2, 10, 8, 12], "R": [[0.22395439688669028, 0.004129068310972919, 0.9745908777071547], [0.004470525146053407, -0.999984857095153, 0.0032093590177980835], [0.9745893712328476, 0.0036381829626802656, -0.22396946467028206]], "T": [0.08026321210680293, 0.011944282778303575, 0.06571149564453974], "aligned_model": [[0.512631971569306, -0.5521107012204844, -0.6550336728245147, -0.3423830228348954, -0.01640333887993295, 0.2447434452444805, -0.0012774584605967643, 0.8027173626700821, -0.46604496489125596, 0.47341568629563835, 0.373281903378928, 0.04402811004753459], [-0.06857345278677413, 0.025025194430581935, -0.6527656273303314, -0.29244826830668025, 0.31726906440444, -0.5427155865399517, -0.5731144095653705, -0.01482624537993094, 0.5129264891468281, 0.6745464748618668, -0.0976852072283747, -0.08343521993836217], [-0.6966159623689486, 0.35260344305143376, -0.0025743514423031966, -0.3940232516626023, -0.4102758545783399, -0.29776717219171034, 0.4047704514962811, 0.06820435277276266, -0.09792174931595266, -0.057017917098482473, 0.6622217840323741, 0.03890668174326939]], "inverted": true, "swapped": false, "error_lsq": 0.04762114847640934, "error_max": 0.21858974185573518, "target": "157.xyz", "model": "21.xyz", "model_rescale": 4.08911054899281, "target_rescale": 3.8743732349101747},
{"mapping": [1, 9, 14, 15, 8, 2, 13, 0, 5, 6, 7, 16], "R": [[-0.25721852320236716, -0.7402634836776398, -0.6211671321432246], [-0.48186177830899757, 0.6554324215512125, -0.5815647576877438], [0.8376442311187273, 0.1497274708026502, -0.5252940381924753]], "T": [-0.014017527304816056, -0.10092322941915133, -0.007097710972295737], "aligned_model": [[0.365157036566314, -0.678194910133287, -0.46647938218369517, -0.37681774706648535, 0.14124433468613296, 0.18102313018091734, 0.1759319831162426, 0.7570462663082255, -0.4183489000884322, 0.4312113791144741, 0.28126552281137374, 0.02452660678250851], [-0.04868944556808274, 0.05154681080164164, -0.5424901616276576, -0.41832524649122405, 0.4609574512766449, -0.6399850932932538, -0.47652447286496713, -0.08155396254410235, 0.4772134269976499, 0.4737273713155894, 0.06678444988252652, -0.118457922116824], [-0.7024369542225077, 0.2006735635983511, 0.10299089064747312, -0.55403370173688, -0.3825252977743385, -0.44598867489997107, 0.5023852185170006, 0.06476922063788519, -0.005308454622390844, 0.15755961961232595, 0.6177848720997235, 0.014640152581110687]], "inverted": false, "swapped": false, "error_lsq": 0.04662740247649124, "error_max": 0.26198409606327194, "target": "157.xyz", "model": "22.xyz", "model_rescale": 4.204369325754507, "target_rescale": 3.8743732349101747},
{"mapping": [9, 12, 14, 13, 7, 11, 10, 5, 4, 8, 1, 15], "R": [[-0.5571534559535066, -0.22716715400493706, 0.7987334415562938], [0.8223285257903098, -0.01707138280634879, 0.5687568580339188], [-0.11556739241931535, 0.9737061425452633, 0.19631741078932258]], "T": [-0.01844075902100023, -0.012711775806692548, 0.08406979469655204], "aligned_model": [[0.350108148719659, -0.534152800094609, -0.42317884496861974, -0.33956331416170515, 0.01736625547949254, 0.20716353683411506, 0.1775317489098593, 0.8001862694018287, -0.39464821079570106, 0.5176301192671633, 0.031245069380276075, 0.007877342122529912], [-0.05468966776991651, 0.0034608490780320203, -0.6720757239371477, -0.27897793910428403, 0.38905508835532454, -0.5859006332739821, -0.7332408048702412, -0.0629634056064228, 0.605613964072438, 0.5104795312669934, 0.12080330451111618, -0.03736135695396943], [-0.5878077284771482, 0.26823982240308003, 0.049934361998816484, -0.44253487698292737, -0.49292829326849796, -0.2897890520181903, 0.32970515729435734, -0.05226510471276083, -0.019883373837121493, -0.021623275983800316, 0.7284489267013421, 0.10101389132063235]], "inverted": true, "swapped": false, "error_lsq": 0.05033761282165559, "error_max": 0.26164486829270595, "target": "157.xyz", "model": "23.xyz", "model_rescale": 4.410303926677745, "target_rescale": 3.8743732349101747},
{"mapping": [7, 5, 4, 0, 13, 1, 10, 11, 6, 14, 9, 16], "R": [[0.9726922775614896, 0.22493607182673525, 0.05721448036467966], [-0.2161522336306313, 0.7881140389949951, 0.576328442327363], [0.08454552068993063, -0.5729572629177097, 0.8152128739176752]], "T": [-0.0070851948955436145, -0.07221820641650162, 0.011501408467586446], "aligned_model": [[0.2693801067978264, -0.6202809176806546, -0.4662221570083613, -0.37521746242899473, 0.10498475409571532, 0.39796024697421695, 0.2315031516728845, 0.6249671510700942, -0.30489322126426205, 0.3138759971605686, 0.26883996042197456, -0.027332289716718784], [-0.0869201990364008, 0.055182277607945585, -0.4875109056695176, -0.3573213479496231, 0.5013500793057126, -0.7123913788651848, -0.5516453900108378, -0.07858620731114861, 0.6246497878761481, 0.48942780255347135, -0.0070816906167884275, -0.1849496221158361], [-0.5928839694618405, 0.06948550677319505, 0.31251568879346664, -0.5831250653584552, -0.37919844049055446, -0.39155175039344564, 0.3816488423208572, 0.046008902359530146, -0.04836066400493734, 0.21071903774937495, 0.5701090763355288, -0.02485671018493807]], "inverted": false, "swapped": false, "error_lsq": 0.050118780923219024, "error_max": 0.350525078071561, "target": "157.xyz", "model": "24.xyz", "model_rescale": 4.28219845311461, "target_rescale": 3.8743732349101747},
{"mapping": [12, 1, 4, 7, 11, 13, 2, 14, 5, 10, 6, 15], "R": [[0.026177966639303867, -0.7810223054844176, -0.6239542229991208], [0.8175830761193217, 0.3758815513102478, -0.4362006109897931], [0.5752152881364496, -0.4987155679547276, 0.6483904337462842]], "T": [-0.08088300120863245, -0.08374839080317745, -0.0668818837317007], "aligned_model": [[0.4335252665433954, -0.5836104229531338, -0.5068289696672339, -0.42833846907834144, 0.1981562083970414, 0.15891644928474452, 0.2949297043388275, 0.6741716104291258, -0.42627927291378814, 0.41364496447783367, 0.28377005280217, -0.09449180156635234], [-0.051351997828046586, 0.14161459651726085, -0.6411539763665707, -0.5651339761279421, 0.3091625428084107, -0.5327293643435603, -0.5524586149512938, -0.037578331206877785, 0.691627180077341, 0.4862263561773429, 0.07214937897755938, -0.1161705879656828], [-0.6314653656221851, 0.25923782162019215, 0.13931612344176045, -0.5699610244632561, -0.3203285033574226, -0.37319669871590744, 0.26153181956954696, 0.02203090464014837, -0.13598195962188875, 0.17862921130552037, 0.7423901166112055, -0.0016919909699314173]], "inverted": true, "swapped": false, "error_lsq": 0.04614170943476507, "error_max": 0.27677301830652584, "target": "157.xyz", "model": "25.xyz", "model_rescale": 4.100010024507729, "target_rescale": 3.8743732349101747},
{"mapping": [0, 7, 3, 8, 10, 1, 2, 6, 9, 4, 5, 11], "R": [[0.6418565782866531, 0.010638769220386701, -0.7667509044661277], [0.4600112621768214, -0.8053467349578259, 0.37390677335835587], [-0.613522429566057, -0.5927085734846802, -0.5218110532914363]], "T": [0.05657854453766782, -0.12929419108289553, -0.04348473293815052], "aligned_model": [[0.49128025806773323, -0.48265733994552124, -0.5290990223054728, -0.40563484315435394, -0.09533625030113475, 0.2105432496083306, 0.20021766313169054, 0.6554893185965901, -0.37673391369401765, 0.5186792896107618, 0.17960186906312575, 0.05121504141655732], [-0.051687599722207905, -0.02819952966834735, -0.6812654410794998, -0.24987445480484924, 0.28272793977181276, -0.6762911379205808, -0.713860057505752, -0.11534691323806268, 0.5715088473340788, 0.6007138377123036, 0.2717800403338719, -0.006002325444826706], [-0.6589935575420324, 0.3534545281767743, 0.05840321200937491, -0.4290713162029511, -0.5148253967149166, -0.46328916776579265, 0.3871053712299607, 0.20469563755846618, -0.022837286954288598, 0.09576597452750324, 0.5795649383061919, -0.0194624821905078]], "inverted": true, "swapped": false, "error_lsq": 0.05522308451411364, "error_max": 0.3757929321807223, "target": "157.xyz", "model": "26.xyz", "model_rescale": 3.6694154284099745, "target_rescale": 3.8743732349101747},
{"mapping": [4, 6, 12, 2, 0, 10, 9, 8, 1, 5, 7, 13], "R": [[0.3167098594610628, -0.948426739848523, -0.013475313000311184], [0.283956952628016, 0.0812480333011459, 0.9553885105750994], [-0.9050211676940849, -0.30640736973023075, 0.29504442004660436]], "T": [0.062228784013390596, -0.13594475645244603, 0.014231766117612947], "aligned_model": [[0.4809180279584203, -0.5970037004388639, -0.5644665158824759, -0.3584325246220784, -0.03810470362951709, 0.33931342309200696, 0.20626648006067091, 0.698177436589447, -0.34765066016724155, 0.33984954762536906, 0.23096456259858683, 0.02773394690996462], [-0.08725339135793159, 0.03862957449419263, -0.5862215255624248, -0.2520297947918297, 0.3319128442516111, -0.5776788781539204, -0.6634785774928713, -0.193475999659911, 0.6344952257813767, 0.6039117284701245, 0.09949495178896028, -0.14410295199943582], [-0.6913595022941346, 0.09250542849413204, 0.1992632381588807, -0.5070147911795279, -0.44181187198514044, -0.2857445469538305, 0.42144761213325216, 0.0390644013332172, 0.14864801777444256, 0.05318806279312321, 0.5730026543418411, -0.030678248178473984]], "inverted": true, "swapped": false, "error_lsq": 0.04473006981829584, "error_max": 0.23236551289952892, "target": "157.xyz", "model": "27.xyz", "model_rescale": 4.103607728864725, "target_rescale": 3.8743732349101747},
{"mapping": [4, 0, 5, 1, 2, 8, 11, 13, 3, 12, 10, 14], "R": [[-0.740523156965822, 0.4687825968427927, -0.48152708220275664], [0.07660345162608256, 0.77073671132192, 0.6325320806248819], [0.6676506310910992, 0.4315180166783298, -0.6066587476379598]], "T": [0.03183709196656752, -0.1390775653248501, 0.19544400974731613], "aligned_model": [[0.38660424379838026, -0.5952005852389389, -0.5533609125425051, -0.46609831069045166, 0.012954143972375251, 0.3376428871833317, 0.4709974848951551, 0.6478469172734017, -0.2566915140910531, 0.43223752636308066, 0.05870232789614602, -0.0580688887246327], [-0.07909330673867454, 0.08832885249974906, -0.5779978254896658, -0.2542446156176587, 0.33050899501168146, -0.6657360822634899, -0.6184246321714895, -0.1130097673541431, 0.5518225749601937, 0.6031969506569939, 0.04901165938079127, -0.1101595971063477], [-0.6365123856470144, -0.0591179934632059, 0.20116337311388405, -0.5405299825802081, -0.370641322034417, -0.353549249732666, 0.4177630873084185, -0.0038670486215137967, 0.14123061465567943, 0.03419373165844336, 0.6683879588087573, 0.07198967097162438]], "inverted": true, "swapped": false, "error_lsq": 0.04914921511368348, "error_max": 0.2635486796592382, "target": "157.xyz", "model": "28.xyz", "model_rescale": 4.137296879288765, "target_rescale": 3.8743732349101747},
{"mapping": [5, 0, 9, 8, 10, 7, 6, 3, 1, 2, 11], "R": [[0.6983291459025943, -0.7006642552848545, 0.1463079128040358], [-0.22480467552148306, -0.020632746474663288, 0.9741853764230877], [-0.6795581372087557, -0.7131927447324689, -0.1719210487820897]], "T": [-0.07542757201762378, 0.0074836349506576675, -0.07058835616765352], "aligned_model": [[0.5228917942558946, 0.06626724166807386, -0.15371947566712468, -0.8043325192458408, 0.22672948000030152, 0.37030382644767224, 0.575734570697767, -0.11068717002548947, -0.49806867706281505, -0.020456444882824443, 0.04675638452428335], [-0.3990794334116834, -0.7890911073419966, -0.1474968711072109, 0.03307099080083341, 0.6709033544764619, -0.04436473322602179, 0.37816543092303795, -0.4035256492763132, 0.2792862128402981, 0.34137985887367334, -0.00010023690312686157], [0.23957338543567425, -0.23316171461936577, -0.8800658905953276, -0.2331121134534927, -0.28480792895021556, -0.47215710417587964, 0.169842153516015, 0.567417728757134, 0.17240656114338976, 0.7522092384801757, 0.007609706244891254]], "inverted": false, "swapped": true, "error_lsq": 0.05843569952486256, "error_max": 0.33308362833914795, "target": "157.xyz", "model": "29.xyz", "model_rescale": 3.607286011436655, "target_rescale": 3.8743732349101747},
