[{"mapping": [13, 5, 9, 7, 10, 4, 11, 1, 14, 8, 2, 15], "R": [[0.24550520955907035, 0.3174696088636959, 0.9159368097894577], [-0.5344976675660078, 0.8325840332206879, -0.1453136985712997], [-0.8087270463177642, -0.4538908184507646, 0.3740904830121191]], "T": [-0.13984224816454027, -0.05330756516281501, -0.021993951515426755], "aligned_model": [[-0.11249509662689039, 0.1738418781334612, 0.3158533405029888, -0.04477808380376477, -0.1693539119049226, -0.6418433372860269, 0.40432446619064755, -0.2134506454468923, 0.5790720558939867, 0.14595463503778178, -0.5234070775711378, -0.07607576065868249], [-0.21151039203473423, -0.6917656829634588, -0.47143326125751317, 0.692461941815112, 0.33735165175307646, -0.6215123391608101, -0.21265679484103714, -0.5191746771746925, 0.3032499602841734, 0.31719178872624265, 0.15547981261904023, -0.024126971788341292], [-0.7504252916504921, 0.09629374785610388, -0.4467350812989852, -0.0346927586985344, -0.743677303236739, 0.024971428246863422, 0.41885459499427097, 0.5191443154256425, 0.12308270076974236, 0.4812025433305049, 0.5648684616851601, -0.07093561206997485]], "inverted": false, "swapped": true, "error_lsq": 0.0495810708206084, "error_max": 0.32435564444947584, "target": "158.xyz", "model": "0.xyz", "model_rescale": 3.751011558992144, "target_rescale": 4.363105113613978},
{"mapping": [14, 11, 7, 12, 1, 3, 5, 9, 2, 0, 4, 6, 13, 10, 15], "R": [[-0.9147970797892746, 0.11740171892354376, -0.3864752763150741], [-0.31800608786961543, -0.7992784644372066, 0.5099275089311847], [-0.24903499932113576, 0.5893816867537524, 0.7685120665496565]], "T": [-0.0656601310527354, -0.012663510568304226, -0.014611734673588374], "aligned_model": [[0.015647037297822394, 0.0924178589523144, -0.4867476767174888, 0.27577576496487216, -0.09928903652849186, -0.590543174585878, 0.4504728136229338, 0.6799984772082427, -0.7255608528046251, -0.12100242606046539, 0.0024303235719909805, 0.5648952601897496, 0.445624198791712, 0.05834566973235429, -0.02337802654600872], [-0.02441605450861334, -0.5344287811769841, 0.4095596600287224, 0.4829934594150444, -0.7067768459775325, 0.24528840019522563, -0.5146465909226157, 0.03189376032284211, -0.31764911945203217, 0.5526133803901296, -0.30649268822751174, -0.0872073565752879, 0.48408385188971415, 0.7989304918116975, 0.03501178261430733], [-0.8259497053472484, -0.48218994463796505, -0.4726330067610479, -0.410686859030892, 0.16526811543844122, 0.1432620462151578, 0.025863560975857534, -0.08461519267795764, 0.06685270733338958, 0.47575991562757564, 0.6825938375320555, 0.46323366761814516, 0.2049756291818326, -0.030428146473620833, -0.07164022014174701]], "inverted": true, "swapped": true, "error_lsq": 0.04427547720093901, "error_max": 0.26784170304991556, "target": "158.xyz", "model": "1.xyz", "model_rescale": 3.9405287249114394, "target_rescale": 4.363105113613978},
{"mapping": [10, 0, 3, 5, 4, 7, 12, 6, 1, 8, 11, 14, 15], "R": [[0.6858613624090679, -0.7200002404064607, -0.10580097054855503], [0.5452539880230765, 0.6047084813128094, -0.5805391814281675], [0.4819670944154884, 0.34048099277785626, 0.8073291853127181]], "T": [-0.025552859904031076, -0.057961688349021885, -0.06066095056708454], "aligned_model": [[-0.1992916422005354, 0.09751222743006402, -0.3492545607587695, 0.5004980925974698, 0.5809314412214741, -0.7460777871319817, -0.21475276716325614, 0.7434552592175363, 0.28417201803258085, -0.5572588195650309, -0.07745908900328327, -0.5162685683488246, -0.05022252504351217], [0.7369510017474812, 0.5799470747215019, 0.1166282860048094, -0.42209971146288044, -0.1668134085736597, 0.15534935806605932, 0.3944118870165605, 0.10706626804612163, -0.6855556413149534, -0.47627772112646427, -0.6283732848736234, -0.23560274609176796, -0.01679876858716793], [0.04997843147854497, -0.4361506079009837, -0.5420143322589106, 0.27204368510017707, -0.5049531979245329, -0.033961899871488455, 0.46725130589333774, 0.05285293064123636, -0.22027710369857273, 0.05957553011960029, 0.37269039061213405, 0.5659649574998182, 0.010120259898283662]], "inverted": false, "swapped": true, "error_lsq": 0.0483509762223689, "error_max": 0.283740153402408, "target": "158.xyz", "model": "2.xyz", "model_rescale": 3.932901565614263, "target_rescale": 4.363105113613978},
{"mapping": [8, 11, 14, 1, 7, 10, 12, 3, 4, 0, 9, 6, 13, 15], "R": [[0.7676406921806732, -0.04780666921988662, 0.6390948991241264], [-0.12425629273051882, -0.9893935179064063, 0.07523855688178349], [0.6287194457190303, -0.13716774075155608, -0.7654390044098023]], "T": [-0.05972029971395321, 0.0037528303777629862, -0.022494911261858538], "aligned_model": [[-0.22523885631163398, 0.2809158373238559, 0.23985223054608507, -0.05743747767579116, -0.3879613794560957, -0.03439724360780608, 0.3144797851611503, -0.6347632596513123, -0.14895343688324922, -0.31367633262778943, 0.6659472006774652, 0.421423721326901, 0.3091864570339959, -0.009567333803071579], [-0.06898119239167949, 0.23083627963645398, -0.38456819168815737, 0.694580890741111, -0.6027456972268226, -0.7051686068544528, -0.6118432064393677, -0.15884595959798836, 0.6058197451496501, -0.24661722888326781, -0.04602371788978479, 0.3246410049774249, -0.3030674482254576, -0.06452003295717257], [-0.6854200287971628, -0.6126280828321496, -0.6740172543218529, -0.2175137972470471, -0.3221412731132391, 0.391149333073566, -0.010427473605863487, 0.07676613886446829, 0.4320602371387226, 0.6377219131676143, 0.1614115016599708, 0.522504469758487, 0.5486069534540678, -0.03417627414248431]], "inverted": false, "swapped": true, "error_lsq": 0.04632815574148551, "error_max": 0.3498803856502383, "target": "158.xyz", "model": "3.xyz", "model_rescale": 3.9243930471874484, "target_rescale": 4.363105113613978},
{"mapping": [2, 8, 1, 4, 5, 3, 0, 11, 9, 12, 6, 10, 15], "R": [[-0.2566314871065897, 0.9130042908020543, -0.3171173990850998], [-0.46221885087517867, -0.4040890100643052, -0.7893451753452856], [-0.8488191878846107, -0.055993186391632144, 0.5257097577148652]], "T": [-0.05544229609238163, -0.08457113288516427, -0.14462000417739446], "aligned_model": [[-0.0857947251277642, -0.22300680883913349, 0.5555109254858401, 0.46395701520457655, 0.605336931611698, -0.4515891654904378, -0.36322905089721225, 0.27299603476230405, 0.22975787746402868, -0.44016218736134316, 0.4690435874985539, -0.6607695244823675, -0.09484502351739021], [-0.6136226127805313, 0.04996692340092318, -0.2855324279714564, -0.5667935953513311, 0.2032384963722868, -0.5395274119336706, -0.4419081733266206, 0.32897669443482347, 0.47690390330220567, 0.4702045575389694, -0.009205255881715738, 0.06609997305050908, -0.01097151717280502], [-0.6489065310433477, -0.7972898959177044, -0.4634172831387747, 0.12879059855556357, -0.12106350526564186, -0.19982843077819487, 0.43902598577087487, -0.631408960826148, 0.26317803325942357, 0.10706302205500479, 0.4476026375640048, 0.38941144303858083, -0.12608679790267707]], "inverted": true, "swapped": true, "error_lsq": 0.0461720075308487, "error_max": 0.3068494192507557, "target": "158.xyz", "model": "4.xyz", "model_rescale": 3.8936222436046832, "target_rescale": 4.363105113613978},
{"mapping": [4, 2, 5, 6, 11, 8, 7, 12, 13, 0, 9, 15], "R": [[-0.8222668935155402, -0.1326685310963217, 0.5534222770046827], [-0.5243627188706836, -0.20132368961408625, -0.827352712607335], [0.221180683801384, -0.9704987546910688, 0.0959753731758144]], "T": [-0.1557628656443898, -0.12379172019640745, 0.005215172055979107], "aligned_model": [[0.0737041214765764, -0.6539232740553707, -0.18977106248225634, 0.3891445041366023, -0.6701875282419755, -0.7921144619911926, -0.35433282371916175, 0.12617441191564904, 0.5554502985056998, 0.4532170008905593, 0.22434436018688342, -0.13415750440691576], [-0.47826902421039263, -0.6578318108714517, 0.2986718535369643, 0.07428891507892775, 0.339732200335734, -0.0420653478159055, -0.20449561249228404, 0.3415032180015029, 0.08905579254447539, -0.5259339685385399, 0.4941679361221429, -0.059901246581366224], [-0.6262579060163094, -0.036725602256695376, -0.5782113019026128, -0.5382304417648573, -0.18549369658087655, 0.251251323850795, 0.7259283369878159, 0.4775940444947352, 0.0777409597324604, 0.1798296695665049, -0.18593124990647325, 0.057790583071031375]], "inverted": true, "swapped": true, "error_lsq": 0.04570670675987642, "error_max": 0.2043267080049565, "target": "158.xyz", "model": "5.xyz", "model_rescale": 3.6523030999806103, "target_rescale": 4.363105113613978},
{"mapping": [14, 11, 1, 8, 2, 12, 6, 7, 13, 0, 4, 3, 15], "R": [[-0.9982457696475502, -0.028443744349274026, -0.05192626299054618], [0.038972619091334024, -0.9759148294303652, -0.21464244840912322], [-0.04457037516032381, -0.2162896185795668, 0.9753113772292281]], "T": [0.04951468452599888, -0.0021862549948123977, 0.02171802688227143], "aligned_model": [[0.1333106827047347, 0.15593583223360433, 0.26400912619177674, 0.557961275931117, 0.7432102717533028, -0.347465512445338, -0.6051793152249856, 0.39654687120252574, -0.6239160712785566, -0.1704670335822081, -0.05544189990238944, 0.42639359062536786, 0.006185086455343068], [-0.5973607300021889, 0.0012523358507367799, 0.5872868205786043, -0.27475869043032053, 0.21524277359503674, -0.6024454958962773, 0.4476069955372315, -0.65185939535586, -0.1300843246146156, -0.01026057013748552, 0.7185850718774011, -0.08889436520374543, -0.07348352163533374], [0.5728657888844687, 0.7320135614201632, 0.37070887750911924, 0.39500434224204317, -0.059723297359123385, 0.0567233699325829, -0.0018385721867953328, -0.12949071853779015, -0.2724270382513968, -0.6956437630261271, -0.19401401828831272, -0.4445539132005706, 0.04048512034352775]], "inverted": false, "swapped": true, "error_lsq": 0.051983408525869405, "error_max": 0.2987497421082768, "target": "158.xyz", "model": "6.xyz", "model_rescale": 4.08911054899281, "target_rescale": 4.363105113613978},
{"mapping": [11, 5, 1, 14, 7, 3, 8, 2, 12, 9, 10, 13, 0, 4, 15], "R": [[-0.23108598652313098, -0.9429549797651563, -0.23965636434012158], [-0.45860480179544105, 0.32281153392389605, -0.8279337831830911], [0.8580681223555597, -0.08141633559547523, -0.5070409033750722]], "T": [0.0795920653734139, -0.018396370514684558, -0.0339914204061793], "aligned_model": [[0.0977876326985555, 0.36131605109963166, 0.6981655345067401, -0.4814900907182662, -0.4492071894633125, 0.10694410028241004, -0.05282905199882504, 0.4777539335924376, -0.6061099072814234, -0.1437347531440733, -0.5273166349017928, -0.21959023060638788, 0.026416250303151007, 0.7493345575688403, -0.0011066621381302516], [-0.5752460135416677, -0.6744519587908557, -0.30347605828936886, -0.3570945343277955, 0.38260406508958267, 0.5798743203216803, -0.04599509468279671, 0.35867119264381053, -0.15039075537117486, -0.5974930464691603, 0.31363901100211133, -0.07756658591590308, 0.4894001315327777, 0.002997475937421456, -0.044713332969548235], [-0.4872511995189018, 0.0672070976542726, -0.2606573001838772, -0.519263146881405, -0.38746081274007993, -0.12503852370878107, -0.7076822250070605, -0.5181492655521633, 0.1435475730028618, 0.3875115649033787, 0.40841874805858935, 0.6467266253367585, 0.515899599421766, 0.3238560373901985, -0.023594740093476247]], "inverted": false, "swapped": true, "error_lsq": 0.04613948944304973, "error_max": 0.27825219835686005, "target": "158.xyz", "model": "7.xyz", "model_rescale": 3.964800864290218, "target_rescale": 4.363105113613978},
{"mapping": [6, 0, 4, 9, 1, 10, 5, 3, 7, 8, 14, 11, 2, 15], "R": [[-0.7442422802393239, -0.20906678779948876, -0.6343457310831178], [-0.2530669031134082, -0.790667455288509, 0.5574962938856028], [-0.6181104843414003, 0.5754442226548088, 0.535540265302659]], "T": [0.04503977439235163, -0.050597549781493376, 0.05580285498909868], "aligned_model": [[-0.3141188740945262, 0.258127121349226, 0.3038335626678835, -0.6604865918291226, 0.20761302643450535, -0.13864831837909536, -0.36269603994111294, 0.5646341945337288, 0.1958868393310157, 0.15605011887523634, -0.37243738693942086, -0.25445649137444337, 0.6990493247427452, -0.021162595915746443], [0.05994961993635871, -0.630756138910501, 0.22974567599598722, -0.035975289730852275, 0.634079375033312, -0.8496081648097474, 0.48833838459823414, -0.3520238488204753, -0.49210660632563985, 0.17056026939377444, -0.011983955970167923, 0.4934996650686961, 0.2006477385906787, -0.0934182578684552], [-0.6443953336534288, -0.3697260894014832, -0.601084469047652, -0.19897416648824848, -0.08586024006154341, 0.009400873825260975, -0.19582791308898648, 0.1340930405354812, 0.6454515034031134, 0.696835041810504, 0.7552598520306942, 0.4165205265202955, 0.26620473860141725, 0.08891767373959711]], "inverted": false, "swapped": true, "error_lsq": 0.05017738127538373, "error_max": 0.43229388395982876, "target": "158.xyz", "model": "8.xyz", "model_rescale": 4.121658175737393, "target_rescale": 4.363105113613978},
{"mapping": [12, 7, 8, 11, 10, 9, 3, 4, 2, 0, 5, 1, 15], "R": [[0.8431701923467035, 0.5276677662923592, 0.10310555345884675], [-0.16911422247608293, 0.4423307053837501, -0.8807632637837618], [-0.5103571362235791, 0.7251967150303057, 0.46219618996149336]], "T": [-0.03396654329763811, -0.01868692001383463, -0.016765276078023368], "aligned_model": [[-0.6770624930602931, -0.07012445600912093, 0.2859962217628548, 0.09583927771670568, -0.6469634900960726, -0.6336504584302686, 0.2233530492252777, 0.22795451720826976, 0.6695047401729226, -0.2643665888455225, -0.09345296900178171, 0.46601936253938114, -0.1063092167471551], [-0.05494897907135774, -0.39390573260947415, 0.16425063945594862, 0.6334342631706023, -0.5527317110992958, 0.38202676807632874, -0.5580453525884805, -0.02219018316149033, -0.18174311054933043, -0.6557203191234807, 0.6244433192569561, 0.4154467611947985, -0.009928923540014956], [-0.3396313002875269, -0.6673604348444052, -0.596691151010058, -0.2883263967190288, -0.13227859366544978, 0.1898753218303124, -0.11598541950535737, 0.6962933405729966, -0.13365185172589447, 0.3059875022489591, 0.30395787492909, 0.26040439570683077, -0.06151785357137916]], "inverted": true, "swapped": true, "error_lsq": 0.04620153781168327, "error_max": 0.3281202624537525, "target": "158.xyz", "model": "9.xyz", "model_rescale": 3.833441315466971, "target_rescale": 4.363105113613978},
{"mapping": [12, 10, 6, 4, 0, 13, 3, 2, 11, 1, 14, 8, 7, 9, 15], "R": [[-0.6507458761189304, 0.5253756065586949, 0.5481881764023091], [-0.6794517274570239, -0.7251901927374156, -0.11155507345314492], [0.33893237492141715, -0.445061407437843, 0.8288818907658524]], "T": [-0.06497178416337128, 0.09978371277156327, 0.0706185534055941], "aligned_model": [[0.10375249693218387, -0.16006161342857722, -0.7673960989527464, -0.6983248024751011, -0.5158595980071009, -0.5217060912185217, 0.010515105554337281, 0.17631404622138291, 0.3169360193887815, -0.16443723700185622, 0.6241393680397649, 0.5899729874966595, 0.5033713855149976, -0.33733163463410987, -0.03603931513556112], [-0.6005138254025228, -0.5771386320112881, -0.046222110456166046, 0.5172033940793702, -0.1171203523043773, -0.4880028496870601, 0.2676922771228264, 0.735565640553624, 0.23284137959461287, 0.6939607915919253, -0.21770365117254853, 0.2951016068429612, -0.12565641816895357, -0.3893480366806539, 0.020442325393229224], [0.08628003843022337, -0.38440505665631297, 0.4123428523222714, 0.11175575581166237, -0.4885932976564139, 0.022775600210969985, -0.506507058437723, -0.19898138700170254, 0.6641664603654729, 0.4609276730132251, 0.36952635560585934, 0.1417143228740157, -0.3670267383879471, 0.5700811026772143, 0.08406528465127791]], "inverted": false, "swapped": true, "error_lsq": 0.04380694412038059, "error_max": 0.3231438754906562, "target": "158.xyz", "model": "10.xyz", "model_rescale": 4.2482417240324, "target_rescale": 4.363105113613978},
{"mapping": [1, 4, 0, 13, 8, 7, 3, 12, 9, 14, 11, 15], "R": [[-0.6933617970899801, -0.6311528408789786, 0.3477003160575899], [0.5349101227557824, -0.7741260998474639, -0.33852613209078597], [0.4828256195662646, -0.04873266856379757, 0.8743595073567302]], "T": [-0.06716148821739547, -0.011397512917924867, 0.030311245987782544], "aligned_model": [[-0.695540507739677, -0.25594326892173475, 0.4525941193647966, 0.6136529903823931, -0.46792614284148454, 0.1033948825515693, -0.04720278425798792, 0.4985467519808356, 0.28579648384183093, -0.09822843742969607, -0.5023648686879114, -0.010013615879927024], [-0.3407011021489745, -0.715463061519465, -0.24713693913316082, -0.2906200468477076, 0.5410222740281148, 0.6835206985052518, 0.16154180149127645, 0.30849089334633617, -0.2747106741575705, 0.638156188967423, 0.17081778660742303, 0.031213570911692266], [-0.0791416667030703, 0.2441351177046668, 0.5174930598950964, -0.09181426606103563, -0.04954119730689285, 0.26133032833839437, 0.6105346271223375, -0.2807762041393571, -0.5771255356392095, -0.46175898640266444, -0.511216807963995, -0.016926178989913415]], "inverted": true, "swapped": true, "error_lsq": 0.043529717346546176, "error_max": 0.251376506200387, "target": "158.xyz", "model": "11.xyz", "model_rescale": 3.6694154284099745, "target_rescale": 4.363105113613978},
{"mapping": [10, 7, 8, 14, 12, 0, 13, 4, 11, 1, 2, 5, 3, 15], "R": [[0.5328920215020495, 0.10020082607829683, 0.8402296637662148], [-0.8447618441308004, 0.005466609618228452, 0.5351145138005616], [0.049025708767837184, -0.9949522152508176, 0.08755894727155197]], "T": [0.025612542064760355, 0.025076608907080026, 0.04181712050384077], "aligned_model": [[-0.011276748613384648, -0.12496352490285836, 0.09060629833783443, 0.5569433260276486, 0.4368246477302743, -0.40034622862837876, 0.22038039151386368, -0.26617026355108064, 0.5129823488342695, 0.019969860761934775, -0.4946468002223241, 0.5054047258148222, -0.5309957238587626, 0.08355254101195143], [-0.4712440519697019, 0.3230695855239434, 0.6898002827279256, 0.49227491048457944, -0.18714121481526774, -0.5536014488589879, -0.668656268545425, -0.2913187560670141, 0.5079286258309671, 0.30457122411747845, 0.511906547462178, -0.023029606427335033, 0.08528335192634748, 0.011144106746566362], [-0.611342434298711, -0.6319021433822167, -0.11965916634112239, -0.36368457565486856, -0.5104491255820114, -0.17441405120163778, -0.1510258155371134, 0.6677758035966992, 0.25437683487338436, 0.7029766370872851, 0.20749290991134986, 0.5780108649265415, -0.18954388474099187, -0.01951639400417097]], "inverted": false, "swapped": true, "error_lsq": 0.04685714024822534, "error_max": 0.2496449238220057, "target": "158.xyz", "model": "12.xyz", "model_rescale": 3.9764082729961374, "target_rescale": 4.363105113613978},
{"mapping": [12, 4, 6, 13, 5, 0, 9, 11, 14, 2, 10, 7, 8, 1, 3, 15], "R": [[-0.43767510115018726, -0.7134921278494404, -0.5471466799040744], [-0.5823575805403218, -0.23869187571038147, 0.7771009180647535], [-0.6850548548987857, 0.658752739627501, -0.3110380584636968]], "T": [0.059853716115148, -0.005312192131757133, -0.02265311715517148], "aligned_model": [[0.25178910878891847, -0.18104245767622812, -0.6335261808424082, -0.31522680704507805, 0.014613534829022716, 0.4679354921281359, 0.4668202026138848, -0.21594590454525786, -0.6672968102755314, 0.7239699558790728, 0.3579155407288794, 0.1891184629243779, 0.2842629637633462, 0.6328985146826678, -0.2591736425050014, -0.005728618308059215], [0.09257352449937373, -0.570187730132687, -0.2853302614139319, 0.19944428373866785, -0.7929481584080678, -0.5167332153642443, -0.385887174196469, 0.7385717025378844, 0.31760761961972056, 0.0845357184386509, 0.6901454665515752, -0.19553333948345974, 0.5628280615682655, 0.22005096254581055, 0.40619923442216144, -0.023587587704938955], [-0.6233133592779907, 0.3498363213529066, -0.1790916196724343, -0.460682719946894, -0.3062140743758357, 0.2920304295773877, -0.2485736527665675, 0.01075375704928775, 0.05339257123817149, 0.4099396323842501, -0.2940286736168699, 0.6971664708358319, 0.333029295038899, -0.1780676776361028, 0.6386511528907894, 0.06073538385855492]], "inverted": false, "swapped": false, "error_lsq": 0.04773879550026531, "error_max": 0.3957284688943387, "target": "158.xyz", "model": "13.xyz", "model_rescale": 4.170626492500431, "target_rescale": 4.363105113613978},
{"mapping": [13, 12, 0, 7, 4, 2, 3, 9, 5, 14, 11, 8, 1, 15], "R": [[-0.7062395988899999, 0.6135742192917921, -0.3532029252146131], [0.5164633796789526, 0.7877396559313194, 0.335755583607779], [0.48424292086749804, 0.05470751222340425, -0.8732215536139953]], "T": [-0.026174151175041332, 0.06957886652802389, 0.013356808454788253], "aligned_model": [[0.24767929400110314, -0.060795263879648606, -0.1950755372983388, -0.696186500316418, 0.34854875017966414, -0.4324493827705405, -0.5477667560842503, 0.5725739572485604, 0.6495370334731133, -0.16731809445697796, 0.21718683555458526, -0.3687548107477457, 0.30247669396332644, -0.026473196774789327], [-0.3699748465547279, -0.6482328170520538, 0.03694958350244695, -0.2505987573948303, 0.6317503528314009, 0.6442201279049451, 0.2702466851701346, -0.37981624555467985, 0.14307619455460177, -0.44623534671294773, 0.03627960138037953, 0.07822175658390731, 0.625704662109245, -0.015516482842155399], [-0.5234718814443069, -0.03838845788043536, -0.7170353739666204, 0.13142608356374866, -0.3339376959031859, 0.21298019491418055, -0.22039329189325746, -0.03601251897498348, 0.25425308657844764, 0.6290128530645446, 0.688281708017314, 0.608940668413917, 0.32639627502687707, 0.021821451604626504]], "inverted": true, "swapped": true, "error_lsq": 0.04456801910705837, "error_max": 0.2631424757662075, "target": "158.xyz", "model": "14.xyz", "model_rescale": 3.9786697098870705, "target_rescale": 4.363105113613978},
{"mapping": [4, 13, 1, 2, 5, 11, 10, 12, 8, 3, 9, 15], "R": [[-0.8944479265210882, -0.2302387564813457, 0.3833445209678229], [0.4058750043801768, -0.058179325169728735, 0.912074913009993], [-0.1876922682518315, 0.971393473900622, 0.14548653305981268]], "T": [0.06286478595322822, -0.07616720346253074, 0.0005554449708398933], "aligned_model": [[-0.051927519216570045, -0.679537469169785, 0.47668939878752004, 0.6586187103225001, 0.04880343131578607, 0.48608788316114215, -0.5496932154559194, -0.3346208659346599, 0.6537737355389984, 0.16887468162141375, -0.4195008094468763, 0.025786635243786354], [-0.3083438275905795, -0.016823701956848305, 0.06304181545442887, -0.4877127453518733, 0.47005706557411026, 0.5033644849918614, -0.28707423311672714, 0.20770156118713617, 0.05816790011068913, -0.647617968889995, 0.49117235488461736, -0.03125821507238054], [-0.7135763688085169, 0.041852646277540595, -0.5692261140651413, -0.10350784373353783, -0.4700397157784371, -0.02914746798089406, 0.5051377890553752, 0.5302284460919154, 0.32449530876197047, 0.17135197028697247, -0.09077829744838184, 0.06317614121496493]], "inverted": false, "swapped": true, "error_lsq": 0.05056187316852368, "error_max": 0.2576579812078279, "target": "158.xyz", "model": "15.xyz", "model_rescale": 3.769337070930944, "target_rescale": 4.363105113613978},
{"mapping": [0, 12, 4, 6, 3, 7, 2, 14, 1, 5, 15], "R": [[-0.9860848548614327, 0.15497047776805636, 0.06017316705349453], [-0.1657635987113298, -0.8891103594287333, -0.42662067237626705], [-0.01261302323698184, -0.43065870451768334, 0.9024267238219258]], "T": [0.003912995711969446, 0.019639505177284168, -0.013304806589650485], "aligned_model": [[-0.2589178771144958, -0.25984373484377526, -0.25953894310248854, -0.7283559870614921, 0.3573941153492495, 0.46406381113177697, 0.6318536642727175, 0.24443456267512276, 0.11814015975496021, -0.36393216224619634, -0.02267147812420809], [0.12034193262976131, -0.6443895949403151, 0.7307315896912916, 0.3139086829116746, 0.11816539774125856, -0.4927641933472302, 0.3921291583150718, -0.6488705948813256, 0.5514428060395278, 0.21694894643935936, -0.06157963297373175], [-0.7088937957793157, -0.10618940380915644, -0.05812253573687724, 0.07986655594879553, -0.4952895313493943, -0.3150899775216748, -0.05873183135600549, 0.38702243769472816, 0.4551163610997114, 0.5747235968527941, -0.010194268819828376]], "inverted": false, "swapped": true, "error_lsq": 0.04007184794681714, "error_max": 0.18819668836730843, "target": "158.xyz", "model": "16.xyz", "model_rescale": 3.7852294659196426, "target_rescale": 4.363105113613978},
{"mapping": [8, 1, 4, 2, 11, 5, 9, 6, 3, 7, 12, 0, 15], "R": [[-0.2282473665750924, 0.414727410260583, -0.8808543096506289], [0.6825167198008937, 0.7133620920139021, 0.15901400211861155], [0.6943155383856565, -0.5649032668130886, -0.4458814105792445]], "T": [0.04873011929351363, 0.09347265591986896, -0.020217653534906416], "aligned_model": [[-0.10733306299811811, -0.3550677353764377, 0.06188703317716367, 0.25794940889588464, -0.5908906002145399, -0.6001090660750075, -0.3918614046720555, -0.2015591486782164, 0.6045242417129889, 0.42740361435037716, 0.04674480124104573, 0.66629547271765, 0.035782296135548175], [-0.08670276268645062, -0.4839481108217779, -0.33284679729012284, -0.549553849407267, -0.005534271335833035, 0.03466907430119455, 0.5999628642377623, 0.24239119811338422, -0.0992305661079771, 0.308788429570124, 0.7966486551468409, 0.27656405013790714, 0.17384770984508963], [-0.6646844438109059, 0.1169447934109729, 0.6083888410237159, -0.2992621693588186, -0.3315695356590725, 0.28892362390733467, 0.3148037972459796, 0.7191548270342304, -0.1648685783550783, -0.633092938031188, -0.17728254375692434, 0.3646922893099878, -0.046393265817060055]], "inverted": false, "swapped": true, "error_lsq": 0.04683454803528021, "error_max": 0.2743808160105496, "target": "158.xyz", "model": "17.xyz", "model_rescale": 3.901054581598922, "target_rescale": 4.363105113613978},
{"mapping": [14, 11, 7, 12, 1, 3, 5, 9, 2, 0, 4, 6, 13, 10, 15], "R": [[-0.9147970797892746, 0.11740171892354376, -0.3864752763150741], [-0.31800608786961543, -0.7992784644372066, 0.5099275089311847], [-0.24903499932113576, 0.5893816867537524, 0.7685120665496565]], "T": [-0.0656601310527354, -0.012663510568304226, -0.014611734673588374], "aligned_model": [[0.015647037297822394, 0.0924178589523144, -0.4867476767174888, 0.27577576496487216, -0.09928903652849186, -0.590543174585878, 0.4504728136229338, 0.6799984772082427, -0.7255608528046251, -0.12100242606046539, 0.0024303235719909805, 0.5648952601897496, 0.445624198791712, 0.05834566973235429, -0.02337802654600872], [-0.02441605450861334, -0.5344287811769841, 0.4095596600287224, 0.4829934594150444, -0.7067768459775325, 0.24528840019522563, -0.5146465909226157, 0.03189376032284211, -0.31764911945203217, 0.5526133803901296, -0.30649268822751174, -0.0872073565752879, 0.48408385188971415, 0.7989304918116975, 0.03501178261430733], [-0.8259497053472484, -0.48218994463796505, -0.4726330067610479, -0.410686859030892, 0.16526811543844122, 0.1432620462151578, 0.025863560975857534, -0.08461519267795764, 0.06685270733338958, 0.47575991562757564, 0.6825938375320555, 0.46323366761814516, 0.2049756291818326, -0.030428146473620833, -0.07164022014174701]], "inverted": true, "swapped": true, "error_lsq": 0.04427547720093901, "error_max": 0.26784170304991556, "target": "158.xyz", "model": "18.xyz", "model_rescale": 3.9405287249114394, "target_rescale": 4.363105113613978},
{"mapping": [9, 0, 4, 13, 8, 6, 5, 14, 12, 2, 11, 1, 10, 11, 3, 15], "R": [[0.8555284776666241, 0.17927474423270062, -0.48572789705938124], [0.49742297951651115, -0.024273352893736444, 0.867168486390167], [0.14367116394860047, -0.9834995528314165, -0.10994192207733346]], "T": [-0.07508405824990354, 0.003288803187741888, 0.0015684598889457516], "aligned_model": [[0.26317612829111575, -0.2624498782461331, -0.6800253086412458, -0.2632190011698174, 0.18623088372551383, 0.34456833142570154, 0.684698080921817, -0.16248150412212475, -0.5452239486940929, 0.6850325462415573, 0.3649637300043616, -0.07406538073754827, 0.41282244528093753, 0.3649637300043616, -0.16714030604416402, -0.04046719309949912], [-0.054104520022643696, -0.6165307947940092, -0.38720255422405647, 0.425764941232548, -0.6852507106569699, -0.5282008382839073, -0.2838504902983083, 0.7719159791971066, 0.18939694326220197, -0.0207262265328067, 0.45902420870537836, -0.19557574066904657, 0.5492897834599593, 0.45902420870537836, 0.4458259591188966, 0.012948959018590438], [-0.6849414814874617, 0.2326354921779167, -0.12581918463645117, -0.4857189310901702, -0.17134768889661273, 0.3173121667781124, -0.1760400137007007, 0.03780259891648494, 0.21245066829103834, 0.4222480397795557, -0.34176284673778917, 0.6308309484199212, 0.28746041553060675, -0.34176284673778917, 0.7234514890123434, 0.018764411314379576]], "inverted": false, "swapped": false, "error_lsq": 0.047970445078913355, "error_max": 0.42007312459699375, "target": "158.xyz", "model": "19.xyz", "model_rescale": 4.410303926677745, "target_rescale": 4.363105113613978},
{"mapping": [6, 0, 4, 9, 1, 10, 5, 3, 7, 8, 14, 11, 2, 15], "R": [[-0.7442422802393239, -0.20906678779948876, -0.6343457310831178], [-0.2530669031134082, -0.790667455288509, 0.5574962938856028], [-0.6181104843414003, 0.5754442226548088, 0.535540265302659]], "T": [0.04503977439235163, -0.050597549781493376, 0.05580285498909868], "aligned_model": [[-0.3141188740945262, 0.258127121349226, 0.3038335626678835, -0.6604865918291226, 0.20761302643450535, -0.13864831837909536, -0.36269603994111294, 0.5646341945337288, 0.1958868393310157, 0.15605011887523634, -0.37243738693942086, -0.25445649137444337, 0.6990493247427452, -0.021162595915746443], [0.05994961993635871, -0.630756138910501, 0.22974567599598722, -0.035975289730852275, 0.634079375033312, -0.8496081648097474, 0.48833838459823414, -0.3520238488204753, -0.49210660632563985, 0.17056026939377444, -0.011983955970167923, 0.4934996650686961, 0.2006477385906787, -0.0934182578684552], [-0.6443953336534288, -0.3697260894014832, -0.601084469047652, -0.19897416648824848, -0.08586024006154341, 0.009400873825260975, -0.19582791308898648, 0.1340930405354812, 0.6454515034031134, 0.696835041810504, 0.7552598520306942, 0.4165205265202955, 0.26620473860141725, 0.08891767373959711]], "inverted": false, "swapped": true, "error_lsq": 0.05017738127538373, "error_max": 0.43229388395982876, "target": "158.xyz", "model": "20.xyz", "model_rescale": 4.121658175737393, "target_rescale": 4.363105113613978},
{"mapping": [14, 11, 1, 8, 2, 12, 6, 7, 13, 0, 4, 3, 15], "R": [[-0.9982457696475502, -0.028443744349274026, -0.05192626299054618], [0.038972619091334024, -0.9759148294303652, -0.21464244840912322], [-0.04457037516032381, -0.2162896185795668, 0.9753113772292281]], "T": [0.04951468452599888, -0.0021862549948123977, 0.02171802688227143], "aligned_model": [[0.1333106827047347, 0.15593583223360433, 0.26400912619177674, 0.557961275931117, 0.7432102717533028, -0.347465512445338, -0.6051793152249856, 0.39654687120252574, -0.6239160712785566, -0.1704670335822081, -0.05544189990238944, 0.42639359062536786, 0.006185086455343068], [-0.5973607300021889, 0.0012523358507367799, 0.5872868205786043, -0.27475869043032053, 0.21524277359503674, -0.6024454958962773, 0.4476069955372315, -0.65185939535586, -0.1300843246146156, -0.01026057013748552, 0.7185850718774011, -0.08889436520374543, -0.07348352163533374], [0.5728657888844687, 0.7320135614201632, 0.37070887750911924, 0.39500434224204317, -0.059723297359123385, 0.0567233699325829, -0.0018385721867953328, -0.12949071853779015, -0.2724270382513968, -0.6956437630261271, -0.19401401828831272, -0.4445539132005706, 0.04048512034352775]], "inverted": false, "swapped": true, "error_lsq": 0.051983408525869405, "error_max": 0.2987497421082768, "target": "158.xyz", "model": "21.xyz", "model_rescale": 4.08911054899281, "target_rescale": 4.363105113613978},
{"mapping": [4, 10, 6, 0, 7, 9, 12, 1, 8, 14, 2, 5, 15, 3, 11, 16], "R": [[-0.7257918021753779, 0.07671043539798467, -0.6836239967965354], [0.6182565186553033, 0.508485122050753, -0.5993344290070911], [0.3016374264497733, -0.8576470076634576, -0.4164810598462735]], "T": [0.07365793248159382, 0.03669988464599957, 0.030303374785831484], "aligned_model": [[0.23507969579900123, -0.08834090003051544, -0.5924885454570311, -0.35232214618006363, -0.07552470501006824, 0.3696853585100246, 0.5539901772525119, -0.34332239930639713, -0.5497012746292833, 0.7028857017454548, 0.2912668666540517, -0.1628081240443377, 0.3981772436453863, 0.8233079756409414, -0.16993018619419892, 0.07142861674526484], [0.2760638344732028, -0.7183697785588177, -0.26092390427906004, 0.08974967124994201, -0.5474275753897424, -0.3190291621652019, -0.5227720174174005, 0.7104621809744703, 0.1875204026588611, 0.0323506548733963, 0.6743571056974749, -0.2528496676115343, 0.596440661271362, 0.12039954210812398, 0.44581308217785515, 0.029964077155379742], [-0.6044722546442673, 0.264315321462522, -0.12212063496074915, -0.6145269059113136, -0.3469708479125364, 0.5719418334058732, -0.0049334166256656195, -0.01628151776746909, 0.2938152119326743, 0.15630371024044065, -0.22910643532644967, 0.6286125881919971, 0.3662862576218287, -0.4001591711184425, 0.6296231978383453, -0.016763699493403818]], "inverted": true, "swapped": false, "error_lsq": 0.039818101367515735, "error_max": 0.24288695822024417, "target": "158.xyz", "model": "22.xyz", "model_rescale": 4.204369325754507, "target_rescale": 4.363105113613978},
{"mapping": [9, 0, 4, 13, 8, 6, 5, 14, 12, 2, 11, 1, 10, 11, 3, 15], "R": [[0.8555284776666241, 0.17927474423270062, -0.48572789705938124], [0.49742297951651115, -0.024273352893736444, 0.867168486390167], [0.14367116394860047, -0.9834995528314165, -0.10994192207733346]], "T": [-0.07508405824990354, 0.003288803187741888, 0.0015684598889457516], "aligned_model": [[0.26317612829111575, -0.2624498782461331, -0.6800253086412458, -0.2632190011698174, 0.18623088372551383, 0.34456833142570154, 0.684698080921817, -0.16248150412212475, -0.5452239486940929, 0.6850325462415573, 0.3649637300043616, -0.07406538073754827, 0.41282244528093753, 0.3649637300043616, -0.16714030604416402, -0.04046719309949912], [-0.054104520022643696, -0.6165307947940092, -0.38720255422405647, 0.425764941232548, -0.6852507106569699, -0.5282008382839073, -0.2838504902983083, 0.7719159791971066, 0.18939694326220197, -0.0207262265328067, 0.45902420870537836, -0.19557574066904657, 0.5492897834599593, 0.45902420870537836, 0.4458259591188966, 0.012948959018590438], [-0.6849414814874617, 0.2326354921779167, -0.12581918463645117, -0.4857189310901702, -0.17134768889661273, 0.3173121667781124, -0.1760400137007007, 0.03780259891648494, 0.21245066829103834, 0.4222480397795557, -0.34176284673778917, 0.6308309484199212, 0.28746041553060675, -0.34176284673778917, 0.7234514890123434, 0.018764411314379576]], "inverted": false, "swapped": false, "error_lsq": 0.047970445078913355, "error_max": 0.42007312459699375, "target": "158.xyz", "model": "23.xyz", "model_rescale": 4.410303926677745, "target_rescale": 4.363105113613978},
{"mapping": [11, 15, 8, 10, 14, 6, 13, 3, 4, 12, 1, 5, 0, 7, 2, 16], "R": [[0.03774112038071986, 0.9080347019713724, -0.41719130845233227], [0.10621182325880563, -0.4187689535490895, -0.9018600845715707], [-0.9936270207841815, -0.010273439500067094, -0.11224883076624992]], "T": [0.07818696340944066, -0.044897830540527366, -0.06279796188164283], "aligned_model": [[0.18284673527884926, -0.21566078248809267, -0.7382027373486981, -0.4112090683852132, 0.2394104896718262, 0.3903115004512191, 0.705292163318034, -0.25745575404712906, -0.4734664928041772, 0.591676312405034, 0.21262020030328915, -0.04513384113011375, 0.374813179319707, 0.649402077570404, -0.14616752523038018, 0.05230689825618261], [-0.08297306296937912, -0.6761672461784544, -0.14087289643597756, 0.1833927814179381, -0.6455954620428158, -0.6113360168750196, -0.36025433514657224, 0.7744831252367068, 0.19067978364608454, 0.00030445250624955983, 0.6926150396535047, -0.15823428479092408, 0.5087313450901733, 0.25009557346165495, 0.5448494790405285, 0.07203083160461385], [-0.6859497053907939, 0.09362012513465395, -0.06461743346824095, -0.42633457190997315, -0.32985473506236196, 0.3367319421284874, -0.024379644903959267, 0.09597798139068256, 0.27493865877543683, 0.5540174698798674, -0.48033576937545586, 0.5434601190818997, 0.3565985509929808, -0.23198153564570706, 0.5965631876012869, -0.05289140229541929]], "inverted": false, "swapped": false, "error_lsq": 0.03959692772780714, "error_max": 0.26137900665434294, "target": "158.xyz", "model": "24.xyz", "model_rescale": 4.28219845311461, "target_rescale": 4.363105113613978},
{"mapping": [13, 6, 0, 4, 2, 10, 14, 3, 1, 11, 7, 8, 9, 12, 5, 15], "R": [[-0.24921314953513382, -0.12390628258903569, -0.9604894789812877], [-0.40474176040077736, 0.9143395170728825, -0.012936572444355587], [0.8798164089663587, 0.38552623860626445, -0.2780154777339688]], "T": [0.09112405575289631, 0.0787867277787636, -0.00891975479725931], "aligned_model": [[0.39650862126890196, -0.20113255447109, -0.5808363209243138, -0.4418194267387021, 0.03991162102805125, 0.3553259846026262, 0.556935033201793, -0.3839562980316773, -0.44722279824137245, 0.5283060966091381, 0.12468852308228053, -0.1282374686340974, 0.38122027305667117, 0.8489509299221135, 0.03238387131868589, 0.030357268091732934], [0.1122293132146903, -0.7438902597978779, -0.34707216632999227, 0.23001198271168677, -0.4281377663480621, -0.43628606945187853, -0.5234573521217964, 0.6891111766540864, 0.21584352289109537, 0.06275338817951409, 0.6696681812590389, -0.17271919895198784, 0.6780716811012847, 0.10436212303258527, 0.38876846202803617, 0.04249208914788873], [-0.5173863884724353, 0.2146552501859213, -0.18966163295529911, -0.48615212981587835, -0.46628707782300277, 0.5338529169290928, -0.03052592075654633, 0.03406942305929433, 0.309318361327571, 0.3152590020987795, -0.5141707223531432, 0.5998259617106635, 0.10759382083294136, -0.10620401959660064, 0.7821185477384586, -0.030742155176432008]], "inverted": true, "swapped": false, "error_lsq": 0.04321295696222056, "error_max": 0.29226195497885876, "target": "158.xyz", "model": "25.xyz", "model_rescale": 4.100010024507729, "target_rescale": 4.363105113613978},
{"mapping": [1, 4, 0, 13, 8, 7, 3, 12, 9, 14, 11, 15], "R": [[-0.6933617970899801, -0.6311528408789786, 0.3477003160575899], [0.5349101227557824, -0.7741260998474639, -0.33852613209078597], [0.4828256195662646, -0.04873266856379757, 0.8743595073567302]], "T": [-0.06716148821739547, -0.011397512917924867, 0.030311245987782544], "aligned_model": [[-0.695540507739677, -0.25594326892173475, 0.4525941193647966, 0.6136529903823931, -0.46792614284148454, 0.1033948825515693, -0.04720278425798792, 0.4985467519808356, 0.28579648384183093, -0.09822843742969607, -0.5023648686879114, -0.010013615879927024], [-0.3407011021489745, -0.715463061519465, -0.24713693913316082, -0.2906200468477076, 0.5410222740281148, 0.6835206985052518, 0.16154180149127645, 0.30849089334633617, -0.2747106741575705, 0.638156188967423, 0.17081778660742303, 0.031213570911692266], [-0.0791416667030703, 0.2441351177046668, 0.5174930598950964, -0.09181426606103563, -0.04954119730689285, 0.26133032833839437, 0.6105346271223375, -0.2807762041393571, -0.5771255356392095, -0.46175898640266444, -0.511216807963995, -0.016926178989913415]], "inverted": true, "swapped": true, "error_lsq": 0.043529717346546176, "error_max": 0.251376506200387, "target": "158.xyz", "model": "26.xyz", "model_rescale": 3.6694154284099745, "target_rescale": 4.363105113613978},
