[{"mapping": [6, 8, 1, 3, 9, 4, 2, 0, 10, 5, 7, 11], "R": [[-0.9749413161226552, 0.04562969921118548, 0.21773231424600636], [-0.1841395483366141, -0.7147141590857091, -0.6747416524424704], [0.1248281092359116, -0.6979266446785827, 0.7052065951140012]], "T": [-0.10392290460172428, -0.03401503721650479, -0.001740667904216231], "aligned_model": [[-0.3985783204534073, -0.6984305607011569, -0.3457171498773699, 0.03899338763938372, -0.12694646824510578, -0.12180390386732066, -0.6852465028649131, 0.01958145688071411, 0.521808272039523, 0.46934209033415075, 0.30945673959902154, -0.07481404880444162], [-0.3077592325992205, -0.2523089989677532, 0.43076284242067675, -0.46702779191232874, -0.635917832444087, 0.15440053045021107, 0.5076576951844757, 0.5543385660590243, -0.2908865581676909, 0.47821080919964265, -0.02514476685954215, 0.029057929928001415], [0.6010833436103368, -0.04659469551950661, 0.4751216026420091, -0.5175966579534873, 0.0791256726977144, -0.7869338355194402, -0.1336640193702, -0.14795319886178432, 0.06336587760581153, 0.3107945467106193, 0.8501055024400963, 0.0008537911652984446]], "inverted": false, "swapped": false, "error_lsq": 0.05625025118372084, "error_max": 0.27468451488513135, "target": "159.xyz", "model": "0.xyz", "model_rescale": 3.751011558992144, "target_rescale": 3.5897698734658685},
{"mapping": [10, 5, 4, 13, 11, 2, 8, 0, 7, 1, 6, 14], "R": [[-0.8456415994405752, 0.005313675205901702, 0.5337246950923221], [0.43033745583646954, 0.5983316760104962, 0.675876378923443], [-0.31575300378584, 0.8012309095000498, -0.5082608289667251]], "T": [-0.08931432529203825, -0.047991498434099056, 0.020197055853928524], "aligned_model": [[-0.5950016286341793, -0.6369634487152604, -0.43291204596281946, -0.23618352801922898, 0.13416149648460518, -0.2836459974671616, -0.5102022334594407, 0.38426931783343904, 0.5671779816207465, 0.2653956248780484, 0.3286928161844632, -0.07714336306413377], [-0.3260333272278931, -0.1492201851613001, 0.38506477216893437, -0.4351121516045797, -0.6731176504438645, 0.2391418167309431, 0.459741899369639, 0.4262163179726678, -0.05229097851363357, 0.4914628282355897, -0.08918712270793057, -0.10128302652716278], [0.6028005580820021, -0.262502851455718, 0.5858620121231359, -0.5765183163962915, 0.46292365329459884, -0.7304878064551907, -0.05381927783676454, -0.3352603935295553, 0.11334419339781587, 0.28260023823463726, 0.6425303230713207, 0.016235597117476554]], "inverted": true, "swapped": false, "error_lsq": 0.048787083595660835, "error_max": 0.23927043998867556, "target": "159.xyz", "model": "1.xyz", "model_rescale": 3.9405287249114394, "target_rescale": 3.5897698734658685},
{"mapping": [7, 3, 6, 8, 4, 9, 11, 5, 2, 0, 1, 12], "R": [[-0.4519006366203728, 0.3619407050916348, -0.815343326838377], [-0.697516964442378, 0.4264112923108085, 0.5758849660348124], [0.5561078123324583, 0.8289585850858876, 0.059764247466280784]], "T": [-0.13420299344161363, -0.007273637722461807, 0.07172625969297575], "aligned_model": [[-0.5534403835187498, -0.6425809375832432, -0.40987035615729145, -0.20068132594600843, -0.08333612276341884, -0.18026166758138756, -0.3733523534170004, 0.2793418862473777, 0.5368751297283143, 0.21309275063655259, 0.3746391211191405, -0.052780749085207274], [-0.26523164865748183, -0.26820436680023974, 0.3419834056013407, -0.49922522753098963, -0.7023330975748032, 0.06143474490128164, 0.5906078104690229, 0.5054941725225501, 0.04874273885300135, 0.6280582760048286, -0.22915192820061955, -0.036791687296481634], [0.6935039760128038, 0.08805718441145839, 0.3837882987357311, -0.523466175324523, 0.14918999714469877, -0.7304824810869878, -0.2331665847114126, -0.23507348873635747, -0.031646588191242386, 0.4944188357109262, 0.6365944381400331, 0.055990517542339094]], "inverted": false, "swapped": false, "error_lsq": 0.05188526553247119, "error_max": 0.2645824631654659, "target": "159.xyz", "model": "2.xyz", "model_rescale": 3.932901565614263, "target_rescale": 3.5897698734658685},
{"mapping": [11, 1, 3, 6, 10, 2, 0, 4, 5, 7, 9, 13], "R": [[0.4290781035688025, 0.7142613446287414, -0.5529219769614356], [0.8752376363197247, -0.17745567615866564, 0.44996506860925556], [0.22327351165613302, -0.6770082824960217, -0.7012907559810877]], "T": [-0.1282327829733093, 0.03157736437306137, 0.19260556428841444], "aligned_model": [[-0.5787871910208305, -0.7409132490125058, -0.4562848172253495, 0.10410645639550392, -0.26444867363966307, -0.23774682589757457, -0.4415946151656556, 0.2261622028909091, 0.5512406039239796, 0.33975710312541657, 0.4649742992988266, -0.05882030199397856], [-0.45228987822731287, -0.12299984052999362, 0.33802681777002114, -0.3594932085392444, -0.6684011949444937, 0.10425081399700549, 0.5089134617874836, 0.5087911466702534, -0.0916141591873136, 0.5416746947199036, -0.07365147563639592, -0.057823985588503754], [0.7930902978950954, -0.19404305548217946, 0.4358257801772704, -0.3170752628311866, 0.12462992212944343, -0.6301490147328377, -0.15797244610760527, -0.44762689702363434, -0.007243005073158754, 0.36733028328795503, 0.6131114360206514, 0.16782989138765392]], "inverted": true, "swapped": false, "error_lsq": 0.049752624081382785, "error_max": 0.29342788691662586, "target": "159.xyz", "model": "3.xyz", "model_rescale": 3.9243930471874484, "target_rescale": 3.5897698734658685},
{"mapping": [10, 4, 6, 7, 8, 2, 3, 0, 1, 5, 9, 12], "R": [[-0.7411735692433153, 0.24735445459904915, -0.6240813360813892], [-0.2980081774129031, -0.9542540488205046, -0.024296841455512225], [-0.6015420737156832, 0.16797316482010324, 0.7809815295192034]], "T": [-0.10935393354130403, -0.041963737140106205, 0.2320460932199375], "aligned_model": [[-0.6828055098729431, -0.46780007864574036, -0.31511734166899924, 0.06768966323112498, -0.15819584146800303, -0.23345321118299128, -0.5706520603431366, 0.13033805280085564, 0.5311979749574265, 0.30933715502937703, 0.3373346872582477, -0.040228498416140596], [-0.23147936699006427, -0.2913771324922322, 0.5792193557657255, -0.43220010529104996, -0.668348614956682, 0.12546031510166258, 0.36799960991134084, 0.5342278963336342, -0.026352733768594098, 0.5884924712364206, -0.4213302213386783, 0.0510717187799269], [0.5958658771298353, -0.17004418112000472, 0.5375121301214748, -0.445663210778775, 0.27195626471820133, -0.6667214219547795, -0.03644499163795742, -0.34577161727257144, -0.08356418714946603, 0.26112944663516174, 0.6247772207001561, 0.20467660025619183]], "inverted": false, "swapped": false, "error_lsq": 0.05090054713615669, "error_max": 0.28585211049702486, "target": "159.xyz", "model": "4.xyz", "model_rescale": 3.8936222436046832, "target_rescale": 3.5897698734658685},
{"mapping": [4, 2, 10, 1, 5, 0, 3, 9, 6, 8, 7, 11], "R": [[0.2167928729079002, -0.39701035906887905, 0.8918428253051872], [0.9761413299017018, 0.09958037705675712, -0.1929555714742934], [-0.012204684103904129, 0.9123960342401942, 0.40912653591363407]], "T": [-0.05611976661262314, 0.09034511558432587, 0.09947280108952078], "aligned_model": [[-0.5300669257063754, -0.7787669688314005, -0.43437197097810887, -0.10255980112859428, 0.1172483413743251, -0.3767825645102574, -0.334280147363011, 0.3294268471763346, 0.6324925929907728, 0.1831031664443325, 0.2680534956598182, -0.06585107344875757], [-0.4511478504816602, -0.02458127714384989, 0.27612797086567686, -0.46408194595132346, -0.6757288559067417, 0.23689643867266374, 0.5457196722921075, 0.31756456011982703, -0.30961858572383216, 0.7693699572693523, 0.033334442695864865, -0.07847133441667545], [0.4353061779222487, -0.04794297250335161, 0.5705114407585228, -0.4780760918988987, 0.3000844318186288, -0.7119558086615401, -0.11393490262611183, -0.3268616643740446, 0.07824348303554013, 0.26548629152049713, 0.657513128120196, 0.11933441653578039]], "inverted": false, "swapped": false, "error_lsq": 0.05403362053802041, "error_max": 0.3009893609901558, "target": "159.xyz", "model": "5.xyz", "model_rescale": 3.6523030999806103, "target_rescale": 3.5897698734658685},
{"mapping": [8, 9, 6, 7, 5, 11, 10, 4, 3, 2, 1, 12], "R": [[0.5945323058801314, -0.21207818607259568, 0.7755992394639205], [0.2836679349399256, 0.9578904513221685, 0.04447905071750817], [-0.7523721419296253, 0.1935684020132677, 0.6296565998941469]], "T": [-0.09795989135689524, -0.015584766576048436, 0.11709602192494767], "aligned_model": [[-0.5759472276012363, -0.7348122517932772, -0.3714973959499, 0.023627010529470124, -0.035750202309417, -0.15578522814002432, -0.5413773193425996, 0.11432025158097321, 0.529706454874635, 0.34468929964070966, 0.3446758212154715, -0.03420422102572686], [-0.3139651203036087, -0.12193445246473436, 0.31990204295727165, -0.4661943612113607, -0.65767566373246, 0.06529750402517243, 0.6077317311774595, 0.4156699274976809, -0.13576209002534834, 0.5683142044293759, -0.01044147690333591, -0.09555905315470291], [0.48614936978396134, -0.20812957746511934, 0.6021220998653973, -0.3818886253433413, 0.33562008093043794, -0.7573656935716699, -0.03630075070680269, -0.19609422645544128, -0.15536144573726024, 0.31542735978432546, 0.6522801383936059, 0.09124920016937385]], "inverted": false, "swapped": false, "error_lsq": 0.04594799562305158, "error_max": 0.2751918919321736, "target": "159.xyz", "model": "6.xyz", "model_rescale": 4.08911054899281, "target_rescale": 3.5897698734658685},
{"mapping": [0, 6, 8, 7, 2, 5, 4, 12, 13, 11, 1, 14], "R": [[0.6128854440135765, 0.051092064778060886, 0.7885182518071445], [-0.7701654099418531, 0.2617575605378645, 0.5816598841508356], [-0.17668240955278583, -0.9637803590123533, 0.19977673972873067]], "T": [-0.1098904981587146, 0.12640495409562566, 0.08904488198416421], "aligned_model": [[-0.5505511737501937, -0.4417930156865428, -0.45655253802566415, -0.08280717491683248, 0.009320489948415334, -0.2729188366584776, -0.7256701960741707, 0.42331937335102715, 0.5519876950503302, 0.33312045822617586, 0.19810537201743894, -0.07791546180242809], [-0.47178844627017347, -0.2449959640740675, 0.6724042849755956, -0.38862220923719004, -0.6674970049373008, 0.31923917588171813, 0.34864964321929887, 0.35015698168604015, -0.162915078343596, 0.45358715364841806, -0.2050072787503371, 0.17217193449300405], [0.6657935342148846, 0.05671775258989342, 0.3055145890539857, -0.4882786660969612, 0.16419781306111902, -0.6297999923367747, -0.172244519817222, -0.32763746835592406, -0.029722531624624862, 0.2920822277506463, 0.6663234410264018, 0.2447617501820433]], "inverted": false, "swapped": false, "error_lsq": 0.05571886376826, "error_max": 0.3245640593235028, "target": "159.xyz", "model": "7.xyz", "model_rescale": 3.964800864290218, "target_rescale": 3.5897698734658685},
{"mapping": [11, 6, 12, 3, 10, 0, 2, 1, 5, 7, 9, 13], "R": [[0.034957659050554216, -0.953354942179632, 0.2998204734426517], [0.8789283039080823, -0.11346249721258202, -0.46326158735162454], [0.47567110345591446, 0.27971524082172466, 0.8339642590597498]], "T": [-0.13045479150379985, 0.045609556557622395, 0.03688236064520391], "aligned_model": [[-0.6091144882561454, -0.596525467006207, -0.24669789329086014, -0.1256728721453117, 0.19508488023839282, -0.2607764817030239, -0.45917447358234303, 0.327125328772481, 0.5871227066835107, 0.10097277895817677, 0.061540996083318894, -0.0662400230729111], [-0.3446575982115787, -0.27098387109324207, 0.3768883755730196, -0.4110867407122278, -0.6570318811759805, 0.15921296900136753, 0.577034014313303, 0.5340386869688076, -0.36727589940650857, 0.6870016801331117, -0.134549736968227, 0.02679319386956495], [0.5897926310390402, -0.10114861480431385, 0.7057745960966676, -0.526472164507177, 0.31156935543904646, -0.6582937999554723, -0.18252626285750712, -0.3024954660702615, -0.08007428652336367, 0.2416031177928465, 0.6729145715383968, 0.0770642524595648]], "inverted": false, "swapped": false, "error_lsq": 0.04799935225327081, "error_max": 0.2560757327896916, "target": "159.xyz", "model": "8.xyz", "model_rescale": 4.121658175737393, "target_rescale": 3.5897698734658685},
{"mapping": [10, 5, 11, 4, 0, 9, 7, 6, 1, 8, 2, 12], "R": [[-0.29275354114660485, 0.4565425793317074, 0.8401572694461884], [-0.868470358845357, 0.24067201711480618, -0.43340075678857315], [-0.400068244119851, -0.8565312915679395, 0.3260361124351369]], "T": [-0.12440791094256176, 0.05542287745827343, 0.1432443984896763], "aligned_model": [[-0.6617557530223227, -0.5991506156120787, -0.4174085214804626, 0.04457142412356216, -0.017020273554822607, -0.22720359180895078, -0.5589864844518119, 0.3131912486344052, 0.4466165540181999, 0.20453175215611225, 0.43373130292312023, -0.053472050245872565], [-0.2844943504575733, -0.2745216413266165, 0.4041971784931996, -0.5085495695993698, -0.7203603919769268, 0.23998550348880385, 0.5397325682993276, 0.39708371184059543, -0.29702398439023336, 0.6869107545481788, -0.017450959964351753, 0.009874373336375947], [0.5582075358568355, -0.07464062890471784, 0.585442548322441, -0.521217023264175, 0.21708515500658393, -0.662087521964789, -0.03507132464575857, -0.2714324635133551, -0.013739631599203467, 0.29678623922475145, 0.5500815558678898, 0.11829348926096446]], "inverted": true, "swapped": false, "error_lsq": 0.04342492672551942, "error_max": 0.2612516653985924, "target": "159.xyz", "model": "9.xyz", "model_rescale": 3.833441315466971, "target_rescale": 3.5897698734658685},
{"mapping": [4, 12, 7, 0, 5, 10, 11, 8, 13, 9, 2, 14], "R": [[-0.4346045314898592, -0.1923491807124601, 0.8798412890332696], [0.4278427878458074, 0.8155594412988729, 0.38963232232015577], [-0.7925083280930285, 0.5457697228571, -0.27215061917195205]], "T": [-0.24717707316601195, -0.05899071920640418, 0.08627649171131205], "aligned_model": [[-0.4328648718444087, -0.7437638679485361, -0.44968893276353966, -0.04160077217923702, 0.08324234979742162, -0.05191287750693896, -0.515230251677896, 0.17684295436028163, 0.46474262170569686, 0.23353033023265274, 0.38989969029183985, -0.20555138078825758], [-0.4234727617510454, -0.11315469767839591, 0.499645915840778, -0.4992109415208265, -0.6115227081717864, 0.20601995201897116, 0.5154183116273748, 0.5473644633505613, -0.37971968885979257, 0.49605580142249717, -0.055160875780141325, -0.006879578206784448], [0.7708095166083554, -0.25060312476091895, 0.38765338778552794, -0.3909734449484029, 0.29356037329760654, -0.6669800260501748, -0.1657926254566688, -0.15887605512361325, -0.07493708555035583, 0.4308833384050169, 0.41909593929368116, 0.15386773614741367]], "inverted": false, "swapped": false, "error_lsq": 0.05368441304268093, "error_max": 0.2977359589390066, "target": "159.xyz", "model": "10.xyz", "model_rescale": 4.2482417240324, "target_rescale": 3.5897698734658685},
{"mapping": [0, 1, 10, 2, 6, 3, 8, 7, 5, 9, 4, 11], "R": [[0.294218652160552, 0.9255377416038773, 0.2383595468774489], [0.23986089391561133, 0.16990983230366574, -0.9558228917830667], [-0.9251497912721118, 0.3383940569119599, -0.17200966820453223]], "T": [-0.13074886029484434, -0.026986594215576976, 0.027790968243791257], "aligned_model": [[-0.6225614421149455, -0.7764254724828714, -0.3159736858904416, -0.07005114684517519, 0.07878821027875063, -0.32198896600657256, -0.5152808840357218, 0.2692754399352657, 0.6079647313829797, 0.25883155585734263, 0.3610039315695938, -0.045937279969126596], [-0.22906250878415801, -0.26846518249819407, 0.3844364636456953, -0.4870687244221922, -0.6161161323946649, 0.2560140409767621, 0.4342070726454003, 0.39142106388350456, -0.1386615098314251, 0.6219214385274112, -0.19232553562663904, 0.019082706169909473], [0.5673511456555144, -0.1269228243948358, 0.48760092243971026, -0.5487482823117997, 0.1995545890815782, -0.7080143653192681, -0.09985445204179996, -0.3235946284513561, 0.10536102054603166, 0.3540674867541182, 0.7325475264813475, 0.10835979120822672]], "inverted": false, "swapped": false, "error_lsq": 0.04024175698978729, "error_max": 0.2686222559571659, "target": "159.xyz", "model": "11.xyz", "model_rescale": 3.6694154284099745, "target_rescale": 3.5897698734658685},
{"mapping": [1, 8, 12, 11, 4, 9, 10, 7, 6, 5, 0, 13], "R": [[0.06371566721316513, -0.9959719301012167, 0.06308904977917183], [-0.9351957965084261, -0.037521733042607086, 0.35213767441506494], [-0.34835202876480015, -0.08143730103544052, -0.9338194847268454]], "T": [-0.12564170167569308, 0.012893508157463181, 0.07813903332804817], "aligned_model": [[-0.5398849437110317, -0.6559356727723988, -0.3228366708348941, 0.0744735948079549, -0.013683480546816451, -0.2909586894850359, -0.4930634646503754, 0.13408259927507457, 0.4246538513022784, 0.461528392198994, 0.22800145342596675, -0.09873197733063839], [-0.3084094242854456, -0.3155388420242745, 0.49152836212365436, -0.4194441446491656, -0.6986747786096141, 0.14756518031968588, 0.4924158962688738, 0.5888741253762754, -0.10085213227005074, 0.49953106407812103, -0.16051698756397867, -0.04109512647267154], [0.7426993813275369, -0.350251380761339, 0.5183563898390717, -0.4858349651736479, 0.24788761134658804, -0.6959540496721589, -0.1183000531617554, -0.3129555007086926, 0.014173674655768798, 0.3291090763679333, 0.6744637630255893, 0.1843139825625728]], "inverted": false, "swapped": false, "error_lsq": 0.042027884467886856, "error_max": 0.26539912418422534, "target": "159.xyz", "model": "12.xyz", "model_rescale": 3.9764082729961374, "target_rescale": 3.5897698734658685},
{"mapping": [5, 0, 12, 7, 4, 2, 1, 8, 3, 11, 6, 15], "R": [[-0.3192610729621536, 0.6681902574511142, 0.6720075499118062], [-0.2586709237054173, -0.7436347824872269, 0.6165197997668536], [0.9116807119383633, 0.023001959103276515, 0.4102550296546901]], "T": [-0.11543735225759882, 0.08977292547607293, 0.19692964284140713], "aligned_model": [[-0.6432568634598435, -0.5420402065994421, -0.467204868723676, 0.012925199572966228, -0.08802684470357003, -0.33953897000502953, -0.4655333030939934, 0.1981397070664223, 0.6326545852490335, 0.5020799350328051, 0.1491812835709218, -0.04173466222751662], [-0.41686390057419087, -0.3567376870349682, 0.5306015970906094, -0.3872632162163041, -0.627935871096737, 0.1476173450453316, 0.5257078642010741, 0.4377536080072584, -0.009391485136022726, 0.5888890570028991, -0.2698522482877399, 0.012858129290199818], [0.606257868008762, -0.18483757823010966, 0.49549828082959146, -0.3749036140873817, 0.19947310050127176, -0.5664130075809308, -0.1042615467172947, -0.33243951861341237, -0.17585490622029992, 0.18692035232672433, 0.8168534427288061, 0.18141505670174074]], "inverted": false, "swapped": false, "error_lsq": 0.047541797620919174, "error_max": 0.2531122424652402, "target": "159.xyz", "model": "13.xyz", "model_rescale": 4.170626492500431, "target_rescale": 3.5897698734658685},
{"mapping": [9, 11, 10, 6, 3, 5, 12, 4, 2, 8, 0, 13], "R": [[0.22550410003113253, -0.02622367304135509, -0.9738892235985412], [0.850363918581374, 0.4931161204267448, 0.18362379407420673], [0.4754251853279121, -0.8695681748704334, 0.13349937231472006]], "T": [-0.0025332526910990943, -0.005067338314506882, 0.19929514603926626], "aligned_model": [[-0.6459723334014774, -0.6033304073648348, -0.4218385226340842, -0.07178939529453628, -0.05086713897636566, -0.41936189151944997, -0.3280000346278148, 0.3971590837301629, 0.5750638962221475, 0.0944450537629234, 0.4491494494418216, -0.06701276765941422], [-0.2675479380295965, -0.2742354809739528, 0.2997370509572425, -0.40424478925880303, -0.6913281928632543, 0.1230766408107787, 0.5619523490975658, 0.43753245852273825, -0.2545817381701987, 0.7162645799149483, -0.03928930928850208, -0.0319524384275569], [0.6157042269340863, -0.05809743552506916, 0.422018471835074, -0.5378277856345448, 0.15256743070383155, -0.598860750275902, -0.12974310269337982, -0.18465092652661194, 0.0067951069008617415, 0.3470509060814653, 0.5874574829866327, 0.1252943048610235]], "inverted": false, "swapped": false, "error_lsq": 0.05029227537947053, "error_max": 0.250130248097741, "target": "159.xyz", "model": "14.xyz", "model_rescale": 3.9786697098870705, "target_rescale": 3.5897698734658685},
{"mapping": [7, 8, 6, 2, 5, 3, 9, 0, 4, 1, 10, 11], "R": [[-0.4048980313808477, 0.3738549748235452, -0.8344399570871474], [-0.5913216880677907, -0.8031340194861143, -0.0728999860407124], [-0.6974211392011088, 0.46390538318041113, 0.5462559382301153]], "T": [-0.09882244658870531, 0.03734986607125737, 0.10531228250592638], "aligned_model": [[-0.42636557572863454, -0.4024808802900358, -0.4229188786037201, 0.154046374072891, -0.12975187789200082, -0.47258440464825446, -0.543374949527978, 0.23460752859118317, 0.431871024899254, 0.29626280576119574, 0.3355356270036794, -0.14720180195850174], [-0.1898940445816166, -0.3079436756245816, 0.6053200903937263, -0.3669548713981211, -0.7649445010242389, 0.16913796692596814, 0.4107260589509262, 0.41320953282395634, -0.2670144388237903, 0.47903632551600805, -0.12661465964324323, 0.12131940877641606], [0.63252353903893, -0.14124815983467526, 0.5522205704601074, -0.6202512605859681, 0.10014444581741433, -0.7241954796538125, -0.11913717454473517, -0.37568620880026504, 0.07998365607335962, 0.43620925500812, 0.7957973921999865, 0.13134735446900506]], "inverted": false, "swapped": false, "error_lsq": 0.05776441666328986, "error_max": 0.32008580836523876, "target": "159.xyz", "model": "15.xyz", "model_rescale": 3.769337070930944, "target_rescale": 3.5897698734658685},
{"mapping": [1, 3, 2, 6, 0, 4, 10, 8, 9, 7, 11], "R": [[-0.4678882478647652, 0.4419151126329406, -0.7653702507523111], [0.32328473791034185, -0.7204134744818191, -0.6135889536320508], [-0.8225372731641295, -0.5345235813429084, 0.19420858694730675]], "T": [-0.07480473614846962, -0.05310640371815833, 0.0616637271153721], "aligned_model": [[-0.39293579562647973, -0.2883586397669818, -0.05858268228672782, -0.6475600425105248, 0.39859871835750355, 0.4138793184228581, 0.6061852458369925, 0.24940783331160943, 0.07043870810557055, -0.3814706070559454, -0.04697592609670356], [-0.06684045132874239, -0.6979211452252811, 0.683512536803174, 0.3903214722719489, 0.26827770499826326, -0.32886153113772965, 0.16009682537753928, -0.42735928176239685, 0.5203208832286574, 0.010025231348248183, 0.08449225305166128], [-0.47948189275449987, -0.09093552085778367, -0.12576939559048167, -0.05177131393582965, -0.8081145268877761, -0.3501154168388767, 0.04729673016466618, 0.4569506201899506, 0.5963469105470811, 0.531195183844172, 0.018616229343155086]], "inverted": true, "swapped": true, "error_lsq": 0.045445863366731766, "error_max": 0.24699382831759042, "target": "159.xyz", "model": "16.xyz", "model_rescale": 3.7852294659196426, "target_rescale": 3.5897698734658685},
{"mapping": [9, 11, 10, 2, 8, 7, 6, 5, 1, 4, 0, 12], "R": [[-0.5259822078853027, -0.8170260369183425, -0.2362438824300207], [-0.843342169252527, 0.536984182784501, 0.020541981396731315], [0.1100758944935007, 0.2100391450105642, -0.971476636370987]], "T": [0.01655602895325163, -0.07467930766561635, 0.06363526521266322], "aligned_model": [[-0.5203918060499777, -0.631428769588724, -0.4632737203170887, 0.08195492880157683, -0.2142840807066485, -0.21756279766635733, -0.5312095260359264, 0.22612551256567343, 0.5736281930848574, 0.39910786901339557, 0.26900157837149224, -0.06402238979319598], [-0.28595465642595547, -0.31824260890880657, 0.4436118633083105, -0.44823871954379196, -0.6421907084912752, 0.11957016352795079, 0.5668591560475873, 0.5051612874516017, 0.014254135649908378, 0.43380200134960134, -0.14928498487573316, -0.06396373679798795], [0.7073056272796014, -0.1786965188754087, 0.4514403052582741, -0.41622239152121576, 0.2846546420952637, -0.5679362059128923, -0.21163647733619523, -0.16456317113806196, -0.33135283695858325, 0.374902888229197, 0.693279921543251, 0.10653214698423696]], "inverted": false, "swapped": false, "error_lsq": 0.051133952138305676, "error_max": 0.3489369861726701, "target": "159.xyz", "model": "17.xyz", "model_rescale": 3.901054581598922, "target_rescale": 3.5897698734658685},
{"mapping": [10, 5, 4, 13, 11, 2, 8, 0, 7, 1, 6, 14], "R": [[-0.8456415994405752, 0.005313675205901702, 0.5337246950923221], [0.43033745583646954, 0.5983316760104962, 0.675876378923443], [-0.31575300378584, 0.8012309095000498, -0.5082608289667251]], "T": [-0.08931432529203825, -0.047991498434099056, 0.020197055853928524], "aligned_model": [[-0.5950016286341793, -0.6369634487152604, -0.43291204596281946, -0.23618352801922898, 0.13416149648460518, -0.2836459974671616, -0.5102022334594407, 0.38426931783343904, 0.5671779816207465, 0.2653956248780484, 0.3286928161844632, -0.07714336306413377], [-0.3260333272278931, -0.1492201851613001, 0.38506477216893437, -0.4351121516045797, -0.6731176504438645, 0.2391418167309431, 0.459741899369639, 0.4262163179726678, -0.05229097851363357, 0.4914628282355897, -0.08918712270793057, -0.10128302652716278], [0.6028005580820021, -0.262502851455718, 0.5858620121231359, -0.5765183163962915, 0.46292365329459884, -0.7304878064551907, -0.05381927783676454, -0.3352603935295553, 0.11334419339781587, 0.28260023823463726, 0.6425303230713207, 0.016235597117476554]], "inverted": true, "swapped": false, "error_lsq": 0.048787083595660835, "error_max": 0.23927043998867556, "target": "159.xyz", "model": "18.xyz", "model_rescale": 3.9405287249114394, "target_rescale": 3.5897698734658685},
{"mapping": [4, 12, 1, 13, 7, 14, 3, 10, 9, 2, 8, 15], "R": [[0.6211166628180044, 0.65501480001503, -0.4303134937822607], [0.6613228977502488, -0.7326814969912693, -0.16071667268160675], [-0.42055453401555365, -0.18475236325390518, -0.8882569719349561]], "T": [-0.09699346777215297, -0.026564090314580686, 0.11299810136871602], "aligned_model": [[-0.5199812227239425, -0.6222547609164091, -0.39964321000485953, -0.044842474302233384, 0.10849181891271135, -0.2519238734350718, -0.5778788129965191, 0.13267674165061222, 0.5462859763524212, 0.34341523245081246, 0.2701012508389683, -0.07680167414741237], [-0.5237191580623741, -0.05319125863173527, 0.4570671144691635, -0.4414159107577121, -0.6754684493750968, 0.11823107586342213, 0.6195547746459336, 0.5749375428812408, -0.43716086953589517, 0.7085524679894554, -0.17951318406263028, 0.007509046867637856], [0.4425177918116545, -0.04039886744496862, 0.44469587836660135, -0.4128422606491564, 0.29278819756325825, -0.6318306650795149, -0.16396451698355208, -0.3379469253396275, 0.03168581068399316, 0.257805233403687, 0.7565198164843979, 0.10867843683069438]], "inverted": false, "swapped": false, "error_lsq": 0.04666518693020024, "error_max": 0.3072385448156812, "target": "159.xyz", "model": "19.xyz", "model_rescale": 4.410303926677745, "target_rescale": 3.5897698734658685},
{"mapping": [11, 6, 12, 3, 10, 0, 2, 1, 5, 7, 9, 13], "R": [[0.034957659050554216, -0.953354942179632, 0.2998204734426517], [0.8789283039080823, -0.11346249721258202, -0.46326158735162454], [0.47567110345591446, 0.27971524082172466, 0.8339642590597498]], "T": [-0.13045479150379985, 0.045609556557622395, 0.03688236064520391], "aligned_model": [[-0.6091144882561454, -0.596525467006207, -0.24669789329086014, -0.1256728721453117, 0.19508488023839282, -0.2607764817030239, -0.45917447358234303, 0.327125328772481, 0.5871227066835107, 0.10097277895817677, 0.061540996083318894, -0.0662400230729111], [-0.3446575982115787, -0.27098387109324207, 0.3768883755730196, -0.4110867407122278, -0.6570318811759805, 0.15921296900136753, 0.577034014313303, 0.5340386869688076, -0.36727589940650857, 0.6870016801331117, -0.134549736968227, 0.02679319386956495], [0.5897926310390402, -0.10114861480431385, 0.7057745960966676, -0.526472164507177, 0.31156935543904646, -0.6582937999554723, -0.18252626285750712, -0.3024954660702615, -0.08007428652336367, 0.2416031177928465, 0.6729145715383968, 0.0770642524595648]], "inverted": false, "swapped": false, "error_lsq": 0.04799935225327081, "error_max": 0.2560757327896916, "target": "159.xyz", "model": "20.xyz", "model_rescale": 4.121658175737393, "target_rescale": 3.5897698734658685},
{"mapping": [8, 9, 6, 7, 5, 11, 10, 4, 3, 2, 1, 12], "R": [[0.5945323058801314, -0.21207818607259568, 0.7755992394639205], [0.2836679349399256, 0.9578904513221685, 0.04447905071750817], [-0.7523721419296253, 0.1935684020132677, 0.6296565998941469]], "T": [-0.09795989135689524, -0.015584766576048436, 0.11709602192494767], "aligned_model": [[-0.5759472276012363, -0.7348122517932772, -0.3714973959499, 0.023627010529470124, -0.035750202309417, -0.15578522814002432, -0.5413773193425996, 0.11432025158097321, 0.529706454874635, 0.34468929964070966, 0.3446758212154715, -0.03420422102572686], [-0.3139651203036087, -0.12193445246473436, 0.31990204295727165, -0.4661943612113607, -0.65767566373246, 0.06529750402517243, 0.6077317311774595, 0.4156699274976809, -0.13576209002534834, 0.5683142044293759, -0.01044147690333591, -0.09555905315470291], [0.48614936978396134, -0.20812957746511934, 0.6021220998653973, -0.3818886253433413, 0.33562008093043794, -0.7573656935716699, -0.03630075070680269, -0.19609422645544128, -0.15536144573726024, 0.31542735978432546, 0.6522801383936059, 0.09124920016937385]], "inverted": false, "swapped": false, "error_lsq": 0.04594799562305158, "error_max": 0.2751918919321736, "target": "159.xyz", "model": "21.xyz", "model_rescale": 4.08911054899281, "target_rescale": 3.5897698734658685},
{"mapping": [12, 5, 14, 6, 7, 8, 11, 1, 0, 2, 13, 16], "R": [[0.11106660651613762, 0.9474135668378749, 0.30011954666186813], [0.4468511720367587, 0.2221320334530554, -0.8665918241960204], [-0.887687016333102, 0.23035818432507782, -0.39868141159087034]], "T": [-0.14387299978779622, 0.06145259219386369, 0.13598475369985813], "aligned_model": [[-0.4216856222968547, -0.7416659775554173, -0.39348447920980156, 0.02560051567485702, 0.01254545713818947, -0.1933725264729308, -0.482178411199285, 0.23675838575490082, 0.549513561330107, 0.2805486288416428, 0.13840882420951028, -0.10334336453584046], [-0.32067360250026816, -0.08645674622285522, 0.2753747927372259, -0.4454330791440374, -0.6269648517511875, 0.10116451787507945, 0.5466243263268812, 0.5405154832688427, -0.2086103904159306, 0.6237053236120659, -0.2641947152354128, 0.040332133741006], [0.7032318111072164, -0.20824690854087324, 0.6871235632592168, -0.38354365967175347, 0.22207120567977093, -0.5544750770482532, -0.349865909844519, -0.36960092252205484, -0.07933004018171583, 0.294073262256168, 0.6369845231938711, 0.14928608196039378]], "inverted": true, "swapped": false, "error_lsq": 0.04588394220281905, "error_max": 0.2380755853554772, "target": "159.xyz", "model": "22.xyz", "model_rescale": 4.204369325754507, "target_rescale": 3.5897698734658685},
{"mapping": [4, 12, 1, 13, 7, 14, 3, 10, 9, 2, 8, 15], "R": [[0.6211166628180044, 0.65501480001503, -0.4303134937822607], [0.6613228977502488, -0.7326814969912693, -0.16071667268160675], [-0.42055453401555365, -0.18475236325390518, -0.8882569719349561]], "T": [-0.09699346777215297, -0.026564090314580686, 0.11299810136871602], "aligned_model": [[-0.5199812227239425, -0.6222547609164091, -0.39964321000485953, -0.044842474302233384, 0.10849181891271135, -0.2519238734350718, -0.5778788129965191, 0.13267674165061222, 0.5462859763524212, 0.34341523245081246, 0.2701012508389683, -0.07680167414741237], [-0.5237191580623741, -0.05319125863173527, 0.4570671144691635, -0.4414159107577121, -0.6754684493750968, 0.11823107586342213, 0.6195547746459336, 0.5749375428812408, -0.43716086953589517, 0.7085524679894554, -0.17951318406263028, 0.007509046867637856], [0.4425177918116545, -0.04039886744496862, 0.44469587836660135, -0.4128422606491564, 0.29278819756325825, -0.6318306650795149, -0.16396451698355208, -0.3379469253396275, 0.03168581068399316, 0.257805233403687, 0.7565198164843979, 0.10867843683069438]], "inverted": false, "swapped": false, "error_lsq": 0.04666518693020024, "error_max": 0.3072385448156812, "target": "159.xyz", "model": "23.xyz", "model_rescale": 4.410303926677745, "target_rescale": 3.5897698734658685},
{"mapping": [12, 5, 0, 15, 13, 8, 4, 10, 11, 1, 7, 16], "R": [[0.9817420570663182, 0.18423298564327562, 0.047336459396102995], [0.17834987604259406, -0.8050129836062392, -0.5658139428654728], [-0.06613512760088733, 0.5639257958511436, -0.8231730326431187]], "T": [-0.03896337985436903, -0.05568581706167519, 0.01597948849922392], "aligned_model": [[-0.5510196310820732, -0.6557277711130105, -0.4049651228262859, -0.2370881172849047, 0.043952769114115976, -0.1863814737287631, -0.4763538147831571, 0.22438727863371993, 0.5933149385732479, 0.3846804749995197, 0.22814172702135094, -0.05529626584468195], [-0.3322400811780204, -0.15758769380893675, 0.2349174381709499, -0.4756172738161293, -0.6390931999845769, 0.2599168888962081, 0.38211209161407533, 0.41934120452324375, -0.07406693532408679, 0.5616444833310781, -0.06114824536763297, 0.05720451523523756], [0.5704990727894406, -0.053444762441466544, 0.6092570654190738, -0.5259783981311975, 0.3993166268258198, -0.7285804518984287, -0.2855283415534884, -0.3428794053764412, -0.008673080302648864, 0.4352222988512535, 0.6247125337992226, 0.05378477166632799]], "inverted": false, "swapped": false, "error_lsq": 0.043856377985384075, "error_max": 0.221428925739307, "target": "159.xyz", "model": "24.xyz", "model_rescale": 4.28219845311461, "target_rescale": 3.5897698734658685},
{"mapping": [3, 9, 8, 13, 4, 12, 11, 14, 2, 6, 0, 15], "R": [[-0.10188730996593244, -0.9346672536258254, 0.3406113636792867], [0.8224912468270871, -0.27174594473924263, -0.4996621762857385], [0.5595776308616437, 0.2292406301625734, 0.7964430981067866]], "T": [-0.19673830044040136, -0.015332344587109895, 0.06924940321716548], "aligned_model": [[-0.6309178327968712, -0.8042222485443589, -0.281842712374912, -0.003923579308608094, 0.038632351426122535, -0.3055832504381351, -0.441493479041971, 0.22091016896038979, 0.4764501518417686, 0.4085928886499534, 0.37491433801971624, -0.14387180471401684], [-0.48024876525681875, -0.18204063212747437, 0.5228615550518357, -0.3256229418569639, -0.6283884370720216, 0.13012054773621992, 0.37446585205050004, 0.4582818225707927, -0.08629440784754625, 0.5368531465825339, -0.11484763862495621, -0.029756908914691647], [0.5112745160039934, -0.1757919882665126, 0.4994245098766859, -0.3992147741729426, 0.390825920912054, -0.6733245885222389, -0.22166181982927424, -0.356666083199015, -0.03352081464617217, 0.4445658960831441, 0.6427161757767911, 0.11908097963095407]], "inverted": true, "swapped": false, "error_lsq": 0.045024687525851335, "error_max": 0.22288186309807015, "target": "159.xyz", "model": "25.xyz", "model_rescale": 4.100010024507729, "target_rescale": 3.5897698734658685},
{"mapping": [0, 1, 10, 2, 6, 3, 8, 7, 5, 9, 4, 11], "R": [[0.294218652160552, 0.9255377416038773, 0.2383595468774489], [0.23986089391561133, 0.16990983230366574, -0.9558228917830667], [-0.9251497912721118, 0.3383940569119599, -0.17200966820453223]], "T": [-0.13074886029484434, -0.026986594215576976, 0.027790968243791257], "aligned_model": [[-0.6225614421149455, -0.7764254724828714, -0.3159736858904416, -0.07005114684517519, 0.07878821027875063, -0.32198896600657256, -0.5152808840357218, 0.2692754399352657, 0.6079647313829797, 0.25883155585734263, 0.3610039315695938, -0.045937279969126596], [-0.22906250878415801, -0.26846518249819407, 0.3844364636456953, -0.4870687244221922, -0.6161161323946649, 0.2560140409767621, 0.4342070726454003, 0.39142106388350456, -0.1386615098314251, 0.6219214385274112, -0.19232553562663904, 0.019082706169909473], [0.5673511456555144, -0.1269228243948358, 0.48760092243971026, -0.5487482823117997, 0.1995545890815782, -0.7080143653192681, -0.09985445204179996, -0.3235946284513561, 0.10536102054603166, 0.3540674867541182, 0.7325475264813475, 0.10835979120822672]], "inverted": false, "swapped": false, "error_lsq": 0.04024175698978729, "error_max": 0.2686222559571659, "target": "159.xyz", "model": "26.xyz", "model_rescale": 3.6694154284099745, "target_rescale": 3.5897698734658685},
{"mapping": [9, 7, 8, 6, 12, 1, 5, 0, 2, 4, 10, 13], "R": [[0.6278731950215115, 0.6149325743731662, -0.4771091908025557], [0.777839995684126, -0.4743398076208006, 0.41227016387361937], [0.027206471428651666, -0.6299679959180884, -0.7761444015332132]], "T": [-0.1304430028564944, -0.028418161908900126, 0.13084780060164336], "aligned_model": [[-0.43027362318985646, -0.7492501138657519, -0.3799835621991084, 0.008731072496950293, 0.04282641479688229, -0.27149550252437843, -0.4386980340349083, 0.21027034122142152, 0.5227384374610697, 0.33345504790328906, 0.13457064619736708, -0.07524613258389865], [-0.41085307893989026, -0.020387167722645795, 0.3668113061178392, -0.4173430906167535, -0.8015686485916933, 0.07368940269739693, 0.5726173844255823, 0.37115269937572337, -0.15807060556872832, 0.5971457689361072, 0.039507920110884574, -0.03731869793241259], [0.6090827520808968, 0.016210166226189038, 0.5666004474970183, -0.417384274694482, 0.08670205102516376, -0.7347877412306925, -0.28111531366558745, -0.2706380486043399, -0.005804663997390852, 0.3935242879695514, 0.6666131719063171, 0.11870509513482333]], "inverted": true, "swapped": false, "error_lsq": 0.04694237826727263, "error_max": 0.2668037012408506, "target": "159.xyz", "model": "27.xyz", "model_rescale": 4.103607728864725, "target_rescale": 3.5897698734658685},
{"mapping": [1, 2, 0, 13, 8, 12, 3, 10, 11, 9, 7, 14], "R": [[0.21818011266024478, -0.05270805432376721, -0.9744841196494513], [0.9037400842789639, 0.38776233440057, 0.1813676710102219], [0.36830870001537364, -0.9202511793144432, 0.13223641126165747]], "T": [0.054127752453293806, 0.0599602890508317, 0.02505426464443225], "aligned_model": [[-0.5385896246229723, -0.6561363988729535, -0.45069413750307086, 0.06941673008609324, 0.08584333344788873, -0.42300316591729836, -0.5086150667804211, 0.2790261959921249, 0.6440806735331012, 0.2520812264229515, 0.23222304110771463, -0.0779878152140797], [-0.19567564322039463, -0.07646497412348588, 0.361990669460275, -0.4132158355678184, -0.7328031244143922, 0.08165598565971259, 0.5235637821444628, 0.4477951448405151, -0.27702120478505665, 0.7576953413769798, -0.34617305203112725, 0.044036102951739396], [0.6465019399305512, -0.10997791352323655, 0.4295592086343146, -0.41737441345806225, 0.23193652342889523, -0.6885065250632327, -0.15361630696455705, -0.21739179334405934, -0.0772211340632884, 0.40466478208535206, 0.5937536782049593, 0.10537988377983126]], "inverted": true, "swapped": false, "error_lsq": 0.04134678489405486, "error_max": 0.26681619763039555, "target": "159.xyz", "model": "28.xyz", "model_rescale": 4.137296879288765, "target_rescale": 3.5897698734658685},
{"mapping": [9, 7, 5, 3, 1, 6, 2, 8, 4, 10, 11], "R": [[-0.27609871295818456, 0.8493049874060337, 0.449945040054973], [-0.7703846378743282, -0.4754771118649778, 0.4247693795694075], [0.5746973207089747, -0.2293524677429405, 0.7855701337946532]], "T": [-0.04078516581548405, -0.016016442963812057, 0.019687415758774], "aligned_model": [[0.5708871603873371, 0.1355071386543734, -0.15745320771654392, -0.657981662333128, -0.07874757009816302, 0.4684204674870563, 0.6502894475305252, -0.40327942219233887, -0.44594181713754943, 0.056504393432311124, 0.08321408269601857], [-0.41359762122297694, -0.514655576166996, -0.17418991637722397, -0.013049063253704203, 0.451170560277484, 0.0680674956187913, 0.2918122457127476, -0.4054622240389064, 0.42285692685167325, 0.15257873445850734, 0.053616254788555896], [0.341536433483409, -0.17721201747187745, -0.755244807590798, -0.3023956953190612, -0.3980801474102863, -0.5010658319456195, 0.09491487929347356, 0.3637232168804831, 0.3769734524890679, 0.706360402612109, 0.05624413676209861]], "inverted": false, "swapped": true, "error_lsq": 0.05567517546134528, "error_max": 0.3219170964405539, "target": "159.xyz", "model": "29.xyz", "model_rescale": 3.607286011436655, "target_rescale": 3.5897698734658685},
