[{"mapping": [0, 3, 1, 2, 5, 10, 7, 9, 6, 8, 11], "R": [[-0.48678920886232835, -0.19536658787997158, 0.8513918971163198], [0.3521760576473439, -0.9358380538194454, -0.013385120223873809], [0.7993799413014836, 0.2933241097550118, 0.5243593005576106]], "T": [-0.1003356489699278, -0.05886657214638436, -0.024908104562841746], "aligned_model": [[-0.32186700308392424, -0.20652864134091156, -0.09584220674045447, -0.7549729135319827, 0.3073405212945021, 0.4397318018234408, 0.7415766233960637, 0.14711750210955382, 0.20983045628112007, -0.44235671349309097, -0.1014032960231459], [0.15323201570576167, -0.7346478276257065, 0.6480334776487812, 0.40859613436513903, 0.24708692423076323, -0.4149560363896385, 0.371567839049447, -0.3632916076543279, 0.3024720834334821, 0.0077101667121203185, -0.029738671850479313], [-0.5622436069978157, 0.05303583619596626, -0.07130517446469868, -0.06588267538493169, -0.6797965918513533, -0.23296768260088652, -0.07504046102095245, 0.43925647853757926, 0.5213389554677704, 0.5058391233683258, -0.08801659402522637]], "inverted": false, "swapped": false, "error_lsq": 0.05218770776354749, "error_max": 0.23604356889635023, "target": "16.xyz", "model": "0.xyz", "model_rescale": 3.751011558992144, "target_rescale": 3.7852294659196426},
{"mapping": [7, 12, 1, 0, 6, 11, 4, 9, 8, 2, 14], "R": [[0.16880761944656242, 0.5102680535281503, -0.843285539521091], [0.3736471092682553, 0.7585762595926353, 0.5338069839538664], [0.9120810410003386, -0.4052018903349782, -0.06260673060222234]], "T": [0.028590009894531657, 0.011316020270427073, 0.09914467264492266], "aligned_model": [[-0.28495347884670646, -0.2780763622310538, -0.07854539929495187, -0.6206632489715546, 0.27782727408321156, 0.36390225508691226, 0.591772560369382, 0.3019009502798752, 0.12143883889005473, -0.5005106751327985, 0.028533416458799844], [0.009726717749161472, -0.5857144289332027, 0.5852792239933028, 0.383416613689943, 0.09581120674680169, -0.5077760811968218, 0.5666336348081026, -0.5438782631348458, 0.5017966234077605, 0.13263171817457237, -0.0418624676794318], [-0.4851198039260163, -0.21942318984006665, -0.2813468440881194, -0.025418053433532137, -0.604038870160372, -0.40567220241477264, 0.0944829417822145, 0.3255294311294076, 0.5364387670940365, 0.7229018918686753, 0.08588353921232213]], "inverted": true, "swapped": false, "error_lsq": 0.04254534332562216, "error_max": 0.2139637540250937, "target": "16.xyz", "model": "1.xyz", "model_rescale": 3.9405287249114394, "target_rescale": 3.7852294659196426},
{"mapping": [3, 7, 11, 6, 8, 4, 9, 1, 5, 0, 12], "R": [[-0.2502080435776529, -0.5188175761663021, -0.8174498501987549], [-0.8093244681142546, -0.35133024060290324, 0.47070263155147635], [-0.5314036509477728, 0.779355749769532, -0.3319861067282006]], "T": [0.010377044509115583, 0.03866004842280508, -0.021549866581491245], "aligned_model": [[-0.16554796788107085, -0.4885453773835421, -0.2520836759189584, -0.5263654106431044, 0.5934759514924816, 0.3522682817174929, 0.4433912989003977, 0.07718750528711471, 0.17939613199617457, -0.37411289493362476, 0.08356228805780981], [-0.07810516585267052, -0.5208024582663418, 0.7008434850887733, 0.09564633314373358, 0.13542292361833896, -0.500627598248472, 0.6645850645606606, -0.5902402436663168, 0.5490562768778764, 0.12246961639296394, 0.017816263976797184], [-0.552789881376693, -0.2803702168208074, -0.006001378719111078, 0.04182042283157805, -0.5228705032686913, -0.3113341621371529, -0.28819126763700353, 0.4551545673176641, 0.4673310170912389, 0.7187699501597952, 0.02269905978295997]], "inverted": false, "swapped": false, "error_lsq": 0.06549634836088121, "error_max": 0.4097267704837318, "target": "16.xyz", "model": "2.xyz", "model_rescale": 3.932901565614263, "target_rescale": 3.7852294659196426},
{"mapping": [1, 10, 0, 3, 2, 6, 4, 12, 7, 8, 13], "R": [[0.2375246658573108, 0.969239567282091, 0.06447243072971381], [0.7909469571974206, -0.23150776770947473, 0.5663983266132747], [0.5639015375129905, -0.0835393003621695, -0.8216058917056793]], "T": [-0.1103871364660717, 0.04435718305885032, 0.08767101765218155], "aligned_model": [[-0.33448481286499393, -0.21507319635915825, -0.08980735158462844, -0.49703941979992383, 0.34470139802981115, 0.3709326471306216, 0.6045190646694224, 0.19744412618108556, 0.16443270509226118, -0.5755265099207835, -0.04747251988254314], [0.0015580972294055168, -0.6240703606338099, 0.5820648145931986, 0.37730571894603443, 0.18397025460978422, -0.34187448673666, 0.5075265508438752, -0.6269118556224518, 0.4721560201240376, 0.11640602336510301, -0.05206627909317464], [-0.6171105730529964, -0.14768167087779954, -0.3115749022855955, 0.10585788996486792, -0.5961436277019546, -0.20532834044807557, -0.10626109640171172, 0.2820099010607075, 0.5888743267380937, 0.650912576314707, 0.10066312391353414]], "inverted": true, "swapped": false, "error_lsq": 0.0399238097476391, "error_max": 0.1859415225212674, "target": "16.xyz", "model": "3.xyz", "model_rescale": 3.9243930471874484, "target_rescale": 3.7852294659196426},
{"mapping": [4, 10, 7, 8, 2, 3, 0, 6, 1, 9, 12], "R": [[0.14395201021029314, 0.9031896904306763, 0.4043837309489032], [0.023842198284439398, -0.41168669106901523, 0.9110135114133111], [0.9892974114680486, -0.12150082920039881, -0.08079715444391838]], "T": [-0.0801582096278351, -0.04971842780655831, 0.11630224608806722], "aligned_model": [[-0.20372528613838897, -0.4698709856768766, -0.15488744468668092, -0.674876409972258, 0.39850441673844805, 0.3344935810709435, 0.699450583830109, 0.3436985148304305, 0.14123973834101505, -0.5161353889102791, 0.02473481126470782], [0.04685155076183726, -0.6038467528260024, 0.6395866699644135, 0.11937485001709383, 0.3684346421201744, -0.34757324537611267, 0.26855442743290986, -0.6089944392829877, 0.5835373143874891, 0.148937329894158, -0.01879784946763112], [-0.4562121085634219, -0.0791292537122657, -0.2864294046753753, -0.0022477201294376636, -0.552461232687919, -0.322217731205531, -0.0030077373221940595, 0.2868083599234292, 0.3615172815078664, 0.6341315431099261, 0.16346561097869966]], "inverted": true, "swapped": false, "error_lsq": 0.04751311424714155, "error_max": 0.21838046116976134, "target": "16.xyz", "model": "4.xyz", "model_rescale": 3.8936222436046832, "target_rescale": 3.7852294659196426},
{"mapping": [9, 6, 3, 8, 0, 1, 2, 5, 10, 7, 11], "R": [[0.7117544267908212, -0.012292921115768074, 0.7023208099110487], [-0.6392671496058147, -0.425701727555701, 0.6404026472391797], [0.29110676285261217, -0.90478004136173, -0.31085354972227636]], "T": [-0.040742944161271374, 0.09200186414471839, 0.036954054040272875], "aligned_model": [[-0.3563854103350804, -0.35280785293122746, -0.019276715825974164, -0.6519784670043458, 0.34637596597937487, 0.4595827791894089, 0.6304846517980631, 0.196912072328302, 0.0267454441514878, -0.4128210517856598, 0.05579471512682173], [-0.010992489026684454, -0.6407178605078709, 0.5937560433730491, 0.5041979905384484, 0.3044350467348298, -0.3865435312225202, 0.418443319580464, -0.5936763603197581, 0.5221720145666795, -0.08186016442955876, -0.03314951166173599], [-0.4843883867640204, 0.018354969999702563, -0.2424452605421897, -0.011505365390644715, -0.7296810621155002, -0.36773995664864306, 0.03002906163830401, 0.39825216181202266, 0.495065785623255, 0.5380302999697189, 0.10024535964177206]], "inverted": true, "swapped": false, "error_lsq": 0.04598218435584933, "error_max": 0.22472241194004527, "target": "16.xyz", "model": "5.xyz", "model_rescale": 3.6523030999806103, "target_rescale": 3.7852294659196426},
{"mapping": [5, 1, 9, 8, 7, 3, 11, 2, 10, 6, 12], "R": [[0.976872090855924, 0.05894932690446301, -0.20553806208166467], [-0.20581298428934017, -0.0014349876529409257, -0.9785902903198824], [-0.057982183510896707, 0.9982599449381642, 0.010730737503174565]], "T": [-0.026898693973953676, 0.028753183171812885, -0.01253534557134043], "aligned_model": [[-0.39617469663155697, -0.30075262308589845, -0.04437797001729744, -0.6339299206778429, 0.30224512843223345, 0.4231432136716075, 0.7215968544253082, 0.17434818894344586, 0.1248715844398133, -0.44361296311559306, -0.004730665693048634], [-0.06061109469082457, -0.6088071364487948, 0.7509634247045933, 0.310345661794146, 0.1985036322062342, -0.3860732361727368, 0.4750029452885042, -0.5131019946367963, 0.4258572802744619, 0.011212801592466112, -0.007227786285911253], [-0.5778253505157541, 0.01739340897443, -0.04027912171672508, -0.08948902291162772, -0.5867018622906981, -0.3412023900472106, -0.13576102056751654, 0.4795056004963104, 0.6416413586313473, 0.48612888512894714, -0.10919287795772556]], "inverted": false, "swapped": false, "error_lsq": 0.04453223091561856, "error_max": 0.18427146412049597, "target": "16.xyz", "model": "6.xyz", "model_rescale": 4.08911054899281, "target_rescale": 3.7852294659196426},
{"mapping": [11, 9, 12, 13, 10, 8, 5, 3, 7, 2, 14], "R": [[-0.6808646130904317, 0.5851056073328238, -0.44053922289497066], [0.5714046475595718, 0.8006304649514845, 0.18024313395769503], [0.4581703912176546, -0.1290049877301555, -0.879453015090746]], "T": [0.00021048020786470882, 0.006492170722089845, 0.043095627015140525], "aligned_model": [[-0.29540238710359246, -0.24655612433504961, -0.07579295770209596, -0.5448662557587084, 0.30304295683561017, 0.3698709303745764, 0.5833947506044114, 0.3072649328601275, 0.07025474323496361, -0.4617986571730887, -0.0867858011459835], [0.03174935068385549, -0.6889878867278765, 0.6112897596477624, 0.4951456251709204, 0.1614890398592962, -0.4280679476132713, 0.4966987748522957, -0.6463599979018864, 0.5686325073023771, 0.10695386946201715, -0.11247859711014802], [-0.4633687552442978, -0.22142477008032552, -0.3262893643783337, 0.04117841161910235, -0.592155000815445, -0.3306123183377577, 0.03335798805553555, 0.3685999208349979, 0.5707138675488079, 0.6962376845754006, -0.032020056553907564]], "inverted": false, "swapped": false, "error_lsq": 0.041626197407445734, "error_max": 0.19491979179648075, "target": "16.xyz", "model": "7.xyz", "model_rescale": 3.964800864290218, "target_rescale": 3.7852294659196426},
{"mapping": [12, 10, 2, 6, 7, 8, 1, 5, 0, 3, 13], "R": [[-0.43265307650099105, 0.8774613929755551, 0.20705752638246722], [-0.3253020001406549, -0.3661317321947275, 0.8718521453690287], [0.8408269287426022, 0.3098532854715066, 0.4438479665198391]], "T": [-0.13286704144558556, 0.09471547289851284, -0.06779930677181786], "aligned_model": [[-0.17593291811344006, -0.3386964104040148, -0.039863574115830525, -0.6538384098684514, 0.37567965495107347, 0.34946801964885066, 0.5816972619301711, 0.22082774775978095, -0.022760681276901826, -0.27242513069918994, -0.10152942912087715], [0.06477079208573389, -0.6848983780829623, 0.739261739129222, 0.23355813793673397, 0.2756599407352563, -0.4399545689067505, 0.2967108272771099, -0.5478698247604388, 0.5731284058838881, 0.06053312768442512, 0.02516429864312439], [-0.8214063553365322, 0.09022134769854198, -0.18829492290280767, 0.14625061924365523, -0.5320110279778154, -0.3371288755945989, 0.04043943085468649, 0.3335170949487055, 0.45388740719114884, 0.6430577834382712, -0.08431489433947836]], "inverted": true, "swapped": false, "error_lsq": 0.04834954983785399, "error_max": 0.26402845976191314, "target": "16.xyz", "model": "8.xyz", "model_rescale": 4.121658175737393, "target_rescale": 3.7852294659196426},
{"mapping": [5, 0, 7, 11, 9, 4, 6, 1, 8, 3, 12], "R": [[-0.10789193371502845, 0.9689543974376779, 0.2224560772948655], [-0.7486547237376072, 0.06803927609127212, -0.6594594464668341], [-0.6541218810471023, -0.2376931479768883, 0.7180713976619861]], "T": [-0.09283456865333947, 0.08885729128787621, 0.020656929587602443], "aligned_model": [[-0.3269943202342588, -0.2534168228812408, -0.1410377454763364, -0.5219150241307432, 0.45697802347985006, 0.363436234984025, 0.5712846194662755, 0.31541893586098024, 0.1604300438501751, -0.6629241084001928, -0.03863370582736327], [-0.0868523203086947, -0.6806646348926857, 0.6774541292465409, 0.5216353368124466, 0.2747381478687767, -0.5170188218759171, 0.27041936156487834, -0.42440585971932054, 0.5943573490642412, -0.05687064435234519, 0.02327245421742133], [-0.5234140670736063, -0.008899590449807829, -0.3055962334659344, 0.19849168601260742, -0.5762888281856487, -0.4407095266750663, 0.09916150717417167, 0.23236835956593593, 0.47987372519599053, 0.5464375653239169, 0.04279300980121804]], "inverted": true, "swapped": false, "error_lsq": 0.05010074099624509, "error_max": 0.2585814035289216, "target": "16.xyz", "model": "9.xyz", "model_rescale": 3.833441315466971, "target_rescale": 3.7852294659196426},
{"mapping": [6, 0, 7, 11, 4, 5, 3, 13, 9, 8, 14], "R": [[0.9937317071001976, -0.06350751817726055, -0.0920004860785649], [-0.049103079754779, -0.9872917064143384, 0.1511422310410297], [-0.10042998487664481, -0.14567732006194067, -0.9842214875510736]], "T": [-0.15076760129166925, -0.027954012129968404, -0.09748152048523058], "aligned_model": [[-0.14848895622284963, -0.27971668842676467, -0.2004518866973685, -0.6797728300882373, 0.4249797679896734, 0.3663737372400664, 0.5093083540141433, 0.18536593616743027, 0.1772479174472286, -0.33858255308478624, -0.09363666764736461], [0.07408141384136857, -0.694723144473983, 0.6334661831252605, 0.3686861050541666, 0.12666109374615336, -0.4535068585842019, 0.5358363621109331, -0.6063402727637927, 0.4189190530238, 0.1587112187035828, 0.03427334384205494], [-0.7689077246718217, -0.04635404466349696, -0.03448331516098392, 0.07034924662740881, -0.6271245284545306, -0.19184683362154747, -0.06987722936853116, 0.3363042790978229, 0.4946505675147716, 0.6356221542140212, -0.054114964289336036]], "inverted": true, "swapped": false, "error_lsq": 0.042323537233497806, "error_max": 0.23466139706842162, "target": "16.xyz", "model": "10.xyz", "model_rescale": 4.2482417240324, "target_rescale": 3.7852294659196426},
{"mapping": [8, 9, 1, 0, 3, 7, 2, 5, 6, 4, 11], "R": [[-0.8466525735837457, -0.06409824433185604, -0.528271553954587], [0.2652771420331964, 0.8097373411892242, -0.5234056516684794], [0.46131058687040755, -0.5832811100639038, -0.6685624047790159]], "T": [-0.03437890093111081, 0.10157774764811009, -0.049853753490326946], "aligned_model": [[-0.22677696962179464, -0.3321126590274777, -0.11267661611181315, -0.6491505932360035, 0.4274568572249302, 0.31716932094237726, 0.6173276882669061, 0.25284578903822713, 0.08162686814085363, -0.37345608817759673, -0.07962746674743781], [0.06341740471362892, -0.6661020613419006, 0.7430643436028184, 0.5249433888251519, 0.1247262384445491, -0.4313621435657824, 0.45005789701083876, -0.34840279503511373, 0.3472259351761878, -0.21160707940757964, 0.00010336920254391813], [-0.6315620999544567, -0.08636707020876205, -0.33535501227235825, 0.07920737987360604, -0.7163696995216484, -0.2755641137883539, -0.009886348261877398, 0.47854539393523354, 0.5389431279969724, 0.6936390208009604, 0.008987028624460956]], "inverted": true, "swapped": false, "error_lsq": 0.051238360550748194, "error_max": 0.34484142855671723, "target": "16.xyz", "model": "11.xyz", "model_rescale": 3.6694154284099745, "target_rescale": 3.7852294659196426},
{"mapping": [12, 5, 2, 10, 1, 0, 3, 6, 8, 9, 13], "R": [[0.7826220174349842, -0.11422323375641558, -0.6119279620153201], [0.17032840068326444, 0.9848000337465851, 0.034016605553853566], [0.5987411909553885, -0.1308508555682858, 0.7901816499073937]], "T": [-0.028891130184779117, -0.04796998793071861, 0.07125220218517934], "aligned_model": [[-0.36931348214557047, -0.33710550616845575, -0.029058246592227492, -0.5875892901121794, 0.42709446390537886, 0.3625961937302094, 0.6029287288126913, 0.12747389773694837, 0.08256643307437711, -0.415069993373883, 0.058102931823881994], [-0.02072153992839317, -0.7489138453345523, 0.5504295418124662, 0.25292494513136454, 0.29831468717562803, -0.4604347285878087, 0.536384195556139, -0.5486486731296641, 0.5991677284798189, 0.21981588186873313, -0.08225369541838909], [-0.5162328143330606, -0.1701031368514967, -0.18995949025518372, 0.0421421925708899, -0.5521558149835926, -0.3615853855472387, 0.047111891061548325, 0.28273663585386, 0.44726794507685125, 0.7222843676361742, -0.007288783004974542]], "inverted": false, "swapped": false, "error_lsq": 0.04253350340471614, "error_max": 0.19346928700001437, "target": "16.xyz", "model": "12.xyz", "model_rescale": 3.9764082729961374, "target_rescale": 3.7852294659196426},
{"mapping": [13, 11, 9, 1, 6, 14, 4, 3, 0, 2, 15], "R": [[0.28287617558482586, 0.9370243638208473, -0.20485704989733572], [0.4952565188191125, -0.3255976878639119, -0.805423569449547], [-0.8214024895589722, 0.1263783496640595, -0.5561712531968115]], "T": [-0.07900954337239485, 0.1269334758737488, -0.06429400804375765], "aligned_model": [[-0.1493801550516623, -0.28245583250820483, -0.2575304253075976, -0.6679652895663001, 0.4698014833568991, 0.2758786566775213, 0.5756643635475686, 0.23486654163509546, 0.07674313460609822, -0.36923548573025355, 0.016239139032006494], [-0.0826574123290855, -0.6313554947244249, 0.6995027305036081, 0.2469682068107555, 0.09229076502490469, -0.4980315088611471, 0.37664289722114097, -0.5634257674099443, 0.6455390352620098, 0.22357688916724192, 0.08701415696028311], [-0.6349078729131031, -0.1832567890109212, -0.02193990690458872, 0.14075567046137058, -0.5946383727961451, -0.41398125816264797, 0.09353818850602647, 0.3008489307990315, 0.4193353030782816, 0.6723799136852497, -0.03391619951877656]], "inverted": false, "swapped": false, "error_lsq": 0.04524349811557755, "error_max": 0.19669487510074013, "target": "16.xyz", "model": "13.xyz", "model_rescale": 4.170626492500431, "target_rescale": 3.7852294659196426},
{"mapping": [6, 3, 4, 2, 5, 11, 12, 9, 8, 0, 13], "R": [[-0.25204529240199935, -0.3134719833221548, -0.9155372664452635], [-0.6327275236906489, -0.6624565277249237, 0.4010077675543666], [-0.7322083387549543, 0.6803577474731306, -0.03137330251978182]], "T": [-0.058116609989539256, 0.03347123250684638, 0.14764821589186264], "aligned_model": [[-0.1915934860868183, -0.3844813665135947, -0.14565409896796416, -0.6731569963718067, 0.38646246096414405, 0.3116739508691759, 0.5308057413864463, 0.330639958413163, 0.24298944619527862, -0.46912162111165967, -0.01593785808519367], [-0.07569202665442476, -0.5189876510694171, 0.7160146508390527, 0.19732544345246153, 0.18223387404083027, -0.40475955837749633, 0.42231720758419816, -0.6429922154156947, 0.6055522499185589, 0.1117819088662021, 0.003270614441071615], [-0.6756115082697702, -0.1048370947433225, -0.024208703397875092, -0.019112954380132302, -0.631735485830221, -0.26571405397783154, -0.046453285653324655, 0.36575821706645606, 0.5131817235911276, 0.572854901314997, 0.060095851503673414]], "inverted": true, "swapped": false, "error_lsq": 0.037872634384988633, "error_max": 0.18183702506068875, "target": "16.xyz", "model": "14.xyz", "model_rescale": 3.9786697098870705, "target_rescale": 3.7852294659196426},
{"mapping": [9, 7, 0, 1, 3, 8, 2, 5, 4, 10, 11], "R": [[0.9230745665281014, 0.16574385138317607, -0.3470768219827267], [-0.2695366728997379, -0.3649805500514145, -0.891144870403408], [-0.27437807235837464, 0.9161430967992057, -0.2922302167744875]], "T": [-0.12237609408920926, 0.02556685489641587, -0.05195919916792141], "aligned_model": [[-0.1867850978952596, -0.36539869105753975, -0.011585013656288848, -0.6701581472192605, 0.4272700659036448, 0.2965734448065537, 0.6851603958964535, 0.40663603520638425, 0.0839644732492784, -0.5471666231665226, -0.1958847113762721], [0.005421859660666144, -0.5734457426543323, 0.6840676465626415, 0.38222273796672424, 0.21435797591252778, -0.2552001269336861, 0.33713428064712025, -0.4093362128836937, 0.26005427919254664, -0.07138972961433772, 0.02217752976916532], [-0.6707159586824243, 0.08588103708031744, -0.2466580177318859, 0.13080703084272935, -0.7642767152611643, -0.1856727429659878, 0.016290143830733364, 0.36716497864044506, 0.47468484400407246, 0.6568943933482712, -0.1201813858813295]], "inverted": false, "swapped": false, "error_lsq": 0.05483135791920204, "error_max": 0.258071728393223, "target": "16.xyz", "model": "15.xyz", "model_rescale": 3.769337070930944, "target_rescale": 3.7852294659196426},
{"mapping": [0, 1, 2, 3, 4, 5, 6, 7, 8, 9, 10], "R": [[1.0, 0.0, 0.0], [0.0, 1.0, 0.0], [0.0, 0.0, 1.0]], "T": [0.0, 0.0, 0.0], "aligned_model": [[-0.27461940137556423, -0.3732130278280962, -0.15092790414522522, -0.6124067433351238, 0.4076913074608176, 0.41286932907786356, 0.6124067433351238, 0.28069631169424036, 0.14585669243327326, -0.502030105997367, -0.02369707062877152], [0.0014129130210351528, -0.700473015935327, 0.700473015935327, 0.3149479075795906, 0.20861350866826653, -0.4342807258583493, 0.39436137582674513, -0.5445777379045058, 0.5029945257327819, 0.10219945804686234, 0.05039327251291547], [-0.5848523768326277, -0.10572623234685981, -0.18189057128475214, 0.07217502993140922, -0.6311107084810776, -0.30164563609159983, -0.030724834794590827, 0.36848496572218437, 0.5359254090840544, 0.6311107084810776, -0.027528146163440907]], "inverted": false, "swapped": false, "error_lsq": 0.0, "error_max": 0.0, "target": "16.xyz", "model": "16.xyz", "model_rescale": 3.7852294659196426, "target_rescale": 3.7852294659196426},
{"mapping": [8, 3, 11, 2, 9, 0, 10, 4, 6, 7, 12], "R": [[0.32968276597491974, -0.6703679640238801, 0.6647676786890323], [-0.4229495135058595, -0.7343957299920338, -0.5308263565372623], [0.8440515285480404, -0.10615886482035217, -0.5256494198377577]], "T": [-0.07864822816596992, -0.04850294102078637, 0.049077433631313686], "aligned_model": [[-0.21699178078008188, -0.44504143652198147, -0.271767940112959, -0.686137333220596, 0.3890529161561743, 0.2923612952083323, 0.6401727950423919, 0.3892649821599069, 0.23436281975587495, -0.38038461586828476, -0.022265571127606458], [0.07314876231243694, -0.6976946764233662, 0.630188972985852, 0.022457803290125332, 0.24752486123543413, -0.4896776257250918, 0.30938584506019123, -0.4844326430725457, 0.5885554307084534, 0.3817180905845319, 0.01488967666932093], [-0.575636769647835, -0.22805336349908673, -0.1509579061284182, 0.052006774348929294, -0.6149142571321706, -0.31624979897029715, 0.11591326736074371, 0.3537234701412123, 0.5815940538325457, 0.5130731464102527, 0.013718990507901395]], "inverted": true, "swapped": false, "error_lsq": 0.052435324610404205, "error_max": 0.3268962484705158, "target": "16.xyz", "model": "17.xyz", "model_rescale": 3.901054581598922, "target_rescale": 3.7852294659196426},
{"mapping": [7, 12, 1, 0, 6, 11, 4, 9, 8, 2, 14], "R": [[0.16880761944656242, 0.5102680535281503, -0.843285539521091], [0.3736471092682553, 0.7585762595926353, 0.5338069839538664], [0.9120810410003386, -0.4052018903349782, -0.06260673060222234]], "T": [0.028590009894531657, 0.011316020270427073, 0.09914467264492266], "aligned_model": [[-0.28495347884670646, -0.2780763622310538, -0.07854539929495187, -0.6206632489715546, 0.27782727408321156, 0.36390225508691226, 0.591772560369382, 0.3019009502798752, 0.12143883889005473, -0.5005106751327985, 0.028533416458799844], [0.009726717749161472, -0.5857144289332027, 0.5852792239933028, 0.383416613689943, 0.09581120674680169, -0.5077760811968218, 0.5666336348081026, -0.5438782631348458, 0.5017966234077605, 0.13263171817457237, -0.0418624676794318], [-0.4851198039260163, -0.21942318984006665, -0.2813468440881194, -0.025418053433532137, -0.604038870160372, -0.40567220241477264, 0.0944829417822145, 0.3255294311294076, 0.5364387670940365, 0.7229018918686753, 0.08588353921232213]], "inverted": true, "swapped": false, "error_lsq": 0.04254534332562216, "error_max": 0.2139637540250937, "target": "16.xyz", "model": "18.xyz", "model_rescale": 3.9405287249114394, "target_rescale": 3.7852294659196426},
{"mapping": [9, 5, 13, 11, 7, 8, 4, 6, 12, 10, 15], "R": [[0.8979666591525599, 0.3073676840583691, 0.3149301285158109], [0.3552394091639498, -0.08391520998172246, -0.9310011813690526], [-0.25973224910903625, 0.947883613282938, -0.18454217524035949]], "T": [0.0646039204652134, 0.14353588448528004, 0.15286652712910853], "aligned_model": [[-0.2640045773477211, -0.27712567243248454, -0.21151948431537093, -0.6263948280632647, 0.27124370368879724, 0.34392657891148976, 0.7218021311527274, 0.2275108557112988, 0.29104930371646476, -0.5919539203044675, 0.038092039973701614], [0.018743012743960813, -0.5581204373501223, 0.6634889931488404, 0.18489489383478722, 0.19199762890370947, -0.4421376754340756, 0.3764432776084895, -0.5760456312605402, 0.5591845268377922, 0.05771875508334534, 0.1198971535091552], [-0.5293746628354205, -0.13377250392782164, -0.17076053523657897, -0.04719187378802531, -0.5183838049069925, -0.2360261177304347, -0.06738261977902224, 0.2709649108517309, 0.42872474564742685, 0.5765070102885823, 0.1709130586403334]], "inverted": true, "swapped": false, "error_lsq": 0.04404946202283926, "error_max": 0.21915199160983595, "target": "16.xyz", "model": "19.xyz", "model_rescale": 4.410303926677745, "target_rescale": 3.7852294659196426},
{"mapping": [12, 10, 2, 6, 7, 8, 1, 5, 0, 3, 13], "R": [[-0.43265307650099105, 0.8774613929755551, 0.20705752638246722], [-0.3253020001406549, -0.3661317321947275, 0.8718521453690287], [0.8408269287426022, 0.3098532854715066, 0.4438479665198391]], "T": [-0.13286704144558556, 0.09471547289851284, -0.06779930677181786], "aligned_model": [[-0.17593291811344006, -0.3386964104040148, -0.039863574115830525, -0.6538384098684514, 0.37567965495107347, 0.34946801964885066, 0.5816972619301711, 0.22082774775978095, -0.022760681276901826, -0.27242513069918994, -0.10152942912087715], [0.06477079208573389, -0.6848983780829623, 0.739261739129222, 0.23355813793673397, 0.2756599407352563, -0.4399545689067505, 0.2967108272771099, -0.5478698247604388, 0.5731284058838881, 0.06053312768442512, 0.02516429864312439], [-0.8214063553365322, 0.09022134769854198, -0.18829492290280767, 0.14625061924365523, -0.5320110279778154, -0.3371288755945989, 0.04043943085468649, 0.3335170949487055, 0.45388740719114884, 0.6430577834382712, -0.08431489433947836]], "inverted": true, "swapped": false, "error_lsq": 0.04834954983785399, "error_max": 0.26402845976191314, "target": "16.xyz", "model": "20.xyz", "model_rescale": 4.121658175737393, "target_rescale": 3.7852294659196426},
{"mapping": [5, 1, 9, 8, 7, 3, 11, 2, 10, 6, 12], "R": [[0.976872090855924, 0.05894932690446301, -0.20553806208166467], [-0.20581298428934017, -0.0014349876529409257, -0.9785902903198824], [-0.057982183510896707, 0.9982599449381642, 0.010730737503174565]], "T": [-0.026898693973953676, 0.028753183171812885, -0.01253534557134043], "aligned_model": [[-0.39617469663155697, -0.30075262308589845, -0.04437797001729744, -0.6339299206778429, 0.30224512843223345, 0.4231432136716075, 0.7215968544253082, 0.17434818894344586, 0.1248715844398133, -0.44361296311559306, -0.004730665693048634], [-0.06061109469082457, -0.6088071364487948, 0.7509634247045933, 0.310345661794146, 0.1985036322062342, -0.3860732361727368, 0.4750029452885042, -0.5131019946367963, 0.4258572802744619, 0.011212801592466112, -0.007227786285911253], [-0.5778253505157541, 0.01739340897443, -0.04027912171672508, -0.08948902291162772, -0.5867018622906981, -0.3412023900472106, -0.13576102056751654, 0.4795056004963104, 0.6416413586313473, 0.48612888512894714, -0.10919287795772556]], "inverted": false, "swapped": false, "error_lsq": 0.04453223091561856, "error_max": 0.18427146412049597, "target": "16.xyz", "model": "21.xyz", "model_rescale": 4.08911054899281, "target_rescale": 3.7852294659196426},
{"mapping": [4, 15, 7, 12, 0, 1, 6, 11, 10, 9, 16], "R": [[0.8124831614767898, -0.023698954956329232, 0.5825027655304809], [-0.5813799826598951, -0.10702098044593975, 0.8065629705774806], [0.04322531757038456, -0.9939742799883544, -0.1007308425586311]], "T": [-0.07088127408609678, -0.015412757243245485, -0.031058607990147112], "aligned_model": [[-0.2113285261555553, -0.3053936361899863, -0.01428770463036537, -0.6260554167418532, 0.34350837168355386, 0.4358595133457427, 0.5429328954311267, 0.24161771089116407, -0.011796249283667945, -0.40173204920981165, -0.07069877844917716], [0.013885034654725396, -0.7032558180599688, 0.6875007742836985, 0.43525126350663657, 0.26612228418455497, -0.5430205359005559, 0.4072599728672643, -0.6003815543505914, 0.5862112952893268, 0.0358093860385735, 0.01068239511167788], [-0.7134869153190562, 0.027104039825344997, -0.12328616949977805, 0.1523892531641341, -0.62190430705753, -0.33902319608315656, -0.01905623021830225, 0.3511048662684662, 0.5034438414647808, 0.5977988227524436, -0.07086639807356959]], "inverted": true, "swapped": false, "error_lsq": 0.03767364944714788, "error_max": 0.18120301598604205, "target": "16.xyz", "model": "22.xyz", "model_rescale": 4.204369325754507, "target_rescale": 3.7852294659196426},
{"mapping": [9, 5, 13, 11, 7, 8, 4, 6, 12, 10, 15], "R": [[0.8979666591525599, 0.3073676840583691, 0.3149301285158109], [0.3552394091639498, -0.08391520998172246, -0.9310011813690526], [-0.25973224910903625, 0.947883613282938, -0.18454217524035949]], "T": [0.0646039204652134, 0.14353588448528004, 0.15286652712910853], "aligned_model": [[-0.2640045773477211, -0.27712567243248454, -0.21151948431537093, -0.6263948280632647, 0.27124370368879724, 0.34392657891148976, 0.7218021311527274, 0.2275108557112988, 0.29104930371646476, -0.5919539203044675, 0.038092039973701614], [0.018743012743960813, -0.5581204373501223, 0.6634889931488404, 0.18489489383478722, 0.19199762890370947, -0.4421376754340756, 0.3764432776084895, -0.5760456312605402, 0.5591845268377922, 0.05771875508334534, 0.1198971535091552], [-0.5293746628354205, -0.13377250392782164, -0.17076053523657897, -0.04719187378802531, -0.5183838049069925, -0.2360261177304347, -0.06738261977902224, 0.2709649108517309, 0.42872474564742685, 0.5765070102885823, 0.1709130586403334]], "inverted": true, "swapped": false, "error_lsq": 0.04404946202283926, "error_max": 0.21915199160983595, "target": "16.xyz", "model": "23.xyz", "model_rescale": 4.410303926677745, "target_rescale": 3.7852294659196426},
{"mapping": [0, 1, 5, 4, 12, 7, 6, 11, 15, 8, 16], "R": [[0.10007435258583677, 0.949417011309099, 0.2976448598437809], [-0.8729053847825532, -0.05979218460022032, 0.48421181716099837], [0.477515772694629, -0.3082729850272832, 0.8227675574123107]], "T": [0.03417407799170475, -0.016611483905441336, 0.07933975103363518], "aligned_model": [[-0.1684665410883091, -0.2899343918303607, -0.06946672844612947, -0.5775473952626194, 0.29744857306149397, 0.28863713700923016, 0.5799440553788647, 0.22561684130786241, 0.20764870817928263, -0.5081861041885347, -0.06306802342960949], [-0.04041801297310262, -0.7671822083568199, 0.5694758743180564, 0.29891938800995016, 0.31390870179462843, -0.46826648508063473, 0.503858442543819, -0.5346791912839425, 0.5140357208783982, 0.2664527387837893, -0.060040471008799425], [-0.6478162430685841, -0.1812991504305731, -0.12403730076781432, 0.09036159384789483, -0.6044868219176041, -0.33681792123875876, -0.016285963104968756, 0.38865674952582946, 0.5239005315475376, 0.6283631985048821, 0.023678934325936304]], "inverted": false, "swapped": false, "error_lsq": 0.0373799232734318, "error_max": 0.16475185937548684, "target": "16.xyz", "model": "24.xyz", "model_rescale": 4.28219845311461, "target_rescale": 3.7852294659196426},
{"mapping": [4, 3, 2, 13, 0, 1, 6, 5, 14, 12, 15], "R": [[0.9545986903899233, -0.2220256544168132, 0.19861004276377694], [-0.20319505504252489, -0.9728379308219386, -0.11089693395380379], [0.2178373473766809, 0.06550548934917505, -0.9737843297943424]], "T": [-0.0849693803098887, -0.017719075699805707, 0.08381187682180868], "aligned_model": [[-0.2943083614417907, -0.22561521618817398, -0.08408188341201742, -0.5827185629007094, 0.31032293790912097, 0.272326292698572, 0.6755387604058801, 0.3080848812045977, 0.06955973473689238, -0.4721189285022826, -0.05436352381891812], [-0.03798484042026754, -0.6639462753403724, 0.6157555643052642, 0.3060626485523972, 0.23337755770062626, -0.44409732652884876, 0.44712966024832457, -0.6975342072847459, 0.6082394084945458, 0.22299570909087943, 0.0060665988075393334], [-0.6164845338391799, -0.31949259892156057, -0.17597479952557937, 0.10191168918118995, -0.584206562959472, -0.2330773595306871, -0.04938029844945649, 0.41341833198856315, 0.48932556778994046, 0.6974824072781959, 0.020695764211823134]], "inverted": true, "swapped": false, "error_lsq": 0.04061507643090953, "error_max": 0.2623268500514852, "target": "16.xyz", "model": "25.xyz", "model_rescale": 4.100010024507729, "target_rescale": 3.7852294659196426},
{"mapping": [8, 9, 1, 0, 3, 7, 2, 5, 6, 4, 11], "R": [[-0.8466525735837457, -0.06409824433185604, -0.528271553954587], [0.2652771420331964, 0.8097373411892242, -0.5234056516684794], [0.46131058687040755, -0.5832811100639038, -0.6685624047790159]], "T": [-0.03437890093111081, 0.10157774764811009, -0.049853753490326946], "aligned_model": [[-0.22677696962179464, -0.3321126590274777, -0.11267661611181315, -0.6491505932360035, 0.4274568572249302, 0.31716932094237726, 0.6173276882669061, 0.25284578903822713, 0.08162686814085363, -0.37345608817759673, -0.07962746674743781], [0.06341740471362892, -0.6661020613419006, 0.7430643436028184, 0.5249433888251519, 0.1247262384445491, -0.4313621435657824, 0.45005789701083876, -0.34840279503511373, 0.3472259351761878, -0.21160707940757964, 0.00010336920254391813], [-0.6315620999544567, -0.08636707020876205, -0.33535501227235825, 0.07920737987360604, -0.7163696995216484, -0.2755641137883539, -0.009886348261877398, 0.47854539393523354, 0.5389431279969724, 0.6936390208009604, 0.008987028624460956]], "inverted": true, "swapped": false, "error_lsq": 0.051238360550748194, "error_max": 0.34484142855671723, "target": "16.xyz", "model": "26.xyz", "model_rescale": 3.6694154284099745, "target_rescale": 3.7852294659196426},
{"mapping": [12, 1, 9, 3, 11, 2, 10, 0, 8, 7, 13], "R": [[-0.8360662507442738, 0.0599724756039825, 0.5453407435139457], [0.4299857817396414, 0.6889878344635101, 0.5834449343880126], [-0.3407425008245416, 0.7222873847238456, -0.601826787373763]], "T": [0.0398046331398302, 0.02240638944289846, 0.09804644997960105], "aligned_model": [[-0.2028716214809169, -0.43817296740026346, -0.12678324627001594, -0.7168710507721224, 0.35424771443283576, 0.4035824495977586, 0.5281343613395556, 0.2818923330168724, 0.24331100438900036, -0.4750337474357421, 0.0711909012742087], [0.1036963571999665, -0.7019435585590011, 0.6603783685268728, 0.20529727559822467, 0.2927077396273339, -0.3362716947734166, 0.3643814349825511, -0.5696274146353681, 0.4093108745536252, 0.1770695573825482, -0.008934442277994663], [-0.6531079881639477, 0.26083840281305387, -0.07545792405102758, -0.11834221301188036, -0.6531114548317796, -0.35044588926299786, 0.017561267012973447, 0.2648483190638569, 0.5641443674736053, 0.4253830826494528, 0.061907637532467356]], "inverted": false, "swapped": false, "error_lsq": 0.054851365304562937, "error_max": 0.3722789115632905, "target": "16.xyz", "model": "27.xyz", "model_rescale": 4.103607728864725, "target_rescale": 3.7852294659196426},
{"mapping": [10, 11, 3, 9, 12, 13, 2, 8, 0, 5, 14], "R": [[0.8369336525478999, -0.07376436099103606, -0.5423106861204342], [-0.5431045795759679, -0.23445186460235165, -0.8062690238549987], [-0.06767183222318598, 0.9693250962561865, -0.23628241765203828]], "T": [-0.07237419528180215, -0.036422817758733524, -0.032392809556073265], "aligned_model": [[-0.4034703630807088, -0.2509349627867774, 0.09256035656457655, -0.7686254326197053, 0.47232254830993675, 0.3491999058041289, 0.5624123709412077, 0.3409446244365053, -0.024684680454181027, -0.4547520747239831, 0.0076538383001713145], [0.07103996608868901, -0.6919387466912394, 0.6672428059625056, 0.37148912965923037, 0.23875153230353136, -0.4314836771610992, 0.33465694081444936, -0.616277636950029, 0.5632689851348408, 0.04024887136472204, 0.049066327099741215], [-0.4046861805182659, -0.13474588807878213, -0.23532663169285462, 0.10532423264319404, -0.636444257458569, -0.3257777573900662, -0.006575482968095014, 0.37407480137241816, 0.3520381890631945, 0.5865167313157138, 0.0698198509358898]], "inverted": false, "swapped": false, "error_lsq": 0.04741111911577087, "error_max": 0.2579377444453376, "target": "16.xyz", "model": "28.xyz", "model_rescale": 4.137296879288765, "target_rescale": 3.7852294659196426},
{"mapping": [6, 4, 0, 9, 5, 2, 1, 3, 7, 8, 10], "R": [[-0.16064405109619606, -0.7390663624625228, -0.6541975242415843], [0.3932384046834727, -0.6558542015343461, 0.6443747538596954], [-0.9052939003049787, -0.15374061989650228, 0.3959883531929179]], "T": [-0.020784962684479727, 0.052830363575848985, 0.0008323424791798692], "aligned_model": [[-0.4105995141630506, -0.37991494006330195, -0.032048779515473316, -0.7103699973545191, 0.3061293936289467, 0.6681474132895105, 0.5992618550661027, 0.1269741069037995, 0.16843838791594556, -0.317238276411914, -0.09615351860487503], [0.005946034729379809, -0.5799946576206114, 0.6909070368834045, 0.3991463236613576, -0.0014974449234207293, -0.29981238901802093, 0.4724815095411878, -0.49657089300646, 0.4780147145498131, -0.09318048290605187, 0.020624745734764208], [-0.6008272773401686, -0.2640980534247349, -0.28770123923765156, 0.12465460218255117, -0.585148578960697, -0.11377283386116513, -0.07912905681571053, 0.3779188598499208, 0.5461992061207731, 0.6404807955105694, -0.014358816799910088]], "inverted": false, "swapped": false, "error_lsq": 0.05698973807830745, "error_max": 0.34430338904705654, "target": "16.xyz", "model": "29.xyz", "model_rescale": 3.607286011436655, "target_rescale": 3.7852294659196426},
{"mapping": [11, 9, 12, 13, 10, 8, 5, 3, 7, 2, 14], "R": [[-0.6808646130904317, 0.5851056073328238, -0.44053922289497066], [0.5714046475595718, 0.8006304649514845, 0.18024313395769503], [0.4581703912176546, -0.1290049877301555, -0.879453015090746]], "T": [0.00021048020786470882, 0.006492170722089845, 0.043095627015140525], "aligned_model": [[-0.29540238710359246, -0.24655612433504961, -0.07579295770209596, -0.5448662557587084, 0.30304295683561017, 0.3698709303745764, 0.5833947506044114, 0.3072649328601275, 0.07025474323496361, -0.4617986571730887, -0.0867858011459835], [0.03174935068385549, -0.6889878867278765, 0.6112897596477624, 0.4951456251709204, 0.1614890398592962, -0.4280679476132713, 0.4966987748522957, -0.6463599979018864, 0.5686325073023771, 0.10695386946201715, -0.11247859711014802], [-0.4633687552442978, -0.22142477008032552, -0.3262893643783337, 0.04117841161910235, -0.592155000815445, -0.3306123183377577, 0.03335798805553555, 0.3685999208349979, 0.5707138675488079, 0.6962376845754006, -0.032020056553907564]], "inverted": false, "swapped": false, "error_lsq": 0.041626197407445734, "error_max": 0.19491979179648075, "target": "16.xyz", "model": "30.xyz", "model_rescale": 3.964800864290218, "target_rescale": 3.7852294659196426},
