[{"mapping": [7, 5, 8, 3, 12, 1, 9, 0, 10, 11, 2, 13], "R": [[0.5563193166792235, 0.7198434427512341, -0.41513158855670473], [0.7158760773563528, -0.1615079324645287, 0.6792912700895802], [0.42193632192363295, -0.675085628405082, -0.6051686827343864]], "T": [-0.08175377906139657, -0.11293059087209878, -0.08217119581482359], "aligned_model": [[-0.24552257152710832, 0.25630985276660995, 0.3999375589233507, -0.3991399946294638, 0.011908934738118146, -0.4566217484492728, 0.2654461531130715, -0.39085211161044686, 0.7382425316531241, 0.1692282216799476, -0.3828149115472244, -0.1284794526501571], [-0.21926725339050096, -0.7001333249685495, -0.24171969488765796, 0.671201160224012, 0.32433747050074213, -0.6193366107435958, -0.22803193247712866, -0.6805077196527916, -0.007009150832911121, 0.4734312117913012, 0.32464243762811934, -0.044051557213982157], [-0.5393057581750627, 0.010284300270098731, -0.5928969854447467, -0.11112084223424303, -0.5151405228787387, -0.0061730258991362225, 0.5093590594937419, 0.6196110041047435, -0.005079052049583435, 0.22995335485538648, 0.547286814435427, 0.03517339887567572]], "inverted": false, "swapped": true, "error_lsq": 0.05556115077965124, "error_max": 0.30208332794604514, "target": "161.xyz", "model": "0.xyz", "model_rescale": 3.751011558992144, "target_rescale": 3.9051639677796115},
{"mapping": [10, 4, 5, 2, 8, 11, 6, 1, 7, 9, 12, 13, 0, 14], "R": [[-0.057614571400975145, 0.9981657814625091, -0.01859123125617862], [0.9278593407927671, 0.04666507131583347, -0.36999920921901996], [-0.3684529886781947, -0.038567393435737396, -0.9288460320729585]], "T": [0.026511526640492392, -0.043662477303511846, -0.01903483368542977], "aligned_model": [[-0.27756520398732576, -0.6688249186755614, 0.3412462992318658, 0.49544175095309373, -0.17795222195359292, 0.0003351718339624464, -0.4837793404093721, -0.5082721994002051, -0.07710449358009996, 0.3917978001464882, 0.47259943374723534, 0.743451823002993, 0.03423445638653026, 0.05908907694907595], [-0.4515848986532344, -0.41954243702282285, -0.5825393645615798, -0.33602582825721733, -0.5518562653934105, 0.3163925684477991, 0.41608740784840664, 0.22677601194503816, 0.60797685746379, -0.2683258480654053, 0.4885131590233513, -0.15958925232735172, 0.3133284775893147, -0.02253966697599142], [-0.6621447684397745, -0.04723862077958019, -0.044328514645941425, 0.5960799667651545, 0.35560085788381557, -0.7306570307849442, -0.32228228936879744, 0.33671077673137695, 0.04659230654571478, -0.51931668380624, -0.2831745226956869, -0.026767400193430498, 0.6502949303175846, -0.05771742076446049]], "inverted": false, "swapped": false, "error_lsq": 0.04662424750454087, "error_max": 0.29040674358442486, "target": "161.xyz", "model": "1.xyz", "model_rescale": 3.9405287249114394, "target_rescale": 3.9051639677796115},
{"mapping": [3, 2, 11, 1, 9, 12, 4, 0, 5, 8, 6, 7, 13], "R": [[-0.24155807381444022, -0.6230436662840931, -0.7439531483086372], [0.3375015817095667, -0.7727348832622581, 0.5375625382531836], [-0.9098034839011107, -0.12123279297673654, 0.39693857281506617]], "T": [-0.11060420483129506, -0.07577532487745714, -0.0034804228859075057], "aligned_model": [[-0.4988490827476725, 0.20312185379834508, -0.27810734979649615, 0.34308991545450107, 0.31556826046815706, -0.7217750588193351, 0.0728721066277515, 0.8415697052929354, 0.2070460638635072, -0.560908549470202, -0.02449214259986436, -0.35579081682426955, -0.04736162596342609], [0.6758492428683605, 0.6356931375320529, 0.3104306656837323, -0.19871408292415738, -0.1650197191996742, 0.04203452787430323, 0.4280883899262053, -0.07039319766977381, -0.6740529461854365, -0.6279946392681819, -0.7275699138916187, -0.21152934192231507, 0.04201047074852074], [-0.03106880576877969, -0.2749835251997954, -0.5753383534344817, 0.42289556172585113, -0.5458056229174914, 0.001953310763248192, 0.3601392079007139, 0.055846721061356235, -0.09731156639158846, -0.04511978658106377, 0.49146430593363305, 0.40707296394838505, -0.056624061451343084]], "inverted": false, "swapped": true, "error_lsq": 0.0564446124003125, "error_max": 0.3892171989439082, "target": "161.xyz", "model": "2.xyz", "model_rescale": 3.932901565614263, "target_rescale": 3.9051639677796115},
{"mapping": [1, 3, 2, 4, 0, 11, 8, 7, 9, 10, 12, 6, 5, 13], "R": [[0.5447507038043451, -0.8370619682065386, 0.05073393427348971], [-0.16542391617949093, -0.04795227256967355, 0.9850560935861696], [-0.8221201850462692, -0.5450026063585383, -0.16459210309698552]], "T": [-0.07239873208938108, -0.04487648346785736, -0.07545759813712502], "aligned_model": [[0.03988661886133142, -0.5584466146402027, 0.37459757733525817, 0.17519302921809596, -0.2758464306487646, -0.32744578621632775, -0.6240701800290896, -0.3335304943220131, -0.046026713324636655, 0.372244795185822, 0.5099252013534635, 0.6048904099344565, 0.40438342409996014, 0.02894259743773482], [-0.6644308345635409, -0.18303677990934106, -0.7104026807633184, -0.40618860583764305, -0.6388028689854427, 0.228349172594807, 0.4193294639293901, 0.22416600725522737, 0.6653140025254136, 0.03420496929064833, 0.43075585867581145, -0.12820830945440115, 0.2955705542551348, 0.010450972047941452], [-0.46573061400221827, -0.14863318447767343, 0.1514102780650711, 0.6804380788574439, 0.15865949154219264, -0.8866341753493381, -0.21314629578888677, 0.5321351011984919, 0.11089403083283841, -0.631500490172535, -0.20888368931166443, -0.0434031825891709, 0.34116486369102583, -0.08511862573078643]], "inverted": false, "swapped": false, "error_lsq": 0.05665145181641061, "error_max": 0.39247868978234307, "target": "161.xyz", "model": "3.xyz", "model_rescale": 3.9243930471874484, "target_rescale": 3.9051639677796115},
{"mapping": [5, 10, 6, 1, 7, 9, 0, 8, 12, 11, 4, 2, 13], "R": [[0.8453425912675903, -0.29904373114408084, -0.44268357802432956], [-0.5224219890486788, -0.2895239082188865, -0.8020294083935352], [0.11167438715935823, 0.9092572537148597, -0.40097391164450247]], "T": [0.06886401889331786, 0.0217478499866358, -0.056769911667742284], "aligned_model": [[0.051249402997567944, -0.3920172755539094, 0.6732009912897357, 0.3491754844101873, 0.5560367489758363, -0.5317569034350351, -0.17529038382006681, 0.3250277931159138, 0.2313522528605392, -0.5060595598340577, 0.2018061847769894, -0.473608110542601, -0.03191073892974726], [-0.4767305770626075, 0.21482277830798324, -0.40120044316834136, -0.5171120333642133, 0.11227549313856698, -0.29328937061051025, -0.8476348128324755, 0.22457816604951975, 0.617954242792022, 0.43106833355586405, -0.02045938742490376, 0.06352903188238618, 0.020028132418296794], [-0.5245851229689089, -0.7199946127744448, -0.42161689771553834, 0.12708949570786163, -0.09635763924611473, -0.21075111826943493, 0.2510388693127662, -0.6913516591657618, -0.13142920868716712, 0.021674232816348143, 0.5759277771979644, 0.5615371876424307, 0.045889011520963655]], "inverted": true, "swapped": true, "error_lsq": 0.046693183116254616, "error_max": 0.2775345119029571, "target": "161.xyz", "model": "4.xyz", "model_rescale": 3.8936222436046832, "target_rescale": 3.9051639677796115},
{"mapping": [10, 5, 9, 11, 0, 1, 7, 4, 3, 12, 2, 13], "R": [[-0.6549728666450766, 0.0036490982094036332, -0.7556435853237881], [-0.05652838802283716, 0.9969497647603788, 0.05381178209058933], [0.7535350591089113, 0.07796057097330443, -0.6527687676867253]], "T": [-0.10796309456835931, -0.1616697467967379, 0.0537510825522216], "aligned_model": [[0.02178019912271764, -0.6853035990184891, -0.3099676971315475, 0.4246519774951347, -0.8058634571124041, -0.6372222459903722, -0.1387521925549386, -0.029697049975996453, 0.6525731906961418, 0.40354494611370206, 0.19526286605612794, -0.06345889548497871], [-0.6323294555778405, -0.415502579114822, 0.02034188819759264, -0.003901898413687127, 0.4618289267968773, 0.05910588655066093, -0.4039416398901374, 0.3578185704785856, 0.15723931174820904, -0.46755715707513024, 0.5695151176175126, -0.03369406620801335], [-0.6179650896127775, -0.2106140513252372, -0.5863817630014403, -0.38858855446583057, -0.13163586523908927, 0.32558125678186767, 0.48671305842034596, 0.4329182624796005, 0.24431935407592142, 0.23328079090715886, -0.17373091297176993, 0.005388233226768506]], "inverted": true, "swapped": true, "error_lsq": 0.04130265784483215, "error_max": 0.23216822106189147, "target": "161.xyz", "model": "5.xyz", "model_rescale": 3.6523030999806103, "target_rescale": 3.9051639677796115},
{"mapping": [3, 12, 7, 4, 1, 11, 8, 2, 10, 9, 5, 0, 13], "R": [[0.6693075305376348, 0.7391114449085773, -0.07577401646190166], [0.7302732851597021, -0.6356408457607003, 0.2503230796044953], [0.13685159314991494, -0.22287886217803876, -0.9651925477574687]], "T": [0.07774192812834829, 0.05317060535660945, 0.08971876631423734], "aligned_model": [[0.12808097729622558, -0.21862923432927567, 0.1857541345904278, 0.6409744650486695, 0.597658045086148, -0.2846322062977667, -0.42052549775427484, 0.3320376138031479, -0.7091465240620622, -0.11072404281697662, -0.04181995432487437, 0.661789162519766, 0.12026596590514027], [-0.6029025494551601, -0.026520222765499833, 0.38010902741053443, -0.21499500572489982, 0.3533099287013047, -0.5571455330779774, 0.5295452207875129, -0.7103495438082807, 0.051029078268308416, -0.1478680902152672, 0.5185996618967215, 0.04562423826095039, -0.07760930611506373], [0.6221365445689531, 0.6312462407861804, 0.4482495777176647, 0.2646980514977758, -0.11607819958984542, 0.06890864101190715, 0.27478850633982477, -0.08548406899134203, -0.17553295817936562, -0.5488485170357975, -0.39682294663936024, -0.6646125354139086, 0.04746140340910317]], "inverted": true, "swapped": true, "error_lsq": 0.04338668238474766, "error_max": 0.2200988291721642, "target": "161.xyz", "model": "6.xyz", "model_rescale": 4.08911054899281, "target_rescale": 3.9051639677796115},
{"mapping": [9, 3, 10, 5, 4, 1, 0, 6, 2, 11, 13, 12, 7, 14], "R": [[0.3383167285243711, 0.5850617907897481, 0.7370512140675576], [0.9409613433096036, -0.21994183075171092, -0.25732730419170935], [0.011556019970290043, 0.7805948321911178, -0.6249305292262233]], "T": [0.06607852769090136, -0.0988982411175167, -0.04467203714101457], "aligned_model": [[-0.28361922042008736, -0.703089375571872, 0.4860649761225223, 0.33706778443049923, -0.2420027777472993, -0.06334903363393746, -0.761528044221338, -0.3094866374251585, -0.1272385180813352, 0.43704331869767044, 0.571395665944631, 0.7728664794834145, 0.19780397978486555, 0.03276883688251261], [-0.3376419685721718, -0.2828691404216904, -0.6843558651613822, -0.3336303434578962, -0.5277880264286653, 0.31834445521911553, 0.2955420160496945, 0.12707689509356468, 0.6837677780552393, -0.24435112569864403, 0.41137549006276203, -0.1117354167202581, 0.39417896791170903, -0.13084279487069042], [-0.7044221606536604, -0.013257373919264334, -0.03346257307315996, 0.6276127927085919, 0.4222208317245379, -0.633826598846716, -0.254768274035978, 0.19413543975032027, -0.03046057917848051, -0.4756704653950979, -0.18669256877655432, 0.046365955667953665, 0.5374037618268184, -0.20352660103451958]], "inverted": false, "swapped": false, "error_lsq": 0.043517314812313676, "error_max": 0.27876039786860823, "target": "161.xyz", "model": "7.xyz", "model_rescale": 3.964800864290218, "target_rescale": 3.9051639677796115},
{"mapping": [5, 3, 9, 11, 10, 1, 0, 6, 2, 8, 7, 12, 4, 13], "R": [[0.8451068783335502, 0.1037216254478924, 0.5244389274336617], [0.4971429758287617, 0.2082479201905338, -0.8423073461156806], [-0.1965788029708332, 0.9725608608980544, 0.1244272722187149]], "T": [-0.024088500775615466, 0.018488059094120535, -0.04194407732051819], "aligned_model": [[-0.26409306167637797, -0.7357662447136027, 0.45716796584939084, 0.2234920860587263, -0.09988134823939976, -0.04018735126366673, -0.583766517919098, -0.3394354250308597, 0.015861412817511085, 0.3959032493878685, 0.4870689956979946, 0.7082256084256884, 0.11284323673123786, 0.0072648281196757425], [-0.5768033691227499, -0.12086137898246062, -0.4688716461136845, -0.3129484660845508, -0.7992905446095936, 0.3508800755987227, 0.4497346901825545, 0.022506805213512674, 0.6775287539065338, -0.3723884566072204, 0.35002845962923734, 0.062370032109130266, 0.3560504483277656, -0.040864482386510484], [-0.5777580834893861, -0.049639439136881416, 0.026826976619275633, 0.676378278794013, -0.016891879712975802, -0.7145333022932073, -0.16003824662603144, 0.4449296128917624, 0.009806234168065586, -0.5536862591612122, -0.4102539218448788, 0.13823737343837808, 0.5600482213445641, -0.081773978226695]], "inverted": false, "swapped": false, "error_lsq": 0.057354768886765495, "error_max": 0.4021355532326709, "target": "161.xyz", "model": "8.xyz", "model_rescale": 4.121658175737393, "target_rescale": 3.9051639677796115},
{"mapping": [5, 1, 7, 8, 0, 9, 4, 11, 3, 2, 10, 12, 13], "R": [[-0.04093463456044555, -0.07025147894793347, -0.9966890615427817], [-0.23811691661984885, -0.9680980633845024, 0.07801585537973471], [-0.9703734794978986, 0.24052207669318798, 0.02290067488825359]], "T": [-0.0015236896630053606, 0.022499824558615177, -0.13775230345609546], "aligned_model": [[-0.5832651877049823, -0.27399659832160805, 0.2698335438418455, 0.06844556363120685, -0.7352203450636244, -0.5743382926356845, 0.22937330066497108, 0.12288557812879625, 0.6698251540736851, 0.006427450611038374, -0.25587067686342013, 0.5447012266313546, -0.012063220558380857], [0.28988656832460474, -0.31928837756842077, 0.11675874733251679, 0.7009574240947092, -0.5767964779976018, 0.026935147394695866, -0.5783528650533156, 0.05808362498598238, -0.26685226127756956, -0.5723732671429986, 0.6860018225926916, 0.3052319569215502, -0.07980460319513474], [-0.37800893201292707, -0.5978480676177569, -0.5434371794221766, -0.34811769942450616, -0.25052194484896895, 0.2566686813041491, -0.21140052882068433, 0.5604525308758743, 0.2888632088886147, 0.43179851216127496, 0.29193270720006, -0.04215218954424438, -0.037153664779619885]], "inverted": true, "swapped": true, "error_lsq": 0.05116079807533768, "error_max": 0.35674162961773564, "target": "161.xyz", "model": "9.xyz", "model_rescale": 3.833441315466971, "target_rescale": 3.9051639677796115},
{"mapping": [4, 6, 3, 9, 7, 1, 12, 11, 10, 5, 13, 2, 8, 14], "R": [[-0.6411162204240504, -0.16356333828165362, 0.7498113271212578], [0.6393052736597988, -0.6543391371171412, 0.40389238753356693], [0.4245689095776447, 0.7383002966320389, 0.5240743392049387]], "T": [-0.05498533739188087, 0.03039113586590327, -0.09773971177731822], "aligned_model": [[-0.04594337607873798, -0.520922594315615, 0.24947579840352774, 0.42108547700316984, -0.2512050934060113, -0.28465339059658523, -0.6026695076235858, -0.43544826945035997, -0.0580060093433311, 0.37381508391470497, 0.6378755821590606, 0.6338908993749756, 0.23352432575301624, -0.006121491549140781], [-0.6364440676447478, -0.2860218027703677, -0.7626820764884047, -0.26442185902586335, -0.36164973903469466, 0.27285287046757056, 0.2629795846448227, 0.16228622807906076, 0.776311292682291, -0.04746108528156885, 0.365110676398861, -0.16449903608705893, 0.2930211464614688, -0.032311211340682836], [-0.5349600616979949, -0.47723265363376555, 0.082981472326319, 0.489075424579009, 0.4039730910678404, -0.7565825044865782, -0.19242191962545396, 0.45288604408878574, 0.24772828777668843, -0.6149480177979294, -0.306529358932258, -0.03357113518633101, 0.5770543413850753, -0.04580142309861625]], "inverted": false, "swapped": false, "error_lsq": 0.050847770285215664, "error_max": 0.28002689872918024, "target": "161.xyz", "model": "10.xyz", "model_rescale": 4.2482417240324, "target_rescale": 3.9051639677796115},
{"mapping": [10, 5, 0, 1, 11, 2, 9, 4, 7, 3, 12, 13], "R": [[0.7455459762683398, 0.6661435033924009, -0.020347731032889477], [-0.5883791258503116, 0.6435592697371657, -0.4895318892564504], [-0.313003516807258, 0.376940710488354, 0.8717479562596198]], "T": [-0.02725230432756348, -0.05813598507715118, -0.149392097409345], "aligned_model": [[-0.8016897719716731, -0.0789675774314064, 0.5719873861725495, 0.5292810319645753, -0.4572487094008597, 0.1414168419164792, -0.22057188791730017, 0.49620062132996207, 0.1082859060282717, -0.06759911044026162, -0.34526986407817434, 0.0009407361908445426], [-0.21560177988785564, -0.6406938631771584, -0.16888835384703663, -0.33596164861089334, 0.4802793797769123, 0.662533290012451, -0.04600418682085395, 0.31013402952798574, -0.2704631897380752, 0.7108542531533856, 0.11780614117687482, 0.06213731848490287], [0.10557384511893098, 0.20500025301996377, 0.5846579952714428, -0.023565551946190505, 0.022205833705770284, 0.2118721583368327, 0.5185783456181956, -0.25006814629423024, -0.5779317839961683, -0.5007620501374181, -0.6547115008867009, -0.07565710795607178]], "inverted": true, "swapped": true, "error_lsq": 0.04547922555804706, "error_max": 0.24442803691075515, "target": "161.xyz", "model": "11.xyz", "model_rescale": 3.6694154284099745, "target_rescale": 3.9051639677796115},
{"mapping": [4, 3, 11, 9, 8, 0, 1, 2, 12, 6, 5, 7, 10, 13], "R": [[0.28803290577930574, 0.6786617381713986, -0.6756147499355725], [0.9166153658201726, 0.008854265124587646, 0.3996722071040908], [0.277224306890073, -0.7343976083371186, -0.6195214576897552]], "T": [0.0897816379867988, -0.0008801059505341678, -0.061124433142533095], "aligned_model": [[-0.29158793071753264, -0.6815352432718127, 0.26763340617458764, 0.41369598050584133, -0.25288680301652644, -0.03841177547239835, -0.687306188115705, -0.4432663761380402, -0.0025397348889571597, 0.4449039938649756, 0.6408845136350683, 0.7643751443253759, 0.18134122804644429, 0.029397219313767486], [-0.4016341183747476, -0.38238915076012164, -0.71672500078465, -0.4286190495637324, -0.49361796048185663, 0.261766452105917, 0.2604974445065883, 0.11796841745144128, 0.6621385353893304, -0.16791926772970098, 0.4780098879953494, 0.12143459110654284, 0.23414699630496502, 0.0320131438953615], [-0.5526853381608818, -0.08887363164062417, -0.09216447179401113, 0.536207268441445, 0.39972868615179263, -0.7132908986344634, -0.27157580696052797, 0.29671410099689227, 0.05571539573728327, -0.46836007038627553, -0.39507171435230976, 0.2254554589629739, 0.5218917673029908, -0.16203915889949314]], "inverted": true, "swapped": false, "error_lsq": 0.04833119027017346, "error_max": 0.2836010882165739, "target": "161.xyz", "model": "12.xyz", "model_rescale": 3.9764082729961374, "target_rescale": 3.9051639677796115},
{"mapping": [14, 6, 11, 10, 13, 4, 5, 9, 0, 3, 7, 8, 1, 15], "R": [[-0.9933813988095926, 0.011007644801907, 0.11433384562329868], [-0.11474899585742734, -0.05086207363593992, -0.992091587211163], [-0.005105335327808217, -0.9986450226288457, 0.051788554042600576]], "T": [-0.028540795944877954, -0.004376288074897709, 0.02702229594686121], "aligned_model": [[-0.02923996838948121, -0.569351247442823, 0.38723319349306723, 0.36535716683567365, -0.3147883343306855, -0.24886084571917244, -0.7535271605415351, -0.2805808108932812, -0.01456370171263175, 0.5600671352826494, 0.3615877792626229, 0.6628629800741059, 0.2286993878078778, -0.010198139481298947], [-0.658556720564103, -0.3023023018673469, -0.680890621568936, -0.39402681188476096, -0.5370391394919254, 0.3666510628259883, 0.41189837882944896, 0.4351908086665308, 0.7176388140105991, -0.2560207600795216, 0.4631925711155994, -0.1304972154928643, 0.14534280402952882, -0.0035099474675505974], [-0.4321677654451493, -0.4228920865255843, 0.024776180770972628, 0.6093999768123765, 0.12090083276570071, -0.5471392687108153, -0.035699938366947646, 0.3506821866419279, -0.04785605005219048, -0.5194749230023078, -0.42042910436925435, 0.1025680888308583, 0.5880341136327906, -0.07905065621758595]], "inverted": false, "swapped": false, "error_lsq": 0.05092183742482326, "error_max": 0.3595329678411513, "target": "161.xyz", "model": "13.xyz", "model_rescale": 4.170626492500431, "target_rescale": 3.9051639677796115},
{"mapping": [4, 8, 5, 11, 12, 0, 7, 10, 1, 2, 3, 11, 9, 13], "R": [[-0.9936793993699911, 0.04432937936755006, -0.10313174774327102], [-0.03951507797544722, -0.9980525909372562, -0.048265767745101794], [-0.10507049957189785, -0.043885440049264736, 0.9934959779845081]], "T": [0.04082063270309322, -0.023276277997065983, -0.1642913286120411], "aligned_model": [[-0.18029041239291532, -0.6562250223167075, 0.4037568680718623, 0.4775222156101492, -0.22337082218842608, -0.1904158590681413, -0.6514402706746367, -0.28038567344891846, 0.004936745091820183, 0.2798546261223342, 0.6492501461492216, 0.4775222156101492, 0.12364491345045635, 0.1103377642288402], [-0.5577423530387315, -0.2781771318987764, -0.791135123553586, -0.1348755489145709, -0.6245960356970425, 0.35113092452113775, 0.3933636228347718, -0.025501986882889575, 0.7421366159446955, -0.014969256022787047, 0.3011318651404493, -0.1348755489145709, 0.4265841756491519, -0.07540329810656504], [-0.5748020482761299, -0.19092218107904452, 0.1611159711112144, 0.38022403512740244, 0.15870022754402413, -0.5670410500318168, -0.09635137292841303, 0.2995511662964837, -0.10371147805968883, -0.7772561812849439, -0.1711095588560438, 0.38022403512740244, 0.5043432122455034, -0.11131319017115894]], "inverted": false, "swapped": false, "error_lsq": 0.05632603589681946, "error_max": 0.3772555480222074, "target": "161.xyz", "model": "14.xyz", "model_rescale": 3.9786697098870705, "target_rescale": 3.9051639677796115},
{"mapping": [10, 11, 5, 8, 9, 0, 3, 4, 1, 12, 2, 13], "R": [[-0.8376580721489133, 0.39183261542777353, -0.38052090041257475], [-0.11638168160883426, -0.8087202562870797, -0.576564698240241], [-0.5336518137790465, -0.438678411319717, 0.723033189481882]], "T": [0.14686543516605252, -0.09068471788726816, 0.04238132153631548], "aligned_model": [[-0.0019249035617771026, -0.5209498140845452, 0.6433041272005356, 0.4510184753830695, 0.014578222812454411, 0.4058109148462612, -0.5561863045066803, -0.0020165433816894673, 0.5937586067702673, -0.09062566280113812, -0.49253276166434634, 0.039120239754925096], [-0.39614437276753367, -0.13090345531487413, 0.05194086581528616, -0.6746032741007462, 0.30774847753368983, 0.8242811148231312, -0.25583965414507204, 0.21547403989986624, 0.3007522122390864, -0.6456242351238176, 0.41370706754295017, 0.003885703822472636], [-0.7153206871830801, -0.19560840403597007, -0.4057800966781432, -0.2332707389168721, -0.5121051408061009, -0.03487536716593996, 0.48382983870485924, 0.5936184822482097, 0.26556823014073033, 0.19429777958755934, 0.1651991545788231, 0.054413443399754874]], "inverted": false, "swapped": true, "error_lsq": 0.05602113638105969, "error_max": 0.29486391404084344, "target": "161.xyz", "model": "15.xyz", "model_rescale": 3.769337070930944, "target_rescale": 3.9051639677796115},
{"mapping": [11, 10, 2, 9, 3, 12, 4, 8, 1, 5, 13], "R": [[0.5458522575752479, 0.01650194963187207, -0.8377189257491755], [0.22466519066592924, 0.9603119605390333, 0.16530726102842466], [0.8071993960621173, -0.2784396238038423, 0.5204810379763396]], "T": [0.08176779686440787, 0.05090828810249055, 0.10659736551660245], "aligned_model": [[-0.2052493367356682, -0.49895648494917394, -0.09642500532635619, -0.5988934368943435, 0.45520954227945043, 0.41316196743549627, 0.4362225533981014, 0.1098077971516795, 0.1835985725717556, -0.31586753907048426, 0.04001750083071359], [-0.001955854293484695, -0.5242690599521218, 0.6357214269250665, 0.19150125154178207, 0.17672974459683793, -0.3536879358882047, 0.5769243906127403, -0.6277990982562328, 0.4406097379370897, -0.07211169354434735, 0.1544015879462172], [-0.5407513897294507, -0.03998648923105741, -0.44527786072624675, 0.08133755205683937, -0.6424987022907843, -0.2309204841968656, -0.025426576729979167, 0.32574127412867215, 0.5970176407716793, 0.6491785231169701, 0.01580412005400056]], "inverted": true, "swapped": true, "error_lsq": 0.05442544241562494, "error_max": 0.2766517639530809, "target": "161.xyz", "model": "16.xyz", "model_rescale": 3.7852294659196426, "target_rescale": 3.9051639677796115},
{"mapping": [11, 4, 0, 2, 12, 7, 6, 1, 9, 10, 8, 5, 13], "R": [[-0.4053674573219758, 0.044283217647203374, 0.9130806214015972], [0.24553057034670897, -0.956850171309394, 0.15541070970304294], [0.8805634352898923, 0.28718764997818774, 0.37700303729608076]], "T": [-0.1083265762966974, 0.056595526412133834, -0.03676974335477132], "aligned_model": [[0.0812557898499365, -0.42167751179186985, 0.42672384107326966, 0.05226446661826073, -0.5221256250739048, -0.5122299822539733, -0.20670663391875782, -0.10222331381603267, 0.5733955235298743, 0.3851600783771203, -0.17571555029114988, 0.3445522940723043, -0.06890752615879442], [-0.24880358421963145, -0.46047551141554033, -0.3466541075712587, -0.7324110355956425, 0.20757575310883014, 0.30160198457124077, 0.6333351334919691, -0.003673502369737229, -0.06686518632054662, 0.46558819242269583, 0.744576153926756, 0.4604244704200084, -0.07916313674626957], [-0.6491615894153234, 0.1960610297828759, 0.6424169879555284, -0.20998784136090215, -0.47655812201992465, 0.11793508980165895, 0.5419482777952662, 0.5949573873135231, -0.09773354988157681, -0.5647398376632818, -0.2145206728722751, 0.2786109814940686, -0.06347344378646347]], "inverted": true, "swapped": true, "error_lsq": 0.049618238471916085, "error_max": 0.28174147907118924, "target": "161.xyz", "model": "17.xyz", "model_rescale": 3.901054581598922, "target_rescale": 3.9051639677796115},
{"mapping": [10, 4, 5, 2, 8, 11, 6, 1, 7, 9, 12, 13, 0, 14], "R": [[-0.057614571400975145, 0.9981657814625091, -0.01859123125617862], [0.9278593407927671, 0.04666507131583347, -0.36999920921901996], [-0.3684529886781947, -0.038567393435737396, -0.9288460320729585]], "T": [0.026511526640492392, -0.043662477303511846, -0.01903483368542977], "aligned_model": [[-0.27756520398732576, -0.6688249186755614, 0.3412462992318658, 0.49544175095309373, -0.17795222195359292, 0.0003351718339624464, -0.4837793404093721, -0.5082721994002051, -0.07710449358009996, 0.3917978001464882, 0.47259943374723534, 0.743451823002993, 0.03423445638653026, 0.05908907694907595], [-0.4515848986532344, -0.41954243702282285, -0.5825393645615798, -0.33602582825721733, -0.5518562653934105, 0.3163925684477991, 0.41608740784840664, 0.22677601194503816, 0.60797685746379, -0.2683258480654053, 0.4885131590233513, -0.15958925232735172, 0.3133284775893147, -0.02253966697599142], [-0.6621447684397745, -0.04723862077958019, -0.044328514645941425, 0.5960799667651545, 0.35560085788381557, -0.7306570307849442, -0.32228228936879744, 0.33671077673137695, 0.04659230654571478, -0.51931668380624, -0.2831745226956869, -0.026767400193430498, 0.6502949303175846, -0.05771742076446049]], "inverted": false, "swapped": false, "error_lsq": 0.04662424750454087, "error_max": 0.29040674358442486, "target": "161.xyz", "model": "18.xyz", "model_rescale": 3.9405287249114394, "target_rescale": 3.9051639677796115},
{"mapping": [5, 6, 11, 14, 10, 8, 0, 1, 4, 9, 7, 13, 12, 15], "R": [[-0.10161767958653042, 0.7415509696542442, 0.663156095199539], [-0.9947627714492269, -0.0831092077634689, -0.0594969589439846], [0.010994350099158667, -0.6657289380744833, 0.7461126625893159]], "T": [0.02015491070348207, 0.0018063040749392127, 0.054855798905293136], "aligned_model": [[-0.18999508337174023, -0.6228323885439216, 0.4099344301636165, 0.4040151709477017, -0.0715225407110858, -0.2595143760725612, -0.4308043920698069, -0.5948516769737641, 0.09344560652301631, 0.45844460818263977, 0.39083382853069715, 0.6841214078086754, 0.07197893198673597, 0.001443907844884896], [-0.4681462711970929, -0.0773749940242001, -0.5958750917615276, -0.3454540037249787, -0.7194557412412692, 0.16735831307140467, 0.4834413792365278, 0.07483168832486284, 0.7277128528580904, -0.21257841954896226, 0.3375663996535519, -0.04408416890782482, 0.2824971650653222, -0.033368186743216996], [-0.5980180018741813, -0.31740904046324725, -0.04545410678809091, 0.6308771017302252, 0.3536539646207732, -0.628261890726128, -0.1383736490892381, 0.28278915396369503, 0.006346161140190348, -0.5375555263720576, -0.4406115027775005, 0.1463566217608539, 0.5224731356068992, 0.05483916603259758]], "inverted": false, "swapped": false, "error_lsq": 0.04940056909745715, "error_max": 0.287772464090405, "target": "161.xyz", "model": "19.xyz", "model_rescale": 4.410303926677745, "target_rescale": 3.9051639677796115},
{"mapping": [5, 3, 9, 11, 10, 1, 0, 6, 2, 8, 7, 12, 4, 13], "R": [[0.8451068783335502, 0.1037216254478924, 0.5244389274336617], [0.4971429758287617, 0.2082479201905338, -0.8423073461156806], [-0.1965788029708332, 0.9725608608980544, 0.1244272722187149]], "T": [-0.024088500775615466, 0.018488059094120535, -0.04194407732051819], "aligned_model": [[-0.26409306167637797, -0.7357662447136027, 0.45716796584939084, 0.2234920860587263, -0.09988134823939976, -0.04018735126366673, -0.583766517919098, -0.3394354250308597, 0.015861412817511085, 0.3959032493878685, 0.4870689956979946, 0.7082256084256884, 0.11284323673123786, 0.0072648281196757425], [-0.5768033691227499, -0.12086137898246062, -0.4688716461136845, -0.3129484660845508, -0.7992905446095936, 0.3508800755987227, 0.4497346901825545, 0.022506805213512674, 0.6775287539065338, -0.3723884566072204, 0.35002845962923734, 0.062370032109130266, 0.3560504483277656, -0.040864482386510484], [-0.5777580834893861, -0.049639439136881416, 0.026826976619275633, 0.676378278794013, -0.016891879712975802, -0.7145333022932073, -0.16003824662603144, 0.4449296128917624, 0.009806234168065586, -0.5536862591612122, -0.4102539218448788, 0.13823737343837808, 0.5600482213445641, -0.081773978226695]], "inverted": false, "swapped": false, "error_lsq": 0.057354768886765495, "error_max": 0.4021355532326709, "target": "161.xyz", "model": "20.xyz", "model_rescale": 4.121658175737393, "target_rescale": 3.9051639677796115},
{"mapping": [3, 12, 7, 4, 1, 11, 8, 2, 10, 9, 5, 0, 13], "R": [[0.6693075305376348, 0.7391114449085773, -0.07577401646190166], [0.7302732851597021, -0.6356408457607003, 0.2503230796044953], [0.13685159314991494, -0.22287886217803876, -0.9651925477574687]], "T": [0.07774192812834829, 0.05317060535660945, 0.08971876631423734], "aligned_model": [[0.12808097729622558, -0.21862923432927567, 0.1857541345904278, 0.6409744650486695, 0.597658045086148, -0.2846322062977667, -0.42052549775427484, 0.3320376138031479, -0.7091465240620622, -0.11072404281697662, -0.04181995432487437, 0.661789162519766, 0.12026596590514027], [-0.6029025494551601, -0.026520222765499833, 0.38010902741053443, -0.21499500572489982, 0.3533099287013047, -0.5571455330779774, 0.5295452207875129, -0.7103495438082807, 0.051029078268308416, -0.1478680902152672, 0.5185996618967215, 0.04562423826095039, -0.07760930611506373], [0.6221365445689531, 0.6312462407861804, 0.4482495777176647, 0.2646980514977758, -0.11607819958984542, 0.06890864101190715, 0.27478850633982477, -0.08548406899134203, -0.17553295817936562, -0.5488485170357975, -0.39682294663936024, -0.6646125354139086, 0.04746140340910317]], "inverted": true, "swapped": true, "error_lsq": 0.04338668238474766, "error_max": 0.2200988291721642, "target": "161.xyz", "model": "21.xyz", "model_rescale": 4.08911054899281, "target_rescale": 3.9051639677796115},
{"mapping": [1, 2, 0, 7, 4, 11, 15, 14, 9, 8, 5, 6, 12, 16], "R": [[-0.10338764567370895, 0.4422521172297778, -0.8909119257972846], [0.24031675894700935, 0.8802815384806412, 0.4090871158804203], [0.9651729638211239, -0.1718065127285175, -0.19729083124365698]], "T": [0.02135515776431341, -0.012711554482762209, 0.014470677001708586], "aligned_model": [[-0.14929096352341925, -0.5882363189440688, 0.26492086929274805, 0.5195103185202495, -0.28591630903272847, -0.06441012503196275, -0.5873755035806872, -0.4224469371090432, 0.07736343366230028, 0.3745187549246982, 0.4159459326392883, 0.7004682361835489, 0.06386545034020293, 0.02578059590396148], [-0.4501233174201914, -0.3736562789734083, -0.7459466464232986, -0.18710757479905313, -0.5757060336743357, 0.2606619738696114, 0.20280592371538111, 0.3395067115857709, 0.6885242741351675, -0.08187472383426558, 0.507788982061677, -0.2957418194969582, 0.3392900326239295, -0.051350582309339546], [-0.6254896594250593, -0.12470894348964803, 0.07034054628627823, 0.4911504981809786, 0.2881742538142197, -0.6953210252049994, -0.3239169947946561, 0.3158086593085525, 0.12707173053132342, -0.5781961330240138, -0.25218709203697054, -0.10495890207027814, 0.6619714598070788, 0.04191318888198507]], "inverted": false, "swapped": false, "error_lsq": 0.04892220437965949, "error_max": 0.2829001362600721, "target": "161.xyz", "model": "22.xyz", "model_rescale": 4.204369325754507, "target_rescale": 3.9051639677796115},
{"mapping": [5, 6, 11, 14, 10, 8, 0, 1, 4, 9, 7, 13, 12, 15], "R": [[-0.10161767958653042, 0.7415509696542442, 0.663156095199539], [-0.9947627714492269, -0.0831092077634689, -0.0594969589439846], [0.010994350099158667, -0.6657289380744833, 0.7461126625893159]], "T": [0.02015491070348207, 0.0018063040749392127, 0.054855798905293136], "aligned_model": [[-0.18999508337174023, -0.6228323885439216, 0.4099344301636165, 0.4040151709477017, -0.0715225407110858, -0.2595143760725612, -0.4308043920698069, -0.5948516769737641, 0.09344560652301631, 0.45844460818263977, 0.39083382853069715, 0.6841214078086754, 0.07197893198673597, 0.001443907844884896], [-0.4681462711970929, -0.0773749940242001, -0.5958750917615276, -0.3454540037249787, -0.7194557412412692, 0.16735831307140467, 0.4834413792365278, 0.07483168832486284, 0.7277128528580904, -0.21257841954896226, 0.3375663996535519, -0.04408416890782482, 0.2824971650653222, -0.033368186743216996], [-0.5980180018741813, -0.31740904046324725, -0.04545410678809091, 0.6308771017302252, 0.3536539646207732, -0.628261890726128, -0.1383736490892381, 0.28278915396369503, 0.006346161140190348, -0.5375555263720576, -0.4406115027775005, 0.1463566217608539, 0.5224731356068992, 0.05483916603259758]], "inverted": false, "swapped": false, "error_lsq": 0.04940056909745715, "error_max": 0.287772464090405, "target": "161.xyz", "model": "23.xyz", "model_rescale": 4.410303926677745, "target_rescale": 3.9051639677796115},
{"mapping": [12, 5, 14, 9, 15, 0, 2, 4, 3, 7, 1, 11, 10, 16], "R": [[-0.9476091490188852, -0.3147577372541719, 0.054446924011720806], [-0.19165022821316915, 0.696581790559667, 0.6914072599318931], [-0.25555252047582033, 0.644749079797189, -0.7204106699509201]], "T": [0.08979938524247841, -0.16688289649026425, -0.02551452523139406], "aligned_model": [[-0.31160043174472796, -0.5237816096427652, 0.385214508558663, 0.2827952643246187, -0.16952274392681008, -0.19182736999803743, -0.5958005361549364, -0.41293356786908386, -0.16010089943964848, 0.4505662625077199, 0.5412537919830617, 0.7100971979545102, 0.26664992369351403, 0.0736876439990102], [-0.3627283213888864, -0.29544200068521753, -0.7549928425549176, -0.31686543881877083, -0.6750564334095929, 0.20687113632898788, 0.3907946698964151, 0.20365879488247499, 0.6960227592367695, -0.0654133251022373, 0.5219811754308337, -0.17191604827256368, 0.24996884680757234, -0.04981205129018071], [-0.6938696638011614, -0.07643557070532613, 0.13262018402166464, 0.5512677658302972, 0.40323467947079045, -0.6182877573954413, -0.2532038550368749, 0.26404169694576396, -0.0723617414149739, -0.5745883663792984, -0.2663268144135069, 0.10068681207755939, 0.44218458470441513, -0.04731036713911719]], "inverted": true, "swapped": false, "error_lsq": 0.034934128115115565, "error_max": 0.24394587998033987, "target": "161.xyz", "model": "24.xyz", "model_rescale": 4.28219845311461, "target_rescale": 3.9051639677796115},
{"mapping": [7, 4, 9, 5, 3, 2, 0, 1, 6, 13, 14, 11, 8, 15], "R": [[-0.10964047549759555, 0.03789374140628804, 0.9932487253930381], [-0.549982371930972, 0.8300516491272099, -0.09237775893786188], [-0.8279482814148739, -0.556397631324427, -0.07016636771790147]], "T": [0.1081238195960049, -0.06082210495332477, -0.09794021513212503], "aligned_model": [[-0.08059266439819099, -0.5691002570960498, 0.38036618849500836, 0.31608784194863426, -0.35935294476416046, -0.06976300099765109, -0.554247485476069, -0.28842238860644953, -0.029598488583251176, 0.2083112561112225, 0.5740875587998077, 0.6324195619505499, 0.13838567092189355, 0.0461165859397942], [-0.7154571744241107, -0.20986760000793128, -0.6693298560719565, -0.248916388471271, -0.596267115370282, 0.38044593169789187, 0.4153232570558326, -0.08534976628699141, 0.8144869638067467, -0.20149948286184835, 0.47077657253544736, -0.054013814250437046, 0.29743806447887633, -0.020698670769279878], [-0.47395220993823844, -0.329891855303591, 0.013756218488979816, 0.7062066538096914, 0.20997123392873668, -0.5903006758486415, -0.10813925871927448, 0.4040825905614289, 0.0665703770410741, -0.6663492314630557, -0.38153370013138954, 0.04884089051569329, 0.49592839683651935, -0.10353784301314206]], "inverted": false, "swapped": false, "error_lsq": 0.045703318433518304, "error_max": 0.32934993877355456, "target": "161.xyz", "model": "25.xyz", "model_rescale": 4.100010024507729, "target_rescale": 3.9051639677796115},
{"mapping": [10, 5, 0, 1, 11, 2, 9, 4, 7, 3, 12, 13], "R": [[0.7455459762683398, 0.6661435033924009, -0.020347731032889477], [-0.5883791258503116, 0.6435592697371657, -0.4895318892564504], [-0.313003516807258, 0.376940710488354, 0.8717479562596198]], "T": [-0.02725230432756348, -0.05813598507715118, -0.149392097409345], "aligned_model": [[-0.8016897719716731, -0.0789675774314064, 0.5719873861725495, 0.5292810319645753, -0.4572487094008597, 0.1414168419164792, -0.22057188791730017, 0.49620062132996207, 0.1082859060282717, -0.06759911044026162, -0.34526986407817434, 0.0009407361908445426], [-0.21560177988785564, -0.6406938631771584, -0.16888835384703663, -0.33596164861089334, 0.4802793797769123, 0.662533290012451, -0.04600418682085395, 0.31013402952798574, -0.2704631897380752, 0.7108542531533856, 0.11780614117687482, 0.06213731848490287], [0.10557384511893098, 0.20500025301996377, 0.5846579952714428, -0.023565551946190505, 0.022205833705770284, 0.2118721583368327, 0.5185783456181956, -0.25006814629423024, -0.5779317839961683, -0.5007620501374181, -0.6547115008867009, -0.07565710795607178]], "inverted": true, "swapped": true, "error_lsq": 0.04547922555804706, "error_max": 0.24442803691075515, "target": "161.xyz", "model": "26.xyz", "model_rescale": 3.6694154284099745, "target_rescale": 3.9051639677796115},
{"mapping": [4, 2, 5, 1, 0, 10, 11, 6, 12, 8, 9, 7, 3, 13], "R": [[0.44759103338338924, 0.764077695601047, -0.464593953813202], [0.7916991526701188, -0.09702444553792011, 0.603157283492022], [0.4157820564865755, -0.6377864313804842, -0.6483469360232538]], "T": [0.07031470138672422, -0.048446465492004806, -0.10251492384328374], "aligned_model": [[-0.2235772528681589, -0.6064577423477058, 0.4490818146503086, 0.13452406193096508, -0.22239873226055443, -0.1152728842953101, -0.5015817885075683, -0.20461039603331013, -0.2621184952622464, 0.44166169179697146, 0.3351275975516689, 0.6613408817481132, 0.4454958952060011, 0.013482782935913741], [-0.5861910025382276, -0.0808233426009798, -0.7083612030616235, -0.4539881782546702, -0.618007522644617, 0.05657152384981874, 0.5420313112206124, 0.07351267256274374, 0.6125611706769473, -0.20298747396940525, 0.5289790342095647, -0.00734341005150628, 0.4744008541546815, -0.053283512492651786], [-0.6502273503867351, -0.04719364915007963, 0.11434104856592277, 0.6791881725582672, 0.06135206816780005, -0.6650264258127554, -0.34837234044954324, 0.514520400314028, 0.1843472173491898, -0.5990787987295757, -0.3501385450700962, 0.10991651846064131, 0.38605541139634236, -0.09803214044861593]], "inverted": false, "swapped": false, "error_lsq": 0.06147586114819125, "error_max": 0.34859563613810035, "target": "161.xyz", "model": "27.xyz", "model_rescale": 4.103607728864725, "target_rescale": 3.9051639677796115},
