[{"mapping": [0, 3, 2, 5, 11, 4, 6, 10, 1, 8, 7, 12], "R": [[-0.4502464700942297, 0.7939135231054831, 0.40863117110412106], [-0.8887567184506752, -0.44252964065944267, -0.11949482225858901], [0.0859628499787741, -0.41697582060362215, 0.9048433861478254]], "T": [-0.08934719155636871, -0.08070405474900197, 0.023540629700618813], "aligned_model": [[-0.22736266034735003, 0.17269370140291435, 0.3533513751579455, -0.0983076989517199, 0.008538641830851637, -0.603297586259789, 0.3093064363696809, -0.22836289804357585, 0.6752616884827366, 0.1652401078996638, -0.564794802313922, -0.12462384276688743], [-0.4301855491848363, -0.6525767595168676, -0.1587756452199925, 0.5748952568417971, 0.3284160771803919, -0.4835462529826109, -0.17680220984083017, -0.5327924598734554, 0.10041590827483163, 0.44151301050963554, 0.07778298427868, -0.034789324489686545], [-0.6686125270566466, 0.029544088206464057, -0.5783024681409982, -0.04034950008414765, -0.6540035637176294, -0.03819566185855581, 0.45759239025429393, 0.7349458704949329, -0.033675396686544797, 0.5314775818031037, 0.477686605923021, -0.036155673783731315]], "inverted": true, "swapped": true, "error_lsq": 0.0387166539579901, "error_max": 0.22878645306747564, "target": "162.xyz", "model": "0.xyz", "model_rescale": 3.751011558992144, "target_rescale": 3.866288814526797},
{"mapping": [1, 10, 4, 8, 0, 11, 5, 3, 9, 7, 2, 6, 14], "R": [[-0.40887640632580063, -0.0198080437654527, -0.9123747726413117], [-0.6050841153736487, -0.7425226874273537, 0.28728604556808846], [-0.683149542686364, 0.669527968092332, 0.2916144754115706]], "T": [0.03829128426440286, 0.008019720456416947, -0.019656426273103045], "aligned_model": [[-0.294402481491302, 0.6695553035213151, 0.06482995063432984, -0.3533926140812307, -0.615190420166596, 0.765037200452781, 0.034002238489378105, -0.31753825191331764, 0.5208306396261823, 0.00273007441929015, -0.5983500719435929, 0.37142720719084005, 0.07715680094012167], [-0.17717415787828097, -0.5047047077475938, -0.7512499927989057, -0.4887114357990757, 0.2744739177447917, 0.23142549280819122, -0.14688394416119427, 0.6781524656137475, 0.10253792068563064, 0.3929814424323703, 0.14576760905748445, -0.03683355840801867, 0.04544903250728935], [0.5640418134796631, -0.12488544719100406, 0.20029623142917152, -0.2203057081599857, 0.2586749252143823, 0.22254436462176228, -0.6246956859662198, -0.10748201801163751, -0.4583040088342779, 0.5190614003902673, -0.529020151659688, 0.6517111224669303, -0.029265310510897313]], "inverted": true, "swapped": false, "error_lsq": 0.045699184574419904, "error_max": 0.2279907398946899, "target": "162.xyz", "model": "1.xyz", "model_rescale": 3.9405287249114394, "target_rescale": 3.866288814526797},
{"mapping": [11, 8, 9, 3, 6, 2, 4, 1, 1, 0, 7, 5, 12], "R": [[0.4406872059340405, 0.18685377672450612, 0.8779979798666038], [-0.05089954824504541, -0.9713205116890555, 0.2322621354430413], [0.8962165042636177, -0.14704465204794015, -0.4185377495395145]], "T": [-0.025210083003163235, -0.08822968681490712, 0.02486060540063724], "aligned_model": [[-0.256077972670286, 0.3244648846817349, 0.2796138192141494, -0.39087474648727816, -0.4970591666779806, 0.5746543775164814, 0.17601426228009737, 0.21207236341145919, 0.21207236341145919, -0.09872651981983244, -0.5900906419052033, 0.32152356318955433, 0.059108989533843616], [-0.31555122373414396, -0.7309761172964313, -0.7527543518086994, -0.40205785387378334, 0.11030308461684188, 0.1883376699634779, -0.1686297811275953, 0.5839442123550322, 0.5839442123550322, 0.5936957453350395, 0.14106872674563642, 9.103066059101828e-05, -0.06618527013456142], [0.6593991979310742, -0.2306667183586562, 0.36525811617584464, -0.2827120104291962, 0.20734039686338462, 0.19172208595173373, -0.64202792320264, -0.3202562186697608, -0.3202562186697608, 0.5070462820655172, -0.48232973842431953, 0.6573568582269016, 0.012497417808344125]], "inverted": true, "swapped": false, "error_lsq": 0.06184524160706024, "error_max": 0.5048340414289603, "target": "162.xyz", "model": "2.xyz", "model_rescale": 3.932901565614263, "target_rescale": 3.866288814526797},
{"mapping": [0, 6, 2, 1, 3, 5, 10, 8, 12, 7, 11, 4, 13], "R": [[-0.007766531472179261, -0.9457230442602097, 0.3248809082480737], [-0.5677974249942657, 0.2716066165019612, 0.7770688065044421], [-0.8231316815423722, -0.17843141379128905, -0.5390885506237997]], "T": [-0.048817192491291274, 0.06337851431965266, 0.03250514567599087], "aligned_model": [[-0.32048909648164076, 0.4801000065326439, 0.17274227273264206, -0.368497162478642, -0.5244700699734206, 0.6544054082097827, 0.0772054418262999, -0.38657347454758145, 0.5312091768681516, 0.12446742207165987, -0.5335648846286853, 0.37174961969518794, 0.04841091585180119], [-0.2934488206874558, -0.33780432341220956, -0.678855756797304, -0.5913116875666321, 0.17415850128045055, 0.1939674796098197, -0.1969158847365672, 0.7042935253656405, 0.15091480865800497, 0.5369016998341835, 0.2666132671480105, -0.22125359274364373, 0.05797086810413903], [0.530319326587895, -0.12871268202257258, 0.33942458677978343, -0.10148767971080311, 0.18139306564653415, 0.1047836463683024, -0.622865407340277, -0.08554301432382475, -0.45640856673218827, 0.537966106070642, -0.6895918066633021, 0.7433739976126799, -0.03028004500440281]], "inverted": false, "swapped": false, "error_lsq": 0.043948712473536086, "error_max": 0.30391867104196074, "target": "162.xyz", "model": "3.xyz", "model_rescale": 3.9243930471874484, "target_rescale": 3.866288814526797},
{"mapping": [10, 5, 6, 3, 4, 9, 0, 7, 1, 8, 2, 11, 12], "R": [[0.9756145975211487, -0.17554229511176025, 0.13176137419799072], [-0.2166963574358651, -0.8658187437063544, 0.4509995473620547], [0.03491197183882709, -0.46855395172129977, -0.8827447810939913]], "T": [0.04541747728503598, -0.006671433875960801, 0.13933966073093923], "aligned_model": [[-0.2784549341041256, 0.4954238178988886, 0.1061556627889393, -0.4321362211830478, -0.49680326366268523, 0.5782315734399645, 0.025020247374042917, -0.2016286403827794, 0.42900796368463556, -0.05473918966056489, -0.5002223119552969, 0.5550436466625142, 0.10179722477771355], [-0.15470283185750716, -0.43090341562135726, -0.725125865309953, -0.43139234787921765, 0.22824597243008615, 0.34434874051247516, -0.23851654641110898, 0.6244655554570997, 0.30059281308552244, 0.5146229819101, 0.10745913648194516, -0.31772264825725277, -0.056141460484395785], [0.7478797874863661, -0.2978612299893175, 0.17996745308128753, -0.07162948547856376, 0.0829681276613108, 0.44030704748205096, -0.6786787682583557, -0.2890912851086869, -0.378933743241709, 0.47780257310516794, -0.5958242146200754, 0.658629936882033, 0.04683532826695802]], "inverted": true, "swapped": false, "error_lsq": 0.0472976238626351, "error_max": 0.30946903355561534, "target": "162.xyz", "model": "4.xyz", "model_rescale": 3.8936222436046832, "target_rescale": 3.866288814526797},
{"mapping": [9, 5, 0, 4, 2, 1, 8, 6, 10, 7, 3, 12], "R": [[0.7885833656352689, -0.48463229532313457, 0.37850734969506517], [0.43314395934811034, 0.8746851370521281, 0.21751372715381093], [-0.4364889298981073, -0.007579534941543453, 0.8996777004719386]], "T": [-0.0973919732140078, -0.04209729341696522, -0.0490879179613397], "aligned_model": [[0.014814256250993224, -0.4798049807208722, -0.25468632945602054, 0.3796984957570252, -0.6834730893942391, -0.6761220904744105, -0.21294563788524334, -0.013777914427172466, 0.6599284655494813, 0.3746575990828195, 0.05697428757284692, -0.13771501964011082], [-0.5791792260389418, -0.5622049019864315, 0.24605063007547429, -0.014901402465376912, 0.3592833500358787, 0.27064939642668245, -0.37544308478368643, 0.21239512594779208, 0.14393877937448155, -0.5076173691253973, 0.5676421153006916, -0.09169050765135958], [-0.6339611953985134, 0.08214113344394992, -0.7649725711486756, -0.4984021537933647, -0.29341313759183035, 0.3844623253594872, 0.6372452646562313, 0.48458126699265724, 0.2997143784461481, 0.08461847769954299, -0.060435716988957514, -0.10229335240115728]], "inverted": true, "swapped": true, "error_lsq": 0.044452350005745205, "error_max": 0.260948615504099, "target": "162.xyz", "model": "5.xyz", "model_rescale": 3.6523030999806103, "target_rescale": 3.866288814526797},
{"mapping": [9, 6, 8, 5, 7, 4, 1, 3, 2, 11, 0, 10, 12], "R": [[0.02131866985964581, 0.9918179137229768, 0.12586794799955073], [0.996902828263025, -0.030620684856949798, 0.07243703928290518], [0.07569851594712552, 0.12393385202233301, -0.9893988755837099]], "T": [0.05513409297092724, -0.08876875414906443, 0.05221293150437968], "aligned_model": [[-0.06642536295733661, 0.5289154671746642, -0.08981568702725994, -0.51282070837557, -0.5177210036327062, 0.3687078899840507, 0.1523750484351586, -0.19276608522551913, 0.6229979910732886, -0.08445779691627055, -0.5073345522871229, 0.6597919827896576, -0.034751607356835384], [-0.30241181593554234, -0.5264659211981807, -0.7407744137173318, -0.3680409457686356, 0.2297108677504779, 0.38352452584024127, -0.17753239072874455, 0.4852784746005762, 0.21031775775071354, 0.5152767374294622, 0.21591017799420248, -0.11041029082441559, -0.049152679136386844], [0.7320973452142142, -0.028884919804431933, 0.13928349964262282, -0.1994573222051258, 0.24515289218425096, 0.1402023253574643, -0.6297255403499339, -0.2505344611565769, -0.3531134627024782, 0.6768825654088582, -0.7080261768742337, 0.544750769479578, 0.013744013074258238]], "inverted": false, "swapped": false, "error_lsq": 0.05347336623206858, "error_max": 0.36157028948039205, "target": "162.xyz", "model": "6.xyz", "model_rescale": 4.08911054899281, "target_rescale": 3.866288814526797},
{"mapping": [13, 9, 1, 11, 12, 6, 8, 5, 4, 7, 10, 2, 14], "R": [[-0.1874940537836211, -0.5431425170705164, -0.8184388712335753], [-0.039643287654674175, 0.8367206671480594, -0.546193129681467], [0.9814654296202765, -0.06996235643266183, -0.17841210480983583]], "T": [0.08493128673112, -0.019464359425937043, 0.006337614889900173], "aligned_model": [[-0.34623968640641084, 0.33621103985399775, 0.2261797994070026, -0.3393829171823282, -0.6050603579414543, 0.5097468612656142, 0.18449204278724715, -0.16054114215623272, 0.3621604665010282, 0.08067980494110184, -0.4175126368668554, 0.39670229022548587, 0.0992600112500027], [-0.16469032619356794, -0.6816991874378907, -0.6483175994731254, -0.4088489324481548, 0.12404928275942423, 0.1720365033652169, -0.11043761741645758, 0.6876896703957146, 0.45662152936504824, 0.5289837863411465, 0.06986218775554309, -0.08278177742743348, -0.17723743552902782], [0.5798317585842061, -0.3296100389883112, 0.3563926377140266, -0.10710035761824484, 0.11272033341093271, 0.18522896078636, -0.6622134268930788, -0.13571059645565156, -0.4333619394428927, 0.5526667472310999, -0.5024312620179646, 0.7472352388900009, -0.04127652793201604]], "inverted": false, "swapped": false, "error_lsq": 0.05064846721498562, "error_max": 0.28478152997461353, "target": "162.xyz", "model": "7.xyz", "model_rescale": 3.964800864290218, "target_rescale": 3.866288814526797},
{"mapping": [3, 2, 0, 6, 10, 7, 4, 9, 12, 5, 11, 1, 13], "R": [[0.8751516356469682, -0.28231921870195104, -0.3929446187135747], [0.27964950063434807, -0.36760648402228163, 0.8869394735266529], [-0.3948490489027376, -0.8860932973769162, -0.24276098723705086]], "T": [0.04568414725001048, -0.037665811419921216, 0.05646214890865594], "aligned_model": [[-0.4079149132227078, 0.5063013130272417, 0.12699365993233225, -0.3517304779099929, -0.583331686774756, 0.7204140583610169, 0.055187549615723364, -0.09041555517325793, 0.3567010447597059, -0.2308662965285293, -0.4198191326855896, 0.6059243848659539, 0.0392516274110583], [-0.41203355400859804, -0.47798183624955237, -0.6684811425213508, -0.3967034119026874, 0.46434165126666216, 0.18571590233429913, -0.35981030641776235, 0.5944458863524387, 0.36363459586833485, 0.3725527050240585, 0.1364402300446021, -0.0726899512975588, 0.03579931556355083], [0.4807961934416542, -0.12398826706114535, 0.3860378666390442, -0.1663818331214861, 0.2221775705215464, 0.015312155299011289, -0.5690184700555958, -0.17969118968357517, -0.5029137621406964, 0.730488367820631, -0.6069586128922032, 0.5544823060853086, 0.08202920241597284]], "inverted": false, "swapped": false, "error_lsq": 0.04662956249704061, "error_max": 0.2603606636814829, "target": "162.xyz", "model": "8.xyz", "model_rescale": 4.121658175737393, "target_rescale": 3.866288814526797},
{"mapping": [10, 2, 3, 0, 5, 8, 1, 9, 6, 7, 4, 11, 12], "R": [[-0.9548777890128498, 0.13286975591890415, 0.26562009715377805], [-0.10622921759724942, 0.682387576212821, -0.723230633449018], [-0.2773513320296261, -0.7188134833129123, -0.6374820898103333]], "T": [0.049594011455083714, 0.007421140297035618, 0.07594041974294075], "aligned_model": [[-0.3595229176954037, 0.45400744198777654, 0.2158964141480019, -0.44255161882386185, -0.5413536274721292, 0.7605652365030212, 0.05261572101636286, -0.1563484969861785, 0.40391835370877227, 0.10286171022019461, -0.5117697835983989, 0.3016586609680828, 0.046718481701958546], [-0.36667160048302555, -0.49844593116273656, -0.6939971525035145, -0.520615577782782, 0.11464338571489732, 0.16074122984002634, -0.222666852002246, 0.7662264687244293, 0.4087173206832158, 0.5372976191832795, 0.15802374049452966, -0.060093144748771664, -0.017929421900864963], [0.5947455760140614, -0.17484780581076892, 0.39693867651912046, -0.23678013615179516, 0.22086172393828957, 0.1155157280002865, -0.5736610740858095, -0.1979062048520377, -0.36405695091730117, 0.4901920096066256, -0.5951165555845125, 0.6546781049977948, -0.008191564405486934]], "inverted": true, "swapped": false, "error_lsq": 0.04097486288176574, "error_max": 0.25343194087329074, "target": "162.xyz", "model": "9.xyz", "model_rescale": 3.833441315466971, "target_rescale": 3.866288814526797},
{"mapping": [8, 12, 11, 7, 2, 0, 6, 5, 1, 13, 4, 10, 14], "R": [[-0.671725456618384, 0.70251761117354, 0.2350615173137592], [0.6772933862336527, 0.7109441972596007, -0.1892934688441588], [-0.3000976172764056, 0.03205236924043597, -0.9533698472948989]], "T": [-0.018102152954055567, -0.07657970497861294, -0.0089379965954959], "aligned_model": [[-0.19214795842603405, 0.4698458977337092, 0.077445438280834, -0.4118575759807215, -0.5346941984103274, 0.4796861293268351, 0.09520095681835529, -0.10643068833941063, 0.5224395352167935, -0.018693092894881996, -0.39619870583412653, 0.452564684850311, -0.11046484666313734], [-0.32956004789050036, -0.3630159750832994, -0.7184279125695456, -0.6128917766436837, 0.333483759989598, 0.3502230423613022, -0.16292339363514158, 0.5807766953195477, 0.2606489613546465, 0.5884738327070216, 0.16907084326460536, -0.2440260058783129, -0.08660193923980161], [0.707489505720359, -0.21601532589375197, 0.20139178556834333, -0.04415170706780506, 0.27677316558968157, 0.17509787651245926, -0.6729686741925486, -0.14128539661050657, -0.3827032208557591, 0.43082328434731715, -0.6666699974425376, 0.6438932278615725, 0.010697003731642545]], "inverted": true, "swapped": false, "error_lsq": 0.0433114206193193, "error_max": 0.20720428803055746, "target": "162.xyz", "model": "10.xyz", "model_rescale": 4.2482417240324, "target_rescale": 3.866288814526797},
{"mapping": [1, 6, 7, 10, 11, 9, 5, 4, 3, 0, 2, 12], "R": [[-0.7968077733736282, 0.5760039125533037, -0.18252907991508294], [-0.0564956872731327, 0.22973984601628755, 0.9716109511898005], [0.6015859120781479, 0.7844992644201131, -0.15051675824772592]], "T": [0.011247026361185405, -0.0030511800870637457, 0.01563231019687971], "aligned_model": [[-0.6688452122542279, -0.03301907702195386, 0.5036737026238997, 0.666190783359645, -0.5767421836050503, 0.28954988432258494, -0.3238450605093767, 0.5544555860324565, 0.09148189619827723, -0.04835364865426599, -0.5650852272404638, -0.01269584088851785], [-0.3906423230926598, -0.5981939876955369, -0.04246973586946519, -0.5485484248445761, 0.5337632998698256, 0.7061291801112463, 0.16195842776120145, 0.2883797791042567, -0.26204521667961794, 0.5607139813187286, 0.18463295883084968, 0.07245345123638701], [-0.07354451949916585, -0.004518420647839812, 0.477562267873054, -0.04170999929995219, 0.06174039879873044, 0.2661013240475417, 0.5582719874869942, -0.20848969076165455, -0.5520157464607326, -0.5310652106595346, -0.4281109783002623, 0.0409708772771782]], "inverted": false, "swapped": true, "error_lsq": 0.04339527507784788, "error_max": 0.2422177595476116, "target": "162.xyz", "model": "11.xyz", "model_rescale": 3.6694154284099745, "target_rescale": 3.866288814526797},
{"mapping": [12, 9, 10, 2, 1, 6, 8, 4, 11, 0, 3, 5, 13], "R": [[-0.0827522480232912, 0.651121850387709, -0.7544484087031915], [-0.5899865674763869, 0.5781130342730734, 0.5636498645444805], [0.8031612015308773, 0.49175772037789756, 0.33631299232145506]], "T": [0.12278331610043092, -0.06015447331231109, 0.09819261306402004], "aligned_model": [[-0.21320071315695394, 0.5621122332220078, 0.10072632425563766, -0.4279989351169159, -0.6882125465042239, 0.5280655485127169, -0.02756726636592413, -0.06553465216219134, 0.5548576242839663, -0.0717602745825694, -0.4501115189257342, 0.46737971690531976, 0.0579400353130633], [-0.360845316872137, -0.5385834574816971, -0.6940801849774602, -0.3480165408325369, 0.17906700689690738, 0.31715041162258173, -0.2848959715313949, 0.5853964000351018, 0.16296367054477218, 0.4899135089960445, 0.20645303014712965, 0.016917865902047365, 0.0337896616070777], [0.606590340192832, -0.37380534940776955, 0.1325505598745511, -0.10202705434967176, 0.1373370679229688, 0.21326723819419863, -0.6085490742881264, -0.21080425180700524, -0.4572880211587793, 0.5108860472119818, -0.486581572158608, 0.8192224096445949, 0.1415731873972994]], "inverted": true, "swapped": false, "error_lsq": 0.04191143617087756, "error_max": 0.2781560788130392, "target": "162.xyz", "model": "12.xyz", "model_rescale": 3.9764082729961374, "target_rescale": 3.866288814526797},
{"mapping": [7, 9, 0, 1, 8, 6, 12, 11, 13, 3, 10, 4, 15], "R": [[-0.937383737546972, -0.3389810318197436, 0.08002242591231332], [0.08114241394779714, -0.43596941493708635, -0.8962960325127737], [0.33871468412396, -0.8336801120968621, 0.4361763788342617]], "T": [0.1114749435913178, -0.05532120636669273, 0.006364654774043348], "aligned_model": [[-0.11968566686960627, 0.21511564662821925, 0.09160992604651222, -0.33117959990859636, -0.5566127327632464, 0.78785059268405, 0.16390842459015847, -0.24643323402449932, 0.3711465839590986, -0.23850383088113272, -0.4421007669189039, 0.5004691007635991, 0.13111113237254635], [-0.22994796336971673, -0.6249525079684058, -0.6749103704620987, -0.3600270436019664, 0.15899763725722266, 0.28663371921679554, -0.17815942356075515, 0.6339316815960363, 0.33492178117022553, 0.4946080398539368, 0.1438964862349878, -0.20831976768443744, -0.011442184625388131], [0.7042929940990271, -0.15573997633554876, 0.3842834057189545, -0.3320638991847341, 0.09226649770779885, 0.1024979782514307, -0.6176345739235541, -0.15909498254023627, -0.38703284909941216, 0.538845761371811, -0.5413699001390377, 0.5904354618683157, 0.10268560947365157]], "inverted": true, "swapped": false, "error_lsq": 0.04859672249046653, "error_max": 0.31542227748158935, "target": "162.xyz", "model": "13.xyz", "model_rescale": 4.170626492500431, "target_rescale": 3.866288814526797},
{"mapping": [6, 0, 2, 3, 11, 8, 1, 10, 7, 12, 9, 4, 13], "R": [[-0.8545364239664706, -0.013443912064972613, 0.519217450923008], [-0.49611577970741205, -0.2747775324094355, -0.8236300387967213], [0.15374209976419437, -0.9614138385270785, 0.22813767301505816]], "T": [0.039102502883183135, -0.060416699581126214, 0.06968048290041068], "aligned_model": [[-0.503654915289209, 0.4588037493358471, 0.22047844803086836, -0.44763777521394504, -0.6356969451267761, 0.6150314557867023, 0.013971069313053839, 0.01331881062338812, 0.5390397664240137, 0.06663330664901636, -0.4420326083842285, 0.475567208625759, -0.047125995096291215], [-0.37376190839669987, -0.3582071051944547, -0.6606484103995619, -0.5179946309847065, 0.14036457231170227, 0.3988839475487041, -0.2497746425888802, 0.4718233219456836, 0.2434659167432427, 0.5332112886998384, 0.24686166633716583, -0.06658818449764192, -0.042405747467955585], [0.6306781942694064, -0.2320315396949974, 0.269071623842284, -0.10114089398267812, 0.13286463402787324, 0.16404705303252343, -0.6748505442313864, -0.11574892596836192, -0.49169986134756044, 0.49694385315308653, -0.5051198728824979, 0.6287185889432749, 0.12063921810750025]], "inverted": true, "swapped": false, "error_lsq": 0.041805527415334706, "error_max": 0.22306536902534996, "target": "162.xyz", "model": "14.xyz", "model_rescale": 3.9786697098870705, "target_rescale": 3.866288814526797},
{"mapping": [3, 2, 4, 10, 0, 9, 1, 5, 7, 6, 11, 12], "R": [[-0.52578946182551, 0.8148750932252202, -0.24397545834454268], [0.15929403691844568, 0.37607535560425326, 0.9127939179844264], [0.8355661862686079, 0.44107358722589995, -0.32754120201313763]], "T": [0.08018603910818306, -0.04375594714013519, 0.026133817406581227], "aligned_model": [[-0.04392522296684816, -0.6208358327080494, 0.5004408981410264, 0.6815134494148662, -0.1834025687681392, 0.41561301923885513, -0.5785140259562513, -0.04055075600865529, 0.7064921124707626, 0.04362747123004676, -0.46254829262989033, 0.0654443453096136], [-0.4435515754715596, 0.06907893051854774, 0.13867515246939685, -0.6346793760970949, 0.36588527049896324, 0.6821727980764649, -0.38779530375484045, 0.2786763900736326, -0.0025576461642446077, -0.6193433909038324, 0.5307973699730647, 0.037315871005941005], [-0.4434401509399072, -0.21907820156514068, -0.443273214862333, -0.11178483996555368, -0.5927172919862399, -0.034200159824173085, 0.2877747918356563, 0.5877677826889599, 0.27804757705395294, 0.18080465178291671, 0.13269358331128733, 0.037371966344404275]], "inverted": false, "swapped": true, "error_lsq": 0.04764833979771965, "error_max": 0.2524303047597257, "target": "162.xyz", "model": "15.xyz", "model_rescale": 3.769337070930944, "target_rescale": 3.866288814526797},
{"mapping": [5, 9, 1, 2, 8, 7, 6, 4, 3, 0, 12], "R": [[-0.36233758673654953, 0.300733517879152, -0.8821965905975623], [0.3594537420865552, -0.8282053128589073, -0.4299639136628232], [-0.8599444636358243, -0.472900952606684, 0.19199012601117033]], "T": [0.040243649811241664, 0.035139881578410526, -0.010296152595454727], "aligned_model": [[-0.21337247357423333, -0.29299012700772, -0.09935957221661663, -0.5297419496207757, 0.36095658784525253, 0.4468931553593501, 0.4664562841262014, 0.12116040011117933, 0.20346499118779093, -0.512031981790003, -0.028809183729254964], [-0.03911681203013795, -0.693462213628516, 0.7774156238435116, 0.4756274833289226, 0.2435812746407299, -0.4477411333737178, 0.4468426345192279, -0.43741732559896107, 0.352245889382246, -0.07666489883704836, -0.005246024620914759], [-0.6137342207915835, -0.045199272611551655, -0.23444457877815214, 0.20272825392496802, -0.6805354387005399, -0.2529466108066599, -0.08380897380137727, 0.43734251871723184, 0.5079146491921942, 0.5399337037404618, -0.03303242286121473]], "inverted": false, "swapped": true, "error_lsq": 0.04320907535403186, "error_max": 0.2229249615407242, "target": "162.xyz", "model": "16.xyz", "model_rescale": 3.7852294659196426, "target_rescale": 3.866288814526797},
{"mapping": [4, 7, 5, 10, 0, 2, 11, 8, 11, 3, 9, 1, 12], "R": [[-0.06340377940816255, 0.3293254037755835, -0.9420853141753193], [-0.7485809713128746, 0.6085967959168435, 0.26312823753452436], [0.660004916758227, 0.7219104642736527, 0.20793939363950484]], "T": [0.02928679346925983, -0.031591252224648536, 0.08636928176890843], "aligned_model": [[-0.37718493593094476, 0.6025292010595837, 0.1327625048546655, -0.4654082894706158, -0.567071434651844, 0.5779694749711413, 0.30900066835805756, -0.07005288833985569, 0.30900066835805756, 0.049527903378847465, -0.5623337065512253, 0.40391796320014933, -0.015961553557817823], [-0.39272325292576415, -0.3902922274430477, -0.603528823591635, -0.5289510331015433, 0.21446133206621876, 0.238312076304231, 0.044804326565598185, 0.5234341454456548, 0.044804326565598185, 0.5508551372276643, 0.21832151861350324, -0.10801944156615939, -0.04624800010388277], [0.5404079324998903, -0.09843807115255868, 0.39359753921359764, -0.310071254201288, 0.30899485364861096, 0.10002685473066107, -0.5873190275917859, -0.23964351983779933, -0.5873190275917859, 0.6275179416084654, -0.49224162068571164, 0.6591383214237357, 0.00772060520443521]], "inverted": true, "swapped": false, "error_lsq": 0.04956417118963355, "error_max": 0.3371697120729994, "target": "162.xyz", "model": "17.xyz", "model_rescale": 3.901054581598922, "target_rescale": 3.866288814526797},
{"mapping": [1, 10, 4, 8, 0, 11, 5, 3, 9, 7, 2, 6, 14], "R": [[-0.40887640632580063, -0.0198080437654527, -0.9123747726413117], [-0.6050841153736487, -0.7425226874273537, 0.28728604556808846], [-0.683149542686364, 0.669527968092332, 0.2916144754115706]], "T": [0.03829128426440286, 0.008019720456416947, -0.019656426273103045], "aligned_model": [[-0.294402481491302, 0.6695553035213151, 0.06482995063432984, -0.3533926140812307, -0.615190420166596, 0.765037200452781, 0.034002238489378105, -0.31753825191331764, 0.5208306396261823, 0.00273007441929015, -0.5983500719435929, 0.37142720719084005, 0.07715680094012167], [-0.17717415787828097, -0.5047047077475938, -0.7512499927989057, -0.4887114357990757, 0.2744739177447917, 0.23142549280819122, -0.14688394416119427, 0.6781524656137475, 0.10253792068563064, 0.3929814424323703, 0.14576760905748445, -0.03683355840801867, 0.04544903250728935], [0.5640418134796631, -0.12488544719100406, 0.20029623142917152, -0.2203057081599857, 0.2586749252143823, 0.22254436462176228, -0.6246956859662198, -0.10748201801163751, -0.4583040088342779, 0.5190614003902673, -0.529020151659688, 0.6517111224669303, -0.029265310510897313]], "inverted": true, "swapped": false, "error_lsq": 0.045699184574419904, "error_max": 0.2279907398946899, "target": "162.xyz", "model": "18.xyz", "model_rescale": 3.9405287249114394, "target_rescale": 3.866288814526797},
{"mapping": [9, 4, 7, 13, 11, 6, 12, 10, 1, 5, 14, 8, 15], "R": [[0.5036382004125005, 0.5297929981312938, 0.6823986680938888], [-0.8388866840275014, 0.4886588627623113, 0.2397533048889793], [-0.20644053489225705, -0.693204078879301, 0.6905435616805786]], "T": [0.08240229221855921, -0.0344995175970228, -0.08863784140486576], "aligned_model": [[-0.2952879476930499, 0.45716468555939827, 0.06488920498221701, -0.4866343729413245, -0.5609436197992537, 0.6070102430558029, 0.1298768124000348, -0.315579847988735, 0.5767012299235537, 0.07984557022337879, -0.5191432841485154, 0.5121304379123808, 0.07666646419231068], [-0.22544178602896162, -0.6524375555349518, -0.5982410173797328, -0.3872454607016638, 0.1794069232522669, 0.3593262174803407, -0.21198079641442985, 0.6299295932981921, 0.31711360045733805, 0.35773868728626645, 0.0930390556470245, -0.1002480762267827, 0.004270698921529856], [0.5515972558509095, -0.19986175260631242, 0.3326866916329529, -0.14429229943747013, 0.15541804144366178, 0.2690928448681218, -0.6047634344655755, -0.2229814665515097, -0.3485535957854782, 0.6444414834716731, -0.5593987084746155, 0.530460699517834, -0.08147423219572479]], "inverted": true, "swapped": false, "error_lsq": 0.042454691472787846, "error_max": 0.25424665313111555, "target": "162.xyz", "model": "19.xyz", "model_rescale": 4.410303926677745, "target_rescale": 3.866288814526797},
{"mapping": [3, 2, 0, 6, 10, 7, 4, 9, 12, 5, 11, 1, 13], "R": [[0.8751516356469682, -0.28231921870195104, -0.3929446187135747], [0.27964950063434807, -0.36760648402228163, 0.8869394735266529], [-0.3948490489027376, -0.8860932973769162, -0.24276098723705086]], "T": [0.04568414725001048, -0.037665811419921216, 0.05646214890865594], "aligned_model": [[-0.4079149132227078, 0.5063013130272417, 0.12699365993233225, -0.3517304779099929, -0.583331686774756, 0.7204140583610169, 0.055187549615723364, -0.09041555517325793, 0.3567010447597059, -0.2308662965285293, -0.4198191326855896, 0.6059243848659539, 0.0392516274110583], [-0.41203355400859804, -0.47798183624955237, -0.6684811425213508, -0.3967034119026874, 0.46434165126666216, 0.18571590233429913, -0.35981030641776235, 0.5944458863524387, 0.36363459586833485, 0.3725527050240585, 0.1364402300446021, -0.0726899512975588, 0.03579931556355083], [0.4807961934416542, -0.12398826706114535, 0.3860378666390442, -0.1663818331214861, 0.2221775705215464, 0.015312155299011289, -0.5690184700555958, -0.17969118968357517, -0.5029137621406964, 0.730488367820631, -0.6069586128922032, 0.5544823060853086, 0.08202920241597284]], "inverted": false, "swapped": false, "error_lsq": 0.04662956249704061, "error_max": 0.2603606636814829, "target": "162.xyz", "model": "20.xyz", "model_rescale": 4.121658175737393, "target_rescale": 3.866288814526797},
{"mapping": [9, 6, 8, 5, 7, 4, 1, 3, 2, 11, 0, 10, 12], "R": [[0.02131866985964581, 0.9918179137229768, 0.12586794799955073], [0.996902828263025, -0.030620684856949798, 0.07243703928290518], [0.07569851594712552, 0.12393385202233301, -0.9893988755837099]], "T": [0.05513409297092724, -0.08876875414906443, 0.05221293150437968], "aligned_model": [[-0.06642536295733661, 0.5289154671746642, -0.08981568702725994, -0.51282070837557, -0.5177210036327062, 0.3687078899840507, 0.1523750484351586, -0.19276608522551913, 0.6229979910732886, -0.08445779691627055, -0.5073345522871229, 0.6597919827896576, -0.034751607356835384], [-0.30241181593554234, -0.5264659211981807, -0.7407744137173318, -0.3680409457686356, 0.2297108677504779, 0.38352452584024127, -0.17753239072874455, 0.4852784746005762, 0.21031775775071354, 0.5152767374294622, 0.21591017799420248, -0.11041029082441559, -0.049152679136386844], [0.7320973452142142, -0.028884919804431933, 0.13928349964262282, -0.1994573222051258, 0.24515289218425096, 0.1402023253574643, -0.6297255403499339, -0.2505344611565769, -0.3531134627024782, 0.6768825654088582, -0.7080261768742337, 0.544750769479578, 0.013744013074258238]], "inverted": false, "swapped": false, "error_lsq": 0.05347336623206858, "error_max": 0.36157028948039205, "target": "162.xyz", "model": "21.xyz", "model_rescale": 4.08911054899281, "target_rescale": 3.866288814526797},
{"mapping": [0, 10, 7, 8, 1, 14, 5, 15, 9, 2, 11, 13, 16], "R": [[0.9488582661755033, 0.30030354126971115, 0.09739493729803653], [-0.030030784549163803, -0.22124705171558626, 0.9747552995939659], [0.31427081106870114, -0.9278294698962906, -0.20091374294007144]], "T": [0.061774875277907294, -0.019012364584655925, 0.08969915122322093], "aligned_model": [[-0.2939383776787253, 0.4601189818638996, 0.34581926046450373, -0.4942264590848537, -0.702909474259792, 0.5269690721487689, 0.09292700651215816, -0.07776986756955537, 0.5272198769924997, -0.21619904664653342, -0.38804113259940426, 0.4825567540637449, 0.064168981471488], [-0.4081343167196311, -0.6135448330498511, -0.6205028859439106, -0.26415068037100214, 0.17656658163601968, 0.42252189032414234, -0.24776796156719627, 0.6717257637341671, 0.04439606231367453, 0.5226052215551815, 0.24748204282603586, -0.1300587439015946, -0.0359080567795997], [0.6572655228635349, -0.2831124981438904, 0.34134200919533597, -0.24426453000624437, 0.17339564238835362, 0.06814812139005688, -0.5769562886532517, -0.09715673100802634, -0.4459200543134182, 0.47781603888369534, -0.46935301104304716, 0.5870333227359948, 0.13413398297937323]], "inverted": false, "swapped": false, "error_lsq": 0.041537165538649404, "error_max": 0.22920249295236686, "target": "162.xyz", "model": "22.xyz", "model_rescale": 4.204369325754507, "target_rescale": 3.866288814526797},
{"mapping": [9, 4, 7, 13, 11, 6, 12, 10, 1, 5, 14, 8, 15], "R": [[0.5036382004125005, 0.5297929981312938, 0.6823986680938888], [-0.8388866840275014, 0.4886588627623113, 0.2397533048889793], [-0.20644053489225705, -0.693204078879301, 0.6905435616805786]], "T": [0.08240229221855921, -0.0344995175970228, -0.08863784140486576], "aligned_model": [[-0.2952879476930499, 0.45716468555939827, 0.06488920498221701, -0.4866343729413245, -0.5609436197992537, 0.6070102430558029, 0.1298768124000348, -0.315579847988735, 0.5767012299235537, 0.07984557022337879, -0.5191432841485154, 0.5121304379123808, 0.07666646419231068], [-0.22544178602896162, -0.6524375555349518, -0.5982410173797328, -0.3872454607016638, 0.1794069232522669, 0.3593262174803407, -0.21198079641442985, 0.6299295932981921, 0.31711360045733805, 0.35773868728626645, 0.0930390556470245, -0.1002480762267827, 0.004270698921529856], [0.5515972558509095, -0.19986175260631242, 0.3326866916329529, -0.14429229943747013, 0.15541804144366178, 0.2690928448681218, -0.6047634344655755, -0.2229814665515097, -0.3485535957854782, 0.6444414834716731, -0.5593987084746155, 0.530460699517834, -0.08147423219572479]], "inverted": true, "swapped": false, "error_lsq": 0.042454691472787846, "error_max": 0.25424665313111555, "target": "162.xyz", "model": "23.xyz", "model_rescale": 4.410303926677745, "target_rescale": 3.866288814526797},
{"mapping": [9, 13, 14, 11, 10, 5, 7, 3, 0, 8, 1, 15, 16], "R": [[-0.8839394495651103, 0.46432682974674944, 0.05524169331097217], [-0.4466113813599212, -0.803350190078775, -0.39391210458702547], [-0.13852553390012062, -0.37286601786396373, 0.9174865716619276]], "T": [0.11126750137005526, -0.043608238162274215, 0.027396777510972685], "aligned_model": [[-0.22312909567015565, 0.48025698716601484, 0.14164783401933628, -0.3781150962069464, -0.45997326561752827, 0.6303822711536153, 0.07339425501557463, -0.1506774929250454, 0.3961478111951118, -0.15601648079475483, -0.4511708288524603, 0.35308024185050624, 0.07086843534493034], [-0.21264770754403092, -0.5926760329834675, -0.6569525242081306, -0.4382778769818155, 0.20788845246871235, 0.2559937872367297, -0.2699582725592705, 0.7583971137268278, 0.34854566796562725, 0.3687878826761737, 0.14608904537381287, -0.2016587865815253, 0.0516993354667927], [0.5294172524992398, -0.2104223552167422, 0.3120646755564908, -0.046508810867729934, 0.21237609259434675, 0.2180811124661774, -0.5965120105513124, -0.28473015202097085, -0.5517787866047594, 0.6863318119794519, -0.5922913818771793, 0.6799768978950199, -0.033632818583565365]], "inverted": false, "swapped": false, "error_lsq": 0.036590797419829846, "error_max": 0.18763698927936912, "target": "162.xyz", "model": "24.xyz", "model_rescale": 4.28219845311461, "target_rescale": 3.866288814526797},
{"mapping": [3, 13, 7, 4, 1, 11, 2, 8, 14, 5, 0, 9, 15], "R": [[0.2807218212922491, 0.18986507680460543, 0.9408222529576689], [-0.959774617655793, 0.060930103773241734, 0.274080655570324], [-0.00528605278436961, -0.9799177389271831, 0.19933209119907813]], "T": [0.11000504279350812, 0.0026527577018469473, -0.011409795643176054], "aligned_model": [[-0.39541391336371434, 0.44272130181215863, 0.14484018211283317, -0.4006669975438849, -0.4520067653414104, 0.5276982131536793, 0.10998571921693095, -0.1323871757816025, 0.604541415611115, -0.009756628150510677, -0.5290748645549106, 0.3637882786918184, 0.052426809815696376], [-0.2427236127682754, -0.4585915569372859, -0.7099217172393206, -0.5089702075928229, 0.2107455671147934, 0.31436976672092776, -0.18592185473763032, 0.652664648109892, 0.2633591032726278, 0.5738771366678129, 0.006905065159656276, -0.14770875094374797, -0.0028535027701907505], [0.5218701125023281, -0.18307816819535977, 0.29934756385318007, -0.12143061924691534, 0.2137956861600383, 0.14620363326204694, -0.6696040219607726, 0.01460196383632395, -0.5287207294481385, 0.6087841514103118, -0.5184728705565708, 0.5967506846362258, -0.05767585898423129]], "inverted": false, "swapped": false, "error_lsq": 0.03830550025081691, "error_max": 0.23456855350220235, "target": "162.xyz", "model": "25.xyz", "model_rescale": 4.100010024507729, "target_rescale": 3.866288814526797},
{"mapping": [1, 6, 7, 10, 11, 9, 5, 4, 3, 0, 2, 12], "R": [[-0.7968077733736282, 0.5760039125533037, -0.18252907991508294], [-0.0564956872731327, 0.22973984601628755, 0.9716109511898005], [0.6015859120781479, 0.7844992644201131, -0.15051675824772592]], "T": [0.011247026361185405, -0.0030511800870637457, 0.01563231019687971], "aligned_model": [[-0.6688452122542279, -0.03301907702195386, 0.5036737026238997, 0.666190783359645, -0.5767421836050503, 0.28954988432258494, -0.3238450605093767, 0.5544555860324565, 0.09148189619827723, -0.04835364865426599, -0.5650852272404638, -0.01269584088851785], [-0.3906423230926598, -0.5981939876955369, -0.04246973586946519, -0.5485484248445761, 0.5337632998698256, 0.7061291801112463, 0.16195842776120145, 0.2883797791042567, -0.26204521667961794, 0.5607139813187286, 0.18463295883084968, 0.07245345123638701], [-0.07354451949916585, -0.004518420647839812, 0.477562267873054, -0.04170999929995219, 0.06174039879873044, 0.2661013240475417, 0.5582719874869942, -0.20848969076165455, -0.5520157464607326, -0.5310652106595346, -0.4281109783002623, 0.0409708772771782]], "inverted": false, "swapped": true, "error_lsq": 0.04339527507784788, "error_max": 0.2422177595476116, "target": "162.xyz", "model": "26.xyz", "model_rescale": 3.6694154284099745, "target_rescale": 3.866288814526797},
{"mapping": [12, 1, 6, 2, 10, 7, 0, 8, 5, 9, 4, 3, 13], "R": [[0.43804539787613966, 0.14208416871585472, -0.8876532647379038], [-0.002333501763101112, 0.9876066730128272, 0.15693187754582016], [0.8989498229428916, -0.06667194628072007, 0.4329481116832416]], "T": [-0.026256314223262904, 0.04022984321545708, 0.04068395299739131], "aligned_model": [[-0.2070519807986143, 0.6232681347305821, 0.16350740380591927, -0.46806755331654515, -0.5557871901543471, 0.5309027849902812, -0.011569494754127989, -0.059932238509156716, 0.5235305566443887, -0.11840746600551022, -0.49349078421253645, 0.4628307056766432, -0.06303730241877778], [-0.39818983843493616, -0.48751779911871307, -0.5993060117145852, -0.46084882778832437, 0.32568744405614103, 0.28676337102886584, -0.27733839521748777, 0.6572366675247794, 0.141160385838181, 0.4001437492873211, 0.24306565143603803, -0.0639037751671564, -0.001722537673687935], [0.6769495603081995, -0.24082460800507283, 0.2024679243389076, -0.08522331716293563, 0.03936886722978631, 0.19855568113726754, -0.5388572917864626, -0.12218318091631464, -0.5192499019431621, 0.6123776480051739, -0.6043588014354236, 0.67533448425181, 0.028014463246693183]], "inverted": false, "swapped": false, "error_lsq": 0.035058125957269266, "error_max": 0.21776687249156543, "target": "162.xyz", "model": "27.xyz", "model_rescale": 4.103607728864725, "target_rescale": 3.866288814526797},
{"mapping": [11, 9, 6, 10, 13, 1, 3, 2, 0, 8, 12, 7, 14], "R": [[0.5175734087049955, -0.7610270185622714, 0.39109544055091244], [-0.7531991851230986, -0.18836314378054925, 0.6302462325115548], [-0.40596644458796366, -0.6207714580127928, -0.670696684638652]], "T": [-0.04194095095327879, -0.10748664489290169, 0.038384533033305746], "aligned_model": [[-0.3549943367206536, 0.4407197396170181, 0.14381119527436434, -0.22731350818045096, -0.5777558793410514, 0.6168027181181959, 0.0309076355637982, -0.04046747111404266, 0.5280878574878886, -0.047257196798789564, -0.6004916276613974, 0.3546120759450635, 0.06003437348825614], [-0.3433106525302153, -0.7136486730218911, -0.6223662584409254, -0.5233049282332333, 0.19249596106435132, 0.49863864569041316, 0.03228171987235404, 0.5284341369364176, 0.07899273682985966, 0.3707665060821401, 0.2601387831412305, 0.00354121686301051, 0.0025708898029243865], [0.6026945972185433, -0.2256801929066538, 0.3572299290739757, -0.19076050089217728, 0.2452306874418483, 0.07749645766522367, -0.6955696482478688, -0.3316469444477756, -0.3488935824355219, 0.7043617382882408, -0.500286334321111, 0.6304147318703719, -0.0022194110386287783]], "inverted": true, "swapped": false, "error_lsq": 0.04799752235286825, "error_max": 0.24778451197838525, "target": "162.xyz", "model": "28.xyz", "model_rescale": 4.137296879288765, "target_rescale": 3.866288814526797},
