[{"mapping": [5, 7, 1, 0, 8, 10, 6, 9, 3, 4, 11], "R": [[0.8775932012605776, 0.3822535012122453, -0.2893310109756499], [-0.32641879154293624, 0.03443117047161987, -0.9445979393517664], [-0.3511138641934561, 0.9234158084584293, 0.15499128704609494]], "T": [0.10315537672821093, -0.014770641687666008, 0.10172110334696945], "aligned_model": [[-0.6490751638281526, -0.5792399889709255, 0.03742101381032614, -0.09627501641422975, 0.7074028375802802, -0.42270692634985463, 0.21648398762926618, 0.23889086410050092, 0.2644714699707777, 0.357799202895697, 0.06087554015907618], [0.16688121559596908, -0.5842445007540127, -0.07818483488870674, 0.5020732076731624, -0.19672456727485887, -0.16377444797333063, -0.6732058622523482, -0.48149981148524185, 0.08723198831220422, 0.6838734632705445, 0.02909467428705302], [-0.19800902381677743, -0.22483578079182354, -0.600801631624217, -0.17376273950127125, 0.03185504786616131, 0.5054884248065962, -0.17894626868998825, 0.46654460033672973, 0.7632383716937531, 0.4170009840013816, 0.06824715284471085]], "inverted": false, "swapped": false, "error_lsq": 0.05907963716619908, "error_max": 0.30695718548136613, "target": "165.xyz", "model": "0.xyz", "model_rescale": 3.751011558992144, "target_rescale": 3.893410035758519},
{"mapping": [5, 3, 1, 8, 6, 9, 7, 12, 11, 10, 14], "R": [[-0.6323984067039421, 0.7587984206304952, -0.1558756300612172], [0.7048894497232654, 0.4802336350255, -0.5220215699174001], [-0.32125242235218643, -0.440000696179973, -0.8385679868048813]], "T": [-0.07345978149094416, -0.008766461826532436, -0.032336881132510445], "aligned_model": [[-0.5814459911430251, -0.44044309071844795, 0.3621499400792814, -0.29201861585717925, 0.6657752870545951, -0.30105021689850353, 0.30793241778538805, -0.07408389655729285, 0.3731735453483182, 0.19156387200470493, -0.07550543051507737], [0.32392381361974004, -0.6701599074004814, -0.07762755815334194, 0.44743388576645904, -0.1170629081606615, 0.12616584735012618, -0.5425242583718425, -0.6170093291443901, -0.1630822379997843, 0.6152139383421777, -0.03375076133756688], [0.11379059206269528, -0.13858117704069145, -0.5719551437237764, -0.4619082150415355, 0.04202129537829209, 0.5711409452915812, -0.12887510545584274, 0.3942956644081995, 0.6106532443804832, 0.42903571387284456, 0.016401322993005674]], "inverted": true, "swapped": false, "error_lsq": 0.04396122594163042, "error_max": 0.25261518465865823, "target": "165.xyz", "model": "1.xyz", "model_rescale": 3.9405287249114394, "target_rescale": 3.893410035758519},
{"mapping": [11, 10, 7, 6, 1, 5, 4, 8, 2, 0, 12], "R": [[-0.46269742417987025, -0.540987313826382, 0.7023131921986294], [0.3491351834463746, -0.8393930362925504, -0.4165620653677427], [0.8148715956131858, 0.05246005053837623, 0.5772627008220187]], "T": [0.00046618606802940193, -0.1018606396983671, 0.03854413031171921], "aligned_model": [[-0.6325376412797291, -0.6893047746831199, 0.30678015596752933, -0.11998957349735481, 0.7702007137679803, -0.22646686340526204, 0.42544028277828405, -0.18754417457269557, 0.2793952883492111, 0.15985495522346096, 0.050219451934456996], [0.2114572530101198, -0.5576865436167044, -0.04261228515351782, 0.322689150687577, 0.07095047944604925, 0.21843514326428226, -0.6396540180486993, -0.8372738610046959, -0.027329731584198422, 0.6975973616773116, -0.12505242416708948], [0.13209808110474913, -0.12856627132096646, -0.6905451903371825, -0.27863654195599785, 0.10833959094386775, 0.6500899444988861, -0.10934441289109204, 0.19509849252930617, 0.655644873430622, 0.23448318353848316, 0.10735738758457947]], "inverted": true, "swapped": false, "error_lsq": 0.05801060276451885, "error_max": 0.37596151923281634, "target": "165.xyz", "model": "2.xyz", "model_rescale": 3.932901565614263, "target_rescale": 3.893410035758519},
{"mapping": [12, 11, 1, 6, 0, 9, 3, 8, 7, 5, 13], "R": [[-0.576290543904659, -0.008823542978277449, -0.8171972553156202], [0.09817590991653614, -0.9934477188587242, -0.05850744060765066], [-0.8113265062341626, -0.11394636889215944, 0.5733807856025168]], "T": [0.09802889235943621, -0.07585894867004717, 0.016650157380393688], "aligned_model": [[-0.5237600112571648, -0.5043191585567585, 0.2590853262159659, -0.058919702084844955, 0.7335962828842865, -0.3005861327916829, 0.3203016134955611, -0.12362946143208478, 0.3706029322028823, -0.05392213105177118, 0.017598262958372676], [0.36256802067431854, -0.6895379054718271, -0.1441232380117049, 0.5388343234841968, -0.1296193924990853, 0.016421540023395742, -0.5353904523496212, -0.6394235370150124, -0.027478622064956167, 0.5317321325084985, 0.007537655232232002], [0.08214948600531094, -0.22476993686109376, -0.703189708719178, -0.23674988317215193, -0.18856737579780275, 0.6268823365705092, 0.02719115571788744, 0.4314383617569305, 0.674757507398725, 0.3695575818010759, 0.017319612425042444]], "inverted": false, "swapped": false, "error_lsq": 0.04627751765102744, "error_max": 0.299804570514493, "target": "165.xyz", "model": "3.xyz", "model_rescale": 3.9243930471874484, "target_rescale": 3.893410035758519},
{"mapping": [9, 11, 10, 8, 3, 1, 6, 5, 0, 7, 12], "R": [[-0.7587563817630525, 0.6513631882396115, 0.00384059112238605], [-0.5964756593846988, -0.6971643302632784, 0.3977168394349717], [0.2617356316885982, 0.29947937093376387, 0.9175001719289689]], "T": [0.037132727675567655, 0.004451416662073979, 0.00013171932980049483], "aligned_model": [[-0.6584255452300458, -0.4483973158317367, 0.16872837175170716, -0.19811268435779653, 0.6846561115232543, -0.23905847635522867, 0.2574521632076743, -0.03195227910795188, 0.42088481755767526, 0.1406173464237599, 0.03965531100145005], [0.0941162990238551, -0.5102908575431936, -0.026261014087757925, 0.505461827323618, -0.1790175679429573, 0.15202451722576193, -0.6775205506295383, -0.5459863834537148, -0.16172955157035374, 0.7001701653278394, -0.05944635916312464], [-0.0763293141479313, -0.3540363896033756, -0.6918704862855684, -0.29984250196634843, 0.0025749596197071345, 0.6420825732029949, -0.08869449803834134, 0.5157561852119917, 0.7406994560487582, 0.3850799175976441, 0.10059923548572405]], "inverted": true, "swapped": false, "error_lsq": 0.03753046128541583, "error_max": 0.2028403759992107, "target": "165.xyz", "model": "4.xyz", "model_rescale": 3.8936222436046832, "target_rescale": 3.893410035758519},
{"mapping": [0, 1, 6, 9, 7, 2, 5, 4, 10, 8, 11], "R": [[0.15422666011785735, 0.6245438548694171, 0.7656102864079997], [0.9813897583041806, -0.1865550158022345, -0.045512288172423365], [0.1144040191800646, 0.7583813021322957, -0.6416926997960712]], "T": [0.04505195997549137, 0.05208388211037217, 0.1163978964085824], "aligned_model": [[-0.8105985808223757, -0.5216638475478047, 0.3228127597237577, -0.13530680811240076, 0.6848866779922438, -0.430727043598392, 0.2532104871606489, 0.08383483886536748, 0.29506857761185956, 0.34750904527562126, 0.047021714034235995], [0.27502607996584544, -0.36907014872148936, -0.15333160729695766, 0.4480751444441984, -0.03421042039858903, -0.20522387193049313, -0.6718878233408094, -0.6454887617497382, 0.04051211299005389, 0.7214888507232948, -0.11436903017488122], [0.08677970225854355, -0.263827356538065, -0.6014196590624897, -0.322575427097913, 0.06243166286417125, 0.630776671624678, -0.18311145956060343, 0.4939066959747372, 0.6967643190677164, 0.19564135594251217, 0.08065263165196772]], "inverted": false, "swapped": false, "error_lsq": 0.05053952660099025, "error_max": 0.2909801003817678, "target": "165.xyz", "model": "5.xyz", "model_rescale": 3.6523030999806103, "target_rescale": 3.893410035758519},
{"mapping": [8, 9, 10, 6, 4, 5, 11, 7, 3, 1, 12], "R": [[0.845313140664714, 0.4085800644521815, 0.34424994575425716], [-0.500765168693168, 0.38131666455272256, 0.7770661793940652], [0.1862255085729686, -0.8292526347661717, 0.5269346522009172]], "T": [0.02124121968550747, 0.021225922341844644, 0.09032494834564211], "aligned_model": [[-0.6236097616274522, -0.3718041761594228, 0.17356015197916885, -0.11365583408651989, 0.5515352900862052, -0.4256999610433282, 0.33148149690093637, -0.017307187769655986, 0.46486676331947063, 0.1448098908327344, 0.02187114815062511], [0.1840515654592065, -0.454573566598653, -0.06164250127013557, 0.50226004138827, -0.11439061244100915, 0.07503581640401275, -0.7927530574869192, -0.5366550845034922, -0.1251623470391202, 0.6247440192729404, -0.009393748674666458], [-0.01624955380952317, -0.2862292155002847, -0.6703358228920875, -0.3256479152752505, -0.0815120567442642, 0.6014527271411962, -0.035206696792934394, 0.4828817750358523, 0.6045306995494734, 0.41106090856996647, 0.19127428784311107]], "inverted": false, "swapped": false, "error_lsq": 0.03869291034834366, "error_max": 0.1738476638791309, "target": "165.xyz", "model": "6.xyz", "model_rescale": 4.08911054899281, "target_rescale": 3.893410035758519},
{"mapping": [2, 3, 4, 7, 10, 1, 8, 9, 11, 13, 14], "R": [[0.41365006142837896, -0.62144078501851, -0.6653607873897258], [-0.8548278994276641, -0.5165984055082211, -0.048942310800068], [-0.3133095738090128, 0.589013954114791, -0.74491588304833]], "T": [0.05203935642317592, 0.00566479353833374, 0.012615895343330977], "aligned_model": [[-0.6306963483914255, -0.3669011959276326, 0.16116514206476062, -0.16009051731934157, 0.7607873906269205, -0.3692534243824205, 0.33605537655027906, -0.07378496988358738, 0.3905191615169911, 0.04797055925758428, 0.040276646470633365], [0.4205519371360519, -0.5897427884894472, -0.2999023376590738, 0.6453735830892068, -0.12352289264928032, -0.017981808966771026, -0.6069268738413935, -0.628064731744328, -0.02506343665947121, 0.6144698334264302, -0.09766995913148967], [0.12161203628368729, -0.29791600499156845, -0.613139472945386, -0.3682548777212228, -0.0035601440916264576, 0.6125319643783653, -0.08338057674325228, 0.4565893580663312, 0.4911744187965446, 0.4191062281288741, 0.1412562079645085]], "inverted": true, "swapped": false, "error_lsq": 0.045797583911448385, "error_max": 0.21180549058600756, "target": "165.xyz", "model": "7.xyz", "model_rescale": 3.964800864290218, "target_rescale": 3.893410035758519},
{"mapping": [11, 12, 2, 6, 1, 10, 7, 8, 5, 3, 13], "R": [[-0.01979102588635051, 0.7005632031497597, 0.7133158582892398], [0.8569738144806109, -0.355600717103207, 0.3730201218302261], [0.5149798021174399, 0.6186754628949123, -0.5933266174906102]], "T": [0.030027901886369876, 0.01098728993633584, -0.013289594967284782], "aligned_model": [[-0.7864557006588964, -0.4039507577088691, 0.27910272835352345, -0.20932987041604995, 0.7120149845116381, -0.33685566328953065, 0.2493756263972876, 0.06382979383964431, 0.27127054913128806, 0.2772590744261436, 0.01978705599658257], [0.1410010602767643, -0.5529820922303542, -0.0249777071954176, 0.5170840663899945, -0.3020575118996766, 0.12053444736428008, -0.62521069790532, -0.5845257551345803, -0.005302654964409265, 0.6410476592573489, -0.03309028944819554], [-0.07315837472978355, -0.26681670650175393, -0.6258881401465582, -0.16520974794304055, -0.01734697689682395, 0.713711012261148, -0.2456510826966926, 0.4717663055823583, 0.7870899061531371, 0.2472164011980323, 0.050306540845232575]], "inverted": true, "swapped": false, "error_lsq": 0.0460598165302103, "error_max": 0.2657851510930689, "target": "165.xyz", "model": "8.xyz", "model_rescale": 4.121658175737393, "target_rescale": 3.893410035758519},
{"mapping": [7, 6, 4, 5, 0, 11, 1, 2, 3, 10, 12], "R": [[-0.6512341610316994, 0.37793878348437004, -0.6580701660489507], [-0.429773229243115, 0.5310213491876725, 0.7302816567139349], [0.6254510683748842, 0.7584053023583491, -0.1833912713938628]], "T": [-0.12846449949952876, -0.07282744040536959, 0.07800311415808472], "aligned_model": [[-0.7165184083275372, -0.48238477443220784, 0.2501639416193714, 0.031693112836010257, 0.6430034468336171, -0.389686121348678, 0.26816637281759925, 0.1590274392080382, 0.24665406875456197, 0.2049723043752973, -0.07904356175331076], [0.2564788049289334, -0.5840919335558549, -0.16442246603024704, 0.44440402178912286, -0.03178778864858767, 0.1702879740424461, -0.575452271419707, -0.589135688480893, -0.03563716063543698, 0.536061657101804, -0.13518462458114525], [0.04700460759519612, -0.22782544423554793, -0.7197304081257507, -0.21955202359440526, -0.07024396974739652, 0.6030652381871094, -0.17691637526219042, 0.4428601121809187, 0.7712468911309888, 0.3855007488709483, 0.040609760125384434]], "inverted": false, "swapped": false, "error_lsq": 0.03681362603278146, "error_max": 0.19733361229461266, "target": "165.xyz", "model": "9.xyz", "model_rescale": 3.833441315466971, "target_rescale": 3.893410035758519},
{"mapping": [3, 4, 5, 2, 0, 7, 1, 6, 11, 8, 14], "R": [[-0.6057409532311772, 0.7449943371638883, -0.2793945868701181], [0.04441630934731983, -0.3189387671167173, -0.9467339934184427], [-0.7944212289727336, -0.5858852280300362, 0.16010437387418397]], "T": [0.12925057145036373, -0.06519773073169917, 0.15043396554358654], "aligned_model": [[-0.6977886465078014, -0.46579545188265575, 0.1036557686898611, -0.11188290292690248, 0.7200287824532834, -0.32019947812675964, 0.47826474698414095, -0.10110369433979893, 0.20056828355732503, 0.273363863442817, 0.05693654923925262], [0.1573063227179584, -0.46751630419076684, -0.15092653809308737, 0.4249184818341315, -0.1480376023951176, 0.10080849115256806, -0.6571704961537502, -0.7013790454607434, 0.08537026771486196, 0.6519049331666281, -0.0037579857822483548], [0.006142843483873672, -0.19593661007688865, -0.5199619466807167, -0.31678225917737557, -0.17811073882804798, 0.6134140558419157, -0.12042814548132633, 0.20908390217454467, 0.811932372818461, 0.41979337391418825, 0.14687228913662748]], "inverted": true, "swapped": false, "error_lsq": 0.0479742223766851, "error_max": 0.2731393747331376, "target": "165.xyz", "model": "10.xyz", "model_rescale": 4.2482417240324, "target_rescale": 3.893410035758519},
{"mapping": [0, 1, 8, 10, 7, 6, 3, 2, 5, 4, 11], "R": [[0.6907698954876373, 0.6209993209127123, -0.3704008570642744], [-0.7230321581907275, 0.5987735987260097, -0.3445209365056974], [0.007838986545324111, 0.5057964223822209, 0.8626172554472167]], "T": [0.018337660359098323, -0.07039530076220775, 0.06413915835933569], "aligned_model": [[-0.6442680661144056, -0.5214690934529943, 0.0880974673054438, -0.020102464542811605, 0.6841723023625244, -0.2682204952327705, 0.33210528997532707, -0.016902279652394287, 0.42968062888042957, -0.0032580685619983014, 0.07621259961641148], [0.25222200885341656, -0.44405840749255115, -0.17012216376798373, 0.41554508942906443, -0.18593525985884019, -0.007944025217085857, -0.7319712010833525, -0.7098165474179146, 0.16461444453219343, 0.6705259412611877, 0.03846064527230002], [-0.11110695062670946, -0.19688019909462878, -0.5375633853320219, -0.3570337948472683, 0.02088416956648155, 0.6424698594201993, -0.2850582488060464, 0.43515924182912014, 0.6470229822781761, 0.5293368774456632, 0.08878858529228989]], "inverted": false, "swapped": false, "error_lsq": 0.050997400247481346, "error_max": 0.26949177974388255, "target": "165.xyz", "model": "11.xyz", "model_rescale": 3.6694154284099745, "target_rescale": 3.893410035758519},
{"mapping": [7, 12, 0, 6, 4, 9, 1, 2, 8, 11, 13], "R": [[-0.8328493935010852, -0.08518096734287914, 0.5469059247689734], [-0.44761665519797833, 0.6848630036177928, -0.5749799964042135], [-0.32557828203712974, -0.7236759420335503, -0.608516156882958]], "T": [-0.0754201280369977, -0.057456457541921926, 0.035738391774370756], "aligned_model": [[-0.7375758949720563, -0.4348045437096866, 0.19756260611079135, -0.014694460455584882, 0.6469632980942326, -0.3611073756224866, 0.4071784006936051, 0.03390853126741204, 0.18830991283517878, 0.2122061571230653, -0.0018988107817092953], [0.2760012266995338, -0.5763471090390649, -0.14020423624326878, 0.41597189583009425, 0.05353222027135156, 0.2865825213550395, -0.7290452652407925, -0.6158280731196156, -0.1180661826645905, 0.5336417189117966, -0.09471819225004918], [0.08594826734197179, -0.21598334710997613, -0.6195257506923514, -0.2676307249364821, -0.0805472427574102, 0.702601379543712, -0.14465181733418625, 0.35602257272025134, 0.7424001058025219, 0.3717483838656553, -0.054362689318451146]], "inverted": true, "swapped": false, "error_lsq": 0.037909800785898895, "error_max": 0.2231508384965045, "target": "165.xyz", "model": "12.xyz", "model_rescale": 3.9764082729961374, "target_rescale": 3.893410035758519},
{"mapping": [1, 0, 5, 12, 6, 8, 4, 7, 3, 11, 15], "R": [[-0.5311946433098731, -0.725036986761768, -0.438353303564959], [-0.11569985451643577, 0.5746128603890528, -0.8102059024349224], [0.8393126917804667, -0.3796596219022076, -0.3891179473030002]], "T": [0.0010108438226577674, 0.04093215544436353, 0.011839732234371694], "aligned_model": [[-0.5945304986334299, -0.337463425505973, 0.1638531334547964, -0.18922483542174867, 0.7304435507644239, -0.30966036601262137, 0.3110627543809538, -0.11623281531257913, 0.24343763415700237, 0.1677444576099525, 0.0666182311019846], [0.26074870724013083, -0.5743721281387514, -0.3048633645209212, 0.5196223434448977, 0.014345009891857649, 0.16698077265138256, -0.5983005207450091, -0.6138824225847752, -0.11386579658705974, 0.5606397733558581, -0.02553184949717599], [-0.0064296750689705265, -0.17239854041542446, -0.7343048602636371, -0.36482938675828047, -0.21372590219208354, 0.6341322535844449, -0.09357905276218915, 0.3703163586915114, 0.8028582482557582, 0.5885966937594147, 0.06538300029471092]], "inverted": true, "swapped": false, "error_lsq": 0.04267089372398448, "error_max": 0.20991257868244442, "target": "165.xyz", "model": "13.xyz", "model_rescale": 4.170626492500431, "target_rescale": 3.893410035758519},
{"mapping": [12, 4, 6, 11, 3, 7, 2, 0, 1, 9, 13], "R": [[0.7613701678494829, 0.6022957439702803, 0.23990686589619964], [0.23425121837768131, 0.08947422203490722, -0.9680499626981142], [-0.6045178526705579, 0.7932428382195046, -0.07296550839981092]], "T": [-0.07109106473456532, -0.09705270857052517, 0.07742283318633858], "aligned_model": [[-0.6995790761097509, -0.5273364704429742, 0.2224791342443745, 0.11487870847953995, 0.5974551417139224, -0.3346228874480249, 0.19548420351768575, 0.048211635938415015, 0.385837435540358, 0.19236872252945242, -0.059128727380236806], [0.15756345278475348, -0.5597977142750443, -0.07261253799382653, 0.4927130340066238, -0.008522099436351793, -0.09745585250307556, -0.6728094526190833, -0.5063084944028327, -0.00201528724372399, 0.5990907222088592, -0.03832524601586422], [-0.19803959822771144, -0.20677836325469456, -0.7104277131508046, -0.26499688508973246, -0.06638921609866325, 0.8442217760527847, -0.09685844886996209, 0.49471766169826276, 0.6881590316218069, 0.39723481348317724, -0.004823921039208465]], "inverted": true, "swapped": false, "error_lsq": 0.04604438973403951, "error_max": 0.2574165675958784, "target": "165.xyz", "model": "14.xyz", "model_rescale": 3.9786697098870705, "target_rescale": 3.893410035758519},
{"mapping": [6, 9, 0, 1, 4, 7, 2, 8, 5, 10, 11], "R": [[0.21531281131389546, 0.6180183707382803, -0.7561042829624156], [-0.9305361571971731, 0.36470008814311305, 0.03311050976840724], [0.29621420194316317, 0.6964532569658982, 0.6536130410485763]], "T": [-0.03357835414159435, -0.09948444773640644, 0.05457709062835086], "aligned_model": [[-0.7311707540087462, -0.5282402786773678, 0.14405598121460797, -0.07007924738223165, 0.5576489133163802, -0.30392447715881465, 0.5928201160853124, -0.004362900410057061, 0.4000316215735503, 0.20527052453750858, -0.12600167850738098], [0.2616892747591306, -0.4078205638099054, -0.24402473676228548, 0.48163592795772026, 0.05938866896157316, 0.12444573025428526, -0.6865403127014043, -0.5411184513173427, -0.32335035479777746, 0.6470093070701249, -0.07979396510368432], [-0.04678402928565079, -0.1637178657689493, -0.6022027307955561, -0.29419057593220466, 0.06572971794186994, 0.6146166022213381, -0.07518339709661953, 0.33086315644841463, 0.6921710306449171, 0.3338963983846685, 0.020820830363027204]], "inverted": false, "swapped": false, "error_lsq": 0.05266441796904999, "error_max": 0.2821322083384252, "target": "165.xyz", "model": "15.xyz", "model_rescale": 3.769337070930944, "target_rescale": 3.893410035758519},
{"mapping": [0, 1, 9, 3, 8, 4, 7, 5, 6, 2, 10], "R": [[-0.4254193530418377, -0.4223874424023144, -0.8003794241222696], [0.4268672835797904, -0.8734928258472955, 0.23408247564163656], [-0.797999183124065, -0.24207257526233342, 0.5519041330151342]], "T": [0.011083360688957137, -0.12018546245873561, 0.059300472176412315], "aligned_model": [[-0.5732520592255194, -0.5281807907896122, 0.3458058308988314, -0.05864886979411733, 0.7145358619825646, -0.23248916608480127, 0.19540199077086495, -0.23813972202783976, 0.4135948085756146, 0.09716524432613276, 0.00025469195064314193], [0.13517843706605692, -0.547982526984278, 0.035653301527852774, 0.3994407686152105, 0.13146445060073564, 0.03573881682813328, -0.8019461547312293, -0.6051570126138202, -0.029937887463816787, 0.5986762713414604, -0.05960793967587104], [0.16327888567996793, -0.3497377814305552, -0.6648920647141717, -0.3929930550030463, 0.0016757255170168003, 0.7834500201755814, -0.0518998113667393, 0.45012187908713525, 0.660421790237229, 0.20881159287567208, 0.06778195606716513]], "inverted": true, "swapped": false, "error_lsq": 0.05436972651048447, "error_max": 0.25750522664819653, "target": "165.xyz", "model": "16.xyz", "model_rescale": 3.7852294659196426, "target_rescale": 3.893410035758519},
{"mapping": [6, 11, 9, 10, 0, 5, 8, 2, 1, 4, 12], "R": [[-0.09361682944696703, 0.6052579447296884, 0.7905053507636055], [0.7812214763853078, -0.447552020879078, 0.435189836096172], [0.6171943730127951, 0.6583008498768984, -0.4309421039683823]], "T": [0.07016376659156401, -0.1452903896886988, 0.17367268527981095], "aligned_model": [[-0.72485219733349, -0.3948218275544031, 0.23869518056754055, -0.19837405807020606, 0.6710480736629719, -0.18962249307571652, 0.30665120180618494, -0.043983575094112215, 0.12768550216723384, 0.3009567196757678, 0.04266529383099055], [0.226139273560895, -0.5624492305422958, -0.135587960684961, 0.4121243553101668, 0.09691271984485908, 0.3036222117804923, -0.5894691514689174, -0.6748759836623096, -0.1537961901609052, 0.4981024636947342, -0.12920198316132397], [0.041828617288129394, -0.2106435558129625, -0.6741272975501763, -0.3424971647336452, -0.04085670428327609, 0.5776498951452069, -0.2398304366207033, 0.45756791960398935, 0.8598745910930776, 0.3595945347526228, 0.08745873824299256]], "inverted": true, "swapped": false, "error_lsq": 0.04853938144719195, "error_max": 0.2866333040004281, "target": "165.xyz", "model": "17.xyz", "model_rescale": 3.901054581598922, "target_rescale": 3.893410035758519},
{"mapping": [5, 3, 1, 8, 6, 9, 7, 12, 11, 10, 14], "R": [[-0.6323984067039421, 0.7587984206304952, -0.1558756300612172], [0.7048894497232654, 0.4802336350255, -0.5220215699174001], [-0.32125242235218643, -0.440000696179973, -0.8385679868048813]], "T": [-0.07345978149094416, -0.008766461826532436, -0.032336881132510445], "aligned_model": [[-0.5814459911430251, -0.44044309071844795, 0.3621499400792814, -0.29201861585717925, 0.6657752870545951, -0.30105021689850353, 0.30793241778538805, -0.07408389655729285, 0.3731735453483182, 0.19156387200470493, -0.07550543051507737], [0.32392381361974004, -0.6701599074004814, -0.07762755815334194, 0.44743388576645904, -0.1170629081606615, 0.12616584735012618, -0.5425242583718425, -0.6170093291443901, -0.1630822379997843, 0.6152139383421777, -0.03375076133756688], [0.11379059206269528, -0.13858117704069145, -0.5719551437237764, -0.4619082150415355, 0.04202129537829209, 0.5711409452915812, -0.12887510545584274, 0.3942956644081995, 0.6106532443804832, 0.42903571387284456, 0.016401322993005674]], "inverted": true, "swapped": false, "error_lsq": 0.04396122594163042, "error_max": 0.25261518465865823, "target": "165.xyz", "model": "18.xyz", "model_rescale": 3.9405287249114394, "target_rescale": 3.893410035758519},
{"mapping": [13, 11, 3, 12, 1, 7, 2, 5, 8, 4, 15], "R": [[-0.148767329562417, -0.7779527433594338, -0.6104570507041415], [-0.9083917591688335, -0.13642930945124454, 0.3952359490188219], [-0.3907591246906711, 0.6133323508687505, -0.6863896370493896]], "T": [-0.01717856388292968, 1.5567570083044324e-05, 0.04756035193158476], "aligned_model": [[-0.6648320398229527, -0.5488402066288226, 0.3067680393968323, 0.03104128893745345, 0.6093274436770929, -0.32201028100827256, 0.3606007937106547, 0.029256944851102445, 0.252833124731621, 0.08975335211495059, -0.007850639376898037], [0.161630149438988, -0.4717725240147928, 0.015938388793813763, 0.439060656335449, -0.004990200721979948, 0.20704198890575004, -0.7694246298870862, -0.7174492594050538, -0.17989265730457626, 0.6474642790722257, -0.03608566670230331], [-0.02830497217707672, -0.07061365608733475, -0.7399887937487004, -0.27655894406047027, -0.15976689845882044, 0.6474296994104376, -0.09586148227192126, 0.4651134723139097, 0.730933510732781, 0.37011385126358054, 0.0335233502088702]], "inverted": false, "swapped": false, "error_lsq": 0.04151277002180306, "error_max": 0.21013092381395423, "target": "165.xyz", "model": "19.xyz", "model_rescale": 4.410303926677745, "target_rescale": 3.893410035758519},
{"mapping": [11, 12, 2, 6, 1, 10, 7, 8, 5, 3, 13], "R": [[-0.01979102588635051, 0.7005632031497597, 0.7133158582892398], [0.8569738144806109, -0.355600717103207, 0.3730201218302261], [0.5149798021174399, 0.6186754628949123, -0.5933266174906102]], "T": [0.030027901886369876, 0.01098728993633584, -0.013289594967284782], "aligned_model": [[-0.7864557006588964, -0.4039507577088691, 0.27910272835352345, -0.20932987041604995, 0.7120149845116381, -0.33685566328953065, 0.2493756263972876, 0.06382979383964431, 0.27127054913128806, 0.2772590744261436, 0.01978705599658257], [0.1410010602767643, -0.5529820922303542, -0.0249777071954176, 0.5170840663899945, -0.3020575118996766, 0.12053444736428008, -0.62521069790532, -0.5845257551345803, -0.005302654964409265, 0.6410476592573489, -0.03309028944819554], [-0.07315837472978355, -0.26681670650175393, -0.6258881401465582, -0.16520974794304055, -0.01734697689682395, 0.713711012261148, -0.2456510826966926, 0.4717663055823583, 0.7870899061531371, 0.2472164011980323, 0.050306540845232575]], "inverted": true, "swapped": false, "error_lsq": 0.0460598165302103, "error_max": 0.2657851510930689, "target": "165.xyz", "model": "20.xyz", "model_rescale": 4.121658175737393, "target_rescale": 3.893410035758519},
{"mapping": [8, 9, 10, 6, 4, 5, 11, 7, 3, 1, 12], "R": [[0.845313140664714, 0.4085800644521815, 0.34424994575425716], [-0.500765168693168, 0.38131666455272256, 0.7770661793940652], [0.1862255085729686, -0.8292526347661717, 0.5269346522009172]], "T": [0.02124121968550747, 0.021225922341844644, 0.09032494834564211], "aligned_model": [[-0.6236097616274522, -0.3718041761594228, 0.17356015197916885, -0.11365583408651989, 0.5515352900862052, -0.4256999610433282, 0.33148149690093637, -0.017307187769655986, 0.46486676331947063, 0.1448098908327344, 0.02187114815062511], [0.1840515654592065, -0.454573566598653, -0.06164250127013557, 0.50226004138827, -0.11439061244100915, 0.07503581640401275, -0.7927530574869192, -0.5366550845034922, -0.1251623470391202, 0.6247440192729404, -0.009393748674666458], [-0.01624955380952317, -0.2862292155002847, -0.6703358228920875, -0.3256479152752505, -0.0815120567442642, 0.6014527271411962, -0.035206696792934394, 0.4828817750358523, 0.6045306995494734, 0.41106090856996647, 0.19127428784311107]], "inverted": false, "swapped": false, "error_lsq": 0.03869291034834366, "error_max": 0.1738476638791309, "target": "165.xyz", "model": "21.xyz", "model_rescale": 4.08911054899281, "target_rescale": 3.893410035758519},
{"mapping": [3, 12, 7, 4, 6, 15, 10, 9, 11, 1, 16], "R": [[-0.6702790390943856, 0.2645074268278459, -0.6933699091420245], [-0.44695375099372914, -0.8897464423920841, 0.09264778855032407], [-0.5924173817701022, 0.3720041524009399, 0.7146009770306192]], "T": [0.038370687837597416, -0.016294503099971304, 0.1121948447662486], "aligned_model": [[-0.7686002506181526, -0.36177613644418205, 0.21100862056219397, -0.2414524249451039, 0.7107073217422267, -0.30871692592392114, 0.3325063658535021, -0.12774021027633625, 0.3058390890901795, 0.34940309896862853, 0.03486927257372664], [0.1586494125333219, -0.5269106828250627, -0.22317904944459716, 0.5146284340697062, -0.031396179381080906, 0.1620068535894609, -0.7152407685245126, -0.6717580253848303, -0.0018786226226629558, 0.6199918845839977, 0.006607267916694418], [-0.15701019635522634, -0.2401162990459293, -0.5459777136694475, -0.2429277343631014, -0.20920757998294653, 0.7280242306112376, -0.16365607544636857, 0.3365212855712217, 0.8292344998620454, 0.4705199113470597, 0.0706148085967101]], "inverted": false, "swapped": false, "error_lsq": 0.04466030150804474, "error_max": 0.20251372547571053, "target": "165.xyz", "model": "22.xyz", "model_rescale": 4.204369325754507, "target_rescale": 3.893410035758519},
{"mapping": [13, 11, 3, 12, 1, 7, 2, 5, 8, 4, 15], "R": [[-0.148767329562417, -0.7779527433594338, -0.6104570507041415], [-0.9083917591688335, -0.13642930945124454, 0.3952359490188219], [-0.3907591246906711, 0.6133323508687505, -0.6863896370493896]], "T": [-0.01717856388292968, 1.5567570083044324e-05, 0.04756035193158476], "aligned_model": [[-0.6648320398229527, -0.5488402066288226, 0.3067680393968323, 0.03104128893745345, 0.6093274436770929, -0.32201028100827256, 0.3606007937106547, 0.029256944851102445, 0.252833124731621, 0.08975335211495059, -0.007850639376898037], [0.161630149438988, -0.4717725240147928, 0.015938388793813763, 0.439060656335449, -0.004990200721979948, 0.20704198890575004, -0.7694246298870862, -0.7174492594050538, -0.17989265730457626, 0.6474642790722257, -0.03608566670230331], [-0.02830497217707672, -0.07061365608733475, -0.7399887937487004, -0.27655894406047027, -0.15976689845882044, 0.6474296994104376, -0.09586148227192126, 0.4651134723139097, 0.730933510732781, 0.37011385126358054, 0.0335233502088702]], "inverted": false, "swapped": false, "error_lsq": 0.04151277002180306, "error_max": 0.21013092381395423, "target": "165.xyz", "model": "23.xyz", "model_rescale": 4.410303926677745, "target_rescale": 3.893410035758519},
{"mapping": [1, 2, 8, 10, 15, 7, 5, 12, 13, 11, 16], "R": [[-0.15020780722258498, 0.2729481930831507, 0.9502299187786216], [0.981847238522066, -0.0714093926109775, 0.175717668017546], [0.11581716131893399, 0.9593747873170184, -0.25726718135908777]], "T": [0.0836773881764048, -0.016516130560277086, 0.09781695176166097], "aligned_model": [[-0.6817655944206542, -0.43770024389071593, 0.3042828247468653, -0.08067163328041754, 0.7584348728727075, -0.3023900072194943, 0.23870836369253262, -0.015614019543581159, 0.29980426421548295, 0.08033101679886914, -0.027372023388832878], [0.3672579497526068, -0.6639448874903913, 0.07015639001588839, 0.3889812851853512, -0.12704989954127666, 0.08684018307875802, -0.6042691824498521, -0.6829971526830324, -0.11046444689625287, 0.5936025693752245, -0.02659228383658966], [0.15394043386368023, -0.2788730011948639, -0.6892839202915878, -0.3842050303568073, -0.10663062977434795, 0.629042266788603, -0.06378063501778583, 0.5361320191354492, 0.7601231582404778, 0.2665340534389349, 0.053020422293502706]], "inverted": false, "swapped": false, "error_lsq": 0.04053217683832324, "error_max": 0.21854623093035638, "target": "165.xyz", "model": "24.xyz", "model_rescale": 4.28219845311461, "target_rescale": 3.893410035758519},
{"mapping": [9, 13, 14, 11, 6, 3, 2, 4, 1, 5, 15], "R": [[0.7660625901504096, -0.5537992147350683, 0.32627371596692867], [0.631385889547291, 0.5532488272530652, -0.5433853086196612], [0.12041580648993797, 0.6222717773625366, 0.7734842394292518]], "T": [-0.029618527761849388, -0.07491645428512925, 0.042861590803929574], "aligned_model": [[-0.6047185419378296, -0.3781329674264433, 0.2536741043427959, -0.08705553120792278, 0.8555052612547838, -0.3075967437298387, 0.23956964108502524, -0.09800063791945798, 0.2101306769304532, 0.0341011680908666, 0.018571391100329147], [0.2723523455871457, -0.4436326406338329, -0.11188471500188407, 0.34857081325552997, -0.1674765235560317, -0.018943192191724856, -0.6412435918700593, -0.6327491562185618, 0.09373084045222027, 0.7151143674864427, -0.12231802279881006], [0.11727958734325464, -0.26617322310341457, -0.6632002033681028, -0.29453520247466175, -0.09921460936494655, 0.7637224998825825, -0.23207717942618136, 0.5106170148128353, 0.6120327493088676, 0.3544250384763318, 0.07314266503869052]], "inverted": true, "swapped": false, "error_lsq": 0.04418419751320369, "error_max": 0.20852806651737496, "target": "165.xyz", "model": "25.xyz", "model_rescale": 4.100010024507729, "target_rescale": 3.893410035758519},
{"mapping": [0, 1, 8, 10, 7, 6, 3, 2, 5, 4, 11], "R": [[0.6907698954876373, 0.6209993209127123, -0.3704008570642744], [-0.7230321581907275, 0.5987735987260097, -0.3445209365056974], [0.007838986545324111, 0.5057964223822209, 0.8626172554472167]], "T": [0.018337660359098323, -0.07039530076220775, 0.06413915835933569], "aligned_model": [[-0.6442680661144056, -0.5214690934529943, 0.0880974673054438, -0.020102464542811605, 0.6841723023625244, -0.2682204952327705, 0.33210528997532707, -0.016902279652394287, 0.42968062888042957, -0.0032580685619983014, 0.07621259961641148], [0.25222200885341656, -0.44405840749255115, -0.17012216376798373, 0.41554508942906443, -0.18593525985884019, -0.007944025217085857, -0.7319712010833525, -0.7098165474179146, 0.16461444453219343, 0.6705259412611877, 0.03846064527230002], [-0.11110695062670946, -0.19688019909462878, -0.5375633853320219, -0.3570337948472683, 0.02088416956648155, 0.6424698594201993, -0.2850582488060464, 0.43515924182912014, 0.6470229822781761, 0.5293368774456632, 0.08878858529228989]], "inverted": false, "swapped": false, "error_lsq": 0.050997400247481346, "error_max": 0.26949177974388255, "target": "165.xyz", "model": "26.xyz", "model_rescale": 3.6694154284099745, "target_rescale": 3.893410035758519},
{"mapping": [5, 3, 9, 8, 11, 0, 12, 6, 2, 4, 13], "R": [[-0.09686006723694246, -0.2384676565084653, 0.9663080793278175], [-0.7517791734986567, 0.6537847149029921, 0.08598616663679054], [-0.6522623718018169, -0.7181216633402545, -0.24260064916008472]], "T": [-0.0666099041111496, -0.0025219936238207313, 0.024741192226832576], "aligned_model": [[-0.7829871153018109, -0.29439262690603013, 0.1878460233035409, -0.14330764206032098, 0.7582079055715192, -0.25497608219091067, 0.3598377115073133, -0.13419893027596996, 0.3442650336463285, 0.12889759446233356, -0.03314405117323138], [0.27421388615331965, -0.6572491435058552, -0.12581814855576934, 0.5269122213745834, -0.23812696816856488, 0.17834181514600178, -0.6697870246528901, -0.5949233911219809, -0.10963446549051976, 0.717695414719634, -0.010103671387524327], [0.2150027066006359, -0.39032339399685545, -0.5956730038171324, -0.32479287108109883, 0.006265639589709826, 0.6319806909141613, -0.02656789913670786, 0.3648628463282871, 0.5556256901137805, 0.3691163841462029, 0.07052234746427216]], "inverted": false, "swapped": false, "error_lsq": 0.04630607783436466, "error_max": 0.24760961464634568, "target": "165.xyz", "model": "27.xyz", "model_rescale": 4.103607728864725, "target_rescale": 3.893410035758519},
{"mapping": [4, 7, 11, 13, 10, 2, 6, 0, 3, 12, 14], "R": [[0.673676830220731, 0.6424772319009233, -0.3652157374931641], [-0.6745082490646626, 0.7364764706537192, 0.051390953651051396], [0.3019903150226368, 0.21172013286971275, 0.9295033270355517]], "T": [0.1057144168870074, -0.16480831683876934, 0.012905564759778887], "aligned_model": [[-0.6722678597190852, -0.35489649967094383, 0.1556492614021603, -0.08856441474894629, 0.6131484249009538, -0.2825678497602589, 0.3589418517467016, -0.050260999678769666, 0.27875682336555535, 0.17840706187018968, -0.0002979791247955249], [0.2951959935135437, -0.6018951056817428, -0.10400257822746677, 0.3872401725028403, -0.1170440429425588, 0.16993391252098017, -0.606313218777125, -0.5125740399515262, -0.013588294343344326, 0.5970268559726095, -0.20245913007577515], [0.08181781968305885, -0.3289627843601206, -0.6696414350244623, -0.2652503878055339, 0.015045180571643363, 0.5406415096437778, -0.36421053228548345, 0.6165796591489952, 0.727552108810336, 0.40228528425931986, 0.12016271448372422]], "inverted": true, "swapped": false, "error_lsq": 0.04406845314097469, "error_max": 0.2671583685582732, "target": "165.xyz", "model": "28.xyz", "model_rescale": 4.137296879288765, "target_rescale": 3.893410035758519},
{"mapping": [8, 7, 2, 3, 5, 9, 1, 0, 6, 4, 10], "R": [[0.6672062666308749, 0.01593099056397851, -0.7447026260918789], [-0.3552507119433957, 0.8855470861286716, -0.29933808630498376], [0.6547004883396687, 0.46427638512923514, 0.5965020610015775]], "T": [-0.014095615057274498, -0.05603336530131286, 0.08040562622272746], "aligned_model": [[-0.6665288586084632, -0.5329094589197639, 0.42327077269427876, -0.17434463892289256, 0.6468465393056639, -0.45856808434741175, 0.19063837836890632, 0.09638325836165768, 0.39536389466463134, 0.23671046592590642, -0.02081444793975145], [0.23918969294657688, -0.48387456318768957, -0.01827236949783697, 0.4116752893402271, -0.17691313240280543, -0.08713666238407702, -0.6936835847695597, -0.6536233799918795, 0.10306493802611624, 0.6484618703814149, 0.002632426049947255], [0.006054522909960669, -0.16818304908580176, -0.5672083221502504, -0.3901659301702671, 0.03867197165894792, 0.722488973773951, -0.26375299336671115, 0.4285448731303324, 0.6488935000895462, 0.28143481669121323, 0.13924077364433415]], "inverted": false, "swapped": false, "error_lsq": 0.0511171783271278, "error_max": 0.24726962012628137, "target": "165.xyz", "model": "29.xyz", "model_rescale": 3.607286011436655, "target_rescale": 3.893410035758519},
{"mapping": [2, 3, 4, 7, 10, 1, 8, 9, 11, 13, 14], "R": [[0.41365006142837896, -0.62144078501851, -0.6653607873897258], [-0.8548278994276641, -0.5165984055082211, -0.048942310800068], [-0.3133095738090128, 0.589013954114791, -0.74491588304833]], "T": [0.05203935642317592, 0.00566479353833374, 0.012615895343330977], "aligned_model": [[-0.6306963483914255, -0.3669011959276326, 0.16116514206476062, -0.16009051731934157, 0.7607873906269205, -0.3692534243824205, 0.33605537655027906, -0.07378496988358738, 0.3905191615169911, 0.04797055925758428, 0.040276646470633365], [0.4205519371360519, -0.5897427884894472, -0.2999023376590738, 0.6453735830892068, -0.12352289264928032, -0.017981808966771026, -0.6069268738413935, -0.628064731744328, -0.02506343665947121, 0.6144698334264302, -0.09766995913148967], [0.12161203628368729, -0.29791600499156845, -0.613139472945386, -0.3682548777212228, -0.0035601440916264576, 0.6125319643783653, -0.08338057674325228, 0.4565893580663312, 0.4911744187965446, 0.4191062281288741, 0.1412562079645085]], "inverted": true, "swapped": false, "error_lsq": 0.045797583911448385, "error_max": 0.21180549058600756, "target": "165.xyz", "model": "30.xyz", "model_rescale": 3.964800864290218, "target_rescale": 3.893410035758519},
