[{"mapping": [1, 6, 8, 3, 5, 2, 4, 0, 7, 10, 9, 11], "R": [[0.7261912221511451, 0.6445658221573666, 0.23912592870122806], [-0.6005712000663789, 0.7640532235942599, -0.23566269362385261], [-0.3346050545366225, 0.02752403353105249, 0.9419564135652593]], "T": [0.09047123078443894, 0.06716814862743993, -0.01696378331287461], "aligned_model": [[-0.20017517643208918, 0.36707515578355787, 0.636464029507995, 0.4264912186198877, -0.7153654117717554, 0.07045331776263705, 0.10891916616596653, -0.4036892388165192, -0.3375644889580526, -0.11983743738771266, 0.5443720647966116, 0.024072255255848635], [-0.5682200316184487, -0.491662167341512, -0.17606132043232153, 0.667702285767098, 0.009747325083967147, -0.3112461446156165, 0.6129626673152512, 0.08801240798268113, -0.35972079718308253, 0.4438557353953927, 0.15785583528628874, 0.0642856849136069], [-0.1339556030905726, 0.3522968754149134, -0.2310543711819707, 0.004986904419325047, 0.17281631856100088, -0.7277043487894996, -0.6120406554848958, -0.3886657353351817, 0.7118397296008057, 0.5080486660932864, 0.3768714624428675, -0.037338359131635745]], "inverted": false, "swapped": false, "error_lsq": 0.0389994730332034, "error_max": 0.22038898418460198, "target": "166.xyz", "model": "0.xyz", "model_rescale": 3.751011558992144, "target_rescale": 3.846974069884703},
{"mapping": [0, 8, 4, 9, 3, 6, 11, 7, 2, 13, 5, 14], "R": [[-0.5457889235208467, -0.5119011652167339, 0.6633789625935586], [0.3075220735975598, 0.6140781355596837, 0.7268687761059766], [-0.7794514899672801, 0.6007206010095653, -0.17773613676035124]], "T": [0.098426003110207, -0.001565013624716267, -0.05663449696280303], "aligned_model": [[-0.4469198997101489, 0.4451170742351501, 0.7431671162241146, 0.2908230286948867, -0.61802933010386, 0.11264500553142963, 0.11331742196585276, -0.3820664203089461, -0.14859296550446915, -0.16121347935435903, 0.37165860086098446, 0.08130930199574037], [-0.5245786159838747, -0.44765775471982927, -0.4000854326360255, 0.6071068395859678, 0.03997941395527789, -0.03141954166859373, 0.5773658387512968, -0.0857811298592319, -0.2415096125341838, 0.41655110954727903, 0.17778703759950973, 0.049753328515712195], [0.010886881309805412, 0.2915390512633094, -0.2826087047863914, 0.10674108563610801, 0.2048453408047506, -0.8067226733764588, -0.6055865010017033, -0.5057577546553971, 0.6951276466616447, 0.4774707782308915, 0.4755899258549073, -0.06542419242302415]], "inverted": false, "swapped": false, "error_lsq": 0.04550352611603672, "error_max": 0.2473060086661758, "target": "166.xyz", "model": "1.xyz", "model_rescale": 3.9405287249114394, "target_rescale": 3.846974069884703},
{"mapping": [6, 0, 5, 8, 7, 11, 10, 3, 1, 4, 2, 12], "R": [[0.9215789843361312, 0.10670333498230543, 0.3732379588595446], [-0.2666996573452232, 0.8726748908359424, 0.4090352401400358], [-0.282069970755353, -0.4765007169020107, 0.8326965824296053]], "T": [0.03466960903151153, 0.023091883242359335, 0.0018080009461925901], "aligned_model": [[-0.214326665181541, 0.2510699873697335, 0.7040575531887974, 0.17216804264579585, -0.7374805210866393, 0.29017321645803024, -0.009598889418440497, -0.4220767708640339, -0.05511758272932322, -0.24468445281848536, 0.5782985922668973, 0.0887329446955841], [-0.41285019840537984, -0.7703233384223498, -0.24249693159199176, 0.7772379556656476, -0.10181996371409464, -0.24404980107539476, 0.5086877517884087, 0.2727012965958246, -0.19181222001775036, 0.5230870584523439, -0.028428596093767633, 0.04757846737180844], [-0.20630506992173248, 0.1648820655968718, -0.09544754917058006, -0.11241831962796027, 0.13254078262160657, -0.6072630262165607, -0.6864681586063267, -0.23457635510670768, 0.758762965891887, 0.4063594250908312, 0.40921786375887315, 0.06681625920824102]], "inverted": true, "swapped": false, "error_lsq": 0.0546445929663379, "error_max": 0.30631520732487383, "target": "166.xyz", "model": "2.xyz", "model_rescale": 3.932901565614263, "target_rescale": 3.846974069884703},
{"mapping": [9, 10, 6, 0, 8, 5, 4, 7, 11, 3, 1, 13], "R": [[0.6851743564117365, -0.47227421557735083, -0.5545206638318909], [-0.5116482345491207, 0.2297797528509462, -0.8278993593804298], [0.5184131416144182, 0.8509749294077684, -0.08419907434712738]], "T": [0.03866905543059386, 0.04080049287009019, 0.03706740577674959], "aligned_model": [[-0.4341444414454652, 0.4368773981942189, 0.586357000583205, 0.21606912487965446, -0.6359245588898642, 0.08543381260914855, 0.2898848705918885, -0.45645555667454174, -0.15009666772158303, -0.21751502907277565, 0.6001895805661087, 0.08053992090638112], [-0.4191825705544852, -0.48602867824958157, -0.23103022024265507, 0.6868817859984495, -0.07999106344988166, -0.2765548748350974, 0.5081288297955132, 0.23745354712644626, -0.38121403667064785, 0.36108805061237603, 0.2743729388559848, -0.05641222783311646], [-0.2864382632975668, 0.31460403491250777, -0.26762627453986826, 0.04471640388514629, 0.29997343646408303, -0.6062818879427686, -0.6569940066768891, -0.4382448516777873, 0.801253205819366, 0.3411579733448203, 0.4600416759633124, -0.010060562735913256]], "inverted": false, "swapped": false, "error_lsq": 0.05164066427429042, "error_max": 0.28873185243564514, "target": "166.xyz", "model": "3.xyz", "model_rescale": 3.9243930471874484, "target_rescale": 3.846974069884703},
{"mapping": [9, 8, 7, 3, 11, 1, 0, 5, 10, 6, 4, 12], "R": [[-0.8674880371949618, -0.17243567418479827, 0.4666159487116435], [-0.2022303359686588, 0.9792365466301061, -0.014095281407189963], [-0.45449686086664715, -0.10659138807792398, -0.8843477141090971]], "T": [0.04042407031384328, -0.026015401037908656, 0.05902807378420412], "aligned_model": [[-0.27813367585646764, 0.2792073599086783, 0.7273609982419625, 0.244390958024289, -0.7021686674395277, 0.10656964755829922, 0.22445474228530793, -0.3735030209544823, -0.016189965848898216, -0.41360459327293747, 0.5986162101895457, 0.004215461690605979], [-0.6446476959716575, -0.5647698653632638, -0.2515372184721398, 0.5910285598687951, -0.1985140985522631, -0.18234010782670795, 0.5403593486639592, 0.3490411037894464, -0.06181853684795453, 0.5152431439313419, 0.010367411363163923, 0.03509943597058451], [-0.05717191673545881, 0.28052872095255055, -0.287636498709173, 0.2339784364330274, 0.2710052107101532, -0.6347641491765887, -0.5481578187021658, -0.4524600307458178, 0.7609117578048856, 0.20874004683940928, 0.257686311425761, -0.03655918657814053]], "inverted": true, "swapped": false, "error_lsq": 0.05406722294121801, "error_max": 0.3272512651925464, "target": "166.xyz", "model": "4.xyz", "model_rescale": 3.8936222436046832, "target_rescale": 3.846974069884703},
{"mapping": [9, 8, 7, 4, 0, 6, 5, 1, 3, 2, 10, 11], "R": [[-0.11072044033712353, -0.8373425685214961, -0.5353488647913408], [0.848802245894352, -0.35987343981479253, 0.3873317114316525], [-0.5169871675934109, -0.41151978112563764, 0.7505835984659204]], "T": [0.08249385015479788, -0.059685431125671186, 0.02911101625184214], "aligned_model": [[-0.25082633680777194, 0.34576066189119936, 0.6800654001031106, 0.2843240277252316, -0.7553318757860987, 0.14277881465981745, 0.241189327334559, -0.5411932177699748, -0.13386693551881843, -0.19449040577249488, 0.4973428905088535, 0.08546310395876232], [-0.55887903629974, -0.6781234323268192, -0.13612294368602473, 0.7082715211270486, -0.09556660326295893, -0.23931963843834586, 0.4099358900205213, 0.2655065108701706, -0.23808347647481104, 0.48211407265034273, 0.14613530005016764, 0.07164331632375348], [-0.11833165510828714, 0.3358484460502005, -0.2092439223460654, 0.01765249036707838, 0.3110310464282827, -0.7446498658851983, -0.6123267572651655, -0.35608167491119325, 0.5307525019360809, 0.4614204940574897, 0.45923367296807094, -0.07920389277285103]], "inverted": true, "swapped": false, "error_lsq": 0.039049639526795, "error_max": 0.2280347554457413, "target": "166.xyz", "model": "5.xyz", "model_rescale": 3.6523030999806103, "target_rescale": 3.846974069884703},
{"mapping": [8, 6, 10, 4, 5, 9, 11, 7, 1, 3, 2, 12], "R": [[-0.20377410419815994, -0.9700056817681257, 0.13253336106728464], [-0.9783892427291785, 0.19691794462566697, -0.06306990404485885], [0.035079968216382484, -0.1425212279695784, -0.9891699021947549]], "T": [0.0024201078786880437, -0.0362122840947186, 0.02664191482608636], "aligned_model": [[-0.218840303117617, 0.35903821940543235, 0.7045314604853049, 0.4010847063719669, -0.6498786796427725, 0.03334086110079706, 0.1354556619024811, -0.4379879386556519, -0.1016910929569271, -0.21973037437488355, 0.48261175780217624, -0.0867188237939313], [-0.656036013937163, -0.5456190425992117, -0.16450833323371383, 0.3761141921219782, -0.2137852742004265, -0.23527842332956567, 0.5746338406869927, 0.3707225966326839, -0.1312307987765365, 0.5749097974137249, 0.169284339542525, 0.018304600232017014], [-0.1167647695245301, 0.21625398984546132, -0.28840223126018005, 0.040244004585824826, 0.10957354310923878, -0.6676775033172863, -0.5928236260603515, -0.3008681080623212, 0.7067207379941585, 0.27122251028548194, 0.5774583554182033, 0.041163980504742674]], "inverted": true, "swapped": false, "error_lsq": 0.0518496956693812, "error_max": 0.3265258306525071, "target": "166.xyz", "model": "6.xyz", "model_rescale": 4.08911054899281, "target_rescale": 3.846974069884703},
{"mapping": [7, 12, 10, 9, 2, 4, 3, 6, 13, 1, 11, 14], "R": [[-0.688436979687601, 0.21003548707579894, 0.6942187113348687], [-0.31205963288408783, -0.9498054979473406, -0.022097547222552125], [0.6547314797097067, -0.23185040486882152, 0.7194248252870494]], "T": [0.07992535024139744, -0.017817994037795888, -0.059612640286177826], "aligned_model": [[-0.4591658378314949, 0.3497138095453298, 0.7563855772699781, 0.3311104622485156, -0.6846462672823336, 0.20072461899959024, -0.07719980774295285, -0.33446313091777014, -0.12293543491876452, -0.17246584187361905, 0.4755986075211456, 0.1385586995087509], [-0.5716657935508375, -0.5622602045807091, -0.2643000614703803, 0.7204101871652402, 0.04090573026829205, -0.11656931729339606, 0.4949088212390225, 0.044167534094295524, -0.2966882971800823, 0.46769013994869824, 0.057480332507444186, 0.12343240940571698], [-0.10345634512700935, 0.3129444487844152, -0.08999438125971801, 0.020901332981940135, 0.18962882731506722, -0.7470027787992413, -0.6417417787857531, -0.3308744095022974, 0.5861221181256295, 0.4287792073434774, 0.36735796578674307, 0.0034366766551889028]], "inverted": false, "swapped": false, "error_lsq": 0.039433304446058734, "error_max": 0.24466970697283966, "target": "166.xyz", "model": "7.xyz", "model_rescale": 3.964800864290218, "target_rescale": 3.846974069884703},
{"mapping": [12, 2, 1, 3, 11, 8, 5, 9, 4, 6, 0, 13], "R": [[0.01095736911012496, -0.6200956938088931, -0.7844496584114575], [-0.9865271119145891, -0.13476535843479126, 0.0927499629293862], [-0.16323049200331652, 0.7728645603762733, -0.6132178876995888]], "T": [0.06477979369893828, 0.016779457279949256, 0.0040914343713311305], "aligned_model": [[-0.3798821339868793, 0.36371810531197873, 0.7235278586892748, 0.32731350976371504, -0.7335736450479788, 0.018622376845250824, 0.23361503015008273, -0.4697810639962665, -0.24090599880319097, -0.12816247671412068, 0.6404508027643095, 0.04627308955019959], [-0.581156774499763, -0.4044982351730545, -0.21871583248262513, 0.6680187065932683, 0.07014021355917605, -0.12368330025981253, 0.523861309575192, -0.07188002600523936, -0.2492476117415444, 0.30258705371792294, 0.19791138489308494, 0.024174592376699222], [-0.12009781669485722, 0.41854254058955465, -0.2674096642333029, 0.18554716942936353, 0.22069646899417117, -0.7503602128672459, -0.6388964200813736, -0.42045645719378405, 0.5793124265334921, 0.4705602128385948, 0.39003636132795083, -0.07137372512412124]], "inverted": false, "swapped": false, "error_lsq": 0.044183628148197436, "error_max": 0.2806725424055964, "target": "166.xyz", "model": "8.xyz", "model_rescale": 4.121658175737393, "target_rescale": 3.846974069884703},
{"mapping": [5, 7, 11, 2, 4, 10, 3, 0, 9, 1, 8, 12], "R": [[-0.9242846999480625, -0.29648510971089026, -0.24040460303754907], [-0.2509845634979095, -0.002453997724198742, 0.9679879786345146], [-0.28758397439301797, 0.9550343227418013, -0.07214499329423324]], "T": [0.093025482599267, -0.01216131069173111, 0.05542351129286424], "aligned_model": [[-0.2697939254765434, 0.4294540089527098, 0.6451516159504862, 0.21674768706056446, -0.7518414126434797, 0.07117283263392965, 0.37360834221871697, -0.5220792465982381, -0.18508570079051545, -0.3251866945131877, 0.6824421991117865, 0.03662574862014617], [-0.4570059845288709, -0.5694886475382377, -0.15726259567002604, 0.6669715702136336, -0.02632531247053259, -0.24583295695471663, 0.36875217076547195, 0.27063731595329144, -0.477226282796057, 0.4991568269867428, 0.21569946849545601, 0.049435908097149844], [-0.17303479903535246, 0.23266063091636868, -0.22230733777108727, -0.020850973663130906, 0.32768667092930237, -0.6666574080074615, -0.5761318465356852, -0.3451952002132648, 0.6875299567829292, 0.25185174935808907, 0.4176675413763258, 0.08288189938140936]], "inverted": true, "swapped": false, "error_lsq": 0.05108038362075253, "error_max": 0.31225299845856486, "target": "166.xyz", "model": "9.xyz", "model_rescale": 3.833441315466971, "target_rescale": 3.846974069884703},
{"mapping": [0, 10, 8, 7, 1, 2, 3, 5, 12, 6, 11, 14], "R": [[-0.416879274863424, -0.7086293552719711, -0.5692592617043454], [0.36679750295848723, -0.7041673541184279, 0.6079538874102799], [-0.8316677593923937, 0.04464050000485137, 0.5534762540042278]], "T": [0.003245940113122691, 0.03838875267057798, -0.003876205738597715], "aligned_model": [[-0.3425954018343456, 0.3724949984339509, 0.698232194350861, 0.4828044940921452, -0.656702529621814, 0.09101500904926459, 0.17101938834637334, -0.4970181836501824, -0.10759181140471075, -0.4063877500405685, 0.540758104035251, 0.05518694277015043], [-0.5472075122784748, -0.6466305034057998, -0.2748642103810177, 0.49597713565757906, -0.14258900555298284, -0.006705308040167057, 0.6904904092007256, -0.05594239584070253, -0.0007954388332097606, 0.4752820928801975, 0.06716292226595491, 0.0833332948812017], [0.0320924247796696, 0.2609971512711586, -0.16643711720483392, 0.0635807571540986, 0.2741957296247445, -0.7158546963928683, -0.5524537748810064, -0.44915436864678016, 0.5870549656218563, 0.3163643557405298, 0.415158162593426, -0.06944270614155215]], "inverted": true, "swapped": false, "error_lsq": 0.04437842324970296, "error_max": 0.27202785708278177, "target": "166.xyz", "model": "10.xyz", "model_rescale": 4.2482417240324, "target_rescale": 3.846974069884703},
{"mapping": [2, 6, 4, 10, 3, 5, 9, 7, 1, 8, 0, 11], "R": [[-0.9273604683912252, 0.34450444031207333, 0.14601113748777028], [-0.14810202319309157, 0.020395290214138773, -0.9887617624398681], [-0.3436107570948856, -0.9385631160142328, 0.032108018723262965]], "T": [0.01007785770457851, -0.02702058032421635, 0.049410282172121574], "aligned_model": [[-0.3927713692622337, 0.36886370495622905, 0.7690930136319185, 0.3068065296620444, -0.7898374582057561, 0.17730709713691067, 0.1544094803864167, -0.41817746526932004, -0.11570504838612147, -0.28213887403869053, 0.5439219976761871, 0.07944384623879072], [-0.6439206659293036, -0.5655352475756078, -0.08473077811426911, 0.5412244739048983, 0.05012118576493471, -0.2969709012324264, 0.5664578534920484, 0.14050406847574548, -0.12795495901433152, 0.4541035655131723, 0.08595608109057966, 0.018256804177864197], [0.11943935540142586, 0.00749599928412676, -0.3823362943931992, 0.11306573061922298, 0.16011828436013703, -0.6312859614211336, -0.5039997226416031, -0.44767031198170687, 0.7372601680425929, 0.2943322430828158, 0.5748493215738321, -0.04516792840806808]], "inverted": false, "swapped": false, "error_lsq": 0.03921759228563336, "error_max": 0.21557279346718713, "target": "166.xyz", "model": "11.xyz", "model_rescale": 3.6694154284099745, "target_rescale": 3.846974069884703},
{"mapping": [4, 3, 8, 10, 0, 11, 7, 6, 1, 12, 2, 13], "R": [[-0.13938553302925358, -0.8470640247109372, -0.5128881078974824], [0.9204490736538741, 0.08017013150326288, -0.382552287699962], [0.36516458753810704, -0.5254096383349456, 0.7685047403580969]], "T": [-0.010937815509796486, 0.12834116842102883, -0.09047224583502107], "aligned_model": [[-0.21517016779729453, 0.3009642525139045, 0.6640381023379062, 0.4099161601723133, -0.6536063017834478, 0.1569019913468807, 0.024576112241579254, -0.4164490802981319, -0.08087713660000644, -0.10644706722144831, 0.4142278844293302, -0.09685929481520991], [-0.5822014687073529, -0.5933108478660444, -0.2107659356717616, 0.5964025161216057, -0.04670901782769027, -0.27732784957843126, 0.7270020480714332, 0.04163477820310149, -0.2312461736187134, 0.5840920509484736, 0.057481170115286334, 0.07246021036339831], [-0.0573519068866923, 0.2605040609930343, -0.13532459906807354, -0.004860954233246076, 0.16851137038515723, -0.6840133951892519, -0.5292309843023228, -0.4750466202787833, 0.6725997880594179, 0.4044394798084762, 0.39996282797974964, -0.024088183749023023]], "inverted": true, "swapped": false, "error_lsq": 0.04026936620652539, "error_max": 0.22636074957187388, "target": "166.xyz", "model": "12.xyz", "model_rescale": 3.9764082729961374, "target_rescale": 3.846974069884703},
{"mapping": [10, 8, 3, 4, 12, 14, 6, 13, 1, 9, 7, 15], "R": [[-0.5528015378559155, 0.8016390182321249, -0.22756393429533112], [0.7240641103082097, 0.32689737162139565, -0.6073460896314423], [-0.4124822710223019, -0.5005127299828228, -0.7611474122779545]], "T": [-0.006874310996007459, 0.09225965191394879, 0.061621913903132625], "aligned_model": [[-0.36558354235342516, 0.2684299422999602, 0.6861183230864876, 0.4328919278472917, -0.6380286475604405, 0.20196081462457535, -0.004357082486222456, -0.3674660532810531, -0.28698974638776376, -0.2937551424937859, 0.6790286710952149, 0.08896599013553669], [-0.6235136896589862, -0.5413060715989837, -0.29878311961231563, 0.6594193151292503, 0.010460836102955035, -0.07008814466780706, 0.5297421084377391, 0.015210392977402662, -0.23728423762168677, 0.394130610023786, 0.18287280939922151, 0.11665067164272952], [0.13333739194483876, 0.21147143427351303, -0.21276869682922148, 0.03335013690995345, 0.1081696540856322, -0.6925923280912449, -0.5646859732368675, -0.42676067513958005, 0.5266581984939236, 0.49529510847090186, 0.36552988315025126, 0.019096749486342025]], "inverted": false, "swapped": false, "error_lsq": 0.044201067683764805, "error_max": 0.21249597687297794, "target": "166.xyz", "model": "13.xyz", "model_rescale": 4.170626492500431, "target_rescale": 3.846974069884703},
{"mapping": [11, 6, 4, 0, 9, 12, 8, 10, 3, 1, 2, 13], "R": [[0.10666883838762797, 0.5241001884780003, -0.8449501472598004], [0.7326356760502399, -0.6159507654017262, -0.2895679899081309], [-0.6722103280190224, -0.5881527412486931, -0.4496772485530105]], "T": [0.0754436845627972, 0.05482188687596905, -0.0030037563801852104], "aligned_model": [[-0.34407206591940204, 0.3220034774062958, 0.6931475855984178, 0.24414461616928962, -0.7272173231240778, 0.08465048694253895, 0.21966971855035416, -0.33012211485135584, -0.07376339550584836, -0.3500226997881343, 0.607973608286055, 0.05482356076224225], [-0.5127619396818347, -0.7065566871644152, 0.033266844055270375, 0.5831135309257433, 0.03880118239612114, -0.22323162995303863, 0.416598567410256, 0.12989684258370754, -0.18968619610467402, 0.5194773258935922, 0.09335438780808587, -0.04476074761550948], [0.03591649616914358, 0.25584021703872456, -0.3509123670344695, 0.21678327924787585, 0.10555536221856812, -0.6799879495155448, -0.6353587020766159, -0.3879822471376159, 0.6242335583934202, 0.43732356354674295, 0.3815210073835572, -0.006831334715343991]], "inverted": false, "swapped": false, "error_lsq": 0.03951205661080223, "error_max": 0.22671984247059004, "target": "166.xyz", "model": "14.xyz", "model_rescale": 3.9786697098870705, "target_rescale": 3.846974069884703},
{"mapping": [2, 4, 10, 6, 3, 5, 7, 8, 0, 9, 1, 11], "R": [[0.8611998023645637, -0.5082660829160123, 0.0006995458886600303], [0.28789223673730097, 0.4866658803462203, -0.8247874762223495], [0.4188710546619697, 0.7105082053460412, 0.5654424194401384]], "T": [0.06748199358566892, 0.04702187230053821, 0.001393425880093938], "aligned_model": [[-0.44360632110011383, 0.301740851811359, 0.8624180054481057, 0.3237399125322231, -0.8142536130702107, -0.03462368311732632, 0.30862707510471904, -0.3373175685100482, -0.11682955918897683, -0.3221650870651931, 0.6018398737733044, 0.07164556790853341], [-0.6548575654441222, -0.5161702007383356, -0.0686131165251073, 0.7659857704441575, 0.04170908512207104, -0.33379227750491325, 0.40438027482926175, -0.0020450571317668365, -0.22065488979033016, 0.47357426591966767, 0.11136856683820297, 0.13662662453451907], [0.00020779106319234516, -0.05201262527630119, -0.21546199807887498, 0.21300269540113598, 0.26151517920003864, -0.6980453504419816, -0.49962556297360816, -0.3241182897081405, 0.6163600823982268, 0.2330018801456421, 0.4149067270879211, 0.046370354701191774]], "inverted": true, "swapped": false, "error_lsq": 0.051772482709811773, "error_max": 0.2917340458724349, "target": "166.xyz", "model": "15.xyz", "model_rescale": 3.769337070930944, "target_rescale": 3.846974069884703},
{"mapping": [8, 10, 0, 1, 4, 9, 7, 3, 5, 2, 11], "R": [[0.632003269977051, -0.6580008369623442, 0.4093980523832143], [0.41869531046561725, 0.7344608072533922, 0.5340988294340252], [-0.6521243008295391, -0.1661391620466102, 0.7396834965727133]], "T": [0.057441878782903834, 0.06520635911416624, 0.011647242829999613], "aligned_model": [[-0.2953252141703856, -0.4127994897563465, -0.07154168764359276, -0.658550552838171, 0.4560653426962477, 0.40338865604193924, 0.5309792813250518, 0.20551867879163285, 0.11050074119956718, -0.41778571770701634, 0.07217609275224447], [-0.055445419670815996, -0.48273527295846613, 0.6514803828371583, 0.2384318774262148, 0.2526141488178218, -0.39309808537759183, 0.4138807728555844, -0.5588499333325438, 0.5173101549970929, -0.0035141489309773594, 0.015990020961865234], [-0.6341212571075132, 0.05286594992472769, -0.27156914669008714, -0.014260932528404338, -0.6205062926016813, -0.37405569784187775, -0.020281047975382063, 0.29379498323065023, 0.5839678846871695, 0.6457632046864451, 0.10261995943973032]], "inverted": true, "swapped": true, "error_lsq": 0.03982952329534727, "error_max": 0.2722651152136806, "target": "166.xyz", "model": "16.xyz", "model_rescale": 3.7852294659196426, "target_rescale": 3.846974069884703},
{"mapping": [4, 0, 9, 11, 1, 10, 6, 5, 3, 2, 8, 12], "R": [[0.7991826576132675, 0.4535873289093797, -0.3944180711162329], [0.35966318816110887, 0.1648974583470963, 0.9183960035368485], [0.48161132757855923, -0.8758238197740013, -0.031355475829523534]], "T": [-0.010051043017280208, 0.046921137533107865, 0.051587773741765715], "aligned_model": [[-0.3236569569325976, 0.203152887513518, 0.8218439592714747, 0.41164072853644, -0.6614830796678224, 0.31713649856847725, -0.06507920847435125, -0.5398062543849019, -0.18971061258953337, -0.1636682007429555, 0.5250733108207609, 0.06577238260786653], [-0.5142124479992136, -0.5900363644660774, -0.1477774743509944, 0.6433318935205902, 0.05128679114340512, -0.11230587957407279, 0.4426737742869984, 0.006638145818889635, -0.2748113478522224, 0.47724319580151986, 0.10216564434309991, 0.053315549881382325], [-0.2460145028533131, 0.17232045528201026, -0.07996047295593073, -0.014762315780394865, 0.2749068211626053, -0.6673351323708145, -0.7407158217383742, -0.3356404627903623, 0.7563615091146492, 0.4581732088598864, 0.4187333601910779, 3.4237397403408254e-05]], "inverted": false, "swapped": false, "error_lsq": 0.043618543378720454, "error_max": 0.274777912842993, "target": "166.xyz", "model": "17.xyz", "model_rescale": 3.901054581598922, "target_rescale": 3.846974069884703},
{"mapping": [0, 8, 4, 9, 3, 6, 11, 7, 2, 13, 5, 14], "R": [[-0.5457889235208467, -0.5119011652167339, 0.6633789625935586], [0.3075220735975598, 0.6140781355596837, 0.7268687761059766], [-0.7794514899672801, 0.6007206010095653, -0.17773613676035124]], "T": [0.098426003110207, -0.001565013624716267, -0.05663449696280303], "aligned_model": [[-0.4469198997101489, 0.4451170742351501, 0.7431671162241146, 0.2908230286948867, -0.61802933010386, 0.11264500553142963, 0.11331742196585276, -0.3820664203089461, -0.14859296550446915, -0.16121347935435903, 0.37165860086098446, 0.08130930199574037], [-0.5245786159838747, -0.44765775471982927, -0.4000854326360255, 0.6071068395859678, 0.03997941395527789, -0.03141954166859373, 0.5773658387512968, -0.0857811298592319, -0.2415096125341838, 0.41655110954727903, 0.17778703759950973, 0.049753328515712195], [0.010886881309805412, 0.2915390512633094, -0.2826087047863914, 0.10674108563610801, 0.2048453408047506, -0.8067226733764588, -0.6055865010017033, -0.5057577546553971, 0.6951276466616447, 0.4774707782308915, 0.4755899258549073, -0.06542419242302415]], "inverted": false, "swapped": false, "error_lsq": 0.04550352611603672, "error_max": 0.2473060086661758, "target": "166.xyz", "model": "18.xyz", "model_rescale": 3.9405287249114394, "target_rescale": 3.846974069884703},
{"mapping": [5, 11, 13, 12, 6, 7, 4, 8, 2, 1, 14, 15], "R": [[-0.014220008471873935, 0.24741935915405255, 0.9688041350421963], [-0.6684704739229553, -0.7229034581535929, 0.1748079394157955], [0.7436027278408005, -0.6451311889107323, 0.17567222957071443]], "T": [0.10972791329809861, 0.09444641202765414, 0.0011898821378158887], "aligned_model": [[-0.3983249267445228, 0.41454341685516305, 0.7130795031593767, 0.39554070113959583, -0.6249107863230545, 0.11846066933914304, 0.09680070225863646, -0.5134286664460135, -0.3913907485216953, -0.2766195166380718, 0.7709745081598683, 0.0964905982879499], [-0.5619407608135559, -0.5305934600826147, -0.11691192045336696, 0.5593859826304947, 0.039357661838708966, -0.09559030225628176, 0.5580845082269, -0.10156968621481177, -0.2487822190674982, 0.5009973778135608, 0.059185029194097225, 0.07588926973767227], [0.049156889684855834, 0.18993804494595662, -0.2052667953387852, 0.048952924370387396, 0.12590822968051343, -0.6766267118885005, -0.5640867152758382, -0.3802884552384723, 0.6228002718398653, 0.3489993121130556, 0.4027475215129941, 0.03386636711241037]], "inverted": false, "swapped": false, "error_lsq": 0.03920408025721851, "error_max": 0.251936833863216, "target": "166.xyz", "model": "19.xyz", "model_rescale": 4.410303926677745, "target_rescale": 3.846974069884703},
{"mapping": [12, 2, 1, 3, 11, 8, 5, 9, 4, 6, 0, 13], "R": [[0.01095736911012496, -0.6200956938088931, -0.7844496584114575], [-0.9865271119145891, -0.13476535843479126, 0.0927499629293862], [-0.16323049200331652, 0.7728645603762733, -0.6132178876995888]], "T": [0.06477979369893828, 0.016779457279949256, 0.0040914343713311305], "aligned_model": [[-0.3798821339868793, 0.36371810531197873, 0.7235278586892748, 0.32731350976371504, -0.7335736450479788, 0.018622376845250824, 0.23361503015008273, -0.4697810639962665, -0.24090599880319097, -0.12816247671412068, 0.6404508027643095, 0.04627308955019959], [-0.581156774499763, -0.4044982351730545, -0.21871583248262513, 0.6680187065932683, 0.07014021355917605, -0.12368330025981253, 0.523861309575192, -0.07188002600523936, -0.2492476117415444, 0.30258705371792294, 0.19791138489308494, 0.024174592376699222], [-0.12009781669485722, 0.41854254058955465, -0.2674096642333029, 0.18554716942936353, 0.22069646899417117, -0.7503602128672459, -0.6388964200813736, -0.42045645719378405, 0.5793124265334921, 0.4705602128385948, 0.39003636132795083, -0.07137372512412124]], "inverted": false, "swapped": false, "error_lsq": 0.044183628148197436, "error_max": 0.2806725424055964, "target": "166.xyz", "model": "20.xyz", "model_rescale": 4.121658175737393, "target_rescale": 3.846974069884703},
{"mapping": [8, 6, 10, 4, 5, 9, 11, 7, 1, 3, 2, 12], "R": [[-0.20377410419815994, -0.9700056817681257, 0.13253336106728464], [-0.9783892427291785, 0.19691794462566697, -0.06306990404485885], [0.035079968216382484, -0.1425212279695784, -0.9891699021947549]], "T": [0.0024201078786880437, -0.0362122840947186, 0.02664191482608636], "aligned_model": [[-0.218840303117617, 0.35903821940543235, 0.7045314604853049, 0.4010847063719669, -0.6498786796427725, 0.03334086110079706, 0.1354556619024811, -0.4379879386556519, -0.1016910929569271, -0.21973037437488355, 0.48261175780217624, -0.0867188237939313], [-0.656036013937163, -0.5456190425992117, -0.16450833323371383, 0.3761141921219782, -0.2137852742004265, -0.23527842332956567, 0.5746338406869927, 0.3707225966326839, -0.1312307987765365, 0.5749097974137249, 0.169284339542525, 0.018304600232017014], [-0.1167647695245301, 0.21625398984546132, -0.28840223126018005, 0.040244004585824826, 0.10957354310923878, -0.6676775033172863, -0.5928236260603515, -0.3008681080623212, 0.7067207379941585, 0.27122251028548194, 0.5774583554182033, 0.041163980504742674]], "inverted": true, "swapped": false, "error_lsq": 0.0518496956693812, "error_max": 0.3265258306525071, "target": "166.xyz", "model": "21.xyz", "model_rescale": 4.08911054899281, "target_rescale": 3.846974069884703},
{"mapping": [6, 10, 9, 14, 0, 11, 15, 1, 7, 4, 12, 16], "R": [[0.5357837357782961, 0.7320257245555225, 0.42080176694545357], [0.27384836079385766, -0.6220831257791509, 0.7334982344296124], [0.7987132550333509, -0.2777605501323107, -0.5337660658230587]], "T": [0.024252194170521317, 0.05042290689429882, -0.038005054540464406], "aligned_model": [[-0.35247838940757664, 0.41460488224850195, 0.7158755264242433, 0.497402071892683, -0.6775938120273979, 0.07295317982418495, 0.18850230340371685, -0.5683701408084719, -0.04670369040388934, -0.3908085660675346, 0.5521150213705396, -0.0042829319226239185], [-0.5750408251529885, -0.5863730214083385, -0.10510849321602189, 0.47933884666952065, -0.036741734843453805, -0.07793942378685537, 0.5171213033649031, 0.14827259970409548, -0.28661763348280234, 0.5087570456724985, 0.09241758656522066, 0.059425230467526624], [0.11177249999209526, 0.26736543162742643, -0.10882003476710626, 0.025105132951773662, 0.2780549191892602, -0.791028531144555, -0.5734688966837258, -0.5568716915167822, 0.5842208888241692, 0.2844024025829901, 0.4763555082691522, -0.0009867458062556567]], "inverted": false, "swapped": false, "error_lsq": 0.0424009543671903, "error_max": 0.24543791056437178, "target": "166.xyz", "model": "22.xyz", "model_rescale": 4.204369325754507, "target_rescale": 3.846974069884703},
{"mapping": [5, 11, 13, 12, 6, 7, 4, 8, 2, 1, 14, 15], "R": [[-0.014220008471873935, 0.24741935915405255, 0.9688041350421963], [-0.6684704739229553, -0.7229034581535929, 0.1748079394157955], [0.7436027278408005, -0.6451311889107323, 0.17567222957071443]], "T": [0.10972791329809861, 0.09444641202765414, 0.0011898821378158887], "aligned_model": [[-0.3983249267445228, 0.41454341685516305, 0.7130795031593767, 0.39554070113959583, -0.6249107863230545, 0.11846066933914304, 0.09680070225863646, -0.5134286664460135, -0.3913907485216953, -0.2766195166380718, 0.7709745081598683, 0.0964905982879499], [-0.5619407608135559, -0.5305934600826147, -0.11691192045336696, 0.5593859826304947, 0.039357661838708966, -0.09559030225628176, 0.5580845082269, -0.10156968621481177, -0.2487822190674982, 0.5009973778135608, 0.059185029194097225, 0.07588926973767227], [0.049156889684855834, 0.18993804494595662, -0.2052667953387852, 0.048952924370387396, 0.12590822968051343, -0.6766267118885005, -0.5640867152758382, -0.3802884552384723, 0.6228002718398653, 0.3489993121130556, 0.4027475215129941, 0.03386636711241037]], "inverted": false, "swapped": false, "error_lsq": 0.03920408025721851, "error_max": 0.251936833863216, "target": "166.xyz", "model": "23.xyz", "model_rescale": 4.410303926677745, "target_rescale": 3.846974069884703},
{"mapping": [15, 9, 10, 7, 6, 4, 0, 5, 14, 13, 11, 16], "R": [[0.8012685263626613, -0.4861225017870565, -0.3487888500467051], [-0.037559392252153934, 0.5409425912039969, -0.8402204502838259], [0.5971248116719473, 0.6863424992507746, 0.4151818071736075]], "T": [0.10890153844157449, 0.047100102909798706, -0.05660844271484807], "aligned_model": [[-0.3114672224217434, 0.2735432052647554, 0.6500150051079137, 0.2623299538658915, -0.6161676674054685, 0.14358109312408907, 0.04867454295066964, -0.3826214718190031, -0.0954609239253364, -0.2768231168074101, 0.5267494525174305, 0.17886260407458687], [-0.5129341894997795, -0.5034449818936012, -0.2896131586182035, 0.6613006191774361, 0.06110267261968399, -0.2496726282626306, 0.6411306299708946, -0.03984845607167258, -0.16780482474378666, 0.41263716362497294, 0.036407109239316005, 0.088251525010675], [0.08110824854039195, 0.1928173273508895, -0.18928979776945623, 0.14624210285811576, 0.17137547016861862, -0.6767758777762435, -0.5190868238526294, -0.43929253162286425, 0.5518337041324721, 0.4035934384263532, 0.4187969287310181, -0.14522130566822358]], "inverted": false, "swapped": false, "error_lsq": 0.03939704613020175, "error_max": 0.17322707285410988, "target": "166.xyz", "model": "24.xyz", "model_rescale": 4.28219845311461, "target_rescale": 3.846974069884703},
{"mapping": [6, 10, 5, 9, 2, 1, 3, 0, 14, 13, 11, 15], "R": [[-0.3793497218851353, -0.7343708581127045, 0.5628438782295498], [0.8812199165228817, -0.47218704878817047, -0.02215512762597943], [0.28203766987598655, 0.487584693885614, 0.8262662519184698]], "T": [0.023542864782741035, 0.15547450545370572, 0.016461475410677037], "aligned_model": [[-0.33940212493595434, 0.26659104846238735, 0.7772450590775645, 0.5314034870532258, -0.6145896156254862, 0.1504848898472954, 0.20864698440122476, -0.578494432808531, -0.14407200491295188, -0.24368494052574857, 0.4210596098888445, -0.03397250539549493], [-0.6677754676460042, -0.5388768451268939, -0.0826089422049586, 0.5985033171983596, 0.02295684375231488, -0.0025443938204795513, 0.5442858137796156, -0.1657675987134984, -0.2410822327475055, 0.5293221261288001, 0.009644546735821935, 0.1314543132177326], [-0.035764487389872354, 0.3139654269555268, -0.300603116084926, 0.0681987365483278, 0.22623762079703524, -0.5908219416125083, -0.6274388090107423, -0.4306501156435378, 0.6447867365125531, 0.39295013861660044, 0.3587933783195118, -0.023552684489525882]], "inverted": false, "swapped": false, "error_lsq": 0.04306802035576308, "error_max": 0.2545144542631004, "target": "166.xyz", "model": "25.xyz", "model_rescale": 4.100010024507729, "target_rescale": 3.846974069884703},
{"mapping": [2, 6, 4, 10, 3, 5, 9, 7, 1, 8, 0, 11], "R": [[-0.9273604683912252, 0.34450444031207333, 0.14601113748777028], [-0.14810202319309157, 0.020395290214138773, -0.9887617624398681], [-0.3436107570948856, -0.9385631160142328, 0.032108018723262965]], "T": [0.01007785770457851, -0.02702058032421635, 0.049410282172121574], "aligned_model": [[-0.3927713692622337, 0.36886370495622905, 0.7690930136319185, 0.3068065296620444, -0.7898374582057561, 0.17730709713691067, 0.1544094803864167, -0.41817746526932004, -0.11570504838612147, -0.28213887403869053, 0.5439219976761871, 0.07944384623879072], [-0.6439206659293036, -0.5655352475756078, -0.08473077811426911, 0.5412244739048983, 0.05012118576493471, -0.2969709012324264, 0.5664578534920484, 0.14050406847574548, -0.12795495901433152, 0.4541035655131723, 0.08595608109057966, 0.018256804177864197], [0.11943935540142586, 0.00749599928412676, -0.3823362943931992, 0.11306573061922298, 0.16011828436013703, -0.6312859614211336, -0.5039997226416031, -0.44767031198170687, 0.7372601680425929, 0.2943322430828158, 0.5748493215738321, -0.04516792840806808]], "inverted": false, "swapped": false, "error_lsq": 0.03921759228563336, "error_max": 0.21557279346718713, "target": "166.xyz", "model": "26.xyz", "model_rescale": 3.6694154284099745, "target_rescale": 3.846974069884703},
{"mapping": [9, 10, 4, 0, 3, 8, 5, 7, 12, 6, 2, 13], "R": [[-0.9541842563413998, -0.0890797513261169, 0.2856522411147634], [-0.2068727071434115, -0.4933403622535248, -0.8448780799681794], [0.21618530937454106, -0.8652630148545806, 0.4523094373715807]], "T": [0.03825550808290232, 0.0019220762491381892, -0.017489503320326248], "aligned_model": [[-0.329703373100384, 0.3898331289381465, 0.8193229708708225, 0.4631963152514028, -0.7542352119274646, 0.15463970247080475, 0.06568196832461068, -0.467991917416694, -0.2834028005382351, -0.1832122379105312, 0.4527240495375816, 0.07436286002631554], [-0.5719151140301874, -0.48621105918812224, -0.06432552299718369, 0.5079597254012497, 0.02530889576384414, -0.31554719425108824, 0.5539006585756722, 0.09562423583827749, -0.16321900131884434, 0.4258799921738322, 0.11725054579810727, 0.012805318787747764], [-0.004047915578320509, -0.01433696551849361, -0.2646239692635974, -0.03435814810078632, 0.13821128570779412, -0.5597303852305546, -0.5836572643704853, -0.37951432868704843, 0.6889078143077377, 0.4748540300116041, 0.5088609678100852, 0.025535762430507196]], "inverted": false, "swapped": false, "error_lsq": 0.0403863291140554, "error_max": 0.2628324089626482, "target": "166.xyz", "model": "27.xyz", "model_rescale": 4.103607728864725, "target_rescale": 3.846974069884703},
{"mapping": [13, 8, 7, 0, 12, 6, 9, 10, 4, 3, 1, 14], "R": [[0.12758117612868583, -0.9910446263730484, 0.03941563185750807], [0.7629735806323026, 0.12345711371193421, 0.6345310522985004], [-0.6337147297915244, -0.050881132171207655, 0.7718916709190685]], "T": [-0.04438674648614222, -0.021637899224047456, -0.13799213028349921], "aligned_model": [[-0.34644773539248297, 0.3639906523512008, 0.617721788709513, 0.2455258657387031, -0.7579691655272542, 0.22262389647697778, 0.14718962220196868, -0.37033733304310223, 0.011624004641845966, -0.36149815798820534, 0.5970624536209868, 0.03172956273622388], [-0.5432068972955558, -0.6600040348017092, -0.3065784662809903, 0.5688944554160975, 0.03624319947506722, -0.07657609196675652, 0.5778311759437667, 0.14496796772133044, -0.42452081355082244, 0.5866273415508144, 0.18830094574647785, 0.04553269859558489], [0.09991010212575668, 0.1750518823938047, -0.16040655487382047, 0.13934152504484254, 0.33607909513896206, -0.7097913733526517, -0.6614988149883979, -0.492638399865325, 0.6720433258763905, 0.16694163650377797, 0.45135448854894566, -0.020286029033842662]], "inverted": true, "swapped": false, "error_lsq": 0.04551791828852735, "error_max": 0.2519279965043923, "target": "166.xyz", "model": "28.xyz", "model_rescale": 4.137296879288765, "target_rescale": 3.846974069884703},
{"mapping": [7, 4, 8, 10, 2, 0, 5, 9, 3, 6, 11], "R": [[0.42625385581923514, 0.5258812974883523, 0.7360411071069346], [-0.8967904022990291, 0.13894800986825395, 0.42007192824324446], [0.11863652364925653, -0.8391318796861545, 0.5308324253008672]], "T": [0.04202564725718956, -0.009650842200349875, -0.0845046250410096], "aligned_model": [[0.4766801941064845, 0.19788265352503964, -0.2684593755676259, -0.5810881977086679, -0.01701058707556298, 0.5238699485141329, 0.5894868662801542, -0.3882964813322341, -0.47190877796595637, 0.14577420380120787, 0.01448856413292638], [-0.284862398799346, -0.7641930810653198, -0.3956095566052728, 0.2818416331559577, 0.7780264236551255, -0.2227976417245596, 0.4416894261407027, -0.49187822698883654, 0.19513396934871916, 0.31682766797535095, 0.06496960155543044], [0.20213968098238005, -0.08838294278432719, -0.6418674785598045, -0.3077247667871475, -0.1780250915868174, -0.4881877009706722, 0.09253259722657063, 0.16200807237247006, 0.34551273482451816, 0.7245122799657461, -0.016763362899917367]], "inverted": true, "swapped": true, "error_lsq": 0.03913034498874438, "error_max": 0.20681294393728566, "target": "166.xyz", "model": "29.xyz", "model_rescale": 3.607286011436655, "target_rescale": 3.846974069884703},
