[{"mapping": [2, 1, 8, 9, 5, 0, 10, 3, 7, 6, 11], "R": [[-0.42908936771378614, 0.8524572669186024, 0.29866188674260086], [-0.901535349607008, -0.42461570051585773, -0.08327977115961385], [0.05582408014426617, -0.30498871282900675, 0.9507184426121923]], "T": [0.021693409168014273, -0.07730655453821225, -0.12565642026346388], "aligned_model": [[-0.6205215643413737, -0.6535138975850238, -0.1094132151034696, 0.4147127082925762, -0.1906016329597809, -0.280318738156465, 0.5079505180338205, 0.6390908909581521, -0.14192548471788552, -0.19585082617021907, -0.01039516854133702], [-0.29820859825360924, 0.023211139910484457, -0.6979100534563903, -0.4029722714585908, 0.7134192545347199, 0.31761104148903285, 0.32231806614379543, -0.2492029694922086, 0.38174150203307666, -0.3937382532833388, -0.01933261586698822], [-0.5586835100270491, 0.06374222157164042, -0.15333025075114579, 0.20424370972489966, 0.009878971733695147, -0.49392283092023304, 0.13049886972113453, -0.3772602493123982, 0.6861976609529145, 0.4889165804088187, -0.1466707368985206]], "inverted": false, "swapped": false, "error_lsq": 0.054228787765975034, "error_max": 0.32817493002914355, "target": "168.xyz", "model": "0.xyz", "model_rescale": 3.751011558992144, "target_rescale": 4.020139719926491},
{"mapping": [2, 13, 8, 4, 12, 0, 6, 1, 11, 9, 14], "R": [[0.27997193376015844, -0.9600052454652291, -0.0023759178948240117], [0.9439293374323551, 0.2757329978128899, -0.18157290505918622], [0.17496606025487588, 0.0485926187436151, 0.9833746158827394]], "T": [-0.06091634578488426, -0.06814634653309623, 0.009659944291882218], "aligned_model": [[-0.6202385749958604, -0.7839823364501477, 0.004654326192880011, 0.5372386545366123, -0.36379567483254993, -0.03416949601917724, 0.5549000011954156, 0.49577438715739686, 0.08779800259274922, -0.43334028442707156, -0.08562541524125329], [-0.35920157412506604, -0.016739777629503273, -0.6708609034820244, -0.5779986101504438, 0.5906993894191717, 0.14780491713743885, 0.31445241365488974, 0.002941031204577671, 0.4052025988049729, -0.10605329561519805, -0.03330994691883207], [-0.5253013630846041, 0.054772427236185174, -0.26025467546428166, 0.09817680587466307, 0.17140515235184775, -0.7170822219859492, 0.20488842777878463, -0.40353197481884223, 0.6346045878089137, 0.551926571028049, 0.04400669947899003]], "inverted": false, "swapped": false, "error_lsq": 0.050167096490349665, "error_max": 0.300915654762327, "target": "168.xyz", "model": "1.xyz", "model_rescale": 3.9405287249114394, "target_rescale": 4.020139719926491},
{"mapping": [10, 3, 11, 0, 4, 8, 2, 5, 1, 7, 12], "R": [[0.7728503377445646, -0.5089969556543888, 0.37897817164406244], [-0.29366405716130073, 0.2425450986299451, 0.9246260307076338], [-0.5625511327689926, -0.8258898075803783, 0.03797695031422331]], "T": [-0.06757079839410429, -0.05992116793112352, 0.0045724086934142896], "aligned_model": [[-0.5775619964900851, -0.6367118320292635, 0.06183370844968736, 0.5538514989546632, -0.40093128689696567, -0.37002998460036524, 0.5310785771450186, 0.565990730399493, 0.2245459805461748, -0.5784803163077099, -0.014371489461653661], [-0.24728729812121797, -0.11323138889141689, -0.6617852612422499, -0.4481382508933256, 0.5443687618743949, 0.37358120495216135, 0.260547381977369, -0.2419066159554895, 0.3454948160450213, -0.12449658720424527, 0.00978947975898195], [-0.6406330085456112, -0.0014428005929203215, -0.35407557447179633, 0.4120669646447513, 0.12866989989926156, -0.5622467013353233, -0.051001516917224946, -0.30129907790976584, 0.619008735546308, 0.6076572558642983, -0.0030937399782217396]], "inverted": true, "swapped": false, "error_lsq": 0.05555494586729757, "error_max": 0.3066033975505307, "target": "168.xyz", "model": "2.xyz", "model_rescale": 3.932901565614263, "target_rescale": 4.020139719926491},
{"mapping": [2, 6, 4, 7, 10, 1, 8, 3, 9, 5, 13], "R": [[0.6171508830456671, -0.7690097510898026, -0.16657968148833058], [-0.740239754544036, -0.4956585857457549, -0.45427708743574574], [0.266776860594279, 0.40366640819532956, -0.8751477232708444]], "T": [0.043859842869494244, 0.06154293612156281, -0.07255788393273276], "aligned_model": [[-0.5291812151861947, -0.6312515722619768, -0.23352413557172047, 0.39619688485839283, -0.4037865379767295, -0.23103250921387836, 0.6778495618277387, 0.47989836236389477, 0.1924297565574264, -0.31589584162874296, -0.04248916405921593], [-0.3501761402196106, 0.013593506004374846, -0.7652119798106817, -0.43970182136824076, 0.6206060830551402, 0.24828551823566908, 0.3263880992467155, 0.08415141875064065, 0.09811950838566719, -0.22769567472340568, 0.08857772474371436], [-0.5156280828149047, 0.02027363007182291, -0.12510159929210474, 0.29398658714634873, -0.058185836158129486, -0.7346228533304355, 0.1857070988976281, -0.33721755995377123, 0.6460394125393696, 0.4785469691781292, -0.00018733008019665431]], "inverted": true, "swapped": false, "error_lsq": 0.05207724421581778, "error_max": 0.2508911468125318, "target": "168.xyz", "model": "3.xyz", "model_rescale": 3.9243930471874484, "target_rescale": 4.020139719926491},
{"mapping": [7, 8, 3, 6, 9, 1, 5, 0, 11, 10, 12], "R": [[0.48811301541336716, 0.867490153766707, 0.09595059823620244], [0.8430820754891686, -0.49708034232616705, 0.20524070566477992], [0.2257394475339794, -0.019286430222198156, -0.9739967840995875]], "T": [-0.15029970191766184, -0.07721611900501005, 0.013838363733071296], "aligned_model": [[-0.5438040426927482, -0.7686020755997417, 0.1345428053716632, 0.4354062093225687, -0.39925150502195333, -0.02545422513464418, 0.5535974290698483, 0.4193044003673301, 0.028085044858603747, -0.42739338371006486, -0.047217067121867684], [-0.1286839453070118, 0.03379835882223729, -0.6862361956144677, -0.26147308732591845, 0.5658013522440699, 0.34462126641308, 0.16452857358972323, -0.24160701241192512, 0.3365278462224712, -0.38160210675859885, -0.048738807573676726], [-0.6828855095187989, 0.05524282397682753, -0.016371943984909466, 0.3939889521847394, 0.1629655684156354, -0.5488579372792382, -0.12655904494925757, -0.5959559902794733, 0.6643219490316755, 0.5862857250589099, -0.03856415645235393]], "inverted": true, "swapped": false, "error_lsq": 0.05502687096946568, "error_max": 0.31771557875871226, "target": "168.xyz", "model": "4.xyz", "model_rescale": 3.8936222436046832, "target_rescale": 4.020139719926491},
{"mapping": [8, 9, 3, 2, 6, 7, 4, 10, 1, 0, 11], "R": [[0.6013972253766564, -0.6941889287073775, 0.39550361385120447], [0.6136431880397082, 0.08433836045619367, -0.785066289384549], [0.511628200045426, 0.7148347866574938, 0.47670516328503604]], "T": [-0.0766835449568175, 0.009740824499630884, -0.0825334035116321], "aligned_model": [[-0.47854061832785033, -0.6737149157626626, -0.16893979182154853, 0.4517473675881708, -0.43267804702011814, -0.030211644953525074, 0.6828617201509908, 0.3538380390399323, -0.07320115458477006, -0.28670926375625694, 0.014761899156631828], [-0.32009084447526537, -0.03845244473002063, -0.5566215024083205, -0.37417834524189314, 0.7215070905766305, 0.38818146825772604, 0.2205554285072146, -0.23985219745598554, 0.257207584595608, -0.49832799927035165, 0.13700800394464052], [-0.6074951059754656, 0.07000149379357248, -0.05083905235826075, 0.27874945893270275, -0.04696199528502884, -0.606337344934468, 0.013761933323988479, -0.4721766872841836, 0.6802620099289215, 0.6106286098249227, -0.01598288376294496]], "inverted": true, "swapped": false, "error_lsq": 0.0475147960102297, "error_max": 0.26022586325095537, "target": "168.xyz", "model": "5.xyz", "model_rescale": 3.6523030999806103, "target_rescale": 4.020139719926491},
{"mapping": [10, 6, 4, 3, 8, 9, 7, 11, 5, 1, 12], "R": [[-0.6807022118443338, 0.7064728636244262, 0.19375394641796354], [0.702117727544266, 0.5537276079584519, 0.4476789394786034], [0.20898611307526607, 0.44077412486092493, -0.8729507290762624]], "T": [-0.11492778137966865, -0.05296623554529725, 0.047256383310857915], "aligned_model": [[-0.4827542454323276, -0.7645505879110867, 3.7874467363696596e-05, 0.40799928496061266, -0.44577747318244193, -0.06931250151178224, 0.5406982778737843, 0.4959964501010483, 0.057830520682691, -0.35109182881924167, -0.029862181519625774], [-0.25449942555767635, -0.05986363310717462, -0.5571707780820869, -0.40705326963156185, 0.5313958894949972, 0.39365719793767473, 0.13661692157151842, -0.19787371969914955, 0.41842732819915107, -0.26881274523387044, -0.03788752359183868], [-0.6105894248637822, 0.023442580312875223, -0.2011229217607318, 0.336756570752454, 0.09981578702600805, -0.5194089765684075, 0.015150984036086675, -0.5694626836611913, 0.5075239219398422, 0.6637072677661098, 0.107797331224493]], "inverted": true, "swapped": false, "error_lsq": 0.04782498632814835, "error_max": 0.20402767892470258, "target": "168.xyz", "model": "6.xyz", "model_rescale": 4.08911054899281, "target_rescale": 4.020139719926491},
{"mapping": [7, 6, 5, 10, 1, 13, 11, 12, 9, 3, 14], "R": [[0.31550064080632934, -0.2804340287481844, -0.9065407333213762], [-0.4785718321636536, 0.7779179102183221, -0.40720108843307723], [0.8194073145330836, 0.5623170640142636, 0.1112257722295478]], "T": [-0.10744659601051035, -0.06559472759354248, 0.03333950090542559], "aligned_model": [[-0.5081613487812683, -0.5975426413050214, -0.008072977565145273, 0.5398075025065204, -0.2413335247923829, 0.0070517313451045616, 0.3991663984654823, 0.38094630750952885, 0.011891401968332535, -0.5676324216951957, -0.05690683794696095], [-0.3083083474316777, -0.15590545269447267, -0.7605900636939374, -0.3747564262938583, 0.6534943321729513, 0.3231135537081504, 0.2308346449127298, -0.14529008402067156, 0.3735130337952006, -0.19284884251389686, 0.05367989435946591], [-0.5829451331674926, 0.061496307753864145, -0.26264630338103384, 0.10230379972462954, 0.08748073547662102, -0.5763247734553688, 0.03134854616904417, -0.4796156043098514, 0.6716968647968113, 0.6645976353801548, 0.13621836121637748]], "inverted": true, "swapped": false, "error_lsq": 0.045718846776969996, "error_max": 0.24464745667552013, "target": "168.xyz", "model": "7.xyz", "model_rescale": 3.964800864290218, "target_rescale": 4.020139719926491},
{"mapping": [4, 6, 2, 1, 10, 12, 8, 7, 5, 3, 13], "R": [[0.6312753984774684, -0.7752397558454469, 0.022241677854990982], [-0.1604733982658948, -0.10250788872444554, 0.9817028171489843], [-0.7587751048407617, -0.6232940347107041, -0.18911606639294987]], "T": [-0.13921582850932834, -0.0656761355219725, -0.019598031260803138], "aligned_model": [[-0.5573802085218982, -0.7113947833178521, -0.07786002855935142, 0.4864434675309316, -0.3056711062828805, 0.04928059697956905, 0.45165760832653934, 0.46503782584584785, 0.13867235317770782, -0.4818577969982705, -0.09771433847134872], [-0.29596061337804946, -0.1593487891878217, -0.6597597284672867, -0.41639733225051484, 0.6666554748952992, 0.1732568586968194, 0.4242370630555498, -0.20483221445577937, 0.369367950527941, -0.19909246402424424, -0.0011899631119298842], [-0.5365129232508669, -0.0010912539086638876, -0.30579530266599403, 0.20100337085645478, 0.31374423412450086, -0.7110132893655985, 0.02411948134675148, -0.3694069388888051, 0.6381143106030611, 0.6055093678486647, -0.005060620495748602]], "inverted": false, "swapped": false, "error_lsq": 0.04543220359443182, "error_max": 0.2333780961938757, "target": "168.xyz", "model": "8.xyz", "model_rescale": 4.121658175737393, "target_rescale": 4.020139719926491},
{"mapping": [8, 6, 7, 5, 1, 2, 0, 10, 4, 9, 12], "R": [[-0.6554239097366725, 0.7494518797124377, 0.09349533967524015], [-0.2596340818303481, -0.10733268039407662, -0.9597238348981105], [-0.7092317266575197, -0.6533005248083897, 0.2649316556915695]], "T": [-0.028804554571994795, -0.10856314534541729, -0.1506602797008224], "aligned_model": [[-0.6244538659558366, -0.6839502189310892, -0.1682699045859891, 0.41987628638530494, -0.18352091169050505, -0.17695940200817242, 0.48128152848321426, 0.6863093138232651, 0.03552459765884422, -0.3779483304924748, -0.04867550297756722], [-0.22297921818216154, -0.026420848591867205, -0.7662560312041222, -0.30093705831806944, 0.5350258117602602, 0.4189028722910733, 0.4613423475670297, -0.2694806343819586, 0.29249647628068337, -0.3965933139529477, -0.028164160967936655], [-0.5539767780639215, 0.059622510012234675, -0.09408825172296083, 0.2280159498690007, 0.04114122927430264, -0.5774813104370671, 0.03330754396378882, -0.3486465103995928, 0.6387324348545601, 0.5481437434293072, -0.12116012457589587]], "inverted": false, "swapped": false, "error_lsq": 0.04907599183170372, "error_max": 0.2721400215396211, "target": "168.xyz", "model": "9.xyz", "model_rescale": 3.833441315466971, "target_rescale": 4.020139719926491},
{"mapping": [3, 7, 2, 0, 6, 4, 1, 5, 12, 11, 14], "R": [[-0.09824879676697337, -0.9930160773510585, 0.06531649145628099], [0.07701872614840752, -0.07302456681175937, -0.9943518132252946], [0.9921770455701535, -0.09266327624399734, 0.08365540914615185]], "T": [-0.05313967713422592, -0.1331643058567166, 0.10604904641766591], "aligned_model": [[-0.5898699064057688, -0.7190153661759308, -0.031181129158785882, 0.6005112644247873, -0.09399167170320558, -0.13583774348584277, 0.5205107317425604, 0.3998252054369621, 0.009363795808359929, -0.4844447284268521, -0.11665686234729002], [-0.22800867598880312, -0.13220379114104275, -0.6480002235572153, -0.21574328023605932, 0.5338552808856969, 0.2999840488520682, 0.3301259869550497, -0.16470951576529136, 0.27618270538735457, -0.1740519826918876, -0.18049431039988692], [-0.5701514092077329, 0.12890995052340315, -0.39506177460292435, 0.2785138871624899, -0.014969768180029458, -0.5583725913433383, 0.14959495203126663, -0.3952122789966377, 0.5437114706288774, 0.6329657681641465, 0.05368223002423495]], "inverted": false, "swapped": false, "error_lsq": 0.05089925636409904, "error_max": 0.28805921410523094, "target": "168.xyz", "model": "10.xyz", "model_rescale": 4.2482417240324, "target_rescale": 4.020139719926491},
{"mapping": [9, 10, 4, 6, 8, 7, 2, 5, 1, 0, 11], "R": [[-0.40690589365613994, -0.06791093509081125, -0.9109422037665121], [-0.7472637193508214, 0.5983030259675558, 0.2891892509413917], [0.5253803645454168, 0.7983868698902545, -0.29420040539905273]], "T": [-0.014216210504189267, 0.07819135492083562, 0.030075719836825672], "aligned_model": [[-0.5191341416399137, -0.6361510640382838, -0.051282536641210866, 0.43056748284691887, -0.45402277520463874, 0.006295670201883943, 0.6545518184800178, 0.32652552391471007, -0.009467463055052375, -0.3321648956725548, -0.05650402948288254], [-0.12442412571330036, -0.08965617335349316, -0.7732773442656943, -0.35974146304427224, 0.5040896867723674, 0.36175324962790534, 0.37750164582065393, -0.32438569821332447, 0.38338927497358194, -0.2506442466831673, -0.007668563621273897], [-0.5890492691306073, 0.03523398952880622, -0.1685866117828066, 0.20575853408188305, 0.07522686076688237, -0.5845202135335379, 0.13457433013726125, -0.5047260724531273, 0.6672399315996519, 0.633909518701458, -0.05145056171210793]], "inverted": true, "swapped": false, "error_lsq": 0.04837599232419984, "error_max": 0.27315878693162127, "target": "168.xyz", "model": "11.xyz", "model_rescale": 3.6694154284099745, "target_rescale": 4.020139719926491},
{"mapping": [9, 6, 10, 12, 4, 8, 1, 2, 0, 5, 13], "R": [[-0.3577355044185853, 0.6659928764361003, -0.6545829186701634], [0.8418963038071376, -0.0732621344213652, -0.5346431270444854], [-0.40402465582469127, -0.7423517685008874, -0.5344884744214272]], "T": [-0.15831450125223973, -0.05350040415857966, -0.02579972023276337], "aligned_model": [[-0.5550711816423781, -0.6111941340555777, 0.012958022814233972, 0.32303751798282204, -0.18030170964933223, -0.0905538399793542, 0.5705972395528875, 0.3981855349917262, -0.02278372892368985, -0.37587659241347615, -0.10978353896886736], [-0.36394028272023554, 0.09471120360343532, -0.5957681111400547, -0.44415476074816385, 0.6851305410458061, 0.12596676176978927, 0.361460603606692, -0.04573568454609874, 0.27444030304471395, -0.41920028799968984, 0.024025956383789134], [-0.6510176704345396, 0.27881182086537415, -0.30889024245735985, 0.2525128873192402, 0.014443778666695682, -0.7577818787916931, 0.0880797346852816, -0.36721001911392054, 0.5945422554036502, 0.6550094482754392, 0.05511032178558827]], "inverted": false, "swapped": false, "error_lsq": 0.048296096762612664, "error_max": 0.261763822814939, "target": "168.xyz", "model": "12.xyz", "model_rescale": 3.9764082729961374, "target_rescale": 4.020139719926491},
{"mapping": [7, 4, 3, 11, 9, 2, 10, 8, 13, 6, 15], "R": [[-0.45687381465537846, -0.5198518793715637, 0.7218173875684184], [0.3098204298441981, -0.8536438841304196, -0.41869251287536474], [0.833833088053838, 0.03234412776044954, 0.5510682704221107]], "T": [-0.12876307592898484, 0.11514326413730275, 0.08153160521522214], "aligned_model": [[-0.46975732627350186, -0.8029885426367936, 0.0385271872380179, 0.5217181377854381, -0.36173918451546144, -0.03634263946491151, 0.6540316599274074, 0.3607235870528275, 0.11123850732515078, -0.4773361603381838, -0.1788616363909959], [-0.20040721051380933, -0.12350260248172312, -0.6593960127753975, -0.324825457677077, 0.6615789652684183, 0.27584013746866765, 0.2893575045800954, -0.12798100052245814, 0.07203200955121927, -0.18661625439593194, 0.020856163797979915], [-0.5144419832116719, 0.015714493705224084, -0.20227523699031408, 0.19920238824585657, -0.011362333633717178, -0.6942869893875581, 0.02649798911808189, -0.36673866520779985, 0.642799104675525, 0.690708758019954, 0.06779291087017611]], "inverted": false, "swapped": false, "error_lsq": 0.047659146809435615, "error_max": 0.22485299657330646, "target": "168.xyz", "model": "13.xyz", "model_rescale": 4.170626492500431, "target_rescale": 4.020139719926491},
{"mapping": [8, 0, 10, 11, 2, 4, 6, 5, 3, 1, 13], "R": [[-0.7249459341884372, 0.5376017021286436, 0.4306248975292059], [-0.36376354375945097, 0.23207769587021188, -0.902117524112651], [-0.5849183504859631, -0.8106320700218802, 0.027316118260497346]], "T": [-0.14733838759360474, -0.08265283204602937, -0.008992312253131003], "aligned_model": [[-0.513149216947035, -0.7005821185019069, -0.14810609966503804, 0.47884634262695946, -0.27892734277851305, -0.21671002122495336, 0.5589688731159468, 0.6689264255026872, 0.1036432518574581, -0.5480150847188971, -0.04568141955771417], [-0.3392319316391256, 0.09450560725134076, -0.6342740276901105, -0.33304868094235474, 0.5591893180568883, 0.26383057778391544, 0.37153338591893703, -0.06310230797633633, 0.14970528708837255, -0.28488758860722013, -0.08728339694432372], [-0.6022088794397488, 0.12663463243067666, -0.12749029581909224, 0.20279591599677252, 0.05146567697039582, -0.6239719491135338, 0.03932124598611371, -0.4096784241483431, 0.5897493061104694, 0.6150058908810998, -0.00801268365105375]], "inverted": false, "swapped": false, "error_lsq": 0.038584268929805036, "error_max": 0.18829252004300928, "target": "168.xyz", "model": "14.xyz", "model_rescale": 3.9786697098870705, "target_rescale": 4.020139719926491},
{"mapping": [6, 1, 7, 5, 0, 9, 2, 8, 4, 10, 11], "R": [[0.961664631771073, 0.2725028424389555, -0.030713789464934138], [0.13391419125072335, -0.564394488668898, -0.8145709610229409], [-0.2393075957471288, 0.7792310710070941, -0.5792502158781349]], "T": [-0.060024806356897484, -0.0064112578852423725, -0.07263346876402874], "aligned_model": [[-0.6719003321854393, -0.6959782459927372, -0.09159336732007002, 0.5809921441504996, -0.17262894274574447, -0.1108840238310175, 0.5983202600764437, 0.4289753333229333, 0.054220934528335665, -0.43240879750960626, -0.12790137278460323], [-0.25215028945300255, 0.08403030111436699, -0.6625457188630487, -0.3628746622007224, 0.6796064862186993, 0.1507795607539766, 0.503726195944533, -0.08465791694089217, 0.10188608955457636, -0.44996619801423404, -0.010897605814269153], [-0.511468699870307, 0.14658249441704613, -0.1458932835793426, 0.254001952272887, -0.05014904479088897, -0.6727323394367511, 0.17270093153480073, -0.2369029113324182, 0.51908802426984, 0.5247861214045837, -0.14640280868569383]], "inverted": false, "swapped": false, "error_lsq": 0.051229319957822435, "error_max": 0.24554285833269363, "target": "168.xyz", "model": "15.xyz", "model_rescale": 3.769337070930944, "target_rescale": 4.020139719926491},
{"mapping": [4, 5, 6, 8, 1, 0, 3, 2, 9, 7, 10], "R": [[-0.4900513137580867, 0.800768459037363, 0.3444119406973284], [-0.871595946898808, -0.4442144176203942, -0.2073500820538642], [-0.013046656029170184, -0.4018002316936873, 0.9156344022465275]], "T": [-0.0970835195958549, -0.01443259682170183, 0.02966390704639319], "aligned_model": [[-0.34718412645694907, -0.7510593432852876, -0.09198409747611644, 0.4188004781437281, -0.5115200594300477, -0.16280464711206272, 0.4800855022879489, 0.475150311030326, 0.44813715983173974, -0.5438091697543449, -0.054598418069940424], [-0.3315829590626235, -0.11882782352908591, -0.7170140440451995, -0.4761222966375724, 0.6439409213479785, 0.3455661123478723, 0.3644687387979433, -0.15632963524658652, 0.24687547886075145, -0.09358246958967475, -0.01045578094382011], [-0.6373427336369272, -0.07742568249809811, -0.16491316100334044, 0.3163693895659796, 0.21917673358736725, -0.502831893327742, -0.02280643467191954, -0.4163624731136041, 0.5730166315448841, 0.5822107314101806, -0.015480671653024088]], "inverted": false, "swapped": false, "error_lsq": 0.06397582841981547, "error_max": 0.4096860320064029, "target": "168.xyz", "model": "16.xyz", "model_rescale": 3.7852294659196426, "target_rescale": 4.020139719926491},
{"mapping": [6, 10, 11, 8, 4, 5, 3, 2, 0, 9, 12], "R": [[0.37169231009994463, -0.9100267639208636, 0.18356501725625143], [-0.8068043978342697, -0.41446436283394894, -0.42105338803521153], [0.4592510100673143, 0.008401243263348956, -0.8882668117540934]], "T": [0.04240828710145559, 0.013483628982232928, -0.09700991054921397], "aligned_model": [[-0.6557577384523444, -0.7409359943032, -0.010523100790630062, 0.3063786249169297, -0.27275999700501274, -0.2397806343632554, 0.7110637632011837, 0.5313076973373223, 0.022492778392204434, -0.2713675838846467, -0.02090422533955697], [-0.23495202829188958, -0.07710647581706155, -0.7112961635710562, -0.3889977010907485, 0.6444131791759059, 0.40148409139236235, 0.3643090832713987, -0.2098090728617985, 0.34451644376117696, -0.39442889434630146, -0.041196219322005165], [-0.5851053529159402, 0.0685806839367558, -0.1961290051551592, 0.3417774536133584, -0.030801599323294612, -0.5464919061090938, 0.15262327247580487, -0.3889084494364157, 0.49945283245415467, 0.5975502823862165, -0.05893777572263057]], "inverted": false, "swapped": false, "error_lsq": 0.04579896728888426, "error_max": 0.22797007285098544, "target": "168.xyz", "model": "17.xyz", "model_rescale": 3.901054581598922, "target_rescale": 4.020139719926491},
{"mapping": [2, 13, 8, 4, 12, 0, 6, 1, 11, 9, 14], "R": [[0.27997193376015844, -0.9600052454652291, -0.0023759178948240117], [0.9439293374323551, 0.2757329978128899, -0.18157290505918622], [0.17496606025487588, 0.0485926187436151, 0.9833746158827394]], "T": [-0.06091634578488426, -0.06814634653309623, 0.009659944291882218], "aligned_model": [[-0.6202385749958604, -0.7839823364501477, 0.004654326192880011, 0.5372386545366123, -0.36379567483254993, -0.03416949601917724, 0.5549000011954156, 0.49577438715739686, 0.08779800259274922, -0.43334028442707156, -0.08562541524125329], [-0.35920157412506604, -0.016739777629503273, -0.6708609034820244, -0.5779986101504438, 0.5906993894191717, 0.14780491713743885, 0.31445241365488974, 0.002941031204577671, 0.4052025988049729, -0.10605329561519805, -0.03330994691883207], [-0.5253013630846041, 0.054772427236185174, -0.26025467546428166, 0.09817680587466307, 0.17140515235184775, -0.7170822219859492, 0.20488842777878463, -0.40353197481884223, 0.6346045878089137, 0.551926571028049, 0.04400669947899003]], "inverted": false, "swapped": false, "error_lsq": 0.050167096490349665, "error_max": 0.300915654762327, "target": "168.xyz", "model": "18.xyz", "model_rescale": 3.9405287249114394, "target_rescale": 4.020139719926491},
{"mapping": [3, 12, 1, 8, 13, 10, 5, 2, 7, 4, 15], "R": [[-0.44671736607606294, -0.3260148064364019, 0.8331614134309753], [-0.38689191899101893, -0.7692763181177992, -0.5084570674133361], [0.8066958769359813, -0.5494800199892244, 0.21751659653260969]], "T": [-0.12328212312313949, 0.022742716028369966, 0.046221209955965924], "aligned_model": [[-0.5450013713724184, -0.6500433870505185, -0.12509606645530438, 0.4760315518196846, -0.4166846459311302, -0.03545437938487889, 0.6941765888473793, 0.4621091111418766, 0.016141299473139886, -0.4152010422517244, -0.10176406912711175], [-0.27205520789150833, -0.12681562882094347, -0.5755598379441489, -0.21162292298534352, 0.6095091963492955, 0.25025959169990625, 0.14929533980760767, -0.14173283421241512, 0.2474399653773565, -0.25512935181495877, 0.023347932735135545], [-0.6325097047536544, 0.029076691270482492, -0.23225713300626075, 0.44392464445481206, 0.1909620215941026, -0.7010581191178653, -0.03749456153877024, -0.574737870202879, 0.6986764224478899, 0.6563322549169218, 0.012695790138977397]], "inverted": true, "swapped": false, "error_lsq": 0.03908785596074337, "error_max": 0.20872831929846436, "target": "168.xyz", "model": "19.xyz", "model_rescale": 4.410303926677745, "target_rescale": 4.020139719926491},
{"mapping": [4, 6, 2, 1, 10, 12, 8, 7, 5, 3, 13], "R": [[0.6312753984774684, -0.7752397558454469, 0.022241677854990982], [-0.1604733982658948, -0.10250788872444554, 0.9817028171489843], [-0.7587751048407617, -0.6232940347107041, -0.18911606639294987]], "T": [-0.13921582850932834, -0.0656761355219725, -0.019598031260803138], "aligned_model": [[-0.5573802085218982, -0.7113947833178521, -0.07786002855935142, 0.4864434675309316, -0.3056711062828805, 0.04928059697956905, 0.45165760832653934, 0.46503782584584785, 0.13867235317770782, -0.4818577969982705, -0.09771433847134872], [-0.29596061337804946, -0.1593487891878217, -0.6597597284672867, -0.41639733225051484, 0.6666554748952992, 0.1732568586968194, 0.4242370630555498, -0.20483221445577937, 0.369367950527941, -0.19909246402424424, -0.0011899631119298842], [-0.5365129232508669, -0.0010912539086638876, -0.30579530266599403, 0.20100337085645478, 0.31374423412450086, -0.7110132893655985, 0.02411948134675148, -0.3694069388888051, 0.6381143106030611, 0.6055093678486647, -0.005060620495748602]], "inverted": false, "swapped": false, "error_lsq": 0.04543220359443182, "error_max": 0.2333780961938757, "target": "168.xyz", "model": "20.xyz", "model_rescale": 4.121658175737393, "target_rescale": 4.020139719926491},
{"mapping": [10, 6, 4, 3, 8, 9, 7, 11, 5, 1, 12], "R": [[-0.6807022118443338, 0.7064728636244262, 0.19375394641796354], [0.702117727544266, 0.5537276079584519, 0.4476789394786034], [0.20898611307526607, 0.44077412486092493, -0.8729507290762624]], "T": [-0.11492778137966865, -0.05296623554529725, 0.047256383310857915], "aligned_model": [[-0.4827542454323276, -0.7645505879110867, 3.7874467363696596e-05, 0.40799928496061266, -0.44577747318244193, -0.06931250151178224, 0.5406982778737843, 0.4959964501010483, 0.057830520682691, -0.35109182881924167, -0.029862181519625774], [-0.25449942555767635, -0.05986363310717462, -0.5571707780820869, -0.40705326963156185, 0.5313958894949972, 0.39365719793767473, 0.13661692157151842, -0.19787371969914955, 0.41842732819915107, -0.26881274523387044, -0.03788752359183868], [-0.6105894248637822, 0.023442580312875223, -0.2011229217607318, 0.336756570752454, 0.09981578702600805, -0.5194089765684075, 0.015150984036086675, -0.5694626836611913, 0.5075239219398422, 0.6637072677661098, 0.107797331224493]], "inverted": true, "swapped": false, "error_lsq": 0.04782498632814835, "error_max": 0.20402767892470258, "target": "168.xyz", "model": "21.xyz", "model_rescale": 4.08911054899281, "target_rescale": 4.020139719926491},
{"mapping": [6, 7, 0, 2, 9, 8, 15, 1, 14, 13, 16], "R": [[0.5092498246274915, 0.3781085556430151, -0.773109653455719], [-0.013094267909662921, -0.8948102834303393, -0.4462545202182557], [-0.8605191202203347, 0.23737834108626793, -0.450730925185251]], "T": [-0.08668536245287836, 0.059256693801698804, 0.01778742022968066], "aligned_model": [[-0.5237577772915079, -0.7386769789898976, -0.21281901810868117, 0.5337758182965574, -0.2943237377962058, -0.017584378944000695, 0.5683399491420533, 0.4817702254857844, 0.046398419598227575, -0.383146066864128, -0.10076286481920782], [-0.19104604489051347, -0.22131571418239154, -0.6680462979040608, -0.25824353977382347, 0.7158515918514204, 0.12660794839565115, 0.3485216346094085, -0.21933049509640717, 0.33447219768409814, -0.2858786765464216, 0.015343638153023108], [-0.5316489925986609, 0.06230981743476388, -0.21715950430015693, 0.20613644262097766, 0.2003170246843487, -0.668835387899207, 0.1548080503685329, -0.46100878275150353, 0.5820282547363602, 0.4970812684093642, 0.029582245498936906]], "inverted": true, "swapped": false, "error_lsq": 0.04148524879659421, "error_max": 0.2072951819612153, "target": "168.xyz", "model": "22.xyz", "model_rescale": 4.204369325754507, "target_rescale": 4.020139719926491},
{"mapping": [3, 12, 1, 8, 13, 10, 5, 2, 7, 4, 15], "R": [[-0.44671736607606294, -0.3260148064364019, 0.8331614134309753], [-0.38689191899101893, -0.7692763181177992, -0.5084570674133361], [0.8066958769359813, -0.5494800199892244, 0.21751659653260969]], "T": [-0.12328212312313949, 0.022742716028369966, 0.046221209955965924], "aligned_model": [[-0.5450013713724184, -0.6500433870505185, -0.12509606645530438, 0.4760315518196846, -0.4166846459311302, -0.03545437938487889, 0.6941765888473793, 0.4621091111418766, 0.016141299473139886, -0.4152010422517244, -0.10176406912711175], [-0.27205520789150833, -0.12681562882094347, -0.5755598379441489, -0.21162292298534352, 0.6095091963492955, 0.25025959169990625, 0.14929533980760767, -0.14173283421241512, 0.2474399653773565, -0.25512935181495877, 0.023347932735135545], [-0.6325097047536544, 0.029076691270482492, -0.23225713300626075, 0.44392464445481206, 0.1909620215941026, -0.7010581191178653, -0.03749456153877024, -0.574737870202879, 0.6986764224478899, 0.6563322549169218, 0.012695790138977397]], "inverted": true, "swapped": false, "error_lsq": 0.03908785596074337, "error_max": 0.20872831929846436, "target": "168.xyz", "model": "23.xyz", "model_rescale": 4.410303926677745, "target_rescale": 4.020139719926491},
{"mapping": [8, 4, 15, 13, 3, 10, 7, 11, 0, 5, 16], "R": [[0.5492408903541273, 0.8170000102749948, -0.17562866387257137], [0.29128570670583126, -0.3841575691016045, -0.8761139190600906], [-0.7832541614520097, 0.43003946948228483, -0.44897547066126553]], "T": [0.06018957637993267, -0.1094181107006784, -0.017881419806368683], "aligned_model": [[-0.6091930498381535, -0.6109537137873292, -0.18985523674593657, 0.6033803351772519, -0.4079703257506153, -0.18322678200196876, 0.591068928931415, 0.4854704568143282, 0.014566587525192888, -0.3526731658688343, 0.01859955525364384], [-0.2259109638125752, 0.04343631689914716, -0.7666924377353935, -0.4089166048428304, 0.6561663464289748, 0.16923993904976364, 0.22771648484782714, -0.027293076731871646, 0.36393685474781085, -0.33757576606318523, 0.0028291495123155402], [-0.48055082893742646, -0.008576527666064265, -0.13946366063397034, 0.3129222612386178, 0.04502906956282656, -0.5534951930207895, 0.1976139959248309, -0.47952320533204096, 0.568837789576951, 0.39816001297436354, -0.007343277483542229]], "inverted": false, "swapped": false, "error_lsq": 0.04157166339827654, "error_max": 0.26244104926749684, "target": "168.xyz", "model": "24.xyz", "model_rescale": 4.28219845311461, "target_rescale": 4.020139719926491},
{"mapping": [9, 11, 13, 2, 8, 3, 0, 4, 6, 14, 15], "R": [[0.27653607852328355, 0.4114343783257325, -0.8684754168119455], [-0.8561756031247613, -0.30495670485663295, -0.41709081118736724], [-0.43645289996621156, 0.8589081211018457, 0.26792854572885955]], "T": [-0.16281376716313184, -0.05957185358054563, -0.10100464044741322], "aligned_model": [[-0.6100838952902805, -0.679227418565332, -0.06302110422936266, 0.30767938495305397, -0.32848975685553017, -0.01928250243877616, 0.5507524809933464, 0.48322362153511117, 0.1287414207344582, -0.31570755034520404, -0.09537109078249034], [-0.2044952216300896, -0.09862223960699902, -0.6448915903329058, -0.33440254571912237, 0.5613190112514775, 0.23791246500895558, 0.2730769800824826, -0.08352708900590462, 0.35981665314777583, -0.3354635126864535, -0.03378666820923332], [-0.5866179987451128, 0.06712947044394138, -0.11994367763887219, 0.31358468510056314, 0.16165875124699577, -0.8016808860129324, 0.11282270810819212, -0.4426336967722271, 0.6414951829836846, 0.5922859973046714, -0.08449009981514766]], "inverted": false, "swapped": false, "error_lsq": 0.040201245645414614, "error_max": 0.20105402415962056, "target": "168.xyz", "model": "25.xyz", "model_rescale": 4.100010024507729, "target_rescale": 4.020139719926491},
{"mapping": [9, 10, 4, 6, 8, 7, 2, 5, 1, 0, 11], "R": [[-0.40690589365613994, -0.06791093509081125, -0.9109422037665121], [-0.7472637193508214, 0.5983030259675558, 0.2891892509413917], [0.5253803645454168, 0.7983868698902545, -0.29420040539905273]], "T": [-0.014216210504189267, 0.07819135492083562, 0.030075719836825672], "aligned_model": [[-0.5191341416399137, -0.6361510640382838, -0.051282536641210866, 0.43056748284691887, -0.45402277520463874, 0.006295670201883943, 0.6545518184800178, 0.32652552391471007, -0.009467463055052375, -0.3321648956725548, -0.05650402948288254], [-0.12442412571330036, -0.08965617335349316, -0.7732773442656943, -0.35974146304427224, 0.5040896867723674, 0.36175324962790534, 0.37750164582065393, -0.32438569821332447, 0.38338927497358194, -0.2506442466831673, -0.007668563621273897], [-0.5890492691306073, 0.03523398952880622, -0.1685866117828066, 0.20575853408188305, 0.07522686076688237, -0.5845202135335379, 0.13457433013726125, -0.5047260724531273, 0.6672399315996519, 0.633909518701458, -0.05145056171210793]], "inverted": true, "swapped": false, "error_lsq": 0.04837599232419984, "error_max": 0.27315878693162127, "target": "168.xyz", "model": "26.xyz", "model_rescale": 3.6694154284099745, "target_rescale": 4.020139719926491},
{"mapping": [12, 6, 2, 4, 7, 9, 8, 10, 5, 1, 13], "R": [[-0.6790835500726355, 0.6431095385667325, 0.35391475446105825], [0.5651649558199554, 0.7657274693460567, -0.307001653744588], [-0.46843794117660276, -0.008459556334030505, -0.8834559022231145]], "T": [-0.04123074779005756, -0.00764220775124555, -0.045493058114984], "aligned_model": [[-0.5688791289513246, -0.6635929483963171, -0.09529074592480134, 0.6648568084225712, -0.23937854245693307, -0.03004502975659637, 0.48487285234127564, 0.43252610687047466, 0.022644745114659, -0.6036990223112151, -0.04480150524279877], [-0.2249841231908963, -0.2878580374592653, -0.6804243928621518, -0.36717252913836906, 0.5681414733183666, 0.37405005112230894, 0.35446038075758457, -0.13933360944142295, 0.22797056092224185, -0.0633851638707055, -0.06452836785770788], [-0.5969298097088247, 0.02754673817424126, -0.1265565776681631, 0.17293056939329596, 0.11368963190194115, -0.6103376692235898, -0.0241879001924398, -0.392051187835919, 0.7070925146708245, 0.632864382100722, -0.05045025540833206]], "inverted": false, "swapped": false, "error_lsq": 0.05072364428356882, "error_max": 0.2963909374688182, "target": "168.xyz", "model": "27.xyz", "model_rescale": 4.103607728864725, "target_rescale": 4.020139719926491},
{"mapping": [9, 0, 5, 8, 3, 10, 13, 11, 2, 1, 14], "R": [[0.768641409609887, -0.08661809896263888, 0.6337883624405107], [0.14040311173768594, -0.9437846675534083, -0.299261536963034], [0.6240812043695121, 0.3190106678830678, -0.7132705266092929]], "T": [0.04597149587700811, 0.03278400097720091, -0.13158889148714792], "aligned_model": [[-0.5768627238351368, -0.5938891050610896, -0.31749889363900596, 0.5828938727957856, -0.48461058916950106, -0.04655463264424927, 0.6175679486092336, 0.6158866079326224, -0.10416829926636934, -0.2971671088108119, -0.036383487202483585], [-0.1704798628476165, -0.047049183944242956, -0.5995241530468809, -0.393765906179325, 0.5354733309685362, 0.27640518586907126, 0.27791707489457923, -0.19546556024172446, 0.375901367571846, -0.36899679991840284, 0.006520749174142977], [-0.6223895256264704, 0.17483698035477346, -0.18829942561973978, 0.3179102905758109, 0.03963301455109797, -0.5696104778484836, 0.050234661028622035, -0.44006925765863036, 0.5016955792584574, 0.5920746477902236, -0.002406050601905546]], "inverted": false, "swapped": false, "error_lsq": 0.04525506976425538, "error_max": 0.21564216607082723, "target": "168.xyz", "model": "28.xyz", "model_rescale": 4.137296879288765, "target_rescale": 4.020139719926491},
{"mapping": [5, 6, 2, 3, 9, 0, 7, 1, 8, 4, 10], "R": [[-0.746217619198587, -0.6610889083057504, 0.07823503123731551], [0.1436934850019493, -0.045204659179200746, 0.9885892580624609], [-0.650008805452347, 0.7489445868043934, 0.12872668227997414]], "T": [-0.046710298611506454, -0.013318694081797037, 0.007553926203152062], "aligned_model": [[-0.348446547858922, -0.7591198528332437, 0.17740447422259342, 0.23569256412871448, -0.26494544971433825, -0.16458449723546, 0.5805042838344112, 0.31417351906782737, 0.2771990920400922, -0.5815384132267223, -0.10712558271595818], [-0.4178968508297683, 0.039410176876706254, -0.7375351430187838, -0.40348164095382255, 0.7092109946329535, 0.37786744660068633, 0.3200820338046881, -0.1258958012366442, 0.24139471916697575, -0.31349944031284466, 0.007279747569836861], [-0.4379456791885897, -0.06886672662062941, -0.18584250538949879, 0.4911759097469864, 0.21033085782449237, -0.5613040692613464, -0.0896985642319292, -0.6436359316506675, 0.5979416477342295, 0.480291030932116, 0.06116446630859259]], "inverted": false, "swapped": false, "error_lsq": 0.06957164214160026, "error_max": 0.33296171650512496, "target": "168.xyz", "model": "29.xyz", "model_rescale": 3.607286011436655, "target_rescale": 4.020139719926491},
{"mapping": [7, 6, 5, 10, 1, 13, 11, 12, 9, 3, 14], "R": [[0.31550064080632934, -0.2804340287481844, -0.9065407333213762], [-0.4785718321636536, 0.7779179102183221, -0.40720108843307723], [0.8194073145330836, 0.5623170640142636, 0.1112257722295478]], "T": [-0.10744659601051035, -0.06559472759354248, 0.03333950090542559], "aligned_model": [[-0.5081613487812683, -0.5975426413050214, -0.008072977565145273, 0.5398075025065204, -0.2413335247923829, 0.0070517313451045616, 0.3991663984654823, 0.38094630750952885, 0.011891401968332535, -0.5676324216951957, -0.05690683794696095], [-0.3083083474316777, -0.15590545269447267, -0.7605900636939374, -0.3747564262938583, 0.6534943321729513, 0.3231135537081504, 0.2308346449127298, -0.14529008402067156, 0.3735130337952006, -0.19284884251389686, 0.05367989435946591], [-0.5829451331674926, 0.061496307753864145, -0.26264630338103384, 0.10230379972462954, 0.08748073547662102, -0.5763247734553688, 0.03134854616904417, -0.4796156043098514, 0.6716968647968113, 0.6645976353801548, 0.13621836121637748]], "inverted": true, "swapped": false, "error_lsq": 0.045718846776969996, "error_max": 0.24464745667552013, "target": "168.xyz", "model": "30.xyz", "model_rescale": 3.964800864290218, "target_rescale": 4.020139719926491},
