[{"mapping": [0, 10, 3, 1, 2, 11, 8, 12, 4, 7, 9, 15], "R": [[0.5632795397931285, -0.08070959000544015, -0.8223150990536384], [-0.7532673082309024, 0.35883800340215316, -0.5512020044093879], [0.3395651960979099, 0.9299038925585321, 0.1413302098048323]], "T": [-0.13499762436164683, -0.12915162900859184, 0.026757079550822124], "aligned_model": [[-0.29685944939243225, 0.16369713746553619, 0.2954711428275665, -0.04920274758196755, 0.015552405830018351, -0.5408099529675633, 0.37349732779806954, -0.12739958732998982, 0.45913506828383954, 0.08513468137449165, -0.42801321811727255, -0.11256034572974771], [-0.330370990538679, -0.7865310502962597, -0.25059473866307, 0.6181650816269157, 0.3506093883120139, -0.6124257245807976, -0.23105121614818977, -0.5533706453281323, 0.23516163272397766, 0.4383687662091505, 0.28470945944548026, -0.10911492678535273], [-0.5530662898417802, -0.05437560007341245, -0.6189518705017902, -0.13372019105516725, -0.6053414726717854, -0.041552878512783026, 0.5770207464914296, 0.640449656596811, 0.08889326751185993, 0.5567984455418923, 0.333471106537851, -0.007673174669562809]], "inverted": false, "swapped": true, "error_lsq": 0.04099409665481546, "error_max": 0.20052383278550784, "target": "169.xyz", "model": "0.xyz", "model_rescale": 3.751011558992144, "target_rescale": 4.221393913604389},
{"mapping": [3, 10, 4, 2, 12, 7, 11, 0, 8, 9, 14, 13, 5, 1, 15], "R": [[0.4260706426974834, 0.691886266365354, -0.5828869546030041], [0.842196101051399, -0.06803286917058116, 0.5348619037529604], [0.33040813368495636, -0.7187940756067969, -0.6116907241959739]], "T": [0.035517792998269446, -0.001598489708010624, -0.02967363019014989], "aligned_model": [[0.2357753047526252, 0.05803318484487141, -0.4930961705491769, 0.2624183593093071, -0.29712946021302605, -0.6256731006054327, 0.4731191208222726, 0.6021091804617417, -0.6648340241403254, -0.08941222891216569, 0.10218312194362099, 0.4769325853553012, 0.5526682548661345, -0.09395469640221717, 0.039946779555503534], [0.05796683318604843, -0.616256710354743, 0.30348566881423467, 0.6384450435283415, -0.5895199765741178, 0.37267125091181824, -0.42582908772126266, -0.014036899577523819, -0.28329037353225356, 0.3133133527200998, -0.4320797735442638, -0.011391180546509498, 0.45289902305624347, 0.7554990436960982, 0.026881135764895578], [-0.7868662991195834, -0.4165031855500042, -0.37182805257887486, -0.46698922975548407, 0.28707897565126417, 0.2427786484760327, 0.14763182789371576, -0.31551118399090294, -0.07323691983033094, 0.45657286511335604, 0.643029678486498, 0.569313380394868, 0.06948427388891949, -0.07012336022285852, -0.06516501400463928]], "inverted": true, "swapped": true, "error_lsq": 0.036371451474511846, "error_max": 0.28550226193336126, "target": "169.xyz", "model": "1.xyz", "model_rescale": 3.9405287249114394, "target_rescale": 4.221393913604389},
{"mapping": [10, 0, 3, 9, 5, 6, 12, 13, 1, 4, 7, 8, 15], "R": [[-0.6971553391766436, 0.16612808840444176, 0.6974065466430501], [0.5439042437500798, -0.5111839461362844, 0.6654766313276447], [0.46705739121456213, 0.8432629669655974, 0.26601684506103224]], "T": [0.048952817397239695, 0.03129494850647701, 0.018155355335575888], "aligned_model": [[-0.37667235131540433, 0.15773594576912403, -0.40759713709786494, 0.4239079829570106, 0.5327880378881039, -0.7507542676246809, -0.03346623004804042, 0.7715906055026388, 0.11201193259801032, -0.45905080185030467, -0.04433703530298344, -0.4605993269266889, 0.03042592473501105], [0.6186768159971234, 0.37076215418029096, 0.18890317833224424, -0.3678065170947849, -0.10470530301958186, 0.10466839053047311, 0.31634970363662146, 0.18075015156532326, -0.6716651134617599, -0.44923514934411096, -0.6616461988062151, -0.08057097463663129, 0.0143514556930247], [0.06028056726441114, -0.5070225847992905, -0.601290866323499, 0.24473707800075575, -0.46273162749697966, -0.1104460112481484, 0.7026909426435741, 0.11399962504332213, -0.28756785367147986, -0.006377538701399479, 0.4214059603228857, 0.5654974538811591, -0.020054795326667183]], "inverted": false, "swapped": true, "error_lsq": 0.03907456602371973, "error_max": 0.27285495199853765, "target": "169.xyz", "model": "2.xyz", "model_rescale": 3.932901565614263, "target_rescale": 4.221393913604389},
{"mapping": [10, 8, 6, 11, 3, 2, 4, 0, 13, 5, 7, 14, 1, 15], "R": [[-0.13795554462939602, -0.9122477279308907, 0.3857101898977187], [-0.2610884772299787, -0.3421640054462932, -0.9026386876456602], [0.9554062354641284, -0.22522849789020166, -0.19097394841806514]], "T": [0.06259814314242687, -0.002676103326782628, 0.03004396724261363], "aligned_model": [[-0.1962885198399111, 0.6440941225052359, 0.09187070384863455, -0.3359200278514821, -0.3948704895074604, -0.21120797191082305, 0.46455421427994026, -0.5645596573865717, -0.11854601270205017, -0.30420870220410456, 0.8263475988890346, 0.1878305805576799, 0.28111438390593924, 0.049599689468642474], [0.14358044780893442, 0.032923710771663076, -0.4479994836982003, 0.4897145019631881, -0.5464489826645023, -0.708383718665111, -0.5476754982802045, -0.09674763940732188, 0.5089857222397091, -0.14874467473280706, -0.18081272837913476, 0.7805086951803708, -0.5689043916346951, -0.046499322151399805], [-0.6329307630135781, -0.4519682987912501, -0.6498704386940324, -0.0104345095096917, -0.3046579037175079, 0.3118089367935972, -0.1459835629190842, 0.05663834419977118, 0.5390796493086084, 0.6027232753328587, 0.22092506201160578, 0.14505071194723532, 0.5025184737509941, 0.03099738635757072]], "inverted": true, "swapped": true, "error_lsq": 0.047773332387880875, "error_max": 0.40729580840835106, "target": "169.xyz", "model": "3.xyz", "model_rescale": 3.9243930471874484, "target_rescale": 4.221393913604389},
{"mapping": [3, 4, 2, 0, 5, 6, 10, 1, 9, 7, 13, 12, 15], "R": [[0.8504892697576113, 0.42961761309120605, -0.3034743952114901], [0.47201935536652706, -0.8779555938417738, 0.07994812944219726], [-0.2320899183216134, -0.21124081462575556, -0.9494796406715174]], "T": [-0.01585610075694445, -0.0617246073766424, 0.052892757841422125], "aligned_model": [[0.06340541590978091, -0.3519608175604884, 0.44077661981864824, 0.406459299238161, 0.6708842305395748, -0.5179162516249639, -0.3806087677236586, 0.2667296017524081, 0.12163046405835491, -0.329552135598881, 0.4427923849262462, -0.5526253890506065, -0.0028087683732231673], [-0.6815463428513413, 0.07769857654461282, -0.16725167362102977, -0.5355555741233728, 0.004491644340230097, -0.5167299557693976, -0.6647948486755944, 0.3456276160597872, 0.5112343055071431, 0.6259978673875846, 0.17557484396910158, 0.028770310883098796, -0.07568721596923528], [-0.42305940865729286, -0.54474719240153, -0.6049332995952802, 0.048704747634234505, -0.035696206706695724, -0.39695069621818313, 0.22955784205108876, -0.5351595085912108, 0.11636055844353896, -0.230151542767342, 0.5886715289088849, 0.5631157326368325, 0.011357760633918725]], "inverted": true, "swapped": true, "error_lsq": 0.048094358203006546, "error_max": 0.3076867448297665, "target": "169.xyz", "model": "4.xyz", "model_rescale": 3.8936222436046832, "target_rescale": 4.221393913604389},
{"mapping": [6, 10, 3, 4, 0, 11, 14, 9, 7, 8, 1, 15], "R": [[-0.05164560125851675, 0.7268328297529087, -0.6848698923620644], [-0.9862960983091422, -0.1447237323105673, -0.0792151990861737], [-0.1566931342810181, 0.6713933861004877, 0.7243467282798428]], "T": [-0.15497986173737233, 0.04170584692549119, 0.049759910614544996], "aligned_model": [[-0.013422892719923918, -0.5037235717083978, -0.3951686645580075, 0.40909905383274436, -0.6938054650258203, -0.7135560096418326, -0.3302378838194668, 0.15822471671445637, 0.6316600216561264, 0.3267664312462989, 0.3017901351606038, -0.1500778289216842], [-0.40492231623105635, -0.5452526476347627, 0.05678549888538273, -0.004945103585054546, 0.25007783495557895, -0.08622968593897264, -0.18161829077510044, 0.33860456246766235, 0.09847949558613836, -0.5410984812790024, 0.6268071752378948, 0.062234863421099074], [-0.6150244933194742, -0.19884887120484546, -0.6979524536555375, -0.36160049198205046, -0.21316917753640824, 0.32275979027247004, 0.7992257861134693, 0.45592081200360324, 0.22138720259024214, 0.04915195612918064, -0.15176821843633298, 0.009202878301202061]], "inverted": false, "swapped": true, "error_lsq": 0.04419176504913102, "error_max": 0.21864899342590735, "target": "169.xyz", "model": "5.xyz", "model_rescale": 3.6523030999806103, "target_rescale": 4.221393913604389},
{"mapping": [12, 10, 6, 8, 4, 11, 3, 9, 0, 5, 2, 7, 15], "R": [[-0.1568885514862821, -0.8225967682206322, 0.5465533270647139], [-0.004071718574145233, 0.5539405773652875, 0.8325462496798994], [-0.9876079199360391, 0.1283915638240457, -0.09025631733251052]], "T": [0.03928318506116835, -0.15854321836723873, -0.02801777105776497], "aligned_model": [[0.2947024548068073, -0.19442182458195845, 0.1910792326561015, 0.6379894075980073, 0.5396467292830719, -0.43377133377719435, -0.29431483137426095, 0.32634804114040905, -0.5628861103487214, -0.3357871919545866, -0.12865657011267267, 0.8072231871513826, 0.033931714177909175], [-0.649514826367194, -0.05777179380467984, 0.45024485917262025, -0.1601463224014101, 0.3305521795110643, -0.536542097053478, 0.5328730636963702, -0.46018872213463846, 0.037406926343685365, -0.11861083823561538, 0.474031212810761, -0.1862686503863727, -0.11523808698792945], [0.47232806921248566, 0.6525524783932777, 0.4894650130962465, 0.4338144869528481, -0.02716314442058361, 0.16235034021324696, 0.13825827927324652, -0.449700580207092, -0.07136868804907767, -0.6124598097259945, -0.5013362185168844, -0.2749609513392324, -0.041669535400697344]], "inverted": true, "swapped": true, "error_lsq": 0.055028290244151574, "error_max": 0.3710210740597663, "target": "169.xyz", "model": "6.xyz", "model_rescale": 4.08911054899281, "target_rescale": 4.221393913604389},
{"mapping": [7, 12, 8, 1, 2, 3, 4, 6, 5, 9, 0, 11, 10, 10, 15], "R": [[-0.9628016682133592, -0.2553651899341475, 0.0883264821866558], [-0.22448969401172242, 0.9378865342260689, 0.26452452854118536], [-0.15039057473158382, 0.2348562724035914, -0.960325573097267]], "T": [-0.048245374715282334, -0.14870574171605647, 0.061286774225776934], "aligned_model": [[0.04317034609430639, 0.543114114509684, 0.6172807134542302, -0.5229486703499947, -0.5882563752887049, -0.07773869762325986, 0.12607380296154597, 0.44590258853111037, -0.7362588427894355, -0.2951966986724005, -0.34676281260057207, -0.04446072258942183, 0.4690236062617852, 0.4690236062617852, -0.06563241836110342], [-0.7022254192968477, -0.5042550582283428, -0.35717318286414224, -0.2478915824047594, 0.2685647576742567, 0.6137191163289573, -0.08224036787428554, 0.37707924133120985, -0.08319584255500768, -0.676185728336762, 0.33894056184083665, -0.08818691537877621, 0.2808090304865074, 0.2808090304865074, -0.11780882504023804], [-0.519006783551846, 0.3450414589913911, -0.230872595524728, -0.5357181934070575, -0.37075254649790457, -0.1253420454267206, -0.6130824817259438, -0.31397491758053464, 0.13996841198757395, -0.048223683637377786, 0.33691704008270956, 0.6931308182250739, 0.33678384817982376, 0.33678384817982376, 0.03241785378779705]], "inverted": true, "swapped": true, "error_lsq": 0.04780914301036424, "error_max": 0.34318598791345095, "target": "169.xyz", "model": "7.xyz", "model_rescale": 3.964800864290218, "target_rescale": 4.221393913604389},
{"mapping": [1, 6, 2, 7, 5, 8, 9, 3, 10, 11, 12, 13, 0, 15], "R": [[-0.017411633893343437, 0.9998462196907076, 0.0020909269153615573], [0.8601239680428592, 0.016044653791726038, -0.5098326477216916], [-0.5097877936978983, -0.007078563053675602, -0.8602710615507906]], "T": [-0.02264144762777275, -0.004576464166844707, 0.1153478485348968], "aligned_model": [[-0.14348959036231534, 0.2666135553640703, 0.3975235674558528, -0.7025803471496667, 0.22161310890337907, -0.4464899299548026, -0.4865498154905828, 0.6588107885143966, 0.323604450786936, 0.18223297123514667, -0.43180358230527205, -0.15498761766419528, 0.5728725297450648, 0.003817800382861329], [0.22557520787681073, -0.7391942775689864, 0.18131619713877506, -0.12281088334260395, 0.6071319814648075, -0.6295356202587983, 0.3372502892935868, -0.28520554654292185, -0.49246548038515375, 0.20317005289418485, -0.30880622131554764, 0.6389745454532678, 0.20504837481778004, -0.009500153343998672], [-0.6085457317039286, -0.07989970405502059, -0.5489486241530297, -0.30320345742127575, -0.10825306473933735, 0.15432556822144675, -0.023057823012609474, -0.15642780263274506, 0.5276909843611614, 0.6790601909711198, 0.6600208564089728, 0.464711475503504, 0.18095387863058582, 0.07838829234617749]], "inverted": true, "swapped": true, "error_lsq": 0.04638201819548428, "error_max": 0.3301101997743904, "target": "169.xyz", "model": "8.xyz", "model_rescale": 4.121658175737393, "target_rescale": 4.221393913604389},
{"mapping": [14, 11, 10, 8, 13, 9, 0, 1, 3, 5, 7, 4, 15], "R": [[-0.3460635962955675, 0.6521704360952256, 0.6744729124303968], [-0.4913159868537944, -0.738411178112487, 0.46190641162513746], [0.7992800437774363, -0.17153033061791745, 0.5759589892494493]], "T": [-0.008667926315206659, -0.005673154328559747, -0.08443376978208654], "aligned_model": [[-0.6951581528082065, -0.23488829060798164, 0.35915949604077124, 0.09026993521377363, -0.6447611604028823, -0.4738035417001736, 0.2249955326073145, 0.06204967193235009, 0.7288487477324406, -0.14228194032074418, -0.21153078371019166, 0.3868534446278109, 0.02698453783091609], [0.03628748200558024, -0.37401931415477097, 0.01042770615677529, 0.7163780678059803, -0.3898544147230104, 0.1230189808581576, -0.5893996835957459, 0.030766196581230087, -0.2757940010233504, -0.5618075606729668, 0.6283567637304884, 0.45244861990848595, -0.01642140346514364], [-0.4958442913408253, -0.5492447003666292, -0.7108461943340778, -0.285913489744533, -0.12340184985601925, 0.2595136487465061, -0.17131500218995868, 0.6805937959050812, -0.0746500962090544, 0.31142819681949935, 0.37200264942005107, 0.26665881073761954, -0.05790604362857082]], "inverted": true, "swapped": true, "error_lsq": 0.03874024216157653, "error_max": 0.22323257178475334, "target": "169.xyz", "model": "9.xyz", "model_rescale": 3.833441315466971, "target_rescale": 4.221393913604389},
{"mapping": [3, 6, 11, 14, 12, 10, 8, 9, 5, 13, 2, 1, 4, 0, 15], "R": [[0.590850577082781, -0.016785466904063073, 0.8066063746721553], [0.4942496026598652, -0.7826761770631504, -0.3783323038393329], [0.6376620780880028, 0.622202740237155, -0.4541484605389138]], "T": [-0.06778121334816363, 0.05931319826838939, 0.04650962996690826], "aligned_model": [[0.1581976198755698, 0.04810724715110902, -0.6137804011324496, -0.6760048299497469, -0.6287584530672422, -0.5340269358651341, -0.15623894854781112, 0.11476190312794106, 0.20765215498110084, -0.34980282342471075, 0.6004975119419284, 0.6778089993910388, 0.43549067959682747, -0.12790410266100039, -0.03215460312288835], [-0.6717527557510216, -0.6299667952600847, 0.06740060889908768, 0.5809358392421707, 0.2422103249474019, -0.47769263336093387, 0.01968416154247353, 0.6227232574161203, 0.21855578865633252, 0.5813752391732222, -0.21339998381166853, 0.2371422251067969, -0.1283663784210754, -0.28020355781602563, 0.03245619873218222], [0.22390177859397176, -0.3693224882736175, 0.37011931554280664, 0.030323340928411144, -0.41009880257121817, -0.10244821309361228, -0.7033873722391157, 0.02506787282593135, 0.6650750155792351, 0.4955568340013489, 0.40902251345872204, 0.11029092141729592, -0.40190144623879603, 0.5794235367748043, 0.05649910111592539]], "inverted": true, "swapped": true, "error_lsq": 0.0329552031427141, "error_max": 0.283173191746493, "target": "169.xyz", "model": "10.xyz", "model_rescale": 4.2482417240324, "target_rescale": 4.221393913604389},
{"mapping": [6, 10, 11, 12, 2, 5, 0, 9, 8, 1, 4, 15], "R": [[-0.12382655941263394, 0.6413022266948691, 0.7572307688018445], [-0.9884061708729264, -0.012141813603079116, -0.15134668064661266], [-0.08786480845224168, -0.767192303401586, 0.6353705572632556]], "T": [0.09660903394551604, 0.0589970574105796, -0.008311913624190238], "aligned_model": [[-0.5599838775196299, -0.11754514335395866, 0.3988583006908403, 0.5366748697733815, -0.4785417021573427, 0.10153300921393546, -0.14747237706210423, 0.4786067443508254, 0.09167073683888746, -0.14360537698848205, -0.3386882972186702, 0.055258715795324216], [-0.3865547967175467, -0.5813698887345167, -0.13883549752699456, -0.5196951878796459, 0.6220012320049666, 0.6725992428969846, 0.17664029362022984, 0.4132692488288804, -0.446915596190421, 0.6965875275637323, 0.07990208350163153, 0.07850272868333878], [-0.18670106467497485, 0.26004780505300645, 0.5136185499714183, -0.1759288234909448, 0.059603145109224674, 0.3192747034624309, 0.5656810787766859, -0.29076827610117084, -0.5702449572638549, -0.3652032281828069, -0.5557221148117443, -0.008464527992912838]], "inverted": false, "swapped": true, "error_lsq": 0.04520476761813422, "error_max": 0.27112596101160624, "target": "169.xyz", "model": "11.xyz", "model_rescale": 3.6694154284099745, "target_rescale": 4.221393913604389},
{"mapping": [12, 8, 4, 6, 10, 13, 11, 5, 3, 2, 1, 0, 9, 15], "R": [[-0.6413829142823998, 0.7667538338868232, 0.026767806904457014], [-0.0364416314633873, -0.06529593044708171, 0.9972003053365643], [0.7663549861277755, 0.638611775405769, 0.06982145479857305]], "T": [-0.01880524891160741, -0.008516380256075526, -0.08328686879277475], "aligned_model": [[-0.006240098606504105, 0.008746541631261352, -0.056192559636478914, 0.5541639880661088, 0.6434248925379317, -0.3733544693339665, 0.1939476738244456, -0.23384066807932274, 0.5853316314778703, 0.0069210301546570666, -0.456177561362759, 0.3480798397465705, -0.6100116351413656, -0.0065337550226383205], [-0.2752741751215746, 0.3232830406479363, 0.6823128375650629, 0.5344434019237574, -0.1122135233277012, -0.6413207794087279, -0.6065381620594422, -0.1670471684229765, 0.3285827337744671, 0.4218922776849808, 0.48179773900842426, -0.2141718642932603, -0.048252470464813915, 0.023493400630122063], [-0.779936335146914, -0.7621762474927962, -0.1878617022859504, -0.2791294681635702, -0.36372744762013, 0.08279081563828938, -0.08014199576911732, 0.5589534576948567, 0.28870056870893873, 0.5997000057428303, 0.31657999156061073, 0.39209169104809044, -0.09371208279653602, -0.05303579146618717]], "inverted": true, "swapped": true, "error_lsq": 0.04988135459872622, "error_max": 0.29801699770700446, "target": "169.xyz", "model": "12.xyz", "model_rescale": 3.9764082729961374, "target_rescale": 4.221393913604389},
{"mapping": [13, 1, 10, 11, 8, 12, 3, 2, 7, 9, 14, 6, 4, 5, 5, 15], "R": [[0.211305191501474, -0.9757432815837945, -0.05722905283694224], [0.19550701735748618, -0.015174377872544303, 0.9805848991393662], [-0.9576675426307949, -0.21839136132244186, 0.1875582338667796]], "T": [-0.028659181868316595, 0.01473218920502254, -0.02481104207494858], "aligned_model": [[-0.14102725353462423, -0.5269110864291313, -0.4722833299751716, 0.12356118259534202, 0.06547497765477579, -0.6192856705856912, 0.6560506809018616, -0.12327746108687199, 0.45575718153086436, -0.4361067380934704, 0.47051615080633885, 0.3095380248914178, 0.44795751350994845, -0.16670506557900697, -0.16670506557900697, 0.07836783930519105], [-0.5446418050483685, 0.14835741250803383, -0.37818678535957845, -0.6237062824935702, -0.05872093169956424, -0.20139776868775633, -0.1516150531568496, 0.5563256205777775, 0.5408771629777778, 0.41012595063396134, -0.6060836040604916, -0.2968264295707712, 0.40287657938178956, 0.3731455648925997, 0.3731455648925997, 0.023990982068942707], [0.19644604190181783, -0.3952323124681819, -0.567912500001398, -0.4717673903318301, -0.7215148784995847, 0.08317843461106349, -0.4851852877680105, -0.6027240547660663, -0.26883143541896715, 0.17305100296362808, 0.040148773629275616, 0.5852813133153355, 0.3467319296527315, 0.7203782573339256, 0.7203782573339256, -0.01787084996676617]], "inverted": true, "swapped": false, "error_lsq": 0.047530761847305744, "error_max": 0.338726313056711, "target": "169.xyz", "model": "13.xyz", "model_rescale": 4.170626492500431, "target_rescale": 4.221393913604389},
{"mapping": [4, 3, 8, 10, 7, 14, 12, 2, 1, 0, 5, 11, 9, 15], "R": [[0.794721232454818, -0.10426142985173306, 0.5979529387257562], [0.18866088615686308, -0.8939105009808371, -0.406609255023415], [0.5769100733389935, 0.4359513395798453, -0.6907396012959848]], "T": [-0.055817443380198915, 0.036705115700198264, 0.10413525451741476], "aligned_model": [[0.30115968234677715, 0.008469413010690131, -0.27773935355477236, -0.6590810403159526, 0.36360970450787405, -0.5091408690090226, -0.6231648200935095, 0.5755381735965174, 0.7101910648208113, -0.10663698638930316, 0.3517232634763119, -0.5193672282566689, 0.25442859775264515, -0.02680657980075429], [-0.12972907377798393, -0.7455114497720429, 0.20540871093878063, -0.3403192112902642, 0.4964269135866341, 0.657159102791371, 0.4376078868015995, -0.4472098399182592, 0.03880052567300512, -0.4064923382543601, -0.0234385427081667, 0.07307897926498122, 0.5387021571480654, 0.0015906474423058314], [-0.4741775564068951, 0.07257132918823075, -0.5987377838928672, -0.043764932933586104, -0.409886356741325, 0.3317816140315202, -0.16795297631027586, 0.24413856052790509, 0.034690629969702874, 0.5556626760625584, 0.6646155769806987, 0.5362258548094025, 0.15853192178607467, 0.10017454404972269]], "inverted": true, "swapped": true, "error_lsq": 0.041646334527018096, "error_max": 0.2534555970778005, "target": "169.xyz", "model": "14.xyz", "model_rescale": 3.9786697098870705, "target_rescale": 4.221393913604389},
{"mapping": [3, 5, 10, 6, 11, 12, 1, 9, 8, 4, 13, 15], "R": [[-0.9562029686301097, -0.22815611178612205, 0.18335940509721363], [-0.08543172660769449, -0.38161395347259086, -0.920365259342098], [0.279959466480049, -0.8957207037741496, 0.3454086246151773]], "T": [-0.01464894527912397, 0.04686129828257003, -0.025125355524898856], "aligned_model": [[0.009520478888360107, -0.7028203874286424, 0.49754794451573525, 0.5351518103798794, -0.06215988193193291, 0.531959321436779, -0.4406385324451423, -0.2769247315328619, 0.6624455653654797, 0.21998778344273429, -0.4627623282210154, -0.027952445702036293], [-0.5505415356624659, 0.004515060531202847, 0.07005361490409559, -0.513479920020875, 0.5219451180442173, 0.5410669498494536, -0.42393730634849885, 0.24126948035767792, -0.0020691919077873017, -0.5189450295733641, 0.6409343161268142, 0.003862933923968928], [-0.5345539859687028, -0.11716741992237881, -0.5399702239199476, -0.23770532509613426, -0.443385828160548, 0.09157194441125335, 0.4090146296888881, 0.46947499198628745, 0.3078755095951972, 0.31308688537069235, -0.02511808627530642, -0.033156597835470716]], "inverted": true, "swapped": true, "error_lsq": 0.043790516656917834, "error_max": 0.23713653912801375, "target": "169.xyz", "model": "15.xyz", "model_rescale": 3.769337070930944, "target_rescale": 4.221393913604389},
{"mapping": [9, 1, 12, 8, 13, 5, 11, 2, 10, 6, 15], "R": [[0.2963268338719859, 0.6735660207525791, -0.677125707099458], [-0.7925820835077839, -0.22216641372965487, -0.5678518517298013], [-0.5329203021370691, 0.7049474450610062, 0.4680224901349239]], "T": [-0.0066147437880510855, 0.06210132073541052, -0.018927737205881805], "aligned_model": [[-0.1662202453867724, -0.25547672234616137, -0.2329343294787239, -0.6544339447815699, 0.4473407704170689, 0.43456563410840027, 0.49745166395117973, 0.1037087736937561, 0.10217653077159981, -0.345804775004375, -0.007747225253231415], [-0.09973936610241349, -0.6509200748315459, 0.7552422551481635, 0.43309947445251085, 0.14750538088882187, -0.4311008589422153, 0.4409863543214608, -0.6934688493573234, 0.551337334206828, 0.11766315248103648, 0.025459695360018887], [-0.5662359766964207, -0.16475018523689072, -0.17695676387319415, 0.101203017177324, -0.6023305930328939, -0.23330209057114923, -0.09150139484903974, 0.2443724044758288, 0.5071533950168936, 0.7181722566161556, 0.008393538197163451]], "inverted": true, "swapped": true, "error_lsq": 0.041378898275613536, "error_max": 0.2624825318688057, "target": "169.xyz", "model": "16.xyz", "model_rescale": 3.7852294659196426, "target_rescale": 4.221393913604389},
{"mapping": [8, 10, 3, 6, 12, 11, 13, 0, 4, 7, 9, 2, 15], "R": [[0.4292144326693666, 0.04655508514604195, 0.9020019927003258], [0.7993562369763649, -0.4845059849826206, -0.35536397808867237], [0.42048136367180355, 0.8735482668765737, -0.24517105914368242]], "T": [-0.04431134424080582, 0.1690564182258914, 0.03941890234341959], "aligned_model": [[-0.04424707445966006, -0.39656980147630516, 0.27928772797510726, 0.22790390163980492, -0.5757130942483609, -0.6155578472329264, -0.455269986390085, -0.10405835413641577, 0.5281300675425646, 0.35497468054441095, 0.04366895024005274, 0.6172227701716377, -0.006006089953542425], [-0.1612951673248471, -0.46435871871408657, -0.3859256804602644, -0.5885711164710319, 0.05776452684965404, 0.1902155399139795, 0.7548088061196141, 0.04586263893694331, -0.0697176635951623, 0.4477852327551208, 0.7084986904658832, 0.18474131558130039, 0.15524721964577085], [-0.6407344415280671, 0.09087781391265534, 0.4913816742449427, -0.07613530093421357, -0.472307956535424, 0.3153418485784203, 0.2437115578028326, 0.6592069379682634, -0.28442748550844993, -0.6042909694473125, -0.18965343508423033, 0.5025723591119345, 0.0602120945618225]], "inverted": true, "swapped": true, "error_lsq": 0.04820629706449746, "error_max": 0.27852949938730637, "target": "169.xyz", "model": "17.xyz", "model_rescale": 3.901054581598922, "target_rescale": 4.221393913604389},
{"mapping": [3, 10, 4, 2, 12, 7, 11, 0, 8, 9, 14, 13, 5, 1, 15], "R": [[0.4260706426974834, 0.691886266365354, -0.5828869546030041], [0.842196101051399, -0.06803286917058116, 0.5348619037529604], [0.33040813368495636, -0.7187940756067969, -0.6116907241959739]], "T": [0.035517792998269446, -0.001598489708010624, -0.02967363019014989], "aligned_model": [[0.2357753047526252, 0.05803318484487141, -0.4930961705491769, 0.2624183593093071, -0.29712946021302605, -0.6256731006054327, 0.4731191208222726, 0.6021091804617417, -0.6648340241403254, -0.08941222891216569, 0.10218312194362099, 0.4769325853553012, 0.5526682548661345, -0.09395469640221717, 0.039946779555503534], [0.05796683318604843, -0.616256710354743, 0.30348566881423467, 0.6384450435283415, -0.5895199765741178, 0.37267125091181824, -0.42582908772126266, -0.014036899577523819, -0.28329037353225356, 0.3133133527200998, -0.4320797735442638, -0.011391180546509498, 0.45289902305624347, 0.7554990436960982, 0.026881135764895578], [-0.7868662991195834, -0.4165031855500042, -0.37182805257887486, -0.46698922975548407, 0.28707897565126417, 0.2427786484760327, 0.14763182789371576, -0.31551118399090294, -0.07323691983033094, 0.45657286511335604, 0.643029678486498, 0.569313380394868, 0.06948427388891949, -0.07012336022285852, -0.06516501400463928]], "inverted": true, "swapped": true, "error_lsq": 0.036371451474511846, "error_max": 0.28550226193336126, "target": "169.xyz", "model": "18.xyz", "model_rescale": 3.9405287249114394, "target_rescale": 4.221393913604389},
{"mapping": [12, 6, 0, 4, 8, 1, 7, 5, 9, 2, 13, 14, 11, 3, 10, 15], "R": [[0.024403587180646225, -0.8810240981218669, -0.4724415344370857], [-0.8840094205951152, -0.2396997543912, 0.40133698065825835], [-0.4668316711961662, 0.40784870512648413, -0.7846831363645106]], "T": [0.029472464799608862, -0.10644938125441734, -0.025190458154176358], "aligned_model": [[-0.051494269007677305, -0.5003290011206437, -0.39939414166951526, 0.05593042168755963, -0.09426099815269207, -0.6255654766986323, 0.4789145657709478, 0.014992897955438463, 0.6095413120910201, -0.43764275096684774, 0.655024470095087, 0.29327184170325377, 0.47676657305206444, -0.4610833845740302, -0.0738039301155238, 0.0140537502829565], [-0.5715089153366737, 0.24472569663891008, -0.36089120651873935, -0.7331916954636328, 0.10539203009620908, -0.1631746691377956, -0.24383488549539734, 0.6357481064347635, 0.26928082510906565, 0.6200202493974147, -0.22572607030936548, -0.12967099705619495, 0.3923729237305848, -0.2066105558926858, 0.40704983525013777, -0.07231449359006842], [0.25284385624814254, -0.4179625637925312, -0.4984842879975084, -0.4009018855995907, -0.74079188501047, 0.03161588736930563, -0.5493589139393974, -0.3996178532132734, -0.35889210841171265, 0.0716110601866739, 0.18878992760784244, 0.702552358630015, 0.23998399512499285, 0.6638315245244282, 0.5609465376489106, -0.011610347854930113]], "inverted": true, "swapped": false, "error_lsq": 0.042442985213750256, "error_max": 0.34319302887061254, "target": "169.xyz", "model": "19.xyz", "model_rescale": 4.410303926677745, "target_rescale": 4.221393913604389},
{"mapping": [1, 6, 2, 7, 5, 8, 9, 3, 10, 11, 12, 13, 0, 15], "R": [[-0.017411633893343437, 0.9998462196907076, 0.0020909269153615573], [0.8601239680428592, 0.016044653791726038, -0.5098326477216916], [-0.5097877936978983, -0.007078563053675602, -0.8602710615507906]], "T": [-0.02264144762777275, -0.004576464166844707, 0.1153478485348968], "aligned_model": [[-0.14348959036231534, 0.2666135553640703, 0.3975235674558528, -0.7025803471496667, 0.22161310890337907, -0.4464899299548026, -0.4865498154905828, 0.6588107885143966, 0.323604450786936, 0.18223297123514667, -0.43180358230527205, -0.15498761766419528, 0.5728725297450648, 0.003817800382861329], [0.22557520787681073, -0.7391942775689864, 0.18131619713877506, -0.12281088334260395, 0.6071319814648075, -0.6295356202587983, 0.3372502892935868, -0.28520554654292185, -0.49246548038515375, 0.20317005289418485, -0.30880622131554764, 0.6389745454532678, 0.20504837481778004, -0.009500153343998672], [-0.6085457317039286, -0.07989970405502059, -0.5489486241530297, -0.30320345742127575, -0.10825306473933735, 0.15432556822144675, -0.023057823012609474, -0.15642780263274506, 0.5276909843611614, 0.6790601909711198, 0.6600208564089728, 0.464711475503504, 0.18095387863058582, 0.07838829234617749]], "inverted": true, "swapped": true, "error_lsq": 0.04638201819548428, "error_max": 0.3301101997743904, "target": "169.xyz", "model": "20.xyz", "model_rescale": 4.121658175737393, "target_rescale": 4.221393913604389},
{"mapping": [12, 10, 6, 8, 4, 11, 3, 9, 0, 5, 2, 7, 15], "R": [[-0.1568885514862821, -0.8225967682206322, 0.5465533270647139], [-0.004071718574145233, 0.5539405773652875, 0.8325462496798994], [-0.9876079199360391, 0.1283915638240457, -0.09025631733251052]], "T": [0.03928318506116835, -0.15854321836723873, -0.02801777105776497], "aligned_model": [[0.2947024548068073, -0.19442182458195845, 0.1910792326561015, 0.6379894075980073, 0.5396467292830719, -0.43377133377719435, -0.29431483137426095, 0.32634804114040905, -0.5628861103487214, -0.3357871919545866, -0.12865657011267267, 0.8072231871513826, 0.033931714177909175], [-0.649514826367194, -0.05777179380467984, 0.45024485917262025, -0.1601463224014101, 0.3305521795110643, -0.536542097053478, 0.5328730636963702, -0.46018872213463846, 0.037406926343685365, -0.11861083823561538, 0.474031212810761, -0.1862686503863727, -0.11523808698792945], [0.47232806921248566, 0.6525524783932777, 0.4894650130962465, 0.4338144869528481, -0.02716314442058361, 0.16235034021324696, 0.13825827927324652, -0.449700580207092, -0.07136868804907767, -0.6124598097259945, -0.5013362185168844, -0.2749609513392324, -0.041669535400697344]], "inverted": true, "swapped": true, "error_lsq": 0.055028290244151574, "error_max": 0.3710210740597663, "target": "169.xyz", "model": "21.xyz", "model_rescale": 4.08911054899281, "target_rescale": 4.221393913604389},
{"mapping": [0, 10, 7, 13, 12, 6, 3, 9, 14, 5, 2, 1, 15, 8, 11, 16], "R": [[0.16414004444608907, -0.5017702971250846, 0.8492847665725791], [-0.07940007225853715, 0.8514478661952145, 0.5183938268121596], [-0.9832363267976703, -0.1525224576074637, 0.09991609275189081]], "T": [0.018488926352673275, -0.01807705889793848, -0.01408901483837071], "aligned_model": [[-0.1794812426306576, -0.630979765780977, -0.43113221084660935, 0.12404542753714604, 0.006777773272963444, -0.6512683690194716, 0.681655328250137, -0.06703275334594755, 0.4642176794267497, -0.42342040253308166, 0.6344080674836194, 0.16302501091331972, 0.5865943312279628, -0.37497945463125526, 0.03417573464949595, 0.018316726359371618], [-0.7460942677237978, 0.22668939384234787, -0.3758562347759381, -0.41350297001904107, 0.09984507028240262, -0.2983414119556126, -0.26828814828188674, 0.6019041227766586, 0.2501039436226807, 0.528795612592535, -0.2660204005262182, -0.20907379696042808, 0.34201054753641014, 0.08224622956640536, 0.4770081014903739, -0.06375961361035902], [0.16163279378364093, -0.4256898053697782, -0.43317263692484265, -0.5329590755471924, -0.7427362040714065, 0.1545561340759149, -0.5159690377902183, -0.3544667289052808, -0.38989137581702166, 0.044009867842642075, 0.2694979035904813, 0.7426328280969352, 0.26715853188522, 0.5479429139856592, 0.5694670135489516, -0.027457820862806712]], "inverted": false, "swapped": false, "error_lsq": 0.03758432466197142, "error_max": 0.3072017753003725, "target": "169.xyz", "model": "22.xyz", "model_rescale": 4.204369325754507, "target_rescale": 4.221393913604389},
{"mapping": [12, 6, 0, 4, 8, 1, 7, 5, 9, 2, 13, 14, 11, 3, 10, 15], "R": [[0.024403587180646225, -0.8810240981218669, -0.4724415344370857], [-0.8840094205951152, -0.2396997543912, 0.40133698065825835], [-0.4668316711961662, 0.40784870512648413, -0.7846831363645106]], "T": [0.029472464799608862, -0.10644938125441734, -0.025190458154176358], "aligned_model": [[-0.051494269007677305, -0.5003290011206437, -0.39939414166951526, 0.05593042168755963, -0.09426099815269207, -0.6255654766986323, 0.4789145657709478, 0.014992897955438463, 0.6095413120910201, -0.43764275096684774, 0.655024470095087, 0.29327184170325377, 0.47676657305206444, -0.4610833845740302, -0.0738039301155238, 0.0140537502829565], [-0.5715089153366737, 0.24472569663891008, -0.36089120651873935, -0.7331916954636328, 0.10539203009620908, -0.1631746691377956, -0.24383488549539734, 0.6357481064347635, 0.26928082510906565, 0.6200202493974147, -0.22572607030936548, -0.12967099705619495, 0.3923729237305848, -0.2066105558926858, 0.40704983525013777, -0.07231449359006842], [0.25284385624814254, -0.4179625637925312, -0.4984842879975084, -0.4009018855995907, -0.74079188501047, 0.03161588736930563, -0.5493589139393974, -0.3996178532132734, -0.35889210841171265, 0.0716110601866739, 0.18878992760784244, 0.702552358630015, 0.23998399512499285, 0.6638315245244282, 0.5609465376489106, -0.011610347854930113]], "inverted": true, "swapped": false, "error_lsq": 0.042442985213750256, "error_max": 0.34319302887061254, "target": "169.xyz", "model": "23.xyz", "model_rescale": 4.410303926677745, "target_rescale": 4.221393913604389},
{"mapping": [10, 2, 3, 1, 0, 4, 7, 12, 13, 5, 11, 9, 14, 8, 15, 16], "R": [[0.612023657695155, 0.7834131890792294, 0.10812408426504852], [-0.7629265964057196, 0.5488746979541412, 0.34158392005850435], [0.20825477405867085, -0.29154817976187397, 0.9336110581817838]], "T": [0.09853921658187685, 0.0366729117705845, 0.004842532365079283], "aligned_model": [[-0.09273248212527797, -0.6830528978581607, -0.5280490506757183, 0.18762339181023746, -0.1601163275448313, -0.5788934237071434, 0.4922414028463866, 0.0486671300588531, 0.620410188323878, -0.3265232035284819, 0.5759476526404735, 0.17619347645482225, 0.594071908707427, -0.4284945776404668, 0.02531631495097013, 0.03231237761979759], [-0.5243020210865098, 0.0691050232350381, -0.46688707830813636, -0.6739905074595528, 0.09051701530777452, -0.04840906151268444, -0.0798795990608853, 0.6171139804483207, 0.4644196191717564, 0.49940266544163503, -0.35050888758492393, -0.1330406401392507, 0.2705064323953373, -0.1722623262212501, 0.44297219549264877, -0.03709063226278482], [0.27411230091564065, -0.46521690639717805, -0.3989711181732656, -0.4677639253376802, -0.7026770313877264, 0.09276550254024137, -0.5179815273641218, -0.5490317995566892, -0.192312399071222, -0.023532588874947705, 0.15614661703789395, 0.6028284099994233, 0.4022330527372612, 0.6000635949354067, 0.5869709456541381, -0.06307782613627778]], "inverted": false, "swapped": false, "error_lsq": 0.041698342924388704, "error_max": 0.3024260097881212, "target": "169.xyz", "model": "24.xyz", "model_rescale": 4.28219845311461, "target_rescale": 4.221393913604389},
{"mapping": [1, 7, 4, 0, 13, 3, 2, 12, 14, 9, 6, 8, 10, 5, 5, 15], "R": [[0.469936571648496, -0.8569000070592796, -0.21185371492863933], [-0.17339308795447916, 0.14571658168823276, -0.9740130978948424], [0.8655024296192755, 0.49445834579153763, -0.08010298746131735]], "T": [-0.02685747006100155, 0.04116910244897925, -0.1205538082732535], "aligned_model": [[-0.21840014914684328, -0.665862158040879, -0.3440728463362308, 0.23158716636634583, -0.0727306500263615, -0.7048275310263766, 0.39053945550954144, 0.08041073044013984, 0.6445184807383958, -0.5363379275563083, 0.7474039748865361, 0.2615492294609441, 0.6012012935082027, -0.2268206510912229, -0.2268206510912229, -0.00641588626189488], [-0.3909017016144704, 0.1129298830564168, -0.5213915173409918, -0.7278893408565367, 0.2530880446329181, -0.27589723113914405, -0.1973042312794214, 0.7577596411506874, 0.3548054519070987, 0.4696361762988689, -0.3783130147058637, -0.11772340285818383, 0.2783883886375426, 0.18966701263900482, 0.18966701263900482, -0.02885499331039732], [0.3113068419500028, -0.5588110442164561, -0.46340731509767075, -0.2060503153261124, -0.6736383137880172, 0.07912313431004851, -0.6080887301123368, -0.364298414854542, -0.2967105506404385, -0.0034243331794236997, 0.07115196424302657, 0.49060967587554244, 0.3024994018457449, 0.6938439924455427, 0.6938439924455427, -0.13339468437955532]], "inverted": true, "swapped": false, "error_lsq": 0.0490597196857362, "error_max": 0.4032569639450669, "target": "169.xyz", "model": "25.xyz", "model_rescale": 4.100010024507729, "target_rescale": 4.221393913604389},
{"mapping": [6, 10, 11, 12, 2, 5, 0, 9, 8, 1, 4, 15], "R": [[-0.12382655941263394, 0.6413022266948691, 0.7572307688018445], [-0.9884061708729264, -0.012141813603079116, -0.15134668064661266], [-0.08786480845224168, -0.767192303401586, 0.6353705572632556]], "T": [0.09660903394551604, 0.0589970574105796, -0.008311913624190238], "aligned_model": [[-0.5599838775196299, -0.11754514335395866, 0.3988583006908403, 0.5366748697733815, -0.4785417021573427, 0.10153300921393546, -0.14747237706210423, 0.4786067443508254, 0.09167073683888746, -0.14360537698848205, -0.3386882972186702, 0.055258715795324216], [-0.3865547967175467, -0.5813698887345167, -0.13883549752699456, -0.5196951878796459, 0.6220012320049666, 0.6725992428969846, 0.17664029362022984, 0.4132692488288804, -0.446915596190421, 0.6965875275637323, 0.07990208350163153, 0.07850272868333878], [-0.18670106467497485, 0.26004780505300645, 0.5136185499714183, -0.1759288234909448, 0.059603145109224674, 0.3192747034624309, 0.5656810787766859, -0.29076827610117084, -0.5702449572638549, -0.3652032281828069, -0.5557221148117443, -0.008464527992912838]], "inverted": false, "swapped": true, "error_lsq": 0.04520476761813422, "error_max": 0.27112596101160624, "target": "169.xyz", "model": "26.xyz", "model_rescale": 3.6694154284099745, "target_rescale": 4.221393913604389},
