[{"mapping": [8, 0, 3, 7, 2, 9, 4, 10, 1, 5, 6, 12], "R": [[-0.6123993077610469, -0.7559698887820909, -0.231250113748261], [-0.27183287516028276, -0.07331670496571524, 0.9595475750347475], [-0.7423435699431125, 0.6504876540164027, -0.16059836903390995]], "T": [-0.019832476503498293, -0.06772200564910932, -0.05846048506412847], "aligned_model": [[-0.30974228914068086, 0.2223364811881077, 0.5564879116191692, -0.23112008519951438, 0.00642768151275324, -0.5771049927447277, 0.41387491554923905, -0.4427486756801, 0.5441287432419862, 0.25024113223418026, -0.49624685870933827, -0.0988915014105258], [-0.39721719280237, -0.7048458014228682, -0.2711197089412105, 0.5959250088736915, 0.3214877629015419, -0.7284078538618152, -0.274520959122343, -0.32675007586608584, 0.32375638270347895, 0.2718811516511407, 0.34885587077344193, -0.10548954890954543], [-0.539699649546801, -0.02418774767535034, -0.5673608247104999, 0.0212715141765394, -0.5295371043056047, -0.072720152853653, 0.4620380989980981, 0.5765996873548526, -0.11274278718106998, 0.43544127842279384, 0.5635406766748912, -0.030691244000633493]], "inverted": false, "swapped": true, "error_lsq": 0.052152314632861844, "error_max": 0.31258618415742606, "target": "17.xyz", "model": "0.xyz", "model_rescale": 3.751011558992144, "target_rescale": 3.901054581598922},
{"mapping": [8, 10, 6, 4, 5, 9, 12, 11, 1, 0, 3, 7, 14], "R": [[0.41375523866288716, -0.5964217107157584, -0.6878137432953094], [0.34501357503451335, 0.801886823028586, -0.4877941739043484], [0.8424798131236865, -0.0354776836900261, 0.5375584604850612]], "T": [-0.061873280492403426, 0.08243009482396166, -0.08444606058939413], "aligned_model": [[-0.057327001558444, -0.4541678315249918, 0.373781339933462, 0.1158970298753598, -0.5946264703177684, -0.6754033976508564, -0.14200328634717235, -0.1886823853612675, 0.608754645995754, 0.49238401201307674, 0.031338161454451924, 0.4322577184928255, -0.08843668478814623], [-0.24190652840670349, -0.5668862020249762, -0.1626103749219722, -0.6771673268355479, 0.033553588436255236, 0.10238553111241902, 0.6430581993477811, 0.04552524178204262, -0.08937705816536434, 0.47807669603105063, 0.8317218480546776, 0.37057662334313823, 0.10810538595007428], [-0.6634135366353782, 0.2269171999366078, 0.4758092072648474, -0.21476660259940297, -0.4067365706107901, 0.15507888015032553, 0.3964389720919686, 0.7025027761662033, -0.16460861937922608, -0.41876198775598733, -0.19968227513761302, 0.25093902813914687, -0.043961774487527826]], "inverted": false, "swapped": false, "error_lsq": 0.03772409902298194, "error_max": 0.24356060838443505, "target": "17.xyz", "model": "1.xyz", "model_rescale": 3.9405287249114394, "target_rescale": 3.901054581598922},
{"mapping": [3, 9, 2, 8, 11, 5, 0, 2, 4, 7, 6, 1, 12], "R": [[-0.8087153406988774, -0.12148883585222667, 0.5755171244034094], [-0.1414407138414394, -0.9095625337145652, -0.3907563457332009], [0.5709413474134823, -0.3974122041734646, 0.7183937066732042]], "T": [0.0045077810383714265, 0.07383055449851213, -0.08726339286086209], "aligned_model": [[0.15797149701801902, -0.4742455882771572, 0.0030567838903865704, 0.10260746470467214, -0.6926117467795619, -0.5253436816451319, -0.2620900749803324, 0.0030567838903865704, 0.6384342702154804, 0.48107335013461544, -0.16986053495468664, 0.55839426057304, 0.03332306642655314], [-0.019264644712706905, -0.5750728065782359, -0.02162690707053462, -0.6850816505540476, 0.13303485822719457, 0.052840172915673625, 0.7438418269464083, -0.02162690707053462, -0.21998653088852516, 0.4957738837156041, 0.5352466046153788, 0.4161363794912288, 0.04084134466597112], [-0.6300173429436161, -0.09730064559195777, 0.5873145456752876, -0.21022065046119948, -0.22192409014141917, 0.40962000568441814, 0.34045201045641443, 0.5873145456752876, -0.14646177575314628, -0.5602950391989383, -0.31540065957044205, 0.3635833907841061, -0.010909597471620444]], "inverted": true, "swapped": false, "error_lsq": 0.060466487267616345, "error_max": 0.42702092849187395, "target": "17.xyz", "model": "2.xyz", "model_rescale": 3.932901565614263, "target_rescale": 3.901054581598922},
{"mapping": [6, 0, 7, 4, 1, 3, 11, 8, 5, 12, 10, 9, 13], "R": [[-0.3081586294603776, -0.65135550954838, 0.6933788713755794], [0.6855643704121771, 0.3532763653181213, 0.6365511006423386], [-0.6595754339804182, 0.671514564167143, 0.33768096926086194]], "T": [-0.09603648953024951, 0.0343508167369644, 0.04219362711777487], "aligned_model": [[0.13544147334770315, -0.5187516088756401, 0.30239471548741714, 0.10318780342721057, -0.7166918285919053, -0.4384355015112945, -0.39306288557475977, -0.03644293349886085, 0.5670701580373578, 0.44221814855364355, -0.1268924799716634, 0.5503970806840732, -0.01666629129699826], [0.039894753627773144, -0.48459100467935334, -0.3838453636987895, -0.7686323676740865, 0.07497632692564828, -0.024759089827384687, 0.8403546517961811, 0.32274936668130483, -0.10276692184122789, 0.4495423075561813, 0.6012700336264561, 0.22956231899448126, 0.08130061221569035], [-0.6005189666186342, 0.011183257804696159, 0.46184476423557025, -0.23843796623276703, -0.3601807494624488, 0.41629844347487166, 0.28681953803089405, 0.7145488977905379, -0.19923542120391868, -0.3056968451461669, -0.39460832992513617, 0.3316915512470733, -0.027953476851397527]], "inverted": false, "swapped": false, "error_lsq": 0.050568005771395655, "error_max": 0.31963663916706564, "target": "17.xyz", "model": "3.xyz", "model_rescale": 3.9243930471874484, "target_rescale": 3.901054581598922},
{"mapping": [7, 0, 3, 2, 1, 5, 11, 6, 4, 8, 9, 10, 12], "R": [[0.813368734999868, 0.27830135590518273, 0.5108616801307883], [-0.5611517041387313, 0.6069283576463412, 0.5628025707358782], [-0.1534277219635124, -0.7444369173986819, 0.6498258306246648]], "T": [0.03774313565335696, 0.17250731541588982, 0.02132330200728192], "aligned_model": [[0.11934147323782629, -0.441340652667333, 0.2295110967254641, 0.09560111232018442, -0.50291438744924, -0.648667310779424, -0.14702981252342262, -0.12332761941797185, 0.49073686986717996, 0.4036123934907188, -0.16289847160016313, 0.6095711712059203, -0.0684300121934561], [-0.219109849504025, -0.5291656376812097, -0.33708046417146564, -0.7154617509180698, 0.026020532986756245, 0.01968007821320697, 0.8371751196957271, 0.1324444339153595, -0.15178936338464416, 0.46369457853108986, 0.7751468634207036, 0.4498012405951637, 0.1236998420042815], [-0.6735842215925968, 0.05948275720365579, 0.4169224859879237, -0.22235247045193274, -0.421837352009531, 0.30258409623894944, 0.40889232678015947, 0.7241516538282206, -0.1836050033144479, -0.40020490924938434, -0.2856879557604953, 0.3266894696383413, 0.044303819844311705]], "inverted": false, "swapped": false, "error_lsq": 0.036472312082640033, "error_max": 0.2005312964560234, "target": "17.xyz", "model": "4.xyz", "model_rescale": 3.8936222436046832, "target_rescale": 3.901054581598922},
{"mapping": [9, 10, 11, 8, 7, 5, 4, 1, 3, 0, 2, 12], "R": [[0.48318662199081996, -0.7346739986340887, -0.47621928148711046], [0.06294628942130337, -0.513370586886657, 0.8558553646310451], [-0.8732516550097058, -0.44351409926928886, -0.20180879755888093]], "T": [-0.09040201606265165, 0.00012959256791006402, -0.02183705274220408], "aligned_model": [[0.06755620056722593, -0.5909971041362877, -0.277456136693086, 0.34433089601066147, -0.583779360968742, -0.547493670279699, -0.21521114442893824, -0.04991429807257833, 0.618135995269604, 0.3135587378350142, 0.06936447761482163, -0.12054655050289882], [-0.6331202663369473, -0.6110722596662004, 0.18253835275737437, -0.07184656102198145, 0.4854145819446863, 0.07104580841461641, -0.37786342779937865, 0.44329794022206664, 0.17997379641704386, -0.5172145997217346, 0.5758065074050502, -0.0580369675047882], [-0.5886753043695342, -0.18024137371004026, -0.7071617017915367, -0.5014542331341609, -0.1336595898061629, 0.44533221051843624, 0.5641071793478956, 0.5037261828218054, 0.2914125601893359, 0.1650261371945142, -0.1528247554164133, -0.08630259256862094]], "inverted": false, "swapped": true, "error_lsq": 0.03125584163950479, "error_max": 0.1790985119322356, "target": "17.xyz", "model": "5.xyz", "model_rescale": 3.6523030999806103, "target_rescale": 3.901054581598922},
{"mapping": [1, 3, 7, 0, 2, 4, 10, 11, 5, 8, 6, 9, 12], "R": [[-0.6362559538723511, -0.6814819568424652, -0.3616084950055092], [-0.49516945603888807, 0.7201707185187772, -0.4859643464229656], [0.5915957834266033, -0.13014022701037867, -0.7956619573321014]], "T": [0.01809821078189919, 0.14014493248738386, -0.014674221945461016], "aligned_model": [[-0.15013847652592865, -0.2350306218977141, 0.278875794391951, 0.06545812852132962, -0.6818328647952465, -0.49464713256257575, -0.30157788937997926, -0.1250123689835653, 0.5574980423194281, 0.5612687997391991, -0.0684271669092529, 0.39716903780941604, 0.05016256848922149], [-0.11166197893053476, -0.49661916420806157, -0.30063642105663435, -0.7940064078885682, 0.12439500207389126, 0.12831327261819014, 0.8029097411352357, 0.0503751745918688, -0.2049839816328446, 0.45256230495682576, 0.6425068949541966, 0.541824682394918, 0.04007650469439156], [-0.639705871063567, 0.09977219422328316, 0.43757008144772663, -0.34975934838980716, -0.3080341771924376, 0.24239352521511465, 0.24459984361116643, 0.8490559185889262, -0.24670306576066814, -0.2617859362318559, -0.4181222108535799, 0.4518250404243063, -0.0053512968754334325]], "inverted": false, "swapped": false, "error_lsq": 0.04917324932956679, "error_max": 0.24297905053048138, "target": "17.xyz", "model": "6.xyz", "model_rescale": 4.08911054899281, "target_rescale": 3.901054581598922},
{"mapping": [8, 0, 1, 9, 4, 6, 7, 2, 11, 10, 5, 13, 14], "R": [[-0.21246997193919082, 0.018428331690821198, -0.9769938114518703], [-0.28699194794229693, -0.9569051619302552, 0.044363643758350474], [-0.9340728734100169, 0.28981529922059834, 0.20860239571306372]], "T": [0.018549160829675126, 0.11940874350407671, -0.03528322694199078], "aligned_model": [[-0.03705813727411511, -0.5158990499461739, 0.2643907321313776, 0.16737344103629775, -0.4924138843990136, -0.43421157853893716, -0.26426554598666835, -0.1784358001990276, 0.5835327050773197, 0.36742981458255103, -0.17710842571269175, 0.4775044458615486, 0.09292713358381555], [-0.15693355105124768, -0.5326685713383519, -0.3901209631264808, -0.6291220662903249, 0.259879876445781, 0.08679989885262002, 0.6894991186547402, 0.06535802686780201, 0.005339203592541891, 0.34873593220745774, 0.794940978840223, 0.3605886794054014, -0.02724093935728808], [-0.6563240773878196, 0.381629795846061, 0.4315009402448183, -0.21447660940157925, -0.5000779310027771, 0.17229168144136875, 0.40551351794890805, 0.7447263809801681, -0.1462462737228781, -0.6226214842182838, -0.32832850916556394, 0.4815211917809609, -0.05335392620020947]], "inverted": true, "swapped": false, "error_lsq": 0.04169858892291755, "error_max": 0.28162282948723927, "target": "17.xyz", "model": "7.xyz", "model_rescale": 3.964800864290218, "target_rescale": 3.901054581598922},
{"mapping": [3, 2, 1, 0, 6, 4, 12, 7, 5, 10, 9, 8, 13], "R": [[0.20838879599150334, 0.9351047520140758, -0.28662381698997985], [-0.20141637767191856, -0.24574506019493275, -0.9481776248126257], [-0.9570817898752096, 0.25532032459340714, 0.13713489467959133]], "T": [-0.07546958924307545, 0.04720844115230763, -0.03115458866197128], "aligned_model": [[0.09353735690275863, -0.479195882378541, 0.3072400287221763, -0.14116759856276553, -0.4443959603507465, -0.7758345166832166, -0.3391304960856634, -0.01044855487945169, 0.7215479632969121, 0.3543752383194093, 0.07122202775132794, 0.5101284897377227, -0.014112245573639402], [-0.35819673957225484, -0.3353115456974808, -0.3925920508761941, -0.6572792523037796, -0.01939125941741099, 0.11464192075076932, 0.5834595234578761, 0.0699057039333794, 0.09619331686986385, 0.5320252364936862, 0.7180226450618585, 0.42886253131844776, 0.09471559368411342], [-0.6082559552333484, 0.32841775127204786, 0.44131632758660977, -0.14313777428863322, -0.47383238996206745, -0.025230970270150258, 0.4310062493777961, 0.6774428035956098, -0.2790138750776397, -0.5364466944581388, 0.017287130190449834, 0.28895887053763086, -0.02275677612699256]], "inverted": true, "swapped": false, "error_lsq": 0.05719410247652715, "error_max": 0.34573222289697414, "target": "17.xyz", "model": "8.xyz", "model_rescale": 4.121658175737393, "target_rescale": 3.901054581598922},
{"mapping": [6, 7, 5, 9, 8, 11, 3, 10, 4, 1, 2, 0, 12], "R": [[0.883280857763795, 0.3153169118918822, 0.34697286836728597], [-0.16365299310299822, -0.48615733393495336, 0.8584105920302293], [0.4393547816474574, -0.8150007924758268, -0.37781091051912435]], "T": [-0.06733749271646292, 0.04351067713297557, 0.01964732573502364], "aligned_model": [[-0.0658525937769445, -0.46080021962817297, 0.2375597551220314, 0.17013450322083268, -0.6189659061662255, -0.6383558602751076, -0.316795381246865, -0.08807981687908245, 0.7762795721213199, 0.4103974810979333, -0.11490103993559489, 0.5668690261742352, -0.003723669612076555], [-0.1514615280195135, -0.4981184572361374, -0.2677617233277973, -0.6902268829894158, 0.1213828732031639, 0.09904507086906852, 0.7037232823370254, 0.18351774843711868, -0.17453804816033905, 0.3586364693019229, 0.6840919718047631, 0.4276461349677463, 0.07911871251526884], [-0.6453080745641908, 0.10352744046415152, 0.45767137444431166, -0.29408195413241933, -0.44960245027068063, 0.2914671733851344, 0.37259784528366674, 0.765602154507205, -0.15033184661020693, -0.3642755123691747, -0.24443554904377746, 0.28241392283764616, -0.029489826788491755]], "inverted": true, "swapped": false, "error_lsq": 0.03416481046799256, "error_max": 0.21025918093772297, "target": "17.xyz", "model": "9.xyz", "model_rescale": 3.833441315466971, "target_rescale": 3.901054581598922},
{"mapping": [2, 10, 11, 8, 13, 0, 1, 12, 7, 3, 4, 6, 14], "R": [[-0.02291359619791703, -0.933559029903373, 0.3576905153832738], [0.603134732853322, 0.27243153835269596, 0.7496729626555405], [-0.7973101411215279, 0.23291327698664305, 0.5568194898421863]], "T": [-0.003580851212189871, 0.08824450773595538, 0.031405820120969326], "aligned_model": [[-0.1264707322404158, -0.3780427328283453, 0.3461066485243114, 0.02139225672728165, -0.6601030835383975, -0.6663297546091784, -0.42013853682391045, 0.01427683654095434, 0.6289038075977104, 0.5436587863442732, 0.2627482245639222, 0.23961938800813656, 0.048144741949940666], [0.04295503930743694, -0.5855427339862668, -0.39732707465246153, -0.6571222116783385, 0.004313233007340267, 0.10277045644246392, 0.5546970770244077, 0.1217646902229991, -0.11259324354475214, 0.29932466702400323, 0.7988995732405032, 0.6332338142767903, 0.06968233701874874], [-0.6753453356035652, 0.3169635124157456, 0.35893592858187684, -0.19523080499985473, -0.4131396117512945, 0.18753349083929957, 0.4244842195222002, 0.6327190144422974, -0.02810326164348683, -0.6091375392151768, -0.21344266641551612, 0.3555506449203658, -0.04603289394971726]], "inverted": true, "swapped": false, "error_lsq": 0.05751289443321039, "error_max": 0.4093963627868397, "target": "17.xyz", "model": "10.xyz", "model_rescale": 4.2482417240324, "target_rescale": 3.901054581598922},
{"mapping": [7, 11, 8, 9, 1, 3, 2, 0, 10, 4, 5, 12], "R": [[-0.5021291827802817, -0.06842210831063633, 0.8620816080248634], [0.5043602361244853, 0.786601001775196, 0.35620165106679647], [-0.7024863244340491, 0.6136589273371537, -0.36046592749184236]], "T": [-0.03938048795969935, 0.06117252047025532, -0.027611383365897173], "aligned_model": [[-0.6636224262571445, -0.08530861557760784, 0.41749374057050975, 0.692437897862055, -0.49847258199267575, 0.16210447403115102, -0.33120571804707616, 0.532593197195338, 0.15862599925460819, -0.007176344321719888, -0.5052785602708717, 0.004574539916440912], [-0.25108601900134003, -0.6110022665554549, -0.1376757143125288, -0.3899603826569947, 0.563966037050478, 0.7000061632768704, 0.06755509562428849, 0.39084993219048625, -0.36853641205074494, 0.47749180042492506, 0.2379646337008143, -0.013441477640159537], [0.03753162987524965, 0.2622225987923855, 0.39183018596309355, -0.11806987882686952, 0.07576793336805969, 0.401096860166382, 0.5098682151763375, -0.20054507999653368, -0.6798373715109978, -0.599824486466625, -0.4564383245398279, -0.058409992146297385]], "inverted": true, "swapped": true, "error_lsq": 0.04238092486654044, "error_max": 0.22982127168729535, "target": "17.xyz", "model": "11.xyz", "model_rescale": 3.6694154284099745, "target_rescale": 3.901054581598922},
{"mapping": [12, 7, 6, 5, 10, 9, 8, 11, 0, 1, 2, 4, 13], "R": [[0.30450068129660707, -0.4203291260835434, -0.8547530408578533], [0.5002523280870991, 0.834215426513472, -0.23201773727537192], [0.8105719852877594, -0.35694263955542044, 0.46428978960760015]], "T": [-0.002788894433503032, 0.052628895602134296, 0.011473881727615445], "aligned_model": [[-0.031601098121815975, -0.5153955939834247, 0.2269589934678837, 0.1276631462883324, -0.5599234887140152, -0.7053066087060529, -0.3304369355669139, -0.08913341951729029, 0.6650271359093812, 0.5039319908020755, -0.12255369970450036, 0.5690958214122268, 0.11543960665039624], [-0.07618053216658996, -0.48325117378546706, -0.3274008094145306, -0.7141702307070728, 0.07806231410002595, 0.12868000268963722, 0.6857919167399333, 0.15533158268285058, -0.1496072537625122, 0.5593185944267176, 0.5885914232928462, 0.37050798722612144, 0.05938180238091424], [-0.655119313934481, 0.058720482443647345, 0.36168548171178005, -0.18745363632764744, -0.29263625027696377, 0.3927498410197351, 0.265145324969033, 0.7374390530420043, -0.14299344145981663, -0.43905135360630754, -0.3416750014960184, 0.3572764332518195, -0.018332922193610848]], "inverted": false, "swapped": false, "error_lsq": 0.03676593578157033, "error_max": 0.22676417042653904, "target": "17.xyz", "model": "12.xyz", "model_rescale": 3.9764082729961374, "target_rescale": 3.901054581598922},
{"mapping": [13, 5, 4, 6, 12, 9, 2, 0, 14, 11, 8, 7, 15], "R": [[0.31750783062189614, -0.8717940822337973, -0.37304672050013876], [0.9317754615082274, 0.35985849528615665, -0.047920274430693466], [0.17602064317831345, -0.3323807177808521, 0.9265742234827055]], "T": [-0.05335965541021481, 0.10269433412293325, -0.05283349012401959], "aligned_model": [[-0.03701715966036037, -0.4239644265212287, 0.21323797976357495, 0.2427058993926906, -0.5650552489748011, -0.5871863240824006, -0.19341793402351035, -0.25752349861974344, 0.5838272216197741, 0.3571352090740856, 0.18432320644424294, 0.29351705091731645, 0.043183874886642784], [-0.16965485415537443, -0.5601169317324116, -0.2832411052927445, -0.5867916482169218, 0.058317291083105446, 0.021824804158235497, 0.7535854319591139, 0.1442894227599132, -0.1171155317763578, 0.43479272907257216, 0.7616113103240105, 0.33667448330182637, 0.08088022221790711], [-0.600592003215064, 0.30235270797453623, 0.49108126358468296, -0.1964060262001248, -0.4315310376812952, 0.21171959236656016, 0.3864659194540168, 0.6426482905355877, -0.48235013260621135, -0.6459180718265792, -0.14763914556319982, 0.576422848199701, -0.010499507879436862]], "inverted": true, "swapped": false, "error_lsq": 0.053427216550853175, "error_max": 0.34299679689527746, "target": "17.xyz", "model": "13.xyz", "model_rescale": 4.170626492500431, "target_rescale": 3.901054581598922},
{"mapping": [4, 12, 11, 5, 8, 10, 1, 9, 6, 2, 0, 3, 13], "R": [[-0.9086892228456586, 0.0857175322867311, -0.4085785125809075], [0.1554214149628519, -0.8388810325148791, -0.5216539054370395], [-0.3874636499790639, -0.537523132474728, 0.7489598133407813]], "T": [-0.04613706969322233, 0.1646278609460115, -0.0347904115118394], "aligned_model": [[-0.11096746830671304, -0.3803163830738447, 0.200490823309588, 0.2189787708640955, -0.6915567636630516, -0.4965999611817168, -0.12212495664891464, -0.19109711135999236, 0.6757755559697509, 0.3730271431878049, -0.15021039754397653, 0.5236263033040782, 0.004740295359175348], [-0.05820913333003011, -0.4746374896218873, -0.26216909986438325, -0.7048798965833032, 0.05568832219257197, -0.023896998403225317, 0.7948291564851413, 0.20559008117638689, -0.2647402775381798, 0.4439152389300452, 0.7175767611968986, 0.36194924658319594, 0.08403971247964348], [-0.7050171074816852, -0.1587666965744682, 0.4718442574234305, -0.06461789947439617, -0.38567769873809865, 0.24782216034936547, 0.3986685116079388, 0.7612090365392541, -0.0792249655559608, -0.4581485227781489, -0.23296877226115628, 0.299735482838425, 0.0008969112486745534]], "inverted": false, "swapped": false, "error_lsq": 0.05042469039718562, "error_max": 0.4141841746644089, "target": "17.xyz", "model": "14.xyz", "model_rescale": 3.9786697098870705, "target_rescale": 3.901054581598922},
{"mapping": [2, 11, 3, 1, 8, 0, 6, 10, 4, 5, 9, 12], "R": [[0.5754788045713574, 0.682584792062987, 0.4504466085269714], [-0.48881081529069575, -0.15449186201667378, 0.8586013343953447], [0.6556585485936768, -0.7142900434802029, 0.2447480366439801]], "T": [0.05739542596851048, -0.047768941683311916, -0.08446386207878247], "aligned_model": [[-0.031085800850923953, -0.6517028840296827, 0.6355823814046268, 0.5145163085818428, -0.17691295937421392, 0.4386608508386297, -0.46546670314173394, -0.2601937157323682, 0.5548080388157189, 0.27083240846578505, -0.3362536991116481, -0.00942962909869599], [-0.37162543585068347, -0.06935291239031871, 0.08708277532908329, -0.5427011336479715, 0.39419113552737395, 0.5120527249695207, -0.4248111923151159, 0.2159569034013613, -0.0067339854071810645, -0.4967743949309964, 0.714851820827047, 0.002538184712320153], [-0.5957123972516628, -0.27059766717473754, -0.6136237907817025, -0.22707093863157812, -0.5015691029502912, -0.000896326017380128, 0.5253291938695374, 0.6075194404561951, 0.41821248512041015, 0.34570792688079394, 0.019033598873580262, -0.046365928519334305]], "inverted": true, "swapped": true, "error_lsq": 0.04888742141759675, "error_max": 0.2855174398640296, "target": "17.xyz", "model": "15.xyz", "model_rescale": 3.769337070930944, "target_rescale": 3.901054581598922},
{"mapping": [8, 3, 11, 2, 9, 0, 10, 4, 6, 7, 12], "R": [[0.32968276597491974, -0.6703679640238801, 0.6647676786890323], [-0.4229495135058595, -0.7343957299920338, -0.5308263565372623], [0.8440515285480404, -0.10615886482035217, -0.5256494198377577]], "T": [-0.07864822816596992, -0.04850294102078637, 0.049077433631313686], "aligned_model": [[-0.21699178078008188, -0.44504143652198147, -0.271767940112959, -0.686137333220596, 0.3890529161561743, 0.2923612952083323, 0.6401727950423919, 0.3892649821599069, 0.23436281975587495, -0.38038461586828476, -0.022265571127606458], [0.07314876231243694, -0.6976946764233662, 0.630188972985852, 0.022457803290125332, 0.24752486123543413, -0.4896776257250918, 0.30938584506019123, -0.4844326430725457, 0.5885554307084534, 0.3817180905845319, 0.01488967666932093], [-0.575636769647835, -0.22805336349908673, -0.1509579061284182, 0.052006774348929294, -0.6149142571321706, -0.31624979897029715, 0.11591326736074371, 0.3537234701412123, 0.5815940538325457, 0.5130731464102527, 0.013718990507901395]], "inverted": true, "swapped": true, "error_lsq": 0.052435324610404205, "error_max": 0.3268962484705158, "target": "17.xyz", "model": "16.xyz", "model_rescale": 3.7852294659196426, "target_rescale": 3.901054581598922},
{"mapping": [0, 1, 2, 3, 4, 5, 6, 7, 8, 9, 10, 11, 12], "R": [[1.0, 0.0, 0.0], [0.0, 1.0, 0.0], [0.0, 0.0, 1.0]], "T": [0.0, 0.0, 0.0], "aligned_model": [[-0.0005550550382484845, -0.41149003850698723, 0.22781898622801003, 0.08013087063034033, -0.5957761296042672, -0.6243529920059996, -0.283222286919951, -0.11019722770036255, 0.6243529920059996, 0.531455009570834, -0.1420269028312106, 0.5195607899362596, 0.03806783445186597], [-0.1140666301104704, -0.49034957342636554, -0.3548169914179144, -0.7518017983736921, 0.025869991790434393, 0.09221089899556367, 0.734216886764513, 0.16293533881791494, -0.06971954488484101, 0.4604448136851713, 0.7518017983736921, 0.3477316509229678, 0.08059878256590022], [-0.672856337971091, 0.2539436911938727, 0.4430467618044966, -0.24671536372237143, -0.38231954175547517, 0.18409101564163563, 0.4100047990983079, 0.672856337971091, -0.1718384057382873, -0.5028000913527502, -0.25273996540594085, 0.3834988382517874, -0.022417040872101446]], "inverted": false, "swapped": false, "error_lsq": 0.0, "error_max": 0.0, "target": "17.xyz", "model": "17.xyz", "model_rescale": 3.901054581598922, "target_rescale": 3.901054581598922},
{"mapping": [8, 10, 6, 4, 5, 9, 12, 11, 1, 0, 3, 7, 14], "R": [[0.41375523866288716, -0.5964217107157584, -0.6878137432953094], [0.34501357503451335, 0.801886823028586, -0.4877941739043484], [0.8424798131236865, -0.0354776836900261, 0.5375584604850612]], "T": [-0.061873280492403426, 0.08243009482396166, -0.08444606058939413], "aligned_model": [[-0.057327001558444, -0.4541678315249918, 0.373781339933462, 0.1158970298753598, -0.5946264703177684, -0.6754033976508564, -0.14200328634717235, -0.1886823853612675, 0.608754645995754, 0.49238401201307674, 0.031338161454451924, 0.4322577184928255, -0.08843668478814623], [-0.24190652840670349, -0.5668862020249762, -0.1626103749219722, -0.6771673268355479, 0.033553588436255236, 0.10238553111241902, 0.6430581993477811, 0.04552524178204262, -0.08937705816536434, 0.47807669603105063, 0.8317218480546776, 0.37057662334313823, 0.10810538595007428], [-0.6634135366353782, 0.2269171999366078, 0.4758092072648474, -0.21476660259940297, -0.4067365706107901, 0.15507888015032553, 0.3964389720919686, 0.7025027761662033, -0.16460861937922608, -0.41876198775598733, -0.19968227513761302, 0.25093902813914687, -0.043961774487527826]], "inverted": false, "swapped": false, "error_lsq": 0.03772409902298194, "error_max": 0.24356060838443505, "target": "17.xyz", "model": "18.xyz", "model_rescale": 3.9405287249114394, "target_rescale": 3.901054581598922},
{"mapping": [13, 8, 0, 4, 9, 5, 2, 6, 12, 14, 10, 1, 15], "R": [[0.3995654973377174, 0.7538756358334638, -0.5215543490701169], [-0.9165463778660333, 0.33910811145458886, -0.21201043834291977], [0.017033806324994738, 0.5627408057377685, 0.8264578845892209]], "T": [0.0686160997173823, 0.020830285736974964, -0.09796218590915372], "aligned_model": [[0.015475724234017607, -0.4177530958632249, 0.18178086197049326, 0.32444275490867325, -0.6242528367388933, -0.6756270748653239, -0.22940758967381242, -0.18446314078487064, 0.594716444837033, 0.36408152354266504, 0.039866601169481486, 0.4081687432985547, 0.05673693418148992], [-0.03744503997010545, -0.3396374199505622, -0.3949363337819135, -0.6637759398798508, -0.10987599617552798, 0.2276213829665881, 0.6627056948046955, 0.07628705257742205, -0.05704288402522415, 0.48068757042638455, 0.8036425758242067, 0.17066147233491655, 0.056163488551844956], [-0.7651277817541342, 0.3556678332502855, 0.4377673285232546, -0.07489560930146064, -0.40104361344817985, 0.2096124911247268, 0.4065208393839217, 0.6028651113835725, -0.2294660204751654, -0.6465698992326314, -0.16340240113002763, 0.44772457564836177, -0.08389815682934978]], "inverted": true, "swapped": false, "error_lsq": 0.046500473146891604, "error_max": 0.31138220336504363, "target": "17.xyz", "model": "19.xyz", "model_rescale": 4.410303926677745, "target_rescale": 3.901054581598922},
{"mapping": [3, 2, 1, 0, 6, 4, 12, 7, 5, 10, 9, 8, 13], "R": [[0.20838879599150334, 0.9351047520140758, -0.28662381698997985], [-0.20141637767191856, -0.24574506019493275, -0.9481776248126257], [-0.9570817898752096, 0.25532032459340714, 0.13713489467959133]], "T": [-0.07546958924307545, 0.04720844115230763, -0.03115458866197128], "aligned_model": [[0.09353735690275863, -0.479195882378541, 0.3072400287221763, -0.14116759856276553, -0.4443959603507465, -0.7758345166832166, -0.3391304960856634, -0.01044855487945169, 0.7215479632969121, 0.3543752383194093, 0.07122202775132794, 0.5101284897377227, -0.014112245573639402], [-0.35819673957225484, -0.3353115456974808, -0.3925920508761941, -0.6572792523037796, -0.01939125941741099, 0.11464192075076932, 0.5834595234578761, 0.0699057039333794, 0.09619331686986385, 0.5320252364936862, 0.7180226450618585, 0.42886253131844776, 0.09471559368411342], [-0.6082559552333484, 0.32841775127204786, 0.44131632758660977, -0.14313777428863322, -0.47383238996206745, -0.025230970270150258, 0.4310062493777961, 0.6774428035956098, -0.2790138750776397, -0.5364466944581388, 0.017287130190449834, 0.28895887053763086, -0.02275677612699256]], "inverted": true, "swapped": false, "error_lsq": 0.05719410247652715, "error_max": 0.34573222289697414, "target": "17.xyz", "model": "20.xyz", "model_rescale": 4.121658175737393, "target_rescale": 3.901054581598922},
{"mapping": [1, 3, 7, 0, 2, 4, 10, 11, 5, 8, 6, 9, 12], "R": [[-0.6362559538723511, -0.6814819568424652, -0.3616084950055092], [-0.49516945603888807, 0.7201707185187772, -0.4859643464229656], [0.5915957834266033, -0.13014022701037867, -0.7956619573321014]], "T": [0.01809821078189919, 0.14014493248738386, -0.014674221945461016], "aligned_model": [[-0.15013847652592865, -0.2350306218977141, 0.278875794391951, 0.06545812852132962, -0.6818328647952465, -0.49464713256257575, -0.30157788937997926, -0.1250123689835653, 0.5574980423194281, 0.5612687997391991, -0.0684271669092529, 0.39716903780941604, 0.05016256848922149], [-0.11166197893053476, -0.49661916420806157, -0.30063642105663435, -0.7940064078885682, 0.12439500207389126, 0.12831327261819014, 0.8029097411352357, 0.0503751745918688, -0.2049839816328446, 0.45256230495682576, 0.6425068949541966, 0.541824682394918, 0.04007650469439156], [-0.639705871063567, 0.09977219422328316, 0.43757008144772663, -0.34975934838980716, -0.3080341771924376, 0.24239352521511465, 0.24459984361116643, 0.8490559185889262, -0.24670306576066814, -0.2617859362318559, -0.4181222108535799, 0.4518250404243063, -0.0053512968754334325]], "inverted": false, "swapped": false, "error_lsq": 0.04917324932956679, "error_max": 0.24297905053048138, "target": "17.xyz", "model": "21.xyz", "model_rescale": 4.08911054899281, "target_rescale": 3.901054581598922},
{"mapping": [15, 12, 13, 14, 5, 10, 6, 7, 2, 1, 8, 0, 16], "R": [[-0.16847869779763525, -0.9607759199908597, 0.22028290890155416], [-0.806456657170765, 0.005855022824147071, -0.591264220812222], [0.5667826642491531, -0.2772640443213762, -0.7758105833469827]], "T": [0.007223717181775731, 0.020618146548855118, -0.06351777858739048], "aligned_model": [[0.217034112340034, -0.32522894535914787, 0.17456529605296056, -0.01760175354626193, -0.6344567163224386, -0.7159869315430958, -0.17255854733576084, -0.17423623577936964, 0.6683225563617408, 0.48472514213777074, -0.12663105335406763, 0.44163069403125665, 0.034188232532662594], [-0.2208988882214759, -0.5339965599553909, -0.3330754128062417, -0.6026579443401298, 0.21502623040655816, 0.07480978163207662, 0.6377339239969451, 0.0850284211121226, -0.10526249284050422, 0.5284943698799294, 0.6595645205462475, 0.4485115203161212, 0.021778153976615918], [-0.7186178762010724, 0.2926384519249296, 0.4690492388666194, -0.21429309644923678, -0.28301896796181636, 0.29026892759713263, 0.31385548906806315, 0.6211133556823395, -0.32496800106784945, -0.44306028240744794, -0.29716805061901935, 0.4142658935172929, -0.024310384806761398]], "inverted": false, "swapped": false, "error_lsq": 0.04125883459308198, "error_max": 0.24668258048481004, "target": "17.xyz", "model": "22.xyz", "model_rescale": 4.204369325754507, "target_rescale": 3.901054581598922},
{"mapping": [13, 8, 0, 4, 9, 5, 2, 6, 12, 14, 10, 1, 15], "R": [[0.3995654973377174, 0.7538756358334638, -0.5215543490701169], [-0.9165463778660333, 0.33910811145458886, -0.21201043834291977], [0.017033806324994738, 0.5627408057377685, 0.8264578845892209]], "T": [0.0686160997173823, 0.020830285736974964, -0.09796218590915372], "aligned_model": [[0.015475724234017607, -0.4177530958632249, 0.18178086197049326, 0.32444275490867325, -0.6242528367388933, -0.6756270748653239, -0.22940758967381242, -0.18446314078487064, 0.594716444837033, 0.36408152354266504, 0.039866601169481486, 0.4081687432985547, 0.05673693418148992], [-0.03744503997010545, -0.3396374199505622, -0.3949363337819135, -0.6637759398798508, -0.10987599617552798, 0.2276213829665881, 0.6627056948046955, 0.07628705257742205, -0.05704288402522415, 0.48068757042638455, 0.8036425758242067, 0.17066147233491655, 0.056163488551844956], [-0.7651277817541342, 0.3556678332502855, 0.4377673285232546, -0.07489560930146064, -0.40104361344817985, 0.2096124911247268, 0.4065208393839217, 0.6028651113835725, -0.2294660204751654, -0.6465698992326314, -0.16340240113002763, 0.44772457564836177, -0.08389815682934978]], "inverted": true, "swapped": false, "error_lsq": 0.046500473146891604, "error_max": 0.31138220336504363, "target": "17.xyz", "model": "23.xyz", "model_rescale": 4.410303926677745, "target_rescale": 3.901054581598922},
{"mapping": [0, 8, 10, 3, 5, 15, 14, 9, 1, 7, 13, 11, 16], "R": [[0.7784593099183263, 0.040650360384153546, -0.6263774030104549], [0.15704198733757502, 0.9535517238361322, 0.25705432146183815], [0.6077326032183467, -0.29847388188881707, 0.7359174035281897]], "T": [-0.07027555731449141, 0.11829873341396668, -0.0373029423066238], "aligned_model": [[0.08091091453766537, -0.3969720220016015, 0.16913098262008835, 0.22472003400855578, -0.6087092585665207, -0.6746552843010696, -0.20833213064079414, -0.16258584905801615, 0.7325967513491212, 0.42191136461323386, -0.09071251947784961, 0.3784564146913235, -0.011993547557853451], [-0.07675619251949883, -0.44653967932706173, -0.3253653035254292, -0.6727083309113949, -0.024377438272708107, 0.2510789579473969, 0.6626626890031175, 0.09936044940465469, -0.15080604600120162, 0.4066933417214232, 0.7840442272347443, 0.34303398170482824, 0.024734967244003814], [-0.7510830468795622, 0.4626307079986876, 0.37455950710920466, -0.34800603196200575, -0.3294239665702114, 0.31823713759328065, 0.3405306936118422, 0.5820032300067095, -0.17627784380834005, -0.3786407229064247, -0.2621404210862957, 0.34851459499071086, -0.08514914095442166]], "inverted": false, "swapped": false, "error_lsq": 0.04005901572028904, "error_max": 0.21392653598823924, "target": "17.xyz", "model": "24.xyz", "model_rescale": 4.28219845311461, "target_rescale": 3.901054581598922},
{"mapping": [10, 2, 0, 6, 14, 13, 7, 4, 8, 5, 9, 1, 15], "R": [[0.7469423999365203, 0.48773151507568235, 0.4518794312413995], [-0.3913560910053432, 0.871938060747661, -0.29421833432440214], [-0.5375104289314662, 0.04291838092924255, 0.842164206890986]], "T": [-0.07660980533489031, 0.18600949590808308, -0.0003662373899346637], "aligned_model": [[0.06316821625390653, -0.4407127806486091, 0.19199505272497314, 0.16982636979115406, -0.4921727662117702, -0.6457288780726933, -0.3816042999613599, -0.036453102164861306, 0.47607343019640264, 0.5752929658100319, -0.10763668508662336, 0.5376737023904508, -0.05595537480471862], [-0.196327578437772, -0.34797058612164294, -0.4187208008452353, -0.6663663504447275, -0.26666483191578483, 0.2637481620682155, 0.7248621653826985, 0.15095734784124804, -0.07016112933353646, 0.5256843639655457, 0.8485046241835423, 0.1944642936640784, 0.13304594369624423], [-0.6815308908249553, 0.22563004521476607, 0.4768201731993551, -0.1582325197449613, -0.45040846137683904, 0.15121422891991393, 0.4709745783664032, 0.7288849944445591, -0.33332856086633483, -0.4303946572622239, -0.13079331135475153, 0.1798050349545411, 0.04711404347370133]], "inverted": true, "swapped": false, "error_lsq": 0.04762110141177403, "error_max": 0.31772060204253527, "target": "17.xyz", "model": "25.xyz", "model_rescale": 4.100010024507729, "target_rescale": 3.901054581598922},
{"mapping": [7, 11, 8, 9, 1, 3, 2, 0, 10, 4, 5, 12], "R": [[-0.5021291827802817, -0.06842210831063633, 0.8620816080248634], [0.5043602361244853, 0.786601001775196, 0.35620165106679647], [-0.7024863244340491, 0.6136589273371537, -0.36046592749184236]], "T": [-0.03938048795969935, 0.06117252047025532, -0.027611383365897173], "aligned_model": [[-0.6636224262571445, -0.08530861557760784, 0.41749374057050975, 0.692437897862055, -0.49847258199267575, 0.16210447403115102, -0.33120571804707616, 0.532593197195338, 0.15862599925460819, -0.007176344321719888, -0.5052785602708717, 0.004574539916440912], [-0.25108601900134003, -0.6110022665554549, -0.1376757143125288, -0.3899603826569947, 0.563966037050478, 0.7000061632768704, 0.06755509562428849, 0.39084993219048625, -0.36853641205074494, 0.47749180042492506, 0.2379646337008143, -0.013441477640159537], [0.03753162987524965, 0.2622225987923855, 0.39183018596309355, -0.11806987882686952, 0.07576793336805969, 0.401096860166382, 0.5098682151763375, -0.20054507999653368, -0.6798373715109978, -0.599824486466625, -0.4564383245398279, -0.058409992146297385]], "inverted": true, "swapped": true, "error_lsq": 0.04238092486654044, "error_max": 0.22982127168729535, "target": "17.xyz", "model": "26.xyz", "model_rescale": 3.6694154284099745, "target_rescale": 3.901054581598922},
{"mapping": [7, 4, 0, 5, 8, 10, 11, 2, 1, 3, 9, 6, 13], "R": [[0.3899604585488688, -0.6464920351819186, -0.655727755409741], [0.7262999040154581, -0.2218031906098966, 0.6506087872619047], [-0.566055907305535, -0.7299667068309424, 0.3830526291815482]], "T": [-0.04618119653227254, 0.09397536119559227, -0.019963434017165473], "aligned_model": [[0.15644157938244074, -0.5763987788802243, 0.13564483949538295, 0.18086110652726728, -0.54431904186842, -0.6082512032868865, -0.2976889335140837, 0.01989952331225367, 0.7440146662026812, 0.4240746720516608, -0.31150724917809086, 0.5717385516796056, -0.04074388170730404], [0.0525391711742669, -0.40657023375786405, -0.4228199139389499, -0.6095076525372618, -0.12405761778257712, 0.21288648127486953, 0.7564855289086464, 0.1624069645991192, -0.2995976980424361, 0.5665876205009358, 0.6208287687816316, 0.26825062174679454, 0.09762358277569898], [-0.6144006279708886, 0.3593174550752193, 0.3498950245236987, -0.3019952438044861, -0.3556381270635953, 0.15844108644405094, 0.4637716227652646, 0.653148815406164, -0.03833186493356553, -0.4763933746983304, -0.3618568504099353, 0.22292285652631305, 0.036873925283264476]], "inverted": false, "swapped": false, "error_lsq": 0.05042549494486259, "error_max": 0.29152508984363995, "target": "17.xyz", "model": "27.xyz", "model_rescale": 4.103607728864725, "target_rescale": 3.901054581598922},
{"mapping": [13, 7, 1, 8, 11, 6, 9, 5, 2, 12, 10, 0, 14], "R": [[0.2538954056847528, -0.22453368991212597, -0.9408090906590032], [-0.7289208906041268, -0.6837766756346347, -0.033523023415773845], [-0.6357762642731024, 0.6942867418815464, -0.33727505367940486]], "T": [-0.026674480661011944, 0.1682800281707284, -0.09283842275434394], "aligned_model": [[0.022664950162338268, -0.31333400112219395, 0.4401522217227122, -0.11662880163113998, -0.598752103433913, -0.609225769169069, -0.2684703907814245, -0.2654867011894448, 0.6921252193078292, 0.5688449992781015, -0.194423483542014, 0.4075334555543447, 0.08876625506015592], [-0.11272483691593094, -0.3959814552643317, -0.344444649492641, -0.6398291399773679, -0.05537075119947163, 0.24539095671097355, 0.6997664203774072, 0.04524847127102756, 0.025369018793523268, 0.3996324565598952, 0.6356669930374717, 0.2594186339687511, 0.11291350583356735], [-0.6746239668488645, 0.2528732247266371, 0.4746534863786416, -0.1984214199670346, -0.40068376682973517, 0.1437100158562994, 0.4809044454376372, 0.5875823071730911, -0.1578318143843676, -0.6665336554486893, -0.20766426222802525, 0.4664906071041467, -0.00470050382656248]], "inverted": false, "swapped": false, "error_lsq": 0.04198937507890648, "error_max": 0.23148336843114387, "target": "17.xyz", "model": "28.xyz", "model_rescale": 4.137296879288765, "target_rescale": 3.901054581598922},
