[{"mapping": [0, 6, 10, 13, 12, 5, 7, 2, 11, 4, 9, 14], "R": [[0.34984864685376793, -0.406737962757819, -0.8439017442488235], [-0.9173077633464126, 0.03410158020189835, -0.3967159557317245], [0.19013782264186593, 0.9129081617990675, -0.36117349919624187]], "T": [-0.029854999502430944, 0.030305514797847002, -0.0023408259456770483], "aligned_model": [[-0.27331346423045877, 0.09266463668873162, 0.38099856110707114, -0.2936159981094588, -0.03362646724056071, -0.6209591478400864, 0.33402995083926074, -0.33368482794224813, 0.732442266469893, 0.3906112189145426, -0.5513121403110987, 0.013407874114961076], [-0.4333864765499575, -0.6301807541053561, -0.2230566583131064, 0.6122982643122117, 0.2722069187416236, -0.5466834776289238, -0.30112290495076666, -0.49714356852751046, 0.2232308609246489, 0.489337528188645, 0.021760933720631315, 0.06629437016491771], [-0.5883853156030051, -0.08667107592379972, -0.5801001504369371, -0.036817107318969144, -0.6138315203062408, -0.007946659134223842, 0.5566978457016031, 0.652269068415705, 0.025121555261978824, 0.4400113159272586, 0.3458290068928898, 0.07577478187730285]], "inverted": true, "swapped": true, "error_lsq": 0.04483110758067216, "error_max": 0.27396893453375626, "target": "170.xyz", "model": "0.xyz", "model_rescale": 3.751011558992144, "target_rescale": 3.9841244776476024},
{"mapping": [13, 2, 7, 1, 4, 3, 12, 6, 11, 0, 9, 10, 5, 8, 14], "R": [[0.9415893006670708, 0.242841719905971, 0.2333184260670526], [0.33378177606634973, -0.5809831920901254, -0.7423262466562541], [-0.04471369851946863, 0.7768438900975398, -0.6281036981126855]], "T": [-0.06004361126303718, -0.014944306613528456, 0.015406739692305153], "aligned_model": [[-0.10366792148918524, 0.4397330216606793, -0.5238355896959389, 0.02611157355240095, 0.3518074929034943, -0.26707348140872456, -0.7184256266420346, -0.5071995028567294, -0.7505657662954729, 0.03695530404052318, -0.23442395357335247, -0.046868312428570515, 0.29799475678133613, 0.5980878751257462, -0.10506742795643226], [0.47386915044436356, 0.060202483765505646, -0.47737223115683636, -0.6881903246320614, -0.19588815994791503, -0.12743829862073336, 0.10517672266020647, -0.39124608227578944, 0.18818868433531083, -0.6035462727510508, 0.6187004309633805, 0.4131276548557861, 0.48447083513912764, -0.07206966478771959, 0.01513554316821728], [-0.5200001355502378, -0.6390505767671188, -0.08820039877367, 0.17352894808645553, 0.6659541705896387, -0.711153391434168, -0.30720628581801007, 0.48676045773918797, 0.3598586671425888, -0.4532546032713118, 0.0631085645119221, 0.7147167964148557, -0.09630310853924784, 0.07879358546517604, 0.006929062484799572]], "inverted": true, "swapped": false, "error_lsq": 0.03915091903431758, "error_max": 0.2671289166795681, "target": "170.xyz", "model": "1.xyz", "model_rescale": 3.9405287249114394, "target_rescale": 3.9841244776476024},
{"mapping": [8, 7, 11, 9, 3, 10, 6, 2, 13, 12, 1, 0, 14], "R": [[-0.06944867471475386, -0.9848876853879965, -0.15866041961194727], [-0.9300238356727691, 0.006386667927315626, 0.36744370392387526], [-0.3608774676547077, 0.17307645028674778, -0.9164125684948152]], "T": [-0.02870843440084228, -0.13354906053418367, -0.04940970038260842], "aligned_model": [[-0.41402887893290063, 0.2944705450525811, -0.4120971901376025, 0.5358178730736437, 0.5376224813119366, -0.7087342921452778, -0.10185335631796383, 0.7350877799353501, 0.022219908637122747, -0.5721286974021331, -0.07063098117735733, -0.36242188928253627, 0.01265997666906886], [0.5708566256150959, 0.5029229408497856, 0.2246694237507564, -0.3544760372233682, -0.06677128912201619, 0.13239383865599405, 0.3863496203588769, 0.24461003728113276, -0.724110863897032, -0.4928342348078649, -0.7183073259206759, -0.1387853126332175, -0.10768482933545051], [-0.16569616198871903, -0.2621067374873184, -0.6357236715276254, 0.11094650063615427, -0.34186507288595147, 0.13399717853657298, 0.37804783637029016, 0.22010885862874383, -0.29048458321992265, 0.040367600730604886, 0.395771151200491, 0.6621648511862471, -0.13240740059092326]], "inverted": false, "swapped": true, "error_lsq": 0.05045836953428292, "error_max": 0.3291281940650697, "target": "170.xyz", "model": "2.xyz", "model_rescale": 3.932901565614263, "target_rescale": 3.9841244776476024},
{"mapping": [10, 11, 8, 12, 6, 2, 7, 5, 1, 9, 4, 13, 3, 14], "R": [[-0.3126448116104927, 0.21285616154928255, -0.9257134957769305], [-0.8262170016951949, -0.5417604020184406, 0.15447049205145924], [-0.46863491961530335, 0.8131346267964016, 0.34524395841467637]], "T": [0.026469449773050505, 0.008743307414846746, 0.02864693434088891], "aligned_model": [[-0.171716990623123, 0.6130750968594797, 0.16053150715609976, -0.10269053886343886, -0.378170888874964, -0.19299532986117607, 0.2825729516859088, -0.7036685137656076, -0.44762380153065184, -0.12100030825311738, 0.7836643101401415, 0.24079410084543473, 0.3447966625895341, 0.11224165454818397], [0.16388973540076543, -0.031593570119051104, -0.3444974232638861, 0.6061441148424175, -0.4038860121094, -0.751574543190054, -0.6839435610371751, -0.2609079643483847, 0.4850118947680226, -0.13957018543047825, -0.07661245149184279, 0.4803090267014193, -0.3485456112390441, -0.030726811132820192], [-0.6808955920744851, -0.49417066710893603, -0.6892876781179815, -0.21400787214095776, -0.3240115473822068, 0.4443165032270324, -0.06818895508806128, 0.3053030074090138, 0.3291291155949469, 0.6198056020204674, 0.07912450779859803, 0.40436591867257665, 0.45494792652896937, 0.047466093718121]], "inverted": true, "swapped": true, "error_lsq": 0.048847098769511314, "error_max": 0.2916453765265613, "target": "170.xyz", "model": "3.xyz", "model_rescale": 3.9243930471874484, "target_rescale": 3.9841244776476024},
{"mapping": [1, 12, 0, 5, 6, 13, 3, 10, 8, 11, 7, 4, 14], "R": [[0.8322019781106381, -0.10199409974440822, 0.5450110744251616], [0.3785382713542193, -0.6137214863185071, -0.692859808584076], [0.4051526190818724, 0.7829068532388324, -0.47213156471768425]], "T": [-0.04624495254683822, -0.16339870817778707, -0.07581461298526178], "aligned_model": [[-0.020037954685729803, -0.20302617752050806, 0.5177890457011539, 0.5969699067860192, 0.5985752421311986, -0.5802695871537378, -0.22213921780850024, 0.22662910485246016, 0.24639755997306337, -0.33656818373335595, 0.15961271611321642, -0.6093046062088081, -0.0974219621351193], [-0.6661439069981041, -0.04404535570941495, -0.21599352040616343, -0.6796893641363548, 0.036744628251258904, -0.4644830473378568, -0.3976349270975286, 0.3949741803485282, 0.5774127306817542, 0.5490234171739237, 0.08623042137065565, 0.09496155578201437, -0.14352725824112517], [-0.612886468334739, -0.7032106659205273, -0.6206355609053881, -0.12131670340611252, -0.02567156619021474, -0.25922657877895955, 0.49419830173436324, -0.5007361848345048, 0.07826500515933728, 0.08922668491133227, 0.5950722693087119, 0.3707180823369712, 0.0032737002906938623]], "inverted": true, "swapped": true, "error_lsq": 0.04533018254353602, "error_max": 0.3149356022657614, "target": "170.xyz", "model": "4.xyz", "model_rescale": 3.8936222436046832, "target_rescale": 3.9841244776476024},
{"mapping": [2, 7, 3, 9, 4, 11, 10, 12, 1, 6, 13, 14], "R": [[-0.1937978345938158, -0.003916843780152057, 0.981033667944964], [-0.980520821477164, -0.03180205762209426, -0.1938234964619831], [0.03195806559376463, -0.999486511897886, 0.0023226230218771904]], "T": [-0.02258160740556578, -0.0055716933577368635, 0.033787536210332696], "aligned_model": [[0.10225140115678628, -0.49849652921057974, -0.22301563663433496, 0.3080231874753322, -0.67024859087068, -0.7558083738404499, -0.10825841558627153, 0.17099984882686095, 0.6571885059400774, 0.04089025333150956, 0.10373493826448443, -0.09971254663763761], [-0.56458941422819, -0.4707137438912228, 0.018405158519866634, 0.02228822503309183, 0.30773199886430264, 0.0516375984458833, -0.23704000776876105, 0.3199191589624321, 0.25721614808688487, -0.6578458305547353, 0.6109547527667526, 0.010958860873502108], [-0.6524668784730443, -0.3007706066112485, -0.5744652338237048, -0.4983187375865349, -0.22223184300985588, 0.31338921571779427, 0.7450405010753612, 0.5714057160994221, 0.13742567047195217, 0.2037126272414876, -0.08202831058918755, -0.021407401236923106]], "inverted": true, "swapped": true, "error_lsq": 0.04561190057372336, "error_max": 0.3130503932587693, "target": "170.xyz", "model": "5.xyz", "model_rescale": 3.6523030999806103, "target_rescale": 3.9841244776476024},
{"mapping": [4, 11, 8, 7, 6, 13, 10, 9, 12, 1, 0, 5, 14], "R": [[0.7360630249467607, 0.6714842942287418, 0.0855573837278423], [0.6529338566821068, -0.7376379213660013, 0.17195253926905413], [0.1785738001624397, -0.07070459367660559, -0.9813828296483343]], "T": [0.06665433246691194, -0.15236208812739266, 0.02659740850243937], "aligned_model": [[0.03413038728692665, -0.11284627427668026, 0.21744786506200028, 0.6657982293436098, 0.4482566439779191, -0.33446522964792086, -0.2127298622008097, 0.3697049329344915, -0.5405472623785967, -0.24177198595263327, -0.016920728625214404, 0.5104638960055774, 0.09456229313562577], [-0.5794063579946228, -0.010495067390143858, 0.4255721198689018, -0.12518758234901983, 0.4034231435986763, -0.6353163641706875, 0.5337560733592828, -0.559197819232703, 0.05255749254824338, -0.21396540371968478, 0.4336096468695955, 0.023926352979555865, -0.20844933020421028], [0.6588576651456572, 0.7794086556782773, 0.575628480994589, 0.46826405651935765, -0.03542851968987516, -0.09722626851895583, 0.16070638028889744, -0.3419915407584119, -0.12093418527064566, -0.6389579664262767, -0.49049326603502114, -0.6474258060629674, 0.09970205361716486]], "inverted": true, "swapped": true, "error_lsq": 0.053898308641470015, "error_max": 0.26606705523435825, "target": "170.xyz", "model": "6.xyz", "model_rescale": 4.08911054899281, "target_rescale": 3.9841244776476024},
{"mapping": [7, 12, 4, 8, 9, 5, 6, 3, 0, 10, 2, 1, 13, 11, 14], "R": [[-0.1258836080824164, -0.037061630038541515, -0.9913524866539849], [-0.9753222693860576, 0.187333407458257, 0.11684462028570075], [0.18138298722808457, 0.9815969794314596, -0.05972923836155558]], "T": [-0.0635867220623976, -0.02839521376904138, -0.06088602045848884], "aligned_model": [[-0.37319521435017833, 0.44649853367795167, -0.521457755904908, -0.06444842103161251, 0.08167803397813436, -0.2102452860341852, -0.5355550744493226, -0.6669046640404402, -0.6548313406220337, 0.34845265420745397, -0.3389680508969318, 0.12020285832752589, 0.34789646800828966, 0.5062924793316997, 0.008147221516296335], [0.44089253034639503, 0.0481529937612287, -0.5228499955887261, -0.677645517642756, -0.27059515974249987, -0.2658104393289601, 0.1298865551911579, -0.31554770596022225, 0.263621148646052, -0.5517317715180816, 0.7188372913603855, 0.4033797666791413, 0.5529043256105807, -0.09575275000029415, -0.05462080065360889], [-0.5930519337447335, -0.5527755627455784, -0.26756953408716133, 0.1479734386994808, 0.6704105300124736, -0.7698475891414425, -0.024338484105447082, 0.3633808099460887, 0.6097945504618383, -0.3358720168810714, 0.06540036162042612, 0.5027963504335435, -0.2301991982029088, 0.06253083855371469, 0.08584919146163711]], "inverted": true, "swapped": false, "error_lsq": 0.04331082177988709, "error_max": 0.3367736098419578, "target": "170.xyz", "model": "7.xyz", "model_rescale": 3.964800864290218, "target_rescale": 3.9841244776476024},
{"mapping": [4, 11, 7, 13, 2, 12, 9, 8, 10, 0, 1, 5, 6, 14], "R": [[0.9253818739404922, -0.2571446279229482, -0.27846907855765946], [0.36562231082168634, 0.7992960069519158, 0.47691321967432754], [0.0999435501260263, -0.5431413569238599, 0.8336718498228874]], "T": [-0.07942615821609364, -0.04543271658462191, 0.010873963497156136], "aligned_model": [[-0.12500498788102837, 0.28323397747718826, 0.4329345988622837, -0.6906675618298657, 0.14046687677682226, -0.2882117905506163, -0.4043973451513122, 0.6755503330158089, 0.358271615277193, 0.08104683537792695, -0.5788294472428613, -0.04065947136520373, 0.49180855594477113, -0.07435429925023408], [-0.24852518472714089, -0.5812813940384147, 0.2516810975209558, -0.19832344463837615, 0.8094883041113967, -0.5468525229866233, 0.48979995681221067, -0.3252936880879279, -0.528028882638772, -0.03625557611590537, 0.01566545552755453, 0.5924678179648171, 0.15670567554611473, -0.040299148068687084], [-0.7238733857578163, -0.43680372649707677, -0.4407798054156057, -0.10085074565107066, -0.12978987506851994, 0.3816004394425454, -0.022778748954682904, -0.08847436876403791, 0.3881278245171097, 0.7802208483061672, 0.5482277461730574, 0.5342589928412596, 0.31286028021997964, -0.08513043666628745]], "inverted": true, "swapped": true, "error_lsq": 0.040449041544109346, "error_max": 0.22404524349397134, "target": "170.xyz", "model": "8.xyz", "model_rescale": 4.121658175737393, "target_rescale": 3.9841244776476024},
{"mapping": [6, 8, 7, 2, 10, 0, 11, 13, 4, 12, 5, 9, 14], "R": [[0.4221485334356947, -0.6931264695906492, 0.58426561842273], [-0.28439786478458695, -0.713232997988932, -0.640637608235489], [0.8607604023327631, 0.10428033243389218, -0.498213952076231]], "T": [0.030495534147060584, -0.034058206581991296, 0.08434082896156059], "aligned_model": [[-0.4505885565233326, -0.2200480739776129, 0.26742299014497417, 0.17204856571864657, -0.5473893588362456, -0.730405289622364, 0.2238204138780162, 0.36146168615146806, 0.6899220181406511, -0.2811651015425943, -0.38210267444726004, 0.25774890414432344, 0.11601197320652684], [0.16050096041431353, -0.40006608337875815, 0.12736821802612133, 0.7570982924123136, -0.4839107384234922, 0.09383220473591627, -0.6731371682373261, -0.14311052991240383, -0.3571795329261739, -0.4397338164466499, 0.6786572479435944, 0.5164101747003748, -0.046341789496120035], [-0.35048050442148165, -0.594958730406236, -0.6031096644792342, -0.3068922822372698, -0.090246186944754, 0.23402185590046887, -0.33192238694295784, 0.6210372383537155, -0.12524678574045553, 0.4975554586770292, 0.14877091567986284, 0.28069066751059024, 0.0418558390098107]], "inverted": false, "swapped": true, "error_lsq": 0.049608024033949136, "error_max": 0.2719216567124913, "target": "170.xyz", "model": "9.xyz", "model_rescale": 3.833441315466971, "target_rescale": 3.9841244776476024},
{"mapping": [0, 13, 11, 7, 3, 10, 12, 7, 6, 8, 1, 4, 5, 2, 14], "R": [[0.7651575092448901, 0.04434268423121829, -0.6423143408031041], [0.3489231963947794, 0.8098638043969029, 0.4715646523494159], [0.5410975781352251, -0.5849396077228364, 0.6042011802812439]], "T": [-0.14393492702608743, 0.0033366639233437887, -0.03374968060279704], "aligned_model": [[-0.10220443923038963, 0.4718612272549153, -0.5545959122351491, -0.2679491257300079, 0.3096617575984494, -0.3038685184645279, -0.7250496584704955, -0.2679491257300079, -0.5288095618428845, 0.07176354624921352, -0.4037234296146647, 0.007946418653643289, 0.3025198515824611, 0.5685395261802202, -0.084580114483037], [0.43632964679278435, 0.2514538523530936, -0.5291740944584523, -0.5411023851628087, -0.26768044606285046, -0.2529678435345423, 0.12303437053652883, -0.5411023851628087, 0.3422177206114874, -0.6355551654994341, 0.6853280524797378, 0.359990253489747, 0.5090722898920819, -0.081302745942075, -0.05542064917269741], [-0.5577712496987873, -0.4752465646156948, -0.1483224892370352, 0.3297342628277301, 0.6555409863440227, -0.7982648140738371, -0.13862191353702066, 0.3297342628277301, 0.4115150866284309, -0.42471101027653907, -0.14779621834740153, 0.6631311226728798, 0.014673544719471361, 0.00945423997903383, 0.011432506067877185]], "inverted": true, "swapped": false, "error_lsq": 0.04653737895999079, "error_max": 0.3333586872268196, "target": "170.xyz", "model": "10.xyz", "model_rescale": 4.2482417240324, "target_rescale": 3.9841244776476024},
{"mapping": [13, 1, 0, 5, 11, 8, 10, 6, 9, 7, 3, 14], "R": [[-0.7641899013592565, 0.009130090621784326, -0.6449266904895226], [-0.6376464073428207, 0.1397750421588524, 0.7575420759220473], [0.09706108315552503, 0.9901411914644949, -0.10099290619616413]], "T": [-0.14061290960657646, 0.009794988273531986, -0.04594310432225023], "aligned_model": [[-0.6223084439712676, -0.03722308150575432, 0.4259648261150146, 0.5736806129420482, -0.5361612968030264, 0.03574057494618238, 0.045098403083616345, 0.46620052046208826, -0.023389036651133524, 0.023560136327114733, -0.28002227534443125, -0.19437533723744488], [-0.41016005304975867, -0.6871631550092641, -0.2365347561218879, -0.36821988759937396, 0.6620695857580895, 0.7576787947475154, 0.3063197878843724, 0.290864388544785, -0.37402353591397863, 0.5895198228349885, 0.07574772064385868, 0.06003267733129351], [-0.07882492743266864, 0.16723665419009495, 0.43989818370936734, -0.21694413997189807, 0.14680236548512834, 0.21434715155909295, 0.6206776481451809, 0.05961359628420979, -0.5277674459290426, -0.4838330654779499, -0.6679844113030461, -0.10802931940411263]], "inverted": false, "swapped": true, "error_lsq": 0.05117467065070994, "error_max": 0.3250766477691548, "target": "170.xyz", "model": "11.xyz", "model_rescale": 3.6694154284099745, "target_rescale": 3.9841244776476024},
{"mapping": [7, 8, 10, 11, 4, 2, 3, 5, 12, 1, 0, 13, 6, 14], "R": [[-0.803758386728103, 0.007669424127878943, -0.5949064091920545], [-0.021073892414516064, -0.9996564427026177, 0.01558485231401635], [-0.5945824979115505, 0.02506344941732895, 0.8036438742879625]], "T": [0.133407715959242, 0.030940929656391707, 0.04639430142612914], "aligned_model": [[-0.07143409608544946, -0.08695199393217296, -0.06369086400101101, 0.48910343019309277, 0.7023931348010091, -0.4010555514392082, 0.2619527290549471, -0.5574158585141804, 0.3258751532157047, 0.07628415363822527, -0.4114953807678557, 0.6402062457493258, -0.4887642083599783, 0.18325795670336065], [-0.33719458223472454, 0.37568071922167884, 0.7276935001133932, 0.29587691594368376, -0.22429153324168752, -0.6790152775439972, -0.5798856266251032, -0.18001588462168558, 0.5883543667774153, 0.1632458732293559, 0.48712641402936824, -0.051282852987726696, 0.16984591585671818, -0.02515065978043469], [-0.5678510630841025, -0.6541610729403394, -0.1597291601322795, -0.6034987477090895, -0.39438867305847297, -0.05025151382605841, -0.0988200900866758, 0.4471583821404464, 0.3374233862291617, 0.7682793476877993, 0.38211122052636, 0.42832170109928597, -0.18157996273776167, -0.013918294455857995]], "inverted": true, "swapped": true, "error_lsq": 0.044269617053767425, "error_max": 0.31608405958527674, "target": "170.xyz", "model": "12.xyz", "model_rescale": 3.9764082729961374, "target_rescale": 3.9841244776476024},
{"mapping": [3, 14, 10, 12, 9, 11, 8, 1, 2, 13, 7, 0, 4, 6, 15], "R": [[-0.8943108442986581, -0.44680446368559534, 0.02395589698693691], [0.39681535210376373, -0.7672387030352833, 0.5038673921772497], [-0.20675030859611127, 0.4601201406104322, 0.8634487628690245]], "T": [-0.005361069114063255, -0.054242501387128286, 0.05125643065718611], "aligned_model": [[-0.25441092784081054, 0.26926675552641005, -0.5780954499567306, -0.015675390629187935, 0.027052571701638314, -0.3040894228801783, -0.6394274295727223, -0.5021194255687542, -0.6608448207259146, 0.2599894707566983, -0.1963431538963166, -0.05724478303851581, 0.41172441886315425, 0.707539039260553, 0.026240989718415847], [0.4532902282080148, -0.02287327562990589, -0.5758884927327642, -0.6677023594169831, -0.17438681196454803, -0.251597290545638, 0.06074113755894826, -0.3330209212548975, 0.25380113299740575, -0.49693131213576025, 0.670741984161383, 0.3753775882105632, 0.5113686918877594, -0.03615075663034302, 0.03635092844655767], [-0.572304427296151, -0.6986792793764828, -0.16323759646725527, 0.2266820624956977, 0.6394858306726642, -0.6575151521547924, -0.2392456346676184, 0.332034467849306, 0.3854864182318195, -0.2775235170512411, 0.1458980596011909, 0.6342166285658755, 0.19953790468611532, -0.22279635613825488, 0.0024423433299866557]], "inverted": true, "swapped": false, "error_lsq": 0.04195911594616604, "error_max": 0.3375220970234091, "target": "170.xyz", "model": "13.xyz", "model_rescale": 4.170626492500431, "target_rescale": 3.9841244776476024},
{"mapping": [6, 0, 8, 10, 7, 4, 11, 5, 2, 1, 9, 13, 3, 14], "R": [[0.4880058695755909, 0.7286093802868292, 0.48060237433643027], [-0.06072787595605905, 0.5776270853314835, -0.814038743164796], [-0.8707252128781142, 0.3680697233534671, 0.3261323081340843]], "T": [-0.11905363136840151, 0.010681248519553075, 0.163714609220206], "aligned_model": [[0.17177072630497336, -0.04772859374542117, -0.3030030556129124, -0.5194920969162291, 0.2176494111990379, -0.3655157212358204, -0.626296057024806, 0.5456326366485508, 0.7484439584411277, -0.0948329074131987, 0.36664626235155784, -0.35612239850345584, 0.22449626943472722, -0.11846541183648732], [-0.2679311790693838, -0.7534747366643679, 0.1121027784358267, -0.3811167227658856, 0.48811245739782744, 0.7328727738438546, 0.438153552318412, -0.4783357082197615, 0.19978194152049905, -0.5336681306416964, 0.06458611415604834, 0.10097456442633557, 0.527105999930418, 0.10691076325753973], [-0.38049221901730357, -0.005722104809576911, -0.6199039455602722, -0.33921904552157356, -0.2983154686040119, 0.19326941551286878, -0.25942135517861964, 0.20121684995990644, 0.060186480059246206, 0.6586720108419518, 0.5566556617536653, 0.7511833791156111, 0.3249568603248908, 0.16080658224408367]], "inverted": true, "swapped": true, "error_lsq": 0.04193195568431115, "error_max": 0.2848535377090865, "target": "170.xyz", "model": "14.xyz", "model_rescale": 3.9786697098870705, "target_rescale": 3.9841244776476024},
{"mapping": [6, 10, 5, 2, 0, 1, 11, 13, 9, 7, 12, 14], "R": [[0.03461213998585547, -0.8412230213715488, -0.5395793065714463], [0.7165131556432076, 0.3972709572785641, -0.5733974924022485], [0.6967143586548312, -0.3667691573967156, 0.6164977596282821]], "T": [-0.007339100787961843, -0.018092454788526523, 0.12714055263097646], "aligned_model": [[-0.05284034619215539, -0.6283501244373172, 0.5566925374749621, 0.6905094706027257, -0.07098923945456925, 0.24209631727142278, -0.6385892605411834, 0.09726862924612328, 0.6133917723645758, 0.06566139832621995, -0.38785456066521806, -0.0036419972282497534], [-0.30367642484768265, 0.04893895917603453, 0.08438878531863739, -0.5257073868210895, 0.3421465463317379, 0.6573968343134419, -0.39395673820666177, 0.3996253769345169, 0.03132462450960103, -0.7592274428696872, 0.5164724036967616, -0.08305104731117052], [-0.4850164504616782, -0.29315811987882284, -0.46760119249368104, -0.1060196200656097, -0.568493656321642, -0.025770898896892047, 0.4087799844062965, 0.6004724390790714, 0.2010589363653517, 0.11405821834337096, 0.08355409423575218, 0.1981027595623131]], "inverted": false, "swapped": true, "error_lsq": 0.05133321431953492, "error_max": 0.27194790906476285, "target": "170.xyz", "model": "15.xyz", "model_rescale": 3.769337070930944, "target_rescale": 3.9841244776476024},
{"mapping": [7, 4, 6, 8, 2, 3, 5, 13, 0, 10, 14], "R": [[0.35045872630380015, -0.5302276352570146, -0.7720345432474335], [-0.7660158555121825, 0.3120179692131969, -0.5620182345725204], [0.5388862498352115, 0.7883548957784352, -0.296813355563248]], "T": [0.03984575822420073, -0.08150978411420823, 0.13217498742977074], "aligned_model": [[-0.2538864114087583, -0.2997521350243326, -0.1150914456496864, -0.6878897343425937, 0.41373258833637544, 0.2071574183103843, 0.6049362230772023, 0.3155065629369683, 0.18417540514256148, -0.45530949083156774, 0.009047150144617908], [0.008617074754747045, -0.6960346205330781, 0.5560159864690708, 0.24148916605685522, 0.21245269505717107, -0.38826634033046953, 0.5075555031204326, -0.5936777184401276, 0.5724944280995137, 0.32078783747810485, -0.1453695141068783], [-0.5463379842461762, -0.16817504818296763, -0.03491815552169819, -0.023563536557218517, -0.6246763275948085, -0.40506550375687156, 0.005578420190480604, 0.3989504860128066, 0.5434873677110718, 0.5318958638664362, 0.06704202530272244]], "inverted": false, "swapped": true, "error_lsq": 0.04668835129624236, "error_max": 0.24455527165807528, "target": "170.xyz", "model": "16.xyz", "model_rescale": 3.7852294659196426, "target_rescale": 3.9841244776476024},
{"mapping": [0, 2, 9, 5, 6, 7, 4, 3, 1, 12, 11, 13, 14], "R": [[0.8804813851936157, 0.17850812944860067, -0.4391894557571856], [0.3316126591526242, 0.43014817243687004, 0.8396461123824405], [0.3388001986676761, -0.88493355539836, 0.3195419032189064]], "T": [0.025737109071564065, 0.17293260256738224, -0.043701781606267476], "aligned_model": [[0.1689646793499971, -0.44112207566434797, 0.16615764828132767, 0.02474914373626474, -0.42163713619755977, -0.6760905923249291, -0.15742630618861778, -0.16819554358506406, 0.6567656528501317, 0.4787977558699343, -0.32865928321973464, 0.5675654863465415, -0.01610357903766065], [-0.21327249075603155, -0.4884804250911265, -0.28570629050728824, -0.6391448594998315, -0.13140622454252454, 0.16062516917544745, 0.7140038647020519, 0.08296961465413899, -0.16711265232196892, 0.4138914079419791, 0.8739449771326417, 0.3381092862241824, 0.2166342465912042], [-0.713076056394841, 0.3352500918785756, 0.36021062225408856, -0.19496663693079996, -0.4506402618544614, 0.20543210917379473, 0.46312234979364464, 0.5604645107273951, -0.21120676972972027, -0.4549514465587434, -0.08904867902945376, 0.2539770916892735, 0.031187772124421143]], "inverted": false, "swapped": true, "error_lsq": 0.04418214700492277, "error_max": 0.27666846362102165, "target": "170.xyz", "model": "17.xyz", "model_rescale": 3.901054581598922, "target_rescale": 3.9841244776476024},
{"mapping": [13, 2, 7, 1, 4, 3, 12, 6, 11, 0, 9, 10, 5, 8, 14], "R": [[0.9415893006670708, 0.242841719905971, 0.2333184260670526], [0.33378177606634973, -0.5809831920901254, -0.7423262466562541], [-0.04471369851946863, 0.7768438900975398, -0.6281036981126855]], "T": [-0.06004361126303718, -0.014944306613528456, 0.015406739692305153], "aligned_model": [[-0.10366792148918524, 0.4397330216606793, -0.5238355896959389, 0.02611157355240095, 0.3518074929034943, -0.26707348140872456, -0.7184256266420346, -0.5071995028567294, -0.7505657662954729, 0.03695530404052318, -0.23442395357335247, -0.046868312428570515, 0.29799475678133613, 0.5980878751257462, -0.10506742795643226], [0.47386915044436356, 0.060202483765505646, -0.47737223115683636, -0.6881903246320614, -0.19588815994791503, -0.12743829862073336, 0.10517672266020647, -0.39124608227578944, 0.18818868433531083, -0.6035462727510508, 0.6187004309633805, 0.4131276548557861, 0.48447083513912764, -0.07206966478771959, 0.01513554316821728], [-0.5200001355502378, -0.6390505767671188, -0.08820039877367, 0.17352894808645553, 0.6659541705896387, -0.711153391434168, -0.30720628581801007, 0.48676045773918797, 0.3598586671425888, -0.4532546032713118, 0.0631085645119221, 0.7147167964148557, -0.09630310853924784, 0.07879358546517604, 0.006929062484799572]], "inverted": true, "swapped": false, "error_lsq": 0.03915091903431758, "error_max": 0.2671289166795681, "target": "170.xyz", "model": "18.xyz", "model_rescale": 3.9405287249114394, "target_rescale": 3.9841244776476024},
{"mapping": [1, 2, 14, 11, 9, 3, 12, 13, 4, 10, 0, 7, 6, 5, 15], "R": [[0.6401547510508249, 0.2684280619214019, -0.7198251664676478], [-0.6435488505460354, -0.3243622027723979, -0.6932777498041567], [-0.4195792793596145, 0.9070477038093192, -0.03489543446224341]], "T": [-0.18160969767741197, 0.02857262837257092, 0.034557454944899146], "aligned_model": [[-0.17699269546951849, 0.5054526773423518, -0.507644247814649, 0.12399193423483013, 0.21988479106587888, -0.47390032587820363, -0.7038046614113476, -0.4461536154869332, -0.619758267902287, 0.08260199691897951, -0.1866465418224731, -0.16465337275427439, 0.3517972950886996, 0.6428834198551238, -0.15349594424843896], [0.4004670625092409, -0.02885822973697237, -0.6387744501056335, -0.611345265888963, -0.21885778645382464, -0.13205196527214508, 0.05029328237174553, -0.45369780918768293, 0.5112222629015815, -0.5163027450019271, 0.7156553534719324, 0.18388341433360633, 0.49551285110405885, 0.030434415386913674, 0.015540080727861096], [-0.5105963188916368, -0.4945666064830895, -0.18473301689462368, 0.16233042969415964, 0.6400243923445698, -0.7491481807732715, -0.1296975153000063, 0.42025369031335297, 0.3658280230836771, -0.46664813647944936, 0.010762139711751918, 0.7210096322672596, -0.20150877316895444, 0.14165682772299404, 0.009515165134126702]], "inverted": false, "swapped": false, "error_lsq": 0.03715152856756047, "error_max": 0.2227523085979683, "target": "170.xyz", "model": "19.xyz", "model_rescale": 4.410303926677745, "target_rescale": 3.9841244776476024},
{"mapping": [4, 11, 7, 13, 2, 12, 9, 8, 10, 0, 1, 5, 6, 14], "R": [[0.9253818739404922, -0.2571446279229482, -0.27846907855765946], [0.36562231082168634, 0.7992960069519158, 0.47691321967432754], [0.0999435501260263, -0.5431413569238599, 0.8336718498228874]], "T": [-0.07942615821609364, -0.04543271658462191, 0.010873963497156136], "aligned_model": [[-0.12500498788102837, 0.28323397747718826, 0.4329345988622837, -0.6906675618298657, 0.14046687677682226, -0.2882117905506163, -0.4043973451513122, 0.6755503330158089, 0.358271615277193, 0.08104683537792695, -0.5788294472428613, -0.04065947136520373, 0.49180855594477113, -0.07435429925023408], [-0.24852518472714089, -0.5812813940384147, 0.2516810975209558, -0.19832344463837615, 0.8094883041113967, -0.5468525229866233, 0.48979995681221067, -0.3252936880879279, -0.528028882638772, -0.03625557611590537, 0.01566545552755453, 0.5924678179648171, 0.15670567554611473, -0.040299148068687084], [-0.7238733857578163, -0.43680372649707677, -0.4407798054156057, -0.10085074565107066, -0.12978987506851994, 0.3816004394425454, -0.022778748954682904, -0.08847436876403791, 0.3881278245171097, 0.7802208483061672, 0.5482277461730574, 0.5342589928412596, 0.31286028021997964, -0.08513043666628745]], "inverted": true, "swapped": true, "error_lsq": 0.040449041544109346, "error_max": 0.22404524349397134, "target": "170.xyz", "model": "20.xyz", "model_rescale": 4.121658175737393, "target_rescale": 3.9841244776476024},
{"mapping": [4, 11, 8, 7, 6, 13, 10, 9, 12, 1, 0, 5, 14], "R": [[0.7360630249467607, 0.6714842942287418, 0.0855573837278423], [0.6529338566821068, -0.7376379213660013, 0.17195253926905413], [0.1785738001624397, -0.07070459367660559, -0.9813828296483343]], "T": [0.06665433246691194, -0.15236208812739266, 0.02659740850243937], "aligned_model": [[0.03413038728692665, -0.11284627427668026, 0.21744786506200028, 0.6657982293436098, 0.4482566439779191, -0.33446522964792086, -0.2127298622008097, 0.3697049329344915, -0.5405472623785967, -0.24177198595263327, -0.016920728625214404, 0.5104638960055774, 0.09456229313562577], [-0.5794063579946228, -0.010495067390143858, 0.4255721198689018, -0.12518758234901983, 0.4034231435986763, -0.6353163641706875, 0.5337560733592828, -0.559197819232703, 0.05255749254824338, -0.21396540371968478, 0.4336096468695955, 0.023926352979555865, -0.20844933020421028], [0.6588576651456572, 0.7794086556782773, 0.575628480994589, 0.46826405651935765, -0.03542851968987516, -0.09722626851895583, 0.16070638028889744, -0.3419915407584119, -0.12093418527064566, -0.6389579664262767, -0.49049326603502114, -0.6474258060629674, 0.09970205361716486]], "inverted": true, "swapped": true, "error_lsq": 0.053898308641470015, "error_max": 0.26606705523435825, "target": "170.xyz", "model": "21.xyz", "model_rescale": 4.08911054899281, "target_rescale": 3.9841244776476024},
{"mapping": [5, 6, 12, 13, 4, 10, 9, 14, 15, 7, 11, 2, 8, 0, 16], "R": [[0.4013268200601035, 0.5859653454637648, 0.7039754238721521], [0.9158306437467181, -0.2683152910557579, -0.29876602310191824], [0.013820834812606375, 0.764625083620198, -0.6443271420822562]], "T": [-0.09356141437074683, 0.026615568796027063, 0.043138355226629066], "aligned_model": [[-0.36113553545794386, 0.45700199453506196, -0.48873439214669145, -0.018220365432734822, 0.24698616451746486, -0.22732888404785828, -0.7185513553837806, -0.6369288215468952, -0.48686259115786346, 0.19699843433594755, -0.26988890220592, 0.0023026235619147406, 0.20092267246250262, 0.6580215005232608, -0.061020100838725874], [0.3414876573010266, 0.06970398139815462, -0.5673029273384557, -0.6185004616630767, -0.30571532926136746, -0.20756195547052242, 0.009295393040716395, -0.19923611685794665, 0.4232412343142345, -0.4952485225435194, 0.7709282645013551, 0.14653544625394985, 0.5845263873909703, -0.1429296179062959, -0.006102961999431257], [-0.5286909126086938, -0.4574487501055126, -0.1467791100553513, 0.1651178601356375, 0.5529184122880071, -0.7173894617528087, -0.2983805998942373, 0.29919589339528363, 0.5116565338326267, -0.3429044306136533, 0.014849518134023187, 0.7486049657724256, -0.24457097579476966, 0.12349350369127743, 0.054809305856605234]], "inverted": true, "swapped": false, "error_lsq": 0.038405286196457424, "error_max": 0.19758665485703933, "target": "170.xyz", "model": "22.xyz", "model_rescale": 4.204369325754507, "target_rescale": 3.9841244776476024},
{"mapping": [1, 2, 14, 11, 9, 3, 12, 13, 4, 10, 0, 7, 6, 5, 15], "R": [[0.6401547510508249, 0.2684280619214019, -0.7198251664676478], [-0.6435488505460354, -0.3243622027723979, -0.6932777498041567], [-0.4195792793596145, 0.9070477038093192, -0.03489543446224341]], "T": [-0.18160969767741197, 0.02857262837257092, 0.034557454944899146], "aligned_model": [[-0.17699269546951849, 0.5054526773423518, -0.507644247814649, 0.12399193423483013, 0.21988479106587888, -0.47390032587820363, -0.7038046614113476, -0.4461536154869332, -0.619758267902287, 0.08260199691897951, -0.1866465418224731, -0.16465337275427439, 0.3517972950886996, 0.6428834198551238, -0.15349594424843896], [0.4004670625092409, -0.02885822973697237, -0.6387744501056335, -0.611345265888963, -0.21885778645382464, -0.13205196527214508, 0.05029328237174553, -0.45369780918768293, 0.5112222629015815, -0.5163027450019271, 0.7156553534719324, 0.18388341433360633, 0.49551285110405885, 0.030434415386913674, 0.015540080727861096], [-0.5105963188916368, -0.4945666064830895, -0.18473301689462368, 0.16233042969415964, 0.6400243923445698, -0.7491481807732715, -0.1296975153000063, 0.42025369031335297, 0.3658280230836771, -0.46664813647944936, 0.010762139711751918, 0.7210096322672596, -0.20150877316895444, 0.14165682772299404, 0.009515165134126702]], "inverted": false, "swapped": false, "error_lsq": 0.03715152856756047, "error_max": 0.2227523085979683, "target": "170.xyz", "model": "23.xyz", "model_rescale": 4.410303926677745, "target_rescale": 3.9841244776476024},
{"mapping": [15, 14, 12, 7, 1, 6, 5, 0, 4, 13, 8, 3, 9, 11, 16], "R": [[0.9662826979763937, 0.2002016195833512, 0.16191682774704053], [0.0579028985686038, -0.7816925062978539, 0.6209702729882758], [0.25088842525875055, -0.5906573770926618, -0.7669281980454243]], "T": [-0.04196127810413243, 0.0076078049766464765, -0.01216596706412141], "aligned_model": [[-0.1592731698164942, 0.32057634886920394, -0.5750243399397728, 0.17245261675220513, 0.2937981237701842, -0.314533046639475, -0.6404754585421942, -0.4788556665590499, -0.48617573490571003, 0.055009088271045795, -0.15100298302172555, -0.35245546257988614, 0.2904059553814065, 0.5895670379053517, -0.07045086722735014], [0.4160204155277604, 0.01966670145268023, -0.5725411179684913, -0.5912325906650243, -0.2396418328190065, -0.21342877306090416, 0.08022404511136558, -0.4545436623295568, 0.4472555610786986, -0.5317455758391106, 0.8187551386567736, 0.1275262847186811, 0.5025050905665013, -0.010656062303955867, 0.004956849033380966], [-0.5855343045579531, -0.5836299134850289, -0.17168660552731982, 0.1810897157050033, 0.7378130927990569, -0.6865142093890813, -0.19135773839077705, 0.39517311243782677, 0.27639553403063677, -0.4524855129359956, 0.06436230814667207, 0.823575562511355, -0.20459434971425694, 0.027329650932620055, 0.10454540971810133]], "inverted": false, "swapped": false, "error_lsq": 0.038018846015474866, "error_max": 0.31285955038373303, "target": "170.xyz", "model": "24.xyz", "model_rescale": 4.28219845311461, "target_rescale": 3.9841244776476024},
{"mapping": [6, 0, 5, 3, 7, 8, 10, 9, 12, 1, 14, 13, 2, 4, 15], "R": [[0.4491708954091788, 0.17906372364962675, -0.8753180505336601], [0.16264777182009704, 0.9469511986304262, 0.27718068066580137], [0.8785164819394536, -0.2668700250779946, 0.39621860213220234]], "T": [-0.11938783194461344, -0.017528468170733086, 0.05419280605767498], "aligned_model": [[-0.07662565384621586, 0.48043814772474025, -0.6355072054048025, 0.19000885958348607, 0.21838573432991537, -0.39681534994347034, -0.6936030205165366, -0.4027689792247237, -0.5858654766798549, 0.03676018676255588, -0.43731023077774756, 0.02482850193197142, 0.23699879978093052, 0.5958917177122093, -0.06125358971471843], [0.4173356382733676, 0.11457803978550557, -0.6303430792163486, -0.7236153881910274, -0.2560621300184484, -0.17269375055498873, 0.2707352413741331, -0.4220121899861514, 0.3254350025535927, -0.49219094902628635, 0.6689734661157553, 0.3045568733041971, 0.5616542637220755, -0.15824480801220892, -0.004985758963375091], [-0.7340087798401692, -0.48275303544323, -0.2345280379113989, 0.1300894035278193, 0.7134019654615256, -0.5629812085673999, -0.4115171571174992, 0.5156705715366041, 0.5533867212289346, -0.3460455283988688, -0.03404022310785244, 0.5320831060085942, -0.025280184275040772, 0.11096120016974523, 0.010042939009096252]], "inverted": false, "swapped": false, "error_lsq": 0.045092268604980765, "error_max": 0.2606145145340861, "target": "170.xyz", "model": "25.xyz", "model_rescale": 4.100010024507729, "target_rescale": 3.9841244776476024},
{"mapping": [13, 1, 0, 5, 11, 8, 10, 6, 9, 7, 3, 14], "R": [[-0.7641899013592565, 0.009130090621784326, -0.6449266904895226], [-0.6376464073428207, 0.1397750421588524, 0.7575420759220473], [0.09706108315552503, 0.9901411914644949, -0.10099290619616413]], "T": [-0.14061290960657646, 0.009794988273531986, -0.04594310432225023], "aligned_model": [[-0.6223084439712676, -0.03722308150575432, 0.4259648261150146, 0.5736806129420482, -0.5361612968030264, 0.03574057494618238, 0.045098403083616345, 0.46620052046208826, -0.023389036651133524, 0.023560136327114733, -0.28002227534443125, -0.19437533723744488], [-0.41016005304975867, -0.6871631550092641, -0.2365347561218879, -0.36821988759937396, 0.6620695857580895, 0.7576787947475154, 0.3063197878843724, 0.290864388544785, -0.37402353591397863, 0.5895198228349885, 0.07574772064385868, 0.06003267733129351], [-0.07882492743266864, 0.16723665419009495, 0.43989818370936734, -0.21694413997189807, 0.14680236548512834, 0.21434715155909295, 0.6206776481451809, 0.05961359628420979, -0.5277674459290426, -0.4838330654779499, -0.6679844113030461, -0.10802931940411263]], "inverted": false, "swapped": true, "error_lsq": 0.05117467065070994, "error_max": 0.3250766477691548, "target": "170.xyz", "model": "26.xyz", "model_rescale": 3.6694154284099745, "target_rescale": 3.9841244776476024},
