[{"mapping": [10, 8, 7, 3, 2, 11, 0, 9, 6, 1, 4, 12], "R": [[0.458330139901852, 0.8847314602052329, 0.08475686509460678], [-0.5541708135787385, 0.2099186158733532, 0.8054991521331942], [0.6948583972544535, -0.4161543199738918, 0.5865043816818764]], "T": [-0.012229018550672616, 0.08330639401262423, 0.13534607074642863], "aligned_model": [[-0.28689938572034285, 0.09571052102581823, 0.4007241094525059, -0.2657150391254105, 0.059208501921166834, -0.643872067014038, 0.4776238575994058, -0.3364793431396864, 0.5426892095814163, 0.2781127636120753, -0.5221056875107041, 0.03864502177834246], [-0.1591706054061624, -0.714299222773753, -0.3252075323033706, 0.5175123596960879, 0.28970993924360033, -0.48846200061501993, -0.13171316773900482, -0.6116077320505312, 0.16785794246420493, 0.5890662236537118, -0.038280946935877164, -0.04185022125682776], [-0.47700174102638687, -0.009455786268596778, -0.5509857281154515, -0.09623831088363621, -0.6789785485866671, -0.07440484191356034, 0.5725707630588635, 0.5889389183108458, -0.1357359148478522, 0.6234095710342589, 0.43004587751173334, -0.010212512919987315]], "inverted": true, "swapped": true, "error_lsq": 0.04890161204528873, "error_max": 0.3037793054845872, "target": "171.xyz", "model": "0.xyz", "model_rescale": 3.751011558992144, "target_rescale": 3.897256072237092},
{"mapping": [9, 11, 3, 7, 6, 5, 13, 2, 8, 4, 0, 1, 14], "R": [[0.5966162659622505, 0.21649752457195912, -0.7727728340485809], [0.28841949506372355, -0.9564330068869438, -0.045278010163725194], [-0.7489080224276199, -0.19586915324117177, -0.6330655959315261]], "T": [-0.11394127761276962, -0.03626414917279071, 0.1796045859784674], "aligned_model": [[-0.4781300716036245, -0.1615889167556187, 0.5041752475288911, 0.45150765553514494, 0.028125812515478243, -0.5224400101005194, -0.07563182869506567, 0.030787435384176443, -0.4023726433149051, -0.5834502901912615, 0.518586158492235, 0.1851342072523836, -0.1085464721536541], [-0.43094655198852894, 0.09490157196382938, -0.48173291602429846, 0.21871694275667025, 0.5774535939105178, -0.47019549367669367, -0.7596020317495007, -0.5782370828781471, 0.030090294520192643, 0.5491876025061908, 0.023533970753885185, 0.5378311199582722, -0.061758295368014776], [-0.20220943232543925, -0.6060519834012453, 0.23341377310641825, -0.05476514448515157, -0.22892107906274312, 0.36646929856101274, 0.12653018486416, 0.7871052368037693, 0.773593379830059, 0.4293674804872195, 0.5941377522355831, 0.4377789955349573, 0.13138885174987425]], "inverted": false, "swapped": false, "error_lsq": 0.050809245225043445, "error_max": 0.29179737984863563, "target": "171.xyz", "model": "1.xyz", "model_rescale": 3.9405287249114394, "target_rescale": 3.897256072237092},
{"mapping": [2, 0, 7, 6, 11, 4, 1, 4, 8, 9, 3, 10, 12], "R": [[0.6043481845247098, 0.2556222650766948, 0.7545995822015459], [-0.593506932677221, -0.48742018269559256, 0.6404460058155348], [0.5315193248845842, -0.8349124643326722, -0.14285791604311102]], "T": [-0.04810951750335911, -0.044644233505482224, 0.12646781890439007], "aligned_model": [[-0.6366556998831934, 0.0037115715678626704, 0.6228262665350432, 0.3989727351203307, 0.0343429287660363, -0.1274602020481122, -0.1451288094039485, -0.1274602020481122, -0.40822835285124526, -0.4788451098666603, 0.3343263732930145, 0.04159797585817797, -0.1258431911455331], [-0.22933532739599496, -0.122947940663723, -0.44517418771234446, 0.05766942439083899, 0.6141973223756544, -0.5200719922599099, -0.784270608636743, -0.5200719922599099, 0.11526603593072501, 0.5728842115541977, 0.012769771482294488, 0.584038315704339, -0.08571030782504974], [-0.16279368659756827, -0.7066666795102585, 0.2618590395797514, -0.16508846757598317, -0.13188017776966604, 0.6357493097823045, -0.13955175663012892, 0.6357493097823045, 0.7938754157043397, 0.41544286298894306, 0.5474738759046891, 0.6816235963814882, 0.12204467185825864]], "inverted": false, "swapped": false, "error_lsq": 0.0549207345142834, "error_max": 0.4958206298062208, "target": "171.xyz", "model": "2.xyz", "model_rescale": 3.932901565614263, "target_rescale": 3.897256072237092},
{"mapping": [10, 1, 4, 0, 3, 12, 6, 5, 9, 11, 7, 8, 13], "R": [[0.7907551296344314, 0.13979425298093973, 0.5959562834557035], [0.23559492715554026, -0.9680813506701093, -0.08551917202191017], [0.5649790750597845, 0.20802900114704775, -0.7984501107936252]], "T": [-0.0006766200798706337, 0.005845693426800858, 0.15719763514525292], "aligned_model": [[-0.6475636837897305, -0.08251902448484977, 0.6997196912434404, 0.5292978799973531, 0.1682998224199509, -0.524793596336697, -0.16976712012480397, 0.025727360970752393, -0.17538174765293285, -0.7044824203650875, 0.4690871597836999, -0.13309566498201783, -0.06837237278541677], [-0.21003197132080398, -0.010831623706241446, -0.51628484927673, 0.06885546095385858, 0.4748376027338767, -0.45528960620255604, -0.6445306582170514, -0.5584726115632414, -0.02910706871239762, 0.5474151698676973, 0.0590541236052016, 0.6048601880283995, -0.0812314315056379], [-0.06207252007243519, -0.5788677891524854, 0.15004864930169226, -0.24790374427363987, 0.046838997214970784, 0.46668986573380866, 0.03426975100684694, 0.6017731249020668, 0.8699734499758109, 0.06196845873462126, 0.6922054868945366, 0.5602281021527776, 0.1926854814799021]], "inverted": true, "swapped": false, "error_lsq": 0.05292676117513714, "error_max": 0.30990930981156023, "target": "171.xyz", "model": "3.xyz", "model_rescale": 3.9243930471874484, "target_rescale": 3.897256072237092},
{"mapping": [10, 11, 1, 5, 6, 8, 9, 7, 4, 3, 1, 0, 12], "R": [[0.6896766972101478, 0.14698046009861104, 0.7090435795312606], [-0.14480348103822, 0.9873992217872556, -0.06383360159928501], [-0.7094913707752308, -0.05864743100190324, 0.7022695163769825]], "T": [-0.15090787418889606, -0.07851289373932238, 0.1824123937685834], "aligned_model": [[-0.8052498851843896, -0.13522101788194113, 0.493970942381163, 0.4572706135671276, -0.16412464591322404, -0.42962552486235905, 0.05689231653163826, -0.01931190726778048, -0.5044866678281548, -0.38132434490582423, 0.493970942381163, 0.37264362424419617, -0.049248161367954624], [-0.0980545882550797, -0.19162746539700828, -0.2511099683592266, 0.3175554633589458, 0.4975079212421919, -0.6296991102939663, -0.6736051781085634, -0.3604060770140003, -0.08040411076477214, 0.5245247448011802, -0.2511099683592266, 0.46217886858905477, -0.01650780675515466], [-0.07946997360413402, -0.600590222833316, 0.4363845610514103, -0.03408675937331232, -0.2529516520481673, 0.3042589973300701, -0.1344024505767891, 0.9214235531062094, 0.6592202475491662, 0.3726943605718599, 0.4363845610514103, 0.5784788023407945, 0.180493289333272]], "inverted": true, "swapped": false, "error_lsq": 0.06646257297833859, "error_max": 0.33183377567135053, "target": "171.xyz", "model": "4.xyz", "model_rescale": 3.8936222436046832, "target_rescale": 3.897256072237092},
{"mapping": [5, 8, 2, 6, 10, 11, 9, 4, 1, 0, 3, 12], "R": [[0.2639078917048366, 0.3464571677773476, 0.9001777911010733], [-0.8963782634378545, -0.25652632940363645, 0.3615248970110273], [0.3561721964612696, -0.902309078541492, 0.24285735164816197]], "T": [0.05563297323138912, 0.0898077411501601, 0.004510298296575732], "aligned_model": [[0.06204038806869873, -0.4918112822943728, -0.23574226764435602, 0.2365319353927816, -0.5880272711648287, -0.7540818299925129, -0.30324304797047436, -0.11331159089430169, 0.8082465881090606, 0.4102832669962377, 0.07950404201374643, -0.08284088840458102], [-0.6802331437203056, -0.5172250444423991, 0.44556417138682014, -0.10261578534578236, 0.26476475984233006, 0.11735128231947725, -0.36138478201464347, 0.22051465275876522, 0.1364036020829942, -0.49839947271081764, 0.6328819756611943, 0.01130068929217426], [-0.4090515643787006, -0.020172210403807955, -0.702149563176355, -0.5601288777374216, -0.24906470012669973, 0.34139421585393986, 0.6837920479456405, 0.566630492424427, 0.10299333493702177, 0.07927744663381615, -0.09999739023564479, -0.11423851246069719]], "inverted": true, "swapped": true, "error_lsq": 0.05159422044380079, "error_max": 0.3068382899402721, "target": "171.xyz", "model": "5.xyz", "model_rescale": 3.6523030999806103, "target_rescale": 3.897256072237092},
{"mapping": [4, 11, 0, 7, 9, 2, 3, 1, 6, 10, 5, 8, 12], "R": [[0.20036821458705362, 0.9757786809598378, -0.08779831642734448], [0.5877701315850448, -0.048027725816613354, 0.8076011453492273], [0.7838232268819904, -0.21342282759152995, -0.5831567933781965]], "T": [-0.07060377210794909, 0.0067746945042964635, 0.25850896699816983], "aligned_model": [[-0.46879585017092645, -0.17450136475482392, 0.5896279004015736, 0.3848252923157083, -0.07044263621260227, -0.574858505869702, 0.14127306832182263, 0.0025096818652966257, -0.43626546739530325, -0.7579704682714807, 0.5769871711111241, 0.15588996670681637, 0.017877495846157526], [-0.25224078432039443, 0.1009590554134202, -0.7307539782796255, -0.014085595483135871, 0.6699116851945918, -0.5324511303685008, -0.5777562271010631, -0.4609753744123315, 0.19628885938318913, 0.3550896862412115, 0.03356306074019497, 0.5037815627842593, -0.04208809510744106], [-0.06318289274344902, -0.6103429188507953, 0.34400356294178486, -0.2503793068665523, -0.02943578602588587, 0.435071441715289, -0.051446689708827376, 0.7666813411686225, 0.761500386390135, 0.13653875258687406, 0.46782185165123413, 0.6527016379431577, 0.22830593369688623]], "inverted": true, "swapped": false, "error_lsq": 0.05612856394477242, "error_max": 0.3842422542500551, "target": "171.xyz", "model": "6.xyz", "model_rescale": 4.08911054899281, "target_rescale": 3.897256072237092},
{"mapping": [5, 12, 9, 11, 13, 4, 8, 3, 6, 7, 1, 2, 14], "R": [[-0.02988928399334176, 0.8105574722143726, -0.5848959009429049], [-0.9982764929987445, -0.05377296584599181, -0.02350556679285437], [-0.05050420010744555, 0.583185264201328, 0.8107677061834262]], "T": [-0.05130710939921349, -0.08293232580718893, 0.1719708822623272], "aligned_model": [[-0.7442402575010041, -0.16620582754446853, 0.6052536168944138, 0.3584051137697053, 0.10224980808638898, -0.5310145056459956, 0.04741646409060198, -0.06754294346524228, -0.2645814233268896, -0.6089459604963652, 0.5641979146100612, -0.01536248060138682, 0.10652676502384101], [-0.16838782360533783, 0.1819598621954516, -0.463703485023953, -0.09030907930150062, 0.5770677468500057, -0.5790925493841764, -0.7554252812959356, -0.5485332963892972, -0.010596515708783893, 0.4449321219171324, 0.22864365425118047, 0.564097277588063, -0.13140990740847414], [-0.13305737829911773, -0.47966730823524334, 0.36818159783437954, -0.2482820661521044, -0.10500330342370567, 0.3153422051564868, 0.11579389284143214, 0.811817403039734, 0.6174196043949223, 0.27039344630735085, 0.42100909805541353, 0.6517627322160584, 0.18212739016286678]], "inverted": true, "swapped": false, "error_lsq": 0.05439081089292629, "error_max": 0.4177005985314188, "target": "171.xyz", "model": "7.xyz", "model_rescale": 3.964800864290218, "target_rescale": 3.897256072237092},
{"mapping": [1, 0, 4, 6, 3, 7, 2, 12, 8, 5, 11, 10, 13], "R": [[-0.3004775847715549, 0.9482536359447032, 0.10260732414161969], [-0.8808976172976387, -0.3171507143711744, 0.35133290795653777], [0.36569469354804196, 0.015181116279908202, 0.9306110491603352]], "T": [-0.03169976275259824, -0.061894436490684726, 0.1940210884775161], "aligned_model": [[-0.7114038850047663, -0.10866709641752328, 0.5398460245099176, 0.4842250952026357, 0.03841996640554664, -0.46255539783629296, -0.009586655171119292, 0.07120320844072399, -0.5681649832846948, -0.5170898980773052, 0.6698717263817962, 0.032267139066791475, -0.07220896032204935], [-0.2566423284474359, -0.06409621826401836, -0.46824971814375654, 0.07734008612959796, 0.4723697568310663, -0.5965364157247233, -0.6174993160212137, -0.5478268063467092, 0.04853456872263827, 0.6056927048774822, -0.009389249720887144, 0.6349119076102485, -0.029366246817914755], [-0.05736597551784167, -0.5181801149954056, 0.13653897692126046, -0.03168028908388093, -0.2913732780116862, 0.3821022962550313, -0.16573293313871051, 0.7631921064802458, 0.7335283482751259, 0.3274172959862848, 0.632397610989497, 0.6247218747544304, 0.25227139498412315]], "inverted": false, "swapped": false, "error_lsq": 0.049218688327634305, "error_max": 0.2990823134644649, "target": "171.xyz", "model": "8.xyz", "model_rescale": 4.121658175737393, "target_rescale": 3.897256072237092},
{"mapping": [2, 8, 9, 7, 11, 1, 6, 4, 0, 3, 5, 10, 12], "R": [[-0.17280831836106608, -0.26399648301536627, 0.9489168256811228], [0.13406267246593173, 0.9481407648745626, 0.2881948816935728], [-0.9757891600937741, 0.17701679846443263, -0.12845453711290106]], "T": [-0.016173349744889653, -0.024232461180257958, 0.1723063763288929], "aligned_model": [[-0.6917627474527723, -0.14319356392653831, 0.6054552341174777, 0.5649782804359256, 0.04281118653853441, -0.45100945079071353, 0.027231971635129748, 0.07955308268923306, -0.390835214390904, -0.5566761773949049, 0.3537111398784167, 0.013362031970093086, -0.06746948941531675], [-0.06603565480780962, -0.10655483103525883, -0.577997389085807, 0.12079381423655933, 0.50790759905384, -0.5130501491288395, -0.6179863386717379, -0.6518937706007666, -0.045710464061021985, 0.5506868598012384, 0.10508787375796302, 0.6331803329879677, -0.08918515776195263], [0.016813902021858174, -0.5401837852438859, 0.18289530365780426, -0.13824325334422688, -0.16883854203716503, 0.3888855740589614, -0.1823122373022914, 0.7927946103097581, 0.8636756160948111, 0.1693979171947007, 0.6499878827569199, 0.5510106275411567, 0.2019536981900724]], "inverted": false, "swapped": false, "error_lsq": 0.0444891782513744, "error_max": 0.2308908978670247, "target": "171.xyz", "model": "9.xyz", "model_rescale": 3.833441315466971, "target_rescale": 3.897256072237092},
{"mapping": [2, 3, 1, 6, 7, 13, 5, 0, 10, 8, 12, 11, 14], "R": [[0.2343279054433265, -0.14562078634583123, -0.9611893774457588], [0.5691799567510717, 0.8220901221098031, 0.014212950514845668], [0.7881145916447633, -0.5504202192084799, 0.2755230892740159]], "T": [0.01623364299145095, -0.029112622666063504, 0.17625400959615073], "aligned_model": [[-0.5722750817957388, -0.22065989889575666, 0.5132569014995451, 0.6504353349009477, -0.018188859629220157, -0.5117621812064473, -0.07118526521833052, 0.0019306917904251333, -0.2647631045187115, -0.6110900048064395, 0.4953552459175649, 0.03786818944073124, -0.04276568358490936], [-0.2780454791687076, 0.11027765381132425, -0.5216826169969871, -0.07301350370818678, 0.562259314378639, -0.6027961017083425, -0.6683301504584584, -0.5116987302420144, 0.1425604842639906, 0.3633458888653351, 0.11835108442096838, 0.6059929733174132, 0.0020219079094008635], [-0.15289666825583942, -0.647623196292763, 0.41279494495545643, -0.0626821631943513, -0.12871861240645216, 0.3429699863895707, -0.026709258305702366, 0.6565966332152715, 0.9294626896879048, 0.4212044535982952, 0.5104949436728046, 0.4242659234107443, 0.10867763742353417]], "inverted": false, "swapped": false, "error_lsq": 0.05134940425501165, "error_max": 0.28316502873407234, "target": "171.xyz", "model": "10.xyz", "model_rescale": 4.2482417240324, "target_rescale": 3.897256072237092},
{"mapping": [5, 7, 10, 2, 9, 4, 8, 3, 6, 1, 0, 12], "R": [[0.9828943608470009, 0.08316422610072666, -0.16432403023365988], [-0.1582188477724345, 0.8379663710439402, -0.5222826411139976], [0.09426277963612548, 0.5393478214441187, 0.8367905687080575]], "T": [0.08846032385885054, 0.23319905484441592, -0.1201256588173624], "aligned_model": [[-0.5558113886053736, -0.012812288082625523, 0.4066515418954472, 0.6376563925894025, -0.4548665019291877, 0.10570017995689351, -0.41277322728621996, 0.6320060067204161, 0.01077754525061822, 0.004538179473404902, -0.5446017552927153, 0.06030091767294626], [-0.35555481368686725, -0.613943878527732, -0.10177677950051842, -0.401936870965237, 0.6735342307697038, 0.7580014745916743, -0.07030458501624567, 0.28258545181756495, -0.3074875044727279, 0.5046763462121576, 0.2279285248236216, 0.07040979400524572], [-0.16829490631299412, 0.16370168404954197, 0.4237073004638098, -0.04386057962712753, 0.43186281948787986, 0.17294580469512924, 0.45035108017029657, -0.2125398542284031, -0.4204456176180522, -0.825501083690255, -0.3968191882495965, -0.009915169285872064]], "inverted": false, "swapped": true, "error_lsq": 0.0585916353717934, "error_max": 0.31221603235696177, "target": "171.xyz", "model": "11.xyz", "model_rescale": 3.6694154284099745, "target_rescale": 3.897256072237092},
{"mapping": [2, 1, 5, 0, 4, 10, 12, 7, 9, 8, 6, 11, 13], "R": [[-0.03813334192570684, -0.9607954395072251, -0.27462332686007485], [0.9985882222935116, -0.0264699444807388, -0.04605327714583744], [0.036978514440980964, -0.2759917851337336, 0.9604483973688713]], "T": [-0.030043361214602965, -0.05864233820988222, 0.21732130574239697], "aligned_model": [[-0.5759543384535417, -0.17897779126297728, 0.5954043451902645, 0.5132215954942636, 0.15173289317624253, -0.4547206576677796, -0.07362523655064389, 0.0628753952006319, -0.4577058360853483, -0.6678806151494325, 0.46626134943564446, -0.027946188290194643, 0.03347136885653136], [-0.12111042131938868, 0.009070450264286621, -0.5453452964316188, -0.04376901416064344, 0.575073671629414, -0.4862912094688514, -0.6633402536900913, -0.46430349585938174, 0.03346177726767038, 0.33656612450485046, 0.11659754694394503, 0.5398302735039233, -0.037197428499739685], [-0.1353719276984612, -0.6131647013189986, 0.3457977218185906, -0.24676902541016868, -0.11889300383304038, 0.41805601648419366, -0.08961443903584274, 0.832927062985016, 0.8906027523823706, 0.31515667666019687, 0.42426924675973987, 0.6495883340955393, 0.11525260000933853]], "inverted": false, "swapped": false, "error_lsq": 0.04753037608328156, "error_max": 0.3077937018553595, "target": "171.xyz", "model": "12.xyz", "model_rescale": 3.9764082729961374, "target_rescale": 3.897256072237092},
{"mapping": [0, 5, 14, 6, 12, 7, 4, 3, 8, 1, 11, 10, 15], "R": [[-0.45163289073862006, -0.31660085496556195, -0.8341412534086496], [-0.13637316681519895, 0.9484325770403779, -0.2861433315339388], [0.8817199619923957, -0.015477255687715213, -0.471519207647478]], "T": [-0.0690467096750425, 0.01257611652786117, 0.12994869193240072], "aligned_model": [[-0.6998675694352197, -0.17095128531074794, 0.643403272055799, 0.5107585498180804, 0.0087731588405313, -0.5010300164029795, -0.16617153756871572, 0.10084480372759705, -0.21874992096016635, -0.44753007656210975, 0.3919383886111704, -0.018222564084622528, -0.04703891883495609], [-0.2424193895989885, -0.0702578669056805, -0.2643615702929039, -0.2838305094957522, 0.621961812631948, -0.5792013652828353, -0.6076446158695131, -0.5161469766238451, 0.0386256925013005, 0.48511894106535475, 0.1333547480962534, 0.6257264691552131, -0.09168264469617673], [-0.12333034045836794, -0.6980476211558622, 0.3634622476955661, -0.26958576066542184, -0.04269740966339036, 0.314944728790432, -0.21898788208975145, 0.7624296890820892, 0.820284265962216, 0.32171990517608007, 0.7651258011420508, 0.6472594788450872, 0.14526021123774602]], "inverted": true, "swapped": false, "error_lsq": 0.04893151556867277, "error_max": 0.32979960322268126, "target": "171.xyz", "model": "13.xyz", "model_rescale": 4.170626492500431, "target_rescale": 3.897256072237092},
{"mapping": [11, 6, 0, 2, 4, 9, 3, 1, 10, 12, 0, 8, 13], "R": [[0.23045194852188605, -0.2856867332119164, -0.9302015856195739], [0.5964920330032643, 0.7967455095920624, -0.09692186290263766], [0.7688232267472795, -0.5325220027487956, 0.354021415457191]], "T": [-0.03890454443739696, -0.027199374160110222, 0.20819548354444437], "aligned_model": [[-0.6479306043849457, -0.23191472764104476, 0.4918521865835284, 0.502557317894198, 0.20596312285953602, -0.5323313363797966, -0.017078700212593327, 0.15526941261891106, -0.42688727429506895, -0.4956454560027904, 0.4918521865835284, 0.0057922436686710516, -0.11534208739847288], [-0.2809996461872062, -0.08261422837892776, -0.1273131698401096, -0.045938144463446906, 0.6085505080724803, -0.5684319875892645, -0.623031855894054, -0.6424167634938354, 0.0604897792100924, 0.5443090636050963, -0.1273131698401096, 0.5670440640872437, -0.03309172460358408], [-0.04544270631442218, -0.6086065304967115, 0.46144027997352577, -0.16516771411202527, 0.010901177121713651, 0.5544666166438671, -0.13818709492122797, 0.6260692780779575, 0.6083308589965968, 0.2299202724216516, 0.46144027997352577, 0.6514033648348023, 0.14126923169922023]], "inverted": false, "swapped": false, "error_lsq": 0.05156252096168682, "error_max": 0.3870294366097886, "target": "171.xyz", "model": "14.xyz", "model_rescale": 3.9786697098870705, "target_rescale": 3.897256072237092},
{"mapping": [3, 4, 6, 2, 0, 5, 11, 8, 7, 10, 9, 12], "R": [[-0.1528833968025134, 0.9692530818478813, -0.19280853277412222], [0.984831602997831, 0.16562760295559936, 0.05171277285067012], [0.08205717956917544, -0.18197791203211133, -0.9798727768509468]], "T": [-0.0584002698975015, -0.026448894458380966, -0.30855467515380286], "aligned_model": [[-0.05196813571102742, -0.6512327941185911, 0.5495369619711171, 0.5311723171295023, 0.01851252478994119, 0.4855629449229922, -0.49084067417219474, 0.009011624982625706, 0.6331119144983787, 0.07886976447682387, -0.6832160395231157, 0.05483418752088492], [-0.5324529065402899, -0.0861859781904908, 0.09304957559472415, -0.6061231732532333, 0.6518311667594076, 0.5855283398843399, -0.27397135816163615, 0.3194109017618368, -0.029175016902356944, -0.47348360987261146, 0.39730323136354584, -0.03105668221879663], [-0.532920172687902, -0.22739585438214327, -0.37711913340619113, -0.14359339606981544, -0.415209559448102, -0.002572127996585294, 0.4136747965806836, 0.42943575819566937, 0.2661354318944764, 0.23044963773117266, 0.16455184229057285, -0.1454707288280057]], "inverted": true, "swapped": true, "error_lsq": 0.05106008861724407, "error_max": 0.2849551731447448, "target": "171.xyz", "model": "15.xyz", "model_rescale": 3.769337070930944, "target_rescale": 3.897256072237092},
{"mapping": [3, 1, 11, 4, 2, 6, 7, 0, 8, 9, 12], "R": [[-0.0491809721321594, -0.8743962027658451, 0.48271369627223903], [0.34066860288523915, 0.439631442008668, 0.8310650384931367], [-0.9388962322793479, 0.2053179870007763, 0.27625783106654933]], "T": [-0.10706586011305419, -0.060875639487287796, -0.10684063901909173], "aligned_model": [[-0.2575517331172918, -0.304490196464301, -0.32261141372512897, -0.6444684155975747, 0.39792891713744893, 0.4584918995058237, 0.7204015561211798, 0.044943975588483176, 0.2486574262018149, -0.46833598261946463, 0.049660097660181146], [-0.028282068066268616, -0.793483438905412, 0.7690133263182315, 0.163142931971951, 0.21759984448654934, -0.304181827409897, 0.2904166942108448, -0.4758266502187237, 0.40801318009303433, 0.29136386043510476, 0.05828864470992746], [-0.6385482374273528, -0.15789727139172943, 0.07947066466690324, 0.04355832419635504, -0.7218707262850101, -0.20438635458876006, -0.0879561637479961, 0.4242557291844778, 0.4609599072769503, 0.6274628542576478, -0.08083111891770847]], "inverted": false, "swapped": true, "error_lsq": 0.05331886840419304, "error_max": 0.32012918840248644, "target": "171.xyz", "model": "16.xyz", "model_rescale": 3.7852294659196426, "target_rescale": 3.897256072237092},
{"mapping": [10, 9, 3, 8, 11, 4, 0, 1, 5, 6, 2, 7, 12], "R": [[0.627691327228971, -0.755657782448002, 0.1870425447519935], [0.35624678257296993, 0.4924709096238882, 0.7940784804291247], [-0.6921645957631322, -0.4318028705323632, 0.5783203726068028]], "T": [0.009329121642919491, -0.09274138564082603, 0.23146875775279682], "aligned_model": [[-0.6951979395869652, -0.09906489347425142, 0.5815851845203288, 0.4217731038400926, 0.14441739384675778, -0.4556932685063902, -0.030676706536749518, 0.16907513873527572, -0.4178188679896393, -0.6465754150391594, 0.5033179381581141, -0.05711131757621343, -0.03187406649754016], [0.026207135015459418, -0.07591930467280834, -0.630346897419143, -0.04110566884490517, 0.5681263712854016, -0.5958362173126722, -0.6834143577037773, -0.27916506796094215, -0.12357123096582463, 0.49351803181375475, 0.16549524807110566, 0.4825428594631833, -0.057288176084457354], [-0.141020094036896, -0.625986512561944, 0.357954659608208, -0.26995882979377894, -0.056519160399253504, 0.4115699851070111, -0.10801928257366336, 0.8748827573987531, 0.730270447956913, 0.34758236637671347, 0.48321448502004594, 0.6265139583917875, 0.15735253340457803]], "inverted": false, "swapped": false, "error_lsq": 0.052383157255371425, "error_max": 0.3538925183819287, "target": "171.xyz", "model": "17.xyz", "model_rescale": 3.901054581598922, "target_rescale": 3.897256072237092},
{"mapping": [9, 11, 3, 7, 6, 5, 13, 2, 8, 4, 0, 1, 14], "R": [[0.5966162659622505, 0.21649752457195912, -0.7727728340485809], [0.28841949506372355, -0.9564330068869438, -0.045278010163725194], [-0.7489080224276199, -0.19586915324117177, -0.6330655959315261]], "T": [-0.11394127761276962, -0.03626414917279071, 0.1796045859784674], "aligned_model": [[-0.4781300716036245, -0.1615889167556187, 0.5041752475288911, 0.45150765553514494, 0.028125812515478243, -0.5224400101005194, -0.07563182869506567, 0.030787435384176443, -0.4023726433149051, -0.5834502901912615, 0.518586158492235, 0.1851342072523836, -0.1085464721536541], [-0.43094655198852894, 0.09490157196382938, -0.48173291602429846, 0.21871694275667025, 0.5774535939105178, -0.47019549367669367, -0.7596020317495007, -0.5782370828781471, 0.030090294520192643, 0.5491876025061908, 0.023533970753885185, 0.5378311199582722, -0.061758295368014776], [-0.20220943232543925, -0.6060519834012453, 0.23341377310641825, -0.05476514448515157, -0.22892107906274312, 0.36646929856101274, 0.12653018486416, 0.7871052368037693, 0.773593379830059, 0.4293674804872195, 0.5941377522355831, 0.4377789955349573, 0.13138885174987425]], "inverted": false, "swapped": false, "error_lsq": 0.050809245225043445, "error_max": 0.29179737984863563, "target": "171.xyz", "model": "18.xyz", "model_rescale": 3.9405287249114394, "target_rescale": 3.897256072237092},
{"mapping": [7, 4, 3, 1, 6, 13, 12, 14, 11, 5, 10, 2, 15], "R": [[0.17557113388866946, -0.9807956686900225, 0.08493899707401042], [0.39590446056144885, -0.008652076703574998, -0.9182509459163457], [0.901351449243077, 0.19484608758609268, 0.3867823252163904]], "T": [-0.1233395490706482, -0.09876476428632305, 0.09502904452199941], "aligned_model": [[-0.767509410406696, -0.2799441382816754, 0.6724019239081207, 0.45683357119411333, 0.059961429955269846, -0.510468738541441, 0.14926664473498036, 0.06007316126063897, -0.40518860835240533, -0.40136328219813255, 0.22524354968175797, 0.23385924514539225, -0.10700906420626274], [-0.12098263660902492, -0.3597731421808954, -0.3159204763691421, 0.12585381961020636, 0.600853834345927, -0.5802855844556557, -0.5433925244618766, -0.621697510978785, -0.08428825976228277, 0.6387703156506633, 0.00377947086615793, 0.5809063793034445, -0.07458096027436215], [-0.18812657494738683, -0.569812784729867, 0.3073201177336348, -0.12511878369805568, -0.09263561152225007, 0.3588443886077958, -0.07269418043349492, 0.6359912263811331, 0.7580258322205298, 0.3596182590396511, 0.7920789279935406, 0.502191715938512, 0.12215478131473154]], "inverted": false, "swapped": false, "error_lsq": 0.046576373144899604, "error_max": 0.28976203544251583, "target": "171.xyz", "model": "19.xyz", "model_rescale": 4.410303926677745, "target_rescale": 3.897256072237092},
{"mapping": [1, 0, 4, 6, 3, 7, 2, 12, 8, 5, 11, 10, 13], "R": [[-0.3004775847715549, 0.9482536359447032, 0.10260732414161969], [-0.8808976172976387, -0.3171507143711744, 0.35133290795653777], [0.36569469354804196, 0.015181116279908202, 0.9306110491603352]], "T": [-0.03169976275259824, -0.061894436490684726, 0.1940210884775161], "aligned_model": [[-0.7114038850047663, -0.10866709641752328, 0.5398460245099176, 0.4842250952026357, 0.03841996640554664, -0.46255539783629296, -0.009586655171119292, 0.07120320844072399, -0.5681649832846948, -0.5170898980773052, 0.6698717263817962, 0.032267139066791475, -0.07220896032204935], [-0.2566423284474359, -0.06409621826401836, -0.46824971814375654, 0.07734008612959796, 0.4723697568310663, -0.5965364157247233, -0.6174993160212137, -0.5478268063467092, 0.04853456872263827, 0.6056927048774822, -0.009389249720887144, 0.6349119076102485, -0.029366246817914755], [-0.05736597551784167, -0.5181801149954056, 0.13653897692126046, -0.03168028908388093, -0.2913732780116862, 0.3821022962550313, -0.16573293313871051, 0.7631921064802458, 0.7335283482751259, 0.3274172959862848, 0.632397610989497, 0.6247218747544304, 0.25227139498412315]], "inverted": false, "swapped": false, "error_lsq": 0.049218688327634305, "error_max": 0.2990823134644649, "target": "171.xyz", "model": "20.xyz", "model_rescale": 4.121658175737393, "target_rescale": 3.897256072237092},
{"mapping": [4, 11, 0, 7, 9, 2, 3, 1, 6, 10, 5, 8, 12], "R": [[0.20036821458705362, 0.9757786809598378, -0.08779831642734448], [0.5877701315850448, -0.048027725816613354, 0.8076011453492273], [0.7838232268819904, -0.21342282759152995, -0.5831567933781965]], "T": [-0.07060377210794909, 0.0067746945042964635, 0.25850896699816983], "aligned_model": [[-0.46879585017092645, -0.17450136475482392, 0.5896279004015736, 0.3848252923157083, -0.07044263621260227, -0.574858505869702, 0.14127306832182263, 0.0025096818652966257, -0.43626546739530325, -0.7579704682714807, 0.5769871711111241, 0.15588996670681637, 0.017877495846157526], [-0.25224078432039443, 0.1009590554134202, -0.7307539782796255, -0.014085595483135871, 0.6699116851945918, -0.5324511303685008, -0.5777562271010631, -0.4609753744123315, 0.19628885938318913, 0.3550896862412115, 0.03356306074019497, 0.5037815627842593, -0.04208809510744106], [-0.06318289274344902, -0.6103429188507953, 0.34400356294178486, -0.2503793068665523, -0.02943578602588587, 0.435071441715289, -0.051446689708827376, 0.7666813411686225, 0.761500386390135, 0.13653875258687406, 0.46782185165123413, 0.6527016379431577, 0.22830593369688623]], "inverted": true, "swapped": false, "error_lsq": 0.05612856394477242, "error_max": 0.3842422542500551, "target": "171.xyz", "model": "21.xyz", "model_rescale": 4.08911054899281, "target_rescale": 3.897256072237092},
{"mapping": [14, 3, 7, 0, 1, 9, 12, 10, 5, 11, 6, 8, 16], "R": [[-0.014439166706826434, -0.4760074901318355, -0.8793226824114133], [-0.9350072814090853, -0.3052114954715034, 0.18057498925388327], [-0.3543344383161254, 0.8247804631357603, -0.4406634696145767]], "T": [-0.07552903396099536, 0.0020495288381579546, 0.09412779006912475], "aligned_model": [[-0.5332262170412996, -0.19824600743108645, 0.46204976511221413, 0.6513962625263221, 0.014163922270911955, -0.5646992850699553, -0.17019178663829604, 0.0458479120951783, -0.3203779155394346, -0.5099181962381274, 0.5071051536613183, 0.03839337756374059, -0.036140701377825435], [-0.3241799929897531, -0.36725193899367775, -0.4461813594484842, 0.21164528367532315, 0.7863036131525409, -0.40299757687029614, -0.7275299275512332, -0.5248502716232641, -0.058737247259161095, 0.5330674581189578, 0.09127953201292419, 0.48560205728006905, -0.006926904819570862], [-0.2155658870302805, -0.6822972182697812, 0.22020036274933663, -0.07239137117167388, 0.011067052625797852, 0.4169232657959698, 0.033117249142153485, 0.6931099654756446, 0.7529775809848157, 0.43356709942640914, 0.550350913659421, 0.5778225848001582, 0.06895571571050318]], "inverted": false, "swapped": false, "error_lsq": 0.04722378412860419, "error_max": 0.25074133550533545, "target": "171.xyz", "model": "22.xyz", "model_rescale": 4.204369325754507, "target_rescale": 3.897256072237092},
{"mapping": [7, 4, 3, 1, 6, 13, 12, 14, 11, 5, 10, 2, 15], "R": [[0.17557113388866946, -0.9807956686900225, 0.08493899707401042], [0.39590446056144885, -0.008652076703574998, -0.9182509459163457], [0.901351449243077, 0.19484608758609268, 0.3867823252163904]], "T": [-0.1233395490706482, -0.09876476428632305, 0.09502904452199941], "aligned_model": [[-0.767509410406696, -0.2799441382816754, 0.6724019239081207, 0.45683357119411333, 0.059961429955269846, -0.510468738541441, 0.14926664473498036, 0.06007316126063897, -0.40518860835240533, -0.40136328219813255, 0.22524354968175797, 0.23385924514539225, -0.10700906420626274], [-0.12098263660902492, -0.3597731421808954, -0.3159204763691421, 0.12585381961020636, 0.600853834345927, -0.5802855844556557, -0.5433925244618766, -0.621697510978785, -0.08428825976228277, 0.6387703156506633, 0.00377947086615793, 0.5809063793034445, -0.07458096027436215], [-0.18812657494738683, -0.569812784729867, 0.3073201177336348, -0.12511878369805568, -0.09263561152225007, 0.3588443886077958, -0.07269418043349492, 0.6359912263811331, 0.7580258322205298, 0.3596182590396511, 0.7920789279935406, 0.502191715938512, 0.12215478131473154]], "inverted": false, "swapped": false, "error_lsq": 0.046576373144899604, "error_max": 0.28976203544251583, "target": "171.xyz", "model": "23.xyz", "model_rescale": 4.410303926677745, "target_rescale": 3.897256072237092},
{"mapping": [4, 3, 11, 7, 12, 8, 10, 9, 15, 5, 14, 6, 16], "R": [[0.6825827231743212, 0.6928756421014463, -0.23238797431544683], [-0.730547566460631, 0.6554163028236554, -0.19165000164732798], [0.019521248996373107, 0.3005874491316615, 0.9535544589912748]], "T": [0.056813631863439996, -0.027649452526161113, 0.15762810317894121], "aligned_model": [[-0.5825167108197674, -0.306837012548171, 0.5466337910435193, 0.5954461461002983, 0.03587903960067005, -0.555028170725153, -0.07332327742809522, 0.001232201413953117, -0.2621442854187264, -0.4346770767404894, 0.3589442286606599, 0.03266739511448872, 0.029880015640473337], [-0.17692654794686527, -0.27423425326357814, -0.4146063144994434, 0.16404805301106726, 0.7536032370408322, -0.5404282416904914, -0.6547200963378391, -0.48087914582359287, 0.011067135517873687, 0.36184719937534765, -0.013397959078358536, 0.5718954411347111, -0.05802578275528912], [-0.04939226948636177, -0.6273592403485642, 0.26280455131898306, -0.18157386860185903, -0.030472435562521355, 0.3536234838458293, 0.04087734821234841, 0.5864795148952711, 0.7948730040200547, 0.20591138125173677, 0.763155961685962, 0.624383895318508, 0.04452598734908694]], "inverted": false, "swapped": false, "error_lsq": 0.043743817375025834, "error_max": 0.30725591427411675, "target": "171.xyz", "model": "24.xyz", "model_rescale": 4.28219845311461, "target_rescale": 3.897256072237092},
{"mapping": [11, 12, 7, 13, 2, 5, 9, 3, 1, 6, 4, 0, 15], "R": [[-0.9317316652784895, -0.01574359799834317, 0.3628060680851958], [0.1492228119512329, -0.9274147535502807, 0.3429787563255769], [0.3310719805582165, 0.37370310945901836, 0.8664509966927855]], "T": [-0.10342642637272718, -0.0393875144393997, 0.14770923077944087], "aligned_model": [[-0.4595583520637439, -0.09075314574839498, 0.5724952124129536, 0.34482489440663505, 0.1447748219029168, -0.7187766027079676, -0.03000487854144858, 0.12955736213129365, -0.2877202169623416, -0.5717363496073216, 0.4538877110670763, -0.011582929741187756, -0.08925124265480917], [-0.23905063838758825, -0.22219302959939305, -0.4247032450971262, 0.016746270089096987, 0.5833190915961962, -0.5619592991118559, -0.6969079913063678, -0.49074147429139925, -0.1313378186443222, 0.7132152273983801, 0.11019831810348726, 0.5766014328927548, 0.016055881042512057], [-0.21254312478184206, -0.594477694340054, 0.13329633102931915, -0.23808373000531752, 0.008379953375297705, 0.41889841061996147, 0.009326490910756935, 0.7325540837789847, 0.7538926511675317, 0.3104116085717957, 0.5967900742117691, 0.6746594759894826, 0.19473278337078842]], "inverted": true, "swapped": false, "error_lsq": 0.04306503726108014, "error_max": 0.20998692310815223, "target": "171.xyz", "model": "25.xyz", "model_rescale": 4.100010024507729, "target_rescale": 3.897256072237092},
{"mapping": [5, 7, 10, 2, 9, 4, 8, 3, 6, 1, 0, 12], "R": [[0.9828943608470009, 0.08316422610072666, -0.16432403023365988], [-0.1582188477724345, 0.8379663710439402, -0.5222826411139976], [0.09426277963612548, 0.5393478214441187, 0.8367905687080575]], "T": [0.08846032385885054, 0.23319905484441592, -0.1201256588173624], "aligned_model": [[-0.5558113886053736, -0.012812288082625523, 0.4066515418954472, 0.6376563925894025, -0.4548665019291877, 0.10570017995689351, -0.41277322728621996, 0.6320060067204161, 0.01077754525061822, 0.004538179473404902, -0.5446017552927153, 0.06030091767294626], [-0.35555481368686725, -0.613943878527732, -0.10177677950051842, -0.401936870965237, 0.6735342307697038, 0.7580014745916743, -0.07030458501624567, 0.28258545181756495, -0.3074875044727279, 0.5046763462121576, 0.2279285248236216, 0.07040979400524572], [-0.16829490631299412, 0.16370168404954197, 0.4237073004638098, -0.04386057962712753, 0.43186281948787986, 0.17294580469512924, 0.45035108017029657, -0.2125398542284031, -0.4204456176180522, -0.825501083690255, -0.3968191882495965, -0.009915169285872064]], "inverted": false, "swapped": true, "error_lsq": 0.0585916353717934, "error_max": 0.31221603235696177, "target": "171.xyz", "model": "26.xyz", "model_rescale": 3.6694154284099745, "target_rescale": 3.897256072237092},
{"mapping": [9, 11, 4, 2, 6, 8, 10, 8, 7, 3, 0, 1, 13], "R": [[0.8740675933977811, 0.4721837942380333, 0.11422918467180768], [-0.45757257343728724, 0.7212015223293116, 0.5200920151548779], [0.16319675918899126, -0.5068637180237486, 0.8464372328420768]], "T": [-0.058406767903650514, -0.040424132555564436, 0.24017417007306396], "aligned_model": [[-0.6593221083030404, -0.08382531336651027, 0.5250801276355952, 0.4384208400401529, 0.05381378047689285, -0.21330118361467534, -0.01042138545135294, -0.21330118361467534, -0.4983857947506575, -0.6887545312642114, 0.5553980655128633, 0.19592790444502883, -0.015172933851749677], [-0.24419122500060808, -0.15336602513649672, -0.614244391414153, 0.08116543206501561, 0.6120692615249106, -0.5879107556209284, -0.5639968644049854, -0.5879107556209284, 0.11237640426544923, 0.46472775626224716, 0.08449082746058159, 0.676658571315322, -0.03062551101105191], [-0.009311823881569203, -0.6099866945237378, 0.31635765480802447, -0.20760697285671476, 0.0589302708463493, 0.531075029432526, -0.05216077041007017, 0.531075029432526, 0.6634931710645318, 0.2224403948495511, 0.45129788350154587, 0.6882287693645535, 0.20400537227095747]], "inverted": true, "swapped": false, "error_lsq": 0.05398478119319161, "error_max": 0.3673955516929815, "target": "171.xyz", "model": "27.xyz", "model_rescale": 4.103607728864725, "target_rescale": 3.897256072237092},
{"mapping": [2, 12, 9, 10, 13, 1, 0, 5, 7, 8, 6, 11, 14], "R": [[-0.7479091551292972, -0.4115015804183646, 0.5208630770048583], [0.6378025027408525, -0.22803123084532034, 0.7356695761390932], [-0.18395614469564658, 0.8824217852435174, 0.4330033830772664]], "T": [0.0421198475965105, -0.0026895634436531063, 0.11718506195367141], "aligned_model": [[-0.49673954214431854, -0.12868691855180253, 0.6223032885994045, 0.5172085133723849, -0.22244394600124456, -0.6389714807777778, -0.13134815120260326, 0.09249954438120195, -0.24110854884588545, -0.5603469485515753, 0.45011581370930137, 0.1929301360486149, -0.06925547614203972], [-0.24653389598918252, 0.10068033864273719, -0.5300466569870427, 0.014949965493253989, 0.5398098036541389, -0.5159956508881773, -0.695221017360878, -0.3997140704744416, 0.0421835694836484, 0.3957479921958833, 0.058554599889006145, 0.595902112595436, -0.11107436557000748], [-0.3204120196244027, -0.7179396766963947, 0.3525689966826611, -0.06653995805159564, -0.11855413455246903, 0.3919436743402729, 0.11630205030480541, 0.7295361355631742, 0.7788869003622866, 0.5052072914736717, 0.5978676047459414, 0.4188562334848515, 0.12011421586567145]], "inverted": false, "swapped": false, "error_lsq": 0.05154144195714158, "error_max": 0.2913831159392798, "target": "171.xyz", "model": "28.xyz", "model_rescale": 4.137296879288765, "target_rescale": 3.897256072237092},
