[{"mapping": [3, 4, 0, 7, 2, 5, 9, 10, 1, 8, 6, 12], "R": [[-0.19896590587422053, -0.9419983592224788, 0.27028070504904445], [-0.9154277885894857, 0.08018760645221834, -0.39441337661092063], [0.349863590814784, -0.3258972828877557, -0.8782860745956089]], "T": [-0.0033659942637714445, -0.04690451547745434, -0.05619889124723866], "aligned_model": [[-0.21808840012258932, 0.3781023041329011, 0.44074096849481753, 0.08673617481785668, -0.26127950725975213, -0.7077198582037834, 0.4395889887768463, -0.33957471671457057, 0.4882462197072466, 0.0509679941246836, -0.503856645842708, -0.016221059450399623], [-0.32039110274375204, -0.6564550597623843, -0.2845625436171564, 0.6778435697867417, 0.2779506210462648, -0.4696698505714599, -0.18723062111164235, -0.5586597260227957, 0.08076887878584246, 0.42603327797322665, 0.11573406106507439, -0.04780646885090214], [-0.47416246529788, 0.06250940815860946, -0.6700419544264499, -0.15855733652716297, -0.6736640209066864, -0.09546099254832768, 0.6000808184312515, 0.46350158901402616, -0.06723678097284032, 0.6053751860393215, 0.5065046929812828, 0.08310360140841842]], "inverted": true, "swapped": true, "error_lsq": 0.047748652428222994, "error_max": 0.24155501835138965, "target": "173.xyz", "model": "0.xyz", "model_rescale": 3.751011558992144, "target_rescale": 3.906235744961057},
{"mapping": [5, 9, 2, 8, 10, 1, 7, 3, 12, 11, 6, 0, 14], "R": [[-0.1553500233204506, 0.9188258537710055, -0.36280217846137375], [0.15382662838686623, 0.38528111621567884, 0.9098878117035802], [0.975809273707452, 0.08554245688302164, -0.20119331354931247]], "T": [-0.07200927789629713, -0.03534886265071227, -0.015139005475435077], "aligned_model": [[0.19474439195672988, 0.08183953909329131, 0.5764831959905548, -0.1450803920312776, -0.5998537236745665, -0.43432030010517886, -0.12363471539554574, 0.5800092415489675, 0.2668930613421436, -0.3398790863360943, -0.6416707751013713, 0.18711387191488588, -0.05480225621800475], [0.19557786431956534, 0.5938434487555694, -0.37952276462580814, -0.3627154660271086, 0.5168511156747099, -0.6009163538507499, -0.2473405048712114, -0.24019567993368085, 0.273202106691533, 0.5442396654262592, -0.021349948809973235, -0.7089532717193184, 0.008082951026499571], [-0.5305042869858969, -0.13612329417615365, -0.39558603003924503, -0.5877732442463515, -0.3133154182369006, 0.17073645153674488, 0.6110170306919976, 0.32591160845484096, 0.5695973520857182, 0.4634567454194848, 0.4737531649297512, 0.2185633946293784, 0.01352121798911977]], "inverted": false, "swapped": false, "error_lsq": 0.050643132213058904, "error_max": 0.31176941332179614, "target": "173.xyz", "model": "1.xyz", "model_rescale": 3.9405287249114394, "target_rescale": 3.906235744961057},
{"mapping": [10, 9, 4, 3, 11, 7, 1, 8, 2, 5, 6, 4, 12], "R": [[0.011859369365898376, -0.6752987750999258, -0.7374489268463158], [-0.9593501389817451, -0.21565133022006855, 0.18204893465774813], [-0.2819692646263938, 0.7053127449031773, -0.6504054625256432]], "T": [-0.13763908553256368, -0.02487685848384299, 0.13575447837094878], "aligned_model": [[0.07817287862754, 0.27577607267377746, 0.33505079517661074, -0.1379779411697175, -0.4706155583944537, -0.4704052478517762, -0.1362081953903698, 0.5491404387027667, 0.11960150679057255, -0.17869723355138492, -0.6727052932803201, 0.33505079517661074, -0.078340964525322], [0.2302694211684657, 0.5751088538484846, -0.5427398224555188, -0.31955535169982324, 0.5472392419625249, -0.7237248465076117, -0.46704640060788033, 0.043286342787033194, 0.2247771238425094, 0.625662743111964, -0.06261976912732911, -0.5427398224555188, -0.01711455181101462], [-0.6387212742626078, -0.20991322196038698, 0.1269255993692059, -0.35410687893508297, -0.12773010403887436, -0.03683759562613528, 0.7928011897465448, -0.2169173707939105, 0.7151246487209988, 0.4569845137250264, 0.048374163585431146, 0.1269255993692059, 0.2003454231530732]], "inverted": false, "swapped": false, "error_lsq": 0.06455788419137357, "error_max": 0.493574129812056, "target": "173.xyz", "model": "2.xyz", "model_rescale": 3.932901565614263, "target_rescale": 3.906235744961057},
{"mapping": [8, 3, 7, 9, 11, 12, 6, 0, 2, 1, 10, 5, 13], "R": [[-0.8385855314072109, -0.07388988451535622, -0.5397356681569165], [0.2664846049732363, 0.8084901260936427, -0.5247186592082886], [0.4751423595373749, -0.5838527219902236, -0.6582976053411276]], "T": [0.043955901149012884, 0.022831246878771416, 0.03852526635101026], "aligned_model": [[-0.01650976268306905, 0.24314371594880896, 0.5468086918822094, -0.09120046956904843, -0.6186875576768546, -0.49641605829410224, -0.18341177959934923, 0.5527908088738337, 0.30002175537970915, -0.0816588041133377, -0.6297698444295008, 0.05102978057817221, -0.02829842331293738], [0.1313251587400685, 0.4189616583195415, -0.3411165842659693, -0.5246559835450457, 0.46642528713075343, -0.510978760449389, -0.3236399003954029, 0.35836236640597335, 0.04237502195917331, 0.5554791793552301, 0.04600501368520593, -0.6863584606334199, -0.06138083425043324], [-0.6849107709862845, -0.2146355316574242, -0.3142120217318032, -0.43241361223731073, -0.3637640229615967, 0.11710536359867593, 0.5816218899267666, 0.31683486671093797, 0.8311463437461363, 0.5378004878096365, 0.2808102980345815, 0.15599698483363486, 0.07187441696653786]], "inverted": false, "swapped": false, "error_lsq": 0.05799945766379379, "error_max": 0.4258147368441916, "target": "173.xyz", "model": "3.xyz", "model_rescale": 3.9243930471874484, "target_rescale": 3.906235744961057},
{"mapping": [2, 7, 0, 3, 4, 6, 11, 1, 9, 8, 10, 5, 12], "R": [[0.4805017866084321, -0.05339852360379363, 0.8753665693542562], [-0.5192278955508609, -0.821724477859601, 0.23488566360719043], [0.7067675894860551, -0.5673777226533493, -0.4225660827477401]], "T": [-0.10262657739399089, -0.010872758169603612, 0.16050521963014985], "aligned_model": [[0.14934133350759538, 0.27653539395353416, 0.4050731473652018, -0.37493860492285985, -0.304085967886442, -0.3383222419046255, -0.2845226593664734, 0.6073724946979757, 0.11187015850485652, -0.23383771507841605, -0.7895161462749372, 0.34109047088068195, -0.018217610491557706], [0.1587713328561806, 0.5895366137787417, -0.35022497966194854, -0.28123939662525715, 0.3782614814309726, -0.6926171853209715, -0.3861448219037069, 0.06505474678814227, 0.1870062937374272, 0.5610764537541539, 0.05588571969257295, -0.6242458299340258, -0.09031726653599575], [-0.7106707353694721, -0.21187032262877525, -0.4314436063744652, -0.39239749408898195, -0.2399394419561519, 0.12602907547721398, 0.8329773565483457, 0.14328222331932683, 0.8027843045161432, 0.388527379175179, 0.30491347879487174, 0.13788320204612914, 0.13317927259312465]], "inverted": true, "swapped": false, "error_lsq": 0.048359143713770224, "error_max": 0.23210578236517218, "target": "173.xyz", "model": "4.xyz", "model_rescale": 3.8936222436046832, "target_rescale": 3.906235744961057},
{"mapping": [5, 10, 6, 11, 8, 9, 4, 1, 2, 3, 7, 12], "R": [[-0.48274416948995796, 0.5604800496637397, 0.672919148748483], [-0.8757600032830475, -0.3075690885814035, -0.3720828837757545], [-0.0015759039081175152, -0.768936518626952, 0.639323194361612]], "T": [0.0012116924639999777, -0.021994578109112387, 0.09822495404473874], "aligned_model": [[0.12071629893949852, -0.5179042792339257, -0.3680135627312849, 0.2907408214403371, -0.531220142238879, -0.7592113404464838, -0.3410497566226152, -0.08303569710328652, 0.7196451303384048, 0.38829706459708846, 0.23565943161642922, -0.12707592634018522], [-0.6732443911806697, -0.5542344788834661, 0.014247358154776554, 0.0740351127228071, 0.5144530631311162, 0.08851802228292678, -0.4321396149885927, 0.27327316987724964, 0.10988635076821988, -0.40309069033525, 0.6679137405916423, -0.010694737030953035], [-0.3896056895277481, -0.20551438438201025, -0.5770059365276151, -0.5408440538033429, -0.20680433652992142, 0.3351793092114368, 0.5940069003273718, 0.5029770187559048, -0.04239596260547662, 0.12113438774054872, -0.01542454521182833, 0.04358201182819864]], "inverted": true, "swapped": true, "error_lsq": 0.047900185086462495, "error_max": 0.26989536148048443, "target": "173.xyz", "model": "5.xyz", "model_rescale": 3.6523030999806103, "target_rescale": 3.906235744961057},
{"mapping": [2, 1, 10, 4, 3, 11, 9, 6, 8, 5, 7, 10, 12], "R": [[0.6551525486507703, -0.736994308616185, -0.1661761928308376], [0.32173145425744654, 0.47118132785045913, -0.8212655037358302], [0.683567121311279, 0.4845900797090565, 0.545809898508429]], "T": [-0.04016411556677904, 0.06214084810492605, 0.1043289369788131], "aligned_model": [[0.2301019234774043, 0.17415302019554943, 0.3599638916328023, -0.13300649889730878, -0.5669233312436871, -0.6206759510778396, -0.07148099818788585, 0.6098730116629317, 0.2749003067292062, -0.24305324906201733, -0.6979096251354633, 0.3599638916328023, -0.12806433874196074], [0.1406417308305023, 0.6585366272171269, -0.5977068376082408, -0.24948443659982256, 0.2834335351249792, -0.5944576553110154, -0.44875914226803093, 0.06709486881035522, 0.19886130084611042, 0.5669982234226691, 0.023216415539154364, -0.5977068376082408, 0.12013536966073822], [-0.6006572428572112, -0.17984549179553141, -0.010438877239558664, -0.3683248218310674, -0.29088616688093716, 0.02399577269092948, 0.614880920502969, 0.11151593732002804, 0.6837640328023518, 0.5140343922556194, 0.2850878728266667, -0.010438877239558664, 0.11056724149778815]], "inverted": true, "swapped": false, "error_lsq": 0.05454917910853209, "error_max": 0.37183321750142245, "target": "173.xyz", "model": "6.xyz", "model_rescale": 4.08911054899281, "target_rescale": 3.906235744961057},
{"mapping": [3, 6, 9, 8, 4, 10, 12, 1, 13, 7, 5, 11, 14], "R": [[0.4176142236622077, -0.893597944550609, 0.1645632817184262], [0.4553188344055954, 0.04907689107460647, -0.8889748128029167], [0.7863098112261739, 0.44617728792194006, 0.42736718230589577]], "T": [0.004737890645806854, 0.018309472607749885, 0.08802395133993327], "aligned_model": [[0.07924840769810801, 0.03613096850779041, 0.48997750267742757, -0.1866316410289598, -0.5211949653310877, -0.43380816303746317, -0.2586407491236064, 0.7354176849289134, 0.26541989831415647, -0.2228252021482902, -0.7290543711838755, 0.17149788418541018, 0.12230479852601076], [0.28161651979881075, 0.48489531834609423, -0.36606313908155946, -0.36917329109654906, 0.16635645636205354, -0.5518439252943088, -0.269378507806566, -0.003807807188598869, 0.024319094314673537, 0.6235316261170661, 0.1413236818126502, -0.5091983293735939, -0.08177453485388654], [-0.654652975737983, -0.08648991536543965, -0.3929724334763477, -0.43959691961158864, -0.35731435973098136, 0.13135246575654197, 0.6845717164430662, 0.1477225527992827, 0.7720585247911306, 0.513711804393061, 0.25208994536642204, 0.2841302652633747, 0.028644021161949182]], "inverted": false, "swapped": false, "error_lsq": 0.049095107118724994, "error_max": 0.3043880210687395, "target": "173.xyz", "model": "7.xyz", "model_rescale": 3.964800864290218, "target_rescale": 3.906235744961057},
{"mapping": [8, 9, 7, 1, 5, 0, 6, 12, 11, 10, 3, 2, 13], "R": [[-0.8462171499564445, -0.4132122869650366, -0.33641067316706347], [0.29791420022682985, 0.15654740972612996, -0.9416687516378822], [0.44177331791632785, -0.8970777638583868, -0.0093712948964213]], "T": [-0.041011260858025894, -0.11753863885634734, 0.1297223569423347], "aligned_model": [[0.12217813560691634, 0.31889858670276827, 0.408525751930359, -0.16837043105448155, -0.5468815288698852, -0.5004165651201274, -0.19973195780503497, 0.7030667868217441, 0.3155504457872318, -0.28756092448895, -0.7392866757321377, 0.1578905877640446, -0.036020158557913066], [0.3459637840685448, 0.467394065848231, -0.3336275154098005, -0.4606778060385988, 0.39542011418168715, -0.6666928418561381, -0.1812384183379438, 0.009342971192398283, 0.27802193371299033, 0.6623516270865046, -0.1427356002906056, -0.7491284562965366, -0.05359069580444761], [-0.4615409568455606, 0.08308160883119657, -0.37828870250900715, -0.5253769064405025, -0.294588039573771, 0.15286971675406413, 0.6840290424812971, 0.09932740208022794, 0.7649616089383988, 0.2079428750836609, 0.32398829276041496, 0.14160027236059342, 0.08524847813147556]], "inverted": true, "swapped": false, "error_lsq": 0.045249461730177104, "error_max": 0.3130906210338122, "target": "173.xyz", "model": "8.xyz", "model_rescale": 4.121658175737393, "target_rescale": 3.906235744961057},
{"mapping": [10, 5, 11, 3, 0, 2, 6, 7, 9, 4, 1, 8, 12], "R": [[0.30008901153975087, 0.08899446822015358, 0.9497507935133866], [-0.9467128898254955, -0.09429826081708928, 0.3079651640123148], [0.11696704403957109, -0.9915582799982485, 0.05595433830866686]], "T": [0.021027369599898378, -0.05892720736986291, 0.05915457164090051], "aligned_model": [[0.1561535158755989, 0.18739146340383916, 0.4178461281357032, -0.1951999450296625, -0.5728591062001037, -0.49152884970670285, -0.03811335408791172, 0.6826886305532347, 0.30961626364161354, -0.3975441702082365, -0.619233842907322, 0.1676660572180487, -0.05904073770356517], [0.19994439920687407, 0.5167966506822674, -0.3944153211838906, -0.3946291643366003, 0.3634931673254861, -0.5132647049534501, -0.26996009697955475, -0.06746731478340316, 0.3197385276841432, 0.6054622389799315, -0.01771385378923125, -0.7276011381973654, -0.04958022759892099], [-0.6417072167998892, -0.09112162021310116, -0.30555719526155745, -0.62145834034859, -0.2369604803682345, -0.05578024118138148, 0.7165353930820489, 0.19084493815345668, 0.7421761879655497, 0.4732951846703229, 0.31074700983997017, 0.30800313453131123, 0.09423793798258262]], "inverted": false, "swapped": false, "error_lsq": 0.03570665016164702, "error_max": 0.22420670732311984, "target": "173.xyz", "model": "9.xyz", "model_rescale": 3.833441315466971, "target_rescale": 3.906235744961057},
{"mapping": [11, 7, 9, 8, 12, 13, 5, 3, 4, 6, 0, 2, 14], "R": [[-0.4922174594230441, 0.8697819995768346, 0.03465899380027565], [0.39550193589523774, 0.258932504923583, -0.8812106312324642], [-0.7754354849645735, -0.42003955897763057, -0.4714515643749997]], "T": [-0.16459617642752933, 0.05481915978634859, 0.043946289368082384], "aligned_model": [[-0.10662154445730598, 0.363745382508759, 0.4515679519519977, -0.030972827832577543, -0.5187874329341683, -0.4118933630107018, -0.24486186609985866, 0.6674717612743898, 0.21988971856961032, -0.15351603557097016, -0.7824738988423023, 0.1711709853924907, -0.07687677796482889], [0.32628339157993974, 0.2978221526784802, -0.3805659391433552, -0.3620744502289824, 0.5251118032669279, -0.6777714182622273, -0.28104702525993025, -0.03890092797728752, 0.2727965810937198, 0.6257687980904224, -0.19875984251562517, -0.557683716575291, 0.0198237553094944], [-0.5791774495058295, -0.2811978622447912, -0.25386524341898836, -0.6009598131114934, -0.08409058271597698, 0.23847569042909406, 0.6254843588621567, 0.2746004502793562, 0.7077000241513046, 0.41153751484002077, 0.17716705140889494, 0.21350717642544953, 0.0340733766532912]], "inverted": false, "swapped": false, "error_lsq": 0.050424035876876654, "error_max": 0.28236734816165476, "target": "173.xyz", "model": "10.xyz", "model_rescale": 4.2482417240324, "target_rescale": 3.906235744961057},
{"mapping": [10, 5, 0, 2, 9, 1, 4, 7, 11, 8, 6, 12], "R": [[-0.8385603607639355, 0.14424002154264592, 0.5253678116718189], [-0.37359103811669925, -0.8541242326178918, -0.3618031667824156], [0.3965428824154403, -0.49966650021816994, 0.770121504027371]], "T": [0.06663406101416061, 0.033833078714868736, 0.04180870728632293], "aligned_model": [[-0.7009432687992244, -0.26553558871874594, 0.499697912390356, 0.702930234229779, -0.46322810179094975, 0.23354610412437604, -0.3112262231766756, 0.5788438444764622, 0.21247726395562277, -0.18390785774815935, -0.37808888495194126, -0.047799831627893016], [-0.19990624626749381, -0.7105873122645435, -0.0038708411868912385, -0.319802781738441, 0.626876818945791, 0.4658458316108973, 0.1333589683785774, 0.3582190092966465, -0.32574387899541724, 0.5810223001604543, -0.027530543553911768, 0.08825006566497151], [0.007034284653613325, -0.06722345353481113, 0.7063008095557219, -0.11110396193940822, 0.1607574393479295, 0.2506393820871299, 0.6570141948962788, -0.37803691321429905, -0.5505528263049396, -0.507841455437594, -0.5843171025910525, -0.01747810766421245]], "inverted": true, "swapped": true, "error_lsq": 0.0461020145824153, "error_max": 0.2688902390686856, "target": "173.xyz", "model": "11.xyz", "model_rescale": 3.6694154284099745, "target_rescale": 3.906235744961057},
{"mapping": [11, 6, 9, 8, 4, 2, 12, 7, 5, 0, 1, 10, 13], "R": [[0.31409433551520216, 0.4379062850441792, -0.8423673984171456], [-0.3627058449068971, 0.8753156720427666, 0.3197920329631339], [0.8773763265940324, 0.20508671286830443, 0.4337628634833049]], "T": [-0.028381000096553127, -0.017806412848105302, 0.07357905643212478], "aligned_model": [[0.16499826204930135, 0.20187387881971472, 0.47237189851293643, -0.2016964648927918, -0.5165223839696018, -0.4409013954057904, -0.11290163040428546, 0.6939093336148363, 0.3814464394098843, -0.35021825471185547, -0.8440843507898478, 0.2161956623793038, -0.11662894162727037], [0.20101250586307712, 0.49562689375433694, -0.4073761208893015, -0.448404407630062, 0.4195951579774769, -0.5239091849573361, -0.2836103386880973, -0.1271926943990763, 0.3530466605834946, 0.5094295275612264, -0.08367765217370515, -0.5879490911142553, 0.05421190616850727], [-0.6044706398977744, 0.016800857621247195, -0.41852687119015086, -0.5240370141878945, -0.27004356351614134, 0.07427253287714036, 0.6932346352232149, 0.2095813862102788, 0.6558850414869032, 0.4329965144218991, 0.28982548437719746, 0.21013809091946473, 0.1175982377071034]], "inverted": true, "swapped": false, "error_lsq": 0.037491559479671005, "error_max": 0.23118566519089484, "target": "173.xyz", "model": "12.xyz", "model_rescale": 3.9764082729961374, "target_rescale": 3.906235744961057},
{"mapping": [7, 0, 8, 3, 4, 14, 13, 1, 12, 5, 6, 11, 15], "R": [[-0.6035860569246322, -0.7870499657286794, -0.12742143984690993], [0.3629641493327447, -0.12895095214789237, -0.9228372978154433], [0.7098879476264773, -0.603261140292193, 0.36350391803669924]], "T": [0.046357163163422, 0.026793027951992975, 0.1356676538942262], "aligned_model": [[0.03130435600365448, 0.16600624386168833, 0.47423856767558936, -0.1013228990265986, -0.4424349909482271, -0.46754046114627856, -0.17071904634494456, 0.6688822046153108, 0.30058112882975, -0.32245500073258393, -0.687609389521055, 0.12477650564006104, -0.025865165921832835], [0.22067364536891867, 0.6500304525064143, -0.4014982012212822, -0.5131815819766792, 0.41102753738188635, -0.5851880672510544, -0.3009415979660244, 0.08274826738778601, 0.05096591009017159, 0.7272639113004593, -0.01829241987208017, -0.7633917956977455, 0.01058710200551527], [-0.5945497234049127, -0.21698960694849784, -0.22921172800407885, -0.49287149936318353, -0.22392905579774403, 0.1216530037739493, 0.6046543066112902, 0.2481583744270901, 0.72047478620221, 0.4116061165595157, 0.34283716814330534, 0.13392124369789665, 0.0575013061556479]], "inverted": false, "swapped": false, "error_lsq": 0.043149588298322356, "error_max": 0.24215322889203927, "target": "173.xyz", "model": "13.xyz", "model_rescale": 4.170626492500431, "target_rescale": 3.906235744961057},
{"mapping": [7, 10, 1, 0, 8, 2, 6, 9, 11, 12, 4, 3, 13], "R": [[-0.34942042819966, -0.671085447971344, 0.653872836167604], [0.5699560986923766, 0.40166129196867406, 0.7168111690657598], [-0.7436769526616593, 0.6231472763762639, 0.2421405831840504]], "T": [-0.08472310031479865, -0.06693475826118869, 0.08689294897211672], "aligned_model": [[0.06248280997645908, 0.1655264559658626, 0.4487363666706625, -0.18669745830547188, -0.4442680630478255, -0.45829236320979994, -0.20564678912287648, 0.7079044945473583, 0.341454642219303, -0.3116622375159388, -0.7823302706221996, 0.2740435802386696, -0.06340911480966918], [0.21627657279000537, 0.4283985719232547, -0.3567096636303586, -0.35007351613512105, 0.46680147134567773, -0.6085416434083262, -0.3646542488088933, 0.09981368666233884, 0.057911296289809316, 0.5779032819018161, 0.054960744275416556, -0.5985719545847142, -0.05271143656461942], [-0.658460366461806, -0.01483392340952329, -0.38455797233064426, -0.4281721737355648, -0.2837947225025036, 0.08055615028152802, 0.8642151688160817, 0.07130800615875535, 0.6368435336274397, 0.3484051879807527, 0.12624841860556996, 0.34011610123073255, 0.18538128379167002]], "inverted": false, "swapped": false, "error_lsq": 0.04105398996389907, "error_max": 0.279836153691221, "target": "173.xyz", "model": "14.xyz", "model_rescale": 3.9786697098870705, "target_rescale": 3.906235744961057},
{"mapping": [7, 8, 0, 2, 1, 4, 6, 10, 3, 11, 9, 12], "R": [[0.1159547321197173, 0.31007131336930194, 0.9436155365001578], [0.6049733343482999, -0.7755187389419526, 0.18049362946481998], [0.7877574276555853, 0.5499331470054517, -0.27750994396261836]], "T": [0.116688314639454, 0.003981371929228447, -0.035221291914153637], "aligned_model": [[-0.12634980628717107, -0.6893389702275785, 0.7436166218171851, 0.5339640438668494, 0.03905502160966995, 0.2646007903099863, -0.42735650612698234, -0.09318231925104514, 0.6252846696795793, 0.04896890237272536, -0.42990358198563555, -0.006004269010246185], [-0.4659906108379731, -0.08285376429402065, 0.27218406328173284, -0.5780726922372461, 0.2368188580511077, 0.7105346712303845, -0.265465362403747, 0.2930687448745779, -0.07741801122657929, -0.6599060938095075, 0.5930355717385982, 0.03873911585711187], [-0.5489471394999808, -0.119377537509644, -0.44209209810904976, -0.236237357048674, -0.4800411165708198, 0.06510778590080965, 0.43911109466283765, 0.6840846913711593, 0.1388420939178582, 0.20168697910281455, -0.06447942735346454, 0.02230852500998349]], "inverted": true, "swapped": true, "error_lsq": 0.04773789833214299, "error_max": 0.2540471457202012, "target": "173.xyz", "model": "15.xyz", "model_rescale": 3.769337070930944, "target_rescale": 3.906235744961057},
{"mapping": [8, 9, 11, 6, 7, 1, 2, 4, 5, 10, 12], "R": [[0.40629207394895434, -0.007661598826532022, -0.9137111417453979], [0.24366172529683602, -0.9628474504333774, 0.11642057730192644], [-0.8806564110205674, -0.2699371910229598, -0.389330449144435]], "T": [0.17769747406569014, 0.010480656724467727, 0.009530860814174896], "aligned_model": [[-0.4257361919980207, -0.30359839954474516, 0.045079588492761336, -0.5137320351320632, 0.3123474596008572, 0.3473059745586322, 0.6837957748481611, 0.18013911694327545, -0.016060288404715684, -0.42854085271444553, 0.04162598404147383], [-0.07050048798872481, -0.6270969543883116, 0.6947815079527992, 0.34520980102482224, 0.2115636103241918, -0.3795736107533416, 0.5357346147216298, -0.575266912860299, 0.5026453117164255, -0.02169844373583995, -0.019733938388009332], [-0.5323293272118602, -0.08240749957986335, -0.1153805328749042, -0.049283732339388625, -0.6870970645910922, -0.2683099650568209, -0.13636710288149106, 0.443184423203708, 0.63930724069997, 0.5353234876096458, -0.0024223197541261426]], "inverted": false, "swapped": true, "error_lsq": 0.046352932222675246, "error_max": 0.20706258870840233, "target": "173.xyz", "model": "16.xyz", "model_rescale": 3.7852294659196426, "target_rescale": 3.906235744961057},
{"mapping": [3, 0, 1, 2, 8, 7, 6, 4, 10, 9, 11, 5, 12], "R": [[0.8310881573418049, 0.1997446708051638, 0.5190323122996685], [-0.5165209108397323, -0.06871891499996839, 0.8535126591835185], [0.20615194248780977, -0.9774353058930112, 0.04606082285781385]], "T": [-0.026861841364242103, -0.025543759118388805, 0.00016988591784758422], "aligned_model": [[0.18476398945695324, 0.345617840728612, 0.28126238939227144, -0.37528228492537535, -0.4426384264074106, -0.31705787700790733, -0.15094080208613375, 0.661549447177582, 0.07218684153101274, -0.2995497096727249, -0.7271684938236267, 0.3780627151062771, -0.062963576484996], [0.1747571934388204, 0.5406224105589849, -0.48852741441981207, -0.3103991473295076, 0.4388228201508263, -0.6455575941136642, -0.47132369125168294, -0.005182261729718647, 0.16847613950232831, 0.7097513775174864, -0.06060511813140013, -0.4988225145967801, 0.018790962460405104], [-0.7398229568154249, -0.0802161233099987, -0.4059824840020009, -0.4140131935844723, -0.18877302249662092, 0.15115369461127517, 0.7573210594066008, 0.16588648835064881, 0.7759280393619878, 0.3638238066018503, 0.21528234036566662, 0.21053227262317425, 0.07213477093980226]], "inverted": true, "swapped": false, "error_lsq": 0.044323676019690714, "error_max": 0.2545851390618441, "target": "173.xyz", "model": "17.xyz", "model_rescale": 3.901054581598922, "target_rescale": 3.906235744961057},
{"mapping": [5, 9, 2, 8, 10, 1, 7, 3, 12, 11, 6, 0, 14], "R": [[-0.1553500233204506, 0.9188258537710055, -0.36280217846137375], [0.15382662838686623, 0.38528111621567884, 0.9098878117035802], [0.975809273707452, 0.08554245688302164, -0.20119331354931247]], "T": [-0.07200927789629713, -0.03534886265071227, -0.015139005475435077], "aligned_model": [[0.19474439195672988, 0.08183953909329131, 0.5764831959905548, -0.1450803920312776, -0.5998537236745665, -0.43432030010517886, -0.12363471539554574, 0.5800092415489675, 0.2668930613421436, -0.3398790863360943, -0.6416707751013713, 0.18711387191488588, -0.05480225621800475], [0.19557786431956534, 0.5938434487555694, -0.37952276462580814, -0.3627154660271086, 0.5168511156747099, -0.6009163538507499, -0.2473405048712114, -0.24019567993368085, 0.273202106691533, 0.5442396654262592, -0.021349948809973235, -0.7089532717193184, 0.008082951026499571], [-0.5305042869858969, -0.13612329417615365, -0.39558603003924503, -0.5877732442463515, -0.3133154182369006, 0.17073645153674488, 0.6110170306919976, 0.32591160845484096, 0.5695973520857182, 0.4634567454194848, 0.4737531649297512, 0.2185633946293784, 0.01352121798911977]], "inverted": false, "swapped": false, "error_lsq": 0.050643132213058904, "error_max": 0.31176941332179614, "target": "173.xyz", "model": "18.xyz", "model_rescale": 3.9405287249114394, "target_rescale": 3.906235744961057},
{"mapping": [14, 11, 3, 12, 13, 4, 8, 2, 5, 9, 7, 1, 15], "R": [[-0.7951232605220697, 0.577624634540101, 0.18473976872662667], [-0.6063422766766835, -0.7515168508027068, -0.2599451220433235], [-0.011315656909301808, -0.3187039449583215, 0.9477867647191082]], "T": [-0.061682175864865234, -0.11547906617604224, 0.03804718870477916], "aligned_model": [[0.09717717851332136, 0.10397040071659219, 0.4945320993837288, -0.18042039039958527, -0.424111639202007, -0.6517034661454659, -0.1807074551330666, 0.7344813654568714, 0.24827149882534777, -0.3329350589098363, -0.6681497258403729, 0.331558525088929, -0.024121279369922817], [0.20484839087302625, 0.5820531895346356, -0.43015673412729866, -0.41217467071458574, 0.3319220197379783, -0.5463869054208894, -0.21034526566422596, -0.013264305070038632, 0.25986997099025516, 0.5008797599373851, 0.05196007784702823, -0.64438528164273, -0.10401708422425408], [-0.6488974872795452, -0.03421053070923391, -0.5250089720610943, -0.4069382232651052, -0.3080842860271116, 0.06734462390020746, 0.7790637489959455, 0.3712153761043574, 0.7120683030648819, 0.40619596008450853, 0.3539376646879421, 0.07180204514815011, 0.04476646940858557]], "inverted": true, "swapped": false, "error_lsq": 0.04461068727493554, "error_max": 0.20926536233204843, "target": "173.xyz", "model": "19.xyz", "model_rescale": 4.410303926677745, "target_rescale": 3.906235744961057},
{"mapping": [8, 9, 7, 1, 5, 0, 6, 12, 11, 10, 3, 2, 13], "R": [[-0.8462171499564445, -0.4132122869650366, -0.33641067316706347], [0.29791420022682985, 0.15654740972612996, -0.9416687516378822], [0.44177331791632785, -0.8970777638583868, -0.0093712948964213]], "T": [-0.041011260858025894, -0.11753863885634734, 0.1297223569423347], "aligned_model": [[0.12217813560691634, 0.31889858670276827, 0.408525751930359, -0.16837043105448155, -0.5468815288698852, -0.5004165651201274, -0.19973195780503497, 0.7030667868217441, 0.3155504457872318, -0.28756092448895, -0.7392866757321377, 0.1578905877640446, -0.036020158557913066], [0.3459637840685448, 0.467394065848231, -0.3336275154098005, -0.4606778060385988, 0.39542011418168715, -0.6666928418561381, -0.1812384183379438, 0.009342971192398283, 0.27802193371299033, 0.6623516270865046, -0.1427356002906056, -0.7491284562965366, -0.05359069580444761], [-0.4615409568455606, 0.08308160883119657, -0.37828870250900715, -0.5253769064405025, -0.294588039573771, 0.15286971675406413, 0.6840290424812971, 0.09932740208022794, 0.7649616089383988, 0.2079428750836609, 0.32398829276041496, 0.14160027236059342, 0.08524847813147556]], "inverted": true, "swapped": false, "error_lsq": 0.045249461730177104, "error_max": 0.3130906210338122, "target": "173.xyz", "model": "20.xyz", "model_rescale": 4.121658175737393, "target_rescale": 3.906235744961057},
{"mapping": [2, 1, 10, 4, 3, 11, 9, 6, 8, 5, 7, 10, 12], "R": [[0.6551525486507703, -0.736994308616185, -0.1661761928308376], [0.32173145425744654, 0.47118132785045913, -0.8212655037358302], [0.683567121311279, 0.4845900797090565, 0.545809898508429]], "T": [-0.04016411556677904, 0.06214084810492605, 0.1043289369788131], "aligned_model": [[0.2301019234774043, 0.17415302019554943, 0.3599638916328023, -0.13300649889730878, -0.5669233312436871, -0.6206759510778396, -0.07148099818788585, 0.6098730116629317, 0.2749003067292062, -0.24305324906201733, -0.6979096251354633, 0.3599638916328023, -0.12806433874196074], [0.1406417308305023, 0.6585366272171269, -0.5977068376082408, -0.24948443659982256, 0.2834335351249792, -0.5944576553110154, -0.44875914226803093, 0.06709486881035522, 0.19886130084611042, 0.5669982234226691, 0.023216415539154364, -0.5977068376082408, 0.12013536966073822], [-0.6006572428572112, -0.17984549179553141, -0.010438877239558664, -0.3683248218310674, -0.29088616688093716, 0.02399577269092948, 0.614880920502969, 0.11151593732002804, 0.6837640328023518, 0.5140343922556194, 0.2850878728266667, -0.010438877239558664, 0.11056724149778815]], "inverted": true, "swapped": false, "error_lsq": 0.05454917910853209, "error_max": 0.37183321750142245, "target": "173.xyz", "model": "21.xyz", "model_rescale": 4.08911054899281, "target_rescale": 3.906235744961057},
{"mapping": [10, 9, 8, 6, 12, 0, 2, 11, 15, 14, 4, 1, 16], "R": [[0.7048342600906836, -0.6362826857801762, -0.31361283388723815], [-0.6981419448887665, -0.543849493631311, -0.46564530821634753], [0.12572386642698058, 0.5471490400734816, -0.8275393871939379]], "T": [-0.082603326389738, 0.007845936874896105, 0.03814797959798339], "aligned_model": [[-0.04519837956151068, 0.189667586236216, 0.412582389373761, -0.07696670048023269, -0.4480573507040561, -0.49250342592955715, -0.19707068154068938, 0.6572334418227718, 0.27180998101146325, -0.18960388360372654, -0.630865315745427, 0.2225074824139085, -0.12569309030838685], [0.310198511815711, 0.63598575318172, -0.426633774850389, -0.4548039547333401, 0.6083131771573583, -0.6386233343415199, -0.2119890608301043, -0.08894676462312895, 0.17298292814197183, 0.5592666285984922, -0.25392752220478193, -0.6288396814285796, -0.01217974382712414], [-0.7090596218049822, -0.15897262528739672, -0.17814003454745547, -0.5462212827649614, -0.18735580195372037, -0.08075865583266334, 0.7162509421059208, 0.20892783671243015, 0.6534755342762806, 0.3484843897113155, 0.3804572447617552, 0.40082855401953255, 0.035338212656433214]], "inverted": true, "swapped": false, "error_lsq": 0.042231210897692516, "error_max": 0.20178077465550623, "target": "173.xyz", "model": "22.xyz", "model_rescale": 4.204369325754507, "target_rescale": 3.906235744961057},
{"mapping": [14, 11, 3, 12, 13, 4, 8, 2, 5, 9, 7, 1, 15], "R": [[-0.7951232605220697, 0.577624634540101, 0.18473976872662667], [-0.6063422766766835, -0.7515168508027068, -0.2599451220433235], [-0.011315656909301808, -0.3187039449583215, 0.9477867647191082]], "T": [-0.061682175864865234, -0.11547906617604224, 0.03804718870477916], "aligned_model": [[0.09717717851332136, 0.10397040071659219, 0.4945320993837288, -0.18042039039958527, -0.424111639202007, -0.6517034661454659, -0.1807074551330666, 0.7344813654568714, 0.24827149882534777, -0.3329350589098363, -0.6681497258403729, 0.331558525088929, -0.024121279369922817], [0.20484839087302625, 0.5820531895346356, -0.43015673412729866, -0.41217467071458574, 0.3319220197379783, -0.5463869054208894, -0.21034526566422596, -0.013264305070038632, 0.25986997099025516, 0.5008797599373851, 0.05196007784702823, -0.64438528164273, -0.10401708422425408], [-0.6488974872795452, -0.03421053070923391, -0.5250089720610943, -0.4069382232651052, -0.3080842860271116, 0.06734462390020746, 0.7790637489959455, 0.3712153761043574, 0.7120683030648819, 0.40619596008450853, 0.3539376646879421, 0.07180204514815011, 0.04476646940858557]], "inverted": true, "swapped": false, "error_lsq": 0.04461068727493554, "error_max": 0.20926536233204843, "target": "173.xyz", "model": "23.xyz", "model_rescale": 4.410303926677745, "target_rescale": 3.906235744961057},
{"mapping": [1, 7, 3, 10, 11, 8, 5, 0, 12, 13, 15, 4, 16], "R": [[0.3607216684779613, 0.06906002399032293, 0.9301132140642514], [-0.37141396972510127, -0.9041331991565841, 0.21117485947887457], [0.8555299766714883, -0.42163238878119513, -0.30049057846652316]], "T": [-0.17010378236769413, 0.036564325393878036, 0.10277794919549499], "aligned_model": [[0.2899788627996916, 0.17420731220334856, 0.4784974552346794, -0.3018137548348291, -0.4579146632898632, -0.5050313005611591, -0.021527399570527517, 0.5759655606565306, 0.31336607199383826, -0.21838821474121978, -0.7127938787634673, 0.009889641415999767, -0.07659363955848805], [0.19904595581741363, 0.5799794146754744, -0.4514369054868573, -0.32022907953911295, 0.35982786500481684, -0.7021277610335751, -0.2754156526364857, 0.0793114307335179, 0.28510269887423006, 0.6487233220211238, -0.19627291476339032, -0.627476294957036, -0.008228916653833643], [-0.6030967060805166, -0.06479534097529238, -0.28506508332361313, -0.425554233833936, -0.35916043131837266, -0.030879172802086297, 0.62832108273547, 0.21204382433797067, 0.6949446585055316, 0.44500097628138086, 0.5035128612067172, 0.1259467840765837, 0.04203547324265078]], "inverted": true, "swapped": false, "error_lsq": 0.043391125849963255, "error_max": 0.25630732970069803, "target": "173.xyz", "model": "24.xyz", "model_rescale": 4.28219845311461, "target_rescale": 3.906235744961057},
{"mapping": [5, 1, 10, 11, 9, 12, 2, 6, 0, 4, 13, 14, 15], "R": [[0.8867991957097261, -0.3544610748691776, 0.29655443495447936], [-0.004769834465222306, 0.6346235897434576, 0.7728066692390163], [-0.46213032270968496, -0.6867388482849321, 0.5610929683114264]], "T": [-0.13558934506379952, 0.05915499173021557, 0.05373013005946538], "aligned_model": [[0.12249738571956256, 0.19751456535009468, 0.4007133851474213, -0.14461651361567787, -0.6158365387819211, -0.5577991467901795, -0.02038557946399197, 0.6899249760732012, 0.3658893554208661, -0.261067265080393, -0.5849334134375603, 0.05077651042720463, -0.09483566798409297], [0.3049378587153752, 0.587022395878181, -0.4382346047400715, -0.30008118598810496, 0.16725003679086914, -0.5499070612977411, -0.20064025362378288, -0.1662813814280952, 0.3616690172804633, 0.5703240941736417, -0.18506301538996522, -0.6678327695426921, 0.0876400312282081], [-0.7197443055906427, -0.08866083647890814, -0.2539836813286389, -0.35534804107028545, -0.4094672123747004, -0.1338923609179376, 0.6766382671639662, 0.33639898617199393, 0.6216725121207105, 0.5612830960848876, 0.3559947991039452, 0.18373469829128186, 0.10862877087681562]], "inverted": true, "swapped": false, "error_lsq": 0.04978221354636972, "error_max": 0.340119127022081, "target": "173.xyz", "model": "25.xyz", "model_rescale": 4.100010024507729, "target_rescale": 3.906235744961057},
{"mapping": [10, 5, 0, 2, 9, 1, 4, 7, 11, 8, 6, 12], "R": [[-0.8385603607639355, 0.14424002154264592, 0.5253678116718189], [-0.37359103811669925, -0.8541242326178918, -0.3618031667824156], [0.3965428824154403, -0.49966650021816994, 0.770121504027371]], "T": [0.06663406101416061, 0.033833078714868736, 0.04180870728632293], "aligned_model": [[-0.7009432687992244, -0.26553558871874594, 0.499697912390356, 0.702930234229779, -0.46322810179094975, 0.23354610412437604, -0.3112262231766756, 0.5788438444764622, 0.21247726395562277, -0.18390785774815935, -0.37808888495194126, -0.047799831627893016], [-0.19990624626749381, -0.7105873122645435, -0.0038708411868912385, -0.319802781738441, 0.626876818945791, 0.4658458316108973, 0.1333589683785774, 0.3582190092966465, -0.32574387899541724, 0.5810223001604543, -0.027530543553911768, 0.08825006566497151], [0.007034284653613325, -0.06722345353481113, 0.7063008095557219, -0.11110396193940822, 0.1607574393479295, 0.2506393820871299, 0.6570141948962788, -0.37803691321429905, -0.5505528263049396, -0.507841455437594, -0.5843171025910525, -0.01747810766421245]], "inverted": true, "swapped": true, "error_lsq": 0.0461020145824153, "error_max": 0.2688902390686856, "target": "173.xyz", "model": "26.xyz", "model_rescale": 3.6694154284099745, "target_rescale": 3.906235744961057},
{"mapping": [4, 10, 5, 0, 2, 1, 3, 8, 9, 11, 6, 7, 13], "R": [[-0.09066670468120322, 0.9946188102416272, 0.05012954194665853], [-0.2239524098591851, -0.0694107319664958, 0.9721252328821319], [0.9703735707347534, 0.07691275967877886, 0.2290405217818004]], "T": [0.0012102425307321668, -0.0113528088642306, 0.09816584749880151], "aligned_model": [[0.25676032217584155, 0.253845643144126, 0.20318068981407567, -0.23937276932292068, -0.5043946286936686, -0.44886161642142647, -0.1540295659914802, 0.6308925197689232, 0.28029718848391355, -0.3051778796639329, -0.6417340045809141, 0.2572769207238233, -0.04084076645182654], [0.3148091634823761, 0.5265895257761262, -0.662123851167764, -0.18238052285708686, 0.3470075353306704, -0.7496793776559082, -0.3527173822227072, 0.0369850957247721, 0.23670313433963805, 0.7470708834107881, -0.2133794333894571, -0.49605195962521503, 0.017970350910052658], [-0.6116532102034244, 0.004977227747089474, -0.30393300681999563, -0.49327534026794884, -0.18124643588536193, -0.08059615431200202, 0.8138487732692259, 0.0005909063401218356, 0.6686413168312857, 0.35719343448356033, 0.22854364427943863, 0.4073989542147225, 0.07276458237577717]], "inverted": false, "swapped": false, "error_lsq": 0.04878790238937302, "error_max": 0.32481005759945764, "target": "173.xyz", "model": "27.xyz", "model_rescale": 4.103607728864725, "target_rescale": 3.906235744961057},
{"mapping": [9, 10, 3, 0, 6, 1, 8, 12, 13, 11, 7, 2, 14], "R": [[-0.11732181580412873, 0.9470905193059386, 0.2987559870148715], [0.25785147069256886, 0.31956711888347733, -0.9118056128310426], [-0.9590350413817537, -0.02994001952773967, -0.2817008779407284]], "T": [-0.009053339014447163, 0.07659622360964814, 0.065980745758427], "aligned_model": [[-0.1938256133828807, 0.24301639000439956, 0.4998818298109713, -0.08274872805390604, -0.4192639553831218, -0.41629357900628194, -0.4517981126306753, 0.7972844351158547, 0.22334264632205186, -0.24212592694326607, -0.7002101943476275, 0.32652484621864986, -0.03594198473963395], [0.27259989148107144, 0.4370979323276639, -0.29967007214534347, -0.46330903816476343, 0.5152028896877916, -0.7210605877412591, -0.11198417423018799, -0.13388706612140816, 0.1415737918081042, 0.5921845984556731, -0.01775015902961312, -0.5654641202043981, -0.07473072406704555], [-0.7070429892320691, -0.1914578799944084, -0.33767693245204494, -0.3952816946421261, -0.13556008271589887, 0.03841572604566501, 0.7298289782579224, 0.27288602814464, 0.6673479834628051, 0.45573326972598954, 0.24896218463193365, 0.19430261735143076, 0.04279748346864872]], "inverted": true, "swapped": false, "error_lsq": 0.05046107508012835, "error_max": 0.3600544817670105, "target": "173.xyz", "model": "28.xyz", "model_rescale": 4.137296879288765, "target_rescale": 3.906235744961057},
