[{"mapping": [0, 3, 1, 5, 4, 6, 10, 12, 2, 9, 11, 13], "R": [[-0.011851388132051693, -0.6126337163709987, -0.7902780992567123], [0.8719923754731362, -0.39312948285014365, 0.29168220177222964], [-0.48937597173958236, -0.6856596380708414, 0.5388710597206926]], "T": [0.062005798157419, 0.05614072985254996, 0.07424214721954961], "aligned_model": [[-0.21833940749059358, 0.14038887644545767, 0.4721703472410954, -0.12458052377233292, -0.05943116362507716, -0.525299733073504, 0.3963414896927086, -0.16629216676675504, 0.6762091964212357, -0.183249393314408, -0.5178715360068297, -0.05240352329044821], [-0.2976299165716198, -0.6796822524928389, -0.22690948315422627, 0.7295321077084268, 0.31605543958451593, -0.46531174999472574, -0.534408499373777, -0.3933445327047261, 0.11394582997086379, 0.46441773949527787, 0.1078891060170596, -0.08099875250717321], [-0.48870385980474884, -0.1830787963411846, -0.5206205835314053, -0.16569588599445054, -0.69583376330531, 0.017556927862229704, 0.419031553638742, 0.7231936825964607, 0.09721178892649962, 0.3310804964465215, 0.5454135663541897, 0.10239661850601903]], "inverted": true, "swapped": true, "error_lsq": 0.056517917741798325, "error_max": 0.36227180415824156, "target": "174.xyz", "model": "0.xyz", "model_rescale": 3.751011558992144, "target_rescale": 4.090243976464648},
{"mapping": [3, 2, 8, 13, 0, 1, 12, 7, 4, 6, 5, 11, 9, 14], "R": [[0.20183950757970193, -0.689831688789157, -0.6952647368609189], [0.5338463833470318, 0.6726419608800092, -0.5124069002763235], [0.8211387532976856, -0.26774060880971284, 0.5040298743397329]], "T": [0.045146240439606675, -0.010124271422933886, -0.027895758461319902], "aligned_model": [[0.04196903918866256, 0.12012188014434814, -0.10987292987990167, 0.5903023890175666, -0.4970255371798229, -0.6466522794677528, 0.2902577753593699, -0.33400664388351087, -0.2608820596179746, -0.31378083158699294, 0.4987780475056221, 0.30426452451458147, 0.6880167378759487, 0.08195948922486967], [-0.7382812184435361, -0.2614015589273747, 0.39194126279667535, -0.3912638379541507, -0.44040937581205897, 0.05374803987705869, -0.6144563236349305, -0.4261573477661718, 0.718359670465356, 0.06914512232290711, 0.17765419036131558, -0.07075781882899791, 0.04002960798357434, -0.036637401473443014], [0.20271919207446373, 0.7563086028013446, 0.47681268724374676, 0.26371974660077374, 0.2826022463524191, -0.08285651845442345, -0.38381458375119576, -0.37837627645780764, -0.0629927082514891, -0.6825815345796954, 0.3581657391055609, -0.7801671700633247, -0.16351188302149663, -0.05864719895061424]], "inverted": true, "swapped": false, "error_lsq": 0.04335270789207611, "error_max": 0.2715029082685859, "target": "174.xyz", "model": "1.xyz", "model_rescale": 3.9405287249114394, "target_rescale": 4.090243976464648},
{"mapping": [8, 12, 10, 7, 6, 2, 9, 11, 0, 1, 4, 2, 13], "R": [[-0.028968168899840663, 0.5125504442831506, 0.8581683327038674], [-0.2774507031828611, -0.8289167491991472, 0.4857140415928432], [0.9603030524235183, -0.22402916096406572, 0.16621968157775568]], "T": [-0.06683101615743187, -0.011094152580411697, 0.06568021728964066], "aligned_model": [[-0.41468271965351977, 0.23025805172268915, -0.36919098131779543, 0.5222391392543795, 0.49631214631638093, -0.6717941799276379, 0.21819462917747168, 0.5685242799121368, 0.1324264748111279, -0.5547881042197531, -0.03666192885675609, -0.6717941799276379, 0.046940651992845514], [0.5112066058141894, 0.4852462127944237, 0.2312411859015976, -0.38624243924275936, -0.2582313269407369, 0.10229734336040065, 0.2978784460381087, 0.3818750676788331, -0.6703182561122037, -0.5973151480927584, -0.7117017979930466, 0.10229734336040065, -0.029400642994431823], [0.4476865579659297, -0.5179972490892224, -0.5894995418178289, 0.35994204130433405, -0.42609888500638515, 0.11339591290546783, 0.4064183542579981, 0.012417068606502907, -0.14966913850559363, -0.07734730969357143, 0.4941172060680551, 0.11339591290546783, -0.07364058031251]], "inverted": true, "swapped": true, "error_lsq": 0.06286193380872457, "error_max": 0.4882644842674605, "target": "174.xyz", "model": "2.xyz", "model_rescale": 3.932901565614263, "target_rescale": 4.090243976464648},
{"mapping": [0, 2, 6, 1, 4, 7, 3, 7, 12, 9, 10, 8, 11, 13], "R": [[0.7226510096557425, 0.6848865785786111, -0.09330537351310514], [0.50059517619455, -0.4254907142927541, 0.753897951729138], [0.4766340187337489, -0.5915133358881488, -0.6503322117596441]], "T": [0.07955027264481582, -0.1335515161019649, -0.04486260393899099], "aligned_model": [[0.03926978791608366, -0.056254172143061054, -0.05547439804819321, 0.5817494483120278, -0.5974517835160489, -0.5164697636115602, 0.27257509623523224, -0.5164697636115602, -0.01697983867024605, -0.27621816484241424, 0.5076161507377704, 0.19893486506824098, 0.8320741978176058, 0.05654793957113652], [-0.7443879016721524, -0.356972345175253, 0.2518541465513623, -0.3615388508672004, -0.44375088828543907, -0.3092968905690443, -0.5295524304604098, -0.3092968905690443, 0.6189863947889396, 0.31052783658599337, 0.38576102527656986, -0.14399091059264027, 0.12854687852854987, -0.0253761625740085], [0.22754650339146237, 0.7462379832750249, 0.5027897257198471, 0.4496941512044108, 0.4119425733398082, -0.39645359796687635, -0.3029520678587396, -0.39645359796687635, 0.04173093185318078, -0.5096370511636465, 0.20053407224206032, -0.7690345888061699, -0.44824935625254003, -0.010315340362683674]], "inverted": false, "swapped": false, "error_lsq": 0.052520351781852125, "error_max": 0.39554807715426343, "target": "174.xyz", "model": "3.xyz", "model_rescale": 3.9243930471874484, "target_rescale": 4.090243976464648},
{"mapping": [5, 2, 4, 7, 0, 9, 11, 1, 3, 10, 6, 12, 13], "R": [[0.2868777382384242, 0.922029897010166, -0.25992697498072204], [-0.6749886814871086, 0.0020156833532829384, -0.7378253295224514], [-0.6797730821145398, 0.38711342787359115, 0.6229379991559811]], "T": [-0.11670295101934995, -0.08974745615703489, -0.20662032961630666], "aligned_model": [[0.04329083599879076, -0.37140656280766915, 0.5812759254529739, 0.39690199350659244, 0.5653550935257576, -0.33892934777319905, -0.34604702965492184, 0.3306261288923298, 0.22813760011751494, -0.44158696261514835, 0.24624116708717864, -0.5415694218870489, -0.07508353353179843], [-0.725136202234151, 0.22445538369854978, -0.3176346095437226, -0.6127540585100475, 0.06817710344408434, -0.5805387932786803, -0.5057719556180861, 0.42076590356527793, 0.5661867172675579, 0.5589395312503314, -0.012724828899395219, 0.0926894481075824, -0.04882408556771376], [-0.5479761447984356, -0.6730080374810461, -0.5756900158714258, -0.014256193383207744, -0.03194357451735408, -0.15616782549139, 0.3723986966388177, -0.5827677111771605, 0.04760160242335271, 0.023736031118240297, 0.48792468106989967, 0.4727178153509272, -0.03549900851025384]], "inverted": true, "swapped": true, "error_lsq": 0.03531752568944184, "error_max": 0.22007616940931185, "target": "174.xyz", "model": "4.xyz", "model_rescale": 3.8936222436046832, "target_rescale": 4.090243976464648},
{"mapping": [5, 9, 7, 4, 6, 12, 10, 3, 1, 2, 0, 13], "R": [[-0.4487132935338201, -0.07597064582710293, 0.8904408128442031], [0.37813899772507287, -0.9189303245918261, 0.11215149105134029], [0.8097328439710899, 0.3870342614267817, 0.4410637163452878]], "T": [-0.11270273662233819, -0.217673655561054, -0.012670276216522273], "aligned_model": [[0.014462138376743719, -0.42407139155174917, -0.2367425809465924, 0.41329060216970503, -0.5059524881855764, -0.794915384653394, -0.21393277681938805, 0.05694966914482984, 0.5729226007152066, 0.27627283914234324, 0.0916467664151122, -0.2223819515921437], [-0.49606389386280586, -0.5277321244590764, 0.10344958811396882, 0.040522306311713774, 0.4643049465548671, -0.11312843063960945, -0.1216553776234563, 0.40808132919507545, 0.09513056011850463, -0.5597044392032547, 0.4546185229349462, -0.0789000823310661], [-0.6851051302130071, -0.3284541734823427, -0.6878175826961466, -0.5888519774286507, -0.030376461530235703, 0.43336924683646044, 0.7356220802970869, 0.4271503651531461, 0.1724930794955475, 0.3232282099043463, -0.17674287833903457, 0.02476994127834891]], "inverted": false, "swapped": true, "error_lsq": 0.04724896674603038, "error_max": 0.21914782111299308, "target": "174.xyz", "model": "5.xyz", "model_rescale": 3.6523030999806103, "target_rescale": 4.090243976464648},
{"mapping": [5, 4, 0, 7, 6, 8, 1, 9, 2, 10, 3, 12, 13], "R": [[0.20132895454330163, -0.507085065461598, -0.8380521394569123], [0.4441040929299573, -0.7153275651859947, 0.5395164771607409], [-0.8730625445552918, -0.4808026735271792, 0.08118240218024925]], "T": [0.0349577424947498, -0.14786258711647374, -0.012127124294039858], "aligned_model": [[0.07962666911505224, -0.036982881326937125, 0.23924227401631165, 0.5498460803383536, 0.6615309595794492, -0.34944987325528715, -0.4466303442923887, 0.27172347219903414, -0.5640583951435605, -0.14269334442168824, 0.0027871241602912405, 0.44655051821871483, 0.1695906454769493], [-0.5674503964860707, 0.07251200428839727, 0.463572795041292, -0.12155829634300233, 0.31861386289242233, -0.7594219822839754, 0.418606813688181, -0.6282371266775919, -0.2126073905225039, 0.1432131768763216, 0.6043861100166047, -0.1410752275716185, -0.049727438755273065], [0.5943309701424387, 0.7762757461345183, 0.31201777394192776, 0.5433258349154692, -0.1114217115892483, -0.14611826317018398, 0.21013259194216677, 0.06525797866103816, -0.14667312296902826, -0.6926588814417182, -0.2286459116592988, -0.7233516851993868, -0.08236158022690557]], "inverted": false, "swapped": true, "error_lsq": 0.0619642352431089, "error_max": 0.3517642622161908, "target": "174.xyz", "model": "6.xyz", "model_rescale": 4.08911054899281, "target_rescale": 4.090243976464648},
{"mapping": [12, 10, 8, 11, 5, 4, 13, 7, 3, 6, 9, 2, 1, 14], "R": [[-0.31507557845048295, 0.6930903614952434, -0.6483464588215829], [0.5814518351703278, 0.680889575717843, 0.4453124173609285], [0.7500940895922003, -0.2366751708168153, -0.6175303395604784]], "T": [0.033286719545732375, -0.10820900883595362, -0.023407845822931643], "aligned_model": [[0.07034370612729252, -0.06726205479364716, -0.0636610261334028, 0.46488443581288746, -0.6180938518105775, -0.5828982697256914, 0.4015158826159876, -0.3526918510788277, -0.18586676441434397, -0.19527065864172935, 0.5252107652390516, 0.20606730141332338, 0.6831282602942488, 0.16804372631044207], [-0.7808164306287774, -0.33334054318804623, 0.29991718659461974, -0.2975595171924686, -0.4667816197957477, 0.17616210798063325, -0.6821442237280858, -0.5205594704027721, 0.6458172703660947, 0.11257516766005339, 0.4536645243839359, -0.15473383599288848, 0.046442667358028863, -0.027130272448356973], [0.2094611171281272, 0.6537041351086601, 0.5143496427312335, 0.3264504958744793, 0.14281568894976981, 0.1671141125422853, -0.28967871340503293, -0.5528194101107777, -0.1227434235715335, -0.4083219125164328, 0.2150584491612974, -0.8096151049338919, -0.32628552711255887, 0.02789079080263683]], "inverted": true, "swapped": false, "error_lsq": 0.0494604314936743, "error_max": 0.44411965607961923, "target": "174.xyz", "model": "7.xyz", "model_rescale": 3.964800864290218, "target_rescale": 4.090243976464648},
{"mapping": [3, 1, 7, 0, 5, 8, 6, 10, 12, 9, 2, 11, 4, 13], "R": [[-0.023692111944701277, 0.7082955581883488, -0.7055183102388309], [0.9618459161235504, 0.20855669073356992, 0.17707778061267346], [0.2725639694971582, -0.6744045588524128, -0.68621233851559]], "T": [0.08859798946614965, -0.13590207884793154, 0.012701607725467249], "aligned_model": [[0.20750085734632223, -0.07107322403350243, -0.054290326986831436, 0.5090391291807685, -0.5945408080367186, -0.6396668678672227, 0.4862722948986816, -0.46920115438082927, -0.002047020226611504, -0.3778565309492732, 0.5883888092044101, 0.20339131693243712, 0.6563130610616709, 0.011220065071711874], [-0.8480606641259649, -0.05110248090811187, 0.4484270759944245, -0.4985331598543597, -0.5993668964159663, 0.08968424276526216, -0.40942104563138587, -0.5098765179130003, 0.5660098475815303, 0.13133924679504827, 0.14845936380746555, -0.004041948995905542, 0.1383536453797926, -0.13035769751260576], [0.08092882463387656, 0.7410106238313975, 0.39348439723172013, 0.4653464128942938, 0.14533821349983128, 0.11168994280345662, -0.30908767858935615, -0.46072974638701253, -0.25145377655138323, -0.417250693165242, 0.3412688522742671, -0.7975876755668053, -0.29967123076319013, 0.004093874502408303]], "inverted": false, "swapped": false, "error_lsq": 0.05252269726563823, "error_max": 0.3523908793074384, "target": "174.xyz", "model": "8.xyz", "model_rescale": 4.121658175737393, "target_rescale": 4.090243976464648},
{"mapping": [7, 5, 9, 11, 4, 0, 2, 3, 10, 1, 6, 12, 13], "R": [[-0.5818201333963884, -0.8133171068144163, 0.0007849443525898558], [-0.46297490326238944, 0.3319900982512085, 0.8218496295626923], [-0.6686849567051665, 0.4778052515682312, -0.5697039320998489]], "T": [0.06827839030740682, -0.11215467634654827, -0.15132753216332565], "aligned_model": [[-0.5913323651952503, -0.35426085999698753, 0.08450242387782797, 0.16311864203983195, -0.6907210098719837, -0.4813362138459957, 0.3866967346650394, 0.028827747850846457, 0.6382104899202422, -0.17309703263624512, -0.1781088823505394, 0.584258200511938, 0.059979621466472524], [0.20422609475464895, -0.25836782862847996, 0.08890519469511546, 0.5721551205277099, -0.4260220678812695, -0.01911856999486361, -0.6395010603046289, -0.07555729467150177, -0.06921648306772607, -0.6391791530797678, 0.5140501877757009, 0.5003911593515672, 0.03762213993520494], [-0.3491829464376658, -0.7394796886130773, -0.653440937851465, -0.44057405656023496, -0.1782843689811551, 0.3068464317870714, -0.11094934768785142, 0.6302719271307897, 0.35140718410554705, 0.36461544430551796, 0.257591127069427, 0.03264934666373326, -0.05039468097154788]], "inverted": true, "swapped": true, "error_lsq": 0.056221367920845824, "error_max": 0.4221773150240149, "target": "174.xyz", "model": "9.xyz", "model_rescale": 3.833441315466971, "target_rescale": 4.090243976464648},
{"mapping": [12, 0, 13, 1, 10, 8, 6, 11, 2, 9, 5, 7, 4, 14], "R": [[0.5763460194560652, 0.20007296349850928, 0.7923358348163192], [0.8150801801119925, -0.07085228390348955, -0.5749993511772529], [-0.058903020684438756, 0.977215822192101, -0.20391093892105225]], "T": [0.07153770410798166, -0.16180264841969694, -0.05921963657030694], "aligned_model": [[0.12341118574412105, 0.03512976100994025, -0.07940104118991914, 0.5125348390967241, -0.6227999541066851, -0.675253587892104, 0.6438584398800979, -0.37371754218358577, -0.0038014215764633486, -0.32937476935387994, 0.45039615370887925, -0.07743624542849697, 0.7947294071517392, 0.05517437635464589], [-0.7564679582717354, -0.21038141931891718, 0.3771642244656044, -0.46445512986513493, -0.41206351243633244, 0.027095340026072917, -0.49758623306634425, -0.5602722315196096, 0.553013050030523, 0.38999070139890235, 0.2643444950540912, -0.2114379222448809, 0.06692413869261482, -0.09435453197863111], [0.022648357617270166, 0.619114739973413, 0.5085996537983718, 0.4502231328557247, 0.30274563779519054, -0.1782980919294729, -0.20388451735353968, -0.388319679167673, -0.055643560807333396, -0.4981996067869168, 0.3045111550079503, -0.7067202765187304, -0.3053708047499192, -0.12402579908607284]], "inverted": true, "swapped": false, "error_lsq": 0.04935187840940351, "error_max": 0.32527696509012194, "target": "174.xyz", "model": "10.xyz", "model_rescale": 4.2482417240324, "target_rescale": 4.090243976464648},
{"mapping": [7, 5, 1, 8, 6, 3, 0, 10, 9, 12, 11, 13], "R": [[-0.151590342638374, -0.7380216665125517, -0.657529001472039], [-0.9576016126263348, 0.2745293900295107, -0.08736569982246029], [0.2449888150798396, 0.61640703578728, -0.7483467423044718]], "T": [0.11686760997536194, -0.05757492160026805, -0.02873249277423811], "aligned_model": [[-0.5875818830777279, -0.14177206856196967, 0.3913914289113394, 0.5836866717100622, -0.45007245583336375, 0.15994965973698888, -0.27126146925973627, 0.5402328533972298, -0.07770099279751219, 0.05640772551282261, -0.3429969422278993, 0.016483074852772964], [-0.29386517248598343, -0.7493072071806053, 0.04173925797628355, -0.4726716370892889, 0.48575158593908946, 0.5880997732282526, 0.17829619283342074, 0.56542242351428, -0.37150654628317276, 0.5491731145133731, 0.05315126275556536, 0.09184834232942499], [0.12042425406832208, -0.007457510837210794, 0.6902858765436282, -0.41538791372803235, 0.029824811063798647, 0.41290260745103996, 0.5319598887093412, -0.13848065993731917, -0.42420203271289136, -0.5796376391976213, -0.6094238299296517, -0.04561556163904663]], "inverted": true, "swapped": true, "error_lsq": 0.05537322155784793, "error_max": 0.29695541158838296, "target": "174.xyz", "model": "11.xyz", "model_rescale": 3.6694154284099745, "target_rescale": 4.090243976464648},
{"mapping": [2, 8, 11, 10, 3, 4, 12, 1, 11, 0, 7, 0, 5, 13], "R": [[-0.8533881782767551, -0.21237655781534787, 0.47605127336032393], [0.44023274969814646, -0.7826798183147706, 0.44000844093717895], [0.27914824604623767, 0.5850713629064936, 0.7614248203441016]], "T": [0.14162693406657395, -0.06491269189988014, 0.01788662812741032], "aligned_model": [[-0.03271181018658309, -0.22174648641870942, -0.16857764638421874, 0.5652899869848746, -0.6441915256198552, -0.5523255451514688, 0.5135420193035056, -0.33513420155341456, -0.16857764638421874, -0.038530880679913365, 0.8018994404165458, -0.038530880679913365, 0.6927486992283587, 0.08029607834002345], [-0.658772621889394, -0.2187919122097578, 0.4828332467943365, -0.3825546839614797, -0.37593823414496275, 0.10545555600545095, -0.558805993092366, -0.6704990977133447, 0.4828332467943365, -0.028532906235241795, 0.21681549604562234, -0.028532906235241795, 0.1893023141254213, -0.08329849331715586], [0.22585287345919225, 0.6635481448315883, 0.4036017481556685, 0.3688025294193386, 0.1822075369933291, -0.17468353166660308, -0.26410109620980854, -0.3320239586770342, 0.4036017481556685, -0.6727344962282118, 0.20981047746566772, -0.6727344962282118, -0.5076705268549917, -0.08609661196733018]], "inverted": false, "swapped": false, "error_lsq": 0.05596196931998349, "error_max": 0.4776249046475939, "target": "174.xyz", "model": "12.xyz", "model_rescale": 3.9764082729961374, "target_rescale": 4.090243976464648},
{"mapping": [8, 7, 4, 2, 3, 14, 1, 11, 6, 13, 0, 12, 9, 15], "R": [[-0.008533559516095302, 0.6426327682745805, 0.7661268194638107], [-0.8912713579020344, -0.3522676191147668, 0.28555715908846885], [0.45339005827813295, -0.6803900716963489, 0.5757662767057379]], "T": [0.08160981368029309, -0.03976659480863853, -0.09876491224084093], "aligned_model": [[-0.0440827434886384, 0.14219451247802906, 0.05243542917244494, 0.5392895163786932, -0.5073621004515392, -0.712733016408818, 0.5113730637396315, -0.4982742476302773, -0.3693656703918151, -0.25409512948493973, 0.6067613130790641, 0.3202639322758658, 0.6505012947288658, 0.01654344721844629], [-0.7204176724196681, -0.15407305379790665, 0.43524366553121485, -0.5614327284877321, -0.4160632808442294, 0.02458844735307361, -0.4587083171555055, -0.5293559068804462, 0.5729936503893895, 0.10018143506736271, 0.0930132478917079, -0.03964216783463796, 0.14221203766945373, -0.017026345515852675], [0.044651712554988746, 0.6457464890337885, 0.4391735876266447, 0.29449486019505067, 0.3702301151913579, -0.15947682548243458, -0.3064039269670495, -0.33239170799086415, -0.16808157957281591, -0.5909003471113169, 0.38465348785782605, -0.6905906730383635, -0.16765167896266425, -0.0160731726858859]], "inverted": true, "swapped": false, "error_lsq": 0.046946483405590725, "error_max": 0.238519111459416, "target": "174.xyz", "model": "13.xyz", "model_rescale": 4.170626492500431, "target_rescale": 4.090243976464648},
{"mapping": [6, 4, 8, 2, 5, 12, 3, 11, 8, 10, 0, 9, 1, 13], "R": [[0.11580160896867744, 0.7850610854264412, 0.6084973948254206], [-0.9609952864391332, 0.24345632817051027, -0.13121385489155166], [-0.25115343278966723, -0.5695683527222972, 0.782632637177351]], "T": [0.13018395491379023, -0.09216409390808214, -0.005178564849621606], "aligned_model": [[-0.07477832214369948, -0.10932232512766077, -0.16302806725707106, 0.513147435188511, -0.6271661694003713, -0.5793705660105093, 0.48620432210641906, -0.202383055928155, -0.16302806725707106, -0.1763624931061977, 0.6278831672309907, 0.1367363758692229, 0.7169610303823537, 0.06795633666825215], [-0.8924064724318373, 0.0017226349617927572, 0.538705277581973, -0.3491496829831865, -0.5870826062409542, 0.06001994623004081, -0.6237874848681212, -0.5201542801753585, 0.538705277581973, 0.24052090760074138, 0.1925195887740511, -0.05709950142662261, 0.09747125005044446, -0.16847184368871326], [0.15322556271067617, 0.6557943200373768, 0.2547961242551847, 0.4641076452822546, 0.0880753021359773, 0.09010270796565333, -0.2622771310806661, -0.4589221431950359, 0.2547961242551847, -0.34234064746306153, 0.15946985269898145, -0.8145202594370256, -0.46403101381512213, -0.03089610370211632]], "inverted": true, "swapped": false, "error_lsq": 0.053542344146050344, "error_max": 0.3384762292098103, "target": "174.xyz", "model": "14.xyz", "model_rescale": 3.9786697098870705, "target_rescale": 4.090243976464648},
{"mapping": [6, 3, 7, 11, 0, 4, 10, 2, 9, 12, 1, 13], "R": [[-0.6685393102892406, 0.13553626645888334, -0.731221656594205], [-0.7406445168487122, -0.21004679574920831, 0.6382209987593863], [-0.06708867460253382, 0.96825113688024, 0.24080873254555862]], "T": [0.14164001903063353, 0.04948045852300703, 0.1582535534029915], "aligned_model": [[-0.015134871142812478, -0.563990089429961, 0.5867729422846042, 0.5524320876249755, -0.1079108213943975, 0.3004411458560059, -0.47304139404900425, -0.11437772029087831, 0.6528294689833131, -0.02173043932443733, -0.400090983986491, 0.0871552716364196], [-0.31444599531134415, 0.019583037672996018, 0.20055557802178758, -0.5444503142618333, 0.2919356340367459, 0.7578055509874533, -0.34375199463711986, 0.27710472015233056, -0.10495781145849892, -0.7556511173535265, 0.5991030606434911, -0.06815585826804274], [-0.5222116256161525, -0.1808419059664387, -0.43618979541912206, -0.04032700164113667, -0.47388185719790643, -0.22694414323723142, 0.37491799383837254, 0.6718262952313155, 0.245662535793379, 0.1390625092371039, 0.0766657819353958, 0.03222770691625146]], "inverted": false, "swapped": true, "error_lsq": 0.05607444285685644, "error_max": 0.38404970421328793, "target": "174.xyz", "model": "15.xyz", "model_rescale": 3.769337070930944, "target_rescale": 4.090243976464648},
{"mapping": [11, 8, 6, 12, 7, 5, 0, 2, 3, 10, 13], "R": [[-0.6641476731702669, -0.569071099449388, 0.4848360052574327], [0.5848987613611675, -0.7994338422574625, -0.1371093388928814], [0.4656192727762594, 0.19251913054274805, 0.8637911073832446]], "T": [0.05836816962430926, -0.09501329389216714, -0.0024217983442640055], "aligned_model": [[-0.406098129772103, -0.193135673669491, -0.01352150385900603, -0.6775864741238489, 0.4346388184604766, 0.43179023124214305, 0.524891726260984, 0.0646787709049449, 0.15426122884974644, -0.39577259170277346, -0.0015202718999019205], [0.11862353390618804, -0.7852115391616568, 0.6718330460884216, 0.2704751969319056, 0.17710959936294904, -0.4677451362015759, 0.4540349434757134, -0.5077759701689211, 0.48414710855979215, 0.10568310968736114, 0.07489060514516482], [-0.5497502973790835, 0.0075748609457143255, -0.1662273402277283, 0.0067424110278798445, -0.6013370142520913, -0.5195944974595915, 0.03703850540638974, 0.456601074574922, 0.5163953040421446, 0.5745405956161994, -0.017765995070978497]], "inverted": false, "swapped": true, "error_lsq": 0.04589178611476688, "error_max": 0.2361829728758328, "target": "174.xyz", "model": "16.xyz", "model_rescale": 3.7852294659196426, "target_rescale": 4.090243976464648},
{"mapping": [8, 4, 7, 5, 2, 1, 3, 0, 11, 12, 10, 6, 13], "R": [[0.2628398850864042, -0.1257490978446203, -0.9566098259996235], [0.9643345861692754, 0.0021680257242945034, 0.2646773612952029], [-0.031208984691886266, -0.9920597079086133, 0.12183404786338953]], "T": [-0.0270994172077095, 0.012615022256142076, -0.12371156651370403], "aligned_model": [[-0.1578434109270676, -0.35583674070303517, 0.3006038198547362, -0.0058431441384648695, -0.5239959635495827, -0.699482958542715, -0.2360000523501021, -0.1086431762483723, 0.7170321572470068, 0.524236888552657, -0.11244555860144265, 0.4284809092654884, 0.08350308035717696], [-0.21454710052251486, -0.5074666238470117, -0.4435080946462942, -0.725823080830293, 0.10349918475437803, 0.16649680143605788, 0.619820741472921, 0.08868019282194617, -0.00768549466134117, 0.5888978222175227, 0.7425391375428504, 0.3418244306261251, 0.12232770733852738], [-0.8100286304445099, 0.4210510914580688, 0.3851029347547306, -0.11381197814724314, -0.4786041414137258, 0.23186517657124617, 0.3251260160171008, 0.5891839494029809, -0.20613857807470876, -0.32175567708489927, -0.3220428641578357, 0.42776048302113684, -0.031953084759168096]], "inverted": false, "swapped": true, "error_lsq": 0.040634358255677336, "error_max": 0.23162942311987642, "target": "174.xyz", "model": "17.xyz", "model_rescale": 3.901054581598922, "target_rescale": 4.090243976464648},
{"mapping": [3, 2, 8, 13, 0, 1, 12, 7, 4, 6, 5, 11, 9, 14], "R": [[0.20183950757970193, -0.689831688789157, -0.6952647368609189], [0.5338463833470318, 0.6726419608800092, -0.5124069002763235], [0.8211387532976856, -0.26774060880971284, 0.5040298743397329]], "T": [0.045146240439606675, -0.010124271422933886, -0.027895758461319902], "aligned_model": [[0.04196903918866256, 0.12012188014434814, -0.10987292987990167, 0.5903023890175666, -0.4970255371798229, -0.6466522794677528, 0.2902577753593699, -0.33400664388351087, -0.2608820596179746, -0.31378083158699294, 0.4987780475056221, 0.30426452451458147, 0.6880167378759487, 0.08195948922486967], [-0.7382812184435361, -0.2614015589273747, 0.39194126279667535, -0.3912638379541507, -0.44040937581205897, 0.05374803987705869, -0.6144563236349305, -0.4261573477661718, 0.718359670465356, 0.06914512232290711, 0.17765419036131558, -0.07075781882899791, 0.04002960798357434, -0.036637401473443014], [0.20271919207446373, 0.7563086028013446, 0.47681268724374676, 0.26371974660077374, 0.2826022463524191, -0.08285651845442345, -0.38381458375119576, -0.37837627645780764, -0.0629927082514891, -0.6825815345796954, 0.3581657391055609, -0.7801671700633247, -0.16351188302149663, -0.05864719895061424]], "inverted": true, "swapped": false, "error_lsq": 0.04335270789207611, "error_max": 0.2715029082685859, "target": "174.xyz", "model": "18.xyz", "model_rescale": 3.9405287249114394, "target_rescale": 4.090243976464648},
{"mapping": [6, 1, 12, 0, 2, 10, 8, 5, 14, 11, 4, 9, 7, 15], "R": [[0.926060885211156, -0.3225190671643222, 0.19594052209123536], [0.17637708431198215, -0.08911337129886102, -0.980280536981815], [0.3336200848443247, 0.9423588798176665, -0.025639434807710228]], "T": [0.07210117968238673, 0.04167354880943987, 0.03666758777210784], "aligned_model": [[0.007761694534774974, -0.07136473958085317, 0.16343656003152707, 0.48850497690917155, -0.5788407230852322, -0.7109290788486585, 0.41873201414265915, -0.15416385452935316, -0.37824209655349966, -0.3529595344192504, 0.7627226678485132, 0.18680715883190047, 0.635552055588722, 0.03643250034459242], [-0.6884890658327093, -0.24903426923180988, 0.4238819732594441, -0.366011697913572, -0.5339340605257396, 0.09547035996049001, -0.6032435185137641, -0.6016728027205913, 0.6713688262210137, 0.1950036179080062, 0.14261608076335566, -0.057103668205509356, 0.018593752298971963, 0.024067483498637035], [0.18160358199749244, 0.6114944473734037, 0.41839213608583126, 0.4014618794153062, 0.05327488465505145, -0.006616985476441857, -0.15359853220875053, -0.43890811495567633, 0.016326662747054337, -0.5246046110204668, 0.2546528944833997, -0.7157255585966428, -0.3847775241639092, 0.034405180312610154]], "inverted": true, "swapped": false, "error_lsq": 0.04105872209880156, "error_max": 0.23509195863443527, "target": "174.xyz", "model": "19.xyz", "model_rescale": 4.410303926677745, "target_rescale": 4.090243976464648},
{"mapping": [3, 1, 7, 0, 5, 8, 6, 10, 12, 9, 2, 11, 4, 13], "R": [[-0.023692111944701277, 0.7082955581883488, -0.7055183102388309], [0.9618459161235504, 0.20855669073356992, 0.17707778061267346], [0.2725639694971582, -0.6744045588524128, -0.68621233851559]], "T": [0.08859798946614965, -0.13590207884793154, 0.012701607725467249], "aligned_model": [[0.20750085734632223, -0.07107322403350243, -0.054290326986831436, 0.5090391291807685, -0.5945408080367186, -0.6396668678672227, 0.4862722948986816, -0.46920115438082927, -0.002047020226611504, -0.3778565309492732, 0.5883888092044101, 0.20339131693243712, 0.6563130610616709, 0.011220065071711874], [-0.8480606641259649, -0.05110248090811187, 0.4484270759944245, -0.4985331598543597, -0.5993668964159663, 0.08968424276526216, -0.40942104563138587, -0.5098765179130003, 0.5660098475815303, 0.13133924679504827, 0.14845936380746555, -0.004041948995905542, 0.1383536453797926, -0.13035769751260576], [0.08092882463387656, 0.7410106238313975, 0.39348439723172013, 0.4653464128942938, 0.14533821349983128, 0.11168994280345662, -0.30908767858935615, -0.46072974638701253, -0.25145377655138323, -0.417250693165242, 0.3412688522742671, -0.7975876755668053, -0.29967123076319013, 0.004093874502408303]], "inverted": false, "swapped": false, "error_lsq": 0.05252269726563823, "error_max": 0.3523908793074384, "target": "174.xyz", "model": "20.xyz", "model_rescale": 4.121658175737393, "target_rescale": 4.090243976464648},
{"mapping": [5, 4, 0, 7, 6, 8, 1, 9, 2, 10, 3, 12, 13], "R": [[0.20132895454330163, -0.507085065461598, -0.8380521394569123], [0.4441040929299573, -0.7153275651859947, 0.5395164771607409], [-0.8730625445552918, -0.4808026735271792, 0.08118240218024925]], "T": [0.0349577424947498, -0.14786258711647374, -0.012127124294039858], "aligned_model": [[0.07962666911505224, -0.036982881326937125, 0.23924227401631165, 0.5498460803383536, 0.6615309595794492, -0.34944987325528715, -0.4466303442923887, 0.27172347219903414, -0.5640583951435605, -0.14269334442168824, 0.0027871241602912405, 0.44655051821871483, 0.1695906454769493], [-0.5674503964860707, 0.07251200428839727, 0.463572795041292, -0.12155829634300233, 0.31861386289242233, -0.7594219822839754, 0.418606813688181, -0.6282371266775919, -0.2126073905225039, 0.1432131768763216, 0.6043861100166047, -0.1410752275716185, -0.049727438755273065], [0.5943309701424387, 0.7762757461345183, 0.31201777394192776, 0.5433258349154692, -0.1114217115892483, -0.14611826317018398, 0.21013259194216677, 0.06525797866103816, -0.14667312296902826, -0.6926588814417182, -0.2286459116592988, -0.7233516851993868, -0.08236158022690557]], "inverted": false, "swapped": true, "error_lsq": 0.0619642352431089, "error_max": 0.3517642622161908, "target": "174.xyz", "model": "21.xyz", "model_rescale": 4.08911054899281, "target_rescale": 4.090243976464648},
{"mapping": [9, 10, 6, 5, 12, 13, 15, 14, 0, 4, 8, 2, 1, 16], "R": [[0.9302849882879036, -0.2751320277318463, -0.242635957521423], [0.3637911951094678, 0.6068640673419714, 0.7066625574699599], [-0.04717845829401787, -0.7456663939626902, 0.6646471409610349]], "T": [0.04824532122187141, -0.12407499123639194, -0.03008822555483978], "aligned_model": [[0.01919287303975551, -0.1597432988243479, 0.13462351432735964, 0.3750719568268481, -0.553170038427635, -0.5976818811888621, 0.4086511215096882, -0.2102181712358887, -0.09326408860364074, -0.2904399753849981, 0.6292217889380778, 0.14287202005842506, 0.6318872329689437, 0.016446547211288166], [-0.7524683714261972, -0.2586089215600867, 0.4173480997826185, -0.4120947047529053, -0.4972654522848474, -0.020816967028979366, -0.5267562554005646, -0.6542117381690903, 0.6348300197752851, 0.23671075246126327, 0.1434309041858432, -0.023505166144180314, 0.27498992471151296, -0.09006911318344919], [0.30431471484906136, 0.7378810217056644, 0.4748513478780809, 0.5248514548007509, 0.1796686598963444, -0.12414031564784495, -0.5194372589698609, -0.2830195177375532, -0.09425729420536624, -0.5214313875858236, 0.23762236059076133, -0.7387385818811955, -0.3907926654744972, -0.03999219757026006]], "inverted": true, "swapped": false, "error_lsq": 0.040218317115329805, "error_max": 0.25032592520076696, "target": "174.xyz", "model": "22.xyz", "model_rescale": 4.204369325754507, "target_rescale": 4.090243976464648},
{"mapping": [6, 1, 12, 0, 2, 10, 8, 5, 14, 11, 4, 9, 7, 15], "R": [[0.926060885211156, -0.3225190671643222, 0.19594052209123536], [0.17637708431198215, -0.08911337129886102, -0.980280536981815], [0.3336200848443247, 0.9423588798176665, -0.025639434807710228]], "T": [0.07210117968238673, 0.04167354880943987, 0.03666758777210784], "aligned_model": [[0.007761694534774974, -0.07136473958085317, 0.16343656003152707, 0.48850497690917155, -0.5788407230852322, -0.7109290788486585, 0.41873201414265915, -0.15416385452935316, -0.37824209655349966, -0.3529595344192504, 0.7627226678485132, 0.18680715883190047, 0.635552055588722, 0.03643250034459242], [-0.6884890658327093, -0.24903426923180988, 0.4238819732594441, -0.366011697913572, -0.5339340605257396, 0.09547035996049001, -0.6032435185137641, -0.6016728027205913, 0.6713688262210137, 0.1950036179080062, 0.14261608076335566, -0.057103668205509356, 0.018593752298971963, 0.024067483498637035], [0.18160358199749244, 0.6114944473734037, 0.41839213608583126, 0.4014618794153062, 0.05327488465505145, -0.006616985476441857, -0.15359853220875053, -0.43890811495567633, 0.016326662747054337, -0.5246046110204668, 0.2546528944833997, -0.7157255585966428, -0.3847775241639092, 0.034405180312610154]], "inverted": true, "swapped": false, "error_lsq": 0.04105872209880156, "error_max": 0.23509195863443527, "target": "174.xyz", "model": "23.xyz", "model_rescale": 4.410303926677745, "target_rescale": 4.090243976464648},
{"mapping": [14, 15, 4, 9, 6, 12, 11, 13, 2, 0, 10, 7, 1, 16], "R": [[-0.8665047323684598, 0.49915848293702725, 0.0032183373144261396], [0.4093283292188704, 0.7068461683239675, 0.5769045096240916], [0.285691910424415, 0.5012078443497577, -0.81680525774527]], "T": [0.07507821641499629, -0.11917638146609862, 0.0311022524232824], "aligned_model": [[0.05336469709602881, -0.12743861028089812, 0.089012181591355, 0.4378806640899119, -0.5697407678138366, -0.654121843054001, 0.5527324672039522, -0.31653388604437105, -0.21568554280259172, -0.23977529832384326, 0.660632847888901, 0.07002427627641356, 0.6001035442240432, 0.11299487116394955], [-0.7784232509627934, -0.40972885539888976, 0.454393667274484, -0.39000714683649446, -0.4956932519860539, -0.002874833027341969, -0.49053044919711825, -0.6057550692987298, 0.745719997703371, 0.3858813619573966, 0.08709875041815719, -0.21016897742952556, 0.1948884678543929, -0.013287400104631295], [0.1829972100493611, 0.6506830668706867, 0.4115067960256691, 0.4640515151762749, 0.17372628108519073, -0.2865722002556447, -0.15508061384971603, -0.2914931064763239, 0.013648290019945934, -0.43383833641655395, 0.22696008300763143, -0.6274003685671051, -0.5706011837898051, -0.011207092231348775]], "inverted": true, "swapped": false, "error_lsq": 0.040399447629660766, "error_max": 0.24716210406668102, "target": "174.xyz", "model": "24.xyz", "model_rescale": 4.28219845311461, "target_rescale": 4.090243976464648},
{"mapping": [1, 5, 11, 8, 3, 7, 0, 4, 12, 13, 10, 2, 14, 15], "R": [[0.7272631279051753, -0.6797999755778902, -0.09465905130456603], [-0.2945146673043766, -0.1845118280818363, -0.9376654499556285], [0.6199592353793699, 0.7098079870656562, -0.3343997128671439]], "T": [-0.010469666127837882, -0.08419427905984633, -0.02520160934037695], "aligned_model": [[-0.003956860099837416, 0.026002643994363195, 0.132530910195574, 0.4669091537672829, -0.5484653719374115, -0.7553206503850991, 0.31011982625206236, -0.33839447574691967, -0.07779285167603953, -0.24838852948803708, 0.6783873515958275, 0.26870539062429954, 0.5288321740671696, 0.014280890051778676], [-0.64812119297678, -0.20936677787376326, 0.3296693285903469, -0.3358198655691619, -0.5835917602905056, -0.037669140986387586, -0.7255662955426463, -0.5879253497546538, 0.6770777965696679, 0.254359403272748, 0.16067347033916815, -0.08448313799683072, 0.4041732179005624, -0.14189668471554107], [0.2778188816572389, 0.8163934815728076, 0.2984414358228606, 0.41153639388147306, 0.22220114151489612, -0.245606755669721, -0.4143268923588297, -0.4415775220426655, -0.04397168625544613, -0.45145561292677866, 0.2833767652502565, -0.6503745683172305, -0.2505798202870713, -0.06449490119352817]], "inverted": true, "swapped": false, "error_lsq": 0.04286181576416479, "error_max": 0.3602349347993016, "target": "174.xyz", "model": "25.xyz", "model_rescale": 4.100010024507729, "target_rescale": 4.090243976464648},
{"mapping": [7, 5, 1, 8, 6, 3, 0, 10, 9, 12, 11, 13], "R": [[-0.151590342638374, -0.7380216665125517, -0.657529001472039], [-0.9576016126263348, 0.2745293900295107, -0.08736569982246029], [0.2449888150798396, 0.61640703578728, -0.7483467423044718]], "T": [0.11686760997536194, -0.05757492160026805, -0.02873249277423811], "aligned_model": [[-0.5875818830777279, -0.14177206856196967, 0.3913914289113394, 0.5836866717100622, -0.45007245583336375, 0.15994965973698888, -0.27126146925973627, 0.5402328533972298, -0.07770099279751219, 0.05640772551282261, -0.3429969422278993, 0.016483074852772964], [-0.29386517248598343, -0.7493072071806053, 0.04173925797628355, -0.4726716370892889, 0.48575158593908946, 0.5880997732282526, 0.17829619283342074, 0.56542242351428, -0.37150654628317276, 0.5491731145133731, 0.05315126275556536, 0.09184834232942499], [0.12042425406832208, -0.007457510837210794, 0.6902858765436282, -0.41538791372803235, 0.029824811063798647, 0.41290260745103996, 0.5319598887093412, -0.13848065993731917, -0.42420203271289136, -0.5796376391976213, -0.6094238299296517, -0.04561556163904663]], "inverted": true, "swapped": true, "error_lsq": 0.05537322155784793, "error_max": 0.29695541158838296, "target": "174.xyz", "model": "26.xyz", "model_rescale": 3.6694154284099745, "target_rescale": 4.090243976464648},
{"mapping": [10, 2, 6, 11, 4, 0, 9, 8, 1, 5, 12, 7, 3, 13], "R": [[-0.9008350762495589, 0.11785951571103125, -0.41785799017706043], [-0.2662810011563944, 0.6101881530478832, 0.7461667684259071], [0.3429148492287836, 0.7834408416953856, -0.5182951415381263]], "T": [0.01073277957796661, -0.1569819097036922, -0.06664240895063298], "aligned_model": [[-0.009367486656840986, -0.09154460295456865, 0.20745239651188332, 0.4754027776502331, -0.6473717500069517, -0.5510726412644381, 0.5619224673848007, -0.18479164293397626, -0.23793032639321623, -0.5499248458966141, 0.6680388131589505, 0.15920242900752507, 0.6533878438193738, 4.6169788853134275e-05], [-0.7291381476478995, -0.09647727612798235, 0.4281183584000998, -0.504912285010594, -0.5988176876337646, 0.10686192799139366, -0.5046190076042085, -0.6177500989505936, 0.6849363293892958, 0.1749959301423542, 0.006312926127175378, 0.04435264151045737, 0.22932923665455113, -0.15167983627406173], [0.11808425012016313, 0.6026917172833768, 0.23360665496570157, 0.5651817090406874, 0.15063654440119797, 0.1607217077335068, -0.2671465527708151, -0.4639081492423829, -0.16144215635048328, -0.5154544415093731, 0.34689886851324203, -0.6441800150024853, -0.36762311753142396, -0.010686679002650162]], "inverted": true, "swapped": false, "error_lsq": 0.05950219328270901, "error_max": 0.4239539890681381, "target": "174.xyz", "model": "27.xyz", "model_rescale": 4.103607728864725, "target_rescale": 4.090243976464648},
