[{"mapping": [6, 1, 7, 5, 10, 8, 9, 3, 2, 4, 0, 11], "R": [[0.8230166947447678, 0.42248568155062843, 0.37967007922155105], [0.18677475876149202, -0.8325316522308704, 0.5215421723344371], [0.5364314584930533, -0.3583251273891327, -0.7640971099412545]], "T": [-0.057292612978175436, 0.0507121943562896, -0.03360266476637551], "aligned_model": [[-0.5035399352232038, 0.06713001492060384, 0.17413926696427573, 0.6841362843386344, 0.1937787187604233, -0.6252430345299859, -0.5066961121519039, -0.22548231011543973, -0.07008687115153493, 0.12327279087223102, 0.45781816957935184, 0.007662438013567946], [-0.5095783015383527, -0.5356395560747578, -0.7352306981126022, -0.29896654996489963, 0.10769021509568558, 0.07654980292926916, 0.0952760539580815, 0.6578087168071439, 0.003976425155957142, 0.7728107279248015, 0.08320686003019323, 0.038126027796649226], [0.07636267092735256, -0.41121515655149055, 0.4410934112548482, 0.09560375350858698, 0.5952677809507786, -0.31621233787322506, 0.3730999068701529, 0.24420761760610982, -0.8375941575207887, -0.34716017064700444, -0.3747717905635589, -0.054926024025538894]], "inverted": true, "swapped": false, "error_lsq": 0.057227272638228494, "error_max": 0.3427522529433268, "target": "175.xyz", "model": "0.xyz", "model_rescale": 3.751011558992144, "target_rescale": 3.850046470528299},
{"mapping": [7, 12, 6, 10, 4, 0, 1, 8, 13, 2, 5, 14], "R": [[-0.37765095055101544, 0.07719209930604143, 0.9227248448766515], [-0.9257399517740722, -0.01035085640443234, -0.3780190490716484], [-0.019629091605393667, -0.9969625066051486, 0.07536882104906506]], "T": [0.03319230241640997, -0.06007642976124036, -0.07137528540982693], "aligned_model": [[-0.47104513671655873, -0.10621432908368536, -0.10626952526202169, 0.7527182077209214, 0.25543251468552686, -0.6943823215543743, -0.4530510076537316, 0.09616739515807488, 0.17709006279473014, -0.17074570266037226, 0.4479875772878065, 0.049201685560704304], [-0.4887082855706677, -0.603643213697528, -0.6264637588268306, -0.22718605230458466, 0.1560731215567498, 0.1470150681086894, -0.035039131456723965, 0.554853525268507, 0.053855659664765895, 0.5997979289742839, 0.32591280546939083, -0.10043794317888302], [-0.03018838264649515, -0.5582798413262496, 0.4013630538061488, 0.2847294657210795, 0.65626654229486, -0.1284085788729083, 0.4272489483990394, 0.17010668128989237, -0.7740950815289535, -0.5260325439648742, -0.3341360839054458, -0.10481867532987128]], "inverted": false, "swapped": false, "error_lsq": 0.046900334795057515, "error_max": 0.27938588412331467, "target": "175.xyz", "model": "1.xyz", "model_rescale": 3.9405287249114394, "target_rescale": 3.850046470528299},
{"mapping": [0, 2, 1, 4, 7, 11, 6, 3, 9, 10, 8, 12], "R": [[-0.5515638386478136, 0.4660849348883352, 0.6917674214403458], [-0.30636528925228906, 0.6581664696106394, -0.6877188435848102], [-0.7758335139947552, -0.5912543714429549, -0.22022857855452474]], "T": [-0.04375188670665285, -0.07158996189872258, -0.027571458126357803], "aligned_model": [[-0.6679546537120803, 0.011786153544260505, 0.1800935621695393, 0.636749665586818, 0.07305889120945137, -0.6288297384441635, -0.46469172519403573, 0.1362023370504586, -0.020890828264771615, 0.020773318378195252, 0.5015641804041295, -0.0009717424507812711], [-0.6008233438708118, -0.6716198535699849, -0.7154973391319053, -0.07683153903314072, 0.13900787909647105, 0.19568679942985406, 0.048220910420570307, 0.4251512815121389, 0.2328648218191482, 0.6816759855530852, 0.23794937730290955, -0.13975525552116574], [0.1546726675540918, -0.34545395639839543, 0.3755449480398581, 0.14150215033495878, 0.7280168191033375, -0.3339394220147334, 0.2946252219275027, 0.1907500777227148, -0.7740068295874646, -0.40162229642331837, -0.48309923395040993, -0.06323464237191956]], "inverted": true, "swapped": false, "error_lsq": 0.05103417135354287, "error_max": 0.2765047456984494, "target": "175.xyz", "model": "2.xyz", "model_rescale": 3.932901565614263, "target_rescale": 3.850046470528299},
{"mapping": [8, 9, 11, 10, 1, 7, 3, 0, 5, 4, 6, 13], "R": [[0.8900006225784828, -0.4549764334701608, -0.02992217900965083], [-0.23720588449750057, -0.40596619590368477, -0.882567173728578], [0.389399871815171, 0.7925830510238429, -0.46923325442690544]], "T": [-0.027021331307406284, -0.010090643868711342, 0.0029207360489454798], "aligned_model": [[-0.5097237679577445, -0.2034548940412795, 0.09865082473250411, 0.6112034206265274, 0.35283272491512385, -0.5852649549778007, -0.39060608330735036, -0.22293607466488888, 0.13278309070755215, -0.11902426258392787, 0.5558199417832819, 0.05660945504502294], [-0.5552060415144413, -0.47680714979676014, -0.7293783682032038, -0.31270049732590305, 0.29163497028784086, 0.06968243910329788, -0.01977688468480341, 0.5691152787249654, 0.026926011611938187, 0.7483282378181129, 0.18777481429931486, -0.04356308631318978], [0.09584159717965611, -0.5363749531830299, 0.5172556242156109, 0.12226009632340964, 0.5627789061646417, -0.43496379120867545, 0.36124709976394037, 0.2769430740263202, -0.6970021165399372, -0.4208276150690381, -0.2934533038529015, -0.06994911388377426]], "inverted": false, "swapped": false, "error_lsq": 0.04846970025334316, "error_max": 0.2616195063651707, "target": "175.xyz", "model": "3.xyz", "model_rescale": 3.9243930471874484, "target_rescale": 3.850046470528299},
{"mapping": [9, 5, 11, 6, 10, 1, 8, 4, 0, 2, 3, 12], "R": [[0.19314887784558007, -0.8066460770968509, 0.5585835812940212], [0.9631899228416114, 0.04739613497000287, -0.26461061756149484], [0.18697241380311588, 0.589131320415208, 0.7861078830430781]], "T": [-0.06856283080127593, -0.019265931812349354, 0.05460994625076607], "aligned_model": [[-0.5698999439206386, 0.08781480717226592, 0.06459851305078271, 0.5640226635292003, 0.2626050789136458, -0.5587107670272625, -0.46503417672593284, -0.0692279638314324, 0.061633899245915086, -0.031687819785355814, 0.4871789252397991, -0.05640379558396646], [-0.4411205575270822, -0.4721707550632865, -0.7181894820322623, -0.3488509345775534, 0.06735929400952458, -0.12277288719799488, 0.18000922121650154, 0.567362137053178, 0.11386439231524602, 0.69215155747687, 0.30379439089720034, -0.06540665256317199], [0.31611934483731896, -0.5319447018364655, 0.40088730450426824, -0.05819888785205615, 0.6710120920494899, -0.45450851813908966, 0.5011928099639255, 0.14535318763672556, -0.7752379203147219, -0.5316833931362482, -0.1447302123923376, -0.05450560138458675]], "inverted": false, "swapped": false, "error_lsq": 0.051660324379743806, "error_max": 0.3077395141927591, "target": "175.xyz", "model": "4.xyz", "model_rescale": 3.8936222436046832, "target_rescale": 3.850046470528299},
{"mapping": [4, 5, 7, 6, 8, 2, 10, 3, 1, 0, 9, 11], "R": [[0.325822271562976, -0.6182786344517835, 0.7152421810365913], [0.645092185740399, -0.4076685799506026, -0.6462680564732668], [0.6911554957100586, 0.6719656680973343, 0.2660192129307322]], "T": [0.0134451383133938, 0.00019475244255176896, 0.03996841995515883], "aligned_model": [[-0.595353979599804, 0.03281647509131449, 0.16222503488100223, 0.628833526836685, 0.2763726243922988, -0.6489548771416023, -0.45514673147472395, -0.13917992777536017, 0.06255471561487436, -0.05157783344022835, 0.5256096898531355, -0.021309296960571364], [-0.47250275039953227, -0.7234934463225977, -0.48904874886249744, -0.46076605110457697, 0.31222827797998703, 0.21161891753502143, -0.06675691099637547, 0.5391306305519447, -0.010726667086701374, 0.7156300076396923, 0.3311466008654301, -0.1304301357926253], [-0.15119984033357464, -0.3248205592182161, 0.43777850805771457, -0.16840839490582143, 0.655896209826447, -0.23148048290557383, 0.4587840522043632, 0.16855979139605132, -0.7603925855753356, -0.4764061705722515, -0.060998356723276456, -0.06355666731430419]], "inverted": false, "swapped": false, "error_lsq": 0.05499028583881851, "error_max": 0.3454264627897137, "target": "175.xyz", "model": "5.xyz", "model_rescale": 3.6523030999806103, "target_rescale": 3.850046470528299},
{"mapping": [5, 1, 8, 6, 9, 3, 7, 11, 2, 4, 10, 12], "R": [[-0.461430511730288, 0.8402949470162082, -0.284580893356094], [0.8030120550020963, 0.2592158312497598, -0.5366365551756671], [-0.37716511286919846, -0.47614236825609635, -0.7943770658735314]], "T": [-0.01578525880051918, -0.08289478586277418, -0.036730431116895675], "aligned_model": [[-0.41007035151199056, -0.13344457285144443, 0.2307113467397567, 0.5506211951315557, 0.23511874808407157, -0.6079346661360379, -0.5606415277646047, -0.21248783763117252, 0.13793705981999788, 0.022957247898063696, 0.6442700466162596, -0.12014726811743494], [-0.5677720002933183, -0.5551347936445163, -0.5499581366495068, -0.36547174219811496, 0.155109360895724, 0.1096681585059465, 0.1591244719443562, 0.7332406661602395, 0.007024041150837518, 0.39277882571023215, 0.33303220099015785, -0.0956113285648681], [0.23407740218621775, -0.5322307104920021, 0.3813537140925133, -0.18491428571805207, 0.5981428480779829, -0.34482018231972716, 0.2970005754111248, 0.2274665078766145, -0.7746299415622858, -0.3551095060491538, -0.03454478119135607, -0.02803613637565377]], "inverted": false, "swapped": false, "error_lsq": 0.0568270966424107, "error_max": 0.3531382865505679, "target": "175.xyz", "model": "6.xyz", "model_rescale": 4.08911054899281, "target_rescale": 3.850046470528299},
{"mapping": [2, 13, 1, 9, 3, 7, 6, 4, 12, 5, 10, 14], "R": [[-0.6737230924351065, -0.2907250194513231, 0.6793939636063194], [-0.6488025569271311, 0.6728256862546695, -0.3554726966178273], [-0.35376890316206977, -0.6802827051902472, -0.641921337995977]], "T": [0.057366973916910834, -0.01603722135790873, -0.04593481427419833], "aligned_model": [[-0.5548151962035817, -0.17715874612364352, 0.12172460306149094, 0.6342403209900361, 0.09467045454969938, -0.6801224505953455, -0.3069713564990297, 0.03734858490427042, 0.07951159991812926, -0.18319608136146728, 0.5291866180450643, 0.18247106959139772], [-0.5105827868525137, -0.5058640399821637, -0.7188575720867734, -0.31418736178979545, 0.19749237333433317, 0.07415351750296388, 0.04291419449731977, 0.6425347598541233, -0.0022168380905401124, 0.6141139774314315, 0.34586187393813983, -0.10933237374935603], [0.12955654599017571, -0.536813512882647, 0.15368409521996662, 0.3932473154907617, 0.7152911697732588, -0.2633375371038853, 0.2901087513714844, 0.20452815577537287, -0.7581991827195153, -0.4002512162129421, -0.4529853845239738, 0.008926303758165742]], "inverted": false, "swapped": false, "error_lsq": 0.05130948083876293, "error_max": 0.3514475462155306, "target": "175.xyz", "model": "7.xyz", "model_rescale": 3.964800864290218, "target_rescale": 3.850046470528299},
{"mapping": [4, 12, 2, 1, 0, 11, 6, 3, 8, 10, 5, 13], "R": [[0.18577710601140746, -0.9368649346886706, -0.29626164286457973], [-0.9294698063898152, -0.2653504961175649, 0.25627132734631464], [-0.318704794271605, 0.2277569062859691, -0.9200837167058977]], "T": [6.9902166174480584e-06, -0.06937773196189553, -0.035283585859717075], "aligned_model": [[-0.5562074854181209, -0.24091445326048402, 0.041987570524193274, 0.7125322815154036, 0.2330561634398821, -0.7795205874345307, -0.44862105921302126, 0.05512242891568912, 0.4063299375952382, -0.1374671569745886, 0.4630792132126624, 0.027512567374696647], [-0.4359704812942523, -0.6063509041754286, -0.5819451057482448, -0.27292526114533744, -0.0006216076617915345, -0.025608059528691274, 0.12051454698210456, 0.5160898913904718, -0.04556057044753482, 0.5805612926892252, 0.5532524144890956, -0.04540643154244789], [0.19127459264010926, -0.508877935154992, 0.38199455394740994, 0.08302112154996671, 0.6386007148580878, -0.3137693053321952, 0.279644372316356, 0.3891603399132246, -0.6875043971331923, -0.5188268994282454, -0.3466780944630314, -0.10428355977727544]], "inverted": false, "swapped": false, "error_lsq": 0.04640142573270514, "error_max": 0.29663655870540195, "target": "175.xyz", "model": "8.xyz", "model_rescale": 4.121658175737393, "target_rescale": 3.850046470528299},
{"mapping": [3, 10, 11, 7, 8, 0, 2, 6, 5, 4, 9, 12], "R": [[0.23380895176281036, -0.37731429109149334, 0.8960844267220027], [-0.20363673828296697, -0.9201924825885665, -0.33433198143307474], [0.9507183877979066, -0.10430589976418038, -0.29198429131947246]], "T": [-0.009339461406217501, -0.017996927049900274, -0.01661229262428407], "aligned_model": [[-0.538926008887542, -0.1825685009692972, 0.1479247030707427, 0.6366818708981756, 0.17289767694893077, -0.6321289717849209, -0.5571901621451306, 0.21601536893453052, 0.12239116753299958, -0.13392482530859182, 0.5894410676519756, -0.06372396566485224], [-0.5697645621990103, -0.6441899797054264, -0.5772530116319624, -0.2096648498454632, 0.012859250124349533, 0.07251506993777529, 0.037836705407436555, 0.5438263905649314, -0.1236679110673667, 0.6523575951159366, 0.510128331191117, 0.05104669611485149], [0.1777444849750364, -0.40949241588502094, 0.23938124046358358, 0.017014421340900726, 0.6879378187671042, -0.4885922151695512, 0.40657639584149585, 0.3206588302432539, -0.6109174253733084, -0.585146565497829, -0.25269576655585024, -0.018713299213592608]], "inverted": false, "swapped": false, "error_lsq": 0.04586359198268148, "error_max": 0.2696063627120274, "target": "175.xyz", "model": "9.xyz", "model_rescale": 3.833441315466971, "target_rescale": 3.850046470528299},
{"mapping": [1, 12, 0, 10, 13, 4, 5, 2, 7, 3, 9, 14], "R": [[0.5654088872436861, 0.2609870036400509, 0.7824311945192658], [-0.7706918494823459, 0.5051246908071013, 0.38843676432401686], [-0.2938483679848133, -0.8226389430777142, 0.48674254587476057]], "T": [0.008812112164805794, -0.13616276994146828, -0.15241149023380457], "aligned_model": [[-0.46528172695729586, -0.05253188618157578, 0.002596831770022904, 0.6773895553592938, 0.12820299904664353, -0.6959274564248727, -0.38871147328364275, 0.08916727193128562, 0.19738754091220012, -0.18547938788487547, 0.4403953056284723, 0.029681846361364523], [-0.6233659368641603, -0.699628247848495, -0.4924563555640922, -0.5492023182805542, 0.07564881820569774, 0.20553731918712467, 0.0881119588830728, 0.49379686312855187, 0.11225298669244499, 0.6513049872687178, 0.5411248772907551, -0.04709522809189429], [0.13651244224807096, -0.35677299929228173, 0.42796701801529896, 0.08874546587411167, 0.6069093962633327, -0.3023973883835458, 0.3466987646096512, 0.18425475982524714, -0.741175361671712, -0.4630031741379884, -0.266110727518219, -0.17787269189574306]], "inverted": false, "swapped": false, "error_lsq": 0.039047471740872794, "error_max": 0.2203336299845025, "target": "175.xyz", "model": "10.xyz", "model_rescale": 4.2482417240324, "target_rescale": 3.850046470528299},
{"mapping": [9, 4, 10, 0, 8, 5, 7, 3, 6, 2, 1, 11], "R": [[0.5743455711930519, 0.8169831147005706, -0.05163095142529997], [-0.7739960396046561, 0.5214228395759319, -0.359233006619492], [-0.26656574334905625, 0.24628603830247206, 0.9318185938314596]], "T": [0.022731493615069764, 0.029578838472424204, -0.06037478960516662], "aligned_model": [[-0.46411558827696897, -0.19888559984266468, 0.17083464063836057, 0.6702708079587257, 0.19202437674122924, -0.5961038390202767, -0.5652361411324885, -0.07595440752501041, 0.06572972916073973, -0.024557747191183886, 0.6527641153708794, -0.049880926604321515], [-0.5075521157370454, -0.6854735301969418, -0.4792055917366688, -0.3523136917565304, 0.10287628002224178, -0.14196420280331123, 0.19414716993369094, 0.6944196876860218, -0.024691993806259336, 0.682818807088101, 0.3459780916380165, -0.07300918632414621], [0.33177461944977193, -0.5136137488528477, 0.30596688691157714, -0.15359714566060662, 0.5251380059338359, -0.4499925335459445, 0.23248622088405596, 0.393849124984167, -0.7051134705036485, -0.4050464558204726, -0.01458219328263631, -0.06351380656102991]], "inverted": true, "swapped": false, "error_lsq": 0.05501886547568339, "error_max": 0.31186679432391473, "target": "175.xyz", "model": "11.xyz", "model_rescale": 3.6694154284099745, "target_rescale": 3.850046470528299},
{"mapping": [5, 12, 0, 1, 4, 7, 6, 11, 10, 9, 8, 13], "R": [[0.3723123435228243, 0.7754010053889921, -0.5100360768634737], [0.6694808175900755, 0.15622860602555222, 0.726214883858929], [0.6427899763837854, -0.6118381350496663, -0.4609502606133114]], "T": [0.013875952625698455, -0.03198808655504277, -0.0591900595666917], "aligned_model": [[-0.6444122741202783, 0.026064258865779254, 0.0033660922221711506, 0.7045798230796669, 0.3708396167567482, -0.6205043727369103, -0.3705454231288505, -0.061451935601204245, -0.02198174132306436, -0.15146025258533294, 0.4893695258336151, 0.053026103014680186], [-0.48640978165508225, -0.605628924217039, -0.5415433300633271, -0.49741204436538683, 0.07134665301936821, 0.09528341189767908, 0.03297676107054314, 0.638400777710896, -0.006207308446861244, 0.643774368108295, 0.5230468066631945, -0.11159766571511093], [0.00957276488610749, -0.4232726529763886, 0.4417898413005687, 0.09174766579587258, 0.5807923806904738, -0.42460610593572296, 0.3505105724680106, 0.24069846777400966, -0.6928921698466372, -0.4600582561149902, -0.25525122466390754, 0.024724220558826032]], "inverted": false, "swapped": false, "error_lsq": 0.04189104101385601, "error_max": 0.20754582236218092, "target": "175.xyz", "model": "12.xyz", "model_rescale": 3.9764082729961374, "target_rescale": 3.850046470528299},
{"mapping": [10, 14, 8, 3, 2, 12, 1, 0, 6, 5, 4, 15], "R": [[-0.31331893537177957, 0.9176363465372581, -0.24448881416385498], [0.4320568827817707, -0.09151934264857414, -0.8971906486149264], [-0.8456702044995992, -0.3867398937721918, -0.3677963564075641]], "T": [-0.06713180077074446, -0.003981386556791235, -0.09848654077347854], "aligned_model": [[-0.5820288945789778, 0.20687901918656557, 0.036416506710535895, 0.5540730923168686, 0.04485795257990138, -0.7006780548205391, -0.47726244102734294, 0.17380397241210868, 0.12240384518628802, -0.12515835475354975, 0.48675422491932274, 0.03682855214583888], [-0.5182833517589545, -0.5761229544287567, -0.47571637992204086, -0.5536143937156324, 0.12312325981485064, 0.022116626381113884, 0.009472986473441893, 0.5955996343182031, 0.013132250019058093, 0.7314235965819299, 0.40245230505048535, -0.017553854806529573], [0.24286572644514362, -0.5846759446423834, 0.41764975973346985, 0.04452214972870064, 0.6809762344257742, -0.17026099756998903, 0.38621379554791446, 0.23251268295603675, -0.8383798898813292, -0.4967783127727705, -0.30797555397219367, -0.12291414606215133]], "inverted": false, "swapped": false, "error_lsq": 0.049893872869593986, "error_max": 0.33832714875388925, "target": "175.xyz", "model": "13.xyz", "model_rescale": 4.170626492500431, "target_rescale": 3.850046470528299},
{"mapping": [9, 1, 3, 2, 6, 10, 11, 5, 8, 12, 4, 13], "R": [[-0.020099020125728673, -0.2509127263479812, 0.967801029730083], [-0.17116552487308068, -0.9528417843251573, -0.25058910019985564], [0.98503725436397, -0.17069076659466273, -0.023796422302901354]], "T": [0.06189876748687997, -0.12471375942323405, -0.15074770041557833], "aligned_model": [[-0.6742378941072965, -0.15694024368635653, 0.057544258840047956, 0.6793566228400224, 0.26051339807220913, -0.41893822833191524, -0.4062560859092989, -0.0652072513671498, 0.07657835444999665, -0.15395583258839254, 0.5511838914758281, 0.027248430589325613], [-0.44725947758568324, -0.8500712429543491, -0.5341376054845431, -0.28545482643536646, 0.15332529146700075, 0.01455048834598656, 0.019404153927700327, 0.6257646629796393, 0.22459089587027492, 0.5601729415520177, 0.3499657801008297, -0.07482133777633823], [-0.04889725311204768, -0.28028718539785835, 0.4040736735064197, 0.01000140059230703, 0.6178456782493682, -0.4109967306156126, 0.35888031237818535, 0.3470936657192581, -0.8059782402424387, -0.2923214255193315, -0.34656019438203356, -0.06909819723999404]], "inverted": true, "swapped": false, "error_lsq": 0.05125420678787366, "error_max": 0.2859690139677039, "target": "175.xyz", "model": "14.xyz", "model_rescale": 3.9786697098870705, "target_rescale": 3.850046470528299},
{"mapping": [3, 0, 2, 4, 5, 9, 8, 7, 1, 6, 10, 11], "R": [[-0.40928124899127105, 0.8091319992736214, -0.4216565746856296], [-0.3912285691784171, 0.26186616718820255, 0.8822507110457716], [0.8242748727716709, 0.5260527713391814, 0.20937864237694637]], "T": [-0.015044464144791641, 0.0201069917795792, -0.07093211226608015], "aligned_model": [[-0.7283259109001688, -0.09039772285343776, 0.03244818990917943, 0.5240254899705421, 0.2599006898000045, -0.6170187521888743, -0.23999479798230364, 0.02898867824004116, 0.28483747456392844, -0.3026167645963662, 0.7002178083224759, -0.07517496200800078], [-0.5331080143211655, -0.5776517563838409, -0.719524955279537, -0.24358030646453133, 0.06515045001676237, 0.020597535119645047, -0.035279898107827556, 0.6491022481272618, 0.10134887548174465, 0.5426583890901374, 0.4238151774650309, 0.06250197926348885], [0.10322863831270782, -0.41851224903288736, 0.3813249462387972, 0.05067102669818026, 0.6820857075245641, -0.22917554483209857, 0.3965695088615764, 0.12731534737597106, -0.6743744630015629, -0.5920826663151848, -0.20412584669983014, -0.13916890119401076]], "inverted": false, "swapped": false, "error_lsq": 0.05119694449688233, "error_max": 0.260890026202944, "target": "175.xyz", "model": "15.xyz", "model_rescale": 3.769337070930944, "target_rescale": 3.850046470528299},
{"mapping": [6, 4, 5, 7, 0, 2, 1, 3, 8, 10, 11], "R": [[0.045884335999264336, -0.9435513886840969, -0.32803262737450223], [-0.6070772207179709, 0.23444451540351463, -0.7592713726215125], [0.7933170083864653, 0.23397979850731462, -0.5620512237289639]], "T": [-0.08783935135710108, 0.0659078326928583, 0.002320047233354848], "aligned_model": [[-0.26704446838195817, -0.41778191220223415, -0.13862904242210664, -0.7036240179207438, 0.35019826898057227, 0.357087643266914, 0.7123077896616244, 0.24358669477637657, 0.07903304147586226, -0.34010479644067176, 0.047596929897535695], [0.13093845221204625, -0.5561268726774978, 0.7353513921484891, 0.058083269073464366, 0.13194319427783024, -0.38416755489370913, 0.3101321179044446, -0.4468152750507476, 0.5270312024171084, 0.025692337218127914, 0.06400223499578574], [-0.5191388751465179, -0.1963588377459656, -0.31595287231786423, -0.0032958238509942853, -0.6651601601415588, -0.272210337737348, 0.032086988305662, 0.4242899789194191, 0.5135464348768152, 0.7058262354277246, 0.04058487663440503]], "inverted": false, "swapped": true, "error_lsq": 0.04604468971881837, "error_max": 0.28283543531240257, "target": "175.xyz", "model": "16.xyz", "model_rescale": 3.7852294659196426, "target_rescale": 3.850046470528299},
{"mapping": [9, 10, 0, 4, 3, 11, 8, 2, 6, 7, 5, 12], "R": [[0.9473897289155373, 0.2896712485990012, 0.13617367322812757], [-0.019257941565801212, 0.47624720781873986, -0.8791005225407972], [-0.31950247766174433, 0.8302283810976051, 0.45677018509098966]], "T": [0.033513964724971264, 0.04502132346719338, 0.03836231004481161], "aligned_model": [[-0.5348905414753213, -0.015290042476059813, 0.15870696043112098, 0.6425142141696624, 0.20897030387449791, -0.6116628981915978, -0.5143960325896034, -0.1398704269179729, 0.03332246848697717, -0.0009093157293751583, 0.5732403805144403, -0.02284564981974819], [-0.6060413269275852, -0.5379411652921855, -0.49217380996016785, -0.31486991871430925, 0.18772038123280776, 0.22655479607833817, -0.06081441679162897, 0.6078718894533209, 0.05033373609214613, 0.5568100098336675, 0.1509168948992436, -0.012337345896478488], [0.05555324090877317, -0.5157387464960806, 0.4402270362734285, 0.0011645269528938185, 0.8008237340707149, -0.2595042512072819, 0.3742184432016732, 0.20335962558046197, -0.8489735776004915, -0.43946023384199767, -0.3217634105174883, -0.006150883388383259]], "inverted": true, "swapped": false, "error_lsq": 0.045029953142998146, "error_max": 0.245518932240823, "target": "175.xyz", "model": "17.xyz", "model_rescale": 3.901054581598922, "target_rescale": 3.850046470528299},
{"mapping": [7, 12, 6, 10, 4, 0, 1, 8, 13, 2, 5, 14], "R": [[-0.37765095055101544, 0.07719209930604143, 0.9227248448766515], [-0.9257399517740722, -0.01035085640443234, -0.3780190490716484], [-0.019629091605393667, -0.9969625066051486, 0.07536882104906506]], "T": [0.03319230241640997, -0.06007642976124036, -0.07137528540982693], "aligned_model": [[-0.47104513671655873, -0.10621432908368536, -0.10626952526202169, 0.7527182077209214, 0.25543251468552686, -0.6943823215543743, -0.4530510076537316, 0.09616739515807488, 0.17709006279473014, -0.17074570266037226, 0.4479875772878065, 0.049201685560704304], [-0.4887082855706677, -0.603643213697528, -0.6264637588268306, -0.22718605230458466, 0.1560731215567498, 0.1470150681086894, -0.035039131456723965, 0.554853525268507, 0.053855659664765895, 0.5997979289742839, 0.32591280546939083, -0.10043794317888302], [-0.03018838264649515, -0.5582798413262496, 0.4013630538061488, 0.2847294657210795, 0.65626654229486, -0.1284085788729083, 0.4272489483990394, 0.17010668128989237, -0.7740950815289535, -0.5260325439648742, -0.3341360839054458, -0.10481867532987128]], "inverted": false, "swapped": false, "error_lsq": 0.046900334795057515, "error_max": 0.27938588412331467, "target": "175.xyz", "model": "18.xyz", "model_rescale": 3.9405287249114394, "target_rescale": 3.850046470528299},
{"mapping": [6, 5, 8, 7, 4, 10, 1, 12, 11, 14, 13, 15], "R": [[0.5134320819459056, -0.8263305994253958, -0.2314416507069531], [0.14268660983504383, 0.34815799707122175, -0.926513108622397], [0.846184393972422, 0.44267792979616855, 0.2966617971173632]], "T": [-0.020233962742346547, 0.03728588447552145, 0.01685082307994691], "aligned_model": [[-0.4377765008473172, -0.14340482911192934, 0.08346968566118823, 0.616744357079293, 0.3692354689947736, -0.5186416932748159, -0.5796079730283613, -0.03673363300637456, 0.08121106174659637, -0.07546461264524937, 0.4684643174569484, -0.05060622874773177], [-0.553303456591622, -0.6966419650833333, -0.6767259658940308, -0.2429922494438757, 0.10378026971465383, 0.1951514882942732, 0.027766745466370202, 0.5198955274052973, 0.0201784718800736, 0.6702047688215766, 0.36245398876009655, 0.02626210067768911], [0.20432326020859987, -0.3538802008154765, 0.24423768808230711, 0.12328548221504439, 0.6321207533464217, -0.5701519215669079, 0.3668930013792263, 0.2756069933286299, -0.696331794024917, -0.42598348365975625, -0.3099052637159905, -0.006459010840958894]], "inverted": true, "swapped": false, "error_lsq": 0.0431086374009858, "error_max": 0.30130091918815033, "target": "175.xyz", "model": "19.xyz", "model_rescale": 4.410303926677745, "target_rescale": 3.850046470528299},
{"mapping": [4, 12, 2, 1, 0, 11, 6, 3, 8, 10, 5, 13], "R": [[0.18577710601140746, -0.9368649346886706, -0.29626164286457973], [-0.9294698063898152, -0.2653504961175649, 0.25627132734631464], [-0.318704794271605, 0.2277569062859691, -0.9200837167058977]], "T": [6.9902166174480584e-06, -0.06937773196189553, -0.035283585859717075], "aligned_model": [[-0.5562074854181209, -0.24091445326048402, 0.041987570524193274, 0.7125322815154036, 0.2330561634398821, -0.7795205874345307, -0.44862105921302126, 0.05512242891568912, 0.4063299375952382, -0.1374671569745886, 0.4630792132126624, 0.027512567374696647], [-0.4359704812942523, -0.6063509041754286, -0.5819451057482448, -0.27292526114533744, -0.0006216076617915345, -0.025608059528691274, 0.12051454698210456, 0.5160898913904718, -0.04556057044753482, 0.5805612926892252, 0.5532524144890956, -0.04540643154244789], [0.19127459264010926, -0.508877935154992, 0.38199455394740994, 0.08302112154996671, 0.6386007148580878, -0.3137693053321952, 0.279644372316356, 0.3891603399132246, -0.6875043971331923, -0.5188268994282454, -0.3466780944630314, -0.10428355977727544]], "inverted": false, "swapped": false, "error_lsq": 0.04640142573270514, "error_max": 0.29663655870540195, "target": "175.xyz", "model": "20.xyz", "model_rescale": 4.121658175737393, "target_rescale": 3.850046470528299},
{"mapping": [5, 1, 8, 6, 9, 3, 7, 11, 2, 4, 10, 12], "R": [[-0.461430511730288, 0.8402949470162082, -0.284580893356094], [0.8030120550020963, 0.2592158312497598, -0.5366365551756671], [-0.37716511286919846, -0.47614236825609635, -0.7943770658735314]], "T": [-0.01578525880051918, -0.08289478586277418, -0.036730431116895675], "aligned_model": [[-0.41007035151199056, -0.13344457285144443, 0.2307113467397567, 0.5506211951315557, 0.23511874808407157, -0.6079346661360379, -0.5606415277646047, -0.21248783763117252, 0.13793705981999788, 0.022957247898063696, 0.6442700466162596, -0.12014726811743494], [-0.5677720002933183, -0.5551347936445163, -0.5499581366495068, -0.36547174219811496, 0.155109360895724, 0.1096681585059465, 0.1591244719443562, 0.7332406661602395, 0.007024041150837518, 0.39277882571023215, 0.33303220099015785, -0.0956113285648681], [0.23407740218621775, -0.5322307104920021, 0.3813537140925133, -0.18491428571805207, 0.5981428480779829, -0.34482018231972716, 0.2970005754111248, 0.2274665078766145, -0.7746299415622858, -0.3551095060491538, -0.03454478119135607, -0.02803613637565377]], "inverted": false, "swapped": false, "error_lsq": 0.0568270966424107, "error_max": 0.3531382865505679, "target": "175.xyz", "model": "21.xyz", "model_rescale": 4.08911054899281, "target_rescale": 3.850046470528299},
{"mapping": [15, 5, 14, 12, 3, 1, 2, 4, 6, 0, 7, 16], "R": [[-0.838553927095924, -0.28131750305719927, 0.46657022389525304], [0.0017177819912911618, 0.8550077445569874, 0.5186123850937266], [-0.5448158960392347, 0.4356859180892081, -0.7164868597551037]], "T": [-0.020739338189401768, -0.133449689677518, -0.13852141034778104], "aligned_model": [[-0.5297334490544563, 0.0651268830393773, 0.12608100237016415, 0.6418144787009795, 0.19012242787630787, -0.7570166993175798, -0.5090798527110274, -0.07198102925050548, 0.11217865057335055, -0.05203506291253765, 0.5667146936232483, -0.005302622660301114], [-0.47642680968408924, -0.6686789594564536, -0.436137044636844, -0.30934108688871553, 0.06787772693856922, 0.1159733215835824, 0.12922752655626926, 0.45188210701550446, 0.1672750651947328, 0.6085935054863097, 0.19477331460323175, -0.08898894270492874], [0.2549232593973611, -0.5900584240819438, 0.407964397970023, 0.13543873665386735, 0.679576022862237, -0.2987780489298093, 0.3238399757147607, 0.23704903942838995, -0.8074470853085036, -0.3586846958982684, -0.36865964701742815, -0.13140802685446346]], "inverted": true, "swapped": false, "error_lsq": 0.04013790354713497, "error_max": 0.216520972496062, "target": "175.xyz", "model": "22.xyz", "model_rescale": 4.204369325754507, "target_rescale": 3.850046470528299},
{"mapping": [6, 5, 8, 7, 4, 10, 1, 12, 11, 14, 13, 15], "R": [[0.5134320819459056, -0.8263305994253958, -0.2314416507069531], [0.14268660983504383, 0.34815799707122175, -0.926513108622397], [0.846184393972422, 0.44267792979616855, 0.2966617971173632]], "T": [-0.020233962742346547, 0.03728588447552145, 0.01685082307994691], "aligned_model": [[-0.4377765008473172, -0.14340482911192934, 0.08346968566118823, 0.616744357079293, 0.3692354689947736, -0.5186416932748159, -0.5796079730283613, -0.03673363300637456, 0.08121106174659637, -0.07546461264524937, 0.4684643174569484, -0.05060622874773177], [-0.553303456591622, -0.6966419650833333, -0.6767259658940308, -0.2429922494438757, 0.10378026971465383, 0.1951514882942732, 0.027766745466370202, 0.5198955274052973, 0.0201784718800736, 0.6702047688215766, 0.36245398876009655, 0.02626210067768911], [0.20432326020859987, -0.3538802008154765, 0.24423768808230711, 0.12328548221504439, 0.6321207533464217, -0.5701519215669079, 0.3668930013792263, 0.2756069933286299, -0.696331794024917, -0.42598348365975625, -0.3099052637159905, -0.006459010840958894]], "inverted": true, "swapped": false, "error_lsq": 0.0431086374009858, "error_max": 0.30130091918815033, "target": "175.xyz", "model": "23.xyz", "model_rescale": 4.410303926677745, "target_rescale": 3.850046470528299},
{"mapping": [13, 5, 14, 9, 11, 0, 7, 1, 4, 3, 10, 16], "R": [[0.4217313733029961, -0.5939757787006914, 0.685080596053396], [0.45427248140510323, -0.5154813950310163, -0.7265778994814857], [0.7847159749935128, 0.6176339576915965, 0.05243217424631691]], "T": [-0.0027132690102879, -0.160486934318498, -0.054050925078024066], "aligned_model": [[-0.42673809096109383, -0.1631300042597544, 0.19244844670939604, 0.59571286797423, 0.23018513494240672, -0.6277442208313554, -0.47776332981298264, -0.1461621345245881, 0.2018701125823841, -0.07460932984709245, 0.4973643598701475, -0.024544391564677248], [-0.557117751437911, -0.4674550100841275, -0.6392428516155778, -0.28659622313398947, 0.016191407691445087, 0.15178931126217324, 0.08796773881779482, 0.6499060451461998, 0.014526162296719908, 0.5845754484764993, 0.2542554274297012, -0.052769980841759184], [0.34227415501395175, -0.5790643581829132, 0.38281823884295657, 0.08160521918614885, 0.5074333431892781, -0.34076623125796685, 0.33905034916360405, 0.1888914371960914, -0.6876126260830723, -0.5530138363390243, -0.09522233190925028, -0.10263785488358165]], "inverted": false, "swapped": false, "error_lsq": 0.04565077257039532, "error_max": 0.26193927030654846, "target": "175.xyz", "model": "24.xyz", "model_rescale": 4.28219845311461, "target_rescale": 3.850046470528299},
{"mapping": [2, 6, 14, 10, 12, 4, 13, 9, 1, 3, 5, 15], "R": [[-0.7628417656790742, -0.2747630778139425, 0.5853013681906457], [0.3617914468934771, -0.93163188976253, 0.03419021690808091], [0.5358912104992549, 0.23783875430153642, 0.8100946472245922]], "T": [-0.05859048385701169, 0.029021692243166707, -0.0356012823433732], "aligned_model": [[-0.4804170012924118, 0.09383632232266412, 0.10864288841947659, 0.5665501325436774, 0.10486417334795747, -0.6947996216123142, -0.4348978080141317, 0.11903138892925025, 0.051674365871834875, -0.2092647460600373, 0.6494960832325242, -0.09782675741147001], [-0.5006672971614544, -0.7835392166844978, -0.5700039864742192, -0.45604718553682067, 0.05539912655652187, 0.15198237287611638, 0.03912351053441548, 0.6355923081131902, 0.1778544032247667, 0.6371240396655093, 0.3779964072869853, -0.008784758393344357], [0.0657495345243384, -0.3943602167290311, 0.40410982773782267, 0.024500401188024573, 0.7107275367639119, -0.3743743289109066, 0.4239715715001967, 0.20397384606070595, -0.6484372195262489, -0.49118239107027684, -0.35514899815680734, -0.08577405944550692]], "inverted": false, "swapped": false, "error_lsq": 0.040046416296475755, "error_max": 0.21584193443312757, "target": "175.xyz", "model": "25.xyz", "model_rescale": 4.100010024507729, "target_rescale": 3.850046470528299},
{"mapping": [9, 4, 10, 0, 8, 5, 7, 3, 6, 2, 1, 11], "R": [[0.5743455711930519, 0.8169831147005706, -0.05163095142529997], [-0.7739960396046561, 0.5214228395759319, -0.359233006619492], [-0.26656574334905625, 0.24628603830247206, 0.9318185938314596]], "T": [0.022731493615069764, 0.029578838472424204, -0.06037478960516662], "aligned_model": [[-0.46411558827696897, -0.19888559984266468, 0.17083464063836057, 0.6702708079587257, 0.19202437674122924, -0.5961038390202767, -0.5652361411324885, -0.07595440752501041, 0.06572972916073973, -0.024557747191183886, 0.6527641153708794, -0.049880926604321515], [-0.5075521157370454, -0.6854735301969418, -0.4792055917366688, -0.3523136917565304, 0.10287628002224178, -0.14196420280331123, 0.19414716993369094, 0.6944196876860218, -0.024691993806259336, 0.682818807088101, 0.3459780916380165, -0.07300918632414621], [0.33177461944977193, -0.5136137488528477, 0.30596688691157714, -0.15359714566060662, 0.5251380059338359, -0.4499925335459445, 0.23248622088405596, 0.393849124984167, -0.7051134705036485, -0.4050464558204726, -0.01458219328263631, -0.06351380656102991]], "inverted": true, "swapped": false, "error_lsq": 0.05501886547568339, "error_max": 0.31186679432391473, "target": "175.xyz", "model": "26.xyz", "model_rescale": 3.6694154284099745, "target_rescale": 3.850046470528299},
{"mapping": [11, 9, 10, 8, 4, 6, 2, 0, 7, 1, 5, 13], "R": [[-0.29632080475138955, 0.899587924348792, -0.32083570100180797], [-0.4043660048494989, -0.4224957943713061, -0.8111630155897239], [-0.8652641878603, -0.11062942693692146, 0.4889570687719571]], "T": [-0.02042650769057252, -0.08446901801354015, -0.11458147749767912], "aligned_model": [[-0.6070369799649964, -0.010584635937386906, 0.06986724554995483, 0.5633589978835372, 0.3176841966959064, -0.5784624078738687, -0.5070891449940206, -0.013005865639451476, 0.2704777542759278, -0.14842713095121157, 0.48023004588837703, -0.060122654655747475], [-0.6198059874303953, -0.7171036672292236, -0.4944397892950625, -0.32433053881099133, 0.022492473978741434, 0.2437534554411229, 0.06102511108397321, 0.49312824869017624, -0.05783535547302468, 0.709321517373058, 0.5105499097216948, -0.07072565404289995], [0.2101922163858414, -0.36862886213782065, 0.3163033385648149, -0.01449088477106715, 0.6268839370018717, -0.34274013683436305, 0.33721558098576404, 0.20675895677894107, -0.6720703860042497, -0.47949116505241535, -0.2604375391352066, -0.07573955184588774]], "inverted": false, "swapped": false, "error_lsq": 0.03502213142261523, "error_max": 0.18878163258093597, "target": "175.xyz", "model": "27.xyz", "model_rescale": 4.103607728864725, "target_rescale": 3.850046470528299},
{"mapping": [6, 9, 7, 1, 8, 10, 11, 13, 3, 12, 2, 14], "R": [[-0.320944243975011, -0.45856370430747195, 0.8286821594261082], [-0.7258478522826362, 0.6811503359148687, 0.09580769916737224], [-0.6083910646911186, -0.5707482360681203, -0.5514587594998708]], "T": [-0.09804462344746648, -0.03434721030660365, -0.07539559071276203], "aligned_model": [[-0.48662727935066474, -0.331635251769262, 0.11402808326740435, 0.7458442531359559, 0.21216442752014178, -0.5133545637797595, -0.5367683285100558, -0.1437130056433536, 0.16111274690789687, 0.007280832503226281, 0.49559471534789556, 0.052962790647595154], [-0.5013313697628017, -0.6871956353726394, -0.43479170299169456, -0.3159374742431897, 0.0710360993208712, -0.030554846216302695, 0.012311358477908922, 0.5284479586821584, 0.1114035492180809, 0.7237669122074786, 0.34006507294545946, -0.061190198258160404], [0.10403845622391661, -0.5105372668390746, 0.48563080876251397, 0.03146562446731099, 0.6762324286933503, -0.37082502008896007, 0.45129760464334123, 0.24248572296299054, -0.7646887257832337, -0.4645782505246008, -0.29614088243302333, -0.10062499614830901]], "inverted": true, "swapped": false, "error_lsq": 0.04291218543739331, "error_max": 0.2480115094556192, "target": "175.xyz", "model": "28.xyz", "model_rescale": 4.137296879288765, "target_rescale": 3.850046470528299},
{"mapping": [0, 6, 7, 10, 3, 4, 2, 5, 8, 1, 11], "R": [[0.15157766405183815, 0.6520722083954733, -0.7428499490468039], [-0.8794087892312867, 0.4320901864729827, 0.19984557082033588], [0.4512919157079494, 0.6229766494757198, 0.6389332524017322]], "T": [-0.03431278798354821, -0.03639024415395838, -0.07693447036439853], "aligned_model": [[0.5449331777387673, 0.21969164356125814, -0.2500798124443336, -0.5868252414548332, 0.11562245120035873, 0.37123360639750785, 0.5986833766034791, -0.25143746043579746, -0.6145333222635365, 0.08428430053294038, -0.010153708725912265], [-0.31649378211373735, -0.5295172353843438, -0.3528593841915854, 0.3521827098689647, 0.680822717243115, -0.04597668142885885, 0.21510124151781676, -0.6117224737796961, 0.18878870979134785, 0.27760518407720497, 0.06121681104772415], [0.40033230227417965, -0.100817151289862, -0.5591951798752919, -0.3992962947920167, -0.19488286828475032, -0.6857881389119038, 0.03243968371798049, 0.34005668721707955, 0.2614028573406162, 0.689947933393631, 0.021554190993336483]], "inverted": true, "swapped": true, "error_lsq": 0.04878010100547736, "error_max": 0.23269924343068865, "target": "175.xyz", "model": "29.xyz", "model_rescale": 3.607286011436655, "target_rescale": 3.850046470528299},
