[{"mapping": [4, 0, 5, 10, 9, 3, 8, 7, 2, 1, 6, 11], "R": [[0.7192016078219825, 0.5595879124133264, 0.41183785108604454], [-0.5069215080222432, 0.017242636587472528, 0.8618197469238956], [0.4751627426584817, -0.8285916121735774, 0.2960680803883827]], "T": [0.015116968799276848, -0.07631572185846633, 0.06829300992762079], "aligned_model": [[-0.11894936303811843, -0.5324622619711213, -0.7390725720290597, -0.14408590284930287, 0.5154712995089915, 0.2875617950855426, 0.5408231596233397, -0.2431119421126626, -0.08177463338211624, -0.22472259266321826, 0.4033469177541912, -0.053072626199472756], [-0.6008965427839222, -0.364318090399408, 0.22507217535821858, 0.5140668394168536, 0.2522676792333304, -0.036704250909770704, -0.39678690284848384, 0.6550035668932558, -0.8144986293481066, -0.220086502981359, 0.18051509545135938, -0.0866301710470095], [-0.5310313160665582, 0.0700296000370295, 0.2387330417463122, -0.22812598906823256, -0.03675420181522458, -0.5627674172788809, 0.22332434152006847, 0.6115178596306895, 0.37561736318210504, 0.7192058357128762, 0.6236936990425951, 0.07701351220362579]], "inverted": false, "swapped": false, "error_lsq": 0.05269043561645556, "error_max": 0.32838524421133397, "target": "176.xyz", "model": "0.xyz", "model_rescale": 3.751011558992144, "target_rescale": 3.826450683654239},
{"mapping": [4, 10, 11, 7, 0, 1, 8, 12, 5, 9, 13, 14], "R": [[0.470890160106201, -0.19638259829437127, 0.860056005270766], [-0.8627789912591595, -0.30591167169577993, 0.4025300751026194], [0.1840512682840938, -0.9315857041665274, -0.3134855761204518]], "T": [0.02798927654185658, -0.05698353176443495, 0.11468289447093756], "aligned_model": [[-0.12433329178865633, -0.6205100300867804, -0.7042729395967322, -0.004851182356439762, 0.6364932812315415, 0.21369594877051068, 0.3962021737891806, -0.17846294114870415, 0.13787877898787348, -0.3427119810913174, 0.2046776614492335, -0.0038542004327167673], [-0.6034446027233475, -0.5585519490167677, 0.25168001386415073, 0.5466695538973114, 0.3186803523633128, 0.07865881359759054, -0.5839965937757783, 0.5616030361523121, -0.4946286254258597, -0.19949728966699848, 0.019595668574210523, -0.02976411180517814], [-0.43645420554451436, 0.09647519703201106, 0.18713875236019611, -0.15771659199635685, -0.13850486379978755, -0.5431922726164699, -0.04992192596282809, 0.4706368857125584, 0.5465128566572937, 0.6404775575590737, 0.8149821440884812, 0.15002279535674817]], "inverted": true, "swapped": false, "error_lsq": 0.044445282194629926, "error_max": 0.22352747742664195, "target": "176.xyz", "model": "1.xyz", "model_rescale": 3.9405287249114394, "target_rescale": 3.826450683654239},
{"mapping": [8, 9, 2, 1, 7, 4, 3, 0, 10, 11, 6, 12], "R": [[0.8790501643495352, 0.0951914872986345, 0.4671288786865239], [0.06049506661973461, 0.9496672742539414, -0.3073636529028167], [-0.47287541220889157, 0.29844706223543765, 0.8290465581445396]], "T": [-0.04952164242918344, -0.002524549836915524, 0.14434384154539595], "aligned_model": [[-0.20529356047638433, -0.5139809646545361, -0.6271558958880333, -0.02409890447689092, 0.7109282694370024, 0.16977856498196572, 0.41747195142601495, -0.24885909272266812, 0.04107347149632627, -0.23477899711308, 0.2353517438646443, -0.11048530814736801], [-0.6092417500226065, -0.6596554720662576, 0.30541901673326877, 0.6980827750450883, 0.2108374002921687, -0.04062300734649499, -0.32613223379260836, 0.6516139754606575, -0.8335614030356677, -0.2717448067913908, 0.15647944772335912, 0.025530323835441328], [-0.31207605137831795, 0.19761293331576096, -0.04454516438317144, -0.22407086103168253, 0.07291231534046738, -0.5206010046242905, 0.08113997495537151, 0.6294184326217455, 0.25684892263380665, 0.7774429292228887, 0.5789937879744314, 0.0873801141993953]], "inverted": false, "swapped": false, "error_lsq": 0.048887707618404025, "error_max": 0.25664181411904274, "target": "176.xyz", "model": "2.xyz", "model_rescale": 3.932901565614263, "target_rescale": 3.826450683654239},
{"mapping": [8, 9, 12, 10, 1, 11, 3, 6, 7, 5, 2, 13], "R": [[-0.014459250814883862, 0.4933892684216492, -0.8696884268933456], [0.9201339271931535, -0.33384660628715185, -0.20469489367997495], [-0.39133679368796515, -0.8031895624800546, -0.44915703337376517]], "T": [0.09723870009429728, -0.13836498684932608, 0.16130789289329706], "aligned_model": [[-0.03811144090355331, -0.5597617806183874, -0.5759329375265709, -0.11563426762580381, 0.6334091150700781, 0.06832033315666233, 0.4528808091151292, -0.14818659508635965, -0.08672914396983769, -0.47080174917648077, 0.4478587968952359, 0.0026401383968808756], [-0.645684378349013, -0.45876382332375476, 0.22167678545166036, 0.47815142226470664, 0.36850762236645584, 0.011565931950179409, -0.4265210313674657, 0.39417391749984276, -0.7590099143691151, -0.11143055549303021, 0.3081060418432685, -0.07376775243877666], [-0.3516190998377915, 0.0872275762229513, 0.14287751957265685, -0.13489821306741367, 0.09520142540608606, -0.7186882127850319, -0.0649005560649451, 0.5118232285375922, 0.4624694004627276, 0.6010854162553175, 0.7711677304262964, 0.1787101137179594]], "inverted": false, "swapped": false, "error_lsq": 0.05145674254882097, "error_max": 0.33491223575427753, "target": "176.xyz", "model": "3.xyz", "model_rescale": 3.9243930471874484, "target_rescale": 3.826450683654239},
{"mapping": [11, 6, 5, 1, 7, 9, 8, 0, 10, 3, 2, 12], "R": [[-0.5943618127226364, -0.7752152981987337, 0.21395157633378295], [0.18035873142359238, 0.13077193123521463, 0.9748689296517175], [-0.7837121688326236, 0.6180128990884101, 0.06209100566108333]], "T": [0.02409053681460748, -0.16441642697688225, 0.09663175573867581], "aligned_model": [[-0.38678882652426344, -0.6389937990136008, -0.6104075015684847, 0.06051528053699997, 0.6267522558139195, 0.1635731164489904, 0.5850402655273397, -0.3009380046508339, 0.11946334283873908, -0.1906043945795713, 0.24023927719933716, -0.057899734301578694], [-0.5857923957334734, -0.3909709718870256, 0.24060749203753834, 0.5063403479005384, 0.339657874925072, -0.1891320261379208, -0.3526835731118332, 0.51214676364907, -0.8552510732445313, -0.22772275931944577, 0.3878770733332378, -0.07807248637626835], [-0.4322865017682915, 0.271299201178668, 0.013019770419038165, -0.14610037436214957, 0.25671520125078473, -0.5944696412455323, -0.11837348247551456, 0.496558061054382, 0.20045486928401374, 0.7313378019393213, 0.8033609130959115, 0.09894051047577392]], "inverted": true, "swapped": false, "error_lsq": 0.05554586307758383, "error_max": 0.3020466704395113, "target": "176.xyz", "model": "4.xyz", "model_rescale": 3.8936222436046832, "target_rescale": 3.826450683654239},
{"mapping": [4, 2, 10, 7, 6, 5, 1, 8, 0, 3, 9, 11], "R": [[0.24928330679616667, 0.815157809364902, -0.5228533052244988], [-0.5018772444696876, -0.3529986396164711, -0.7896272487145025], [-0.8282373237401719, 0.4592490677838502, 0.3211124869938617]], "T": [-0.058607216544612525, 0.017712391562804283, 0.1759648381670961], "aligned_model": [[-0.35394301669411643, -0.4638466732976835, -0.6641282500665233, -0.08977113067586139, 0.6294598727821707, 0.289177057082302, 0.4473174211095532, -0.2588758726641251, 0.07053239238035926, -0.34459524759965715, 0.3530420023933698, -0.004417277022795291], [-0.2884086795881389, -0.6055762117470047, 0.13342967095081282, 0.571187098180458, 0.3184388258292003, -0.022948569961199608, -0.5892244191122722, 0.5378321516759993, -0.6619459381845296, -0.13611147993433148, 0.08939226798746455, -0.03906045006150066], [-0.4946253898069647, 0.1092507871830172, 0.03660491315757533, -0.15935901570938796, -0.08999741559554422, -0.5551737549003241, 0.03893660741475791, 0.6609707420968328, 0.7274227469768176, 0.6501284122341899, 0.6314237931616733, 0.024873902633762157]], "inverted": true, "swapped": false, "error_lsq": 0.056288601321864945, "error_max": 0.3737292164891447, "target": "176.xyz", "model": "5.xyz", "model_rescale": 3.6523030999806103, "target_rescale": 3.826450683654239},
{"mapping": [3, 0, 5, 9, 10, 11, 4, 8, 2, 1, 6, 12], "R": [[0.24850027186615553, 0.8980492176510864, -0.362981015424662], [-0.684015156780009, -0.10263478667004257, -0.7222114412417007], [-0.6858358988691584, 0.42775425566727776, 0.5887745040173419]], "T": [-0.03277003746692091, 0.011765147065549195, 0.1304669965303325], "aligned_model": [[-0.28034950813069986, -0.823896044883401, -0.6929979188916375, 0.15506153254143945, 0.7181508805916319, 0.2712961841807282, 0.36850932728803404, -0.23987280819962292, 0.3097924212568531, -0.30093312982141157, 0.24552876853610828, -0.12033842674102885], [-0.55332081130993, -0.5885855162076069, 0.17005848255060707, 0.635112997148981, 0.22243009688573923, 0.005171500374699586, -0.3413134110125997, 0.5750721624863049, -0.5880798069520105, -0.3867971148919416, 0.18082801794618858, -0.023572330983473527], [-0.18894334816859654, 0.10109946351446569, 0.18474309179509474, -0.1838889073194277, 0.1507424843506164, -0.6954078485988904, -0.07796046129188541, 0.4362393814820955, 0.445186915222989, 0.6320759530249789, 0.6931320677218844, 0.08343753711308091]], "inverted": false, "swapped": false, "error_lsq": 0.045475683328369966, "error_max": 0.2574323885906089, "target": "176.xyz", "model": "6.xyz", "model_rescale": 4.08911054899281, "target_rescale": 3.826450683654239},
{"mapping": [12, 13, 2, 6, 4, 5, 10, 0, 11, 1, 9, 14], "R": [[-0.9808668740232789, 0.1781754631005515, 0.07844539369972732], [-0.12579384269627675, -0.2725344542989854, -0.9538872471941632], [-0.14858022945030597, -0.9455043498413206, 0.28973339442949303]], "T": [0.02628943604013391, -0.041453105105018, 0.08046499672552399], "aligned_model": [[-0.07393291741669321, -0.5719430683778746, -0.7086080868431531, -0.11312898559109084, 0.5366644040704729, 0.2637909358203122, 0.530979739955199, -0.2372092666785442, 0.07225908335452289, -0.4079882558965991, 0.2682485451099081, 0.05081915022053315], [-0.6487784006474274, -0.457602302490734, 0.2853268534750828, 0.43193112779558984, 0.3354807294221513, -0.07386161946026472, -0.5267912525754861, 0.7011243177548092, -0.5690148091143841, -0.07128285415961945, -0.021577461725486455, -0.0779500622392729], [-0.2788585110959054, 0.010950692265181458, 0.1377365675233524, 0.00554611923502446, -0.2265981337524443, -0.6427527819433774, -0.08985669374881539, 0.5940829362762368, 0.33363786838771703, 0.6707692667531419, 0.825862914784195, 0.23993608416209916]], "inverted": false, "swapped": false, "error_lsq": 0.05251007188411627, "error_max": 0.3235770667263881, "target": "176.xyz", "model": "7.xyz", "model_rescale": 3.964800864290218, "target_rescale": 3.826450683654239},
{"mapping": [12, 4, 2, 1, 5, 8, 9, 0, 11, 6, 3, 13], "R": [[0.5401383199237646, 0.5338614276896545, -0.6505709579862112], [0.11571585415754046, 0.7185833852137611, 0.6857461334862358], [0.8335828911671136, -0.4456791385289369, 0.3263581913076199]], "T": [-0.03796560773048883, -0.02668865896634226, 0.13768089154615895], "aligned_model": [[-0.26348836105004186, -0.5743975286607432, -0.6733493575799884, -0.12021602420220909, 0.7331708906336932, 0.422908091014482, 0.30917893495546656, -0.3032919770066597, -0.011294167164607051, -0.14955878998503586, 0.21531884523358805, 0.02497072153904783], [-0.5371907611091724, -0.4328680499024307, 0.15678856944091107, 0.6171451708272864, 0.2884572660730769, -0.005238568576621194, -0.5155983146793319, 0.5207082593911989, -0.8281300702946823, -0.22817620216882628, 0.3061324409373146, -0.035025473903764634], [-0.37143798330674693, 0.34347810143907187, 0.10257640697120715, -0.23892601196981786, 0.06625071731945655, -0.4772930175220904, -0.2004237399254892, 0.515990161934998, 0.3477133246603306, 0.6700863336549613, 0.7301670070358093, 0.09227502855471452]], "inverted": true, "swapped": false, "error_lsq": 0.05129308651463401, "error_max": 0.33212772647162964, "target": "176.xyz", "model": "8.xyz", "model_rescale": 4.121658175737393, "target_rescale": 3.826450683654239},
{"mapping": [0, 3, 2, 6, 9, 4, 5, 8, 10, 11, 7, 12], "R": [[-0.4557534255846142, -0.40223719295721594, 0.7940365581443902], [0.5958821012819348, -0.8005558077983018, -0.06352101992439226], [0.6612210949748323, 0.4442022503345839, 0.6045419955288267]], "T": [-0.04149813037191402, -0.03505094305292126, 0.14557297784646298], "aligned_model": [[-0.2007806261665206, -0.6723330973219115, -0.7087742991235515, 0.02979812844107775, 0.6630329913515387, 0.3509013282431123, 0.4076811543459041, -0.3365638989994578, -0.05140560817646331, -0.1924593099292093, 0.38856377789249763, -0.0677092628300236], [-0.5324242426853126, -0.4599500219663613, 0.07279138089388837, 0.6347114629101108, 0.37350388194168294, -0.036331858347687554, -0.4490032923486882, 0.5256925501295444, -0.7629263035118493, -0.1594395867639563, 0.11379441447397387, -0.013414118690386792], [-0.44270682842645925, 0.35579193199124964, -0.013985784497613701, -0.017268089246131546, -0.0273682564837833, -0.650761714260673, 0.052840410920482916, 0.5048169962588268, 0.36139728629132517, 0.7495351141893825, 0.6436720893853904, 0.06449317272440873]], "inverted": false, "swapped": false, "error_lsq": 0.04748288743079657, "error_max": 0.2710326731809015, "target": "176.xyz", "model": "9.xyz", "model_rescale": 3.833441315466971, "target_rescale": 3.826450683654239},
{"mapping": [8, 10, 0, 5, 4, 9, 7, 1, 11, 12, 6, 14], "R": [[0.459642293009013, -0.7517863261347546, 0.47280681288896986], [0.732989035744241, 0.6217309886631951, 0.2760029913146125], [-0.5014539220667685, 0.21969956206759858, 0.8368249915431308]], "T": [-0.012302094586297128, -0.020429074373386334, 0.10386990252730827], "aligned_model": [[-0.24591132833881782, -0.7015886733553994, -0.619798057772517, -0.07262742205091213, 0.5883523302307719, 0.25441577249067715, 0.46273359391927077, -0.2810029458634943, -0.00985204201622291, -0.14998001642846365, 0.33937781779254156, 0.04583224911955887], [-0.5780715430464097, -0.46682593559879476, 0.2771942680867771, 0.6226121683490915, 0.4984035170687386, -0.3326027677294379, -0.48306593547567717, 0.4565676107926105, -0.6857789680005991, -0.17382999179002628, 0.21166501593412326, -0.03926317255543783], [-0.388086361193926, 0.06688344369762611, 0.18255892615165956, -0.09686379292821051, 0.18093859977440113, -0.5956437078414007, 0.03889139702528177, 0.5997357591633401, 0.2543378304595795, 0.6700262463791884, 0.6364890352276438, 0.03118895293122241]], "inverted": true, "swapped": false, "error_lsq": 0.052550773558010376, "error_max": 0.3150143347036434, "target": "176.xyz", "model": "10.xyz", "model_rescale": 4.2482417240324, "target_rescale": 3.826450683654239},
{"mapping": [7, 9, 10, 1, 2, 3, 7, 0, 5, 4, 6, 11], "R": [[-0.5580190605806623, 0.13678573861653845, -0.8184768718417176], [0.45196891434612857, 0.8772871944120073, -0.16152795109667845], [0.6959445584911611, -0.46006177871220416, -0.5513658778657833]], "T": [-0.020244140256678228, 0.05169790479394437, 0.10689665248426401], "aligned_model": [[0.03891811517021104, -0.5949584822206152, -0.6630945661922489, 0.10054400028508154, 0.7084159662527516, 0.26267457585593146, 0.03891811517021104, -0.3784235800148912, 0.17208969968700294, -0.2904398074530453, 0.30342957988833785, -0.08812233870173347], [-0.5160750390100803, -0.5381907439883442, 0.09312917804881572, 0.7219561474408904, 0.13227104975558085, 0.039700853219843776, -0.5160750390100803, 0.6311642038668861, -0.56465413771896, -0.2600642128790471, 0.12046270162128463, -0.03662069531183185], [-0.25736967661062665, 0.07455922343261247, 0.11229498606305084, -0.08101467507874745, 0.005310709178435305, -0.6532906252825152, -0.25736967661062665, 0.4382058330196859, 0.49069871608504684, 0.8786726974899429, 0.6645604075802509, 0.16519840957989612]], "inverted": true, "swapped": false, "error_lsq": 0.054357457823870414, "error_max": 0.39726000716184634, "target": "176.xyz", "model": "11.xyz", "model_rescale": 3.6694154284099745, "target_rescale": 3.826450683654239},
{"mapping": [3, 4, 0, 12, 10, 2, 8, 5, 11, 6, 7, 13], "R": [[-0.24052351735098246, 0.5622510828715235, 0.7912156200498768], [-0.970169991954738, -0.1647101039348787, -0.17787852139115917], [0.030308815741549977, -0.8103976193644457, 0.5850957820876714]], "T": [-0.00669786900398683, -0.027049451395349255, 0.1575432357599141], "aligned_model": [[-0.16660671009700032, -0.527789985526512, -0.6940995839280591, 0.01929982706574546, 0.5553673857335364, 0.20987680713297718, 0.41370028582266943, -0.25630548291357563, 0.07484183721450599, -0.305867037592257, 0.4088303332782505, -0.12129639846328777], [-0.6041051327200446, -0.5344503335214155, 0.16617709858036428, 0.5900502550030498, 0.24585576656842895, -0.043694992697613615, -0.5764387885711444, 0.5703120734851392, -0.66853347488053, -0.10684770310496504, 0.2842721921882897, -0.015592694294600539], [-0.46107199505363594, 0.02084648866600211, 0.12787427673898102, -0.12579502926718103, 0.042938791110379876, -0.45819364717243116, -0.1491073780124589, 0.6323337581458408, 0.5137428607318393, 0.630813645825832, 0.6891262168776486, 0.11694834025558906]], "inverted": false, "swapped": false, "error_lsq": 0.039138015393521346, "error_max": 0.267945187505159, "target": "176.xyz", "model": "12.xyz", "model_rescale": 3.9764082729961374, "target_rescale": 3.826450683654239},
{"mapping": [9, 1, 13, 6, 4, 5, 0, 14, 2, 8, 3, 15], "R": [[0.12303615253304678, -0.7129820064214512, 0.6903033852510847], [-0.49534367203929297, -0.6468644548096742, -0.5798284433126861], [0.8599399698470207, -0.2705975528770082, -0.43275883888891353]], "T": [-0.1382510240423833, -0.06494419354579595, 0.12255450558961961], "aligned_model": [[-0.10165954648240458, -0.4450288416403505, -0.5760263362359159, -0.027198026292787697, 0.5253377431104009, 0.1473963471599715, 0.3968867418388904, -0.22873315093440424, 0.08597894594508473, -0.24291243116675934, 0.13339750634674155, -0.0574876739214739], [-0.4519124197728904, -0.6191780731949862, 0.3510430210814786, 0.6378493375693977, 0.13567797047554883, 0.0005488598894691221, -0.5046128008116143, 0.6543717416564568, -0.7659085131676631, -0.3172566818167225, 0.19397639754185403, -0.007594573415370537], [-0.3361564951267968, 0.16766277024069004, 0.023620388686520527, -0.15566715067153047, -0.06523371872508238, -0.6629008687707756, -0.09522295149626958, 0.4590149187919373, 0.43017351846527374, 0.7745033032492428, 0.8759539021661384, 0.16470871203705756]], "inverted": true, "swapped": false, "error_lsq": 0.04485788032808099, "error_max": 0.22587680008012118, "target": "176.xyz", "model": "13.xyz", "model_rescale": 4.170626492500431, "target_rescale": 3.826450683654239},
{"mapping": [1, 3, 11, 12, 8, 7, 0, 5, 2, 6, 4, 13], "R": [[-0.8439498896108081, -0.15203417063983157, 0.5144260829154792], [-0.2916081234376382, -0.6748863970526273, -0.6778591693106338], [0.4502369222654713, -0.7220899957977412, 0.5252359010937219]], "T": [-0.030688653228477046, -0.09302862560383701, 0.0646880639071754], "aligned_model": [[-0.16214199922836178, -0.5524013121241612, -0.6831255618347255, 0.07556500879038136, 0.569185575699583, 0.40048929429246877, 0.33364000490418466, -0.3876318744919528, 0.1535332310932699, -0.5046718159933099, 0.4761144731876431, -0.10860374656802646], [-0.5934714125891696, -0.5307072965497066, 0.17696668792883702, 0.6237812622602699, 0.3034678450531846, -0.12216007539258171, -0.5324944496028621, 0.538006980620606, -0.5536804366985868, -0.06846390943140383, 0.11180816104576924, -0.0460490906093981], [-0.5037233229202999, 0.17297881594508488, 0.09767688155589431, 0.1676437104449019, -0.1210476381789194, -0.6213634932615538, -0.1084963029623388, 0.6138742152504424, 0.49688521048315193, 0.7591128641302816, 0.5166345347230568, 0.11028085363670387]], "inverted": true, "swapped": false, "error_lsq": 0.05615875124573228, "error_max": 0.3077688845755931, "target": "176.xyz", "model": "14.xyz", "model_rescale": 3.9786697098870705, "target_rescale": 3.826450683654239},
{"mapping": [9, 3, 8, 7, 10, 6, 1, 5, 0, 2, 4, 11], "R": [[-0.9150654320965939, 0.3030582733409882, -0.2661032467698458], [0.11421813659505667, 0.827528493689317, 0.5496824623407986], [0.38679383688811225, 0.47260160292985615, -0.791857469910781]], "T": [-0.00355657374887626, -0.04778639159897855, 0.09310870752808761], "aligned_model": [[-0.34111832741442344, -0.7510116965564692, -0.4835635303354302, 0.02713020315410354, 0.6884083181058976, 0.23086073763868453, 0.6249708228993033, -0.28306964880461405, 0.04630994681225112, -0.4128565089203007, 0.2584785395802965, 0.005412421567693873], [-0.3848670970396801, -0.5779092322173095, 0.12919190062333066, 0.5104494569233744, 0.41129476346316296, -0.15285446537450212, -0.2660985338210386, 0.5746918268964973, -0.6940028128921042, -0.22362517477733856, 0.06816484350408464, -0.0874312092535188], [-0.3066949049256571, 0.1667961932098217, 0.19557885797485813, -0.25946336246403734, 0.14554981739533146, -0.6561341868652091, -0.040925660129685876, 0.5162551314779208, 0.34554335859044805, 0.8383614845548188, 0.6342257378937836, 0.0013638621340121698]], "inverted": false, "swapped": false, "error_lsq": 0.056640147898007004, "error_max": 0.31790478071698497, "target": "176.xyz", "model": "15.xyz", "model_rescale": 3.769337070930944, "target_rescale": 3.826450683654239},
{"mapping": [0, 5, 8, 6, 1, 2, 9, 3, 10, 4, 11], "R": [[-0.745413657488855, 0.3806078333169396, 0.5472624200937545], [0.2516830698419671, -0.5995159404239135, 0.7597606659551115], [0.617263405349784, 0.7040726627241081, 0.35109482197915276]], "T": [-0.014849215488757313, -0.08755744111739236, 0.037752154979879125], "aligned_model": [[-0.30318471748485504, -0.5857207431346493, -0.11951819210599676, -0.49892265055150525, 0.29088843373985257, 0.6307293914518036, 0.46119748949294026, 0.1349097732188991, 0.2588518625012409, -0.39076054875493926, 0.04415603231837967], [-0.05407777991777332, -0.5571741978225242, 0.6914954518924022, 0.2439914566339971, 0.13465173294799743, -0.2805085493186823, 0.5029744849055655, -0.4744308169582102, 0.40715100051823183, -0.02908510947505412, 0.011076824219392128], [-0.6227922655187632, -0.1241598064202688, -0.2102722752150871, -0.07457821868469947, -0.6334990355618244, -0.19718357919438143, -0.08273876186951956, 0.40221515835656907, 0.6085751433128923, 0.6531732671177467, 0.02547798090111282]], "inverted": false, "swapped": true, "error_lsq": 0.05338187094667737, "error_max": 0.28639345381227077, "target": "176.xyz", "model": "16.xyz", "model_rescale": 3.7852294659196426, "target_rescale": 3.826450683654239},
{"mapping": [1, 3, 8, 11, 6, 7, 5, 9, 4, 0, 10, 12], "R": [[-0.6435740248788674, 0.696540778042478, 0.3172434696336466], [0.7615528871718796, 0.6241747000327229, 0.17447963743438633], [-0.07648316508480457, 0.35388824275898156, -0.9321552644788157]], "T": [-0.11477165776621807, -0.09293287211459558, 0.06607333134383941], "aligned_model": [[-0.11093385318799456, -0.768271252266992, -0.6196661438682658, -0.0852757097833914, 0.7089861959535254, 0.283098802489181, 0.409676034105147, -0.2955937540607246, 0.16538551016436281, -0.40732577726999225, 0.4201136737624212, -0.09024244831028394], [-0.6680600937183783, -0.5442114454301965, 0.30904547281654193, 0.5866981846840726, 0.22119547131832404, 0.042245957097883285, -0.4787348519067819, 0.5114678506483926, -0.5972074843867459, -0.28195281040908426, 0.224063814432969, -0.01754579911203856], [-0.3126985056153019, 0.023867876529136273, 0.1538279857083918, -0.20808664042555175, -0.034622339809969316, -0.49504411283814453, -0.025143232062210752, 0.6570597282491144, 0.4771764349133492, 0.6529555221004175, 0.578582705026412, 0.11258090707076215]], "inverted": false, "swapped": false, "error_lsq": 0.044810152543320075, "error_max": 0.2599206264699968, "target": "176.xyz", "model": "17.xyz", "model_rescale": 3.901054581598922, "target_rescale": 3.826450683654239},
{"mapping": [4, 10, 11, 7, 0, 1, 8, 12, 5, 9, 13, 14], "R": [[0.470890160106201, -0.19638259829437127, 0.860056005270766], [-0.8627789912591595, -0.30591167169577993, 0.4025300751026194], [0.1840512682840938, -0.9315857041665274, -0.3134855761204518]], "T": [0.02798927654185658, -0.05698353176443495, 0.11468289447093756], "aligned_model": [[-0.12433329178865633, -0.6205100300867804, -0.7042729395967322, -0.004851182356439762, 0.6364932812315415, 0.21369594877051068, 0.3962021737891806, -0.17846294114870415, 0.13787877898787348, -0.3427119810913174, 0.2046776614492335, -0.0038542004327167673], [-0.6034446027233475, -0.5585519490167677, 0.25168001386415073, 0.5466695538973114, 0.3186803523633128, 0.07865881359759054, -0.5839965937757783, 0.5616030361523121, -0.4946286254258597, -0.19949728966699848, 0.019595668574210523, -0.02976411180517814], [-0.43645420554451436, 0.09647519703201106, 0.18713875236019611, -0.15771659199635685, -0.13850486379978755, -0.5431922726164699, -0.04992192596282809, 0.4706368857125584, 0.5465128566572937, 0.6404775575590737, 0.8149821440884812, 0.15002279535674817]], "inverted": true, "swapped": false, "error_lsq": 0.044445282194629926, "error_max": 0.22352747742664195, "target": "176.xyz", "model": "18.xyz", "model_rescale": 3.9405287249114394, "target_rescale": 3.826450683654239},
{"mapping": [8, 9, 13, 12, 1, 0, 6, 14, 5, 11, 10, 15], "R": [[-0.24691621955173773, 0.8556096672495768, 0.4549334872608819], [0.26330142635848836, 0.5110449799164025, -0.818233088661067], [-0.9325796155824251, -0.08225038487030112, -0.3514685402547769]], "T": [-0.06351731308229167, 0.054119071425629384, 0.03473955978213486], "aligned_model": [[0.021818441164667135, -0.591182808349029, -0.6736867361346686, -0.04581864297995669, 0.569980013249318, 0.2539561048480128, 0.47954072708822637, -0.24715685714961103, 0.05573881652692422, -0.37343186382015425, 0.20054274158213478, -0.040348658298870736], [-0.604268359106803, -0.4787459578741757, 0.2555338005262682, 0.5789784020504234, 0.17173040307788565, -0.09173240945320185, -0.44139632930235295, 0.5843722882383, -0.724872317988047, -0.11957447441107841, 0.13543317039037284, 0.04154604988736724], [-0.32791172713128725, 0.19793831164856857, 0.23083960426253003, -0.12130050668188197, -0.10797741950597808, -0.5573856232569362, -0.09881158487699279, 0.5684501611296703, 0.29971698057275176, 0.661634068671339, 0.77065011262582, 0.06461395138880198]], "inverted": true, "swapped": false, "error_lsq": 0.042138207407551094, "error_max": 0.21080378588587972, "target": "176.xyz", "model": "19.xyz", "model_rescale": 4.410303926677745, "target_rescale": 3.826450683654239},
{"mapping": [12, 4, 2, 1, 5, 8, 9, 0, 11, 6, 3, 13], "R": [[0.5401383199237646, 0.5338614276896545, -0.6505709579862112], [0.11571585415754046, 0.7185833852137611, 0.6857461334862358], [0.8335828911671136, -0.4456791385289369, 0.3263581913076199]], "T": [-0.03796560773048883, -0.02668865896634226, 0.13768089154615895], "aligned_model": [[-0.26348836105004186, -0.5743975286607432, -0.6733493575799884, -0.12021602420220909, 0.7331708906336932, 0.422908091014482, 0.30917893495546656, -0.3032919770066597, -0.011294167164607051, -0.14955878998503586, 0.21531884523358805, 0.02497072153904783], [-0.5371907611091724, -0.4328680499024307, 0.15678856944091107, 0.6171451708272864, 0.2884572660730769, -0.005238568576621194, -0.5155983146793319, 0.5207082593911989, -0.8281300702946823, -0.22817620216882628, 0.3061324409373146, -0.035025473903764634], [-0.37143798330674693, 0.34347810143907187, 0.10257640697120715, -0.23892601196981786, 0.06625071731945655, -0.4772930175220904, -0.2004237399254892, 0.515990161934998, 0.3477133246603306, 0.6700863336549613, 0.7301670070358093, 0.09227502855471452]], "inverted": true, "swapped": false, "error_lsq": 0.05129308651463401, "error_max": 0.33212772647162964, "target": "176.xyz", "model": "20.xyz", "model_rescale": 4.121658175737393, "target_rescale": 3.826450683654239},
{"mapping": [3, 0, 5, 9, 10, 11, 4, 8, 2, 1, 6, 12], "R": [[0.24850027186615553, 0.8980492176510864, -0.362981015424662], [-0.684015156780009, -0.10263478667004257, -0.7222114412417007], [-0.6858358988691584, 0.42775425566727776, 0.5887745040173419]], "T": [-0.03277003746692091, 0.011765147065549195, 0.1304669965303325], "aligned_model": [[-0.28034950813069986, -0.823896044883401, -0.6929979188916375, 0.15506153254143945, 0.7181508805916319, 0.2712961841807282, 0.36850932728803404, -0.23987280819962292, 0.3097924212568531, -0.30093312982141157, 0.24552876853610828, -0.12033842674102885], [-0.55332081130993, -0.5885855162076069, 0.17005848255060707, 0.635112997148981, 0.22243009688573923, 0.005171500374699586, -0.3413134110125997, 0.5750721624863049, -0.5880798069520105, -0.3867971148919416, 0.18082801794618858, -0.023572330983473527], [-0.18894334816859654, 0.10109946351446569, 0.18474309179509474, -0.1838889073194277, 0.1507424843506164, -0.6954078485988904, -0.07796046129188541, 0.4362393814820955, 0.445186915222989, 0.6320759530249789, 0.6931320677218844, 0.08343753711308091]], "inverted": false, "swapped": false, "error_lsq": 0.045475683328369966, "error_max": 0.2574323885906089, "target": "176.xyz", "model": "21.xyz", "model_rescale": 4.08911054899281, "target_rescale": 3.826450683654239},
{"mapping": [15, 11, 8, 0, 13, 2, 14, 6, 9, 5, 10, 16], "R": [[0.9706723849089152, -0.23881865932707275, 0.027582043659935496], [-0.1007387315520763, -0.5082326474601015, -0.8553077130606125], [0.21828153641688922, 0.8274449975756187, -0.5173856848102455]], "T": [0.040165675147835936, -0.021276822887578324, 0.06687578744978247], "aligned_model": [[-0.14116288789062587, -0.6209189255186145, -0.6199712432609105, 0.013175326560058744, 0.6522138422957511, 0.03296970765444878, 0.4476104037163078, -0.24225652905660966, 0.16082234999465392, -0.29225281161154815, 0.15521628499543572, 0.0645057598486457], [-0.5854420711273586, -0.405558082682043, 0.13481664516191322, 0.7233333859931257, 0.22322461520462092, -0.08071362394937148, -0.5058085214356629, 0.5641788241232512, -0.5487790506481265, -0.2751193371632396, 0.04562429594518407, 0.017247186612664757], [-0.3577941347240479, 0.03240704231877507, 0.21045885137502235, -0.1450358830476654, 0.018439706993552837, -0.6526166128607612, -0.03819757839968475, 0.4316270897186054, 0.5302665276303418, 0.6350227592405152, 0.8627545512621843, 0.05312400933956805]], "inverted": false, "swapped": false, "error_lsq": 0.041994986040872366, "error_max": 0.2436629399869555, "target": "176.xyz", "model": "22.xyz", "model_rescale": 4.204369325754507, "target_rescale": 3.826450683654239},
{"mapping": [8, 9, 13, 12, 1, 0, 6, 14, 5, 11, 10, 15], "R": [[-0.24691621955173773, 0.8556096672495768, 0.4549334872608819], [0.26330142635848836, 0.5110449799164025, -0.818233088661067], [-0.9325796155824251, -0.08225038487030112, -0.3514685402547769]], "T": [-0.06351731308229167, 0.054119071425629384, 0.03473955978213486], "aligned_model": [[0.021818441164667135, -0.591182808349029, -0.6736867361346686, -0.04581864297995669, 0.569980013249318, 0.2539561048480128, 0.47954072708822637, -0.24715685714961103, 0.05573881652692422, -0.37343186382015425, 0.20054274158213478, -0.040348658298870736], [-0.604268359106803, -0.4787459578741757, 0.2555338005262682, 0.5789784020504234, 0.17173040307788565, -0.09173240945320185, -0.44139632930235295, 0.5843722882383, -0.724872317988047, -0.11957447441107841, 0.13543317039037284, 0.04154604988736724], [-0.32791172713128725, 0.19793831164856857, 0.23083960426253003, -0.12130050668188197, -0.10797741950597808, -0.5573856232569362, -0.09881158487699279, 0.5684501611296703, 0.29971698057275176, 0.661634068671339, 0.77065011262582, 0.06461395138880198]], "inverted": true, "swapped": false, "error_lsq": 0.042138207407551094, "error_max": 0.21080378588587972, "target": "176.xyz", "model": "23.xyz", "model_rescale": 4.410303926677745, "target_rescale": 3.826450683654239},
{"mapping": [10, 1, 0, 5, 15, 8, 9, 12, 11, 7, 13, 16], "R": [[-0.06383662861980818, -0.21656921247225527, -0.9741779411666043], [0.9805153434432402, -0.19533534946897707, -0.020826966178913775], [-0.18578090891919363, -0.9565259418630422, 0.22481898590683694]], "T": [0.0036729764749647564, -0.04473519648931918, 0.12820253791906808], "aligned_model": [[-0.05095278336726267, -0.6609761412767255, -0.6640905116962355, 0.03223075482569774, 0.6448173941568405, 0.2656499757371298, 0.47374160561284206, -0.2542549126758661, 0.12767256420843154, -0.36909103155325784, 0.17044069399834363, -0.10523633024294454], [-0.5085163537968518, -0.5830004121130683, 0.2877633298465598, 0.5502522461655546, 0.1975223220092364, -0.1343508791409451, -0.37017112427729404, 0.6118881557101784, -0.627567531480302, -0.1940070757852582, 0.13966430071358646, -0.062472711816438244], [-0.3253468097419775, 0.1978262227666541, 0.24619603323159645, -0.07372920749659509, -0.07069271401279612, -0.6457766275207573, -0.12781879797620613, 0.5135527839656857, 0.3418659604828094, 0.658009858605081, 0.7857525190250637, 0.08061710751784722]], "inverted": true, "swapped": false, "error_lsq": 0.037227213995337974, "error_max": 0.16363428698190358, "target": "176.xyz", "model": "24.xyz", "model_rescale": 4.28219845311461, "target_rescale": 3.826450683654239},
{"mapping": [11, 14, 6, 1, 3, 5, 9, 0, 13, 2, 4, 15], "R": [[0.5172650760462281, -0.8382649492442957, -0.17247816085333317], [-0.4961595140392485, -0.12951826792304502, -0.8585166014134794], [0.6973253026609796, 0.5296573355884658, -0.48290840655977463]], "T": [0.0020141934462712743, -0.16031347775388444, 0.11155590742933338], "aligned_model": [[-0.13338462708084656, -0.6459384963866494, -0.7980515066688195, 0.15390976432541462, 0.6552909767961842, 0.1697788150951605, 0.5237182372539381, -0.2855935141589758, 0.083091441329112, -0.402049260702294, 0.3100308178099104, -0.020851369885141306], [-0.5000609327407115, -0.5585364386335526, 0.2538249338758805, 0.424849735531384, 0.25139068353424104, 0.06335062960965429, -0.46721417699541945, 0.4826867174337129, -0.5839091671733894, -0.1768596435392175, 0.22121203126008665, -0.10373010612771097], [-0.2918246789632615, 0.15303373356742986, 0.13566786448691126, -0.09913141589988284, 0.05011916944743411, -0.6928756183790589, -0.18929378154948964, 0.5231220959708273, 0.5201016560523772, 0.6640402726445437, 0.6539696038944678, 0.15352742757410698]], "inverted": false, "swapped": false, "error_lsq": 0.04004409154710581, "error_max": 0.20888856555684532, "target": "176.xyz", "model": "25.xyz", "model_rescale": 4.100010024507729, "target_rescale": 3.826450683654239},
{"mapping": [7, 9, 10, 1, 2, 3, 7, 0, 5, 4, 6, 11], "R": [[-0.5580190605806623, 0.13678573861653845, -0.8184768718417176], [0.45196891434612857, 0.8772871944120073, -0.16152795109667845], [0.6959445584911611, -0.46006177871220416, -0.5513658778657833]], "T": [-0.020244140256678228, 0.05169790479394437, 0.10689665248426401], "aligned_model": [[0.03891811517021104, -0.5949584822206152, -0.6630945661922489, 0.10054400028508154, 0.7084159662527516, 0.26267457585593146, 0.03891811517021104, -0.3784235800148912, 0.17208969968700294, -0.2904398074530453, 0.30342957988833785, -0.08812233870173347], [-0.5160750390100803, -0.5381907439883442, 0.09312917804881572, 0.7219561474408904, 0.13227104975558085, 0.039700853219843776, -0.5160750390100803, 0.6311642038668861, -0.56465413771896, -0.2600642128790471, 0.12046270162128463, -0.03662069531183185], [-0.25736967661062665, 0.07455922343261247, 0.11229498606305084, -0.08101467507874745, 0.005310709178435305, -0.6532906252825152, -0.25736967661062665, 0.4382058330196859, 0.49069871608504684, 0.8786726974899429, 0.6645604075802509, 0.16519840957989612]], "inverted": true, "swapped": false, "error_lsq": 0.054357457823870414, "error_max": 0.39726000716184634, "target": "176.xyz", "model": "26.xyz", "model_rescale": 3.6694154284099745, "target_rescale": 3.826450683654239},
{"mapping": [10, 4, 0, 6, 3, 11, 9, 1, 8, 5, 7, 13], "R": [[0.9427193077646396, 0.2761345601662657, 0.1871630611246296], [0.3330703800121336, -0.8103637734154086, -0.4820525663187714], [0.01855879107948004, 0.5167787335192148, -0.8559178184007767]], "T": [-0.026448542036020376, -0.07959263346702913, 0.08241252103673205], "aligned_model": [[-0.09351463306388937, -0.686314502340774, -0.6449092998252286, -0.016716820690416922, 0.659809890069761, 0.12961079373993248, 0.5754102792915383, -0.25510881508914657, 0.0007271422785117242, -0.3484971944382133, 0.350535362814708, -0.06108092501979008], [-0.5729294702846351, -0.5650905143829104, 0.12168881775136522, 0.5915712426800979, 0.3278870101792787, -0.14633332820512104, -0.35466582722562157, 0.640271645272002, -0.6595704743426128, 0.0030357253889836955, -0.017345996396597785, -0.0615145643992707], [-0.25524355363937556, 0.01608536109300586, 0.2004185022552997, -0.06123557940043692, 0.2082732564196754, -0.7586383886163266, -0.08179537382829083, 0.5397488889526824, 0.3493289474802581, 0.8003510417471363, 0.5825495186437504, 0.04061370773902701]], "inverted": false, "swapped": false, "error_lsq": 0.05013861389017187, "error_max": 0.30066120086947534, "target": "176.xyz", "model": "27.xyz", "model_rescale": 4.103607728864725, "target_rescale": 3.826450683654239},
{"mapping": [4, 2, 0, 5, 11, 8, 13, 9, 12, 3, 10, 14], "R": [[0.26902133262547057, -0.28333620079539623, 0.9205151383389886], [-0.7375259203658113, 0.5540694885846407, 0.38608615438541405], [-0.619421536097171, -0.7827691863751318, -0.05991128007842397]], "T": [0.06893953428067798, 0.048635007482243836, 0.16573353462326426], "aligned_model": [[-0.09596105746319383, -0.4099098458499818, -0.6321913606165894, -0.21313564584700725, 0.7051215051089289, 0.23342560179290067, 0.43663171001579437, -0.16033399589083716, 0.01317201741055099, -0.44756162340055583, 0.25443827778263706, -0.07374430531565443], [-0.6138030712071746, -0.5043292455141356, 0.17347816342412514, 0.6840648909392212, 0.17943483381942485, -0.08484922307084855, -0.4464778361857964, 0.7043370468491398, -0.7345404145530979, -0.22364903421250523, 0.14692962840576815, 0.026408527340836936], [-0.43058255092139897, 0.08664806004847095, 0.21594703496605216, -0.061868895828730175, -0.05837612354106722, -0.6263562775790095, -0.03310878705857531, 0.5988760169380057, 0.5133250470435766, 0.6375585099256813, 0.6301726156257649, 0.10822167922763486]], "inverted": false, "swapped": false, "error_lsq": 0.04196953671859866, "error_max": 0.268638409049894, "target": "176.xyz", "model": "28.xyz", "model_rescale": 4.137296879288765, "target_rescale": 3.826450683654239},
{"mapping": [8, 9, 2, 3, 5, 1, 0, 10, 4, 6, 11], "R": [[-0.3288308297026937, -0.9372642338700471, -0.11578446072350104], [0.29141495247894234, 0.01591598722253662, -0.9564643259538894], [0.8983026276866466, -0.3482562810039842, 0.26789914488952793]], "T": [-0.08907053049286173, 0.08352224477038482, -0.0784208942511642], "aligned_model": [[0.4580877776019755, 0.1674994607091691, -0.0652401343476835, -0.5959133544171665, -0.026589992538017, 0.5508490461421254, 0.5712995476969516, -0.4591998994726151, -0.5564714174946193, 0.22681987356973987, -0.04972189673996222], [-0.3201123266290268, -0.6401983958162064, -0.228817770175527, 0.17721346913180913, 0.8376195632757263, -0.19122614121581133, 0.3687381291234615, -0.5280845029431817, 0.2318418192253186, 0.23560369278191212, -0.023429720110522162], [0.38751047558840435, -0.062088226892530254, -0.7195702484351727, -0.276573236598312, -0.06930502350992081, -0.40773358431274154, -0.134460523278687, 0.2882247694321114, 0.4535651995277404, 0.40526739460139527, -0.05908297433928847]], "inverted": false, "swapped": true, "error_lsq": 0.049671582033729435, "error_max": 0.3322442294086774, "target": "176.xyz", "model": "29.xyz", "model_rescale": 3.607286011436655, "target_rescale": 3.826450683654239},
