[{"mapping": [2, 1, 3, 8, 11, 0, 7, 6, 13, 10, 4, 14], "R": [[0.680013216419303, -0.7097920248517484, -0.183786035791432], [-0.5615624897866489, -0.3430345620665113, -0.7529773298662165], [0.4714123413315504, 0.615241879820199, -0.6318606126002901]], "T": [-0.1013568598362407, 0.11467181474572956, 0.06562276730658882], "aligned_model": [[-0.12572006937014021, 0.11142450983248338, 0.5555769548481259, -0.20860819943913972, -0.3262803424325519, -0.5892440049254333, 0.4034894428437093, -0.3992201998618739, 0.6763651323143091, 0.1723333190260195, -0.4712230185115724, 0.03874893813661352], [-0.3036807820853822, -0.6641890560708896, -0.5409770843710173, 0.7229028365026005, 0.4195892805572664, -0.5977875411202606, -0.1807207895866611, -0.5116589011589506, 0.19776799543711115, 0.28994381319099904, 0.16797029287029042, 0.05439497181195075], [-0.4513126990085193, 0.03190893062717558, -0.4365080320935361, -0.015077960899506401, -0.6382711010269626, -0.05097707907446693, 0.37707376538227344, 0.5042983605668414, -0.10223732611680346, 0.5698505110110111, 0.4389554745167979, -0.045751098530742315]], "inverted": true, "swapped": true, "error_lsq": 0.04674347771110147, "error_max": 0.2850241763820272, "target": "178.xyz", "model": "0.xyz", "model_rescale": 3.751011558992144, "target_rescale": 4.051186720354237},
{"mapping": [3, 0, 7, 1, 13, 12, 2, 8, 9, 11, 5, 11, 10, 4, 14], "R": [[-0.6810799967020708, -0.5151515304841592, -0.5203354098388233], [-0.31980543112613874, 0.848561608004372, -0.42150644555363515], [0.6586763426103386, -0.12067351847387042, -0.7426865944828981]], "T": [-0.15356920368251575, 0.12975414532866952, -0.10007744237267893], "aligned_model": [[0.009864866080454782, -0.48928255849425667, 0.050738190487103735, -0.5453390142791867, 0.13212160231466524, 0.4998301307319712, -0.5347524880499421, -0.7667557206657485, 0.2895481649568263, 0.537775516682391, -0.2377999010394471, 0.537775516682391, 0.0008749970738761992, -0.6300412674408682, -0.0994499514412033], [-0.4796310277034274, -0.15988662145200994, 0.25489167133847584, 0.4545700011546551, -0.5043699878319707, -0.08006002572677295, -0.6025048705474838, 0.0783276717243035, 0.026475315282144474, 0.5282172947445352, -0.18756096639120634, 0.5282172947445352, 0.6605407597750881, 0.7123797517857968, 0.12187937231089453], [-0.5305944632233405, -0.7156335227741576, -0.7183622570568251, -0.5762041321779423, 0.10913428151612856, -0.38472183014140715, -0.052810758809544084, 0.14847006886504008, 0.3765462060215867, -0.09931251895528467, 0.4312438883609818, -0.09931251895528467, 0.5056174535164059, 0.1430187218671741, -0.09648482074951686]], "inverted": true, "swapped": false, "error_lsq": 0.05374830608105409, "error_max": 0.3632864382331097, "target": "178.xyz", "model": "1.xyz", "model_rescale": 3.9405287249114394, "target_rescale": 4.051186720354237},
{"mapping": [3, 9, 13, 5, 8, 7, 2, 11, 4, 6, 6, 1, 14], "R": [[-0.998562798121208, -0.05317699964569714, -0.006674197856316365], [0.046473049904931785, -0.9211692623499126, 0.3863773359479713], [-0.02669445337289099, 0.38551186338477217, 0.9223166535137068]], "T": [0.049252675274765165, -0.16238349467500007, -0.13268812434719945], "aligned_model": [[-0.5034601840217379, 0.30460204758731335, -0.3162081241593925, 0.4022754296093109, 0.5134096356744832, -0.6018845720963955, 0.0785913414916342, 0.7227049231079616, 0.1307379207380947, -0.3448886816719955, -0.3448886816719955, -0.52498231157125, -0.020025463732099763], [0.6381034138628761, 0.48917830460046147, 0.4478227441757811, -0.28025003889829864, -0.165242794938351, -0.09760976785497885, 0.23092813030878895, 0.254451776000677, -0.6842442436736587, -0.6908516997985512, -0.6908516997985512, -0.004236527450189792, 0.011634997036011868], [0.27633762046933585, -0.34639954296718006, -0.49877586441609845, 0.21043964635709944, -0.548032046562893, -0.23734448404875527, 0.4032968996094145, -0.02432651275479286, -0.13905419086298035, 0.35600703427091906, 0.35600703427091906, 0.41346250212000324, -0.10849774589634695]], "inverted": true, "swapped": true, "error_lsq": 0.06116058265300757, "error_max": 0.3532254750404302, "target": "178.xyz", "model": "2.xyz", "model_rescale": 3.932901565614263, "target_rescale": 4.051186720354237},
{"mapping": [1, 3, 3, 7, 0, 5, 2, 6, 10, 4, 9, 12, 11, 14], "R": [[0.2823887643077879, 0.9583942219323422, -0.04167854555308931], [-0.6543035794416341, 0.224197565533529, 0.7222342262304552], [0.7015293377490253, -0.17668040914470198, 0.690391643418339]], "T": [-0.011298253385690165, -0.05840469549739874, 0.2571229818719037], "aligned_model": [[-0.2389143676470873, 0.38160416504910066, 0.38160416504910066, -0.13667788776982143, -0.4832701214273009, -0.10926692132888628, 0.17347891987276018, -0.7686361302697392, -0.17757097528887383, -0.44440773911769765, 0.7199515896105769, 0.46300910879273754, 0.5469268283534588, 0.11197927817437565], [-0.12004656001658187, -0.05521593921884649, -0.05521593921884649, 0.4339823640373734, -0.6714413716354248, -0.5423985601458892, -0.506372250556854, -0.1615330407341212, 0.503729697150562, -0.08339523044994895, -0.08384819644258593, 0.6336481180862639, -0.5881381655669344, -0.04025828693767736], [-0.5158116694525843, -0.7222596690447094, -0.7222596690447094, -0.16827475567571237, -0.1436965707540922, 0.36850670347272085, -0.1989660483022676, -0.041629249558467196, 0.38452200666849284, 0.5584710528932475, 0.25121146416144285, 0.5754229683471299, 0.4734537948948348, 0.11520600445177204]], "inverted": false, "swapped": true, "error_lsq": 0.06269052627262398, "error_max": 0.4662416881597623, "target": "178.xyz", "model": "3.xyz", "model_rescale": 3.9243930471874484, "target_rescale": 4.051186720354237},
{"mapping": [1, 3, 0, 4, 5, 7, 10, 2, 11, 9, 8, 12, 14], "R": [[0.643916118265323, -0.6962152513676853, -0.31726385927355394], [0.6270923672108933, 0.7178208573529834, -0.3024704609294367], [0.43832316345814615, -0.004188139450710726, 0.8988076901451081]], "T": [0.08402709348568822, -0.15175990951864113, 0.020982160324065566], "aligned_model": [[-0.0337084871524634, -0.4524335198801041, 0.6587592625451687, 0.41588215100746967, 0.5602688290388137, -0.40521504292440935, -0.24553174571796776, 0.19585342780142173, 0.3246405703449642, -0.24284380610885498, 0.12572302111967965, -0.584889950347583, -0.039298823414782774], [-0.4032866570146091, 0.08945158303595041, -0.32098304635310726, -0.48876199728631364, 0.0002995879683155289, -0.5365107171416417, -0.5473869416252625, 0.17242245725557195, 0.6085470067559732, 0.5013051878027341, 0.1456448378100356, -0.02605791322067047, -0.06685383430538919], [-0.7379047999650562, -0.8551456166935038, -0.6116900992925849, 0.25618595921768134, -0.05855382458185536, -0.2064760824823017, 0.32878473980505735, -0.5493119757274293, 0.0763929866708251, 0.06647990008034929, 0.5666673251326064, 0.6057628445056767, -0.09412104129850109]], "inverted": false, "swapped": true, "error_lsq": 0.04626940350592504, "error_max": 0.26459665292864465, "target": "178.xyz", "model": "4.xyz", "model_rescale": 3.8936222436046832, "target_rescale": 4.051186720354237},
{"mapping": [0, 5, 6, 1, 10, 8, 9, 13, 3, 2, 7, 14], "R": [[-0.5653870702159334, 0.34260515590396634, -0.7503060495428928], [-0.7661116729329159, 0.11893738801642473, 0.6316065249249402], [0.30563109368742536, 0.9319203854835719, 0.1952281477952881]], "T": [-0.33481526853666355, -0.042077577113031964, -0.01651489930201535], "aligned_model": [[0.02000654859260953, -0.41697139612942824, -0.1851075870570136, 0.3792795125581364, -0.5457872126297217, -0.8188404945863832, -0.18040626821979758, 0.05273637878382287, 0.6985142617424943, 0.18952321425139584, 0.008098488653940528, -0.17349740374495767], [-0.5355734463596806, -0.5194052999709915, -0.009545001123600474, 0.02116268324639757, 0.5169213384121814, -0.12249418320985715, -0.1604879217825716, 0.41085240285314095, 0.030387164761664517, -0.4508714294986184, 0.510687454563162, -0.022710856781419674], [-0.6408473663465583, -0.1636980166891329, -0.8227271869438059, -0.3894842053230437, -0.07021086016629258, 0.36716880274747665, 0.6888541541447891, 0.5169564093840691, 0.1848598720400075, 0.011618342740321648, -0.1429636205753744, 0.07975839426306178]], "inverted": false, "swapped": true, "error_lsq": 0.04101213613824175, "error_max": 0.22134366147891882, "target": "178.xyz", "model": "5.xyz", "model_rescale": 3.6523030999806103, "target_rescale": 4.051186720354237},
{"mapping": [11, 8, 12, 9, 13, 5, 10, 2, 4, 1, 7, 3, 14], "R": [[-0.12611533444278808, 0.9436358631077696, -0.30601679737432574], [-0.665374970126768, 0.1483358484939887, 0.731623280917421], [0.7357792274501821, 0.2958848321702616, 0.6091642590832048]], "T": [-0.14139121804706511, -0.0750671962242545, 0.048212465340747926], "aligned_model": [[0.21107810442630492, -0.1450766298383682, 0.17880513484874594, 0.5041157302545519, 0.5242698390615362, -0.3150709267990358, -0.306319618326765, 0.20151354317864323, -0.6655789472310875, 0.014006344581933589, -0.017506186620320496, 0.662041209951123, 0.03480530717703331], [-0.6431486344758348, -0.06580678951137464, 0.5826254151019882, -0.15624463689975654, 0.36730754422165135, -0.5488000846220559, 0.4996081475281644, -0.5413099443789325, -0.06331831505282604, -0.1285423726966522, 0.42025279286970224, -0.11370487457746581, -0.06809134334342418], [0.4864825511176959, 0.6709974168404276, 0.5679568030635752, 0.3830850582529828, 0.014546022869034794, 0.08903848120931838, 0.09739657893574373, -0.2802213363765223, 0.11230772055251319, -0.7430073480999791, -0.3742078367501736, -0.6348514547629083, -0.01941291736991914]], "inverted": false, "swapped": true, "error_lsq": 0.044356228693972224, "error_max": 0.26924378025727863, "target": "178.xyz", "model": "6.xyz", "model_rescale": 4.08911054899281, "target_rescale": 4.051186720354237},
{"mapping": [0, 2, 6, 7, 9, 3, 1, 13, 8, 4, 11, 4, 10, 12, 14], "R": [[0.9002238304582917, 0.11536253775748367, 0.4198672885057302], [0.07901414693097947, -0.991535770666838, 0.10302223096443441], [0.4281983414958196, -0.059567611755658244, -0.9017194020148156]], "T": [-0.1345212893392183, 0.15928783321097273, -0.06205457155451754], "aligned_model": [[0.11399042066210463, -0.5590278071535996, -0.0011649778558553425, -0.4819263006755145, 0.1673503466000213, 0.5260606700171231, -0.4394870338948312, -0.866063917244426, 0.4426200359300036, 0.45712871814243067, -0.353329976328711, 0.45712871814243067, -0.0011173439291573828, -0.5923070166747967, -0.11474645213819559], [-0.5166845658319915, -0.12923477050588494, 0.11987578923013238, 0.5785239865509457, -0.4966991177724738, -0.132717939926577, -0.5068507328048405, 0.14592160338456706, 0.12059574438587187, 0.5172482314918722, 0.014139520483995305, 0.5172482314918722, 0.5248801108119499, 0.5763943602441798, 0.018845181973938585], [-0.6670003780762311, -0.6838973706354492, -0.5414351629746125, -0.6123633670217365, 0.24308792542451507, -0.3858068529257104, -0.09671527508793759, -0.038363860096353945, 0.29927600591412185, -0.19867123090395156, 0.4629080830863649, -0.19867123090395156, 0.5444275571265695, 0.29072906038626434, 0.023089893992113024]], "inverted": true, "swapped": false, "error_lsq": 0.05081033004025051, "error_max": 0.33159775522360624, "target": "178.xyz", "model": "7.xyz", "model_rescale": 3.964800864290218, "target_rescale": 4.051186720354237},
{"mapping": [11, 8, 5, 9, 0, 12, 2, 4, 10, 7, 13, 1, 6, 14], "R": [[-0.04420506727486126, 0.963808068494415, -0.262906673807056], [0.22312137077869293, 0.2660413220560117, 0.9377840203695766], [0.9737878444143067, -0.017205291736969996, -0.22680655194941737]], "T": [0.09223947249781787, -0.06712554345716117, 0.03221069327548767], "aligned_model": [[-0.31053084274793297, 0.038487105754621484, 0.25190381625185587, -0.5829667813851075, 0.4078424392932372, -0.2614621123776754, -0.22805732169997855, 0.6083809346103832, 0.2633537191377468, 0.01787400224461673, -0.5584869451731137, 0.00965740682785246, 0.6819643796635501, -0.07677191093918266], [-0.07351555568929967, -0.5797464051743966, 0.16190357010714673, -0.2515559243440245, 0.7301869484417254, -0.8493204613147571, 0.491311742427067, -0.15967408744333395, -0.44938599946004426, -0.001128080684945354, -0.25236504588680725, 0.6178636003998754, 0.43117930753348344, -0.004805142730486711], [-0.6582725090967823, -0.3174905626684985, -0.3900536988145079, -0.1810745616939243, -0.1224349723355066, 0.29352611825105923, -0.13629004544519818, -0.0314428334994378, 0.46170931182882424, 0.6873766386419101, 0.45903025628660055, 0.45293253176102644, 0.3103578134955066, 0.08894155201395017]], "inverted": true, "swapped": true, "error_lsq": 0.04619229037484075, "error_max": 0.25146885949273695, "target": "178.xyz", "model": "8.xyz", "model_rescale": 4.121658175737393, "target_rescale": 4.051186720354237},
{"mapping": [8, 10, 4, 5, 12, 9, 7, 3, 1, 13, 11, 2, 14], "R": [[0.4912227296246626, 0.5837044782562241, 0.6465209292542082], [-0.8575110123504791, 0.19378820684865625, 0.4765721294662951], [0.15288915461128155, -0.78850187885002, 0.5957261900002684]], "T": [0.011548352395145171, 0.05751262004114945, -0.23847790708411967], "aligned_model": [[-0.5674653685611247, -0.1198518537762494, 0.10187739584362746, 0.1344645875999643, -0.7170184345184062, -0.46815969692935305, 0.2522096023327212, 0.42060473153699907, 0.7130074285269918, -0.2538835642055775, -0.3655088483909734, 0.3250563987099471, 0.021405118266630302], [0.2256971088399909, -0.44939378616744163, 0.14062959335734126, 0.5433824645570003, -0.46521458839044927, 0.1356238864992146, -0.5496941567399082, -0.2159997225287589, -0.13849707421329907, -0.46802376793384737, 0.669032933586395, 0.356681205624166, 0.006163342921305971], [-0.3947389767043702, -0.5311416836754719, -0.7522397644003096, -0.3097263994668382, -0.20432890171613574, 0.30850241077901497, -0.1266280200217244, 0.6950298500557128, 0.11162515548674681, 0.30308546487532584, 0.11209674304708248, 0.2665424884294465, -0.05700293272939011]], "inverted": true, "swapped": true, "error_lsq": 0.04211609839936253, "error_max": 0.26026611164167585, "target": "178.xyz", "model": "9.xyz", "model_rescale": 3.833441315466971, "target_rescale": 4.051186720354237},
{"mapping": [1, 12, 0, 10, 4, 5, 6, 11, 3, 2, 7, 13, 9, 8, 14], "R": [[-0.917235845360563, -0.3570233750911945, 0.1766712020228135], [0.16877521116486643, 0.053425387803801516, 0.984205596424989], [-0.3608231313011242, 0.9325663716736229, 0.01125301477587387]], "T": [-0.14330271297314034, 0.03506279279125872, -0.13827270265464386], "aligned_model": [[-0.021194070929130004, -0.5822981924982746, 0.02437310861962741, -0.5491859383885493, 0.29643518194592056, 0.5024680643530417, -0.20450520918037007, -0.785359522313211, 0.21575575419567927, 0.4121618304068856, -0.46698859426898387, 0.419195497854707, -0.018383701420273957, -0.370662521466508, -0.1167036033115336], [-0.4065268680889474, -0.2549970161595528, 0.15385656517006868, 0.6006808369032947, -0.5471293940717532, -0.059503696181913604, -0.641056994782084, 0.20602208503463215, -0.03566962479232681, 0.41141285409866585, 0.043290772807445956, 0.49192744605778, 0.5598920541755823, 0.7608166878488316, 0.06846992518783362], [-0.717666337289766, -0.43181713455327303, -0.7875768072164956, -0.57541018562897, 0.1835897235744141, -0.3156775610487593, -0.11967551591316544, 0.016236374810932735, 0.6493793728233498, 0.11954511544403779, 0.4440276729045707, -0.4707738196840258, 0.46741666779868907, 0.032455630282102826, -0.05345939899962723]], "inverted": false, "swapped": false, "error_lsq": 0.06016164351968356, "error_max": 0.4149861376542793, "target": "178.xyz", "model": "10.xyz", "model_rescale": 4.2482417240324, "target_rescale": 4.051186720354237},
{"mapping": [13, 1, 6, 0, 12, 8, 10, 5, 2, 11, 9, 14], "R": [[0.418518239139831, -0.8330517936045071, -0.3617557085653378], [0.7431750484385441, 0.08517075031240454, 0.6636541197563608], [-0.5220472496677512, -0.5465991698342914, 0.6547488195108111]], "T": [0.04326229607000845, 0.11740669790486175, 0.07625660175685736], "aligned_model": [[-0.731042239472294, 0.09149796020033985, 0.564364642160511, 0.7231528068945035, -0.7109856865282317, -0.05920046863042877, -0.22760001861239784, 0.47908698152209583, 0.15661131523967511, 0.09569987620941216, -0.42587589310832796, -0.07894367351185058], [-0.05790863932107937, -0.6888838647728053, -0.37179965110494967, -0.401148020591966, 0.557947887502211, 0.7262559359516121, 0.20324221289470354, 0.1931093164505829, -0.27917901061279954, 0.4668988486289101, 0.30432262647068214, 0.013273748555537895], [-0.021980367130616144, 0.051646859909302595, 0.47946684979948173, -0.09130718160886017, 0.2818116868569065, -0.005989494727122652, 0.6045917944302442, -0.16987387471752, -0.4459564900374453, -0.6407771133703719, -0.4532530258864018, -0.023187353663240567]], "inverted": false, "swapped": true, "error_lsq": 0.05739344119391227, "error_max": 0.32986103318640625, "target": "178.xyz", "model": "11.xyz", "model_rescale": 3.6694154284099745, "target_rescale": 4.051186720354237},
{"mapping": [5, 0, 1, 6, 4, 11, 8, 9, 7, 13, 3, 10, 2, 14], "R": [[0.29980466041197007, 0.5769534712203157, -0.7597643434921728], [0.8753398686274849, 0.15030700782864828, 0.4595518662662753], [0.37933794957330746, -0.8028278118279334, -0.45996763426255516]], "T": [0.17361211609137286, -0.08523828365898635, -0.0284549440927514], "aligned_model": [[-0.012384844598634814, -0.05465751748510947, -0.033649254291275715, 0.4926751605329279, 0.5735051994946875, -0.43604056074584796, 0.22707959738091443, -0.33391756563435115, 0.38358033005428405, -0.024516889474752362, -0.4949549846810143, 0.6839274719193112, -0.4155978319263559, 0.04321653971102629], [-0.24981679460031864, 0.3260521850179473, 0.6860306480063479, 0.44550339378155424, -0.20191774967993745, -0.5984068248754234, -0.6867175799179439, -0.35724771817153894, 0.44830062023196326, 0.11910392316862674, 0.6553653783678476, -0.022202056433232323, 0.16588402021079024, 0.0010558430295712906], [-0.4695595787362874, -0.761913088121923, -0.15183950368546217, -0.5669352655887345, -0.35324785878117104, -0.09180692739839891, 0.12426806603800583, 0.4230238930276622, 0.3037767392041571, 0.7191563472521718, 0.31519764654525356, 0.2805383837142661, -0.20902061980280112, 0.07745722598567677]], "inverted": true, "swapped": true, "error_lsq": 0.04822406541792793, "error_max": 0.30577078163137655, "target": "178.xyz", "model": "12.xyz", "model_rescale": 3.9764082729961374, "target_rescale": 4.051186720354237},
{"mapping": [2, 0, 9, 5, 8, 1, 7, 4, 11, 13, 3, 12, 14, 6, 15], "R": [[-0.2040972268785365, -0.8062157013047064, 0.5553022284758556], [0.9347375325943565, 0.008053023924309288, 0.3552476515968666], [-0.2908780967001562, 0.591566895435702, 0.7519564755254522]], "T": [-0.031397976450162186, 0.14211446218139093, -0.13610479766472938], "aligned_model": [[0.030924335125483725, -0.4415679602337972, -0.03987490769888417, -0.47286131233196194, 0.2709737617679744, 0.4303717087711262, -0.5320467487090386, -0.7479801564364214, 0.4028450044426073, 0.23244671895916846, -0.2137750191509116, 0.4493213097524753, -0.09671761520264688, -0.4012894853469318, -0.11566155010921506], [-0.6092766387473108, -0.20291803976109143, 0.16544585140057874, 0.5939087616595602, -0.4132941448781998, -0.15202959310018768, -0.42188991480474336, 0.16380612371646686, 0.08422854833079649, 0.6418646297617924, -0.2677461184835672, 0.44654646292869615, 0.44116497690658174, 0.7568365780255656, 0.12483815025261905], [-0.39646388974937524, -0.625820113443708, -0.7368401091217215, -0.6872998084058115, 0.1797202294936907, -0.4579286793362663, -0.08831809973369015, -0.17973016786620705, 0.5261843788076436, 0.09866379668855513, 0.5760724036175945, -0.42497095999962015, 0.6022109708319976, 0.1264895618279367, -0.07137571630700387]], "inverted": false, "swapped": false, "error_lsq": 0.05468099351301747, "error_max": 0.36346240371913163, "target": "178.xyz", "model": "13.xyz", "model_rescale": 4.170626492500431, "target_rescale": 4.051186720354237},
{"mapping": [7, 6, 10, 4, 13, 11, 8, 1, 3, 0, 2, 5, 9, 14], "R": [[-0.7020032458915425, 0.48285139750551387, -0.5234940025298389], [0.45536293758818847, 0.8694989147436928, 0.19135368386993848], [0.547572860748955, -0.10404885961178503, -0.8302636912359188]], "T": [-0.1808311974518154, 0.04413462686107179, -0.011393279844343976], "aligned_model": [[0.2761051711340322, -0.13664258361735404, -0.24157559915721852, -0.5926111671141748, 0.3802403800656524, -0.32454620815654794, -0.6132915609471952, 0.4682538403350113, 0.85211603895145, -0.05569186331077977, 0.21555188281764812, -0.4052086267377345, 0.02928757368804219, -0.008804255859187676], [-0.18488081165541226, -0.7709565896097885, -0.05673732857229241, -0.280121561818823, 0.4741849922239778, 0.6224542370821526, 0.48270554674293203, -0.40545138237563805, 0.12725755325433818, -0.547091787037297, 0.0687482964128638, -0.033170771048179684, 0.7390439735084444, 0.120090100818388], [-0.4331626341256965, 0.07300272941303616, -0.5996170223389914, -0.07707580464507262, -0.3858112968220466, 0.5214521348770643, -0.10409719263361393, 0.1606469020052731, 0.18781375168225722, 0.6163162061760308, 0.5225630465867911, 0.4357452882022164, 0.08003840296228533, 0.0060585897813331055]], "inverted": false, "swapped": true, "error_lsq": 0.049740717058027184, "error_max": 0.40643504054645485, "target": "178.xyz", "model": "14.xyz", "model_rescale": 3.9786697098870705, "target_rescale": 4.051186720354237},
{"mapping": [1, 13, 6, 0, 10, 4, 9, 8, 5, 2, 12, 14], "R": [[-0.3062782365048191, 0.9089046098617894, 0.2829947914988664], [-0.06745023546952336, 0.2758140071622646, -0.9588415401870115], [-0.9495494234523048, -0.31276036133928964, -0.023169997762473082]], "T": [0.06836207609555316, 0.06751389918248134, 0.016406334468433165], "aligned_model": [[0.14259417401372992, -0.7047385141277633, 0.6625994332515633, 0.7339985176401933, -0.12229410602236217, 0.472543572580557, -0.4823317101953369, -0.068208633153258, 0.4586698682486639, 0.11605264737668226, -0.6620248663364179, -0.06350578650891524], [-0.4896170326754909, -0.05292769812227402, -0.003402603723998157, -0.46125498875864696, 0.5412290575853764, 0.4048319160861508, -0.16048306829464143, 0.4191342299159236, -0.10398940070565717, -0.5936718856529151, 0.5794106470148943, -0.0645846824442826], [-0.5642239356318264, -0.1501553127354276, -0.5451110954612934, -0.17479856900854732, -0.2984211959120076, -0.02687052710749679, 0.4408617352184926, 0.5120594567194678, 0.2893544977991967, 0.07466184863684663, 0.11497654233737635, -0.012366950980951075]], "inverted": true, "swapped": true, "error_lsq": 0.0489074264015113, "error_max": 0.25087532314435346, "target": "178.xyz", "model": "15.xyz", "model_rescale": 3.769337070930944, "target_rescale": 4.051186720354237},
{"mapping": [2, 11, 1, 3, 0, 5, 6, 8, 7, 13, 14], "R": [[-0.1154618586622918, 0.9067796713490671, -0.4054863583677346], [0.929692995715493, 0.24239613913388497, 0.2773356187916343], [0.34977062900106604, -0.34495614121372625, -0.8710142178673862]], "T": [0.16454687755646263, -0.10245163818496592, 0.15126025459771764], "aligned_model": [[-0.2371016473490748, -0.20649345777176292, -0.04489954770766422, -0.6811003348427453, 0.34982452039021344, 0.2994149592877129, 0.6536781285204685, 0.20864795194723693, 0.05674026561360976, -0.46172661549281885, -0.014358091904004444], [0.015080855367361257, -0.7328263610391131, 0.6047573443833902, 0.49313050657375124, 0.22983891185038466, -0.31547348033675016, 0.4663438384492985, -0.6747344558347674, 0.47295809620934004, 0.07894745061682273, -0.04195820861437584], [-0.3661364143025795, -0.17121236471100565, -0.17892823713037898, -0.057870222619303635, -0.6326293484099529, -0.28770050634793554, -0.18141276238730392, 0.39314432821026657, 0.46175933062195557, 0.6147355676079755, 0.15046823669203951]], "inverted": true, "swapped": true, "error_lsq": 0.049522043121515355, "error_max": 0.23104029044629534, "target": "178.xyz", "model": "16.xyz", "model_rescale": 3.7852294659196426, "target_rescale": 4.051186720354237},
{"mapping": [10, 6, 5, 4, 7, 1, 3, 2, 8, 12, 13, 11, 14], "R": [[-0.8833157901767563, -0.28045863315500424, -0.3756277012059148], [0.2401431187853575, -0.9588854563408624, 0.1512281855938839], [-0.4025971899112746, 0.043377836585095905, 0.9143488754128494]], "T": [0.08528576908444915, -0.0554823220799429, -0.0005306496547035138], "aligned_model": [[-0.0296484320020568, -0.517990463925795, 0.24642826689794392, 0.12366245558317615, -0.45061077949399075, -0.6551915117234788, -0.5303791001281943, -0.09094475731447496, 0.6815817328931332, 0.4189601289799342, -0.04161894549740211, 0.6744125462213535, 0.025104709726135217], [-0.1066289402035307, -0.5998596130014877, -0.31598669880401764, -0.5667178132537991, 0.1545972769114034, 0.07499842252413537, 0.7154332715903221, 0.18692056426575931, -0.04804461446211433, 0.3923751989439391, 0.681959307497781, 0.18824470522990278, 0.11776455646458041], [-0.587085299999438, 0.11418710377962497, 0.4024889769884949, -0.12774902833541113, -0.3288746088432032, 0.2956195859451165, 0.3739273209486284, 0.5936228489001534, -0.18035344369895714, -0.7028870509258334, -0.283388422513917, 0.48171263798831176, 0.04453407690960401]], "inverted": true, "swapped": true, "error_lsq": 0.04686703536686297, "error_max": 0.2504813345219703, "target": "178.xyz", "model": "17.xyz", "model_rescale": 3.901054581598922, "target_rescale": 4.051186720354237},
{"mapping": [3, 0, 7, 1, 13, 12, 2, 8, 9, 11, 5, 11, 10, 4, 14], "R": [[-0.6810799967020708, -0.5151515304841592, -0.5203354098388233], [-0.31980543112613874, 0.848561608004372, -0.42150644555363515], [0.6586763426103386, -0.12067351847387042, -0.7426865944828981]], "T": [-0.15356920368251575, 0.12975414532866952, -0.10007744237267893], "aligned_model": [[0.009864866080454782, -0.48928255849425667, 0.050738190487103735, -0.5453390142791867, 0.13212160231466524, 0.4998301307319712, -0.5347524880499421, -0.7667557206657485, 0.2895481649568263, 0.537775516682391, -0.2377999010394471, 0.537775516682391, 0.0008749970738761992, -0.6300412674408682, -0.0994499514412033], [-0.4796310277034274, -0.15988662145200994, 0.25489167133847584, 0.4545700011546551, -0.5043699878319707, -0.08006002572677295, -0.6025048705474838, 0.0783276717243035, 0.026475315282144474, 0.5282172947445352, -0.18756096639120634, 0.5282172947445352, 0.6605407597750881, 0.7123797517857968, 0.12187937231089453], [-0.5305944632233405, -0.7156335227741576, -0.7183622570568251, -0.5762041321779423, 0.10913428151612856, -0.38472183014140715, -0.052810758809544084, 0.14847006886504008, 0.3765462060215867, -0.09931251895528467, 0.4312438883609818, -0.09931251895528467, 0.5056174535164059, 0.1430187218671741, -0.09648482074951686]], "inverted": true, "swapped": false, "error_lsq": 0.05374830608105409, "error_max": 0.3632864382331097, "target": "178.xyz", "model": "18.xyz", "model_rescale": 3.9405287249114394, "target_rescale": 4.051186720354237},
{"mapping": [8, 6, 5, 2, 4, 7, 0, 1, 13, 11, 12, 9, 14, 10, 15], "R": [[0.18208344023551176, -0.9609020265681045, -0.20859749789801152], [-0.9270037246608964, -0.09701264111765412, -0.36228806484371306], [0.32788674150814023, 0.2593373147094096, -0.9084241531038719]], "T": [-0.09951405795214671, 0.051143688873548636, 0.02322319340714868], "aligned_model": [[0.004093664303687655, -0.48461408281553986, -0.006637581899503295, -0.5838209989985534, 0.05228663156652341, 0.49341638314098824, -0.3548553905900592, -0.7384981860506388, 0.42918092297396015, 0.23500538937742813, -0.25680904863747517, 0.5504324656026063, -0.07662947046976837, -0.3885438439218958, -0.11889876998273308], [-0.3148848438336684, -0.0940388958557023, 0.31165198230085933, 0.5140072009835996, -0.6342469194445209, -0.29459497805691653, -0.5472877884597834, -0.1032124740158793, 0.2593174457306858, 0.6833077105047688, -0.10374538742630726, 0.22282141386755117, 0.5897052737213253, 0.7821467693602492, 0.0805391238312961], [-0.6306580715554719, -0.6003980406233869, -0.7608508031075303, -0.5304278149225279, 0.22782351918186822, -0.13337762126374644, -0.19893627350635446, -0.03502526576303752, 0.38165749627379125, -0.06440437653048114, 0.5246279422455224, -0.34705524536090837, 0.5792507800053301, 0.023785410235164145, 0.004582161995783089]], "inverted": true, "swapped": false, "error_lsq": 0.04017424623658548, "error_max": 0.21617705101858062, "target": "178.xyz", "model": "19.xyz", "model_rescale": 4.410303926677745, "target_rescale": 4.051186720354237},
{"mapping": [11, 8, 5, 9, 0, 12, 2, 4, 10, 7, 13, 1, 6, 14], "R": [[-0.04420506727486126, 0.963808068494415, -0.262906673807056], [0.22312137077869293, 0.2660413220560117, 0.9377840203695766], [0.9737878444143067, -0.017205291736969996, -0.22680655194941737]], "T": [0.09223947249781787, -0.06712554345716117, 0.03221069327548767], "aligned_model": [[-0.31053084274793297, 0.038487105754621484, 0.25190381625185587, -0.5829667813851075, 0.4078424392932372, -0.2614621123776754, -0.22805732169997855, 0.6083809346103832, 0.2633537191377468, 0.01787400224461673, -0.5584869451731137, 0.00965740682785246, 0.6819643796635501, -0.07677191093918266], [-0.07351555568929967, -0.5797464051743966, 0.16190357010714673, -0.2515559243440245, 0.7301869484417254, -0.8493204613147571, 0.491311742427067, -0.15967408744333395, -0.44938599946004426, -0.001128080684945354, -0.25236504588680725, 0.6178636003998754, 0.43117930753348344, -0.004805142730486711], [-0.6582725090967823, -0.3174905626684985, -0.3900536988145079, -0.1810745616939243, -0.1224349723355066, 0.29352611825105923, -0.13629004544519818, -0.0314428334994378, 0.46170931182882424, 0.6873766386419101, 0.45903025628660055, 0.45293253176102644, 0.3103578134955066, 0.08894155201395017]], "inverted": true, "swapped": true, "error_lsq": 0.04619229037484075, "error_max": 0.25146885949273695, "target": "178.xyz", "model": "20.xyz", "model_rescale": 4.121658175737393, "target_rescale": 4.051186720354237},
{"mapping": [11, 8, 12, 9, 13, 5, 10, 2, 4, 1, 7, 3, 14], "R": [[-0.12611533444278808, 0.9436358631077696, -0.30601679737432574], [-0.665374970126768, 0.1483358484939887, 0.731623280917421], [0.7357792274501821, 0.2958848321702616, 0.6091642590832048]], "T": [-0.14139121804706511, -0.0750671962242545, 0.048212465340747926], "aligned_model": [[0.21107810442630492, -0.1450766298383682, 0.17880513484874594, 0.5041157302545519, 0.5242698390615362, -0.3150709267990358, -0.306319618326765, 0.20151354317864323, -0.6655789472310875, 0.014006344581933589, -0.017506186620320496, 0.662041209951123, 0.03480530717703331], [-0.6431486344758348, -0.06580678951137464, 0.5826254151019882, -0.15624463689975654, 0.36730754422165135, -0.5488000846220559, 0.4996081475281644, -0.5413099443789325, -0.06331831505282604, -0.1285423726966522, 0.42025279286970224, -0.11370487457746581, -0.06809134334342418], [0.4864825511176959, 0.6709974168404276, 0.5679568030635752, 0.3830850582529828, 0.014546022869034794, 0.08903848120931838, 0.09739657893574373, -0.2802213363765223, 0.11230772055251319, -0.7430073480999791, -0.3742078367501736, -0.6348514547629083, -0.01941291736991914]], "inverted": false, "swapped": true, "error_lsq": 0.044356228693972224, "error_max": 0.26924378025727863, "target": "178.xyz", "model": "21.xyz", "model_rescale": 4.08911054899281, "target_rescale": 4.051186720354237},
{"mapping": [13, 12, 7, 10, 2, 4, 3, 9, 1, 8, 15, 0, 11, 5, 16], "R": [[0.5041286918829861, 0.76858575451748, 0.39386571312205515], [0.5545950002695758, -0.6377066032832541, 0.534560262089246], [0.6620261684377275, -0.05105121038457511, -0.7477400124521432]], "T": [-0.0893010234185158, 0.11833747847648862, -0.08766193899111602], "aligned_model": [[-0.06655473377335483, -0.60337346700606, -0.0225955785083196, -0.5052089324523417, 0.25684502462114817, 0.35536671641346246, -0.19329674308294742, -0.7893146024205565, 0.49649258962243753, 0.16336506933644074, -0.24069594461902244, 0.6136659337434525, -0.1603548344463968, -0.489663073758535, -0.05956934007038029], [-0.3002682532396557, -0.1225290401727323, 0.23100901328709925, 0.5935580342534492, -0.3793640897152191, -0.3977981545834533, -0.7308987767782553, 0.25012349072007195, 0.23274280035484657, 0.71157059572361, -0.1505016224913429, 0.13331718805434167, 0.48847738279649533, 0.692993104064971, 0.09905396093333087], [-0.5985257307301743, -0.5595542455313058, -0.7866982019075599, -0.5899780185516692, 0.3044220976888921, -0.23654711389544236, -0.23686480875860288, -0.07497147988964054, 0.4355546954084168, 0.1672818435047118, 0.5728773357834227, -0.41276571260606637, 0.5785518686013398, -0.002749074387374942, -0.11943965742493241]], "inverted": true, "swapped": false, "error_lsq": 0.04674588832791672, "error_max": 0.2934047434917035, "target": "178.xyz", "model": "22.xyz", "model_rescale": 4.204369325754507, "target_rescale": 4.051186720354237},
{"mapping": [8, 6, 5, 2, 4, 7, 0, 1, 13, 11, 12, 9, 14, 10, 15], "R": [[0.18208344023551176, -0.9609020265681045, -0.20859749789801152], [-0.9270037246608964, -0.09701264111765412, -0.36228806484371306], [0.32788674150814023, 0.2593373147094096, -0.9084241531038719]], "T": [-0.09951405795214671, 0.051143688873548636, 0.02322319340714868], "aligned_model": [[0.004093664303687655, -0.48461408281553986, -0.006637581899503295, -0.5838209989985534, 0.05228663156652341, 0.49341638314098824, -0.3548553905900592, -0.7384981860506388, 0.42918092297396015, 0.23500538937742813, -0.25680904863747517, 0.5504324656026063, -0.07662947046976837, -0.3885438439218958, -0.11889876998273308], [-0.3148848438336684, -0.0940388958557023, 0.31165198230085933, 0.5140072009835996, -0.6342469194445209, -0.29459497805691653, -0.5472877884597834, -0.1032124740158793, 0.2593174457306858, 0.6833077105047688, -0.10374538742630726, 0.22282141386755117, 0.5897052737213253, 0.7821467693602492, 0.0805391238312961], [-0.6306580715554719, -0.6003980406233869, -0.7608508031075303, -0.5304278149225279, 0.22782351918186822, -0.13337762126374644, -0.19893627350635446, -0.03502526576303752, 0.38165749627379125, -0.06440437653048114, 0.5246279422455224, -0.34705524536090837, 0.5792507800053301, 0.023785410235164145, 0.004582161995783089]], "inverted": true, "swapped": false, "error_lsq": 0.04017424623658548, "error_max": 0.21617705101858062, "target": "178.xyz", "model": "23.xyz", "model_rescale": 4.410303926677745, "target_rescale": 4.051186720354237},
{"mapping": [2, 12, 5, 6, 3, 4, 0, 7, 10, 9, 1, 8, 11, 14, 16], "R": [[-0.008227407830830646, 0.9284771067564088, -0.37129849446184615], [-0.3032205668599657, -0.3561451192107629, -0.8838653414946605], [-0.9528848816061186, 0.10531341933295976, 0.2844635057698859]], "T": [-0.14439025114102552, 0.22913059920625012, -0.08899277169989785], "aligned_model": [[0.0851994659387994, -0.6790768937725298, -0.05201060807932563, -0.5029567163460147, 0.22900158740816537, 0.4052857715083642, -0.42687976505386616, -0.691285408559889, 0.3710443644980277, 0.2388513307770417, -0.22123985218214245, 0.6649174408524855, -0.22577327192251165, -0.32741122188309013, -0.11255813958448754], [-0.5688142683345451, -0.07888883185534107, 0.09188291074220456, 0.5748324641249483, -0.572623495121167, -0.10399722987013627, -0.4564798796571682, 0.008499191251482519, 0.18397916552641624, 0.6965952639699977, -0.28080619134334217, 0.34527253766589705, 0.5122380616970553, 0.8806714943102069, 0.11912444010104803], [-0.46776249244706686, -0.604172409363928, -0.6958132616201063, -0.6632909524230574, 0.07538451313027393, -0.3355013772501947, -0.232253920962805, 0.21785957927364674, 0.3060672886874969, 0.07539293544837765, 0.5968599515826883, -0.174073774664283, 0.47131826265625365, -0.07683644452419817, -0.052584100219082386]], "inverted": true, "swapped": false, "error_lsq": 0.04766052184358124, "error_max": 0.27487317838072367, "target": "178.xyz", "model": "24.xyz", "model_rescale": 4.28219845311461, "target_rescale": 4.051186720354237},
{"mapping": [10, 6, 8, 0, 12, 11, 14, 2, 9, 3, 13, 5, 7, 4, 15], "R": [[-0.2830333055083494, -0.8275152458774239, 0.484882115378], [0.09658945454595472, -0.5275767005341212, -0.8439984018492246], [0.9542340516055441, -0.19204515847570042, 0.22925102368912276]], "T": [-0.0675467966611904, 0.13306674719724526, -0.05950450118276293], "aligned_model": [[0.05731527355905913, -0.5293173516503951, 0.1330504515933123, -0.6673378493084667, 0.1024398303009997, 0.27785053503327883, -0.336874431880207, -0.7326584535981429, 0.48778748092354246, 0.21933607075163003, -0.3138685518561444, 0.6722204302203199, -0.029743782511199218, -0.4608916933501193, -0.12419987462844022], [-0.4180824867693444, -0.06395708773905451, 0.1207880152517124, 0.5091250531043257, -0.4881988739336857, -0.2852561978065409, -0.5687512208683774, -0.028957717177281128, 0.1783473725695755, 0.8444219051165283, -0.050931732996974816, 0.24943147436068722, 0.46487746476630293, 0.7197867724047788, 0.1688428929249059], [-0.6165940847743367, -0.807933988825371, -0.7240013286118749, -0.46494872146266153, 0.35226421410269904, -0.10623423679398333, -0.1822187607543455, -0.04707143484140425, 0.32315355633622234, 0.04874245972817687, 0.4488129283245271, -0.46507124195221927, 0.6433600558819018, 0.12940811696372034, -0.09107373601703679]], "inverted": false, "swapped": false, "error_lsq": 0.041836404686104486, "error_max": 0.24575022893008708, "target": "178.xyz", "model": "25.xyz", "model_rescale": 4.100010024507729, "target_rescale": 4.051186720354237},
{"mapping": [13, 1, 6, 0, 12, 8, 10, 5, 2, 11, 9, 14], "R": [[0.418518239139831, -0.8330517936045071, -0.3617557085653378], [0.7431750484385441, 0.08517075031240454, 0.6636541197563608], [-0.5220472496677512, -0.5465991698342914, 0.6547488195108111]], "T": [0.04326229607000845, 0.11740669790486175, 0.07625660175685736], "aligned_model": [[-0.731042239472294, 0.09149796020033985, 0.564364642160511, 0.7231528068945035, -0.7109856865282317, -0.05920046863042877, -0.22760001861239784, 0.47908698152209583, 0.15661131523967511, 0.09569987620941216, -0.42587589310832796, -0.07894367351185058], [-0.05790863932107937, -0.6888838647728053, -0.37179965110494967, -0.401148020591966, 0.557947887502211, 0.7262559359516121, 0.20324221289470354, 0.1931093164505829, -0.27917901061279954, 0.4668988486289101, 0.30432262647068214, 0.013273748555537895], [-0.021980367130616144, 0.051646859909302595, 0.47946684979948173, -0.09130718160886017, 0.2818116868569065, -0.005989494727122652, 0.6045917944302442, -0.16987387471752, -0.4459564900374453, -0.6407771133703719, -0.4532530258864018, -0.023187353663240567]], "inverted": false, "swapped": true, "error_lsq": 0.05739344119391227, "error_max": 0.32986103318640625, "target": "178.xyz", "model": "26.xyz", "model_rescale": 3.6694154284099745, "target_rescale": 4.051186720354237},
