[{"mapping": [5, 1, 6, 11, 7, 0, 9, 2, 12, 10, 3, 13], "R": [[0.5156244848973852, -0.4778470525240681, 0.7111916654238623], [-0.6039600158386773, 0.3860608190744719, 0.69727278969116], [-0.6077529842316293, -0.7890622525311982, -0.08953810243656433]], "T": [-0.025842258530023025, -0.1361146196701422, -0.06684069983108241], "aligned_model": [[-0.20926166852294034, 0.11282372639364222, 0.31091610767186073, -0.33709232432522157, -0.024394425639627175, -0.6227414490775982, 0.36512543166621486, -0.29436234514672527, 0.6676264896620129, 0.29354678510629384, -0.48372720939144737, 0.05918334406408416], [-0.394047943612857, -0.7170284432073326, -0.30917225536382764, 0.5883927003085607, 0.3753364956034177, -0.5492209574064463, -0.25964233709221046, -0.4549243915855145, 0.18882682955410274, 0.5196749279417396, 0.05663250512424106, 0.008727905713183992], [-0.4199037772500954, -0.04218502207906439, -0.5925169904782304, -0.003324710959867694, -0.539029207703103, -0.014876393844152153, 0.5645469055007357, 0.5504384939267045, -0.038342202064714004, 0.5276438537889451, 0.23263598330906543, -0.043135186792661505]], "inverted": false, "swapped": true, "error_lsq": 0.04274186944006603, "error_max": 0.23339512881771274, "target": "180.xyz", "model": "0.xyz", "model_rescale": 3.751011558992144, "target_rescale": 3.995202323264415},
{"mapping": [3, 7, 12, 13, 2, 0, 1, 8, 6, 11, 10, 5, 4, 14], "R": [[-0.40780295751898443, 0.6987650603915063, 0.5877279457494122], [0.7839655776293555, -0.062017105792230465, 0.6176988357455651], [0.4680755504521046, 0.7126578905514271, -0.5225169950381994]], "T": [-0.0870489257541322, -0.02799492003657856, 0.09834209392264134], "aligned_model": [[-0.10044746905554025, 0.38128393180638276, -0.21568079856896427, -0.6646757309075813, -0.32473424274491963, 0.3913972608839612, 0.595334617249911, -0.06977956061104294, 0.4060783107901788, -0.16639987303156076, -0.3726742665633573, -0.6247303814456628, 0.18304860247197824, -0.1146309283048098], [0.15291694945133988, -0.3070180528579658, -0.4662664216249563, 0.1078462228357426, 0.7017296006089562, 0.37162867801166827, 0.08049089796614373, 0.5220778433741955, -0.5773699342658571, -0.8218182607690353, -0.41493782255340156, 0.2548260971706587, 0.0517326205635509, -0.0678840583568231], [-0.6436129343833616, -0.27913300416594145, -0.4876161266603868, -0.3204617458065806, -0.20946615165200502, -0.33397115462975424, 0.18927655914549069, 0.46920591815070245, 0.23523025114923243, 0.08164120169460012, 0.7625311505987744, 0.24324541143787445, 0.837439390917975, 0.07280971795152767]], "inverted": true, "swapped": false, "error_lsq": 0.04370593123810497, "error_max": 0.30734502055087426, "target": "180.xyz", "model": "1.xyz", "model_rescale": 3.9405287249114394, "target_rescale": 3.995202323264415},
{"mapping": [6, 7, 12, 3, 11, 8, 5, 4, 10, 9, 2, 1, 13], "R": [[-0.6915462574390526, 0.692517357537314, -0.2053861809654582], [0.6893092058033379, 0.717681526796354, 0.09892444030686363], [0.2159087599353292, -0.07316375882081606, -0.9736685636182357]], "T": [-0.023502274582643704, 0.007816046637322972, 0.11592084502734372], "aligned_model": [[-0.34132949857018346, 0.30328323494525017, -0.428567709183793, 0.4303350266708523, 0.6216454878236586, -0.9132742680997582, 0.027684920945411366, 0.7929250892723552, 0.001517909260943747, -0.4843660050553357, -0.038925834069577156, -0.4564910831135275, -0.01845399154236547], [0.5704383662842464, 0.4413911367132786, 0.014097650742784386, -0.34136249040668265, -0.13201761884988464, 0.0714446715766392, 0.36172077674510844, 0.24358605315350856, -0.6027752953087572, -0.5787686523722764, -0.6056513684165572, 0.03561325790321747, -0.018883894192608056], [0.06973982993580939, -0.3197053692082941, -0.5346024440708759, 0.2086700733003949, -0.3200294407405168, 0.011642306544410605, 0.42730024257987864, 0.1416412655673464, -0.5996442323664876, 0.014490313439722624, 0.538053709314762, 0.5270717114130348, -0.05150761612054093]], "inverted": false, "swapped": true, "error_lsq": 0.04950063004135335, "error_max": 0.3596470017247287, "target": "180.xyz", "model": "2.xyz", "model_rescale": 3.932901565614263, "target_rescale": 3.995202323264415},
{"mapping": [8, 7, 9, 12, 11, 3, 0, 1, 4, 5, 6, 10, 2, 13], "R": [[-0.6970315983884698, 0.21860983772901793, -0.6829031334648477], [0.4991360046424541, 0.8316882893310971, -0.24322384393616012], [0.5147914137955132, -0.5103962463004661, -0.6888290586530238]], "T": [0.002446680397807474, 0.038713643393227484, -0.009557451638769525], "aligned_model": [[-0.009599504233140058, 0.3497303885578769, -0.31107478904484254, -0.6910605905343682, -0.4597306502023315, 0.3298032094497356, 0.5938318786735713, 0.06619095108309934, 0.48779385203771697, -0.2397542008517657, -0.3366539449309647, -0.6229550006345498, 0.2418470411684639, -0.09497916856952912], [0.22491677337955823, -0.44508459368787, -0.3833948631802901, -0.27784399574273944, 0.7192275533368725, 0.36121295755533817, 0.14974934596646733, 0.5354166245946098, -0.5611256725977427, -0.635835144581967, -0.2532275932818092, 0.27389838063658634, -0.1023484486618234, -0.017606964180973572], [-0.7194659030260169, -0.4033541494295919, -0.5227061983639675, 0.0348129937996527, -0.3574103398256737, -0.23208244648937365, 0.2852050784721816, 0.5363284680666328, 0.4001464933146571, 0.04632055313764644, 0.5066531070599503, 0.24871820929525346, 0.7759288987367361, 0.018023719000060202]], "inverted": false, "swapped": false, "error_lsq": 0.054967176973830544, "error_max": 0.44778193309098363, "target": "180.xyz", "model": "3.xyz", "model_rescale": 3.9243930471874484, "target_rescale": 3.995202323264415},
{"mapping": [9, 10, 8, 1, 6, 2, 0, 12, 7, 11, 5, 4, 13], "R": [[-0.973270434854993, 0.016079951705508633, -0.22909844126558654], [0.1619168726017738, -0.6594015194173701, -0.7341475073559295], [-0.1628729167296818, -0.7516189668596797, 0.6391723880556435]], "T": [0.01816065610201778, -0.09248725923084494, -0.023094818524804425], "aligned_model": [[-0.04369547991016518, -0.4081539743458569, 0.7134278235812661, 0.34891019383457456, 0.6348273868146928, -0.39391103269016975, -0.23496944961301336, 0.32629405419922536, 0.08001933305559208, -0.543848545686959, 0.2184363398999165, -0.4183578971423261, -0.001772865685424438], [-0.45883637030372926, 0.2238501449985188, -0.3534188790984197, -0.5894411915533795, 0.055887721365880605, -0.7022032786455925, -0.5485987635274279, 0.2601200724684676, 0.5799759574869845, 0.46425245684543487, -0.1659015858079506, 0.3305044997879341, 0.031638769664866256], [-0.6778675173824198, -0.8000553445467132, -0.5282037884767257, 0.007541118472927114, 0.10880557340963039, -0.13807137959977384, 0.4843824955296864, -0.6297412502516218, 0.14576326611467877, -0.020216164265124556, 0.40037395639417994, 0.571322712283535, -0.136963362311295]], "inverted": true, "swapped": true, "error_lsq": 0.056491351255399606, "error_max": 0.3651797023658732, "target": "180.xyz", "model": "4.xyz", "model_rescale": 3.8936222436046832, "target_rescale": 3.995202323264415},
{"mapping": [8, 12, 6, 1, 7, 11, 10, 3, 2, 9, 5, 13], "R": [[-0.06417971479931622, 0.6250006300093722, 0.7779814758052832], [0.08954220545592056, -0.7728375401927337, 0.6282549879713928], [0.9939130533655187, 0.10998340309670879, -0.006363441906604317]], "T": [-0.046460276454987556, 0.12875250075857508, -0.06120471682929719], "aligned_model": [[0.12014478627732762, -0.452437289555417, -0.2540840420832685, 0.4135444867211951, -0.7147983635053327, -0.5401516030423322, -0.3452152379572487, 0.053316340463454084, 0.5985973693351084, 0.29925780753618386, 0.02138905331109732, -0.17201526528566996], [-0.5458313678690723, -0.5112576503593496, 0.11557936218246315, 0.04661665042300667, 0.319402494555085, 0.3033985024131206, -0.4995340227586255, 0.3575908769548291, 0.07947728978250818, -0.5129472691761661, 0.4852255621403478, 0.031202476821660233], [-0.6302356239042494, -0.17464053929286572, -0.6747269620607006, -0.43395979478496594, -0.10023173009354877, 0.5317450189502497, 0.5724219033415837, 0.46241154569762943, 0.30791436669611427, 0.12711828118929153, -0.3664083228995259, -0.0021234235634938967]], "inverted": true, "swapped": true, "error_lsq": 0.04758951659530084, "error_max": 0.34916266904129944, "target": "180.xyz", "model": "5.xyz", "model_rescale": 3.6523030999806103, "target_rescale": 3.995202323264415},
{"mapping": [0, 3, 11, 5, 7, 2, 10, 1, 9, 8, 12, 6, 13], "R": [[-0.4798087236923805, -0.8724954696243548, 0.09238638510985014], [0.3487223576316325, -0.286269664217583, -0.8924362143237958], [0.8050939733698947, -0.3959814829429893, 0.4416133594104081]], "T": [0.16127150384288544, -0.07215606202647265, 0.07147352705490281], "aligned_model": [[0.2583521515826228, -0.02539844318938883, 0.16017774494356463, 0.5519974326071317, 0.6109146567355012, -0.36989303421084396, -0.5029574168989602, 0.1147830774053413, -0.542121441632968, -0.05121408714474404, -0.035185945104930255, 0.5959088998328997, 0.11571930973906872], [-0.6566268934938901, -0.06407379600877247, 0.5063796791265541, -0.34069857244798973, 0.4551262283331482, -0.5162703809890433, 0.5923174531494321, -0.5783978534832134, -0.12358811320535856, -0.19599389107579115, 0.4523057549553813, -0.07896252060907266, 0.0893098099117991], [0.49410217498257647, 0.6206414193587793, 0.611026064721546, 0.07810563732975657, 0.13735787899792687, 0.34606962287240817, 0.12397176440265087, -0.24293878661440974, -0.19188601479211484, -0.7923151517700826, -0.4516347674682579, -0.40887500386403086, 0.04648490132504089]], "inverted": true, "swapped": true, "error_lsq": 0.05461669875004907, "error_max": 0.24615314955993403, "target": "180.xyz", "model": "6.xyz", "model_rescale": 4.08911054899281, "target_rescale": 3.995202323264415},
{"mapping": [2, 13, 7, 6, 0, 1, 11, 9, 12, 5, 4, 3, 10, 14], "R": [[-0.33069747356986895, 0.030241780106709262, -0.9432521485321321], [0.1673495849326239, 0.9855257940440785, -0.027074447301239216], [0.9287805431841176, -0.16680630686447834, -0.33097183957679716]], "T": [-0.025798959922631, -0.06311889020825087, 0.11309537166976769], "aligned_model": [[-0.12828561624850793, 0.49795270142088016, -0.23941385055227507, -0.45079785140556, -0.521497573838622, 0.2623080894353269, 0.5187083357702282, 0.08216971616436614, 0.4757189904997396, -0.2390961273936596, -0.5856674071932301, -0.6659453225011783, 0.25494600213629454, 0.04228938567516935], [0.0851836161695255, -0.2343754139906279, -0.5768644908695324, -0.009194171808021588, 0.6306404796250054, 0.5024262756093953, 0.04146594616319747, 0.6588256086045291, -0.5689836638731007, -0.7714473466799405, -0.2646082409428014, 0.37419231337854364, -0.3601448170579329, 0.08083826522597762], [-0.6728069092586348, -0.36882777848335746, -0.425163953228478, -0.14305113608939135, -0.28393989632819916, -0.25446285825569265, 0.3057216416735321, 0.3989208665539289, 0.13723028787745864, 0.2955134236399549, 0.49098272657018327, 0.27254123069626557, 0.7065873796695411, 0.15787345871103609]], "inverted": true, "swapped": false, "error_lsq": 0.0445506198047203, "error_max": 0.237392529887865, "target": "180.xyz", "model": "7.xyz", "model_rescale": 3.964800864290218, "target_rescale": 3.995202323264415},
{"mapping": [11, 10, 6, 4, 12, 9, 8, 7, 5, 3, 0, 2, 1, 13], "R": [[0.1009681784636676, 0.6855609508986227, -0.7209796179786951], [-0.9545962135767843, -0.13739290890046532, -0.2643279357327469], [-0.2802703979420511, 0.7149331235764955, 0.6405615761584202]], "T": [-0.10434644059043859, -0.062695721230622, 0.07114518090662472], "aligned_model": [[-0.18447625267042395, 0.5193196758181333, -0.4487485890966999, -0.6795514834624848, -0.07752405491242785, 0.3540255907453133, 0.5866916290382016, -0.05113189729181421, 0.6173834110937253, -0.14630445137892406, -0.5077155817237716, -0.6517219224004649, 0.0008499439225272271, -0.027706545711917066], [0.06671895895366176, -0.3653742846283335, -0.37447137502794003, 0.15067759597645153, 0.6485417866024876, 0.2609465250854579, 0.24149591931350367, 0.5286120716156806, -0.44868043443655675, -0.7845590342173405, -0.4762911708369752, 0.15943203335061215, 0.02932307268827246, -0.0484173048847648], [-0.7436949127697394, -0.36994469146699793, -0.27625793505819296, -0.27338984078559625, -0.18202808854822314, -0.3276122692773593, 0.21602931928718314, 0.4640528945779979, 0.24200344183558176, 0.1269625473521948, 0.4946915332330484, 0.37055805690235166, 0.8084281343400449, 0.06732029412585364]], "inverted": true, "swapped": false, "error_lsq": 0.04936753905309721, "error_max": 0.3301616183279592, "target": "180.xyz", "model": "8.xyz", "model_rescale": 4.121658175737393, "target_rescale": 3.995202323264415},
{"mapping": [4, 7, 6, 5, 11, 3, 12, 9, 8, 10, 0, 1, 13], "R": [[-0.8351264310761116, 0.5185744773699047, -0.1834239775454855], [-0.2876295177936986, -0.12745869889240308, 0.9492225980087179], [0.46886363114645707, 0.8454790307850254, 0.2556014551816423]], "T": [-0.02865940303523119, 0.07077224486094044, -0.03219242503478217], "aligned_model": [[-0.7708487761270824, -0.2682350292090478, 0.4038718838448847, 0.012253719401656201, -0.7055225393001516, -0.5445552346936485, 0.34159911030957724, 0.2863410903045414, 0.8482328514756453, -0.21674277041942763, -0.27919904668972595, 0.4156777636447906, -0.046135526106814165], [0.21091164247118563, -0.24237253256296928, 0.10903889307319672, 0.448615602054387, -0.3281421581833377, 0.1312713461321268, -0.5977150772926545, -0.18206000896854982, -0.0936689163735048, -0.7458061913140048, 0.736519553957247, 0.4414046591810422, -0.09760937276245465], [-0.4224725297846679, -0.6058562588404401, -0.5129658171144866, -0.3157172564625092, -0.12463340518952154, 0.22604722279130893, -0.08991025532602934, 0.6031151229565318, 0.0709380477553862, 0.39594946842137474, 0.1216132524919612, 0.11778465307678235, -0.04281681081660138]], "inverted": true, "swapped": true, "error_lsq": 0.04222390557279716, "error_max": 0.28960346222285693, "target": "180.xyz", "model": "9.xyz", "model_rescale": 3.833441315466971, "target_rescale": 3.995202323264415},
{"mapping": [10, 12, 11, 8, 13, 0, 1, 5, 6, 7, 3, 2, 4, 14], "R": [[0.22663134620124736, -0.5741156953209328, -0.7867842152109896], [-0.37580634253347506, -0.796793718915679, 0.47316948592247043], [-0.8985587492371454, 0.18844346070555085, -0.3963347528121811]], "T": [-0.0294538437255284, -0.08077001967423303, 0.020464319667913004], "aligned_model": [[-0.13190156755317478, 0.43902053000465374, -0.16615881239072539, -0.6605650237283137, -0.2514339788544077, 0.26214651639196745, 0.6545375485005983, 0.062481034773370435, 0.4860238025927306, -0.35436728375123805, -0.5192620547801112, -0.5582553814262974, 0.15306396888633145, -0.11193982669641131], [0.09659799826715057, -0.3212539908990922, -0.5699522408149902, -0.08457412956931093, 0.6847093700562231, 0.47244604558677306, 0.19630114734067083, 0.45232436438670764, -0.3787920163214031, -0.6591504555347695, -0.32456139703683135, 0.29528089822234843, -0.1705574980650481, -0.1008637360642118], [-0.775650743381361, -0.2723142281336765, -0.4348922297585925, -0.43696717203345464, -0.0008116038304462683, -0.24924696452343031, 0.052028170563985114, 0.4264120469248712, 0.3471067138936742, 0.08228102199221832, 0.6949830595519793, 0.3296647333191171, 0.7915272463437063, 0.06299843281955686]], "inverted": false, "swapped": false, "error_lsq": 0.047596283825882234, "error_max": 0.2895247712445369, "target": "180.xyz", "model": "10.xyz", "model_rescale": 4.2482417240324, "target_rescale": 3.995202323264415},
{"mapping": [7, 12, 10, 9, 4, 3, 11, 2, 1, 0, 5, 13], "R": [[0.31823812760348336, 0.9336613775374742, 0.16431958566846194], [0.5736309058445372, -0.32764646612658344, 0.7507298962308198], [0.7547662406330882, -0.1446520837374546, -0.6398466196449017]], "T": [-0.062095404967596676, -0.02575281234614319, -0.16581225974346173], "aligned_model": [[-0.6526487229133393, -0.012513299066279127, 0.3668862146244243, 0.6339864966735453, -0.5921783912767278, 0.09070940533987314, -0.25840637383359266, 0.5669435462733287, 0.148402476950032, 0.005234620591272887, -0.3530338059749446, -0.06661656502458624], [-0.12730086552957726, -0.721623978513644, -0.2803647151240865, -0.30578169073831446, 0.5689539912550456, 0.4632120430610847, 0.25460767161981396, 0.3522886230881165, -0.12928544704773182, 0.5919880338011467, 0.11263611534189555, -0.11319839116310992], [0.18842085285187551, 0.15136742023146108, 0.6320779115587813, -0.10401457864125789, 0.13106906643363195, 0.10632819335012347, 0.5474070217792649, -0.2929774340175437, -0.7156019135719043, -0.5446376729755035, -0.513704725473195, -0.02054185167137698]], "inverted": true, "swapped": true, "error_lsq": 0.05042186479171879, "error_max": 0.2824674382766555, "target": "180.xyz", "model": "11.xyz", "model_rescale": 3.6694154284099745, "target_rescale": 3.995202323264415},
{"mapping": [9, 8, 11, 6, 7, 10, 2, 12, 3, 4, 0, 5, 1, 13], "R": [[-0.037540746382151796, -0.9972642690693274, 0.06367629071083727], [0.9427425839181283, -0.05647646549084225, -0.32870477531218256], [0.33140173932621664, 0.04769052823445982, 0.9422836625391933]], "T": [-0.1050741716482887, 0.016379398417371318, 0.03644080096420062], "aligned_model": [[0.07356957251694263, 0.4686060819681265, -0.2434699224552253, -0.6395200892901461, -0.40453430437822346, 0.22177500201697753, 0.5265133450115942, 0.03033072543828516, 0.44632743381133944, -0.15480732945678802, -0.4612085803802703, -0.7441809740174635, 0.31440626269087824, -0.1304177515070544], [0.1531679274201665, -0.2670386027884449, -0.44255041370749687, -0.1505040449174886, 0.5582244428108923, 0.5254445591309476, 0.04194903292630603, 0.5190226764067728, -0.6282108166734932, -0.6996692100416307, -0.17996153508688653, 0.4488289794789567, -0.2526119664861359, -0.038136668918248864], [-0.7343131013249591, -0.3674936671295674, -0.5250382214477606, -0.04338595464019214, -0.3745250069092733, -0.1573401762508907, 0.2000163981136488, 0.4732287921035318, 0.18377927085234025, 0.21666192372347604, 0.6241111040876923, 0.2580274600431926, 0.7206580946038265, 0.14273156792308273]], "inverted": true, "swapped": false, "error_lsq": 0.05046268443900614, "error_max": 0.29088102940987975, "target": "180.xyz", "model": "12.xyz", "model_rescale": 3.9764082729961374, "target_rescale": 3.995202323264415},
{"mapping": [10, 11, 12, 1, 2, 8, 3, 7, 14, 13, 5, 0, 6, 15], "R": [[0.3738759217373682, -0.6193184694141453, -0.6904067124438706], [0.7919849857852107, -0.17421227925137198, 0.5851579821286225], [-0.4826764728426616, -0.7655682302711903, 0.4253571527124059]], "T": [-0.14319820216139156, -0.07126197003453656, 0.11596514186650353], "aligned_model": [[-0.03893248796815657, 0.5038423269460068, -0.479660365210692, -0.45228622469176955, -0.3299805126909295, 0.21395073631833217, 0.6127949096901426, -0.019890624293870618, 0.5638065319958562, 0.030188270641163806, -0.7185792170189844, -0.5796273940294946, 0.07155099563591849, -0.07378747335455058], [-0.16173951172410111, -0.21894812832717953, -0.4747194983758083, 0.10126375836343483, 0.6489531531428858, 0.3290754773990113, 0.29627256345706365, 0.609700004622851, -0.4132461845375579, -0.6495764932178306, -0.3061645881714703, 0.432189924971016, -0.5688968583700997, -0.036209259677999005], [-0.6759246069318079, -0.3200073929227749, -0.24628997626049515, -0.41131281673787945, -0.1715449600880134, -0.3442819662979547, 0.158816382662503, 0.4194774632541971, 0.26428622089797466, 0.016115307058093248, 0.6786207679545917, 0.4043636221033688, 0.6543897936571648, 0.1904106453991801]], "inverted": true, "swapped": false, "error_lsq": 0.04954520847119575, "error_max": 0.35373004593305546, "target": "180.xyz", "model": "13.xyz", "model_rescale": 4.170626492500431, "target_rescale": 3.995202323264415},
{"mapping": [7, 1, 9, 10, 8, 0, 2, 4, 3, 11, 5, 12, 6, 13], "R": [[0.3378265471036298, 0.4897896367523465, 0.803728396787151], [-0.7694540114143937, -0.3480642299041017, 0.5355294727459575], [0.542045891406196, -0.7993481116455269, 0.259285263789505]], "T": [0.0165468168741916, 0.008734618524552245, 0.03626989524742371], "aligned_model": [[-0.08317550037814304, 0.3714562535611704, -0.20301800386790822, -0.45607827648430854, -0.37823767876041214, 0.42596533722468877, 0.5704259334426136, -0.0559414308884201, 0.4385670428367139, -0.27427648118715475, -0.4961024449535767, -0.6531048419233886, 0.12025695107426214, -0.02334738772716463], [0.29980443451825106, -0.27380102295271, -0.6270802604995287, -0.058958158470672276, 0.5988756392302824, 0.2904211272318798, 0.2249829639628296, 0.6081422028264081, -0.5233639120204702, -0.5970767651156237, -0.17728554930916696, 0.20080293035757157, -0.32307038551064754, -0.05443888469418624], [-0.713905833864114, -0.5842358444044427, -0.4152134018610758, -0.2643486571497515, -0.18152604248295343, -0.2937113050264234, 0.3180264294412846, 0.40845148051292374, 0.15561681435409014, 0.25552779792790337, 0.7641483602831648, 0.2607304500124791, 0.8021934647969525, 0.10536477120810964]], "inverted": true, "swapped": false, "error_lsq": 0.05015715371300371, "error_max": 0.28026578585548745, "target": "180.xyz", "model": "14.xyz", "model_rescale": 3.9786697098870705, "target_rescale": 3.995202323264415},
{"mapping": [3, 9, 5, 4, 1, 6, 10, 12, 7, 11, 8, 13], "R": [[-0.24098659242720616, -0.9618958187363831, 0.1291584150095821], [-0.9693576280265692, 0.23202004198294196, -0.08069999445438397], [0.04765764636474775, -0.14464831148581617, -0.9883347685512612]], "T": [0.06661943466217236, 0.011887830522524066, -0.17777681667177228], "aligned_model": [[0.020709671605418076, -0.681576650756345, 0.42556976581161904, 0.6977384111426256, -0.09351965054450566, 0.36914958363697237, -0.5122195793645089, -0.21102125530736482, 0.5575132371898315, 0.24116906254224707, -0.35892290881455746, 0.02876490962590461], [-0.5370501427429498, 0.08858396621770841, 0.19485867226555045, -0.5561628849213234, 0.453783847809937, 0.5612027982986264, -0.426193811311142, 0.26234818664002957, -0.10846407612194556, -0.6705983729846036, 0.7830932176485059, -0.030726910573954144], [-0.3595892509268628, -0.14483048987547248, -0.4277811107117393, -0.2203197205056402, -0.5470740025418385, -0.015236728798595445, 0.4209811038383955, 0.4911650879841202, 0.3008514521423761, 0.18217700041019905, -0.0023550941758907484, -0.01802175296522182]], "inverted": true, "swapped": true, "error_lsq": 0.05393233243280477, "error_max": 0.28682402497011406, "target": "180.xyz", "model": "15.xyz", "model_rescale": 3.769337070930944, "target_rescale": 3.995202323264415},
{"mapping": [9, 2, 12, 10, 8, 1, 6, 0, 7, 11, 13], "R": [[-0.8849758616481623, -0.35976002787554967, 0.29561875218442496], [-0.21859463133256557, -0.23957474888661762, -0.9459494314436128], [0.4111375821457733, -0.9017630853161478, 0.13337625916342732]], "T": [0.07880196704203621, -0.023366177303214906, 0.1111322721076663], "aligned_model": [[-0.31998390126522314, -0.24016738736075452, -0.08795777792506551, -0.7648820215698692, 0.3538301656935474, 0.4190303959810091, 0.6259550767118214, 0.24178679434090786, 0.14666325332423424, -0.43074863527718, -0.020899831962257004], [-0.0943423549555567, -0.6521969612822652, 0.6318339316981482, 0.35585176604647406, 0.25581965354178965, -0.3005455035314819, 0.30902286109631766, -0.7011518708770502, 0.4867188590351046, 0.19119787173128236, 0.11385624512257983], [-0.5234521220904768, -0.12888169978521405, -0.24970289682827707, -0.0617036479039442, -0.6969714203409662, -0.29471654882227244, 0.011977308752758486, 0.32014968455923043, 0.579911994396198, 0.6769433656190714, 0.11066358966766923]], "inverted": true, "swapped": true, "error_lsq": 0.040371616537573526, "error_max": 0.20699115075090574, "target": "180.xyz", "model": "16.xyz", "model_rescale": 3.7852294659196426, "target_rescale": 3.995202323264415},
{"mapping": [12, 6, 1, 8, 7, 5, 4, 0, 9, 10, 11, 2, 13], "R": [[-0.3813509561617423, -0.9186538927421541, -0.10318175024786248], [-0.9174134914575454, 0.3898177362060941, -0.07996635686857886], [0.11368348132513258, 0.06416508309698829, -0.9914428416126446]], "T": [-0.04251364294380709, 0.07507228403881258, 0.07479272025024855], "aligned_model": [[0.038401154226210876, -0.45938763998856197, 0.11875239707301478, 0.2018114317194068, -0.5987352465672129, -0.36389362453162866, -0.5469314633009108, -0.01208941407124555, 0.6576357969437265, 0.4569324392984579, -0.17596090934845404, 0.5709118171190002, -0.03368088835552027], [-0.20342493443919904, -0.41355908986227463, -0.39480477960344085, -0.7516714206277777, 0.28445906086691497, -0.051699909152098766, 0.7380224505498468, 0.24789441805298207, -0.1227309581017183, 0.4246772919435663, 0.7843889463670265, 0.21925480592572635, 0.11424974178332073], [-0.634566222328801, -0.00974221959630718, 0.4072169034816826, -0.17703444395608028, -0.28758971841531034, 0.39955345474111825, 0.24468214218640205, 0.7810877402972922, -0.11867505262007533, -0.642013477982922, -0.2490644097240909, 0.47190343020491554, -0.09000342914464987]], "inverted": false, "swapped": true, "error_lsq": 0.05612703187347208, "error_max": 0.3673873507206814, "target": "180.xyz", "model": "17.xyz", "model_rescale": 3.901054581598922, "target_rescale": 3.995202323264415},
{"mapping": [3, 7, 12, 13, 2, 0, 1, 8, 6, 11, 10, 5, 4, 14], "R": [[-0.40780295751898443, 0.6987650603915063, 0.5877279457494122], [0.7839655776293555, -0.062017105792230465, 0.6176988357455651], [0.4680755504521046, 0.7126578905514271, -0.5225169950381994]], "T": [-0.0870489257541322, -0.02799492003657856, 0.09834209392264134], "aligned_model": [[-0.10044746905554025, 0.38128393180638276, -0.21568079856896427, -0.6646757309075813, -0.32473424274491963, 0.3913972608839612, 0.595334617249911, -0.06977956061104294, 0.4060783107901788, -0.16639987303156076, -0.3726742665633573, -0.6247303814456628, 0.18304860247197824, -0.1146309283048098], [0.15291694945133988, -0.3070180528579658, -0.4662664216249563, 0.1078462228357426, 0.7017296006089562, 0.37162867801166827, 0.08049089796614373, 0.5220778433741955, -0.5773699342658571, -0.8218182607690353, -0.41493782255340156, 0.2548260971706587, 0.0517326205635509, -0.0678840583568231], [-0.6436129343833616, -0.27913300416594145, -0.4876161266603868, -0.3204617458065806, -0.20946615165200502, -0.33397115462975424, 0.18927655914549069, 0.46920591815070245, 0.23523025114923243, 0.08164120169460012, 0.7625311505987744, 0.24324541143787445, 0.837439390917975, 0.07280971795152767]], "inverted": true, "swapped": false, "error_lsq": 0.04370593123810497, "error_max": 0.30734502055087426, "target": "180.xyz", "model": "18.xyz", "model_rescale": 3.9405287249114394, "target_rescale": 3.995202323264415},
{"mapping": [3, 12, 14, 10, 2, 1, 0, 6, 4, 13, 9, 5, 7, 15], "R": [[0.889913320505974, 0.438922867053678, 0.12410076052712608], [-0.34698149093665653, 0.4748254227254619, 0.8087921011489674], [0.2960711518088291, -0.7628155312465563, 0.5748515794147456]], "T": [-0.01294229490511084, -0.10972450144756866, 0.07022771132975456], "aligned_model": [[0.04921047972502116, 0.32017149061215533, -0.3480612922429589, -0.5972637989469254, -0.45913481305034787, 0.29334736825692437, 0.5409842625555723, 0.04687607861944451, 0.629040931856178, -0.24892091556829343, -0.4636773147678138, -0.5068236279867153, 0.08732926074681256, -0.03968863784008127], [0.04301279050992447, -0.36247981649285715, -0.5381763919506931, 0.07602526212537376, 0.6170808830912191, 0.37493473545978645, 0.23756280152922848, 0.6101610174297374, -0.3506506974188532, -0.7371677595536823, -0.2913944250840295, 0.3905560788658016, -0.3981343893902284, -0.08337572956651104], [-0.765378025321947, -0.2837341776132595, -0.48101016583740774, -0.42167618395207196, -0.09707875229219862, -0.25659256083815396, 0.2829038879147445, 0.261199063872089, 0.32415119048843377, 0.11448710376857599, 0.6642343002425598, 0.5141457359173155, 0.7045706001567583, 0.05689646724270908]], "inverted": true, "swapped": false, "error_lsq": 0.04384066534394908, "error_max": 0.26964781056213044, "target": "180.xyz", "model": "19.xyz", "model_rescale": 4.410303926677745, "target_rescale": 3.995202323264415},
{"mapping": [11, 10, 6, 4, 12, 9, 8, 7, 5, 3, 0, 2, 1, 13], "R": [[0.1009681784636676, 0.6855609508986227, -0.7209796179786951], [-0.9545962135767843, -0.13739290890046532, -0.2643279357327469], [-0.2802703979420511, 0.7149331235764955, 0.6405615761584202]], "T": [-0.10434644059043859, -0.062695721230622, 0.07114518090662472], "aligned_model": [[-0.18447625267042395, 0.5193196758181333, -0.4487485890966999, -0.6795514834624848, -0.07752405491242785, 0.3540255907453133, 0.5866916290382016, -0.05113189729181421, 0.6173834110937253, -0.14630445137892406, -0.5077155817237716, -0.6517219224004649, 0.0008499439225272271, -0.027706545711917066], [0.06671895895366176, -0.3653742846283335, -0.37447137502794003, 0.15067759597645153, 0.6485417866024876, 0.2609465250854579, 0.24149591931350367, 0.5286120716156806, -0.44868043443655675, -0.7845590342173405, -0.4762911708369752, 0.15943203335061215, 0.02932307268827246, -0.0484173048847648], [-0.7436949127697394, -0.36994469146699793, -0.27625793505819296, -0.27338984078559625, -0.18202808854822314, -0.3276122692773593, 0.21602931928718314, 0.4640528945779979, 0.24200344183558176, 0.1269625473521948, 0.4946915332330484, 0.37055805690235166, 0.8084281343400449, 0.06732029412585364]], "inverted": true, "swapped": false, "error_lsq": 0.04936753905309721, "error_max": 0.3301616183279592, "target": "180.xyz", "model": "20.xyz", "model_rescale": 4.121658175737393, "target_rescale": 3.995202323264415},
{"mapping": [0, 3, 11, 5, 7, 2, 10, 1, 9, 8, 12, 6, 13], "R": [[-0.4798087236923805, -0.8724954696243548, 0.09238638510985014], [0.3487223576316325, -0.286269664217583, -0.8924362143237958], [0.8050939733698947, -0.3959814829429893, 0.4416133594104081]], "T": [0.16127150384288544, -0.07215606202647265, 0.07147352705490281], "aligned_model": [[0.2583521515826228, -0.02539844318938883, 0.16017774494356463, 0.5519974326071317, 0.6109146567355012, -0.36989303421084396, -0.5029574168989602, 0.1147830774053413, -0.542121441632968, -0.05121408714474404, -0.035185945104930255, 0.5959088998328997, 0.11571930973906872], [-0.6566268934938901, -0.06407379600877247, 0.5063796791265541, -0.34069857244798973, 0.4551262283331482, -0.5162703809890433, 0.5923174531494321, -0.5783978534832134, -0.12358811320535856, -0.19599389107579115, 0.4523057549553813, -0.07896252060907266, 0.0893098099117991], [0.49410217498257647, 0.6206414193587793, 0.611026064721546, 0.07810563732975657, 0.13735787899792687, 0.34606962287240817, 0.12397176440265087, -0.24293878661440974, -0.19188601479211484, -0.7923151517700826, -0.4516347674682579, -0.40887500386403086, 0.04648490132504089]], "inverted": true, "swapped": true, "error_lsq": 0.05461669875004907, "error_max": 0.24615314955993403, "target": "180.xyz", "model": "21.xyz", "model_rescale": 4.08911054899281, "target_rescale": 3.995202323264415},
{"mapping": [10, 12, 9, 5, 6, 7, 13, 0, 3, 14, 15, 8, 2, 16], "R": [[-0.7934520130796997, 0.5755872670673718, 0.19782113367809312], [0.4018305484632515, 0.2512911500860367, 0.8805594631881254], [0.45712811471347353, 0.7781722533464882, -0.43067601611902484]], "T": [-0.13353878013145043, -0.012272877042239654, 0.14482546573138155], "aligned_model": [[-0.16394851671277746, 0.3050965769083533, -0.3190959559751297, -0.644398129853941, -0.2380233002272242, 0.2865987748169506, 0.5217153957753171, 0.16893733151086088, 0.5543931319242168, 0.07014920509280892, -0.4272884219527269, -0.6983293198996339, -0.018306511506574433, -0.09411078793152802], [0.13589973017593973, -0.3312198885291737, -0.4669167966885725, -0.03749294177652107, 0.6855417748364178, 0.38062232657213346, -0.011611429181218835, 0.6494375306968644, -0.4819416813752327, -0.6198652088347077, -0.5357391928134239, 0.3884085227468196, -0.17956561169558746, 0.012397225420479451], [-0.6478002565399551, -0.35601516106740605, -0.37132863178607045, -0.34109194194617903, -0.09538657650462457, -0.2734017236145925, 0.058968063769127985, 0.4107708292081135, 0.3906703800703362, 0.11068825774161101, 0.5585901114866563, 0.17986943970005545, 0.8376374853824711, 0.15494820784860378]], "inverted": true, "swapped": false, "error_lsq": 0.045422194836007686, "error_max": 0.24613980272529964, "target": "180.xyz", "model": "22.xyz", "model_rescale": 4.204369325754507, "target_rescale": 3.995202323264415},
{"mapping": [3, 12, 14, 10, 2, 1, 0, 6, 4, 13, 9, 5, 7, 15], "R": [[0.889913320505974, 0.438922867053678, 0.12410076052712608], [-0.34698149093665653, 0.4748254227254619, 0.8087921011489674], [0.2960711518088291, -0.7628155312465563, 0.5748515794147456]], "T": [-0.01294229490511084, -0.10972450144756866, 0.07022771132975456], "aligned_model": [[0.04921047972502116, 0.32017149061215533, -0.3480612922429589, -0.5972637989469254, -0.45913481305034787, 0.29334736825692437, 0.5409842625555723, 0.04687607861944451, 0.629040931856178, -0.24892091556829343, -0.4636773147678138, -0.5068236279867153, 0.08732926074681256, -0.03968863784008127], [0.04301279050992447, -0.36247981649285715, -0.5381763919506931, 0.07602526212537376, 0.6170808830912191, 0.37493473545978645, 0.23756280152922848, 0.6101610174297374, -0.3506506974188532, -0.7371677595536823, -0.2913944250840295, 0.3905560788658016, -0.3981343893902284, -0.08337572956651104], [-0.765378025321947, -0.2837341776132595, -0.48101016583740774, -0.42167618395207196, -0.09707875229219862, -0.25659256083815396, 0.2829038879147445, 0.261199063872089, 0.32415119048843377, 0.11448710376857599, 0.6642343002425598, 0.5141457359173155, 0.7045706001567583, 0.05689646724270908]], "inverted": true, "swapped": false, "error_lsq": 0.04384066534394908, "error_max": 0.26964781056213044, "target": "180.xyz", "model": "23.xyz", "model_rescale": 4.410303926677745, "target_rescale": 3.995202323264415},
{"mapping": [8, 10, 4, 5, 15, 9, 11, 14, 1, 3, 12, 6, 7, 16], "R": [[-0.9841134666458713, 0.1492004739331385, 0.09622839157115966], [-0.15608816425719663, -0.4688200251178242, -0.8693930463417229], [-0.08460005759492124, -0.8706015177029326, 0.4846605282342337]], "T": [-0.050418138402555546, -0.015437454497093446, 0.13110960352314283], "aligned_model": [[-0.02551153330849868, 0.38699586505741046, -0.28461638243157694, -0.6573521277186436, -0.34455095300815464, 0.22821108849845273, 0.535486025360538, 0.04559444605534113, 0.5320678307569566, 0.023764568441814432, -0.6643671178203083, -0.5980864715584364, 0.15455594216429283, -0.028801708520215092], [0.0212905342624684, -0.17557419601962695, -0.3674631966081365, -0.07080777212798886, 0.5324711781442548, 0.3770137405054371, 0.18893091757568595, 0.6434005182548146, -0.6094902535039209, -0.8691808055957635, -0.18245754760437416, 0.4491317010656674, -0.21684098533603238, -0.1324694734582687], [-0.6897054689011032, -0.32365314766398434, -0.41213383396694114, -0.024348731622467534, -0.21902781019328005, -0.26984899419739017, 0.25629493010798976, 0.2530280159984815, 0.3412208057347214, -0.14251459331280297, 0.6223801745469246, 0.38037449539072954, 0.7305703117798905, 0.11448233004737916]], "inverted": true, "swapped": false, "error_lsq": 0.0464557385935628, "error_max": 0.3362887525395611, "target": "180.xyz", "model": "24.xyz", "model_rescale": 4.28219845311461, "target_rescale": 3.995202323264415},
{"mapping": [10, 6, 8, 11, 12, 14, 2, 13, 0, 1, 3, 9, 4, 15], "R": [[0.0740795446510587, 0.9011430780621652, -0.427145612086719], [0.6488192223126895, 0.28172265226685256, 0.7068705425728863], [0.7573280912668223, -0.32950493176942897, -0.5638090653029405]], "T": [-0.13303027284575653, 0.006536779246552531, 0.12502469555434104], "aligned_model": [[-0.08364800422315502, 0.48777507621136673, -0.19395206420959937, -0.4149386332500241, -0.3140914277975434, 0.22944328502723427, 0.5296189858422865, 0.024849708320935193, 0.4917268815995518, -0.26088226810071735, -0.5107289477362436, -0.755333877497789, 0.14894469371322466, -0.07539393593055477], [-0.03155817304387466, -0.36896603025241353, -0.48306765762788323, 0.23252513703122832, 0.7173907780819214, 0.416281822070239, 0.17539822071687095, 0.5199426318244358, -0.5005370192915152, -0.6165560969924371, -0.4215361442260535, 0.21274539372652748, -0.227466196088514, -0.03664230637431527], [-0.6660599933276732, -0.40957374589631246, -0.36336253570658256, -0.28232528876940644, -0.09020390556622171, -0.404943741825603, 0.1591098526270659, 0.3788057015862862, 0.2595937590176138, 0.19773324894539535, 0.6486110093894246, 0.2896148375137098, 0.7577815989494043, 0.14233768681104603]], "inverted": false, "swapped": false, "error_lsq": 0.03899049724050651, "error_max": 0.2219706160785415, "target": "180.xyz", "model": "25.xyz", "model_rescale": 4.100010024507729, "target_rescale": 3.995202323264415},
{"mapping": [7, 12, 10, 9, 4, 3, 11, 2, 1, 0, 5, 13], "R": [[0.31823812760348336, 0.9336613775374742, 0.16431958566846194], [0.5736309058445372, -0.32764646612658344, 0.7507298962308198], [0.7547662406330882, -0.1446520837374546, -0.6398466196449017]], "T": [-0.062095404967596676, -0.02575281234614319, -0.16581225974346173], "aligned_model": [[-0.6526487229133393, -0.012513299066279127, 0.3668862146244243, 0.6339864966735453, -0.5921783912767278, 0.09070940533987314, -0.25840637383359266, 0.5669435462733287, 0.148402476950032, 0.005234620591272887, -0.3530338059749446, -0.06661656502458624], [-0.12730086552957726, -0.721623978513644, -0.2803647151240865, -0.30578169073831446, 0.5689539912550456, 0.4632120430610847, 0.25460767161981396, 0.3522886230881165, -0.12928544704773182, 0.5919880338011467, 0.11263611534189555, -0.11319839116310992], [0.18842085285187551, 0.15136742023146108, 0.6320779115587813, -0.10401457864125789, 0.13106906643363195, 0.10632819335012347, 0.5474070217792649, -0.2929774340175437, -0.7156019135719043, -0.5446376729755035, -0.513704725473195, -0.02054185167137698]], "inverted": true, "swapped": true, "error_lsq": 0.05042186479171879, "error_max": 0.2824674382766555, "target": "180.xyz", "model": "26.xyz", "model_rescale": 3.6694154284099745, "target_rescale": 3.995202323264415},
{"mapping": [3, 9, 12, 6, 1, 7, 8, 5, 10, 11, 2, 0, 4, 13], "R": [[0.08961184677719114, 0.9718076935342127, 0.21808146116737048], [-0.08646523611326709, 0.22572652748323513, -0.9703459680620297], [-0.9922164480903641, 0.06809802917907679, 0.10425535267250033]], "T": [0.016987034431199838, -0.013720486366332739, 0.06443422844092367], "aligned_model": [[-0.024518305543643724, 0.4391495246574373, -0.3456623129082924, -0.6038276039613995, -0.549048091702096, 0.27032861076733616, 0.6127573174916853, 0.0466618686716265, 0.3091276972044048, -0.13078937926527245, -0.4876683325537391, -0.36269924427797084, 0.15508039505081747, -0.02550267166192148], [0.07182464283396742, -0.36027173713288896, -0.5257916193753558, 0.020337884883029157, 0.6489551668019615, 0.39944147680979214, 0.08471780090077019, 0.750971132999377, -0.4458486748143966, -0.8574274261209001, -0.36262854785014675, 0.27358312432350285, -0.06824682342264562, -0.041662041281849777], [-0.7379313727392485, -0.3436645315528679, -0.4213655440688472, -0.2264603296204098, -0.07738209070813482, -0.3371174651209585, 0.2735391443372214, 0.26529395861549576, 0.3641170304093781, 0.014472236785426043, 0.35720678761986474, 0.5229408349120921, 0.8728200722116615, 0.09064975266747434]], "inverted": false, "swapped": false, "error_lsq": 0.055551328795327794, "error_max": 0.38204181940690873, "target": "180.xyz", "model": "27.xyz", "model_rescale": 4.103607728864725, "target_rescale": 3.995202323264415},
