[{"mapping": [12, 0, 9, 3, 7, 2, 1, 5, 8, 4, 6, 13], "R": [[0.48336821471206004, -0.1832290105438693, 0.8560270432066913], [0.8740840412062633, 0.04707290805528143, -0.48348860403917115], [0.04829345622963099, 0.9819426006759935, 0.1829111015303967]], "T": [-0.09414944403213885, -0.018219156246438675, -0.15735766100868498], "aligned_model": [[-0.16259318362457303, 0.12954405267170674, 0.4413414971556211, -0.1840046887530241, -0.18845162550312558, -0.4503311739367114, 0.4053465584455126, -0.3327230196041737, 0.5943910711206422, 0.24927872801631082, -0.6010195893990833, -0.06313616412855395], [-0.34029402670033426, -0.7983346301341954, -0.4124186725467367, 0.7138518562283439, 0.41405505430048667, -0.5225732554176861, -0.1946112027639783, -0.41930862164143395, 0.18112979391807515, 0.37099388380939075, 0.12431137371524013, -0.06324651679011466], [-0.5669285436957527, 0.08101822425761235, -0.49422064440699404, 0.11229607411097864, -0.5692923648661488, -0.08418283131866038, 0.4456952235124906, 0.5861752026779644, -0.11921158328562603, 0.45601368078249294, 0.3620223925697862, -0.027433084984580747]], "inverted": true, "swapped": true, "error_lsq": 0.03966647905775768, "error_max": 0.19331290455603864, "target": "181.xyz", "model": "0.xyz", "model_rescale": 3.751011558992144, "target_rescale": 3.9523670779532987},
{"mapping": [11, 9, 6, 8, 5, 10, 4, 0, 13, 12, 1, 3, 7, 14], "R": [[-0.7831353479998263, 0.5330115625936382, -0.3203087586293558], [-0.5593746332630654, -0.3787939604505425, 0.7373026211726118], [0.27165979896738857, 0.7565803392024412, 0.5948000873884579]], "T": [-0.05124882244941166, -0.10252583547895716, -0.03759076511276867], "aligned_model": [[0.5764467329010055, -0.11237194297121851, 0.6859457665042064, -0.44028940288083573, -0.5347709005818032, 0.2518238545888103, 0.15092460735217084, -0.22604843403893887, -0.5325447868007906, 0.14839953817045315, 0.21714478629036954, -0.3448792436651832, 0.3521280735430642, -0.03604979020043027], [-0.1507581296425337, -0.38523645842633947, -0.054594139500865294, -0.41354983890473934, -0.43731372097406734, -0.8405634733517253, -0.6699183599936618, 0.4998897780429809, 0.057838922199153625, 0.366078592475187, 0.0892087142978058, 0.5798630168914971, 0.41817675964625395, -0.09166644402792365], [-0.5278997743301453, -0.6296450608869599, 0.09647054850272078, 0.4009633914180439, -0.2478513621818979, -0.22706674154495599, 0.47501590409560507, 0.3890766028363429, -0.557340260056723, -0.578447054972451, 0.5763215109050475, -0.215164748032446, 0.03878273164225733, -0.08911624889870834]], "inverted": true, "swapped": false, "error_lsq": 0.036060314728510866, "error_max": 0.22215509692623875, "target": "181.xyz", "model": "1.xyz", "model_rescale": 3.9405287249114394, "target_rescale": 3.9523670779532987},
{"mapping": [6, 5, 2, 8, 1, 10, 3, 4, 9, 12, 11, 7, 13], "R": [[-0.5438463839000772, -0.4329206515179036, -0.7188955558411275], [-0.015600480296979385, -0.8512957455272148, 0.5244541721273338], [-0.8390397700546223, 0.2964376209872447, 0.45622034274033557]], "T": [-0.11169463670264676, -0.07998106961715183, 0.01942468657226242], "aligned_model": [[-0.19281263254550066, 0.07164518570916154, -0.42834407438128197, 0.4901848608833176, 0.6127374572057966, -0.7414759067972568, 0.08215625673017654, 0.577866374094949, 0.06138265196290468, -0.4528220689795035, -0.20358592713506152, -0.36308866232901893, -0.017860235134751323], [0.6513434943633637, 0.490065360441532, 0.032025585900909856, -0.40179514774211483, 0.014135217816284976, 0.21323004452220695, 0.3983913639501964, 0.28880895987401806, -0.7705361393846826, -0.44144869524968744, -0.803326726802947, -0.19595825678808915, -0.016102467328973566], [-0.05522241089165456, -0.6224980554220486, -0.5038158704436104, 0.24182058961557842, -0.3131763625094943, 0.05591571494300778, 0.6112833817790136, 0.20423169231731014, -0.20147896685178898, -0.15127477499727532, 0.3546622598681064, 0.556820658562726, -0.06414750638122671]], "inverted": false, "swapped": true, "error_lsq": 0.05233811113844615, "error_max": 0.28093337222809867, "target": "181.xyz", "model": "2.xyz", "model_rescale": 3.932901565614263, "target_rescale": 3.9523670779532987},
{"mapping": [4, 7, 2, 11, 8, 0, 3, 10, 9, 5, 1, 12, 6, 13], "R": [[0.038579321883318675, 0.4816219085069644, 0.8755295387187875], [-0.6099995255653248, 0.7053324016877551, -0.36111879200543145], [-0.7914620740964801, -0.5201408851219952, 0.32100038145056065]], "T": [-0.0203115625532026, -0.16489641075902073, -0.04745238068533208], "aligned_model": [[0.6955795400425697, -0.06629066995477353, 0.7844450164286259, -0.6895771428228277, -0.6536368236162082, 0.50831909843712, -0.1014460303386435, -0.17974005327149606, -0.5212927213197263, 0.03973045874991127, 0.3626185726839039, -0.27832223514300897, 0.29187975483940254, -0.0364079065039697], [-0.1696263221821422, -0.4402263330105426, 0.02359647491769623, -0.18284874243688778, -0.5257416674503649, -0.5691013331788045, -0.6492408240182055, 0.3745042083466801, 0.03201170388229721, 0.3084899552084352, -0.1691668810404406, 0.5439226144990544, 0.4427391087302476, -0.051856743536000144], [-0.5481558475196592, -0.7045839527031952, 0.057605383487659846, 0.5437074921249919, -0.13391936834387397, 0.030767400032579613, 0.09223715207574573, 0.3961408662841254, -0.5474903915787022, -0.5851325735961638, 0.5866729188596556, -0.16634683985598955, -0.050266182639133475, -0.067136618132311]], "inverted": true, "swapped": false, "error_lsq": 0.0511309979502562, "error_max": 0.37400613165842445, "target": "181.xyz", "model": "3.xyz", "model_rescale": 3.9243930471874484, "target_rescale": 3.9523670779532987},
{"mapping": [8, 1, 11, 7, 12, 4, 3, 9, 2, 5, 10, 6, 13], "R": [[-0.2356298589827221, -0.957769630435165, -0.16479048689736409], [-0.9520672078552685, 0.19345957368041294, 0.23694181791753516], [-0.19505538003976208, 0.2127221858845022, -0.9574459098821532]], "T": [0.09937253412352347, -0.0591815125135209, -0.06592238917560447], "aligned_model": [[-0.026967650370887233, -0.5022895293838754, 0.7441623267014311, 0.43730577638064544, 0.5622030850507055, -0.596947814997744, -0.28374134391044975, 0.4551696377671847, 0.1422525177006525, -0.5430793901112456, 0.30690078517552877, -0.39480136907342095, -0.02296114461717287], [-0.44056995979851765, 0.07291717373250066, -0.37670830792105303, -0.5140516270925761, 0.18612627149455424, -0.40978368615949906, -0.668775029300259, 0.09053043295492334, 0.5317243904223793, 0.52603777945931, 0.07919630948766461, 0.05289079952009876, -0.0017049931179390215], [-0.6607872294911694, -0.5805444743247017, -0.42296585594363445, 0.14464445868207113, -0.10807743449456177, -0.26052503579456043, 0.24766104457534502, -0.7035862745826322, 0.12271630953903423, 0.05819503483891372, 0.5834714852656958, 0.4727982124029655, -0.10592992530180131]], "inverted": true, "swapped": true, "error_lsq": 0.04394463486883334, "error_max": 0.2637524059491155, "target": "181.xyz", "model": "4.xyz", "model_rescale": 3.8936222436046832, "target_rescale": 3.9523670779532987},
{"mapping": [10, 7, 12, 2, 9, 8, 4, 1, 5, 6, 0, 13], "R": [[-0.6294803352892183, 0.7471098265099769, -0.21349804358917665], [-0.4224204236142479, -0.09842601942500745, 0.9010401236425087], [0.6521621678675734, 0.6573729731532781, 0.3775516931095485]], "T": [-0.2009248476213073, -0.1490998452575551, -0.1002395817167259], "aligned_model": [[0.100276019529707, -0.593703248644035, -0.2976062282607421, 0.27761177419387995, -0.5964219324832007, -0.6872828839575131, -0.16810411092076494, -0.03940062124979332, 0.6069366193719055, 0.4015809491396913, 0.13910125811873758, -0.1154395526227746], [-0.577454484393024, -0.573885626567227, 0.05200941454520208, 0.05424820773630751, 0.46726863670217983, 0.09425727901343242, -0.23391295595364175, 0.31478074429628805, 0.0714921527879821, -0.5362754288947129, 0.6246916042129433, -0.08829663837592247], [-0.5581906069661275, -0.2755286642730904, -0.5760261429724998, -0.4411872444072513, -0.23913676182470203, 0.36828612594716525, 0.698123517589121, 0.5345894622198076, 0.16306679902629814, 0.08434039714138505, -0.1329662663152087, -0.0060858958893789256]], "inverted": true, "swapped": true, "error_lsq": 0.030760448327192363, "error_max": 0.14466853909304658, "target": "181.xyz", "model": "5.xyz", "model_rescale": 3.6523030999806103, "target_rescale": 3.9523670779532987},
{"mapping": [11, 7, 10, 12, 2, 8, 6, 9, 4, 1, 5, 0, 13], "R": [[-0.854076899996774, -0.5066757723221228, 0.1176108440309869], [-0.4542973759443549, 0.6165178611554573, -0.6430549129634063], [0.2533111586605973, -0.6026486444173594, -0.7567351374688143]], "T": [0.03206642790895066, -0.022979150071689672, 0.16261637580096755], "aligned_model": [[0.24552348069589186, -0.09177235113918163, 0.23839602117703507, 0.5253683878479413, 0.4895595146861789, -0.3035855246239486, -0.24333095854380504, 0.41497085348195883, -0.6825024585568661, -0.24349723952044655, 0.03159061411077754, 0.5050539097376667, -0.004691344688907882], [-0.6914865322162761, -0.15630662668171758, 0.49649400240059066, -0.13491835026838364, 0.35445674091874263, -0.624606627914903, 0.6583940657733645, -0.6302184198316066, -0.06276199576357687, -0.17304931282270142, 0.5569710204480276, -0.06487212245816716, 0.012731062579790044], [0.5519634525973345, 0.7390986700312079, 0.5767474463217832, 0.305051860817973, -0.02402569210474481, -0.03904004698063185, 0.07970222408607147, -0.03804539551484368, -0.20270914277172725, -0.5761845470056136, -0.4963895444376283, -0.5373620643249835, 0.03130251876759213]], "inverted": true, "swapped": true, "error_lsq": 0.046657399788725996, "error_max": 0.26613091663702804, "target": "181.xyz", "model": "6.xyz", "model_rescale": 4.08911054899281, "target_rescale": 3.9523670779532987},
{"mapping": [0, 1, 3, 10, 11, 9, 8, 5, 13, 2, 4, 7, 6, 14], "R": [[0.34252923147022907, 0.5543960748855403, 0.7584976715454841], [-0.5184661049238961, -0.5617309111685326, 0.6447102306329675], [0.7834964094579235, -0.6140874331797361, 0.09502631623537366]], "T": [-0.09490566433154944, -0.06524112609425622, -0.04376980069029141], "aligned_model": [[0.7222322917425744, 0.010294377860523493, 0.6758431200120399, -0.5111379495520338, -0.480925086772788, 0.2311801630854713, 0.11490042606311836, -0.33941416601965985, -0.6078088279018087, 0.09474246124154749, 0.23259408815539906, -0.207390247448827, 0.2881259196290934, -0.0673777118837707], [-0.05802704728655825, -0.3469859777691504, -0.1583691345979408, -0.35403356916846873, -0.4968696549726451, -0.7609763154578114, -0.5165071796211631, 0.3878018419913747, 0.09955428074113246, 0.35619785076295074, 0.09409658594327847, 0.6932323993198886, 0.2460905375109175, -0.21774939866478246], [-0.5094839844058493, -0.7127233480557817, 0.11025916324438667, 0.4686992306329139, -0.13977439179700427, -0.1992622035490988, 0.422587708794159, 0.5178963735215134, -0.5394182053454484, -0.7044984292083966, 0.5597241059449669, -0.15032539343052204, -0.11794774470946384, -0.10163344314064562]], "inverted": true, "swapped": false, "error_lsq": 0.04022392961212592, "error_max": 0.214076787057418, "target": "181.xyz", "model": "7.xyz", "model_rescale": 3.964800864290218, "target_rescale": 3.9523670779532987},
{"mapping": [10, 9, 3, 7, 8, 5, 1, 2, 12, 11, 0, 4, 6, 13], "R": [[-0.9921190397774148, -0.07439669981134878, -0.10082133687033011], [-0.04093699165828073, 0.9529494394374857, -0.30035234074292094], [0.118422859385806, -0.29385795366632816, -0.9484848598907247]], "T": [0.03523986028292698, -0.04045203133786298, -0.022342877966130832], "aligned_model": [[0.4527103017374337, -0.18331337742108847, 0.7332732252800082, -0.6053770724584913, -0.23305474898397022, 0.4442859750621058, -0.1652246791104563, -0.2742758213278618, -0.6218919255022742, 0.03222519381116188, 0.3426455785927613, -0.16462733293865106, 0.3706646144405114, 0.027818927029690434], [-0.3634328599948084, -0.23371347258565345, -0.04105120989844172, -0.2757549351553475, -0.7074036507955924, -0.7555695997457136, -0.4992936591842904, 0.28637048859208813, 0.07186980668545734, 0.4382553512633957, 0.09166790494162794, 0.6325690421335841, 0.42765093014704075, -0.10470891767232424], [-0.6520537861129436, -0.6458340362069941, 0.17441016022721265, 0.18037775221676278, -0.29483346743357625, -0.16502736313141625, 0.536583074350841, 0.46345112267378796, -0.377640722179102, -0.6990728670480365, 0.6110649048331186, -0.06913106825931828, -0.09216891126264051, -0.06602535417196562]], "inverted": false, "swapped": false, "error_lsq": 0.05182624517907803, "error_max": 0.34639593015321074, "target": "181.xyz", "model": "8.xyz", "model_rescale": 4.121658175737393, "target_rescale": 3.9523670779532987},
{"mapping": [10, 12, 7, 3, 2, 5, 9, 1, 8, 0, 6, 4, 13], "R": [[0.8492572663921478, -0.2513394864246999, 0.46431730319244424], [0.517290207714822, 0.5721577366325199, -0.6364325301348979], [-0.1057021120058269, 0.7806817449994072, 0.6159245704972223]], "T": [-0.014551433169721906, -0.03403762316060951, -0.1992565407944628], "aligned_model": [[-0.5563791761876844, -0.18647342974049355, 0.17342825058137812, 0.2465470540698259, -0.582785856658742, -0.511112318328581, 0.2840194188517033, 0.24989226260851655, 0.6697393098783861, -0.24705891581921657, -0.4380823807036456, 0.4015548926027232, -0.02655161471897277], [0.18422927473881828, -0.4527559214964449, 0.14998404728790818, 0.7047033238480731, -0.254110832058527, 0.0954759828121369, -0.7166326344518529, -0.08874526292113552, -0.13438604636941232, -0.6250855073622553, 0.5249639229888614, 0.42348874525283486, -0.020741652857295158], [-0.5770277135244635, -0.46624509737735503, -0.7435393331721607, -0.2522137154511913, -0.07568283624413102, 0.5129827046788009, -0.1760192170875754, 0.55662691451468, -0.007007896787854739, 0.3593530409672144, 0.03553431118694911, 0.313753450039352, -0.05943917778317609]], "inverted": true, "swapped": true, "error_lsq": 0.0437118437298493, "error_max": 0.2997141115129267, "target": "181.xyz", "model": "9.xyz", "model_rescale": 3.833441315466971, "target_rescale": 3.9523670779532987},
{"mapping": [4, 6, 5, 10, 12, 1, 0, 8, 7, 3, 13, 9, 2, 14], "R": [[0.8751344543165482, 0.47224897627822054, 0.10545421410379949], [0.4248563419315102, -0.6456078202813322, -0.6345767338251244], [-0.23159614761185685, 0.6001428553234301, -0.7656316200468651]], "T": [-0.07794279777022155, -0.15080569531156812, -0.11265960796797861], "aligned_model": [[0.46159263536864886, 0.048506687127700496, 0.5857584911047832, -0.566135170279855, -0.3789646355092578, 0.23348411116646867, 0.13062204778801234, -0.5168551559248886, -0.46185389562794515, 0.1845938033038816, 0.37334912395625536, -0.1803745283008874, 0.3146535020738081, -0.07251815803584515], [-0.12802282324626618, -0.5503424539262411, -0.16641893679552996, -0.26203670121809286, -0.6641033734184689, -0.8188342461047478, -0.5306430760589838, 0.34395677964674787, 0.2102188861440144, 0.5056590558005611, 0.016603854671712215, 0.6531841749280214, 0.41753078164486784, -0.059296703336572276], [-0.6994262031473107, -0.6470849763120028, 0.01653802089196485, 0.539298990616554, -0.20716571446406976, -0.06407907041303121, 0.4127423629912853, 0.2998029934990768, -0.5203206158020794, -0.6170903895340715, 0.5229473345471843, -0.08075105636600952, 0.08611677201002071, -0.13742901002178065]], "inverted": true, "swapped": false, "error_lsq": 0.03993238884962206, "error_max": 0.21587085486026422, "target": "181.xyz", "model": "10.xyz", "model_rescale": 4.2482417240324, "target_rescale": 3.9523670779532987},
{"mapping": [9, 0, 1, 5, 7, 3, 8, 6, 2, 10, 12, 13], "R": [[0.09108042564114066, -0.9793579757251825, 0.18045030187977507], [-0.6048125572558792, 0.08955529781672095, 0.7913163837673036], [-0.7911422922904784, -0.1812120415878363, -0.5841712671237227]], "T": [-0.10676666683147194, 0.15795688072644828, -0.02962842263824468], "aligned_model": [[-0.6416855481710708, -0.012906122296998626, 0.25235684515772755, 0.6490718140475626, -0.42863584742644545, 0.21576366360705168, -0.32102618211194583, 0.5725065337550032, 0.06838129156580951, 0.0005203792337162422, -0.47675895394468915, -0.0008222710527142907], [-0.3284528881994362, -0.6805972053950954, -0.3088701538820098, -0.2691857944365411, 0.6686234552560836, 0.800227060924931, 0.07719351272333816, 0.36840703669686153, -0.18309829000782632, 0.46824727794309207, -0.025609895134862004, 0.07924727356210381], [0.15172152472709483, -0.0884437146273059, 0.515702683195933, -0.15958439776527172, -0.0622470525539809, 0.2868810886702064, 0.6507048094508362, -0.23281943402328392, -0.5191155020933592, -0.642929457946455, -0.3545499853098664, 0.019871728129809252]], "inverted": false, "swapped": true, "error_lsq": 0.04754089905058482, "error_max": 0.24655262749915924, "target": "181.xyz", "model": "11.xyz", "model_rescale": 3.6694154284099745, "target_rescale": 3.9523670779532987},
{"mapping": [0, 12, 6, 9, 10, 5, 7, 8, 2, 1, 11, 3, 4, 13], "R": [[0.22669498060712262, -0.8997392228073434, -0.3729325900341432], [0.8119681035810616, 0.38604715920260374, -0.4378074801080657], [0.5378821288484226, -0.20356060968084555, 0.8180745037292458]], "T": [0.03881000636479067, -0.13989421646698194, -0.06954639371390013], "aligned_model": [[0.6104584764879096, -0.13347971736826772, 0.5402396586080809, -0.4146903317541558, -0.5028403882224949, 0.49497158342255065, -0.04308280801519344, -0.4766520851738321, -0.46521278200444943, -0.0015234338599878008, 0.1569646358494001, -0.14160491237463332, 0.416547343588953, 0.11576361902699966], [-0.05003517090864004, -0.47138418989733133, -0.2386998250448374, -0.2784790057569432, -0.4710537562122441, -0.7793707127515993, -0.804980310316134, 0.31549651169428994, 0.13787903327391596, 0.3703899706044743, 0.13587898131423629, 0.695121226423317, 0.49614456630755344, -0.08945209999903533], [-0.48892837110765985, -0.6371722818458825, 0.17265308815673236, 0.5783872189298239, -0.09138664525976085, -0.23555006473478135, 0.2515756597034053, 0.24591512248493042, -0.37795622482373037, -0.7436804724593821, 0.6050032900188477, -0.17654437422888963, -0.04838462101454381, -0.1498318853233791]], "inverted": false, "swapped": false, "error_lsq": 0.04780874569675907, "error_max": 0.28591629097615096, "target": "181.xyz", "model": "12.xyz", "model_rescale": 3.9764082729961374, "target_rescale": 3.9523670779532987},
{"mapping": [12, 13, 1, 3, 14, 10, 8, 7, 6, 5, 2, 4, 9, 15], "R": [[0.05384623454979681, 0.9590239513033527, 0.278161183221731], [-0.3378893442240065, -0.24463331104849076, 0.9088373529874989], [0.9396442806108489, -0.1429251690639457, 0.31087139135559494]], "T": [0.02926778849983079, -0.055589510988590135, -0.12063309935140651], "aligned_model": [[0.5040010460670907, -0.061602730775054626, 0.6110429272842433, -0.5631261171012655, -0.6205090609912127, 0.45423744898043256, 0.06651196725411143, -0.23387544969385693, -0.4998769924619284, 0.09976719520038356, 0.3844730209629439, -0.39218001594737795, 0.4773267726155415, -0.07033115318317155], [-0.2436996247403004, -0.41104657914571163, -0.2050732937147093, -0.3665673018593314, -0.4770359486206095, -0.7297360590444283, -0.4870434576899153, 0.30275691445335595, 0.05917555075626835, 0.6335340424335734, 0.06600793592115747, 0.5244799846684088, 0.3334798028442393, -0.031776747530975716], [-0.5033293943585105, -0.6104017872141111, 0.08555823134720389, 0.3900583157961801, -0.3180691286060585, -0.015399462268650022, 0.438037823172147, 0.4904128682229735, -0.6596076693293068, -0.5928221161745418, 0.5831444348467069, -0.07862298016459378, -0.21741813075849406, -0.087441566015215]], "inverted": true, "swapped": false, "error_lsq": 0.043165614377480406, "error_max": 0.29905207687140867, "target": "181.xyz", "model": "13.xyz", "model_rescale": 4.170626492500431, "target_rescale": 3.9523670779532987},
{"mapping": [1, 9, 0, 12, 10, 7, 8, 5, 11, 3, 4, 6, 2, 13], "R": [[0.2670485221262465, -0.5332598301495779, -0.8026948613134579], [-0.8103953462952023, 0.32646838896114727, -0.4864953994769045], [0.5214829522940012, 0.7804180575550241, -0.3449683839263768]], "T": [0.08524432788376977, -0.05624971020899734, -0.0675504031526756], "aligned_model": [[0.4729974764693047, -0.21606066919326028, 0.6658091294578924, -0.45634307626201653, -0.22182729029687215, 0.40699296512866856, 0.10749858142585648, -0.6809352491281877, -0.5041246995979772, 0.1470474000960135, 0.16060330777423182, -0.25728467849732795, 0.5322848809145139, -0.0007992200799600419], [-0.31936862833823676, -0.3816278321403515, -0.19248140924514706, -0.2567579065193342, -0.5264108895541956, -0.7991158480104501, -0.5827300602003186, 0.33281580399772287, 0.12919561213260128, 0.3881500836868292, 0.06522293377271261, 0.7118026673138914, 0.4022987390515518, -0.003538047216253462], [-0.6768371998091016, -0.7455259299740458, -0.08316584034816288, 0.38210020350673635, -0.12217449783152373, -0.1129102822068796, 0.4557845584896978, 0.23047092122037263, -0.41093624007374907, -0.5911559874242329, 0.627164323556772, -0.051466491964678535, 0.08351326178054552, -0.08076136042602003]], "inverted": false, "swapped": false, "error_lsq": 0.05135732686923379, "error_max": 0.3938518607337277, "target": "181.xyz", "model": "14.xyz", "model_rescale": 3.9786697098870705, "target_rescale": 3.9523670779532987},
{"mapping": [1, 8, 0, 5, 9, 12, 3, 7, 2, 6, 11, 13], "R": [[0.971719712612531, -0.20011178013442835, 0.12536377296352566], [0.2126501757433739, 0.9723893797910483, -0.0961186601336729], [-0.10266792525678312, 0.12005902515434033, 0.9874437338919403]], "T": [0.01635264429327286, 0.023609765135653934, 0.10356096609807909], "aligned_model": [[-0.07633897232759358, -0.5567189143773509, 0.5172341428460754, 0.5695036827969004, -0.04771489093093098, 0.2574905851208485, -0.4648830661324946, -0.3148290268440655, 0.6372606767031657, 0.2821040933973443, -0.3686191154551279, 0.048865401970566005], [-0.41998478586263605, 0.04057930556253554, 0.04997740179203179, -0.6069648431285848, 0.536854907891576, 0.49047032921299555, -0.44966230520261713, 0.27883394379196896, 0.03838973720146925, -0.5880672862980024, 0.7263317239436119, -0.0820836386799091], [-0.5589458871705841, -0.32839295682047354, -0.5775149972774167, -0.15534214629900706, -0.4331840857629511, 0.09589397091238053, 0.5049844427688172, 0.5401653798505973, 0.07444386659576305, 0.4232722238591317, 0.05844143173105254, 0.01614525148652042]], "inverted": false, "swapped": true, "error_lsq": 0.050357984932959815, "error_max": 0.272209530442424, "target": "181.xyz", "model": "15.xyz", "model_rescale": 3.769337070930944, "target_rescale": 3.9523670779532987},
{"mapping": [2, 10, 0, 9, 5, 6, 1, 3, 8, 11, 13], "R": [[0.45843435664140775, 0.8834594404950602, 0.09663000388561677], [-0.14430475901668782, -0.03328983784953078, 0.9889731660773653], [0.8769344771280889, -0.46732344655078856, 0.1122261962644111]], "T": [-0.08996215712144646, -0.060579702760690836, 0.07063650460265411], "aligned_model": [[-0.27381312077756653, -0.3209697817023457, -0.15041326515834777, -0.4752686788521562, 0.39201720312908295, 0.36546782982775133, 0.45856912006164835, 0.4314926093509825, 0.1215788857877662, -0.6405613121743778, 0.014526641198733356], [-0.023544562033024706, -0.6314051594803435, 0.6208649795338214, 0.549926852545823, 0.10065021728344892, -0.47042409468236546, 0.5225349949144275, -0.536377241571161, 0.3631131419425749, 0.0913933735784711, 0.009331995593669866], [-0.5221705966392395, -0.25297217283765994, -0.4267776128617037, 0.25621965731083574, -0.6451372297360607, -0.3436086374188867, 0.012551399780084793, 0.41475377786683243, 0.6100972804671667, 0.6343757476035123, 0.006885993688895836]], "inverted": true, "swapped": true, "error_lsq": 0.053130925126360314, "error_max": 0.32847279670440016, "target": "181.xyz", "model": "16.xyz", "model_rescale": 3.7852294659196426, "target_rescale": 3.9523670779532987},
{"mapping": [6, 1, 0, 5, 4, 8, 11, 9, 2, 10, 7, 12, 13], "R": [[-0.9106298523323674, -0.18052162101710362, -0.371705819683373], [0.3567429784100044, -0.797401121118461, -0.486709255504948], [-0.2085370935739973, -0.5758154186754457, 0.7905370859228119]], "T": [-0.012661262905547787, 0.1875981933898902, -0.06300436217635956], "aligned_model": [[0.11569769702856217, -0.4391564714880697, 0.24352906227306245, 0.19590153709280467, -0.6823088336866796, -0.6476239894897516, -0.13634006298157217, -0.05733753778799023, 0.5396018396599912, 0.5049341919889829, -0.09518521469700356, 0.3566553767737781, -0.04460174446983154], [-0.13401319628948566, -0.46677687576967913, -0.43565875727317965, -0.628967996966963, -0.17205262343012795, 0.18904069667589052, 0.7900296923186603, 0.22213489860086816, -0.0970350276357948, 0.4082641500495602, 0.7692588960893179, 0.3802812076100559, 0.05055055972375183], [-0.71651643377395, 0.12186937315040426, 0.4482287416796537, -0.3086717080265571, -0.323537515046341, 0.27181413076754607, 0.45258949260311826, 0.6802531455457959, -0.03887071756873781, -0.4720646039652376, -0.2054989904688691, 0.25737596072028285, -0.0712161784739347]], "inverted": true, "swapped": true, "error_lsq": 0.03942199764711367, "error_max": 0.22386736509727026, "target": "181.xyz", "model": "17.xyz", "model_rescale": 3.901054581598922, "target_rescale": 3.9523670779532987},
{"mapping": [11, 9, 6, 8, 5, 10, 4, 0, 13, 12, 1, 3, 7, 14], "R": [[-0.7831353479998263, 0.5330115625936382, -0.3203087586293558], [-0.5593746332630654, -0.3787939604505425, 0.7373026211726118], [0.27165979896738857, 0.7565803392024412, 0.5948000873884579]], "T": [-0.05124882244941166, -0.10252583547895716, -0.03759076511276867], "aligned_model": [[0.5764467329010055, -0.11237194297121851, 0.6859457665042064, -0.44028940288083573, -0.5347709005818032, 0.2518238545888103, 0.15092460735217084, -0.22604843403893887, -0.5325447868007906, 0.14839953817045315, 0.21714478629036954, -0.3448792436651832, 0.3521280735430642, -0.03604979020043027], [-0.1507581296425337, -0.38523645842633947, -0.054594139500865294, -0.41354983890473934, -0.43731372097406734, -0.8405634733517253, -0.6699183599936618, 0.4998897780429809, 0.057838922199153625, 0.366078592475187, 0.0892087142978058, 0.5798630168914971, 0.41817675964625395, -0.09166644402792365], [-0.5278997743301453, -0.6296450608869599, 0.09647054850272078, 0.4009633914180439, -0.2478513621818979, -0.22706674154495599, 0.47501590409560507, 0.3890766028363429, -0.557340260056723, -0.578447054972451, 0.5763215109050475, -0.215164748032446, 0.03878273164225733, -0.08911624889870834]], "inverted": true, "swapped": false, "error_lsq": 0.036060314728510866, "error_max": 0.22215509692623875, "target": "181.xyz", "model": "18.xyz", "model_rescale": 3.9405287249114394, "target_rescale": 3.9523670779532987},
{"mapping": [10, 3, 11, 4, 12, 14, 13, 8, 1, 2, 9, 6, 5, 15], "R": [[0.8382515457278472, 0.48222206617702285, 0.25455102627339427], [0.25401965413922795, 0.06773768678468514, -0.9648241399861671], [-0.4825021879700259, 0.8734262903536986, -0.06571266181730012]], "T": [-0.10059892279058766, -0.14674536540302802, 0.011859137622064406], "aligned_model": [[0.46379320192248097, -0.16179350699083256, 0.6149942715977309, -0.707740489736537, -0.3842884493583453, 0.30729970916785776, 0.22200261516330674, -0.2879188361990505, -0.4646593072055286, 0.2405901424414383, 0.3555970318811814, -0.26852264569623596, 0.30408458960820994, -0.0775794683847966], [-0.17314872306459192, -0.47124962108457974, -0.19008373331054643, -0.3007220701643305, -0.5914371379213419, -0.7522333946256317, -0.6158766934623978, 0.5127559050253889, 0.043340652062078516, 0.4329453183867938, 0.0781173649308991, 0.548593723244164, 0.5746042845726445, -0.1281506558575265], [-0.5346465157911368, -0.7732400954581155, 0.08439442497967485, 0.3891326732607923, -0.1361562067840968, -0.24648542800830003, 0.36847362150487173, 0.33161135400204056, -0.5047129932980418, -0.5384807718034033, 0.5866041684004262, -0.20398485853492715, 0.09640841338132147, -0.014818347355376429]], "inverted": false, "swapped": false, "error_lsq": 0.03867618424774925, "error_max": 0.2164129004805316, "target": "181.xyz", "model": "19.xyz", "model_rescale": 4.410303926677745, "target_rescale": 3.9523670779532987},
{"mapping": [10, 9, 3, 7, 8, 5, 1, 2, 12, 11, 0, 4, 6, 13], "R": [[-0.9921190397774148, -0.07439669981134878, -0.10082133687033011], [-0.04093699165828073, 0.9529494394374857, -0.30035234074292094], [0.118422859385806, -0.29385795366632816, -0.9484848598907247]], "T": [0.03523986028292698, -0.04045203133786298, -0.022342877966130832], "aligned_model": [[0.4527103017374337, -0.18331337742108847, 0.7332732252800082, -0.6053770724584913, -0.23305474898397022, 0.4442859750621058, -0.1652246791104563, -0.2742758213278618, -0.6218919255022742, 0.03222519381116188, 0.3426455785927613, -0.16462733293865106, 0.3706646144405114, 0.027818927029690434], [-0.3634328599948084, -0.23371347258565345, -0.04105120989844172, -0.2757549351553475, -0.7074036507955924, -0.7555695997457136, -0.4992936591842904, 0.28637048859208813, 0.07186980668545734, 0.4382553512633957, 0.09166790494162794, 0.6325690421335841, 0.42765093014704075, -0.10470891767232424], [-0.6520537861129436, -0.6458340362069941, 0.17441016022721265, 0.18037775221676278, -0.29483346743357625, -0.16502736313141625, 0.536583074350841, 0.46345112267378796, -0.377640722179102, -0.6990728670480365, 0.6110649048331186, -0.06913106825931828, -0.09216891126264051, -0.06602535417196562]], "inverted": false, "swapped": false, "error_lsq": 0.05182624517907803, "error_max": 0.34639593015321074, "target": "181.xyz", "model": "20.xyz", "model_rescale": 4.121658175737393, "target_rescale": 3.9523670779532987},
{"mapping": [11, 7, 10, 12, 2, 8, 6, 9, 4, 1, 5, 0, 13], "R": [[-0.854076899996774, -0.5066757723221228, 0.1176108440309869], [-0.4542973759443549, 0.6165178611554573, -0.6430549129634063], [0.2533111586605973, -0.6026486444173594, -0.7567351374688143]], "T": [0.03206642790895066, -0.022979150071689672, 0.16261637580096755], "aligned_model": [[0.24552348069589186, -0.09177235113918163, 0.23839602117703507, 0.5253683878479413, 0.4895595146861789, -0.3035855246239486, -0.24333095854380504, 0.41497085348195883, -0.6825024585568661, -0.24349723952044655, 0.03159061411077754, 0.5050539097376667, -0.004691344688907882], [-0.6914865322162761, -0.15630662668171758, 0.49649400240059066, -0.13491835026838364, 0.35445674091874263, -0.624606627914903, 0.6583940657733645, -0.6302184198316066, -0.06276199576357687, -0.17304931282270142, 0.5569710204480276, -0.06487212245816716, 0.012731062579790044], [0.5519634525973345, 0.7390986700312079, 0.5767474463217832, 0.305051860817973, -0.02402569210474481, -0.03904004698063185, 0.07970222408607147, -0.03804539551484368, -0.20270914277172725, -0.5761845470056136, -0.4963895444376283, -0.5373620643249835, 0.03130251876759213]], "inverted": true, "swapped": true, "error_lsq": 0.046657399788725996, "error_max": 0.26613091663702804, "target": "181.xyz", "model": "21.xyz", "model_rescale": 4.08911054899281, "target_rescale": 3.9523670779532987},
{"mapping": [3, 2, 13, 8, 1, 4, 0, 5, 15, 14, 7, 9, 12, 16], "R": [[-0.8789167526314559, 0.40579075795492453, 0.25067748742586415], [-0.4589462469937387, -0.862611654965266, -0.21276624518106058], [0.12989874639171345, -0.30205130934404634, 0.9443999799922747]], "T": [-0.08211454365070307, -0.044504716284098175, 0.0002517687897241466], "aligned_model": [[0.5590519417639039, -0.09840826580651885, 0.5770185062476695, -0.6549167738701519, -0.5845288693924099, 0.3370569118300647, 0.14272973048759202, -0.4880118008240212, -0.43445291096898125, 0.14274197727981036, 0.3989954175067267, -0.15009315516212135, 0.454845221290108, -0.04616907217079168], [-0.08216950290051753, -0.5130709936506628, -0.09142262796204362, -0.20946024548014014, -0.6493923598298988, -0.558315481293176, -0.6966563867861253, 0.44305074107804804, -0.011816977977418805, 0.3045030057403602, -0.01887135199554217, 0.6629051446476386, 0.46206547929041647, -0.07389322414991545], [-0.5843555567927542, -0.5487782738367258, -0.008251061544248858, 0.354439990648318, -0.10786467418336834, -0.2155860743673087, 0.3527041048976199, 0.3089039137097514, -0.6371619152287927, -0.4890903823779303, 0.5233887718011535, -0.04972631236631116, -0.00525766170643906, 0.010734569842766162]], "inverted": true, "swapped": false, "error_lsq": 0.03942333213677274, "error_max": 0.2353273876441159, "target": "181.xyz", "model": "22.xyz", "model_rescale": 4.204369325754507, "target_rescale": 3.9523670779532987},
{"mapping": [10, 3, 11, 4, 12, 14, 13, 8, 1, 2, 9, 6, 5, 15], "R": [[0.8382515457278472, 0.48222206617702285, 0.25455102627339427], [0.25401965413922795, 0.06773768678468514, -0.9648241399861671], [-0.4825021879700259, 0.8734262903536986, -0.06571266181730012]], "T": [-0.10059892279058766, -0.14674536540302802, 0.011859137622064406], "aligned_model": [[0.46379320192248097, -0.16179350699083256, 0.6149942715977309, -0.707740489736537, -0.3842884493583453, 0.30729970916785776, 0.22200261516330674, -0.2879188361990505, -0.4646593072055286, 0.2405901424414383, 0.3555970318811814, -0.26852264569623596, 0.30408458960820994, -0.0775794683847966], [-0.17314872306459192, -0.47124962108457974, -0.19008373331054643, -0.3007220701643305, -0.5914371379213419, -0.7522333946256317, -0.6158766934623978, 0.5127559050253889, 0.043340652062078516, 0.4329453183867938, 0.0781173649308991, 0.548593723244164, 0.5746042845726445, -0.1281506558575265], [-0.5346465157911368, -0.7732400954581155, 0.08439442497967485, 0.3891326732607923, -0.1361562067840968, -0.24648542800830003, 0.36847362150487173, 0.33161135400204056, -0.5047129932980418, -0.5384807718034033, 0.5866041684004262, -0.20398485853492715, 0.09640841338132147, -0.014818347355376429]], "inverted": false, "swapped": false, "error_lsq": 0.03867618424774925, "error_max": 0.2164129004805316, "target": "181.xyz", "model": "23.xyz", "model_rescale": 4.410303926677745, "target_rescale": 3.9523670779532987},
{"mapping": [3, 1, 4, 14, 11, 10, 9, 6, 7, 0, 15, 12, 5, 16], "R": [[0.4438178289147837, 0.8960392093765119, -0.011809741626447462], [0.8740415948915041, -0.4299398060089071, 0.22628091746441967], [0.19767909635792016, -0.11074971092034079, -0.973990490915685]], "T": [-0.02885435123100369, -0.09880202241116136, -0.033878354854712155], "aligned_model": [[0.5828891367000714, -0.09444885512259518, 0.6583305365230161, -0.47408765407603515, -0.4080782474129362, 0.2892330329546834, 0.028498660012322652, -0.2900513916455747, -0.48829448917043095, 0.08737067326377337, 0.08641872666540083, -0.16655944566142275, 0.31030955517331793, 0.034328620007288466], [-0.16560436947216506, -0.46018852447440456, -0.06385528243568847, -0.22216234803542229, -0.6031602573117628, -0.6589754240019121, -0.5663213651825545, 0.43655810912047005, -0.011496377047497258, 0.3701596333952029, -0.04900557760473821, 0.6787192590868241, 0.39251665395675955, -0.10972891126208972], [-0.6900477964131598, -0.809399151968527, -0.05485520873541411, 0.46079277439604205, -0.08421218108824398, -0.12774060737280127, 0.3791062451781604, 0.43841787147459144, -0.5063435711618304, -0.6143544699108867, 0.6686503793844502, -0.18445656898058616, 0.16405051184382502, -0.13550878814988937]], "inverted": true, "swapped": false, "error_lsq": 0.038933333559511986, "error_max": 0.2402667160460908, "target": "181.xyz", "model": "24.xyz", "model_rescale": 4.28219845311461, "target_rescale": 3.9523670779532987},
{"mapping": [6, 0, 14, 7, 4, 2, 13, 9, 1, 8, 12, 5, 11, 15], "R": [[-0.30379033567393865, 0.7797256993727156, 0.5474844889938393], [-0.6208501077778305, -0.5978938528236439, 0.507018820585543], [0.7226732149619024, -0.18587838629982892, 0.6657271587393738]], "T": [-0.032716756510029345, -0.06106741050786503, -0.040118337021360535], "aligned_model": [[0.5159106267252662, -0.06864815859915821, 0.7185449991093975, -0.5641587986505608, -0.5061796675971489, 0.30505184686563014, 0.04608841450591484, -0.3569450793274742, -0.40282221979139743, 0.12816606673730904, 0.3488680857165461, -0.22770682661849093, 0.2581440680867288, -0.03845449895168271], [-0.17975781640699912, -0.5290094398056078, -0.1424819768501081, -0.3376505478640419, -0.5909542194318061, -0.6470814304188555, -0.4387435900612808, 0.30170956644441915, 0.13337338247691705, 0.36499905682552986, 0.0530329936451585, 0.7433004724914987, 0.3444605416582446, -0.10774177397204643], [-0.7451840906024804, -0.7074213893120164, 0.05539117991569736, 0.4564872708063608, -0.21245932047864763, -0.14632550923367935, 0.4116193140064106, 0.42907516629600023, -0.5249813309891453, -0.5640745752004958, 0.6124105942821182, -0.24074700464480986, 0.17765248741444356, -0.0973433537640262]], "inverted": false, "swapped": false, "error_lsq": 0.03263537955539791, "error_max": 0.22226035777444852, "target": "181.xyz", "model": "25.xyz", "model_rescale": 4.100010024507729, "target_rescale": 3.9523670779532987},
{"mapping": [9, 0, 1, 5, 7, 3, 8, 6, 2, 10, 12, 13], "R": [[0.09108042564114066, -0.9793579757251825, 0.18045030187977507], [-0.6048125572558792, 0.08955529781672095, 0.7913163837673036], [-0.7911422922904784, -0.1812120415878363, -0.5841712671237227]], "T": [-0.10676666683147194, 0.15795688072644828, -0.02962842263824468], "aligned_model": [[-0.6416855481710708, -0.012906122296998626, 0.25235684515772755, 0.6490718140475626, -0.42863584742644545, 0.21576366360705168, -0.32102618211194583, 0.5725065337550032, 0.06838129156580951, 0.0005203792337162422, -0.47675895394468915, -0.0008222710527142907], [-0.3284528881994362, -0.6805972053950954, -0.3088701538820098, -0.2691857944365411, 0.6686234552560836, 0.800227060924931, 0.07719351272333816, 0.36840703669686153, -0.18309829000782632, 0.46824727794309207, -0.025609895134862004, 0.07924727356210381], [0.15172152472709483, -0.0884437146273059, 0.515702683195933, -0.15958439776527172, -0.0622470525539809, 0.2868810886702064, 0.6507048094508362, -0.23281943402328392, -0.5191155020933592, -0.642929457946455, -0.3545499853098664, 0.019871728129809252]], "inverted": false, "swapped": true, "error_lsq": 0.04754089905058482, "error_max": 0.24655262749915924, "target": "181.xyz", "model": "26.xyz", "model_rescale": 3.6694154284099745, "target_rescale": 3.9523670779532987},
{"mapping": [4, 8, 0, 3, 7, 5, 1, 12, 9, 10, 6, 11, 2, 13], "R": [[0.9143483650856346, 0.3444512012640676, 0.21288597232548742], [0.030317988219317943, 0.46602667103627976, -0.8842510737755294], [-0.4037918855741912, 0.814967798032894, 0.41566765728626925]], "T": [0.0010259659694152063, -0.10454111357860917, -0.1420437091164104], "aligned_model": [[0.6222290216413134, -0.07425305471058288, 0.6316251388202083, -0.6532721870996158, -0.37637810243913566, 0.3193048546738193, 0.27872992073988556, -0.3560352329601934, -0.6181300954095682, 0.03410446787625952, 0.04497823268931616, -0.14897489573143735, 0.41444942515259175, 0.0374813649680184], [-0.015262525956197218, -0.33671840216755156, -0.23924628697791306, -0.24845147966596637, -0.6043494666795964, -0.8287186976297896, -0.6052133167511516, 0.4386662059222136, 0.08047982082549283, 0.2609292058440777, -0.0004644215994917128, 0.740233356478041, 0.38973333670158405, -0.06416210961272936], [-0.6727664875092075, -0.7326230586868102, 0.003326654412406954, 0.3096364362924844, -0.07970348103216018, -0.12642719593211027, 0.530157534687067, 0.31311112345941866, -0.35947544773855916, -0.6187280682318683, 0.5350284231126883, -0.14763883866804134, 0.07452835140966946, -0.12432650707924735]], "inverted": true, "swapped": false, "error_lsq": 0.04490954487203175, "error_max": 0.27886571717892494, "target": "181.xyz", "model": "27.xyz", "model_rescale": 4.103607728864725, "target_rescale": 3.9523670779532987},
