[{"mapping": [2, 0, 9, 8, 10, 1, 5, 4, 11, 6, 3, 12], "R": [[-0.2493830419823935, -0.9484216964896771, -0.19571505818217105], [-0.40929721293482235, 0.28638910007816576, -0.8662892558725435], [0.8776581850899554, -0.13593222202281968, -0.45960694202823393]], "T": [-0.118830369307009, 0.0033741123542404966, 0.022813953827276908], "aligned_model": [[-0.21581953574613702, 0.22157642188431853, 0.36930697970558435, -0.2631580693646205, 0.11352103236230414, -0.4677863924565384, 0.2526920128120816, -0.26079686785049866, 0.5916995847146765, 0.11200884648300503, -0.5536686674798981, -0.06193288260372881], [-0.32608733158151154, -0.6877451744250596, -0.3346303595472528, 0.6767185933756631, 0.4251868646378353, -0.6273269193971233, -0.3239052198967318, -0.35675719127778577, 0.1214865876165304, 0.3891035698500827, 0.13529355041263735, -0.03778193379022685], [-0.5625323711663806, -0.13553235618440435, -0.6913019705045615, -0.006941383432923557, -0.6795063001567682, 0.06559061726602533, 0.4598929172263872, 0.7795819505948901, -0.0299138477260692, 0.5135192177621123, 0.41101541149490706, 0.058079860180347456]], "inverted": true, "swapped": true, "error_lsq": 0.04277231563025563, "error_max": 0.24725946437214713, "target": "182.xyz", "model": "0.xyz", "model_rescale": 3.751011558992144, "target_rescale": 3.9054252566072014},
{"mapping": [1, 7, 6, 12, 3, 0, 13, 11, 9, 4, 10, 8, 14], "R": [[0.3576329987882628, 0.5477162300885361, -0.7563766055843585], [0.7509880539626825, 0.312746899913361, 0.5815550871584957], [0.5550815984907603, -0.7760130848717591, -0.29947973408021855]], "T": [0.04060397988713753, 0.15568517098176582, 0.017264003829273983], "aligned_model": [[-0.038399822573306944, -0.35475653627292103, 0.1899547691200728, -0.39430056937667374, -0.7036089801766984, -0.5589660312530904, -0.26853996307182815, 0.21645017774994108, 0.26144090419342386, 0.6712354373075923, 0.8182991140306447, 0.2689727568494124, 0.030808439713117936], [0.45440156618632277, -0.08653464133314259, -0.19212822620248915, -0.442485302323367, 0.11955205363681731, 0.5313767795609072, 0.021764074565671587, -0.6061218982262919, -0.24181202121996265, 0.4982909514612665, -0.09651098281656723, 0.771188112442036, 0.10472975416823573], [-0.6074058800843194, -0.45675777687391983, -0.6311540154798657, 0.08815280388094471, 0.1853335055740417, -0.25637103684353435, 0.6606902705973269, -0.14229505397848993, 0.4941462286909012, -0.3151502166902359, 0.08083385885271033, 0.11433141804425585, 0.03491068435072257]], "inverted": true, "swapped": false, "error_lsq": 0.04640779817195658, "error_max": 0.2817412407901328, "target": "182.xyz", "model": "1.xyz", "model_rescale": 3.9405287249114394, "target_rescale": 3.9054252566072014},
{"mapping": [7, 3, 6, 9, 8, 4, 2, 11, 5, 7, 0, 1, 12], "R": [[-0.17674843698867715, 0.9300553554432238, 0.3221133741921287], [0.6962728373557254, 0.3494608684716384, -0.6269619106195015], [-0.6956753021220943, 0.11346425524554837, -0.709338943523409]], "T": [-0.017844421645487833, 0.037057513048195406, -0.05177547613879084], "aligned_model": [[0.1659246088150027, -0.26881890594542507, 0.40202333286754643, -0.531544243525393, -0.7869173586095036, -0.44669283597203113, 0.05339561304987164, 0.15612076271130598, 0.19519113927901177, 0.1659246088150027, 0.7762137180105902, 0.2947950053092078, -0.03702574856549959], [0.4791892952766582, 0.06533289417180577, -0.09613011178334907, -0.5387084131334438, -0.021758029225433684, 0.5879680213133123, 0.14865221244395407, -0.65229472456385, -0.3832917618285058, 0.4791892952766582, -0.023752707273848178, 0.7174219886723076, 0.07389226055317094], [-0.6839608000298437, -0.5646224217488689, -0.3700957844782649, 0.18271801703066193, 0.024101527797607145, -0.1172153057190256, 0.6165366575569734, -0.09807770252322572, 0.5013959414787178, -0.6839608000298437, 0.21033857580461768, 0.2062692900945748, 0.025837594806458378]], "inverted": false, "swapped": false, "error_lsq": 0.05779719161863203, "error_max": 0.47192415835316515, "target": "182.xyz", "model": "2.xyz", "model_rescale": 3.932901565614263, "target_rescale": 3.9054252566072014},
{"mapping": [7, 5, 9, 6, 2, 0, 1, 12, 10, 8, 11, 3, 13], "R": [[-0.1638160127381802, -0.7028265820035322, -0.6922420888676136], [0.5984535296017197, -0.6286502089551674, 0.496641004839379], [-0.7842306337282471, -0.3329169722466203, 0.5235920193359855]], "T": [0.0034103081836962326, 0.16482452135254033, -0.06255289232251349], "aligned_model": [[-0.09212607332408962, -0.26950484656394097, 0.31456133049520624, -0.3828226705038103, -0.7606320258995882, -0.4189669513278776, -0.1869688629336968, 0.1129337321311498, 0.19746299211092658, 0.634646898864128, 0.8038236958763302, 0.18932339974744558, -0.003140922432495613], [0.42128305768531976, -0.3003347046132103, -0.11378373304607053, -0.3870065031420231, 0.10481939488508013, 0.6471117668797061, 0.2365392441145293, -0.5768984321248141, -0.387076434751063, 0.42191406762809014, 0.0862685503860526, 0.6324594207600645, 0.050414525237775454], [-0.721980194075777, -0.5378884563850859, -0.666999268177565, 0.05145968269101353, 0.26430877521360296, 0.13224647264646897, 0.6497541978120568, -0.20740278031415732, 0.3508407830207353, -0.3350084984565883, 0.3258747928330922, 0.023699071843775787, -0.07963978861103337]], "inverted": true, "swapped": false, "error_lsq": 0.05058883495380876, "error_max": 0.27247717891477985, "target": "182.xyz", "model": "3.xyz", "model_rescale": 3.9243930471874484, "target_rescale": 3.9054252566072014},
{"mapping": [8, 10, 4, 6, 11, 9, 5, 3, 0, 7, 2, 1, 12], "R": [[-0.6228185206143105, 0.11535934427040154, 0.7738147789163147], [0.41213952097741163, -0.792330312660522, 0.4498374049451529], [0.665009853782868, 0.5990867193727322, 0.4459338482812288]], "T": [-0.08255809156229978, 0.08426028167739871, -0.12536789980120858], "aligned_model": [[-0.08652036478226854, -0.43088812399352866, 0.3356122632468901, -0.4212716270468307, -0.86412544189143, -0.45635699784535594, -0.15038063079809005, 0.16557413730233173, 0.45989922827806506, 0.6148975802304304, 0.8061393340869648, 0.2270204739970172, -0.061010134544508425], [0.43706233009766005, -0.2355413959927529, -0.052833754983786174, -0.4541979921712366, 0.13560571910808486, 0.6814096411886061, 0.0202650233291697, -0.5396686463875957, -0.1039971298887444, 0.44547460460384614, -0.14369110659549364, 0.5662053700234219, 0.07961755756825702], [-0.6467615936042937, -0.648360055559522, -0.5237471775137603, 0.21646881990606368, -0.012894772601543675, -0.16244096109671557, 0.626248897413593, -0.07958078275928004, 0.5020247655230013, -0.2866085823509802, -0.028056335522296028, 0.30130567982127576, -0.008333111615003302]], "inverted": true, "swapped": false, "error_lsq": 0.04393712617390956, "error_max": 0.30339590278032147, "target": "182.xyz", "model": "4.xyz", "model_rescale": 3.8936222436046832, "target_rescale": 3.9054252566072014},
{"mapping": [9, 11, 10, 2, 8, 6, 5, 3, 1, 0, 7, 12], "R": [[-0.2220566167942365, -0.2618054452390882, -0.9392277507511481], [-0.045547291224894246, -0.9594403026702741, 0.27820810533492335], [-0.9739693543433349, 0.10455723052537258, 0.20112553876843148]], "T": [-0.10551353285470046, 0.054855010596392265, 0.05432510061627204], "aligned_model": [[0.13141798843217561, -0.5355157406261842, -0.3774069319331247, 0.3745069208301347, -0.5856233437639213, -0.6716854125569203, -0.1341843353276899, -0.10869963890389565, 0.576150541744097, 0.34498673747079356, 0.12231674959524806, -0.10871549274561568], [-0.5630526774797546, -0.5043320845476726, 0.0368553711366483, -0.04676207579726489, 0.5136000426722067, 0.06487376651812672, -0.4135509977191244, 0.5119101632206491, 0.0454065241221009, -0.5897395597553711, 0.6273223208962443, -0.013607888156980871], [-0.5972423871759317, -0.10056675639139973, -0.7524691132449018, -0.41454203773684106, -0.13048891464195905, 0.40391720742673454, 0.5190319527710534, 0.4393937849034666, 0.2922930732181157, 0.04234377132848235, -0.17514801716659634, 0.09276215598529539]], "inverted": false, "swapped": true, "error_lsq": 0.03800498337968345, "error_max": 0.2121470469109038, "target": "182.xyz", "model": "5.xyz", "model_rescale": 3.6523030999806103, "target_rescale": 3.9054252566072014},
{"mapping": [10, 9, 8, 7, 11, 4, 3, 5, 0, 6, 1, 2, 12], "R": [[0.6447907676280281, -0.1418074978174979, -0.7510895416289585], [-0.35264502439964074, -0.9270005104945165, -0.1277166406897816], [-0.6781492112712624, 0.3472185005232963, -0.6477290792812367]], "T": [0.03798711168369633, 0.06949117223991405, -0.1344157785712925], "aligned_model": [[-0.19669297148604936, -0.3887751472006575, 0.324928240255203, -0.42704307300513217, -0.8346799500459403, -0.24065305456192554, -0.12272620699614681, 0.2726363471437624, 0.32154271590366473, 0.4651359258360445, 0.64020018980117, 0.3003265246376879, 0.024390155958005973], [0.6399907993449907, -0.10581248727860446, -0.28261164904707703, -0.3619114443212358, 0.14815755029407596, 0.523532381934066, 0.021935738087008556, -0.5627608011098781, -0.3712107283442194, 0.36953830832825296, 0.12130531913619999, 0.6982454098216788, -0.002688176945821491], [-0.6120437464536214, -0.6910175002107256, -0.6318004331821301, 0.11946759908398341, -0.05175500506305003, 0.07851106234126298, 0.5397877610437257, -0.0390181450574347, 0.7097061229545938, -0.5218948989965588, 0.2076800686983437, 0.20033453934199474, -0.05869263445984495]], "inverted": true, "swapped": false, "error_lsq": 0.04670575344425391, "error_max": 0.2660822794304528, "target": "182.xyz", "model": "6.xyz", "model_rescale": 4.08911054899281, "target_rescale": 3.9054252566072014},
{"mapping": [13, 11, 1, 8, 10, 12, 4, 9, 3, 2, 0, 7, 14], "R": [[-0.41981364512859476, 0.608006556640788, 0.6738579453012742], [-0.6743558859121637, -0.7058722154243131, 0.21676843549648445], [0.6074542307857141, -0.3634177246279892, 0.70634758789618]], "T": [-0.04916355759469988, 0.13585540856034306, -0.010849926529164708], "aligned_model": [[-0.04292020160662734, -0.3938483249627778, 0.36440325912076343, -0.3391807533025832, -0.7591329492529758, -0.5646787972961569, -0.15417305590209313, 0.06370290638633531, 0.3665175617280812, 0.6370237932671701, 0.8259125150243062, 0.175168686426052, -0.04020494338980728], [0.5535269661443254, -0.06263078158935192, -0.11221560736271369, -0.394634233518141, 0.032538141596890835, 0.5324065980477841, 0.0822159826021637, -0.6182556331055438, -0.31101550496305913, 0.47145065507060147, -0.19732434857133535, 0.867205120609644, -0.0075571350618278965], [-0.6120204621037219, -0.44250569959542396, -0.5634522410611763, 0.30477602159006273, 0.05655855778522868, -0.3023857043727123, 0.6840927379765925, -0.1928801604294691, 0.49310148973146406, -0.26904034720379466, 0.0779718031953839, 0.10785815034629263, -0.09280935581818754]], "inverted": true, "swapped": false, "error_lsq": 0.04920171647095816, "error_max": 0.3252610062766076, "target": "182.xyz", "model": "7.xyz", "model_rescale": 3.964800864290218, "target_rescale": 3.9054252566072014},
{"mapping": [1, 0, 3, 4, 2, 7, 12, 6, 11, 5, 10, 8, 13], "R": [[-0.6666090913862233, -0.26840573971190873, 0.695406843632515], [0.5482669802371599, -0.8086006307137112, 0.21346741763326396], [0.5050105322296355, 0.5235679315037274, 0.6861785361245634]], "T": [-0.0010287473076063501, 0.04289414211047758, -0.06675335702049733], "aligned_model": [[-0.2915746700444947, -0.28875032165063647, 0.29609140477311474, -0.38667538868152423, -0.6536007647201131, -0.42339565820352937, -0.21742752827951414, 0.045320542502812255, 0.23416941040823186, 0.6558676554423737, 0.8107813530028875, 0.30642988161787393, 0.051353780072205035], [0.5934032522588438, -0.16229795754233767, -0.28962703757894237, -0.4376495875085831, -0.032215164546135, 0.5885729791097466, 0.24312244718630105, -0.5348054231233231, -0.4336106419885233, 0.43485840481356297, 0.04575812200082856, 0.7228525670421238, 0.09734825977587475], [-0.4858508129863133, -0.6898680097292751, -0.6386903955027875, 0.27302272650314036, -0.15111615627364, 0.10844357329813979, 0.6287717185367429, -0.09166879081736294, 0.5694528531280052, -0.4042764759118458, 0.060093683387568333, 0.11813394181590083, -0.047183065407734336]], "inverted": false, "swapped": false, "error_lsq": 0.04454330351179314, "error_max": 0.2776969386329543, "target": "182.xyz", "model": "8.xyz", "model_rescale": 4.121658175737393, "target_rescale": 3.9054252566072014},
{"mapping": [9, 7, 5, 11, 8, 6, 2, 10, 3, 4, 0, 1, 12], "R": [[0.9172307546943349, -0.2129854290176063, 0.336637712784898], [0.050970956220550506, 0.9008697553277986, 0.4310865870768833], [-0.39508189564294643, -0.37824712948258943, 0.8371615165386889]], "T": [-0.03781586041930237, 0.02851067678600238, -0.07302859126573082], "aligned_model": [[-0.1524845738781794, -0.46972420508285634, 0.3457274290226034, -0.39317350308604976, -0.7041142548955245, -0.38262509583239174, -0.042103985011674526, 0.3135115102295964, 0.06634949610406168, 0.5582980142721097, 0.7186891338285558, 0.2768091167166303, 0.003430613852805582], [0.47254471203681286, -0.19188859431913535, -0.18494449530322427, -0.4868024326104883, 0.16897736181253467, 0.6257155160824909, 0.1878846468152804, -0.6445693348846764, -0.4499599219703024, 0.5976192726167773, 0.07294698592337182, 0.5689625057311425, 0.0992239979688529], [-0.7679204380501891, -0.5421663678511577, -0.5078266373839462, 0.032827063453121294, 0.18556162054315695, -0.14110958118706848, 0.6029359052305518, -0.06939443143224032, 0.5457601094198633, -0.40301582173175965, 0.13803976550660585, 0.21654809989845408, -0.0409744963748532]], "inverted": true, "swapped": false, "error_lsq": 0.04725299914612217, "error_max": 0.2478930453247214, "target": "182.xyz", "model": "9.xyz", "model_rescale": 3.833441315466971, "target_rescale": 3.9054252566072014},
{"mapping": [7, 3, 8, 5, 4, 6, 1, 13, 0, 11, 10, 12, 14], "R": [[-0.8096851932574067, 0.13282426057903823, -0.5716359012705095], [-0.5728029341846925, -0.3908108606395526, 0.7205301310809834], [-0.127697636662245, 0.9108372999651496, 0.3925158934146149]], "T": [0.01394924011722333, 0.07852614567904839, -0.08669406846455308], "aligned_model": [[-0.026505504881173474, -0.5709959684161928, 0.5814737201639862, -0.3625988606835164, -0.7821736269488817, -0.4252848209899431, -0.12695558717846084, 0.13209400560201207, 0.2624784567550451, 0.4505446070010043, 0.8256968739197662, 0.1942891619929269, -0.013472760096886128], [0.4172411903802723, -0.04619588301871458, -0.1451548566270399, -0.40367375040927145, 0.12275156756225389, 0.5297849657081812, 0.15631473056714787, -0.6871407408703808, -0.22176831918599285, 0.5091633356145328, 3.250557294334766e-05, 0.5539713436714284, 0.05038413093407636], [-0.6590134800539019, -0.716460190385179, -0.5719178685112276, 0.20162864909821576, -0.07464945622770239, 0.16760592161436172, 0.6342107093110595, 0.10167412058259631, 0.471767590517042, -0.3854802416782023, 0.016546771316687525, 0.23649230747760275, -0.17314004302081382]], "inverted": true, "swapped": false, "error_lsq": 0.04469240316810455, "error_max": 0.2446825074136738, "target": "182.xyz", "model": "10.xyz", "model_rescale": 4.2482417240324, "target_rescale": 3.9054252566072014},
{"mapping": [6, 11, 10, 9, 3, 7, 8, 2, 0, 1, 5, 12], "R": [[-0.720977818103427, 0.062178570329127186, 0.6901628874364717], [0.34947964358073097, 0.8926542206482672, 0.28466194175112375], [-0.598376941839763, 0.4464328255747563, -0.6653140369207855]], "T": [-0.10916464566439983, 0.12307256437497713, -0.014874390418238844], "aligned_model": [[-0.692683892707218, -0.10241147018140771, 0.44044040677451696, 0.6646336070159685, -0.51262681714927, 0.10567005149243151, -0.2704792305322671, 0.5471190321509668, 0.23470367410502774, 0.03454532024978062, -0.44009859960149195, -0.13204647925403068], [-0.13025536189648387, -0.5986850166068137, -0.20166684064399618, -0.35359417581286423, 0.5568363523983405, 0.6654221024791998, 0.17403445535143186, 0.23125629055079538, -0.12978491437020898, 0.555201179306486, -0.17684479228828012, 0.07421211158303315], [0.18056323155236806, 0.009701661899053724, 0.5487261029851189, -0.20595482075654334, 0.0642123202931473, 0.28841821114637134, 0.6533240423832823, -0.14967081935543178, -0.6754906784731115, -0.57522807010085, -0.5014038954678441, -0.07200499625120432]], "inverted": true, "swapped": true, "error_lsq": 0.04462602930414516, "error_max": 0.279047057533469, "target": "182.xyz", "model": "11.xyz", "model_rescale": 3.6694154284099745, "target_rescale": 3.9054252566072014},
{"mapping": [8, 4, 11, 0, 1, 2, 12, 6, 5, 9, 7, 10, 13], "R": [[-0.18956157886157715, -0.3428115572635754, 0.920079694388496], [-0.233222392206626, 0.9259719252448735, 0.2969567467354817], [-0.953768170779946, -0.158291597581251, -0.2554800315920024]], "T": [0.015090519865879164, 0.0480591960592733, -0.053152502956910826], "aligned_model": [[-0.03138365541155481, -0.4372767425284423, 0.3019087831022659, -0.3933941053118237, -0.8191260245979869, -0.35938846851896944, -0.1520903032898609, 0.21874283428273666, 0.3007058344690016, 0.6126504887232956, 0.7111191161726824, 0.26961298920759275, -0.08349105005925009], [0.5567916930764267, -0.30572590727114696, -0.10710338266122868, -0.48852967668436026, 0.1555648854127661, 0.5829220453497959, 0.24746650011674068, -0.47270085251094146, -0.41918962325989634, 0.4487998783670722, 0.0815515194810997, 0.5768853515232288, -0.02102221104011979], [-0.6113901305153404, -0.5199271919939695, -0.7154881481897043, 0.1833861980342935, 0.04170938507489371, -0.05226194167258846, 0.5745861367045254, -0.1379436587426115, 0.5339362683423561, -0.40954450069632686, 0.20489357018610926, 0.18993183879683315, -0.032623035287931645]], "inverted": false, "swapped": false, "error_lsq": 0.03529691522496001, "error_max": 0.19519624900040503, "target": "182.xyz", "model": "12.xyz", "model_rescale": 3.9764082729961374, "target_rescale": 3.9054252566072014},
{"mapping": [2, 8, 7, 11, 10, 1, 13, 3, 14, 0, 4, 9, 15], "R": [[-0.3945785850488776, -0.6964707108574625, 0.5993632363921956], [-0.3710968283456012, 0.7175132048026128, 0.5894590273511122], [-0.8405919843852078, 0.0101661129043909, -0.5415734169397112]], "T": [0.07841760527847319, 0.1717336726833229, 0.09893305558932591], "aligned_model": [[-0.06374346956786281, -0.3545269715053399, 0.4680551399939431, -0.45589548517922196, -0.7245099989647903, -0.3698669561449331, -0.134106705369975, 0.08072168966936097, 0.07709407444562877, 0.49770266088056997, 0.7871872999250182, 0.1826388470864808, 0.14783957097080824], [0.33772889987305865, -0.1565088601739033, -0.03698162582605796, -0.40588375858163933, 0.1697906506865039, 0.5279786946560618, 0.05477622346364783, -0.6090674055189917, -0.5206764901360648, 0.5321393753701831, 0.09146298193939248, 0.7594259720996666, 0.09152556204757978], [-0.6682014353931107, -0.35324906447459997, -0.5139733113477303, 0.2057615312586163, 0.060849122389633414, -0.1757540656414711, 0.6607470093518932, -0.2153722335593516, 0.4981503576512891, -0.3716152470553638, 0.014874397871255968, 0.026442915015937374, 0.08060481397354195]], "inverted": true, "swapped": false, "error_lsq": 0.05124073993935178, "error_max": 0.2690437911564849, "target": "182.xyz", "model": "13.xyz", "model_rescale": 4.170626492500431, "target_rescale": 3.9054252566072014},
{"mapping": [8, 4, 0, 6, 5, 12, 11, 2, 3, 7, 1, 10, 13], "R": [[0.18430266374984608, -0.9777817779995903, -0.09987653751843484], [0.5764683153228467, 0.025233136757075364, 0.8167298024672776], [-0.7960633200716827, -0.20810113748213602, 0.5683107486358946]], "T": [0.07579314433930853, 0.038838227522736496, -0.059791273777166296], "aligned_model": [[-0.019627275920947262, -0.3655962532166921, 0.520716675773247, -0.4798672241932911, -0.7747400305459395, -0.4768718920317916, -0.16845588824437524, 0.07859452869252052, 0.2605617047412789, 0.6258692969743987, 0.8240306140171391, 0.1079613391988533, 0.0060141009952860425], [0.49836402935379376, -0.07720003292578978, -0.14415997058219154, -0.4417624538119014, 0.11184404671396941, 0.5068363221716875, 0.170386730240812, -0.5782435139445141, -0.39371288776074154, 0.5074476749174525, 0.04091067790324826, 0.5974853304448544, 0.037514267178757256], [-0.6353668758085621, -0.6027218885248075, -0.41251371025461125, 0.3497863220126727, 0.25402921175566817, -0.1658349542303405, 0.5903602875112095, -0.28812095610032673, 0.4444246682396309, -0.42755643662351833, 0.11613730211340421, 0.012367763155377756, 0.014274056794741655]], "inverted": false, "swapped": false, "error_lsq": 0.04451582607420003, "error_max": 0.2646424949391706, "target": "182.xyz", "model": "14.xyz", "model_rescale": 3.9786697098870705, "target_rescale": 3.9054252566072014},
{"mapping": [11, 5, 8, 10, 6, 3, 0, 1, 7, 2, 4, 12], "R": [[0.5592635588094447, -0.7918595679084953, 0.24532161849206438], [-0.8090818186287861, -0.4569209307924881, 0.36960772958376076], [-0.1805848347789231, -0.40519339544900956, -0.8962184051515409]], "T": [0.09147609411922258, -0.009429372450317055, -0.03965955246033346], "aligned_model": [[-0.204396095393734, -0.5488808078424414, 0.6371943241446227, 0.5835335953361862, -0.019213483570697965, 0.23610982312163725, -0.4852497377902331, -0.1540908777543566, 0.6500077580928372, 0.21030531198172642, -0.4367473469216036, 0.014782133363393457], [-0.43827013188389946, 0.09971520556250378, 0.1281875697632022, -0.664023415626186, 0.3082309959320303, 0.5686027506471113, -0.41336918542887424, 0.14632959425813624, 0.12366651031335654, -0.4730761553381738, 0.646222858542664, -0.01754210651743171], [-0.5397983771405717, -0.15886173860047811, -0.4376065914682178, -0.27322531437281045, -0.6138592753181212, 0.006680543926553505, 0.3107917968608159, 0.6212640037050351, 0.2806703354339809, 0.4414779947445112, 0.0771607874851703, -0.05472767138203807]], "inverted": false, "swapped": true, "error_lsq": 0.0555106443641884, "error_max": 0.2722994241094995, "target": "182.xyz", "model": "15.xyz", "model_rescale": 3.769337070930944, "target_rescale": 3.9054252566072014},
{"mapping": [3, 7, 6, 8, 4, 1, 5, 2, 11, 10, 12], "R": [[-0.46188543326591924, 0.6468396524915948, -0.6068445521723891], [-0.1636041679194693, 0.6103246532887916, 0.7750725732647845], [0.8717198648511644, 0.4572770293295625, -0.17607440379395944]], "T": [0.004009005570639308, 0.028307745491322412, 0.020763818287726797], "aligned_model": [[-0.19652094003474085, -0.4119751014277109, -0.15033445808121712, -0.6631553275140852, 0.43649395556844994, 0.4483740615700812, 0.5332680241680106, 0.1382198415971033, 0.15606492819742812, -0.43801289532575044, 0.07020404197360221], [0.011302806371508507, -0.4601658123608602, 0.6392414323095786, 0.20074390928308197, 0.2166746422590189, -0.45845337366868427, 0.39865521963158385, -0.5212818797119251, 0.5384098752170378, -0.0394826223839195, 0.07042030067892141], [-0.5419848186647276, -0.12288219367284259, -0.19325426393558198, 0.004448877350241166, -0.6863581823059239, -0.27417219233191975, -0.1167363693899732, 0.39562480184349746, 0.5088810245760302, 0.7454623874557988, 0.02518853629917807]], "inverted": false, "swapped": true, "error_lsq": 0.03908067803917932, "error_max": 0.24401716629889134, "target": "182.xyz", "model": "16.xyz", "model_rescale": 3.7852294659196426, "target_rescale": 3.9054252566072014},
{"mapping": [9, 11, 8, 7, 6, 10, 5, 2, 1, 0, 3, 4, 12], "R": [[-0.08780371353117361, 0.8552406954627334, 0.5107385443791722], [0.3510759269795656, -0.4532521444633855, 0.8193339899178973], [0.9322211118536066, 0.2512485748492164, -0.26045719850037435]], "T": [0.07297833788125892, 0.03586193617720561, -0.05324163795798682], "aligned_model": [[-0.017349694610772612, -0.3746641927467324, 0.27519033840355195, -0.4196999870494183, -0.7892270458020141, -0.4533796024620301, -0.15472706411946913, 0.1701545631713029, 0.3265160634216467, 0.5141376926841109, 0.8489926645258811, 0.1938072377422117, 0.01883872308141806], [0.46993968023317106, -0.3031468665669888, -0.07414085588915002, -0.4028937462606222, 0.13214897359544364, 0.6335583843367761, 0.14602000296711376, -0.5679446589180367, -0.24999051052365734, 0.5356499259614, -0.13088357750063062, 0.5699976179766816, 0.07739585048793599], [-0.7953192243148608, -0.525069223913057, -0.6625162918168584, 0.18379954928262626, 0.1331019121712928, -0.1755582344367325, 0.5535733756838805, -0.06107732479052434, 0.519699157142176, -0.19931540246115387, -0.003310989322461863, 0.39607577265125604, -0.11481828583504458]], "inverted": true, "swapped": false, "error_lsq": 0.04742743014676522, "error_max": 0.34774552038422085, "target": "182.xyz", "model": "17.xyz", "model_rescale": 3.901054581598922, "target_rescale": 3.9054252566072014},
{"mapping": [1, 7, 6, 12, 3, 0, 13, 11, 9, 4, 10, 8, 14], "R": [[0.3576329987882628, 0.5477162300885361, -0.7563766055843585], [0.7509880539626825, 0.312746899913361, 0.5815550871584957], [0.5550815984907603, -0.7760130848717591, -0.29947973408021855]], "T": [0.04060397988713753, 0.15568517098176582, 0.017264003829273983], "aligned_model": [[-0.038399822573306944, -0.35475653627292103, 0.1899547691200728, -0.39430056937667374, -0.7036089801766984, -0.5589660312530904, -0.26853996307182815, 0.21645017774994108, 0.26144090419342386, 0.6712354373075923, 0.8182991140306447, 0.2689727568494124, 0.030808439713117936], [0.45440156618632277, -0.08653464133314259, -0.19212822620248915, -0.442485302323367, 0.11955205363681731, 0.5313767795609072, 0.021764074565671587, -0.6061218982262919, -0.24181202121996265, 0.4982909514612665, -0.09651098281656723, 0.771188112442036, 0.10472975416823573], [-0.6074058800843194, -0.45675777687391983, -0.6311540154798657, 0.08815280388094471, 0.1853335055740417, -0.25637103684353435, 0.6606902705973269, -0.14229505397848993, 0.4941462286909012, -0.3151502166902359, 0.08083385885271033, 0.11433141804425585, 0.03491068435072257]], "inverted": true, "swapped": false, "error_lsq": 0.04640779817195658, "error_max": 0.2817412407901328, "target": "182.xyz", "model": "18.xyz", "model_rescale": 3.9405287249114394, "target_rescale": 3.9054252566072014},
{"mapping": [6, 2, 5, 14, 3, 1, 12, 11, 13, 8, 7, 0, 15], "R": [[-0.40220158678543044, 0.8522838233222834, -0.3344341012672496], [-0.6423601472192428, -0.5229741551167946, -0.5602423353731378], [-0.6523858711313071, -0.010503217746285709, 0.7578141972576257]], "T": [0.05125218309584411, 0.05371227986938874, 0.06971343986612571], "aligned_model": [[0.03930826958583291, -0.3198808029897078, 0.3285942902883624, -0.3699456009665821, -0.7923915354908597, -0.38789033998310424, -0.21143548746637536, 0.10078362962986254, 0.25959173060172064, 0.5439675286379654, 0.7426456622674679, 0.17469859115197237, 0.030543760973131908], [0.4719396936497723, -0.0059365270601888925, -0.08660786962083662, -0.5055782391649449, 0.08624220869353218, 0.515308120612484, 0.1826963538542693, -0.6369214199306172, -0.44700873824672627, 0.41885851484716397, 0.07487664136320778, 0.7263189120831829, 0.041522568819138884], [-0.5493395698873664, -0.7138856983953619, -0.7014248447391207, 0.4006598163312458, 0.18212195686488294, -0.10234047090596002, 0.5328520353235228, -0.1297481614625984, 0.4662016998862361, -0.373199611290442, 0.20068166388576786, -0.001248244133119747, 0.03793421856285241]], "inverted": false, "swapped": false, "error_lsq": 0.04343333268043382, "error_max": 0.2566264479527495, "target": "182.xyz", "model": "19.xyz", "model_rescale": 4.410303926677745, "target_rescale": 3.9054252566072014},
{"mapping": [1, 0, 3, 4, 2, 7, 12, 6, 11, 5, 10, 8, 13], "R": [[-0.6666090913862233, -0.26840573971190873, 0.695406843632515], [0.5482669802371599, -0.8086006307137112, 0.21346741763326396], [0.5050105322296355, 0.5235679315037274, 0.6861785361245634]], "T": [-0.0010287473076063501, 0.04289414211047758, -0.06675335702049733], "aligned_model": [[-0.2915746700444947, -0.28875032165063647, 0.29609140477311474, -0.38667538868152423, -0.6536007647201131, -0.42339565820352937, -0.21742752827951414, 0.045320542502812255, 0.23416941040823186, 0.6558676554423737, 0.8107813530028875, 0.30642988161787393, 0.051353780072205035], [0.5934032522588438, -0.16229795754233767, -0.28962703757894237, -0.4376495875085831, -0.032215164546135, 0.5885729791097466, 0.24312244718630105, -0.5348054231233231, -0.4336106419885233, 0.43485840481356297, 0.04575812200082856, 0.7228525670421238, 0.09734825977587475], [-0.4858508129863133, -0.6898680097292751, -0.6386903955027875, 0.27302272650314036, -0.15111615627364, 0.10844357329813979, 0.6287717185367429, -0.09166879081736294, 0.5694528531280052, -0.4042764759118458, 0.060093683387568333, 0.11813394181590083, -0.047183065407734336]], "inverted": false, "swapped": false, "error_lsq": 0.04454330351179314, "error_max": 0.2776969386329543, "target": "182.xyz", "model": "20.xyz", "model_rescale": 4.121658175737393, "target_rescale": 3.9054252566072014},
{"mapping": [10, 9, 8, 7, 11, 4, 3, 5, 0, 6, 1, 2, 12], "R": [[0.6447907676280281, -0.1418074978174979, -0.7510895416289585], [-0.35264502439964074, -0.9270005104945165, -0.1277166406897816], [-0.6781492112712624, 0.3472185005232963, -0.6477290792812367]], "T": [0.03798711168369633, 0.06949117223991405, -0.1344157785712925], "aligned_model": [[-0.19669297148604936, -0.3887751472006575, 0.324928240255203, -0.42704307300513217, -0.8346799500459403, -0.24065305456192554, -0.12272620699614681, 0.2726363471437624, 0.32154271590366473, 0.4651359258360445, 0.64020018980117, 0.3003265246376879, 0.024390155958005973], [0.6399907993449907, -0.10581248727860446, -0.28261164904707703, -0.3619114443212358, 0.14815755029407596, 0.523532381934066, 0.021935738087008556, -0.5627608011098781, -0.3712107283442194, 0.36953830832825296, 0.12130531913619999, 0.6982454098216788, -0.002688176945821491], [-0.6120437464536214, -0.6910175002107256, -0.6318004331821301, 0.11946759908398341, -0.05175500506305003, 0.07851106234126298, 0.5397877610437257, -0.0390181450574347, 0.7097061229545938, -0.5218948989965588, 0.2076800686983437, 0.20033453934199474, -0.05869263445984495]], "inverted": true, "swapped": false, "error_lsq": 0.04670575344425391, "error_max": 0.2660822794304528, "target": "182.xyz", "model": "21.xyz", "model_rescale": 4.08911054899281, "target_rescale": 3.9054252566072014},
{"mapping": [6, 0, 7, 2, 1, 8, 15, 13, 14, 10, 12, 5, 16], "R": [[0.8252589991198458, 0.5551387891716083, -0.10377142732366712], [-0.5641065065352121, 0.8014779735362465, -0.1985369165189945], [-0.02704503015988266, 0.22238251436053233, 0.9745843132589087]], "T": [-0.002074263334772135, 0.051562984236563345, 0.027233371805453516], "aligned_model": [[-0.09911189125432054, -0.37283009930140976, 0.3553520907686054, -0.4891631111594808, -0.7889249739681282, -0.38510672210823543, -0.26113805835769305, 0.3041311067670821, 0.33027542209133876, 0.6076895321105412, 0.7027942212823906, 0.2406802875678076, -0.006058108198810923], [0.3904689311231582, -0.19910443495859304, -0.04643209545520653, -0.3948043662219506, 0.1486465830623816, 0.607083768057121, 0.015533934260285778, -0.47938853376277746, -0.2317405766838725, 0.4653880030146646, -0.1676687269100287, 0.7100850835146665, 0.0176426508595878], [-0.6294938063164942, -0.6050524442856509, -0.5797588470557147, 0.3183595852296257, 0.06516904473805628, -0.13228092952650009, 0.7077441179074545, -0.21986726130425766, 0.4974517943646186, -0.3015102620680664, 0.035442041327785445, 0.09898242564321949, -0.005920668613537586]], "inverted": false, "swapped": false, "error_lsq": 0.043762151876562363, "error_max": 0.24992864292796954, "target": "182.xyz", "model": "22.xyz", "model_rescale": 4.204369325754507, "target_rescale": 3.9054252566072014},
{"mapping": [6, 2, 5, 14, 3, 1, 12, 11, 13, 8, 7, 0, 15], "R": [[-0.40220158678543044, 0.8522838233222834, -0.3344341012672496], [-0.6423601472192428, -0.5229741551167946, -0.5602423353731378], [-0.6523858711313071, -0.010503217746285709, 0.7578141972576257]], "T": [0.05125218309584411, 0.05371227986938874, 0.06971343986612571], "aligned_model": [[0.03930826958583291, -0.3198808029897078, 0.3285942902883624, -0.3699456009665821, -0.7923915354908597, -0.38789033998310424, -0.21143548746637536, 0.10078362962986254, 0.25959173060172064, 0.5439675286379654, 0.7426456622674679, 0.17469859115197237, 0.030543760973131908], [0.4719396936497723, -0.0059365270601888925, -0.08660786962083662, -0.5055782391649449, 0.08624220869353218, 0.515308120612484, 0.1826963538542693, -0.6369214199306172, -0.44700873824672627, 0.41885851484716397, 0.07487664136320778, 0.7263189120831829, 0.041522568819138884], [-0.5493395698873664, -0.7138856983953619, -0.7014248447391207, 0.4006598163312458, 0.18212195686488294, -0.10234047090596002, 0.5328520353235228, -0.1297481614625984, 0.4662016998862361, -0.373199611290442, 0.20068166388576786, -0.001248244133119747, 0.03793421856285241]], "inverted": false, "swapped": false, "error_lsq": 0.04343333268043382, "error_max": 0.2566264479527495, "target": "182.xyz", "model": "23.xyz", "model_rescale": 4.410303926677745, "target_rescale": 3.9054252566072014},
{"mapping": [5, 0, 12, 1, 3, 4, 10, 7, 11, 6, 14, 15, 16], "R": [[0.10552184072102766, 0.7791069814046334, 0.6179461567623883], [-0.5524072827412911, -0.4707873436489508, 0.6878993175126341], [0.8268683904378189, -0.4139463595522066, 0.38070602347250293]], "T": [0.08580092536095979, 0.08820110777371906, 0.01688865398065119], "aligned_model": [[0.01825749827231682, -0.33902318801750386, 0.16691165209742306, -0.4205087064786284, -0.8101851616082849, -0.43149915072380357, -0.26911596096154816, 0.11841316119942225, 0.2800427007708316, 0.6487284402112563, 0.7316242636024595, 0.4746923060926759, -0.029748158216929596], [0.5223865205900229, -0.1968695080634886, -0.017246862203737973, -0.5650257851516532, 0.01579775535548264, 0.5412526981106053, 0.16482295243093453, -0.5546053502235777, -0.26734552650842236, 0.3220392556995031, 0.13187700031674762, 0.6830242355618379, 0.05560283398518271], [-0.4331368410555628, -0.5386696487784425, -0.7758771439821605, 0.24771441648532028, -0.018006491100044528, -0.015193440200784593, 0.5572098945404467, -0.14944593746948542, 0.5032817153487436, -0.43734743370823514, 0.2147639232990044, 0.08218131417831658, 0.011790462483422588]], "inverted": false, "swapped": false, "error_lsq": 0.04340386841022902, "error_max": 0.28257238296513326, "target": "182.xyz", "model": "24.xyz", "model_rescale": 4.28219845311461, "target_rescale": 3.9054252566072014},
{"mapping": [0, 4, 2, 7, 3, 1, 9, 13, 12, 6, 14, 8, 15], "R": [[-0.2855822493524782, 0.7873570112305515, 0.5463622568597434], [-0.9538936770363917, -0.17859371167092, -0.24122839605153504], [-0.09235600556959427, -0.59006205014193, 0.8020580684822836]], "T": [0.02823849042461061, 0.08032034999479376, 0.05243386420691795], "aligned_model": [[-0.007330293601840364, -0.4383170532081706, 0.37440537344086333, -0.4930945352191401, -0.7349374467089792, -0.35032052961429366, -0.2967313183501626, 0.1182017216917346, 0.41504653517945284, 0.5709587105020502, 0.7817414354533198, 0.17632714660311471, 0.022639950071738406], [0.3548150157462281, -0.09324533824637546, -0.1646525404962727, -0.49459747875345383, 0.2121252676635597, 0.5816328467588341, -0.09966581397614332, -0.5049861163938005, -0.37978620389921647, 0.5978616895315857, -0.030769678788681074, 0.7569426688496839, 0.10003590190348852], [-0.714991514649355, -0.48314941558867186, -0.48509455031196425, 0.10924383085677415, 0.06777327483513626, -0.07108232008509935, 0.6171225289087905, 0.005111413291102457, 0.5247699689138715, -0.44736895646397434, 0.046355851984357294, 0.09931717112419948, -0.01874249277462789]], "inverted": false, "swapped": false, "error_lsq": 0.04618995469829301, "error_max": 0.2869257443998665, "target": "182.xyz", "model": "25.xyz", "model_rescale": 4.100010024507729, "target_rescale": 3.9054252566072014},
{"mapping": [6, 11, 10, 9, 3, 7, 8, 2, 0, 1, 5, 12], "R": [[-0.720977818103427, 0.062178570329127186, 0.6901628874364717], [0.34947964358073097, 0.8926542206482672, 0.28466194175112375], [-0.598376941839763, 0.4464328255747563, -0.6653140369207855]], "T": [-0.10916464566439983, 0.12307256437497713, -0.014874390418238844], "aligned_model": [[-0.692683892707218, -0.10241147018140771, 0.44044040677451696, 0.6646336070159685, -0.51262681714927, 0.10567005149243151, -0.2704792305322671, 0.5471190321509668, 0.23470367410502774, 0.03454532024978062, -0.44009859960149195, -0.13204647925403068], [-0.13025536189648387, -0.5986850166068137, -0.20166684064399618, -0.35359417581286423, 0.5568363523983405, 0.6654221024791998, 0.17403445535143186, 0.23125629055079538, -0.12978491437020898, 0.555201179306486, -0.17684479228828012, 0.07421211158303315], [0.18056323155236806, 0.009701661899053724, 0.5487261029851189, -0.20595482075654334, 0.0642123202931473, 0.28841821114637134, 0.6533240423832823, -0.14967081935543178, -0.6754906784731115, -0.57522807010085, -0.5014038954678441, -0.07200499625120432]], "inverted": true, "swapped": true, "error_lsq": 0.04462602930414516, "error_max": 0.279047057533469, "target": "182.xyz", "model": "26.xyz", "model_rescale": 3.6694154284099745, "target_rescale": 3.9054252566072014},
{"mapping": [6, 2, 0, 10, 11, 12, 9, 4, 8, 1, 5, 7, 13], "R": [[0.22923639753142366, -0.36071141517517785, 0.9040674471570889], [-0.8860994334417601, 0.3070585008735559, 0.3471928442457827], [-0.4028380171992298, -0.8806828895826267, -0.2492371960510472]], "T": [0.03650110897594104, 0.08579589878212163, 0.017906506941615455], "aligned_model": [[-0.058533529034465195, -0.32575566433383574, 0.33952565655979644, -0.30025052293958543, -0.8165798878316097, -0.5893760590649539, -0.3109023723353954, 0.12902382626805592, 0.24495372589748732, 0.5873650706273223, 0.820382885682817, 0.4110848032998772, 0.0076517634441755945], [0.5476294791669012, -0.10623185541652425, -0.17674341372052843, -0.3634207063908705, 0.01500544093133227, 0.5497424516389595, 0.2773051121303857, -0.722213996708946, -0.2667736132069514, 0.511948403387416, 0.035016011276088915, 0.46601054535917763, 0.06843636145299602], [-0.48096080348431125, -0.5243342311184239, -0.5076242496134858, 0.23399329490357895, -0.04054854594778863, -0.1329715231847623, 0.5724320499473871, -0.10079532818456842, 0.5084158729524952, -0.5248545751821208, -0.07658827012514216, 0.351451711064475, -0.028350611986794352]], "inverted": true, "swapped": false, "error_lsq": 0.0374795141241092, "error_max": 0.25550405817669514, "target": "182.xyz", "model": "27.xyz", "model_rescale": 4.103607728864725, "target_rescale": 3.9054252566072014},
{"mapping": [0, 1, 2, 8, 7, 5, 11, 4, 13, 3, 12, 10, 14], "R": [[-0.11454414065125534, 0.9454759705562545, 0.30488494377908226], [0.9715273688113841, 0.17068739698293928, -0.1643179362139666], [-0.20739867765464212, 0.27738241042268197, -0.9381070231563182]], "T": [0.032780546279668255, 0.25017343742823395, 0.08469276033348733], "aligned_model": [[-0.03600115101436355, -0.37003236199176354, 0.37125302781616004, -0.41182001044465055, -0.6586459286251833, -0.5901203495324443, -0.20475686362399234, 0.100857106013623, 0.2622096736095632, 0.5454836216168197, 0.8393347294376705, 0.2840196233034467, 0.0068085796748012725], [0.4154622492788694, -0.08754151330861826, -0.15664043994739502, -0.42617196536465607, 0.0452813508428809, 0.5379730327680765, 0.13794087356176798, -0.6263335364777011, -0.2561464916577979, 0.4377737360563966, -0.030972928741612504, 0.6430643569243054, 0.20202149596492136], [-0.6064225902238596, -0.6409457206290272, -0.4264427937509621, 0.2157164905809846, 0.07922391962137457, -0.16889406365498294, 0.7195479122882522, -0.13601155281776683, 0.417671645394777, -0.43054751086167103, -0.0031746826960807883, 0.290340342034619, -0.06079660524511929]], "inverted": true, "swapped": false, "error_lsq": 0.03667931937764949, "error_max": 0.2315629303493319, "target": "182.xyz", "model": "28.xyz", "model_rescale": 4.137296879288765, "target_rescale": 3.9054252566072014},
