[{"mapping": [13, 15, 10, 1, 0, 6, 14, 7, 9, 11, 4, 16], "R": [[0.35551608335785534, -0.7652829656939337, 0.5366100044656158], [-0.36042496817890757, -0.6419622987220136, -0.6767409026597859], [0.8623816769778473, 0.04718463137766371, -0.504055010663152]], "T": [-0.08938527528843802, 0.03389768827352567, -0.010801246866827468], "aligned_model": [[-0.1918372900250368, 0.070834661571811, 0.40041512050561096, -0.07096891501532991, -0.1470497323092605, -0.5577432038073071, 0.5675281103872838, -0.31878469676488713, 0.5566368206952216, 0.24165943562971354, -0.6657468905841493, -0.04730095782312131], [-0.42262049302040516, -0.6377075069810361, -0.2328735304699292, 0.7905402232951556, 0.3530861036225238, -0.5302782569064881, -0.1413041981722461, -0.6080962601796067, 0.011746589152179646, 0.38060054106761687, 0.05328319622962756, 0.03717862833966527], [-0.47362130506334005, 0.06055599302865912, -0.5577755757225331, -0.01908545902911028, -0.744013873850107, -0.0011118654656336012, 0.535549464707524, 0.5155281673572188, 0.02691511169638443, 0.47220979051244527, 0.3624806318056605, 0.004320665376394693]], "inverted": false, "swapped": true, "error_lsq": 0.03885063181335816, "error_max": 0.1829070295893432, "target": "184.xyz", "model": "0.xyz", "model_rescale": 3.751011558992144, "target_rescale": 4.218839986631802},
{"mapping": [8, 9, 0, 1, 15, 12, 14, 11, 13, 4, 7, 5, 3, 2, 16], "R": [[0.6819735550267171, -0.5177745847453252, -0.5165477225155747], [-0.5746178481385049, 0.05761379908543407, -0.816391437213557], [0.45246701409593976, 0.8535749115026456, -0.25823143032627827]], "T": [-0.05328641380445556, 0.027015729533757107, -0.027560172241940177], "aligned_model": [[0.1460782558582155, 0.2016773714064279, -0.5391258827671933, 0.27656218075015104, -0.22949003305746524, -0.6924702964764455, 0.5580047019413124, 0.615637851511407, -0.6708302295666342, 0.05441343766237636, 0.01749706103381428, 0.4728608968273921, 0.5350333994036593, -0.1825824373572669, -0.024180066080716434], [-0.010173201814866317, -0.43552639525177117, 0.3568689845785917, 0.5618018523518645, -0.5740774530457334, 0.3413930464821898, -0.5949580014169211, 0.011020076880035447, -0.19490356012301988, 0.4063198351528242, -0.3222180236629602, -0.12444469770961233, 0.49267647074909987, 0.6357107251964847, -0.0007323085390999323], [-0.7488731561650839, -0.402134589980926, -0.5734209887497425, -0.44960214149659117, 0.2715302698730191, 0.11911674790699328, -0.041767464365495964, -0.15156661304426228, 0.02243118637781944, 0.5349671674534753, 0.7565498085767934, 0.44490296401814555, 0.1080361712079197, 0.0068913648062612146, -0.04739432156634869]], "inverted": false, "swapped": true, "error_lsq": 0.03813422548283427, "error_max": 0.2143781848479265, "target": "184.xyz", "model": "1.xyz", "model_rescale": 3.9405287249114394, "target_rescale": 4.218839986631802},
{"mapping": [6, 15, 13, 11, 9, 12, 4, 5, 8, 0, 1, 2, 16], "R": [[-0.9050009052565018, 0.417724235759947, 0.08049735612851328], [-0.42500757325221394, -0.8960362927857095, -0.12840375652256644], [0.01849119150234867, -0.1504175018726567, 0.9884496198427177]], "T": [0.0049817676253482435, -0.03227808411352465, -0.014933208809207489], "aligned_model": [[-0.26543636017613037, 0.16039064937292308, -0.42555622270592003, 0.5888382274956405, 0.4217491061704383, -0.6939186963863619, -0.04076162594547895, 0.5726705431368191, 0.14405834646027713, -0.618185058309664, 0.006677613545322134, -0.3968067309522161, 0.0422634875782826], [0.6491533449875958, 0.46521664799761375, 0.2283907618138262, -0.3029277156607495, -0.3021074113948494, 0.1634233101841584, 0.34877799937342424, 0.32281465446016966, -0.7356275066294066, -0.5179374930666578, -0.6605967379319366, -0.15039772660123224, -0.0493495339599391], [-0.031449080803550404, -0.4733684748409094, -0.4389573391236809, 0.20632126505228585, -0.43057110777370666, 0.03135240297103347, 0.5548138171878322, 0.25825403430640226, -0.2326003950519098, -0.15133422058554383, 0.40711952447331884, 0.4466160521865865, -0.03307612840951454]], "inverted": true, "swapped": true, "error_lsq": 0.04141721310406211, "error_max": 0.2677127891583113, "target": "184.xyz", "model": "2.xyz", "model_rescale": 3.932901565614263, "target_rescale": 4.218839986631802},
{"mapping": [13, 15, 6, 10, 12, 2, 4, 0, 8, 1, 5, 14, 3, 16], "R": [[0.9437589916933191, 0.25797077486951353, -0.20680919929063207], [0.323989828736486, -0.5967855664310968, 0.7340828145208259], [0.06595116733850939, -0.7598013339108701, -0.6468016516011306]], "T": [0.05479379352395268, -0.06288742602896139, 0.031063620533327466], "aligned_model": [[-0.21154793734367205, 0.3712000278795646, 0.25748229267357164, -0.3431819770437128, -0.3494735395858422, -0.21910669194876192, 0.37933128493153173, -0.7456359777321805, -0.31425480988903987, -0.22919748733286666, 0.7646926236553212, 0.6449702230737705, 0.3457288838460003, 0.0688029968690195], [-0.0016635194365149097, 0.23814654453155107, -0.38637186884725805, 0.5366088554608567, -0.4980162731128501, -0.6004506295397062, -0.6683465927005783, -0.10504854268817765, 0.39609049869839275, -0.2184805514195242, -0.12036245578676774, 0.5470476221896391, -0.43086229279537547, -0.024794156203198636], [-0.5676194234093974, -0.5084560413654733, -0.595053555405168, -0.2730280133831261, -0.38861966719618435, 0.1873271612121355, 0.0294873545513092, 0.049551778719980885, 0.49427426573975936, 0.7152094003414884, 0.15649463967548344, 0.2320636610564556, 0.632144120572189, 0.050120681947645115]], "inverted": false, "swapped": true, "error_lsq": 0.03797337042955282, "error_max": 0.2455149465779673, "target": "184.xyz", "model": "3.xyz", "model_rescale": 3.9243930471874484, "target_rescale": 4.218839986631802},
{"mapping": [11, 5, 3, 1, 2, 9, 8, 4, 12, 13, 0, 10, 16], "R": [[0.4966855598376173, -0.08699334635475536, 0.8635598487301239], [0.23590173803897946, -0.9439771700439017, -0.23077580554749624], [0.8352567417500931, 0.3183382793914497, -0.44833794757427126]], "T": [-0.06794625542424738, 0.02182133662858618, -0.15597507557557677], "aligned_model": [[-0.0511872342282715, -0.15167070399376176, 0.44206746562240395, 0.4543334939623008, 0.532403683381558, -0.5396492876324622, -0.14485378706254515, 0.35712448724850687, 0.21580648179044032, -0.3236969256774511, 0.1905422657615785, -0.6088218374337309, -0.09519221542721282], [-0.5718002452248466, -0.08083695178004119, -0.3430911983593551, -0.5008259528518115, 0.1441950866365062, -0.4144306309441693, -0.5927426498327653, 0.29929206579052614, 0.6075313216847541, 0.5282464466039755, 0.04683061812299376, 0.018743857795639807, -0.013282213959819232], [-0.4882786773601889, -0.866921037771951, -0.589647005762728, 0.008278966932772885, -0.04187606532015953, -0.07573659609628647, 0.26570969652640974, -0.618827890876763, 0.168572994380768, 0.17754085222395383, 0.6025533752544043, 0.40767052336666654, -0.16196882012593453]], "inverted": true, "swapped": true, "error_lsq": 0.04190811037877557, "error_max": 0.31130794261246875, "target": "184.xyz", "model": "4.xyz", "model_rescale": 3.8936222436046832, "target_rescale": 4.218839986631802},
{"mapping": [10, 9, 0, 13, 1, 11, 5, 4, 6, 15, 2, 16], "R": [[0.1397446161801776, -0.9230045322492157, -0.3585164929205653], [0.5708896990268484, -0.2207309462983913, 0.7907988371838008], [-0.8090465955639945, -0.31518325271756376, 0.4960878182466155]], "T": [-0.10531251993365018, -0.014185600605517865, -0.02086989274128899], "aligned_model": [[-0.031092139129221485, -0.46178232449618917, -0.1343756702868537, 0.42996249186966073, -0.7073634873875575, -0.6884563072902922, -0.18161173543720338, 0.10815963785686125, 0.5989435956212601, 0.3130600864897808, -0.08239107693438888, -0.13550502866075964], [-0.5184725022898168, -0.5449849635198085, 0.2840745648695011, -0.1676138058910578, 0.42524209455504225, -0.11025675527525237, -0.15017866014157893, 0.42525296321047046, 0.019859170685138025, -0.5501468170357898, 0.6031358038886134, -0.046988187945653764], [-0.6128481720386977, -0.12304160193518314, -0.764511874777399, -0.3716520459451732, -0.1526031444832438, 0.31648272322666304, 0.6853007566786299, 0.46207032812446597, 0.18065382221420173, 0.1188647086392227, -0.10334933782080925, -0.016081442607158998]], "inverted": true, "swapped": true, "error_lsq": 0.041817398562211366, "error_max": 0.21164140974230078, "target": "184.xyz", "model": "5.xyz", "model_rescale": 3.6523030999806103, "target_rescale": 4.218839986631802},
{"mapping": [14, 5, 3, 9, 1, 15, 4, 10, 6, 12, 2, 0, 16], "R": [[-0.28479733321114337, -0.9585363694210818, 0.009925094098948928], [-0.26197166387191323, 0.0678681393600537, -0.9626862224982686], [0.9220961589357168, -0.2767705623018032, -0.27043803267872923]], "T": [0.09084365951963189, -0.060170309234302596, 0.010172077496617145], "aligned_model": [[0.22346317930527604, -0.21676349548632082, 0.18350077421956024, 0.47585171320216935, 0.6432185413435246, -0.30580204578848935, -0.37330171394347555, 0.37522011694730517, -0.6119452231710936, -0.20671150236816435, 0.0807986405354578, 0.4980160833687677, 0.11553783649977747], [-0.47444229533780585, 0.035369886024399236, 0.5699894946190672, -0.4932736069258709, 0.45689090300955054, -0.6191443210805068, 0.43279820498922145, -0.715213335438752, -0.14397677638031325, 0.08184289435520643, 0.48205416240635074, 0.009673245257970503, -0.08174155133533414], [0.7661620125047368, 0.6576615198118255, 0.42928993393128784, 0.2990458830293209, 0.03127679317285532, 0.11988105929439433, 0.12618495060690335, -0.3065310825426042, -0.18169191826343253, -0.6380535219854494, -0.29692023403856715, -0.6769521366138573, 0.040756480574375684]], "inverted": false, "swapped": true, "error_lsq": 0.042884606216717754, "error_max": 0.22275692358732657, "target": "184.xyz", "model": "6.xyz", "model_rescale": 4.08911054899281, "target_rescale": 4.218839986631802},
{"mapping": [11, 8, 14, 3, 4, 6, 5, 15, 2, 1, 12, 0, 13, 10, 16], "R": [[0.42211575851017286, -0.3406735123224048, 0.8400951400997974], [-0.017369382448304993, 0.9234935567171492, 0.3832205047427322], [-0.9063755242562248, -0.17635534781748546, 0.38390389464738145]], "T": [0.02591624959811034, -0.02964900118743587, -0.031058188768394696], "aligned_model": [[0.10063608237317823, 0.295681811152378, 0.6385965513715665, -0.4406572645979928, -0.5085828343979945, -0.09514663655306214, 0.035809101501758284, 0.49569593002912193, -0.5659759942542862, -0.3374015488074552, -0.3379571056704673, -0.1286286199898266, 0.2017475463991945, 0.6231297855747141, 0.059386735668727146], [-0.5703520409766301, -0.649059017953375, -0.30458465857342903, -0.4582483376909112, 0.18489217947331668, 0.6835925128589384, -0.03184019577062168, 0.44546332478623374, -0.06919522297128534, -0.6776933486906073, 0.43154542454820344, -0.14974450372309106, 0.48466917974087564, 0.03757462548551209, -0.05626110437401648], [-0.4374450738242932, 0.2929471843814928, -0.5876219582040412, -0.4552730653096422, -0.4054786495585001, -0.15096586440164975, -0.7541695209836337, -0.21918355045030222, 0.1600272263380405, 0.11369821810791181, 0.3976598248252423, 0.7464378845457981, 0.33997797560964993, 0.46801014699363586, -0.0445507459876288]], "inverted": false, "swapped": true, "error_lsq": 0.04273182440330005, "error_max": 0.27975420797001427, "target": "184.xyz", "model": "7.xyz", "model_rescale": 3.964800864290218, "target_rescale": 4.218839986631802},
{"mapping": [0, 10, 8, 12, 1, 6, 2, 9, 15, 5, 4, 3, 11, 16], "R": [[0.5610841269646082, -0.7528040551924128, 0.34419566666973356], [-0.13940893132568888, -0.4958162972192236, -0.8571647153718169], [0.8159348946668434, 0.4329575659319022, -0.3831422630920919]], "T": [0.0192400286282503, -0.08319661835579492, 0.08009704633693404], "aligned_model": [[-0.22230401609169953, 0.3264131207601984, 0.5063301099866008, -0.634223731593956, 0.07105140462069784, -0.4549957293944687, -0.4677885855302483, 0.6489037999202087, 0.16039695961439887, 0.20442531289200916, -0.4306984886297287, 0.0031364590103658482, 0.48657428328457913, 0.06396699061191552], [0.015605765289178453, -0.5577461655457402, 0.2004713700691643, -0.2721913163955437, 0.6297846183436782, -0.5546639640133255, 0.2868536727805492, -0.17736882553395392, -0.7205549506995496, -0.004159214856697346, 0.11783842133941888, 0.5863280139041499, 0.34194809607039944, -0.08119705457052562], [-0.6779938149129763, -0.45906864807336534, -0.4135601564727897, -0.17713703066848813, -0.168678060402217, 0.3810397621973538, -0.03940140083774707, -0.03785579980191617, 0.31603114555212164, 0.7746848147081155, 0.558686759925405, 0.44454723322421463, 0.33296815424159004, 0.0825520800457207]], "inverted": false, "swapped": true, "error_lsq": 0.04436459238501682, "error_max": 0.2907552423183545, "target": "184.xyz", "model": "8.xyz", "model_rescale": 4.121658175737393, "target_rescale": 4.218839986631802},
{"mapping": [12, 13, 15, 7, 0, 2, 9, 11, 14, 8, 4, 5, 16], "R": [[-0.9356843000688451, 0.22271556275327223, -0.27366524936894865], [-0.33941708975399326, -0.7800325701150401, 0.5256854846223689], [-0.09638946927753689, 0.5847623172428422, 0.8054576975516321]], "T": [-0.11792249173372016, -0.04130697036412186, -0.021956485954656456], "aligned_model": [[-0.7285972457502675, -0.3160269578555287, 0.2880512638378853, 0.3231680850674039, -0.7593188577115649, -0.6625341376790682, 0.3351954906073488, 0.2837207755142541, 0.7352706836505979, -0.08439737538367645, -0.25408736620473027, 0.39815098578678443, -0.08185784744424135], [0.12315856813934481, -0.11670903287208154, 0.05915096092172315, 0.6171838311035763, -0.5187912385320091, 0.1486503293610447, -0.5028842302447859, -0.097901181574028, -0.16785175206825106, -0.7208762041593466, 0.6125146402480991, 0.41985233660230364, -0.06510958751387963], [-0.38102567655071196, -0.6449948643204427, -0.5759504714588107, -0.35904986195199107, -0.08049421589718386, 0.2141120363820221, 0.007847383507038654, 0.52446177154096, 0.10757274253442034, 0.2918642143717484, 0.13892949512198924, 0.18778842585186548, -0.00998554517181509]], "inverted": true, "swapped": true, "error_lsq": 0.04111151202595577, "error_max": 0.23368905071757445, "target": "184.xyz", "model": "9.xyz", "model_rescale": 3.833441315466971, "target_rescale": 4.218839986631802},
{"mapping": [9, 14, 13, 6, 7, 15, 5, 2, 0, 12, 8, 1, 11, 10, 16], "R": [[0.1857871755931959, 0.8288916705936744, 0.5276568238974367], [0.5203005527599515, -0.5385305689657518, 0.6627761017772992], [0.8335289198238968, 0.15140483714152375, -0.5313248677667523]], "T": [-0.024191805579370666, 0.09233508368019046, 0.047348626884906896], "aligned_model": [[0.1413483949548076, 0.032006111157606355, -0.5207536513590405, -0.6965400382866994, -0.6683825936137457, -0.6159179316170134, -0.10543666827925041, 0.17700512186953782, 0.2157034200730309, -0.3338931047034316, 0.5449312768996435, 0.7039836427476214, 0.4338947987115735, -0.17605670832006828, -0.008047051940039587], [-0.5329623025500062, -0.6331520382413584, 0.09868998615897291, 0.37389816698566913, 0.07754501137161018, -0.2616755982399704, -0.006058327406114075, 0.6738484872640386, 0.305359742878195, 0.6103843704941762, -0.2833493886321767, 0.295211950965463, -0.16549795862165328, -0.4029831095779081, 0.05184254644604105], [0.07662940855926298, -0.43352581349668423, 0.47919769771278564, -0.032761388300645865, -0.5241428070617079, -0.03235363780580717, -0.6644875042367618, 0.14622190787551725, 0.7821125112361929, 0.45307426563121805, 0.35780281537917014, 0.08630000009709235, -0.3848225385799035, 0.6320273130366396, 0.03684967777572443]], "inverted": true, "swapped": true, "error_lsq": 0.035733251919134366, "error_max": 0.24206369077907053, "target": "184.xyz", "model": "10.xyz", "model_rescale": 4.2482417240324, "target_rescale": 4.218839986631802},
{"mapping": [2, 4, 5, 7, 8, 9, 11, 15, 6, 10, 12, 16], "R": [[0.8233275599944544, 0.36237834143480774, 0.4368222368567517], [-0.043563086317556066, -0.7270224129197914, 0.6852303763135238], [0.5658922039258601, -0.583198378573914, -0.5827912703229953]], "T": [-0.12977184109939321, 0.09274357540284073, -0.02773139651233362], "aligned_model": [[-0.6216673983489955, -0.10050159959233562, 0.3395720998029741, 0.6093866751928422, -0.48060171269713914, 0.06899080584108974, -0.08825262831005778, 0.5004947849823533, 0.2235933635858799, -0.06462308616733148, -0.39532511379110996, -0.11430058813516286], [-0.285249460861015, -0.5863293447299665, -0.20988754536404441, -0.347310819732055, 0.7022096148468544, 0.663562105265491, 0.1984669302298019, 0.19598496802100596, -0.3473951277954557, 0.7610178266655779, -0.2036702929128168, 0.12473253641726173], [-0.08751427993673397, 0.07182307377745259, 0.4317502010649801, -0.07015537342071079, 0.23090204459651684, 0.2044697222216824, 0.6432319841621494, -0.29961559436817803, -0.49587505448800545, -0.4270024725083978, -0.6364378366101686, -0.0003841246362301376]], "inverted": false, "swapped": true, "error_lsq": 0.04539231855112136, "error_max": 0.28463421619457785, "target": "184.xyz", "model": "11.xyz", "model_rescale": 3.6694154284099745, "target_rescale": 4.218839986631802},
{"mapping": [10, 13, 12, 6, 15, 8, 9, 1, 4, 3, 2, 5, 0, 16], "R": [[-0.8666017407126048, -0.48721311765151193, -0.10781837033723587], [0.4151731624427319, -0.8238556844524514, 0.38586663030467405], [-0.276826061239155, 0.2896293997226058, 0.9162325810814298]], "T": [0.09543645974724779, 0.00974046668760762, 0.0004092575043756208], "aligned_model": [[-0.11334397189490802, 0.08345982017676548, -0.1464457407140076, 0.4994509434819117, 0.614256011418246, -0.3901118809446398, 0.13344093890434655, -0.4388210172143011, 0.35314951297623765, 0.10793844054966836, -0.25388348217197243, 0.6974464133068179, -0.6519535336964598, 0.1036823960781049], [-0.37308446269210627, 0.2222895847288409, 0.6151382139298313, 0.5365691816695146, -0.07766915812954975, -0.5579827427280435, -0.6287695188832007, -0.09673943788917921, 0.5287138795276244, 0.0727465877109045, 0.46277590294107906, -0.05926404985544, 0.12025464520361681, -0.03399133739763809], [-0.6477481555564927, -0.6223162871531583, -0.3219101817446002, -0.3109929461508193, -0.4523618242125891, 0.05833054239011981, -0.10018100686070522, 0.5259058745561082, 0.36940580140531365, 0.7601594967732025, 0.24769136266481834, 0.3951434226617013, -0.267922634956023, 0.0058919958355392425]], "inverted": true, "swapped": true, "error_lsq": 0.03942116244866601, "error_max": 0.2062943879470088, "target": "184.xyz", "model": "12.xyz", "model_rescale": 3.9764082729961374, "target_rescale": 4.218839986631802},
{"mapping": [6, 2, 12, 10, 15, 7, 14, 13, 0, 4, 1, 8, 3, 11, 9, 16], "R": [[0.9564095078319774, 0.04425658750239911, -0.28865586394743004], [0.2910028198933342, -0.061647428608250725, 0.9547339699414273], [0.02445837571717352, -0.9971163166895992, -0.07183897861637828]], "T": [-0.06974867002787201, 0.004592271889305291, 0.0025562459096380623], "aligned_model": [[-0.030869168802699548, -0.3411448513289179, -0.5852501965938062, -0.4801027303777303, 0.14326920617840483, 0.5214775783173796, 0.5920184929047795, -0.45412077802925815, -0.8481747749730126, 0.20259827926990376, -0.2095341678105328, -0.29613573741524774, 0.3171385676958425, 0.38835529129136004, 0.06857761944625733, -0.04926231596332814], [0.09319745583427679, -0.5455847463324034, -0.15072662226210087, 0.6466427133730779, 0.571962029999093, 0.18650073126686273, 0.43733253820821144, 0.36937189206594895, -0.08973348458012713, -0.47834623232869533, -0.5195549996774902, 0.10835378387482858, -0.6151964229315, -0.13522486317496818, 0.43983853912293897, 0.026631804885289663], [-0.7243447351054829, -0.10727694239098508, -0.4863583370304579, 0.17469863767268495, -0.3358676955379648, -0.5967465259645479, 0.3707003498991063, -0.38770210792648935, 0.16977658340074167, -0.4030364202002589, 0.5304249498688276, 0.7092415742212494, 0.22056252090708592, 0.48596607241163536, 0.4615598056934165, 0.03579921293413719]], "inverted": false, "swapped": true, "error_lsq": 0.03328691117394443, "error_max": 0.23627390973314666, "target": "184.xyz", "model": "13.xyz", "model_rescale": 4.170626492500431, "target_rescale": 4.218839986631802},
{"mapping": [11, 8, 14, 10, 5, 6, 15, 1, 3, 0, 2, 13, 4, 16], "R": [[-0.0482930602605422, 0.2239454108049791, 0.9734044551521533], [-0.46510884140956776, -0.8674798312403685, 0.17650073097251218], [0.8839352611890313, -0.44421525792184435, 0.1460522463233896]], "T": [-0.053761901353034006, 0.03983641409739111, 0.11488506553553207], "aligned_model": [[0.3599373209604666, -0.011069126456201284, -0.1255355284646255, -0.7120665041270774, 0.2136924243924126, -0.3353095595319073, -0.5972901798388613, 0.5298097026010123, 0.6918924720298367, -0.16645779869562627, 0.32377554378384826, -0.6194445248113842, 0.34859250201478414, -0.057343721765033925], [-0.10985272789075859, -0.6843515750938085, 0.04626144004812544, -0.3797505988026545, 0.5002583833585866, 0.6641956324198668, 0.38905591776066595, -0.4333175203747297, 0.11687434179715335, -0.5084256276478306, 0.03489279325777819, 0.1310869957763456, 0.5682316191598573, 0.020915394157068876], [-0.40428662593146353, -0.07260037972218164, -0.7543313993480292, 0.08600573262858109, -0.3744741711120226, 0.3769041738233153, -0.13896246920398642, 0.20700050209678567, -0.02443905308773614, 0.6889195233581797, 0.6107227466257357, 0.4385888997807575, 0.29043366794461034, 0.07439195326832072]], "inverted": true, "swapped": true, "error_lsq": 0.03939198492502126, "error_max": 0.27636053775045594, "target": "184.xyz", "model": "14.xyz", "model_rescale": 3.9786697098870705, "target_rescale": 4.218839986631802},
{"mapping": [0, 2, 8, 10, 1, 11, 6, 5, 9, 13, 3, 16], "R": [[0.3071641336650055, -0.6813070994345836, 0.6644327138618786], [0.5024295944708377, -0.4768516663427433, -0.7212329657648897], [0.8082169866995474, 0.5553675580785968, 0.19583712070013753]], "T": [-0.01243164952975994, -0.053684644890587586, 0.07727106628795656], "aligned_model": [[-0.033700894122538384, -0.5234171144758551, 0.5024204620552012, 0.5597583850542633, -0.0864614854971657, 0.2223682961186613, -0.40636927295990705, -0.07251313528707204, 0.6241508105860176, -0.010136754860627033, -0.31990754599905413, 0.027162846155412326], [-0.4347561677785409, -0.011905661413592873, 0.12326056720694858, -0.5641173845175813, 0.40669635713542823, 0.5847120842582156, -0.46540057950091696, 0.41432148531130014, 0.06305904223514555, -0.7079959493596246, 0.6401770733995776, -0.03337637675192], [-0.6278099958194732, -0.27707669934610635, -0.4375487118994521, -0.07209161290815437, -0.5189542540909902, 0.09756226458310097, 0.5388451865247138, 0.625315905505729, 0.09705556486402232, 0.14783395842691494, 0.00405231280738047, 0.08278257522614459]], "inverted": false, "swapped": true, "error_lsq": 0.04898490620240926, "error_max": 0.27251080366650016, "target": "184.xyz", "model": "15.xyz", "model_rescale": 3.769337070930944, "target_rescale": 4.218839986631802},
{"mapping": [5, 3, 15, 6, 14, 11, 9, 1, 10, 12, 16], "R": [[0.10510404511235283, -0.9469024715873601, 0.30385662573452255], [0.15129629501237987, 0.3172178297062572, 0.9362063232172593], [-0.9828848207275092, -0.052426689941300175, 0.17660371277312203]], "T": [-0.07841368086172942, 0.035126972658968386, 0.12430288865940153], "aligned_model": [[-0.20681242518786472, -0.12297111355292548, -0.182555971765415, -0.7182787661863863, 0.40686968742581275, 0.3023712510905431, 0.507085857097341, 0.21520205485970542, 0.3361189771205988, -0.5744949336593408, -0.039908486550897834], [-0.07923343105219502, -0.6599749592313013, 0.6609441263574195, 0.3882776719185731, 0.21888172961731447, -0.3279736996047089, 0.24503354615149672, -0.6311267196972461, 0.605087073288954, 0.13569516980985083, 0.04045399006718483], [-0.5781415071108815, -0.18584939063870531, -0.1573406724742124, 0.06426301330053935, -0.5767422162308429, -0.3072685056572445, -0.05566173244434236, 0.33121236997741266, 0.46129010867373355, 0.6465027359671982, 0.10195340386112184]], "inverted": false, "swapped": true, "error_lsq": 0.045577943431526255, "error_max": 0.26585866311174533, "target": "184.xyz", "model": "16.xyz", "model_rescale": 3.7852294659196426, "target_rescale": 4.218839986631802},
{"mapping": [5, 1, 8, 11, 4, 2, 12, 0, 9, 15, 6, 10, 16], "R": [[0.36037027886334944, -0.39418149784372736, 0.8454313744294254], [-0.2731578038072896, 0.8220042160452079, 0.4996937892580631], [-0.8919182004708336, -0.4110109676901322, 0.18855213631060005]], "T": [-0.0068606113889449465, 0.08391010017249417, -0.03928208953217455], "aligned_model": [[-0.04567305415480705, -0.3291943813133445, 0.3125314506518598, 0.06523096424002123, -0.5747551264770113, -0.5820493051337882, -0.36194923083025593, -0.10288558875641104, 0.568756773409445, 0.4266591636032403, -0.16862624738796617, 0.6189007635055135, 0.026819668859787607], [-0.13086374718501323, -0.5014605946104922, -0.40584473364951446, -0.550487117268474, 0.16555435153033088, 0.087922802987943, 0.6418538815234509, 0.19433383644732122, -0.2119146947564884, 0.49390263587157646, 0.7270402802854179, 0.30968711412332417, 0.055331608403491855], [-0.7287445304297098, 0.3161863433228751, 0.4292802033958496, -0.2747308232708272, -0.4170887946121238, 0.20062587753148198, 0.2632308215621654, 0.7490027528014311, -0.019032140945551432, -0.3939404427507108, -0.35227247417032326, 0.3702294108663718, -0.046991506157754936]], "inverted": false, "swapped": true, "error_lsq": 0.03679213360517087, "error_max": 0.21600961721452092, "target": "184.xyz", "model": "17.xyz", "model_rescale": 3.901054581598922, "target_rescale": 4.218839986631802},
{"mapping": [8, 9, 0, 1, 15, 12, 14, 11, 13, 4, 7, 5, 3, 2, 16], "R": [[0.6819735550267171, -0.5177745847453252, -0.5165477225155747], [-0.5746178481385049, 0.05761379908543407, -0.816391437213557], [0.45246701409593976, 0.8535749115026456, -0.25823143032627827]], "T": [-0.05328641380445556, 0.027015729533757107, -0.027560172241940177], "aligned_model": [[0.1460782558582155, 0.2016773714064279, -0.5391258827671933, 0.27656218075015104, -0.22949003305746524, -0.6924702964764455, 0.5580047019413124, 0.615637851511407, -0.6708302295666342, 0.05441343766237636, 0.01749706103381428, 0.4728608968273921, 0.5350333994036593, -0.1825824373572669, -0.024180066080716434], [-0.010173201814866317, -0.43552639525177117, 0.3568689845785917, 0.5618018523518645, -0.5740774530457334, 0.3413930464821898, -0.5949580014169211, 0.011020076880035447, -0.19490356012301988, 0.4063198351528242, -0.3222180236629602, -0.12444469770961233, 0.49267647074909987, 0.6357107251964847, -0.0007323085390999323], [-0.7488731561650839, -0.402134589980926, -0.5734209887497425, -0.44960214149659117, 0.2715302698730191, 0.11911674790699328, -0.041767464365495964, -0.15156661304426228, 0.02243118637781944, 0.5349671674534753, 0.7565498085767934, 0.44490296401814555, 0.1080361712079197, 0.0068913648062612146, -0.04739432156634869]], "inverted": false, "swapped": true, "error_lsq": 0.03813422548283427, "error_max": 0.2143781848479265, "target": "184.xyz", "model": "18.xyz", "model_rescale": 3.9405287249114394, "target_rescale": 4.218839986631802},
{"mapping": [1, 2, 4, 12, 8, 5, 3, 9, 11, 14, 6, 15, 0, 10, 13, 16], "R": [[-0.4313728382742988, -0.901967147881696, 0.01930643782097602], [-0.7589384434496647, 0.3512316741106164, -0.5483144628364771], [0.4877805997099273, -0.2511803639690278, -0.8360493474089977]], "T": [0.1130024940469377, -0.015795861668566648, -0.051073662877835026], "aligned_model": [[-0.446463963622923, 0.05782491667775871, 0.5728196829099725, 0.302750589506581, -0.6124859623396757, 0.5129198067695142, 0.06483951940011966, -0.20855594222122498, -0.11334985858235123, 0.11171360657707835, 0.7804469615032036, 0.5401207969844455, -0.3968166899048519, -0.19466644844722675, 0.30204745774120945, 0.09402062501975705], [-0.3205844666435675, -0.6232304728915125, -0.3689796660756109, -0.5803903168542816, 0.17148704442247695, 0.29380386613709114, -0.20516860524166913, 0.5451557457010505, 0.289225514198274, 0.8022668333282469, -0.16589588914136055, 0.42492956934790205, -0.4626889117252111, 0.30618623372446924, -0.07710993913674788, 0.02334558982808644], [-0.4597506812193955, -0.17910723621115188, -0.41949899260004975, 0.36621761863508656, -0.05472354459244936, -0.5679941791644322, -0.7880708058466476, -0.016559757725127, -0.6157148796838088, -0.35356624651508334, 0.21300093842428627, 0.2731899211044766, 0.3769195519632809, 0.5907359501444829, 0.576309997293983, -0.06194389733257374]], "inverted": true, "swapped": true, "error_lsq": 0.037282216003875025, "error_max": 0.23063709943273186, "target": "184.xyz", "model": "19.xyz", "model_rescale": 4.410303926677745, "target_rescale": 4.218839986631802},
{"mapping": [0, 10, 8, 12, 1, 6, 2, 9, 15, 5, 4, 3, 11, 16], "R": [[0.5610841269646082, -0.7528040551924128, 0.34419566666973356], [-0.13940893132568888, -0.4958162972192236, -0.8571647153718169], [0.8159348946668434, 0.4329575659319022, -0.3831422630920919]], "T": [0.0192400286282503, -0.08319661835579492, 0.08009704633693404], "aligned_model": [[-0.22230401609169953, 0.3264131207601984, 0.5063301099866008, -0.634223731593956, 0.07105140462069784, -0.4549957293944687, -0.4677885855302483, 0.6489037999202087, 0.16039695961439887, 0.20442531289200916, -0.4306984886297287, 0.0031364590103658482, 0.48657428328457913, 0.06396699061191552], [0.015605765289178453, -0.5577461655457402, 0.2004713700691643, -0.2721913163955437, 0.6297846183436782, -0.5546639640133255, 0.2868536727805492, -0.17736882553395392, -0.7205549506995496, -0.004159214856697346, 0.11783842133941888, 0.5863280139041499, 0.34194809607039944, -0.08119705457052562], [-0.6779938149129763, -0.45906864807336534, -0.4135601564727897, -0.17713703066848813, -0.168678060402217, 0.3810397621973538, -0.03940140083774707, -0.03785579980191617, 0.31603114555212164, 0.7746848147081155, 0.558686759925405, 0.44454723322421463, 0.33296815424159004, 0.0825520800457207]], "inverted": false, "swapped": true, "error_lsq": 0.04436459238501682, "error_max": 0.2907552423183545, "target": "184.xyz", "model": "20.xyz", "model_rescale": 4.121658175737393, "target_rescale": 4.218839986631802},
{"mapping": [14, 5, 3, 9, 1, 15, 4, 10, 6, 12, 2, 0, 16], "R": [[-0.28479733321114337, -0.9585363694210818, 0.009925094098948928], [-0.26197166387191323, 0.0678681393600537, -0.9626862224982686], [0.9220961589357168, -0.2767705623018032, -0.27043803267872923]], "T": [0.09084365951963189, -0.060170309234302596, 0.010172077496617145], "aligned_model": [[0.22346317930527604, -0.21676349548632082, 0.18350077421956024, 0.47585171320216935, 0.6432185413435246, -0.30580204578848935, -0.37330171394347555, 0.37522011694730517, -0.6119452231710936, -0.20671150236816435, 0.0807986405354578, 0.4980160833687677, 0.11553783649977747], [-0.47444229533780585, 0.035369886024399236, 0.5699894946190672, -0.4932736069258709, 0.45689090300955054, -0.6191443210805068, 0.43279820498922145, -0.715213335438752, -0.14397677638031325, 0.08184289435520643, 0.48205416240635074, 0.009673245257970503, -0.08174155133533414], [0.7661620125047368, 0.6576615198118255, 0.42928993393128784, 0.2990458830293209, 0.03127679317285532, 0.11988105929439433, 0.12618495060690335, -0.3065310825426042, -0.18169191826343253, -0.6380535219854494, -0.29692023403856715, -0.6769521366138573, 0.040756480574375684]], "inverted": false, "swapped": true, "error_lsq": 0.042884606216717754, "error_max": 0.22275692358732657, "target": "184.xyz", "model": "21.xyz", "model_rescale": 4.08911054899281, "target_rescale": 4.218839986631802},
{"mapping": [14, 12, 9, 10, 5, 6, 11, 8, 13, 4, 2, 7, 15, 15, 0, 1, 16], "R": [[0.48465661752262057, 0.2222727065175033, 0.8459922026998334], [0.7925748090103816, -0.520757694350499, -0.31723271567874145], [0.37004477460665397, 0.8242610434274666, -0.4285564106091224]], "T": [0.04569547725101508, -0.021785520001838754, -0.0003975206628880827], "aligned_model": [[-0.5784048416416718, -0.32609435412986504, -0.40593460016341487, 0.1720112950010943, 0.05152736064620965, 0.7424853389443898, -0.008302082895872948, 0.49606443409694034, -0.014723693412763944, 0.12758783876431531, -0.11023779655789276, 0.38672457546096345, -0.4367398014982498, -0.4367398014982498, 0.6854864793252385, 0.38132179400414895, 0.06704190211770916], [-0.17118311193482913, -0.4743047690922919, 0.1555108488123415, -0.07949312100307576, 0.44144947045572686, -0.004715208237207585, 0.7352992758839947, 0.5046607076141917, -0.6794877844591053, -0.5057958232940051, -0.055766310750313214, -0.5135188296782733, 0.35620929624383557, 0.35620929624383557, -0.3574272220992002, 0.3860539051720707, -0.06218751427964236], [-0.0017156366417307649, -0.4498061949432963, -0.5220716357409325, -0.7952871709840805, -0.5324768255602047, -0.26451230943654747, 0.09859695188551403, -0.02840091685757632, -0.022919091929631687, 0.4949002214080394, 0.7037217514441869, -0.38470689387437074, 0.394422867113239, 0.394422867113239, 0.27905107864890183, 0.5920721916790842, 0.01293137412238554]], "inverted": true, "swapped": false, "error_lsq": 0.041510257063057054, "error_max": 0.3943785701063069, "target": "184.xyz", "model": "22.xyz", "model_rescale": 4.204369325754507, "target_rescale": 4.218839986631802},
{"mapping": [1, 2, 4, 12, 8, 5, 3, 9, 11, 14, 6, 15, 0, 10, 13, 16], "R": [[-0.4313728382742988, -0.901967147881696, 0.01930643782097602], [-0.7589384434496647, 0.3512316741106164, -0.5483144628364771], [0.4877805997099273, -0.2511803639690278, -0.8360493474089977]], "T": [0.1130024940469377, -0.015795861668566648, -0.051073662877835026], "aligned_model": [[-0.446463963622923, 0.05782491667775871, 0.5728196829099725, 0.302750589506581, -0.6124859623396757, 0.5129198067695142, 0.06483951940011966, -0.20855594222122498, -0.11334985858235123, 0.11171360657707835, 0.7804469615032036, 0.5401207969844455, -0.3968166899048519, -0.19466644844722675, 0.30204745774120945, 0.09402062501975705], [-0.3205844666435675, -0.6232304728915125, -0.3689796660756109, -0.5803903168542816, 0.17148704442247695, 0.29380386613709114, -0.20516860524166913, 0.5451557457010505, 0.289225514198274, 0.8022668333282469, -0.16589588914136055, 0.42492956934790205, -0.4626889117252111, 0.30618623372446924, -0.07710993913674788, 0.02334558982808644], [-0.4597506812193955, -0.17910723621115188, -0.41949899260004975, 0.36621761863508656, -0.05472354459244936, -0.5679941791644322, -0.7880708058466476, -0.016559757725127, -0.6157148796838088, -0.35356624651508334, 0.21300093842428627, 0.2731899211044766, 0.3769195519632809, 0.5907359501444829, 0.576309997293983, -0.06194389733257374]], "inverted": true, "swapped": true, "error_lsq": 0.037282216003875025, "error_max": 0.23063709943273186, "target": "184.xyz", "model": "23.xyz", "model_rescale": 4.410303926677745, "target_rescale": 4.218839986631802},
{"mapping": [3, 8, 10, 9, 11, 14, 7, 13, 4, 5, 2, 15, 1, 0, 6, 12, 16], "R": [[-0.27115318535684346, 0.7677125880198368, 0.5805973925765786], [0.590580492235246, 0.6090049361274683, -0.5294597906957172], [-0.760059624149324, 0.19932478513286486, -0.6185297064569539]], "T": [0.09382609783106731, 0.04900367385667608, -0.06876456290475806], "aligned_model": [[-0.7403075224260824, -0.18566993807551951, -0.3946789893855577, 0.14876548273200924, 0.051271807377706334, 0.6380305842389377, 0.05680010120460953, 0.655809849409608, -0.29102359969849245, 0.25708570984513257, -0.3918448113482802, 0.5455538722680994, -0.5729088663368328, -0.175744700844641, 0.8060853094204423, 0.4037713652846113, -0.01792160710272145], [-0.06927380413265566, -0.6273840695683717, -0.08153484379673359, -0.16811118037468814, 0.4540121365476762, 0.14856347700805855, 0.6782031184818663, 0.4378487084172022, -0.5032532077763741, -0.40502856804895976, -0.31329235783231013, -0.4484547521706774, 0.5891849515565544, 0.21925290134657102, -0.07724138310437137, 0.14156263937557628, 0.05645933966968908], [0.2466439442589604, -0.4430482169845611, -0.4787723938640496, -0.6537968591817959, -0.553407487255714, -0.45873803967547316, 0.14258356493049718, 0.09603964180030812, 0.07541386818497157, 0.33472404390228844, 0.6137010439778882, -0.30916282207337825, -0.06675848491697943, 0.6158759238666585, 0.1650026094244233, 0.6671312203885827, -0.025208929336407643]], "inverted": false, "swapped": false, "error_lsq": 0.04386955541303922, "error_max": 0.2913837301276087, "target": "184.xyz", "model": "24.xyz", "model_rescale": 4.28219845311461, "target_rescale": 4.218839986631802},
{"mapping": [14, 11, 15, 8, 9, 1, 5, 10, 3, 0, 4, 2, 12, 13, 6, 16], "R": [[-0.3477877976845695, 0.04950373485196308, 0.9362654687733729], [0.6183095793708466, 0.7627848093018372, 0.18934782480030485], [-0.7047956525404822, 0.6447547711603743, -0.29589588240793346]], "T": [-0.05151147438477992, 0.04287293652929906, 0.021059401074565186], "aligned_model": [[-0.1533941253819297, -0.4975834365150047, 0.3108854994985703, 0.07798499921479386, 0.15164406973611744, -0.4474739921774283, -0.52779202801393, 0.6804258306990308, -0.800592320328039, 0.32067944976212726, -0.5456986488490279, -0.30917568901697984, 0.19668081046699776, 0.5162503921811482, 0.08605412272061226, -0.050574167876048085], [0.27668196929875416, -0.10659518191826413, 0.5992508394959436, -0.5901434206492788, -0.09010174855873619, -0.6019716048648489, 0.4927352228801235, -0.12048424659178934, -0.09632176548597239, -0.5577067464013712, 0.35461731501245125, -0.20115808341042862, 0.07119743320698155, 0.23426093312066304, 0.6446110420405688, 0.03623941853943593], [-0.8130168897724424, -0.47064398223866927, -0.18124701146975283, -0.35833836350807735, -0.5791932968896781, 0.0385213092834265, -0.2851650691829662, -0.1976514570153262, -0.00808194500343052, 0.39998571435697555, 0.38231049038704823, 0.5333795955443408, 0.7040685992642547, 0.29331804479198165, 0.41695647015557086, -0.023276188125508884]], "inverted": false, "swapped": true, "error_lsq": 0.04132522787383193, "error_max": 0.2540184319673231, "target": "184.xyz", "model": "25.xyz", "model_rescale": 4.100010024507729, "target_rescale": 4.218839986631802},
{"mapping": [2, 4, 5, 7, 8, 9, 11, 15, 6, 10, 12, 16], "R": [[0.8233275599944544, 0.36237834143480774, 0.4368222368567517], [-0.043563086317556066, -0.7270224129197914, 0.6852303763135238], [0.5658922039258601, -0.583198378573914, -0.5827912703229953]], "T": [-0.12977184109939321, 0.09274357540284073, -0.02773139651233362], "aligned_model": [[-0.6216673983489955, -0.10050159959233562, 0.3395720998029741, 0.6093866751928422, -0.48060171269713914, 0.06899080584108974, -0.08825262831005778, 0.5004947849823533, 0.2235933635858799, -0.06462308616733148, -0.39532511379110996, -0.11430058813516286], [-0.285249460861015, -0.5863293447299665, -0.20988754536404441, -0.347310819732055, 0.7022096148468544, 0.663562105265491, 0.1984669302298019, 0.19598496802100596, -0.3473951277954557, 0.7610178266655779, -0.2036702929128168, 0.12473253641726173], [-0.08751427993673397, 0.07182307377745259, 0.4317502010649801, -0.07015537342071079, 0.23090204459651684, 0.2044697222216824, 0.6432319841621494, -0.29961559436817803, -0.49587505448800545, -0.4270024725083978, -0.6364378366101686, -0.0003841246362301376]], "inverted": false, "swapped": true, "error_lsq": 0.04539231855112136, "error_max": 0.28463421619457785, "target": "184.xyz", "model": "26.xyz", "model_rescale": 3.6694154284099745, "target_rescale": 4.218839986631802},
