[{"mapping": [1, 5, 9, 3, 2, 7, 10, 11, 8, 4, 0, 12], "R": [[0.28374207883707364, 0.1189383188970968, -0.9514957220057002], [-0.02117132100586963, -0.9912587750290012, -0.13022217973475558], [-0.9586668909814725, 0.05709393335492895, -0.27874374416295084]], "T": [0.0019926714134961016, -0.10033432537705379, 0.09685505066878199], "aligned_model": [[-0.2507498647769114, 0.17155469685334662, 0.4361825970502874, 0.0747304829146993, -0.25899450495380494, -0.28263693980774174, 0.4308313365671603, -0.3002156640434087, 0.5758775141156347, -0.020968911656939343, -0.6531772300448524, -0.08479104975692078], [-0.36045193293005073, -0.774076367983696, -0.13332281497053625, 0.573039526141431, 0.3016276164330301, -0.570183110934846, -0.4262122214795995, -0.33467419385760666, 0.1573186039907013, 0.2829817385997088, 0.35677698514898315, -0.01926879218046186], [-0.4542580655437216, -0.3024170143264222, -0.5859532805286756, -0.015025404524285357, -0.589677364598718, 0.07985477001002385, 0.5851773143393778, 0.8246304352339503, 0.012694053827568427, 0.5214059663433079, 0.12456358184780426, -0.019043246726647103]], "inverted": true, "swapped": true, "error_lsq": 0.06423008482189638, "error_max": 0.34136019537547313, "target": "185.xyz", "model": "0.xyz", "model_rescale": 3.751011558992144, "target_rescale": 3.768551829764558},
{"mapping": [13, 7, 12, 9, 5, 1, 11, 0, 10, 6, 8, 2, 14], "R": [[0.8969701053345376, -0.39312836288735986, 0.2022244308426981], [-0.12180360668029727, -0.6594828547211076, -0.7417858489675915], [0.4249806013641333, 0.6407280660486188, -0.6394208581535143]], "T": [-0.0967301198013959, 0.018895078895984983, 0.045654221101362386], "aligned_model": [[0.30613832614366354, -0.5917354413462055, -0.42318520655942005, -0.018815203802082597, 0.42977611324752607, -0.357111343066496, -0.7326307477058237, -0.020338122912490778, -0.2550067846529771, -0.8176432909725642, 0.3758080977585241, 0.6388661703540544, -0.11721586584805845], [0.49693879896527876, -0.182137275132564, 0.43428780687564283, 0.6609818718949035, 0.3091477546495506, -0.6274727497922246, 0.4955083733817272, -0.5310637115544635, 0.36668469519350044, -0.13621101495649846, -0.3295060552506841, -0.11104354777964262, 0.06627442621972], [-0.3240394565084963, -0.34707055284765165, -0.47669725247618966, 0.17152493832930948, 0.21486006548668538, 0.055441868607067096, 0.1177732052655732, -0.47127334647178465, 0.7712192618027098, 0.18690592746944631, 0.35507712718700013, -0.3089612793992488, 0.027232926373357422]], "inverted": true, "swapped": false, "error_lsq": 0.053161931897482015, "error_max": 0.28540741534822994, "target": "185.xyz", "model": "1.xyz", "model_rescale": 3.9405287249114394, "target_rescale": 3.768551829764558},
{"mapping": [11, 3, 10, 9, 5, 7, 8, 6, 4, 3, 1, 0, 12], "R": [[0.6896091274641494, -0.7080752517959681, 0.15188380134896198], [0.6969544054736159, 0.7058894426779223, 0.12639086757661974], [-0.19670741727004895, 0.018695788561289, 0.9802839687973166]], "T": [-0.039788170850203586, 0.04138768806189143, 0.05943222689489368], "aligned_model": [[0.15132429789025784, -0.569757329582679, -0.6116777102079277, -0.17980627920319256, 0.5432624987973388, -0.38833328470088707, -0.5436161176141238, 0.07308046202893334, -0.4729409855194133, -0.569757329582679, 0.2676989155618864, 0.7244816412788535, -0.007052078508717308], [0.3685780572970027, -0.08655687269944422, 0.5358842046449569, 0.8280179711391491, 0.46695794808206303, -0.6652486819627198, 0.5587726385108831, -0.27008388694707336, -0.10437355462746416, -0.08655687269944422, -0.454579557002117, -0.245151289086731, 0.06672926806518503], [-0.5439223749843827, -0.1125054325426837, -0.3146034253801193, -0.050061307932980734, -0.024342177231096232, -0.030518856063543445, 0.34078606678038187, -0.3713830735098773, 0.5912480043560425, -0.1125054325426837, 0.5948708469735049, -0.1321847272576963, 0.13711532215291172]], "inverted": true, "swapped": false, "error_lsq": 0.06551410020253136, "error_max": 0.3934864915647317, "target": "185.xyz", "model": "2.xyz", "model_rescale": 3.932901565614263, "target_rescale": 3.768551829764558},
{"mapping": [7, 5, 4, 0, 3, 12, 2, 9, 1, 6, 11, 8, 13], "R": [[0.3492688780825023, -0.8932741789343936, -0.2829708325111886], [0.48888176653508686, -0.08390912219463897, 0.8683051753629354], [-0.7993784267495108, -0.44161125490821695, 0.4073986136278165]], "T": [-0.042588858015127906, 0.06978282472513254, 0.05784076479105863], "aligned_model": [[0.12798292023115046, -0.48557873918988914, -0.5635398394013702, -0.0867610628485195, 0.383786911384006, -0.40789807421648244, -0.7067758456794685, 0.09573245535733521, -0.23214054016722643, -0.7005235641393766, 0.4729924647648659, 0.6371927064040035, -0.11756309186137731], [0.26298009045962656, -0.16877735176813813, 0.634093016257196, 0.7264256737531006, 0.325809462149259, -0.5887185295636774, 0.5309821639828595, -0.4001147785566539, 0.31456964293277423, -0.10712838683544774, -0.4507072266949216, -0.15034267461999695, -0.016681728781734143], [-0.6079840112016645, -0.4556265594107228, -0.35856106909483126, 0.18361562032107603, 0.1733377010266595, -0.06886737669041937, 0.2587155219506003, -0.48975068518400716, 0.7308327367619301, 0.10800655376247414, 0.5686975982978737, -0.11017267141523002, 0.039750073694039205]], "inverted": true, "swapped": false, "error_lsq": 0.044350077217833794, "error_max": 0.28733935673875466, "target": "185.xyz", "model": "3.xyz", "model_rescale": 3.9243930471874484, "target_rescale": 3.768551829764558},
{"mapping": [8, 1, 7, 4, 10, 5, 2, 9, 3, 0, 6, 11, 12], "R": [[0.13937302066383228, -0.2893695294273867, -0.9470165978218185], [-0.9343502564275513, -0.35517552526119484, -0.028981797204510273], [-0.32797066854340506, 0.8888844816366226, -0.31987437984431466]], "T": [-0.01103186020578674, 0.07679295848366845, -0.03893812395761349], "aligned_model": [[0.20545801628654897, -0.5568391247869594, -0.5751735943880134, -0.14825958736657108, 0.5936924151066594, -0.32231355538453155, -0.7862869539513214, 0.24329137584921656, -0.15881426443333785, -0.7630926792214453, 0.18095393467754628, 0.5919224710849117, -0.08763175283505237], [0.47521538197216956, -0.18034237005660075, 0.5328706487955405, 0.6470766829300585, 0.376499074363134, -0.5875689773750538, 0.4817846409931824, -0.15531984936227783, 0.23948762778037197, -0.15139303359530804, -0.32555587709298855, -0.4297375064795283, -0.01062707015845371], [-0.47566237878451223, -0.4212157099202098, -0.38048753921964334, 0.05223365879294727, 0.16505333290074026, 0.1490778971777702, 0.2546189693535397, -0.6546740477214107, 0.5971783559010952, 0.2861126888102085, 0.5291933606564971, -0.11644324526886779, -0.012991909860376984]], "inverted": true, "swapped": false, "error_lsq": 0.05511069181061078, "error_max": 0.46115894978973776, "target": "185.xyz", "model": "4.xyz", "model_rescale": 3.8936222436046832, "target_rescale": 3.768551829764558},
{"mapping": [11, 0, 4, 10, 3, 2, 1, 9, 5, 7, 8, 12], "R": [[0.0370178888929113, -0.928567765800993, 0.36931230715650964], [-0.4720021079726241, 0.30949731860456403, 0.8254849603996335], [-0.8808198941732137, -0.2048738980249487, -0.4268290055007409]], "T": [-0.039684628898157215, -0.042179436098342904, -0.10556639380694638], "aligned_model": [[0.16749233152547882, -0.7284894784073217, -0.30285763642192526, 0.5313811616753139, -0.615169997710711, -0.6392523316652372, -0.03255390608050754, 0.054312099322072926, 0.5476221617194348, 0.23810486249587653, -0.021344790312823436, -0.1716964339245535], [-0.578352322010089, -0.442250753851906, -0.009391067012027493, 0.08731714918487493, 0.3211166532978335, 0.0548068314136444, -0.23810189432026155, 0.4916006410281804, -0.06907040863198513, -0.47925905609056557, 0.5886810226629287, -0.05817389056081984], [-0.6933575181366587, -0.17232665662440613, -0.6128797192414066, -0.5364632890522654, -0.19541577386688228, 0.4707379527128734, 0.524377388904566, 0.49616427141587044, 0.43890161408996226, 0.07843173301792106, -0.17257870593339286, -0.006306578010662478]], "inverted": false, "swapped": true, "error_lsq": 0.0549550430463099, "error_max": 0.3845495309246129, "target": "185.xyz", "model": "5.xyz", "model_rescale": 3.6523030999806103, "target_rescale": 3.768551829764558},
{"mapping": [2, 1, 1, 3, 4, 8, 0, 6, 7, 5, 9, 10, 12], "R": [[0.43069130880509465, 0.7058780725582388, -0.5623532192503393], [0.8519791011159448, -0.11245069528213392, 0.511357460483595], [0.2977190080955888, -0.699350404169491, -0.6498249028827291]], "T": [-0.03410597514959411, -0.003909386959293937, 0.058101272780119], "aligned_model": [[0.16404954666187943, -0.4659097333392469, -0.4659097333392469, -0.1865124881306673, 0.3989695683271993, -0.30704661476429784, -0.7957077430966517, 0.0529053692889454, -0.15247129019808442, -0.6694903393870802, 0.26979525849012365, 0.6772169932605986, -0.10298209313582098], [0.4303321825766126, 0.22482686319127906, 0.22482686319127906, 0.6519471681084543, 0.3671854768893471, -0.6195262796979406, 0.6297126016346106, -0.3701945138038527, 0.2082359445584785, -0.12133431090186404, -0.5000939407868282, -0.26499566675194275, 0.051466984506613106], [-0.5321362071139767, -0.4354573440768748, -0.4354573440768748, 0.2291718340219501, -0.004074104937719612, 0.043189824560019595, 0.1332654472844581, -0.4718880609461106, 0.6966950953354815, 0.2735116413939613, 0.48717912575772265, -0.12771215725963836, 0.11570568287538001]], "inverted": false, "swapped": false, "error_lsq": 0.05733923295208769, "error_max": 0.42122816720131306, "target": "185.xyz", "model": "6.xyz", "model_rescale": 4.08911054899281, "target_rescale": 3.768551829764558},
{"mapping": [8, 11, 9, 3, 4, 13, 0, 12, 6, 1, 7, 5, 14], "R": [[0.3852655376722293, -0.8717140872606101, 0.30279533608285625], [0.7524192441789873, 0.48670726525716784, 0.4438257754288394], [-0.5342618706881951, 0.05683826191299923, 0.843405990915087]], "T": [-0.08910028920935736, 0.005102361678045578, -0.037677452919890185], "aligned_model": [[0.07028889061719742, -0.3346774364160388, -0.6009388874601169, -0.09465518697545391, 0.47095035861559803, -0.3759620843315404, -0.5882764705555508, 0.10638783007316144, -0.0488873895506009, -0.8178529010128417, 0.20027551869645516, 0.646796883662208, -0.21654242472482668], [0.5119164329612709, -0.19756438446878438, 0.49769932918115295, 0.7575854081661685, 0.4288478620305899, -0.6652915195182779, 0.5535512580715717, -0.61116157892036, 0.19394385840285333, -0.020299928336171794, -0.4137893694990708, -0.19023319220410873, 0.06718519684741261], [-0.4653263273350157, -0.5307789817486305, -0.3692295375992519, 0.20765873300573948, 0.022592875634669142, 0.02695130929502252, 0.5408405944435817, -0.33768590071545745, 0.42261025957007475, 0.04119214392850868, 0.5454866096626283, -0.009382542909119197, -0.12293580241497179]], "inverted": true, "swapped": false, "error_lsq": 0.0446813986048574, "error_max": 0.23156417883133437, "target": "185.xyz", "model": "7.xyz", "model_rescale": 3.964800864290218, "target_rescale": 3.768551829764558},
{"mapping": [10, 3, 5, 8, 9, 0, 1, 6, 7, 1, 4, 11, 13], "R": [[0.0846359967495785, 0.7403793598158785, 0.6668396745941525], [0.24412805603318474, -0.6642514452992335, 0.7065207071808566], [0.9660425665112606, 0.1029971891680031, -0.23696695700419296]], "T": [-0.08523469442840956, -0.023021660889917694, 0.05096142058290873], "aligned_model": [[0.19555572855198186, -0.39480600238804964, -0.40859498013685847, -0.13566104265707976, 0.38662367333957937, -0.6144323870531737, -0.7436407168318461, 0.1391196476572121, -0.24145149248376457, -0.7436407168318461, 0.3330148442363533, 0.7240730267086973, -0.07925288147355546], [0.4238333179633524, -0.2945583068990654, 0.5441889931782211, 0.7397238839739686, 0.47804547279726867, -0.49968243957551917, 0.1730134720058522, -0.4807565360134715, 0.2569262021383279, 0.1730134720058522, -0.5249503107871498, -0.1297809328102979, 0.053373084736907175], [-0.578809473666554, -0.5460278179002211, -0.47132291051130004, 0.13302236501992368, 0.039208331863309964, -0.025873966487144906, 0.3529409356262606, -0.22589546746846514, 0.6866332470413132, 0.3529409356262606, 0.31216698873354576, -0.0931107657008195, 0.03612103064166897]], "inverted": false, "swapped": false, "error_lsq": 0.05633744415806381, "error_max": 0.4096912002410143, "target": "185.xyz", "model": "8.xyz", "model_rescale": 4.121658175737393, "target_rescale": 3.768551829764558},
{"mapping": [0, 2, 3, 10, 5, 6, 11, 1, 7, 8, 9, 4, 12], "R": [[0.9436211818421034, 0.2901469620931891, -0.1593543396553912], [0.24368388004110036, -0.9346752967104854, -0.2588440772497624], [-0.2240473873693395, 0.20541867029863634, -0.9526835456255731]], "T": [-0.15733993747148928, 0.08697304714782603, 0.04597712341549801], "aligned_model": [[0.2907867125954034, -0.5385485193839599, -0.5755663673578084, -0.05812448938983679, 0.3467681170419353, -0.23023930897401046, -0.613168644355462, 0.030418615489600315, -0.24540321931806408, -0.7825736003256187, 0.29159282533776176, 0.6300837439077251, -0.12911916463001485], [0.30748261833481183, -0.03704254478268855, 0.5973477829605527, 0.8384654240725491, 0.3988939583632074, -0.5935348493700211, 0.45706732101529834, -0.3044029195456931, 0.13049334932392986, -0.2582509790480251, -0.39760130979939345, -0.2620837946202642, 0.03555531580998267], [-0.5617911528518921, -0.5211618374162307, -0.386791029131169, 0.0024302190323863895, 0.22004125181946585, 0.15449778737110448, 0.28739479672152946, -0.48928290143055925, 0.7134812447526748, 0.18900361151625042, 0.5527678929650119, -0.16908376316506288, -0.0195126873657318]], "inverted": true, "swapped": false, "error_lsq": 0.0516432147654109, "error_max": 0.297087696860958, "target": "185.xyz", "model": "9.xyz", "model_rescale": 3.833441315466971, "target_rescale": 3.768551829764558},
{"mapping": [12, 5, 4, 7, 11, 13, 3, 0, 9, 2, 8, 10, 14], "R": [[0.9959264837845299, -0.010801374765532187, 0.08951965817493543], [0.07062639814452001, 0.7106540122703193, -0.69998770469861], [-0.05605667472937101, 0.703458744452915, 0.7085220138224458]], "T": [-0.07149482455181796, 0.14233962787392088, -0.16236185308714446], "aligned_model": [[0.35489473376471303, -0.6075159896775106, -0.7319427605290788, 0.005397260160268341, 0.48916918511225305, -0.3349894385999901, -0.7006974974992805, 0.048213469217183016, -0.2721433637674068, -0.5667680809038631, 0.2543406768217681, 0.5969257664555002, -0.1179772599169055], [0.33706249862546467, -0.19442139847570647, 0.5225191794362373, 0.6466886023452055, 0.41423007446936055, -0.6076032583189507, 0.5245020628613237, -0.41636939238338677, 0.1329184719448375, -0.18151088469582075, -0.11346671814478712, -0.3147686089537486, 0.16260874400421704], [-0.5409051207272967, -0.400497367314341, -0.39727590657797074, 0.2661631707331791, 0.11525034830376968, -0.10037155359629452, 0.2984827187458108, -0.5329520806832055, 0.6234889801276107, 0.24565224223113213, 0.49790604841793473, -0.020869390879446864, -0.0820786559631039]], "inverted": false, "swapped": false, "error_lsq": 0.05066212548098933, "error_max": 0.3007975245346197, "target": "185.xyz", "model": "10.xyz", "model_rescale": 4.2482417240324, "target_rescale": 3.768551829764558},
{"mapping": [11, 0, 3, 2, 10, 8, 4, 9, 1, 5, 7, 12], "R": [[-0.8652594132122071, 0.4993661740972735, 0.044267053381930294], [-0.22808973999450083, -0.47076486928252753, 0.8522649285044208], [0.44643165026340614, 0.7273333912428717, 0.5212340353682169]], "T": [-0.08616652155140508, 0.08144970371680132, -0.005539942284768902], "aligned_model": [[-0.8836538442279198, -0.03860052924642064, 0.3499157138573046, 0.6287698842919445, -0.5584667324931827, 0.24029109524190784, -0.2655062926597722, 0.5744449194486838, 0.19671368627720232, -0.034859784825480154, -0.3634299721031596, 0.031147458801898883], [-0.08230342719424993, -0.6924487185932757, -0.09865474599623086, -0.3380298256224185, 0.6208040740253282, 0.5193666854253818, -0.058690048157054475, 0.4665908640451723, -0.08547307013714103, 0.4640222145247068, -0.015121929399423334, -0.03393068287015574], [0.10891941576500766, 0.1888432385974444, 0.49309323003686806, -0.1235116599550512, 0.11523675691179638, 0.31767215472465243, 0.5197219120729875, -0.27217669849722487, -0.5777122955213267, -0.7077533678707806, -0.4701470936308945, -0.026993302779122187]], "inverted": false, "swapped": true, "error_lsq": 0.05283511356024303, "error_max": 0.3207638171958789, "target": "185.xyz", "model": "11.xyz", "model_rescale": 3.6694154284099745, "target_rescale": 3.768551829764558},
{"mapping": [4, 6, 11, 8, 2, 5, 9, 0, 10, 7, 12, 1, 13], "R": [[-0.002960766174580187, -0.5470085163687435, 0.8371218052850645], [-0.6952962009913219, -0.6005330350668351, -0.3948712026477121], [0.7187172091655344, -0.5832167322818177, -0.3785549054441429]], "T": [-0.12962336270388058, 0.05805421277545409, -0.011918449944393877], "aligned_model": [[0.15478119259585205, -0.46929415275281416, -0.5268272240348286, -0.023699968704683827, 0.36693648065278467, -0.45045412971543836, -0.6435365888337454, 0.1532372810445955, -0.20724625649303105, -0.7558970846754582, 0.16000728499038763, 0.7092675450538379, -0.050367678489807846], [0.2666101979433839, -0.13008127488204285, 0.5551006459613945, 0.7964929821049781, 0.3210967892788139, -0.6778327976211741, 0.5844001532723192, -0.4299209967844923, 0.12607289349291884, -0.12866321246242984, -0.38358554849537113, 0.010122732222138671, 0.002576808683808933], [-0.6625313146540364, -0.4231162443512694, -0.386354805962334, 0.11491320961219552, 0.3205729007767866, -0.022345306851920328, 0.30985695903111143, -0.4507896332072989, 0.6148805072513693, 0.3417525083628245, 0.4156758781837233, -0.11408552954912739, -0.08643569582424633]], "inverted": true, "swapped": false, "error_lsq": 0.04487869793017519, "error_max": 0.2914535253783791, "target": "185.xyz", "model": "12.xyz", "model_rescale": 3.9764082729961374, "target_rescale": 3.768551829764558},
{"mapping": [4, 9, 0, 7, 3, 12, 2, 13, 8, 1, 11, 14, 15], "R": [[0.0887541479057038, 0.7913714882235476, 0.6048585527678189], [-0.4847460736632354, 0.5648082510211847, -0.6678419600822247], [-0.8701401871523978, -0.23392906447305412, 0.4337432967748921]], "T": [-0.1308314020089028, -0.02354207202810016, -0.12396309025683777], "aligned_model": [[0.06611484330523676, -0.6599746244504718, -0.543788962192274, -0.09920108251158005, 0.4418284475962831, -0.45133043523045363, -0.6129541211339099, 0.14732562057170462, -0.11328130020207092, -0.6569225745411507, 0.3066715391554831, 0.6434485170467923, -0.051029166775938384], [0.4839153076560055, -0.01711950605353668, 0.5246456646481528, 0.726075026401851, 0.3709088627769119, -0.5741226586303476, 0.4534912635240632, -0.5645181070343497, 0.12890809728046823, -0.1489389158579418, -0.3175821271903641, -0.20111079158055012, 0.0478372567738838], [-0.592538490848922, -0.4093844056978481, -0.36074187382374834, -0.03392183552908207, 0.35028642634305257, -0.16077235959276087, 0.29586591586542393, -0.1907024828590151, 0.5660396462978134, 0.2089427342673879, 0.46990248475327784, -0.03582685276805475, -0.13515547358974705]], "inverted": false, "swapped": false, "error_lsq": 0.046417665274814265, "error_max": 0.2675841643040521, "target": "185.xyz", "model": "13.xyz", "model_rescale": 4.170626492500431, "target_rescale": 3.768551829764558},
{"mapping": [8, 2, 4, 12, 10, 3, 5, 0, 11, 6, 9, 7, 13], "R": [[0.6990513209744247, -0.5527337551436906, 0.45366578730235624], [0.44673880190767157, 0.8329658493480319, 0.32648481846788907], [-0.558347287549613, -0.025559533342117913, 0.8292134928601458]], "T": [-0.09968673238421807, -0.021030126450251346, -0.06895235944032661], "aligned_model": [[0.2955080499965719, -0.5247161331645817, -0.3635376479924377, -0.06959353321532277, 0.3314579845560054, -0.40553673266553014, -0.6325803854219723, 0.1037134681965387, -0.27156941571110343, -0.8866659837779078, 0.33123996543915957, 0.6670215724068652, -0.15783450800863486], [0.5001430808059321, -0.28118981255774866, 0.4397084085731946, 0.6931809585595283, 0.23416218193547114, -0.5713171764822287, 0.5614274255309593, -0.3399127527076854, 0.014194304387796702, 0.0012173569037600002, -0.28549437258723875, -0.059904379418515404, 0.006174149771021001], [-0.42074187722365525, -0.4986023488888054, -0.5392350693820953, 0.0882196692387845, 0.1905075098461011, 0.2123189407751575, 0.3826972647689268, -0.5302555521484976, 0.6157922891518554, 0.2271185347561951, 0.5640304855737487, -0.32986799850657844, 0.010011584856640984]], "inverted": false, "swapped": false, "error_lsq": 0.0516013613230317, "error_max": 0.300310497960371, "target": "185.xyz", "model": "14.xyz", "model_rescale": 3.9786697098870705, "target_rescale": 3.768551829764558},
{"mapping": [8, 3, 10, 5, 4, 11, 2, 0, 7, 1, 0, 12], "R": [[-0.27257319341989517, 0.9619943890416455, -0.016451434018719444], [-0.9514514146944305, -0.2669660471040224, 0.15319704686977464], [0.14298272519730298, 0.05741014845865451, 0.9880587103756073]], "T": [0.11201844060336677, -0.043641848029375, -0.12068520681710664], "aligned_model": [[-0.12837553953159483, -0.5568301400852995, 0.599467148682348, 0.6300056659494455, -0.11548071875553598, 0.5511739002591008, -0.5021189902841913, -0.3459174575208035, 0.5358786521119585, 0.16787081929829714, -0.3459174575208035, -0.006401285835585024], [-0.3041024544359301, 0.00657005034888461, 0.09527314978177641, -0.6389932639011126, 0.43078824029347446, 0.6511839444745713, -0.40682609023695065, 0.394260426069998, -0.055223788591909594, -0.4701790319106449, 0.394260426069998, -0.0823371177377157], [-0.6471668540846556, -0.2668382456395648, -0.6418895980789542, 0.01839652573737903, -0.3462115755299076, -0.10450921584534437, 0.3174322298364418, 0.3666569976303218, 0.2289850466635971, 0.379526916967658, 0.3666569976303218, -0.011072731413463197]], "inverted": true, "swapped": true, "error_lsq": 0.06178422479450587, "error_max": 0.4583347729622323, "target": "185.xyz", "model": "15.xyz", "model_rescale": 3.769337070930944, "target_rescale": 3.768551829764558},
{"mapping": [0, 11, 2, 1, 3, 4, 6, 10, 9, 5, 12], "R": [[-0.04623274832685486, 0.5071269290651683, 0.8606304728506176], [-0.9163041939289522, 0.321567260976353, -0.23870718643639405], [-0.3978054262706316, -0.7996354009704034, 0.4498155937098482]], "T": [-0.046640244179872524, -0.10142197983315995, 0.01994743976220508], "aligned_model": [[-0.2670403096629789, -0.30242404364705583, -0.11571104536229795, -0.4931619763999254, 0.4041581840126587, 0.24165407550529258, 0.6141335115414714, 0.1656332544210568, 0.15440146194607499, -0.3958529641199137, -0.0831640175432119], [-0.0019584264493104353, -0.8637490114209241, 0.6691736764033933, 0.3610586588843313, 0.18661154632991503, -0.4074472899693419, 0.6347934182532887, -0.6615682819689924, 0.5451600454543895, 0.1015494076407624, 0.032440754467831234], [-0.7419560484639431, -0.1513248790719085, -0.3000932219017635, 0.16825666970820513, -0.41023604937962516, -0.3685584340584333, 0.011055053463946522, 0.4319349627415386, 0.46418866488186666, 0.7120102219081302, -0.07105933260423694]], "inverted": false, "swapped": true, "error_lsq": 0.05021775771512482, "error_max": 0.24404120106394653, "target": "185.xyz", "model": "16.xyz", "model_rescale": 3.7852294659196426, "target_rescale": 3.768551829764558},
{"mapping": [1, 4, 5, 7, 2, 0, 6, 0, 11, 10, 8, 3, 12], "R": [[-0.4543762502835403, 0.8695154825560302, -0.19361055956125922], [0.3167717975611811, -0.04542263422414228, -0.9474135383083768], [-0.8325850415712068, -0.4918125759834677, -0.25479901619978484]], "T": [-0.07686168109680343, 0.05802180917488537, 0.03136999804960116], "aligned_model": [[0.2116997442854292, -0.44408366368069274, -0.40508969224627406, -0.13833539186970256, 0.4209512545854765, -0.10820327609866058, -0.7645828538438264, -0.10820327609866058, -0.06889422715847962, -0.8440317622697634, 0.23418198408921675, 0.5654844873089103, -0.13398662636532246], [0.4066869700406301, -0.11429274195084121, 0.4343980112017071, 0.7378033393075093, 0.38948695720845283, -0.5844567757900001, 0.5695328046377429, -0.5844567757900001, 0.27256648267777805, -0.10228852031382343, -0.3057244877989159, -0.23525168455066064, 0.02838579383466726], [-0.48768593691975093, -0.5493557513942232, -0.39620027430935395, 0.19119821630526485, 0.1594330986552968, -0.19663466861970103, 0.261129276378118, -0.19663466861970103, 0.7326824656291755, 0.2184682077990157, 0.47312375416036, -0.3345226487405014, 0.0969923624937788]], "inverted": true, "swapped": false, "error_lsq": 0.05729814860610568, "error_max": 0.3812024962253003, "target": "185.xyz", "model": "17.xyz", "model_rescale": 3.901054581598922, "target_rescale": 3.768551829764558},
{"mapping": [13, 7, 12, 9, 5, 1, 11, 0, 10, 6, 8, 2, 14], "R": [[0.8969701053345376, -0.39312836288735986, 0.2022244308426981], [-0.12180360668029727, -0.6594828547211076, -0.7417858489675915], [0.4249806013641333, 0.6407280660486188, -0.6394208581535143]], "T": [-0.0967301198013959, 0.018895078895984983, 0.045654221101362386], "aligned_model": [[0.30613832614366354, -0.5917354413462055, -0.42318520655942005, -0.018815203802082597, 0.42977611324752607, -0.357111343066496, -0.7326307477058237, -0.020338122912490778, -0.2550067846529771, -0.8176432909725642, 0.3758080977585241, 0.6388661703540544, -0.11721586584805845], [0.49693879896527876, -0.182137275132564, 0.43428780687564283, 0.6609818718949035, 0.3091477546495506, -0.6274727497922246, 0.4955083733817272, -0.5310637115544635, 0.36668469519350044, -0.13621101495649846, -0.3295060552506841, -0.11104354777964262, 0.06627442621972], [-0.3240394565084963, -0.34707055284765165, -0.47669725247618966, 0.17152493832930948, 0.21486006548668538, 0.055441868607067096, 0.1177732052655732, -0.47127334647178465, 0.7712192618027098, 0.18690592746944631, 0.35507712718700013, -0.3089612793992488, 0.027232926373357422]], "inverted": true, "swapped": false, "error_lsq": 0.053161931897482015, "error_max": 0.28540741534822994, "target": "185.xyz", "model": "18.xyz", "model_rescale": 3.9405287249114394, "target_rescale": 3.768551829764558},
{"mapping": [2, 11, 5, 6, 1, 13, 8, 14, 0, 7, 12, 3, 15], "R": [[-0.14282949470713852, 0.9540305506518799, -0.2634870848155072], [-0.20115471643540675, 0.23267948364171415, 0.9515235351519248], [0.9690905610403471, 0.1889072955581549, 0.1586742518098299]], "T": [-0.14858342551833426, -0.042115268897332345, 0.06622983940733565], "aligned_model": [[0.10042689588457088, -0.3985748617215962, -0.540734685318123, -0.10070317113571886, 0.37217842486978725, -0.43208713095724893, -0.5777602436635587, 0.1485920952857429, -0.10060824104114648, -0.7906483662401289, 0.1906900816979184, 0.6817335971562821, -0.13559769417913017], [0.5780119589338993, -0.2336340068372076, 0.5503205181850856, 0.7033317483998558, 0.3295712678967057, -0.6341062843887375, 0.5454253811036731, -0.633743194530974, 0.37649999633286924, -0.11532746649101112, -0.3781790980009942, -0.15346004956934634, -0.02232139831957157], [-0.4894331557167054, -0.5818735911828472, -0.3656264681538046, 0.0835411430902345, 0.2280187065330823, -0.07695581613059446, 0.27329359504577144, -0.33551892477426704, 0.6094921143230331, 0.34554710518366594, 0.3347324507144901, -0.08740797022241276, 0.034184244108132526]], "inverted": true, "swapped": false, "error_lsq": 0.04457993683457276, "error_max": 0.23621836679498337, "target": "185.xyz", "model": "19.xyz", "model_rescale": 4.410303926677745, "target_rescale": 3.768551829764558},
{"mapping": [10, 3, 5, 8, 9, 0, 1, 6, 7, 1, 4, 11, 13], "R": [[0.0846359967495785, 0.7403793598158785, 0.6668396745941525], [0.24412805603318474, -0.6642514452992335, 0.7065207071808566], [0.9660425665112606, 0.1029971891680031, -0.23696695700419296]], "T": [-0.08523469442840956, -0.023021660889917694, 0.05096142058290873], "aligned_model": [[0.19555572855198186, -0.39480600238804964, -0.40859498013685847, -0.13566104265707976, 0.38662367333957937, -0.6144323870531737, -0.7436407168318461, 0.1391196476572121, -0.24145149248376457, -0.7436407168318461, 0.3330148442363533, 0.7240730267086973, -0.07925288147355546], [0.4238333179633524, -0.2945583068990654, 0.5441889931782211, 0.7397238839739686, 0.47804547279726867, -0.49968243957551917, 0.1730134720058522, -0.4807565360134715, 0.2569262021383279, 0.1730134720058522, -0.5249503107871498, -0.1297809328102979, 0.053373084736907175], [-0.578809473666554, -0.5460278179002211, -0.47132291051130004, 0.13302236501992368, 0.039208331863309964, -0.025873966487144906, 0.3529409356262606, -0.22589546746846514, 0.6866332470413132, 0.3529409356262606, 0.31216698873354576, -0.0931107657008195, 0.03612103064166897]], "inverted": false, "swapped": false, "error_lsq": 0.05633744415806381, "error_max": 0.4096912002410143, "target": "185.xyz", "model": "20.xyz", "model_rescale": 4.121658175737393, "target_rescale": 3.768551829764558},
{"mapping": [2, 1, 1, 3, 4, 8, 0, 6, 7, 5, 9, 10, 12], "R": [[0.43069130880509465, 0.7058780725582388, -0.5623532192503393], [0.8519791011159448, -0.11245069528213392, 0.511357460483595], [0.2977190080955888, -0.699350404169491, -0.6498249028827291]], "T": [-0.03410597514959411, -0.003909386959293937, 0.058101272780119], "aligned_model": [[0.16404954666187943, -0.4659097333392469, -0.4659097333392469, -0.1865124881306673, 0.3989695683271993, -0.30704661476429784, -0.7957077430966517, 0.0529053692889454, -0.15247129019808442, -0.6694903393870802, 0.26979525849012365, 0.6772169932605986, -0.10298209313582098], [0.4303321825766126, 0.22482686319127906, 0.22482686319127906, 0.6519471681084543, 0.3671854768893471, -0.6195262796979406, 0.6297126016346106, -0.3701945138038527, 0.2082359445584785, -0.12133431090186404, -0.5000939407868282, -0.26499566675194275, 0.051466984506613106], [-0.5321362071139767, -0.4354573440768748, -0.4354573440768748, 0.2291718340219501, -0.004074104937719612, 0.043189824560019595, 0.1332654472844581, -0.4718880609461106, 0.6966950953354815, 0.2735116413939613, 0.48717912575772265, -0.12771215725963836, 0.11570568287538001]], "inverted": false, "swapped": false, "error_lsq": 0.05733923295208769, "error_max": 0.42122816720131306, "target": "185.xyz", "model": "21.xyz", "model_rescale": 4.08911054899281, "target_rescale": 3.768551829764558},
{"mapping": [0, 8, 6, 7, 13, 11, 10, 1, 9, 5, 15, 2, 16], "R": [[0.3224328880939705, -0.8479611352658496, 0.42071242643168094], [0.6831645954494161, -0.09919006064584138, -0.7234966948048275], [0.6552275697800091, 0.5206949634361041, 0.547314888206467]], "T": [-0.011331859090227436, 0.09029564968019596, 0.08599519937967434], "aligned_model": [[0.18311294739537404, -0.4751436441118177, -0.4472193983813996, -0.13659731578116602, 0.36183922419233905, -0.34537039490348337, -0.6237505727878527, 0.10036836506417843, -0.3615050212788963, -0.6786724565065463, 0.23180684866313744, 0.5933776388696943, 0.014660480204088833], [0.42583040843952524, -0.1928316370068938, 0.41446024951275895, 0.7830406995827764, 0.6238681548820951, -0.5964936769020684, 0.5584669150867666, -0.428542340430199, 0.05857214331346551, -0.03302362143585544, -0.5567904302496985, -0.2677548531915397, 0.12358736111311398], [-0.584591887488519, -0.3446782101412359, -0.4243806365074194, -0.015044640311981133, 0.19901595111369483, 0.03469502644757699, 0.32452065834683164, -0.5041984817184042, 0.7056079713502872, 0.2788110139790072, 0.31766347914010895, -0.07947410243673261, 0.06404729104456316]], "inverted": false, "swapped": false, "error_lsq": 0.05024416933398087, "error_max": 0.27710251654227186, "target": "185.xyz", "model": "22.xyz", "model_rescale": 4.204369325754507, "target_rescale": 3.768551829764558},
{"mapping": [2, 11, 5, 6, 1, 13, 8, 14, 0, 7, 12, 3, 15], "R": [[-0.14282949470713852, 0.9540305506518799, -0.2634870848155072], [-0.20115471643540675, 0.23267948364171415, 0.9515235351519248], [0.9690905610403471, 0.1889072955581549, 0.1586742518098299]], "T": [-0.14858342551833426, -0.042115268897332345, 0.06622983940733565], "aligned_model": [[0.10042689588457088, -0.3985748617215962, -0.540734685318123, -0.10070317113571886, 0.37217842486978725, -0.43208713095724893, -0.5777602436635587, 0.1485920952857429, -0.10060824104114648, -0.7906483662401289, 0.1906900816979184, 0.6817335971562821, -0.13559769417913017], [0.5780119589338993, -0.2336340068372076, 0.5503205181850856, 0.7033317483998558, 0.3295712678967057, -0.6341062843887375, 0.5454253811036731, -0.633743194530974, 0.37649999633286924, -0.11532746649101112, -0.3781790980009942, -0.15346004956934634, -0.02232139831957157], [-0.4894331557167054, -0.5818735911828472, -0.3656264681538046, 0.0835411430902345, 0.2280187065330823, -0.07695581613059446, 0.27329359504577144, -0.33551892477426704, 0.6094921143230331, 0.34554710518366594, 0.3347324507144901, -0.08740797022241276, 0.034184244108132526]], "inverted": true, "swapped": false, "error_lsq": 0.04457993683457276, "error_max": 0.23621836679498337, "target": "185.xyz", "model": "23.xyz", "model_rescale": 4.410303926677745, "target_rescale": 3.768551829764558},
{"mapping": [9, 4, 10, 11, 13, 2, 1, 5, 7, 3, 12, 6, 16], "R": [[-0.24081724968853657, 0.7947954679145091, 0.5570522564670263], [0.9649697153266104, 0.13449647949711602, 0.22526461219055788], [0.1041177254598353, 0.5917861617049172, -0.7993426287016301]], "T": [-0.025840800590441318, 0.15816073219662047, -0.07224142928003187], "aligned_model": [[0.02067148063718159, -0.43659928419398586, -0.5186564572473158, -0.04786288979085665, 0.5532396932200891, -0.5300708987545915, -0.6665245240023543, 0.11470653412053462, -0.033986023384763156, -0.8655741514922725, 0.2858230877564191, 0.6789905987983859, -0.13725046502882102], [0.5359362515229124, -0.24727673111521448, 0.4489830319925479, 0.7850040016655158, 0.2102984139962653, -0.5987013112638304, 0.4625377326666265, -0.429468995264122, 0.3154605769181323, -0.14861649499371227, -0.4236443537155529, -0.12649316192127213, 0.12837041222595044], [-0.5697776071818373, -0.4474511099682191, -0.3826267781141484, 0.013222187069603361, 0.32289660692231603, 0.003954413471536064, 0.4106812950871972, -0.24699778406573608, 0.5736078649663248, 0.027691632789806617, 0.3866096331475729, -0.08134905020453011, -0.03846787110210826]], "inverted": false, "swapped": false, "error_lsq": 0.04551735810531377, "error_max": 0.2653657733102975, "target": "185.xyz", "model": "24.xyz", "model_rescale": 4.28219845311461, "target_rescale": 3.768551829764558},
{"mapping": [12, 2, 14, 11, 9, 0, 10, 4, 8, 6, 3, 7, 15], "R": [[0.6085076167037988, -0.7871188541652281, 0.10080867934399737], [-0.20248642655943683, -0.031182276275568188, 0.9787884923237828], [-0.7672794324577275, -0.6160126419675918, -0.1783555366773209]], "T": [-0.03037288631748694, 0.06669609757657077, 0.012621707166932152], "aligned_model": [[0.12859151893379758, -0.43519003524982225, -0.5381983090936567, -0.04598934793464157, 0.5693394597198683, -0.5068772259992909, -0.5993838047691589, 0.1327648487464482, -0.43088202123963837, -0.9158373162823674, 0.47950954339722374, 0.6492625705563981, -0.07020318014750937], [0.6919550103362571, -0.16943101400553537, 0.4938788435041256, 0.6044663400663483, 0.35308395407686977, -0.5947079511111727, 0.5726477369775315, -0.632167272707928, 0.16406214079455964, -0.05527535557686429, -0.35914172842008407, -0.16124265987166977, 0.004261328651808727], [-0.39750206696802864, -0.48652465162386005, -0.36124038834239763, 0.0965047428037061, 0.13591315674233928, 0.044909021698727104, 0.23610399303796747, -0.1274662726832774, 0.57124353219779, 0.1278295317433469, 0.4110277797593189, -0.2901745516656408, 0.011369606117786783]], "inverted": false, "swapped": false, "error_lsq": 0.049214148162331314, "error_max": 0.30070372779230375, "target": "185.xyz", "model": "25.xyz", "model_rescale": 4.100010024507729, "target_rescale": 3.768551829764558},
{"mapping": [11, 0, 3, 2, 10, 8, 4, 9, 1, 5, 7, 12], "R": [[-0.8652594132122071, 0.4993661740972735, 0.044267053381930294], [-0.22808973999450083, -0.47076486928252753, 0.8522649285044208], [0.44643165026340614, 0.7273333912428717, 0.5212340353682169]], "T": [-0.08616652155140508, 0.08144970371680132, -0.005539942284768902], "aligned_model": [[-0.8836538442279198, -0.03860052924642064, 0.3499157138573046, 0.6287698842919445, -0.5584667324931827, 0.24029109524190784, -0.2655062926597722, 0.5744449194486838, 0.19671368627720232, -0.034859784825480154, -0.3634299721031596, 0.031147458801898883], [-0.08230342719424993, -0.6924487185932757, -0.09865474599623086, -0.3380298256224185, 0.6208040740253282, 0.5193666854253818, -0.058690048157054475, 0.4665908640451723, -0.08547307013714103, 0.4640222145247068, -0.015121929399423334, -0.03393068287015574], [0.10891941576500766, 0.1888432385974444, 0.49309323003686806, -0.1235116599550512, 0.11523675691179638, 0.31767215472465243, 0.5197219120729875, -0.27217669849722487, -0.5777122955213267, -0.7077533678707806, -0.4701470936308945, -0.026993302779122187]], "inverted": false, "swapped": true, "error_lsq": 0.05283511356024303, "error_max": 0.3207638171958789, "target": "185.xyz", "model": "26.xyz", "model_rescale": 3.6694154284099745, "target_rescale": 3.768551829764558},
{"mapping": [4, 9, 10, 2, 0, 3, 12, 7, 6, 12, 1, 5, 13], "R": [[0.6594526424210633, -0.12684969565666443, 0.7409665087678992], [0.7248248327470943, 0.3687065157225792, -0.5819660360337731], [-0.19937696516153652, 0.9208499660506739, 0.3350882955094797]], "T": [-0.09377578475499451, 0.08498694771121054, -0.1509291758180415], "aligned_model": [[0.3223760273369357, -0.6527778226400915, -0.29441781685943536, -0.15388463490012116, 0.4429394064288936, -0.49085117808290735, -0.7550226721114572, -0.02119700698230001, -0.17627516983615305, -0.7550226721114572, 0.4115199536032681, 0.6362854885154874, -0.09676520172301126], [0.6861030153793019, -0.1453084358354208, 0.47750511290360553, 0.6597134335794491, 0.3754152389773081, -0.558363243916719, 0.12549753824178916, -0.5349692906593845, 0.02947937344983427, 0.12549753824178916, -0.242144452264296, -0.2197544483839465, 0.1337179930009355], [-0.5264391125344752, -0.46611847358649566, -0.5602737554079428, 0.20712953274671186, 0.10308175764317568, 0.13413727832788663, 0.2859280770388874, -0.2316453962501684, 0.5282638692473802, 0.2859280770388874, 0.49506456845723606, -0.16196178647045445, -0.1211012034328515]], "inverted": true, "swapped": false, "error_lsq": 0.05988389762001577, "error_max": 0.4680637559009249, "target": "185.xyz", "model": "27.xyz", "model_rescale": 4.103607728864725, "target_rescale": 3.768551829764558},
{"mapping": [1, 7, 5, 0, 2, 11, 9, 8, 10, 6, 13, 4, 14], "R": [[-0.72516239008779, 0.2645866223549693, 0.6357148946445668], [0.6476319859105174, -0.05154160543552189, 0.7602080463496348], [0.23390664553997448, 0.9629835835464267, -0.13397872589452003]], "T": [-0.133437866450516, 0.05807777213738672, 0.2075770971077865], "aligned_model": [[0.1825711282492586, -0.3393127665923058, -0.5870774627872727, -0.038443307705437274, 0.5461199414410975, -0.4094395215893005, -0.7572883262933228, 0.10002299332378345, -0.3777391484113245, -0.7506784513998859, 0.2501538830135379, 0.6541585711819002, -0.05614083179307801], [0.47223043963896916, -0.11399923901945766, 0.35139987497434966, 0.7280705074748822, 0.33383887344837637, -0.5704898591548185, 0.5772898078585741, -0.4383497649688978, 0.10287618500810344, -0.05387428423907186, -0.45476853521549154, -0.17860532392580428, 0.1567706908345333], [-0.5214473986020836, -0.46181536870454887, -0.2856912588655065, -0.0199696220191993, 0.14860501075011984, 0.17952263736169355, 0.3141293930434926, -0.4017961088691855, 0.6526448022295158, 0.11955403071998444, 0.30615989343313255, -0.17358199120205164, 0.11567941354241422]], "inverted": true, "swapped": false, "error_lsq": 0.04513345270655284, "error_max": 0.23965009889492084, "target": "185.xyz", "model": "28.xyz", "model_rescale": 4.137296879288765, "target_rescale": 3.768551829764558},
