[{"mapping": [7, 9, 6, 0, 1, 8, 11, 12, 10, 3, 4, 13], "R": [[0.6358771263793268, 0.25309553056137707, -0.7291110563949946], [0.7678058663040328, -0.11157869181385832, 0.6308917079834082], [0.0783226136992603, -0.9609853526162422, -0.2652785710161177]], "T": [-0.13812677325891573, -0.19728266051017407, -0.036330182767125754], "aligned_model": [[-0.3072835729304495, 0.168483236312065, 0.4138068625684528, -0.11631467100769396, -0.07717727534180399, -0.5237294699123448, 0.48675510699987057, -0.24808328655771422, 0.5904441188491579, 0.02091316993727768, -0.47660825829101683, -0.09356349816525245], [-0.25293469772274824, -0.6525908370432655, -0.2829819596848504, 0.6476172883201793, 0.3317298396094568, -0.7806912916909567, -0.29998248836542685, -0.39387651274897745, 0.1034145134393033, 0.33136590287295986, 0.32108084175798257, -0.018595562766599516], [-0.4570458733749046, -0.07561237216958659, -0.5408298352013649, -0.09239457127378194, -0.6880842313019753, -0.06145678954731644, 0.5221249884799037, 0.5677551585060728, -0.02420257057557597, 0.6039889547429912, 0.38043082565628883, 0.04727806141281175]], "inverted": true, "swapped": true, "error_lsq": 0.040289039918150645, "error_max": 0.24794601871292887, "target": "186.xyz", "model": "0.xyz", "model_rescale": 3.751011558992144, "target_rescale": 3.8795343541714495},
{"mapping": [4, 10, 5, 1, 8, 2, 11, 9, 13, 12, 6, 7, 0, 14], "R": [[0.2351643043650196, -0.9645148493389616, 0.12003689165067855], [0.256730377402587, 0.18075454786715414, 0.9494299904385084], [-0.9374365382633867, -0.19245492674904682, 0.29012727879118394]], "T": [-0.09749420367621336, 0.0972256191848034, -0.06867520517076996], "aligned_model": [[-0.7340338159259427, -0.4460150243635691, 0.2758059459820413, -0.5983651799838965, -0.17182848396760855, 0.49801492090374383, -0.28400644252217394, 0.20836206473039043, 0.6177348468384682, 0.22797101753488697, -0.7048381212219992, -0.2722388617198793, -0.028184645615650955, -0.07456206997548717], [0.1330516904503628, -0.5329226015826631, -0.030613872922356886, 0.5545168496252078, 0.4427341658743215, 0.6021667142873562, -0.5610600097337075, -0.4723357253172867, -0.028603095581110946, -0.17286301357744843, -0.0773765724224925, 0.24528901298538286, 0.7916843624214922, 0.05657319750459853], [-0.536764710035435, -0.4609763720564537, -0.552813728238836, 0.0916324524464678, -0.6303837693550187, -0.34096452741230787, 0.3419392179157843, -0.19611711060086318, -0.07947974777116797, 0.5421436094640104, 0.33675442593209787, 0.553593675377423, 0.22869284557283898, -0.03994699083652501]], "inverted": true, "swapped": false, "error_lsq": 0.040762877349046205, "error_max": 0.28885781654068815, "target": "186.xyz", "model": "1.xyz", "model_rescale": 3.9405287249114394, "target_rescale": 3.8795343541714495},
{"mapping": [10, 0, 3, 7, 2, 11, 6, 1, 5, 12, 8, 9, 13], "R": [[-0.12714530493385978, 0.5771714371856597, 0.8066642446088187], [0.9177673316123188, 0.37692193770105686, -0.12503190754717255], [-0.3762142959251814, 0.7244328712701549, -0.5776329444939922]], "T": [-0.025644707117625037, -0.11687577120847473, 0.0805306056122829], "aligned_model": [[-0.3117591751661425, 0.29969266938927563, -0.42397796451224434, 0.3710751127822979, 0.5422642984955353, -0.822846697473037, 0.04881574639408218, 0.6334527222509365, 0.038171811104688064, -0.5066862477983621, -0.006824270046510261, -0.3133351737518423, -0.05205955238474565], [0.6166375416085368, 0.407533293232736, 0.14952739012666869, -0.17144315619360861, -0.3072540188444296, 0.16081022689486177, 0.38790917793776447, 0.4064734041324237, -0.8355901263254012, -0.4716663184088087, -0.7479372739677352, -0.1364156721291192, 0.00024812550812791656], [0.11897726111509432, -0.49966387176256954, -0.6159832683662857, 0.30041386882042775, -0.242566795167624, 0.06452216282333076, 0.6338323347991494, 0.08750381366115914, -0.42220930994876493, -0.16109178749909336, 0.3823477486883399, 0.5492636977564733, -0.08222550533099324]], "inverted": true, "swapped": true, "error_lsq": 0.04749904438873334, "error_max": 0.2645302514744778, "target": "186.xyz", "model": "2.xyz", "model_rescale": 3.932901565614263, "target_rescale": 3.8795343541714495},
{"mapping": [12, 9, 5, 10, 6, 2, 8, 7, 0, 3, 11, 11, 1, 13], "R": [[0.54514892320109, 0.07646131657759986, 0.8348450865878726], [-0.8245940104222012, 0.22849436411544893, 0.5175278191008748], [-0.15118653878081598, -0.9705379913402139, 0.1876130002339394]], "T": [0.008992927697880973, 0.02767732810589174, -0.04666057102275676], "aligned_model": [[-0.5815351864787944, -0.398766690790327, -0.10896908731894063, -0.5198225760872925, -0.09666444940798831, 0.5130801634411475, -0.2636702597612509, 0.26600261110780365, 0.644547039603957, 0.19756560565134268, -0.6286552035646661, -0.6286552035646661, 0.1846352297531812, -0.06527584189018307], [0.1456718804089323, -0.4945201954493653, -0.09081188842097243, 0.5108856370936184, 0.4816003882874931, 0.6187765382694584, -0.5415804316220912, -0.5880967016208462, 0.17039248640984414, -0.14882942093407078, 0.07725719561200314, 0.07725719561200314, 0.6729397854291367, 0.05929863293651225], [-0.5162174282331266, -0.3642054958947395, -0.7458350515601175, -0.04971562959623709, -0.5461429378589014, -0.3478210526318481, 0.3280221143605063, -0.30065055959468495, 0.11035434410495928, 0.39376103466209467, 0.576761754373829, 0.576761754373829, 0.27201601081223753, -0.1297795869157864]], "inverted": true, "swapped": false, "error_lsq": 0.053792859864720044, "error_max": 0.404210894079633, "target": "186.xyz", "model": "3.xyz", "model_rescale": 3.9243930471874484, "target_rescale": 3.8795343541714495},
{"mapping": [8, 7, 5, 12, 4, 9, 11, 2, 0, 1, 3, 10, 13], "R": [[0.13317002933762673, 0.8356613346303907, -0.5328563381343703], [-0.5323945514202186, -0.3931692594070801, -0.7496492346927015], [-0.8359556118026126, 0.3835206216894247, 0.3925431795798741]], "T": [-0.11147818429163354, -0.1314121425581539, -0.18764499209247826], "aligned_model": [[-0.05469543183801472, -0.28786585345352655, 0.6822597775279615, 0.29291340808050487, 0.561294822047062, -0.4959576699441887, -0.20922414188078492, 0.24310588245524262, 0.11349816149158272, -0.40460361057229033, 0.36960744817297414, -0.5040489951615001, -0.02907791061366978], [-0.5649309260768474, 0.06540001649692156, -0.29777700773377813, -0.6073793969849738, 0.11667032838908423, -0.5251545632359625, -0.5840503987356203, 0.31164833333813335, 0.6041175309064842, 0.6538947406053215, -0.04831159857102066, 0.03496762913402188, -0.031265133850176985], [-0.7340181249707161, -0.5602912434627554, -0.5277524376873368, -0.027703472066565343, 0.019216661884409292, -0.18677593376144663, 0.5183728079872407, -0.5633097369488458, 0.16711781639765994, -0.263295438783747, 0.5025886776062485, 0.4753688420395557, -0.03244810286273753]], "inverted": false, "swapped": true, "error_lsq": 0.044270585082715315, "error_max": 0.32567497854459815, "target": "186.xyz", "model": "4.xyz", "model_rescale": 3.8936222436046832, "target_rescale": 3.8795343541714495},
{"mapping": [8, 12, 2, 7, 0, 3, 11, 10, 6, 9, 1, 13], "R": [[-0.24909914817781542, 0.8854520807148069, -0.39233178195872176], [0.7057362604314227, 0.44338277487739525, 0.5525830667458896], [0.6632389803753682, -0.1392347934240586, -0.7353419117735652]], "T": [-0.06387349614556181, -0.1305536066566793, -0.13551866323114461], "aligned_model": [[0.1333686577606708, -0.459802095161052, -0.27548946286957754, 0.22895195348303826, -0.46743464030440274, -0.7828201203453898, -0.21682164229584522, 0.02146777287811337, 0.5629630546806408, 0.3188462788048555, 0.1726463882397557, -0.20832810265570953], [-0.669167537520911, -0.6258271403099714, 0.1601287133850513, 0.013578234444873771, 0.6124769034868083, 0.007890766811455452, -0.40708461422154363, 0.23123922614302567, 0.1456514338172717, -0.4446802152916972, 0.6612058659910613, -0.016488731625617065], [-0.536363998955945, -0.018885269898486823, -0.713341229130759, -0.45519370585269536, -0.08532931258887563, 0.28723482518413324, 0.6474463830219791, 0.5596102659338115, 0.17638151584544667, 0.10470700484081771, -0.29529252881517953, -0.051689230308728434]], "inverted": true, "swapped": true, "error_lsq": 0.042258215182369385, "error_max": 0.258569590919954, "target": "186.xyz", "model": "5.xyz", "model_rescale": 3.6523030999806103, "target_rescale": 3.8795343541714495},
{"mapping": [5, 12, 3, 2, 13, 8, 11, 7, 9, 6, 10, 1, 13], "R": [[-0.37882741052315033, -0.04712295353318002, -0.9242668555599269], [-0.8858969595625584, 0.30737479708645016, 0.3474295772582967], [0.26772442935626883, 0.9504210442568988, -0.15818807970099047]], "T": [0.06040901888603735, -0.10487573873296849, 0.013339494564122548], "aligned_model": [[0.24995726588593398, -0.22162229042140769, 0.28569193586240926, 0.6318637786376188, 0.1750682816872478, -0.2774876717348327, -0.4375791460140852, 0.19301477648170356, -0.4539885627564638, -0.11487283227326124, 0.011682027345216131, 0.6642870602769679, 0.1750682816872478], [-0.494962771282209, -0.00746247655775821, 0.567054323113434, -0.4549691520780532, 0.05475713995193998, -0.690220088569416, 0.5611223885768025, -0.4496596940512928, -0.12180448022226154, 0.029945365324339696, 0.5879001405155025, -0.09563093050978472, 0.05475713995193998], [0.7783714311809427, 0.5848529887344618, 0.47434839281480345, 0.13178993023173574, 0.06104589223361338, 0.19467960472436258, 0.15945957959383478, -0.2554589460045248, -0.18151139638378044, -0.7061009477921959, -0.359579632932328, -0.572833049152749, 0.06104589223361338]], "inverted": false, "swapped": true, "error_lsq": 0.0504576547098379, "error_max": 0.40612870160276, "target": "186.xyz", "model": "6.xyz", "model_rescale": 4.08911054899281, "target_rescale": 3.8795343541714495},
{"mapping": [4, 5, 7, 3, 6, 2, 10, 12, 13, 11, 8, 9, 1, 14], "R": [[-0.922324942131388, 0.023027384046919612, -0.38572845462357047], [-0.1974887404449324, 0.8299154039113226, 0.5217649085059103], [0.3321368671493821, 0.5574138157012817, -0.7609040278152901]], "T": [-0.10386475699583274, 0.07238025438323482, -0.05527620503488321], "aligned_model": [[-0.7312202094742494, -0.2944966432347392, 0.209826589233308, -0.7023242170800837, -0.20724992912181378, 0.38545913261234876, -0.31480843460701374, 0.2755557516591136, 0.6207293898133005, 0.10687182332345109, -0.6872826447380755, -0.3285407039385691, 0.289836206641516, -0.10853996039517047], [-0.04487012476408776, -0.4780702036780685, 0.028437461189557103, 0.5877520585164597, 0.4113610706927352, 0.6165215147730261, -0.5628450148782191, -0.5309234043554825, -0.03169403228836841, -0.16103150938313832, -0.03659055706290437, 0.4440714923601914, 0.5742897804010161, 0.13383257048893923], [-0.3544867906391786, -0.5463617441748849, -0.7616441932426856, -0.10713769755009464, -0.40676799556789345, -0.3938200915420603, 0.21168169552167806, -0.047109750743303626, -0.060413092746786336, 0.4403447239097707, 0.28072662798908665, 0.5973520585151509, 0.3067078246943638, 0.09823769597885215]], "inverted": true, "swapped": false, "error_lsq": 0.04182010088053858, "error_max": 0.24184174227248018, "target": "186.xyz", "model": "7.xyz", "model_rescale": 3.964800864290218, "target_rescale": 3.8795343541714495},
{"mapping": [6, 11, 10, 0, 3, 5, 12, 9, 8, 7, 4, 2, 1, 13], "R": [[0.2139654645214586, -0.8274647550835478, 0.5191539839841748], [-0.40479708442085405, -0.5587896679346651, -0.7238048269069797], [0.8890208661423491, -0.05528278307023882, -0.45451701118826837]], "T": [-0.15531933560448521, 0.11528030748259915, -0.04061681978798784], "aligned_model": [[-0.6540010093711927, -0.45949131830432033, 0.20878205378196232, -0.48550964835005506, -0.3405468924397065, 0.47523326991041903, -0.0493931421468298, 0.21288941038021877, 0.5959269922320812, 0.15366804765550465, -0.7457950346554677, -0.5127789977213513, 0.19761276365736255, -0.08278034393530216], [0.09261271877640154, -0.5724535607139789, -0.07834376219650774, 0.7429977102776661, 0.6337023568992675, 0.4253505654342397, -0.5426603359216422, -0.4403619989657143, -0.042847007679675725, 0.017609640697212825, -0.2263602378462825, 0.24794438899897922, 0.5974856684026862, 0.09556495584900404], [-0.33609709298743584, -0.3893787098641589, -0.7513023415871803, 0.059904780477535724, -0.5127312408448788, -0.4937509829014628, 0.3151481146630536, -0.21249082437793287, 0.000398890847395722, 0.5932920086704547, 0.13175945941387934, 0.5008917758859895, 0.41329596300508187, -0.06163052999832619]], "inverted": false, "swapped": false, "error_lsq": 0.0476160074594576, "error_max": 0.25487039719504506, "target": "186.xyz", "model": "8.xyz", "model_rescale": 4.121658175737393, "target_rescale": 3.8795343541714495},
{"mapping": [9, 7, 6, 10, 8, 12, 2, 4, 0, 5, 11, 3, 13], "R": [[-0.7720390750213485, -0.1423396834805569, -0.6194312561913842], [-0.6354031296105437, 0.15018652638639768, 0.7574343999140223], [-0.014782744038500717, 0.9783575122615675, -0.20639294726334384]], "T": [-0.10169967616553933, -0.07088027466131455, -0.1655962350698249], "aligned_model": [[-0.5097512842773401, -0.0670522015186406, -0.021659065413420622, 0.24123412440142555, -0.6892518269056594, -0.44558953992098715, 0.21874988318716637, 0.2741329427791617, 0.7310340295056986, -0.28891279483716986, -0.2884058225425514, 0.267758634687191, 0.054450417290323364], [0.18297008430265924, -0.3938962402392586, 0.23436616349932402, 0.6109910218074089, -0.4505121738911294, 0.06151557423582757, -0.6602232655346668, -0.20319650826609795, -0.05038389274724456, -0.6121398749358659, 0.7207914089583424, 0.34225399216145524, 0.007851150060955644], [-0.43376074495599826, -0.48680193696029017, -0.848906647813249, -0.3626478976017225, -0.1842646098984004, 0.3634309645117684, -0.050951718239293176, 0.4654365938679086, -0.011942791358797306, 0.5017564365029824, 0.060884575308599115, 0.4728332748051962, -0.06399006420961484]], "inverted": false, "swapped": true, "error_lsq": 0.04827757443292889, "error_max": 0.3777288931227866, "target": "186.xyz", "model": "9.xyz", "model_rescale": 3.833441315466971, "target_rescale": 3.8795343541714495},
{"mapping": [9, 2, 4, 11, 7, 6, 13, 5, 1, 0, 8, 10, 12, 14], "R": [[-0.1631400146438771, -0.6149082447046383, -0.7715394910283313], [0.7205150856584661, 0.45996135214307354, -0.5189350304934991], [0.6739757762416754, -0.6405649109410977, 0.3680125648812209]], "T": [-0.07295382653247276, 0.1301215838472325, -0.08499153209099766], "aligned_model": [[-0.7910207324637428, -0.38701989723850405, 0.3382739866755924, -0.44345730277064044, -0.4597685699279862, 0.45730492985430415, -0.1424925566079552, 0.24777278196851285, 0.6206430666126541, 0.2084672056782307, -0.8101623724705374, -0.4023927250824523, 0.21619270552815376, -0.1385243690623063], [-0.07692954294136364, -0.4742625622977985, -0.008273087274439594, 0.6816260645007319, 0.5188593253730668, 0.4357507776831702, -0.6063598938115307, -0.45637246004410037, 0.08464636995210825, -0.17282637529742545, 0.101829943207918, 0.22471683380070123, 0.5904432772245043, 0.1073924319361132], [-0.4003007074008511, -0.3146272480575055, -0.754058928351999, 0.06962755779805199, -0.46337136689601577, -0.3793484840986904, 0.21240708845003456, -0.18792053940408415, 0.16493703301200405, 0.4561625110272399, 0.16656861030552864, 0.662187090681554, 0.17485126445023177, -0.14980461111348414]], "inverted": false, "swapped": false, "error_lsq": 0.04787398427492292, "error_max": 0.32103987226294256, "target": "186.xyz", "model": "10.xyz", "model_rescale": 4.2482417240324, "target_rescale": 3.8795343541714495},
{"mapping": [1, 2, 8, 5, 10, 11, 9, 12, 4, 3, 0, 13], "R": [[0.6641489919573912, 0.734067178220566, 0.14160329918923886], [-0.5107936689143641, 0.30725624312826766, 0.8029218074356346], [0.5458900477925793, -0.605589777752233, 0.5790207913391512]], "T": [-0.04066491590441701, 0.0028372439936178023, 0.16880739065636066], "aligned_model": [[-0.7954751644271871, -0.06818565883026495, 0.43848600967597257, 0.6552219230065572, -0.5556835894115458, 0.0828678290972103, 0.012958130329373915, 0.5339666182563517, 0.15000808585135428, 0.047980301806569356, -0.5275399054386587, -0.09783897755272619], [-0.34612933851591904, -0.6047425411399816, -0.28521511957580964, -0.40445471844453, 0.5919089410828741, 0.8374345430815263, 0.27300168905625205, 0.2582510478463112, -0.09194687364675956, 0.4439651370560672, -0.07740594799309979, 0.07146457124370827], [0.03905293263142018, -0.13655445965571708, 0.5896715532176787, -0.18222688076348545, 0.07324737886708685, 0.135886174437407, 0.6452463327337941, 0.026606596545999645, -0.5464687460768075, -0.5469578028951672, -0.5196609686039555, -0.01264982058389752]], "inverted": false, "swapped": true, "error_lsq": 0.0544928332301639, "error_max": 0.28588117294413595, "target": "186.xyz", "model": "11.xyz", "model_rescale": 3.6694154284099745, "target_rescale": 3.8795343541714495},
{"mapping": [12, 5, 7, 2, 10, 9, 0, 6, 11, 4, 1, 3, 8, 13], "R": [[-0.6235761025675429, 0.35984071640655146, -0.6940226964031456], [-0.07334477219755378, -0.9107796730652372, -0.40632613935417505], [-0.778314453609826, -0.20247233378217205, 0.5943328742000047]], "T": [-0.09612375580351065, 0.027659863436220386, -0.11220221747210431], "aligned_model": [[-0.7069792463454134, -0.2047521435871143, 0.15825943966832665, -0.48358689345663786, -0.25024044495529296, 0.43416705163687797, -0.38197466398851654, 0.2375303667479838, 0.604425021823729, 0.042893226082901276, -0.7302502828109246, -0.184745015500377, 0.13450433083308144, -0.15543459545530025], [0.00892511890294842, -0.5878068328357795, 0.010550097982731696, 0.5159734388708354, 0.46327434914832644, 0.5489515942510271, -0.5751397946784088, -0.42877741844279815, 0.10499941975319546, -0.18052987101146256, 0.059487220794791615, 0.3746716367757666, 0.6846478840447693, -0.04898574154428717], [-0.40931007547753145, -0.6161579810310168, -0.8101719619862972, 0.08205468047124607, -0.548111443425298, -0.4150765442454584, 0.144039260224524, -0.12615813625073286, 0.1075218187659636, 0.5842243493445904, 0.44756921907199726, 0.6707268994323602, 0.18406671060219626, -0.0379075250945287]], "inverted": true, "swapped": false, "error_lsq": 0.04371520884811685, "error_max": 0.24392450997503246, "target": "186.xyz", "model": "12.xyz", "model_rescale": 3.9764082729961374, "target_rescale": 3.8795343541714495},
{"mapping": [1, 10, 12, 2, 9, 5, 11, 13, 6, 14, 8, 3, 4, 15], "R": [[0.9150112992265043, 0.3867556954634477, 0.11477959014742034], [-0.004052935455614498, 0.293308735594473, -0.9560091837101589], [-0.40340785317345706, 0.8742940109886129, 0.26994830310158663]], "T": [-0.07894812063851929, 0.15753704605946045, -0.08535308472876758], "aligned_model": [[-0.5599773649946221, -0.5613819056250585, -0.028373288469673505, -0.7944300824921613, -0.08368553799436451, 0.49227885838972807, -0.28740152706842287, 0.26718481559656054, 0.6474905078695354, 0.25449250609930946, -0.694383437000137, -0.33332996635675693, 0.25000748064322553, -0.05467490790383918], [0.07903179577510476, -0.44599851445330746, -0.15757076991895774, 0.5077091293199942, 0.48298980612341, 0.6417963079053534, -0.5159847001131703, -0.3429003268849952, 0.08851603061370997, -0.2961660365166186, -0.05668365752504928, 0.0495563019165651, 0.7231519100132895, 0.19279382575632728], [-0.492502160637068, -0.30704965497369935, -0.6379494886337085, -0.12688124713888288, -0.5908797253335689, -0.4622039989925537, 0.2799691477314953, -0.15042975029049477, 0.1408809183242783, 0.4819025021778023, 0.18851129444308107, 0.7096774069990284, 0.2108423909947575, 0.013421635731547935]], "inverted": false, "swapped": false, "error_lsq": 0.050569740345071376, "error_max": 0.3214522132334407, "target": "186.xyz", "model": "13.xyz", "model_rescale": 4.170626492500431, "target_rescale": 3.8795343541714495},
{"mapping": [8, 7, 10, 4, 12, 5, 1, 9, 11, 3, 0, 2, 6, 13], "R": [[-0.7599902251644798, 0.06701872180575989, 0.646469913129734], [-0.1724548881863055, 0.9382206604611767, -0.3000021730328677], [-0.6266371910404716, -0.3394856156176812, -0.7014808248224552]], "T": [-0.162728616559985, 0.06359178120969136, -0.0011341563715078287], "aligned_model": [[-0.6465297605941261, -0.6209127833555466, -0.05110208723679818, -0.5744780342689553, -0.07219978368996305, 0.37452212113778566, -0.19606782688078966, 0.3447922910118831, 0.5384425296030091, 0.23100927874095972, -0.637755572824878, -0.43883535727097517, 0.3359412526849867, -0.07301011636326953], [0.1353964452122074, -0.5083301386583797, -0.16165446521594803, 0.6305704291218767, 0.4457096286209633, 0.7502872320052767, -0.6650413352854182, -0.5425767497991169, 0.09737892265326831, -0.08269133384136954, -0.2061003882119161, 0.3111155506440614, 0.6349407845007571, 0.11123652026539317], [-0.5600051934307434, -0.3481246314008446, -0.5062400377441654, -0.11095564980979111, -0.6187882685533507, -0.2600372870132135, 0.24134625210958097, -0.17802021816250813, -0.08406246271313444, 0.5457162111741527, 0.2386030562223257, 0.5423998522565626, 0.3627036439950787, -0.007225996527934764]], "inverted": false, "swapped": false, "error_lsq": 0.05209728149997128, "error_max": 0.2774930601965582, "target": "186.xyz", "model": "14.xyz", "model_rescale": 3.9786697098870705, "target_rescale": 3.8795343541714495},
{"mapping": [8, 9, 2, 5, 7, 0, 11, 10, 4, 12, 6, 13], "R": [[-0.08995652127629744, 0.4617813337318021, -0.8824204349949888], [-0.5946653222460134, -0.7356431435767025, -0.32434907095077736], [-0.7989248893343556, 0.49556751823083134, 0.3407812437277358]], "T": [-0.015440792426771772, 0.02351861359599724, -0.0944737547713097], "aligned_model": [[-0.14493210310739432, -0.547901056281337, 0.5530792430765845, 0.5987518695730555, -0.025386515476136497, 0.5293292753535798, -0.4032965792434185, -0.3213746347464954, 0.663943172642932, 0.05963011636070031, -0.5708626066277468, 0.09237441524301293], [-0.4220130348309328, -0.11032782406293687, 0.18195968103417304, -0.5611583476786892, 0.2498591256224671, 0.5618271456897362, -0.2479360863687559, 0.42746203295114676, -0.09831977308354381, -0.5772783157350609, 0.5313939515020194, 0.07920593518481622], [-0.6183248478112251, -0.13228278191029022, -0.433351083019322, -0.32747701622413283, -0.4911901769839857, 0.2673610203988665, 0.6046521507061582, 0.5093603385929067, 0.18934486666294548, 0.1270349029743248, -0.10248980114459459, 0.06732892163217868]], "inverted": false, "swapped": true, "error_lsq": 0.05481810797067613, "error_max": 0.2616914588732106, "target": "186.xyz", "model": "15.xyz", "model_rescale": 3.769337070930944, "target_rescale": 3.8795343541714495},
{"mapping": [12, 8, 3, 4, 11, 9, 10, 6, 0, 2, 13], "R": [[-0.5842530094645283, -0.5152953056750277, 0.6269921601431088], [-0.7863041005439615, 0.5506893738761488, -0.28011975112020737], [-0.20093352731536257, -0.6566673141318785, -0.726920735810605]], "T": [-0.05920345953617057, -0.12746220773962655, 0.04565531895176329], "aligned_model": [[-0.33480084218240913, -0.4193072437409611, -0.0903097412566351, -0.5041360651438821, 0.38246582501580473, 0.24801465053058047, 0.6347769123926039, 0.6133529124330642, -0.026186283097061565, -0.5403122154411424, -0.04093177881879099], [0.0018288756618461133, -0.691910467706727, 0.6731889687711278, 0.4712655796843187, 0.17222321113103758, -0.4831274578217646, 0.24589020735865527, -0.3738664668884552, 0.5583132735221573, -0.05086624351608274, 0.07312501742922867], [-0.5226655195958781, -0.15783876792158863, -0.22408844418294116, 0.06846293541878264, -0.6085722332114458, -0.2406619643586932, 0.026145533107083382, 0.27684328390628754, 0.5417367259374859, 0.5208646091349762, 0.06399144898970865]], "inverted": false, "swapped": true, "error_lsq": 0.05327576508095653, "error_max": 0.3849687648538136, "target": "186.xyz", "model": "16.xyz", "model_rescale": 3.7852294659196426, "target_rescale": 3.8795343541714495},
{"mapping": [12, 2, 0, 5, 8, 7, 6, 1, 3, 11, 9, 10, 13], "R": [[0.8125415019852811, -0.5518511832509195, -0.18771408869891482], [0.1649143219262127, 0.526512976497256, -0.8340187959534352], [0.5590881629717459, 0.6467181434941812, 0.5188218084278249]], "T": [-0.10388594702962467, 0.08557087304205194, -0.038228699654690626], "aligned_model": [[0.11702238137768356, -0.3433739239879876, 0.3503073560647661, -0.2436480854233145, -0.6490163727963867, -0.4932054572956506, -0.19363281268711263, -0.19217602024043512, 0.6898055434800232, 0.518498888327698, -0.22978612415391975, 0.4488137765858427, 0.07415670096507648], [-0.08157177283265385, -0.48112353631828975, -0.26795114896953764, -0.668429982715812, 0.033474186143576154, 0.08228677300615536, 0.7290285783841567, 0.07185192919925379, -0.19617069152062808, 0.5096308720100149, 0.5643744399172173, 0.5609927783369418, 0.01866319906247929], [-0.6203983686227413, 0.2527341871750931, 0.5832256674341738, -0.46871627106125285, -0.473895052599772, 0.20079514446505714, 0.34177483859653035, 0.7986518532995558, -0.11203326354437769, -0.41994460343960444, -0.27855059574189, 0.2615686347347065, 0.03054252644769541]], "inverted": true, "swapped": true, "error_lsq": 0.0514940346668018, "error_max": 0.40133287292293, "target": "186.xyz", "model": "17.xyz", "model_rescale": 3.901054581598922, "target_rescale": 3.8795343541714495},
{"mapping": [4, 10, 5, 1, 8, 2, 11, 9, 13, 12, 6, 7, 0, 14], "R": [[0.2351643043650196, -0.9645148493389616, 0.12003689165067855], [0.256730377402587, 0.18075454786715414, 0.9494299904385084], [-0.9374365382633867, -0.19245492674904682, 0.29012727879118394]], "T": [-0.09749420367621336, 0.0972256191848034, -0.06867520517076996], "aligned_model": [[-0.7340338159259427, -0.4460150243635691, 0.2758059459820413, -0.5983651799838965, -0.17182848396760855, 0.49801492090374383, -0.28400644252217394, 0.20836206473039043, 0.6177348468384682, 0.22797101753488697, -0.7048381212219992, -0.2722388617198793, -0.028184645615650955, -0.07456206997548717], [0.1330516904503628, -0.5329226015826631, -0.030613872922356886, 0.5545168496252078, 0.4427341658743215, 0.6021667142873562, -0.5610600097337075, -0.4723357253172867, -0.028603095581110946, -0.17286301357744843, -0.0773765724224925, 0.24528901298538286, 0.7916843624214922, 0.05657319750459853], [-0.536764710035435, -0.4609763720564537, -0.552813728238836, 0.0916324524464678, -0.6303837693550187, -0.34096452741230787, 0.3419392179157843, -0.19611711060086318, -0.07947974777116797, 0.5421436094640104, 0.33675442593209787, 0.553593675377423, 0.22869284557283898, -0.03994699083652501]], "inverted": true, "swapped": false, "error_lsq": 0.040762877349046205, "error_max": 0.28885781654068815, "target": "186.xyz", "model": "18.xyz", "model_rescale": 3.9405287249114394, "target_rescale": 3.8795343541714495},
{"mapping": [6, 5, 2, 0, 1, 3, 9, 11, 14, 13, 7, 4, 12, 15], "R": [[-0.47455646963710607, 0.21783978893467273, -0.8528434695080123], [0.5540183243723622, 0.8268242396887706, -0.09708435982549601], [0.6840028167962515, -0.5185629209845066, -0.5130620270443038]], "T": [-0.09441875187811534, 0.10459571918345334, 0.006893490777077203], "aligned_model": [[-0.5760413703236483, -0.44552485727261, -0.07456724993776999, -0.6499437992395473, -0.1708155423840662, 0.48021368943813525, -0.2962363210298938, 0.2670222755740236, 0.6704996388588382, 0.23695623121169473, -0.5217032285869818, -0.4728680935844699, 0.15016123994409636, -0.0833364619744778], [0.14300675973853022, -0.48317643578523184, -0.09597047534230815, 0.5032419911349201, 0.5928848364927648, 0.6122552793437733, -0.6082762851230475, -0.5162323770579977, 0.05760683400053569, -0.19411901395462666, -0.17736709453220978, 0.4843317155751787, 0.5398547856061229, 0.09220058191525199], [-0.5630606310234101, -0.46481726737567636, -0.838508426950351, -0.06485140150960125, -0.4304355527326374, -0.3639271171167148, 0.20712590876735743, -0.049196263112325216, 0.1183872675443998, 0.5091782448364064, 0.4901641153618114, 0.5041275377031588, 0.2324355819851392, -0.029312725975541666]], "inverted": true, "swapped": false, "error_lsq": 0.04168071576108422, "error_max": 0.2726566778945609, "target": "186.xyz", "model": "19.xyz", "model_rescale": 4.410303926677745, "target_rescale": 3.8795343541714495},
{"mapping": [6, 11, 10, 0, 3, 5, 12, 9, 8, 7, 4, 2, 1, 13], "R": [[0.2139654645214586, -0.8274647550835478, 0.5191539839841748], [-0.40479708442085405, -0.5587896679346651, -0.7238048269069797], [0.8890208661423491, -0.05528278307023882, -0.45451701118826837]], "T": [-0.15531933560448521, 0.11528030748259915, -0.04061681978798784], "aligned_model": [[-0.6540010093711927, -0.45949131830432033, 0.20878205378196232, -0.48550964835005506, -0.3405468924397065, 0.47523326991041903, -0.0493931421468298, 0.21288941038021877, 0.5959269922320812, 0.15366804765550465, -0.7457950346554677, -0.5127789977213513, 0.19761276365736255, -0.08278034393530216], [0.09261271877640154, -0.5724535607139789, -0.07834376219650774, 0.7429977102776661, 0.6337023568992675, 0.4253505654342397, -0.5426603359216422, -0.4403619989657143, -0.042847007679675725, 0.017609640697212825, -0.2263602378462825, 0.24794438899897922, 0.5974856684026862, 0.09556495584900404], [-0.33609709298743584, -0.3893787098641589, -0.7513023415871803, 0.059904780477535724, -0.5127312408448788, -0.4937509829014628, 0.3151481146630536, -0.21249082437793287, 0.000398890847395722, 0.5932920086704547, 0.13175945941387934, 0.5008917758859895, 0.41329596300508187, -0.06163052999832619]], "inverted": false, "swapped": false, "error_lsq": 0.0476160074594576, "error_max": 0.25487039719504506, "target": "186.xyz", "model": "20.xyz", "model_rescale": 4.121658175737393, "target_rescale": 3.8795343541714495},
{"mapping": [5, 12, 3, 2, 13, 8, 11, 7, 9, 6, 10, 1, 13], "R": [[-0.37882741052315033, -0.04712295353318002, -0.9242668555599269], [-0.8858969595625584, 0.30737479708645016, 0.3474295772582967], [0.26772442935626883, 0.9504210442568988, -0.15818807970099047]], "T": [0.06040901888603735, -0.10487573873296849, 0.013339494564122548], "aligned_model": [[0.24995726588593398, -0.22162229042140769, 0.28569193586240926, 0.6318637786376188, 0.1750682816872478, -0.2774876717348327, -0.4375791460140852, 0.19301477648170356, -0.4539885627564638, -0.11487283227326124, 0.011682027345216131, 0.6642870602769679, 0.1750682816872478], [-0.494962771282209, -0.00746247655775821, 0.567054323113434, -0.4549691520780532, 0.05475713995193998, -0.690220088569416, 0.5611223885768025, -0.4496596940512928, -0.12180448022226154, 0.029945365324339696, 0.5879001405155025, -0.09563093050978472, 0.05475713995193998], [0.7783714311809427, 0.5848529887344618, 0.47434839281480345, 0.13178993023173574, 0.06104589223361338, 0.19467960472436258, 0.15945957959383478, -0.2554589460045248, -0.18151139638378044, -0.7061009477921959, -0.359579632932328, -0.572833049152749, 0.06104589223361338]], "inverted": false, "swapped": true, "error_lsq": 0.0504576547098379, "error_max": 0.40612870160276, "target": "186.xyz", "model": "21.xyz", "model_rescale": 4.08911054899281, "target_rescale": 3.8795343541714495},
{"mapping": [9, 10, 12, 15, 14, 3, 6, 7, 4, 0, 8, 1, 2, 16], "R": [[0.5510336632153697, -0.8048894248778776, -0.2202610172572762], [-0.07126070408788354, -0.3083717005110269, 0.9485930667977902], [-0.8314347924259302, -0.5070107573254212, -0.2272801748942332]], "T": [-0.1924083429539276, 0.07088702310215363, -0.04675800933853853], "aligned_model": [[-0.5913672937584677, -0.4168270181977826, 0.025917622475404023, -0.4455441547832469, -0.11585844044808581, 0.4436919808766685, -0.23623744227668897, 0.15597665007677203, 0.44456206756775996, 0.28316902461499854, -0.6457791240234168, -0.320685076101591, 0.08084036211138934, -0.14804300744038965], [0.06323360286148853, -0.5749670535357216, -0.06691535415570578, 0.753979988481981, 0.47708731908000024, 0.5349091581790062, -0.594570351840142, -0.5284670949096753, 0.2586542972735932, -0.25065555414957136, -0.15973797740391887, 0.323482754694637, 0.6570443913237383, 0.05716297611194618], [-0.6369450917912799, -0.47529526455326027, -0.7383603399270914, -0.01823995694573311, -0.537638868530379, -0.41328039538856887, 0.2861227812439661, -0.20549907479639581, 0.16609013544505913, 0.47335345626263753, 0.42444158963634226, 0.6946857561489463, 0.27419138578930063, -0.03631684219152997]], "inverted": false, "swapped": false, "error_lsq": 0.0395846060108286, "error_max": 0.3644069255404144, "target": "186.xyz", "model": "22.xyz", "model_rescale": 4.204369325754507, "target_rescale": 3.8795343541714495},
{"mapping": [6, 5, 2, 0, 1, 3, 9, 11, 14, 13, 7, 4, 12, 15], "R": [[-0.47455646963710607, 0.21783978893467273, -0.8528434695080123], [0.5540183243723622, 0.8268242396887706, -0.09708435982549601], [0.6840028167962515, -0.5185629209845066, -0.5130620270443038]], "T": [-0.09441875187811534, 0.10459571918345334, 0.006893490777077203], "aligned_model": [[-0.5760413703236483, -0.44552485727261, -0.07456724993776999, -0.6499437992395473, -0.1708155423840662, 0.48021368943813525, -0.2962363210298938, 0.2670222755740236, 0.6704996388588382, 0.23695623121169473, -0.5217032285869818, -0.4728680935844699, 0.15016123994409636, -0.0833364619744778], [0.14300675973853022, -0.48317643578523184, -0.09597047534230815, 0.5032419911349201, 0.5928848364927648, 0.6122552793437733, -0.6082762851230475, -0.5162323770579977, 0.05760683400053569, -0.19411901395462666, -0.17736709453220978, 0.4843317155751787, 0.5398547856061229, 0.09220058191525199], [-0.5630606310234101, -0.46481726737567636, -0.838508426950351, -0.06485140150960125, -0.4304355527326374, -0.3639271171167148, 0.20712590876735743, -0.049196263112325216, 0.1183872675443998, 0.5091782448364064, 0.4901641153618114, 0.5041275377031588, 0.2324355819851392, -0.029312725975541666]], "inverted": true, "swapped": false, "error_lsq": 0.04168071576108422, "error_max": 0.2726566778945609, "target": "186.xyz", "model": "23.xyz", "model_rescale": 4.410303926677745, "target_rescale": 3.8795343541714495},
{"mapping": [14, 6, 15, 11, 9, 8, 12, 5, 4, 0, 7, 1, 10, 16], "R": [[0.5565021658309368, 0.8300965916186654, -0.035284387603465285], [-0.8234433106146161, 0.5453896542256425, -0.15649677078992869], [-0.11066369607742982, 0.11614548483134973, 0.9870480093307383]], "T": [-0.1504385636272348, 0.06823992384186542, -0.028093128759130895], "aligned_model": [[-0.580804628900401, -0.31950654137840956, 0.006714441427005113, -0.5902602476449595, -0.12874997722446826, 0.4684344322873551, -0.20033636124466575, 0.2558311617265131, 0.5338470506140824, -0.00868475884245165, -0.6200032589814156, -0.30004561719189193, 0.09184967823922904, -0.0944692221921987], [0.09963070152337518, -0.5276503488758418, -0.01632727605528385, 0.5234912386356443, 0.5088605698392185, 0.4852149895008926, -0.7077814892953662, -0.3895606516348271, 0.12109308379434346, -0.3402464332845462, -0.04219797452220725, 0.47254127252806366, 0.6690264538424207, 0.09414696601577019], [-0.5495810566658837, -0.4688071988083435, -0.7190819221116186, -0.033054303731979956, -0.47284366014623247, -0.3728171876827927, 0.1755654358266036, -0.17288807612309118, 0.025237112348251486, 0.5911245760562263, 0.42933813838836093, 0.7138593620005945, 0.036217830639442866, 0.07504022041247672]], "inverted": true, "swapped": false, "error_lsq": 0.040580724563477714, "error_max": 0.25734380534572915, "target": "186.xyz", "model": "24.xyz", "model_rescale": 4.28219845311461, "target_rescale": 3.8795343541714495},
{"mapping": [10, 6, 14, 5, 11, 12, 0, 2, 13, 4, 1, 3, 9, 15], "R": [[0.9255646112771085, 0.30097424011654705, 0.22966204984220168], [0.08038419693510984, -0.7490252802051767, 0.6576469497356875], [0.3699574721972139, -0.5902335439466512, -0.7174648648997554]], "T": [-0.055991633103282576, 0.11213130798723542, 0.00329854242042181], "aligned_model": [[-0.44997576337645273, -0.47673824679579885, 0.12863363934273137, -0.7383920191439228, -0.12495530376378643, 0.4011563336196522, -0.27126367820287584, 0.26339704541519376, 0.5372181123765688, 0.11265373675499145, -0.5807205643076523, -0.2628466356992286, 0.0461353170905342, -0.0704858226166309], [0.10348345321792457, -0.5587660816926525, -0.07336714447503867, 0.621432473827644, 0.4747851962463711, 0.5152366331135958, -0.6450080996185255, -0.4678202966963599, 0.10324797890690338, -0.2672621519695662, 0.038322484238963755, 0.30688687186071284, 0.7559949276678672, 0.043074857383815696], [-0.6854732184181455, -0.42689457066719433, -0.711997520621285, 0.01822223229012529, -0.39695542783865545, -0.45815755907665656, 0.21766280269914046, -0.17113491952728832, -0.027356657288354055, 0.6051855042272752, 0.36258840470530107, 0.723941743388265, 0.18185780198075324, 0.02582065454873296]], "inverted": false, "swapped": false, "error_lsq": 0.043880786067117185, "error_max": 0.26760904937725877, "target": "186.xyz", "model": "25.xyz", "model_rescale": 4.100010024507729, "target_rescale": 3.8795343541714495},
{"mapping": [1, 2, 8, 5, 10, 11, 9, 12, 4, 3, 0, 13], "R": [[0.6641489919573912, 0.734067178220566, 0.14160329918923886], [-0.5107936689143641, 0.30725624312826766, 0.8029218074356346], [0.5458900477925793, -0.605589777752233, 0.5790207913391512]], "T": [-0.04066491590441701, 0.0028372439936178023, 0.16880739065636066], "aligned_model": [[-0.7954751644271871, -0.06818565883026495, 0.43848600967597257, 0.6552219230065572, -0.5556835894115458, 0.0828678290972103, 0.012958130329373915, 0.5339666182563517, 0.15000808585135428, 0.047980301806569356, -0.5275399054386587, -0.09783897755272619], [-0.34612933851591904, -0.6047425411399816, -0.28521511957580964, -0.40445471844453, 0.5919089410828741, 0.8374345430815263, 0.27300168905625205, 0.2582510478463112, -0.09194687364675956, 0.4439651370560672, -0.07740594799309979, 0.07146457124370827], [0.03905293263142018, -0.13655445965571708, 0.5896715532176787, -0.18222688076348545, 0.07324737886708685, 0.135886174437407, 0.6452463327337941, 0.026606596545999645, -0.5464687460768075, -0.5469578028951672, -0.5196609686039555, -0.01264982058389752]], "inverted": false, "swapped": true, "error_lsq": 0.0544928332301639, "error_max": 0.28588117294413595, "target": "186.xyz", "model": "26.xyz", "model_rescale": 3.6694154284099745, "target_rescale": 3.8795343541714495},
{"mapping": [4, 0, 2, 8, 10, 11, 1, 6, 12, 3, 5, 7, 9, 13], "R": [[-0.6303462514275406, 0.6092487552745387, -0.48112322486830056], [-0.16170954506453478, -0.7092052271077496, -0.6862054858991341], [-0.7592849441061433, -0.35474483793209843, 0.5455661954467672]], "T": [-0.15780635322593004, 0.11583850981428748, -0.04089567038991572], "aligned_model": [[-0.6799387079507802, -0.46638183698660096, 0.10884603081151359, -0.6082107058423812, -0.18373353182217073, 0.49255418944268003, -0.2631940688581119, 0.2665292139576151, 0.6353939260574976, 0.29857836211328415, -0.7983122325221673, -0.2914716112218304, 0.14042348618157227, -0.13726636266679731], [0.22918837634260242, -0.3761160473673012, -0.14535463710179516, 0.5645833020117391, 0.5775651725328922, 0.4302814041308147, -0.7058555820423414, -0.4198215111364382, 0.09225230445128527, 0.06854550873017348, -0.2644467385014039, 0.1335947252292096, 0.672786986946123, 0.09303783778609577], [-0.6654436525309383, -0.3566411812420519, -0.6090543562290958, 0.023301082252805555, -0.42563842891490106, -0.5038560358628449, 0.26465122044271805, 0.023897077525872043, -0.044029552761056454, 0.624166419934548, 0.22577612830949145, 0.5738781419487947, 0.21548469581985746, -0.08918228829118444]], "inverted": true, "swapped": false, "error_lsq": 0.04992220659378261, "error_max": 0.3004221131936799, "target": "186.xyz", "model": "27.xyz", "model_rescale": 4.103607728864725, "target_rescale": 3.8795343541714495},
