[{"mapping": [0, 10, 7, 8, 5, 1, 6, 9, 4, 2, 11], "R": [[-0.36231175283500267, 0.8490129972731152, 0.3845869527414438], [-0.8343731243184423, -0.11154723592447441, -0.5397950570102426], [-0.4153934077145535, -0.5164631106080388, 0.74880850169343]], "T": [-0.06631773108516062, -0.01554504011119539, 0.15552881643347255], "aligned_model": [[0.2917712878894656, -0.5455086327713354, 0.05638061804123126, 0.025509624554510377, 0.18510486825613162, 0.5951341544949891, 0.07594420904158242, -0.506993603797212, -0.19497992434845632, 0.5949775995845715, -0.02878202936286052], [-0.5119640631215128, -0.26782818632751465, 0.04024782040157699, 0.5073626982891697, -0.5904896839818493, 0.0678194649458099, 0.5969324505171916, 0.3929604041830276, -0.43533573868095, 0.008673360426199879, -0.07229048808701773], [0.2457053216040167, -0.25494729717272835, -0.781720126859329, 0.503722332410509, -0.38752888359003684, -0.08407986846342366, -0.2047312997602102, 0.06450957879979152, 0.8334449441089633, 0.6147152712600963, 0.1412711476780237]], "inverted": true, "swapped": false, "error_lsq": 0.04329111750552865, "error_max": 0.22313534229942314, "target": "187.xyz", "model": "0.xyz", "model_rescale": 3.751011558992144, "target_rescale": 3.535281216219972},
{"mapping": [1, 10, 11, 13, 6, 7, 12, 9, 8, 0, 14], "R": [[-0.5940664654754246, 0.0540194424156861, 0.8026001086709585], [-0.15745252668690843, -0.9862517004008492, -0.05016258861285061], [0.7888559668516456, -0.15617132674576364, 0.5944045594248276]], "T": [-0.009945061611910978, -0.048853391836518385, 0.20533901513321753], "aligned_model": [[0.44599052522140936, -0.672644277042245, -0.0797748332165771, -0.16456536155844614, 0.2558854483908552, 0.5833979749866225, 0.2677764960858131, -0.4911741090141031, -0.22666139961800183, 0.645246857943066, -0.014919150595775529], [-0.573775825353505, -0.3242193616531827, 0.0896383726459915, 0.6307439566611026, -0.42305105996350273, -0.04608548763857171, 0.5158727991191366, 0.339466065138102, -0.38973109336671846, -0.07484562357333444, -0.007924703451386225], [0.25292818286492635, -0.1914696045612245, -0.5773964594013388, 0.40964810709934973, -0.3888293030983566, -0.0906565987255464, -0.18954092828740973, -0.02229275902322253, 0.7318887977564662, 0.5868524106237158, 0.16922927476831273]], "inverted": true, "swapped": false, "error_lsq": 0.04692673494422925, "error_max": 0.21718813300396436, "target": "187.xyz", "model": "1.xyz", "model_rescale": 3.9405287249114394, "target_rescale": 3.535281216219972},
{"mapping": [5, 6, 10, 4, 11, 9, 8, 7, 1, 2, 12], "R": [[0.7597952111064897, 0.47769050347475284, 0.44104763922923595], [-0.6441246397125399, 0.6452915814460461, 0.4107337622232339], [-0.08840071094078293, -0.5961631972915624, 0.797981676794816]], "T": [-0.042931754491140665, -0.059963511545464476, 0.10293871041516081], "aligned_model": [[0.4725444574175372, -0.4274591360486379, 0.15955855920486808, -0.1316583477334565, 0.13111766067382696, 0.6153850453594114, 0.3891318209809269, -0.8091227397580208, -0.26649415730509984, 0.4041669690367597, 0.011388039754502345], [-0.5694462756491858, -0.406093050040602, 0.24611446076416582, 0.5827341161118187, -0.52777500312321, 0.04420457569183141, 0.5451987895863717, 0.14233767748682763, -0.05698222935190295, -0.2203251407953696, -0.043879882116613395], [0.15573897948891294, -0.06346059488117128, -0.656535493912075, 0.36895200507939985, -0.4054641794917715, -0.35109775037395985, -0.11566921750346804, 0.13352393835332374, 0.8627000521289897, 0.5913611779631319, 0.17031220316435974]], "inverted": true, "swapped": false, "error_lsq": 0.05598239417508328, "error_max": 0.2763341469272271, "target": "187.xyz", "model": "2.xyz", "model_rescale": 3.932901565614263, "target_rescale": 3.535281216219972},
{"mapping": [8, 5, 0, 10, 7, 3, 1, 6, 12, 11, 13], "R": [[0.09287966102937079, -0.994272630473483, 0.05287064268959141], [-0.7550789343885915, -0.035723787977998134, 0.6546599222612397], [-0.649021703342545, -0.10072610021163486, -0.7540723316277409]], "T": [0.071082800248578, -0.047301870893093526, -0.038168866665333465], "aligned_model": [[0.5833364917482, -0.5701833184773832, 0.1944192354955101, -0.07533166739433667, 0.0020606034284099545, 0.5465887400201508, 0.20222022050984453, -0.5362986091556121, -0.42378060025624126, 0.6444426530197718, -0.01891557735569635], [-0.5242181718832744, -0.3657786834120899, 0.21540444607073378, 0.34260131199891897, -0.6693301232375826, -0.07099504130497067, 0.6775961366376764, 0.23576109123852063, -0.14043112344575515, 0.08503234906838762, -0.04955415316643338], [0.18304081424118224, 0.026251398131922107, -0.6420925736937027, 0.5446550792538029, -0.38176650486810265, -0.22260913612676714, -0.11623599545391759, 0.09470492180031827, 0.5359103676911486, 0.6337350191880005, 0.03476772985178771]], "inverted": true, "swapped": false, "error_lsq": 0.05606492575054556, "error_max": 0.27135195364264747, "target": "187.xyz", "model": "3.xyz", "model_rescale": 3.9243930471874484, "target_rescale": 3.535281216219972},
{"mapping": [6, 0, 4, 9, 3, 10, 8, 1, 5, 11, 12], "R": [[0.122202618192802, 0.1166676119054836, 0.985624263316958], [-0.029471429140787393, 0.9930557690649826, -0.11389325876080597], [-0.9920675153290849, -0.01512970122070572, 0.12479237624850473]], "T": [0.062349490042340514, 0.04982104978345378, -0.0018819989310559088], "aligned_model": [[0.31362616320640363, -0.6124353026625958, 0.05994503659167305, 0.10628824412053509, 0.11198162966505021, 0.7434519650191196, 0.2315237065027172, -0.5997991599221728, -0.30845843632135955, 0.5224366263908543, -0.020002301007607512], [-0.5721190756737091, -0.4636207035555794, 0.12350180001207736, 0.5937076714749404, -0.5157771150591465, 0.06785150961792479, 0.6234448618585242, 0.22190439055502842, -0.39580327365146717, 0.06947844627466986, -0.01648047328913177], [0.26563814723861084, -0.06795319403821069, -0.5908918758341748, 0.4452691169257118, -0.36325263554646864, -0.18327119546044157, -0.19853442231228308, 0.20331738986323722, 0.48550239134412, 0.6415987662184, 0.05293863161717138]], "inverted": false, "swapped": false, "error_lsq": 0.04139437365520669, "error_max": 0.26110789270555745, "target": "187.xyz", "model": "4.xyz", "model_rescale": 3.8936222436046832, "target_rescale": 3.535281216219972},
{"mapping": [3, 2, 1, 7, 0, 9, 6, 4, 10, 8, 11], "R": [[-0.739388948756913, 0.5736736141718493, -0.3524238454746717], [0.4083008824217075, -0.03414979281814923, -0.9122084087883275], [-0.535345096054687, -0.8183717835149777, -0.2089814634763384]], "T": [0.07260402114614728, 0.03096924639153746, 0.1173942158014991], "aligned_model": [[0.23177860185273616, -0.4462833806269192, -0.06655869921626625, 0.0496128828922483, 0.24986185332027552, 0.6444849823318162, 0.32587088653279284, -0.7137296364346498, -0.2651051621273427, 0.5812871978121006, -0.04266135475417414], [-0.5143908059302471, -0.4778756206178521, 0.07818338307478472, 0.5226062768701604, -0.6130380050320978, 0.0009729200383066794, 0.7406564573932548, 0.14052943615262137, -0.151441352009277, -0.1187143341510014, 0.12859968277547854], [0.20415767878938762, -0.05287389784141218, -0.6709669512530663, 0.5387159043151654, -0.46273734688383183, -0.11517476420211938, -0.14107935256776744, 0.10005804892494773, 0.6195359095582251, 0.6318833583728691, 0.038842532803274876]], "inverted": true, "swapped": false, "error_lsq": 0.04107188488643105, "error_max": 0.18480922075599004, "target": "187.xyz", "model": "5.xyz", "model_rescale": 3.6523030999806103, "target_rescale": 3.535281216219972},
{"mapping": [11, 3, 5, 6, 7, 9, 8, 1, 2, 10, 12], "R": [[-0.17028153500827756, 0.1341546943288321, -0.9762206291739394], [-0.9588433037304278, 0.20587117634900096, 0.19554175421120934], [0.2272085335689292, 0.9693397633122329, 0.0935772703985353]], "T": [0.02527461409936882, -0.0021518843555496867, 0.0713923999303068], "aligned_model": [[0.48230920487290707, -0.4102943758425204, -0.1541646190058283, 0.05679617910239851, 0.1307047277029909, 0.735951509815698, 0.2682145310260069, -0.613591649058487, -0.43716196874156654, 0.5120978749266181, -0.022303243215599913], [-0.7541363758347176, -0.5251860389001343, 0.20480003908419528, 0.531013899415289, -0.46984288173711, 0.011519025734852008, 0.5648128317217935, 0.2662898288362796, -0.06987471763205458, 0.025876050246371095, -0.049183622370632805], [0.08580456674379387, -0.06773211670430218, -0.5522068247276083, 0.4420203805630383, -0.41540086400311316, -0.06057097109719986, -0.19922598479901357, 0.11790917551498464, 0.6695375820663155, 0.6804002728403927, -0.01017409638161551]], "inverted": false, "swapped": false, "error_lsq": 0.050190584941681674, "error_max": 0.25854913893099246, "target": "187.xyz", "model": "6.xyz", "model_rescale": 4.08911054899281, "target_rescale": 3.535281216219972},
{"mapping": [9, 2, 13, 5, 1, 11, 12, 7, 3, 8, 14], "R": [[-0.5394925615595735, -0.12226816867127104, 0.8330655862245562], [0.030835033331322297, 0.9858677024621502, 0.16466351739671348], [-0.8414255622105535, 0.1145223479141741, -0.5280981491038185]], "T": [0.04497884563464131, 0.015276919996913628, 0.15056396354317453], "aligned_model": [[0.49561009065356504, -0.5774978047225664, -0.03945255996160792, -0.11266166691878901, 0.07497816756489067, 0.5478215182847809, 0.25166482919830685, -0.6125701573981692, -0.12355640723442926, 0.4901753881387536, 0.15404677397788213], [-0.617623087439654, -0.2923895004896996, 0.16114945370851083, 0.709755714519788, -0.5654556579379734, 0.02413824641846022, 0.5797793178277542, 0.3833683062451355, -0.46644590568172106, -0.07325759932848103, -0.10693124927798861], [0.2550932393814669, -0.2593186254457693, -0.5618172995521036, 0.4213958345319395, -0.296421240310623, -0.1520939066886633, -0.2323457713196893, -0.026712669203135198, 0.7555353876834587, 0.659593089149155, 0.1274530817896359]], "inverted": false, "swapped": false, "error_lsq": 0.05044934680497316, "error_max": 0.2543925045018547, "target": "187.xyz", "model": "7.xyz", "model_rescale": 3.964800864290218, "target_rescale": 3.535281216219972},
{"mapping": [10, 6, 12, 1, 11, 8, 7, 2, 3, 5, 13], "R": [[-0.08733556384522084, 0.6156929097836377, -0.7831313683731452], [-0.7531537175802356, 0.4737333583921243, 0.4564385860568646], [0.6520214543885102, 0.6296816227179228, 0.4223376339238731]], "T": [-0.07091982099422625, -0.026670983008360988, 0.06864777254505544], "aligned_model": [[0.4929912876231167, -0.4590185816775607, 0.1110336575495571, 0.023617469977987388, -0.09250894428718429, 0.6620836662488455, 0.08826653354942268, -0.5715621033012096, -0.2625613951990995, 0.5491106414401816, 0.007105939658560878], [-0.6096441849388433, -0.45780797989312016, 0.13721000233961575, 0.6348462020848041, -0.6374443369943871, 0.20201670867797478, 0.6152382732912088, 0.3879071019288364, -0.3612051993030281, -0.14659162626032846, -0.028436922368601552], [0.20010316580114013, 0.0711105051309394, -0.645992620642849, 0.41008240115563566, -0.49137289163599246, 0.03036711466209538, -0.19491507795886082, -0.05820270798360738, 0.6829140510162068, 0.6166003142343783, 0.06966686623658627]], "inverted": true, "swapped": false, "error_lsq": 0.05357061320710463, "error_max": 0.2856060267941613, "target": "187.xyz", "model": "8.xyz", "model_rescale": 4.121658175737393, "target_rescale": 3.535281216219972},
{"mapping": [9, 1, 0, 11, 4, 5, 10, 2, 8, 7, 12], "R": [[0.44314468732292417, -0.03675999937415408, -0.8956960916200764], [-0.1443863137073065, -0.9890405637966349, -0.030844052568530206], [-0.884745940093247, 0.14299463490231784, -0.4435957121948653]], "T": [0.02427143103011368, 0.01231448140571327, 0.14219431241350672], "aligned_model": [[0.46827151115176674, -0.41842813355891834, -0.10032978977269416, 0.09216092259892714, 0.16638156791214573, 0.5482990388125549, 0.3275577914112689, -0.6552427184612069, -0.3421633437822716, 0.49037883862467924, -0.028327513353634044], [-0.6819254395425327, -0.3416755307073846, 0.1086707645376502, 0.5009022224388423, -0.5998310572081085, 0.056693726802314444, 0.6512340790712351, 0.14071501765701006, -0.05612595841081955, -0.006208441471793166, -0.03636134460228265], [0.2608731986936121, -0.24977492432629295, -0.6285288840699819, 0.541825530913984, -0.4848706493482626, -0.18206400303209103, -0.133993960185177, 0.07800495355744208, 0.7679696712550128, 0.6296486140939337, 0.09127157246349278]], "inverted": true, "swapped": false, "error_lsq": 0.040355855822485784, "error_max": 0.22892419047269794, "target": "187.xyz", "model": "9.xyz", "model_rescale": 3.833441315466971, "target_rescale": 3.535281216219972},
{"mapping": [7, 12, 10, 5, 11, 8, 13, 1, 6, 3, 14], "R": [[0.3010674054839975, -0.6468017048696055, -0.7007181829615285], [0.525321267070743, 0.7257546656351725, -0.44420460564020303], [0.7958617868187439, -0.23436663560872067, 0.5582797653463053]], "T": [0.03341729197971562, -0.007306350821045249, 0.10647053435160206], "aligned_model": [[0.4033307421938558, -0.4473723227066012, 0.031088149998858748, -0.048791704842418106, 0.15121830854335366, 0.6065799471925134, 0.19684033054954828, -0.6602984156625024, -0.4188376911723629, 0.6133511452189672, 0.12144968226940492], [-0.55082126537835, -0.3153138621658578, 0.04611910557502702, 0.5781238681407807, -0.5549883708411062, -0.0511442746067684, 0.7554933415709778, 0.23539229128126904, -0.27585714434708697, -0.1148507568317433, -0.016064893833010845], [0.2144962432650486, -0.08586452921126225, -0.7138308975783774, 0.43502546284121946, -0.2827651352457379, -0.4199534102826753, -0.058199077799191784, 0.18039494849182147, 0.5360930076413055, 0.7439913389929194, 0.14097316890060269]], "inverted": true, "swapped": false, "error_lsq": 0.04601754566090024, "error_max": 0.2516520860640174, "target": "187.xyz", "model": "10.xyz", "model_rescale": 4.2482417240324, "target_rescale": 3.535281216219972},
{"mapping": [1, 10, 4, 7, 0, 6, 5, 9, 8, 2, 11], "R": [[-0.11759077444268495, 0.2379062972590548, -0.9641436633046219], [-0.5110664357407727, -0.8469379036848602, -0.14665362443907598], [-0.8514596338201785, 0.4754963522745271, 0.22117800737963667]], "T": [0.10266744283361887, -0.06321456774582307, 0.16608885215580022], "aligned_model": [[0.35454582152242964, -0.452992219716262, 0.028515166365085165, -0.14554938200755815, 0.07799408016304103, 0.6010434888478865, 0.21206303802427381, -0.6019080407923075, -0.299652322865658, 0.7397118303326103, 0.03478671170907652], [-0.6867900255366344, -0.28798762567297476, 0.24349130775295458, 0.4516341556445765, -0.67948612609137, 0.02913516410879799, 0.6222352126351034, 0.3273422608845416, -0.35065678199572503, 0.05940246821500665, 0.007768028619854289], [0.3825547491194513, -0.06996574826436167, -0.6501663322450759, 0.5292354431963775, -0.2737293687977314, -0.23835518838447095, -0.12092573397206913, -0.008122667619414742, 0.5299206931889986, 0.5223146193777866, 0.08760065441618256]], "inverted": true, "swapped": false, "error_lsq": 0.0433597811295012, "error_max": 0.214145605566764, "target": "187.xyz", "model": "11.xyz", "model_rescale": 3.6694154284099745, "target_rescale": 3.535281216219972},
{"mapping": [4, 6, 9, 12, 11, 8, 10, 5, 0, 1, 13], "R": [[-0.40340492628614927, -0.9015004494508029, 0.1567207870324386], [0.8771169811584422, -0.42976589243548785, -0.21439934482789372], [0.26063435462649187, 0.05097271171057252, 0.964091030893506]], "T": [0.040044333605990926, 0.025784583908094266, 0.04020242221011955], "aligned_model": [[0.2616043029815664, -0.3879851792015346, 0.1753924578256164, -0.038950964746762004, 0.10324166288015459, 0.6898884363961469, 0.15381830880425423, -0.7217422800742912, -0.2313385010565258, 0.5103245787843096, 0.03430534898968292], [-0.6408705616656568, -0.3376267564537627, 0.16756577557406985, 0.5705377569594813, -0.48832159973194467, -0.043804423666127246, 0.6066122336315909, 0.19530528576285566, -0.2511643288248522, -0.015248653259564635, -0.026896689761958505], [0.2729270375833698, -0.027456777576908037, -0.7384279431431036, 0.4386647460941902, -0.4858485053841219, -0.3411869633327687, -0.19049979102743567, 0.228655809913497, 0.6405261025793303, 0.7427878323519221, 0.15021957195770064]], "inverted": true, "swapped": false, "error_lsq": 0.04396338418119191, "error_max": 0.19640437405891967, "target": "187.xyz", "model": "12.xyz", "model_rescale": 3.9764082729961374, "target_rescale": 3.535281216219972},
{"mapping": [1, 7, 3, 6, 8, 11, 14, 4, 9, 12, 15], "R": [[0.04484778963746655, 0.5574602109668529, -0.8289914287575146], [-0.630800232846547, -0.6276685667853688, -0.45620525699551445], [-0.7746481407744912, 0.5433877836852731, 0.3234964830353356]], "T": [0.0417833939119832, -0.06363807019833236, 0.21118631710769767], "aligned_model": [[0.2944601105483402, -0.5435455222799601, -0.009110010438006647, -0.06509456398132897, 0.27869454703750357, 0.6295418724443408, 0.28234395027968323, -0.62469918873619, -0.14442496914551833, 0.47047843046805915, -0.02008648461430526], [-0.6332202580125643, -0.27410970456066247, 0.07383862217210733, 0.6820526404545819, -0.4316231303666318, 0.07850345960812637, 0.5795340193811135, 0.20295741082831753, -0.3616598876809817, -0.16997804737782768, -0.010207085881447316], [0.33387774490776334, -0.21791209808560594, -0.6176402436166576, 0.3383919453705174, -0.34389290036150133, -0.30347906463758556, -0.19779818318680145, 0.18686475667218744, 0.6990475354366464, 0.6717576034835606, 0.14114402403314874]], "inverted": true, "swapped": false, "error_lsq": 0.044298856869430484, "error_max": 0.20111555824406255, "target": "187.xyz", "model": "13.xyz", "model_rescale": 4.170626492500431, "target_rescale": 3.535281216219972},
{"mapping": [9, 12, 6, 0, 11, 3, 2, 4, 7, 1, 13], "R": [[-0.674359058505459, -0.7383338661003244, -0.010147038039720058], [-0.010278772855440044, 0.02312689728376538, -0.9996796954277969], [0.738332043893679, -0.6740387591165471, -0.023184998779556598]], "T": [-0.037684697646486055, -0.011701332272331126, 0.07757059031067493], "aligned_model": [[0.4212006151850022, -0.6356810950692016, 0.10987764819738122, 0.0632236255470526, 0.20658179349371816, 0.5979680708212132, 0.06415082178045142, -0.6254445938697676, -0.15497618496636148, 0.5298519696406502, -0.028194499177521332], [-0.6547558358589819, -0.37805391679854966, 0.11008670285101295, 0.37141079566852125, -0.5053890976397678, 0.07293299538066988, 0.6245848951726527, 0.35703197810221426, -0.14766949314692476, -0.05639169291703413, -0.05769929224968125], [0.2570465317299967, -0.13193409619200597, -0.7415034573919351, 0.5235537898404137, -0.3654485094623539, -0.17591746256747864, -0.05547651030869419, -0.06952523153633497, 0.8682571079138778, 0.5940193998217462, -0.012710441831559477]], "inverted": false, "swapped": false, "error_lsq": 0.04544628708596311, "error_max": 0.23320787327385667, "target": "187.xyz", "model": "14.xyz", "model_rescale": 3.9786697098870705, "target_rescale": 3.535281216219972},
{"mapping": [0, 6, 10, 8, 1, 4, 5, 7, 9, 2, 11], "R": [[0.24721434582508559, 0.28884429895201874, -0.924907583589405], [0.5775819159471496, 0.7224900729781789, 0.3800095062216282], [0.7780001269852692, -0.6281536956915104, 0.011778667157300641]], "T": [0.020811760373985768, -0.050973680181340374, 0.11172132953192207], "aligned_model": [[0.4254788411018173, -0.6513289681229716, 0.035033519566500027, 0.025397691108935885, 0.011705788806499803, 0.5429246368454838, 0.24881000150757135, -0.45056978968603073, -0.3197918475195359, 0.7380529942669797, -0.05715469629263226], [-0.5688016878296929, -0.436699777473515, 0.07934102528820966, 0.3276620534695373, -0.5350099883969517, 0.08542919192243534, 0.7187648166221101, 0.33055760283201535, -0.31204762993623847, 0.16036434558351376, -0.11347191351729224], [0.33954646938460786, -0.05197934171668159, -0.7099457609619966, 0.4706671143852207, -0.36398659041807824, -0.17760051685311493, 0.09834088452051312, -0.15116518540540838, 0.562547064265996, 0.5530247031157896, 0.12091227969882519]], "inverted": false, "swapped": false, "error_lsq": 0.058165924319884876, "error_max": 0.2930778889176291, "target": "187.xyz", "model": "15.xyz", "model_rescale": 3.769337070930944, "target_rescale": 3.535281216219972},
{"mapping": [5, 6, 2, 9, 4, 0, 3, 8, 7, 1, 10], "R": [[0.5752152405718515, 0.44687146152819623, 0.6851520443562298], [0.8174665286930934, -0.34433658346074714, -0.46171505472211305], [0.02959563279152866, 0.8256743996044893, -0.5633701131205268]], "T": [0.05410599333019214, -0.03766461281347641, 0.12039332210426222], "aligned_model": [[0.21735804979707138, -0.45333735987909174, -0.04747667960511934, -0.13519545178993023, 0.15877910844787088, 0.612152669484888, 0.21617958445121344, -0.6217572876081064, -0.1164667810546261, 0.6542437595434955, 0.06407855979495253], [-0.663984542838241, -0.41667969741333355, 0.24293076711048503, 0.6993125227530658, -0.5904986631652821, -0.08272107359046274, 0.6047297861673475, 0.2637466692089395, -0.2845074339372471, -0.022589332759012933, -0.013650962972127246], [0.29681053450564554, -0.24065478885732627, -0.5559742196584557, 0.4064166558374658, -0.41946830487126374, -0.2021340987405401, -0.08086528252146878, 0.0026912562959089253, 0.7693232507418173, 0.6502384352233667, 0.06397768206052326]], "inverted": true, "swapped": false, "error_lsq": 0.03767348355902455, "error_max": 0.18572697659968015, "target": "187.xyz", "model": "16.xyz", "model_rescale": 3.7852294659196426, "target_rescale": 3.535281216219972},
{"mapping": [10, 0, 1, 11, 4, 5, 7, 8, 9, 6, 12], "R": [[-0.7102282945217107, 0.49570028687086964, 0.49985697480071223], [0.41380673354013764, -0.2804571497620343, 0.8660876251420508], [0.5695083466795055, 0.8219641188905351, -0.005935513363034217]], "T": [-0.0641871609673556, 0.05153776660042808, -0.06185813953106108], "aligned_model": [[0.28301889661148044, -0.45666774001604343, 0.1119338083295725, -0.06912868645941572, 0.18066857628100774, 0.516974146975933, 0.43117705589045147, -0.6280749457061439, -0.46472705239103235, 0.7058606007679997, -0.06247648870119215], [-0.43697706810975034, -0.4994536647633011, 0.23871995005764163, 0.5011552903258091, -0.5333760556386085, -0.07324596095982458, 0.5429935788553379, 0.18062546690548176, -0.2931465489752862, 0.08352218456308308, 0.02527086630354851], [0.47671059807611676, -0.15193917733634582, -0.7007621922785533, 0.5175827445271327, -0.3776241503363335, -0.3427310040911632, 0.005316873934809022, 0.23742908556350284, 0.6222634165437728, 0.3779107515423577, 0.02620417387037627]], "inverted": false, "swapped": false, "error_lsq": 0.05897635782142327, "error_max": 0.30674150003346123, "target": "187.xyz", "model": "17.xyz", "model_rescale": 3.901054581598922, "target_rescale": 3.535281216219972},
{"mapping": [1, 10, 11, 13, 6, 7, 12, 9, 8, 0, 14], "R": [[-0.5940664654754246, 0.0540194424156861, 0.8026001086709585], [-0.15745252668690843, -0.9862517004008492, -0.05016258861285061], [0.7888559668516456, -0.15617132674576364, 0.5944045594248276]], "T": [-0.009945061611910978, -0.048853391836518385, 0.20533901513321753], "aligned_model": [[0.44599052522140936, -0.672644277042245, -0.0797748332165771, -0.16456536155844614, 0.2558854483908552, 0.5833979749866225, 0.2677764960858131, -0.4911741090141031, -0.22666139961800183, 0.645246857943066, -0.014919150595775529], [-0.573775825353505, -0.3242193616531827, 0.0896383726459915, 0.6307439566611026, -0.42305105996350273, -0.04608548763857171, 0.5158727991191366, 0.339466065138102, -0.38973109336671846, -0.07484562357333444, -0.007924703451386225], [0.25292818286492635, -0.1914696045612245, -0.5773964594013388, 0.40964810709934973, -0.3888293030983566, -0.0906565987255464, -0.18954092828740973, -0.02229275902322253, 0.7318887977564662, 0.5868524106237158, 0.16922927476831273]], "inverted": true, "swapped": false, "error_lsq": 0.04692673494422925, "error_max": 0.21718813300396436, "target": "187.xyz", "model": "18.xyz", "model_rescale": 3.9405287249114394, "target_rescale": 3.535281216219972},
{"mapping": [10, 12, 13, 8, 14, 11, 9, 4, 1, 2, 15], "R": [[-0.9362040633665126, -0.33939620312778823, 0.09128071558917697], [0.32624704051718384, -0.742636180832079, 0.5848541454695546], [-0.13070891434714837, 0.5773228907826062, 0.8059860169311904]], "T": [-0.06939190410092849, 0.014042485044045615, 0.09874928096552323], "aligned_model": [[0.5251589763554307, -0.46490734613184026, 0.012175303064544798, -0.06035215519292299, 0.13532508784667435, 0.5667292055175852, 0.3453302215801863, -0.7411608617324232, -0.2627893993192278, 0.5306736206215139, -0.03762448102690367], [-0.49776716923281317, -0.3291792482632372, 0.04503217946950546, 0.6467665198313147, -0.552273432808996, 0.0062865161733360805, 0.5896639764740408, 0.28977383725928135, -0.2977378268329749, -0.16439940541889628, -7.790808643001919e-05], [0.14838964039307573, -0.06220238603432414, -0.5673710346881945, 0.5132981131652485, -0.3881965029472015, -0.23963360977276998, -0.1939541594498242, 0.012937174684816435, 0.6473018034723426, 0.7015802197706233, 0.11821186142188031]], "inverted": true, "swapped": false, "error_lsq": 0.041689808203065885, "error_max": 0.24541764141747022, "target": "187.xyz", "model": "19.xyz", "model_rescale": 4.410303926677745, "target_rescale": 3.535281216219972},
{"mapping": [10, 6, 12, 1, 11, 8, 7, 2, 3, 5, 13], "R": [[-0.08733556384522084, 0.6156929097836377, -0.7831313683731452], [-0.7531537175802356, 0.4737333583921243, 0.4564385860568646], [0.6520214543885102, 0.6296816227179228, 0.4223376339238731]], "T": [-0.07091982099422625, -0.026670983008360988, 0.06864777254505544], "aligned_model": [[0.4929912876231167, -0.4590185816775607, 0.1110336575495571, 0.023617469977987388, -0.09250894428718429, 0.6620836662488455, 0.08826653354942268, -0.5715621033012096, -0.2625613951990995, 0.5491106414401816, 0.007105939658560878], [-0.6096441849388433, -0.45780797989312016, 0.13721000233961575, 0.6348462020848041, -0.6374443369943871, 0.20201670867797478, 0.6152382732912088, 0.3879071019288364, -0.3612051993030281, -0.14659162626032846, -0.028436922368601552], [0.20010316580114013, 0.0711105051309394, -0.645992620642849, 0.41008240115563566, -0.49137289163599246, 0.03036711466209538, -0.19491507795886082, -0.05820270798360738, 0.6829140510162068, 0.6166003142343783, 0.06966686623658627]], "inverted": true, "swapped": false, "error_lsq": 0.05357061320710463, "error_max": 0.2856060267941613, "target": "187.xyz", "model": "20.xyz", "model_rescale": 4.121658175737393, "target_rescale": 3.535281216219972},
{"mapping": [11, 3, 5, 6, 7, 9, 8, 1, 2, 10, 12], "R": [[-0.17028153500827756, 0.1341546943288321, -0.9762206291739394], [-0.9588433037304278, 0.20587117634900096, 0.19554175421120934], [0.2272085335689292, 0.9693397633122329, 0.0935772703985353]], "T": [0.02527461409936882, -0.0021518843555496867, 0.0713923999303068], "aligned_model": [[0.48230920487290707, -0.4102943758425204, -0.1541646190058283, 0.05679617910239851, 0.1307047277029909, 0.735951509815698, 0.2682145310260069, -0.613591649058487, -0.43716196874156654, 0.5120978749266181, -0.022303243215599913], [-0.7541363758347176, -0.5251860389001343, 0.20480003908419528, 0.531013899415289, -0.46984288173711, 0.011519025734852008, 0.5648128317217935, 0.2662898288362796, -0.06987471763205458, 0.025876050246371095, -0.049183622370632805], [0.08580456674379387, -0.06773211670430218, -0.5522068247276083, 0.4420203805630383, -0.41540086400311316, -0.06057097109719986, -0.19922598479901357, 0.11790917551498464, 0.6695375820663155, 0.6804002728403927, -0.01017409638161551]], "inverted": false, "swapped": false, "error_lsq": 0.050190584941681674, "error_max": 0.25854913893099246, "target": "187.xyz", "model": "21.xyz", "model_rescale": 4.08911054899281, "target_rescale": 3.535281216219972},
{"mapping": [13, 14, 5, 1, 12, 6, 8, 15, 2, 0, 16], "R": [[-0.0009363177256392907, 0.10531498951778218, 0.9944384728538946], [0.9796735291911667, -0.1993843084317843, 0.022038007017498806], [0.20059635966597428, 0.9742456828408574, -0.10298762039541737]], "T": [0.039470410392257224, -0.06411621801282193, -0.0006117337581964394], "aligned_model": [[0.238947608542721, -0.44402095723965396, 0.05337926968920492, -0.023067027936865547, 0.03873283976111368, 0.7250545727749687, 0.24287126544303456, -0.6518523627252137, -0.3218830307096232, 0.6220137706666342, 0.06838222331629679], [-0.6698771692859244, -0.47513769426636326, 0.24262681079760584, 0.5546111462390823, -0.7111043832298435, 0.2138942762086517, 0.5926212544584498, 0.12382733506985129, -0.03093521963184369, -0.017141830785185178, -0.08729648701034964], [0.17257164696577643, -0.09611057893889546, -0.6357843967856842, 0.4926061681869397, -0.3561047380392387, -0.09143381226390239, -0.09053393611518508, 0.13450696264612638, 0.6235489357200429, 0.5078329913831898, 0.029261877256503144]], "inverted": true, "swapped": false, "error_lsq": 0.046718503973707054, "error_max": 0.25621633982643194, "target": "187.xyz", "model": "22.xyz", "model_rescale": 4.204369325754507, "target_rescale": 3.535281216219972},
{"mapping": [10, 12, 13, 8, 14, 11, 9, 4, 1, 2, 15], "R": [[-0.9362040633665126, -0.33939620312778823, 0.09128071558917697], [0.32624704051718384, -0.742636180832079, 0.5848541454695546], [-0.13070891434714837, 0.5773228907826062, 0.8059860169311904]], "T": [-0.06939190410092849, 0.014042485044045615, 0.09874928096552323], "aligned_model": [[0.5251589763554307, -0.46490734613184026, 0.012175303064544798, -0.06035215519292299, 0.13532508784667435, 0.5667292055175852, 0.3453302215801863, -0.7411608617324232, -0.2627893993192278, 0.5306736206215139, -0.03762448102690367], [-0.49776716923281317, -0.3291792482632372, 0.04503217946950546, 0.6467665198313147, -0.552273432808996, 0.0062865161733360805, 0.5896639764740408, 0.28977383725928135, -0.2977378268329749, -0.16439940541889628, -7.790808643001919e-05], [0.14838964039307573, -0.06220238603432414, -0.5673710346881945, 0.5132981131652485, -0.3881965029472015, -0.23963360977276998, -0.1939541594498242, 0.012937174684816435, 0.6473018034723426, 0.7015802197706233, 0.11821186142188031]], "inverted": true, "swapped": false, "error_lsq": 0.041689808203065885, "error_max": 0.24541764141747022, "target": "187.xyz", "model": "23.xyz", "model_rescale": 4.410303926677745, "target_rescale": 3.535281216219972},
{"mapping": [1, 4, 9, 13, 10, 11, 14, 5, 0, 7, 16], "R": [[-0.9241990991962896, -0.3552809768043059, 0.14011228556320526], [0.19954727751040746, -0.7620296560695985, -0.6160289662902501], [0.32563308966220156, -0.5413743905943722, 0.7751624733729187]], "T": [-0.03186292652684921, 0.03418375878563645, 0.03828818275183986], "aligned_model": [[0.4583000552870138, -0.5495429729827596, 0.10212055393481109, 0.17027448386220395, 0.11131657790381677, 0.573505387287124, 0.2317139454618363, -0.6411517732582385, -0.24662129705570993, 0.3813919667433996, -0.0427487556008798], [-0.61972739559165, -0.3716844296100236, 0.12991394894969163, 0.5894005918107985, -0.4236096075265318, 0.037440621984523505, 0.6088531120632041, 0.1565484815500822, -0.2841468726590893, -0.006470141582501254, -0.08043027082437278], [0.2999669992629298, -0.16459788414527798, -0.5661157726314102, 0.4191573984622382, -0.40183544709229463, -0.14675258054882723, -0.20343967449849393, 0.13522119724868992, 0.6886190696532373, 0.5574206805357396, 0.07271713376914181]], "inverted": true, "swapped": false, "error_lsq": 0.04147273455300122, "error_max": 0.25035264959693215, "target": "187.xyz", "model": "24.xyz", "model_rescale": 4.28219845311461, "target_rescale": 3.535281216219972},
{"mapping": [0, 8, 14, 7, 6, 2, 13, 9, 3, 4, 15], "R": [[0.44077427247414974, 0.7333439202279919, -0.5176144659778403], [0.8254622666070097, -0.10463760305236564, 0.5546737946175877], [0.35260471796744636, -0.6717571485976881, -0.6514692979527136]], "T": [-0.10006645439685213, 0.02489088274543263, 0.014505120497667764], "aligned_model": [[0.45876561547660044, -0.40535989906733205, 0.07985272074529487, 0.006729667016407925, 0.21485646824279486, 0.5404734796622764, 0.20682998968796829, -0.5798939912307125, -0.2986833174258891, 0.3711622019082903, -0.04617476343308196], [-0.5525994104119217, -0.5678273923652365, 0.111179246594763, 0.5760726039012326, -0.6654881351874362, 0.009420999343140384, 0.5314180471798178, 0.4352641940237806, -0.07596128276770314, -0.04193907020026131, -0.023451761546044385], [0.15509619783115913, -0.1789555109493784, -0.7205649670280077, 0.5533365454025626, -0.47170213917167547, -0.2268437969868864, -0.03198424640658834, 0.25582019289320634, 0.7564118041794098, 0.5695959994461858, 0.03015104080568559]], "inverted": false, "swapped": false, "error_lsq": 0.04862280707760061, "error_max": 0.2530679658577332, "target": "187.xyz", "model": "25.xyz", "model_rescale": 4.100010024507729, "target_rescale": 3.535281216219972},
{"mapping": [1, 10, 4, 7, 0, 6, 5, 9, 8, 2, 11], "R": [[-0.11759077444268495, 0.2379062972590548, -0.9641436633046219], [-0.5110664357407727, -0.8469379036848602, -0.14665362443907598], [-0.8514596338201785, 0.4754963522745271, 0.22117800737963667]], "T": [0.10266744283361887, -0.06321456774582307, 0.16608885215580022], "aligned_model": [[0.35454582152242964, -0.452992219716262, 0.028515166365085165, -0.14554938200755815, 0.07799408016304103, 0.6010434888478865, 0.21206303802427381, -0.6019080407923075, -0.299652322865658, 0.7397118303326103, 0.03478671170907652], [-0.6867900255366344, -0.28798762567297476, 0.24349130775295458, 0.4516341556445765, -0.67948612609137, 0.02913516410879799, 0.6222352126351034, 0.3273422608845416, -0.35065678199572503, 0.05940246821500665, 0.007768028619854289], [0.3825547491194513, -0.06996574826436167, -0.6501663322450759, 0.5292354431963775, -0.2737293687977314, -0.23835518838447095, -0.12092573397206913, -0.008122667619414742, 0.5299206931889986, 0.5223146193777866, 0.08760065441618256]], "inverted": true, "swapped": false, "error_lsq": 0.0433597811295012, "error_max": 0.214145605566764, "target": "187.xyz", "model": "26.xyz", "model_rescale": 3.6694154284099745, "target_rescale": 3.535281216219972},
{"mapping": [0, 10, 12, 7, 2, 6, 3, 9, 8, 5, 13], "R": [[0.09589846433783938, 0.6067139119893945, 0.7891145123086825], [-0.9479502227343637, -0.18615982354827548, 0.25833098016758516], [0.303634417936298, -0.7728148219948945, 0.5572821468067009]], "T": [0.021515762872451095, -0.09571663955619183, 0.10559310601977652], "aligned_model": [[0.4839770443911496, -0.4873287023700325, -0.011541876045179988, 0.10099241924824022, 0.17965084534929346, 0.5296937972092755, 0.13079797790772896, -0.5128419399147438, -0.3806375955239634, 0.48009655820447145, 0.035699643126378154], [-0.5525211612825557, -0.41171305105217837, 0.184247987204932, 0.4278407405290746, -0.5545244801306636, 0.059140099035666, 0.6797341400951832, 0.3093717318178254, -0.14980514539442868, -0.12014432844707432, -0.13553849381164926], [0.22556199848600123, 0.04978721021667394, -0.6362018883210762, 0.44573962675462137, -0.37045133236882094, -0.32910783455275766, -0.09331568249546367, -0.01781188707163446, 0.5992572654406537, 0.7498643547103045, 0.0670392892171704]], "inverted": true, "swapped": false, "error_lsq": 0.04726544736441609, "error_max": 0.21055957764051345, "target": "187.xyz", "model": "27.xyz", "model_rescale": 4.103607728864725, "target_rescale": 3.535281216219972},
{"mapping": [0, 10, 12, 8, 3, 2, 4, 11, 5, 1, 14], "R": [[-0.2640386995146633, -0.20899532683140926, 0.9415967919025838], [-0.9418563013411464, -0.15448070861420687, -0.29839976255022105], [0.20782269554257343, -0.9656379570153013, -0.15605468012441642]], "T": [-0.1969485394706129, -0.07462050462395145, 0.0554937940252397], "aligned_model": [[0.33364043205527116, -0.5247708621272849, 0.10315985245147077, -0.06406478857060374, 0.23736768598501898, 0.4785219480727826, 0.39858658130829094, -0.7380462018173626, -0.1753338088665389, 0.5490549558917079, -0.049557622800134815], [-0.512089205926643, -0.3687480318954952, 0.03410420927536842, 0.643011053883006, -0.5310469312535697, 0.02367027805981442, 0.6033228714639638, 0.3307355888071867, -0.3606532492854967, -0.03500934995861349, -0.09120919460538986], [0.24729634785935273, -0.20101507282903563, -0.7416307300048444, 0.4291605329628116, -0.3526424405177119, -0.21909544234316136, -0.03017992348423576, 0.17780892301759588, 0.7284414017809737, 0.5502367307187788, 0.10198079285514869]], "inverted": true, "swapped": false, "error_lsq": 0.03992544259199442, "error_max": 0.1942579471331466, "target": "187.xyz", "model": "28.xyz", "model_rescale": 4.137296879288765, "target_rescale": 3.535281216219972},
{"mapping": [6, 2, 1, 8, 5, 0, 7, 3, 4, 9, 10], "R": [[-0.6328027201845174, 0.17074519606731808, -0.7552528022768327], [0.7523793018532726, 0.3660986727832982, -0.5476286587908724], [0.1829920858120853, -0.914777481033634, -0.36013338740514156]], "T": [0.04921302879866432, -0.0018678266573847642, 0.0795268423065359], "aligned_model": [[0.34145699164792986, -0.5447654867554136, 0.13351652947700343, -0.093676207172356, -0.005271536449251907, 0.6666935702798781, 0.18569795681756276, -0.5791282705014933, -0.2528885663923117, 0.6358543973791209, 0.061068793251948854], [-0.6028734991993149, -0.19315069783178498, 0.0670877530429062, 0.5553061926023273, -0.5663430448595829, -0.08799255140893798, 0.6511651728744214, 0.19963583215082845, -0.4546223875333056, 0.19630909040932032, -0.02843382168274591], [0.3432188420099118, -0.3924047865568006, -0.6655214874623567, 0.5125322192724384, -0.28323658972184335, -0.2395666472004086, -0.1830221828869289, 0.2540324641165536, 0.6303243518936239, 0.5563622756175064, 0.15764266093397622]], "inverted": true, "swapped": false, "error_lsq": 0.05679538435755786, "error_max": 0.3325577403110596, "target": "187.xyz", "model": "29.xyz", "model_rescale": 3.607286011436655, "target_rescale": 3.535281216219972},
{"mapping": [9, 2, 13, 5, 1, 11, 12, 7, 3, 8, 14], "R": [[-0.5394925615595735, -0.12226816867127104, 0.8330655862245562], [0.030835033331322297, 0.9858677024621502, 0.16466351739671348], [-0.8414255622105535, 0.1145223479141741, -0.5280981491038185]], "T": [0.04497884563464131, 0.015276919996913628, 0.15056396354317453], "aligned_model": [[0.49561009065356504, -0.5774978047225664, -0.03945255996160792, -0.11266166691878901, 0.07497816756489067, 0.5478215182847809, 0.25166482919830685, -0.6125701573981692, -0.12355640723442926, 0.4901753881387536, 0.15404677397788213], [-0.617623087439654, -0.2923895004896996, 0.16114945370851083, 0.709755714519788, -0.5654556579379734, 0.02413824641846022, 0.5797793178277542, 0.3833683062451355, -0.46644590568172106, -0.07325759932848103, -0.10693124927798861], [0.2550932393814669, -0.2593186254457693, -0.5618172995521036, 0.4213958345319395, -0.296421240310623, -0.1520939066886633, -0.2323457713196893, -0.026712669203135198, 0.7555353876834587, 0.659593089149155, 0.1274530817896359]], "inverted": false, "swapped": false, "error_lsq": 0.05044934680497316, "error_max": 0.2543925045018547, "target": "187.xyz", "model": "30.xyz", "model_rescale": 3.964800864290218, "target_rescale": 3.535281216219972},
