[{"mapping": [12, 8, 9, 10, 11, 4, 5, 3, 2, 6, 7, 14], "R": [[-0.06561444387614093, 0.8450773130191471, 0.5306025629180126], [-0.6842728963330236, -0.42513245514535364, 0.5924803785156931], [0.7262680965723608, -0.3242016819858011, 0.6061583302230017]], "T": [0.06739091652590129, -0.0854769459395723, -0.038329341914658685], "aligned_model": [[-0.2933637637378701, 0.08276609125653511, 0.3501458903017696, -0.26892518946182103, 0.15269170433152768, -0.6435553025368619, 0.3954879854030306, -0.19980893938488858, 0.6091380538604965, 0.1053958710038932, -0.4637186136751021, 0.011388675099839887], [-0.41524573795029435, -0.6195428563506237, -0.27173787998631094, 0.6067682106044829, 0.37372387324174133, -0.5469538214883305, -0.3419231612567016, -0.5857211739493169, 0.28024535027832553, 0.4304545312239843, 0.16508354735094777, -0.021595845740846817], [-0.4297436370414031, -0.10150938804244779, -0.5493687656470528, -0.056006674913966534, -0.6978295934955322, 0.0727401194490452, 0.5625117562526156, 0.5660671558064554, -0.015545298037916974, 0.4140953405416819, 0.35936343889091216, 0.05717729159117195]], "inverted": true, "swapped": true, "error_lsq": 0.04037474689191765, "error_max": 0.27107854192174746, "target": "188.xyz", "model": "0.xyz", "model_rescale": 3.751011558992144, "target_rescale": 3.912859005527262},
{"mapping": [6, 5, 8, 11, 12, 10, 1, 7, 9, 5, 0, 2, 13, 3, 14], "R": [[0.5430775644044686, -0.21062524450825743, 0.8128368627322133], [-0.8193884962379139, 0.07860599932880544, 0.5678235545506103], [-0.18349182890112684, -0.9744014076577254, -0.12989474770429707]], "T": [-0.07089067901734025, 0.07536499313263824, -0.1264452770855163], "aligned_model": [[-0.577899178463973, 0.09010689434203895, 0.32965156442483023, -0.8211038867011555, -0.3094217602715278, -0.6790779752844247, 0.07646333238272723, -0.1613114255492059, -0.4074660865401703, 0.09010689434203895, 0.4959161558673527, 0.688474337678549, 0.12819330141778953, 0.3357568654479884, -0.10324494930164863], [0.5092423464029744, -0.48758026686324796, -0.30674947839915456, 0.2638061792883757, 0.4781019111358553, -0.43095179880802104, 0.47966417471090483, 0.7322334256543089, -0.29820489762663616, -0.48758026686324796, 0.5725530755581743, -0.12066196360154911, -0.12099892350198542, 0.47517823666388914, 0.083193597177305], [-0.4705652693529555, 0.09094483910235382, -0.49246808239163997, 0.06951658477452852, 0.45051312889379613, -0.34139938145924886, -0.674637320565982, -0.1314427514864014, 0.29940933789856317, 0.09094483910235382, -0.2103412908257407, 0.13561636764734616, 0.5438598618464437, 0.38168170939533774, -0.08290533454479587]], "inverted": true, "swapped": false, "error_lsq": 0.04661662417206534, "error_max": 0.41707232717039067, "target": "188.xyz", "model": "1.xyz", "model_rescale": 3.9405287249114394, "target_rescale": 3.912859005527262},
{"mapping": [11, 9, 13, 5, 8, 10, 2, 1, 3, 7, 0, 6, 14], "R": [[0.5233911948651575, 0.8483710311179783, -0.07955030293745662], [-0.8515882773131894, 0.517585628949504, -0.08308142179633818], [-0.02930977789710004, 0.1112281900633326, 0.9933625856930881]], "T": [0.01023763720288174, 0.029920260643256126, -0.10131267010959666], "aligned_model": [[-0.3243576097919803, 0.3049187610606605, -0.5896359561800935, 0.45093363913176, 0.425556183120563, -0.7363614494317442, 0.07833823829029113, 0.65596949959369, 0.2566508267447429, -0.49918129927348764, -0.12284814828770108, -0.3348749381664323, -0.06912446752633702], [0.7639412489701866, 0.5261060353106563, 0.17276208325761996, -0.4057745328798283, -0.07771825102974253, 0.11062478318708768, 0.3688436928042928, 0.23863272075654637, -0.7525714638198541, -0.46283904833874556, -0.798251013543919, -0.1698067167560963, -0.05511694434618685], [-0.14970076736800342, -0.3081157542629081, -0.5288622870841009, 0.28647522808202847, -0.42593393729881945, 0.0681008827270386, 0.4538945764931601, 0.15434108952797826, -0.21930596771550173, -0.07489198987512875, 0.44699192535935506, 0.4584410291275254, -0.048313678123979714]], "inverted": true, "swapped": true, "error_lsq": 0.04697532341997919, "error_max": 0.26141553284270885, "target": "188.xyz", "model": "2.xyz", "model_rescale": 3.932901565614263, "target_rescale": 3.912859005527262},
{"mapping": [5, 6, 0, 1, 3, 4, 7, 8, 9, 12, 10, 11, 13, 14], "R": [[-0.6419291793882845, -0.6110067718435666, 0.46324686012016075], [-0.5171029278298351, 0.7910663841560421, 0.3268310540448962], [-0.5661550058770976, -0.02974391735446491, -0.8237619854671098]], "T": [0.014590478718252507, 0.04152471842732569, 0.04565197350923133], "aligned_model": [[-0.3023836651318486, 0.5138928310230697, 0.19961694822947976, -0.41574339450835657, -0.4036880636961372, -0.27083896729617307, 0.3848678601651297, -0.5096241541791235, -0.2377984796305985, -0.22898795614892, 0.7650760263685976, 0.43376643860970254, 0.4008738576313219, 0.09078063061655942], [0.014026733631401389, -0.012548914217284518, -0.4550385692024905, 0.5644003659582317, -0.560395635924354, -0.7268092504115664, -0.5433033873803028, -0.03037444098042967, 0.4715896663376146, -0.17424544100669145, -0.09918729110096988, 0.4993699016502217, -0.24851048645454715, -0.03547661254834458], [-0.6125224913295058, -0.4234865585090378, -0.8048816954653161, -0.21377660761280104, -0.34122026003332084, 0.28841688446153607, -0.10890607131371605, 0.14303801163903598, 0.4022312180513044, 0.5806373287400737, 0.1436108482980289, 0.5630990736276493, 0.6198605770721473, -0.02220389456898076]], "inverted": true, "swapped": true, "error_lsq": 0.04332072781088823, "error_max": 0.2670427110333737, "target": "188.xyz", "model": "3.xyz", "model_rescale": 3.9243930471874484, "target_rescale": 3.912859005527262},
{"mapping": [0, 7, 3, 5, 8, 6, 2, 4, 12, 13, 9, 11, 14], "R": [[0.7479983282758239, 0.5223852981135257, -0.4094045691139945], [-0.3104585780231637, -0.26981279342482334, -0.9114913756235594], [-0.5866122844165538, 0.8088971855675704, -0.03964052159666648]], "T": [0.012258137231786821, -0.07465275408216773, 0.0481806092904581], "aligned_model": [[-0.03086543332176466, -0.2754310869991707, 0.5299266922459059, 0.395678785390003, 0.5285135097879089, -0.42800216777978994, -0.24711411654127768, 0.3523273410420604, 0.22187633614750396, -0.39707476737770375, 0.17941132300404933, -0.5041189679196546, -0.04792156136671775], [-0.7061523296065547, -0.035460832377428114, -0.20078439787158112, -0.6617509331015227, 0.0720457498890438, -0.5231687204743727, -0.5427461751555885, 0.4383634422656081, 0.515212573209988, 0.5413326594711144, 0.12241621467632086, 0.22401010367914412, -0.11548780092258476], [-0.7287145309157715, -0.5989023415803452, -0.5866778416243383, -0.158523788246677, 0.08578978542395217, -0.2298878188187834, 0.4241812137274188, -0.5450387238555651, 0.062865713574788, -0.07854481355196637, 0.60408387191296, 0.5933754196486904, -0.05693583032339876]], "inverted": true, "swapped": true, "error_lsq": 0.04083706033105094, "error_max": 0.25303485031413275, "target": "188.xyz", "model": "4.xyz", "model_rescale": 3.8936222436046832, "target_rescale": 3.912859005527262},
{"mapping": [4, 12, 7, 3, 10, 11, 9, 2, 5, 8, 6, 14], "R": [[-0.8797585614946221, -0.34552016335896885, -0.32655886175283116], [0.2311971259770258, 0.28926327093991977, -0.9289104634059743], [0.4154187795669287, -0.8927164033429261, -0.17459857039962695]], "T": [-0.08316464335290186, -0.0379065799686944, 0.06492898843355643], "aligned_model": [[-0.03608491177719589, -0.33075444161580675, -0.15050068104968914, 0.5238881977663301, -0.6175182816573345, -0.7814957020413397, -0.23491672678823358, -0.0489906692992442, 0.6285107859074927, 0.1739280806133297, -0.02627960586517028, -0.07223800197804156], [-0.554743584566317, -0.5985940361991771, 0.22488844035998717, -0.22880252510970503, 0.4404250409653856, 0.04396900734731808, -0.36812006820507437, 0.4201512610116148, 0.12910816054935575, -0.5088408951230693, 0.6223348496025602, 0.0471472544769284], [-0.6143389026571546, -0.06323268355896083, -0.5903740537468776, -0.4660896207800467, -0.2148734734083796, 0.46331613587311565, 0.5586244013305077, 0.5305221855813835, 0.05810747541804849, 0.10466200975833291, -0.1171784144266505, -0.029860340107800462]], "inverted": false, "swapped": true, "error_lsq": 0.04283066097799714, "error_max": 0.2415321930220181, "target": "188.xyz", "model": "5.xyz", "model_rescale": 3.6523030999806103, "target_rescale": 3.912859005527262},
{"mapping": [4, 3, 5, 7, 6, 12, 1, 13, 9, 11, 2, 10, 14], "R": [[-0.018247325769802147, 0.8685166846004477, -0.49532393811817443], [-0.16522730891437368, -0.4912144426716953, -0.8552241271734854], [-0.9860866957276955, 0.06623548808140636, 0.15246602450202812]], "T": [-0.009401826743823574, 0.004287860133570916, 0.032094279633762435], "aligned_model": [[0.09244077648573161, 0.15119897319645165, 0.026422083717738645, 0.6410376491096291, 0.5773400613192348, -0.28634390120766745, -0.509167593680458, 0.2093592158656853, -0.5681739341183973, -0.14356211871465951, -0.013933716095968066, 0.5890451340214492, 0.11542027476552465], [-0.6378121529067435, -0.027840478515764384, 0.5263113862956822, -0.21457416496439208, 0.34902685632591085, -0.5537507409068678, 0.5240832974681672, -0.6352078570734889, -0.0323789836910428, -0.15365172695494256, 0.5476444862556202, -0.16482555245502037, 0.013802535286065273], [0.5871415890899572, 0.8445660206977443, 0.5426140723701622, 0.2111064132859013, -0.0638574805650982, 0.09528093238959152, 0.10914137856969702, -0.2938499229704109, -0.21737330932282375, -0.7490192213767471, -0.33191795950753505, -0.4216526287202953, 0.05792985554164561]], "inverted": false, "swapped": true, "error_lsq": 0.048864868776335176, "error_max": 0.33522293271705716, "target": "188.xyz", "model": "6.xyz", "model_rescale": 4.08911054899281, "target_rescale": 3.912859005527262},
{"mapping": [12, 4, 8, 7, 2, 5, 10, 13, 6, 3, 11, 9, 0, 1, 14], "R": [[0.4904013343209709, 0.7527577894830219, -0.4391608380409683], [-0.7373783144776235, 0.08980344291266827, -0.6694838033732929], [-0.46452099267347446, 0.6521434290197713, 0.5991069982498821]], "T": [-0.07320251292162748, 0.10736373027470776, -0.0756823594418567], "aligned_model": [[-0.34671239474968474, -0.21588506633229293, 0.3571797335325445, -0.817122745781787, -0.3509227648960639, -0.6371624316073369, 0.037757320523515034, -0.3014387342879977, -0.2666696926225731, 0.1921583378411751, 0.2554060400675263, 0.6957281706982723, 0.1817281424082567, 0.3039863637321112, 0.08711380526554442], [0.5446658353211584, -0.5615828219938542, -0.3215201330139103, 0.18584247046746466, 0.39075480183252537, -0.15528800460568232, 0.07501031509058882, 0.8006051794557039, -0.14420868828657296, -0.5383120803715445, 0.4915923881634195, 0.05335954493973487, -0.14963562588425777, 0.5266428794035644, 0.14331929040960845], [-0.5675778071495399, -0.2459811816998844, -0.38548669613305603, 0.1235981940913328, 0.6262439226532233, -0.5155283618832307, -0.786960132460059, -0.01894575092974282, 0.3095769494025437, 0.2973294402301104, -0.37386991839858164, 0.0670988005966083, 0.7924293125283117, 0.39323085778481487, -0.05643039059889162]], "inverted": true, "swapped": false, "error_lsq": 0.049910455275630025, "error_max": 0.31947164822428403, "target": "188.xyz", "model": "7.xyz", "model_rescale": 3.964800864290218, "target_rescale": 3.912859005527262},
{"mapping": [6, 2, 5, 10, 3, 11, 7, 1, 9, 12, 13, 4, 8, 14], "R": [[0.5111452756320995, 0.8579012689538962, -0.052306021893083476], [0.8275060902755279, -0.5076577794887427, -0.23982754112376048], [-0.23230191078829915, 0.07930316293726158, -0.9694054005380055]], "T": [0.0628444940168076, -0.061693231337742564, 0.05418803858613892], "aligned_model": [[-0.26877128423782437, 0.15116437845400899, 0.5086624170819836, -0.6775052753544885, 0.29552699044536423, -0.26335051431637313, -0.4520255431196456, 0.718274254339955, 0.35798942034639325, 0.04521687798511124, -0.547040991919069, -0.05817307542232715, 0.4673030910347584, -0.016082855856974318], [-0.058405218800755825, -0.5584537807692779, 0.236929076043164, -0.20825429648622049, 0.7226716283741138, -0.7489589590867812, 0.38582646631651973, -0.3271089813814367, -0.45954368418966013, 0.07822817358676593, -0.07357082651984681, 0.6685497631942674, 0.1527684589288399, 0.0002706469715107532], [-0.5477570781603096, -0.3619734997111624, -0.44229304887989473, -0.09755661925007368, -0.07834799356487847, 0.32685053063883385, -0.13985424248613676, -0.10660898514737198, 0.4153103073305637, 0.6642764039423253, 0.49116561933656083, 0.4817880562866445, 0.3368078142497739, -0.024992225859852807]], "inverted": true, "swapped": true, "error_lsq": 0.03871320509642721, "error_max": 0.1935940565835034, "target": "188.xyz", "model": "8.xyz", "model_rescale": 4.121658175737393, "target_rescale": 3.912859005527262},
{"mapping": [7, 6, 5, 3, 10, 13, 2, 9, 1, 11, 4, 8, 14], "R": [[0.3706896117956197, 0.9191905554143984, 0.1329583940328059], [0.7741565706207958, -0.2267138462101176, -0.5910012149744401], [-0.513099226145842, 0.3220086253093003, -0.7956378757669554]], "T": [0.007592443676765197, -0.02926851919684875, 0.006220750180663585], "aligned_model": [[-0.5506434903741233, -0.22952793965899687, 0.4538106550013328, 0.10196366965317943, -0.6616879883456703, -0.6444852980396464, 0.24776482439217148, 0.31918549456698747, 0.7178281558279915, -0.21612254247843132, -0.3107337647035108, 0.3190702404693858, -0.06968451987547256], [0.1800602783763912, -0.3290839501875451, 0.15598276957634855, 0.678956221755393, -0.38957061420756656, -0.017584062968358263, -0.6106889646077204, -0.18235236017205553, -0.17564224077666868, -0.6194960241224998, 0.7583916825114267, 0.3630951395218733, -0.021680435287308637], [-0.37792966074461565, -0.5649205546952216, -0.5424081235520924, -0.4138351569605162, -0.11572379315837564, 0.3773122234614591, -0.17274674579616298, 0.5114730748906982, 0.0008040402951160139, 0.51086448190742, 0.10109798673728931, 0.20240141261191696, -0.0953137510378258]], "inverted": true, "swapped": true, "error_lsq": 0.035186501286707646, "error_max": 0.21609826834915305, "target": "188.xyz", "model": "9.xyz", "model_rescale": 3.833441315466971, "target_rescale": 3.912859005527262},
{"mapping": [10, 6, 1, 11, 9, 12, 0, 8, 7, 4, 13, 5, 3, 2, 14], "R": [[-0.82617899448515, -0.5614161399982454, 0.04733061188044407], [0.10238625107247844, -0.06699915546905971, 0.9924858531776442], [-0.5540264656700347, 0.8248169681304475, 0.11283458876278402]], "T": [-0.09880734776397088, 0.03157687013086545, -0.0735282503344094], "aligned_model": [[-0.4622992749370816, -0.07908779217111814, 0.20378969713010386, -0.7751750362016709, -0.17876744698955202, -0.4214832112198499, 0.19471657561136085, -0.44613244556384524, -0.5436648633708647, 0.3253724283582846, 0.4635651979114496, 0.57691519675964, 0.07978932059945892, 0.33388265597216843, -0.09627691809727436], [0.5876473023586539, -0.6462162681135817, -0.3418231968452116, 0.11963585300843955, 0.5111306715208895, -0.27607235032570815, 0.22421331780116932, 0.7114235173966393, -0.045765568010913124, -0.5271700696065015, 0.5727116168531758, 0.021597757504473288, -0.07017202574801779, 0.4401208198104088, 0.05998397332403031], [-0.5576908643411587, -0.11143826116109906, -0.6344349728092427, -0.06306657668341278, 0.5757364573441515, -0.4788087724499414, -0.657101610880438, 0.0837395944926057, 0.41640431120050586, 0.3056629348917762, -0.2366136487457411, -0.10063289201691611, 0.7703154804502326, 0.32961125005558367, 0.01704480868705298]], "inverted": false, "swapped": false, "error_lsq": 0.05383842430768747, "error_max": 0.35180790949398005, "target": "188.xyz", "model": "10.xyz", "model_rescale": 4.2482417240324, "target_rescale": 3.912859005527262},
{"mapping": [2, 11, 12, 13, 5, 3, 8, 7, 10, 0, 6, 14], "R": [[0.007769476118198788, 0.7332849777765389, 0.6798770305048626], [-0.972918713685851, 0.16261585723393623, -0.16427190732423197], [-0.23101690804077035, -0.6601887793225005, 0.7146901173627276]], "T": [-0.07917352012874283, -0.026172471252821218, 0.12824010203893932], "aligned_model": [[-0.6455047182690187, -0.08341396368953993, 0.37307904876057696, 0.542327924728513, -0.48685575658774055, 0.11675256834964713, -0.037067667642777205, 0.348189156025605, 0.19420788444847126, -0.15587578809319858, -0.24210560773320633, -0.04696747793432505], [-0.2510134101601564, -0.8316166266949802, -0.156547851147728, -0.4232048204716121, 0.58049054486776, 0.7731897426732155, 0.1844570652664955, 0.25090203155308083, -0.3486073288254306, 0.7572473621369776, 0.10048188104887965, 0.030352799804137846], [-0.10940963522320324, 0.0624835078847364, 0.5412369787780532, -0.010150855090467203, 0.11491523241973989, 0.2260572575597583, 0.6215116362084879, -0.3653268181433632, -0.515128173726145, -0.4919111229388349, -0.5272975161498666, 0.01821179827546121]], "inverted": false, "swapped": true, "error_lsq": 0.04687566320400283, "error_max": 0.2404340685879598, "target": "188.xyz", "model": "11.xyz", "model_rescale": 3.6694154284099745, "target_rescale": 3.912859005527262},
{"mapping": [2, 1, 8, 5, 6, 11, 10, 13, 3, 4, 12, 7, 9, 14], "R": [[-0.5745695016638609, 0.49574230295297483, -0.6512368669083652], [-0.8141697243217625, -0.42752130535530697, 0.392878089825737], [-0.08365134640618793, 0.7559531086847752, 0.6492590774985411]], "T": [0.016984261284831548, 0.058619868585061394, -0.0865937114337927], "aligned_model": [[0.053365762526356386, -0.11384308031875015, -0.1548328885468392, 0.5128409235384399, 0.5578254388126844, -0.540611259712012, 0.17798020763544906, -0.24012926068271773, 0.5328346294772447, 0.11012729281861533, -0.3907803100914125, 0.5138218608982813, -0.5494415412379665, 0.12910707513843653], [-0.23798964466908035, 0.4027415736668303, 0.565512389539821, 0.4693218973049528, -0.3418314632319371, -0.5205784504877526, -0.6512175555542444, -0.33935978800724403, 0.6477930602355706, 0.46016818275166027, 0.25919525114886244, -0.15230236176055761, 0.15805914724891668, 0.011475049950456555], [-0.6683677693214332, -0.7113767399409907, -0.0318821942391279, -0.4328196308956028, -0.2260473256753831, -0.16843954651274307, 0.16407639958337927, 0.4952616134203802, 0.1848994284233038, 0.6622889131344133, 0.3442126443523376, 0.37349503449416643, -0.298910558271036, -0.047294808899248725]], "inverted": false, "swapped": true, "error_lsq": 0.046965265239930734, "error_max": 0.3052993946758353, "target": "188.xyz", "model": "12.xyz", "model_rescale": 3.9764082729961374, "target_rescale": 3.912859005527262},
{"mapping": [14, 10, 8, 6, 5, 13, 3, 4, 12, 1, 7, 2, 9, 0, 15], "R": [[-0.8152320611581957, -0.12243134774487793, -0.5660452734094092], [0.20655630123346522, 0.851649342852769, -0.4816927352983402], [0.5410463759055317, -0.5096115794483281, -0.6690028828126756]], "T": [-0.11463902256481633, 0.06283131116320351, -0.013049839479675515], "aligned_model": [[-0.5923898911174127, -0.02280559464623859, 0.3235340272718215, -0.7576016278954827, -0.3846533576922804, -0.6706975112822285, 0.10365504397490423, -0.08888872381776809, -0.35643430659899383, 0.23018575456361795, 0.44129721204276057, 0.6746456357363919, 0.020037152218721613, 0.36598466146308467, -0.110724390429688], [0.1967054809219113, -0.7065384235309651, -0.22866802591705432, 0.470455298848173, 0.4707302084284871, -0.16648896828075613, 0.29076734396897197, 0.7737993805261235, -0.4308624024404029, -0.4319176438586528, 0.5492494707889058, -0.04213089985826038, 0.022981107525685218, 0.4216055947449452, 0.1515578290608348], [-0.6396596493643641, -0.2270211735681777, -0.48494532740807095, -0.07708559909441852, 0.6677839539458251, -0.12570734144004558, -0.79332947703017, 0.08556581972325235, 0.31101048316933344, 0.18605295518705545, -0.17231683530644476, 0.034617511337734705, 0.5715640636507106, 0.39608317225870493, -0.07388531802696602]], "inverted": false, "swapped": false, "error_lsq": 0.04557205537375161, "error_max": 0.30361246734890485, "target": "188.xyz", "model": "13.xyz", "model_rescale": 4.170626492500431, "target_rescale": 3.912859005527262},
{"mapping": [5, 3, 1, 8, 2, 11, 9, 0, 6, 4, 7, 12, 10, 14], "R": [[0.11398663322133479, -0.5252202376305628, 0.8432975450160873], [-0.9715983148500686, 0.11824618532015635, 0.20497452094769741], [-0.20737348438836556, -0.8427108291938146, -0.4968246132510967]], "T": [-0.09755670354817986, 0.1086033517049612, 0.06441195923085397], "aligned_model": [[0.19496588168148693, 0.04275780537120208, -0.28332580417887887, -0.490334388437547, 0.15362069545164653, -0.30574852847675493, -0.6093308681439844, 0.751732883151305, 0.580792711698566, -0.3075378108514677, 0.3700250403762082, -0.6079678141432849, 0.33668482219245605, 0.016848396400690427], [-0.36311680734379786, -0.7069398682259476, 0.07908635405774458, -0.24113197292801208, 0.5112517563180872, 0.8785313420669809, 0.3652525660503796, -0.42224460912690726, 0.21830793661074932, -0.4935707523147905, -0.0981376281057895, 0.01017739820101847, 0.5374335936906072, 0.08117515897534325], [-0.4113327221694376, 0.11063178316819706, -0.6359507768072835, -0.04901380436238775, -0.3856392022060253, 0.1946012531927489, -0.1547299778415349, 0.030870112154549656, 0.05324352720970699, 0.6336536841045669, 0.5559838479599652, 0.41353854917195804, 0.5336275694660568, 0.1143892580797859]], "inverted": true, "swapped": true, "error_lsq": 0.0369539753567293, "error_max": 0.18152513871527726, "target": "188.xyz", "model": "14.xyz", "model_rescale": 3.9786697098870705, "target_rescale": 3.912859005527262},
{"mapping": [3, 12, 5, 0, 8, 2, 13, 11, 6, 7, 9, 14], "R": [[0.22783721858710426, -0.008066522943720705, 0.9736658220529725], [-0.3804538636095648, 0.9197360843591091, 0.0966457075732209], [-0.8962951854668454, -0.3924544130665016, 0.2064811714747399]], "T": [-0.0156273228924044, 0.09660852002958914, -0.01855968117204589], "aligned_model": [[0.09814223672332141, -0.6309092229779969, 0.4935058121225493, 0.7370260550944456, -0.28258691086852517, 0.4249543476593376, -0.4867470785374085, -0.2786152348751614, 0.5652088975354191, 0.12944819204532057, -0.34226407406172255, 0.05619157690775732], [-0.406532615041258, 0.014851341700541143, 0.08548434785255497, -0.5207796085016481, 0.18153454572202182, 0.5203813884258721, -0.22381846238649394, 0.4759419932345636, -0.14224143507079745, -0.58025718918517, 0.6152616521945582, -0.005151468720305308], [-0.6672820120793642, -0.10126695512499545, -0.54304235660215, -0.2563877839154049, -0.47787946023408484, 0.21396175655256605, 0.46972662222152317, 0.6447846282401072, 0.2605419902246488, 0.13578845917289709, -0.029150461913486084, 0.010172067331573026]], "inverted": true, "swapped": true, "error_lsq": 0.057488089067001015, "error_max": 0.36684741066863286, "target": "188.xyz", "model": "15.xyz", "model_rescale": 3.769337070930944, "target_rescale": 3.912859005527262},
{"mapping": [7, 0, 13, 10, 4, 3, 12, 5, 9, 2, 14], "R": [[0.5295359804280452, 0.46192723193241214, -0.7114877917655147], [-0.7957805688172557, -0.019996625375160993, -0.6052548399364439], [-0.29381104765647237, 0.8866923747122588, 0.35700378275606715]], "T": [0.021005667840252637, 0.134960239114353, 0.17340454828336083], "aligned_model": [[-0.29110634503428984, -0.31692600216447736, -0.1492591256395127, -0.6467440634089745, 0.46712680364950054, 0.39849952104585284, 0.4290600545556133, 0.14717415666843064, 0.29779186091674714, -0.35384005825946546, -0.05915067163825391], [-0.03768805141255152, -0.7261574766640999, 0.7166467861896921, 0.38227190775172026, 0.14422567773251277, -0.453061701476737, 0.5412415108660016, -0.5724796509980894, 0.49745697736241323, 0.02983890007512746, 0.07376961819935268], [-0.43961755651444, -0.2119470847495598, -0.26897701818828124, -0.11912169494928093, -0.5557264016460639, -0.27231258767714733, -0.0726110846593585, 0.3076903908268265, 0.5830267174068493, 0.6989538391399588, 0.09486008823427364]], "inverted": true, "swapped": true, "error_lsq": 0.046005893433775674, "error_max": 0.23862992327722574, "target": "188.xyz", "model": "16.xyz", "model_rescale": 3.7852294659196426, "target_rescale": 3.912859005527262},
{"mapping": [2, 13, 12, 11, 6, 7, 3, 4, 9, 1, 5, 8, 14], "R": [[-0.05114387301313972, 0.8822595913977684, -0.46797683451198574], [0.9328502683757007, 0.209528128835331, 0.2930671254476493], [0.3566155928231393, -0.4215637278198963, -0.8337321766262793]], "T": [-0.00720972840844031, 0.03524709975452238, -0.05265139183971112], "aligned_model": [[0.024397475401089525, -0.22931856091815644, 0.25329676460968215, 0.15221982036666004, -0.5812431885129109, -0.6691154960308114, -0.1989249002013897, -0.14563606582071814, 0.5594522133746603, 0.5020014609622298, -0.049255817867031065, 0.36853224434437143, -0.13264009949139244], [-0.0023319614745697242, -0.5744899517766807, -0.1881605968304263, -0.7150634003750296, 0.11601099660750773, 0.06544275754394482, 0.7155471431934078, 0.1853091172350349, -0.1871773682864119, 0.3753975130944712, 0.7392819897425367, 0.2854299634543829, 0.05985942157470639], [-0.7048405287018492, 0.3240967784441639, 0.4711061037133353, -0.30701052956626307, -0.4218133327740036, 0.20030397737013728, 0.38021385383705975, 0.7774458303781482, -0.12494525815633672, -0.4410983442726527, -0.24497760753560632, 0.24006180484375667, -0.052788050436715736]], "inverted": true, "swapped": true, "error_lsq": 0.03856334039851277, "error_max": 0.2174058518024085, "target": "188.xyz", "model": "17.xyz", "model_rescale": 3.901054581598922, "target_rescale": 3.912859005527262},
{"mapping": [6, 5, 8, 11, 12, 10, 1, 7, 9, 5, 0, 2, 13, 3, 14], "R": [[0.5430775644044686, -0.21062524450825743, 0.8128368627322133], [-0.8193884962379139, 0.07860599932880544, 0.5678235545506103], [-0.18349182890112684, -0.9744014076577254, -0.12989474770429707]], "T": [-0.07089067901734025, 0.07536499313263824, -0.1264452770855163], "aligned_model": [[-0.577899178463973, 0.09010689434203895, 0.32965156442483023, -0.8211038867011555, -0.3094217602715278, -0.6790779752844247, 0.07646333238272723, -0.1613114255492059, -0.4074660865401703, 0.09010689434203895, 0.4959161558673527, 0.688474337678549, 0.12819330141778953, 0.3357568654479884, -0.10324494930164863], [0.5092423464029744, -0.48758026686324796, -0.30674947839915456, 0.2638061792883757, 0.4781019111358553, -0.43095179880802104, 0.47966417471090483, 0.7322334256543089, -0.29820489762663616, -0.48758026686324796, 0.5725530755581743, -0.12066196360154911, -0.12099892350198542, 0.47517823666388914, 0.083193597177305], [-0.4705652693529555, 0.09094483910235382, -0.49246808239163997, 0.06951658477452852, 0.45051312889379613, -0.34139938145924886, -0.674637320565982, -0.1314427514864014, 0.29940933789856317, 0.09094483910235382, -0.2103412908257407, 0.13561636764734616, 0.5438598618464437, 0.38168170939533774, -0.08290533454479587]], "inverted": true, "swapped": false, "error_lsq": 0.04661662417206534, "error_max": 0.41707232717039067, "target": "188.xyz", "model": "18.xyz", "model_rescale": 3.9405287249114394, "target_rescale": 3.912859005527262},
{"mapping": [3, 2, 6, 14, 13, 10, 1, 12, 11, 5, 0, 8, 9, 7, 15], "R": [[-0.5154619093141608, 0.18388622959164816, -0.8369497443770251], [-0.8557143737922477, -0.16208981159515784, 0.4914059456929554], [-0.04529823982829162, 0.9694909734203894, 0.24090521356924735]], "T": [-0.04404528685686375, 0.24504242146331126, -0.0005988213845422689], "aligned_model": [[-0.5981233563040282, -0.09001426565976921, 0.4282845829053516, -0.8081771016685003, -0.3812209278897153, -0.6300530262626178, 0.04965885118889152, -0.2613152817740285, -0.43842537972260787, 0.267052876205752, 0.5301362406592138, 0.6630729560495571, 0.12390303798989875, 0.37679418789908176, -0.05642930982526956], [0.326366312672841, -0.5224395945828262, -0.18242938196183808, 0.3351824473329045, 0.44356448329597875, -0.24539206736132055, 0.23210105168530543, 0.7122253504225451, -0.18689530457596934, -0.5127653188370486, 0.4255857648094903, -0.016233999853211473, -0.0813658514817068, 0.40356941994778084, 0.21017203941502122], [-0.6423250188786205, -0.4057944420995509, -0.3910547177404292, 0.08724369340806438, 0.5455068674997242, -0.1849164235673127, -0.65372321952077, -0.18680548723504148, 0.4202424136139293, 0.14155603937933092, -0.3328546453946547, 0.0625721984657334, 0.673389937046006, 0.5410550128860069, -0.01536496982845709]], "inverted": false, "swapped": false, "error_lsq": 0.04384038467766997, "error_max": 0.28065671781961854, "target": "188.xyz", "model": "19.xyz", "model_rescale": 4.410303926677745, "target_rescale": 3.912859005527262},
{"mapping": [6, 2, 5, 10, 3, 11, 7, 1, 9, 12, 13, 4, 8, 14], "R": [[0.5111452756320995, 0.8579012689538962, -0.052306021893083476], [0.8275060902755279, -0.5076577794887427, -0.23982754112376048], [-0.23230191078829915, 0.07930316293726158, -0.9694054005380055]], "T": [0.0628444940168076, -0.061693231337742564, 0.05418803858613892], "aligned_model": [[-0.26877128423782437, 0.15116437845400899, 0.5086624170819836, -0.6775052753544885, 0.29552699044536423, -0.26335051431637313, -0.4520255431196456, 0.718274254339955, 0.35798942034639325, 0.04521687798511124, -0.547040991919069, -0.05817307542232715, 0.4673030910347584, -0.016082855856974318], [-0.058405218800755825, -0.5584537807692779, 0.236929076043164, -0.20825429648622049, 0.7226716283741138, -0.7489589590867812, 0.38582646631651973, -0.3271089813814367, -0.45954368418966013, 0.07822817358676593, -0.07357082651984681, 0.6685497631942674, 0.1527684589288399, 0.0002706469715107532], [-0.5477570781603096, -0.3619734997111624, -0.44229304887989473, -0.09755661925007368, -0.07834799356487847, 0.32685053063883385, -0.13985424248613676, -0.10660898514737198, 0.4153103073305637, 0.6642764039423253, 0.49116561933656083, 0.4817880562866445, 0.3368078142497739, -0.024992225859852807]], "inverted": true, "swapped": true, "error_lsq": 0.03871320509642721, "error_max": 0.1935940565835034, "target": "188.xyz", "model": "20.xyz", "model_rescale": 4.121658175737393, "target_rescale": 3.912859005527262},
{"mapping": [4, 3, 5, 7, 6, 12, 1, 13, 9, 11, 2, 10, 14], "R": [[-0.018247325769802147, 0.8685166846004477, -0.49532393811817443], [-0.16522730891437368, -0.4912144426716953, -0.8552241271734854], [-0.9860866957276955, 0.06623548808140636, 0.15246602450202812]], "T": [-0.009401826743823574, 0.004287860133570916, 0.032094279633762435], "aligned_model": [[0.09244077648573161, 0.15119897319645165, 0.026422083717738645, 0.6410376491096291, 0.5773400613192348, -0.28634390120766745, -0.509167593680458, 0.2093592158656853, -0.5681739341183973, -0.14356211871465951, -0.013933716095968066, 0.5890451340214492, 0.11542027476552465], [-0.6378121529067435, -0.027840478515764384, 0.5263113862956822, -0.21457416496439208, 0.34902685632591085, -0.5537507409068678, 0.5240832974681672, -0.6352078570734889, -0.0323789836910428, -0.15365172695494256, 0.5476444862556202, -0.16482555245502037, 0.013802535286065273], [0.5871415890899572, 0.8445660206977443, 0.5426140723701622, 0.2111064132859013, -0.0638574805650982, 0.09528093238959152, 0.10914137856969702, -0.2938499229704109, -0.21737330932282375, -0.7490192213767471, -0.33191795950753505, -0.4216526287202953, 0.05792985554164561]], "inverted": false, "swapped": true, "error_lsq": 0.048864868776335176, "error_max": 0.33522293271705716, "target": "188.xyz", "model": "21.xyz", "model_rescale": 4.08911054899281, "target_rescale": 3.912859005527262},
{"mapping": [0, 12, 10, 4, 2, 13, 6, 1, 14, 9, 8, 5, 15, 11, 16], "R": [[-0.4400928766784118, 0.8969066032130287, -0.04332210763325295], [-0.8914198788876092, -0.44219139105044225, -0.09918353293201264], [-0.10811502865430411, -0.00503177838758713, 0.9941256569394723]], "T": [-0.08450377302202979, 0.06921587697722975, -0.02705650218395303], "aligned_model": [[-0.4876399941794587, -0.19889561008403844, 0.3485538321659764, -0.7633031436973663, -0.5385979133701412, -0.60172546237113, 0.12158440962762031, -0.09290143204189825, -0.23512732212852533, 0.3452600411554913, 0.37722123819059716, 0.6039535666748775, -0.040622702781318874, 0.46114699531889675, -0.12376241868837232], [0.4950633784185205, -0.6533613967017295, -0.39700587353405103, 0.22709449063546522, 0.4172969398560026, -0.2751073222161889, 0.33263554202846335, 0.8429608980076475, -0.38143206624078313, -0.4693788738588802, 0.5617431583030577, -0.06799616179737944, 0.1983743691348005, 0.4373124245564506, 0.07304584433654988], [-0.5332328458492739, -0.12588006825170134, -0.5232760092107959, -0.05150938724645256, 0.4132750941612857, -0.2521192147604936, -0.6931660048843943, 0.1497103018819235, 0.4042804469347162, 0.15395833134605513, -0.1851353092093149, -0.09725907892398533, 0.6891135568608844, 0.36366488311209477, -0.0536974579265891]], "inverted": false, "swapped": false, "error_lsq": 0.04307906746149038, "error_max": 0.30816082153633056, "target": "188.xyz", "model": "22.xyz", "model_rescale": 4.204369325754507, "target_rescale": 3.912859005527262},
{"mapping": [3, 2, 6, 14, 13, 10, 1, 12, 11, 5, 0, 8, 9, 7, 15], "R": [[-0.5154619093141608, 0.18388622959164816, -0.8369497443770251], [-0.8557143737922477, -0.16208981159515784, 0.4914059456929554], [-0.04529823982829162, 0.9694909734203894, 0.24090521356924735]], "T": [-0.04404528685686375, 0.24504242146331126, -0.0005988213845422689], "aligned_model": [[-0.5981233563040282, -0.09001426565976921, 0.4282845829053516, -0.8081771016685003, -0.3812209278897153, -0.6300530262626178, 0.04965885118889152, -0.2613152817740285, -0.43842537972260787, 0.267052876205752, 0.5301362406592138, 0.6630729560495571, 0.12390303798989875, 0.37679418789908176, -0.05642930982526956], [0.326366312672841, -0.5224395945828262, -0.18242938196183808, 0.3351824473329045, 0.44356448329597875, -0.24539206736132055, 0.23210105168530543, 0.7122253504225451, -0.18689530457596934, -0.5127653188370486, 0.4255857648094903, -0.016233999853211473, -0.0813658514817068, 0.40356941994778084, 0.21017203941502122], [-0.6423250188786205, -0.4057944420995509, -0.3910547177404292, 0.08724369340806438, 0.5455068674997242, -0.1849164235673127, -0.65372321952077, -0.18680548723504148, 0.4202424136139293, 0.14155603937933092, -0.3328546453946547, 0.0625721984657334, 0.673389937046006, 0.5410550128860069, -0.01536496982845709]], "inverted": false, "swapped": false, "error_lsq": 0.04384038467766997, "error_max": 0.28065671781961854, "target": "188.xyz", "model": "23.xyz", "model_rescale": 4.410303926677745, "target_rescale": 3.912859005527262},
{"mapping": [3, 12, 5, 1, 11, 0, 4, 10, 7, 6, 8, 15, 14, 9, 16], "R": [[-0.3826688217511671, -0.09231611424463187, 0.9192618277239328], [0.6149302031652619, -0.7680314920025022, 0.17885321503271862], [0.6895109992557793, 0.6337234115473267, 0.35066967300026747]], "T": [-0.058539682536619495, 0.05434095504274236, 0.052127641613164064], "aligned_model": [[-0.5336268238775352, -0.1720213065871266, 0.26359458684533554, -0.8522744209852199, -0.2505521010406957, -0.5449408741044988, 0.10535012672926673, -0.11353696764172452, -0.6259180071189817, 0.372879636180317, 0.41403019253007334, 0.6511163993874204, 0.2887448128539062, 0.31278742469062915, -0.14048859406995567], [0.3916090529408788, -0.7043616000432286, -0.25670701191659717, 0.3802971276753846, 0.3557259786272925, -0.3042206099454803, 0.3101022678772968, 0.6988706041570112, -0.20139196146304714, -0.5561770810553102, 0.6451374312773712, 0.034457302074971385, -0.03549681429700535, 0.4894704852930484, 0.09393017972535983], [-0.6332871400386114, -0.18801437614419547, -0.38955177625475984, 0.043578485342037135, 0.5746405939023091, -0.40089917441510503, -0.5656187904016934, -0.020952973595795565, 0.2858227611425463, 0.19012470243906948, -0.2693438253985284, 0.12497732635940649, 0.6261247186754447, 0.30746752289060053, -0.026340816468765474]], "inverted": false, "swapped": false, "error_lsq": 0.04326626747022456, "error_max": 0.31884118043583376, "target": "188.xyz", "model": "24.xyz", "model_rescale": 4.28219845311461, "target_rescale": 3.912859005527262},
{"mapping": [6, 5, 3, 10, 14, 8, 0, 2, 11, 9, 4, 7, 12, 13, 15], "R": [[0.8436301418497992, -0.4092880718529105, -0.3475218813275139], [0.31704965402591234, 0.902090866083311, -0.29276541156890623], [0.43332170571590006, 0.13680403344926878, 0.89079568689317]], "T": [0.005072683981828696, 0.06855517914157158, -0.027037371281961167], "aligned_model": [[-0.6813429511135877, -0.30298524323889364, 0.49263563674577027, -0.7769426879016739, -0.4896915611953637, -0.5501637083592922, -0.05759846368294802, -0.03502323624233719, -0.3033003990070632, 0.30136939158064113, 0.5305191053741098, 0.7635583169901992, -0.04254107150601688, 0.3219387340343329, 0.004712221313332942], [0.5127660793872003, -0.7033574190178083, -0.3463329383826902, 0.02101713500341401, 0.4634811059117432, -0.16655141562918513, 0.5555151666698536, 0.752045412418948, -0.18929976187508948, -0.4598461126736063, 0.34877565845026726, 0.009514825253336648, 0.05101853876853074, 0.3775806376945623, 0.11491843894847018], [-0.4061249429069699, -0.21286507425826434, -0.4631515328143578, 0.09904558286055513, 0.39650303877780296, -0.37110639726968364, -0.6785713073379747, -0.02337095835726273, 0.34024173556978277, 0.2727525881113189, -0.45133810690206594, 0.13654681769383403, 0.735750473905542, 0.36921460565599973, -0.08479928469429776]], "inverted": false, "swapped": false, "error_lsq": 0.04557136246183034, "error_max": 0.32803655865826364, "target": "188.xyz", "model": "25.xyz", "model_rescale": 4.100010024507729, "target_rescale": 3.912859005527262},
{"mapping": [2, 11, 12, 13, 5, 3, 8, 7, 10, 0, 6, 14], "R": [[0.007769476118198788, 0.7332849777765389, 0.6798770305048626], [-0.972918713685851, 0.16261585723393623, -0.16427190732423197], [-0.23101690804077035, -0.6601887793225005, 0.7146901173627276]], "T": [-0.07917352012874283, -0.026172471252821218, 0.12824010203893932], "aligned_model": [[-0.6455047182690187, -0.08341396368953993, 0.37307904876057696, 0.542327924728513, -0.48685575658774055, 0.11675256834964713, -0.037067667642777205, 0.348189156025605, 0.19420788444847126, -0.15587578809319858, -0.24210560773320633, -0.04696747793432505], [-0.2510134101601564, -0.8316166266949802, -0.156547851147728, -0.4232048204716121, 0.58049054486776, 0.7731897426732155, 0.1844570652664955, 0.25090203155308083, -0.3486073288254306, 0.7572473621369776, 0.10048188104887965, 0.030352799804137846], [-0.10940963522320324, 0.0624835078847364, 0.5412369787780532, -0.010150855090467203, 0.11491523241973989, 0.2260572575597583, 0.6215116362084879, -0.3653268181433632, -0.515128173726145, -0.4919111229388349, -0.5272975161498666, 0.01821179827546121]], "inverted": false, "swapped": true, "error_lsq": 0.04687566320400283, "error_max": 0.2404340685879598, "target": "188.xyz", "model": "26.xyz", "model_rescale": 3.6694154284099745, "target_rescale": 3.912859005527262},
