[{"mapping": [10, 3, 2, 8, 6, 9, 0, 4, 7, 5, 1, 11], "R": [[0.3118734756200231, 0.3045933575982347, 0.8999765673125721], [-0.7378313952503338, -0.5191439380187026, 0.43138660595964134], [0.5986148740113565, -0.7985690064893998, 0.06283131772373085]], "T": [0.0694314978289329, -0.10556244641134271, -0.06970849559040217], "aligned_model": [[0.2671566771974291, 0.20023053528692855, -0.41458283086347325, 0.2973767601195669, 0.6166469876335539, 0.6399863871326447, -0.5287594241830542, -0.45712433450467793, 0.4153766487643761, -0.292465991402554, -0.09805821175587895, 0.012231218822938733], [0.37046226101248725, -0.38250296711937126, -0.5234376157004953, -0.6478542960679489, -0.05101300534462236, -0.20719668069767783, 0.03494778390635492, -0.5300609576378592, 0.7120822528445033, 0.6371621226729498, 0.0777622691875958, -0.0674753239225411], [-0.5125025530602574, -0.6863348610475993, 0.4200472783402625, 0.16917222336046017, 0.402238592177023, -0.252722224967803, 0.002512623204709241, -0.511170199643501, 0.2595063403284591, 0.008245043754556605, 0.5937821263122125, -0.05923209018292644]], "inverted": false, "swapped": false, "error_lsq": 0.05799494437451303, "error_max": 0.3333895357283936, "target": "189.xyz", "model": "0.xyz", "model_rescale": 3.751011558992144, "target_rescale": 3.6709458004711872},
{"mapping": [3, 12, 10, 11, 6, 7, 5, 13, 1, 8, 4, 14], "R": [[-0.8715871445037938, 0.3228513177517821, 0.3689212330046355], [0.4679410123165846, 0.32349889698354184, 0.822423049678547], [0.14617475338735048, 0.8894467326806983, -0.43303285232852456]], "T": [-0.010014595143315007, 0.021661536949002906, -0.03949375955796264], "aligned_model": [[0.16829191967674356, 0.3129123290170631, -0.30012132622060167, 0.31027576587034866, 0.5938847715892359, 0.636218430199559, -0.6271800310570862, -0.3802313246410927, 0.44914772816640536, -0.3952216576025597, -0.10636939509840357, -0.003592787651811898], [0.15463152543578312, -0.4313066961596543, -0.44403517873853765, -0.6983777212658953, -0.18949848888748066, 0.018531594949527212, -0.012540671220040635, -0.17008079901789577, 0.4700720562941592, 0.5081777290998434, 0.2445483365386443, -0.027245843895077636], [-0.770200033273554, -0.5319499358050979, 0.569947297239452, 0.08576014336626592, 0.35349828058903593, -0.18798653452200054, -0.12906541057180976, -0.6342009548217368, 0.23213745446071954, 0.19574179461367752, 0.7132420486802996, -0.06338185137965546]], "inverted": true, "swapped": false, "error_lsq": 0.04936603510584575, "error_max": 0.25068952858769, "target": "189.xyz", "model": "1.xyz", "model_rescale": 3.9405287249114394, "target_rescale": 3.6709458004711872},
{"mapping": [0, 7, 8, 3, 10, 6, 2, 1, 11, 5, 9, 12], "R": [[0.24329535334696673, -0.049787604846442624, 0.9686736114106903], [-0.9180914728397149, 0.3103621406992306, 0.24654287481002943], [-0.31291439490502426, -0.9493137184430894, 0.02980009122430813]], "T": [0.029514821390956496, -0.12812083805470856, -0.06744813796282151], "aligned_model": [[0.008103972013412408, 0.41408883223468934, -0.1803972874420413, 0.4028297205429121, 0.4396799100059584, 0.4580678605853206, -0.5815297531773911, -0.43307949679165647, 0.4220491598507763, -0.20849101155016267, -0.024874575161631694, -0.05843290886238592], [0.4654783130627058, -0.6491553076890125, -0.4578167750135326, -0.5365253466650277, -0.24167565213766373, 0.02698256648612654, 0.16668373729378563, -0.2998362680475424, 0.41348533262956433, 0.5489961948522633, 0.11106646676855231, -0.12480741840684328], [-0.659150437770331, -0.5251989050758925, 0.6018255473318335, 0.07622309084385401, 0.6608080144948172, -0.3634902293730457, -0.12977323536179658, -0.6869210108521882, 0.177896187514277, 0.046314894741180196, 0.7008046419502021, -0.06579625986731431]], "inverted": false, "swapped": false, "error_lsq": 0.05233810414903822, "error_max": 0.3243474048866713, "target": "189.xyz", "model": "2.xyz", "model_rescale": 3.932901565614263, "target_rescale": 3.6709458004711872},
{"mapping": [7, 5, 10, 6, 2, 4, 8, 9, 0, 3, 1, 13], "R": [[-0.21548569417619678, -0.7061679379326596, -0.6744573811897516], [-0.5897918390448399, 0.6445922506152526, -0.48646317131193917], [0.7782746958507056, 0.2929636050479629, -0.5553924953722303]], "T": [-0.08236942041287007, -0.013710494384745121, 0.01822232241484311], "aligned_model": [[0.05174477685927831, 0.20505489239496935, -0.3082235556192857, 0.28644593559396614, 0.6626764298246629, 0.7501209423541632, -0.6936408126105332, -0.3678294932213837, 0.3390910707043002, -0.26305059656651925, 0.07286925560521043, -0.07724442307102877], [0.2363483971925371, -0.4873555682141466, -0.5588760864696963, -0.5722469147302527, -0.08651732365627265, 0.07758559731521114, 0.2538943505757669, -0.29023122382051386, 0.4614836881494556, 0.4580639522736716, 0.05906726183198576, -0.12834028731437058], [-0.636931461196555, -0.4398686009821928, 0.424337856614237, 0.15498694138822947, 0.38401693669115755, -0.23047674086868003, -0.28759078647079606, -0.5997111468302802, 0.23155744014264043, 0.09217272569364607, 0.7388976810752909, 0.002151453318898624]], "inverted": false, "swapped": false, "error_lsq": 0.046746967147872846, "error_max": 0.3425555491835506, "target": "189.xyz", "model": "3.xyz", "model_rescale": 3.9243930471874484, "target_rescale": 3.6709458004711872},
{"mapping": [10, 6, 1, 0, 2, 3, 9, 11, 4, 8, 7, 12], "R": [[-0.6997047339605049, 0.7143147550280441, 0.012950522093109984], [-0.6710334772681269, -0.6508711228550421, -0.35507865863617133], [-0.24520880420308172, -0.2571404522486525, 0.9347467197902612]], "T": [-0.01499447878508494, -0.04349797630171261, -0.09665628529783515], "aligned_model": [[0.08889826539570123, 0.25218539049909433, -0.27389519924562306, 0.41145454945037413, 0.6447744616326505, 0.6440438333375006, -0.7179638555390089, -0.47495056320076806, 0.3348045479244663, -0.29997274968828563, 0.05200702343105384, -0.0033712817493555154], [0.427511617235011, -0.4492830748634136, -0.40847865743992484, -0.6454675164499132, -0.09787397264002869, -0.12169141992237453, 0.015346692266310906, -0.20448766994388878, 0.3702782153990516, 0.5027842163748191, 0.1930297589422164, -0.15879234582448964], [-0.6109363452086471, -0.6309501051865458, 0.4600481419554296, 0.3265413664104278, 0.5459654437122035, -0.20849393054320658, -0.1043212774174386, -0.7200797371646295, 0.145824999618629, 0.03257033732215692, 0.6665502320179795, -0.06917682694076296]], "inverted": true, "swapped": false, "error_lsq": 0.0396958793388135, "error_max": 0.236843675285909, "target": "189.xyz", "model": "4.xyz", "model_rescale": 3.8936222436046832, "target_rescale": 3.6709458004711872},
{"mapping": [2, 0, 6, 9, 8, 3, 5, 1, 10, 4, 7, 11], "R": [[0.8943744892186051, 0.12983925931010692, -0.42806078981467405], [-0.2701028072269803, 0.9195528106936625, -0.2854244241011804], [0.3565652066075214, 0.37089674450874954, 0.8574945238016085]], "T": [0.11731401385791268, -0.05366739392853628, 0.05246179307034007], "aligned_model": [[0.18897692284186102, 0.39086779154839657, -0.4335060715033708, 0.2738963755553212, 0.7064983215053213, 0.6393911747344407, -0.6797410361160059, -0.369532723132558, 0.35598242198356334, -0.3163809887051719, -0.053230123825964315, -0.04520764263803356], [0.3429142655177291, -0.44205449883357417, -0.4892725133035237, -0.6510396442107915, -0.17491429973324935, -0.07314076329992009, 0.06394688379776234, -0.37631859210410934, 0.52286420007456, 0.5747710132094066, 0.13802359141383397, -0.012903799394748026], [-0.5758262617189639, -0.6938907351840832, 0.4285655575351575, 0.07823585792697757, 0.48144182265872393, -0.18699229083222826, 0.14213333835009226, -0.4970700314481742, 0.15304067536717975, -0.16570881011116584, 0.647370853875594, 0.022242322156486364]], "inverted": false, "swapped": false, "error_lsq": 0.04235338625516599, "error_max": 0.216832303725987, "target": "189.xyz", "model": "5.xyz", "model_rescale": 3.6523030999806103, "target_rescale": 3.6709458004711872},
{"mapping": [9, 11, 2, 3, 0, 7, 6, 10, 5, 8, 1, 12], "R": [[-0.4106081282984038, 0.9101120108344158, 0.05565152927115387], [0.9042675577420805, 0.3986164683715515, 0.15298723854676682], [0.11705190724825901, 0.11314167613186754, -0.9866599272959335]], "T": [-0.01511091365978983, -0.03876123356917714, -0.04875886222222642], "aligned_model": [[-0.01625920472331662, 0.3556589219234572, -0.3863507248391888, 0.46495658421404007, 0.6438653426278657, 0.6337988232516121, -0.6293859284774631, -0.5823577204592272, 0.3823025948636226, -0.1692751917866305, -0.1229934891540469, 0.08405441480707546], [0.22911811092713297, -0.5011082512475324, -0.5680146554446064, -0.45818500347331675, -0.09450467721016662, -0.0704808940710173, 0.14703010022977792, -0.265125052758324, 0.4506749283679941, 0.6140774249350092, -0.02388815525535823, -0.03671803186621699], [-0.7202513889122131, -0.6994000593550864, 0.34908966704205435, 0.22739254855189844, 0.6927306472375145, -0.26024899479679126, 0.05503058101773939, -0.5342107374940583, 0.20895857338907836, -0.10989938870487466, 0.637182102759192, -0.012831252158857012]], "inverted": true, "swapped": false, "error_lsq": 0.042301547906698635, "error_max": 0.19834254878383237, "target": "189.xyz", "model": "6.xyz", "model_rescale": 4.08911054899281, "target_rescale": 3.6709458004711872},
{"mapping": [13, 7, 4, 6, 0, 2, 10, 12, 1, 11, 9, 14], "R": [[0.6380354315679289, -0.5458601662514582, -0.5430906618271553], [0.20708474584490097, -0.5576783361986947, 0.8038101650097546], [-0.7416378469996524, -0.6253251572059021, -0.24277922411758]], "T": [-0.052762950656583645, -0.11982939352734137, 0.015328628624474453], "aligned_model": [[0.14285519100350685, 0.2588332150095699, -0.3035135470542521, 0.3118770247255496, 0.720131304840947, 0.7167314681566993, -0.7688336674260938, -0.42709944238408626, 0.4180803108162288, -0.33057575251547267, -0.02961355990421751, -0.050858123020579474], [0.23937381651066367, -0.5653567648005985, -0.7075462565530873, -0.44444294639533644, -0.15795103491429976, -0.11150013804672929, -0.05389417894492124, 0.031251873638439814, 0.4338390869769424, 0.391896233144181, 0.35320152785313896, 0.014004624664982285], [-0.5917966623192227, -0.5357631564040661, 0.3129231800256133, 0.11928388871846925, 0.5499662567248269, -0.22539633104859555, -0.03125650382305084, -0.5720797128926717, 0.11383698196122165, -0.05875236143443456, 0.6400390903853759, 0.11253762868213071]], "inverted": false, "swapped": false, "error_lsq": 0.05114277829878189, "error_max": 0.30266252802359134, "target": "189.xyz", "model": "7.xyz", "model_rescale": 3.964800864290218, "target_rescale": 3.6709458004711872},
{"mapping": [7, 2, 3, 6, 11, 12, 5, 1, 9, 8, 10, 13], "R": [[-0.43368767334994024, -0.8758567095248025, -0.21163654307491817], [-0.43796611169259203, 0.41016236352581187, -0.799970324796984], [0.7874647211102146, -0.2542476350476163, -0.5614779186036676]], "T": [0.06905368881234639, -0.20176367329531872, -0.05644027588857894], "aligned_model": [[0.14038666997362287, 0.27760784576142783, -0.37214896809132847, 0.2767537702458792, 0.706497074560919, 0.6377720669141228, -0.6230088817685531, -0.40035556115656423, 0.29001271556875674, -0.18389701859047428, -0.1338553629644752, 0.042250071794466965], [0.1425726129687276, -0.5487377089933493, -0.6550484471939245, -0.6272147337925137, -0.11420444771626839, 0.25214775191695726, 0.14781421990482793, -0.13452392755017242, 0.39519185994727724, 0.5209409098440654, 0.1747840066900547, -0.13084625289230611], [-0.6754695908020512, -0.5805804383687803, 0.29829318037856695, 0.27875801538519035, 0.4661806541123864, -0.259415056981243, 0.25647411808377457, -0.6380360666300078, 0.20562446156101047, -0.1255170921225545, 0.6451107018827418, -0.03788058792343779]], "inverted": true, "swapped": false, "error_lsq": 0.050459898576822954, "error_max": 0.2937867380481467, "target": "189.xyz", "model": "8.xyz", "model_rescale": 4.121658175737393, "target_rescale": 3.6709458004711872},
{"mapping": [8, 7, 4, 5, 10, 11, 1, 6, 3, 2, 0, 12], "R": [[0.17623643299823005, 0.7878843084027869, 0.5900669760770579], [0.5204058822219804, 0.4342485561797315, -0.7352590762476731], [-0.835534821197072, 0.4366537621829009, -0.33348921202745985]], "T": [0.07789546128935974, -0.11276539617167694, -0.08232708430039475], "aligned_model": [[0.036782011582319266, 0.4347775765677613, -0.5489736096501032, 0.26672315160701193, 0.664809767946289, 0.6343899192055654, -0.5451804549508527, -0.4282946255303267, 0.4452848252460183, -0.16177177730696873, -0.1376254776747503, -0.002906884794163664], [0.21939287878120692, -0.4935256865628812, -0.5771405952247955, -0.5723716254235336, -0.08960731565773897, 0.09227020506325692, 0.07491340268891974, -0.1926779671342164, 0.5308899185058087, 0.5378504038422656, -0.01314823282850261, -0.09396954291641371], [-0.729269046427455, -0.5099573771572327, 0.34136945819505193, 0.2848569617554861, 0.3987925791344842, -0.3088362344208298, 0.14457550883858783, -0.5487685351831488, 0.18862841501447664, -0.04226280626229399, 0.6676405075045887, -0.05322713241611926]], "inverted": false, "swapped": false, "error_lsq": 0.04619604034520141, "error_max": 0.22763451630494738, "target": "189.xyz", "model": "9.xyz", "model_rescale": 3.833441315466971, "target_rescale": 3.6709458004711872},
{"mapping": [6, 3, 8, 2, 13, 5, 11, 7, 0, 12, 10, 14], "R": [[-0.7780911784045687, -0.6265771485651639, 0.04444316578438476], [0.4694604197297023, -0.627071903609605, -0.6216009507800309], [0.41735001185599796, -0.4627979090265805, 0.7820722875824354]], "T": [0.05523907582985166, 0.030694508493510027, -0.09447594949491259], "aligned_model": [[0.07359992561568529, 0.1644860679925699, -0.2992722807501831, 0.4565938344275341, 0.6324043481472932, 0.7308665888813213, -0.6191866013259871, -0.42819885642711153, 0.3961389811860181, -0.23564185081827188, -0.2644089247209796, 0.05063319003991132], [0.4186307685581791, -0.6424653560194958, -0.4381036027336553, -0.5544128462027004, -0.15287974857730657, 0.014843944568354174, 0.019554833640917993, -0.31473307428324865, 0.4046069894963162, 0.557283518172657, 0.1717435097932214, -0.06119309327986349], [-0.6516096007556267, -0.6322888735306433, 0.41749025187229283, 0.02047619776225576, 0.4240481887920974, -0.12114849527051207, 0.007322845589495641, -0.39594158185444617, 0.36137454439771155, -0.12782799153490046, 0.6496238277501017, -0.11797701464223043]], "inverted": false, "swapped": false, "error_lsq": 0.04616417863745767, "error_max": 0.2584084465559625, "target": "189.xyz", "model": "10.xyz", "model_rescale": 4.2482417240324, "target_rescale": 3.6709458004711872},
{"mapping": [5, 9, 8, 10, 0, 4, 3, 7, 6, 2, 1, 11], "R": [[0.9033246544410383, -0.3931913056747073, -0.1714793451725241], [-0.1726563475283155, 0.032672158593035905, -0.9844401026527989], [0.3926758896815035, 0.9188760129607751, -0.03837340834678744]], "T": [0.029944768582827883, -0.008836738220935794, 0.03449402762130218], "aligned_model": [[0.24053415918691448, 0.18695504437772417, -0.2881114449534754, 0.3069892590766789, 0.531773675796101, 0.8121379990943872, -0.7765552666239494, -0.3757756546089244, 0.4052556927434525, -0.3587828996289908, -0.1293613570594829, 0.10295521484736453], [0.25438277715468877, -0.6077047936299427, -0.4809790908721769, -0.5848737419234923, -0.134972178745354, 0.026606469501206903, -0.06351990461271277, -0.16592826698749258, 0.5194328005030852, 0.6191626736398078, 0.0975610961760127, -0.056291997070254465], [-0.6367389912417084, -0.509579246528744, 0.26423229787402847, 0.11468182711022545, 0.5877544314662685, -0.35634751239268025, 0.10260475347693837, -0.48441775340726845, 0.010932558970463507, 0.08208420574494255, 0.7145290362250339, -0.05619330872190382]], "inverted": true, "swapped": false, "error_lsq": 0.045472765026525315, "error_max": 0.22666566282380282, "target": "189.xyz", "model": "11.xyz", "model_rescale": 3.6694154284099745, "target_rescale": 3.6709458004711872},
{"mapping": [4, 1, 10, 12, 5, 0, 8, 3, 6, 11, 7, 13], "R": [[-0.3757209447760371, -0.7360510865317057, -0.5630830930440883], [0.6834431484934852, -0.6304299987636269, 0.3680536366295072], [-0.6258907527946983, -0.24654982189080712, 0.7399148267819056]], "T": [0.020178003663761684, -0.05506977568512139, 0.06850861103216914], "aligned_model": [[0.08865880433185214, 0.1593250873804841, -0.28144886625417254, 0.28931482023726085, 0.6835041643667814, 0.654415395737462, -0.7033932963046938, -0.353102919711874, 0.32447442995540354, -0.32731469713625927, 0.018943118068625614, 0.10463838157692981], [0.27840824701039574, -0.5392132422416773, -0.43910029902666753, -0.6581240472795008, -0.01676479934422187, -0.041461134667159755, -0.03662634792970279, -0.12027084251122824, 0.4163943407078267, 0.5931623692853908, 0.05293446206811739, -0.0664628629381968], [-0.5885921712449772, -0.6117242071891326, 0.47479739477345095, 0.2286941901051432, 0.5191769212018508, -0.2605743569419479, -0.15217728599271957, -0.7045755200505296, 0.1390784725427457, 0.004692014251156548, 0.8036948990942173, -0.018948051973662075]], "inverted": false, "swapped": false, "error_lsq": 0.03853323677797719, "error_max": 0.1859661360835738, "target": "189.xyz", "model": "12.xyz", "model_rescale": 3.9764082729961374, "target_rescale": 3.6709458004711872},
{"mapping": [11, 3, 4, 7, 2, 8, 6, 14, 1, 13, 9, 15], "R": [[0.905448124902725, 0.3949601686408391, 0.15546754740890395], [-0.2933933823947979, 0.8470568789157932, -0.4431872821374451], [-0.3067311791733597, 0.35566994400516266, 0.8828447624890149]], "T": [-0.007831678493679224, 0.06150646025743677, 0.11971663666990545], "aligned_model": [[0.1678384065779035, 0.2248809015752004, -0.32239122568896145, 0.28957874688813595, 0.7206802422164044, 0.5932073736991073, -0.7411077967024212, -0.3699965222778912, 0.47886269962182176, -0.37046035824811235, 0.019894104819922674, -0.03297215023331006], [0.2466524391528085, -0.4514445201860273, -0.54103762549141, -0.6253482395509709, -0.13765106732661428, 0.008374568684222185, -0.06528632320580127, -0.05513174432209051, 0.419351615628884, 0.44371166565394804, 0.2161427334274979, -0.0354576593310711], [-0.6322179924430436, -0.5057188868282292, 0.3517869660457509, 0.22369432248902843, 0.37636069854555537, -0.24849783410167897, -0.05316635909773876, -0.5831632924319938, 0.3156707265709489, -0.19157128113974292, 0.7000768958859751, 0.0802883350807642]], "inverted": true, "swapped": false, "error_lsq": 0.045909484439897286, "error_max": 0.23382529867261775, "target": "189.xyz", "model": "13.xyz", "model_rescale": 4.170626492500431, "target_rescale": 3.6709458004711872},
{"mapping": [3, 9, 8, 12, 5, 11, 0, 1, 6, 2, 4, 13], "R": [[0.6246548660496244, -0.4954035417345766, -0.6036403143904188], [0.650490311309304, -0.09758103530013083, 0.753219952233396], [-0.4320516788686865, -0.8631646843949261, 0.26130073555226974]], "T": [-0.0562532955247007, -0.0895377631371741, -0.02632718716227852], "aligned_model": [[0.13065472993357424, 0.19772503893866378, -0.3507998612993963, 0.298278641624862, 0.7469113663990333, 0.6033432351919267, -0.6364663940603663, -0.41994856655792856, 0.542441216446768, -0.31616699440141294, -0.18215608250408227, 0.04419809253615765], [0.34683682010397054, -0.5026214966202774, -0.5700271527878227, -0.4817340049981994, -0.02071215276690694, -0.14009558760099716, 0.0043882874381165615, -0.1841708297538895, 0.49143438571871834, 0.5037025091748334, 0.04918641791990272, -0.07331135269407318], [-0.5264433912091876, -0.6752981211945774, 0.45733442990941314, 0.47983023360446225, 0.3948727529496842, -0.27539740654472494, -0.12825394438947793, -0.6968380389955129, 0.0810297437695377, 0.08961683243228846, 0.6577541094786167, -0.024664901234925825]], "inverted": true, "swapped": false, "error_lsq": 0.04954242630772731, "error_max": 0.32566896435474146, "target": "189.xyz", "model": "14.xyz", "model_rescale": 3.9786697098870705, "target_rescale": 3.6709458004711872},
{"mapping": [1, 9, 5, 8, 2, 0, 7, 6, 4, 10, 5, 11], "R": [[0.28838896227514943, -0.4339601587238634, -0.8535281993456467], [-0.6858222199052653, 0.5284393252026146, -0.5003996025813966], [0.6681913566651971, 0.7296783265383211, -0.1452234507858789]], "T": [0.08556016065067304, -0.09035050155301119, -0.11065920524831162], "aligned_model": [[0.07537068257867668, 0.1776440833579731, -0.11607650710368861, 0.08525000095529416, 0.7282736288084833, 0.7381333555670561, -0.5689069097613675, -0.3066292747760426, 0.26435122156371993, -0.3654757438331413, -0.11607650710368861, 0.06215639199452527], [0.4191004085092006, -0.5816973492764046, -0.1344212835148516, -0.4785172448996442, -0.19829084785499576, -0.002544338266569801, -0.1494826346891848, -0.16854413998724746, 0.3666918738506746, 0.6053488115659929, -0.1344212835148516, -0.12034612878874275], [-0.559020707014182, -0.4814867857494725, 0.6652660541189399, 0.23798762061222478, 0.46302685502838714, -0.3348106920697971, -0.039580024275656295, -0.7943469208407492, 0.2554838729521251, -0.04073019060417023, 0.6652660541189399, -0.20351283770099363]], "inverted": false, "swapped": false, "error_lsq": 0.06577558236371149, "error_max": 0.4994463041088789, "target": "189.xyz", "model": "15.xyz", "model_rescale": 3.769337070930944, "target_rescale": 3.6709458004711872},
{"mapping": [9, 0, 10, 8, 6, 7, 2, 1, 3, 5, 11], "R": [[0.5832833424527082, 0.8121943394493369, 0.01099533463120106], [-0.03220157616942243, 0.036647491902168886, -0.9988093010327275], [-0.8116302119249885, 0.5822347604735876, 0.0475298094553572]], "T": [-0.04594290956313778, 0.11829757555900633, -0.047874690022218475], "aligned_model": [[-0.33679582225722426, -0.3852883261749529, -0.07441655615267863, -0.5964330326136515, 0.32313369512129525, 0.39391237091792225, 0.5752095589088367, 0.2712737100557621, 0.15447625091088193, -0.44257846036470183, 0.04013274233968169], [0.07154758119264168, -0.5567972222182404, 0.7837295359524776, 0.3106885460646883, 0.08486967765378933, -0.47378895857206726, 0.5733915507330212, -0.42304998120379755, 0.3046840441590927, -0.08795922418888022, 0.008748948052616876], [-0.6499400472466358, -0.07431613395664548, -0.1394021214924846, 0.04589211465423926, -0.6567646652561159, -0.25138972313688046, -0.06111834461153077, 0.5544308567630956, 0.5105590379266466, 0.4999180557588271, -0.033651422178738656]], "inverted": true, "swapped": true, "error_lsq": 0.04675484426322305, "error_max": 0.23855048674519017, "target": "189.xyz", "model": "16.xyz", "model_rescale": 3.7852294659196426, "target_rescale": 3.6709458004711872},
{"mapping": [11, 7, 4, 1, 3, 2, 10, 6, 8, 9, 0, 12], "R": [[-0.3750112165794673, 0.8350778847256045, -0.4025065389304851], [-0.9014623369665641, -0.22725196557744937, 0.36840493912536953], [0.21617641515754976, 0.5010004696438877, 0.8380132975951127]], "T": [0.0973338963461926, -0.10154806868289415, 0.021256573423398463], "aligned_model": [[0.15615279883087296, 0.19077407762966558, -0.3015784083654201, 0.45471459717402496, 0.655892379992789, 0.6573976128677215, -0.6854703295153174, -0.4569763101332567, 0.32052843957080734, -0.2902521195468116, -0.07844881112272453, 0.03528049486544896], [0.30455625021417687, -0.41174294131485956, -0.4918903967941377, -0.6774778549106201, -0.10927038463295129, -0.14003130698471444, 0.034379115553766076, -0.3410578557062982, 0.5087448523740696, 0.6674096322343553, 0.1199133024361399, -0.04065656933555103], [-0.5866510620911732, -0.6004146247923239, 0.4574773032425557, 0.14306819133631793, 0.5873379786517793, -0.22150811683481617, -0.11289416208705269, -0.6289499267092122, 0.06521857559554367, 0.09703862932113308, 0.642386557078749, -0.008567044135904436]], "inverted": true, "swapped": false, "error_lsq": 0.040618629965468424, "error_max": 0.21499559804837867, "target": "189.xyz", "model": "17.xyz", "model_rescale": 3.901054581598922, "target_rescale": 3.6709458004711872},
{"mapping": [3, 12, 10, 11, 6, 7, 5, 13, 1, 8, 4, 14], "R": [[-0.8715871445037938, 0.3228513177517821, 0.3689212330046355], [0.4679410123165846, 0.32349889698354184, 0.822423049678547], [0.14617475338735048, 0.8894467326806983, -0.43303285232852456]], "T": [-0.010014595143315007, 0.021661536949002906, -0.03949375955796264], "aligned_model": [[0.16829191967674356, 0.3129123290170631, -0.30012132622060167, 0.31027576587034866, 0.5938847715892359, 0.636218430199559, -0.6271800310570862, -0.3802313246410927, 0.44914772816640536, -0.3952216576025597, -0.10636939509840357, -0.003592787651811898], [0.15463152543578312, -0.4313066961596543, -0.44403517873853765, -0.6983777212658953, -0.18949848888748066, 0.018531594949527212, -0.012540671220040635, -0.17008079901789577, 0.4700720562941592, 0.5081777290998434, 0.2445483365386443, -0.027245843895077636], [-0.770200033273554, -0.5319499358050979, 0.569947297239452, 0.08576014336626592, 0.35349828058903593, -0.18798653452200054, -0.12906541057180976, -0.6342009548217368, 0.23213745446071954, 0.19574179461367752, 0.7132420486802996, -0.06338185137965546]], "inverted": true, "swapped": false, "error_lsq": 0.04936603510584575, "error_max": 0.25068952858769, "target": "189.xyz", "model": "18.xyz", "model_rescale": 3.9405287249114394, "target_rescale": 3.6709458004711872},
{"mapping": [11, 14, 1, 12, 4, 13, 2, 10, 7, 5, 0, 15], "R": [[-0.6609595845415583, 0.5003420430111807, 0.5592765573471222], [0.11982599156377846, 0.806089746951132, -0.5795352030774469], [-0.7407929260923111, -0.3160334790107816, -0.5927467256728914]], "T": [0.10277679250784011, -0.056935204808072445, 0.05032375351393185], "aligned_model": [[0.06219118922501546, 0.25533361223061096, -0.33473283825391786, 0.3442194605001484, 0.5812853775501426, 0.6202811375740032, -0.7416402425203482, -0.368648837110386, 0.5602000949454391, -0.3912866816810686, 0.003669426582443791, 0.06714272320571742], [0.20925778421915553, -0.4844233962597034, -0.4123642178675329, -0.5416111046176084, -0.10536945459472527, -0.004891633750893784, 0.05644669124904135, -0.2551148762582098, 0.4462010731866609, 0.6038655824617675, -0.033772127680240446, -0.05534847695433575], [-0.6180379025516564, -0.5771467438018173, 0.3935073248656601, 0.13359303011680312, 0.6010947459459008, -0.3748945021163094, -0.12122711245224146, -0.5466575950301421, 0.23265136276176338, -0.05217622587539807, 0.7302615887851064, 0.03257432792792671]], "inverted": false, "swapped": false, "error_lsq": 0.03708295291095796, "error_max": 0.18147570433744592, "target": "189.xyz", "model": "19.xyz", "model_rescale": 4.410303926677745, "target_rescale": 3.6709458004711872},
{"mapping": [7, 2, 3, 6, 11, 12, 5, 1, 9, 8, 10, 13], "R": [[-0.43368767334994024, -0.8758567095248025, -0.21163654307491817], [-0.43796611169259203, 0.41016236352581187, -0.799970324796984], [0.7874647211102146, -0.2542476350476163, -0.5614779186036676]], "T": [0.06905368881234639, -0.20176367329531872, -0.05644027588857894], "aligned_model": [[0.14038666997362287, 0.27760784576142783, -0.37214896809132847, 0.2767537702458792, 0.706497074560919, 0.6377720669141228, -0.6230088817685531, -0.40035556115656423, 0.29001271556875674, -0.18389701859047428, -0.1338553629644752, 0.042250071794466965], [0.1425726129687276, -0.5487377089933493, -0.6550484471939245, -0.6272147337925137, -0.11420444771626839, 0.25214775191695726, 0.14781421990482793, -0.13452392755017242, 0.39519185994727724, 0.5209409098440654, 0.1747840066900547, -0.13084625289230611], [-0.6754695908020512, -0.5805804383687803, 0.29829318037856695, 0.27875801538519035, 0.4661806541123864, -0.259415056981243, 0.25647411808377457, -0.6380360666300078, 0.20562446156101047, -0.1255170921225545, 0.6451107018827418, -0.03788058792343779]], "inverted": true, "swapped": false, "error_lsq": 0.050459898576822954, "error_max": 0.2937867380481467, "target": "189.xyz", "model": "20.xyz", "model_rescale": 4.121658175737393, "target_rescale": 3.6709458004711872},
{"mapping": [9, 11, 2, 3, 0, 7, 6, 10, 5, 8, 1, 12], "R": [[-0.4106081282984038, 0.9101120108344158, 0.05565152927115387], [0.9042675577420805, 0.3986164683715515, 0.15298723854676682], [0.11705190724825901, 0.11314167613186754, -0.9866599272959335]], "T": [-0.01511091365978983, -0.03876123356917714, -0.04875886222222642], "aligned_model": [[-0.01625920472331662, 0.3556589219234572, -0.3863507248391888, 0.46495658421404007, 0.6438653426278657, 0.6337988232516121, -0.6293859284774631, -0.5823577204592272, 0.3823025948636226, -0.1692751917866305, -0.1229934891540469, 0.08405441480707546], [0.22911811092713297, -0.5011082512475324, -0.5680146554446064, -0.45818500347331675, -0.09450467721016662, -0.0704808940710173, 0.14703010022977792, -0.265125052758324, 0.4506749283679941, 0.6140774249350092, -0.02388815525535823, -0.03671803186621699], [-0.7202513889122131, -0.6994000593550864, 0.34908966704205435, 0.22739254855189844, 0.6927306472375145, -0.26024899479679126, 0.05503058101773939, -0.5342107374940583, 0.20895857338907836, -0.10989938870487466, 0.637182102759192, -0.012831252158857012]], "inverted": true, "swapped": false, "error_lsq": 0.042301547906698635, "error_max": 0.19834254878383237, "target": "189.xyz", "model": "21.xyz", "model_rescale": 4.08911054899281, "target_rescale": 3.6709458004711872},
{"mapping": [7, 4, 15, 2, 1, 0, 9, 12, 8, 5, 11, 16], "R": [[0.5166867665948559, 0.7156167931463275, 0.4700291380252073], [0.3085732551910261, -0.6677397183208396, 0.6774261692299907], [0.7986346670453062, -0.20497871583111327, -0.5658324793166798]], "T": [0.006743939198579109, -0.05259662108433054, -0.09691262757973289], "aligned_model": [[0.11444349264226514, 0.41425877042976517, -0.19622668420236808, 0.2928223146232551, 0.5752569964252114, 0.7227834423588557, -0.6800500609588624, -0.5030208778125942, 0.29491573245812785, -0.3489540686567061, -0.06444881821160442, 0.036234183152454635], [0.23686280220043798, -0.5480796521759371, -0.4738165311387759, -0.6665198630513294, -0.1363950186678634, -0.014905326451054232, 0.13398259563450365, -0.11036324374103662, 0.42504219032161145, 0.5121422783483341, 0.13019578247376978, -0.06527017061928467], [-0.737545312094903, -0.37026297803615893, 0.46244748120898765, 0.1531098623293961, 0.45059911986620044, -0.39007844141573617, -0.06451187451988548, -0.6277349657292194, 0.3148885398158539, 0.1317311053838715, 0.642960036297123, -0.13206027452993369]], "inverted": true, "swapped": false, "error_lsq": 0.04485843095071727, "error_max": 0.2429233632476243, "target": "189.xyz", "model": "22.xyz", "model_rescale": 4.204369325754507, "target_rescale": 3.6709458004711872},
{"mapping": [11, 14, 1, 12, 4, 13, 2, 10, 7, 5, 0, 15], "R": [[-0.6609595845415583, 0.5003420430111807, 0.5592765573471222], [0.11982599156377846, 0.806089746951132, -0.5795352030774469], [-0.7407929260923111, -0.3160334790107816, -0.5927467256728914]], "T": [0.10277679250784011, -0.056935204808072445, 0.05032375351393185], "aligned_model": [[0.06219118922501546, 0.25533361223061096, -0.33473283825391786, 0.3442194605001484, 0.5812853775501426, 0.6202811375740032, -0.7416402425203482, -0.368648837110386, 0.5602000949454391, -0.3912866816810686, 0.003669426582443791, 0.06714272320571742], [0.20925778421915553, -0.4844233962597034, -0.4123642178675329, -0.5416111046176084, -0.10536945459472527, -0.004891633750893784, 0.05644669124904135, -0.2551148762582098, 0.4462010731866609, 0.6038655824617675, -0.033772127680240446, -0.05534847695433575], [-0.6180379025516564, -0.5771467438018173, 0.3935073248656601, 0.13359303011680312, 0.6010947459459008, -0.3748945021163094, -0.12122711245224146, -0.5466575950301421, 0.23265136276176338, -0.05217622587539807, 0.7302615887851064, 0.03257432792792671]], "inverted": false, "swapped": false, "error_lsq": 0.03708295291095796, "error_max": 0.18147570433744592, "target": "189.xyz", "model": "23.xyz", "model_rescale": 4.410303926677745, "target_rescale": 3.6709458004711872},
{"mapping": [1, 11, 6, 9, 8, 10, 12, 7, 4, 0, 5, 16], "R": [[-0.45529176438500124, 0.8180376649738941, -0.35145951113499796], [0.4059850007555263, 0.5420665195813426, 0.735758158303736], [0.7923923197789894, 0.19229734016108802, -0.5789094441467014]], "T": [0.03321292493307905, -0.14938330822286228, -0.012465307428698818], "aligned_model": [[0.1723524853514642, 0.24036216623503925, -0.4740781319844657, 0.5183462022785115, 0.7390895994641429, 0.6527194099513931, -0.7095260881694145, -0.3614220330502238, 0.3685408704287621, -0.3873251046014061, -0.16069045551294303, 0.05964550185693965], [0.24340007826622334, -0.5089557652895311, -0.4956176203960603, -0.5340695450222648, -0.0678538940373436, -0.03645499754825213, 0.08912235939989574, -0.09713721138878051, 0.3269222252646235, 0.4664365999873096, 0.07731714942275525, -0.040233535525199204], [-0.7625964583583754, -0.4905012125214268, 0.43550307806879396, 0.08283519654466868, 0.40081152742898646, -0.17751941353953446, 0.18151829938139769, -0.5448791426972973, 0.3543760489230574, -0.13204547908535577, 0.5412588251344445, -0.055218970703762596]], "inverted": true, "swapped": false, "error_lsq": 0.0442830033557908, "error_max": 0.19515653435694563, "target": "189.xyz", "model": "24.xyz", "model_rescale": 4.28219845311461, "target_rescale": 3.6709458004711872},
{"mapping": [6, 2, 7, 13, 12, 14, 1, 0, 11, 8, 9, 15], "R": [[0.1599079450813467, 0.5895072848981233, 0.7917768689169342], [-0.9124401516081508, -0.2177971209869824, 0.34643525199245606], [0.3766728273092655, -0.7778467555642467, 0.5030626263448912]], "T": [-0.030147443390131194, -0.052189191583507606, 0.06215966524576486], "aligned_model": [[0.0633066748499494, 0.2279746657859958, -0.20033527757905212, 0.2962215660011998, 0.6342433528567116, 0.6593491365460619, -0.610980200435776, -0.3926919994487432, 0.31119775738649846, -0.19501828454621495, -0.07210098745306409, -0.06315198171576676], [0.2809962574454314, -0.42183501713313526, -0.6441486389346025, -0.533650878394782, -0.09267281226175, 0.06285579019146728, 0.19576090909042457, -0.21197373459204913, 0.3034160849948046, 0.5707232791105217, -0.01420454617553684, -0.07239085020741842], [-0.7699766933520162, -0.4531217770710735, 0.5377289236467844, 0.18296682885276364, 0.43814616307818766, -0.24033619145200494, -0.04287106723389047, -0.650991452487091, 0.2934720350512271, -0.1961883878128354, 0.7357105176189617, -0.0009966002634168233]], "inverted": false, "swapped": false, "error_lsq": 0.043781416535493146, "error_max": 0.22372294614824415, "target": "189.xyz", "model": "25.xyz", "model_rescale": 4.100010024507729, "target_rescale": 3.6709458004711872},
{"mapping": [5, 9, 8, 10, 0, 4, 3, 7, 6, 2, 1, 11], "R": [[0.9033246544410383, -0.3931913056747073, -0.1714793451725241], [-0.1726563475283155, 0.032672158593035905, -0.9844401026527989], [0.3926758896815035, 0.9188760129607751, -0.03837340834678744]], "T": [0.029944768582827883, -0.008836738220935794, 0.03449402762130218], "aligned_model": [[0.24053415918691448, 0.18695504437772417, -0.2881114449534754, 0.3069892590766789, 0.531773675796101, 0.8121379990943872, -0.7765552666239494, -0.3757756546089244, 0.4052556927434525, -0.3587828996289908, -0.1293613570594829, 0.10295521484736453], [0.25438277715468877, -0.6077047936299427, -0.4809790908721769, -0.5848737419234923, -0.134972178745354, 0.026606469501206903, -0.06351990461271277, -0.16592826698749258, 0.5194328005030852, 0.6191626736398078, 0.0975610961760127, -0.056291997070254465], [-0.6367389912417084, -0.509579246528744, 0.26423229787402847, 0.11468182711022545, 0.5877544314662685, -0.35634751239268025, 0.10260475347693837, -0.48441775340726845, 0.010932558970463507, 0.08208420574494255, 0.7145290362250339, -0.05619330872190382]], "inverted": true, "swapped": false, "error_lsq": 0.045472765026525315, "error_max": 0.22666566282380282, "target": "189.xyz", "model": "26.xyz", "model_rescale": 3.6694154284099745, "target_rescale": 3.6709458004711872},
{"mapping": [4, 2, 3, 6, 1, 0, 9, 10, 5, 8, 7, 13], "R": [[-0.5352898160066549, -0.539617384663733, -0.6498291244998445], [-0.4446143331670088, 0.8341295190348339, -0.32641390935003495], [0.7181802751552132, 0.11419730138400641, -0.6864226604174668]], "T": [-0.031848496813112394, -0.08451054660587803, -0.056345785489822664], "aligned_model": [[0.18415679917811725, 0.2597681608126002, -0.29704118464654483, 0.3062677888479245, 0.6796572729118623, 0.5943570960625234, -0.6997650783227477, -0.3524567278393906, 0.4570856969049088, -0.3134341205709903, -0.1547498731929505, -0.005831407897512818], [0.3574956435652196, -0.49135431141251346, -0.43929459449123615, -0.6352677720174584, -0.1861531488240401, 0.018718284914129288, -0.1668370309956514, 0.024051754505971884, 0.4450153716251551, 0.48278873826979257, 0.13097180571763628, -0.11725889772362974], [-0.714755088312238, -0.5163104822182281, 0.6193999788471076, 0.17502899237525307, 0.45656256378725907, -0.2411259438603276, 0.05307690677670823, -0.5536538478295936, 0.27003459972969374, -0.14142369274246291, 0.5220927438627005, -0.09538443184027628]], "inverted": false, "swapped": false, "error_lsq": 0.0462296032664167, "error_max": 0.2588826412087257, "target": "189.xyz", "model": "27.xyz", "model_rescale": 4.103607728864725, "target_rescale": 3.6709458004711872},
{"mapping": [6, 11, 4, 13, 12, 10, 1, 7, 3, 0, 2, 14], "R": [[-0.2011766271642565, -0.902690897510904, 0.38036444133721603], [-0.8580998057421572, -0.02487204431023987, -0.51288020511334], [0.4724327339083163, -0.429570163026703, -0.7695952098143063]], "T": [0.1570392552411702, -0.024957883003942628, -0.16583137364121825], "aligned_model": [[0.18676507297553419, 0.3000888681456745, -0.2802733674455484, 0.30063595240704777, 0.5677631418518957, 0.6147132062918537, -0.6802436912480719, -0.42447207679257803, 0.30927943620903164, -0.21481750753050713, -0.05779529484318402, 0.03637068222665166], [0.03436790574697253, -0.54297889762964, -0.5360268599177361, -0.6049901195232028, -0.11372175594655419, 0.15751463554440714, 0.16092589237453134, -0.23222239535192793, 0.4943016652750748, 0.5447474261434838, 0.029435447370030964, 0.031522899047935954], [-0.7958028725211079, -0.5939111210170103, 0.4417667320254054, 0.08479808614995898, 0.5829813405619686, -0.2962676063759572, 0.09352421554900325, -0.5386144717034441, 0.35447940021105595, 0.050617580368383375, 0.5357441304443806, -0.08577311511704071]], "inverted": false, "swapped": false, "error_lsq": 0.04573420154606509, "error_max": 0.3101678476540433, "target": "189.xyz", "model": "28.xyz", "model_rescale": 4.137296879288765, "target_rescale": 3.6709458004711872},
{"mapping": [0, 1, 3, 2, 10, 5, 8, 7, 6, 9, 11], "R": [[-0.7788745310066798, -0.5898425181818298, 0.21316723175488833], [0.12655450955598735, -0.4806985833270663, -0.8677054961785103], [0.6142787812224739, -0.6488564369198083, 0.44905111424821426]], "T": [0.03556801186047477, 0.06994694411877353, -0.02178203668856721], "aligned_model": [[0.4850032490511519, 0.03362205178790746, -0.023170902167013056, -0.642018855991205, -0.1046502542668631, 0.6117618383292409, 0.5358168292149822, -0.31076071768738023, -0.48302574318363733, 0.13621667384380295, -0.01737515822108826], [-0.37861269890687865, -0.7462188847883339, -0.07461039319846519, 0.2575204011764073, 0.6803032929038679, -0.20715036789791938, 0.37231096039006917, -0.48755384540859814, 0.17939876389741588, 0.3804815389985958, -0.0567209505182088], [0.3885954260682763, -0.3223233576872362, -0.6237861066746515, -0.33612030104369356, -0.2663054067715098, -0.32370300970078103, -0.10647558524587714, 0.3715457924008663, 0.4548339332499967, 0.5636253303554805, 0.005867306832127946]], "inverted": true, "swapped": true, "error_lsq": 0.049104847925976684, "error_max": 0.24364105601993996, "target": "189.xyz", "model": "29.xyz", "model_rescale": 3.607286011436655, "target_rescale": 3.6709458004711872},
