[{"mapping": [1, 12, 4, 5, 6, 3, 13, 14, 7, 11, 10, 15], "R": [[0.6960529002326614, -0.7169732126012587, -0.0382069691277811], [-0.5072069248896687, -0.5286769735227919, 0.6806186840006284], [-0.5081845092303254, -0.4543677696305183, -0.7316409190985163]], "T": [0.07106375994487946, -0.07150652648438596, -0.05429831764070735], "aligned_model": [[-0.3729964115003694, 0.06713802425983101, 0.5969321816691208, -0.05917522367081457, -0.21257062086749118, -0.6147550506234519, 0.41716032906514666, -0.16986382250564613, 0.7416254885556268, -0.0153351116388932, -0.5776638373432297, 0.03714651706071982], [-0.2351254381190749, -0.6192782673900872, -0.40695047507018334, 0.7482060606552082, 0.35798417238821667, -0.5745534672443517, -0.19995934808867083, -0.4296898224465048, 0.14006406841232882, 0.27458667366734435, 0.04982053650829335, -0.051549657295461265], [-0.5142535761941177, -0.06265120180494387, -0.4358802734595101, -0.1029986707249687, -0.5959372501366335, -0.009299102795958178, 0.5069920553722679, 0.5886617033438357, -0.08908912733176307, 0.5717751075241061, 0.37271021301048884, -0.04807813144924082]], "inverted": true, "swapped": true, "error_lsq": 0.043761240752095816, "error_max": 0.22578747439057303, "target": "19.xyz", "model": "0.xyz", "model_rescale": 3.751011558992144, "target_rescale": 4.410303926677745},
{"mapping": [1, 12, 2, 6, 14, 11, 4, 0, 10, 9, 13, 7, 8, 5, 15], "R": [[0.9144588736023582, -0.062050078222745164, 0.39989343115692433], [-0.39504232064534167, -0.35124104107485976, 0.8488647100473621], [0.08778686341958913, -0.9342266956457626, -0.3457078936815741]], "T": [0.06189880721210828, -0.09462552701885428, -0.01875954797002577], "aligned_model": [[0.1276205790636604, 0.15238376709966941, -0.41983392325286145, 0.19976508202723336, -0.5103791026250319, -0.5070616770020848, 0.7434735836383639, 0.633515963513414, -0.7005759623576395, 0.014731658745484509, -0.09652990133643222, 0.5000659762835539, 0.4897961160277521, -0.11950023734081558, 0.03161428860476821], [-0.10772804027188719, -0.6201799338141027, 0.45452176525461097, 0.4763006387023405, -0.5940895242399203, 0.08051740871937464, -0.34767009619086015, 0.04759865964508721, -0.05296580067804145, 0.34604455439210474, -0.3840016884027775, 0.08109504670003327, 0.5290819954108934, 0.7153600169278522, -0.07512765232760185], [-0.6752870773475723, -0.14423504255615532, -0.48960571265710584, -0.48062496035302216, 0.13214661979184808, 0.387223359753393, 0.05927441109993219, -0.37330202117421074, -0.20530908540524662, 0.6078144591602744, 0.5664682939021073, 0.5035022262975948, -0.03160381162476622, 0.028994488419709058, -0.035789742454802854]], "inverted": true, "swapped": true, "error_lsq": 0.045853926055155335, "error_max": 0.28918252040798836, "target": "19.xyz", "model": "1.xyz", "model_rescale": 3.9405287249114394, "target_rescale": 4.410303926677745},
{"mapping": [13, 11, 9, 1, 2, 7, 12, 3, 6, 8, 0, 4, 15], "R": [[0.5880132449462945, -0.794485526670648, 0.1517668332627132], [0.1766261130066852, 0.30922631730411654, 0.9344422405321173], [-0.7893311345511962, -0.5226584282276494, 0.32215606067669184]], "T": [-0.014236658828581359, 0.06317688499344637, 0.035095053084355544], "aligned_model": [[-0.29468655125464605, 0.022537524456945502, -0.5255969493810495, 0.4322339112159896, 0.5504321602131039, -0.7160899916126349, 0.11246623699496194, 0.7685671093892356, 0.13863397067472485, -0.3913843712246302, -0.14659678952665542, -0.46911382815120545, 0.014580847489791486], [0.6718887349076026, 0.4912206843351243, 0.19028456551184245, -0.3542503794863553, -0.30670127021881693, 0.04053225336018691, 0.26477432940751666, 0.20471539640649777, -0.6344526546576263, -0.5487542224008506, -0.5306833230864882, -0.08640035502752572, 0.05665883452090935], [-0.011247011870298328, -0.5433851688667841, -0.5229050703527847, 0.2839683801654714, -0.5123212036270138, -0.015051420963710246, 0.5284954065550811, 0.33942005226274846, -0.18451153068242346, -0.20064225489546642, 0.3552280051789447, 0.5877056200416148, 0.008366546643264583]], "inverted": false, "swapped": true, "error_lsq": 0.04400909091996917, "error_max": 0.26505062742301655, "target": "19.xyz", "model": "2.xyz", "model_rescale": 3.932901565614263, "target_rescale": 4.410303926677745},
{"mapping": [14, 12, 3, 13, 10, 2, 1, 11, 9, 5, 0, 7, 6, 15], "R": [[-0.8388093583127021, -0.45238834258681104, -0.3028921390505063], [-0.5414938984100158, 0.7509089482472509, 0.3780477607749201], [0.056420017651154404, 0.4811242447993719, -0.8748349802531206]], "T": [0.14922490611619055, 0.01273866419795272, -0.010663356017724147], "aligned_model": [[-0.29501574485987625, 0.4065133467691272, 0.1714128100897167, -0.1850969431316941, -0.43166133038666454, -0.17952396878863885, 0.506680185341918, -0.5651763365428306, -0.27836772935242104, -0.21731134591597157, 0.768578649211709, 0.2481732919794898, 0.3442472936028971, 0.12635773403594225], [0.05736467071614754, 0.08015844447993059, -0.5415784605940521, 0.5441544093026249, -0.4604853413414464, -0.7385072160397161, -0.5356190313581533, 0.10019536403227036, 0.4260893927149997, -0.23566855315257634, -0.11445577298828835, 0.5957080627436739, -0.49450151693853367, -0.019357813226392157], [-0.6434332396553576, -0.4896166875047313, -0.6569363764615238, -0.24973667603124614, -0.24843269333715648, 0.27722392693827147, -0.09462159002423898, 0.023911086004564645, 0.47442999611562436, 0.6930465793059503, 0.2593306698761778, 0.371411827991432, 0.5021300942249923, -0.0048105543856617255]], "inverted": false, "swapped": true, "error_lsq": 0.04151947705292325, "error_max": 0.2862357081031888, "target": "19.xyz", "model": "3.xyz", "model_rescale": 3.9243930471874484, "target_rescale": 4.410303926677745},
{"mapping": [1, 2, 3, 12, 14, 0, 4, 10, 11, 9, 13, 7, 15], "R": [[0.25540573914401166, -0.3492193707415896, 0.9015618334374795], [0.7506463658408445, 0.6593206814134285, 0.042734909739763516], [-0.6093422206463577, 0.6658393726413159, 0.43053453749773085]], "T": [-0.06477649819343541, -0.10730358220358455, -0.06667023641912831], "aligned_model": [[-0.07064472256461339, -0.1829444925377252, 0.5700083327078782, 0.2977958610721561, 0.6751364629750622, -0.5155771495817758, -0.288183608496669, 0.37883397908107735, 0.13269574430290954, -0.40575008509692795, 0.2388855630014693, -0.49220523221930973, -0.06084476633217929], [-0.5281237732396842, 0.21604359372995502, -0.3944746996336715, -0.4966221397777617, 0.11147516378756023, -0.6163701139915985, -0.6393061227601708, 0.3130435277035214, 0.5851520922390603, 0.494598790727838, 0.18590162457092374, -0.016222410862858527, -0.0872659788115263], [-0.5749962683499246, -0.8646728754758543, -0.5565779447127529, 0.0641403412660797, -0.00031036696783207085, -0.16818031905687544, 0.38247070863417554, -0.5610608599058088, -0.03978056785547833, 0.26568558713482193, 0.4559672140980987, 0.485266758624312, -0.100881092061997]], "inverted": false, "swapped": true, "error_lsq": 0.04155974954788514, "error_max": 0.2732511098537486, "target": "19.xyz", "model": "4.xyz", "model_rescale": 3.8936222436046832, "target_rescale": 4.410303926677745},
{"mapping": [2, 10, 1, 6, 12, 13, 9, 7, 8, 5, 0, 15], "R": [[-0.08504579483433503, 0.15405590996205645, -0.9843952404328045], [-0.9771621091639293, -0.2059879178955589, 0.05218419392262236], [-0.1947342424826654, 0.9663517756421909, 0.16805600411138907]], "T": [-0.2733943097079592, 0.07028285973375276, -0.01708292978354007], "aligned_model": [[0.05399734645247106, -0.5692219471036493, -0.12896681426228293, 0.3689630109940396, -0.656111389282603, -0.7079038646630533, -0.03718392823534725, -0.010871019740175736, 0.46881997117212004, 0.32378880510313934, 0.19028834938589573, -0.26805047760545675], [-0.5782855451342503, -0.5897977752369634, 0.1915643276939603, -0.05722035935189207, 0.42339235116635954, 0.027645438482449283, -0.2473136494882921, 0.31246316983239963, 0.12586210979826146, -0.4970932271397854, 0.5217574317257758, 0.03594863276178455], [-0.4940514934190812, -0.3247899352872601, -0.6494996658588473, -0.37680985017672874, -0.1873191958124163, 0.4935180321561452, 0.6404480276405723, 0.5895930698788472, 0.11819849449891848, 0.09569714907550878, -0.24912465115325985, -0.03657526226688018]], "inverted": false, "swapped": true, "error_lsq": 0.0411749792731069, "error_max": 0.24594338212650685, "target": "19.xyz", "model": "5.xyz", "model_rescale": 3.6523030999806103, "target_rescale": 4.410303926677745},
{"mapping": [14, 12, 4, 13, 7, 10, 0, 11, 2, 5, 8, 9, 15], "R": [[-0.33502041888608647, 0.8415170865842072, 0.4238045680690796], [-0.8097237957342951, -0.027149849420827377, -0.5861827874460939], [-0.48177660129051214, -0.5395478465004326, 0.6904921634498894]], "T": [0.005253276173196236, 0.005907721338860326, 0.16067608884136653], "aligned_model": [[0.14037682448597402, 0.004929744928087065, 0.25894562537632193, 0.5952059154377038, 0.5560413087514281, -0.326596915422115, -0.25570539025435324, 0.25383422625686003, -0.6467610104699694, -0.1422880432209121, -0.04876176350204828, 0.5125523718861708, -0.02068998958885302], [-0.6587053162519239, 0.025270092586865377, 0.6144036752099541, -0.28877883901173684, 0.37991989191375813, -0.6998400589810523, 0.6417540873747482, -0.5820513580775185, -0.29666316242997837, -0.041898908063386454, 0.5292408880897763, -0.06421102353528324, -0.017613064661039665], [0.5345344831993118, 0.7081832176685451, 0.4769637659557074, 0.28891633192263455, -0.06817536597550117, 0.06218975548389938, 0.1772360155097451, -0.17357656124111787, -0.32784567456492675, -0.6561523680671264, -0.38290180585570144, -0.4109363988306648, 0.14167434427698425]], "inverted": false, "swapped": true, "error_lsq": 0.04544300175652208, "error_max": 0.25452761717518063, "target": "19.xyz", "model": "6.xyz", "model_rescale": 4.08911054899281, "target_rescale": 4.410303926677745},
{"mapping": [3, 10, 14, 1, 0, 7, 12, 13, 6, 2, 8, 5, 9, 11, 15], "R": [[-0.34836742316639435, -0.40995763503459937, -0.8429560344129726], [0.6764801424701424, -0.7324609731166032, 0.07665206914790275], [-0.6488564982490214, -0.5435399344463268, 0.532493741129509]], "T": [0.01424524262703009, 0.04112676709894066, -0.16607980120872393], "aligned_model": [[0.09167603764267168, 0.3565902081515041, 0.6888034787052258, -0.44417905930427976, -0.6359820049083311, -0.001903338506363133, 0.10449501074226777, 0.6164489481384462, -0.6177517089684847, -0.22359785686292377, -0.5343474731411453, -0.1921742369034029, 0.2561516510200332, 0.5581981169077994, 0.013905767086536926], [-0.6914105643432545, -0.6200686145543285, -0.27573791506619827, -0.3847800522081087, 0.19180660593692525, 0.729761464523472, -0.01495708093977615, 0.3348282048825045, -0.16287448482840997, -0.6009600645701964, 0.36354783922798145, -0.006016432153801189, 0.48200063064290344, -0.05332912269422959, 0.008948402313629804], [-0.5936568409346173, 0.0859611256403904, -0.376571894674593, -0.3757699646546574, -0.3309263076512271, -0.020659631453131377, -0.7035262111452949, -0.21527337684776485, 0.1763333965192115, 0.36915887791970725, 0.2430202354439446, 0.6379296265926353, 0.41367995332650775, 0.29696075570274827, -0.14258971170177837]], "inverted": true, "swapped": true, "error_lsq": 0.045741297510744065, "error_max": 0.27434682229383583, "target": "19.xyz", "model": "7.xyz", "model_rescale": 3.964800864290218, "target_rescale": 4.410303926677745},
{"mapping": [0, 7, 4, 6, 12, 5, 1, 13, 11, 10, 2, 3, 14, 15], "R": [[-0.22030493280628705, 0.4757218632228931, 0.8515600069478112], [-0.24348646243960057, -0.8721929972326635, 0.42425666545966273], [0.9445528461604816, -0.11387749747005387, 0.3079802532307737]], "T": [0.08793682977073387, -0.03887494267490667, -0.026887710416635693], "aligned_model": [[-0.33490872001023264, 0.3229405372790666, 0.23508547747010833, -0.6443253777998007, 0.32071714263300016, -0.3766401209027133, -0.4085959227516611, 0.7350013693074939, 0.3454892536721335, 0.003256003140297045, -0.5692547888763927, -0.019484366230655234, 0.5860975740420491, 0.06580982848817996], [0.08132664171928065, -0.5111722559792399, 0.1028820763571328, -0.17573336712463017, 0.4430057960108583, -0.6873133344391027, 0.3956747908826209, -0.1965129890645153, -0.4343978913356652, 0.050862199913899064, -0.15262142623480773, 0.6925549386549081, 0.24509004346682112, -0.04269675664635773], [-0.5554967134571727, -0.4930787165977816, -0.7289683693522553, -0.08472616313873453, -0.14411971047122712, 0.20754469294964856, -0.0387695754661279, 0.061359518301976765, 0.5175767493280098, 0.7494372471801869, 0.5303251724843013, 0.396077548465757, 0.4936300333623475, 0.006023325136092189]], "inverted": false, "swapped": true, "error_lsq": 0.044959386113432594, "error_max": 0.275213266311277, "target": "19.xyz", "model": "8.xyz", "model_rescale": 4.121658175737393, "target_rescale": 4.410303926677745},
{"mapping": [12, 1, 0, 7, 3, 14, 2, 11, 5, 10, 13, 9, 15], "R": [[0.20572477191772492, 0.5263182512967033, -0.8250251005705102], [-0.6704354109114008, 0.6899338395261947, 0.27296090722428457], [0.7128770427047438, 0.49697122193203846, 0.4947988748531218]], "T": [-0.0541297413464706, 0.0848361574806692, -0.17228818184355946], "aligned_model": [[-0.5699189729287667, -0.17903237972530572, 0.11624216335829145, 0.2905446252772313, -0.6797393658912718, -0.6082479612240809, 0.30384611968543207, 0.09237994339007295, 0.7060486659251418, -0.1820333970167095, -0.2511709757653584, 0.48159679170639497, -0.043777760355874516], [0.16781541987760004, -0.399661194780624, 0.07836070477651264, 0.6963748727093979, -0.4928169168329617, 0.019313433300428978, -0.6937824764317999, 0.05311961145710636, -0.1821630291324351, -0.4914553210018564, 0.5386631418475409, 0.44688390803326966, 0.049735285589529867], [-0.3372577936064496, -0.6026148839632872, -0.8383255235560935, -0.22563168857388674, -0.1912121953419927, 0.36473950188592397, -0.02761064780390629, 0.5325112044264273, 0.032901647886870694, 0.3467810078037744, 0.28218477177537604, 0.24114664380553122, -0.15653661077919884]], "inverted": false, "swapped": true, "error_lsq": 0.04216808347663825, "error_max": 0.2543112792606785, "target": "19.xyz", "model": "9.xyz", "model_rescale": 3.833441315466971, "target_rescale": 4.410303926677745},
{"mapping": [9, 5, 14, 3, 10, 11, 2, 1, 4, 12, 7, 0, 8, 13, 15], "R": [[-0.6407479226189796, 0.18990134710884354, -0.7438948702778566], [-0.3309046773029175, -0.9426195362033118, 0.04439036502334234], [-0.6927800474887499, 0.27460132616959454, 0.6668207536267792]], "T": [-0.03035336794163546, 0.05899012557203798, 0.13557530130477607], "aligned_model": [[0.1088096396816417, 0.1666153348263147, -0.7684880113921657, -0.5870858602592515, -0.689994292643709, -0.471284907869823, -0.20613559085302446, 0.038084611709902766, 0.4653414229894259, -0.18029651509643302, 0.42781879301888326, 0.5529896076594787, 0.6305798703666079, -0.3147228329017532, -0.048386250941562715], [-0.6957535141420427, -0.42658328915345317, 0.052736077414249696, 0.6883021291759814, 0.021586922289883126, -0.49677361782854246, 0.06938635440505216, 0.6294161533183134, 0.27440894478181044, 0.4469067290193652, -0.3663263684063316, 0.41381791789962385, -0.14494664981549701, -0.32171333622809284, 0.056637086564658934], [0.1332210334948305, -0.5099356837300295, 0.36979122112233365, -0.003866188187308661, -0.2903107019742157, 0.009403828626728228, -0.7154933278594231, -0.18915506960355127, 0.6280653369300232, 0.492193898128605, 0.45931856349266925, 0.05506152257889013, -0.17077286937667285, 0.6104739504328398, 0.10012639374637411]], "inverted": false, "swapped": true, "error_lsq": 0.045895175068448736, "error_max": 0.26005083478783, "target": "19.xyz", "model": "10.xyz", "model_rescale": 4.2482417240324, "target_rescale": 4.410303926677745},
{"mapping": [5, 2, 1, 3, 7, 4, 8, 12, 10, 13, 11, 15], "R": [[-0.2889810194356262, -0.8340795725306746, 0.46989492133134814], [-0.8154228324661777, 0.4716151977682319, 0.33565564128563047], [-0.5015731000549996, -0.28616493831543927, -0.8164153681675395]], "T": [0.028323791175118185, 0.15639823985572543, -0.025174903615986826], "aligned_model": [[-0.6572286128487461, -0.14767842859006441, 0.4287742757997389, 0.7364382397194871, -0.41139650168439634, 0.20289390552290817, -0.4562625718196516, 0.5283531579931843, 0.08631639062895084, -0.08844243018353637, -0.36693709908426175, 0.02193527690939386], [-0.2873549877085455, -0.6904404338195517, -0.20815205421922384, -0.27395397839027047, 0.6876660807809211, 0.7538053278429645, 0.14718060252868242, 0.36752758212090947, -0.4677078014218137, 0.5502734733432182, -0.030402056249161924, 0.11768963524251103], [0.13091358770307424, 0.05975308010359061, 0.3520013369310725, -0.2221507673339063, 0.11633867943372146, 0.35861550144292714, 0.5556548885758098, -0.09956640422988473, -0.49955085641713004, -0.5567365607798215, -0.5979642889107086, -0.03211590666438796]], "inverted": false, "swapped": true, "error_lsq": 0.040619417560532695, "error_max": 0.21952213906068363, "target": "19.xyz", "model": "11.xyz", "model_rescale": 3.6694154284099745, "target_rescale": 4.410303926677745},
{"mapping": [10, 2, 5, 6, 1, 14, 12, 13, 8, 7, 9, 4, 11, 15], "R": [[0.623540469253907, 0.6026551869663983, 0.4980000088605553], [-0.20906390921422835, -0.48526208906147666, 0.8490070593250426], [0.7533190327256324, -0.6335040888125248, -0.17658710142909745]], "T": [0.12117865639291459, -0.06744086683897724, 0.02376199763232347], "aligned_model": [[-0.31145137341490564, 0.06958806950429178, -0.07265706766681806, 0.5162272392772038, 0.6164739572843078, -0.3827704135479576, 0.2913230847278121, -0.38279103054301855, 0.4211230745942709, 0.08033172566932671, -0.35523315040170844, 0.5758869900857146, -0.577698421855657, 0.10991216654294686], [-0.18932732655492718, 0.31469920002670304, 0.6956495465523115, 0.44773929026670367, -0.1613592288844793, -0.6345495677835679, -0.5807927474943142, -0.29468418463775337, 0.6144166935826982, 0.2557416626117628, 0.44188381578149427, -0.181174294391833, 0.05901325894749185, -0.056268829886036216], [-0.6211248026612806, -0.7551042705122326, -0.2434146776733979, -0.34611565575849795, -0.40212687304291844, -0.13167936846709757, 0.11128218012534805, 0.4054750764460693, 0.15557917717128913, 0.6478694642193101, 0.34412117882863935, 0.5849839388850465, -0.0978660643851906, -0.012783843522671638]], "inverted": true, "swapped": true, "error_lsq": 0.04313377705468376, "error_max": 0.3547448137686412, "target": "19.xyz", "model": "12.xyz", "model_rescale": 3.9764082729961374, "target_rescale": 4.410303926677745},
{"mapping": [6, 9, 1, 0, 6, 10, 12, 14, 13, 11, 2, 8, 4, 3, 7, 15], "R": [[-0.7391592099108208, -0.6510280269272692, -0.17264463663606294], [-0.4258647399499282, 0.2531603030461772, 0.8686478482267416], [-0.5218073261955907, 0.7155923204707796, -0.4643756509678926]], "T": [0.07212370892517192, -0.08469493086426555, -0.11833031654895712], "aligned_model": [[-0.6867730520400813, 0.22972103402449448, 0.6592263331529555, 0.24252941657141128, -0.6867730520400813, 0.6136823944512837, 0.20691111976507856, -0.41373392271043996, -0.2238584318643628, 0.16912305675037453, 0.755529088108712, 0.5734462087014552, -0.34673941014637877, 0.06322535584832933, 0.19471458318108473, 0.016934376217551048], [-0.030149328703274275, -0.6466051171085012, -0.18861771397526583, -0.6581862506794269, -0.030149328703274275, 0.32415827320674784, -0.203496061178648, 0.5495872365108372, 0.1855417930458948, 0.6927668455116551, -0.23753494908162004, 0.36700732108560435, -0.3887048564173668, 0.5446074718385057, -0.17391013762139618, -0.05396306875283524], [-0.18731791819283083, -0.26296486371570127, -0.33703820857919353, 0.292981650697937, -0.18731791819283083, -0.5492597151867871, -0.7306473751577857, -0.09743693227436737, -0.5807665084401702, -0.2475162737784255, 0.2635813622989672, 0.09213028178247315, 0.37966102316095973, 0.4405460137591447, 0.6219708541616151, -0.031161715668126908]], "inverted": false, "swapped": false, "error_lsq": 0.042816165893878454, "error_max": 0.43665181043590306, "target": "19.xyz", "model": "13.xyz", "model_rescale": 4.170626492500431, "target_rescale": 4.410303926677745},
{"mapping": [9, 7, 11, 13, 2, 3, 14, 8, 6, 4, 0, 12, 1, 15], "R": [[0.08588043379825266, -0.05213860792438474, -0.9949402578317612], [0.5750693340838665, -0.812888454311734, 0.09223677055826918], [-0.8135845451377273, -0.5800809653922353, -0.039827898546747065]], "T": [-0.06404487556452135, 0.020441066708975407, 0.07624233671208235], "aligned_model": [[0.04934300456026766, 0.016599019912320268, -0.2557160206584983, -0.5972530915947931, 0.4444821421902284, -0.3518963755876695, -0.7349664464179508, 0.6128566690388665, 0.6554775011055292, -0.09749293162643251, 0.380872974794185, -0.4372992147530451, 0.2082062822640647, -0.050030491135428984], [-0.49833519352748046, -0.6785836742356127, 0.02953499757842887, -0.2981880747634121, 0.607132333913674, 0.7928572779789211, 0.3222017326858687, -0.3171764584342238, 0.21722998095785206, -0.42363786519430774, -0.0736684752756053, 0.13438933473757098, 0.4927213326001869, 0.04959721890380511], [-0.47785533284845516, 0.054185079153300064, -0.6183026038493773, -0.1796762322397455, -0.31429436093905, 0.29058623183338356, -0.16571573467412704, 0.08577444905332271, 0.11919729326019696, 0.6561907468326696, 0.5918640570610135, 0.46073687854540224, 0.44819674452325414, 0.05298588540907867]], "inverted": false, "swapped": true, "error_lsq": 0.03390994244024602, "error_max": 0.2601212342197738, "target": "19.xyz", "model": "14.xyz", "model_rescale": 3.9786697098870705, "target_rescale": 4.410303926677745},
{"mapping": [12, 4, 14, 3, 13, 11, 0, 5, 10, 1, 7, 15], "R": [[-0.8699692113012634, 0.2859046774308793, -0.40176123109504047], [-0.27618989131999355, -0.9574851126076587, -0.08331508307233118], [-0.40850056954734815, 0.03848083364279086, 0.9119465500354985]], "T": [-0.03542766858530034, 0.016972630928682154, 0.018223151980511967], "aligned_model": [[-0.046493277948508056, -0.6904690723899208, 0.5399133288016735, 0.528818837435898, 0.02744621912265407, 0.4185305272297463, -0.5335316140785737, 0.05227035076527047, 0.7412774585313097, 0.03615582317321169, -0.5862093953872711, -0.004354588488153285], [-0.3132508548125533, -0.16203927292714812, 0.09510560345225241, -0.5921259091320934, 0.4705829570616582, 0.5764543783140941, -0.3779477051675491, 0.40448267292106144, 0.03753924221905827, -0.5930816586581057, 0.45312945165483265, 0.01582558529893192], [-0.4187769212045182, -0.2529604135164798, -0.49423849283456944, -0.1716542922109101, -0.4733197165894528, 0.028962458044224645, 0.28014803735344673, 0.7485707866832738, 0.13742968266288427, 0.25952999283641714, -0.0268575101312899, 0.04313288278080354]], "inverted": true, "swapped": true, "error_lsq": 0.0461302913741146, "error_max": 0.25001159444261883, "target": "19.xyz", "model": "15.xyz", "model_rescale": 3.769337070930944, "target_rescale": 4.410303926677745},
{"mapping": [9, 5, 13, 11, 7, 8, 4, 6, 12, 10, 15], "R": [[0.8979666591525599, 0.3073676840583691, 0.3149301285158109], [0.3552394091639498, -0.08391520998172246, -0.9310011813690526], [-0.25973224910903625, 0.947883613282938, -0.18454217524035949]], "T": [0.0646039204652134, 0.14353588448528004, 0.15286652712910853], "aligned_model": [[-0.2640045773477211, -0.27712567243248454, -0.21151948431537093, -0.6263948280632647, 0.27124370368879724, 0.34392657891148976, 0.7218021311527274, 0.2275108557112988, 0.29104930371646476, -0.5919539203044675, 0.038092039973701614], [0.018743012743960813, -0.5581204373501223, 0.6634889931488404, 0.18489489383478722, 0.19199762890370947, -0.4421376754340756, 0.3764432776084895, -0.5760456312605402, 0.5591845268377922, 0.05771875508334534, 0.1198971535091552], [-0.5293746628354205, -0.13377250392782164, -0.17076053523657897, -0.04719187378802531, -0.5183838049069925, -0.2360261177304347, -0.06738261977902224, 0.2709649108517309, 0.42872474564742685, 0.5765070102885823, 0.1709130586403334]], "inverted": true, "swapped": true, "error_lsq": 0.04404946202283926, "error_max": 0.21915199160983595, "target": "19.xyz", "model": "16.xyz", "model_rescale": 3.7852294659196426, "target_rescale": 4.410303926677745},
{"mapping": [13, 8, 0, 4, 9, 5, 2, 6, 12, 14, 10, 1, 15], "R": [[0.3995654973377174, 0.7538756358334638, -0.5215543490701169], [-0.9165463778660333, 0.33910811145458886, -0.21201043834291977], [0.017033806324994738, 0.5627408057377685, 0.8264578845892209]], "T": [0.0686160997173823, 0.020830285736974964, -0.09796218590915372], "aligned_model": [[0.015475724234017607, -0.4177530958632249, 0.18178086197049326, 0.32444275490867325, -0.6242528367388933, -0.6756270748653239, -0.22940758967381242, -0.18446314078487064, 0.594716444837033, 0.36408152354266504, 0.039866601169481486, 0.4081687432985547, 0.05673693418148992], [-0.03744503997010545, -0.3396374199505622, -0.3949363337819135, -0.6637759398798508, -0.10987599617552798, 0.2276213829665881, 0.6627056948046955, 0.07628705257742205, -0.05704288402522415, 0.48068757042638455, 0.8036425758242067, 0.17066147233491655, 0.056163488551844956], [-0.7651277817541342, 0.3556678332502855, 0.4377673285232546, -0.07489560930146064, -0.40104361344817985, 0.2096124911247268, 0.4065208393839217, 0.6028651113835725, -0.2294660204751654, -0.6465698992326314, -0.16340240113002763, 0.44772457564836177, -0.08389815682934978]], "inverted": true, "swapped": true, "error_lsq": 0.046500473146891604, "error_max": 0.31138220336504363, "target": "19.xyz", "model": "17.xyz", "model_rescale": 3.901054581598922, "target_rescale": 4.410303926677745},
{"mapping": [1, 12, 2, 6, 14, 11, 4, 0, 10, 9, 13, 7, 8, 5, 15], "R": [[0.9144588736023582, -0.062050078222745164, 0.39989343115692433], [-0.39504232064534167, -0.35124104107485976, 0.8488647100473621], [0.08778686341958913, -0.9342266956457626, -0.3457078936815741]], "T": [0.06189880721210828, -0.09462552701885428, -0.01875954797002577], "aligned_model": [[0.1276205790636604, 0.15238376709966941, -0.41983392325286145, 0.19976508202723336, -0.5103791026250319, -0.5070616770020848, 0.7434735836383639, 0.633515963513414, -0.7005759623576395, 0.014731658745484509, -0.09652990133643222, 0.5000659762835539, 0.4897961160277521, -0.11950023734081558, 0.03161428860476821], [-0.10772804027188719, -0.6201799338141027, 0.45452176525461097, 0.4763006387023405, -0.5940895242399203, 0.08051740871937464, -0.34767009619086015, 0.04759865964508721, -0.05296580067804145, 0.34604455439210474, -0.3840016884027775, 0.08109504670003327, 0.5290819954108934, 0.7153600169278522, -0.07512765232760185], [-0.6752870773475723, -0.14423504255615532, -0.48960571265710584, -0.48062496035302216, 0.13214661979184808, 0.387223359753393, 0.05927441109993219, -0.37330202117421074, -0.20530908540524662, 0.6078144591602744, 0.5664682939021073, 0.5035022262975948, -0.03160381162476622, 0.028994488419709058, -0.035789742454802854]], "inverted": true, "swapped": true, "error_lsq": 0.045853926055155335, "error_max": 0.28918252040798836, "target": "19.xyz", "model": "18.xyz", "model_rescale": 3.9405287249114394, "target_rescale": 4.410303926677745},
{"mapping": [0, 1, 2, 3, 4, 5, 6, 7, 8, 9, 10, 11, 12, 13, 14, 15], "R": [[1.0, 0.0, 0.0], [0.0, 1.0, 0.0], [0.0, 0.0, 1.0]], "T": [0.0, 0.0, 0.0], "aligned_model": [[-0.4354116364598362, -0.007641412147619016, 0.698795298745222, 0.24508518414381247, -0.7300857726659068, 0.4816683578540172, 0.14001267492355357, -0.37711651569847177, -0.1437760663532461, 0.1622107822711685, 0.7300857726659068, 0.5538398692264276, -0.2793459068767766, -0.020814608590741128, 0.3127676171376893, 0.036891459796186445], [-0.24579918255579475, -0.6138696436822276, -0.276885543559327, -0.7372168571722951, 0.026313538007668027, 0.317857436427517, -0.2223996840822867, 0.5768194760029478, 0.23362328699558768, 0.7372168571722951, -0.20695857137618337, 0.405493414905569, -0.2962042348369558, 0.43526417496720227, -0.06996157297314126, -0.010940765262938952], [-0.4718831705477762, -0.24212619305908153, -0.4362852383847963, 0.34910335559567796, -0.030779715470145283, -0.5985189102349306, -0.6994414106793151, -0.14383314858707527, -0.704996991520759, -0.13859586780461525, 0.20505353259888293, 0.21920239876262712, 0.3665623791188037, 0.511313695720447, 0.704996991520759, -0.010327950353824692]], "inverted": false, "swapped": false, "error_lsq": 0.0, "error_max": 0.0, "target": "19.xyz", "model": "19.xyz", "model_rescale": 4.410303926677745, "target_rescale": 4.410303926677745},
{"mapping": [0, 7, 4, 6, 12, 5, 1, 13, 11, 10, 2, 3, 14, 15], "R": [[-0.22030493280628705, 0.4757218632228931, 0.8515600069478112], [-0.24348646243960057, -0.8721929972326635, 0.42425666545966273], [0.9445528461604816, -0.11387749747005387, 0.3079802532307737]], "T": [0.08793682977073387, -0.03887494267490667, -0.026887710416635693], "aligned_model": [[-0.33490872001023264, 0.3229405372790666, 0.23508547747010833, -0.6443253777998007, 0.32071714263300016, -0.3766401209027133, -0.4085959227516611, 0.7350013693074939, 0.3454892536721335, 0.003256003140297045, -0.5692547888763927, -0.019484366230655234, 0.5860975740420491, 0.06580982848817996], [0.08132664171928065, -0.5111722559792399, 0.1028820763571328, -0.17573336712463017, 0.4430057960108583, -0.6873133344391027, 0.3956747908826209, -0.1965129890645153, -0.4343978913356652, 0.050862199913899064, -0.15262142623480773, 0.6925549386549081, 0.24509004346682112, -0.04269675664635773], [-0.5554967134571727, -0.4930787165977816, -0.7289683693522553, -0.08472616313873453, -0.14411971047122712, 0.20754469294964856, -0.0387695754661279, 0.061359518301976765, 0.5175767493280098, 0.7494372471801869, 0.5303251724843013, 0.396077548465757, 0.4936300333623475, 0.006023325136092189]], "inverted": false, "swapped": true, "error_lsq": 0.044959386113432594, "error_max": 0.275213266311277, "target": "19.xyz", "model": "20.xyz", "model_rescale": 4.121658175737393, "target_rescale": 4.410303926677745},
{"mapping": [14, 12, 4, 13, 7, 10, 0, 11, 2, 5, 8, 9, 15], "R": [[-0.33502041888608647, 0.8415170865842072, 0.4238045680690796], [-0.8097237957342951, -0.027149849420827377, -0.5861827874460939], [-0.48177660129051214, -0.5395478465004326, 0.6904921634498894]], "T": [0.005253276173196236, 0.005907721338860326, 0.16067608884136653], "aligned_model": [[0.14037682448597402, 0.004929744928087065, 0.25894562537632193, 0.5952059154377038, 0.5560413087514281, -0.326596915422115, -0.25570539025435324, 0.25383422625686003, -0.6467610104699694, -0.1422880432209121, -0.04876176350204828, 0.5125523718861708, -0.02068998958885302], [-0.6587053162519239, 0.025270092586865377, 0.6144036752099541, -0.28877883901173684, 0.37991989191375813, -0.6998400589810523, 0.6417540873747482, -0.5820513580775185, -0.29666316242997837, -0.041898908063386454, 0.5292408880897763, -0.06421102353528324, -0.017613064661039665], [0.5345344831993118, 0.7081832176685451, 0.4769637659557074, 0.28891633192263455, -0.06817536597550117, 0.06218975548389938, 0.1772360155097451, -0.17357656124111787, -0.32784567456492675, -0.6561523680671264, -0.38290180585570144, -0.4109363988306648, 0.14167434427698425]], "inverted": false, "swapped": true, "error_lsq": 0.04544300175652208, "error_max": 0.25452761717518063, "target": "19.xyz", "model": "21.xyz", "model_rescale": 4.08911054899281, "target_rescale": 4.410303926677745},
{"mapping": [11, 5, 6, 10, 15, 0, 8, 2, 1, 4, 7, 13, 9, 3, 12, 16], "R": [[-0.29877495807716986, 0.19875071076899778, 0.9333979212505265], [-0.1490934036499694, 0.9563416130499678, -0.25136005278694074], [-0.9426052627765523, -0.21426356227274043, -0.2560985054000565]], "T": [0.03983511340855256, -0.00371638375084462, -0.06080798138697823], "aligned_model": [[-0.5135107309848854, -0.06645331182860076, 0.6006564188683023, 0.43922389551588864, -0.670035872125704, 0.5973700275349547, 0.02482500713998259, -0.2901348512512233, -0.1939027595951776, 0.2325429880337027, 0.7210135219100646, 0.42458063227565074, -0.2032889147223521, -0.0388380033874276, 0.2274835097959746, 0.07563354079223611], [-0.3227114992142922, -0.7000268459740646, -0.2853534617156663, -0.6502604741065224, 0.16038231703538194, 0.36502440458270907, -0.34225388862448913, 0.617834390454794, 0.2513829832283058, 0.6664662180470102, -0.08773290568887637, 0.33454214096188806, -0.504793643261872, 0.634173805748216, -0.11194178864800998, 0.027620376153124418], [-0.48264150668033695, -0.1006020111811548, -0.4629573916926853, 0.21049397062941427, -0.08653380870252672, -0.4522980179504768, -0.6657286973190801, -0.2222027981564469, -0.775153346708661, -0.05747014186497366, 0.12556097483217693, 0.35666300227427145, 0.3834440850222174, 0.5233028558082725, 0.6449149437771111, -0.05934835541224346]], "inverted": true, "swapped": false, "error_lsq": 0.040357152112421114, "error_max": 0.2538972497090458, "target": "19.xyz", "model": "22.xyz", "model_rescale": 4.204369325754507, "target_rescale": 4.410303926677745},
{"mapping": [0, 1, 2, 3, 4, 5, 6, 7, 8, 9, 10, 11, 12, 13, 14, 15], "R": [[1.0, 0.0, 0.0], [0.0, 1.0, 0.0], [0.0, 0.0, 1.0]], "T": [0.0, 0.0, 0.0], "aligned_model": [[-0.4354116364598362, -0.007641412147619016, 0.698795298745222, 0.24508518414381247, -0.7300857726659068, 0.4816683578540172, 0.14001267492355357, -0.37711651569847177, -0.1437760663532461, 0.1622107822711685, 0.7300857726659068, 0.5538398692264276, -0.2793459068767766, -0.020814608590741128, 0.3127676171376893, 0.036891459796186445], [-0.24579918255579475, -0.6138696436822276, -0.276885543559327, -0.7372168571722951, 0.026313538007668027, 0.317857436427517, -0.2223996840822867, 0.5768194760029478, 0.23362328699558768, 0.7372168571722951, -0.20695857137618337, 0.405493414905569, -0.2962042348369558, 0.43526417496720227, -0.06996157297314126, -0.010940765262938952], [-0.4718831705477762, -0.24212619305908153, -0.4362852383847963, 0.34910335559567796, -0.030779715470145283, -0.5985189102349306, -0.6994414106793151, -0.14383314858707527, -0.704996991520759, -0.13859586780461525, 0.20505353259888293, 0.21920239876262712, 0.3665623791188037, 0.511313695720447, 0.704996991520759, -0.010327950353824692]], "inverted": false, "swapped": false, "error_lsq": 0.0, "error_max": 0.0, "target": "19.xyz", "model": "23.xyz", "model_rescale": 4.410303926677745, "target_rescale": 4.410303926677745},
{"mapping": [11, 10, 8, 3, 7, 15, 9, 13, 14, 6, 4, 5, 1, 12, 2, 16], "R": [[-0.6280160196405216, -0.6367417001621873, 0.4473878477891899], [-0.5787490208961519, 0.7664842633418076, 0.27848060051126067], [-0.5202359559725009, -0.0840350005886461, -0.8498780317136363]], "T": [0.0209401554979904, 0.02019870948688047, -0.10392595735334673], "aligned_model": [[-0.4154753931897596, 0.14940556744170758, 0.6831679907254816, 0.2109748370269386, -0.5877064540200962, 0.47190984679154485, 0.19074786161549317, -0.38707025535026346, -0.13890873825221223, 0.12197250497697708, 0.6039887816079932, 0.49308429223901906, -0.47748780151884473, -0.03520240887573155, 0.4604671452307938, 0.023297321522345586], [-0.23124350487049317, -0.5923447022893178, -0.3754891438763985, -0.6011482432526098, 0.06134275643166768, 0.34004110883045763, -0.1710502594616124, 0.5905052500996949, 0.3476361783629394, 0.7673697931833463, -0.2558683096041884, 0.34810931464043926, -0.5958495472696406, 0.6086393141509301, -0.12527938805894606, -0.06301848803863166], [-0.48738360601013575, -0.2830101635227371, -0.38781340724348345, 0.5182201418641941, 0.1602470329492968, -0.5551923619875597, -0.6757731034051867, -0.15357047570956017, -0.6743495062689854, -0.2010131645765559, 0.13633571989161072, 0.15133191734756876, 0.22529959843115324, 0.44083224775406415, 0.6825510604985717, -0.017268173337377415]], "inverted": false, "swapped": false, "error_lsq": 0.040620285185472296, "error_max": 0.38600867462122784, "target": "19.xyz", "model": "24.xyz", "model_rescale": 4.28219845311461, "target_rescale": 4.410303926677745},
{"mapping": [7, 4, 1, 0, 13, 5, 3, 12, 9, 11, 8, 10, 2, 14, 6, 15], "R": [[-0.9486298729846792, -0.24466800560389518, -0.2005964384401768], [-0.1924222277079778, -0.05712417565459477, 0.9796481586976429], [-0.25114746736722326, 0.9679227219099649, 0.007110136808403222]], "T": [0.030072696962791634, 0.0016441003601026889, -0.1064126429529034], "aligned_model": [[-0.5227368361886524, -0.16642753685340697, 0.5329485442844619, 0.250295035613803, -0.559647360043219, 0.6972983336724197, 0.18647818686121267, -0.4071822137121563, -0.09904473153257531, 0.11490854872801888, 0.7033438291079808, 0.46650778161967765, -0.2632178050251616, -0.10471907645313178, 0.4935163425056859, 0.04484405538642943], [-0.21056173951801235, -0.6937395082229011, -0.32950160506679604, -0.6719313449482217, 0.03598921129130845, 0.31236877035741367, -0.40722131546520807, 0.6275698518226793, 0.30489071372316146, 0.539469970827988, 0.09283450947441436, 0.4940581878897677, -0.2492175175369953, 0.4121076262159246, -0.14292637142511885, -0.0618373104417673], [-0.6113050149776066, -0.21811702088846557, -0.3239805698274888, 0.297756149846068, -0.04342752838640419, -0.5348292743838448, -0.7454836400506085, -0.06839952706277844, -0.6965345498682872, -0.11123784339684138, 0.036192927886120135, 0.3371610286178315, 0.4591217543189372, 0.5208795510492428, 0.6528741941875359, -0.07122688038853266]], "inverted": false, "swapped": false, "error_lsq": 0.04425100249712598, "error_max": 0.3451158163502627, "target": "19.xyz", "model": "25.xyz", "model_rescale": 4.100010024507729, "target_rescale": 4.410303926677745},
{"mapping": [5, 2, 1, 3, 7, 4, 8, 12, 10, 13, 11, 15], "R": [[-0.2889810194356262, -0.8340795725306746, 0.46989492133134814], [-0.8154228324661777, 0.4716151977682319, 0.33565564128563047], [-0.5015731000549996, -0.28616493831543927, -0.8164153681675395]], "T": [0.028323791175118185, 0.15639823985572543, -0.025174903615986826], "aligned_model": [[-0.6572286128487461, -0.14767842859006441, 0.4287742757997389, 0.7364382397194871, -0.41139650168439634, 0.20289390552290817, -0.4562625718196516, 0.5283531579931843, 0.08631639062895084, -0.08844243018353637, -0.36693709908426175, 0.02193527690939386], [-0.2873549877085455, -0.6904404338195517, -0.20815205421922384, -0.27395397839027047, 0.6876660807809211, 0.7538053278429645, 0.14718060252868242, 0.36752758212090947, -0.4677078014218137, 0.5502734733432182, -0.030402056249161924, 0.11768963524251103], [0.13091358770307424, 0.05975308010359061, 0.3520013369310725, -0.2221507673339063, 0.11633867943372146, 0.35861550144292714, 0.5556548885758098, -0.09956640422988473, -0.49955085641713004, -0.5567365607798215, -0.5979642889107086, -0.03211590666438796]], "inverted": false, "swapped": true, "error_lsq": 0.040619417560532695, "error_max": 0.21952213906068363, "target": "19.xyz", "model": "26.xyz", "model_rescale": 3.6694154284099745, "target_rescale": 4.410303926677745},
