[{"mapping": [5, 12, 8, 2, 6, 7, 4, 3, 11, 10, 1, 13], "R": [[0.39848849734978464, 0.47006471244416026, 0.787557035137583], [-0.6705415257598476, -0.4365422356718279, 0.5998374268969037], [0.6257643164255747, -0.7671180108623651, 0.14124084996558894]], "T": [-0.0258447077845588, -0.008491245451845417, -0.045489972364666106], "aligned_model": [[-0.34612576548851237, 0.4218065792554575, 0.36189630873455847, -0.1913474490272439, -0.11714865773336308, -0.4762445450029372, 0.3179314855607588, -0.3308482274643254, 0.6401900890487426, 0.13363353750816884, -0.5636113281186781, -0.01248956481207707], [-0.3663575592616088, -0.7477308895683915, -0.19514809307611714, 0.5616074537443319, 0.368620089590603, -0.485663666798144, -0.3071254609313078, -0.4062767454082347, 0.11195194321384479, 0.2874003978029692, 0.3040339864381857, -0.07175641976907372], [-0.5366655877722045, -0.1211587627404982, -0.6460268067340244, -0.04164409050346135, -0.72714096666408, 0.0806629755681079, 0.5594786094911963, 0.6804468409103125, 0.14097708711868184, 0.4910372681368814, 0.3914884441241256, -0.08950326558147484]], "inverted": false, "swapped": true, "error_lsq": 0.042567323841648415, "error_max": 0.24177694983681625, "target": "190.xyz", "model": "0.xyz", "model_rescale": 3.751011558992144, "target_rescale": 4.012053545048064},
{"mapping": [13, 12, 3, 11, 6, 5, 2, 9, 8, 0, 7, 1, 4, 14], "R": [[0.36180288028480434, -0.7690863493157694, 0.5268822099044174], [-0.8832937053994205, -0.4635502903464619, -0.07009535163955793], [0.29814577947605075, -0.4400310393777398, -0.8470429614634459]], "T": [0.07956693870649112, 0.06349911312024616, -0.05269367164818433], "aligned_model": [[-0.5003492554495792, -0.06409983626094806, -0.5295580510655022, 0.5602408440091562, 0.7149901640661189, -0.21320105331212974, -0.6902333729500617, 0.06107950720062033, -0.03267220947503831, -0.28610001639416366, 0.19170116113949598, 0.32388271956412473, 0.6119739024461602, 0.07871508248114974], [-0.13945619103023288, -0.6613735825281197, -0.33334994216680824, -0.5099504278191385, -0.2257007265541709, 0.36329706881121127, 0.3605912050596567, -0.10762626522538309, 0.714762679135034, 0.0426649083916627, -0.39842239798493645, 0.20785115944072036, 0.6438627672015172, 0.017105622255605434], [-0.44000304485428743, -0.12946955947201966, 0.18157852829414078, -0.3298925347125374, 0.2235788797860832, -0.515828787579295, 0.0009893896341945443, -0.6887470822173558, 0.007939597578039616, 0.6116542284465092, 0.4096173249059692, 0.5838264265284977, 0.02007186891017155, -0.08186096137025717]], "inverted": false, "swapped": false, "error_lsq": 0.03026757427357402, "error_max": 0.23553830893286648, "target": "190.xyz", "model": "1.xyz", "model_rescale": 3.9405287249114394, "target_rescale": 4.012053545048064},
{"mapping": [3, 4, 10, 8, 11, 1, 7, 12, 9, 2, 6, 0, 13], "R": [[0.45791813341279763, 0.8687419308995835, 0.1886754901639386], [0.8173010372709654, -0.32789894172821626, -0.47381567986857487], [-0.3497570550647167, 0.3711734655257284, -0.8601745525892275]], "T": [-0.03199142015088239, -0.06421253587610777, 0.05748123231087075], "aligned_model": [[-0.2859644768096141, 0.17966841543940282, -0.27316726570243377, 0.5738216186038715, 0.3256022190266841, -0.7631023721684762, -0.13611526400255447, 0.7494188911286777, 0.1423940715620263, -0.48246361140990063, -0.07485536718171804, -0.4889428106223511, 0.029689231420316993], [0.7766842174314134, 0.4933607141894554, 0.07318670955201524, -0.4317625093174966, -0.1516958960246964, 0.13300159785587884, 0.4432215513363532, 0.3022826890297204, -0.7258585229126049, -0.4210271523457395, -0.780139570409457, -0.19847699200482338, -0.05394424280800149], [-0.02397455096276664, -0.40906312314522364, -0.5115550705276775, 0.26658872425853886, -0.5403083021224103, -0.008839626299521938, 0.47954399021349536, 0.145070430310906, -0.2234719568194759, -0.09143689743576199, 0.37498495133216525, 0.5511104273412368, 0.10447135344513973]], "inverted": false, "swapped": true, "error_lsq": 0.04706692161327598, "error_max": 0.2610613487693727, "target": "190.xyz", "model": "2.xyz", "model_rescale": 3.932901565614263, "target_rescale": 4.012053545048064},
{"mapping": [1, 11, 10, 8, 9, 0, 2, 3, 4, 6, 12, 5, 7, 13], "R": [[-0.7289829888032158, 0.1265830556285983, 0.6727261939773552], [-0.6265928549087304, -0.5190862020142106, -0.58131825109469], [0.27561784451094185, -0.8452965425850206, 0.4577210492002231]], "T": [0.039834918826234814, -0.02372234471366419, -0.10642138340433124], "aligned_model": [[-0.6580923168233294, 0.031418409252086124, -0.3405299165253318, 0.6015410309492455, 0.6576167752760458, -0.22812106806513427, -0.5918301821673166, 0.12968135858825613, -0.03990853523409642, -0.3290893271100243, 0.08043229334903403, 0.25565933202718716, 0.626333565520802, 0.03125816696197932], [-0.0902308278280387, -0.8862623599955369, -0.5274731274704488, -0.3880540092265061, -0.17088300879312623, 0.4363118416024129, 0.5030484610853315, -0.05871610555311703, 0.8280553690113168, 0.0850601168022102, -0.31710834863099435, 0.22779340681278126, 0.3831880167312391, -0.050473547560905815], [-0.3456760935450854, -0.33807324023169116, 0.23225719755575072, -0.4073124058175345, 0.2630136666084718, -0.513260990193769, 0.026663444893198912, -0.6078079927644334, 0.07061565360698904, 0.45816123898912187, 0.5974296775786093, 0.53151226130742, -0.12005379043177412, 0.005985646322578642]], "inverted": false, "swapped": false, "error_lsq": 0.05099979574778996, "error_max": 0.29336041500363186, "target": "190.xyz", "model": "3.xyz", "model_rescale": 3.9243930471874484, "target_rescale": 4.012053545048064},
{"mapping": [0, 7, 1, 2, 10, 5, 6, 3, 4, 12, 11, 8, 13], "R": [[0.047049299587689, -0.8572289168642815, 0.5127815787447896], [0.9921012061999228, 0.09986189596824568, 0.07591309762014448], [-0.11628224311977388, 0.5051595647172467, 0.8551562746713115]], "T": [0.02905156591258858, -0.10552414657206627, -0.02844430678070764], "aligned_model": [[-0.07790473843518975, -0.19426902222465606, 0.5535794030612333, 0.39943064087860947, 0.6320611054944323, -0.5829725536474863, -0.2452124870778046, 0.31572202758293083, 0.30106681008653097, -0.5003174154535369, 0.26206617869541415, -0.5407930361318606, -0.04525102651726398], [-0.6441698823459698, 0.05486149539399432, -0.3403230279912271, -0.5646320607422519, 0.07601807568818691, -0.3015250331191648, -0.7797780685330731, 0.40804544767899215, 0.6008799941557992, 0.5675761635558814, 0.25245807224635225, -0.12030204459277256, -0.08127957771315972], [-0.43944603416458505, -0.6374372953258387, -0.5259934283064378, 0.03832199433686943, 0.03689000105207696, -0.2711619806410831, 0.2637171661766527, -0.6859479388063774, -0.04721523372214498, 0.11046986143885668, 0.528719760438827, 0.4415419774250887, -0.025388534530940157]], "inverted": false, "swapped": true, "error_lsq": 0.0423247206593992, "error_max": 0.20912648165851097, "target": "190.xyz", "model": "4.xyz", "model_rescale": 3.8936222436046832, "target_rescale": 4.012053545048064},
{"mapping": [5, 8, 6, 0, 9, 11, 4, 10, 1, 7, 2, 13], "R": [[0.12838740797513223, 0.7169272070803094, 0.685224089784834], [0.5259339565890462, 0.5365573195477948, -0.6599240230104348], [-0.8407794876066009, 0.4451085514654969, -0.3081691591192554]], "T": [-0.07821324690254869, -0.09366724492703402, 0.02646711742128336], "aligned_model": [[0.040097738561329005, -0.6596399634865888, -0.25216285674100525, 0.41302335493688136, -0.6240017816466813, -0.6280887035580061, -0.16804115652307572, -0.029678096636837764, 0.5799215534377712, 0.39241994752260045, 0.06995558023364987, -0.10625757388494003], [-0.5502103282716984, -0.360153647676416, 0.1518784911980418, -0.03915635268417997, 0.34340022457581076, 0.09604419702691305, -0.2609373357764786, 0.300623581970934, 0.2590861288245607, -0.5665302155668821, 0.45767792539791563, -0.16279976390871376], [-0.473005267624615, -0.34333868902674336, -0.6978575839599235, -0.4491550679946336, -0.2147947917318165, 0.419564341426756, 0.7594767450245975, 0.5194435246485347, 0.16873003204918363, 0.06352257093083166, -0.13626879384522977, 0.002967699378576487]], "inverted": true, "swapped": true, "error_lsq": 0.04334743590248638, "error_max": 0.29078928766066936, "target": "190.xyz", "model": "5.xyz", "model_rescale": 3.6523030999806103, "target_rescale": 4.012053545048064},
{"mapping": [3, 1, 10, 4, 11, 7, 2, 12, 5, 8, 9, 12, 13], "R": [[0.8253036459887354, 0.04099419987343955, 0.5631992254029092], [-0.5530694842281085, -0.14260567549476713, 0.8208396718801643], [0.11396507154981544, -0.9889302790861538, -0.09502034294417054]], "T": [-0.07047267261914178, 0.04803891228715971, 0.04337226152759071], "aligned_model": [[0.19075159076116124, -0.32249078258369157, 0.28959799923552654, 0.6129468750593987, 0.5339734345028011, -0.24442863340546503, -0.3324291217825154, 0.41380125155111025, -0.517778061574618, -0.058951475784684564, -0.027734874555527173, 0.41380125155111025, -0.06997654831031189], [-0.5172735555106777, 0.09142972962168186, 0.31434764773046636, -0.17797006416112238, 0.37611697907122343, -0.5705168247651587, 0.5157684867099194, -0.4662534301205583, -0.33883618624280387, 0.08702396186382713, 0.6936453604443117, -0.4662534301205583, -0.00040177035736738836], [0.6682149664015202, 0.7592068822407052, 0.4908936842177252, 0.27833846168068366, -0.09765455238190174, 0.2266649869657016, 0.2983748868931503, -0.4601898944855571, -0.3061234992529177, -0.6943104561930332, -0.315077457510584, -0.4601898944855571, -0.01803837460814635]], "inverted": false, "swapped": true, "error_lsq": 0.061379969211445125, "error_max": 0.47014446189525533, "target": "190.xyz", "model": "6.xyz", "model_rescale": 4.08911054899281, "target_rescale": 4.012053545048064},
{"mapping": [8, 9, 11, 0, 2, 4, 10, 3, 5, 12, 1, 13, 7, 14], "R": [[0.6960613009913353, -0.24362135774422333, -0.6753867775675737], [0.06518295224662485, 0.9582308159569691, -0.27846882426378694], [0.7150173760117053, 0.14980766803239004, 0.6828673477330963]], "T": [0.0055357806683495984, 0.03955167816374627, 0.001305420235662479], "aligned_model": [[-0.5004357487851444, -0.2218502520200492, -0.376400290812411, 0.6382041819101414, 0.7777892785304865, -0.13614142927161155, -0.6783769428682365, 0.16213695172984882, -0.14997521089563265, -0.2700823538378058, 0.28472094662876357, 0.21712407890933252, 0.5269378338014852, -0.047281457019763815], [-0.10849853259941969, -0.6826653045206302, -0.20683501893261913, -0.49735527461936724, -0.08116056901364846, 0.38745722827381524, 0.25393808560922626, -0.20746158339015822, 0.7804470459971867, 0.391320421014339, -0.5853965920290423, 0.05954184704716296, 0.5880461978955942, -0.11712207374582104], [-0.431387218666894, -0.20180915326485208, 0.37272095000379707, -0.4415464751280084, 0.19927671035706568, -0.5951329974475829, 0.07598308349163978, -0.7341617497348557, -0.08466908185109853, 0.5565488925033315, 0.2648227091297555, 0.7018233054799444, 0.16434721043109457, 0.006638088574516416]], "inverted": false, "swapped": false, "error_lsq": 0.04269247695635976, "error_max": 0.2840314273321345, "target": "190.xyz", "model": "7.xyz", "model_rescale": 3.964800864290218, "target_rescale": 4.012053545048064},
{"mapping": [7, 1, 2, 5, 3, 8, 12, 8, 11, 4, 0, 6, 10, 13], "R": [[-0.9410681268059214, -0.30595542597468467, 0.14415983499797586], [-0.06069452296250545, 0.5720851650005173, 0.8179454375865697], [-0.3327265477721131, 0.7609926683634872, -0.5569409332278169]], "T": [0.01744203611937756, -0.012712953890874313, 0.06766746929436579], "aligned_model": [[-0.548298053722591, -0.12386204140032772, -0.4478196960825199, 0.6372106321128613, 0.6439426693448721, 0.00550861461495843, -0.5785486216659778, 0.00550861461495843, -0.02014880075282983, -0.3628427963503996, 0.16758002129238292, 0.2057080679524499, 0.6060234200818839, 0.036407555959681606], [-0.23505995416094985, -0.669881135791444, -0.35600128092227784, -0.11946737924273473, -0.2452678598858366, 0.062436889646864925, 0.40172246481652457, 0.062436889646864925, 0.7756864760139592, 0.24798097301181857, -0.5951780062891509, 0.1733180414250595, 0.46161935034864016, 0.009910408369279955], [-0.3029443588738851, -0.2659236420173711, 0.3906123141619715, -0.4832963253931261, 0.3494082508083944, -0.6973604229257362, -0.14140992508860442, -0.6973604229257362, 0.3209392450662838, 0.5991893575391767, 0.45670785365774624, 0.5838594812609694, -0.2543804038780015, -0.0045867275142283115]], "inverted": false, "swapped": false, "error_lsq": 0.06147545423114017, "error_max": 0.42265194525535965, "target": "190.xyz", "model": "8.xyz", "model_rescale": 4.121658175737393, "target_rescale": 4.012053545048064},
{"mapping": [8, 5, 5, 6, 12, 11, 7, 10, 1, 4, 9, 2, 13], "R": [[0.44939555639871576, 0.7963871119507427, 0.40473596554771857], [0.8149973680861958, -0.17996753922393616, -0.5508093815815549], [-0.36581815687806235, 0.5773900351966912, -0.7299300126408703]], "T": [0.025994639783688052, -0.04145678715186689, -0.0035083028773143787], "aligned_model": [[-0.5516823686870901, 0.026100876491287346, 0.026100876491287346, 0.07303996763035134, -0.6853564058609788, -0.4551645515220139, 0.25937202931338843, 0.15332313756072097, 0.7410753709086851, -0.23027347579419738, -0.259426318134088, 0.4029768725976191, -0.02334851455977436], [0.2270661550002923, -0.10906748052089223, -0.10906748052089223, 0.6306364701340265, -0.5017820216578052, 0.07732149364210363, -0.5815414118763604, -0.08031902104637197, -0.1452744844367173, -0.5582869603514646, 0.6255528778631566, 0.3794273840084022, -0.06427808082576743], [-0.37769150334585433, -0.6871240739875534, -0.6871240739875534, -0.40509868991586007, -0.18971533925449893, 0.493740557548503, -0.3202285130383741, 0.6154616766050998, 0.23249281723604648, 0.4869656269164694, 0.14055206614141055, 0.17858888436253068, -0.05974400132127723]], "inverted": true, "swapped": true, "error_lsq": 0.051748461138231935, "error_max": 0.327853424363833, "target": "190.xyz", "model": "9.xyz", "model_rescale": 3.833441315466971, "target_rescale": 4.012053545048064},
{"mapping": [0, 5, 13, 4, 3, 12, 10, 6, 11, 8, 2, 9, 7, 14], "R": [[0.4920980911361802, -0.7554710208500253, 0.43255404905739625], [-0.8503269217550253, -0.5235876654662267, 0.05291580775391845], [0.18650360543096933, -0.3938521210142803, -0.9000538383529076]], "T": [-0.01586995676191535, 0.027786381591894314, -0.13504410211609796], "aligned_model": [[-0.6234526488033127, -0.05924261693443024, -0.4623573061350114, 0.5854548429607427, 0.7459895619430201, -0.1836998356433785, -0.7069902301353848, 0.31070803936629066, -0.027974623656696944, -0.22998244799907136, 0.09245617012798152, 0.282760077673237, 0.4570200449897023, 0.045680558245714625], [-0.23915712321450996, -0.6460143689790956, -0.5269281312563133, -0.4128032992898264, -0.18872355267310045, 0.3686201413761041, 0.4124975080422179, 0.010164442672069656, 0.7029421738537469, 0.3672815230011468, -0.42290632908513964, 0.07805401479258971, 0.4500804145884829, 0.021148463158245485], [-0.2880388709059748, -0.17437045900992793, 0.2236025171346867, -0.4182433225057159, 0.221348058110363, -0.6026823568138565, 0.08879570765279493, -0.7302464607795249, -0.038321745557714754, 0.5331312135252915, 0.4143116894281943, 0.6174207768771841, 0.06978942229005786, -0.06304189556800482]], "inverted": true, "swapped": false, "error_lsq": 0.04059638616341659, "error_max": 0.27940931569845995, "target": "190.xyz", "model": "10.xyz", "model_rescale": 4.2482417240324, "target_rescale": 4.012053545048064},
{"mapping": [9, 11, 12, 4, 6, 5, 8, 7, 10, 0, 2, 13], "R": [[0.8008729211269341, -0.16797628649382582, -0.5747925985791366], [-0.5595530063269784, 0.1320016598905353, -0.8182151275163425], [0.21331431577850746, 0.9769132658337116, 0.011724918850875052]], "T": [0.04109836327200486, 0.05920099684017194, -0.13242026458537137], "aligned_model": [[-0.6317252559679692, -0.09547205890756849, 0.5020962135858003, 0.5415078510405236, -0.6184944849249718, 0.12891145442756527, -0.21998427140435609, 0.5918268639968596, 0.062451522220833555, -0.06707498524312802, -0.3825298526100458, 0.06525260614946413], [-0.18417704624167502, -0.6037531425135088, -0.1303492552373554, -0.5089212032567412, 0.4538863770742698, 0.6576013841496584, 0.11976770134440333, 0.433044512627096, -0.4246802822477693, 0.6778014699617505, 0.09155199353266866, 0.08435888085784225], [0.055185470674612463, 0.05391063854295117, 0.5776109854328849, -0.14579789916763047, 0.023650788336036954, 0.19332131572682487, 0.5560533342306079, -0.19079186320478742, -0.5401574414787857, -0.408342864139048, -0.547041806130067, -0.06240836896924301]], "inverted": false, "swapped": true, "error_lsq": 0.04180304855457013, "error_max": 0.2586574834088873, "target": "190.xyz", "model": "11.xyz", "model_rescale": 3.6694154284099745, "target_rescale": 4.012053545048064},
{"mapping": [8, 9, 11, 7, 5, 2, 3, 10, 1, 4, 6, 0, 12, 13], "R": [[-0.8712360205668853, -0.49043101926453386, -0.020620664633520094], [-0.2181657446274829, 0.4245126276490498, -0.8787449782716457], [0.43971752789479934, -0.7610955553080372, -0.4768459408996126]], "T": [0.07847544447715547, -0.03733425810025177, -0.0018112825880565574], "aligned_model": [[-0.5770539907914849, -0.16241243460270705, -0.39677003230304714, 0.5244487933080237, 0.8248704214269262, -0.1759018363932376, -0.6668821016225527, 0.24467899711138258, -0.12466846835857597, -0.39932824932238814, 0.19886261294324367, 0.3041827963231607, 0.5483335279002318, 0.08400955038042784], [-0.10578173049981582, -0.63959682257232, -0.5695145370961637, -0.572175020010124, -0.16901384157223473, 0.40266327766996474, 0.39026887016686296, -0.08402938996508624, 0.7783812896765288, 0.14023410507842116, -0.3494953461903081, 0.32370632431095614, 0.38111083531959616, 0.04749786267034014], [-0.3735557570992159, -0.4750333235350335, 0.18780553194816918, -0.2610764942956673, 0.2630015157383798, -0.4116990000003243, 0.05154219688347954, -0.6131415787948858, 0.09725531064385735, 0.5347068963582406, 0.4541681228732205, 0.5721606275262779, -0.2585321144294499, 0.08585234006080485]], "inverted": false, "swapped": false, "error_lsq": 0.04640892374982868, "error_max": 0.31266297519252595, "target": "190.xyz", "model": "12.xyz", "model_rescale": 3.9764082729961374, "target_rescale": 4.012053545048064},
{"mapping": [2, 0, 7, 5, 6, 1, 8, 9, 11, 3, 4, 14, 13, 15], "R": [[-0.9729983698106611, -0.04888175771527396, -0.2255764750776581], [0.1884258403375101, 0.3962199921832056, -0.8986130538154027], [0.13330369476837173, -0.9168534733298477, -0.3763108202059768]], "T": [0.0874226047647724, 0.058469614660221034, -0.1018608554229405], "aligned_model": [[-0.6415047875062818, -0.16655672158496979, -0.4185549496387043, 0.6310453164821078, 0.7155281447949808, -0.22865565357360965, -0.5232161122839558, 0.1622290981561398, -0.07479171363840487, -0.3579578870823843, 0.19336558218110214, 0.32847898250554286, 0.5326110004379674, 0.07434928674987266], [-0.12242776746041066, -0.5842433902022675, -0.4257367546637142, -0.5300763006433606, -0.04220082890476885, 0.2533366558520639, 0.39655592020786956, -0.2435764870334719, 0.7510582626488818, 0.19818415317001725, -0.5741773109162527, 0.41064292497776145, 0.47095515526623494, 0.01596164468803555], [-0.370562377273752, -0.3243972090144902, 0.18197819275225297, -0.34866433740664, 0.32123215808002437, -0.6170733835352791, 0.00981207724551797, -0.6163229701755748, 0.2510586514502873, 0.5985386823585965, 0.22124543494298055, 0.5739156030494995, -0.023480262571201047, -0.0038259860243689547]], "inverted": true, "swapped": false, "error_lsq": 0.045466322861805415, "error_max": 0.29852221867174217, "target": "190.xyz", "model": "13.xyz", "model_rescale": 4.170626492500431, "target_rescale": 4.012053545048064},
{"mapping": [10, 12, 8, 5, 6, 9, 7, 11, 1, 0, 4, 2, 3, 13], "R": [[0.9026082554674307, -0.33829601728752284, 0.2661844132353385], [0.3164397639966449, 0.9406714101783779, 0.12248744358002561], [-0.2918290816964427, -0.02632684486265635, 0.9561080923806621]], "T": [0.016541577512102678, 0.027324547943844955, 0.06068963621168275], "aligned_model": [[-0.37010189725110537, -0.1173514033396768, -0.5596194011752992, 0.5194467527685119, 0.8319569362150285, -0.1590598940498041, -0.766727416733641, 0.35858154029763145, -0.24963915142175191, -0.23462856880679295, 0.039090551593429126, 0.3517454949040491, 0.4955347557279526, 0.08714128727087181], [-0.08834456876713859, -0.638917638220718, -0.41434256290249055, -0.6194869615767459, -0.15614996349216254, 0.45005863132170926, 0.22539903448798745, 0.019438573106852552, 0.7469230934664578, 0.338733268977777, -0.5280352553208668, 0.13239799400541355, 0.5118167567276779, -0.005234524827135389], [-0.3335891786353269, -0.2111561661091584, 0.21729417841767837, -0.3342041269807002, -0.033778154462093306, -0.6077162707040538, 0.12914387875619776, -0.5578619997813763, 0.014427094978755592, 0.503178701150058, 0.5012916825967182, 0.6170439045822814, -0.04564210542892653, -0.004977164502201363]], "inverted": true, "swapped": false, "error_lsq": 0.04232088165271166, "error_max": 0.24124252617430772, "target": "190.xyz", "model": "14.xyz", "model_rescale": 3.9786697098870705, "target_rescale": 4.012053545048064},
{"mapping": [11, 2, 4, 12, 10, 3, 6, 0, 7, 8, 1, 13], "R": [[0.8502003233467221, 0.2650256051473195, -0.45488552273888216], [0.09916646017681287, -0.9291999375906448, -0.35602456257615467], [-0.5170352244839123, 0.25758281114592796, -0.8162877385119975]], "T": [-0.007938429940769785, -0.06320475402937276, 0.006385903430984965], "aligned_model": [[-0.004068307227690658, -0.5708432625224699, 0.4744825758255208, 0.7277789143103969, -0.1329329920779703, 0.5333226169661621, -0.5593301480371723, -0.2674773570200184, 0.435516461280522, 0.052936817102862986, -0.24850499808465634, 0.042474276251849685], [-0.36431283869293796, 0.12333064440571173, 0.1046750127293205, -0.5142224502478198, 0.2546371898155888, 0.6195240868460201, -0.44788093861264755, 0.20496733801367278, 0.27349451417700454, -0.7845354580754215, 0.657088336381168, -0.1120909465152207], [-0.6278047777221892, -0.02120339844744568, -0.552575461877219, -0.08247195567498819, -0.526717757444527, -0.1320428392440298, 0.4103523061828505, 0.5819070359704289, 0.37577656597291015, 0.15404965588393857, 0.03986253989367798, 0.04083458038042298]], "inverted": false, "swapped": true, "error_lsq": 0.06144309166128994, "error_max": 0.3286853766764114, "target": "190.xyz", "model": "15.xyz", "model_rescale": 3.769337070930944, "target_rescale": 4.012053545048064},
{"mapping": [4, 12, 10, 11, 3, 7, 1, 5, 2, 9, 13], "R": [[-0.35200545099178954, -0.5114529400948176, -0.7839056400743869], [-0.18883280214237563, -0.7814825552975625, 0.5946656107432573], [-0.9167520577054222, 0.3573526351294472, 0.17850702747767344]], "T": [0.009826425405968285, 0.009562425324155265, 0.13117943882059058], "aligned_model": [[-0.2929067601126694, -0.4335316061002937, -0.11965285155279584, -0.6447877957569879, 0.3631156192728471, 0.47229711208207514, 0.5699478344660761, 0.3032546418940643, 0.16902320134896975, -0.4586204410700319, -0.005512823780082702], [0.11419284493185924, -0.6311758434525347, 0.5609289827486252, 0.23141973858868517, 0.08413220774206068, -0.3241295530189159, 0.5004207289003428, -0.5714013429816328, 0.47750787354274554, 0.22130453358870195, -0.06713567296459477], [-0.5549375661262175, -0.25024004007767553, -0.1517988134568803, 0.008141109169367208, -0.673724779647339, -0.21701393688718745, -0.020929824254926954, 0.3509127347483559, 0.45996800159637113, 0.6630095049511803, 0.13083121720872992]], "inverted": false, "swapped": true, "error_lsq": 0.04033239239520087, "error_max": 0.1980439542782078, "target": "190.xyz", "model": "16.xyz", "model_rescale": 3.7852294659196426, "target_rescale": 4.012053545048064},
{"mapping": [12, 6, 9, 8, 5, 0, 1, 2, 11, 4, 7, 10, 13], "R": [[-0.5772629366615704, 0.11141929190988703, -0.8089210365339495], [-0.40528697200803165, 0.8209159860620406, 0.4022926971103855], [0.7088793778051531, 0.5600738212218875, -0.4287275854251652]], "T": [-0.004684504514773224, 0.11768040534426202, 0.0010233104021567753], "aligned_model": [[0.20907680559041075, -0.406095086033901, 0.23224273849185006, -0.05305225483840711, -0.5936826220670092, -0.6313287098937752, -0.15182083800033994, -0.053687173932361686, 0.6602323702122102, 0.5709263544969986, -0.3709126726780857, 0.46964624813097444, -0.027779309262281143], [-0.07276979011902085, -0.45465424613824157, -0.48272920966956556, -0.5596554103844785, -0.05958878350239827, 0.2376669708614278, 0.7215522872303173, 0.12223235230568855, -0.10729641705522999, 0.4778530121444663, 0.5395330079678637, 0.4290502425347871, 0.08386160752725862], [-0.8178951943400397, 0.35669175162235794, 0.36226309514934324, -0.29001812573777, -0.30485017955781757, 0.25285969296033634, 0.43863586121208076, 0.5926283248840472, -0.011218243724297892, -0.33408754155164055, -0.36556284568587444, 0.28192510223046063, -0.06561700031801186]], "inverted": true, "swapped": true, "error_lsq": 0.049934770291593364, "error_max": 0.33192730730298525, "target": "190.xyz", "model": "17.xyz", "model_rescale": 3.901054581598922, "target_rescale": 4.012053545048064},
{"mapping": [13, 12, 3, 11, 6, 5, 2, 9, 8, 0, 7, 1, 4, 14], "R": [[0.36180288028480434, -0.7690863493157694, 0.5268822099044174], [-0.8832937053994205, -0.4635502903464619, -0.07009535163955793], [0.29814577947605075, -0.4400310393777398, -0.8470429614634459]], "T": [0.07956693870649112, 0.06349911312024616, -0.05269367164818433], "aligned_model": [[-0.5003492554495792, -0.06409983626094806, -0.5295580510655022, 0.5602408440091562, 0.7149901640661189, -0.21320105331212974, -0.6902333729500617, 0.06107950720062033, -0.03267220947503831, -0.28610001639416366, 0.19170116113949598, 0.32388271956412473, 0.6119739024461602, 0.07871508248114974], [-0.13945619103023288, -0.6613735825281197, -0.33334994216680824, -0.5099504278191385, -0.2257007265541709, 0.36329706881121127, 0.3605912050596567, -0.10762626522538309, 0.714762679135034, 0.0426649083916627, -0.39842239798493645, 0.20785115944072036, 0.6438627672015172, 0.017105622255605434], [-0.44000304485428743, -0.12946955947201966, 0.18157852829414078, -0.3298925347125374, 0.2235788797860832, -0.515828787579295, 0.0009893896341945443, -0.6887470822173558, 0.007939597578039616, 0.6116542284465092, 0.4096173249059692, 0.5838264265284977, 0.02007186891017155, -0.08186096137025717]], "inverted": false, "swapped": false, "error_lsq": 0.03026757427357402, "error_max": 0.23553830893286648, "target": "190.xyz", "model": "18.xyz", "model_rescale": 3.9405287249114394, "target_rescale": 4.012053545048064},
{"mapping": [11, 14, 13, 3, 1, 5, 9, 10, 8, 7, 12, 4, 6, 15], "R": [[0.14906033010316458, 0.947930314450003, 0.2814411784658641], [0.048332152833340414, -0.29126520286271673, 0.955420632289169], [0.9876462023376744, -0.12881265678519008, -0.08923160011963582]], "T": [0.06258712825926217, -0.024485995374799254, 0.06346282130706078], "aligned_model": [[-0.46604050720106216, -0.11613060423750658, -0.4908150746480139, 0.6266327972393321, 0.7137760851554471, -0.14206934839509128, -0.6214156873641175, 0.09223209776158893, 0.060975024374732, -0.38750385585092645, 0.2818417468612534, 0.15513323357332703, 0.4493878100716464, 0.07036586865879374], [-0.14257864125257366, -0.7335487707929599, -0.38522232677387147, -0.5845976561476216, 0.028416824692891394, 0.6166520622945819, 0.3148169774139095, -0.3159648185655498, 0.7240780169189123, 0.29916945715828613, -0.44747985288995396, 0.04787241497314293, 0.572230356361819, -0.019588166404394515], [-0.4117425573630772, -0.1915448544277964, 0.18571316444801061, -0.24240644103406006, -0.02966965436486975, -0.4247178423106487, -0.01414831083626615, -0.66596524804664, 0.17264833387975773, 0.4973877030661832, 0.3339118385645416, 0.785172255538868, -0.16588033580000316, 0.024696222563854023]], "inverted": true, "swapped": false, "error_lsq": 0.0459314262516347, "error_max": 0.28801880379409434, "target": "190.xyz", "model": "19.xyz", "model_rescale": 4.410303926677745, "target_rescale": 4.012053545048064},
{"mapping": [7, 1, 2, 5, 3, 8, 12, 8, 11, 4, 0, 6, 10, 13], "R": [[-0.9410681268059214, -0.30595542597468467, 0.14415983499797586], [-0.06069452296250545, 0.5720851650005173, 0.8179454375865697], [-0.3327265477721131, 0.7609926683634872, -0.5569409332278169]], "T": [0.01744203611937756, -0.012712953890874313, 0.06766746929436579], "aligned_model": [[-0.548298053722591, -0.12386204140032772, -0.4478196960825199, 0.6372106321128613, 0.6439426693448721, 0.00550861461495843, -0.5785486216659778, 0.00550861461495843, -0.02014880075282983, -0.3628427963503996, 0.16758002129238292, 0.2057080679524499, 0.6060234200818839, 0.036407555959681606], [-0.23505995416094985, -0.669881135791444, -0.35600128092227784, -0.11946737924273473, -0.2452678598858366, 0.062436889646864925, 0.40172246481652457, 0.062436889646864925, 0.7756864760139592, 0.24798097301181857, -0.5951780062891509, 0.1733180414250595, 0.46161935034864016, 0.009910408369279955], [-0.3029443588738851, -0.2659236420173711, 0.3906123141619715, -0.4832963253931261, 0.3494082508083944, -0.6973604229257362, -0.14140992508860442, -0.6973604229257362, 0.3209392450662838, 0.5991893575391767, 0.45670785365774624, 0.5838594812609694, -0.2543804038780015, -0.0045867275142283115]], "inverted": false, "swapped": false, "error_lsq": 0.06147545423114017, "error_max": 0.42265194525535965, "target": "190.xyz", "model": "20.xyz", "model_rescale": 4.121658175737393, "target_rescale": 4.012053545048064},
{"mapping": [3, 1, 10, 4, 11, 7, 2, 12, 5, 8, 9, 12, 13], "R": [[0.8253036459887354, 0.04099419987343955, 0.5631992254029092], [-0.5530694842281085, -0.14260567549476713, 0.8208396718801643], [0.11396507154981544, -0.9889302790861538, -0.09502034294417054]], "T": [-0.07047267261914178, 0.04803891228715971, 0.04337226152759071], "aligned_model": [[0.19075159076116124, -0.32249078258369157, 0.28959799923552654, 0.6129468750593987, 0.5339734345028011, -0.24442863340546503, -0.3324291217825154, 0.41380125155111025, -0.517778061574618, -0.058951475784684564, -0.027734874555527173, 0.41380125155111025, -0.06997654831031189], [-0.5172735555106777, 0.09142972962168186, 0.31434764773046636, -0.17797006416112238, 0.37611697907122343, -0.5705168247651587, 0.5157684867099194, -0.4662534301205583, -0.33883618624280387, 0.08702396186382713, 0.6936453604443117, -0.4662534301205583, -0.00040177035736738836], [0.6682149664015202, 0.7592068822407052, 0.4908936842177252, 0.27833846168068366, -0.09765455238190174, 0.2266649869657016, 0.2983748868931503, -0.4601898944855571, -0.3061234992529177, -0.6943104561930332, -0.315077457510584, -0.4601898944855571, -0.01803837460814635]], "inverted": false, "swapped": true, "error_lsq": 0.061379969211445125, "error_max": 0.47014446189525533, "target": "190.xyz", "model": "21.xyz", "model_rescale": 4.08911054899281, "target_rescale": 4.012053545048064},
{"mapping": [6, 0, 7, 1, 2, 5, 10, 8, 9, 12, 4, 14, 15, 16], "R": [[0.41297112380800605, 0.4268243097596942, -0.8045345607858703], [-0.15180759317400927, -0.8387628052830525, -0.5229066944765755], [-0.8980029540906127, 0.3380798205629326, -0.28158964713332096]], "T": [0.06511213736441593, 0.012965874547302296, 0.0138039351795058], "aligned_model": [[-0.4217713886149371, -0.06514713177648354, -0.5699856876679039, 0.5858771532690428, 0.7110930705912974, -0.22220947740635502, -0.6795822321591094, 0.05731814802185506, -0.13998261584092336, -0.33628534624278916, 0.2798788523373134, 0.25082899377812473, 0.7226899999575388, 0.05364724775273206], [-0.32996566593423343, -0.7445863771237732, -0.26259516225564566, -0.3361709900321658, -0.26246425987651856, 0.5108256695526175, 0.3124851959097189, -0.034773084918066736, 0.6887686337220529, 0.29106791603160564, -0.5372781539212961, 0.37995078259521936, 0.3274839171843406, -0.02849254394723781], [-0.4344220337516151, -0.08225077303532662, 0.176632236296771, -0.47292558854749306, 0.18143658215453817, -0.39523269906118147, -0.06898423635177749, -0.6778768174364427, 0.10747561959882941, 0.5674363228792785, 0.3844775829374188, 0.5064030749026028, 0.02709955014833766, 0.03418545314391325]], "inverted": true, "swapped": false, "error_lsq": 0.046396758754248625, "error_max": 0.30870556273462507, "target": "190.xyz", "model": "22.xyz", "model_rescale": 4.204369325754507, "target_rescale": 4.012053545048064},
{"mapping": [11, 14, 13, 3, 1, 5, 9, 10, 8, 7, 12, 4, 6, 15], "R": [[0.14906033010316458, 0.947930314450003, 0.2814411784658641], [0.048332152833340414, -0.29126520286271673, 0.955420632289169], [0.9876462023376744, -0.12881265678519008, -0.08923160011963582]], "T": [0.06258712825926217, -0.024485995374799254, 0.06346282130706078], "aligned_model": [[-0.46604050720106216, -0.11613060423750658, -0.4908150746480139, 0.6266327972393321, 0.7137760851554471, -0.14206934839509128, -0.6214156873641175, 0.09223209776158893, 0.060975024374732, -0.38750385585092645, 0.2818417468612534, 0.15513323357332703, 0.4493878100716464, 0.07036586865879374], [-0.14257864125257366, -0.7335487707929599, -0.38522232677387147, -0.5845976561476216, 0.028416824692891394, 0.6166520622945819, 0.3148169774139095, -0.3159648185655498, 0.7240780169189123, 0.29916945715828613, -0.44747985288995396, 0.04787241497314293, 0.572230356361819, -0.019588166404394515], [-0.4117425573630772, -0.1915448544277964, 0.18571316444801061, -0.24240644103406006, -0.02966965436486975, -0.4247178423106487, -0.01414831083626615, -0.66596524804664, 0.17264833387975773, 0.4973877030661832, 0.3339118385645416, 0.785172255538868, -0.16588033580000316, 0.024696222563854023]], "inverted": true, "swapped": false, "error_lsq": 0.0459314262516347, "error_max": 0.28801880379409434, "target": "190.xyz", "model": "23.xyz", "model_rescale": 4.410303926677745, "target_rescale": 4.012053545048064},
{"mapping": [14, 6, 15, 12, 0, 11, 9, 13, 10, 8, 5, 4, 1, 16], "R": [[-0.2802669570649946, 0.04424157369795623, -0.9589020366722855], [0.8197717324649392, -0.5086918903262292, -0.263071981343054], [-0.4994244081229521, -0.8598111675670748, 0.10630153666802333]], "T": [0.06311983710846614, 0.046899148429775446, -0.05076344600052366], "aligned_model": [[-0.46107567955740625, -0.111192458483311, -0.518236656214235, 0.5585257956055474, 0.8043465320980319, -0.16332841427461128, -0.5183384593928662, 0.08987751496968768, -0.10094747489402073, -0.366699980958296, 0.15140753831438888, 0.14870842828596192, 0.5620292672980539, 0.1512936332024778], [-0.11942393400605869, -0.6692858593283866, -0.3198961057333753, -0.5747418795226289, -0.077933426147896, 0.47874937110838217, 0.2653895098456619, -0.35395369051535547, 0.610257028340987, 0.25898619702639475, -0.44714400609833505, 0.08732385960410535, 0.7256101621463328, 0.11031865026679002], [-0.44535903970511315, -0.23675362861176727, 0.14106997139506786, -0.1703928881774553, 0.02262337873881915, -0.454431702405145, 0.030404250939257242, -0.6276409477409199, 0.231182936401944, 0.6170543997247045, 0.3283522048339147, 0.6310905037408224, -0.21439745804594612, 0.0006522927896700226]], "inverted": false, "swapped": false, "error_lsq": 0.043062769872973035, "error_max": 0.284959276613755, "target": "190.xyz", "model": "24.xyz", "model_rescale": 4.28219845311461, "target_rescale": 4.012053545048064},
{"mapping": [1, 0, 4, 6, 14, 5, 3, 8, 9, 7, 2, 13, 11, 15], "R": [[-0.2257603875958435, 0.6670011142133905, 0.7100294085674694], [0.11919075787757183, -0.7044584358921159, 0.6996655453407751], [0.9668639049158598, 0.24258570802611135, 0.07953844122388681]], "T": [0.07157334243376774, 0.06319560877455654, 0.04293823268406839], "aligned_model": [[-0.3604232340223339, -0.13479962645945387, -0.47687634019265296, 0.46493849683292937, 0.8153199409380961, -0.07470039768949253, -0.6813616779212377, 0.17478538987186762, -0.12149097141413344, -0.3837427755534209, 0.32259670900694853, 0.19413506695844948, 0.4373731869086209, 0.05061581873521635], [-0.05649277994563867, -0.7136741110652592, -0.33058991084725775, -0.6126454143012791, -0.08081537243928039, 0.5302806648801741, 0.21490313488709029, -0.02809381218031233, 0.7038737658338804, 0.3157508660716305, -0.4890505880332081, 0.0906144787954969, 0.43767721388874553, -0.0074822585581639095], [-0.4141515247842458, -0.09648130734533382, 0.32362397010025457, -0.4050571934012358, 0.12197277828090504, -0.6539952104992148, -0.057655139382121884, -0.637473092775895, 0.13849634936903182, 0.6212539600016905, 0.3604148962887271, 0.6235786430804817, -0.10683183262228159, 0.03575897756709055]], "inverted": false, "swapped": false, "error_lsq": 0.038178627171944354, "error_max": 0.2438134519096769, "target": "190.xyz", "model": "25.xyz", "model_rescale": 4.100010024507729, "target_rescale": 4.012053545048064},
{"mapping": [9, 11, 12, 4, 6, 5, 8, 7, 10, 0, 2, 13], "R": [[0.8008729211269341, -0.16797628649382582, -0.5747925985791366], [-0.5595530063269784, 0.1320016598905353, -0.8182151275163425], [0.21331431577850746, 0.9769132658337116, 0.011724918850875052]], "T": [0.04109836327200486, 0.05920099684017194, -0.13242026458537137], "aligned_model": [[-0.6317252559679692, -0.09547205890756849, 0.5020962135858003, 0.5415078510405236, -0.6184944849249718, 0.12891145442756527, -0.21998427140435609, 0.5918268639968596, 0.062451522220833555, -0.06707498524312802, -0.3825298526100458, 0.06525260614946413], [-0.18417704624167502, -0.6037531425135088, -0.1303492552373554, -0.5089212032567412, 0.4538863770742698, 0.6576013841496584, 0.11976770134440333, 0.433044512627096, -0.4246802822477693, 0.6778014699617505, 0.09155199353266866, 0.08435888085784225], [0.055185470674612463, 0.05391063854295117, 0.5776109854328849, -0.14579789916763047, 0.023650788336036954, 0.19332131572682487, 0.5560533342306079, -0.19079186320478742, -0.5401574414787857, -0.408342864139048, -0.547041806130067, -0.06240836896924301]], "inverted": false, "swapped": true, "error_lsq": 0.04180304855457013, "error_max": 0.2586574834088873, "target": "190.xyz", "model": "26.xyz", "model_rescale": 3.6694154284099745, "target_rescale": 4.012053545048064},
{"mapping": [6, 12, 3, 11, 10, 0, 1, 2, 5, 7, 9, 8, 4, 13], "R": [[0.5287119301080834, -0.37450774448820934, -0.7617136235356037], [0.7264398029983609, -0.26451927472750475, 0.634282875314585], [-0.4390317842492588, -0.8886920178644506, 0.13220283583540587]], "T": [0.05163319677806211, 0.02702792799740692, 0.04453288538676009], "aligned_model": [[-0.4518845720836423, -0.11744285473487126, -0.5255863679595717, 0.46256324056248604, 0.6444113042833924, -0.017932215332765733, -0.7143454685584614, 0.20478812269097557, -0.27320043475727607, -0.3304278296712461, 0.20950802944459607, 0.4109009877601459, 0.6603777496536294, 0.06463989470201262], [-0.1768134450540443, -0.6971135426428474, -0.4517949011518201, -0.637157837466621, -0.07462220542986994, 0.5271147614199675, 0.3903217158649637, -0.06059379723739466, 0.728070559497378, 0.07541587818858306, -0.4805970525210549, 0.2722902210913201, 0.5379729811653347, 0.0217625412627235], [-0.3751205226506605, -0.23253250880965493, 0.3451613815463376, -0.3106702076677436, 0.05765102280228286, -0.3820900811872258, -0.20232934672230476, -0.6119697026803164, 0.21482921642272246, 0.5423445998564388, 0.4714473403241607, 0.5126463912581656, -0.16498034110855087, -0.010932967505797787]], "inverted": true, "swapped": false, "error_lsq": 0.0461566805797189, "error_max": 0.2757888577392719, "target": "190.xyz", "model": "27.xyz", "model_rescale": 4.103607728864725, "target_rescale": 4.012053545048064},
