[{"mapping": [11, 7, 1, 5, 3, 10, 8, 6, 0, 4, 12, 14], "R": [[-0.8529257405337405, 0.2675491979598186, -0.44825785861045225], [-0.14394849541207386, -0.9459267962558638, -0.29069111922058744], [-0.5017932958934092, -0.18341189382418863, 0.8453186176822642]], "T": [-0.054874290441526946, -0.09211942202765075, -0.0023629034044306343], "aligned_model": [[-0.14909761686816256, 0.038539842585775905, 0.32422612924311134, -0.04804266566888182, -0.14063549662916694, -0.543377793506615, 0.4668067804549614, -0.23870068956994012, 0.6617648998474994, -0.079332636717064, -0.4508272864777807, -0.0036810042331879705], [-0.46668760904096207, -0.799421221455104, -0.06831823766430048, 0.6508458066695736, 0.37832090582214695, -0.5479128966474401, -0.3909835521040208, -0.39897302658771006, 0.166316998515913, 0.4768217129502109, 0.18828174115450266, -0.13473558563575241], [-0.4964029463858178, 0.027851959823748072, -0.6300336344664312, -0.07027609224408635, -0.6562190984722074, -0.009286755725380687, 0.4905514379127536, 0.6385334353670153, 0.04469198918174105, 0.532441776727387, 0.33865051651778083, -0.028550842882940214]], "inverted": false, "swapped": true, "error_lsq": 0.04857348739542073, "error_max": 0.2865738611603043, "target": "192.xyz", "model": "0.xyz", "model_rescale": 3.751011558992144, "target_rescale": 4.2847794602520235},
{"mapping": [9, 12, 13, 3, 8, 2, 4, 6, 10, 11, 1, 7, 8, 0, 14], "R": [[0.3641228578433789, -0.20426922965457114, -0.9086741034123831], [0.8230115092446051, -0.3861318925788983, 0.4165983883602471], [-0.43596628315374064, -0.8995422410035929, 0.0275164787599404]], "T": [-0.06898011495675119, -0.025989733349278867, -0.06933705109685054], "aligned_model": [[-0.6533176236579579, 0.00230776301067466, -0.3006762280678307, 0.3382966063767341, -0.09527751739053328, 0.08069620548194648, -0.19439087143819123, 0.12501722770774573, -0.738397512161054, -0.33502379361315393, 0.47728984681664044, 0.4327074977102615, -0.09527751739053328, 0.647046255759116, -0.0894826451385776], [0.01802921520118556, 0.27061557526956415, -0.4052101268640894, -0.27828977346103173, -0.48948501770671055, -0.820910602440668, 0.07708695006903496, 0.6755541912096307, 0.3009999044072175, 0.6790700154501444, 0.12935057564383992, 0.3607746982079249, -0.48948501770671055, -0.2702412491260756, -0.0017267202888456255], [-0.37067013827393525, -0.7467722387209016, -0.643802892215597, -0.6642120392516975, 0.40489793300231103, -0.24090602548042267, 0.7047568123357707, 0.11485550636337186, 0.27331710873336745, -0.33171559556369246, 0.3345739127328723, -0.2652958160856881, 0.40489793300231103, -0.12547929882247946, -0.11399984206136632]], "inverted": false, "swapped": false, "error_lsq": 0.03893861445580513, "error_max": 0.2997025324646626, "target": "192.xyz", "model": "1.xyz", "model_rescale": 3.9405287249114394, "target_rescale": 4.2847794602520235},
{"mapping": [7, 6, 10, 0, 4, 11, 9, 8, 5, 3, 2, 1, 14], "R": [[-0.8742598314103966, -0.29566864586878067, 0.3850322051885877], [-0.03872099512013111, 0.8330750473974151, 0.5518030898252578], [-0.4839115949418571, 0.46751044614416515, -0.739772634683733]], "T": [-0.059598725023277246, -0.01907709449044972, -0.14571376660252103], "aligned_model": [[-0.1963927231217213, 0.28401217215288066, -0.44039844966730446, 0.4087937846707732, 0.5330477564813081, -0.6204409769682839, -0.09545644378243791, 0.5137551257075781, 0.10633312535447305, -0.49895694216491043, -0.051028557092606244, -0.3790297553401849, -0.06825483694563242], [0.6586725051764317, 0.48214000090615283, 0.40418156056033927, -0.24093510252460154, -0.37758291298508956, 0.16872411342410648, 0.29733648459787954, 0.43135910283478984, -0.7421503821353148, -0.6811589428127156, -0.7072352826070711, -0.24733814682667551, 0.012819595963785312], [0.03277392462037096, -0.557311107850801, -0.49539216796502394, 0.41461002958268867, -0.5070335664046504, 0.06271272109392687, 0.5502881712377525, 0.12411590160585853, -0.22500970025101347, 0.011794942791570479, 0.3097435094747931, 0.4740562553177966, -0.08222856366462493]], "inverted": false, "swapped": true, "error_lsq": 0.046299503349502995, "error_max": 0.2888447367029691, "target": "192.xyz", "model": "2.xyz", "model_rescale": 3.932901565614263, "target_rescale": 4.2847794602520235},
{"mapping": [4, 12, 6, 5, 8, 9, 7, 0, 3, 1, 10, 13, 11, 14], "R": [[0.8262323077060477, 0.2169157612608183, 0.5198920332332266], [0.3736347663255227, -0.9016967535957837, -0.21757763200222716], [0.4215889409076225, 0.3740194073460149, -0.8260582593455046]], "T": [0.06028813662257737, -0.09111654004650005, -0.014543650279391435], "aligned_model": [[-0.19655719358683155, 0.2702734177940172, 0.3582820514884023, -0.2978030639351421, -0.26396123007600364, -0.2562407068038919, 0.31380365155397966, -0.6936804161015397, -0.07809413126551878, -0.2751698877005435, 0.706755574433331, 0.4677486557324732, 0.3285573382099905, 0.03589585230998073], [0.30066475024407036, 0.2635326229016172, -0.40278917069971304, 0.56045185662258, -0.6916373030961332, -0.6734253944595825, -0.7505154310908445, -0.2093088697082961, 0.4889611659357831, -0.11656868697513534, -0.2568835681425987, 0.5659501270464599, -0.26879028745607647, -0.14614517277164218], [-0.6397205601146818, -0.4409517797311923, -0.6084789958375668, -0.07687758897846007, -0.3869313745615184, 0.36827212245566543, 0.08956187244158596, -0.02625988474250836, 0.5336873351083133, 0.6374335528098154, 0.017588078438371107, 0.1986815348785774, 0.5237114946058945, 0.024180556284802337]], "inverted": false, "swapped": true, "error_lsq": 0.052237022204742516, "error_max": 0.26273601250723205, "target": "192.xyz", "model": "3.xyz", "model_rescale": 3.9243930471874484, "target_rescale": 4.2847794602520235},
{"mapping": [2, 0, 5, 13, 12, 1, 11, 4, 6, 8, 10, 7, 14], "R": [[-0.46436198637435355, 0.7762985224855257, -0.4262963166592636], [0.5833771874218583, -0.0940502761121218, -0.8067376294428048], [-0.6663625160573089, -0.623309834311977, -0.40920147561286874]], "T": [0.01507800799378364, -0.06593594768637431, -0.040113368449713575], "aligned_model": [[-0.1007663978460124, -0.4013794931048895, 0.3951737920692135, 0.6108422673310658, 0.5741969919316249, -0.4426129672055914, -0.2468820814450773, 0.4880207959000887, 0.16726665338707356, -0.4290811861273837, 0.15375028293472134, -0.4354816949521788, -0.05584107656130191], [-0.5581593726458386, 0.032681187222138836, -0.3077978295056146, -0.5844397123108193, 0.12961267154751324, -0.6115119651436924, -0.4644189206161031, 0.30590294531059825, 0.5915551312712723, 0.5616256256325556, -0.04210736821818492, 0.1474418413105578, -0.07255468017279615], [-0.6923193508961163, -0.6721047338328667, -0.6348286183125905, 0.0993299985140289, -0.06910369902853106, -0.21652184786759987, 0.3671250848680685, -0.5384799290108385, 0.24840611789935318, -0.15554533033753257, 0.6130585099307314, 0.4711408216812628, -0.03308670823640512]], "inverted": true, "swapped": true, "error_lsq": 0.04339477019459221, "error_max": 0.23418461330310786, "target": "192.xyz", "model": "4.xyz", "model_rescale": 3.8936222436046832, "target_rescale": 4.2847794602520235},
{"mapping": [4, 0, 6, 12, 7, 9, 1, 11, 13, 5, 10, 14], "R": [[-0.69647936896784, 0.7159756851444641, -0.04790936113198255], [-0.6420982391311303, -0.6516359789969285, -0.40383214604760787], [-0.32035346089415206, -0.2504982418274232, 0.9135777421404864]], "T": [-0.07916883196380214, -0.035521306336360026, -0.05071993670950439], "aligned_model": [[0.16590886840138386, -0.5203945522560438, -0.21745741531015172, 0.3376957259316682, -0.5581948937006714, -0.7466983217567065, -0.2602119460939353, -0.12625682640822433, 0.6875805923870708, 0.3457300811324571, 0.05967593426343054, -0.13982920437518043], [-0.5457018038566772, -0.6510291266924615, 0.2555941884256758, -0.0819234832784857, 0.49405003556474075, 0.008198577133460144, -0.2023484840438824, 0.37576349530119363, 0.0761711931333787, -0.6463454505229058, 0.6125551702757668, -0.026061406329995745], [-0.5892002542671297, 0.044386647031320725, -0.7101343990351187, -0.4699627282953329, -0.04893116719221369, 0.32118728095334736, 0.6403996295149512, 0.42032407265220106, 0.15627224923821195, 0.0041524780078680545, -0.13527947252375702, -0.013929616808829905]], "inverted": true, "swapped": true, "error_lsq": 0.03849746136157068, "error_max": 0.23337454818970227, "target": "192.xyz", "model": "5.xyz", "model_rescale": 3.6523030999806103, "target_rescale": 4.2847794602520235},
{"mapping": [2, 0, 4, 5, 12, 1, 8, 11, 9, 7, 6, 10, 14], "R": [[0.6845309984711445, -0.6914282315707387, 0.23096387751996944], [-0.457745493265369, -0.16110760723528805, 0.8743645705803529], [-0.5673503111194552, -0.7042523265690228, -0.4267813081600182]], "T": [0.17882961936010439, -0.044092241965865926, -0.020829545868721988], "aligned_model": [[0.1272210631417398, -0.3211473284701392, 0.46655136194967134, 0.5371634224351968, 0.6538766685194879, -0.1268085206841672, -0.4327947477982624, 0.0886938154627119, -0.5350035393985066, -0.24873128396319527, 0.17559909043282626, 0.3825438730528488, 0.11391902998408236], [-0.5172469479122969, -0.038365764983758495, 0.4705114968415115, -0.1388581034704947, 0.3039685124307739, -0.6885034587923083, 0.43545880075374177, -0.5196769376783156, -0.3048666805855598, 0.007284286158670529, 0.6149659034560635, -0.012851798635946828, -0.07099240341889787], [0.653364529415154, 0.5558554067158801, 0.49172041512046705, 0.6266830180522805, 0.04901136109014528, 0.1511404578895375, -0.0012876222471668586, -0.4195144591702637, -0.11171925993363052, -0.5904496824419354, -0.34383313924582576, -0.6564047509284883, -0.03445653483436484]], "inverted": false, "swapped": true, "error_lsq": 0.06038362301339839, "error_max": 0.35590500082986753, "target": "192.xyz", "model": "6.xyz", "model_rescale": 4.08911054899281, "target_rescale": 4.2847794602520235},
{"mapping": [9, 3, 8, 4, 11, 10, 13, 2, 1, 0, 7, 6, 12, 5, 14], "R": [[-0.10187126339862237, -0.831028004251464, 0.5468223677241062], [-0.5222441629700325, 0.5125196955345193, 0.6816044277533224], [-0.8466896007022284, -0.2161388855320412, -0.4862105533857411]], "T": [-0.007610209206640371, -0.06576729859711322, -0.058973992942804816], "aligned_model": [[-0.7157958244139102, -0.07683379891506695, -0.19315106423824874, 0.39604984490307976, -0.3991749972061427, 0.021416079797825706, -0.06154816935254869, 0.025842431206105056, -0.5845961743764635, -0.29207651980615235, 0.6115941690724038, 0.19716840821304074, 0.1651129310399935, 0.6782772834080562, -0.17076690532668473], [-0.05418183027206566, 0.27297665980631675, -0.43318127210783014, -0.1924770744348538, -0.42496668647066865, -0.7845143161386225, 0.011373133054726037, 0.6657284745458489, 0.32164386884418367, 0.7527135560910687, 0.25478119326164217, 0.35294469843146203, -0.5149989106643591, -0.39680596088417003, -0.07490291519826718], [-0.3949743192000579, -0.7709515638948878, -0.6027851149954804, -0.6227582452286791, 0.1903929645863045, -0.10181203472575376, 0.66699747523724, 0.2785677052437309, 0.17543130178027572, -0.42479388270646196, 0.27736447768550554, -0.2375487611646948, 0.4667251544352391, -0.08072212227037781, -0.08468771508767814]], "inverted": true, "swapped": false, "error_lsq": 0.0404223777834625, "error_max": 0.2526464686634873, "target": "192.xyz", "model": "7.xyz", "model_rescale": 3.964800864290218, "target_rescale": 4.2847794602520235},
{"mapping": [7, 8, 9, 10, 1, 12, 11, 0, 4, 5, 13, 3, 2, 14], "R": [[-0.8858673323757955, -0.15230720603344478, -0.43822549494487173], [0.3926135407330194, 0.2571271432879516, -0.883029014142604], [0.24717135162165074, -0.9542998203787232, -0.16798266506596232]], "T": [-0.0648654595852381, -0.1237813572244183, 0.02160422518261007], "aligned_model": [[-0.25885633571540073, 0.34157066141037445, 0.2804307868886065, -0.6925811518394211, 0.22605943735719342, -0.279021152106388, -0.3505734634668536, 0.6960955793799188, 0.1944012174735223, 0.23085919421128503, -0.5485797631883895, -0.022025535582413908, 0.48129767242457294, -0.03788925778573373], [-0.11114222853653588, -0.5315143743278558, 0.2183259305693132, -0.16068286706535945, 0.5461598381674208, -0.525039194711808, 0.3695207245135349, -0.08853743586699248, -0.6812320896864984, -0.08760466609690978, 0.12568377437352118, 0.49255608347807933, 0.33381732037039663, -0.08936234899910393], [-0.665507676975049, -0.5008887624908457, -0.5696276517599348, -0.204321851251953, -0.04764655293621514, 0.40216069558715206, -0.23969812594606765, -0.026055386882509447, 0.5036184808926734, 0.705632279815251, 0.6106825559928238, 0.5455220722563876, 0.43800037487516935, -0.03505541245186162]], "inverted": false, "swapped": true, "error_lsq": 0.04259202095381442, "error_max": 0.2918366605772351, "target": "192.xyz", "model": "8.xyz", "model_rescale": 4.121658175737393, "target_rescale": 4.2847794602520235},
{"mapping": [13, 11, 1, 2, 10, 12, 7, 8, 9, 6, 5, 0, 14], "R": [[-0.6888451504876218, 0.5482785377777731, -0.4742183080206339], [-0.2565347257701981, -0.796219375528493, -0.5479275869191349], [-0.6779987412404946, -0.25578379746435026, 0.6891243398915912]], "T": [-0.12636314881575092, -0.016766204852189222, -0.0024788213935699743], "aligned_model": [[-0.771093793114362, -0.0331309957488492, 0.32363649848177567, 0.15158993085763747, -0.4594369318638222, -0.6333366934982622, 0.15656638781940838, 0.3749493111711796, 0.5891443723164002, -0.3138241951868863, -0.31855166806398694, 0.47203784681494554, -0.061812573549981306], [0.2074693096532783, -0.3029750541941857, 0.21939138861317128, 0.7146722353936273, -0.5709835853561656, 0.08564950139198355, -0.6704672134605036, -0.26222355303970823, -0.21864930521674458, -0.4750473636264522, 0.7030961434378976, 0.39987612837079484, -0.0394211925552832], [-0.42350909294227085, -0.5526126107823244, -0.5316140401182592, -0.26480755335582357, -0.17081257896216545, 0.287663536868008, -0.052885590049574493, 0.5386976410812585, -0.1844519718692174, 0.5393109277754429, 0.03648238947026203, 0.22313299131240616, -0.023518614468653953]], "inverted": false, "swapped": true, "error_lsq": 0.0478562279642089, "error_max": 0.26846086466217733, "target": "192.xyz", "model": "9.xyz", "model_rescale": 3.833441315466971, "target_rescale": 4.2847794602520235},
{"mapping": [8, 7, 9, 3, 13, 2, 0, 12, 10, 11, 1, 6, 5, 4, 14], "R": [[-0.5152418515887859, -0.018976176864159644, -0.8568347209835626], [0.8537445624551421, 0.07628790465687196, -0.5150731770159869], [0.07514024520613147, -0.996905241391921, -0.023105913435272185]], "T": [-0.0005339380462271934, 0.06617386085854773, -0.06510937342902835], "aligned_model": [[-0.7239107624767022, -0.022026953700125924, -0.3522759002942666, 0.3080069652717721, -0.2942296115872436, -0.12794691901608757, -0.1591286667813413, 0.0790550858777708, -0.7297259112405149, -0.3458347646326285, 0.35888270568420755, 0.6119946600197329, 0.27121166975618793, 0.736917823570996, -0.009471726446469621], [-0.030718125783085498, 0.21364027834837165, -0.3817146961495401, -0.4232418764240319, -0.5240279521569909, -0.6320744419910042, 0.03001274922106905, 0.6371587408068305, 0.33517188006928733, 0.5460375246743023, 0.25516534305485494, 0.35939566906277454, -0.43888793757180544, -0.19941408650616962, 0.009629549209547866], [-0.338783038910856, -0.7144980727244767, -0.6426763037737515, -0.7128721361959954, 0.38332257533367364, -0.17853553785209778, 0.5962249200460974, 0.10999605610427611, 0.20260927629412706, -0.4054552039479859, 0.551908315766847, -0.05741159519705638, 0.2933625304538339, -0.21187626885333405, -0.14087019684907703]], "inverted": false, "swapped": false, "error_lsq": 0.04249854930858176, "error_max": 0.3164923222313306, "target": "192.xyz", "model": "10.xyz", "model_rescale": 4.2482417240324, "target_rescale": 4.2847794602520235},
{"mapping": [13, 5, 1, 0, 10, 7, 11, 8, 4, 6, 12, 14], "R": [[-0.9089018406522698, 0.31555218323986295, -0.2726247672378131], [0.09796112372986254, 0.797031502688252, 0.5959399315032425], [0.4053406743672517, 0.5149442721062765, -0.7553352463167853]], "T": [-0.012631721926015558, 0.0435604457405388, 0.005159648281458984], "aligned_model": [[-0.7281208471788231, -0.08299803304053137, 0.2521950236566911, 0.6760524753707883, -0.4531398795725229, 0.14668495154586206, -0.15490729928324934, 0.6086922226743614, 0.0027701446057939276, -0.05848542987162267, -0.3689849647904301, 0.037007238246689556], [-0.29273960533550875, -0.6776544820706334, -0.2245324881938477, -0.28368241518345677, 0.5375908678750239, 0.7058015523356838, 0.25670956266712935, 0.40519412702254437, -0.3236614241065677, 0.5553218515670311, -0.060776891416357004, 0.06856073488959849], [0.14007905576172722, -0.17247428296756906, 0.6346412959985296, -0.029502460796215046, 0.09636167016862823, 0.21956554365737066, 0.5775057324608395, -0.2908354399933608, -0.6842017609058108, -0.5189558901953115, -0.45724691128063955, 0.05025573794616808]], "inverted": false, "swapped": true, "error_lsq": 0.04743818723924912, "error_max": 0.277171197089342, "target": "192.xyz", "model": "11.xyz", "model_rescale": 3.6694154284099745, "target_rescale": 4.2847794602520235},
{"mapping": [10, 7, 9, 8, 6, 13, 12, 3, 0, 2, 1, 4, 11, 14], "R": [[-0.7243528645896403, -0.3042908181393139, 0.6186436983893796], [-0.6492547439969562, 0.6029144992418416, -0.46364036062599945], [-0.23190775096626176, -0.7374965793819431, -0.634285101860121]], "T": [0.07955959932384749, -0.014521850301916855, -0.05246594788230654], "aligned_model": [[-0.1502851454629951, -0.017908195389927162, -0.091814104908259, 0.6157259267805891, 0.570670964701119, -0.3444796197839929, 0.35780715056677365, -0.4588867990062141, 0.3644326068378641, -0.10555948464458909, -0.4085798124273102, 0.6979056719221453, -0.4898663404113408, 0.05910203148194686], [-0.3082242918667095, 0.3083033144957267, 0.717420968966241, 0.48207057894537353, -0.19246381050716674, -0.6569644799904494, -0.5361299192440736, -0.13905302514868365, 0.5501480597869228, 0.22809098562432711, 0.4381283830167835, -0.32622400839463706, 0.11395399510015702, 0.05193053735244216], [-0.6068499058541768, -0.6819092858003921, -0.19638533268873484, -0.3177150465989492, -0.5680681999082744, 0.1726648306463143, -0.005593113609325788, 0.5397877756174817, 0.3748167895035586, 0.7143106862013036, 0.25588750545628264, 0.30919434964277304, -0.2816012405356, -0.06944435241984503]], "inverted": false, "swapped": true, "error_lsq": 0.04436956667301232, "error_max": 0.257628992263464, "target": "192.xyz", "model": "12.xyz", "model_rescale": 3.9764082729961374, "target_rescale": 4.2847794602520235},
{"mapping": [12, 6, 13, 14, 10, 11, 2, 0, 9, 5, 7, 4, 8, 3, 15], "R": [[-0.423735271999712, 0.9057636679972896, 0.006371577467637168], [0.4327096192570621, 0.20860036848126962, -0.8770679971768935], [-0.7957454396135354, -0.3688876034859053, -0.480323985793638]], "T": [-0.10382522055127186, 0.0058727776804446685, -0.09701010111660643], "aligned_model": [[-0.7210297667530273, 0.06970945971844855, -0.3100540559799392, 0.3125465234526712, -0.4576691679224234, 0.08020964777051431, -0.026138377084061012, -0.03296863680015158, -0.5062241610515004, -0.36174071056397056, 0.46642490913935575, 0.3175989459077042, 0.12693461747976473, 0.644147344337179, -0.00022887764527740329], [-0.13154093493967275, 0.16520178126243049, -0.298452953593791, -0.4060293875562442, -0.6666624153149282, -0.7608974496112791, 0.06082559566537479, 0.6023979131995378, 0.4120579017038919, 0.7417225251791947, 0.29314617826040346, 0.5696034447257871, -0.4805468124680031, -0.36873465886615675, 0.02404189021786577], [-0.18297262015897142, -0.8237554410125627, -0.5862299524197158, -0.6408659796759097, 0.16497801702951062, -0.19049424164424664, 0.6949523071160923, 0.3107214781549891, 0.08896802723178951, -0.40495271744674965, 0.3071216618395354, -0.2400944424548485, 0.36102779701001675, -0.0040060260887465615, -0.11995254778595811]], "inverted": false, "swapped": false, "error_lsq": 0.03911366479177338, "error_max": 0.24404314616377085, "target": "192.xyz", "model": "13.xyz", "model_rescale": 4.170626492500431, "target_rescale": 4.2847794602520235},
{"mapping": [8, 8, 9, 0, 11, 3, 2, 6, 10, 4, 12, 5, 13, 14], "R": [[-0.5394341929428559, -0.413911027507494, -0.7332724001295701], [-0.8134303507625229, 0.031133828039701494, 0.5808285024083729], [-0.21758174542559533, 0.9097847800767416, -0.35348244369171505]], "T": [0.07749434443228641, 0.06444476865899779, 0.04834235025997758], "aligned_model": [[0.06238174362348679, 0.06238174362348679, -0.10535743303265478, -0.5719062990862334, 0.2619684030907116, -0.3640185818469218, -0.7043589990339334, 0.5866390037350596, 0.7178369533085875, -0.14799631142826475, 0.2478240772147312, -0.45264695491878615, 0.18573024544248853, 0.06470543139988526], [-0.630676887149799, -0.630676887149799, -0.006988115787664534, -0.2731971517202045, 0.5170538326046756, 0.7247177417207629, 0.32638363452730385, -0.4518717523417822, 0.24942401749331564, -0.35637297927038797, -0.04254667513889475, 0.18243247904132615, 0.6866266711777338, 0.0617665399190796], [-0.2995268044183246, -0.2995268044183246, -0.6914445089103207, -0.16811090852388516, -0.3445562154674826, 0.20741135212785441, 0.08254541796444737, 0.1618692754529824, 0.0017019760977867796, 0.6667068534541258, 0.6062261670492227, 0.5598942110616133, 0.542710966915892, -0.02202787726472092]], "inverted": true, "swapped": true, "error_lsq": 0.04791357950425738, "error_max": 0.3598595737034936, "target": "192.xyz", "model": "14.xyz", "model_rescale": 3.9786697098870705, "target_rescale": 4.2847794602520235},
{"mapping": [1, 9, 5, 13, 0, 4, 7, 6, 12, 11, 8, 14], "R": [[-0.44186832215901434, 0.8883147270766736, -0.12509728826426614], [0.8353546289229254, 0.3566114023704994, -0.41834310277138265], [-0.32700921976210295, -0.28935316372564723, -0.8996331012321301]], "T": [0.09252090919116399, -0.056022628778141695, 0.013879159835852719], "aligned_model": [[-0.1735607897918979, -0.6247807953466108, 0.6347754706630703, 0.7530089718921318, -0.19454282666610237, 0.5552239545582741, -0.4923287997854757, 0.01872149445573451, 0.5816503402353312, -0.14478127981976716, -0.45544194295767315, 0.025410799330321795], [-0.41130351737675386, -0.15257633357417344, 0.139598397097343, -0.5109742115773668, 0.3780844549441855, 0.5728984033799781, -0.22819976300196687, 0.29912936835597365, 0.15394069506717722, -0.6364518402287949, 0.4808297269348133, -0.07030088979597554], [-0.5702699571513608, -0.2350739949159544, -0.45977536422874193, 0.014364506731142503, -0.544440396382218, -0.012053421610946167, 0.3856597753107108, 0.6519387981260535, 0.2753395627217731, 0.02055206173708723, 0.1402188475215859, -0.0064939239853015855]], "inverted": true, "swapped": true, "error_lsq": 0.05362330527831461, "error_max": 0.3354046365644415, "target": "192.xyz", "model": "15.xyz", "model_rescale": 3.769337070930944, "target_rescale": 4.2847794602520235},
{"mapping": [11, 13, 9, 1, 7, 10, 8, 12, 0, 2, 14], "R": [[-0.4061242026763069, 0.12386656708049132, 0.9053840099980938], [-0.7266777294105244, 0.5569612810845851, -0.40216117285409647], [-0.5540781619765381, -0.8212497823027486, -0.13618438048612372]], "T": [0.08172923001154758, -0.07499206558742222, 0.04775357122073157], "aligned_model": [[-0.2627843872525504, -0.34088451136667286, -0.0355626897799855, -0.5299405831794861, 0.335543814445946, 0.23474715818881395, 0.6307048788039522, 0.3246260170229392, 0.024217376141868252, -0.5273566110319707, 0.06931566869831671], [-0.011778163518132378, -0.7565617902637194, 0.6322263347307236, 0.32616337803376516, 0.2272901361817098, -0.3989187624381818, 0.4731994674624852, -0.5628198587441428, 0.5226069972519817, 0.15602095683180647, -0.011364197902953774], [-0.47240918805675747, 0.038480210094056395, -0.22040079907103263, -0.00871341823335249, -0.5473250798031921, -0.5162396135497038, 0.09822372061140278, 0.28167435916917216, 0.5190740802119234, 0.5544328501488526, 0.01742048570240831]], "inverted": false, "swapped": true, "error_lsq": 0.044052071459615524, "error_max": 0.28112017248935783, "target": "192.xyz", "model": "16.xyz", "model_rescale": 3.7852294659196426, "target_rescale": 4.2847794602520235},
{"mapping": [0, 6, 7, 8, 4, 12, 13, 10, 9, 1, 3, 11, 14], "R": [[0.013790758897604227, -0.8176406971466437, 0.5755636414320998], [-0.6570474660420855, 0.42648790514632695, 0.6216081515967855], [-0.7537230541364001, -0.38674508029637344, -0.5313471563204691]], "T": [-0.07437296106917801, 0.08661039019175865, 0.0014853012068591414], "aligned_model": [[0.08996695866103868, -0.38229151188863897, 0.37954282925965244, 0.050704531129543734, -0.7667389790056772, -0.651899279362898, -0.36886143697777274, -0.03329945925261871, 0.6240569574744482, 0.49161575745949526, 0.011177281964387942, 0.41692291448028296, -0.007130713724960436], [-0.10713496047803886, -0.48876965499535807, -0.320098718997761, -0.6491811425281929, -0.04069589765930792, 0.11568200059873537, 0.7758333489796154, 0.062248056201679336, -0.157747879930108, 0.4358443537116475, 0.8588657981823411, 0.32438226912320045, 0.06582805149442202], [-0.7182579900537681, 0.3373771980432945, 0.37359164282827534, -0.21623446633175747, -0.3372338714770385, 0.13306012059673494, 0.2869216511350908, 0.6679316590443721, -0.1942357022897147, -0.30826714904419616, -0.2276429404590068, 0.31026972810026726, -0.011525182949379195]], "inverted": true, "swapped": true, "error_lsq": 0.03784617086570343, "error_max": 0.20008851611954884, "target": "192.xyz", "model": "17.xyz", "model_rescale": 3.901054581598922, "target_rescale": 4.2847794602520235},
{"mapping": [9, 12, 13, 3, 8, 2, 4, 6, 10, 11, 1, 7, 8, 0, 14], "R": [[0.3641228578433789, -0.20426922965457114, -0.9086741034123831], [0.8230115092446051, -0.3861318925788983, 0.4165983883602471], [-0.43596628315374064, -0.8995422410035929, 0.0275164787599404]], "T": [-0.06898011495675119, -0.025989733349278867, -0.06933705109685054], "aligned_model": [[-0.6533176236579579, 0.00230776301067466, -0.3006762280678307, 0.3382966063767341, -0.09527751739053328, 0.08069620548194648, -0.19439087143819123, 0.12501722770774573, -0.738397512161054, -0.33502379361315393, 0.47728984681664044, 0.4327074977102615, -0.09527751739053328, 0.647046255759116, -0.0894826451385776], [0.01802921520118556, 0.27061557526956415, -0.4052101268640894, -0.27828977346103173, -0.48948501770671055, -0.820910602440668, 0.07708695006903496, 0.6755541912096307, 0.3009999044072175, 0.6790700154501444, 0.12935057564383992, 0.3607746982079249, -0.48948501770671055, -0.2702412491260756, -0.0017267202888456255], [-0.37067013827393525, -0.7467722387209016, -0.643802892215597, -0.6642120392516975, 0.40489793300231103, -0.24090602548042267, 0.7047568123357707, 0.11485550636337186, 0.27331710873336745, -0.33171559556369246, 0.3345739127328723, -0.2652958160856881, 0.40489793300231103, -0.12547929882247946, -0.11399984206136632]], "inverted": false, "swapped": false, "error_lsq": 0.03893861445580513, "error_max": 0.2997025324646626, "target": "192.xyz", "model": "18.xyz", "model_rescale": 3.9405287249114394, "target_rescale": 4.2847794602520235},
{"mapping": [7, 0, 8, 6, 11, 5, 14, 12, 13, 4, 3, 1, 10, 2, 15], "R": [[-0.3854600023826234, 0.8848320320860545, 0.26171140891763023], [0.7733123962838397, 0.46451349153275023, -0.4315265390886164], [-0.5033969848111265, 0.03604845597964912, -0.8633029505941409]], "T": [-0.11506163212845144, 0.052903452226686264, -0.06993893840782499], "aligned_model": [[-0.7331705383008301, 0.058092797038829996, -0.1926931668488788, 0.3187458153272236, -0.3177398457435404, -0.05400895988880314, -0.11710374083317734, -0.05658086773085198, -0.6420371433418002, -0.4117081544046944, 0.5403576623046075, 0.4885316205035628, 0.29581595589129267, 0.5134740279813481, -0.08845776794900137], [0.01452407906146367, 0.3001595932515532, -0.24865881393793862, -0.25388996240541806, -0.4691532936556957, -0.7255025213168709, 0.1477593830916701, 0.5646973630177764, 0.08745899492341985, 0.5919825730742115, 0.3564705803490976, 0.23947950438486318, -0.32705983628345325, -0.5471352031398198, 0.02500017744955137], [-0.4047432883902776, -0.6876412958108019, -0.7593631184149987, -0.5952696484016203, 0.3834830479407757, -0.3556299503822529, 0.6986553266293017, 0.11657126314165293, 0.3453110711314053, -0.4649826966217068, 0.381393690683345, -0.26068480629914553, 0.48206789487792695, -0.08483252928915307, -0.059889641100225766]], "inverted": true, "swapped": false, "error_lsq": 0.04007566664606492, "error_max": 0.25594443470228145, "target": "192.xyz", "model": "19.xyz", "model_rescale": 4.410303926677745, "target_rescale": 4.2847794602520235},
{"mapping": [7, 8, 9, 10, 1, 12, 11, 0, 4, 5, 13, 3, 2, 14], "R": [[-0.8858673323757955, -0.15230720603344478, -0.43822549494487173], [0.3926135407330194, 0.2571271432879516, -0.883029014142604], [0.24717135162165074, -0.9542998203787232, -0.16798266506596232]], "T": [-0.0648654595852381, -0.1237813572244183, 0.02160422518261007], "aligned_model": [[-0.25885633571540073, 0.34157066141037445, 0.2804307868886065, -0.6925811518394211, 0.22605943735719342, -0.279021152106388, -0.3505734634668536, 0.6960955793799188, 0.1944012174735223, 0.23085919421128503, -0.5485797631883895, -0.022025535582413908, 0.48129767242457294, -0.03788925778573373], [-0.11114222853653588, -0.5315143743278558, 0.2183259305693132, -0.16068286706535945, 0.5461598381674208, -0.525039194711808, 0.3695207245135349, -0.08853743586699248, -0.6812320896864984, -0.08760466609690978, 0.12568377437352118, 0.49255608347807933, 0.33381732037039663, -0.08936234899910393], [-0.665507676975049, -0.5008887624908457, -0.5696276517599348, -0.204321851251953, -0.04764655293621514, 0.40216069558715206, -0.23969812594606765, -0.026055386882509447, 0.5036184808926734, 0.705632279815251, 0.6106825559928238, 0.5455220722563876, 0.43800037487516935, -0.03505541245186162]], "inverted": false, "swapped": true, "error_lsq": 0.04259202095381442, "error_max": 0.2918366605772351, "target": "192.xyz", "model": "20.xyz", "model_rescale": 4.121658175737393, "target_rescale": 4.2847794602520235},
{"mapping": [2, 0, 4, 5, 12, 1, 8, 11, 9, 7, 6, 10, 14], "R": [[0.6845309984711445, -0.6914282315707387, 0.23096387751996944], [-0.457745493265369, -0.16110760723528805, 0.8743645705803529], [-0.5673503111194552, -0.7042523265690228, -0.4267813081600182]], "T": [0.17882961936010439, -0.044092241965865926, -0.020829545868721988], "aligned_model": [[0.1272210631417398, -0.3211473284701392, 0.46655136194967134, 0.5371634224351968, 0.6538766685194879, -0.1268085206841672, -0.4327947477982624, 0.0886938154627119, -0.5350035393985066, -0.24873128396319527, 0.17559909043282626, 0.3825438730528488, 0.11391902998408236], [-0.5172469479122969, -0.038365764983758495, 0.4705114968415115, -0.1388581034704947, 0.3039685124307739, -0.6885034587923083, 0.43545880075374177, -0.5196769376783156, -0.3048666805855598, 0.007284286158670529, 0.6149659034560635, -0.012851798635946828, -0.07099240341889787], [0.653364529415154, 0.5558554067158801, 0.49172041512046705, 0.6266830180522805, 0.04901136109014528, 0.1511404578895375, -0.0012876222471668586, -0.4195144591702637, -0.11171925993363052, -0.5904496824419354, -0.34383313924582576, -0.6564047509284883, -0.03445653483436484]], "inverted": false, "swapped": true, "error_lsq": 0.06038362301339839, "error_max": 0.35590500082986753, "target": "192.xyz", "model": "21.xyz", "model_rescale": 4.08911054899281, "target_rescale": 4.2847794602520235},
{"mapping": [14, 12, 9, 10, 11, 5, 1, 4, 2, 3, 0, 13, 8, 6, 16], "R": [[0.019661544936230513, -0.054294407636175365, -0.9983313783259331], [0.5154350686600019, -0.8550538459277954, 0.05665342495864706], [-0.8567030486966762, -0.5156888963934774, 0.011173562113200086]], "T": [-0.04760539323396176, -0.03812669622127233, -0.0698294435106037], "aligned_model": [[-0.5219115557044848, -0.023962074939390635, -0.2904733281845408, 0.3905027787025237, -0.4049668218895216, -0.0019847806269327473, -0.1416196468525146, 0.002935893711806088, -0.4423103431034924, -0.39261822118914214, 0.5063066517795737, 0.147145644019827, 0.15502661431981038, 0.6396050476208347, -0.020158163659069202], [0.15323839197569974, 0.1382037063506857, -0.4185170290004056, -0.4314103449336132, -0.6118101010367053, -0.7123734887982757, -0.09620400718557678, 0.6242375481562249, 0.38611695790283174, 0.7055232429391467, 0.32395302165833384, 0.505978877895788, -0.541715181191579, -0.26960800249770833, 0.0005190256295636922], [-0.4574318857228716, -0.7862916467446037, -0.6210698379516679, -0.6216669291464706, 0.2894381317130401, -0.2724104800198249, 0.716164657824604, 0.1423293930997332, 0.360843464689078, -0.35658672733710345, 0.3328604153987336, -0.3903776048398425, 0.36156472123912053, 0.10257224840707994, -0.06549260091478074]], "inverted": false, "swapped": false, "error_lsq": 0.04339654482403314, "error_max": 0.2806472374357634, "target": "192.xyz", "model": "22.xyz", "model_rescale": 4.204369325754507, "target_rescale": 4.2847794602520235},
{"mapping": [7, 0, 8, 6, 11, 5, 14, 12, 13, 4, 3, 1, 10, 2, 15], "R": [[-0.3854600023826234, 0.8848320320860545, 0.26171140891763023], [0.7733123962838397, 0.46451349153275023, -0.4315265390886164], [-0.5033969848111265, 0.03604845597964912, -0.8633029505941409]], "T": [-0.11506163212845144, 0.052903452226686264, -0.06993893840782499], "aligned_model": [[-0.7331705383008301, 0.058092797038829996, -0.1926931668488788, 0.3187458153272236, -0.3177398457435404, -0.05400895988880314, -0.11710374083317734, -0.05658086773085198, -0.6420371433418002, -0.4117081544046944, 0.5403576623046075, 0.4885316205035628, 0.29581595589129267, 0.5134740279813481, -0.08845776794900137], [0.01452407906146367, 0.3001595932515532, -0.24865881393793862, -0.25388996240541806, -0.4691532936556957, -0.7255025213168709, 0.1477593830916701, 0.5646973630177764, 0.08745899492341985, 0.5919825730742115, 0.3564705803490976, 0.23947950438486318, -0.32705983628345325, -0.5471352031398198, 0.02500017744955137], [-0.4047432883902776, -0.6876412958108019, -0.7593631184149987, -0.5952696484016203, 0.3834830479407757, -0.3556299503822529, 0.6986553266293017, 0.11657126314165293, 0.3453110711314053, -0.4649826966217068, 0.381393690683345, -0.26068480629914553, 0.48206789487792695, -0.08483252928915307, -0.059889641100225766]], "inverted": true, "swapped": false, "error_lsq": 0.04007566664606492, "error_max": 0.25594443470228145, "target": "192.xyz", "model": "23.xyz", "model_rescale": 4.410303926677745, "target_rescale": 4.2847794602520235},
{"mapping": [7, 12, 13, 6, 11, 14, 10, 3, 1, 0, 4, 5, 9, 15, 16], "R": [[-0.655386527134786, -0.35362593019662947, 0.6673958357247767], [-0.4882506802002151, -0.475816201861961, -0.731580628044295], [0.5762636317990506, -0.8053245578884493, 0.13918542713783683]], "T": [-0.011555321043428431, -0.05513340602594818, -0.04469647420003489], "aligned_model": [[-0.6206683320558662, 0.0019369338053449071, -0.21569540895171505, 0.32177798749406594, -0.41834542729752483, 0.04734075678783717, -0.03635640833416379, -0.13882481310119904, -0.7236490547246908, -0.2432911941318373, 0.4053831608107481, 0.4763391107937577, 0.20341154434307368, 0.5930156701117285, -0.050856831544271966], [0.00319865203603837, 0.2596643061231764, -0.37880586100937164, -0.32910685716421273, -0.45760561467384603, -0.7162234064214971, -0.007760064741948673, 0.7458603075968201, 0.2817513856251138, 0.5886099702047681, 0.4083973243614072, 0.21816729589290007, -0.47619191267057737, -0.43250000865768695, 0.048677101363326945], [-0.3045225843196929, -0.7842207768895884, -0.6343994419922427, -0.6705762895405154, 0.22596829508223917, -0.17751685444245946, 0.6040905624155266, 0.34448540071479883, 0.2955482923672661, -0.3645069833600668, 0.24716982623023023, -0.332564122852791, 0.36630104938919594, -0.08214717121090145, 0.0013361181032256614]], "inverted": false, "swapped": false, "error_lsq": 0.03645659824917373, "error_max": 0.23205786502794806, "target": "192.xyz", "model": "24.xyz", "model_rescale": 4.28219845311461, "target_rescale": 4.2847794602520235},
{"mapping": [13, 0, 2, 6, 12, 14, 9, 3, 7, 4, 5, 1, 11, 10, 15], "R": [[-0.9902585653029443, -0.13913101244968554, -0.005525868156250564], [0.09395202796988927, -0.6383559839418858, -0.7639860301117634], [0.1027666788628491, -0.7570628766095406, 0.645209121583993]], "T": [-0.042887459307452705, -0.0036010520559482985, -0.05884290634393355], "aligned_model": [[-0.6037808778367978, 0.08774491489309948, -0.3126798678817464, 0.46739594196531326, -0.3438207801568324, -0.0234867594432364, -0.17743594255753797, -0.042258907496161145, -0.680149119291091, -0.3813841565974738, 0.6185080626738892, 0.358444628267049, 0.1430828268752684, 0.5280761094808035, -0.03673837888925926], [-0.19934291087402878, 0.2752010314007018, -0.2509232068915576, -0.287142971400586, -0.5814820626888524, -0.7387562105173965, 0.1283215195643099, 0.7427689682081253, 0.3561475491469024, 0.5330349415355979, 0.19369816822409777, 0.48968806190111724, -0.3744291957230918, -0.5538870357384384, 0.023235971717510035], [-0.05923621781382535, -0.814328679278649, -0.6374825458356225, -0.745437375678546, 0.3410477964555714, -0.2571233408979524, 0.5902848350375831, 0.1484654211141099, 0.20577857123813117, -0.4222852942563424, 0.44006556431381716, -0.13284158458359493, 0.2938306137424088, -0.08868847732273386, -0.12760396654013073]], "inverted": false, "swapped": false, "error_lsq": 0.04104659111302141, "error_max": 0.3348425559157306, "target": "192.xyz", "model": "25.xyz", "model_rescale": 4.100010024507729, "target_rescale": 4.2847794602520235},
{"mapping": [13, 5, 1, 0, 10, 7, 11, 8, 4, 6, 12, 14], "R": [[-0.9089018406522698, 0.31555218323986295, -0.2726247672378131], [0.09796112372986254, 0.797031502688252, 0.5959399315032425], [0.4053406743672517, 0.5149442721062765, -0.7553352463167853]], "T": [-0.012631721926015558, 0.0435604457405388, 0.005159648281458984], "aligned_model": [[-0.7281208471788231, -0.08299803304053137, 0.2521950236566911, 0.6760524753707883, -0.4531398795725229, 0.14668495154586206, -0.15490729928324934, 0.6086922226743614, 0.0027701446057939276, -0.05848542987162267, -0.3689849647904301, 0.037007238246689556], [-0.29273960533550875, -0.6776544820706334, -0.2245324881938477, -0.28368241518345677, 0.5375908678750239, 0.7058015523356838, 0.25670956266712935, 0.40519412702254437, -0.3236614241065677, 0.5553218515670311, -0.060776891416357004, 0.06856073488959849], [0.14007905576172722, -0.17247428296756906, 0.6346412959985296, -0.029502460796215046, 0.09636167016862823, 0.21956554365737066, 0.5775057324608395, -0.2908354399933608, -0.6842017609058108, -0.5189558901953115, -0.45724691128063955, 0.05025573794616808]], "inverted": false, "swapped": true, "error_lsq": 0.04743818723924912, "error_max": 0.277171197089342, "target": "192.xyz", "model": "26.xyz", "model_rescale": 3.6694154284099745, "target_rescale": 4.2847794602520235},
