[{"mapping": [5, 7, 0, 4, 3, 2, 8, 11, 13, 14, 12, 15], "R": [[0.02342632838195724, 0.8839129945901191, -0.4670642623165133], [0.29560973605640106, -0.4524258490822255, -0.8413832272103432], [-0.955021513415905, -0.11835822352906172, -0.27189196353669415]], "T": [0.031000154677454532, -0.1061897490539333, -0.015171143161186833], "aligned_model": [[-0.2560925583952371, 0.21640216557372435, 0.4254121410262451, -0.07659693025173786, -0.17446869772092222, -0.6427990274649347, 0.5464609822382176, -0.39145140354047947, 0.5895668360256343, 0.29097972730401833, -0.637736165328624, -0.05203460700535558], [-0.29628147869231847, -0.7611742303157222, -0.2276914211140935, 0.6461194276651511, 0.3028714908485512, -0.5635341767377882, -0.1302897955216879, -0.5305540489526769, 0.15388564648286862, 0.41059411495271725, 0.13511338866229305, -0.0855038813002371], [-0.4211312824474869, -0.2690696125006009, -0.5222923981768562, -0.15136627113074413, -0.634179505520094, 0.00024163177888406745, 0.6167582270501096, 0.5836977741768579, 0.049103666225552435, 0.49634966253928814, 0.2905907462402644, 0.14324910711838806]], "inverted": true, "swapped": true, "error_lsq": 0.041342883825685864, "error_max": 0.253900724296303, "target": "193.xyz", "model": "0.xyz", "model_rescale": 3.751011558992144, "target_rescale": 4.102293208128292},
{"mapping": [7, 5, 1, 9, 3, 13, 6, 2, 0, 14, 4, 12, 11, 8, 15], "R": [[-0.4398493853769521, -0.7292020943615636, 0.5242106673487552], [-0.8980666045361181, 0.3552019217798511, -0.2594377932778271], [0.002981945754957749, -0.5848896480043141, -0.8111073958834949]], "T": [-0.0058919221122737606, -0.005827508305596446, -0.017038157776170997], "aligned_model": [[-0.10711018362262234, 0.15054343445524657, -0.44234043534150425, 0.13026499543347703, -0.14491077928075086, -0.5477696823786143, 0.3877280514536097, 0.7162303780550116, -0.5159523014925023, -0.17831638020587012, -0.14007998848148015, 0.6488201461268888, 0.6944271104492249, -0.23391354678682413, 0.12146539270574447], [-0.01788256870283053, -0.44494484860135497, 0.4720262295406219, 0.6418475448986446, -0.7245010765913614, 0.2283673765881837, -0.5283233486550482, -0.1761128528414463, -0.26663693644999886, 0.4476899239724117, -0.3274759066023355, -0.06196141252220233, 0.43815654892262934, 0.7726341879617336, 0.09587448890945942], [-0.7363799041851325, -0.27406863638303935, -0.44185709436542553, -0.3070882744636323, 0.2215031584893696, 0.17081404161464858, 0.3140770942970441, -0.35311716940586924, -0.3321766831188658, 0.5837115570105197, 0.6718966821476686, 0.3917734069779503, -0.18915953292244236, 0.07024833631306605, 0.059489422846115844]], "inverted": true, "swapped": true, "error_lsq": 0.04492462757597588, "error_max": 0.2690192499655771, "target": "193.xyz", "model": "1.xyz", "model_rescale": 3.9405287249114394, "target_rescale": 4.102293208128292},
{"mapping": [7, 2, 5, 10, 12, 0, 9, 11, 4, 13, 14, 1, 15], "R": [[-0.6848349426364496, -0.7223864648913473, 0.0957021247721977], [-0.1258087801677057, 0.2465725559654635, 0.9609235794158516], [-0.7177557050813632, 0.6460338768102186, -0.2597440621779724]], "T": [-0.14382241813321614, -0.08185329023698001, -0.08931452411021136], "aligned_model": [[-0.48335565721109663, 0.31828240526077456, -0.2410622275030874, 0.5167396491400621, 0.5525525058584776, -0.7867886087577652, 0.0923693412998706, 0.5602721901815042, -0.1327634656172358, -0.47714296454484406, 0.062024360755976615, -0.5133274782823222, 0.028183228703617225], [0.5450213820189636, 0.5108574178156271, 0.23637333166249336, -0.24304790497964585, -0.20855427682542546, 0.0285995701312437, 0.2062310370676535, 0.32115588179612237, -0.753650421213576, -0.4723561980534498, -0.7244440514967476, 0.12186635171227342, -0.10921952606351537], [0.05064380510366244, -0.4032571395295973, -0.5048105684401961, 0.23212538791429882, -0.4022596122812689, -0.13278959659910583, 0.5298555850410833, 0.15364380158019814, -0.4696586542404322, 0.25734394228629875, 0.28620204291411366, 0.5597362800389757, -0.04365492419938599]], "inverted": true, "swapped": true, "error_lsq": 0.050553569195310746, "error_max": 0.29065435844687293, "target": "193.xyz", "model": "2.xyz", "model_rescale": 3.932901565614263, "target_rescale": 4.102293208128292},
{"mapping": [0, 7, 1, 5, 13, 14, 8, 4, 6, 12, 11, 2, 10, 15], "R": [[0.7501945162258532, -0.23609621163977051, -0.6176299593397387], [-0.5374807072187318, 0.32631666395138215, -0.7775808152181312], [0.3851268326049364, 0.9153010508444694, 0.11790381304563415]], "T": [-0.037262778107724964, -0.04058582065137199, -0.069189292667033], "aligned_model": [[-0.23659595741171344, 0.3680992933673024, 0.31043146394285137, -0.05940204806300098, -0.2787914286272317, -0.23464585292451057, 0.26196474809259007, -0.7358296262113785, -0.37215792370153133, -0.017666185978588995, 0.6755899457212305, 0.42430080309113716, 0.278767663140158, 0.035745017615389924], [0.09756096470891105, 0.24289219466853434, -0.41543242378093614, 0.4875028864566356, -0.5320573496630279, -0.7373728489099397, -0.7951653549293805, -0.13998156244994558, 0.39353053958507955, 0.0930623663968365, -0.033951673042951866, 0.5384436869935088, -0.43212488038349944, -0.1034099072993362], [-0.6763772272481353, -0.6013216210505045, -0.6504821332607698, -0.13237866215703892, -0.35882155459034826, 0.19883353093510664, -0.15096960776696602, 0.24421170954337662, 0.41760031708316914, 0.692834288761367, 0.38796641432797124, 0.27006092001969106, 0.48980220144844844, 0.08293778701172988]], "inverted": false, "swapped": true, "error_lsq": 0.04706518155685998, "error_max": 0.346906064011916, "target": "193.xyz", "model": "3.xyz", "model_rescale": 3.9243930471874484, "target_rescale": 4.102293208128292},
{"mapping": [4, 12, 3, 0, 5, 14, 13, 6, 2, 11, 7, 9, 15], "R": [[-0.8817341327354233, -0.06195861377585091, -0.4676601857634305], [0.3944578112349588, 0.4468948486225013, -0.8029246723263632], [0.25874302758728984, -0.8924383028835368, -0.369602382596915]], "T": [0.01154474031072578, -0.14583873626404809, -0.009546751576900589], "aligned_model": [[0.03891522423848043, -0.23023449419826136, 0.5796244177354428, 0.46992193024462553, 0.4796245018900434, -0.6082971441114977, -0.17293843808594758, 0.2665080687077122, 0.16642045412098624, -0.4446097228240509, 0.3383420473503907, -0.471455415295592, -0.1346155434609792], [-0.5346211962209153, 0.2975324463750133, -0.35785945074963915, -0.4886645819758434, 0.10425709211917322, -0.5452447897039029, -0.7209749580613614, 0.09360595827640433, 0.6523192399058195, 0.5602773215706014, 0.042465109196708956, 0.08459932459827069, -0.05986196164874222], [-0.6760258573132307, -0.5959686126486057, -0.48394383914465683, 0.30645361209057226, -0.050948921699534785, -0.23884855649065406, 0.1281176347509283, -0.6539347064279789, -0.05816953809476809, 0.09300848648157699, 0.6114107276174219, 0.47600437932423717, -0.07008449307434353]], "inverted": false, "swapped": true, "error_lsq": 0.045971198982124414, "error_max": 0.2617259369807953, "target": "193.xyz", "model": "4.xyz", "model_rescale": 3.8936222436046832, "target_rescale": 4.102293208128292},
{"mapping": [2, 12, 5, 7, 3, 4, 14, 13, 1, 9, 0, 15], "R": [[-0.4239959145184412, 0.8439104902733549, 0.32869826418503745], [0.8420463754819222, 0.5009575977811839, -0.19999846690178272], [-0.3334446970779841, 0.1919806491079025, -0.9230157443720449]], "T": [-0.09192226619419233, -0.04859703729298796, -0.030513614953726145], "aligned_model": [[-0.1226545051690072, -0.6046194528703059, -0.19772813111169515, 0.4746284546448951, -0.6656910281144397, -0.7735583772857381, -0.23517349315631655, 0.04347559406776047, 0.6279942988262122, 0.4795406715247641, 0.12366795790540036, -0.1223339470464322], [-0.5228052710087555, -0.6217835710427306, 0.08403206505137713, 0.13509661813846752, 0.4159510266293812, 0.14512873660173758, -0.2194572234530185, 0.2594856483957907, 0.12120200432806659, -0.4667597871853045, 0.557826264948472, -0.2189936062936763], [-0.6920186395637783, -0.11725804001762909, -0.5350682367996579, -0.4465904476925761, -0.24892699393313955, 0.2759792553198486, 0.7088065847597701, 0.48960144752083706, 0.1979399979138016, 0.11343351542823929, -0.14569639295864903, 0.019082669298451396]], "inverted": true, "swapped": true, "error_lsq": 0.04475039533300518, "error_max": 0.2289679055367099, "target": "193.xyz", "model": "5.xyz", "model_rescale": 3.6523030999806103, "target_rescale": 4.102293208128292},
{"mapping": [0, 13, 8, 7, 9, 3, 14, 5, 4, 12, 10, 2, 15], "R": [[0.3574118681414829, -0.44374387337950594, -0.8217956749398043], [0.9076103431373362, -0.042459685807416145, 0.41766091523059995], [-0.22022765843949355, -0.8951472224831448, 0.387570933557935]], "T": [0.09342324726366205, -0.1118501120832921, 0.05550211636533395], "aligned_model": [[0.1815221591179855, -0.1618788332569818, 0.1587983106190982, 0.7304127162803362, 0.5702411470019112, -0.3552364635517442, -0.388807118498273, 0.2565607352972822, -0.6661832538058317, -0.1273921753620772, 0.049130548970521576, 0.550778893338966, 0.08313623851310134], [-0.5308641475722851, 0.08550769828633353, 0.6118826443016921, -0.3621555738057178, 0.4260723271834185, -0.732865272795571, 0.4750164277396437, -0.580614214866794, -0.2193479369108798, 0.06045327224164923, 0.5497551448901008, -0.2684469767294778, 0.026433512201070708], [0.5496288798289154, 0.5843101556060233, 0.42638269600207634, 0.299294243524583, 0.12922382790029258, -0.0204224121037883, 0.194606443108117, -0.1368701846693079, -0.03131679939585999, -0.6659394237875058, -0.2994150660981132, -0.600020615510994, -0.05935200492264907]], "inverted": false, "swapped": true, "error_lsq": 0.04756229875270828, "error_max": 0.23505501504624857, "target": "193.xyz", "model": "6.xyz", "model_rescale": 4.08911054899281, "target_rescale": 4.102293208128292},
{"mapping": [8, 9, 1, 14, 4, 3, 13, 0, 12, 10, 6, 2, 5, 7, 15], "R": [[-0.09094652772556022, -0.8842120032575558, -0.4581461146729551], [-0.980202299192663, 0.16073006554352387, -0.11562568351275636], [0.17587547228673328, 0.43856012053723614, -0.8813244799290915]], "T": [0.042836510654043786, 0.005838770851746118, -0.026690823754093214], "aligned_model": [[0.1550468493567337, 0.31354531204751124, 0.6685908227855795, -0.3627779064234713, -0.5461409105838566, -0.18889521733419923, 0.1434421305000915, 0.5200021636393303, -0.6178557764653206, -0.3711545235124495, -0.4856886685652243, 0.0010487011265709334, 0.15179987296484715, 0.7256059787605743, -0.07023528849716279], [-0.6891884042790445, -0.6561114797303823, -0.3471995831651112, -0.3873130811305334, 0.3531552756974876, 0.73703417854514, -0.08285365822079335, 0.3863585171423662, -0.10442650615232871, -0.6143965487992483, 0.4126174270434568, -0.01342025388961552, 0.39019257328187834, 0.04087754495744084, -0.12456718513159895], [-0.4389546611725131, 0.07669854480697388, -0.3149582166383564, -0.5532048699930988, -0.3852604622866126, -0.09282388642621461, -0.6314877833018823, -0.2612395412345526, 0.36093408953904366, 0.07113114449381375, 0.2778878306623021, 0.7865063761682171, 0.3251043815815217, 0.21915698852364174, 0.024580097359796653]], "inverted": false, "swapped": true, "error_lsq": 0.039749387701329235, "error_max": 0.2794010275621857, "target": "193.xyz", "model": "7.xyz", "model_rescale": 3.964800864290218, "target_rescale": 4.102293208128292},
{"mapping": [14, 10, 8, 4, 1, 6, 13, 11, 2, 5, 3, 0, 7, 15], "R": [[0.6829916416954679, -0.2852467952805821, -0.6724259685320663], [-0.24475514633243017, -0.956747252388016, 0.15725652098330617], [-0.6881986164748665, 0.0571748268920859, -0.7232659977158746]], "T": [0.003816378529657079, 0.005960385608157976, 0.10933481005437629], "aligned_model": [[-0.25699392717671726, 0.2505047089314946, 0.2605770813169704, -0.7217468450365282, 0.37123571354169926, -0.3398438982221903, -0.24492561125358225, 0.6781922488940241, 0.47315237148747147, 0.019779345323975878, -0.6166757695746509, -0.13891247759558475, 0.4660858306728313, 0.06075911815165948], [-0.02713915395303807, -0.4246090262336932, 0.295940005251811, -0.22378890689680542, 0.6535008208549745, -0.570323370408191, 0.4436571648603862, -0.47010623516752564, -0.5175387657507482, -0.09267920131086942, -0.08909490842682585, 0.5527443076557066, 0.4041375238750387, -0.1237517881690181], [-0.6167443039982057, -0.4558239418148877, -0.6087189258320875, -0.020544419021581384, -0.10279025998239524, 0.4049198970640699, -0.25165847513046735, -0.07980036984739902, 0.5205271996500327, 0.6321886537327708, 0.5550632982437047, 0.43819839088564005, 0.5038027165409492, -0.0018044217651218553]], "inverted": false, "swapped": true, "error_lsq": 0.05002602643170969, "error_max": 0.26731799088680885, "target": "193.xyz", "model": "8.xyz", "model_rescale": 4.121658175737393, "target_rescale": 4.102293208128292},
{"mapping": [7, 11, 9, 1, 2, 5, 10, 4, 14, 12, 0, 13, 15], "R": [[-0.4090300438404427, 0.13347195950257487, -0.9027068512326848], [0.4788164423192912, 0.8735132319768435, -0.0878034630641985], [0.7768070788816117, -0.4681451373109756, -0.42120172436910247]], "T": [-0.07918442920911593, 0.0587864554011845, 0.07848648979232337], "aligned_model": [[-0.5171317189333321, -0.17700573949394066, 0.0985573178465299, 0.12403573125617574, -0.691196796049707, -0.5930704442439643, 0.3087747913687994, 0.21431140953951228, 0.674708549157614, -0.10444338851776513, -0.25494816890523786, 0.40711530789631695, -0.012969354485803719], [0.4656650118014229, -0.5346327096882894, 0.0014386106875332108, 0.588649518517848, -0.4227025257062542, 0.07421744435167849, -0.5133461695616163, -0.09205170800130463, -0.09439223492036788, -0.6999902287414469, 0.6779781679665983, 0.4379744179895307, -0.09842015528362202], [-0.3344239373416062, -0.5177341438506466, -0.6195606769445614, -0.44805821779053784, -0.16029382959534508, 0.21648567238887834, -0.21782663547630104, 0.7764860485617067, 0.1454950037731103, 0.22863885092417835, 0.19339588660574716, 0.13761562573164302, 0.02085578697282356]], "inverted": true, "swapped": true, "error_lsq": 0.04955435451910298, "error_max": 0.3044826129204098, "target": "193.xyz", "model": "9.xyz", "model_rescale": 3.833441315466971, "target_rescale": 4.102293208128292},
{"mapping": [5, 3, 1, 8, 13, 0, 4, 10, 11, 9, 2, 12, 6, 7, 15], "R": [[0.06683705819730523, 0.9200463727781618, -0.3860666776468516], [0.8659653811612011, 0.13871009335384854, 0.4804825372811195], [0.4956175605059468, -0.3664344169691414, -0.7874573333067766]], "T": [-0.11206695847909384, -0.040521865543058956, 0.00792531284176072], "aligned_model": [[0.1324963148069409, 0.07977312134175032, -0.7768752452397774, -0.583923933349846, -0.6449170122936927, -0.5476247134231205, 0.03969159060985239, 0.14914511885129847, 0.31849074178552494, -0.2920167608516928, 0.5267159292215803, 0.5914196797026074, 0.5093986785343494, -0.3607080770142902, -0.017220414386952543], [-0.4994774649014418, -0.5739035483841914, 0.06773876176444851, 0.6119585457508616, 0.12250786291614696, -0.5279828458737664, -0.023191367222273808, 0.6605148171076805, 0.4188235702370675, 0.4075136236174587, -0.1769554206838931, 0.2537196825632021, -0.24060222453369687, -0.41094971253534573, 0.11138725947272202], [0.12154436689041857, -0.5130557464594522, 0.38951698831142145, 0.13921017133107377, -0.26273929102424437, -0.004984890132084682, -0.7488866450117222, 0.08516122300986777, 0.5743317001589957, 0.5455432254970636, 0.4944940381344984, -0.12418927471446863, -0.3257275140391873, 0.5813394855104158, 0.02656407035949715]], "inverted": false, "swapped": true, "error_lsq": 0.0408485490946534, "error_max": 0.25164787855456977, "target": "193.xyz", "model": "10.xyz", "model_rescale": 4.2482417240324, "target_rescale": 4.102293208128292},
{"mapping": [4, 12, 2, 11, 0, 7, 5, 9, 10, 8, 14, 15], "R": [[0.7395023359397661, -0.0722704420688551, -0.6692632354632981], [-0.17055135692710538, -0.981895653975624, -0.0824206245675515], [-0.6511900872939889, 0.17509399734700912, -0.7384399517246429]], "T": [-0.17093345313100877, 0.14658175604410595, 0.05234687122696404], "aligned_model": [[-0.8252342641621122, -0.031860020938840355, 0.38873229312456653, 0.5959062434874962, -0.4384400676729536, 0.18222785990516832, -0.14910696856783237, 0.41860404436065973, 0.17963122568910356, 0.03746307806410348, -0.39716795361815543, -0.08398986730819721], [-0.2504709774119362, -0.614701886044136, -0.2077900100211928, -0.18950468089024314, 0.6844637169157328, 0.6810156618850457, 0.11775885363586888, 0.34341997731601703, -0.28456646695496796, 0.3968043172588157, -0.030331367299123224, 0.0200342516607587], [-0.04931392988524511, 0.046725508005675875, 0.5262685112736388, -0.07492113269297809, 0.31045275245186366, 0.3951303252226517, 0.5834340308665873, -0.3162328414904586, -0.4544718156357054, -0.6957005614736741, -0.6644712176376188, -0.041707339150380336]], "inverted": false, "swapped": true, "error_lsq": 0.04445711516891199, "error_max": 0.24068261636446003, "target": "193.xyz", "model": "11.xyz", "model_rescale": 3.6694154284099745, "target_rescale": 4.102293208128292},
{"mapping": [12, 6, 5, 3, 4, 11, 10, 9, 0, 1, 7, 13, 2, 15], "R": [[-0.435769148353883, -0.0824963105729043, 0.8962698299534524], [-0.8419621924888414, -0.3146008758415241, -0.4383217486494702], [0.31812720060113503, -0.9456324062031742, 0.06763458121464366]], "T": [0.1297543385250251, 0.07705432536884618, 0.028581310435808457], "aligned_model": [[-0.05745720408081095, 0.13853191413866717, -0.10105028545014044, 0.4853749022572172, 0.7367420409766057, -0.550191270514373, -0.0275916927841236, -0.24963207518246383, 0.31732620565669134, 0.09394631501319228, -0.2848050233423086, 0.6182177849760069, -0.5978597037508087, 0.07671294234245829], [-0.34215556950821524, 0.14971859033501023, 0.4901073929691805, 0.5452178940647616, 0.0005711910192102154, -0.42619868123986293, -0.6550845059679404, -0.30856446357499756, 0.6327202022714399, 0.10439989778610567, 0.5099436456095475, -0.0008924150232973715, 0.11946648117280093, -0.08826237177748883], [-0.5944280838189011, -0.7009519346540017, -0.21529799406406103, -0.4684868816298505, -0.4423874806493945, -0.011477874656871716, -0.04116482683911711, 0.5076583915373153, 0.31762744254017206, 0.8014154669530923, 0.43917890051732045, 0.4015356871913486, -0.33499238435475365, -0.019132968419881782]], "inverted": false, "swapped": true, "error_lsq": 0.044283630601108445, "error_max": 0.24783934926185738, "target": "193.xyz", "model": "12.xyz", "model_rescale": 3.9764082729961374, "target_rescale": 4.102293208128292},
{"mapping": [7, 0, 10, 3, 14, 8, 11, 2, 5, 9, 12, 12, 13, 4, 6, 15], "R": [[-0.7270091137573755, 0.6579906575541694, 0.1962295673061215], [-0.12448769044088887, 0.15473951918969353, -0.9800808620362078], [-0.6752485197632123, -0.7369558845496619, -0.03058530341874116]], "T": [0.13682792057490573, 0.022706942648830934, 0.010752975104542976], "aligned_model": [[-0.3766453169057343, 0.18264593379993654, 0.15887484090513251, -0.6936711233213568, -0.2526825119821138, -0.3526813331266935, -0.27513306310138325, -0.10558643199440848, 0.7018268605330986, 0.5981314331394374, 0.6683254097112008, 0.6683254097112008, 0.3353481307162868, -0.013138406979774586, 0.21093797422286362, 0.05493311889581952], [-0.5316878458780235, -0.6994713189842512, 0.5180165176186672, 0.14932646138216177, 0.5690178826939034, 0.15240460150204438, 0.6788476905117866, -0.44391239220089124, -0.38790571228954884, -0.33792468392843, 0.29714593438200326, 0.29714593438200326, 0.5670702536558315, -0.4550043032558943, 0.22942336715168335, -9.310063069892238e-05], [0.015788029067006853, -0.04812997311471686, -0.621962804061283, 0.06254373563907215, 0.44507315572177175, -0.48241235668292953, -0.16335091822273548, -0.5890479851472081, 0.47443104368800737, -0.125786490712071, -0.21152431524820964, -0.21152431524820964, 0.20757486916568751, 0.5256954844346093, 0.7424870972338072, 0.07679897617549813]], "inverted": true, "swapped": false, "error_lsq": 0.04451135353513642, "error_max": 0.38692412239934443, "target": "193.xyz", "model": "13.xyz", "model_rescale": 4.170626492500431, "target_rescale": 4.102293208128292},
{"mapping": [9, 10, 2, 12, 7, 3, 6, 8, 1, 14, 13, 4, 0, 15], "R": [[-0.2713412532084095, 0.9620691251031734, 0.02822982165200935], [0.8929322784968974, 0.24067833078526973, 0.3804548424041353], [0.35922955101944076, 0.12844041269643577, -0.9243685358452766]], "T": [-0.015418452123222697, 0.12555253861703322, 0.04380999007593392], "aligned_model": [[0.451828108145738, -0.13805080738056422, -0.32650660463329184, -0.6590807406405215, 0.45687320000623155, -0.4918791937540117, -0.734974367415664, 0.51279309805334, 0.7575799847196804, -0.007699047453276453, 0.3172669281658097, -0.5292205307897151, 0.30801732559142436, -0.0737643305235355], [-0.32303811854945996, -0.6073715319605001, 0.1481490076007945, -0.2527773453373713, 0.4940383418479344, 0.6560804312976305, 0.25836996703044457, -0.46388471345950144, 0.086777343965427, -0.44888168412193774, 0.05059630084018038, 0.12948297369679787, 0.6670377007696409, -0.03850420569441437], [-0.27649896257579054, -0.07209159661210138, -0.708599724094422, -0.15988380026887264, -0.3672883159497182, 0.3340602557764897, -0.002823821748754382, 0.24172838247430775, 0.06031845083372227, 0.5598276346221395, 0.5609842355270453, 0.6200801685354183, 0.21608464125934634, -0.0020244466579440457]], "inverted": true, "swapped": true, "error_lsq": 0.04732932895350556, "error_max": 0.23336726310254352, "target": "193.xyz", "model": "14.xyz", "model_rescale": 3.9786697098870705, "target_rescale": 4.102293208128292},
{"mapping": [4, 12, 0, 13, 5, 7, 10, 11, 1, 14, 2, 15], "R": [[-0.21714474494121602, -0.9655894504457534, 0.14312642290046373], [-0.11934412852778986, -0.11926351137498259, -0.9856638340937807], [0.9688163596525178, -0.23111302006243079, -0.08933998672076154]], "T": [0.09221350899289085, 0.0037740903657760027, -0.125897835592821], "aligned_model": [[-0.1586164377957053, -0.6739780935787115, 0.6312511856208629, 0.5253537707905419, -0.01073765236266469, 0.5007955625324819, -0.32526517900569896, -0.3610233620639842, 0.7527336039995904, 0.057820237224788074, -0.42033847219666187, -0.03464056639750221], [-0.5423480705250472, -0.08646075261069315, 0.16877739004429834, -0.4389295918781292, 0.42686781983277144, 0.5944762834608117, -0.2848721028416008, 0.27519920423847555, 0.05507814636287428, -0.7286175595037093, 0.622778278373759, -0.04727455472937141], [-0.6105938909941606, -0.06479215468600617, -0.45711941225774555, -0.1128531686674248, -0.4320897373912769, -0.016469166272853636, 0.4291197189030471, 0.5359927176686068, 0.2745815350232199, 0.11644087159968841, 0.006507220306947364, -0.008758039358211678]], "inverted": false, "swapped": true, "error_lsq": 0.052985555409550265, "error_max": 0.28540138628337763, "target": "193.xyz", "model": "15.xyz", "model_rescale": 3.769337070930944, "target_rescale": 4.102293208128292},
{"mapping": [12, 14, 2, 11, 6, 4, 5, 13, 7, 9, 15], "R": [[-0.9883558832841698, -0.15161128852973632, 0.012909886441080251], [-0.029323629318918125, 0.10653127693190367, -0.9938768594744647], [0.14930764461719714, -0.9826826060461289, -0.10973660753483166]], "T": [0.12105881556101292, -0.003541942485267749, 0.09796015264465426], "aligned_model": [[-0.22452736634583462, -0.20556927275988737, -0.11089052142195199, -0.6212869382914087, 0.31272631206616897, 0.41038923270179617, 0.41868835405026694, 0.21158826079219797, 0.2410827695648773, -0.4701124846363054, -0.03946221502874858], [0.09400417753751071, -0.6973934089467059, 0.724259806643887, 0.3917357601761394, 0.14902605039329053, -0.49096034104028835, 0.42066690983228283, -0.5360965572627868, 0.4760542523112651, 0.08337312947787241, -0.018605281497124822], [-0.5875912665215981, 0.007446566071454122, -0.18472507169203534, -0.0014011966766643846, -0.5930987994429731, -0.4262597987219932, -0.023794657115799214, 0.4012046114941885, 0.6303366636526224, 0.5043011609341705, 0.017799395242404425]], "inverted": false, "swapped": true, "error_lsq": 0.039180552052887535, "error_max": 0.2022918557293058, "target": "193.xyz", "model": "16.xyz", "model_rescale": 3.7852294659196426, "target_rescale": 4.102293208128292},
{"mapping": [0, 4, 6, 3, 13, 14, 10, 12, 5, 7, 9, 2, 15], "R": [[0.2773919196468773, -0.1300403486232331, 0.9519155585683893], [-0.8979573559750376, 0.3172436331204748, 0.3050066623777937], [-0.34165232293215897, -0.9393859616656349, -0.02876986723275224]], "T": [-0.020349315369331378, 0.10782544998510059, -0.09874530791729981], "aligned_model": [[0.09951383300604923, -0.38820241814645884, 0.21850422250454016, 0.1379353929950181, -0.5336130218286431, -0.7652841595266708, -0.3307384588882508, 0.03478251069650455, 0.47027256919430444, 0.43853133528723415, -0.10567407274194496, 0.6463511737575992, -0.06861305609299835], [-0.13898199962697827, -0.5058815158458003, -0.3479590119717326, -0.6447359613949161, 0.04740409685975536, 0.1712882022924802, 0.5514610812781379, 0.09439799366525534, -0.09844640037637657, 0.37831545010598266, 0.8222620150305997, 0.344813184982487, 0.20111848870398014], [-0.692221800337348, 0.1913291615065365, 0.4235433178557017, -0.06245242753491286, -0.4403252073783141, 0.09452401705448864, 0.4232657760814293, 0.6730746115903136, -0.10888515019333185, -0.5928168790066158, -0.16545985831209248, 0.30468261411995673, 0.04749652169736253]], "inverted": true, "swapped": true, "error_lsq": 0.04123614624993428, "error_max": 0.22081052037028898, "target": "193.xyz", "model": "17.xyz", "model_rescale": 3.901054581598922, "target_rescale": 4.102293208128292},
{"mapping": [7, 5, 1, 9, 3, 13, 6, 2, 0, 14, 4, 12, 11, 8, 15], "R": [[-0.4398493853769521, -0.7292020943615636, 0.5242106673487552], [-0.8980666045361181, 0.3552019217798511, -0.2594377932778271], [0.002981945754957749, -0.5848896480043141, -0.8111073958834949]], "T": [-0.0058919221122737606, -0.005827508305596446, -0.017038157776170997], "aligned_model": [[-0.10711018362262234, 0.15054343445524657, -0.44234043534150425, 0.13026499543347703, -0.14491077928075086, -0.5477696823786143, 0.3877280514536097, 0.7162303780550116, -0.5159523014925023, -0.17831638020587012, -0.14007998848148015, 0.6488201461268888, 0.6944271104492249, -0.23391354678682413, 0.12146539270574447], [-0.01788256870283053, -0.44494484860135497, 0.4720262295406219, 0.6418475448986446, -0.7245010765913614, 0.2283673765881837, -0.5283233486550482, -0.1761128528414463, -0.26663693644999886, 0.4476899239724117, -0.3274759066023355, -0.06196141252220233, 0.43815654892262934, 0.7726341879617336, 0.09587448890945942], [-0.7363799041851325, -0.27406863638303935, -0.44185709436542553, -0.3070882744636323, 0.2215031584893696, 0.17081404161464858, 0.3140770942970441, -0.35311716940586924, -0.3321766831188658, 0.5837115570105197, 0.6718966821476686, 0.3917734069779503, -0.18915953292244236, 0.07024833631306605, 0.059489422846115844]], "inverted": true, "swapped": true, "error_lsq": 0.04492462757597588, "error_max": 0.2690192499655771, "target": "193.xyz", "model": "18.xyz", "model_rescale": 3.9405287249114394, "target_rescale": 4.102293208128292},
{"mapping": [13, 14, 5, 7, 4, 9, 8, 11, 3, 10, 1, 2, 6, 12, 12, 15], "R": [[-0.5481017889593525, 0.8293540182220611, 0.10842666368785253], [0.31891691694662505, 0.08738333892056749, 0.9437458090843915], [0.7732246950433082, 0.5518478635801851, -0.3123899909362792]], "T": [0.04037199232630199, 0.05138204516617502, 0.08522849824716533], "aligned_model": [[-0.38746466250080525, 0.19338292277386485, 0.10565434741914065, -0.6291184463569209, -0.37827522238826183, -0.4671062629722797, -0.15574786697091805, -0.016132362338404184, 0.7482652708703669, 0.5899419627774863, 0.5715519116152536, 0.7003240366377935, 0.37739936017893067, 0.09317503760375473, 0.09317503760375473, 0.07078586027075556], [-0.46256481841937896, -0.7075893193344118, 0.4348441265848327, 0.2569884011013003, 0.3109676115612169, 0.06602908149753144, 0.7421578382758138, -0.3675515720878659, -0.2918241244427424, -0.3568883396020945, 0.33596657986541073, 0.26446195149963947, 0.6862585615447734, -0.17958821346993414, -0.17958821346993414, 0.05031973500819035], [0.020852543350250385, 0.10223100123566461, -0.6495896350255996, 0.013575669606789548, 0.6256125024027115, -0.4903243939203144, -0.15275881229468907, -0.4983082050870689, 0.4116105231941209, -0.3010255340243173, 0.35426187895231276, -0.4385897295180124, -0.1188004650436488, 0.5791957443722388, 0.5791957443722388, 0.05951440011542013]], "inverted": true, "swapped": false, "error_lsq": 0.04316194161240731, "error_max": 0.3591816789550776, "target": "193.xyz", "model": "19.xyz", "model_rescale": 4.410303926677745, "target_rescale": 4.102293208128292},
{"mapping": [14, 10, 8, 4, 1, 6, 13, 11, 2, 5, 3, 0, 7, 15], "R": [[0.6829916416954679, -0.2852467952805821, -0.6724259685320663], [-0.24475514633243017, -0.956747252388016, 0.15725652098330617], [-0.6881986164748665, 0.0571748268920859, -0.7232659977158746]], "T": [0.003816378529657079, 0.005960385608157976, 0.10933481005437629], "aligned_model": [[-0.25699392717671726, 0.2505047089314946, 0.2605770813169704, -0.7217468450365282, 0.37123571354169926, -0.3398438982221903, -0.24492561125358225, 0.6781922488940241, 0.47315237148747147, 0.019779345323975878, -0.6166757695746509, -0.13891247759558475, 0.4660858306728313, 0.06075911815165948], [-0.02713915395303807, -0.4246090262336932, 0.295940005251811, -0.22378890689680542, 0.6535008208549745, -0.570323370408191, 0.4436571648603862, -0.47010623516752564, -0.5175387657507482, -0.09267920131086942, -0.08909490842682585, 0.5527443076557066, 0.4041375238750387, -0.1237517881690181], [-0.6167443039982057, -0.4558239418148877, -0.6087189258320875, -0.020544419021581384, -0.10279025998239524, 0.4049198970640699, -0.25165847513046735, -0.07980036984739902, 0.5205271996500327, 0.6321886537327708, 0.5550632982437047, 0.43819839088564005, 0.5038027165409492, -0.0018044217651218553]], "inverted": false, "swapped": true, "error_lsq": 0.05002602643170969, "error_max": 0.26731799088680885, "target": "193.xyz", "model": "20.xyz", "model_rescale": 4.121658175737393, "target_rescale": 4.102293208128292},
{"mapping": [0, 13, 8, 7, 9, 3, 14, 5, 4, 12, 10, 2, 15], "R": [[0.3574118681414829, -0.44374387337950594, -0.8217956749398043], [0.9076103431373362, -0.042459685807416145, 0.41766091523059995], [-0.22022765843949355, -0.8951472224831448, 0.387570933557935]], "T": [0.09342324726366205, -0.1118501120832921, 0.05550211636533395], "aligned_model": [[0.1815221591179855, -0.1618788332569818, 0.1587983106190982, 0.7304127162803362, 0.5702411470019112, -0.3552364635517442, -0.388807118498273, 0.2565607352972822, -0.6661832538058317, -0.1273921753620772, 0.049130548970521576, 0.550778893338966, 0.08313623851310134], [-0.5308641475722851, 0.08550769828633353, 0.6118826443016921, -0.3621555738057178, 0.4260723271834185, -0.732865272795571, 0.4750164277396437, -0.580614214866794, -0.2193479369108798, 0.06045327224164923, 0.5497551448901008, -0.2684469767294778, 0.026433512201070708], [0.5496288798289154, 0.5843101556060233, 0.42638269600207634, 0.299294243524583, 0.12922382790029258, -0.0204224121037883, 0.194606443108117, -0.1368701846693079, -0.03131679939585999, -0.6659394237875058, -0.2994150660981132, -0.600020615510994, -0.05935200492264907]], "inverted": false, "swapped": true, "error_lsq": 0.04756229875270828, "error_max": 0.23505501504624857, "target": "193.xyz", "model": "21.xyz", "model_rescale": 4.08911054899281, "target_rescale": 4.102293208128292},
{"mapping": [12, 10, 15, 3, 4, 14, 2, 9, 6, 5, 8, 11, 1, 7, 0, 16], "R": [[0.8400397653324103, -0.42233561614890003, 0.3405375456427653], [0.5415587795756325, 0.6902174542716424, -0.4799103604667492], [-0.03236172005349747, 0.5875648842050576, 0.8085296691676049]], "T": [0.08888347268787988, 0.04137535774895398, 0.007182670430636275], "aligned_model": [[-0.4042833614337648, 0.2655896275985754, 0.02040576008105857, -0.762508174972181, -0.3290246015314765, -0.4023637020876084, -0.1603097924637262, 0.05075106012236304, 0.5695594704213265, 0.5501259683847762, 0.7742596146621995, 0.6270603539333016, 0.49934686861168315, -0.01805329421291696, 0.16139747782392558, 0.06785764928597626], [-0.5009429595992149, -0.7451975425500688, 0.5054788309785954, 0.21229049938874148, 0.4176285243402296, 0.0007490704218911445, 0.7187974798670524, -0.4323503904881397, -0.20545493527290007, -0.374484982124684, 0.13541322631415778, 0.3054579108896595, 0.7128987007872899, -0.43913165699080725, 0.24563617149814268, 0.045611338652401544], [-0.08026344111910791, 0.042016799482444106, -0.5508726914345596, -0.0069276076465613935, 0.41958851665503927, -0.4037288820964051, -0.008811529810268424, -0.5235502625325045, 0.5205923705737776, -0.32754795534425296, 0.053856446238727124, -0.46875753576977003, 0.11001545521912749, 0.5204795871173833, 0.7508886857383809, 0.04967527741664711]], "inverted": true, "swapped": false, "error_lsq": 0.0441127368267648, "error_max": 0.29711170256849717, "target": "193.xyz", "model": "22.xyz", "model_rescale": 4.204369325754507, "target_rescale": 4.102293208128292},
{"mapping": [13, 14, 5, 7, 4, 9, 8, 11, 3, 10, 1, 2, 6, 12, 12, 15], "R": [[-0.5481017889593525, 0.8293540182220611, 0.10842666368785253], [0.31891691694662505, 0.08738333892056749, 0.9437458090843915], [0.7732246950433082, 0.5518478635801851, -0.3123899909362792]], "T": [0.04037199232630199, 0.05138204516617502, 0.08522849824716533], "aligned_model": [[-0.38746466250080525, 0.19338292277386485, 0.10565434741914065, -0.6291184463569209, -0.37827522238826183, -0.4671062629722797, -0.15574786697091805, -0.016132362338404184, 0.7482652708703669, 0.5899419627774863, 0.5715519116152536, 0.7003240366377935, 0.37739936017893067, 0.09317503760375473, 0.09317503760375473, 0.07078586027075556], [-0.46256481841937896, -0.7075893193344118, 0.4348441265848327, 0.2569884011013003, 0.3109676115612169, 0.06602908149753144, 0.7421578382758138, -0.3675515720878659, -0.2918241244427424, -0.3568883396020945, 0.33596657986541073, 0.26446195149963947, 0.6862585615447734, -0.17958821346993414, -0.17958821346993414, 0.05031973500819035], [0.020852543350250385, 0.10223100123566461, -0.6495896350255996, 0.013575669606789548, 0.6256125024027115, -0.4903243939203144, -0.15275881229468907, -0.4983082050870689, 0.4116105231941209, -0.3010255340243173, 0.35426187895231276, -0.4385897295180124, -0.1188004650436488, 0.5791957443722388, 0.5791957443722388, 0.05951440011542013]], "inverted": true, "swapped": false, "error_lsq": 0.04316194161240731, "error_max": 0.3591816789550776, "target": "193.xyz", "model": "23.xyz", "model_rescale": 4.410303926677745, "target_rescale": 4.102293208128292},
{"mapping": [15, 6, 11, 8, 4, 9, 10, 14, 12, 13, 7, 7, 1, 5, 0, 16], "R": [[0.07013521603010964, 0.72715927378869, -0.6828765935478495], [0.5873044234499516, -0.5834402944585138, -0.5609553787943232], [-0.8063216266903238, -0.36171371738609476, -0.4679835691412708]], "T": [0.06251310229290981, 0.06485244495799578, 0.006427362609430017], "aligned_model": [[-0.4173283371637257, 0.17757096118493787, 0.14988946019612054, -0.7418754491633126, -0.3854264853118425, -0.4139984592131956, -0.3283852907610661, 0.023959390391541505, 0.5633079975951106, 0.556343799774961, 0.6980525335153446, 0.6980525335153446, 0.42526012983314176, -0.09081158542441335, 0.5199449024246823, 0.07525482282988308], [-0.44822080417190824, -0.6864336302039984, 0.3259525461910848, 0.21115692387647145, 0.23341364824647612, 0.07715567880090804, 0.5713349046866787, -0.32996153643652004, -0.35631662887229487, -0.3827505409487729, 0.23534832616442766, 0.23534832616442766, 0.8422471774363981, -0.3054870779840737, 0.21775961557986023, 0.16185235758318245], [-0.11935906289911437, 0.021560509495184527, -0.5635845634293183, 0.09163725046880512, 0.5012218852080279, -0.40002724225611197, -0.11381368932632664, -0.5420118057663095, 0.473328764269235, -0.21711107493738818, -0.08818596909072891, -0.08818596909072891, -0.013756133021822253, 0.4911357402050294, 0.5875997608586842, 0.0762048320009799]], "inverted": false, "swapped": false, "error_lsq": 0.04279973150795664, "error_max": 0.303964532712125, "target": "193.xyz", "model": "24.xyz", "model_rescale": 4.28219845311461, "target_rescale": 4.102293208128292},
{"mapping": [5, 3, 12, 8, 6, 11, 10, 9, 4, 7, 2, 13, 14, 1, 0, 15], "R": [[-0.9085643494108466, -0.30205763427958937, 0.2885688974111091], [0.16743916556167499, -0.8961795101477525, -0.4108849126304647], [0.3827204577960987, -0.324997647937262, 0.8648130318280319]], "T": [0.14149014071804075, 0.011744560196910475, -0.032693711884467076], "aligned_model": [[-0.618417707897521, 0.158593503262676, 0.23054588190566946, -0.4840155504546664, -0.14955551841137146, -0.18863613999696674, -0.44788741303444257, 0.07420239952770573, 0.6372123424333639, 0.6961870551622118, 0.5532147225713293, 0.6468179494628653, 0.10392129536126463, -0.15628641834455034, 0.29306646976769224, 0.16084805290825172], [-0.35528107702775547, -0.7505097848030202, 0.34896278850530793, 0.0806573757160448, 0.5828693454929693, 0.201505274765207, 0.5429832376018547, -0.3919319445895083, -0.3288180697514921, -0.4513441327462049, 0.47342071707334565, 0.16662748122735574, 0.7607772733987106, -0.38561218977538847, 0.09070301080517826, 0.017389980219742578], [-0.14720538878441433, 0.1041314808916366, -0.7129678049462946, 0.2604610443392787, 0.6007934931035094, -0.42190391375024566, -0.04384654065848432, -0.5706447535674372, 0.3831490069827171, -0.3214950299641775, 0.2607650062642009, -0.3039344599649048, -0.16567191049889285, 0.3714277215621721, 0.7650182358668374, 0.03857704581259629]], "inverted": true, "swapped": false, "error_lsq": 0.04723811679359362, "error_max": 0.3573702635210595, "target": "193.xyz", "model": "25.xyz", "model_rescale": 4.100010024507729, "target_rescale": 4.102293208128292},
{"mapping": [4, 12, 2, 11, 0, 7, 5, 9, 10, 8, 14, 15], "R": [[0.7395023359397661, -0.0722704420688551, -0.6692632354632981], [-0.17055135692710538, -0.981895653975624, -0.0824206245675515], [-0.6511900872939889, 0.17509399734700912, -0.7384399517246429]], "T": [-0.17093345313100877, 0.14658175604410595, 0.05234687122696404], "aligned_model": [[-0.8252342641621122, -0.031860020938840355, 0.38873229312456653, 0.5959062434874962, -0.4384400676729536, 0.18222785990516832, -0.14910696856783237, 0.41860404436065973, 0.17963122568910356, 0.03746307806410348, -0.39716795361815543, -0.08398986730819721], [-0.2504709774119362, -0.614701886044136, -0.2077900100211928, -0.18950468089024314, 0.6844637169157328, 0.6810156618850457, 0.11775885363586888, 0.34341997731601703, -0.28456646695496796, 0.3968043172588157, -0.030331367299123224, 0.0200342516607587], [-0.04931392988524511, 0.046725508005675875, 0.5262685112736388, -0.07492113269297809, 0.31045275245186366, 0.3951303252226517, 0.5834340308665873, -0.3162328414904586, -0.4544718156357054, -0.6957005614736741, -0.6644712176376188, -0.041707339150380336]], "inverted": false, "swapped": true, "error_lsq": 0.04445711516891199, "error_max": 0.24068261636446003, "target": "193.xyz", "model": "26.xyz", "model_rescale": 3.6694154284099745, "target_rescale": 4.102293208128292},
