[{"mapping": [9, 8, 6, 4, 5, 11, 1, 7, 0, 3, 12, 14], "R": [[0.6109540051805147, 0.5833771524506633, 0.5351694138797949], [-0.5978942985397203, -0.1030740857229728, 0.7949202102262021], [0.5189003867098037, -0.8056344275482079, 0.285824347845819]], "T": [0.021313428753311478, -0.02684406691099684, -0.04525870388146815], "aligned_model": [[-0.1798662994933602, 0.22410425775127818, 0.469389645197077, -0.13004666576338303, -0.12545996949161847, -0.675132986463953, 0.465823470884383, -0.14471359994442234, 0.5659907533775537, 0.12635132632558582, -0.6232367879657004, -0.13556068195289173], [-0.35804649027662033, -0.5266235243658494, -0.22162637385142486, 0.5789265035303277, 0.24937064684101146, -0.4244890208761602, -0.18072847666749214, -0.7453733404835701, -0.029676599796427013, 0.3738794903596485, 0.39614809396771544, -0.0582058724041021], [-0.46356747020474953, -0.05663675441302741, -0.6569560274014815, -0.09299811564913285, -0.5648484914995286, 0.009711726465678173, 0.6722998587470181, 0.5380743975665451, 0.05437706378516081, 0.3734738764281019, 0.35579513713911515, 0.013226544389863516]], "inverted": true, "swapped": true, "error_lsq": 0.04814680736737134, "error_max": 0.2679513232879771, "target": "194.xyz", "model": "0.xyz", "model_rescale": 3.751011558992144, "target_rescale": 4.017673691915522},
{"mapping": [0, 1, 3, 7, 12, 13, 2, 4, 8, 5, 9, 10, 11, 6, 14], "R": [[-0.26731861186430567, -0.7860003577163314, -0.5574443446845075], [-0.6234061262904987, 0.58218863227161, -0.5219398415116314], [0.7347826627339648, 0.20798998563274934, -0.6456272952889099]], "T": [-0.024092761271903074, 0.09651513566394722, 0.05017250550019537], "aligned_model": [[-0.42300433580654484, -0.6386858998648084, 0.18713717966425886, -0.09402279488338247, 0.5269394327433112, 0.515821277505565, -0.08893601753313571, -0.5629645089584697, -0.4613459143515686, 0.18880090960226495, 0.558933693406364, 0.12899797493848358, 0.4444208807213801, -0.17915051418808148, 0.02729585638154066], [-0.243675266908501, 0.28235166891095176, -0.35518937234011727, 0.34942204663298043, 0.19032725953579388, -0.38898880344011444, -0.7277788392485925, 0.4172089893893949, -0.21661194448771115, -0.27623555804757155, 0.13332941817514687, 0.5860564985933082, 0.7343478826873694, 0.790854738666853, 0.11043257966138484], [-0.49813814021022107, -0.2207990914266652, -0.5284040572930848, -0.5587814406898618, -0.43925359786030527, 0.03341081865128072, 0.041634529836502905, 0.5321960128499453, 0.4389904113860487, 0.5038455730663923, 0.3549912763834369, 0.6899898455252109, -0.05178504947941703, -0.18977614365727183, 0.03715992806089273]], "inverted": true, "swapped": false, "error_lsq": 0.03269686053341629, "error_max": 0.21510753227048998, "target": "194.xyz", "model": "1.xyz", "model_rescale": 3.9405287249114394, "target_rescale": 4.017673691915522},
{"mapping": [1, 2, 3, 9, 5, 13, 8, 6, 10, 12, 11, 7, 14], "R": [[-0.29301120307551803, 0.9323726008592363, -0.21172096740573618], [0.7202124385319315, 0.3608809167142172, 0.5925023268607432], [0.6288389923153035, 0.021125745394885376, -0.7772484960586183]], "T": [0.05494986891460675, 0.04111076845806296, -0.03786770456875603], "aligned_model": [[-0.5110001882600562, 0.2563541783041917, -0.3579097643885766, 0.43700927125289896, 0.49411283064733114, -0.7696722234221101, 0.16152539791325515, 0.7745630977318261, 0.2032029158848474, -0.5314570861402212, -0.13777704925660023, -0.48488326166692597, -0.03808483931592882], [0.651807531805589, 0.4720525256243765, 0.2496845805138132, -0.26016501414194115, -0.23114213333570885, 0.025884599848125862, 0.2328761785705734, 0.3197142683174706, -0.8309906150267246, -0.4800334885850155, -0.620190671824701, 0.025363164433708972, -0.09602833262754956], [0.1692792865843437, -0.6302245460717757, -0.40255002002160023, 0.25947732765346543, -0.35539691020102904, -0.034505922861284496, 0.4549819383817962, 0.09412831513823557, -0.1402550414437786, -0.4116953116941173, 0.3765205276334344, 0.731845880200228, 0.0015148262907258361]], "inverted": true, "swapped": true, "error_lsq": 0.05562145385810351, "error_max": 0.4769281313478639, "target": "194.xyz", "model": "2.xyz", "model_rescale": 3.932901565614263, "target_rescale": 4.017673691915522},
{"mapping": [13, 11, 7, 12, 1, 0, 8, 3, 4, 2, 9, 10, 6, 14], "R": [[-0.14562418874116945, 0.36788257251984646, -0.9183986108927084], [-0.870615305334622, -0.4885737237251131, -0.05766026883808295], [-0.46991763722016155, 0.7911751571691044, 0.3914323503593742]], "T": [0.06946581057365793, -0.13050841193848275, 0.12788852818431531], "aligned_model": [[-0.3989329696108537, 0.5601464243799487, 0.24936542456784383, -0.2371863987471568, -0.44363014674601714, -0.1910913273172401, 0.3427949455411727, -0.5074797572802914, -0.25734262622902904, -0.40937673588726964, 0.6339791075471892, 0.5412051599770732, 0.4262511502644196, 0.11110766159291437], [0.035733455193378255, 0.24703962577421887, -0.41055885520484015, 0.6080976361331942, -0.6417091154922739, -0.6012018037288424, -0.5639967659754597, -0.04040491544323571, 0.3194413604980416, -0.22546681087946902, -0.1026330161509712, 0.6245020810049223, -0.5670019357354567, -0.01834430164271826], [-0.5302991025796987, -0.3848208254942148, -0.7515059661098813, -0.2121659699558117, -0.3320747955614437, 0.2589091609864742, -0.04067041505415733, 0.05065851624744436, 0.4157919175004834, 0.710000063678243, 0.2033752961197307, 0.14896214994706525, 0.6710861750000867, 0.006650158332776948]], "inverted": true, "swapped": true, "error_lsq": 0.04533944855207448, "error_max": 0.24840068212901886, "target": "194.xyz", "model": "3.xyz", "model_rescale": 3.9243930471874484, "target_rescale": 4.017673691915522},
{"mapping": [13, 3, 1, 7, 8, 12, 11, 0, 6, 5, 9, 10, 14], "R": [[-0.916126406527559, -0.3306838407585302, 0.22662878176456078], [0.2470263578721381, -0.9108909228919388, -0.33053850775590177], [0.31573784343871136, -0.24683177278109683, 0.9161788527173135]], "T": [0.007977286969313886, 0.08490785572083126, -0.13635881831029256], "aligned_model": [[-0.07174650610369068, -0.17067494882369444, 0.5093377342505306, 0.534777262253036, 0.5151902588454876, -0.6634371274987402, -0.12079179802590814, 0.3683787345003585, 0.35108461130098984, -0.3700783472102907, 0.07301852245379759, -0.6191192272224196, -0.0587332824081041], [-0.6240134089428047, -0.051094056445948804, -0.2668139703221388, -0.6828241680757533, 0.048460408862648824, -0.44826982233101487, -0.47133758398250014, 0.31111988632659854, 0.742499088256172, 0.4893512400831177, 0.18900582871534566, -0.050907299168321596, -0.05734658929381353], [-0.5502664049553498, -0.6809101580606352, -0.7372659150481393, -0.005224825150028589, 0.043751345843504486, -0.2782594212212487, 0.42949487342832854, -0.490685801798187, 0.11411511910386835, 0.11124980882754917, 0.42049286929481583, 0.4811581137291557, -0.07057928862266954]], "inverted": false, "swapped": true, "error_lsq": 0.04777909813428051, "error_max": 0.3082157036029263, "target": "194.xyz", "model": "4.xyz", "model_rescale": 3.8936222436046832, "target_rescale": 4.017673691915522},
{"mapping": [10, 12, 11, 9, 7, 13, 3, 0, 6, 5, 8, 14], "R": [[0.232994956515576, -0.9707328229137175, 0.058233467664822125], [-0.9219225576435097, -0.20143002591445502, 0.3308847871512852], [-0.309470754589758, -0.13078123404398273, -0.9418726670179884]], "T": [0.011680620026518207, -0.027415267370001297, 0.10907613582743286], "aligned_model": [[0.036999360256946986, -0.613280283139519, -0.30962680714107477, 0.31966905626508413, -0.584907142236551, -0.8036613095885381, -0.33495061399762105, 0.13401883274436988, 0.7515696306548907, 0.4299000306777402, 0.10531742397836104, -0.10350013625899196], [-0.5868376662491671, -0.6164167363663295, -0.03399133288721559, 0.05513971340797558, 0.6181598061160409, -0.02270045506877334, -0.21635156927896723, 0.271366876920564, 0.22540582860275818, -0.4470879606384931, 0.48952290580963004, -0.06728650525821547], [-0.5833316174435885, -0.024012828661697738, -0.6277407746087627, -0.3636588328131814, -0.22475415772802104, 0.23333409860299284, 0.5462250401044775, 0.5589331012764753, 0.14821440129288294, -0.020453401351407996, -0.013562196307497942, -0.00990811308715292]], "inverted": false, "swapped": true, "error_lsq": 0.04790544748389028, "error_max": 0.20239747515614057, "target": "194.xyz", "model": "5.xyz", "model_rescale": 3.6523030999806103, "target_rescale": 4.017673691915522},
{"mapping": [6, 5, 10, 9, 11, 0, 4, 8, 3, 13, 12, 7, 14], "R": [[0.13738900355894024, 0.006957791274353087, -0.9904927313421661], [-0.7808047617285516, -0.614540914756598, -0.11262054942213698], [-0.6094818994548581, 0.7888542661548499, -0.07899848736648035]], "T": [-0.010379533427657045, -0.15676622670472135, 0.07240594475617239], "aligned_model": [[0.09403330146305902, -0.07289220063689766, 0.35134515889614126, 0.4577282778614171, 0.6315967400718814, -0.27037067043788676, -0.4602421580065612, 0.3373637661040787, -0.49657567877087194, -0.14519261303119677, -0.1807296801149948, 0.5614707911070396, 0.07354787015908651], [-0.6793152839996734, 0.06642775486063862, 0.580406524429216, -0.14664862010760601, 0.29507064796424015, -0.6401915252866566, 0.2430052305637621, -0.5593181495207704, -0.050098953251994066, 0.11895863479809826, 0.6301860299049264, -0.2909769528442033, -0.0266784333467944], [0.6459270874103769, 0.632840739316466, 0.417013747501955, 0.3978644879386653, -0.10048352816950042, -0.0004863509134138966, 0.24547620396105796, -0.017369516932037823, -0.24253008703173662, -0.6931304471114074, -0.25454742619344267, -0.66182936207847, 0.0013641917832765832]], "inverted": true, "swapped": true, "error_lsq": 0.05221365363113661, "error_max": 0.2695291562407853, "target": "194.xyz", "model": "6.xyz", "model_rescale": 4.08911054899281, "target_rescale": 4.017673691915522},
{"mapping": [8, 10, 9, 11, 1, 0, 3, 5, 4, 6, 2, 7, 13, 12, 14], "R": [[-0.7411904927956788, 0.6555898989742026, 0.14435559480773041], [-0.6072211278065907, -0.5630751469123293, -0.5605612195603183], [-0.2862152255464254, -0.5031384136524003, 0.8154339834546726]], "T": [-0.028831520083482547, 0.1371957128996002, 0.003312083617020631], "aligned_model": [[-0.4842718922256267, -0.6484043950351311, 0.11747446887647853, -0.0673956888654271, 0.6120927111380258, 0.602518955368945, -0.019487329030805266, -0.5775631544848068, -0.5248476009912763, 0.1609631996644706, 0.6993244764057013, 0.13257964092657426, 0.35735993552909423, -0.24677297624606215, 0.016666868347023002], [-0.26831688539208154, 0.35887623284751236, -0.3302277250105621, 0.4032894114971705, 0.08433650625986092, -0.5479929575137032, -0.6447692857053917, 0.3876117244498588, -0.24001488599596232, -0.1273347006914623, 0.1926602582344593, 0.46763406734642976, 0.7573390836450842, 0.8121194177881299, 0.08064103602123307], [-0.3021098758664754, -0.2903920161190154, -0.608788557776601, -0.5184522419265909, -0.3493465231997294, 0.13203366761571161, 0.12535659728330445, 0.4688082105072886, 0.33275054716367286, 0.3816566238110252, 0.34514840743135056, 0.684521225914236, -0.04330209538349313, -0.06726717875141612, -0.14533591556038455]], "inverted": true, "swapped": false, "error_lsq": 0.03767542655385879, "error_max": 0.284419706575063, "target": "194.xyz", "model": "7.xyz", "model_rescale": 3.964800864290218, "target_rescale": 4.017673691915522},
{"mapping": [4, 10, 12, 2, 13, 6, 3, 11, 9, 8, 0, 1, 7, 14], "R": [[0.02893793403068206, 0.5586685696425803, 0.8288860146410661], [-0.5362800056761624, 0.7084649181902405, -0.45878231788689444], [-0.8435439238628961, -0.43123878418714817, 0.3201042947646581]], "T": [-0.05614038202822724, -0.10962814545870231, 0.09065231901554652], "aligned_model": [[-0.3002284229439436, 0.45332576291910753, 0.28367886535775527, -0.7953599228192828, 0.23461758034612384, -0.41631405468904215, -0.2898802103943419, 0.7352162772367309, 0.21276399708220145, 0.07384768813067016, -0.4635070469900564, -0.17399839075928697, 0.609772044707145, 0.09725372227709256], [-0.10969412564016828, -0.5926674985076974, 0.22995549370133067, -0.10013900318074298, 0.6385129532319003, -0.6603689437553901, 0.3645104277067625, -0.21364279091920196, -0.5905815596791886, -0.1468757862499111, 0.07477590987667465, 0.6467470987374879, 0.3514696793086309, -0.08105338844928403], [-0.4860347170702115, -0.45719819556202546, -0.6335143500293523, -0.08434924748375391, -0.0990565018719006, 0.5147343359116777, -0.16916994554765577, -0.0048278268903824695, 0.23736564672800825, 0.6129058985392322, 0.4172349916340302, 0.4781647183888237, 0.5682255954853751, 0.022334636493155882]], "inverted": false, "swapped": true, "error_lsq": 0.049824735752613904, "error_max": 0.328014983110087, "target": "194.xyz", "model": "8.xyz", "model_rescale": 4.121658175737393, "target_rescale": 4.017673691915522},
{"mapping": [0, 3, 4, 5, 1, 8, 13, 11, 12, 7, 6, 10, 14], "R": [[-0.8320922197832147, -0.539016834846164, -0.13070344115081886], [-0.5232478202881151, 0.8410452891261585, -0.13731183562400168], [0.18394090447744046, -0.04586581942056152, -0.981866625499055]], "T": [-0.11674310563354118, 0.1132378601188112, -0.07812808757377337], "aligned_model": [[-0.6077615859460145, -0.04513310982118103, 0.2921413868267076, 0.15648067544010102, -0.6077358653983739, -0.5218739968065875, 0.08562009809132307, 0.3244976022082358, 0.6346945504514931, -0.3116032362564988, -0.5829241076093932, 0.6531524702227347, 0.007182615032650608], [0.06752864057775854, -0.2434845965400929, 0.21654382481523268, 0.644777796494948, -0.5706246989292579, 0.08577480181107261, -0.6821385749508456, -0.055508209857497826, -0.2964772507221216, -0.563547008932247, 0.7386885957393343, 0.41238106993323465, 0.036473049972192056], [-0.3299617958843662, -0.5413455316599651, -0.5410408905340065, -0.18120382388220227, -0.243711873355082, 0.2770448673357566, -0.15979933876208724, 0.5722658457515029, -0.22874850584687023, 0.5448635407817222, -0.01200162426535012, 0.2547338929275413, 0.009980671352495099]], "inverted": true, "swapped": true, "error_lsq": 0.0536956487224171, "error_max": 0.3517380848217597, "target": "194.xyz", "model": "9.xyz", "model_rescale": 3.833441315466971, "target_rescale": 4.017673691915522},
{"mapping": [0, 1, 13, 5, 2, 8, 10, 6, 12, 11, 9, 7, 3, 4, 14], "R": [[0.29297951021165675, -0.59016863444965, -0.7522393166459552], [0.7327069671757371, -0.3668633205824469, 0.5731943861059302], [-0.614250361699748, -0.7191051987873934, 0.3249372342909818]], "T": [-0.06539492096002422, 0.08205090975800651, 0.05711163031309772], "aligned_model": [[-0.3790549147082076, -0.7461395372368365, 0.1510946361971194, -0.12831335851561187, 0.483881272064278, 0.5289676200902387, -0.024763147832689597, -0.5531776125275298, -0.553836660448327, 0.03820646739811047, 0.7401242703845743, 0.2657169571227832, 0.47549315432257777, -0.18814283549078917, 0.020180908557486527], [-0.3131966302521119, 0.08316244526256923, -0.17534821722934574, 0.3228110075072633, 0.22958038940645265, -0.4004522001269418, -0.7367178375318231, 0.5180781436736912, -0.09335053888315155, -0.2218603515690888, 0.14974468609319685, 0.28360003820519125, 0.7598675569707675, 0.8576134949416305, 0.12231931131227614], [-0.4002938267395109, -0.22958414016980147, -0.665774600350281, -0.5717850599424185, -0.3824119428192465, 0.20368339131898944, 0.11811114665414754, 0.23925955134408827, 0.3631819755786869, 0.6589768798602132, 0.12394359537279306, 0.5990127742466315, 0.10534577305416942, -0.08198619868462936, 0.06560155641905172]], "inverted": true, "swapped": false, "error_lsq": 0.048629789221578096, "error_max": 0.34582301198012, "target": "194.xyz", "model": "10.xyz", "model_rescale": 4.2482417240324, "target_rescale": 4.017673691915522},
{"mapping": [12, 13, 7, 1, 10, 9, 11, 8, 3, 5, 4, 14], "R": [[-0.8931787680404444, -0.448531795489939, 0.032417846262905656], [0.4038907716364712, -0.7684048564777672, 0.4964133571211372], [-0.19774714386976566, 0.45647913969419596, 0.8674807560490301]], "T": [0.123735163007027, 0.17120535190270952, -0.20795172788287036], "aligned_model": [[-0.6045692758373388, -0.020929662503113483, 0.4821857034827911, 0.6347857249496844, -0.5985220911012806, 0.12667913624253965, -0.18037305273616341, 0.5857649100603823, 0.0027462247710945964, -0.20785560716975263, -0.3673868183706104, 0.024240410574773955], [-0.27494746437761397, -0.5986617167344668, -0.21734527287032118, -0.5179647669302405, 0.5637387537847383, 0.66703615333922, 0.2549192820162007, 0.28535069643210664, -0.3350205589146826, 0.6207211763631824, 0.08651049964335575, 0.1317946082991609], [-0.047540249741622936, 0.050159716738814863, 0.5696525548374642, -0.20231698132226483, 0.13451716568156602, 0.07363964565685344, 0.5314338534736585, 0.04608063149979896, -0.4837166769471008, -0.4441584818414338, -0.5871256920065991, -0.07543319617477756]], "inverted": false, "swapped": true, "error_lsq": 0.04466378908041923, "error_max": 0.2956600287140526, "target": "194.xyz", "model": "11.xyz", "model_rescale": 3.6694154284099745, "target_rescale": 4.017673691915522},
{"mapping": [8, 1, 3, 13, 7, 6, 9, 5, 12, 10, 4, 11, 2, 14], "R": [[0.20770337270859407, -0.7213212703427374, -0.6607230387360611], [-0.20121787033511673, -0.6925141832697678, 0.692773754286352], [-0.9572725200397614, -0.010942162553453039, -0.2889802613594547]], "T": [-0.05511057504682037, -0.012610749739753221, -0.07191492524954068], "aligned_model": [[0.09529379152235387, 0.1043734163439255, -0.14417566396524442, 0.44407232535161323, 0.75728250603963, -0.5391086485177303, 0.05644002112157782, -0.37873326516335154, 0.3195396278640157, 0.23047598490486043, -0.32932906015612073, 0.6519976490411352, -0.7636101152039256, 0.09374628107307093], [-0.4227255103586493, 0.2712222654362924, 0.5412860502221528, 0.5896417250063128, -0.14005845307356507, -0.6257240564243968, -0.499604355109954, -0.1231487761630816, 0.6633710900218034, -0.0653900636963267, 0.429642186965818, -0.1632319655146996, 0.24899593552105026, 0.026711215303497696], [-0.3884863959996369, -0.8657433424210867, -0.25140043446593313, -0.33335922441978166, -0.5278769447223108, -0.12410684496718602, 0.20293820845386112, 0.4289445810779574, 0.32544802119386074, 0.769914996146485, 0.2764576857009925, 0.2794994678551532, -0.15408222659103837, 0.0009479128110791574]], "inverted": true, "swapped": true, "error_lsq": 0.0486598544840177, "error_max": 0.3041841657881674, "target": "194.xyz", "model": "12.xyz", "model_rescale": 3.9764082729961374, "target_rescale": 4.017673691915522},
{"mapping": [13, 6, 11, 14, 3, 8, 10, 5, 12, 1, 2, 0, 7, 4, 15], "R": [[-0.9796492506259464, 0.11424288524906887, -0.16503305401642768], [0.19438745351599526, 0.7448622886431344, -0.6382739920072558], [0.05000863589009233, -0.6573649930801606, -0.7519111664346608]], "T": [-0.07263346466741366, 0.0983228940312238, 0.07263950577601903], "aligned_model": [[-0.5011970141416973, -0.6170207259831153, 0.1420424375968374, -0.19613071768917553, 0.4860722667766208, 0.5450590801058466, 0.12991557681647087, -0.6454869040355469, -0.427178166100931, 0.14765337725882502, 0.6003196863943496, 0.14471369901933379, 0.47918910508499907, -0.11532034488197228, -0.04239413684366817], [-0.20612292973907498, 0.4170526354731225, -0.3948153866297464, 0.0808390243263803, 0.22745327074296698, -0.21101380739718106, -0.6795702349827182, 0.5726126727972718, -0.36400988016368996, -0.31863087322218064, 0.09063232686606049, 0.5667065337662431, 0.613723513506722, 0.8143910370652514, 0.17660339537114866], [-0.24061210337822964, -0.3583044202013657, -0.5115467589402802, -0.7168228317495223, -0.5434909177346859, -0.07709212725279767, 0.07439010142419945, 0.45956591815551995, 0.3329470076635382, 0.4980167989033716, 0.5008152005075636, 0.5830167289827006, 0.10243467114065448, 0.036751254654306856, 0.005212352967910838]], "inverted": false, "swapped": false, "error_lsq": 0.04968730002098075, "error_max": 0.35944490491729525, "target": "194.xyz", "model": "13.xyz", "model_rescale": 4.170626492500431, "target_rescale": 4.017673691915522},
{"mapping": [9, 6, 8, 0, 11, 13, 1, 5, 10, 2, 4, 3, 12, 14], "R": [[-0.871073006666745, 0.028612103564730988, -0.490319451568218], [0.07450094999497077, -0.9790529975141892, -0.18948571584245616], [-0.4854703137230987, -0.20158515716213404, 0.850695009333847]], "T": [-0.0445426936026129, -0.028262486507383177, 0.011306558772248128], "aligned_model": [[0.3268710085280311, -0.04173707755073088, -0.259313050779616, -0.5299044091858913, 0.41246732578322787, -0.3493575282215936, -0.8514773591043875, 0.424663593491192, 0.8211176581571235, -0.25958980706074364, 0.18016563887046116, -0.33252324966290037, 0.2643081502832261, 0.03749212854424547], [-0.19435634826528542, -0.7638680760252675, -0.11711354980492138, -0.29248990865499014, 0.488428692940826, 0.7162615423271353, 0.2623706692161659, -0.3640399685233452, 0.18060854309232482, -0.488690141859622, -0.02736413308133084, 0.19189188757878886, 0.6461500641612806, 0.11828519482390686], [-0.38821220579273213, -0.2565788712715645, -0.4755324995236197, 0.04618594856299083, -0.4014317774128678, 0.19301131941651986, -0.012117666479429905, 0.19814736974542974, 0.006014664067319438, 0.5760385613769218, 0.5958168426331273, 0.4755786277067121, 0.4640652154165171, -0.01711242732445766]], "inverted": true, "swapped": true, "error_lsq": 0.04968708502583406, "error_max": 0.2864728347979229, "target": "194.xyz", "model": "14.xyz", "model_rescale": 3.9786697098870705, "target_rescale": 4.017673691915522},
{"mapping": [7, 9, 13, 1, 11, 12, 6, 5, 3, 0, 10, 14], "R": [[-0.20328351633560074, 0.6314802582087016, -0.7482703358271698], [0.8763921023019416, 0.4581225271831028, 0.14852822327810494], [0.4365921380522293, -0.6255848732027007, -0.6465530692920298]], "T": [0.0024744350651766597, -0.07425404992046332, 0.11578702072254808], "aligned_model": [[0.07276052850355455, -0.5536697585757421, 0.6606694706950933, 0.5832969675958909, -0.2749063571923032, 0.4615946428524079, -0.5389204983586926, -0.30202864477450514, 0.5813743084584069, 0.16856759671809476, -0.38489301507650975, 0.009509355921641018], [-0.32812888544220703, 0.006740634793651681, 0.052258010664314444, -0.6280675885325405, 0.35290458308520906, 0.6346431142294184, -0.479423423115105, 0.24696833152606085, -0.03898555233779201, -0.5688084293079865, 0.7221416509792254, 0.04243204368219079], [-0.786839275948375, 0.019381371452780502, -0.36485705398897683, -0.18768559760982756, -0.5061263697353388, -0.08887117944640689, 0.5102681527544475, 0.5304008192729848, 0.2186479596367799, 0.3013610622306401, 0.02238840229795884, -0.008101797042836659]], "inverted": false, "swapped": true, "error_lsq": 0.05447864501451488, "error_max": 0.27864321445523155, "target": "194.xyz", "model": "15.xyz", "model_rescale": 3.769337070930944, "target_rescale": 4.017673691915522},
{"mapping": [0, 1, 5, 4, 6, 8, 9, 7, 10, 12, 14], "R": [[-0.18410650500860562, -0.37951867823902086, 0.9066809624565979], [0.9156249296952675, -0.4016391287421485, 0.017804448426837427], [0.3574014310744326, 0.8334576072788311, 0.42144113934806277]], "T": [-0.06367954925073586, 0.05038934892376609, -0.07437161207688811], "aligned_model": [[-0.1904157334739927, -0.33388638401761744, -0.03787384295492716, -0.5453447402395125, 0.32506767950118537, 0.34574469128434443, 0.45123450222764977, 0.3127205220575862, 0.15783434308162664, -0.522348800314749, -0.04010610646042283], [-0.21335254272970874, -0.7508104997027919, 0.6530088446125755, 0.4373860758358651, 0.29630982186320043, -0.2541634022538539, 0.2910212306922435, -0.7163670920639519, 0.6608037924404084, 0.15178083636805967, 0.040447432563296276], [-0.5444639983122567, -0.2200663234736106, -0.13757252077913157, 0.027506210877376203, -0.7078420309348562, -0.24945016434947012, -0.02843285556076325, 0.31873695436096505, 0.5350123050184309, 0.6567602623732288, 0.09402976800386431]], "inverted": false, "swapped": true, "error_lsq": 0.048442993152504825, "error_max": 0.23419154508950074, "target": "194.xyz", "model": "16.xyz", "model_rescale": 3.7852294659196426, "target_rescale": 4.017673691915522},
{"mapping": [5, 12, 11, 10, 4, 3, 1, 13, 9, 6, 0, 7, 14], "R": [[0.2734147158952627, 0.3678586099566722, -0.8887769327635915], [0.8305582402556065, 0.37578959624219327, 0.41104159023101255], [0.4851983127293653, -0.8505658248700534, -0.2027815940555323]], "T": [0.015362163084454917, 0.16596228923688175, -0.10897612620061242], "aligned_model": [[-0.00935309362238831, -0.47191984878705545, 0.4193936233096198, 0.16484669064017987, -0.5008842318585539, -0.5293872167589989, -0.17984764693738703, -0.3506507583084472, 0.5058579449299492, 0.39997399918051707, -0.07397007465356432, 0.44501684307728095, 0.03468962000513148], [-0.15826058613652497, -0.4338738484438276, -0.39687378416246866, -0.7049889322586173, -0.11539953598568162, 0.2847024517468786, 0.7951622335711555, 0.13530800800284226, -0.05818550089189592, 0.480452065981847, 0.7066465714145634, 0.30199509278544845, 0.038371388079154606], [-0.6209128694540784, 0.2884712065033235, 0.29864502207828597, -0.21907290890265313, -0.3245500037382389, 0.08101911073449125, 0.4407150962542438, 0.6294949899386915, -0.29423866546782274, -0.7140017242531749, -0.18827906251201654, 0.7162624640282167, 0.0022020419339060793]], "inverted": true, "swapped": true, "error_lsq": 0.05273982467921354, "error_max": 0.34406433032712996, "target": "194.xyz", "model": "17.xyz", "model_rescale": 3.901054581598922, "target_rescale": 4.017673691915522},
{"mapping": [0, 1, 3, 7, 12, 13, 2, 4, 8, 5, 9, 10, 11, 6, 14], "R": [[-0.26731861186430567, -0.7860003577163314, -0.5574443446845075], [-0.6234061262904987, 0.58218863227161, -0.5219398415116314], [0.7347826627339648, 0.20798998563274934, -0.6456272952889099]], "T": [-0.024092761271903074, 0.09651513566394722, 0.05017250550019537], "aligned_model": [[-0.42300433580654484, -0.6386858998648084, 0.18713717966425886, -0.09402279488338247, 0.5269394327433112, 0.515821277505565, -0.08893601753313571, -0.5629645089584697, -0.4613459143515686, 0.18880090960226495, 0.558933693406364, 0.12899797493848358, 0.4444208807213801, -0.17915051418808148, 0.02729585638154066], [-0.243675266908501, 0.28235166891095176, -0.35518937234011727, 0.34942204663298043, 0.19032725953579388, -0.38898880344011444, -0.7277788392485925, 0.4172089893893949, -0.21661194448771115, -0.27623555804757155, 0.13332941817514687, 0.5860564985933082, 0.7343478826873694, 0.790854738666853, 0.11043257966138484], [-0.49813814021022107, -0.2207990914266652, -0.5284040572930848, -0.5587814406898618, -0.43925359786030527, 0.03341081865128072, 0.041634529836502905, 0.5321960128499453, 0.4389904113860487, 0.5038455730663923, 0.3549912763834369, 0.6899898455252109, -0.05178504947941703, -0.18977614365727183, 0.03715992806089273]], "inverted": true, "swapped": false, "error_lsq": 0.03269686053341629, "error_max": 0.21510753227048998, "target": "194.xyz", "model": "18.xyz", "model_rescale": 3.9405287249114394, "target_rescale": 4.017673691915522},
{"mapping": [13, 14, 9, 11, 5, 8, 4, 3, 12, 0, 6, 1, 2, 10, 15], "R": [[0.13195098665327892, 0.17032052967777328, -0.9765141341995563], [0.8811684204626858, -0.4713640057159171, 0.03685361440537677], [-0.4540166868084493, -0.8653362879746391, -0.21227801773558852]], "T": [-0.06429192076096807, -0.024158255321716407, 0.01840242430505442], "aligned_model": [[-0.49220905495197304, -0.7233773440405165, 0.2180159414593415, -0.1362025910032051, 0.6378645166620132, 0.6449670542009307, -0.1260888958713561, -0.4984202155357334, -0.5095548952364717, 0.29719102297137434, 0.5993180814189227, 0.06658483428378992, 0.4067942177633705, -0.20344334906468564, -0.05120210367862432], [-0.22882353837107355, 0.31040174640864243, -0.23382848607409623, 0.28081134777321143, 0.22838855114217227, -0.28695248027976084, -0.6810243808693095, 0.5521662806018717, -0.11717988362871452, -0.3093589523926605, 0.17827075419607968, 0.2495412024830781, 0.7060332852911237, 0.724280056824561, 0.013125794675450608], [-0.45733793928841965, -0.21271436898090818, -0.6637636201602043, -0.6304701352883149, -0.34828421396967973, 0.031171813509491574, 0.33363734558024893, 0.47096319132135267, 0.32373326525914875, 0.5289559491550929, 0.29576088677676127, 0.6044734999995938, 0.033350572040519715, -0.17750829479727712, 0.013312923985477685]], "inverted": false, "swapped": false, "error_lsq": 0.04340485164891549, "error_max": 0.26637291346235165, "target": "194.xyz", "model": "19.xyz", "model_rescale": 4.410303926677745, "target_rescale": 4.017673691915522},
{"mapping": [4, 10, 12, 2, 13, 6, 3, 11, 9, 8, 0, 1, 7, 14], "R": [[0.02893793403068206, 0.5586685696425803, 0.8288860146410661], [-0.5362800056761624, 0.7084649181902405, -0.45878231788689444], [-0.8435439238628961, -0.43123878418714817, 0.3201042947646581]], "T": [-0.05614038202822724, -0.10962814545870231, 0.09065231901554652], "aligned_model": [[-0.3002284229439436, 0.45332576291910753, 0.28367886535775527, -0.7953599228192828, 0.23461758034612384, -0.41631405468904215, -0.2898802103943419, 0.7352162772367309, 0.21276399708220145, 0.07384768813067016, -0.4635070469900564, -0.17399839075928697, 0.609772044707145, 0.09725372227709256], [-0.10969412564016828, -0.5926674985076974, 0.22995549370133067, -0.10013900318074298, 0.6385129532319003, -0.6603689437553901, 0.3645104277067625, -0.21364279091920196, -0.5905815596791886, -0.1468757862499111, 0.07477590987667465, 0.6467470987374879, 0.3514696793086309, -0.08105338844928403], [-0.4860347170702115, -0.45719819556202546, -0.6335143500293523, -0.08434924748375391, -0.0990565018719006, 0.5147343359116777, -0.16916994554765577, -0.0048278268903824695, 0.23736564672800825, 0.6129058985392322, 0.4172349916340302, 0.4781647183888237, 0.5682255954853751, 0.022334636493155882]], "inverted": false, "swapped": true, "error_lsq": 0.049824735752613904, "error_max": 0.328014983110087, "target": "194.xyz", "model": "20.xyz", "model_rescale": 4.121658175737393, "target_rescale": 4.017673691915522},
{"mapping": [6, 5, 10, 9, 11, 0, 4, 8, 3, 13, 12, 7, 14], "R": [[0.13738900355894024, 0.006957791274353087, -0.9904927313421661], [-0.7808047617285516, -0.614540914756598, -0.11262054942213698], [-0.6094818994548581, 0.7888542661548499, -0.07899848736648035]], "T": [-0.010379533427657045, -0.15676622670472135, 0.07240594475617239], "aligned_model": [[0.09403330146305902, -0.07289220063689766, 0.35134515889614126, 0.4577282778614171, 0.6315967400718814, -0.27037067043788676, -0.4602421580065612, 0.3373637661040787, -0.49657567877087194, -0.14519261303119677, -0.1807296801149948, 0.5614707911070396, 0.07354787015908651], [-0.6793152839996734, 0.06642775486063862, 0.580406524429216, -0.14664862010760601, 0.29507064796424015, -0.6401915252866566, 0.2430052305637621, -0.5593181495207704, -0.050098953251994066, 0.11895863479809826, 0.6301860299049264, -0.2909769528442033, -0.0266784333467944], [0.6459270874103769, 0.632840739316466, 0.417013747501955, 0.3978644879386653, -0.10048352816950042, -0.0004863509134138966, 0.24547620396105796, -0.017369516932037823, -0.24253008703173662, -0.6931304471114074, -0.25454742619344267, -0.66182936207847, 0.0013641917832765832]], "inverted": true, "swapped": true, "error_lsq": 0.05221365363113661, "error_max": 0.2695291562407853, "target": "194.xyz", "model": "21.xyz", "model_rescale": 4.08911054899281, "target_rescale": 4.017673691915522},
{"mapping": [9, 14, 5, 11, 8, 6, 10, 3, 12, 7, 0, 4, 1, 15, 16], "R": [[0.7179880746625974, 0.24617359903424535, 0.6510696458757875], [0.3779849218999812, 0.6475437535800769, -0.6616755141424611], [-0.5844831250417432, 0.7211696376983376, 0.37187878428795423]], "T": [0.004692758616599268, 0.14405752689044776, 0.02495660399443611], "aligned_model": [[-0.48328837214570297, -0.6256409027573326, 0.017928474337381317, 0.1493751429784656, 0.5521664028839723, 0.6230078757296124, -0.03908223326961587, -0.5761081404171102, -0.5410406492818991, 0.14178151620082194, 0.5890597860372743, 0.06326056714808331, 0.5325963338857413, -0.2918848611389407, 0.018106279186426197], [-0.21966511930136873, 0.26225444239928586, -0.28679292615024105, 0.3818009686092646, 0.10316819285731504, -0.2679144235693976, -0.6561249181024322, 0.4664033934467241, -0.2775689052191394, -0.38784856085079383, 0.20487241612488677, 0.5157134323256409, 0.7033356135128164, 0.6993283712019358, 0.14488932049607914], [-0.3453511926149333, 0.04801198189621064, -0.5335429545480571, -0.6880918472580045, -0.398555720802614, 0.08436751658800334, -0.06952733128302283, 0.584458419264231, 0.288349286664468, 0.4767073919043794, 0.5298289885533476, 0.6120970349193771, -0.17131926897042696, -0.34277022778687266, 0.0706187986167979]], "inverted": true, "swapped": false, "error_lsq": 0.04697761734176099, "error_max": 0.38695319527343935, "target": "194.xyz", "model": "22.xyz", "model_rescale": 4.204369325754507, "target_rescale": 4.017673691915522},
{"mapping": [13, 14, 9, 11, 5, 8, 4, 3, 12, 0, 6, 1, 2, 10, 15], "R": [[0.13195098665327892, 0.17032052967777328, -0.9765141341995563], [0.8811684204626858, -0.4713640057159171, 0.03685361440537677], [-0.4540166868084493, -0.8653362879746391, -0.21227801773558852]], "T": [-0.06429192076096807, -0.024158255321716407, 0.01840242430505442], "aligned_model": [[-0.49220905495197304, -0.7233773440405165, 0.2180159414593415, -0.1362025910032051, 0.6378645166620132, 0.6449670542009307, -0.1260888958713561, -0.4984202155357334, -0.5095548952364717, 0.29719102297137434, 0.5993180814189227, 0.06658483428378992, 0.4067942177633705, -0.20344334906468564, -0.05120210367862432], [-0.22882353837107355, 0.31040174640864243, -0.23382848607409623, 0.28081134777321143, 0.22838855114217227, -0.28695248027976084, -0.6810243808693095, 0.5521662806018717, -0.11717988362871452, -0.3093589523926605, 0.17827075419607968, 0.2495412024830781, 0.7060332852911237, 0.724280056824561, 0.013125794675450608], [-0.45733793928841965, -0.21271436898090818, -0.6637636201602043, -0.6304701352883149, -0.34828421396967973, 0.031171813509491574, 0.33363734558024893, 0.47096319132135267, 0.32373326525914875, 0.5289559491550929, 0.29576088677676127, 0.6044734999995938, 0.033350572040519715, -0.17750829479727712, 0.013312923985477685]], "inverted": false, "swapped": false, "error_lsq": 0.04340485164891549, "error_max": 0.26637291346235165, "target": "194.xyz", "model": "23.xyz", "model_rescale": 4.410303926677745, "target_rescale": 4.017673691915522},
{"mapping": [4, 8, 3, 10, 1, 0, 2, 15, 5, 12, 7, 13, 11, 9, 16], "R": [[-0.47237531892055395, -0.452892661723185, 0.7561413856098567], [-0.7449565701617289, -0.25335073452356344, -0.6171329790970861], [0.4710639729883601, -0.8548108809986334, -0.217708729909395]], "T": [0.010759476367040569, 0.23173346572771641, 0.1072288558039916], "aligned_model": [[-0.4035995152922377, -0.6484172208772986, 0.14355018369534822, -0.08830544626939166, 0.6733923734306541, 0.3687158493602092, -0.09295576832159062, -0.6113175108263691, -0.37845547988474676, 0.1775568815577473, 0.6618989048923484, 0.29164076933615735, 0.3105218437974979, -0.32505243063162614, 0.051063785410475813], [-0.18039452942673595, 0.2886413695584321, -0.3755837657882006, 0.39339449259865084, 0.14053586924327743, -0.43170760031881, -0.6480223588676748, 0.4728727126866135, -0.19454966519763212, -0.29518832378299603, 0.19738664776079545, 0.3849992691893009, 0.7600772809986773, 0.7179521511291671, 0.1554377479977106], [-0.2565588771285913, -0.3805766787547021, -0.5429891022571122, -0.5155357865527239, -0.43029881017691535, 0.15304367876329034, -0.11224047756183554, 0.36057896220857905, 0.3570216570339992, 0.6909307387409696, 0.23672262939013972, 0.7331696809451619, -0.07086331849958381, -0.10071761979198517, 0.023594198784192666]], "inverted": true, "swapped": false, "error_lsq": 0.041800305411966575, "error_max": 0.24822232447320902, "target": "194.xyz", "model": "24.xyz", "model_rescale": 4.28219845311461, "target_rescale": 4.017673691915522},
{"mapping": [1, 0, 3, 4, 7, 9, 5, 6, 8, 11, 12, 14, 13, 2, 15], "R": [[0.7194485917524135, -0.3090199974212635, 0.6220131550210427], [0.4976831294310442, 0.85405297675094, -0.15134403054822243], [-0.48446385469423003, 0.41844970318620256, 0.768241250778808]], "T": [0.05018962574020917, 0.09632133465374912, 0.024240523957717513], "aligned_model": [[-0.37610446596274577, -0.632156139750336, 0.03979249092054653, -0.09268108946097782, 0.5909913114284712, 0.573343820233262, -0.08252266175963503, -0.7204687786851156, -0.46565173946776156, 0.25317753220841543, 0.6578474388972256, 0.051153045514215165, 0.46850083093918576, -0.1266250636162229, -0.008359312061349898], [-0.2863696756128291, 0.433409016323936, -0.3334583338522409, 0.3495482024250287, 0.16445924863724903, -0.32188836555486744, -0.7289833965425736, 0.36903132408302386, -0.26858203041619666, -0.11974748348161798, 0.22420107511490994, 0.5033165241157833, 0.5141323587505742, 0.7568343194664687, 0.1299485143239274], [-0.26158868533862006, -0.26957969866003734, -0.6201403269264842, -0.6466638546256692, -0.5311303135778309, -0.06677606417111594, 0.18715224951995538, 0.4035979020527261, 0.31181534383913717, 0.48095405222881543, 0.47013137867649607, 0.668056190489475, -0.03377792728967957, 0.05944261067853597, -0.006211981752820388]], "inverted": false, "swapped": false, "error_lsq": 0.04007969418035984, "error_max": 0.24704696333628376, "target": "194.xyz", "model": "25.xyz", "model_rescale": 4.100010024507729, "target_rescale": 4.017673691915522},
{"mapping": [12, 13, 7, 1, 10, 9, 11, 8, 3, 5, 4, 14], "R": [[-0.8931787680404444, -0.448531795489939, 0.032417846262905656], [0.4038907716364712, -0.7684048564777672, 0.4964133571211372], [-0.19774714386976566, 0.45647913969419596, 0.8674807560490301]], "T": [0.123735163007027, 0.17120535190270952, -0.20795172788287036], "aligned_model": [[-0.6045692758373388, -0.020929662503113483, 0.4821857034827911, 0.6347857249496844, -0.5985220911012806, 0.12667913624253965, -0.18037305273616341, 0.5857649100603823, 0.0027462247710945964, -0.20785560716975263, -0.3673868183706104, 0.024240410574773955], [-0.27494746437761397, -0.5986617167344668, -0.21734527287032118, -0.5179647669302405, 0.5637387537847383, 0.66703615333922, 0.2549192820162007, 0.28535069643210664, -0.3350205589146826, 0.6207211763631824, 0.08651049964335575, 0.1317946082991609], [-0.047540249741622936, 0.050159716738814863, 0.5696525548374642, -0.20231698132226483, 0.13451716568156602, 0.07363964565685344, 0.5314338534736585, 0.04608063149979896, -0.4837166769471008, -0.4441584818414338, -0.5871256920065991, -0.07543319617477756]], "inverted": false, "swapped": true, "error_lsq": 0.04466378908041923, "error_max": 0.2956600287140526, "target": "194.xyz", "model": "26.xyz", "model_rescale": 3.6694154284099745, "target_rescale": 4.017673691915522},
