[{"mapping": [7, 6, 10, 5, 1, 0, 8, 9, 10, 3, 2, 11], "R": [[0.5325520457555721, -0.8458876934200508, -0.029365433456043755], [0.31374365606248156, 0.16506526860248932, 0.9350499320259511], [-0.7861000170729566, -0.5071759726383875, 0.35329774402931485]], "T": [0.09316102463259679, 0.0043827355909006604, 0.12900428953592646], "aligned_model": [[-0.22016972069089275, -0.3124848167371635, 0.539977043527279, -0.051812521568829845, -0.5912293246463468, -0.05380806038751407, -0.09883390260868902, 0.34552148523128595, 0.539977043527279, 0.729851352615169, -0.4359917444980671, 0.07473732056246848], [-0.4462267676043036, -0.5960240256242386, -0.18151336694556588, 0.28957735299112497, 0.07820594110189646, 0.5759848392295444, -0.2018760364614821, -0.5305069255426264, -0.18151336694556588, -0.030438743782139663, 0.46320433220553014, 0.056506260097875946], [-0.64260327233164, 0.1398514053517906, -0.34802760697176327, -0.636719572987393, -0.038448819306166365, -0.056636538855163565, 0.6979495923166654, 0.26887448924566937, -0.34802760697176327, 0.38870682247436883, 0.5267860575793797, 0.08686213475701858]], "inverted": true, "swapped": false, "error_lsq": 0.05603374449425416, "error_max": 0.3805060325079164, "target": "195.xyz", "model": "0.xyz", "model_rescale": 3.751011558992144, "target_rescale": 3.8893632411853116},
{"mapping": [0, 7, 1, 8, 13, 5, 11, 6, 4, 10, 9, 14], "R": [[0.14889661553988354, 0.9266678985573447, -0.34513244365617557], [0.8337518886687356, -0.30530925141095383, -0.4600478770130338], [-0.5316837274377358, -0.21925525486564307, -0.8180706248189809]], "T": [-0.05010927035097931, -0.044411756563873556, -0.046056185638585566], "aligned_model": [[-0.3215094888627831, -0.17100402094070902, 0.27798831591827633, 0.20949562194106422, -0.6740951891224164, -0.16816635315492443, 0.026409379079298953, 0.34842208889168313, 0.7142208462971577, 0.5044808857111764, -0.202702909455129, -0.07780502197671683], [-0.4618810496443644, -0.6944826954318213, -0.5268138903714842, 0.3081983620659451, 0.3111649305946449, 0.5681924580749141, -0.2942644889595062, -0.6074469428776411, 0.06935898626545729, 0.31492933781825205, 0.3561553560761255, -0.04773087089047191], [-0.6183898551235336, 0.003635438569487094, -0.4272722721538173, -0.5447441204011729, 0.06215190567124949, -0.0754610900294665, 0.7078997131582064, 0.2504060884250089, -0.2146671602829304, 0.43949245746122884, 0.4543944022424768, 0.0011215767642660246]], "inverted": true, "swapped": false, "error_lsq": 0.04574989138946687, "error_max": 0.2273030978349229, "target": "195.xyz", "model": "1.xyz", "model_rescale": 3.9405287249114394, "target_rescale": 3.8893632411853116},
{"mapping": [7, 6, 1, 4, 3, 8, 11, 0, 2, 5, 9, 12], "R": [[-0.5541173977909812, 0.4697339490844296, -0.6872437169904849], [-0.14655627688204004, -0.8677329881170455, -0.4749323310114171], [-0.819435883502685, -0.16244838691415156, 0.5496684040557216]], "T": [-0.007334857601802865, -0.06069699018136999, -0.014059773652516181], "aligned_model": [[-0.4428093633273712, -0.19844418934634345, 0.47202165689441683, -0.08711417034079283, -0.5551226786281046, -0.19042105270651166, -0.1399153932027007, 0.4716275300438487, 0.6573813228782255, 0.48388584060989626, -0.07160529152325182, 0.06624994297466752], [-0.4950834442896162, -0.546935168152225, -0.3380551197160899, 0.25839078358737116, -0.003863641649158374, 0.6898592508651684, -0.16484434422731853, -0.7066827838980493, 0.08824272436517006, -0.0262102143235384, 0.5608827175521847, -0.02032126739384875], [-0.5146396538978946, 0.13562439716444752, -0.5802012156520424, -0.6333448257674636, -0.1673508438384981, -0.07598347103835705, 0.678175749317946, 0.22306334587168172, -0.002270441167246926, 0.5203456607473327, 0.4957334053401774, -0.04058502277908006]], "inverted": false, "swapped": false, "error_lsq": 0.054856081565490857, "error_max": 0.2783184266545973, "target": "195.xyz", "model": "2.xyz", "model_rescale": 3.932901565614263, "target_rescale": 3.8893632411853116},
{"mapping": [4, 5, 2, 0, 7, 3, 12, 6, 1, 10, 8, 13], "R": [[0.9152586572604463, 0.0981010473238205, -0.3907400348361746], [-0.11317609245377272, 0.9934512119245859, -0.015679975206206606], [0.38664293916571213, 0.05857366336111901, 0.9203675154815918]], "T": [0.011401766274235704, 0.09278039271089483, 0.07076392028203868], "aligned_model": [[-0.2554940723842509, -0.29263872838379223, 0.3805120609858046, 0.07840284237469827, -0.6883242394716376, -0.0523742501812871, 0.08400632178051723, 0.30135840521522594, 0.680553488166798, 0.5573488479896623, -0.3564469826258806, 0.02883046086012054], [-0.44952981998721936, -0.5343130762528283, -0.378462652163679, 0.19664476072545622, 0.043434502238768685, 0.5660723829661547, -0.38945126669505664, -0.5233287667652138, 0.19386564619661373, -0.0603632251905416, 0.6267801131099948, 0.004030894537600735], [-0.5600234044541871, 0.24715225449326936, -0.5087940459073486, -0.5877749001388404, -0.062243776200463674, -0.1098261950800681, 0.6583956207082946, 0.1257812977681187, -0.23054383854288876, 0.5085244216565926, 0.41473822466858923, 0.14318142532993505]], "inverted": false, "swapped": false, "error_lsq": 0.045118490292180714, "error_max": 0.27299541359319524, "target": "195.xyz", "model": "3.xyz", "model_rescale": 3.9243930471874484, "target_rescale": 3.8893632411853116},
{"mapping": [2, 3, 4, 7, 0, 1, 6, 10, 8, 11, 5, 12], "R": [[-0.026250968701771356, 0.819946934221793, 0.5718373122685347], [-0.7465787432124279, 0.36432681624015895, -0.5566741876103665], [-0.664778960877652, -0.4415348185914591, 0.6025910198018529]], "T": [0.196369712766698, -0.02837340020720778, 0.05460668724060498], "aligned_model": [[-0.45830538527262255, -0.22592503775651257, 0.19998055902795397, 0.07354133715383249, -0.6369813861856068, -0.09155961887154085, -0.08242830573644899, 0.6413239132838828, 0.7208042677719481, 0.5676548019937553, -0.3396524135893153, 0.0972814225066527], [-0.2379285002389598, -0.5515153763989674, -0.3860764152036414, 0.1394269718991257, 0.10114958719490103, 0.5807465044319495, -0.27853677653116793, -0.547947373609134, -0.0038197076108875405, 0.13391069189022778, 0.31830364978816017, 0.027666237108443743], [-0.5607807243721664, 0.08531477723972253, -0.419105022865674, -0.7197801567704858, -0.055266398499311184, -0.1825218469707499, 0.6720258841899924, 0.22544686145135612, -0.2928150774958006, 0.7342722942542933, 0.4621829412571638, 0.08959355288266234]], "inverted": false, "swapped": false, "error_lsq": 0.05208484344147948, "error_max": 0.36654963910790905, "target": "195.xyz", "model": "4.xyz", "model_rescale": 3.8936222436046832, "target_rescale": 3.8893632411853116},
{"mapping": [0, 9, 3, 2, 1, 4, 6, 8, 10, 7, 5, 11], "R": [[0.5498510795841214, 0.8301055522382383, 0.09267449715766479], [-0.8275512543546197, 0.5564529995075995, -0.07428984287970479], [-0.11323741297059037, -0.03584454605996873, 0.9929211735185646]], "T": [0.10921245375386125, -0.11278573171762225, 0.024550174624955446], "aligned_model": [[-0.40156901375764054, -0.13955170695604557, 0.25035744962470424, 0.016118316847425013, -0.6738009112987142, 0.1088581609137175, -0.2360516180799611, 0.6180208425017312, 0.6407243926324145, 0.47358600988656047, -0.2155304232026204, 0.024572655214407366], [-0.466834423485036, -0.6681760043028927, -0.4231131253491506, 0.23735725326379348, 0.03657897302890488, 0.6716920480021453, -0.14922825619115898, -0.6446468402071349, 0.1561697473459272, 0.05003424817892331, 0.4695136321993629, 0.02603224023636562], [-0.6051085625347863, 0.1326888877910202, -0.43811280338784275, -0.6280537149329236, -0.06313689560819497, -0.09881548716704411, 0.7415392200213551, 0.08858618907719334, -0.1866970942244248, 0.5349119023492771, 0.4856796268341646, 0.07508581608320924]], "inverted": false, "swapped": false, "error_lsq": 0.04413733362072292, "error_max": 0.2511470592608653, "target": "195.xyz", "model": "5.xyz", "model_rescale": 3.6523030999806103, "target_rescale": 3.8893632411853116},
{"mapping": [11, 7, 4, 10, 9, 6, 5, 3, 2, 1, 8, 12], "R": [[0.3164738088510559, 0.3444598694320805, 0.8838505114905685], [-0.7823607506281717, 0.6216743034392145, 0.03785123934419338], [-0.5364289181129492, -0.7034688754978442, 0.4662355166843999]], "T": [0.040497701478468394, -0.02596936002835925, 0.05693865882294483], "aligned_model": [[-0.30541874775801764, -0.26116168699562065, 0.28780876081974066, -0.08745314331382553, -0.6434369273939561, 0.16228168129962303, -0.12029036193651316, 0.3829292223166881, 0.7392990054075631, 0.60333512820907, -0.3370353298984563, 0.04487655356968272], [-0.6035975207727303, -0.6297298893898585, -0.21414167616003402, 0.3472156142423833, 0.05729221997418981, 0.6106136414333043, -0.1420913686977343, -0.6270006107744037, 0.08721578098882998, 0.11689049440459376, 0.40382218287683813, -0.11110937540532878], [-0.5098562963448612, 0.1632066983632727, -0.42530611439503013, -0.6161397897716278, -0.16206775182583008, 0.006389607584669756, 0.7085262644084053, 0.12130318407598203, -0.21706407052301255, 0.43796353866166715, 0.41253835304808134, 0.11907346101928595]], "inverted": false, "swapped": false, "error_lsq": 0.048383523161453175, "error_max": 0.25907858079139473, "target": "195.xyz", "model": "6.xyz", "model_rescale": 4.08911054899281, "target_rescale": 3.8893632411853116},
{"mapping": [7, 6, 5, 12, 1, 11, 3, 4, 10, 8, 9, 14], "R": [[0.7630045439271536, -0.617664853443572, -0.19056283679418454], [0.04994289351249498, 0.35026088476307354, -0.9353197421163462], [0.6444608392556649, 0.7041359537940948, 0.2980986166361133]], "T": [-0.06177570792397338, -0.06273934443923068, -0.0549346610734006], "aligned_model": [[-0.26865333815688275, -0.2727223397484212, 0.4543385468019453, 0.15430037147822626, -0.6787235906681842, 0.0072689837512128486, -0.07198826213831253, 0.4157613848140176, 0.5731189820307976, 0.41551277166125034, -0.165154745132613, -0.09732461036705804], [-0.6047235717471139, -0.49095324168150806, -0.46374784105409594, 0.19227287692870343, 0.2946460401377968, 0.5113580637625442, -0.41058748527679756, -0.5172705297384167, 0.24732642963263834, 0.08182642533870971, 0.39044059648106444, 0.06479172993652504], [-0.5675199788461038, 0.09093289249481591, -0.44649499013486615, -0.6844438451798465, 0.11710328742506516, -0.15581111721971658, 0.6559442392450999, 0.1944830936116242, -0.1965074229961346, 0.41030228796302404, 0.5763323376847183, 0.04424630025332289]], "inverted": true, "swapped": false, "error_lsq": 0.04403797179713121, "error_max": 0.23173789020328045, "target": "195.xyz", "model": "7.xyz", "model_rescale": 3.964800864290218, "target_rescale": 3.8893632411853116},
{"mapping": [11, 9, 4, 6, 10, 3, 8, 12, 2, 1, 5, 13], "R": [[-0.6144503884657003, -0.05421630287103013, 0.7870904094304204], [0.7040974890161675, 0.4124114468867547, 0.5780687886730276], [-0.3559458471108742, 0.9093829726687048, -0.21523281103203554]], "T": [0.1549783837577982, 0.01488372182672626, -0.011309156955391801], "aligned_model": [[-0.2612199619712709, -0.27996133053125866, 0.4011241558836004, 0.04274086778067024, -0.658881952092921, -0.06006180893881599, -0.09594040641461993, 0.25016796474529146, 0.7965506026694029, 0.5904748491226945, -0.3662144693116845, 0.10695564338488997], [-0.4753430398083174, -0.4858291816113772, -0.29818706616789814, 0.14890850182552184, 0.03612110285694681, 0.6800244102089587, -0.229014091083944, -0.7322591602631114, -0.006419537887547455, 0.2720377273122541, 0.3896576732577064, -0.004317845919142461], [-0.5343674555062172, 0.1730024271985953, -0.59138875113438, -0.564432941954823, 0.09966084071588607, -0.20446266038160432, 0.6732426665050986, 0.04692652542651001, -0.17422013510136597, 0.5430684555884642, 0.5243896560043556, 0.04714845694048367]], "inverted": true, "swapped": false, "error_lsq": 0.045467126969783604, "error_max": 0.23104018142533456, "target": "195.xyz", "model": "8.xyz", "model_rescale": 4.121658175737393, "target_rescale": 3.8893632411853116},
{"mapping": [4, 1, 9, 5, 0, 10, 2, 6, 7, 8, 3, 12], "R": [[-0.6633392744588007, 0.30307266858412396, -0.6841987755892068], [-0.0253731590924334, -0.9228981164853307, -0.3842073260435037], [-0.7478885008864237, -0.23749952451558054, 0.6198844780253263]], "T": [0.12084156021089285, 0.018944543331795932, 0.030031735334055433], "aligned_model": [[-0.30899305224715456, -0.31665380530655207, 0.4952475838982816, -0.028781330899501884, -0.6547727118469695, -0.16055118780056524, -0.17168707501388283, 0.4279873163733906, 0.7228195403274473, 0.604897984072317, -0.20978715452130234, 0.06600804729047022], [-0.535376478132329, -0.4959279569813362, -0.4554220398536297, 0.23261151730521165, 0.01573997100568872, 0.7064788697271522, -0.11502725189391377, -0.5949692316432966, 0.20241666745192785, -0.14088498733821225, 0.5243774050546289, -0.048636991981842084], [-0.5141174434898531, 0.16581033926557232, -0.5426691387865715, -0.5300372969865926, -0.10125602044932688, -0.1267977962918744, 0.645519352200891, 0.12465420339091768, -0.21321998909733536, 0.5503174619993118, 0.5378764623473684, 0.04248695019849532]], "inverted": true, "swapped": false, "error_lsq": 0.045772310170363824, "error_max": 0.26958920958538846, "target": "195.xyz", "model": "9.xyz", "model_rescale": 3.833441315466971, "target_rescale": 3.8893632411853116},
{"mapping": [6, 4, 1, 12, 7, 11, 2, 5, 0, 13, 9, 14], "R": [[0.10845961152409518, -0.9313396996907929, 0.34762462002554717], [0.7743572829114213, 0.2984341208302592, 0.55794970555267], [-0.623383759068267, 0.2086706479218721, 0.7535577281308863]], "T": [0.019621470549231267, 0.03474991189788444, -0.03716056332148156], "aligned_model": [[-0.22526489242225536, -0.3226639263183184, 0.4420135747408923, 0.06553964977586604, -0.5993882474521327, -0.2559521455233127, 0.06709380013878533, 0.3407147883532264, 0.6927138552225475, 0.6276853083402945, -0.32793919841664887, -0.03881841211296588], [-0.3916217030996578, -0.6844944936593687, -0.36320264111072986, 0.14671801333050605, 0.27597731101080925, 0.6156520886818919, -0.10101790190648248, -0.4957863580643762, -0.006393280709139623, -0.05310902596208107, 0.31332886652441705, 0.03932861768426105], [-0.5056341305586313, 0.0007969426036505828, -0.4941371587662505, -0.627393332988549, 0.013339810131607649, -0.26508362967474514, 0.6670863632502699, 0.2327756309599901, -0.13243302051954126, 0.4709985826392863, 0.6407077675215316, 0.03754325970238351]], "inverted": false, "swapped": false, "error_lsq": 0.04813820405584105, "error_max": 0.25333128945570277, "target": "195.xyz", "model": "10.xyz", "model_rescale": 4.2482417240324, "target_rescale": 3.8893632411853116},
{"mapping": [9, 7, 10, 4, 5, 6, 3, 8, 0, 1, 2, 11], "R": [[0.6318781258000471, 0.735926084742412, 0.24319299317851395], [0.33561475385913064, 0.02303426424876967, -0.9417176645165968], [-0.6986363654487902, 0.6766699494334167, -0.2324328040666426]], "T": [0.06436219261913248, -0.026764153461239726, 0.056373148773742325], "aligned_model": [[-0.20152349751663864, -0.456742947700446, 0.39105320272886834, -0.11724982783511198, -0.5847472527528162, -0.03862770735284868, -0.048914038799459464, 0.3515216019784767, 0.7318333464689453, 0.6138927373372429, -0.18904344483238486, 0.01428198260215044], [-0.579047778875009, -0.4463799154773469, -0.38645867769735054, 0.286527653334156, 0.171223185975422, 0.5992977128864001, -0.4288916511429505, -0.5389314556164158, 0.1967623893562154, 0.12179688365593114, 0.35140999973004794, -0.05192885340905011], [-0.4946245817295277, 0.16091161870470172, -0.3665868915167453, -0.7403105388047405, -0.2655649068724386, -0.07749902216573176, 0.7517389499572582, 0.23548751775148657, -0.2235511612965484, 0.4748135297489648, 0.6399202155562944, -0.056167645031970866]], "inverted": true, "swapped": false, "error_lsq": 0.04889242431238611, "error_max": 0.25988016735933145, "target": "195.xyz", "model": "11.xyz", "model_rescale": 3.6694154284099745, "target_rescale": 3.8893632411853116},
{"mapping": [3, 4, 8, 2, 0, 12, 6, 11, 10, 7, 5, 13], "R": [[-0.147182953578008, 0.3513250732615996, 0.9246122814854807], [-0.985373471710784, 0.02908807401088806, -0.16790772822885208], [-0.08588538539641588, -0.9358015691630726, 0.34190513849200965]], "T": [0.0677657818189132, -0.029409094472483452, 0.027269871857248617], "aligned_model": [[-0.19634105423164444, -0.4288901870141391, 0.43972196057152374, 0.12292599741814696, -0.6180750710484205, -0.02759354598509141, -0.09526040527808106, 0.28713212438849284, 0.5593120300679111, 0.5776393263751605, -0.10093872526616858, -0.05389829567171159], [-0.5209715391053517, -0.5692597965262515, -0.47121600273921777, 0.07375520013727661, 0.08181899974149938, 0.6221100352757927, -0.2155341350363537, -0.7029430165025529, 0.3234433926458205, 0.24545896694742853, 0.4545394722285488, -0.025822084346588885], [-0.6283693908331757, -0.07057039523584628, -0.46166070420302935, -0.6150914379404645, 0.19456751087583088, -0.1406524984193358, 0.5358313382006824, 0.23525812279828748, -0.16613694155738812, 0.4927178666348093, 0.6452531779051369, 0.017420436075495795]], "inverted": false, "swapped": false, "error_lsq": 0.04567103321283614, "error_max": 0.22326322856514835, "target": "195.xyz", "model": "12.xyz", "model_rescale": 3.9764082729961374, "target_rescale": 3.8893632411853116},
{"mapping": [5, 4, 9, 12, 6, 13, 3, 7, 1, 8, 14, 15], "R": [[-0.7506531472414977, -0.6377408679233934, -0.172645410934527], [0.11533977484113667, -0.38378633036976056, 0.9161903672059148], [-0.650550988682694, 0.6678282997909195, 0.3616473048736012]], "T": [0.1174423231146506, -0.03550386141030272, -0.03735409567597075], "aligned_model": [[-0.32273615972649694, -0.29614472022175703, 0.2681323603625445, 0.24173318402637678, -0.6419566150316579, -0.18343314561974283, 0.12240813540784502, 0.2507567765824075, 0.7002048270954713, 0.6256810358488877, -0.36277846606128855, 0.06386694166338877], [-0.42805104728247956, -0.6142815448667444, -0.2895279421105147, 0.35372290687037333, 0.047500302275097425, 0.48971060586388204, -0.05168658808403394, -0.6555008233343639, 0.06704223955933544, 0.10112079059536198, 0.35749886464282266, -0.08216827140868677], [-0.6331506347245108, 0.0617714433958119, -0.5610557336496004, -0.5275253307519091, -0.02827845507169905, -0.12737776959929123, 0.8041664966919663, 0.37357743466031007, -0.267993943471022, 0.434535671103439, 0.4663768747170752, 0.043521031000433356]], "inverted": false, "swapped": false, "error_lsq": 0.05151005489769761, "error_max": 0.2754520720614028, "target": "195.xyz", "model": "13.xyz", "model_rescale": 4.170626492500431, "target_rescale": 3.8893632411853116},
{"mapping": [1, 10, 0, 3, 11, 6, 12, 8, 2, 4, 5, 13], "R": [[0.3800839378803997, 0.16612414826770971, -0.9099115163177444], [-0.8384928793321472, 0.4771691094635392, -0.2631336775919385], [0.39046880986144583, 0.8629672116228408, 0.3206582295673779]], "T": [0.060737179672677485, -0.14959244258352472, -0.07438557931071951], "aligned_model": [[-0.09175313382240081, -0.2913680911010679, 0.45651490982229054, -0.14540588841422564, -0.5626760457919118, -0.03846844944760805, -0.09113397315920153, 0.3136822648668352, 0.576576720764436, 0.5855245380535383, -0.2440184764978366, -0.001740220946869625], [-0.5224304698851411, -0.5218794743034565, -0.4363317401315851, 0.2484251011330436, 0.17760695293032008, 0.6822017952312611, -0.18640591990599992, -0.6491421130995076, 0.17661247565570487, -0.034713780754512924, 0.4376067728504495, -0.0761701070005266], [-0.7290251592196629, 0.1617341980933328, -0.41643670134827027, -0.5983709558274994, -0.011487590293920602, 0.001547655304006551, 0.640657106136182, 0.413492687645718, -0.3202149640455917, 0.3887172733397841, 0.5497465379385301, -0.04179300342160599]], "inverted": false, "swapped": false, "error_lsq": 0.048405136692163474, "error_max": 0.2264462397655284, "target": "195.xyz", "model": "14.xyz", "model_rescale": 3.9786697098870705, "target_rescale": 3.8893632411853116},
{"mapping": [3, 8, 2, 0, 9, 1, 7, 5, 4, 10, 6, 11], "R": [[-0.13316920540343907, 0.8443105304191189, -0.519043053084812], [-0.9304459847558885, -0.28689133927847726, -0.22795532215468667], [-0.3413740356029761, 0.45258489553937614, 0.8237904346044267]], "T": [0.028435020509141443, -0.027348968898595026, 0.03975389089942841], "aligned_model": [[-0.512328275899701, -0.07098435430664814, 0.3125727557007688, -0.011669224345970217, -0.5831728927657757, 0.16406897569943046, -0.0008948650373879347, 0.45306638639934654, 0.6202240560763372, 0.607957989066147, -0.4607922025586226, -0.05231419370194619], [-0.4186876196506985, -0.5386943794709685, -0.517340718359171, 0.23735625087253034, -0.02187058678796961, 0.6358724592566345, -0.15278506273607217, -0.6831967926132476, -0.03594915286878423, 0.3117940202820646, 0.4513398079059009, 0.027541266889831335], [-0.5923682096375037, 0.010261772972716868, -0.6182896100697477, -0.6022183688199967, -0.07565848191291741, 0.08887475131044298, 0.6880451445557765, 0.22471719255929937, -0.11717445042002489, 0.531135769178807, 0.4383382232241396, 0.06290335136001043]], "inverted": false, "swapped": false, "error_lsq": 0.05447715809149783, "error_max": 0.3036658099915728, "target": "195.xyz", "model": "15.xyz", "model_rescale": 3.769337070930944, "target_rescale": 3.8893632411853116},
{"mapping": [1, 4, 7, 6, 2, 3, 8, 5, 9, 10, 11], "R": [[-0.6774802940559828, -0.3277849469555697, 0.658466004980632], [-0.7115890941123676, 0.51867070957639, -0.47394267181576333], [-0.18617575649412416, -0.7896440486553791, -0.5846373783098222]], "T": [-0.009497476645072889, -0.027452345758155645, -0.05760415029455754], "aligned_model": [[-0.39261311154936007, -0.39313068090280523, -0.08767245206087207, -0.5498822228705473, 0.3549787552488847, 0.5604358340778592, 0.617486378989416, 0.26364750337284537, 0.08703413253720066, -0.4691782252153022, -0.06847978093614825], [0.07645973970749084, -0.5561325088979333, 0.6840754747747327, 0.3900075370990483, 0.22368486385718667, -0.4325575130707547, 0.25826808937524254, -0.45621805804166876, 0.5818119565822559, -0.18200162406439885, 0.008666540304140602], [-0.5458508666999299, -0.10151872072227694, -0.37745234550852524, 0.14163727771259824, -0.6380254740093648, -0.23358107482069962, 0.029399928968647043, 0.36704087185871115, 0.4643880314797032, 0.6065673684983061, 0.03161261046660782]], "inverted": true, "swapped": true, "error_lsq": 0.04665865246356354, "error_max": 0.2871443481624542, "target": "195.xyz", "model": "16.xyz", "model_rescale": 3.7852294659196426, "target_rescale": 3.8893632411853116},
{"mapping": [6, 7, 5, 10, 11, 9, 2, 1, 4, 3, 8, 12], "R": [[-0.6503649712304073, -0.5081072979312105, -0.5646701497206277], [0.5536884151059882, 0.19182670375850386, -0.8103281154585262], [0.5200524427150504, -0.8396603417538497, 0.1565757558241948]], "T": [0.108965126503883, -0.015906050846223596, 0.06870906077427663], "aligned_model": [[-0.31141544873401256, -0.28209698051998633, 0.3642187100944552, -0.037946817167675354, -0.6221743476644118, -0.1867137627702175, -0.10909054047198367, 0.4823396082274182, 0.6991767531517713, 0.5781595968546862, -0.16463516131929468, 0.055912544645229524], [-0.364118960964041, -0.5909000385519347, -0.4930886824295126, 0.25447325915294106, 0.027713064992749836, 0.774113092453363, -0.31684193888483186, -0.5435831731765404, -0.031013562779689974, 0.08416621879222594, 0.45566238876676185, 0.03879782534855894], [-0.6308773721215607, -0.020056629268429868, -0.30458888288440567, -0.6759834830383767, 0.10697806232395435, -0.12025001725497031, 0.5544830189280595, 0.30620117688331083, -0.32270974810238967, 0.7030098261878105, 0.42504036801027845, 0.017320764637722523]], "inverted": false, "swapped": false, "error_lsq": 0.04784651445400184, "error_max": 0.23420832335536618, "target": "195.xyz", "model": "17.xyz", "model_rescale": 3.901054581598922, "target_rescale": 3.8893632411853116},
{"mapping": [0, 7, 1, 8, 13, 5, 11, 6, 4, 10, 9, 14], "R": [[0.14889661553988354, 0.9266678985573447, -0.34513244365617557], [0.8337518886687356, -0.30530925141095383, -0.4600478770130338], [-0.5316837274377358, -0.21925525486564307, -0.8180706248189809]], "T": [-0.05010927035097931, -0.044411756563873556, -0.046056185638585566], "aligned_model": [[-0.3215094888627831, -0.17100402094070902, 0.27798831591827633, 0.20949562194106422, -0.6740951891224164, -0.16816635315492443, 0.026409379079298953, 0.34842208889168313, 0.7142208462971577, 0.5044808857111764, -0.202702909455129, -0.07780502197671683], [-0.4618810496443644, -0.6944826954318213, -0.5268138903714842, 0.3081983620659451, 0.3111649305946449, 0.5681924580749141, -0.2942644889595062, -0.6074469428776411, 0.06935898626545729, 0.31492933781825205, 0.3561553560761255, -0.04773087089047191], [-0.6183898551235336, 0.003635438569487094, -0.4272722721538173, -0.5447441204011729, 0.06215190567124949, -0.0754610900294665, 0.7078997131582064, 0.2504060884250089, -0.2146671602829304, 0.43949245746122884, 0.4543944022424768, 0.0011215767642660246]], "inverted": true, "swapped": false, "error_lsq": 0.04574989138946687, "error_max": 0.2273030978349229, "target": "195.xyz", "model": "18.xyz", "model_rescale": 3.9405287249114394, "target_rescale": 3.8893632411853116},
{"mapping": [3, 1, 12, 14, 2, 11, 8, 4, 13, 7, 5, 15], "R": [[-0.6729968656608789, 0.5620032725311636, 0.4808612486725207], [0.6910272084595351, 0.7095644516391431, 0.1378393490214774], [-0.2637358829951952, 0.4250536561827285, -0.8658942044998568]], "T": [0.0830934740659556, -0.10232047967427388, 0.019354590559641022], "aligned_model": [[-0.328296097491214, -0.37318973169713887, 0.2808902878527014, 0.17228894874277842, -0.7525968178321496, 0.043655543346314135, -0.027854365743294418, 0.5744264327911355, 0.5875924733421225, 0.5919023528632651, -0.3502354521168749, 0.04715058026833288], [-0.40794264476265457, -0.5765554973089402, -0.4550053776497066, 0.16134453490374678, 0.12396067277316342, 0.5983363676309987, -0.13307920029581355, -0.5924011178719927, 0.2626231920487275, 0.026546474834482303, 0.37356634167116404, -0.08601425325312519], [-0.660926459811942, -0.029901963999523922, -0.35027880269002576, -0.7033236846506589, 0.0951428422043782, -0.14416248452612745, 0.7670287398274516, 0.24974104925492918, -0.2328887870950506, 0.4885372648284227, 0.5456818820445479, 0.013917488914601903]], "inverted": false, "swapped": false, "error_lsq": 0.0410364232942909, "error_max": 0.19477875328401875, "target": "195.xyz", "model": "19.xyz", "model_rescale": 4.410303926677745, "target_rescale": 3.8893632411853116},
{"mapping": [11, 9, 4, 6, 10, 3, 8, 12, 2, 1, 5, 13], "R": [[-0.6144503884657003, -0.05421630287103013, 0.7870904094304204], [0.7040974890161675, 0.4124114468867547, 0.5780687886730276], [-0.3559458471108742, 0.9093829726687048, -0.21523281103203554]], "T": [0.1549783837577982, 0.01488372182672626, -0.011309156955391801], "aligned_model": [[-0.2612199619712709, -0.27996133053125866, 0.4011241558836004, 0.04274086778067024, -0.658881952092921, -0.06006180893881599, -0.09594040641461993, 0.25016796474529146, 0.7965506026694029, 0.5904748491226945, -0.3662144693116845, 0.10695564338488997], [-0.4753430398083174, -0.4858291816113772, -0.29818706616789814, 0.14890850182552184, 0.03612110285694681, 0.6800244102089587, -0.229014091083944, -0.7322591602631114, -0.006419537887547455, 0.2720377273122541, 0.3896576732577064, -0.004317845919142461], [-0.5343674555062172, 0.1730024271985953, -0.59138875113438, -0.564432941954823, 0.09966084071588607, -0.20446266038160432, 0.6732426665050986, 0.04692652542651001, -0.17422013510136597, 0.5430684555884642, 0.5243896560043556, 0.04714845694048367]], "inverted": true, "swapped": false, "error_lsq": 0.045467126969783604, "error_max": 0.23104018142533456, "target": "195.xyz", "model": "20.xyz", "model_rescale": 4.121658175737393, "target_rescale": 3.8893632411853116},
{"mapping": [11, 7, 4, 10, 9, 6, 5, 3, 2, 1, 8, 12], "R": [[0.3164738088510559, 0.3444598694320805, 0.8838505114905685], [-0.7823607506281717, 0.6216743034392145, 0.03785123934419338], [-0.5364289181129492, -0.7034688754978442, 0.4662355166843999]], "T": [0.040497701478468394, -0.02596936002835925, 0.05693865882294483], "aligned_model": [[-0.30541874775801764, -0.26116168699562065, 0.28780876081974066, -0.08745314331382553, -0.6434369273939561, 0.16228168129962303, -0.12029036193651316, 0.3829292223166881, 0.7392990054075631, 0.60333512820907, -0.3370353298984563, 0.04487655356968272], [-0.6035975207727303, -0.6297298893898585, -0.21414167616003402, 0.3472156142423833, 0.05729221997418981, 0.6106136414333043, -0.1420913686977343, -0.6270006107744037, 0.08721578098882998, 0.11689049440459376, 0.40382218287683813, -0.11110937540532878], [-0.5098562963448612, 0.1632066983632727, -0.42530611439503013, -0.6161397897716278, -0.16206775182583008, 0.006389607584669756, 0.7085262644084053, 0.12130318407598203, -0.21706407052301255, 0.43796353866166715, 0.41253835304808134, 0.11907346101928595]], "inverted": false, "swapped": false, "error_lsq": 0.048383523161453175, "error_max": 0.25907858079139473, "target": "195.xyz", "model": "21.xyz", "model_rescale": 4.08911054899281, "target_rescale": 3.8893632411853116},
{"mapping": [3, 2, 13, 12, 15, 9, 1, 0, 7, 6, 11, 16], "R": [[-0.16674638536324238, -0.035361550630313994, 0.9853655178182933], [0.016843696066346524, -0.9993130214160609, -0.03301174232191287], [0.985855939207711, 0.011092608589667749, 0.16722745337880024]], "T": [0.04367757850647293, 0.03140713220129203, 0.04091548839331873], "aligned_model": [[-0.24692168382303603, -0.41930427735666986, 0.2906268030443988, 0.1902496598299508, -0.6794547930762952, -0.10065636423626943, -0.18419519030201015, 0.519982101718464, 0.7045683222692336, 0.6909910669370475, -0.37011603834019186, 0.069964547661356], [-0.43534584189995773, -0.5149973681868684, -0.29382271491208417, 0.23608270288669064, 0.03664889253181239, 0.6562063436274478, -0.30375980981466855, -0.530497036565336, -0.009973363993784345, 0.08432189677231078, 0.37696698257373656, -0.006451190299249385], [-0.6313735515260162, 0.13225963144769273, -0.47867241858197385, -0.6530542816796978, 0.13343097364790932, -0.26947341272285724, 0.7233636574737734, 0.2806593193249136, -0.2185209534431898, 0.40663314443087323, 0.5842903707038438, 0.029024605225731373]], "inverted": true, "swapped": false, "error_lsq": 0.045015286636417844, "error_max": 0.19076730555453403, "target": "195.xyz", "model": "22.xyz", "model_rescale": 4.204369325754507, "target_rescale": 3.8893632411853116},
{"mapping": [3, 1, 12, 14, 2, 11, 8, 4, 13, 7, 5, 15], "R": [[-0.6729968656608789, 0.5620032725311636, 0.4808612486725207], [0.6910272084595351, 0.7095644516391431, 0.1378393490214774], [-0.2637358829951952, 0.4250536561827285, -0.8658942044998568]], "T": [0.0830934740659556, -0.10232047967427388, 0.019354590559641022], "aligned_model": [[-0.328296097491214, -0.37318973169713887, 0.2808902878527014, 0.17228894874277842, -0.7525968178321496, 0.043655543346314135, -0.027854365743294418, 0.5744264327911355, 0.5875924733421225, 0.5919023528632651, -0.3502354521168749, 0.04715058026833288], [-0.40794264476265457, -0.5765554973089402, -0.4550053776497066, 0.16134453490374678, 0.12396067277316342, 0.5983363676309987, -0.13307920029581355, -0.5924011178719927, 0.2626231920487275, 0.026546474834482303, 0.37356634167116404, -0.08601425325312519], [-0.660926459811942, -0.029901963999523922, -0.35027880269002576, -0.7033236846506589, 0.0951428422043782, -0.14416248452612745, 0.7670287398274516, 0.24974104925492918, -0.2328887870950506, 0.4885372648284227, 0.5456818820445479, 0.013917488914601903]], "inverted": false, "swapped": false, "error_lsq": 0.0410364232942909, "error_max": 0.19477875328401875, "target": "195.xyz", "model": "23.xyz", "model_rescale": 4.410303926677745, "target_rescale": 3.8893632411853116},
{"mapping": [15, 5, 14, 9, 4, 10, 0, 13, 11, 7, 3, 16], "R": [[0.7044489942096896, 0.6980780622638907, -0.12821323466338422], [0.6487733699619407, -0.7065870210411618, -0.2825383091271048], [-0.2878276028896176, 0.11585249536401049, -0.9506489732455132]], "T": [0.06429032655491107, -0.09072254102988342, 0.009559810659003142], "aligned_model": [[-0.18954566769113707, -0.43218711949503524, 0.4255978680844263, 0.06722214780854004, -0.5875301954580359, -0.05653914493672861, -0.07086929594046132, 0.5175307084092178, 0.5745736937193696, 0.5592579075324138, -0.36881425111268734, 0.02703750340609621], [-0.4299001911922413, -0.46656914459390203, -0.3816667766734384, 0.10719904135291644, 0.1261010517685888, 0.5152407592648028, -0.14978981922376758, -0.6224712711168928, 0.2108556182466651, -0.09064963664785813, 0.4883812483385769, -0.011351386803399963], [-0.5647571754124612, 0.09816855504152124, -0.4833481951537657, -0.5847788430390458, 0.05430251598491964, -0.19536130536039992, 0.7502545819243619, 0.08703927978826252, -0.21266301817150596, 0.45333676493730735, 0.5446394407856996, 0.0917344829761092]], "inverted": false, "swapped": false, "error_lsq": 0.04304759569614844, "error_max": 0.2345703522442878, "target": "195.xyz", "model": "24.xyz", "model_rescale": 4.28219845311461, "target_rescale": 3.8893632411853116},
{"mapping": [12, 13, 14, 10, 9, 8, 4, 2, 6, 0, 3, 15], "R": [[0.4139039075144183, -0.802913437104221, 0.42896802661944633], [0.8075767468403527, 0.5413411677043037, 0.2340289258004106], [-0.42012302163419835, 0.2495591165756664, 0.8724774461422622]], "T": [-0.1016574793059659, -0.027456705295388795, 0.03542918460788144], "aligned_model": [[-0.43358698501247506, -0.22607066647912738, 0.25247056154949654, 0.2207095632049354, -0.7734544045141099, 0.1783438915140042, 0.013535888107446062, 0.40908346083683056, 0.751715906542331, 0.5756924115154558, -0.4606452708634533, -0.042060202075355844], [-0.48002772592275633, -0.6068363945628922, -0.3750305930503098, 0.22084463871097532, 0.027944082349949953, 0.5591593104902104, -0.147320125919333, -0.47655056376890687, 0.17181880182766032, 0.07921456402749422, 0.3442864358100587, -0.022122937272101212], [-0.4836297472705321, 0.07734566655366995, -0.5424378832593144, -0.6458422380243072, -0.014504049695827498, -0.20834722789257215, 0.7474768104911492, 0.1144128710965458, -0.17490453011157758, 0.4774388425804864, 0.6124735047545734, 0.07908506507870909]], "inverted": true, "swapped": false, "error_lsq": 0.04593544033011155, "error_max": 0.24754145663979074, "target": "195.xyz", "model": "25.xyz", "model_rescale": 4.100010024507729, "target_rescale": 3.8893632411853116},
{"mapping": [9, 7, 10, 4, 5, 6, 3, 8, 0, 1, 2, 11], "R": [[0.6318781258000471, 0.735926084742412, 0.24319299317851395], [0.33561475385913064, 0.02303426424876967, -0.9417176645165968], [-0.6986363654487902, 0.6766699494334167, -0.2324328040666426]], "T": [0.06436219261913248, -0.026764153461239726, 0.056373148773742325], "aligned_model": [[-0.20152349751663864, -0.456742947700446, 0.39105320272886834, -0.11724982783511198, -0.5847472527528162, -0.03862770735284868, -0.048914038799459464, 0.3515216019784767, 0.7318333464689453, 0.6138927373372429, -0.18904344483238486, 0.01428198260215044], [-0.579047778875009, -0.4463799154773469, -0.38645867769735054, 0.286527653334156, 0.171223185975422, 0.5992977128864001, -0.4288916511429505, -0.5389314556164158, 0.1967623893562154, 0.12179688365593114, 0.35140999973004794, -0.05192885340905011], [-0.4946245817295277, 0.16091161870470172, -0.3665868915167453, -0.7403105388047405, -0.2655649068724386, -0.07749902216573176, 0.7517389499572582, 0.23548751775148657, -0.2235511612965484, 0.4748135297489648, 0.6399202155562944, -0.056167645031970866]], "inverted": true, "swapped": false, "error_lsq": 0.04889242431238611, "error_max": 0.25988016735933145, "target": "195.xyz", "model": "26.xyz", "model_rescale": 3.6694154284099745, "target_rescale": 3.8893632411853116},
{"mapping": [12, 6, 11, 9, 7, 8, 0, 2, 10, 4, 5, 13], "R": [[-0.6652656076966844, 0.06030070258801751, 0.7441676534782687], [-0.08190112616146095, 0.9848235818250998, -0.1530186858349842], [-0.7421009882417929, -0.16274623789376083, -0.6502305631866144]], "T": [-0.05006622985371023, -0.010541769520791819, 0.010233077865210436], "aligned_model": [[-0.13556641403740155, -0.38813742942583873, 0.4382653357930848, -0.05910754399581458, -0.5760252067238907, 0.13704540707431118, 0.041785011525576454, 0.3128453075590164, 0.5006472874145989, 0.6073417364719591, -0.39407570553808113, -0.019283631791541668], [-0.6006560443117627, -0.6050626216677998, -0.4713763415485493, 0.19133532336289116, 0.3245709418891744, 0.6002684350304731, -0.18921058803921964, -0.5660661472751787, 0.1335462223886017, 0.20240668700384595, 0.33218861558011037, -0.05656498969253643], [-0.5133962514794422, 0.06891230917109048, -0.5239384755351325, -0.6409408078809621, -0.07459115227911378, -0.0058081743367732214, 0.6399744103815497, 0.15794065362425921, -0.1843022463772599, 0.45520306647595754, 0.6348704634651292, 0.024643289071700266]], "inverted": false, "swapped": false, "error_lsq": 0.04413230404049214, "error_max": 0.22734784423305826, "target": "195.xyz", "model": "27.xyz", "model_rescale": 4.103607728864725, "target_rescale": 3.8893632411853116},
{"mapping": [6, 11, 7, 0, 10, 3, 13, 8, 1, 4, 12, 14], "R": [[-0.49237345438336794, -0.7005841745230847, 0.5164786499231093], [0.23732715652267777, 0.46284286820140846, 0.8540797972859178], [-0.8374032494536012, 0.543100629499637, -0.06162389180868222]], "T": [-0.12383495520559919, -0.05606938915563285, -0.06478062483585448], "aligned_model": [[-0.3691528749458584, -0.3067984039947467, 0.32933867028612324, 0.19273859733340282, -0.6233894491815741, -0.18473498100380492, -0.07305944753984711, 0.4618228189196645, 0.7059206706490072, 0.571397483504252, -0.24294843178784692, 0.004599502087207011], [-0.48183316606055354, -0.6928074697770832, -0.5506162374712841, 0.42478589168532344, 0.030466710678891437, 0.6916408881011508, -0.22827805572706333, -0.563380366610033, 0.1405155470956561, 0.0006264645919079187, 0.5008485917112052, 0.023410694501931936], [-0.4645450396876998, 0.11729141187758471, -0.32961703763275063, -0.48697859463420345, -0.1170499971258407, -0.09219194930532269, 0.5578256359202323, 0.20339939039183294, -0.33995474476099563, 0.5140515818250294, 0.5778296453967575, -0.10149321796362053]], "inverted": true, "swapped": false, "error_lsq": 0.04652807816069054, "error_max": 0.27870641680011754, "target": "195.xyz", "model": "28.xyz", "model_rescale": 4.137296879288765, "target_rescale": 3.8893632411853116},
{"mapping": [7, 9, 10, 5, 4, 6, 1, 8, 3, 2, 11], "R": [[-0.12776039676341916, -0.8749521904250319, 0.4670502601319185], [-0.8512604374135879, -0.14491443322340275, -0.5043366680482068], [0.5089527961543004, -0.46201566154620666, -0.7262978588518215]], "T": [-0.010721590230829064, 0.07570409321701899, -0.01647812622139032], "aligned_model": [[0.5994750266173708, 0.04898816774492158, -0.081345695994043, -0.6347475893076627, -0.038999885380160644, 0.5131312921041086, 0.5264735303439315, -0.30911777602916857, -0.5577497825082203, 0.14417130132174474, 0.01114042179707601], [-0.2674591682603694, -0.7177628703845877, -0.04816501705619977, 0.08479452412652697, 0.6195843397602101, -0.2008413386657416, 0.3848609069181235, -0.37674511284996776, 0.3209004757442002, 0.10549882827806933, 0.014482249037688438], [0.3364880179261581, -0.15734012246751816, -0.826406737650789, -0.23847030518399787, -0.3797965199836288, -0.41028817707942394, 0.09216640547446597, 0.41776151305386333, 0.38419748330577363, 0.6962084813425317, -0.10876601695443647]], "inverted": false, "swapped": true, "error_lsq": 0.0449714365408263, "error_max": 0.24442248318885645, "target": "195.xyz", "model": "29.xyz", "model_rescale": 3.607286011436655, "target_rescale": 3.8893632411853116},
