[{"mapping": [10, 7, 11, 3, 9, 12, 6, 4, 8, 5, 0, 13], "R": [[0.7340944328533066, -0.0333891308365975, 0.6782260166019579], [-0.679022903273842, -0.027611735150918124, 0.7335976342052357], [-0.0057671902470215475, -0.999060938093334, -0.04294160561416559]], "T": [-0.19401614419816882, -0.026505371238458822, 0.005500295591908143], "aligned_model": [[-0.23684100523301735, 0.18951194683587058, 0.38034252179299677, -0.00461280799976857, -0.027084343792622367, -0.5412581178789109, 0.4644516031097602, -0.16421186700251814, 0.5433403072602834, 0.009300453959271315, -0.6475244473412257, -0.12777178124957003], [-0.38942213920476126, -0.6320708167568392, -0.34141037428821314, 0.6298866062406624, 0.47631118946641365, -0.5382835586121556, -0.19693627744485082, -0.3963278262876771, 0.12665925558070018, 0.1939323759671835, 0.1175853258808429, 0.0036312754357516602], [-0.6795862555781398, -0.030836973460333345, -0.5182122877805251, 0.017222203807513204, -0.6146973610976312, 0.08201369350849519, 0.5355976105883252, 0.7112732198849128, -0.03590196375315694, 0.4699267590161935, 0.3418842854217921, -0.09673118520388363]], "inverted": false, "swapped": true, "error_lsq": 0.04161015794432786, "error_max": 0.23057313277327976, "target": "196.xyz", "model": "0.xyz", "model_rescale": 3.751011558992144, "target_rescale": 4.039191053964062},
{"mapping": [0, 4, 1, 6, 3, 7, 12, 13, 11, 10, 5, 9, 2, 14], "R": [[0.19195878282181308, 0.9080886328133142, 0.3721919674748686], [-0.6564993604567639, -0.16308276098893512, 0.7364866616498127], [0.729493259336526, -0.3857188717491945, 0.5648544383813413]], "T": [-0.019525142210434526, 0.04682216954365148, 0.05341115579412226], "aligned_model": [[-0.2852886905675397, -0.655673532276258, -0.6328693498131243, -0.2979297376687463, 0.3347635682422927, -0.08727002998895492, 0.5400986680657114, 0.6113310502302072, 0.3082911177306059, -0.033108405697108184, 0.22691201486653204, 0.5122714241550264, 0.09519298367183157, 0.02863026393391957], [-0.5634658572996687, 0.48977683522757853, -0.2745870525127496, -0.15907033066266069, -0.5360911192339302, -0.5468879043544942, -0.37312580194386064, 0.05387544112694087, 0.04047192834447566, 0.7320616335619794, 0.49340484371483184, 0.414030973315235, -0.02634306303916578, 0.04038368635717114], [-0.3104882522238252, 0.21051099626288067, 0.1320911685874853, 0.7196130057289811, -0.29024200791170207, 0.3408063577877849, 0.30329111956221394, -0.3064122927467518, 0.7808911645102768, 0.5036512251280132, -0.30703119706907844, 0.1820180287397093, -0.7622019279185356, 0.07877678680731022]], "inverted": false, "swapped": false, "error_lsq": 0.05055766655499821, "error_max": 0.2958186587224174, "target": "196.xyz", "model": "1.xyz", "model_rescale": 3.9405287249114394, "target_rescale": 4.039191053964062},
{"mapping": [9, 1, 10, 5, 0, 11, 3, 2, 4, 7, 6, 8, 13], "R": [[0.7610808012529033, 0.645629765409856, 0.06259568660102313], [0.6170091854934552, -0.690794443968928, -0.3769651193391279], [-0.20013914904621236, 0.3255230286761206, -0.9241098846027911]], "T": [-0.004302157239647053, -0.06045416318773644, -0.1385671321863466], "aligned_model": [[-0.2597619910395836, 0.2750775769181781, -0.6035829918833746, 0.2884354683281841, 0.5483253590094161, -0.8326085665097847, 0.21434070179384457, 0.7560829130745572, 0.2579266918057168, -0.5462301836555938, -0.12356393147143578, -0.3838227335693683, -0.09463503351682473], [0.6787435357254539, 0.5853000130625372, 0.1849556580424544, -0.2825295489328872, -0.0994628455424145, -0.03196781925436454, 0.33357801369214707, 0.19884833206050956, -0.813179717811362, -0.5290466777255083, -0.6933648987454938, -0.09022201731515864, 0.017180566316104096], [0.09308538410748235, -0.37129517040018567, -0.5669625484320329, 0.274481999311654, -0.31930796768080766, -0.010407354179102324, 0.3750430300682677, 0.09006526097737644, -0.11825373739905115, -0.18168061087165674, 0.43487010188931524, 0.5125442972156673, -0.09906233501828289]], "inverted": true, "swapped": true, "error_lsq": 0.04800685777938963, "error_max": 0.27453215988597346, "target": "196.xyz", "model": "2.xyz", "model_rescale": 3.932901565614263, "target_rescale": 4.039191053964062},
{"mapping": [8, 7, 9, 5, 11, 13, 10, 1, 6, 4, 0, 2, 3, 13], "R": [[-0.8300863276399825, -0.01819708319711072, 0.5573379179889748], [0.5228620089637852, 0.3220181182689882, 0.7892525901692402], [-0.19383500263761005, 0.9465586076253374, -0.2577882737497194]], "T": [0.031605527162821195, -0.047082663762803116, 0.027522389767062116], "aligned_model": [[-0.43015616493304076, -0.6249289067081406, -0.5575836051595878, -0.25772621810270857, 0.22681691507101961, 0.04080356062442784, 0.4929463352821932, 0.7376546814922271, 0.34641455742930993, -0.07291735160805937, 0.2159908444955605, 0.5353728746236931, -0.02813973824692649, 0.04080356062442784], [-0.4313817389948338, 0.2323585527576016, -0.39127435028600344, 0.002887184613462719, -0.8139694210834397, -0.09716741795220896, -0.5339392250842816, 0.07827600778942834, -0.004690903516281014, 0.7390750609615239, 0.5375203992344605, 0.5445736295510517, 0.019333852563410962, -0.09716741795220896], [-0.3942323802361724, 0.052375779847177985, 0.2998846277339417, 0.6837158376843073, -0.386586187594748, 0.13159660096545472, 0.2790791184849053, -0.1583496523736102, 0.6323285354101373, 0.39393391279478074, -0.2430171500960222, 0.32812369281255244, -0.47517516115339686, 0.13159660096545472]], "inverted": true, "swapped": false, "error_lsq": 0.05043422969318775, "error_max": 0.4099058316539407, "target": "196.xyz", "model": "3.xyz", "model_rescale": 3.9243930471874484, "target_rescale": 4.039191053964062},
{"mapping": [12, 7, 4, 0, 5, 10, 1, 6, 8, 11, 3, 9, 13], "R": [[-0.21738990459296764, -0.9563516879684651, 0.1952769272108919], [0.663925749587187, 0.0017740620902947646, 0.7477963972491389], [-0.715502780159625, 0.2922127677285292, 0.6345608481148836]], "T": [0.04136302815674359, -0.19480233215890133, -0.07186740764156088], "aligned_model": [[-0.050114446279178375, -0.18338984838484132, 0.5934706064213022, 0.40390771844820006, 0.5527016076909818, -0.7236686296221949, -0.14010992464958125, 0.49314595545783896, 0.054226651943761604, -0.5524456438172924, 0.2616422806407303, -0.3864539359627278, -0.045706505575646296], [-0.5930268142187507, 0.12881576905758738, -0.22791481879558814, -0.6444229709362472, 0.01142050408993514, -0.247016296149689, -0.6226934123158713, 0.4233991336366715, 0.5550260174832657, 0.36537811111410423, 0.057254507933865634, 0.04373197980413859, -0.12212215702183427], [-0.5423961899460398, -0.671768375795123, -0.646195840782795, 0.005519460474521121, -0.03152663053458235, -0.1938772283455078, 0.5053592572791474, -0.4685395212177226, 0.008507089252037331, -0.26400548348920627, 0.5237884118396188, 0.580367120957491, -0.018161754320874912]], "inverted": false, "swapped": true, "error_lsq": 0.05245798609394095, "error_max": 0.36097543214820776, "target": "196.xyz", "model": "4.xyz", "model_rescale": 3.8936222436046832, "target_rescale": 4.039191053964062},
{"mapping": [4, 7, 12, 0, 10, 11, 8, 9, 2, 5, 1, 13], "R": [[0.7653658206230698, 0.5870589865253658, -0.26377434856669735], [0.6340389390347067, -0.7581316942374083, 0.15241705278760864], [-0.1104978932365622, -0.28389801079353744, -0.9524663432677052]], "T": [-0.047143415976639735, -0.02627594998417918, -0.07301162353179477], "aligned_model": [[0.08133550597180073, -0.6492679820691272, -0.24992463102962287, 0.4177074920118155, -0.6933724742209154, -0.7890745747464414, -0.22733843014033703, -0.10049968293506806, 0.7789130732682081, 0.30895108472764404, 0.2586027359234262, -0.10848407454628531], [-0.6814759445371047, -0.40731580941696865, -0.029538655405092918, 0.034722643941688655, 0.40300704330888837, -0.06996540455330308, -0.3878162846688482, 0.48769674447384564, 0.08042200562957574, -0.428458373242215, 0.6479153914023258, 0.019729548177015877], [-0.508876852261615, -0.1589088584793614, -0.6622631275544132, -0.41910251262202836, -0.10447982554418242, 0.31552060850757746, 0.5639235613666148, 0.5581151713333322, -0.010224417456060259, 0.05763440357451563, -0.038382768924750336, 0.026329337335888964]], "inverted": true, "swapped": true, "error_lsq": 0.04342927655064956, "error_max": 0.22330204060206243, "target": "196.xyz", "model": "5.xyz", "model_rescale": 3.6523030999806103, "target_rescale": 4.039191053964062},
{"mapping": [2, 1, 9, 3, 8, 0, 10, 5, 12, 7, 11, 6, 13], "R": [[0.12453449339495015, -0.2843768496597959, 0.9505897997203805], [0.41755178509660296, 0.884104549928358, 0.2097847743727269], [-0.900078700290982, 0.3707950271693856, 0.2288435734490945]], "T": [-0.039341862185550275, -0.10584049096420312, 0.014814333955486985], "aligned_model": [[0.23271156447840421, -0.2080109718976628, 0.2467535276306346, 0.5121099710045127, 0.5954703580147116, -0.20646540341968736, -0.46269694396741823, 0.3617264657295044, -0.5973262952688224, -0.13802486002193337, 0.06643637549440477, 0.47444163631474734, 0.003957480572899387], [-0.6818032643781937, -0.0762688346239198, 0.4415821246274979, -0.1380255571474464, 0.2167701548599375, -0.6191450849877979, 0.5450485856997149, -0.47006765211085483, -0.2410545302099471, 0.1807595698348779, 0.65204842502197, -0.2777750626387153, 0.008758030216060336], [0.5551381508321257, 0.7358483694516238, 0.5475560733879957, 0.4169666088220471, -0.23378957345602974, 0.23430058489054395, 0.014942384303602263, -0.09520907643827804, -0.2275051606080653, -0.6357590851358951, -0.32832304900674714, -0.6560766043745947, 0.042020116813460864]], "inverted": false, "swapped": true, "error_lsq": 0.0477016433047769, "error_max": 0.27023004292829156, "target": "196.xyz", "model": "6.xyz", "model_rescale": 4.08911054899281, "target_rescale": 4.039191053964062},
{"mapping": [2, 1, 0, 3, 7, 6, 5, 12, 4, 9, 11, 10, 13, 14], "R": [[0.27855612016004494, -0.9157552035984917, -0.2894803879430652], [0.396758278079484, 0.38421122804898555, -0.8336453688568619], [0.8746366998341573, 0.11736327928008547, 0.4703578467293164]], "T": [0.11477503481612929, 0.024875847008411202, 0.10918752308292265], "aligned_model": [[-0.42537094944371434, -0.5071391175587843, -0.7509351437623631, -0.27329812262077546, 0.24467187443069865, -0.12602123110349678, 0.7753219080877386, 0.6328682989664943, 0.39154763794908554, -0.3359284297493175, 0.20723879745224238, 0.7107558179394814, 0.09579833377067525, 0.025841670526430563], [-0.43018748623798914, 0.268126808932121, -0.21162668644586996, -0.10491670891749041, -0.6701542253620654, -0.3819244142684053, -0.3427052388563165, 0.13671765856275428, -0.22333877173207153, 0.6003300030622589, 0.5486178245734277, 0.4175865651347125, 0.014332314016506288, 0.1635765701401104], [-0.2797844832541593, -0.19412389354094564, 0.3907343601796831, 0.7866862708079251, -0.20600919976851814, 0.26941758330182763, 0.20438837974364854, -0.3673339316716979, 0.7080497099846995, 0.39251808835403357, -0.139158720078948, 0.20848554178613685, -0.6225386832819331, 0.1239431526830102]], "inverted": true, "swapped": false, "error_lsq": 0.050139667369405894, "error_max": 0.28764556124242074, "target": "196.xyz", "model": "7.xyz", "model_rescale": 3.964800864290218, "target_rescale": 4.039191053964062},
{"mapping": [10, 5, 3, 0, 11, 6, 4, 12, 2, 1, 8, 7, 9, 13], "R": [[0.8550744348267567, 0.5182387317941253, 0.016623109640470694], [0.5185052633901741, -0.8546316470953825, -0.027514352976573363], [-5.236782083268936e-05, 0.032145989663563364, -0.9994831827530473]], "T": [0.037482126295805475, -0.03480978099723626, 0.15697902247415174], "aligned_model": [[-0.4379942813959335, -0.6410141562991662, -0.5961812346839361, -0.2180131278883705, 0.3026283660190128, -0.04344872492296944, 0.5236589333679967, 0.6960979587751263, 0.42839002469028625, -0.029974280901387908, -0.00862073352570232, 0.48637818459086746, 0.18561404936845124, 0.0178303676901214], [-0.16787949953094, 0.32526901343018433, -0.2804485751312837, -0.06736341930137787, -0.6587012035058399, -0.5960474815796674, -0.5179470748718078, 0.046375483372285774, -0.002025200253693106, 0.6239234146047561, 0.5449511889641909, 0.5155619655697826, 0.011877932459298128, 0.0068876683757942495], [-0.49979235993006943, -0.1732584364503017, 0.41014897225223157, 0.825426333969433, -0.32008521740818763, 0.2793238791069032, 0.3160509010274876, -0.20400446100589797, 0.6905752312241504, 0.5100230725761583, -0.3458224546845218, 0.20633927358410836, -0.5136430153143587, 0.09399245629762751]], "inverted": false, "swapped": false, "error_lsq": 0.04749027641929314, "error_max": 0.32409976897487797, "target": "196.xyz", "model": "8.xyz", "model_rescale": 4.121658175737393, "target_rescale": 4.039191053964062},
{"mapping": [7, 11, 8, 6, 10, 12, 9, 0, 3, 1, 4, 5, 13], "R": [[0.3914507447013604, 0.32372443561677017, -0.8613761108002441], [-0.455778229763707, 0.8813967125398332, 0.12412107152871486], [0.7993950961484643, 0.3440091930582357, 0.49256994969771517]], "T": [-0.06227743217039084, -0.04249508058911043, 0.08192235046691487], "aligned_model": [[-0.5038069110298926, -0.32227078178834767, 0.2914875129672919, 0.1388161212134251, -0.6022668180332618, -0.6110211826005935, 0.26591227361807646, 0.02594825336693104, 0.5944926130268089, 0.0939826298473504, -0.18465711232825843, 0.33420778213358776, -0.044086883957920486], [0.2605472712701759, -0.22588358993341978, 0.06965004056482958, 0.6741004429908275, -0.5230655280132678, 0.12044972638647954, -0.7327451434861512, 0.0735099878679125, -0.22607640616194713, -0.644551664233782, 0.728361342518834, 0.3416843080957046, -0.12559334845448594], [-0.39592778798437117, -0.6940286923975508, -0.5746916319367721, -0.3536024706101233, -0.2015377701952628, 0.3282503587433368, -0.20300258833981688, 0.6461431858971953, 0.03934935871347067, 0.484817491765426, 0.2449436763741997, 0.11069823544534252, -0.010335931515985303]], "inverted": true, "swapped": true, "error_lsq": 0.044579101354058966, "error_max": 0.2945045969951589, "target": "196.xyz", "model": "9.xyz", "model_rescale": 3.833441315466971, "target_rescale": 4.039191053964062},
{"mapping": [0, 5, 1, 6, 10, 12, 11, 8, 7, 4, 2, 9, 13, 14], "R": [[-0.34783625835032755, -0.7560189727395549, -0.5544774569219859], [0.9341943227477137, -0.3295120221985132, -0.1367581608994045], [-0.07931522377693406, -0.5655591393342301, 0.8208848611058315]], "T": [0.03680007538833556, -0.03220388523098862, 0.16592365877048051], "aligned_model": [[-0.3492721487272733, -0.4451725340840594, -0.6472915344382828, -0.3582288074431457, 0.3447482545094183, -0.10663623438306886, 0.5527967932891684, 0.7164203546186498, 0.542130835451711, -0.36598284326597796, 0.15776339725955563, 0.6686776141377142, -0.13956416966265067, 0.09496236762263686], [-0.3242423145991863, 0.34670323495775845, -0.3108089134831513, -0.06321748205629558, -0.6274960331477426, -0.5553481258972766, -0.4234819832342218, -0.09946122464852847, 0.09676465264641566, 0.5145660470088762, 0.5563043072516819, 0.4515102848946657, 0.17994092210195972, 0.0427008408067274], [-0.31312201258273165, -0.11967571002372998, 0.16853909587782842, 0.7174849940594806, -0.3100483163756801, 0.4281567341206879, 0.3803669337457317, -0.20977846889201177, 0.580558336472855, 0.5839202397720065, -0.22863462218468414, 0.008883841601739356, -0.5821249861744301, 0.17074811582770122]], "inverted": true, "swapped": false, "error_lsq": 0.047587098913482825, "error_max": 0.32852635204466574, "target": "196.xyz", "model": "10.xyz", "model_rescale": 4.2482417240324, "target_rescale": 4.039191053964062},
{"mapping": [10, 12, 0, 4, 9, 3, 1, 5, 7, 8, 11, 13], "R": [[-0.06706637992814474, -0.9966722842166145, 0.046329888385037266], [-0.23201242589419185, 0.06074008864972852, 0.9708145424649939], [-0.970398029116932, 0.05435990714910566, -0.23531397234485402]], "T": [0.050826053876688634, 0.00876885783871157, 0.0361779053756666], "aligned_model": [[-0.6697530528007016, 0.06673547402785407, 0.3936467099899238, 0.7133312864092068, -0.5093263744732248, 0.13567348070811816, -0.24489392523110542, 0.5392699381272891, -0.04418991786267473, 0.037467248177447385, -0.4946402077514544, -0.04655505695767158], [-0.25786165149207035, -0.6120005271427658, -0.12058233517839967, -0.36907539898444247, 0.5890433178630813, 0.6694328768521427, 0.19264652317933215, 0.2520267705443827, -0.3267949851438799, 0.5043243146412839, 0.06751430423909605, 0.07745818067287896], [-0.07589374269758004, 0.08852733171557586, 0.4893096359320618, -0.19640089485272436, 0.15802478110923013, 0.18844550907177846, 0.6903587136534677, -0.05253815434560268, -0.5911119597883123, -0.5322536367104606, -0.5981275715675666, -0.0031477216655111315]], "inverted": false, "swapped": true, "error_lsq": 0.036848661523123175, "error_max": 0.2041539064590818, "target": "196.xyz", "model": "11.xyz", "model_rescale": 3.6694154284099745, "target_rescale": 4.039191053964062},
{"mapping": [12, 7, 10, 10, 1, 2, 3, 4, 8, 9, 6, 11, 0, 13], "R": [[-0.9397522810850053, -0.024281744968373875, 0.34099273754263465], [-0.26351498320850586, 0.6868780161189734, -0.6773170930938361], [-0.21777397415703784, -0.7263669787605671, -0.6518937860925625]], "T": [-0.0025819143518458, 0.056021060282031195, -0.008683510298208477], "aligned_model": [[-0.4887419515320872, -0.5705180401178347, -0.48509318577251365, -0.48509318577251365, 0.30554095556804195, 0.02464960922816551, 0.6859172577641695, 0.7086069628405586, 0.3229546985867429, -0.13112592955815108, 0.11964702801408916, 0.43868072185489665, 0.16930579362046033, 0.05062061016037125], [-0.37629840129549996, 0.5208262632133956, -0.07735916944405072, -0.07735916944405072, -0.7019160683659769, -0.5125833975355253, -0.40046183160816773, 0.013128359381104411, -0.0578683184895794, 0.45285440773833857, 0.5059603833829596, 0.5740510811977432, -0.0826465125746425, 0.004106586445634705], [-0.20494048891733613, 0.1078068277019719, 0.3823681161894851, 0.3823681161894851, -0.22562843453177184, 0.31109920978815075, 0.23388845842539174, -0.20880658972065502, 0.6648541459249443, 0.6773820823322277, -0.3287921240986704, 0.27760451289699534, -0.6883626879338961, -0.10556696900155961]], "inverted": true, "swapped": false, "error_lsq": 0.0539452331740236, "error_max": 0.3914445339556407, "target": "196.xyz", "model": "12.xyz", "model_rescale": 3.9764082729961374, "target_rescale": 4.039191053964062},
{"mapping": [1, 0, 2, 7, 10, 8, 11, 13, 3, 4, 6, 14, 12, 15], "R": [[0.17190610234496964, 0.2577346304079047, 0.9508002693863006], [0.7378599640437563, 0.605793214978522, -0.29761931077692705], [-0.6526951550593184, 0.7527200282804272, -0.08603251471162135]], "T": [-0.013212034339812467, 0.08049658095568196, -0.02795004520164339], "aligned_model": [[-0.29185373913406454, -0.7031589721792465, -0.584362752844907, -0.3991904797896695, 0.22207435151125623, 0.053159097722144194, 0.6229906386125696, 0.5040582600746036, 0.31179343585562036, -0.24231713670182242, 0.4036687200902408, 0.7213663485739045, 0.04009592572283119, 0.007027647370935655], [-0.4383321589594313, 0.24641231689496967, -0.39124410805025434, 0.14720766119114503, -0.652544124255449, -0.5150293405355857, -0.3558565651591347, 0.14378153571605148, -0.07118740621292197, 0.6730834773060281, 0.7189468480443333, 0.2500210465104613, -0.10373644133048848, 0.13291147144195914], [-0.2656433712510809, 0.12552022891023118, 0.26786593305754075, 0.618272803624456, -0.25911781997783273, 0.34701206796359335, 0.16016372237892595, -0.34874125955188134, 0.7335004520030614, 0.30703554273429295, -0.07538946698870602, 0.23750069318366307, -0.6365796450746128, 0.0638742942331115]], "inverted": false, "swapped": false, "error_lsq": 0.05046458329210365, "error_max": 0.281212329382664, "target": "196.xyz", "model": "13.xyz", "model_rescale": 4.170626492500431, "target_rescale": 4.039191053964062},
{"mapping": [6, 4, 5, 12, 3, 11, 9, 1, 10, 8, 0, 7, 2, 13], "R": [[0.11402599471020662, -0.9625159847448588, 0.246091551340112], [0.8912370156686187, -0.010346425300611403, -0.4534198202390291], [0.438969992633258, 0.27102754582170036, 0.8566501123407526]], "T": [0.05563680250802677, 0.027361097638268973, 0.02768843777566092], "aligned_model": [[-0.4797040897209655, -0.5217260385130036, -0.6458337426956435, -0.375510192518635, 0.24974804469840528, 0.02066715195702784, 0.6491084918347414, 0.801536071311451, 0.23922786487698133, -0.06596098891277723, 0.3404534688735754, 0.5932624215408138, -0.14828120901265232, 0.008364091165075999], [-0.5587581720571878, 0.4377245409682196, -0.45185375924292737, 0.07530751040934633, -0.48056261326592364, -0.6348581774775712, -0.40701528402449233, 0.02224254402250709, 0.044784067549636715, 0.6276363282521161, 0.43927108649588564, 0.5701872735629105, 0.15995888690398657, -0.059630019494823765], [-0.25045468694472167, -0.00860377598337593, 0.3525145812928154, 0.61719630996062, -0.3963492185551253, 0.2724381187489725, 0.36741619861533875, -0.15784471587280624, 0.5609042167174844, 0.4477359558471274, -0.2964535591448498, 0.2992178825499811, -0.5836767870250642, 0.05123365503836623]], "inverted": false, "swapped": false, "error_lsq": 0.05266180535008665, "error_max": 0.3211377785713068, "target": "196.xyz", "model": "14.xyz", "model_rescale": 3.9786697098870705, "target_rescale": 4.039191053964062},
{"mapping": [12, 10, 4, 0, 7, 6, 9, 8, 5, 1, 11, 13], "R": [[-0.21850796146223567, -0.9737960366438596, 0.06305196106648234], [0.9310451093628598, -0.1886922109509111, 0.31233036012843446], [-0.29224865287819346, 0.12695089028111595, 0.9478787877928871]], "T": [0.08525692875430962, -0.1352344920818159, -0.021914122867440804], "aligned_model": [[0.07577812128044686, -0.6570054590647953, 0.6864105409459518, 0.48255623775285733, -0.11683299369048467, 0.5064047048641349, -0.4200534765208404, 0.016196073062692995, 0.5679390288325095, -0.10287501229086829, -0.5421454188475587, -0.013017749556709132], [-0.23170385569144686, -0.14573555087033835, 0.1585703418584349, -0.5443533914824777, 0.44532294944256445, 0.616227856411126, -0.290049765175, 0.46160406515144137, 0.039201004110964194, -0.8085675882131521, 0.4190090682465143, -0.10485064356419224], [-0.637504908626594, -0.24955947683108418, -0.4555792217227302, -0.14175186255056493, -0.3923684694166294, 0.01769043339496164, 0.5993985831081056, 0.4340271247794399, 0.18354299514086528, 0.2239369421829089, 0.02816859057527993, 0.04996576383987185]], "inverted": false, "swapped": true, "error_lsq": 0.05093186391217083, "error_max": 0.3234608184543216, "target": "196.xyz", "model": "15.xyz", "model_rescale": 3.769337070930944, "target_rescale": 4.039191053964062},
{"mapping": [8, 4, 9, 3, 11, 7, 10, 12, 1, 2, 13], "R": [[-0.2995757939319975, -0.6634960739112518, 0.6855853729437118], [0.4282923701638174, -0.7356380217768815, -0.5247879062780089], [0.8525373829630425, 0.1364172306585617, 0.5045496505102106]], "T": [-0.032223534186098905, -0.04548552752336398, 0.07183054351496827], "aligned_model": [[-0.31395750226334795, -0.22046291706013085, -0.04728825775318606, -0.5659569470922433, 0.3751450856737849, 0.32721360645923725, 0.6773596133925996, 0.3828445471980682, -0.010130803320681565, -0.6753089371655544, -0.006831357377375127], [0.09867397726027766, -0.8202628790817135, 0.7551936576984942, 0.37913490537276157, 0.1532450050620547, -0.40849039894143274, 0.2331484344877599, -0.4446078620633634, 0.4930797781432431, 0.10437185970810633, 0.052578019979154185], [-0.6127949708408083, 0.07946952972510853, -0.08315897072782723, 0.030750293894056382, -0.6337790447839111, -0.4323084331489275, -0.07561776496675719, 0.3100910129708831, 0.5804297516826287, 0.5833771575878052, -0.0022409541684733775]], "inverted": true, "swapped": true, "error_lsq": 0.046369158907947655, "error_max": 0.26829028670764954, "target": "196.xyz", "model": "16.xyz", "model_rescale": 3.7852294659196426, "target_rescale": 4.039191053964062},
{"mapping": [9, 0, 12, 1, 3, 5, 6, 4, 10, 11, 8, 7, 13], "R": [[0.4787235940144013, 0.6759049133288721, -0.5603358534591777], [0.8466393714630218, -0.18643362497971186, 0.4984418503352464], [0.23243385128383223, -0.7130182687805513, -0.6614978859849451]], "T": [-0.026441814955856145, -0.05757370842411681, 0.044029149855320686], "aligned_model": [[-0.008914130382811046, -0.3319768129305587, 0.32757465664959556, -0.11656572645496913, -0.5392370434614041, -0.5069508202590007, -0.2781663412737197, -0.21038324465329267, 0.6977006293798212, 0.5243445901683237, -0.1527062759784851, 0.43476869730676176, 0.014277672106021926], [-0.09818295421277558, -0.471164070286999, -0.2762523015567688, -0.6726030726872678, -0.006732966977666635, 0.16809568913131523, 0.6979536246422617, 0.15958979765851194, -0.13446282567258272, 0.47762640089484654, 0.6166793265487455, 0.4306088288032021, -0.01609985258194803], [-0.7704519871263124, 0.31821426290236654, 0.5079259187118157, -0.3594933321005095, -0.4046552911779834, 0.19832366770269222, 0.37485061717746126, 0.7888633098732731, -0.22539971969679995, -0.2929027231440998, -0.26951226241342296, 0.29718202119004367, -0.06718978475535062]], "inverted": false, "swapped": true, "error_lsq": 0.03908675641317032, "error_max": 0.24016839843491972, "target": "196.xyz", "model": "17.xyz", "model_rescale": 3.901054581598922, "target_rescale": 4.039191053964062},
{"mapping": [0, 4, 1, 6, 3, 7, 12, 13, 11, 10, 5, 9, 2, 14], "R": [[0.19195878282181308, 0.9080886328133142, 0.3721919674748686], [-0.6564993604567639, -0.16308276098893512, 0.7364866616498127], [0.729493259336526, -0.3857188717491945, 0.5648544383813413]], "T": [-0.019525142210434526, 0.04682216954365148, 0.05341115579412226], "aligned_model": [[-0.2852886905675397, -0.655673532276258, -0.6328693498131243, -0.2979297376687463, 0.3347635682422927, -0.08727002998895492, 0.5400986680657114, 0.6113310502302072, 0.3082911177306059, -0.033108405697108184, 0.22691201486653204, 0.5122714241550264, 0.09519298367183157, 0.02863026393391957], [-0.5634658572996687, 0.48977683522757853, -0.2745870525127496, -0.15907033066266069, -0.5360911192339302, -0.5468879043544942, -0.37312580194386064, 0.05387544112694087, 0.04047192834447566, 0.7320616335619794, 0.49340484371483184, 0.414030973315235, -0.02634306303916578, 0.04038368635717114], [-0.3104882522238252, 0.21051099626288067, 0.1320911685874853, 0.7196130057289811, -0.29024200791170207, 0.3408063577877849, 0.30329111956221394, -0.3064122927467518, 0.7808911645102768, 0.5036512251280132, -0.30703119706907844, 0.1820180287397093, -0.7622019279185356, 0.07877678680731022]], "inverted": false, "swapped": false, "error_lsq": 0.05055766655499821, "error_max": 0.2958186587224174, "target": "196.xyz", "model": "18.xyz", "model_rescale": 3.9405287249114394, "target_rescale": 4.039191053964062},
{"mapping": [13, 7, 4, 0, 14, 12, 3, 10, 1, 8, 5, 2, 11, 15], "R": [[-0.7845082755470569, 0.6199310191824519, -0.015241294354142954], [-0.30262818923742035, -0.3612850302468862, 0.8819803319793399], [0.5412605146110911, 0.6965333146195615, 0.47103969784724486]], "T": [-0.03232104690775907, -0.044281544338636715, 0.09974893413258117], "aligned_model": [[-0.31069096065671503, -0.6879525633169757, -0.6218610785623372, -0.22871865152704474, 0.26716415296329177, -0.06225714428485084, 0.622294692894994, 0.67186260293829, 0.3385507192993985, -0.3006899498659656, 0.13937987849123518, 0.6808900333462761, 0.15413389613676637, 0.003245717028032828], [-0.3442948241248298, 0.17684661735918997, -0.2285722886649317, 0.15133873085748198, -0.596698796345791, -0.5591344550763052, -0.5443595668576596, -0.07896122544334636, -0.054825423710323874, 0.618405841979694, 0.7442039192905164, 0.45195400897680316, 0.07649250865058893, -0.027960834289404258], [-0.43300998737253743, -0.030155645218700358, 0.4910857471829986, 0.7289030859808802, -0.35289083082322387, 0.28459852863625446, 0.3161485632217343, -0.24785248121910947, 0.6455166352817214, 0.34692440920149875, -0.1004312562497743, 0.11988630341553581, -0.5857154225181748, 0.09226652572565927]], "inverted": true, "swapped": false, "error_lsq": 0.04560573795801148, "error_max": 0.28748763471630356, "target": "196.xyz", "model": "19.xyz", "model_rescale": 4.410303926677745, "target_rescale": 4.039191053964062},
{"mapping": [10, 5, 3, 0, 11, 6, 4, 12, 2, 1, 8, 7, 9, 13], "R": [[0.8550744348267567, 0.5182387317941253, 0.016623109640470694], [0.5185052633901741, -0.8546316470953825, -0.027514352976573363], [-5.236782083268936e-05, 0.032145989663563364, -0.9994831827530473]], "T": [0.037482126295805475, -0.03480978099723626, 0.15697902247415174], "aligned_model": [[-0.4379942813959335, -0.6410141562991662, -0.5961812346839361, -0.2180131278883705, 0.3026283660190128, -0.04344872492296944, 0.5236589333679967, 0.6960979587751263, 0.42839002469028625, -0.029974280901387908, -0.00862073352570232, 0.48637818459086746, 0.18561404936845124, 0.0178303676901214], [-0.16787949953094, 0.32526901343018433, -0.2804485751312837, -0.06736341930137787, -0.6587012035058399, -0.5960474815796674, -0.5179470748718078, 0.046375483372285774, -0.002025200253693106, 0.6239234146047561, 0.5449511889641909, 0.5155619655697826, 0.011877932459298128, 0.0068876683757942495], [-0.49979235993006943, -0.1732584364503017, 0.41014897225223157, 0.825426333969433, -0.32008521740818763, 0.2793238791069032, 0.3160509010274876, -0.20400446100589797, 0.6905752312241504, 0.5100230725761583, -0.3458224546845218, 0.20633927358410836, -0.5136430153143587, 0.09399245629762751]], "inverted": false, "swapped": false, "error_lsq": 0.04749027641929314, "error_max": 0.32409976897487797, "target": "196.xyz", "model": "20.xyz", "model_rescale": 4.121658175737393, "target_rescale": 4.039191053964062},
{"mapping": [2, 1, 9, 3, 8, 0, 10, 5, 12, 7, 11, 6, 13], "R": [[0.12453449339495015, -0.2843768496597959, 0.9505897997203805], [0.41755178509660296, 0.884104549928358, 0.2097847743727269], [-0.900078700290982, 0.3707950271693856, 0.2288435734490945]], "T": [-0.039341862185550275, -0.10584049096420312, 0.014814333955486985], "aligned_model": [[0.23271156447840421, -0.2080109718976628, 0.2467535276306346, 0.5121099710045127, 0.5954703580147116, -0.20646540341968736, -0.46269694396741823, 0.3617264657295044, -0.5973262952688224, -0.13802486002193337, 0.06643637549440477, 0.47444163631474734, 0.003957480572899387], [-0.6818032643781937, -0.0762688346239198, 0.4415821246274979, -0.1380255571474464, 0.2167701548599375, -0.6191450849877979, 0.5450485856997149, -0.47006765211085483, -0.2410545302099471, 0.1807595698348779, 0.65204842502197, -0.2777750626387153, 0.008758030216060336], [0.5551381508321257, 0.7358483694516238, 0.5475560733879957, 0.4169666088220471, -0.23378957345602974, 0.23430058489054395, 0.014942384303602263, -0.09520907643827804, -0.2275051606080653, -0.6357590851358951, -0.32832304900674714, -0.6560766043745947, 0.042020116813460864]], "inverted": false, "swapped": true, "error_lsq": 0.0477016433047769, "error_max": 0.27023004292829156, "target": "196.xyz", "model": "21.xyz", "model_rescale": 4.08911054899281, "target_rescale": 4.039191053964062},
{"mapping": [4, 2, 3, 14, 7, 13, 10, 6, 5, 15, 1, 8, 0, 16], "R": [[-0.3705837992012135, 0.6655599761582528, -0.647840694851613], [-0.885320164289776, -0.04221254058938437, 0.46306188368177476], [0.2808484546361589, 0.7451496625196952, 0.6048769511026733]], "T": [0.08354226192131833, 0.014184819986751146, 0.19349363845805417], "aligned_model": [[-0.42073577163327824, -0.5068406626379786, -0.70770265862936, -0.3423215186233741, 0.3322740321089517, -0.22193084629307627, 0.6794389595354028, 0.6769212720337817, 0.6549905343144111, -0.3038640905846236, 0.04717386058787652, 0.5928314574261659, 0.11595067128834005, 0.0691661059911562], [-0.10428398259328554, 0.37371793408171927, -0.33931942010109306, -0.13919936340102343, -0.591890947786708, -0.5449243220951369, -0.4734298655542986, -0.08728516407481896, 0.09894962467116848, 0.52553424737523, 0.6992689331087967, 0.45467641659696767, -0.07664113141696172, -0.010738746208873466], [-0.2733692895597105, -0.014923663201954263, 0.25045898965634195, 0.6483957363359505, -0.08327496204888901, 0.01795699434483794, 0.4348946604779871, -0.24601668137967891, 0.598451480478591, 0.5398245481985651, -0.20567484551615584, 0.028104138434985965, -0.5751283360737596, 0.15557540509765133]], "inverted": false, "swapped": false, "error_lsq": 0.04916988484632757, "error_max": 0.34785969494899255, "target": "196.xyz", "model": "22.xyz", "model_rescale": 4.204369325754507, "target_rescale": 4.039191053964062},
{"mapping": [13, 7, 4, 0, 14, 12, 3, 10, 1, 8, 5, 2, 11, 15], "R": [[-0.7845082755470569, 0.6199310191824519, -0.015241294354142954], [-0.30262818923742035, -0.3612850302468862, 0.8819803319793399], [0.5412605146110911, 0.6965333146195615, 0.47103969784724486]], "T": [-0.03232104690775907, -0.044281544338636715, 0.09974893413258117], "aligned_model": [[-0.31069096065671503, -0.6879525633169757, -0.6218610785623372, -0.22871865152704474, 0.26716415296329177, -0.06225714428485084, 0.622294692894994, 0.67186260293829, 0.3385507192993985, -0.3006899498659656, 0.13937987849123518, 0.6808900333462761, 0.15413389613676637, 0.003245717028032828], [-0.3442948241248298, 0.17684661735918997, -0.2285722886649317, 0.15133873085748198, -0.596698796345791, -0.5591344550763052, -0.5443595668576596, -0.07896122544334636, -0.054825423710323874, 0.618405841979694, 0.7442039192905164, 0.45195400897680316, 0.07649250865058893, -0.027960834289404258], [-0.43300998737253743, -0.030155645218700358, 0.4910857471829986, 0.7289030859808802, -0.35289083082322387, 0.28459852863625446, 0.3161485632217343, -0.24785248121910947, 0.6455166352817214, 0.34692440920149875, -0.1004312562497743, 0.11988630341553581, -0.5857154225181748, 0.09226652572565927]], "inverted": true, "swapped": false, "error_lsq": 0.04560573795801148, "error_max": 0.28748763471630356, "target": "196.xyz", "model": "23.xyz", "model_rescale": 4.410303926677745, "target_rescale": 4.039191053964062},
{"mapping": [0, 3, 2, 4, 12, 5, 6, 13, 15, 10, 11, 14, 7, 16], "R": [[-0.10698625924073019, -0.7475109815097517, -0.6555770533324085], [-0.9367326732348876, 0.2968118579583013, -0.18556567535393784], [0.3332954233527624, 0.5942474682299197, -0.7319727503633137]], "T": [0.0976452389543053, 0.1283092384072624, 0.10797346520209508], "aligned_model": [[-0.3539527919386586, -0.8011495056214665, -0.644452389314519, -0.40184741152095993, 0.15175909631107276, 0.03465209506079146, 0.65623643184491, 0.6286998308308858, 0.5116997227398872, -0.2383196309503098, 0.2913661494074352, 0.7500956483631321, 0.0997765974210856, -0.019212497748890778], [-0.33068562796850975, 0.12852291818333475, -0.39393777699204136, -0.006870708916952989, -0.6142081416396018, -0.4147245580731995, -0.3798794462962086, -0.12132133870788081, 0.03587189790426881, 0.6385079020259745, 0.68463710316282, 0.29749091370215947, 0.12745628275469606, 0.13357479346282367], [-0.28670202456190386, 0.07030456426261758, 0.20514916279509085, 0.5619754992875905, -0.1952021696269756, 0.41901718098873486, 0.19525593608946873, -0.2791340382709018, 0.6818448910219718, 0.33293763147590494, -0.12374404030945532, 0.16990902866366356, -0.5568014038024717, 0.08046395723142753]], "inverted": true, "swapped": false, "error_lsq": 0.045140904152350496, "error_max": 0.2635724961873623, "target": "196.xyz", "model": "24.xyz", "model_rescale": 4.28219845311461, "target_rescale": 4.039191053964062},
{"mapping": [11, 14, 12, 13, 5, 9, 3, 1, 4, 2, 6, 0, 8, 15], "R": [[-0.20995637513497564, -0.41088668856460275, -0.8871811820032012], [-0.14239592785548413, 0.9105819474200707, -0.38802566508266967], [0.9672857490268105, 0.04486252548717559, -0.2496910762052889]], "T": [0.014849183015222242, -0.06405841595810842, 0.15537269015840616], "aligned_model": [[-0.37601870800172754, -0.6004216774772122, -0.7113954710922948, -0.31662290698167356, 0.23384490258060603, -0.08371568765818475, 0.6432950323027551, 0.5981409412710117, 0.5201876422792123, -0.12190231119013974, 0.08591113556499812, 0.5204629399847949, 0.21292211941083472, 0.060663393891415604], [-0.28699020857607893, 0.3447205795841328, -0.2783233942006696, -0.014545202676678103, -0.5881439530844219, -0.72511470608626, -0.4844678830227385, -0.13393264668219046, 0.11719456808712174, 0.5574833791237898, 0.6841542721447872, 0.5759559258963435, 0.022780932819013666, -0.006337450724468792], [-0.151222774355821, -0.030331714547042504, 0.26063009708063667, 0.6458736098320007, -0.4791790457159867, 0.2561855436544236, 0.3237681751796202, -0.0991184009985514, 0.6517888163963724, 0.4078897196571948, -0.341945223477001, 0.1724180126702608, -0.5043030607225923, 0.16282042059124824]], "inverted": false, "swapped": false, "error_lsq": 0.0413732723345297, "error_max": 0.26206222530879186, "target": "196.xyz", "model": "25.xyz", "model_rescale": 4.100010024507729, "target_rescale": 4.039191053964062},
{"mapping": [10, 12, 0, 4, 9, 3, 1, 5, 7, 8, 11, 13], "R": [[-0.06706637992814474, -0.9966722842166145, 0.046329888385037266], [-0.23201242589419185, 0.06074008864972852, 0.9708145424649939], [-0.970398029116932, 0.05435990714910566, -0.23531397234485402]], "T": [0.050826053876688634, 0.00876885783871157, 0.0361779053756666], "aligned_model": [[-0.6697530528007016, 0.06673547402785407, 0.3936467099899238, 0.7133312864092068, -0.5093263744732248, 0.13567348070811816, -0.24489392523110542, 0.5392699381272891, -0.04418991786267473, 0.037467248177447385, -0.4946402077514544, -0.04655505695767158], [-0.25786165149207035, -0.6120005271427658, -0.12058233517839967, -0.36907539898444247, 0.5890433178630813, 0.6694328768521427, 0.19264652317933215, 0.2520267705443827, -0.3267949851438799, 0.5043243146412839, 0.06751430423909605, 0.07745818067287896], [-0.07589374269758004, 0.08852733171557586, 0.4893096359320618, -0.19640089485272436, 0.15802478110923013, 0.18844550907177846, 0.6903587136534677, -0.05253815434560268, -0.5911119597883123, -0.5322536367104606, -0.5981275715675666, -0.0031477216655111315]], "inverted": false, "swapped": true, "error_lsq": 0.036848661523123175, "error_max": 0.2041539064590818, "target": "196.xyz", "model": "26.xyz", "model_rescale": 3.6694154284099745, "target_rescale": 4.039191053964062},
{"mapping": [10, 9, 11, 12, 4, 2, 0, 5, 6, 3, 7, 1, 8, 13], "R": [[-0.4467175707156745, -0.1760958988078032, -0.8771736694845318], [0.8287174252612459, 0.28802644662765026, -0.4798626835996116], [0.3371510656697647, -0.941292197176903, 0.017267265319695746]], "T": [0.04093469184490224, -0.008887725364530969, 0.020166971112909438], "aligned_model": [[-0.3421331517145734, -0.5622210573735248, -0.6337514735961344, -0.41346825631755296, 0.21369692706482496, 0.046935841702422584, 0.5937613333273313, 0.7472605970772688, 0.22089173661712025, -0.1422873293624668, 0.15373199848036068, 0.7838504323802025, -0.04410787950124005, 0.04319162610035752], [-0.3898704041301993, 0.28536393511920854, -0.3904146455449656, 0.07981940550800457, -0.6887533328950033, -0.5445973254251226, -0.36271678518966965, 0.1782353429895763, 0.09987945921457692, 0.7041825844643161, 0.5863600510954035, 0.2749626178951498, 0.006651527681420676, -0.05466821818101326], [-0.2444118368136995, -0.10017686112486182, 0.38814965628341375, 0.6646681883274943, -0.40816296698150417, 0.4386270729226177, 0.09840407243739592, -0.28325875721046856, 0.6736006658363878, 0.353020759612937, -0.15037738368587616, 0.40377072343031994, -0.6129866319753614, 0.05440747418596776]], "inverted": false, "swapped": false, "error_lsq": 0.05270106838948827, "error_max": 0.35677325992731934, "target": "196.xyz", "model": "27.xyz", "model_rescale": 4.103607728864725, "target_rescale": 4.039191053964062},
