[{"mapping": [9, 11, 7, 3, 8, 6, 10, 4, 2, 0, 1, 12], "R": [[-0.7657045263968112, 0.02065930963981555, 0.6428606156708012], [-0.6382997503297339, -0.14745369901817829, -0.7555334773356215], [0.07918337568223993, -0.9888531739196993, 0.12609279695725112]], "T": [-0.054987101714935364, 0.03250036801527749, -0.015162471337619284], "aligned_model": [[-0.21986229526527726, 0.00956834824990966, 0.4802093939063342, -0.31487295235457724, -0.020459517680304455, -0.5630944258049729, 0.451315949847389, -0.30341983674609857, 0.6492876805878505, 0.15044047663298402, -0.42382232669903686, -0.05764803221365074], [-0.3320848198610538, -0.7617549033422771, -0.4103664622708673, 0.6775181956567783, 0.27779292251438803, -0.5444912757118611, -0.3216388378551975, -0.5466090182244262, 0.3545114311982395, 0.5139181202640145, 0.21332941509372372, -0.06656973148440444], [-0.5863910868769755, -0.052346903604581156, -0.4624495515558884, -0.012901819294159615, -0.5733422442430082, -0.1426135519807745, 0.46917583050703765, 0.6023035061284915, -0.046175589863912785, 0.3656940730769333, 0.5723167204321365, 0.04868236262826365]], "inverted": false, "swapped": true, "error_lsq": 0.049317836053646036, "error_max": 0.25749262009134277, "target": "197.xyz", "model": "0.xyz", "model_rescale": 3.751011558992144, "target_rescale": 3.7978628845869604},
{"mapping": [5, 10, 2, 9, 4, 11, 6, 0, 12, 7, 8, 1, 14], "R": [[-0.5380032889593224, 0.7962658427139407, -0.27661013863560696], [-0.7703022474315556, -0.3311533340152505, 0.5449512977986919], [0.34232573474812916, 0.5062590019917095, 0.7915269510455799]], "T": [0.002153021541328709, -0.006209439750260025, 0.07559542006641078], "aligned_model": [[-0.4424658990987166, 0.3810653869299939, -0.7537454361815975, -0.16984513188605233, 0.45671062712988786, 0.4554577040913236, 0.7202555823357832, -0.15995410674579622, -0.06499076912712472, 0.2947838183957039, -0.16975323477122317, 0.39280695199726934, -0.0009007801659471201], [-0.42039037706261295, -0.6112009115871129, -0.010777940699368459, -0.2121725527558619, -0.5683976599883558, 0.17239539874013612, 0.20744005211849456, 0.46900985662534134, 0.5664957444738926, 0.584052477260676, -0.46181732170719614, 0.16189370745412643, 0.015018521255153489], [-0.06881446038351595, -0.32796930397312396, 0.41075918958705554, -0.5262230348125557, 0.39636910685653115, -0.5563429989055202, 0.02652045623748514, 0.6442714419015724, -0.3928867966875033, 0.15066278885067375, 0.5264700690312761, 0.6276972113650278, 0.025158723009081854]], "inverted": true, "swapped": false, "error_lsq": 0.04033325757176739, "error_max": 0.2328378565070693, "target": "197.xyz", "model": "1.xyz", "model_rescale": 3.9405287249114394, "target_rescale": 3.7978628845869604},
{"mapping": [9, 8, 5, 10, 4, 3, 7, 0, 11, 6, 2, 1, 12], "R": [[-0.988846090996003, -0.13055648788486637, 0.07168271613920478], [0.030638292255155325, -0.6492947815601824, -0.7599194573679523], [0.14575562894657879, -0.7492471488833868, 0.646052634481513]], "T": [0.11666010514079558, 0.010886276984923112, 0.10313530416530142], "aligned_model": [[-0.43855020192652316, 0.08241326738873302, -0.5713213985109858, -0.03246712698219292, 0.6193621982808962, 0.4769953032034385, 0.8404459595585118, -0.1545168424743957, -0.4048823707937914, 0.17887794789318828, -0.2177057234625057, 0.4622454799695237, 0.09852822075960731], [-0.3760223229386235, -0.6637222871673306, 0.06105656600583617, -0.17626639697201196, -0.4755489913986269, 0.016608094401841574, 0.32880334432985997, 0.589150708665026, 0.36675127384013484, 0.5469131487052482, -0.2552639628292221, -0.02097229813183316, -0.04993788238298638], [-0.3355267039018138, -0.2768912862019793, 0.331697490690853, -0.7057046457521565, 0.1517877152874199, -0.3406275654075083, 0.040106513983728484, 0.6462773651508913, -0.2269674659630989, 0.038638589315749844, 0.6337322981550069, 0.8150216098730902, 0.16412847684630177]], "inverted": true, "swapped": false, "error_lsq": 0.04958126689670675, "error_max": 0.25065929002127807, "target": "197.xyz", "model": "2.xyz", "model_rescale": 3.932901565614263, "target_rescale": 3.7978628845869604},
{"mapping": [9, 5, 8, 12, 4, 6, 2, 3, 10, 1, 7, 0, 13], "R": [[-0.09753832209753083, 0.599573614445536, 0.7943536722286327], [-0.7110064878906431, -0.6004716323866839, 0.36592839856491566], [0.6963878588113172, -0.5290985726304569, 0.4848697253289816]], "T": [-0.029280518697968022, 0.08156048974896773, 0.1425900337654577], "aligned_model": [[-0.4921436422579484, 0.11122896142236546, -0.722563697092595, -0.1460692095496481, 0.6615392491071433, 0.39557882911654796, 0.7987643500861866, -0.20070192199992942, -0.07110769113966026, 0.3582289619357053, -0.14155548722615396, 0.4115849055866063, -0.023358895085115253], [-0.44063542007976536, -0.5096119768069967, 0.03737365641025586, -0.12386232304012962, -0.4121396077465758, 0.005830139519281574, 0.16586262430713544, 0.2789735685462446, 0.4554546649382852, 0.7129044807524341, -0.5372534168203307, 0.21047619214635138, 0.048176412001122375], [-0.08732756015741955, -0.2415608303974614, 0.37963999442027296, -0.5835584908729259, 0.3481494331622216, -0.386986881621223, 0.10471261876035753, 0.5811424900246667, -0.466999232631405, 0.14571866844996234, 0.48053415314850106, 0.6304104397437011, 0.03179759004723659]], "inverted": true, "swapped": false, "error_lsq": 0.044490234041810746, "error_max": 0.2874188254559047, "target": "197.xyz", "model": "3.xyz", "model_rescale": 3.9243930471874484, "target_rescale": 3.7978628845869604},
{"mapping": [5, 1, 6, 0, 9, 7, 8, 10, 3, 4, 11, 8, 12], "R": [[-0.23625955641964946, -0.9079399325331423, 0.34615964656803005], [-0.9415025533120362, 0.12579326696811055, -0.31264835853144357], [0.24032137671731751, -0.3997763535993627, -0.8845476261883758]], "T": [0.056384764600762055, 0.012184645278849621, 0.10264093393015257], "aligned_model": [[-0.42532767507258684, 0.2940058927890813, -0.6543615587699654, -0.26470671415413216, 0.4250952920051335, 0.6418608372032497, 0.6145791370846628, -0.014499742038870028, -0.37690765273254856, 0.2972965777234984, -0.20766728399817383, 0.6145791370846628, -0.004521534220507745], [-0.490692175518565, -0.47398990292932275, -0.006990801148644168, -0.10780869572869127, -0.4716228629634538, 0.1468639518427551, 0.14893146502495783, 0.44904339331096094, 0.4616947915056167, 0.5233834653639866, -0.37825826399085677, 0.14893146502495783, -0.05793683566638856], [-0.19516962388054393, -0.3635465906729567, 0.22908649852618812, -0.6757061697102702, 0.4599506507395871, -0.42839391587314285, 0.359654005062453, 0.6515102631016637, -0.1486590459451364, -0.07903056653581446, 0.738223290213924, 0.359654005062453, 0.02809959198808054]], "inverted": true, "swapped": false, "error_lsq": 0.052368587174691346, "error_max": 0.3201525261438103, "target": "197.xyz", "model": "4.xyz", "model_rescale": 3.8936222436046832, "target_rescale": 3.7978628845869604},
{"mapping": [4, 10, 11, 6, 7, 2, 0, 8, 5, 1, 9, 12], "R": [[-0.6855848556450503, 0.010459400314698704, 0.7279175823231725], [0.0334952957311532, -0.998384640980484, 0.04589306939128335], [0.7272217480755361, 0.05584540804155198, 0.6841270492581291]], "T": [-0.050420431528136564, -0.017817031877533206, 0.1286930549584926], "aligned_model": [[0.11357538793478868, -0.6067294300371103, -0.20398751568668583, 0.39193344310818684, -0.6202314834248048, -0.7123313972183241, -0.20994385268879628, -0.041614133261259914, 0.5698454970721147, 0.3205207278774881, 0.08730639615297851, -0.06079559761347808], [-0.5839984987721624, -0.45929525800964116, 0.09269562581258446, 0.15316364669268145, 0.4768924851656095, -0.004481407017784411, -0.4374756702610163, 0.5161774654985923, 0.03165853902005519, -0.6254373247153123, 0.5814235324703907, -0.07240023077418993], [-0.5277326119207816, -0.20590853173656204, -0.6462879947167564, -0.4897120265470627, -0.2077737477227256, 0.5316222570886774, 0.5950128538956928, 0.42483082039129405, 0.10821057029939396, 0.21277993984168847, -0.20047314448332454, 0.024716334885984903]], "inverted": true, "swapped": true, "error_lsq": 0.03965631529072259, "error_max": 0.20333298105694997, "target": "197.xyz", "model": "5.xyz", "model_rescale": 3.6523030999806103, "target_rescale": 3.7978628845869604},
{"mapping": [9, 8, 11, 10, 5, 6, 1, 3, 4, 2, 7, 0, 12], "R": [[0.6110080153183716, 0.07012381355525915, -0.7885124323618316], [-0.6513799841905848, -0.5215038862936875, -0.5511241355415801], [-0.4498592239941046, 0.8503624799772436, -0.2729658059801155]], "T": [0.08874910233321066, -0.04976051005004058, 0.0036783264966439994], "aligned_model": [[-0.36357482024821264, 0.3721259866586432, -0.7673725659437686, -0.30058670487735034, 0.4430068591135962, 0.40504092218346355, 0.7086614983085843, 0.02179888055336103, -0.23919333665089448, 0.2722504627282433, -0.2570415998175185, 0.5467163257912971, 0.09759280510405963], [-0.5598673253988475, -0.6133643998431859, 0.0036831536719964947, 0.08630850228657837, -0.47029558288248774, -0.024985903659737373, 0.2430141020599984, 0.3184796578488366, 0.41858710825946255, 0.6674509334969417, -0.2625412518648143, 0.14554883722891426, -0.06046883707634339], [-0.23685645513772674, -0.23243880440778064, 0.2005754241278342, -0.6585723018703143, 0.4056176555818703, -0.5637458231886951, 0.1148831546891746, 0.5889624878212225, -0.04360662950301712, -0.16409124818107862, 0.5531973943332789, 0.8634945926850992, 0.10825294512661753]], "inverted": true, "swapped": false, "error_lsq": 0.05221203148122877, "error_max": 0.27415524154474386, "target": "197.xyz", "model": "6.xyz", "model_rescale": 4.08911054899281, "target_rescale": 3.7978628845869604},
{"mapping": [6, 7, 3, 2, 5, 13, 12, 8, 1, 11, 4, 10, 14], "R": [[-0.28618471459675293, -0.7289644554896907, -0.6218594147906696], [0.14672839743620822, 0.6080087807168355, -0.7802538689151304], [0.9468733212616024, -0.3145411661513421, -0.06704303303980688]], "T": [0.034504967558385786, 0.03819971549687992, 0.07757448782956818], "aligned_model": [[-0.30183607584332006, 0.24557141191804002, -0.7053853578042159, -0.19261918948515733, 0.43601646663131727, 0.47840383901034134, 0.7457056329887483, -0.16399770316076112, -0.22208936166714827, 0.326910190512725, -0.1602488729271326, 0.47873996678153136, -0.025746234051463486], [-0.3020831388956421, -0.6016511110719097, -0.08489108177594304, -0.1688496171856144, -0.5156798953532423, 0.15619155860525302, 0.07303922781891484, 0.2556660916709136, 0.4985391823472206, 0.5464395738877788, -0.3761572255624165, 0.21876542098629048, 0.19222000865570912], [-0.06464101056425985, -0.30364833460117335, 0.3302845951211793, -0.6678681554463907, 0.41299530170380094, -0.49244852857871063, 0.046241759193687455, 0.6927606695957743, -0.43251666512707504, 0.1044537528674927, 0.6135117572131957, 0.6154649878091706, 0.08108226288979281]], "inverted": true, "swapped": false, "error_lsq": 0.045297116946838904, "error_max": 0.27228438834958973, "target": "197.xyz", "model": "7.xyz", "model_rescale": 3.964800864290218, "target_rescale": 3.7978628845869604},
{"mapping": [12, 11, 7, 4, 10, 6, 3, 1, 2, 0, 8, 5, 13], "R": [[-0.997632616562319, 0.008492737239166345, 0.06824247786538737], [-0.06813861486643252, -0.2561214353796429, -0.9642400839537608], [0.009289323716255522, -0.9666073058658611, 0.2560937810873913]], "T": [0.07957201898296327, 0.0064084540877696015, 0.05186737377723078], "aligned_model": [[-0.4968471940978134, 0.2156657089443862, -0.5939477172872307, -0.08893794574786994, 0.5971777916283931, 0.43530022159167736, 0.7287328150071428, -0.2339891152008663, -0.30520788807860444, 0.26786911093163773, -0.15241803448683383, 0.487474242634478, 0.07855271706500792], [-0.45780890725742746, -0.6353970455381652, 0.07626780699582669, -0.04374903306371722, -0.5506659131376714, 0.022154832941067525, 0.32789292589992314, 0.49610446676628006, 0.44222632264158784, 0.6911724510908203, -0.34267819245915565, -0.09302334864551567, -0.040947372106540855], [-0.09951977728127442, -0.45478589296075117, 0.271740065641202, -0.6294416701102725, 0.363133219175877, -0.4060794796897636, 0.08651836209388977, 0.5262059885541784, -0.2653327780590982, -0.04195078062170055, 0.6963646272244304, 0.7749163455030327, 0.11390416260673501]], "inverted": false, "swapped": false, "error_lsq": 0.0387409831665038, "error_max": 0.2859273210250407, "target": "197.xyz", "model": "8.xyz", "model_rescale": 4.121658175737393, "target_rescale": 3.7978628845869604},
{"mapping": [1, 2, 4, 6, 3, 8, 11, 5, 9, 7, 0, 10, 12], "R": [[-0.6878803287232093, -0.6999256488658997, -0.19215811045932824], [0.04646146094703696, 0.2217403175480261, -0.9739982362511587], [0.724335547935014, -0.6789221734730354, -0.12001123432551253]], "T": [0.11979422723486924, 0.029586877250176936, 0.05911098667821595], "aligned_model": [[-0.3478843670501349, 0.2567797327069784, -0.755919511762331, -0.1642939948756658, 0.653414388745719, 0.47597296798298916, 0.7394635760616998, -0.09340657502388308, -0.41089939745685755, 0.3445832499336362, -0.24765098959674384, 0.4328987318048796, 0.05636690143321793], [-0.4584303281665875, -0.6239713315486707, 0.010261521793332912, 0.0766657605982239, -0.46867508142511294, -0.01674636315125339, 0.16281593132110272, 0.3475206365214608, 0.60867369526728, 0.651678126931082, -0.4253051971014753, 0.0560004419094602, -0.028938818821530248], [-0.07523057568557687, -0.13178974632477314, 0.2036097606755587, -0.5711742748460795, 0.3585580358141536, -0.5745634354032553, 0.09505527453320345, 0.544066086566474, -0.21695522086144398, -0.0738675178170154, 0.5853062512349182, 0.7503046812496604, 0.04235307294066014]], "inverted": true, "swapped": false, "error_lsq": 0.04082426795706345, "error_max": 0.20618637203057202, "target": "197.xyz", "model": "9.xyz", "model_rescale": 3.833441315466971, "target_rescale": 3.7978628845869604},
{"mapping": [0, 5, 10, 13, 4, 2, 3, 11, 8, 9, 12, 7, 14], "R": [[-0.7856545889377121, 0.5408256833812126, -0.3004237791459907], [0.24155414623192697, 0.7152147796988809, 0.6558348979266397], [0.5695598838746276, 0.44269108766218174, -0.6925504599559479]], "T": [0.03627168622787311, -0.14178103044042675, 0.1915568492132511], "aligned_model": [[-0.4409675004834992, 0.241270315169521, -0.7251210352235137, -0.1401389430710912, 0.7299183896683781, 0.3517601796166734, 0.8527620353390652, -0.2154356157860268, -0.22752836082578656, 0.36107081585444645, -0.2864450440796287, 0.3361972320945068, 0.10208224463045956], [-0.4975344373373498, -0.5476148749269191, 0.1578352299573054, -0.20913623822755326, -0.5333178473363709, 0.08171343298309264, 0.13985565996157492, 0.304610522043371, 0.5663348992541265, 0.5489982246894058, -0.365791361877717, 0.32297530204718283, -0.07737951710283653], [-0.1393589011703873, -0.3091523021594481, 0.11240279848936702, -0.5830586084616852, 0.2298419887761527, -0.41438662198347087, 0.10019967010113803, 0.6417957824781995, 0.00040055801663529955, -0.08274166082427792, 0.6483865118882608, 0.5629867822168855, 0.16835639470911545]], "inverted": false, "swapped": false, "error_lsq": 0.045723044981039004, "error_max": 0.23916286538985387, "target": "197.xyz", "model": "10.xyz", "model_rescale": 4.2482417240324, "target_rescale": 3.7978628845869604},
{"mapping": [4, 1, 0, 3, 11, 7, 10, 8, 5, 9, 6, 12], "R": [[0.7505128455751134, -0.30474654623002906, 0.5863957803289643], [0.161231342085686, -0.7760774148858115, -0.6096788502428182], [0.6408860452186447, 0.5521171874385228, -0.5333213743878832]], "T": [0.1335955144724475, 0.04794556693041704, 0.01651239184374228], "aligned_model": [[-0.6934777138279706, -0.03841764248931817, 0.43221609203154554, 0.6453794648353004, -0.5337578835616741, 0.04875321416228673, -0.2843071464052221, 0.5984500895971947, 0.07580669115454508, 0.02848623243733915, -0.42076388047205465, 0.018398084901035283], [-0.24492389489285996, -0.6466270709969552, -0.33805110287043283, -0.396302796121267, 0.4834156274155892, 0.8560498612657493, 0.14357367220875247, 0.34305603961324554, -0.256676601104287, 0.5342218587729681, 0.1399911224813553, 0.048404674278781715], [0.10886005967698423, 0.05953206982342551, 0.44177415959442473, -0.13941818233144967, -0.020861298846292044, 0.16618297672281598, 0.6742004480694103, -0.24758093092528835, -0.5233607165040929, -0.47225721308276514, -0.5234408141121776, 0.041561731769361746]], "inverted": true, "swapped": true, "error_lsq": 0.039758427020280256, "error_max": 0.25283340559099876, "target": "197.xyz", "model": "11.xyz", "model_rescale": 3.6694154284099745, "target_rescale": 3.7978628845869604},
{"mapping": [0, 6, 1, 4, 7, 11, 9, 2, 3, 8, 12, 10, 13], "R": [[0.019213336332191563, -0.12453953845154449, 0.9920286039571956], [0.47286756372455124, 0.875356444618571, 0.10073411558127796], [-0.8809240119807121, 0.46716271065551773, 0.07570922591596993]], "T": [0.10916875966960901, -0.13708648363201803, 0.1000198617977121], "aligned_model": [[-0.4330359454843943, 0.2333535649931202, -0.689955582352829, -0.26557764658439187, 0.7124588587035512, 0.5219858629021319, 0.8377997059702899, -0.15399576507960913, -0.32552080010063844, 0.2945619590118892, -0.1733239868827339, 0.3825845465452711, -0.0019100587381519762], [-0.5531042940647888, -0.5256579965000986, 0.13083652237659904, 0.026162124075777893, -0.47815326387510493, 0.07195773971480568, 0.19732074840976366, 0.3641487381598072, 0.5414352347131806, 0.5916726904054768, -0.32807286342797615, 0.023881894916090995, -0.1708782807762208], [-0.10898038589841341, -0.29170088946247164, 0.17806499579127916, -0.5169028828239055, 0.36812399509627647, -0.47522895469051524, 0.1442354036491611, 0.42532165819781637, -0.2031338367842916, 0.015537442295712342, 0.687804304552228, 0.6503486507077578, 0.062182891445851186]], "inverted": false, "swapped": false, "error_lsq": 0.03889693480540393, "error_max": 0.2504609034884478, "target": "197.xyz", "model": "12.xyz", "model_rescale": 3.9764082729961374, "target_rescale": 3.7978628845869604},
{"mapping": [6, 13, 4, 14, 12, 11, 10, 2, 3, 8, 9, 1, 15], "R": [[-0.21413023924922264, -0.8088528898624541, 0.5476360499457901], [-0.9755728390258869, 0.20524115233653006, -0.07831797458147552], [-0.0490497338834988, -0.5510291026331826, -0.8330432471710145]], "T": [-0.03191640710307883, -0.08515915490968384, 0.17484763029968575], "aligned_model": [[-0.4103864106554743, 0.22481346952357675, -0.7485097099068454, -0.10410921735154352, 0.44634513671138143, 0.400073931006099, 0.7466949444554893, 0.040656956796773336, -0.21244767623647173, 0.27577169109142763, -0.038028442836511606, 0.4347987897649743, -0.11624874945937043], [-0.5672365515249453, -0.47526072362713756, -0.11355854559842514, -0.10937245387019237, -0.47550547064657656, 0.19421348019646745, 0.10528143848762317, 0.5289265835273174, 0.5477396418354664, 0.5422463558860544, -0.3149938467499779, 0.07477667924519743, -0.04570759303355931], [-0.28124517361519, -0.22061549404738023, 0.21423334807308192, -0.6207715963891542, 0.3364309971637021, -0.43003250434152906, 0.11448503783641428, 0.6787239311976958, -0.34983419829478624, 0.06834318954186844, 0.7303994136318002, 0.5747476580898728, 0.12080778323008852]], "inverted": false, "swapped": false, "error_lsq": 0.040527522513828365, "error_max": 0.2111448075732017, "target": "197.xyz", "model": "13.xyz", "model_rescale": 4.170626492500431, "target_rescale": 3.7978628845869604},
{"mapping": [7, 8, 1, 10, 4, 12, 5, 3, 9, 11, 2, 6, 13], "R": [[0.14483817721297992, -0.9874266658523513, -0.06332836635608857], [0.7724067707763856, 0.15283536205515263, -0.6164650294739085], [0.618392822468387, 0.04037241222889648, 0.7848314376032618]], "T": [0.005973196581936527, -0.09075970530968502, 0.13893241340194523], "aligned_model": [[-0.526563999122381, 0.1292931448126582, -0.7506955592455763, -0.033887969224730766, 0.47692278797216936, 0.560351107711141, 0.8377286470681649, -0.20287916881082108, -0.3978924002563004, 0.21372120966181363, 0.0197811803752289, 0.541902503649702, 0.07164322831243575], [-0.461932154096524, -0.6344485206913063, 0.04399015473125387, 0.009801031699360585, -0.6143375581043539, -0.1409347876485306, 0.27244185265133675, 0.37837914977395104, 0.5042071905743181, 0.5779228304489581, -0.3521097808218986, 0.3217535606454016, -0.013183975034654433], [-0.34693274416934133, -0.3517313769904426, 0.14938894574959752, -0.4148066321850174, 0.22340634444174925, -0.3363082771438905, 0.07987881709007685, 0.59910958422917, -0.23418072085699138, 0.042164233901141324, 0.7426191242459632, 0.6390342532976012, 0.1440308404668679]], "inverted": true, "swapped": false, "error_lsq": 0.04905084835161159, "error_max": 0.3191335329127316, "target": "197.xyz", "model": "14.xyz", "model_rescale": 3.9786697098870705, "target_rescale": 3.7978628845869604},
{"mapping": [10, 4, 7, 2, 11, 9, 1, 5, 8, 0, 6, 12], "R": [[-0.6998787207014996, 0.7135542030036829, -0.03178326108207673], [0.7130430816663201, 0.70059079402536, 0.027241567772675886], [0.04170539529881001, -0.0035970408247256135, -0.9991234765034176]], "T": [0.11201766434633445, -0.07050129736915578, 0.10002495925171422], "aligned_model": [[-0.11951566617725629, -0.7037633263220747, 0.5760896773640577, 0.6268613549611931, -0.11563108025776248, 0.3283377626937425, -0.46688126007053643, -0.14945684795655137, 0.6470086437844044, 0.10554430739681811, -0.2707897306269744, 0.025550761978276368], [-0.43221431896117657, 0.0017234920247568702, 0.19392187041094477, -0.5993180452325644, 0.37974221534472574, 0.5868685574389602, -0.3574330981245572, 0.26103858525937274, 0.12298575956410387, -0.6958797571302947, 0.605415530392691, -0.05217630076252318], [-0.5571637158310828, -0.22805383228355708, -0.5303317695122323, -0.13650142137806592, -0.5179138342721153, 0.013544852183000222, 0.41053509635366114, 0.5575285899678147, 0.32199941938593585, 0.26698341895382294, 0.03732625125782853, 0.02201343904881954]], "inverted": false, "swapped": true, "error_lsq": 0.04334595748974906, "error_max": 0.290018325553024, "target": "197.xyz", "model": "15.xyz", "model_rescale": 3.769337070930944, "target_rescale": 3.7978628845869604},
{"mapping": [10, 2, 4, 1, 11, 7, 6, 8, 5, 3, 12], "R": [[0.4988501425377099, 0.8379465494711507, 0.22134614412611567], [0.8666031901067413, -0.47868140812221677, -0.1409362281847767], [-0.012142742150200198, 0.26212533213622136, -0.9649574415825549]], "T": [-0.05431999023304981, -0.02843662207568489, 0.07423965814610109], "aligned_model": [[-0.3198357941920259, -0.38349143107972955, -0.11629082551843908, -0.5296527172201478, 0.44349689862380076, 0.4369418060307726, 0.5071891209716506, 0.21345173723898356, 0.1039911893631301, -0.39120153735428154, -0.041972316172542934], [-0.028204254263958874, -0.7039014499020345, 0.7028476039594669, 0.49331949720713786, 0.2014569118414431, -0.5052645770143941, 0.50997453222684, -0.4396640710357159, 0.3924455315539539, -0.0712678487889773, 0.04432262184158114], [-0.6645717194347243, -0.11562696930860633, -0.41538645913153194, 0.19953817715073668, -0.5051728308756865, -0.38828493508519935, 0.02779469460082625, 0.43771666900256123, 0.5048124971022152, 0.6810922540152733, -0.017693770812087478]], "inverted": false, "swapped": true, "error_lsq": 0.04625539999321921, "error_max": 0.2360629058650226, "target": "197.xyz", "model": "16.xyz", "model_rescale": 3.7852294659196426, "target_rescale": 3.7978628845869604},
{"mapping": [9, 10, 8, 0, 6, 4, 5, 2, 3, 1, 11, 7, 12], "R": [[-0.8978556134083218, 0.27830262282866225, 0.34117876193845087], [-0.22552258253904034, -0.9562193069042655, 0.18650523281787096], [0.37814661473572464, 0.09051125471571947, 0.9213103985811177]], "T": [0.04091752434074005, 0.052112016994495136, 0.06334985847212067], "aligned_model": [[-0.4796540526302401, 0.2914360801478786, -0.5976920610072657, -0.21989345106580546, 0.6394296595510032, 0.4525988452874401, 0.6899668428060672, -0.11121938494755454, -0.32443088234270395, 0.3605507870519775, -0.19795675807841076, 0.41476834830946474, 0.021520739821653347], [-0.6018041579755193, -0.6818824297496768, -0.05407526916048225, 0.03581868045903307, -0.5096192834938005, 0.09043100759256863, 0.13907781197302943, 0.4226470879399745, 0.7069143843283245, 0.6611558696589843, -0.32604385225865756, 0.04665329158572368, -0.03772414677219005], [-0.15724174353116044, -0.15516256823208935, 0.13481991523128917, -0.5670938884480546, 0.40044688598758965, -0.5118343120617348, 0.005203979307482051, 0.5255674945072495, -0.2016968782186705, 0.09732510162407947, 0.6446151078904925, 0.6563361727418843, 0.06438712527812787]], "inverted": false, "swapped": false, "error_lsq": 0.03802985521890609, "error_max": 0.21615209505563457, "target": "197.xyz", "model": "17.xyz", "model_rescale": 3.901054581598922, "target_rescale": 3.7978628845869604},
{"mapping": [5, 10, 2, 9, 4, 11, 6, 0, 12, 7, 8, 1, 14], "R": [[-0.5380032889593224, 0.7962658427139407, -0.27661013863560696], [-0.7703022474315556, -0.3311533340152505, 0.5449512977986919], [0.34232573474812916, 0.5062590019917095, 0.7915269510455799]], "T": [0.002153021541328709, -0.006209439750260025, 0.07559542006641078], "aligned_model": [[-0.4424658990987166, 0.3810653869299939, -0.7537454361815975, -0.16984513188605233, 0.45671062712988786, 0.4554577040913236, 0.7202555823357832, -0.15995410674579622, -0.06499076912712472, 0.2947838183957039, -0.16975323477122317, 0.39280695199726934, -0.0009007801659471201], [-0.42039037706261295, -0.6112009115871129, -0.010777940699368459, -0.2121725527558619, -0.5683976599883558, 0.17239539874013612, 0.20744005211849456, 0.46900985662534134, 0.5664957444738926, 0.584052477260676, -0.46181732170719614, 0.16189370745412643, 0.015018521255153489], [-0.06881446038351595, -0.32796930397312396, 0.41075918958705554, -0.5262230348125557, 0.39636910685653115, -0.5563429989055202, 0.02652045623748514, 0.6442714419015724, -0.3928867966875033, 0.15066278885067375, 0.5264700690312761, 0.6276972113650278, 0.025158723009081854]], "inverted": true, "swapped": false, "error_lsq": 0.04033325757176739, "error_max": 0.2328378565070693, "target": "197.xyz", "model": "18.xyz", "model_rescale": 3.9405287249114394, "target_rescale": 3.7978628845869604},
{"mapping": [10, 14, 2, 3, 13, 12, 4, 8, 1, 0, 9, 7, 15], "R": [[0.843423812235192, -0.2621116753007051, -0.46897094006528145], [0.5371720687192829, 0.42618143081595145, 0.7278843016685517], [0.009079732512695587, -0.8658330426235341, 0.5002506379393952]], "T": [0.09524978728407839, -0.017470309113773216, 0.1003780541159756], "aligned_model": [[-0.47860404827112335, 0.1437394880521145, -0.7713108396264515, -0.14097470968856157, 0.4666844104611686, 0.42512529229801976, 0.703483806355936, -0.052873765437101525, -0.17275781284665737, 0.1767599999785776, 0.08667306199513378, 0.4970563889071137, 0.05642344072533608], [-0.4707053412709149, -0.668820256619716, 0.04272502784432809, -0.08904194167933184, -0.5639680039709934, -0.00799174715480637, 0.38590110615429357, 0.47335251400933315, 0.42449414208694447, 0.6646520597661353, -0.3179117891551684, 0.04397029108283146, -0.025107066965623006], [-0.18802065945713398, -0.3157120285339452, 0.07254849590933206, -0.7147931446612441, 0.22164814767990765, -0.3369220376566881, 0.14518774061800918, 0.6566374585009055, -0.30993740272966996, 0.12757027830067413, 0.8065446094061488, 0.6751841574942986, 0.09573677720589026]], "inverted": true, "swapped": false, "error_lsq": 0.04069868305490576, "error_max": 0.2774647132580119, "target": "197.xyz", "model": "19.xyz", "model_rescale": 4.410303926677745, "target_rescale": 3.7978628845869604},
{"mapping": [12, 11, 7, 4, 10, 6, 3, 1, 2, 0, 8, 5, 13], "R": [[-0.997632616562319, 0.008492737239166345, 0.06824247786538737], [-0.06813861486643252, -0.2561214353796429, -0.9642400839537608], [0.009289323716255522, -0.9666073058658611, 0.2560937810873913]], "T": [0.07957201898296327, 0.0064084540877696015, 0.05186737377723078], "aligned_model": [[-0.4968471940978134, 0.2156657089443862, -0.5939477172872307, -0.08893794574786994, 0.5971777916283931, 0.43530022159167736, 0.7287328150071428, -0.2339891152008663, -0.30520788807860444, 0.26786911093163773, -0.15241803448683383, 0.487474242634478, 0.07855271706500792], [-0.45780890725742746, -0.6353970455381652, 0.07626780699582669, -0.04374903306371722, -0.5506659131376714, 0.022154832941067525, 0.32789292589992314, 0.49610446676628006, 0.44222632264158784, 0.6911724510908203, -0.34267819245915565, -0.09302334864551567, -0.040947372106540855], [-0.09951977728127442, -0.45478589296075117, 0.271740065641202, -0.6294416701102725, 0.363133219175877, -0.4060794796897636, 0.08651836209388977, 0.5262059885541784, -0.2653327780590982, -0.04195078062170055, 0.6963646272244304, 0.7749163455030327, 0.11390416260673501]], "inverted": false, "swapped": false, "error_lsq": 0.0387409831665038, "error_max": 0.2859273210250407, "target": "197.xyz", "model": "20.xyz", "model_rescale": 4.121658175737393, "target_rescale": 3.7978628845869604},
{"mapping": [9, 8, 11, 10, 5, 6, 1, 3, 4, 2, 7, 0, 12], "R": [[0.6110080153183716, 0.07012381355525915, -0.7885124323618316], [-0.6513799841905848, -0.5215038862936875, -0.5511241355415801], [-0.4498592239941046, 0.8503624799772436, -0.2729658059801155]], "T": [0.08874910233321066, -0.04976051005004058, 0.0036783264966439994], "aligned_model": [[-0.36357482024821264, 0.3721259866586432, -0.7673725659437686, -0.30058670487735034, 0.4430068591135962, 0.40504092218346355, 0.7086614983085843, 0.02179888055336103, -0.23919333665089448, 0.2722504627282433, -0.2570415998175185, 0.5467163257912971, 0.09759280510405963], [-0.5598673253988475, -0.6133643998431859, 0.0036831536719964947, 0.08630850228657837, -0.47029558288248774, -0.024985903659737373, 0.2430141020599984, 0.3184796578488366, 0.41858710825946255, 0.6674509334969417, -0.2625412518648143, 0.14554883722891426, -0.06046883707634339], [-0.23685645513772674, -0.23243880440778064, 0.2005754241278342, -0.6585723018703143, 0.4056176555818703, -0.5637458231886951, 0.1148831546891746, 0.5889624878212225, -0.04360662950301712, -0.16409124818107862, 0.5531973943332789, 0.8634945926850992, 0.10825294512661753]], "inverted": true, "swapped": false, "error_lsq": 0.05221203148122877, "error_max": 0.27415524154474386, "target": "197.xyz", "model": "21.xyz", "model_rescale": 4.08911054899281, "target_rescale": 3.7978628845869604},
{"mapping": [1, 8, 2, 11, 6, 5, 10, 13, 14, 12, 0, 7, 16], "R": [[0.17549689996227677, 0.7198748700413552, -0.6715511965491336], [0.8783503706545549, 0.193591407596135, 0.43706177283760883], [0.4446363283343333, -0.6665602286274585, -0.5983276670332687]], "T": [-0.018592911397865355, 0.05909336041439141, 0.03092030948116066], "aligned_model": [[-0.4614250421049978, 0.16537424568307152, -0.7359122706723298, -0.11247446645790722, 0.4567823738727249, 0.49723120563559164, 0.7729506531603764, -0.031765722930248985, -0.22236792526442167, 0.2761891249666637, -0.08392285751832192, 0.44399165428988113, -0.02522625975657756], [-0.58471732386512, -0.5506312136074313, -0.003970873865922361, -0.2708171732219928, -0.45442686264767185, 0.0008304241333871795, 0.2158501594829012, 0.41681768354260884, 0.6510093637240494, 0.7111003300236086, -0.40715078372231606, 0.11197168485741128, 0.0556835792938], [-0.10838470868748955, -0.2432220750739058, 0.08316653937349351, -0.6533591098160387, 0.287590228270961, -0.4468452862776152, 0.03555717988742697, 0.5864288618068916, -0.11026671080282092, 0.21246911463248036, 0.6460851608644319, 0.5685220118603586, 0.07793118603831088]], "inverted": false, "swapped": false, "error_lsq": 0.038212979380945915, "error_max": 0.1956325367250766, "target": "197.xyz", "model": "22.xyz", "model_rescale": 4.204369325754507, "target_rescale": 3.7978628845869604},
{"mapping": [10, 14, 2, 3, 13, 12, 4, 8, 1, 0, 9, 7, 15], "R": [[0.843423812235192, -0.2621116753007051, -0.46897094006528145], [0.5371720687192829, 0.42618143081595145, 0.7278843016685517], [0.009079732512695587, -0.8658330426235341, 0.5002506379393952]], "T": [0.09524978728407839, -0.017470309113773216, 0.1003780541159756], "aligned_model": [[-0.47860404827112335, 0.1437394880521145, -0.7713108396264515, -0.14097470968856157, 0.4666844104611686, 0.42512529229801976, 0.703483806355936, -0.052873765437101525, -0.17275781284665737, 0.1767599999785776, 0.08667306199513378, 0.4970563889071137, 0.05642344072533608], [-0.4707053412709149, -0.668820256619716, 0.04272502784432809, -0.08904194167933184, -0.5639680039709934, -0.00799174715480637, 0.38590110615429357, 0.47335251400933315, 0.42449414208694447, 0.6646520597661353, -0.3179117891551684, 0.04397029108283146, -0.025107066965623006], [-0.18802065945713398, -0.3157120285339452, 0.07254849590933206, -0.7147931446612441, 0.22164814767990765, -0.3369220376566881, 0.14518774061800918, 0.6566374585009055, -0.30993740272966996, 0.12757027830067413, 0.8065446094061488, 0.6751841574942986, 0.09573677720589026]], "inverted": true, "swapped": false, "error_lsq": 0.04069868305490576, "error_max": 0.2774647132580119, "target": "197.xyz", "model": "23.xyz", "model_rescale": 4.410303926677745, "target_rescale": 3.7978628845869604},
{"mapping": [10, 11, 4, 1, 14, 7, 13, 5, 0, 12, 15, 6, 16], "R": [[0.1853685974908211, 0.9753769645034815, 0.11949167410435046], [-0.7692575002066, 0.21969839152247186, -0.5999795956016603], [-0.6114584053230269, 0.01929750964277538, 0.7910412281805597]], "T": [0.0019367695068591012, -0.09434454808188138, 0.07101260182563403], "aligned_model": [[-0.4484130065660065, 0.2384309905838501, -0.6501018478999083, -0.1642708558330903, 0.49153266559225006, 0.3720207328075208, 0.6790831690123386, -0.1715968413306817, -0.11003139584700543, 0.284208495789169, 0.03524678028469809, 0.46330719036245693, -0.07999136405208669], [-0.5179282496297406, -0.5811656991446129, 0.040220598188734566, -0.11314881395130584, -0.46870647501627033, 0.11405346726340838, 0.08552775737869368, 0.3149850635435197, 0.581730550744409, 0.6499363879239186, -0.32016831319120914, 0.16027132500502111, -0.05405860498725417], [-0.13281544641539889, -0.25731214120465795, 0.24600470396338608, -0.7706267356784445, 0.3508321797914187, -0.44039626003551596, 0.1285046116548275, 0.5159141509173583, -0.2464325143448292, 0.18301436798863918, 0.7471843707782995, 0.6189233442750958, -0.007122239613693557]], "inverted": false, "swapped": false, "error_lsq": 0.03777305951740165, "error_max": 0.22994491769171485, "target": "197.xyz", "model": "24.xyz", "model_rescale": 4.28219845311461, "target_rescale": 3.7978628845869604},
{"mapping": [9, 11, 7, 5, 14, 8, 6, 4, 1, 0, 13, 2, 15], "R": [[0.5916354626463808, -0.8003039724573942, -0.09737058594934078], [0.1937346714367329, 0.023894471516395677, 0.980762933289311], [-0.7825818528579004, -0.5991181902595407, 0.16918344386383885]], "T": [0.008866336682425063, -0.07958538134769201, 0.07984680676680159], "aligned_model": [[-0.5314309589702085, 0.121696321559546, -0.6835270556303713, -0.10534991517342172, 0.6089220200942347, 0.3884183957107702, 0.8470474538995648, -0.27601493791577814, -0.07234919852574084, 0.34831791404579004, -0.13131036344596206, 0.3889009198746467, 0.036104117380434626], [-0.4200630130000677, -0.5428580556124015, -0.10685293434695693, -0.116278497674509, -0.49853776129177985, 0.09909782189531695, 0.2468788111024678, 0.48367503565373293, 0.41604091498695983, 0.634143814544309, -0.3379362964012572, 0.04892458180022695, -0.014685427528728937], [-0.14157473358939215, -0.18306933013020874, 0.43395678486009903, -0.763295496726725, 0.29093139890701414, -0.4732884427834194, 0.02443308329044188, 0.4489388481987404, -0.31718720949517853, 0.2821273881202459, 0.5961042564652116, 0.6346791502162029, 0.10291669474345258]], "inverted": true, "swapped": false, "error_lsq": 0.04264170202210526, "error_max": 0.2591728731235079, "target": "197.xyz", "model": "25.xyz", "model_rescale": 4.100010024507729, "target_rescale": 3.7978628845869604},
{"mapping": [4, 1, 0, 3, 11, 7, 10, 8, 5, 9, 6, 12], "R": [[0.7505128455751134, -0.30474654623002906, 0.5863957803289643], [0.161231342085686, -0.7760774148858115, -0.6096788502428182], [0.6408860452186447, 0.5521171874385228, -0.5333213743878832]], "T": [0.1335955144724475, 0.04794556693041704, 0.01651239184374228], "aligned_model": [[-0.6934777138279706, -0.03841764248931817, 0.43221609203154554, 0.6453794648353004, -0.5337578835616741, 0.04875321416228673, -0.2843071464052221, 0.5984500895971947, 0.07580669115454508, 0.02848623243733915, -0.42076388047205465, 0.018398084901035283], [-0.24492389489285996, -0.6466270709969552, -0.33805110287043283, -0.396302796121267, 0.4834156274155892, 0.8560498612657493, 0.14357367220875247, 0.34305603961324554, -0.256676601104287, 0.5342218587729681, 0.1399911224813553, 0.048404674278781715], [0.10886005967698423, 0.05953206982342551, 0.44177415959442473, -0.13941818233144967, -0.020861298846292044, 0.16618297672281598, 0.6742004480694103, -0.24758093092528835, -0.5233607165040929, -0.47225721308276514, -0.5234408141121776, 0.041561731769361746]], "inverted": true, "swapped": true, "error_lsq": 0.039758427020280256, "error_max": 0.25283340559099876, "target": "197.xyz", "model": "26.xyz", "model_rescale": 3.6694154284099745, "target_rescale": 3.7978628845869604},
{"mapping": [12, 6, 9, 11, 1, 2, 0, 8, 10, 4, 7, 5, 13], "R": [[-0.6553310128959822, -0.45188789499618165, -0.6052591130190823], [-0.7387473148459366, 0.5504841442111853, 0.38886965911471894], [0.15746005317109754, 0.7019718921210443, -0.6945803008489055]], "T": [0.019593263265352705, -0.007045139216861052, 0.1358366068105413], "aligned_model": [[-0.299790369964718, 0.26724308166367566, -0.6611828856031389, -0.3723882573610588, 0.6563720638638776, 0.3112479363637062, 0.6695491549407723, -0.18597669699155558, -0.2318877992390757, 0.35281113551343507, -0.13946273255036404, 0.5270922031277306, 0.045797879140217886], [-0.5049073972886006, -0.5930761409798307, -0.03875888954344421, 0.03026199330249125, -0.5607820128208291, 0.017053716867259868, 0.10027405997222283, 0.473719755365967, 0.4794855855968935, 0.7353375203823316, -0.2706433793626307, 0.027602224508671124, -0.004018041873189111], [-0.3931814270691343, -0.1218990411397555, 0.15587678251739326, -0.6264849359755598, 0.3957113605196235, -0.47774830418272307, 0.08130889371925548, 0.5032101224683588, -0.11303253331431037, 0.020232080818622697, 0.6847862244491435, 0.7418257865378557, 0.08506738272771483]], "inverted": false, "swapped": false, "error_lsq": 0.042658455679347625, "error_max": 0.25655923682804227, "target": "197.xyz", "model": "27.xyz", "model_rescale": 4.103607728864725, "target_rescale": 3.7978628845869604},
{"mapping": [13, 8, 12, 11, 1, 6, 5, 3, 10, 9, 2, 0, 14], "R": [[0.4329933220750573, -0.9003096579756789, 0.04426401240423505], [0.8973083783838596, 0.4258373504396264, -0.11619046885475254], [0.08575813151260978, 0.09002816629408497, 0.9922401282719776]], "T": [0.0139842461536763, 0.01484303993283374, -0.028520887729045027], "aligned_model": [[-0.44797862783933096, 0.18290046962516374, -0.7412263320810267, -0.046308289831980584, 0.5602073039398912, 0.3650218259925073, 0.7380765265313938, -0.19588946539845098, -0.18526762042660533, 0.4458628551621294, -0.19723609570487882, 0.381298730470199, 0.07996343246449375], [-0.3986926524424851, -0.7490244328277036, -0.046392748499313075, -0.13006442918816333, -0.4468311476944158, 0.2838712502701123, 0.11704386902867929, 0.3100338381817586, 0.4682740916800293, 0.7087563689565581, -0.30860658882773595, 0.12756975772322726, -0.04438818223323568], [-0.21680542543059822, -0.2739873219174695, 0.3754602725522663, -0.6974213802962528, 0.5112551285001551, -0.48202248908838635, -0.04816192668801561, 0.6290095453273313, -0.14882987027589398, 0.01718562096640662, 0.5976476287837911, 0.5731970675366581, 0.09914554210649244]], "inverted": true, "swapped": false, "error_lsq": 0.04409760816776182, "error_max": 0.25435399420405863, "target": "197.xyz", "model": "28.xyz", "model_rescale": 4.137296879288765, "target_rescale": 3.7978628845869604},
