[{"mapping": [8, 2, 1, 3, 4, 0, 5, 9, 7, 6, 10, 11], "R": [[0.1505859584779657, 0.9751975725447959, 0.16221456041925028], [0.9762126654475503, -0.17257495421530528, 0.1312505885601089], [0.1559894256963019, 0.13859141272215786, -0.9779875865217386]], "T": [-0.05992117442883274, 0.037689951328850974, -0.03661812663689226], "aligned_model": [[-0.30639859841617095, 0.2807616696887567, 0.5726291677679629, -0.6939444758590307, -0.3337824055269597, 0.35909922846569364, 0.5768572062389228, -0.5192842588086254, 0.4414937983925139, 0.02198981928805563, -0.19663364793958957, -0.00393722195864421], [-0.532452550273303, -0.3808430181863154, -0.27973254998889574, 0.2807151828058704, 0.3112895074804233, 0.28693761456119826, 0.5410318262284274, -0.09808771759410709, 0.13860076661494067, -0.47819794992251974, 0.5612327554105605, 0.07306706328606088], [-0.16810918345298842, -0.6345442079706892, -0.004938799578749091, -0.15057296372606008, -0.7454846695902311, -0.4175234932738362, 0.13614351093533986, 0.3374225205645801, 0.760252843003035, 0.4656813357416023, 0.37444631824455965, -0.05774897857156477]], "inverted": true, "swapped": false, "error_lsq": 0.046839340449395, "error_max": 0.2731710808319017, "target": "198.xyz", "model": "0.xyz", "model_rescale": 3.751011558992144, "target_rescale": 3.638931235851059},
{"mapping": [8, 5, 13, 4, 10, 9, 11, 1, 7, 0, 6, 14], "R": [[0.33390848204295825, 0.9331251380795116, 0.13335142407885947], [0.656778076756215, -0.33179364695231967, 0.6771672863735274], [0.6761269729216361, -0.13852960884291798, -0.7236448465660854]], "T": [0.07055685879643207, -0.04987049867892777, 0.01051653997507774], "aligned_model": [[-0.37592367657610426, 0.20019325552327838, 0.689697691052194, -0.6682866389594335, -0.14815567512141442, 0.476073389830657, 0.35751409194048517, -0.43434762311943725, 0.15584742797169898, -0.0032240990295764466, -0.16809481269384735, 0.11755695051438445], [-0.46784389577998586, -0.33330176720196647, -0.3566343089697943, 0.11062051103395873, 0.47800785660836975, 0.16292153572663662, 0.6944480420300125, -0.05822432275647058, 0.15709992527925273, -0.5046452785075578, 0.562965794161544, -0.021853161201659116], [-0.24711036659550423, -0.530729400113826, -0.21323062275564897, -0.2217051031485222, -0.5776696700428665, -0.4632613768655064, 0.02991873649760924, 0.49081564178600673, 0.6346685937356772, 0.613211146217396, 0.37273581492132335, 0.007380838688859474]], "inverted": false, "swapped": false, "error_lsq": 0.037741856117736935, "error_max": 0.21198315701709777, "target": "198.xyz", "model": "1.xyz", "model_rescale": 3.9405287249114394, "target_rescale": 3.638931235851059},
{"mapping": [0, 5, 2, 6, 11, 9, 8, 7, 4, 1, 3, 12], "R": [[0.3384191184922364, 0.5127982723636232, 0.7889933029499181], [-0.2740141320753574, 0.8558334337728196, -0.4387087747693379], [-0.9002159494598652, -0.06772787828884289, 0.43014436976504233]], "T": [-0.00644664608409392, 0.07110166805008651, 0.01615090022910014], "aligned_model": [[-0.35116737321521296, 0.22462993419335617, 0.4471270979493018, -0.5334935479975347, -0.21237682599954036, 0.46521487085592006, 0.5610210384176517, -0.5603697793120512, 0.2771806335982488, 0.028162327837852198, -0.21364157107951337, 0.06656347608440691], [-0.6208679608205312, -0.24885052616114012, -0.42203437479794365, 0.01760353817529249, 0.2407800174295554, 0.5125522088363839, 0.5889312802053158, 0.15103763997859737, 0.20062525103383883, -0.5640759495595745, 0.5438767445033654, 0.023983061599180754], [-0.3083111796550228, -0.594021606397878, -0.10736966279311193, -0.10515535135245434, -0.6444672253086672, -0.4665891339170122, 0.11873106366801416, 0.5780132107847274, 0.6442232921982549, 0.48793257152425673, 0.2618207370215523, 0.030217516552338855]], "inverted": true, "swapped": false, "error_lsq": 0.04552324388465351, "error_max": 0.26220557411364964, "target": "198.xyz", "model": "2.xyz", "model_rescale": 3.932901565614263, "target_rescale": 3.638931235851059},
{"mapping": [9, 5, 7, 10, 6, 4, 0, 11, 3, 8, 1, 13], "R": [[0.8904381899281657, 0.07635799059929464, 0.44865274677537614], [-0.4530217583428893, 0.05451597702387341, 0.8898310484114663], [0.04348696799465912, -0.995589004318936, 0.08313493906812558]], "T": [0.020341561225503398, 0.06393453662975013, 0.029359113466616855], "aligned_model": [[-0.04008701909191639, 0.06271700332680277, 0.5729125619326398, -0.6713032262709046, -0.22890066294978825, 0.6561966134924715, 0.48189517988014824, -0.6334229560395858, 0.2142902202162161, 0.013465374142158117, -0.1799803473995143, -0.04893245990584248], [-0.6399905345418263, -0.2229764732612255, -0.37517072020397907, 0.2079787732228885, 0.3041885282517779, 0.3196337931771207, 0.5312308257078396, -0.09917662610844485, 0.0892050275245301, -0.48592124370981926, 0.7561679741782401, 0.03839160618523824], [-0.17221176797650567, -0.6284296671953268, -0.07831822837297658, -0.08906464316430956, -0.5595794180284744, -0.5124274194459949, 0.16184595984638458, 0.6156145210517131, 0.5009848104413046, 0.5155669542202052, 0.20097677507749023, -0.05993364412851147]], "inverted": true, "swapped": false, "error_lsq": 0.04858889487666471, "error_max": 0.23109703726181519, "target": "198.xyz", "model": "3.xyz", "model_rescale": 3.9243930471874484, "target_rescale": 3.638931235851059},
{"mapping": [9, 8, 10, 1, 7, 4, 3, 5, 6, 11, 0, 12], "R": [[-0.6476631767815032, 0.14464366095655407, -0.748071267184068], [-0.5255145763542917, 0.6261087384626655, 0.576040170179007], [0.5516945164495123, 0.7662023616289468, -0.32949522235347173]], "T": [0.06309372071589031, -0.007067770938733842, -0.04063613653203064], "aligned_model": [[-0.28120190691418295, 0.16371219660570566, 0.7024418280423581, -0.6212572730831845, -0.19777113050950174, 0.3650824351645063, 0.44066988547661584, -0.38950882154071176, 0.2718782113032641, 0.07412689770116782, -0.31302020572501366, -0.016301835188138714], [-0.6043386865257074, -0.31772097393795856, -0.3042017474693646, 0.15656135074741773, 0.37309759778993373, 0.2960391683650581, 0.4985875609309906, 0.17695763232425085, 0.0474090868068327, -0.6592221773395583, 0.7140782671946211, 0.04631385153582451], [-0.1903537572905337, -0.5788803921373836, -0.04918699427090712, -0.163312653457326, -0.6966411523106655, -0.4520924150497319, 0.19324908215648418, 0.5380768229492997, 0.648535702124375, 0.40736719002383076, 0.20797814178352447, 0.030284657804031744]], "inverted": true, "swapped": false, "error_lsq": 0.041027333343177555, "error_max": 0.25086447864810946, "target": "198.xyz", "model": "4.xyz", "model_rescale": 3.8936222436046832, "target_rescale": 3.638931235851059},
{"mapping": [9, 6, 1, 8, 7, 5, 4, 3, 2, 0, 10, 11], "R": [[-0.9789648739335446, -0.169148742118092, -0.11408978325926535], [-0.1752052819952593, 0.9834911174899351, 0.04525849068804894], [0.10455087166179251, 0.06429560527956593, -0.992439010910239]], "T": [-0.07104858541104797, 0.04966868266234481, -0.02998791352248562], "aligned_model": [[-0.3015678566208442, 0.1431361384534915, 0.5765538494105082, -0.8068530330055041, -0.20238185718654356, 0.5763371329318218, 0.49709802810681114, -0.3948488722508414, 0.24442245189409428, 0.02222094032027984, -0.2433145099407484, 0.0880478692203599], [-0.5099141381827135, -0.204327819836423, -0.417128010393531, 0.05367154957326234, 0.4408039551911887, 0.22922917351297178, 0.5861930567198564, -0.07554917358960256, 0.20418821055828948, -0.5827627199791602, 0.6136661215159017, 0.08549072533229968], [-0.1555421887872072, -0.7540178223585637, 0.04630560472342174, -0.09661086968276257, -0.5294999731332481, -0.4836624872623321, 0.11134722187290835, 0.428003238181696, 0.628616827611796, 0.5816080523731149, 0.19738565507690164, -0.07890902629072687]], "inverted": false, "swapped": false, "error_lsq": 0.04198427600913523, "error_max": 0.23592926146299975, "target": "198.xyz", "model": "5.xyz", "model_rescale": 3.6523030999806103, "target_rescale": 3.638931235851059},
{"mapping": [1, 2, 3, 6, 10, 4, 11, 8, 7, 5, 9, 12], "R": [[-0.9380047459405153, 0.34467112049647913, -0.03672758212530475], [-0.15078828949678907, -0.31034823668039274, 0.9385876963502152], [0.3121057326351151, 0.8859378029439046, 0.3430804875990844]], "T": [-0.02716528999005118, -0.00413496168671923, 0.013477670738494107], "aligned_model": [[-0.13669997947095905, 0.0795810484738198, 0.598290281310074, -0.5918851277646092, -0.2434690603898636, 0.32053346987759807, 0.5849144387315512, -0.6001896941526703, 0.45502791525483277, -0.10980437290387667, -0.1966760134244235, 0.039227375791411334], [-0.6591300532711681, -0.2694377491056152, -0.306386396981701, -0.02398221993770372, 0.5928741160600681, 0.17684474415602133, 0.6241806648507, 0.00562080297702619, 0.09735899173214285, -0.3802875242781478, 0.622135335197455, -0.05622978097673715], [-0.1898900941458238, -0.6896804085164048, 0.003985508722538705, -0.3079598087748711, -0.4398057744321287, -0.4054298612855688, 0.08521944572321695, 0.36738579434742136, 0.4867711842502037, 0.5752459162079294, 0.33240478633390075, 0.07677754389458484]], "inverted": true, "swapped": false, "error_lsq": 0.04267795673605936, "error_max": 0.21762355163660962, "target": "198.xyz", "model": "6.xyz", "model_rescale": 4.08911054899281, "target_rescale": 3.638931235851059},
{"mapping": [3, 4, 10, 2, 7, 5, 12, 1, 11, 9, 13, 14], "R": [[0.562241387583056, -0.6311082188142465, -0.5344034414501737], [-0.8212518528969954, -0.5019911488471136, -0.2712015497603345], [-0.097108270512516, 0.5913605521374118, -0.8005389941619357]], "T": [0.011155922453374276, -0.019431428935433544, -0.03249717765806272], "aligned_model": [[-0.27655825797946887, 0.25112084199648854, 0.7249844649965687, -0.7277701852481862, -0.22190928158935133, 0.45775993272286625, 0.4402704356064355, -0.48868497880388284, 0.2752385425911915, -0.09730927150858124, -0.13191774500351716, -0.006374216447677666], [-0.7145212819055395, -0.4029875122762818, -0.039767407033610085, 0.29851762878300026, 0.5093280969646018, 0.206398189477356, 0.5393060925767645, -0.008631465892830072, 0.08061911342592817, -0.583640217395322, 0.6398285613041764, -0.10088886760590365], [-0.2785095410498797, -0.5730071757368678, 0.06399198415523431, -0.08759842396190466, -0.5476504936446178, -0.6069944109343159, 0.07555389668650069, 0.5041484158988084, 0.4820718863863077, 0.5008517256230923, 0.251757485102863, 0.1104088837997773]], "inverted": true, "swapped": false, "error_lsq": 0.04766693022564077, "error_max": 0.3493509043837111, "target": "198.xyz", "model": "7.xyz", "model_rescale": 3.964800864290218, "target_rescale": 3.638931235851059},
{"mapping": [3, 0, 1, 6, 4, 2, 7, 10, 8, 5, 9, 13], "R": [[0.6985288618601151, -0.5786288698380047, -0.42100600962267265], [0.7154750039771172, 0.5749233466497752, 0.3969365996742642], [0.012367207945074371, -0.5784909476102597, 0.8155950439406969]], "T": [-0.020580383504373526, 0.10135058627579949, -0.0650701943690003], "aligned_model": [[-0.3160867585375825, 0.14576762892962714, 0.6737763848215158, -0.48220042224486453, -0.23491301078384202, 0.3360030343748749, 0.607523633100176, -0.5383363980563168, 0.26722797634732554, -0.037787499123141804, -0.20671180235661135, -0.015412485138275662], [-0.5428150270923198, -0.38135865027943316, -0.18050001694300247, 0.054595463235301074, 0.5501060688511155, 0.25339423360131663, 0.42175608200682757, -0.0684235281390144, 0.17319089004998925, -0.4427267143133191, 0.484646541171864, 0.10169558827301542], [-0.21898361344353762, -0.5675435809540665, -0.025715310077216946, -0.41324647368916606, -0.5628386513406309, -0.6020429340454191, 0.03331083831666917, 0.5499415717600596, 0.6441990776006712, 0.5695592480019954, 0.4755738961979652, 0.012810163997675122]], "inverted": false, "swapped": false, "error_lsq": 0.046389636838482295, "error_max": 0.24930832607333797, "target": "198.xyz", "model": "8.xyz", "model_rescale": 4.121658175737393, "target_rescale": 3.638931235851059},
{"mapping": [9, 7, 5, 6, 8, 11, 3, 1, 0, 4, 2, 12], "R": [[-0.3535987096637938, 0.8579182950179527, 0.37275213158020915], [0.6231548004823257, 0.5132433207655174, -0.5901350593935405], [-0.6976002058198759, 0.0236112846553046, -0.7160980799282968]], "T": [0.09660633800188913, 0.048976242081303495, -0.06537897671317094], "aligned_model": [[-0.2652538025543333, 0.19328286152025076, 0.49371013463071034, -0.5730640313731287, -0.3191432509791951, 0.41932996679260015, 0.4956707080961059, -0.3149936289504813, 0.3177270609263238, -0.15498241627869697, -0.13695863753298987, 0.04352531703571892], [-0.676529621659444, -0.22268341499107067, -0.40721658128829763, -0.06691142841798958, 0.43255821044865816, 0.3650927189524439, 0.71439787556242, 0.1070499576078123, 0.03612317963229986, -0.5529217654002009, 0.6434998907629225, 0.05110190921278615], [-0.2548210454027058, -0.6753507718258048, 0.06077406084369655, -0.20063316075694745, -0.5242585802398312, -0.511419229408191, 0.07830703404170705, 0.4842978615138773, 0.6894485981682291, 0.5367421116304135, 0.20726636841594015, 0.0046709853446143396]], "inverted": false, "swapped": false, "error_lsq": 0.04313571282175082, "error_max": 0.23525296953052216, "target": "198.xyz", "model": "9.xyz", "model_rescale": 3.833441315466971, "target_rescale": 3.638931235851059},
{"mapping": [12, 11, 7, 0, 10, 8, 9, 5, 3, 4, 13, 14], "R": [[0.02120310595873401, -0.9827266675286029, -0.1838442961471192], [0.2174020105082469, 0.18401749663839326, -0.9585791186740463], [0.975851830005291, -0.01964326497978164, 0.21754849578027258]], "T": [-0.06937096855160169, -0.08664226212555678, -0.004906215471821749], "aligned_model": [[-0.2766915028898416, 0.30495815881570093, 0.5685925152188489, -0.6935581792657106, -0.22289226997296946, 0.3235430846485501, 0.574902575140579, -0.4484558565235812, 0.5365428773799725, -0.03654472038430773, -0.4404554755775601, 0.00890907474320407], [-0.5133461803979563, -0.22498284573209396, -0.2678599928627342, 0.14624264318706615, 0.28033956049736586, 0.4514545973528109, 0.38846228333177935, 0.12371590376648664, -0.058971612979992094, -0.4442850435714337, 0.5949009757564906, -0.05210935792544888], [-0.3763386043173033, -0.5581481773433046, -0.06875528926114223, -0.14624944510146398, -0.7242876827019121, -0.40941787042639327, 0.12585080467169707, 0.5142077327330189, 0.6167243791998881, 0.7070816063349525, 0.17807368767934761, 0.036283090857613214]], "inverted": true, "swapped": false, "error_lsq": 0.05383062410266279, "error_max": 0.2521478714636307, "target": "198.xyz", "model": "10.xyz", "model_rescale": 4.2482417240324, "target_rescale": 3.638931235851059},
{"mapping": [2, 6, 1, 5, 4, 0, 10, 7, 8, 3, 9, 11], "R": [[-0.5331260971053189, -0.8137632000825435, -0.2314433381557313], [-0.5654028714903784, 0.5461970537211264, -0.6180520782400101], [0.6293617064103, -0.19864096429935862, -0.7512959535406378]], "T": [0.04788255597021948, -0.023224080282926288, -0.018480420701724974], "aligned_model": [[-0.1385845002230095, -0.08363838110444863, 0.6420684010062541, -0.640113606590693, -0.23773802798503088, 0.6706763098423925, 0.32665159731066684, -0.4475514469560671, 0.36542184486765217, 0.03016522433125371, -0.27322003247257765, -0.015287100693507444], [-0.7331053771637889, -0.16597379137740392, -0.4053865676569367, 0.12047082680041672, 0.5543554671554987, 0.21101706520971097, 0.5410603517793163, -0.0033235669101621818, 0.05177349746410746, -0.5039584001618591, 0.6727399950643295, 0.08389143021911132], [-0.1136427434878631, -0.6371943297391901, -0.02492778924435001, -0.28343178284447296, -0.6106479043025486, -0.3805556916468097, 0.11889957732132247, 0.44271949799654253, 0.5015214949614815, 0.6347057980000171, 0.28456748914139, -0.03698938383052106]], "inverted": false, "swapped": false, "error_lsq": 0.04488111798849213, "error_max": 0.2678780893820847, "target": "198.xyz", "model": "11.xyz", "model_rescale": 3.6694154284099745, "target_rescale": 3.638931235851059},
{"mapping": [12, 10, 8, 5, 7, 9, 11, 0, 4, 1, 6, 13], "R": [[0.6813068454386317, 0.6345649887677881, 0.36489485799144633], [0.4188476180416917, -0.7467729306897588, 0.5166206179101163], [0.6003229590972363, -0.19914182137151934, -0.7745675437052424]], "T": [0.027094410558589306, -0.0011692869986368107, -0.005425833234137647], "aligned_model": [[-0.3934664282303274, 0.1032769031120945, 0.7716803368847577, -0.7221673925177698, -0.18019871535355805, 0.5363763463063171, 0.499288322353892, -0.45612233641178823, 0.2357630207786358, 0.01395408879728894, -0.18329165887184143, -0.026242205514816104], [-0.4963566059023623, -0.27190141373475796, -0.12420168698752468, 0.23947129678438808, 0.3246638510288632, 0.2809099982547689, 0.5581826536981167, -0.024085496799272, 0.12173882320142171, -0.6525767900184845, 0.4977193246071396, -0.030003023709956528], [-0.20464079336663374, -0.5750126402176865, -0.060676880111694614, -0.16439014483900738, -0.6402704162481753, -0.5583719912297099, 0.0904228235603109, 0.5206105601847949, 0.6938807213656151, 0.5349158096687752, 0.1579837394761074, 0.1005734440823014]], "inverted": false, "swapped": false, "error_lsq": 0.042410363503761345, "error_max": 0.26545156323845714, "target": "198.xyz", "model": "12.xyz", "model_rescale": 3.9764082729961374, "target_rescale": 3.638931235851059},
{"mapping": [13, 1, 9, 11, 8, 2, 7, 14, 4, 6, 3, 15], "R": [[0.10483580755401828, -0.13824397031753421, -0.9848340256740433], [-0.858781674576426, 0.4867994193596949, -0.15975093340188695], [0.5015012351592039, 0.8625050318588925, -0.06768737808398499]], "T": [0.10488457650215775, -0.12298495248320407, -0.0392868090143692], "aligned_model": [[-0.34228920233516225, 0.24281022447053008, 0.6151781587027219, -0.6436618691983189, -0.16208305240576804, 0.4885420615507185, 0.43551996096690593, -0.5705853708152004, 0.463952997262624, -0.10560017062778625, -0.3154793718682266, 0.09254591562984732], [-0.5332136344869087, -0.14699029317865633, -0.3912501815200362, 0.07030988865375398, 0.39161249572654055, 0.3920767731562744, 0.5326650030130247, -0.05050404383558561, 0.059439073165199086, -0.42609817976037545, 0.5809076215477736, -0.05539359205866404], [0.03963458332480633, -0.6587404695182003, -0.20997176257605382, -0.22056014342523161, -0.44372541753221134, -0.51233846248745, 0.13914266534632025, 0.38177720954785666, 0.5554022407066121, 0.6296506681645471, 0.15116749639277327, 0.04358562438122953]], "inverted": false, "swapped": false, "error_lsq": 0.0419954780226216, "error_max": 0.24799885916676737, "target": "198.xyz", "model": "13.xyz", "model_rescale": 4.170626492500431, "target_rescale": 3.638931235851059},
{"mapping": [4, 8, 12, 2, 0, 7, 9, 6, 11, 5, 3, 13], "R": [[-0.4146537848972271, 0.11573298185097945, -0.9025896717680109], [0.3100323458664362, 0.9505038111623609, -0.020553575902552357], [0.8555361963043757, -0.28835461133421875, -0.4300109707150889]], "T": [0.006140047459433801, 0.11506769487437815, -0.08424375607189027], "aligned_model": [[-0.263045070857593, 0.32478958396087954, 0.38473627679278144, -0.6414302936388369, -0.20072235570564328, 0.44082139564313155, 0.5627149833599725, -0.4321146062369402, 0.24443285028918432, 0.05756566285849823, -0.2921385034791939, 0.013240358346644382], [-0.4951843994211641, -0.31602982645373134, -0.5012545641645902, 0.12805018453708533, 0.37531746129367427, 0.3388089625175197, 0.6320698555704521, -0.09222501623723453, 0.17472208552943375, -0.49544115528929544, 0.5863396528698073, 0.08838768967038342], [-0.32547991438480484, -0.5982220560001049, 0.0276396177324732, -0.20007240334177637, -0.5795582135262972, -0.7310990517783189, 0.19725143931655842, 0.603107578736995, 0.5785665825063953, 0.5879572393966408, 0.32122665232678776, 0.013706761340450041]], "inverted": true, "swapped": false, "error_lsq": 0.047870597359854376, "error_max": 0.3033500780121188, "target": "198.xyz", "model": "14.xyz", "model_rescale": 3.9786697098870705, "target_rescale": 3.638931235851059},
{"mapping": [6, 9, 8, 1, 0, 3, 2, 10, 5, 7, 4, 11], "R": [[0.978261225171265, -0.07764850225588724, 0.19229062749867354], [0.20368843864582972, 0.1856830070001605, -0.9612662694973765], [0.038935784163673895, 0.9795368961957464, 0.19746258810915035]], "T": [-0.01728933918683508, -0.0003733630095473575, -0.005918822197787871], "aligned_model": [[-0.40266168589823303, 0.18273834878808976, 0.49477622580641, -0.6857114213703952, -0.11682284444169207, 0.6404031772773605, 0.4939126976369307, -0.6081537971720286, 0.4293060837779569, -0.028327267634955012, -0.15116992340758068, -0.0494393120289784], [-0.6290752166977814, -0.2952331022369883, -0.02783902586647994, 0.03100305032096331, 0.4672085256043382, 0.160369164797466, 0.7013772650275133, -0.02610833335657168, 0.13827957836614363, -0.5198089077970839, 0.49381419222133377, -0.07042625996051291], [-0.29501711752836357, -0.5162725488182136, 0.09032368677809428, -0.11949492984481516, -0.5111572261722847, -0.627812403000696, -0.014039774349936026, 0.5793485458383845, 0.6467583397779593, 0.4026651769230122, 0.32989270159909495, -0.07017021887723804]], "inverted": false, "swapped": false, "error_lsq": 0.05332890863109952, "error_max": 0.3776528139831048, "target": "198.xyz", "model": "15.xyz", "model_rescale": 3.769337070930944, "target_rescale": 3.638931235851059},
{"mapping": [7, 10, 0, 3, 9, 8, 2, 6, 1, 4, 11], "R": [[0.9110210520381978, -0.3425176763577058, 0.2296133361234348], [-0.18753191973856587, -0.8400524972665354, -0.5090614706648166], [0.3672498084715411, 0.420705886836369, -0.8295385072188276]], "T": [0.009453882702104783, 0.0769278757420478, 0.0114531903662062], "aligned_model": [[-0.3486449505908102, -0.3631559422547245, -0.06832051227668827, -0.6513711124983433, 0.29007884750223123, 0.4421750267972767, 0.6747684272135567, 0.2452953294847473, 0.1052740987370574, -0.47158661160171034, 0.06811353017857825], [-0.07305241935546204, -0.5137672605561131, 0.735260594944927, 0.1964077133848331, 0.23153836113883658, -0.3993378092193548, 0.2869455470471244, -0.5640821321436394, 0.5986578383599787, 0.005008702927816591, 0.09248536109639534], [-0.5946915118067736, -0.07115220169637845, -0.19249865141814165, 0.020818527620360343, -0.7180100915746221, -0.3186094193845841, 0.1592049574224038, 0.3786847682877369, 0.4460006874641393, 0.6645448341676564, -0.030074291858019832]], "inverted": false, "swapped": true, "error_lsq": 0.03980633630551593, "error_max": 0.22693714076844526, "target": "198.xyz", "model": "16.xyz", "model_rescale": 3.7852294659196426, "target_rescale": 3.638931235851059},
{"mapping": [0, 4, 10, 3, 1, 5, 7, 8, 11, 9, 2, 12], "R": [[-0.38885383725725997, 0.8526398079196499, 0.3489957753340967], [-0.060288757847524244, -0.4015460118524343, 0.9138523217908939], [0.9193247298574685, 0.33431446022591904, 0.20754730245499559]], "T": [0.020142157373909474, 0.06462926612306562, -0.0177312512669084], "aligned_model": [[-0.3117237762906938, 0.1404418714475577, 0.6281808243078227, -0.7381357997615783, -0.1493146528598414, 0.40579388406206335, 0.43674194757201945, -0.3420564363723398, 0.24843827296473164, 0.0306023073511126, -0.21635577288488855, 0.06623761179691888], [-0.5044255965784351, -0.25922372399726323, -0.459658126360323, 0.13621988134879176, 0.5184024368358516, 0.23347581579344884, 0.6207382112938024, -0.10205152108346614, 0.24413663758905585, -0.611786305748606, 0.5982490022076159, 0.009484219121867407], [-0.19602516885082044, -0.6361436578965904, 0.05058261903290011, -0.24660828090638437, -0.5072498446356761, -0.5226793663512558, 0.07508286988069907, 0.49727904486018853, 0.6557597001413392, 0.5204270385547901, 0.1650410860126389, 0.039558192483169226]], "inverted": false, "swapped": false, "error_lsq": 0.03664316816961596, "error_max": 0.20267168374232944, "target": "198.xyz", "model": "17.xyz", "model_rescale": 3.901054581598922, "target_rescale": 3.638931235851059},
{"mapping": [8, 5, 13, 4, 10, 9, 11, 1, 7, 0, 6, 14], "R": [[0.33390848204295825, 0.9331251380795116, 0.13335142407885947], [0.656778076756215, -0.33179364695231967, 0.6771672863735274], [0.6761269729216361, -0.13852960884291798, -0.7236448465660854]], "T": [0.07055685879643207, -0.04987049867892777, 0.01051653997507774], "aligned_model": [[-0.37592367657610426, 0.20019325552327838, 0.689697691052194, -0.6682866389594335, -0.14815567512141442, 0.476073389830657, 0.35751409194048517, -0.43434762311943725, 0.15584742797169898, -0.0032240990295764466, -0.16809481269384735, 0.11755695051438445], [-0.46784389577998586, -0.33330176720196647, -0.3566343089697943, 0.11062051103395873, 0.47800785660836975, 0.16292153572663662, 0.6944480420300125, -0.05822432275647058, 0.15709992527925273, -0.5046452785075578, 0.562965794161544, -0.021853161201659116], [-0.24711036659550423, -0.530729400113826, -0.21323062275564897, -0.2217051031485222, -0.5776696700428665, -0.4632613768655064, 0.02991873649760924, 0.49081564178600673, 0.6346685937356772, 0.613211146217396, 0.37273581492132335, 0.007380838688859474]], "inverted": false, "swapped": false, "error_lsq": 0.037741856117736935, "error_max": 0.21198315701709777, "target": "198.xyz", "model": "18.xyz", "model_rescale": 3.9405287249114394, "target_rescale": 3.638931235851059},
{"mapping": [13, 9, 11, 4, 8, 5, 2, 12, 10, 14, 1, 15], "R": [[-0.9624477453697456, -0.2191186602043476, 0.16025401768113356], [-0.0050031098912795835, 0.6045430193351852, 0.7965567818206771], [-0.2714209025187802, 0.7658425102613133, -0.5829373406743997]], "T": [-0.14186017065825346, 0.05859795404522075, 0.0016248045473752568], "aligned_model": [[-0.14845871494799218, 0.19800774568664142, 0.4449048714833375, -0.8338312162264347, -0.11606729957474349, 0.48728401000356064, 0.5399394620655256, -0.5343629779789448, 0.48260009785414176, 0.030853830800606385, -0.24492322919138473, -0.10709629864142896], [-0.6119324942359298, -0.2758703138931732, -0.3583764949201462, 0.06355538007822172, 0.4782134340372314, 0.34560359643023886, 0.5770092916736324, -0.055719190803766694, 0.02402923098505491, -0.459112589392219, 0.6225375922280237, 0.07362348823517174], [-0.03930467765192395, -0.5997325136405764, -0.0308143096578826, -0.23463040627025625, -0.6272867411315866, -0.4599680939437143, 0.14901621830369757, 0.36633317962031575, 0.4778163766923923, 0.5510650915576794, 0.3285338353670884, 0.013996273079764629]], "inverted": true, "swapped": false, "error_lsq": 0.04211643830637692, "error_max": 0.22340233154830472, "target": "198.xyz", "model": "19.xyz", "model_rescale": 4.410303926677745, "target_rescale": 3.638931235851059},
{"mapping": [3, 0, 1, 6, 4, 2, 7, 10, 8, 5, 9, 13], "R": [[0.6985288618601151, -0.5786288698380047, -0.42100600962267265], [0.7154750039771172, 0.5749233466497752, 0.3969365996742642], [0.012367207945074371, -0.5784909476102597, 0.8155950439406969]], "T": [-0.020580383504373526, 0.10135058627579949, -0.0650701943690003], "aligned_model": [[-0.3160867585375825, 0.14576762892962714, 0.6737763848215158, -0.48220042224486453, -0.23491301078384202, 0.3360030343748749, 0.607523633100176, -0.5383363980563168, 0.26722797634732554, -0.037787499123141804, -0.20671180235661135, -0.015412485138275662], [-0.5428150270923198, -0.38135865027943316, -0.18050001694300247, 0.054595463235301074, 0.5501060688511155, 0.25339423360131663, 0.42175608200682757, -0.0684235281390144, 0.17319089004998925, -0.4427267143133191, 0.484646541171864, 0.10169558827301542], [-0.21898361344353762, -0.5675435809540665, -0.025715310077216946, -0.41324647368916606, -0.5628386513406309, -0.6020429340454191, 0.03331083831666917, 0.5499415717600596, 0.6441990776006712, 0.5695592480019954, 0.4755738961979652, 0.012810163997675122]], "inverted": false, "swapped": false, "error_lsq": 0.046389636838482295, "error_max": 0.24930832607333797, "target": "198.xyz", "model": "20.xyz", "model_rescale": 4.121658175737393, "target_rescale": 3.638931235851059},
{"mapping": [1, 2, 3, 6, 10, 4, 11, 8, 7, 5, 9, 12], "R": [[-0.9380047459405153, 0.34467112049647913, -0.03672758212530475], [-0.15078828949678907, -0.31034823668039274, 0.9385876963502152], [0.3121057326351151, 0.8859378029439046, 0.3430804875990844]], "T": [-0.02716528999005118, -0.00413496168671923, 0.013477670738494107], "aligned_model": [[-0.13669997947095905, 0.0795810484738198, 0.598290281310074, -0.5918851277646092, -0.2434690603898636, 0.32053346987759807, 0.5849144387315512, -0.6001896941526703, 0.45502791525483277, -0.10980437290387667, -0.1966760134244235, 0.039227375791411334], [-0.6591300532711681, -0.2694377491056152, -0.306386396981701, -0.02398221993770372, 0.5928741160600681, 0.17684474415602133, 0.6241806648507, 0.00562080297702619, 0.09735899173214285, -0.3802875242781478, 0.622135335197455, -0.05622978097673715], [-0.1898900941458238, -0.6896804085164048, 0.003985508722538705, -0.3079598087748711, -0.4398057744321287, -0.4054298612855688, 0.08521944572321695, 0.36738579434742136, 0.4867711842502037, 0.5752459162079294, 0.33240478633390075, 0.07677754389458484]], "inverted": true, "swapped": false, "error_lsq": 0.04267795673605936, "error_max": 0.21762355163660962, "target": "198.xyz", "model": "21.xyz", "model_rescale": 4.08911054899281, "target_rescale": 3.638931235851059},
{"mapping": [9, 10, 7, 11, 8, 6, 0, 15, 4, 14, 1, 16], "R": [[-0.5120213645570569, 0.4234636492667333, 0.7473370457744155], [0.8092856441769308, 0.5294352681796192, 0.2544701218939175], [-0.2879077428035932, 0.7351032815579565, -0.6137852206403019]], "T": [0.022599979552887717, -0.04050370453366219, 0.0679514603255511], "aligned_model": [[-0.262621021547305, 0.260571950169352, 0.6720141909594985, -0.672810744130808, -0.21207093418312212, 0.3835177466873514, 0.5734458865634069, -0.5979216500618358, 0.4000690244519115, -0.14664753444389597, -0.26424649405398515, 0.06554986092231659], [-0.6444824077612273, -0.46359205726099323, -0.1742206294781474, 0.19814715529446142, 0.41857365993149354, 0.3041124342565851, 0.5029708396221404, -0.035157767315318215, 0.19140492558171324, -0.5364938969503628, 0.6904815902266063, -0.028182915724610715], [-0.17985152218569964, -0.5766422071909139, -0.18929774572950053, -0.1449868470488235, -0.39566427899107953, -0.4857110820261443, 0.10377889065031198, 0.4506149496078693, 0.6064936529983145, 0.43831829736609457, 0.18361468131470016, 0.08435744355986916]], "inverted": true, "swapped": false, "error_lsq": 0.042602132249841586, "error_max": 0.2360789749361633, "target": "198.xyz", "model": "22.xyz", "model_rescale": 4.204369325754507, "target_rescale": 3.638931235851059},
{"mapping": [13, 9, 11, 4, 8, 5, 2, 12, 10, 14, 1, 15], "R": [[-0.9624477453697456, -0.2191186602043476, 0.16025401768113356], [-0.0050031098912795835, 0.6045430193351852, 0.7965567818206771], [-0.2714209025187802, 0.7658425102613133, -0.5829373406743997]], "T": [-0.14186017065825346, 0.05859795404522075, 0.0016248045473752568], "aligned_model": [[-0.14845871494799218, 0.19800774568664142, 0.4449048714833375, -0.8338312162264347, -0.11606729957474349, 0.48728401000356064, 0.5399394620655256, -0.5343629779789448, 0.48260009785414176, 0.030853830800606385, -0.24492322919138473, -0.10709629864142896], [-0.6119324942359298, -0.2758703138931732, -0.3583764949201462, 0.06355538007822172, 0.4782134340372314, 0.34560359643023886, 0.5770092916736324, -0.055719190803766694, 0.02402923098505491, -0.459112589392219, 0.6225375922280237, 0.07362348823517174], [-0.03930467765192395, -0.5997325136405764, -0.0308143096578826, -0.23463040627025625, -0.6272867411315866, -0.4599680939437143, 0.14901621830369757, 0.36633317962031575, 0.4778163766923923, 0.5510650915576794, 0.3285338353670884, 0.013996273079764629]], "inverted": true, "swapped": false, "error_lsq": 0.04211643830637692, "error_max": 0.22340233154830472, "target": "198.xyz", "model": "23.xyz", "model_rescale": 4.410303926677745, "target_rescale": 3.638931235851059},
{"mapping": [4, 5, 15, 0, 12, 6, 13, 1, 11, 10, 7, 16], "R": [[-0.09987900850986098, -0.35285192153335965, -0.9303331151417235], [-0.09657029467748965, -0.9271566564122996, 0.3620147961841728], [-0.990302156841532, 0.12600022198623773, 0.058528473535783276]], "T": [0.08432046528889706, -0.04621012413047234, 0.06859527291040621], "aligned_model": [[-0.18037720771270124, 0.07716985736206078, 0.6869247590231452, -0.5620344879389539, -0.12050938948785359, 0.5344859886668383, 0.34409604562400786, -0.5576725453123963, 0.2439724214221128, -0.03187411237959134, -0.20510904124624066, -0.03022200668754288], [-0.6300057981771733, -0.20258039775580372, -0.3166676485787113, 0.19367817422487751, 0.42318937563917086, 0.26811827563891155, 0.5924968866014023, 0.0768389078683395, 0.10045953702313529, -0.5221133210925493, 0.5188148614076825, -0.07866792237694141], [-0.18240696983464852, -0.5405838795238742, -0.20165458088627478, -0.239730350150936, -0.5509890030293901, -0.4571867621764538, -0.06835955954411671, 0.6245082693708062, 0.6633395456955139, 0.49731302798632004, 0.26584694754647265, 0.08492754687158027]], "inverted": true, "swapped": false, "error_lsq": 0.0353648081973078, "error_max": 0.19239125272522714, "target": "198.xyz", "model": "24.xyz", "model_rescale": 4.28219845311461, "target_rescale": 3.638931235851059},
{"mapping": [14, 11, 13, 8, 5, 9, 3, 0, 4, 2, 1, 15], "R": [[0.9143463547116671, -0.3739382628569522, 0.15537348292746536], [-0.2672938928133224, -0.8455869713009886, -0.4621002584187997], [0.3041787607479959, 0.3809893037049024, -0.873110778751624]], "T": [0.07450405371132471, -0.04101530625766229, -0.04561624395906626], "aligned_model": [[-0.18808392816287464, 0.007612456848440904, 0.5131669022485651, -0.5532822722861864, -0.21174917669602297, 0.5264423406786901, 0.3265999196355567, -0.3402831146416351, 0.3006955898203952, -0.02213445479690576, -0.2020908188555474, 0.04195683754040936], [-0.7338178373553343, -0.18027788879121773, -0.4268691494006588, 0.19160317360085438, 0.5416763292027461, 0.22584697787639804, 0.6720672137616653, 0.01355127127751906, 0.1800272466147513, -0.541466717653973, 0.5182103775460607, -0.036990066256470305], [-0.2222990942148939, -0.5677355010486823, 0.0621249922598416, -0.22924366197632057, -0.5968060723847859, -0.47153876033807285, 0.12173470132246318, 0.6547609869826861, 0.6136455794752785, 0.4115373493688923, 0.09804763421024056, 0.020796078668350856]], "inverted": false, "swapped": false, "error_lsq": 0.04464089639629967, "error_max": 0.24053766151640654, "target": "198.xyz", "model": "25.xyz", "model_rescale": 4.100010024507729, "target_rescale": 3.638931235851059},
{"mapping": [2, 6, 1, 5, 4, 0, 10, 7, 8, 3, 9, 11], "R": [[-0.5331260971053189, -0.8137632000825435, -0.2314433381557313], [-0.5654028714903784, 0.5461970537211264, -0.6180520782400101], [0.6293617064103, -0.19864096429935862, -0.7512959535406378]], "T": [0.04788255597021948, -0.023224080282926288, -0.018480420701724974], "aligned_model": [[-0.1385845002230095, -0.08363838110444863, 0.6420684010062541, -0.640113606590693, -0.23773802798503088, 0.6706763098423925, 0.32665159731066684, -0.4475514469560671, 0.36542184486765217, 0.03016522433125371, -0.27322003247257765, -0.015287100693507444], [-0.7331053771637889, -0.16597379137740392, -0.4053865676569367, 0.12047082680041672, 0.5543554671554987, 0.21101706520971097, 0.5410603517793163, -0.0033235669101621818, 0.05177349746410746, -0.5039584001618591, 0.6727399950643295, 0.08389143021911132], [-0.1136427434878631, -0.6371943297391901, -0.02492778924435001, -0.28343178284447296, -0.6106479043025486, -0.3805556916468097, 0.11889957732132247, 0.44271949799654253, 0.5015214949614815, 0.6347057980000171, 0.28456748914139, -0.03698938383052106]], "inverted": false, "swapped": false, "error_lsq": 0.04488111798849213, "error_max": 0.2678780893820847, "target": "198.xyz", "model": "26.xyz", "model_rescale": 3.6694154284099745, "target_rescale": 3.638931235851059},
{"mapping": [2, 0, 8, 6, 1, 5, 7, 12, 9, 11, 3, 13], "R": [[0.27665594844263425, -0.9600336265775411, 0.042390117146351936], [-0.7066815666886075, -0.1733580075741003, 0.6859651335982563], [-0.6512009286647571, -0.21973264903130152, -0.7263985913091003]], "T": [0.15147920867668918, -0.05798873701913453, -0.00847679273423604], "aligned_model": [[-0.3022663225348284, 0.044927982514301495, 0.7849182770883678, -0.49457798917410223, -0.21820647443128866, 0.46099412898115466, 0.36092388125566793, -0.4817648356362464, 0.29642988110533086, -0.2358441961163228, -0.13088936458799333, 0.11420531286884374], [-0.5468154403131097, -0.2531497257755466, -0.10476172443327629, 0.13424028215856346, 0.4299214324653739, 0.28381315560428405, 0.534305840553658, -0.04775362800250376, 0.06417412648295912, -0.5751738564176487, 0.6041737092540762, -0.0994132411544893], [-0.1399799989902233, -0.6309656422761801, 0.06169746670717627, -0.13827869216392535, -0.6448122513677585, -0.6514001785502443, 0.02958351762439396, 0.4696759404411211, 0.6464499763123548, 0.5560368046374174, 0.358456585294375, -0.021439295343508982]], "inverted": true, "swapped": false, "error_lsq": 0.04416267610232527, "error_max": 0.3199706466929726, "target": "198.xyz", "model": "27.xyz", "model_rescale": 4.103607728864725, "target_rescale": 3.638931235851059},
{"mapping": [10, 11, 13, 5, 7, 8, 4, 0, 2, 3, 1, 14], "R": [[-0.9038966630472023, 0.4204199696729533, -0.07885348205580717], [-0.4199220389214397, -0.8370378241633301, 0.35076083325818874], [0.08146351183317252, 0.3501638616706626, 0.9331393069738814]], "T": [-0.02556158526518597, -0.20069513675335454, -0.07291804301449425], "aligned_model": [[-0.13971259587818513, 0.19019663583222166, 0.6114952148207474, -0.6469030531947374, -0.1948637077160431, 0.3485435094259042, 0.6189297955882435, -0.45079818110420644, 0.2654321873370184, -0.12464678099668365, -0.22407527396851132, -0.05474746881288313], [-0.6971425876680986, -0.2822556629063223, -0.19649016150918247, 0.1408097325634573, 0.36656399513653476, 0.4316448853585155, 0.39396002132972113, 0.07018579806468878, 0.07380040744316707, -0.3968118753859767, 0.6051825982472754, -0.08588622025143972], [-0.08979262632893287, -0.720110057846121, -0.19129660780207783, -0.2530558093099773, -0.48478587883631163, -0.43688432080455253, 0.15648420219106077, 0.4325412507896571, 0.5445732741350452, 0.6448919606645875, 0.264741880136777, 0.02771696533584403]], "inverted": true, "swapped": false, "error_lsq": 0.04544500786354036, "error_max": 0.2762843265288914, "target": "198.xyz", "model": "28.xyz", "model_rescale": 4.137296879288765, "target_rescale": 3.638931235851059},
{"mapping": [3, 7, 9, 8, 2, 0, 1, 10, 6, 4, 11], "R": [[0.494100943816667, 0.5221822468951949, 0.6951186649392784], [-0.8519749001476757, 0.13152429985494, 0.50679397003716], [0.1732138182647011, -0.8426310340683838, 0.5098724483505748]], "T": [0.03924407269847014, 0.03254660666470942, -0.011630367022770462], "aligned_model": [[0.4313902141385641, -0.04558340658598891, -0.07282526089737873, -0.6267111697659195, -0.03560095823489733, 0.6197076993683538, 0.5360364927347462, -0.3375692049605907, -0.5653421032332202, 0.29746464998921934, 0.02045205815701042], [-0.4019505133053918, -0.6621024647411302, -0.23193379219057564, 0.014382274606619158, 0.6454947320841196, -0.023147042194858705, 0.5035783406931353, -0.4093709881336117, 0.31396618703116835, 0.12124528217568951, 0.04898580062278815], [0.31774247933532856, -0.18017481115814563, -0.7547737151409641, -0.29304036977564085, -0.3683855589352793, -0.3871398543124459, 0.0276327436671003, 0.38498414315805674, 0.38416329855506254, 0.7555434713006257, -0.08079780491069949]], "inverted": true, "swapped": true, "error_lsq": 0.044960487526586594, "error_max": 0.21842024212936656, "target": "198.xyz", "model": "29.xyz", "model_rescale": 3.607286011436655, "target_rescale": 3.638931235851059},
