[{"mapping": [6, 11, 7, 3, 8, 5, 9, 10, 4, 2, 0, 12], "R": [[0.22380664419877144, -0.9746225322106132, 0.004637425994768407], [0.7692986177502326, 0.17373185992974507, -0.6148145066383299], [0.5984064026563103, 0.1411671369431422, 0.7886581114191435]], "T": [0.010419434208568222, -0.02138565224361106, -0.04997769458862278], "aligned_model": [[-0.32168872653744435, 0.23608051078537504, 0.5747213470519686, -0.2406860056989658, -0.09447303673815363, -0.617385795739716, 0.34612917475037075, -0.18648051927865955, 0.5756545869657447, 0.24082068039525775, -0.5217664633070133, -0.15328329018821546], [-0.4611969070511595, -0.7109178146384728, -0.29587676957799436, 0.6262934215925996, 0.3685833966686195, -0.40743720821954216, -0.2962141585048646, -0.536064098615834, 0.15327322266989174, 0.40993855882274444, 0.2274013320232325, -0.02422793919216317], [-0.5640877450182414, -0.028228303693162038, -0.4664602318801084, -0.05343657447546851, -0.681421886960463, -0.004405427944619761, 0.5857149743356307, 0.4860213288963039, -0.06505320341713547, 0.5130819561931872, 0.4979333208024179, -0.03770646148477866]], "inverted": true, "swapped": true, "error_lsq": 0.039902114124496534, "error_max": 0.2326176369134453, "target": "199.xyz", "model": "0.xyz", "model_rescale": 3.751011558992144, "target_rescale": 3.9039548316451613},
{"mapping": [3, 7, 2, 0, 8, 12, 6, 4, 1, 5, 9, 10, 14], "R": [[0.5824106489711922, -0.46549737541787095, 0.6664158082188845], [-0.7851072374180408, -0.5346271989215785, 0.3126985512071966], [0.2107236619812012, -0.705326840303374, -0.6768379323212402]], "T": [0.0431443107832169, -0.05623021194311615, -0.10281307279913968], "aligned_model": [[-0.4236741817705381, 0.21983226759996408, -0.777547428587697, -0.4095910989716553, -0.29630429273803766, 0.17562339833252344, 0.6761299745879796, 0.3189023336726279, 0.09962602531793818, -0.2435532425639778, 0.20355031021604217, 0.6119502819741468, 0.0638089907197151], [-0.660653260572982, -0.5700942747422884, -0.02192912912609888, -0.357298100867254, 0.4937853506315786, -0.7443571686610215, -0.20950363114337453, 0.6135581676204451, -0.020050669279449408, 0.2560740757725818, -0.05123408820264403, 0.43607874711464123, -0.09144126547345027], [-0.11542904710134602, 0.27718970966001044, -0.19782152839143244, 0.4262363516522404, 0.047771716050814345, -0.3496038483104388, 0.27076711090236083, 0.21485815555424834, 0.5908629366257954, -0.5614595507914419, -0.741901936282005, -0.4292260077417849, -0.13937760692407453]], "inverted": false, "swapped": false, "error_lsq": 0.04320438876630323, "error_max": 0.31402209890194166, "target": "199.xyz", "model": "1.xyz", "model_rescale": 3.9405287249114394, "target_rescale": 3.9039548316451613},
{"mapping": [0, 5, 1, 2, 4, 11, 9, 8, 2, 7, 6, 3, 12], "R": [[0.3009020684013037, 0.8086246891635812, -0.5055532190649358], [-0.7915437963918052, 0.5074441361377052, 0.3405273367779841], [0.5318988283738418, 0.29770213431307435, 0.7927528464786326]], "T": [0.05159720935982694, -0.023556834334969357, -0.1302622482615052], "aligned_model": [[-0.3880248929629163, 0.14415814938061772, -0.728637442194313, -0.23795854671874583, -0.1484686440557907, 0.527229746220704, 0.7362657951050604, 0.4931447262625438, -0.23795854671874583, -0.25224404781274046, 0.011013246811623703, 0.2868630008868227, 0.013370793584911375], [-0.7283313516998126, -0.6269804747501256, 0.055814537793565155, -0.25448047693124076, 0.6334194998419936, -0.5369559650883815, -0.07703037662191427, 0.4689977769150374, -0.25448047693124076, 0.3353209573147219, -0.28800708594091123, 0.36219149366852627, -0.016543304499533815], [-0.2440834901206702, 0.26393143883576, -0.01998801664373598, 0.44157808166761614, 0.011340973846221652, -0.26371378050490013, 0.29252684225404635, 0.2736133704172682, 0.44157808166761614, -0.7688521591249446, -0.603310554250295, -0.4804734892983612, -0.051280843842675713]], "inverted": true, "swapped": false, "error_lsq": 0.05942652451709524, "error_max": 0.4829874860823284, "target": "199.xyz", "model": "2.xyz", "model_rescale": 3.932901565614263, "target_rescale": 3.9039548316451613},
{"mapping": [11, 1, 12, 10, 5, 3, 0, 4, 2, 9, 8, 7, 13], "R": [[0.6671889688728447, -0.2880291986158447, 0.6869483681901462], [0.5460670506967017, 0.8163578255804043, -0.1880709354393713], [-0.5066257553241803, 0.5005987228892506, 0.7019481908829563]], "T": [0.05093780313157242, -0.11999020367281285, -0.07157065866642495], "aligned_model": [[-0.3538088341998562, 0.14163011722713437, -0.6646540713672489, -0.5598238669110636, -0.24119205649998926, 0.40494351723699296, 0.6437095889376341, 0.4836578612956471, 0.2656936042952315, -0.28389111822282403, 0.0649021570459632, 0.3684182420406101, -0.05083180308919938], [-0.8348044986289385, -0.6073537119660852, 0.14483584128746393, -0.3990888004975496, 0.5351892003325387, -0.4188072787108651, -0.18534958471045937, 0.5164503004677442, 0.043054023029611366, 0.27476428579078427, -0.31083548088545254, 0.3857216893122053, -0.07084123175031372], [-0.4221835244638834, 0.47890217069050056, -0.04115281486552577, 0.1778679028240263, -0.02466885343993963, -0.28621871509283026, 0.23387997630701104, 0.34185798147546054, 0.7167797578260527, -0.5929643926734912, -0.7802100609841999, -0.4629837391207917, -0.04603923357944415]], "inverted": true, "swapped": false, "error_lsq": 0.04947914059705484, "error_max": 0.2758863884366706, "target": "199.xyz", "model": "3.xyz", "model_rescale": 3.9243930471874484, "target_rescale": 3.9039548316451613},
{"mapping": [7, 8, 2, 4, 3, 9, 11, 6, 10, 0, 1, 5, 12], "R": [[-0.8694035938682062, 0.1374133585436685, 0.47461032422693533], [-0.05735119419076365, -0.9821222188250357, 0.17929525318614042], [0.4907629076182722, 0.12866046861386016, 0.8617414068745457]], "T": [0.08886722713284215, -0.11925173825707418, 0.024174590718038215], "aligned_model": [[-0.5101809596428564, 0.03385750039213315, -0.7629909180206508, -0.44576748591787263, -0.28582922682976386, 0.5754368672800457, 0.8564893068215034, 0.3625834673203453, 0.18116714855519256, -0.2821433587546285, 0.0461583728850222, 0.3489456649830954, 0.10102695871746585], [-0.5517184838225374, -0.6986371952062608, 0.06995993226883064, -0.24806893503459643, 0.4116914014278587, -0.6153800471333215, -0.0528574627026696, 0.5380108686785078, -0.11670136269406069, 0.34770757329805124, -0.30749526509665975, 0.3491491713663899, -0.05272544227884818], [-0.28732587928632836, 0.26422206759692995, -0.27541034646343143, 0.24764522157506494, 0.19926119835559705, -0.09745631898624066, 0.20440284692548835, 0.14501249916803757, 0.723175262827034, -0.5821442197043263, -0.6635031160271474, -0.5111597849801477, -0.07385297609758512]], "inverted": false, "swapped": false, "error_lsq": 0.04207010809160472, "error_max": 0.24761201581596382, "target": "199.xyz", "model": "4.xyz", "model_rescale": 3.8936222436046832, "target_rescale": 3.9039548316451613},
{"mapping": [8, 4, 3, 1, 2, 9, 11, 10, 5, 6, 0, 12], "R": [[0.6539877798032326, -0.7457451505773307, 0.1271383272598515], [-0.5775583968971431, -0.6007326452303373, -0.552762686085235], [0.4885962362131342, 0.28807023335456994, -0.8235831825707728]], "T": [-0.16400432066262977, -0.15222326377744638, -0.04832890053913775], "aligned_model": [[0.05641191485640326, -0.7036608732998302, -0.1345731326584545, 0.4276302327213944, -0.7102654754215767, -0.621755493259941, -0.16590645640389132, -0.04700936350364024, 0.48098461620061167, 0.4547214845560001, 0.015836678382311953, -0.024866089954290294], [-0.5702558017621282, -0.38523536919353085, 0.09395519596848995, 0.005689480421953913, 0.3211396232039137, 0.1888221263060107, -0.3797527916805565, 0.29398781122708567, 0.09144956117847283, -0.5388099669876911, 0.6158527424487374, -0.06791970602095013], [-0.6301068117360545, -0.11688497532623357, -0.6972388015395315, -0.46625100901637, -0.23187128710153704, 0.4678966441223851, 0.6409295823791871, 0.5666233777417533, 0.21599073136692248, 0.14079543184521465, -0.20011736375044184, -0.07048079970977547]], "inverted": false, "swapped": true, "error_lsq": 0.045013322840173835, "error_max": 0.245316128128791, "target": "199.xyz", "model": "5.xyz", "model_rescale": 3.6523030999806103, "target_rescale": 3.9039548316451613},
{"mapping": [10, 9, 4, 11, 3, 8, 5, 0, 7, 2, 6, 1, 12], "R": [[0.7724031253527784, 0.5720056973960109, -0.27604871688121174], [-0.4857855789874387, 0.25206972250472165, -0.8369427855261266], [-0.40915251825340054, 0.7805577090407191, 0.47257156036308934]], "T": [0.04111435241906347, -0.13696822515915794, -0.0962414305367312], "aligned_model": [[-0.4732565540215413, -0.009292297957864404, -0.5124210395144186, -0.5761251066763704, -0.12141559418558179, 0.5632479138272186, 0.6588076247476642, 0.432741845537978, 0.04469718669482248, -0.3266130537985764, 0.13423984328027022, 0.32721246777292795, 0.07693010208250298], [-0.6352680691269165, -0.7979365903678705, 0.009543364294614831, -0.2982231970173166, 0.4625803301225695, -0.5494340340665719, -0.008012861892417428, 0.7322731177869272, -0.04273033133771864, 0.2854425491488588, -0.37577674774076064, 0.3618382471990832, -0.07136102393179798], [-0.40574567570337094, 0.19227696570819117, -0.13180160432276444, 0.5100433930631834, 0.21483130897006683, -0.20089133832493655, 0.16013537338958425, 0.1834210890209992, 0.5804597164726671, -0.6086449108860225, -0.6936714218883213, -0.4857473194754436, -0.021799121120886833]], "inverted": true, "swapped": false, "error_lsq": 0.04712119562589449, "error_max": 0.2230154789309007, "target": "199.xyz", "model": "6.xyz", "model_rescale": 4.08911054899281, "target_rescale": 3.9039548316451613},
{"mapping": [10, 12, 9, 11, 1, 5, 7, 2, 13, 3, 4, 6, 14], "R": [[-0.5146053391630623, -0.5936517833914263, 0.6186751207063759], [-0.3512961736534531, 0.8041850961962634, 0.47945524236601034], [-0.7821587711464424, 0.029392024972530906, -0.6223855441659145]], "T": [-0.015166081076679945, -0.08225921546483039, -0.08928845801926663], "aligned_model": [[-0.27834841202183813, 0.10241998069908775, -0.7252183418892548, -0.43441621975484523, -0.3139513115184169, 0.45764058463621937, 0.7445740534693587, 0.3857460339846183, 0.1580265079052459, -0.13295117894408903, 0.14436759585968487, 0.2805683708385452, -0.16970432547528458], [-0.751306226244774, -0.6181663767676903, 0.2274841572517315, -0.2958858110790979, 0.46311053847458583, -0.6392444290766683, -0.05271897656379221, 0.5431412957419051, -0.07061682895901003, 0.33379824708859146, -0.28689867968742877, 0.24768559745876745, -0.0274477545664362], [-0.1381357358009259, 0.36566093537693634, -0.20946390426728598, 0.261601926319994, 0.2996141987128955, -0.30544247315327744, 0.05635242491917006, 0.22421308882011473, 0.6218819184094835, -0.7522170324824182, -0.7446671159782411, -0.31911561226499285, -0.06741616370850739]], "inverted": true, "swapped": false, "error_lsq": 0.04629741572953042, "error_max": 0.2479424853934111, "target": "199.xyz", "model": "7.xyz", "model_rescale": 3.964800864290218, "target_rescale": 3.9039548316451613},
{"mapping": [1, 7, 5, 8, 10, 2, 4, 11, 12, 3, 0, 6, 13], "R": [[0.2399818212824203, 0.9114033993235925, -0.33429413568797894], [-0.7275407055722091, 0.39684109990009275, 0.5596442291005751], [0.6427233053106639, 0.10890814997733189, 0.7583177221185393]], "T": [0.035428141544882316, -0.06946521814646173, -0.07244764819508427], "aligned_model": [[-0.3066722319409169, -0.00013572811713674637, -0.7728646844288468, -0.552383794773013, -0.4368850112179135, 0.47086355563697113, 0.7316930858905142, 0.44281749224981987, 0.29442669703969787, -0.13986396486782982, 0.12766766408685543, 0.3876639664833935, -0.02757370825256414], [-0.7170117921574444, -0.6819608330858402, 0.12377213684160107, -0.2001440229939938, 0.5804636544230399, -0.5442530899222393, -0.0007970027457589596, 0.5398817143346728, -0.1997250705317221, 0.22990666417045752, -0.30696721213441025, 0.30732143118421174, -0.05755182431189047], [-0.23606506817202433, 0.2887136700775243, -0.1640596293165571, 0.405524902160172, 0.09973469507807507, -0.22600937755227407, 0.0023400411855814957, 0.31467449958481375, 0.6251389459971627, -0.7093242839808745, -0.7419579512194071, -0.3379049285521865, -0.02793906038706024]], "inverted": false, "swapped": false, "error_lsq": 0.04493944249303569, "error_max": 0.25339681396206104, "target": "199.xyz", "model": "8.xyz", "model_rescale": 4.121658175737393, "target_rescale": 3.9039548316451613},
{"mapping": [6, 1, 9, 4, 5, 2, 3, 10, 0, 7, 8, 11, 12], "R": [[-0.3638846069580096, -0.814318490168731, 0.45218733881913753], [0.2639334244851841, -0.5557160218613612, -0.7883646684663812], [0.8932676755925621, -0.16752641468109353, 0.4171423739271279]], "T": [0.024466887169089888, -0.03786792150182159, -0.10622502711051453], "aligned_model": [[-0.3620371190734941, -0.03878386361449611, -0.7990149079997564, -0.571476704954862, -0.22072880351503466, 0.4969715273311901, 0.804031373192841, 0.39968426587658706, 0.16883187909996222, -0.23876371671938212, 0.16631327677918128, 0.4023802191719485, 0.011345912214346617], [-0.5268273354082806, -0.6153750600483524, -0.030980463414175576, -0.269039137792474, 0.41602962254538367, -0.5446111703967961, 0.024892402638381682, 0.5501697685510646, -0.11965496268024137, 0.3632871299229012, -0.3606481754152263, 0.29588140907986005, -0.11018927451136104], [-0.40907052370020774, 0.2644723739683729, -0.22878159764646172, 0.5098423567719843, 0.23373673405333628, -0.05829700207780368, -0.0012281447074482393, 0.19361563789092484, 0.6627313254364664, -0.5805615998161658, -0.7435992085498633, -0.49200342513751727, -0.057990471582671184]], "inverted": true, "swapped": false, "error_lsq": 0.045308030891601785, "error_max": 0.2565889976629396, "target": "199.xyz", "model": "9.xyz", "model_rescale": 3.833441315466971, "target_rescale": 3.9039548316451613},
{"mapping": [5, 13, 4, 2, 7, 0, 10, 11, 8, 6, 1, 12, 14], "R": [[0.887585993783685, -0.3898154209786519, 0.2454282811867139], [0.46030964947401015, 0.7708092136116576, -0.4404181908283217], [-0.017496577955193222, 0.5038820236708336, 0.8635952616713707]], "T": [-0.019352002105913105, -0.00021415627210141785, -0.04615658172715073], "aligned_model": [[-0.34143769426646964, 0.021102473010152847, -0.7320033011584549, -0.4063120764217845, -0.20842892427150805, 0.36095629324191114, 0.7442813555382137, 0.3442863558485608, 0.276888257116058, -0.2438837441297072, 0.13448719794861658, 0.35035092909032006, -0.08153378375687714], [-0.5682573981836433, -0.7621383079043293, 0.018357278253631926, -0.40798892422391786, 0.5670997414617824, -0.5232498226636761, -0.10296213381313882, 0.5283754020043789, 0.04124504558119052, 0.27012055932108175, -0.27333706080926634, 0.2705548854609112, 0.015115488585678575], [-0.22228972367122468, 0.1851906983892319, -0.4035020838236788, 0.40176293608261393, 0.2476440917305354, -0.25975024707240324, 0.24030649045537936, 0.18557020685979647, 0.673622694005714, -0.627305621487029, -0.7149961084131788, -0.4373393088696871, 0.023952430716876]], "inverted": false, "swapped": false, "error_lsq": 0.041331217780787154, "error_max": 0.2297711542998919, "target": "199.xyz", "model": "10.xyz", "model_rescale": 4.2482417240324, "target_rescale": 3.9039548316451613},
{"mapping": [11, 9, 0, 2, 6, 1, 5, 3, 4, 8, 7, 12], "R": [[0.8998113386560281, 0.372627531561519, -0.22691028524158163], [-0.4018303585084972, 0.5052838230807933, -0.7636888247930503], [-0.16991738524053202, 0.7783553050215736, 0.6043931678450658]], "T": [-0.026653003701992035, 0.018665444491154273, -0.08465276704510596], "aligned_model": [[-0.6725805946219605, -0.06572543632477618, 0.5088323934686232, 0.5545345876450207, -0.5787148600286954, 0.2109724345655056, -0.2517241134908581, 0.5934354968367167, 0.031667836734062406, 0.07980389695798432, -0.5362493063989019, 0.0025132670202856165], [-0.3014654982795565, -0.7366310704488457, -0.03043180442603917, -0.4436414211926586, 0.5006990017290464, 0.6407821130998224, 0.255551593895401, 0.3292082624950998, -0.2575485958492774, 0.6640166889822636, -0.058820800734211406, 0.10441292077959481], [-0.00012888147349432444, 0.05795658258143624, 0.5121454596678162, -0.15287904673844643, 0.09116040290508012, 0.2411259462250935, 0.5775254490476349, -0.12474638464671045, -0.6047760744968721, -0.45069751456457596, -0.6337859169108435, 0.052292268258238406]], "inverted": true, "swapped": true, "error_lsq": 0.04258461055483816, "error_max": 0.2248137846251837, "target": "199.xyz", "model": "11.xyz", "model_rescale": 3.6694154284099745, "target_rescale": 3.9039548316451613},
{"mapping": [12, 1, 10, 2, 9, 0, 4, 11, 3, 7, 5, 6, 13], "R": [[-0.642407850940082, 0.6503213000390723, 0.40545574328900136], [-0.4353815117255643, 0.12569489526215788, -0.8914279177547659], [-0.630678279551554, -0.7491882273638091, 0.20239048317884395]], "T": [-0.0031515618121607247, -0.03373717289971739, -0.08141112336959368], "aligned_model": [[-0.3866370125031735, 0.0913436054598715, -0.6324411859932356, -0.36831382840729066, -0.37047059636276136, 0.4799568337775516, 0.6180821540943375, 0.32325900604984803, 0.196230804474327, -0.3264271793953091, 0.08835837324029, 0.4302322691325158, 0.07558009422206059], [-0.546076225440377, -0.7391243897999051, 0.03825495558739798, -0.3016403574108923, 0.6736194215717078, -0.5251497745992372, -0.11262477668683862, 0.5956352775445415, -0.18900542777191817, 0.3504609131807935, -0.19841945420172352, 0.15373246086444758, -0.12672786976731254], [-0.3099195578234207, 0.37681702035097714, -0.12978973064986285, 0.3889057657341209, 0.015592185876490347, -0.2707726755049243, 0.31295427310938595, 0.12444102919837048, 0.7416243203667398, -0.6291793446072359, -0.8618446378271324, -0.3926801789239742, -0.07328201439658877]], "inverted": true, "swapped": false, "error_lsq": 0.037353681698356275, "error_max": 0.2169529747631855, "target": "199.xyz", "model": "12.xyz", "model_rescale": 3.9764082729961374, "target_rescale": 3.9039548316451613},
{"mapping": [4, 7, 5, 0, 12, 3, 8, 10, 2, 6, 14, 11, 15], "R": [[0.7941858387510912, -0.02356091104714253, -0.6072180308570019], [-0.34379356463812855, 0.8065343107457907, -0.480945309264184], [0.5010736856397822, 0.5907176051722527, 0.6324380384661599]], "T": [-0.07400335964789546, 0.0405259733843059, -0.03769826344263523], "aligned_model": [[-0.4601924161794133, 0.015988775999370472, -0.9105713785491498, -0.432918819058574, -0.20604419004388624, 0.5538042227222292, 0.5851850617312586, 0.47086459891082894, 0.16884599647494097, -0.3910558117619401, 0.2551544948234366, 0.6296608411585155, -0.0599680384385852], [-0.5465858279667309, -0.6678381133550556, 0.004753742968921934, -0.36901524440574013, 0.6578740208421368, -0.46650311273324646, -0.041144057924973054, 0.5920259372335265, -0.21554122371347134, -0.030826021449862573, -0.028641075759921655, 0.23757171183781767, -0.053195982502717634], [-0.18609458114919097, 0.2095979861499227, -0.07890752353618082, 0.4424721411319585, 0.05536162241915331, -0.27691070597644313, 0.20407325629066397, 0.17470135183155044, 0.6776431198893593, -0.7291065662137894, -0.762735549192533, -0.34846243159944784, -0.0887656651420776]], "inverted": true, "swapped": false, "error_lsq": 0.0529143094270611, "error_max": 0.3531852167252094, "target": "199.xyz", "model": "13.xyz", "model_rescale": 4.170626492500431, "target_rescale": 3.9039548316451613},
{"mapping": [10, 12, 7, 8, 0, 11, 6, 2, 4, 1, 9, 3, 13], "R": [[0.9179868901941572, -0.38070773474426545, 0.11118313782921416], [0.11252867206561006, 0.5188259230187415, 0.8474414195488095], [-0.38031219727325394, -0.7654288224973246, 0.5191159314599665]], "T": [0.049384168928934796, -0.04157202980063934, -0.009014680575842204], "aligned_model": [[-0.2662127928232454, -0.005573723177203685, -0.7447530910011095, -0.5191491360098293, -0.28240160024195116, 0.4811466619872521, 0.8784031574651714, 0.29021850090672996, 0.03485520352265729, -0.2451851187959623, -0.04545320826733586, 0.5120827976879756, 0.13077568653588278], [-0.47390460389071, -0.6875319700251619, 0.016226671357631242, -0.286453884275465, 0.45368806242464754, -0.46707440289502206, -0.10520339802056314, 0.5000972635638601, -0.05010713279860357, 0.33424967687864915, -0.31344518348113276, 0.2538429484453131, -0.10144929421275888], [-0.18738342247944945, 0.3307227281776745, -0.16210003397069087, 0.4013011140620195, 0.013212576397665154, -0.372592088028864, 0.11813811198060503, 0.2765117952598625, 0.7000545627100712, -0.6113446976040986, -0.7662446975840387, -0.4262838670757924, -0.021125626942018524]], "inverted": true, "swapped": false, "error_lsq": 0.03998402515185562, "error_max": 0.23077211918837257, "target": "199.xyz", "model": "14.xyz", "model_rescale": 3.9786697098870705, "target_rescale": 3.9039548316451613},
{"mapping": [3, 8, 2, 0, 4, 9, 6, 11, 10, 5, 7, 12], "R": [[-0.5414086506103246, -0.2424735852996609, -0.8050361690484694], [-0.0873408145111427, 0.9685504024066662, -0.23298433449143152], [0.8362106523866087, -0.055827219434727154, -0.5455594068525894]], "T": [-0.029168011637847817, 0.003812337964375752, -0.0857090996630117], "aligned_model": [[-0.028148028963148823, -0.6587375931067316, 0.48867710108960033, 0.5652266171312014, -0.11345912159003266, 0.5747223928125916, -0.4867607724267056, -0.007668589968836841, 0.5437676895920726, 0.1000583210788632, -0.4956844310460439, 0.0013610121645070972], [-0.39698744438427314, -0.2553352420505718, 0.1765785579125596, -0.515918876907797, 0.504868343654348, 0.4578967867911146, -0.2601268649502822, 0.39210995393862524, -0.007155920082934274, -0.5029236371666249, 0.5738512240216542, -0.15218239055137928], [-0.6530825063284796, -0.3992130573931097, -0.5937934943299209, -0.23368802863567534, -0.3891257429276108, 0.06078526821124643, 0.45186310635273935, 0.5271638861665755, 0.42671926371257257, 0.4356077411828901, 0.07131900294313233, -0.04458894508052954]], "inverted": false, "swapped": true, "error_lsq": 0.052919978644425124, "error_max": 0.2972189043738198, "target": "199.xyz", "model": "15.xyz", "model_rescale": 3.769337070930944, "target_rescale": 3.9039548316451613},
{"mapping": [4, 9, 8, 3, 7, 11, 6, 10, 1, 0, 12], "R": [[0.9902679316829496, 0.028771809930652627, -0.13616756748098136], [0.13855710158726603, -0.2958374415226146, 0.9451360419500939], [-0.013090190224334067, -0.9548048969012822, -0.29694486992238595]], "T": [-0.05665581838900805, 0.05759773764101942, -0.06826586238616991], "aligned_model": [[-0.30689752843127954, -0.19869905121037437, -0.059158886058100886, -0.5573806588741866, 0.2716875013340058, 0.4756271614350665, 0.6330288262639652, 0.15684557645260302, -0.03013600412684682, -0.43363600303230976, -0.028654803061371647], [-0.02167329757435687, -0.6956059709429052, 0.7932900521813137, 0.48221347174409035, 0.058148983683780776, -0.39517733109685643, 0.33818548302532997, -0.5709091910153586, 0.5783882549282525, -0.07024146310965526, 0.09944550580170716], [-0.5986609613415808, -0.1378704632222806, -0.21162070405373545, 0.15873678288423668, -0.7460785848427667, -0.2645313126877361, 0.04854390737769104, 0.319490044147574, 0.45870729143454525, 0.6294922282008383, 0.08800937932699113]], "inverted": false, "swapped": true, "error_lsq": 0.04741320519366991, "error_max": 0.23313991754931837, "target": "199.xyz", "model": "16.xyz", "model_rescale": 3.7852294659196426, "target_rescale": 3.9039548316451613},
{"mapping": [11, 2, 6, 7, 5, 8, 3, 4, 1, 10, 9, 0, 12], "R": [[-0.1978521672470463, 0.7252921233600501, 0.6593981010797018], [0.8530724246474947, -0.20394223469037315, 0.48028637625435644], [0.48282704793920905, 0.6575400373371697, -0.5783762971257917]], "T": [0.07273057677604235, -0.09109882234828391, -0.019825960586877633], "aligned_model": [[-0.3295586280853967, 0.08300683262760696, -0.7861836772709626, -0.5109280929683048, -0.23906812068888217, 0.36013712455721975, 0.796544208227727, 0.1881924569020118, 0.179513076401558, -0.33398942318923086, 0.17546853106679505, 0.5990325778487114, 0.03658647236017879], [-0.6475939025308803, -0.5705964111847398, 0.10332841409706882, -0.28702694131985673, 0.3719087883786503, -0.5554042576668022, -0.19428636924210185, 0.6060402162984543, 0.03796329951895795, 0.30477211293915385, -0.20907625784321465, 0.20927540865458982, -0.09636934702859606], [-0.27752480772785765, 0.359730994159004, -0.12871852151316096, 0.315407890038237, 0.32747007340789025, -0.37482434125734815, 0.29313015175687723, 0.02969575305544256, 0.6481520485720478, -0.5917701182649129, -0.8699953689838347, -0.3337187460328924, -0.1041685523065466]], "inverted": true, "swapped": false, "error_lsq": 0.04305686323131759, "error_max": 0.2594966544882182, "target": "199.xyz", "model": "17.xyz", "model_rescale": 3.901054581598922, "target_rescale": 3.9039548316451613},
{"mapping": [3, 7, 2, 0, 8, 12, 6, 4, 1, 5, 9, 10, 14], "R": [[0.5824106489711922, -0.46549737541787095, 0.6664158082188845], [-0.7851072374180408, -0.5346271989215785, 0.3126985512071966], [0.2107236619812012, -0.705326840303374, -0.6768379323212402]], "T": [0.0431443107832169, -0.05623021194311615, -0.10281307279913968], "aligned_model": [[-0.4236741817705381, 0.21983226759996408, -0.777547428587697, -0.4095910989716553, -0.29630429273803766, 0.17562339833252344, 0.6761299745879796, 0.3189023336726279, 0.09962602531793818, -0.2435532425639778, 0.20355031021604217, 0.6119502819741468, 0.0638089907197151], [-0.660653260572982, -0.5700942747422884, -0.02192912912609888, -0.357298100867254, 0.4937853506315786, -0.7443571686610215, -0.20950363114337453, 0.6135581676204451, -0.020050669279449408, 0.2560740757725818, -0.05123408820264403, 0.43607874711464123, -0.09144126547345027], [-0.11542904710134602, 0.27718970966001044, -0.19782152839143244, 0.4262363516522404, 0.047771716050814345, -0.3496038483104388, 0.27076711090236083, 0.21485815555424834, 0.5908629366257954, -0.5614595507914419, -0.741901936282005, -0.4292260077417849, -0.13937760692407453]], "inverted": false, "swapped": false, "error_lsq": 0.04320438876630323, "error_max": 0.31402209890194166, "target": "199.xyz", "model": "18.xyz", "model_rescale": 3.9405287249114394, "target_rescale": 3.9039548316451613},
{"mapping": [13, 11, 12, 14, 1, 9, 5, 6, 10, 4, 7, 8, 15], "R": [[-0.40210651435111927, -0.4563738636110106, 0.7937463371437704], [0.30448648218501395, 0.7509245033031015, 0.5860037307949375], [-0.863480360681694, 0.47732094753085064, -0.16299196227195567]], "T": [-0.09008414545391656, -0.0007104854679293587, -0.056208935223145656], "aligned_model": [[-0.30566401505023055, 0.1436839691877157, -0.6285483711971307, -0.5558356622038112, -0.1811240892308772, 0.42159833463537383, 0.7237318580461642, 0.4198975179074466, -0.053722873475003055, -0.34721629325935816, 0.1356872146347224, 0.5183109034903249, -0.0720451556963051], [-0.6208549862116867, -0.6022956035972344, 0.09196666321829185, -0.45653900474678555, 0.6044728309665507, -0.5224779826266694, -0.035324612552272164, 0.5335381961180944, -0.1877636067809459, 0.21986831078419683, -0.2347447210580923, 0.2807647996815418, 0.0023244698756943816], [-0.1986026267761047, 0.264198642905186, -0.09628743214538288, 0.36216272697854257, 0.19074107211819927, -0.29062217169863186, 0.11042844777422697, 0.05684195973568569, 0.7064135301249841, -0.7042005106506366, -0.6806133061854228, -0.40677887661304135, -0.02081500066465896]], "inverted": true, "swapped": false, "error_lsq": 0.03779059327295986, "error_max": 0.19345800696020068, "target": "199.xyz", "model": "19.xyz", "model_rescale": 4.410303926677745, "target_rescale": 3.9039548316451613},
{"mapping": [1, 7, 5, 8, 10, 2, 4, 11, 12, 3, 0, 6, 13], "R": [[0.2399818212824203, 0.9114033993235925, -0.33429413568797894], [-0.7275407055722091, 0.39684109990009275, 0.5596442291005751], [0.6427233053106639, 0.10890814997733189, 0.7583177221185393]], "T": [0.035428141544882316, -0.06946521814646173, -0.07244764819508427], "aligned_model": [[-0.3066722319409169, -0.00013572811713674637, -0.7728646844288468, -0.552383794773013, -0.4368850112179135, 0.47086355563697113, 0.7316930858905142, 0.44281749224981987, 0.29442669703969787, -0.13986396486782982, 0.12766766408685543, 0.3876639664833935, -0.02757370825256414], [-0.7170117921574444, -0.6819608330858402, 0.12377213684160107, -0.2001440229939938, 0.5804636544230399, -0.5442530899222393, -0.0007970027457589596, 0.5398817143346728, -0.1997250705317221, 0.22990666417045752, -0.30696721213441025, 0.30732143118421174, -0.05755182431189047], [-0.23606506817202433, 0.2887136700775243, -0.1640596293165571, 0.405524902160172, 0.09973469507807507, -0.22600937755227407, 0.0023400411855814957, 0.31467449958481375, 0.6251389459971627, -0.7093242839808745, -0.7419579512194071, -0.3379049285521865, -0.02793906038706024]], "inverted": false, "swapped": false, "error_lsq": 0.04493944249303569, "error_max": 0.25339681396206104, "target": "199.xyz", "model": "20.xyz", "model_rescale": 4.121658175737393, "target_rescale": 3.9039548316451613},
{"mapping": [10, 9, 4, 11, 3, 8, 5, 0, 7, 2, 6, 1, 12], "R": [[0.7724031253527784, 0.5720056973960109, -0.27604871688121174], [-0.4857855789874387, 0.25206972250472165, -0.8369427855261266], [-0.40915251825340054, 0.7805577090407191, 0.47257156036308934]], "T": [0.04111435241906347, -0.13696822515915794, -0.0962414305367312], "aligned_model": [[-0.4732565540215413, -0.009292297957864404, -0.5124210395144186, -0.5761251066763704, -0.12141559418558179, 0.5632479138272186, 0.6588076247476642, 0.432741845537978, 0.04469718669482248, -0.3266130537985764, 0.13423984328027022, 0.32721246777292795, 0.07693010208250298], [-0.6352680691269165, -0.7979365903678705, 0.009543364294614831, -0.2982231970173166, 0.4625803301225695, -0.5494340340665719, -0.008012861892417428, 0.7322731177869272, -0.04273033133771864, 0.2854425491488588, -0.37577674774076064, 0.3618382471990832, -0.07136102393179798], [-0.40574567570337094, 0.19227696570819117, -0.13180160432276444, 0.5100433930631834, 0.21483130897006683, -0.20089133832493655, 0.16013537338958425, 0.1834210890209992, 0.5804597164726671, -0.6086449108860225, -0.6936714218883213, -0.4857473194754436, -0.021799121120886833]], "inverted": true, "swapped": false, "error_lsq": 0.04712119562589449, "error_max": 0.2230154789309007, "target": "199.xyz", "model": "21.xyz", "model_rescale": 4.08911054899281, "target_rescale": 3.9039548316451613},
{"mapping": [7, 6, 12, 10, 14, 0, 1, 15, 5, 3, 4, 2, 16], "R": [[-0.8880049831477962, -0.4316933861301624, 0.1583918251557085], [0.13090150243643706, 0.09288315240577844, 0.9870347089434333], [-0.4408082877675571, 0.8972254679681352, -0.025971389350496255]], "T": [0.0491692773574377, -0.04566974700839235, 0.049012499408644015], "aligned_model": [[-0.3664031251242498, 0.132881264777378, -0.6742862303108416, -0.5298176245961067, -0.27574608672910356, 0.33277386349499827, 0.8424160354522142, 0.35697484437143134, -0.10366396204594203, -0.24004050450758568, 0.1977531757718124, 0.49972279849110945, 0.04618888874391728], [-0.6003772929891594, -0.7604038888082126, 0.045490066046883285, -0.4135192581482928, 0.4890493839153247, -0.6369413605617184, -0.07247476004840768, 0.6128231430967219, -0.09019566155890393, 0.3705827094332538, -0.0980877417300148, 0.2987200963408857, -0.07173068191767594], [-0.11034654406560307, 0.2432070880542768, -0.0661895966757785, 0.4739787495218847, -0.09356394728490527, -0.3633534981069895, 0.0427313120932561, 0.10513615298163284, 0.736317742961374, -0.6562324352589921, -0.6303013933015739, -0.3978107204055934, 0.009293544389957192]], "inverted": false, "swapped": false, "error_lsq": 0.04048162578538743, "error_max": 0.21422463044381077, "target": "199.xyz", "model": "22.xyz", "model_rescale": 4.204369325754507, "target_rescale": 3.9039548316451613},
{"mapping": [13, 11, 12, 14, 1, 9, 5, 6, 10, 4, 7, 8, 15], "R": [[-0.40210651435111927, -0.4563738636110106, 0.7937463371437704], [0.30448648218501395, 0.7509245033031015, 0.5860037307949375], [-0.863480360681694, 0.47732094753085064, -0.16299196227195567]], "T": [-0.09008414545391656, -0.0007104854679293587, -0.056208935223145656], "aligned_model": [[-0.30566401505023055, 0.1436839691877157, -0.6285483711971307, -0.5558356622038112, -0.1811240892308772, 0.42159833463537383, 0.7237318580461642, 0.4198975179074466, -0.053722873475003055, -0.34721629325935816, 0.1356872146347224, 0.5183109034903249, -0.0720451556963051], [-0.6208549862116867, -0.6022956035972344, 0.09196666321829185, -0.45653900474678555, 0.6044728309665507, -0.5224779826266694, -0.035324612552272164, 0.5335381961180944, -0.1877636067809459, 0.21986831078419683, -0.2347447210580923, 0.2807647996815418, 0.0023244698756943816], [-0.1986026267761047, 0.264198642905186, -0.09628743214538288, 0.36216272697854257, 0.19074107211819927, -0.29062217169863186, 0.11042844777422697, 0.05684195973568569, 0.7064135301249841, -0.7042005106506366, -0.6806133061854228, -0.40677887661304135, -0.02081500066465896]], "inverted": true, "swapped": false, "error_lsq": 0.03779059327295986, "error_max": 0.19345800696020068, "target": "199.xyz", "model": "23.xyz", "model_rescale": 4.410303926677745, "target_rescale": 3.9039548316451613},
{"mapping": [10, 11, 8, 9, 5, 1, 7, 12, 14, 2, 3, 0, 16], "R": [[0.16829272368863982, 0.6719418811554322, -0.7212292752674134], [-0.9663478762062369, 0.25686703603341676, 0.013824179943246695], [0.19454907171496605, 0.6946318695170175, 0.6925584629084671]], "T": [-0.0027329700061712314, -0.04466030893153925, 0.1194128512110138], "aligned_model": [[-0.32949658579777136, 0.13660479767746103, -0.7886461650455724, -0.4577455803959538, -0.2162025953367575, 0.4448639084026811, 0.6511985347002888, 0.4283603021245654, -0.06237810555489465, -0.04179003043094559, -0.008393861379601353, 0.44453302913790566, 0.01784568968762624], [-0.5365124718080326, -0.611923619437596, -0.18096383749840708, -0.3821025958326198, 0.5366036088774927, -0.5823725767830903, -0.16298124675026818, 0.6330285634756936, -0.13541247401683118, 0.4115142926748565, -0.13943442352787722, 0.2896612814501917, -0.06616974775282833], [-0.15461440207619115, 0.36337762256420314, -0.07925386773716625, 0.3868380015346677, 0.009117745506152075, -0.37743511447962924, 0.10195892591211642, 0.08666811540927524, 0.7875120147730872, -0.6700637032594794, -0.7751467086537276, -0.3890829809257386, 0.002990806335376267]], "inverted": false, "swapped": false, "error_lsq": 0.04104868606615987, "error_max": 0.2790291712842642, "target": "199.xyz", "model": "24.xyz", "model_rescale": 4.28219845311461, "target_rescale": 3.9039548316451613},
{"mapping": [9, 4, 5, 3, 8, 13, 2, 6, 0, 11, 12, 14, 15], "R": [[-0.3913652545924726, -0.9191448438745706, 0.04478831852794654], [0.9026533562438359, -0.39290137518171675, -0.17562866463665627], [0.17902557347906567, -0.028306631009492045, 0.9834371249253226]], "T": [-0.011983423909368157, -0.14136250418899798, -0.06705224700702946], "aligned_model": [[-0.45505220133217383, 0.13442008973433592, -0.7960009418877055, -0.5391594237183162, -0.31015043817118426, 0.37820545022315766, 0.6506631611842385, 0.34135706970430035, 0.29407498559787426, -0.15795186226016053, 0.16736137366570797, 0.4929098002240502, 0.018076274824907184], [-0.4958621620559055, -0.5765718052585687, 0.18219953878786388, -0.548879421797778, 0.46292845748169553, -0.5194499279335005, -0.09109524417302722, 0.6096919400584995, 0.0463483920657326, 0.09108153259002644, -0.2328551110752294, 0.27517495489958527, -0.1297763905187106], [-0.4343310715044072, 0.5019885674175825, -0.1438950525379865, 0.32799303134457863, 0.09990559850532317, -0.3073000346065028, 0.09772860813757735, 0.28403869891717654, 0.6655097240458975, -0.5373075564081006, -0.8045374649612207, -0.45656990038722967, -0.0003566930597428686]], "inverted": true, "swapped": false, "error_lsq": 0.04466289701445141, "error_max": 0.2514190603418581, "target": "199.xyz", "model": "25.xyz", "model_rescale": 4.100010024507729, "target_rescale": 3.9039548316451613},
{"mapping": [11, 9, 0, 2, 6, 1, 5, 3, 4, 8, 7, 12], "R": [[0.8998113386560281, 0.372627531561519, -0.22691028524158163], [-0.4018303585084972, 0.5052838230807933, -0.7636888247930503], [-0.16991738524053202, 0.7783553050215736, 0.6043931678450658]], "T": [-0.026653003701992035, 0.018665444491154273, -0.08465276704510596], "aligned_model": [[-0.6725805946219605, -0.06572543632477618, 0.5088323934686232, 0.5545345876450207, -0.5787148600286954, 0.2109724345655056, -0.2517241134908581, 0.5934354968367167, 0.031667836734062406, 0.07980389695798432, -0.5362493063989019, 0.0025132670202856165], [-0.3014654982795565, -0.7366310704488457, -0.03043180442603917, -0.4436414211926586, 0.5006990017290464, 0.6407821130998224, 0.255551593895401, 0.3292082624950998, -0.2575485958492774, 0.6640166889822636, -0.058820800734211406, 0.10441292077959481], [-0.00012888147349432444, 0.05795658258143624, 0.5121454596678162, -0.15287904673844643, 0.09116040290508012, 0.2411259462250935, 0.5775254490476349, -0.12474638464671045, -0.6047760744968721, -0.45069751456457596, -0.6337859169108435, 0.052292268258238406]], "inverted": true, "swapped": true, "error_lsq": 0.04258461055483816, "error_max": 0.2248137846251837, "target": "199.xyz", "model": "26.xyz", "model_rescale": 3.6694154284099745, "target_rescale": 3.9039548316451613},
{"mapping": [3, 12, 7, 9, 8, 6, 2, 4, 10, 5, 1, 0, 13], "R": [[0.6129990008740207, 0.7632562580084303, -0.20413747705509877], [0.7900835861936697, -0.5920570511384937, 0.15885960790755324], [0.00038955718811185813, -0.2586664508747892, -0.9659666223203769]], "T": [-0.0030193295063669842, -0.0453627550213641, 0.01787750044020494], "aligned_model": [[-0.46234362012036284, 0.15169718465262558, -0.5566047345627612, -0.4462561124402385, -0.36160494403637805, 0.2851169430391346, 0.6563763941975653, 0.3772886395440327, 0.08746723366938633, -0.15202470381707597, 0.1305091264375619, 0.45618444685232035, 0.052947484373221256], [-0.6824663616550295, -0.7905065198967243, -0.10351194610618913, -0.30000638534545837, 0.43854830389332905, -0.5599204094972123, -0.17028961679395485, 0.6530380174785472, 0.1800872051705785, 0.4031261034825412, -0.18991469658031718, 0.24885675050774908, -0.05410569158717577], [-0.17173107215045583, 0.24272496711775923, -0.2758747686628136, 0.4690551941044096, 0.23142758014574843, -0.3334034988584898, 0.1261373959320359, 0.22556182757447318, 0.5682185012994255, -0.6166566924489881, -0.8428904946319378, -0.35561964476610913, 0.025917160247887858]], "inverted": true, "swapped": false, "error_lsq": 0.04520438650061782, "error_max": 0.3117416801832578, "target": "199.xyz", "model": "27.xyz", "model_rescale": 4.103607728864725, "target_rescale": 3.9039548316451613},
{"mapping": [7, 6, 8, 11, 13, 0, 3, 12, 10, 4, 1, 2, 14], "R": [[-0.5739142536047296, -0.4218480846699084, -0.7019021462922421], [0.7283828166682598, -0.6546880010890722, -0.2020942691231184], [-0.37427383276384507, -0.6272382439634281, 0.6830016716069857]], "T": [0.04585153707754637, -0.16499736680840887, 0.12567665439515707], "aligned_model": [[-0.43418566790325297, -0.17978693393430817, -0.6317364637579209, -0.5611279067691666, -0.30892140446133887, 0.549683551372947, 0.7631309793325282, 0.4005807390656791, 0.24952254232739285, -0.22187059891205518, 0.1310681528050529, 0.35942394633571956, 0.10297240228775469], [-0.5651582637548325, -0.675966087357615, -0.06045098532710022, -0.1850451220486589, 0.3764657959132784, -0.4204169880640132, 0.034987892659259806, 0.6155402107049837, -0.1907865689084369, 0.4068522893160042, -0.3641275018648764, 0.2764048470089711, -0.17536476520628025], [-0.23420774920221932, 0.42444999636463276, -0.32401716594216906, 0.4469791220430877, 0.15442272057777712, -0.3109076552522806, 0.030561196761603238, 0.1728136936649624, 0.5921831548657435, -0.5246479690246189, -0.743774983012705, -0.37247707290317594, -0.018510834037692325]], "inverted": false, "swapped": false, "error_lsq": 0.05234063921426205, "error_max": 0.2872512427478233, "target": "199.xyz", "model": "28.xyz", "model_rescale": 4.137296879288765, "target_rescale": 3.9039548316451613},
