[{"mapping": [11, 0, 5, 8, 9, 6, 1, 7, 2, 4, 3, 12], "R": [[0.4075274638497428, -0.3953933646892341, 0.8231557892452216], [-0.12014647004414364, 0.8703531186257469, 0.47754609686853156], [-0.9052547663194758, -0.29351241210239054, 0.30718768204097663]], "T": [-0.055682362709766134, -0.07019250784277743, 0.03923767913147179], "aligned_model": [[-0.32295781027947607, 0.29956145579105437, 0.3304128641780804, -0.1425482003336443, -0.14479104640114826, -0.32210629482447234, 0.4863985489699504, -0.43649938859674425, 0.6077831703990643, 0.013853102230117029, -0.5568836545842751, 0.025419715912042798], [-0.3031018065230125, -0.8157737006126836, -0.22658195091583788, 0.6942144854749718, 0.4268095914037587, -0.5438634524176894, -0.28395463971714946, -0.31511103844443955, -0.02699822894210581, 0.3852579935527325, 0.09892010204894962, -0.03626231893043708], [-0.5787682939398854, -0.10512472137724581, -0.5562025766847347, -0.054709353448504444, -0.5895943039334681, 0.042371056139260635, 0.5755961120168671, 0.6903161377819332, -0.1094814123412692, 0.5678446993052332, 0.25602759764205, 0.043676804193325994]], "inverted": true, "swapped": true, "error_lsq": 0.050672441817856524, "error_max": 0.300592962812525, "target": "2.xyz", "model": "0.xyz", "model_rescale": 3.751011558992144, "target_rescale": 3.932901565614263},
{"mapping": [10, 11, 9, 1, 7, 5, 4, 6, 3, 2, 0, 8, 14], "R": [[0.848484042325046, -0.46766061448940704, -0.24772642082575647], [0.04291032497161222, -0.4057609380313173, 0.9129713934065931], [-0.5274784677411773, -0.7852716796264436, -0.32421421197425027]], "T": [-0.07401011958982173, -0.04610535454433258, -0.030891674323894936], "aligned_model": [[-0.22676148796201873, 0.2938673242832648, -0.42099913723760096, 0.4081615064923958, 0.5332398253267007, -0.6951105364065997, -0.038987178352861036, 0.6004028203822567, -0.03944837650004469, -0.603928286833872, 0.18485769517913248, -0.4292501629543893, -0.0700607261324325], [0.7577093082198076, 0.4544747204521384, 0.29436910935287125, -0.20655008300947747, -0.2643040802318949, 0.012535222381031871, 0.3920837554566135, 0.2819961895278157, -0.7092037702901339, -0.6742156953814862, -0.7302267921960682, -0.1160172358023454, -0.033818054906855445], [0.023905729945409442, -0.5317077720410186, -0.4757122925511019, 0.44602924317167086, -0.18358039134138987, -0.060583457084540396, 0.6266322167808308, 0.004354721886649964, -0.4083991132741489, 0.06077204666892684, 0.17027947550021377, 0.5252873369568064, -0.08415739502966475]], "inverted": false, "swapped": false, "error_lsq": 0.050584787788512345, "error_max": 0.30424055349339835, "target": "2.xyz", "model": "1.xyz", "model_rescale": 3.9405287249114394, "target_rescale": 3.932901565614263},
{"mapping": [0, 1, 2, 3, 4, 5, 6, 7, 8, 9, 10, 11, 12], "R": [[1.0, 0.0, 0.0], [0.0, 1.0, 0.0], [0.0, 0.0, 1.0]], "T": [0.0, 0.0, 0.0], "aligned_model": [[-0.36503531198238165, 0.23894540311314094, -0.39981945232194194, 0.42082168149598814, 0.5049071828701751, -0.7151591777916014, 0.05450168188140805, 0.7151591777916014, 0.04219501740163288, -0.4732258661829263, -0.023836866607505957, -0.47851399751625007, -0.02495619286740783], [0.7470078086078774, 0.5578115911114487, 0.18108469487940662, -0.28172882069753624, -0.21375618127597357, 0.1140044246009414, 0.30783841390419026, 0.25369269058839594, -0.7272248064904976, -0.6523703014670497, -0.7470078086078774, -0.08435802789998945, 0.0038389163186806686], [0.10797473389946778, -0.5088984726947786, -0.5210780808545158, 0.26521248564152433, -0.43711869501912964, -0.060221441103628065, 0.4445455780754926, 0.23042834530196588, -0.26467608777729895, 0.029178355492882176, 0.3910220671286508, 0.5210780808545158, -0.08432651935650413]], "inverted": false, "swapped": false, "error_lsq": 0.0, "error_max": 0.0, "target": "2.xyz", "model": "2.xyz", "model_rescale": 3.932901565614263, "target_rescale": 3.932901565614263},
{"mapping": [2, 1, 0, 12, 11, 4, 6, 10, 8, 7, 9, 5, 13], "R": [[-0.8204776524049882, -0.3630532750038266, -0.4415979409066526], [-0.5573255284874534, 0.33596890841160826, 0.7592846290271478], [-0.12729759306514954, 0.8690898757261578, -0.4779938396152311]], "T": [-0.03906949553526881, -0.0924964628704262, -0.1301794317262328], "aligned_model": [[-0.36710410229328094, 0.17371917661859068, -0.46139742274220263, 0.3174442093466886, 0.762368720162192, -0.8143247226519977, 0.01921378272042471, 0.5822969805620126, 0.1306192429156326, -0.5806672643626013, -0.010646748036222314, -0.2579623830339933, 0.002423810078688346], [0.666054392511343, 0.5379575154093161, 0.25062307551906127, -0.14627060845249276, -0.33520733229194255, 0.22702508801209845, 0.34136806807791154, 0.16872022758099728, -0.755726758224918, -0.5480592750752046, -0.6912757883830193, -0.17510238009421933, -0.08127363101691448], [-0.02437891307437423, -0.45578253857012785, -0.5211505731414102, 0.5429744360170896, -0.44081896342133176, 0.11499747560312928, 0.39427923103233664, 0.1123385744367823, -0.39497753009335534, -0.03596197960364768, 0.29461276000065706, 0.549571884489303, -0.022583514086406756]], "inverted": true, "swapped": false, "error_lsq": 0.05210262317250173, "error_max": 0.3258642817018159, "target": "2.xyz", "model": "3.xyz", "model_rescale": 3.9243930471874484, "target_rescale": 3.932901565614263},
{"mapping": [0, 7, 1, 10, 8, 5, 3, 4, 9, 11, 11, 6, 12], "R": [[-0.8040445442991356, -0.533473654050642, -0.26252282037310903], [-0.5429628704292966, 0.47888109305798593, 0.689829123802966], [-0.2422884481727812, 0.6971934875954057, -0.6746981167430223]], "T": [0.03641058324237288, -0.02454665773360286, 0.0029393948319684296], "aligned_model": [[-0.4399047770083784, 0.34802037823073373, -0.31786439140291856, 0.4707542027579935, 0.5324879637766218, -0.7079797616144938, 0.06722706799883929, 0.5257783687895874, -0.03182162226955572, -0.25873596159543727, -0.25873596159543727, -0.36118120177436497, -0.07206102500925797], [0.6800203626599248, 0.47870390715944167, 0.22093741781401294, -0.3759369226377451, -0.25326627627406206, 0.10676437485068517, 0.39895969952010807, 0.3103446893653317, -0.5546946799932932, -0.7380081985919027, -0.7380081985919027, -0.10109613822512971, 0.024112556516547937], [-0.002659241035410702, -0.5379459567115171, -0.5666105248195888, 0.43305359063998766, -0.309999796598591, 0.050515932961663214, 0.5250946207922387, 0.030035991425502874, -0.45746785142072854, 0.176130699965688, 0.176130699965688, 0.6009172073471086, -0.004075022923396336]], "inverted": true, "swapped": false, "error_lsq": 0.05409603713440321, "error_max": 0.3184915658031718, "target": "2.xyz", "model": "4.xyz", "model_rescale": 3.8936222436046832, "target_rescale": 3.932901565614263},
{"mapping": [7, 3, 4, 1, 8, 9, 11, 5, 0, 6, 2, 12], "R": [[-0.10057091627900246, 0.9938564287900724, -0.04620486718350858], [-0.5239189918418017, -0.0923822369845862, -0.846743415845198], [-0.8458098963634039, -0.0609501537517958, 0.5299912244286318]], "T": [-0.10318002538762881, -0.06657899106011511, -0.0522520564710663], "aligned_model": [[0.0663829612048668, -0.4377545547859177, -0.3462049471126872, 0.45068723870111216, -0.8179513425739161, -0.705297866523614, -0.16297154607166847, 0.08483074239616188, 0.6709614651149542, 0.1767457078220358, 0.14107871495806523, -0.09295853091429536], [-0.6598148489668406, -0.485595649512497, 0.05876519786270884, 0.1876075227207893, 0.20260962703344265, 0.21691387505695336, -0.2493026706790148, 0.3485666093513034, -0.03576720583080914, -0.4999882998698818, 0.5673844382273201, 0.017544309716332918], [-0.5504783741497349, -0.250455494347922, -0.6979481487672943, -0.5580648700108468, -0.18389255983694835, 0.40323340689360515, 0.6337882630423003, 0.5137712310650042, 0.26819384356402715, 0.11849233820558368, -0.0012847570285749593, -0.07607015935368118]], "inverted": false, "swapped": true, "error_lsq": 0.05141942630712535, "error_max": 0.2999859142387368, "target": "2.xyz", "model": "5.xyz", "model_rescale": 3.6523030999806103, "target_rescale": 3.932901565614263},
{"mapping": [3, 1, 5, 10, 6, 7, 4, 2, 8, 9, 9, 11, 12], "R": [[-0.2397037724800341, 0.8941843250675774, 0.378122327114231], [0.607703457719463, -0.16554293397513925, 0.7767187679506089], [0.7571252267192324, 0.4159686644620531, -0.5037176404008569]], "T": [-0.011575796926300147, -5.4091717030739506e-05, -0.06510801360719211], "aligned_model": [[-0.29392678554102114, 0.29192974861233145, -0.4018428475717736, 0.4169156000233435, 0.5561462304285886, -0.6743616364450489, 0.14222540913414933, 0.5587767923701962, -0.014992197365016426, -0.2648430429229218, -0.2648430429229218, -0.46145008685311306, -0.0937508616628611], [0.6211194789650709, 0.4422070208761875, 0.030987159799814167, -0.4127778068799548, -0.25714232676675397, 0.09969655778565042, 0.2328955449633112, 0.470276431738857, -0.49198498149759584, -0.6412404550125012, -0.6412404550125012, -0.053727948979833455, 0.05976437359226606], [0.0655136433349761, -0.5063158536424174, -0.6224513547098699, 0.4395971472038004, -0.25009936780295644, 0.06749213177132794, 0.4361017805027847, 0.1072252588552401, -0.525211730777826, 0.15260423871191298, 0.15260423871191298, 0.6894125251791002, -0.09335230774934143]], "inverted": false, "swapped": false, "error_lsq": 0.0608506963343392, "error_max": 0.3556500724998604, "target": "2.xyz", "model": "6.xyz", "model_rescale": 4.08911054899281, "target_rescale": 3.932901565614263},
{"mapping": [2, 9, 11, 4, 8, 13, 6, 3, 10, 12, 5, 7, 14], "R": [[0.8728923872539252, 0.2349747391100393, 0.4276046681858285], [-0.38230092713076236, 0.8739211961936055, 0.30017951955204614], [-0.30315817882601, -0.425498078519406, 0.8526702198313192]], "T": [-0.05725317069161591, 0.011749458458689056, -0.011750928327032298], "aligned_model": [[-0.4278930882319909, 0.3131566078731994, -0.270542796819411, 0.4905094509575076, 0.510844078786605, -0.7822754497113237, 0.09219385659429367, 0.6417209527573441, 0.015634966021743094, -0.5707201141841067, -0.055543549955437546, -0.43812450309823986, -0.022977131706251923], [0.6138365710565674, 0.39586430990899907, -0.09227389423873256, -0.3011219975006777, -0.19821524565960613, 0.0976102153929248, 0.26341738496837336, 0.34456622815893395, -0.6154458451224841, -0.4672908205633189, -0.628936675089106, -0.04278624809105392, 0.08960861035119758], [0.3758786676282664, -0.5860415209251186, -0.5486100722717078, 0.3027598855922986, -0.3253259774696267, -0.06527800274150393, 0.3925655408591686, 0.1529293947866459, -0.35900914521204413, -0.13371004863458907, 0.400583383924378, 0.6600018903491337, -0.15362364629665676]], "inverted": true, "swapped": false, "error_lsq": 0.0495875152146326, "error_max": 0.3057093329510205, "target": "2.xyz", "model": "7.xyz", "model_rescale": 3.964800864290218, "target_rescale": 3.932901565614263},
{"mapping": [1, 5, 8, 6, 10, 7, 0, 3, 11, 12, 4, 2, 13], "R": [[0.9874894714080454, -0.149541216653513, -0.05001967992746706], [0.1567240163038815, 0.8958162755601972, 0.4158735182180249], [-0.017381788510963656, -0.4185100058101888, 0.9080458405085704]], "T": [-0.028986757755408987, -0.04653183258566833, 0.032271550643629854], "aligned_model": [[-0.4156245937955441, 0.27479727019574923, -0.342717080029077, 0.3873522416086316, 0.4502180526764502, -0.7279872551847033, 0.15743769675632402, 0.6025055959128547, 0.18946847508832826, -0.5692805525459173, -0.09881459533410122, -0.37354599846682, -0.03782597759824407], [0.589201814571595, 0.48684834806168403, 0.19023165070017017, -0.34071747933981494, -0.10545895600173592, 0.08383942257091685, 0.34403854995607625, 0.2639774824734259, -0.8256392404484908, -0.528273816771234, -0.615365556035917, -0.0538548198815335, -0.02999480628312494], [0.1296050227214337, -0.5354357420898249, -0.6284658550446646, 0.30907918426476483, -0.6325775726859456, -0.0031516816228975425, 0.6031130974531989, 0.2076684383653212, -0.14773479021730285, -0.183789119707075, 0.4404941163827766, 0.5978102595323606, -0.04349500776350125]], "inverted": true, "swapped": false, "error_lsq": 0.04386773445653548, "error_max": 0.26454032921124854, "target": "2.xyz", "model": "8.xyz", "model_rescale": 4.121658175737393, "target_rescale": 3.932901565614263},
{"mapping": [9, 4, 5, 2, 0, 7, 6, 1, 10, 11, 3, 8, 12], "R": [[0.37826319219899085, 0.05088551326475291, 0.9242984485366253], [0.23765114439831656, 0.9596846743738903, -0.15009083695566333], [-0.8946725048829881, 0.2764344231669849, 0.35092038797245234]], "T": [-0.0959779220473965, -0.059984002194035574, 0.024628335674436213], "aligned_model": [[-0.38483229837002053, 0.35401954520756396, -0.20976807039932638, 0.3841508186503343, 0.5420013337138059, -0.7615837379073236, -0.08350938920441996, 0.5334304910758045, -0.17839768499040173, -0.5008236451254131, 0.12406441294948087, -0.3056648469175812, -0.01710364939857191], [0.7095933589562365, 0.5723183956128997, 0.0058160313968468325, -0.32419626186695416, -0.17480758059736506, 0.05030811717364159, 0.47732224546924085, 0.19852884464768403, -0.6215959672352289, -0.5269354523263724, -0.8128013887763086, -0.07195367493925914, -0.022764073943043965], [-0.10767303060421947, -0.4064445988858841, -0.5790603788078383, 0.4512601735082146, -0.4210422356933793, 0.020696845876368396, 0.4620395632449308, 0.13393466312648464, -0.4796333166394726, 0.16984664814999836, 0.11141165629874115, 0.7220818883932947, 0.03570247162140498]], "inverted": true, "swapped": false, "error_lsq": 0.06066104941511717, "error_max": 0.32561511370196106, "target": "2.xyz", "model": "9.xyz", "model_rescale": 3.833441315466971, "target_rescale": 3.932901565614263},
{"mapping": [8, 10, 11, 5, 0, 7, 2, 13, 6, 6, 4, 3, 14], "R": [[-0.20273066456546535, -0.9431382135417734, 0.2634209327332909], [0.30187508426412535, 0.19571211481205314, 0.9330424436306856], [-0.9315426512754915, 0.2686765309308313, 0.2450330805862792]], "T": [-0.03941866878607767, -0.059164252700860925, -0.09415124958261209], "aligned_model": [[-0.17924428763644648, 0.1795434726227348, -0.49916302367783777, 0.45417729512784366, 0.5984397753264616, -0.6900623997536794, 0.13535395010032417, 0.6276969024124875, -0.20728637314608256, -0.20728637314608256, -0.14939023896038534, -0.4802109895105724, -0.08658443047483405], [0.707583102944709, 0.5320579947801217, 0.23812385697521818, -0.28421049589341885, -0.027885121705239657, 0.05674856898504628, 0.23017832609819097, 0.25813949090426314, -0.7088680175863963, -0.7088680175863963, -0.6824768419053374, -0.12754833839997615, -0.02414191403876751], [-0.10447846122842508, -0.6216604705760209, -0.501081205513548, 0.3097700475778786, -0.33075467927490443, -0.009647226582602822, 0.5401875074779491, 0.20578489424343707, -0.19872189446624258, -0.19872189446624258, 0.3909263215159161, 0.6510652267254754, -0.019547815844026026]], "inverted": false, "swapped": false, "error_lsq": 0.05137533439867998, "error_max": 0.35475953801811627, "target": "2.xyz", "model": "10.xyz", "model_rescale": 4.2482417240324, "target_rescale": 3.932901565614263},
{"mapping": [8, 4, 1, 7, 5, 0, 2, 6, 3, 11, 10, 12], "R": [[-0.5558440216681443, -0.7538144536126177, -0.3504300117006166], [0.8146122879343192, -0.40992266172644004, -0.4103294185767392], [0.16566304332046344, -0.5135437478227356, 0.8419195776022679]], "T": [-0.018280135729988232, 0.046751693769529784, -0.03552864667407885], "aligned_model": [[-0.6357693022579556, -0.051942505039276464, 0.35668938012714047, 0.6512230424683072, -0.3509623065171482, 0.37976003876070646, -0.2866145256924266, 0.3998494562192657, 0.09619823752336126, -0.1652481832724068, -0.45760913106008505, -0.058808598896475245], [-0.3943311994543479, -0.6315380644281642, -0.12805256999702758, -0.33727984835061997, 0.6513515160946768, 0.6946345834572387, 0.23286658675892338, 0.31095402458767607, -0.30271736203909105, 0.615788474710199, -0.07959807356554682, 0.03405332227672317], [-0.19314457428170276, 0.13907252943710685, 0.6397991729107273, -0.21772393254981806, 0.19219466891194656, 0.3176593613573383, 0.5624074111888363, -0.260740693678747, -0.473210905462791, -0.438283937111626, -0.744410082084113, 0.04157327121719893]], "inverted": true, "swapped": true, "error_lsq": 0.049144042255748026, "error_max": 0.27504962375208136, "target": "2.xyz", "model": "11.xyz", "model_rescale": 3.6694154284099745, "target_rescale": 3.932901565614263},
{"mapping": [7, 5, 12, 4, 0, 10, 11, 6, 1, 2, 3, 8, 13], "R": [[-0.4504074005902804, 0.7818503361023137, 0.43109537857672037], [0.33868696003821674, 0.5963777596441361, -0.7277531936734545], [-0.8260897751416478, -0.18177904097706188, -0.533415470030521]], "T": [-0.061476659471915246, 0.05655051082509772, 0.018026300003034956], "aligned_model": [[-0.2929727920982914, 0.20968980448007626, -0.3393809592778062, 0.46525368213165463, 0.49318257293119194, -0.6696159291239365, 0.15525239484474598, 0.4099200769856026, -0.004408547990891659, -0.4933959306240203, -0.03009107441969694, -0.42916513291644276, 0.021715114361745697], [0.7607179741649613, 0.5805820781994343, -0.006254189971066408, -0.3849697163610073, -0.13397342181115832, 0.21565195260610218, 0.2122176992490778, 0.3618976183852367, -0.7318251479860619, -0.4321222573614893, -0.7225657732555053, -0.24709719243641598, -0.013427029850090429], [-0.034156480893322905, -0.5264279751199099, -0.5988961181127204, 0.29242324963988664, -0.39037501173368017, -0.07352776729467805, 0.706375697017555, 0.08438211523823781, -0.2847616544264987, -0.012929187920910926, 0.38304912330958374, 0.6055644775805696, -0.03760011769546772]], "inverted": true, "swapped": false, "error_lsq": 0.04958246599208694, "error_max": 0.35525866122615735, "target": "2.xyz", "model": "12.xyz", "model_rescale": 3.9764082729961374, "target_rescale": 3.932901565614263},
{"mapping": [5, 0, 4, 8, 2, 6, 12, 1, 3, 14, 11, 13, 15], "R": [[-0.7449580146697534, -0.6070815408001504, -0.2765674586769289], [0.5945614792828122, -0.416180941645762, -0.6879608064155116], [0.30254620098810314, -0.6769382738703449, 0.6709846269752417]], "T": [-0.0156642284134513, 0.035193733493526454, 0.03437179656157277], "aligned_model": [[-0.3991150420111693, 0.2316566684299506, -0.3673430676058772, 0.46523529885357395, 0.7066953664737863, -0.7796073311199084, 0.07671352467961523, 0.5575654432375016, -0.026521577885547983, -0.5453273942563285, 0.010414416036898442, -0.368736977108541, -0.06564604844002218], [0.7646200964479938, 0.4563630483859079, 0.20300166997054747, -0.48238677282195935, 0.03711265522792762, 0.04070933651222256, 0.31878851250198953, 0.16846468427265565, -0.7273628417475438, -0.5531354460755268, -0.6757279290628485, -0.07501368449513182, -0.016600735544217142], [-0.11966248667752996, -0.502802956828717, -0.5689740514384113, 0.012035709054895621, -0.303936416935887, 0.03876720892028482, 0.5985117499427222, 0.27305396070117316, -0.3217644622392718, 0.14452508426545593, 0.38715358855362325, 0.5218905196236374, -0.04567709735333153]], "inverted": false, "swapped": false, "error_lsq": 0.05050598828007479, "error_max": 0.3484123467477982, "target": "2.xyz", "model": "13.xyz", "model_rescale": 4.170626492500431, "target_rescale": 3.932901565614263},
{"mapping": [7, 1, 0, 11, 3, 8, 10, 9, 6, 4, 5, 12, 13], "R": [[-0.7756203439278869, -0.44013944117313253, 0.4524271813330728], [0.584493521782651, -0.7714161485265946, 0.251564005347563], [0.23828639297975093, 0.4595589169151193, 0.8555847104784554]], "T": [-0.08371405487745498, -0.05467486906834515, -0.11095565990650114], "aligned_model": [[-0.34736359106651105, 0.2673179732677886, -0.3004925726115356, 0.4735999932166911, 0.4865666704922741, -0.7036900877973985, -0.05576614068279939, 0.5441657737115355, 0.22004397852226731, -0.7048904577329271, 0.006988573389144798, -0.36155667406887326, -0.02894015935572522], [0.7102256119314699, 0.5441258222856543, 0.2790427101822923, -0.29548036935798916, -0.20782296179038645, 0.1988981187627802, 0.25270793483473575, 0.37142469236964204, -0.8372843276181825, -0.39689995988926574, -0.7790619343159783, -0.25529580742573565, -0.12574693639702], [-0.05760794090788725, -0.44115062828965973, -0.5553631959317038, 0.25108496482823184, -0.46704435728014726, 0.20980398726279087, 0.36133983121285895, 0.17279162740615917, -0.1633270219620277, -0.10173642234749491, 0.43149824715259566, 0.5357752263511644, -0.06294396790623578]], "inverted": false, "swapped": false, "error_lsq": 0.05232026111997075, "error_max": 0.3688797330579353, "target": "2.xyz", "model": "14.xyz", "model_rescale": 3.9786697098870705, "target_rescale": 3.932901565614263},
{"mapping": [4, 9, 1, 7, 2, 0, 10, 11, 6, 3, 5, 12], "R": [[0.5188220647502536, 0.8371547372907443, 0.17319241022616663], [-0.831435701011804, 0.5412510774879552, -0.1255465897630756], [-0.198842501018505, -0.07886201208308483, 0.9768533374252829]], "T": [0.04546258242464893, -0.04106151359006981, -0.06691853866629872], "aligned_model": [[0.05276692942294696, -0.7411388571882875, 0.5482699927986036, 0.6687914219209667, -0.10062342992641124, 0.5001357383320367, -0.5245435814374669, -0.18317499172439164, 0.40843956419296346, 0.07387632884212214, -0.24056833122753032, 0.02112381276178467], [-0.5216763730796227, -0.0043640054205592235, 0.12607734017581718, -0.5272884367178778, 0.45479451530100856, 0.6532047986013404, -0.4746529600433736, 0.2457136578316133, 0.024430534224732327, -0.5767302342424874, 0.6228129729469479, -0.007647319353099716], [-0.5774591592202133, 0.10712908465290617, -0.65554035612903, -0.004034596089679945, -0.5107150045482916, 0.052230936067057074, 0.3787029936165309, 0.5438998875296445, 0.3322232854624339, 0.1306956290900066, 0.007467366835077219, -0.14463357339261168]], "inverted": false, "swapped": true, "error_lsq": 0.05354106370724587, "error_max": 0.32059308129273323, "target": "2.xyz", "model": "15.xyz", "model_rescale": 3.769337070930944, "target_rescale": 3.932901565614263},
{"mapping": [3, 7, 11, 6, 8, 4, 9, 1, 5, 0, 12], "R": [[-0.2502080435776529, -0.5188175761663021, -0.8174498501987549], [-0.8093244681142546, -0.35133024060290324, 0.47070263155147635], [-0.5314036509477728, 0.779355749769532, -0.3319861067282006]], "T": [0.010377044509115583, 0.03866004842280508, -0.021549866581491245], "aligned_model": [[-0.16554796788107085, -0.4885453773835421, -0.2520836759189584, -0.5263654106431044, 0.5934759514924816, 0.3522682817174929, 0.4433912989003977, 0.07718750528711471, 0.17939613199617457, -0.37411289493362476, 0.08356228805780981], [-0.07810516585267052, -0.5208024582663418, 0.7008434850887733, 0.09564633314373358, 0.13542292361833896, -0.500627598248472, 0.6645850645606606, -0.5902402436663168, 0.5490562768778764, 0.12246961639296394, 0.017816263976797184], [-0.552789881376693, -0.2803702168208074, -0.006001378719111078, 0.04182042283157805, -0.5228705032686913, -0.3113341621371529, -0.28819126763700353, 0.4551545673176641, 0.4673310170912389, 0.7187699501597952, 0.02269905978295997]], "inverted": false, "swapped": true, "error_lsq": 0.06549634836088121, "error_max": 0.4097267704837318, "target": "2.xyz", "model": "16.xyz", "model_rescale": 3.7852294659196426, "target_rescale": 3.932901565614263},
{"mapping": [9, 10, 0, 7, 5, 8, 11, 6, 1, 3, 2, 8, 12], "R": [[0.6029832696591229, -0.4945918752841115, -0.6259313488028377], [-0.3005830957241884, -0.8676480748409723, 0.39602603549466064], [-0.7389593893280315, -0.05065269121873664, -0.6718432300739827]], "T": [-0.033359709318367584, -0.10915284372482051, -0.07120530379471442], "aligned_model": [[-0.4408042641593342, 0.2659173307870431, -0.5106033240870235, 0.5348357453005556, 0.5039497984017691, -0.5518758833880452, 0.06538302119608318, 0.7571911550943217, 0.13119030161597572, -0.607939225376421, -0.06890349049359441, -0.5518758833880452, -0.03048200221935378], [0.6492195312793408, 0.6005472596777429, 0.05817925207868521, -0.26737436250243996, -0.2897210249885297, 0.08607756510913811, 0.19685151988604774, 0.28038461769097045, -0.7588589700037841, -0.6396605341979992, -0.5239886397204602, 0.08607756510913811, -0.01890118584583317], [0.007038297048010664, -0.3078782675554179, -0.5294472241984186, 0.3076705090021969, -0.4042257767224962, 0.2711862497622311, 0.5879936624172568, 0.03215393784373659, -0.2295069071478093, -0.2158266757902237, 0.3768292071647658, 0.2711862497622311, -0.054052911997419434]], "inverted": true, "swapped": false, "error_lsq": 0.058006722576897395, "error_max": 0.37050290319698476, "target": "2.xyz", "model": "17.xyz", "model_rescale": 3.901054581598922, "target_rescale": 3.932901565614263},
{"mapping": [10, 11, 9, 1, 7, 5, 4, 6, 3, 2, 0, 8, 14], "R": [[0.848484042325046, -0.46766061448940704, -0.24772642082575647], [0.04291032497161222, -0.4057609380313173, 0.9129713934065931], [-0.5274784677411773, -0.7852716796264436, -0.32421421197425027]], "T": [-0.07401011958982173, -0.04610535454433258, -0.030891674323894936], "aligned_model": [[-0.22676148796201873, 0.2938673242832648, -0.42099913723760096, 0.4081615064923958, 0.5332398253267007, -0.6951105364065997, -0.038987178352861036, 0.6004028203822567, -0.03944837650004469, -0.603928286833872, 0.18485769517913248, -0.4292501629543893, -0.0700607261324325], [0.7577093082198076, 0.4544747204521384, 0.29436910935287125, -0.20655008300947747, -0.2643040802318949, 0.012535222381031871, 0.3920837554566135, 0.2819961895278157, -0.7092037702901339, -0.6742156953814862, -0.7302267921960682, -0.1160172358023454, -0.033818054906855445], [0.023905729945409442, -0.5317077720410186, -0.4757122925511019, 0.44602924317167086, -0.18358039134138987, -0.060583457084540396, 0.6266322167808308, 0.004354721886649964, -0.4083991132741489, 0.06077204666892684, 0.17027947550021377, 0.5252873369568064, -0.08415739502966475]], "inverted": false, "swapped": false, "error_lsq": 0.050584787788512345, "error_max": 0.30424055349339835, "target": "2.xyz", "model": "18.xyz", "model_rescale": 3.9405287249114394, "target_rescale": 3.932901565614263},
{"mapping": [13, 11, 9, 1, 2, 7, 12, 3, 6, 8, 0, 4, 15], "R": [[0.5880132449462945, -0.794485526670648, 0.1517668332627132], [0.1766261130066852, 0.30922631730411654, 0.9344422405321173], [-0.7893311345511962, -0.5226584282276494, 0.32215606067669184]], "T": [-0.014236658828581359, 0.06317688499344637, 0.035095053084355544], "aligned_model": [[-0.29468655125464605, 0.022537524456945502, -0.5255969493810495, 0.4322339112159896, 0.5504321602131039, -0.7160899916126349, 0.11246623699496194, 0.7685671093892356, 0.13863397067472485, -0.3913843712246302, -0.14659678952665542, -0.46911382815120545, 0.014580847489791486], [0.6718887349076026, 0.4912206843351243, 0.19028456551184245, -0.3542503794863553, -0.30670127021881693, 0.04053225336018691, 0.26477432940751666, 0.20471539640649777, -0.6344526546576263, -0.5487542224008506, -0.5306833230864882, -0.08640035502752572, 0.05665883452090935], [-0.011247011870298328, -0.5433851688667841, -0.5229050703527847, 0.2839683801654714, -0.5123212036270138, -0.015051420963710246, 0.5284954065550811, 0.33942005226274846, -0.18451153068242346, -0.20064225489546642, 0.3552280051789447, 0.5877056200416148, 0.008366546643264583]], "inverted": false, "swapped": false, "error_lsq": 0.04400909091996917, "error_max": 0.26505062742301655, "target": "2.xyz", "model": "19.xyz", "model_rescale": 4.410303926677745, "target_rescale": 3.932901565614263},
{"mapping": [1, 5, 8, 6, 10, 7, 0, 3, 11, 12, 4, 2, 13], "R": [[0.9874894714080454, -0.149541216653513, -0.05001967992746706], [0.1567240163038815, 0.8958162755601972, 0.4158735182180249], [-0.017381788510963656, -0.4185100058101888, 0.9080458405085704]], "T": [-0.028986757755408987, -0.04653183258566833, 0.032271550643629854], "aligned_model": [[-0.4156245937955441, 0.27479727019574923, -0.342717080029077, 0.3873522416086316, 0.4502180526764502, -0.7279872551847033, 0.15743769675632402, 0.6025055959128547, 0.18946847508832826, -0.5692805525459173, -0.09881459533410122, -0.37354599846682, -0.03782597759824407], [0.589201814571595, 0.48684834806168403, 0.19023165070017017, -0.34071747933981494, -0.10545895600173592, 0.08383942257091685, 0.34403854995607625, 0.2639774824734259, -0.8256392404484908, -0.528273816771234, -0.615365556035917, -0.0538548198815335, -0.02999480628312494], [0.1296050227214337, -0.5354357420898249, -0.6284658550446646, 0.30907918426476483, -0.6325775726859456, -0.0031516816228975425, 0.6031130974531989, 0.2076684383653212, -0.14773479021730285, -0.183789119707075, 0.4404941163827766, 0.5978102595323606, -0.04349500776350125]], "inverted": true, "swapped": false, "error_lsq": 0.04386773445653548, "error_max": 0.26454032921124854, "target": "2.xyz", "model": "20.xyz", "model_rescale": 4.121658175737393, "target_rescale": 3.932901565614263},
{"mapping": [3, 1, 5, 10, 6, 7, 4, 2, 8, 9, 9, 11, 12], "R": [[-0.2397037724800341, 0.8941843250675774, 0.378122327114231], [0.607703457719463, -0.16554293397513925, 0.7767187679506089], [0.7571252267192324, 0.4159686644620531, -0.5037176404008569]], "T": [-0.011575796926300147, -5.4091717030739506e-05, -0.06510801360719211], "aligned_model": [[-0.29392678554102114, 0.29192974861233145, -0.4018428475717736, 0.4169156000233435, 0.5561462304285886, -0.6743616364450489, 0.14222540913414933, 0.5587767923701962, -0.014992197365016426, -0.2648430429229218, -0.2648430429229218, -0.46145008685311306, -0.0937508616628611], [0.6211194789650709, 0.4422070208761875, 0.030987159799814167, -0.4127778068799548, -0.25714232676675397, 0.09969655778565042, 0.2328955449633112, 0.470276431738857, -0.49198498149759584, -0.6412404550125012, -0.6412404550125012, -0.053727948979833455, 0.05976437359226606], [0.0655136433349761, -0.5063158536424174, -0.6224513547098699, 0.4395971472038004, -0.25009936780295644, 0.06749213177132794, 0.4361017805027847, 0.1072252588552401, -0.525211730777826, 0.15260423871191298, 0.15260423871191298, 0.6894125251791002, -0.09335230774934143]], "inverted": false, "swapped": false, "error_lsq": 0.0608506963343392, "error_max": 0.3556500724998604, "target": "2.xyz", "model": "21.xyz", "model_rescale": 4.08911054899281, "target_rescale": 3.932901565614263},
{"mapping": [3, 2, 15, 6, 8, 14, 13, 0, 5, 9, 10, 12, 16], "R": [[0.6151260125580127, 0.3660289944145276, 0.6983142300729448], [-0.19503454930773872, 0.928819147093302, -0.3150500223285164], [-0.7639250704426497, 0.057600062853795764, 0.6427291182982391]], "T": [0.03600451631774765, -0.025182350277822382, -0.06672167214771252], "aligned_model": [[-0.44266667437859913, 0.044138187877442336, -0.3127483486633443, 0.6525905349290608, 0.5062234936846732, -0.5810965364731833, -0.0773846489007538, 0.6957478421775043, -0.045822951912577084, -0.5088400274886269, -0.02866087127558037, -0.46223306996481955, 0.056736349672734866], [0.6527932163291479, 0.6005349783558845, 0.17300265032614198, -0.3608997159908377, -0.4014091240642243, 0.15063823223843675, 0.319558596241963, 0.28809294151762904, -0.7162478848100711, -0.48297473172206107, -0.672159886433203, -0.09640561826615118, 0.004308939849362328], [0.1892116112989256, -0.42681262927897623, -0.6754918772310924, 0.18363739112568211, -0.410392366374543, -0.056923746090044414, 0.4855704091208243, 0.19149671161544285, -0.18274643835234822, -0.033282621046415994, 0.4111631095441245, 0.4733302325304113, -0.03563943727334669]], "inverted": true, "swapped": false, "error_lsq": 0.042822130566259824, "error_max": 0.25814594346704856, "target": "2.xyz", "model": "22.xyz", "model_rescale": 4.204369325754507, "target_rescale": 3.932901565614263},
{"mapping": [13, 11, 9, 1, 2, 7, 12, 3, 6, 8, 0, 4, 15], "R": [[0.5880132449462945, -0.794485526670648, 0.1517668332627132], [0.1766261130066852, 0.30922631730411654, 0.9344422405321173], [-0.7893311345511962, -0.5226584282276494, 0.32215606067669184]], "T": [-0.014236658828581359, 0.06317688499344637, 0.035095053084355544], "aligned_model": [[-0.29468655125464605, 0.022537524456945502, -0.5255969493810495, 0.4322339112159896, 0.5504321602131039, -0.7160899916126349, 0.11246623699496194, 0.7685671093892356, 0.13863397067472485, -0.3913843712246302, -0.14659678952665542, -0.46911382815120545, 0.014580847489791486], [0.6718887349076026, 0.4912206843351243, 0.19028456551184245, -0.3542503794863553, -0.30670127021881693, 0.04053225336018691, 0.26477432940751666, 0.20471539640649777, -0.6344526546576263, -0.5487542224008506, -0.5306833230864882, -0.08640035502752572, 0.05665883452090935], [-0.011247011870298328, -0.5433851688667841, -0.5229050703527847, 0.2839683801654714, -0.5123212036270138, -0.015051420963710246, 0.5284954065550811, 0.33942005226274846, -0.18451153068242346, -0.20064225489546642, 0.3552280051789447, 0.5877056200416148, 0.008366546643264583]], "inverted": false, "swapped": false, "error_lsq": 0.04400909091996917, "error_max": 0.26505062742301655, "target": "2.xyz", "model": "23.xyz", "model_rescale": 4.410303926677745, "target_rescale": 3.932901565614263},
{"mapping": [1, 2, 0, 15, 5, 7, 10, 8, 6, 13, 14, 11, 16], "R": [[-0.48191125467569595, -0.6344218008059478, 0.6043761422152887], [0.2251228958342501, -0.756247291343957, -0.6143368099879167], [0.8468064857971378, -0.15999691558610324, 0.5072669539944776]], "T": [-0.03381114524896633, -0.039982164117354974, 0.049086620580777854], "aligned_model": [[-0.5657259253345917, 0.23642483312095514, -0.2927857775187114, 0.48888991806815385, 0.36115720646137256, -0.6854440674482375, 0.15316717070644212, 0.6881524049271444, 0.056063763726833145, -0.44430824545166686, -0.08319904377346055, -0.3699857453182961, -0.04642321288200616], [0.6244765718928222, 0.48539159811974253, 0.2685387129989245, -0.5037580044196815, -0.17844461709406792, 0.007797476257471098, 0.42416269632719084, 0.21886123901132667, -0.7371481709666289, -0.592341363043179, -0.6061704533979657, -0.026624185115176426, 0.07409109300123826], [0.15815817707721624, -0.6465058442473489, -0.5897661162141109, 0.19403405654903488, -0.42041330880241407, -0.07347984038627739, 0.4654909963515032, 0.3448490119159898, -0.2403613875143331, -0.09436396295352838, 0.41670278803735916, 0.5853045699968398, 0.013471209778713453]], "inverted": false, "swapped": false, "error_lsq": 0.0433018426305323, "error_max": 0.24289218188826298, "target": "2.xyz", "model": "24.xyz", "model_rescale": 4.28219845311461, "target_rescale": 3.932901565614263},
{"mapping": [3, 9, 13, 8, 11, 4, 1, 5, 14, 2, 6, 0, 15], "R": [[0.6742872032348834, 0.3670892394231214, -0.6407669294317812], [-0.27589018176197305, 0.9300912866804714, 0.24251764069529186], [0.6849973541270248, 0.013254762948444715, 0.7284249694362186]], "T": [-0.044170398234213905, -0.014086808478441036, -0.12630716067071762], "aligned_model": [[-0.1525250852488146, 0.22135519469227047, -0.3832404922541073, 0.4055335093131687, 0.4263523656427571, -0.683305355810362, 0.03971326458620952, 0.6763862474626694, 0.08055344645336143, -0.518293667706937, -0.015958073929710083, -0.5094943639943221, -0.09109370992225219], [0.7060119430199671, 0.48517662781469534, -0.0919681028204764, -0.16449811095611075, -0.13592505763735865, 0.25674069930873855, 0.28317901489697916, 0.33788309208265765, -0.7228115043915508, -0.508035014887303, -0.7105010226803407, -0.24345167502982362, -0.032968295148056936], [0.13781855703247425, -0.49658525151687866, -0.6078488849999334, 0.3807321795706586, -0.371747257158761, 0.10349175154522916, 0.43447261804052845, 0.16039127035953438, -0.3759026190906345, -0.1278300256953419, 0.4450145017716493, 0.5033114039515132, -0.0721978942213935]], "inverted": true, "swapped": false, "error_lsq": 0.04488111710810523, "error_max": 0.28698756889577376, "target": "2.xyz", "model": "25.xyz", "model_rescale": 4.100010024507729, "target_rescale": 3.932901565614263},
{"mapping": [8, 4, 1, 7, 5, 0, 2, 6, 3, 11, 10, 12], "R": [[-0.5558440216681443, -0.7538144536126177, -0.3504300117006166], [0.8146122879343192, -0.40992266172644004, -0.4103294185767392], [0.16566304332046344, -0.5135437478227356, 0.8419195776022679]], "T": [-0.018280135729988232, 0.046751693769529784, -0.03552864667407885], "aligned_model": [[-0.6357693022579556, -0.051942505039276464, 0.35668938012714047, 0.6512230424683072, -0.3509623065171482, 0.37976003876070646, -0.2866145256924266, 0.3998494562192657, 0.09619823752336126, -0.1652481832724068, -0.45760913106008505, -0.058808598896475245], [-0.3943311994543479, -0.6315380644281642, -0.12805256999702758, -0.33727984835061997, 0.6513515160946768, 0.6946345834572387, 0.23286658675892338, 0.31095402458767607, -0.30271736203909105, 0.615788474710199, -0.07959807356554682, 0.03405332227672317], [-0.19314457428170276, 0.13907252943710685, 0.6397991729107273, -0.21772393254981806, 0.19219466891194656, 0.3176593613573383, 0.5624074111888363, -0.260740693678747, -0.473210905462791, -0.438283937111626, -0.744410082084113, 0.04157327121719893]], "inverted": true, "swapped": true, "error_lsq": 0.049144042255748026, "error_max": 0.27504962375208136, "target": "2.xyz", "model": "26.xyz", "model_rescale": 3.6694154284099745, "target_rescale": 3.932901565614263},
{"mapping": [9, 11, 10, 6, 2, 8, 3, 12, 0, 5, 1, 7, 13], "R": [[-0.1879331048273077, 0.9588120126585471, -0.21298045096119667], [-0.5706503887918504, -0.28308147219934027, -0.770858621194032], [-0.7993993256700171, -0.02333247691782142, 0.6003468277914036]], "T": [-0.13532031567548358, -0.04941700345631149, -0.0595579286254682], "aligned_model": [[-0.25602746027814605, 0.37516900035068496, -0.2679845048816241, 0.45566689267518795, 0.38905115658402595, -0.7439926930687635, 0.047333442485835014, 0.516133045590246, -0.03704495938258448, -0.5431643401803339, 0.0976899572021826, -0.44468587693973294, -0.09216038087304615], [0.6038580235189237, 0.5196506741230228, 0.2721214440501874, -0.24557387067332787, -0.1795859454300261, 0.07534083827166176, 0.24167846248849068, 0.3735398718510954, -0.6617578547034128, -0.6893184244197013, -0.7491027733719289, -0.039858413607672546, -0.062159438525295416], [0.09382088295791334, -0.4490936853959978, -0.5503776099444068, 0.22931407558033473, -0.4721354993065718, -0.20892529573033541, 0.6716959634458612, 0.1030729819765046, -0.2882804228682091, 0.16442404128700483, 0.42602696591596434, 0.4884658916435098, -0.09488793997292787]], "inverted": true, "swapped": false, "error_lsq": 0.04336559197453371, "error_max": 0.2649417610030665, "target": "2.xyz", "model": "27.xyz", "model_rescale": 4.103607728864725, "target_rescale": 3.932901565614263},
{"mapping": [11, 10, 6, 2, 3, 7, 13, 12, 0, 1, 1, 8, 14], "R": [[-0.023713714582597717, 0.858705945868665, 0.5119196795108548], [-0.14242106223710785, 0.5039390639477703, -0.851916463544812], [-0.9895220567384785, -0.09311024840073345, 0.11034754583045689]], "T": [-0.025454685727292217, 0.11484001882052, -0.11501662966864898], "aligned_model": [[-0.4109922517586265, 0.18513854647546013, -0.4803351942002697, 0.40826332032882584, 0.6017869326791676, -0.7033864835277699, 0.09833270742584882, 0.7672049062297962, 0.07817744411172099, -0.2576986404647547, -0.2576986404647547, -0.5147458824016882, -0.018063485149024804], [0.6645128838068594, 0.406991541683841, 0.33898200484784663, -0.3369740306330301, -0.24825529176047953, -0.06954190042118452, 0.44642812202229454, 0.1930599384242039, -0.556056228486496, -0.7114154922913319, -0.7114154922913319, 0.07885680633578801, -0.03634026766496243], [0.030866063395440707, -0.47567332868419787, -0.49463664489830017, 0.2710836968932062, -0.31061979973432363, 0.04775016962144343, 0.42775269892785517, 0.205710719617861, -0.3360377779690771, 0.14232634754282372, 0.14232634754282372, 0.5419303317238487, -0.07965847439075978]], "inverted": true, "swapped": false, "error_lsq": 0.050073394673013, "error_max": 0.34323126779585267, "target": "2.xyz", "model": "28.xyz", "model_rescale": 4.137296879288765, "target_rescale": 3.932901565614263},
