[{"mapping": [6, 2, 0, 5, 3, 11, 7, 12, 1, 8, 9, 13], "R": [[-0.3878464563608435, 0.5421071958515086, 0.7454494714562151], [0.446773849951033, 0.817964211609018, -0.3623916052101227], [-0.8062060861146286, 0.19249503041079197, -0.5594438398792858]], "T": [-0.03887319297723764, -0.11781041693585828, -0.053299492083499], "aligned_model": [[-0.33735197976844317, 0.3868089480193854, 0.41541751033419266, -0.05852682916015532, -0.04717598985814038, -0.8031483027801815, 0.39119386361203595, -0.22069794099079254, 0.6665987597940717, -0.009400429065730978, -0.4891782012696361, -0.05689694640605707], [-0.357330029993978, -0.6227904069739462, -0.18800565323193835, 0.717920631934221, 0.1783444716870398, -0.42996192395394417, -0.2443003609853189, -0.46726833918328925, 0.10032521231412883, 0.37959476256271074, 0.04557512821412443, -0.058548456412752636], [-0.489242827821846, -0.10227552960957582, -0.602710047323282, -0.06872905810744599, -0.7152557151157476, 0.021388644161263667, 0.49977897057140813, 0.591288639111053, 0.08028966270513747, 0.5321721340459775, 0.4410559366633086, -0.0058090639266885485]], "inverted": true, "swapped": true, "error_lsq": 0.044969549348835784, "error_max": 0.24578497356571288, "target": "20.xyz", "model": "0.xyz", "model_rescale": 3.751011558992144, "target_rescale": 4.121658175737393},
{"mapping": [7, 11, 12, 1, 3, 4, 0, 9, 10, 5, 8, 2, 13, 14], "R": [[0.1381714934187672, 0.753251645510614, 0.6430556717283348], [-0.12263813324659195, 0.6572988279794967, -0.7435846549052576], [-0.9827861042364298, 0.023879055097141832, 0.18319733635467772]], "T": [-0.023742587265382743, -0.07629042700895503, 0.06527998953687268], "aligned_model": [[-0.1926279709520178, 0.41219962152915496, 0.44197719584207723, -0.6762803213050401, 0.10158492010793342, -0.4855640998466932, -0.4980231742114819, 0.5992057346199371, 0.21966121712370582, 0.2639464318339984, -0.3892275988480741, -0.0752968035115719, 0.514907120239923, 0.024725616839021917], [0.025311898120232185, -0.5304939636499353, 0.14021101177258888, -0.1336422662112308, 0.6257794426260478, -0.6392324125128211, 0.47304953128348315, -0.22759101830284242, -0.8174066358359366, 0.015339728280986814, -0.04610298842523722, 0.6220776828272231, 0.38131312252661365, -0.07766466631796975], [-0.5678327322612327, -0.4250102579908964, -0.47156944438764287, -0.17260826496582798, -0.2082100533514496, 0.3741346177746306, -0.1556001896753213, 0.21770420240568777, 0.31817344764067695, 0.6120203208887836, 0.618387282021818, 0.5050097337425531, 0.23248549888831604, 0.03973087799492628]], "inverted": false, "swapped": false, "error_lsq": 0.044408270539584835, "error_max": 0.3305804578787737, "target": "20.xyz", "model": "1.xyz", "model_rescale": 3.9405287249114394, "target_rescale": 4.121658175737393},
{"mapping": [1, 5, 8, 6, 10, 7, 0, 3, 11, 12, 4, 2, 13], "R": [[0.9874894714080454, -0.149541216653513, -0.05001967992746706], [0.1567240163038815, 0.8958162755601972, 0.4158735182180249], [-0.017381788510963656, -0.4185100058101888, 0.9080458405085704]], "T": [-0.028986757755408987, -0.04653183258566833, 0.032271550643629854], "aligned_model": [[-0.4156245937955441, 0.27479727019574923, -0.342717080029077, 0.3873522416086316, 0.4502180526764502, -0.7279872551847033, 0.15743769675632402, 0.6025055959128547, 0.18946847508832826, -0.5692805525459173, -0.09881459533410122, -0.37354599846682, -0.03782597759824407], [0.589201814571595, 0.48684834806168403, 0.19023165070017017, -0.34071747933981494, -0.10545895600173592, 0.08383942257091685, 0.34403854995607625, 0.2639774824734259, -0.8256392404484908, -0.528273816771234, -0.615365556035917, -0.0538548198815335, -0.02999480628312494], [0.1296050227214337, -0.5354357420898249, -0.6284658550446646, 0.30907918426476483, -0.6325775726859456, -0.0031516816228975425, 0.6031130974531989, 0.2076684383653212, -0.14773479021730285, -0.183789119707075, 0.4404941163827766, 0.5978102595323606, -0.04349500776350125]], "inverted": true, "swapped": true, "error_lsq": 0.04386773445653548, "error_max": 0.26454032921124854, "target": "20.xyz", "model": "2.xyz", "model_rescale": 3.932901565614263, "target_rescale": 4.121658175737393},
{"mapping": [1, 6, 10, 0, 11, 4, 3, 12, 5, 9, 7, 8, 9, 13], "R": [[0.5408362375163979, -0.3490149192389785, 0.7653004314239708], [0.0814553915805241, 0.9273061400677227, 0.3653331928187808], [-0.8371745238428902, -0.13524758312557855, 0.529949910734137]], "T": [-0.09180942443521228, 0.014066009681358115, -0.003500947527440443], "aligned_model": [[-0.29511066082599413, 0.2629461875905675, 0.4517302019125757, -0.712681530242615, 0.24329335790174772, -0.4705469776099957, -0.4621493281604243, 0.6472108054599743, 0.27987741487703643, 0.33753813582723613, -0.3030350219422706, -0.06837221532464272, 0.33753813582723613, 0.012949384170441475], [-0.006250939038266885, -0.5144821556455533, 0.0724635673034442, -0.16821414142306232, 0.7915421352683749, -0.7497242541344868, 0.36533350767895806, -0.1733101673969239, -0.4867389823511477, 0.09182043392314108, -0.10272574369479613, 0.63482046108999, 0.09182043392314108, -0.035405689321610395], [-0.7155574409244579, -0.2514476219304835, -0.46642625484463013, -0.17740351762529044, -0.28801052167154106, 0.187309700113291, 0.008539760114792613, 0.039731889861849015, 0.35405036220594466, 0.5876063704752698, 0.6684261174492964, 0.3875250539320336, 0.5876063704752698, -0.005135228906322446]], "inverted": false, "swapped": false, "error_lsq": 0.04800662103321899, "error_max": 0.3842488323959316, "target": "20.xyz", "model": "3.xyz", "model_rescale": 3.9243930471874484, "target_rescale": 4.121658175737393},
{"mapping": [2, 7, 4, 6, 11, 0, 3, 12, 9, 8, 10, 5, 13], "R": [[0.07798674746944864, -0.9152124914056994, -0.3953532127023999], [-0.4927829505067045, 0.3093423356537566, -0.8133094632808507], [0.8666504663986763, 0.2582506823751899, -0.4268765092432536]], "T": [-0.04599755852691789, -0.1374091097819687, -0.1292403418558058], "aligned_model": [[-0.10656351793168581, -0.3368493416871103, 0.4998808419519377, 0.3435201462970643, 0.7582998635717815, -0.36915468842804305, -0.1963065310214384, 0.291145803035196, 0.22170599856816242, -0.3644274411462225, 0.10817552282665924, -0.5063652935246583, -0.06585547620029002], [-0.4528404148017633, 0.21904253078775884, -0.37517598998790536, -0.5395225525967925, 0.017559313049996333, -0.7737946920857577, -0.6419258526546103, 0.38085752193677624, 0.4783187267580731, 0.5521019730340215, 0.20626528182673423, 0.1271748304957753, -0.07023112208071959], [-0.708415258551083, -0.6725640327891194, -0.5041764398533499, 0.02270227861259691, -0.0018677811371008712, -0.1904141316082644, 0.36959105716717977, -0.5633013853624467, 0.02265028858917853, -0.009932094294050037, 0.6010011158453868, 0.5166138290593738, -0.09481713030733772]], "inverted": true, "swapped": true, "error_lsq": 0.04418574974505903, "error_max": 0.3228913671690351, "target": "20.xyz", "model": "4.xyz", "model_rescale": 3.8936222436046832, "target_rescale": 4.121658175737393},
{"mapping": [11, 10, 6, 4, 3, 5, 8, 1, 2, 12, 0, 13], "R": [[-0.7945389920102528, -0.4716968649876555, 0.38237397627996184], [0.29746454644826115, 0.24661667494820527, 0.9223313175013746], [-0.5293605895622204, 0.8465708967347677, -0.055633470321647616]], "T": [-0.0356444525696204, -0.017550627032495138, -0.006229822108990216], "aligned_model": [[0.006004201484729549, -0.7353980514620808, -0.07215909184245287, 0.46425794878879195, -0.5211945191115852, -0.7823840717327986, -0.2664772715122222, 0.05548620815863625, 0.5356393836605566, 0.42678018318521577, -0.0051153210357671175, -0.07789155636592617], [-0.6100545549562326, -0.4397028325470674, 0.08046575204988579, -0.10499203511920019, 0.44558918234560824, -0.020178466753253833, -0.41127032432812755, 0.3858795034798074, 0.3174278781663949, -0.6026140966538157, 0.6922628893426724, -0.06388998991686404], [-0.5844493388187634, -0.09147317506664752, -0.5768131146517113, -0.49361569006347783, -0.2813758661523571, 0.36986027161698676, 0.6124450448993022, 0.6199165055512881, -0.011966308049123943, 0.11434849289929973, -0.0978383185580187, 0.04024621566874132]], "inverted": true, "swapped": true, "error_lsq": 0.048892944640333426, "error_max": 0.3082534626460249, "target": "20.xyz", "model": "5.xyz", "model_rescale": 3.6523030999806103, "target_rescale": 4.121658175737393},
{"mapping": [5, 1, 3, 10, 6, 8, 2, 9, 7, 12, 4, 11, 13], "R": [[-0.8401385412922096, 0.3627360367543128, 0.40322425407603196], [-0.153112251422097, 0.5545873019890626, -0.8179178216281567], [-0.5203113201726973, -0.7489028589291581, -0.41039083565289175]], "T": [0.05355960875182388, 0.07497623780521787, 0.09238019806339434], "aligned_model": [[0.26563236980540894, -0.547738218984247, 0.4722161180573015, 0.6602620247901048, 0.47276547725643286, -0.1642592973161469, -0.38476750908310914, 0.20307642741952495, -0.6173152481241063, -0.2115310231020424, 0.10230287849347253, 0.5734935685064481, 0.05694533694525264], [-0.4889804515586066, 0.010555576792469351, 0.32631087788455515, -0.47094551825855824, 0.4635451270706472, -0.6593847830434846, 0.5591586355287613, -0.48883281174323134, -0.11181533351731779, -0.17555228899464345, 0.533798478865797, 0.04555103074965658, -0.002581635612861538], [0.6720772909569889, 0.5366895407143878, 0.6285894124701867, 0.18733085702260047, -0.006546447916673165, 0.15815554773699922, -0.017371664149933103, -0.2731615962247259, -0.05556911844827836, -0.569161449492811, -0.43884446229875695, -0.552550929404721, 0.1004727585165257]], "inverted": false, "swapped": true, "error_lsq": 0.058098052651055505, "error_max": 0.4342331082690569, "target": "20.xyz", "model": "6.xyz", "model_rescale": 4.08911054899281, "target_rescale": 4.121658175737393},
{"mapping": [4, 10, 5, 3, 7, 9, 6, 12, 11, 1, 1, 2, 13, 14], "R": [[-0.40155495797598506, -0.6786519537199537, -0.6149675938104339], [-0.6974412085835754, -0.2086005612975203, 0.6856103604787789], [-0.5935733958782069, 0.7042139813568382, -0.38955524918445633]], "T": [0.010366772717694102, -0.04781256828276687, -0.004216417473666384], "aligned_model": [[-0.2535481239351715, 0.3850479622805273, 0.3619947129179799, -0.7563875451257894, 0.2623095262325352, -0.45030209708497687, -0.30826933837266707, 0.7201390476033113, 0.30128560891830747, -0.1763441910715246, -0.1763441910715246, -0.1230941531799197, 0.5232707004778383, -0.04857002912805268], [-0.06004574091064097, -0.5636154304422857, 0.13050734107163253, -0.06041329766051257, 0.6696068930737101, -0.5795599146239668, 0.3284486725807652, -0.10748015136867745, -0.4752300452063312, -0.05356307699827454, -0.05356307699827454, 0.6049970452865266, 0.19410829517763056, -0.16324904680009938], [-0.657706101029894, -0.34012758441786295, -0.6561834650931538, -0.20012576884132377, -0.14955440272113404, 0.34159604609815486, -0.0819433355041754, -0.030004308887642495, 0.2736533256095479, 0.7050451749630091, 0.7050451749630091, 0.44984011312722216, 0.45870731173279355, 0.09857285872647095]], "inverted": true, "swapped": false, "error_lsq": 0.04587052508059175, "error_max": 0.3361026320277068, "target": "20.xyz", "model": "7.xyz", "model_rescale": 3.964800864290218, "target_rescale": 4.121658175737393},
{"mapping": [0, 1, 2, 3, 4, 5, 6, 7, 8, 9, 10, 11, 12, 13], "R": [[1.0, 0.0, 0.0], [0.0, 1.0, 0.0], [0.0, 0.0, 1.0]], "T": [0.0, 0.0, 0.0], "aligned_model": [[-0.23538169800469472, 0.28385789168231673, 0.3512263846918864, -0.669207605870065, 0.16519979847144478, -0.3934447814100636, -0.3602130105644633, 0.669207605870065, 0.2612140682450899, 0.1509067645787299, -0.4755306763519629, -0.09674623246229291, 0.6052794515289156, 0.004819929055966868], [-0.08309826661904512, -0.5865838084856357, 0.19171785148307077, -0.1103198107685488, 0.6699735961257798, -0.6699735961257798, 0.4416428952588579, -0.23614305420314777, -0.5355374113732989, 0.015309093406010365, -0.15379726386130543, 0.6552707029172321, 0.2603325662269499, -0.0478450277999373], [-0.6714532797239731, -0.37210754376195043, -0.5277243786988376, -0.2568139702197958, -0.13761468705456792, 0.3088807333646084, -0.10818485691628861, -0.05701581499003328, 0.48582349982037326, 0.6714532797239731, 0.6521893823762024, 0.49839120868689946, 0.3695114041638164, 0.061480061954595176]], "inverted": false, "swapped": false, "error_lsq": 0.0, "error_max": 0.0, "target": "20.xyz", "model": "8.xyz", "model_rescale": 4.121658175737393, "target_rescale": 4.121658175737393},
{"mapping": [8, 7, 1, 5, 12, 9, 2, 6, 0, 4, 10, 3, 13], "R": [[-0.4666274576386913, -0.140169979587833, -0.8732761262052214], [-0.6753647863500662, -0.5810654960509167, 0.4541423726734065], [-0.5710877525704615, 0.8016952451657976, 0.1764752468267743]], "T": [-0.008399207963912199, -0.049885151467746205, 0.017579607777793486], "aligned_model": [[-0.4794806604504605, -0.23777913458914232, 0.26631898051985026, -0.000635054892059124, -0.6500155177027008, -0.6673264422151364, 0.2616849308968568, 0.19225625051253947, 0.6994483567316147, -0.059220534400447354, -0.33448719548615063, 0.5436044704881989, -0.05763095297776625], [0.30551541364264945, -0.3905231197999732, -0.06973896699813804, 0.7454079683669578, -0.44212906484769066, 0.14423753335289258, -0.6381537136594041, -0.11236474416561092, -0.14756649136330863, -0.613250478535, 0.6568246391311751, 0.34954703009170407, 0.0025814341954566097], [-0.4751985216574079, -0.5639733036185898, -0.6804573784181243, -0.24033373898627047, -0.05417107711186326, 0.06216671341017974, -0.12243247893934733, 0.5582639062907542, -0.033111155814429784, 0.43606508667936683, 0.28094610008947113, 0.26599169889334967, -0.012680416858000275]], "inverted": false, "swapped": true, "error_lsq": 0.04338666184438051, "error_max": 0.3085415750588574, "target": "20.xyz", "model": "9.xyz", "model_rescale": 3.833441315466971, "target_rescale": 4.121658175737393},
{"mapping": [0, 10, 13, 1, 2, 12, 5, 8, 11, 7, 6, 3, 9, 14], "R": [[-0.1939137477854993, -0.47692756417573756, -0.8572849916738186], [0.9807866134271483, -0.11325255526781086, -0.1588441929924313], [-0.021332541852462916, -0.8716157165028111, 0.48972539795624637]], "T": [-0.07080094760342995, -0.04900414081290505, 0.11175126817516548], "aligned_model": [[-0.24625507934526664, 0.3511340038927737, 0.10280796400579992, -0.7158554005229298, 0.25851622497241666, -0.3589306209115892, -0.351308934102496, 0.6941477404871459, 0.26907708472439285, 0.2241457953359802, -0.66144193396629, 0.09759062754523143, 0.6108552078190079, -0.013294790473304313], [-0.20012865898849994, -0.6125492259474323, 0.2952497535946717, -0.2065452489431419, 0.5615728187252027, -0.5729968247646756, 0.44241268210339274, -0.17425507743745017, -0.5479278248452539, -0.06760637006461426, -0.09259935296996141, 0.6331289648948406, 0.3395784158993489, 0.013614414924775026], [-0.5287174581218947, -0.3126800893450872, -0.5861281937734796, -0.21181400334148934, -0.07638759345497342, 0.18546026243723535, -0.2587348680460194, 0.029744745020474833, 0.4293912557336068, 0.7088897384466062, 0.4441249295116261, 0.6223005344209316, 0.3173202564160563, 0.1540455228214277]], "inverted": true, "swapped": false, "error_lsq": 0.0446608990655555, "error_max": 0.28565538074932373, "target": "20.xyz", "model": "10.xyz", "model_rescale": 4.2482417240324, "target_rescale": 4.121658175737393},
{"mapping": [10, 5, 0, 1, 11, 4, 6, 7, 8, 12, 9, 13], "R": [[-0.5385367640895535, 0.31938165821815456, 0.7797265611211243], [-0.4838863101390314, -0.8747985186561715, 0.024116189935415255], [0.6898059093571073, -0.36431155368830914, 0.6256555755886977]], "T": [0.06708962802326196, 0.05529153623113511, 0.09397464188406854], "aligned_model": [[-0.6484104828031083, -0.17166008533516075, 0.4904179489944279, 0.6974437833739364, -0.582902081866755, 0.04938034152410643, -0.18359635484840248, 0.5473590321724419, -5.6532738661463355e-06, 0.021791562066102693, -0.38008093169178675, 0.037028524051071085], [-0.32508118972522215, -0.7286319431516298, -0.11510779080527184, -0.31152234648802934, 0.5696879019650517, 0.7246401085096851, 0.26994694879002556, 0.1739093455683405, -0.2985140980804222, 0.5670053127216177, 0.12551273112512218, 0.014286409621372217], [-0.042077531061508605, -0.07195689764977392, 0.6461671577080486, -0.08272030838057115, 0.08761221407145306, 0.31019736264717346, 0.5710337734698486, -0.41800609965602775, -0.585273013808858, -0.4598954091739019, -0.42464294468661923, 0.03475398637509403]], "inverted": true, "swapped": true, "error_lsq": 0.040901950036333505, "error_max": 0.22870512036055332, "target": "20.xyz", "model": "11.xyz", "model_rescale": 3.6694154284099745, "target_rescale": 4.121658175737393},
{"mapping": [11, 6, 4, 9, 3, 7, 8, 0, 5, 12, 10, 2, 1, 13], "R": [[-0.032212439788722846, 0.4005182110519328, 0.9157224040824914], [-0.37794178545208484, -0.8530506167864774, 0.35981196757403866], [0.925268807175595, -0.3344993390366716, 0.1788514094210097]], "T": [0.014585833329211269, -0.08347055351959122, 0.08295055661877912], "aligned_model": [[-0.2651306991171535, 0.18576820593851917, 0.4419904373500393, -0.7661123228410043, 0.18371658404718064, -0.43350732504305156, -0.4320293012316299, 0.7171746470774896, 0.2718050504137374, 0.17120204011445905, -0.44555598111656664, -0.06662156996993807, 0.5633790541855732, 0.1351090696532185], [-0.1078532821006195, -0.5006209729882451, 0.20889453113553574, -0.11662051538120567, 0.7064299730077777, -0.6515201205941538, 0.4767748520730408, -0.21420077479379934, -0.7969158541353087, -0.10196792713151336, -0.043897803647018174, 0.49467742075481724, 0.522094286603242, -0.06432534662134762], [-0.5998325662908313, -0.2584245395710928, -0.4457522062704381, -0.10170516593291493, -0.21487631919447378, 0.2523540076931785, -0.1604788138455074, 0.07889685869685374, 0.3463985967869567, 0.7439329400513109, 0.5191068306473806, 0.3752925667441188, 0.30338358329733706, 0.07851926591314373]], "inverted": true, "swapped": false, "error_lsq": 0.045202467943758325, "error_max": 0.29642901819806283, "target": "20.xyz", "model": "12.xyz", "model_rescale": 3.9764082729961374, "target_rescale": 4.121658175737393},
{"mapping": [3, 7, 8, 14, 10, 4, 13, 2, 0, 9, 5, 12, 1, 15], "R": [[0.7208119753835941, 0.540131136975694, 0.4343828392247383], [-0.1079289667854611, 0.7065166847115438, -0.6994179811477766], [-0.6846761528432429, 0.4572663655830732, 0.5675614826908391]], "T": [-0.0793845526263185, 0.029276589864711614, 0.0910969955612236], "aligned_model": [[-0.11131983947357643, 0.19834932731811622, 0.34831969368739013, -0.6728910359021422, 0.27308145434698905, -0.32301475554117154, -0.507800725696027, 0.6810176669252157, 0.28157156540952705, 0.1605162259229028, -0.3655805200312643, -0.042615663058212294, 0.4635759816528492, -0.12202148609972367], [-0.2277329088723542, -0.6294804736488269, 0.1456007616972433, 0.12745657807357597, 0.7083533923573689, -0.6373058769379181, 0.465951260864924, -0.19055647168091577, -0.5107081429397697, -0.016647214922416817, -0.27086680894503484, 0.5617118496806845, 0.33574359077513183, -0.0505710693204902], [-0.7097586108538884, -0.1537227792222286, -0.4595304659599458, -0.4351337369126039, -0.15541732289290983, 0.20144127931990458, 0.07511699099111309, -0.007500182180819756, 0.41549659897162666, 0.640494617619213, 0.8196776117093605, 0.44091734633129204, 0.21190433734660008, 0.03282935445830798]], "inverted": true, "swapped": false, "error_lsq": 0.04660971719055792, "error_max": 0.2972357951878946, "target": "20.xyz", "model": "13.xyz", "model_rescale": 4.170626492500431, "target_rescale": 4.121658175737393},
{"mapping": [2, 4, 0, 6, 1, 5, 3, 8, 12, 10, 11, 9, 7, 13], "R": [[-0.9835670623288214, 0.17048011713569267, 0.05943369047310615], [0.1665914062812428, 0.9838670393963324, -0.06521466202268962], [-0.0695926523067657, -0.054241851470024915, -0.9960997361178314]], "T": [0.03827110027948359, 0.004977628061575484, -0.006538822955670057], "aligned_model": [[-0.09962171365077617, 0.24658256582761606, 0.37721714424763714, -0.7254756994215166, 0.16668998412507297, -0.4703806332674603, -0.5126704991099632, 0.6904542895947637, 0.16615382672604262, 0.28050864699423617, -0.48848456125603784, -0.08602404877908444, 0.7612090383192122, -0.044970450888870014], [-0.03621017547732429, -0.5986570920670282, 0.2967415196917317, -0.3230488201677962, 0.7626722865374406, -0.6690207908837228, 0.3938796536701602, -0.32983823351801367, -0.5774627543438549, 0.023981096010795913, 0.013637932549871215, 0.5416999536499183, 0.34430598010849933, -0.031732089579474994], [-0.6485834506431698, -0.3152370389684484, -0.40131447740645737, -0.13529728768164812, -0.02143394579307454, 0.33142474545837336, -0.15038656527240446, 0.11225393445904043, 0.4178611421788518, 0.5026646178637634, 0.46474996674507246, 0.5874193402169795, 0.13362825637750408, 0.039065801190639064]], "inverted": true, "swapped": false, "error_lsq": 0.04769158686240265, "error_max": 0.2949685232106875, "target": "20.xyz", "model": "14.xyz", "model_rescale": 3.9786697098870705, "target_rescale": 4.121658175737393},
{"mapping": [4, 0, 11, 12, 6, 10, 1, 5, 9, 7, 3, 13], "R": [[0.25785602888822734, 0.26609360984513064, 0.9288188516420097], [-0.9576189875064608, -0.057328496768745435, 0.2822752525910436], [0.12835942946700568, -0.9622409439728825, 0.24003379472291286]], "T": [-0.029810751038603568, -0.04862006612438608, -0.031345584644948805], "aligned_model": [[0.0632435900633127, -0.7362757229000787, 0.582521146534814, 0.5387461950919251, -0.10565962980078705, 0.4124121212093635, -0.4583229868817681, -0.02264430459577419, 0.6368335841403817, 0.02695494317560343, -0.4702590203800674, 0.015804681110411792], [-0.2840723295620895, -0.007984828231389664, 0.14714378299762554, -0.5388677113921005, 0.24047012123265127, 0.5996710272837971, -0.3918565558899951, 0.45374809326086296, -0.004474252402834979, -0.6920224033474494, 0.526058084443, -0.03313853816763844], [-0.6878488338813811, -0.14276996930507693, -0.554661442502087, -0.11545968931686548, -0.5285172193375682, 0.21215308573255565, 0.4802068242033238, 0.6369699078057649, 0.134465163780011, 0.26809431479731277, -0.07273448408628772, 0.030068835984128288]], "inverted": false, "swapped": true, "error_lsq": 0.04314618484537306, "error_max": 0.23021918461381716, "target": "20.xyz", "model": "15.xyz", "model_rescale": 3.769337070930944, "target_rescale": 4.121658175737393},
{"mapping": [12, 10, 2, 6, 7, 8, 1, 5, 0, 3, 13], "R": [[-0.43265307650099105, 0.8774613929755551, 0.20705752638246722], [-0.3253020001406549, -0.3661317321947275, 0.8718521453690287], [0.8408269287426022, 0.3098532854715066, 0.4438479665198391]], "T": [-0.13286704144558556, 0.09471547289851284, -0.06779930677181786], "aligned_model": [[-0.17593291811344006, -0.3386964104040148, -0.039863574115830525, -0.6538384098684514, 0.37567965495107347, 0.34946801964885066, 0.5816972619301711, 0.22082774775978095, -0.022760681276901826, -0.27242513069918994, -0.10152942912087715], [0.06477079208573389, -0.6848983780829623, 0.739261739129222, 0.23355813793673397, 0.2756599407352563, -0.4399545689067505, 0.2967108272771099, -0.5478698247604388, 0.5731284058838881, 0.06053312768442512, 0.02516429864312439], [-0.8214063553365322, 0.09022134769854198, -0.18829492290280767, 0.14625061924365523, -0.5320110279778154, -0.3371288755945989, 0.04043943085468649, 0.3335170949487055, 0.45388740719114884, 0.6430577834382712, -0.08431489433947836]], "inverted": true, "swapped": true, "error_lsq": 0.04834954983785399, "error_max": 0.26402845976191314, "target": "20.xyz", "model": "16.xyz", "model_rescale": 3.7852294659196426, "target_rescale": 4.121658175737393},
{"mapping": [3, 2, 1, 0, 6, 4, 12, 7, 5, 10, 9, 8, 13], "R": [[0.20838879599150334, 0.9351047520140758, -0.28662381698997985], [-0.20141637767191856, -0.24574506019493275, -0.9481776248126257], [-0.9570817898752096, 0.25532032459340714, 0.13713489467959133]], "T": [-0.07546958924307545, 0.04720844115230763, -0.03115458866197128], "aligned_model": [[0.09353735690275863, -0.479195882378541, 0.3072400287221763, -0.14116759856276553, -0.4443959603507465, -0.7758345166832166, -0.3391304960856634, -0.01044855487945169, 0.7215479632969121, 0.3543752383194093, 0.07122202775132794, 0.5101284897377227, -0.014112245573639402], [-0.35819673957225484, -0.3353115456974808, -0.3925920508761941, -0.6572792523037796, -0.01939125941741099, 0.11464192075076932, 0.5834595234578761, 0.0699057039333794, 0.09619331686986385, 0.5320252364936862, 0.7180226450618585, 0.42886253131844776, 0.09471559368411342], [-0.6082559552333484, 0.32841775127204786, 0.44131632758660977, -0.14313777428863322, -0.47383238996206745, -0.025230970270150258, 0.4310062493777961, 0.6774428035956098, -0.2790138750776397, -0.5364466944581388, 0.017287130190449834, 0.28895887053763086, -0.02275677612699256]], "inverted": true, "swapped": true, "error_lsq": 0.05719410247652715, "error_max": 0.34573222289697414, "target": "20.xyz", "model": "17.xyz", "model_rescale": 3.901054581598922, "target_rescale": 4.121658175737393},
{"mapping": [7, 11, 12, 1, 3, 4, 0, 9, 10, 5, 8, 2, 13, 14], "R": [[0.1381714934187672, 0.753251645510614, 0.6430556717283348], [-0.12263813324659195, 0.6572988279794967, -0.7435846549052576], [-0.9827861042364298, 0.023879055097141832, 0.18319733635467772]], "T": [-0.023742587265382743, -0.07629042700895503, 0.06527998953687268], "aligned_model": [[-0.1926279709520178, 0.41219962152915496, 0.44197719584207723, -0.6762803213050401, 0.10158492010793342, -0.4855640998466932, -0.4980231742114819, 0.5992057346199371, 0.21966121712370582, 0.2639464318339984, -0.3892275988480741, -0.0752968035115719, 0.514907120239923, 0.024725616839021917], [0.025311898120232185, -0.5304939636499353, 0.14021101177258888, -0.1336422662112308, 0.6257794426260478, -0.6392324125128211, 0.47304953128348315, -0.22759101830284242, -0.8174066358359366, 0.015339728280986814, -0.04610298842523722, 0.6220776828272231, 0.38131312252661365, -0.07766466631796975], [-0.5678327322612327, -0.4250102579908964, -0.47156944438764287, -0.17260826496582798, -0.2082100533514496, 0.3741346177746306, -0.1556001896753213, 0.21770420240568777, 0.31817344764067695, 0.6120203208887836, 0.618387282021818, 0.5050097337425531, 0.23248549888831604, 0.03973087799492628]], "inverted": false, "swapped": false, "error_lsq": 0.044408270539584835, "error_max": 0.3305804578787737, "target": "20.xyz", "model": "18.xyz", "model_rescale": 3.9405287249114394, "target_rescale": 4.121658175737393},
{"mapping": [0, 7, 4, 6, 12, 5, 1, 13, 11, 10, 2, 3, 14, 15], "R": [[-0.22030493280628705, 0.4757218632228931, 0.8515600069478112], [-0.24348646243960057, -0.8721929972326635, 0.42425666545966273], [0.9445528461604816, -0.11387749747005387, 0.3079802532307737]], "T": [0.08793682977073387, -0.03887494267490667, -0.026887710416635693], "aligned_model": [[-0.33490872001023264, 0.3229405372790666, 0.23508547747010833, -0.6443253777998007, 0.32071714263300016, -0.3766401209027133, -0.4085959227516611, 0.7350013693074939, 0.3454892536721335, 0.003256003140297045, -0.5692547888763927, -0.019484366230655234, 0.5860975740420491, 0.06580982848817996], [0.08132664171928065, -0.5111722559792399, 0.1028820763571328, -0.17573336712463017, 0.4430057960108583, -0.6873133344391027, 0.3956747908826209, -0.1965129890645153, -0.4343978913356652, 0.050862199913899064, -0.15262142623480773, 0.6925549386549081, 0.24509004346682112, -0.04269675664635773], [-0.5554967134571727, -0.4930787165977816, -0.7289683693522553, -0.08472616313873453, -0.14411971047122712, 0.20754469294964856, -0.0387695754661279, 0.061359518301976765, 0.5175767493280098, 0.7494372471801869, 0.5303251724843013, 0.396077548465757, 0.4936300333623475, 0.006023325136092189]], "inverted": false, "swapped": false, "error_lsq": 0.044959386113432594, "error_max": 0.275213266311277, "target": "20.xyz", "model": "19.xyz", "model_rescale": 4.410303926677745, "target_rescale": 4.121658175737393},
{"mapping": [0, 1, 2, 3, 4, 5, 6, 7, 8, 9, 10, 11, 12, 13], "R": [[1.0, 0.0, 0.0], [0.0, 1.0, 0.0], [0.0, 0.0, 1.0]], "T": [0.0, 0.0, 0.0], "aligned_model": [[-0.23538169800469472, 0.28385789168231673, 0.3512263846918864, -0.669207605870065, 0.16519979847144478, -0.3934447814100636, -0.3602130105644633, 0.669207605870065, 0.2612140682450899, 0.1509067645787299, -0.4755306763519629, -0.09674623246229291, 0.6052794515289156, 0.004819929055966868], [-0.08309826661904512, -0.5865838084856357, 0.19171785148307077, -0.1103198107685488, 0.6699735961257798, -0.6699735961257798, 0.4416428952588579, -0.23614305420314777, -0.5355374113732989, 0.015309093406010365, -0.15379726386130543, 0.6552707029172321, 0.2603325662269499, -0.0478450277999373], [-0.6714532797239731, -0.37210754376195043, -0.5277243786988376, -0.2568139702197958, -0.13761468705456792, 0.3088807333646084, -0.10818485691628861, -0.05701581499003328, 0.48582349982037326, 0.6714532797239731, 0.6521893823762024, 0.49839120868689946, 0.3695114041638164, 0.061480061954595176]], "inverted": false, "swapped": false, "error_lsq": 0.0, "error_max": 0.0, "target": "20.xyz", "model": "20.xyz", "model_rescale": 4.121658175737393, "target_rescale": 4.121658175737393},
{"mapping": [5, 1, 3, 10, 6, 8, 2, 9, 7, 12, 4, 11, 13], "R": [[-0.8401385412922096, 0.3627360367543128, 0.40322425407603196], [-0.153112251422097, 0.5545873019890626, -0.8179178216281567], [-0.5203113201726973, -0.7489028589291581, -0.41039083565289175]], "T": [0.05355960875182388, 0.07497623780521787, 0.09238019806339434], "aligned_model": [[0.26563236980540894, -0.547738218984247, 0.4722161180573015, 0.6602620247901048, 0.47276547725643286, -0.1642592973161469, -0.38476750908310914, 0.20307642741952495, -0.6173152481241063, -0.2115310231020424, 0.10230287849347253, 0.5734935685064481, 0.05694533694525264], [-0.4889804515586066, 0.010555576792469351, 0.32631087788455515, -0.47094551825855824, 0.4635451270706472, -0.6593847830434846, 0.5591586355287613, -0.48883281174323134, -0.11181533351731779, -0.17555228899464345, 0.533798478865797, 0.04555103074965658, -0.002581635612861538], [0.6720772909569889, 0.5366895407143878, 0.6285894124701867, 0.18733085702260047, -0.006546447916673165, 0.15815554773699922, -0.017371664149933103, -0.2731615962247259, -0.05556911844827836, -0.569161449492811, -0.43884446229875695, -0.552550929404721, 0.1004727585165257]], "inverted": false, "swapped": true, "error_lsq": 0.058098052651055505, "error_max": 0.4342331082690569, "target": "20.xyz", "model": "21.xyz", "model_rescale": 4.08911054899281, "target_rescale": 4.121658175737393},
{"mapping": [10, 6, 7, 9, 13, 11, 12, 0, 1, 2, 15, 3, 4, 16], "R": [[-0.16410014485851607, -0.7786031767168746, -0.6056799779287781], [0.9367850230855479, -0.31536294725451625, 0.15159166211093156], [-0.3090387726160323, -0.5425157183947175, 0.7811349002026731]], "T": [-0.05173000502623849, -0.0953215570037623, 0.06143475275161503], "aligned_model": [[-0.280197609625017, 0.35634563754531606, 0.2688406161029654, -0.7111829128004603, 0.19957857439078186, -0.4031604258797661, -0.32363091929562277, 0.718409777137521, 0.27676159062680433, 0.15674390236291907, -0.4226423286997452, -0.02066599624391678, 0.4565946434314935, -0.010606659592400002], [-0.09318291208928355, -0.46110837277995964, 0.16057844199192498, -0.004895568054259863, 0.5008227200125995, -0.7198590404191011, 0.49340740547818274, -0.14089332777067523, -0.6302771079093669, -0.0015926767511605933, -0.18136940886433905, 0.693631647602425, 0.26754145919603445, -0.07185479346181843], [-0.7124731158359596, -0.4437764940506428, -0.5195522138769637, -0.19251920865309802, -0.07342059538214127, 0.3304005895532343, -0.2913223982580993, -0.00847467305921007, 0.5471447602732208, 0.7462758703239634, 0.683147574906244, 0.42318976874237757, 0.3716422141584421, 0.056552959883654094]], "inverted": false, "swapped": false, "error_lsq": 0.03213954999671999, "error_max": 0.19379673105749692, "target": "20.xyz", "model": "22.xyz", "model_rescale": 4.204369325754507, "target_rescale": 4.121658175737393},
{"mapping": [0, 7, 4, 6, 12, 5, 1, 13, 11, 10, 2, 3, 14, 15], "R": [[-0.22030493280628705, 0.4757218632228931, 0.8515600069478112], [-0.24348646243960057, -0.8721929972326635, 0.42425666545966273], [0.9445528461604816, -0.11387749747005387, 0.3079802532307737]], "T": [0.08793682977073387, -0.03887494267490667, -0.026887710416635693], "aligned_model": [[-0.33490872001023264, 0.3229405372790666, 0.23508547747010833, -0.6443253777998007, 0.32071714263300016, -0.3766401209027133, -0.4085959227516611, 0.7350013693074939, 0.3454892536721335, 0.003256003140297045, -0.5692547888763927, -0.019484366230655234, 0.5860975740420491, 0.06580982848817996], [0.08132664171928065, -0.5111722559792399, 0.1028820763571328, -0.17573336712463017, 0.4430057960108583, -0.6873133344391027, 0.3956747908826209, -0.1965129890645153, -0.4343978913356652, 0.050862199913899064, -0.15262142623480773, 0.6925549386549081, 0.24509004346682112, -0.04269675664635773], [-0.5554967134571727, -0.4930787165977816, -0.7289683693522553, -0.08472616313873453, -0.14411971047122712, 0.20754469294964856, -0.0387695754661279, 0.061359518301976765, 0.5175767493280098, 0.7494372471801869, 0.5303251724843013, 0.396077548465757, 0.4936300333623475, 0.006023325136092189]], "inverted": false, "swapped": false, "error_lsq": 0.044959386113432594, "error_max": 0.275213266311277, "target": "20.xyz", "model": "23.xyz", "model_rescale": 4.410303926677745, "target_rescale": 4.121658175737393},
{"mapping": [2, 1, 0, 4, 12, 10, 5, 7, 11, 14, 9, 6, 13, 16], "R": [[0.34556796459463207, 0.7808330547778985, -0.5204637570591626], [-0.8353451241514134, 0.5086579418162922, 0.20848410439089496], [0.42752930355986507, 0.3627214341522008, 0.8280409747133217]], "T": [-0.034828680114292535, -0.05813717205560436, 0.14917258598200273], "aligned_model": [[-0.33308864648163283, 0.3458439722255494, 0.2200484230029418, -0.60969418477747, 0.2748295448453063, -0.34707794813672366, -0.3485630343341477, 0.6040541861636075, 0.23921065734378383, 0.08724570263760466, -0.356757517161684, 0.03982032158371847, 0.48641194639206664, -0.041095533842047054], [0.10440014040905254, -0.7077906317604599, 0.10867456250423019, -0.09227669040241859, 0.5903558215123927, -0.6293261857224756, 0.44087637760574827, -0.14205428925669458, -0.5029419587051562, 0.07740121987951984, -0.3090859562204795, 0.6466363409608753, 0.34243103699321614, -0.11635132161614814], [-0.697890909688599, -0.2623782172299444, -0.5419115757565469, -0.22798589241474282, -0.21102799118547771, 0.14393316222192387, -0.07027733009125478, -0.01428229249977081, 0.5066255617843423, 0.8009986205970829, 0.6243636162339101, 0.42416333429128333, 0.3982507725175078, 0.04423417994530693]], "inverted": false, "swapped": false, "error_lsq": 0.03879086616337516, "error_max": 0.21307568771893173, "target": "20.xyz", "model": "24.xyz", "model_rescale": 4.28219845311461, "target_rescale": 4.121658175737393},
{"mapping": [13, 4, 2, 9, 14, 3, 11, 0, 1, 8, 5, 10, 6, 15], "R": [[0.22431762826712223, -0.7217506002751641, 0.6547959015227978], [0.2774552750022831, -0.5968101415643957, -0.7528852670223355], [0.934184228095305, 0.3505620143830851, 0.06637847580091788]], "T": [-0.07771961024650399, -0.03691276597719034, -0.05493436487673106], "aligned_model": [[-0.1512385097284777, 0.2502686422344532, 0.4578821095285991, -0.7360473961446051, 0.10783419440351531, -0.2695113791470417, -0.41108383748569577, 0.6931947214697581, 0.05508220061394946, 0.08376484261831858, -0.4860745139562935, 0.013295427992048622, 0.662068209699447, -0.008246822637102844], [0.05015064841034356, -0.62947930014562, 0.15227162012968387, -0.18820139085584361, 0.6877466233266483, -0.7687821492499705, 0.36412494528240913, -0.2903660495725823, -0.446569619287776, 0.10239811929873549, -0.1039478012578329, 0.6105256491479616, 0.3335705367818857, -0.06249336582684025], [-0.6379707190015391, -0.33050138366492876, -0.43719094129528846, -0.0792235018663324, -0.19840275849818048, 0.11128376912118068, 0.10163548341301168, 0.028771657755985516, 0.4187979861554998, 0.6057178171793117, 0.6893997385843645, 0.39478174586708503, 0.30235156935153584, -0.052635424376684156]], "inverted": true, "swapped": false, "error_lsq": 0.04258640981667859, "error_max": 0.25331241312893155, "target": "20.xyz", "model": "25.xyz", "model_rescale": 4.100010024507729, "target_rescale": 4.121658175737393},
{"mapping": [10, 5, 0, 1, 11, 4, 6, 7, 8, 12, 9, 13], "R": [[-0.5385367640895535, 0.31938165821815456, 0.7797265611211243], [-0.4838863101390314, -0.8747985186561715, 0.024116189935415255], [0.6898059093571073, -0.36431155368830914, 0.6256555755886977]], "T": [0.06708962802326196, 0.05529153623113511, 0.09397464188406854], "aligned_model": [[-0.6484104828031083, -0.17166008533516075, 0.4904179489944279, 0.6974437833739364, -0.582902081866755, 0.04938034152410643, -0.18359635484840248, 0.5473590321724419, -5.6532738661463355e-06, 0.021791562066102693, -0.38008093169178675, 0.037028524051071085], [-0.32508118972522215, -0.7286319431516298, -0.11510779080527184, -0.31152234648802934, 0.5696879019650517, 0.7246401085096851, 0.26994694879002556, 0.1739093455683405, -0.2985140980804222, 0.5670053127216177, 0.12551273112512218, 0.014286409621372217], [-0.042077531061508605, -0.07195689764977392, 0.6461671577080486, -0.08272030838057115, 0.08761221407145306, 0.31019736264717346, 0.5710337734698486, -0.41800609965602775, -0.585273013808858, -0.4598954091739019, -0.42464294468661923, 0.03475398637509403]], "inverted": true, "swapped": true, "error_lsq": 0.040901950036333505, "error_max": 0.22870512036055332, "target": "20.xyz", "model": "26.xyz", "model_rescale": 3.6694154284099745, "target_rescale": 4.121658175737393},
{"mapping": [1, 3, 6, 5, 2, 7, 0, 12, 9, 10, 8, 4, 11, 13], "R": [[-0.4640154828341402, 0.531179877692858, -0.7088988427303294], [0.8584598162541242, 0.46703094561938163, -0.2119642415852302], [0.21848655694832908, -0.7069158601757827, -0.6727061699321614]], "T": [-0.02462862031766336, -0.03242783542312963, 0.11919270013997718], "aligned_model": [[-0.3454238877228607, 0.2552560098438364, 0.26812222849254913, -0.7674044503459423, 0.3089670644657732, -0.28630066327547704, -0.3405207060815058, 0.7309462660291519, 0.30660017950044255, 0.12161342147640963, -0.3871385174522575, -0.36426929959916193, 0.7591599341872056, 0.0015803099427093396], [-0.03453549429188979, -0.7082290326142673, 0.015376622044364179, -0.05880362110865209, 0.5412940913545663, -0.5911913297758585, 0.4695969170254527, -0.14448273588062172, -0.4985539313061981, 0.18072458375054615, -0.1683543112957576, 0.5942919643403938, 0.1969595005914567, 0.016855243347667165], [-0.7034448919260977, -0.22401067398086127, -0.49984050266220714, -0.15203945867682467, -0.028071402857463595, -0.005063583529926863, -0.17255493260766047, -0.09594238245444381, 0.49051127007449913, 0.6623961899160895, 0.6275899464605715, 0.5283345724171835, 0.38231324504001185, 0.10663764351215155]], "inverted": true, "swapped": false, "error_lsq": 0.047930147596955346, "error_max": 0.3409509373098197, "target": "20.xyz", "model": "27.xyz", "model_rescale": 4.103607728864725, "target_rescale": 4.121658175737393},
