[{"mapping": [6, 11, 7, 2, 1, 5, 12, 4, 8, 13, 0, 14], "R": [[0.789778107917946, 0.4829779781474464, 0.378130682275525], [0.5536947651415298, -0.2960648647639946, -0.7783108009703732], [-0.2639557677119701, 0.8240618110778357, -0.5012479268931712]], "T": [0.03373637035131493, -0.07697443566865508, -0.06914532284285858], "aligned_model": [[-0.2749570966028144, 0.29714694326715707, 0.4256652417980886, -0.10723963162094238, -0.18164710611760304, -0.42442669912920195, 0.29085192808991195, -0.40177288425398316, 0.7209083047256328, -0.005829839468802896, -0.4923176818201288, -0.00873901640676495], [-0.19617701025394563, -0.5169944080865401, -0.44857128575098065, 0.6047610223851314, 0.40181305843012943, -0.6686603152309989, -0.299166511265505, -0.4303937893917885, 0.08601984622566017, 0.32501113081295185, 0.17496342050964947, 0.020949877593293822], [-0.5330503262310149, 0.04466350100974241, -0.5022540446356293, 0.03074012466588867, -0.6641311018665372, -0.06090401937853186, 0.5935698557137509, 0.5888400195099073, -0.37358540855227795, 0.5759545862969068, 0.44858228516435783, 0.03352627365700005]], "inverted": false, "swapped": true, "error_lsq": 0.053910315101760344, "error_max": 0.38255056368625084, "target": "200.xyz", "model": "0.xyz", "model_rescale": 3.751011558992144, "target_rescale": 4.177992424848424},
{"mapping": [13, 10, 5, 8, 3, 12, 11, 6, 4, 9, 1, 7, 0, 2, 14], "R": [[-0.5373020758947304, -0.8418609257813732, 0.05076082034151391], [-0.020403609187696348, -0.04719399368517607, -0.9986773351248941], [0.8431430317397693, -0.5376271092519178, 0.008180429456772442]], "T": [0.06656207934672166, 0.038923873112449006, -0.11415680479526558], "aligned_model": [[-0.4512691082369441, 0.4221338625341566, 0.10683817416010333, 0.5837714219498148, -0.5283190756128135, -0.6395319714124351, -0.2430697275805192, 0.168570290119598, 0.8340442286302437, -0.1960781366255867, 0.41457594264825637, -0.2001561250547919, -0.01571834158170786, -0.03793792109069799, 0.021317109880402453], [-0.028326529243026907, -0.6974306331639646, -0.18111965633692972, 0.2184935729436689, 0.4998258313059058, -0.03537340788607178, -0.5016835882394199, -0.07107548486192528, -0.09942126102671266, -0.5180813447515132, 0.48109036473118194, 0.3302644507241485, 0.7902116917056631, 0.5005742913628962, 0.009147198333037565], [-0.6189641371997148, -0.052476206417915165, -0.6972903472447325, -0.48921342847557725, -0.2448919795579205, 0.10467237423706455, 0.3844439430946022, 0.6215198982817606, 0.01777402670735026, -0.34858147406160633, 0.29701310421481525, 0.41843975084038465, -0.04857430358666705, -0.7921662023893364, -0.10578692902315903]], "inverted": false, "swapped": false, "error_lsq": 0.04518056520485657, "error_max": 0.3221255141910942, "target": "200.xyz", "model": "1.xyz", "model_rescale": 3.9405287249114394, "target_rescale": 4.177992424848424},
{"mapping": [9, 0, 2, 11, 12, 1, 5, 4, 10, 8, 7, 6, 14], "R": [[-0.5370615282022366, 0.8408116661647589, 0.06782814287831189], [-0.6971101295273492, -0.3971185033073103, -0.5969374855387493], [-0.4749761912300877, -0.36787584369214066, 0.7994153997718303]], "T": [-0.060295172452552455, -0.07887061933482062, 0.021296544915879324], "aligned_model": [[-0.4709263058140259, 0.19929651037342966, -0.3898153542375903, 0.2964356581102111, 0.6053662596053913, -0.8251380120898157, 0.2973050339963612, 0.6749453996112802, 0.08618711253724448, -0.396481684406722, -0.18146728452399533, -0.362644182887012, -0.03707987099082548], [0.5812079172493635, 0.5605703329913211, 0.20693418095004976, -0.40245027069335726, -0.2680078603041331, 0.13077159934815244, 0.24987172569165453, 0.3760267594040029, -0.7394343927217478, -0.7596151996734863, -0.5987452268082089, 0.12422859957897212, -0.002525571440566282], [0.01834731315062469, -0.34198688709059394, -0.5303796612543632, 0.23104515203852427, -0.2540052864032544, 0.04777586671483195, 0.5906154892048016, 0.024113847139912277, -0.3893101813399198, -0.10126615180856047, 0.46211775120948795, 0.45952541852235196, -0.10347232049519875]], "inverted": false, "swapped": true, "error_lsq": 0.05367182094366878, "error_max": 0.28922313821323403, "target": "200.xyz", "model": "2.xyz", "model_rescale": 3.932901565614263, "target_rescale": 4.177992424848424},
{"mapping": [10, 7, 8, 12, 3, 2, 1, 13, 4, 0, 6, 5, 9, 14], "R": [[-0.15772660209722925, -0.7251912610493031, 0.6702387290276386], [-0.6023289989629009, 0.6085022850243498, 0.5166476034285798], [-0.782510125173606, -0.3222151517509178, -0.5327807241097609]], "T": [0.14416683820943807, -0.025821260591163575, -0.03351998820218435], "aligned_model": [[-0.2849679189167287, 0.5902154952682453, 0.19931092095015135, -0.4162400303732857, -0.43665842171894664, -0.18251044486080972, 0.53375422595359, -0.5809508423774954, -0.2069456323425, -0.30048308644424504, 0.6732743559575415, 0.4715370970227698, 0.33708931477011317, 0.02338487916430379], [-0.007518263390450752, 0.14591019528116034, -0.28799953084302193, 0.4471956266010592, -0.5415844239762171, -0.6119470394087385, -0.7060655950166932, -0.13550174109762247, 0.5560882620075798, -0.055817667000479576, -0.10708124851326904, 0.5131315852131482, -0.4704590652761469, -0.07485445622981911], [-0.6982814512047032, -0.5343438362342272, -0.7544068405272724, -0.1633980173482666, -0.3221629465569974, 0.1770817559863274, 0.08946332966776192, 0.17016190811484275, 0.5009139195131133, 0.6065066404489926, 0.1618023390464617, 0.3695085976772675, 0.5742698116426845, 0.03678115283111187]], "inverted": false, "swapped": true, "error_lsq": 0.038583097972166434, "error_max": 0.2598953584307032, "target": "200.xyz", "model": "3.xyz", "model_rescale": 3.9243930471874484, "target_rescale": 4.177992424848424},
{"mapping": [5, 11, 4, 0, 13, 6, 9, 12, 3, 8, 2, 1, 14], "R": [[-0.26501589578531504, 0.6252340117353217, -0.7340633525455843], [0.875341045132433, 0.4752820301780811, 0.08879778429815638], [0.4044065153871378, -0.6190229578611424, -0.6732502862630476]], "T": [-0.1295018966559805, -0.022037756477305784, -0.18394099545153458], "aligned_model": [[-0.17862980937216535, -0.17510880744726462, 0.49353356886699523, 0.5215633089120275, 0.588947296157347, -0.5431334418959571, -0.1340403043170567, 0.4014009802111454, 0.19779311462478527, -0.5076982717481429, 0.15503190913840798, -0.5421161495026077, -0.0003375073161615283], [-0.6209981099294568, 0.12165121091865018, -0.45845393327856704, -0.3947792200631627, 0.1255785243655727, -0.40329316724211856, -0.5563933106224407, 0.239240297553793, 0.5784547217088614, 0.6432881064370319, 0.042375732139873265, -0.1650970502461122, -0.023744248060337078], [-0.6299302784804993, -0.6871592828517052, -0.5948984026250339, 0.02919118113649513, 0.019410828654363915, -0.09304534626286101, 0.38065961092699135, -0.6362075652911773, 0.2840025266921215, -0.10801229789135952, 0.4559855521836112, 0.47856870296489945, -0.11149491378488222]], "inverted": false, "swapped": true, "error_lsq": 0.04688838381733408, "error_max": 0.23810627582100347, "target": "200.xyz", "model": "4.xyz", "model_rescale": 3.8936222436046832, "target_rescale": 4.177992424848424},
{"mapping": [7, 8, 1, 6, 2, 13, 12, 0, 5, 11, 9, 14], "R": [[0.801803044922772, 0.18375357616417892, -0.5686356481961421], [0.4095254601595153, 0.5240214137981554, 0.7467867536064895], [0.4352019929110029, -0.8316466684403047, 0.3449101973535049]], "T": [-0.06214274673908261, -0.11355672248636811, -0.03398981582217666], "aligned_model": [[0.14574165111434828, -0.477713308632297, -0.21760057433711733, 0.2978403478697922, -0.5804166453569962, -0.521612101075839, -0.15658827725672708, -0.12148064627177187, 0.6606400428433962, 0.14488094744130942, -0.000967549176017421, -0.1451758449469827], [-0.6614759261706369, -0.6361117639543377, 0.2853358435449272, 0.06736234839095798, 0.36001152894176175, 0.15792807497300426, -0.41409918760236236, 0.49286389779796586, -0.021157381027315264, -0.5582888449344656, 0.6185292051224263, -0.021974889972118494], [-0.4025603620148005, -0.41568800265689365, -0.7020864916746409, -0.4369652789526137, -0.07570129834920711, 0.508684755689157, 0.6408608378826465, 0.4528165833218797, 0.13665864790770313, 0.15391889538599152, -0.2882300367022375, 0.047576469438534504]], "inverted": true, "swapped": true, "error_lsq": 0.052369200463846556, "error_max": 0.263946923685114, "target": "200.xyz", "model": "5.xyz", "model_rescale": 3.6523030999806103, "target_rescale": 4.177992424848424},
{"mapping": [4, 0, 9, 5, 6, 12, 2, 11, 3, 8, 1, 7, 14], "R": [[0.5780127256915691, 0.3906451664071988, -0.7164479345362753], [-0.1985087047968575, 0.9189078842790349, 0.34088501628804707], [0.791514739634378, -0.054814725872889256, 0.6086869168702437]], "T": [0.09877522244518734, -0.07197612607500184, -0.03822330572085085], "aligned_model": [[0.1833565078654789, -0.16992019131538427, 0.16937354955508066, 0.7167617518796091, 0.55029814623139, -0.1783633831356084, -0.42073457227865274, 0.27534392544447983, -0.7022096111288768, -0.12172530679600545, 0.12897535334927782, 0.46413161718047447, -0.014204882186968526], [-0.5398949374437015, -0.020804305574635695, 0.5824933083814801, -0.2696638513747444, 0.2755888876625977, -0.7460607538984574, 0.36413353597654396, -0.5390525931639674, 0.039707648674684876, -0.05782424208943712, 0.7075775822470451, -0.19886585667402812, -0.056507518560196895], [0.6838682766341718, 0.6921407436992336, 0.375317424660509, 0.33471866040186465, -0.04408615636099654, 0.11498649881995006, 0.14760593410752149, -0.20137422189982612, -0.21887327534620454, -0.7748612153431816, -0.183204516973775, -0.6124090990422769, 0.056280686124798696]], "inverted": true, "swapped": true, "error_lsq": 0.04271390387324576, "error_max": 0.254773641546851, "target": "200.xyz", "model": "6.xyz", "model_rescale": 4.08911054899281, "target_rescale": 4.177992424848424},
{"mapping": [8, 12, 11, 1, 3, 4, 5, 7, 13, 10, 2, 6, 0, 9, 14], "R": [[0.8745880836699184, -0.1852350385482276, 0.4480889023359281], [0.11554606376256056, -0.817901607264809, -0.5636364679317876], [0.470897856282611, 0.5447246472555463, -0.6939238197531215]], "T": [0.021200936346179228, -0.012072190947102893, -0.10414613065549069], "aligned_model": [[-0.5111879727322902, 0.3398169363901111, 0.28307678998465624, 0.5106571574520773, -0.527761044413802, -0.6528255977228555, -0.2928272151412049, 0.21714214533128542, 0.7235955361996406, -0.20413568753914174, 0.5009533968166557, -0.10312962342885247, -0.02503380000916583, -0.06506434136583683, 0.045893942905802294], [-0.07070663759825609, -0.6477793522105122, -0.2694884770467958, 0.4473482728546014, 0.5567300724145272, -0.06770428489456702, -0.5370439292495168, -0.0766763686604386, -0.18230669643052566, -0.6281816485359327, 0.48854480578327275, 0.33894711495544916, 0.9263192669729194, 0.37128866312061454, 0.047804694122098194], [-0.5263700338645987, -0.05554399443062666, -0.5620641974413698, -0.3996313314970159, -0.14359438968600233, 0.09445596197235587, 0.35004790677838704, 0.6419921322562097, 0.012286517648728207, -0.40231963837800233, 0.30738727327235305, 0.22822463406847446, -0.060100654602031095, -0.7824897495814225, -0.25636234709609085]], "inverted": false, "swapped": false, "error_lsq": 0.051544075086162405, "error_max": 0.3479174354863453, "target": "200.xyz", "model": "7.xyz", "model_rescale": 3.964800864290218, "target_rescale": 4.177992424848424},
{"mapping": [2, 1, 9, 3, 0, 8, 13, 6, 7, 11, 10, 12, 5, 14], "R": [[0.7346664037836826, 0.539430594773536, -0.41143639675388466], [0.6767060704813967, -0.5394754762024168, 0.5010340355203452], [0.04831324171671643, -0.6465143803493042, -0.7613704661177614]], "T": [0.11790316370878468, -0.025270088807505323, 0.1293238066305474], "aligned_model": [[-0.21788267805792938, 0.26567461985625695, 0.44542488711605066, -0.658185490241622, 0.09890366890942875, -0.30632051251792425, -0.3777383283341806, 0.6089659761482838, 0.2580280748763455, 0.13505082814603678, -0.5640386077128654, -0.2349700764532795, 0.763725656594503, 0.044549871131768504], [0.028907842224099298, -0.514842564151105, 0.021397960727974577, -0.09073148698548751, 0.6347462950053054, -0.6333941175817001, 0.4990230707642784, -0.27062184786872806, -0.5318708443539074, 0.01574467067551301, -0.16425606368938334, 0.46711855992536777, 0.2796928999473954, 0.07003409154158009], [-0.4862468154609104, -0.4774034564915578, -0.5741546322442622, -0.15367016369687944, -0.2857241635736445, 0.3334698505914404, -0.11309724770026139, -0.023544080975254816, 0.5798749223851457, 0.6527537461125169, 0.5062027810373827, 0.5625708855071697, 0.35289567553318724, 0.04288773770094939]], "inverted": true, "swapped": true, "error_lsq": 0.039155291995559824, "error_max": 0.2421282529504351, "target": "200.xyz", "model": "8.xyz", "model_rescale": 4.121658175737393, "target_rescale": 4.177992424848424},
{"mapping": [9, 6, 5, 4, 1, 2, 7, 10, 11, 8, 13, 12, 14], "R": [[0.2473476515318219, -0.6954005164470699, -0.6747127247998522], [0.5276645465444135, -0.4873564135472546, 0.6957397879196185], [-0.8126433815652293, -0.5281115865984252, 0.2463917338279093]], "T": [-0.040495230941083635, -0.05139083885775283, -0.06974603808311522], "aligned_model": [[-0.689437947201244, -0.19840084582166712, 0.2942778787405549, 0.2914477684580368, -0.7198668536272308, -0.6580207337878069, 0.30711066367897666, 0.24121473464736476, 0.47980660372365436, -0.0014711604572669318, -0.21144018908776047, 0.45299753607889665, -0.11147995890931085], [0.07397498317283296, -0.3394221000591202, 0.09740988630150851, 0.6904028495306862, -0.43468840716961493, 0.17173973583166643, -0.6499200382227106, -0.14716568592229784, -0.11343528099596584, -0.6105117096590528, 0.5823216788627799, 0.4005683248235126, 0.0691132029174854], [-0.47899786983507187, -0.5353774071471226, -0.7223246207980463, -0.3648294673044401, -0.2152546498442374, 0.18222533032326102, -0.08418777241615383, 0.6636475234726369, -0.03244131342970992, 0.45686306064763615, 0.3156083956006509, 0.2571590546304724, -0.02101482994078633]], "inverted": true, "swapped": true, "error_lsq": 0.04026510325972569, "error_max": 0.23434514305053747, "target": "200.xyz", "model": "9.xyz", "model_rescale": 3.833441315466971, "target_rescale": 4.177992424848424},
{"mapping": [8, 3, 2, 5, 10, 11, 7, 6, 4, 9, 1, 12, 0, 13, 14], "R": [[0.8308145982950872, 0.31668158416642683, 0.45766786812012034], [-0.3708604424783431, 0.9281715253751559, 0.030986314519872812], [-0.4149814880986152, -0.19547479052962113, 0.8885831254322019]], "T": [0.001505893060931636, 0.08259945568993983, -0.024044098122007265], "aligned_model": [[-0.6201489506059731, 0.32911576606309945, 0.21384578920773742, 0.5719958270590993, -0.6642223125376884, -0.6124328352584169, -0.26099104112412824, 0.3636784531370913, 0.7042742216372265, -0.218575065716351, 0.3671977386753258, -0.17073056186835597, 0.06296156934834385, 0.17092636083424137, 0.0022756638758274286], [-0.09753824491208286, -0.7087355465355324, -0.1896581036695854, 0.25240340319973964, 0.5155200407344608, -0.0657038339982582, -0.49508012721606437, 0.07670708680666793, -0.23526834274263958, -0.5338979365474454, 0.6678286225051808, 0.38740399585912944, 0.7272687439051188, 0.3990017201924838, -0.0031559819842349734], [-0.4583884621283021, -0.16820558782001116, -0.6544708145638101, -0.3452030246426105, -0.2365055460014322, 0.23368144035031896, 0.17916917855745973, 0.5504346958832542, 0.17841409301864564, -0.503007002197981, 0.23936666337740886, 0.46631174531866515, -0.23487025965766212, -0.7359941339614545, -0.06481489611314037]], "inverted": true, "swapped": false, "error_lsq": 0.0484071341071369, "error_max": 0.3460587482630657, "target": "200.xyz", "model": "10.xyz", "model_rescale": 4.2482417240324, "target_rescale": 4.177992424848424},
{"mapping": [4, 12, 10, 3, 5, 6, 11, 2, 13, 9, 0, 14], "R": [[-0.9554841706215207, 0.24408538767920168, 0.16574776985890116], [0.18482272850940507, 0.9330602076879175, -0.3086085025654989], [-0.22997947455815315, -0.264236584050874, -0.9366367860227793]], "T": [0.06227865736679346, 0.21447092103985868, 0.13227156952359928], "aligned_model": [[-0.6894662720127569, -0.19777330554230727, 0.4698851428312796, 0.6967470220179498, -0.6359021859251023, -0.030216433864915765, -0.15000106070234942, 0.4422476117460501, 0.09428268085676804, 0.05297745390846485, -0.24741012216425784, 0.0713950712141839], [-0.128701044987287, -0.47394275492913374, -0.36930965821852924, -0.2434957306380315, 0.46636233553384365, 0.7763465584591299, 0.01765954833732522, 0.14956123481012498, -0.35752067591939496, 0.6932970427886633, -0.0026731240362915243, 0.13854765885021963], [-0.12195436162667653, 0.2468522123240643, 0.4778965548205878, -0.14049356917905978, 0.2280197953896779, 0.15346564108176924, 0.5706295959228322, -0.45596723986031307, -0.36884032305096126, -0.48007582604371846, -0.5497758986156244, 0.005435708691778507]], "inverted": true, "swapped": true, "error_lsq": 0.05684892288903074, "error_max": 0.2914343843364354, "target": "200.xyz", "model": "11.xyz", "model_rescale": 3.6694154284099745, "target_rescale": 4.177992424848424},
{"mapping": [9, 0, 13, 4, 5, 1, 6, 8, 12, 10, 3, 11, 2, 14], "R": [[0.6863146313634635, -0.40326851073546516, -0.6052658383104348], [0.011717262760998909, -0.825965145933201, 0.5635993998017879], [-0.7272103770779286, -0.393898573179373, -0.5621467615466901]], "T": [0.1175116946894357, -0.08120569146912314, 0.04057567581402214], "aligned_model": [[-0.22027984266801112, 0.044059990217972606, -0.13239884382815062, 0.650297586623892, 0.7477118468365501, -0.44664336439207064, 0.17228439058019307, -0.18599000620029274, 0.4419322282324899, -0.016012249879829688, -0.5366131495251416, 0.5372682556077262, -0.506428257998458, 0.0490762666489406], [-0.3401047375957096, 0.3734379617513303, 0.6105553960124496, 0.41136477743240546, -0.2651505523297525, -0.6042988724328554, -0.6063173655840468, -0.2234627420478691, 0.5628430910766531, 0.3123606105945896, 0.35984748106966336, -0.007292691738265064, 0.1183308359312623, 0.02887409599639884], [-0.6099613802537222, -0.588829933448548, -0.15518717555304287, -0.42956450296860416, -0.31870910508934713, -0.1536874885368917, -0.17382218795697738, 0.7327503779134429, 0.22664453268031282, 0.714130695303945, 0.29410509789039113, 0.3476529502483841, -0.21535142356534173, -0.031074997011585635]], "inverted": true, "swapped": true, "error_lsq": 0.044563325938165026, "error_max": 0.2501524404566793, "target": "200.xyz", "model": "12.xyz", "model_rescale": 3.9764082729961374, "target_rescale": 4.177992424848424},
{"mapping": [8, 12, 1, 9, 3, 14, 13, 6, 5, 10, 0, 4, 7, 2, 15], "R": [[0.5124602549239438, -0.45136773572046285, -0.7305146502801085], [-0.4210171786810557, 0.6093773803193717, -0.671865867276009], [0.7484176790928518, 0.6518637706650695, 0.12224811702266467]], "T": [0.02061657536278482, -0.01318543408219408, -0.07571483501480603], "aligned_model": [[-0.44842485590953873, 0.2948503578303009, 0.2002277251767247, 0.6068392472475501, -0.7286991667108659, -0.6180335585222998, -0.13676085812048894, -0.04605870147051495, 0.7148714003282582, -0.24423353668117748, 0.4789307222589437, 0.17228535647555598, -0.07399735675928137, 0.1006438220432973, -0.03326997445938465], [0.09281702358198157, -0.5719444468570132, -0.18096549552261929, -0.007849222514523302, 0.37004210054999964, -0.16637153714269992, -0.5373009127392753, -0.11671183206855487, 0.059326174053480285, -0.5159501958472279, 0.5334562406917321, 0.5320015476960748, 0.7292873949577624, 0.41545247337656727, 0.06180618338125313], [-0.5938040661012222, -0.21641925265951453, -0.6613019456196734, -0.20918254770972725, -0.08601156721276695, 0.37977178816173573, 0.19817538870479917, 0.6782715694238974, 0.3885870178055941, -0.6442470781074162, -0.2107665127439795, 0.3665876152547982, -0.17971483938401095, -0.7436405030230286, -0.020386977370137067]], "inverted": false, "swapped": false, "error_lsq": 0.0514934922890393, "error_max": 0.35991309620087003, "target": "200.xyz", "model": "13.xyz", "model_rescale": 4.170626492500431, "target_rescale": 4.177992424848424},
{"mapping": [3, 8, 2, 1, 13, 5, 9, 10, 12, 7, 11, 6, 4, 14], "R": [[0.1544739496740322, 0.987420788706754, -0.033734031805238957], [-0.9139099213202272, 0.12983462648428673, -0.38459280476647323], [-0.37537508519421137, 0.09023943592143108, 0.9224697228744263]], "T": [-0.06281647969950555, 0.03771459133204013, 0.14459303235286042], "aligned_model": [[0.2489989162852615, 0.0700818284169552, -0.18964633323196187, -0.745447592284351, 0.350931603514312, -0.21802701860758217, -0.6839839388550355, 0.5535161124017127, 0.6514412761754977, -0.10807799679847022, 0.2609176667540269, -0.5886400617857188, 0.2654192727232557, -0.024300712616258976], [-0.3172743028733384, -0.7197762256820526, 0.03805206851112516, -0.228262578939864, 0.3200045149520538, 0.5558099254155525, 0.3398575109390512, -0.44903889747131814, 0.24385945709064594, -0.4208149916572751, -0.004766200262479751, 0.06430809632980294, 0.8306890772352679, 0.1034270143384941], [-0.5361700868753752, 0.14322520639573477, -0.5471646166008755, -0.16021263148390458, -0.42850093555353846, 0.6618554520247546, -0.21204536144464664, 0.04658987309222788, 0.18941812434780775, 0.6612918234789487, 0.5561106373258514, 0.3625634627108443, 0.2493356536777152, 0.01757650002532235]], "inverted": false, "swapped": true, "error_lsq": 0.05107401129698162, "error_max": 0.4259402884027834, "target": "200.xyz", "model": "14.xyz", "model_rescale": 3.9786697098870705, "target_rescale": 4.177992424848424},
{"mapping": [8, 6, 10, 3, 11, 12, 9, 0, 13, 2, 5, 14], "R": [[-0.464135150447293, -0.7814102285453078, 0.41710504293767336], [0.6938082210852411, -0.6134588787241846, -0.37722454383165416], [0.5506439089591404, 0.11430773744255392, 0.8268766695747088]], "T": [-0.11075110281907519, 0.032845871842748724, -0.12248793642717884], "aligned_model": [[0.12680399634818423, -0.672354962760893, 0.5445368253279834, 0.5467382711420388, -0.027320367041537674, 0.44626143357722337, -0.5181382386925587, 0.04729541430810236, 0.4781006489268459, 0.11836484980339379, -0.5805826608003521, -0.026350613371093803], [-0.3342406241514728, -0.06281539820992676, -0.009557906743288429, -0.46939856485908477, 0.43912768150242465, 0.5268396422050294, -0.3338574368917392, 0.13233605650015925, 0.013980312896444573, -0.48775266433313197, 0.5953980522767692, 0.004615340032255718], [-0.7551578728292982, -0.1350890636326063, -0.5643013506190455, -0.07619938909707372, -0.44486901202634976, -0.10308882512781584, 0.428778519110277, 0.6347243368855253, 0.35939325073684125, 0.29115153812685757, 0.028729948777844794, -0.004105586431326483]], "inverted": true, "swapped": true, "error_lsq": 0.045637374867991576, "error_max": 0.24767157699594303, "target": "200.xyz", "model": "15.xyz", "model_rescale": 3.769337070930944, "target_rescale": 4.177992424848424},
{"mapping": [5, 9, 11, 7, 4, 0, 12, 2, 10, 8, 14], "R": [[-0.12392211935615259, 0.6970637451477223, -0.7062191186415949], [0.08656800196186676, 0.7165859590963901, 0.6921058764829535], [0.9885086187639489, 0.024631248984541776, -0.14914426640958012]], "T": [-0.12613143239005303, -0.0005279322147618074, 0.010265788607399982], "aligned_model": [[-0.26778498159522535, -0.21964358284955654, -0.14504662381817685, -0.6555392201650505, 0.4215038939420283, 0.45552799731123045, 0.4425286116420151, 0.1611032886228514, 0.1227097145803697, -0.39337810855994104, 0.0006451415806257577], [0.10738892963346472, -0.7492372053073688, 0.5119941586886425, 0.43007114930904544, 0.09865725882727344, -0.4190314919566849, 0.47579502592675554, -0.5529926112385318, 0.4864880934419822, 0.282346301391265, -0.07541511109050122], [-0.7166191543639574, -0.176871065631498, -0.10339368660888315, 0.12683100379466258, -0.6513807245815806, -0.29758889074229994, -0.05615205724253445, 0.33721160063091, 0.5823609874174115, 0.6736039762211496, 0.026215618330396536]], "inverted": false, "swapped": true, "error_lsq": 0.04582310485297531, "error_max": 0.2146248343443149, "target": "200.xyz", "model": "16.xyz", "model_rescale": 3.7852294659196426, "target_rescale": 4.177992424848424},
{"mapping": [11, 0, 9, 5, 12, 13, 3, 2, 6, 7, 10, 1, 14], "R": [[-0.08019679925698853, 0.8339403631773258, -0.5459962857498248], [-0.9837985655493001, -0.15433334822396305, -0.09122280443573494], [-0.16033981355880916, 0.5298345857809312, 0.8328063735936915]], "T": [0.0699402797779703, 0.05787703360602679, -0.09009454620880476], "aligned_model": [[-0.018047072806026326, -0.4022197653496314, 0.32482995413076193, 0.201851644391689, -0.5853850692049745, -0.6120544285702287, -0.3208600453822513, -0.10052079696362654, 0.5825069738284401, 0.4928272294846125, -0.2897409494220984, 0.6189074366583636, -0.038329260578746985], [0.08263708432009503, -0.39264969805371097, -0.3087495102063315, -0.6027920601643034, 0.07246838516010114, 0.07991080910038059, 0.6609694030105175, 0.2069723925916968, -0.18397374335432992, 0.32326767474796536, 0.7151146572367667, 0.1780209437454266, 0.043859285568600206], [-0.6073955418690653, 0.3369159701952831, 0.5462595465676807, -0.4159614482017835, -0.4436548887513357, 0.24711385213518822, 0.3225058421870295, 0.5757343851008374, -0.03099845217264112, -0.5696881861996812, -0.34517798671182504, 0.4701162044955328, 0.009985400367954325]], "inverted": true, "swapped": true, "error_lsq": 0.044149674973064656, "error_max": 0.2562500457715164, "target": "200.xyz", "model": "17.xyz", "model_rescale": 3.901054581598922, "target_rescale": 4.177992424848424},
{"mapping": [13, 10, 5, 8, 3, 12, 11, 6, 4, 9, 1, 7, 0, 2, 14], "R": [[-0.5373020758947304, -0.8418609257813732, 0.05076082034151391], [-0.020403609187696348, -0.04719399368517607, -0.9986773351248941], [0.8431430317397693, -0.5376271092519178, 0.008180429456772442]], "T": [0.06656207934672166, 0.038923873112449006, -0.11415680479526558], "aligned_model": [[-0.4512691082369441, 0.4221338625341566, 0.10683817416010333, 0.5837714219498148, -0.5283190756128135, -0.6395319714124351, -0.2430697275805192, 0.168570290119598, 0.8340442286302437, -0.1960781366255867, 0.41457594264825637, -0.2001561250547919, -0.01571834158170786, -0.03793792109069799, 0.021317109880402453], [-0.028326529243026907, -0.6974306331639646, -0.18111965633692972, 0.2184935729436689, 0.4998258313059058, -0.03537340788607178, -0.5016835882394199, -0.07107548486192528, -0.09942126102671266, -0.5180813447515132, 0.48109036473118194, 0.3302644507241485, 0.7902116917056631, 0.5005742913628962, 0.009147198333037565], [-0.6189641371997148, -0.052476206417915165, -0.6972903472447325, -0.48921342847557725, -0.2448919795579205, 0.10467237423706455, 0.3844439430946022, 0.6215198982817606, 0.01777402670735026, -0.34858147406160633, 0.29701310421481525, 0.41843975084038465, -0.04857430358666705, -0.7921662023893364, -0.10578692902315903]], "inverted": false, "swapped": false, "error_lsq": 0.04518056520485657, "error_max": 0.3221255141910942, "target": "200.xyz", "model": "18.xyz", "model_rescale": 3.9405287249114394, "target_rescale": 4.177992424848424},
{"mapping": [1, 14, 12, 4, 6, 2, 10, 11, 13, 3, 7, 9, 8, 0, 15], "R": [[0.5881040220584939, -0.5156237748835387, -0.6231097672268281], [0.43435082667236713, -0.4485437225768041, 0.7811196376394425], [-0.6822558307611987, -0.7300278431072287, -0.0398287544439162]], "T": [0.08147481513961692, 0.052868590879493374, -0.12957325739762643], "aligned_model": [[-0.3814282184005671, 0.3007515824602037, 0.32143791954313544, 0.505229938948265, -0.5513705413587008, -0.7441118731632073, -0.3268334650636493, 0.101428561423774, 0.63675308505782, -0.22525759556193575, 0.5110565507139638, 0.27984410154131145, -0.15279869210303915, -0.08323276513827203, 0.04770203382797723], [-0.030030206406039248, -0.6650501011129023, -0.24498690642735055, 0.40582736226547456, 0.43864540884351144, -0.03405802992649003, -0.5172460771242547, -0.17703398665215653, -0.14225272204938594, -0.6569498415425638, 0.5877491131509673, 0.4213461510051385, 0.7707950975389493, 0.50033552595511, 0.04000470807892947], [-0.592572172004719, 0.060819528908857, -0.5217962468545314, -0.6096948350877923, -0.22426463542273334, 0.12767305590049338, 0.22561352528291329, 0.5530392642816548, 0.19434580899014336, -0.4866469418005413, 0.028502383663447955, 0.5137647259772624, -0.08519296474500761, -0.6248701511583158, -0.11280225651178313]], "inverted": true, "swapped": false, "error_lsq": 0.047706838236852886, "error_max": 0.37528924696739874, "target": "200.xyz", "model": "19.xyz", "model_rescale": 4.410303926677745, "target_rescale": 4.177992424848424},
{"mapping": [2, 1, 9, 3, 0, 8, 13, 6, 7, 11, 10, 12, 5, 14], "R": [[0.7346664037836826, 0.539430594773536, -0.41143639675388466], [0.6767060704813967, -0.5394754762024168, 0.5010340355203452], [0.04831324171671643, -0.6465143803493042, -0.7613704661177614]], "T": [0.11790316370878468, -0.025270088807505323, 0.1293238066305474], "aligned_model": [[-0.21788267805792938, 0.26567461985625695, 0.44542488711605066, -0.658185490241622, 0.09890366890942875, -0.30632051251792425, -0.3777383283341806, 0.6089659761482838, 0.2580280748763455, 0.13505082814603678, -0.5640386077128654, -0.2349700764532795, 0.763725656594503, 0.044549871131768504], [0.028907842224099298, -0.514842564151105, 0.021397960727974577, -0.09073148698548751, 0.6347462950053054, -0.6333941175817001, 0.4990230707642784, -0.27062184786872806, -0.5318708443539074, 0.01574467067551301, -0.16425606368938334, 0.46711855992536777, 0.2796928999473954, 0.07003409154158009], [-0.4862468154609104, -0.4774034564915578, -0.5741546322442622, -0.15367016369687944, -0.2857241635736445, 0.3334698505914404, -0.11309724770026139, -0.023544080975254816, 0.5798749223851457, 0.6527537461125169, 0.5062027810373827, 0.5625708855071697, 0.35289567553318724, 0.04288773770094939]], "inverted": true, "swapped": true, "error_lsq": 0.039155291995559824, "error_max": 0.2421282529504351, "target": "200.xyz", "model": "20.xyz", "model_rescale": 4.121658175737393, "target_rescale": 4.177992424848424},
{"mapping": [4, 0, 9, 5, 6, 12, 2, 11, 3, 8, 1, 7, 14], "R": [[0.5780127256915691, 0.3906451664071988, -0.7164479345362753], [-0.1985087047968575, 0.9189078842790349, 0.34088501628804707], [0.791514739634378, -0.054814725872889256, 0.6086869168702437]], "T": [0.09877522244518734, -0.07197612607500184, -0.03822330572085085], "aligned_model": [[0.1833565078654789, -0.16992019131538427, 0.16937354955508066, 0.7167617518796091, 0.55029814623139, -0.1783633831356084, -0.42073457227865274, 0.27534392544447983, -0.7022096111288768, -0.12172530679600545, 0.12897535334927782, 0.46413161718047447, -0.014204882186968526], [-0.5398949374437015, -0.020804305574635695, 0.5824933083814801, -0.2696638513747444, 0.2755888876625977, -0.7460607538984574, 0.36413353597654396, -0.5390525931639674, 0.039707648674684876, -0.05782424208943712, 0.7075775822470451, -0.19886585667402812, -0.056507518560196895], [0.6838682766341718, 0.6921407436992336, 0.375317424660509, 0.33471866040186465, -0.04408615636099654, 0.11498649881995006, 0.14760593410752149, -0.20137422189982612, -0.21887327534620454, -0.7748612153431816, -0.183204516973775, -0.6124090990422769, 0.056280686124798696]], "inverted": true, "swapped": true, "error_lsq": 0.04271390387324576, "error_max": 0.254773641546851, "target": "200.xyz", "model": "21.xyz", "model_rescale": 4.08911054899281, "target_rescale": 4.177992424848424},
{"mapping": [13, 6, 7, 10, 3, 2, 1, 11, 5, 0, 9, 15, 14, 12, 16], "R": [[0.12592718542738746, -0.9242633381027408, 0.3603881599186015], [-0.6501157909778332, -0.35128625901348237, -0.6737562040898615], [0.7493275667500848, -0.14944981119925077, -0.6451146809993598]], "T": [0.008794697414222504, -0.003301746361280722, -0.05827007975911608], "aligned_model": [[-0.28832814416970537, 0.3582787991792222, 0.1682099106132024, 0.6934293310946529, -0.6414264243565049, -0.6444513873469897, -0.26222663137263996, 0.26744046253411774, 0.6887072266754171, -0.28824063393666205, 0.4727699035949988, -0.23554720316114316, -0.15995200010021035, 0.1287385081445669, -0.018231094665243478], [0.1383264623042689, -0.6126917422326819, -0.18068518936002698, 0.07375127947504606, 0.49464297620351955, -0.019044686222379426, -0.517940274862664, -0.0649738707688225, 0.0645786994399854, -0.6471696447829858, 0.5365849465001149, 0.3212294305957823, 0.6158403533383092, 0.5169344093128905, -0.022287653343418562], [-0.6313228116673741, -0.3074062354987718, -0.7282835810858193, -0.47835775964233523, -0.34730704861873923, 0.24877314514892485, 0.4818160296628666, 0.6594986486729968, 0.11734384787657712, -0.37017317286747503, -0.03003927241660874, 0.5471087840115436, -0.05507658565092832, -0.5681105750426194, -0.09254532346288966]], "inverted": true, "swapped": false, "error_lsq": 0.041507869222963, "error_max": 0.28414963981636704, "target": "200.xyz", "model": "22.xyz", "model_rescale": 4.204369325754507, "target_rescale": 4.177992424848424},
{"mapping": [1, 14, 12, 4, 6, 2, 10, 11, 13, 3, 7, 9, 8, 0, 15], "R": [[0.5881040220584939, -0.5156237748835387, -0.6231097672268281], [0.43435082667236713, -0.4485437225768041, 0.7811196376394425], [-0.6822558307611987, -0.7300278431072287, -0.0398287544439162]], "T": [0.08147481513961692, 0.052868590879493374, -0.12957325739762643], "aligned_model": [[-0.3814282184005671, 0.3007515824602037, 0.32143791954313544, 0.505229938948265, -0.5513705413587008, -0.7441118731632073, -0.3268334650636493, 0.101428561423774, 0.63675308505782, -0.22525759556193575, 0.5110565507139638, 0.27984410154131145, -0.15279869210303915, -0.08323276513827203, 0.04770203382797723], [-0.030030206406039248, -0.6650501011129023, -0.24498690642735055, 0.40582736226547456, 0.43864540884351144, -0.03405802992649003, -0.5172460771242547, -0.17703398665215653, -0.14225272204938594, -0.6569498415425638, 0.5877491131509673, 0.4213461510051385, 0.7707950975389493, 0.50033552595511, 0.04000470807892947], [-0.592572172004719, 0.060819528908857, -0.5217962468545314, -0.6096948350877923, -0.22426463542273334, 0.12767305590049338, 0.22561352528291329, 0.5530392642816548, 0.19434580899014336, -0.4866469418005413, 0.028502383663447955, 0.5137647259772624, -0.08519296474500761, -0.6248701511583158, -0.11280225651178313]], "inverted": true, "swapped": false, "error_lsq": 0.047706838236852886, "error_max": 0.37528924696739874, "target": "200.xyz", "model": "23.xyz", "model_rescale": 4.410303926677745, "target_rescale": 4.177992424848424},
{"mapping": [14, 8, 9, 10, 13, 12, 5, 2, 3, 15, 1, 0, 7, 11, 16], "R": [[-0.43575195655566384, 0.8625826547439845, 0.25704356847182774], [-0.5627866032089188, -0.48398726783928836, 0.6700951901170669], [0.7024183024426954, 0.1473346133950924, 0.6963483611592987]], "T": [-0.0377093202533183, 0.03751001440670117, -0.17667591190013623], "aligned_model": [[-0.42253034036699955, 0.4401193577787878, 0.14118524643031308, 0.5747259001088034, -0.6681305461543845, -0.5912968505385973, -0.26845857585802013, 0.2266880066229392, 0.6447620894802558, -0.30930573054160804, 0.5101666548198432, -0.04517934287676342, -0.15899992379391803, 0.11522479232456659, 0.05019988529186056], [0.010259880734705754, -0.6102390624449464, -0.23369268459691422, -0.04168517651985949, 0.33744142199537824, 0.13689624054096083, -0.40251072219415207, -0.1788460321112345, 0.08949293276117533, -0.5477848844972313, 0.6814937134491535, 0.3074890709945884, 0.6792077581178696, 0.40211111654468107, 0.0674619228227634], [-0.7328415371487305, -0.3434318867327702, -0.7122744683700116, -0.38267389458375367, -0.25911893770832034, 0.39764025464154573, 0.20899047998156636, 0.66959713260394, 0.40708905427176545, -0.481601250418108, -0.030210008442813102, 0.5286192878936007, -0.05240406516464083, -0.6710428607757138, -0.1004192106282075]], "inverted": true, "swapped": false, "error_lsq": 0.04263663331983804, "error_max": 0.2939279401760021, "target": "200.xyz", "model": "24.xyz", "model_rescale": 4.28219845311461, "target_rescale": 4.177992424848424},
{"mapping": [9, 8, 11, 14, 7, 3, 1, 0, 6, 5, 2, 4, 13, 12, 15], "R": [[-0.4399253518086665, 0.8802317345653097, 0.1779263282939525], [0.8978472355356195, 0.43515871793426175, 0.06713592068971236], [-0.018331024986802336, 0.18928545551614878, -0.981750981590025]], "T": [0.008552492643741425, 0.06968422954594358, -0.14043948212693638], "aligned_model": [[-0.5183647198021888, 0.27696239442882853, 0.1302382402759409, 0.6763450121056347, -0.6142340018039281, -0.6666646135690075, -0.18661622131769998, 0.2941278661612355, 0.7872021416564168, -0.22855290574414247, 0.4524710102441373, -0.27688304783391304, -0.021631814167513183, 0.10309948505924195, 0.03167179703403661], [0.03938504302567772, -0.568554036749451, -0.0846087582040507, 0.2696003242387124, 0.5357556730336851, -0.1537546237199615, -0.4179614498055617, 0.0238084657801165, -0.21260290202212542, -0.7036525519273962, 0.4986899834984575, 0.33039045179169646, 0.6505206209580148, 0.4194745600595583, 0.07060469563956592], [-0.5627117810091743, -0.08990140748224236, -0.6482419279687887, -0.4474107037881172, -0.11898260329843693, 0.16648442243040326, 0.22560459083029258, 0.6223817894531449, 0.2148291970505712, -0.4069201256827495, 0.15565245831559163, 0.4802112980548736, -0.2614124169955746, -0.8135869333866019, -0.07007776710384306]], "inverted": false, "swapped": false, "error_lsq": 0.04311009746860747, "error_max": 0.2658278577056231, "target": "200.xyz", "model": "25.xyz", "model_rescale": 4.100010024507729, "target_rescale": 4.177992424848424},
{"mapping": [4, 12, 10, 3, 5, 6, 11, 2, 13, 9, 0, 14], "R": [[-0.9554841706215207, 0.24408538767920168, 0.16574776985890116], [0.18482272850940507, 0.9330602076879175, -0.3086085025654989], [-0.22997947455815315, -0.264236584050874, -0.9366367860227793]], "T": [0.06227865736679346, 0.21447092103985868, 0.13227156952359928], "aligned_model": [[-0.6894662720127569, -0.19777330554230727, 0.4698851428312796, 0.6967470220179498, -0.6359021859251023, -0.030216433864915765, -0.15000106070234942, 0.4422476117460501, 0.09428268085676804, 0.05297745390846485, -0.24741012216425784, 0.0713950712141839], [-0.128701044987287, -0.47394275492913374, -0.36930965821852924, -0.2434957306380315, 0.46636233553384365, 0.7763465584591299, 0.01765954833732522, 0.14956123481012498, -0.35752067591939496, 0.6932970427886633, -0.0026731240362915243, 0.13854765885021963], [-0.12195436162667653, 0.2468522123240643, 0.4778965548205878, -0.14049356917905978, 0.2280197953896779, 0.15346564108176924, 0.5706295959228322, -0.45596723986031307, -0.36884032305096126, -0.48007582604371846, -0.5497758986156244, 0.005435708691778507]], "inverted": true, "swapped": true, "error_lsq": 0.05684892288903074, "error_max": 0.2914343843364354, "target": "200.xyz", "model": "26.xyz", "model_rescale": 3.6694154284099745, "target_rescale": 4.177992424848424},
