[{"mapping": [7, 9, 8, 5, 6, 11, 2, 1, 3, 0, 10, 13], "R": [[0.6326996733000703, -0.7449453544417781, -0.211536148924004], [-0.6943247738991447, -0.6666713405072974, 0.2710395397282564], [-0.34293473395951934, -0.024611839464314313, -0.9390367541274925]], "T": [-0.13601768895293054, -0.15938170235196075, 0.03858071791999752], "aligned_model": [[-0.17992583383769253, 0.15736561263922294, 0.5021696227012425, -0.19922181726797367, 0.08609808328961574, -0.6679718667503738, 0.47950464600970366, -0.1352614414089345, 0.4613334811881151, 0.099628697991379, -0.6346670282699236, -0.13140969382383189], [-0.3801238503723971, -0.7675283020632466, -0.21841199213066287, 0.6462708433358242, 0.3737101285512951, -0.47521169435718674, -0.292517913048339, -0.4346021392765332, 0.17007764569002382, 0.345026209207649, 0.24269873396033365, -0.1558326335197029], [-0.49420201627207805, -0.1181106271607331, -0.55661784661992, -0.08629345834183234, -0.5584501531197146, 0.14011032475613272, 0.348199671874465, 0.6598362586166954, -0.024826760483269164, 0.6062544228313701, 0.23377818674531747, 0.03227374252712901]], "inverted": false, "swapped": true, "error_lsq": 0.04816897846132568, "error_max": 0.2408518848502517, "target": "201.xyz", "model": "0.xyz", "model_rescale": 3.751011558992144, "target_rescale": 3.9596595279008633},
{"mapping": [7, 11, 12, 3, 8, 0, 2, 5, 13, 9, 1, 4, 10, 14], "R": [[0.13686923610857932, -0.749074903754164, -0.6481925645768732], [0.40042705419015967, 0.640343885141768, -0.6554524262172939], [0.906049108205314, -0.16984256629960623, 0.38759323548421093]], "T": [-0.017232694410182516, -0.0005772401879249461, 0.015325797209966421], "aligned_model": [[-0.3486333928732691, 0.2569313993135582, 0.2911775828703878, 0.048267573362975685, -0.2180919668442892, -0.5185319163216253, 0.07136727563386044, 0.41030501919479423, 0.558799827111249, 0.619359072001635, -0.7111355342821071, -0.3931236591417002, 0.26539806265086724, 0.022436290173764226], [-0.38374404362340914, 0.09469525874988886, -0.5082178487719068, -0.7546230836948911, 0.29157151299173, -0.5275252950506838, -0.37548131845619476, 0.15972605786966354, -0.37299418006433754, 0.13300120281818123, 0.0059621419042661244, 0.6906487244569062, 0.7339150370628797, -0.017758982522707818], [-0.4124987013878296, -0.7279696955689553, -0.4309467848084871, 0.11794387711934372, 0.5763275002668173, 0.23103244079523505, 0.7469917588305148, 0.44147178519167807, 0.25406070321101315, -0.09001813396331122, -0.04902973662642289, 0.09586534242745262, -0.21509707047222737, -0.01836354584963055]], "inverted": true, "swapped": false, "error_lsq": 0.04722822047835399, "error_max": 0.3041914736833087, "target": "201.xyz", "model": "1.xyz", "model_rescale": 3.9405287249114394, "target_rescale": 3.9596595279008633},
{"mapping": [2, 9, 8, 11, 7, 3, 1, 12, 4, 5, 10, 0, 13], "R": [[0.15544869581133197, 0.9878236955283957, -0.00632846926042091], [0.7799762383219462, -0.12666706636811137, -0.6128560368886347], [-0.6061953238220359, 0.09033161600636058, -0.7901692404326919]], "T": [-0.018704876343720808, -0.07407730194506408, 0.020238259031471244], "aligned_model": [[-0.3302077010030089, 0.2730595912679457, -0.33669928647524056, 0.5550590829867684, 0.2169920161976866, -0.6472759428497421, 0.14770808679553107, 0.6946751002147011, 0.15616875966114685, -0.5884476871203238, -0.0243422909323274, -0.5967957171417472, -0.023910732317458445], [0.5468601657933112, 0.4666803034628814, 0.23542113420756078, -0.22732966287386497, -0.13377535522250594, 0.12946376393189624, 0.2912799101933208, 0.3270319616807242, -0.7770320994632355, -0.6603765423377097, -0.6217066928372698, -0.042739045727508654, -0.07494524723558314], [0.11953349291629212, -0.30057778428535775, -0.7334985811470508, 0.22108826533872655, -0.5045432004678992, -0.16104008951501314, 0.5684409048617592, 0.12195456891624773, -0.24041171861740784, 0.037864273604427005, 0.405585067101758, 0.5652510016846246, 0.013474149197537724]], "inverted": false, "swapped": true, "error_lsq": 0.04857847751062502, "error_max": 0.30633011551470585, "target": "201.xyz", "model": "2.xyz", "model_rescale": 3.932901565614263, "target_rescale": 3.9596595279008633},
{"mapping": [11, 1, 10, 12, 7, 8, 9, 5, 12, 6, 3, 0, 2, 13], "R": [[-0.4654157970747036, 0.8832341200129699, -0.057320372279265175], [0.41332102562900297, 0.2741509392992711, 0.8683357600918651], [0.782658204841876, 0.3804454648517218, -0.4926534102870394]], "T": [-0.09326639361972001, 0.027510852609628843, 0.029782984945956367], "aligned_model": [[-0.41371025808250816, -0.029831332218768575, 0.3015641288511867, 0.48505743227518017, -0.29316058043582893, -0.6447659433636956, -0.03486375783700068, 0.42613285549842017, 0.48505743227518017, 0.5821984224922323, -0.5868062977077444, -0.2879082920128039, 0.3575712119580968, 0.007990611158154595], [-0.6865612607241489, 0.2557810424626208, -0.40284456756545406, -0.4480312015661785, 0.21376951775540862, -0.3968302583007698, -0.4053116150700083, 0.00847799874744589, -0.4480312015661785, 0.08535055420773269, 0.10747860016642583, 0.6431911244521178, 0.6681735216854581, -0.025437071015087027], [-0.4004790806078357, -0.6720982972675603, -0.385004323385086, 0.1798866733485867, 0.6893984570828532, 0.2633843414390854, 0.6205847985807706, 0.5264336228636379, 0.1798866733485867, -0.05444356547401154, -0.07370131581843575, -0.1491098975197871, -0.2539363323868528, 0.04896798496123943]], "inverted": true, "swapped": false, "error_lsq": 0.048623494974346856, "error_max": 0.41193836317048194, "target": "201.xyz", "model": "3.xyz", "model_rescale": 3.9243930471874484, "target_rescale": 3.9596595279008633},
{"mapping": [8, 7, 6, 3, 5, 9, 2, 4, 10, 11, 0, 1, 13], "R": [[-0.562911829340315, -0.7126721686213617, 0.4186032160187799], [-0.7587110888676818, 0.6464561464969114, 0.08032393345435959], [-0.3278532537858311, -0.27238360950851864, -0.9046100890732727]], "T": [-0.08828661793881204, 0.0015013167595282484, -0.06561313802206056], "aligned_model": [[0.017533104437248342, -0.21103692447009553, 0.5619390840184595, 0.2974548086366246, 0.7181270769093859, -0.6300319447975273, -0.22213203145196658, 0.21240859691714298, 0.22691248905521277, -0.46199944529454146, 0.32245133350151706, -0.4711579044133719, -0.08326235673673563], [-0.7304712378885491, -0.07144772627171188, -0.25398501385094135, -0.5550334190340124, 0.13700385444401425, -0.38357307742411023, -0.564226141463091, 0.48205972802072666, 0.5697201606278578, 0.5020780282497366, -0.07393773690989207, 0.07329781848669051, -0.003655683305130818], [-0.5325685070846051, -0.6260801417969335, -0.5149475889764658, 0.03862231888847252, -0.06621409449699853, -0.2623310522738317, 0.3274450515361387, -0.5864880250156466, 0.09624717559829046, -0.11846927081581134, 0.6110058689528413, 0.4911275089498519, -0.07027892809433837]], "inverted": false, "swapped": true, "error_lsq": 0.04119857639922787, "error_max": 0.2583377157829752, "target": "201.xyz", "model": "4.xyz", "model_rescale": 3.8936222436046832, "target_rescale": 3.9596595279008633},
{"mapping": [8, 9, 2, 3, 1, 11, 4, 10, 5, 6, 0, 13], "R": [[0.36118726406040264, 0.8257773020302989, -0.4331692599113215], [0.6268926101245983, 0.1288614621495771, 0.768375155079758], [0.6903255866992979, -0.5490779280067941, -0.4711305692947938]], "T": [-0.2210891463437168, -0.03654138025096369, 0.011562278481729596], "aligned_model": [[0.0692314340796808, -0.6521064528237532, -0.24311847229317624, 0.2744589509543826, -0.6368393690835084, -0.6948332822778287, -0.011327162384752842, -0.05005195977091911, 0.5332145776124508, 0.49095750226711377, 0.16277542866639677, -0.21481315273098928], [-0.7024476088535406, -0.4145970908997247, 0.12773908305317655, -0.07552644464051067, 0.46101943432801873, 0.033500014614965726, -0.3280432288428859, 0.34156421752334004, 0.10694547047736998, -0.461425507520574, 0.6221883410424406, -0.041993775172268204], [-0.4755843179233264, -0.3780095212898589, -0.6703347300606836, -0.45992965020566917, -0.19163785868594047, 0.4161519333961279, 0.692511049774276, 0.5371137321408066, 0.29281263279309006, 0.06086974267886448, -0.21412143495071417, 0.009443141608545952]], "inverted": true, "swapped": true, "error_lsq": 0.045399159083427364, "error_max": 0.2772092859144011, "target": "201.xyz", "model": "5.xyz", "model_rescale": 3.6523030999806103, "target_rescale": 3.9596595279008633},
{"mapping": [4, 6, 8, 7, 9, 10, 3, 11, 0, 1, 2, 12, 13], "R": [[-0.6457258706217848, -0.7052102963207525, -0.29277386832320695], [-0.7622141889549743, 0.6181485997795713, 0.19215056270088351], [0.04547120149554956, 0.3472329859816775, -0.9366758368191204]], "T": [0.037329581132295994, -0.10256616631069287, 0.010167057509299304], "aligned_model": [[0.15698159115617932, -0.1429943760067836, 0.2785716110125574, 0.5041123834442272, 0.5757070528662841, -0.31122620583611604, -0.31331841524946974, 0.3452684150345939, -0.7196794223606047, -0.05101258605974868, -0.12001909284385666, 0.6419240315210607, 0.03676791798597149], [-0.6487363711844243, 0.06490742984429052, 0.574134687772353, -0.07336981090386348, 0.299143799377284, -0.6737963939396809, 0.4332838273389266, -0.5789179008661789, 0.006499544334689772, -0.09609549049553642, 0.5049029195677497, -0.17290871567957938, -0.09822062100284716], [0.5393609261218975, 0.8035169440673968, 0.5090730488550073, 0.35042262506089705, -0.16085056559721905, 0.03520269442821325, 0.25368945429805967, -0.2568437882467258, -0.20720827587455368, -0.6635235981390883, -0.30396602986651017, -0.5463069457692775, 0.017543250143692138]], "inverted": true, "swapped": true, "error_lsq": 0.043047264617578414, "error_max": 0.24170995197563436, "target": "201.xyz", "model": "6.xyz", "model_rescale": 4.08911054899281, "target_rescale": 3.9596595279008633},
{"mapping": [4, 5, 7, 6, 9, 3, 0, 1, 2, 13, 8, 11, 12, 14], "R": [[0.9949181461855985, 0.0952497972515061, 0.03263983017970061], [-0.03776974126220721, 0.0525608452142217, 0.9979032038205675], [0.09333450077864368, -0.9940648035585578, 0.05589129887994866]], "T": [0.003369229247805739, 0.016423962066372554, -0.03875230648221512], "aligned_model": [[-0.4832820487257038, -0.052656320384841915, 0.5434525259464664, 0.06754225145719812, -0.40192013629317386, -0.4816725913755185, 0.0027086028454359236, 0.28928571174836326, 0.6335515003952665, 0.6672106548663032, -0.6695305090424908, -0.002278354171290204, 0.2919801895084477, -0.049865843924361], [-0.35758597103877043, -0.10001990309529507, -0.37353033775557803, -0.47445903809313705, 0.21013814285845545, -0.5255369700134117, -0.6045338528215847, 0.13560155319526795, -0.3753648055515112, 0.32490570555288967, 0.12468981788386449, 0.5914236269965892, 0.49979719452126065, 0.09365002103034553], [-0.3853595673520524, -0.789620599618834, -0.43313111069832627, 0.024955384014202157, 0.6037215484311448, 0.27344028889986005, 0.6676945342681834, 0.6260743819581764, 0.27670198496290527, -0.03181704008912102, -0.013584470700396655, 0.07903798636409556, -0.4758517800288441, 0.09750819875419792]], "inverted": false, "swapped": false, "error_lsq": 0.04665186121172326, "error_max": 0.29982533512751036, "target": "201.xyz", "model": "7.xyz", "model_rescale": 3.964800864290218, "target_rescale": 3.9596595279008633},
{"mapping": [8, 5, 10, 9, 2, 7, 12, 4, 11, 6, 1, 0, 3, 13], "R": [[0.6126741984577959, -0.7024316293514882, -0.3622431954236149], [0.4751106911601096, -0.03893192881913858, 0.8790643526294221], [-0.6315854318217455, -0.7106856625858126, 0.3098801886302257]], "T": [0.02251674866885598, 0.007611992979235906, 0.05523330749481782], "aligned_model": [[-0.33771453068191304, -0.0951504861336526, 0.44208122789430027, 0.18404304068867963, -0.24916647749926377, -0.5740174261950718, -0.03160353368177845, 0.3420637553282141, 0.7226123606187294, 0.5142446764328934, -0.6982241036328553, -0.1348711906168613, 0.26200174456741515, 0.008226575761265204], [-0.5644132282667604, -0.10306759126162232, -0.3457623600508942, -0.6537400543671887, 0.3121082176695619, -0.26940862925881137, -0.5946517999344819, 0.07617933269095237, -0.35902983050577136, 0.291048506364502, 0.17701771185800017, 0.7064598210651368, 0.5470207245910391, -0.05058563692427704], [-0.3109335302213497, -0.7651173336669861, -0.5565070192779483, -0.04664629422031247, 0.5768452336643723, 0.3277396707892754, 0.5080293499598991, 0.678355787809679, 0.3053797284042552, 0.1751216351811618, -0.06705413015503614, 0.05558297842294689, -0.36624961351482377, 0.005223275990057855]], "inverted": true, "swapped": false, "error_lsq": 0.049882564910417856, "error_max": 0.3110316230452644, "target": "201.xyz", "model": "8.xyz", "model_rescale": 4.121658175737393, "target_rescale": 3.9596595279008633},
{"mapping": [9, 7, 11, 1, 8, 3, 4, 5, 10, 6, 2, 0, 13], "R": [[-0.9284961852511026, 0.35148175523977077, -0.11981406306323426], [0.09213542520685095, -0.09450972767236382, -0.991251216794839], [-0.3597303120340341, -0.931412093065613, 0.055368000641443815]], "T": [0.007437849512156487, 0.03791810425889204, -0.1553977583399196], "aligned_model": [[-0.5302683872808955, -0.26477793924380666, 0.3692680425597999, 0.16515354672704574, -0.792038469348286, -0.38702791663260505, 0.3521503224560192, 0.3112244387922559, 0.6526644715409361, -0.2262389569339669, -0.4192870697876464, 0.24359645604401842, 0.002318957542328412], [0.15990566585058952, -0.39775106793846465, 0.034605649863072505, 0.6724761089868576, -0.2668147556601559, 0.09405397443369305, -0.6481520084633404, -0.3132803178901722, -0.0632506983148849, -0.568914481895607, 0.5612362868757546, 0.4934387136285664, 0.032834369935801355], [-0.575468304495546, -0.42111076084811483, -0.6673548182926621, -0.340241490030587, 0.026273512820466888, 0.4019512474169142, -0.2114848174352864, 0.517683011374916, -0.007514790039681862, 0.3614363929497462, 0.035654106543581005, 0.45200662357714244, -0.15075447958179947]], "inverted": false, "swapped": true, "error_lsq": 0.053161024578390295, "error_max": 0.3243592484321402, "target": "201.xyz", "model": "9.xyz", "model_rescale": 3.833441315466971, "target_rescale": 3.9596595279008633},
{"mapping": [11, 7, 6, 12, 13, 10, 0, 5, 1, 4, 8, 2, 3, 14], "R": [[0.5037097525853521, 0.20670747762773228, 0.838777982450174], [0.8432743890158425, -0.32842008188518146, -0.42547450528144315], [0.18752277189813893, 0.9216356484573022, -0.3397395200919776]], "T": [0.02339644435257537, -0.10239437642603563, -0.0046894482627909614], "aligned_model": [[-0.38620009307589304, -0.1215695760874248, 0.6223952417253388, 0.12654814570042652, -0.17279975631193473, -0.646260682442994, -0.007802957481887213, 0.3644983917860318, 0.4895457355524195, 0.7238094379785387, -0.737073577703804, -0.11340122944255987, 0.21165205580750257, 0.001184496846340529], [-0.4266600067548987, 0.021590986915233396, -0.33447756827588504, -0.6893730668532905, 0.23872324620160992, -0.5019633750016128, -0.34437329719391213, 0.23295677186499766, -0.4994222692768713, 0.246130718271847, 0.0497249775661987, 0.5731529307496287, 0.6240955560861006, -0.0209304206297605], [-0.4433459865220595, -0.6430674392499013, -0.22506957634081143, -0.09320950702983877, 0.6887313185104068, 0.2554222420340571, 0.6311531115999882, 0.47345725544225364, 0.4084480875846962, -0.15917076368956798, -0.08282017250937343, 0.19920387467737602, -0.44183250546703806, -0.04813019987499639]], "inverted": true, "swapped": false, "error_lsq": 0.04749739186491126, "error_max": 0.34133124173410573, "target": "201.xyz", "model": "10.xyz", "model_rescale": 4.2482417240324, "target_rescale": 3.9596595279008633},
{"mapping": [0, 1, 11, 9, 5, 4, 10, 7, 2, 6, 3, 13], "R": [[-0.6458208536265393, -0.7047810771037637, -0.2935967615242836], [0.28149917361646326, 0.13764897811144022, -0.9496372855349167], [0.7096996831578388, -0.695942808125305, 0.10949871024047925]], "T": [0.07722039685052771, -0.007213419016229232, -0.008819716501063335], "aligned_model": [[-0.6799676971125612, -0.011737336429205006, 0.3848290947521632, 0.6155132137322837, -0.5229394673775529, 0.1972587422761799, -0.27141491071985113, 0.5443197450819267, -0.08030669782736334, -0.10234708847897957, -0.27310826287515233, 0.07666626734111831], [-0.2471482675097197, -0.649232640390033, -0.11255346779771883, -0.2954479769145863, 0.5479016746304707, 0.6658525650999922, 0.19505096018968085, 0.3065753195807202, -0.49504185625279057, 0.6944508661872417, 0.057284650604280736, -0.001560437376898329], [-0.0449784638602934, 0.19514878286575882, 0.5271956333616516, -0.3368896921821105, 0.00906089539257289, 0.34506956480718903, 0.5259367102222867, -0.14248829682051944, -0.4880540249035183, -0.41550254932224967, -0.5940566086982515, -0.015249661008159766]], "inverted": true, "swapped": true, "error_lsq": 0.04543813722431537, "error_max": 0.26317115166300203, "target": "201.xyz", "model": "11.xyz", "model_rescale": 3.6694154284099745, "target_rescale": 3.9596595279008633},
{"mapping": [12, 1, 2, 10, 6, 5, 7, 11, 9, 8, 0, 4, 3, 13], "R": [[-0.39543272464203183, -0.7159773007915422, -0.5753342202871617], [-0.8961788301991414, 0.16351683534160982, 0.41246302726761275], [-0.2012373339742843, 0.6787037271970165, -0.7063036075964784]], "T": [-0.014126960006990114, -0.09973629722982405, 0.08217203510902502], "aligned_model": [[-0.30134371894934164, -0.16918123604620197, 0.30371280467543216, 0.2762738847821079, -0.3037180014068761, -0.6752117407429027, -0.00835124781976639, 0.3529544338455397, 0.635111668970553, 0.7092987235120076, -0.648200564210257, -0.0734607317136773, 0.3556845974780599, -0.09904323952457637], [-0.5677176388195343, 0.19125675552001112, -0.17392871505431948, -0.6565395348086374, 0.11261981674972416, -0.4397520433722578, -0.6459709252763589, 0.3128894830516672, -0.33020165744488567, 0.08139917254029216, 0.18976764632056484, 0.6319776357926434, 0.49597186437259344, -0.03259667590211797], [-0.3181634461726557, -0.6974142069674045, -0.48332504049463787, -0.013568715232572304, 0.5190893534315019, 0.38536668798277884, 0.585917695875585, 0.5720902575109365, 0.4945567914645318, -0.04605851245012732, -0.07554922391115357, -0.011384757835917136, -0.4174479192103262, 0.0256607751746519]], "inverted": true, "swapped": false, "error_lsq": 0.040783277292723984, "error_max": 0.21741936199205913, "target": "201.xyz", "model": "12.xyz", "model_rescale": 3.9764082729961374, "target_rescale": 3.9596595279008633},
{"mapping": [14, 4, 6, 13, 8, 11, 10, 1, 12, 9, 3, 7, 0, 15], "R": [[-0.6396601215728023, 0.6170383201993317, 0.4583651822237971], [0.513450571710037, -0.10076655197702761, 0.8521822647845336], [0.5720169921253246, 0.7804548759590448, -0.25236233338525016]], "T": [0.13255470187988047, -0.03966081324545416, 0.0026906064017173173], "aligned_model": [[-0.40750951980917205, 0.1004312354200563, 0.12016528694215123, 0.16685996476839401, -0.3552534573808025, -0.43678934203737985, 0.041261263450240976, 0.346209115450948, 0.5762715557340761, 0.6797477570017125, -0.702162221117473, -0.20909938861964164, 0.37672041840752624, 0.05767296463946475], [-0.5629422347338064, 0.28444002971544396, -0.4673632962104639, -0.6504229617796621, 0.12224175354141019, -0.47566990338206616, -0.3098620581254668, 0.12165611306208425, -0.36910352877903835, 0.2053318593984358, 0.05525539310519244, 0.6058025537531428, 0.6260269413619396, -0.016215477257760177], [-0.2680772461059176, -0.6374581640211178, -0.6302200461885971, -0.01384097074406209, 0.48795712623909265, 0.34370106331410394, 0.7542248333822656, 0.5785822794699143, 0.3217460651167508, 0.04805002984229332, -0.049097611828330244, -0.1914310648016001, -0.15335698166220887, -0.07100957284739565]], "inverted": true, "swapped": false, "error_lsq": 0.04488776019461148, "error_max": 0.3215382648042335, "target": "201.xyz", "model": "13.xyz", "model_rescale": 4.170626492500431, "target_rescale": 3.9596595279008633},
{"mapping": [2, 6, 4, 0, 9, 1, 7, 10, 8, 12, 3, 11, 5, 13], "R": [[0.6757998064810206, 0.7181611147994481, 0.16594949457660002], [-0.5503857603153445, 0.34191295083040385, 0.7616896014102768], [0.49027557190045223, -0.6060859239781597, 0.6263303572023512]], "T": [0.0027279603990241763, -0.12882291587501013, 0.013122056969986102], "aligned_model": [[-0.19873020565137406, -0.1710903254131921, 0.5240000372923326, -0.15186255255188297, -0.348044039728685, -0.5451161033274468, 0.14855075320141628, 0.24429025387770698, 0.6504443455876743, 0.6482659987532395, -0.6411032263351373, -0.16628788144455775, 0.36166473780399905, -0.0004561592139917213], [-0.5063093030577247, 0.33254662462965157, -0.3735500709466713, -0.69603754269627, 0.2855685121247955, -0.37042350365429455, -0.557648516401153, 0.08753359243213449, -0.3963324891689973, 0.21591655794780137, 0.0443325628700883, 0.5574576248946189, 0.5804017890624878, -0.03428065436708222], [-0.48672872282303997, -0.6683576695383725, -0.40093974036815094, 0.11425438094939853, 0.6144083338719015, 0.4951080606254, 0.6856353433231344, 0.4748209032510748, 0.25900496682575613, 0.0250156439955815, -0.16286711201185938, 0.02371996704680292, -0.4289011732891002, -0.02440344269333598]], "inverted": false, "swapped": false, "error_lsq": 0.04636903637164468, "error_max": 0.33720766303164373, "target": "201.xyz", "model": "14.xyz", "model_rescale": 3.9786697098870705, "target_rescale": 3.9596595279008633},
{"mapping": [3, 0, 6, 8, 5, 4, 1, 11, 7, 9, 10, 13], "R": [[-0.49598177225248286, -0.1226022902794377, -0.8596340849521513], [0.8439997178565297, -0.3007872353136345, -0.44406251286331117], [-0.20412387868983933, -0.9457778372803081, 0.25266128444619085]], "T": [-0.026137475778466167, -0.046132365534702034, 0.09371045389289388], "aligned_model": [[-0.0033283487751676853, -0.6704807937988536, 0.4652306749058046, 0.5946866445648128, -0.061869078845535906, 0.3694165686204838, -0.5819965480099079, -0.08629386155299046, 0.5370121231155597, 0.2568342434884492, -0.3154043586559589, -0.020452668289359335], [-0.3798660296283055, -0.06836476720114518, 0.11485808848430357, -0.5394040203702132, 0.4321034867323894, 0.6142563508797055, -0.2698376620811085, 0.23363227106405535, -0.04848032657338693, -0.5825756056386521, 0.5557646588493443, -0.047411954292547825], [-0.504197545697839, -0.37162534422525834, -0.5563723036364837, -0.27546353927827516, -0.5686173110807399, 0.08430896656898175, 0.41415068197409444, 0.6515142272306035, 0.22550377427575613, 0.42930527247420275, 0.04404622924234884, 0.08741338602643892]], "inverted": true, "swapped": true, "error_lsq": 0.04662865217102596, "error_max": 0.2525817180218319, "target": "201.xyz", "model": "15.xyz", "model_rescale": 3.769337070930944, "target_rescale": 3.9596595279008633},
{"mapping": [10, 1, 4, 11, 5, 0, 6, 2, 7, 12, 13], "R": [[-0.22831955313494157, 0.9149837521314561, -0.3326783957393425], [0.055393795912704547, -0.32894186606730846, -0.9427241251408275], [-0.9720091095409766, -0.23367067013983356, 0.024419436638851044]], "T": [0.016475386101846422, 0.03213607642061832, 0.07536390474408322], "aligned_model": [[-0.21443894989892245, -0.36075370813966423, -0.07294290205310561, -0.5939660842937449, 0.4510571799361745, 0.2587532890892264, 0.6928813131202419, 0.2955182322817873, 0.05989064997905214, -0.6175749023736995, 0.024202013043824577], [0.13060055257546532, -0.5319762341235058, 0.7298698027587098, 0.17485525069300328, 0.23179385741850805, -0.539536213208754, 0.48745579527267474, -0.5436726704368494, 0.5025450207458516, -0.08157671695150868, 0.0357060528817473], [-0.5454462184554711, 0.10972695478254108, -0.2374246238907376, 0.07041004697945909, -0.587915660040691, -0.4213273546571539, -0.08315156121427186, 0.3635240496679305, 0.4090448944848436, 0.5903352363005856, 0.07644184326674232]], "inverted": true, "swapped": true, "error_lsq": 0.04844691393424312, "error_max": 0.27380006569074383, "target": "201.xyz", "model": "16.xyz", "model_rescale": 3.7852294659196426, "target_rescale": 3.9596595279008633},
{"mapping": [4, 8, 3, 6, 7, 9, 1, 2, 5, 10, 11, 0, 13], "R": [[-0.8390792364041089, -0.5351167901312788, -0.0979594607738069], [-0.3237216094482534, 0.6358637404882945, -0.7006294477885351], [0.43720745031590036, -0.5561720277502566, -0.7067689303700593]], "T": [-0.06682146988458763, 0.18603034466431795, -0.010054663852047958], "aligned_model": [[0.048092106391855946, -0.4257387849312685, 0.14236952854840257, 0.16042886266241613, -0.4727496716056282, -0.7162177019829514, -0.07402843005002521, -0.13534478837253117, 0.6265550543245342, 0.43250244274762767, -0.25588703052478906, 0.5903581670523049, -0.06657390404366524], [0.009699201821394776, -0.577783774823778, -0.30667872233658017, -0.588884503856272, -0.10614322551829242, 0.14901301531595823, 0.7606826241829467, 0.14464879525512048, -0.18795148185520888, 0.44107346692676186, 0.6674741197017182, 0.2924510278328877, 0.1774550810562174], [-0.7505726209758465, 0.21971762109203097, 0.4175775288887465, -0.20456029700623907, -0.3005187113473461, 0.2294917347455582, 0.3524755073432117, 0.6871174915559233, -0.22921427512916964, -0.3761837787315537, -0.3643119114109632, 0.4246861315203985, -0.009949723401577378]], "inverted": false, "swapped": true, "error_lsq": 0.04113409573298251, "error_max": 0.2185683518239991, "target": "201.xyz", "model": "17.xyz", "model_rescale": 3.901054581598922, "target_rescale": 3.9596595279008633},
{"mapping": [7, 11, 12, 3, 8, 0, 2, 5, 13, 9, 1, 4, 10, 14], "R": [[0.13686923610857932, -0.749074903754164, -0.6481925645768732], [0.40042705419015967, 0.640343885141768, -0.6554524262172939], [0.906049108205314, -0.16984256629960623, 0.38759323548421093]], "T": [-0.017232694410182516, -0.0005772401879249461, 0.015325797209966421], "aligned_model": [[-0.3486333928732691, 0.2569313993135582, 0.2911775828703878, 0.048267573362975685, -0.2180919668442892, -0.5185319163216253, 0.07136727563386044, 0.41030501919479423, 0.558799827111249, 0.619359072001635, -0.7111355342821071, -0.3931236591417002, 0.26539806265086724, 0.022436290173764226], [-0.38374404362340914, 0.09469525874988886, -0.5082178487719068, -0.7546230836948911, 0.29157151299173, -0.5275252950506838, -0.37548131845619476, 0.15972605786966354, -0.37299418006433754, 0.13300120281818123, 0.0059621419042661244, 0.6906487244569062, 0.7339150370628797, -0.017758982522707818], [-0.4124987013878296, -0.7279696955689553, -0.4309467848084871, 0.11794387711934372, 0.5763275002668173, 0.23103244079523505, 0.7469917588305148, 0.44147178519167807, 0.25406070321101315, -0.09001813396331122, -0.04902973662642289, 0.09586534242745262, -0.21509707047222737, -0.01836354584963055]], "inverted": true, "swapped": false, "error_lsq": 0.04722822047835399, "error_max": 0.3041914736833087, "target": "201.xyz", "model": "18.xyz", "model_rescale": 3.9405287249114394, "target_rescale": 3.9596595279008633},
{"mapping": [0, 12, 1, 6, 9, 8, 5, 11, 2, 10, 7, 13, 14, 15], "R": [[-0.7992737982830267, 0.5645310639788554, -0.20607298023060916], [-0.06682432360956508, -0.4242624155278214, -0.9030702699926638], [-0.5972402407342859, -0.708029717295397, 0.3768262388346287]], "T": [-0.028461871031362492, 0.0014996077998429072, -0.11921666965027261], "aligned_model": [[-0.33495608074333755, -0.00898064130259665, 0.26208336535383603, 0.06486214575069962, -0.3435537232517929, -0.4205467475618669, 0.05374405452685978, 0.23046588751947167, 0.5964707928203873, 0.714167092627722, -0.6851538590259013, -0.1854506529957327, 0.406301402622668, 0.005072596509684422], [-0.5580234974557793, 0.18819576903817606, -0.4781098087843292, -0.7151447106692187, 0.1999508304408576, -0.5456523739978267, -0.3719629000717869, 0.40850036757097596, -0.4632722265771492, 0.14766010137598493, 0.09113043560037443, 0.6465271131690892, 0.6293798497950012, -0.010003765764984122], [-0.3754771856375955, -0.6339050095964172, -0.46717887609961933, 0.07050682465102798, 0.5518601395549927, 0.22598807241868962, 0.6190451970177928, 0.41605895962625034, 0.2664925351064306, 0.0930175627410614, 0.11815960665575304, -0.01614443756792419, -0.2476155001352808, -0.10103814956997043]], "inverted": true, "swapped": false, "error_lsq": 0.03710514473801142, "error_max": 0.2315704850625772, "target": "201.xyz", "model": "19.xyz", "model_rescale": 4.410303926677745, "target_rescale": 3.9596595279008633},
{"mapping": [8, 5, 10, 9, 2, 7, 12, 4, 11, 6, 1, 0, 3, 13], "R": [[0.6126741984577959, -0.7024316293514882, -0.3622431954236149], [0.4751106911601096, -0.03893192881913858, 0.8790643526294221], [-0.6315854318217455, -0.7106856625858126, 0.3098801886302257]], "T": [0.02251674866885598, 0.007611992979235906, 0.05523330749481782], "aligned_model": [[-0.33771453068191304, -0.0951504861336526, 0.44208122789430027, 0.18404304068867963, -0.24916647749926377, -0.5740174261950718, -0.03160353368177845, 0.3420637553282141, 0.7226123606187294, 0.5142446764328934, -0.6982241036328553, -0.1348711906168613, 0.26200174456741515, 0.008226575761265204], [-0.5644132282667604, -0.10306759126162232, -0.3457623600508942, -0.6537400543671887, 0.3121082176695619, -0.26940862925881137, -0.5946517999344819, 0.07617933269095237, -0.35902983050577136, 0.291048506364502, 0.17701771185800017, 0.7064598210651368, 0.5470207245910391, -0.05058563692427704], [-0.3109335302213497, -0.7651173336669861, -0.5565070192779483, -0.04664629422031247, 0.5768452336643723, 0.3277396707892754, 0.5080293499598991, 0.678355787809679, 0.3053797284042552, 0.1751216351811618, -0.06705413015503614, 0.05558297842294689, -0.36624961351482377, 0.005223275990057855]], "inverted": true, "swapped": false, "error_lsq": 0.049882564910417856, "error_max": 0.3110316230452644, "target": "201.xyz", "model": "20.xyz", "model_rescale": 4.121658175737393, "target_rescale": 3.9596595279008633},
{"mapping": [4, 6, 8, 7, 9, 10, 3, 11, 0, 1, 2, 12, 13], "R": [[-0.6457258706217848, -0.7052102963207525, -0.29277386832320695], [-0.7622141889549743, 0.6181485997795713, 0.19215056270088351], [0.04547120149554956, 0.3472329859816775, -0.9366758368191204]], "T": [0.037329581132295994, -0.10256616631069287, 0.010167057509299304], "aligned_model": [[0.15698159115617932, -0.1429943760067836, 0.2785716110125574, 0.5041123834442272, 0.5757070528662841, -0.31122620583611604, -0.31331841524946974, 0.3452684150345939, -0.7196794223606047, -0.05101258605974868, -0.12001909284385666, 0.6419240315210607, 0.03676791798597149], [-0.6487363711844243, 0.06490742984429052, 0.574134687772353, -0.07336981090386348, 0.299143799377284, -0.6737963939396809, 0.4332838273389266, -0.5789179008661789, 0.006499544334689772, -0.09609549049553642, 0.5049029195677497, -0.17290871567957938, -0.09822062100284716], [0.5393609261218975, 0.8035169440673968, 0.5090730488550073, 0.35042262506089705, -0.16085056559721905, 0.03520269442821325, 0.25368945429805967, -0.2568437882467258, -0.20720827587455368, -0.6635235981390883, -0.30396602986651017, -0.5463069457692775, 0.017543250143692138]], "inverted": true, "swapped": true, "error_lsq": 0.043047264617578414, "error_max": 0.24170995197563436, "target": "201.xyz", "model": "21.xyz", "model_rescale": 4.08911054899281, "target_rescale": 3.9596595279008633},
{"mapping": [11, 14, 9, 5, 0, 8, 6, 7, 10, 12, 1, 4, 3, 16], "R": [[0.8690669355626071, 0.45440538820740267, -0.19554642589395332], [0.4795056000686568, -0.8709769754072416, 0.10711436791229648], [-0.12164308864303414, -0.1868551617658263, -0.974827219309581]], "T": [-0.033157321662137224, -0.019761673180737217, -0.032071055603487116], "aligned_model": [[-0.4803952288317552, 0.2673512547822028, 0.4436823099742161, 0.14155958286083295, -0.306783541358311, -0.4426926572509996, -0.08453371189633216, 0.3977627012576723, 0.5714203772691364, 0.6826852944038834, -0.824703287344684, -0.19980137772422527, 0.21936813935134283, -0.030394222642878464], [-0.5601142465124933, 0.179698967776729, -0.4089823806748958, -0.7029336878397396, 0.3296895821461668, -0.5154317576964158, -0.27846074238589846, 0.10395755340606902, -0.45607063370489237, 0.12668028297331008, -0.04190806874025385, 0.6471018387837142, 0.7283502868706263, 0.017598189267358476], [-0.33848642914524774, -0.562855978278667, -0.3907893547201786, -0.05395839461120567, 0.6028241406490177, 0.22745542528124085, 0.6650655068218785, 0.520013788264724, 0.2765641759178579, -0.13739725621671078, 0.022361495700355664, 0.08546617618870961, -0.39378670367875923, -0.002706853007824365]], "inverted": false, "swapped": false, "error_lsq": 0.04433348095714278, "error_max": 0.3043802225454664, "target": "201.xyz", "model": "22.xyz", "model_rescale": 4.204369325754507, "target_rescale": 3.9596595279008633},
{"mapping": [0, 12, 1, 6, 9, 8, 5, 11, 2, 10, 7, 13, 14, 15], "R": [[-0.7992737982830267, 0.5645310639788554, -0.20607298023060916], [-0.06682432360956508, -0.4242624155278214, -0.9030702699926638], [-0.5972402407342859, -0.708029717295397, 0.3768262388346287]], "T": [-0.028461871031362492, 0.0014996077998429072, -0.11921666965027261], "aligned_model": [[-0.33495608074333755, -0.00898064130259665, 0.26208336535383603, 0.06486214575069962, -0.3435537232517929, -0.4205467475618669, 0.05374405452685978, 0.23046588751947167, 0.5964707928203873, 0.714167092627722, -0.6851538590259013, -0.1854506529957327, 0.406301402622668, 0.005072596509684422], [-0.5580234974557793, 0.18819576903817606, -0.4781098087843292, -0.7151447106692187, 0.1999508304408576, -0.5456523739978267, -0.3719629000717869, 0.40850036757097596, -0.4632722265771492, 0.14766010137598493, 0.09113043560037443, 0.6465271131690892, 0.6293798497950012, -0.010003765764984122], [-0.3754771856375955, -0.6339050095964172, -0.46717887609961933, 0.07050682465102798, 0.5518601395549927, 0.22598807241868962, 0.6190451970177928, 0.41605895962625034, 0.2664925351064306, 0.0930175627410614, 0.11815960665575304, -0.01614443756792419, -0.2476155001352808, -0.10103814956997043]], "inverted": true, "swapped": false, "error_lsq": 0.03710514473801142, "error_max": 0.2315704850625772, "target": "201.xyz", "model": "23.xyz", "model_rescale": 4.410303926677745, "target_rescale": 3.9596595279008633},
{"mapping": [7, 13, 12, 0, 10, 1, 3, 4, 2, 5, 11, 9, 15, 16], "R": [[0.9828920419558458, 0.1455883371835282, -0.1128152025925726], [-0.13668440183041103, 0.16601757828091052, -0.9766040845695889], [-0.12345285803143896, 0.975316461348765, 0.18307701129850334]], "T": [-0.02903969137420134, 0.07629312339767252, -0.057913812942133706], "aligned_model": [[-0.3587922809383979, -0.08184852081604899, 0.4488104799701412, 0.2313223476304123, -0.3072750986347392, -0.568306964872603, 0.07792206386923126, 0.3821886156918997, 0.5704749254701127, 0.599413301045319, -0.6477848444253707, -0.23794231021891102, 0.2771943841300824, -0.030850465051026968], [-0.4333931925068741, -0.02862270668393914, -0.3940279280502262, -0.6310546253101685, 0.25366110636324257, -0.48387578969071393, -0.42960462878897326, 0.11136351094174982, -0.4302036291456118, 0.08702608025287205, 0.20063030330821094, 0.6486269205821571, 0.7036183004396435, -0.0049685380419842995], [-0.3288639665454396, -0.7510159121745666, -0.501347186849447, -0.010410316971031487, 0.5032542572836256, 0.30504203301342214, 0.6782095679403135, 0.4930360217762434, 0.4078513800805973, -0.08101518485003609, -0.10706854698009038, 0.08773543720559443, -0.20623105430012906, 0.030593210536134792]], "inverted": true, "swapped": false, "error_lsq": 0.03585342760666488, "error_max": 0.225355715924404, "target": "201.xyz", "model": "24.xyz", "model_rescale": 4.28219845311461, "target_rescale": 3.9596595279008633},
{"mapping": [0, 4, 1, 8, 14, 6, 10, 11, 5, 9, 2, 13, 7, 15], "R": [[-0.08403340805694423, -0.958724363451777, 0.27163575106071763], [0.9214875181051461, 0.028971664381383513, 0.3873259565784234], [-0.3792085709827157, 0.28285727423376894, 0.8810179465290644]], "T": [0.08474240650506362, 0.0402694964255235, 0.008478664397540647], "aligned_model": [[-0.4508154007686175, -0.09959715624334226, 0.3006620974019174, 0.16134235507840647, -0.37959052585856823, -0.5306882659528696, -0.03731348942888425, 0.29241978634369725, 0.7505023432598733, 0.6874274342012114, -0.5877766422411537, -0.11388649639695697, 0.3264964737812336, 0.03534311967415371], [-0.3870330790055489, 0.11170609319185126, -0.4646905070800342, -0.6156840352018615, 0.1259576310328305, -0.5854634757992576, -0.36852301883138233, 0.06770533628761252, -0.45131010755761397, 0.34327557574491524, 0.15776013340418638, 0.6000212303133519, 0.6291344517132449, 0.006318955457090401], [-0.4344033922879675, -0.6954846239022711, -0.32056765572980184, 0.22249611497796973, 0.6061383471641967, 0.21317470693314788, 0.6775794464667083, 0.5110664197627268, 0.20946095335394352, 0.051277696690964755, -0.04342609149005157, -0.003396194696950839, -0.43911383011018, -0.03503215796724424]], "inverted": false, "swapped": false, "error_lsq": 0.04028003587969888, "error_max": 0.22495416501175247, "target": "201.xyz", "model": "25.xyz", "model_rescale": 4.100010024507729, "target_rescale": 3.9596595279008633},
{"mapping": [0, 1, 11, 9, 5, 4, 10, 7, 2, 6, 3, 13], "R": [[-0.6458208536265393, -0.7047810771037637, -0.2935967615242836], [0.28149917361646326, 0.13764897811144022, -0.9496372855349167], [0.7096996831578388, -0.695942808125305, 0.10949871024047925]], "T": [0.07722039685052771, -0.007213419016229232, -0.008819716501063335], "aligned_model": [[-0.6799676971125612, -0.011737336429205006, 0.3848290947521632, 0.6155132137322837, -0.5229394673775529, 0.1972587422761799, -0.27141491071985113, 0.5443197450819267, -0.08030669782736334, -0.10234708847897957, -0.27310826287515233, 0.07666626734111831], [-0.2471482675097197, -0.649232640390033, -0.11255346779771883, -0.2954479769145863, 0.5479016746304707, 0.6658525650999922, 0.19505096018968085, 0.3065753195807202, -0.49504185625279057, 0.6944508661872417, 0.057284650604280736, -0.001560437376898329], [-0.0449784638602934, 0.19514878286575882, 0.5271956333616516, -0.3368896921821105, 0.00906089539257289, 0.34506956480718903, 0.5259367102222867, -0.14248829682051944, -0.4880540249035183, -0.41550254932224967, -0.5940566086982515, -0.015249661008159766]], "inverted": true, "swapped": true, "error_lsq": 0.04543813722431537, "error_max": 0.26317115166300203, "target": "201.xyz", "model": "26.xyz", "model_rescale": 3.6694154284099745, "target_rescale": 3.9596595279008633},
{"mapping": [8, 10, 9, 7, 0, 5, 1, 6, 3, 12, 4, 2, 11, 13], "R": [[0.913015923899513, -0.33351192781955386, 0.2348866039347572], [-0.40712075826113736, -0.708881856460833, 0.5759680562093002], [-0.025585364933793868, -0.6214952192758426, -0.7830000520552198]], "T": [-0.011836640337359015, -0.10165636570474229, -0.006974495031366448], "aligned_model": [[-0.35234586119864025, -0.17347152644591426, 0.4089108966321627, 0.14492494783620855, -0.4636340452868714, -0.49133570235892793, -0.02870477039817274, 0.35677312913373893, 0.6888478173818224, 0.6923684289619411, -0.7482728425868622, -0.04678392194941022, 0.38399180751786516, -0.01674272438883909], [-0.4393543950057061, 0.1431579301259196, -0.28757777736565643, -0.703017848747556, 0.12025248526567761, -0.5587714438000149, -0.2741925563357257, 0.1264725061588759, -0.46881424383058984, 0.2639937602326247, 0.1888659748718156, 0.5612832991820151, 0.5430476145284324, -0.046170121610727054], [-0.42931405503579906, -0.5321705003876984, -0.5102321569605682, 0.09261815481937317, 0.42147493007621367, 0.42558180722250055, 0.8588161163791231, 0.5252608734637085, 0.15754785474046407, 0.004340058985693437, -0.22785695185212357, 0.13937896215719714, -0.41176096588386174, 0.006085611440968346]], "inverted": false, "swapped": false, "error_lsq": 0.05062993868541229, "error_max": 0.30675545960687767, "target": "201.xyz", "model": "27.xyz", "model_rescale": 4.103607728864725, "target_rescale": 3.9596595279008633},
