[{"mapping": [8, 11, 6, 9, 13, 7, 1, 2, 4, 12, 10, 15], "R": [[-0.07852779661416676, 0.911097594471384, 0.4046412713841503], [-0.6158304612892579, 0.2748551709105962, -0.7383816614542691], [-0.7839555013565401, -0.30717390574748443, 0.5394978809232263]], "T": [0.07146724708807763, 0.04378305787843101, 0.004255408190978659], "aligned_model": [[-0.20470946816512997, 0.054886730420438776, 0.36861332611873326, -0.14543371460818993, -0.17272177109610282, -0.4464380766063133, 0.3745707011222623, -0.29569674285756303, 0.5853366109552618, 0.1736946369064546, -0.47460923317784065, 0.020149463448537734], [-0.30639233406981825, -0.633317872144658, -0.22340210381064468, 0.6110619490824611, 0.32530514377034175, -0.49241997036482127, -0.2501838567318889, -0.5914843525686588, 0.0999390244055006, 0.3932743767106728, 0.13271092808919524, -0.011535896390624384], [-0.5628956397075382, 0.108007572297211, -0.48772766748648344, -0.11968893754610083, -0.7009376102413266, -0.04082231309552289, 0.4203178064574327, 0.6191470289941834, -0.02395947668987277, 0.5893681009623726, 0.3850237816109162, -0.003880900201708294]], "inverted": true, "swapped": true, "error_lsq": 0.03686402642657773, "error_max": 0.21170945950761924, "target": "202.xyz", "model": "0.xyz", "model_rescale": 3.751011558992144, "target_rescale": 4.040429174941134},
{"mapping": [0, 4, 2, 11, 3, 10, 5, 6, 12, 14, 9, 13, 8, 7, 15], "R": [[0.8635768072292652, 0.44913541202445706, -0.22915601602692054], [0.4948053727368338, -0.8422810231572452, 0.21384648966010095], [-0.09696773239831945, -0.29806049670294427, -0.9496089717240053]], "T": [-0.042008332980285626, -0.021140313285409086, -0.02165977752150241], "aligned_model": [[0.25861960486672453, 0.09882508891321955, -0.5585113533981, 0.01842604868797877, -0.08754398914281561, -0.5564554202761609, 0.583203183290792, 0.5575571533519679, -0.6493594461659941, 0.02652868497242998, -0.11528355174695067, 0.49183255051199504, 0.5053924454656704, -0.0002425805543897694, -0.0339022076873327], [-0.15550850902635655, -0.42957444535279904, 0.6755788158864263, 0.4593509402134327, -0.8305072295799837, 0.3048998470930441, -0.5484431893021341, -0.0427509883535665, -0.34538525805604214, 0.5419879889856853, -0.257080384456166, -0.031064032769980245, 0.42852712192979325, 0.7244218422464923, 0.054304830369259934], [-0.8480575162443956, -0.3068944220982396, -0.42696567257887824, -0.5064080991805989, 0.10981380850940148, 0.26142015958087167, 0.06870582518007792, -0.22607419967765185, -0.05234080607563791, 0.6012774968786361, 0.5468264523568193, 0.5708734161445783, 0.11511843627839521, -0.03447800390167274, -0.02315047031972902]], "inverted": true, "swapped": true, "error_lsq": 0.04445797693866386, "error_max": 0.2519871531107765, "target": "202.xyz", "model": "1.xyz", "model_rescale": 3.9405287249114394, "target_rescale": 4.040429174941134},
{"mapping": [2, 7, 11, 9, 13, 1, 10, 14, 5, 4, 3, 12, 15], "R": [[0.3043466180820429, -0.3311607371379516, -0.8931437186927261], [0.08227478410432626, -0.9249805656773773, 0.3710010957123246], [-0.9490015784826754, -0.18639613541435746, -0.2542685288036703]], "T": [-0.07341075823631635, -0.09366983081264005, -0.02555056417440491], "aligned_model": [[-0.4436646622276951, 0.10598070478990176, -0.3842113820020385, 0.36844421926072424, 0.6379385609909493, -0.6510867774152187, 0.1000516617968554, 0.654197390600693, 0.08300079879641695, -0.3875960172290842, -0.16037679022490484, -0.3724958292691234, -0.05419859858354474], [0.7888516852476477, 0.5598452335918969, 0.35341033509302244, -0.32243294682285417, -0.3819469433848549, 0.03925209531611232, 0.39644995202764, 0.3305410867110875, -0.8439037282830741, -0.4972584260625458, -0.8129718572731104, -0.12181512634650697, -0.029188766242443154], [-0.0024506963665618976, -0.3394110050621605, -0.44151617819607825, 0.3441049295559322, -0.24248052313416685, -0.021267060464058577, 0.3996383701848203, -0.04775720023902694, -0.3251974049687425, -0.10564528461557182, 0.3610695452459237, 0.5946973274261884, -0.06066446977785339]], "inverted": true, "swapped": true, "error_lsq": 0.049877688029094376, "error_max": 0.2949732415526526, "target": "202.xyz", "model": "2.xyz", "model_rescale": 3.932901565614263, "target_rescale": 4.040429174941134},
{"mapping": [4, 12, 3, 1, 5, 13, 9, 6, 11, 8, 10, 2, 14, 15], "R": [[0.7366816533167941, 0.6364153136891302, 0.2286387766071214], [0.12206130053183933, 0.20740951662498874, -0.9706092577993808], [-0.6651324534097784, 0.742937979184908, 0.07511310475366008]], "T": [0.04787825407090687, -0.054633326810138334, -0.018923483485559233], "aligned_model": [[-0.26109251776957665, 0.521609237229441, 0.05109833211953953, 0.000350428755588314, -0.5172686696340876, -0.13420522010118172, 0.3545401380602423, -0.573927969894922, -0.1775799213811843, -0.3075974265497612, 0.6706177125831495, 0.3886479888748181, 0.35524968101293386, 0.04936811874770433], [-0.0034903503250653736, 0.12270924258981142, -0.40746306896183876, 0.4995677605459634, -0.5641907228330174, -0.7850599449782153, -0.5818262405585725, -0.14064503436027487, 0.4856637774370768, -0.25634391108648374, 0.02681733090758192, 0.7307708415965609, -0.4305142439099468, -0.032498797713090784], [-0.4311524896595994, -0.48698336542871645, -0.7604991095336999, -0.22385866977212354, -0.33207507628092303, 0.24471019910701236, -0.1295566115809892, 0.0687694789734253, 0.337100033703562, 0.5756407056351069, 0.21909668323552164, 0.4094245802593344, 0.6696242618055558, 0.05365574259363072]], "inverted": false, "swapped": true, "error_lsq": 0.03863847179086809, "error_max": 0.22321745218521338, "target": "202.xyz", "model": "3.xyz", "model_rescale": 3.9243930471874484, "target_rescale": 4.040429174941134},
{"mapping": [11, 6, 7, 10, 14, 1, 12, 8, 13, 5, 9, 3, 15], "R": [[-0.19560442166896636, 0.8808837563481273, 0.431025194188881], [-0.5558102681674109, -0.4616884384565715, 0.6913166652086464], [0.8079689697155581, -0.10434363228077656, 0.5799125368357145]], "T": [-0.06644287335704394, -0.15938295918908596, -0.0739017424872038], "aligned_model": [[-0.03194700580853041, -0.2927489200436572, 0.4764547572875224, 0.42760929735337627, 0.7519122795223045, -0.40216955942345944, -0.25083682755813785, 0.28852768387166905, 0.24470815072428467, -0.48110174718613374, 0.1379494609503661, -0.5790230802523523, -0.012128603125899286], [-0.4594042788286747, 0.258316394844245, -0.32512461590988634, -0.5481806542001536, 0.040868165054087274, -0.6121156822829928, -0.6024736770752436, 0.24951457532708038, 0.5702302163318832, 0.5494060424469797, 0.1047175718843954, 0.07503888759520891, -0.17296339150534162], [-0.6889646152178049, -0.49347756702477164, -0.5592505640913877, 0.16240536186453594, -0.08138415391753426, -0.2575232109679783, 0.4206899778110479, -0.550719741386034, 0.009942213834644859, -0.021177224474710238, 0.4482938641524016, 0.5233766969759748, -0.12514072218742003]], "inverted": false, "swapped": true, "error_lsq": 0.03976395387400275, "error_max": 0.2343196151651406, "target": "202.xyz", "model": "4.xyz", "model_rescale": 3.8936222436046832, "target_rescale": 4.040429174941134},
{"mapping": [14, 9, 8, 7, 6, 4, 12, 1, 2, 10, 11, 15], "R": [[-0.08539641292084649, -0.8842706284945178, 0.459100106994284], [0.5494019592101057, 0.3426073315701342, 0.762087726951753], [-0.8311828558604597, 0.31731005646891, 0.45656257861036703]], "T": [-0.2646503463706116, -0.06328462625624479, 0.04000832432188579], "aligned_model": [[0.04454104196220077, -0.5046585830906478, -0.24240009375296603, 0.31038326544946304, -0.5938215258971142, -0.6260175404643029, -0.16934605972959157, -0.050948381329042336, 0.6573116889055606, 0.24633767879930457, 0.16483131837001042, -0.20866476700777714], [-0.4974452373890088, -0.6307773710683812, 0.13058918530200847, 0.07596719323517112, 0.38526839608078955, 0.191621999627094, -0.35928255349382565, 0.29699188541785426, 0.1605696878860717, -0.4978519337205578, 0.4605346820263846, -0.047263028793793294], [-0.6124998400770755, -0.02753128866752099, -0.6545955669405177, -0.41575135885566256, -0.263599268443197, 0.3091693514790834, 0.6550317421112182, 0.4594466097197646, 0.1678403827901655, 0.07369416723649716, -0.06325796470680017, -0.008662246370436222]], "inverted": true, "swapped": true, "error_lsq": 0.035870070954089894, "error_max": 0.19450675522580013, "target": "202.xyz", "model": "5.xyz", "model_rescale": 3.6523030999806103, "target_rescale": 4.040429174941134},
{"mapping": [2, 1, 0, 11, 6, 10, 3, 7, 9, 13, 5, 8, 15], "R": [[0.8600430667588214, -0.06618951624872277, 0.5059099438228529], [0.07432373896773725, 0.9972256558848872, 0.004119838687675433], [-0.5047790656771909, 0.03405787990637232, 0.862576463665886]], "T": [-0.06713077478990859, -0.04057629297220457, 0.05837084924880244], "aligned_model": [[0.25572006455678353, 0.06852041272789161, 0.4827813935122728, 0.5159411787357913, 0.38932095760101776, -0.3361045210717456, -0.642965368596667, 0.40428209407186144, -0.5592691282777313, -0.07663764767812209, -0.05385335541406758, 0.45035250491828416, -0.01700568042127428], [-0.7385680357831115, 0.016559125212292247, 0.4757075081894032, -0.24570508796576168, 0.34624906632997166, -0.6523918128261325, 0.544953755579018, -0.6134312061039768, -0.06403199247311088, 0.05753794302054921, 0.6741717642010965, -0.16372207783544235, -0.09650204538161211], [0.628494209692729, 0.6325924696168368, 0.5299775025293191, 0.35409769788456613, -0.15079178379359842, 0.12490757650288048, 0.06001030561455108, -0.02752890824162875, -0.3177451429900952, -0.7331235416067473, -0.3491369791260878, -0.42907439403439623, 0.04743072743345996]], "inverted": true, "swapped": true, "error_lsq": 0.0479829356958888, "error_max": 0.2684335554569567, "target": "202.xyz", "model": "6.xyz", "model_rescale": 4.08911054899281, "target_rescale": 4.040429174941134},
{"mapping": [2, 12, 1, 7, 8, 6, 11, 0, 14, 10, 13, 9, 5, 3, 15], "R": [[-0.5282090283098, 0.6672785564760917, 0.5251043234245937], [0.6973466855872152, 0.6937374102178604, -0.1800999882419257], [-0.48446137360221264, 0.2710493197397836, -0.8317628530753569]], "T": [0.07291579491538636, -0.0738230471636593, 0.027842036341248093], "aligned_model": [[-0.017611372551345872, 0.49142109959889874, 0.5034803738599912, -0.4605325796468618, -0.48675701894206114, 0.05445053577377204, 0.027808528801949617, 0.6193698200089358, -0.7491103732844046, -0.1995020910029358, -0.45074710588356115, -0.10644538136418247, 0.2164320158336636, 0.5760908832430639, 0.01798620535463253], [-0.7187581795844782, -0.5606412878995816, -0.24637673769567886, -0.23971475732037856, 0.30993084662964465, 0.5259349340418387, -0.09946833062868597, 0.33604753480832733, -0.22918796903646865, -0.6849849996640067, 0.3775356839529515, -0.13703027987981253, 0.6604303491773499, 0.0939265893977244, -0.08688458012963171], [-0.6738197700460862, 0.27846684526668464, -0.3412589487918625, -0.4678235615599819, -0.21722118965137538, -0.17631586296295246, -0.6553949273160137, -0.5420345258194866, 0.1278239113580415, 0.08582311812191473, 0.42562667262574144, 0.6177979521575129, 0.3704478587963524, 0.6548256843880883, -0.022873224484496628]], "inverted": true, "swapped": true, "error_lsq": 0.04962806083203443, "error_max": 0.3338017210211897, "target": "202.xyz", "model": "7.xyz", "model_rescale": 3.964800864290218, "target_rescale": 4.040429174941134},
{"mapping": [1, 0, 11, 12, 7, 3, 10, 6, 5, 13, 9, 14, 8, 15], "R": [[0.9644429508878721, 0.18419542820508167, 0.1895305746074762], [0.20150821843977496, -0.9765045903936679, -0.076375538239169], [0.17100945115379274, 0.11185181790405303, -0.9788998612971794]], "T": [-0.06914066116451545, -0.03465071871028084, 0.014540781020240888], "aligned_model": [[-0.11270492856260703, 0.41572553994163164, 0.31698515246049186, -0.7063471522659518, 0.2418346918281618, -0.4455060170730254, -0.4925668993700955, 0.5130746324460739, 0.25527333278695385, 0.19827093166636728, -0.40529176442693987, -0.009749226855584728, 0.5264145816774085, -0.034224984792011554], [-0.17775080851656916, -0.5149619878656282, 0.21890384976610375, -0.188874807752581, 0.6259998691390269, -0.7113457364820917, 0.4851909515514367, -0.272685241006498, -0.6356933362931705, 0.02832517523792321, -0.03469262042641089, 0.672853266452225, 0.284503009838396, 0.03117688253904006], [-0.5590624693956694, -0.5560475498755172, -0.4915442230897455, -0.1979075714507468, -0.14232458599891082, 0.28815835500414183, -0.02504584873376204, 0.09261745964012352, 0.4734602049528887, 0.7633433127289864, 0.535324807705328, 0.46816223553440917, 0.26754580979145176, 0.00013510191204345323]], "inverted": true, "swapped": true, "error_lsq": 0.03818057150656852, "error_max": 0.23738721047146982, "target": "202.xyz", "model": "8.xyz", "model_rescale": 4.121658175737393, "target_rescale": 4.040429174941134},
{"mapping": [10, 7, 11, 1, 14, 9, 8, 5, 6, 13, 12, 4, 15], "R": [[-0.5369008835889533, -0.6509386285537287, -0.5366715411292016], [0.8197463907259751, -0.25218566190466174, -0.5142161479586621], [0.19938228630733018, -0.7160176630407232, 0.6690032960461132]], "T": [-0.04113632517271873, 0.11895679991799521, -0.026068911477232053], "aligned_model": [[-0.6354492513822444, -0.13015035240343958, 0.28280067419925425, 0.2149078046145718, -0.5630286909961095, -0.4775305708247477, 0.1265468940299199, 0.3748591513631938, 0.4965136979626822, -0.14931446893980857, -0.3480004483119976, 0.3321246076122668, -0.04754155048834378], [0.1828377703478288, -0.28338924301725177, 0.06638794332611184, 0.5645900720564395, -0.5174696492126541, 0.015899559868770924, -0.5657150720221322, -0.10232885873368364, -0.19831166510940032, -0.5431298557695334, 0.7312707182163758, 0.36417380801616284, 0.07557191144467598], [-0.3323426615014791, -0.6489379004750198, -0.6275723863485987, -0.3214475842835978, -0.20621160166438957, 0.4018946805091255, -0.1798982327342295, 0.6485303221881058, 0.08349487535413253, 0.4053460908858786, 0.050465785219201746, 0.2357634593682374, -0.08800941255827843]], "inverted": false, "swapped": true, "error_lsq": 0.03985501739418541, "error_max": 0.2515410076101395, "target": "202.xyz", "model": "9.xyz", "model_rescale": 3.833441315466971, "target_rescale": 4.040429174941134},
{"mapping": [10, 14, 3, 5, 13, 9, 8, 6, 1, 4, 2, 11, 7, 12, 15], "R": [[0.28433971487481474, -0.5747312741003829, 0.7673557774043667], [0.5422283531761132, 0.7564873011884964, 0.3656711311444562], [-0.7906575362044113, 0.31210723431458004, 0.5267349758006151]], "T": [-0.08413916030141724, 0.02152671503406206, 0.14407169810482648], "aligned_model": [[0.10441235924847347, -0.017206178812231826, -0.7909539824834213, -0.6707815561559407, -0.5391631249911684, -0.588998074019105, 0.08743768324467774, -0.09458845867761795, 0.2619189657539366, -0.26602979980291674, 0.7998936509099049, 0.5670765744913863, 0.5036440234440103, -0.20753922017897275, -0.025277843676482413], [-0.6228327318443911, -0.4820511853085346, 0.14160461486684, 0.571091268633374, 0.04052010658885763, -0.3184337184150499, 0.20173121275854092, 0.5898498062231645, 0.18732737954051315, 0.42060329870464647, -0.30162142913532014, 0.2287398738685852, -0.15693014255466742, -0.3048959370101182, 0.006399122378538194], [0.1625506128625333, -0.5280822498573645, 0.5446059789270027, -0.03180668629292438, -0.5107355997528096, 0.02677741282408158, -0.5331612160873106, -0.13634000965338058, 0.5959014038839773, 0.4191443631485279, 0.3187916146702753, 0.09421321746299141, -0.28070552780336, 0.7383545952716803, 0.09861399821817261]], "inverted": true, "swapped": true, "error_lsq": 0.046937584714160326, "error_max": 0.28813635392231235, "target": "202.xyz", "model": "10.xyz", "model_rescale": 4.2482417240324, "target_rescale": 4.040429174941134},
{"mapping": [4, 1, 10, 2, 13, 14, 9, 7, 11, 8, 6, 15], "R": [[0.029267285765958218, 0.949575153040269, -0.31217055388432113], [-0.5675387855826692, 0.2728686272190029, 0.7768155760146458], [0.8228263199747823, 0.15443361359550872, 0.5469068532653347]], "T": [-0.16917473665898922, -0.06714890149280328, 0.07149506921642335], "aligned_model": [[-0.5878775793446419, -0.052260669591274955, 0.37485562581187004, 0.6990581659541087, -0.46325226827858856, 0.26820748745178546, -0.3378802784166712, 0.4443864831505876, 0.21374336023073134, -0.07391997416463005, -0.49917945903504546, -0.10911529140522438], [-0.3489443738649942, -0.6197222201772268, -0.019219617689540003, -0.4185355029815059, 0.673357045370962, 0.6401647682769648, 0.24589104351339708, 0.2027160492645867, -0.2389650199485216, 0.4909168299117216, 0.09634425331401425, -0.037871864939218534], [-0.043789520838713764, -0.10847714637244549, 0.46242471897534515, -0.1264060847397898, 0.10823064799604981, 0.2066461627169376, 0.5791938001990746, -0.2578788074998476, -0.47013030596552796, -0.37576980081097217, -0.44435173091320956, 0.03550035710745565]], "inverted": false, "swapped": true, "error_lsq": 0.04786321277736257, "error_max": 0.23044168960512929, "target": "202.xyz", "model": "11.xyz", "model_rescale": 3.6694154284099745, "target_rescale": 4.040429174941134},
{"mapping": [14, 7, 11, 2, 10, 13, 9, 5, 1, 4, 6, 12, 8, 15], "R": [[-0.8983939484973203, -0.3243450821667955, 0.29612257762218885], [0.3107667575253763, 0.006973666403456147, 0.9504606201174552], [-0.3103422879991681, 0.9459131226762363, 0.09453056980857266]], "T": [0.10613533041821238, 0.02678916974269189, 0.09471023690436098], "aligned_model": [[-0.08318042709207679, -0.014470016847640668, 0.04166287164272958, 0.5813701598357097, 0.5523188926365967, -0.4786756403175341, 0.14873971649758838, -0.46427288267040095, 0.4030655582635461, 0.03870190037713753, -0.46480746282003066, 0.7450396570250286, -0.49733883954368435, 0.09011136326884053], [-0.35409768681910964, 0.30281678528104683, 0.651890450087923, 0.6225761793263329, -0.15096509491774562, -0.5019161337564544, -0.5914044363936674, -0.209270573747215, 0.5109824703097894, 0.1575623376636443, 0.24247916136917602, -0.09100313762514256, 0.08622662923032784, 0.055110338127348335], [-0.632576777927077, -0.5886891473766777, -0.17841388487550103, -0.48464757977100825, -0.3747744729615109, -0.0263144930120561, 0.11004320953056189, 0.6387818987556689, 0.2643730126150523, 0.5910593141589757, 0.26568744013521783, 0.32466179306004805, -0.2962409223278411, 0.02614606964856206]], "inverted": true, "swapped": true, "error_lsq": 0.0364879803038531, "error_max": 0.20409138616660788, "target": "202.xyz", "model": "12.xyz", "model_rescale": 3.9764082729961374, "target_rescale": 4.040429174941134},
{"mapping": [14, 13, 5, 10, 11, 8, 3, 4, 7, 1, 9, 6, 12, 2, 0, 15], "R": [[-0.4083339847795551, 0.8820249655978798, -0.23514956290860706], [-0.5443152297911089, -0.028472685545598647, 0.838397421748942], [0.7327921175145801, 0.47034164842152804, 0.49172598697711445]], "T": [-0.03386609486454354, 0.05342717266992045, -0.054564500887113995], "aligned_model": [[-0.28877926492164524, 0.2862938696232819, 0.09393482740724315, 0.4236547391843418, -0.0382035000540644, -0.20546548193863243, -0.6901927913309409, -0.5471124438511643, -0.694069836482702, 0.3307996244421974, 0.2489729893049407, -0.15452753762388852, 0.6041051570308059, -0.21009432088448057, -0.2758851667058292, -0.13569808059814947], [-0.4141759931064515, -0.1804624610316413, 0.8390258468868833, -0.539853927397142, -0.7304118300833352, -0.48896419245328837, -0.47351952120474683, 0.5213550495916667, 0.1976268027613753, -0.03715001972796304, 0.5271593798363334, 0.2023342443908553, 0.0524554619871504, 0.05835483002630329, 0.6045284634019882, 0.050338247378331244], [-0.6505297638533568, -0.520690859906857, -0.3178619622682464, 0.23670705912637863, -0.18153813369492883, 0.3649806028194214, -0.05699279940136033, -0.23755468923238782, 0.2836235905026649, 0.45742892059485135, 0.18434756426872567, -0.7941091620955909, -0.06889183426417787, 0.723367915491689, 0.3514183432341526, -0.08934064206412734]], "inverted": true, "swapped": false, "error_lsq": 0.04917208101970659, "error_max": 0.36429387763634385, "target": "202.xyz", "model": "13.xyz", "model_rescale": 4.170626492500431, "target_rescale": 4.040429174941134},
{"mapping": [9, 5, 12, 4, 10, 2, 1, 13, 14, 6, 8, 11, 7, 15], "R": [[-0.24030192731812544, 0.48723286160311374, 0.8395588855471875], [0.20805467492486082, 0.8706544393704494, -0.4457287285406212], [-0.9481393547201301, 0.06756467848342972, -0.31059101444234655]], "T": [-0.08623549019960866, -0.03178911903230125, -0.02968134316738992], "aligned_model": [[0.34051430805854743, -0.07438878279135894, -0.3378188556321612, -0.4657658738084324, 0.19484448095037318, -0.3086294586825399, -0.6334039774211484, 0.5516015047941146, 0.6957196643949722, -0.17312003040258728, 0.2958812036753373, -0.3528080772699904, 0.1703076317659121, -0.05975071553939476], [-0.2353353530963097, -0.8481078298744094, 0.14596836053227877, -0.38199725134266527, 0.5103221247854521, 0.8795520383759652, 0.19601113496162473, -0.4832672922962935, 0.24131651849356878, -0.421541385766168, -0.09342285790535557, 0.3458459836838896, 0.4830085523058513, 0.017721725068237215], [-0.4305143616621433, 0.07321240366773575, -0.6461710617409019, -0.0660440631993017, -0.3093269970606606, 0.1612741522212493, -0.01919989020550704, 0.13004211026365042, 0.12465952128594306, 0.4625333426280413, 0.579206831131599, 0.4761208706938782, 0.44670148284715966, 0.021378760250124265]], "inverted": false, "swapped": true, "error_lsq": 0.045112692818049714, "error_max": 0.2751285757127745, "target": "202.xyz", "model": "14.xyz", "model_rescale": 3.9786697098870705, "target_rescale": 4.040429174941134},
{"mapping": [7, 13, 11, 2, 6, 0, 9, 3, 1, 10, 5, 15], "R": [[-0.21446957511510567, -0.14652294109915648, 0.9656779116670318], [0.30380783086060503, 0.9296328438687446, 0.2085271625191425], [-0.9282799164356192, 0.3381032435989989, -0.15486314413092606]], "T": [0.002770182158693499, -0.04586982288168351, 0.05717259802773127], "aligned_model": [[0.16082845215353392, -0.7567518386386444, 0.49503091839795055, 0.7481878175724553, -0.11097443208179904, 0.5352518787584736, -0.5000857378628718, -0.26894628471195225, 0.5739140312812349, 0.07737763316376765, -0.4875748961138058, 0.017097054848993626], [-0.4514620524061581, -0.001560990474119367, -0.04565527471511002, -0.5775876844135331, 0.4489694158915921, 0.6401522334427815, -0.2402714022109561, 0.3349931735480885, 0.0832507455002316, -0.7056300456019579, 0.6138389049025077, -0.08436253323892766], [-0.5496915872725826, -0.18229176672610625, -0.41946606600834263, -0.22228124103178004, -0.322204971373429, -0.135706049390035, 0.3630443327208574, 0.7321149248824302, 0.14946968581719852, 0.15837743668340598, 0.09524888965927256, -0.006647094087058977]], "inverted": true, "swapped": true, "error_lsq": 0.04799515311359676, "error_max": 0.2517256011339865, "target": "202.xyz", "model": "15.xyz", "model_rescale": 3.769337070930944, "target_rescale": 4.040429174941134},
{"mapping": [12, 10, 4, 1, 3, 9, 5, 14, 6, 11, 15], "R": [[0.31714452724168196, 0.38887849797724994, -0.8649814232985631], [0.20856253143009879, 0.8611378566374202, 0.4636197389557299], [0.9251599966082187, -0.3274371782141851, 0.19199967447632016]], "T": [-0.046412679490728935, 0.020395793509025276, 0.04167155315706059], "aligned_model": [[-0.3446212216885918, -0.3040677468294608, -0.0025486400428660558, -0.5617201697358514, 0.30065195207239226, 0.3736709123195888, 0.6064230216144322, 0.21798488702071103, 0.21111803138804, -0.505261266898469, -0.06900362852875463], [-0.06779581042034019, -0.5901006214271882, 0.5034278480342764, 0.3048964538634042, 0.32841552870728014, -0.2976570733112947, 0.5193530257694617, -0.6892787378343962, 0.4544754852495436, 0.14458578585929183, -0.01425738686469668], [-0.5733450244788278, -0.06787403653693572, -0.13934578239709228, -0.028426483473026412, -0.6359002801156325, -0.28480312921471307, -0.002497814312337629, 0.4108837440053217, 0.4250562213897612, 0.5351691865473198, 0.10530100580993978]], "inverted": true, "swapped": true, "error_lsq": 0.0451717365024294, "error_max": 0.25030633885342657, "target": "202.xyz", "model": "16.xyz", "model_rescale": 3.7852294659196426, "target_rescale": 4.040429174941134},
{"mapping": [9, 4, 6, 5, 12, 1, 2, 11, 13, 14, 10, 8, 15], "R": [[-0.7782869526278858, 0.18158785381092765, 0.601078423100963], [0.10115183796928781, 0.9810258787336787, -0.16539809832718336], [-0.6197077739101183, -0.06792699465716728, -0.7818875867746024]], "T": [-0.09378536150758068, 0.025608151700209678, -0.02305714632531136], "aligned_model": [[0.06858078582355223, -0.31519586704789726, 0.22171019039516268, 0.19526737510770795, -0.6857544902397115, -0.5766504579558865, -0.407331058965021, -0.11934787420170365, 0.6165081075856524, 0.5290061386016243, -0.17940041139741872, 0.5641786419245413, -0.057805229414319044], [-0.041905380257690125, -0.42697958389013435, -0.36087704388077424, -0.7430312868091602, 0.10167194975671406, 0.06973691698759565, 0.8245207836989432, 0.31102479778413256, -0.1985233016398622, 0.5342901319485003, 0.6224265818471905, 0.10066357814964481, 0.08203748000777433], [-0.6174414711809109, 0.09590934078883322, 0.36786842202431386, -0.0754559469635176, -0.3676414374119929, 0.31795622685875713, 0.4010813754594112, 0.5993486623002124, -0.3084138250267561, -0.2745229409138659, -0.3189795470758384, 0.2633110562646675, 0.012734782019860346]], "inverted": false, "swapped": true, "error_lsq": 0.04796618580720617, "error_max": 0.2783495791966564, "target": "202.xyz", "model": "17.xyz", "model_rescale": 3.901054581598922, "target_rescale": 4.040429174941134},
{"mapping": [0, 4, 2, 11, 3, 10, 5, 6, 12, 14, 9, 13, 8, 7, 15], "R": [[0.8635768072292652, 0.44913541202445706, -0.22915601602692054], [0.4948053727368338, -0.8422810231572452, 0.21384648966010095], [-0.09696773239831945, -0.29806049670294427, -0.9496089717240053]], "T": [-0.042008332980285626, -0.021140313285409086, -0.02165977752150241], "aligned_model": [[0.25861960486672453, 0.09882508891321955, -0.5585113533981, 0.01842604868797877, -0.08754398914281561, -0.5564554202761609, 0.583203183290792, 0.5575571533519679, -0.6493594461659941, 0.02652868497242998, -0.11528355174695067, 0.49183255051199504, 0.5053924454656704, -0.0002425805543897694, -0.0339022076873327], [-0.15550850902635655, -0.42957444535279904, 0.6755788158864263, 0.4593509402134327, -0.8305072295799837, 0.3048998470930441, -0.5484431893021341, -0.0427509883535665, -0.34538525805604214, 0.5419879889856853, -0.257080384456166, -0.031064032769980245, 0.42852712192979325, 0.7244218422464923, 0.054304830369259934], [-0.8480575162443956, -0.3068944220982396, -0.42696567257887824, -0.5064080991805989, 0.10981380850940148, 0.26142015958087167, 0.06870582518007792, -0.22607419967765185, -0.05234080607563791, 0.6012774968786361, 0.5468264523568193, 0.5708734161445783, 0.11511843627839521, -0.03447800390167274, -0.02315047031972902]], "inverted": true, "swapped": true, "error_lsq": 0.04445797693866386, "error_max": 0.2519871531107765, "target": "202.xyz", "model": "18.xyz", "model_rescale": 3.9405287249114394, "target_rescale": 4.040429174941134},
{"mapping": [2, 1, 3, 8, 6, 5, 5, 14, 11, 7, 12, 10, 0, 9, 13, 15], "R": [[-0.8705152695693541, -0.4078653004445856, -0.2754070844038744], [-0.22984511949664022, -0.15789293799736992, 0.9603338175728968], [-0.4351716747332828, 0.899286226306067, 0.043702364764658996]], "T": [0.04175100514428058, 0.15356364605526787, 0.03569739320420383], "aligned_model": [[-0.33347292183212024, 0.3654623666423294, 0.03294024762505153, 0.2657846001103262, 0.2032080672836029, -0.34235532601470575, -0.34235532601470575, -0.39614424936886866, -0.6661316449499304, 0.17438470967735625, 0.30478343572168964, -0.5658617837225755, 0.6509964088527205, -0.3619708487924589, -0.25847812789727054, 0.01694317528087345], [-0.38231223945571, 0.019723697617025998, 0.5488891063457043, -0.5273100462058872, -0.5151994845003804, -0.5821108696707731, -0.5821108696707731, 0.7697544262677606, 0.17274918493773936, 0.011038478233775156, 0.616560745205692, 0.21535413303989331, -0.16071452586185533, -0.13321934492824813, 0.5806544762520331, 0.1368935136503211], [-0.5364645794619989, -0.5236032831931763, -0.7186690601008573, 0.27754883324376345, -0.25580037331720185, 0.08577709002543023, 0.08577709002543023, -0.13251565781196795, 0.16891627584927904, 0.7122477800200202, -0.09309192643149251, -0.459168923562426, -0.0164900255145094, 0.6220198537094839, 0.45852801627557427, 0.009353039501498791]], "inverted": false, "swapped": false, "error_lsq": 0.04765696644214255, "error_max": 0.3281452981296474, "target": "202.xyz", "model": "19.xyz", "model_rescale": 4.410303926677745, "target_rescale": 4.040429174941134},
{"mapping": [1, 0, 11, 12, 7, 3, 10, 6, 5, 13, 9, 14, 8, 15], "R": [[0.9644429508878721, 0.18419542820508167, 0.1895305746074762], [0.20150821843977496, -0.9765045903936679, -0.076375538239169], [0.17100945115379274, 0.11185181790405303, -0.9788998612971794]], "T": [-0.06914066116451545, -0.03465071871028084, 0.014540781020240888], "aligned_model": [[-0.11270492856260703, 0.41572553994163164, 0.31698515246049186, -0.7063471522659518, 0.2418346918281618, -0.4455060170730254, -0.4925668993700955, 0.5130746324460739, 0.25527333278695385, 0.19827093166636728, -0.40529176442693987, -0.009749226855584728, 0.5264145816774085, -0.034224984792011554], [-0.17775080851656916, -0.5149619878656282, 0.21890384976610375, -0.188874807752581, 0.6259998691390269, -0.7113457364820917, 0.4851909515514367, -0.272685241006498, -0.6356933362931705, 0.02832517523792321, -0.03469262042641089, 0.672853266452225, 0.284503009838396, 0.03117688253904006], [-0.5590624693956694, -0.5560475498755172, -0.4915442230897455, -0.1979075714507468, -0.14232458599891082, 0.28815835500414183, -0.02504584873376204, 0.09261745964012352, 0.4734602049528887, 0.7633433127289864, 0.535324807705328, 0.46816223553440917, 0.26754580979145176, 0.00013510191204345323]], "inverted": true, "swapped": true, "error_lsq": 0.03818057150656852, "error_max": 0.23738721047146982, "target": "202.xyz", "model": "20.xyz", "model_rescale": 4.121658175737393, "target_rescale": 4.040429174941134},
{"mapping": [2, 1, 0, 11, 6, 10, 3, 7, 9, 13, 5, 8, 15], "R": [[0.8600430667588214, -0.06618951624872277, 0.5059099438228529], [0.07432373896773725, 0.9972256558848872, 0.004119838687675433], [-0.5047790656771909, 0.03405787990637232, 0.862576463665886]], "T": [-0.06713077478990859, -0.04057629297220457, 0.05837084924880244], "aligned_model": [[0.25572006455678353, 0.06852041272789161, 0.4827813935122728, 0.5159411787357913, 0.38932095760101776, -0.3361045210717456, -0.642965368596667, 0.40428209407186144, -0.5592691282777313, -0.07663764767812209, -0.05385335541406758, 0.45035250491828416, -0.01700568042127428], [-0.7385680357831115, 0.016559125212292247, 0.4757075081894032, -0.24570508796576168, 0.34624906632997166, -0.6523918128261325, 0.544953755579018, -0.6134312061039768, -0.06403199247311088, 0.05753794302054921, 0.6741717642010965, -0.16372207783544235, -0.09650204538161211], [0.628494209692729, 0.6325924696168368, 0.5299775025293191, 0.35409769788456613, -0.15079178379359842, 0.12490757650288048, 0.06001030561455108, -0.02752890824162875, -0.3177451429900952, -0.7331235416067473, -0.3491369791260878, -0.42907439403439623, 0.04743072743345996]], "inverted": true, "swapped": true, "error_lsq": 0.0479829356958888, "error_max": 0.2684335554569567, "target": "202.xyz", "model": "21.xyz", "model_rescale": 4.08911054899281, "target_rescale": 4.040429174941134},
{"mapping": [3, 12, 10, 15, 14, 2, 4, 6, 0, 11, 5, 7, 9, 1, 8, 16], "R": [[0.10442641661009561, 0.8220927035044918, 0.5596951941536131], [-0.285081750718273, 0.5638993180233085, -0.7750780312589516], [-0.9527977324287561, -0.07862026442033582, 0.2932496122778295]], "T": [-0.08103245281180847, 0.00579254979576649, -0.020988420381439322], "aligned_model": [[-0.18726097807380976, 0.1592391925088253, 0.17819335312095314, 0.2695313739566485, 0.28261315537339887, -0.32402424546140224, -0.6279656183810166, -0.4387991929592597, -0.8418968709274687, 0.3058529010102992, 0.41055329145022174, -0.3961262838059586, 0.5794305065409616, -0.38725975104521293, -0.11075109101306999, -0.12359695969279602], [-0.7333279996971716, -0.055874470096355364, 0.624087310554102, -0.4862745960224476, -0.4514239713114688, -0.5946346799868852, -0.414428768983096, 0.6589230582471044, 0.14841285617100397, 0.1084731070655221, 0.5044075255386397, 0.3649234296127097, 0.11311414927417215, -0.06786968865361391, 0.4703452163367966, -0.0002120967926934319], [-0.46449167519745, -0.7162841999937029, -0.47004184657061765, 0.38703357076848044, -0.2865774081449973, 0.29790961945844485, -0.12380058654847274, 0.010438114994446728, 0.0077201782298762615, 0.6314450677345237, 0.06535748833140981, -0.5478062986285352, -0.26556635309593524, 0.707569811820583, 0.4928886472263245, -0.04142998112752832]], "inverted": false, "swapped": false, "error_lsq": 0.04911133041404882, "error_max": 0.3376326284907874, "target": "202.xyz", "model": "22.xyz", "model_rescale": 4.204369325754507, "target_rescale": 4.040429174941134},
{"mapping": [2, 1, 3, 8, 6, 5, 5, 14, 11, 7, 12, 10, 0, 9, 13, 15], "R": [[-0.8705152695693541, -0.4078653004445856, -0.2754070844038744], [-0.22984511949664022, -0.15789293799736992, 0.9603338175728968], [-0.4351716747332828, 0.899286226306067, 0.043702364764658996]], "T": [0.04175100514428058, 0.15356364605526787, 0.03569739320420383], "aligned_model": [[-0.33347292183212024, 0.3654623666423294, 0.03294024762505153, 0.2657846001103262, 0.2032080672836029, -0.34235532601470575, -0.34235532601470575, -0.39614424936886866, -0.6661316449499304, 0.17438470967735625, 0.30478343572168964, -0.5658617837225755, 0.6509964088527205, -0.3619708487924589, -0.25847812789727054, 0.01694317528087345], [-0.38231223945571, 0.019723697617025998, 0.5488891063457043, -0.5273100462058872, -0.5151994845003804, -0.5821108696707731, -0.5821108696707731, 0.7697544262677606, 0.17274918493773936, 0.011038478233775156, 0.616560745205692, 0.21535413303989331, -0.16071452586185533, -0.13321934492824813, 0.5806544762520331, 0.1368935136503211], [-0.5364645794619989, -0.5236032831931763, -0.7186690601008573, 0.27754883324376345, -0.25580037331720185, 0.08577709002543023, 0.08577709002543023, -0.13251565781196795, 0.16891627584927904, 0.7122477800200202, -0.09309192643149251, -0.459168923562426, -0.0164900255145094, 0.6220198537094839, 0.45852801627557427, 0.009353039501498791]], "inverted": false, "swapped": false, "error_lsq": 0.04765696644214255, "error_max": 0.3281452981296474, "target": "202.xyz", "model": "23.xyz", "model_rescale": 4.410303926677745, "target_rescale": 4.040429174941134},
{"mapping": [1, 10, 9, 2, 3, 0, 7, 14, 13, 5, 15, 11, 4, 12, 6, 16], "R": [[-0.39148459154946097, -0.8742317130317911, 0.2871562754126258], [0.07001258226376211, 0.2828604157881822, 0.9566024375386553], [-0.9175173311192066, 0.3945996668899212, -0.04952827461411924]], "T": [-0.09330382335025642, 0.0897034691313441, -0.08100762982555411], "aligned_model": [[-0.32248100724706474, 0.24305919127534267, 0.11539483099849432, 0.39479750418183435, 0.3300867649657273, -0.1790161831966134, -0.6661651084094019, -0.3800310308205238, -0.6821319432029476, 0.23549097458616833, 0.19533730220978043, -0.42087667956674113, 0.5578193719853843, -0.3414751582853506, -0.2740868696749852, -0.05798917719778969], [-0.5721135827405721, 0.0011082213644348082, 0.538993939032977, -0.5718230566244628, -0.6898605372253214, -0.5662230708649315, -0.24685514049187518, 0.7001497431094617, 0.3023268500464936, 0.10824330939106286, 0.7172832701814932, 0.22424236835396433, -0.12342036061885646, -0.13692736601788785, 0.5258391904000536, -0.02232339603971538], [-0.576801294370626, -0.6312755198034392, -0.4644172397168227, 0.31526714979238, -0.2302435315136243, 0.28340913239079957, -0.10312429890495754, -0.13839094706297836, 0.23877255559576466, 0.45485829426462565, 0.09828008526959535, -0.6057140192252857, -0.013916716285322317, 0.6492151360889253, 0.514812152117586, -0.10636678937977018]], "inverted": false, "swapped": false, "error_lsq": 0.042311080758457714, "error_max": 0.3495065362091802, "target": "202.xyz", "model": "24.xyz", "model_rescale": 4.28219845311461, "target_rescale": 4.040429174941134},
{"mapping": [12, 9, 7, 5, 11, 10, 14, 4, 2, 8, 3, 13, 5, 6, 0, 15], "R": [[0.3392592244291116, 0.9406534350853776, 0.008619379434607055], [-0.4666785631959466, 0.16034398942815373, 0.8697706155692038], [0.8167706515865547, -0.2991001840794222, 0.4933809710462405]], "T": [-0.10008406535241038, 0.07222226388869774, -0.06934915665678143], "aligned_model": [[-0.30436004517187987, 0.3490023212647632, -0.012936733075787257, 0.6573095539732685, 0.01034066511351818, -0.17007735976754462, -0.6470614475584715, -0.19358344401684321, -0.7569759596304986, 0.16509708345930568, 0.4687591971022557, -0.4748032970962675, 0.6573095539732685, -0.48612434988819175, -0.38619859127266204, -0.12796436480691958], [-0.42204244354258347, -0.016648507475834073, 0.5374005821123207, -0.2510364102041121, -0.4474960295923543, -0.610576135654608, -0.45451054810338704, 0.7969313302561916, 0.2158148739971285, -0.20674028567566965, 0.5957963910237545, 0.15768790848996722, -0.2510364102041121, -0.11059440935511902, 0.5374435874843786, 0.11824688770035721], [-0.6156033312767014, -0.5666388983879713, -0.6870549769967996, 0.1477669780330409, -0.1884136163887462, 0.3288870837155573, -0.010079324359524244, -0.042831080937896615, 0.059702096502236124, 0.508409366589973, -0.11764844251609835, -0.5223365492972253, 0.1477669780330409, 0.7242175372389608, 0.536672105482691, -0.01845177617768653]], "inverted": true, "swapped": false, "error_lsq": 0.05409194763948462, "error_max": 0.4462282804609748, "target": "202.xyz", "model": "25.xyz", "model_rescale": 4.100010024507729, "target_rescale": 4.040429174941134},
{"mapping": [4, 1, 10, 2, 13, 14, 9, 7, 11, 8, 6, 15], "R": [[0.029267285765958218, 0.949575153040269, -0.31217055388432113], [-0.5675387855826692, 0.2728686272190029, 0.7768155760146458], [0.8228263199747823, 0.15443361359550872, 0.5469068532653347]], "T": [-0.16917473665898922, -0.06714890149280328, 0.07149506921642335], "aligned_model": [[-0.5878775793446419, -0.052260669591274955, 0.37485562581187004, 0.6990581659541087, -0.46325226827858856, 0.26820748745178546, -0.3378802784166712, 0.4443864831505876, 0.21374336023073134, -0.07391997416463005, -0.49917945903504546, -0.10911529140522438], [-0.3489443738649942, -0.6197222201772268, -0.019219617689540003, -0.4185355029815059, 0.673357045370962, 0.6401647682769648, 0.24589104351339708, 0.2027160492645867, -0.2389650199485216, 0.4909168299117216, 0.09634425331401425, -0.037871864939218534], [-0.043789520838713764, -0.10847714637244549, 0.46242471897534515, -0.1264060847397898, 0.10823064799604981, 0.2066461627169376, 0.5791938001990746, -0.2578788074998476, -0.47013030596552796, -0.37576980081097217, -0.44435173091320956, 0.03550035710745565]], "inverted": false, "swapped": true, "error_lsq": 0.04786321277736257, "error_max": 0.23044168960512929, "target": "202.xyz", "model": "26.xyz", "model_rescale": 3.6694154284099745, "target_rescale": 4.040429174941134},
