[{"mapping": [6, 5, 7, 1, 2, 8, 0, 9, 10, 3, 4, 11], "R": [[-0.46947386050508527, -0.7315228390238517, -0.49443769100760876], [0.8574478564640939, -0.24412184858575675, -0.4529764855797739], [0.21065960160311242, -0.6366151577126927, 0.7418515169647233]], "T": [0.07720256629012118, 0.05699096062199637, 0.010734524057459345], "aligned_model": [[0.36637434712565037, -0.6195859902680134, -0.15003418940705937, -0.33370764787285634, -0.23582470769234892, 0.475928803414763, -0.50156590698251, 0.6436747162467555, 0.11452893624165342, 0.4935004530793819, -0.013708282985843673, 0.008245338436665542], [-0.1081282906617039, 0.4472252210181916, 0.4808799426723357, -0.3014035851017222, -0.6728706524954499, -0.4367961283797931, -0.021937510251649785, 0.23256644746296512, 0.7342704913278584, 0.30999930700416545, -0.053633730004846676, 0.06430510537099894], [-0.6329034187946346, -0.21485196045031063, -0.8049154606924694, -0.4415780946157101, 0.14514507805946314, -0.006446548515945821, 0.21466771123580167, -0.12207728329425999, -0.030015020209357694, 0.4972685525720961, 0.8056218506963826, 0.015598668531010926]], "inverted": true, "swapped": false, "error_lsq": 0.04933271360910579, "error_max": 0.2732586662700392, "target": "203.xyz", "model": "0.xyz", "model_rescale": 3.751011558992144, "target_rescale": 3.8354159819788394},
{"mapping": [1, 2, 0, 8, 10, 6, 5, 7, 3, 11, 9, 14], "R": [[0.9452105909365658, -0.32643025360352096, 0.004497589764500487], [0.27503944331351426, 0.7888305539833402, -0.5496359356193234], [0.1758699616283035, 0.5207587220917935, 0.8353921893112131]], "T": [-0.010259170969877617, 0.02355512420353851, -0.02874715671968967], "aligned_model": [[0.3048677177900459, -0.6491457712670872, 0.06638607355250567, -0.49691841703771356, -0.026897780169371402, 0.682344063179065, -0.5848813804594976, 0.5673415394957492, -0.002751330864248944, 0.5512375438966276, -0.17242028297219444, 0.008663894192357833], [-0.1258031059104066, 0.47829886041939734, 0.45995509906773585, -0.24613253296630572, -0.6598201051417564, -0.2624792538784384, -0.006924892339157475, 0.2902148891479825, 0.7820786478110255, -0.08808414503708337, 0.00833826777088715, 0.044834889017469216], [-0.6321315387793821, -0.2909877872886835, -0.6445272204844379, -0.39047854591172415, 0.4242155357065554, -0.0757667257502814, 0.2140826848328772, -0.2156883582420442, -0.1181428276652424, 0.5271207247811384, 0.6097368621631436, 0.018081271160147152]], "inverted": false, "swapped": false, "error_lsq": 0.051705453414617096, "error_max": 0.3218976328346155, "target": "203.xyz", "model": "1.xyz", "model_rescale": 3.9405287249114394, "target_rescale": 3.8354159819788394},
{"mapping": [7, 0, 1, 6, 11, 3, 5, 4, 2, 8, 9, 12], "R": [[-0.7413877856863929, 0.6006963356643106, 0.2991789824745342], [0.16870949863371387, -0.2646626936771126, 0.9494686743891745], [0.6495238689269153, 0.7543988142190079, 0.0948745107980356]], "T": [0.0536942141953822, 0.02292737207074897, -0.06312118635649624], "aligned_model": [[0.362572905929597, -0.6979671318169572, 0.04802176598131869, -0.2238150054795164, -0.4062922706195803, 0.4555737374587817, -0.5269811156756048, 0.6872055136951489, -0.1956083468750408, 0.6010038838033597, 0.08599723601733486, 0.05811469691739678], [-0.2493682789560005, 0.17969876789984418, 0.6134300894467595, -0.3268763362338919, -0.4134165088985627, -0.3744432985744379, 0.23093260835973098, 0.2962019555760674, 0.6330543892286639, 0.0746410498499114, -0.09759694507692687, 0.10821912534019171], [-0.7408813839047292, -0.39980789330613853, -0.5908528382981554, -0.3729303083028559, 0.26188764485489746, -0.14908092961733038, 0.32110044673088534, -0.18834162118612852, 0.10939804010630805, 0.48320068872624466, 0.7336294087780892, -0.04180718005902051]], "inverted": true, "swapped": false, "error_lsq": 0.06793497343775247, "error_max": 0.40374565522475303, "target": "203.xyz", "model": "2.xyz", "model_rescale": 3.932901565614263, "target_rescale": 3.8354159819788394},
{"mapping": [12, 8, 9, 10, 1, 6, 3, 5, 7, 4, 0, 13], "R": [[-0.06165728808924065, -0.9952986380498637, -0.0746927032685745], [-0.9237647427677634, 0.02856647120173622, 0.38189351492567764], [-0.3779643883287006, 0.09254500429070883, -0.921183121499816]], "T": [-0.10295039028080422, 0.026366379787954496, -0.005495218340647923], "aligned_model": [[0.27221046356069556, -0.6325674624492987, 0.019742314114940582, -0.08700487827036513, -0.24018392599587657, 0.45671264998607664, -0.5318626954646939, 0.523353856126111, 0.052894778586077745, 0.5573624473005503, -0.11380868708196815, -0.029022991076011515], [-0.10922172400004854, 0.4576421778439748, 0.5146024277963538, -0.5363558497043963, -0.6233264007504408, -0.3396715230658992, 0.150429796636346, 0.24763441753375676, 0.7146958790818182, 0.22479085559445422, -0.024265945666957035, -0.002477493337612137], [-0.6566480498753238, -0.2743700375609007, -0.5406260444963125, -0.4484792737908589, 0.3228869804819773, -0.14508675001554291, 0.2421496506612419, -0.2804190842734831, 0.10247390266093528, 0.5310130187479836, 0.6625383093752991, -0.08991854739294906]], "inverted": false, "swapped": false, "error_lsq": 0.05401058973543945, "error_max": 0.4249674430742744, "target": "203.xyz", "model": "3.xyz", "model_rescale": 3.9243930471874484, "target_rescale": 3.8354159819788394},
{"mapping": [7, 0, 2, 1, 9, 8, 5, 4, 3, 10, 11, 12], "R": [[-0.727785643201934, -0.5306659615490916, -0.4344211030812448], [-0.508366374445786, 0.8426206086098923, -0.17763484815413275], [0.46031694177163907, 0.09156498893721812, -0.883019912526854]], "T": [0.059740991800354415, 0.03881238958992542, 0.08407096127965813], "aligned_model": [[0.2322064890854756, -0.5204806896658616, 0.029608035040917052, -0.38385982234524374, 0.031026861590705484, 0.5522040973366801, -0.6875833663773763, 0.4900210619600939, 0.07476042334221933, 0.5849271565308449, -0.09977517328928537, -0.05522920387293172], [-0.1282485583880875, 0.4238133158801828, 0.5110992410772439, -0.29953695112650447, -0.6392450955851418, -0.34556764306054333, 0.14709772459174597, 0.25072171445304314, 0.7085319415100974, 0.20284146741421663, -0.21648442155712286, 0.05945388275221966], [-0.6809552152784124, -0.4042316502971721, -0.7079212262719032, -0.3619092415417278, 0.27668699721966394, 0.006170710308498362, 0.14241211033133175, -0.2656729002811473, 0.019236488838854454, 0.5249810127898307, 0.815857960809413, 0.060859027894836853]], "inverted": true, "swapped": false, "error_lsq": 0.0448854093566724, "error_max": 0.2826428745263177, "target": "203.xyz", "model": "4.xyz", "model_rescale": 3.8936222436046832, "target_rescale": 3.8354159819788394},
{"mapping": [10, 5, 4, 7, 8, 3, 6, 2, 1, 0, 9, 11], "R": [[-0.23325841500059585, -0.05965888321267876, 0.9705829843373655], [0.8897608477699741, 0.389596442829187, 0.23778192847754775], [-0.39232148246950144, 0.9190513747275832, -0.03779451023988348]], "T": [0.010407865671950995, -0.03419056104465794, -0.04023833694943469], "aligned_model": [[0.24310905538515135, -0.5267633680401228, 0.06396471391041146, -0.47828659792273936, 0.03821796135927487, 0.5091144422455388, -0.7281630255966504, 0.6190682572054264, 0.015538797767671126, 0.6213939442069142, -0.07001864706862328, -0.0593496641160145], [-0.3077093776194852, 0.49370214598472667, 0.40249707050188627, -0.3128066725760531, -0.7523679547051125, -0.26254984832734507, 0.14738933041993368, 0.31082109331826074, 0.7102552732225151, 0.2783821210703408, -0.13803139614019172, 0.10489483281187355], [-0.560339300965684, -0.3401503450189691, -0.7013436049422734, -0.36163888305207986, 0.13096521483545792, 0.13130121742559636, 0.19672243975026898, -0.30034975741420655, 0.2578939164870738, 0.5180739763743225, 0.5637356698060797, -0.10935646876352026]], "inverted": true, "swapped": false, "error_lsq": 0.053594900021455776, "error_max": 0.2912340596019612, "target": "203.xyz", "model": "5.xyz", "model_rescale": 3.6523030999806103, "target_rescale": 3.8354159819788394},
{"mapping": [3, 11, 4, 7, 5, 1, 9, 2, 10, 6, 8, 12], "R": [[-0.12382509537593474, 0.47286288625234846, 0.8723921346276794], [0.25722682668765723, 0.8644022908580171, -0.4320220355394039], [-0.9583849463484589, 0.17090749066237726, -0.22866771579772863]], "T": [0.043591665137702365, 0.015770790710955274, -0.005442339037954727], "aligned_model": [[0.10427450246481497, -0.5904014510666913, 0.11735140565544949, -0.4673003069741872, -0.05793423543034175, 0.6612900225438436, -0.5638481338558625, 0.6783229278505722, -0.007294417635705139, 0.41528031931739007, -0.06206781757075082, 0.02015305403770612], [-0.23833115006595845, 0.36901726279703706, 0.4118540686874865, -0.27717732737291845, -0.6383023707587896, -0.3010734741040666, 0.2517387953934419, 0.30970284514394714, 0.7731852428305073, 0.2669048478475747, -0.182703102677713, -0.07033901975919928], [-0.6491740377256274, -0.5032763090572352, -0.41386508511490616, -0.3518364103496976, 0.15513263082212336, -0.026258609237626393, 0.30760536746293143, -0.30028434032142914, 0.17457709315593334, 0.4650931981665195, 0.62949646905572, -0.06169589233463966]], "inverted": false, "swapped": false, "error_lsq": 0.05690026943641547, "error_max": 0.2985027970864681, "target": "203.xyz", "model": "6.xyz", "model_rescale": 4.08911054899281, "target_rescale": 3.8354159819788394},
{"mapping": [8, 0, 9, 3, 5, 10, 6, 11, 1, 13, 7, 14], "R": [[-0.014467616319649768, 0.2699823218691247, 0.9627565808428337], [0.5363851773310218, -0.8104959858818913, 0.2353448499732032], [0.8438492931901974, 0.5198132383342093, -0.13308857063965585]], "T": [0.06643192214231859, -0.0033734681060222788, 0.02639064316971431], "aligned_model": [[0.13784459448961306, -0.6918614059855751, 0.09934747757316466, -0.5503796483682557, 0.1125768872079528, 0.6121329451781239, -0.4234247474114391, 0.6016548591084616, 0.05135867721681088, 0.39422711202299626, -0.20571785805152482, 0.11006697635590973], [-0.27520483843631893, 0.5033536253378551, 0.40007937619737965, -0.05044941023571027, -0.7018359863347448, -0.4265324387545147, -0.002660238995106576, 0.19524881802081306, 0.7274993586960655, 0.3638252402562569, -0.1624441698265467, 0.1035972820359209], [-0.595024604162981, -0.20355514259408544, -0.6449510556260363, -0.4673489424649139, 0.3272593560861805, -0.1795748333533358, 0.12221809775038961, -0.11005223189616198, -0.03313890567064007, 0.5682485068385805, 0.7334408348336677, -0.09200700521859803]], "inverted": false, "swapped": false, "error_lsq": 0.055751431693451724, "error_max": 0.29695157340924344, "target": "203.xyz", "model": "7.xyz", "model_rescale": 3.964800864290218, "target_rescale": 3.8354159819788394},
{"mapping": [4, 0, 2, 6, 10, 9, 3, 12, 1, 8, 5, 13], "R": [[-0.7932921971437807, -0.052599615958351026, -0.6065647289051902], [-0.5488373646209458, 0.49305360008697297, 0.6750375505386425], [0.26356220735668434, 0.8684074089056987, -0.42000420832530105]], "T": [0.019863480613906984, 0.07219915121084362, -0.11536331764740523], "aligned_model": [[0.10268333022285402, -0.5785137972629102, -0.011526078320750352, -0.3082815617022773, 0.03013410446270505, 0.5476617684725261, -0.6725907672965459, 0.737852924302254, -0.011515663276101692, 0.49359690003167034, -0.14013739004674824, 0.05846209974956208], [-0.07457083902575128, 0.43724095716145966, 0.5266719096522037, -0.27022398685160215, -0.5532118805307825, -0.30578195867820257, -0.06733433431755399, 0.026607148086270252, 0.7683947918132121, 0.15166273537440256, -0.02191124586811323, 0.05693332114580688], [-0.798512523524528, -0.2631756505286178, -0.5960689814154545, -0.44938883897970605, 0.4174495657074013, 0.11358203541565468, 0.048954108907030836, -0.3457704904779322, 0.16292946074862594, 0.4849030961439339, 0.6998750999445614, -0.0492628074189036]], "inverted": true, "swapped": false, "error_lsq": 0.04391186992796498, "error_max": 0.20733202323634758, "target": "203.xyz", "model": "8.xyz", "model_rescale": 4.121658175737393, "target_rescale": 3.8354159819788394},
{"mapping": [6, 7, 9, 8, 2, 1, 11, 4, 5, 0, 3, 12], "R": [[-0.7306476806617443, -0.40101199164436785, -0.5525788172749939], [-0.6378887587531952, 0.11239481544696983, 0.761882757986391], [-0.24341712799209875, 0.9091516859237841, -0.3379220528199056]], "T": [-0.058011079282031947, 0.09945322016699513, -0.006140347558991281], "aligned_model": [[0.05494816067134323, -0.5416872044903058, 0.12086396716906528, -0.4763912950149847, 0.05519931592393226, 0.5350507547983518, -0.6576642801328973, 0.7564777562715004, 0.09203343277037129, 0.5580785445317276, -0.2686013759854836, 0.019518092823617314], [-0.20161887442817938, 0.43223268177352064, 0.4714653294607485, -0.4103509076744372, -0.5381192772891519, -0.24964560365524507, 0.0891477808501095, 0.363183347158053, 0.6878661953079924, 0.1696675496760584, -0.19810042030657832, 0.05874881708845852], [-0.6199626785792981, -0.3385950755289605, -0.7291898101346006, -0.3153507678982548, 0.24491974039551923, -0.04273799607184597, 0.20204685469729966, -0.24104942485200734, 0.1077662868590828, 0.4779337856921987, 0.6937150299621774, -0.013981870019244492]], "inverted": false, "swapped": false, "error_lsq": 0.04863815751047639, "error_max": 0.23240347459751107, "target": "203.xyz", "model": "9.xyz", "model_rescale": 3.833441315466971, "target_rescale": 3.8354159819788394},
{"mapping": [9, 13, 2, 8, 11, 7, 10, 3, 5, 6, 12, 14], "R": [[0.46806546138708643, -0.6425671619207123, 0.6066483052623287], [0.7267031410356324, 0.6704883599686303, 0.14949215349148853], [-0.5028093760715288, 0.37088111514033456, 0.7807880184575211]], "T": [0.02166057854390215, 0.13064956721201118, 0.12388108395511674], "aligned_model": [[0.15755447217596538, -0.47249343723274423, 0.027932384461477017, -0.33519071800772804, -0.029965264506577553, 0.4296670791136956, -0.7117492465431059, 0.6999888280799265, 0.007176373232110393, 0.464032621129356, -0.05638427213310453, 0.06725704956696683], [-0.14079209107842808, 0.6070418913438015, 0.4101446057651986, -0.35338356772029167, -0.5426588525928594, -0.3689470974579886, -0.23974548051222486, 0.18077439379555243, 0.7922299014364488, 0.27666034165746173, -0.05974706331221136, 0.1128996366368902], [-0.6282907064962193, -0.2817649484608066, -0.5383072901517679, -0.3720306408647025, 0.22046071531062644, -0.04299565176685016, 0.14979788559180443, -0.4161931122336988, -0.015893272172815415, 0.6180646507898799, 0.6901656252226666, 0.04250081975394979]], "inverted": true, "swapped": false, "error_lsq": 0.047141970909460235, "error_max": 0.24900770639370043, "target": "203.xyz", "model": "10.xyz", "model_rescale": 4.2482417240324, "target_rescale": 3.8354159819788394},
{"mapping": [9, 0, 4, 10, 8, 7, 1, 5, 6, 2, 3, 11], "R": [[0.6552926717739767, 0.7184157668042612, 0.23338873221809409], [-0.4233108888006295, 0.09336045997857931, 0.9011613151569532], [0.6256192178491201, -0.6893203975798438, 0.36529164203170805]], "T": [-0.0040416338439862, 0.07932930920839643, 0.01005178825175828], "aligned_model": [[0.2566476766956484, -0.6821834872002844, 0.15159937281509778, -0.33554136666723544, -0.27787346924272843, 0.526528667714071, -0.5449406611951529, 0.6331079486689222, 0.08498066108713644, 0.25806290960584316, 0.13392088258791662, 0.04351673446700384], [-0.378866689408775, 0.32853033770673995, 0.5118065882381919, -0.2196946794796255, -0.45960032899907155, -0.34048822841857984, 0.15245217941643804, 0.336396564850355, 0.7203350246480454, 0.37112725807982216, -0.41981445880113677, 0.07229305012894563], [-0.6235162131186464, -0.21768040107532183, -0.7346487290042575, -0.4543779091855531, 0.11695735376889149, 0.03841791066506533, 0.4586360521546525, -0.2934988762210258, -0.030799673434163573, 0.6376762394342012, 0.6344662894997415, -0.10611796896151762]], "inverted": false, "swapped": false, "error_lsq": 0.06697083272906261, "error_max": 0.3979860519691839, "target": "203.xyz", "model": "11.xyz", "model_rescale": 3.6694154284099745, "target_rescale": 3.8354159819788394},
{"mapping": [7, 12, 5, 10, 8, 11, 2, 6, 0, 4, 3, 13], "R": [[0.6321692972688946, -0.7394264032715931, 0.23153957272005982], [-0.31916653981849685, -0.520800173359201, -0.7917701050742663], [0.7060415706251584, 0.42663306666720285, -0.5652340461926353]], "T": [0.013851681009231858, 0.049613105317845796, -0.09463250337483675], "aligned_model": [[0.08893811319792501, -0.5384781452771658, 0.1495584151468895, -0.4340914221678583, -0.08634133336510313, 0.5927400641705859, -0.5247560955515662, 0.528201173892354, 0.15292504832175313, 0.3815074682238652, -0.08359730572887245, 0.02121988847343092], [-0.1605709806445269, 0.37305527191679744, 0.5560984136306968, -0.27175413797024517, -0.5835947372323103, -0.3812144952993439, -0.11045208451522809, 0.23479448139276635, 0.7338891916424334, 0.2234940287308597, -0.09364165824160625, 0.15437332455105632], [-0.8033990348778974, -0.3228548250848375, -0.7026021631849373, -0.410225371744726, 0.30737127684949284, 0.061266397501158254, 0.23792481713435404, -0.23957142354310662, 0.0575604682569722, 0.5236500342654546, 0.748712425052769, -0.03231852610263007]], "inverted": false, "swapped": false, "error_lsq": 0.03887385645348311, "error_max": 0.18533551790304842, "target": "203.xyz", "model": "12.xyz", "model_rescale": 3.9764082729961374, "target_rescale": 3.8354159819788394},
{"mapping": [7, 5, 0, 4, 14, 8, 6, 2, 9, 10, 13, 15], "R": [[-0.9013340272988878, -0.42513887225915126, 0.08278834777542812], [0.3178474486083608, -0.7790918479698293, -0.5403599650604327], [0.2942277530185139, -0.4607307583840845, 0.837351298818186]], "T": [0.045144893128923086, 0.07337342460094785, 0.05608796479146378], "aligned_model": [[0.22243874669216454, -0.6167764348944628, 0.05625698935351357, -0.38612517596856877, -0.18259674252556837, 0.6948476362711432, -0.6494702428153413, 0.6753760035452898, -0.02257408189352489, 0.6354238885013478, -0.1946904850798156, 0.015715768150060653], [-0.1600093847400979, 0.5308203520766954, 0.4012752408403902, -0.07120709226383305, -0.6227881297740696, -0.20504716446251525, -0.21520168282201813, 0.26534475943200975, 0.6499550331059861, 0.14704212863953858, -0.03307783635019744, -0.012629605720539186], [-0.6404269687998895, -0.1793400919168941, -0.5915730991352105, -0.4997594274152331, 0.37593304787801957, 0.06068772430447692, 0.1898527807640746, -0.39359555500068216, -0.10033107392593157, 0.5967269650732239, 0.6089239862194108, -0.0015842135232989052]], "inverted": false, "swapped": false, "error_lsq": 0.051019439219964824, "error_max": 0.24474927223852627, "target": "203.xyz", "model": "13.xyz", "model_rescale": 4.170626492500431, "target_rescale": 3.8354159819788394},
{"mapping": [12, 6, 4, 11, 9, 10, 3, 8, 2, 0, 1, 13], "R": [[-0.9988032782818299, 0.04678955578774765, 0.01423898741675567], [0.0009055926349330716, -0.27339426839707826, 0.9619016342171405], [0.04889980772404766, 0.9607634003628631, 0.2730247192613511]], "T": [0.059470288666191126, 0.10038240382812504, -0.033949594924144774], "aligned_model": [[0.2792743410574927, -0.6645773495781931, 0.3228681639650767, -0.43882875219921186, -0.09747569959680284, 0.32415424734350584, -0.5413919449925924, 0.752802006964129, -0.10610758562225096, 0.3392117447591926, 0.09407676616051208, -0.016180068924619664], [-0.10563729519448171, 0.32322669282474736, 0.5937605180446077, -0.35218905475750534, -0.639107127440504, -0.38395007671168657, 0.10181273603449716, 0.1056346141829074, 0.7183996311515274, 0.3793469412765662, -0.13554731370300466, 0.06872635225367835], [-0.7009939587809793, -0.39944201269010376, -0.4701407528964728, -0.24967347370774118, 0.25730566833496543, -0.150965642062508, 0.30433450866666867, -0.3000695594013358, 0.1195783879127277, 0.4130201032848355, 0.6967719867993337, -0.09421118093732424]], "inverted": true, "swapped": false, "error_lsq": 0.056469562227854014, "error_max": 0.3401956692117034, "target": "203.xyz", "model": "14.xyz", "model_rescale": 3.9786697098870705, "target_rescale": 3.8354159819788394},
{"mapping": [5, 3, 2, 8, 7, 10, 9, 4, 0, 1, 6, 11], "R": [[-0.5437300123571306, 0.7040841493031653, -0.4567528701192284], [0.028511893022090173, -0.5284218310295735, -0.8485030585965203], [-0.8387757421494804, -0.47437946750612103, 0.2672440367720063]], "T": [0.028749742865287795, 0.03166084286892111, -0.005935550931629847], "aligned_model": [[0.16866174888975688, -0.7006665963662945, 0.0014291985124537526, -0.27354217190512425, 0.03403893611894236, 0.7538897753081484, -0.5366500376928603, 0.5400996400864326, 0.01833123415779979, 0.4282610608962575, -0.16714393131666583, -0.018882987352608585], [-0.35659453063078833, 0.5113557259014391, 0.49663678872221356, -0.10229508357438054, -0.6225105152413423, -0.33162315426942246, 0.1486368473245882, 0.17202531039062763, 0.7248609829283458, 0.19503690196219264, -0.18902302359818768, 0.02797036804606398], [-0.6946604475694366, -0.29402209271564644, -0.7386690453899725, -0.40954865039341554, 0.0884459305867035, 0.17985373635060845, 0.22655954702875777, -0.3120953604436229, 0.05037258859232759, 0.5178688606311701, 0.7291018564841681, 0.08230715136042466]], "inverted": false, "swapped": false, "error_lsq": 0.05686009699762019, "error_max": 0.31266028451430294, "target": "203.xyz", "model": "15.xyz", "model_rescale": 3.769337070930944, "target_rescale": 3.8354159819788394},
{"mapping": [8, 9, 1, 6, 2, 7, 0, 5, 3, 4, 11], "R": [[-0.5028875231605885, 0.16177200126287794, 0.8490782994852786], [0.8581045382172346, -0.024452811784688833, 0.5128924463148287], [0.10373398932074018, 0.9865251540651289, -0.12652027448744552]], "T": [-0.11301789750295786, 0.014933996218193982, 0.06455595222603824], "aligned_model": [[-0.24368952044462117, -0.42093523493645124, -0.2661002264042893, -0.5906533638201595, 0.43326095363111883, 0.44575303240850106, 0.6491284919180818, 0.1404422296900455, 0.018703216014527138, -0.31583387077051217, 0.07255042340492986], [-0.005738863901247577, -0.7098897589649117, 0.7788115914665992, 0.41227545757598627, 0.2959147013043312, -0.4176752141848945, 0.2283510364103698, -0.42120300687531004, 0.5005989654621107, -0.08010949775596349, 0.014729087088272391], [-0.5876865731245848, -0.12213264106003466, -0.3831566711299865, 0.18424404371472863, -0.4808696324612204, -0.26131749001377813, 0.044994591456582314, 0.32062224795391236, 0.3059511634056842, 0.7686160773584867, -0.04504750887601308]], "inverted": true, "swapped": true, "error_lsq": 0.05442711154774627, "error_max": 0.2946410016421395, "target": "203.xyz", "model": "16.xyz", "model_rescale": 3.7852294659196426, "target_rescale": 3.8354159819788394},
{"mapping": [9, 6, 11, 10, 4, 0, 5, 8, 2, 3, 1, 12], "R": [[0.6755035359210366, -0.5561851381580067, -0.484100263427253], [0.46598371299050734, -0.1868074460478148, 0.8648480544746998], [-0.5714491685056137, -0.809790757043603, 0.1329841254473291]], "T": [0.032405383359335065, 0.1102836533100736, 0.00486121558040406], "aligned_model": [[0.37871821586887033, -0.7657562247597253, 0.004315469154966993, -0.3593237949633603, -0.19935101288659426, 0.4212025366060796, -0.5297521111678243, 0.5761220293111792, 0.1691627973987346, 0.6241100294720215, -0.09576665520919828, 0.024144590511088634], [-0.16292716852931965, 0.19574135181325747, 0.619099881865309, -0.3149224114734304, -0.502819338644567, -0.45058499228261495, -0.03866959793680878, 0.2656319979745231, 0.6658941763714197, 0.07469420549559434, 0.2297596560655404, 0.09357885724244633], [-0.7385666924112902, -0.3733295629868676, -0.5226319850507426, -0.5563901796081445, 0.2735252793197921, 0.00806929241427845, 0.3114568627287494, -0.31831831962775503, 0.22091995157370448, 0.5350634167598002, 0.670857887900793, -0.08514187649025064]], "inverted": false, "swapped": false, "error_lsq": 0.06267717547133074, "error_max": 0.3428214550774381, "target": "203.xyz", "model": "17.xyz", "model_rescale": 3.901054581598922, "target_rescale": 3.8354159819788394},
{"mapping": [1, 2, 0, 8, 10, 6, 5, 7, 3, 11, 9, 14], "R": [[0.9452105909365658, -0.32643025360352096, 0.004497589764500487], [0.27503944331351426, 0.7888305539833402, -0.5496359356193234], [0.1758699616283035, 0.5207587220917935, 0.8353921893112131]], "T": [-0.010259170969877617, 0.02355512420353851, -0.02874715671968967], "aligned_model": [[0.3048677177900459, -0.6491457712670872, 0.06638607355250567, -0.49691841703771356, -0.026897780169371402, 0.682344063179065, -0.5848813804594976, 0.5673415394957492, -0.002751330864248944, 0.5512375438966276, -0.17242028297219444, 0.008663894192357833], [-0.1258031059104066, 0.47829886041939734, 0.45995509906773585, -0.24613253296630572, -0.6598201051417564, -0.2624792538784384, -0.006924892339157475, 0.2902148891479825, 0.7820786478110255, -0.08808414503708337, 0.00833826777088715, 0.044834889017469216], [-0.6321315387793821, -0.2909877872886835, -0.6445272204844379, -0.39047854591172415, 0.4242155357065554, -0.0757667257502814, 0.2140826848328772, -0.2156883582420442, -0.1181428276652424, 0.5271207247811384, 0.6097368621631436, 0.018081271160147152]], "inverted": false, "swapped": false, "error_lsq": 0.051705453414617096, "error_max": 0.3218976328346155, "target": "203.xyz", "model": "18.xyz", "model_rescale": 3.9405287249114394, "target_rescale": 3.8354159819788394},
{"mapping": [4, 13, 7, 12, 3, 1, 14, 8, 9, 2, 10, 15], "R": [[-0.037091188195798264, -0.20484410688047658, -0.9780915783476329], [0.2542572168617523, 0.9446200134949266, -0.20747601735757465], [0.9664251194127458, -0.25638237455251217, 0.01704601381190349]], "T": [0.05418367742117018, 0.06632035344249919, -0.10331783117169357], "aligned_model": [[0.10597863350743535, -0.5343172048705662, 0.09069529800383964, -0.23331093499092032, -0.1453473466642508, 0.4170362757068023, -0.6326376493628708, 0.7012117691521096, 0.03271200917734797, 0.5117098187851564, -0.1310629610024413, 0.06515816189459617], [-0.08806687577684853, 0.3661020106150662, 0.5451529077672921, -0.3605587102233386, -0.6401853411789822, -0.4652607036084302, -0.06651329275540376, 0.3967194515244923, 0.8327087317328334, 0.07296119905595208, 0.013909031295915725, 0.06750820951280087], [-0.8161620600142037, -0.22631179418079544, -0.6181108336713043, -0.2910947601251521, 0.32849887620402424, 0.04255538666290706, 0.22890295323013382, -0.31418091479132937, -0.1379251720240881, 0.6355671478007893, 0.6588112741707839, -0.0650360287396996]], "inverted": false, "swapped": false, "error_lsq": 0.04514536750279808, "error_max": 0.24477861518966257, "target": "203.xyz", "model": "19.xyz", "model_rescale": 4.410303926677745, "target_rescale": 3.8354159819788394},
{"mapping": [4, 0, 2, 6, 10, 9, 3, 12, 1, 8, 5, 13], "R": [[-0.7932921971437807, -0.052599615958351026, -0.6065647289051902], [-0.5488373646209458, 0.49305360008697297, 0.6750375505386425], [0.26356220735668434, 0.8684074089056987, -0.42000420832530105]], "T": [0.019863480613906984, 0.07219915121084362, -0.11536331764740523], "aligned_model": [[0.10268333022285402, -0.5785137972629102, -0.011526078320750352, -0.3082815617022773, 0.03013410446270505, 0.5476617684725261, -0.6725907672965459, 0.737852924302254, -0.011515663276101692, 0.49359690003167034, -0.14013739004674824, 0.05846209974956208], [-0.07457083902575128, 0.43724095716145966, 0.5266719096522037, -0.27022398685160215, -0.5532118805307825, -0.30578195867820257, -0.06733433431755399, 0.026607148086270252, 0.7683947918132121, 0.15166273537440256, -0.02191124586811323, 0.05693332114580688], [-0.798512523524528, -0.2631756505286178, -0.5960689814154545, -0.44938883897970605, 0.4174495657074013, 0.11358203541565468, 0.048954108907030836, -0.3457704904779322, 0.16292946074862594, 0.4849030961439339, 0.6998750999445614, -0.0492628074189036]], "inverted": true, "swapped": false, "error_lsq": 0.04391186992796498, "error_max": 0.20733202323634758, "target": "203.xyz", "model": "20.xyz", "model_rescale": 4.121658175737393, "target_rescale": 3.8354159819788394},
{"mapping": [3, 11, 4, 7, 5, 1, 9, 2, 10, 6, 8, 12], "R": [[-0.12382509537593474, 0.47286288625234846, 0.8723921346276794], [0.25722682668765723, 0.8644022908580171, -0.4320220355394039], [-0.9583849463484589, 0.17090749066237726, -0.22866771579772863]], "T": [0.043591665137702365, 0.015770790710955274, -0.005442339037954727], "aligned_model": [[0.10427450246481497, -0.5904014510666913, 0.11735140565544949, -0.4673003069741872, -0.05793423543034175, 0.6612900225438436, -0.5638481338558625, 0.6783229278505722, -0.007294417635705139, 0.41528031931739007, -0.06206781757075082, 0.02015305403770612], [-0.23833115006595845, 0.36901726279703706, 0.4118540686874865, -0.27717732737291845, -0.6383023707587896, -0.3010734741040666, 0.2517387953934419, 0.30970284514394714, 0.7731852428305073, 0.2669048478475747, -0.182703102677713, -0.07033901975919928], [-0.6491740377256274, -0.5032763090572352, -0.41386508511490616, -0.3518364103496976, 0.15513263082212336, -0.026258609237626393, 0.30760536746293143, -0.30028434032142914, 0.17457709315593334, 0.4650931981665195, 0.62949646905572, -0.06169589233463966]], "inverted": false, "swapped": false, "error_lsq": 0.05690026943641547, "error_max": 0.2985027970864681, "target": "203.xyz", "model": "21.xyz", "model_rescale": 4.08911054899281, "target_rescale": 3.8354159819788394},
{"mapping": [0, 10, 6, 13, 3, 2, 12, 1, 5, 15, 14, 16], "R": [[0.8233804145977819, 0.4264391097688068, -0.37442539779824285], [0.5126822551396946, -0.841860419453508, 0.1686058700711237], [-0.24331378530955022, -0.33078802852756195, -0.9117991456791275]], "T": [0.059338757673276205, 0.14542920373068338, -0.055657104532931934], "aligned_model": [[0.21647717436542682, -0.5991361558732983, -0.023584484062220135, -0.3310278121502782, -0.1093087678982369, 0.5880772407074184, -0.6220751153284676, 0.8266365427843884, -0.11969501243018105, 0.5039695284430223, -0.13431831000997316, 0.051811040788637214], [-0.15072712260683144, 0.5837527161054513, 0.45332557507064575, -0.37432467571134376, -0.6332354110238263, -0.3191601113376865, -0.029408156401282415, 0.19506811218246237, 0.8198763042444275, 0.11851157886463613, -0.09933402118217599, 0.1101318297568728], [-0.7539968116590738, -0.2150895226423447, -0.7293689784427874, -0.17482006856703414, 0.2900570160093078, 0.10511047384128425, 0.1681207701931759, -0.2526049884955097, 0.048251854269057814, 0.5214788734223896, 0.5050660801256355, -0.0866906235320346]], "inverted": true, "swapped": false, "error_lsq": 0.04363320471748277, "error_max": 0.26247604120987106, "target": "203.xyz", "model": "22.xyz", "model_rescale": 4.204369325754507, "target_rescale": 3.8354159819788394},
{"mapping": [4, 13, 7, 12, 3, 1, 14, 8, 9, 2, 10, 15], "R": [[-0.037091188195798264, -0.20484410688047658, -0.9780915783476329], [0.2542572168617523, 0.9446200134949266, -0.20747601735757465], [0.9664251194127458, -0.25638237455251217, 0.01704601381190349]], "T": [0.05418367742117018, 0.06632035344249919, -0.10331783117169357], "aligned_model": [[0.10597863350743535, -0.5343172048705662, 0.09069529800383964, -0.23331093499092032, -0.1453473466642508, 0.4170362757068023, -0.6326376493628708, 0.7012117691521096, 0.03271200917734797, 0.5117098187851564, -0.1310629610024413, 0.06515816189459617], [-0.08806687577684853, 0.3661020106150662, 0.5451529077672921, -0.3605587102233386, -0.6401853411789822, -0.4652607036084302, -0.06651329275540376, 0.3967194515244923, 0.8327087317328334, 0.07296119905595208, 0.013909031295915725, 0.06750820951280087], [-0.8161620600142037, -0.22631179418079544, -0.6181108336713043, -0.2910947601251521, 0.32849887620402424, 0.04255538666290706, 0.22890295323013382, -0.31418091479132937, -0.1379251720240881, 0.6355671478007893, 0.6588112741707839, -0.0650360287396996]], "inverted": false, "swapped": false, "error_lsq": 0.04514536750279808, "error_max": 0.24477861518966257, "target": "203.xyz", "model": "23.xyz", "model_rescale": 4.410303926677745, "target_rescale": 3.8354159819788394},
{"mapping": [3, 8, 2, 10, 11, 7, 9, 0, 5, 13, 14, 16], "R": [[-0.2563912054068323, 0.6126327781802063, -0.7476259953273655], [-0.9570147544483933, -0.05239058898331245, 0.28526827014945644], [0.1355961266338873, 0.7886293839853953, 0.5997310940385725]], "T": [0.027735422366468702, 0.06758056028503119, 0.0578103281113995], "aligned_model": [[0.11229872018754938, -0.7112303671840168, 0.2845627831805011, -0.4241128655558613, -0.10440487454730066, 0.5770865486703478, -0.5565074186602241, 0.6379709383613563, 0.07911788021695502, 0.4557489213707021, -0.1571712982658596, 0.05446690156208901], [0.005486074985660047, 0.26373365720281133, 0.5205638357943969, -0.24439415341758425, -0.5137499424732408, -0.30316576935153566, -0.0650503075432488, 0.20649928592182148, 0.6881836435996364, 0.08205614819081036, -0.008218312179534518, 0.04253245723135712], [-0.8356348622562528, -0.24411713287558254, -0.69168270722948, -0.29188789748810967, 0.2706841759770268, 0.10968899204920216, 0.2408112549848992, -0.3649189159350364, -0.030584747733247118, 0.6152881535484945, 0.7045050208472641, -0.05663725936711183]], "inverted": false, "swapped": false, "error_lsq": 0.04084980508860582, "error_max": 0.23489215285887252, "target": "203.xyz", "model": "24.xyz", "model_rescale": 4.28219845311461, "target_rescale": 3.8354159819788394},
{"mapping": [6, 5, 10, 1, 4, 2, 3, 14, 11, 13, 7, 15], "R": [[0.3191080902275167, 0.8976870591818615, 0.30385518019077484], [-0.176787603696398, -0.258605888011367, 0.9496679092530913], [0.9310833313568837, -0.3567645420487769, 0.07617671301712953]], "T": [0.014049289969665504, 0.09024024675610257, 0.015981718296272034], "aligned_model": [[0.31750416183756075, -0.6565036552635731, 0.20139249268426926, -0.5126141392328267, -0.0883171751423949, 0.5860063549069722, -0.6582647019806093, 0.6647356057514123, 0.06023934203578153, 0.4142037165861025, -0.10207467757248885, 0.021518544726031888], [-0.18377204720670756, 0.5068115426114684, 0.5017029256931564, -0.17030855247099222, -0.5763385307682292, -0.27988908349175456, -0.17648504208610724, 0.3617510359057111, 0.6212372073915036, 0.08745355149202402, -0.039360403473568395, 0.021674014364844923], [-0.787155591544268, -0.30356136803568445, -0.636173023361301, -0.23821771995775265, 0.29854571671139324, -0.05220493103109757, 0.29328455163872125, -0.27217420255971614, -0.09530969257936725, 0.45505474881144753, 0.7744439133808656, -0.011018326951174818]], "inverted": false, "swapped": false, "error_lsq": 0.04263859620142718, "error_max": 0.21376632958783456, "target": "203.xyz", "model": "25.xyz", "model_rescale": 4.100010024507729, "target_rescale": 3.8354159819788394},
{"mapping": [9, 0, 4, 10, 8, 7, 1, 5, 6, 2, 3, 11], "R": [[0.6552926717739767, 0.7184157668042612, 0.23338873221809409], [-0.4233108888006295, 0.09336045997857931, 0.9011613151569532], [0.6256192178491201, -0.6893203975798438, 0.36529164203170805]], "T": [-0.0040416338439862, 0.07932930920839643, 0.01005178825175828], "aligned_model": [[0.2566476766956484, -0.6821834872002844, 0.15159937281509778, -0.33554136666723544, -0.27787346924272843, 0.526528667714071, -0.5449406611951529, 0.6331079486689222, 0.08498066108713644, 0.25806290960584316, 0.13392088258791662, 0.04351673446700384], [-0.378866689408775, 0.32853033770673995, 0.5118065882381919, -0.2196946794796255, -0.45960032899907155, -0.34048822841857984, 0.15245217941643804, 0.336396564850355, 0.7203350246480454, 0.37112725807982216, -0.41981445880113677, 0.07229305012894563], [-0.6235162131186464, -0.21768040107532183, -0.7346487290042575, -0.4543779091855531, 0.11695735376889149, 0.03841791066506533, 0.4586360521546525, -0.2934988762210258, -0.030799673434163573, 0.6376762394342012, 0.6344662894997415, -0.10611796896151762]], "inverted": false, "swapped": false, "error_lsq": 0.06697083272906261, "error_max": 0.3979860519691839, "target": "203.xyz", "model": "26.xyz", "model_rescale": 3.6694154284099745, "target_rescale": 3.8354159819788394},
{"mapping": [4, 1, 5, 0, 11, 10, 6, 8, 7, 9, 12, 13], "R": [[0.04647825835603492, -0.8710594618658406, -0.4889736039851047], [-0.49717366393302537, -0.4447382896912043, 0.7450008064250359], [-0.8664052858746887, 0.2084784583033334, -0.45373848528845817]], "T": [0.04941937050766228, 0.07367414762225578, -0.03120911494328172], "aligned_model": [[0.32183871292341454, -0.6913775151545053, -0.10040136877040114, -0.31785021737231794, 0.13240412844312088, 0.49185828661335806, -0.5945429213749792, 0.6205403166136284, 0.11388863701000802, 0.48110613939137314, -0.23048786001530713, 0.020849531028845618], [-0.36255788634460806, 0.4895501263589961, 0.5710940332009636, -0.06937783318084752, -0.6041079887686743, -0.3337400928729425, 0.0624227443559474, 0.22466567930904635, 0.6928033728994275, 0.1565891960696792, -0.17720764472936812, 0.024342911663729636], [-0.672317440039617, -0.2718619732241275, -0.6279550434875741, -0.5618526146112977, 0.48831025407478656, -0.04354451317659861, 0.20622804382127657, -0.2748884425604441, 0.0618029316032938, 0.4899771893492004, 0.6676779159314136, -0.03606223315824567]], "inverted": true, "swapped": false, "error_lsq": 0.05523370222044521, "error_max": 0.3023651031371609, "target": "203.xyz", "model": "27.xyz", "model_rescale": 4.103607728864725, "target_rescale": 3.8354159819788394},
{"mapping": [4, 12, 2, 13, 11, 7, 10, 1, 0, 5, 6, 14], "R": [[0.036129788887945324, 0.9665743229428082, -0.2538281240969269], [-0.5340550378844827, -0.19600839600853398, -0.8224146917488562], [-0.8446773673214625, 0.1652718576219622, 0.5091221446893364]], "T": [-0.1124525522260269, 0.05318520101194614, 0.06409741481813369], "aligned_model": [[0.152889314927303, -0.6719832272569709, -0.04089316919706376, -0.3470613857669439, -0.20422708297789705, 0.5153221852989343, -0.5191318545197463, 0.6663853933060649, 0.24951584660023818, 0.4629016818602637, -0.009260375254897271, -0.006631457683047098], [-0.10422158673192809, 0.3110152528832136, 0.43353779034856466, -0.34769964314855994, -0.6082854618695608, -0.2869705028604146, 0.14101682565772233, 0.3620512651669726, 0.668531343178134, 0.14967252648516305, -0.18798384081944602, 0.14381264967148855], [-0.7882089173431717, -0.5340185481658113, -0.5616276595695924, -0.3877018435928097, 0.2256375990190368, 0.16545924990387373, 0.35849990649191255, -0.25350932485784156, 0.059653930376104, 0.5054568054782538, 0.640687503812002, -0.004814627029890189]], "inverted": false, "swapped": false, "error_lsq": 0.05146058280403909, "error_max": 0.27745151394121154, "target": "203.xyz", "model": "28.xyz", "model_rescale": 4.137296879288765, "target_rescale": 3.8354159819788394},
{"mapping": [3, 4, 10, 9, 8, 6, 1, 5, 7, 0, 11], "R": [[-0.9337232246887355, -0.060199682989206624, -0.35289791419739], [0.03283140490644572, 0.967206540117251, -0.25186029382633085], [0.3564870804513656, -0.24675394003422868, -0.901126769410856]], "T": [0.03799001311124439, -0.024634254646693846, -0.00948527562315717], "aligned_model": [[0.5201503096175165, 0.055834696080958354, -0.16022575935572964, -0.6443988575969333, -0.0341432911499656, 0.5175513653395489, 0.761726463298705, -0.401778075221516, -0.5121668624465113, 0.12303611960432795, -0.004167097460502846], [-0.19320749941276033, -0.7480971454183877, -0.31512276145416673, 0.04697777354280004, 0.6084910266568433, -0.1288220184325939, 0.5022624408718556, -0.3136356844152235, 0.28516152311035764, 0.07764125055895112, 0.09749891104027618], [0.21545265292485383, -0.15831826096839102, -0.693012193719453, -0.4387315221824116, -0.20150589080330156, -0.4088684677688147, -0.08678466746010179, 0.19814341080472228, 0.445402809247571, 0.770965542553341, 0.1630106091549841]], "inverted": false, "swapped": true, "error_lsq": 0.05093605040700506, "error_max": 0.2567636758122698, "target": "203.xyz", "model": "29.xyz", "model_rescale": 3.607286011436655, "target_rescale": 3.8354159819788394},
