[{"mapping": [5, 10, 4, 0, 7, 9, 6, 1, 8, 2, 11], "R": [[0.7051228173509037, 0.7042390658057315, -0.0827595954810948], [0.7081197547103962, -0.6932619256657351, 0.13399371407317848], [0.03698953149219446, -0.15308572962659553, -0.9875203967233692]], "T": [0.09628491275161816, -0.11862025507381047, 0.07043564339830785], "aligned_model": [[-0.7297841096736255, -0.20681408580040128, 0.36218904773496036, -0.2590207476717935, -0.5806063472807101, 0.4219355017736066, 0.17431363941415756, -0.22947473155884252, 0.6433332182720171, 0.23591788282090823, 0.039072673319019036], [-0.16672197294087465, -0.5792968026369525, -0.5779914641877277, -0.14006385060721055, 0.16536635326326554, -0.21408327089988238, 0.4122572231576267, 0.49450776985889533, 0.20340808116559772, 0.34496951972025075, -0.11973315314980879], [0.13354291284920447, -0.3266404973693432, 0.6792225929787948, 0.5764884606843935, -0.5277057598192451, -0.4337418361731106, -0.41663222494963514, 0.21127327579745087, 0.08224211524000284, 0.7141260969258113, 0.10990432725122762]], "inverted": false, "swapped": false, "error_lsq": 0.048018041369294, "error_max": 0.21147489495541907, "target": "204.xyz", "model": "0.xyz", "model_rescale": 3.751011558992144, "target_rescale": 3.816088167830603},
{"mapping": [8, 5, 13, 2, 4, 9, 6, 0, 12, 3, 14], "R": [[0.7272299611514107, 0.5801153324056867, 0.3668825216762952], [0.6727766460721332, -0.49649451326739735, -0.5485114244893188], [-0.1360447283199504, 0.645723934358337, -0.7513537332662565]], "T": [-0.01944954476600322, 0.05440867526295825, -0.06847659302561068], "aligned_model": [[-0.652000477827221, -0.14162682612680194, 0.30002124161907995, -0.324465201697973, -0.5831915170241322, 0.3628214707189149, 0.16156765818041477, -0.23567877018228117, 0.6850840733088482, 0.2643328644174481, 0.03419742596299884], [-0.141844054517498, -0.5509288508500203, -0.4167527432253741, -0.253756589490715, 0.1087341365736911, -0.4581411228067216, 0.6063905573818406, 0.5252999879921831, 0.17431765627065932, 0.18584296455962787, 0.043456490855505805], [-0.026257695870726877, 0.02493239152257634, 0.3825749923558597, 0.6356098509667202, -0.6205795751563895, -0.22769718388355756, -0.5441598062254169, 0.4856089709187218, 0.13457345339956225, 0.6283723585757319, -0.07089829318753013]], "inverted": false, "swapped": false, "error_lsq": 0.0481772670434818, "error_max": 0.2515833692135477, "target": "204.xyz", "model": "1.xyz", "model_rescale": 3.9405287249114394, "target_rescale": 3.816088167830603},
{"mapping": [1, 4, 9, 2, 7, 3, 6, 0, 11, 5, 12], "R": [[-0.40675777186300677, -0.6230849485184453, 0.6680668095024692], [-0.3069461333796179, 0.7819988052485006, 0.5424591595624684], [-0.8604255843664482, 0.015588955054268216, -0.5093376073371886]], "T": [0.022617854029505544, -0.09638218442136157, 0.030121176101683078], "aligned_model": [[-0.762117231282253, -0.34159329942186795, 0.641081359511232, -0.2756985951610932, -0.27240926724634507, 0.20416601137579277, 0.10562553508847054, -0.22221618180344377, 0.6179343299138044, 0.20224802066030306, -0.02595874028530388], [-0.009574191993489606, -0.6556376102203707, -0.44545206471004506, -0.11471471224346433, 0.00748781867683751, -0.30199643152183214, 0.36876582761516785, 0.6583950903864002, 0.2671915376601286, 0.1796168114549814, -0.13146364236113495], [0.09242326827887659, -0.18500512702928992, 0.4122654134683583, 0.6423636461146474, -0.6986310954722761, -0.47143911590952225, -0.2383983672710508, 0.3008563762648636, 0.1751271455984349, 0.6779126841412614, 0.0946046352312482]], "inverted": false, "swapped": false, "error_lsq": 0.05538429054547182, "error_max": 0.30579879587317976, "target": "204.xyz", "model": "2.xyz", "model_rescale": 3.932901565614263, "target_rescale": 3.816088167830603},
{"mapping": [9, 8, 11, 12, 7, 3, 0, 6, 1, 10, 13], "R": [[-0.5030860453963993, -0.6051263000808454, 0.6170304626822559], [-0.10348088927043203, 0.7510016248761949, 0.6521412921975694], [-0.8580187273499412, 0.264232322746067, -0.44043744519852723]], "T": [-0.010211136852405612, 0.06458891009818932, -0.0244389096299841], "aligned_model": [[-0.6481464413258267, -0.11057121057348963, 0.3809691724825661, -0.4206555634069922, -0.5250284731800938, 0.26444550445327397, 0.3208453934470868, -0.1494344394072599, 0.6567709157697685, 0.17244735738972866, -0.07058027429946598], [-0.2806014553249102, -0.6439113545460478, -0.6221106780792957, 0.09007867205237077, -0.01118312680683517, -0.19771224046763877, 0.40330722116108453, 0.5719185679032376, 0.35565646533852924, 0.06518705321133131, 0.09198930830135324], [0.09250166636618523, -0.1879685893020648, 0.3916504312006801, 0.6190014177550275, -0.5132786134050251, -0.3656826844885813, -0.49838174230051613, 0.41136580697929115, 0.11406466678043362, 0.6682233146952962, 0.07058378913482505]], "inverted": true, "swapped": false, "error_lsq": 0.04788684521136444, "error_max": 0.24351099726343825, "target": "204.xyz", "model": "3.xyz", "model_rescale": 3.9243930471874484, "target_rescale": 3.816088167830603},
{"mapping": [4, 3, 0, 7, 10, 6, 11, 9, 5, 1, 12], "R": [[-0.7471494938535558, -0.6328505182342146, -0.20314491232876525], [-0.6644916580416755, 0.7180173901230466, 0.20712765115723664], [0.014780738391582338, 0.28974341934127723, -0.9569902197624721]], "T": [-0.12280649112024308, 0.03916572992463662, 0.04564776451293404], "aligned_model": [[-0.5922011775094292, -0.0731821685562781, 0.3752929532596946, -0.4795417972834094, -0.5137603438831501, 0.34223565844900894, 0.16444027074134773, -0.13172450833433594, 0.6261761861411375, 0.1676021139002223, -0.014275245575512824], [-0.3062033554001491, -0.5952353103477611, -0.5089118826132217, -0.1352738149078283, 0.070451553896168, -0.16949841787918712, 0.5820490871365523, 0.7353490726176981, -0.024847941452033305, 0.1626462551152062, 0.01209318657773508], [0.15859063826597292, -0.17350085418232783, 0.46377481159765777, 0.7422319485477792, -0.5402737334261449, -0.46592978315899425, -0.45325206476130814, 0.15938700181721283, 0.13811559034515214, 0.6864095783027488, 0.08652633006780311]], "inverted": false, "swapped": false, "error_lsq": 0.04548516514737184, "error_max": 0.26574051315478026, "target": "204.xyz", "model": "4.xyz", "model_rescale": 3.8936222436046832, "target_rescale": 3.816088167830603},
{"mapping": [3, 9, 1, 2, 8, 6, 7, 10, 5, 4, 11], "R": [[-0.7988557131420516, -0.13461287739950845, 0.5862669381932853], [-0.03227375672008255, 0.982826062131766, 0.18169022049009426], [-0.6006562695980767, 0.12622323412427305, -0.7894806780154481]], "T": [-0.09928351506551392, -0.047497905948908625, 0.031247841685949997], "aligned_model": [[-0.651188330677506, -0.20385224179758157, 0.311260956560925, -0.3051228391491146, -0.5972177108245904, 0.5381113165863475, 0.15381776678133907, -0.3604204449315028, 0.6903500930690756, 0.24300906918342474, 0.05231430654847943], [-0.1751474983613028, -0.5452098882712961, -0.6149983486417501, -0.02437352092378492, 0.07878260017673788, -0.24257042228507064, 0.41659887680850805, 0.5048572824390911, 0.08263528364612541, 0.37324435497122255, -0.031200286815301702], [0.12814308606064248, -0.32001289888095613, 0.4217670493076051, 0.7483628257729781, -0.4997677859534218, -0.4049667500707775, -0.343320502878497, 0.19304601598370708, 0.16053424822985476, 0.611279164590886, 0.10701501125353005]], "inverted": false, "swapped": false, "error_lsq": 0.05188892563822472, "error_max": 0.27383431767094646, "target": "204.xyz", "model": "5.xyz", "model_rescale": 3.6523030999806103, "target_rescale": 3.816088167830603},
{"mapping": [4, 3, 1, 2, 11, 5, 9, 10, 8, 6, 12], "R": [[0.903636493893506, 0.40780374838282785, -0.13090908948108754], [0.3433416870156655, -0.5070039160914519, 0.7906095844506119], [0.25604213102747175, -0.7593702205596738, -0.5981632680682287]], "T": [0.04428937566948973, -0.04748949345926138, 0.03340078212028305], "aligned_model": [[-0.5203606097193493, -0.28404150844413156, 0.2521375850747378, -0.34912326979617025, -0.5849465564798755, 0.5835661598627553, 0.11263087331595459, -0.30531887265309554, 0.6547135337866861, 0.2561679878011226, 0.05563661860066173], [-0.047273129104505686, -0.6319071716233824, -0.5306936394058442, -0.278736391900593, 0.15815600106409936, -0.362631010162467, 0.5499222414767216, 0.604376400867185, 0.23705373894102919, 0.255390128293651, -0.13103873570271507], [0.1348992999112707, -0.14906979341014467, 0.48692888618937846, 0.6400003176938718, -0.5465484185993494, -0.23820537478142959, -0.3679613160415375, 0.2814289462182122, 0.022419035965989736, 0.5681865808473019, -0.029998700578012225]], "inverted": true, "swapped": false, "error_lsq": 0.04881813946177942, "error_max": 0.3124993201651133, "target": "204.xyz", "model": "6.xyz", "model_rescale": 4.08911054899281, "target_rescale": 3.816088167830603},
{"mapping": [8, 9, 11, 10, 3, 1, 7, 5, 13, 12, 14], "R": [[0.9270913612060965, -0.10435215633245515, 0.3600169932736426], [0.3040590623323799, 0.7710408241658457, -0.5595034710198027], [-0.2192024055310094, 0.6281772639457911, 0.7465545060281926]], "T": [-0.026758433352792613, 0.05001581343308684, -0.027312932716921062], "aligned_model": [[-0.6088407001656359, -0.2044084278490213, 0.17609096399768154, -0.28246895181203713, -0.5821056647217093, 0.4153413713310307, 0.26510848852472063, -0.27362540819091286, 0.6865492005163104, 0.3020951607002059, -0.02267409098133688], [-0.26734274913607575, -0.6917756275536342, -0.34696745421263425, -0.032323251696465265, -0.07681444163372234, -0.42228193433415756, 0.7530160772744172, 0.6692937575065008, 0.11885604577401315, 0.23369178457442139, -0.11473377381948446], [0.13272690829474906, -0.20826388033014656, 0.3545083214859216, 0.641347898799984, -0.5768172323146041, -0.37289745061074786, -0.16835651991682243, 0.3415403637327765, 0.12217875342960788, 0.5777658797653128, -0.041653578920479634]], "inverted": false, "swapped": false, "error_lsq": 0.051443106764534986, "error_max": 0.2995127379911569, "target": "204.xyz", "model": "7.xyz", "model_rescale": 3.964800864290218, "target_rescale": 3.816088167830603},
{"mapping": [3, 6, 11, 10, 0, 4, 7, 8, 12, 9, 13], "R": [[-0.7452812746610425, -0.5836850382796306, -0.32228496354642117], [-0.595546189691678, 0.8001010460999022, -0.07185438033666573], [0.2998008632131262, 0.1383838578677029, -0.9439117280224437]], "T": [-0.10369289621492925, 0.03666870575497681, -0.044914837437283625], "aligned_model": [[-0.7496000977325765, -0.14923891032035153, 0.3672996461761988, -0.33767533534665906, -0.5440209788472227, 0.36612983986380043, 0.23884649381311182, -0.06502650800182658, 0.6184507382512119, 0.23411007419495963, -0.10821302070135044], [-0.29206154672411383, -0.5389872785187899, -0.5094193277722237, -0.07661576099241334, -0.08527181690347778, -0.410881976910601, 0.62005421418525, 0.6556263383901954, 0.21539923121315885, 0.16253869208913646, 0.08223766468705808], [-0.07142905692573369, -0.10015586881295596, 0.36384818577300715, 0.7345419354365925, -0.596640368024635, -0.31705152758198596, -0.2666833649484753, 0.409457191667106, 0.08638218369436283, 0.5415172784219251, 0.018292874716343124]], "inverted": true, "swapped": false, "error_lsq": 0.043894510562402574, "error_max": 0.2594263763182889, "target": "204.xyz", "model": "8.xyz", "model_rescale": 4.121658175737393, "target_rescale": 3.816088167830603},
{"mapping": [10, 0, 4, 5, 3, 1, 8, 7, 6, 9, 12], "R": [[0.14636754390532325, -0.9294043115364446, -0.3387981224691056], [0.8329584529580362, -0.0689576214969041, 0.5490219140282517], [-0.5336260467189347, -0.3625637490634681, 0.7640620198178707]], "T": [-0.06546193908670213, 0.078471485375951, 0.004782022644830908], "aligned_model": [[-0.7989746508755109, -0.18925925794635579, 0.3631968894823459, -0.3530484875242204, -0.5613501241918701, 0.3903881278814549, 0.21435860264031437, -0.1815876301129274, 0.5932352400302924, 0.3998799584757262, -0.005776726509953575], [-0.11454422582143692, -0.6931387923534575, -0.5677196520178995, -0.17666299163891258, -0.014973342152606317, -0.3873134076139137, 0.6494834683067083, 0.6159289742873193, 0.2917659742690717, 0.20142864051089385, 0.018363786967411533], [0.03920392658054589, -0.08530707918099822, 0.4370048128377802, 0.4884330146544862, -0.601886720205238, -0.21921990953674197, -0.3504631286301489, 0.39576179425708874, 0.03316401209429544, 0.6841407448300012, -0.018752004285518743]], "inverted": false, "swapped": false, "error_lsq": 0.041390580368262646, "error_max": 0.23007030885177412, "target": "204.xyz", "model": "9.xyz", "model_rescale": 3.833441315466971, "target_rescale": 3.816088167830603},
{"mapping": [11, 12, 6, 7, 10, 1, 13, 9, 5, 3, 14], "R": [[-0.770405592097266, -0.5107558630090865, -0.38158049225177204], [-0.4873623057191051, 0.08592715222608505, 0.868961741087876], [-0.41103917894699393, 0.8554209331739309, -0.3151219136436287]], "T": [0.00725330291373521, -0.03772585415429873, 0.04319463364731367], "aligned_model": [[-0.6426546959868538, -0.1393738047490779, 0.31348367071698896, -0.38105539839032804, -0.5390354352541548, 0.4602848222579841, 0.2933172879244666, -0.2925087814365798, 0.6241447885531827, 0.180339904158196, -0.005880416444528122], [-0.22961782723108964, -0.5914515073834973, -0.5933933077981948, -0.061032666731688195, 0.05460845323479947, -0.46548944788672275, 0.5497034647617932, 0.6025243612972866, 0.20959872908077432, 0.3212193293263438, 0.02594885207337401], [0.12151541426969409, -0.1436433966492725, 0.28544700379239235, 0.5841078630666452, -0.5640920645025638, -0.35352905265284706, -0.4137306700645856, 0.4408533829951279, -0.08214748593011943, 0.8148948561905762, 0.11240361290050363]], "inverted": false, "swapped": false, "error_lsq": 0.046797779444431704, "error_max": 0.24778203068249458, "target": "204.xyz", "model": "10.xyz", "model_rescale": 4.2482417240324, "target_rescale": 3.816088167830603},
{"mapping": [7, 5, 4, 9, 2, 6, 1, 8, 0, 10, 11], "R": [[0.9502785460452188, 0.1877363468302533, -0.24844667235649634], [-0.05921468235547026, 0.8922176486729554, 0.4477066995143629], [0.3057193260487897, -0.4107343806833489, 0.8589720380809495]], "T": [-0.05881994991043117, 0.06296401806509574, -0.00788904640378875], "aligned_model": [[-0.6961371191428048, -0.23447782938192302, 0.3742870582601379, -0.2828941462886555, -0.29954097342432107, 0.28432592563187353, 0.19617084927375023, -0.23527422319433589, 0.6525283245222631, 0.16496050463184042, -0.05288642953852901], [-0.08324546865769028, -0.6671550713697905, -0.632179019942563, -0.19625794021315932, 0.03500552992099357, -0.34798193575597314, 0.6269205166109796, 0.5845339022179366, 0.30338729897044536, 0.2233853401456855, -0.023794719183685115], [0.16819575841833495, 0.008129534803094765, 0.3003868955950438, 0.7417146042028141, -0.7071951297205284, -0.37375305020762495, -0.34859319054864774, 0.263563664651849, 0.09220967683576158, 0.5745108764338285, 0.08290982295162579]], "inverted": true, "swapped": false, "error_lsq": 0.041701208630999846, "error_max": 0.24023375200345465, "target": "204.xyz", "model": "11.xyz", "model_rescale": 3.6694154284099745, "target_rescale": 3.816088167830603},
{"mapping": [10, 12, 1, 2, 7, 0, 11, 8, 4, 3, 13], "R": [[-0.5962895204616038, 0.41963513206192254, 0.6843574824074358], [-0.772258345165702, -0.06705861251173911, -0.6317595989060492], [-0.21921645948605759, -0.9052124051444355, 0.36405308055697644]], "T": [-0.06321085374797142, -0.016926530628018556, -0.11865464835937756], "aligned_model": [[-0.6817286788358067, -0.31439327702881287, 0.3267172365954977, -0.23016047748257012, -0.5889989185760639, 0.4961231411921361, 0.09531995675444999, -0.22439481401866818, 0.6191026637018545, 0.33388473984558964, 0.03959036920168969], [-0.09614896999346459, -0.6422554551503836, -0.4392395181667825, -0.13475786481751797, 0.037638125846163516, -0.4374319815586896, 0.6921928276562114, 0.506533979107918, 0.1962258192035928, 0.22085278211169143, -0.08099131149555999], [0.002540617464187739, -0.03124969050826147, 0.5026997746704591, 0.5014720912756067, -0.6408949451746734, -0.2637701618904651, -0.24921638369972018, 0.40346284513182684, 0.07289949390019557, 0.6073102189619892, -0.10317439671559395]], "inverted": true, "swapped": false, "error_lsq": 0.05039353307383121, "error_max": 0.2593494618966185, "target": "204.xyz", "model": "12.xyz", "model_rescale": 3.9764082729961374, "target_rescale": 3.816088167830603},
{"mapping": [3, 14, 4, 7, 11, 13, 1, 2, 9, 0, 15], "R": [[0.8217915844521134, -0.4176774804758963, -0.38756175511393376], [-0.5460568972085923, -0.7715732350581876, -0.3263381803478845], [-0.16272816822729386, 0.47981273976953825, -0.862148060381881]], "T": [0.12869960232153496, -0.03373722315669415, -0.028001699106204397], "aligned_model": [[-0.6736611613004184, -0.2548244057361365, 0.20933081832753744, -0.23902250074459078, -0.4426302769086268, 0.2473652607969272, 0.17313876698772346, -0.14294525035092734, 0.6108274146573373, 0.31205525726799255, 0.07142801835247792], [-0.261905962544796, -0.6598815791195728, -0.41952921420633654, 0.02058219726182483, -0.11691256713971837, -0.33162113312960617, 0.5821053198151958, 0.6173589575155671, 0.2730177259936219, 0.22389865424644123, -0.10449396594944246], [0.08424659121330158, -0.34369240266631995, 0.5724371973908282, 0.6299219700264787, -0.5731702326823502, -0.5492158430669671, -0.17661428663055628, 0.34421107799403183, 0.15895631827123458, 0.6255366639423114, 0.029462409623558554]], "inverted": false, "swapped": false, "error_lsq": 0.04887803849527547, "error_max": 0.22520574537129157, "target": "204.xyz", "model": "13.xyz", "model_rescale": 4.170626492500431, "target_rescale": 3.816088167830603},
{"mapping": [2, 3, 1, 0, 6, 11, 12, 8, 10, 7, 13], "R": [[-0.16292462876698788, 0.31549828695661764, -0.9348349567001542], [-0.7123042700912848, -0.6932265587950974, -0.10981605069765193], [-0.6826991959500619, 0.6479951921955496, 0.33767445674879204]], "T": [-0.06137288220335006, 0.003921982859347556, 0.05132614399783039], "aligned_model": [[-0.6915603662720302, -0.1479285349198159, 0.2060162064309975, -0.272555760789127, -0.4144778816076837, 0.2942690705637147, 0.1511444116224796, 0.03665873380033481, 0.45478076254474403, 0.2997131855746128, -0.04499788559893086], [-0.16900565114644225, -0.65024631951094, -0.5263152910905287, -0.11000723585902088, -0.20091799265749097, -0.21366726035027292, 0.623181471212318, 0.6685497678997472, 0.22843369909588854, 0.17853442410807296, -0.005921178958152553], [0.12808508847136318, -0.14878771256059486, 0.5393486624217687, 0.5974766099340315, -0.6840966669456525, -0.5194920177688035, -0.2758744169673609, 0.3678952556005288, 0.09016181394969827, 0.755994257301261, -0.04863141002068874]], "inverted": true, "swapped": false, "error_lsq": 0.050116810045931624, "error_max": 0.2391703724284996, "target": "204.xyz", "model": "14.xyz", "model_rescale": 3.9786697098870705, "target_rescale": 3.816088167830603},
{"mapping": [9, 0, 1, 6, 2, 4, 5, 7, 10, 7, 11], "R": [[0.5852817532681187, -0.7741351380243752, 0.241163963658294], [-0.4640447024385971, -0.5637054499662886, -0.6832998462000255], [0.6649118613997431, 0.28801207223706105, -0.6891598238548465]], "T": [-0.11059419590662098, -0.045055590687491105, 0.03470636417375053], "aligned_model": [[-0.6730736959290742, -0.2706872008958136, 0.2732088962437571, -0.2089448969066459, -0.28341360319517417, 0.33800167210107923, 0.07065904118351637, 0.044801665993892625, 0.686627104941023, 0.044801665993892625, -0.1509187081811575], [-0.1616680164486904, -0.6692220228012329, -0.5015074182958791, -0.1699062865422214, -0.0950768942544164, -0.10692106668330262, 0.593602037156245, 0.4748009304322762, 0.05943220201571548, 0.4748009304322762, -0.07571596226759134], [0.27435740686249965, -0.22719453474543158, 0.3587727262373145, 0.8106542581468635, -0.8146926809875518, -0.37742121337642676, -0.41687229583057905, 0.41216805619579666, 0.24881261617889144, 0.41216805619579666, 0.12132706853837773]], "inverted": true, "swapped": false, "error_lsq": 0.07010273467147445, "error_max": 0.3783580913934598, "target": "204.xyz", "model": "15.xyz", "model_rescale": 3.769337070930944, "target_rescale": 3.816088167830603},
{"mapping": [0, 5, 6, 4, 1, 7, 9, 3, 8, 2, 10], "R": [[-0.46108999248812405, -0.3548364943162886, -0.8133185606689599], [0.8626142652248446, -0.3941598846328912, -0.3170719394345508], [-0.20806885460804386, -0.8477788907772548, 0.4878302000641046]], "T": [-0.008794055547170438, -0.036178969540478195, 0.017097207391801594], "aligned_model": [[-0.6105882534906973, -0.21785678459488422, 0.3885252948170807, -0.26008204061431783, -0.5154213441998465, 0.22709181125195949, 0.3092830371086624, -0.12071237335339396, 0.6728179021847014, 0.02223300996533909, -0.02422831772530744], [0.01582827982173035, -0.6591453501370015, -0.418750311018835, -0.5057397269908097, -0.023861272457054127, -0.3761260678160032, 0.6372697843944953, 0.6391163310163303, 0.20619013997241292, 0.3124395605430881, -0.004602934585174592], [0.24646395292640705, -0.11801972525527904, 0.493839729100355, 0.5866580629296869, -0.6028265872244474, -0.5659382376728117, -0.30859194174174276, 0.1214714662011907, 0.21243298388316828, 0.6682717614965767, 0.06831799877244787]], "inverted": true, "swapped": false, "error_lsq": 0.05928019278176464, "error_max": 0.40037669726857555, "target": "204.xyz", "model": "16.xyz", "model_rescale": 3.7852294659196426, "target_rescale": 3.816088167830603},
{"mapping": [0, 3, 1, 4, 8, 2, 11, 10, 7, 5, 12], "R": [[-0.18754616083748543, -0.07507673826368887, 0.9793824181221582], [0.16078158854676058, 0.9812802620357824, 0.106010981145193], [-0.9690075945726642, 0.17734861350084427, -0.17196438860946742]], "T": [-0.037416030225266614, 0.016334200771787974, 0.04626760422233375], "aligned_model": [[-0.6877318485813121, -0.23763013004418382, 0.3252791796497523, -0.3020597763017371, -0.31757223419842673, 0.3804081048552541, 0.2146277997122265, -0.31475133518168774, 0.6300020503094798, 0.25305158695757557, -0.07256145582764506], [-0.1670165351014105, -0.7346650340355418, -0.504075359332397, -0.09459998917372432, 0.030087495376081602, -0.24824378912258366, 0.4817473035712883, 0.7044339437180326, 0.22983190797688413, 0.025950139220247102, 0.09916834964630235], [0.1422832268542006, -0.12228456786412129, 0.31437248805132034, 0.6939125519007203, -0.541549764962472, -0.3136052906140758, -0.46146916415893613, 0.36068603189663684, 0.06623858241328189, 0.6359667713035331, 0.027528598595463503]], "inverted": false, "swapped": false, "error_lsq": 0.04598728934973544, "error_max": 0.24409935205097336, "target": "204.xyz", "model": "17.xyz", "model_rescale": 3.901054581598922, "target_rescale": 3.816088167830603},
{"mapping": [8, 5, 13, 2, 4, 9, 6, 0, 12, 3, 14], "R": [[0.7272299611514107, 0.5801153324056867, 0.3668825216762952], [0.6727766460721332, -0.49649451326739735, -0.5485114244893188], [-0.1360447283199504, 0.645723934358337, -0.7513537332662565]], "T": [-0.01944954476600322, 0.05440867526295825, -0.06847659302561068], "aligned_model": [[-0.652000477827221, -0.14162682612680194, 0.30002124161907995, -0.324465201697973, -0.5831915170241322, 0.3628214707189149, 0.16156765818041477, -0.23567877018228117, 0.6850840733088482, 0.2643328644174481, 0.03419742596299884], [-0.141844054517498, -0.5509288508500203, -0.4167527432253741, -0.253756589490715, 0.1087341365736911, -0.4581411228067216, 0.6063905573818406, 0.5252999879921831, 0.17431765627065932, 0.18584296455962787, 0.043456490855505805], [-0.026257695870726877, 0.02493239152257634, 0.3825749923558597, 0.6356098509667202, -0.6205795751563895, -0.22769718388355756, -0.5441598062254169, 0.4856089709187218, 0.13457345339956225, 0.6283723585757319, -0.07089829318753013]], "inverted": false, "swapped": false, "error_lsq": 0.0481772670434818, "error_max": 0.2515833692135477, "target": "204.xyz", "model": "18.xyz", "model_rescale": 3.9405287249114394, "target_rescale": 3.816088167830603},
{"mapping": [13, 12, 3, 14, 7, 0, 5, 11, 2, 10, 15], "R": [[0.33553416587150364, -0.7031500935269395, -0.626894544166697], [0.6864437445009437, 0.6382468928253464, -0.3484765263748971], [0.6451447970560081, -0.31340205770199947, 0.6968266219510526]], "T": [-0.038401715569492255, -0.10926465031404117, -0.08838505388057993], "aligned_model": [[-0.6719815394429016, -0.15365173156067163, 0.3433558503567846, -0.3262227751005227, -0.48035964348082444, 0.28415750748364643, 0.2749212283643856, -0.2751090374901728, 0.6642649136038079, 0.2235430031476325, -0.011855834531867705], [-0.023927521516958705, -0.6178097177429828, -0.5332081519211461, -0.18489493532459628, 0.050141790813965276, -0.4005906008427986, 0.6328148928285412, 0.45333328500243375, 0.3457328377322648, 0.18835115339622646, -0.08732459968176998], [0.11807081695184929, 0.07965782879262073, 0.544040169507226, 0.6265821200203223, -0.6126829896237679, -0.6210753918141892, -0.29432030392964764, 0.29458545259034286, 0.1452004275407412, 0.590373986327817, -0.06835265294776356]], "inverted": false, "swapped": false, "error_lsq": 0.044025034555867766, "error_max": 0.2285145738463717, "target": "204.xyz", "model": "19.xyz", "model_rescale": 4.410303926677745, "target_rescale": 3.816088167830603},
{"mapping": [3, 6, 11, 10, 0, 4, 7, 8, 12, 9, 13], "R": [[-0.7452812746610425, -0.5836850382796306, -0.32228496354642117], [-0.595546189691678, 0.8001010460999022, -0.07185438033666573], [0.2998008632131262, 0.1383838578677029, -0.9439117280224437]], "T": [-0.10369289621492925, 0.03666870575497681, -0.044914837437283625], "aligned_model": [[-0.7496000977325765, -0.14923891032035153, 0.3672996461761988, -0.33767533534665906, -0.5440209788472227, 0.36612983986380043, 0.23884649381311182, -0.06502650800182658, 0.6184507382512119, 0.23411007419495963, -0.10821302070135044], [-0.29206154672411383, -0.5389872785187899, -0.5094193277722237, -0.07661576099241334, -0.08527181690347778, -0.410881976910601, 0.62005421418525, 0.6556263383901954, 0.21539923121315885, 0.16253869208913646, 0.08223766468705808], [-0.07142905692573369, -0.10015586881295596, 0.36384818577300715, 0.7345419354365925, -0.596640368024635, -0.31705152758198596, -0.2666833649484753, 0.409457191667106, 0.08638218369436283, 0.5415172784219251, 0.018292874716343124]], "inverted": true, "swapped": false, "error_lsq": 0.043894510562402574, "error_max": 0.2594263763182889, "target": "204.xyz", "model": "20.xyz", "model_rescale": 4.121658175737393, "target_rescale": 3.816088167830603},
{"mapping": [4, 3, 1, 2, 11, 5, 9, 10, 8, 6, 12], "R": [[0.903636493893506, 0.40780374838282785, -0.13090908948108754], [0.3433416870156655, -0.5070039160914519, 0.7906095844506119], [0.25604213102747175, -0.7593702205596738, -0.5981632680682287]], "T": [0.04428937566948973, -0.04748949345926138, 0.03340078212028305], "aligned_model": [[-0.5203606097193493, -0.28404150844413156, 0.2521375850747378, -0.34912326979617025, -0.5849465564798755, 0.5835661598627553, 0.11263087331595459, -0.30531887265309554, 0.6547135337866861, 0.2561679878011226, 0.05563661860066173], [-0.047273129104505686, -0.6319071716233824, -0.5306936394058442, -0.278736391900593, 0.15815600106409936, -0.362631010162467, 0.5499222414767216, 0.604376400867185, 0.23705373894102919, 0.255390128293651, -0.13103873570271507], [0.1348992999112707, -0.14906979341014467, 0.48692888618937846, 0.6400003176938718, -0.5465484185993494, -0.23820537478142959, -0.3679613160415375, 0.2814289462182122, 0.022419035965989736, 0.5681865808473019, -0.029998700578012225]], "inverted": true, "swapped": false, "error_lsq": 0.04881813946177942, "error_max": 0.3124993201651133, "target": "204.xyz", "model": "21.xyz", "model_rescale": 4.08911054899281, "target_rescale": 3.816088167830603},
{"mapping": [8, 1, 0, 6, 11, 2, 14, 10, 13, 7, 16], "R": [[-0.7048297268266572, 0.6996811099082968, -0.11688199441724886], [-0.6885670429395471, -0.7144188349106222, -0.12442329244332381], [-0.1705593256287902, -0.007216145954939489, 0.9853209851000888]], "T": [0.021644040307216658, 0.09034414821995959, -0.03774769470535226], "aligned_model": [[-0.5833298869403526, -0.21846889243960632, 0.23895435403513954, -0.28870105664032536, -0.5974509505064816, 0.3538850772736255, 0.3313599562265665, -0.2541501805445473, 0.6132873120483662, 0.21944404803572665, 0.05623216080118492], [-0.22740823835121834, -0.6332855762656227, -0.4679148866965944, -0.1197291033007564, -0.05724128596381381, -0.36837924005667255, 0.4845115422692463, 0.6508195106865584, 0.23254488098348589, 0.2562283021895797, 0.07247252724898706], [0.07973416022998059, -0.2584379360724755, 0.45337599201804707, 0.6065498129318445, -0.46299228576398216, -0.48545583152748345, -0.4384105240789993, 0.47307548901641233, 0.22006455603766928, 0.6249391034231592, -0.010363072798621222]], "inverted": true, "swapped": false, "error_lsq": 0.0423863039971497, "error_max": 0.21202379272024796, "target": "204.xyz", "model": "22.xyz", "model_rescale": 4.204369325754507, "target_rescale": 3.816088167830603},
{"mapping": [13, 12, 3, 14, 7, 0, 5, 11, 2, 10, 15], "R": [[0.33553416587150364, -0.7031500935269395, -0.626894544166697], [0.6864437445009437, 0.6382468928253464, -0.3484765263748971], [0.6451447970560081, -0.31340205770199947, 0.6968266219510526]], "T": [-0.038401715569492255, -0.10926465031404117, -0.08838505388057993], "aligned_model": [[-0.6719815394429016, -0.15365173156067163, 0.3433558503567846, -0.3262227751005227, -0.48035964348082444, 0.28415750748364643, 0.2749212283643856, -0.2751090374901728, 0.6642649136038079, 0.2235430031476325, -0.011855834531867705], [-0.023927521516958705, -0.6178097177429828, -0.5332081519211461, -0.18489493532459628, 0.050141790813965276, -0.4005906008427986, 0.6328148928285412, 0.45333328500243375, 0.3457328377322648, 0.18835115339622646, -0.08732459968176998], [0.11807081695184929, 0.07965782879262073, 0.544040169507226, 0.6265821200203223, -0.6126829896237679, -0.6210753918141892, -0.29432030392964764, 0.29458545259034286, 0.1452004275407412, 0.590373986327817, -0.06835265294776356]], "inverted": false, "swapped": false, "error_lsq": 0.044025034555867766, "error_max": 0.2285145738463717, "target": "204.xyz", "model": "23.xyz", "model_rescale": 4.410303926677745, "target_rescale": 3.816088167830603},
{"mapping": [9, 15, 13, 11, 8, 5, 3, 1, 0, 7, 16], "R": [[0.6921488097334594, -0.41940524420696146, 0.5873919188380569], [-0.33457991986674307, 0.5346660723302994, 0.7760080336703061], [-0.6395203690317607, -0.7336425779837141, 0.22974391256982343]], "T": [-0.011257894228504548, -0.10955079203036466, 0.08369746935966112], "aligned_model": [[-0.6054536604582346, -0.24741642233976138, 0.30516018022704683, -0.42613714115288254, -0.5291951360013767, 0.3372839253301651, 0.13633143486680546, -0.03657278278179633, 0.6362756492089408, 0.28733234687527875, 0.013453547575110516], [-0.29293300808355904, -0.7088172276511449, -0.5147997789607194, -0.012221028701944248, -0.07943878184178405, -0.34529332044437955, 0.6884421959751964, 0.6780355733624516, 0.27671347428389753, 0.12882953267204145, 0.004100802133123305], [0.008051333579520023, -0.22358591706635306, 0.563113243587939, 0.5518038827451833, -0.5539081671285728, -0.38379166820786753, -0.3044720369970515, 0.42340649637425937, 0.04026893290932386, 0.6277099557923328, 0.05348340782683778]], "inverted": true, "swapped": false, "error_lsq": 0.04036096296125266, "error_max": 0.21306176340409091, "target": "204.xyz", "model": "24.xyz", "model_rescale": 4.28219845311461, "target_rescale": 3.816088167830603},
{"mapping": [3, 9, 13, 4, 5, 11, 10, 0, 14, 2, 15], "R": [[-0.15863076381050997, -0.713194143488506, -0.68278136651976], [0.7347236364419277, -0.547227161866853, 0.40090349383448803], [-0.659558533283017, -0.4380599810629197, 0.6108076572577575]], "T": [-0.023341234682293863, -0.05361852830866798, 0.07740278391978653], "aligned_model": [[-0.758741374874178, -0.1691957292309897, 0.3108762437509593, -0.4213488182464806, -0.42661973804162107, 0.2557234094920242, 0.3600162458576073, -0.2627490447957291, 0.6953106797014215, 0.33283426432644025, -0.04504419659015791], [-0.29201463027033187, -0.6421943193770533, -0.39801282079911354, -0.06299503850052368, -0.016823221552178733, -0.15446223597880207, 0.40359779849255695, 0.5659720899224961, 0.1898557647474465, 0.23083717539387405, -0.0011421293351913664], [0.12638520153126737, -0.22122522626519023, 0.4275566148951565, 0.6907139753289527, -0.6717922741546102, -0.3791391552750659, -0.44575597921849175, 0.5510540673471828, 0.011037736883900778, 0.5882882808022977, 0.1249562215401514]], "inverted": true, "swapped": false, "error_lsq": 0.046194693450168495, "error_max": 0.24935952060327174, "target": "204.xyz", "model": "25.xyz", "model_rescale": 4.100010024507729, "target_rescale": 3.816088167830603},
{"mapping": [7, 5, 4, 9, 2, 6, 1, 8, 0, 10, 11], "R": [[0.9502785460452188, 0.1877363468302533, -0.24844667235649634], [-0.05921468235547026, 0.8922176486729554, 0.4477066995143629], [0.3057193260487897, -0.4107343806833489, 0.8589720380809495]], "T": [-0.05881994991043117, 0.06296401806509574, -0.00788904640378875], "aligned_model": [[-0.6961371191428048, -0.23447782938192302, 0.3742870582601379, -0.2828941462886555, -0.29954097342432107, 0.28432592563187353, 0.19617084927375023, -0.23527422319433589, 0.6525283245222631, 0.16496050463184042, -0.05288642953852901], [-0.08324546865769028, -0.6671550713697905, -0.632179019942563, -0.19625794021315932, 0.03500552992099357, -0.34798193575597314, 0.6269205166109796, 0.5845339022179366, 0.30338729897044536, 0.2233853401456855, -0.023794719183685115], [0.16819575841833495, 0.008129534803094765, 0.3003868955950438, 0.7417146042028141, -0.7071951297205284, -0.37375305020762495, -0.34859319054864774, 0.263563664651849, 0.09220967683576158, 0.5745108764338285, 0.08290982295162579]], "inverted": true, "swapped": false, "error_lsq": 0.041701208630999846, "error_max": 0.24023375200345465, "target": "204.xyz", "model": "26.xyz", "model_rescale": 3.6694154284099745, "target_rescale": 3.816088167830603},
{"mapping": [7, 9, 12, 3, 8, 10, 0, 1, 2, 6, 13], "R": [[-0.4114546414772337, -0.6981729611603247, 0.5858836013334605], [-0.5701967729360007, -0.30430704812829523, -0.7630680576415281], [0.7110419946390032, -0.6480368328760855, -0.2728874220181658]], "T": [-0.020419222369869774, -0.0023399496922097175, -0.06892465402339237], "aligned_model": [[-0.6239511056426956, -0.20130586055067806, 0.3413651758050988, -0.39353177376278503, -0.3502646130446507, 0.23272188469906535, 0.19768252064529307, -0.20523589166911854, 0.6405312189713531, 0.19815115644902448, 0.03489922944938865], [-0.021367593476850664, -0.6588527510872059, -0.41157647109231194, -0.29284218008901863, -0.13979660027601196, -0.32436682230208175, 0.6131158723605289, 0.6999799555821101, 0.1413664864551638, 0.20543572982054897, 0.01152280684830742], [0.10860207456586746, -0.03524229658670726, 0.5067230960347218, 0.5862292961754074, -0.5987027961649241, -0.5095026756287102, -0.17177942507596536, 0.4333065707131342, -0.0009347981333670957, 0.547716804451764, -0.06433638693566912]], "inverted": false, "swapped": false, "error_lsq": 0.04693770769786774, "error_max": 0.23840645898469612, "target": "204.xyz", "model": "27.xyz", "model_rescale": 4.103607728864725, "target_rescale": 3.816088167830603},
{"mapping": [7, 1, 4, 8, 5, 0, 10, 11, 12, 13, 14], "R": [[-0.14188392539450911, 0.8285983495088898, 0.5415659949681013], [0.2916479816635, 0.5578079976758, -0.7770403416300353], [-0.9459441878389299, 0.047697095509672105, -0.32080302457066867]], "T": [0.05242772470773324, 0.17337830399769236, -0.05445223292086407], "aligned_model": [[-0.5957929256700641, -0.1268339189122383, 0.24786960845493736, -0.35135234042888697, -0.5100298818747768, 0.14388892631878855, 0.21010498874199607, -0.3251007975417112, 0.8764510383073462, 0.23417958002726566, 0.06767766392663935], [-0.11259904597562728, -0.6984755307726648, -0.4345210262646907, -0.17545326078644727, -0.04981120837334729, -0.32954513358483506, 0.6061486029965466, 0.578099765912931, 0.1660691576275811, 0.2501457073007315, 0.022560404663001105], [0.08011443936245527, -0.15739389600126275, 0.5888751809815812, 0.5680894726821705, -0.46550976264988, -0.5528442528325823, -0.2726792363298466, 0.3526521598491361, 0.18684793729952862, 0.5627556427836813, -0.08882822172943017]], "inverted": true, "swapped": false, "error_lsq": 0.047910471002280276, "error_max": 0.23413170903074737, "target": "204.xyz", "model": "28.xyz", "model_rescale": 4.137296879288765, "target_rescale": 3.816088167830603},
{"mapping": [2, 1, 7, 3, 5, 0, 6, 4, 9, 8, 10], "R": [[0.13841254958892055, 0.024219000732282364, 0.990078484828261], [0.22558748621341282, 0.9726504555131372, -0.05532971583155216], [-0.9643403196902057, 0.2310076435826675, 0.12916352591260188]], "T": [0.003153790403124017, -0.014494326099299609, 0.09630633734404948], "aligned_model": [[-0.7394395158026756, -0.1604673986906357, 0.30409560527775203, -0.3709797339540931, -0.41259744889122696, 0.36668375392253255, 0.08131014593940136, -0.2476298441502398, 0.7443401675595839, 0.27653451797866546, 0.029211692160231853], [-0.2604646950219138, -0.6756417697910168, -0.6040769793514896, 0.05894562505464314, 0.0023971817174837373, -0.2711894668758935, 0.5191872987876739, 0.7133230721422948, 0.2321829557826863, 0.043724754623740425, 0.06423045567496988], [0.0831596550035028, -0.22474059079776332, 0.3716943249686798, 0.6624330055810812, -0.4329041419745002, -0.4445022357134092, -0.37827066410489635, 0.18008799545165624, 0.12054038714745031, 0.759802678257712, 0.10477904959603787]], "inverted": false, "swapped": false, "error_lsq": 0.04839706216811361, "error_max": 0.2523351421680922, "target": "204.xyz", "model": "29.xyz", "model_rescale": 3.607286011436655, "target_rescale": 3.816088167830603},
{"mapping": [8, 9, 11, 10, 3, 1, 7, 5, 13, 12, 14], "R": [[0.9270913612060965, -0.10435215633245515, 0.3600169932736426], [0.3040590623323799, 0.7710408241658457, -0.5595034710198027], [-0.2192024055310094, 0.6281772639457911, 0.7465545060281926]], "T": [-0.026758433352792613, 0.05001581343308684, -0.027312932716921062], "aligned_model": [[-0.6088407001656359, -0.2044084278490213, 0.17609096399768154, -0.28246895181203713, -0.5821056647217093, 0.4153413713310307, 0.26510848852472063, -0.27362540819091286, 0.6865492005163104, 0.3020951607002059, -0.02267409098133688], [-0.26734274913607575, -0.6917756275536342, -0.34696745421263425, -0.032323251696465265, -0.07681444163372234, -0.42228193433415756, 0.7530160772744172, 0.6692937575065008, 0.11885604577401315, 0.23369178457442139, -0.11473377381948446], [0.13272690829474906, -0.20826388033014656, 0.3545083214859216, 0.641347898799984, -0.5768172323146041, -0.37289745061074786, -0.16835651991682243, 0.3415403637327765, 0.12217875342960788, 0.5777658797653128, -0.041653578920479634]], "inverted": false, "swapped": false, "error_lsq": 0.051443106764534986, "error_max": 0.2995127379911569, "target": "204.xyz", "model": "30.xyz", "model_rescale": 3.964800864290218, "target_rescale": 3.816088167830603},
