[{"mapping": [2, 3, 4, 11, 10, 5, 6, 0, 12, 8, 7, 15], "R": [[0.08081438529605461, 0.6441433530168544, -0.7606236756066859], [-0.6060172507300846, -0.5741112752252262, -0.5505809072941182], [-0.7913356601005485, 0.5054459263100936, 0.34396553407247177]], "T": [0.00493839702725807, -0.08782306153713874, -0.07239142374675321], "aligned_model": [[-0.24163476736229608, 0.18119847729363792, 0.44203319080487247, -0.28461976653782, -0.20391062685957964, -0.6109700522255863, 0.48734367575138593, -0.3494170892212698, 0.6661861167442811, 0.1714128107784995, -0.43827838095338406, 0.018298874247807892], [-0.4494705708984094, -0.6908900553101351, -0.33728745374573416, 0.7390866229278704, 0.3695251385588979, -0.3894195266113752, -0.26692020131647703, -0.4371717982242082, 0.19967320533256772, 0.3023634325958384, 0.08849939122390625, -0.07443314855568438], [-0.5890795537579245, 0.19559693090309244, -0.6734456945969451, -0.05683780152159343, -0.5373485538568227, -0.06133389318824482, 0.4382978517689414, 0.5615675553502167, 0.11273111779194757, 0.482534574771489, 0.36529024044731934, -0.056021028757913746]], "inverted": true, "swapped": true, "error_lsq": 0.04514171917547941, "error_max": 0.22783765320678648, "target": "205.xyz", "model": "0.xyz", "model_rescale": 3.751011558992144, "target_rescale": 4.242312053089046},
{"mapping": [14, 12, 10, 11, 1, 2, 6, 8, 4, 5, 3, 0, 7, 9, 15], "R": [[-0.9217761538447672, 0.27689049729704135, 0.27140444858134805], [-0.1187387223018748, -0.8679603055061952, 0.4822302602405938], [0.3690932646761069, 0.41228213710054146, 0.832942735966011]], "T": [-0.025711140856719716, 0.030559887341069538, 0.015475725427281746], "aligned_model": [[0.20559488595266076, 0.15662452747186564, -0.33748653199122314, 0.22586979341104424, -0.2312298466169373, -0.5883466348681039, 0.3716561138635933, 0.5890943529967281, -0.7116247306161334, -0.027354802043790316, 0.06331579746191549, 0.5335616758016548, 0.48524354315684, -0.18786120600817557, -0.00797072688290432], [-0.011368740244993434, -0.5335229510313211, 0.4484832682248669, 0.5506606120686729, -0.6620419680051475, 0.24343242015327163, -0.5666519751956018, -0.1055239943303718, -0.3468474409392034, 0.5128399466104338, -0.36605325682159373, 0.1421879088270316, 0.420626873945638, 0.8033228262133167, 0.019213820352106857], [-0.7823912088381667, -0.4347878209426678, -0.4284911392634801, -0.6433624498208632, 0.13499573725340913, 0.3264105349475624, 0.12050634318377448, -0.2868444299476502, -0.024982081958390537, 0.5031530341032254, 0.5644268992422741, 0.584922333111525, 0.09208522646168658, 0.12205253230766865, 0.0019728950120688604]], "inverted": true, "swapped": true, "error_lsq": 0.0392898550134888, "error_max": 0.27508670670201907, "target": "205.xyz", "model": "1.xyz", "model_rescale": 3.9405287249114394, "target_rescale": 4.242312053089046},
{"mapping": [11, 7, 8, 2, 5, 12, 10, 9, 3, 1, 4, 13, 15], "R": [[0.3935910115463149, -0.4688265088484121, 0.7907514275870506], [-0.7002861080555762, -0.7101722495311443, -0.07248960518755856], [0.5955547686773424, -0.5252209826319623, -0.6078301052998226]], "T": [-0.028975252689660294, -0.07306138409690849, -0.059497577449005676], "aligned_model": [[-0.11556303264615407, 0.1649977476532397, -0.48540776943192515, 0.47515399773774714, 0.6268905944661178, -0.7728856992709119, 0.09649356107579608, 0.6541957651302373, -0.012610576752794964, -0.4124304864937489, -0.14284642295899386, -0.5294387249607805, -0.05056567426389757], [0.7835451678245802, 0.35861610192137944, 0.2852797951205717, -0.3632472347256487, -0.05152944914954839, -0.09429116057091833, 0.3424256038412232, 0.30573302850471384, -0.6342005791478527, -0.6946722681116109, -0.5935283590776852, -0.12056908120809756, -0.06472897164908914], [0.10357677087380192, -0.5012271123522198, -0.44829450568586754, 0.2872007656060259, -0.25900266736008315, -0.04162162324022149, 0.47021797204539, 0.09736533238193591, -0.44863787896107127, -0.0067501204865463155, 0.515565951885456, 0.41372275533726877, -0.06899529045522493]], "inverted": true, "swapped": true, "error_lsq": 0.049650984392835676, "error_max": 0.2700421904629762, "target": "205.xyz", "model": "2.xyz", "model_rescale": 3.932901565614263, "target_rescale": 4.242312053089046},
{"mapping": [13, 11, 14, 10, 12, 6, 8, 1, 2, 3, 7, 9, 0, 15], "R": [[-0.7124792042123804, -0.5080180601186058, 0.4840361909591281], [0.6297079906022786, -0.7672496739686516, 0.12163792322560613], [0.3095823479084907, 0.3914659479294798, 0.8665524689683481]], "T": [-0.017655322915684345, -0.004565990896987837, 0.10664865226891179], "aligned_model": [[-0.44099767069762075, 0.5855844191597313, 0.15552912947526903, 0.12841255906782822, -0.29653776676227367, -0.22090947410352613, 0.2980529886280095, -0.6846483531411537, -0.24190349738643308, -0.2990377882842323, 0.6039012443522455, 0.456473277871046, 0.3897362987463276, -0.01384545487251411], [-0.028100994346062544, 0.13076530387709484, -0.22147236371689152, 0.4961931985877457, -0.517518150727596, -0.692774258067619, -0.5654411127667593, -0.2963875963244938, 0.566715664791279, -0.3203865708580798, -0.13801967596543346, 0.622668573888567, -0.3470906313760213, -0.025654748645240977], [-0.43822336198026673, -0.5143607886811277, -0.6774501320203488, -0.33705714186635166, -0.3551713017391369, 0.20985381477396992, -0.16473567697445185, 0.1852663977825899, 0.3928372198940679, 0.642984780604491, 0.2289331828959093, 0.23546126711002766, 0.7118141460813561, 0.09374395717636913]], "inverted": true, "swapped": true, "error_lsq": 0.05229603436484264, "error_max": 0.36539943234573447, "target": "205.xyz", "model": "3.xyz", "model_rescale": 3.9243930471874484, "target_rescale": 4.242312053089046},
{"mapping": [11, 7, 9, 10, 2, 14, 13, 5, 3, 6, 4, 12, 15], "R": [[-0.8014648665228665, 0.4330914912843226, -0.4124146310530281], [-0.1180495258610063, -0.7906083088773863, -0.6008350949953164], [-0.5862750013206051, -0.4328628675587233, 0.6847710279468341]], "T": [0.031227941394159964, 0.03994364670618829, -0.09936470387627931], "aligned_model": [[-0.2107691898839332, -0.12794815904622203, 0.572055770374685, 0.2599236749755933, 0.6967506469392649, -0.5292505867543346, -0.16310440065190226, 0.4884771518026302, 0.027466800849739334, -0.5035487311045456, 0.3437858734225595, -0.5829494949722319, 0.006316530360049654], [-0.6780107223079509, 0.08604861080289251, -0.22884352248933604, -0.6030223809485019, 0.06937710201343954, -0.5737932281009976, -0.33896879174672634, 0.26579468185411115, 0.7046495694912096, 0.48501723938911184, -0.02769936750415246, -0.07041956444428522, 0.0376999276727733], [-0.539642325360959, -0.7251707921633306, -0.6190497394160582, -0.15649063908402477, 0.02215513084764166, -0.06706918359647172, 0.4440674046206197, -0.5579935124914962, 0.05788370831971042, 0.1043939332224111, 0.6163744525134107, 0.3065651471616687, -0.09895326920215755]], "inverted": false, "swapped": true, "error_lsq": 0.05392848100216305, "error_max": 0.27484123417499084, "target": "205.xyz", "model": "4.xyz", "model_rescale": 3.8936222436046832, "target_rescale": 4.242312053089046},
{"mapping": [9, 10, 2, 5, 4, 13, 14, 6, 0, 7, 3, 15], "R": [[-0.4785791325222061, 0.2321942479148848, 0.8467867766737587], [0.4647258357578255, 0.8852306727911794, 0.019913651821465123], [-0.7449777926176615, 0.40305395071245353, -0.5315595933868561]], "T": [-0.10220636292214783, -0.007886082176983205, 0.023724836636630504], "aligned_model": [[0.048848407026923474, -0.49848060691627416, -0.26561490840415103, 0.328244431504607, -0.7312899151784514, -0.7298937486183299, -0.44139029719231826, 0.09809629619817825, 0.6940025745412229, 0.4241486224621831, 0.20146238501604832, -0.10058519822454107], [-0.5490708280077884, -0.538140965376696, 0.09089195876819887, -0.13040858347034265, 0.39891233434348283, 0.05101593971965321, -0.4561820706095736, 0.4656142697018897, 0.11673585006551629, -0.37387615532252916, 0.6027057917202191, -0.009274636422222732], [-0.5411781164832774, -0.1516801408853996, -0.6259631007681036, -0.49601188983415245, -0.2071853425062278, 0.30514489523090993, 0.636780379089346, 0.5348710349641722, 0.01763882443234483, 0.11371180526478483, -0.015492865465773324, 0.04864923623689434]], "inverted": true, "swapped": true, "error_lsq": 0.0398792820056903, "error_max": 0.23996687404356232, "target": "205.xyz", "model": "5.xyz", "model_rescale": 3.6523030999806103, "target_rescale": 4.242312053089046},
{"mapping": [2, 3, 0, 5, 7, 4, 6, 10, 12, 14, 8, 11, 15], "R": [[0.1884451492064021, 0.7324681154599383, -0.6542009519827552], [0.7981554555020461, -0.5023560962674873, -0.3325450667130878], [-0.5722204947333658, -0.4594875541050675, -0.6792899918515248]], "T": [0.06037015097299031, -0.12225232605079722, 0.09528251274454569], "aligned_model": [[0.23801222420416038, -0.217384506679078, 0.3507998571960423, 0.6142270326923387, 0.5292713283257799, -0.41590931231039974, -0.443881637338499, 0.3440085265390725, -0.5398210737836966, -0.08444563658577037, -0.03327227069459292, 0.48986239623268923, 0.049615976866248], [-0.6448177189813973, 0.1394399747322525, 0.5052097326543319, -0.11865861773813893, 0.31481505279051647, -0.7236066443138676, 0.38916979344279296, -0.5828723022655347, 0.07042241869940344, -0.042644249385938665, 0.43840316810275987, -0.09839563565765946, -0.10563806791633759], [0.4876121879516967, 0.661802294363244, 0.5093577332850499, 0.4998261499717972, 0.004730036064684251, 0.2567799894913936, 0.19413454470209987, -0.3246566890072438, -0.3007224646752351, -0.7199126015975335, -0.3106714356396677, -0.6681523181996502, 0.07998231277115364]], "inverted": false, "swapped": true, "error_lsq": 0.0477908878781279, "error_max": 0.2724431120299406, "target": "205.xyz", "model": "6.xyz", "model_rescale": 4.08911054899281, "target_rescale": 4.242312053089046},
{"mapping": [14, 10, 11, 12, 6, 0, 8, 7, 1, 13, 3, 2, 5, 9, 15], "R": [[0.30227993801730524, 0.8959483015120024, -0.32542814889006233], [0.1781946153722671, -0.38849372925147374, -0.904057133916111], [-0.9364152487676525, 0.21528879058149109, -0.27708702337961433]], "T": [-0.027076026983489383, -0.04469886158674498, 0.06534504380199352], "aligned_model": [[0.12719478985673568, 0.4346276786386618, 0.6458575779831291, -0.45832076626060775, -0.5814597774902295, 0.028219591327393538, -0.022601000557407235, 0.3961342063824401, -0.7487437811277667, -0.3018127640709903, -0.5166136963936265, 0.04736383126685333, 0.3384089152824091, 0.6812227483209392, -0.03314401335837955], [-0.6062313038885986, -0.5320559710761806, -0.41052719671372245, -0.3996094681306273, 0.17820084988747575, 0.740503055203049, 0.0007589748326343598, 0.33126201504981656, -0.1327672468200352, -0.6727466268449557, 0.4189768863232204, -0.04666567131634959, 0.42555920432896116, 0.054428330513763876, -0.048327015179338795], [-0.5285690610630982, 0.20056027887052352, -0.36032556128882043, -0.4268332185066867, -0.345225961437756, -0.10761935167350709, -0.6316597292918689, -0.24872895451039395, 0.15286597743532676, -0.016715187574162266, 0.17458260204304574, 0.7384042605741035, 0.4054979844132479, 0.41648670150786654, 0.04134925258425978]], "inverted": false, "swapped": true, "error_lsq": 0.04378588551463104, "error_max": 0.3009256749926911, "target": "205.xyz", "model": "7.xyz", "model_rescale": 3.964800864290218, "target_rescale": 4.242312053089046},
{"mapping": [6, 12, 8, 3, 7, 4, 0, 14, 13, 10, 2, 9, 11, 15], "R": [[0.6643908688732032, 0.45657381437378597, 0.5917137191126144], [0.4515374241972646, 0.3856774956353075, -0.8045910911200654], [-0.5955658888042615, 0.8017438627071923, 0.05008044233172359]], "T": [-0.09969804426544361, -0.0050648175042050745, 0.09891382795524117], "aligned_model": [[-0.18105652792439125, 0.2696419528706887, 0.35457542418327903, -0.6545252719922583, 0.06965221733780368, -0.35706571041026336, -0.42400855429838963, 0.7066931281238826, 0.21510065773988685, 0.28944176232292196, -0.5303979445352176, -0.10448988577604106, 0.6911977600589347, -0.08357111823996342], [-0.22280686088197213, -0.5018842555969197, 0.1096233287600345, -0.07687402871651076, 0.593842335855337, -0.6740313300799584, 0.5729616896087173, -0.19040835966634717, -0.6131163353213507, 0.0018915251442546323, -0.029633934260879603, 0.5460167662732417, 0.30453000253843643, -0.009162077474880823], [-0.5877908933239854, -0.31452470209420813, -0.4191444114726358, -0.29298585010010686, -0.07920598945031176, 0.4163981074245691, -0.359588503329955, 0.013865717364258998, 0.18741965048038267, 0.662378329033249, 0.6208791759699664, 0.6743266757125636, 0.3145532158656682, 0.080234516645566]], "inverted": false, "swapped": true, "error_lsq": 0.04441444095223312, "error_max": 0.31175277604262447, "target": "205.xyz", "model": "8.xyz", "model_rescale": 4.121658175737393, "target_rescale": 4.242312053089046},
{"mapping": [11, 10, 13, 12, 9, 7, 2, 3, 4, 5, 8, 6, 15], "R": [[0.6604138168525914, 0.640701370117997, -0.3916061092974844], [-0.7413331138370579, 0.4733219187748508, -0.47580623738654926], [-0.11949395314761177, 0.6045395897178405, 0.7875614767273356]], "T": [-0.004663202595908918, -0.03259388302756421, 0.009280184176301519], "aligned_model": [[-0.6878769985047481, -0.26182263065375705, 0.35231296859178096, 0.2799315498128262, -0.5343844231821687, -0.5866153073089128, 0.17905930095699119, 0.3737847027000081, 0.6674985453241492, -0.3122517136773781, -0.2780936280439887, 0.2925079366510911, -0.007312806230696278], [0.16539656972684705, -0.26624543986182886, 0.21274096062674114, 0.6176523536427865, -0.6210689006863629, 0.06575807117780977, -0.683338330495814, -0.013199075337654347, -0.27499518601696366, -0.5316066822656151, 0.6074042800360461, 0.5196488452614428, -0.007760026395724335], [-0.5024660040962274, -0.580843872526733, -0.5283414108309319, -0.21512717817659724, -0.0796377619312896, 0.27527755207116356, -0.02721058035701846, 0.5775901326319357, -0.3131958167553158, 0.3653720945529071, 0.06878016891208166, 0.3730266035337195, 0.007851506931394421]], "inverted": true, "swapped": true, "error_lsq": 0.04607144932502012, "error_max": 0.2832384482339839, "target": "205.xyz", "model": "9.xyz", "model_rescale": 3.833441315466971, "target_rescale": 4.242312053089046},
{"mapping": [9, 5, 4, 1, 3, 2, 0, 12, 14, 13, 11, 8, 7, 10, 15], "R": [[-0.9436623912100557, -0.3288964763813205, 0.03644721168582518], [-0.2872130854610599, 0.7593658529655087, -0.5838425685832642], [0.16434699557843396, -0.5614183904842422, -0.8110483683914452]], "T": [-0.11038855498745456, 0.009549020273768765, 0.015402191301171944], "aligned_model": [[0.03416143574142455, -0.13267390023546244, -0.7896578516786861, -0.6141768968111854, -0.45377845448213905, -0.6067807218852729, 0.11876247679259566, 0.003478522996141889, 0.4164949092828918, -0.25315545093538205, 0.6027253007691119, 0.45511592825873004, 0.41975480034594514, 0.018557784242406367, -0.09498286410658746], [-0.7720829457906602, -0.5643591356386073, 0.14585654393734607, 0.5389901117144392, 0.2439865227554957, -0.4483575428369418, -0.07362269570491396, 0.7043653939601238, 0.34357765612072216, 0.3876526817869741, -0.1983306953268174, 0.41195222265845083, -0.20371334882857567, -0.3440342386686884, 0.029221009156631533], [0.06990530033588195, -0.3595094070160901, 0.38223193355233936, -0.030529704042934716, -0.5265365575044495, 0.06510396412020618, -0.752770060171279, 0.2571406886274136, 0.5655574586179902, 0.5751462277111441, 0.4802894078207778, -0.06320084049843323, -0.2888397248175736, 0.5875229341034326, 0.016610286983666914]], "inverted": true, "swapped": true, "error_lsq": 0.05072110894180301, "error_max": 0.36868905458809503, "target": "205.xyz", "model": "10.xyz", "model_rescale": 4.2482417240324, "target_rescale": 4.242312053089046},
{"mapping": [4, 13, 8, 11, 3, 0, 6, 7, 10, 5, 2, 15], "R": [[-0.8679208620361459, -0.4830570592580735, 0.11562549348381153], [-0.059349283609915426, 0.33197439492010533, 0.9414194939836436], [-0.4931440355285895, 0.8102153285506092, -0.316796593422665]], "T": [-0.052597879487196006, 0.02264214122565706, -0.04717862825624514], "aligned_model": [[-0.7321830999752331, -0.24331044133115187, 0.42559534248434566, 0.7023970418036078, -0.45207581772124195, 0.1611288916595559, -0.16506128120529623, 0.49694555030002924, 0.1593691128963291, 0.01867563772520861, -0.4536493993028043, -0.04106593497034176], [-0.354811186350048, -0.6178920992851367, -0.02547076996249411, -0.37863818687827244, 0.4834409733219807, 0.778838403008521, 0.17362020626831462, 0.36443181623429804, -0.4296544009649906, 0.5438369833365412, 0.11275563385426005, 0.015674017467665988], [-0.1483887652535249, 0.12603441170611657, 0.45969264209407584, -0.2390698438327269, 0.26048512701041154, 0.1317191598736266, 0.6529297788456525, -0.06384583072354741, -0.5156530200985608, -0.48729445038668673, -0.5853153274494842, -0.026101591930995652]], "inverted": true, "swapped": true, "error_lsq": 0.043599498822302934, "error_max": 0.2312938692336597, "target": "205.xyz", "model": "11.xyz", "model_rescale": 3.6694154284099745, "target_rescale": 4.242312053089046},
{"mapping": [3, 1, 13, 12, 6, 5, 0, 9, 14, 11, 10, 8, 2, 15], "R": [[-0.8063093594863516, 0.5214377740909173, -0.27922726327459313], [0.19114707828691485, -0.21703653813974805, -0.9572658646241856], [-0.5597571002382065, -0.8252259017162653, 0.07532728502668418]], "T": [-0.03523099535870262, 0.020619925176299417, -0.059437023871698684], "aligned_model": [[0.05894737836737459, 0.10066175093639254, 0.06972160815445175, 0.5319664690468542, 0.547788336286723, -0.4273234676959047, 0.18444888857314104, -0.5802756481885953, 0.4246500724824643, 0.12105063671732866, -0.3538096761858253, 0.6260669140759932, -0.6946324241600026, -0.010995988154585405], [-0.3542684405752344, 0.22998420722743673, 0.6897751178856638, 0.4646382525511781, -0.08550770027317285, -0.519370325141128, -0.754694574347265, -0.214625676968496, 0.5695584973896615, 0.2796872517322575, 0.41401018193812744, 0.002666748282542722, -0.01706502452314544, 0.026198772957827764], [-0.6226104609657231, -0.7478555452515953, -0.19313231477878676, -0.24734063482117002, -0.4770727031293097, 0.09899257338523251, -0.07145838241268818, 0.47197585909312667, 0.36367995761375443, 0.7629531774927906, 0.4017810956304243, 0.16476122073738345, -0.20884743307963835, -0.05673094986138515]], "inverted": true, "swapped": true, "error_lsq": 0.04345448452422291, "error_max": 0.2628931888331042, "target": "205.xyz", "model": "12.xyz", "model_rescale": 3.9764082729961374, "target_rescale": 4.242312053089046},
{"mapping": [5, 1, 7, 9, 2, 4, 12, 6, 13, 4, 3, 14, 10, 8, 11, 15], "R": [[0.6552281678685921, 0.003240979078919237, 0.7554240822784101], [-0.24897894048236208, 0.9450436162347395, 0.2119010396629677], [-0.7132219396708491, -0.32692821760835544, 0.6200261327585921]], "T": [0.06788649745519468, -0.07093660936765155, 0.01053446197967986], "aligned_model": [[0.1317456278241402, -0.18255467844942405, -0.5525471508978419, -0.14186414925772659, -0.6751067859327944, -0.13245354251323468, 0.36257281062012736, 0.6042553738274057, 0.6718649901314169, -0.13245354251323468, -0.07460059904911318, 0.5929078600153747, 0.18587214239416427, -0.21591770861322232, 0.3911051528932812, 0.053366104536844344], [-0.31255522119808987, -0.5553911987120865, 0.34846265203249815, -0.5444753577928003, -0.20122712152795535, 0.3165503191327026, -0.6302646685563542, 0.2641193052805725, -0.11673245996797148, 0.3165503191327026, 0.6619082373009837, 0.5068896876014628, -0.412856605349353, 0.08261293323051229, 0.20379807403985384, 0.032845148043050235], [-0.7896944825857939, 0.3359657858187076, -0.09046081737207701, -0.2948584758251701, 0.26985063422402744, -0.5600630059484887, 0.09728487400017834, -0.4180734803378714, 0.09767381382057164, -0.5600630059484887, 0.39922367633300837, 0.18164080014832282, 0.7283902991047073, 0.6394466555602456, 0.681798384188511, -0.014106556491821434]], "inverted": false, "swapped": false, "error_lsq": 0.04217358455184253, "error_max": 0.3843482785285858, "target": "205.xyz", "model": "13.xyz", "model_rescale": 4.170626492500431, "target_rescale": 4.242312053089046},
{"mapping": [10, 14, 4, 12, 2, 3, 1, 11, 9, 8, 7, 6, 0, 15], "R": [[-0.07162380396767079, -0.857598522855379, 0.5093081624139486], [0.5723762515215164, 0.3828380086794769, 0.7251348052634841], [-0.8168570605677463, 0.3434528100141343, 0.46344871333731885]], "T": [0.021696118244780224, 0.09937410449390405, 0.021946183663981975], "aligned_model": [[0.4297039576286249, -0.06312889541886803, -0.33414253088253043, -0.5674880668677423, 0.26667708156917524, -0.35299433649210676, -0.6577356720823809, 0.5035143978125652, 0.8033741989520348, -0.14796542090331383, 0.39758414825171573, -0.5831549155365815, 0.1397578874435894, 0.009181188617462114], [-0.283696062052339, -0.7269006749649878, 0.23327927047106656, -0.35123686613878463, 0.5176547688726187, 0.6335986097167005, 0.29690205676881604, -0.6245919279426616, 0.20045538471367452, -0.32613435016708864, 0.03933738615517718, 0.1424537007293092, 0.5221327502847289, 0.08282042147943589], [-0.3727147774828256, 0.06584195260427438, -0.6636184307573243, 0.08507109823411994, -0.4508957386888081, 0.2239026498896634, -0.1666683757851843, 0.12960212110322455, -0.09456893131629902, 0.5492597636284897, 0.5455870340104071, 0.41930439720259893, 0.6978551151774733, 0.03591522330105634]], "inverted": true, "swapped": true, "error_lsq": 0.050481434415937616, "error_max": 0.34385844618491984, "target": "205.xyz", "model": "14.xyz", "model_rescale": 3.9786697098870705, "target_rescale": 4.242312053089046},
{"mapping": [2, 1, 5, 9, 3, 0, 13, 8, 7, 10, 6, 15], "R": [[-0.33065318581791303, -0.5811980799593014, 0.7435571683200198], [-0.4701799498881022, 0.7845821363151853, 0.40418026436025045], [-0.8182904651966113, -0.21596218008420298, -0.5326922670187656]], "T": [-0.015844699991392514, -0.07605450794360441, 0.014151549086208023], "aligned_model": [[0.06186555414389171, -0.6810107680191134, 0.5444059305831335, 0.6528201808923896, -0.20147457141993189, 0.42493197905337843, -0.5719942402163142, -0.004016623522550153, 0.5324663154582443, 0.13906924623729208, -0.39027914324371193, -0.02342926317937133], [-0.4441401556984224, 0.1238300235593163, -0.04750715901335412, -0.47996571861154247, 0.42939195504425126, 0.5782411170947692, -0.3908551972203452, 0.30285159272568146, 0.1818960270969348, -0.7089502224536697, 0.5341366571220376, -0.0642544294212178], [-0.5489007952281328, -0.21784107511485093, -0.38047510282452096, -0.14255464114682348, -0.4061347783006483, -0.15055877816397262, 0.27541074349536976, 0.6008306419058821, 0.24199472017499302, 0.22490046976769507, 0.1284308749809142, 0.034864214327925185]], "inverted": true, "swapped": true, "error_lsq": 0.05096938543107432, "error_max": 0.2560704625167794, "target": "205.xyz", "model": "15.xyz", "model_rescale": 3.769337070930944, "target_rescale": 4.242312053089046},
{"mapping": [7, 10, 0, 5, 8, 14, 6, 13, 3, 2, 15], "R": [[-0.317738314686911, 0.6908230740622759, -0.6494658141296346], [-0.10270776466713083, 0.6558551699481703, 0.7478670410770474], [0.9425993202082226, 0.3043311952386809, -0.13743742266061704]], "T": [-0.035542190649891635, -0.00131531200087482, 0.07268216614511035], "aligned_model": [[-0.24816484755475668, -0.33145989556558614, -0.17367347483150322, -0.6401904734320423, 0.3857333832612749, 0.3703135805263163, 0.5701878603684292, 0.3822166565681762, 0.1339395541144553, -0.5111672245345279, -0.01510898822906475], [0.23247627404396265, -0.6125979307980264, 0.7319049695918779, 0.3203375443847192, 0.061447771416198275, -0.5647374313799433, 0.39626978185989237, -0.508947176618037, 0.5888354299284362, -0.04678946129244405, -0.002135273511293962], [-0.49232142576228743, -0.015276321925602368, -0.23198831918016316, 0.035725317037589965, -0.48093302571189656, -0.3852356660487257, 0.047956208573034544, 0.28350338737570985, 0.37197000935588664, 0.55254339505111, 0.05827404845912107]], "inverted": true, "swapped": true, "error_lsq": 0.04606583887692577, "error_max": 0.2503040094186496, "target": "205.xyz", "model": "16.xyz", "model_rescale": 3.7852294659196426, "target_rescale": 4.242312053089046},
{"mapping": [2, 0, 6, 3, 5, 7, 14, 8, 1, 4, 10, 12, 15], "R": [[0.4175410772982683, 0.6065284896794838, -0.676596364146103], [-0.07056221865139217, -0.7207188027880133, -0.6896269865708606], [-0.9059141361451397, 0.3356897354923698, -0.2581317094381628]], "T": [-0.06689090201760148, 0.12758284869591313, -0.07090977811006763], "aligned_model": [[-0.08315181847294473, -0.48240574842442996, 0.2960569971556881, 0.1678109366222395, -0.5791245868156665, -0.6357303702454795, 0.005462040586065503, -0.14218688202865565, 0.6213147510629906, 0.5548465181968832, -0.24832865201244572, 0.4408100438311694, -0.061607379239131455], [0.09363279644319862, -0.5298223721430904, -0.2745048389465037, -0.5133254149456372, -0.16428213310944906, 0.012007571184630972, 0.7567068413329403, 0.16016019172584733, -0.12231906407579801, 0.27080528199237697, 0.7523341522285056, 0.30308582941851425, 0.13057678259733868], [-0.7470287370712845, 0.14047169143275987, 0.41094962926604495, -0.09786933368675411, -0.421419976452888, 0.21572583275732052, 0.4683676887182562, 0.6227553619858986, -0.08283935204421237, -0.5264100450039876, -0.2847708904257389, 0.44446528824692444, -0.04664246057916499]], "inverted": true, "swapped": true, "error_lsq": 0.048352594950793845, "error_max": 0.29538223692172344, "target": "205.xyz", "model": "17.xyz", "model_rescale": 3.901054581598922, "target_rescale": 4.242312053089046},
{"mapping": [14, 12, 10, 11, 1, 2, 6, 8, 4, 5, 3, 0, 7, 9, 15], "R": [[-0.9217761538447672, 0.27689049729704135, 0.27140444858134805], [-0.1187387223018748, -0.8679603055061952, 0.4822302602405938], [0.3690932646761069, 0.41228213710054146, 0.832942735966011]], "T": [-0.025711140856719716, 0.030559887341069538, 0.015475725427281746], "aligned_model": [[0.20559488595266076, 0.15662452747186564, -0.33748653199122314, 0.22586979341104424, -0.2312298466169373, -0.5883466348681039, 0.3716561138635933, 0.5890943529967281, -0.7116247306161334, -0.027354802043790316, 0.06331579746191549, 0.5335616758016548, 0.48524354315684, -0.18786120600817557, -0.00797072688290432], [-0.011368740244993434, -0.5335229510313211, 0.4484832682248669, 0.5506606120686729, -0.6620419680051475, 0.24343242015327163, -0.5666519751956018, -0.1055239943303718, -0.3468474409392034, 0.5128399466104338, -0.36605325682159373, 0.1421879088270316, 0.420626873945638, 0.8033228262133167, 0.019213820352106857], [-0.7823912088381667, -0.4347878209426678, -0.4284911392634801, -0.6433624498208632, 0.13499573725340913, 0.3264105349475624, 0.12050634318377448, -0.2868444299476502, -0.024982081958390537, 0.5031530341032254, 0.5644268992422741, 0.584922333111525, 0.09208522646168658, 0.12205253230766865, 0.0019728950120688604]], "inverted": true, "swapped": true, "error_lsq": 0.0392898550134888, "error_max": 0.27508670670201907, "target": "205.xyz", "model": "18.xyz", "model_rescale": 3.9405287249114394, "target_rescale": 4.242312053089046},
{"mapping": [11, 7, 12, 13, 4, 14, 9, 10, 5, 3, 1, 2, 8, 0, 6, 15], "R": [[0.8416725351342861, 0.1905442909686339, -0.505252626692712], [0.20859320414463994, -0.9777713918673936, -0.021259831381573314], [-0.49807250354270405, -0.08749844812887214, -0.8627095703594243]], "T": [-0.0525407995958879, -0.018598858028738792, 0.02642303603691143], "aligned_model": [[0.3801228746778319, -0.18736767920384587, -0.5293052080216704, -0.24546536819982584, -0.6464685162083832, -0.15882524646523982, 0.2944859503414595, 0.4189137333483384, 0.7158353996277184, -0.1631171820756877, -0.0536068272985707, 0.7032913141431215, 0.22716399949559915, -0.2274302350314212, 0.3763216433062245, -0.018356747419486175], [-0.30421169184516045, -0.6582025137957265, 0.20495845679379662, -0.4593999450694979, -0.19596404177138052, 0.10006064880162857, -0.7026458189737389, 0.33169083945818784, -0.21619360884973954, 0.7459319198909531, 0.5851789332930105, 0.4071712062940313, -0.26203161772273825, 0.14094479908533777, 0.2429328895627652, 1.3587537998724364e-05], [-0.47401742597943464, 0.2878698279583825, -0.12476191049264332, -0.442409938341637, 0.41431024599811245, -0.7314440366536994, 0.0006929562397810507, -0.4960057037423863, 0.2750532306503965, -0.33231663019078234, 0.29282623847825956, 0.07898681805887398, 0.6857999179556753, 0.6718947742281801, 0.5795609986303194, 0.017915735891170827]], "inverted": false, "swapped": false, "error_lsq": 0.041515161009564525, "error_max": 0.33323421347511323, "target": "205.xyz", "model": "19.xyz", "model_rescale": 4.410303926677745, "target_rescale": 4.242312053089046},
{"mapping": [6, 12, 8, 3, 7, 4, 0, 14, 13, 10, 2, 9, 11, 15], "R": [[0.6643908688732032, 0.45657381437378597, 0.5917137191126144], [0.4515374241972646, 0.3856774956353075, -0.8045910911200654], [-0.5955658888042615, 0.8017438627071923, 0.05008044233172359]], "T": [-0.09969804426544361, -0.0050648175042050745, 0.09891382795524117], "aligned_model": [[-0.18105652792439125, 0.2696419528706887, 0.35457542418327903, -0.6545252719922583, 0.06965221733780368, -0.35706571041026336, -0.42400855429838963, 0.7066931281238826, 0.21510065773988685, 0.28944176232292196, -0.5303979445352176, -0.10448988577604106, 0.6911977600589347, -0.08357111823996342], [-0.22280686088197213, -0.5018842555969197, 0.1096233287600345, -0.07687402871651076, 0.593842335855337, -0.6740313300799584, 0.5729616896087173, -0.19040835966634717, -0.6131163353213507, 0.0018915251442546323, -0.029633934260879603, 0.5460167662732417, 0.30453000253843643, -0.009162077474880823], [-0.5877908933239854, -0.31452470209420813, -0.4191444114726358, -0.29298585010010686, -0.07920598945031176, 0.4163981074245691, -0.359588503329955, 0.013865717364258998, 0.18741965048038267, 0.662378329033249, 0.6208791759699664, 0.6743266757125636, 0.3145532158656682, 0.080234516645566]], "inverted": false, "swapped": true, "error_lsq": 0.04441444095223312, "error_max": 0.31175277604262447, "target": "205.xyz", "model": "20.xyz", "model_rescale": 4.121658175737393, "target_rescale": 4.242312053089046},
{"mapping": [2, 3, 0, 5, 7, 4, 6, 10, 12, 14, 8, 11, 15], "R": [[0.1884451492064021, 0.7324681154599383, -0.6542009519827552], [0.7981554555020461, -0.5023560962674873, -0.3325450667130878], [-0.5722204947333658, -0.4594875541050675, -0.6792899918515248]], "T": [0.06037015097299031, -0.12225232605079722, 0.09528251274454569], "aligned_model": [[0.23801222420416038, -0.217384506679078, 0.3507998571960423, 0.6142270326923387, 0.5292713283257799, -0.41590931231039974, -0.443881637338499, 0.3440085265390725, -0.5398210737836966, -0.08444563658577037, -0.03327227069459292, 0.48986239623268923, 0.049615976866248], [-0.6448177189813973, 0.1394399747322525, 0.5052097326543319, -0.11865861773813893, 0.31481505279051647, -0.7236066443138676, 0.38916979344279296, -0.5828723022655347, 0.07042241869940344, -0.042644249385938665, 0.43840316810275987, -0.09839563565765946, -0.10563806791633759], [0.4876121879516967, 0.661802294363244, 0.5093577332850499, 0.4998261499717972, 0.004730036064684251, 0.2567799894913936, 0.19413454470209987, -0.3246566890072438, -0.3007224646752351, -0.7199126015975335, -0.3106714356396677, -0.6681523181996502, 0.07998231277115364]], "inverted": false, "swapped": true, "error_lsq": 0.0477908878781279, "error_max": 0.2724431120299406, "target": "205.xyz", "model": "21.xyz", "model_rescale": 4.08911054899281, "target_rescale": 4.242312053089046},
{"mapping": [10, 13, 0, 7, 4, 6, 12, 5, 9, 8, 1, 11, 14, 2, 15, 16], "R": [[0.02592852432827542, 0.8721295024713959, 0.48858759966371845], [-0.9930019143159684, -0.03386147876963563, 0.11313972962826019], [0.11521679474356297, -0.4881019680092773, 0.8651482873094591]], "T": [0.06020494835335799, -0.0042915277138078035, 0.08444130037330064], "aligned_model": [[0.36055534283618185, -0.27779214748619074, -0.6789275033567556, -0.2411083285653473, -0.5325377500430047, -0.22449454617175352, 0.25754014600212016, 0.6054433764267108, 0.7152507857511382, 0.10549428547059746, -0.2152754283589055, 0.48791592744598067, 0.3597430168146316, -0.22864267972607094, 0.37675188227989115, 0.01627552569693863], [-0.35392479586599734, -0.5676757418077075, 0.1009413551547873, -0.4368039604873167, -0.1420292616595821, 0.16611836156471924, -0.7143119968797098, 0.13487284252377632, -0.2705886060799269, 0.5842483007563435, 0.7190318950656053, 0.6280922927480115, -0.3705033319644973, 0.2195757499063182, 0.28571080552920197, -0.022519865814297806], [-0.5778891515539591, 0.15575859520469493, -0.1221710355881219, -0.3929887915336574, 0.424994667722738, -0.5829946860737855, 0.040860809687196985, -0.3410905886275636, -0.002440392312952233, -0.2793330311948834, 0.26025986984530836, 0.13964141124448556, 0.5180176441894822, 0.7071003717254285, 0.6736812372661548, 0.08254816868800213]], "inverted": false, "swapped": false, "error_lsq": 0.04019872344392622, "error_max": 0.2650763121477234, "target": "205.xyz", "model": "22.xyz", "model_rescale": 4.204369325754507, "target_rescale": 4.242312053089046},
{"mapping": [11, 7, 12, 13, 4, 14, 9, 10, 5, 3, 1, 2, 8, 0, 6, 15], "R": [[0.8416725351342861, 0.1905442909686339, -0.505252626692712], [0.20859320414463994, -0.9777713918673936, -0.021259831381573314], [-0.49807250354270405, -0.08749844812887214, -0.8627095703594243]], "T": [-0.0525407995958879, -0.018598858028738792, 0.02642303603691143], "aligned_model": [[0.3801228746778319, -0.18736767920384587, -0.5293052080216704, -0.24546536819982584, -0.6464685162083832, -0.15882524646523982, 0.2944859503414595, 0.4189137333483384, 0.7158353996277184, -0.1631171820756877, -0.0536068272985707, 0.7032913141431215, 0.22716399949559915, -0.2274302350314212, 0.3763216433062245, -0.018356747419486175], [-0.30421169184516045, -0.6582025137957265, 0.20495845679379662, -0.4593999450694979, -0.19596404177138052, 0.10006064880162857, -0.7026458189737389, 0.33169083945818784, -0.21619360884973954, 0.7459319198909531, 0.5851789332930105, 0.4071712062940313, -0.26203161772273825, 0.14094479908533777, 0.2429328895627652, 1.3587537998724364e-05], [-0.47401742597943464, 0.2878698279583825, -0.12476191049264332, -0.442409938341637, 0.41431024599811245, -0.7314440366536994, 0.0006929562397810507, -0.4960057037423863, 0.2750532306503965, -0.33231663019078234, 0.29282623847825956, 0.07898681805887398, 0.6857999179556753, 0.6718947742281801, 0.5795609986303194, 0.017915735891170827]], "inverted": false, "swapped": false, "error_lsq": 0.041515161009564525, "error_max": 0.33323421347511323, "target": "205.xyz", "model": "23.xyz", "model_rescale": 4.410303926677745, "target_rescale": 4.242312053089046},
{"mapping": [8, 14, 12, 15, 13, 5, 9, 4, 10, 2, 0, 3, 11, 7, 1, 16], "R": [[0.5026482310817716, -0.8611641031742954, -0.0757703318877368], [-0.43600609101344, -0.1768516290765237, -0.8823957104905712], [0.7464874040394427, 0.47657096921339165, -0.4643669528653634]], "T": [-0.003538271244124022, -0.09586664605076038, 0.08564003947503482], "aligned_model": [[0.5481410079241729, -0.28245537848985364, -0.6546558510196162, -0.16852318615895762, -0.6328274850113424, -0.2602836104462577, 0.28745066057033003, 0.35074373660548747, 0.639773308398657, 0.12714298338371105, -0.15563124250108895, 0.5606298676583295, 0.20196633022389848, -0.1974645306553976, 0.4551705713804324, 0.06701472315365814], [-0.3318783912258651, -0.7023957763627784, 0.3689160672685801, -0.5883558192130599, -0.2152286539919096, 0.11102824114245192, -0.6396760573837939, 0.17311269722474154, -0.1955365980123196, 0.6991076861231613, 0.6407510359618315, 0.5995979494806735, -0.44004500917986406, 0.1658657519619232, 0.314195424962998, 0.000775493932957616], [-0.47619187162489873, 0.1973434475844422, 0.0069078256708050845, -0.4037969666894039, 0.37535441662195856, -0.4499702385062805, -0.02398089527506997, -0.4397348217395821, 0.08588180197297089, -0.3431165022265491, 0.15381576629031593, 0.00023341184168004792, 0.575569217765125, 0.665139525603866, 0.683779358684435, 0.09672162271475444]], "inverted": false, "swapped": false, "error_lsq": 0.04539362353516421, "error_max": 0.3094065847503756, "target": "205.xyz", "model": "24.xyz", "model_rescale": 4.28219845311461, "target_rescale": 4.242312053089046},
{"mapping": [0, 14, 13, 2, 12, 4, 6, 1, 8, 3, 9, 5, 10, 11, 5, 15], "R": [[-0.8859288420143352, -0.24248644840043815, -0.39538640496264005], [0.26866928348775804, -0.9631662210024454, -0.011298089663447662], [-0.3780831958674094, -0.11623748561462535, 0.9184453951872567]], "T": [-0.06590021078045138, 0.041161345554466634, -0.015846999110662646], "aligned_model": [[0.2803860235570796, -0.2906221877708377, -0.6511903920183879, -0.31061522976321687, -0.6216426538341975, -0.11543440125272975, 0.4057841547590979, 0.4969412454067833, 0.5726177832493876, 0.17983538290930692, -0.24501368347532287, 0.5307071609573377, 0.25476572150193333, -0.09195520822609765, 0.5307071609573377, -0.03907897194131138], [-0.3614515145024734, -0.5869173160416639, -0.012085835031238744, -0.5173617797362973, 0.005715852391281154, 0.16156256085537526, -0.7247270773558936, 0.2527351367843513, -0.11353467733769793, 0.6806381336621389, 0.6310198057804844, 0.4557903288385288, -0.4135451394276747, 0.04038212243668924, 0.4557903288385288, 0.006223112535290211], [-0.6351554043991018, 0.3517966500929851, -0.10254531768225439, -0.3272093320727951, 0.5079028020693439, -0.7353596705446217, -0.07175690805760876, -0.23567289592065535, 0.20845183889408792, -0.3774113783369101, 0.2613876391974761, 0.4284762290949916, 0.5499446508953559, 0.5280257812047661, 0.4284762290949916, -0.07539581484148272]], "inverted": false, "swapped": false, "error_lsq": 0.046945793440976005, "error_max": 0.29983264561195877, "target": "205.xyz", "model": "25.xyz", "model_rescale": 4.100010024507729, "target_rescale": 4.242312053089046},
{"mapping": [4, 13, 8, 11, 3, 0, 6, 7, 10, 5, 2, 15], "R": [[-0.8679208620361459, -0.4830570592580735, 0.11562549348381153], [-0.059349283609915426, 0.33197439492010533, 0.9414194939836436], [-0.4931440355285895, 0.8102153285506092, -0.316796593422665]], "T": [-0.052597879487196006, 0.02264214122565706, -0.04717862825624514], "aligned_model": [[-0.7321830999752331, -0.24331044133115187, 0.42559534248434566, 0.7023970418036078, -0.45207581772124195, 0.1611288916595559, -0.16506128120529623, 0.49694555030002924, 0.1593691128963291, 0.01867563772520861, -0.4536493993028043, -0.04106593497034176], [-0.354811186350048, -0.6178920992851367, -0.02547076996249411, -0.37863818687827244, 0.4834409733219807, 0.778838403008521, 0.17362020626831462, 0.36443181623429804, -0.4296544009649906, 0.5438369833365412, 0.11275563385426005, 0.015674017467665988], [-0.1483887652535249, 0.12603441170611657, 0.45969264209407584, -0.2390698438327269, 0.26048512701041154, 0.1317191598736266, 0.6529297788456525, -0.06384583072354741, -0.5156530200985608, -0.48729445038668673, -0.5853153274494842, -0.026101591930995652]], "inverted": true, "swapped": true, "error_lsq": 0.043599498822302934, "error_max": 0.2312938692336597, "target": "205.xyz", "model": "26.xyz", "model_rescale": 3.6694154284099745, "target_rescale": 4.242312053089046},
