[{"mapping": [10, 7, 3, 0, 2, 9, 11, 8, 6, 5, 1, 13], "R": [[0.00750517131412376, 0.9284856758372314, 0.3712923675065589], [0.40847326565386305, -0.3417588567408596, 0.8463749022066107], [0.912739428122624, 0.14531081723072298, -0.38182653489002727]], "T": [-0.03927620641714333, -0.00645653467380293, 0.06544927325846125], "aligned_model": [[-0.46358178431089947, 0.060718639660811785, 0.5794824520183699, -0.17832664908076315, -0.06321815679005593, -0.5722090336066991, 0.4578811275198563, -0.12382723197473605, 0.6534429763339594, 0.24149627453018688, -0.6664384443905487, -0.08777770744893323], [-0.31332145983794674, -0.6009189125213467, -0.1998749672173049, 0.5643399968917744, 0.276297767354924, -0.5213976650425453, -0.25216188008291474, -0.5258354355541376, 0.05912543054034049, 0.44120875559839734, 0.1676378929155371, -0.04154448706772022], [-0.5895153315611664, -0.1594504117769002, -0.5237172209317776, -0.013304031921985857, -0.6349472964085271, 0.08017461948764681, 0.5385064766045513, 0.6885191209105714, 0.11108415972309985, 0.47510171119064804, 0.16462704572434955, 0.04487290431305279]], "inverted": true, "swapped": true, "error_lsq": 0.04751655744895464, "error_max": 0.24583687885854563, "target": "207.xyz", "model": "0.xyz", "model_rescale": 3.751011558992144, "target_rescale": 4.150589411347976},
{"mapping": [7, 6, 0, 2, 3, 12, 13, 8, 10, 4, 1, 9, 11, 14], "R": [[-0.6521767434141073, -0.2825580425970871, -0.7034390150634754], [0.6097464956700007, -0.7468745348978076, -0.2653066907172477], [-0.4504161479875287, -0.6019463279104593, 0.6593829782055268]], "T": [0.05438624519899332, -0.09711363423909108, 0.054517981605070244], "aligned_model": [[-0.09558755944144443, -0.2664605487745907, 0.5302441815211472, 0.6069810789140051, 0.11451231720305921, -0.4783095847102528, -0.07699255789849327, 0.622539388937174, -0.310945696942909, 0.32434633464565893, 0.4031005130031546, -0.4022425844109149, -0.7121912992681685, 0.0042938522014405595], [0.3965067088675818, 0.572599233852978, 0.15531649513906504, -0.6136737281304725, -0.2550412604161996, -0.12172763960261851, -0.7265630400539556, -0.2392539402963516, -0.15037483145548292, 0.204379751970873, 0.5058344586054171, -0.5470957706574433, 0.11370344870697671, -0.11105263336893807], [-0.362043944871854, 0.1652778767788561, -0.479656870593003, -0.2794621392681844, -0.6903642975962813, -0.4627869648380065, -0.28317308122686874, 0.36663397093314565, 0.7867403283350529, 0.7340746445018487, 0.03133380163651726, 0.20681968943447931, 0.12267966280120099, 0.037189712493461285]], "inverted": false, "swapped": false, "error_lsq": 0.04286158416365382, "error_max": 0.3711065185364371, "target": "207.xyz", "model": "1.xyz", "model_rescale": 3.9405287249114394, "target_rescale": 4.150589411347976},
{"mapping": [10, 3, 7, 5, 6, 9, 0, 4, 11, 8, 12, 1, 13], "R": [[0.19841346717002578, 0.47390227530244866, 0.8579328234242651], [-0.8475591903868547, -0.35663239634666316, 0.3930098633200141], [0.4922149071659133, -0.8051272988411204, 0.3308995585135354]], "T": [-0.05474302430322388, 0.01564150873906712, 0.07301665705668695], "aligned_model": [[-0.5243918296190062, 0.33647410507452324, -0.3448445770746146, 0.4157021102668401, 0.5105270091360399, -0.7931885109071367, 0.21397399915122212, 0.6700262068018124, 0.12786685901391953, -0.5024805641324511, -0.07424966715763866, -0.42678322891699305, -0.11264863235258574], [0.7025959870276822, 0.45088109899935847, 0.15148533558606805, -0.38926819795583223, -0.15447394405765727, 0.047596180627394576, 0.18092508953691078, 0.2667008568846369, -0.5676703636659333, -0.6322107292063754, -0.6968284201179882, 0.0578953404359888, 0.04120435947776334], [-0.03044098509195209, -0.578831317600293, -0.48497250057498664, 0.32157655498714777, -0.2981624441743552, 0.01755708509584389, 0.574831651206435, 0.03800574587172226, -0.3241237955716646, -0.13896901904545322, 0.3297186904910787, 0.6145683839181554, 0.07236230007696576]], "inverted": true, "swapped": true, "error_lsq": 0.04675603019282007, "error_max": 0.24189434207777535, "target": "207.xyz", "model": "2.xyz", "model_rescale": 3.932901565614263, "target_rescale": 4.150589411347976},
{"mapping": [7, 5, 9, 11, 8, 3, 3, 10, 2, 6, 12, 1, 0, 13], "R": [[0.5814044937673575, -0.033927129888185886, 0.8129069839069369], [-0.4919601849253159, -0.810450434640752, 0.31803344075563084], [0.6480308565765769, -0.5848239417535559, -0.4878903217696182]], "T": [-0.040431132698951155, -0.06334343986399546, -0.03157416845055027], "aligned_model": [[-0.3118024766602535, 0.13702668004032392, 0.36073901550474174, 0.5352471592997282, 0.1559396156751728, -0.2823767277163566, -0.2823767277163566, 0.517105809321982, -0.47232753389573423, 0.1433801712757614, 0.5996123074451308, -0.2030365265287643, -0.6773706787629886, 0.04352774769647824], [0.42421954688597097, 0.6183300005524953, 0.4037173541117002, -0.697593771865234, -0.20670392412561217, -0.3886436644140512, -0.3886436644140512, -0.2807909033311776, 0.018882386147153846, 0.2148635907274077, 0.2853239880407822, -0.5938419342717756, -0.22176103275041512, -0.003800718131764011], [-0.4769756446214661, 0.11205636793779636, -0.4324602698682285, -0.28461511147209045, -0.7241584783126566, -0.3419410014733074, -0.3419410014733074, 0.36214476583489585, 0.6761717360578058, 0.5646695009853511, 0.19625302397021993, 0.4592409232496575, 0.10319307559197424, 0.021624502113719593]], "inverted": false, "swapped": false, "error_lsq": 0.05933678895735784, "error_max": 0.35455175676415684, "target": "207.xyz", "model": "3.xyz", "model_rescale": 3.9243930471874484, "target_rescale": 4.150589411347976},
{"mapping": [3, 10, 4, 6, 0, 7, 11, 2, 1, 9, 12, 8, 13], "R": [[0.41090913365574605, -0.13927978233192406, 0.9009743759463177], [0.06138783813918046, -0.9817912943734121, -0.179770374703894], [0.9096071774160989, 0.12917815808468758, -0.3948769254678797]], "T": [0.06951268562594076, -0.01721940517639941, -0.04890917860826495], "aligned_model": [[0.0028670358536372342, -0.32605439659394636, 0.6334806372970632, 0.2784313000941151, 0.5979428786465426, -0.49347665925609324, -0.06212816191072601, 0.33349867026091523, 0.1102179451295953, -0.5449489927089541, 0.17183066915717854, -0.4493268971644097, 0.024871857506434905], [-0.6520012642553907, 0.3455106280124891, -0.42693399134700594, -0.681755807228167, 0.23915736999167203, -0.2348748480851095, -0.5631033829713773, 0.07773703572251389, 0.6305680009500747, 0.39630881660354433, 0.027971840478818434, -0.0540192568868413, 0.023264412696366248], [-0.6489095736611059, -0.6932177582353827, -0.37081150217364833, -0.01748011479568415, -0.12877324679738245, -0.2716948647930513, 0.41584991934909665, -0.750602303380633, 0.06150880598410295, -0.02010193103682774, 0.700342864547181, 0.5792393801736153, -0.06827935980931646]], "inverted": true, "swapped": true, "error_lsq": 0.05362819798425825, "error_max": 0.2762437720070746, "target": "207.xyz", "model": "4.xyz", "model_rescale": 3.8936222436046832, "target_rescale": 4.150589411347976},
{"mapping": [3, 2, 4, 6, 0, 1, 9, 12, 11, 7, 5, 13], "R": [[0.18368482421206572, 0.907014130280284, -0.3789264477785672], [0.9481396906562706, -0.06175264160407906, 0.31179759180781097], [0.25940511243307196, -0.4165476908192133, -0.8713191200224905]], "T": [-0.1280720061990644, -0.05638802722873748, 0.07241906196496908], "aligned_model": [[0.15261713942805777, -0.6130893346784811, -0.15663596265396817, 0.342622521665121, -0.5779499384756772, -0.621553196277547, -0.20996207704969985, 0.1202216600174012, 0.5679808416010534, 0.17264221455747386, 0.0024564478724932726, -0.15180227379113015], [-0.580302280924371, -0.38432135417686286, 0.06547409494007883, 0.06675844418765496, 0.2601684307183778, 0.09267684338433063, -0.4266530692060844, 0.563890391467427, 0.15983595864586564, -0.6153220452607465, 0.5650465931680367, -0.0983291018338994], [-0.5711006219721907, -0.4053847589240225, -0.6851300929563606, -0.42710572339782815, -0.14836962459206876, 0.4819719308312481, 0.7092835819759773, 0.42948317557336724, 0.08120940265380969, 0.17790876368365072, -0.1369462965010453, 0.11346498290098038]], "inverted": true, "swapped": true, "error_lsq": 0.04909253156467495, "error_max": 0.30330367974641836, "target": "207.xyz", "model": "5.xyz", "model_rescale": 3.6523030999806103, "target_rescale": 4.150589411347976},
{"mapping": [12, 8, 11, 5, 6, 1, 7, 0, 9, 2, 3, 4, 13], "R": [[-0.5124049508589367, -0.4735396077750204, -0.7163807690073279], [0.5070605846410133, -0.8401068065505023, 0.1926398637121371], [-0.6930589656290181, -0.26453883165954456, 0.6705881572958464]], "T": [-0.009307679933251073, -0.09079447606202096, -0.006520044489266005], "aligned_model": [[0.2292180300264384, -0.24501575238860282, 0.30718788969267696, 0.5903093866522083, 0.5370592079919267, -0.31438113837612847, -0.3861583459629292, 0.24450871384173103, -0.7202204690928071, -0.02561447368592093, 0.14831739793574628, 0.5879435508594798, -0.07207109282952423], [-0.3862279406642122, 0.024526821888650824, 0.29465484770133604, -0.29662878824251315, 0.3420632839809547, -0.6736804903465088, 0.4304890916072033, -0.5429144825395653, -0.13182378362970187, -0.10638131240136124, 0.6297873019094162, 0.05337537456832697, -0.0964130196688429], [0.6490060009824229, 0.765660022900513, 0.5250615788811346, 0.2059514299825524, 0.012474336913639653, 0.019007437055363202, 0.00801865690899585, -0.2937665016003933, 0.1991938441841959, -0.7618806908795412, -0.4790730694454426, -0.46701219429820345, -0.012531112103447626]], "inverted": false, "swapped": true, "error_lsq": 0.05085358396154201, "error_max": 0.35897389119910633, "target": "207.xyz", "model": "6.xyz", "model_rescale": 4.08911054899281, "target_rescale": 4.150589411347976},
{"mapping": [6, 7, 0, 9, 3, 4, 8, 11, 12, 13, 1, 10, 5, 14], "R": [[0.24485081583433022, -0.9159159406603751, 0.3180346956378868], [0.8395116159498001, 0.03617917601295007, -0.5421358814064788], [0.4850446625524485, 0.39973623411850523, 0.7777805721809573]], "T": [0.006260340206240535, -0.026240547190870572, 0.03668540756293889], "aligned_model": [[-0.05006520049566001, -0.38015944015490244, 0.5166218395820957, 0.6001035222452273, 0.08141211359059206, -0.5017825420916915, -0.053859070768466834, 0.266837532773019, -0.23567705714136358, 0.20374828118622376, 0.7172415942645823, -0.3006813161824916, -0.747511614592253, 0.1470591927639543], [0.30741429767544215, 0.6349857489350806, 0.33620445280919, -0.46178703323732606, -0.11132916531452294, -0.21648297514079756, -0.6401831370625236, -0.3576661387823886, -0.07048888209793758, 0.3427714488323538, 0.14850648456314222, -0.6011591696057853, -0.014848694789638489, -0.11237998362285877], [-0.3302544300335679, 0.14959467730928386, -0.6653266614456171, -0.23202789978559216, -0.7466175825301462, -0.4133698535510506, -0.25419107146333997, 0.4450818655659253, 0.7056475130919567, 0.6372877571338227, 0.08044829282185084, 0.3441432025135004, 0.14713582830208488, 0.025710750591253634]], "inverted": false, "swapped": false, "error_lsq": 0.04403657242235572, "error_max": 0.25136780841783946, "target": "207.xyz", "model": "7.xyz", "model_rescale": 3.964800864290218, "target_rescale": 4.150589411347976},
{"mapping": [8, 5, 9, 11, 12, 7, 12, 6, 0, 3, 10, 2, 1, 13], "R": [[0.5634611262884688, -0.5823712192364732, -0.5859652909232371], [0.43624019850852225, 0.8120703566162462, -0.3876031799539422], [0.7015739792544871, -0.0372222905016166, 0.7116238140498377]], "T": [0.012336148152213719, -0.11061616061698051, 0.10148918394625646], "aligned_model": [[-0.1620536917421801, 0.024847036572409373, 0.3296699444052167, 0.7404996370392354, 0.03941575811531754, -0.5356685301805149, 0.03941575811531754, 0.40910971701121157, -0.29687777042455915, 0.17467746400035933, 0.5728724397451839, -0.3831434763224595, -0.7072583720683308, 0.017781920712658675], [0.39863255246054907, 0.7248091205354464, 0.07137760791674111, -0.40735946101272213, -0.44284795331668425, -0.23288615640375337, -0.44284795331668425, -0.3540546633964945, -0.2007089893581354, 0.1713646347700519, 0.4745143134833584, -0.6240712597428454, 0.09767087166257837, -0.050035411119976725], [-0.4474293103475398, 0.13277496747018652, -0.48163537972703446, -0.16091255312078934, -0.5764220697826935, -0.33622543269049465, -0.5764220697826935, 0.44763113979371105, 0.7413558945122595, 0.7496364078884686, -0.03472904939107978, 0.23775530431779884, 0.14530846994150337, 0.05257606943876094]], "inverted": true, "swapped": false, "error_lsq": 0.05043796528346487, "error_max": 0.35479448385373474, "target": "207.xyz", "model": "8.xyz", "model_rescale": 4.121658175737393, "target_rescale": 4.150589411347976},
{"mapping": [10, 1, 0, 4, 9, 7, 12, 11, 5, 8, 3, 6, 13], "R": [[-0.7744863433400776, -0.2542671805011766, -0.5792401098850954], [0.630565836408126, -0.38350868338152455, -0.6747650077811461], [-0.05057301587443602, -0.887845307861089, 0.45735443517518487]], "T": [-0.0586380594264533, -0.013773602871549665, -0.1301350463190548], "aligned_model": [[-0.8157236664343118, -0.16809175512862312, 0.24746776298694653, 0.35693857420415276, -0.6650821621180467, -0.5583376665118515, 0.39092585166007554, 0.23896616596926182, 0.6059736013014501, -0.14541078114573006, -0.2230408868553765, 0.32896211001232634, -0.11680965150507602], [0.184057590245164, -0.4365930405195696, 0.0679131379055119, 0.6271200644982274, -0.4399461267806789, 0.11279173918678287, -0.6000583355191332, -0.12715720111776463, -0.08158393572789524, -0.6438436448391452, 0.781407265381114, 0.37965100551220476, -0.03337107881310844], [-0.4315718423241889, -0.622802464211607, -0.6311063937980533, -0.20822708980260068, -0.12907107321286218, 0.2548920606691032, 0.03735329573290372, 0.525529146513631, -0.10282905324050096, 0.38035647235300885, 0.1985733691668186, 0.29557211752067203, -0.14559311140723558]], "inverted": false, "swapped": true, "error_lsq": 0.03822438401431946, "error_max": 0.23779612900837352, "target": "207.xyz", "model": "9.xyz", "model_rescale": 3.833441315466971, "target_rescale": 4.150589411347976},
{"mapping": [11, 7, 8, 13, 10, 12, 0, 2, 4, 3, 9, 1, 6, 14], "R": [[-0.3701374653440596, 0.0850836835875179, 0.9250724423178188], [0.22854835293933654, 0.973530697728219, 0.0019055050573830723], [-0.9004242928294369, 0.21212908185344695, -0.3797859206376957]], "T": [-0.05700187491542418, -0.09490225295854161, -0.012075189302939823], "aligned_model": [[-0.18015974820769504, -0.07291465413598058, 0.4924144205068768, 0.5240555281972372, 0.13578698435370762, -0.5772918488368894, -0.021485095089621174, 0.5839142592086289, -0.27366453317627476, 0.22826357760771893, 0.5847228863903575, -0.5051542604131477, -0.6581879800174246, 0.0029882985913717713], [0.40598401693073394, 0.5667620385373684, 0.23973625965843937, -0.6403575794440266, -0.17741116595138579, -0.11956076157915792, -0.7132523214894174, -0.1566134992697772, -0.12793081182562488, 0.3487670656556633, 0.38401883853864593, -0.6819836361580152, -0.10798364712408152, -0.03661754331793487], [-0.45848549824092044, 0.06448279916664695, -0.452209444473643, -0.03525540740454142, -0.8069203808580729, -0.3149123704749034, -0.29527955509261633, 0.3074064001913963, 0.754657480474959, 0.6779269897260873, 0.11728494898894123, -0.0018858916275443192, 0.3035728935423193, 0.03287942460225578]], "inverted": false, "swapped": false, "error_lsq": 0.03997354156576294, "error_max": 0.28362647397457086, "target": "207.xyz", "model": "10.xyz", "model_rescale": 4.2482417240324, "target_rescale": 4.150589411347976},
{"mapping": [9, 10, 2, 3, 12, 5, 0, 6, 7, 11, 8, 13], "R": [[0.4080001355489961, -0.5973738501090375, -0.6904204317645201], [-0.9101120979458204, -0.32603222924196373, -0.2557321932572695], [-0.07233158759946201, 0.7326987571310744, -0.6766983617047706]], "T": [-0.05191123780145572, 0.05948237592354124, 0.06371026488912951], "aligned_model": [[-0.6005360129813859, -0.10053639846958154, 0.37379180481021557, 0.7302837445054935, -0.47169007917823563, 0.04554323609454421, 0.0008845635146976921, 0.49670449652075505, 0.025455238021744778, 0.03748411203166528, -0.5733297794614632, -0.08728932304544282], [-0.3901082366942573, -0.7696060442995619, -0.3619988490793201, -0.242249156357873, 0.6788153088522483, 0.7061943816422673, 0.21391847221079754, 0.40656869045166244, -0.3590136278709414, 0.5126209598380528, 0.2639133581710669, 0.0070761331864975935], [-0.15141234891049846, 0.17958918659726025, 0.5243718148213425, -0.19029606848439007, -0.055042777735776316, 0.20270208210335447, 0.6335417177381493, -0.19083888458250547, -0.41882458304836523, -0.5001988982601719, -0.5291219470951649, 0.06072299671112216]], "inverted": false, "swapped": true, "error_lsq": 0.05040834941404857, "error_max": 0.2847910306799349, "target": "207.xyz", "model": "11.xyz", "model_rescale": 3.6694154284099745, "target_rescale": 4.150589411347976},
{"mapping": [11, 6, 9, 10, 8, 3, 2, 12, 0, 5, 7, 1, 4, 13], "R": [[0.7617917950615465, -0.09702730578487347, -0.6405146078810663], [-0.32687202470048815, 0.7960615817700412, -0.5093531559713592], [0.5593102363135426, 0.5973873617360089, 0.5747176694629985]], "T": [0.062805713727846, -0.017590001876489084, 0.03265302817786611], "aligned_model": [[-0.16998626338967454, -0.07933225777992968, 0.46965201079328905, 0.6162503092381131, -0.04256991968113309, -0.5766804496835968, 0.045798098701372456, 0.3807070656693681, -0.3394078900619773, 0.3704782144118771, 0.70698176145366, -0.4203858154553012, -0.6715911492926644, -0.02662587994453723], [0.48927955901907616, 0.49239206431971105, 0.23574428892772759, -0.2715468918171853, -0.20967322610411154, -0.4278465899411771, -0.6264979211526833, -0.461522405483502, -0.014626541532826123, 0.3004290927907701, 0.3517315541360544, -0.685654150171324, 0.05667814966791622, -0.04532972949701647], [-0.45099952535031196, 0.23157492910277516, -0.6115395630221188, -0.1482717215402655, -0.6916382545013247, -0.3723110188166241, -0.2024117719649118, 0.4371666271185466, 0.6233757205256826, 0.7025577081335547, 0.06101014845422678, 0.22419867284333625, -0.020489600681677933, 0.11104003821947692]], "inverted": true, "swapped": false, "error_lsq": 0.05135108812764694, "error_max": 0.31738311415334775, "target": "207.xyz", "model": "12.xyz", "model_rescale": 3.9764082729961374, "target_rescale": 4.150589411347976},
{"mapping": [7, 3, 4, 5, 0, 2, 9, 13, 10, 11, 6, 1, 8, 15], "R": [[0.9287260777676147, 0.3550473571810499, 0.10681407507035126], [-0.37022529783822716, 0.8724912313159532, 0.31889227039451445], [0.020027513949031718, -0.33570884027014264, 0.9417528727057313]], "T": [0.10701515676938164, -0.1059640222199989, 0.048990571885968996], "aligned_model": [[-0.19614317518393218, -0.17516716284459374, 0.42429248565450617, 0.6903826592973665, -0.04565970327807345, -0.6071564030389117, 0.11961250569793902, 0.45610578353650433, -0.36621554363663156, -0.11306912239676922, 0.8251074934556265, -0.3591598564370707, -0.5173567123961496, 0.1277145865490554], [0.2883091564569329, 0.6838240205441289, 0.1744788903993928, -0.48498101279166017, -0.26610718289603613, -0.18928094026643572, -0.6262172615348285, -0.1349663937469889, -0.3156540650974526, 0.2833254697395276, 0.1487803170094435, -0.5256473488624795, 0.15587240371937894, -0.008178799511493515], [-0.5199359482080259, 0.12006400797636763, -0.531139233516495, -0.4188260414220462, -0.6424951392465461, -0.29637414581743504, -0.25213564799536414, 0.5507625748275907, 0.6639943841258211, 0.7051622721773028, 0.1047357360015703, 0.14833512715328315, 0.2521020971487724, 0.009012345315568632]], "inverted": false, "swapped": false, "error_lsq": 0.04839809196010984, "error_max": 0.32252668656965233, "target": "207.xyz", "model": "13.xyz", "model_rescale": 4.170626492500431, "target_rescale": 4.150589411347976},
{"mapping": [0, 2, 1, 9, 7, 8, 10, 11, 5, 6, 3, 12, 4, 13], "R": [[0.6473747212007972, 0.6677091139730024, -0.3675194001241001], [0.3201609160886597, 0.19935902625545784, 0.9261495378499879], [0.6916667970630516, -0.7172311466799696, -0.08471436756935433]], "T": [0.0021842725134489337, 0.009576703837089307, -0.0396880630092673], "aligned_model": [[-0.06476505545135569, -0.13805016777575985, 0.5256188876673088, 0.6624030971000145, -0.08406738444110201, -0.5833439929067976, 0.030243905951220198, 0.43019481948223853, -0.15608861243471644, 0.12283023810110102, 0.5680858497616796, -0.40600471664267196, -0.6753330636781928, 0.031564030245898586], [0.3654464290919718, 0.6464927817598872, 0.138070311741239, -0.42847060270808346, -0.22350000646240015, -0.3145601491023922, -0.5281549256623926, -0.3201868295150745, -0.32594343894236766, 0.24310538330795134, 0.34501623867997233, -0.5350060651028973, 0.14339209000928746, -0.02214396393327176], [-0.5137481147537251, 0.04751502567775768, -0.5877027218294957, -0.2086025364978693, -0.8114818837135862, -0.3616325361181713, -0.20816849683467925, 0.4160779239683915, 0.7907309613607578, 0.7593101684544236, 0.1669742890586371, 0.2296026313927753, 0.1219499033735977, 0.052437774981550174]], "inverted": true, "swapped": false, "error_lsq": 0.04139373459669685, "error_max": 0.25541180913635253, "target": "207.xyz", "model": "14.xyz", "model_rescale": 3.9786697098870705, "target_rescale": 4.150589411347976},
{"mapping": [6, 8, 3, 4, 7, 10, 12, 1, 2, 5, 9, 13], "R": [[-0.5842024925369125, -0.09764413224894836, 0.8057127721160992], [-0.6960432931015916, -0.4502872781729519, -0.559254057869844], [0.4174100883327462, -0.8875285857666473, 0.19509440690369528]], "T": [0.017847165367109626, -0.029632567569171993, 0.0402778373811869], "aligned_model": [[0.1514784674059925, -0.7797448317018523, 0.5557141711211662, 0.6118268564842251, -0.052806337489195464, 0.34499906483063436, -0.5808612424599432, -0.11197859950924047, 0.7466204462409244, -0.06172957888701807, -0.3489797841595017, 0.008815964891145209], [-0.5285372097194625, 0.033738233232164676, -0.016221194545495594, -0.49310604714209066, 0.3757611418955845, 0.742458148910339, -0.4339346598274532, 0.21264786008972075, 0.15598989788404594, -0.6766543903348569, 0.6103533212203327, 0.03217938856161042], [-0.4282093410256812, -0.11767943998542013, -0.651032038512181, -0.10780139419047235, -0.4543213732003236, 0.045521833743137195, 0.2682644668206139, 0.6385445322225933, 0.11452319082623982, 0.18888073343129802, 0.11276682354163062, 0.05050850020239567]], "inverted": true, "swapped": true, "error_lsq": 0.05434484528797361, "error_max": 0.2710961136117464, "target": "207.xyz", "model": "15.xyz", "model_rescale": 3.769337070930944, "target_rescale": 4.150589411347976},
{"mapping": [7, 3, 8, 11, 9, 10, 1, 2, 5, 6, 13], "R": [[-0.0027964881235036793, -0.9945970784975732, 0.1037729786518044], [0.8813515794685213, -0.05147960135955383, -0.4696480001151975], [0.4724527204096916, 0.09014711358637151, 0.8767336681624175]], "T": [0.07593993756826044, 0.10693055634963396, 0.08351317455117399], "aligned_model": [[-0.22416059813957379, -0.44415097118750557, -0.18713134758621974, -0.5571630172753141, 0.3251405789727044, 0.44280739536621816, 0.6867056478293906, 0.34851590953714545, -0.05804076549765565, -0.5176316133841538, 0.10773491205613506], [-0.12236368453942252, -0.5977969414586789, 0.7437855341619012, 0.4664918608182074, 0.24643111110034072, -0.43493466739687286, 0.33548396152316584, -0.5773228956459012, 0.43743911731775725, 0.0008559025870082809, 0.09799519915783668], [-0.4373785376216123, 0.0994733053574679, -0.3527534753530279, 0.11838387836931988, -0.6004731099685663, -0.4408629185321138, -0.00707468976610845, 0.25256381797528893, 0.6490799525786138, 0.4337479313992487, 0.029511452785266457]], "inverted": true, "swapped": true, "error_lsq": 0.05354251546466298, "error_max": 0.24223054232820795, "target": "207.xyz", "model": "16.xyz", "model_rescale": 3.7852294659196426, "target_rescale": 4.150589411347976},
{"mapping": [8, 5, 0, 12, 11, 6, 3, 4, 1, 9, 7, 2, 13], "R": [[0.22606162955892156, 0.9700636788338827, 0.08872766563163417], [0.9524908178634642, -0.23920966728053783, 0.1885204948150832], [0.20410140011022554, 0.041895036541439265, -0.9780528740238115]], "T": [0.0882698715948838, 0.08311772145994481, -0.002102987613380693], "aligned_model": [[-0.11315329291660643, -0.22927974498240528, 0.3366731846829083, -0.09416095792394404, -0.5653190991668697, -0.5631930656227258, -0.3375572261675094, -0.22881419179526286, 0.6723572589337802, 0.49762603076097506, -0.03231671871710147, 0.37657747264925795, 0.13432620048178642], [-0.07690782713599412, -0.4707953617516297, -0.23679640752905298, -0.5596581138639697, -0.05069765086948075, 0.10738870382731652, 0.7440568560770482, 0.09908482648574488, -0.19317606880295282, 0.3192424332074034, 0.6438649710537221, 0.4355513030668333, 0.11389795993788598], [-0.7760150538395604, 0.19637888897554207, 0.430674707340033, -0.35910167188980124, -0.29576019000165743, 0.2453851212364651, 0.38418818295070284, 0.6970034040402461, -0.12851991062034837, -0.5731294820234262, -0.2936261471689436, 0.6010121463657863, -0.032735298221864384]], "inverted": false, "swapped": true, "error_lsq": 0.04670640018585137, "error_max": 0.2827145543852886, "target": "207.xyz", "model": "17.xyz", "model_rescale": 3.901054581598922, "target_rescale": 4.150589411347976},
{"mapping": [7, 6, 0, 2, 3, 12, 13, 8, 10, 4, 1, 9, 11, 14], "R": [[-0.6521767434141073, -0.2825580425970871, -0.7034390150634754], [0.6097464956700007, -0.7468745348978076, -0.2653066907172477], [-0.4504161479875287, -0.6019463279104593, 0.6593829782055268]], "T": [0.05438624519899332, -0.09711363423909108, 0.054517981605070244], "aligned_model": [[-0.09558755944144443, -0.2664605487745907, 0.5302441815211472, 0.6069810789140051, 0.11451231720305921, -0.4783095847102528, -0.07699255789849327, 0.622539388937174, -0.310945696942909, 0.32434633464565893, 0.4031005130031546, -0.4022425844109149, -0.7121912992681685, 0.0042938522014405595], [0.3965067088675818, 0.572599233852978, 0.15531649513906504, -0.6136737281304725, -0.2550412604161996, -0.12172763960261851, -0.7265630400539556, -0.2392539402963516, -0.15037483145548292, 0.204379751970873, 0.5058344586054171, -0.5470957706574433, 0.11370344870697671, -0.11105263336893807], [-0.362043944871854, 0.1652778767788561, -0.479656870593003, -0.2794621392681844, -0.6903642975962813, -0.4627869648380065, -0.28317308122686874, 0.36663397093314565, 0.7867403283350529, 0.7340746445018487, 0.03133380163651726, 0.20681968943447931, 0.12267966280120099, 0.037189712493461285]], "inverted": false, "swapped": false, "error_lsq": 0.04286158416365382, "error_max": 0.3711065185364371, "target": "207.xyz", "model": "18.xyz", "model_rescale": 3.9405287249114394, "target_rescale": 4.150589411347976},
{"mapping": [11, 5, 10, 3, 14, 13, 12, 1, 8, 6, 2, 4, 7, 15], "R": [[-0.4995267706169768, 0.8621582877762715, 0.08459368921889107], [-0.7641501334849565, -0.48452149395857774, 0.42580922416860695], [0.4081024123083534, 0.14806082773926404, 0.9008498278610407]], "T": [-0.06984372738131073, -0.14817053521019308, 0.002727737160768927], "aligned_model": [[-0.16132853396420435, -0.05264998853737122, 0.45593847364029794, 0.6586485657110522, 0.0870717239247441, -0.4987617092815127, 0.014981585832059358, 0.4760743315279281, -0.28344567819858, 0.2510084121208933, 0.5548493755350404, -0.45462378086381094, -0.7433658377302528, -0.041109104737418536], [0.37817814661587235, 0.6287600375205141, 0.22213504360824343, -0.4667375010409345, -0.24326122668195083, -0.17090326090299515, -0.6612357078805938, -0.34834319175815653, 0.15535269053330403, 0.1488913462675161, 0.4374312672565762, -0.6802099143370293, -0.09561725535361923, -0.12088322068531761], [-0.48080178334885837, 0.2982711405041176, -0.44930201001450454, -0.3026288774071673, -0.7496513319347407, -0.5138401996657446, -0.16963193631402676, 0.314855602797175, 0.6619090578740275, 0.6086085824942401, 0.15157107469879424, 0.3245093993424618, 0.20079759501088953, -0.0014039255162993213]], "inverted": true, "swapped": false, "error_lsq": 0.04511193221645587, "error_max": 0.3555379118687484, "target": "207.xyz", "model": "19.xyz", "model_rescale": 4.410303926677745, "target_rescale": 4.150589411347976},
{"mapping": [8, 5, 9, 11, 12, 7, 12, 6, 0, 3, 10, 2, 1, 13], "R": [[0.5634611262884688, -0.5823712192364732, -0.5859652909232371], [0.43624019850852225, 0.8120703566162462, -0.3876031799539422], [0.7015739792544871, -0.0372222905016166, 0.7116238140498377]], "T": [0.012336148152213719, -0.11061616061698051, 0.10148918394625646], "aligned_model": [[-0.1620536917421801, 0.024847036572409373, 0.3296699444052167, 0.7404996370392354, 0.03941575811531754, -0.5356685301805149, 0.03941575811531754, 0.40910971701121157, -0.29687777042455915, 0.17467746400035933, 0.5728724397451839, -0.3831434763224595, -0.7072583720683308, 0.017781920712658675], [0.39863255246054907, 0.7248091205354464, 0.07137760791674111, -0.40735946101272213, -0.44284795331668425, -0.23288615640375337, -0.44284795331668425, -0.3540546633964945, -0.2007089893581354, 0.1713646347700519, 0.4745143134833584, -0.6240712597428454, 0.09767087166257837, -0.050035411119976725], [-0.4474293103475398, 0.13277496747018652, -0.48163537972703446, -0.16091255312078934, -0.5764220697826935, -0.33622543269049465, -0.5764220697826935, 0.44763113979371105, 0.7413558945122595, 0.7496364078884686, -0.03472904939107978, 0.23775530431779884, 0.14530846994150337, 0.05257606943876094]], "inverted": true, "swapped": false, "error_lsq": 0.05043796528346487, "error_max": 0.35479448385373474, "target": "207.xyz", "model": "20.xyz", "model_rescale": 4.121658175737393, "target_rescale": 4.150589411347976},
{"mapping": [12, 8, 11, 5, 6, 1, 7, 0, 9, 2, 3, 4, 13], "R": [[-0.5124049508589367, -0.4735396077750204, -0.7163807690073279], [0.5070605846410133, -0.8401068065505023, 0.1926398637121371], [-0.6930589656290181, -0.26453883165954456, 0.6705881572958464]], "T": [-0.009307679933251073, -0.09079447606202096, -0.006520044489266005], "aligned_model": [[0.2292180300264384, -0.24501575238860282, 0.30718788969267696, 0.5903093866522083, 0.5370592079919267, -0.31438113837612847, -0.3861583459629292, 0.24450871384173103, -0.7202204690928071, -0.02561447368592093, 0.14831739793574628, 0.5879435508594798, -0.07207109282952423], [-0.3862279406642122, 0.024526821888650824, 0.29465484770133604, -0.29662878824251315, 0.3420632839809547, -0.6736804903465088, 0.4304890916072033, -0.5429144825395653, -0.13182378362970187, -0.10638131240136124, 0.6297873019094162, 0.05337537456832697, -0.0964130196688429], [0.6490060009824229, 0.765660022900513, 0.5250615788811346, 0.2059514299825524, 0.012474336913639653, 0.019007437055363202, 0.00801865690899585, -0.2937665016003933, 0.1991938441841959, -0.7618806908795412, -0.4790730694454426, -0.46701219429820345, -0.012531112103447626]], "inverted": false, "swapped": true, "error_lsq": 0.05085358396154201, "error_max": 0.35897389119910633, "target": "207.xyz", "model": "21.xyz", "model_rescale": 4.08911054899281, "target_rescale": 4.150589411347976},
{"mapping": [9, 12, 15, 1, 11, 5, 8, 4, 7, 13, 3, 6, 10, 16], "R": [[0.12325821046746151, 0.8170587288598957, -0.563225041298956], [-0.8226138878279782, -0.23333513559417215, -0.5185181829500178], [-0.5550799988334093, 0.5272283642702666, 0.6433633862787044]], "T": [0.09417779960611952, -0.07397272238767447, -0.01929796245505478], "aligned_model": [[-0.32711112164365397, -0.18255562830903613, 0.5304543835982253, 0.5234810615117943, 0.08905410047428947, -0.4873112699226, -0.11712246442550242, 0.6228108211051159, -0.2817924808136967, 0.18483334921828842, 0.6168137171731316, -0.32587857133602605, -0.6903732811878782, 0.10798521953641341], [0.40594420878961324, 0.5456116940440344, 0.10828980673178182, -0.6843210882481645, -0.3302119875091155, -0.10262798627277553, -0.6594279236452376, -0.10562227877807262, -0.09175456797269019, 0.22664186365999486, 0.5271339404711614, -0.627309326505748, 0.05303777744641769, -0.08182687904976978], [-0.3351191073521234, 0.27139649367266566, -0.5742305084760391, -0.2898011285633585, -0.7405525755950179, -0.41776802634752236, -0.32484079709646196, 0.434395348085107, 0.5841308587144922, 0.5622021734074762, 0.3268252826904841, 0.250767541312757, 0.12028478637803383, 0.02557204768987134]], "inverted": true, "swapped": false, "error_lsq": 0.04209550270411543, "error_max": 0.2420788613198791, "target": "207.xyz", "model": "22.xyz", "model_rescale": 4.204369325754507, "target_rescale": 4.150589411347976},
{"mapping": [11, 5, 10, 3, 14, 13, 12, 1, 8, 6, 2, 4, 7, 15], "R": [[-0.4995267706169768, 0.8621582877762715, 0.08459368921889107], [-0.7641501334849565, -0.48452149395857774, 0.42580922416860695], [0.4081024123083534, 0.14806082773926404, 0.9008498278610407]], "T": [-0.06984372738131073, -0.14817053521019308, 0.002727737160768927], "aligned_model": [[-0.16132853396420435, -0.05264998853737122, 0.45593847364029794, 0.6586485657110522, 0.0870717239247441, -0.4987617092815127, 0.014981585832059358, 0.4760743315279281, -0.28344567819858, 0.2510084121208933, 0.5548493755350404, -0.45462378086381094, -0.7433658377302528, -0.041109104737418536], [0.37817814661587235, 0.6287600375205141, 0.22213504360824343, -0.4667375010409345, -0.24326122668195083, -0.17090326090299515, -0.6612357078805938, -0.34834319175815653, 0.15535269053330403, 0.1488913462675161, 0.4374312672565762, -0.6802099143370293, -0.09561725535361923, -0.12088322068531761], [-0.48080178334885837, 0.2982711405041176, -0.44930201001450454, -0.3026288774071673, -0.7496513319347407, -0.5138401996657446, -0.16963193631402676, 0.314855602797175, 0.6619090578740275, 0.6086085824942401, 0.15157107469879424, 0.3245093993424618, 0.20079759501088953, -0.0014039255162993213]], "inverted": true, "swapped": false, "error_lsq": 0.04511193221645587, "error_max": 0.3555379118687484, "target": "207.xyz", "model": "23.xyz", "model_rescale": 4.410303926677745, "target_rescale": 4.150589411347976},
{"mapping": [11, 7, 10, 8, 9, 14, 15, 4, 12, 0, 3, 6, 13, 16], "R": [[0.09451935910400495, 0.9762718910229852, 0.19483142855549002], [-0.6166309206744723, -0.09623111749707021, 0.7813487567619326], [0.7815576744058759, -0.19399166689234343, 0.5929037314384261]], "T": [0.009467985537939148, -0.01973175054865916, -0.012470331381061857], "aligned_model": [[-0.17545511510647335, -0.30432713375647197, 0.490693840252589, 0.6143758090923317, 0.08360803407846717, -0.4996286780518341, -0.09586243375719769, 0.6334640156116992, -0.3022545699373233, 0.14039346312643755, 0.7716413133684776, -0.5181238690108253, -0.6740583386817913, 0.09882149775077989], [0.3259437223380963, 0.5339677233940975, 0.12442070850647372, -0.44527982191062704, -0.25116139998103704, -0.2472962529537572, -0.6910462596213969, -0.2663026588324479, -0.08697302292356912, 0.29325980653935413, 0.3482395898890963, -0.5070184763195654, 0.0037041309732095164, 0.04909946406350279], [-0.5094948789673328, 0.1795724043441372, -0.426506189222056, -0.37122098464492864, -0.5898467720109155, -0.39611727113363826, -0.23054491383919432, 0.14153004079850479, 0.7254209170296189, 0.6622745208379173, 0.2923901212759287, 0.2367215056864117, 0.15010010684524613, 0.028983781520664616]], "inverted": true, "swapped": false, "error_lsq": 0.038908300565054, "error_max": 0.30262590123800986, "target": "207.xyz", "model": "24.xyz", "model_rescale": 4.28219845311461, "target_rescale": 4.150589411347976},
{"mapping": [11, 8, 9, 7, 12, 14, 13, 4, 0, 1, 3, 2, 6, 15], "R": [[0.5187151625835206, -0.8244535991160132, -0.22629812860605858], [-0.8177954544412521, -0.5556575533172189, 0.1498508529730418], [-0.24928933952573668, 0.10733567135940597, -0.9624624038645083]], "T": [0.03741961947512597, -0.012546637218566109, -0.05783254418359837], "aligned_model": [[-0.1264586474652753, -0.2851336282351136, 0.5345829909715039, 0.7005596851724508, -0.06257933325604524, -0.6255099505259987, 0.11388164075447689, 0.38024576173256375, -0.2075230651860719, 0.20742038549757652, 0.7055692257005051, -0.3477833133947219, -0.7424861387233174, 0.01850222193633249], [0.2445083764919895, 0.5644357439987824, 0.17103049864254177, -0.4039154960143704, -0.20040982603069077, -0.20138551127251678, -0.5418247905058772, -0.3823622992714184, -0.17857250599372487, 0.39169204478543973, 0.1997886418743973, -0.5428070549225004, 0.0958860844500434, -0.03250665307066569], [-0.5089907257557286, 0.15429192655271076, -0.4773581108779973, -0.1701787741249831, -0.7920855877421752, -0.3818832960092796, -0.31654986616195835, 0.47165323023437933, 0.7024257436135325, 0.4086095490821311, 0.27161423120388173, 0.14021445607855174, 0.3805582496995201, 0.010941362727779083]], "inverted": false, "swapped": false, "error_lsq": 0.0442580991778032, "error_max": 0.2426908530954184, "target": "207.xyz", "model": "25.xyz", "model_rescale": 4.100010024507729, "target_rescale": 4.150589411347976},
{"mapping": [9, 10, 2, 3, 12, 5, 0, 6, 7, 11, 8, 13], "R": [[0.4080001355489961, -0.5973738501090375, -0.6904204317645201], [-0.9101120979458204, -0.32603222924196373, -0.2557321932572695], [-0.07233158759946201, 0.7326987571310744, -0.6766983617047706]], "T": [-0.05191123780145572, 0.05948237592354124, 0.06371026488912951], "aligned_model": [[-0.6005360129813859, -0.10053639846958154, 0.37379180481021557, 0.7302837445054935, -0.47169007917823563, 0.04554323609454421, 0.0008845635146976921, 0.49670449652075505, 0.025455238021744778, 0.03748411203166528, -0.5733297794614632, -0.08728932304544282], [-0.3901082366942573, -0.7696060442995619, -0.3619988490793201, -0.242249156357873, 0.6788153088522483, 0.7061943816422673, 0.21391847221079754, 0.40656869045166244, -0.3590136278709414, 0.5126209598380528, 0.2639133581710669, 0.0070761331864975935], [-0.15141234891049846, 0.17958918659726025, 0.5243718148213425, -0.19029606848439007, -0.055042777735776316, 0.20270208210335447, 0.6335417177381493, -0.19083888458250547, -0.41882458304836523, -0.5001988982601719, -0.5291219470951649, 0.06072299671112216]], "inverted": false, "swapped": true, "error_lsq": 0.05040834941404857, "error_max": 0.2847910306799349, "target": "207.xyz", "model": "26.xyz", "model_rescale": 3.6694154284099745, "target_rescale": 4.150589411347976},
{"mapping": [8, 9, 7, 1, 5, 4, 0, 6, 11, 12, 3, 2, 10, 13], "R": [[0.6644437715679552, -0.30213335334016483, -0.6835421795500103], [0.6425489894908176, 0.6980226050380254, 0.3160620808642795], [0.3816349964676726, -0.6492148178032879, 0.6579322532113497]], "T": [-0.01360804954427653, -0.019152137835742017, -0.05793742966503246], "aligned_model": [[-0.3460104588433629, -0.05514247856530661, 0.41306046318141065, 0.6660517691584642, 0.23526934137287714, -0.7030182770705125, -0.05806264515423094, 0.4610559433606627, -0.37305693180179256, 0.21492631431482462, 0.6509498225365805, -0.2277385109841835, -0.5829553140317454, -0.03204120249482021], [0.32372077492492646, 0.6188963233631606, 0.32387123622900627, -0.531365621721561, -0.2636810347397581, -0.34716828371664266, -0.6389667676408388, -0.3637402234320678, 0.06243639373197321, 0.06440355896595225, 0.37690022639314524, -0.5170007325797478, 0.13748588018153016, -0.06223447679764839], [-0.4825596104531149, 0.17877460601959955, -0.3684490555538704, -0.29319586514027474, -0.7680389453586167, -0.3623212602352349, -0.28329704614914836, 0.2986345503179587, 0.7168627263788588, 0.6973925005144548, 0.17516465050074964, 0.3524581945784945, 0.05694922589118823, -0.025112282790679903]], "inverted": false, "swapped": false, "error_lsq": 0.04861165037794861, "error_max": 0.27457795961772924, "target": "207.xyz", "model": "27.xyz", "model_rescale": 4.103607728864725, "target_rescale": 4.150589411347976},
