[{"mapping": [8, 0, 1, 13, 10, 11, 7, 5, 15, 14, 12, 16], "R": [[-0.884139332746976, 0.02184973664383344, 0.4667121482223566], [-0.4344640165690669, -0.40589544592514154, -0.8040459596838379], [0.17186814305276402, -0.9136582927910333, 0.36836105306854716]], "T": [0.051165293063260876, -0.11854373650318092, 0.05202303902351775], "aligned_model": [[-0.29522236609034064, 0.17808473362187066, 0.31933548901025804, -0.1478718491793511, -0.04957439472608937, -0.5348843639414278, 0.5119957212262943, -0.36266659244443744, 0.619483959862425, 0.11631294929985278, -0.5709912844346938, 0.053640460256188426], [-0.382719487418804, -0.6746568989856099, -0.4127874872624523, 0.5995437634028032, 0.26976835765461116, -0.4606374947154156, -0.1548877353734673, -0.4342103577327602, 0.26364957470425643, 0.4345228457230982, 0.10272596669729694, -0.09675601071649947], [-0.5649354292916786, -0.2002407666609607, -0.6799921776192217, 0.01771184104502567, -0.5227002575642, -0.03370026704320893, 0.4876713098132532, 0.6756896354210701, 0.14790033277328146, 0.4826842973966639, 0.3037066561786947, 0.06815657090484371]], "inverted": true, "swapped": true, "error_lsq": 0.04369769336133882, "error_max": 0.22573583508120312, "target": "209.xyz", "model": "0.xyz", "model_rescale": 3.751011558992144, "target_rescale": 4.1602266379569475},
{"mapping": [15, 14, 2, 3, 5, 0, 12, 13, 4, 8, 11, 9, 10, 1, 16], "R": [[-0.053113210873408534, -0.13790517085386977, -0.9890202984178242], [-0.46187107551343876, 0.88150416229024, -0.09810974196807333], [0.8853553503733833, 0.4515889455209766, -0.11051392603865015]], "T": [-0.011640469494689075, -0.04947179430839915, -0.0684675593352135], "aligned_model": [[0.061421161989792104, 0.33811417047546305, -0.526017816856509, 0.1245969465698302, -0.26910884454219336, -0.4884177127974147, 0.3793687868197118, 0.7077772764884681, -0.681260604121285, 0.05472923318879224, -0.04475169417475273, 0.5678709459445117, 0.5121351440865486, -0.1997527139898074, 0.0023819320078783575], [0.04932891423021811, -0.4644746175571065, 0.47748023245748955, 0.5838820639018729, -0.7571286277958509, 0.27481762863066556, -0.536122677153468, -0.15006096951929893, -0.276516717452243, 0.40710396180822295, -0.16753136627133802, 0.012048651646720643, 0.4109492637128903, 0.7500707442717787, -0.06508913508344731], [-0.7490193263727816, -0.5168427699201343, -0.48998779024268363, -0.3497292112735662, 0.2361536982164778, 0.16928704519398885, 0.2626916339922318, -0.2380630321962438, -0.053664809961829485, 0.5294827988918048, 0.6044339262882082, 0.45726205387557334, 0.0016265970111915967, 0.0718407751407749, -0.08580518379103623]], "inverted": true, "swapped": true, "error_lsq": 0.03618289302001381, "error_max": 0.24316057636288607, "target": "209.xyz", "model": "1.xyz", "model_rescale": 3.9405287249114394, "target_rescale": 4.1602266379569475},
{"mapping": [2, 3, 15, 11, 9, 7, 0, 8, 12, 6, 5, 4, 16], "R": [[0.5070846385592642, 0.6691042769441122, -0.5432905630620848], [-0.6703849239174551, 0.7023646797842547, 0.2393071465204278], [0.5417095375950183, 0.24286482488548708, 0.8047157595772146]], "T": [-0.02214482857071423, -0.02385636096766305, -0.08522343339310569], "aligned_model": [[-0.3636554606789014, 0.06565928387666262, -0.5032259744555633, 0.46155963625585517, 0.6717630082892528, -0.6524038545503187, 0.10396627443968662, 0.6773334601783323, 0.21096635683867485, -0.5842145169460742, -0.1720732213996068, -0.3829603595819263, -0.036731352982142015], [0.7340727195964338, 0.5940879679483902, 0.24988753091832325, -0.3246211932370553, -0.3000066688062857, 0.023237879531556125, 0.33977641887277926, 0.18864688110471303, -0.6811848518623501, -0.6137423872712442, -0.6800209370946451, -0.03437819424646585, -0.03692257188213271], [0.08464650523134927, -0.41573985400588315, -0.4998021380441009, 0.2934602492008245, -0.3265588711692048, -0.02173581019033606, 0.40556635119837087, 0.10446970061288015, -0.19907492401950388, -0.10047915151687992, 0.36956420357969777, 0.5229386229843829, -0.10413453427295255]], "inverted": true, "swapped": true, "error_lsq": 0.038833765872470116, "error_max": 0.21795294842058155, "target": "209.xyz", "model": "2.xyz", "model_rescale": 3.932901565614263, "target_rescale": 4.1602266379569475},
{"mapping": [4, 7, 6, 0, 5, 12, 14, 11, 8, 9, 15, 3, 13, 16], "R": [[-0.9362174278261407, -0.31950404647469544, -0.1463355463341048], [-0.351233073760597, 0.8371041277713654, 0.41939481060788625], [-0.011500249183751143, 0.4440426145703105, -0.8959318616470086]], "T": [0.05981984957142439, 0.013710025033335127, 0.0298239346417621], "aligned_model": [[-0.1515518821350924, 0.416399545091516, 0.19565384446771406, -0.2278813760718335, -0.4099636661495907, -0.24419486573943444, 0.5038085848036219, -0.6115372590439234, -0.42119506757839104, -0.2949210215354871, 0.7448469424329774, 0.4660635614578789, 0.3771049042270375, 0.07717766782571027], [0.161549141972936, -0.01768658223530936, -0.6232053081680533, 0.5411029744397176, -0.45613512901190756, -0.5974894144238068, -0.5309853488988483, -0.056825797947463536, 0.38433489189715137, -0.2190197975870929, 0.04710659125986804, 0.4822324347214469, -0.4442443097697886, -0.007237707898361083], [-0.6286783278825611, -0.4949047184845106, -0.4600827704741761, -0.13778305571406838, -0.4375209575529298, 0.21256426873482198, -0.012329755065225777, 0.1399836163504334, 0.4789039352575912, 0.6901311480894118, -0.05890509685745503, 0.3678456177770693, 0.5258589345634058, 0.02881352431529093]], "inverted": true, "swapped": true, "error_lsq": 0.043230660710777025, "error_max": 0.28422723727334975, "target": "209.xyz", "model": "3.xyz", "model_rescale": 3.9243930471874484, "target_rescale": 4.1602266379569475},
{"mapping": [10, 0, 9, 13, 12, 3, 15, 11, 5, 4, 6, 7, 16], "R": [[0.6264009121911926, -0.37687251267752786, -0.6823408286143875], [0.6914998176532305, -0.13537328683086736, 0.7095788014013362], [-0.35979146653525723, -0.9163193670335332, 0.17580932343785008]], "T": [-0.0652683527544848, -0.0825223975390863, -0.13246936736374318], "aligned_model": [[0.07488308304028095, -0.46646400694898876, 0.5442668220889455, 0.4114895985095147, 0.6280752228668065, -0.4513556919860805, -0.3823104233860035, 0.2866444618109664, 0.28868737787901216, -0.3969618597321409, 0.19434075568160608, -0.39923561870667007, -0.05485383480589586], [-0.6604761239048387, 0.20821725622714227, -0.28245727478920923, -0.6294232854142529, 0.03992079425266398, -0.6354912250318662, -0.5070167205093906, 0.31938758203339224, 0.6065262028835539, 0.5219127527687066, 0.20343223521806342, 0.036169942257595095, -0.09287258230997333], [-0.5033719152524934, -0.5113096006015463, -0.5846892116753275, 0.04086261055135684, -0.07192118364828051, -0.3421546133950093, 0.31198443770099604, -0.5596187140222233, 0.11204982552460949, 0.025001930697220787, 0.5851333461036863, 0.3946482469908775, -0.10954484360290254]], "inverted": true, "swapped": true, "error_lsq": 0.04060860955125797, "error_max": 0.2519012842679637, "target": "209.xyz", "model": "4.xyz", "model_rescale": 3.8936222436046832, "target_rescale": 4.1602266379569475},
{"mapping": [13, 10, 15, 14, 2, 0, 11, 4, 6, 12, 7, 16], "R": [[-0.3003803245071228, 0.9509615240192877, 0.0737823860003837], [0.43079642221922465, 0.20427677323850968, -0.8790252797948295], [-0.8509912474591683, -0.23225671088297223, -0.4710315456503017]], "T": [-0.17214049030178669, -0.08949281815852084, 0.02982315999267581], "aligned_model": [[0.08712049206201405, -0.530980136800099, -0.14848633163524524, 0.3657822986968443, -0.7144691741519106, -0.6132732126764213, -0.16841235219420925, -0.08025375289706405, 0.6025015390315653, 0.3219294066286988, 0.05775265220394113, -0.151663386053017], [-0.5746292400775743, -0.5891242627727273, 0.23252608890524507, -0.09182544238376247, 0.5365533043632055, 0.1431163602001042, -0.4385403512794759, 0.46531172399853593, 0.16225716572029114, -0.565719742630991, 0.4790169541442374, -0.0900196530772809], [-0.4740310798142223, -0.30609969195319475, -0.5817278140823385, -0.42430194710037916, -0.15426282590753143, 0.40439266346299874, 0.6180261400042708, 0.4586685758510706, 0.003895037010096296, 0.19860285360924138, -0.13576901205057657, 0.011891820246083463]], "inverted": false, "swapped": true, "error_lsq": 0.04031724037220181, "error_max": 0.1871069988005941, "target": "209.xyz", "model": "5.xyz", "model_rescale": 3.6523030999806103, "target_rescale": 4.1602266379569475},
{"mapping": [11, 12, 6, 4, 7, 8, 13, 0, 10, 3, 15, 2, 16], "R": [[-0.020354626462848302, -0.2383813502438743, 0.9709583003597348], [-0.5235067826459867, -0.82484284859735, -0.2134828415621652], [0.8517783383634532, -0.5126486194009657, -0.10800488563522587]], "T": [0.06254283319880977, -0.03752676007914066, 0.08389082279814158], "aligned_model": [[-0.02860979381243825, -0.23277224855958306, 0.3972771434439997, 0.7465954376872679, 0.5509755719464955, -0.27338965406043486, -0.5345989042805057, 0.3528231659556034, -0.5752645434814736, -0.18560104216602782, 0.12417053419230903, 0.4812620708062941, 0.05821516699278846], [-0.5410383189450704, 0.057334240325324096, 0.5315635310874012, -0.18029165580804501, 0.349736360737819, -0.7119032355598917, 0.40069480907561894, -0.5494205951427169, -0.12354118688729522, -0.05509080290838276, 0.4952331995843452, -0.12120530014715766, -0.011244141248765497], [0.5377609956046873, 0.7188507622518112, 0.561603893164374, 0.19274789446469726, -0.038320963014187776, 0.03119620510756968, 0.1723572091139416, -0.12277182882242724, -0.19367881430008177, -0.5771099197243443, -0.3527086978961436, -0.6493307678860385, 0.08951377141793171]], "inverted": true, "swapped": true, "error_lsq": 0.04830011434770788, "error_max": 0.3331830416995115, "target": "209.xyz", "model": "6.xyz", "model_rescale": 4.08911054899281, "target_rescale": 4.1602266379569475},
{"mapping": [1, 3, 2, 8, 11, 5, 0, 4, 9, 10, 12, 13, 6, 7, 16], "R": [[0.6975243362687666, 0.23936048323646386, -0.6754008879011215], [-0.6228200130684061, 0.6686126400258714, -0.4062663768011143], [0.3543374544615444, 0.7040338746555035, 0.6154520872523482]], "T": [0.06253757634172494, -0.027290769834335846, 0.031051619731975948], "aligned_model": [[0.09863175188066586, 0.2346095945844737, 0.7311002145619109, -0.4351780071209187, -0.46148259479806364, -0.0590781079291047, 0.17190586000657881, 0.4408803591266509, -0.7019426279520681, -0.28606292205207084, -0.4581349359057254, -0.23641406248423028, 0.28396018137659007, 0.6462118199549665, 0.06732701654989928], [-0.6672293693738207, -0.7122434231014804, -0.4204241518035435, -0.34634225425752607, 0.22996810503421303, 0.7721131487607917, -0.11261139098881981, 0.4133822344927872, -0.17473229784081196, -0.6146014084432441, 0.35267995201036206, -0.2162863829196455, 0.629012811448324, 0.18939652856427394, -0.021323285412747195], [-0.5014112574371832, 0.037129729391352014, -0.31305874310742626, -0.43894448416397913, -0.32539130224304236, -0.046570986237904934, -0.5770325781143031, -0.3724625500113073, 0.1302528554282225, 0.18848586347250912, 0.32071714607823937, 0.6878250020320169, 0.46042119798502923, 0.15693242713372887, 0.057177711876128495]], "inverted": false, "swapped": true, "error_lsq": 0.039162812411772656, "error_max": 0.27681413919128384, "target": "209.xyz", "model": "7.xyz", "model_rescale": 3.964800864290218, "target_rescale": 4.1602266379569475},
{"mapping": [9, 13, 12, 8, 5, 3, 11, 14, 15, 7, 2, 4, 6, 16], "R": [[-0.10302127831821012, -0.9777568113000599, -0.1826971104588717], [0.7775114169976396, -0.19371485352444967, 0.5982896889988361], [-0.620372962541087, -0.08041252066898713, 0.7801738356723167]], "T": [-0.07778491757445985, -0.033212646434129196, 0.08615087655516213], "aligned_model": [[-0.21022571491268585, 0.3201853858799061, 0.26555281235259165, -0.7265803136248337, 0.24700033622894293, -0.3942845526555231, -0.3392973044841142, 0.594811567973571, 0.2158103975256702, 0.24580997507345012, -0.44650348786423266, -0.11950452351297833, 0.6603728955465831, -0.05195958406547423], [-0.139633774162852, -0.5008892272848515, 0.19324054015757094, -0.022409943670223094, 0.7022994671867986, -0.6389975995933157, 0.4161998556746201, -0.2407920370815395, -0.49960319862783503, 0.034960408145282694, -0.25691026641220643, 0.5143273497938646, 0.2909512094127529, -0.04179431735686442], [-0.6801022479898462, -0.3373357857050204, -0.4884984853288599, -0.3003188183607672, -0.029602042683178426, 0.26407904075729605, -0.35822565244616006, 0.07516246634221577, 0.5039210686423534, 0.6284734426524943, 0.8168681883766058, 0.5318178713200075, 0.20515269605770914, 0.08542329709017207]], "inverted": true, "swapped": true, "error_lsq": 0.03602774893056458, "error_max": 0.25220074237268936, "target": "209.xyz", "model": "8.xyz", "model_rescale": 4.121658175737393, "target_rescale": 4.1602266379569475},
{"mapping": [1, 3, 10, 9, 2, 4, 15, 6, 13, 7, 11, 12, 16], "R": [[-0.02686294690720431, -0.578009925102961, -0.8155874622417454], [0.9133156905823488, 0.3174745153759227, -0.25507720678827994], [0.40636539151304285, -0.7517409517708162, 0.5193772328579286]], "T": [-0.07298485395067039, 0.02644494898323796, 0.02040765998860259], "aligned_model": [[-0.6007836817114838, -0.161451510806463, 0.18632317230764484, 0.3134830995030851, -0.6673636866158672, -0.5756360900056079, 0.08315252162419695, 0.25936071611756184, 0.6406632401401209, -0.17888268041174513, -0.18413340911496254, 0.41265294004291314, -0.050647134634195755], [0.04036590086159727, -0.3015151253916059, 0.12509784917611416, 0.6272662057616849, -0.5306370984019897, -0.03962207471379761, -0.640475335426689, -0.17110256475723976, -0.012925813883560844, -0.48460377150685924, 0.6945105810145153, 0.4705076063730908, 0.013521080306449253], [-0.6242438123317232, -0.5988028860598896, -0.6232293398857919, -0.30465573453323513, -0.21690056746377281, 0.5134964212517289, -0.07492724344156018, 0.7377931891324884, -0.19313165876070837, 0.3824709711002777, 0.11614237192546789, 0.2779887559168909, 0.029074967108916577]], "inverted": true, "swapped": true, "error_lsq": 0.044184598326623956, "error_max": 0.24703075005409944, "target": "209.xyz", "model": "9.xyz", "model_rescale": 3.833441315466971, "target_rescale": 4.1602266379569475},
{"mapping": [7, 6, 13, 9, 12, 14, 5, 8, 3, 10, 2, 0, 4, 15, 16], "R": [[-0.1251256423762303, 0.48454424471617963, 0.8657715914329615], [0.47453873731214313, 0.795569791642996, -0.37667186437975], [-0.8712959086384674, 0.3637108488037537, -0.3294811952939356]], "T": [-0.013805468909313924, 0.05671661177985251, 0.04493607349901731], "aligned_model": [[0.1954341832422171, -0.2798339308035927, -0.7154381997900744, -0.5137915582181793, -0.5627012908728339, -0.505866786188403, -0.057135405939218877, 0.11537864169313877, 0.11119444943269707, -0.308790173265772, 0.6631531926332748, 0.5557790303451022, 0.5092315478399108, -0.049651704807362924, -0.033116977006371305], [-0.5429884669337331, -0.583791147980366, 0.03620655620934051, 0.6579947995892476, 0.1689109250166146, -0.4437248401376485, -0.12168721646092098, 0.8004227415203575, 0.18692371340234257, 0.4777193463836645, -0.1380622742572785, 0.3069612778190048, -0.20809799381307362, -0.43339309702498413, 0.037707215962411625], [0.05183333016621451, -0.3829649228812037, 0.29739111582804856, -0.02205887753390208, -0.3857721158020835, 0.09998145652422347, -0.7463646653540966, 0.06990901016715201, 0.7277442392369694, 0.521362727305881, 0.5179370831940794, 0.0006808267548796682, -0.3506206822092876, 0.531513724370944, 0.04754965805427431]], "inverted": true, "swapped": true, "error_lsq": 0.04396434625505094, "error_max": 0.30548973068044977, "target": "209.xyz", "model": "10.xyz", "model_rescale": 4.2482417240324, "target_rescale": 4.1602266379569475},
{"mapping": [15, 3, 0, 8, 6, 5, 7, 11, 10, 12, 13, 16], "R": [[-0.6855020234010428, -0.7117561370337883, -0.1532650557296598], [-0.6966719782480028, 0.7023942001989991, -0.1459127898808836], [0.21150680990712992, 0.0067519568680355635, -0.9773532014790568]], "T": [-0.0026767770697608446, 0.019210863143952053, 0.032656942527636464], "aligned_model": [[-0.6146135086548677, -0.11067708994670646, 0.44635357996568764, 0.6583408632222936, -0.4745622201045183, 0.13932691566725866, -0.42342493740148174, 0.5851597454619112, 0.04750703715201776, 0.04331997072804765, -0.3928550008158716, -0.02710975291076395], [-0.2742638113596693, -0.6770395496185514, -0.18290405802938436, -0.25302969288234095, 0.6703312635297092, 0.8032992484594867, 0.1197273119782678, 0.3255400801324662, -0.4449690572456578, 0.5449424944896334, 0.006466921438861725, 0.028030239157818], [0.16553410980175315, -0.016099136512736638, 0.41544764073757096, -0.21096519991593804, 0.1648951684967464, 0.1904625949796029, 0.4977831777671743, -0.13598901408908434, -0.4900860355246847, -0.43731569775830975, -0.6029854455210205, 0.02451012739328277]], "inverted": false, "swapped": true, "error_lsq": 0.04108319304191266, "error_max": 0.20629965223179564, "target": "209.xyz", "model": "11.xyz", "model_rescale": 3.6694154284099745, "target_rescale": 4.1602266379569475},
{"mapping": [12, 9, 8, 10, 13, 5, 6, 4, 3, 2, 0, 15, 11, 16], "R": [[0.8048598085319029, 0.23044436331745563, 0.5468967763894769], [0.15038428324630773, -0.9706493795989514, 0.18768151010865594], [0.5740951628105598, -0.06881262456398349, -0.8158918842212693]], "T": [0.06680956472748281, 0.019388388786064616, 0.03655456505997117], "aligned_model": [[-0.05114533647428571, 0.03956234049643223, -0.24304483666434065, 0.43847855223798893, 0.6154471984409254, -0.47928392645965656, 0.08448577410472076, -0.40694514667010273, 0.5041156755626813, 0.18613079784214978, -0.3343255046545698, 0.6483749174137892, -0.48866472603416156, 0.08507907111423897], [-0.3084696073742756, 0.2834116215745647, 0.6490260262512578, 0.507938929571564, -0.08780878751332044, -0.5643859170983334, -0.7952861411723559, -0.23001471829693257, 0.5334276389290629, 0.3484477203466804, 0.3743606184112078, -0.10484125097228933, 0.12534082096658208, -0.00015966548715843146], [-0.5782458149487902, -0.7020652244266352, -0.24265446924397688, -0.3017088938398503, -0.45735657278448466, -0.10784670694167789, 0.04721089712848602, 0.49863054021739367, 0.2447200637274561, 0.809486773404806, 0.3560741948844091, 0.38954043840510205, -0.34822227871311123, 0.03153251278328865]], "inverted": false, "swapped": true, "error_lsq": 0.03711856086284719, "error_max": 0.26873112746284156, "target": "209.xyz", "model": "12.xyz", "model_rescale": 3.9764082729961374, "target_rescale": 4.1602266379569475},
{"mapping": [15, 6, 14, 9, 3, 2, 1, 13, 12, 7, 5, 11, 4, 0, 8, 16], "R": [[0.39346123916152176, -0.6011157338266159, -0.6955919262208046], [0.2102981027618983, -0.6777091983721442, 0.7046168820121557], [-0.894965340810596, -0.42352109391135995, -0.14023880261860183]], "T": [-0.06868426873142547, 0.03583325638554056, 0.0022513841911610934], "aligned_model": [[0.04473566804142423, -0.4805531311213689, -0.5290384404997455, -0.5445510733454376, 0.27987405203623567, 0.720916463946734, 0.5652179006289331, -0.646851773949285, -0.7259414484459599, 0.11316700134829336, -0.3777212832326661, -0.22327935776541438, 0.28514960657914273, 0.46095545734495197, 0.08334284088209956, -0.0865821686385442], [0.02162302733856454, -0.6308741310501247, -0.1547896295760581, 0.5429275076433436, 0.5476197857995145, 0.03876999579635474, 0.5585458293632792, 0.36763050680982684, -0.030014654246145266, -0.43568955245863544, -0.6025843204225055, 0.05837665356105617, -0.5461679479265972, 0.037469256020505916, 0.5435250233862327, 0.02909676730463088], [-0.6797928056922646, -0.22132387223583952, -0.4950743971989615, 0.3661415828903898, -0.337435980058517, -0.3083349284043779, 0.14110570347174867, -0.3325255868523864, 0.25337044758908, -0.3825490081254096, 0.3982076822521537, 0.668151510919227, 0.1926084961509515, 0.3316242816846701, 0.5403478598104041, -0.017124043348170095]], "inverted": false, "swapped": true, "error_lsq": 0.03773964193166472, "error_max": 0.25214207356623997, "target": "209.xyz", "model": "13.xyz", "model_rescale": 4.170626492500431, "target_rescale": 4.1602266379569475},
{"mapping": [14, 6, 15, 7, 10, 1, 2, 12, 9, 5, 11, 0, 8, 16], "R": [[0.49149534512842274, -0.065568017617143, -0.8684084066744469], [-0.26634611648779893, 0.9380648301301908, -0.22157193122028107], [0.8291514167804099, 0.34019877944897914, 0.4435907105795435]], "T": [-0.03930979877375102, 0.016182839636681844, 0.045370842036228196], "aligned_model": [[0.11309034686614969, -0.06896053869787691, -0.33883015658374716, -0.5220404693024124, 0.34485995967009114, -0.2868927620603051, -0.788897720655242, 0.5530642385028465, 0.6999076647920965, 0.037973984753436434, 0.2938487519946724, -0.3861601758192537, 0.22530314601693452, -0.03308324738574678], [-0.4459014338613784, -0.7896128251058684, -0.02470148492502739, -0.33922977719208186, 0.5328696986807868, 0.8033074272577778, 0.38526134413258223, -0.3457403542169848, 0.24779386850830998, -0.6335086237770408, 0.040881611627704206, 0.3322099576794871, 0.5936604962356975, -0.0012154371182985756], [-0.46340052188555136, -0.07267480954882381, -0.5766149430773609, -0.16469571205264777, -0.2315586096190576, 0.16146768137400297, -0.10241550355904412, 0.17761430438539577, 0.1715601639534462, 0.5268170881058405, 0.642217703298071, 0.4562590240776287, 0.45391769980127045, 0.02537953586769632]], "inverted": true, "swapped": true, "error_lsq": 0.04430014622806034, "error_max": 0.2830544636339034, "target": "209.xyz", "model": "14.xyz", "model_rescale": 3.9786697098870705, "target_rescale": 4.1602266379569475},
{"mapping": [3, 9, 2, 15, 0, 4, 12, 5, 7, 14, 11, 16], "R": [[0.6617912964260269, 0.2952172522519855, -0.6891146885298168], [-0.5940809500150561, -0.35415718555437575, -0.7222468502869446], [-0.45727464920326305, 0.8873665882221344, -0.058995197287929346]], "T": [-0.015028387588729597, -0.03635873413750773, -0.07152684908583126], "aligned_model": [[0.11211933704980981, -0.7855575284849493, 0.6201089930487741, 0.47983443005563153, 0.0774472422787936, 0.3838137896193614, -0.5044646915564358, -0.08568006380920315, 0.5837239940898171, 0.13897044140762368, -0.527576444392311, -0.009384902539575246], [-0.3360342331677835, -0.18029785870569154, 0.09952444210436867, -0.5101618330072354, 0.4759211991442634, 0.5122726263748962, -0.13029897327926476, 0.3762744989541409, -0.06437795665032475, -0.5723483410085144, 0.40169526073076245, -0.05749434126517836], [-0.6982914871255526, -0.11122878291662545, -0.6174921128044099, -0.16571657695140055, -0.4150744431303308, 0.12869350740661914, 0.4294831981698406, 0.6246085000231144, 0.13867661002210105, 0.35811891540642615, 0.04351232742772175, -0.05532316165367375]], "inverted": false, "swapped": true, "error_lsq": 0.04779717791319494, "error_max": 0.24393377535912586, "target": "209.xyz", "model": "15.xyz", "model_rescale": 3.769337070930944, "target_rescale": 4.1602266379569475},
{"mapping": [7, 3, 6, 14, 4, 0, 5, 8, 12, 13, 16], "R": [[0.8337402100677845, 0.34346490782092925, 0.43232987314282034], [0.3626351025556274, -0.9310575203913131, 0.040344468236045095], [0.4163808887432229, 0.12314118246281475, -0.9008125247081457]], "T": [-0.013209850193084483, -0.08447948112318518, -0.0045125695747994035], "aligned_model": [[-0.2305070617860694, -0.4007490232874667, -0.1350911320524214, -0.5221434117542862, 0.37531273415854144, 0.3949164344267518, 0.46629421641349694, 0.40093676583696897, 0.12445556398418978, -0.5175975313070861, -0.03320142394144809], [0.16446003141816984, -0.6742381500465849, 0.698056174483917, 0.3980585073919962, 0.09289118466219617, -0.46393434169631054, 0.5681816658826873, -0.5949885748874086, 0.3910455836302472, 0.08274527480048507, -0.06621285801405222], [-0.546993930126921, -0.03286679049316588, -0.19661539722177404, 0.05664052117680309, -0.5682052975563918, -0.28460963511846715, -0.0675327725274483, 0.3673395986674537, 0.4997769089525176, 0.5190059572862479, -0.001721555815077231]], "inverted": true, "swapped": true, "error_lsq": 0.03900980277295956, "error_max": 0.2300373622668737, "target": "209.xyz", "model": "16.xyz", "model_rescale": 3.7852294659196426, "target_rescale": 4.1602266379569475},
{"mapping": [7, 11, 12, 5, 0, 8, 10, 9, 14, 15, 3, 13, 16], "R": [[-0.32584802370373617, -0.8771218582625134, -0.352817674169655], [-0.7910753461120356, 0.4573085943494261, -0.4062864092089167], [0.5177092448682877, 0.14671774020979017, -0.8428825792989434]], "T": [-0.04613050036253552, 0.04029752004712521, -0.12957821058944713], "aligned_model": [[0.24163162675686223, -0.4272593390714248, 0.21676307376356496, 0.04791833355810478, -0.622620832303938, -0.6683297777239768, -0.10695500975368274, -0.1393752898123656, 0.65779547421136, 0.370727196521027, -0.1706297409765367, 0.4730215114638546, -0.01892137641656605], [-0.04423758939827495, -0.36985504805249425, -0.3528813824101242, -0.7665432314990569, 0.014148768498331452, 0.16618485211441542, 0.580452800840346, 0.07465716260485226, 0.0393120813476293, 0.4535290047207612, 0.730425464353459, 0.3090661479966764, 0.04079659258635329], [-0.6895083482706301, 0.2632913660791905, 0.3954751685715932, -0.12456950157185104, -0.3661845535028744, 0.2796056457483344, 0.3128856709808825, 0.6489683174391532, -0.12045504321832917, -0.49525524055471243, -0.21341865232800408, 0.3337654125098453, -0.12884554473942478]], "inverted": true, "swapped": true, "error_lsq": 0.038839214103980516, "error_max": 0.25326995906738237, "target": "209.xyz", "model": "17.xyz", "model_rescale": 3.901054581598922, "target_rescale": 4.1602266379569475},
{"mapping": [15, 14, 2, 3, 5, 0, 12, 13, 4, 8, 11, 9, 10, 1, 16], "R": [[-0.053113210873408534, -0.13790517085386977, -0.9890202984178242], [-0.46187107551343876, 0.88150416229024, -0.09810974196807333], [0.8853553503733833, 0.4515889455209766, -0.11051392603865015]], "T": [-0.011640469494689075, -0.04947179430839915, -0.0684675593352135], "aligned_model": [[0.061421161989792104, 0.33811417047546305, -0.526017816856509, 0.1245969465698302, -0.26910884454219336, -0.4884177127974147, 0.3793687868197118, 0.7077772764884681, -0.681260604121285, 0.05472923318879224, -0.04475169417475273, 0.5678709459445117, 0.5121351440865486, -0.1997527139898074, 0.0023819320078783575], [0.04932891423021811, -0.4644746175571065, 0.47748023245748955, 0.5838820639018729, -0.7571286277958509, 0.27481762863066556, -0.536122677153468, -0.15006096951929893, -0.276516717452243, 0.40710396180822295, -0.16753136627133802, 0.012048651646720643, 0.4109492637128903, 0.7500707442717787, -0.06508913508344731], [-0.7490193263727816, -0.5168427699201343, -0.48998779024268363, -0.3497292112735662, 0.2361536982164778, 0.16928704519398885, 0.2626916339922318, -0.2380630321962438, -0.053664809961829485, 0.5294827988918048, 0.6044339262882082, 0.45726205387557334, 0.0016265970111915967, 0.0718407751407749, -0.08580518379103623]], "inverted": true, "swapped": true, "error_lsq": 0.03618289302001381, "error_max": 0.24316057636288607, "target": "209.xyz", "model": "18.xyz", "model_rescale": 3.9405287249114394, "target_rescale": 4.1602266379569475},
{"mapping": [4, 0, 3, 8, 5, 15, 2, 6, 7, 14, 10, 13, 11, 12, 9, 16], "R": [[0.6548067198943026, -0.3791104411868689, 0.6538374667792921], [0.20095181732887185, 0.9212885171656218, 0.3329351817561394], [-0.7285921538786211, -0.0866183671161464, 0.6794488441263582]], "T": [0.08557114593375661, -0.03464928169640687, -0.0943254700567861], "aligned_model": [[-0.4998088983301634, -0.0670946409399446, 0.7097037663940411, 0.2462067513065764, -0.6747593693971244, 0.42962854391157523, 0.27296777884123113, -0.3817184775675997, -0.11314783279531901, 0.1655772545665227, 0.7141867442484914, 0.5247381506230997, -0.2442746632401925, -0.12081509750305208, 0.31649561611548993, 0.08927947173775472], [-0.19971314592582545, -0.6124446387004824, -0.24920436731827478, -0.650314456120385, 0.16129494363597507, 0.31080866635910026, -0.40183671871381715, 0.6258361651653255, 0.23808042583771433, 0.6634638135167281, -0.1452425206857309, 0.46488230384004847, -0.34396386269478296, 0.29759827816330553, -0.09917539159310736, -0.007717365788155087], [-0.45521848427979433, -0.272799850512643, -0.34578212120770885, 0.3125695836113294, 0.1139187056097441, -0.5847677221547007, -0.8359437594263739, -0.19189584366421836, -0.6324743897231928, -0.13714030189691967, 0.19524869980478482, 0.2433774124652282, 0.4188577888656731, 0.4942320964649765, 0.6530165816936226, -0.09575463897492914]], "inverted": false, "swapped": true, "error_lsq": 0.029134344594368897, "error_max": 0.2617395657300997, "target": "209.xyz", "model": "19.xyz", "model_rescale": 4.410303926677745, "target_rescale": 4.1602266379569475},
{"mapping": [9, 13, 12, 8, 5, 3, 11, 14, 15, 7, 2, 4, 6, 16], "R": [[-0.10302127831821012, -0.9777568113000599, -0.1826971104588717], [0.7775114169976396, -0.19371485352444967, 0.5982896889988361], [-0.620372962541087, -0.08041252066898713, 0.7801738356723167]], "T": [-0.07778491757445985, -0.033212646434129196, 0.08615087655516213], "aligned_model": [[-0.21022571491268585, 0.3201853858799061, 0.26555281235259165, -0.7265803136248337, 0.24700033622894293, -0.3942845526555231, -0.3392973044841142, 0.594811567973571, 0.2158103975256702, 0.24580997507345012, -0.44650348786423266, -0.11950452351297833, 0.6603728955465831, -0.05195958406547423], [-0.139633774162852, -0.5008892272848515, 0.19324054015757094, -0.022409943670223094, 0.7022994671867986, -0.6389975995933157, 0.4161998556746201, -0.2407920370815395, -0.49960319862783503, 0.034960408145282694, -0.25691026641220643, 0.5143273497938646, 0.2909512094127529, -0.04179431735686442], [-0.6801022479898462, -0.3373357857050204, -0.4884984853288599, -0.3003188183607672, -0.029602042683178426, 0.26407904075729605, -0.35822565244616006, 0.07516246634221577, 0.5039210686423534, 0.6284734426524943, 0.8168681883766058, 0.5318178713200075, 0.20515269605770914, 0.08542329709017207]], "inverted": true, "swapped": true, "error_lsq": 0.03602774893056458, "error_max": 0.25220074237268936, "target": "209.xyz", "model": "20.xyz", "model_rescale": 4.121658175737393, "target_rescale": 4.1602266379569475},
{"mapping": [11, 12, 6, 4, 7, 8, 13, 0, 10, 3, 15, 2, 16], "R": [[-0.020354626462848302, -0.2383813502438743, 0.9709583003597348], [-0.5235067826459867, -0.82484284859735, -0.2134828415621652], [0.8517783383634532, -0.5126486194009657, -0.10800488563522587]], "T": [0.06254283319880977, -0.03752676007914066, 0.08389082279814158], "aligned_model": [[-0.02860979381243825, -0.23277224855958306, 0.3972771434439997, 0.7465954376872679, 0.5509755719464955, -0.27338965406043486, -0.5345989042805057, 0.3528231659556034, -0.5752645434814736, -0.18560104216602782, 0.12417053419230903, 0.4812620708062941, 0.05821516699278846], [-0.5410383189450704, 0.057334240325324096, 0.5315635310874012, -0.18029165580804501, 0.349736360737819, -0.7119032355598917, 0.40069480907561894, -0.5494205951427169, -0.12354118688729522, -0.05509080290838276, 0.4952331995843452, -0.12120530014715766, -0.011244141248765497], [0.5377609956046873, 0.7188507622518112, 0.561603893164374, 0.19274789446469726, -0.038320963014187776, 0.03119620510756968, 0.1723572091139416, -0.12277182882242724, -0.19367881430008177, -0.5771099197243443, -0.3527086978961436, -0.6493307678860385, 0.08951377141793171]], "inverted": true, "swapped": true, "error_lsq": 0.04830011434770788, "error_max": 0.3331830416995115, "target": "209.xyz", "model": "21.xyz", "model_rescale": 4.08911054899281, "target_rescale": 4.1602266379569475},
{"mapping": [14, 15, 3, 2, 12, 10, 7, 13, 11, 8, 1, 5, 6, 0, 0, 4, 16], "R": [[-0.1968766770073113, 0.9357631855427031, -0.292552276753286], [-0.3828935839801714, 0.20131126900681842, 0.9015909695187081], [0.9025697077773984, 0.289518623846268, 0.31866422618296036]], "T": [-0.05706147340422167, -0.08502918128722353, -0.014446826350215436], "aligned_model": [[0.10830526178294676, 0.1251949559132161, 0.6166939239645386, 0.562762930901717, -0.12800912305478343, -0.6971917533962532, -0.1489626624996796, 0.2946264490121556, -0.38502512152394636, -0.43072416429766475, 0.1612220109689927, -0.7512224893860191, -0.37805719577735114, 0.27162113227041756, 0.27162113227041756, 0.6063994560274374, -0.02671787769705388], [-0.368958168584624, -0.790490655845302, -0.09796973556256716, -0.41340042845497155, 0.16069086040875483, 0.3214550426146983, 0.6076544685150187, 0.34220731980038227, -0.6801199432305065, -0.16032011826856704, -0.3740254138735532, -0.21034996410648998, 0.43210706469397947, 0.44470927143711675, 0.44470927143711675, 0.12259315099305351, -0.04852852503954036], [-0.5656824919351566, -0.03922019473186472, -0.5623200141099272, 0.1565615396250743, -0.7069477997445298, -0.29038016897323415, -0.14688443712947735, -0.3757147925375186, 0.3379731799210115, 0.5647504511838004, 0.691833485754572, -0.027262411894881173, 0.4157809945330815, 0.4453621716167945, 0.4453621716167945, 0.040368756506635364, -0.010894541809472504]], "inverted": true, "swapped": false, "error_lsq": 0.04186572202221569, "error_max": 0.32517843194101176, "target": "209.xyz", "model": "22.xyz", "model_rescale": 4.204369325754507, "target_rescale": 4.1602266379569475},
{"mapping": [4, 0, 3, 8, 5, 15, 2, 6, 7, 14, 10, 13, 11, 12, 9, 16], "R": [[0.6548067198943026, -0.3791104411868689, 0.6538374667792921], [0.20095181732887185, 0.9212885171656218, 0.3329351817561394], [-0.7285921538786211, -0.0866183671161464, 0.6794488441263582]], "T": [0.08557114593375661, -0.03464928169640687, -0.0943254700567861], "aligned_model": [[-0.4998088983301634, -0.0670946409399446, 0.7097037663940411, 0.2462067513065764, -0.6747593693971244, 0.42962854391157523, 0.27296777884123113, -0.3817184775675997, -0.11314783279531901, 0.1655772545665227, 0.7141867442484914, 0.5247381506230997, -0.2442746632401925, -0.12081509750305208, 0.31649561611548993, 0.08927947173775472], [-0.19971314592582545, -0.6124446387004824, -0.24920436731827478, -0.650314456120385, 0.16129494363597507, 0.31080866635910026, -0.40183671871381715, 0.6258361651653255, 0.23808042583771433, 0.6634638135167281, -0.1452425206857309, 0.46488230384004847, -0.34396386269478296, 0.29759827816330553, -0.09917539159310736, -0.007717365788155087], [-0.45521848427979433, -0.272799850512643, -0.34578212120770885, 0.3125695836113294, 0.1139187056097441, -0.5847677221547007, -0.8359437594263739, -0.19189584366421836, -0.6324743897231928, -0.13714030189691967, 0.19524869980478482, 0.2433774124652282, 0.4188577888656731, 0.4942320964649765, 0.6530165816936226, -0.09575463897492914]], "inverted": false, "swapped": true, "error_lsq": 0.029134344594368897, "error_max": 0.2617395657300997, "target": "209.xyz", "model": "23.xyz", "model_rescale": 4.410303926677745, "target_rescale": 4.1602266379569475},
{"mapping": [0, 3, 2, 4, 12, 13, 6, 5, 1, 11, 10, 7, 14, 9, 15, 4, 16], "R": [[0.5141284020958591, 0.8249103625532158, -0.23493590596305508], [0.363570844824075, -0.4576805647716432, -0.8113844596886355], [-0.7768450469381056, 0.3317399499346326, -0.5352199348539817]], "T": [-0.05977893659604977, 0.03190309418666083, 0.10879940544646263], "aligned_model": [[-0.06633610402977896, 0.37401206465847076, 0.506218797749656, 0.6032995448263676, -0.19706746376048484, -0.6091055233447644, -0.17799985376914634, 0.33698307712349146, -0.3238532189342241, -0.46065527366508047, 0.20308399741769972, -0.6148233563422763, -0.3785520932787492, 0.07518014643947851, 0.22209106842711962, 0.6032995448263676, -0.023238488865058582], [-0.3705713651756242, -0.7354857952284489, -0.37462593710165315, -0.14002571079098014, 0.18470363788905758, 0.3852225900259803, 0.7026785892727919, 0.29406851975251125, -0.779936116578706, -0.09026657652628146, -0.31524083049270973, -0.2606088878419305, 0.5491133267284051, 0.24044946227184705, 0.6621104272804521, -0.14002571079098014, -0.07959612575973256], [-0.5302288601274869, -0.07061810837787671, -0.4805007410100719, 0.04059539907842036, -0.6683618963030326, -0.15118570716576638, -0.22881300501041799, -0.3028451348246599, 0.19550130186045342, 0.5832403612531584, 0.5927189439603583, -0.11095802710265046, 0.4071737340126075, 0.683877175746334, 0.28963692483278697, 0.04059539907842036, 0.08285813799112496]], "inverted": true, "swapped": false, "error_lsq": 0.04185326558068821, "error_max": 0.37506274002534734, "target": "209.xyz", "model": "24.xyz", "model_rescale": 4.28219845311461, "target_rescale": 4.1602266379569475},
{"mapping": [8, 9, 0, 12, 11, 13, 1, 5, 10, 14, 3, 15, 7, 4, 2, 16], "R": [[0.5007717546927343, -0.4754058095557474, 0.7233373804405553], [-0.22093993267140366, 0.7377823480582245, 0.6378579411160834], [-0.8369069218575719, -0.4792353525506416, 0.2644244334636016]], "T": [-0.0012357353841213267, -0.008905502503640347, 0.02209052109760499], "aligned_model": [[-0.2865368043673222, -0.35941848395056475, 0.12271398257983598, 0.13456393083684556, 0.20640513356224283, -0.440539515472509, -0.4298564809287955, 0.7286862367531229, -0.6772247584922492, -0.005155405958618568, -0.5920818221961338, -0.22314618854596877, 0.31034789664200363, 0.6176929019525146, -0.0960954899179948, -0.0020343663753995024], [0.29831347678820097, -0.34895428736311745, 0.5744350948853009, -0.6042618116354205, -0.02134441466938708, -0.6082714783259182, 0.6876520560866269, -0.2910330106569254, -0.06416549800322001, -0.5773831036711183, 0.3109237971376359, -0.039063727803622175, 0.04392058921054094, 0.3181711272459727, 0.6971223889669667, -0.030949822478283272], [-0.606105935603243, -0.5878945726928968, -0.16055020927463196, -0.3335680897273944, -0.6294932172610389, 0.0870159833348062, -0.13738593582048156, -0.19580911730952302, -0.15462056610539276, 0.43731796973940423, 0.23984262989742397, 0.6763813752634891, 0.5730896407924628, 0.1226283914151872, 0.4830330798739556, 0.03804459405561979]], "inverted": true, "swapped": true, "error_lsq": 0.03819379457902299, "error_max": 0.2485448427279469, "target": "209.xyz", "model": "25.xyz", "model_rescale": 4.100010024507729, "target_rescale": 4.1602266379569475},
{"mapping": [15, 3, 0, 8, 6, 5, 7, 11, 10, 12, 13, 16], "R": [[-0.6855020234010428, -0.7117561370337883, -0.1532650557296598], [-0.6966719782480028, 0.7023942001989991, -0.1459127898808836], [0.21150680990712992, 0.0067519568680355635, -0.9773532014790568]], "T": [-0.0026767770697608446, 0.019210863143952053, 0.032656942527636464], "aligned_model": [[-0.6146135086548677, -0.11067708994670646, 0.44635357996568764, 0.6583408632222936, -0.4745622201045183, 0.13932691566725866, -0.42342493740148174, 0.5851597454619112, 0.04750703715201776, 0.04331997072804765, -0.3928550008158716, -0.02710975291076395], [-0.2742638113596693, -0.6770395496185514, -0.18290405802938436, -0.25302969288234095, 0.6703312635297092, 0.8032992484594867, 0.1197273119782678, 0.3255400801324662, -0.4449690572456578, 0.5449424944896334, 0.006466921438861725, 0.028030239157818], [0.16553410980175315, -0.016099136512736638, 0.41544764073757096, -0.21096519991593804, 0.1648951684967464, 0.1904625949796029, 0.4977831777671743, -0.13598901408908434, -0.4900860355246847, -0.43731569775830975, -0.6029854455210205, 0.02451012739328277]], "inverted": false, "swapped": true, "error_lsq": 0.04108319304191266, "error_max": 0.20629965223179564, "target": "209.xyz", "model": "26.xyz", "model_rescale": 3.6694154284099745, "target_rescale": 4.1602266379569475},
