[{"mapping": [4, 6, 10, 7, 11, 2, 8, 1, 9, 5, 3, 12], "R": [[-0.7338071653460352, 0.0682018745453935, -0.6759256973923327], [0.3290454683028541, -0.8347746587343727, -0.4414525443626611], [-0.5943535344188442, -0.5463513278499524, 0.5901221082796524]], "T": [0.006102058890769204, -0.09480241360449718, 0.0728033536432146], "aligned_model": [[-0.3191798216234772, 0.28255016334321265, 0.30923123321488866, -0.10424282986154543, -0.07366252810520924, -0.4987189902778104, 0.5752750677420313, -0.35158629373095074, 0.599976778176717, 0.08698821333413198, -0.6231460641999861, -0.04584246555145367], [-0.1862338212730068, -0.6798882046656285, -0.4553028850761035, 0.5788438926818555, 0.4455879886266262, -0.6415403174645262, -0.14625565390073714, -0.4528676281372356, 0.1865849336179141, 0.22303564391776756, 0.19864874853646405, -0.017057660886332524], [-0.390838315998102, 0.13505706610384263, -0.54914934183235, 0.04377372653268079, -0.6172581124442814, -0.07701322423852137, 0.4293110712661426, 0.5484326321089402, -0.22852180925695326, 0.6697455025961783, 0.09675993881015053, 0.12165261170583537]], "inverted": false, "swapped": true, "error_lsq": 0.05602137601820584, "error_max": 0.2695377511420555, "target": "21.xyz", "model": "0.xyz", "model_rescale": 3.751011558992144, "target_rescale": 4.08911054899281},
{"mapping": [2, 0, 1, 8, 4, 13, 7, 5, 12, 11, 6, 10, 14], "R": [[0.7480189719113081, 0.6189067642938116, -0.23962895228271985], [-0.5858237818317148, 0.7854116340829288, 0.19984759615159498], [0.3118943960720312, -0.009109454349627885, 0.9500731043137234]], "T": [0.07576263365136096, -0.0783048357821998, 0.02334970157288022], "aligned_model": [[0.08877632305361402, -0.1669717316497325, 0.1933410699895755, 0.6354337522819996, 0.7813480268531113, -0.2459472711397436, -0.3880540912369721, 0.3288978619482503, -0.634806641382108, -0.2560231129040029, -0.02516590354206863, 0.5334766269223796, 0.03677799546999168], [-0.6297947812904947, 0.12281547002720189, 0.5141235627689672, -0.2070299287428551, 0.26937085836850305, -0.729236781239204, 0.3845514760040494, -0.6475120302554602, -0.13232590470377376, 0.15209231201882487, 0.6041021197968807, -0.06777280994230817, -0.09255665864714731], [0.6393266377316197, 0.7133751858794333, 0.3710413082219281, 0.3559400525346496, -0.05938381344350477, 0.04045343927657531, 0.12491300277333883, -0.021503090431427587, -0.18676487090649826, -0.6648118794489961, -0.2730620435173338, -0.6569742836903666, -0.012439905497628013]], "inverted": true, "swapped": false, "error_lsq": 0.0466643480859514, "error_max": 0.3031137173369138, "target": "21.xyz", "model": "1.xyz", "model_rescale": 3.9405287249114394, "target_rescale": 4.08911054899281},
{"mapping": [10, 9, 8, 3, 4, 11, 2, 6, 5, 0, 1, 7, 12], "R": [[-0.968669654874209, 0.2077685111569108, -0.13605640557328227], [-0.14693953128584608, -0.03780464619293139, 0.9884227753708041], [0.20021956415739375, 0.9774472131516196, 0.067149621225703]], "T": [0.09549848562221128, -0.019449518685545324, -0.019397757946288105], "aligned_model": [[0.28081419344264014, -0.22338914242305755, 0.2514550567427877, 0.5977539137363754, 0.5695257572776821, -0.2796005506393292, -0.4003141934229668, 0.1448167555330087, -0.629134550688943, -0.3986141900826137, 0.14182306600171832, 0.7668933793427677, 0.05905340984422512], [-0.4376875794224832, -0.14248828520557139, 0.2208699941370769, -0.2304068975612104, 0.4787184030008371, -0.6079967094557049, 0.44369248407528855, -0.43920231883355676, -0.06070053217606952, -0.15157195657407724, 0.539755717458028, -0.13253422648412033, 0.06037881120474624], [0.6892785661244326, 0.7110495363213764, 0.7007507335405525, 0.1539116410967472, 0.11779768444284884, 0.12387542959904195, -0.08135661605663141, -0.3610569278954247, 0.0164016407809369, -0.6837217100886809, -0.578298347926777, -0.4260310063461389, -0.012490884110493379]], "inverted": true, "swapped": false, "error_lsq": 0.06064643539640383, "error_max": 0.35146924293059084, "target": "21.xyz", "model": "2.xyz", "model_rescale": 3.932901565614263, "target_rescale": 4.08911054899281},
{"mapping": [4, 6, 1, 0, 3, 5, 10, 7, 12, 8, 11, 8, 13], "R": [[-0.5158883757358231, 0.5790702231699861, -0.631297758920873], [0.8016288895626309, 0.5861824875961571, -0.11739341827446897], [0.3020766578192321, -0.5666284213428088, -0.7666041513893066]], "T": [0.11866479291271005, -0.03546763290978822, 0.05339730370689961], "aligned_model": [[0.2856051691851742, -0.3678276610433989, 0.2957879369012947, 0.6658524342683618, 0.5688399851392895, -0.3653072163751839, -0.3988087670236571, 0.30424466295510305, -0.6426388965846319, 0.2675781872943587, -0.004365059830161208, 0.2675781872943587, 0.004543942483386271], [-0.6755003140633409, -0.08378046411313111, 0.5033636803923177, -0.0836992041067367, 0.10203595068219978, -0.557747920819271, 0.44937379100764896, -0.6769606363545866, -0.07383541702858656, 0.001381509592830038, 0.6823797448338869, 0.001381509592830038, -0.047565325452877526], [0.6241121908118166, 0.5305589359308652, 0.529902108069752, 0.4370765054243228, -0.14439182360889205, 0.15236235178799423, 0.1548633015669093, -0.1991683030442229, 0.007851550237633793, -0.6644144175699725, -0.46358189893864693, -0.6644144175699725, 0.0693536563842024]], "inverted": false, "swapped": false, "error_lsq": 0.06179194270092624, "error_max": 0.43456382074480454, "target": "21.xyz", "model": "3.xyz", "model_rescale": 3.9243930471874484, "target_rescale": 4.08911054899281},
{"mapping": [2, 1, 1, 0, 5, 4, 9, 3, 8, 10, 11, 6, 12], "R": [[-0.304145501965111, -0.9405483937933897, -0.15120923439745831], [-0.9524719758589036, 0.29739077458936236, 0.06599895751127655], [-0.017106982136744747, 0.16409584431610044, -0.9862960534445827]], "T": [-0.034425838494561295, -0.03396324235094554, -0.051643300048567764], "aligned_model": [[0.2045118712393076, 0.06626738504268587, 0.06626738504268587, 0.6117555806746953, 0.6246595185904523, -0.2755949033668398, -0.4083407266786937, 0.35699343835018527, -0.6636683088979216, -0.306245635174177, 0.0027467850732685872, 0.5353081576386297, 0.06642235713001643], [-0.7320202753526445, 0.22608121956501925, 0.22608121956501925, -0.24759344840912295, 0.29380535531318425, -0.5694151012580603, 0.56129923017035, -0.5562658339536548, -0.04213869984891224, -0.21168258947613838, 0.5750264670603392, 0.019179090459408292, -0.0015297296716040645], [0.5022877785682364, 0.6059265080653684, 0.6059265080653684, 0.4583900929175576, 0.12667478158168324, 0.03493648039480386, 0.00783473773813366, -0.21579055980060624, -0.03365874412960347, -0.6774687959412805, -0.5555121433756396, -0.4922061001693783, 0.0027691955671454993]], "inverted": false, "swapped": false, "error_lsq": 0.05565544034015167, "error_max": 0.36760752122871204, "target": "21.xyz", "model": "4.xyz", "model_rescale": 3.8936222436046832, "target_rescale": 4.08911054899281},
{"mapping": [11, 7, 9, 4, 8, 5, 0, 1, 2, 3, 6, 12], "R": [[0.5785091431599322, 0.7411397938342958, 0.34064494312350935], [-0.8110270306542431, 0.567173390846435, 0.14335096882797338], [-0.08696163998294107, -0.3592021028766603, 0.9291993986548112]], "T": [-0.07514955275410025, 0.07363746986703679, -0.11971313242446127], "aligned_model": [[0.03829161153110448, -0.38242070130719813, -0.431772424620652, 0.42825843802525426, -0.5845509626614895, -0.6349264869923689, -0.19023897861892558, 0.08766613279160669, 0.6283340432215773, 0.1221089493679229, 0.062310313984136154, -0.11551189250587061], [-0.5806299680625652, -0.5344114873662776, 0.08901134658346134, -0.14658192149229915, 0.5121243593556429, 0.01491776444885818, -0.39059769621943463, 0.2914505703726114, 0.20348385792128101, -0.49389078828960387, 0.7082338202089864, -0.004186952350854006], [-0.6973239227077024, -0.17147186667794545, -0.748399577607593, -0.28468408870384554, -0.16378754674231416, 0.26382996825283156, 0.7511507289921601, 0.5193669656711316, 0.13418129427985723, 0.22905822890304925, -0.15159916762944242, -0.06103629675466818]], "inverted": false, "swapped": true, "error_lsq": 0.040624331877795704, "error_max": 0.2165255403300005, "target": "21.xyz", "model": "5.xyz", "model_rescale": 3.6523030999806103, "target_rescale": 4.08911054899281},
{"mapping": [0, 1, 2, 3, 4, 5, 6, 7, 8, 9, 10, 11, 12], "R": [[1.0, 0.0, 0.0], [0.0, 1.0, 0.0], [0.0, 0.0, 1.0]], "T": [0.0, 0.0, 0.0], "aligned_model": [[0.23419523354189553, -0.1380374028134381, 0.27958368606140854, 0.544066875508655, 0.4841761493798835, -0.3095663432997167, -0.4323801420422566, 0.3198859958242472, -0.6464853097823764, -0.16410661730954884, 0.028600376193988298, 0.6464853097823764, 0.03466509361917659], [-0.6614153169975246, 0.01464806326029761, 0.5038256915082548, -0.30097020739709185, 0.30745102998246343, -0.5859467043731946, 0.47325667203511046, -0.5540082183784423, -0.11300793765867329, -0.0297622547842279, 0.6614153169975246, -0.07952830966629279, -0.09513092036502054], [0.7034529845881796, 0.6805189017659138, 0.49417028368130606, 0.3099175248055212, -0.013376190089427163, 0.15728530992110568, 0.10816652538507156, -0.2399289547800716, -0.1516214131585938, -0.7034529845881796, -0.4127769840841655, -0.5918623111317239, 0.02961704716685343]], "inverted": false, "swapped": false, "error_lsq": 0.0, "error_max": 0.0, "target": "21.xyz", "model": "6.xyz", "model_rescale": 4.08911054899281, "target_rescale": 4.08911054899281},
{"mapping": [2, 13, 12, 7, 5, 1, 11, 6, 9, 8, 10, 4, 14], "R": [[0.1096839367028269, 0.7628028008890443, -0.6372607951107607], [-0.2591730277546548, 0.640899037158758, 0.7225494902451054], [0.959582604945429, 0.08590873718549052, 0.26799424091076857]], "T": [0.06847862267679132, -0.0809059528917502, -0.01443007027759103], "aligned_model": [[0.1577829285686963, -0.015169827696529428, 0.167464287304052, 0.6984424459702014, 0.7177447441649645, -0.47799209641345924, -0.36972226196386504, 0.3234014471260745, -0.6164677502466995, -0.12452656024932877, 0.02717905116594667, 0.4861527276203694, -0.09320623068612836], [-0.6854623075235835, 0.035630210901711284, 0.5100377979806772, -0.2277164166048944, 0.3059913857782127, -0.4521132504128057, 0.28652901150352317, -0.5068633147545247, -0.26151521952744505, 0.10280170130282687, 0.5980862101359088, -0.06733049175213393, -0.09724841286428927], [0.5115698330633586, 0.7034256127326286, 0.37156117251727205, 0.41087127421044534, -0.11068588777000296, 0.3041934603969245, 0.11786730156760819, -0.06656111576087825, -0.35026643955891357, -0.6422433151513866, -0.25220914093357755, -0.5820686336404781, -0.04534438219121156]], "inverted": false, "swapped": false, "error_lsq": 0.05397878847172095, "error_max": 0.26050073394738205, "target": "21.xyz", "model": "7.xyz", "model_rescale": 3.964800864290218, "target_rescale": 4.08911054899281},
{"mapping": [5, 1, 3, 10, 6, 8, 2, 9, 7, 12, 4, 11, 13], "R": [[-0.8401385412922096, 0.3627360367543128, 0.40322425407603196], [-0.153112251422097, 0.5545873019890626, -0.8179178216281567], [-0.5203113201726973, -0.7489028589291581, -0.41039083565289175]], "T": [0.05355960875182388, 0.07497623780521787, 0.09238019806339434], "aligned_model": [[0.26563236980540894, -0.547738218984247, 0.4722161180573015, 0.6602620247901048, 0.47276547725643286, -0.1642592973161469, -0.38476750908310914, 0.20307642741952495, -0.6173152481241063, -0.2115310231020424, 0.10230287849347253, 0.5734935685064481, 0.05694533694525264], [-0.4889804515586066, 0.010555576792469351, 0.32631087788455515, -0.47094551825855824, 0.4635451270706472, -0.6593847830434846, 0.5591586355287613, -0.48883281174323134, -0.11181533351731779, -0.17555228899464345, 0.533798478865797, 0.04555103074965658, -0.002581635612861538], [0.6720772909569889, 0.5366895407143878, 0.6285894124701867, 0.18733085702260047, -0.006546447916673165, 0.15815554773699922, -0.017371664149933103, -0.2731615962247259, -0.05556911844827836, -0.569161449492811, -0.43884446229875695, -0.552550929404721, 0.1004727585165257]], "inverted": false, "swapped": false, "error_lsq": 0.058098052651055505, "error_max": 0.4342331082690569, "target": "21.xyz", "model": "8.xyz", "model_rescale": 4.121658175737393, "target_rescale": 4.08911054899281},
{"mapping": [3, 11, 8, 2, 6, 10, 7, 0, 5, 4, 9, 1, 12], "R": [[-0.37910257886201243, 0.3290046409631733, 0.8648914272467183], [-0.4778059663802394, 0.73082443243138, -0.4874393372028945], [-0.7924535905601144, -0.5980397939820101, -0.11985704661110999]], "T": [0.03921405151988244, -0.006165732577804842, 0.07534737157567203], "aligned_model": [[0.17877051950364187, -0.17136308229425226, 0.408670298650535, 0.6498937530496928, 0.4199922364890367, -0.43999716476676687, -0.4008926231354607, 0.13045938074476154, -0.47391686226683616, 0.08630249610166191, -0.17842349805251617, 0.567618785446723, 0.10396866519407387], [-0.5946938406416882, -0.007717193329115569, 0.43024436197571575, -0.27045015750285895, 0.5421024726693878, -0.5595898843536246, 0.46035972030712935, -0.6653949357375936, -0.1718351754453992, -0.05319709564622721, 0.6134527259972726, -0.15910836856749397, -0.02334572556232128], [0.5821438294684499, 0.6742521538555143, 0.5265697652522503, 0.2742707129420916, -0.11064187289989405, 0.27674039283422935, 0.28480148838297714, -0.34407531583910245, -0.2262619905007142, -0.8099201851514001, -0.4364110478412576, -0.33977755296363, 0.018419361942274427]], "inverted": true, "swapped": false, "error_lsq": 0.05427465929636132, "error_max": 0.2758616315042222, "target": "21.xyz", "model": "9.xyz", "model_rescale": 3.833441315466971, "target_rescale": 4.08911054899281},
{"mapping": [4, 6, 1, 5, 0, 3, 11, 2, 7, 8, 10, 13, 14], "R": [[0.4142930606869818, 0.8928422983566335, -0.17661792132130127], [-0.8933231330948153, 0.43604192361788585, 0.10881737326951461], [0.17416957180941772, 0.11269459220769347, 0.9782458224510167]], "T": [0.007400239017165328, 0.03915331966903033, 0.07211632001364697], "aligned_model": [[0.07643472951833517, -0.08794527477678835, 0.4663766942709556, 0.5943217357693665, 0.5787564160859069, -0.2709898501458581, -0.556920758222076, 0.2584121130210377, -0.6250594905968285, -0.23406842334340175, 0.040668034146060364, 0.6701739241875925, -0.029076945250007417], [-0.5080444774877176, 0.05359423008569883, 0.3698328225761493, -0.2742535482030002, 0.40118019783439857, -0.7826407962484264, 0.3682987648430431, -0.5207816763303271, -0.1648147296337715, 0.0845488868729021, 0.6470660102252892, -0.09289715228019937, -0.04026162809085531], [0.6480689135474249, 0.7443739054305913, 0.5470906485763508, 0.19350204111711988, -0.007329385439177646, 0.11052516075222873, -0.12420527594482043, -0.3022045240384821, 0.024098593474171856, -0.6676076081871226, -0.4802328068868871, -0.35094426254900696, 0.034974339629398665]], "inverted": true, "swapped": false, "error_lsq": 0.048983005876519756, "error_max": 0.28376606811577476, "target": "21.xyz", "model": "10.xyz", "model_rescale": 4.2482417240324, "target_rescale": 4.08911054899281},
{"mapping": [11, 7, 5, 0, 10, 6, 9, 1, 3, 2, 4, 12], "R": [[-0.4653869395302636, -0.40500230645951957, 0.78701215256], [-0.47322215758657477, 0.8652687016470975, 0.16544142020381036], [-0.74798114019256, -0.295437312661106, -0.5943408182211802]], "T": [0.0030724544694051437, 0.1335183708722194, 0.07630004339173319], "aligned_model": [[-0.7313870479607284, -0.11025070704796867, 0.5082358046198094, 0.7155818280159185, -0.602973018759885, 0.09775485174477651, -0.4621267349366913, 0.5969574052364309, 0.11567332286132188, 0.05782531004750115, -0.357302402305631, 0.04877699084815304], [-0.33914470083890524, -0.5369189290984281, -0.20096781531214786, -0.4332297146120422, 0.6239956012555341, 0.7655196443229098, 0.0690446500175619, 0.32410125272181406, -0.33309303496643694, 0.518914011230786, 0.1682102664583892, 0.03970015887160479], [-0.031995215376431685, 0.1433056220323147, 0.387479269728263, -0.3215576330542244, 0.10483094805302945, 0.19560677444662444, 0.6259324011325309, -0.22923832799849603, -0.425930524501778, -0.5753777599802803, -0.3687370751859512, 0.060873810558756035]], "inverted": false, "swapped": true, "error_lsq": 0.040781087030351215, "error_max": 0.24218634297095878, "target": "21.xyz", "model": "11.xyz", "model_rescale": 3.6694154284099745, "target_rescale": 4.08911054899281},
{"mapping": [5, 12, 10, 7, 9, 0, 2, 6, 1, 3, 8, 11, 13], "R": [[0.09693201746537271, -0.3858629412932676, 0.9174497122603512], [-0.05501430991559225, 0.9183039892149671, 0.39203470394390966], [-0.9937693946256366, -0.08847357757198514, 0.06778507488385678]], "T": [0.08961171651892054, -0.09522850635241208, 0.03274035538646408], "aligned_model": [[0.2574256201744611, -0.2588103518542005, 0.21202069885300207, 0.6842504009480079, 0.7137433988069434, -0.3069290431643603, -0.32686474573307384, 0.36321307243618917, -0.7463566709318109, -0.4036116307690494, 0.13877687069434674, 0.5570900414886278, -0.0028647562847886887], [-0.6501795771858846, -0.030493886708987422, 0.39020451952207114, -0.0730302356681811, 0.3997842194765633, -0.6895271110167632, 0.40744293937503173, -0.5775106559976162, -0.05522022516772511, 0.186716975879531, 0.5082591972149468, -0.10320467231884452, -0.1724145832409587], [0.5881128386779513, 0.6125506619149927, 0.4237641471724885, 0.4777992169189787, -0.06779974269275611, 0.050131698901848785, 0.019236747251535173, -0.07861968963643902, -0.09386804370788027, -0.6141648736404535, -0.4211133992184658, -0.5385993381121299, 0.012679515652118632]], "inverted": false, "swapped": false, "error_lsq": 0.05325146261983474, "error_max": 0.33496011036781964, "target": "21.xyz", "model": "12.xyz", "model_rescale": 3.9764082729961374, "target_rescale": 4.08911054899281},
{"mapping": [5, 4, 7, 9, 2, 6, 3, 12, 14, 11, 8, 1, 15], "R": [[-0.15151543973595172, -0.7595510461185108, -0.6325545667070132], [-0.933666503301594, 0.320071047422663, -0.16069033951776343], [0.3245149181997584, 0.5662479429914385, -0.7576630748055292]], "T": [0.10503511153436601, -0.12885692162501233, 0.004370929611556319], "aligned_model": [[0.29339294432819796, -0.07387551974156759, 0.12680419247565422, 0.6230611524984482, 0.6324480076242855, -0.4632619532633893, -0.4229296311114252, 0.3864941336429157, -0.6758105130941467, -0.330008885753159, 0.12198958958686565, 0.6329370676244321, 0.0298423198471829], [-0.6660514150759829, -0.05150482158394058, 0.48882404703751975, -0.35346896431407715, 0.4695495167929116, -0.5515761288233216, 0.5219718824996511, -0.5847183321006533, -0.1448147292622613, 0.0820038589493648, 0.4461632613127772, -0.03793337010485574, -0.07761790116394887], [0.6198116731977154, 0.6956533324071944, 0.4391467649452117, 0.21100485151148723, 0.0021606345772995812, 0.29073734472883245, -0.0738502028159088, -0.34230576164576804, -0.16543336494246758, -0.6255649007625119, -0.4063810290407514, -0.3367668882806246, 0.06189728560208045]], "inverted": false, "swapped": false, "error_lsq": 0.04734274078024011, "error_max": 0.25881918132601966, "target": "21.xyz", "model": "13.xyz", "model_rescale": 4.170626492500431, "target_rescale": 4.08911054899281},
{"mapping": [5, 4, 8, 12, 10, 6, 0, 11, 2, 3, 1, 9, 13], "R": [[0.28419154045296025, 0.035519859151253885, 0.9581093402847343], [0.7835326741560886, -0.5845216182278572, -0.21073923781321757], [0.5525501939776896, 0.8106002821552447, -0.1939470693386614]], "T": [0.018292730085998132, 0.06473718541668669, 0.026344048302692512], "aligned_model": [[0.2513873091082986, -0.2259596618282017, 0.28208761447332853, 0.4717660309414399, 0.5673877259028306, -0.266255908641007, -0.29942856023312875, 0.364081018023188, -0.6374331027380398, -0.2491080417805392, 0.01655111700874185, 0.5604975074960734, 0.04550985693131025], [-0.7379186191659539, 0.04633988539914155, 0.47403453923388916, -0.1526930041832291, 0.19150983387922504, -0.726752179722988, 0.5635270554269927, -0.48474380013746865, 0.0453797914280655, -0.2271919555195057, 0.5073250313229845, 0.07510899199714946, -0.033098665795119345], [0.38499486031409325, 0.691975657369808, 0.5870973166250755, 0.5581261458275976, 0.05376094355973431, 0.018224682595305436, -0.05188800255201511, -0.25322840665495655, 0.07714848414775871, -0.5382335002301201, -0.6020884741969458, -0.5754971628533951, 0.01971719552984891]], "inverted": false, "swapped": false, "error_lsq": 0.058856720899672525, "error_max": 0.3279693577472206, "target": "21.xyz", "model": "14.xyz", "model_rescale": 3.9786697098870705, "target_rescale": 4.08911054899281},
{"mapping": [1, 6, 3, 0, 4, 11, 8, 9, 7, 5, 10, 12], "R": [[-0.6808411833178347, 0.731110395923821, -0.04396444097773608], [-0.5799375485767873, -0.5014542463555647, 0.6420405583471496], [0.44735637119540117, 0.46262428360829366, 0.7654090732195405]], "T": [-0.052064584600657875, 0.005757536499980467, -0.05095105739042888], "aligned_model": [[-0.12683685151311172, -0.687694184195962, 0.5520263489433326, 0.621879706833082, 0.052213756900055704, 0.42021231703175066, -0.41626308053609284, -0.17296255146263498, 0.5602198008355619, 0.17247658766102375, -0.5343073942632837, 0.04239014053361544], [-0.5038709386323665, -0.07712667167388242, -0.02862006264918822, -0.6417387201803487, 0.4493101467353702, 0.7207984423620803, -0.328484782695215, 0.3473068851055481, 0.06750578321123311, -0.5685806210026758, 0.6190330532055667, -0.040858023561682486], [-0.5168510374596431, -0.15925471488090653, -0.3923203993569696, -0.38816229701261684, -0.3995463978270884, 0.14964813071704786, 0.4065908863523006, 0.5746611222036027, 0.24588735837859027, 0.2382209896378903, -0.05378915625870895, -0.04511799061966802]], "inverted": true, "swapped": true, "error_lsq": 0.03993610684095029, "error_max": 0.23947649461655746, "target": "21.xyz", "model": "15.xyz", "model_rescale": 3.769337070930944, "target_rescale": 4.08911054899281},
{"mapping": [5, 1, 9, 8, 7, 3, 11, 2, 10, 6, 12], "R": [[0.976872090855924, 0.05894932690446301, -0.20553806208166467], [-0.20581298428934017, -0.0014349876529409257, -0.9785902903198824], [-0.057982183510896707, 0.9982599449381642, 0.010730737503174565]], "T": [-0.026898693973953676, 0.028753183171812885, -0.01253534557134043], "aligned_model": [[-0.39617469663155697, -0.30075262308589845, -0.04437797001729744, -0.6339299206778429, 0.30224512843223345, 0.4231432136716075, 0.7215968544253082, 0.17434818894344586, 0.1248715844398133, -0.44361296311559306, -0.004730665693048634], [-0.06061109469082457, -0.6088071364487948, 0.7509634247045933, 0.310345661794146, 0.1985036322062342, -0.3860732361727368, 0.4750029452885042, -0.5131019946367963, 0.4258572802744619, 0.011212801592466112, -0.007227786285911253], [-0.5778253505157541, 0.01739340897443, -0.04027912171672508, -0.08948902291162772, -0.5867018622906981, -0.3412023900472106, -0.13576102056751654, 0.4795056004963104, 0.6416413586313473, 0.48612888512894714, -0.10919287795772556]], "inverted": false, "swapped": true, "error_lsq": 0.04453223091561856, "error_max": 0.18427146412049597, "target": "21.xyz", "model": "16.xyz", "model_rescale": 3.7852294659196426, "target_rescale": 4.08911054899281},
{"mapping": [6, 10, 9, 11, 8, 5, 0, 7, 4, 1, 3, 2, 12], "R": [[0.8357952297318377, 0.050922039471062774, 0.5466747477738589], [0.5268224714444532, -0.3547677880861874, -0.7723975013667461], [0.15461053501835864, 0.9335666887976144, -0.32334009963008825]], "T": [0.06972295519684125, 0.00017450594252186452, -0.030249412938607424], "aligned_model": [[0.09453421025668689, -0.14886572867253728, 0.26248919286901695, 0.7313257205077734, 0.49406422905288533, -0.34677482060893444, -0.30438303144557055, 0.35375120655811054, -0.6359109782296255, -0.16034345306993197, -0.03646038546212567, 0.4842674490480666, 0.09338929386048017], [-0.7261965424856774, -0.14614780133180377, 0.5051674937071552, -0.14568672772585556, 0.4865594962011305, -0.5036535775395786, 0.5600618107618706, -0.635396633882065, -0.02756892807290081, -0.23879293213102096, 0.4996666408231938, -0.09613590527655994, 0.008950511115295587], [0.4788308729983541, 0.7313698127623401, 0.6443505021474418, 0.2507102921419257, 0.05675653976482883, -0.10021994676519896, 0.08073739888673911, -0.11273749587885101, 0.02540792220887219, -0.6337543139749316, -0.6399444814125179, -0.4695263055003625, 0.05812894210314928]], "inverted": false, "swapped": false, "error_lsq": 0.05829923579794491, "error_max": 0.2863574842637245, "target": "21.xyz", "model": "17.xyz", "model_rescale": 3.901054581598922, "target_rescale": 4.08911054899281},
{"mapping": [2, 0, 1, 8, 4, 13, 7, 5, 12, 11, 6, 10, 14], "R": [[0.7480189719113081, 0.6189067642938116, -0.23962895228271985], [-0.5858237818317148, 0.7854116340829288, 0.19984759615159498], [0.3118943960720312, -0.009109454349627885, 0.9500731043137234]], "T": [0.07576263365136096, -0.0783048357821998, 0.02334970157288022], "aligned_model": [[0.08877632305361402, -0.1669717316497325, 0.1933410699895755, 0.6354337522819996, 0.7813480268531113, -0.2459472711397436, -0.3880540912369721, 0.3288978619482503, -0.634806641382108, -0.2560231129040029, -0.02516590354206863, 0.5334766269223796, 0.03677799546999168], [-0.6297947812904947, 0.12281547002720189, 0.5141235627689672, -0.2070299287428551, 0.26937085836850305, -0.729236781239204, 0.3845514760040494, -0.6475120302554602, -0.13232590470377376, 0.15209231201882487, 0.6041021197968807, -0.06777280994230817, -0.09255665864714731], [0.6393266377316197, 0.7133751858794333, 0.3710413082219281, 0.3559400525346496, -0.05938381344350477, 0.04045343927657531, 0.12491300277333883, -0.021503090431427587, -0.18676487090649826, -0.6648118794489961, -0.2730620435173338, -0.6569742836903666, -0.012439905497628013]], "inverted": true, "swapped": false, "error_lsq": 0.0466643480859514, "error_max": 0.3031137173369138, "target": "21.xyz", "model": "18.xyz", "model_rescale": 3.9405287249114394, "target_rescale": 4.08911054899281},
{"mapping": [14, 12, 4, 13, 7, 10, 0, 11, 2, 5, 8, 9, 15], "R": [[-0.33502041888608647, 0.8415170865842072, 0.4238045680690796], [-0.8097237957342951, -0.027149849420827377, -0.5861827874460939], [-0.48177660129051214, -0.5395478465004326, 0.6904921634498894]], "T": [0.005253276173196236, 0.005907721338860326, 0.16067608884136653], "aligned_model": [[0.14037682448597402, 0.004929744928087065, 0.25894562537632193, 0.5952059154377038, 0.5560413087514281, -0.326596915422115, -0.25570539025435324, 0.25383422625686003, -0.6467610104699694, -0.1422880432209121, -0.04876176350204828, 0.5125523718861708, -0.02068998958885302], [-0.6587053162519239, 0.025270092586865377, 0.6144036752099541, -0.28877883901173684, 0.37991989191375813, -0.6998400589810523, 0.6417540873747482, -0.5820513580775185, -0.29666316242997837, -0.041898908063386454, 0.5292408880897763, -0.06421102353528324, -0.017613064661039665], [0.5345344831993118, 0.7081832176685451, 0.4769637659557074, 0.28891633192263455, -0.06817536597550117, 0.06218975548389938, 0.1772360155097451, -0.17357656124111787, -0.32784567456492675, -0.6561523680671264, -0.38290180585570144, -0.4109363988306648, 0.14167434427698425]], "inverted": false, "swapped": false, "error_lsq": 0.04544300175652208, "error_max": 0.25452761717518063, "target": "21.xyz", "model": "19.xyz", "model_rescale": 4.410303926677745, "target_rescale": 4.08911054899281},
{"mapping": [5, 1, 3, 10, 6, 8, 2, 9, 7, 12, 4, 11, 13], "R": [[-0.8401385412922096, 0.3627360367543128, 0.40322425407603196], [-0.153112251422097, 0.5545873019890626, -0.8179178216281567], [-0.5203113201726973, -0.7489028589291581, -0.41039083565289175]], "T": [0.05355960875182388, 0.07497623780521787, 0.09238019806339434], "aligned_model": [[0.26563236980540894, -0.547738218984247, 0.4722161180573015, 0.6602620247901048, 0.47276547725643286, -0.1642592973161469, -0.38476750908310914, 0.20307642741952495, -0.6173152481241063, -0.2115310231020424, 0.10230287849347253, 0.5734935685064481, 0.05694533694525264], [-0.4889804515586066, 0.010555576792469351, 0.32631087788455515, -0.47094551825855824, 0.4635451270706472, -0.6593847830434846, 0.5591586355287613, -0.48883281174323134, -0.11181533351731779, -0.17555228899464345, 0.533798478865797, 0.04555103074965658, -0.002581635612861538], [0.6720772909569889, 0.5366895407143878, 0.6285894124701867, 0.18733085702260047, -0.006546447916673165, 0.15815554773699922, -0.017371664149933103, -0.2731615962247259, -0.05556911844827836, -0.569161449492811, -0.43884446229875695, -0.552550929404721, 0.1004727585165257]], "inverted": false, "swapped": false, "error_lsq": 0.058098052651055505, "error_max": 0.4342331082690569, "target": "21.xyz", "model": "20.xyz", "model_rescale": 4.121658175737393, "target_rescale": 4.08911054899281},
{"mapping": [0, 1, 2, 3, 4, 5, 6, 7, 8, 9, 10, 11, 12], "R": [[1.0, 0.0, 0.0], [0.0, 1.0, 0.0], [0.0, 0.0, 1.0]], "T": [0.0, 0.0, 0.0], "aligned_model": [[0.23419523354189553, -0.1380374028134381, 0.27958368606140854, 0.544066875508655, 0.4841761493798835, -0.3095663432997167, -0.4323801420422566, 0.3198859958242472, -0.6464853097823764, -0.16410661730954884, 0.028600376193988298, 0.6464853097823764, 0.03466509361917659], [-0.6614153169975246, 0.01464806326029761, 0.5038256915082548, -0.30097020739709185, 0.30745102998246343, -0.5859467043731946, 0.47325667203511046, -0.5540082183784423, -0.11300793765867329, -0.0297622547842279, 0.6614153169975246, -0.07952830966629279, -0.09513092036502054], [0.7034529845881796, 0.6805189017659138, 0.49417028368130606, 0.3099175248055212, -0.013376190089427163, 0.15728530992110568, 0.10816652538507156, -0.2399289547800716, -0.1516214131585938, -0.7034529845881796, -0.4127769840841655, -0.5918623111317239, 0.02961704716685343]], "inverted": false, "swapped": false, "error_lsq": 0.0, "error_max": 0.0, "target": "21.xyz", "model": "21.xyz", "model_rescale": 4.08911054899281, "target_rescale": 4.08911054899281},
{"mapping": [10, 6, 0, 7, 4, 5, 1, 12, 11, 15, 2, 3, 16], "R": [[0.8483996588773793, -0.4582276791833352, -0.2650385120072194], [-0.4761741917603223, -0.879342100522274, -0.003950867054068205], [-0.23124912522677865, 0.1295564135013375, -0.9642297328969484]], "T": [0.03652927816626948, -0.09312636341528804, -0.003587288572033595], "aligned_model": [[0.12281455435660361, -0.026600939920333563, 0.3021566049611768, 0.5159904372150036, 0.4865289965071243, -0.3984298201093292, -0.4274102312364006, 0.5408798613812881, -0.7172016768758129, -0.31823652068178876, 0.048529280488814094, 0.6778090503317612, 0.07425330824618817], [-0.7490051971357349, -0.03272100543575239, 0.46047365171133736, -0.25203426369219095, 0.427063287762115, -0.6070112051379981, 0.5505203137620696, -0.6199967600640437, -0.08920449805467277, 0.023790275837088995, 0.47589558046544334, 0.021722383349362717, -0.0686656592038408], [0.4584876142361594, 0.7366355811388873, 0.46869286630520235, 0.49707373867361093, -0.11845750302661735, 0.20727286940730355, 0.018263748927262208, -0.11763806840250444, -0.13688131185098973, -0.6296693481519277, -0.4477987885354019, -0.5779119724159738, 0.012040313176778096]], "inverted": false, "swapped": false, "error_lsq": 0.04521230106376213, "error_max": 0.2829941262113144, "target": "21.xyz", "model": "22.xyz", "model_rescale": 4.204369325754507, "target_rescale": 4.08911054899281},
{"mapping": [14, 12, 4, 13, 7, 10, 0, 11, 2, 5, 8, 9, 15], "R": [[-0.33502041888608647, 0.8415170865842072, 0.4238045680690796], [-0.8097237957342951, -0.027149849420827377, -0.5861827874460939], [-0.48177660129051214, -0.5395478465004326, 0.6904921634498894]], "T": [0.005253276173196236, 0.005907721338860326, 0.16067608884136653], "aligned_model": [[0.14037682448597402, 0.004929744928087065, 0.25894562537632193, 0.5952059154377038, 0.5560413087514281, -0.326596915422115, -0.25570539025435324, 0.25383422625686003, -0.6467610104699694, -0.1422880432209121, -0.04876176350204828, 0.5125523718861708, -0.02068998958885302], [-0.6587053162519239, 0.025270092586865377, 0.6144036752099541, -0.28877883901173684, 0.37991989191375813, -0.6998400589810523, 0.6417540873747482, -0.5820513580775185, -0.29666316242997837, -0.041898908063386454, 0.5292408880897763, -0.06421102353528324, -0.017613064661039665], [0.5345344831993118, 0.7081832176685451, 0.4769637659557074, 0.28891633192263455, -0.06817536597550117, 0.06218975548389938, 0.1772360155097451, -0.17357656124111787, -0.32784567456492675, -0.6561523680671264, -0.38290180585570144, -0.4109363988306648, 0.14167434427698425]], "inverted": false, "swapped": false, "error_lsq": 0.04544300175652208, "error_max": 0.25452761717518063, "target": "21.xyz", "model": "23.xyz", "model_rescale": 4.410303926677745, "target_rescale": 4.08911054899281},
{"mapping": [3, 10, 8, 2, 5, 1, 9, 0, 11, 13, 15, 12, 16], "R": [[0.9647230997521126, 0.18425279642058945, 0.18804320731116325], [0.17242898628475029, 0.09753052821813007, -0.9801816366134933], [-0.1989411608830352, 0.9780279664082648, 0.06231943059612254]], "T": [-0.027648338691613566, 0.023899774853757355, -0.08437340393668884], "aligned_model": [[0.28847016992408236, -0.29024300181803464, 0.058985378092590454, 0.7327592818013711, 0.5665353127464916, -0.3479227710166266, -0.37613202108901056, 0.42674260527296093, -0.6579229054686658, -0.11399445632658425, 0.07161598906799455, 0.5200008708546019, 0.00218845262312373], [-0.5029082119132355, 0.05123753623599105, 0.5179187893602265, -0.329986487036001, 0.2214616909550323, -0.705205692992488, 0.4906904987555525, -0.5763940312762204, -0.034874938336842715, -0.018096121059627976, 0.72555481389496, -0.23540219635558088, -0.06316874606858239], [0.5727364941953951, 0.5106733471474126, 0.5668918873821911, 0.2754025201053052, -0.14367864061951352, 0.23525896977713845, 0.14602956221256114, -0.14405612715819827, -0.07979190045806163, -0.7807693520329834, -0.1688777840437034, -0.6125955785886574, -0.00711365843709659]], "inverted": true, "swapped": false, "error_lsq": 0.04858119462968154, "error_max": 0.2558340043730697, "target": "21.xyz", "model": "24.xyz", "model_rescale": 4.28219845311461, "target_rescale": 4.08911054899281},
{"mapping": [6, 2, 14, 8, 11, 0, 13, 1, 4, 3, 9, 5, 15], "R": [[-0.8054030612261824, -0.168998146068089, 0.5681245775294739], [0.5846678805938195, -0.06898758260644988, 0.8083342024484981], [-0.09741344039415446, 0.9831990338032617, 0.1543705981037432]], "T": [0.03804183772785858, 0.09812640672847306, 0.010505095984508925], "aligned_model": [[0.2866598307648219, -0.3214937412854915, 0.2676772814229865, 0.5754114764580388, 0.484368860671039, -0.27819853128042343, -0.34223762922608797, 0.13761888573782954, -0.6041012838847695, -0.1760004250418764, 0.14224754514771348, 0.70515431261668, 0.0039763225638343724], [-0.482856627462559, 0.014427537520276645, 0.34255373373523335, -0.34042871402760244, 0.4072601477724404, -0.6002887060200639, 0.5212497571866783, -0.43489205692991173, -0.21629311655475275, -0.1578880078195808, 0.5183766381464626, -0.06748949856844705, 0.037095817185009074], [0.6530352061594921, 0.5871407618123552, 0.6943672675555799, 0.0396484375644226, 0.05180388516086939, 0.2893644356698781, 0.18159166543766475, -0.3298669471617315, -0.14259992604171512, -0.6885570429930311, -0.5085369036774869, -0.4923000339361539, 0.03501893393164581]], "inverted": false, "swapped": false, "error_lsq": 0.05040409845284436, "error_max": 0.2749269671609585, "target": "21.xyz", "model": "25.xyz", "model_rescale": 4.100010024507729, "target_rescale": 4.08911054899281},
{"mapping": [11, 7, 5, 0, 10, 6, 9, 1, 3, 2, 4, 12], "R": [[-0.4653869395302636, -0.40500230645951957, 0.78701215256], [-0.47322215758657477, 0.8652687016470975, 0.16544142020381036], [-0.74798114019256, -0.295437312661106, -0.5943408182211802]], "T": [0.0030724544694051437, 0.1335183708722194, 0.07630004339173319], "aligned_model": [[-0.7313870479607284, -0.11025070704796867, 0.5082358046198094, 0.7155818280159185, -0.602973018759885, 0.09775485174477651, -0.4621267349366913, 0.5969574052364309, 0.11567332286132188, 0.05782531004750115, -0.357302402305631, 0.04877699084815304], [-0.33914470083890524, -0.5369189290984281, -0.20096781531214786, -0.4332297146120422, 0.6239956012555341, 0.7655196443229098, 0.0690446500175619, 0.32410125272181406, -0.33309303496643694, 0.518914011230786, 0.1682102664583892, 0.03970015887160479], [-0.031995215376431685, 0.1433056220323147, 0.387479269728263, -0.3215576330542244, 0.10483094805302945, 0.19560677444662444, 0.6259324011325309, -0.22923832799849603, -0.425930524501778, -0.5753777599802803, -0.3687370751859512, 0.060873810558756035]], "inverted": false, "swapped": true, "error_lsq": 0.040781087030351215, "error_max": 0.24218634297095878, "target": "21.xyz", "model": "26.xyz", "model_rescale": 3.6694154284099745, "target_rescale": 4.08911054899281},
{"mapping": [5, 0, 4, 8, 10, 1, 2, 7, 6, 12, 11, 9, 13], "R": [[-0.002004324437377941, -0.9577066649371351, -0.28773933797543183], [0.48535731478157906, 0.25064375147578644, -0.8376192373830482], [0.874313593438627, -0.1413352531434896, 0.46432756384615037]], "T": [0.1308292708233445, -0.08389928845683806, 0.00569835350618066], "aligned_model": [[0.1307122766978279, -0.2218532261198119, 0.34685386498355436, 0.7360816513452285, 0.47636031734212064, -0.4867065682914372, -0.3212693995760726, 0.31901120193221083, -0.5153069731804757, -0.24243944687490143, 0.03265778966549934, 0.5341615650845454, 0.09281985165600626], [-0.6088543357202582, -0.028950519804211955, 0.3928956587009015, -0.11215395029543937, 0.40851573076449876, -0.6513553871078378, 0.4190339778891522, -0.6737863678105775, -0.20779105620833915, 0.10956251655253202, 0.6020333851635365, -0.06644476779311972, -0.04187798016765382], [0.5976448750655061, 0.5620516875544651, 0.6393627151138784, 0.20874618626247468, 0.0005539750669073147, 0.2819042861150552, 0.07494117283725109, -0.10721452943503414, -0.19013120471329545, -0.6673364210395876, -0.5002998646650608, -0.5437394824541294, 0.013626343773358418]], "inverted": true, "swapped": false, "error_lsq": 0.046511977123897714, "error_max": 0.2876749777579528, "target": "21.xyz", "model": "27.xyz", "model_rescale": 4.103607728864725, "target_rescale": 4.08911054899281},
{"mapping": [9, 10, 12, 0, 2, 6, 13, 5, 11, 8, 4, 1, 14], "R": [[-0.26541073370883805, 0.1697447929621892, -0.9490752592362526], [0.7631287269633749, -0.56461598946773, -0.3143935917295954], [-0.589229741709798, -0.807710028227705, 0.020318016266474725]], "T": [-0.012553663469706627, -0.06123304331042352, 0.14523731654092892], "aligned_model": [[0.20318680994586472, -0.16325885408155694, 0.13356719943597237, 0.6786353864342811, 0.49838965550737613, -0.3193200976951547, -0.35735800979974564, 0.1987757911912254, -0.6741996615036513, -0.23569505198334978, 0.14926681563565983, 0.6433227405747111, 0.12577018100266243], [-0.7375474036126777, -0.15068978070555789, 0.7112624940017314, -0.23949977353213775, 0.4547088621997328, -0.6149923324391169, 0.4626803529720623, -0.713479207453712, -0.14071285617289478, 0.09376132559769139, 0.5938330190320417, -0.12928448252974822, -0.049213313194231494], [0.5528877307837814, 0.6238401936353066, 0.49048064432763777, 0.13218315358315516, 0.026655778503537453, 0.16787064126704349, -0.017542439268467547, -0.10982191841234351, -0.022001333574107024, -0.6283676492818082, -0.4599997226790486, -0.4614388543384053, 0.07536351493550739]], "inverted": false, "swapped": false, "error_lsq": 0.0473734066235436, "error_max": 0.25370150735404373, "target": "21.xyz", "model": "28.xyz", "model_rescale": 4.137296879288765, "target_rescale": 4.08911054899281},
