[{"mapping": [3, 6, 8, 13, 9, 0, 12, 1, 11, 4, 5, 15], "R": [[-0.4832254419886181, 0.17513084406398008, 0.8578008857959651], [0.5741225191401128, 0.8030915244990584, 0.1594595130244323], [-0.6609663419805243, 0.5695376991343208, -0.4886208182565171]], "T": [0.02428671272246114, 0.01709522779615706, 0.0592467826954467], "aligned_model": [[-0.22463379244330123, -0.02693097104984115, 0.419585259163127, -0.3307289218362273, -0.005317309318809853, -0.6135345790282141, 0.46026582977195374, -0.15502832683006934, 0.6407671120125232, 0.05545693136193567, -0.4808691087377401, 0.09861033939521238], [-0.3508727449907569, -0.651568296236825, -0.26854942824696587, 0.7672870346954012, 0.3397990151552915, -0.5172009163102488, -0.23840289654426328, -0.582675130949384, 0.055952787679201185, 0.34801060836005376, 0.14908888103433626, 0.0026861223312170095], [-0.48226251503566264, 0.010374229613557717, -0.625328723966389, -0.04909669709013256, -0.6279206572945971, 0.05047568234585703, 0.5380950114641905, 0.6233709544814784, -0.01215409018034036, 0.5196272618773838, 0.22287337856357237, 0.013897910574644609]], "inverted": false, "swapped": true, "error_lsq": 0.04074366238434444, "error_max": 0.24126548047939655, "target": "210.xyz", "model": "0.xyz", "model_rescale": 3.751011558992144, "target_rescale": 4.140364018283025},
{"mapping": [14, 11, 13, 9, 12, 5, 7, 8, 4, 0, 1, 6, 3, 2, 15], "R": [[0.058022011321591224, 0.8256527031538594, -0.5611871880014031], [-0.874298946498401, 0.31337949230214335, 0.37066783776885365], [0.48190745828839743, 0.46913847377845264, 0.7400501969912857]], "T": [-0.06427285113432439, -0.004550839135633963, -0.03925369560255994], "aligned_model": [[-0.16006249671149586, 0.1874693751472673, -0.5725824506340915, 0.2142851328084569, -0.08826752809750346, -0.4442107471651541, 0.5849002822600909, 0.7366775883127291, -0.578807080054731, 0.0334899862681169, -0.16401802923251524, 0.35736208137923026, 0.4505921889747568, -0.021350138694384388, 0.003608046528261577], [-0.07519603401624177, -0.4463513755927504, 0.48354484355331434, 0.4759785465774347, -0.6755973222130126, 0.3283204555033521, -0.5091170286677309, 0.02025036925952932, -0.23091104933292939, 0.4056255182664001, -0.3011097256183169, -0.06353458596786443, 0.4345772403507574, 0.7426076260837216, -0.0403301283585573], [-0.709521358806436, -0.3971562169813776, -0.49085762951889, -0.5576263242466409, 0.14452220397789478, 0.17103726400035352, 0.16463246421188643, -0.2929478584780948, -0.1195178827864478, 0.6780768317488407, 0.7431900238604237, 0.4811957133142622, 0.1415077126078111, -0.024023900730120687, -0.0828446373214889]], "inverted": true, "swapped": true, "error_lsq": 0.03899952047548615, "error_max": 0.2589669507028549, "target": "210.xyz", "model": "1.xyz", "model_rescale": 3.9405287249114394, "target_rescale": 4.140364018283025},
{"mapping": [7, 12, 11, 5, 4, 8, 6, 1, 13, 9, 2, 3, 15], "R": [[0.3474884104349706, -0.45121262729002265, 0.8219847745472009], [0.9207344591095646, 0.33011080908698964, -0.2080262231838826], [-0.17748200027494304, 0.8291164084119722, 0.5301566946483247]], "T": [0.04120583902694286, -0.08951891788629339, -0.06880602298107526], "aligned_model": [[-0.30109292625593537, 0.2586946383735175, -0.3034325880408904, 0.4221950634253304, 0.4464006813251716, -0.7570942814369482, 1.041166838286478e-06, 0.6054054087568536, 0.13146853208449308, -0.5453822554950617, -0.09012353332375364, -0.3374685578834767, -0.03358794341220708], [0.6814205472073837, 0.5040840483966977, 0.20681032612569233, -0.42341676999864, -0.17674512711666795, 0.1329681924898986, 0.3744815981881214, 0.44513438567095764, -0.8954121466796789, -0.5708446287084435, -0.645523844640176, -0.12313545411378843, -0.05098853324933959], [0.00908017188577799, -0.36033106276069815, -0.4931518855128288, 0.13792526776311526, -0.4569238986757974, 0.07159995285042485, 0.4160943499450884, 0.2566769079763842, -0.27605203032230174, -0.03068528655041443, 0.4148583187140543, 0.5194709492307599, -0.09544140495492032]], "inverted": true, "swapped": true, "error_lsq": 0.03956157731496243, "error_max": 0.22222690988242216, "target": "210.xyz", "model": "2.xyz", "model_rescale": 3.932901565614263, "target_rescale": 4.140364018283025},
{"mapping": [13, 4, 14, 5, 9, 8, 11, 3, 0, 6, 12, 1, 7, 15], "R": [[-0.8034508721659103, 0.570510553076412, 0.17024806854788424], [-0.0942076831317088, 0.16052607150225634, -0.9825254667473045], [-0.587870401070503, -0.805449619278884, -0.07522833474633661]], "T": [0.05570717099205961, -0.04362471308158962, -0.07708381113980102], "aligned_model": [[-0.2351362085654841, 0.4392102652444531, 0.15824887053415357, -0.1350401326167079, -0.4863489428661119, -0.22949742145157806, 0.3924355171096135, -0.5294800105568913, -0.3684227004393937, -0.03061865658968501, 0.6961144373300058, 0.36351862551550124, 0.31737475474130805, 0.06745151466352049], [0.09938109062604346, 0.19709512213297548, -0.4623080088828384, 0.4378282372091354, -0.4827753244721184, -0.7581680288792664, -0.5662381542065514, -0.1652415868043321, 0.48514052584528505, 0.019521569258487304, -0.054575541509631856, 0.5009151090231316, -0.45872405778455677, -0.12835431320527438], [-0.8487842881419795, -0.4197295390698072, -0.603975296901648, -0.2537102931520515, -0.37797437766477887, 0.2614182198191387, -0.06503020616925076, 0.28810034102843124, 0.4054993177415972, 0.5867558415376375, 0.19570057407678332, 0.4875779800583274, 0.6134268495642483, -0.055378759669550415]], "inverted": false, "swapped": true, "error_lsq": 0.04243444953886612, "error_max": 0.29885773343901206, "target": "210.xyz", "model": "3.xyz", "model_rescale": 3.9243930471874484, "target_rescale": 4.140364018283025},
{"mapping": [4, 5, 13, 14, 9, 10, 11, 2, 3, 6, 8, 7, 15], "R": [[-0.9572203666403555, 0.004121770294274019, -0.2893305733906203], [-0.1333795318086078, 0.8810526977478067, 0.4538238031282944], [0.2567860396972944, 0.4730001636373433, -0.8428118265755568]], "T": [-0.1035272491741252, -0.04693919183283957, -0.19463283951320332], "aligned_model": [[-0.2716456363979173, -0.04372476630311914, 0.5013557935064592, 0.28568599418475454, 0.6275303666144612, -0.3460157582801577, -0.1576690347412869, 0.4370774594404451, 0.15246619000878509, -0.45067413479086804, 0.17374852458681556, -0.5380893870739709, -0.09283972444304882], [-0.4681575119680027, 0.10713034926889056, -0.31883423359708013, -0.5901851528801084, -0.0028963893008793554, -0.826016547447395, -0.42282597714849135, 0.4025595546607309, 0.5626136808361499, 0.47250710692541076, 0.1656761955020264, 0.11155719616386245, -0.0652987173335266], [-0.5363024048762215, -0.7162309902699404, -0.705271408829515, -0.0649331205613321, 0.007427094719337668, -0.11029436984165342, 0.29774290013791693, -0.45157155588048326, 0.03668257487679599, 0.05393761018043719, 0.5698344763474052, 0.5150269424949501, -0.10897743312673297]], "inverted": true, "swapped": true, "error_lsq": 0.053956961691761146, "error_max": 0.4002568256021532, "target": "210.xyz", "model": "4.xyz", "model_rescale": 3.8936222436046832, "target_rescale": 4.140364018283025},
{"mapping": [13, 14, 4, 5, 12, 11, 8, 6, 0, 2, 1, 15], "R": [[-0.38603725685334334, 0.45738121454692304, 0.8011102676290744], [0.9200229228806137, 0.1275099393725091, 0.3705388464593574], [0.06732798597431894, 0.8800816098185443, -0.4700247890950448]], "T": [-0.12328000855241866, -0.05385799000992782, -0.04211323246789042], "aligned_model": [[0.023679435863205034, -0.5856972235565695, -0.30067969348556267, 0.30214073131879493, -0.5287520324252646, -0.7130580903128081, -0.3371924842604677, 0.11447732023246623, 0.6322805695556313, 0.46326841080486586, 0.1416809077862468, -0.18459980930544037], [-0.6859559844319211, -0.5259060789342062, 0.05104474582948593, -0.08038672605260148, 0.510985051832371, -0.06745912930499214, -0.3061044428308622, 0.3669492200971545, 0.24177012522471036, -0.5126536714653028, 0.7452946740102945, -0.06865487886432299], [-0.5707125180109701, -0.20571659767486009, -0.5712176881612806, -0.38517563433829316, -0.07671791681103518, 0.15443930656743865, 0.7306160955902051, 0.42534310825166577, 0.14254193889392355, 0.03396273266808496, -0.07768260461743812, 0.019604496918077127]], "inverted": true, "swapped": true, "error_lsq": 0.04340382812498526, "error_max": 0.2530580051925855, "target": "210.xyz", "model": "5.xyz", "model_rescale": 3.6523030999806103, "target_rescale": 4.140364018283025},
{"mapping": [10, 12, 7, 11, 8, 4, 6, 14, 5, 2, 3, 9, 15], "R": [[-0.18671927139365238, 0.07264549354768673, -0.9797237089901605], [0.215567468816662, 0.9759876663264848, 0.031284845637464635], [0.9584709594339316, -0.20535507650359058, -0.19789571111068432]], "T": [-0.07936899396810373, -0.08853230466012611, -0.0016551610817491166], "aligned_model": [[0.15410357002972783, -0.11839181491186195, 0.23961008360563016, 0.42917511689028276, 0.5940919241870776, -0.2847726554870361, -0.22282312435810125, 0.39921372024319124, -0.5301244110599305, -0.19790403412135346, 0.0100606976813256, 0.4071752415109404, 0.001668590454402305], [-0.654484342611497, -0.0868063196606667, 0.4854869299495476, -0.153266821473245, 0.4076618696275839, -0.576703220700722, 0.5459115616968683, -0.5663961609366391, -0.22684315232568486, 0.05111609526462137, 0.4861281597233981, -0.10669133592210102, -0.06428635846828049], [0.544297248149442, 0.6934181794090687, 0.5334491551709603, 0.35026586267293963, -0.08374759548300575, 0.20310140121180192, 0.16871085332249167, -0.07930733825015643, -0.279266498577339, -0.7274429032614628, -0.3919907184476251, -0.5848859726693738, 0.02350806623404767]], "inverted": true, "swapped": true, "error_lsq": 0.04488147453335816, "error_max": 0.24094772891603344, "target": "210.xyz", "model": "6.xyz", "model_rescale": 4.08911054899281, "target_rescale": 4.140364018283025},
{"mapping": [2, 5, 0, 9, 8, 7, 3, 6, 14, 13, 10, 4, 12, 1, 15], "R": [[-0.4013103348549461, -0.3888434802955959, -0.8293073995631652], [-0.8092459121884511, -0.27358198994368804, 0.519878782395217], [-0.42903504372590895, 0.8797463512911321, -0.20487871691575754]], "T": [-0.018732959675257045, -0.06309157098567378, 0.032484721817559105], "aligned_model": [[0.049709510629890895, 0.2614486147060571, 0.711415367286673, -0.5277411190222626, -0.3647954399168875, 0.06487934052424663, 0.1322302489413219, 0.4406074818894869, -0.6759341925391671, -0.3658174772198509, -0.4209503788653048, -0.05361125884801197, 0.11342444984429553, 0.744359024694035, -0.07289063230496809], [-0.6453766195355417, -0.5206265970749833, -0.24615016452522784, -0.36645880396317476, 0.33502258584540745, 0.7416252048648954, -0.10592245950973361, 0.2925281966133534, -0.14917647273600426, -0.8079569276723524, 0.23350456857514243, -0.17994552320301194, 0.49447332220451823, 0.22666696588930044, -0.0014484596034743044], [-0.43289665784626874, 0.13990155757595069, -0.3221112087637584, -0.4430068540838105, -0.6219182981671402, -0.21855761888208888, -0.6501350779616117, -0.306135457120241, 0.1877299127546573, 0.1914504276184412, 0.6829668954734494, 0.5870615112106738, 0.4278434415020783, 0.2418768456717458, 6.131000042305934e-07]], "inverted": false, "swapped": true, "error_lsq": 0.04419542728787241, "error_max": 0.2745220170149681, "target": "210.xyz", "model": "7.xyz", "model_rescale": 3.964800864290218, "target_rescale": 4.140364018283025},
{"mapping": [14, 11, 9, 4, 2, 12, 5, 8, 7, 6, 1, 0, 3, 15], "R": [[-0.3249799169755711, 0.7395695817053187, -0.5894275929906666], [-0.7166488185973929, 0.21409934774437137, 0.6637589472831199], [0.6170919901971762, 0.638120915745327, 0.4604336787451951]], "T": [-0.10100187395890156, -0.0037209793686889727, -0.03627932073629009], "aligned_model": [[-0.045594410367329086, 0.08783798147626223, 0.42634291659800816, -0.6232750802026072, 0.15706733328008785, -0.3678989464697944, -0.4042146559823714, 0.7076640109122849, 0.29770188448712154, 0.1424797599482953, -0.4735907988200515, -0.06517842638433177, 0.4601487836954785, -0.03830246271018048], [-0.21246078513790984, -0.5667682457406507, 0.254052371425846, -0.11409885286771672, 0.6919445609483855, -0.5833413825266983, 0.4510307944297761, -0.23296771539268749, -0.5816923104477568, -0.031016703367145564, -0.06601078249516483, 0.5351974181071726, 0.33126736976835625, -0.0641872705226042], [-0.6818665313918917, -0.22059796370712642, -0.5186418343835124, -0.22986181043337928, -0.1351217121197107, 0.24203497851502948, -0.010956912272248487, -0.03458954760040017, 0.43760549264735377, 0.5898950346546263, 0.7169881757946794, 0.5966890382554821, 0.2156867717734413, -0.05044814100732285]], "inverted": true, "swapped": true, "error_lsq": 0.03710148684233978, "error_max": 0.24853895986842633, "target": "210.xyz", "model": "8.xyz", "model_rescale": 4.121658175737393, "target_rescale": 4.140364018283025},
{"mapping": [7, 11, 12, 1, 8, 3, 14, 2, 4, 9, 0, 5, 15], "R": [[-0.035731932792272623, -0.9029278506869656, 0.4283042440050598], [0.4621476762001848, 0.3650687035903746, 0.8081734758340025], [-0.8860828146181924, 0.22681741139661316, 0.40424139759015515]], "T": [0.08543531923125217, -0.02915066544831382, -0.047185791765112735], "aligned_model": [[-0.534253785787559, -0.07787371007260299, 0.14876023982557166, 0.11463893085117999, -0.6767384224224132, -0.486427725522107, 0.2696499746586364, -0.028311743606440898, 0.6247459417107619, -0.17023145364941625, -0.13812035122418007, 0.4038014982570064, 0.027098103416759958], [0.08677373685288439, -0.420138379332641, 0.1495217334094931, 0.7566458464495246, -0.3809475518204819, 0.09001697747611812, -0.6828002535178255, -0.012012823781681333, -0.04655024544326855, -0.5735521509214769, 0.6743073138784234, 0.23037944091156806, -0.08125620474892645], [-0.612985499237678, -0.5022845127649231, -0.717050581523323, -0.3501469093863346, -0.08993591384571828, 0.3392930528608016, -0.09443319210239559, 0.692468166598397, -0.2240135733276665, 0.41700678350814424, 0.33691710531792446, 0.31429102806024245, -0.0880505201983815]], "inverted": true, "swapped": true, "error_lsq": 0.046758465933201536, "error_max": 0.26393883914459926, "target": "210.xyz", "model": "9.xyz", "model_rescale": 3.833441315466971, "target_rescale": 4.140364018283025},
{"mapping": [3, 6, 11, 10, 12, 7, 1, 4, 9, 14, 2, 5, 0, 8, 15], "R": [[0.6684694627026866, -0.14732694885713024, -0.7290016101315763], [0.08041120886805683, 0.9887547973281203, -0.12608722476526307], [0.7393798853920491, 0.025665558655068393, 0.6727991261710764]], "T": [0.000126159993784139, 0.12115496109174903, 0.0718534242019609], "aligned_model": [[0.27951341529887197, -0.041471813952999634, -0.5825215672773825, -0.5927925786925164, -0.5438965325990501, -0.6077871629195085, -0.010330768464858017, -0.058911738133346936, 0.1936206192080877, -0.22427589109954077, 0.6635474012947072, 0.48418441276152424, 0.5432262103278976, -0.3115202169756824, -0.06673877048167139], [-0.49665455776306455, -0.45650421130829955, 0.12832972443433327, 0.687931071547702, 0.1967214416975866, -0.4439355558769926, -0.05296830306660352, 0.6565107145686756, -0.007743057698989031, 0.49454334820383583, -0.06742055745775197, 0.3097251783764756, -0.338722957326011, -0.4940707416431853, 0.08536000260726703], [0.24749034060509728, -0.2697635763316217, 0.2889391814340864, 0.06250513679508567, -0.355910208184643, -0.09754687792428927, -0.752577403314095, -0.10796732276416153, 0.795150332867142, 0.5949690633595444, 0.3627685465977047, -0.09992338565989493, -0.3593309186232949, 0.5523441161841453, 0.11697488278128704]], "inverted": false, "swapped": true, "error_lsq": 0.04723619694616519, "error_max": 0.3197618674134305, "target": "210.xyz", "model": "10.xyz", "model_rescale": 4.2482417240324, "target_rescale": 4.140364018283025},
{"mapping": [1, 5, 2, 13, 7, 8, 3, 14, 4, 11, 12, 15], "R": [[0.8594757014133807, 0.4102267870567873, 0.30498442888292354], [-0.1638504885182932, -0.3440646074746854, 0.924539108580923], [0.48420505583099227, -0.84459074649463, -0.2284993103782803]], "T": [-0.00785645597040015, -0.009390151754261965, -0.04643098881274605], "aligned_model": [[-0.7886285847729924, 0.06942422170228683, 0.35106172633738136, 0.7273981986523961, -0.5759483100577518, 0.041806386781667246, -0.04637174196670711, 0.5348465402616078, 0.055414894383966226, 0.01006302817439554, -0.4977268228510793, -0.0045739342821640005], [-0.3255607038469768, -0.5372626045312189, -0.26380000343598137, -0.4064804223500488, 0.6183137814255092, 0.7445406555799232, 0.16262446229308736, 0.23698628874362007, -0.3061933322112902, 0.5210367983381852, 0.14329236863770586, 0.07863410140812482], [-0.06978720227326482, 0.07504642383409996, 0.559187243921511, -0.09420197776615524, -0.017417535137146507, 0.3218343699540187, 0.6314493189974844, -0.3753644889988754, -0.5263594892484872, -0.37044058746675546, -0.5169283637880339, -0.051825422174039154]], "inverted": false, "swapped": true, "error_lsq": 0.04373988058822948, "error_max": 0.2340508046640758, "target": "210.xyz", "model": "11.xyz", "model_rescale": 3.6694154284099745, "target_rescale": 4.140364018283025},
{"mapping": [12, 1, 5, 0, 6, 10, 11, 14, 2, 9, 13, 8, 4, 15], "R": [[-0.022402152331697622, -0.9924400724611726, 0.1206683311568118], [0.5715558372552432, -0.11174244340833293, -0.812919154184839], [0.8202573184497447, 0.05075755031912088, 0.5697381877803491]], "T": [0.04997145082304278, 0.05997670936864282, -0.047829633027626106], "aligned_model": [[-0.06575353813402895, 0.19106880253424624, -0.1240570662713614, 0.5156850019110287, 0.6114719093271292, -0.5418608153672246, 0.026096369830838108, -0.31201055211640827, 0.27832169532404166, 0.215339754026859, -0.45602370265911607, 0.6694750461164258, -0.49406670246594764, 0.08457864819932776], [-0.4219492315640844, 0.14786999049736047, 0.5687617506381509, 0.6356551614067364, 0.040266303015906744, -0.5049835636235486, -0.544855766271664, -0.21480241196713265, 0.6733607154502491, 0.15485906046823486, 0.498929444800796, -0.33339259297831897, 0.04466364598548236, -0.013395217721914078], [-0.5367138960456563, -0.8739535682245613, -0.14897432316996684, -0.42739584623799404, -0.41722294770597623, -0.1063927543844562, 0.09452111068225552, 0.4590141339481414, 0.31540074147816244, 0.6876048554380187, 0.454018509582373, 0.3620158525581536, -0.2097393458039125, -0.01308706246216583]], "inverted": false, "swapped": true, "error_lsq": 0.04394294155401636, "error_max": 0.2909191493639174, "target": "210.xyz", "model": "12.xyz", "model_rescale": 3.9764082729961374, "target_rescale": 4.140364018283025},
{"mapping": [0, 2, 5, 4, 1, 9, 7, 3, 14, 6, 10, 11, 8, 12, 13, 15], "R": [[-0.9981578539584435, 0.0014735532566037737, 0.0606525120821471], [-0.0230751834831869, 0.9153547273240936, -0.4019866404156384], [-0.05611091238157072, -0.40264569016224977, -0.9136345077247648]], "T": [0.05938056649168532, -0.04369605923766413, 0.028627202378853637], "aligned_model": [[0.006732926287269271, -0.5525068848863802, 0.7611059901074027, 0.26311211472737156, -0.20939808493950252, 0.2849893697550078, -0.35252071748535013, -0.5109867588141994, 0.09870066851842257, 0.6185992817450953, -0.31671346452577104, -0.3190276833825787, -0.6246517159712455, 0.3206012584323833, 0.3734824271927124, 0.04173598276116586], [-0.3697544139252968, -0.038026045985356534, -0.25946253453989565, -0.7149638080441895, 0.43094550773065904, 0.09959728153519984, -0.6228628662374163, -0.4576318353981276, -0.24079514734128576, -0.36555938657293646, 0.6441115479483616, 0.19968760997646118, 0.080647612196841, 0.5349433494225341, 0.22939385627907133, -0.14292433958961917], [-0.6179190904893072, -0.4830573798609218, -0.376156892938282, -0.12550516750151253, -0.2966357646212069, -0.5099513089803218, -0.22815449644482, 0.48882469775606363, 0.8021993829931755, 0.4376959407667004, 0.2064497945552686, 0.6829331588979551, 0.15626467560396162, -0.03582215600171662, 0.4772277656131343, 0.06645697658437075]], "inverted": true, "swapped": false, "error_lsq": 0.049588261563830165, "error_max": 0.37042610491562683, "target": "210.xyz", "model": "13.xyz", "model_rescale": 4.170626492500431, "target_rescale": 4.140364018283025},
{"mapping": [11, 12, 14, 4, 9, 2, 13, 7, 8, 1, 6, 5, 3, 15], "R": [[0.23288986924783991, 0.741350158083477, -0.6294142133057749], [-0.9434366738653125, 0.32927963871003113, 0.03875773389850512], [0.2359863369088981, 0.5847861683047871, 0.7761028193169544]], "T": [-0.10655500813865236, -0.013510905799262108, 0.08084373707989582], "aligned_model": [[0.2323133623677463, 0.006190523322855815, -0.18199507648253693, -0.5634210201470664, 0.07078334941913829, -0.2174937853974006, -0.7013593457739652, 0.6309300691525225, 0.6738288955358661, -0.14802945172217186, 0.31521812155075146, -0.5477668779675676, 0.30652360567646747, -0.0325393474429959], [-0.2835124066760481, -0.7004872397475583, 0.08316769588249699, -0.3055720592224249, 0.6344977202276589, 0.6948638234301937, 0.4697629241496111, -0.4175320314694597, 0.23522674678691363, -0.5249013238093049, -0.12801432225801548, 0.1688635078086374, 0.45184375874073507, -0.02213232591776937], [-0.36516466453485397, 0.07868272571660562, -0.5887734551735837, -0.08768070318984873, -0.2739085012679788, 0.2958272451297693, -0.2556326554778486, 0.1831425820829618, -0.10791001185517875, 0.7493302057011446, 0.5918418590326349, 0.348145159651736, 0.4024106219072587, 0.033562693398048224]], "inverted": true, "swapped": true, "error_lsq": 0.03677174413802869, "error_max": 0.247691302272936, "target": "210.xyz", "model": "14.xyz", "model_rescale": 3.9786697098870705, "target_rescale": 4.140364018283025},
{"mapping": [12, 6, 4, 10, 5, 13, 8, 9, 14, 11, 2, 15], "R": [[-0.08726570477313972, -0.9783531314683769, -0.18764287067849975], [-0.7890732208425704, -0.04709000611235331, 0.6124916191046785], [-0.6080691974763887, 0.2015134771432409, -0.767882913998001]], "T": [-0.058232271926743205, 0.01584341273584732, -0.14509270453301779], "aligned_model": [[0.04236140490561891, -0.6719063524185652, 0.4250574615499965, 0.6105697652903943, -0.023788837815803217, 0.44404290942175173, -0.4700343652508286, -0.06770353482732921, 0.4596317026969252, 0.1251476096780316, -0.3223848690352494, -0.06763829742760591], [-0.569910419372145, -0.19148927182464826, 0.027962366135742146, -0.453024299602258, 0.4896151555527408, 0.6509396353322586, -0.3178166848793473, 0.3036304946203324, -0.040986624402712044, -0.5087994300218787, 0.6722877833678879, -0.04773421468153319], [-0.5076200394911412, -0.3254810821891262, -0.4429364919787936, -0.22086924369529368, -0.41662976808157104, 0.06688509566552966, 0.507277903218992, 0.5579735183499342, 0.29309948020115817, 0.13379398192231265, 0.09908811320321731, -0.08461497325138821]], "inverted": true, "swapped": true, "error_lsq": 0.047513550307979845, "error_max": 0.2618633911760384, "target": "210.xyz", "model": "15.xyz", "model_rescale": 3.769337070930944, "target_rescale": 4.140364018283025},
{"mapping": [4, 5, 11, 14, 12, 1, 7, 0, 8, 9, 15], "R": [[0.7280310724061272, 0.678937446844414, 0.09494577865062037], [0.19393642847281034, -0.07113139428560473, -0.9784319017990962], [-0.657540431701652, 0.730742271953234, -0.18345656886094608]], "T": [-0.10553399921571546, -0.032723280296690145, -0.0174170155153886], "aligned_model": [[-0.35969509777880215, -0.2881234622265235, -0.06024306386180293, -0.6264691173245318, 0.27794608842656254, 0.5335979653629681, 0.5980560261756043, 0.31936658063251167, 0.13733411118497627, -0.5225736589331105, -0.08657024096668127], [-0.11199954593798134, -0.5475203501101031, 0.5761878369508112, 0.4034599924711516, 0.20532423975079095, -0.43784988495676236, 0.4373190654984772, -0.6874442811263761, 0.5237384615942612, 0.18473795801232226, 0.05011100547875071], [-0.5189588053183398, -0.04940851805326579, -0.13502679309995172, -0.05979502130603037, -0.5474444759557002, -0.3882231830519475, 0.022628361660551544, 0.27096677448680717, 0.5638426901476585, 0.5792418108965991, 0.006394766817395994]], "inverted": true, "swapped": true, "error_lsq": 0.041472611361197176, "error_max": 0.183865268880672, "target": "210.xyz", "model": "16.xyz", "model_rescale": 3.7852294659196426, "target_rescale": 4.140364018283025},
{"mapping": [12, 0, 5, 1, 7, 3, 9, 2, 4, 10, 14, 13, 15], "R": [[0.026637064990335746, 0.9394526529644536, -0.3416418879568941], [0.5103749496544809, 0.28108232410703476, 0.8127177479542171], [0.8595393403061242, -0.19601387683691732, -0.47198589232462773]], "T": [-0.02551706883505035, 0.0798740132427759, -0.03017062463794385], "aligned_model": [[0.05779468755851758, -0.32350060883246207, 0.25231013999909757, -0.04308975483986034, -0.622549378320975, -0.6241176100584831, -0.26079113031743784, -0.1781134995978822, 0.5218484767209608, 0.45215822833144514, 0.21205155806432555, 0.4871340275472087, -0.07736928603817203], [-0.14293057042261362, -0.5802493087255519, -0.1809810875055299, -0.7226115862120316, -0.02229141122857145, 0.02792833957595734, 0.6689883884792842, 0.11580720783494344, 0.045573507934466434, 0.36742284554947424, 0.7136083199329695, 0.45106906573879313, 0.13372191275128403], [-0.6844411932745, 0.37947350348172865, 0.3624424797927418, -0.2867296065641123, -0.6223673912421175, 0.32979215878895807, 0.38792457021928095, 0.7017741908289375, -0.1772800808579175, -0.6318492432229226, -0.10343122887616032, 0.5175202041262926, -0.07707366605703557]], "inverted": false, "swapped": true, "error_lsq": 0.05121115283662933, "error_max": 0.38616498685105194, "target": "210.xyz", "model": "17.xyz", "model_rescale": 3.901054581598922, "target_rescale": 4.140364018283025},
{"mapping": [14, 11, 13, 9, 12, 5, 7, 8, 4, 0, 1, 6, 3, 2, 15], "R": [[0.058022011321591224, 0.8256527031538594, -0.5611871880014031], [-0.874298946498401, 0.31337949230214335, 0.37066783776885365], [0.48190745828839743, 0.46913847377845264, 0.7400501969912857]], "T": [-0.06427285113432439, -0.004550839135633963, -0.03925369560255994], "aligned_model": [[-0.16006249671149586, 0.1874693751472673, -0.5725824506340915, 0.2142851328084569, -0.08826752809750346, -0.4442107471651541, 0.5849002822600909, 0.7366775883127291, -0.578807080054731, 0.0334899862681169, -0.16401802923251524, 0.35736208137923026, 0.4505921889747568, -0.021350138694384388, 0.003608046528261577], [-0.07519603401624177, -0.4463513755927504, 0.48354484355331434, 0.4759785465774347, -0.6755973222130126, 0.3283204555033521, -0.5091170286677309, 0.02025036925952932, -0.23091104933292939, 0.4056255182664001, -0.3011097256183169, -0.06353458596786443, 0.4345772403507574, 0.7426076260837216, -0.0403301283585573], [-0.709521358806436, -0.3971562169813776, -0.49085762951889, -0.5576263242466409, 0.14452220397789478, 0.17103726400035352, 0.16463246421188643, -0.2929478584780948, -0.1195178827864478, 0.6780768317488407, 0.7431900238604237, 0.4811957133142622, 0.1415077126078111, -0.024023900730120687, -0.0828446373214889]], "inverted": true, "swapped": true, "error_lsq": 0.03899952047548615, "error_max": 0.2589669507028549, "target": "210.xyz", "model": "18.xyz", "model_rescale": 3.9405287249114394, "target_rescale": 4.140364018283025},
{"mapping": [2, 2, 3, 1, 11, 10, 6, 8, 0, 12, 9, 7, 5, 14, 13, 15], "R": [[-0.25908216390119443, -0.5359054684095416, 0.8035432541419437], [0.3139055458640755, 0.7400662063411028, 0.5947817402271737], [-0.9134219948216987, 0.4063340241237966, -0.023514255576360568]], "T": [0.10621792409327957, -0.048564436625805715, 0.20405397817947746], "aligned_model": [[-0.2770170572984354, -0.2770170572984354, 0.7183189157947301, 0.24261490754397327, -0.07843963731517001, 0.19274533527005153, -0.37290308304614583, -0.5482278352943379, -0.02842809931947815, 0.6318776623021815, -0.44225431617431643, -0.22077478072092788, -0.6698511274940847, 0.6291737793087373, 0.28921283730658565, 0.09422426595687508], [-0.29361684406051886, -0.29361684406051886, -0.30957981949181274, -0.6492795351273083, 0.5557585273084736, 0.1494125885412278, -0.5852191513970683, -0.34011917896848676, -0.6478177259624346, -0.1374388006327154, 0.4655094188251508, 0.17439186858969735, -0.01811863968237047, 0.41715819453215697, 0.5711460987693331, -0.05122376972780067], [-0.5364901121090007, -0.5364901121090007, -0.32757741737516577, -0.03270889331290788, -0.14222415017429035, -0.5517384149865187, 0.0022416068448700976, 0.44688876928860666, 0.5129879542234093, 0.33023737351305055, 0.3587023527398605, 0.7862840065224707, -0.09268247623021492, -0.1266400895014516, 0.3879059823303486, 0.1661537562684763]], "inverted": false, "swapped": false, "error_lsq": 0.04844410662213113, "error_max": 0.39087362970396045, "target": "210.xyz", "model": "19.xyz", "model_rescale": 4.410303926677745, "target_rescale": 4.140364018283025},
{"mapping": [14, 11, 9, 4, 2, 12, 5, 8, 7, 6, 1, 0, 3, 15], "R": [[-0.3249799169755711, 0.7395695817053187, -0.5894275929906666], [-0.7166488185973929, 0.21409934774437137, 0.6637589472831199], [0.6170919901971762, 0.638120915745327, 0.4604336787451951]], "T": [-0.10100187395890156, -0.0037209793686889727, -0.03627932073629009], "aligned_model": [[-0.045594410367329086, 0.08783798147626223, 0.42634291659800816, -0.6232750802026072, 0.15706733328008785, -0.3678989464697944, -0.4042146559823714, 0.7076640109122849, 0.29770188448712154, 0.1424797599482953, -0.4735907988200515, -0.06517842638433177, 0.4601487836954785, -0.03830246271018048], [-0.21246078513790984, -0.5667682457406507, 0.254052371425846, -0.11409885286771672, 0.6919445609483855, -0.5833413825266983, 0.4510307944297761, -0.23296771539268749, -0.5816923104477568, -0.031016703367145564, -0.06601078249516483, 0.5351974181071726, 0.33126736976835625, -0.0641872705226042], [-0.6818665313918917, -0.22059796370712642, -0.5186418343835124, -0.22986181043337928, -0.1351217121197107, 0.24203497851502948, -0.010956912272248487, -0.03458954760040017, 0.43760549264735377, 0.5898950346546263, 0.7169881757946794, 0.5966890382554821, 0.2156867717734413, -0.05044814100732285]], "inverted": true, "swapped": true, "error_lsq": 0.03710148684233978, "error_max": 0.24853895986842633, "target": "210.xyz", "model": "20.xyz", "model_rescale": 4.121658175737393, "target_rescale": 4.140364018283025},
{"mapping": [10, 12, 7, 11, 8, 4, 6, 14, 5, 2, 3, 9, 15], "R": [[-0.18671927139365238, 0.07264549354768673, -0.9797237089901605], [0.215567468816662, 0.9759876663264848, 0.031284845637464635], [0.9584709594339316, -0.20535507650359058, -0.19789571111068432]], "T": [-0.07936899396810373, -0.08853230466012611, -0.0016551610817491166], "aligned_model": [[0.15410357002972783, -0.11839181491186195, 0.23961008360563016, 0.42917511689028276, 0.5940919241870776, -0.2847726554870361, -0.22282312435810125, 0.39921372024319124, -0.5301244110599305, -0.19790403412135346, 0.0100606976813256, 0.4071752415109404, 0.001668590454402305], [-0.654484342611497, -0.0868063196606667, 0.4854869299495476, -0.153266821473245, 0.4076618696275839, -0.576703220700722, 0.5459115616968683, -0.5663961609366391, -0.22684315232568486, 0.05111609526462137, 0.4861281597233981, -0.10669133592210102, -0.06428635846828049], [0.544297248149442, 0.6934181794090687, 0.5334491551709603, 0.35026586267293963, -0.08374759548300575, 0.20310140121180192, 0.16871085332249167, -0.07930733825015643, -0.279266498577339, -0.7274429032614628, -0.3919907184476251, -0.5848859726693738, 0.02350806623404767]], "inverted": true, "swapped": true, "error_lsq": 0.04488147453335816, "error_max": 0.24094772891603344, "target": "210.xyz", "model": "21.xyz", "model_rescale": 4.08911054899281, "target_rescale": 4.140364018283025},
{"mapping": [5, 11, 10, 6, 14, 9, 8, 1, 0, 7, 3, 4, 2, 12, 13, 16], "R": [[0.6316141540014439, 0.36549861105374887, -0.6837209414540564], [0.7647451987108809, -0.148811222950182, 0.6269130728998455], [0.12739050794190324, -0.918839477407154, -0.3735045826284494]], "T": [-0.07029905800043233, -0.06315560365379341, 0.0018014609737784168], "aligned_model": [[0.12717865758089486, -0.5616918419534377, 0.6424294217543141, 0.2725234155671695, -0.10969513530319368, 0.1818940940057514, -0.23858525772316824, -0.711738174928429, -0.0025031814026336002, 0.5722941377448322, -0.1109419301521636, -0.20960832718990746, -0.6651933164305066, 0.4693287997619653, 0.283521740538218, -0.05595839234790255], [-0.35040732008227277, -0.3725504968200847, -0.23093137152553284, -0.7048054132633377, 0.5507925605496671, 0.18636741492018777, -0.7122631362243212, -0.4879620141852445, -0.4254747703483108, -0.16241807081075993, 0.7228231540446117, 0.1540437041767346, 0.16493670611780048, 0.43019472311260293, 0.3056551588472716, -0.06065444105400754], [-0.6115647079708748, -0.49689780934850886, -0.33732213755111506, 0.1640432619881763, -0.18078601590078466, -0.616004729384843, -0.1745538173797603, 0.1969776739508103, 0.6831295308060736, 0.2899284041867207, 0.36904031061336606, 0.6496514235913531, 0.3414020335340203, -0.10006480547562491, 0.4207518518473197, 0.047119668426211604]], "inverted": false, "swapped": false, "error_lsq": 0.04353002138618665, "error_max": 0.2583894936612098, "target": "210.xyz", "model": "22.xyz", "model_rescale": 4.204369325754507, "target_rescale": 4.140364018283025},
{"mapping": [2, 2, 3, 1, 11, 10, 6, 8, 0, 12, 9, 7, 5, 14, 13, 15], "R": [[-0.25908216390119443, -0.5359054684095416, 0.8035432541419437], [0.3139055458640755, 0.7400662063411028, 0.5947817402271737], [-0.9134219948216987, 0.4063340241237966, -0.023514255576360568]], "T": [0.10621792409327957, -0.048564436625805715, 0.20405397817947746], "aligned_model": [[-0.2770170572984354, -0.2770170572984354, 0.7183189157947301, 0.24261490754397327, -0.07843963731517001, 0.19274533527005153, -0.37290308304614583, -0.5482278352943379, -0.02842809931947815, 0.6318776623021815, -0.44225431617431643, -0.22077478072092788, -0.6698511274940847, 0.6291737793087373, 0.28921283730658565, 0.09422426595687508], [-0.29361684406051886, -0.29361684406051886, -0.30957981949181274, -0.6492795351273083, 0.5557585273084736, 0.1494125885412278, -0.5852191513970683, -0.34011917896848676, -0.6478177259624346, -0.1374388006327154, 0.4655094188251508, 0.17439186858969735, -0.01811863968237047, 0.41715819453215697, 0.5711460987693331, -0.05122376972780067], [-0.5364901121090007, -0.5364901121090007, -0.32757741737516577, -0.03270889331290788, -0.14222415017429035, -0.5517384149865187, 0.0022416068448700976, 0.44688876928860666, 0.5129879542234093, 0.33023737351305055, 0.3587023527398605, 0.7862840065224707, -0.09268247623021492, -0.1266400895014516, 0.3879059823303486, 0.1661537562684763]], "inverted": false, "swapped": false, "error_lsq": 0.04844410662213113, "error_max": 0.39087362970396045, "target": "210.xyz", "model": "23.xyz", "model_rescale": 4.410303926677745, "target_rescale": 4.140364018283025},
{"mapping": [6, 12, 15, 14, 4, 5, 13, 7, 11, 9, 3, 1, 0, 8, 10, 16], "R": [[0.23019783133199007, -0.3618101882939149, 0.90338383099144], [-0.2946299834244854, -0.9106579806511971, -0.2896467074619898], [0.927470825049142, -0.19948791924075465, -0.31623162201092103]], "T": [0.0038031983267181046, -0.09969667081630762, 0.06057970005792752], "aligned_model": [[0.017741172812648198, -0.58417418170408, 0.5607091866291312, 0.36234794153636735, 0.12743690941414554, -0.03577356429930892, -0.244224073954755, -0.527386605239023, 0.15861200286045896, 0.6075490214422639, -0.3375597487162131, -0.4246637179571211, -0.6934010443950702, 0.634507218873972, 0.3176226888258451, -0.05608849660745784], [-0.5361125842380147, -0.2339360043807852, -0.22249534128425125, -0.6718835121677009, 0.5529621500499999, 0.12233354248888573, -0.7293671286906526, -0.38565464647078485, -0.4065517064995612, -0.14769091922870298, 0.6950263818733015, 0.115001411582768, 0.16632847100688763, 0.4265336192938416, 0.2691969554548802, -0.0063443013351067445], [-0.5617104036230839, -0.47086948535868495, -0.368477868991923, 0.013698192875694772, -0.12007339850199722, -0.5265644880829634, -0.12964177747303285, 0.3398579223196723, 0.5921770173248848, 0.22060318839087648, 0.3078398718283424, 0.7723775538301306, -0.05570735397154763, 0.028944474587396553, 0.49557253465980516, 0.10682415611897142]], "inverted": false, "swapped": false, "error_lsq": 0.04106086795571949, "error_max": 0.28247031168203396, "target": "210.xyz", "model": "24.xyz", "model_rescale": 4.28219845311461, "target_rescale": 4.140364018283025},
{"mapping": [7, 12, 3, 4, 11, 9, 13, 2, 0, 1, 10, 14, 14, 5, 8, 15], "R": [[-0.33347770875720345, -0.7448766159521009, -0.5778853214694007], [-0.7245013585175332, -0.18973347061808687, 0.6626454494173071], [-0.6032332875996608, 0.639656186661993, -0.476392237128968]], "T": [0.016375304335061798, -0.10196363699303401, 0.02358645277388525], "aligned_model": [[0.09796097240855645, -0.5642578245510115, 0.7101855836997797, 0.2867261191325745, -0.17547716143535338, 0.1761861031292969, -0.402190367423979, -0.41130897831898605, 0.20194009847297253, 0.617065680312061, -0.22612737404130148, -0.6573329630612126, -0.6573329630612126, 0.5584082796067847, 0.2967592940595697, 0.03205021059326439], [-0.6052453463714976, 0.1358267494887398, -0.3367789750322747, -0.7762498598639488, 0.3789318214342311, 0.06110014277345577, -0.42861023483107896, -0.47699938032288086, -0.5068988549895876, -0.06522311118289592, 0.5552179724126419, 0.14707877168087763, 0.14707877168087763, 0.5459944494416329, 0.3758540086592838, -0.14373053752257092], [-0.5642887937881029, -0.4131523730360506, -0.22847385375848775, 0.10663523127488511, -0.14496401649403695, -0.6126087972837396, -0.2429116438098203, 0.4046564856860013, 0.7070682363193173, 0.24198655538026523, 0.39642636757262834, 0.2770419202991202, 0.2770419202991202, -0.08426183351825, 0.4419417715380517, 0.08271295925163988]], "inverted": false, "swapped": false, "error_lsq": 0.0523906760704472, "error_max": 0.5216442270439092, "target": "210.xyz", "model": "25.xyz", "model_rescale": 4.100010024507729, "target_rescale": 4.140364018283025},
{"mapping": [1, 5, 2, 13, 7, 8, 3, 14, 4, 11, 12, 15], "R": [[0.8594757014133807, 0.4102267870567873, 0.30498442888292354], [-0.1638504885182932, -0.3440646074746854, 0.924539108580923], [0.48420505583099227, -0.84459074649463, -0.2284993103782803]], "T": [-0.00785645597040015, -0.009390151754261965, -0.04643098881274605], "aligned_model": [[-0.7886285847729924, 0.06942422170228683, 0.35106172633738136, 0.7273981986523961, -0.5759483100577518, 0.041806386781667246, -0.04637174196670711, 0.5348465402616078, 0.055414894383966226, 0.01006302817439554, -0.4977268228510793, -0.0045739342821640005], [-0.3255607038469768, -0.5372626045312189, -0.26380000343598137, -0.4064804223500488, 0.6183137814255092, 0.7445406555799232, 0.16262446229308736, 0.23698628874362007, -0.3061933322112902, 0.5210367983381852, 0.14329236863770586, 0.07863410140812482], [-0.06978720227326482, 0.07504642383409996, 0.559187243921511, -0.09420197776615524, -0.017417535137146507, 0.3218343699540187, 0.6314493189974844, -0.3753644889988754, -0.5263594892484872, -0.37044058746675546, -0.5169283637880339, -0.051825422174039154]], "inverted": false, "swapped": true, "error_lsq": 0.04373988058822948, "error_max": 0.2340508046640758, "target": "210.xyz", "model": "26.xyz", "model_rescale": 3.6694154284099745, "target_rescale": 4.140364018283025},
