[{"mapping": [7, 4, 6, 11, 8, 0, 9, 1, 5, 10, 12, 14], "R": [[-0.1446072642815382, 0.8898043762784786, 0.4328243420519194], [0.5984542350942881, -0.2697001932037633, 0.7543966690565139], [0.7879982662510876, 0.36811679904823735, -0.4935065902738885]], "T": [-0.2062947880290472, -0.07011317718822926, -0.027539320914244582], "aligned_model": [[-0.2582152429554796, 0.23620424831210826, 0.3751929752403952, -0.0907217091078123, -0.03140962859971866, -0.5617168432721761, 0.3022646679407215, -0.2444994084095876, 0.5432203690798371, 0.25913216796059635, -0.5574870474421058, -0.13432208628622905], [-0.39086318095419703, -0.5930641004574531, -0.22867655258271544, 0.6998335160683039, 0.317978765449513, -0.4970806764522415, -0.21605830730006567, -0.5372818171045071, 0.053139783029400506, 0.3978426239630709, 0.0063769254807792, 0.04140805683716928], [-0.620220701507074, -0.05804137139791047, -0.5313237380653185, -0.19730271138444813, -0.638370450398532, -0.05389198867768225, 0.565327670092331, 0.6729195298159731, 0.04362320593841037, 0.45686064309154206, 0.5827345198818593, -0.040362862035588136]], "inverted": false, "swapped": true, "error_lsq": 0.04192001854274627, "error_max": 0.27813333327773265, "target": "211.xyz", "model": "0.xyz", "model_rescale": 3.751011558992144, "target_rescale": 3.9683911145219586},
{"mapping": [6, 4, 12, 11, 1, 8, 0, 7, 3, 8, 5, 13, 10, 9, 14], "R": [[0.5749448634539672, -0.22047908890220003, -0.7879259961092506], [0.7900169767590116, 0.4001371504042457, 0.4645034308796025], [0.21286516958030155, -0.8895387749970352, 0.404239022555126]], "T": [0.048074786277863525, 0.08107900731466575, 0.08380596368432651], "aligned_model": [[-0.28794533121117344, 0.20334137895202542, -0.1394753773655809, 0.1245996545723799, -0.48784837227267863, 0.21532653224960582, -0.5946850286582331, -0.5422264669908133, -0.333106477875889, 0.21532653224960582, 0.5755526235325368, 0.31763558309056955, 0.6477755991328694, 0.5826616182395211, 0.059081931219717304], [-0.23310693246853606, 0.518278036991532, -0.5764320964788372, -0.6438095012139906, 0.3714340436601542, 0.7228062711606594, 0.3653624823504523, -0.2125574804974711, -0.06840471302886303, 0.7228062711606594, 0.2662081713837733, -0.10493380388606846, -0.0520069523054745, -0.28396189530813387, 0.02903737891637341], [-0.5095770670431631, -0.5567588367525776, 0.37445900182908376, -0.24086553747073802, -0.25407844026746373, 0.058681783180058525, 0.36937074551916205, 0.013101881680340197, 0.728601552009169, 0.058681783180058525, 0.3623384946602005, 0.7320639441145543, -0.45942585657466045, 0.2068981236289147, 0.09700914955935552]], "inverted": true, "swapped": false, "error_lsq": 0.04552928361914858, "error_max": 0.38243615029045996, "target": "211.xyz", "model": "1.xyz", "model_rescale": 3.9405287249114394, "target_rescale": 3.9683911145219586},
{"mapping": [2, 11, 8, 12, 10, 7, 3, 13, 9, 4, 1, 0, 14], "R": [[0.9953435826317824, 0.03050597381261551, 0.09143597801452583], [-0.02300706696804941, -0.8459926067049818, 0.5326980235274374], [0.09360463334288813, -0.5323212328681384, -0.8413514590553042]], "T": [-0.12482589656739605, -0.06249582237863985, 0.006026922220791301], "aligned_model": [[-0.34173649261644146, 0.2442616779746679, -0.3419672499665756, 0.4104711314303716, 0.5099222846648996, -0.7761319194035303, -0.03847421115877102, 0.5368984329005184, 0.18501295536586027, -0.5251577218684923, 0.09711410729014226, -0.39742797115430223, -0.06680174417441567], [0.706142662088695, 0.45259964106661055, 0.4478094636649652, -0.19468543846648087, -0.30259142898124014, 0.11790894604404609, 0.3512223583569325, 0.1389407915818355, -0.7675558463395834, -0.5963017437521461, -0.7455526748616075, -0.12558683432483594, -0.023517302505173476], [0.10605038730181936, -0.4771352468577927, -0.4907154570422787, 0.45055352081000916, -0.45189998726823477, 0.016131456093893888, 0.49671444697859063, -0.02100780341285629, -0.18971325947345005, -0.15208414112509783, 0.4470764700832974, 0.4866808299566841, -0.10753086645593989]], "inverted": false, "swapped": true, "error_lsq": 0.04663145240436292, "error_max": 0.32888452133731955, "target": "211.xyz", "model": "2.xyz", "model_rescale": 3.932901565614263, "target_rescale": 3.9683911145219586},
{"mapping": [7, 2, 8, 0, 6, 5, 11, 4, 1, 9, 13, 12, 10, 14], "R": [[0.6954934958687782, -0.6149386491297759, 0.3716708961038947], [0.048678582525282454, -0.4757509338964425, -0.8782319992462082], [0.7168815751625613, 0.6288970557278106, -0.30094733839882326]], "T": [0.040293935991806584, 0.02468325249329828, -0.046088336452403206], "aligned_model": [[-0.2930022124669276, 0.4345637994053051, 0.20540725546926097, -0.15854276462150724, -0.44922656846819603, -0.20849113025385327, 0.6245990206055752, -0.6303901182100178, -0.24717512251605472, -0.25121745387075234, 0.6477477031755672, 0.36162623849234504, 0.28425004446468427, 0.099661220847275], [0.05295964823518466, 0.08334251888675959, -0.49427807801705226, 0.5205885556543128, -0.5159570174672883, -0.6239319234324607, -0.508240470910207, -0.0788645935474275, 0.49939536929568745, -0.13791244751771256, -0.04633190972873344, 0.45171621517870464, -0.4452071049103319, -0.09378212336894706], [-0.6334226878430571, -0.7453525106523194, -0.553761038931147, -0.2005630679305897, -0.33788771277628704, 0.2692411936242426, -0.1439378581690871, 0.052269090386769274, 0.588229154452224, 0.6750272702315371, 0.27816995798668265, 0.41867966996350725, 0.5783607627379203, -0.03115586002329862]], "inverted": false, "swapped": true, "error_lsq": 0.0398189768994334, "error_max": 0.29225948812365915, "target": "211.xyz", "model": "3.xyz", "model_rescale": 3.9243930471874484, "target_rescale": 3.9683911145219586},
{"mapping": [9, 10, 1, 4, 0, 5, 6, 12, 3, 11, 7, 8, 14], "R": [[-0.21890269447845595, -0.23456409830749214, -0.9471331976735191], [0.43691438034472174, -0.8914892077934238, 0.1198032413411339], [-0.8724605633483156, -0.38759086182861335, 0.29763381734758076]], "T": [0.08886173344180855, 0.03841212897382573, -0.04606162665859766], "aligned_model": [[0.028158858649858384, -0.44937298519132823, 0.6228310551925921, 0.2318324585079266, 0.6259968722152971, -0.4326789213496875, -0.23351319557118133, 0.36246562869305327, 0.3796266320083004, -0.6166833475697402, 0.2466293942939004, -0.44478731513316777, -0.04329924843447068], [-0.482703241634708, -0.07972912605739652, -0.23767267122590818, -0.6260382878803863, 0.0726229540519982, -0.49469085879525465, -0.5016885370266796, 0.34003118896257123, 0.612298159016974, 0.4087553421052816, -0.08429985592228686, 0.15383590874670405, 0.04710857934067812], [-0.6428680456860262, -0.651531890040132, -0.6368261137713769, 0.04492439265769875, 0.09406691440823937, -0.2067629583200265, 0.42450694171642633, -0.6255335852492138, 0.028128614478157565, -0.03922796586666892, 0.5996152673132822, 0.4601111577678009, -0.0615324140371971]], "inverted": false, "swapped": true, "error_lsq": 0.044605311783822994, "error_max": 0.23356683865737118, "target": "211.xyz", "model": "4.xyz", "model_rescale": 3.8936222436046832, "target_rescale": 3.9683911145219586},
{"mapping": [3, 11, 7, 0, 6, 5, 10, 9, 1, 12, 4, 14], "R": [[0.23608368122065815, -0.11172763546137432, -0.9652882631294724], [-0.6942324532479969, 0.6756765043370374, -0.24799710148336385], [0.6799307290589027, 0.728682507654117, 0.08195124599624595]], "T": [-0.08674832656417264, -0.11173718176444042, -0.16506863232660082], "aligned_model": [[0.18828538907899728, -0.6846410737812612, -0.247752245383217, 0.33057523036697933, -0.6320595331804082, -0.5244119137503938, -0.30296963468910604, 0.08245264413872397, 0.6296134191895084, 0.4434457875860396, -0.05849801023418666, -0.19649201712657866], [-0.562112389719288, -0.6174298739086892, 0.21340274127590853, 0.01675948010339201, 0.44689745667230457, 0.22443131485832984, -0.2876159005241468, 0.20071307773790747, 0.10894840044201201, -0.4878393827688247, 0.5669978196066408, -0.15422983866573942], [-0.5404513982018303, -0.017441332313873487, -0.7353398713236987, -0.509525019404007, -0.25243069783693417, 0.3616852898193049, 0.6047126551323341, 0.5456843747967824, 0.22025260473785338, 0.11611144406239707, -0.07161191541579086, -0.10236141477701945]], "inverted": false, "swapped": true, "error_lsq": 0.04764004587142807, "error_max": 0.26597723822453745, "target": "211.xyz", "model": "5.xyz", "model_rescale": 3.6523030999806103, "target_rescale": 3.9683911145219586},
{"mapping": [2, 11, 13, 3, 12, 7, 10, 0, 6, 4, 9, 1, 14], "R": [[0.47895354778087645, -0.5013724363121413, -0.7205755888000507], [0.8197040866778952, 0.5491877409268024, 0.16272072854825045], [0.3141475916693772, -0.6685944251354053, 0.6740124519073718]], "T": [0.04690938292739753, -0.09957191260588252, 0.02985543056581607], "aligned_model": [[0.07544431119375626, -0.2355480238748216, 0.28973160719421254, 0.5436241539698584, 0.6628370074593332, -0.19614985367450194, -0.12942131551724728, 0.3784670148249051, -0.6911365258871464, -0.2722161373005636, -0.03087248750160977, 0.5195650159937055, -0.033241862215585505], [-0.6236538015980563, 0.17917891605718858, 0.3908551311101781, -0.3635229989069928, 0.24984851322601395, -0.7267105833007241, 0.695085225466182, -0.4750145827293847, -0.30395135402602613, -0.1713161703218059, 0.511783572791823, 0.20407495963376385, -0.02582992323897601], [0.6400881333511039, 0.7208767360507915, 0.4537721160569048, 0.35078821771243474, 0.017228990533238724, -0.03697878730697333, 0.11746665141616244, -0.21187351693595974, -0.14503419811394053, -0.5728261638260461, -0.4717603799819776, -0.598431098189744, 0.10679303871579462]], "inverted": false, "swapped": true, "error_lsq": 0.058365448116491365, "error_max": 0.37560411343717554, "target": "211.xyz", "model": "6.xyz", "model_rescale": 4.08911054899281, "target_rescale": 3.9683911145219586},
{"mapping": [6, 0, 5, 4, 2, 1, 13, 7, 12, 0, 9, 10, 3, 8, 14], "R": [[-0.8682953516911809, -0.48384132423122583, 0.10936523761078024], [0.4953912878037632, -0.8344714767814525, 0.241339649470018], [-0.02550792425145113, 0.26373268171456454, 0.9642584811117954]], "T": [0.014178936074762463, 0.002413192806954796, 0.1983324963576471], "aligned_model": [[-0.07530745370875752, 0.22928195294855103, -0.2534880623112362, 0.2709704262721399, -0.4745738802048666, 0.038855161447445316, -0.5487720673735723, -0.6809153817578891, -0.3685846912222492, 0.22928195294855103, 0.6649707698878631, 0.23316916225792178, 0.5174445872341167, 0.6469266752671475, 0.12675524717929737], [-0.0014069812103726861, 0.519645579872265, -0.7096517002190484, -0.5774878367676202, 0.47856357763091584, 0.73529902682358, 0.3432260362128869, -0.19028045928890383, -0.178525429864475, 0.519645579872265, 0.43752616646987064, -0.4104639925606408, -0.0209149315787227, -0.23937773745176893, 0.11492238249599884], [-0.2927077858672073, -0.5572186488379676, 0.24098452653470326, -0.10927507208437431, -0.23124990423853592, 0.18365267842595778, 0.518999451059406, -0.08274046622710912, 0.7717042243451695, -0.5572186488379676, 0.23961199611463185, 0.7468310005863863, -0.41210252822856624, 0.27780839129775015, 0.24342150721001773]], "inverted": false, "swapped": false, "error_lsq": 0.05214808639019875, "error_max": 0.42728997109015426, "target": "211.xyz", "model": "7.xyz", "model_rescale": 3.964800864290218, "target_rescale": 3.9683911145219586},
{"mapping": [13, 3, 12, 11, 9, 2, 10, 0, 7, 6, 8, 5, 4, 14], "R": [[0.35333763810725105, -0.1503523686929406, 0.9233345432318729], [-0.34043360336254036, -0.939992347479796, -0.02278921633183187], [0.8713538174578601, -0.30628181778852714, -0.3833196745456324]], "T": [0.1324176291021356, -0.054640870779819085, 0.02608171469354883], "aligned_model": [[-0.2941443090209115, 0.16809133650998945, 0.27722776309939745, -0.66223428969541, 0.29953158877764163, -0.1771704914643932, -0.29875961318228184, 0.6076267957266202, 0.30996959715748984, 0.0407690216225545, -0.415345193644169, -0.12891198895552095, 0.5263450450081324, 0.008192627521733803], [0.043801790132231684, -0.5892434557585732, 0.03097108945200485, -0.08999103854580418, 0.7129830450155394, -0.7915235755190471, 0.5931873604414843, -0.3399046844547807, -0.44298191339019016, 0.11019509543657963, -0.29625415538410854, 0.5816527119684219, 0.2966992798145059, -0.00864308302706171], [-0.5101464359111855, -0.3376778986925584, -0.6619019457192205, -0.02159793885215703, -0.09329340275306372, 0.12105063123834733, -0.2281877818852399, -0.019976405577949503, 0.5500225994515707, 0.7886423606761479, 0.4686805786728134, 0.3560297036943393, 0.46379706737457327, 0.04137390700860336]], "inverted": true, "swapped": true, "error_lsq": 0.050187428502214255, "error_max": 0.311173766964327, "target": "211.xyz", "model": "8.xyz", "model_rescale": 4.121658175737393, "target_rescale": 3.9683911145219586},
{"mapping": [5, 10, 11, 8, 9, 4, 12, 0, 3, 1, 6, 7, 14], "R": [[0.07297872101712788, -0.9972520138713838, -0.012748612009682414], [-0.7779874487390566, -0.06492175169707448, 0.6249165510378782], [-0.6240269512474583, -0.03568735050480215, -0.7805874564267282]], "T": [0.08735514922835308, -0.023384344074917636, -0.004685908340269086], "aligned_model": [[-0.5740160531312019, -0.3382493150422867, 0.2677394228683757, 0.23222575016960767, -0.5961370787159151, -0.4616229294632165, 0.2427105474598647, 0.2870691924291349, 0.7055371372984789, -0.23214298252644994, -0.33322465769541104, 0.21683345805990878, 0.0600150047243078], [0.15597340688848776, -0.3190205462952913, 0.1926695180367581, 0.6200048807436935, -0.42187011267310387, 0.13714449163996412, -0.7127342082713026, -0.12403165966064897, -0.1944041811811298, -0.7088996741868304, 0.6382740914987163, 0.512531959889124, 0.01474947298327297], [-0.34001753229668125, -0.6384905188089561, -0.7501903672551256, -0.3501966289354988, -0.07865506981525197, 0.37355608088730213, -0.052460008130290316, 0.5045340487441391, 0.0847391359081349, 0.36725280797290144, 0.04420010658281106, 0.38630846520582096, -0.1295050861002172]], "inverted": false, "swapped": true, "error_lsq": 0.03817427493921273, "error_max": 0.2370173569549434, "target": "211.xyz", "model": "9.xyz", "model_rescale": 3.833441315466971, "target_rescale": 3.9683911145219586},
{"mapping": [6, 4, 11, 7, 1, 13, 0, 12, 10, 5, 2, 8, 3, 9, 14], "R": [[-0.6629354197747408, 0.5789075780809929, 0.47474482119185657], [-0.5973926970746102, -0.7912366614579647, 0.13063885733876301], [0.4512633318695545, -0.1970039634252414, 0.8703739677315349]], "T": [-0.0403731524676423, 0.021909925003318127, 0.03761088613243909], "aligned_model": [[-0.31666110051784147, 0.20059313082447405, -0.16469791991526322, 0.26249879405866794, -0.6061843770296996, 0.14824634300439932, -0.42244202162063954, -0.5957064375866279, -0.3617369887538477, 0.09730367509224633, 0.5767861151441674, 0.2635702635622203, 0.7243855860767331, 0.6980914977111146, 0.05196783881435912], [-0.03019570518624018, 0.23804501970757583, -0.6090583047137027, -0.557777494336101, 0.4343262729744661, 0.6685647064754036, 0.501494445124007, -0.19567455331674982, -0.1050469638798408, 0.6668641865807806, 0.3562584840868581, -0.2716105651480018, -0.0808538045844249, -0.19456846766009311, -4.797568770730648e-05], [-0.5805958277664598, -0.6911781445505178, 0.26511808674471526, -0.08945231329518658, -0.19771728260124952, 0.46416313491541866, 0.3339975069310593, -0.047723717305511344, 0.7835072439546182, -0.11243674994732594, 0.19245188318183223, 0.6926097289483384, -0.3610186880951455, 0.2939645334225588, 0.03481132671515002]], "inverted": false, "swapped": false, "error_lsq": 0.04267050754428666, "error_max": 0.2342771724628018, "target": "211.xyz", "model": "10.xyz", "model_rescale": 4.2482417240324, "target_rescale": 3.9683911145219586},
{"mapping": [7, 4, 1, 9, 2, 3, 0, 13, 5, 11, 8, 14], "R": [[0.876592920746002, 0.3999661206742503, -0.26760409864347157], [0.45944092780363444, -0.8610125157540408, 0.21810887550449098], [-0.1431743173789536, -0.31414097158391974, -0.9385182815562955]], "T": [0.004868528849210508, 0.0510123740258907, 0.018771894501830734], "aligned_model": [[-0.6448594327392394, -0.08693909081465866, 0.5796502648594368, 0.6062461928228334, -0.5574519040329197, -0.08188953113601467, -0.15269983454280697, 0.4706261138444798, 0.18530413767187942, 0.0187072601475531, -0.48447277102589903, 0.024544197308362947], [-0.08903883281743252, -0.6249899128260947, -0.27840371479420034, -0.459508387562849, 0.6260457694262639, 0.5909644345445239, 0.02822369031514637, 0.5088466504946098, -0.4239171415851057, 0.49350020127067307, 0.22081213190236315, 0.07359650168274173], [0.14160003805576132, 0.08809511959438843, 0.5397898683582881, -0.07681799798320546, -0.012729613191941845, 0.3656413295437208, 0.5516634713089303, -0.2106716091182283, -0.5503619337290313, -0.6438046429851126, -0.5160439412188762, -0.11116779878033664]], "inverted": false, "swapped": true, "error_lsq": 0.05027512465992389, "error_max": 0.27359702005546943, "target": "211.xyz", "model": "11.xyz", "model_rescale": 3.6694154284099745, "target_rescale": 3.9683911145219586},
{"mapping": [0, 7, 6, 2, 3, 1, 12, 9, 11, 10, 5, 13, 4, 14], "R": [[-0.412791187155031, 0.8513268642856623, -0.3237993297594697], [0.4867392536764454, -0.0942992193312231, -0.868442603839781], [-0.7698625427552876, -0.5160912975230871, -0.37544831586158356]], "T": [0.07154860433527584, 0.05511798405861891, -0.11643664485220628], "aligned_model": [[0.00828160276094475, -0.03686979598324823, -0.36195035430134487, 0.6824485003610089, 0.580392071046992, -0.3429745962657966, 0.2742058732620381, -0.46567836674113766, 0.5734722977386036, 0.022136835582041436, -0.35758792023494373, 0.5178158885867797, -0.6005398066798335, 0.10511262112370584], [-0.2573286797501195, 0.3798022394083965, 0.7013987950401587, 0.3625693403674547, -0.22210629690600092, -0.6677893004021324, -0.5796280927708728, -0.18555308894920652, 0.5089397886039422, 0.08366370538946526, 0.4388826638109395, -0.10930423727571405, 0.13645319307299336, 0.14098725849694993], [-0.5721722202310074, -0.6992514544250165, -0.22352944587471985, -0.5408597834639164, -0.40560548484961956, 0.009754903767219436, 0.12366406097496951, 0.417312909199264, 0.30441134610359166, 0.7002590311643422, 0.3841578837044003, 0.3865519416803114, -0.2255017261040267, -0.020096501993376467]], "inverted": true, "swapped": true, "error_lsq": 0.04657790866226682, "error_max": 0.3192830783629286, "target": "211.xyz", "model": "12.xyz", "model_rescale": 3.9764082729961374, "target_rescale": 3.9683911145219586},
{"mapping": [4, 5, 3, 14, 0, 1, 2, 7, 8, 9, 12, 11, 6, 13, 15], "R": [[-0.7132121677904665, 0.3198526206054119, -0.623716846659984], [-0.13920011175590025, 0.8074658732985397, 0.5732557826532338], [0.6869874326381585, 0.49567445420364087, -0.5313709653783828]], "T": [0.10447495751203406, 0.09676157034687358, 0.07481108788294377], "aligned_model": [[-0.2081345774679031, 0.2622616518942407, -0.29065646065595296, 0.3927807679809438, -0.42465933407054623, 0.03247650241090136, -0.5512541000409552, -0.6212129473119954, -0.22590026067230612, 0.07779600313847823, 0.5736893659522686, 0.300283306746355, 0.4982541127655575, 0.6850822600532254, 0.055208108142150804], [-0.08158519197554895, 0.4494940164190956, -0.6019392655947479, -0.6478732885545744, 0.46443089569695295, 0.5662801157157804, 0.42299962742095343, -0.05578168931406843, -0.0665781256687887, 0.6625473528546078, 0.49285442177110883, -0.3951472528942246, -0.31423825350051915, -0.08580869215477177, 0.011064610214974041], [-0.5467445675397744, -0.6691694806795432, 0.32805356367372884, 0.10954905175181362, -0.2597693989513598, 0.49634535253851314, 0.39079787099786656, -0.07058945423129662, 0.6779903278802347, -0.12686639777985106, 0.2484826944021659, 0.666612996241728, -0.43477298504758366, 0.13840201233620852, 0.03217913565944406]], "inverted": true, "swapped": false, "error_lsq": 0.04570995023535911, "error_max": 0.40145995652467104, "target": "211.xyz", "model": "13.xyz", "model_rescale": 4.170626492500431, "target_rescale": 3.9683911145219586},
{"mapping": [11, 8, 10, 5, 12, 1, 9, 2, 3, 6, 7, 4, 0, 14], "R": [[-0.00488965631652602, 0.9987897266456417, 0.04894050682441686], [-0.37342841196615495, -0.047224326746767825, 0.9264561965358915], [0.9276461137726726, -0.013745723350884365, 0.37320737223696304]], "T": [0.059836276478786476, 0.07702855635000741, 0.08549866330931342], "aligned_model": [[0.19348589600212052, 0.19941014469706914, -0.4183764150301854, -0.6178453706534881, 0.19035304859993873, -0.25325774022558134, -0.6389958189048226, 0.7530550646410492, 0.6773020832324839, -0.3358807160431779, 0.23293155162134785, -0.4558423581900824, 0.2919414293117485, 0.024902223033223432], [-0.47709026619161254, -0.6542918507656769, 0.028811337318293107, -0.23795567577615825, 0.6539345561927435, 0.8594175704018574, 0.3940837308323972, -0.32323635953553553, 0.26496758228437267, -0.4730421881210196, -0.20063588951363123, 0.1261267807057283, 0.4119803784785725, -0.016995238384664754], [-0.47135388941743817, 0.08760606045837781, -0.5772501049206555, -0.0679968962955043, -0.3040725614731661, 0.09922091169806883, -0.12073830980781396, 0.16973481290906664, 0.03250344071477039, 0.4828641622134092, 0.6769274406643031, 0.5348074107267874, 0.4639891133346816, -0.002368489684020439]], "inverted": true, "swapped": true, "error_lsq": 0.04771637146630573, "error_max": 0.26597139896293154, "target": "211.xyz", "model": "14.xyz", "model_rescale": 3.9786697098870705, "target_rescale": 3.9683911145219586},
{"mapping": [4, 1, 7, 6, 0, 2, 10, 13, 8, 5, 12, 14], "R": [[-0.6794527671757488, -0.3565144032187162, 0.6412810752507987], [0.21064697186717551, -0.9320034308848623, -0.2949533150551717], [0.7028312673895543, -0.06532292948458979, 0.7083509895970671]], "T": [0.022431969043668756, 0.08884231740617467, -0.05016044117863468], "aligned_model": [[-0.012288831901699538, -0.7494089769820996, 0.5464792699698346, 0.5243013239591494, -0.04648164212887412, 0.623837942190763, -0.3454225783689444, -0.24958906260743804, 0.7004607977324375, 0.017743974021522887, -0.5848612757665559, 0.058583656649240715], [-0.42814182915620547, 0.0321071913707915, 0.10911211256509883, -0.49400955235760524, 0.37448339494017946, 0.6133511940177551, -0.3135153781364834, 0.2964688536606946, -0.004460694377806329, -0.6343982601994758, 0.4282223679302668, 0.03545508996722875], [-0.49930996926429627, -0.3839139613364597, -0.47655354531292304, -0.20978484508487982, -0.5223686949180589, 0.05501233984413402, 0.5606091758679336, 0.551572434627671, 0.2429032023102553, 0.19259346254638582, 0.08264391022645416, 0.06656298436761356]], "inverted": false, "swapped": true, "error_lsq": 0.048980977564231615, "error_max": 0.24075281392638884, "target": "211.xyz", "model": "15.xyz", "model_rescale": 3.769337070930944, "target_rescale": 3.9683911145219586},
{"mapping": [0, 3, 4, 7, 1, 12, 9, 13, 5, 8, 14], "R": [[0.7956355264806263, 0.5831177326318873, -0.16412744710176874], [-0.5902623580649347, 0.8071860738398049, 0.006402409757584569], [0.13621474829664992, 0.09178426929124736, 0.9864183647201388]], "T": [-0.09610506161278545, 0.015940421422836658, 0.029978779372936255], "aligned_model": [[-0.3219787345804106, -0.3233275545392903, -0.07900788445164475, -0.7227657867076775, 0.44630467626504655, 0.36499669452528827, 0.5916446575588635, 0.3117500415158253, 0.2430074381531326, -0.5257655252938924, -0.06223189175406971], [-0.024437354345732992, -0.5486973236213166, 0.6740259670388211, 0.25708982054582946, 0.1297227819617435, -0.41499709259857914, 0.4071793024933114, -0.4770275902825032, 0.5383688815188237, 0.04179936014015939, 0.013037744774785672], [-0.47664856391141686, -0.19126260277948953, -0.16197054096742233, -0.04742161069857443, -0.6049967976309669, -0.2914227282984181, -0.04320886987787665, 0.29422001069564857, 0.47054612354481795, 0.6374637955780759, 0.15891939156939908]], "inverted": false, "swapped": true, "error_lsq": 0.036745335457111575, "error_max": 0.19401817496923246, "target": "211.xyz", "model": "16.xyz", "model_rescale": 3.7852294659196426, "target_rescale": 3.9683911145219586},
{"mapping": [4, 9, 12, 1, 5, 10, 11, 13, 0, 7, 8, 3, 14], "R": [[0.3448605461043147, 0.7340704387983172, 0.5849887132441787], [0.3005022192264316, 0.5040793848139714, -0.8096927750977885], [-0.8892522814031032, 0.4550214991492317, -0.046752704000541635]], "T": [0.10325631071564056, 0.12515665033596599, -0.04599613737311255], "aligned_model": [[-0.03284141179875599, -0.4168541481503607, 0.21508744701151075, 0.16866252896805295, -0.6121616610874552, -0.628520818365969, -0.29899439730977423, -0.13317254123442196, 0.6063672672826466, 0.44208634351505216, -0.06635623281700534, 0.6157574706155341, -0.005293996412771285], [-0.1704261457443573, -0.47266819711573227, -0.3139057674413456, -0.7133524909956496, 0.09560205167817445, -0.03311152174329887, 0.6948956660034613, 0.15215009689122933, -0.07583513268269856, 0.4332966284311458, 0.8376990072296591, 0.24571968974029265, 0.19499173945199388], [-0.6495867776107038, -0.10527963113292904, 0.49837403988525747, 0.008530729611686036, -0.3093058779558356, 0.2852162225736653, 0.33947302830843556, 0.6040495732137295, -0.17170299645595832, -0.5430791085456426, -0.17952448037479807, 0.33109895438472503, -0.012508978758457572]], "inverted": true, "swapped": true, "error_lsq": 0.04410239171114901, "error_max": 0.3596982068957387, "target": "211.xyz", "model": "17.xyz", "model_rescale": 3.901054581598922, "target_rescale": 3.9683911145219586},
{"mapping": [6, 4, 12, 11, 1, 8, 0, 7, 3, 8, 5, 13, 10, 9, 14], "R": [[0.5749448634539672, -0.22047908890220003, -0.7879259961092506], [0.7900169767590116, 0.4001371504042457, 0.4645034308796025], [0.21286516958030155, -0.8895387749970352, 0.404239022555126]], "T": [0.048074786277863525, 0.08107900731466575, 0.08380596368432651], "aligned_model": [[-0.28794533121117344, 0.20334137895202542, -0.1394753773655809, 0.1245996545723799, -0.48784837227267863, 0.21532653224960582, -0.5946850286582331, -0.5422264669908133, -0.333106477875889, 0.21532653224960582, 0.5755526235325368, 0.31763558309056955, 0.6477755991328694, 0.5826616182395211, 0.059081931219717304], [-0.23310693246853606, 0.518278036991532, -0.5764320964788372, -0.6438095012139906, 0.3714340436601542, 0.7228062711606594, 0.3653624823504523, -0.2125574804974711, -0.06840471302886303, 0.7228062711606594, 0.2662081713837733, -0.10493380388606846, -0.0520069523054745, -0.28396189530813387, 0.02903737891637341], [-0.5095770670431631, -0.5567588367525776, 0.37445900182908376, -0.24086553747073802, -0.25407844026746373, 0.058681783180058525, 0.36937074551916205, 0.013101881680340197, 0.728601552009169, 0.058681783180058525, 0.3623384946602005, 0.7320639441145543, -0.45942585657466045, 0.2068981236289147, 0.09700914955935552]], "inverted": true, "swapped": false, "error_lsq": 0.04552928361914858, "error_max": 0.38243615029045996, "target": "211.xyz", "model": "18.xyz", "model_rescale": 3.9405287249114394, "target_rescale": 3.9683911145219586},
{"mapping": [12, 4, 3, 1, 13, 9, 11, 14, 10, 7, 8, 2, 0, 6, 15], "R": [[-0.29019207374225114, -0.1172038793029358, -0.9497640817663694], [-0.1597949120159602, 0.9844722786966777, -0.07266304818532382], [0.9435328009300915, 0.13068122724444398, -0.3044146356778902]], "T": [0.019069864923487397, 0.07904446301707196, 0.0013857504459629383], "aligned_model": [[-0.2132976630935484, 0.25708438877096934, -0.2972130653274831, 0.32319800720913744, -0.5115319331836793, 0.017226283206816413, -0.3973660414889665, -0.7330738710383001, -0.363291372137592, 0.19750816670681628, 0.70299180454142, 0.26310511671008835, 0.6224091745406158, 0.6688097313306269, 0.019455672117541376], [-0.1945578802179152, 0.22384995149564316, -0.7112553756429236, -0.5064784979065009, 0.4737224340205163, 0.7889643628305967, 0.37381278154805964, -0.09103667037634014, -0.2562643198685047, 0.7176199024065499, 0.3832420269605252, -0.27350379696980637, -0.05907298463723076, -0.11145162889636459, 0.06312897568992465], [-0.41248156151400467, -0.6746656422456114, 0.030019086259486807, -0.012338654117089495, -0.11702403133752369, 0.2929679584281103, 0.5102137922642852, 0.07273818974023506, 0.6007787279318862, -0.23527165933991223, 0.11086989603823878, 0.7573499052037936, -0.2979126058477844, 0.31734904033762124, 0.037908279450563236]], "inverted": false, "swapped": false, "error_lsq": 0.04429821313307641, "error_max": 0.28495404208856195, "target": "211.xyz", "model": "19.xyz", "model_rescale": 4.410303926677745, "target_rescale": 3.9683911145219586},
{"mapping": [13, 3, 12, 11, 9, 2, 10, 0, 7, 6, 8, 5, 4, 14], "R": [[0.35333763810725105, -0.1503523686929406, 0.9233345432318729], [-0.34043360336254036, -0.939992347479796, -0.02278921633183187], [0.8713538174578601, -0.30628181778852714, -0.3833196745456324]], "T": [0.1324176291021356, -0.054640870779819085, 0.02608171469354883], "aligned_model": [[-0.2941443090209115, 0.16809133650998945, 0.27722776309939745, -0.66223428969541, 0.29953158877764163, -0.1771704914643932, -0.29875961318228184, 0.6076267957266202, 0.30996959715748984, 0.0407690216225545, -0.415345193644169, -0.12891198895552095, 0.5263450450081324, 0.008192627521733803], [0.043801790132231684, -0.5892434557585732, 0.03097108945200485, -0.08999103854580418, 0.7129830450155394, -0.7915235755190471, 0.5931873604414843, -0.3399046844547807, -0.44298191339019016, 0.11019509543657963, -0.29625415538410854, 0.5816527119684219, 0.2966992798145059, -0.00864308302706171], [-0.5101464359111855, -0.3376778986925584, -0.6619019457192205, -0.02159793885215703, -0.09329340275306372, 0.12105063123834733, -0.2281877818852399, -0.019976405577949503, 0.5500225994515707, 0.7886423606761479, 0.4686805786728134, 0.3560297036943393, 0.46379706737457327, 0.04137390700860336]], "inverted": true, "swapped": true, "error_lsq": 0.050187428502214255, "error_max": 0.311173766964327, "target": "211.xyz", "model": "20.xyz", "model_rescale": 4.121658175737393, "target_rescale": 3.9683911145219586},
{"mapping": [2, 11, 13, 3, 12, 7, 10, 0, 6, 4, 9, 1, 14], "R": [[0.47895354778087645, -0.5013724363121413, -0.7205755888000507], [0.8197040866778952, 0.5491877409268024, 0.16272072854825045], [0.3141475916693772, -0.6685944251354053, 0.6740124519073718]], "T": [0.04690938292739753, -0.09957191260588252, 0.02985543056581607], "aligned_model": [[0.07544431119375626, -0.2355480238748216, 0.28973160719421254, 0.5436241539698584, 0.6628370074593332, -0.19614985367450194, -0.12942131551724728, 0.3784670148249051, -0.6911365258871464, -0.2722161373005636, -0.03087248750160977, 0.5195650159937055, -0.033241862215585505], [-0.6236538015980563, 0.17917891605718858, 0.3908551311101781, -0.3635229989069928, 0.24984851322601395, -0.7267105833007241, 0.695085225466182, -0.4750145827293847, -0.30395135402602613, -0.1713161703218059, 0.511783572791823, 0.20407495963376385, -0.02582992323897601], [0.6400881333511039, 0.7208767360507915, 0.4537721160569048, 0.35078821771243474, 0.017228990533238724, -0.03697878730697333, 0.11746665141616244, -0.21187351693595974, -0.14503419811394053, -0.5728261638260461, -0.4717603799819776, -0.598431098189744, 0.10679303871579462]], "inverted": false, "swapped": true, "error_lsq": 0.058365448116491365, "error_max": 0.37560411343717554, "target": "211.xyz", "model": "21.xyz", "model_rescale": 4.08911054899281, "target_rescale": 3.9683911145219586},
{"mapping": [9, 15, 10, 5, 3, 4, 13, 12, 7, 2, 1, 6, 11, 8, 16], "R": [[0.9996042619891121, 0.022398500441298756, -0.01701841917404275], [-0.027246948513128165, 0.9213533907630631, -0.3877699487146075], [0.006994512844024884, 0.3880801933974311, 0.9215990669931731]], "T": [0.05384176317236126, 0.07468367889703714, 0.062293044414546264], "aligned_model": [[-0.22775147612666605, 0.2779773899442402, -0.24601153817054447, 0.21019366547327784, -0.5510628706263093, -0.09171916883280784, -0.5007220607998941, -0.6562639959544366, -0.3227075466476202, 0.23164507053475503, 0.7682526962442331, 0.2937681091987764, 0.6624234333114964, 0.6704925627732112, 0.037500128542750366], [-0.40838172790372534, 0.358963291190817, -0.6484670984922345, -0.5885296933240391, 0.672639055855019, 0.7001121001549675, 0.3111733315490955, -0.11480352776254918, -0.13763907383358895, 0.7534661714012614, 0.41698933050589404, -0.2686683988979186, -0.11378336961074664, -0.2116122915304014, 0.09926118113437826], [-0.3791825176452502, -0.5705223636942074, 0.2579364957488276, -0.12054885314233375, -0.11325915429117044, 0.334218568822165, 0.3329618001992067, -0.007089340968101432, 0.6270282513535316, -0.10768972275318582, 0.11171207769174132, 0.6788227093193814, -0.36197285411593044, 0.19844893568891092, 0.09963668903870929]], "inverted": true, "swapped": false, "error_lsq": 0.03617511203101558, "error_max": 0.27226625095593243, "target": "211.xyz", "model": "22.xyz", "model_rescale": 4.204369325754507, "target_rescale": 3.9683911145219586},
{"mapping": [12, 4, 3, 1, 13, 9, 11, 14, 10, 7, 8, 2, 0, 6, 15], "R": [[-0.29019207374225114, -0.1172038793029358, -0.9497640817663694], [-0.1597949120159602, 0.9844722786966777, -0.07266304818532382], [0.9435328009300915, 0.13068122724444398, -0.3044146356778902]], "T": [0.019069864923487397, 0.07904446301707196, 0.0013857504459629383], "aligned_model": [[-0.2132976630935484, 0.25708438877096934, -0.2972130653274831, 0.32319800720913744, -0.5115319331836793, 0.017226283206816413, -0.3973660414889665, -0.7330738710383001, -0.363291372137592, 0.19750816670681628, 0.70299180454142, 0.26310511671008835, 0.6224091745406158, 0.6688097313306269, 0.019455672117541376], [-0.1945578802179152, 0.22384995149564316, -0.7112553756429236, -0.5064784979065009, 0.4737224340205163, 0.7889643628305967, 0.37381278154805964, -0.09103667037634014, -0.2562643198685047, 0.7176199024065499, 0.3832420269605252, -0.27350379696980637, -0.05907298463723076, -0.11145162889636459, 0.06312897568992465], [-0.41248156151400467, -0.6746656422456114, 0.030019086259486807, -0.012338654117089495, -0.11702403133752369, 0.2929679584281103, 0.5102137922642852, 0.07273818974023506, 0.6007787279318862, -0.23527165933991223, 0.11086989603823878, 0.7573499052037936, -0.2979126058477844, 0.31734904033762124, 0.037908279450563236]], "inverted": false, "swapped": false, "error_lsq": 0.04429821313307641, "error_max": 0.28495404208856195, "target": "211.xyz", "model": "23.xyz", "model_rescale": 4.410303926677745, "target_rescale": 3.9683911145219586},
{"mapping": [7, 1, 12, 0, 11, 9, 14, 13, 6, 10, 8, 5, 3, 4, 16], "R": [[-0.3110879411865963, -0.9353360062962515, -0.168436481125864], [0.7393697473843237, -0.349540111276092, 0.5754598919663632], [-0.5971236634911783, 0.05448179452694252, 0.800296860273735]], "T": [-0.004955644982216609, 0.09389847059546172, 0.10387736748773221], "aligned_model": [[-0.3631755111434815, 0.12430708059708269, -0.1796886619001256, 0.18473098595905496, -0.31754813653116454, 0.008848290799059702, -0.5293022900342873, -0.6488988617222184, -0.4060878391273741, 0.3758700441664014, 0.5910208303270081, 0.23938617578630994, 0.7324114879972887, 0.6655876684004917, 0.0785531352904174], [-0.1607362775043152, 0.13803957112918933, -0.6820977013691373, -0.5596927014358676, 0.5454890578714617, 0.6818250451322727, 0.3976585642495626, -0.17602418686943996, -0.2227058868311432, 0.575183189854371, 0.5559031644868871, -0.28984137865510484, -0.09565007333655617, 0.048033609793237564, 0.06533528392081134], [-0.3948916865140838, -0.7432814491398345, 0.2199555681920494, -0.22357243472786, -0.21088184575582156, 0.31968232094974636, 0.40544061349182514, 0.1855199815490257, 0.6666852684971047, -0.11319579936613725, 0.4310934596267607, 0.5382076981677414, -0.37530114343371734, 0.25271436696192917, 0.022325802753566215]], "inverted": false, "swapped": false, "error_lsq": 0.03938046749906598, "error_max": 0.26320490700789123, "target": "211.xyz", "model": "24.xyz", "model_rescale": 4.28219845311461, "target_rescale": 3.9683911145219586},
{"mapping": [13, 7, 14, 12, 4, 1, 0, 2, 6, 3, 5, 10, 9, 11, 15], "R": [[0.2662571577339641, 0.7505334411470848, -0.6048195430666463], [0.13698015947533732, 0.5916395890051473, 0.7944803538363499], [0.9541192597707806, -0.2943843583510104, 0.05472008491149988]], "T": [0.05478116501230292, 0.06137408105435332, 0.0385314534415726], "aligned_model": [[-0.14860508187067847, 0.06585470158750559, -0.11688856320893184, 0.3219577396810246, -0.4113582475099527, 0.128329091870272, -0.6032097253174447, -0.5804060790746501, -0.3961031139867641, 0.24207255942876785, 0.7589668641982048, 0.23964027945478752, 0.6090382831822079, 0.4539375049438261, -0.007211814513712091], [-0.2535281921569791, 0.24842875369351686, -0.6331010294568437, -0.5986127194785136, 0.5362304887404756, 0.6358080444139822, 0.4208674682941889, -0.1933750058190969, -0.046617577356594504, 0.7704899219637305, 0.3608662160036528, -0.34407666862429376, 0.10852184721121488, -0.2854198855941195, 0.0942376186019086], [-0.4223232414918683, -0.7167393138874681, 0.3000241879248412, -0.23977413634006106, -0.2645758100783728, 0.31146683597838226, 0.3600383193242502, 0.059027601232909996, 0.8113433992771467, -0.2107114052500007, 0.41230630957787656, 0.6951452030847259, -0.3454604982752303, 0.16847464194055747, 0.06225862823460551]], "inverted": true, "swapped": false, "error_lsq": 0.04343881449150559, "error_max": 0.2487672149157495, "target": "211.xyz", "model": "25.xyz", "model_rescale": 4.100010024507729, "target_rescale": 3.9683911145219586},
{"mapping": [7, 4, 1, 9, 2, 3, 0, 13, 5, 11, 8, 14], "R": [[0.876592920746002, 0.3999661206742503, -0.26760409864347157], [0.45944092780363444, -0.8610125157540408, 0.21810887550449098], [-0.1431743173789536, -0.31414097158391974, -0.9385182815562955]], "T": [0.004868528849210508, 0.0510123740258907, 0.018771894501830734], "aligned_model": [[-0.6448594327392394, -0.08693909081465866, 0.5796502648594368, 0.6062461928228334, -0.5574519040329197, -0.08188953113601467, -0.15269983454280697, 0.4706261138444798, 0.18530413767187942, 0.0187072601475531, -0.48447277102589903, 0.024544197308362947], [-0.08903883281743252, -0.6249899128260947, -0.27840371479420034, -0.459508387562849, 0.6260457694262639, 0.5909644345445239, 0.02822369031514637, 0.5088466504946098, -0.4239171415851057, 0.49350020127067307, 0.22081213190236315, 0.07359650168274173], [0.14160003805576132, 0.08809511959438843, 0.5397898683582881, -0.07681799798320546, -0.012729613191941845, 0.3656413295437208, 0.5516634713089303, -0.2106716091182283, -0.5503619337290313, -0.6438046429851126, -0.5160439412188762, -0.11116779878033664]], "inverted": false, "swapped": true, "error_lsq": 0.05027512465992389, "error_max": 0.27359702005546943, "target": "211.xyz", "model": "26.xyz", "model_rescale": 3.6694154284099745, "target_rescale": 3.9683911145219586},
