[{"mapping": [6, 8, 7, 3, 5, 0, 9, 4, 11, 1, 2, 12], "R": [[0.13021048249565587, -0.4691774027472452, -0.8734516557884574], [-0.34956105669650706, 0.8026606256415527, -0.48326285568615], [0.9278212639778579, 0.36825057338184897, -0.05949132133739818]], "T": [-0.059514266443737994, -0.11727275638631149, 0.016191022100689654], "aligned_model": [[-0.35258058898837735, 0.19554994034989512, 0.4523395665382623, -0.19328290810457444, 0.059907245198779165, -0.6376167368251935, 0.36192923835979157, -0.16813313824522388, 0.5344318838351007, 0.12944205469042466, -0.5894782711152059, 0.04513417676687031], [-0.20486581590187364, -0.7664719675202649, -0.22161283618245406, 0.6666189927637893, 0.26654553297809314, -0.5406706520734604, -0.2787904874689919, -0.46606239882388445, 0.21020315165311929, 0.3506878888355234, 0.1611341765535537, -0.12316054883609225], [-0.4438608529438966, -0.13448072214230425, -0.5312298572489493, 0.027818152918382487, -0.7052868551900084, 0.07260461165462617, 0.45632638302253387, 0.7493500650525396, -0.08273273974749959, 0.6183766330949273, 0.1657325689969039, -0.010665642113692433]], "inverted": true, "swapped": true, "error_lsq": 0.04263792490746345, "error_max": 0.22895827940867355, "target": "212.xyz", "model": "0.xyz", "model_rescale": 3.751011558992144, "target_rescale": 4.131683957287974},
{"mapping": [4, 5, 8, 2, 10, 0, 1, 7, 6, 9, 12, 3, 14], "R": [[-0.12859806538906593, 0.16697109159473222, 0.9775393558061245], [-0.9545880100036159, 0.24628539989778064, -0.1676461540105434], [-0.26874573249732925, -0.9547063194348584, 0.12771677609311982]], "T": [-0.06763838889399451, 0.03577245367835293, 0.11285014464070531], "aligned_model": [[-0.16156222720624908, -0.3936425223664973, 0.048575576410744864, 0.2542333151577679, -0.7708715492776441, 0.6804283926903836, 0.452156884258447, 0.3137842445925333, -0.033449910182019024, -0.6646661743695798, -0.11436844120688539, 0.3468744969921249, -0.09626092791357124], [-0.04412751099615136, -0.48497264108148685, -0.5013828299979276, -0.6505062559301037, 0.11711088852691254, -0.009912170954617737, 0.24082990931403084, 0.5638505047403571, 0.7152831444131104, -0.008617540001802364, 0.4639441652390101, 0.008985652341368132, 0.06228812741758068], [-0.6684105533030185, 0.2252418624762667, -0.259140134300393, 0.4432411869785306, -0.30103501972505375, 0.23038109316755057, -0.303622979741213, 0.2366539024512065, -0.20467483763734207, 0.38812632080836446, 0.7182098655565115, 0.753839555022241, 0.15134016606957862]], "inverted": true, "swapped": false, "error_lsq": 0.04612141056306877, "error_max": 0.23754509649066755, "target": "212.xyz", "model": "1.xyz", "model_rescale": 3.9405287249114394, "target_rescale": 4.131683957287974},
{"mapping": [7, 5, 6, 11, 1, 10, 3, 8, 4, 2, 8, 9, 12], "R": [[-0.1833807520685486, 0.6732863044197188, -0.7162800095295214], [-0.5728162366506506, 0.5189692371638743, 0.6344702435157477], [0.7989074156622651, 0.5266464498678256, 0.29050035807457547]], "T": [-0.09938960189141484, -0.05249082416192256, 0.01507923850612329], "aligned_model": [[0.026000229244941567, -0.3504290618982161, 0.02176068036523897, 0.2428950589417444, -0.7956523217784901, 0.6792705923825766, 0.3574315528266996, 0.20839646390221422, -0.17597961666753237, -0.6678684514722733, 0.20839646390221422, 0.27396174500809495, -0.16695217717765704], [0.07930533420145641, -0.48310168985725005, -0.46308098386448476, -0.6134207268664164, 0.11777486438949222, 0.07343723805196381, 0.16650182854969175, 0.5170155718473675, 0.6249998953975809, -0.0448827472938371, 0.5170155718473675, -0.0035149645288073267, -0.015275748843843986], [-0.7568126036870639, 0.543879533741823, -0.3197252167419831, 0.29042110645838115, -0.32175032159190414, 0.3139396479159611, -0.2497911623113898, 0.44124818706708063, -0.14873778267955984, 0.3905037212815597, 0.44124818706708063, 0.728235072830977, 0.05749205847226737]], "inverted": true, "swapped": false, "error_lsq": 0.05943731200214057, "error_max": 0.5240606052373491, "target": "212.xyz", "model": "2.xyz", "model_rescale": 3.932901565614263, "target_rescale": 4.131683957287974},
{"mapping": [10, 3, 1, 0, 11, 4, 6, 5, 12, 8, 9, 7, 13], "R": [[-0.1782188439072196, -0.8318834434270049, -0.5255549259862411], [0.05575872067262694, -0.5417851004015102, 0.8386655293094367], [-0.9824097967474297, 0.12016173074217423, 0.14294107079394341]], "T": [-0.027177681779156748, -0.058038399457324995, 0.12589738866695765], "aligned_model": [[-0.18970068144980845, -0.2937700422423359, 0.04699708803126648, 0.2833020581266368, -0.8525000000252745, 0.7954227982222721, 0.4199932355497773, 0.3791595612601723, 0.0014319332181716993, -0.6456851866760303, -0.20256471630312478, 0.11973199073893909, -0.0005868808711057341], [0.18075157443098624, -0.43851434391931315, -0.5646181223935035, -0.6396736169434896, -0.052366301391198376, -0.14804035519429834, 0.23183896776078153, 0.5263236411725709, 0.6345569485869567, 0.02748048909402232, 0.5752149727512239, 0.0989500810066109, 0.04086950806893092], [-0.5296261145346479, 0.3376804076029607, -0.4094937849114165, 0.24528387881915126, -0.21545228055188093, 0.4059946981911914, -0.30153862215999316, 0.22694557541332128, -0.19445083429777182, 0.5118011481965781, 0.4545651450657786, 0.8067165368035186, 0.07172467418644006]], "inverted": false, "swapped": false, "error_lsq": 0.047102147986919064, "error_max": 0.27038642349482955, "target": "212.xyz", "model": "3.xyz", "model_rescale": 3.9243930471874484, "target_rescale": 4.131683957287974},
{"mapping": [5, 10, 6, 3, 11, 2, 0, 7, 1, 9, 8, 4, 12], "R": [[0.5997241915494295, -0.480694985518643, -0.6397368404020632], [-0.2756853405060276, 0.6264043307039132, -0.7291194740956096], [0.7512180023804401, 0.6136366558254277, 0.24314927005221873]], "T": [-0.11540151404757937, 0.016242748700187958, 0.15630977685316427], "aligned_model": [[-0.025186196825168067, -0.4196741764854027, -0.18553086282015518, 0.33416112367220735, -0.8354289616823726, 0.800301373333161, 0.5593308969268279, 0.37802082892625966, 0.08109181440852778, -0.6704492904900966, -0.33005743834120765, 0.24814823965819655, -0.07349619270122168], [0.03461736658935418, -0.4649200732472033, -0.551727073037912, -0.4833951257028214, -0.17090647368128586, 0.0999998694257764, 0.0969578197636258, 0.5569103053677202, 0.6242443643428583, 0.4516806375760369, 0.276425108279879, -0.03149128752537642, 0.03437800487962864], [-0.595452598988278, 0.5722763682851372, -0.28415437693490053, 0.12154198150826978, -0.113263449936984, 0.23172500796672818, -0.3551035630632675, 0.4836196354482642, -0.16288406273436218, 0.15452020303910788, 0.6878775927011704, 0.6231291292863753, 0.04631856124596827]], "inverted": false, "swapped": false, "error_lsq": 0.05680554941537914, "error_max": 0.36179234226376067, "target": "212.xyz", "model": "4.xyz", "model_rescale": 3.8936222436046832, "target_rescale": 4.131683957287974},
{"mapping": [0, 8, 4, 2, 9, 10, 7, 11, 3, 6, 1, 12], "R": [[-0.5509027848605055, 0.8028338713390444, 0.22795590947308686], [0.4976682577318552, 0.5352851451809547, -0.6824925776847275], [-0.6699495703999513, -0.2625406413859896, -0.6944350111720707]], "T": [0.014325326526434493, -0.11170594712481992, -0.057347974826684175], "aligned_model": [[0.06800064881327984, -0.5881672809285551, -0.3367829184335852, 0.5255808185112395, -0.4767743485392132, -0.7435901038219956, -0.26755232540312474, -0.10958925818334134, 0.668023053933559, 0.24580370213808983, 0.09415962136434926, -0.05156356723560507], [-0.557046291565441, -0.49268808137597503, 0.15238584406599381, -0.061266048318435615, 0.27428470630504215, 0.17939233937428573, -0.34595327260881764, 0.25422902278909953, 0.30058745651242763, -0.604877796893858, 0.6609306612459215, -0.09105563442043599], [-0.6189899202071193, -0.02456671217617902, -0.7486894117389763, -0.3991206760892212, -0.14251877818197145, 0.4247089356410924, 0.6046369174363003, 0.508810292732664, 0.13029249135376397, 0.034344061014765434, -0.1755779356428256, 0.025955455133225044]], "inverted": true, "swapped": true, "error_lsq": 0.04193612776524491, "error_max": 0.23305110309284405, "target": "212.xyz", "model": "5.xyz", "model_rescale": 3.6523030999806103, "target_rescale": 4.131683957287974},
{"mapping": [6, 3, 1, 0, 2, 5, 8, 9, 10, 4, 11, 7, 12], "R": [[-0.7037738818929208, -0.6676984451415762, -0.2426543004376611], [-0.10025561663085064, 0.43148850524885785, -0.8965302455422651], [0.7033143923590196, -0.606627114621188, -0.3706108596722917]], "T": [0.020348757803282207, 0.08392688010220092, 0.049930152199585326], "aligned_model": [[-0.017593207797033487, -0.23679677984487563, -0.05741545047813706, 0.12645835605872363, -0.6327311135762961, 0.5912832115285066, 0.5875750460602931, 0.3264108120209053, -0.34124330841671796, -0.522440554993561, -0.23791185447700097, 0.2233515674427073, 0.05228443405204206], [0.23450567031412903, -0.3783344995162944, -0.5060194021359874, -0.8556124909287891, -0.16974656597743484, -0.27887766041137263, 0.23591222014416185, 0.7182042963843706, 0.7365196891261323, 0.18003924603781893, 0.5154200083904423, 0.027911899037247057, 0.012851032565857415], [-0.5813470430615821, 0.5002981043551807, -0.3082471474400572, 0.35516818053068444, -0.24221381669594674, 0.12936720223896292, -0.2800060491924331, 0.21327351246606724, -0.17820762398839876, 0.2089074365980364, 0.772207203977931, 0.6999072601595318, 0.1210432078752531]], "inverted": false, "swapped": false, "error_lsq": 0.05780685141701209, "error_max": 0.3715896161726141, "target": "212.xyz", "model": "6.xyz", "model_rescale": 4.08911054899281, "target_rescale": 4.131683957287974},
{"mapping": [1, 7, 13, 12, 2, 10, 11, 8, 9, 6, 3, 4, 14], "R": [[0.5380404606919413, -0.34106259780979997, -0.7708364074391103], [0.6675840011030912, 0.7307414137927801, 0.14264847576934275], [0.5146300264555026, -0.5913487046940743, 0.6208563805962288]], "T": [-0.0015842181706632163, 0.00284822504690916, 0.15276799831687216], "aligned_model": [[-0.2720680459228205, -0.43791290172140374, -0.07198635384036477, 0.40217844859267615, -0.7281559241248746, 0.6983500313100572, 0.42463159296240377, 0.39854196331604663, 0.12601729372241455, -0.45066345950244663, -0.3155880197440289, 0.0488545946902746, 0.03903193784162173], [0.2093838112244273, -0.5940827075806974, -0.5307976372553717, -0.5722530925541094, -0.1945932514086225, -0.06902071389201328, -0.0051337421956943255, 0.49942449297437363, 0.6935451955725237, 0.07361325639441837, 0.6501626569994866, 0.19297384495931977, 0.11955132979223965], [-0.49694548424466845, 0.382070650112843, -0.3433772982368928, 0.03345286334680214, -0.13576269809704655, 0.30833727716599796, -0.25072603323288506, 0.3945530729287664, -0.1953883702549657, 0.3588337931415623, 0.4826726437057476, 0.8296414462466575, 0.04278856524131176]], "inverted": true, "swapped": false, "error_lsq": 0.052678913593728074, "error_max": 0.3024786138111871, "target": "212.xyz", "model": "7.xyz", "model_rescale": 3.964800864290218, "target_rescale": 4.131683957287974},
{"mapping": [11, 8, 10, 5, 12, 3, 6, 0, 2, 7, 1, 1, 13], "R": [[-0.9190360266028672, -0.019899591798958755, -0.3936709133937241], [0.34581018936232755, 0.4386181148270041, -0.8294754139085718], [0.189177416039033, -0.8984532016704265, -0.39622436783841897]], "T": [0.003603203470583294, 0.08026188684143262, 0.004506179921037565], "aligned_model": [[-0.11672526531551727, -0.4170595409451767, 0.18694553969777367, 0.2569279727109365, -0.7033168224333728, 0.7219246119721536, 0.3684526555314474, 0.4859127114549222, -0.1152518663573176, -0.5842780772508428, -0.0991117304427952, -0.0991117304427952, -0.024077300599859852], [-0.07918359982548182, -0.46728268515053406, -0.6926147902291087, -0.6058668573941509, 0.09725964310559446, 0.013475684750991673, 0.23914581056181985, 0.5193700793514763, 0.7235448694878299, 0.2553972912241863, 0.2297906127305175, 0.2297906127305175, 0.009946771686622932], [-0.8000008249427011, 0.3425821751499443, -0.20568716629711886, 0.4096291619788365, -0.2612946676067752, 0.07878035444396249, -0.41756798334015993, 0.30068333349843757, 0.10779802068230905, 0.36585968394547347, 0.7326618594687233, 0.7326618594687233, 0.024044621373574757]], "inverted": false, "swapped": false, "error_lsq": 0.05595457569221992, "error_max": 0.3774870787061238, "target": "212.xyz", "model": "8.xyz", "model_rescale": 4.121658175737393, "target_rescale": 4.131683957287974},
{"mapping": [9, 0, 5, 10, 4, 11, 7, 8, 6, 1, 2, 2, 12], "R": [[0.6433068404681324, 0.5057594712584952, 0.5747727083284631], [0.7194851594429843, -0.656002845621398, -0.22803809304134195], [0.2617201068856049, 0.5602388988359839, -0.7858975517730233]], "T": [0.07961029470662216, 0.005545339159787704, 0.0987573043262234], "aligned_model": [[-0.1449672625973798, -0.4719119054954215, -0.0069272505157346315, 0.33755725465824304, -0.7304484192736923, 0.695359858864173, 0.5505194017491776, 0.4172696312789915, -0.12458144596127939, -0.541241239737928, -0.05896438627356489, -0.05896438627356489, -0.0014686928424637452], [0.2204557556521991, -0.46440410269962223, -0.5097266142346946, -0.6868545028403357, -0.12889137919343963, -0.04983464335796178, 0.06742469280142675, 0.6375802952188938, 0.6290855285152355, 0.19655070846051617, 0.2661169278976487, 0.2661169278976487, 0.029153848912765828], [-0.6736210036766445, 0.4050170436041832, -0.2309758811248311, 0.2734760933710365, -0.23867352767005232, 0.24304038139912262, -0.3804362565763426, 0.2294145830066352, -0.12414495092382541, 0.3289572973533096, 0.7274432002971385, 0.7274432002971385, 0.12321024846636183]], "inverted": false, "swapped": false, "error_lsq": 0.04527256533480698, "error_max": 0.3620232299597453, "target": "212.xyz", "model": "9.xyz", "model_rescale": 3.833441315466971, "target_rescale": 4.131683957287974},
{"mapping": [12, 13, 1, 5, 10, 4, 6, 3, 7, 8, 9, 2, 14], "R": [[0.6766887242998731, -0.12778017229317837, 0.7250962680735135], [-0.20505429148147308, -0.9785677795614581, 0.01891661569068462], [0.7071386766048381, -0.16148476204547485, -0.6883876550873607]], "T": [-0.05182896751957822, 0.025818768779723965, -0.022585519460984818], "aligned_model": [[-0.11415334778490238, -0.2936068586131933, 0.15952230130867423, 0.251436900261164, -0.8528865519358759, 0.7370259414975532, 0.4825326745601616, 0.44647809663663585, 0.0035563226895865274, -0.6886744557555382, -0.21177139605721151, -0.020983159171087673, -0.03724531005641041], [-0.0026777195622375988, -0.5259496919048874, -0.5561157744558562, -0.4786004396270393, -0.08255235766586502, 0.018105778656872906, 0.028349247910819265, 0.4871625073672999, 0.689616709576286, 0.3414567826022077, 0.5018901521652875, -0.032732159320062584, 0.08482040728745542], [-0.6211869553826611, 0.49969942057339284, -0.42544003596503194, 0.31062053855191896, -0.17197289818459233, 0.0938662834154722, -0.44172845473978295, 0.5188698105762081, -0.007795651155056357, 0.2973517098832095, 0.6143482165018347, 0.6931452817859761, 0.050373161962342025]], "inverted": true, "swapped": false, "error_lsq": 0.043999310542234535, "error_max": 0.24482779181649322, "target": "212.xyz", "model": "10.xyz", "model_rescale": 4.2482417240324, "target_rescale": 4.131683957287974},
{"mapping": [8, 7, 11, 5, 4, 1, 9, 3, 6, 2, 0, 12], "R": [[-0.625549632841369, 0.5802102928507691, -0.521578060238401], [0.625179347394198, 0.7727215123350357, 0.10978273072947262], [0.46673165785469606, -0.2574052844148308, -0.8461111505656495]], "T": [-0.051261969444437595, 0.06034220661965307, -0.07966954001319111], "aligned_model": [[-0.5826253660183816, 0.08695959887392243, 0.34913081719889866, 0.5625338745289729, -0.6350762859890602, 0.2040516374528288, -0.30732513110674087, 0.6652707470962531, -0.008708336668755541, 0.10524458371705611, -0.5255944786253554, -0.03709605809663189], [-0.39144985219803885, -0.6387486826817327, -0.13430529597610585, -0.4699531722325857, 0.6088004599355522, 0.6689731500440939, 0.22280510708636309, 0.3940504832620211, -0.2544626850686462, 0.4855361789407056, 0.1790967922397705, -0.004211093300757814], [0.07118209639858773, 0.1747268913406576, 0.441479552447611, -0.2350715258512835, 0.09158712237527901, 0.34659622649976657, 0.47301409855450766, -0.16761933407571528, -0.5316598161518328, -0.49853792688891047, -0.6065060958330547, 0.0060010010387438195]], "inverted": true, "swapped": true, "error_lsq": 0.047057606838600025, "error_max": 0.21114711980915496, "target": "212.xyz", "model": "11.xyz", "model_rescale": 3.6694154284099745, "target_rescale": 4.131683957287974},
{"mapping": [11, 10, 9, 7, 8, 5, 6, 0, 4, 2, 1, 12, 13], "R": [[0.32747998900325626, 0.9440651356856603, 0.03870240800315744], [-0.48666381315479745, 0.13342225955951034, 0.8633405085015223], [0.8098859115752413, -0.30156180168723357, 0.5031354588926228]], "T": [0.006176090022195034, 0.03962614358005241, 0.10539494524774952], "aligned_model": [[-0.08023587232327044, -0.21803635052718937, -0.2770305080840322, 0.34446521270877384, -0.6851107463599859, 0.7612229241311886, 0.45893124102444405, 0.40898950304534826, -0.08604470326337368, -0.5573726163735138, -0.3281478647922101, 0.08234844555547191, 0.03725249283790475], [0.022369202088507192, -0.48940560070722633, -0.5812800920061687, -0.619569310848313, -0.04811912468248482, -0.10059956043219749, 0.144201979901438, 0.5952423496315675, 0.6984142828313513, 0.09039843190140229, 0.6669319494411103, -0.05784897312177524, 0.15203790903306974], [-0.6275878783170578, 0.3762878804595972, -0.31763665675065295, 0.0489401774909896, -0.18959849375274918, 0.33951419416363104, -0.21698914423602678, 0.3048187409367727, -0.21890763355464582, 0.43119949348281306, 0.5649473506073844, 0.7735752159404465, 0.14158718135272735]], "inverted": true, "swapped": false, "error_lsq": 0.04664800130965784, "error_max": 0.30938166331864253, "target": "212.xyz", "model": "12.xyz", "model_rescale": 3.9764082729961374, "target_rescale": 4.131683957287974},
{"mapping": [6, 3, 14, 11, 4, 10, 13, 1, 9, 7, 2, 8, 15], "R": [[-0.0704272926641773, 0.7615090673463223, -0.6443166432720242], [-0.22682495933334526, 0.6167744073617794, 0.7537504681570371], [0.9713858318255526, 0.1992317012246307, 0.12929151153776067]], "T": [-0.010078593751959403, 0.17728261548688665, -0.009673476756681967], "aligned_model": [[-0.18324125195877886, -0.29332555441060326, 0.023678843555862146, 0.3979015957035175, -0.690433762305917, 0.6873177467372813, 0.38991428499477976, 0.34275878067747845, -0.01958802893982125, -0.6514980529409442, -0.17078060377680457, 0.12338615397518043, -0.09485899373167478], [-0.13399525954183975, -0.5142312077395879, -0.5795554472200632, -0.46585274257047793, 0.1962706511177241, 0.0937507790044271, -0.07872238014308322, 0.5311630942676301, 0.7749025796810624, 0.14763091001559916, 0.4846630269353235, -0.09427634732084098, 0.1110257865444067], [-0.6855281830505573, 0.3776548579645934, -0.2643588156348141, 0.21499021629964893, -0.2390640190726761, 0.3812327466836056, -0.3956108879405351, 0.382241019281227, -0.07493507003007856, 0.3887428289580121, 0.7086242752500216, 0.6291502293481174, -0.012988770233334952]], "inverted": true, "swapped": false, "error_lsq": 0.047088404556631464, "error_max": 0.2628717990508969, "target": "212.xyz", "model": "13.xyz", "model_rescale": 4.170626492500431, "target_rescale": 4.131683957287974},
{"mapping": [2, 12, 4, 8, 6, 7, 0, 1, 3, 11, 9, 10, 13], "R": [[-0.7522212808110854, 0.6025162272677094, 0.26671584237539525], [0.6135017062281387, 0.7881040030834515, -0.05007730802471372], [-0.2403722137645973, 0.12596140759345886, -0.962473336070658]], "T": [-0.02782002868874881, 0.018562013957219785, 0.05022505031067037], "aligned_model": [[-0.006781197105756899, -0.2845973169626706, -0.04474618840101253, 0.35211220649047775, -0.7994077422953029, 0.7110164188245299, 0.4915786650365092, 0.4271124199338349, -0.29033625691244347, -0.5920453319514604, -0.0390645803822288, 0.06340878087068796, -0.12701871956560856], [0.07020434211359039, -0.5699441664681176, -0.6005089785805285, -0.5884448794130167, 0.0947149157779594, -0.028777779160692095, 0.12960759376366973, 0.625895310877312, 0.6263120975147888, 0.25808071173885316, 0.5288892521026608, -0.09715248963454631, 0.02389751239834749], [-0.6053835255519069, 0.4015539859451332, -0.29550279338830454, 0.24707631618837522, -0.27587677854924053, 0.3808448481182421, -0.22134866470944625, 0.17268812040846604, -0.14264451775245535, 0.40227654043993755, 0.679308596851142, 0.5948494740557945, 0.0723088257674929]], "inverted": true, "swapped": false, "error_lsq": 0.04472288246785497, "error_max": 0.21728875418885263, "target": "212.xyz", "model": "14.xyz", "model_rescale": 3.9786697098870705, "target_rescale": 4.131683957287974},
{"mapping": [6, 0, 3, 5, 2, 1, 8, 9, 11, 7, 4, 12], "R": [[-0.42331846155768504, 0.4311395770675409, -0.7968187655862886], [0.7768801308498968, 0.6252343214348333, -0.07442651134220091], [0.4661102255851957, -0.6505387831528153, -0.5996170021096572]], "T": [-0.013840044312317556, -0.0021709160567776565, -0.05382967069341342], "aligned_model": [[-0.1335348215098962, -0.6501234855390268, 0.6144469814784591, 0.5105759424698633, -0.029426088318547705, 0.36805685784221387, -0.44457521032528985, -0.053120290427730754, 0.5529985022282147, 0.2210680317702243, -0.5049038759821053, 0.031892053080957994], [-0.42778931944001575, 0.012523645128538447, 0.23466357406594768, -0.6045219201553864, 0.2822395655745698, 0.6737670786756784, -0.3514235412259793, 0.32176460402956175, -0.08503732038900508, -0.6180969521326434, 0.6192937186679616, -0.04270864257478842], [-0.3850852762766251, -0.38786288717356426, -0.4800694524591825, -0.2642327238608114, -0.6011894189166231, 0.06692524748110491, 0.3952907590463582, 0.48556311959997484, 0.32250213984665294, 0.317659402649576, 0.1550063349604563, 0.03545924897651319]], "inverted": true, "swapped": true, "error_lsq": 0.04954316757701749, "error_max": 0.2299826373250771, "target": "212.xyz", "model": "15.xyz", "model_rescale": 3.769337070930944, "target_rescale": 4.131683957287974},
{"mapping": [11, 10, 3, 1, 5, 7, 6, 8, 2, 4, 12], "R": [[0.7199295238847143, 0.36134198281427676, -0.592565145865816], [0.2493057423103645, -0.9314358986202336, -0.26509208515645305], [-0.6477253488093598, 0.04311772509496472, -0.760652834276208]], "T": [0.04829119241438274, 0.10808618522371889, 0.13000319156327075], "aligned_model": [[-0.23772224459323493, -0.3332728759401797, -0.1568965848923846, -0.6907502285584539, 0.474250693421714, 0.31384349483342056, 0.5909422294704114, 0.2724328130793488, 0.06695281283288163, -0.4035847364531612, 0.026430757490808497], [-0.0863524680721892, -0.6783248975027222, 0.7569245503586152, 0.3640779643273367, 0.226396748853321, -0.3769736553002952, 0.20750323638431498, -0.5439369187578877, 0.6906839902391652, 0.008076785687306978, 0.027989161408376415], [-0.46176393695187656, -0.22709532089294374, -0.2816061693864351, 0.0551356152747913, -0.5676137650459596, -0.3864750204930839, 0.10077575346611589, 0.31397532422828145, 0.33240497594042173, 0.8058587391173995, 0.060621411967066136]], "inverted": false, "swapped": true, "error_lsq": 0.0490031528623472, "error_max": 0.2878779672181562, "target": "212.xyz", "model": "16.xyz", "model_rescale": 3.7852294659196426, "target_rescale": 4.131683957287974},
{"mapping": [2, 4, 1, 5, 3, 6, 7, 11, 8, 0, 9, 10, 12], "R": [[-0.10915943218010521, 0.6402297984188868, 0.760388074329568], [0.9774970711008373, 0.2080508470030918, -0.03484710964456855], [-0.18050954089853946, 0.7394732248552396, -0.6485334651093888]], "T": [-0.06059839188565296, 0.03361520052945492, 0.061444130010274454], "aligned_model": [[0.02425608009323494, -0.26971228837651096, -0.1365210271489584, 0.2065724043627435, -0.7382707663758769, 0.7521482811965103, 0.5673786691749301, 0.3969227552020395, -0.3040528145756552, -0.6451985931250802, -0.20614442194744703, 0.24405064240430147, -0.030197763304675346], [0.16704871762663853, -0.5300492164957319, -0.4794819546278353, -0.5639185046571547, -0.0358727917240885, -0.10476679241892613, -0.06365053012760007, 0.6004663893901683, 0.6354012829483128, 0.03278807543031701, 0.6664279792048617, 0.06000457721058289, 0.08837621127073592], [-0.5293876871175175, 0.4360645890934125, -0.39156935441512347, 0.1229441085333805, -0.3489543872237785, 0.38960035092265344, -0.23454775095588234, -0.023915134794615524, 0.00862967808553352, 0.41356495630944845, 0.6320807269703742, 0.8069289668672823, 0.12871136554806178]], "inverted": false, "swapped": false, "error_lsq": 0.058289813572916266, "error_max": 0.39526053720742266, "target": "212.xyz", "model": "17.xyz", "model_rescale": 3.901054581598922, "target_rescale": 4.131683957287974},
{"mapping": [4, 5, 8, 2, 10, 0, 1, 7, 6, 9, 12, 3, 14], "R": [[-0.12859806538906593, 0.16697109159473222, 0.9775393558061245], [-0.9545880100036159, 0.24628539989778064, -0.1676461540105434], [-0.26874573249732925, -0.9547063194348584, 0.12771677609311982]], "T": [-0.06763838889399451, 0.03577245367835293, 0.11285014464070531], "aligned_model": [[-0.16156222720624908, -0.3936425223664973, 0.048575576410744864, 0.2542333151577679, -0.7708715492776441, 0.6804283926903836, 0.452156884258447, 0.3137842445925333, -0.033449910182019024, -0.6646661743695798, -0.11436844120688539, 0.3468744969921249, -0.09626092791357124], [-0.04412751099615136, -0.48497264108148685, -0.5013828299979276, -0.6505062559301037, 0.11711088852691254, -0.009912170954617737, 0.24082990931403084, 0.5638505047403571, 0.7152831444131104, -0.008617540001802364, 0.4639441652390101, 0.008985652341368132, 0.06228812741758068], [-0.6684105533030185, 0.2252418624762667, -0.259140134300393, 0.4432411869785306, -0.30103501972505375, 0.23038109316755057, -0.303622979741213, 0.2366539024512065, -0.20467483763734207, 0.38812632080836446, 0.7182098655565115, 0.753839555022241, 0.15134016606957862]], "inverted": true, "swapped": false, "error_lsq": 0.04612141056306877, "error_max": 0.23754509649066755, "target": "212.xyz", "model": "18.xyz", "model_rescale": 3.9405287249114394, "target_rescale": 4.131683957287974},
{"mapping": [7, 1, 8, 6, 4, 5, 9, 11, 13, 12, 14, 10, 15], "R": [[0.7561257970647044, 0.49781389879783133, -0.4248000720067834], [0.15993110418929016, 0.48887262726959513, 0.8575695868087431], [0.6345831867659748, -0.7163692319399447, 0.2900332784418261]], "T": [-0.12921775882361705, 0.013494927014891682, 0.15139581066690277], "aligned_model": [[-0.06611620071408661, -0.3377332441032944, 0.17785314051802917, 0.16305854439880632, -0.6550799753113982, 0.647468838034685, 0.41930633076532675, 0.3982979167739915, -0.1454817601475371, -0.6436087153468415, -0.22703671118972593, 0.23268531923933436, -0.10238232533773339], [0.11182658514183091, -0.49547129731267375, -0.4998712866479483, -0.6726574906985084, -0.116800276179714, -0.2673511351643633, 0.2809870172815789, 0.4882870904640833, 0.6614418392208905, 0.13836543318474978, 0.6338978781109466, 0.20492964349010162, 0.005189442139307044], [-0.542848114272667, 0.5160793705811955, -0.31167518711092085, 0.19670450555993654, -0.33968169636341594, 0.05576076281339279, -0.3139848418552169, 0.2759462640014893, -0.02532466521411697, 0.2926344836477779, 0.6044637889058075, 0.8224270680336095, 0.17964868909635823]], "inverted": false, "swapped": false, "error_lsq": 0.05013145008837804, "error_max": 0.3677413478313519, "target": "212.xyz", "model": "19.xyz", "model_rescale": 4.410303926677745, "target_rescale": 4.131683957287974},
{"mapping": [11, 8, 10, 5, 12, 3, 6, 0, 2, 7, 1, 1, 13], "R": [[-0.9190360266028672, -0.019899591798958755, -0.3936709133937241], [0.34581018936232755, 0.4386181148270041, -0.8294754139085718], [0.189177416039033, -0.8984532016704265, -0.39622436783841897]], "T": [0.003603203470583294, 0.08026188684143262, 0.004506179921037565], "aligned_model": [[-0.11672526531551727, -0.4170595409451767, 0.18694553969777367, 0.2569279727109365, -0.7033168224333728, 0.7219246119721536, 0.3684526555314474, 0.4859127114549222, -0.1152518663573176, -0.5842780772508428, -0.0991117304427952, -0.0991117304427952, -0.024077300599859852], [-0.07918359982548182, -0.46728268515053406, -0.6926147902291087, -0.6058668573941509, 0.09725964310559446, 0.013475684750991673, 0.23914581056181985, 0.5193700793514763, 0.7235448694878299, 0.2553972912241863, 0.2297906127305175, 0.2297906127305175, 0.009946771686622932], [-0.8000008249427011, 0.3425821751499443, -0.20568716629711886, 0.4096291619788365, -0.2612946676067752, 0.07878035444396249, -0.41756798334015993, 0.30068333349843757, 0.10779802068230905, 0.36585968394547347, 0.7326618594687233, 0.7326618594687233, 0.024044621373574757]], "inverted": false, "swapped": false, "error_lsq": 0.05595457569221992, "error_max": 0.3774870787061238, "target": "212.xyz", "model": "20.xyz", "model_rescale": 4.121658175737393, "target_rescale": 4.131683957287974},
{"mapping": [6, 3, 1, 0, 2, 5, 8, 9, 10, 4, 11, 7, 12], "R": [[-0.7037738818929208, -0.6676984451415762, -0.2426543004376611], [-0.10025561663085064, 0.43148850524885785, -0.8965302455422651], [0.7033143923590196, -0.606627114621188, -0.3706108596722917]], "T": [0.020348757803282207, 0.08392688010220092, 0.049930152199585326], "aligned_model": [[-0.017593207797033487, -0.23679677984487563, -0.05741545047813706, 0.12645835605872363, -0.6327311135762961, 0.5912832115285066, 0.5875750460602931, 0.3264108120209053, -0.34124330841671796, -0.522440554993561, -0.23791185447700097, 0.2233515674427073, 0.05228443405204206], [0.23450567031412903, -0.3783344995162944, -0.5060194021359874, -0.8556124909287891, -0.16974656597743484, -0.27887766041137263, 0.23591222014416185, 0.7182042963843706, 0.7365196891261323, 0.18003924603781893, 0.5154200083904423, 0.027911899037247057, 0.012851032565857415], [-0.5813470430615821, 0.5002981043551807, -0.3082471474400572, 0.35516818053068444, -0.24221381669594674, 0.12936720223896292, -0.2800060491924331, 0.21327351246606724, -0.17820762398839876, 0.2089074365980364, 0.772207203977931, 0.6999072601595318, 0.1210432078752531]], "inverted": false, "swapped": false, "error_lsq": 0.05780685141701209, "error_max": 0.3715896161726141, "target": "212.xyz", "model": "21.xyz", "model_rescale": 4.08911054899281, "target_rescale": 4.131683957287974},
{"mapping": [11, 4, 1, 0, 15, 6, 8, 10, 9, 14, 12, 7, 16], "R": [[-0.35475868112668124, 0.2587900056015505, -0.8984286344312536], [0.3890805038720089, 0.9146339139219841, 0.10982333545497631], [0.8501544798870152, -0.31060028413461255, -0.42516446679318887]], "T": [-0.08137812330503803, 0.021615712339904107, 0.11585228253295995], "aligned_model": [[-0.07571012873983259, -0.3044703172440057, -0.011202120957699097, 0.3036401499435313, -0.6381720020225436, 0.6535419308463176, 0.39446576966357705, 0.39278884660360747, -0.20945163828204866, -0.6460847967477462, -0.2558464597770114, 0.3319582649834383, -0.0742263406900286], [0.11707884587306178, -0.537628831010462, -0.5624707980585564, -0.5943553955890591, -0.003782010986467292, -0.08800039621250669, -0.06614202499025573, 0.6249784849678097, 0.7203509189742053, 0.2949945861780159, 0.4924563318635481, 0.08355882703569975, -0.008265095014752841], [-0.6435867829832186, 0.4676584786183864, -0.416986021581088, 0.3849617800255788, -0.3540865966489247, 0.17451190496068564, -0.3807694921842155, 0.36536071619674737, 0.06187175517658654, 0.2507335275425605, 0.6569986736411132, 0.6912758384184094, 0.1522066466406089]], "inverted": false, "swapped": false, "error_lsq": 0.04382589169069363, "error_max": 0.20642367037220846, "target": "212.xyz", "model": "22.xyz", "model_rescale": 4.204369325754507, "target_rescale": 4.131683957287974},
{"mapping": [7, 1, 8, 6, 4, 5, 9, 11, 13, 12, 14, 10, 15], "R": [[0.7561257970647044, 0.49781389879783133, -0.4248000720067834], [0.15993110418929016, 0.48887262726959513, 0.8575695868087431], [0.6345831867659748, -0.7163692319399447, 0.2900332784418261]], "T": [-0.12921775882361705, 0.013494927014891682, 0.15139581066690277], "aligned_model": [[-0.06611620071408661, -0.3377332441032944, 0.17785314051802917, 0.16305854439880632, -0.6550799753113982, 0.647468838034685, 0.41930633076532675, 0.3982979167739915, -0.1454817601475371, -0.6436087153468415, -0.22703671118972593, 0.23268531923933436, -0.10238232533773339], [0.11182658514183091, -0.49547129731267375, -0.4998712866479483, -0.6726574906985084, -0.116800276179714, -0.2673511351643633, 0.2809870172815789, 0.4882870904640833, 0.6614418392208905, 0.13836543318474978, 0.6338978781109466, 0.20492964349010162, 0.005189442139307044], [-0.542848114272667, 0.5160793705811955, -0.31167518711092085, 0.19670450555993654, -0.33968169636341594, 0.05576076281339279, -0.3139848418552169, 0.2759462640014893, -0.02532466521411697, 0.2926344836477779, 0.6044637889058075, 0.8224270680336095, 0.17964868909635823]], "inverted": false, "swapped": false, "error_lsq": 0.05013145008837804, "error_max": 0.3677413478313519, "target": "212.xyz", "model": "23.xyz", "model_rescale": 4.410303926677745, "target_rescale": 4.131683957287974},
{"mapping": [12, 11, 7, 1, 14, 3, 0, 4, 5, 9, 8, 10, 16], "R": [[0.25501271344223336, 0.5050862408642675, 0.8245340534340794], [0.7874275777229901, 0.38642061572456227, -0.4802467257403794], [-0.561182970005447, 0.7717298730985175, -0.2991766654390216]], "T": [-0.15003466377313415, 0.04697911378139944, 0.031573889287936294], "aligned_model": [[0.04468482290804196, -0.41718334429732695, -0.006659279826611547, 0.37109320326884565, -0.8213152025620921, 0.707848301460167, 0.47415743893599727, 0.25573587580739454, -0.027015424860897364, -0.5420004688091883, -0.13828829664881712, -0.005001328739823535, -0.03482513905613327], [0.18442063196933672, -0.4567509111994054, -0.5134958229381807, -0.5987198700684045, -0.029091644768202328, 0.06745020372886065, -0.014650366609076336, 0.5312351914548754, 0.6029165760952051, 0.1337029475175146, 0.5539975822690916, -0.016010341633492915, 0.0277692672121588], [-0.7361304713669399, 0.30654503511560915, -0.29590472263911444, 0.2502835553247736, -0.010207302072893318, 0.30151598877029456, -0.38910631840969356, 0.30494304160029495, -0.2356373348054251, 0.5124707264296802, 0.6784903929622744, 0.6630654620830654, 0.05982237483130412]], "inverted": true, "swapped": false, "error_lsq": 0.04227014611046091, "error_max": 0.21992584641121565, "target": "212.xyz", "model": "24.xyz", "model_rescale": 4.28219845311461, "target_rescale": 4.131683957287974},
{"mapping": [0, 14, 2, 13, 6, 7, 4, 3, 1, 8, 5, 9, 15], "R": [[-0.8743857292206272, 0.4251653300201771, 0.2338461859516767], [0.48443392174679445, 0.7372672035592189, 0.47091490315872364], [0.027809566633316712, 0.5250442959454025, -0.8506204296270246]], "T": [-0.010468288159721471, -0.044995778719775635, 0.22238107230214643], "aligned_model": [[-0.1643727451713485, -0.46907513057758754, -0.07574042910177409, 0.3370088162980402, -0.7514678582204134, 0.7632867843763106, 0.4529630015016681, 0.44033021121223676, -0.09047836271768697, -0.591564556996287, -0.30802302949077875, 0.3374390142171659, -0.019074557749989264], [0.09571785930683196, -0.651225451268451, -0.515270569569053, -0.5267766524377656, -0.10951846995811595, -0.08123582946018426, 0.10388718663031643, 0.5835979223651799, 0.5617870532801569, 0.33483188826657473, 0.5987545047743871, 0.11262296940520125, -0.034398968304798175], [-0.5663313355000127, 0.27044325185810747, -0.27093545194615865, 0.23033773832407775, -0.28649375950451017, 0.29678370799011955, -0.3232505574784744, 0.18119834800988321, 0.03452372853821051, 0.2203496529087255, 0.6938971688743995, 0.7800463151416315, 0.1495816206072313]], "inverted": true, "swapped": false, "error_lsq": 0.04462259092285602, "error_max": 0.2428660466518917, "target": "212.xyz", "model": "25.xyz", "model_rescale": 4.100010024507729, "target_rescale": 4.131683957287974},
{"mapping": [8, 7, 11, 5, 4, 1, 9, 3, 6, 2, 0, 12], "R": [[-0.625549632841369, 0.5802102928507691, -0.521578060238401], [0.625179347394198, 0.7727215123350357, 0.10978273072947262], [0.46673165785469606, -0.2574052844148308, -0.8461111505656495]], "T": [-0.051261969444437595, 0.06034220661965307, -0.07966954001319111], "aligned_model": [[-0.5826253660183816, 0.08695959887392243, 0.34913081719889866, 0.5625338745289729, -0.6350762859890602, 0.2040516374528288, -0.30732513110674087, 0.6652707470962531, -0.008708336668755541, 0.10524458371705611, -0.5255944786253554, -0.03709605809663189], [-0.39144985219803885, -0.6387486826817327, -0.13430529597610585, -0.4699531722325857, 0.6088004599355522, 0.6689731500440939, 0.22280510708636309, 0.3940504832620211, -0.2544626850686462, 0.4855361789407056, 0.1790967922397705, -0.004211093300757814], [0.07118209639858773, 0.1747268913406576, 0.441479552447611, -0.2350715258512835, 0.09158712237527901, 0.34659622649976657, 0.47301409855450766, -0.16761933407571528, -0.5316598161518328, -0.49853792688891047, -0.6065060958330547, 0.0060010010387438195]], "inverted": true, "swapped": true, "error_lsq": 0.047057606838600025, "error_max": 0.21114711980915496, "target": "212.xyz", "model": "26.xyz", "model_rescale": 3.6694154284099745, "target_rescale": 4.131683957287974},
{"mapping": [0, 8, 4, 10, 5, 11, 2, 12, 6, 7, 3, 9, 13], "R": [[-0.05342152339102346, -0.4964510020997021, 0.8664193807578314], [0.6177997827815667, -0.6980992436800179, -0.36191279939846854], [0.7845186863508297, 0.5159397721513517, 0.344000846334395]], "T": [-0.08229744704020105, 0.01830349273011444, 0.09964859799780619], "aligned_model": [[-0.191233619790254, -0.33044452453138184, 0.016750878363437485, 0.2731135459806817, -0.7942069579695492, 0.7562881699246744, 0.43112785203485193, 0.4581999672611792, 0.0387326653529267, -0.5935957026315698, -0.23890891144566873, 0.07566625126216843, -0.040258456231940354], [0.004954100592974749, -0.5321274006596952, -0.6507441124387118, -0.456608130065406, -0.03558367403633079, 0.038653203805983354, 0.11921994211814446, 0.5403087166481056, 0.6619994210814588, 0.17876852328141604, 0.619692596785389, -0.0416680441688121, 0.025908300085764363], [-0.5521857729349339, 0.30894755156597664, -0.36735814857179067, 0.19981194691482293, -0.24131990674621256, 0.2800246538476883, -0.3343329439090914, 0.35480718533771793, -0.10577217875663807, 0.42972978879461116, 0.616015923720408, 0.7601896037279362, 0.06159272483273513]], "inverted": false, "swapped": false, "error_lsq": 0.03585142675888982, "error_max": 0.24785714576968565, "target": "212.xyz", "model": "27.xyz", "model_rescale": 4.103607728864725, "target_rescale": 4.131683957287974},
{"mapping": [1, 12, 2, 3, 4, 9, 0, 6, 7, 13, 11, 10, 14], "R": [[0.9892396031280634, -0.11107671345517509, 0.09522064550836143], [-0.009357925916030019, -0.6975445113372886, -0.7164803444099314], [0.14600492055263822, 0.7078796638067947, -0.6910781032149678]], "T": [0.013752779347737139, 0.10777043539514919, 0.2282963682576309], "aligned_model": [[0.013177320205880196, -0.3708176918819538, -0.2609452213484246, 0.25811351510653924, -0.7393931875821019, 0.8269441128684306, 0.40473109687664355, 0.34701517871416826, -0.04340657593962276, -0.6070869053849542, -0.2517825348930228, 0.263295571645853, 0.02138647919212161], [0.11577629468948958, -0.6387816097070994, -0.4304367488216947, -0.5913849678468515, -0.0488571631303627, 0.17396538025370528, -0.1657815833423819, 0.6071405378935957, 0.7135783900521486, 0.07189126945284965, 0.6223376374184547, -0.017800051260072475, 0.0611260573784997], [-0.6676926981592559, 0.40734723738861184, -0.19145920526461452, 0.10582022566756843, -0.25112853202599694, 0.29509464978493183, -0.30273751884236777, 0.4303679811850532, -0.1587576018044522, 0.4103493942308306, 0.5981244701539784, 0.6546010996399867, 0.0802209258689559]], "inverted": true, "swapped": false, "error_lsq": 0.04758153519671758, "error_max": 0.3301358698360216, "target": "212.xyz", "model": "28.xyz", "model_rescale": 4.137296879288765, "target_rescale": 4.131683957287974},
