[{"mapping": [5, 7, 9, 10, 3, 6, 1, 0, 2, 8, 4, 11], "R": [[-0.39960702461498476, 0.7975403019135456, -0.45193328346339967], [0.2994587652754465, 0.5795339626201461, 0.7579345842943812], [0.866394063794336, 0.16754060102984497, -0.47041627653440554]], "T": [0.002466502808082839, 0.04503053299248416, 0.05521725585233196], "aligned_model": [[-0.1969894802652486, -0.6519546168156979, 0.03536511664241163, 0.19639762853081705, 0.6094787406986639, -0.5993789934813912, -0.6069418693576722, 0.06553754717541643, -0.16963466577551992, -0.10898394322369129, 0.6869999948938955, -0.0024762648859783867], [-0.46261934503669155, 0.13739982103073334, 0.651199987109652, 0.24498165647050718, 0.36898945073791717, 0.4440324545861108, -0.30667439969214483, -0.5688867589604043, -0.4498883283163032, 0.3113525505531963, -0.2694104329785784, -0.01931912724481856], [-0.5702387735239326, -0.622871398147775, 0.026360739585816015, -0.5645985334436927, 0.08010254168958081, 0.11632333260110352, 0.13771353321404084, 0.011410909221424945, 0.6669253186399616, 0.6206859744680661, 0.3465748434925445, 0.02939195502216563]], "inverted": false, "swapped": false, "error_lsq": 0.05013287733608165, "error_max": 0.3178733658930787, "target": "213.xyz", "model": "0.xyz", "model_rescale": 3.751011558992144, "target_rescale": 3.84913275084507},
{"mapping": [0, 1, 6, 7, 11, 4, 8, 13, 5, 10, 9, 14], "R": [[-0.6420287524616921, -0.6469706883440768, -0.4113733212497806], [-0.5200487036039018, 0.7617506911605434, -0.38637446913109563], [0.5633368680393507, -0.034129355986106086, -0.8255221136756965]], "T": [-0.055209315540359585, -0.08893221942472876, -0.013415941154522572], "aligned_model": [[-0.31225027404947653, -0.477548934001793, 0.050986558796133494, 0.14894256105626447, 0.5576198218668165, -0.6331082926151986, -0.659970938788602, 0.3258391510549909, -0.1049920576500882, -0.01732161583543003, 0.3799463182846494, -0.0007231039822609836], [-0.33535570578480867, 0.23439265351813263, 0.6158279219108546, 0.1576177514137542, 0.41224826063882225, 0.3660178768346065, -0.2756061168152326, -0.6919066692373567, -0.49058485980455724, 0.36468501107485196, -0.18784586804856768, -0.08833272744132364], [-0.6832740824936747, -0.4637223064772546, -0.24955430044563265, -0.59411564578581, 0.08653186359736428, 0.2774915220004893, 0.1861698479665054, 0.12342731691495445, 0.46227606220434075, 0.6686761923097334, 0.4713987510739294, -0.007524778045641112]], "inverted": true, "swapped": false, "error_lsq": 0.044027307150924976, "error_max": 0.24151707250487817, "target": "213.xyz", "model": "1.xyz", "model_rescale": 3.9405287249114394, "target_rescale": 3.84913275084507},
{"mapping": [10, 8, 4, 8, 7, 2, 5, 11, 0, 1, 6, 12], "R": [[0.7677196042359988, 0.16907974180982932, 0.6180765730726596], [0.6295590616872907, -0.019258107872048527, -0.7767139197469083], [-0.11942360369348837, 0.9854142104672076, -0.12123051055798878]], "T": [-0.008009302291754734, -0.0011583942418098153, 0.042020096493877536], "aligned_model": [[0.08906835974742214, -0.26216443205822987, 0.07330317533343578, -0.26216443205822987, 0.7263490752749253, -0.6064069350561255, -0.5749966464977875, -0.06757095814539521, -0.09521352662267146, -0.04478981622116835, 0.3606451543660089, -0.07863982392617963], [-0.30549143512439636, 0.24498843669284737, 0.6603432126454023, 0.24498843669284737, 0.2652140021837396, 0.1483728965968047, -0.40681401310379395, -0.7055152401959108, -0.3292211184962835, 0.5337979812226638, -0.31805949037146963, 0.0485538595167248], [-0.7386491337647101, -0.6475498258084035, -0.1759239948481438, -0.6475498258084035, 0.17867064671700822, 0.3313819697317763, 0.24706923882965837, -0.047132198747163616, 0.8086362067403654, 0.6248538656796268, 0.2849671694287305, 0.05900632466896262]], "inverted": false, "swapped": false, "error_lsq": 0.07172017348946981, "error_max": 0.43587149257141533, "target": "213.xyz", "model": "2.xyz", "model_rescale": 3.932901565614263, "target_rescale": 3.84913275084507},
{"mapping": [4, 7, 3, 0, 1, 8, 9, 6, 12, 11, 10, 13], "R": [[0.7382541548678778, -0.011945624902844662, -0.6744168628274327], [-0.17187727986049875, 0.9635071384957108, -0.20521255988745665], [0.652256853921882, 0.2674159608428183, 0.7092599667247834]], "T": [-0.05287810735734373, 0.04083600409273197, -0.02812473429150193], "aligned_model": [[-0.045299683570915586, -0.6603779931285818, -0.09218644380829133, 0.22240889698533056, 0.6674690362419707, -0.5588086697411186, -0.6922469563343269, 0.25290352035892033, -0.1412836199489766, 0.03300762866452421, 0.3251628719460125, -0.053329393528542615], [-0.3697411503408134, 0.006766676235606409, 0.5394076892652477, 0.274751476982801, 0.2114522386312806, 0.4892736822960348, -0.20458856013929053, -0.5687683128648111, -0.5472982991786646, 0.49692339675505387, -0.18679460145257795, -0.06022670793069129], [-0.7992248395229441, -0.40165614800986454, -0.130918739519997, -0.5924393149339471, -0.05566950026162877, 0.257750483846722, 0.23789631303035008, 0.011529188335116635, 0.450845324082103, 0.7349720020204124, 0.5361577886415295, 0.028537885111451698]], "inverted": false, "swapped": false, "error_lsq": 0.04607291902889313, "error_max": 0.26989172113333165, "target": "213.xyz", "model": "3.xyz", "model_rescale": 3.9243930471874484, "target_rescale": 3.84913275084507},
{"mapping": [9, 5, 6, 11, 10, 0, 1, 8, 7, 3, 4, 12], "R": [[0.4824391766989907, 0.3195093553922174, 0.8155772266332904], [-0.07212474808526442, -0.9134472690533545, 0.4005148029381753], [0.8729550168821054, -0.25204733380025646, -0.417638216671493]], "T": [0.004250639157956544, -0.01596875283805786, 0.013888004947442795], "aligned_model": [[-0.012548170264470995, -0.6091900321733129, -0.0024048219381617095, 0.1769032338032912, 0.6903206206232843, -0.6858124323159024, -0.633888080006796, 0.35214412023868047, -0.2237209800268103, 0.06796803409098487, 0.24237943392097672, -0.10473173181575829], [-0.4601853105311023, 0.37001472629086896, 0.6816540264539191, 0.18097891291313004, 0.1326218653906392, 0.27464606881164266, -0.3367624823665304, -0.5406072226224313, -0.5729062351857198, 0.4866386409000315, -0.1664058435202062, 0.03147038172493398], [-0.5339046945751097, -0.20595374807289102, -0.17264530946916715, -0.7327958504457951, -0.05211599663951253, 0.41722203052198825, 0.008351021972307466, 0.006079627390349106, 0.5437637833282816, 0.4569221703426496, 0.5364113329356569, 0.006446075530546587]], "inverted": false, "swapped": false, "error_lsq": 0.050746952422097154, "error_max": 0.3502986280152446, "target": "213.xyz", "model": "4.xyz", "model_rescale": 3.8936222436046832, "target_rescale": 3.84913275084507},
{"mapping": [0, 3, 10, 2, 4, 8, 9, 1, 6, 7, 5, 11], "R": [[0.9384392117377027, -0.3225842924342334, 0.12357677835185786], [-0.33477004186671405, -0.9374997578765807, 0.09499064717071468], [0.08521070907859969, -0.13051275131594484, -0.9877780908697382]], "T": [-0.1329512626704471, 0.056743801356202786, 0.051182426471862885], "aligned_model": [[-0.3244441769724077, -0.45620521309879225, -0.005437096891878129, 0.24748441779488084, 0.6278433768044488, -0.7802693337634664, -0.6074937928003452, 0.21701326817255728, -0.0985469340344631, -0.08469088134979841, 0.5005532787732416, 0.021612281502027847], [-0.41497768371768207, 0.18994165927757417, 0.6662626479260791, 0.1643292144037895, 0.27431063328845484, 0.3974053017648364, -0.3381714361724279, -0.6377197737148614, -0.40053477577682406, 0.3605185875867864, -0.1828060917647657, 0.0025992451582158016], [-0.6723696540785641, -0.40493953802756333, -0.0569578189827671, -0.5819467363791193, -0.015756270080110477, 0.1550664161265499, 0.0809697742369392, -0.14465918609400774, 0.7025818992794612, 0.6213923371481015, 0.49666946525393285, 0.09772975441645156]], "inverted": true, "swapped": false, "error_lsq": 0.03572843812983414, "error_max": 0.22156588480949352, "target": "213.xyz", "model": "5.xyz", "model_rescale": 3.6523030999806103, "target_rescale": 3.84913275084507},
{"mapping": [11, 4, 3, 7, 5, 2, 10, 9, 6, 1, 8, 12], "R": [[-0.5180909725717331, -0.8480673533349053, -0.11119131417158568], [0.397698724615931, -0.35394291116036813, 0.846498753736936], [-0.7572433351166172, 0.3943427187699203, 0.5206499318876456]], "T": [-0.022748665954066195, 0.014803997379197714, 0.07178618423859319], "aligned_model": [[-0.2244315575752957, -0.5328478232049928, -0.08384193227843097, 0.3080355866330751, 0.6170683723846315, -0.6498240137874154, -0.5525937846934832, 0.16573174947171834, -0.2121171290505311, -0.039323068925774994, 0.42488686372610734, 0.036675931436396775], [-0.20095184675133218, 0.08721719364533469, 0.6000497697625403, 0.1350099703538964, 0.2322233586248987, 0.36598307004947717, -0.557340134867616, -0.6353989306912404, -0.23309604895191968, 0.5307805224170613, -0.3306513646436309, 0.08733196931170609], [-0.7572749896754916, -0.18057621530883083, -0.2975317027709918, -0.513833455116813, 0.15703000391927696, 0.31604301887632574, 0.09604074567653158, -0.1819344505355499, 0.642145381837459, 0.536402564459335, 0.43782734050946603, 0.02344220094858658]], "inverted": false, "swapped": false, "error_lsq": 0.058455143750634236, "error_max": 0.3448378924461595, "target": "213.xyz", "model": "6.xyz", "model_rescale": 4.08911054899281, "target_rescale": 3.84913275084507},
{"mapping": [10, 11, 13, 12, 7, 1, 9, 4, 3, 2, 6, 14], "R": [[0.2379246165111678, 0.7695533439033642, -0.5926040227210448], [0.9530008780908421, -0.06713823717768247, 0.29543490563363956], [0.18756653010624794, -0.6350433906402178, -0.7493588518113856]], "T": [-0.031299618874080753, -0.05834524421146485, -0.013719155684644203], "aligned_model": [[-0.10218243292607812, -0.4462767763099106, -0.016438787738884436, 0.12109714586983564, 0.6500219090227923, -0.5307584437003057, -0.7560626135895389, 0.3055848539642233, -0.111074939284276, 0.12647833492391955, 0.21276800326169626, -0.1957370593574684], [-0.3396513118958095, 0.1033578978622725, 0.6531845835965598, 0.26437377951259333, 0.28802900737498577, 0.35858553508976126, -0.28385235258582625, -0.6765156111881789, -0.6044156670957915, 0.49551453902511317, -0.11163869906525607, -0.06581417237124804], [-0.6733534645695174, -0.396050315292537, -0.1851804696568563, -0.630670998078664, 0.10922318039063796, 0.3248892707165218, 0.182297306561529, 0.021262826171555848, 0.5536382517492914, 0.5506255980782498, 0.41840787418991704, 0.0026913825591754585]], "inverted": false, "swapped": false, "error_lsq": 0.04455599602257293, "error_max": 0.24550915159023448, "target": "213.xyz", "model": "7.xyz", "model_rescale": 3.964800864290218, "target_rescale": 3.84913275084507},
{"mapping": [12, 4, 6, 11, 10, 0, 2, 8, 1, 3, 5, 13], "R": [[-0.42010828235272046, -0.337613918266517, 0.8423335878922179], [-0.812496407069593, 0.5533532028364011, -0.18343887649486773], [-0.40417647086099595, -0.761457205037438, -0.5067783591462092]], "T": [-0.10178025390392978, -0.027923944555981076, 0.019109573255741197], "aligned_model": [[-0.13270319552899842, -0.5132919415012565, -0.19068431177940637, 0.13744678508993471, 0.6992792410573617, -0.5404269718753905, -0.758579951462215, 0.3785118880773555, -0.3364311296550849, 0.00028187455542419415, 0.5498821847038172, -0.03586527754553673], [-0.4434382217038282, 0.23382773155185366, 0.5289776515152789, 0.3218538405248178, 0.15370192532126153, 0.24051078263033138, -0.1104012658996439, -0.6256196952851322, -0.5148865010607567, 0.5018686763373146, -0.13564424321135923, -0.06959315246096225], [-0.6110226306952427, -0.4880763749322797, -0.11676722375204712, -0.6933223528760675, -0.002097546561136421, 0.517799082445597, -0.0013935120099240472, 0.0751169773968568, 0.539615410152835, 0.5037391188715301, 0.5317528472131603, 0.02243664756602189]], "inverted": false, "swapped": false, "error_lsq": 0.04788728995684227, "error_max": 0.29831915606094683, "target": "213.xyz", "model": "8.xyz", "model_rescale": 4.121658175737393, "target_rescale": 3.84913275084507},
{"mapping": [1, 4, 5, 0, 10, 9, 6, 2, 8, 7, 11, 12], "R": [[0.052465516174219726, 0.9957405626991476, -0.0758162344630609], [-0.667207077924618, 0.09144111435408904, 0.7392382821343708], [0.7430222639866626, 0.011800610207423345, 0.6691626564736461]], "T": [0.014120147851874702, -0.010834899398804766, 0.08010394039920538], "aligned_model": [[-0.2614028131029157, -0.518429493650016, 0.07149374549347667, 0.21620137281524382, 0.6659397780907018, -0.7128251575000116, -0.6003782196219777, 0.18663452098127623, -0.11474922211293556, -0.09282051685011775, 0.4423582269498619, -0.024603027356581313], [-0.3343531841630525, 0.28814035634049556, 0.5829121654836447, 0.08333631034180118, 0.3675527070770954, 0.3714945302367668, -0.3042361999302769, -0.6441068501714651, -0.5365725398419138, 0.3025825518928359, -0.047405643780904214, -0.048186675225851405], [-0.4624407426670238, -0.5642039002410839, -0.08080162045222247, -0.6742959568009288, -0.011737332981137633, 0.21635571945672266, 0.20851532350983232, -0.14694644671177232, 0.5674908058700392, 0.6679339377387026, 0.547337075803052, 0.01057358029512355]], "inverted": false, "swapped": false, "error_lsq": 0.04582353354672861, "error_max": 0.23601540620375674, "target": "213.xyz", "model": "9.xyz", "model_rescale": 3.833441315466971, "target_rescale": 3.84913275084507},
{"mapping": [3, 2, 8, 9, 11, 13, 5, 6, 1, 10, 12, 14], "R": [[0.7223547784407084, 0.5843361134330296, -0.3698038407072818], [0.4033771388793551, 0.07831127391642564, 0.9116766028626007], [0.5616853726895339, -0.8077243656814916, -0.17913930666118852]], "T": [0.003012865572942537, -0.08310708420779593, 0.07056893033354823], "aligned_model": [[-0.09769814535162971, -0.5243169948613119, 0.11075688701004607, -0.05495532114136955, 0.6115543520380894, -0.7132441658544583, -0.6315264272128023, 0.20808582706521703, -0.1805496708043241, 0.1414292932765025, 0.3930659978746872, -0.0051824379026412185], [-0.2857780734709608, 0.1341478605450917, 0.6637697755925898, 0.35843599337481935, 0.22511844893354477, 0.24729611568461146, -0.31672098433999707, -0.725292938184483, -0.5040999552455931, 0.5886454670440111, -0.24206545712133298, -0.062298724553126045], [-0.767943807874568, -0.36689393917933305, -0.12468870592177474, -0.6073613953641902, 0.06719831998878632, 0.18674178364412125, 0.0853889520271665, 0.1528609558398914, 0.649083174486553, 0.5237174114612507, 0.5013947036724367, -0.02171700996103572]], "inverted": false, "swapped": false, "error_lsq": 0.04597700771406871, "error_max": 0.24363745372971202, "target": "213.xyz", "model": "10.xyz", "model_rescale": 4.2482417240324, "target_rescale": 3.84913275084507},
{"mapping": [3, 2, 5, 7, 9, 6, 1, 8, 0, 4, 10, 11], "R": [[-0.00891907368759065, -0.4939773604338803, 0.8694290180936751], [-0.07909361813553531, -0.8663910225417588, -0.4930626690688276], [0.9968272918087596, -0.07316394903107953, -0.031343051341440054]], "T": [-0.12071416128678977, -0.022653185285831833, 0.009985702439851493], "aligned_model": [[-0.13644546743481478, -0.7051582155240574, -0.012617290564872485, 0.25565517470614474, 0.6734371910748579, -0.5550924838435973, -0.5529810721807981, 0.1657433111230752, -0.2638277578613678, 0.06925054109702555, 0.35164571310882076, -0.03219044956441136], [-0.38875245327052466, 0.09699028197168506, 0.7182726644525004, 0.17927693371248138, 0.19072351048421188, 0.37783781785425624, -0.5785576025641828, -0.543109523939582, -0.3516722067542263, 0.5866353983277248, -0.2606206801455084, 0.054133388130339896], [-0.7137514587172186, -0.4280415508149922, -0.04942912778955851, -0.5154917915224653, 0.06570748797594679, 0.2772020332273924, 0.06710093994063143, -0.1446918492943889, 0.6771471955742511, 0.6087514445783447, 0.37774919027634857, 0.055527929385012165]], "inverted": true, "swapped": false, "error_lsq": 0.04342255663595084, "error_max": 0.2343070437024146, "target": "213.xyz", "model": "11.xyz", "model_rescale": 3.6694154284099745, "target_rescale": 3.84913275084507},
{"mapping": [7, 6, 0, 5, 12, 4, 11, 10, 8, 1, 2, 13], "R": [[0.8776819528010122, -0.4268497373566511, 0.21788458285514317], [-0.0033211318438652604, 0.4492144408085312, 0.8934177949046876], [-0.47923205215289744, -0.7848602983255278, 0.3928497833799657]], "T": [-0.08366537991875296, -0.0478515767391086, 0.0035364489156792626], "aligned_model": [[0.02162045132256389, -0.46911291273896344, -0.10197758532839153, 0.09917812111520784, 0.5712419369808178, -0.5765921849507288, -0.7650261958593501, 0.35405720257823087, -0.2636440815223691, 0.2026706011374904, 0.2709169952407602, -0.08591315383926311], [-0.4596631114640018, 0.14604188025619036, 0.6613172693426901, 0.25374443903035615, 0.11385951357489806, 0.35766552797697104, -0.3299821405305898, -0.5067198554467383, -0.5290972871606, 0.4647205012261912, -0.1619910886725876, 0.0712618801263961], [-0.6059645536076121, -0.36210047513726, -0.0829625412836499, -0.717697833324364, -0.07840517547235122, 0.3780463852510838, 0.037864751852747944, -0.033445044787397335, 0.5590615018890625, 0.6132536497099945, 0.5397799425210957, 0.03034983520795357]], "inverted": true, "swapped": false, "error_lsq": 0.04162222176895161, "error_max": 0.20617604824880134, "target": "213.xyz", "model": "12.xyz", "model_rescale": 3.9764082729961374, "target_rescale": 3.84913275084507},
{"mapping": [1, 8, 11, 10, 13, 3, 7, 9, 4, 14, 6, 15], "R": [[-0.8499169318231913, 0.4036345431703453, -0.3387039482496772], [0.28672300637060544, -0.185026073638832, -0.9399762069816446], [-0.4420759285666379, -0.8960159081363817, 0.04152548312158055]], "T": [0.017648152104299007, -0.16533446401819968, -0.002219594764259838], "aligned_model": [[-0.019012879211761986, -0.4588556790283945, -0.04065190779207995, 0.10195934686883956, 0.5085938839680875, -0.5826959732292337, -0.6777455688467359, 0.17498793521793365, -0.19615070853890557, 0.09724989456729521, 0.3914652974871126, -0.041724447326151236], [-0.2755284897376693, 0.2117885780920199, 0.613908167790786, 0.2657987691127353, 0.193367939752858, 0.3691068283092526, -0.3762972454459553, -0.7078864148836925, -0.5121968947285505, 0.49089540400474524, -0.0471909828476383, -0.14460813115971566], [-0.6265879345602294, -0.363294582369256, -0.1433816383060513, -0.6753931657589239, 0.06695713600912434, 0.2475860968171969, 0.20503864183233375, -0.2080853271711478, 0.5892533320283388, 0.4470397540383139, 0.6534950271361347, 0.08515310312347014]], "inverted": true, "swapped": false, "error_lsq": 0.04472605926604723, "error_max": 0.2182142400307867, "target": "213.xyz", "model": "13.xyz", "model_rescale": 4.170626492500431, "target_rescale": 3.84913275084507},
{"mapping": [7, 10, 12, 8, 4, 11, 9, 0, 3, 6, 2, 13], "R": [[-0.2998209661849432, -0.36494717004942884, 0.8814311948807124], [0.03947399291386422, -0.9278909769047154, -0.3707561717116105], [0.9531784681366672, -0.07636686488082561, 0.2926070912143285]], "T": [-0.02988476102182161, -0.040290237100747486, 0.05340122026782518], "aligned_model": [[-0.09946034344771547, -0.3960690094030538, -0.07709165518559827, 0.2127484863661059, 0.5695696865113684, -0.5787095233481485, -0.8130326845282705, 0.2611905209542267, -0.24790888692876015, 0.01323264087046222, 0.48762548305635844, -0.07467552078096992], [-0.43955750313035513, 0.1021675935377903, 0.622436396359264, 0.16173784079508802, 0.3178917005119992, 0.2639317985132126, -0.23892484442012157, -0.5364993636463231, -0.3226533193621391, 0.36270213175450694, -0.24141489475222527, 0.029339992098478887], [-0.6488627553824626, -0.35149773960002, -0.25363467280062774, -0.6188115851804394, -0.07078893833452503, 0.37882399825900187, -0.006013097421547875, -0.10442808462617548, 0.6434945812949133, 0.7904407764170029, 0.4064793795966947, 0.11257858059748896]], "inverted": true, "swapped": false, "error_lsq": 0.041885321021561846, "error_max": 0.2375475553252526, "target": "213.xyz", "model": "14.xyz", "model_rescale": 3.9786697098870705, "target_rescale": 3.84913275084507},
{"mapping": [0, 2, 8, 3, 9, 5, 4, 1, 10, 7, 6, 11], "R": [[-0.317255736388525, -0.807238971993841, 0.49770879018046466], [0.8279156364435912, 0.020191485944995202, 0.5604890746727688], [-0.46249810449425444, 0.5898792639088614, 0.6619199025180931]], "T": [-0.03401252516430062, -0.010727544575675995, 0.05981248294657264], "aligned_model": [[0.013195567932653335, -0.5922508882775048, -0.16063187093960646, 0.19295732150285008, 0.49960374965253684, -0.6579646604976898, -0.5927878102908246, 0.1258755372435347, -0.33887699967747487, 0.03963635186400674, 0.6639628432738832, 0.06470005234964048], [-0.3554286346810646, 0.1991604622004023, 0.4841102776952136, 0.43173163919675533, 0.19752858488182773, 0.4537926675810272, -0.2598130766584353, -0.6530606167668149, -0.4473883061290396, 0.2359502723222831, -0.18045862556406006, -0.024967115818919385], [-0.5424815818631759, -0.5711901880678126, -0.04663561214033654, -0.7134040402227022, -0.18369793539975876, 0.2587202330236955, 0.03448841277670904, 0.20986621785944765, 0.6991136795638867, 0.6685832961050409, 0.39354506452052124, 0.07087289666378856]], "inverted": false, "swapped": false, "error_lsq": 0.05422245210601947, "error_max": 0.27216079198898513, "target": "213.xyz", "model": "15.xyz", "model_rescale": 3.769337070930944, "target_rescale": 3.84913275084507},
{"mapping": [2, 1, 4, 3, 9, 5, 10, 6, 7, 0, 11], "R": [[0.09828284681716101, 0.3206736834321614, -0.9420768921778968], [-0.9925972313195062, 0.09946398550496918, -0.06969685763589747], [0.07135277428639855, 0.9419529204485314, 0.3280754139830004]], "T": [0.036529676757546474, 0.10959167735393491, 0.005721437186132584], "aligned_model": [[-0.2648820636999641, -0.4534933436380843, -0.14529152471613088, -0.6836674292142914, 0.49118546249994083, 0.2671388146318734, 0.5403252434911998, 0.2968264567152476, 0.18414996404226808, -0.4456259009851582, 0.13596045156427009], [-0.0038739530850717685, -0.45610845590300786, 0.714332846898385, 0.20711521925942838, 0.1360729867226057, -0.5181533751174701, 0.582850213713149, -0.4787397308794995, 0.4185049669467267, -0.06291417716342365, 0.05697795623352021], [-0.545681851871721, 0.009699712715570026, -0.23848014266680462, -0.05834479058467528, -0.6222734292492376, -0.3655758221922988, 0.004307438888458866, 0.3701072771559108, 0.5888427325091234, 0.6180378580292478, -0.016421375509796374]], "inverted": true, "swapped": true, "error_lsq": 0.04786371139910372, "error_max": 0.2819257279850411, "target": "213.xyz", "model": "16.xyz", "model_rescale": 3.7852294659196426, "target_rescale": 3.84913275084507},
{"mapping": [9, 8, 2, 11, 7, 3, 0, 10, 4, 1, 5, 12], "R": [[0.33690606413243773, -0.5764273553388941, -0.7444634362866979], [-0.30503531493999436, 0.6812198020004372, -0.6655020946638288], [0.8907568470633546, 0.45129933013410684, 0.05367638242521812]], "T": [-0.04530535513802309, 0.028703962191282215, 0.03720801524394721], "aligned_model": [[-0.33325906821768064, -0.42376932719942917, 0.0032469416135941717, 0.26559436289304744, 0.5866580870641116, -0.6893316212146476, -0.6117864211499504, 0.24774782893824426, -0.11429551307343003, -0.0002709806671249773, 0.35524486876354455, -0.028359963614274036], [-0.457462130391001, 0.15228918934104899, 0.6347537070596748, 0.20552594514664155, 0.3318824392133679, 0.4010993884391366, -0.3415482043460014, -0.6949605074584045, -0.42508640369070283, 0.40622086643732735, -0.10204868319673568, -0.02950807829517629], [-0.6169991194303505, -0.4782506394843571, -0.029375783501453576, -0.6031102072870136, 0.02571784696757788, 0.31836132978182663, 0.12529712219344238, -0.16200202955434861, 0.5767461019721559, 0.6114092398782796, 0.5418586611533944, -0.0318720798698493]], "inverted": true, "swapped": false, "error_lsq": 0.035116105940303816, "error_max": 0.1809186665029008, "target": "213.xyz", "model": "17.xyz", "model_rescale": 3.901054581598922, "target_rescale": 3.84913275084507},
{"mapping": [0, 1, 6, 7, 11, 4, 8, 13, 5, 10, 9, 14], "R": [[-0.6420287524616921, -0.6469706883440768, -0.4113733212497806], [-0.5200487036039018, 0.7617506911605434, -0.38637446913109563], [0.5633368680393507, -0.034129355986106086, -0.8255221136756965]], "T": [-0.055209315540359585, -0.08893221942472876, -0.013415941154522572], "aligned_model": [[-0.31225027404947653, -0.477548934001793, 0.050986558796133494, 0.14894256105626447, 0.5576198218668165, -0.6331082926151986, -0.659970938788602, 0.3258391510549909, -0.1049920576500882, -0.01732161583543003, 0.3799463182846494, -0.0007231039822609836], [-0.33535570578480867, 0.23439265351813263, 0.6158279219108546, 0.1576177514137542, 0.41224826063882225, 0.3660178768346065, -0.2756061168152326, -0.6919066692373567, -0.49058485980455724, 0.36468501107485196, -0.18784586804856768, -0.08833272744132364], [-0.6832740824936747, -0.4637223064772546, -0.24955430044563265, -0.59411564578581, 0.08653186359736428, 0.2774915220004893, 0.1861698479665054, 0.12342731691495445, 0.46227606220434075, 0.6686761923097334, 0.4713987510739294, -0.007524778045641112]], "inverted": true, "swapped": false, "error_lsq": 0.044027307150924976, "error_max": 0.24151707250487817, "target": "213.xyz", "model": "18.xyz", "model_rescale": 3.9405287249114394, "target_rescale": 3.84913275084507},
{"mapping": [10, 11, 13, 14, 12, 9, 5, 1, 8, 7, 0, 15], "R": [[-0.6437032917056993, -0.6867135630407887, 0.3377433264819196], [-0.3413862455759401, 0.652663870986135, 0.6763765983835913], [-0.6849098506948281, 0.32008491661622995, -0.6545564472037302]], "T": [0.0732593897769635, -0.015988751500448272, 0.030773999301605782], "aligned_model": [[-0.18532250515719378, -0.4876728375304163, -0.03955120214495955, 0.15808143521477586, 0.5802867323374261, -0.5842228688726423, -0.6572148980973762, 0.41795429631309006, -0.23273179194096255, -0.1286779113708182, 0.3629535341268875, 0.05353721125819465], [-0.2616109638416404, 0.20785220955831682, 0.6210388891334967, 0.3084187619057301, 0.13398851143781973, 0.31604652469065636, -0.37779382349340346, -0.5777991072638666, -0.29127156815686783, 0.39193749623068336, -0.3469401873510103, -0.04270921459073902], [-0.6697323670958776, -0.36224440029323096, -0.15033204916321433, -0.6672975929649407, -0.11264551369092198, 0.2463650517185485, 0.19438037874176278, -0.001997475252814584, 0.6654872598378357, 0.5678429443715031, 0.5591892789763782, 0.008764927634275912]], "inverted": false, "swapped": false, "error_lsq": 0.037983923483904815, "error_max": 0.17703971013052, "target": "213.xyz", "model": "19.xyz", "model_rescale": 4.410303926677745, "target_rescale": 3.84913275084507},
{"mapping": [12, 4, 6, 11, 10, 0, 2, 8, 1, 3, 5, 13], "R": [[-0.42010828235272046, -0.337613918266517, 0.8423335878922179], [-0.812496407069593, 0.5533532028364011, -0.18343887649486773], [-0.40417647086099595, -0.761457205037438, -0.5067783591462092]], "T": [-0.10178025390392978, -0.027923944555981076, 0.019109573255741197], "aligned_model": [[-0.13270319552899842, -0.5132919415012565, -0.19068431177940637, 0.13744678508993471, 0.6992792410573617, -0.5404269718753905, -0.758579951462215, 0.3785118880773555, -0.3364311296550849, 0.00028187455542419415, 0.5498821847038172, -0.03586527754553673], [-0.4434382217038282, 0.23382773155185366, 0.5289776515152789, 0.3218538405248178, 0.15370192532126153, 0.24051078263033138, -0.1104012658996439, -0.6256196952851322, -0.5148865010607567, 0.5018686763373146, -0.13564424321135923, -0.06959315246096225], [-0.6110226306952427, -0.4880763749322797, -0.11676722375204712, -0.6933223528760675, -0.002097546561136421, 0.517799082445597, -0.0013935120099240472, 0.0751169773968568, 0.539615410152835, 0.5037391188715301, 0.5317528472131603, 0.02243664756602189]], "inverted": false, "swapped": false, "error_lsq": 0.04788728995684227, "error_max": 0.29831915606094683, "target": "213.xyz", "model": "20.xyz", "model_rescale": 4.121658175737393, "target_rescale": 3.84913275084507},
{"mapping": [11, 4, 3, 7, 5, 2, 10, 9, 6, 1, 8, 12], "R": [[-0.5180909725717331, -0.8480673533349053, -0.11119131417158568], [0.397698724615931, -0.35394291116036813, 0.846498753736936], [-0.7572433351166172, 0.3943427187699203, 0.5206499318876456]], "T": [-0.022748665954066195, 0.014803997379197714, 0.07178618423859319], "aligned_model": [[-0.2244315575752957, -0.5328478232049928, -0.08384193227843097, 0.3080355866330751, 0.6170683723846315, -0.6498240137874154, -0.5525937846934832, 0.16573174947171834, -0.2121171290505311, -0.039323068925774994, 0.42488686372610734, 0.036675931436396775], [-0.20095184675133218, 0.08721719364533469, 0.6000497697625403, 0.1350099703538964, 0.2322233586248987, 0.36598307004947717, -0.557340134867616, -0.6353989306912404, -0.23309604895191968, 0.5307805224170613, -0.3306513646436309, 0.08733196931170609], [-0.7572749896754916, -0.18057621530883083, -0.2975317027709918, -0.513833455116813, 0.15703000391927696, 0.31604301887632574, 0.09604074567653158, -0.1819344505355499, 0.642145381837459, 0.536402564459335, 0.43782734050946603, 0.02344220094858658]], "inverted": false, "swapped": false, "error_lsq": 0.058455143750634236, "error_max": 0.3448378924461595, "target": "213.xyz", "model": "21.xyz", "model_rescale": 4.08911054899281, "target_rescale": 3.84913275084507},
{"mapping": [9, 10, 7, 12, 3, 6, 8, 15, 1, 0, 2, 16], "R": [[-0.5363743343539195, 0.5780330235031212, -0.6149637364806401], [-0.5591254454281902, 0.30244146388530074, 0.771950709046662], [0.6322035350431993, 0.7578964208008616, 0.16097113286588297]], "T": [-0.044646020385597264, -0.056774704442988586, 0.00261771537675368], "aligned_model": [[-0.12695109429092763, -0.5267686558167369, -0.21388155879383997, 0.19460794522196675, 0.7960754612407706, -0.6508525532388144, -0.6328964403136352, 0.28284045783111295, -0.15913450519475544, -0.13205125890829453, 0.4563164661574851, -0.02988506975832618], [-0.2591355335618164, 0.2780475595054037, 0.6230776418969614, 0.28842463994146156, 0.13708843163563184, 0.3180428425553633, -0.2914735189657202, -0.7070233571385117, -0.42170795037308606, 0.43388070581573407, -0.30119708009481655, -0.016866852957429138], [-0.6754852128062008, -0.5510854769423283, -0.11967826871581842, -0.6044773831141543, -0.0967970626806601, 0.22076806385135136, 0.2848231865784732, 0.04051645080481811, 0.6981135774255983, 0.5956581784498136, 0.46147294170695624, 0.02395144826145489]], "inverted": true, "swapped": false, "error_lsq": 0.03843140120952502, "error_max": 0.21436847449507035, "target": "213.xyz", "model": "22.xyz", "model_rescale": 4.204369325754507, "target_rescale": 3.84913275084507},
{"mapping": [10, 11, 13, 14, 12, 9, 5, 1, 8, 7, 0, 15], "R": [[-0.6437032917056993, -0.6867135630407887, 0.3377433264819196], [-0.3413862455759401, 0.652663870986135, 0.6763765983835913], [-0.6849098506948281, 0.32008491661622995, -0.6545564472037302]], "T": [0.0732593897769635, -0.015988751500448272, 0.030773999301605782], "aligned_model": [[-0.18532250515719378, -0.4876728375304163, -0.03955120214495955, 0.15808143521477586, 0.5802867323374261, -0.5842228688726423, -0.6572148980973762, 0.41795429631309006, -0.23273179194096255, -0.1286779113708182, 0.3629535341268875, 0.05353721125819465], [-0.2616109638416404, 0.20785220955831682, 0.6210388891334967, 0.3084187619057301, 0.13398851143781973, 0.31604652469065636, -0.37779382349340346, -0.5777991072638666, -0.29127156815686783, 0.39193749623068336, -0.3469401873510103, -0.04270921459073902], [-0.6697323670958776, -0.36224440029323096, -0.15033204916321433, -0.6672975929649407, -0.11264551369092198, 0.2463650517185485, 0.19438037874176278, -0.001997475252814584, 0.6654872598378357, 0.5678429443715031, 0.5591892789763782, 0.008764927634275912]], "inverted": false, "swapped": false, "error_lsq": 0.037983923483904815, "error_max": 0.17703971013052, "target": "213.xyz", "model": "23.xyz", "model_rescale": 4.410303926677745, "target_rescale": 3.84913275084507},
{"mapping": [8, 10, 11, 9, 14, 1, 3, 5, 0, 7, 12, 16], "R": [[-0.33982876594582884, 0.7128181168500183, 0.6135199606582731], [0.9148400191613093, 0.4018458439527633, 0.03984541427601135], [-0.2181379132032546, 0.5748132305264775, -0.7886733169285266]], "T": [0.0780127283792702, 0.0042881529877560505, 0.000749446985962219], "aligned_model": [[-0.14623539992312973, -0.40497162496267414, -0.011505383786228035, 0.14033621850433903, 0.6025698114839535, -0.6351258627476422, -0.7350424625490223, 0.2904905352151231, -0.1916308223134947, -0.011956405536048875, 0.39350474779189026, -0.03301415704106064], [-0.29627726767630796, 0.1260972034642588, 0.6202378894867491, 0.21737299634975338, 0.37536160444364614, 0.3599357237229098, -0.35760202332221397, -0.5870946792501408, -0.32627316838414555, 0.34661180310186485, -0.36998654624656563, -0.02722600743063289], [-0.7307420923419773, -0.41838372507811045, -0.11463649805029101, -0.5850240721632116, -0.21207524660938887, 0.3190001419514935, 0.1320039380670596, 0.0276113301001857, 0.6239728254537699, 0.5634669340053177, 0.6383692945312709, 0.03421761295318594]], "inverted": false, "swapped": false, "error_lsq": 0.03737965842500288, "error_max": 0.2221165365526709, "target": "213.xyz", "model": "24.xyz", "model_rescale": 4.28219845311461, "target_rescale": 3.84913275084507},
{"mapping": [9, 5, 1, 3, 4, 8, 11, 13, 14, 6, 2, 15], "R": [[0.7012742289918782, 0.24224031158953147, -0.6704730324128285], [-0.6475304360133538, -0.17695207115467357, -0.7412100235091451], [-0.29819253878694385, 0.9539431827709018, 0.03276604731607036]], "T": [-0.01668727860133931, -0.08510996096663469, 0.002651295759014693], "aligned_model": [[-0.21642073262481856, -0.6836422430588229, -0.058280061322142, 0.18617319479613367, 0.653472784615898, -0.47975598254129337, -0.5002768233187163, 0.30696756934648983, -0.23421890527949035, -0.1329809051029579, 0.3887577741623103, 0.027623524463414546], [-0.36034091390512973, 0.27503329573343066, 0.5192053495549293, 0.2916975407372993, 0.16927968242681196, 0.40179500074661795, -0.33472393976491294, -0.5817580744885316, -0.44527268957436916, 0.3634712401001695, -0.18108256088779984, -0.036146402419340015], [-0.5814960775700865, -0.38561226286209693, -0.20459359498967689, -0.6430336737519826, -0.1416399791973579, 0.17711329912711538, 0.020288899823267852, 0.04144108400299995, 0.637558710435531, 0.7755987929705569, 0.5459593056776727, 0.036195939153361195]], "inverted": false, "swapped": false, "error_lsq": 0.04012772416896634, "error_max": 0.22623224119265753, "target": "213.xyz", "model": "25.xyz", "model_rescale": 4.100010024507729, "target_rescale": 3.84913275084507},
{"mapping": [3, 2, 5, 7, 9, 6, 1, 8, 0, 4, 10, 11], "R": [[-0.00891907368759065, -0.4939773604338803, 0.8694290180936751], [-0.07909361813553531, -0.8663910225417588, -0.4930626690688276], [0.9968272918087596, -0.07316394903107953, -0.031343051341440054]], "T": [-0.12071416128678977, -0.022653185285831833, 0.009985702439851493], "aligned_model": [[-0.13644546743481478, -0.7051582155240574, -0.012617290564872485, 0.25565517470614474, 0.6734371910748579, -0.5550924838435973, -0.5529810721807981, 0.1657433111230752, -0.2638277578613678, 0.06925054109702555, 0.35164571310882076, -0.03219044956441136], [-0.38875245327052466, 0.09699028197168506, 0.7182726644525004, 0.17927693371248138, 0.19072351048421188, 0.37783781785425624, -0.5785576025641828, -0.543109523939582, -0.3516722067542263, 0.5866353983277248, -0.2606206801455084, 0.054133388130339896], [-0.7137514587172186, -0.4280415508149922, -0.04942912778955851, -0.5154917915224653, 0.06570748797594679, 0.2772020332273924, 0.06710093994063143, -0.1446918492943889, 0.6771471955742511, 0.6087514445783447, 0.37774919027634857, 0.055527929385012165]], "inverted": true, "swapped": false, "error_lsq": 0.04342255663595084, "error_max": 0.2343070437024146, "target": "213.xyz", "model": "26.xyz", "model_rescale": 3.6694154284099745, "target_rescale": 3.84913275084507},
{"mapping": [4, 8, 9, 10, 11, 7, 5, 0, 1, 3, 6, 13], "R": [[-0.01085663364004194, 0.768064428963222, -0.6402805373173589], [-0.7543551211506457, -0.42660582468728697, -0.4989547289450964], [-0.6563767856192056, 0.47758193360331336, 0.5840248385093907]], "T": [-0.022742338958672052, 0.02915902322130739, -0.007018422894530012], "aligned_model": [[-0.060046200695094205, -0.46121192024673546, -0.0042730302965196185, 0.1451826557260924, 0.7378549616046954, -0.5064079877040728, -0.6483733395374989, -0.01962088281968332, -0.20758500675916852, -0.0686085229445785, 0.3251835137656366, 0.02532495404293173], [-0.40405175266229704, 0.19709303506276826, 0.7080421094162337, 0.19759107952173327, 0.35744330299360094, 0.2596840033881087, -0.43383254780122926, -0.6314195172703737, -0.5109626829629953, 0.5013801920597154, -0.15902107139519778, -0.0007886220908919425], [-0.704490584092955, -0.4404925125261385, -0.06735228889321461, -0.5595784272951098, -0.23039399737682834, 0.32321527989976395, 0.13511938346946897, -0.03067410903115354, 0.6665900571327795, 0.6469958592132854, 0.5539862872466392, -0.015144504927233566]], "inverted": true, "swapped": false, "error_lsq": 0.04229241945985226, "error_max": 0.27016235219870516, "target": "213.xyz", "model": "27.xyz", "model_rescale": 4.103607728864725, "target_rescale": 3.84913275084507},
{"mapping": [4, 1, 0, 2, 3, 5, 7, 13, 11, 9, 10, 14], "R": [[0.06849826905292505, 0.9799440415229745, 0.18713006872325982], [0.7586962183419327, -0.17296774619263622, 0.6280622636735075], [0.6478333392242204, 0.09895369755930616, -0.7553278297063719]], "T": [0.03147216193742767, -0.10028349637204527, 0.15620647190500514], "aligned_model": [[-0.09820250508866588, -0.489687523973999, -0.058791694364237, 0.2371715886068706, 0.52753877010735, -0.5386741099471087, -0.6852217438677815, 0.17984176929600293, -0.17098905489633018, -0.003249062089987105, 0.37326941908559547, -0.015586658731704471], [-0.4586763152876221, 0.29589427013236125, 0.5527721491893515, 0.040004095717031604, 0.39223913096417873, 0.3118562220236978, -0.17900619978853466, -0.684371844530446, -0.6585148859943268, 0.5222558073160565, -0.041035304636092146, -0.012259596846480106], [-0.6661975378225349, -0.4555913633176705, -0.11776889382627115, -0.5361285940896277, -0.11741778576858042, 0.35674198386912276, 0.14091507197377412, -0.08191071376531606, 0.5018195572733953, 0.6866432523214493, 0.5296225442529443, 0.03705292171861867]], "inverted": true, "swapped": false, "error_lsq": 0.04794387851236931, "error_max": 0.2817152630706065, "target": "213.xyz", "model": "28.xyz", "model_rescale": 4.137296879288765, "target_rescale": 3.84913275084507},
{"mapping": [6, 0, 3, 4, 9, 1, 5, 7, 10, 8, 11], "R": [[0.9911037557235552, -0.1280493015178653, 0.036286661067815314], [-0.0557925369440822, -0.6472664185764471, -0.7602192948120714], [0.12083268685255208, 0.7514316733835531, -0.6486523737904508]], "T": [-0.03520383536038177, 0.0014671176902283237, -0.08557017161365464], "aligned_model": [[0.5444824417570384, 0.10318557840448436, -0.14615962818138212, -0.6341110842199065, -0.027723784864072096, 0.5189379562516205, 0.6111513009046619, -0.3627015595132328, -0.4967856988217134, 0.09073968802010976, 0.020403800972290415], [-0.20794052420411535, -0.7771933308642729, -0.3013089254015078, 0.14735156564581983, 0.7734002917949799, -0.27339894784031216, 0.4103456605581109, -0.4139547785251954, 0.27698350012393325, 0.21657163693131504, 0.06829166842919689], [0.32281391179161284, -0.19373646137163753, -0.7400277133884888, -0.36562923352417204, -0.009059263337594756, -0.5069139134320998, -0.07334498443981115, 0.3356417745413794, 0.3489623599909923, 0.697869760186934, -0.010822215234115806]], "inverted": true, "swapped": true, "error_lsq": 0.038942911316172904, "error_max": 0.28417381266140207, "target": "213.xyz", "model": "29.xyz", "model_rescale": 3.607286011436655, "target_rescale": 3.84913275084507},
