[{"mapping": [2, 8, 5, 3, 4, 11, 7, 12, 0, 10, 13, 14], "R": [[0.41585960978471515, 0.9093937664443759, 0.007985142567073805], [0.8102076937893796, -0.37446202307606774, 0.4509342371103281], [0.4130669169446999, -0.181055711939421, -0.8925214570529438]], "T": [0.06568011147019455, -0.2278141823676128, -0.09105334802421028], "aligned_model": [[-0.26817149587965533, 0.25461966532436153, 0.3753332188225455, -0.06104572224404266, 0.04831208186243727, -0.7651721777936047, 0.5117437459438983, -0.2630819393768015, 0.4453949779347358, 0.09286649260683301, -0.5703062166853627, 0.03714983194520456], [-0.3086191472465162, -0.7182355415993671, -0.21463963632663696, 0.6141006187901239, 0.34695625194394614, -0.5262418275700551, -0.17850395617786488, -0.47125661537903857, 0.27698527745691, 0.2557727036848867, 0.14293418441662176, -0.16569727601595313], [-0.5187510959762144, 0.1524563043498855, -0.6288120668596012, -0.03971506859094981, -0.6518662944616626, -0.043749580282533854, 0.4131892328904323, 0.6340618012360058, -0.052271525049003065, 0.5445437980513389, 0.379674424734167, -0.006808184688302188]], "inverted": true, "swapped": true, "error_lsq": 0.04257665509276865, "error_max": 0.20885150036219294, "target": "214.xyz", "model": "0.xyz", "model_rescale": 3.751011558992144, "target_rescale": 3.873774385155273},
{"mapping": [5, 10, 1, 2, 8, 4, 0, 9, 11, 6, 13, 7, 12, 3, 14], "R": [[0.702571159148641, -0.695912591463597, -0.14865877496789792], [0.1948375218353233, 0.3890386160631578, -0.9003817497576975], [0.6844210008595625, 0.6036179422897269, 0.4089171961758409]], "T": [-0.08319902157991448, 0.0710034794675524, -0.02454911440704841], "aligned_model": [[-0.6747462867459927, -0.07520144056234855, 0.4574181861611763, -0.6815811597563447, -0.31138858394665286, 0.17518122656016594, 0.08902612977848447, -0.4552348908819706, 0.24565063575433105, 0.6290637732034476, -0.685707214281258, 0.4259949968668451, -0.026169757158469767, -0.25190559266976625, -0.08917766312614402], [-0.11072389717055389, -0.747825714070754, 0.27091862299206526, 0.5611695036132736, 0.0008777689240283271, -0.4239833906828647, 0.7656699788542369, -0.2796437344998979, -0.28110627189000537, -0.11263761175067241, 0.28588466214059327, 0.42610676235026723, 0.33186966865024903, 0.7662762531859267, 0.06607923816954203], [-0.10900644476022571, 0.01913771010715806, -0.41627927602297005, -0.3168061715890578, -0.6437664918178533, -0.584729099465041, -0.27610719988416277, 0.3911737074632724, 0.611538627022343, 0.12606099831356085, 0.31941622303464023, 0.20847477677410065, 0.6687557236101528, 0.24292004738518166, 0.02970786796635821]], "inverted": false, "swapped": false, "error_lsq": 0.037799444510535456, "error_max": 0.26819635482428966, "target": "214.xyz", "model": "1.xyz", "model_rescale": 3.9405287249114394, "target_rescale": 3.873774385155273},
{"mapping": [4, 5, 2, 7, 8, 6, 0, 1, 12, 13, 10, 3, 14], "R": [[0.024032385190142863, 0.9027286050275495, -0.4295387178440235], [-0.08425042828848944, 0.4299631564157319, 0.8989068636172646], [0.9961547619698854, 0.014585944948334317, 0.08638831179439421]], "T": [0.026903502666576998, -0.004743417463330679, -0.1798943694759803], "aligned_model": [[-0.41080633171187053, 0.1527859248691158, -0.3062741335241209, 0.4866643194950033, 0.4904462443013914, -0.6742464036583703, 0.09144313270624421, 0.7596644275381749, 0.04623035005566896, -0.5810954380036035, -0.052226625827983805, -0.4974410745691367, -0.009161112386581093], [0.6032678631266126, 0.6020441463136745, 0.2511095369813367, -0.29542663115210804, -0.2452824268513472, -0.003747753501075257, 0.1865523487061389, 0.313847121381489, -0.8304367959779262, -0.6011064326430113, -0.49125402129221657, 0.05051148088535895, -0.08124584240490913], [0.10977137766506556, -0.21461501845929135, -0.5326600567624413, 0.21984067452573958, -0.4304484096369754, -0.10842270770525954, 0.4198976530172948, 0.09123627534517337, -0.28476381975327814, 0.015569282873418244, 0.44909288230829064, 0.4905720717469822, -0.11194985557607492]], "inverted": true, "swapped": true, "error_lsq": 0.04369872592635222, "error_max": 0.3098107907542453, "target": "214.xyz", "model": "2.xyz", "model_rescale": 3.932901565614263, "target_rescale": 3.873774385155273},
{"mapping": [0, 10, 3, 7, 4, 2, 6, 5, 8, 9, 13, 12, 11, 14], "R": [[-0.20007037948103087, 0.8653340300327987, 0.45953113030730774], [-0.2829737539520728, -0.5000604488609341, 0.8184530542793966], [0.938028623139288, 0.033712964156189684, 0.3449141026679185]], "T": [-0.13604396379843653, -0.04763721286397822, 0.06799879559648436], "aligned_model": [[-0.23867007672262244, 0.39239742312160375, 0.22176626261581817, -0.11035081496244997, -0.32766996539647275, -0.20018736878415055, 0.2796053115018357, -0.7006686946485927, -0.24833603719377115, -0.22596768063985156, 0.7229762025671054, 0.4995532687426627, 0.3991848043696493, -0.04382272251805998], [0.03149549945349049, 0.29063035434074874, -0.35584809302178283, 0.5702888084820458, -0.6698899917520164, -0.5338308249223755, -0.6003394901017367, -0.28370998435844763, 0.40397375768656607, -0.0067276679057266114, -0.17252951945377704, 0.3947300505323635, -0.3844080243989186, -0.020338236229945055], [-0.5514491836834128, -0.4268788270013278, -0.6422782514069639, -0.20250469617506145, -0.402378516973621, 0.3137895539109957, -0.06792858796190959, -0.03549813726213838, 0.4128846273316517, 0.7707928534631082, -0.03202051579898761, 0.37372423813543676, 0.6858400524431768, 0.01780175403615096]], "inverted": false, "swapped": true, "error_lsq": 0.045716416844566565, "error_max": 0.248835318224029, "target": "214.xyz", "model": "3.xyz", "model_rescale": 3.9243930471874484, "target_rescale": 3.873774385155273},
{"mapping": [3, 0, 4, 6, 2, 10, 13, 5, 9, 8, 11, 12, 14], "R": [[-0.549435963027874, -0.21006674841094197, 0.8086977703343113], [-0.6057216152664943, 0.7668190001465653, -0.21234393283814557], [-0.5755184161524126, -0.6065151129413642, -0.5485599059748557]], "T": [-0.008263966280469055, 0.11477266851117071, -0.18506422204771852], "aligned_model": [[-0.004208953434402314, -0.20135075747466794, 0.5085932093486025, 0.3438478981936751, 0.519290059214341, -0.5992149880368307, -0.174929609832301, 0.35354235849207777, 0.15211396394079052, -0.30717701119972285, 0.2923965399915785, -0.5323821991556272, -0.07331462373616093], [-0.6872504893373718, -0.16548881138214824, -0.2831943690133226, -0.46777730139326024, 0.12255586590045249, -0.4224666723108229, -0.5852724870480497, 0.3479641675495331, 0.6249706643590486, 0.5784903010254465, -0.0026320427731244406, 0.03689580839128212, 0.031034919713924428], [-0.47533650701422603, -0.7186191847281619, -0.6537376249070319, -0.002381030748232399, -0.03493802944630814, -0.2120806677596243, 0.310593866313148, -0.6322341711394003, 0.28147224814797256, -0.008640968837884733, 0.6379981244212574, 0.4571008319531976, -0.16212657088374202]], "inverted": true, "swapped": true, "error_lsq": 0.040040113281853355, "error_max": 0.28019871325119905, "target": "214.xyz", "model": "4.xyz", "model_rescale": 3.8936222436046832, "target_rescale": 3.873774385155273},
{"mapping": [11, 12, 9, 2, 8, 7, 10, 0, 4, 6, 5, 14], "R": [[0.036894745055099765, 0.36853262741899523, -0.9288823823902419], [0.03413782218496755, -0.9294375171649504, -0.367396938994761], [-0.998735894460486, -0.018155005202551366, -0.04687226154463431]], "T": [-0.08756736101193952, 0.06665920446153864, -0.03600054150157864], "aligned_model": [[0.00342545555099924, -0.6668901128206149, -0.3083743883999208, 0.3169457529126918, -0.6001695487173191, -0.606692023576768, -0.33627294593838764, 0.01802584583393292, 0.6573472025556859, 0.42946973064918115, 0.2312845271402041, -0.11055145297458725], [-0.5877010538438532, -0.5264061954402478, 0.07252098946275658, 0.02346107199028938, 0.2029680417032622, 0.1709924731085309, -0.3365735653004298, 0.2575159408393696, 0.21763594307266854, -0.40886551673762694, 0.5965444313468395, -0.013169655091751373], [-0.6234911304670306, -0.11215344446967851, -0.7104553210269255, -0.40398799196201196, -0.2687388354073177, 0.3826747486513291, 0.6075272148517331, 0.5580816793178992, 0.2237727806202505, 0.021176956673333087, -0.08889832019179916, 0.033776382685737086]], "inverted": false, "swapped": true, "error_lsq": 0.041872412687892095, "error_max": 0.2558696651199727, "target": "214.xyz", "model": "5.xyz", "model_rescale": 3.6523030999806103, "target_rescale": 3.873774385155273},
{"mapping": [4, 0, 7, 5, 8, 6, 10, 2, 13, 11, 12, 9, 14], "R": [[0.5304558805463002, -0.8420230945507023, -0.09804930921280552], [-0.31731517130925746, -0.30448188566634865, 0.8981101621505243], [-0.7860837365388155, -0.44529528354152104, -0.42870090926524806]], "T": [0.20710520579263006, -0.04033479311613779, 0.0934659813930465], "aligned_model": [[0.05224044292803856, 0.042795163166484435, 0.1845727259914927, 0.6137900326219021, 0.5421831136260394, -0.3231746156163251, -0.408774081201953, 0.277829998236744, -0.6160390294568032, -0.059029017925764954, -0.13463459746570414, 0.600003823318475, 0.10931894644166901], [-0.6899802066928173, 0.014007313505486549, 0.5684117996448461, -0.3913013304528991, 0.3776932565471203, -0.49222368812638556, 0.4016806560278036, -0.5285888855777994, 0.020173539943516103, -0.2543995325732404, 0.5276767948942148, -0.018186031063307947, 0.0058632180866454164], [0.5397300325384299, 0.7022015969000684, 0.38430050130108284, 0.40438879582859427, -0.12672384756688465, -0.012930064094462554, 0.346238911806424, -0.14636238767648468, -0.19339619235245753, -0.7219854854187432, -0.41023772785398993, -0.49714341759896774, 0.10202902366918018]], "inverted": false, "swapped": true, "error_lsq": 0.0508180656687532, "error_max": 0.24971750709998716, "target": "214.xyz", "model": "6.xyz", "model_rescale": 4.08911054899281, "target_rescale": 3.873774385155273},
{"mapping": [6, 3, 1, 7, 2, 0, 13, 4, 8, 9, 5, 11, 10, 12, 14], "R": [[-0.15385192786281582, -0.7409410380469095, 0.6537093868309243], [0.5847592853696661, 0.4650161918346751, 0.6646928008527953], [-0.7964836234768748, 0.48452690273043125, 0.3617285143081797]], "T": [-0.09272944623607485, 0.1452715151975077, 0.05547282558013776], "aligned_model": [[-0.3613330954284175, -0.09331991817553528, 0.42764041471867575, -0.7426773472723089, -0.22347612904622358, 0.05889954184935134, -0.03075419584324307, -0.4888430670362428, 0.12953740722713236, 0.5966704975169759, -0.7231967708801785, 0.35382575347933964, -0.017546822365398673, -0.18344671899023376, 0.06924280944181041], [-0.16352268874406867, -0.6453615020867824, 0.1634758392004031, 0.3816777361166772, 0.17580788736442635, -0.5302577544436181, 0.7780644719296907, -0.29050328561222283, -0.22787435818782098, -0.226372613631537, 0.30968546515533474, 0.4807197300614827, 0.3857445321269283, 0.8159436410780398, 0.11170473848850129], [-0.23025639187254138, 0.018723409413331185, -0.46108294996876287, -0.2923328517552979, -0.739582127363544, -0.5811786009746177, -0.30733106717807185, 0.4428277172467786, 0.5813136535043768, 0.08961469090676163, 0.450416157209752, 0.23601094263261846, 0.7305988876594847, 0.27901520188076717, 0.05373432679642251]], "inverted": false, "swapped": false, "error_lsq": 0.04239530778759431, "error_max": 0.2792946517702379, "target": "214.xyz", "model": "7.xyz", "model_rescale": 3.964800864290218, "target_rescale": 3.873774385155273},
{"mapping": [9, 12, 8, 11, 5, 13, 2, 7, 10, 3, 6, 4, 0, 14], "R": [[0.6203229928034958, 0.7239963061741174, -0.3017096837119222], [-0.23027403277180464, 0.5358185800995551, 0.812325254470835], [0.7497821379776425, -0.4344281273885596, 0.4990981343416797]], "T": [0.09009264136742527, 0.10666932609588108, -0.048917253099024935], "aligned_model": [[-0.19806462851976964, 0.052396698669172945, 0.312022468616065, -0.6790904246664772, 0.16224903591650125, -0.2701193470418866, -0.39144256706798997, 0.7013709920058364, 0.4117894182588363, 0.074864397286191, -0.42643346679361666, -0.09213403499104324, 0.5006051741654078, 0.10317417362364519], [0.10937108344652473, -0.684125220747878, -0.031214554943938003, -0.26115070456353223, 0.722839282322157, -0.5859293642543874, 0.36775026292633195, -0.1792963337734818, -0.47555906903028444, -0.00845473389717212, 0.006208098786080071, 0.6020887155682353, 0.2116707341125092, 0.016750270230038014], [-0.697482933512565, -0.30652875233881977, -0.5658731530822556, -0.282750673317186, -0.029653426645777983, 0.3436027777928149, -0.07845179462535569, -0.06399253851912771, 0.3939149808532137, 0.7960857881186536, 0.41994168338175963, 0.556497421699329, 0.42115090044565595, 0.010354758474681855]], "inverted": true, "swapped": true, "error_lsq": 0.045709433937640064, "error_max": 0.2862712799960045, "target": "214.xyz", "model": "8.xyz", "model_rescale": 4.121658175737393, "target_rescale": 3.873774385155273},
{"mapping": [5, 8, 7, 0, 9, 2, 12, 13, 10, 11, 4, 3, 14], "R": [[0.8162155310160957, -0.2950282419646295, -0.4967399152185914], [0.5607546551881712, 0.19755158486119745, 0.8040693925300381], [-0.1390914217804552, -0.9348431460742971, 0.3266831318342017]], "T": [-0.15789145795016776, 0.005634781836954376, -0.1418587855979781], "aligned_model": [[-0.5783232978563811, -0.21077839152481256, 0.3195785324214656, 0.17647505680459932, -0.6066956003988764, -0.5812445308892271, 0.29135995509601276, 0.39502974587768924, 0.6388723911760842, -0.3377242368002624, -0.31188070651891225, 0.33759604578381164, -0.05552746673599389], [0.4258462030543763, -0.4065602732078457, -0.03381838052429359, 0.5196341700583361, -0.541506967798312, 0.0287961633024782, -0.6914226912881183, -0.23119217333849937, 0.044659728512011165, -0.5891097463524088, 0.7179951300707982, 0.551202631254365, -0.004136354331177049], [-0.32047145231381896, -0.5453515665177504, -0.6173908045919081, -0.2984268761061987, -0.1956184453703404, 0.20620360496446, -0.06820601246071381, 0.49194617870879115, -0.0947044640232699, 0.4870699466749197, 0.19578586057962827, 0.28751685833136587, -0.10727739391607602]], "inverted": true, "swapped": true, "error_lsq": 0.04639846466021975, "error_max": 0.27488102495101074, "target": "214.xyz", "model": "9.xyz", "model_rescale": 3.833441315466971, "target_rescale": 3.873774385155273},
{"mapping": [2, 3, 1, 13, 5, 4, 0, 9, 7, 6, 8, 12, 11, 10, 14], "R": [[-0.28438684162959693, 0.052473222985011114, 0.9572725239854679], [-0.68241727591944, 0.6902415657156878, -0.24056858166653194], [-0.6733726946013133, -0.7216738472661465, -0.16048698494720776]], "T": [-0.0021819346265901096, 0.13468922506688025, 0.03722428544036683], "aligned_model": [[-0.6100297495148621, -0.21424832566210705, 0.4377374830642569, -0.5893197879312422, -0.15412882928734234, 0.28693874723654456, -0.07229451269867529, -0.6226193765163582, 0.029030699469049192, 0.6264198441247731, -0.5873670261254014, 0.48616970371780477, 0.08343287822837293, -0.2716471383844484, -0.056852250524861474], [-0.16266999411808936, -0.7074216678343861, 0.4684576871179398, 0.3840704671212811, 0.044664556754672416, -0.48249704753433703, 0.6916860958498499, -0.27943248514173485, -0.27026413067375427, -0.07420858791572191, 0.2884981399012939, 0.4516826062387202, 0.26784478794697864, 0.8375188119710519, 0.06100259913166965], [-0.20515719823545575, 0.051328880359589144, -0.45336561722013613, -0.4410692214598043, -0.6156485212878977, -0.3767840675210812, -0.3483424066347292, 0.35576897048139405, 0.5653838521709401, -0.11261254423319353, 0.528610680023823, 0.19229823854133982, 0.7007578421935008, 0.3676379946833662, 0.061684116275801754]], "inverted": true, "swapped": false, "error_lsq": 0.04971606749619488, "error_max": 0.34938618729231574, "target": "214.xyz", "model": "10.xyz", "model_rescale": 4.2482417240324, "target_rescale": 3.873774385155273},
{"mapping": [11, 2, 5, 4, 12, 7, 8, 0, 6, 10, 13, 14], "R": [[0.5409820612783162, 0.505530452093982, 0.6721438621163764], [0.6255210286812543, 0.2923717849427012, -0.7233548106199091], [-0.5621937851422851, 0.8117620965375713, -0.15805203754560398]], "T": [0.048201484878435674, 0.030003223517750706, 0.13735068936980654], "aligned_model": [[-0.712039651719632, -0.026640659071168526, 0.5208112691764977, 0.6159900711611032, -0.6524025252901942, 0.1472684323731478, -0.20613393762262117, 0.5707801154700708, -0.03449263685971629, 0.03650897624049321, -0.40626798851475465, 0.02338413701978123], [-0.3832046186066708, -0.5134205156268588, -0.26563042932781106, -0.4154295891082208, 0.45876663715502725, 0.694707057706169, 0.3006505607758125, 0.2964578770218074, -0.3436476979565173, 0.6194750102398354, 0.1261302819291533, 0.09127681584891309], [-0.04404646019293254, 0.13834813886396152, 0.41026787521702046, -0.21532422074750912, 0.0014954722596240977, 0.20074940815441267, 0.5818411021989427, -0.10018540624852096, -0.4544829460665907, -0.40206140326537654, -0.6027403074102616, 0.05133103709158693]], "inverted": true, "swapped": true, "error_lsq": 0.04576803740950112, "error_max": 0.2777212061486229, "target": "214.xyz", "model": "11.xyz", "model_rescale": 3.6694154284099745, "target_rescale": 3.873774385155273},
{"mapping": [9, 8, 7, 1, 5, 11, 2, 13, 0, 3, 10, 4, 12, 14], "R": [[-0.06037383353134501, -0.5606401918636144, -0.8258556626262601], [-0.776959478773068, -0.4930201605030214, 0.3914908551706637], [-0.6266489994960591, 0.6652921888950032, -0.40582919415178026]], "T": [0.10734614409040333, 0.002100112822868934, -0.1037473963542343], "aligned_model": [[-0.08474609510146322, -0.09213637863581009, -0.050950582671685674, 0.5688820288968371, 0.7153760476897795, -0.4441691642065312, 0.2574715223509786, -0.5417121258488931, 0.3881295164898544, 0.17491333143599253, -0.29287055903634374, 0.6757500656162998, -0.7121518413944814, 0.036479084671276], [-0.38648949521048315, 0.15716609225102124, 0.6510644264087827, 0.602320300572316, -0.06893311001964411, -0.688862022431204, -0.5246207015820604, -0.11352519340526487, 0.4518419982227553, 0.16048817172549623, 0.522092819233721, -0.18288834235069282, 0.1055304532662219, 0.04580189145528857], [-0.6656887114954526, -0.6249666213943892, -0.2009703915899607, -0.47613252532047945, -0.20620213182982242, -0.09994939717059616, -0.07310011006160805, 0.4697260100937766, 0.24179976185653923, 0.7316348432615425, 0.35233733656117183, 0.43278789134778833, -0.2079870261324453, -0.03419346847364929]], "inverted": false, "swapped": true, "error_lsq": 0.042174480150501716, "error_max": 0.2861142017565293, "target": "214.xyz", "model": "12.xyz", "model_rescale": 3.9764082729961374, "target_rescale": 3.873774385155273},
{"mapping": [8, 11, 4, 2, 7, 3, 0, 10, 13, 6, 1, 5, 12, 9, 15], "R": [[-0.7908036320126769, -0.6113410619822405, -0.029861706749367334], [-0.27144209340129677, 0.3065617338424164, 0.9123261989406274], [-0.5485880107380041, 0.729576595895152, -0.4083738302053178]], "T": [-0.014879933807949386, 0.08800481809987659, 0.06640281685831578], "aligned_model": [[-0.578219505811291, -0.2334377551891008, 0.45172790785649275, -0.6618313778420936, -0.11392611830185483, -0.09818213198628861, -0.08917641217424717, -0.6183003768224026, 0.2302149758353863, 0.7254025810791747, -0.5809298677714144, 0.5226918495325344, -0.1361753754703858, -0.08442460268374846, 0.03578856894474259], [-0.26562005632866603, -0.6712547580935836, 0.35333389933360265, 0.3695034089949425, 0.2415019437653289, -0.498676163396533, 0.7057214593448466, -0.25727098340025545, -0.2536438874838715, -0.0888116647145884, 0.2685914666393114, 0.7157115740679804, 0.18783350805713006, 0.6574729569794348, 0.054539135050355], [-0.17286860109426413, 0.14578841644074997, -0.4108196915464593, -0.3057152911293866, -0.6668516987586246, -0.5313509928682953, -0.307781787225899, 0.4699065824032583, 0.5110208477868572, 0.13255820406713337, 0.29067611640653873, 0.20720307290513415, 0.6848971041735674, 0.24631586349371049, -0.022487146916563297]], "inverted": true, "swapped": false, "error_lsq": 0.04097195189911352, "error_max": 0.23993351485501643, "target": "214.xyz", "model": "13.xyz", "model_rescale": 4.170626492500431, "target_rescale": 3.873774385155273},
{"mapping": [8, 5, 9, 2, 12, 13, 11, 1, 7, 4, 0, 6, 10, 14], "R": [[-0.5792556774717189, -0.6780854925606694, 0.45239686658456707], [-0.25685450576411684, 0.6785511502688167, 0.688181734237067], [-0.7736204644303635, 0.28243300311334063, -0.567223920305666]], "T": [-0.002350307262290066, -0.06713236381040584, 0.042431168543707834], "aligned_model": [[0.28009105939139717, -0.01756201468356163, -0.23124912860811156, -0.5108750887048051, 0.09139570854051553, -0.29630030136549224, -0.690625268646232, 0.6950989419853223, 0.6414602215048582, -0.3024059225076086, 0.3478284030747945, -0.5385610620695648, 0.35706181790434915, 0.01782565627578296], [-0.03373923575171718, -0.6782574587612086, -0.12729180091060732, -0.2678426204561179, 0.6768502641557675, 0.7140878703303389, 0.35594192155387583, -0.5412119444314882, 0.13546171191932926, -0.44374402347291253, -0.15360549308782462, 0.16316963937546264, 0.5282066172113649, 0.028049020251403392], [-0.46216767093369276, 0.14984521566295284, -0.6266469473786275, -0.00262037103519909, -0.31929001933441087, 0.3008996266886724, -0.3165924505037929, 0.014800986073679682, 0.0537664383690505, 0.6853185203161754, 0.5624380656001043, 0.4376012517737838, 0.43609794354485315, 0.09042251227731747]], "inverted": false, "swapped": true, "error_lsq": 0.046290756821414036, "error_max": 0.34012388564918083, "target": "214.xyz", "model": "14.xyz", "model_rescale": 3.9786697098870705, "target_rescale": 3.873774385155273},
{"mapping": [0, 8, 3, 4, 10, 13, 9, 11, 6, 2, 12, 14], "R": [[-0.34104645131633854, 0.6304726557698473, -0.6972743709409147], [-0.27725092678989005, 0.6412889975654863, 0.7154581365779559], [0.8982311738292542, 0.4373244241155182, -0.04391020876004767]], "T": [-0.1152554950548077, -0.19254051749680856, -0.08996849716342062], "aligned_model": [[0.12614318951861547, -0.6906732944724112, 0.6159884179598193, 0.573371040085884, 0.039550159989754474, 0.289289501442714, -0.5528494424399392, -0.025476122424111014, 0.516307983252594, 0.1172336193275677, -0.4428439079800288, -0.08268654749312244], [-0.26690993448385597, -0.14007589918664431, 0.03177340978199664, -0.5900697114062812, 0.41578050254245, 0.5705161040763008, -0.25709996539062285, 0.19964721100910943, 0.006930350577134925, -0.4176667583436531, 0.5588227917037363, -0.0969736106552318], [-0.6702320313871581, -0.04934787014145825, -0.46743530362727803, -0.2037133721812491, -0.5844984290434463, 0.04271735438933885, 0.46502967255558525, 0.6972676061105187, 0.1509865330404744, 0.352952138005277, 0.05590711169101384, -0.1296669155377884]], "inverted": false, "swapped": true, "error_lsq": 0.046636796772699, "error_max": 0.2237589269695485, "target": "214.xyz", "model": "15.xyz", "model_rescale": 3.769337070930944, "target_rescale": 3.873774385155273},
{"mapping": [0, 4, 7, 10, 1, 5, 8, 2, 12, 13, 14], "R": [[-0.8131675427554921, 0.5682446776575754, -0.12592272917481376], [0.28617665022067784, 0.20196225283267827, -0.9366505075529619], [-0.5068150276752527, -0.7976899364694202, -0.3268475072230861]], "T": [0.11049981790020588, -0.03594673452564801, 0.052486727970004435], "aligned_model": [[-0.3033824636011483, -0.2431609368909717, -0.020642556648606314, -0.5410871091436094, 0.3549736604305837, 0.32877743992381725, 0.5198837597731141, 0.26582635293805235, 0.04145931614587607, -0.5002883334094872, 0.020267001173550625], [-0.022613846761488428, -0.7086543471127218, 0.5453104588575292, 0.42661976375361244, 0.20539342144082431, -0.4415059077189455, 0.3737943722790112, -0.5054585208863661, 0.5971761902898185, 0.10959750381645467, 0.016405409667613682], [-0.42608781733061746, -0.20744095426285158, -0.2646987028937803, 0.04571775789299537, -0.7181868737952029, -0.36358981787501166, 0.05750956897666189, 0.28985574798710606, 0.5887044590689771, 0.6601645258408273, 0.08226971361467302]], "inverted": true, "swapped": true, "error_lsq": 0.04113438098496064, "error_max": 0.21887639788660113, "target": "214.xyz", "model": "16.xyz", "model_rescale": 3.7852294659196426, "target_rescale": 3.873774385155273},
{"mapping": [8, 13, 10, 12, 2, 6, 4, 3, 7, 1, 5, 0, 14], "R": [[0.6301492140822043, 0.6543351041132092, -0.418040117114059], [0.024403555847337333, 0.5214271477017298, 0.8529467721385928], [0.7760904808420125, -0.5476854034615075, 0.31260880406927044]], "T": [-0.07848597244667266, 0.09076066578922262, -0.18282182994177465], "aligned_model": [[0.17044279126088707, -0.3505201909427723, 0.30925999312163754, -0.0045355832129924945, -0.5899753870972193, -0.5863471367083424, -0.3378264288587052, -0.0954002989711496, 0.565795714805748, 0.6130115416131273, -0.09001009363612406, 0.3045502382409636, -0.05467930939877523], [-0.12492185629961489, -0.5421080918473667, -0.3322106846577775, -0.73477939514433, 0.27155393876764633, 0.025727975249477203, 0.6766617215284811, 0.1611868431003939, -0.10623372673212919, 0.511314164158524, 0.7003285895837148, 0.3500344963008847, 0.01850164969497045], [-0.6592919083990791, 0.35475804011919065, 0.3733502753162852, -0.26127966371459965, -0.2640872766492498, 0.30150055021262123, 0.3015709260472385, 0.6670426577159732, -0.1408794694866046, -0.4213931485861273, -0.29917128697323847, 0.24911595071703896, -0.10548094917627499]], "inverted": true, "swapped": true, "error_lsq": 0.041485242187410974, "error_max": 0.27271435409248873, "target": "214.xyz", "model": "17.xyz", "model_rescale": 3.901054581598922, "target_rescale": 3.873774385155273},
{"mapping": [5, 10, 1, 2, 8, 4, 0, 9, 11, 6, 13, 7, 12, 3, 14], "R": [[0.702571159148641, -0.695912591463597, -0.14865877496789792], [0.1948375218353233, 0.3890386160631578, -0.9003817497576975], [0.6844210008595625, 0.6036179422897269, 0.4089171961758409]], "T": [-0.08319902157991448, 0.0710034794675524, -0.02454911440704841], "aligned_model": [[-0.6747462867459927, -0.07520144056234855, 0.4574181861611763, -0.6815811597563447, -0.31138858394665286, 0.17518122656016594, 0.08902612977848447, -0.4552348908819706, 0.24565063575433105, 0.6290637732034476, -0.685707214281258, 0.4259949968668451, -0.026169757158469767, -0.25190559266976625, -0.08917766312614402], [-0.11072389717055389, -0.747825714070754, 0.27091862299206526, 0.5611695036132736, 0.0008777689240283271, -0.4239833906828647, 0.7656699788542369, -0.2796437344998979, -0.28110627189000537, -0.11263761175067241, 0.28588466214059327, 0.42610676235026723, 0.33186966865024903, 0.7662762531859267, 0.06607923816954203], [-0.10900644476022571, 0.01913771010715806, -0.41627927602297005, -0.3168061715890578, -0.6437664918178533, -0.584729099465041, -0.27610719988416277, 0.3911737074632724, 0.611538627022343, 0.12606099831356085, 0.31941622303464023, 0.20847477677410065, 0.6687557236101528, 0.24292004738518166, 0.02970786796635821]], "inverted": false, "swapped": false, "error_lsq": 0.037799444510535456, "error_max": 0.26819635482428966, "target": "214.xyz", "model": "18.xyz", "model_rescale": 3.9405287249114394, "target_rescale": 3.873774385155273},
{"mapping": [12, 3, 6, 4, 0, 1, 8, 14, 10, 2, 13, 5, 11, 9, 15], "R": [[0.6913054093554433, -0.1835407118067283, -0.6988631039805884], [-0.22361344639712552, 0.8653754501399534, -0.44846667310456095], [0.687090865596613, 0.4663026242737142, 0.5571965586838673]], "T": [-0.21423105331228537, 0.12832067144063095, -0.009280114546956705], "aligned_model": [[-0.6091557757888371, -0.1534684877411053, 0.41219365788265444, -0.7022620952526508, -0.14033757868025315, 0.062369531329202865, 0.1361927756832449, -0.477868696602354, 0.18516216585575257, 0.624573342414821, -0.6658472778211073, 0.4786918912504445, -0.05897557460329414, -0.14054363042095402, -0.17950188831006134], [-0.22993271128981632, -0.7210142613265099, 0.21822889041691584, 0.3281524336261242, 0.2245998654121671, -0.2926127970097807, 0.6788104456303236, -0.3183290563891149, -0.3059928667886458, -0.07188991614973544, 0.2803348771125052, 0.5640949565124711, 0.2570737054738551, 0.7921731567408131, 0.11523511684386217], [-0.13508965134128345, 0.00986870997596168, -0.4065105878959543, -0.5157956597580785, -0.6859959553331375, -0.4356913663845832, -0.3919500821700375, 0.5658182907249222, 0.5101049487152479, 0.09864666312499443, 0.4642854167222789, 0.1363948940424038, 0.6824796663437059, 0.3687144468225696, 0.005211264548447614]], "inverted": false, "swapped": false, "error_lsq": 0.036420065592665335, "error_max": 0.22048440309155698, "target": "214.xyz", "model": "19.xyz", "model_rescale": 4.410303926677745, "target_rescale": 3.873774385155273},
{"mapping": [9, 12, 8, 11, 5, 13, 2, 7, 10, 3, 6, 4, 0, 14], "R": [[0.6203229928034958, 0.7239963061741174, -0.3017096837119222], [-0.23027403277180464, 0.5358185800995551, 0.812325254470835], [0.7497821379776425, -0.4344281273885596, 0.4990981343416797]], "T": [0.09009264136742527, 0.10666932609588108, -0.048917253099024935], "aligned_model": [[-0.19806462851976964, 0.052396698669172945, 0.312022468616065, -0.6790904246664772, 0.16224903591650125, -0.2701193470418866, -0.39144256706798997, 0.7013709920058364, 0.4117894182588363, 0.074864397286191, -0.42643346679361666, -0.09213403499104324, 0.5006051741654078, 0.10317417362364519], [0.10937108344652473, -0.684125220747878, -0.031214554943938003, -0.26115070456353223, 0.722839282322157, -0.5859293642543874, 0.36775026292633195, -0.1792963337734818, -0.47555906903028444, -0.00845473389717212, 0.006208098786080071, 0.6020887155682353, 0.2116707341125092, 0.016750270230038014], [-0.697482933512565, -0.30652875233881977, -0.5658731530822556, -0.282750673317186, -0.029653426645777983, 0.3436027777928149, -0.07845179462535569, -0.06399253851912771, 0.3939149808532137, 0.7960857881186536, 0.41994168338175963, 0.556497421699329, 0.42115090044565595, 0.010354758474681855]], "inverted": true, "swapped": true, "error_lsq": 0.045709433937640064, "error_max": 0.2862712799960045, "target": "214.xyz", "model": "20.xyz", "model_rescale": 4.121658175737393, "target_rescale": 3.873774385155273},
{"mapping": [4, 0, 7, 5, 8, 6, 10, 2, 13, 11, 12, 9, 14], "R": [[0.5304558805463002, -0.8420230945507023, -0.09804930921280552], [-0.31731517130925746, -0.30448188566634865, 0.8981101621505243], [-0.7860837365388155, -0.44529528354152104, -0.42870090926524806]], "T": [0.20710520579263006, -0.04033479311613779, 0.0934659813930465], "aligned_model": [[0.05224044292803856, 0.042795163166484435, 0.1845727259914927, 0.6137900326219021, 0.5421831136260394, -0.3231746156163251, -0.408774081201953, 0.277829998236744, -0.6160390294568032, -0.059029017925764954, -0.13463459746570414, 0.600003823318475, 0.10931894644166901], [-0.6899802066928173, 0.014007313505486549, 0.5684117996448461, -0.3913013304528991, 0.3776932565471203, -0.49222368812638556, 0.4016806560278036, -0.5285888855777994, 0.020173539943516103, -0.2543995325732404, 0.5276767948942148, -0.018186031063307947, 0.0058632180866454164], [0.5397300325384299, 0.7022015969000684, 0.38430050130108284, 0.40438879582859427, -0.12672384756688465, -0.012930064094462554, 0.346238911806424, -0.14636238767648468, -0.19339619235245753, -0.7219854854187432, -0.41023772785398993, -0.49714341759896774, 0.10202902366918018]], "inverted": false, "swapped": true, "error_lsq": 0.0508180656687532, "error_max": 0.24971750709998716, "target": "214.xyz", "model": "21.xyz", "model_rescale": 4.08911054899281, "target_rescale": 3.873774385155273},
{"mapping": [9, 11, 4, 12, 14, 15, 13, 5, 8, 1, 10, 0, 6, 7, 16], "R": [[0.5326254559136134, 0.8463424510663862, -0.0038182765428408927], [-0.6638179274200608, 0.42054815180572724, 0.6184537260365743], [0.5250294115081084, -0.3268695573707181, 0.7858119428436556]], "T": [-0.034022621129888346, 0.07972839382019424, -0.051078173329418344], "aligned_model": [[-0.7047864369337341, 0.01762741219011256, 0.45462595013611706, -0.5936927791590345, -0.3091017590426433, 0.09956682944664833, -0.06954448783241265, -0.5164144151745895, 0.13125240635576615, 0.638633846928533, -0.6895483160408514, 0.5057382841530876, 0.03764248863730411, -0.21886062353801441, -0.011916040930785757], [-0.1348002792656433, -0.665099264442935, 0.4782430447930316, 0.46975452349051194, 0.03649156808355168, -0.4831532933124524, 0.6847118292551275, -0.267321102883901, -0.27839300859826954, -0.30237456764121434, 0.3017041913533129, 0.5385464721445742, 0.3125108535677455, 0.7062413402777753, 0.12186953199421886], [-0.1587859418273917, 0.11761404285957337, -0.3489050234075273, -0.33324556765432656, -0.6292517032773557, -0.4947279032735916, -0.3146369065627383, 0.329163667903154, 0.519180754246049, 0.12648585480587454, 0.3638293077262644, 0.2623281672415726, 0.6533652715455446, 0.23019149939810402, -0.05211452158574776]], "inverted": true, "swapped": false, "error_lsq": 0.04335272387426768, "error_max": 0.33031099462469427, "target": "214.xyz", "model": "22.xyz", "model_rescale": 4.204369325754507, "target_rescale": 3.873774385155273},
{"mapping": [12, 3, 6, 4, 0, 1, 8, 14, 10, 2, 13, 5, 11, 9, 15], "R": [[0.6913054093554433, -0.1835407118067283, -0.6988631039805884], [-0.22361344639712552, 0.8653754501399534, -0.44846667310456095], [0.687090865596613, 0.4663026242737142, 0.5571965586838673]], "T": [-0.21423105331228537, 0.12832067144063095, -0.009280114546956705], "aligned_model": [[-0.6091557757888371, -0.1534684877411053, 0.41219365788265444, -0.7022620952526508, -0.14033757868025315, 0.062369531329202865, 0.1361927756832449, -0.477868696602354, 0.18516216585575257, 0.624573342414821, -0.6658472778211073, 0.4786918912504445, -0.05897557460329414, -0.14054363042095402, -0.17950188831006134], [-0.22993271128981632, -0.7210142613265099, 0.21822889041691584, 0.3281524336261242, 0.2245998654121671, -0.2926127970097807, 0.6788104456303236, -0.3183290563891149, -0.3059928667886458, -0.07188991614973544, 0.2803348771125052, 0.5640949565124711, 0.2570737054738551, 0.7921731567408131, 0.11523511684386217], [-0.13508965134128345, 0.00986870997596168, -0.4065105878959543, -0.5157956597580785, -0.6859959553331375, -0.4356913663845832, -0.3919500821700375, 0.5658182907249222, 0.5101049487152479, 0.09864666312499443, 0.4642854167222789, 0.1363948940424038, 0.6824796663437059, 0.3687144468225696, 0.005211264548447614]], "inverted": false, "swapped": false, "error_lsq": 0.036420065592665335, "error_max": 0.22048440309155698, "target": "214.xyz", "model": "23.xyz", "model_rescale": 4.410303926677745, "target_rescale": 3.873774385155273},
{"mapping": [0, 1, 4, 12, 2, 3, 5, 7, 11, 9, 13, 15, 14, 6, 16], "R": [[-0.25850552780919245, 0.6963553420918496, -0.6695253017117682], [0.7291237555677272, -0.3139986106714444, -0.6080982005919898], [-0.633682445045548, -0.6453635487355526, -0.42655884565268387]], "T": [0.013815723856038978, 0.0724305120271999, 0.09814990427163538], "aligned_model": [[-0.5475950522899095, -0.1817930821790369, 0.334543236933277, -0.6625378524384746, -0.16597262488822168, 0.03162659979285305, -0.039638852565207654, -0.5303897535927928, 0.1327027693228161, 0.5762673454050065, -0.47443985329355126, 0.40777098284873003, 0.12621560594136377, -0.2361798779967203, 0.0006427681953714987], [-0.07183984218581037, -0.7582512955540529, 0.1123973108885779, 0.4429804379943881, 0.0554639081642037, -0.4457638067347636, 0.5536663135594554, -0.2592258932747872, -0.30523746788887784, 0.09702757134821537, 0.3388061222480946, 0.6515157215375129, 0.3536154928974274, 0.763535423673494, -0.009758157857643127], [-0.38598831608348566, 0.008482300727144579, -0.5096501371360751, -0.12859759181824515, -0.7964350470815316, -0.6369748506749309, -0.30329342300030365, 0.2872935634811128, 0.5920671584519811, 0.37285545885340865, 0.5280768160728199, 0.23516729321606022, 0.7035020852826981, 0.2925059947664843, 0.011479693080319778]], "inverted": true, "swapped": false, "error_lsq": 0.04334398767566811, "error_max": 0.2704990850736914, "target": "214.xyz", "model": "24.xyz", "model_rescale": 4.28219845311461, "target_rescale": 3.873774385155273},
{"mapping": [1, 6, 11, 3, 5, 8, 9, 0, 2, 14, 4, 12, 13, 7, 15], "R": [[-0.04051631101888198, 0.42498241940128845, 0.9042944054572319], [0.7137972773518433, -0.6209927756382123, 0.3238231298876666], [0.6991794300367518, 0.6586030031855126, -0.2781909574528022]], "T": [-0.05143705147503221, 0.13282771462106832, 0.02299698048722803], "aligned_model": [[-0.5566293380914419, 0.03336874031046511, 0.393139462643698, -0.7190257387750836, -0.12939977276447528, -0.07738589083545817, -0.008452678864861028, -0.5184662859763206, 0.04491086892529545, 0.6071628935295676, -0.6552905470165746, 0.6169938349244383, 0.15100489746056708, -0.3154899274822127, -0.09521815879210052], [-0.06598240799796048, -0.7625624724343263, 0.2023400328460259, 0.4496955267412257, 0.13930567034716032, -0.3558176191983409, 0.7334701901000429, -0.4566540907822799, -0.18811920641921528, -0.187286904585489, 0.1859476985841756, 0.49609491654764626, 0.4392426300010056, 0.8061944747489034, 0.08306340031686066], [-0.31631509936576124, 0.08028158195709592, -0.28359204729691356, -0.209307731240716, -0.8250363508700348, -0.4694443382515522, -0.28401221194952786, 0.33914420450691757, 0.6200649636325424, 0.23256169102983743, 0.43188302359915837, 0.09820994708659236, 0.48994838468349616, 0.3100497470258978, 0.05605523359042463]], "inverted": false, "swapped": false, "error_lsq": 0.04636192399950568, "error_max": 0.3103533325907642, "target": "214.xyz", "model": "25.xyz", "model_rescale": 4.100010024507729, "target_rescale": 3.873774385155273},
{"mapping": [11, 2, 5, 4, 12, 7, 8, 0, 6, 10, 13, 14], "R": [[0.5409820612783162, 0.505530452093982, 0.6721438621163764], [0.6255210286812543, 0.2923717849427012, -0.7233548106199091], [-0.5621937851422851, 0.8117620965375713, -0.15805203754560398]], "T": [0.048201484878435674, 0.030003223517750706, 0.13735068936980654], "aligned_model": [[-0.712039651719632, -0.026640659071168526, 0.5208112691764977, 0.6159900711611032, -0.6524025252901942, 0.1472684323731478, -0.20613393762262117, 0.5707801154700708, -0.03449263685971629, 0.03650897624049321, -0.40626798851475465, 0.02338413701978123], [-0.3832046186066708, -0.5134205156268588, -0.26563042932781106, -0.4154295891082208, 0.45876663715502725, 0.694707057706169, 0.3006505607758125, 0.2964578770218074, -0.3436476979565173, 0.6194750102398354, 0.1261302819291533, 0.09127681584891309], [-0.04404646019293254, 0.13834813886396152, 0.41026787521702046, -0.21532422074750912, 0.0014954722596240977, 0.20074940815441267, 0.5818411021989427, -0.10018540624852096, -0.4544829460665907, -0.40206140326537654, -0.6027403074102616, 0.05133103709158693]], "inverted": true, "swapped": true, "error_lsq": 0.04576803740950112, "error_max": 0.2777212061486229, "target": "214.xyz", "model": "26.xyz", "model_rescale": 3.6694154284099745, "target_rescale": 3.873774385155273},
