[{"mapping": [11, 10, 12, 5, 6, 3, 7, 8, 0, 9, 4, 13], "R": [[-0.0506007259024526, -0.5103199318172784, -0.8584946905649175], [0.2788766747239977, 0.8181839020947972, -0.5027950901190437], [0.9589928919616822, -0.2648559411131642, 0.1009156262628819]], "T": [0.039199203376403174, -0.00015587191329255456, -0.021301267817342637], "aligned_model": [[-0.27982389315797984, 0.07212368972877428, 0.4310310018672081, -0.07041086462764812, -0.08034456539922544, -0.5130587890615343, 0.44715967498689824, -0.268473307279641, 0.775382183879386, -0.10772242093035206, -0.6516222750780734, 0.0834020275327363], [-0.3637567966713855, -0.7096084591315677, -0.1923313386556579, 0.6803203641149886, 0.2802274334116497, -0.4353056790478783, -0.23800883546921356, -0.425097125182886, 0.10825072866713051, 0.3360632326540177, 0.04047818743487305, -0.027676676147013836], [-0.5064050411323268, 0.030099822968599803, -0.6267624296146274, -0.014458633165522053, -0.6214225680133173, 0.023061119321206795, 0.40488434181677063, 0.6638335350920147, -0.08282903395809744, 0.5551943214819662, 0.36945036685332194, -0.012694056296426965]], "inverted": true, "swapped": true, "error_lsq": 0.0452673413306737, "error_max": 0.27168188917053065, "target": "215.xyz", "model": "0.xyz", "model_rescale": 3.751011558992144, "target_rescale": 4.044014362401877},
{"mapping": [4, 1, 12, 13, 3, 7, 11, 8, 2, 0, 5, 9, 10, 14], "R": [[0.1508668588618343, 0.05782752844108863, 0.9868612708235938], [-0.9852051335883418, -0.07330726851756192, 0.15490929324501965], [0.08130212573076301, -0.9956314686353024, 0.04591234054990076]], "T": [-0.022297977620114897, -0.005964767205477139, 0.011738927005222208], "aligned_model": [[0.0674677170376112, -0.4455268977155854, 0.13039681903544292, 0.0330231438689734, -0.44545776377749147, -0.23438934160700306, 0.5902496222876661, -0.28058799322288375, -0.5422766987166455, -0.7537107826985905, 0.13188297635217952, 0.5263921556878038, 0.6858018405336838, 0.011697305013299342], [0.36762279046084295, -0.18033562014793722, -0.5919953257032863, 0.09150226714175123, -0.3194219308600459, -0.6246635041306975, -0.5144052791891215, 0.5765492804461259, 0.40652516680849915, -0.20558066282295442, 0.5076844462695831, 0.09497236223947862, 0.2548387610033419, -0.03577047723406736], [0.7030770691103267, 0.5372459548124409, -0.41864182030844943, -0.7058556305503131, -0.5415117317794296, 0.12085423320266804, 0.06655382048958924, 0.197162507674834, -0.4814266495834831, -0.014592067726335919, -0.30838412109388835, -0.3388897296163444, 0.3327216607047932, -0.019240951169705613]], "inverted": false, "swapped": false, "error_lsq": 0.027266302681724947, "error_max": 0.16454699423640662, "target": "215.xyz", "model": "1.xyz", "model_rescale": 3.9405287249114394, "target_rescale": 4.044014362401877},
{"mapping": [8, 7, 10, 5, 0, 3, 9, 1, 12, 11, 6, 2, 13], "R": [[-0.2949588569399353, -0.13448683151338559, 0.9459981843863006], [-0.9059174912173507, 0.3541720214508602, -0.23211134898550906], [-0.30383016936958085, -0.9254596000749582, -0.22630014761362882]], "T": [-0.02115772703952284, -0.056490787822886315, 0.00958195593034812], "aligned_model": [[-0.42516616486832876, 0.18188840467358663, -0.46323658719587624, 0.35453548324822265, 0.5782790293800127, -0.7074394490800333, 0.18387027700232667, 0.8058330487817029, 0.04406593400761938, -0.5700808283092359, -0.012061861115697885, -0.4684757501130293, -0.006028257127338283], [0.7042275572307776, 0.37406028261142293, 0.10121565793084537, -0.14737540668716126, -0.18121927346453415, 0.08974145249392472, 0.4696636399598194, 0.15421812231326465, -0.6491290255829212, -0.45832996880805843, -0.6836489221526174, -0.26797616780972483, -0.0466153544630203], [-0.042685838774542476, -0.41236353423681266, -0.525902895224977, 0.5802865154474693, -0.4177603164470725, 0.07239752835085929, 0.3944214681036766, 0.1688626481088592, -0.43938639479761815, -0.07113818411764905, 0.25379707682599295, 0.5925980545422035, -0.04000577819174551]], "inverted": false, "swapped": true, "error_lsq": 0.0521448643209889, "error_max": 0.3488786955268877, "target": "215.xyz", "model": "2.xyz", "model_rescale": 3.932901565614263, "target_rescale": 4.044014362401877},
{"mapping": [9, 12, 1, 0, 2, 10, 11, 5, 4, 6, 7, 3, 8, 13], "R": [[-0.22928236272107907, 0.9601776188380801, 0.15965130261753133], [-0.9451965634879816, -0.2588030624124969, 0.1990588637976804], [0.2324501118854318, -0.10526117597836476, 0.9668955632932144]], "T": [0.058596349498438005, -0.01172456924629805, -0.0940006912036635], "aligned_model": [[0.07295848315168546, -0.35833172085900417, 0.0037461762839773177, 0.07275627275169783, -0.5340587382649564, -0.13814089739694965, 0.6270257107569575, -0.4799514092335306, -0.49614765354018314, -0.5888719800575284, 0.11971516490776705, 0.5118334241022122, 0.6853800987108043, -0.022950829234488865], [0.40477714384663227, -0.12412208856213083, -0.6156552243095694, 0.03748164466455129, -0.18249387515626714, -0.6032940066110591, -0.5567175107991554, 0.34395396909759157, 0.45433520489614715, -0.2089188564876399, 0.6996170195919279, 0.013142440489443142, 0.19471086265051102, -0.029294449029470343], [0.5110720246714006, 0.5358148309607256, -0.5194743605245102, -0.7620789607417683, -0.6541771315200074, 0.25882433166347363, 0.3274010806058818, 0.22263596899378524, -0.5821336470228282, -0.0013106918340212992, -0.09357438238246785, -0.32775967843759735, 0.22742312513976842, -0.01358996540513191]], "inverted": false, "swapped": false, "error_lsq": 0.04510788737060156, "error_max": 0.28664323547657217, "target": "215.xyz", "model": "3.xyz", "model_rescale": 3.9243930471874484, "target_rescale": 4.044014362401877},
{"mapping": [2, 5, 4, 3, 8, 6, 11, 9, 7, 0, 10, 12, 13], "R": [[-0.6362452668043241, 0.3485448035253334, -0.6882648330436338], [-0.5363873752987826, 0.44137018236041103, 0.7193614847510399], [0.5545092822389699, 0.8268669071009096, -0.09386465709838959]], "T": [-0.0640641919549624, 0.017575814723803207, -0.10357463122245388], "aligned_model": [[-0.002134395734138053, -0.3187815022650665, 0.5266789207512719, 0.41351299270675584, 0.7946202989982788, -0.6013294492813493, -0.13149947937729817, 0.2937816371653967, 0.1912333703855571, -0.48849984238159316, 0.2829024648186033, -0.6186689370273027, -0.06461019244776278], [-0.6696030818117937, 0.03417067991192119, -0.3214911253801883, -0.47343746430588646, 0.08559280012909831, -0.3731165626806008, -0.5682629687363674, 0.27030788239205117, 0.5527289318779288, 0.5999580485631241, -0.033379300984351795, -0.02994528094278659, 0.05430699564943861], [-0.43323675438998205, -0.7438501959083339, -0.5129991868973679, 0.06116230683509859, -0.051788770274518454, -0.2120024644343821, 0.24506908562317686, -0.6280260388855772, 0.12680385820614654, 0.09184376656336161, 0.5161565869010156, 0.3936196054506932, -0.06568148341836665]], "inverted": false, "swapped": true, "error_lsq": 0.03999678224819953, "error_max": 0.2152460363082182, "target": "215.xyz", "model": "4.xyz", "model_rescale": 3.8936222436046832, "target_rescale": 4.044014362401877},
{"mapping": [2, 6, 11, 3, 12, 0, 1, 7, 8, 9, 10, 13], "R": [[0.6827988004937233, -0.1538551401420407, 0.7142229301109044], [-0.2820766982024269, -0.9572914064658288, 0.06344997586991341], [0.6739573683665383, -0.24478921332147918, -0.6970363739905556]], "T": [-0.11483871353687783, -0.09005941631878871, -0.011528109210027657], "aligned_model": [[0.06132794667023625, -0.5900568145899124, -0.1985242699286706, 0.36173878960842987, -0.7460233632933468, -0.6130316025302542, -0.31129840045287804, 0.05016943722840439, 0.7113885427847257, 0.31227913018800135, 0.11486323222683567, -0.125284585696474], [-0.5472878393646039, -0.3879241797318068, 0.09702692846743476, 0.05082011982758809, 0.26377205447873525, 0.1437463191583247, -0.446751257774085, 0.30093345675373706, 0.1445819152029677, -0.46253244223802886, 0.5582725532116126, -0.04573472288206833], [-0.5985840928654746, -0.38367784339693034, -0.6652118758263392, -0.5108667778953645, -0.19443796393679402, 0.4930923038257208, 0.7551901236898558, 0.46232507049409355, 0.07177319422720892, 0.3703234417635299, -0.195788090875747, 0.015147230071759055]], "inverted": true, "swapped": true, "error_lsq": 0.0452740474635718, "error_max": 0.27991992081372474, "target": "215.xyz", "model": "5.xyz", "model_rescale": 3.6523030999806103, "target_rescale": 4.044014362401877},
{"mapping": [1, 5, 6, 0, 12, 9, 2, 7, 4, 10, 11, 10, 13], "R": [[-0.4995237378543619, -0.5297467482772285, -0.6854519808197431], [-0.8615343053013162, 0.3866633186050646, 0.3290138581189199], [0.0907451161715338, 0.7548906283263961, -0.6495425029634272]], "T": [0.06154700976332951, -0.043411028837086356, 0.026237070700729528], "aligned_model": [[0.2007195655422676, -0.19335996712287584, 0.13670086879072665, 0.7127575141580256, 0.6987603732365714, -0.38018800925772456, -0.5058127035613295, 0.30262320037299406, -0.7178482347572178, 0.23150966418444752, 0.06031902035148874, 0.23150966418444752, 0.10339194854247293], [-0.6180119657803346, -0.06251248795890599, 0.5210426304915062, -0.31911340810919087, 0.3449820742432585, -0.525560923155162, 0.4635222917670325, -0.5817224164114823, -0.09559917183492439, -0.040424327425032804, 0.5625892111440967, -0.040424327425032804, -0.06794027538264492], [0.6619627111989894, 0.6663672635913642, 0.3851173424499285, 0.26585367043379465, 0.013718537965586721, 0.22467614655544615, 0.10271461716110244, -0.21197097462321354, -0.12002205694650067, -0.6652488967368311, -0.29324569984647086, -0.6652488967368311, 0.005435975015423797]], "inverted": true, "swapped": true, "error_lsq": 0.05550779084649368, "error_max": 0.4232251160001239, "target": "215.xyz", "model": "6.xyz", "model_rescale": 4.08911054899281, "target_rescale": 4.044014362401877},
{"mapping": [1, 2, 4, 10, 5, 6, 3, 13, 12, 7, 11, 8, 9, 14], "R": [[0.7792465568954832, 0.6140887842737133, -0.12517894629596188], [-0.2719356942989331, 0.15135031176853087, -0.9503389191723791], [-0.564646598973811, 0.7745889543214527, 0.28493186924334557]], "T": [-0.0392484734587428, -0.01392060174554623, -0.05721895564792027], "aligned_model": [[0.10021458473702724, -0.43810114194706995, 0.13006615950249165, 0.10060117215196576, -0.4159843283129897, -0.1177129127166894, 0.46708357888519925, -0.5485982579879463, -0.4577931952796708, -0.7497758526816712, 0.09978982634963338, 0.5459767597316894, 0.6706259048476344, 0.08856980479885646], [0.33124287185694445, -0.12514743008981463, -0.5808951857826508, 0.24763756893438357, -0.3102258010670413, -0.4374873049809586, -0.5858162827884356, 0.46521875032334825, 0.4184777989271025, -0.31182901507871713, 0.5462443989374189, -0.10068578004696589, 0.1969689073346442, 0.07381877780225451], [0.5747290570435837, 0.6346514692059463, -0.44026185901960463, -0.713956573327242, -0.6494811898867894, 0.19492692699880373, 0.1501807045240158, 0.15930540937984608, -0.439127134328051, 0.018215686111420985, -0.16405802225469243, -0.3965303223253583, 0.1999994144033673, 0.00047897764145680283]], "inverted": true, "swapped": false, "error_lsq": 0.03871835110605768, "error_max": 0.23412724558426942, "target": "215.xyz", "model": "7.xyz", "model_rescale": 3.964800864290218, "target_rescale": 4.044014362401877},
{"mapping": [5, 3, 2, 12, 4, 0, 1, 10, 11, 6, 9, 7, 8, 13], "R": [[0.7032606590651611, -0.7100108806380883, 0.03618003298453565], [-0.09808100621954091, -0.04649258055658262, 0.9940918248190922], [-0.7041339088768541, -0.7026542459337426, -0.10233498444366848]], "T": [-0.06258000782557765, -0.07621771308864045, -0.05185941546345256], "aligned_model": [[0.14758961400518364, -0.46417066169901533, 0.02920884496030736, 0.19161919836048558, -0.4270689355814402, -0.1934072242425371, 0.5400641033836036, -0.2642080605621321, -0.5778353454941896, -0.6333890397209432, 0.05697036180646686, 0.5736486779343879, 0.518936069277518, -0.022995500349235233], [0.30057636023443013, -0.26074877334082364, -0.644186298586533, 0.21964060251125667, -0.26037111231463, -0.7167540025693463, -0.4466960529662616, 0.6259093790696684, 0.39825265491481576, -0.16896645827387835, 0.575755656459284, -0.18755432403871902, 0.4060138339749509, -0.013349190792701596], [0.6643288833354766, 0.523150089002445, -0.3798765188984204, -0.698794928442402, -0.6248591904291475, 0.24098333043547354, 0.19851184103140324, 0.32430236863245326, -0.49516871085928565, -0.09747238019693624, -0.23758814590056526, -0.35130955061121083, 0.09079179727083432, -0.027926340203415008]], "inverted": false, "swapped": false, "error_lsq": 0.04310686897721725, "error_max": 0.3257940554962803, "target": "215.xyz", "model": "8.xyz", "model_rescale": 4.121658175737393, "target_rescale": 4.044014362401877},
{"mapping": [10, 7, 0, 12, 8, 3, 9, 2, 5, 4, 11, 6, 13], "R": [[-0.02124171651979634, 0.7085630856268165, -0.7053276849566433], [-0.9864143086888822, -0.12980131302792974, -0.10068977480390223], [-0.16289751714844447, 0.6936064971028102, 0.7016939689662739]], "T": [0.045535384209488126, -0.0009179695520429524, -0.1280453423966151], "aligned_model": [[-0.6194388006195592, -0.19434559982834945, 0.3437302669664589, 0.13216464533472858, -0.615680738270675, -0.5061683775967978, 0.16073383137120528, 0.0844994544042473, 0.6485559298033786, -0.1950943181936487, -0.2347606547260818, 0.44413160085348813, 0.02841025693680218], [0.1929632722490948, -0.23245324163307116, 0.16909608143399782, 0.700092456243642, -0.5542594182293221, -0.009805706091763922, -0.6732417619224005, 0.020584878958951586, -0.2544398988865109, -0.5144852862913116, 0.5018217356375047, 0.43531058058026373, 0.009203747362635527], [-0.2931770020953212, -0.6697911165449657, -0.7911275938577763, -0.3691398068991205, -0.09263882817397026, 0.30996862267923997, -0.08697892752014752, 0.6353331218627111, 0.08921475378817417, 0.42865766583087883, 0.24343003885323103, 0.1942538875644305, -0.1769293815282757]], "inverted": true, "swapped": true, "error_lsq": 0.03991911529726158, "error_max": 0.20225439262869574, "target": "215.xyz", "model": "9.xyz", "model_rescale": 3.833441315466971, "target_rescale": 4.044014362401877},
{"mapping": [11, 10, 2, 4, 5, 8, 9, 12, 1, 0, 6, 3, 7, 14], "R": [[0.30157203599604315, -0.9518646055980513, 0.054845963523930424], [-0.34971280505755625, -0.05691532974306465, 0.9351265150871375], [-0.8869922553686573, -0.30118834281875073, -0.350043313128701]], "T": [-0.09456160240689614, 0.027716985528195466, -0.05251580105760607], "aligned_model": [[0.09688960694372213, -0.5308573316327374, 0.10135889365971203, 0.22536159387187316, -0.31321195980822436, 0.05283219350227526, 0.471166876173428, -0.3392153669885798, -0.6566117730866391, -0.7598303857449938, -0.035051977631319606, 0.667481059040941, 0.5084931745891041, -0.013842500810101285], [0.19313499254214056, -0.21569292029357875, -0.5980942685507534, 0.2778522436258808, -0.20323404451355503, -0.49435858491019113, -0.536640662406978, 0.523485538855046, 0.3933616457551561, -0.10483563140080987, 0.6374574700494029, -0.15923631248124298, 0.1358389911481542, -0.021516183137159008], [0.5809827375652474, 0.600287230435812, -0.34683822360944344, -0.7388058863928232, -0.6494151597420805, 0.5071908453703768, 0.08663110071525268, 0.18702153281539333, -0.3623746737726016, -0.11309807045044198, -0.34561086096109367, -0.4248883245398355, 0.20930196882220614, -0.06131167208926617]], "inverted": true, "swapped": false, "error_lsq": 0.05053341709902721, "error_max": 0.3820617271245857, "target": "215.xyz", "model": "10.xyz", "model_rescale": 4.2482417240324, "target_rescale": 4.044014362401877},
{"mapping": [5, 9, 7, 8, 6, 12, 0, 10, 4, 11, 2, 13], "R": [[0.16211792624391774, -0.9143601186138203, 0.37103012206408836], [-0.9787857914572361, -0.19674462578244262, -0.057183272616723735], [0.125284286452067, -0.35388857810650975, -0.9268585231058455]], "T": [-0.03277875148892629, 0.06844226445651493, 0.032262168326781256], "aligned_model": [[-0.6503881092702722, -0.10155765821870477, 0.4212762998345469, 0.6002416690120306, -0.5599943990101184, -0.07046345427089168, -0.052990202110877856, 0.6252176437511806, 0.004453838398834363, 0.03493949389872072, -0.37559752664824053, 0.0016280069967992833], [-0.23519520662424626, -0.6114413075586845, -0.13428082212112885, -0.43196534560742617, 0.46653854723499877, 0.7645505699972689, 0.22593593413976387, 0.3165868837998899, -0.4341819897421374, 0.5851375834151237, 0.07373632548656688, 0.0807102176306505], [0.0706296518596049, 0.030211573426250846, 0.42897026386336573, -0.2735556070236006, -0.09663351101776163, 0.2988327535467517, 0.7618444317566087, -0.07960408747993156, -0.5821927732372308, -0.4124256166411015, -0.6512394858564646, 0.07035469665786567]], "inverted": true, "swapped": true, "error_lsq": 0.053665628013997796, "error_max": 0.3203052035008433, "target": "215.xyz", "model": "11.xyz", "model_rescale": 3.6694154284099745, "target_rescale": 4.044014362401877},
{"mapping": [7, 9, 4, 1, 3, 11, 6, 10, 2, 8, 12, 0, 5, 13], "R": [[0.27862292786121734, 0.8773581904066082, 0.39065569213373186], [0.940279938702301, -0.33202453759036027, 0.07505560146921128], [0.19555792222265111, 0.3464134988194739, -0.9174719542806803]], "T": [0.010142905544210892, 0.008590363380797024, -0.012113454768651263], "aligned_model": [[0.10731776670224381, -0.5191394288997065, 0.0828070644795335, -0.029950795146982165, -0.4449580768144289, -0.19166050512863475, 0.4158237118556376, -0.3253356090202353, -0.44903703290159, -0.7104320079838384, 0.15559241190356266, 0.5951584270923942, 0.7080536709326898, 0.0807225050078151], [0.24506151000516813, -0.09974559758190983, -0.5708051021377011, 0.1485972623587293, -0.339236766815027, -0.6428907703254209, -0.3282633781260941, 0.4840627382798347, 0.28090849522310524, -0.2165610014744778, 0.6519639221634167, -0.05596407600842149, 0.27846995922283074, -0.00807492050252013], [0.6855997826309388, 0.5818644883386439, -0.46675558248353594, -0.8459384109225376, -0.6548795739436273, 0.27051061492949485, 0.19235530489157, 0.24265894224865558, -0.3880259347306006, -0.06384843528416918, -0.175464014075, -0.41748665113011457, 0.27884420500281804, -0.11036219130583302]], "inverted": true, "swapped": false, "error_lsq": 0.03376235884118029, "error_max": 0.21121544931956204, "target": "215.xyz", "model": "12.xyz", "model_rescale": 3.9764082729961374, "target_rescale": 4.044014362401877},
{"mapping": [9, 5, 3, 11, 14, 4, 7, 12, 13, 6, 10, 8, 2, 15], "R": [[0.9310378205651751, 0.15902623732459642, 0.32844974123848875], [-0.06765473869977816, 0.9596695916464425, -0.2728683037668822], [-0.35859644868391244, 0.2318295294209344, 0.9042475636017797]], "T": [-0.05170383943933507, 0.032755230536833886, 0.029702076813472797], "aligned_model": [[-0.033719046321176144, -0.5194398269267753, 0.2785406821906625, 0.01797340642792364, -0.407966406027752, -0.1674188211590377, 0.4343006259504253, -0.2669639194238614, -0.5262235787674545, -0.7278860662454195, 0.21072237354292558, 0.5160645723633217, 0.7176017606872556, -0.05062365421257758], [0.25818882332178544, -0.09005887604589849, -0.4681445417101378, 0.1665782188013214, -0.2633753064991831, -0.6003693225530433, -0.5277895296815981, 0.6277061719859103, 0.2596839177319912, -0.31102194557576435, 0.6700602051642772, 0.1029623130609282, 0.07451953113984969, -0.07141738485892557], [0.5867975524531408, 0.7145112816787059, -0.560621073172971, -0.7499011478910733, -0.6215979525567579, 0.34849207831850787, 0.17330893715051948, 0.11282854782109643, -0.2830517146947279, -0.061147551886067464, -0.38396657200242257, -0.385463953554009, 0.2363035064191915, 0.0025806060835698447]], "inverted": true, "swapped": false, "error_lsq": 0.03799110802646922, "error_max": 0.2881935772388207, "target": "215.xyz", "model": "13.xyz", "model_rescale": 4.170626492500431, "target_rescale": 4.044014362401877},
{"mapping": [5, 6, 0, 7, 1, 2, 4, 11, 9, 3, 10, 8, 12, 13], "R": [[-0.8126394592467724, -0.5799501662686927, 0.057226863622161395], [0.012566112988458611, -0.1156138713364322, -0.9932147429226795], [0.5826312745463249, -0.8064063723703571, 0.10124011320127196]], "T": [-0.039047083687078966, -0.08661978695422097, -0.08198588750849992], "aligned_model": [[0.09177461843560586, -0.34777539388949996, -0.019798467090347115, 0.23329201146726383, -0.48686500961685053, -0.1267754554281038, 0.5263963456808123, -0.40131918594008903, -0.48902515682551484, -0.7072748964826039, 0.13374608073574965, 0.6612741472068702, 0.4774791875240373, -0.07016672369886959], [0.3275025247593641, -0.12974451076684262, -0.5238747002170853, -0.028958671060342944, -0.1486585520096198, -0.7107926498540521, -0.3843703745788549, 0.42977023198746306, 0.490372763123989, -0.19775274833218126, 0.39694523588113756, -0.01216878575264986, 0.35120330369953573, -0.031950792598348335], [0.7171437775340055, 0.6992415798182259, -0.4873203643476649, -0.8435214519132063, -0.703616619327403, 0.10681066237375203, 0.22571761644763708, 0.23701242502267547, -0.4297009566567086, 0.04683437305542479, -0.3157286863148242, -0.317705031372954, 0.19589479484510589, -0.0019895749973626725]], "inverted": true, "swapped": false, "error_lsq": 0.04573609827236051, "error_max": 0.2604652806432909, "target": "215.xyz", "model": "14.xyz", "model_rescale": 3.9786697098870705, "target_rescale": 4.044014362401877},
{"mapping": [5, 6, 9, 1, 2, 8, 12, 10, 7, 0, 11, 13], "R": [[0.9482929608234927, -0.300973359287835, -0.10077448809897353], [0.057472622333010655, -0.1494275469678405, 0.9871009603324987], [-0.31214957654108944, -0.9418526664007327, -0.12440336273207772]], "T": [0.023758572666744016, 0.036255892935783546, -0.030726080564377835], "aligned_model": [[0.056265809852532975, -0.5673867336593851, 0.5830493641480061, 0.4968796374322671, -0.3328858129225344, 0.6060936644349206, -0.5069143968246347, 0.031540326147185715, 0.5029700010687034, 0.11242981475131614, -0.5374685856761598, 0.03878150801511848], [-0.287583120438347, -0.1567583824559104, 0.059415061780287735, -0.651850664909897, 0.4444979496883815, 0.663587617641224, -0.26890207742869043, 0.44823173655918525, -0.05340859345025749, -0.6108783107974658, 0.40802875513912984, 0.0202945188967989], [-0.6383284747363107, -0.28829898638044826, -0.42268765764717287, -0.26810373353518735, -0.5700501540871632, 0.07876313705460579, 0.396253543475622, 0.5500186275732103, 0.3778771980547173, 0.33101660564177415, 0.09622294526584718, 0.017283443194335817]], "inverted": true, "swapped": true, "error_lsq": 0.05599821868382124, "error_max": 0.34379427205375424, "target": "215.xyz", "model": "15.xyz", "model_rescale": 3.769337070930944, "target_rescale": 4.044014362401877},
{"mapping": [11, 2, 10, 3, 12, 6, 0, 5, 7, 8, 13], "R": [[0.09167445496499223, -0.08107102508407273, 0.9924833919006854], [0.013334116412186521, 0.996690963857039, 0.08018306495284815], [-0.9956997517557077, 0.005883150307790547, 0.09245211136625321]], "T": [0.07287552101723534, 0.015288155257102011, 0.07791988444307155], "aligned_model": [[-0.2818407483862643, -0.37097340173900095, -0.2940006477153412, -0.6215664857633206, 0.4154775925434164, 0.2525080886317153, 0.7445002685096883, 0.3493837676735934, 0.18779581403603274, -0.5509137723121018, 0.09225565521275364], [-0.0038804035050711075, -0.5758007880083973, 0.5993968598336371, 0.04571796831496269, 0.24431647578386392, -0.4180997652973545, 0.34151388330663873, -0.5764275986598534, 0.5400122344686065, 0.3349441299216591, 0.06437150146665038], [-0.5078411368507725, -0.1178842163121474, -0.09890761766077052, -0.03669508817977796, -0.544347450191941, -0.40473748520608344, 0.07781619173075591, 0.29820323050800607, 0.418651332179122, 0.5812628252799409, 0.07869702192744421]], "inverted": false, "swapped": true, "error_lsq": 0.05243768770001562, "error_max": 0.2905535470362218, "target": "215.xyz", "model": "16.xyz", "model_rescale": 3.7852294659196426, "target_rescale": 4.044014362401877},
{"mapping": [9, 2, 3, 4, 5, 6, 12, 11, 8, 7, 0, 10, 13], "R": [[-0.3853180586934224, 0.828972870207343, -0.4053812700470169], [0.3495427566523913, 0.537683895195117, 0.7672782351400658], [0.8540198211497083, 0.15394807341440364, -0.4969407769296197]], "T": [-0.06212813483237968, 0.1605237628357996, -0.04997310074896951], "aligned_model": [[0.0324554452348752, -0.3729090283549272, 0.27223027422809365, 0.11420479227629533, -0.5910139558986075, -0.6640238102079429, -0.27293967229204663, -0.10379794901557028, 0.6815804563020587, 0.41326054939836915, -0.14398605254939523, 0.5216379425639073, -0.03293314146882631], [-0.1859309657225452, -0.4745963104029989, -0.3105640203258319, -0.6080509980594673, -0.0487143686291131, 0.16652312887620535, 0.725822232133904, 0.0434212994861477, -0.2527206335101802, 0.46930017030262783, 0.8606635369430946, 0.2855047610550389, 0.2043977915559924], [-0.6313503293086729, 0.2411711585892948, 0.35325514863329743, -0.14882560503189388, -0.43934219180811124, 0.25125221206228093, 0.3893934012220091, 0.6237165007405769, -0.19410408653220076, -0.3385951401455292, -0.29615721042697124, 0.3381583002117506, -0.05281746106265643]], "inverted": false, "swapped": true, "error_lsq": 0.03527550846918652, "error_max": 0.20251324341200141, "target": "215.xyz", "model": "17.xyz", "model_rescale": 3.901054581598922, "target_rescale": 4.044014362401877},
{"mapping": [4, 1, 12, 13, 3, 7, 11, 8, 2, 0, 5, 9, 10, 14], "R": [[0.1508668588618343, 0.05782752844108863, 0.9868612708235938], [-0.9852051335883418, -0.07330726851756192, 0.15490929324501965], [0.08130212573076301, -0.9956314686353024, 0.04591234054990076]], "T": [-0.022297977620114897, -0.005964767205477139, 0.011738927005222208], "aligned_model": [[0.0674677170376112, -0.4455268977155854, 0.13039681903544292, 0.0330231438689734, -0.44545776377749147, -0.23438934160700306, 0.5902496222876661, -0.28058799322288375, -0.5422766987166455, -0.7537107826985905, 0.13188297635217952, 0.5263921556878038, 0.6858018405336838, 0.011697305013299342], [0.36762279046084295, -0.18033562014793722, -0.5919953257032863, 0.09150226714175123, -0.3194219308600459, -0.6246635041306975, -0.5144052791891215, 0.5765492804461259, 0.40652516680849915, -0.20558066282295442, 0.5076844462695831, 0.09497236223947862, 0.2548387610033419, -0.03577047723406736], [0.7030770691103267, 0.5372459548124409, -0.41864182030844943, -0.7058556305503131, -0.5415117317794296, 0.12085423320266804, 0.06655382048958924, 0.197162507674834, -0.4814266495834831, -0.014592067726335919, -0.30838412109388835, -0.3388897296163444, 0.3327216607047932, -0.019240951169705613]], "inverted": false, "swapped": false, "error_lsq": 0.027266302681724947, "error_max": 0.16454699423640662, "target": "215.xyz", "model": "18.xyz", "model_rescale": 3.9405287249114394, "target_rescale": 4.044014362401877},
{"mapping": [0, 6, 11, 14, 10, 5, 9, 1, 3, 2, 12, 13, 7, 15], "R": [[0.5450683961037266, -0.7751393058810095, -0.31946752581008553], [0.7169506244996956, 0.6284772221630532, -0.30165905133396664], [0.43460585085616077, -0.06461762685613646, 0.8982996808977912]], "T": [0.07002190599235741, 0.10141699378993427, -0.01637126724051053], "aligned_model": [[-0.03392892839631573, -0.40213413182895263, 0.15248322892836605, 0.0705358420378791, -0.42283855377747565, -0.13734385603880686, 0.5087748190463508, -0.4789989470800368, -0.5234848599258595, -0.6648731603968421, 0.10978976273343233, 0.582105783056009, 0.6767416284873347, 0.03813347523337762], [0.42571699635895677, -0.07018487768161771, -0.4843778336691812, 0.1338160340555565, -0.2300934547034351, -0.6242302415319901, -0.5200128283881326, 0.4196590397315516, 0.49433720755632204, -0.3571778658918021, 0.5984286904196359, -0.002971174787603059, -0.0341155578919323, 0.07872814070518382], [0.5808707191599616, 0.5367154612646693, -0.42778073752723667, -0.7901212269405373, -0.5312435103083613, 0.332481385559708, 0.08526880532393619, 0.16478481757585034, -0.48412335894832964, 0.05395141105994144, -0.2433887846106015, -0.43851230822616666, 0.3140037540785395, -0.023833883294670205]], "inverted": true, "swapped": false, "error_lsq": 0.038847512855839525, "error_max": 0.23243366147342215, "target": "215.xyz", "model": "19.xyz", "model_rescale": 4.410303926677745, "target_rescale": 4.044014362401877},
{"mapping": [5, 3, 2, 12, 4, 0, 1, 10, 11, 6, 9, 7, 8, 13], "R": [[0.7032606590651611, -0.7100108806380883, 0.03618003298453565], [-0.09808100621954091, -0.04649258055658262, 0.9940918248190922], [-0.7041339088768541, -0.7026542459337426, -0.10233498444366848]], "T": [-0.06258000782557765, -0.07621771308864045, -0.05185941546345256], "aligned_model": [[0.14758961400518364, -0.46417066169901533, 0.02920884496030736, 0.19161919836048558, -0.4270689355814402, -0.1934072242425371, 0.5400641033836036, -0.2642080605621321, -0.5778353454941896, -0.6333890397209432, 0.05697036180646686, 0.5736486779343879, 0.518936069277518, -0.022995500349235233], [0.30057636023443013, -0.26074877334082364, -0.644186298586533, 0.21964060251125667, -0.26037111231463, -0.7167540025693463, -0.4466960529662616, 0.6259093790696684, 0.39825265491481576, -0.16896645827387835, 0.575755656459284, -0.18755432403871902, 0.4060138339749509, -0.013349190792701596], [0.6643288833354766, 0.523150089002445, -0.3798765188984204, -0.698794928442402, -0.6248591904291475, 0.24098333043547354, 0.19851184103140324, 0.32430236863245326, -0.49516871085928565, -0.09747238019693624, -0.23758814590056526, -0.35130955061121083, 0.09079179727083432, -0.027926340203415008]], "inverted": false, "swapped": false, "error_lsq": 0.04310686897721725, "error_max": 0.3257940554962803, "target": "215.xyz", "model": "20.xyz", "model_rescale": 4.121658175737393, "target_rescale": 4.044014362401877},
{"mapping": [1, 5, 6, 0, 12, 9, 2, 7, 4, 10, 11, 10, 13], "R": [[-0.4995237378543619, -0.5297467482772285, -0.6854519808197431], [-0.8615343053013162, 0.3866633186050646, 0.3290138581189199], [0.0907451161715338, 0.7548906283263961, -0.6495425029634272]], "T": [0.06154700976332951, -0.043411028837086356, 0.026237070700729528], "aligned_model": [[0.2007195655422676, -0.19335996712287584, 0.13670086879072665, 0.7127575141580256, 0.6987603732365714, -0.38018800925772456, -0.5058127035613295, 0.30262320037299406, -0.7178482347572178, 0.23150966418444752, 0.06031902035148874, 0.23150966418444752, 0.10339194854247293], [-0.6180119657803346, -0.06251248795890599, 0.5210426304915062, -0.31911340810919087, 0.3449820742432585, -0.525560923155162, 0.4635222917670325, -0.5817224164114823, -0.09559917183492439, -0.040424327425032804, 0.5625892111440967, -0.040424327425032804, -0.06794027538264492], [0.6619627111989894, 0.6663672635913642, 0.3851173424499285, 0.26585367043379465, 0.013718537965586721, 0.22467614655544615, 0.10271461716110244, -0.21197097462321354, -0.12002205694650067, -0.6652488967368311, -0.29324569984647086, -0.6652488967368311, 0.005435975015423797]], "inverted": true, "swapped": true, "error_lsq": 0.05550779084649368, "error_max": 0.4232251160001239, "target": "215.xyz", "model": "21.xyz", "model_rescale": 4.08911054899281, "target_rescale": 4.044014362401877},
{"mapping": [15, 2, 6, 10, 7, 0, 8, 14, 12, 13, 9, 5, 11, 16], "R": [[0.7817551133719169, -0.6231477726274676, -0.023362281273191704], [-0.439552967943193, -0.5240821479216058, -0.7294731596174096], [0.44232582005710686, 0.5805383326700335, -0.6836103518902459]], "T": [-0.06866269103082123, -0.03831496671386726, 0.037962311101488386], "aligned_model": [[0.09995110189328091, -0.28631739418767305, 0.15790903571511872, 0.07467052439364188, -0.3789494109096839, -0.3067852602828866, 0.5376192842327758, -0.3482175245630338, -0.484937875318967, -0.7029811280706499, 0.11221992175390935, 0.4874469615773669, 0.618587535683107, -0.1052536698378458], [0.3659871578439739, -0.0945719276553343, -0.6207847507931529, 0.05727874415814786, -0.3294571529014686, -0.775126302980508, -0.3746580169655744, 0.5295621935768725, 0.3698074257436896, -0.07733901877236932, 0.5639903245362564, 0.17846162289731743, 0.10295432645899215, -0.06858235086533007], [0.6207283008503217, 0.7240493419602461, -0.3681883159143545, -0.7503604914437246, -0.5319101017227805, 0.06000987198783085, 0.04554763099731547, 0.1437319277972386, -0.4149400953335795, -0.14327568110909195, -0.2967874881318966, -0.3381746565322611, 0.34394130212300045, 0.03470099863843855]], "inverted": true, "swapped": false, "error_lsq": 0.040616717500806775, "error_max": 0.2703317898477, "target": "215.xyz", "model": "22.xyz", "model_rescale": 4.204369325754507, "target_rescale": 4.044014362401877},
{"mapping": [0, 6, 11, 14, 10, 5, 9, 1, 3, 2, 12, 13, 7, 15], "R": [[0.5450683961037266, -0.7751393058810095, -0.31946752581008553], [0.7169506244996956, 0.6284772221630532, -0.30165905133396664], [0.43460585085616077, -0.06461762685613646, 0.8982996808977912]], "T": [0.07002190599235741, 0.10141699378993427, -0.01637126724051053], "aligned_model": [[-0.03392892839631573, -0.40213413182895263, 0.15248322892836605, 0.0705358420378791, -0.42283855377747565, -0.13734385603880686, 0.5087748190463508, -0.4789989470800368, -0.5234848599258595, -0.6648731603968421, 0.10978976273343233, 0.582105783056009, 0.6767416284873347, 0.03813347523337762], [0.42571699635895677, -0.07018487768161771, -0.4843778336691812, 0.1338160340555565, -0.2300934547034351, -0.6242302415319901, -0.5200128283881326, 0.4196590397315516, 0.49433720755632204, -0.3571778658918021, 0.5984286904196359, -0.002971174787603059, -0.0341155578919323, 0.07872814070518382], [0.5808707191599616, 0.5367154612646693, -0.42778073752723667, -0.7901212269405373, -0.5312435103083613, 0.332481385559708, 0.08526880532393619, 0.16478481757585034, -0.48412335894832964, 0.05395141105994144, -0.2433887846106015, -0.43851230822616666, 0.3140037540785395, -0.023833883294670205]], "inverted": true, "swapped": false, "error_lsq": 0.038847512855839525, "error_max": 0.23243366147342215, "target": "215.xyz", "model": "23.xyz", "model_rescale": 4.410303926677745, "target_rescale": 4.044014362401877},
{"mapping": [3, 1, 14, 6, 13, 11, 9, 0, 12, 7, 5, 15, 8, 16], "R": [[-0.09950759304338946, -0.5960044028222231, 0.7967916859149802], [-0.8797400484581055, -0.3214570230542237, -0.3503181831821562], [0.46492546291383263, -0.7358288755856497, -0.49234152758904765]], "T": [0.0034861941301090466, -0.036952380496983926, -0.014794170697216405], "aligned_model": [[-0.09251813812997044, -0.47464937380847955, 0.14595971744991443, 0.0075052333163543455, -0.39487766115297573, -0.07977314190840516, 0.5019865445915879, -0.5157447500212053, -0.4591120325952557, -0.6417803268136976, 0.1754685163397664, 0.5664720014671157, 0.7657550972664291, -0.029729583922717705], [0.46128261684673577, -0.18041300797543794, -0.5251478342925876, 0.07118266276449958, -0.2265691927955653, -0.6405579838808448, -0.41400714790807813, 0.4921622439939196, 0.45277372241661473, -0.1889233325763967, 0.5004336949563422, -0.06640765159531647, 0.07319575708820988, 0.01851772723941769], [0.7280355811593319, 0.6831605388691485, -0.46146685181928937, -0.7672493185317262, -0.5620951181903292, 0.15681481839366362, 0.027003994223417968, 0.12950673668646, -0.45336806360387927, 0.03487315614297727, -0.2927155987738911, -0.4523939405513284, 0.27246907852258656, 0.08649753163956048]], "inverted": false, "swapped": false, "error_lsq": 0.03459855198729567, "error_max": 0.2504108936763298, "target": "215.xyz", "model": "24.xyz", "model_rescale": 4.28219845311461, "target_rescale": 4.044014362401877},
{"mapping": [4, 7, 14, 10, 11, 13, 2, 1, 5, 9, 8, 6, 0, 15], "R": [[0.23327118578005887, -0.8528536220612621, 0.4671458586156488], [0.6488169969199293, 0.4943363465899011, 0.5785050396910595], [-0.7243072955538765, 0.16814361652211363, 0.6686603516212807]], "T": [-0.1270919517972054, -0.062002651837769054, -0.0007299394824514249], "aligned_model": [[0.07452849893280114, -0.5326345413591311, 0.22165294382647255, 0.08276161886508318, -0.37051203265131105, -0.15017124076125338, 0.4555880787603687, -0.11243246839997809, -0.5768686678801673, -0.8005163788116871, 0.028016491932048887, 0.6576507203240782, 0.5631353657053619, -0.06523628640422595], [0.09383281900688141, -0.28409870211158306, -0.5472068705516221, -0.03542054989146627, -0.21060884527213286, -0.5990676303115264, -0.3890290866601274, 0.5732110805678808, 0.5152056071452222, -0.10888077152988453, 0.42864499945071227, 0.15017409928916298, 0.2751645472693842, -0.03439842211938885], [0.6846262255148203, 0.6251730548021297, -0.4730629669253128, -0.7655565143112049, -0.4645617352430739, 0.2521435709034751, 0.1486612158940366, 0.07779402218837345, -0.4364043733727048, 0.03355805948538493, -0.46672598012851735, -0.38977633747912965, 0.27396753421407516, 0.02923676862435089]], "inverted": true, "swapped": false, "error_lsq": 0.04313792696309925, "error_max": 0.25662750592012884, "target": "215.xyz", "model": "25.xyz", "model_rescale": 4.100010024507729, "target_rescale": 4.044014362401877},
{"mapping": [5, 9, 7, 8, 6, 12, 0, 10, 4, 11, 2, 13], "R": [[0.16211792624391774, -0.9143601186138203, 0.37103012206408836], [-0.9787857914572361, -0.19674462578244262, -0.057183272616723735], [0.125284286452067, -0.35388857810650975, -0.9268585231058455]], "T": [-0.03277875148892629, 0.06844226445651493, 0.032262168326781256], "aligned_model": [[-0.6503881092702722, -0.10155765821870477, 0.4212762998345469, 0.6002416690120306, -0.5599943990101184, -0.07046345427089168, -0.052990202110877856, 0.6252176437511806, 0.004453838398834363, 0.03493949389872072, -0.37559752664824053, 0.0016280069967992833], [-0.23519520662424626, -0.6114413075586845, -0.13428082212112885, -0.43196534560742617, 0.46653854723499877, 0.7645505699972689, 0.22593593413976387, 0.3165868837998899, -0.4341819897421374, 0.5851375834151237, 0.07373632548656688, 0.0807102176306505], [0.0706296518596049, 0.030211573426250846, 0.42897026386336573, -0.2735556070236006, -0.09663351101776163, 0.2988327535467517, 0.7618444317566087, -0.07960408747993156, -0.5821927732372308, -0.4124256166411015, -0.6512394858564646, 0.07035469665786567]], "inverted": true, "swapped": true, "error_lsq": 0.053665628013997796, "error_max": 0.3203052035008433, "target": "215.xyz", "model": "26.xyz", "model_rescale": 3.6694154284099745, "target_rescale": 4.044014362401877},
{"mapping": [8, 4, 1, 3, 6, 0, 5, 10, 12, 2, 9, 7, 8, 13], "R": [[-0.28687499102584696, -0.7503667146497099, 0.5955271052351194], [-0.45550840898788264, -0.4400363574335164, -0.7738734350512173], [0.8427424451546559, -0.4932725389502679, -0.21556292225776752]], "T": [-0.06679422798125774, 0.0313811490034595, -0.053124207039406665], "aligned_model": [[0.3148876753759652, -0.2588550246861761, 0.10007652476633154, 0.20626799435140564, -0.34422957381195063, -0.23210448962646363, 0.444817684944567, -0.28497502097112065, -0.5197903921838476, -0.7208448394032053, 0.06736064725270145, 0.5087517075797166, 0.3148876753759652, -0.12128846688542823], [0.2716259772332839, -0.11886237387122536, -0.7387992510314807, 0.21968395180165187, -0.2884590886321588, -0.5655793242024223, -0.5466550581979702, 0.4138444968361708, 0.31993874946491174, -0.14903266001251225, 0.6791422385343802, 0.04438332712901993, 0.2716259772332839, 0.0146653119965794], [0.3995992621870948, 0.7317771270734883, -0.4513991836262134, -0.7898808137465572, -0.5934225348892961, 0.17762252415682278, 0.12038629246340236, 0.35676559403832897, -0.6373003789183345, -0.010717822871361388, -0.21826528554814195, -0.30749862427053787, 0.3995992621870948, -0.048192874069087344]], "inverted": true, "swapped": false, "error_lsq": 0.05385770612059452, "error_max": 0.3845210670370668, "target": "215.xyz", "model": "27.xyz", "model_rescale": 4.103607728864725, "target_rescale": 4.044014362401877},
