[{"mapping": [4, 0, 7, 11, 9, 2, 8, 1, 6, 3, 10, 12], "R": [[-0.5447042040310465, -0.8384391347634168, -0.0178086329648684], [0.5430471018158218, -0.33645734317583575, -0.7693479716178464], [0.6390596023223036, -0.42873800102187265, 0.6385816714872329]], "T": [-0.03217259149514623, -0.06093401803459965, -0.022839080411109387], "aligned_model": [[-0.29379071110621924, 0.1005080681834091, 0.43618952420931395, -0.04949599269609951, 0.027970355496408257, -0.7323786035484863, 0.5248662001967817, -0.05241237926104597, 0.5847350584183104, -0.031598673918352416, -0.5753246615758032, -0.10162572193766832], [-0.31806448362759954, -0.8233243695667063, -0.37136044737008744, 0.7245401383952095, 0.3686167196030537, -0.4663901935264845, -0.15657278619038917, -0.5888504283650824, 0.2423112701807918, 0.3973458757654039, 0.08030985282648061, -0.03500611214753293], [-0.4877493736628963, -0.1056017890751656, -0.35118393121573593, -0.09131207966186927, -0.6176663501572889, 0.06275465318803206, 0.5647850325461646, 0.4545923832956171, -0.086280071987616, 0.5137473080297553, 0.3855228694301084, -0.05965690537554289]], "inverted": true, "swapped": true, "error_lsq": 0.04976446145793333, "error_max": 0.3368816359951335, "target": "216.xyz", "model": "0.xyz", "model_rescale": 3.751011558992144, "target_rescale": 4.07251523159989},
{"mapping": [13, 3, 12, 1, 9, 6, 8, 5, 2, 10, 7, 4, 14], "R": [[-0.6290606319141503, 0.5785894762748355, 0.5191502088218608], [-0.7586999847319141, -0.3115406219228556, -0.5721160494687365], [-0.1692839465028013, -0.7537749391137465, 0.6349537673094827]], "T": [-0.07832428179757944, 0.001187199042842614, 0.02630563720766047], "aligned_model": [[0.4437043696084645, -0.14148446055844383, -0.13526527398887883, -0.7009207170742933, 0.4470222920258723, -0.6481361109449222, 0.07649249324236629, 0.5222040939186839, 0.2561070075235705, 0.21882072072209097, -0.6467450424943346, -0.20925243996754211, -0.06390904371917218], [-0.13040386705271742, -0.04046547134861581, -0.6003853310364079, 0.29412682479077185, -0.39040447887011015, -0.3504362233781264, 0.6195341445380087, 0.17271875502388265, 0.5352463058930641, -0.24329528167559247, -0.24847917388647464, 0.34691848303122935, -0.049712931512390805], [-0.46121059507142953, -0.7337481348249052, -0.4059481291605816, 0.1369654939002665, 0.09599463559028035, 0.36601314880972247, 0.21095956568713173, 0.03165748342462529, -0.5091144643027752, 0.7504512801747406, -0.20659254834664012, 0.7255206732157334, 0.011981180360347888]], "inverted": false, "swapped": false, "error_lsq": 0.0478877674278613, "error_max": 0.3228417501847914, "target": "216.xyz", "model": "1.xyz", "model_rescale": 3.9405287249114394, "target_rescale": 4.07251523159989},
{"mapping": [4, 3, 7, 11, 1, 0, 9, 4, 10, 2, 6, 5, 12], "R": [[0.34212573215728337, -0.3922617537605012, -0.8538622253809913], [-0.4958663951226314, -0.8472384308328377, 0.19053492988950155], [-0.798164457730316, 0.35821468124107764, -0.4843714902421735]], "T": [-0.04836530522548013, -0.00905263816343457, -0.002988472211175076], "aligned_model": [[0.5814639506145798, -0.020334861233008872, -0.09995894735134817, -0.6239157187211014, 0.24910509515105925, -0.5584714182503495, 0.020717571831543324, 0.5814639506145798, -0.09737689000013891, 0.18874246164126313, -0.530052790099728, -0.28633842435046053, 0.013593908446571962], [-0.16160307110857638, 0.07149975796940038, -0.5347095900650304, 0.39898131158937916, -0.6970999858056781, -0.44036465914970796, 0.7838768526344934, -0.16160307110857638, 0.7101643486826686, -0.06350109598069127, -0.21218926488104267, 0.23750754740152522, -0.015997325661642716], [-0.2708302086508428, -0.568254148027189, -0.594539584259705, 0.09633074250239418, 0.2526060125895749, 0.5036590209073388, 0.12690181153061117, -0.2708302086508428, -0.44095183791915177, 0.6333957669512977, -0.15154274239798574, 0.6378337729121114, 0.05915119196890544]], "inverted": false, "swapped": false, "error_lsq": 0.05722006607104963, "error_max": 0.4009354598459367, "target": "216.xyz", "model": "2.xyz", "model_rescale": 3.932901565614263, "target_rescale": 4.07251523159989},
{"mapping": [8, 9, 11, 6, 3, 1, 4, 7, 5, 0, 10, 2, 13], "R": [[0.941105131552194, -0.3368843030358152, -0.028811416733667657], [0.33664771394267323, 0.9415430125026213, -0.0128480467255194], [0.03145549337238406, 0.0023920651249697703, 0.9995022911235062]], "T": [-0.015563902352784695, -0.06949458401198207, -0.02253458365446052], "aligned_model": [[0.4193681516747984, 0.1918465040309718, -0.2422116558657752, -0.5480177752331565, 0.3039367936990511, -0.4371054067678472, 0.16984793996484326, 0.5923982598802023, -0.09271062876660323, 0.183127719241029, -0.6804596734246864, -0.34906936095344104, -0.09231297918592464], [-0.4592577283874556, 0.17388035642676103, -0.8319282113888564, 0.3563257884034808, -0.43707210250313244, -0.3792886141588742, 0.6348783733409543, 0.28161072529199366, 0.5859972637716688, -0.07563190359819148, -0.22938237859052346, 0.3043049984286863, -0.00947481251999014], [-0.46717547830743805, -0.6840045384362394, -0.4287789165870995, 0.02061798721226776, 0.13073495410010907, 0.5019642627246196, 0.4598631673934037, -0.15234066370733468, -0.3074530031142656, 0.6173359516569605, -0.23583002912093992, 0.6432340206136048, -0.08523812497113206]], "inverted": true, "swapped": false, "error_lsq": 0.046710847554214764, "error_max": 0.3098965104186739, "target": "216.xyz", "model": "3.xyz", "model_rescale": 3.9243930471874484, "target_rescale": 4.07251523159989},
{"mapping": [2, 7, 4, 9, 3, 10, 5, 0, 1, 6, 8, 11, 12], "R": [[-0.12734852367611, 0.8849619609250192, 0.4479114658425933], [0.8852535431573436, -0.10225798286420623, 0.45372840914793233], [0.4473349056857569, 0.45429685521285423, -0.77039330831649]], "T": [-0.14859897334796882, -0.023138078315617126, 0.051934006153056544], "aligned_model": [[0.5092945631366049, -0.08383056197631625, -0.10914487592734884, -0.6996206876015102, 0.35647984153138446, -0.49337542499100173, 0.33588541262157656, 0.6465789492217238, 0.024037504854743236, 0.19044470182718506, -0.6819149256294279, -0.5170518316139231, -0.05914477716022788], [-0.2887307377726597, -0.05392071410134061, -0.49164415787537513, 0.41720150397914396, -0.4478771587752223, -0.5388045180370763, 0.4981584614793498, 0.197327774334058, 0.5358437348519106, -0.05183534502720741, -0.17348515274111567, 0.25804405139603687, 0.054684012806018964], [-0.5378550444471852, -0.7466749351534209, -0.31043693232345326, 0.039146728786914976, 0.18401532449547503, 0.3871131237250598, 0.31106311899912475, -0.15400101426307367, -0.35781747819348325, 0.6889131015272448, -0.2469074587912205, 0.6932710334280966, 0.06310002166643702]], "inverted": true, "swapped": false, "error_lsq": 0.0389991696852057, "error_max": 0.23280416584847133, "target": "216.xyz", "model": "4.xyz", "model_rescale": 3.8936222436046832, "target_rescale": 4.07251523159989},
{"mapping": [8, 1, 7, 6, 4, 2, 10, 5, 11, 3, 9, 12], "R": [[0.33700837904601155, -0.6879274815671628, -0.642791671194829], [-0.41756299136418207, 0.5027009289369648, -0.7569233278799835], [0.8438403289104973, 0.5234955168390404, -0.11783863183884186]], "T": [-0.14714760974515473, -0.01891915281811956, -0.11169168220691389], "aligned_model": [[0.049994480659121376, -0.587550042665965, -0.2725766261216798, 0.37180833039492367, -0.5331602375451419, -0.7905094005033262, -0.19778183086064294, 0.05818246111361958, 0.5530024368671702, 0.3232307498194634, 0.2082676256149807, -0.15535990455742604], [-0.7048145204125714, -0.5747622313628663, 0.15573133132670258, -0.012500409040559012, 0.42935598614771453, -0.05074805491696809, -0.2888839425202009, 0.3117772052265722, 0.1967819156240163, -0.45177805065362625, 0.6247524013649752, 0.034011274326618705], [-0.5059297174803854, -0.1759595353958004, -0.725941428438728, -0.5668850967906881, -0.08439060932543366, 0.38538173689252847, 0.5257082490293425, 0.5964609059762209, 0.18023512981343542, 0.1871780488142571, -0.14798812722559518, -0.04858483659363565]], "inverted": true, "swapped": true, "error_lsq": 0.036677889789923375, "error_max": 0.17921792199917805, "target": "216.xyz", "model": "5.xyz", "model_rescale": 3.6523030999806103, "target_rescale": 4.07251523159989},
{"mapping": [2, 1, 0, 8, 3, 7, 10, 4, 6, 11, 5, 9, 12], "R": [[-0.7192710288472515, -0.6727953705139604, -0.17319231067226737], [0.5791019641491617, -0.7183452110855602, 0.38551403713616617], [-0.3837839264216254, 0.17699307084014584, 0.9063020195801043]], "T": [-0.07463616514490297, 0.06905583765312387, -0.0054657783937876615], "aligned_model": [[0.5510183664664772, -0.04620667968441089, -0.2293508339769299, -0.641925199227124, 0.16787934620342482, -0.2588394504418148, 0.3194426204626573, 0.4781526883252372, -0.04849616628586061, 0.23434970892388685, -0.6642798911967293, -0.33452985570279953, -0.10857676557255272], [0.07855956753302046, -0.10283365432409947, -0.8128826076132434, 0.42071022261297397, -0.5816924219125889, -0.42166394142357944, 0.6867491506987675, 0.014681162627156845, 0.6177099772554087, -0.13428262643680788, -0.23322138875528584, 0.41390172889567445, -0.030773414640876073], [-0.43520723601875594, -0.6777905755697555, -0.4360603446716682, -0.09616003408322561, -0.024270894071034457, 0.43280503720533464, 0.2625452725346401, 0.1380594114577007, -0.3532010191000399, 0.7931268598069862, -0.16311185258944363, 0.5743613131446891, -0.0021663485889109515]], "inverted": true, "swapped": false, "error_lsq": 0.049165873668276724, "error_max": 0.27680609534099243, "target": "216.xyz", "model": "6.xyz", "model_rescale": 4.08911054899281, "target_rescale": 4.07251523159989},
{"mapping": [12, 5, 10, 3, 11, 9, 2, 13, 7, 1, 8, 0, 14], "R": [[-0.8267242418394097, -0.2139295708661669, -0.5203471597540159], [-0.5198505046160863, -0.06319529623076098, 0.851916549542681], [-0.21513363476094144, 0.9748027971047912, -0.058966312002886934]], "T": [-0.07291838225574783, 0.0031758772877640076, -0.07517070094691607], "aligned_model": [[0.4631037616001414, -0.09932766973878043, -0.09297303566584177, -0.7938076420519605, 0.19677379370366616, -0.39307233007980824, 0.23978557456396882, 0.6511873509682745, 0.2387637840797217, 0.16169138697565794, -0.6001577011780667, -0.45869191602769754, -0.09463746885581392], [-0.24559250333101137, 0.12280158867230917, -0.5711445113744045, 0.21312468334551785, -0.5051196311860835, -0.4052343289756454, 0.6353132087080817, 0.06434594827361592, 0.6330360499230437, 0.0004017497198585476, -0.4255576946411264, 0.49713368719567574, -0.09854649181331027], [-0.4736634513347316, -0.8271636984500235, -0.5099451258450696, 0.1752122262090025, 0.04072955465567542, 0.5124174720282887, 0.3156721995967, 0.01328059570446355, -0.3998541693491978, 0.6197369326655081, -0.13309477339014386, 0.6261428136640395, 0.05345901330200535]], "inverted": true, "swapped": false, "error_lsq": 0.051180140852364324, "error_max": 0.31258157711953694, "target": "216.xyz", "model": "7.xyz", "model_rescale": 3.964800864290218, "target_rescale": 4.07251523159989},
{"mapping": [4, 12, 11, 8, 6, 10, 1, 2, 7, 3, 9, 5, 13], "R": [[0.001599346591165396, 0.4023713558045392, -0.9154751411799766], [0.5887435542311202, -0.7403760758586554, -0.32438294290459607], [-0.8083182971093685, -0.5384612876745694, -0.23807766009026404]], "T": [0.07034587878887191, 0.0045670382873711085, 0.05656887268885491], "aligned_model": [[0.4661710998095101, -0.16221420684529128, -0.12241145295192316, -0.58948060076645, 0.3465147710440558, -0.5893614400631837, 0.17543054978655995, 0.6311679334365664, 0.028595534086048945, 0.25999285769855834, -0.5379516143727632, -0.48263419299220056, -0.005181349576026145], [-0.34956521005714647, 0.04831421336277687, -0.6992080411135876, 0.39726136774527804, -0.49939456129103316, -0.37308987874490396, 0.7266845007442929, 0.24059078480235907, 0.5918883283565872, -0.2244404060858714, -0.13573005417772943, 0.168765740019499, 0.022884970956000266], [-0.404957009684238, -0.6608410021604685, -0.3367230966774458, 0.01812720393584827, 0.1356844355033813, 0.3684911698686831, 0.23156451123015814, -0.20492709641173923, -0.3436357948380744, 0.7180462415492507, -0.2335132061228561, 0.6618147314362438, 0.06379850182777312]], "inverted": false, "swapped": false, "error_lsq": 0.03943728254979965, "error_max": 0.2231549633740039, "target": "216.xyz", "model": "8.xyz", "model_rescale": 4.121658175737393, "target_rescale": 4.07251523159989},
{"mapping": [9, 6, 4, 2, 5, 0, 11, 7, 8, 10, 1, 3, 12], "R": [[0.03533123354956774, -0.022332950449039157, 0.999126089770509], [0.9684628816756758, 0.2474976993506504, -0.0287147284956909], [-0.2466401239707604, 0.9686310588352904, 0.030373032566935076]], "T": [0.0008355976173900839, 0.035152079335305314, 0.008037922454924159], "aligned_model": [[0.4379477703606339, -0.060088263479356856, -0.18232022847635893, -0.6249586946558829, 0.3068883847721241, -0.4754300966567495, 0.2581175599327435, 0.6428624930220938, -0.023091974670729053, 0.1441652435455124, -0.5801715004192672, -0.35491663040502164, -0.07036617457628006], [-0.333204019338072, 0.13063673667293063, -0.7702162350465815, 0.335433802897219, -0.443657445819601, -0.4956222456022824, 0.5155622709389072, 0.21446944323419354, 0.6783164691214689, -0.07823367556281549, -0.22032535114284627, 0.3830622726978681, -0.0012602685338676395], [-0.5973021059958276, -0.6755942984476264, -0.31748279774014937, 0.031677742923061136, 0.25050655211973033, 0.34011298560616127, 0.333682075210744, -0.09616216820989512, -0.3330198097880031, 0.7449782957414387, -0.26046487131235535, 0.6204779938754154, -0.028480004526177313]], "inverted": false, "swapped": false, "error_lsq": 0.03560539932955526, "error_max": 0.19452888125594742, "target": "216.xyz", "model": "9.xyz", "model_rescale": 3.833441315466971, "target_rescale": 4.07251523159989},
{"mapping": [1, 0, 12, 8, 6, 7, 2, 5, 13, 3, 11, 9, 14], "R": [[-0.7440290320999963, -0.47206768966189544, -0.4728349561629552], [-0.4051965277193685, -0.24389547247171378, 0.8810963468497455], [-0.5312594218614014, 0.8471523445550277, -0.009814876382803928]], "T": [-0.047631888178141304, -0.09514042786586402, -0.05533532556190145], "aligned_model": [[0.42077722212701274, 0.12284215993290869, -0.15383228918478087, -0.6995356869438342, 0.31870320779682204, -0.4042363039692157, 0.1011112773584996, 0.5376520374547191, 0.16144033445037392, 0.13202396393681298, -0.6730811053951593, -0.38240464905130583, -0.0628222802193919], [-0.32577351344678007, 0.14753805815966559, -0.5718397082160764, 0.32326168300184444, -0.6653395141822813, -0.32908344766326714, 0.5234696357488386, 0.2399694945899829, 0.6331636105024543, 0.013703962957536439, -0.3663087304734875, 0.350797728325997, -0.05859750478790537], [-0.5778391228039743, -0.6684166521774287, -0.4081799489450436, 0.031385336065216984, -0.01173294643125266, 0.4565415452851751, 0.27910049014626703, -0.10612181721505037, -0.3034251779062222, 0.7873974453297762, -0.030473519772887085, 0.5337117743904516, 0.030982183491488402]], "inverted": false, "swapped": false, "error_lsq": 0.04552925655933726, "error_max": 0.23283878907822006, "target": "216.xyz", "model": "10.xyz", "model_rescale": 4.2482417240324, "target_rescale": 4.07251523159989},
{"mapping": [2, 5, 9, 11, 0, 7, 4, 6, 3, 8, 1, 12], "R": [[-0.03883854867634573, -0.645574082374472, -0.7627094278315131], [-0.8129946820333931, -0.4233689038728593, 0.3997479433579568], [-0.5809743661489187, 0.635604338720129, -0.508405262047916]], "T": [-0.029491835715794456, 0.05258373260980219, -0.03833508264650952], "aligned_model": [[-0.7703758350121978, 0.049746194375909034, 0.4812871997971226, 0.5915793726057377, -0.530489283384407, 0.07444677475553507, -0.27220033097270374, 0.5781818279155404, 0.20348255749287694, 0.07834883009981873, -0.5666985935471016, -0.040543111763123627], [-0.2622002879148875, -0.7309384825606793, -0.11119319983106456, -0.4319104881341996, 0.6268046582152522, 0.6383924103211854, 0.040177046519470676, 0.3616714553397459, -0.2693634694600488, 0.5024082983762413, 0.31729618153948413, -0.015012732359860184], [0.08003457900911944, 0.14281369679981448, 0.465879538712619, -0.07699005043046696, 0.11966731459401826, 0.22541278725651237, 0.5017022846594501, -0.14675561089314332, -0.6214462846407637, -0.7097286619889568, -0.4235394525129541, 0.00814214928910792]], "inverted": true, "swapped": true, "error_lsq": 0.04720006049010179, "error_max": 0.3351654372600562, "target": "216.xyz", "model": "11.xyz", "model_rescale": 3.6694154284099745, "target_rescale": 4.07251523159989},
{"mapping": [3, 2, 9, 12, 11, 7, 0, 4, 1, 6, 10, 5, 13], "R": [[-0.9241548677986847, 0.17716763568040245, 0.33845148720520074], [0.3581712545771342, 0.09372253084475723, 0.9289399547907795], [0.13285756553029898, 0.9797079748983724, -0.15007048744470913]], "T": [-0.07101672968036365, -0.044299206474552905, 0.02158067227653686], "aligned_model": [[0.5054358972907933, -0.1690102945580227, -0.24455730136684883, -0.5769801506087601, 0.3892904591454571, -0.5814010284033382, 0.1791429842455094, 0.6494514925281281, 0.1598718093450446, 0.15729785098320512, -0.6197160441896881, -0.4185731348429487, -0.011614651275069263], [0.059063052518361, 0.08955582728144398, -0.8187274231729174, 0.3989466173913395, -0.6107240547358578, -0.4257009701875364, 0.5541890646591678, 0.11867574002472814, 0.6115834269522991, -0.10298989034033668, -0.23964217989078893, 0.21916391315543968, 0.06156863086117949], [-0.6095037221409254, -0.6099204477328152, -0.1002014037864366, -0.07486960804638208, 0.13252584835239115, 0.40394944809802996, 0.3215302868276372, -0.02362283811352241, -0.4611013636615457, 0.5356649935094017, -0.23199174795552152, 0.6956448549045526, 0.03482528920165258]], "inverted": true, "swapped": false, "error_lsq": 0.04451493209046632, "error_max": 0.3098215275748113, "target": "216.xyz", "model": "12.xyz", "model_rescale": 3.9764082729961374, "target_rescale": 4.07251523159989},
{"mapping": [11, 8, 3, 0, 14, 4, 12, 13, 1, 6, 7, 5, 15], "R": [[0.2854776639728471, -0.24703537196296807, 0.9260000153195054], [0.19007630607922973, -0.9324208903846296, -0.3073471669653225], [0.9393473804934367, 0.2637514135951746, -0.21922976665285665]], "T": [-0.04889133881621295, 0.11481949635664017, -0.00014000754560246397], "aligned_model": [[0.5105894597742974, -0.03308313820545512, -0.07906753150596631, -0.7512461569865121, 0.4307911952802134, -0.5258284417067037, 0.311869355340285, 0.5303840430143532, -0.07138479861716647, 0.19648872113115817, -0.6894629529779881, -0.3272969762865429, -0.08411488996051072], [-0.2082260695800493, -0.019740162089105687, -0.6058677035845781, 0.281734616576456, -0.5210669215845316, -0.23587956195840803, 0.6361287763128407, 0.09163412807461545, 0.6169711154685794, -0.2683274981866719, -0.23110298650347982, 0.36487375017238916, 0.01383027139846485], [-0.4618406649921554, -0.6938954657302305, -0.4338943211255932, 0.07696372477152792, 0.06589914399229575, 0.406559995113104, 0.07267407853351805, 0.19577583379852562, -0.38828994500590447, 0.6135747571878878, -0.20272169947519916, 0.7500513527139692, 0.012072799674770948]], "inverted": false, "swapped": false, "error_lsq": 0.04594960847011443, "error_max": 0.24630465819667174, "target": "216.xyz", "model": "13.xyz", "model_rescale": 4.170626492500431, "target_rescale": 4.07251523159989},
{"mapping": [9, 1, 7, 2, 10, 8, 6, 11, 3, 12, 0, 4, 13], "R": [[0.45002373284877717, -0.10159192729427699, -0.8872190936749991], [0.8582360309747151, -0.22536896817785718, 0.4611287708647289], [-0.24679861225221705, -0.968962284349129, -0.014231531867564512]], "T": [-0.08078392774473969, 0.03846731957403164, 0.02702242636230458], "aligned_model": [[0.5101722053708064, -0.13449022975673353, -0.3200062471063562, -0.5622861157424508, 0.2325223799396418, -0.324233643556487, 0.18951982477349477, 0.5938998048169339, 0.09104362347056971, 0.19861886679342083, -0.5836601745936632, -0.47227427162262664, -0.00018813449308854868], [-0.2146913659468765, -0.14626081928743984, -0.687721524646913, 0.4862776853916187, -0.4288305356162622, -0.5430150121206138, 0.7925414872641326, 0.24911376680238623, 0.540185656830248, -0.2226036115520878, -0.08304903017822603, 0.08248274425876849, 0.09053231331778581], [-0.4659156703012879, -0.7171587462914515, -0.24288912829422585, 0.0034918833154493033, 0.06945092002587851, 0.41966326300956597, 0.2835322663823892, 0.017557416173953438, -0.41369018649792555, 0.6511074914867476, -0.269975323841144, 0.6168199201118257, 0.06093548417674158]], "inverted": true, "swapped": false, "error_lsq": 0.04651515322026768, "error_max": 0.2561678191389656, "target": "216.xyz", "model": "14.xyz", "model_rescale": 3.9786697098870705, "target_rescale": 4.07251523159989},
{"mapping": [9, 4, 6, 11, 7, 8, 2, 1, 3, 5, 0, 12], "R": [[-0.49062658445378604, 0.8390260068826684, 0.23520398466381587], [0.5134740555620625, 0.49646241696135207, -0.6999067529389472], [-0.7040099068137181, -0.22262171574088893, -0.6743957464195061]], "T": [0.028656850129971812, 0.003067716908260778, -0.012715959942917732], "aligned_model": [[0.057447438802587084, -0.5173657416769478, 0.4884412722498393, 0.5583590853552263, -0.16332841564249645, 0.5115644115929362, -0.5308076568558464, -0.11574125524952429, 0.6439784595144047, 0.06557987387100855, -0.5125026065324194, -0.0022702686614316583], [-0.4324314835391909, -0.16272980652407312, 0.2064788042399391, -0.5422556375208473, 0.4161477258704929, 0.6408753998593449, -0.18346393709833123, 0.4908691708880948, -0.11658360593817883, -0.790824745633277, 0.562065978156658, -0.07347337253619242], [-0.6055582994608452, -0.17105802029495387, -0.48576958003818127, -0.22246887025940973, -0.4775218811929467, 0.1445822733696194, 0.5478327571801075, 0.48552606608474497, 0.31133437668456704, 0.13347588528422372, 0.006264500892672508, -0.006672714375768465]], "inverted": false, "swapped": true, "error_lsq": 0.0504248914818974, "error_max": 0.2767525668520586, "target": "216.xyz", "model": "15.xyz", "model_rescale": 3.769337070930944, "target_rescale": 4.07251523159989},
{"mapping": [3, 8, 5, 10, 11, 6, 9, 7, 4, 2, 12], "R": [[0.6544507397929681, 0.1413221903366913, 0.7427800937712835], [-0.4377975851289358, -0.7301206594541814, 0.5246494992787695], [0.6164637082908523, -0.6685445842699135, -0.4159574920633835]], "T": [-0.028007289624737287, -0.043443828963589136, 0.09057876562142396], "aligned_model": [[-0.35334402917067925, -0.270156856555385, -0.08397810356081212, -0.5956854903248666, 0.22755982211910344, 0.40588573492156677, 0.6094649722706267, 0.3919889206318763, 0.1632799368307823, -0.5479405357831776, -0.02444824068786393], [-0.060188137661286, -0.7663333285994699, 0.721274525565251, 0.3190051489269151, 0.3071819493021817, -0.4190742271397818, 0.29500890377226335, -0.43939215099909373, 0.24611740875577673, 0.35365831099992284, 0.03880609470266335], [-0.5353776040486913, -0.19844622655791777, -0.1645167333733667, -0.0770389042193118, -0.5679843044676282, -0.29308275183223653, -0.05443624784000027, 0.39118829666527144, 0.5704383119698869, 0.5743026194545122, 0.09917115147325913]], "inverted": false, "swapped": true, "error_lsq": 0.049536370322720284, "error_max": 0.26185202170393285, "target": "216.xyz", "model": "16.xyz", "model_rescale": 3.7852294659196426, "target_rescale": 4.07251523159989},
{"mapping": [6, 10, 5, 0, 7, 1, 8, 11, 9, 2, 4, 3, 12], "R": [[-0.5491726349122943, -0.44073484479887526, -0.7100438110733729], [-0.7776574039597861, -0.04163109282972732, 0.6273083884154022], [-0.30603656502126375, 0.8966714273857033, -0.31987805829733285]], "T": [-0.07343937330357231, 0.004024617434933335, 0.06243770268443578], "aligned_model": [[0.3857390328697185, 0.0004521389185372371, -0.24496370845075235, -0.6017748113777843, 0.4156120845842223, -0.3352214388385427, 0.11669757513828244, 0.6374476265585374, 0.06434515506561539, 0.2098749792371149, -0.6606851378753741, -0.5359576579752227, -0.03292794956089021], [-0.44285848934968286, 0.08342057573138166, -0.5931511073308895, 0.4209326813156653, -0.4969763213742586, -0.49568845394713984, 0.5944505168792539, 0.18196932299256144, 0.751894076282316, -0.1115086304097672, -0.21837584922625608, 0.18980726902271075, 0.051046163930626484], [-0.5514384379796812, -0.7359928838457014, -0.15243334413926957, -0.05068385531788155, 0.09784583771796432, 0.45742017153743325, 0.26106073597879986, 0.032314130115243055, -0.3486200569762294, 0.592033838732628, -0.2653840926723701, 0.6821610392435533, -0.005353492937972486]], "inverted": true, "swapped": false, "error_lsq": 0.04413335999943243, "error_max": 0.30438088022875726, "target": "216.xyz", "model": "17.xyz", "model_rescale": 3.901054581598922, "target_rescale": 4.07251523159989},
{"mapping": [13, 3, 12, 1, 9, 6, 8, 5, 2, 10, 7, 4, 14], "R": [[-0.6290606319141503, 0.5785894762748355, 0.5191502088218608], [-0.7586999847319141, -0.3115406219228556, -0.5721160494687365], [-0.1692839465028013, -0.7537749391137465, 0.6349537673094827]], "T": [-0.07832428179757944, 0.001187199042842614, 0.02630563720766047], "aligned_model": [[0.4437043696084645, -0.14148446055844383, -0.13526527398887883, -0.7009207170742933, 0.4470222920258723, -0.6481361109449222, 0.07649249324236629, 0.5222040939186839, 0.2561070075235705, 0.21882072072209097, -0.6467450424943346, -0.20925243996754211, -0.06390904371917218], [-0.13040386705271742, -0.04046547134861581, -0.6003853310364079, 0.29412682479077185, -0.39040447887011015, -0.3504362233781264, 0.6195341445380087, 0.17271875502388265, 0.5352463058930641, -0.24329528167559247, -0.24847917388647464, 0.34691848303122935, -0.049712931512390805], [-0.46121059507142953, -0.7337481348249052, -0.4059481291605816, 0.1369654939002665, 0.09599463559028035, 0.36601314880972247, 0.21095956568713173, 0.03165748342462529, -0.5091144643027752, 0.7504512801747406, -0.20659254834664012, 0.7255206732157334, 0.011981180360347888]], "inverted": false, "swapped": false, "error_lsq": 0.0478877674278613, "error_max": 0.3228417501847914, "target": "216.xyz", "model": "18.xyz", "model_rescale": 3.9405287249114394, "target_rescale": 4.07251523159989},
{"mapping": [8, 5, 9, 10, 7, 13, 1, 0, 2, 12, 11, 14, 15], "R": [[-0.761541288249064, -0.2760848241872712, -0.5863719264642872], [0.43476307628165867, -0.8885877811730949, -0.14626285465553002], [-0.48066197456639365, -0.36631806535217404, 0.7967277710752749]], "T": [0.043157812347130335, -0.00474849467560785, 0.13739160647360524], "aligned_model": [[0.5015398230904892, -0.06045345743477482, -0.20263805614726754, -0.5759321616470497, 0.2554362263385025, -0.3609808338202872, 0.3604331581194984, 0.7193022187768541, -0.15673434734849784, 0.12272685982243464, -0.6190988261585912, -0.5891027572258951, 0.024140041928046363], [-0.17173694529740874, 0.00975997254432193, -0.569035700058909, 0.4665749844968965, -0.660222122569744, -0.47535454615690276, 0.5728204342647635, 0.09338373263791676, 0.6089113342985429, 0.08339122333256102, -0.156337031784897, 0.09028344310465444, 0.022522975704724887], [-0.4407718177602029, -0.6874216159664674, -0.3210559781293937, 0.025651644834371823, -0.0072380828365428695, 0.3953290879591749, 0.17302742086215372, 0.06075567774409593, -0.444665110529712, 0.6722179511900056, -0.1027130833431156, 0.5743749757694026, 0.11543851966274676]], "inverted": false, "swapped": false, "error_lsq": 0.04210005045619925, "error_max": 0.24712139494942054, "target": "216.xyz", "model": "19.xyz", "model_rescale": 4.410303926677745, "target_rescale": 4.07251523159989},
{"mapping": [4, 12, 11, 8, 6, 10, 1, 2, 7, 3, 9, 5, 13], "R": [[0.001599346591165396, 0.4023713558045392, -0.9154751411799766], [0.5887435542311202, -0.7403760758586554, -0.32438294290459607], [-0.8083182971093685, -0.5384612876745694, -0.23807766009026404]], "T": [0.07034587878887191, 0.0045670382873711085, 0.05656887268885491], "aligned_model": [[0.4661710998095101, -0.16221420684529128, -0.12241145295192316, -0.58948060076645, 0.3465147710440558, -0.5893614400631837, 0.17543054978655995, 0.6311679334365664, 0.028595534086048945, 0.25999285769855834, -0.5379516143727632, -0.48263419299220056, -0.005181349576026145], [-0.34956521005714647, 0.04831421336277687, -0.6992080411135876, 0.39726136774527804, -0.49939456129103316, -0.37308987874490396, 0.7266845007442929, 0.24059078480235907, 0.5918883283565872, -0.2244404060858714, -0.13573005417772943, 0.168765740019499, 0.022884970956000266], [-0.404957009684238, -0.6608410021604685, -0.3367230966774458, 0.01812720393584827, 0.1356844355033813, 0.3684911698686831, 0.23156451123015814, -0.20492709641173923, -0.3436357948380744, 0.7180462415492507, -0.2335132061228561, 0.6618147314362438, 0.06379850182777312]], "inverted": false, "swapped": false, "error_lsq": 0.03943728254979965, "error_max": 0.2231549633740039, "target": "216.xyz", "model": "20.xyz", "model_rescale": 4.121658175737393, "target_rescale": 4.07251523159989},
{"mapping": [2, 1, 0, 8, 3, 7, 10, 4, 6, 11, 5, 9, 12], "R": [[-0.7192710288472515, -0.6727953705139604, -0.17319231067226737], [0.5791019641491617, -0.7183452110855602, 0.38551403713616617], [-0.3837839264216254, 0.17699307084014584, 0.9063020195801043]], "T": [-0.07463616514490297, 0.06905583765312387, -0.0054657783937876615], "aligned_model": [[0.5510183664664772, -0.04620667968441089, -0.2293508339769299, -0.641925199227124, 0.16787934620342482, -0.2588394504418148, 0.3194426204626573, 0.4781526883252372, -0.04849616628586061, 0.23434970892388685, -0.6642798911967293, -0.33452985570279953, -0.10857676557255272], [0.07855956753302046, -0.10283365432409947, -0.8128826076132434, 0.42071022261297397, -0.5816924219125889, -0.42166394142357944, 0.6867491506987675, 0.014681162627156845, 0.6177099772554087, -0.13428262643680788, -0.23322138875528584, 0.41390172889567445, -0.030773414640876073], [-0.43520723601875594, -0.6777905755697555, -0.4360603446716682, -0.09616003408322561, -0.024270894071034457, 0.43280503720533464, 0.2625452725346401, 0.1380594114577007, -0.3532010191000399, 0.7931268598069862, -0.16311185258944363, 0.5743613131446891, -0.0021663485889109515]], "inverted": true, "swapped": false, "error_lsq": 0.049165873668276724, "error_max": 0.27680609534099243, "target": "216.xyz", "model": "21.xyz", "model_rescale": 4.08911054899281, "target_rescale": 4.07251523159989},
{"mapping": [12, 10, 7, 8, 13, 0, 15, 14, 5, 2, 6, 1, 16], "R": [[0.7179186315547428, 0.0038220439439937137, 0.6961165351050467], [-0.5676403343670793, 0.5820662421762475, 0.5822227585026648], [-0.4029606547371539, -0.813132388789742, 0.42004574635971736]], "T": [0.011575558294929858, 0.04806621824512716, 0.0383418721928969], "aligned_model": [[0.503595018878101, -0.11035316262960727, -0.14932072389164414, -0.5938097876566301, 0.2952513972587721, -0.4639174621450887, 0.3447533333514775, 0.6484761142332409, -0.16996021035814596, 0.19033871537797797, -0.6555104034094769, -0.4268437521029892, 0.005938811387474315], [-0.23824065988934937, -0.03379389397912305, -0.5235494411587308, 0.38608937546519506, -0.5472599208687559, -0.49421020889259826, 0.5618582921385666, 0.12445295054903979, 0.49117673575410037, 0.05605512624841147, -0.17225233615335667, 0.30212775318814755, 0.002507982114974175], [-0.4316737956038481, -0.7551111624949013, -0.3530199965580898, 0.03503337553120923, -0.00460894274879934, 0.3210467753389966, 0.4339645369971524, 0.01975868300308773, -0.4797574309533576, 0.7377943297565751, -0.21069664457918358, 0.6492752777279426, 0.05092458403973259]], "inverted": false, "swapped": false, "error_lsq": 0.037986057760074673, "error_max": 0.24975053770174008, "target": "216.xyz", "model": "22.xyz", "model_rescale": 4.204369325754507, "target_rescale": 4.07251523159989},
{"mapping": [8, 5, 9, 10, 7, 13, 1, 0, 2, 12, 11, 14, 15], "R": [[-0.761541288249064, -0.2760848241872712, -0.5863719264642872], [0.43476307628165867, -0.8885877811730949, -0.14626285465553002], [-0.48066197456639365, -0.36631806535217404, 0.7967277710752749]], "T": [0.043157812347130335, -0.00474849467560785, 0.13739160647360524], "aligned_model": [[0.5015398230904892, -0.06045345743477482, -0.20263805614726754, -0.5759321616470497, 0.2554362263385025, -0.3609808338202872, 0.3604331581194984, 0.7193022187768541, -0.15673434734849784, 0.12272685982243464, -0.6190988261585912, -0.5891027572258951, 0.024140041928046363], [-0.17173694529740874, 0.00975997254432193, -0.569035700058909, 0.4665749844968965, -0.660222122569744, -0.47535454615690276, 0.5728204342647635, 0.09338373263791676, 0.6089113342985429, 0.08339122333256102, -0.156337031784897, 0.09028344310465444, 0.022522975704724887], [-0.4407718177602029, -0.6874216159664674, -0.3210559781293937, 0.025651644834371823, -0.0072380828365428695, 0.3953290879591749, 0.17302742086215372, 0.06075567774409593, -0.444665110529712, 0.6722179511900056, -0.1027130833431156, 0.5743749757694026, 0.11543851966274676]], "inverted": false, "swapped": false, "error_lsq": 0.04210005045619925, "error_max": 0.24712139494942054, "target": "216.xyz", "model": "23.xyz", "model_rescale": 4.410303926677745, "target_rescale": 4.07251523159989},
{"mapping": [14, 15, 6, 4, 7, 0, 10, 11, 8, 1, 5, 3, 16], "R": [[0.9156134808999495, 0.35383865287113636, 0.19091925342567537], [0.2893160528298411, -0.9095812248666385, 0.2982586410233007], [0.27919200412841055, -0.21785362770549632, -0.9351960338486881]], "T": [0.011525534039503321, -0.08727198237981681, -0.04907588901001374], "aligned_model": [[0.43973426437571117, -0.07502034750780412, -0.1493843591609606, -0.5091342367535691, 0.26164176640833636, -0.42213560130784467, 0.1652683300219119, 0.6314775774275222, -0.19085080079300834, 0.2744426460428804, -0.5640063481548275, -0.4124232990898281, -0.0309717032150581], [-0.24120245429466652, 0.04999249969699304, -0.5857914216454645, 0.35933810761361956, -0.5290978091303257, -0.4176495221658957, 0.5183329199899793, 0.003153236234364143, 0.6665562419763948, 0.02174626770680879, -0.1765002513020582, 0.2954506663313742, -0.049366726494602234], [-0.5501673807503543, -0.7440452863090126, -0.5999701299531159, 0.008692645547392804, 0.38006593580335374, 0.4735851024369418, 0.133652874967626, 0.041501317550798986, -0.30693921427782667, 0.7604455516783666, -0.2865698932099589, 0.645936158141566, 0.05674190783073883]], "inverted": false, "swapped": false, "error_lsq": 0.04451781422858618, "error_max": 0.2885103245193301, "target": "216.xyz", "model": "24.xyz", "model_rescale": 4.28219845311461, "target_rescale": 4.07251523159989},
{"mapping": [3, 4, 7, 2, 9, 12, 8, 1, 0, 11, 13, 14, 15], "R": [[0.5893404608776416, 0.7812305921231979, 0.2058071502726933], [0.6505741405057759, -0.6099653547433592, 0.4524329273140707], [0.4789896751264064, -0.13274422000089442, -0.8677256842912133]], "T": [-0.014395080864819998, 0.016667386272526563, 0.06322889613433272], "aligned_model": [[0.5168130354332763, -0.07151472219975571, -0.13489576866049605, -0.5803600412583144, 0.22994294834953982, -0.41093625491951413, 0.42758329479009993, 0.5306960258714508, -0.05712066860206219, 0.03224997314234951, -0.5210481913645294, -0.5213851409963303, -0.021386601292252557], [-0.23134041696376284, 0.06843577027505637, -0.5962458469848098, 0.36581395135798817, -0.60540697910809, -0.419962003872221, 0.46766096589145706, 0.25116527684706025, 0.6807512637370949, -0.1293490098616632, -0.27763733924065154, 0.2673453635323549, 0.07373075890670808], [-0.44308662957346445, -0.6638927952057394, -0.400843251800697, -0.09974461117201869, 0.16420461249631385, 0.549572162947162, 0.3516833353873384, -0.17711216053263118, -0.4087046795730309, 0.585704275693261, -0.034770140078207445, 0.5733918657228728, 0.0165276051453572]], "inverted": true, "swapped": false, "error_lsq": 0.04342246508825173, "error_max": 0.2578193494683945, "target": "216.xyz", "model": "25.xyz", "model_rescale": 4.100010024507729, "target_rescale": 4.07251523159989},
{"mapping": [2, 5, 9, 11, 0, 7, 4, 6, 3, 8, 1, 12], "R": [[-0.03883854867634573, -0.645574082374472, -0.7627094278315131], [-0.8129946820333931, -0.4233689038728593, 0.3997479433579568], [-0.5809743661489187, 0.635604338720129, -0.508405262047916]], "T": [-0.029491835715794456, 0.05258373260980219, -0.03833508264650952], "aligned_model": [[-0.7703758350121978, 0.049746194375909034, 0.4812871997971226, 0.5915793726057377, -0.530489283384407, 0.07444677475553507, -0.27220033097270374, 0.5781818279155404, 0.20348255749287694, 0.07834883009981873, -0.5666985935471016, -0.040543111763123627], [-0.2622002879148875, -0.7309384825606793, -0.11119319983106456, -0.4319104881341996, 0.6268046582152522, 0.6383924103211854, 0.040177046519470676, 0.3616714553397459, -0.2693634694600488, 0.5024082983762413, 0.31729618153948413, -0.015012732359860184], [0.08003457900911944, 0.14281369679981448, 0.465879538712619, -0.07699005043046696, 0.11966731459401826, 0.22541278725651237, 0.5017022846594501, -0.14675561089314332, -0.6214462846407637, -0.7097286619889568, -0.4235394525129541, 0.00814214928910792]], "inverted": true, "swapped": true, "error_lsq": 0.04720006049010179, "error_max": 0.3351654372600562, "target": "216.xyz", "model": "26.xyz", "model_rescale": 3.6694154284099745, "target_rescale": 4.07251523159989},
{"mapping": [5, 0, 1, 2, 7, 12, 10, 8, 4, 9, 6, 11, 13], "R": [[-0.011760157686950226, 0.9731378951098228, -0.22992245604203537], [-0.7340332973231543, 0.14773999394851817, 0.6628484084683238], [0.6790116472580394, 0.17656594034330467, 0.7125781722720734]], "T": [0.02500151783702386, -0.036247090906728584, 0.03432055248669866], "aligned_model": [[0.4017436845296132, -0.16238568272762538, -0.1948893623116641, -0.5654562567122684, 0.41330170341740025, -0.5528570587346932, 0.11072468871493096, 0.6128924066488515, 0.16795505336467756, 0.22681117657714933, -0.5309057235725096, -0.48430565560608485, -0.023991085294315324], [-0.2852658247781505, 0.09259123414547932, -0.6386901684623606, 0.2785863882417971, -0.5299050084657942, -0.22937651038049406, 0.5068046956578433, 0.21128857221404088, 0.6770104586621039, -0.08256568168469638, -0.42778829056161644, 0.3515313969929376, -0.009259507064568982], [-0.6153205097453601, -0.5863404388728576, -0.5726036543369238, -0.08555080808293405, 0.0749819718905467, 0.5427625906519992, 0.2785274626598152, 0.07262969976838077, -0.34824777441992705, 0.6839288846822533, -0.059770146977410996, 0.6056431554413092, 0.02228915679762541]], "inverted": false, "swapped": false, "error_lsq": 0.045866194351387175, "error_max": 0.24281388821891545, "target": "216.xyz", "model": "27.xyz", "model_rescale": 4.103607728864725, "target_rescale": 4.07251523159989},
{"mapping": [5, 7, 1, 13, 0, 2, 10, 9, 11, 3, 4, 12, 14], "R": [[0.9868434254644634, -0.12991376960799383, -0.09624170657155365], [-0.016838498471627418, 0.5094426418595428, -0.8603398512357722], [0.160799622470903, 0.850641291686108, 0.5005525689593495]], "T": [0.0002585953662479351, 0.16782320512222137, -0.025325946125193587], "aligned_model": [[0.4776989679722923, -0.010681622404209903, -0.10539487546512359, -0.5928867828822678, 0.2798769023874916, -0.4000657492436488, 0.27687719033624564, 0.8162745879158199, -0.1391281042595771, 0.12045510794928001, -0.8193695667229928, -0.4681902308912598, -0.016827936398587914], [-0.15040248670937445, -0.03381830060716495, -0.6836297765478122, 0.42823157291959557, -0.47023019370742836, -0.3300534784658586, 0.5024538527236961, 0.12257473467041584, 0.6957836721794882, -0.16940988420206915, -0.21298852457012107, 0.20307164307844588, 0.013378923754707978], [-0.47911390326594055, -0.7176425358193189, -0.283639701433274, -0.009880066505254047, 0.13085729113845188, 0.33961231342575116, 0.24165674789895888, 0.02151849728168284, -0.4423275368312485, 0.6344903119303964, -0.09461800608487983, 0.6934277404214182, -0.02141156270022678]], "inverted": true, "swapped": false, "error_lsq": 0.035783100498843895, "error_max": 0.19859644217273867, "target": "216.xyz", "model": "28.xyz", "model_rescale": 4.137296879288765, "target_rescale": 4.07251523159989},
