[{"mapping": [6, 8, 1, 2, 5, 9, 10, 4, 3, 11], "R": [[-0.5288602289559389, -0.8484983853135889, 0.01890365966961774], [0.7666267663904113, -0.4871496211879339, -0.41829253833918], [0.36412945401663654, -0.20672623611115565, 0.9081156336176914]], "T": [0.04007046769881573, -0.014400728487702144, -0.011436826468679495], "aligned_model": [[0.045750225708730136, 0.501086516893061, -0.42208463792636547, 0.016534425153185404, -0.7582681777617314, 0.4234698821659275, -0.11852143228454179, 0.3420792107023991, 0.5488721219135474, -0.018918195521429364], [-0.21891098287579958, -0.41299483984998386, -0.5170072340092361, -0.7612061798454055, 0.1844393952433962, 0.24888225883592857, 0.6406911283639859, -0.011489356979179091, 0.39304530306716945, -0.020569390946591617], [-0.7066330460024318, -0.1894548802268646, -0.2003281139092727, 0.2893586490792923, 0.09721097557410978, -0.4026444209759768, -0.09783482593128845, 0.737649757184286, 0.21024114452858628, 0.024819774351848824]], "inverted": true, "swapped": false, "error_lsq": 0.04786631642222951, "error_max": 0.253150723709149, "target": "217.xyz", "model": "0.xyz", "model_rescale": 3.751011558992144, "target_rescale": 3.841972739635685},
{"mapping": [5, 3, 9, 12, 10, 8, 4, 6, 1, 14], "R": [[-0.09273829773660598, 0.01794051267769403, 0.9955288776011363], [0.41592478532534066, 0.9091240368752604, 0.02236198845584647], [-0.9046580464932515, 0.41613894744483076, -0.09177251949533952]], "T": [0.13628417779636026, -0.09663542668696448, -0.04812708798201118], "aligned_model": [[-0.132161326791917, 0.6343368521091082, -0.4132044152913781, 0.14013459501576792, -0.6204386846984878, 0.24064067011435786, -0.05603631720142668, 0.07696773565167825, 0.5785252927798896, 0.11123553735518996], [-0.15349298308720188, -0.6682476498256052, -0.4294371146005558, -0.7693435612478997, 0.20878110550534065, 0.37572854518072474, 0.6693995322145059, 0.09746011695359222, 0.3363969349903625, -0.142364825078979], [-0.6091888282050987, -0.14091118942830105, -0.19473862887363488, 0.26718869668471656, 0.032774082405633356, -0.5024400337939674, -0.005969777175497001, 0.6747382002289488, 0.27217170907179855, -0.031239217242309332]], "inverted": true, "swapped": false, "error_lsq": 0.04401282809012568, "error_max": 0.20317234326912986, "target": "217.xyz", "model": "1.xyz", "model_rescale": 3.9405287249114394, "target_rescale": 3.841972739635685},
{"mapping": [7, 3, 4, 8, 1, 6, 0, 5, 11, 12], "R": [[-0.25905457963595235, -0.43245325175360017, 0.8636404980183466], [-0.4542310112698018, 0.843661130417524, 0.2861993805434233], [-0.8523877715983809, -0.31815103656968224, -0.414987957366456]], "T": [0.0769781535063905, -0.09291792130780047, 0.040149366913109066], "aligned_model": [[-0.018990084766144527, 0.31884515750823883, -0.3388942162914398, 0.15195308507184302, -0.6656545142939176, 0.31366108455058445, -0.0582523801552077, 0.16093215416289203, 0.6874444327153915, 0.008955220540542208], [-0.1377862860494216, -0.4458481854958751, -0.6277033028477523, -0.8013656414106491, 0.12350319647018973, 0.26926569794417327, 0.7340161918003523, 0.3108753178314977, 0.20240061046818142, -0.10247749770641165], [-0.7457811517998494, -0.33898155976552125, -0.14082159653880832, 0.3453875650921608, -0.12980637101235376, -0.28872737213557226, 0.06883148014612134, 0.6384628517819617, 0.2586263125517259, 0.09519485535242428]], "inverted": false, "swapped": false, "error_lsq": 0.054732599693413764, "error_max": 0.2623365547773578, "target": "217.xyz", "model": "2.xyz", "model_rescale": 3.932901565614263, "target_rescale": 3.841972739635685},
{"mapping": [4, 7, 5, 9, 6, 0, 1, 11, 3, 13], "R": [[0.6576064287516549, -0.746282143944544, 0.10303759747795944], [-0.5609473754039513, -0.39375050405764545, 0.7282160274134106], [-0.5028835122490234, -0.5366782110202402, -0.6775578727490378]], "T": [0.08435260711386522, -0.004408840673978544, 0.06817285839595112], "aligned_model": [[-0.03596802615276998, 0.42638502673791057, -0.33362553565121467, 0.06616684084550756, -0.5776953963288614, 0.33763503852518106, -0.06782271821409186, 0.20621064348609605, 0.5575355695650717, -0.01882150377004657], [-0.14017599980980336, -0.5492906364284857, -0.5473097675381184, -0.6983641860902917, 0.005565714754332186, 0.37021781723029884, 0.7193158847763356, 0.23556807849404007, 0.18043640972421768, -0.05108321410824073], [-0.7864127887151381, -0.24144012571260798, -0.14943353267604653, 0.30877251729471905, -0.10000921574771486, -0.4262492348289073, 0.025349815003969225, 0.9198009436570931, 0.11931575166908545, 0.09269088372783695]], "inverted": true, "swapped": false, "error_lsq": 0.045365071578300165, "error_max": 0.24693414856098822, "target": "217.xyz", "model": "3.xyz", "model_rescale": 3.9243930471874484, "target_rescale": 3.841972739635685},
{"mapping": [3, 10, 6, 11, 5, 4, 7, 9, 8, 12], "R": [[0.5339826538128141, 0.6877737123642369, 0.4917619810515454], [0.34561030999693676, 0.35325775988962393, -0.869346000566855], [-0.7716320619640205, 0.6341736951801777, -0.04906816983211676]], "T": [0.025776760386064038, 0.013029752164681774, -0.019398443825357277], "aligned_model": [[-0.11565005666843652, 0.5528665432305373, -0.3241184885892669, 0.019644940332316632, -0.713642648476143, 0.35130781797995564, 0.13348604906912603, 0.1718291984759548, 0.5771711058726927, -0.09289452218395446], [-0.10897222479363838, -0.42296767289993414, -0.5769090501180687, -0.6280381941705058, -0.11868689449059816, 0.31628326588386263, 0.80350731494096, 0.013942843221143142, 0.22418495979354955, 0.0225357536375144], [-0.6659797174489972, -0.19030872928794448, -0.2453675546400782, 0.44442088560360415, 0.07823742338867262, -0.41237949476655655, -0.09978930643324566, 0.6707864903550376, 0.1990371827853434, -0.016272165883546595]], "inverted": false, "swapped": false, "error_lsq": 0.048608239761991225, "error_max": 0.25508865808896924, "target": "217.xyz", "model": "4.xyz", "model_rescale": 3.8936222436046832, "target_rescale": 3.841972739635685},
{"mapping": [6, 1, 5, 4, 7, 9, 8, 10, 3, 11], "R": [[-0.10431499461825001, 0.57049892376096, 0.8146467700085611], [-0.9926284180889279, -0.008903999006862673, -0.12086994003456242], [-0.06170255667366947, -0.821250081759066, 0.5672222648227593]], "T": [0.14868100170733337, 0.019217994164093366, 0.0245049071871985], "aligned_model": [[-0.24280417771785587, 0.5525990830340823, -0.2605353434123744, -0.02170356950004826, -0.4947897748817508, 0.3751087590484401, 0.029816256117741496, -0.03594362924739, 0.5560445090134744, 0.10220782658846328], [-0.14033476094890496, -0.5466437929522532, -0.64137500315094, -0.6294489088293822, 0.09418489341381843, 0.33806757697436746, 0.745890053011647, 0.09564163499788743, 0.3516726475645175, -0.1427742390764729], [-0.6506920275910888, -0.37519421542862724, -0.20642740287804995, 0.44974007243365427, 0.033040191645134, -0.454140429224271, 0.08518206497332816, 0.6241219285029749, 0.25647669139560664, 0.00027813984362793504]], "inverted": true, "swapped": false, "error_lsq": 0.048435281825793784, "error_max": 0.2295027690025931, "target": "217.xyz", "model": "5.xyz", "model_rescale": 3.6523030999806103, "target_rescale": 3.841972739635685},
{"mapping": [5, 1, 8, 6, 9, 7, 11, 10, 4, 12], "R": [[0.5996483979260536, 0.1934291248876313, 0.7765352358456905], [0.7982646761332692, -0.2131181783725844, -0.5633419466762598], [0.056527035147475146, 0.9576877443573956, -0.282203611963206]], "T": [0.1549369437488557, -0.09749096489242268, -0.0548022941478008], "aligned_model": [[-0.02189559108569647, 0.6034433042358864, -0.37232533285791347, 0.07119762649766659, -0.49548224260101215, 0.05328145631599508, 0.06761579333719392, -0.020511773219700657, 0.4943552967880072, 0.18032140163235622], [-0.30833636008343146, -0.5941679589730908, -0.5040586034687409, -0.6044390997686693, 0.17413597064664946, 0.41109399271784874, 0.7689452165483088, 0.016914667398252453, 0.23102171769921556, -0.06622944171205847], [-0.677841621909282, -0.24062176069291838, -0.15678439844269082, 0.3434636689521219, 0.10593527177339351, -0.4995781505794754, 0.07260399816998886, 0.6967308991851693, 0.27078364062757126, -0.15230653341158928]], "inverted": false, "swapped": false, "error_lsq": 0.053958067375304675, "error_max": 0.2847068662353645, "target": "217.xyz", "model": "6.xyz", "model_rescale": 4.08911054899281, "target_rescale": 3.841972739635685},
{"mapping": [9, 1, 11, 13, 10, 3, 4, 7, 6, 14], "R": [[0.46578416735055933, -0.5554769327473352, -0.6888326985786597], [-0.626990136252052, 0.34214350446133196, -0.6998722679157615], [0.6244425341760274, 0.7578807290995931, -0.1889135304081999]], "T": [0.017507066295149705, -0.028965524171327736, 0.04904635129557898], "aligned_model": [[0.07598115803565011, 0.4113631204749858, -0.3412086649019871, 0.05247765453382156, -0.6979047222311977, 0.40113362242533024, -0.08984969361286788, 0.2936385362405825, 0.4382979066891632, 0.016071021389301686], [-0.1885565806800948, -0.5738311574558893, -0.4546855858805518, -0.6422312404546532, 0.04120839632589003, 0.4881439123325963, 0.6672212852325847, 0.06812948688458022, 0.22612307014478933, -0.10664148544496721], [-0.7162436481068235, -0.24411727043586762, -0.13700879162488583, 0.4472633041508838, -0.0013172488692823614, -0.4112578224591946, 0.02359164217708125, 0.7657142902123959, 0.13275921854908246, -0.09699865992110025]], "inverted": false, "swapped": false, "error_lsq": 0.047443160044249595, "error_max": 0.20270931303406006, "target": "217.xyz", "model": "7.xyz", "model_rescale": 3.964800864290218, "target_rescale": 3.841972739635685},
{"mapping": [5, 10, 8, 9, 7, 3, 0, 4, 6, 13], "R": [[0.8207547669176216, -0.5306845789718498, -0.21150765996405757], [0.17570227737741984, -0.11779656539978799, 0.9773702875084765], [-0.5435902154255439, -0.8393437000546821, -0.0034396034839681566]], "T": [0.0011748931322434972, 0.03807204343258756, 0.08345586051448386], "aligned_model": [[0.03388255833307958, 0.44779417646421293, -0.3946638526416165, 0.027459258502354304, -0.6854571983495511, 0.4375670814903987, 0.008249063211132883, 0.19202446638964266, 0.5083125866552196, -0.015168201012090533], [-0.2736102521579611, -0.5339234473832992, -0.545737784641776, -0.64289774520527, -0.05160053419588147, 0.39366039292807437, 0.7258989384789062, 0.22246715740293754, 0.25912297063278855, -0.028499594854235033], [-0.6916925628348104, -0.3018834539209403, -0.22237964003318036, 0.18064642532515138, 0.24882927050084058, -0.3737984225113431, -0.1165528670235387, 0.7351216317079481, 0.25796566130133386, 0.046128971160827835]], "inverted": true, "swapped": false, "error_lsq": 0.047716372556427036, "error_max": 0.23405700562414514, "target": "217.xyz", "model": "8.xyz", "model_rescale": 4.121658175737393, "target_rescale": 3.841972739635685},
{"mapping": [9, 7, 6, 8, 1, 5, 0, 3, 10, 12], "R": [[-0.021489319752724806, -0.6373639575898162, -0.770263198330293], [0.8594732426818688, -0.4053546141815258, 0.3114376051084071], [-0.5107288461115926, -0.655328026508247, 0.5565080623156575]], "T": [0.07448840181175685, -0.07947887349811053, 0.014476481477368484], "aligned_model": [[-0.03730283392670032, 0.5217714225760185, -0.3910642227238625, -0.05971753843259621, -0.575410968786967, 0.38507513275013244, -0.15763522724944118, 0.24911039842137844, 0.6334243371427714, -0.008250560727951065], [-0.32663941666593893, -0.4962438035429636, -0.5340357357425293, -0.7391469329061524, 0.14914688605779203, 0.3037590210678406, 0.6689336986752483, 0.15816825170768478, 0.39085899775599864, -0.049920865402695906], [-0.7726729341661929, -0.2709281483622875, -0.22389478958623554, 0.29264936787583984, 0.031587468485722546, -0.3575215091212994, 0.08391340081135429, 0.7464020198018025, 0.22148792477256893, 0.011362213161016009]], "inverted": true, "swapped": false, "error_lsq": 0.037686832725525886, "error_max": 0.16551041971232452, "target": "217.xyz", "model": "9.xyz", "model_rescale": 3.833441315466971, "target_rescale": 3.841972739635685},
{"mapping": [8, 0, 11, 12, 7, 2, 3, 4, 5, 14], "R": [[-0.41245701840119736, -0.896030005572644, 0.16434548087818585], [-0.8810611934774977, 0.4382199249857018, 0.1780294096309185], [-0.2315391572058641, -0.07136894604107363, -0.9702041497650814]], "T": [0.09825294560204487, -0.17819787867942055, 0.011256128902036429], "aligned_model": [[-0.15190763379273312, 0.6701857802712315, -0.4669494939754829, -0.03279187757194735, -0.5356236904499901, 0.3422910978562925, -0.1832392947729514, 0.1718302212171094, 0.6852201417772554, 0.06098468848399883], [-0.17289130313821516, -0.5307906910517662, -0.49570390888751253, -0.7064454738374002, 0.025342825326237023, 0.4078928941736792, 0.6374247337169676, 0.3276387293779008, 0.12897806840332188, -0.09656577307892818], [-0.7269517599406895, -0.1000726768685056, -0.2010483791063425, 0.2697165510944507, -0.014927241050152973, -0.32577983527452364, 0.11047166449998838, 0.6233249898583568, 0.14744588481283474, -0.019794184353127287]], "inverted": false, "swapped": false, "error_lsq": 0.049200881921672254, "error_max": 0.22118968899169789, "target": "217.xyz", "model": "10.xyz", "model_rescale": 4.2482417240324, "target_rescale": 3.841972739635685},
{"mapping": [0, 1, 6, 2, 5, 10, 9, 7, 8, 11], "R": [[0.17087456846769888, -0.8111696268317767, -0.5592903703413583], [-0.09790438219039205, 0.5508509922896144, -0.8288413094443743], [0.9804165511653173, 0.1963848792528161, 0.014709364430915639]], "T": [0.0689599771623173, -0.10408881947650933, -0.004273707344193824], "aligned_model": [[0.20908365557585204, 0.5536653765415117, -0.421417759864384, 0.010886235057918053, -0.621961342606258, 0.24882994033647526, -0.081571166531867, 0.03677015143573245, 0.6344061832858228, -0.008691334188020566], [-0.1913861636145735, -0.5602621413863534, -0.48065708712866523, -0.7255157987842451, 0.04155432457078756, 0.39110472046246814, 0.7028105676157896, 0.22268913960960174, 0.1310602866379757, -0.006517746978501021], [-0.743586905108276, -0.24115580871235337, -0.1997427661975121, 0.39348656750880373, 0.2518551172788821, -0.3749926263177522, 0.07032291474487506, 0.5879561697057232, 0.03854351849899755, -0.0203011677290987]], "inverted": false, "swapped": false, "error_lsq": 0.05043852569175811, "error_max": 0.28176804926274485, "target": "217.xyz", "model": "11.xyz", "model_rescale": 3.6694154284099745, "target_rescale": 3.841972739635685},
{"mapping": [5, 7, 12, 10, 1, 6, 4, 8, 11, 13], "R": [[0.2965819485499789, -0.36658152140666256, 0.8818487035526416], [0.8684894807241823, -0.2805185450221718, -0.40869960578655395], [0.3971966385378135, 0.8870892480815111, 0.23517545848247234]], "T": [0.044647088787992055, -0.048784367449271865, -0.003227625296093696], "aligned_model": [[0.1005166858197298, 0.5366510488801198, -0.41443979155967325, 0.08181225951860316, -0.7486232970669188, 0.33861345673388016, -0.09177792760230963, 0.18034309382958566, 0.6181937346238506, -0.0412893241340851], [-0.3019605838669145, -0.5530672168280526, -0.5174204212674963, -0.63576073452634, 0.19481947480807496, 0.22226051191430343, 0.6759704613124863, 0.05427511775706437, 0.36435746417900083, 0.021406027522157922], [-0.7630639129559027, -0.23943988057855398, -0.1803941729872978, 0.23678546160962902, 0.1636638276444951, -0.40319422557811446, 0.05839463399154524, 0.734039753634947, 0.20981396903784566, -0.05422044014630407]], "inverted": false, "swapped": false, "error_lsq": 0.04588109494497616, "error_max": 0.21946634750447738, "target": "217.xyz", "model": "12.xyz", "model_rescale": 3.9764082729961374, "target_rescale": 3.841972739635685},
{"mapping": [4, 9, 7, 2, 3, 6, 14, 10, 12, 15], "R": [[0.7000258040422835, -0.7027737685650887, -0.12677895681767504], [0.3994368773025535, 0.23817193187864855, 0.8852820521822283], [-0.5919578149883146, -0.6703604710019945, 0.44744025767944123]], "T": [0.17016826607149113, -0.04153490439121179, -0.002773149468568638], "aligned_model": [[-0.03873700870787081, 0.6105978815433316, -0.38132767364304143, -0.07530782739374328, -0.6506648804683501, 0.22287927050050507, -0.20005874388339254, 0.25868078693699936, 0.7302313978655098, 0.08370673629283476], [-0.21294729091967393, -0.4420379285154617, -0.5067525061397201, -0.7259925090200755, 0.1276701068272385, 0.4831265854802673, 0.6602348169563262, 0.09486848714915555, 0.07384738615556927, -0.027137046969341418], [-0.6682354712368296, -0.08714262262254399, -0.22740286794931944, 0.3251274283120831, 0.07498324598337489, -0.5555938046155667, -0.0989981923354574, 0.7844412732807758, 0.28047541695590944, -0.06526939210013744]], "inverted": false, "swapped": false, "error_lsq": 0.04332241617569252, "error_max": 0.2148827136782677, "target": "217.xyz", "model": "13.xyz", "model_rescale": 4.170626492500431, "target_rescale": 3.841972739635685},
{"mapping": [6, 3, 11, 9, 12, 2, 4, 7, 0, 13], "R": [[-0.14821390514496052, -0.7438703486153473, -0.6516820871963281], [0.6073185880172352, 0.45160734193472635, -0.6536168153891111], [0.7805105835095593, -0.49265374570943155, 0.3848318020486798]], "T": [0.0634697738356543, -0.0016209027420706554, 0.04027056895353537], "aligned_model": [[-0.0957538491454901, 0.43094354728523143, -0.2705692039621028, 0.02861113457479389, -0.6468971152520291, 0.4806385027653427, -0.14741627036532037, 0.22197312163201385, 0.5547731579169143, 0.0036969135934288577], [-0.1605508827662503, -0.45437515709620707, -0.5766506785629392, -0.7338375411569631, 0.16445625987883578, 0.3206444094315813, 0.6502505836484245, 0.1211759354680991, 0.24699368901018287, -0.05322651685047933], [-0.770209761692656, -0.32776504810117624, -0.19935073511264476, 0.3851620129778174, 0.09945992720186217, -0.35349012919846556, -0.1431790758685027, 0.8259087987716494, 0.2697704079208965, -0.023921383226491066]], "inverted": false, "swapped": false, "error_lsq": 0.034886735041388076, "error_max": 0.17949575652394886, "target": "217.xyz", "model": "14.xyz", "model_rescale": 3.9786697098870705, "target_rescale": 3.841972739635685},
{"mapping": [6, 7, 1, 10, 0, 9, 3, 2, 8, 11], "R": [[0.5269131568889873, 0.4093263015936869, 0.7448587140665778], [0.721458889181903, -0.6786894439685944, -0.1373961784985851], [0.44928787688707594, 0.6097807946051061, -0.6529224963294415]], "T": [0.09735303717567348, -0.11910472314609102, 0.04046671814852061], "aligned_model": [[0.02628991064708122, 0.5994239203144963, -0.40297067974255274, 0.07339830048422201, -0.5013669912685381, 0.08965569771728793, 0.07046348042044485, 0.0394046694616538, 0.4877180091952149, 0.07798362181347204], [-0.3054980486514113, -0.4778968383938217, -0.5282287996906623, -0.9441120042663607, 0.21497235014256708, 0.3210050443328266, 0.7997953064775036, 0.3678861329548815, 0.18766299347783758, -0.1107060353790762], [-0.7260600270202081, -0.19632232663809562, -0.1668151184243558, 0.14587139160027418, 0.15765213840799924, -0.3995996536457123, 0.04746097278515496, 0.7569367517300767, 0.20089390624180586, -0.05763302136464997]], "inverted": false, "swapped": false, "error_lsq": 0.05773520709557427, "error_max": 0.31615230286249724, "target": "217.xyz", "model": "15.xyz", "model_rescale": 3.769337070930944, "target_rescale": 3.841972739635685},
{"mapping": [4, 2, 6, 8, 7, 0, 1, 9, 3, 10], "R": [[-0.7455816981562434, 0.6013598245906239, -0.2871833782494844], [-0.5545717728587057, -0.7988474074625304, -0.23300851559277047], [-0.36953765724592186, -0.01446308952915451, 0.9291031906728484]], "T": [-0.04119534790290678, 0.008678019815958823, -0.04464880198260173], "aligned_model": [[-0.03846623695207755, 0.5448060138954702, -0.25181785791608663, -0.0013715980405454645, -0.6837873108745475, 0.3323654022038634, -0.15380805825917387, 0.2133232539054655, 0.5840734612915164, 0.014682869788898031], [-0.23701226254509972, -0.42481062557038934, -0.6388208880812584, -0.5989010415786701, 0.20218614781042882, 0.29612107036105223, 0.7998575955483054, 0.0583938042646734, 0.07988879713505881, -0.01202249633981652], [-0.7846902613916303, -0.16800137194793804, -0.30520638112224124, 0.39210681028626615, 0.20186017454269162, -0.4865752362393119, 0.005167890105593133, 0.7257590802605954, 0.2441614820429016, -0.06219717286463721]], "inverted": false, "swapped": false, "error_lsq": 0.03793735087002993, "error_max": 0.1559084757715452, "target": "217.xyz", "model": "16.xyz", "model_rescale": 3.7852294659196426, "target_rescale": 3.841972739635685},
{"mapping": [9, 11, 10, 6, 4, 8, 3, 1, 2, 12], "R": [[-0.6622347971001106, 0.19254399321104587, -0.7241352664993745], [-0.11001514123836799, 0.93096135089434, 0.34814886448082455], [0.7411759185295197, 0.3102221362497047, -0.5953322467098455]], "T": [0.03753191056653972, 0.011264447542213965, 0.04791271772079822], "aligned_model": [[-0.0632712502303742, 0.5923545376762327, -0.38429608917903413, 0.005502140054330709, -0.6388439485197184, 0.33999001738934154, 0.05669698612340503, 0.04333233584250361, 0.5775452360045175, 0.030989973881577974], [-0.18387449941333744, -0.38881541133007075, -0.616267948086175, -0.8461645423446301, 0.05474020432350185, 0.20468427766206176, 0.8058721481408481, 0.33408060639394294, 0.21240266410541547, -0.051777398447272485], [-0.7881622189124388, -0.2167380585960393, -0.23051017348372035, 0.27414900350304383, 0.2538550419458466, -0.49551508262258237, 0.07486959422396602, 0.6561973853706599, 0.25289088050274017, -0.018651358259186845]], "inverted": true, "swapped": false, "error_lsq": 0.04312971558507927, "error_max": 0.23247370241704773, "target": "217.xyz", "model": "17.xyz", "model_rescale": 3.901054581598922, "target_rescale": 3.841972739635685},
{"mapping": [5, 3, 9, 12, 10, 8, 4, 6, 1, 14], "R": [[-0.09273829773660598, 0.01794051267769403, 0.9955288776011363], [0.41592478532534066, 0.9091240368752604, 0.02236198845584647], [-0.9046580464932515, 0.41613894744483076, -0.09177251949533952]], "T": [0.13628417779636026, -0.09663542668696448, -0.04812708798201118], "aligned_model": [[-0.132161326791917, 0.6343368521091082, -0.4132044152913781, 0.14013459501576792, -0.6204386846984878, 0.24064067011435786, -0.05603631720142668, 0.07696773565167825, 0.5785252927798896, 0.11123553735518996], [-0.15349298308720188, -0.6682476498256052, -0.4294371146005558, -0.7693435612478997, 0.20878110550534065, 0.37572854518072474, 0.6693995322145059, 0.09746011695359222, 0.3363969349903625, -0.142364825078979], [-0.6091888282050987, -0.14091118942830105, -0.19473862887363488, 0.26718869668471656, 0.032774082405633356, -0.5024400337939674, -0.005969777175497001, 0.6747382002289488, 0.27217170907179855, -0.031239217242309332]], "inverted": true, "swapped": false, "error_lsq": 0.04401282809012568, "error_max": 0.20317234326912986, "target": "217.xyz", "model": "18.xyz", "model_rescale": 3.9405287249114394, "target_rescale": 3.841972739635685},
{"mapping": [14, 13, 12, 4, 1, 11, 2, 8, 9, 15], "R": [[0.09878707546583754, 0.9895082741808514, 0.10542527708543209], [0.8495990919217965, -0.02870869431893075, -0.5266471246253613], [-0.5180950653370149, 0.14159514892161884, -0.8435213791453651]], "T": [-0.008683874720032604, -0.08280864828506737, 0.018520677740762735], "aligned_model": [[0.02731047132125982, 0.47386280160377486, -0.2907312407346222, -0.05801440949140484, -0.6423940601634348, 0.47037690903947893, -0.25962795930573346, 0.1339605805109377, 0.7222111263409534, -0.016954280078426906], [-0.18635769782372294, -0.382270474622324, -0.5046860632244901, -0.6876342364370179, 0.05583767421650976, 0.2606497021636093, 0.7486045917113127, 0.15961695522292463, 0.10683206689737668, -0.04571241709989376], [-0.7481089352203374, -0.3403681143767513, -0.18789587270433838, 0.42646373120765996, 0.1397973123474177, -0.39590703473828076, -0.01471144201126038, 0.720770306926569, 0.15577498013485008, 0.006570082106760413]], "inverted": false, "swapped": false, "error_lsq": 0.0420905657154942, "error_max": 0.19747639211997992, "target": "217.xyz", "model": "19.xyz", "model_rescale": 4.410303926677745, "target_rescale": 3.841972739635685},
{"mapping": [5, 10, 8, 9, 7, 3, 0, 4, 6, 13], "R": [[0.8207547669176216, -0.5306845789718498, -0.21150765996405757], [0.17570227737741984, -0.11779656539978799, 0.9773702875084765], [-0.5435902154255439, -0.8393437000546821, -0.0034396034839681566]], "T": [0.0011748931322434972, 0.03807204343258756, 0.08345586051448386], "aligned_model": [[0.03388255833307958, 0.44779417646421293, -0.3946638526416165, 0.027459258502354304, -0.6854571983495511, 0.4375670814903987, 0.008249063211132883, 0.19202446638964266, 0.5083125866552196, -0.015168201012090533], [-0.2736102521579611, -0.5339234473832992, -0.545737784641776, -0.64289774520527, -0.05160053419588147, 0.39366039292807437, 0.7258989384789062, 0.22246715740293754, 0.25912297063278855, -0.028499594854235033], [-0.6916925628348104, -0.3018834539209403, -0.22237964003318036, 0.18064642532515138, 0.24882927050084058, -0.3737984225113431, -0.1165528670235387, 0.7351216317079481, 0.25796566130133386, 0.046128971160827835]], "inverted": true, "swapped": false, "error_lsq": 0.047716372556427036, "error_max": 0.23405700562414514, "target": "217.xyz", "model": "20.xyz", "model_rescale": 4.121658175737393, "target_rescale": 3.841972739635685},
{"mapping": [5, 1, 8, 6, 9, 7, 11, 10, 4, 12], "R": [[0.5996483979260536, 0.1934291248876313, 0.7765352358456905], [0.7982646761332692, -0.2131181783725844, -0.5633419466762598], [0.056527035147475146, 0.9576877443573956, -0.282203611963206]], "T": [0.1549369437488557, -0.09749096489242268, -0.0548022941478008], "aligned_model": [[-0.02189559108569647, 0.6034433042358864, -0.37232533285791347, 0.07119762649766659, -0.49548224260101215, 0.05328145631599508, 0.06761579333719392, -0.020511773219700657, 0.4943552967880072, 0.18032140163235622], [-0.30833636008343146, -0.5941679589730908, -0.5040586034687409, -0.6044390997686693, 0.17413597064664946, 0.41109399271784874, 0.7689452165483088, 0.016914667398252453, 0.23102171769921556, -0.06622944171205847], [-0.677841621909282, -0.24062176069291838, -0.15678439844269082, 0.3434636689521219, 0.10593527177339351, -0.4995781505794754, 0.07260399816998886, 0.6967308991851693, 0.27078364062757126, -0.15230653341158928]], "inverted": false, "swapped": false, "error_lsq": 0.053958067375304675, "error_max": 0.2847068662353645, "target": "217.xyz", "model": "21.xyz", "model_rescale": 4.08911054899281, "target_rescale": 3.841972739635685},
{"mapping": [14, 4, 15, 1, 5, 12, 10, 6, 7, 16], "R": [[-0.48172960339591386, 0.7429091231892307, 0.46478234034247023], [-0.5177012810204616, -0.669196810742741, 0.5330675493045107], [0.7070516055011744, 0.01617600611870873, 0.7069769189897638]], "T": [0.036083914578691006, -0.14802144355141028, -0.025267965148664882], "aligned_model": [[-0.03010210796141785, 0.6224493887445265, -0.37418483821628357, -0.08934443174162363, -0.5113910287290593, 0.22430227613465298, -0.056736832772386864, 0.18476092398912783, 0.507083783321071, 0.08316280627417544], [-0.14426823445984915, -0.5132830331432942, -0.6436850631307209, -0.8006337818729081, 0.2622773531215757, 0.3740528417719738, 0.6441143984364079, 0.14041321246372868, 0.3564387220015712, -0.1505463141842006], [-0.6635687639801396, -0.12040832326678344, -0.3680567406355027, 0.40874038393685347, 0.14693870675182527, -0.5120757249587893, 0.09737185674607712, 0.6457497131829615, 0.1464156188783259, -0.01872171298253912]], "inverted": true, "swapped": false, "error_lsq": 0.04526681836987283, "error_max": 0.18667825149111367, "target": "217.xyz", "model": "22.xyz", "model_rescale": 4.204369325754507, "target_rescale": 3.841972739635685},
{"mapping": [14, 13, 12, 4, 1, 11, 2, 8, 9, 15], "R": [[0.09878707546583754, 0.9895082741808514, 0.10542527708543209], [0.8495990919217965, -0.02870869431893075, -0.5266471246253613], [-0.5180950653370149, 0.14159514892161884, -0.8435213791453651]], "T": [-0.008683874720032604, -0.08280864828506737, 0.018520677740762735], "aligned_model": [[0.02731047132125982, 0.47386280160377486, -0.2907312407346222, -0.05801440949140484, -0.6423940601634348, 0.47037690903947893, -0.25962795930573346, 0.1339605805109377, 0.7222111263409534, -0.016954280078426906], [-0.18635769782372294, -0.382270474622324, -0.5046860632244901, -0.6876342364370179, 0.05583767421650976, 0.2606497021636093, 0.7486045917113127, 0.15961695522292463, 0.10683206689737668, -0.04571241709989376], [-0.7481089352203374, -0.3403681143767513, -0.18789587270433838, 0.42646373120765996, 0.1397973123474177, -0.39590703473828076, -0.01471144201126038, 0.720770306926569, 0.15577498013485008, 0.006570082106760413]], "inverted": false, "swapped": false, "error_lsq": 0.0420905657154942, "error_max": 0.19747639211997992, "target": "217.xyz", "model": "23.xyz", "model_rescale": 4.410303926677745, "target_rescale": 3.841972739635685},
{"mapping": [12, 0, 7, 1, 14, 5, 15, 10, 4, 16], "R": [[0.5478316713593836, 0.7420529475651101, 0.3863131927148188], [0.3615192982338706, 0.2064444329729477, -0.9092219163102968], [-0.7544430110088334, 0.6377602363775985, -0.1551696620977036]], "T": [-0.041124958932231996, 0.0065050974914965184, 0.04080905382181704], "aligned_model": [[0.07939313705391596, 0.3830673199887531, -0.2692043221516419, 0.08182563648669638, -0.6470916918616196, 0.31745516756846975, -0.1706599857598502, 0.14065034418612227, 0.595719519288514, 0.048844814243422886], [-0.16650271944312628, -0.484289778235981, -0.5966223909390757, -0.7490937428650567, 0.3073858079338093, 0.32276060418188424, 0.704916151058714, 0.02007899618843205, 0.23241361402234556, -0.06616644089766108], [-0.7348967658051131, -0.3459300204254574, -0.12089417266162827, 0.42848016843870523, 0.02019093845573469, -0.3678531303776505, -0.02816099703104949, 0.6657549992651095, 0.17225800098278657, 0.07343599283085173]], "inverted": true, "swapped": false, "error_lsq": 0.04601492014537197, "error_max": 0.22943029302274115, "target": "217.xyz", "model": "24.xyz", "model_rescale": 4.28219845311461, "target_rescale": 3.841972739635685},
{"mapping": [14, 13, 11, 9, 8, 2, 0, 3, 4, 15], "R": [[-0.951635707540007, -0.13254774104902456, 0.27716525120878854], [0.3072100841914412, -0.40060581075504764, 0.8632131536071369], [-0.0033829433808074683, 0.9066124203495624, 0.42195079684957415]], "T": [0.011435289493521274, -0.12085853868075055, -0.0004153065961566074], "aligned_model": [[-0.13040599399457767, 0.507170763897876, -0.3112306626812665, 0.05133277233546946, -0.6389792736025555, 0.32163761295294285, 0.0835263776853862, 0.13485405763795133, 0.5182743239199396, 0.02381996089161679], [-0.2147200745852362, -0.33593624193409066, -0.5272984150310761, -0.6843736488006777, 0.11755560155007824, 0.23413288479841113, 0.6904925690232501, -0.025771378082517588, 0.3187174877597714, -0.04791868369362837], [-0.7428543190885825, -0.24720343013001292, -0.1652497127984542, 0.37070811682019467, 0.045034124416322166, -0.4969388530313022, -0.04587327692711216, 0.7583808349457608, 0.29033490094662295, -0.003953371481147636]], "inverted": true, "swapped": false, "error_lsq": 0.04048411637995669, "error_max": 0.18960523850464064, "target": "217.xyz", "model": "25.xyz", "model_rescale": 4.100010024507729, "target_rescale": 3.841972739635685},
{"mapping": [0, 1, 6, 2, 5, 10, 9, 7, 8, 11], "R": [[0.17087456846769888, -0.8111696268317767, -0.5592903703413583], [-0.09790438219039205, 0.5508509922896144, -0.8288413094443743], [0.9804165511653173, 0.1963848792528161, 0.014709364430915639]], "T": [0.0689599771623173, -0.10408881947650933, -0.004273707344193824], "aligned_model": [[0.20908365557585204, 0.5536653765415117, -0.421417759864384, 0.010886235057918053, -0.621961342606258, 0.24882994033647526, -0.081571166531867, 0.03677015143573245, 0.6344061832858228, -0.008691334188020566], [-0.1913861636145735, -0.5602621413863534, -0.48065708712866523, -0.7255157987842451, 0.04155432457078756, 0.39110472046246814, 0.7028105676157896, 0.22268913960960174, 0.1310602866379757, -0.006517746978501021], [-0.743586905108276, -0.24115580871235337, -0.1997427661975121, 0.39348656750880373, 0.2518551172788821, -0.3749926263177522, 0.07032291474487506, 0.5879561697057232, 0.03854351849899755, -0.0203011677290987]], "inverted": false, "swapped": false, "error_lsq": 0.05043852569175811, "error_max": 0.28176804926274485, "target": "217.xyz", "model": "26.xyz", "model_rescale": 3.6694154284099745, "target_rescale": 3.841972739635685},
{"mapping": [5, 6, 7, 3, 8, 0, 4, 11, 2, 13], "R": [[0.10141681693104032, 0.9945802223653395, 0.02290874338081514], [0.9124727953299656, -0.08382035782032743, -0.400459168202691], [-0.3963685494918773, 0.06151689926015824, -0.9160281895657584]], "T": [-0.008088656445915922, -0.07235874229055383, 0.04073820253281271], "aligned_model": [[-0.1790317065138032, 0.5852319108592559, -0.3487218717756172, -0.008421146480245435, -0.6049842456415184, 0.3226356291971601, -0.10829138183132303, 0.29856147974989494, 0.5632368058557572, 0.03978446562322194], [-0.10073805052696233, -0.41345869579487793, -0.5530560274176636, -0.8653610789691852, 0.1501047452897843, 0.2479403155909793, 0.7257658800371986, 0.11249783695348459, 0.2641380795435744, -0.04295290370204779], [-0.7312408050954134, -0.012289695185355887, -0.1806836965738908, 0.195587819278061, -0.010083492858786437, -0.43356476344908046, -0.1280429313312714, 0.8204620051234961, 0.19069403344509625, 0.05154654031943395]], "inverted": true, "swapped": false, "error_lsq": 0.04632566223464919, "error_max": 0.23692138727328999, "target": "217.xyz", "model": "27.xyz", "model_rescale": 4.103607728864725, "target_rescale": 3.841972739635685},
{"mapping": [1, 8, 2, 13, 3, 5, 9, 10, 6, 14], "R": [[0.12972980709496987, 0.5439377960513854, 0.8290367007424121], [-0.9896558130002104, 0.12267806465022654, 0.07437381426663411], [-0.06124988935496009, -0.8301094906579713, 0.5542262034346345]], "T": [0.08850287368165563, -0.09454343410572863, 0.12151862815712283], "aligned_model": [[-0.054983165006561224, 0.5644825795164584, -0.4666210096879144, 0.17546553795871903, -0.6494880245355946, 0.36746651500002747, 0.04488088215797599, 0.001494209918654621, 0.5603979642375986, 0.01690444948341885], [-0.19178190715195131, -0.6490977033334402, -0.4807988668279042, -0.6912096882795243, 0.042320148854393586, 0.3796320160302344, 0.7227617762299665, 0.18160907973553586, 0.3206582093704156, -0.10921296362344154], [-0.7575816324139177, -0.2502243730162057, -0.1682483834873605, 0.3587935933467683, 0.10853223625549352, -0.3606404116758151, 0.106246396276197, 0.5409760846829064, 0.20019442885706362, -0.015662925152840623]], "inverted": false, "swapped": false, "error_lsq": 0.04698847237112313, "error_max": 0.2582260225247904, "target": "217.xyz", "model": "28.xyz", "model_rescale": 4.137296879288765, "target_rescale": 3.841972739635685},
{"mapping": [3, 4, 8, 9, 7, 2, 1, 0, 5, 10], "R": [[-0.645446934865621, -0.4740010622058541, 0.598933424764637], [-0.15440637071662483, 0.8489275779887743, 0.5054509274026846], [-0.7480353781437716, 0.233762615398262, -0.6211264868667806]], "T": [0.0922181652351087, -0.09276118674831044, 0.003448846636768768], "aligned_model": [[-0.010838423097948108, 0.6318351336781712, -0.3967423130472929, -0.1290597592711545, -0.595660692327228, 0.3080960168206467, -0.06072961973416027, 0.0683052759247062, 0.6200359281895789, 0.12475839190746339], [-0.19414194658541417, -0.5570987672768205, -0.5459940272108825, -0.6612120159466917, 0.09368984040641454, 0.4713041768274624, 0.6251086600244615, 0.14333692266396336, 0.3192039383051606, -0.16931668020336937], [-0.6636118748111444, -0.3012380442126192, -0.26830751663714064, 0.4920119962487193, 0.08136493275223743, -0.493890167391986, 0.17146320333664594, 0.6623920906449009, 0.07338662098725081, 0.008813772755424928]], "inverted": true, "swapped": false, "error_lsq": 0.04724787288629961, "error_max": 0.24481169331802585, "target": "217.xyz", "model": "29.xyz", "model_rescale": 3.607286011436655, "target_rescale": 3.841972739635685},
{"mapping": [9, 1, 11, 13, 10, 3, 4, 7, 6, 14], "R": [[0.46578416735055933, -0.5554769327473352, -0.6888326985786597], [-0.626990136252052, 0.34214350446133196, -0.6998722679157615], [0.6244425341760274, 0.7578807290995931, -0.1889135304081999]], "T": [0.017507066295149705, -0.028965524171327736, 0.04904635129557898], "aligned_model": [[0.07598115803565011, 0.4113631204749858, -0.3412086649019871, 0.05247765453382156, -0.6979047222311977, 0.40113362242533024, -0.08984969361286788, 0.2936385362405825, 0.4382979066891632, 0.016071021389301686], [-0.1885565806800948, -0.5738311574558893, -0.4546855858805518, -0.6422312404546532, 0.04120839632589003, 0.4881439123325963, 0.6672212852325847, 0.06812948688458022, 0.22612307014478933, -0.10664148544496721], [-0.7162436481068235, -0.24411727043586762, -0.13700879162488583, 0.4472633041508838, -0.0013172488692823614, -0.4112578224591946, 0.02359164217708125, 0.7657142902123959, 0.13275921854908246, -0.09699865992110025]], "inverted": false, "swapped": false, "error_lsq": 0.047443160044249595, "error_max": 0.20270931303406006, "target": "217.xyz", "model": "30.xyz", "model_rescale": 3.964800864290218, "target_rescale": 3.841972739635685},
{"mapping": [9, 0, 2, 3, 10, 8, 7, 6, 1, 11], "R": [[-0.39453333873908003, 0.9039949419721222, -0.16473187157382074], [-0.6056411508424914, -0.39064987315038296, -0.6932470504904961], [-0.6910443119146391, -0.17374067312062869, 0.7016209357438059]], "T": [0.017131721835538224, -0.10586357036061794, 0.08572345484407806], "aligned_model": [[-0.2184669132972346, 0.4874897310336971, -0.3073221171551849, 0.20359326010128215, -0.5869888031081903, 0.4941050922552094, -0.01992956823122044, -0.022521457173021814, 0.5494790739333058, -0.019438359315859424], [-0.048865567477219374, -0.4364243526523121, -0.5998841246857096, -0.7289512252595147, 0.08686332798495816, 0.30457362343022576, 0.6821556796812276, 0.21973637528384354, 0.057387419117799765, -0.011711054419014794], [-0.6449171862453645, -0.27508998790743144, -0.1484112461247652, 0.3236550292422016, 0.06046812523901416, -0.4285952133431383, -0.10248674869757346, 0.6753415951540176, 0.25060819915870136, 0.05181244719662728]], "inverted": true, "swapped": false, "error_lsq": 0.05176909864736677, "error_max": 0.2162754786560764, "target": "217.xyz", "model": "31.xyz", "model_rescale": 3.5958979899826287, "target_rescale": 3.841972739635685},
{"mapping": [10, 5, 6, 9, 2, 3, 0, 8, 7, 12], "R": [[-0.4683003071858056, -0.5516403842273242, 0.6902084531351457], [0.5965202780638369, 0.37887377861581195, 0.7075437920977188], [-0.6518116140023308, 0.7430663135729592, 0.1516379684800936]], "T": [0.005896512375165572, 0.001601187750240228, -0.03382452489068179], "aligned_model": [[0.004027245976539182, 0.6508458844184092, -0.3688166442621405, -0.16442352531537463, -0.544360860337726, 0.2011128077834763, -0.0741942268866393, 0.25294713146829967, 0.5776800170457571, 0.02518210915218147], [-0.19068604397419506, -0.6214133788567964, -0.58040654471937, -0.5950124851499696, 0.06550277958068373, 0.40052553160479426, 0.7656849667284811, -0.007717652183726116, 0.3927641368387785, -0.10436120886439634], [-0.7355636288667139, -0.16127865855228296, -0.23646283729514694, 0.37929070322615965, 0.08953304611955344, -0.420591331051339, 0.047422450090965226, 0.6745432501979102, 0.16229445499267292, -0.036802435189489856]], "inverted": true, "swapped": false, "error_lsq": 0.04456404505876853, "error_max": 0.22669567031942248, "target": "217.xyz", "model": "32.xyz", "model_rescale": 3.9765860457182933, "target_rescale": 3.841972739635685},
