[{"mapping": [5, 10, 7, 1, 0, 4, 2, 6, 9, 8, 11], "R": [[0.15682291947071814, 0.7598648796616925, -0.6308818721324958], [0.3230275433733303, 0.5641877131198294, 0.7598325016652083], [0.9333058331280655, -0.32295137253360484, -0.15697972107182806]], "T": [0.14446518589798113, 0.08492036976901018, 0.059551377876636995], "aligned_model": [[-0.3756574370291364, -0.040105747796346264, -0.7765576195994328, -0.3174406547640075, 0.16656325130641697, 0.871848263170588, 0.3398790693976579, -0.3162743799900482, 0.16111630272821043, 0.37120922506146425, 0.12531962419259662], [-0.42864220306126344, 0.2699161024428653, 0.18048978828689916, -0.25152505900601946, -0.5309158499819098, -0.2398678654524064, -0.39555489106748276, 0.49835057023984575, 0.6896189850274393, 0.3632339522908183, 0.02026967142561055], [-0.3334018934385085, -0.5677216849058586, -0.13840515236128784, 0.4782732752472941, 0.004335257498592558, -0.07377126799692565, 0.6757552268147154, 0.43631258768851755, 0.0010813048408557444, 0.5832232037169391, 0.042640122488629785]], "inverted": false, "swapped": false, "error_lsq": 0.04041438064845426, "error_max": 0.20283744001837828, "target": "218.xyz", "model": "0.xyz", "model_rescale": 3.751011558992144, "target_rescale": 3.8027560405360843},
{"mapping": [0, 12, 2, 8, 1, 6, 4, 5, 9, 10, 14], "R": [[0.6594283737439991, -0.49237553400625467, 0.5680849878437205], [-0.07527604734138296, 0.708621244113181, 0.7015621491273207], [-0.7479891286629788, -0.5053931795182272, 0.4302208705984108]], "T": [0.02778857135167372, 0.04839813043411022, 0.020199158502436185], "aligned_model": [[-0.344289950166596, 0.1869569019877398, -0.798507212099874, -0.33583500150194573, 0.15160462938408967, 0.7053949861911478, 0.2821462081263407, -0.32723151720233074, 0.12147970108171706, 0.5209108780742696, 0.0472702728034044], [-0.4878950701321344, 0.3743466844481051, 0.06205783005018588, -0.1878142768952275, -0.6370307284175287, -0.24686224080185648, -0.3076134149455399, 0.4444478773058256, 0.6959751142263145, 0.37567242585049765, 0.09008900045575485], [-0.36639066980487595, -0.6281819691809077, -0.00785066938829472, 0.5225932747386041, -0.0030905959507410846, -0.11169703179938474, 0.6790860547756947, 0.34760010798422547, 0.0980171744549976, 0.5878043683984993, -0.00956906463485328]], "inverted": false, "swapped": false, "error_lsq": 0.0360813345159962, "error_max": 0.19689090134301665, "target": "218.xyz", "model": "1.xyz", "model_rescale": 3.9405287249114394, "target_rescale": 3.8027560405360843},
{"mapping": [6, 3, 11, 5, 1, 4, 2, 9, 10, 8, 12], "R": [[0.6684194834384692, -0.28230862143106467, -0.6881258870479601], [-0.01938463491981085, -0.9314661514580181, 0.3633112228063071], [-0.7435318621880811, -0.22950523077629462, -0.6280825733591436]], "T": [0.017319875026368503, -0.10868491113011679, -0.0020111515756394555], "aligned_model": [[-0.33905889742319695, 0.19564018404187772, -0.6372805220576934, -0.4514509525367671, 0.3697468295807558, 0.7159475759984979, 0.05751830927227647, -0.13490213528375467, -0.05679881319011165, 0.4329561470345879, 0.05758217124149037], [-0.2349740714424362, 0.241933147039605, 0.16848107034116416, -0.2228921995978163, -0.817787922945489, -0.07817583261384896, -0.4589223355731055, 0.5187500775670665, 0.7296523517725293, 0.47172265251066325, -0.1424137359139358], [-0.39239674547527836, -0.41682258252565324, 0.04585979879755271, 0.541391909570852, 0.01193491224731448, -0.05382093294263139, 0.5809875276041078, 0.4812433379283581, -0.058439628414361414, 0.2997558439183103, 0.06862753888439226]], "inverted": false, "swapped": false, "error_lsq": 0.054392075101439286, "error_max": 0.30148991937524333, "target": "218.xyz", "model": "2.xyz", "model_rescale": 3.932901565614263, "target_rescale": 3.8027560405360843},
{"mapping": [7, 3, 4, 6, 9, 11, 12, 2, 1, 10, 13], "R": [[-0.5693565846502218, -0.6615310611809503, -0.48806734638596877], [-0.4325009799857439, -0.2638520359804996, 0.8621629807758605], [-0.6991251546231236, 0.7019677757573716, -0.13588693819290532]], "T": [0.0381791927500401, 0.014438491117277272, -0.047549740908143456], "aligned_model": [[-0.3614748445132395, 0.16202220700762276, -0.8312869665625006, -0.16873506795122234, 0.11504736891344795, 0.9282652490925438, 0.20081639664320988, -0.5020181695592303, 0.14848714110202244, 0.47435802065237204, 0.04441856185293601], [-0.4463263853570175, 0.1836590625035963, 0.07433145426831553, 0.061129777140326566, -0.7158865704302635, 0.056749267025295674, -0.3987438082857872, 0.541634044262705, 0.7290305202504256, 0.12648932579727387, -0.036693486030473746], [-0.41864935887336246, -0.5130739444899798, 0.01301291518506098, 0.6018335613176856, -0.02497702822806419, -0.1080915356795197, 0.5737065166292299, 0.30522711728424595, 0.11356825728541567, 0.5095302181987128, 0.05623426096353895]], "inverted": true, "swapped": false, "error_lsq": 0.055247274308817415, "error_max": 0.3196017782690789, "target": "218.xyz", "model": "3.xyz", "model_rescale": 3.9243930471874484, "target_rescale": 3.8027560405360843},
{"mapping": [9, 8, 1, 5, 11, 10, 6, 0, 4, 3, 12], "R": [[-0.5342721469152173, 0.11095164698466237, -0.8379994063613622], [-0.8400420159945383, 0.04084151438863581, 0.5409818685189686], [0.0942479941135955, 0.9929862550578601, 0.07138356163522486]], "T": [0.04109750055589935, 0.06843227133725524, 0.019868139987512884], "aligned_model": [[-0.23020451484286203, 0.14603728154484258, -0.6655193003696628, -0.39247807397605516, 0.1681454361514565, 0.7121857476406382, 0.28610217169340124, -0.40990440509822546, 0.2722852851498292, 0.3630368699804007, -0.03978660119580078], [-0.3552649320281239, 0.1697057957246209, 0.17130320782931824, -0.2072784409979094, -0.7112300374247039, -0.06482876324376763, -0.2794909128004017, 0.4235580080493738, 0.5994747208600377, 0.37425140201395024, 0.05517315316200197], [-0.4746652644229489, -0.592559557410622, 0.0034192173037889267, 0.5763022547286965, -0.026170840717932138, -0.15045443868613256, 0.6033393764653954, 0.6474072587535182, -0.11018336711436583, 0.5256181494698449, 0.10626819122372111]], "inverted": true, "swapped": false, "error_lsq": 0.03984387927633963, "error_max": 0.23347577563455565, "target": "218.xyz", "model": "4.xyz", "model_rescale": 3.8936222436046832, "target_rescale": 3.8027560405360843},
{"mapping": [4, 2, 10, 7, 5, 1, 6, 8, 3, 9, 11], "R": [[-0.2681441494732774, -0.9565892564750671, -0.11417403163474243], [0.8180228406085952, -0.16348208056749386, -0.5514637264371685], [0.5088588678070742, -0.24126873757244632, 0.8263486243252909]], "T": [0.019349497523615217, 0.11175018601677489, 0.13551965228156526], "aligned_model": [[-0.21114685461546323, 0.03406170351361784, -0.5576082429659956, -0.40158580832904894, 0.1302677737928329, 0.7240255645620474, 0.3241476055523798, -0.3076262749725699, 0.0011961174856407707, 0.4186066405467508, 0.055561672107771035], [-0.38037055452036816, 0.2466962170975493, 0.19000684750292685, -0.2345294883237285, -0.6894653236474287, -0.14712333053499715, -0.4073623338235549, 0.5915754995929536, 0.6679443503997454, 0.38148054930327646, -0.043479231901977805], [-0.44354269953437064, -0.5984637157960614, -0.11037272276741655, 0.4857358466721363, 0.0814668992539993, -0.14648196142377296, 0.6572752782165656, 0.5923755803189155, -0.008009225024413147, 0.5226568484893088, 0.07568085118807313]], "inverted": false, "swapped": false, "error_lsq": 0.03936722279749609, "error_max": 0.2470743308977759, "target": "218.xyz", "model": "5.xyz", "model_rescale": 3.6523030999806103, "target_rescale": 3.8027560405360843},
{"mapping": [6, 8, 10, 4, 1, 5, 3, 11, 9, 7, 12], "R": [[-0.22283693019299228, -0.9420130769968651, 0.2509084799464983], [-0.022541926897690467, -0.25233215444923845, -0.9673780777765979], [0.9745950769801288, -0.22122352180069937, 0.03499413276812052]], "T": [0.019571216175127682, -0.06299679208245215, 0.06478082589672646], "aligned_model": [[-0.3027525956633939, 0.23204387479785205, -0.7134331274294584, -0.3813002009277986, 0.2072803433429559, 0.6799877057800906, 0.2596118300293398, -0.198076150798221, -0.09232565486844872, 0.40997157999113176, 0.10889229242391336], [-0.27730591159740275, 0.12676700010150302, 0.16877355381818648, -0.13855100317380672, -0.7219004074810152, -0.06031973666886106, -0.29912406637572697, 0.5150523578928264, 0.6287174571964623, 0.30168845958819324, -0.06842450215596217], [-0.45752504587452, -0.5455864202594274, -0.06811078664861694, 0.4681730296676624, -0.049176074666763825, -0.10179175173511237, 0.6724527085631054, 0.6917240506016478, -0.11318929175173462, 0.49070368609964354, 0.12064687559707951]], "inverted": false, "swapped": false, "error_lsq": 0.044521980309991264, "error_max": 0.3021582881158081, "target": "218.xyz", "model": "6.xyz", "model_rescale": 4.08911054899281, "target_rescale": 3.8027560405360843},
{"mapping": [6, 2, 3, 8, 5, 13, 10, 9, 1, 11, 14], "R": [[-0.658114689892338, -0.3842892409376888, -0.6474618399932517], [-0.24458930024039566, 0.9224167696862788, -0.2988701678144614], [0.7120822488700485, -0.03832860943297689, -0.7010490628644397]], "T": [0.05461526413976808, -0.08453406305395259, 0.06163419834868783], "aligned_model": [[-0.23265417555627937, 0.16259908451723235, -0.7274053433202039, -0.36254128665051927, 0.15354825953650914, 0.7235087847093136, 0.22636330956735298, -0.2926160369316337, 0.14570454945774208, 0.38592345000150585, 0.027469301346942802], [-0.13106358235860904, 0.22708826638196458, 0.0035675797841338286, -0.14561218524500885, -0.8399858439450153, 0.10599020301507392, -0.4025455636265012, 0.5095980809515639, 0.6272661026694548, 0.16549649174892958, 0.05557365176841014], [-0.3438953804781495, -0.6741446825828559, -0.022824704692615216, 0.5977301304423279, 0.06410376383240152, -0.16678752682333103, 0.6850491427455827, 0.43712684398034346, -0.08998811211974456, 0.4766651256337806, 0.1452863796552237]], "inverted": true, "swapped": false, "error_lsq": 0.04557974759049457, "error_max": 0.2773233980338238, "target": "218.xyz", "model": "7.xyz", "model_rescale": 3.964800864290218, "target_rescale": 3.8027560405360843},
{"mapping": [9, 5, 11, 4, 7, 1, 2, 6, 3, 0, 13], "R": [[0.11439823150035189, -0.7562866364836275, -0.6441611352028883], [-0.984226216314909, 0.00180068023476887, -0.1769053777281242], [0.13495110132203483, 0.6542379391528543, -0.7441511400414543]], "T": [0.002336854164037054, -0.005207857054885686, 0.04811568388027724], "aligned_model": [[-0.42450184850905853, 0.26505058067804266, -0.8253474663923998, -0.39681062555976065, 0.29421222908292427, 0.7181324083125267, 0.23746241723393405, -0.3031910167472093, 0.17464366476231757, 0.4707798196463844, -0.0005302658297388768], [-0.27249038026698263, 0.32618174046002085, 0.0030241692382333325, -0.14225064323373465, -0.6541983407525315, -0.21981666004178274, -0.25719156963427026, 0.36925697200993624, 0.6986769345046051, 0.34509504363216637, -0.0209140647712637], [-0.42116621591379944, -0.6731562173666888, 0.09288424139355075, 0.6111378496964385, 0.02636062590362246, -0.02043851011383737, 0.6136498613973094, 0.36894996363921007, 0.07673838352771467, 0.4616473493946427, -0.028286351965199207]], "inverted": false, "swapped": false, "error_lsq": 0.039551811684189926, "error_max": 0.16683107950007312, "target": "218.xyz", "model": "8.xyz", "model_rescale": 4.121658175737393, "target_rescale": 3.8027560405360843},
{"mapping": [6, 1, 9, 7, 8, 2, 11, 5, 0, 10, 12], "R": [[0.26078427997065234, 0.7031275256922671, -0.6615158667288783], [-0.9646753339691199, 0.216286871513928, -0.15040441895863682], [0.0373237103160442, 0.6773711477650848, 0.7346939967249332]], "T": [0.03980152264630574, 0.02352688297653855, 0.12867847876781188], "aligned_model": [[-0.2848857848929712, 0.15354161673225017, -0.7772517032111269, -0.37097658979995196, 0.13885588226965215, 0.6053771507319279, 0.27644318021709013, -0.23314201446892338, 0.31930847917279215, 0.33331946101011833, 0.04931021891710502], [-0.35138463026636657, 0.2384371612684535, -0.0044223090885963726, -0.3012364010192629, -0.6866588674110372, -0.11077991589785052, -0.30196499650333497, 0.4926359480255707, 0.7258653719611381, 0.4221450437668537, 0.052736796308829145], [-0.35526527793825746, -0.5161536536475502, -0.02890542210349109, 0.5541206746259065, 0.0007028111065553733, -0.2513640761527578, 0.6196854408857795, 0.42390113526901474, -0.08908458344983938, 0.7043794535300306, 0.04630447746757284]], "inverted": false, "swapped": false, "error_lsq": 0.04240711972562265, "error_max": 0.23054342845316442, "target": "218.xyz", "model": "9.xyz", "model_rescale": 3.833441315466971, "target_rescale": 3.8027560405360843},
{"mapping": [5, 13, 1, 6, 3, 9, 7, 12, 10, 11, 14], "R": [[0.10052778251259553, 0.6857604325314612, 0.7208514369253652], [0.8316563053331534, -0.4556049920713473, 0.3174458709753153], [0.5461153309903589, 0.5675885132505158, -0.6161179472173814]], "T": [-0.01745347227371405, 0.03426169363703999, 0.09446381127596211], "aligned_model": [[-0.3334812484106112, 0.009941196965606497, -0.7342375115774427, -0.509177109404756, 0.3348189721267899, 0.7271258734504097, 0.41269050778385996, -0.32619806396311923, 0.2320140381206269, 0.3420910874689357, 0.05431215411766285], [-0.229628360490136, 0.16382646146621455, 0.1965930142883716, -0.23554139213820244, -0.7596050864226009, -0.24577752921097787, -0.2061680066159117, 0.36059311751375583, 0.812782755045493, 0.3453786613573645, -0.02708043364897416], [-0.4421213967849143, -0.6917607396312804, 0.020449513678466272, 0.477404704414436, 0.09323491686887833, -0.06393365751829862, 0.5428873749279197, 0.49596678287631096, 0.008295013437213353, 0.5836171849733592, 0.08428128235087329]], "inverted": false, "swapped": false, "error_lsq": 0.04411863543224504, "error_max": 0.2334868097515371, "target": "218.xyz", "model": "10.xyz", "model_rescale": 4.2482417240324, "target_rescale": 3.8027560405360843},
{"mapping": [10, 8, 9, 4, 0, 1, 6, 5, 7, 2, 11], "R": [[0.257209808026692, -0.8509235746574245, 0.4580089352262712], [0.9650168735383423, 0.25111096605419014, -0.07540369031827565], [-0.05084828847813139, 0.46138091943594917, 0.8857438110081735]], "T": [0.12912886774607168, 0.061977742867616925, 0.07294686428226477], "aligned_model": [[-0.2514864401584752, 0.19795206257624326, -0.6408335296067903, -0.5073295947425115, 0.20449979064766624, 0.7375698906595305, 0.20571131507903023, -0.3048658293181604, -0.11734212833273644, 0.6807181348278516, 0.005306225046313895], [-0.25336929858702634, 0.13146723811332534, 0.22145090450126154, -0.31036050074409716, -0.6819493778170285, -0.2204343443220727, -0.1740826249012852, 0.329808436189965, 0.6854878816936325, 0.39119976094736153, 0.056155126070360405], [-0.3402003169607189, -0.5330996742431846, -0.17411005126576984, 0.5442476579406867, -0.04842503948737678, -0.14884016961148802, 0.672023461782352, 0.6244008450967347, -0.022149936759804034, 0.440532812920624, 0.09394139018090857]], "inverted": false, "swapped": false, "error_lsq": 0.05460758403671712, "error_max": 0.2602552771834515, "target": "218.xyz", "model": "11.xyz", "model_rescale": 3.6694154284099745, "target_rescale": 3.8027560405360843},
{"mapping": [12, 10, 1, 0, 5, 7, 6, 4, 8, 11, 13], "R": [[-0.007506725797473357, 0.29338180426083427, -0.9559658811884758], [-0.680832731642577, -0.7016888193243614, -0.2099990294246394], [-0.7324004646311392, 0.6492764571150268, 0.20501132077095235]], "T": [0.05025388218510333, 0.06978169256646262, 0.05781966257459735], "aligned_model": [[-0.23993668606115567, 0.2550740250701378, -0.7845243383119708, -0.40363154877000723, 0.20457601278722673, 0.6789325463469201, 0.26149918784273307, -0.3005228235207211, 0.12450427200479608, 0.4650893270269966, -0.051160077736993013], [-0.3014217985427235, 0.11960621879559666, 0.19918986219824597, -0.34763141998887737, -0.7170724632958941, -0.24452926668499064, -0.1852606670536529, 0.3338103136143119, 0.8139201450449185, 0.47252836904018336, 0.03223390801727858], [-0.43183930298792006, -0.541425707005376, 0.004225424844671519, 0.419056667128415, 0.09801928801117388, -0.18329665083386737, 0.5162775658663699, 0.653574007713626, -0.05769091904320185, 0.5168788278237785, 0.11454177807529413]], "inverted": true, "swapped": false, "error_lsq": 0.04880448740389323, "error_max": 0.2780302331340067, "target": "218.xyz", "model": "12.xyz", "model_rescale": 3.9764082729961374, "target_rescale": 3.8027560405360843},
{"mapping": [13, 12, 11, 3, 6, 5, 4, 8, 1, 0, 15], "R": [[0.5237579597955612, -0.11476820867204149, -0.8441006206780103], [-0.6037737295172898, -0.7490259315022534, -0.27279559652231233], [-0.60094499173849, 0.6525246449103608, -0.461602323097527]], "T": [0.04723699278800716, 0.06648889913884144, 0.08816622149452184], "aligned_model": [[-0.1866001202231894, 0.11944592652733274, -0.7397113516663115, -0.550922938631482, 0.11747325084212296, 0.8170562196686086, 0.4348117323009562, -0.4737138530699965, 0.04377482685429528, 0.5989443822922164, 0.02934182178340962], [-0.2260785439114345, 0.2765694637739828, 0.0420751913644143, -0.10156469004348757, -0.68074315441918, -0.22861696515910618, -0.339848401398625, 0.46191076235192396, 0.6806745681775819, 0.2920725411831988, -0.0010775707748724717], [-0.3957811331139225, -0.5100524351846877, -0.015085765327632214, 0.655974406466155, -0.05455704881992053, -0.06386927638880992, 0.535982636180967, 0.3563165579505361, -0.07334710803427556, 0.5027007922008928, 0.1700393536636609]], "inverted": false, "swapped": false, "error_lsq": 0.042111200064113806, "error_max": 0.22358605040013751, "target": "218.xyz", "model": "13.xyz", "model_rescale": 4.170626492500431, "target_rescale": 3.8027560405360843},
{"mapping": [9, 11, 7, 0, 3, 6, 2, 8, 12, 4, 13], "R": [[-0.665665008956783, 0.6992441147040088, -0.2606679188208112], [0.5951368329879562, 0.7081700883126955, 0.37987797519763467], [0.4502246615542418, 0.09773839609383883, -0.8875499760900073]], "T": [-0.005566510948106722, -0.011239594181660428, 0.1127441671522107], "aligned_model": [[-0.3893553297781292, 0.26247355419450985, -0.7930280910317896, -0.3301458551650675, 0.21981384485475505, 0.8030740148021241, 0.295584421355424, -0.3331475744892303, 0.1296917923150651, 0.27778798597883186, 0.0671511336414693], [-0.20789260171014673, -0.03481355110187942, 0.11090207397440219, -0.2672886585016227, -0.620587064398988, -0.15490819935563152, -0.334636112947829, 0.5896742073195442, 0.6888913707466221, 0.40486361864812503, 0.001168118471800629], [-0.5730693465925505, -0.5409059251484108, 0.2624621543179864, 0.5427971086564423, -0.11828171924972869, -0.06877469972350295, 0.6002428593135146, 0.4011007914554519, -0.05226475543421416, 0.6123755071790673, 0.042639004818908505]], "inverted": false, "swapped": false, "error_lsq": 0.049131063929536256, "error_max": 0.30138002710832357, "target": "218.xyz", "model": "14.xyz", "model_rescale": 3.9786697098870705, "target_rescale": 3.8027560405360843},
{"mapping": [0, 9, 2, 4, 1, 6, 10, 5, 8, 7, 11], "R": [[-0.5475189814820932, -0.18897260946872066, 0.8151762495236194], [0.8195673559926547, 0.07554472931231271, 0.5679809353000671], [-0.16891510858422637, 0.9790721866868206, 0.113513608647894]], "T": [0.0357930791875628, 0.03384073046988595, 0.042705292391950596], "aligned_model": [[-0.3399420857355417, 0.2604261958576479, -0.8027917256002463, -0.3904136296199523, 0.2552033684570961, 0.7741113645526355, 0.2483159975866578, -0.285499135411596, -0.12952325717799446, 0.5044261128557022, 0.11558669091355378], [-0.3370971706690042, 0.21122519508943374, 0.23860903960894908, -0.19449332883453074, -0.6073695548604969, -0.14851579110717822, -0.36393248924331106, 0.5297702467741603, 0.5283250197895529, 0.3025507523811128, 0.01630128221570855], [-0.4101012285611227, -0.5100052852668682, -0.05053032858176736, 0.41837286993914974, 0.07986153603324071, -0.1786268095223653, 0.7419416353626344, 0.5862904425074817, 0.023111350249325664, 0.42356485872862687, -0.015558061295371961]], "inverted": false, "swapped": false, "error_lsq": 0.04886836127425654, "error_max": 0.3053251328819385, "target": "218.xyz", "model": "15.xyz", "model_rescale": 3.769337070930944, "target_rescale": 3.8027560405360843},
{"mapping": [4, 5, 6, 2, 0, 1, 3, 8, 7, 9, 10], "R": [[-0.6688491949949662, -0.7354578042530432, 0.10836315110718546], [0.44635284201641506, -0.2807349041051162, 0.8496805599994393], [-0.5944828801390797, 0.6166763590250433, 0.516042995729194]], "T": [0.05674964719752736, 0.05405260762923743, 0.07515812427291654], "aligned_model": [[-0.4377499336952701, 0.0673102062302688, -0.6462237015549956, -0.37718092731206576, 0.17601302834341134, 0.8100843989684898, 0.24254762159876062, -0.3526631674810729, 0.3094502844683948, 0.38575783551460524, 0.03255425159743637], [-0.3587808121751011, 0.10395333097739869, 0.19058480012724605, -0.36451059875023656, -0.5658588917132116, -0.005718387369669828, -0.2463880335107797, 0.43331343858542004, 0.6453186951520894, 0.3375215881889747, 0.00593807163226634], [-0.3642406200664209, -0.5937583981128084, -0.061569198727283364, 0.5029839731841356, -0.06252300559788568, -0.18949755076813327, 0.6706897964587615, 0.575194203997174, -0.2373851585720919, 0.7623106779267799, 0.10611625987073617]], "inverted": false, "swapped": false, "error_lsq": 0.05301173204712457, "error_max": 0.30299395845865934, "target": "218.xyz", "model": "16.xyz", "model_rescale": 3.7852294659196426, "target_rescale": 3.8027560405360843},
{"mapping": [10, 4, 6, 11, 9, 0, 8, 7, 5, 2, 12], "R": [[-0.09613798314299865, 0.8264435026718362, 0.5547509577176986], [0.7018709988337641, 0.45147397639330966, -0.5509522208283654], [-0.7057865039750273, 0.3363961734787132, -0.6234605242319586]], "T": [0.1809967640375078, 0.1102179221488509, 0.14860817047095792], "aligned_model": [[-0.3137713896531874, 0.314432093846275, -0.680470985995238, -0.26918062088027855, 0.1304869843983213, 0.6484807253879533, 0.393967586493573, -0.3375219251991411, -0.05735903896807948, 0.2503544036652857, 0.13048206358247852], [-0.2687641063036407, 0.3060564806563604, 0.20341666877214928, -0.2001489829786534, -0.7476926141614617, -0.20860607945090082, -0.39119552707887323, 0.4847127888161146, 0.6082277129389304, 0.35460661808606175, 0.034760241848310086], [-0.3621091402623631, -0.5189462893674293, -0.04265224148967234, 0.6374279539734586, 0.055334061735498596, -0.2329113671974795, 0.5055870115363819, 0.4355209950860271, -0.20829765746011653, 0.704980980872079, 0.13438667216657924]], "inverted": true, "swapped": false, "error_lsq": 0.04923916267146817, "error_max": 0.255040485558735, "target": "218.xyz", "model": "17.xyz", "model_rescale": 3.901054581598922, "target_rescale": 3.8027560405360843},
{"mapping": [0, 12, 2, 8, 1, 6, 4, 5, 9, 10, 14], "R": [[0.6594283737439991, -0.49237553400625467, 0.5680849878437205], [-0.07527604734138296, 0.708621244113181, 0.7015621491273207], [-0.7479891286629788, -0.5053931795182272, 0.4302208705984108]], "T": [0.02778857135167372, 0.04839813043411022, 0.020199158502436185], "aligned_model": [[-0.344289950166596, 0.1869569019877398, -0.798507212099874, -0.33583500150194573, 0.15160462938408967, 0.7053949861911478, 0.2821462081263407, -0.32723151720233074, 0.12147970108171706, 0.5209108780742696, 0.0472702728034044], [-0.4878950701321344, 0.3743466844481051, 0.06205783005018588, -0.1878142768952275, -0.6370307284175287, -0.24686224080185648, -0.3076134149455399, 0.4444478773058256, 0.6959751142263145, 0.37567242585049765, 0.09008900045575485], [-0.36639066980487595, -0.6281819691809077, -0.00785066938829472, 0.5225932747386041, -0.0030905959507410846, -0.11169703179938474, 0.6790860547756947, 0.34760010798422547, 0.0980171744549976, 0.5878043683984993, -0.00956906463485328]], "inverted": false, "swapped": false, "error_lsq": 0.0360813345159962, "error_max": 0.19689090134301665, "target": "218.xyz", "model": "18.xyz", "model_rescale": 3.9405287249114394, "target_rescale": 3.8027560405360843},
{"mapping": [12, 0, 3, 10, 13, 7, 11, 2, 6, 5, 15], "R": [[0.29554231502289935, -0.8629862437912713, 0.40976759639817584], [-0.13411923737529396, 0.3871992090729081, 0.9121890169582094], [-0.9458682626014975, -0.32454817134032243, -0.0013093062582119064]], "T": [0.06079696330665447, -0.07366835885171705, -0.04397547605465732], "aligned_model": [[-0.26247006572133286, 0.17072064562922593, -0.7908953287407252, -0.41760096943064934, 0.23305577222687435, 0.7289762879098911, 0.15722704514927255, -0.2058994787310518, 0.11409785091607313, 0.4380038321227287, 0.044684305347656036], [-0.330818149655269, 0.3935544590594311, -0.07379618360767135, -0.08266319698067937, -0.7114086800237487, -0.21638796480936656, -0.35634852814090723, 0.5252379998829318, 0.6692457889340586, 0.4138208623468973, -0.05506320586128036], [-0.4038525039996218, -0.5362090389531698, -0.05096247840746518, 0.57968993727707, 0.07827030453816405, -0.21366063506804484, 0.6117732281806443, 0.5265588912578467, 0.015362875725645979, 0.513995741923483, -0.012645342881588778]], "inverted": true, "swapped": false, "error_lsq": 0.03950378038254969, "error_max": 0.20393607644352119, "target": "218.xyz", "model": "19.xyz", "model_rescale": 4.410303926677745, "target_rescale": 3.8027560405360843},
{"mapping": [9, 5, 11, 4, 7, 1, 2, 6, 3, 0, 13], "R": [[0.11439823150035189, -0.7562866364836275, -0.6441611352028883], [-0.984226216314909, 0.00180068023476887, -0.1769053777281242], [0.13495110132203483, 0.6542379391528543, -0.7441511400414543]], "T": [0.002336854164037054, -0.005207857054885686, 0.04811568388027724], "aligned_model": [[-0.42450184850905853, 0.26505058067804266, -0.8253474663923998, -0.39681062555976065, 0.29421222908292427, 0.7181324083125267, 0.23746241723393405, -0.3031910167472093, 0.17464366476231757, 0.4707798196463844, -0.0005302658297388768], [-0.27249038026698263, 0.32618174046002085, 0.0030241692382333325, -0.14225064323373465, -0.6541983407525315, -0.21981666004178274, -0.25719156963427026, 0.36925697200993624, 0.6986769345046051, 0.34509504363216637, -0.0209140647712637], [-0.42116621591379944, -0.6731562173666888, 0.09288424139355075, 0.6111378496964385, 0.02636062590362246, -0.02043851011383737, 0.6136498613973094, 0.36894996363921007, 0.07673838352771467, 0.4616473493946427, -0.028286351965199207]], "inverted": false, "swapped": false, "error_lsq": 0.039551811684189926, "error_max": 0.16683107950007312, "target": "218.xyz", "model": "20.xyz", "model_rescale": 4.121658175737393, "target_rescale": 3.8027560405360843},
{"mapping": [6, 8, 10, 4, 1, 5, 3, 11, 9, 7, 12], "R": [[-0.22283693019299228, -0.9420130769968651, 0.2509084799464983], [-0.022541926897690467, -0.25233215444923845, -0.9673780777765979], [0.9745950769801288, -0.22122352180069937, 0.03499413276812052]], "T": [0.019571216175127682, -0.06299679208245215, 0.06478082589672646], "aligned_model": [[-0.3027525956633939, 0.23204387479785205, -0.7134331274294584, -0.3813002009277986, 0.2072803433429559, 0.6799877057800906, 0.2596118300293398, -0.198076150798221, -0.09232565486844872, 0.40997157999113176, 0.10889229242391336], [-0.27730591159740275, 0.12676700010150302, 0.16877355381818648, -0.13855100317380672, -0.7219004074810152, -0.06031973666886106, -0.29912406637572697, 0.5150523578928264, 0.6287174571964623, 0.30168845958819324, -0.06842450215596217], [-0.45752504587452, -0.5455864202594274, -0.06811078664861694, 0.4681730296676624, -0.049176074666763825, -0.10179175173511237, 0.6724527085631054, 0.6917240506016478, -0.11318929175173462, 0.49070368609964354, 0.12064687559707951]], "inverted": false, "swapped": false, "error_lsq": 0.044521980309991264, "error_max": 0.3021582881158081, "target": "218.xyz", "model": "21.xyz", "model_rescale": 4.08911054899281, "target_rescale": 3.8027560405360843},
{"mapping": [9, 14, 11, 8, 10, 13, 6, 1, 2, 0, 16], "R": [[0.7117816543223843, -0.5363195185222244, -0.4535727622137148], [-0.25378890638027246, -0.7984909145318249, 0.5458969228787016], [-0.6549489045478242, -0.27344767957000327, -0.7044631281830056]], "T": [0.06072342402827655, 0.026797267853112563, 0.009560603019274513], "aligned_model": [[-0.17747074187731693, 0.10966551793651894, -0.6968462891943707, -0.3874684927307536, 0.1501359902586609, 0.7008965640772529, 0.15808145105275245, -0.2982348253487015, 0.05858396551678403, 0.48878108659017244, 0.10377567039696335], [-0.4220775996995973, 0.13239033359321753, 0.10170349177601185, -0.09532399146802915, -0.7749697229176628, 0.041631348366363286, -0.34675611239758697, 0.5399131098961965, 0.747645654376956, 0.21304427683466795, 0.03817241278385943], [-0.4897614415277235, -0.6215315945703852, 0.08937424523547528, 0.5243153230887052, -0.008060257499136483, -0.15380483654307003, 0.6471681745148978, 0.4972690088466412, -0.03077369673294307, 0.6277499650651971, 0.026376089715305147]], "inverted": false, "swapped": false, "error_lsq": 0.03921878397556111, "error_max": 0.21856496136390127, "target": "218.xyz", "model": "22.xyz", "model_rescale": 4.204369325754507, "target_rescale": 3.8027560405360843},
{"mapping": [12, 0, 3, 10, 13, 7, 11, 2, 6, 5, 15], "R": [[0.29554231502289935, -0.8629862437912713, 0.40976759639817584], [-0.13411923737529396, 0.3871992090729081, 0.9121890169582094], [-0.9458682626014975, -0.32454817134032243, -0.0013093062582119064]], "T": [0.06079696330665447, -0.07366835885171705, -0.04397547605465732], "aligned_model": [[-0.26247006572133286, 0.17072064562922593, -0.7908953287407252, -0.41760096943064934, 0.23305577222687435, 0.7289762879098911, 0.15722704514927255, -0.2058994787310518, 0.11409785091607313, 0.4380038321227287, 0.044684305347656036], [-0.330818149655269, 0.3935544590594311, -0.07379618360767135, -0.08266319698067937, -0.7114086800237487, -0.21638796480936656, -0.35634852814090723, 0.5252379998829318, 0.6692457889340586, 0.4138208623468973, -0.05506320586128036], [-0.4038525039996218, -0.5362090389531698, -0.05096247840746518, 0.57968993727707, 0.07827030453816405, -0.21366063506804484, 0.6117732281806443, 0.5265588912578467, 0.015362875725645979, 0.513995741923483, -0.012645342881588778]], "inverted": true, "swapped": false, "error_lsq": 0.03950378038254969, "error_max": 0.20393607644352119, "target": "218.xyz", "model": "23.xyz", "model_rescale": 4.410303926677745, "target_rescale": 3.8027560405360843},
{"mapping": [5, 4, 6, 13, 0, 3, 7, 14, 9, 11, 16], "R": [[-0.5453426424701089, 0.628534820199555, 0.5545677434727266], [-0.5021895031432949, 0.2847271315311087, -0.816539137765458], [-0.671123762979981, -0.7237917106231458, 0.16036974277216562]], "T": [0.05831420920682971, 0.08220829216200726, 0.09015111031406998], "aligned_model": [[-0.2823102375601154, 0.267845586415539, -0.6954309494453049, -0.4187723770775798, 0.21999321457540832, 0.7631241145902298, 0.1985389985176788, -0.36005942704384725, 0.07053294103240058, 0.2885303292034991, 0.15790770347005423], [-0.13864292393677818, 0.0709804807558786, -0.014335727847866353, -0.12643596561254197, -0.6485473212242003, -0.27834558563113804, -0.3161285368597112, 0.48430588285799026, 0.7078614397936664, 0.4091867159714691, 0.025474742877628243], [-0.3902672074469545, -0.565482103615182, 0.11125982341076446, 0.5624249574772735, -0.011051378853649069, -0.3370430880498934, 0.6035668052338377, 0.43862064709097026, 0.061361787995608694, 0.5808721462066857, 0.05405859014350195]], "inverted": true, "swapped": false, "error_lsq": 0.045630357682935635, "error_max": 0.2613448074656226, "target": "218.xyz", "model": "24.xyz", "model_rescale": 4.28219845311461, "target_rescale": 3.8027560405360843},
{"mapping": [10, 5, 6, 2, 12, 9, 13, 0, 1, 4, 15], "R": [[0.5785974097714124, -0.8074069982324232, 0.11540787066365948], [-0.34100113829865175, -0.3680105380845502, -0.8650355296389529], [0.7409070529323067, 0.46115310154440853, -0.48825664957185816]], "T": [0.12411965633763107, -0.02219498078499738, 0.09824035731977054], "aligned_model": [[-0.42650493991450916, 0.28583900925527567, -0.759447071299332, -0.30173722732164165, 0.28261047547637996, 0.7334337261368874, 0.2882762208183299, -0.36483757198477523, 0.1214272241361436, 0.2678713453886689, 0.08296870598653516], [-0.26335497724314516, 0.25165039063686123, 0.14975058430331328, -0.16000856653048853, -0.7656023747665655, -0.16540519553135774, -0.4119469504179245, 0.5076972894968209, 0.5851541746252497, 0.42240259175928274, 0.025036234812349945], [-0.41979364633090854, -0.6917825818135588, 0.054175684163242185, 0.6163459012120378, 0.016717311159276604, -0.15690838873993074, 0.5154483167862127, 0.4799328812217416, -0.10423717989848783, 0.6606610392015975, 0.13776164263174087]], "inverted": false, "swapped": false, "error_lsq": 0.03651094681406992, "error_max": 0.21821904583534377, "target": "218.xyz", "model": "25.xyz", "model_rescale": 4.100010024507729, "target_rescale": 3.8027560405360843},
{"mapping": [10, 8, 9, 4, 0, 1, 6, 5, 7, 2, 11], "R": [[0.257209808026692, -0.8509235746574245, 0.4580089352262712], [0.9650168735383423, 0.25111096605419014, -0.07540369031827565], [-0.05084828847813139, 0.46138091943594917, 0.8857438110081735]], "T": [0.12912886774607168, 0.061977742867616925, 0.07294686428226477], "aligned_model": [[-0.2514864401584752, 0.19795206257624326, -0.6408335296067903, -0.5073295947425115, 0.20449979064766624, 0.7375698906595305, 0.20571131507903023, -0.3048658293181604, -0.11734212833273644, 0.6807181348278516, 0.005306225046313895], [-0.25336929858702634, 0.13146723811332534, 0.22145090450126154, -0.31036050074409716, -0.6819493778170285, -0.2204343443220727, -0.1740826249012852, 0.329808436189965, 0.6854878816936325, 0.39119976094736153, 0.056155126070360405], [-0.3402003169607189, -0.5330996742431846, -0.17411005126576984, 0.5442476579406867, -0.04842503948737678, -0.14884016961148802, 0.672023461782352, 0.6244008450967347, -0.022149936759804034, 0.440532812920624, 0.09394139018090857]], "inverted": false, "swapped": false, "error_lsq": 0.05460758403671712, "error_max": 0.2602552771834515, "target": "218.xyz", "model": "26.xyz", "model_rescale": 3.6694154284099745, "target_rescale": 3.8027560405360843},
{"mapping": [2, 6, 11, 10, 0, 5, 8, 9, 3, 7, 13], "R": [[0.019989192033053493, -0.27357703276379813, 0.9616423656152122], [-0.9997973319780444, -0.0031673857851827747, 0.01988121316398528], [-0.002393150945868505, -0.9618448808469292, -0.27358490093041826]], "T": [0.04580951227636105, -0.026890474809271214, 0.11624708772346089], "aligned_model": [[-0.3474375377906385, 0.06398212175015003, -0.7999807082549713, -0.3874912216914176, 0.2831676923646166, 0.7971084694444606, 0.16337677669676715, -0.2514012989946412, 0.17838869990591094, 0.4961536863966821, 0.014033216851043522], [-0.3392664661497671, 0.20511840505439455, 0.06576819667360423, -0.270219314479257, -0.5352162834137504, -0.274705004783916, -0.1886264301682336, 0.4390250258962516, 0.761208411212369, 0.36712892713567913, -0.05484226583297763], [-0.34190970187037234, -0.5295331130675758, 0.0056634420167804705, 0.4552637091750931, -0.23332309090299902, 0.12703297724274176, 0.7231874567144148, 0.5155615193889186, -0.0027240230239839874, 0.31135567401651254, 0.07774612990343337]], "inverted": true, "swapped": false, "error_lsq": 0.054294868835372115, "error_max": 0.29189497131477915, "target": "218.xyz", "model": "27.xyz", "model_rescale": 4.103607728864725, "target_rescale": 3.8027560405360843},
{"mapping": [10, 13, 6, 5, 3, 2, 0, 7, 8, 1, 14], "R": [[-0.5538111511083401, 0.13564916795860532, 0.8215184186250444], [-0.7122922599506805, -0.5881328779036117, -0.38306586162586714], [0.43119942639387615, -0.7973073567708715, 0.42233639852212435]], "T": [-0.07828094220974038, -0.04791298275268874, -0.08721418222962532], "aligned_model": [[-0.34965380385389533, 0.14636687542866034, -0.6900629542298857, -0.38397243687512017, 0.3450112123460607, 0.6517338473105906, 0.21112664004076034, -0.24746442269978594, 0.08368147584763144, 0.41166569360456695, 0.03146776975837928], [-0.41232626988855836, 0.30029721818056637, 0.020478808565266238, 0.023231099641731826, -0.6651190585550801, -0.12709272202774985, -0.36552254831676734, 0.5084833953074083, 0.7533928744352302, 0.1870231001606336, -0.04747269635828428], [-0.3181579035723908, -0.5853663145647455, 0.06215982990358879, 0.573566901043323, -0.028808151283075567, -0.04106570227631104, 0.4829254113610706, 0.3392612167962312, -0.02430889485277879, 0.6252590896019965, 0.022855497436055833]], "inverted": true, "swapped": false, "error_lsq": 0.04250584204971919, "error_max": 0.21546229782589946, "target": "218.xyz", "model": "28.xyz", "model_rescale": 4.137296879288765, "target_rescale": 3.8027560405360843},
{"mapping": [8, 7, 3, 4, 9, 0, 6, 2, 1, 5, 10], "R": [[0.8163780244345172, -0.43550676531203025, 0.3792898345432521], [-0.09688948251819629, -0.750733667175547, -0.6534610846458354], [0.5693323716404606, 0.4967220735346959, -0.6550784932095094]], "T": [0.0061456485673566826, 0.0008359755264512707, 0.08137951550374992], "aligned_model": [[-0.43494076127411047, 0.07250829584835218, -0.6667193034357911, -0.37354196126478023, 0.2758465516046976, 0.7004262777353958, 0.30263638989439484, -0.2737128096473077, 0.36943302286858337, 0.24697237612064948, -0.009008181772121501], [-0.3354262137049067, 0.17343737494090494, 0.10906819561768814, -0.36380928742121516, -0.6826920980546503, 0.026829754820684348, -0.356245060479574, 0.682989970770907, 0.6379599425781638, 0.3578589164545095, -0.0745982943781149], [-0.3776677556157799, -0.6113087120921153, 0.04386594645824393, 0.6492713308418522, -0.18478774727705713, -0.007046011168229088, 0.6297718905320623, 0.34303624903814356, -0.08907370438795983, 0.59881091615386, 0.11344857710994298]], "inverted": false, "swapped": false, "error_lsq": 0.05368222029257969, "error_max": 0.29339026375273203, "target": "218.xyz", "model": "29.xyz", "model_rescale": 3.607286011436655, "target_rescale": 3.8027560405360843},
{"mapping": [6, 2, 3, 8, 5, 13, 10, 9, 1, 11, 14], "R": [[-0.658114689892338, -0.3842892409376888, -0.6474618399932517], [-0.24458930024039566, 0.9224167696862788, -0.2988701678144614], [0.7120822488700485, -0.03832860943297689, -0.7010490628644397]], "T": [0.05461526413976808, -0.08453406305395259, 0.06163419834868783], "aligned_model": [[-0.23265417555627937, 0.16259908451723235, -0.7274053433202039, -0.36254128665051927, 0.15354825953650914, 0.7235087847093136, 0.22636330956735298, -0.2926160369316337, 0.14570454945774208, 0.38592345000150585, 0.027469301346942802], [-0.13106358235860904, 0.22708826638196458, 0.0035675797841338286, -0.14561218524500885, -0.8399858439450153, 0.10599020301507392, -0.4025455636265012, 0.5095980809515639, 0.6272661026694548, 0.16549649174892958, 0.05557365176841014], [-0.3438953804781495, -0.6741446825828559, -0.022824704692615216, 0.5977301304423279, 0.06410376383240152, -0.16678752682333103, 0.6850491427455827, 0.43712684398034346, -0.08998811211974456, 0.4766651256337806, 0.1452863796552237]], "inverted": true, "swapped": false, "error_lsq": 0.04557974759049457, "error_max": 0.2773233980338238, "target": "218.xyz", "model": "30.xyz", "model_rescale": 3.964800864290218, "target_rescale": 3.8027560405360843},
