[{"mapping": [8, 15, 13, 2, 1, 7, 14, 11, 12, 4, 10, 16], "R": [[0.5362718712342627, 0.823461061725187, 0.18526834577264048], [-0.05681453761307137, 0.25421993858383285, -0.9654762198740297], [-0.8421309805717372, 0.5072318036646171, 0.18311556163369658]], "T": [-0.12484940666341167, 0.031505116388113416, -0.07044781371796244], "aligned_model": [[-0.2099584950507353, 0.3639955466143365, 0.39994460821996697, 0.009147113504940088, -0.176560377384271, -0.6634327491642588, 0.33405354965787976, -0.2708943750824114, 0.5626236205901349, 0.23427087917004014, -0.6280248188635105, -0.11752203975156242], [-0.42289551020959, -0.5690820278784353, -0.21414713061092183, 0.7701810527078856, 0.4144075886837695, -0.4912018866394295, -0.16493811011172377, -0.4946455647465932, -0.0564251100102076, 0.3155051641900493, -0.02374564063844787, -0.009457788759297946], [-0.42844646066553155, 0.043888547205019085, -0.5914362104838045, -0.08687531678849877, -0.5570453831648183, -0.0036318676817270884, 0.6148744357315807, 0.5170309454042268, 0.036332688862080076, 0.260942590554003, 0.423037136725378, -0.04671936034434504]], "inverted": false, "swapped": true, "error_lsq": 0.04825080577343751, "error_max": 0.2282474946830243, "target": "219.xyz", "model": "0.xyz", "model_rescale": 3.751011558992144, "target_rescale": 4.356723404519285},
{"mapping": [8, 7, 1, 13, 10, 2, 11, 15, 0, 4, 9, 14, 12, 3, 16], "R": [[0.07166160566900928, 0.38480520560056264, 0.9202116973912298], [0.7965825217255877, 0.533144579334829, -0.2849791985517395], [-0.6002673573952217, 0.7534466213797743, -0.26832310444156704]], "T": [-0.05028603890517523, 0.014267284220763468, -0.10435922549359312], "aligned_model": [[0.15747562787912595, 0.10219061355580496, -0.5293688698366739, 0.26282390589980775, -0.12124788729398707, -0.5718328642268986, 0.4692582837817183, 0.7187058109630194, -0.741459330852987, 0.013368205744286168, -0.10672038556835228, 0.5549980604651467, 0.4134474210048327, -0.07586958429480108, -0.006682796131007869], [-0.058983952019111385, -0.6450692342382724, 0.3323507272547533, 0.5871649824877039, -0.6385537325965317, 0.400622669775601, -0.5626757670624201, 0.14068638870141398, -0.12480806470294097, 0.26017704060393404, -0.32299037587460006, 0.0055946278458543774, 0.4930069549212869, 0.6877153660045432, -0.005480281274108167], [-0.6459825852179829, -0.4356977598640283, -0.3396634684406989, -0.5297215226737677, 0.15747024951579047, 0.2732457191533973, 0.09690025085133898, -0.17795850871757873, -0.03769190089757847, 0.4005363436549335, 0.6643509462394619, 0.4892773588149636, 0.11361455619656634, -0.07651959914858444, -0.10249367461425626]], "inverted": false, "swapped": true, "error_lsq": 0.041430561915172026, "error_max": 0.28139805816006325, "target": "219.xyz", "model": "1.xyz", "model_rescale": 3.9405287249114394, "target_rescale": 4.356723404519285},
{"mapping": [6, 5, 7, 4, 9, 8, 1, 2, 14, 15, 12, 13, 16], "R": [[0.48370097987022903, -0.41063991970800423, 0.7729218708348112], [-0.15872657073960253, 0.8273035036840626, 0.5388643507723634], [-0.8607201855503487, -0.38333245249297454, 0.33498804911801733]], "T": [0.0018671133460661446, 0.017611219268391556, -0.03479180380851628], "aligned_model": [[-0.4538861011183783, 0.0997630113581261, -0.3907407604613107, 0.3852172008926722, 0.6373253271830934, -0.5613878259178882, 0.11073735081662689, 0.6340832602491168, 0.12470096765052574, -0.5028139093587758, -0.06902704578740237, -0.49466261685685087, -0.02332557936562346], [0.551163376209377, 0.625749408962551, 0.1915885139616556, -0.36292056609588225, -0.32401237184441983, 0.17351055845341506, 0.48607624006100864, 0.15735111287605025, -0.8076993070399896, -0.5778851686635634, -0.5569256917466336, -0.08187791947408019, -0.015285592087471468], [0.3431899232531866, -0.5895355480528026, -0.6539444157175687, 0.1315851104483191, -0.4676070916212325, -0.05284137530562108, 0.3585951787690514, 0.3455272397612646, -0.18520067838034138, 0.023759258641892753, 0.36097873542973186, 0.557443649684968, -0.058829637322203844]], "inverted": true, "swapped": true, "error_lsq": 0.04695755431699407, "error_max": 0.31870941268542086, "target": "219.xyz", "model": "2.xyz", "model_rescale": 3.932901565614263, "target_rescale": 4.356723404519285},
{"mapping": [10, 5, 7, 9, 11, 15, 8, 14, 4, 12, 1, 2, 13, 16], "R": [[0.5294964422290759, -0.6798147084638226, -0.5074302708973908], [-0.41540635251495694, 0.31375353733145406, -0.8538127898446004], [0.7396425352540041, 0.6628805925415591, -0.11626796667518283]], "T": [0.17301183075932125, -0.07284259705335239, 0.04495244558829338], "aligned_model": [[-0.09280888683741717, 0.5158713519108427, 0.1631490617593316, -0.3901992969049768, -0.44310494986933857, -0.2811965461921166, 0.3904187972686461, -0.6586805975653071, -0.1711340138302146, -0.20084817583299885, 0.7320136217234039, 0.3499729666749061, 0.3687790296649838, 0.1375775500829589], [0.111601871468166, 0.07885241146146646, -0.4681708836666173, 0.4889995640125796, -0.33588820741728287, -0.6496171967083845, -0.6101957780444769, -0.06967804107356912, 0.26345588376742035, -0.20104013191261483, 0.1171282268391719, 0.5902070923155058, -0.5487833058324407, -0.10337486685843539], [-0.5836055247191266, -0.6943663351400781, -0.5964345437318913, -0.22885315082280255, -0.39607145849720277, 0.3165641558152283, -0.03167840581458552, 0.20965259859855478, 0.3414486114008281, 0.6242166781917409, 0.23858510332750482, 0.3497752383311898, 0.6300493090538423, 0.03461408706389456]], "inverted": false, "swapped": true, "error_lsq": 0.04495300164158315, "error_max": 0.289672722420781, "target": "219.xyz", "model": "3.xyz", "model_rescale": 3.9243930471874484, "target_rescale": 4.356723404519285},
{"mapping": [3, 8, 12, 4, 14, 1, 0, 15, 11, 7, 9, 5, 16], "R": [[0.2180370316125428, -0.9437615450280831, -0.24854375665422898], [0.4126701258902111, 0.31993921724028535, -0.8528436342433654], [0.8843999208747977, 0.0833849110923498, 0.4592207928205915]], "T": [-0.07455829641265176, -0.13737252905195668, -0.125060474760724], "aligned_model": [[0.10646756593341151, -0.39368269019703056, 0.485481125612482, 0.4171540220398789, 0.7322202543142023, -0.45078256160276775, -0.45713515110904124, 0.34421408328277847, 0.23163502436268218, -0.4141037012901321, 0.40164422734510874, -0.6728131322336527, -0.053093180146567207], [-0.6596586543788636, 0.16867231474265948, -0.24806073064130907, -0.391864179715438, 0.11977598517012317, -0.6240518466846239, -0.48584072674441253, 0.2712209677647373, 0.574609494836291, 0.5220804685949452, -0.09347843049236468, 0.06999042090945365, -0.09556552967961093], [-0.5115947189110398, -0.5076603865135609, -0.5323158386953577, -0.011499907146995475, -0.08226489240549961, -0.21260512876863935, 0.3583770804587737, -0.6450875490518756, 0.08139100247142764, 0.007565542291891603, 0.5671442329526395, 0.40996106199301785, -0.13434018330381808]], "inverted": true, "swapped": true, "error_lsq": 0.04480704906345997, "error_max": 0.26336050328166205, "target": "219.xyz", "model": "4.xyz", "model_rescale": 3.8936222436046832, "target_rescale": 4.356723404519285},
{"mapping": [14, 9, 11, 15, 5, 0, 2, 1, 13, 12, 8, 16], "R": [[0.8093008020321232, 0.33196612591455554, 0.4845933378364215], [0.2850178177567879, -0.9432912318315244, 0.17019546266256425], [0.5136117749733948, 0.00037841121457321547, -0.8580226112484636]], "T": [-0.09890187757420035, 0.043984664703870496, 0.011217688034739326], "aligned_model": [[0.06041126777097705, -0.6462076984785504, -0.2387010713548217, 0.5001754944746758, -0.7752107127244656, -0.6549401383663016, -0.30234005479159665, -0.09804068630591961, 0.6460475887574164, 0.4415569317229331, 0.18033721316406912, -0.08554009165331863], [-0.6163327285396576, -0.5490832394356314, -0.05213921007978094, -0.07174922317790045, 0.5221422294613501, 0.15578330972442525, -0.3345793187130517, 0.2481276062718, 0.19444427770755587, -0.39969817829149445, 0.5314551008429291, 0.04055227933926395], [-0.4961763521834798, -0.22662615230163952, -0.7726900556402642, -0.47914858234615115, -0.022367861732012967, 0.43528079637579625, 0.6269849230206778, 0.5980655730374881, 0.18324934658848865, -0.04172354288726679, -0.15090763907011942, -0.034655733585998535]], "inverted": false, "swapped": true, "error_lsq": 0.04606846686238781, "error_max": 0.24388168030483942, "target": "219.xyz", "model": "5.xyz", "model_rescale": 3.6523030999806103, "target_rescale": 4.356723404519285},
{"mapping": [13, 15, 14, 3, 4, 8, 11, 1, 7, 5, 9, 2, 16], "R": [[0.3404896348079049, 0.6701509988670264, -0.6595183449350794], [-0.807022054586187, 0.5682229345221242, 0.16074234070261412], [0.48247508951226603, 0.4775147488827884, 0.7343006554535672]], "T": [0.06993512306763786, -0.10636039795773497, -0.0409390886683544], "aligned_model": [[0.23293291095257276, -0.11162125358798405, 0.149830344005535, 0.6413799411610066, 0.4911370802168279, -0.3159416133417874, -0.4736704287613679, 0.3727999863784811, -0.676101398773984, -0.38515935190697403, 0.179956678876776, 0.7349917027377327, 0.04054830670745946], [-0.6004908054762982, 0.018306150029620646, 0.5999817852490678, -0.34981897300187537, 0.25740736860021507, -0.484861677275104, 0.4515634469416453, -0.5815434247591945, -0.09303720786399058, -0.1795494473038197, 0.6746389783459275, -0.08810998304622737, -0.08365930627678282], [0.5391036300928499, 0.7102217752889476, 0.4211712055716693, 0.22200695819240118, 0.05757451546463384, 0.1820462100576442, 0.15013406955159037, -0.3027395622854096, -0.14587239683272485, -0.7299156254921024, -0.3338181155255017, -0.38912544303239976, -0.010677481569808325]], "inverted": false, "swapped": true, "error_lsq": 0.03972080164481474, "error_max": 0.2683296216959859, "target": "219.xyz", "model": "6.xyz", "model_rescale": 4.08911054899281, "target_rescale": 4.356723404519285},
{"mapping": [12, 15, 14, 3, 1, 0, 4, 9, 6, 13, 5, 7, 10, 11, 16], "R": [[-0.720303814278382, 0.5225257369667251, 0.456211868919908], [-0.6692369008846841, -0.35051414376082723, -0.655180742633571], [-0.18244008778302462, -0.7772430052634731, 0.6021701795495416]], "T": [-0.0734445339248107, -0.024926537510307323, -0.03986079149574689], "aligned_model": [[0.14035604615532288, 0.2587713804973939, 0.6925267070732593, -0.35477598540840993, -0.6469952750967636, -0.3608573041851831, 0.21350188375806528, 0.5787439528327116, -0.8085315963605144, -0.4381140206796142, -0.2171795107577963, 0.060562794426391425, 0.34798421649309436, 0.6092534458366283, -0.038913194785031135], [-0.5762777439550442, -0.7196395145311381, -0.30983757987154076, -0.35522452202842314, 0.10813620947385422, 0.6132174898285323, -0.04782915634243874, 0.44019872935531584, -0.2367945236772288, -0.7097766635132907, 0.6410319426453688, 0.10301594968609795, 0.4610219234036054, -0.06241161915303062, -0.048072105151526656], [-0.41676147172356715, 0.10068662184208466, -0.2656088945955991, -0.5563080175289468, -0.2383535496526616, -0.1479029324040072, -0.5262559295488869, -0.2970602408852792, 0.18378636305986185, -0.11182720325442144, 0.4323635678227978, 0.6905033330314018, 0.25342650718153287, 0.37944017626208876, -0.016058297524318484]], "inverted": false, "swapped": true, "error_lsq": 0.055839306142542025, "error_max": 0.3419760941021805, "target": "219.xyz", "model": "7.xyz", "model_rescale": 3.964800864290218, "target_rescale": 4.356723404519285},
{"mapping": [7, 9, 11, 5, 15, 0, 8, 14, 2, 3, 1, 13, 12, 16], "R": [[-0.1849646639037616, 0.9475694389736941, 0.2605767284890327], [0.6318920785660515, -0.0884008913569016, 0.7699984957470891], [0.7526622576909535, 0.30707888356313884, -0.5824105812201327]], "T": [-0.04214055603128858, -0.035676104878722144, 0.08182757922000072], "aligned_model": [[-0.3891635440748542, 0.40927031809255665, 0.2533380364210254, -0.6597505174158991, 0.39273732674067, -0.4398383921736884, -0.3490476543461082, 0.7614467943425038, 0.04422075359985739, 0.15474096482516117, -0.4128162552075059, -0.015743426220012624, 0.5323492057071793, -0.020555720830012485], [0.13416061544259528, -0.6577555345255143, 0.07036601197505143, -0.414100655618746, 0.5958245686331678, -0.6096345340963856, 0.44995011109011585, 0.010611558595426056, -0.5660083762547586, 0.08720820489197811, -0.1516735429525594, 0.602921927295218, 0.2692607643711648, -0.010182652665551864], [-0.565080090140899, -0.26035409596911574, -0.6562391083728883, -0.32129657211052653, -0.07576441315997351, 0.19979010295809707, -0.027083985650594763, -0.1845429759808337, 0.6063811754408057, 0.715151346818703, 0.5668117467709998, 0.5275611755744045, 0.3439878032750959, 0.04749292927174622]], "inverted": false, "swapped": true, "error_lsq": 0.051673709855113326, "error_max": 0.3106931672350198, "target": "219.xyz", "model": "8.xyz", "model_rescale": 4.121658175737393, "target_rescale": 4.356723404519285},
{"mapping": [0, 2, 9, 10, 1, 8, 12, 15, 14, 13, 7, 11, 16], "R": [[-0.4457193987625142, 0.7607054542797279, 0.4718701403944269], [-0.7558743659270296, -0.6022241243926826, 0.25686581503555145], [0.4795708086416375, -0.24218446653024672, 0.8434207275555102]], "T": [-0.15960317622572845, -0.05146946074388281, -0.06595012526311526], "aligned_model": [[-0.5806875650610501, -0.28487471401512515, 0.3784175495321786, 0.03285795235165795, -0.6873011965990246, -0.39582488130250304, 0.27815066659472437, 0.31167791638447395, 0.6857079839275548, -0.29383720475217684, -0.2348788256377792, 0.39363844943605336, -0.1263086344237873], [0.11674523365222841, -0.4366273689296804, 0.2343713486374629, 0.5844596074885529, -0.3284513403181088, 0.04856538182534685, -0.5664792652713468, -0.21045046642599988, -0.11373633189613452, -0.6084846110964347, 0.6207765503947108, 0.4837803878274488, -0.03408168647633534], [-0.6099158947904105, -0.6982692668001027, -0.6461842359885318, -0.3074423033404983, -0.2416810561097945, 0.4594819387733001, 0.12083702093107988, 0.5385052338933065, -0.0454481881378445, 0.4621578579571898, 0.2659804029984195, 0.15927480168380392, -0.036220877110828845]], "inverted": false, "swapped": true, "error_lsq": 0.0453903212644151, "error_max": 0.21790494968942878, "target": "219.xyz", "model": "9.xyz", "model_rescale": 3.833441315466971, "target_rescale": 4.356723404519285},
{"mapping": [7, 11, 0, 2, 9, 10, 14, 3, 6, 1, 8, 13, 15, 5, 16], "R": [[-0.6871224165868149, 0.062076889186982565, -0.7238848281686546], [-0.6395714284664409, -0.5243718526817696, 0.5621232498344868], [-0.34468996578561983, 0.8492235394429171, 0.40001025929687417]], "T": [-0.05613645000085857, 0.06580889316951492, 0.05415722368996137], "aligned_model": [[0.06276550531068617, -0.006074011096816684, -0.6204635626671305, -0.5445442147188002, -0.7013463685516753, -0.4773450646379217, -0.028185423367774493, 0.11537702052050777, 0.36231398305970797, -0.13569237844775203, 0.4188992930079847, 0.6147622122028222, 0.5626327910573097, -0.46596852435300196, -0.03328623902361337], [-0.6548481681834922, -0.5893382423837639, 0.1309754471037819, 0.6343621017114942, -0.11457511951769218, -0.492316327146416, -0.009472646019750106, 0.7164755261949758, 0.2501988414132689, 0.4588123528086142, -0.14749278483330014, 0.4562782938686532, -0.03347880448181918, -0.4400870587398305, 0.035608127500254314], [0.23929156254495823, -0.405811196384811, 0.47699907888773696, 0.09967835715669729, -0.45477171228506463, -0.04998248685137352, -0.7898806191323382, 0.007488780979583262, 0.7069655146312523, 0.5287988330493373, 0.32010826170263107, 0.12206397039969613, -0.4148989446394594, 0.5672490703063379, 0.024823437456909046]], "inverted": true, "swapped": true, "error_lsq": 0.0369251182248316, "error_max": 0.2747578200565001, "target": "219.xyz", "model": "10.xyz", "model_rescale": 4.2482417240324, "target_rescale": 4.356723404519285},
{"mapping": [9, 14, 12, 15, 0, 1, 2, 8, 11, 5, 10, 16], "R": [[0.7663848622181842, -0.12351671674037193, 0.6303950060466006], [0.3373223812796827, -0.757772517689855, -0.558564609084556], [0.5466880774725376, 0.6407218055596806, -0.5390804335437559]], "T": [0.09669648652322872, 0.1523485604482464, 0.021185171032797753], "aligned_model": [[-0.6147525144572055, 0.0203746322099196, 0.38643654988099774, 0.6477677895696942, -0.4082701658062067, 0.10128588474011292, -0.34141561091760053, 0.5832048060295222, 0.045986082512914875, -0.28523979684564693, -0.37236989744344906, 0.113757842889954], [-0.2909353987609455, -0.6910007978545751, -0.3345057958969069, -0.39964470441178657, 0.6475530498810452, 0.6810334121730909, 0.33366718857558386, 0.3259788502456751, -0.3929072185760173, 0.6413062473774611, 0.028945293707450068, 0.11664126359056412], [-0.0508047130755135, 0.06343779879801896, 0.43443629933137173, -0.044928096473160054, 0.05707664675921274, 0.3475849065646958, 0.6034638108112718, -0.2527649979958416, -0.5648349266127726, -0.528543254855339, -0.4931239763668363, -0.005807207030751486]], "inverted": false, "swapped": true, "error_lsq": 0.043265955916108746, "error_max": 0.2664011995443388, "target": "219.xyz", "model": "11.xyz", "model_rescale": 3.6694154284099745, "target_rescale": 4.356723404519285},
{"mapping": [10, 9, 4, 14, 11, 5, 7, 6, 12, 13, 1, 15, 0, 16], "R": [[0.0790837630359369, -0.4439537330057812, -0.8925529907934362], [-0.25436486825714943, -0.874705792534306, 0.4125388349034006], [-0.9638694269560577, 0.19440900045307502, -0.18210125843122965]], "T": [-0.03614403556318573, 0.08387550317523203, 0.043222198690059895], "aligned_model": [[-0.016185056327924996, 0.04490917909837467, 0.07874975951471203, 0.6462499471699494, 0.5516026028909211, -0.4963558931810372, 0.12025279630719762, -0.3559524287672186, 0.41377034387586914, 0.16592530752321383, -0.5679449496348096, 0.7017876410164784, -0.6972739460079679, 0.008729546778051975], [-0.2662670612448081, 0.2943445503350851, 0.5872588708877038, 0.42834498766281787, -0.25860800075396795, -0.5262489739016784, -0.6429486283376994, -0.15329702588301575, 0.5834183854084076, 0.26424159939311975, 0.20074663650310504, 0.11881999362221242, 0.03276892256838217, 0.06841303187659009], [-0.5705915854807243, -0.7673183922014841, -0.18666387712834875, -0.32355794899399354, -0.3816941495492668, -0.2778844112851944, -0.07935720948895475, 0.7336791964531131, 0.2426887964727566, 0.7738512057774353, 0.3425455161276609, 0.3020326175688395, -0.20537861241675365, 0.03674431379733048]], "inverted": true, "swapped": true, "error_lsq": 0.04602696188560546, "error_max": 0.283794048634596, "target": "219.xyz", "model": "12.xyz", "model_rescale": 3.9764082729961374, "target_rescale": 4.356723404519285},
{"mapping": [14, 10, 9, 2, 12, 15, 13, 4, 0, 11, 5, 1, 7, 8, 6, 16], "R": [[-0.4871088399176502, 0.1517889219378978, -0.8600494760483328], [-0.7417406022829964, -0.5917580002642995, 0.3156633460635797], [-0.4610269590804196, 0.79169602266282, 0.4008385593988344]], "T": [-0.07517270254121926, 0.06406683149799386, 0.057591874140820364], "aligned_model": [[0.010640593129322987, -0.3370660402318023, -0.629497268797031, -0.6924625089887418, 0.1716570639108141, 0.5701156300492204, 0.47197434039414915, -0.3329312494038172, -0.6570675404400593, 0.15971843447032785, -0.3683526855107458, -0.2733373056168896, 0.2122774087157197, 0.42513310281720557, 0.2521407143429648, -0.04410237503124377], [0.10025488010065539, -0.5633236915487968, -0.20582052040665866, 0.48622379041341207, 0.5551782547452397, 0.17634906700543995, 0.595549971699106, 0.35153205777478175, -0.06216424987559588, -0.49856891873902165, -0.5847266001425718, 0.3655053527516154, -0.6225688786004825, -0.05711946516680563, 0.2650308072096417, 0.044132260123283654], [-0.7851269126280286, -0.13620840752351107, -0.5148834401124346, 0.1254436690140433, -0.3778821204859097, -0.371060405737151, 0.21677252361424165, -0.3551638430734365, 0.4409599949737246, -0.4635243612495412, 0.4821726874570768, 0.5634882374079413, 0.17447999857641885, 0.3348904500840193, 0.75597464186735, 0.027064230667894675]], "inverted": true, "swapped": true, "error_lsq": 0.046292831064626457, "error_max": 0.3647736173930768, "target": "219.xyz", "model": "13.xyz", "model_rescale": 4.170626492500431, "target_rescale": 4.356723404519285},
{"mapping": [3, 12, 2, 14, 0, 10, 9, 13, 6, 15, 8, 11, 7, 16], "R": [[-0.7815359748076898, 0.6057793244003328, 0.14910710985888875], [0.6156438869566113, 0.7102286249395491, 0.34140577729357874], [0.10091642351148576, 0.35861777764850683, -0.9280135586402263]], "T": [0.04843568741111645, 0.09761660995873551, 0.010201645006935905], "aligned_model": [[0.2621983712185272, -0.12657783656376773, 0.010143157454333057, -0.6704698761444507, 0.15906699546446867, -0.38444030542747754, -0.7299229802178169, 0.5226770229174439, 0.8433944967765038, -0.08484577438779936, 0.4377072865166637, -0.49044898853600194, 0.06837806662791618, 0.026323386393101243], [-0.4080327856266616, -0.5808692827462153, 0.10091036204442029, -0.3218835744734576, 0.6365537878286227, 0.6268987449061593, 0.33669081406217655, -0.5108245131042729, 0.07410651769163856, -0.4801890346181206, 0.06299028330298766, 0.1998642528538096, 0.5346787229194561, 0.08518017288512358], [-0.38169896127424974, -0.017729045516583802, -0.7397249530804763, 0.17157957441141633, -0.43568447984677783, 0.1897687198238752, -0.20156285239850888, 0.12009818517419128, 0.06261204128055384, 0.5212043834226414, 0.44512135854833945, 0.5953885297117625, 0.6236655880415866, 0.05083501282309645]], "inverted": true, "swapped": true, "error_lsq": 0.05122822648555434, "error_max": 0.3101222648121835, "target": "219.xyz", "model": "14.xyz", "model_rescale": 3.9786697098870705, "target_rescale": 4.356723404519285},
{"mapping": [9, 11, 2, 0, 4, 3, 7, 8, 1, 5, 15, 16], "R": [[0.43193766011257495, -0.07304743977080591, -0.8989404481496006], [0.7395138503834882, 0.5992423595011546, 0.30663962508207776], [0.5162839556556662, -0.7972281142323192, 0.31285493604883163]], "T": [0.04132966021154242, 0.07631517227969732, 0.013997268484974266], "aligned_model": [[-0.15765265169964487, -0.7255246071627693, 0.6605361015632584, 0.528174870773028, 0.08997378738964523, 0.43839678701706014, -0.4302350688015521, -0.1314621090180135, 0.6320175241643167, 0.10123062215968426, -0.5162641978095179, -0.005836461808158215], [-0.28997554727650643, -0.11855363678391061, 0.0703102590056595, -0.4339080235152566, 0.27655519450620697, 0.6127843374970232, -0.35410730205678254, 0.17415828322696641, 0.0840476608992781, -0.711954850221403, 0.620689638105746, 0.0846284768374184], [-0.7168105319767066, -0.11736347276867595, -0.41075488651528885, -0.05050882250760286, -0.5122922804155773, -0.08347279373631418, 0.41414998734991776, 0.563957492248, 0.2065942008937328, 0.26339360521438376, 0.0881096162164845, 0.014964379871477057]], "inverted": false, "swapped": true, "error_lsq": 0.04847065554511723, "error_max": 0.25295566243256995, "target": "219.xyz", "model": "15.xyz", "model_rescale": 3.769337070930944, "target_rescale": 4.356723404519285},
{"mapping": [9, 14, 0, 2, 10, 11, 7, 15, 6, 3, 16], "R": [[-0.13486277521098194, -0.7081641515864647, 0.6930480259478522], [0.09771928647542263, -0.7055337953866468, -0.7019066922448078], [0.9860339613386175, -0.026936925866471118, 0.16435154125148266]], "T": [-0.014902883994606328, 0.13198157117534942, 0.09858534226380825], "aligned_model": [[-0.29567173951004505, -0.17283536482123274, -0.20832572200581945, -0.7051653784656682, 0.2382098892863745, 0.4350752427338132, 0.7008870273985939, 0.21925504339608298, 0.19970671686497943, -0.501397371644029, 0.012887787458121044], [-0.0924410210086622, -0.6567962524490196, 0.748095738623856, 0.4170625489164485, 0.15551502357165237, -0.3651919014759024, 0.19113389584169788, -0.5509482356608209, 0.5782616313052107, 0.07789654378052188, 0.09347652618036004], [-0.6621026639464396, -0.16924917120863467, -0.192099956218824, 0.02026807705990552, -0.5610703546941844, -0.3414523697980635, -0.12924091546874286, 0.40111476828265, 0.7231138923021357, 0.5626540922851944, 0.09228220862877995]], "inverted": false, "swapped": true, "error_lsq": 0.046546238564728615, "error_max": 0.2425604820254552, "target": "219.xyz", "model": "16.xyz", "model_rescale": 3.7852294659196426, "target_rescale": 4.356723404519285},
{"mapping": [13, 14, 11, 15, 3, 4, 0, 10, 8, 6, 1, 7, 16], "R": [[-0.08813080986410383, 0.8163955442997266, -0.570728723300528], [-0.047887990021998894, 0.5688231658075787, 0.8210645202737096], [0.9949571351391728, 0.09969213252908782, -0.011035304592655615]], "T": [-0.07134692401186753, 0.14552138680946264, 0.04810162977883557], "aligned_model": [[0.04367817549333719, -0.4226756963108454, 0.18076562596540452, 0.08952116602916259, -0.45514619125904715, -0.601873945192459, -0.2029299879451006, 0.04272054525835638, 0.4572206610222585, 0.34377014841287323, -0.15010907719432265, 0.5818051552328226, -0.05298072929615712], [-0.07552979999225981, -0.5826435870381235, -0.3886998146252462, -0.5876672057883963, 0.14279910494077086, -0.04360978186130088, 0.8051845484429501, 0.172692499147886, 0.07443541865951597, 0.5016339466569424, 0.6565820254601464, 0.09652334086677822, 0.10335492883321148], [-0.6901993206303461, 0.30342948718007223, 0.5906345177776953, -0.17394128256786362, -0.506562767032372, 0.09514934732834074, 0.26954556132510726, 0.7452500221727311, -0.19158485456722363, -0.53165758193236, -0.2963966564616414, 0.42059398050603386, 0.06149424404500012]], "inverted": true, "swapped": true, "error_lsq": 0.048043709781725674, "error_max": 0.2614498529954099, "target": "219.xyz", "model": "17.xyz", "model_rescale": 3.901054581598922, "target_rescale": 4.356723404519285},
{"mapping": [8, 7, 1, 13, 10, 2, 11, 15, 0, 4, 9, 14, 12, 3, 16], "R": [[0.07166160566900928, 0.38480520560056264, 0.9202116973912298], [0.7965825217255877, 0.533144579334829, -0.2849791985517395], [-0.6002673573952217, 0.7534466213797743, -0.26832310444156704]], "T": [-0.05028603890517523, 0.014267284220763468, -0.10435922549359312], "aligned_model": [[0.15747562787912595, 0.10219061355580496, -0.5293688698366739, 0.26282390589980775, -0.12124788729398707, -0.5718328642268986, 0.4692582837817183, 0.7187058109630194, -0.741459330852987, 0.013368205744286168, -0.10672038556835228, 0.5549980604651467, 0.4134474210048327, -0.07586958429480108, -0.006682796131007869], [-0.058983952019111385, -0.6450692342382724, 0.3323507272547533, 0.5871649824877039, -0.6385537325965317, 0.400622669775601, -0.5626757670624201, 0.14068638870141398, -0.12480806470294097, 0.26017704060393404, -0.32299037587460006, 0.0055946278458543774, 0.4930069549212869, 0.6877153660045432, -0.005480281274108167], [-0.6459825852179829, -0.4356977598640283, -0.3396634684406989, -0.5297215226737677, 0.15747024951579047, 0.2732457191533973, 0.09690025085133898, -0.17795850871757873, -0.03769190089757847, 0.4005363436549335, 0.6643509462394619, 0.4892773588149636, 0.11361455619656634, -0.07651959914858444, -0.10249367461425626]], "inverted": false, "swapped": true, "error_lsq": 0.041430561915172026, "error_max": 0.28139805816006325, "target": "219.xyz", "model": "18.xyz", "model_rescale": 3.9405287249114394, "target_rescale": 4.356723404519285},
{"mapping": [4, 9, 11, 10, 2, 15, 14, 3, 12, 13, 7, 8, 0, 6, 5, 16], "R": [[0.1995915323817456, 0.4463158059498577, -0.8723333202170116], [-0.9797922195706528, 0.07904138430194703, -0.18373803644440534], [-0.013054756616662888, 0.8913779562716148, 0.453072745155476]], "T": [0.04969514470220048, 0.036413075389489194, -0.000720752248276918], "aligned_model": [[-0.29726726088889943, -0.11372417645713503, 0.6518545207491804, 0.30939235845720003, -0.6914655289266085, 0.47547037185007285, 0.16110898880739727, -0.41336139452151976, -0.0715776766221271, 0.06459740643445894, 0.718631612614407, 0.4691246407057421, -0.31679747111693135, 0.08575509109352372, 0.2469317389133562, 0.0884918768792693], [-0.1335092191438867, -0.7425126079774585, -0.3911162246928411, -0.6087265163038493, -0.07067968377805128, 0.33505639862059716, -0.2568668962462131, 0.4736394698157658, 0.3097572723744338, 0.7912865417690009, -0.1530918336330721, 0.40706743936750794, -0.24982628526063033, 0.6810081559819035, -0.3698078461107344, 0.030673964195164223], [-0.4132574291863259, -0.27350601241699957, -0.31363886915523076, 0.12623515468974578, 0.05476857980956276, -0.5857632558915077, -0.78838963174507, -0.22292246904437704, -0.6350147033699595, -0.19340356525757577, 0.28974592369171703, 0.16833769309256438, 0.5333739915132364, 0.4666719573717094, 0.6944328820152144, -0.0282264894418259]], "inverted": true, "swapped": true, "error_lsq": 0.04268908740953784, "error_max": 0.30717055650846237, "target": "219.xyz", "model": "19.xyz", "model_rescale": 4.410303926677745, "target_rescale": 4.356723404519285},
{"mapping": [7, 9, 11, 5, 15, 0, 8, 14, 2, 3, 1, 13, 12, 16], "R": [[-0.1849646639037616, 0.9475694389736941, 0.2605767284890327], [0.6318920785660515, -0.0884008913569016, 0.7699984957470891], [0.7526622576909535, 0.30707888356313884, -0.5824105812201327]], "T": [-0.04214055603128858, -0.035676104878722144, 0.08182757922000072], "aligned_model": [[-0.3891635440748542, 0.40927031809255665, 0.2533380364210254, -0.6597505174158991, 0.39273732674067, -0.4398383921736884, -0.3490476543461082, 0.7614467943425038, 0.04422075359985739, 0.15474096482516117, -0.4128162552075059, -0.015743426220012624, 0.5323492057071793, -0.020555720830012485], [0.13416061544259528, -0.6577555345255143, 0.07036601197505143, -0.414100655618746, 0.5958245686331678, -0.6096345340963856, 0.44995011109011585, 0.010611558595426056, -0.5660083762547586, 0.08720820489197811, -0.1516735429525594, 0.602921927295218, 0.2692607643711648, -0.010182652665551864], [-0.565080090140899, -0.26035409596911574, -0.6562391083728883, -0.32129657211052653, -0.07576441315997351, 0.19979010295809707, -0.027083985650594763, -0.1845429759808337, 0.6063811754408057, 0.715151346818703, 0.5668117467709998, 0.5275611755744045, 0.3439878032750959, 0.04749292927174622]], "inverted": false, "swapped": true, "error_lsq": 0.051673709855113326, "error_max": 0.3106931672350198, "target": "219.xyz", "model": "20.xyz", "model_rescale": 4.121658175737393, "target_rescale": 4.356723404519285},
{"mapping": [13, 15, 14, 3, 4, 8, 11, 1, 7, 5, 9, 2, 16], "R": [[0.3404896348079049, 0.6701509988670264, -0.6595183449350794], [-0.807022054586187, 0.5682229345221242, 0.16074234070261412], [0.48247508951226603, 0.4775147488827884, 0.7343006554535672]], "T": [0.06993512306763786, -0.10636039795773497, -0.0409390886683544], "aligned_model": [[0.23293291095257276, -0.11162125358798405, 0.149830344005535, 0.6413799411610066, 0.4911370802168279, -0.3159416133417874, -0.4736704287613679, 0.3727999863784811, -0.676101398773984, -0.38515935190697403, 0.179956678876776, 0.7349917027377327, 0.04054830670745946], [-0.6004908054762982, 0.018306150029620646, 0.5999817852490678, -0.34981897300187537, 0.25740736860021507, -0.484861677275104, 0.4515634469416453, -0.5815434247591945, -0.09303720786399058, -0.1795494473038197, 0.6746389783459275, -0.08810998304622737, -0.08365930627678282], [0.5391036300928499, 0.7102217752889476, 0.4211712055716693, 0.22200695819240118, 0.05757451546463384, 0.1820462100576442, 0.15013406955159037, -0.3027395622854096, -0.14587239683272485, -0.7299156254921024, -0.3338181155255017, -0.38912544303239976, -0.010677481569808325]], "inverted": false, "swapped": true, "error_lsq": 0.03972080164481474, "error_max": 0.2683296216959859, "target": "219.xyz", "model": "21.xyz", "model_rescale": 4.08911054899281, "target_rescale": 4.356723404519285},
{"mapping": [10, 12, 7, 13, 0, 5, 14, 11, 15, 6, 8, 1, 4, 3, 0, 2, 16], "R": [[-0.7939962123376206, 0.28035558298476865, -0.5394170574636867], [-0.09808673120900425, 0.8166059715384931, 0.5688002113294317], [0.5999575051236916, 0.5045348692973997, -0.6208828856626758]], "T": [-0.014207522013904371, -0.06502086138961509, 0.022615023911648446], "aligned_model": [[-0.21161535679463372, 0.4730608617736122, -0.04745522042453495, 0.4264251463532034, -0.26264570820623023, -0.38825088621528886, 0.561909195128378, -0.41289098686703474, 0.19966215198609438, -0.6116989611762357, -0.6877583065401508, -0.42221806487548896, 0.2978688519894214, 0.8181553428673765, -0.26264570820623023, 0.24637415624950024, -0.004177880054987881], [-0.2602965466869124, -0.16110120011945223, 0.3297913783211662, 0.3384572127507651, 0.6677838413561612, -0.5871520332688088, -0.3473637493586453, -0.5767498458785114, -0.4649578291821918, 0.24815094500917778, -0.15876594511858277, 0.09557684641227028, 0.5108178554806712, 0.1611432466663676, 0.6677838413561612, 0.13902212754224497, -0.019038186740099883], [-0.7350346066655675, -0.5235604027643839, -0.5679898134664294, -0.2598354341936452, 0.059427161236395035, -0.2692747754941166, 0.03656521350069837, 0.4289129091450236, 0.5934190202450544, -0.2943889640065034, 0.15790441004670258, 0.684229832110962, 0.26201071061021364, 0.12410729301794944, 0.059427161236395035, 0.6642671703231079, 0.015498118217264182]], "inverted": true, "swapped": false, "error_lsq": 0.0437781027302942, "error_max": 0.3456073211194841, "target": "219.xyz", "model": "22.xyz", "model_rescale": 4.204369325754507, "target_rescale": 4.356723404519285},
{"mapping": [4, 9, 11, 10, 2, 15, 14, 3, 12, 13, 7, 8, 0, 6, 5, 16], "R": [[0.1995915323817456, 0.4463158059498577, -0.8723333202170116], [-0.9797922195706528, 0.07904138430194703, -0.18373803644440534], [-0.013054756616662888, 0.8913779562716148, 0.453072745155476]], "T": [0.04969514470220048, 0.036413075389489194, -0.000720752248276918], "aligned_model": [[-0.29726726088889943, -0.11372417645713503, 0.6518545207491804, 0.30939235845720003, -0.6914655289266085, 0.47547037185007285, 0.16110898880739727, -0.41336139452151976, -0.0715776766221271, 0.06459740643445894, 0.718631612614407, 0.4691246407057421, -0.31679747111693135, 0.08575509109352372, 0.2469317389133562, 0.0884918768792693], [-0.1335092191438867, -0.7425126079774585, -0.3911162246928411, -0.6087265163038493, -0.07067968377805128, 0.33505639862059716, -0.2568668962462131, 0.4736394698157658, 0.3097572723744338, 0.7912865417690009, -0.1530918336330721, 0.40706743936750794, -0.24982628526063033, 0.6810081559819035, -0.3698078461107344, 0.030673964195164223], [-0.4132574291863259, -0.27350601241699957, -0.31363886915523076, 0.12623515468974578, 0.05476857980956276, -0.5857632558915077, -0.78838963174507, -0.22292246904437704, -0.6350147033699595, -0.19340356525757577, 0.28974592369171703, 0.16833769309256438, 0.5333739915132364, 0.4666719573717094, 0.6944328820152144, -0.0282264894418259]], "inverted": true, "swapped": true, "error_lsq": 0.04268908740953784, "error_max": 0.30717055650846237, "target": "219.xyz", "model": "23.xyz", "model_rescale": 4.410303926677745, "target_rescale": 4.356723404519285},
{"mapping": [10, 9, 8, 15, 4, 1, 14, 7, 13, 3, 1, 0, 5, 6, 2, 12, 16], "R": [[0.20865411366569647, -0.4900072854766074, -0.8463783557193731], [0.8462305435132873, 0.5242938498135657, -0.09492010468218665], [0.4902625093514592, -0.6964257456667704, 0.5240552000475652]], "T": [0.07542366417264867, -0.05551763697295177, -0.0075564364577267], "aligned_model": [[-0.23083371972376399, 0.3418046273316808, 0.10175881378502344, 0.6929150937017221, -0.1680440281049107, -0.6887205157541071, 0.655406724737705, -0.1870069345494017, 0.44461777415403947, -0.7474661822345081, -0.6887205157541071, -0.40314166915873395, 0.24239110137415015, 0.7056523928027875, -0.4569235934694217, 0.13993428476605763, -0.0415250269174417], [-0.08121563576767074, -0.15405252129632452, 0.3857989691357726, 0.20827344813244453, 0.5391608871411329, -0.44551206925816655, -0.3934253228264443, -0.49668648258736015, -0.3807273126669612, 0.29706658272846465, -0.44551206925816655, 0.1568807830014491, 0.5135900362667916, 0.0824283007422577, 0.6442763011112809, 0.18067231293736352, -0.027914248994082035], [-0.5814292219620465, -0.5659040366730677, -0.7005591639574278, -0.24928518673747374, -0.2544679768232679, -0.025538778934069983, -0.09466576611513662, 0.41485465146011496, 0.494560083703862, -0.09580411819277747, -0.025538778934069983, 0.5367302012727695, 0.2018244714635566, 0.39453902190621454, 0.2369610326112716, 0.758099179453052, -0.008690610442383544]], "inverted": true, "swapped": false, "error_lsq": 0.045896246233495815, "error_max": 0.3969952273341393, "target": "219.xyz", "model": "24.xyz", "model_rescale": 4.28219845311461, "target_rescale": 4.356723404519285},
{"mapping": [8, 15, 6, 11, 7, 14, 13, 10, 12, 9, 3, 4, 2, 0, 1, 16], "R": [[0.6072181487467988, 0.6799693129754182, 0.4110083371955472], [-0.7925760912651797, 0.482076786688532, 0.37339672104997046], [0.05576073338219628, -0.5524886470759356, 0.8316531942251423]], "T": [0.013619449860040052, 0.0677823467043847, -0.01827440225184447], "aligned_model": [[-0.05461987734625955, -0.6013057525311214, -0.01490756968518283, 0.07165953798011726, 0.40257643078233935, -0.41598691581252095, -0.6020805503764803, 0.5282503799789188, -0.6605180483215579, 0.2692171461087936, -0.4609483074060527, -0.2281277982296721, 0.0741708090644849, 0.5848524736095694, 0.11793938385576663, -0.0018505755501317563], [0.33458229959337343, -0.18027247932859347, 0.8237475696037695, -0.6036555377481164, -0.07641944337268926, -0.6608404187846374, 0.5095664611937706, -0.4059784168473389, -0.08212848824998346, -0.6356103532985182, 0.38305568163998965, -0.2170718614637196, 0.2208850276794947, 0.2781192958854453, 0.6208158494407353, 0.0363161897712506], [-0.5340725187234558, -0.43430674279572606, -0.2691964490834239, -0.45312780280395354, -0.6473032642355495, 0.039998115570990186, -0.19972136412035074, -0.12060368736944473, 0.10345619684140818, 0.3661100669415905, 0.34276583025694146, 0.40582388237344386, 0.7143647798487173, 0.34360707660026446, 0.24504445122601987, -0.050912549949724537]], "inverted": true, "swapped": true, "error_lsq": 0.04883552158347471, "error_max": 0.2948213372126536, "target": "219.xyz", "model": "25.xyz", "model_rescale": 4.100010024507729, "target_rescale": 4.356723404519285},
{"mapping": [9, 14, 12, 15, 0, 1, 2, 8, 11, 5, 10, 16], "R": [[0.7663848622181842, -0.12351671674037193, 0.6303950060466006], [0.3373223812796827, -0.757772517689855, -0.558564609084556], [0.5466880774725376, 0.6407218055596806, -0.5390804335437559]], "T": [0.09669648652322872, 0.1523485604482464, 0.021185171032797753], "aligned_model": [[-0.6147525144572055, 0.0203746322099196, 0.38643654988099774, 0.6477677895696942, -0.4082701658062067, 0.10128588474011292, -0.34141561091760053, 0.5832048060295222, 0.045986082512914875, -0.28523979684564693, -0.37236989744344906, 0.113757842889954], [-0.2909353987609455, -0.6910007978545751, -0.3345057958969069, -0.39964470441178657, 0.6475530498810452, 0.6810334121730909, 0.33366718857558386, 0.3259788502456751, -0.3929072185760173, 0.6413062473774611, 0.028945293707450068, 0.11664126359056412], [-0.0508047130755135, 0.06343779879801896, 0.43443629933137173, -0.044928096473160054, 0.05707664675921274, 0.3475849065646958, 0.6034638108112718, -0.2527649979958416, -0.5648349266127726, -0.528543254855339, -0.4931239763668363, -0.005807207030751486]], "inverted": false, "swapped": true, "error_lsq": 0.043265955916108746, "error_max": 0.2664011995443388, "target": "219.xyz", "model": "26.xyz", "model_rescale": 3.6694154284099745, "target_rescale": 4.356723404519285},
