[{"mapping": [14, 11, 9, 7, 12, 2, 8, 1, 5, 6, 0, 16], "R": [[-0.2831908620134751, 0.9518109857058237, -0.11772333312378508], [0.5178052361509848, 0.04842034345816759, -0.8541271613489506], [-0.8072674111387677, -0.3028387654001744, -0.5065649110274126]], "T": [-0.0933519945284177, -0.08918267504361496, -0.055486715549366794], "aligned_model": [[-0.2101716195968792, 0.34990986167120247, 0.3972078051180726, -0.13984740200152213, -0.08355922259042924, -0.6346420679834517, 0.29792234378288945, -0.23902791532494122, 0.6116005914201685, 0.12877534026021692, -0.510395039244807, -0.13013021304997074], [-0.27799488508846804, -0.669978280609887, -0.10192090660427885, 0.6202814363751875, 0.3049394049214156, -0.5595067985488552, -0.21031278038813853, -0.5561430646380345, -0.07249119918474456, 0.37856805084499223, 0.258914373027642, -0.060800314129773866], [-0.6575877955051381, 0.17274216441945392, -0.5719520406100342, -0.038309995778912864, -0.6796192285110726, 0.028502001557898587, 0.503971868993177, 0.5695932008740874, -0.07767455334897647, 0.48064091302590795, 0.4967658916486756, -0.04512068141150362]], "inverted": false, "swapped": true, "error_lsq": 0.04541493259760862, "error_max": 0.2465604983614061, "target": "22.xyz", "model": "0.xyz", "model_rescale": 3.751011558992144, "target_rescale": 4.204369325754507},
{"mapping": [13, 4, 12, 7, 15, 9, 1, 0, 14, 5, 11, 8, 6, 10, 16], "R": [[0.5965530756680735, 0.44849532924049695, 0.6655646982528598], [-0.3205558992213142, -0.627118442893488, 0.7099058909864477], [0.7357773735209425, -0.6368472330412573, -0.23034161235503633]], "T": [0.0171581765079511, -0.04659091296259632, -0.02624801760628264], "aligned_model": [[-0.0657191641797634, 0.23266382163932328, -0.4866202820496462, 0.21065918922207133, -0.3109337527388156, -0.5669650119881127, 0.5289190075826382, 0.7020083627893114, -0.5815096667417805, -0.1266547607404878, 0.017258751864168646, 0.4521081362980475, 0.6002875122090474, -0.10682518401930763, 0.04040925194234017], [0.05652304841617685, -0.41310422190981566, 0.33114154376930677, 0.4939484130139925, -0.6228864271466925, 0.2784684139754058, -0.5630043589148745, -0.06229303247382628, -0.21340506008167903, 0.38448881389445067, -0.27173777208594874, 0.037074574048218484, 0.4121032136146908, 0.7478597741822814, -0.046419572474580735], [-0.673726838416313, -0.5789843898026762, -0.4115984579313163, -0.44597505171394963, 0.2766483082027246, 0.2200935058815848, 0.29221137679664355, -0.38792890453910833, -0.18622439000768262, 0.5133973864517878, 0.7053269354709358, 0.5072129808012015, 0.04533413547440338, 0.041661048226905396, -0.06778124004316444]], "inverted": true, "swapped": true, "error_lsq": 0.033928579607651714, "error_max": 0.21600790058781758, "target": "22.xyz", "model": "1.xyz", "model_rescale": 3.9405287249114394, "target_rescale": 4.204369325754507},
{"mapping": [3, 2, 15, 6, 8, 14, 13, 0, 5, 9, 10, 12, 16], "R": [[0.6151260125580127, 0.3660289944145276, 0.6983142300729448], [-0.19503454930773872, 0.928819147093302, -0.3150500223285164], [-0.7639250704426497, 0.057600062853795764, 0.6427291182982391]], "T": [0.03600451631774765, -0.025182350277822382, -0.06672167214771252], "aligned_model": [[-0.44266667437859913, 0.044138187877442336, -0.3127483486633443, 0.6525905349290608, 0.5062234936846732, -0.5810965364731833, -0.0773846489007538, 0.6957478421775043, -0.045822951912577084, -0.5088400274886269, -0.02866087127558037, -0.46223306996481955, 0.056736349672734866], [0.6527932163291479, 0.6005349783558845, 0.17300265032614198, -0.3608997159908377, -0.4014091240642243, 0.15063823223843675, 0.319558596241963, 0.28809294151762904, -0.7162478848100711, -0.48297473172206107, -0.672159886433203, -0.09640561826615118, 0.004308939849362328], [0.1892116112989256, -0.42681262927897623, -0.6754918772310924, 0.18363739112568211, -0.410392366374543, -0.056923746090044414, 0.4855704091208243, 0.19149671161544285, -0.18274643835234822, -0.033282621046415994, 0.4111631095441245, 0.4733302325304113, -0.03563943727334669]], "inverted": true, "swapped": true, "error_lsq": 0.042822130566259824, "error_max": 0.25814594346704856, "target": "22.xyz", "model": "2.xyz", "model_rescale": 3.932901565614263, "target_rescale": 4.204369325754507},
{"mapping": [9, 5, 10, 15, 12, 13, 7, 3, 2, 4, 6, 1, 0, 16], "R": [[0.6617636528324562, -0.23637833255880752, 0.7114732262612296], [0.7226401867711447, -0.05160457019842199, -0.6892953857367694], [0.19964976396983286, 0.9702897774538051, 0.13666645351159176]], "T": [0.06620202656912004, 0.015270751391149695, -0.029299938357706622], "aligned_model": [[-0.11900171531029934, 0.4023173271635686, 0.35434859178919925, -0.2947115373918509, -0.3336645244854662, -0.25810641846913557, 0.25341566201411614, -0.7292113057969641, -0.26326291195861923, -0.19297611397758324, 0.7469854014766164, 0.37929235218659796, 0.41005203998306367, 0.06433306482945986], [-0.0006964713719927185, 0.11607686548268012, -0.47638088250181915, 0.6478901880503167, -0.4979794963305774, -0.5198708165233088, -0.6703944423934936, -0.19431048080194857, 0.3919071736185473, -0.14310981780856072, -0.2784523412712252, 0.5752287542555325, -0.27034005573278147, -0.016071538320880915], [-0.7170442464792731, -0.6413405301620713, -0.6006016424136125, -0.06156548661280295, -0.3780841561706417, 0.18325005763185362, -0.004591948856947196, 0.24939731871738913, 0.49113419686586934, 0.5984217138341612, 0.04702089652883029, 0.4380541718188414, 0.6033714086373363, 0.006474609718164496]], "inverted": true, "swapped": true, "error_lsq": 0.04505318999483298, "error_max": 0.25871512868934027, "target": "22.xyz", "model": "3.xyz", "model_rescale": 3.9243930471874484, "target_rescale": 4.204369325754507},
{"mapping": [14, 5, 12, 13, 7, 15, 2, 10, 6, 8, 0, 1, 16], "R": [[-0.7699128042540981, 0.15050812075911754, 0.6201464177362872], [0.5122920013742762, -0.43368446771718033, 0.7412655986816091], [0.3805143613236291, 0.8884059252652611, 0.2567951182948106]], "T": [-0.03700561076597185, -0.1277426773180532, -0.1148658811124112], "aligned_model": [[-0.019605309459993933, -0.21904796980175611, 0.48658060815185167, 0.5437064676495117, 0.62536109517174, -0.6293142040309966, -0.33614713804380236, 0.3765557048265609, 0.18942715245467467, -0.40783817724150395, 0.25925847871368135, -0.5887557511620103, -0.0029750709166047537], [-0.6725423893595115, 0.31893817462261953, -0.37866813583279024, -0.42479703122643464, 0.12944637674539125, -0.5453126117241822, -0.6045955587119498, 0.33373928801140473, 0.5500717106408158, 0.4455419373519385, 0.10180245429692933, 0.007819715306281949, -0.133614376438926], [-0.4535590892242198, -0.6297113433381252, -0.5707862597560849, -0.008742562116624775, -0.08452901666321569, -0.1943196294106616, 0.3372176349965904, -0.6317187065240277, 0.0969358841483508, 0.0059230930695161055, 0.5630839843023749, 0.4393840638988236, -0.08210773801173217]], "inverted": true, "swapped": true, "error_lsq": 0.03705707983084808, "error_max": 0.23963932688623418, "target": "22.xyz", "model": "4.xyz", "model_rescale": 3.8936222436046832, "target_rescale": 4.204369325754507},
{"mapping": [2, 4, 14, 15, 12, 7, 6, 5, 11, 1, 9, 16], "R": [[-0.7994398816984468, 0.28667715282417827, 0.5279318948487546], [0.4232756555650701, 0.892405176363957, 0.15636726193412517], [-0.4263022342844732, 0.3484669442679432, -0.834767748416665]], "T": [-0.13468845883169267, -0.05506684463183596, 0.008335040053530321], "aligned_model": [[0.053403335697546905, -0.4632010238509774, -0.20035248366457098, 0.3966710010125959, -0.6474966566684537, -0.753761330752854, -0.27957450471381207, 0.1527874739019831, 0.6197582854572975, 0.3809850884861705, -0.05977114606786477, -0.17189999662196387], [-0.5586322575484459, -0.5942273549225389, 0.2536847960269698, -0.05478204862627681, 0.434047245190381, -0.008604380203222281, -0.20739827812627976, 0.463728391006179, 0.02758238035936987, -0.6508492411377566, 0.6491025951103382, -0.08472894201891053], [-0.4736371387266844, -0.2877690373167047, -0.5503985692633843, -0.4908283212014746, -0.19846115285843502, 0.35530219506959065, 0.7234345412626566, 0.39035355469171823, 0.10769421627064447, 0.10384687113383761, -0.06964193054650025, 0.009389490760253902]], "inverted": false, "swapped": true, "error_lsq": 0.042040887416666874, "error_max": 0.2190695835557543, "target": "22.xyz", "model": "5.xyz", "model_rescale": 3.6523030999806103, "target_rescale": 4.204369325754507},
{"mapping": [10, 6, 0, 7, 4, 5, 1, 12, 11, 15, 2, 3, 16], "R": [[0.8483996588773793, -0.4582276791833352, -0.2650385120072194], [-0.4761741917603223, -0.879342100522274, -0.003950867054068205], [-0.23124912522677865, 0.1295564135013375, -0.9642297328969484]], "T": [0.03652927816626948, -0.09312636341528804, -0.003587288572033595], "aligned_model": [[0.12281455435660361, -0.026600939920333563, 0.3021566049611768, 0.5159904372150036, 0.4865289965071243, -0.3984298201093292, -0.4274102312364006, 0.5408798613812881, -0.7172016768758129, -0.31823652068178876, 0.048529280488814094, 0.6778090503317612, 0.07425330824618817], [-0.7490051971357349, -0.03272100543575239, 0.46047365171133736, -0.25203426369219095, 0.427063287762115, -0.6070112051379981, 0.5505203137620696, -0.6199967600640437, -0.08920449805467277, 0.023790275837088995, 0.47589558046544334, 0.021722383349362717, -0.0686656592038408], [0.4584876142361594, 0.7366355811388873, 0.46869286630520235, 0.49707373867361093, -0.11845750302661735, 0.20727286940730355, 0.018263748927262208, -0.11763806840250444, -0.13688131185098973, -0.6296693481519277, -0.4477987885354019, -0.5779119724159738, 0.012040313176778096]], "inverted": false, "swapped": true, "error_lsq": 0.04521230106376213, "error_max": 0.2829941262113144, "target": "22.xyz", "model": "6.xyz", "model_rescale": 4.08911054899281, "target_rescale": 4.204369325754507},
{"mapping": [15, 2, 3, 11, 5, 10, 14, 12, 8, 1, 6, 0, 7, 13, 16], "R": [[-0.8425437469644347, 0.4921366694837142, -0.21890987415054697], [-0.5051933837694412, -0.5810739847397283, 0.6380694862272263], [0.18681455897952098, 0.6481932758122162, 0.7382044416996659]], "T": [-0.001728104235543159, -0.060707896755932786, -0.06226331948053454], "aligned_model": [[-0.017095120979640454, 0.23496077586381564, 0.8373481023660713, -0.6040232057332884, -0.5003038854223131, -0.16275540465667135, 0.42786166101357215, 0.4806580846403754, -0.6749410951338628, -0.4015710292485819, -0.4032393178950295, 0.027809573245539277, 0.18127665808636242, 0.5853808683714629, 0.024966875281742715], [-0.6250519467877225, -0.7377739636462649, -0.26366580219470637, -0.389944082641247, 0.300994484945309, 0.7242395348250167, -0.11809297039473744, 0.43565727424085626, -0.11778230210447192, -0.6840394560410358, 0.2977908349188386, -0.1163639337186209, 0.5044642672936333, 0.1478864973049171, -0.057559619830650895], [-0.5235513703601091, 0.020282089090873034, -0.1573318812106264, -0.40099208246643614, -0.40624388787622057, -0.15746388349404938, -0.5355308684037019, -0.3189629257076967, 0.09358532247672721, 0.2233619311228724, 0.45332521146699856, 0.7098178481034868, 0.32874290804080175, 0.15801241472314678, -0.022980793423986047]], "inverted": true, "swapped": true, "error_lsq": 0.043619404083012785, "error_max": 0.3451732704415495, "target": "22.xyz", "model": "7.xyz", "model_rescale": 3.964800864290218, "target_rescale": 4.204369325754507},
{"mapping": [10, 6, 7, 9, 13, 11, 12, 0, 1, 2, 15, 3, 4, 16], "R": [[-0.16410014485851607, -0.7786031767168746, -0.6056799779287781], [0.9367850230855479, -0.31536294725451625, 0.15159166211093156], [-0.3090387726160323, -0.5425157183947175, 0.7811349002026731]], "T": [-0.05173000502623849, -0.0953215570037623, 0.06143475275161503], "aligned_model": [[-0.280197609625017, 0.35634563754531606, 0.2688406161029654, -0.7111829128004603, 0.19957857439078186, -0.4031604258797661, -0.32363091929562277, 0.718409777137521, 0.27676159062680433, 0.15674390236291907, -0.4226423286997452, -0.02066599624391678, 0.4565946434314935, -0.010606659592400002], [-0.09318291208928355, -0.46110837277995964, 0.16057844199192498, -0.004895568054259863, 0.5008227200125995, -0.7198590404191011, 0.49340740547818274, -0.14089332777067523, -0.6302771079093669, -0.0015926767511605933, -0.18136940886433905, 0.693631647602425, 0.26754145919603445, -0.07185479346181843], [-0.7124731158359596, -0.4437764940506428, -0.5195522138769637, -0.19251920865309802, -0.07342059538214127, 0.3304005895532343, -0.2913223982580993, -0.00847467305921007, 0.5471447602732208, 0.7462758703239634, 0.683147574906244, 0.42318976874237757, 0.3716422141584421, 0.056552959883654094]], "inverted": false, "swapped": true, "error_lsq": 0.03213954999671999, "error_max": 0.19379673105749692, "target": "22.xyz", "model": "8.xyz", "model_rescale": 4.121658175737393, "target_rescale": 4.204369325754507},
{"mapping": [9, 5, 11, 15, 10, 12, 6, 4, 1, 7, 14, 2, 16], "R": [[0.7797258520603291, 0.6229979989590876, -0.062458697727112156], [-0.1798243682418868, 0.1272709862367203, -0.9754308241227252], [-0.5997422714926808, 0.7718002263249899, 0.21126669976476276]], "T": [0.008216111791265815, -0.0332618358697865, 0.009704466826137834], "aligned_model": [[-0.5779408073965054, -0.2849093276465493, 0.3024849995795256, 0.2302766223565142, -0.6101314254651385, -0.6784053148786601, 0.11765020248012617, 0.30500932425792643, 0.7826439062792255, -0.3063221538504759, -0.328986132914637, 0.5088704396144474, 0.016497164019398082], [0.14576771060551547, -0.2346339931379305, 0.13584650405516616, 0.6114770051597909, -0.5135200736339448, 0.044781651529057824, -0.7680946672871806, 0.07167840432128336, -0.01853922351224529, -0.5596367520134521, 0.5028507114333478, 0.42252653303198684, -0.050116371139685326], [-0.3534980925531524, -0.599603160714934, -0.676372220801517, -0.2481869335917743, -0.1855741992988169, 0.2693768306742515, -0.05037063798081769, 0.6319532280865514, -0.16362532598491808, 0.3699700842686962, 0.11314802020917185, 0.26041552796830586, 0.05344231367804252]], "inverted": true, "swapped": true, "error_lsq": 0.04224195643973343, "error_max": 0.20318264007850823, "target": "22.xyz", "model": "9.xyz", "model_rescale": 3.833441315466971, "target_rescale": 4.204369325754507},
{"mapping": [6, 10, 4, 3, 12, 7, 9, 15, 1, 2, 8, 11, 5, 0, 16], "R": [[0.8274089621370555, -0.5500306652079612, -0.11340492364165068], [0.004130798406645153, 0.20788699072220768, -0.978144128231105], [0.5615846738291604, 0.8088567650822689, 0.1742796250307046]], "T": [-0.08099485373556012, 0.047803288091833304, 0.04322696534188293], "aligned_model": [[0.08912435204750335, -0.03598358922840008, -0.5883103144346655, -0.8104239126999456, -0.5473062235530625, -0.46177086350224394, 0.06130318700849177, 0.1616359434753824, 0.3208955213504222, -0.21216035477030581, 0.519064651337512, 0.6399480863236419, 0.42566177020167906, -0.31990577751655114, -0.11792745774492619], [-0.6480700521274632, -0.533113552337565, 0.17786257845325715, 0.5177689352949638, -0.021454537964719217, -0.5464568789557419, 0.12728836237710434, 0.7351313649410266, 0.22077204620101998, 0.5792332668472582, -0.21165889954188494, 0.30393552653168504, -0.17666165925827193, -0.3542396808186329, 0.030764719652942474], [0.2491004185774755, -0.5150247877121743, 0.5036700022032262, 0.006561427274763262, -0.5248633144050335, -0.04429830104550814, -0.6503009736258184, 0.05797243629893514, 0.7054688519644776, 0.5140046393999945, 0.2742464052595183, 0.06626137154287393, -0.3934005724747339, 0.6607724453083756, 0.0679518592557216]], "inverted": true, "swapped": true, "error_lsq": 0.03747554497382285, "error_max": 0.23263396809710207, "target": "22.xyz", "model": "10.xyz", "model_rescale": 4.2482417240324, "target_rescale": 4.204369325754507},
{"mapping": [0, 7, 10, 12, 1, 11, 8, 14, 13, 2, 4, 16], "R": [[-0.5853689448070235, -0.6757278326327005, -0.4480347025187057], [0.6188215240823822, -0.015332393778795583, -0.7853819701478825], [0.5238350119912466, -0.7369917325903493, 0.427130034422312]], "T": [0.06611613569664028, 0.11773999301115882, 0.017258861053972868], "aligned_model": [[-0.626606544309393, -0.002398560096783145, 0.4239869214012244, 0.6161150065374479, -0.5390294312370741, 0.07520709232689936, -0.26788541407937844, 0.5697414119643854, 0.10855184794763079, -0.21764470242158301, -0.3030681162314582, 0.03979609056108904], [-0.2140588836354051, -0.5878466176223233, -0.4113976713400161, -0.3322663267257682, 0.6267524642633241, 0.7583374729806892, 0.3301255572612533, 0.2349405646228463, -0.3641789554974961, 0.5390385876812663, -0.00036668519644174336, 0.08705188325871076], [-0.08336018406478851, 0.07426289042491355, 0.5102875033447666, -0.18265377062483878, 0.08584113424665918, 0.4361207158732928, 0.586554351028608, -0.36280454558391273, -0.4329447633453666, -0.49581141702953535, -0.5624358746119769, -0.007863749803464555]], "inverted": true, "swapped": true, "error_lsq": 0.041966207718163256, "error_max": 0.2099733510635426, "target": "22.xyz", "model": "11.xyz", "model_rescale": 3.6694154284099745, "target_rescale": 4.204369325754507},
{"mapping": [2, 1, 8, 11, 15, 4, 14, 7, 5, 10, 6, 9, 0, 16], "R": [[0.015056131327224914, -0.6698424757211322, -0.7423505712459861], [0.772909466414473, -0.46321095521791616, 0.43364336463619535], [-0.6343376621613697, -0.5802987753613567, 0.5107534255173997]], "T": [0.04645583319793657, -0.047214399736529036, 0.00734875447651874], "aligned_model": [[-0.014628159689058659, -0.10399841809457304, 0.020139261746024248, 0.5168181289192016, 0.5529437113199419, -0.41829717262606075, 0.43799360074923044, -0.42142214584723225, 0.4397091061577324, 0.09639727996387427, -0.4192970712475938, 0.6189084871896903, -0.7098946262873709, 0.0028928680020039177], [-0.36942113278461136, 0.29233279562995274, 0.6252945231579059, 0.43268494217947356, -0.1957065859608238, -0.48108948917741917, -0.5523334144244281, -0.07343414095932639, 0.4381510623152501, 0.2159747507327356, 0.4842935540572702, -0.06166843737957797, 0.04218522680902183, -0.06627636605916963], [-0.6358505897121365, -0.6941279747546126, -0.15938817830820146, -0.3591876866188466, -0.4955698451397327, -0.27909362403612065, 0.06544818243186602, 0.5423243706537906, 0.3352226410576844, 0.7685141321607173, 0.24428261783473515, 0.4311843963191195, -0.13414713729831262, 0.0094841550624656]], "inverted": true, "swapped": true, "error_lsq": 0.0441423691317886, "error_max": 0.30314841536173187, "target": "22.xyz", "model": "12.xyz", "model_rescale": 3.9764082729961374, "target_rescale": 4.204369325754507},
{"mapping": [3, 15, 2, 0, 13, 12, 10, 4, 1, 14, 11, 8, 9, 5, 6, 16], "R": [[0.6502499257172141, 0.735817783763344, -0.18906936082390147], [0.23227863276158078, -0.42950377116575966, -0.872681584151288], [-0.7233406326670503, 0.5235443626398739, -0.45019954407000456]], "T": [-0.058225772080245916, 0.03559244592413387, 0.03209570830569603], "aligned_model": [[-0.07141506404495562, -0.3435428036368615, -0.6555235953031889, -0.4570303523570177, 0.10832554924484568, 0.5643621677876051, 0.6503810783562711, -0.45103040205062334, -0.7934833342295309, 0.17063838017380084, -0.2783836775944817, -0.27695500088207486, 0.5358542882075015, 0.344748166697466, -0.038467859244969135, -0.06963722731439273], [0.04710377785663679, -0.6129263788927802, -0.12818175436335727, 0.6971757534176253, 0.4446740273647479, 0.1248691026760015, 0.25039271966686477, 0.37354502314495985, -0.06432971178977945, -0.3120735899852271, -0.5321418695796393, 0.002943093071232125, -0.35623222074231353, -0.22097674436713233, 0.5543882557474382, 0.07723463411796574], [-0.8362201069994768, -0.13973136539336717, -0.338939534045458, 0.08990429050172247, -0.45947614109086016, -0.35440583337868015, 0.35283326945097926, -0.4345784436369583, 0.3138939711926871, -0.45634273534423925, 0.4958858266755191, 0.6892513689266155, 0.06510970719635278, 0.5512424209095889, 0.5669084429535768, 0.012061804934696687]], "inverted": false, "swapped": true, "error_lsq": 0.04174573651366891, "error_max": 0.3448729790640753, "target": "22.xyz", "model": "13.xyz", "model_rescale": 4.170626492500431, "target_rescale": 4.204369325754507},
{"mapping": [4, 2, 0, 1, 7, 5, 8, 3, 12, 15, 14, 11, 9, 16], "R": [[0.9937358823899499, -0.09080787377515945, 0.06513774720622814], [0.11175408450849181, 0.8082267848465868, -0.5781699480708232], [-0.00014368833163368872, 0.5818276328234885, 0.8133121080106206]], "T": [-0.01540598221244868, 0.10567439363227797, 0.030774438434199455], "aligned_model": [[0.20515613531094645, -0.09375642952557339, -0.14663733506914065, -0.6778305093765291, 0.31065193579959766, -0.25461969605949003, -0.6692718845906377, 0.6704652891680205, 0.6641726569515867, -0.1785967336265083, 0.42896242467326934, -0.6301887497856052, 0.21174316901405582, 0.002932749207651431], [-0.418656287020255, -0.6118588709041061, -0.04791668985947224, -0.31390536737276226, 0.48666434995087365, 0.6844474197691996, 0.325803152769944, -0.4257041571637749, 0.37269861802229964, -0.33839647182149096, -0.07465618686480778, 0.11004796816959884, 0.5151318120784665, 0.09237517817195269], [-0.37261355780243455, 0.04693151313371567, -0.7170674628246876, -0.09229038689146879, -0.4735360564947064, 0.35562461508796683, -0.038252579230923386, 0.0694559345699897, 0.13958823726022243, 0.5854607128292206, 0.45720167331313716, 0.48675256378595827, 0.5677059956544657, -0.011088101269588993]], "inverted": false, "swapped": true, "error_lsq": 0.03709489380600497, "error_max": 0.20359918603035115, "target": "22.xyz", "model": "14.xyz", "model_rescale": 3.9786697098870705, "target_rescale": 4.204369325754507},
{"mapping": [1, 15, 6, 0, 5, 10, 3, 12, 7, 4, 9, 16], "R": [[-0.003960452018142151, -0.10926395118574025, -0.9940048811706573], [0.2141686664945288, 0.970855251250589, -0.10757259600433186], [0.976788665531991, -0.2133107359943143, 0.019555889082233983]], "T": [-0.045672497923859044, -0.030328297337763398, -0.10114124843932687], "aligned_model": [[-0.10332954943784453, -0.7355710992361456, 0.6405674816914068, 0.5395254487248656, -0.03363279583813215, 0.35101714787190735, -0.37792946284498835, -0.05073095267646637, 0.5600735481750533, 0.03832574165529005, -0.32825253265104665, -0.01670837866656258], [-0.5323836209717009, -0.17144709031373365, 0.06000696287086391, -0.5364980257135591, 0.6005891465397998, 0.6591293165599059, -0.39388975094937906, 0.3340971710878876, 0.0990691996198109, -0.6535218254584929, 0.6092576222219657, -0.05973461526892933], [-0.713198841879336, -0.2899067751398596, -0.37768845904187154, -0.1387573021048052, -0.4166206907693409, 0.0345824885115045, 0.6141958762813786, 0.5408384989299697, 0.24832148695041784, 0.20029914056619502, 0.035335808376226796, -0.07743473680664917]], "inverted": false, "swapped": true, "error_lsq": 0.048423764347997555, "error_max": 0.2324389775984882, "target": "22.xyz", "model": "15.xyz", "model_rescale": 3.769337070930944, "target_rescale": 4.204369325754507},
{"mapping": [4, 15, 7, 12, 0, 1, 6, 11, 10, 9, 16], "R": [[0.8124831614767898, -0.023698954956329232, 0.5825027655304809], [-0.5813799826598951, -0.10702098044593975, 0.8065629705774806], [0.04322531757038456, -0.9939742799883544, -0.1007308425586311]], "T": [-0.07088127408609678, -0.015412757243245485, -0.031058607990147112], "aligned_model": [[-0.2113285261555553, -0.3053936361899863, -0.01428770463036537, -0.6260554167418532, 0.34350837168355386, 0.4358595133457427, 0.5429328954311267, 0.24161771089116407, -0.011796249283667945, -0.40173204920981165, -0.07069877844917716], [0.013885034654725396, -0.7032558180599688, 0.6875007742836985, 0.43525126350663657, 0.26612228418455497, -0.5430205359005559, 0.4072599728672643, -0.6003815543505914, 0.5862112952893268, 0.0358093860385735, 0.01068239511167788], [-0.7134869153190562, 0.027104039825344997, -0.12328616949977805, 0.1523892531641341, -0.62190430705753, -0.33902319608315656, -0.01905623021830225, 0.3511048662684662, 0.5034438414647808, 0.5977988227524436, -0.07086639807356959]], "inverted": true, "swapped": true, "error_lsq": 0.03767364944714788, "error_max": 0.18120301598604205, "target": "22.xyz", "model": "16.xyz", "model_rescale": 3.7852294659196426, "target_rescale": 4.204369325754507},
{"mapping": [15, 12, 13, 14, 5, 10, 6, 7, 2, 1, 8, 0, 16], "R": [[-0.16847869779763525, -0.9607759199908597, 0.22028290890155416], [-0.806456657170765, 0.005855022824147071, -0.591264220812222], [0.5667826642491531, -0.2772640443213762, -0.7758105833469827]], "T": [0.007223717181775731, 0.020618146548855118, -0.06351777858739048], "aligned_model": [[0.217034112340034, -0.32522894535914787, 0.17456529605296056, -0.01760175354626193, -0.6344567163224386, -0.7159869315430958, -0.17255854733576084, -0.17423623577936964, 0.6683225563617408, 0.48472514213777074, -0.12663105335406763, 0.44163069403125665, 0.034188232532662594], [-0.2208988882214759, -0.5339965599553909, -0.3330754128062417, -0.6026579443401298, 0.21502623040655816, 0.07480978163207662, 0.6377339239969451, 0.0850284211121226, -0.10526249284050422, 0.5284943698799294, 0.6595645205462475, 0.4485115203161212, 0.021778153976615918], [-0.7186178762010724, 0.2926384519249296, 0.4690492388666194, -0.21429309644923678, -0.28301896796181636, 0.29026892759713263, 0.31385548906806315, 0.6211133556823395, -0.32496800106784945, -0.44306028240744794, -0.29716805061901935, 0.4142658935172929, -0.024310384806761398]], "inverted": false, "swapped": true, "error_lsq": 0.04125883459308198, "error_max": 0.24668258048481004, "target": "22.xyz", "model": "17.xyz", "model_rescale": 3.901054581598922, "target_rescale": 4.204369325754507},
{"mapping": [13, 4, 12, 7, 15, 9, 1, 0, 14, 5, 11, 8, 6, 10, 16], "R": [[0.5965530756680735, 0.44849532924049695, 0.6655646982528598], [-0.3205558992213142, -0.627118442893488, 0.7099058909864477], [0.7357773735209425, -0.6368472330412573, -0.23034161235503633]], "T": [0.0171581765079511, -0.04659091296259632, -0.02624801760628264], "aligned_model": [[-0.0657191641797634, 0.23266382163932328, -0.4866202820496462, 0.21065918922207133, -0.3109337527388156, -0.5669650119881127, 0.5289190075826382, 0.7020083627893114, -0.5815096667417805, -0.1266547607404878, 0.017258751864168646, 0.4521081362980475, 0.6002875122090474, -0.10682518401930763, 0.04040925194234017], [0.05652304841617685, -0.41310422190981566, 0.33114154376930677, 0.4939484130139925, -0.6228864271466925, 0.2784684139754058, -0.5630043589148745, -0.06229303247382628, -0.21340506008167903, 0.38448881389445067, -0.27173777208594874, 0.037074574048218484, 0.4121032136146908, 0.7478597741822814, -0.046419572474580735], [-0.673726838416313, -0.5789843898026762, -0.4115984579313163, -0.44597505171394963, 0.2766483082027246, 0.2200935058815848, 0.29221137679664355, -0.38792890453910833, -0.18622439000768262, 0.5133973864517878, 0.7053269354709358, 0.5072129808012015, 0.04533413547440338, 0.041661048226905396, -0.06778124004316444]], "inverted": true, "swapped": true, "error_lsq": 0.033928579607651714, "error_max": 0.21600790058781758, "target": "22.xyz", "model": "18.xyz", "model_rescale": 3.9405287249114394, "target_rescale": 4.204369325754507},
{"mapping": [11, 5, 6, 10, 15, 0, 8, 2, 1, 4, 7, 13, 9, 3, 12, 16], "R": [[-0.29877495807716986, 0.19875071076899778, 0.9333979212505265], [-0.1490934036499694, 0.9563416130499678, -0.25136005278694074], [-0.9426052627765523, -0.21426356227274043, -0.2560985054000565]], "T": [0.03983511340855256, -0.00371638375084462, -0.06080798138697823], "aligned_model": [[-0.5135107309848854, -0.06645331182860076, 0.6006564188683023, 0.43922389551588864, -0.670035872125704, 0.5973700275349547, 0.02482500713998259, -0.2901348512512233, -0.1939027595951776, 0.2325429880337027, 0.7210135219100646, 0.42458063227565074, -0.2032889147223521, -0.0388380033874276, 0.2274835097959746, 0.07563354079223611], [-0.3227114992142922, -0.7000268459740646, -0.2853534617156663, -0.6502604741065224, 0.16038231703538194, 0.36502440458270907, -0.34225388862448913, 0.617834390454794, 0.2513829832283058, 0.6664662180470102, -0.08773290568887637, 0.33454214096188806, -0.504793643261872, 0.634173805748216, -0.11194178864800998, 0.027620376153124418], [-0.48264150668033695, -0.1006020111811548, -0.4629573916926853, 0.21049397062941427, -0.08653380870252672, -0.4522980179504768, -0.6657286973190801, -0.2222027981564469, -0.775153346708661, -0.05747014186497366, 0.12556097483217693, 0.35666300227427145, 0.3834440850222174, 0.5233028558082725, 0.6449149437771111, -0.05934835541224346]], "inverted": true, "swapped": true, "error_lsq": 0.040357152112421114, "error_max": 0.2538972497090458, "target": "22.xyz", "model": "19.xyz", "model_rescale": 4.410303926677745, "target_rescale": 4.204369325754507},
{"mapping": [10, 6, 7, 9, 13, 11, 12, 0, 1, 2, 15, 3, 4, 16], "R": [[-0.16410014485851607, -0.7786031767168746, -0.6056799779287781], [0.9367850230855479, -0.31536294725451625, 0.15159166211093156], [-0.3090387726160323, -0.5425157183947175, 0.7811349002026731]], "T": [-0.05173000502623849, -0.0953215570037623, 0.06143475275161503], "aligned_model": [[-0.280197609625017, 0.35634563754531606, 0.2688406161029654, -0.7111829128004603, 0.19957857439078186, -0.4031604258797661, -0.32363091929562277, 0.718409777137521, 0.27676159062680433, 0.15674390236291907, -0.4226423286997452, -0.02066599624391678, 0.4565946434314935, -0.010606659592400002], [-0.09318291208928355, -0.46110837277995964, 0.16057844199192498, -0.004895568054259863, 0.5008227200125995, -0.7198590404191011, 0.49340740547818274, -0.14089332777067523, -0.6302771079093669, -0.0015926767511605933, -0.18136940886433905, 0.693631647602425, 0.26754145919603445, -0.07185479346181843], [-0.7124731158359596, -0.4437764940506428, -0.5195522138769637, -0.19251920865309802, -0.07342059538214127, 0.3304005895532343, -0.2913223982580993, -0.00847467305921007, 0.5471447602732208, 0.7462758703239634, 0.683147574906244, 0.42318976874237757, 0.3716422141584421, 0.056552959883654094]], "inverted": false, "swapped": true, "error_lsq": 0.03213954999671999, "error_max": 0.19379673105749692, "target": "22.xyz", "model": "20.xyz", "model_rescale": 4.121658175737393, "target_rescale": 4.204369325754507},
{"mapping": [10, 6, 0, 7, 4, 5, 1, 12, 11, 15, 2, 3, 16], "R": [[0.8483996588773793, -0.4582276791833352, -0.2650385120072194], [-0.4761741917603223, -0.879342100522274, -0.003950867054068205], [-0.23124912522677865, 0.1295564135013375, -0.9642297328969484]], "T": [0.03652927816626948, -0.09312636341528804, -0.003587288572033595], "aligned_model": [[0.12281455435660361, -0.026600939920333563, 0.3021566049611768, 0.5159904372150036, 0.4865289965071243, -0.3984298201093292, -0.4274102312364006, 0.5408798613812881, -0.7172016768758129, -0.31823652068178876, 0.048529280488814094, 0.6778090503317612, 0.07425330824618817], [-0.7490051971357349, -0.03272100543575239, 0.46047365171133736, -0.25203426369219095, 0.427063287762115, -0.6070112051379981, 0.5505203137620696, -0.6199967600640437, -0.08920449805467277, 0.023790275837088995, 0.47589558046544334, 0.021722383349362717, -0.0686656592038408], [0.4584876142361594, 0.7366355811388873, 0.46869286630520235, 0.49707373867361093, -0.11845750302661735, 0.20727286940730355, 0.018263748927262208, -0.11763806840250444, -0.13688131185098973, -0.6296693481519277, -0.4477987885354019, -0.5779119724159738, 0.012040313176778096]], "inverted": false, "swapped": true, "error_lsq": 0.04521230106376213, "error_max": 0.2829941262113144, "target": "22.xyz", "model": "21.xyz", "model_rescale": 4.08911054899281, "target_rescale": 4.204369325754507},
{"mapping": [0, 1, 2, 3, 4, 5, 6, 7, 8, 9, 10, 11, 12, 13, 14, 15, 16], "R": [[1.0, 0.0, 0.0], [0.0, 1.0, 0.0], [0.0, 0.0, 1.0]], "T": [0.0, 0.0, 0.0], "aligned_model": [[-0.14746627899744186, -0.7051470911081189, -0.15804924556211594, 0.6221856115198805, 0.160642357431049, -0.17308167851533982, -0.25349901909693306, 0.36666510017488735, -0.6251598031360643, 0.2714076503722043, 0.2786625553619131, -0.6105084499300913, 0.7051470911081189, 0.5588947872885325, 0.42137087937251555, -0.21187494032535698, 0.016743628959703636], [-0.5473346706017622, -0.350564754378587, -0.5634141333611075, -0.46925092615310027, -0.6785091601076363, 0.6785091601076363, 0.07171165914305185, -0.015104120280536353, 0.1971283052901802, 0.6227091383153323, 0.5970683366522556, 0.3246626293362178, 0.2174159140588745, -0.31051032838693515, 0.06200699315425289, -0.021359160683124278, -0.03677086574030825], [-0.5279752390928796, 0.09934945473065533, 0.4228933431486606, 0.3833633477741025, -0.010561179706073566, -0.08600643092531067, -0.6972516144199397, -0.6092000967446776, -0.22600369434230913, 0.2147529462906951, -0.4658239912471385, 0.3282782964725176, -0.021619580240774806, -0.167182291930042, 0.4800253126282664, 0.6972516144199397, -0.025163560049762123]], "inverted": false, "swapped": false, "error_lsq": 0.0, "error_max": 0.0, "target": "22.xyz", "model": "22.xyz", "model_rescale": 4.204369325754507, "target_rescale": 4.204369325754507},
{"mapping": [11, 5, 6, 10, 15, 0, 8, 2, 1, 4, 7, 13, 9, 3, 12, 16], "R": [[-0.29877495807716986, 0.19875071076899778, 0.9333979212505265], [-0.1490934036499694, 0.9563416130499678, -0.25136005278694074], [-0.9426052627765523, -0.21426356227274043, -0.2560985054000565]], "T": [0.03983511340855256, -0.00371638375084462, -0.06080798138697823], "aligned_model": [[-0.5135107309848854, -0.06645331182860076, 0.6006564188683023, 0.43922389551588864, -0.670035872125704, 0.5973700275349547, 0.02482500713998259, -0.2901348512512233, -0.1939027595951776, 0.2325429880337027, 0.7210135219100646, 0.42458063227565074, -0.2032889147223521, -0.0388380033874276, 0.2274835097959746, 0.07563354079223611], [-0.3227114992142922, -0.7000268459740646, -0.2853534617156663, -0.6502604741065224, 0.16038231703538194, 0.36502440458270907, -0.34225388862448913, 0.617834390454794, 0.2513829832283058, 0.6664662180470102, -0.08773290568887637, 0.33454214096188806, -0.504793643261872, 0.634173805748216, -0.11194178864800998, 0.027620376153124418], [-0.48264150668033695, -0.1006020111811548, -0.4629573916926853, 0.21049397062941427, -0.08653380870252672, -0.4522980179504768, -0.6657286973190801, -0.2222027981564469, -0.775153346708661, -0.05747014186497366, 0.12556097483217693, 0.35666300227427145, 0.3834440850222174, 0.5233028558082725, 0.6449149437771111, -0.05934835541224346]], "inverted": true, "swapped": true, "error_lsq": 0.040357152112421114, "error_max": 0.2538972497090458, "target": "22.xyz", "model": "23.xyz", "model_rescale": 4.410303926677745, "target_rescale": 4.204369325754507},
{"mapping": [11, 1, 1, 8, 10, 12, 13, 14, 7, 5, 6, 0, 15, 9, 4, 3, 16], "R": [[-0.23100273103021038, -0.36159207129970633, 0.9032656930437315], [-0.9019559384482871, 0.4277168374018432, -0.059445707169107354], [-0.36484684917709553, -0.8284379765414871, -0.42494387355201674]], "T": [0.0654901490019684, -0.0021700571158800603, -0.06486488251903288], "aligned_model": [[-0.06520557718749814, -0.5927453484862416, -0.5927453484862416, 0.7140685654866424, 0.20992901371194098, -0.25084221456632316, -0.16024856561488593, 0.32829975127821964, -0.5674789761239648, 0.3114108132839648, 0.28490426370473, -0.47171711985582176, 0.7300334271676474, 0.5300610078712638, 0.3418287984192133, -0.23747579791048687, 0.004856462225184245], [-0.513956491729555, -0.48956540829121803, -0.48956540829121803, -0.2920923479706052, -0.5648739050679218, 0.7367118224973216, 0.33989843011121446, -0.048055349000658186, -0.002890443029052262, 0.5208700756331244, 0.6004948256399486, 0.3645963933259757, 0.16666037896361355, -0.39277633538572654, 0.03999356842621805, -0.16809798989508087, -0.028957799571676525], [-0.41374130635990136, 0.1910787657113054, 0.1910787657113054, 0.3486538839115063, 0.22887946234036122, -0.07764136569156779, -0.6360196834254372, -0.6869385461270359, -0.2680408268720607, 0.18323606435731013, -0.47297096569092617, 0.3189013643068225, -0.2628363605979982, -0.21985080476363145, 0.5642166324776717, 0.7657556931767066, 0.03536586430149924]], "inverted": false, "swapped": false, "error_lsq": 0.04995316966249541, "error_max": 0.4981489078622272, "target": "22.xyz", "model": "24.xyz", "model_rescale": 4.28219845311461, "target_rescale": 4.204369325754507},
{"mapping": [5, 8, 9, 1, 11, 0, 10, 15, 6, 2, 7, 13, 3, 14, 12, 16], "R": [[-0.03774091181888545, -0.003638436938994738, -0.9992809341480104], [-0.6368200753097097, -0.7705445412235645, 0.02685706002343602], [-0.7700881866757956, 0.637375769673752, 0.026764023897341838]], "T": [-0.050413765060408545, -0.014951612600503202, -0.00853696624276115], "aligned_model": [[-0.1404218992729195, -0.2991318099588734, 0.17669361985075913, 0.020975848933240414, 0.2557685966289584, -0.585566309703572, -0.5032134237620848, 0.6382624121346908, -0.7564703754305028, 0.3641606204915862, -0.6453924869948847, -0.19751241527891747, 0.35444843161738343, 0.445394907493269, -0.04461385112160565, -0.07506109950551644], [0.3999579092215144, -0.2550999911677447, 0.6319437222793253, -0.7367974283651949, -0.16238522280063974, -0.516426979464677, 0.6350847073291765, -0.18506214118414965, -0.10240172107807215, -0.5610939018720745, 0.22327101023871423, 0.10619179424791568, 0.009393923330877067, 0.2882729039934913, 0.6022094951807972, -0.03194670417502621], [-0.5719885421791278, -0.6095611824549562, -0.20217651022085448, -0.33077992201198186, -0.6944004528289209, 0.24088959322848616, -0.16203179047752664, -0.17674680223076147, -0.2307995812533002, 0.2175393661908797, 0.2997591421048061, 0.6242475374465196, 0.7594296475341169, 0.2635866062458459, 0.39649146988801937, 0.02846744159650256]], "inverted": true, "swapped": true, "error_lsq": 0.038430573540551884, "error_max": 0.20916579848827196, "target": "22.xyz", "model": "25.xyz", "model_rescale": 4.100010024507729, "target_rescale": 4.204369325754507},
{"mapping": [0, 7, 10, 12, 1, 11, 8, 14, 13, 2, 4, 16], "R": [[-0.5853689448070235, -0.6757278326327005, -0.4480347025187057], [0.6188215240823822, -0.015332393778795583, -0.7853819701478825], [0.5238350119912466, -0.7369917325903493, 0.427130034422312]], "T": [0.06611613569664028, 0.11773999301115882, 0.017258861053972868], "aligned_model": [[-0.626606544309393, -0.002398560096783145, 0.4239869214012244, 0.6161150065374479, -0.5390294312370741, 0.07520709232689936, -0.26788541407937844, 0.5697414119643854, 0.10855184794763079, -0.21764470242158301, -0.3030681162314582, 0.03979609056108904], [-0.2140588836354051, -0.5878466176223233, -0.4113976713400161, -0.3322663267257682, 0.6267524642633241, 0.7583374729806892, 0.3301255572612533, 0.2349405646228463, -0.3641789554974961, 0.5390385876812663, -0.00036668519644174336, 0.08705188325871076], [-0.08336018406478851, 0.07426289042491355, 0.5102875033447666, -0.18265377062483878, 0.08584113424665918, 0.4361207158732928, 0.586554351028608, -0.36280454558391273, -0.4329447633453666, -0.49581141702953535, -0.5624358746119769, -0.007863749803464555]], "inverted": true, "swapped": true, "error_lsq": 0.041966207718163256, "error_max": 0.2099733510635426, "target": "22.xyz", "model": "26.xyz", "model_rescale": 3.6694154284099745, "target_rescale": 4.204369325754507},
