[{"mapping": [10, 1, 0, 5, 6, 3, 9, 8, 4, 2, 11], "R": [[-0.016336447362199313, -0.09951081136062406, -0.9949023665214252], [0.49852562661287153, 0.8617223365225561, -0.09437592038412232], [0.8667210163009929, -0.4975260929443366, 0.035531207996878235]], "T": [-0.07908093763424325, -0.0057038349825700475, 0.007922347370856536], "aligned_model": [[-0.4402742938131402, 0.01457834572242002, 0.42687709640322163, -0.013115718396870507, -0.604975556687033, -0.10403836131764052, -0.5743187119486979, -0.09134348634338962, 0.5630091676341878, 0.5276735330546352, -0.03968391646928302], [-0.1720956627617577, -0.4808976875599011, -0.3537475326653407, -0.7927603644226985, -0.05688696167559498, 0.5188552284499961, 0.34369778970116477, 0.4398391107937893, 0.35693652838581696, -0.003001267023755066, -0.06149611547398423], [-0.5430898712462902, 0.5249323092021396, -0.06733352481031601, -0.24678717708108497, 0.5038755958209534, -0.4373275046906141, -0.0369605668437618, 0.46007785608361107, -0.3215632066614189, 0.5376316582309828, -0.005014114626049037]], "inverted": false, "swapped": false, "error_lsq": 0.058008050447170105, "error_max": 0.3492598125147281, "target": "220.xyz", "model": "0.xyz", "model_rescale": 3.751011558992144, "target_rescale": 3.742419419306716},
{"mapping": [8, 9, 13, 5, 10, 1, 4, 6, 3, 12, 14], "R": [[-0.4475380270753193, -0.7984849165738879, 0.40265562497688], [-0.6221540966942418, 0.6014438560840942, 0.50118815623004], [-0.64236593487521, -0.02621308800363714, -0.7659496587434522]], "T": [-0.00402050820518313, 0.03606342298682354, -0.01399679013110533], "aligned_model": [[-0.402114961815552, 0.05609495300682216, 0.48316799274069094, -0.08757224055368182, -0.6008500558244705, -0.19436639890755308, -0.7766133035998533, -0.17893019195322163, 0.7220565826802473, 0.6163597105676624, 0.027156011497319058], [-0.11189289071586157, -0.48778780149582257, -0.5005350413000026, -0.5636800110596979, -0.2398778981018359, 0.6622901742751426, 0.1884910516638022, 0.6150119833114277, 0.07645803241102687, 0.07884379475348034, 0.021121672006075724], [-0.5239457948169142, 0.3811685515495561, -0.061024983501787394, -0.1670097579974622, 0.47600793079846165, -0.253358539998195, -0.08775423334852148, 0.43091995747384815, -0.24763373740955086, 0.3925414344235776, 0.028530626205139492]], "inverted": true, "swapped": false, "error_lsq": 0.046926742688877095, "error_max": 0.2729689065095843, "target": "220.xyz", "model": "1.xyz", "model_rescale": 3.9405287249114394, "target_rescale": 3.742419419306716},
{"mapping": [10, 0, 6, 11, 5, 8, 9, 2, 7, 1, 12], "R": [[0.8123544801283783, 0.5830664173767408, 0.010665436831406278], [0.33301796065386013, -0.4488068751529376, -0.8292595653336776], [-0.47872668245805616, 0.6772045051112019, -0.5587618649834613]], "T": [0.07722220658783888, 0.03913022254090011, -0.011437964142603306], "aligned_model": [[-0.37352652435378975, 0.21739089991512867, 0.305728405946432, -0.3551295908476563, -0.4379106920549153, -0.3153437306297303, -0.6872689604905171, -0.14754603781885361, 0.8085622758487994, 0.5911441567993267, 0.05828789552418533], [0.04219556870805442, -0.5072344138187554, -0.44952340794901563, -0.5144720529947518, -0.2002573918755453, 0.5990505916248673, 0.1501293557068329, 0.2568200906863768, -0.027652859705835253, 0.2903625825282799, 0.09902500283722743], [-0.7243918928923909, 0.6088590694005052, -0.0774549290314828, -0.13064674239834775, 0.44178157115642397, -0.37622685560056407, -0.24298397465810317, 0.5937562072889705, -0.3107564837419433, 0.5362780779305301, 0.0502274059245539]], "inverted": false, "swapped": false, "error_lsq": 0.05160082504148973, "error_max": 0.23456382371816947, "target": "220.xyz", "model": "2.xyz", "model_rescale": 3.932901565614263, "target_rescale": 3.742419419306716},
{"mapping": [1, 7, 3, 0, 4, 10, 6, 5, 11, 9, 13], "R": [[0.15732014490122115, -0.737702271557082, -0.6565407303037494], [-0.6487960104538386, 0.42400722500520516, -0.6318873396125041], [0.744522738959289, 0.5253696143506085, -0.41191341261198544]], "T": [0.040696141169872704, -0.06520535652652677, 0.00293577208207085], "aligned_model": [[-0.28080813383663006, 0.15575275014473305, 0.3060995430472167, -0.29071790807988135, -0.6432831772423806, 0.00496429666864566, -0.47833522545006163, -0.22034278186486528, 0.6945747957279109, 0.4047324723775246, 0.011751466346197684], [-0.15523797859614064, -0.3613603251999967, -0.4693265422752514, -0.6289815760450329, -0.3824761026780118, 0.5322816509036348, 0.37862268604137983, 0.30082502337719846, 0.22184050788471038, 0.25887645081087934, 0.043379271524365895], [-0.6583491506463751, 0.6423079317890481, -0.16117571314122733, -0.14291151588829185, 0.4442270252908389, -0.39060958939729223, 0.020694425655537824, 0.5638993424706173, -0.5334932308672515, 0.552700695574502, 0.031151232538045786]], "inverted": true, "swapped": false, "error_lsq": 0.04842945697346286, "error_max": 0.30358949734399654, "target": "220.xyz", "model": "3.xyz", "model_rescale": 3.9243930471874484, "target_rescale": 3.742419419306716},
{"mapping": [5, 10, 11, 6, 3, 1, 0, 4, 9, 8, 12], "R": [[0.3148393708025968, -0.8725361710308872, -0.37357301941572785], [-0.22156774132084567, -0.45027845264285116, 0.8649607222825433], [-0.9229213978441524, -0.18955195944204428, -0.3350912533520949]], "T": [0.014026517180587422, 0.02799771269492753, 0.10503837292709747], "aligned_model": [[-0.3487664433640377, 0.260245407958557, 0.45143415308039847, -0.3032493105640448, -0.560764532722656, -0.057376300097931515, -0.7278088310351633, -0.12927556217707978, 0.6407649591845463, 0.49698312654338694, -0.05779856896756577], [-0.0887109842217736, -0.42803110098344793, -0.5322985726539697, -0.5910303809446373, -0.19439619633424102, 0.5639077572758112, 0.2948411172409123, 0.2666410728593546, 0.13766462248267583, 0.27229333451930676, 0.03756239650774408], [-0.5494717092092702, 0.5830987231320401, -0.24263491346155167, -0.0890151845013486, 0.3754261843064699, -0.36171891066309003, -0.21401846675592198, 0.6293294467985461, -0.1996901718286094, 0.42661096433758383, 0.010525491223303554]], "inverted": true, "swapped": false, "error_lsq": 0.04610245728414044, "error_max": 0.2742469296387215, "target": "220.xyz", "model": "4.xyz", "model_rescale": 3.8936222436046832, "target_rescale": 3.742419419306716},
{"mapping": [4, 8, 3, 10, 7, 1, 5, 6, 0, 9, 11], "R": [[-0.5889556801713616, 0.5949892775822421, 0.5469176961445397], [0.5578341623635439, 0.7889637862930658, -0.25759889599583513], [-0.5847668373754213, 0.15337504190796955, -0.7965700486621853]], "T": [-0.0032631681252080387, -0.10047634015731713, 0.04254984891443506], "aligned_model": [[-0.5407967146923015, 0.26044228000916375, 0.4792011568559444, -0.20550038369762855, -0.5106500583792657, 0.10500161932647409, -0.6558474834867947, -0.32058320707007987, 0.7553852507272064, 0.42002892765373184, -0.12229328940804018], [-0.1402510027272085, -0.5572397676028921, -0.3945653901878424, -0.6713300099268684, -0.26440143784875636, 0.60388739720416, 0.36619988635624523, 0.47213248989348955, 0.15865879792427331, 0.16842529463393466, -0.0030731919707996658], [-0.5406313077078486, 0.5599369711964309, -0.06243509330973787, -0.1382638558571193, 0.41056429609446665, -0.3252262085570412, -0.07371651766668233, 0.4964614578644452, -0.33164243556132444, 0.4038691762122183, -0.03047502932965565]], "inverted": true, "swapped": false, "error_lsq": 0.048184978394580975, "error_max": 0.22060913246682634, "target": "220.xyz", "model": "5.xyz", "model_rescale": 3.6523030999806103, "target_rescale": 3.742419419306716},
{"mapping": [9, 1, 6, 8, 5, 11, 7, 3, 10, 2, 12], "R": [[-0.05565586227243491, -0.9746798719378433, -0.21656770819755497], [-0.9779499797859443, 0.009487738258066647, 0.20862363207320903], [-0.20128651726179533, 0.2234035139875288, -0.9537162093131484]], "T": [-0.01571166473572396, -0.04440286785938627, 0.05612214246098917], "aligned_model": [[-0.20619903140536414, 0.138261335948092, 0.44492297462868535, -0.19467522626467104, -0.5699883861807049, -0.1854238743446047, -0.5898496570178167, -0.21166262877093334, 0.5411541448917375, 0.5979388926637867, -0.10009044630979705], [-0.05785163781911146, -0.32150784512156994, -0.4943052478571802, -0.6439291638461634, -0.3743973906949847, 0.7120584365959629, 0.3237407702452827, 0.4258667289296978, 0.0634065677097101, 0.12114022653988613, -0.015778378933794864], [-0.6411558285853348, 0.6740865529494806, -0.03347718544971926, -0.19336406303290382, 0.27471871368170386, -0.36045085703893226, 0.01545412998767167, 0.5284466378849341, -0.47955559399743214, 0.4711403486991029, 0.11259859827958084]], "inverted": true, "swapped": false, "error_lsq": 0.04342528201147745, "error_max": 0.23760743708246107, "target": "220.xyz", "model": "6.xyz", "model_rescale": 4.08911054899281, "target_rescale": 3.742419419306716},
{"mapping": [3, 13, 7, 6, 1, 8, 9, 11, 5, 12, 14], "R": [[0.15588985362209437, 0.9877744025667989, 0.0002883946697766482], [-0.7734335158327408, 0.12188111120726255, 0.6220495087350272], [0.6144094319948936, -0.09719426096579187, 0.7829778576122226]], "T": [-0.0015754010098459718, -0.026621319383409697, -0.005162802080956215], "aligned_model": [[-0.44954491653261847, 0.17142831284879437, 0.4964479409002925, -0.0699481186791034, -0.5679243820809964, -0.1885882079651934, -0.7150922910060289, -0.09029376644215663, 0.7054192476517755, 0.51555950789002, -0.14307522874637565], [-0.07408975541540155, -0.31488786364469756, -0.618393349863846, -0.406255203872681, -0.26471397648820993, 0.5367737029166719, 0.2975805481140924, 0.3362742033457843, 0.057344691735078265, 0.14708532871518007, 0.04172474020576408], [-0.6559480946381426, 0.6451191650705219, -0.03783663551338185, -0.321937566984321, 0.39547016851412714, -0.340962194824833, 0.013387257463357914, 0.447569960346594, -0.27647351938495185, 0.4535303463469193, 0.04652256698226178]], "inverted": false, "swapped": false, "error_lsq": 0.045773598668527954, "error_max": 0.2468012505150926, "target": "220.xyz", "model": "7.xyz", "model_rescale": 3.964800864290218, "target_rescale": 3.742419419306716},
{"mapping": [2, 11, 6, 4, 12, 1, 7, 8, 3, 10, 13], "R": [[-0.9974476537471993, -0.038396752801644916, 0.06019856649868586], [0.03914405699197301, -0.9991698645945838, 0.01128381532330488], [0.05971533166965164, 0.013611431237406784, 0.9981226418147486]], "T": [0.035098290870249405, 0.022809755275237247, -0.026359667501783833], "aligned_model": [[-0.3543612365299215, 0.13643976256907026, 0.3709216867279053, -0.16368887795852427, -0.5563881462747149, -0.24791252441185013, -0.626766409326718, -0.1756402927654819, 0.6913739368542626, 0.5545814297090962, 0.03582876924528634], [-0.16095526324284679, -0.6300802699110524, -0.4337874531407228, -0.641693900435774, -0.20944410788014722, 0.6158191764586206, 0.28430892350513226, 0.5736095191086158, 0.10394464358690374, 0.16522433123255592, 0.07149746646644972], [-0.5295101641132606, 0.4742378211254001, -0.14984027018869586, -0.14473174220517293, 0.3821459934278117, -0.3888022091459798, -0.04652073418894972, 0.46686082166668225, -0.32415507057128484, 0.5941154488600798, 0.03464155871152172]], "inverted": false, "swapped": false, "error_lsq": 0.04470923679052579, "error_max": 0.2618714969014846, "target": "220.xyz", "model": "8.xyz", "model_rescale": 4.121658175737393, "target_rescale": 3.742419419306716},
{"mapping": [9, 2, 8, 6, 1, 5, 4, 0, 11, 3, 12], "R": [[-0.6602551091402468, -0.7183012674546188, -0.21933189468768408], [0.7429643810680457, -0.5819669392689969, -0.3306333468693858], [0.10985044068358094, -0.38125814190776824, 0.9179189015978805]], "T": [0.0781930659477875, 0.030191479839136257, -0.05785543981476272], "aligned_model": [[-0.4481704579654099, 0.19275480931969455, 0.4102954970697774, -0.22704987939643703, -0.4054120611099431, -0.1099486929208133, -0.7920075477810247, -0.28087457186405296, 0.7017317929199846, 0.6102298416877028, 0.01283936787893157], [-0.08532232717550411, -0.3097427817060836, -0.6111999591055818, -0.5609095739331603, -0.19274218170646834, 0.5829307935425654, 0.20159061977961956, 0.4534307469168479, 0.07056161239577033, 0.18672437687348345, 0.003121739866246344], [-0.6925111087547103, 0.5368434383094366, -0.1520803570001215, -0.25178413454774035, 0.379589847446258, -0.2598451324534417, -0.019110834869222486, 0.49960594665251956, -0.17011310287949877, 0.5034985597936231, -0.005651668318950587]], "inverted": true, "swapped": false, "error_lsq": 0.04507345531308703, "error_max": 0.28333350089364734, "target": "220.xyz", "model": "9.xyz", "model_rescale": 3.833441315466971, "target_rescale": 3.742419419306716},
{"mapping": [1, 2, 13, 5, 4, 12, 6, 7, 10, 8, 14], "R": [[0.4150269826875262, -0.08544946169674425, 0.9057874988853758], [0.8068986821382412, 0.4945129730127929, -0.3230656841659578], [-0.42031788018695737, 0.8649597152571822, 0.2741852851218625]], "T": [-0.029796499247154093, 0.06241419898757079, 0.0550388765852732], "aligned_model": [[-0.3485696843788013, 0.16821279024605468, 0.3733497473353115, -0.20418697121654983, -0.7411127577373985, -0.15954221502719484, -0.669257684922482, -0.0880427389619204, 0.6844952527692577, 0.6705221056622317, -0.02147974593009888], [-0.08428485639234905, -0.4940397662844573, -0.6116164692255422, -0.5812275776278445, -0.2217773544382196, 0.4861066694251252, 0.2301454110864411, 0.473208456267075, 0.29703505374987904, 0.19945867064945888, 0.04543482853816855], [-0.5949395665230264, 0.46467476458224277, -0.08222839405601598, -0.05787006083180583, 0.27679757756251755, -0.35321447250327953, -0.10047704075910344, 0.5763539737454135, -0.2773682398123737, 0.3686182553419537, 0.14809465663162893]], "inverted": false, "swapped": false, "error_lsq": 0.05061034930192055, "error_max": 0.2814082141674439, "target": "220.xyz", "model": "10.xyz", "model_rescale": 4.2482417240324, "target_rescale": 3.742419419306716},
{"mapping": [5, 0, 6, 4, 10, 7, 9, 8, 2, 1, 11], "R": [[-0.193805940287296, 0.641361220735919, -0.7423577587965853], [-0.8540860890642852, 0.2619965556083581, 0.4493270048820024], [0.48267609219458096, 0.7211196775747342, 0.497001207884126]], "T": [0.061286530409165554, 0.05439422057604815, 0.05506800821927765], "aligned_model": [[-0.15881053380939913, 0.11142895209232823, 0.350758554961617, -0.3572250324188101, -0.4306911754176188, -0.22147268972127931, -0.7507863733360797, -0.08959744614496919, 0.6967847953060089, 0.561001567361212, -0.047002521034600564], [-0.14626502214835313, -0.44892122153211833, -0.4513588871971733, -0.6563477579737114, -0.053281285012905855, 0.5435029865673218, 0.13731955666569937, 0.4665280479028514, 0.23917231310164494, 0.09944253386260027, 0.008651801511879442], [-0.634482077672363, 0.6189818129953812, -0.22936454814902846, -0.23739308652445856, 0.4567722339875283, -0.3182630582044372, -0.05882619609371709, 0.4842970414253112, -0.27622687284648983, 0.5524633088326363, 0.010482895627788619]], "inverted": true, "swapped": false, "error_lsq": 0.0505808773031307, "error_max": 0.23859476998905035, "target": "220.xyz", "model": "11.xyz", "model_rescale": 3.6694154284099745, "target_rescale": 3.742419419306716},
{"mapping": [7, 4, 0, 6, 11, 10, 9, 8, 12, 1, 13], "R": [[-0.40911745713352804, 0.1092324244077216, -0.9059200757940005], [-0.313118381562047, 0.9157203197239318, 0.2518197275287718], [0.8570763008020701, 0.38668407453981335, -0.34043448870631177]], "T": [0.008277262081239002, -0.03142528708955358, -0.012137778114828586], "aligned_model": [[-0.3904348660226936, 0.11072660983404539, 0.5142075791132346, -0.16681403033670342, -0.6083323097115574, -0.08507158559831066, -0.7102586378441955, -0.32908598269839884, 0.5058502589020207, 0.7196954132798549, 0.10390564892111379], [0.009064154877070782, -0.4150659635140944, -0.5352483621338054, -0.5621995772000126, -0.25167004005503335, 0.5110467738514323, 0.32209485498953483, 0.42631918091140886, 0.22704799183409244, 0.10317724725430927, -0.09612319506716759], [-0.6378809861975124, 0.6123641132256521, 0.018434885922136122, -0.098604683522754, 0.3289099218799865, -0.3292163851569658, -0.07058379211763283, 0.4871155587767339, -0.3960403402106479, 0.42631389082362425, 0.027629269955531804]], "inverted": false, "swapped": false, "error_lsq": 0.043241681081960914, "error_max": 0.2762971775573622, "target": "220.xyz", "model": "12.xyz", "model_rescale": 3.9764082729961374, "target_rescale": 3.742419419306716},
{"mapping": [13, 0, 1, 12, 5, 14, 6, 4, 8, 7, 15], "R": [[-0.9865615658242218, -0.1306965962735819, -0.09805445711929597], [-0.15617075456733517, 0.9307044328613153, 0.3307566387393708], [0.048030951024611995, 0.341625025978481, -0.9386082086626313]], "T": [0.030830915363475493, -0.07307904714162029, -0.03632752008942703], "aligned_model": [[-0.34948971442790255, 0.19135575282275732, 0.3853893153393719, -0.17882367045479006, -0.5883047891120414, -0.17180416907225288, -0.6157332376729857, -0.17665588258601952, 0.6821546947002759, 0.4513766110619928, 0.03492318724000393], [-0.026358149762752428, -0.26014833713497726, -0.5857130497363227, -0.5805675159746767, -0.31206528526559646, 0.5792457089043501, 0.3336592654146937, 0.27284623446461753, 0.0436475763876409, 0.24687096863813868, 0.027025649812620026], [-0.5134584481271112, 0.6465669013274664, -0.15805384695121363, -0.36146432759531283, 0.47590334901714454, -0.45132086314490266, -0.04965218917790446, 0.557935595038492, -0.2849337679562772, 0.5038641164202214, 0.0030549345275491524]], "inverted": false, "swapped": false, "error_lsq": 0.04477298966301349, "error_max": 0.18891371777721985, "target": "220.xyz", "model": "13.xyz", "model_rescale": 4.170626492500431, "target_rescale": 3.742419419306716},
{"mapping": [4, 3, 0, 2, 6, 12, 5, 11, 7, 9, 13], "R": [[0.4710887999525572, -0.8624609286151872, 0.18503104920928548], [0.2572981491758768, 0.3349991434636855, 0.9064067719899636], [-0.8437256692728556, -0.37938993198400306, 0.3797239451486377]], "T": [0.08388343420846169, -0.06071536518275941, -0.03585791719175644], "aligned_model": [[-0.31595673972909455, 0.0333330960111879, 0.44800527998759954, -0.14032958431189596, -0.652383120143575, -0.22273194451876765, -0.6905915974485439, -0.14480508203196157, 0.8064724920435041, 0.5303303203501281, 0.013044977629828355], [-0.1318212290717611, -0.3959246803865488, -0.47465259248089775, -0.6702491122084854, -0.18734615450493922, 0.5384511058373943, 0.39553720356311295, 0.3042411327734167, 0.06728764861658154, 0.31113946356461886, -0.018219719954757005], [-0.6173516162283016, 0.5646027249311318, -0.26373871895225093, -0.1413534185134361, 0.35062037607748886, -0.32342125059743587, 0.10285706833216057, 0.5246489679313997, -0.38069133326995436, 0.528691108717904, 0.023577544949445493]], "inverted": false, "swapped": false, "error_lsq": 0.03890602729109698, "error_max": 0.23725010346975398, "target": "220.xyz", "model": "14.xyz", "model_rescale": 3.9786697098870705, "target_rescale": 3.742419419306716},
{"mapping": [5, 9, 7, 8, 3, 4, 2, 0, 10, 6, 11], "R": [[-0.8469053154692299, 0.1389274027419482, 0.5132743548993473], [-0.5008227419404461, 0.11596027516493668, -0.8577469298918685], [-0.17868398860899087, -0.9834899040412408, -0.028629370648572294]], "T": [0.063450204994652, 0.01479993728329904, 0.057620015463047944], "aligned_model": [[-0.22259560231839493, -0.000294924086059703, 0.4876562233538953, -0.2785187466917833, -0.6536717558098705, -0.08506950443862536, -0.7659901799180303, -0.2654388943232787, 0.6371731187277979, 0.6921743900134775, 0.11896397332928216], [-0.22765751642372306, -0.2989598727783012, -0.3951151954619943, -0.35282956350982597, -0.2554075886670076, 0.44609526154319995, 0.19816921935104959, 0.4668161365012461, 0.343850781589283, -0.1753769520377414, -0.011141644358449568], [-0.6523460168163014, 0.5913855146832734, -0.2405323672624678, -0.0842740022088501, 0.5654322037318498, -0.3508416954384139, -0.12196776401231714, 0.47152689155131133, -0.447244866080475, 0.5002195418348039, 0.1370840133957389]], "inverted": false, "swapped": false, "error_lsq": 0.06284506666049691, "error_max": 0.37579911860721077, "target": "220.xyz", "model": "15.xyz", "model_rescale": 3.769337070930944, "target_rescale": 3.742419419306716},
{"mapping": [1, 2, 3, 0, 4, 7, 5, 6, 9, 8, 10], "R": [[-0.48378425792601365, 0.4629855647425131, 0.7426958722270058], [0.6762158851985713, -0.3409807876645956, 0.6530422490534169], [0.5555941579859252, 0.8181543065239518, -0.14811705616917498]], "T": [-0.04173135389643732, 0.01464070511088034, -0.010375322508111573], "aligned_model": [[-0.26400809740013603, 0.22050470859030039, 0.4539618196399601, -0.3425880983926438, -0.6111042655227182, -0.1559871792623462, -0.6665677118036198, -0.1782396794467261, 0.7171831002973797, 0.51861426809827, -0.02738076695931047], [-0.06792772871384956, -0.44504920965667627, -0.45973630466295456, -0.5534763842088284, -0.19294711149809873, 0.6307788067680438, 0.2449235433049335, 0.2742256053868639, 0.05245387735200263, 0.29174178239456167, -0.036543810718262626], [-0.7751654567498737, 0.5058061262266771, -0.10363929746170503, -0.07516966435906952, 0.4802918869518359, -0.35454962143160795, -0.09161731773807233, 0.6570736164404902, -0.29916365006490864, 0.4028092471774223, 0.021765584386963625]], "inverted": false, "swapped": false, "error_lsq": 0.04084132212123827, "error_max": 0.22260291079636624, "target": "220.xyz", "model": "16.xyz", "model_rescale": 3.7852294659196426, "target_rescale": 3.742419419306716},
{"mapping": [0, 6, 5, 4, 10, 8, 9, 11, 1, 7, 12], "R": [[-0.39661664707223493, -0.5456827708285218, 0.7381907266324099], [0.9124498240731526, -0.3225104724821286, 0.2518378718307224], [0.10065065232799758, 0.7734450909794834, 0.6258211704837793]], "T": [0.05816923025038802, 0.07430026876610907, -0.09596526803712019], "aligned_model": [[-0.3760627399497498, 0.0725121394751141, 0.39137440226783465, -0.0018775879560538195, -0.4823161229171268, -0.27826432319018707, -0.7750338402472142, -0.05455311291298247, 0.6764072214546581, 0.5096605871116197, -0.017458525297502955], [-0.058869216536972524, -0.317663756117076, -0.47876839995002707, -0.573941438908726, -0.36140560195669974, 0.6232009114436644, 0.28410391937569246, 0.532805852377485, -0.07906823311519579, 0.09065318283381554, 0.07739584630177489], [-0.6053331507888113, 0.6999943540884812, 0.027721318081858723, -0.3751851690894819, 0.3130470209080971, -0.19458808405848482, -0.0010081355188041319, 0.465281894612478, -0.35771714120990666, 0.44005258806239417, -0.0438240417096686]], "inverted": false, "swapped": false, "error_lsq": 0.053798761941904694, "error_max": 0.2491744454858919, "target": "220.xyz", "model": "17.xyz", "model_rescale": 3.901054581598922, "target_rescale": 3.742419419306716},
{"mapping": [8, 9, 13, 5, 10, 1, 4, 6, 3, 12, 14], "R": [[-0.4475380270753193, -0.7984849165738879, 0.40265562497688], [-0.6221540966942418, 0.6014438560840942, 0.50118815623004], [-0.64236593487521, -0.02621308800363714, -0.7659496587434522]], "T": [-0.00402050820518313, 0.03606342298682354, -0.01399679013110533], "aligned_model": [[-0.402114961815552, 0.05609495300682216, 0.48316799274069094, -0.08757224055368182, -0.6008500558244705, -0.19436639890755308, -0.7766133035998533, -0.17893019195322163, 0.7220565826802473, 0.6163597105676624, 0.027156011497319058], [-0.11189289071586157, -0.48778780149582257, -0.5005350413000026, -0.5636800110596979, -0.2398778981018359, 0.6622901742751426, 0.1884910516638022, 0.6150119833114277, 0.07645803241102687, 0.07884379475348034, 0.021121672006075724], [-0.5239457948169142, 0.3811685515495561, -0.061024983501787394, -0.1670097579974622, 0.47600793079846165, -0.253358539998195, -0.08775423334852148, 0.43091995747384815, -0.24763373740955086, 0.3925414344235776, 0.028530626205139492]], "inverted": true, "swapped": false, "error_lsq": 0.046926742688877095, "error_max": 0.2729689065095843, "target": "220.xyz", "model": "18.xyz", "model_rescale": 3.9405287249114394, "target_rescale": 3.742419419306716},
{"mapping": [12, 9, 11, 13, 7, 1, 4, 8, 10, 5, 15], "R": [[0.9948943362593028, -0.04353195497303262, -0.0910506923388691], [-0.09458678057819564, -0.7168143909950392, -0.6908186953190131], [-0.03519375823940672, 0.6959037992126763, -0.7172721252233]], "T": [-0.06556666961140831, 0.048665631013265306, -0.10369612130145647], "aligned_model": [[-0.3639677392107381, 0.0763426776374998, 0.4478350282273488, -0.1517783722735299, -0.4527717268864563, -0.02440036407860713, -0.7902678351683967, -0.15458827795125343, 0.6511305756981712, 0.4543010571172621, -0.02744692527289066], [0.0341833747213547, -0.3993804005886799, -0.44581292955474167, -0.6145942668485566, -0.22977400521853125, 0.6566843031654316, 0.1201233739571627, 0.3818255139500146, -0.013694763327440018, 0.1887294397136849, 0.060153425778036076], [-0.562919518053042, 0.5030380360406801, 0.0017688098116366846, -0.16681264516320374, 0.4141543991550497, -0.3569510394818052, -0.03761253612491916, 0.5696179222073031, -0.4204930226907506, 0.5298512873091102, -0.10520023963190697]], "inverted": false, "swapped": false, "error_lsq": 0.03911683349017844, "error_max": 0.19158374257081817, "target": "220.xyz", "model": "19.xyz", "model_rescale": 4.410303926677745, "target_rescale": 3.742419419306716},
{"mapping": [2, 11, 6, 4, 12, 1, 7, 8, 3, 10, 13], "R": [[-0.9974476537471993, -0.038396752801644916, 0.06019856649868586], [0.03914405699197301, -0.9991698645945838, 0.01128381532330488], [0.05971533166965164, 0.013611431237406784, 0.9981226418147486]], "T": [0.035098290870249405, 0.022809755275237247, -0.026359667501783833], "aligned_model": [[-0.3543612365299215, 0.13643976256907026, 0.3709216867279053, -0.16368887795852427, -0.5563881462747149, -0.24791252441185013, -0.626766409326718, -0.1756402927654819, 0.6913739368542626, 0.5545814297090962, 0.03582876924528634], [-0.16095526324284679, -0.6300802699110524, -0.4337874531407228, -0.641693900435774, -0.20944410788014722, 0.6158191764586206, 0.28430892350513226, 0.5736095191086158, 0.10394464358690374, 0.16522433123255592, 0.07149746646644972], [-0.5295101641132606, 0.4742378211254001, -0.14984027018869586, -0.14473174220517293, 0.3821459934278117, -0.3888022091459798, -0.04652073418894972, 0.46686082166668225, -0.32415507057128484, 0.5941154488600798, 0.03464155871152172]], "inverted": false, "swapped": false, "error_lsq": 0.04470923679052579, "error_max": 0.2618714969014846, "target": "220.xyz", "model": "20.xyz", "model_rescale": 4.121658175737393, "target_rescale": 3.742419419306716},
{"mapping": [9, 1, 6, 8, 5, 11, 7, 3, 10, 2, 12], "R": [[-0.05565586227243491, -0.9746798719378433, -0.21656770819755497], [-0.9779499797859443, 0.009487738258066647, 0.20862363207320903], [-0.20128651726179533, 0.2234035139875288, -0.9537162093131484]], "T": [-0.01571166473572396, -0.04440286785938627, 0.05612214246098917], "aligned_model": [[-0.20619903140536414, 0.138261335948092, 0.44492297462868535, -0.19467522626467104, -0.5699883861807049, -0.1854238743446047, -0.5898496570178167, -0.21166262877093334, 0.5411541448917375, 0.5979388926637867, -0.10009044630979705], [-0.05785163781911146, -0.32150784512156994, -0.4943052478571802, -0.6439291638461634, -0.3743973906949847, 0.7120584365959629, 0.3237407702452827, 0.4258667289296978, 0.0634065677097101, 0.12114022653988613, -0.015778378933794864], [-0.6411558285853348, 0.6740865529494806, -0.03347718544971926, -0.19336406303290382, 0.27471871368170386, -0.36045085703893226, 0.01545412998767167, 0.5284466378849341, -0.47955559399743214, 0.4711403486991029, 0.11259859827958084]], "inverted": true, "swapped": false, "error_lsq": 0.04342528201147745, "error_max": 0.23760743708246107, "target": "220.xyz", "model": "21.xyz", "model_rescale": 4.08911054899281, "target_rescale": 3.742419419306716},
{"mapping": [6, 2, 13, 0, 1, 5, 8, 11, 12, 14, 16], "R": [[0.9404589743244669, 0.02989077505754612, 0.338590400305488], [-0.13220804104619716, 0.9498557275534547, 0.28336395451190344], [-0.3131420628010528, -0.31125654756222587, 0.8972521441068532]], "T": [0.06613275614717452, -0.002403167309303702, 0.03289535575308544], "aligned_model": [[-0.40621185751263233, 0.0438406659917631, 0.5258626610283984, -0.2676808344222026, -0.5738690344730981, -0.1054832489003044, -0.5924347546060318, -0.38716909705318553, 0.7284732140515014, 0.6268001810159894, 0.07226020271821192], [-0.09834880316981981, -0.39683719767095693, -0.4186070015361462, -0.6524050628360734, -0.21401093719826608, 0.6405943118934686, 0.20345013488378902, 0.4797158531645584, 0.10475825860404586, 0.13680778262303583, -0.046674273009899736], [-0.5356546679539386, 0.6371955193989494, -0.1954744079219988, -0.2242921648268621, 0.4519636568586496, -0.2012653636227138, -0.03548058896870801, 0.41756626736571334, -0.274986200455449, 0.31235006774944957, 0.01651933575506026]], "inverted": false, "swapped": false, "error_lsq": 0.0416448310121112, "error_max": 0.22617514549697443, "target": "220.xyz", "model": "22.xyz", "model_rescale": 4.204369325754507, "target_rescale": 3.742419419306716},
{"mapping": [12, 9, 11, 13, 7, 1, 4, 8, 10, 5, 15], "R": [[0.9948943362593028, -0.04353195497303262, -0.0910506923388691], [-0.09458678057819564, -0.7168143909950392, -0.6908186953190131], [-0.03519375823940672, 0.6959037992126763, -0.7172721252233]], "T": [-0.06556666961140831, 0.048665631013265306, -0.10369612130145647], "aligned_model": [[-0.3639677392107381, 0.0763426776374998, 0.4478350282273488, -0.1517783722735299, -0.4527717268864563, -0.02440036407860713, -0.7902678351683967, -0.15458827795125343, 0.6511305756981712, 0.4543010571172621, -0.02744692527289066], [0.0341833747213547, -0.3993804005886799, -0.44581292955474167, -0.6145942668485566, -0.22977400521853125, 0.6566843031654316, 0.1201233739571627, 0.3818255139500146, -0.013694763327440018, 0.1887294397136849, 0.060153425778036076], [-0.562919518053042, 0.5030380360406801, 0.0017688098116366846, -0.16681264516320374, 0.4141543991550497, -0.3569510394818052, -0.03761253612491916, 0.5696179222073031, -0.4204930226907506, 0.5298512873091102, -0.10520023963190697]], "inverted": false, "swapped": false, "error_lsq": 0.03911683349017844, "error_max": 0.19158374257081817, "target": "220.xyz", "model": "23.xyz", "model_rescale": 4.410303926677745, "target_rescale": 3.742419419306716},
{"mapping": [14, 1, 10, 11, 7, 5, 13, 0, 8, 3, 16], "R": [[-0.018516971135404514, -0.997988209723514, 0.06063542720906864], [-0.9995312545795005, 0.016998582749260915, -0.02546211505838142], [0.024380174295938063, -0.06107848587982677, -0.9978351695866045]], "T": [-0.07256423168536352, 0.044547415817038444, -0.09896821053697286], "aligned_model": [[-0.445708414302834, 0.05944036638357306, 0.45818646826848186, -0.19749710263733625, -0.5021750041603854, 0.014694196267524565, -0.7702449821283499, -0.1399058388957863, 0.6537638357544996, 0.539813495568773, -0.00597892227975011], [-0.16902706529310416, -0.4394337784368232, -0.33238810319855805, -0.5737970224319038, -0.1572396865578013, 0.6599611678885365, 0.103972697258185, 0.40873864551286865, 0.06092734625857955, 0.13257482384102337, 0.04415404090673229], [-0.6217486137770989, 0.5972159168801938, -0.09627464810756559, -0.15153645240466787, 0.3664858110063787, -0.19516547630063077, -0.16139280677987164, 0.559222998183657, -0.48352757342163594, 0.5540981561009812, 0.0010641419984120798]], "inverted": false, "swapped": false, "error_lsq": 0.03514261268206567, "error_max": 0.1704460807771418, "target": "220.xyz", "model": "24.xyz", "model_rescale": 4.28219845311461, "target_rescale": 3.742419419306716},
{"mapping": [1, 14, 11, 8, 6, 4, 0, 2, 9, 13, 15], "R": [[0.5554036395232593, -0.39831716185608235, 0.7299796132600096], [0.8026608160891788, 0.02729193163577747, -0.5958110143179982], [0.21739919852513517, 0.9168416379280031, 0.33487161635785934]], "T": [0.1256480532470864, -0.012755496524157606, -0.04902529237329221], "aligned_model": [[-0.25978654738955376, 0.1361816508456668, 0.4186744549518686, -0.27864424716718844, -0.6271561435361914, -0.1419197511733501, -0.636298271670158, -0.15774234544504273, 0.6981180587528878, 0.45416722147112554, 0.05879401819834537], [-0.05493521291883082, -0.3414885905841019, -0.4647398910087575, -0.5424683198373474, -0.3426221920495748, 0.6491036882709174, 0.2701403266134793, 0.2615697168812, -0.04744974518250133, 0.3330250283170882, 0.01830825724616436], [-0.5584744448935509, 0.6379741407313035, 0.03049015452183417, -0.2436996809613316, 0.32066503675319064, -0.2071343135129412, 0.02141562778104985, 0.5106313734559826, -0.406723609094367, 0.30513207616067267, -0.041834907563690994]], "inverted": false, "swapped": false, "error_lsq": 0.04604249993783204, "error_max": 0.25616363717040064, "target": "220.xyz", "model": "25.xyz", "model_rescale": 4.100010024507729, "target_rescale": 3.742419419306716},
{"mapping": [5, 0, 6, 4, 10, 7, 9, 8, 2, 1, 11], "R": [[-0.193805940287296, 0.641361220735919, -0.7423577587965853], [-0.8540860890642852, 0.2619965556083581, 0.4493270048820024], [0.48267609219458096, 0.7211196775747342, 0.497001207884126]], "T": [0.061286530409165554, 0.05439422057604815, 0.05506800821927765], "aligned_model": [[-0.15881053380939913, 0.11142895209232823, 0.350758554961617, -0.3572250324188101, -0.4306911754176188, -0.22147268972127931, -0.7507863733360797, -0.08959744614496919, 0.6967847953060089, 0.561001567361212, -0.047002521034600564], [-0.14626502214835313, -0.44892122153211833, -0.4513588871971733, -0.6563477579737114, -0.053281285012905855, 0.5435029865673218, 0.13731955666569937, 0.4665280479028514, 0.23917231310164494, 0.09944253386260027, 0.008651801511879442], [-0.634482077672363, 0.6189818129953812, -0.22936454814902846, -0.23739308652445856, 0.4567722339875283, -0.3182630582044372, -0.05882619609371709, 0.4842970414253112, -0.27622687284648983, 0.5524633088326363, 0.010482895627788619]], "inverted": true, "swapped": false, "error_lsq": 0.0505808773031307, "error_max": 0.23859476998905035, "target": "220.xyz", "model": "26.xyz", "model_rescale": 3.6694154284099745, "target_rescale": 3.742419419306716},
{"mapping": [12, 4, 0, 2, 10, 3, 9, 8, 1, 5, 13], "R": [[0.33220985862376995, 0.2025315988623625, 0.9212044079874074], [-0.7250042434341669, -0.5699052263130651, 0.38675170332334063], [0.6033286474514749, -0.7963598335446792, -0.042491866057691674]], "T": [-0.07001328046335593, 0.01948636638200699, 0.030884488255749194], "aligned_model": [[-0.4707917979647674, 0.0008158333199849016, 0.4450094930471021, -0.09588523572840106, -0.5079635053113746, -0.15360932312967068, -0.6440689088011138, -0.19241917869856873, 0.7218875051968431, 0.6320024545962749, -0.07058923868789907], [-0.050082094311715813, -0.5135100574838042, -0.38719782878075265, -0.6152369295116229, -0.23107952408050894, 0.613452440379127, 0.3863926130041608, 0.23060076178664385, 0.11159023783246885, 0.2279632242907272, -0.03444977737698818], [-0.6504888474006486, 0.6525183184772465, 0.1102119822509296, -0.21116225471753244, 0.3584620439352143, -0.5104538762858024, 0.004361343009794707, 0.6214813901780456, -0.34866350110836947, 0.33036705396925353, 0.011807801070020753]], "inverted": true, "swapped": false, "error_lsq": 0.046351677740862456, "error_max": 0.23459912494443375, "target": "220.xyz", "model": "27.xyz", "model_rescale": 4.103607728864725, "target_rescale": 3.742419419306716},
{"mapping": [11, 1, 5, 7, 4, 10, 13, 2, 9, 0, 14], "R": [[0.9275503688011704, -0.23286856384381616, 0.29227135561004136], [0.18859555254363025, 0.9669006530680821, 0.17185704715628913], [-0.3226174683701668, -0.1042849896669445, 0.9407670328155583]], "T": [-0.07050612804412017, 0.1266282699931604, -0.09696821168904585], "aligned_model": [[-0.44262507647901583, 0.1358197981965139, 0.4460922014372065, -0.07017290681781643, -0.682356755093684, 0.08020817384283223, -0.7136367437646823, -0.21022877549958013, 0.7001782584090356, 0.4473415064876317, -0.02623158288003126], [-0.09067052377117146, -0.4113435448713672, -0.38710495695687724, -0.592694367872761, -0.10452300562044489, 0.5037342442651218, 0.2039965790349183, 0.2815971646978531, 0.19102558011094928, 0.0676241374303213, 0.07680175930119329], [-0.6321036673482285, 0.5892364011249309, -0.16288291328491575, -0.14850535538764453, 0.5305803402938074, -0.4049480157036526, -0.08054600621564478, 0.6085691223295902, -0.36533827145709696, 0.39092940127090986, 0.04345041775609715]], "inverted": true, "swapped": false, "error_lsq": 0.03815893575863552, "error_max": 0.21577877381041338, "target": "220.xyz", "model": "28.xyz", "model_rescale": 4.137296879288765, "target_rescale": 3.742419419306716},
{"mapping": [4, 0, 5, 6, 9, 3, 8, 7, 2, 1, 10], "R": [[-0.26135109182196165, 0.6476115627992669, 0.7157477701901417], [0.9516536513112666, 0.29687274044751766, 0.07887904617270369], [-0.16140301964152734, 0.7017591037584565, -0.6938899232174544]], "T": [-0.05317017608675771, -0.00819704281527183, 0.03734093887525283], "aligned_model": [[-0.30870535506507135, 0.10026103401226467, 0.4854306572358555, -0.15603991725357003, -0.7062656969106981, -0.11444290121142862, -0.6000554273872525, -0.08306099785973005, 0.595039840109116, 0.5693448096229577, -0.11711794745403346], [-0.24671855649005275, -0.41268802545310407, -0.3703871076986946, -0.6896484235632785, -0.27181796513453593, 0.5112928056195405, 0.4600620927407438, 0.4517762502056555, 0.26467813898315057, 0.08792666471371166, -0.04603280817540077], [-0.6536288307941815, 0.5881278769006683, -0.14133655460283126, -0.1656114077135323, 0.3761099844566379, -0.40111621466609415, 0.035396239897270254, 0.5864705530512604, -0.30541551420473434, 0.44988704697416315, -0.0004417259204749363]], "inverted": true, "swapped": false, "error_lsq": 0.049725530668711215, "error_max": 0.27519178165309116, "target": "220.xyz", "model": "29.xyz", "model_rescale": 3.607286011436655, "target_rescale": 3.742419419306716},
{"mapping": [3, 13, 7, 6, 1, 8, 9, 11, 5, 12, 14], "R": [[0.15588985362209437, 0.9877744025667989, 0.0002883946697766482], [-0.7734335158327408, 0.12188111120726255, 0.6220495087350272], [0.6144094319948936, -0.09719426096579187, 0.7829778576122226]], "T": [-0.0015754010098459718, -0.026621319383409697, -0.005162802080956215], "aligned_model": [[-0.44954491653261847, 0.17142831284879437, 0.4964479409002925, -0.0699481186791034, -0.5679243820809964, -0.1885882079651934, -0.7150922910060289, -0.09029376644215663, 0.7054192476517755, 0.51555950789002, -0.14307522874637565], [-0.07408975541540155, -0.31488786364469756, -0.618393349863846, -0.406255203872681, -0.26471397648820993, 0.5367737029166719, 0.2975805481140924, 0.3362742033457843, 0.057344691735078265, 0.14708532871518007, 0.04172474020576408], [-0.6559480946381426, 0.6451191650705219, -0.03783663551338185, -0.321937566984321, 0.39547016851412714, -0.340962194824833, 0.013387257463357914, 0.447569960346594, -0.27647351938495185, 0.4535303463469193, 0.04652256698226178]], "inverted": false, "swapped": false, "error_lsq": 0.045773598668527954, "error_max": 0.2468012505150926, "target": "220.xyz", "model": "30.xyz", "model_rescale": 3.964800864290218, "target_rescale": 3.742419419306716},
