[{"mapping": [0, 2, 8, 1, 4, 5, 3, 7, 9, 6, 10, 11], "R": [[0.7184595879456124, -0.5883580461385192, 0.3710129782542456], [-0.6019367478632334, -0.7931997948576149, -0.09222926330439843], [0.34855124739535115, -0.15706334703520763, -0.9240363266437327]], "T": [0.0872156709669888, 0.09421554433456632, 0.06664683617567496], "aligned_model": [[0.2561885101276521, -0.20861735322869646, -0.2547017860438879, -0.4500598008324588, 0.6668016078495612, 0.20030603676758618, 0.5890729033142407, -0.2949305248531789, 0.03350981944084429, -0.5522427866296625, 0.4518842589521752, 0.1016695275077854], [-0.34623790698983514, 0.05636412425990488, 0.5897254368382663, -0.3185636185318483, 0.2888899951628436, -0.7181915539196955, 0.5520721903790885, -0.48384534907120386, 0.518397391942934, 0.2039021199944237, -0.07461948367035835, 0.03102554160658315], [-0.33365346465347656, -0.681551224086439, -0.1350110169156367, -0.14030482394073462, -0.4611130208674656, 0.19270875905124452, 0.1786250697773122, 0.7119476950013157, 0.49855176332905726, 0.3894722124754369, 0.6146184597296063, 0.041539756010154014]], "inverted": true, "swapped": false, "error_lsq": 0.04548938395358978, "error_max": 0.2432974547478735, "target": "222.xyz", "model": "0.xyz", "model_rescale": 3.751011558992144, "target_rescale": 3.8756363231076487},
{"mapping": [9, 13, 0, 5, 12, 10, 7, 4, 1, 8, 6, 14], "R": [[-0.9463446617268735, -0.0072098893037076395, -0.32307862621547434], [-0.32191461608573024, -0.06662113069784692, 0.944421836307758], [-0.028333040278565175, 0.9977522951317973, 0.060725582646892096]], "T": [0.016511871771901217, 0.042682087023024416, 0.0364323431631291], "aligned_model": [[0.1512481149949709, -0.10467949695038994, -0.1474191966177994, -0.3927957372529168, 0.568014400189588, 0.1405798682839737, 0.4739536784431576, -0.21334293121965525, 0.01936442787820891, -0.601395676855859, 0.5894420256695937, 0.05591093580908811], [-0.45793126862304284, 0.008306987918798789, 0.7817151300632948, -0.30675862834191586, 0.218776167670327, -0.7291101506218876, 0.5098819232371631, -0.26897906506246516, 0.4527265038830383, -0.018425684725034204, 0.07939049101438786, 0.029326481588438705], [-0.370288733553104, -0.6788530565266531, 0.08604367866958842, -0.28049748287923937, -0.42919727357864457, 0.2842177791382907, 0.1466518076331729, 0.7260757769260169, 0.5999400969353623, 0.27068509922096556, 0.5203014133684007, 0.000751059556218299]], "inverted": true, "swapped": false, "error_lsq": 0.046404092889538645, "error_max": 0.27685734236110954, "target": "222.xyz", "model": "1.xyz", "model_rescale": 3.9405287249114394, "target_rescale": 3.8756363231076487},
{"mapping": [2, 1, 7, 0, 4, 5, 8, 11, 3, 6, 9, 12], "R": [[-0.15087247832517042, -0.7717875813170497, -0.6177227732638644], [0.9401950892852259, -0.3050761093437176, 0.15153138814003692], [-0.3054025038665653, -0.5579180018895955, 0.7716584826200993]], "T": [0.037802777851910704, 0.07127412090631631, 0.08820577656051136], "aligned_model": [[0.2802474080242848, -0.11440139017193231, -0.4082327642640658, -0.550353241850336, 0.3966187185193579, 0.09491357188859786, 0.7561962324370364, -0.1467779483043828, 0.02791938081041649, -0.48261181820100024, 0.594666699508491, 0.09069556397549303], [-0.4388384638642167, 0.04864033356767626, 0.701184815940011, -0.48346296142284956, 0.5449600762793267, -0.6450204909820577, 0.29269784865362675, -0.27392708584783604, 0.5930653479233238, 0.09596479748586495, -0.17020648446718284, 0.03386115473541652], [-0.29281309394450344, -0.6886776994287421, -0.09393335873889587, -0.13376100981261652, -0.28404206868255205, 0.196541673478069, 0.2768115752770308, 0.6835043331052715, 0.3215208263106234, 0.24284959989191174, 0.6192150015987978, 0.028614385855980543]], "inverted": false, "swapped": false, "error_lsq": 0.05141087006630531, "error_max": 0.24393036673843244, "target": "222.xyz", "model": "2.xyz", "model_rescale": 3.932901565614263, "target_rescale": 3.8756363231076487},
{"mapping": [3, 1, 6, 11, 0, 8, 4, 9, 5, 12, 7, 13], "R": [[-0.8378538660299689, 0.07451067567770243, -0.540785593732569], [0.20062561583343147, -0.8792831498707568, -0.4319843800704101], [-0.5076911083031603, -0.47043522568299706, 0.7217620362602181]], "T": [0.050781565566523856, -0.0013728490468179616, -0.018258642668764063], "aligned_model": [[0.31727113567690307, -0.05188583017755166, -0.26240240281448746, -0.5165732041430371, 0.5706957484794235, 0.06600975882666527, 0.6164844743225057, -0.10866768944210475, -0.03789648684068411, -0.5548114861608249, 0.5343549499041405, -0.03369855525898763], [-0.372228255354311, 0.1987579709352047, 0.6033648066788556, -0.6377956649200003, 0.16873537939550082, -0.7020414577383068, 0.6443002380441674, -0.20367558622883075, 0.4099456627368952, 0.22856104439996922, -0.09430579505640141, 0.05530054510836026], [-0.2465896627166508, -0.72407425715785, 0.03559700121650472, -0.28430988414545577, -0.4051730546066429, 0.1999575997520832, 0.1439538357944947, 0.6698129211926587, 0.5646246823114268, 0.38611404496418333, 0.49871601517568565, 0.03720092312993714]], "inverted": false, "swapped": false, "error_lsq": 0.047663090671497405, "error_max": 0.259312013201102, "target": "222.xyz", "model": "3.xyz", "model_rescale": 3.9243930471874484, "target_rescale": 3.8756363231076487},
{"mapping": [5, 11, 10, 9, 6, 1, 3, 7, 4, 8, 0, 12], "R": [[0.0199753887157633, 0.9710541643661292, 0.23802267478719988], [-0.6428731332670763, 0.19480451629354292, -0.740786970022429], [-0.7657121641772622, -0.13822087504728692, 0.6281559291546457]], "T": [-0.010141478794557172, 0.06873754460727208, 0.06800391901416368], "aligned_model": [[0.5394841816958601, -0.18664424329052953, -0.2665130276826302, -0.5327972807448839, 0.4856308783803859, 0.06164127478472376, 0.5004809083454654, -0.16155290016760143, -0.08113982981064569, -0.6076172343209006, 0.7068363512415957, 0.08107133394112093], [-0.3548077006481454, 0.07550683591551485, 0.6970956418787099, -0.300662998636937, 0.3057081202491474, -0.6140574478256822, 0.4715996482357194, -0.20458301624918526, 0.36444971730900766, 0.13813060188510332, -0.2734144560374254, -0.006046058074724275], [-0.2355486436943136, -0.7033163984985942, -0.12322225605886665, -0.22874773323973513, -0.40058036462952584, 0.2649773552423592, 0.24097869629733037, 0.8064409247249302, 0.5777889859875811, 0.25386325850531805, 0.37164376002991784, 0.051552580243973814]], "inverted": true, "swapped": false, "error_lsq": 0.041701133502502874, "error_max": 0.2284048324181833, "target": "222.xyz", "model": "4.xyz", "model_rescale": 3.8936222436046832, "target_rescale": 3.8756363231076487},
{"mapping": [1, 6, 7, 9, 5, 0, 4, 3, 10, 8, 2, 11], "R": [[-0.8892878288897985, 0.10938728713512641, -0.44407384386122756], [-0.14281607813150005, 0.8560015873594778, 0.49685495898218796], [0.43447753131273165, 0.5052679525274404, -0.7456095298030482]], "T": [-0.03822994589596832, 0.05271665893096568, 0.09847969960525635], "aligned_model": [[0.4598880665388228, -0.16353791740845947, -0.23884401481290293, -0.4270145589381948, 0.42892682633592577, 0.10908150503783026, 0.6553341385491989, -0.19851970371342245, 0.02413993134031287, -0.7251345417125495, 0.5178081239923412, 0.09675255716305789], [-0.4369378024636307, 0.14158987152247293, 0.6349582092919381, -0.3738742418263298, 0.37800371388237786, -0.7925545575038667, 0.43083120710857736, -0.24614871225755963, 0.4619484849000958, 0.1318303616269682, -0.12765378099323005, 0.09692613471328948], [-0.2955072561247897, -0.6831903666418814, -0.10275722487406921, -0.12265978550299655, -0.47868902709931693, 0.3141976081515312, 0.17986058268616334, 0.562450297557708, 0.5760848822745479, 0.35879858985836777, 0.5626419925164298, 0.004599872108680833]], "inverted": false, "swapped": false, "error_lsq": 0.0356838296024815, "error_max": 0.19405164817780993, "target": "222.xyz", "model": "5.xyz", "model_rescale": 3.6523030999806103, "target_rescale": 3.8756363231076487},
{"mapping": [6, 2, 3, 1, 4, 8, 11, 5, 7, 0, 9, 12], "R": [[0.01488982133252098, 0.4657302873632796, -0.8848014425017643], [0.9708994899272123, -0.21827001316156153, -0.0985514171056463], [-0.2390240023088998, -0.8575858562190546, -0.4554272999428849]], "T": [0.14506486380715655, -0.058016017970000125, 0.03959509699573688], "aligned_model": [[0.26333086891680363, -0.05336788081548452, -0.2612204918069116, -0.4522925476786037, 0.30729868899506296, 0.21696243884717176, 0.6413327987012946, -0.271603919844964, 0.10409898767209258, -0.7819053721560012, 0.7511763776184881, 0.07507046392301221], [-0.5917713817274757, 0.054760418154059715, 0.5053681938219877, -0.26229979704926976, 0.34628126062583015, -0.6460795263126855, 0.6453437542341777, -0.24617991808544232, 0.3971298518259483, 0.24440485626715724, -0.1415245527676887, -0.006514270985496194], [-0.3121758878333695, -0.6843645396731868, 0.026512946367861084, -0.24989950837984998, -0.3337083967085452, 0.36008714295873523, 0.22282219865314282, 0.5444564655019364, 0.5475144743553333, 0.23046554248884665, 0.4247158996303404, 0.0994038275491303]], "inverted": false, "swapped": false, "error_lsq": 0.04561058542587412, "error_max": 0.22779616140883682, "target": "222.xyz", "model": "6.xyz", "model_rescale": 4.08911054899281, "target_rescale": 3.8756363231076487},
{"mapping": [8, 4, 7, 3, 5, 9, 12, 1, 13, 2, 11, 14], "R": [[0.3746141338373765, -0.4515900429035199, -0.8097719949959182], [-0.6569874891419799, -0.7455587283178835, 0.11184642032688177], [-0.6542413085706139, 0.49011081989629424, -0.5759858456424023]], "T": [0.058146514791852705, 0.02737529981982379, 0.04396216278461866], "aligned_model": [[0.3427634341037892, 0.04136119508358724, -0.2625471715968897, -0.3901660613305431, 0.30597247862445903, 0.06313250179346916, 0.5712530674150449, -0.21934573087606493, 0.11474719423643567, -0.6027664169806484, 0.49462084594266786, 0.07985507595665381], [-0.48558822323084727, -0.049342767885700155, 0.725270450765128, -0.48383069291318026, 0.5134477664380768, -0.7244589795006111, 0.4883434832677727, -0.23417860581932143, 0.47125874152281144, 0.3034194349987136, -0.1134208792833899, -0.11200084035834951], [-0.303903625337482, -0.65652486838161, -0.05292376155365168, -0.3611744849654193, -0.4878433264963921, 0.2659478926866388, 0.22349465988483364, 0.6704872356224744, 0.6233224786675288, 0.414277265555854, 0.4102921467519989, 0.13037855247560148]], "inverted": true, "swapped": false, "error_lsq": 0.048162999690718626, "error_max": 0.28499361035764526, "target": "222.xyz", "model": "7.xyz", "model_rescale": 3.964800864290218, "target_rescale": 3.8756363231076487},
{"mapping": [8, 7, 4, 1, 12, 5, 11, 3, 6, 0, 10, 13], "R": [[-0.023482042391838313, 0.15219592917647873, 0.9880713500690202], [0.19916263652723598, 0.9692449799472393, -0.1445628342922067], [-0.9796850707735768, 0.1933922645536377, -0.05307159423069755]], "T": [-0.0141966838446686, 0.07021356513118446, 0.06311725989539754], "aligned_model": [[0.3781911437615029, -0.12218675006015742, -0.05208178815676093, -0.477806717798497, 0.3763153072054701, 0.19827115243105783, 0.5802507232096696, -0.2690230748528385, -0.045416253482691085, -0.6847604073400373, 0.617972073723011, 0.039155003732231485], [-0.46706132198642014, -0.0171433857210245, 0.7723777064914802, -0.38800303926759927, 0.3896710335764816, -0.7021671538778803, 0.6140143239948466, -0.1328687533933144, 0.4421722609380808, 0.039858937015180534, -0.26784394965943104, 0.01591222989070297], [-0.3221424834292268, -0.6351377606367086, 0.03814462541557283, -0.3086665093078499, -0.49913023719920757, 0.3026087345238946, 0.25817196862953534, 0.711024489405049, 0.5071644311101099, 0.3132817294083742, 0.4646316328089468, 0.045879544181884974]], "inverted": false, "swapped": false, "error_lsq": 0.040713709388261445, "error_max": 0.21012183354899067, "target": "222.xyz", "model": "8.xyz", "model_rescale": 4.121658175737393, "target_rescale": 3.8756363231076487},
{"mapping": [2, 8, 7, 6, 11, 1, 10, 4, 5, 9, 0, 12], "R": [[0.11671638979438742, -0.8976732356803198, 0.42492357700719596], [-0.010806095763212786, -0.42897029402810977, -0.9032539593800816], [0.9931064961260305, 0.10083277634114265, -0.05976820699683244]], "T": [0.09700604360426757, 0.07506892883252146, 0.008957379953674988], "aligned_model": [[0.43518094825275844, -0.11618749945955834, -0.26158680819037217, -0.46935453297122576, 0.3281732901950796, 0.08898751374481856, 0.6714158756575046, -0.20674387983842912, 0.11625555194528683, -0.6797971476677339, 0.54033213025184, 0.09220497045199184], [-0.4462888700269171, -0.03813320863122298, 0.6189559908029391, -0.2716838994238898, 0.4918380283187872, -0.5853136119918324, 0.5172791600962877, -0.3049044295858917, 0.41178347463224263, 0.1655962860699297, -0.252296071383423, -0.007913960875906192], [-0.30115587402511146, -0.6782741145202265, -0.166567378346059, -0.1889825692511985, -0.41044373636641074, 0.2058388637625764, 0.23475438348025782, 0.7515771673412136, 0.5266162225819965, 0.29456448185450756, 0.5703114399315486, 0.037591278467280394]], "inverted": true, "swapped": false, "error_lsq": 0.042351221422585655, "error_max": 0.23634046185035798, "target": "222.xyz", "model": "9.xyz", "model_rescale": 3.833441315466971, "target_rescale": 3.8756363231076487},
{"mapping": [12, 8, 2, 7, 10, 6, 0, 4, 5, 3, 1, 14], "R": [[0.5360473353426608, -0.8298643066174504, -0.15484988496725344], [-0.3877729494626644, -0.40498617560641825, 0.828020734784289], [-0.7498569156426174, -0.3838117118718839, -0.5388906901152729]], "T": [0.06498572487949904, 0.00010848925260150896, 0.002950544926148324], "aligned_model": [[0.47806330030632244, -0.12693944821192527, -0.34858485473264667, -0.4280714396380002, 0.518906621147601, 0.13244742121700948, 0.6442279604622334, -0.28300632661339853, 0.10310102355568643, -0.7707664851676895, 0.6461817630939014, -0.026679123047133435], [-0.4277919120926719, 0.34235315787804604, 0.5742813119232424, -0.3362052692447621, 0.24923297645096013, -0.5358310323606332, 0.3433134026045391, -0.21285711617851424, 0.3893310562050982, 0.0008444241259070329, -0.10999926093028084, 0.022247149620172227], [-0.09342486956750692, -0.6705423482123217, 0.12918524821069477, -0.29319412435755987, -0.6355218141695201, 0.4145903349673421, 0.10547752514048772, 0.6881218834184716, 0.5547550563690552, 0.23925448384535972, 0.4453263822267089, -0.008197592960836237]], "inverted": false, "swapped": false, "error_lsq": 0.05227730845674003, "error_max": 0.2590524953139385, "target": "222.xyz", "model": "10.xyz", "model_rescale": 4.2482417240324, "target_rescale": 3.8756363231076487},
{"mapping": [6, 5, 7, 4, 2, 0, 3, 10, 8, 9, 1, 11], "R": [[-0.21621132468693574, 0.827955868001444, -0.5174376713374238], [-0.9449938159294582, -0.04423612894531291, 0.3240830954416088], [0.2454370610405074, 0.5590458349168778, 0.7919775271621596]], "T": [0.1118365305834797, 0.020416144082264564, 0.07280199338152221], "aligned_model": [[0.23636688534444897, -0.2951434865085452, -0.16400549352397448, -0.477757443776697, 0.6732515404701587, 0.20753908687237305, 0.4763568777087364, -0.2826024037731991, 0.13821520219723082, -0.6781581205665834, 0.7148542544450747, -0.010036486517062848], [-0.38740930181243777, 0.0759078254087488, 0.6270605859595698, -0.5169535081789666, 0.24810309423393118, -0.6419496323364143, 0.7193794565639904, -0.17004327277887618, 0.2808986522073201, 0.20538371433697641, -0.14269485707202625, 0.0012361314692872875], [-0.41571897297188887, -0.5560653291220921, -0.047405933025296915, -0.2869929238408597, -0.3523204898974148, 0.4276992670860464, 0.2642356131770035, 0.5451847832108874, 0.628059463029242, 0.21773767307173614, 0.4028186289764992, 0.04859838521651309]], "inverted": true, "swapped": false, "error_lsq": 0.05205057718249659, "error_max": 0.27252502287311187, "target": "222.xyz", "model": "11.xyz", "model_rescale": 3.6694154284099745, "target_rescale": 3.8756363231076487},
{"mapping": [6, 4, 8, 0, 11, 5, 9, 12, 10, 2, 7, 13], "R": [[0.06407319826739862, -0.5140018926353801, 0.8553927049203974], [0.43574175090194195, 0.7855370561233137, 0.4393866861638255], [-0.8977882555395215, 0.34457740469213205, 0.2743039562072302]], "T": [-0.01715997344007733, 0.006598234898009873, 0.0574525197873528], "aligned_model": [[0.316702002797391, -0.271042873377519, -0.07117972242401338, -0.3254601857055256, 0.42371568221632117, 0.2487569963739172, 0.5269125753409362, -0.34787036270518534, 0.05144545203216236, -0.5001978734036294, 0.5857252570709205, -0.09862653584381505], [-0.32125339703141426, 0.019785297087343088, 0.752967292645456, -0.5748570643455874, 0.3362536678927645, -0.7146896666181117, 0.5733912200089253, -0.260767026836257, 0.26131079575874816, 0.3908866639862189, -0.09991216029678351, -0.06419673425019908], [-0.2602018863172936, -0.6375641881128689, -0.05485486050437938, -0.2211126943440543, -0.4344667832021275, 0.28897513373271816, 0.22303343831988862, 0.5874666285772762, 0.635331048756876, 0.2703148317639802, 0.47858225397468634, 0.00032724226567287795]], "inverted": false, "swapped": false, "error_lsq": 0.04633413507578402, "error_max": 0.2594984541550278, "target": "222.xyz", "model": "12.xyz", "model_rescale": 3.9764082729961374, "target_rescale": 3.8756363231076487},
{"mapping": [13, 9, 2, 4, 1, 14, 10, 3, 8, 7, 11, 15], "R": [[-0.13493846649632646, 0.6149941492470815, -0.7769001265616309], [0.6813738732213955, 0.626852512352003, 0.37786978266230187], [0.7193895016963294, -0.47837027933373966, -0.5036274622171297]], "T": [0.0292490837081824, -0.06616878530061261, -0.13116736609527124], "aligned_model": [[0.5076391025836676, -0.0779247244471125, -0.2602710774556779, -0.6147407283444771, 0.26958051176668585, 0.22299014344707097, 0.6836454337979796, -0.16861926142365555, 0.13790474003288133, -0.6365311014858562, 0.516906535226909, -0.04169916132645465], [-0.4466353970696549, 0.18643533494672282, 0.6630646608297501, -0.37451477279575957, 0.5098338215377537, -0.6639184651099653, 0.3469487863061035, -0.15260329570171502, 0.3520896962028893, 0.13219045659189987, -0.13502452640325135, -0.11894741133367039], [-0.16064097049304565, -0.6661477954543121, 0.012555183390210639, -0.20903645975412163, -0.24857426480127612, 0.36276356190391545, 0.08619451643519119, 0.6823562295798147, 0.4282132088692, 0.16619445909721942, 0.4917241137347851, -0.06977161759720635]], "inverted": true, "swapped": false, "error_lsq": 0.04616984624319672, "error_max": 0.3110182581647284, "target": "222.xyz", "model": "13.xyz", "model_rescale": 4.170626492500431, "target_rescale": 3.8756363231076487},
{"mapping": [2, 3, 9, 6, 1, 4, 7, 12, 10, 11, 8, 13], "R": [[-0.7609538906348094, 0.39161494725672885, 0.51728803331689], [-0.08600951246518382, 0.7293672319571651, -0.6786941908640769], [-0.6430797307435895, -0.5609466766389228, -0.5213322221717163]], "T": [0.09291089844192144, -0.03833772427126167, 0.031072218609995206], "aligned_model": [[0.2774651382166664, -0.21618031639517102, -0.17879722859925454, -0.5646618189937768, 0.3790753882539253, 0.28271259841691343, 0.7129850107452523, -0.1350559510914925, 0.05587691573111908, -0.578648803962374, 0.5119217696171311, -0.0078122895669782005], [-0.5048706188118172, 0.0670717992480524, 0.7235240504168825, -0.49504055749888576, 0.5401457751340233, -0.6527823310832734, 0.42726291793947857, -0.17950531138031636, 0.3438577800966883, 0.18211352385980586, -0.10234368063939835, -0.05051445928013693], [-0.39462598214861844, -0.5762374698454458, -0.014180056832084731, -0.2268229353502514, -0.3863977750204419, 0.3302314913047518, 0.26804044456653575, 0.7121074225824403, 0.4444526554237531, 0.03934654246479913, 0.6408995877820547, 0.039016239982882436]], "inverted": true, "swapped": false, "error_lsq": 0.04562211467993408, "error_max": 0.23175341936656035, "target": "222.xyz", "model": "14.xyz", "model_rescale": 3.9786697098870705, "target_rescale": 3.8756363231076487},
{"mapping": [9, 7, 10, 8, 6, 3, 1, 2, 4, 5, 0, 11], "R": [[-0.5939127877130266, -0.7729234385540515, -0.2232867186482949], [-0.7782590735183568, 0.6222930820048695, -0.08404840614330356], [0.20391276339967124, 0.12385749158876991, -0.9711224982977418]], "T": [0.06344734833515578, 0.05311524005735407, 0.03710302165482365], "aligned_model": [[0.386043297605839, -0.24123711140871137, -0.08451744131480576, -0.3032829774963439, 0.5504204952750397, 0.19718750826924442, 0.5324439725828587, -0.2531211860777336, -0.16250862252177797, -0.7333260951976804, 0.5127448967092246, 0.13803367594680718], [-0.4103795363384927, 0.2724797491164957, 0.8693979504017711, -0.31664692367913894, 0.18492285288998686, -0.8338577537165447, 0.542395109598409, -0.3470762043662402, 0.3713147796716804, 0.05678615702424193, -0.13128159723059454, 0.04086430462952893], [-0.22465777337975612, -0.5068846597742009, -0.02700584133230243, 0.00527635977482805, -0.5735029054067674, 0.23845274288440313, 0.07342749272446461, 0.7395833324798783, 0.5089162074757361, 0.13608883770639796, 0.5350338456675537, -0.028897473909860354]], "inverted": false, "swapped": false, "error_lsq": 0.05637152573289695, "error_max": 0.27991304434383835, "target": "222.xyz", "model": "15.xyz", "model_rescale": 3.769337070930944, "target_rescale": 3.8756363231076487},
{"mapping": [3, 1, 7, 9, 5, 0, 10, 4, 8, 2, 11], "R": [[-0.9463400002543789, 0.25118806509474023, -0.20333509257504584], [0.22089334174494996, 0.04349410293939393, -0.9743276628435867], [-0.23589560295031076, -0.966960608796169, -0.09664598049195522]], "T": [-0.015071030024208038, -0.005394803309568104, -0.008998811018272383], "aligned_model": [[-0.4102373478858884, -0.360180156606709, -0.06811312354223578, -0.609349607755455, 0.4070086922225562, 0.4265659340982415, 0.6771238548889047, 0.2805163937107703, 0.02696399276495181, -0.4368465697975108, -0.010825931406454879], [-0.07270904562523903, -0.6326594487360809, 0.7323290297411328, 0.3745553767028291, 0.25955973879008704, -0.29869522603813664, 0.28699277149183466, -0.5230453067233962, 0.4423884456126709, -0.0060641236531851946, 0.03341228606282568], [-0.5249300548854108, -0.0027160354682547357, -0.2911888388278658, 0.0305893795703792, -0.6392671306803209, -0.3959543178437058, 0.10811597270674372, 0.41771532050841675, 0.4737793266325228, 0.6332361343181849, -0.06516214880691246]], "inverted": true, "swapped": true, "error_lsq": 0.03808332540730019, "error_max": 0.1870644048244179, "target": "222.xyz", "model": "16.xyz", "model_rescale": 3.7852294659196426, "target_rescale": 3.8756363231076487},
{"mapping": [10, 8, 3, 11, 0, 6, 4, 7, 1, 2, 5, 12], "R": [[-0.7112580283293186, 0.3555186987702342, -0.6063979485138535], [-0.12152723251826664, -0.9118728115809549, -0.3920702835664746], [-0.6923461192882805, -0.20516927236836452, 0.6917820616222239]], "T": [0.02270242143439955, 0.06910908922129012, 0.00646921983127835], "aligned_model": [[0.544260789932408, -0.34195780180202157, -0.15196321028128973, -0.45576716632885894, 0.3905630918667521, 0.2365483099516079, 0.6874880283182119, -0.24901105901406495, -0.012941360765046143, -0.5341423840705379, 0.38792878410851434, 0.037874390456285864], [-0.5000865640638407, 0.12418128787000732, 0.8416483885237784, -0.46147723216827363, 0.43699777745820856, -0.7267348047520948, 0.267818102452095, -0.32988222740671247, 0.46668900397140217, 0.1912653763369348, -0.011276247975869777, -0.00022397224453210574], [-0.22428660741940892, -0.5303695695437345, -0.06543571249700966, -0.15929290965921067, -0.4352134671229435, 0.3355522918534505, 0.14916298294149882, 0.514804462534808, 0.5676411065334561, 0.22802897504543612, 0.5471696101880061, -0.05193099794397353]], "inverted": false, "swapped": false, "error_lsq": 0.04737553266281296, "error_max": 0.2626334554531283, "target": "222.xyz", "model": "17.xyz", "model_rescale": 3.901054581598922, "target_rescale": 3.8756363231076487},
{"mapping": [9, 13, 0, 5, 12, 10, 7, 4, 1, 8, 6, 14], "R": [[-0.9463446617268735, -0.0072098893037076395, -0.32307862621547434], [-0.32191461608573024, -0.06662113069784692, 0.944421836307758], [-0.028333040278565175, 0.9977522951317973, 0.060725582646892096]], "T": [0.016511871771901217, 0.042682087023024416, 0.0364323431631291], "aligned_model": [[0.1512481149949709, -0.10467949695038994, -0.1474191966177994, -0.3927957372529168, 0.568014400189588, 0.1405798682839737, 0.4739536784431576, -0.21334293121965525, 0.01936442787820891, -0.601395676855859, 0.5894420256695937, 0.05591093580908811], [-0.45793126862304284, 0.008306987918798789, 0.7817151300632948, -0.30675862834191586, 0.218776167670327, -0.7291101506218876, 0.5098819232371631, -0.26897906506246516, 0.4527265038830383, -0.018425684725034204, 0.07939049101438786, 0.029326481588438705], [-0.370288733553104, -0.6788530565266531, 0.08604367866958842, -0.28049748287923937, -0.42919727357864457, 0.2842177791382907, 0.1466518076331729, 0.7260757769260169, 0.5999400969353623, 0.27068509922096556, 0.5203014133684007, 0.000751059556218299]], "inverted": true, "swapped": false, "error_lsq": 0.046404092889538645, "error_max": 0.27685734236110954, "target": "222.xyz", "model": "18.xyz", "model_rescale": 3.9405287249114394, "target_rescale": 3.8756363231076487},
{"mapping": [1, 14, 13, 10, 12, 6, 4, 5, 7, 11, 0, 15], "R": [[-0.829545694041998, -0.49888617252412315, -0.25093132199988777], [-0.5392145853712695, 0.5986844713928747, 0.5923044273310176], [-0.1452638028528459, 0.6266494160032909, -0.7656428259988234]], "T": [0.07290003956735219, 0.04769878617032002, 0.060784888089780796], "aligned_model": [[0.44624706279129894, -0.3285579561889043, -0.2552851914130669, -0.48094505389983594, 0.3604204483807791, 0.24321701297882942, 0.6731356829951707, -0.33505341112719833, 0.13406040281902112, -0.6438352445912421, 0.6751299689382597, 0.05034669068884918], [-0.4591074922005762, 0.2547378571774152, 0.6223615949479425, -0.3484228787295813, 0.23810981780940696, -0.5752275717920633, 0.4388942282114709, -0.37623290676397714, 0.5111853641941844, 0.12165741274802916, -0.14417555358582562, 0.01513901598467704], [-0.13740396233601446, -0.568266193139776, -0.054917124624388615, -0.3319583817262385, -0.36490832979757465, 0.4366017806264191, 0.20689555539747606, 0.6482527974696359, 0.5871546734118442, 0.06660347010384321, 0.3312984882451264, 0.05647739128002198]], "inverted": false, "swapped": false, "error_lsq": 0.04450772163145191, "error_max": 0.2257341626396308, "target": "222.xyz", "model": "19.xyz", "model_rescale": 4.410303926677745, "target_rescale": 3.8756363231076487},
{"mapping": [8, 7, 4, 1, 12, 5, 11, 3, 6, 0, 10, 13], "R": [[-0.023482042391838313, 0.15219592917647873, 0.9880713500690202], [0.19916263652723598, 0.9692449799472393, -0.1445628342922067], [-0.9796850707735768, 0.1933922645536377, -0.05307159423069755]], "T": [-0.0141966838446686, 0.07021356513118446, 0.06311725989539754], "aligned_model": [[0.3781911437615029, -0.12218675006015742, -0.05208178815676093, -0.477806717798497, 0.3763153072054701, 0.19827115243105783, 0.5802507232096696, -0.2690230748528385, -0.045416253482691085, -0.6847604073400373, 0.617972073723011, 0.039155003732231485], [-0.46706132198642014, -0.0171433857210245, 0.7723777064914802, -0.38800303926759927, 0.3896710335764816, -0.7021671538778803, 0.6140143239948466, -0.1328687533933144, 0.4421722609380808, 0.039858937015180534, -0.26784394965943104, 0.01591222989070297], [-0.3221424834292268, -0.6351377606367086, 0.03814462541557283, -0.3086665093078499, -0.49913023719920757, 0.3026087345238946, 0.25817196862953534, 0.711024489405049, 0.5071644311101099, 0.3132817294083742, 0.4646316328089468, 0.045879544181884974]], "inverted": false, "swapped": false, "error_lsq": 0.040713709388261445, "error_max": 0.21012183354899067, "target": "222.xyz", "model": "20.xyz", "model_rescale": 4.121658175737393, "target_rescale": 3.8756363231076487},
{"mapping": [6, 2, 3, 1, 4, 8, 11, 5, 7, 0, 9, 12], "R": [[0.01488982133252098, 0.4657302873632796, -0.8848014425017643], [0.9708994899272123, -0.21827001316156153, -0.0985514171056463], [-0.2390240023088998, -0.8575858562190546, -0.4554272999428849]], "T": [0.14506486380715655, -0.058016017970000125, 0.03959509699573688], "aligned_model": [[0.26333086891680363, -0.05336788081548452, -0.2612204918069116, -0.4522925476786037, 0.30729868899506296, 0.21696243884717176, 0.6413327987012946, -0.271603919844964, 0.10409898767209258, -0.7819053721560012, 0.7511763776184881, 0.07507046392301221], [-0.5917713817274757, 0.054760418154059715, 0.5053681938219877, -0.26229979704926976, 0.34628126062583015, -0.6460795263126855, 0.6453437542341777, -0.24617991808544232, 0.3971298518259483, 0.24440485626715724, -0.1415245527676887, -0.006514270985496194], [-0.3121758878333695, -0.6843645396731868, 0.026512946367861084, -0.24989950837984998, -0.3337083967085452, 0.36008714295873523, 0.22282219865314282, 0.5444564655019364, 0.5475144743553333, 0.23046554248884665, 0.4247158996303404, 0.0994038275491303]], "inverted": false, "swapped": false, "error_lsq": 0.04561058542587412, "error_max": 0.22779616140883682, "target": "222.xyz", "model": "21.xyz", "model_rescale": 4.08911054899281, "target_rescale": 3.8756363231076487},
{"mapping": [4, 6, 5, 1, 7, 2, 12, 15, 9, 11, 3, 16], "R": [[0.9193513812743943, -0.3653406454422481, -0.14601113155066298], [0.30888174256258805, 0.9000898092404186, -0.307295304899125], [0.24369059657763265, 0.23741219027124263, 0.9403458645893271]], "T": [0.044332842809738586, 0.05844579709193025, 0.02216882139577519], "aligned_model": [[0.44144864029674363, -0.113114517188806, -0.3501191155987926, -0.49037568207231985, 0.4758950536392277, 0.043120998167884464, 0.6163366240245292, -0.24445780388271282, 0.03499456186120976, -0.6834836839973278, 0.7318011642011938, 0.07683417292113137], [-0.4994084911666919, 0.25895365937832876, 0.6421325795300922, -0.5054306490505407, 0.3453112169025152, -0.6274491879310314, 0.47859030346930964, -0.24048581399050162, 0.6367802424938426, 0.06121802812878048, -0.2895461604728655, 0.03825316070986491], [-0.10970165416826136, -0.6782389559326867, 0.060200998073265684, -0.13947439117508878, -0.464923035557607, 0.24755832941726216, 0.22529384218586693, 0.621123637865925, 0.43808909901290144, 0.25916765746891857, 0.4228778527987547, -0.0061432150788755]], "inverted": false, "swapped": false, "error_lsq": 0.0430126816671731, "error_max": 0.2446866945202232, "target": "222.xyz", "model": "22.xyz", "model_rescale": 4.204369325754507, "target_rescale": 3.8756363231076487},
{"mapping": [1, 14, 13, 10, 12, 6, 4, 5, 7, 11, 0, 15], "R": [[-0.829545694041998, -0.49888617252412315, -0.25093132199988777], [-0.5392145853712695, 0.5986844713928747, 0.5923044273310176], [-0.1452638028528459, 0.6266494160032909, -0.7656428259988234]], "T": [0.07290003956735219, 0.04769878617032002, 0.060784888089780796], "aligned_model": [[0.44624706279129894, -0.3285579561889043, -0.2552851914130669, -0.48094505389983594, 0.3604204483807791, 0.24321701297882942, 0.6731356829951707, -0.33505341112719833, 0.13406040281902112, -0.6438352445912421, 0.6751299689382597, 0.05034669068884918], [-0.4591074922005762, 0.2547378571774152, 0.6223615949479425, -0.3484228787295813, 0.23810981780940696, -0.5752275717920633, 0.4388942282114709, -0.37623290676397714, 0.5111853641941844, 0.12165741274802916, -0.14417555358582562, 0.01513901598467704], [-0.13740396233601446, -0.568266193139776, -0.054917124624388615, -0.3319583817262385, -0.36490832979757465, 0.4366017806264191, 0.20689555539747606, 0.6482527974696359, 0.5871546734118442, 0.06660347010384321, 0.3312984882451264, 0.05647739128002198]], "inverted": false, "swapped": false, "error_lsq": 0.04450772163145191, "error_max": 0.2257341626396308, "target": "222.xyz", "model": "23.xyz", "model_rescale": 4.410303926677745, "target_rescale": 3.8756363231076487},
{"mapping": [13, 5, 4, 0, 15, 7, 9, 1, 10, 3, 11, 16], "R": [[0.44255358814552315, 0.4888946808374261, 0.7517501663906657], [-0.09570162658439922, -0.8077756594152816, 0.5816697368140334], [0.8916207267042543, -0.32936374285139214, -0.3106960003062466]], "T": [0.14965861533589764, 0.012177562398543777, -0.012743929640662247], "aligned_model": [[0.48506644832264456, -0.0945501737945843, -0.3070236522632227, -0.4913222755847839, 0.5512462434611528, 0.07662893922037967, 0.5644953814161391, -0.22598425040860948, 0.0792896692489227, -0.6684585673565921, 0.5265982943712013, 0.0428943557393133], [-0.5388156061699674, 0.17836902132547638, 0.5192513200595327, -0.37124477190231064, 0.4300699750613393, -0.6118859704792755, 0.4461548161451647, -0.2803484503529406, 0.43296770306765686, 0.18608829643978098, -0.10662497852975969, 0.014937533336405961], [-0.2921982865419342, -0.5680316926240488, -0.10330818165678786, -0.12462164019991707, -0.42916619034528475, 0.2043787776490525, 0.16612525263233852, 0.701158247726314, 0.47895497743346493, 0.3184513550519224, 0.4817496711758737, 0.04233787460938171]], "inverted": false, "swapped": false, "error_lsq": 0.03579563843015678, "error_max": 0.23007455802435203, "target": "222.xyz", "model": "24.xyz", "model_rescale": 4.28219845311461, "target_rescale": 3.8756363231076487},
{"mapping": [7, 0, 6, 1, 2, 9, 14, 5, 10, 8, 12, 15], "R": [[0.774285361640669, 0.3584711235364101, 0.5215176241887924], [-0.4598581639111782, 0.8848598069517702, 0.07452242028756315], [-0.4347558485325054, -0.29752575624947164, 0.8499798683115745]], "T": [0.12295546530240084, -0.10797151023761559, 0.010396817114425291], "aligned_model": [[0.4839871472140356, -0.2479973580348989, -0.2373239923492866, -0.4901794567803207, 0.3974810182752361, 0.2539758530733387, 0.48602796262948356, -0.4562847812227264, -0.04412261000744963, -0.44763955752673446, 0.7478694203082578, 0.0930867667930258], [-0.7357311925587493, 0.25545065912654585, 0.7093022616627445, -0.25331147556606104, 0.3541147339143524, -0.6746618192502238, 0.5200041679750529, -0.3534915059408469, 0.46741153588153744, 0.17870808806396926, -0.0911051600052443, -0.07777140530197399], [-0.2744187577025965, -0.6187871795896701, -0.1098505492558448, -0.10282535671920363, -0.41374001000437877, 0.35473594579197976, 0.2427102565720759, 0.5844014768773376, 0.5307083447757668, 0.28276088370376923, 0.4504172431196292, -0.05028213265848954]], "inverted": false, "swapped": false, "error_lsq": 0.04695269173262168, "error_max": 0.28216992250449396, "target": "222.xyz", "model": "25.xyz", "model_rescale": 4.100010024507729, "target_rescale": 3.8756363231076487},
{"mapping": [6, 5, 7, 4, 2, 0, 3, 10, 8, 9, 1, 11], "R": [[-0.21621132468693574, 0.827955868001444, -0.5174376713374238], [-0.9449938159294582, -0.04423612894531291, 0.3240830954416088], [0.2454370610405074, 0.5590458349168778, 0.7919775271621596]], "T": [0.1118365305834797, 0.020416144082264564, 0.07280199338152221], "aligned_model": [[0.23636688534444897, -0.2951434865085452, -0.16400549352397448, -0.477757443776697, 0.6732515404701587, 0.20753908687237305, 0.4763568777087364, -0.2826024037731991, 0.13821520219723082, -0.6781581205665834, 0.7148542544450747, -0.010036486517062848], [-0.38740930181243777, 0.0759078254087488, 0.6270605859595698, -0.5169535081789666, 0.24810309423393118, -0.6419496323364143, 0.7193794565639904, -0.17004327277887618, 0.2808986522073201, 0.20538371433697641, -0.14269485707202625, 0.0012361314692872875], [-0.41571897297188887, -0.5560653291220921, -0.047405933025296915, -0.2869929238408597, -0.3523204898974148, 0.4276992670860464, 0.2642356131770035, 0.5451847832108874, 0.628059463029242, 0.21773767307173614, 0.4028186289764992, 0.04859838521651309]], "inverted": true, "swapped": false, "error_lsq": 0.05205057718249659, "error_max": 0.27252502287311187, "target": "222.xyz", "model": "26.xyz", "model_rescale": 3.6694154284099745, "target_rescale": 3.8756363231076487},
{"mapping": [6, 2, 4, 11, 0, 3, 5, 9, 8, 10, 7, 13], "R": [[0.13781121860058354, -0.09121100415578576, -0.9862497760449509], [-0.8882689940963374, 0.4291219415323334, -0.1638064511019084], [0.4381623696244389, 0.8986294631361773, -0.021882089221157475]], "T": [0.08033391611145063, 0.009812115662440004, 0.08990199192436789], "aligned_model": [[0.3642030000426683, -0.167143529854649, -0.20899060955056198, -0.6443349232822722, 0.343888112944639, 0.36871255011812337, 0.729278383913992, -0.2627598914252602, -0.05364333534532428, -0.47794349927608676, 0.4871748610909904, 0.06043929299570197], [-0.4260743562110385, 0.0030961479141515622, 0.755631226502898, -0.3600449801345137, 0.40049798357360317, -0.6911697721564085, 0.45258300995809864, -0.3427260228397912, 0.40913435406823007, 0.22198447653252257, -0.13511580377226573, 0.011122624565616374], [-0.35799504828703393, -0.5432168403011339, -0.09871333842957357, -0.18256134716107647, -0.37360321956656656, 0.3697115284521845, 0.18372902744318462, 0.5619899451721679, 0.5704735666525522, 0.16201257813515496, 0.5477282344825314, 0.036275078317983975]], "inverted": false, "swapped": false, "error_lsq": 0.04425437887032902, "error_max": 0.1998456000389466, "target": "222.xyz", "model": "27.xyz", "model_rescale": 4.103607728864725, "target_rescale": 3.8756363231076487},
{"mapping": [8, 1, 9, 2, 5, 13, 6, 12, 10, 3, 11, 14], "R": [[0.13921930227766796, 0.4420737780699867, 0.8861087747089786], [-0.9894952727481486, 0.09729833191109219, 0.10692118506818793], [-0.03894985343215121, -0.8916859364990832, 0.45097571948760923]], "T": [0.08261603191049674, 0.039681256935021954, 0.1366858458894778], "aligned_model": [[0.5221373280427574, -0.15980077706108467, 0.023107938256479423, -0.495383309549257, 0.2955581480195375, 0.2069399078671849, 0.5530431647207109, -0.5060359134081978, 0.039824796877557855, -0.6542269724376446, 0.7178076551875144, -0.004091554143598186], [-0.5226522506904654, -0.09373818202555212, 0.8551174803974056, -0.3649010943984605, 0.4982839734944996, -0.5460523127188731, 0.4638336683993403, -0.41117666415116155, 0.330849564740426, 0.16617995048744374, -0.09554110453944525, 0.018715859005945645], [-0.2669006172809971, -0.7155430999404266, 0.09610902605276235, -0.0720019316482654, -0.3919724690296578, 0.3843394188524226, 0.1444516309002813, 0.5697096782487341, 0.5528170788435129, 0.20444512598854914, 0.3609797337581915, 0.009396590165268115]], "inverted": false, "swapped": false, "error_lsq": 0.05438643508129289, "error_max": 0.32272519646332015, "target": "222.xyz", "model": "28.xyz", "model_rescale": 4.137296879288765, "target_rescale": 3.8756363231076487},
{"mapping": [8, 6, 4, 0, 3, 2, 9, 10, 5, 7, 11], "R": [[-0.635009167349733, 0.7286362819658844, 0.25661747014716574], [-0.7707665486979948, -0.5753304143827475, -0.2737039307250772], [-0.05179077900534702, -0.37159666695102184, 0.9269485596951489]], "T": [0.013845457602399735, 0.09156661144833655, -0.13936860732912862], "aligned_model": [[0.42346610674423124, 0.034742403684025244, -0.14078305639689084, -0.6387822722039365, -0.020136245128747177, 0.6944709971707625, 0.6079236121594928, -0.3199605936021079, -0.5652925658520949, 0.15366559451902004, -0.007894970383855988], [-0.3364585073213191, -0.7519418462172945, -0.38707519407249624, 0.12548317766747275, 0.7439725910563927, -0.12926893378842202, 0.41483251972872415, -0.46223597878117395, 0.2841886212007475, 0.28863243777139724, 0.1290189294039237], [0.1510740425153083, -0.1413192227311462, -0.6726705513210631, -0.20043924788831977, -0.1485531617728007, -0.41926379449633344, 0.06475559725598437, 0.26090172182283244, 0.3832079585719165, 0.614485834018271, -0.0864251541916506]], "inverted": false, "swapped": true, "error_lsq": 0.04246784341380615, "error_max": 0.24609036510825844, "target": "222.xyz", "model": "29.xyz", "model_rescale": 3.607286011436655, "target_rescale": 3.8756363231076487},
