[{"mapping": [9, 10, 4, 1, 0, 12, 3, 13, 11, 8, 7, 15], "R": [[0.6199991608918198, -0.6873049986463152, 0.37843477552839666], [0.4793473530029298, -0.050034240849509616, -0.8761978600246054], [0.6211498657027337, 0.7246436459242585, 0.2984366444642383]], "T": [-0.02929908319337359, 0.016913349451912085, 0.05980057714876099], "aligned_model": [[-0.2472869091540246, 0.11157360597680616, 0.3884635770032405, -0.3263068071135774, 0.04212451841896737, -0.565271593530207, 0.45863176586313503, -0.3465718270352996, 0.714785337137137, 0.19986004191923404, -0.5082068687575836, -0.08415237826727917], [-0.32930357586381753, -0.6006014248585021, -0.23145909723507285, 0.607557887790487, 0.24884583562944496, -0.5681398709651952, -0.1774610082969577, -0.505782127177415, 0.07447391521957794, 0.42669941655091387, 0.16818873301814954, -0.059463647834555766], [-0.5375370785894995, -0.13378891390242487, -0.48563534190948787, -0.16335004393581576, -0.662339628671722, -0.0611773944896404, 0.4673354114636442, 0.5734999832622294, -0.06523969697537554, 0.6222789056946441, 0.5405377599196456, 0.08736778348736468]], "inverted": false, "swapped": true, "error_lsq": 0.04642594483444112, "error_max": 0.2463988884172907, "target": "223.xyz", "model": "0.xyz", "model_rescale": 3.751011558992144, "target_rescale": 4.25539373033014},
{"mapping": [5, 8, 4, 0, 14, 10, 7, 1, 3, 12, 13, 6, 2, 9, 15], "R": [[-0.16132385825925571, 0.43589283629349845, -0.8854219604371452], [-0.8025015435641216, -0.5801401112053004, -0.13938695759612676], [-0.5744265708805176, 0.6880660481659528, 0.4433951150246681]], "T": [0.013998724003514106, -0.014441501863043014, -0.1102491021786355], "aligned_model": [[0.1695829834315025, 0.09560040889818834, -0.4344926121402803, 0.15354817272052285, -0.47874609719892736, -0.49794432231051833, 0.44485353447128806, 0.6427158465778975, -0.49580252509455713, 0.017762680716721695, -0.13155145586703976, 0.5332271232206082, 0.550156505651807, -0.031101818945950172, 0.0012777869577709385], [-0.07390811998554928, -0.6851090194673194, 0.5041127897608374, 0.6141639924573111, -0.6750807173747055, 0.2943450454321822, -0.4389132251285809, 0.10697645266146566, -0.43442864900060124, 0.31961037816855503, -0.33768533116872435, 0.09153519679558106, 0.604738614806214, 0.673169413247638, -0.014769471377198062], [-0.6772931881097793, -0.3937392102026755, -0.3625818633674221, -0.5173873707647039, 0.26897085948801736, 0.1747275418316051, 0.23258181254519417, -0.38745519613898244, -0.18545567269379687, 0.6195348701420461, 0.6053542845311558, 0.34245406801509903, 0.03113393620949738, 0.11190916809578962, -0.013087634729068598]], "inverted": false, "swapped": true, "error_lsq": 0.04024515091938523, "error_max": 0.21952628116537415, "target": "223.xyz", "model": "1.xyz", "model_rescale": 3.9405287249114394, "target_rescale": 4.25539373033014},
{"mapping": [8, 7, 1, 10, 12, 5, 3, 13, 9, 0, 4, 11, 15], "R": [[0.46897935267736746, -0.5533303226123731, -0.6883922725016636], [-0.7272534219938693, -0.6842012879125549, 0.054507410661381844], [-0.5011594825607162, 0.4750727856828766, -0.7232876477190712]], "T": [-0.05047614427569708, 0.023409365294902278, -0.03246997811781542], "aligned_model": [[-0.3179583735719808, 0.1681866728437858, -0.5042406762242031, 0.35906742588050283, 0.6320583874013415, -0.635322491127652, 0.04393103824913325, 0.6889000449937996, 0.14704191917867426, -0.5058027374346667, -0.18134001100910216, -0.4446214768528178, 0.046083556957116856], [0.6864615236780943, 0.5450361079554219, 0.041364117324885694, -0.38612969958339277, -0.2796891870877102, 0.10056288555376963, 0.3130339996876233, 0.3252027098701161, -0.6495324100210628, -0.5679626242247141, -0.5911863546453446, -0.10194505676301283, 0.02361658182734314], [0.12764088275269037, -0.43674372373625403, -0.5622304285602543, 0.2887749760424992, -0.32652329435639793, 0.003360466028991385, 0.5584169828416871, -0.034276363042956434, -0.21228407169460245, -0.18523564653868824, 0.34017140946743213, 0.6012063108036829, -0.04915715041918559]], "inverted": true, "swapped": true, "error_lsq": 0.04462286384437296, "error_max": 0.27544837544072565, "target": "223.xyz", "model": "2.xyz", "model_rescale": 3.932901565614263, "target_rescale": 4.25539373033014},
{"mapping": [8, 5, 11, 7, 3, 10, 4, 13, 6, 12, 0, 1, 9, 15], "R": [[0.13137849645389132, 0.7820757548293187, 0.6091774818373268], [-0.11902645891789082, -0.5976138475765829, 0.792899988183996], [0.984160755540975, -0.17667824680153632, 0.014574098948233916]], "T": [0.018327701058850062, -0.061682120116334, -0.040543911167177274], "aligned_model": [[-0.18796447065304245, 0.42971195406983204, 0.319296593892103, -0.4116214738600421, -0.3090486725233328, -0.10407525326811246, 0.43868377667140346, -0.7461975725907558, -0.13107941969815995, -0.3004528482899589, 0.7521743733549833, 0.43776470097390885, 0.28849211212587506, -0.055873888151997606], [0.24023430690819542, 0.10976967426079645, -0.5279229757977473, 0.48256221501556074, -0.40263381844349794, -0.6495363788802606, -0.6545620004017693, -0.09802246160674477, 0.38901937984283536, -0.1753158829808979, -0.13498727068114474, 0.49356412926093707, -0.3342493151622296, -0.07442296298354464], [-0.6754536736356299, -0.42867921543828913, -0.5549825406491737, 0.007278241743585136, -0.5080042784918865, 0.23890445493340168, 0.03367920905212464, 0.1873598418656101, 0.4696668508883083, 0.6872306428487275, 0.15044274369326432, 0.010885303124010537, 0.5733904841737495, 0.02217829894929492]], "inverted": true, "swapped": true, "error_lsq": 0.05026215150061341, "error_max": 0.409527809397836, "target": "223.xyz", "model": "3.xyz", "model_rescale": 3.9243930471874484, "target_rescale": 4.25539373033014},
{"mapping": [0, 5, 4, 9, 10, 1, 6, 11, 3, 8, 13, 7, 15], "R": [[-0.3965180122383474, -0.4328680785774975, 0.8095669784021426], [0.8714389154610426, 0.09988004249940441, 0.4802272313503255], [-0.2887346231241271, 0.8959069168495926, 0.33761385301913427]], "T": [-0.0023196471267648705, -0.05160890889411595, -0.05646339076819955], "aligned_model": [[0.04957969210097833, -0.32420489174318673, 0.5389147809040012, 0.4136978419286218, 0.6517761725017797, -0.5560559997103266, -0.26010620065258055, 0.2533770945562687, 0.21324566800581213, -0.45903725226449527, 0.1793359907078153, -0.45962128661983975, 0.03630427659650384], [-0.5534614479776799, 0.04028936985649679, -0.18954167218131396, -0.6434285107579255, -0.10114018514077527, -0.4193442239616042, -0.5092308538117076, 0.3394420526074422, 0.5772584042710903, 0.5206099434722221, 0.13416432167649842, -0.0018216708439458343, -0.06596597352721012], [-0.6272794500003506, -0.5435222491242209, -0.5273717693864979, -0.08606295588024569, 0.03492486618517847, -0.2686367828501217, 0.4016824373986696, -0.6517013560094229, -0.056256181894325394, -0.08465930622453866, 0.6986850523615888, 0.46482500262829257, 0.03244300816695864]], "inverted": false, "swapped": true, "error_lsq": 0.039762675957113, "error_max": 0.22925983340000036, "target": "223.xyz", "model": "4.xyz", "model_rescale": 3.8936222436046832, "target_rescale": 4.25539373033014},
{"mapping": [11, 10, 0, 5, 2, 12, 13, 7, 8, 3, 1, 15], "R": [[0.9748130397854919, 0.08130920101147368, -0.20767366538645504], [-0.22298512338920098, 0.3380308356966792, -0.9143373495954915], [-0.004143936687781999, 0.9376161090494771, 0.3476476087069307]], "T": [-0.06865921812411664, -0.05244916541209022, -0.037958376485348555], "aligned_model": [[0.24279814718817921, -0.5174909592377358, -0.3205127761882703, 0.32661169448858923, -0.6153242060495869, -0.7708581714870576, -0.2454981328040523, 0.09351535726819928, 0.6422695964683368, 0.28073757448382636, 0.03840341593620902, -0.1271034978515398], [-0.5258603578960859, -0.5394471607597733, 0.17364964272471423, 0.12083846896279393, 0.5418605711249378, -0.0445183099717757, -0.26462820044921065, 0.3131923520373218, -0.032711240564782106, -0.601581743748889, 0.5975914148267789, -0.06946253117622289], [-0.5394422405196062, -0.04339186407552151, -0.7204754825887503, -0.44170834522497, -0.23491440020172896, 0.35068439471580576, 0.7113531011129952, 0.5306810835059785, 0.13814111357497216, 0.09738503235236423, -0.2678618233030506, 0.038834149927029465]], "inverted": false, "swapped": true, "error_lsq": 0.03651312948004766, "error_max": 0.20510501727272604, "target": "223.xyz", "model": "5.xyz", "model_rescale": 3.6523030999806103, "target_rescale": 4.25539373033014},
{"mapping": [14, 3, 8, 13, 7, 10, 5, 12, 4, 2, 1, 6, 15], "R": [[0.03063400216850215, -0.997409151913397, 0.0650887209164428], [-0.5804196815324177, 0.035263948457855354, 0.8135535921062413], [-0.813741083638369, -0.06270117717044948, -0.5778356264375648]], "T": [-0.051962185084896154, 0.03288196062325419, 0.028786980268205174], "aligned_model": [[0.31899464971516023, -0.12738601877343497, 0.16276057701187951, 0.5348588895322485, 0.6250643689268305, -0.28248781832701947, -0.32494258764615025, 0.26047696260678016, -0.7279451168896689, -0.027316149198330076, 0.00743158375500929, 0.4540976315153621, 0.007475932435627809], [-0.32149273831820024, -0.08534056724485747, 0.5090416582400228, -0.46289092996768233, 0.1908832253739912, -0.5873073603907564, 0.5550977021797232, -0.5999745757670722, -0.2321436787756677, 0.053557713281588905, 0.5760784222485369, -0.010095468885678492, -0.044586497810765006], [0.7770242492447147, 0.6786155921402489, 0.5425831200918249, 0.24698391529562655, 0.03276103937553469, 0.058276649809175046, 0.07410976626259003, -0.35339603285073945, -0.051980220355339626, -0.8017570784135258, -0.4051263091441441, -0.4485239813604816, 0.020539029386304666]], "inverted": true, "swapped": true, "error_lsq": 0.049145971204257795, "error_max": 0.3579818870592337, "target": "223.xyz", "model": "6.xyz", "model_rescale": 4.08911054899281, "target_rescale": 4.25539373033014},
{"mapping": [2, 9, 0, 6, 7, 8, 1, 5, 13, 12, 14, 10, 3, 11, 15], "R": [[0.14117763499966865, -0.9583563172619944, -0.24823787893858643], [0.9899376777970941, 0.13909385681956274, 0.026005635403819775], [0.009605699016612824, -0.24941144352071526, 0.968349968961282]], "T": [0.06625938880468818, 0.006312835949532046, -0.03795653106132828], "aligned_model": [[0.12318772549859566, 0.215439107802646, 0.6817851139361926, -0.38282228385546524, -0.5230377156838416, -0.030722633259699594, 0.2212245645914425, 0.4858502323388591, -0.6645698154331462, -0.39586964268641317, -0.4628514325048022, 0.08424123960992438, 0.042297671924922176, 0.6559140012816405, -0.013732593761300177], [-0.66848731126487, -0.6949214372945584, -0.375252122201109, -0.35909142197298277, 0.16852388978653862, 0.7165006380707183, -0.04924112957598673, 0.30121234784747597, -0.0220535433486221, -0.6244228484003508, 0.4720329833805003, -0.3340164932246774, 0.47232057715298953, 0.33433173770226865, -0.03667705048822129], [-0.5198717446052876, 0.06310301610039266, -0.27442375984167067, -0.425996130958606, -0.36925948049000035, -0.1897727640840043, -0.7160201782476749, -0.3316562718627247, 0.2827359351328141, 0.1431476569623591, 0.5331790870454592, 0.5299335136098106, 0.4355465490278891, 0.304564930369498, -0.0011403260761738004]], "inverted": false, "swapped": true, "error_lsq": 0.04487060644222322, "error_max": 0.2710342194893397, "target": "223.xyz", "model": "7.xyz", "model_rescale": 3.964800864290218, "target_rescale": 4.25539373033014},
{"mapping": [7, 14, 8, 6, 5, 12, 1, 3, 10, 4, 9, 0, 11, 15], "R": [[-0.7590880679144918, 0.38860606641862844, -0.5222744779256255], [-0.3223938552280566, 0.47257634147550065, 0.8202035135189449], [0.5655506230754547, 0.7909847827994365, -0.23344285407502502]], "T": [0.006117112728086481, 0.0060251412571009026, 0.01850542001908366], "aligned_model": [[-0.28685459451155193, 0.500446107924549, 0.3845062553436665, -0.6475180185409365, 0.18347184050958962, -0.4935746731439088, -0.39274285037159057, 0.6178711479257413, 0.11683216779678382, 0.22673919315102878, -0.3785996305076493, -0.1940052249203266, 0.6546000796867398, -0.029983910881262427], [-0.14696416480515873, -0.64186672134199, 0.20498282253415473, -0.13278372622829832, 0.5667700184309912, -0.5867171441094814, 0.5584474973861911, -0.22144260344105116, -0.4426871966763668, 0.0838671322366728, -0.1200373462668903, 0.5087871281327584, 0.265488427632158, -0.08489565730248744], [-0.5931374485188357, -0.3801478003442855, -0.5765222207726013, -0.17964241618896604, -0.03973734003706028, 0.2262412485354824, -0.1318642202438015, -0.10781944345867066, 0.49289546677233703, 0.7105902243580725, 0.618754037941992, 0.554753422720441, 0.30963865077621044, 0.012812877184707085]], "inverted": true, "swapped": true, "error_lsq": 0.034757002043193576, "error_max": 0.22367677929276658, "target": "223.xyz", "model": "8.xyz", "model_rescale": 4.121658175737393, "target_rescale": 4.25539373033014},
{"mapping": [0, 5, 1, 2, 11, 10, 8, 13, 7, 3, 9, 6, 15], "R": [[0.06879205432107496, 0.9198379241599717, -0.38621994580725727], [-0.9728145906610106, -0.023961725564338433, -0.23034237105888714], [-0.22113214478979978, 0.3915661233879328, 0.8931833773395077]], "T": [-0.06257079200760794, -0.07553613907725557, -0.007429721244716393], "aligned_model": [[-0.46862518575634304, -0.1562709491752467, 0.21555670601593968, 0.058219245159642316, -0.665555561056006, -0.4821225569515426, 0.23628454180327385, 0.30593871890594093, 0.6245572261352024, -0.24270604609337415, -0.36966961040824353, 0.45181948812155226, -0.03068852026559845], [0.3138134527149107, -0.3197807516310227, 0.12314564812922121, 0.686464363706773, -0.5057647103768647, 0.12577242012020345, -0.7261652354799761, -0.07876481945251983, -0.12454269457707329, -0.6344984503770641, 0.5748938409511967, 0.39331005017975973, -0.03749567449583425], [-0.5211487208571894, -0.5373793279314183, -0.6157400044912537, -0.31662763184964826, -0.1620992340656743, 0.4638426868351644, -0.16295355820091892, 0.7010545418863466, 0.08637108816965686, 0.3041067459195352, 0.07520370674983004, 0.029383890957882818, 0.07706125083677595]], "inverted": false, "swapped": true, "error_lsq": 0.03925723705769392, "error_max": 0.2337866390321849, "target": "223.xyz", "model": "9.xyz", "model_rescale": 3.833441315466971, "target_rescale": 4.25539373033014},
{"mapping": [3, 11, 9, 2, 0, 4, 5, 6, 13, 12, 14, 7, 8, 10, 15], "R": [[0.6907340683387542, 0.7112410525972632, 0.13047073210697735], [-0.5101863561801245, 0.6072105604470619, -0.6091019760674009], [-0.5124415369618673, 0.3541630985603983, 0.782286501746168]], "T": [-0.024260864856101502, 0.01903146614174647, -0.03486731824182966], "aligned_model": [[0.3358120274832242, -0.1451349649769761, -0.6719622609422473, -0.5684167958197324, -0.6931764361580793, -0.6103208264724403, -0.038069047741779584, -0.017416274872577006, 0.3897482595259841, -0.2432299785929945, 0.6426709228600548, 0.4812672274867535, 0.6005537655410932, -0.3281044975397462, -0.010376101486004397], [-0.5256169260661, -0.6761543090954452, 0.17466609937716654, 0.6445068152448802, 0.05254910068319549, -0.41602585292636823, -0.10147147009097551, 0.6938248496738512, 0.15954396252954053, 0.39150599414802706, -0.3443787610342727, 0.491713803348358, -0.1288800084818761, -0.26522018297857103, 0.05053842496356846], [0.09022539401252509, -0.3082097834589249, 0.24878368043567023, -0.09414005823122813, -0.39792242772069886, -0.0036630742633639163, -0.613287677744206, 0.13942092761782537, 0.6334232760375774, 0.6415236377848722, 0.46130241938608607, 0.031147101324682666, -0.387782703016844, 0.4804253645522535, 0.05687583110586632]], "inverted": false, "swapped": true, "error_lsq": 0.045791705497455606, "error_max": 0.2826632430371848, "target": "223.xyz", "model": "10.xyz", "model_rescale": 4.2482417240324, "target_rescale": 4.25539373033014},
{"mapping": [14, 13, 12, 6, 11, 4, 10, 1, 7, 5, 8, 15], "R": [[-0.7378151534013025, 0.10131649018825392, -0.6673558033218456], [0.15415743245460925, -0.9372506368314008, -0.3127246868703151], [-0.6571638193254519, -0.3336108699893748, 0.6758990323964945]], "T": [0.03024506453290561, 0.1576220029774819, -0.05171733164564194], "aligned_model": [[-0.680164560204603, -0.14054721221619115, 0.38654145854967664, 0.5776313480185056, -0.4638291534653007, -0.033031130932045, -0.10607612667066522, 0.5256137651755102, 0.15703484097161313, -0.0017433968424935137, -0.38431334162524355, 0.03964911160424363], [-0.4022561964602957, -0.5935374959297042, -0.3245425454718483, -0.2693174179495733, 0.7273478454728535, 0.6882880806362863, 0.1323787179788203, 0.35726065938558255, -0.40558930298629975, 0.6002217300240926, 0.08115113711443442, 0.07472617823629102], [0.01831107755214275, 0.15887478719891301, 0.4819114719324976, -0.1138489582610567, 0.01083700445926191, 0.44638355315225603, 0.5959135906260273, -0.500744074411712, -0.4390963773758011, -0.44205558982599286, -0.6509784851107941, -0.00031571008138536055]], "inverted": false, "swapped": true, "error_lsq": 0.04630665431475279, "error_max": 0.2595581526266158, "target": "223.xyz", "model": "11.xyz", "model_rescale": 3.6694154284099745, "target_rescale": 4.25539373033014},
{"mapping": [13, 14, 3, 8, 7, 12, 6, 9, 5, 0, 4, 1, 10, 15], "R": [[0.5090595017731401, 0.39395211999701774, -0.7652843594405534], [0.768895456041421, -0.6077458991375855, 0.19860689756477126], [-0.38685682278245803, -0.6895263948764424, -0.6122868195832396]], "T": [0.09470758580224259, 0.12199551257796261, 0.021355858196846253], "aligned_model": [[-0.10361092534930175, -0.0696985708780879, -0.04652499100770488, 0.6152806925939389, 0.5267462554529363, -0.3428003531495174, 0.27356929454265666, -0.38472779802191487, 0.45013128321269347, 0.015203364209618264, -0.4334034351438585, 0.6126391525088801, -0.5646174256888572, 0.05007830697432844], [-0.25365278842459205, 0.30062730900796625, 0.5906737020147652, 0.49063140956132634, -0.26193641345382235, -0.5409561611766964, -0.5516155863076261, -0.22487150782600168, 0.4891281645118614, 0.1737552814502742, 0.41855800522345965, -0.05463555285762488, 0.10099272963031045, 0.05428869678265369], [-0.6548968735563075, -0.852778403899052, -0.4284626158404184, -0.3391044189976401, -0.365017033897821, -0.09384550377000188, 0.026447824437231246, 0.43851543138014004, 0.3182890948768061, 0.777253001298641, 0.42984611736822964, 0.4542751547866121, -0.03777040011409423, -0.03365591441990936]], "inverted": false, "swapped": true, "error_lsq": 0.04222970165358924, "error_max": 0.2448609736271816, "target": "223.xyz", "model": "12.xyz", "model_rescale": 3.9764082729961374, "target_rescale": 4.25539373033014},
{"mapping": [0, 7, 2, 6, 9, 4, 8, 3, 6, 1, 12, 5, 10, 11, 14, 15], "R": [[0.5987925976096213, 0.8003685942067557, 0.029283757535941368], [-0.5532808695661801, 0.38694522567724343, 0.7376677244516523], [0.579074869442643, -0.457912115730834, 0.6745285685920925]], "T": [-0.08221737155983277, -0.03389253426616215, 0.09131512151317098], "aligned_model": [[-0.13037546056995092, -0.015948873175827105, -0.6459164784856983, 0.6344540045385153, -0.25542321159256576, 0.45458277238869027, -0.5281131750749322, 0.047311757805807014, 0.6344540045385153, -0.70210767314336, -0.36063677387093696, 0.332798613990086, -0.724157244862591, -0.22900022381322582, 0.37650600384469257, -0.008079243307602804], [-0.49587501784495136, 0.04794190956865527, -0.07733465994261382, -0.018669409594853886, -0.6089729451847298, -0.23146982983723388, 0.4680557590540081, 0.7036626485030608, -0.018669409594853886, -0.16649756047465616, -0.2822193462813233, -0.7613364562652308, 0.28444086635141963, 0.6976976724265477, 0.574355879848909, 0.013854933945701052], [-0.4666821157842267, -0.6569798128858032, -0.47137094768866405, 0.35552943008818616, 0.06336186635552146, -0.34304940225792857, -0.12976784908642328, -0.2929738379036314, 0.35552943008818616, 0.12971433098320828, 0.609031226921707, 0.12887810754144938, 0.4556280969526275, 0.3629311418527068, 0.3330066007983311, 0.029570550969009624]], "inverted": false, "swapped": false, "error_lsq": 0.05418952331628955, "error_max": 0.5254389779461844, "target": "223.xyz", "model": "13.xyz", "model_rescale": 4.170626492500431, "target_rescale": 4.25539373033014},
{"mapping": [5, 8, 1, 7, 0, 12, 6, 11, 4, 14, 3, 13, 10, 15], "R": [[-0.21042646670917198, 0.9556991008625348, -0.20581528300599117], [0.9764995958714893, 0.19544672387002554, -0.09082465189193992], [-0.04657511536337659, -0.220090451267238, -0.9743669493008635]], "T": [0.0009073500924315168, 0.04052411176547426, 0.0004366370690290222], "aligned_model": [[0.27091013521889284, -0.09526281635337738, -0.16309285543275764, -0.6588023563290645, 0.41673072520819837, -0.3837650159013167, -0.6009177215802867, 0.7054455167192218, 0.6431629026451121, -0.18367403725391712, 0.22528591199612372, -0.5141179285204333, 0.23921039949473286, -0.05792983781948535], [-0.2779731729056093, -0.6855628425700516, 0.013445671527700175, -0.17834113224995662, 0.4052970886805311, 0.6765223876679436, 0.3413364783365718, -0.22523436446863748, 0.3849727081963823, -0.3627549172420831, -0.36188101278448154, 0.08981835630448287, 0.4507453460543358, 0.08568387337853776], [-0.41782131147859947, -0.0187839072562294, -0.6772369193649412, -0.014605166710572354, -0.5234069291738703, 0.3032944189878623, -0.18146403566091807, 0.07532533807932265, 0.05120891256240906, 0.7918563407839208, 0.47967240606516287, 0.6087775570802867, 0.4625802269577391, 0.06447617024929417]], "inverted": true, "swapped": true, "error_lsq": 0.04619545502084288, "error_max": 0.33291000684210886, "target": "223.xyz", "model": "14.xyz", "model_rescale": 3.9786697098870705, "target_rescale": 4.25539373033014},
{"mapping": [2, 12, 1, 0, 7, 8, 10, 3, 5, 4, 13, 15], "R": [[0.5785185805817702, -0.4327025339775745, -0.6914367425954743], [0.6412885995711868, 0.76512388677137, 0.05774400360122389], [0.5040487912709247, -0.47681647935160343, 0.7201255869895625]], "T": [0.07193839041309584, 0.04010063436582946, 0.021718597151847315], "aligned_model": [[0.04423846293353499, -0.6493878897185216, 0.5250357523435185, 0.42590646519124975, -0.057263432259344396, 0.44278482153681753, -0.4001420660955077, 0.023083652966902332, 0.6613797870612835, 0.09955842965059282, -0.6086109608371562, -0.023228426006033462], [-0.43647161164430287, -0.1480569665414433, -0.015680561932210457, -0.6173022554413293, 0.5904449327104838, 0.6508707392168417, -0.2976162671512314, 0.34101198246042685, 0.021259365930865137, -0.5877128310473744, 0.45793927334379075, 0.0559886903199222], [-0.6586856617964035, -0.2757281829471151, -0.5059763878339224, -0.12963703830736922, -0.38297040682931355, 0.1837469867559413, 0.34067602237264616, 0.6124876897830597, 0.0602618503015942, 0.39428032412488295, 0.01691366167046709, 0.004597636579362446]], "inverted": false, "swapped": true, "error_lsq": 0.04713378617796323, "error_max": 0.22738623074478018, "target": "223.xyz", "model": "15.xyz", "model_rescale": 3.769337070930944, "target_rescale": 4.25539373033014},
{"mapping": [7, 14, 1, 5, 6, 12, 2, 10, 0, 11, 15], "R": [[-0.9998058234892202, -0.018215266734033075, 0.007517936874621268], [-0.002231270752401803, -0.2744117647650961, -0.9616096946211262], [0.01957898740671331, -0.9614397471585591, 0.27431783725418624]], "T": [-0.12168358544504938, 0.002746523185966916, 0.017134647027578456], "aligned_model": [[-0.20935376161397345, -0.5160143811020634, -0.08753159297754809, -0.4675840615554819, 0.29635339809786226, 0.5624856478516245, 0.5395571585627781, 0.21495405007264112, 0.1790507107134589, -0.5203824895842076, -0.06890854777391951], [-0.01748660599353196, -0.7857386733274864, 0.6690775383603614, 0.44722861101646433, 0.1362621963263643, -0.3439622224548612, 0.49118557847784766, -0.4559351407095645, 0.5403189564709263, -0.018573650693003367, -0.06631208984817469], [-0.6722489242444167, -0.19697684191170256, -0.1870891959855263, 0.1962163883263166, -0.5243337241002226, -0.21928654086670185, -0.10544722346713772, 0.3561519558043172, 0.46541496999564475, 0.6599367530346529, -0.028120009361446686]], "inverted": false, "swapped": true, "error_lsq": 0.04499529976324111, "error_max": 0.23207337687045324, "target": "223.xyz", "model": "16.xyz", "model_rescale": 3.7852294659196426, "target_rescale": 4.25539373033014},
{"mapping": [8, 13, 10, 14, 7, 6, 2, 9, 11, 5, 1, 4, 15], "R": [[-0.3774270953129096, 0.8871054536151484, -0.26569287135698993], [0.24729775578588442, 0.373047204886091, 0.8942480656450649], [0.8924083189364189, 0.2718081990907135, -0.36017731077920234]], "T": [0.0336498289164652, 0.07544937855063959, -0.02771723444846074], "aligned_model": [[0.061851197305006225, -0.43108222463029133, 0.23501030775569312, -0.014336794306307354, -0.5779119062565823, -0.623514057851019, -0.32455843383855465, 0.026992997719227987, 0.7769817313078616, 0.31927547572804515, -0.17779107228929067, 0.6094948064892165, -0.026646176916722247], [-0.08689281221518759, -0.5620995853504664, -0.2461412660989729, -0.8044945067481981, -0.040521257161564225, 0.24863705376998285, 0.6959747589406035, 0.3027035224497372, 0.026066483211354755, 0.43729738706709836, 0.703303884597614, 0.18412309827309858, 0.017098862967774464], [-0.7416290577242624, 0.09603684487789882, 0.5151270497865496, -0.24322930821002536, -0.3373754385546225, 0.1269146076680856, 0.3935587321463057, 0.659675206071588, -0.16049120026338254, -0.3975357635384854, -0.24672002658063472, 0.40852517382092046, 0.02289787764323834]], "inverted": true, "swapped": true, "error_lsq": 0.04097308469840445, "error_max": 0.23798432017881188, "target": "223.xyz", "model": "17.xyz", "model_rescale": 3.901054581598922, "target_rescale": 4.25539373033014},
{"mapping": [5, 8, 4, 0, 14, 10, 7, 1, 3, 12, 13, 6, 2, 9, 15], "R": [[-0.16132385825925571, 0.43589283629349845, -0.8854219604371452], [-0.8025015435641216, -0.5801401112053004, -0.13938695759612676], [-0.5744265708805176, 0.6880660481659528, 0.4433951150246681]], "T": [0.013998724003514106, -0.014441501863043014, -0.1102491021786355], "aligned_model": [[0.1695829834315025, 0.09560040889818834, -0.4344926121402803, 0.15354817272052285, -0.47874609719892736, -0.49794432231051833, 0.44485353447128806, 0.6427158465778975, -0.49580252509455713, 0.017762680716721695, -0.13155145586703976, 0.5332271232206082, 0.550156505651807, -0.031101818945950172, 0.0012777869577709385], [-0.07390811998554928, -0.6851090194673194, 0.5041127897608374, 0.6141639924573111, -0.6750807173747055, 0.2943450454321822, -0.4389132251285809, 0.10697645266146566, -0.43442864900060124, 0.31961037816855503, -0.33768533116872435, 0.09153519679558106, 0.604738614806214, 0.673169413247638, -0.014769471377198062], [-0.6772931881097793, -0.3937392102026755, -0.3625818633674221, -0.5173873707647039, 0.26897085948801736, 0.1747275418316051, 0.23258181254519417, -0.38745519613898244, -0.18545567269379687, 0.6195348701420461, 0.6053542845311558, 0.34245406801509903, 0.03113393620949738, 0.11190916809578962, -0.013087634729068598]], "inverted": false, "swapped": true, "error_lsq": 0.04024515091938523, "error_max": 0.21952628116537415, "target": "223.xyz", "model": "18.xyz", "model_rescale": 3.9405287249114394, "target_rescale": 4.25539373033014},
{"mapping": [8, 9, 5, 12, 0, 7, 11, 11, 13, 6, 1, 4, 2, 10, 14, 15], "R": [[0.5692861550732661, -0.2953421233482552, -0.767258954863377], [-0.82152421582773, -0.16825754778600094, -0.5447819384135961], [0.031799944190688045, 0.9404586263037762, -0.33841739872572085]], "T": [0.027556184134312406, -0.047980963908325305, 0.128920886840798], "aligned_model": [[-0.3625105491110563, 0.046604102868973374, -0.6119932466651394, 0.38035062162908173, -0.15922144021670603, 0.30224521294263273, 0.00020710399622328457, 0.00020710399622328457, 0.5602675100663314, -0.6544877739092616, -0.3351687195805445, 0.427339390394355, -0.786778025056315, -0.2918659630628574, 0.36975456532394113, -0.004601094406266153], [-0.5108572303148216, 0.13381689685139914, 0.07514087677058666, -0.12761242575160886, -0.7041131631736737, -0.3390947846911338, 0.5946567356902448, 0.5946567356902448, 0.2867102801024881, -0.35142063392449435, -0.2894527467323833, -0.6601048874635675, 0.24182789547225403, 0.6286892972227406, 0.5812632724057433, -0.025141083476163378], [-0.3248033258135697, -0.6164626128233686, -0.38787712077030106, 0.5404229857015983, 0.21423743907398668, -0.45023732102896824, -0.19585906446481255, -0.19585906446481255, -0.10672770699801848, 0.09692305021151876, 0.6245431687291906, 0.11697438861518113, 0.21945211780255003, 0.369733856855478, 0.42335410686345115, 0.13454191945515215]], "inverted": true, "swapped": false, "error_lsq": 0.046138110410492116, "error_max": 0.4518473723464962, "target": "223.xyz", "model": "19.xyz", "model_rescale": 4.410303926677745, "target_rescale": 4.25539373033014},
{"mapping": [7, 14, 8, 6, 5, 12, 1, 3, 10, 4, 9, 0, 11, 15], "R": [[-0.7590880679144918, 0.38860606641862844, -0.5222744779256255], [-0.3223938552280566, 0.47257634147550065, 0.8202035135189449], [0.5655506230754547, 0.7909847827994365, -0.23344285407502502]], "T": [0.006117112728086481, 0.0060251412571009026, 0.01850542001908366], "aligned_model": [[-0.28685459451155193, 0.500446107924549, 0.3845062553436665, -0.6475180185409365, 0.18347184050958962, -0.4935746731439088, -0.39274285037159057, 0.6178711479257413, 0.11683216779678382, 0.22673919315102878, -0.3785996305076493, -0.1940052249203266, 0.6546000796867398, -0.029983910881262427], [-0.14696416480515873, -0.64186672134199, 0.20498282253415473, -0.13278372622829832, 0.5667700184309912, -0.5867171441094814, 0.5584474973861911, -0.22144260344105116, -0.4426871966763668, 0.0838671322366728, -0.1200373462668903, 0.5087871281327584, 0.265488427632158, -0.08489565730248744], [-0.5931374485188357, -0.3801478003442855, -0.5765222207726013, -0.17964241618896604, -0.03973734003706028, 0.2262412485354824, -0.1318642202438015, -0.10781944345867066, 0.49289546677233703, 0.7105902243580725, 0.618754037941992, 0.554753422720441, 0.30963865077621044, 0.012812877184707085]], "inverted": true, "swapped": true, "error_lsq": 0.034757002043193576, "error_max": 0.22367677929276658, "target": "223.xyz", "model": "20.xyz", "model_rescale": 4.121658175737393, "target_rescale": 4.25539373033014},
{"mapping": [14, 3, 8, 13, 7, 10, 5, 12, 4, 2, 1, 6, 15], "R": [[0.03063400216850215, -0.997409151913397, 0.0650887209164428], [-0.5804196815324177, 0.035263948457855354, 0.8135535921062413], [-0.813741083638369, -0.06270117717044948, -0.5778356264375648]], "T": [-0.051962185084896154, 0.03288196062325419, 0.028786980268205174], "aligned_model": [[0.31899464971516023, -0.12738601877343497, 0.16276057701187951, 0.5348588895322485, 0.6250643689268305, -0.28248781832701947, -0.32494258764615025, 0.26047696260678016, -0.7279451168896689, -0.027316149198330076, 0.00743158375500929, 0.4540976315153621, 0.007475932435627809], [-0.32149273831820024, -0.08534056724485747, 0.5090416582400228, -0.46289092996768233, 0.1908832253739912, -0.5873073603907564, 0.5550977021797232, -0.5999745757670722, -0.2321436787756677, 0.053557713281588905, 0.5760784222485369, -0.010095468885678492, -0.044586497810765006], [0.7770242492447147, 0.6786155921402489, 0.5425831200918249, 0.24698391529562655, 0.03276103937553469, 0.058276649809175046, 0.07410976626259003, -0.35339603285073945, -0.051980220355339626, -0.8017570784135258, -0.4051263091441441, -0.4485239813604816, 0.020539029386304666]], "inverted": true, "swapped": true, "error_lsq": 0.049145971204257795, "error_max": 0.3579818870592337, "target": "223.xyz", "model": "21.xyz", "model_rescale": 4.08911054899281, "target_rescale": 4.25539373033014},
{"mapping": [12, 9, 10, 2, 13, 14, 5, 11, 15, 7, 0, 3, 6, 8, 1, 16], "R": [[-0.1156956950414213, -0.31783342070913334, 0.9410613278789082], [-0.8910072927184918, 0.4519389069152199, 0.04309557678858145], [-0.43899944244992706, -0.8335065333256888, -0.33547928167331875]], "T": [-0.04654404627538075, 0.01553518628203423, 0.05827496710233428], "aligned_model": [[-0.2175739236590742, -0.0737668257601215, -0.7069213198961797, 0.5487819833773625, -0.16984399695054353, 0.3367305203407416, -0.32310945461280216, 0.2298305287018437, 0.6409141574425554, -0.6574596776584873, -0.35237866158946407, 0.3913838051016243, -0.696164193130547, -0.24955304863188033, 0.23995356139388888, -0.06047465525930067], [-0.5154290120691927, 0.064390379884604, 0.017008275082553564, -0.08004571834222651, -0.629980660751038, -0.31119899975001414, 0.47269041547791496, 0.7203776837880953, 0.22471272801466172, -0.3442460611175199, -0.12318651390854451, -0.7343882170493539, 0.24376548935037665, 0.6519073212415859, 0.4896740570569865, -0.01708613223103407], [-0.4252488763071124, -0.6519501393939788, -0.40544380080498604, 0.4553959039243078, 0.127819049675303, -0.33942839497832766, -0.4024307147360655, -0.054451153535361355, -0.06482252300114835, 0.11427258634489688, 0.7563443591767872, 0.04764908273134459, 0.3437022294872959, 0.24423159879186068, 0.6267024763645778, 0.09001513320486221]], "inverted": false, "swapped": false, "error_lsq": 0.03724847797326411, "error_max": 0.2774773530375798, "target": "223.xyz", "model": "22.xyz", "model_rescale": 4.204369325754507, "target_rescale": 4.25539373033014},
{"mapping": [8, 9, 5, 12, 0, 7, 11, 11, 13, 6, 1, 4, 2, 10, 14, 15], "R": [[0.5692861550732661, -0.2953421233482552, -0.767258954863377], [-0.82152421582773, -0.16825754778600094, -0.5447819384135961], [0.031799944190688045, 0.9404586263037762, -0.33841739872572085]], "T": [0.027556184134312406, -0.047980963908325305, 0.128920886840798], "aligned_model": [[-0.3625105491110563, 0.046604102868973374, -0.6119932466651394, 0.38035062162908173, -0.15922144021670603, 0.30224521294263273, 0.00020710399622328457, 0.00020710399622328457, 0.5602675100663314, -0.6544877739092616, -0.3351687195805445, 0.427339390394355, -0.786778025056315, -0.2918659630628574, 0.36975456532394113, -0.004601094406266153], [-0.5108572303148216, 0.13381689685139914, 0.07514087677058666, -0.12761242575160886, -0.7041131631736737, -0.3390947846911338, 0.5946567356902448, 0.5946567356902448, 0.2867102801024881, -0.35142063392449435, -0.2894527467323833, -0.6601048874635675, 0.24182789547225403, 0.6286892972227406, 0.5812632724057433, -0.025141083476163378], [-0.3248033258135697, -0.6164626128233686, -0.38787712077030106, 0.5404229857015983, 0.21423743907398668, -0.45023732102896824, -0.19585906446481255, -0.19585906446481255, -0.10672770699801848, 0.09692305021151876, 0.6245431687291906, 0.11697438861518113, 0.21945211780255003, 0.369733856855478, 0.42335410686345115, 0.13454191945515215]], "inverted": true, "swapped": false, "error_lsq": 0.046138110410492116, "error_max": 0.4518473723464962, "target": "223.xyz", "model": "23.xyz", "model_rescale": 4.410303926677745, "target_rescale": 4.25539373033014},
{"mapping": [2, 4, 3, 13, 0, 5, 10, 9, 15, 3, 7, 12, 1, 11, 14, 16], "R": [[-0.468620296183553, 0.4811238237282491, 0.740887902618168], [0.746968806082231, -0.23194450968361935, 0.6230885548360776], [0.4716276293273386, 0.8454120951753259, -0.25069058336192135]], "T": [0.04769509467576649, 0.10491265329912255, 0.08772188900121915], "aligned_model": [[-0.2703106670637839, -0.10213369183879123, -0.6826799581167069, 0.421190853034081, -0.2703363560800926, 0.36720145482580036, -0.35332904423332334, 0.18385788042023993, 0.6548028835579767, -0.6826799581167069, -0.22451193528563862, 0.29553396076551963, -0.7732272631835383, -0.1410311997862951, 0.5169238316723445, -0.05892199136146946], [-0.5570986159009224, -0.015348808070291042, -0.19102801564558483, -0.08204866720474993, -0.5793267140726123, -0.287773603185667, 0.5277868984079637, 0.6950578193067773, 0.3515755784465736, -0.19102801564558483, -0.12448750979631187, -0.6391399130761679, 0.09926208908744741, 0.5778986569412882, 0.48139721771138566, 0.06326663737431024], [-0.45404131215863586, -0.5733173599333796, -0.3461241520744279, 0.6531712739623603, 0.12025334385677712, -0.2855276565036233, -0.2023487215601848, -0.07230424150404004, -0.1949293534708525, -0.3461241520744279, 0.649157365876057, 0.2641801268632891, 0.3375015980673212, 0.46373799603387694, 0.39793754810072407, 0.05113451346342242]], "inverted": false, "swapped": false, "error_lsq": 0.04735482046963191, "error_max": 0.3959663122448104, "target": "223.xyz", "model": "24.xyz", "model_rescale": 4.28219845311461, "target_rescale": 4.25539373033014},
{"mapping": [10, 5, 8, 13, 14, 11, 1, 3, 9, 6, 2, 12, 0, 4, 7, 15], "R": [[0.6017318781437692, -0.5242403013780098, 0.6025702060645428], [0.19851467873982986, -0.6325999320745367, -0.748604867913717], [0.7736347129947017, 0.5700784440323851, -0.27658615023030453]], "T": [-0.01579874581034582, 0.027081028139526325, 0.06199115802664407], "aligned_model": [[-0.3035063863714844, 0.04531425468822557, -0.4424385472519534, 0.2925840313654202, -0.14320197435507662, 0.21087459153510876, -0.32383920123523735, 0.10793930942977845, 0.5960227596418187, -0.8466209938237363, -0.347109982380573, 0.5214518487565913, -0.7441078389536154, -0.18279874939364976, 0.5189520673593065, -0.07916638980130788], [-0.580235019349408, 0.16234376229680098, -0.05664869805640847, -0.10899674874861505, -0.7092164861494986, -0.3553379833969822, 0.4744888372367401, 0.7725861934438253, 0.18290404200801358, -0.3193611476960195, -0.20012007881505603, -0.509613539089742, 0.27835603700944517, 0.5901317688055658, 0.4556801450707327, 0.05200395010846025], [-0.3600234754317696, -0.7766087911937822, -0.47922402072007525, 0.5511734944979721, 0.20956829955883186, -0.25241617172364644, -0.27685206387269934, -0.10817431158992119, -0.17939508369822704, 0.018295094481622982, 0.6164210867902695, 0.1499720671892854, 0.33028373488641577, 0.49757517433614157, 0.43062426903325274, 0.09113751440058465]], "inverted": false, "swapped": false, "error_lsq": 0.038537395284954874, "error_max": 0.29588978400532817, "target": "223.xyz", "model": "25.xyz", "model_rescale": 4.100010024507729, "target_rescale": 4.25539373033014},
{"mapping": [14, 13, 12, 6, 11, 4, 10, 1, 7, 5, 8, 15], "R": [[-0.7378151534013025, 0.10131649018825392, -0.6673558033218456], [0.15415743245460925, -0.9372506368314008, -0.3127246868703151], [-0.6571638193254519, -0.3336108699893748, 0.6758990323964945]], "T": [0.03024506453290561, 0.1576220029774819, -0.05171733164564194], "aligned_model": [[-0.680164560204603, -0.14054721221619115, 0.38654145854967664, 0.5776313480185056, -0.4638291534653007, -0.033031130932045, -0.10607612667066522, 0.5256137651755102, 0.15703484097161313, -0.0017433968424935137, -0.38431334162524355, 0.03964911160424363], [-0.4022561964602957, -0.5935374959297042, -0.3245425454718483, -0.2693174179495733, 0.7273478454728535, 0.6882880806362863, 0.1323787179788203, 0.35726065938558255, -0.40558930298629975, 0.6002217300240926, 0.08115113711443442, 0.07472617823629102], [0.01831107755214275, 0.15887478719891301, 0.4819114719324976, -0.1138489582610567, 0.01083700445926191, 0.44638355315225603, 0.5959135906260273, -0.500744074411712, -0.4390963773758011, -0.44205558982599286, -0.6509784851107941, -0.00031571008138536055]], "inverted": false, "swapped": true, "error_lsq": 0.04630665431475279, "error_max": 0.2595581526266158, "target": "223.xyz", "model": "26.xyz", "model_rescale": 3.6694154284099745, "target_rescale": 4.25539373033014},
