[{"mapping": [5, 8, 11, 4, 9, 6, 7, 1, 10, 12, 2, 13], "R": [[-0.408825485138841, -0.7647616315240255, -0.4979973590790439], [-0.8252117951896114, 0.5428138454664361, -0.15613655001273535], [0.3897271042420975, 0.34712069387844185, -0.8530064525549726]], "T": [-0.18292480476004558, -0.05730172031689794, 0.06044617561650741], "aligned_model": [[-0.38965343841472333, 0.29333173428257586, 0.380069168832312, -0.2600755442654245, -0.017419167364051025, -0.4215087004867992, 0.3477253012208652, -0.4289659164880469, 0.6045468210412204, 0.28117974704943294, -0.47896957372775817, -0.07261796921905422], [-0.15593866273741508, -0.7109514555607788, -0.2900463800865135, 0.6838873374558148, 0.3002527002675842, -0.6480785389533656, -0.2831864277093057, -0.5303816710279138, 0.19893953320358665, 0.31174482792520586, 0.18087546811380872, -0.0035616949136508813], [-0.5582217924988088, 0.07055783698567161, -0.5403576025106902, -0.20175180275395663, -0.6570781580314399, -0.03712692543052352, 0.5494054567344082, 0.5513111653434619, -0.04844592256838252, 0.4663210297219689, 0.5522954324577334, 0.03504302790411993]], "inverted": true, "swapped": true, "error_lsq": 0.04671808829906665, "error_max": 0.2284525304349687, "target": "224.xyz", "model": "0.xyz", "model_rescale": 3.751011558992144, "target_rescale": 4.100427117185667},
{"mapping": [9, 5, 10, 11, 6, 12, 13, 8, 2, 7, 1, 0, 4, 14], "R": [[-0.6347561188734638, 0.7199509812007614, 0.2806336655156658], [0.29623407523032763, -0.10870126749133363, 0.9489095884847041], [0.7136736244426651, 0.6854594219308967, -0.14427521845774932]], "T": [0.04555544815352698, 0.08295177768258506, 0.030425166878243093], "aligned_model": [[-0.40379461480677836, -0.5470993290325078, -0.030379496062844527, 0.2637142748440191, 0.7147902096596506, 0.04739783644117131, -0.5689795396692191, -0.11566435088254758, -0.4653042234232584, 0.5564080757346925, 0.6443159188511808, 0.3116073701444981, 0.31772738880730783, 0.0329366948744432], [-0.37645299324614856, 0.0592635397783038, -0.6280908058322904, -0.5934291104443136, -0.2518546464829197, -0.07042860370357647, 0.16857289094011016, 0.38187254989292, 0.7330536364151495, 0.1858253869881284, 0.37924156573728174, 0.7732742062337148, -0.07500739095934937, 0.05118016637189457], [-0.11525049581042146, 0.22609128417805086, 0.4318053816425098, -0.3324062119196384, -0.03085482659018879, -0.6965178627247957, -0.34709035863934196, 0.6005767260972088, 0.0417420223174627, -0.379603657961077, 0.22887871222390666, -0.13743143246675182, 0.756059582870561, -0.012413416475685723]], "inverted": true, "swapped": false, "error_lsq": 0.04396603831219723, "error_max": 0.2916684074487616, "target": "224.xyz", "model": "1.xyz", "model_rescale": 3.9405287249114394, "target_rescale": 4.100427117185667},
{"mapping": [1, 2, 0, 10, 4, 6, 7, 12, 9, 5, 11, 8, 13], "R": [[-0.785634735366844, 0.17411581241608887, -0.593684888178699], [0.602294847427599, 0.4346861536411266, -0.6695437734717933], [0.14148844245108594, -0.8835901944336912, -0.4463735979573584]], "T": [-0.0686963295168705, 0.017325288768292528, -0.09899371982202729], "aligned_model": [[-0.4550165484705543, 0.11532606629938923, -0.3049603081173341, 0.49790136204244156, 0.4449199680686227, -0.7031380806739569, 0.12669715251331548, 0.5699312697178487, 0.12306189627621754, -0.4123712132951886, -0.14746219570905378, -0.38184253550203495, 0.022936446134218455], [0.6213449106384921, 0.5232183153482531, 0.22880976888565938, -0.3200798734322264, -0.3306272012676117, 0.07495405910943165, 0.39035803539554126, 0.2340639530494621, -0.7657165102460878, -0.5084456200314074, -0.6591246497494431, 0.012519152626122292, -0.0424417467541685], [0.006866052462300334, -0.40962947641321534, -0.4729500761557833, 0.4136010937832667, -0.5880628349398914, -0.0008987454145052698, 0.5289892192189071, 0.14900210247369444, -0.24095418228710794, -0.30065818093163665, 0.4189916948054965, 0.6467253075558288, -0.037901624568709893]], "inverted": true, "swapped": true, "error_lsq": 0.048811151365209686, "error_max": 0.3649791000385653, "target": "224.xyz", "model": "2.xyz", "model_rescale": 3.932901565614263, "target_rescale": 4.100427117185667},
{"mapping": [0, 7, 4, 2, 6, 1, 3, 9, 8, 10, 12, 11, 5, 13], "R": [[0.8149193738665865, -0.5367558676350169, 0.21863108803706616], [0.19121254864109993, 0.6051001575852728, 0.7728464016429484], [-0.5471235466867298, -0.5880024981661716, 0.5957422989945196]], "T": [-0.024898245089629532, 0.09286834490676334, -0.03214436369809161], "aligned_model": [[-0.3687983799441749, -0.4836332634060679, -0.15189971663131827, 0.21479593163901609, 0.5654768992525031, 0.1721316703116065, -0.4488740615587905, -0.0025998161340783713, -0.4175192883764673, 0.6154823340011536, 0.6074253213583276, 0.10885194415586538, 0.27021506285975955, 0.07662157795247274], [-0.3931787472398571, 0.0030242001887902242, -0.7144538796400246, -0.675090882421183, -0.23115190688358128, -0.1422970587994976, 0.21751002759493582, 0.46643231681442465, 0.7030110627280429, 0.3283251069615767, 0.2966070883282093, 0.8751327690313511, -0.09761644868591728, 0.10076674371163535], [-0.33945731592407125, 0.5075154921159715, 0.27660773186863813, -0.24890501506853874, 0.08257410061557648, -0.7064180961308527, -0.2878677221681154, 0.6001100774468731, 0.0790370456738287, -0.2503604662827745, 0.3444021034253184, -0.44187837008912834, 0.595090332835662, 0.023135548423411575]], "inverted": false, "swapped": false, "error_lsq": 0.05828704182227113, "error_max": 0.3630128298156377, "target": "224.xyz", "model": "3.xyz", "model_rescale": 3.9243930471874484, "target_rescale": 4.100427117185667},
{"mapping": [7, 10, 8, 1, 6, 12, 2, 11, 5, 4, 0, 3, 13], "R": [[-0.7824628615608051, 0.44751539403784846, -0.4329917347677965], [0.5258414114144905, 0.10242328131866274, -0.8443934399825326], [-0.33353062875797956, -0.8883914922730112, -0.31546454022162224]], "T": [0.03270392699689488, -0.03018354608968573, -0.035218500509094204], "aligned_model": [[0.038693492457913356, -0.3405914975321331, 0.5634661926707297, 0.42476447630861636, 0.6651705400607442, -0.49907359204997775, -0.24590624616815165, 0.27846591282851446, 0.30292436812443124, -0.6035098552928236, 0.1373090148021638, -0.4100858226604294, -0.03442109723824553], [-0.6231336736152161, 0.03743187114293282, -0.26159789839909187, -0.5871022237451138, -0.05171390184858434, -0.3881984389490167, -0.40636749324204213, 0.4180630753623003, 0.5661908135177832, 0.41423749785561786, -0.06616601387029342, 0.08274750119251914, -0.00656156172020856], [-0.5043335034408757, -0.7793336205497353, -0.5999479294774203, 0.21261091404182542, 0.08718436680516764, -0.35981177478028525, 0.3736195836892652, -0.7213478494233351, 0.045618159208839985, 0.1123728093738526, 0.4424348748319808, 0.6163593028339401, -0.1383550177422562]], "inverted": false, "swapped": true, "error_lsq": 0.049025999208087, "error_max": 0.2916357148338005, "target": "224.xyz", "model": "4.xyz", "model_rescale": 3.8936222436046832, "target_rescale": 4.100427117185667},
{"mapping": [3, 4, 5, 0, 11, 10, 12, 7, 1, 2, 6, 13], "R": [[0.8522458045165751, 0.4891889054816018, -0.1853949930219493], [0.522136394051631, -0.817360625845261, 0.2435060437126841], [-0.032414112523035235, -0.30432847726027257, -0.9520154952718933]], "T": [-0.06332061542955172, 0.014937049670749724, -0.07363716860787153], "aligned_model": [[0.13021109069027925, -0.4907715220167568, -0.30109533687855017, 0.31412051659405116, -0.7195645312494191, -0.7362202407164782, -0.23875219213137663, 0.017360514976112934, 0.6091471930085051, 0.35054914576129026, 0.2641373757218818, -0.17157397154444237], [-0.6825583432830329, -0.6083512632633996, 0.22306656901996114, -0.12053269086589123, 0.5638002123666453, 0.041103047061018305, -0.30395588769265836, 0.23435766704578087, 0.23387287043082117, -0.4299999892829114, 0.5128819241730833, 0.005238789400390754], [-0.40441726653666354, -0.3035472319962872, -0.6527410575345904, -0.3557290873377932, -0.08744377388820529, 0.42047826867802496, 0.5459222259383393, 0.6454176015382309, 0.08492972442898497, 0.05685965861851236, -0.3191615070638329, -0.011282835569201552]], "inverted": true, "swapped": true, "error_lsq": 0.04566109744685934, "error_max": 0.2602668264598291, "target": "224.xyz", "model": "5.xyz", "model_rescale": 3.6523030999806103, "target_rescale": 4.100427117185667},
{"mapping": [3, 2, 1, 0, 6, 4, 7, 5, 10, 11, 8, 5, 13], "R": [[0.6390099514242625, 0.25156403101312663, 0.726898768936355], [0.7309870588120699, -0.4927526272183861, -0.4720728420685284], [0.23942473103261733, 0.8330128370378244, -0.4987638835161925]], "T": [0.041159668620225534, -0.047387373952207615, 0.0895727425638012], "aligned_model": [[0.19261141457633713, 0.022986082974847902, 0.34114078261289354, 0.4236243684830389, 0.5613406045345327, -0.19528542387493286, -0.41645745145897123, 0.43501918209524765, -0.6994422552117201, -0.1302273144418733, -0.020544569443411334, 0.43501918209524765, -0.06870169827694225], [-0.6139172612813247, -0.07584651748947781, 0.5061611409345013, -0.12328730909729067, 0.29835719286196427, -0.7976890198406418, 0.5513350470584685, -0.35305416963502007, -0.06130865669437706, 0.004042030015594042, 0.6278919944624161, -0.35305416963502007, -0.0688033974966087], [0.6276025494155114, 0.7101743601181579, 0.44857786715002185, 0.3868094538914442, -0.06958919766096004, 0.16170036724290252, 0.15131939099249342, -0.34246721255256624, -0.29635940017398554, -0.7471344877198205, -0.35130238109303286, -0.34246721255256624, 0.0332456424241893]], "inverted": true, "swapped": true, "error_lsq": 0.05291173645879113, "error_max": 0.42630063854740896, "target": "224.xyz", "model": "6.xyz", "model_rescale": 4.08911054899281, "target_rescale": 4.100427117185667},
{"mapping": [2, 7, 6, 0, 3, 1, 13, 5, 12, 9, 8, 11, 4, 14], "R": [[-0.877135391529083, -0.48024178553878416, 0.0011542745093992834], [-0.22062242817508745, 0.4050873688123301, 0.8872598085199352], [-0.42656681670431307, 0.7779923206891082, -0.4612685766833953]], "T": [0.044950039085552514, 0.15366516991772788, 0.05780817091818989], "aligned_model": [[-0.412549940226528, -0.6105901236323363, 0.0067795264496920485, 0.3194064194873617, 0.6090053873422665, 0.04644452129863404, -0.5591788396571178, -0.20168480782115314, -0.38864787706851156, 0.6730675530670459, 0.673864583357118, 0.10193071520237648, 0.3513876539324622, 0.1484414437484974], [-0.41847184208991123, -0.13784836108362625, -0.3290626646612408, -0.6784141014472009, -0.385198292218833, -0.029166962796951662, 0.3324665726624592, 0.33621767586100404, 0.7154442643654995, 0.15242211619743526, 0.3455778536383103, 0.6366454197166764, 0.01490888058441936, 0.18149983296086458], [-0.2790783852274526, 0.34862756649623144, 0.1788858986028925, -0.2842063967911919, 0.19167067329645082, -0.6524848929824172, -0.31495566664825636, 0.7551940500758226, 0.124133235256584, -0.41125914978849454, 0.23887443259008945, -0.27084718627315674, 0.6772370773147539, -0.06820580918005618]], "inverted": false, "swapped": false, "error_lsq": 0.0502206565357312, "error_max": 0.3461928614214789, "target": "224.xyz", "model": "7.xyz", "model_rescale": 3.964800864290218, "target_rescale": 4.100427117185667},
{"mapping": [8, 1, 5, 10, 10, 12, 7, 0, 2, 11, 6, 4, 3, 13], "R": [[-0.6702422198471969, 0.6370224783774344, 0.38075941062063456], [0.3030969670341706, 0.7032755772576325, -0.6430674078256733], [-0.6774271881973654, -0.3156039044036293, -0.6644445651942652]], "T": [0.028519580652993873, 0.11977114331638607, 0.03353517279653759], "aligned_model": [[-0.30272461590250765, -0.6770844832971936, -0.016956110330938797, 0.49759524743057393, 0.49759524743057393, -0.07063162156037331, -0.5921493523957527, -0.12231528636246206, -0.28569461359436893, 0.7005523003189623, 0.5100935978096212, 0.2921858545230293, 0.30899023674002907, 0.01821981467061508], [-0.49010330566876925, 0.032567776430670145, -0.6692879767192278, -0.551924357476397, -0.551924357476397, 0.24869430423747557, 0.19319730856241113, 0.4217764031983345, 0.7004196261874988, 0.23078439288582459, 0.39075848993610407, 0.7295142888333891, 0.00449981318243052, 0.0480479855755578], [-0.2972034250880067, 0.273615094724986, 0.30627752298538735, -0.02913209185680979, -0.02913209185680979, -0.7041794027449303, -0.3073927356637506, 0.6653587545175824, 0.08574156346901743, -0.4388856212124429, 0.21005187781385834, -0.19838461405306376, 0.6923306093515151, 0.004520006355266094]], "inverted": false, "swapped": false, "error_lsq": 0.046796948132913574, "error_max": 0.3840845987850404, "target": "224.xyz", "model": "8.xyz", "model_rescale": 4.121658175737393, "target_rescale": 4.100427117185667},
{"mapping": [10, 12, 4, 9, 7, 8, 2, 6, 3, 1, 11, 5, 13], "R": [[-0.06555538102409958, 0.8059783833482538, 0.5883037800270544], [-0.5010730041712806, -0.5364383666746406, 0.6790874194462829], [0.8629184993436825, -0.2502653078930027, 0.43902043136472324]], "T": [0.04201002828943561, -0.08064403123084674, 0.014977681336361452], "aligned_model": [[-0.5235851289554989, -0.3205618732741815, 0.4713020976347179, 0.21653203377225635, -0.637680345102205, -0.6421043050674295, 0.2767102311856817, 0.04057706807144703, 0.7355341035093441, -0.05149321150619155, -0.39913821434138613, 0.33821496626459807, -0.027569925755955745], [0.24620786869256117, -0.3360672047286969, 0.16196289622812687, 0.6603723151927916, -0.4071460344085937, 0.030885748660954435, -0.6312944143733186, -0.06258231502820141, -0.32264578253554094, -0.6280775804071137, 0.6486958140102126, 0.4548936758931722, -0.024817547784643533], [-0.5055015056754559, -0.5503747800641774, -0.6022025466165017, -0.2858799145483139, -0.04080809500753036, 0.43178603076553784, -0.15231409994018164, 0.6592848719055364, -0.29133804974354405, 0.48066315453552394, 0.08946988852601573, 0.26130678664511475, -0.07301630682293472]], "inverted": true, "swapped": true, "error_lsq": 0.04336440710979707, "error_max": 0.28442918945809836, "target": "224.xyz", "model": "9.xyz", "model_rescale": 3.833441315466971, "target_rescale": 4.100427117185667},
{"mapping": [12, 1, 0, 10, 8, 7, 6, 5, 4, 9, 2, 3, 13, 14], "R": [[-0.11334476727754055, 0.35950409104468284, 0.9262341886655536], [-0.8775169563329858, 0.400980761391776, -0.2630179087852462], [-0.4659581044245209, -0.8425979097504384, 0.2700218646800648]], "T": [-0.013836758298097017, -0.014992772787785519, -0.05987078355538977], "aligned_model": [[-0.45288865890261193, -0.6234051967269625, -0.1331946767274653, 0.27631768022929737, 0.6821600914882778, 0.17369752780792902, -0.6315760179062186, -0.07870827995750948, -0.35895046401998065, 0.7161841084354414, 0.5062916147618312, 0.27616912358646806, 0.35246820869597545, 0.053111154715336124], [-0.3751035146867763, -0.16800827705493035, -0.4040962265541137, -0.7833684518690938, -0.3172945699600287, 0.18307856229195074, 0.22081331556598024, 0.29680021110043653, 0.7013382270432665, 0.27599831746683023, 0.35894237047220245, 0.7747903485250192, -0.07368112552518138, 0.04681120487334332], [-0.2613000253632621, 0.3282290840548566, 0.4861833815958243, -0.025762703588016023, -0.2380879849996223, -0.6677462761821693, -0.2148651830639562, 0.5367966467126633, 0.0007840504992244479, -0.2606289616173502, 0.26614952118159896, -0.2754190600722556, 0.6458649246407431, -0.08661196705648036]], "inverted": false, "swapped": false, "error_lsq": 0.04102395810008177, "error_max": 0.24456772665970836, "target": "224.xyz", "model": "10.xyz", "model_rescale": 4.2482417240324, "target_rescale": 4.100427117185667},
{"mapping": [7, 10, 4, 9, 1, 0, 2, 5, 11, 6, 8, 13], "R": [[-0.5209872776952389, 0.21940047730796447, 0.8248852568913698], [0.7962244306053582, 0.4731469656054749, 0.37703926194165066], [-0.3075693622370035, 0.8532264526462883, -0.421195569679637]], "T": [-0.013253364837423585, 0.1204932660152872, 0.07390173565040153], "aligned_model": [[-0.7082631180620729, -0.1030272736291181, 0.5441770022685589, 0.6724088572158786, -0.5297750360634509, 0.07148068164080945, -0.21342468129931955, 0.5346885065419542, 0.1820962722414702, -0.09325255486316017, -0.4704435343017194, -0.009899519326823661], [-0.16541271856896023, -0.7029352758316886, -0.19236315349425087, -0.2982283772580776, 0.6280669627660527, 0.5703836435154518, 0.34544404735287787, 0.25207598439289214, -0.35722842885625256, 0.5855834670240317, 0.005340974337423754, -0.004595735328860651], [-0.009247681089367465, -0.03349804212855695, 0.5380714055229041, -0.08299935347797491, 0.04451445803976761, 0.24942523537974376, 0.6176067658080115, -0.26911681044930613, -0.608533588982423, -0.3651327382889305, -0.5832874393421879, 0.06739007886267626]], "inverted": true, "swapped": true, "error_lsq": 0.041842835473490436, "error_max": 0.22695288959447946, "target": "224.xyz", "model": "11.xyz", "model_rescale": 3.6694154284099745, "target_rescale": 4.100427117185667},
{"mapping": [4, 0, 1, 3, 8, 11, 6, 12, 5, 9, 10, 7, 2, 13], "R": [[0.009197322790665007, -0.7888861350518289, -0.6144705649390149], [0.7061337277430993, 0.44021737961035234, -0.5546023956246763], [0.708018762319982, -0.4287975333557585, 0.5611079286473311]], "T": [0.029162723622037715, 0.12010194369700851, 0.010086874315598255], "aligned_model": [[-0.301318915611503, -0.647650301683738, -0.14584781604663077, 0.1862949043377723, 0.63336523006296, 0.15313747037158937, -0.36381407472152233, -0.009383202071363297, -0.47401176948200024, 0.670483317014701, 0.5222179530563189, 0.19583070040871398, 0.4072787073691458, -0.06890598752463596], [-0.49262313378149164, -0.020400600635452196, -0.49449314411417783, -0.7260743727984577, -0.29242456514518095, -0.038105088205594065, 0.2717639967197763, 0.3491546493923295, 0.7368639361858698, 0.34946869704833705, 0.4272889756521185, 0.8260655556015318, -0.21894327845500772, 0.05947876422430415], [-0.24096793107312595, 0.19152840274282076, 0.5651703663641403, 0.03341110611438593, -0.18319805014586144, -0.7002858772254695, -0.36730243540346913, 0.6486928325500798, 0.11492420825416415, -0.41510138497390997, 0.26711110553623846, -0.15116597883776448, 0.4204406406723404, 0.05032844216722972]], "inverted": true, "swapped": false, "error_lsq": 0.04792085131600577, "error_max": 0.32436983611962655, "target": "224.xyz", "model": "12.xyz", "model_rescale": 3.9764082729961374, "target_rescale": 4.100427117185667},
{"mapping": [10, 11, 13, 12, 9, 2, 8, 14, 3, 0, 4, 7, 6, 15], "R": [[0.5975331788715326, 0.0668907406736058, -0.7990492656650261], [-0.46495265939490904, 0.8407844370212707, -0.27730949313794984], [0.6532787495926091, 0.5372217040244757, 0.5334976251641199]], "T": [0.1525003337133539, -0.0344618405308956, 0.02415426095417172], "aligned_model": [[-0.46262913789059346, -0.6193280595559443, -0.04601419674277413, 0.15077472895878288, 0.6057678243188351, 0.09847868619291719, -0.4198646590338425, -0.26745260002360816, -0.37081295415137383, 0.6716667947097372, 0.6345309618372841, 0.2723509006817139, 0.3578344801765442, 0.15237344600212954], [-0.4686706087363861, -0.043131370240258565, -0.39238063936161605, -0.6714736469496485, -0.295267201164083, 0.20468724643406053, 0.16898723943673818, 0.16938952656896145, 0.6177057934115141, 0.24173238913544356, 0.46370346578345023, 0.6516214263501398, 0.0259356634313282, 0.06418110758926093], [-0.2573157689530716, 0.21056903866066826, 0.479090147457156, -0.013614982083204653, -0.2725413277269293, -0.7348904608568195, -0.33731444251318804, 0.6729163075878409, 0.12040407807492776, -0.4016283910853042, 0.21214767284515085, -0.2690338892603258, 0.7575360411414067, 0.06726142345349141]], "inverted": false, "swapped": false, "error_lsq": 0.04040560268235505, "error_max": 0.2389277849568979, "target": "224.xyz", "model": "13.xyz", "model_rescale": 4.170626492500431, "target_rescale": 4.100427117185667},
{"mapping": [10, 7, 8, 12, 5, 11, 9, 0, 1, 6, 2, 3, 4, 13], "R": [[0.5004811176496968, -0.7359042636232367, 0.4560302244997061], [0.5545826902708071, 0.6770002635664403, 0.4838477888581954], [-0.6647982329459854, 0.010749786607762823, 0.7469456148608031]], "T": [0.062496573976376965, 0.09834547850763267, 0.07796453084691601], "aligned_model": [[-0.32202739898211485, -0.6549204087158299, -0.151587789495078, 0.1868079686684052, 0.6629560369342264, 0.156111788907775, -0.49069488636265524, -0.15596651567380182, -0.5146140032535437, 0.7913145915549736, 0.4599333258209925, 0.19178128531060568, 0.4827962711712909, 0.11578594959456187], [-0.2688174429668494, -0.0232173248686251, -0.4729563923429061, -0.6128654538643854, -0.3758115640879387, 0.0533878672495324, 0.20737582577016103, 0.39441380375036483, 0.6058901238023379, 0.23814250773818416, 0.4815384320546052, 0.6822978791536684, -0.25200876842883513, 0.07965089872959072], [-0.11087669423216909, 0.4356867144879687, 0.5014481202392559, -0.04216792942265665, -0.4138111910605602, -0.6212311898597108, -0.5037553588316647, 0.5475130712304894, 0.06546314782879133, -0.31797783225812476, 0.43593011001828497, -0.2651952885154921, 0.5292551210263092, -0.0066953539089223135]], "inverted": true, "swapped": false, "error_lsq": 0.05152859158523295, "error_max": 0.3214095907891781, "target": "224.xyz", "model": "14.xyz", "model_rescale": 3.9786697098870705, "target_rescale": 4.100427117185667},
{"mapping": [5, 6, 4, 9, 2, 12, 8, 7, 13, 11, 1, 13], "R": [[-0.9759292922789847, 0.13205680605961495, -0.17355983534554678], [0.21798835972268732, 0.6146342629479288, -0.7580935284223633], [0.006564411417052801, -0.7776797044952308, -0.62862642779234]], "T": [0.024465049328741047, 0.0684196029061022, -0.13294167619640507], "aligned_model": [[-0.028831138088107933, -0.5831980772188547, 0.7138264942807, 0.5451538489685344, 0.034291445598260833, 0.4608654978661902, -0.3853194908259035, -0.06693953431066016, 0.12019435966226828, 0.14248787331413906, -0.5893710421414979, 0.12019435966226828], [-0.5054913587578069, -0.14120471616292302, 0.036350884933122024, -0.5423848048709883, 0.6517850087907014, 0.4680800959743125, -0.1863977569557529, 0.37261718685770023, 0.03900169032971602, -0.6649144401418507, 0.4482310098984929, 0.03900169032971602], [-0.45388053897803693, -0.1805148227768285, -0.5174070600362293, -0.29381304852858486, -0.3471257440693909, 0.27467202054550527, 0.5161540461929633, 0.5532096530381581, -0.05763301949731331, 0.29178089806820345, -0.06784287058730293, -0.05763301949731331]], "inverted": true, "swapped": true, "error_lsq": 0.06226564840378392, "error_max": 0.42926900710876986, "target": "224.xyz", "model": "15.xyz", "model_rescale": 3.769337070930944, "target_rescale": 4.100427117185667},
{"mapping": [5, 4, 6, 0, 11, 10, 8, 12, 1, 2, 13], "R": [[0.004768426495390424, 0.8464267781243279, 0.5324837756991554], [-0.9307849518366359, 0.19840331378229903, -0.307043154156992], [-0.3655360933522569, -0.4941637728064179, 0.788787379527904]], "T": [-0.08936443454776173, 0.048937102650696264, 0.010631960061158005], "aligned_model": [[-0.3397596942266636, -0.47748516571414606, -0.1030126818784506, -0.5014515718147422, 0.4168760584215572, 0.5180486064912295, 0.5911507149054501, 0.2619547226354969, -0.06036763204227025, -0.37079273691277376, -0.012534489173516766], [0.19917998204632523, -0.6146568957343178, 0.6826050162187582, 0.26622763512253156, 0.02982442473570971, -0.49182365335636924, 0.47126816334299343, -0.4561365767742044, 0.5955449671750808, -0.04234755034436782, -0.04362101480679744], [-0.5809298036423273, -0.1712101120125179, -0.10658039187076952, 0.163467574870873, -0.6788988511326568, -0.179777684740196, -0.1021338131153158, 0.3818437798124364, 0.48567757308087706, 0.557213877556319, -0.024454541582945327]], "inverted": false, "swapped": true, "error_lsq": 0.04868073377255478, "error_max": 0.23155755491790986, "target": "224.xyz", "model": "16.xyz", "model_rescale": 3.7852294659196426, "target_rescale": 4.100427117185667},
{"mapping": [5, 1, 8, 6, 0, 2, 12, 7, 11, 9, 4, 10, 13], "R": [[-0.3950350520466119, -0.8822922370583838, 0.25594475200918515], [-0.9025372838522435, 0.32075612222111033, -0.28730116831348057], [0.1713877443434781, -0.34449371327237427, -0.9230115506344791]], "T": [-0.1237654197610368, 0.057294317323830855, -0.049282311553194826], "aligned_model": [[0.1685263972938608, -0.5399722071005717, 0.33302223640297157, -0.11270454339471112, -0.5204688138465158, -0.713279935693575, -0.14140535749101923, -0.03585569861067753, 0.727840501019843, 0.4114409398539448, -0.1435085285954008, 0.45884171121720785, -0.03871085083907397], [-0.09580065692121517, -0.46197930198135273, -0.4455726046243501, -0.576167422044328, -0.10273748217218703, 0.21016319193636876, 0.5386601850986089, -0.016567825205683735, -0.01963786236063473, 0.4426887306810262, 0.7498137949208883, 0.5138002602437568, 0.1383926161319768], [-0.620547094030101, 0.23779977606449218, 0.38963728136497233, -0.16787369638780242, -0.2888776988797871, 0.0747753865420471, 0.4839142009195847, 0.6980535429532347, -0.08004375144874856, -0.5341572932206675, -0.42887185122998805, 0.3377575901456268, -0.005811695649689731]], "inverted": true, "swapped": true, "error_lsq": 0.05007649997093419, "error_max": 0.27248658601647263, "target": "224.xyz", "model": "17.xyz", "model_rescale": 3.901054581598922, "target_rescale": 4.100427117185667},
{"mapping": [9, 5, 10, 11, 6, 12, 13, 8, 2, 7, 1, 0, 4, 14], "R": [[-0.6347561188734638, 0.7199509812007614, 0.2806336655156658], [0.29623407523032763, -0.10870126749133363, 0.9489095884847041], [0.7136736244426651, 0.6854594219308967, -0.14427521845774932]], "T": [0.04555544815352698, 0.08295177768258506, 0.030425166878243093], "aligned_model": [[-0.40379461480677836, -0.5470993290325078, -0.030379496062844527, 0.2637142748440191, 0.7147902096596506, 0.04739783644117131, -0.5689795396692191, -0.11566435088254758, -0.4653042234232584, 0.5564080757346925, 0.6443159188511808, 0.3116073701444981, 0.31772738880730783, 0.0329366948744432], [-0.37645299324614856, 0.0592635397783038, -0.6280908058322904, -0.5934291104443136, -0.2518546464829197, -0.07042860370357647, 0.16857289094011016, 0.38187254989292, 0.7330536364151495, 0.1858253869881284, 0.37924156573728174, 0.7732742062337148, -0.07500739095934937, 0.05118016637189457], [-0.11525049581042146, 0.22609128417805086, 0.4318053816425098, -0.3324062119196384, -0.03085482659018879, -0.6965178627247957, -0.34709035863934196, 0.6005767260972088, 0.0417420223174627, -0.379603657961077, 0.22887871222390666, -0.13743143246675182, 0.756059582870561, -0.012413416475685723]], "inverted": true, "swapped": false, "error_lsq": 0.04396603831219723, "error_max": 0.2916684074487616, "target": "224.xyz", "model": "18.xyz", "model_rescale": 3.9405287249114394, "target_rescale": 4.100427117185667},
{"mapping": [6, 8, 5, 2, 10, 1, 0, 7, 4, 3, 13, 12, 9, 15], "R": [[-0.584601958551129, 0.025560481612229402, -0.8109175123512471], [0.8109117323211681, -0.013305768380925564, -0.5850171953982852], [-0.02574320186119794, -0.999584722926248, -0.0129487161676195]], "T": [0.15113851409232812, 0.16735096866879628, 0.037874183310501505], "aligned_model": [[-0.32851444767334614, -0.5105791862011231, -0.060751275476112615, 0.21294160202337656, 0.7495195480152071, -0.03398223682616913, -0.4797795626530478, -0.20070514224280359, -0.30130345552280235, 0.596353435349763, 0.5424779213677418, 0.29265532531351274, 0.11473382084190509, 0.16460986916370532], [-0.35833140320580614, -0.12538615769691908, -0.5691540706341149, -0.6582288790387528, -0.3074780502544221, 0.023731485739997393, 0.24110105708241775, 0.3966893368543535, 0.7417295463468564, 0.1630307466751502, 0.4891486075144376, 0.6043799119594866, -0.03545938691268785, 0.13124764725890803], [-0.18988563703085864, 0.2585703896699368, 0.3602492551087512, -0.22655648131524453, -0.14754851750125514, -0.5790724721485216, -0.22514209536983043, 0.6028834782040052, 0.04498349068803554, -0.6882068069692515, 0.47904262429270167, -0.2606517905634698, 0.777166077581492, 0.02775393209530811]], "inverted": true, "swapped": false, "error_lsq": 0.03982283676333969, "error_max": 0.2676639107141371, "target": "224.xyz", "model": "19.xyz", "model_rescale": 4.410303926677745, "target_rescale": 4.100427117185667},
{"mapping": [8, 1, 5, 10, 10, 12, 7, 0, 2, 11, 6, 4, 3, 13], "R": [[-0.6702422198471969, 0.6370224783774344, 0.38075941062063456], [0.3030969670341706, 0.7032755772576325, -0.6430674078256733], [-0.6774271881973654, -0.3156039044036293, -0.6644445651942652]], "T": [0.028519580652993873, 0.11977114331638607, 0.03353517279653759], "aligned_model": [[-0.30272461590250765, -0.6770844832971936, -0.016956110330938797, 0.49759524743057393, 0.49759524743057393, -0.07063162156037331, -0.5921493523957527, -0.12231528636246206, -0.28569461359436893, 0.7005523003189623, 0.5100935978096212, 0.2921858545230293, 0.30899023674002907, 0.01821981467061508], [-0.49010330566876925, 0.032567776430670145, -0.6692879767192278, -0.551924357476397, -0.551924357476397, 0.24869430423747557, 0.19319730856241113, 0.4217764031983345, 0.7004196261874988, 0.23078439288582459, 0.39075848993610407, 0.7295142888333891, 0.00449981318243052, 0.0480479855755578], [-0.2972034250880067, 0.273615094724986, 0.30627752298538735, -0.02913209185680979, -0.02913209185680979, -0.7041794027449303, -0.3073927356637506, 0.6653587545175824, 0.08574156346901743, -0.4388856212124429, 0.21005187781385834, -0.19838461405306376, 0.6923306093515151, 0.004520006355266094]], "inverted": false, "swapped": false, "error_lsq": 0.046796948132913574, "error_max": 0.3840845987850404, "target": "224.xyz", "model": "20.xyz", "model_rescale": 4.121658175737393, "target_rescale": 4.100427117185667},
{"mapping": [3, 2, 1, 0, 6, 4, 7, 5, 10, 11, 8, 5, 13], "R": [[0.6390099514242625, 0.25156403101312663, 0.726898768936355], [0.7309870588120699, -0.4927526272183861, -0.4720728420685284], [0.23942473103261733, 0.8330128370378244, -0.4987638835161925]], "T": [0.041159668620225534, -0.047387373952207615, 0.0895727425638012], "aligned_model": [[0.19261141457633713, 0.022986082974847902, 0.34114078261289354, 0.4236243684830389, 0.5613406045345327, -0.19528542387493286, -0.41645745145897123, 0.43501918209524765, -0.6994422552117201, -0.1302273144418733, -0.020544569443411334, 0.43501918209524765, -0.06870169827694225], [-0.6139172612813247, -0.07584651748947781, 0.5061611409345013, -0.12328730909729067, 0.29835719286196427, -0.7976890198406418, 0.5513350470584685, -0.35305416963502007, -0.06130865669437706, 0.004042030015594042, 0.6278919944624161, -0.35305416963502007, -0.0688033974966087], [0.6276025494155114, 0.7101743601181579, 0.44857786715002185, 0.3868094538914442, -0.06958919766096004, 0.16170036724290252, 0.15131939099249342, -0.34246721255256624, -0.29635940017398554, -0.7471344877198205, -0.35130238109303286, -0.34246721255256624, 0.0332456424241893]], "inverted": true, "swapped": true, "error_lsq": 0.05291173645879113, "error_max": 0.42630063854740896, "target": "224.xyz", "model": "21.xyz", "model_rescale": 4.08911054899281, "target_rescale": 4.100427117185667},
{"mapping": [12, 3, 14, 9, 5, 7, 13, 2, 4, 6, 1, 0, 15, 16], "R": [[-0.842577029217992, 0.500253061517766, -0.1995265001855268], [-0.40885460522501843, -0.8352697881220551, -0.367644247659108], [-0.3505736179755648, -0.22819126953641183, 0.9083099046508759]], "T": [0.19290128542187257, 0.019723386615546783, 0.02183927915569298], "aligned_model": [[-0.2881627999541576, -0.6425733782636373, -0.22689472078704964, 0.23288268276364735, 0.6953227786850598, -0.002046624597122515, -0.39998706890377556, -0.04015812460873708, -0.2797713242560654, 0.5814878872489906, 0.5918480859736003, 0.14869219168683814, 0.22161708330984942, 0.16541954718236657], [-0.44223187910302697, 0.016349726132390656, -0.3808271508762076, -0.6903256965263653, -0.44462980485397846, 0.10639559842179783, 0.11204018313638395, 0.3994710473315269, 0.5246649783550699, 0.31980959086757205, 0.564316914749195, 0.7312948278033764, -0.1321504518949141, 0.052842508146084356], [-0.2946163800926295, 0.2590091087061779, 0.295980056919908, -0.020343643436842637, -0.15043321031207788, -0.6565996850034064, -0.25509207409524, 0.5899315735499908, 0.11075934921618788, -0.5389751745180986, 0.43928115620029967, -0.28113107961934675, 0.7343115649478693, 0.0015038842790071026]], "inverted": false, "swapped": false, "error_lsq": 0.038826107792232625, "error_max": 0.21036828086880044, "target": "224.xyz", "model": "22.xyz", "model_rescale": 4.204369325754507, "target_rescale": 4.100427117185667},
{"mapping": [6, 8, 5, 2, 10, 1, 0, 7, 4, 3, 13, 12, 9, 15], "R": [[-0.584601958551129, 0.025560481612229402, -0.8109175123512471], [0.8109117323211681, -0.013305768380925564, -0.5850171953982852], [-0.02574320186119794, -0.999584722926248, -0.0129487161676195]], "T": [0.15113851409232812, 0.16735096866879628, 0.037874183310501505], "aligned_model": [[-0.32851444767334614, -0.5105791862011231, -0.060751275476112615, 0.21294160202337656, 0.7495195480152071, -0.03398223682616913, -0.4797795626530478, -0.20070514224280359, -0.30130345552280235, 0.596353435349763, 0.5424779213677418, 0.29265532531351274, 0.11473382084190509, 0.16460986916370532], [-0.35833140320580614, -0.12538615769691908, -0.5691540706341149, -0.6582288790387528, -0.3074780502544221, 0.023731485739997393, 0.24110105708241775, 0.3966893368543535, 0.7417295463468564, 0.1630307466751502, 0.4891486075144376, 0.6043799119594866, -0.03545938691268785, 0.13124764725890803], [-0.18988563703085864, 0.2585703896699368, 0.3602492551087512, -0.22655648131524453, -0.14754851750125514, -0.5790724721485216, -0.22514209536983043, 0.6028834782040052, 0.04498349068803554, -0.6882068069692515, 0.47904262429270167, -0.2606517905634698, 0.777166077581492, 0.02775393209530811]], "inverted": true, "swapped": false, "error_lsq": 0.03982283676333969, "error_max": 0.2676639107141371, "target": "224.xyz", "model": "23.xyz", "model_rescale": 4.410303926677745, "target_rescale": 4.100427117185667},
{"mapping": [9, 8, 15, 14, 13, 11, 10, 4, 3, 7, 0, 1, 5, 16], "R": [[-0.2717470759249117, 0.8554437413000004, -0.440873601156747], [0.044487327119113296, -0.44645693726214625, -0.8936985402787123], [-0.961339900582545, -0.2624732531919436, 0.0832669616761687]], "T": [0.14058276187736155, -0.008480868136824415, 0.02766378238405254], "aligned_model": [[-0.34242089736772985, -0.6369249689774156, -0.09673687207481296, 0.2045249994898085, 0.7452345313057314, 0.04603371710122317, -0.43511802252871035, -0.2763179891708264, -0.12048135437768684, 0.6340241062835459, 0.5586410669887442, 0.1463706224785373, 0.21055503518335214, 0.12029224114604681], [-0.35743678326410266, -0.07913660961561347, -0.619717372059877, -0.6289720938905643, -0.3401358581100652, -0.08752416522701786, 0.21232393041568198, 0.2640831858396223, 0.8289987941217798, 0.2579214257362354, 0.5601614869256839, 0.6978247163721758, -0.08094699992138994, 0.10957673436635593], [-0.16561637200826898, 0.2849499303042079, 0.30941459151772543, -0.23511372621660825, -0.10867340690092589, -0.5932501584546067, -0.18113706542561403, 0.5028342499496747, 0.22697340869760013, -0.32937452666987393, 0.29647400659907364, -0.4596084942040973, 0.6485136629030925, 0.037199346650419546]], "inverted": false, "swapped": false, "error_lsq": 0.043170432986923364, "error_max": 0.26806383066901035, "target": "224.xyz", "model": "24.xyz", "model_rescale": 4.28219845311461, "target_rescale": 4.100427117185667},
{"mapping": [14, 12, 11, 10, 8, 2, 13, 9, 7, 0, 3, 4, 5, 15], "R": [[-0.6988917115849406, -0.21126555650641035, -0.6833134274342254], [0.7012571967721865, -0.3903138142218038, -0.5965680769223591], [-0.14067238340586508, -0.896114942996524, 0.4209385816069243]], "T": [0.07784287807413165, 0.07665311302022244, 0.0030274662826562954], "aligned_model": [[-0.2727957884542005, -0.6231436383956508, -0.13094053080861004, 0.17711196129207785, 0.5987986674003105, -0.05993037922787059, -0.4445388653249948, -0.17072790693478207, -0.2649827524573868, 0.6039302845634829, 0.44645382621272833, 0.277837499318076, 0.49817788232910487, 0.12242595596752263], [-0.4989283581933625, -0.18408292596483428, -0.33373664943896425, -0.7106004304797894, -0.3695256821539831, 0.06786558576450238, 0.28297024144731864, 0.25276014485438963, 0.7551840403650868, 0.22147766344198355, 0.6479673660591642, 0.7121692332955215, -0.20111662515532558, 0.09461678784719771], [-0.35180083082098057, 0.16131366888719884, 0.2936591959554305, -0.006045911898657217, 0.1101517176604645, -0.6675851889252851, -0.19053651181732648, 0.6064117236655294, 0.16919717903865159, -0.6034476464501324, 0.3742030824628483, -0.29825310954232864, 0.6896446359383532, -0.05332655741196689]], "inverted": false, "swapped": false, "error_lsq": 0.04585590616561008, "error_max": 0.2746164483376172, "target": "224.xyz", "model": "25.xyz", "model_rescale": 4.100010024507729, "target_rescale": 4.100427117185667},
{"mapping": [7, 10, 4, 9, 1, 0, 2, 5, 11, 6, 8, 13], "R": [[-0.5209872776952389, 0.21940047730796447, 0.8248852568913698], [0.7962244306053582, 0.4731469656054749, 0.37703926194165066], [-0.3075693622370035, 0.8532264526462883, -0.421195569679637]], "T": [-0.013253364837423585, 0.1204932660152872, 0.07390173565040153], "aligned_model": [[-0.7082631180620729, -0.1030272736291181, 0.5441770022685589, 0.6724088572158786, -0.5297750360634509, 0.07148068164080945, -0.21342468129931955, 0.5346885065419542, 0.1820962722414702, -0.09325255486316017, -0.4704435343017194, -0.009899519326823661], [-0.16541271856896023, -0.7029352758316886, -0.19236315349425087, -0.2982283772580776, 0.6280669627660527, 0.5703836435154518, 0.34544404735287787, 0.25207598439289214, -0.35722842885625256, 0.5855834670240317, 0.005340974337423754, -0.004595735328860651], [-0.009247681089367465, -0.03349804212855695, 0.5380714055229041, -0.08299935347797491, 0.04451445803976761, 0.24942523537974376, 0.6176067658080115, -0.26911681044930613, -0.608533588982423, -0.3651327382889305, -0.5832874393421879, 0.06739007886267626]], "inverted": true, "swapped": true, "error_lsq": 0.041842835473490436, "error_max": 0.22695288959447946, "target": "224.xyz", "model": "26.xyz", "model_rescale": 3.6694154284099745, "target_rescale": 4.100427117185667},
{"mapping": [10, 4, 2, 11, 12, 9, 8, 0, 5, 3, 1, 7, 6, 13], "R": [[-0.7962712155192581, 0.5816759061205222, 0.16614840226241298], [-0.10821929574111229, -0.40719132056369, 0.9069089328520785], [0.5951812626123077, 0.7041650152460485, 0.3871832846840776]], "T": [0.0008826648428310255, 0.07808013557918206, -0.02374878746064418], "aligned_model": [[-0.3910086696001834, -0.7549135650852606, 0.034030688974239685, 0.15438913567054494, 0.6245526322780189, 0.1362235792162287, -0.4959135075831472, -0.19736662071337713, -0.21474699915855897, 0.6991655242157636, 0.3952920483757052, 0.19060540039608662, 0.5750747478829519, 0.002291820610795353], [-0.3294216127888522, -0.08655247671992841, -0.41355074145087023, -0.7560280633703762, -0.4054964833174026, -0.09675705236489299, 0.2601078001440277, 0.19592555326125902, 0.7853229288622424, 0.2915763659992433, 0.6231318593912977, 0.5983290272820218, 0.032637718887689626, 0.03779556787344647], [-0.2293071172799569, 0.25409781029246853, 0.4445779525939121, -0.15365161693073737, -0.1069487798487943, -0.6687126082124237, -0.3821015254521586, 0.5957211645474669, 0.2578359761061583, -0.3696557521721513, 0.5480960431065371, -0.32287233888145744, 0.3496529671464748, 0.016853271726460704]], "inverted": true, "swapped": false, "error_lsq": 0.0519607030538899, "error_max": 0.3726480551058937, "target": "224.xyz", "model": "27.xyz", "model_rescale": 4.103607728864725, "target_rescale": 4.100427117185667},
