[{"mapping": [0, 1, 5, 6, 4, 2, 11, 9, 12, 8, 10, 13], "R": [[0.9539738485514047, -0.22457600462587046, 0.19874484754655317], [0.2824227890730442, 0.8956590408950269, -0.3435582202119508], [-0.10085268708479929, 0.3838756316950602, 0.917860683817808]], "T": [-0.014789048732564576, -0.08833941315330458, -0.06370632167613703], "aligned_model": [[-0.33587025311969215, 0.01056691360931226, 0.48951308265641913, -0.07343265338920367, -0.024114675211884692, -0.6377000453955445, 0.4318978134560119, -0.1403544398213422, 0.631715415438538, 0.00924036729143206, -0.5326906134586308, 0.008871550405133323], [-0.4387112508715178, -0.8131773790254352, -0.14267040418013177, 0.6393192769417307, 0.29086454156331204, -0.4168494118623768, -0.17662136205586204, -0.5724256115643146, 0.22188184424132568, 0.41003154948225223, 0.1490622153784676, -0.09714897207039314], [-0.5227708308062468, -0.07752827973256367, -0.5340452427666389, -0.0839269927133879, -0.6756079638033182, 0.04351970598627798, 0.545633067143072, 0.5381455793344045, 0.0010253264559896696, 0.507400267678594, 0.4216429659323018, 0.018464142645077883]], "inverted": false, "swapped": true, "error_lsq": 0.04284327810397712, "error_max": 0.24640652050627532, "target": "227.xyz", "model": "0.xyz", "model_rescale": 3.751011558992144, "target_rescale": 4.272366277236894},
{"mapping": [13, 12, 9, 5, 2, 0, 8, 7, 4, 11, 10, 6, 1, 14], "R": [[-0.2140543070143983, 0.5185197688102897, 0.8278393582099787], [0.6731252310736742, 0.6924428557626703, -0.25966384961185984], [-0.7078722885807852, 0.5016573939016165, -0.49724911483404366]], "T": [0.01697376928498276, 0.029209146490686913, 0.017653982741413523], "aligned_model": [[-0.4131181544756719, -0.14427439366938588, -0.6342013942760775, -0.4219672423557077, 0.07193160280629726, 0.6598784774267449, 0.1438914092855175, 0.43013790485876735, 0.17401406858887872, -0.30177172049609713, -0.479319489340836, 0.28520759387696415, 0.6747319807735159, -0.017100795240258176], [-0.35494900220953124, -0.6735291245162325, -0.05847851184326282, 0.22726091164875795, -0.03821768746737876, -0.22221959466062574, 0.558795607097404, -0.3911461676061345, 0.768271566480927, -0.24855491802985663, 0.514635335120154, 0.008242463815206776, 0.1889803688031766, -0.009403063262430594], [-0.4238725195250519, 0.19691093932401812, 0.06736718291429347, -0.3800800158219978, -0.8046424118664816, -0.29692771232634924, -0.3616194615420185, 0.3214200617946449, 0.2515322708797544, 0.6943957548612691, 0.4541263930540195, 0.7186081601542346, 0.1835239353428873, 0.036411214780388196]], "inverted": true, "swapped": false, "error_lsq": 0.03582786432868209, "error_max": 0.20266627113529742, "target": "227.xyz", "model": "1.xyz", "model_rescale": 3.9405287249114394, "target_rescale": 4.272366277236894},
{"mapping": [12, 6, 8, 0, 3, 11, 5, 4, 2, 9, 1, 7, 13], "R": [[-0.3494780224692023, -0.026316559176662757, -0.9365749038513244], [0.8104623373230709, 0.49307325590375134, -0.3162745074983106], [0.4701232940323644, -0.869589675091405, -0.15098968634507487]], "T": [0.002822723094154621, -0.05409749721718339, -0.02134988883885196], "aligned_model": [[-0.3213668941481906, 0.19498313910020515, -0.38668537469178094, 0.4809292679749521, 0.6253586850579287, -0.7527123572306561, 0.1254617252421494, 0.5938955456437037, 0.16774668028464534, -0.5315042134558925, -0.14326905909895812, -0.4771951014331233, -0.07965876396105151], [0.5634142306693781, 0.48141210633505216, 0.2442568687910482, -0.4357136968680293, -0.18584560761999352, 0.03357557097613591, 0.29188974183478694, 0.3476059772508807, -0.7031394998363872, -0.6165627394838968, -0.601146071105447, 0.10087826023905665, -0.0617925476105676], [0.1574678815235667, -0.4792133577887704, -0.5996075128094727, 0.22840398185344943, -0.40337070821662585, -0.011474584659796023, 0.5649467106458674, 0.0656757583204157, -0.2642056427431919, -0.12362110570945287, 0.4321025310498299, 0.5903229413180432, -0.044306543195218456]], "inverted": false, "swapped": true, "error_lsq": 0.04299900898824836, "error_max": 0.22509551041849757, "target": "227.xyz", "model": "2.xyz", "model_rescale": 3.932901565614263, "target_rescale": 4.272366277236894},
{"mapping": [1, 11, 10, 2, 0, 3, 4, 8, 5, 12, 6, 9, 7, 13], "R": [[-0.924278235240887, 0.33413525191137433, 0.18456266494097354], [-0.3656455975897435, -0.9138207032428881, -0.17673431836491965], [0.10960401828049451, -0.23083620979992692, 0.9667996707808569]], "T": [0.0587969012178225, -0.0543094131690448, 0.006845188212556759], "aligned_model": [[-0.43916210105761905, -0.10079508875972498, -0.5644496387934108, -0.3750075546733705, 0.15511075942283511, 0.3508309548760136, 0.1658266715246726, 0.5582607857931917, 0.026395522533257165, -0.3132836889416223, -0.47431948341801206, 0.36671899473041414, 0.6791942955322516, -0.007280581006224467], [-0.2715952858836247, -0.8868140180658943, -0.27251547882106175, 0.4287958030675137, 0.06765016043699668, -0.37585520313484605, 0.7344340034788583, -0.5078292069043641, 0.5322412295006892, 0.1262790275507353, 0.35513432964742153, 0.06506032861475786, 0.2844456872864701, -0.00974319340347838], [-0.4967343015243304, 0.2882260296498785, 0.284505598746587, -0.5152878382014728, -0.6449215125834445, -0.26150140584157416, -0.35323099192218976, 0.2960550604974849, 0.4212220455510527, 0.6487748258400251, 0.12864421359050773, 0.6631437395305803, 0.10731708672344967, 0.09094124196705625]], "inverted": false, "swapped": false, "error_lsq": 0.04888547302899154, "error_max": 0.3039942408033292, "target": "227.xyz", "model": "3.xyz", "model_rescale": 3.9243930471874484, "target_rescale": 4.272366277236894},
{"mapping": [9, 1, 2, 10, 3, 11, 8, 0, 4, 5, 6, 12, 13], "R": [[0.8163087768219044, -0.33480740565026684, 0.4706845886634323], [-0.30982984557433996, 0.433926103711934, 0.8459985835146304], [-0.48748892056631143, -0.8364282023217042, 0.250484360162416]], "T": [-0.019110277764701034, -0.007420501324916076, -0.11169179342919523], "aligned_model": [[-0.14509461076324612, -0.20754147219120886, 0.4714679263259276, 0.41909053311445116, 0.7039171515973166, -0.5974989471199361, -0.05304807486681515, 0.3056887904752497, 0.2126707377631086, -0.40544983306477617, 0.20904101273449904, -0.5743001703384922, -0.06173715735472504], [-0.616978465269232, 0.019357387625216313, -0.2485265227052605, -0.5992690052525966, 0.1368026352555034, -0.49973981120127053, -0.5636942638297587, 0.3713324491713997, 0.5826957382718936, 0.5648229979642853, -0.008545017751516046, 0.0716397578794066, -0.08206832647648361], [-0.5859268217772455, -0.8116922775367552, -0.5684578847156625, 0.021878011170064868, -0.026371700625702182, -0.0703929991994837, 0.40262473626210415, -0.5448725360533224, 0.22940439655965938, -0.06961659249329519, 0.5820522813429787, 0.3398711541218844, -0.11142945168426091]], "inverted": true, "swapped": true, "error_lsq": 0.04206460392291193, "error_max": 0.2010223664935129, "target": "227.xyz", "model": "4.xyz", "model_rescale": 3.8936222436046832, "target_rescale": 4.272366277236894},
{"mapping": [2, 9, 10, 3, 8, 11, 7, 12, 4, 0, 6, 13], "R": [[-0.08888433863548262, -0.16166930216116904, -0.9828339692359305], [0.47713698421916995, 0.8592458870705407, -0.18449066058366123], [0.8743225220910009, -0.4853447664197902, 0.0007649008764743156]], "T": [-0.006488940785955036, -0.09532684080100574, 0.04198479379317336], "aligned_model": [[-0.012143455831217634, -0.6319723184398519, -0.303994920990657, 0.47314580208636253, -0.4742642654741535, -0.7122516268263751, -0.2894379813402854, -0.17390924219876797, 0.6438882735377348, 0.4515185621426563, 0.1491942753976946, -0.09222505984804247], [-0.5416783607668584, -0.5244716612272776, 0.07215080300215741, -0.030987327445623727, 0.4565654171435001, -0.011531074790285131, -0.255532568823705, 0.35797317498971887, 0.20076712942468922, -0.5584022002352076, 0.5933503494180649, -0.08928077557936567], [-0.5131482507173645, -0.1502054584603676, -0.624038423163897, -0.5207402149117327, -0.18542441198114248, 0.31308375489809087, 0.7650699987125401, 0.5757309650783108, 0.12941514381212954, -0.06929919771314358, -0.14462062157793812, 0.04346143530003294]], "inverted": false, "swapped": true, "error_lsq": 0.04084030717303442, "error_max": 0.2436367826687329, "target": "227.xyz", "model": "5.xyz", "model_rescale": 3.6523030999806103, "target_rescale": 4.272366277236894},
{"mapping": [2, 10, 8, 9, 11, 0, 6, 1, 4, 5, 12, 7, 13], "R": [[0.09138044910385965, -0.3030288121270597, 0.948590086677296], [0.621752191270029, 0.7614502343101017, 0.1833514475536213], [-0.7778649151186177, 0.5730332273873429, 0.2579904923394496]], "T": [-0.018771322339098312, -0.07795747029810977, 0.03683035001864046], "aligned_model": [[0.03474047521797654, 0.029172162075292635, 0.13022056515247044, 0.6631787212117352, 0.6392709014441411, -0.2709713476919008, -0.4698532718303854, 0.3938895363717716, -0.6946391622452862, -0.16482956575101784, 0.07441044166704705, 0.4608688143452774, 0.05562463469717335], [-0.5819787423963518, 0.06630245390043567, 0.5563061446012466, -0.2807259152838006, 0.29918013295018164, -0.6862597142161407, 0.46530579665994704, -0.6477893079525255, -0.0243848864775396, -0.07701244967693041, 0.4907706608972648, 0.002525597722033243, -0.04141286656463705], [0.5373634606301592, 0.769657745473874, 0.4249345240668463, 0.36265380144656545, -0.02117832222112581, -0.01755085331421158, 0.2231773778788737, -0.1398805455250225, -0.2053242854175331, -0.639303729487382, -0.3947492007553637, -0.589305468680977, 0.059615235387086095]], "inverted": false, "swapped": true, "error_lsq": 0.04622637525887162, "error_max": 0.27143710131635007, "target": "227.xyz", "model": "6.xyz", "model_rescale": 4.08911054899281, "target_rescale": 4.272366277236894},
{"mapping": [13, 11, 12, 7, 2, 1, 6, 9, 4, 10, 5, 8, 3, 14], "R": [[0.36151280272638336, 0.8655027272833058, 0.34671821776490913], [0.22509882859785263, -0.44188833548058026, 0.8683692856901819], [0.9047867211828375, -0.23588074959894892, -0.35457194071139975]], "T": [0.003953879935551914, 0.020039187547807348, 0.04183040664641459], "aligned_model": [[-0.40800742744718, -0.11565090497483882, -0.6623902472698293, -0.41196157614578466, 0.12088750999955253, 0.36596011846436866, 0.21175317314705905, 0.6331682971993597, 0.08613128476847054, -0.3371284543458058, -0.5327817239352222, 0.28847846767081253, 0.680671503534008, 0.10890982709768149], [-0.38056158876328555, -0.5187279848373091, -0.22175888399894297, 0.4327145642949037, 0.054136677445288585, -0.47782488490612846, 0.3839336090617206, -0.38337884241712683, 0.610925665743413, -0.1121671004761722, 0.511074825831868, 0.05830028077726312, 0.41559271847465434, -0.10257087285997268], [-0.4117127793789995, 0.24171960681451293, 0.11613461074260628, -0.4641363228494554, -0.7552288324531653, -0.35695388025716285, -0.22935821808797202, 0.2782630992131758, 0.41726286891196696, 0.6626840424979605, 0.26832571135662003, 0.6604828300668283, 0.15156690170770182, 0.07810415373899268]], "inverted": true, "swapped": false, "error_lsq": 0.04150433050029061, "error_max": 0.2843352858268834, "target": "227.xyz", "model": "7.xyz", "model_rescale": 3.964800864290218, "target_rescale": 4.272366277236894},
{"mapping": [6, 4, 11, 10, 3, 0, 5, 2, 8, 12, 9, 7, 1, 13], "R": [[-0.20951127851240708, 0.5957031702379384, 0.7753984505688456], [0.05373345659940104, 0.7988139713214595, -0.599173559883544], [-0.9763287048007843, -0.08386877959114769, -0.19936972686923804]], "T": [0.040828314397224424, -0.029758973252074238, 0.01680135112554472], "aligned_model": [[-0.2138420763738005, -0.2169596446852418, -0.7562397185420026, -0.4728898444930043, 0.16547278890889738, 0.5616589275034206, 0.11799694834632052, 0.40940393695212596, 0.037870152526122275, -0.27395831912937774, -0.45731852462248257, 0.365915996112965, 0.7382611914025552, 0.022668033856154356], [-0.4280155039940292, -0.6562750803899684, -0.24937702153323274, 0.5094229707873907, -0.05955127001503117, -0.35304809653785074, 0.7116396124253502, -0.5179769738892038, 0.6750924541814997, -0.04883855803296832, 0.35222021886958627, 0.08875419099267287, 0.20060270095872412, 0.04503853954723395], [-0.31941368566557554, 0.2068443216946177, 0.07666610059671701, -0.33034486800335305, -0.6970185629492194, -0.35384536441269, -0.3619384831384601, 0.2705806293699326, 0.3237757733995812, 0.7032562164197946, 0.29928736909700454, 0.6389956889807648, 0.17055691134780143, 0.029751745286694716]], "inverted": true, "swapped": false, "error_lsq": 0.038404464953554915, "error_max": 0.3022228540177374, "target": "227.xyz", "model": "8.xyz", "model_rescale": 4.121658175737393, "target_rescale": 4.272366277236894},
{"mapping": [12, 7, 5, 4, 11, 8, 1, 2, 0, 9, 6, 3, 13], "R": [[0.5256239226196587, 0.5822832630052783, 0.6202142320149137], [-0.13428194618539285, -0.6631212629293002, 0.7363684876335445], [0.8400522905739777, -0.47033646709029064, -0.27036226960587106]], "T": [-0.011971375173534478, 0.013636096138033852, -0.01131867940601266], "aligned_model": [[-0.520924897623099, -0.2505988760369818, 0.11171199297194281, 0.2720532112260132, -0.6430468766135026, -0.6740393072786283, 0.3169052259739556, 0.3664731550011265, 0.6463119407636456, -0.1740144858392667, -0.30051082765783044, 0.40683862025885636, -0.08042137871103427], [0.15190692062199443, -0.4289750439962686, 0.08579453306242213, 0.6168278289069173, -0.4041351636676564, 0.20224053865954383, -0.6259577094268546, -0.21954072563801852, -0.04307864954727658, -0.6554397268300803, 0.6760945852003932, 0.46849782287529373, -0.033847770808700064], [-0.5014645026925912, -0.624287310639178, -0.6880658858478463, -0.28297286041512665, -0.08766153816265612, 0.30681365654299914, -0.10610260853507356, 0.5453164411092689, -0.004970325273147259, 0.36071814550063314, 0.09464759732589073, 0.39922668014206114, 0.00987794490385499]], "inverted": true, "swapped": true, "error_lsq": 0.038846810304027146, "error_max": 0.2251036066879359, "target": "227.xyz", "model": "9.xyz", "model_rescale": 3.833441315466971, "target_rescale": 4.272366277236894},
{"mapping": [5, 4, 1, 0, 13, 2, 10, 3, 11, 6, 12, 7, 9, 14], "R": [[-0.21349699038090675, 0.7211214128147139, 0.6590925148098756], [0.9491308748395385, -0.006728821383980732, 0.31480995122313843], [0.23145111260183512, 0.6927760323097889, -0.6830020142960629]], "T": [-0.025667496183768637, 0.09009822299884948, 0.08447846315725732], "aligned_model": [[-0.18613627266419724, -0.13704160373718144, -0.7450960007471719, -0.43060863540614025, 0.0509785841981578, 0.445002874627532, -0.010487286097621076, 0.5441634912839769, 0.1674191449392029, -0.4552179122549978, -0.4608068632983791, 0.4027176769211476, 0.7814092600202336, 0.06174338997809031], [-0.41780166232137306, -0.6517579614358173, -0.016515299919471538, 0.23378610152487736, -0.037609061790604054, -0.2734875543041474, 0.8364542776011802, -0.506776072826968, 0.6387631970915073, -0.18414286780479608, 0.41190691471580776, 0.1559651554216583, 0.026005444992954097, 0.05489757242536596], [-0.33232206435391276, 0.3549554305185413, -0.04461497767702699, -0.4439147891025001, -0.6987857127045318, -0.31916127659957466, -0.2597254654955882, 0.35532079820036055, 0.44087904714572723, 0.5333747008478578, 0.34926697203422646, 0.5905038256233062, 0.03519000674576761, 0.0961872968409584]], "inverted": false, "swapped": false, "error_lsq": 0.040263549962965085, "error_max": 0.242580936001438, "target": "227.xyz", "model": "10.xyz", "model_rescale": 4.2482417240324, "target_rescale": 4.272366277236894},
{"mapping": [6, 3, 0, 2, 12, 7, 5, 9, 10, 11, 8, 13], "R": [[0.6494498910050258, 0.6764202280287942, -0.3473766172139895], [-0.7122509450302891, 0.38115186438477194, -0.5894250143822136], [-0.2662957573395047, 0.6302213352382534, 0.7293199834321648]], "T": [0.0065631725916713395, 0.024348920201393863, 0.07337781561750448], "aligned_model": [[-0.6337366039925968, -0.003866746770494079, 0.39566291609347976, 0.5667174432671721, -0.5249386359328839, 0.03590496792748886, -0.2037341075841098, 0.5714977026923688, 0.057813867794172316, -0.015304769987296036, -0.38463172275097995, 0.015381291606685818], [-0.283304669084438, -0.715300762183846, -0.2870451830578693, -0.37798146986725517, 0.5092805249513767, 0.7885669140794626, 0.3360159247992805, 0.27379912865107386, -0.357212811341766, 0.6454108827445525, 0.05913127526190675, 0.07477163509816104], [-0.09603464638226952, 0.1338597062993497, 0.5072313509053725, -0.10492473707024935, 0.10062856335595956, 0.28239495676777704, 0.6540067239553999, -0.4072003735313786, -0.5684395308451091, -0.3652805684239735, -0.575367517522886, 0.00431836234636343]], "inverted": true, "swapped": true, "error_lsq": 0.04063688227823226, "error_max": 0.22804521553160684, "target": "227.xyz", "model": "11.xyz", "model_rescale": 3.6694154284099745, "target_rescale": 4.272366277236894},
{"mapping": [10, 12, 2, 8, 9, 7, 11, 5, 4, 1, 3, 0, 6, 13], "R": [[0.05944897185301583, 0.967444913616894, -0.24600032289088608], [-0.9973160901289967, 0.06811324105122714, 0.026855218548891335], [0.042736823880941605, 0.2437435650643896, 0.9688976408136576]], "T": [0.06139847466360547, -0.02049094534947677, 0.03651540153489424], "aligned_model": [[-0.18575385049471604, -0.10280184014276868, -0.5843028922833594, -0.45863229232549685, 0.025016029617365862, 0.4684581167668753, 0.25282818610766367, 0.6882470994642105, 0.021452617528952424, -0.48650666642998897, -0.5579430628613888, 0.2976857383677769, 0.5861144569927994, 0.06417820745472669], [-0.4564641510747762, -0.6352414419742431, -0.11242409324969149, 0.35503706818730546, 0.07676013686202882, -0.4040955921792254, 0.5903431849374325, -0.4810848734577929, 0.6088339946140644, 0.017150620379585188, 0.5333726762448935, -0.0006040295498732327, 0.17801411249824153, 9.057113222397939e-05], [-0.3538330061304675, 0.27502867953756616, 0.06703776108155121, -0.3649127536123677, -0.7596659921130842, -0.45268316875218856, -0.3312684748927627, 0.23522329632527147, 0.4238564633756904, 0.6806089995423852, 0.26212579396810065, 0.7106894918236217, 0.10809551993974943, 0.15685118193054526]], "inverted": true, "swapped": false, "error_lsq": 0.037704737045843054, "error_max": 0.2559424655909839, "target": "227.xyz", "model": "12.xyz", "model_rescale": 3.9764082729961374, "target_rescale": 4.272366277236894},
{"mapping": [8, 1, 10, 11, 3, 7, 14, 0, 6, 12, 13, 9, 4, 15], "R": [[0.13855368331522697, 0.6302591161439152, -0.7639216735747683], [0.6580689629002384, 0.5178541055989518, 0.5466007367189644], [0.7401000722248234, -0.5784466888415914, -0.34300336916859986]], "T": [0.04632290944498858, 0.010608686999992796, 0.1519761533187079], "aligned_model": [[-0.24455905133560962, -0.2791722084948846, -0.7061894210414241, -0.523103230843013, 0.10530893962264061, 0.5928446807192529, -0.1104356863441349, 0.6059961088716869, 0.2540330223356936, -0.38722974012591427, -0.3322821849176258, 0.19659079401559543, 0.7422649389621518, 0.11397288633823688], [-0.35016648777788845, -0.5125811494503323, -0.25568904630250383, 0.20403411395695054, 0.09704813405480028, -0.29875618704190116, 0.6584106084182609, -0.4257912022364287, 0.7406159187954239, -0.013027924629734823, 0.47510844231818855, -0.2842624415319676, 0.18322513539287097, 0.05152026940443554], [-0.381767038492647, 0.30575489532613165, 0.057331509190655244, -0.3665652372304346, -0.6831839017308328, -0.2683106858224602, -0.2891445249860975, 0.3050414335758046, 0.23918140676443828, 0.6196159138063972, 0.2759870642052549, 0.6539419957249268, 0.1103591486813153, 0.0789118130111586]], "inverted": false, "swapped": false, "error_lsq": 0.046664809423383656, "error_max": 0.3686012160850032, "target": "227.xyz", "model": "13.xyz", "model_rescale": 4.170626492500431, "target_rescale": 4.272366277236894},
{"mapping": [10, 9, 7, 8, 12, 5, 4, 11, 2, 1, 0, 3, 6, 13], "R": [[-0.8145218075254453, 0.5799691884094672, -0.013782799466930784], [0.19496747423242997, 0.2512860303980564, -0.9480733172694051], [-0.5463898874035906, -0.7749135896488404, -0.31775307948254494]], "T": [-0.02088335993336622, 0.08303793964255515, 0.08331294960962272], "aligned_model": [[-0.26681933338051755, -0.16616986717688015, -0.8242885578382912, -0.46602898508541635, 0.10143171436905866, 0.7170675754213729, 0.06690578951948464, 0.43063706136430335, 0.14606999013029542, -0.4659939918762684, -0.4374382649498107, 0.3106309907606066, 0.8138467841213003, 0.06818894238341436], [-0.3407576832391934, -0.6705534174697939, -0.013015593909554105, 0.22231185783933813, -0.08103443120635884, -0.10114877912747675, 0.6150948736069043, -0.4603032564381945, 0.6576683267101542, -0.13572302618223722, 0.41504407442105273, -0.030946677668029124, 0.156390789890753, 0.03666112614280844], [-0.19640310635732044, 0.3427321774290482, 0.030933473091523424, -0.494618223561569, -0.619414167348718, -0.41540891475369324, -0.37741648818638135, 0.10717306117392637, 0.35691606435323464, 0.670539170974218, 0.35185036619074944, 0.677096872203016, 0.1563486463409372, 0.06682486047463915]], "inverted": false, "swapped": false, "error_lsq": 0.045050653570762274, "error_max": 0.33216023214701046, "target": "227.xyz", "model": "14.xyz", "model_rescale": 3.9786697098870705, "target_rescale": 4.272366277236894},
{"mapping": [10, 6, 2, 9, 3, 0, 12, 5, 1, 11, 4, 13], "R": [[-0.5485186599486835, -0.7318228953533626, 0.4044286457766335], [-0.21256129306513394, -0.34574924105359184, -0.9139338920301312], [0.8086686443646611, -0.5872756696369148, 0.03409268945000965]], "T": [0.013647140210920866, -0.009611772415709876, 0.018656732504474135], "aligned_model": [[0.003201737493849291, -0.663745079269549, 0.514629661743873, 0.5958062187470903, -0.08914000954721749, 0.36885881356005457, -0.45150829746322174, -0.1437270248717528, 0.6926770726700665, 0.06175270780890438, -0.43283492929323497, 0.027383725188474355], [-0.3251171617930001, -0.012951236167399129, 0.09790133730616123, -0.5159709929587666, 0.45284347951916204, 0.5445885916664215, -0.2867294991304325, 0.2856034242382378, 0.036127849982381055, -0.7206880605365317, 0.5535204471461875, -0.0944536890479822], [-0.6599394197047963, -0.2542237287680727, -0.47620869807254707, -0.11181538225668988, -0.5526736769552275, -0.03861814494922622, 0.4932424690634363, 0.6241090896979272, 0.2697548923699985, 0.28450201261842917, 0.06157632153409759, 0.020260759296500886]], "inverted": false, "swapped": true, "error_lsq": 0.041656366902806094, "error_max": 0.23130135315490594, "target": "227.xyz", "model": "15.xyz", "model_rescale": 3.769337070930944, "target_rescale": 4.272366277236894},
{"mapping": [5, 12, 0, 1, 4, 6, 3, 8, 2, 9, 13], "R": [[-0.38704346602169953, 0.7739668970522775, -0.501171225907054], [-0.7146311705631776, -0.595261204274219, -0.36737771944622527], [-0.5826659810469565, 0.21596143394892614, 0.7834928293081639]], "T": [-0.058640357285131416, 0.015125594894212675, -0.006071295185777179], "aligned_model": [[-0.36555023214468885, -0.24758095867682636, -0.06034617158140756, -0.6212602707399086, 0.3098546092592038, 0.5317211778870369, 0.5729772781685812, 0.23198697891285844, 0.08001077979041496, -0.418502535636045, -0.09068452454804793], [-0.03283193590414974, -0.6072057763941016, 0.6544443858415471, 0.4474556607713396, 0.09212821940342306, -0.38144294057818595, 0.40363014455679597, -0.5851069097956402, 0.5490528424685691, 0.090709468003216, -0.03476866074747148], [-0.6241308400157405, -0.3149410905020601, -0.17299152091897077, 0.14483793330361186, -0.6197391871844361, -0.17202843313886926, -0.037246164011043, 0.354997198877809, 0.4446302762659903, 0.6846660763235987, 0.056163358223887086]], "inverted": false, "swapped": true, "error_lsq": 0.04253711146576381, "error_max": 0.2612528500203784, "target": "227.xyz", "model": "16.xyz", "model_rescale": 3.7852294659196426, "target_rescale": 4.272366277236894},
{"mapping": [8, 3, 2, 10, 6, 4, 5, 0, 9, 11, 12, 1, 13], "R": [[0.2487800756054403, 0.44976517884375816, -0.8577993692474911], [-0.8822974570706168, 0.47060357973903827, -0.0091360814097467], [0.39957436257657253, 0.7591070771876949, 0.5139034677204278]], "T": [-0.020202489516040083, 0.13038448572620606, 0.04577419587580433], "aligned_model": [[-0.03665097522492149, -0.4225789320966167, 0.2793500280096903, 0.09034378806568238, -0.5938398528808548, -0.7031547230546819, -0.2621719412391145, -0.05585333231824401, 0.7322410173132564, 0.4526803940500599, -0.1948924419512703, 0.5283523361341573, 0.0399404854091402], [-0.0834517022557289, -0.43671060982879495, -0.4312498375153242, -0.5296542801012767, -0.047670533301612944, 0.21485733695394063, 0.7414720945280422, 0.007023253625959958, -0.061097724690273025, 0.410675592443844, 0.6726985340313345, 0.28524188975859427, 0.13292161005416955], [-0.6816302979681494, 0.30528305126344213, 0.36557026562149025, -0.28929869630591565, -0.3696433082402477, 0.25730861465897104, 0.26144504648778427, 0.6939291247637953, -0.05166890447385398, -0.4799976368099047, -0.39442386242483274, 0.49447324400570114, -0.015591943435106594]], "inverted": true, "swapped": true, "error_lsq": 0.03766452546544831, "error_max": 0.22642253370867263, "target": "227.xyz", "model": "17.xyz", "model_rescale": 3.901054581598922, "target_rescale": 4.272366277236894},
{"mapping": [13, 12, 9, 5, 2, 0, 8, 7, 4, 11, 10, 6, 1, 14], "R": [[-0.2140543070143983, 0.5185197688102897, 0.8278393582099787], [0.6731252310736742, 0.6924428557626703, -0.25966384961185984], [-0.7078722885807852, 0.5016573939016165, -0.49724911483404366]], "T": [0.01697376928498276, 0.029209146490686913, 0.017653982741413523], "aligned_model": [[-0.4131181544756719, -0.14427439366938588, -0.6342013942760775, -0.4219672423557077, 0.07193160280629726, 0.6598784774267449, 0.1438914092855175, 0.43013790485876735, 0.17401406858887872, -0.30177172049609713, -0.479319489340836, 0.28520759387696415, 0.6747319807735159, -0.017100795240258176], [-0.35494900220953124, -0.6735291245162325, -0.05847851184326282, 0.22726091164875795, -0.03821768746737876, -0.22221959466062574, 0.558795607097404, -0.3911461676061345, 0.768271566480927, -0.24855491802985663, 0.514635335120154, 0.008242463815206776, 0.1889803688031766, -0.009403063262430594], [-0.4238725195250519, 0.19691093932401812, 0.06736718291429347, -0.3800800158219978, -0.8046424118664816, -0.29692771232634924, -0.3616194615420185, 0.3214200617946449, 0.2515322708797544, 0.6943957548612691, 0.4541263930540195, 0.7186081601542346, 0.1835239353428873, 0.036411214780388196]], "inverted": true, "swapped": false, "error_lsq": 0.03582786432868209, "error_max": 0.20266627113529742, "target": "227.xyz", "model": "18.xyz", "model_rescale": 3.9405287249114394, "target_rescale": 4.272366277236894},
{"mapping": [1, 12, 0, 6, 2, 10, 5, 14, 9, 4, 8, 13, 11, 15], "R": [[0.7097028997162901, 0.32298414533758946, 0.6261014582276873], [0.1927825101307573, 0.7657594529668819, -0.613553065333021], [-0.6776110225800448, 0.5561418003103247, 0.48119600998513834]], "T": [-0.01961121787938019, -0.07112217847885055, 0.156620665709155], "aligned_model": [[-0.37490007500127703, -0.08402784955020079, -0.7034600989406696, -0.42999667554691706, 0.11373736734943679, 0.5600727505018962, 0.05015956236000191, 0.6211640325246687, 0.24684452626917203, -0.5485275769374588, -0.4875925358361321, 0.42633427209752395, 0.64166142885469, -0.003429280382082057], [-0.39411452368387523, -0.5767018477806363, -0.053759608500697886, 0.21470957756332082, 0.1192497562809374, -0.21466611650080633, 0.6323605052734185, -0.4969528532061659, 0.6097159200978914, -0.17283511709697652, 0.51261261620103, -0.05554529980743278, 0.21166657361171087, -0.06605139908154462], [-0.29611015599775425, 0.3575653291423387, 0.08789289118584306, -0.3985076428511948, -0.6808170718488885, -0.35452087203299576, -0.2809942273696344, 0.2450190650560521, 0.39001018323979064, 0.6511578148238492, 0.04473084910614064, 0.6588355860292128, 0.11232382302034911, 0.12056822052050192]], "inverted": false, "swapped": false, "error_lsq": 0.03615902088167951, "error_max": 0.2352234146982963, "target": "227.xyz", "model": "19.xyz", "model_rescale": 4.410303926677745, "target_rescale": 4.272366277236894},
{"mapping": [6, 4, 11, 10, 3, 0, 5, 2, 8, 12, 9, 7, 1, 13], "R": [[-0.20951127851240708, 0.5957031702379384, 0.7753984505688456], [0.05373345659940104, 0.7988139713214595, -0.599173559883544], [-0.9763287048007843, -0.08386877959114769, -0.19936972686923804]], "T": [0.040828314397224424, -0.029758973252074238, 0.01680135112554472], "aligned_model": [[-0.2138420763738005, -0.2169596446852418, -0.7562397185420026, -0.4728898444930043, 0.16547278890889738, 0.5616589275034206, 0.11799694834632052, 0.40940393695212596, 0.037870152526122275, -0.27395831912937774, -0.45731852462248257, 0.365915996112965, 0.7382611914025552, 0.022668033856154356], [-0.4280155039940292, -0.6562750803899684, -0.24937702153323274, 0.5094229707873907, -0.05955127001503117, -0.35304809653785074, 0.7116396124253502, -0.5179769738892038, 0.6750924541814997, -0.04883855803296832, 0.35222021886958627, 0.08875419099267287, 0.20060270095872412, 0.04503853954723395], [-0.31941368566557554, 0.2068443216946177, 0.07666610059671701, -0.33034486800335305, -0.6970185629492194, -0.35384536441269, -0.3619384831384601, 0.2705806293699326, 0.3237757733995812, 0.7032562164197946, 0.29928736909700454, 0.6389956889807648, 0.17055691134780143, 0.029751745286694716]], "inverted": true, "swapped": false, "error_lsq": 0.038404464953554915, "error_max": 0.3022228540177374, "target": "227.xyz", "model": "20.xyz", "model_rescale": 4.121658175737393, "target_rescale": 4.272366277236894},
{"mapping": [2, 10, 8, 9, 11, 0, 6, 1, 4, 5, 12, 7, 13], "R": [[0.09138044910385965, -0.3030288121270597, 0.948590086677296], [0.621752191270029, 0.7614502343101017, 0.1833514475536213], [-0.7778649151186177, 0.5730332273873429, 0.2579904923394496]], "T": [-0.018771322339098312, -0.07795747029810977, 0.03683035001864046], "aligned_model": [[0.03474047521797654, 0.029172162075292635, 0.13022056515247044, 0.6631787212117352, 0.6392709014441411, -0.2709713476919008, -0.4698532718303854, 0.3938895363717716, -0.6946391622452862, -0.16482956575101784, 0.07441044166704705, 0.4608688143452774, 0.05562463469717335], [-0.5819787423963518, 0.06630245390043567, 0.5563061446012466, -0.2807259152838006, 0.29918013295018164, -0.6862597142161407, 0.46530579665994704, -0.6477893079525255, -0.0243848864775396, -0.07701244967693041, 0.4907706608972648, 0.002525597722033243, -0.04141286656463705], [0.5373634606301592, 0.769657745473874, 0.4249345240668463, 0.36265380144656545, -0.02117832222112581, -0.01755085331421158, 0.2231773778788737, -0.1398805455250225, -0.2053242854175331, -0.639303729487382, -0.3947492007553637, -0.589305468680977, 0.059615235387086095]], "inverted": false, "swapped": true, "error_lsq": 0.04622637525887162, "error_max": 0.27143710131635007, "target": "227.xyz", "model": "21.xyz", "model_rescale": 4.08911054899281, "target_rescale": 4.272366277236894},
{"mapping": [10, 9, 12, 7, 6, 8, 0, 11, 4, 14, 13, 15, 1, 16], "R": [[-0.9664746816412727, -0.18017751186370048, 0.1829282754661147], [0.13583790728714354, -0.9633746643648223, -0.2312083886968971], [0.21788701817742626, -0.19860845973566213, 0.9555521581950291]], "T": [0.03146835859785754, 0.010815497361422443, 0.10885718061497826], "aligned_model": [[-0.43064261258107417, -0.3037540609308459, -0.6931667427555775, -0.4316226776628891, 0.13600087866812402, 0.5588089266886039, 0.17602658277442682, 0.6230637962810944, -0.003468258804015731, -0.29913799102210903, -0.4833246929922903, 0.3676355999157568, 0.794312878600267, 0.0173082215831803], [-0.41882965827154844, -0.6018719451915205, -0.0978531523751004, 0.21602561681252835, 0.06850594783631375, -0.21175936695392542, 0.6401446455157148, -0.4607871403983516, 0.6887371867462606, -0.10266820947762763, 0.42452632738776364, -0.15859869917108774, 0.22978456741709632, 0.05433206349365751], [-0.3941278089941763, 0.24952572274780463, 0.1986603013014151, -0.39037391519060594, -0.6268797918983868, -0.2824666917475528, -0.31907639049809045, 0.22504160482429353, 0.2685249660129131, 0.6470425351352334, 0.13255167747938432, 0.7331947766094296, 0.11977349534506324, 0.09576331089688632]], "inverted": false, "swapped": false, "error_lsq": 0.03278610919548332, "error_max": 0.2218168719670259, "target": "227.xyz", "model": "22.xyz", "model_rescale": 4.204369325754507, "target_rescale": 4.272366277236894},
{"mapping": [1, 12, 0, 6, 2, 10, 5, 14, 9, 4, 8, 13, 11, 15], "R": [[0.7097028997162901, 0.32298414533758946, 0.6261014582276873], [0.1927825101307573, 0.7657594529668819, -0.613553065333021], [-0.6776110225800448, 0.5561418003103247, 0.48119600998513834]], "T": [-0.01961121787938019, -0.07112217847885055, 0.156620665709155], "aligned_model": [[-0.37490007500127703, -0.08402784955020079, -0.7034600989406696, -0.42999667554691706, 0.11373736734943679, 0.5600727505018962, 0.05015956236000191, 0.6211640325246687, 0.24684452626917203, -0.5485275769374588, -0.4875925358361321, 0.42633427209752395, 0.64166142885469, -0.003429280382082057], [-0.39411452368387523, -0.5767018477806363, -0.053759608500697886, 0.21470957756332082, 0.1192497562809374, -0.21466611650080633, 0.6323605052734185, -0.4969528532061659, 0.6097159200978914, -0.17283511709697652, 0.51261261620103, -0.05554529980743278, 0.21166657361171087, -0.06605139908154462], [-0.29611015599775425, 0.3575653291423387, 0.08789289118584306, -0.3985076428511948, -0.6808170718488885, -0.35452087203299576, -0.2809942273696344, 0.2450190650560521, 0.39001018323979064, 0.6511578148238492, 0.04473084910614064, 0.6588355860292128, 0.11232382302034911, 0.12056822052050192]], "inverted": false, "swapped": false, "error_lsq": 0.03615902088167951, "error_max": 0.2352234146982963, "target": "227.xyz", "model": "23.xyz", "model_rescale": 4.410303926677745, "target_rescale": 4.272366277236894},
{"mapping": [11, 9, 10, 1, 7, 13, 0, 6, 2, 8, 3, 5, 12, 16], "R": [[-0.6674370893591276, 0.7432810469642269, 0.04539842476979494], [-0.42137441042483703, -0.3267056030312139, -0.8459947134510547], [-0.613979916599018, -0.5837779836305698, 0.5312550497089785]], "T": [0.0074104960077906465, -0.13436133012702725, 0.0577317176940657], "aligned_model": [[-0.31579115864243323, -0.3243577177492671, -0.634349980050179, -0.4914163322606538, 0.13287414576025827, 0.5614007839966797, 0.23307988300669708, 0.7038296408290697, 0.045251627663393273, -0.46814115080989094, -0.4477119156248248, 0.371913992499487, 0.7134008419549106, -0.05194281281059518], [-0.4848647264369126, -0.6242726408416523, -0.14687859490184133, 0.2857909966610811, 0.053461965345449725, -0.35881589591994534, 0.5678155385628053, -0.399518894075664, 0.7017246221694993, -0.25032795731787494, 0.6347679798179757, 0.07719317097369774, 0.24391989347189993, -0.030307274138344775], [-0.3586930008534236, 0.26349066307120717, 0.16622483142954783, -0.4999233434902831, -0.56749798325667, -0.3122703532972158, -0.10476992517346681, 0.2080311879759672, 0.42163044028843466, 0.7181172413402339, 0.16046768825597263, 0.524619206857444, -0.010508901336405453, 0.0482360402122681]], "inverted": false, "swapped": false, "error_lsq": 0.035687119312593, "error_max": 0.2130640887941705, "target": "227.xyz", "model": "24.xyz", "model_rescale": 4.28219845311461, "target_rescale": 4.272366277236894},
{"mapping": [2, 13, 14, 6, 0, 4, 8, 7, 5, 12, 10, 9, 3, 15], "R": [[-0.2584722247803884, 0.786449679290762, 0.5609714885451258], [0.932747821988759, 0.35426926576077694, -0.0668938555664615], [-0.25134360861637794, 0.5059547304658568, -0.8251279907547191]], "T": [0.04127604475061075, 0.008487860327208295, 0.0945166958251387], "aligned_model": [[-0.30664479571883796, -0.06528708213825056, -0.7150563253865588, -0.4811902946523968, 0.09233096201412044, 0.507759622513996, -0.08742700439317791, 0.5450074372063068, 0.26452983216905346, -0.36339857821641147, -0.5738445951709091, 0.35532684628980743, 0.8077918608251825, 0.04814196242072777], [-0.40022801645412887, -0.5542214561105823, -0.07963483487116499, 0.3320282056830446, -0.0029054479106607745, -0.3521454717395187, 0.6623060147294877, -0.5228270407167714, 0.7765144372208449, -0.24852704547173302, 0.5092638812020746, 0.029052894307171874, 0.11901652919184488, 0.001995534310264867], [-0.3305508814161921, 0.25237416989205624, 0.11296558111111625, -0.5646856282597126, -0.7196195089873114, -0.3379012091062294, -0.10017126744920608, 0.3581550199236972, 0.3870463601371626, 0.6900011103623154, 0.11807076314171232, 0.6926996588965226, 0.07771604326729274, 0.021053580510386874]], "inverted": true, "swapped": false, "error_lsq": 0.03637756515897959, "error_max": 0.29929061662646333, "target": "227.xyz", "model": "25.xyz", "model_rescale": 4.100010024507729, "target_rescale": 4.272366277236894},
{"mapping": [6, 3, 0, 2, 12, 7, 5, 9, 10, 11, 8, 13], "R": [[0.6494498910050258, 0.6764202280287942, -0.3473766172139895], [-0.7122509450302891, 0.38115186438477194, -0.5894250143822136], [-0.2662957573395047, 0.6302213352382534, 0.7293199834321648]], "T": [0.0065631725916713395, 0.024348920201393863, 0.07337781561750448], "aligned_model": [[-0.6337366039925968, -0.003866746770494079, 0.39566291609347976, 0.5667174432671721, -0.5249386359328839, 0.03590496792748886, -0.2037341075841098, 0.5714977026923688, 0.057813867794172316, -0.015304769987296036, -0.38463172275097995, 0.015381291606685818], [-0.283304669084438, -0.715300762183846, -0.2870451830578693, -0.37798146986725517, 0.5092805249513767, 0.7885669140794626, 0.3360159247992805, 0.27379912865107386, -0.357212811341766, 0.6454108827445525, 0.05913127526190675, 0.07477163509816104], [-0.09603464638226952, 0.1338597062993497, 0.5072313509053725, -0.10492473707024935, 0.10062856335595956, 0.28239495676777704, 0.6540067239553999, -0.4072003735313786, -0.5684395308451091, -0.3652805684239735, -0.575367517522886, 0.00431836234636343]], "inverted": true, "swapped": true, "error_lsq": 0.04063688227823226, "error_max": 0.22804521553160684, "target": "227.xyz", "model": "26.xyz", "model_rescale": 3.6694154284099745, "target_rescale": 4.272366277236894},
{"mapping": [1, 6, 0, 5, 7, 3, 8, 12, 10, 2, 4, 11, 9, 13], "R": [[0.8189473408832103, 0.254185729092865, 0.5145044878189573], [-0.46501962102515687, 0.8193011032176317, 0.33541385530116563], [-0.33627667912291875, -0.5139409668355894, 0.7891658112755274]], "T": [0.007727260655845705, 0.08416954220398123, 0.017435994613798453], "aligned_model": [[-0.4717128443930217, -0.06257074692120469, -0.6438637112922089, -0.5204405496441838, 0.2033053763685283, 0.5409674912871515, 0.059919369518778555, 0.47365111131169196, 0.13340272618215981, -0.2488405475392911, -0.5040954483410179, 0.41340339220588856, 0.6706854168256102, -0.01577118780622932], [-0.5291121796986327, -0.5937035294383024, -0.005741943180917572, 0.14292284230499125, 0.030684709290346585, -0.40180105604803484, 0.6828605596885168, -0.4328561047217204, 0.5347934126774055, -0.1368625759777011, 0.6502963509787978, 0.01891286701305281, 0.24301479914413646, 0.06628003133823504], [-0.39930057559170323, 0.09951352306917934, 0.08284603363543579, -0.5687084531217941, -0.5783971179445092, -0.346320317227511, -0.1998247744767589, 0.39866067792868803, 0.395635048839125, 0.606882691723338, 0.3225073322226935, 0.7706583468304662, 0.006563874951332302, 0.0664375011856285]], "inverted": false, "swapped": false, "error_lsq": 0.03544783263600602, "error_max": 0.19527820448961752, "target": "227.xyz", "model": "27.xyz", "model_rescale": 4.103607728864725, "target_rescale": 4.272366277236894},
