[{"mapping": [11, 9, 10, 4, 13, 12, 0, 1, 6, 2, 8, 14], "R": [[0.7918861784177237, -0.5337353891507661, 0.2967200950374841], [0.6011463559756385, 0.7668026332153671, -0.22502617712432993], [-0.10742131598609331, 0.3565673233234642, 0.9280734910607867]], "T": [-0.06810776563895125, -0.0386064821958449, -0.1021362621182641], "aligned_model": [[-0.15916624560929776, 0.20864190480513, 0.33654059254221275, 0.19607662870079506, -0.26234617422603834, -0.4939466072329611, 0.332951769359569, -0.22717152151535042, 0.5689726499800947, -0.00026820991545663253, -0.5658940784457949, -0.09674824598235357], [-0.4171282726344106, -0.7613979598869394, -0.22931363860136467, 0.7372825314306778, 0.36913927492043747, -0.5742011680006207, -0.23606739256321047, -0.5398414725515852, 0.1839733497891095, 0.3116226767253322, 0.2277772172883717, -0.01829010993874063], [-0.4225848806731326, 0.03970202247381924, -0.6917787791157367, -0.0654705588263847, -0.7432658627755129, 0.014241561568979044, 0.523856186956928, 0.552881000131666, 0.13096234525578299, 0.4882001767871744, 0.4066728700482556, -0.05146433647827621]], "inverted": true, "swapped": true, "error_lsq": 0.04606722515937787, "error_max": 0.3268338768227329, "target": "229.xyz", "model": "0.xyz", "model_rescale": 3.751011558992144, "target_rescale": 4.280410662591809},
{"mapping": [0, 3, 7, 11, 6, 9, 1, 4, 12, 2, 8, 5, 13, 10, 14], "R": [[-0.12007579352106777, 0.9732491868048239, 0.1958770639815569], [-0.9088435577163445, -0.028370650441985508, -0.4161712313351277], [-0.3994811527566521, -0.22799369854723553, 0.8879378818447656]], "T": [-0.040443653220793664, -0.022137184098496795, -0.013091113434185092], "aligned_model": [[-0.19963740188795756, 0.37390317569156084, -0.2431756242475754, 0.008883703283964074, -0.5483679397929679, 0.43439097326572496, -0.661505326254922, -0.6612255530050616, 0.3669713937243834, 0.34933708553204224, -0.23502117553997184, 0.34539223726153623, 0.6757946337484995, -0.16766001872798006, -0.004835424698947648], [0.21516688566855086, -0.014917112329834666, -0.4280484219882296, -0.7857910446078559, -0.5749693667581086, -0.21683426919087534, 0.03112964617097837, 0.19497661108375486, -0.566337091480556, 0.6391102189010148, 0.5930149719634782, 0.3417493669951364, 0.07512241317015368, -0.21474110415740444, -0.06363858046526176], [-0.7158347703652009, -0.6547066255960299, -0.49663308542386153, 0.2130296113039087, -0.023826205240874934, 0.4002062902356581, -0.3247489266154504, 0.42630096973482523, -0.31281522725425837, -0.32059875514704284, 0.14229764047132204, 0.31676232454169595, -0.0841226931646897, 0.7737846546855002, -0.00941679655724743]], "inverted": false, "swapped": false, "error_lsq": 0.04072477930452755, "error_max": 0.29960006341385564, "target": "229.xyz", "model": "1.xyz", "model_rescale": 3.9405287249114394, "target_rescale": 4.280410662591809},
{"mapping": [4, 7, 6, 11, 10, 2, 3, 13, 9, 1, 12, 8, 14], "R": [[0.07627081936149332, 0.46053458330390157, 0.8843588975608423], [-0.7334378210865967, -0.5749349431652446, 0.36265517192964813], [0.6754640809944465, -0.6762822699943264, 0.29392272211867043]], "T": [-0.0028605062425450314, -0.08850022011644584, 0.022395983477677735], "aligned_model": [[-0.21418322610024207, 0.23443838985698792, -0.3241125442764637, 0.3928539733232918, 0.580063910350514, -0.6547469203306379, 0.018859073624168936, 0.5567882095284491, -0.018166185491393545, -0.5301730825630709, 0.02336641175526675, -0.5147918624681616, -0.05421286792477794], [0.6951982868443608, 0.47338771747998964, 0.18285861360620873, -0.4008953831865657, -0.08088341807461077, 0.13600451581952352, 0.35637364277357053, 0.4068676275224383, -0.7686221029851713, -0.7356187308375877, -0.6997871253662753, -0.021700242525327887, -0.08435080749853652], [-0.09719033570739152, -0.3705363635003727, -0.5545873002933873, 0.031172229678825113, -0.4335962532987864, 0.042433619282309626, 0.5059402657746835, 0.25995931633271685, -0.372997440741339, 0.11601482651731732, 0.3500919592861184, 0.5801614100250786, 0.056254416232871585]], "inverted": false, "swapped": true, "error_lsq": 0.04507105578641889, "error_max": 0.26411683726519714, "target": "229.xyz", "model": "2.xyz", "model_rescale": 3.932901565614263, "target_rescale": 4.280410662591809},
{"mapping": [5, 13, 3, 11, 8, 2, 4, 1, 9, 0, 7, 10, 6, 14], "R": [[-0.7974528700086987, 0.05326500933871675, 0.6010255892181597], [0.3886768773301344, 0.8072480309324948, 0.4441631474858153], [-0.4615183692376561, 0.5878039259274787, -0.6644451365767214]], "T": [0.010107228409548898, -0.0012919836223476422, -0.0008281002393147434], "aligned_model": [[-0.27644065348065366, 0.5752423434568068, 0.17194608195675004, -0.03865486340975146, -0.413832817917856, -0.14733425813218218, 0.5582414857435033, -0.7880158609567514, -0.3653048673776675, -0.324739254732547, 0.7179218464069151, 0.4861640073755324, 0.2902127300117844, -0.02559600689117912], [-0.020593641275250013, 0.11554780243998064, -0.3195808775985327, 0.49536892945663724, -0.532407743064829, -0.6541221258568309, -0.6117478077891956, -0.05382249243339465, 0.4469689544207356, -0.26825317104339963, -0.08322124255024269, 0.526887039013308, -0.3278352001241476, -0.04969178524435015], [-0.7519366707739733, -0.5318677341548351, -0.5528244158324014, -0.07299392016818655, -0.34116485807856295, 0.1566036750939547, -0.006663522641701208, 0.25573668241852504, 0.5257304331177975, 0.6381677253915005, 0.13595900766519622, 0.20456098024521846, 0.5689601359154216, -0.014371155140856132]], "inverted": false, "swapped": true, "error_lsq": 0.041061954254237185, "error_max": 0.21830321454155724, "target": "229.xyz", "model": "3.xyz", "model_rescale": 3.9243930471874484, "target_rescale": 4.280410662591809},
{"mapping": [4, 3, 7, 6, 10, 2, 0, 13, 11, 12, 9, 1, 14], "R": [[-0.5612221065067544, 0.6785191058125316, 0.4739636802704231], [0.7748294557510452, 0.229393378129084, 0.589082330893625], [0.2909794866801788, 0.6978470470797236, -0.6544772243657146]], "T": [-0.014649247340410461, 0.02054585386478916, -0.12557184983551795], "aligned_model": [[0.0749031193931281, -0.25147521373697784, 0.5320011191893561, 0.21965170681503973, 0.7069377246391083, -0.4342680310890285, -0.19705755771853778, 0.300686405728896, 0.19138148952055378, -0.3437516420000218, 0.11951089896621031, -0.5684392162717529, -0.07287491712462102], [-0.5704018908380852, 0.08077022890110061, -0.3028455796091504, -0.6441311877870153, 0.16968678276851382, -0.5248360525195039, -0.4873373174839446, 0.29189212513544516, 0.448632101022322, 0.5133541400079742, 0.1269005414845223, 0.024500759064234018, 0.0016449035351742622], [-0.6876240414689051, -0.7358882049057519, -0.4763082285256305, -0.011310344881496098, -0.05587940885897541, -0.1728839274998462, 0.42259600821641563, -0.7903778016940761, 0.043399183800898355, 0.2357808743226789, 0.6424292796259584, 0.5060027196902869, -0.13286579245059332]], "inverted": false, "swapped": true, "error_lsq": 0.04118794203533233, "error_max": 0.2286761522805528, "target": "229.xyz", "model": "4.xyz", "model_rescale": 3.8936222436046832, "target_rescale": 4.280410662591809},
{"mapping": [13, 4, 5, 11, 8, 2, 6, 0, 9, 10, 12, 14], "R": [[0.25872000427808994, 0.9434656971072339, 0.2072110947037013], [0.8061157030794546, -0.09269345673207918, -0.5844530745301754], [-0.5322043147467538, 0.3182458192357275, -0.7845241652772201]], "T": [-0.04505694463063903, -0.05967614094599635, -0.06392480983103177], "aligned_model": [[-0.10936138035820739, -0.6465722739876018, -0.27788759548721387, 0.40892799135998303, -0.6397320706990899, -0.6161932938520327, -0.19597075325955837, -0.09914301081688164, 0.5511554093839258, 0.5050276293673865, 0.2414410485509837, -0.09414365798659655], [-0.6064603903161665, -0.5941846832677009, 0.2556878477596922, -0.018684609698287225, 0.38806313390222014, 0.10537888632496442, -0.3543824931006724, 0.25608400461065184, 0.2858128872479849, -0.5542674764590303, 0.5283442818644106, -0.022468483758259716], [-0.6224266010923997, 0.09614222678362083, -0.7660514152120496, -0.27950561139881963, -0.21731730553614131, 0.2858177937356362, 0.5686266795327234, 0.6354151189289646, 0.31594906345824536, -0.039962685155835065, -0.2960779200393527, -0.06132462472907433]], "inverted": false, "swapped": true, "error_lsq": 0.05549420418182543, "error_max": 0.28744353478759305, "target": "229.xyz", "model": "5.xyz", "model_rescale": 3.6523030999806103, "target_rescale": 4.280410662591809},
{"mapping": [0, 6, 4, 2, 3, 9, 7, 12, 10, 11, 13, 5, 14], "R": [[0.39166462894824633, -0.8879441890852837, -0.24115127099086683], [-0.5899824469602252, -0.4434792318047266, 0.6747198553745954], [-0.706059155248098, -0.12198888485254525, -0.6975666142117002]], "T": [0.08851226229318601, -0.0989376725841534, -0.010707019134792668], "aligned_model": [[0.09014194529300981, -0.1425812204578251, 0.22513178984569093, 0.5210378326791256, 0.5200778762494157, -0.30879030821083553, -0.2878015453349352, 0.2502170152461368, -0.6178699220277283, -0.18132903167515654, 0.012955801956463175, 0.6535103075537082, 0.14638236354722511], [-0.5866241924268277, -0.015087655540613976, 0.5464142977875084, -0.11411977711378954, 0.3716188590532986, -0.777815205119855, 0.46822220666566927, -0.6270971734690303, 0.0652342719486586, -0.25183843663727534, 0.5810770118375123, -0.009622019987865188, -0.10953528283420734], [0.5841587728994746, 0.6596012496515272, 0.4771428230355512, 0.5263692462533919, -0.16731876313348593, 0.00958984217287389, 0.24057417667154657, -0.4309965607797005, -0.1585569208474239, -0.4082805873791028, -0.3939870433050927, -0.5759027820237386, 0.007716286265968698]], "inverted": false, "swapped": true, "error_lsq": 0.05422759968850545, "error_max": 0.3697853244480661, "target": "229.xyz", "model": "6.xyz", "model_rescale": 4.08911054899281, "target_rescale": 4.280410662591809},
{"mapping": [13, 1, 11, 8, 10, 3, 12, 5, 9, 2, 7, 6, 0, 4, 14], "R": [[0.011648488377841215, 0.8781716804321889, 0.47820373524829096], [-0.8237516733495664, -0.2626699263579246, 0.5024317769020108], [0.5668310977463223, -0.3997736978266939, 0.7203356836598274]], "T": [-0.06911130325024001, -0.05936902046976036, -0.050415857349553936], "aligned_model": [[-0.298143293945224, 0.3987514575552491, -0.26961341392293037, -0.029868523853899702, -0.617618941322126, 0.53190180712428, -0.7232791590069765, -0.6366031110059875, 0.4174991550072069, 0.3325153140887273, -0.25836892000282796, 0.2343095828505235, 0.8527222298491839, -0.1125258389665664, 0.011566393903695515], [0.3289375237632435, -0.02554083084329916, -0.38729780269468184, -0.6781540087133415, -0.5230539098067519, -0.24624758741145034, 0.02173566115078652, 0.11404449917425877, -0.6319027878056132, 0.5987802512778875, 0.6739133547818564, 0.2348661440814744, 0.11218102567166346, -0.19482567519884694, -0.17244273445224434], [-0.6271800182470031, -0.614247525042543, -0.4940290676594285, 0.23368644090694607, 0.007984424150847783, 0.42949150729651914, -0.3215032327934513, 0.42747746643527945, -0.27396150164280275, -0.28637165752016697, 0.11010665566319637, 0.21511078966127012, 0.023406239790787223, 0.6399580721121515, -0.1402501875033476]], "inverted": true, "swapped": false, "error_lsq": 0.04557821101481553, "error_max": 0.2925130699828969, "target": "229.xyz", "model": "7.xyz", "model_rescale": 3.964800864290218, "target_rescale": 4.280410662591809},
{"mapping": [2, 3, 8, 6, 1, 7, 0, 5, 13, 11, 10, 9, 12, 14], "R": [[0.8576244898622605, -0.3864273005631526, 0.33934374278594315], [0.492225952350608, 0.42564350565342135, -0.759303113339859], [0.14897599209615747, 0.8182307421959535, 0.5552518404331721]], "T": [-0.003021366819880862, -0.06162075115263913, 0.10716541710877979], "aligned_model": [[-0.17014975631812557, 0.32951652468739867, 0.4065148440616197, -0.682855551272431, 0.16975590611376615, -0.4874693690261038, -0.423507499216504, 0.7743479440109768, 0.1847632028200471, 0.16809905395549418, -0.3246563409852723, -0.18470354038946718, 0.48352307073651457, 0.01800940028295944], [0.022471370114584853, -0.5494477664828754, 0.004122756174191243, -0.057008145331703765, 0.7227656661207262, -0.5904621044380366, 0.49936164783397624, -0.22492456672247554, -0.7855934816372686, 0.03876810171236091, -0.24219454760947748, 0.6149349788901777, 0.406988037712591, -0.04883348015556824], [-0.556729451634346, -0.18204544160901487, -0.5296988578870524, -0.11089971960221164, -0.13874385516553944, 0.21699076036697512, -0.20937252457411937, -0.018035005147774022, 0.34303141206242904, 0.5707358967115679, 0.7488287700913994, 0.4654947785112053, 0.2666160288975611, 0.050642247703941295]], "inverted": false, "swapped": true, "error_lsq": 0.04430526914904752, "error_max": 0.29793011500412275, "target": "229.xyz", "model": "8.xyz", "model_rescale": 4.121658175737393, "target_rescale": 4.280410662591809},
{"mapping": [1, 0, 2, 8, 9, 11, 6, 13, 4, 10, 5, 3, 14], "R": [[-0.7331045915174752, -0.661855964352338, 0.1565386225416354], [0.6796340957393084, -0.7215787520481862, 0.13199091067643698], [0.02559597242943884, 0.20315212783483017, 0.9788125761102442]], "T": [-0.08924320109180331, -0.05174861892640718, 0.03618607243841918], "aligned_model": [[-0.6031043063570384, -0.20341980799531445, 0.27451799569371305, 0.08880251097716929, -0.7483240105193673, -0.4817978245448624, 0.2476442907645606, 0.2689548192494253, 0.7220096672965843, -0.21067496508255787, -0.14294581425380934, 0.33891094660947907, -0.07383600540278455], [0.15002139087321997, -0.3421291976240822, 0.06672682407436717, 0.5795673294720249, -0.41473425367605765, -0.0967287070148293, -0.5776643870432315, 0.07310757699506447, -0.16304999472266346, -0.5970157671127613, 0.7168964534176214, 0.4054987428717105, -0.010108571098673011], [-0.596918212396922, -0.6669134439792069, -0.5377487159285955, -0.3477125069499629, -0.19400931174534025, 0.34945172492243454, -0.30974400865937424, 0.722580591078641, -0.015022488900084507, 0.5217021637648757, 0.2662884614641411, 0.23570660498895088, -0.006585423700467566]], "inverted": false, "swapped": true, "error_lsq": 0.03957106093768229, "error_max": 0.23337052855802826, "target": "229.xyz", "model": "9.xyz", "model_rescale": 3.833441315466971, "target_rescale": 4.280410662591809},
{"mapping": [8, 10, 11, 6, 7, 1, 9, 3, 12, 13, 2, 5, 0, 4, 14], "R": [[0.2735457877786569, -0.9509705099526448, -0.14431836746915166], [-0.5801164224816865, -0.28279366060146144, 0.7638669268208141], [-0.7672272403633773, -0.12523112522065957, -0.6290306247873503]], "T": [0.02702105555582989, -0.13157090039239336, -0.04680525041941425], "aligned_model": [[-0.2623181450390319, 0.3499686367735585, -0.19110523565034968, 0.10397098259185003, -0.5694442472497364, 0.6714584686213436, -0.6399926877383124, -0.7174873919979606, 0.3316365547171578, 0.32374669065437156, -0.24763201724415923, 0.25677867718509095, 0.6611524577083668, -0.17756277543392507, -0.05992522954593644], [0.14959152242340548, -0.06196497312254087, -0.522555600473691, -0.6113224241175996, -0.40158686942028166, -0.29332831257543757, 0.27187648365626815, 0.0629294443002742, -0.6405673993401025, 0.6075088986619236, 0.5236337240290878, 0.31211356518470823, 0.10283496771570946, -0.18048244969864072, -0.09368745424814261], [-0.7137309444605244, -0.7995429326131469, -0.5614789008334853, 0.4276910638522665, -0.17023335014071217, 0.2759080792697984, -0.2709324488888162, 0.3559336689602634, -0.152408370829952, -0.08424172354192339, 0.062386528876759655, 0.4090354364173771, -0.1289892847826079, 0.7223928362476397, -0.04211125192468231]], "inverted": false, "swapped": false, "error_lsq": 0.048440990111324626, "error_max": 0.32625484141063915, "target": "229.xyz", "model": "10.xyz", "model_rescale": 4.2482417240324, "target_rescale": 4.280410662591809},
{"mapping": [9, 1, 2, 8, 10, 7, 6, 3, 12, 13, 11, 14], "R": [[-0.012868138342025381, -0.9999021466485921, 0.0054870887680187885], [-0.649242940986662, 0.012528583695945117, 0.7604779011710752], [-0.7604722313106511, 0.00622348118911914, -0.6493406299372374]], "T": [-0.008214040011632335, 0.07863249668731456, -0.04845594315053802], "aligned_model": [[-0.6645574563675383, -0.08419942181094446, 0.4344858349699677, 0.6379299499467703, -0.5750435240237649, -0.050056026849814285, -0.08850577975105715, 0.5662582007180273, -0.1593177993612917, 0.18563986901829588, -0.36619139363740166, 0.040323149511758034], [-0.3491571219556241, -0.7558105829158669, -0.16853959499716384, -0.3181685940288633, 0.5527508590977621, 0.7341357983883535, 0.20768344149306903, 0.31554906443965935, -0.4333801858751367, 0.7463727926186562, 0.0928294335845381, 0.04186608020125535], [0.024656034509728288, 0.01084309976746179, 0.41917912606748614, -0.10027350959150574, -0.08973457701699153, 0.25974743029722613, 0.6491451523946635, -0.2630526615082303, -0.4920265137751305, -0.41118984809883274, -0.4032916389575949, -0.03880980423392329]], "inverted": false, "swapped": true, "error_lsq": 0.053053754884875015, "error_max": 0.3227204771226358, "target": "229.xyz", "model": "11.xyz", "model_rescale": 3.6694154284099745, "target_rescale": 4.280410662591809},
{"mapping": [12, 1, 2, 0, 9, 5, 11, 13, 6, 7, 4, 10, 8, 14], "R": [[-0.21996309478818044, 0.9476640230499144, -0.23140686322591483], [-0.6473716726359297, -0.31926009545474276, -0.692085911515895], [-0.7297438964457084, -0.002427110850340808, 0.6837162823373124]], "T": [0.0373573766153901, -0.009289094431864084, 0.013885007279812484], "aligned_model": [[0.047741220856239816, 0.14619125553926107, -0.22492746430159447, 0.3733937912629016, 0.691022983769605, -0.6087850463040019, 0.2609389115890542, -0.27757262678371997, 0.3361946942563888, 0.16266370407710443, -0.2718653148188701, 0.5501355569945359, -0.5822104340576015, -0.004656381823493469], [-0.41871441372086027, 0.1136350645073136, 0.6006790932143994, 0.5457061502610177, -0.10602013623035848, -0.44624533073198613, -0.46019682410173807, -0.3608562598833255, 0.6060682831165983, 0.19467435965544105, 0.531612027448701, -0.28375707156626695, 0.19486743996578215, 0.019534906201536313], [-0.5464785068987152, -0.8099051636880739, -0.17294446701060984, -0.3993533191549813, -0.4133156234150608, -0.18160295704745444, -0.016956949335018234, 0.6401852130846318, 0.2182859706173633, 0.6988097356280778, 0.5476909953760342, 0.4716116488344707, -0.376107375960419, -0.02082374137782978]], "inverted": false, "swapped": true, "error_lsq": 0.048094720728370885, "error_max": 0.305279025566487, "target": "229.xyz", "model": "12.xyz", "model_rescale": 3.9764082729961374, "target_rescale": 4.280410662591809},
{"mapping": [14, 11, 13, 9, 5, 1, 6, 4, 12, 3, 7, 7, 8, 0, 15], "R": [[-0.7773529029094581, -0.5595316992043098, 0.287483463739702], [-0.5789039944399759, 0.8151219450011464, 0.021127706903228696], [-0.2461557018630266, -0.15000164120130838, -0.9575525458570067]], "T": [0.02673313942337046, -0.15460719849845736, -0.06056960304611792], "aligned_model": [[-0.12945937753819792, 0.4709553152077835, -0.058480089101309314, -0.06131998978127807, -0.6584487431200738, 0.5312189725044387, -0.6152966314089747, -0.5431035705378081, 0.17296286751332304, 0.22347221315613858, 0.0016108311816729823, 0.0016108311816729823, 0.6438771612718098, -0.12632633462513854, -0.02002871755173196], [0.2142891625951571, 0.08833485640466557, -0.4006542792717811, -0.5628105082827607, -0.5273112342187598, -0.457547203034418, -0.10854953827600897, 0.18272368039904033, -0.7610549995388326, 0.6322244359101825, 0.43848367936388954, 0.43848367936388954, 0.18917859694686592, -0.08286640217744472, -0.0579308032087439], [-0.7521817862761193, -0.6722807401445204, -0.6143566432648514, 0.3719992710491315, 0.24674358480422398, 0.17826920479977693, -0.4720732737454586, 0.21756296229294736, -0.1949253479337115, -0.28558774292424516, 0.40702614024938083, 0.40702614024938083, -0.08501177552133146, 0.6454997908872844, -0.06803137891363376]], "inverted": false, "swapped": false, "error_lsq": 0.04528380887921439, "error_max": 0.32321184201186226, "target": "229.xyz", "model": "13.xyz", "model_rescale": 4.170626492500431, "target_rescale": 4.280410662591809},
{"mapping": [4, 7, 2, 6, 8, 1, 0, 13, 5, 10, 11, 9, 12, 14], "R": [[0.4016960576048128, -0.512428857959451, 0.7589841518998433], [0.8126259447468765, -0.18267126839026598, -0.5534169148381158], [0.4222313953615931, 0.8390756063878062, 0.3430346564648213]], "T": [0.0400717287998851, -0.006662845377212557, 0.11324512775043005], "aligned_model": [[0.05676545254749977, -0.025164467591573987, -0.18497226468102884, -0.5201173625862107, 0.2890279083908237, -0.3049681104480202, -0.650700687402802, 0.6369184229114834, 0.7517078220954505, -0.06974157997796562, 0.14581529325885717, -0.4867681046280816, 0.15961632286787, 0.045764377335341624], [-0.5015927670516899, -0.7170140654264031, 0.18174795894092322, -0.3241480993258861, 0.49335416708511176, 0.7584197048483114, 0.2723361636948481, -0.5144952024053308, 0.36477565993945243, -0.5425890915187518, 0.011456373342975567, 0.27003606250463635, 0.5697902306687856, 0.0339973726286832], [-0.5409010498701532, -0.019306872095341432, -0.5109474306746977, -0.1952017781323716, -0.4021595961671076, 0.14761966059100926, -0.0783250421242283, 0.14345518466895174, 0.06577055748721589, 0.6117548137606464, 0.6059394571612042, 0.6280397504694255, 0.4808796275798821, 0.06725581846643114]], "inverted": false, "swapped": true, "error_lsq": 0.04332532258340779, "error_max": 0.2828530790601006, "target": "229.xyz", "model": "14.xyz", "model_rescale": 3.9786697098870705, "target_rescale": 4.280410662591809},
{"mapping": [3, 2, 13, 5, 7, 10, 1, 9, 11, 12, 6, 14], "R": [[-0.3422189600420726, -0.30967254514713227, -0.8871240601910311], [0.7889511722287135, -0.6074855129328003, -0.09228975791338895], [-0.5103354105161251, -0.731480872175664, 0.45220957797736705]], "T": [0.004730169942670025, 0.011785687624001713, -0.04497167174684458], "aligned_model": [[0.11428142755087581, -0.6351152350523008, 0.5521608747948819, 0.33506880072280987, 0.05964118089487438, 0.43077970550892664, -0.40203931752922606, -0.04856018571776353, 0.4179505393835988, 0.1878993917756326, -0.4936099042691821, -0.03510268129579076], [-0.3079598008508371, -0.14392533763529944, 0.09281253436547314, -0.6936392855666382, 0.5911230303723101, 0.6073400344818811, -0.40295516380860075, 0.19082756603646966, 0.04082148654390873, -0.44136270117250814, 0.5152187849478547, -0.033626657489574954], [-0.6088518997481865, -0.2501830615342292, -0.6006573744132374, -0.24471731887793224, -0.4783048853153963, 0.06266022090848017, 0.5617523330944265, 0.7193843598627241, 0.24254103824218565, 0.44782621605591183, -0.13419322343109166, -0.05728991096982509]], "inverted": true, "swapped": true, "error_lsq": 0.05285260999358249, "error_max": 0.33646414919218437, "target": "229.xyz", "model": "15.xyz", "model_rescale": 3.769337070930944, "target_rescale": 4.280410662591809},
{"mapping": [6, 9, 4, 2, 7, 10, 13, 11, 3, 8, 14], "R": [[-0.036588695873240595, 0.23251067691052946, 0.9719053721720563], [-0.48526529066938623, -0.854329590929729, 0.1861143404829364], [0.8736010903186031, -0.46482226192863196, 0.14408816679276176]], "T": [-0.04609036296635595, -0.08367569488185037, 0.08293975039389823], "aligned_model": [[-0.3488992254023444, -0.26890135253529635, -0.06967081304506975, -0.6171579045433495, 0.27988144200105247, 0.4703140733483713, 0.6396112205273917, 0.2594784966092062, 0.13426184398969165, -0.46523837217548003, -0.09105327808300236], [0.07411520612638747, -0.8221130593719909, 0.6528350183945786, 0.3010754192239322, 0.24740855777194018, -0.37062754936788866, 0.29297429460683266, -0.47192333389061936, 0.46475950796813403, 0.2834717728817243, -0.055911336717688234], [-0.5440825958751468, -0.07262862988298596, -0.2778059510080959, 0.04283709050058593, -0.4743306057341511, -0.36289979753292956, 0.1375332524618194, 0.18368275316261742, 0.3974099027062882, 0.5998110156385431, 0.11469117278723183]], "inverted": false, "swapped": true, "error_lsq": 0.04837528189753566, "error_max": 0.2059621765303925, "target": "229.xyz", "model": "16.xyz", "model_rescale": 3.7852294659196426, "target_rescale": 4.280410662591809},
{"mapping": [8, 0, 9, 1, 2, 6, 7, 10, 12, 5, 3, 11, 14], "R": [[-0.861376757331396, -0.2761875276815434, -0.4263220982806384], [0.32843960117264814, 0.33741890230193333, -0.8821994744676004], [0.38750162620407336, -0.8999271825667426, -0.1999338784865725]], "T": [-0.004329951352026431, 0.18121907899908374, 0.05822995187840542], "aligned_model": [[-0.048332383890806116, -0.39579028769609265, 0.21372486524194137, 0.15539628548525783, -0.5081955840318021, -0.6602216240034027, -0.43088568817766637, 0.0857652638709134, 0.5698818946645743, 0.4898670756981117, -0.023254176103818632, 0.4244270056751899, -0.01861679651611653], [0.07278113255139637, -0.48025828681508687, -0.4463608550728454, -0.5986179685025622, -0.034958624005593825, 0.04010905994467248, 0.6432808960065594, 0.4154403667687216, -0.17741302858008856, 0.4349393433529183, 0.6584925668162165, 0.1850736832977437, 0.16254733794082327], [-0.6927315779256557, 0.08843934810593161, 0.4798121177728517, -0.20996236054970047, -0.3602750123774341, 0.3024476306007912, 0.4201328814783153, 0.7545136955372461, -0.0947666220249095, -0.5231835440481639, -0.39349060169294914, 0.3235793886057398, 0.001239353661110873]], "inverted": true, "swapped": true, "error_lsq": 0.048046040729510624, "error_max": 0.32989090816199673, "target": "229.xyz", "model": "17.xyz", "model_rescale": 3.901054581598922, "target_rescale": 4.280410662591809},
{"mapping": [0, 3, 7, 11, 6, 9, 1, 4, 12, 2, 8, 5, 13, 10, 14], "R": [[-0.12007579352106777, 0.9732491868048239, 0.1958770639815569], [-0.9088435577163445, -0.028370650441985508, -0.4161712313351277], [-0.3994811527566521, -0.22799369854723553, 0.8879378818447656]], "T": [-0.040443653220793664, -0.022137184098496795, -0.013091113434185092], "aligned_model": [[-0.19963740188795756, 0.37390317569156084, -0.2431756242475754, 0.008883703283964074, -0.5483679397929679, 0.43439097326572496, -0.661505326254922, -0.6612255530050616, 0.3669713937243834, 0.34933708553204224, -0.23502117553997184, 0.34539223726153623, 0.6757946337484995, -0.16766001872798006, -0.004835424698947648], [0.21516688566855086, -0.014917112329834666, -0.4280484219882296, -0.7857910446078559, -0.5749693667581086, -0.21683426919087534, 0.03112964617097837, 0.19497661108375486, -0.566337091480556, 0.6391102189010148, 0.5930149719634782, 0.3417493669951364, 0.07512241317015368, -0.21474110415740444, -0.06363858046526176], [-0.7158347703652009, -0.6547066255960299, -0.49663308542386153, 0.2130296113039087, -0.023826205240874934, 0.4002062902356581, -0.3247489266154504, 0.42630096973482523, -0.31281522725425837, -0.32059875514704284, 0.14229764047132204, 0.31676232454169595, -0.0841226931646897, 0.7737846546855002, -0.00941679655724743]], "inverted": false, "swapped": false, "error_lsq": 0.04072477930452755, "error_max": 0.29960006341385564, "target": "229.xyz", "model": "18.xyz", "model_rescale": 3.9405287249114394, "target_rescale": 4.280410662591809},
{"mapping": [9, 7, 5, 1, 2, 0, 11, 10, 8, 13, 14, 12, 4, 3, 15], "R": [[0.9939767112537887, -0.00417626885049914, 0.10951190010035847], [0.10222824897305642, -0.3247690013486398, -0.9402523495715979], [0.03949281703050993, 0.9457841479647963, -0.32238589122587097]], "T": [0.0670494096732362, -0.022855592980357678, -0.015082699882143783], "aligned_model": [[-0.07592761759255123, 0.46005483831587113, -0.34484531936503793, 0.09859681018385044, -0.5809147662426117, 0.550488735285697, -0.5057663437789759, -0.6819589621865796, 0.28814070502674777, 0.033561491716266975, -0.32133205624038264, 0.3033327643308781, 0.7962183024556873, -0.21786934323842505, 0.031465499681892696], [0.0696719749205361, 0.06778999735296203, -0.5316242752011238, -0.44909997785037525, -0.5944342747060328, -0.5018614386843746, 0.25832358885777984, 0.028097354147537376, -0.5951590935817892, 0.6013964632051586, 0.5853244487152155, 0.25416463462521954, 0.031384918830169375, 0.04090984565631743, -0.03989104331225878], [-0.7634182301151529, -0.5921058007644963, -0.5276837171857575, 0.4877491903826264, 0.07854165773638408, 0.0824574261619607, -0.3497968797395655, 0.2179286582303222, -0.4576428628591232, -0.2610863077236333, 0.2660148559488259, 0.39426926605728835, -0.021059429173713763, 0.7850322093332146, -0.009521630680925755]], "inverted": true, "swapped": false, "error_lsq": 0.04566659753668052, "error_max": 0.23927891560816072, "target": "229.xyz", "model": "19.xyz", "model_rescale": 4.410303926677745, "target_rescale": 4.280410662591809},
{"mapping": [2, 3, 8, 6, 1, 7, 0, 5, 13, 11, 10, 9, 12, 14], "R": [[0.8576244898622605, -0.3864273005631526, 0.33934374278594315], [0.492225952350608, 0.42564350565342135, -0.759303113339859], [0.14897599209615747, 0.8182307421959535, 0.5552518404331721]], "T": [-0.003021366819880862, -0.06162075115263913, 0.10716541710877979], "aligned_model": [[-0.17014975631812557, 0.32951652468739867, 0.4065148440616197, -0.682855551272431, 0.16975590611376615, -0.4874693690261038, -0.423507499216504, 0.7743479440109768, 0.1847632028200471, 0.16809905395549418, -0.3246563409852723, -0.18470354038946718, 0.48352307073651457, 0.01800940028295944], [0.022471370114584853, -0.5494477664828754, 0.004122756174191243, -0.057008145331703765, 0.7227656661207262, -0.5904621044380366, 0.49936164783397624, -0.22492456672247554, -0.7855934816372686, 0.03876810171236091, -0.24219454760947748, 0.6149349788901777, 0.406988037712591, -0.04883348015556824], [-0.556729451634346, -0.18204544160901487, -0.5296988578870524, -0.11089971960221164, -0.13874385516553944, 0.21699076036697512, -0.20937252457411937, -0.018035005147774022, 0.34303141206242904, 0.5707358967115679, 0.7488287700913994, 0.4654947785112053, 0.2666160288975611, 0.050642247703941295]], "inverted": false, "swapped": true, "error_lsq": 0.04430526914904752, "error_max": 0.29793011500412275, "target": "229.xyz", "model": "20.xyz", "model_rescale": 4.121658175737393, "target_rescale": 4.280410662591809},
{"mapping": [0, 6, 4, 2, 3, 9, 7, 12, 10, 11, 13, 5, 14], "R": [[0.39166462894824633, -0.8879441890852837, -0.24115127099086683], [-0.5899824469602252, -0.4434792318047266, 0.6747198553745954], [-0.706059155248098, -0.12198888485254525, -0.6975666142117002]], "T": [0.08851226229318601, -0.0989376725841534, -0.010707019134792668], "aligned_model": [[0.09014194529300981, -0.1425812204578251, 0.22513178984569093, 0.5210378326791256, 0.5200778762494157, -0.30879030821083553, -0.2878015453349352, 0.2502170152461368, -0.6178699220277283, -0.18132903167515654, 0.012955801956463175, 0.6535103075537082, 0.14638236354722511], [-0.5866241924268277, -0.015087655540613976, 0.5464142977875084, -0.11411977711378954, 0.3716188590532986, -0.777815205119855, 0.46822220666566927, -0.6270971734690303, 0.0652342719486586, -0.25183843663727534, 0.5810770118375123, -0.009622019987865188, -0.10953528283420734], [0.5841587728994746, 0.6596012496515272, 0.4771428230355512, 0.5263692462533919, -0.16731876313348593, 0.00958984217287389, 0.24057417667154657, -0.4309965607797005, -0.1585569208474239, -0.4082805873791028, -0.3939870433050927, -0.5759027820237386, 0.007716286265968698]], "inverted": false, "swapped": true, "error_lsq": 0.05422759968850545, "error_max": 0.3697853244480661, "target": "229.xyz", "model": "21.xyz", "model_rescale": 4.08911054899281, "target_rescale": 4.280410662591809},
{"mapping": [6, 7, 0, 2, 1, 3, 8, 11, 4, 10, 5, 9, 12, 15, 16], "R": [[0.9964051751698109, -0.08333557575325284, 0.01522854913289195], [0.0846838240920228, 0.9748864735354115, -0.205973332387572], [0.0023187996831086546, 0.20652250611389492, 0.9784391026714265]], "T": [0.020341906522946804, -0.05799090541167746, -0.010825169254734701], "aligned_model": [[-0.24884009087679748, 0.37767038684614773, -0.08902210399830089, -0.08374668644154959, -0.6515428406154921, 0.6852342334385928, -0.6224400658120951, -0.6100286174465005, 0.2367899028860932, 0.24115186167466135, -0.20997127834733192, 0.2421504451601908, 0.7045064021430694, -0.1783732720847171, 0.039706461826356496], [0.13406779327565024, 0.08381386889340234, -0.49531926129433457, -0.7077446886660074, -0.4799296330377886, -0.5417308553900496, 0.12779662422408788, 0.13920153553510917, -0.7036811772540621, 0.6436284703694479, 0.6065363097146326, 0.5278302682126368, 0.21813253754507117, -0.2403712809584345, -0.08723738819442073], [-0.6788211550853258, -0.6091594831158329, -0.6407956610422112, 0.2862260305991113, 0.012347615601948927, 0.2688043672718948, -0.1926942098663422, 0.3760096456241491, -0.16091355516865508, -0.34265136540166136, 0.04474884607210204, 0.3285303026085608, 0.014557762346237152, 0.6664906317572612, -0.04300136659298268]], "inverted": false, "swapped": false, "error_lsq": 0.040980279459460776, "error_max": 0.3462984612004763, "target": "229.xyz", "model": "22.xyz", "model_rescale": 4.204369325754507, "target_rescale": 4.280410662591809},
{"mapping": [9, 7, 5, 1, 2, 0, 11, 10, 8, 13, 14, 12, 4, 3, 15], "R": [[0.9939767112537887, -0.00417626885049914, 0.10951190010035847], [0.10222824897305642, -0.3247690013486398, -0.9402523495715979], [0.03949281703050993, 0.9457841479647963, -0.32238589122587097]], "T": [0.0670494096732362, -0.022855592980357678, -0.015082699882143783], "aligned_model": [[-0.07592761759255123, 0.46005483831587113, -0.34484531936503793, 0.09859681018385044, -0.5809147662426117, 0.550488735285697, -0.5057663437789759, -0.6819589621865796, 0.28814070502674777, 0.033561491716266975, -0.32133205624038264, 0.3033327643308781, 0.7962183024556873, -0.21786934323842505, 0.031465499681892696], [0.0696719749205361, 0.06778999735296203, -0.5316242752011238, -0.44909997785037525, -0.5944342747060328, -0.5018614386843746, 0.25832358885777984, 0.028097354147537376, -0.5951590935817892, 0.6013964632051586, 0.5853244487152155, 0.25416463462521954, 0.031384918830169375, 0.04090984565631743, -0.03989104331225878], [-0.7634182301151529, -0.5921058007644963, -0.5276837171857575, 0.4877491903826264, 0.07854165773638408, 0.0824574261619607, -0.3497968797395655, 0.2179286582303222, -0.4576428628591232, -0.2610863077236333, 0.2660148559488259, 0.39426926605728835, -0.021059429173713763, 0.7850322093332146, -0.009521630680925755]], "inverted": true, "swapped": false, "error_lsq": 0.04566659753668052, "error_max": 0.23927891560816072, "target": "229.xyz", "model": "23.xyz", "model_rescale": 4.410303926677745, "target_rescale": 4.280410662591809},
{"mapping": [2, 3, 4, 9, 15, 11, 5, 6, 10, 0, 13, 7, 1, 14, 16], "R": [[0.779827386657413, -0.20533854895718112, -0.5913588820092489], [-0.3567840685618895, 0.6304263693847734, -0.6893966356204231], [0.5143679378027896, 0.7485978046297574, 0.418362225187711]], "T": [-0.027388203931129736, -0.0764078005428802, 0.026635863236884175], "aligned_model": [[-0.09917716815433336, 0.4056742600538793, -0.15002252578792322, -0.05063613104798221, -0.6074703577707672, 0.39543916067472396, -0.5462681539612403, -0.6793286555004944, 0.3458021049973348, 0.09169147795393129, -0.21970681645937906, 0.3504746933438335, 0.7974410655872846, -0.24606143287967353, 0.04539321730313312], [0.20278464934878182, -0.03094264574518228, -0.32440760305533856, -0.6649782315822775, -0.4605407327488478, -0.2650812487407199, 0.04085270938725237, 0.17663146435500687, -0.5723655174943465, 0.5302064574049365, 0.36997531023368135, 0.4295569158132849, 0.09566193713313793, -0.24565571504126127, -0.056704626293166915], [-0.8392693692901119, -0.7605368030952968, -0.6037142728364385, 0.23985960773840925, 0.1855722531114558, 0.4583080030564099, -0.308946620953825, 0.3247010705108414, -0.16967736248614546, -0.4072131686886693, 0.534516059265225, 0.23436220568745952, -0.13579575650558612, 0.644444209242182, -0.06693164914765604]], "inverted": false, "swapped": false, "error_lsq": 0.04205415445796048, "error_max": 0.303690678152062, "target": "229.xyz", "model": "24.xyz", "model_rescale": 4.28219845311461, "target_rescale": 4.280410662591809},
{"mapping": [7, 4, 13, 14, 12, 6, 9, 11, 2, 3, 5, 1, 0, 10, 15], "R": [[-0.23857670043393386, 0.40706242197807463, -0.8816923174347167], [-0.2919159432218493, -0.8959806229199232, -0.3346696960361435], [-0.9262106888300066, 0.1775356526598828, 0.33258811153087603]], "T": [-0.03218984229068065, -0.037284516550621885, -0.06535996530605637], "aligned_model": [[-0.24754941034140565, 0.44303262356205575, -0.21191498435843065, -0.1375398404734203, -0.6743817464181617, 0.5700021868597567, -0.5906179033004207, -0.4609565905726741, 0.3429319261884659, 0.07310487949922337, -0.2827577173035207, 0.30160781452160546, 0.7821354500557444, -0.11529141949273122, 0.04143946992624075], [0.10017474650189363, 0.0943190767636659, -0.42718571038494585, -0.7032345468623193, -0.45186774776859956, -0.3489857159884182, 0.2930372125357518, -0.10425000743654898, -0.597508601435874, 0.6498670399860306, 0.611178817998646, 0.49224106452614996, -0.08655447455566447, -0.25325316646645485, -0.04298486443837159], [-0.8003914021849762, -0.6052605813469388, -0.47596000097617236, 0.2889796456681827, -0.07677061379794034, 0.5282765036357865, -0.2548839475593849, 0.26350439859901476, -0.18457681778706606, -0.40709247001151594, 0.426566578672753, 0.06902449115601211, -0.06437939460632894, 0.6936897622796547, -0.07104774613282573]], "inverted": false, "swapped": false, "error_lsq": 0.04367942831719453, "error_max": 0.25656342746260175, "target": "229.xyz", "model": "25.xyz", "model_rescale": 4.100010024507729, "target_rescale": 4.280410662591809},
{"mapping": [9, 1, 2, 8, 10, 7, 6, 3, 12, 13, 11, 14], "R": [[-0.012868138342025381, -0.9999021466485921, 0.0054870887680187885], [-0.649242940986662, 0.012528583695945117, 0.7604779011710752], [-0.7604722313106511, 0.00622348118911914, -0.6493406299372374]], "T": [-0.008214040011632335, 0.07863249668731456, -0.04845594315053802], "aligned_model": [[-0.6645574563675383, -0.08419942181094446, 0.4344858349699677, 0.6379299499467703, -0.5750435240237649, -0.050056026849814285, -0.08850577975105715, 0.5662582007180273, -0.1593177993612917, 0.18563986901829588, -0.36619139363740166, 0.040323149511758034], [-0.3491571219556241, -0.7558105829158669, -0.16853959499716384, -0.3181685940288633, 0.5527508590977621, 0.7341357983883535, 0.20768344149306903, 0.31554906443965935, -0.4333801858751367, 0.7463727926186562, 0.0928294335845381, 0.04186608020125535], [0.024656034509728288, 0.01084309976746179, 0.41917912606748614, -0.10027350959150574, -0.08973457701699153, 0.25974743029722613, 0.6491451523946635, -0.2630526615082303, -0.4920265137751305, -0.41118984809883274, -0.4032916389575949, -0.03880980423392329]], "inverted": false, "swapped": true, "error_lsq": 0.053053754884875015, "error_max": 0.3227204771226358, "target": "229.xyz", "model": "26.xyz", "model_rescale": 3.6694154284099745, "target_rescale": 4.280410662591809},
