[{"mapping": [1, 2, 0, 6, 5, 11, 10, 8, 3, 9, 7, 12], "R": [[0.7398625624721593, 0.39542925325468287, 0.5442785080476485], [0.6148978251632824, -0.7257119765838276, -0.3086143088909842], [0.27295430617888383, 0.5630078442732731, -0.7800757104442915]], "T": [-0.05273896841497023, -0.07327517701583773, -0.10542793971169785], "aligned_model": [[-0.27271372848062575, 0.18810341362883534, 0.3600045736521445, -0.32043840252564826, 0.00458115967359498, -0.6068697381129838, 0.4372768279824372, -0.18954110145709535, 0.642682074052117, 0.11485459983643709, -0.5045526781542908, -0.015744537634373133], [-0.2720540343871509, -0.722131967489528, -0.32805604344692957, 0.6776949099955859, 0.4052648760774608, -0.5607893346433532, -0.17767998235925864, -0.4897826352798987, -0.020984753657517702, 0.40747842588673533, 0.11636083329858206, 0.018234741982329578], [-0.5695941448854422, -0.023453608530205353, -0.553443816545517, -0.05377911713199947, -0.7024519707083897, -0.0017230831887675574, 0.5329976263385937, 0.6273798244065077, -0.01358051139195264, 0.6000541668680388, 0.3411003663568562, -0.0015539862341599348]], "inverted": true, "swapped": true, "error_lsq": 0.034551133170347234, "error_max": 0.19690046496368957, "target": "230.xyz", "model": "0.xyz", "model_rescale": 3.751011558992144, "target_rescale": 3.9815367764593432},
{"mapping": [0, 3, 7, 1, 8, 2, 5, 9, 11, 10, 6, 12, 14], "R": [[0.5302587135404533, 0.8432009303475511, -0.08853184610888931], [-0.8469071912907357, 0.5218960978041747, -0.10184631773811205], [-0.03967248485361932, 0.12898315455050663, 0.990852885037804]], "T": [-0.18459831086076015, -0.01366134595673197, 0.09014824964439988], "aligned_model": [[-0.07443583976068326, 0.4281769715989099, 0.08922478744907089, -0.5185054279918544, -0.6920240283518814, -0.05800009562795852, -0.2290993684036539, 0.05842561687576939, 0.10089464259315109, -0.5681724374234121, -0.29581545122461095, 0.5166405708708898, -0.14057070377509612], [-0.00892002244119871, 0.15372155532540266, -0.5191642085290361, -0.3775923797918991, 0.38208190700290234, 0.7037486334706072, 0.5464976888654305, 0.16438395181545679, -0.5642766763851144, -0.1408091010571821, -0.7553220925739232, -0.24593468925201972, -0.02527875571655633], [-0.6604157171911598, -0.33399241932949353, -0.24025270459219866, -0.4015282590243633, -0.07210054420449294, -0.3010472453527206, 0.3627790596793033, 0.6761762897781605, 0.5921915947373131, 0.8037013912768052, 0.12614588688156375, 0.16944660283906307, 0.12065100440770302]], "inverted": false, "swapped": false, "error_lsq": 0.03850094013837871, "error_max": 0.22921791309421305, "target": "230.xyz", "model": "1.xyz", "model_rescale": 3.9405287249114394, "target_rescale": 3.9815367764593432},
{"mapping": [5, 2, 0, 11, 10, 9, 8, 4, 7, 3, 6, 1, 12], "R": [[-0.016895562160372517, -0.5341153806082424, 0.8452427463025031], [0.20960852342016695, 0.8246864859271776, 0.5253155878504849], [-0.9776394053478524, 0.18604558615241495, 0.09802159447949237]], "T": [-0.07616039439465934, -0.09072153489530055, 0.0957621520562304], "aligned_model": [[0.02354984216388227, 0.45424202002305963, 0.2253956282004687, -0.5697395456629758, -0.806060057552763, -0.45725961662763065, -0.24015389684823302, 0.1876712384172966, -0.12334409746954537, -0.4436950015290424, -0.28656725150147605, 0.6559552154604387, -0.0032552402448388085], [-0.0032007221977668476, 0.117476367825361, -0.6869750776068443, -0.19458243521154128, 0.32491213310205547, 0.5311437666313931, 0.6392049745958734, 0.20935271425515217, -0.5708895293390506, -0.08591164785147298, -0.5895424534274819, -0.33349390856315936, -0.04435837147964828], [-0.6187126595690303, -0.27773020342669386, -0.4106721144744012, -0.40743445351253826, 0.1731071910769783, -0.24837159615890492, 0.2982546013100311, 0.6719947755750482, 0.7251445862185996, 0.5335918633757017, 0.04819809938442574, 0.2754692491571443, 0.07891560094912278]], "inverted": true, "swapped": false, "error_lsq": 0.056229295532126015, "error_max": 0.3604520348774536, "target": "230.xyz", "model": "2.xyz", "model_rescale": 3.932901565614263, "target_rescale": 3.9815367764593432},
{"mapping": [5, 7, 12, 6, 2, 4, 0, 3, 11, 1, 10, 8, 13], "R": [[0.6539121314216063, -0.4220012851679352, -0.6279441374009818], [0.719022105219067, 0.08841164998390785, 0.6893406939630534], [-0.2353850814856223, -0.9022739580990543, 0.36124170295007885]], "T": [-0.012085474659990852, -0.047654710201128485, 0.12164330486116509], "aligned_model": [[-0.009535058464870905, 0.4790352441512833, -0.09788866431582652, -0.5233447529947617, -0.7388261370021044, -0.2807300156021182, -0.24601813005678813, 0.20470586729227616, 0.18808695798767722, -0.6055960109780576, -0.37107672036701367, 0.6615658083941198, -0.04363915121517507], [-0.09141408706255952, 0.3522615446806224, -0.6178360013568158, -0.2160539024245192, 0.335425523814944, 0.6348819604960545, 0.530465448764096, 0.14546546059913512, -0.720212471447344, -0.03665423234996373, -0.6669891265097602, -0.2147844795589094, -0.12141982691210992], [-0.5959069010259197, -0.20791697184522756, -0.3790171769231006, -0.299008478751929, -0.017271766974244235, -0.3529093353310207, 0.36659824700366184, 0.5416332949392992, 0.6741881024684013, 0.5648056381868216, 0.14801765949969198, 0.3604911948787959, 0.03805143378025326]], "inverted": true, "swapped": false, "error_lsq": 0.04179467283833789, "error_max": 0.31668359238858124, "target": "230.xyz", "model": "3.xyz", "model_rescale": 3.9243930471874484, "target_rescale": 3.9815367764593432},
{"mapping": [0, 1, 5, 3, 4, 7, 8, 9, 11, 10, 6, 9, 12], "R": [[0.8205598201339298, -0.3609289564299405, 0.4431837880520534], [-0.5503328833271203, -0.7082790314296905, 0.4421250175752084], [0.15432206294186046, -0.6066886368207453, -0.7798163879029183]], "T": [-0.17323273566738662, -0.03970343441727861, 0.0881960170320433], "aligned_model": [[-0.11136114645344364, 0.3836161327583124, 0.1844565480815457, -0.7149642990884688, -0.5838245655096835, -0.10704678749767282, -0.15667972696854499, 0.37739744636166284, 0.09227104733015956, -0.6391927711652761, -0.3654412766301436, 0.37739744636166284, -0.11988881075146948], [-0.1850287687943454, 0.1509522725617626, -0.5605515280241848, -0.2499119024425715, 0.37571322640900884, 0.6692433018599998, 0.45530118691920196, 0.07525703395428443, -0.5504560088961516, -0.11013790161671272, -0.7339021993002122, 0.07525703395428443, -0.09859993585149401], [-0.7474922065279916, -0.3164396698664622, -0.3294147340892736, -0.25135174621855394, -0.0176841823197149, -0.28049450942456056, 0.4768253927549434, 0.5139634243418579, 0.6311266113668195, 0.6126461582924398, 0.03661630830187915, 0.5139634243418579, -0.0005093310477572999]], "inverted": true, "swapped": false, "error_lsq": 0.05762357381459339, "error_max": 0.49388061248090537, "target": "230.xyz", "model": "4.xyz", "model_rescale": 3.8936222436046832, "target_rescale": 3.9815367764593432},
{"mapping": [6, 4, 9, 7, 10, 3, 0, 2, 11, 1, 8, 12], "R": [[0.9378029211592009, 0.18986987379951337, 0.29064602541343426], [0.07876378237678189, -0.9317232948409628, 0.3545249898616504], [0.3381152875144405, -0.30958219082185146, -0.8887276970337822]], "T": [0.005965748258134604, -0.1594702993983167, 0.05579394148219698], "aligned_model": [[-0.01508950198134662, -0.5672275551766208, -0.4133265264744784, 0.29784139736240084, -0.4988035653937111, -0.6695344131994699, -0.22673844377619645, -0.0019264494094065193, 0.6758135363711687, 0.3425108731473502, 0.17845556613998936, -0.074426875394582], [-0.6125608676659693, -0.5546627614465314, 0.11443101533022315, 0.019042733599947903, 0.45991811436291596, -0.03853140708053397, -0.3036459400966182, 0.33183031633182203, 0.15634911341986618, -0.4248406362960959, 0.6520405435527248, -0.13044731890194358], [-0.6018931215403623, -0.27774942686603704, -0.6556051670825772, -0.512032330670258, -0.08622359397806562, 0.21024128191139166, 0.6566690457688908, 0.5500624886346218, 0.13974452413100588, 0.40172479936747385, -0.1464384002595783, -0.05921538014098735]], "inverted": false, "swapped": true, "error_lsq": 0.04341147295840119, "error_max": 0.2936358426255944, "target": "230.xyz", "model": "5.xyz", "model_rescale": 3.6523030999806103, "target_rescale": 3.9815367764593432},
{"mapping": [2, 3, 1, 6, 10, 4, 11, 7, 5, 9, 8, 0, 12], "R": [[-0.45377731003409133, 0.6211212995795007, -0.6389792517029773], [-0.8842030486346254, -0.22469892800840646, 0.40950623992450663], [0.11077509505055161, 0.7508120423651619, 0.6511606217792935]], "T": [-0.17729006368977776, -0.09316787919166845, 0.06427732158617282], "aligned_model": [[-0.047593640890034844, 0.45456501400025695, 0.1858109295090047, -0.5983279951771245, -0.8388869315801084, -0.1570934042752525, -0.21272070846502975, 0.1586636236026199, 0.14668178191244982, -0.682763814381684, -0.4973417285602526, 0.7892934223653404, -0.08354731123154452], [0.06488414640457556, 0.1933568675597861, -0.4906063041326421, -0.4134343191715282, 0.24977472400852185, 0.409503698326375, 0.7029577862716532, 0.16344364487517493, -0.5629582958958191, 0.04310938941936092, -0.6280950086524748, -0.3227794390982878, -0.09602107918182592], [-0.6667562134359851, 0.02817422969205903, -0.3745566254962498, -0.31358631750019494, -0.16670535519928342, -0.2114852248753304, 0.43777109307690615, 0.6010302492986518, 0.43608740431224857, 0.5628629898539398, 0.31946940737048934, 0.07687202449975687, 0.11257727830847596]], "inverted": true, "swapped": false, "error_lsq": 0.053231452364422845, "error_max": 0.3348083564185035, "target": "230.xyz", "model": "6.xyz", "model_rescale": 4.08911054899281, "target_rescale": 3.9815367764593432},
{"mapping": [11, 1, 13, 10, 8, 9, 3, 6, 7, 4, 5, 2, 14], "R": [[0.8633912505774646, -0.4860963450995141, -0.13515136590939883], [-0.5032420088984976, -0.8488714362042443, -0.16175526351976427], [-0.03609749168691056, 0.20767192414343832, -0.9775322721099676]], "T": [-0.10906410299480926, -0.09845229729961077, 0.039373231684356205], "aligned_model": [[-0.15909997958776487, 0.4688395603088471, 0.37182559798536663, -0.709450201737477, -0.6598623020903233, -0.11667761048619532, -0.22285140048723112, 0.0729972989574511, 0.1833828049748851, -0.6230234379406828, -0.5495364382523431, 0.6514019128759352, -0.09120656769182728], [-0.10988031334327811, 0.23524265261934799, -0.540237527899862, -0.2914144333740015, 0.2959973660931505, 0.6093050862741547, 0.5334927913693789, 0.005888079897898094, -0.6531523919645842, -0.0159914391171712, -0.6353484427958608, -0.14645849740687553, 0.025692880380573435], [-0.5453462518802304, -0.2649639089905752, -0.29148236803597993, -0.30930576822838785, -0.03923834639075781, -0.29764135020830756, 0.5021359053112245, 0.49226361363007004, 0.49332430342566796, 0.5146578817542549, 0.35278650582470356, 0.30305179878489324, -0.06848707509109185]], "inverted": false, "swapped": false, "error_lsq": 0.037371898228459224, "error_max": 0.18931648961042144, "target": "230.xyz", "model": "7.xyz", "model_rescale": 3.964800864290218, "target_rescale": 3.9815367764593432},
{"mapping": [4, 6, 2, 12, 9, 11, 10, 5, 1, 8, 7, 0, 13], "R": [[0.6306076824289418, -0.07177775473839348, 0.7727754556055169], [0.7293487645163528, -0.2855637228214821, -0.6216942495365434], [0.2653004533732819, 0.9556679936740851, -0.1277276606960305]], "T": [0.0089274355606173, -0.05503360509598593, 0.06641869315306022], "aligned_model": [[0.059185626459331314, 0.3513832648443724, 0.20901490320802701, -0.6396296932049661, -0.6040192913179736, -0.2681742805641597, -0.20623443609292735, -0.029747912588138012, 0.07537637627356226, -0.5696683120175968, -0.385969417663051, 0.6702789497814913, -0.04505654028933109], [-0.06975597930130673, 0.2665465950179083, -0.5845356830130293, -0.1924287733654801, 0.2567130971442456, 0.5124966298631064, 0.6533375755950266, 0.23263408155448406, -0.6609091839566339, -0.09644614381872729, -0.6459996396308931, -0.32452674767909334, -0.033990017676737], [-0.6352584127576208, -0.27389881016233203, -0.27738544080415706, -0.29575689375487785, 0.09751580619875747, -0.4704773822858103, 0.42285894391073825, 0.8505247079693734, 0.5041620110812692, 0.5709675450279069, 0.10726947407392173, 0.1225167614012752, 0.11871663000703953]], "inverted": true, "swapped": false, "error_lsq": 0.03902075787768849, "error_max": 0.2881154250183631, "target": "230.xyz", "model": "8.xyz", "model_rescale": 4.121658175737393, "target_rescale": 3.9815367764593432},
{"mapping": [8, 7, 6, 2, 3, 11, 10, 5, 4, 0, 1, 9, 12], "R": [[-0.026109213180276477, -0.5657670764019562, 0.8241516391093875], [0.13179942337234496, 0.8152875129677151, 0.5638574138890394], [-0.9909325007213279, 0.1233445842284985, 0.053281258953543756]], "T": [-0.07987638392184884, -0.009274852397802714, 0.029225963274379846], "aligned_model": [[-0.04523003748598788, 0.47624610732879913, 0.20432784524342132, -0.6714623307059812, -0.7590825549944837, -0.12400623122131604, -0.31941322243024517, 0.14095919204027027, 0.08750537394745872, -0.5488554005215318, -0.3781271056892166, 0.6674733674400029, -0.11359576612254918], [-0.08506170604638921, 0.3192029900101782, -0.5422208053876485, -0.24098161393458722, 0.3783367822558901, 0.5348195071205781, 0.6046498888433988, 0.19676904500621162, -0.6143058920757983, -0.18025223593020392, -0.616654789438304, -0.3530602455762895, -0.08810511411416597], [-0.6943825781483937, -0.16581503776226325, -0.31044831807511064, -0.25128160361917695, -0.07622634503589323, -0.29488198027392754, 0.40631924839716127, 0.5682022772324422, 0.6569589525918674, 0.637214169929646, 0.15986988682022119, 0.15756056348585437, 0.0486657043630566]], "inverted": false, "swapped": false, "error_lsq": 0.03489287317254399, "error_max": 0.19089514157321408, "target": "230.xyz", "model": "9.xyz", "model_rescale": 3.833441315466971, "target_rescale": 3.9815367764593432},
{"mapping": [9, 2, 8, 7, 6, 4, 1, 0, 10, 12, 11, 13, 14], "R": [[-0.4173625083252302, -0.4543353934468084, 0.787011999213485], [-0.7162986164486551, -0.3684691135447116, -0.592576412319388], [0.5592180511376712, -0.8110547839850948, -0.17165462026020922]], "T": [-0.154894219181676, 0.006926075613665164, 0.06472345253241414], "aligned_model": [[0.1273219196834433, 0.412823393949331, 0.13787801436087133, -0.5245957408237621, -0.6613475989565011, -0.3349477541477116, -0.21848264573023712, 0.21214902822686538, 0.0675112249424406, -0.5748321099303966, -0.5187052635881773, 0.6283645879560275, -0.13639781911355298], [-0.34313652425047314, 0.09071786189836213, -0.6895360931595967, -0.27386463047560505, 0.45273619078325267, 0.6994829290670085, 0.46326156239978467, 0.09524060993636946, -0.6398960318119239, -0.056391013658459624, -0.5700896600702345, 0.09146266766604878, -0.006852057591663029], [-0.6103471761229426, -0.3680881730273516, -0.12706869827384992, -0.413179614052465, 0.1421048674332254, -0.28721164002199134, 0.6420650917916823, 0.6315591952858354, 0.5206961746215149, 0.4921145748435757, 0.05911579842489781, 0.1873845590823141, -0.027390020078961755]], "inverted": false, "swapped": false, "error_lsq": 0.05211576908726369, "error_max": 0.2942377826932959, "target": "230.xyz", "model": "10.xyz", "model_rescale": 4.2482417240324, "target_rescale": 3.9815367764593432},
{"mapping": [11, 1, 0, 5, 8, 10, 2, 4, 6, 9, 7, 12], "R": [[0.7261878665734315, -0.39764737409262874, 0.5608277349764055], [0.65144609685444, 0.6586911784103994, -0.37648892995337213], [-0.21970244726594154, 0.6387507317894489, 0.7373793713576478]], "T": [0.006739863185913825, -0.04592722278799629, 0.02702110107291778], "aligned_model": [[-0.6950254739408177, -0.04074608778641675, 0.3538910214912885, 0.5914860217467522, -0.6604982415347045, -0.0118257419281661, -0.23085764622617433, 0.651560055995219, 0.22143568397153487, 0.06504228604152681, -0.4031098184909645, 0.03541354302392906], [-0.2753214109017342, -0.5628636754513624, -0.2113230353557247, -0.4994810661252685, 0.48168370197859595, 0.7512066050032566, 0.1274460973040988, 0.1552643291096373, -0.11722303229567965, 0.6570503373467382, 0.09469020379320842, 0.06500233564487345], [0.12894940502655247, 0.21106996305595488, 0.5637883185750295, -0.17567254541975674, 0.10199128996267731, 0.17813703796254987, 0.6588668843985821, -0.3467538340439988, -0.7392094592461183, -0.4822332665700194, -0.4747108498808471, -0.05903065396624905]], "inverted": true, "swapped": true, "error_lsq": 0.05031994562046418, "error_max": 0.3239148010367171, "target": "230.xyz", "model": "11.xyz", "model_rescale": 3.6694154284099745, "target_rescale": 3.9815367764593432},
{"mapping": [10, 7, 12, 2, 8, 9, 11, 6, 0, 4, 1, 5, 13], "R": [[0.6344928694401747, 0.7330966217646512, -0.2449247676059522], [-0.4671321120617949, 0.11124515086424883, -0.8771613912444378], [-0.6157973599409635, 0.6709648720808317, 0.4130372282534506]], "T": [-0.09329957272105166, -0.05326823093201199, 0.07624422190903016], "aligned_model": [[-0.02352684199736177, 0.4768007416231242, 0.12899840906642385, -0.561284126101725, -0.7217721538416211, -0.15490835125378083, -0.2872370468037154, 0.2109916702770928, 0.06447132036237649, -0.5086918840978611, -0.5780480093272924, 0.6779236847491885, -0.10697817582620751], [0.006478411154606047, 0.30675075947365454, -0.5793892297178027, -0.3112428711913488, 0.30023701543949455, 0.6506934338977804, 0.5880807206765822, 0.13084089574552515, -0.5426117529547477, -0.10836796861107123, -0.7411090089570969, -0.2426274208102405, -0.14459717341246506], [-0.5523183383148313, -0.2360653626405009, -0.2919253072434328, -0.29892656076530666, -0.1532206051964758, -0.30497566181670266, 0.38622555574071094, 0.5159776665801727, 0.5726202156632612, 0.6862375795015722, 0.1677183242288314, 0.19426361363062206, 0.1561438205375628]], "inverted": true, "swapped": false, "error_lsq": 0.035140869702632346, "error_max": 0.19060891055865134, "target": "230.xyz", "model": "12.xyz", "model_rescale": 3.9764082729961374, "target_rescale": 3.9815367764593432},
{"mapping": [5, 4, 0, 12, 13, 6, 14, 3, 2, 10, 1, 7, 15], "R": [[0.2963033974785122, -0.7224341032065684, 0.6247345541642562], [-0.39839614027335774, -0.6879731101041728, -0.6066082056722302], [0.8680350292804904, -0.06915176279541074, -0.49166372821706644]], "T": [-0.16916608909879122, -0.06606875715767588, 0.05782941411980449], "aligned_model": [[-0.03249302078091851, 0.440851625515076, 0.3359108333904724, -0.749611103650456, -0.6345550638731181, -0.13938714986524176, -0.22754236705485675, 0.2225744280130219, 0.13578264728673373, -0.7567829006084998, -0.439441130964234, 0.5460309318499978, -0.08459849242933595], [-0.07778615026251676, 0.12854588877735815, -0.514069068323256, -0.24505198859039526, 0.32700766434791484, 0.605588506223281, 0.6826349164322641, 0.27742610192861117, -0.725160840930251, -0.30871808891993424, -0.619225533475243, -0.21530723304970362, -0.0027483634252593453], [-0.7692177918667237, -0.26754306354861107, -0.20919297645180815, -0.1377776483710143, -0.00034768792007886656, -0.3050046264896178, 0.33140400888326893, 0.7188847040524032, 0.38777396581192713, 0.5497386370306562, 0.21368691576661528, 0.250844432868067, 0.07850607014039904]], "inverted": true, "swapped": false, "error_lsq": 0.04245283511466587, "error_max": 0.2561655672837952, "target": "230.xyz", "model": "13.xyz", "model_rescale": 4.170626492500431, "target_rescale": 3.9815367764593432},
{"mapping": [8, 0, 4, 12, 10, 7, 9, 3, 6, 11, 5, 2, 13], "R": [[-0.07734444556586267, -0.291600637844603, -0.9534080473484216], [0.26828813814007624, -0.9270867185215196, 0.261785582632681], [-0.9602287809024684, -0.2355404091650126, 0.14993800044330907]], "T": [-0.01046710760497252, 0.010883048934669314, 0.06233975076491177], "aligned_model": [[-0.18559236641823998, 0.45241197364971386, 0.1521305006895608, -0.5570278784982392, -0.49299126500085155, -0.04402033424432551, -0.46337323416830833, 0.20490285098261293, 0.013458368668804038, -0.4819409027938609, -0.5141514165819876, 0.5989219784556763, -0.06598903791191427], [0.006984893098399489, 0.31622585296619876, -0.5091227256784927, -0.3550716499535538, 0.2428131418276321, 0.6369212514434793, 0.5712129248574426, 0.09802110687698626, -0.6191277751015417, -0.08751958918033304, -0.7145309513042304, -0.22870702039200733, -0.04496364872710946], [-0.6593750411796526, -0.15758554266643246, -0.39177382835256347, -0.25868143742733335, -0.11572533428796372, -0.45183935506343115, 0.43276235959655923, 0.7115672488161777, 0.6191190609160475, 0.5797264846432937, 0.2798172749000999, 0.1269439898406086, 0.12679906017007359]], "inverted": false, "swapped": false, "error_lsq": 0.04478185645566265, "error_max": 0.24696747175250605, "target": "230.xyz", "model": "14.xyz", "model_rescale": 3.9786697098870705, "target_rescale": 3.9815367764593432},
{"mapping": [8, 9, 2, 11, 3, 0, 6, 5, 1, 7, 4, 12], "R": [[0.8159534517451785, -0.23124196413218298, -0.5298557526435086], [-0.5361551646532499, 0.040123878339039146, -0.8431652944723715], [0.21623506653818972, 0.9720685307175232, -0.09124235632588887]], "T": [0.12946134519280905, 0.005884557767954349, -0.00235051470687871], "aligned_model": [[0.13636975017016256, -0.6654268329137756, 0.5746175207935911, 0.6071825227171335, -0.11624143969100986, 0.475942409253738, -0.46234329849130507, 0.01998218569170568, 0.5791020126894129, -0.1532509587258869, -0.5049801355580973, -0.0075991391683321585], [-0.5413568647219303, -0.18269735229289433, 0.10038685049878862, -0.5628747784176305, 0.5459623715424373, 0.5665906982346862, -0.17245518288788084, 0.4199925881065881, 0.04942199121215882, -0.593258094062129, 0.3944569957179855, -0.009494732705740253], [-0.6578500227145536, -0.3015265181420194, -0.5302191295137332, -0.06383998637745379, -0.3801424698076515, -0.04169824148708777, 0.5038597776615397, 0.6342441176378768, 0.3127367069500494, 0.021873622178231186, 0.20374240535450855, -0.041213767865876244]], "inverted": false, "swapped": true, "error_lsq": 0.05707269883985721, "error_max": 0.3355511168557153, "target": "230.xyz", "model": "15.xyz", "model_rescale": 3.769337070930944, "target_rescale": 3.9815367764593432},
{"mapping": [3, 4, 2, 0, 10, 9, 8, 6, 11, 1, 12], "R": [[0.05388720798322788, -0.2963091251138355, 0.9535706954337713], [0.6250154040443676, -0.7347471851514086, -0.263632924004833], [0.7787502253759087, 0.610202815698482, 0.14560429317371176]], "T": [-0.08534607134067576, 0.046909001381677105, 0.1403906813124942], "aligned_model": [[-0.307814813753855, -0.2393156738577616, -0.14820352269589449, -0.6808175592544486, 0.26540747221034, 0.49488954035232635, 0.6124490556108363, 0.1138060737444406, 0.22985270808653072, -0.41322861247995324, -0.004398537271390016], [-0.02163396084449002, -0.6427430829756621, 0.6912778965370008, 0.27292659679270637, 0.1611706112732403, -0.41167786218652924, 0.4942586783611038, -0.6936984837258783, 0.5534998084681436, 0.2343483280632361, -0.041664032137528846], [-0.5233789969256084, -0.17049866841433556, -0.11763576359275138, -0.03373140504944777, -0.5824642721019597, -0.3178028989711562, -0.06494010755150834, 0.36427823253777036, 0.5870461914127306, 0.5412793606966795, 0.06206593518336406]], "inverted": false, "swapped": true, "error_lsq": 0.041548749483658345, "error_max": 0.22384602958584726, "target": "230.xyz", "model": "16.xyz", "model_rescale": 3.7852294659196426, "target_rescale": 3.9815367764593432},
{"mapping": [8, 2, 11, 9, 0, 3, 4, 5, 6, 10, 10, 7, 12], "R": [[0.04712909143717228, 0.3199036668545683, -0.9462771753948777], [0.4088052133960618, 0.8581834416636558, 0.3104826532264292], [0.9114039424100092, -0.4014758079726898, -0.09033288090263085]], "T": [-0.02394600897180199, 0.08099062577711194, 0.010859948542750922], "aligned_model": [[-0.19367442136741797, 0.49806938414023716, 0.20322313026859085, -0.6720792352282308, -0.6241381114358937, -0.020679469562802116, -0.36592378258949043, 0.15018170186182503, 0.14250150893207142, -0.4969186227030672, -0.4969186227030672, 0.565832468842394, -0.07273669162650834], [-0.06106312923405069, 0.15479676924382751, -0.5488958155991328, -0.37530636131972717, 0.3880178494311316, 0.7700174036069698, 0.4210494006902912, 0.19993845027811857, -0.560618779450813, -0.4276605156446618, -0.4276605156446618, -0.2226988039260623, 0.0032198583016413707], [-0.6016911986811864, -0.29920392160487325, -0.28842140333274296, -0.3340721695625676, -0.09521021603598082, -0.3862883868638692, 0.5297028120820224, 0.6335476438818362, 0.6007970899474034, 0.41930333295444894, 0.41930333295444894, 0.23748978455326408, 0.0064982396132796895]], "inverted": true, "swapped": false, "error_lsq": 0.05284176726601542, "error_max": 0.38303647169829164, "target": "230.xyz", "model": "17.xyz", "model_rescale": 3.901054581598922, "target_rescale": 3.9815367764593432},
{"mapping": [0, 3, 7, 1, 8, 2, 5, 9, 11, 10, 6, 12, 14], "R": [[0.5302587135404533, 0.8432009303475511, -0.08853184610888931], [-0.8469071912907357, 0.5218960978041747, -0.10184631773811205], [-0.03967248485361932, 0.12898315455050663, 0.990852885037804]], "T": [-0.18459831086076015, -0.01366134595673197, 0.09014824964439988], "aligned_model": [[-0.07443583976068326, 0.4281769715989099, 0.08922478744907089, -0.5185054279918544, -0.6920240283518814, -0.05800009562795852, -0.2290993684036539, 0.05842561687576939, 0.10089464259315109, -0.5681724374234121, -0.29581545122461095, 0.5166405708708898, -0.14057070377509612], [-0.00892002244119871, 0.15372155532540266, -0.5191642085290361, -0.3775923797918991, 0.38208190700290234, 0.7037486334706072, 0.5464976888654305, 0.16438395181545679, -0.5642766763851144, -0.1408091010571821, -0.7553220925739232, -0.24593468925201972, -0.02527875571655633], [-0.6604157171911598, -0.33399241932949353, -0.24025270459219866, -0.4015282590243633, -0.07210054420449294, -0.3010472453527206, 0.3627790596793033, 0.6761762897781605, 0.5921915947373131, 0.8037013912768052, 0.12614588688156375, 0.16944660283906307, 0.12065100440770302]], "inverted": false, "swapped": false, "error_lsq": 0.03850094013837871, "error_max": 0.22921791309421305, "target": "230.xyz", "model": "18.xyz", "model_rescale": 3.9405287249114394, "target_rescale": 3.9815367764593432},
{"mapping": [5, 9, 8, 2, 10, 11, 14, 12, 0, 3, 1, 7, 15], "R": [[0.6644361432221989, -0.7440575058745318, 0.0700217075754444], [-0.40110038865069747, -0.4340908807414211, -0.8066496051455037], [0.6305894780316821, 0.5078814184520917, -0.5868674253925006]], "T": [0.0005310182170528838, -0.05168060457717795, 0.19410439535931556], "aligned_model": [[-0.04109332030486541, 0.45098876701860036, 0.3192552866504442, -0.6392431645548302, -0.6529116337289514, -0.08109871577724993, -0.3087036177139999, -0.059921772713909624, 0.1399875853198992, -0.73528898541177, -0.4341919778903591, 0.6903591647777666, -0.0313983788421339], [-0.20329926712528124, 0.22160301602307408, -0.5766210470955012, -0.24351634340533246, 0.3167246051663679, 0.523305304239819, 0.612086472223124, 0.003381484804231935, -0.7136679380225928, 0.008208127154312947, -0.5165317902723607, -0.06857306373810602, -0.049963749218885356], [-0.6223157405808784, -0.36394016040016364, -0.24762462571154809, -0.3619651393032768, -0.040830359409137845, -0.23244102202285222, 0.446148379165232, 0.7358171315867406, 0.31657436802882216, 0.6188523876385467, 0.36859999929424675, 0.0545432188901783, 0.1703365027295737]], "inverted": true, "swapped": false, "error_lsq": 0.04259392434596587, "error_max": 0.2169883090127136, "target": "230.xyz", "model": "19.xyz", "model_rescale": 4.410303926677745, "target_rescale": 3.9815367764593432},
{"mapping": [4, 6, 2, 12, 9, 11, 10, 5, 1, 8, 7, 0, 13], "R": [[0.6306076824289418, -0.07177775473839348, 0.7727754556055169], [0.7293487645163528, -0.2855637228214821, -0.6216942495365434], [0.2653004533732819, 0.9556679936740851, -0.1277276606960305]], "T": [0.0089274355606173, -0.05503360509598593, 0.06641869315306022], "aligned_model": [[0.059185626459331314, 0.3513832648443724, 0.20901490320802701, -0.6396296932049661, -0.6040192913179736, -0.2681742805641597, -0.20623443609292735, -0.029747912588138012, 0.07537637627356226, -0.5696683120175968, -0.385969417663051, 0.6702789497814913, -0.04505654028933109], [-0.06975597930130673, 0.2665465950179083, -0.5845356830130293, -0.1924287733654801, 0.2567130971442456, 0.5124966298631064, 0.6533375755950266, 0.23263408155448406, -0.6609091839566339, -0.09644614381872729, -0.6459996396308931, -0.32452674767909334, -0.033990017676737], [-0.6352584127576208, -0.27389881016233203, -0.27738544080415706, -0.29575689375487785, 0.09751580619875747, -0.4704773822858103, 0.42285894391073825, 0.8505247079693734, 0.5041620110812692, 0.5709675450279069, 0.10726947407392173, 0.1225167614012752, 0.11871663000703953]], "inverted": true, "swapped": false, "error_lsq": 0.03902075787768849, "error_max": 0.2881154250183631, "target": "230.xyz", "model": "20.xyz", "model_rescale": 4.121658175737393, "target_rescale": 3.9815367764593432},
{"mapping": [2, 3, 1, 6, 10, 4, 11, 7, 5, 9, 8, 0, 12], "R": [[-0.45377731003409133, 0.6211212995795007, -0.6389792517029773], [-0.8842030486346254, -0.22469892800840646, 0.40950623992450663], [0.11077509505055161, 0.7508120423651619, 0.6511606217792935]], "T": [-0.17729006368977776, -0.09316787919166845, 0.06427732158617282], "aligned_model": [[-0.047593640890034844, 0.45456501400025695, 0.1858109295090047, -0.5983279951771245, -0.8388869315801084, -0.1570934042752525, -0.21272070846502975, 0.1586636236026199, 0.14668178191244982, -0.682763814381684, -0.4973417285602526, 0.7892934223653404, -0.08354731123154452], [0.06488414640457556, 0.1933568675597861, -0.4906063041326421, -0.4134343191715282, 0.24977472400852185, 0.409503698326375, 0.7029577862716532, 0.16344364487517493, -0.5629582958958191, 0.04310938941936092, -0.6280950086524748, -0.3227794390982878, -0.09602107918182592], [-0.6667562134359851, 0.02817422969205903, -0.3745566254962498, -0.31358631750019494, -0.16670535519928342, -0.2114852248753304, 0.43777109307690615, 0.6010302492986518, 0.43608740431224857, 0.5628629898539398, 0.31946940737048934, 0.07687202449975687, 0.11257727830847596]], "inverted": true, "swapped": false, "error_lsq": 0.053231452364422845, "error_max": 0.3348083564185035, "target": "230.xyz", "model": "21.xyz", "model_rescale": 4.08911054899281, "target_rescale": 3.9815367764593432},
{"mapping": [5, 9, 15, 8, 6, 10, 7, 13, 2, 0, 1, 14, 16], "R": [[-0.6660155450018758, -0.18362596096530506, -0.7229832641738139], [-0.6250890286524261, -0.39150222831330594, 0.6752701026138227], [-0.407046680460879, 0.9016692917501874, 0.14596399638436447]], "T": [-0.04384379697433788, -0.09331393984033368, 0.09268163681741091], "aligned_model": [[-0.09670819904236538, 0.40652626723120483, 0.31522335091056797, -0.5874089581318414, -0.7036112101568528, -0.08539590593596158, -0.24285412352871213, 0.15050106280899694, 0.053180296572601704, -0.624280747771415, -0.5060275179934755, 0.5952321200134261, -0.057637198147532785], [0.12221002140849355, 0.17511577586283752, -0.7049499687034531, -0.2543047652808328, 0.24713504811557682, 0.6291855648367605, 0.5413457065633182, 0.24737277781379144, -0.6982539091247878, -0.04325034223174509, -0.738428249076112, -0.1297904922757732, -0.08025135717520401], [-0.5770077173385079, -0.3896666860339582, -0.07607608715552573, -0.3065437227977783, 0.02660913381035329, -0.2642543479153306, 0.34447165083890996, 0.6245581280426694, 0.47463423624143775, 0.6032362181533845, 0.10724588448723107, 0.13822303991104523, 0.1363252096615531]], "inverted": true, "swapped": false, "error_lsq": 0.04070918126141459, "error_max": 0.24255476287794075, "target": "230.xyz", "model": "22.xyz", "model_rescale": 4.204369325754507, "target_rescale": 3.9815367764593432},
{"mapping": [5, 9, 8, 2, 10, 11, 14, 12, 0, 3, 1, 7, 15], "R": [[0.6644361432221989, -0.7440575058745318, 0.0700217075754444], [-0.40110038865069747, -0.4340908807414211, -0.8066496051455037], [0.6305894780316821, 0.5078814184520917, -0.5868674253925006]], "T": [0.0005310182170528838, -0.05168060457717795, 0.19410439535931556], "aligned_model": [[-0.04109332030486541, 0.45098876701860036, 0.3192552866504442, -0.6392431645548302, -0.6529116337289514, -0.08109871577724993, -0.3087036177139999, -0.059921772713909624, 0.1399875853198992, -0.73528898541177, -0.4341919778903591, 0.6903591647777666, -0.0313983788421339], [-0.20329926712528124, 0.22160301602307408, -0.5766210470955012, -0.24351634340533246, 0.3167246051663679, 0.523305304239819, 0.612086472223124, 0.003381484804231935, -0.7136679380225928, 0.008208127154312947, -0.5165317902723607, -0.06857306373810602, -0.049963749218885356], [-0.6223157405808784, -0.36394016040016364, -0.24762462571154809, -0.3619651393032768, -0.040830359409137845, -0.23244102202285222, 0.446148379165232, 0.7358171315867406, 0.31657436802882216, 0.6188523876385467, 0.36859999929424675, 0.0545432188901783, 0.1703365027295737]], "inverted": true, "swapped": false, "error_lsq": 0.04259392434596587, "error_max": 0.2169883090127136, "target": "230.xyz", "model": "23.xyz", "model_rescale": 4.410303926677745, "target_rescale": 3.9815367764593432},
{"mapping": [12, 7, 0, 5, 15, 14, 9, 10, 3, 8, 4, 1, 16], "R": [[0.6084382768230365, 0.25044734051974693, -0.753046474610432], [0.5925170855541858, 0.48789655607939, 0.64099957401877], [0.5279454201174472, -0.8362015786833081, 0.14846061155928084]], "T": [-0.07990404378923313, 0.07433089567208676, -0.014531068518474966], "aligned_model": [[-0.08348926079057892, 0.519454590639467, 0.22208141133159873, -0.538766539141544, -0.730847858227719, -0.23309879290616045, -0.33127639168983436, -0.02035105479207916, 0.17112556302241208, -0.6011569879088762, -0.41733140238516997, 0.6853834942805042, -0.02498753460337918], [-0.2671526545478068, 0.08780002510865323, -0.5444629965150718, -0.2721290176983461, 0.366212543012163, 0.7162165195307353, 0.4782536651067747, 0.05520381580680975, -0.6873386956476163, -0.017026676147294223, -0.4292050608932074, -0.15172092364491144, -0.021514732738011993], [-0.7422342813270817, -0.301791762958704, -0.32482885287005353, -0.26950709134088685, -0.034316043248470735, -0.1650774226464669, 0.39299601361415476, 0.6334438867019773, 0.3930159285222697, 0.6144807195843592, 0.31177965932845564, 0.30101751510847297, 0.03277667143745773]], "inverted": false, "swapped": false, "error_lsq": 0.038980009400892496, "error_max": 0.23592498197447628, "target": "230.xyz", "model": "24.xyz", "model_rescale": 4.28219845311461, "target_rescale": 3.9815367764593432},
{"mapping": [8, 10, 5, 1, 0, 6, 2, 13, 9, 4, 3, 12, 15], "R": [[0.026893114390137474, -0.09683711258046106, -0.9949368492650565], [0.054087163971515015, -0.9936979220873475, 0.09817850239643089], [-0.9981740024123635, -0.05645363820310123, -0.02148598710126942]], "T": [-0.034383531215397764, -0.0757341314937363, 0.17274695458469388], "aligned_model": [[-0.06334287269554424, 0.4067909151314624, 0.09033312165613636, -0.479880313179653, -0.6907486645643178, -0.18522642116490645, -0.15997568722909666, 0.12247889196089985, 0.22314063442741067, -0.6850719602523648, -0.5324228329688447, 0.6660365382350767, -0.09537211252761785], [-0.06561879879727395, 0.21131314026143205, -0.6524502273538911, -0.3271555115886043, 0.3763167210907985, 0.6051865388844665, 0.5617362428135216, 0.08226701473382049, -0.6719307865626064, -0.05167322528411615, -0.6672846779750923, -0.0526383098078189, -0.034932309681766076], [-0.5207983528857697, -0.42111648973254456, -0.4413580707867675, -0.21221707716029362, -0.0015774855757592632, -0.3980337372439633, 0.3887056465058905, 0.7235157580976042, 0.36010900109768285, 0.5054242969684026, 0.2182458526633536, 0.47819451074559816, 0.1626610872120493]], "inverted": true, "swapped": false, "error_lsq": 0.03958886796997611, "error_max": 0.28380573222207534, "target": "230.xyz", "model": "25.xyz", "model_rescale": 4.100010024507729, "target_rescale": 3.9815367764593432},
{"mapping": [11, 1, 0, 5, 8, 10, 2, 4, 6, 9, 7, 12], "R": [[0.7261878665734315, -0.39764737409262874, 0.5608277349764055], [0.65144609685444, 0.6586911784103994, -0.37648892995337213], [-0.21970244726594154, 0.6387507317894489, 0.7373793713576478]], "T": [0.006739863185913825, -0.04592722278799629, 0.02702110107291778], "aligned_model": [[-0.6950254739408177, -0.04074608778641675, 0.3538910214912885, 0.5914860217467522, -0.6604982415347045, -0.0118257419281661, -0.23085764622617433, 0.651560055995219, 0.22143568397153487, 0.06504228604152681, -0.4031098184909645, 0.03541354302392906], [-0.2753214109017342, -0.5628636754513624, -0.2113230353557247, -0.4994810661252685, 0.48168370197859595, 0.7512066050032566, 0.1274460973040988, 0.1552643291096373, -0.11722303229567965, 0.6570503373467382, 0.09469020379320842, 0.06500233564487345], [0.12894940502655247, 0.21106996305595488, 0.5637883185750295, -0.17567254541975674, 0.10199128996267731, 0.17813703796254987, 0.6588668843985821, -0.3467538340439988, -0.7392094592461183, -0.4822332665700194, -0.4747108498808471, -0.05903065396624905]], "inverted": true, "swapped": true, "error_lsq": 0.05031994562046418, "error_max": 0.3239148010367171, "target": "230.xyz", "model": "26.xyz", "model_rescale": 3.6694154284099745, "target_rescale": 3.9815367764593432},
{"mapping": [7, 8, 9, 3, 1, 5, 0, 2, 11, 6, 12, 10, 13], "R": [[-0.4908308679187459, 0.627081573130589, 0.604858462566406], [-0.7258202998525645, 0.08972237418053669, -0.6820079089668545], [-0.481943929747086, -0.7737690845539602, 0.4111100246508987]], "T": [-0.004147216049402602, 0.0013017584012109049, 0.0391684768370479], "aligned_model": [[-0.2319910979920956, 0.49558713797674087, 0.1879650229053099, -0.5431798129454442, -0.7499376579689859, -0.17250954446603295, -0.11288638874163814, -0.041922577347691614, 0.2031457439321826, -0.6232156854152082, -0.33867096682907183, 0.5513330517232892, -0.006977988002713419], [0.013866190198877935, 0.13620487189247824, -0.5776233482602076, -0.4554229596006267, 0.47359421702252996, 0.6986824410351608, 0.5637489011666788, -0.002864464173204774, -0.6411146686393275, -0.08533514309522786, -0.6524662016045757, -0.16117934688693447, 0.003045321677249401], [-0.5473959486383893, -0.335563317659342, -0.2654659663751822, -0.3528488847468417, 0.019595435004691866, -0.29443729286768455, 0.3689598458119064, 0.7179065049977862, 0.5687968675561759, 0.3227856648573905, 0.33985789798721605, 0.2032790567280407, 0.09628507724971556]], "inverted": false, "swapped": false, "error_lsq": 0.04552821557656225, "error_max": 0.28640413306811185, "target": "230.xyz", "model": "27.xyz", "model_rescale": 4.103607728864725, "target_rescale": 3.9815367764593432},
{"mapping": [1, 2, 0, 7, 8, 4, 13, 10, 9, 11, 5, 3, 14], "R": [[-0.2982198206697333, -0.6401065431347878, -0.7080455861000368], [0.8955894233361256, -0.44421308721989394, 0.024378637185813068], [-0.3301280408692644, -0.6268479453412952, 0.7057457970496306]], "T": [-0.08156341329940651, -0.03519922689607942, 0.26954355668059404], "aligned_model": [[-0.0959706088815142, 0.35017141987708256, 0.2901182512032907, -0.6805710695285254, -0.694460542055883, -0.15467018392593496, -0.2267739248694023, 0.11438729578890718, 0.09251295070058534, -0.6484375334535096, -0.3512942036525808, 0.657534763287559, -0.03580737766143419], [-0.21661192032325965, 0.29104220929638136, -0.43058656304082776, -0.2312801258570743, 0.313735093662892, 0.6193039157255429, 0.5936080926937887, -0.14802142313293165, -0.8030646925789005, 0.14179225196531592, -0.6676683313791549, -0.09030896745762665, -0.058803728841276076], [-0.6078062592160208, -0.2289464285400029, -0.1943673568259877, -0.08091807375122578, -0.14864530771531026, -0.3532648597056155, 0.3277483255014295, 0.7263255046052385, 0.4936059858409473, 0.6150706638216334, 0.019806609090339433, 0.15026382484039158, 0.12288231195966626]], "inverted": false, "swapped": false, "error_lsq": 0.04856714997936092, "error_max": 0.2590301626382919, "target": "230.xyz", "model": "28.xyz", "model_rescale": 4.137296879288765, "target_rescale": 3.9815367764593432},
