[{"mapping": [13, 8, 9, 3, 14, 12, 5, 10, 1, 2, 0, 15], "R": [[0.09695654784678659, 0.44167996389971786, -0.8919182907190424], [0.4892790344265941, -0.8015320262721484, -0.343733090246843], [-0.8667210937205889, -0.40306974625938935, -0.29381852451841417]], "T": [0.013595399133226235, -0.1058687464139653, -0.0474028770051078], "aligned_model": [[-0.29117203531001484, 0.3862120969315616, 0.29349521031201187, -0.04294759946168004, -0.11373386071970219, -0.6157379394279249, 0.23267643812248148, -0.3991099501979966, 0.5772113530031829, 0.1310802929364783, -0.3569136638596328, 0.03658212013178404], [-0.34396583874378717, -0.641188697627812, -0.3577624974767469, 0.6542882591119848, 0.29435291397875746, -0.5801652236874276, -0.30143570510089096, -0.40821923916909814, 0.4229288525119658, 0.29417872858841404, 0.13366780193411087, -0.11312431834241293], [-0.47040908537643766, 0.007887765994394787, -0.7265060845914738, 0.0891143097168738, -0.7023641399686651, -0.014721816988894201, 0.6115701999802402, 0.6023968858440855, -0.004185490963613883, 0.48407524984663197, 0.359343754694197, -0.05424980283377605]], "inverted": false, "swapped": true, "error_lsq": 0.04844135572886004, "error_max": 0.26549895899960746, "target": "231.xyz", "model": "0.xyz", "model_rescale": 3.751011558992144, "target_rescale": 4.357091377551},
{"mapping": [1, 6, 14, 3, 8, 13, 5, 2, 9, 12, 4, 10, 0, 11, 15], "R": [[-0.7449619532874595, -0.6014488350494225, -0.2886017792249832], [0.3736398811480623, -0.7345731045458012, 0.5663882001715836], [-0.5526526281216758, 0.3141045254300495, 0.7719542860393798]], "T": [-0.002244417061834439, 0.03744574038512875, -0.033056064683129015], "aligned_model": [[0.10908587971882913, 0.19074971506307514, -0.5424447887621794, 0.2999156572865658, -0.09448698054830472, -0.44087845681936566, 0.5788427148364498, 0.5921007032069847, -0.740072103696699, -0.02263004886822155, -0.3654652510905228, 0.5976069717813344, 0.47522069429787556, -0.08613011771847343, -0.012328377598313834], [-0.1130444368154148, -0.6706028401379651, 0.4965358296576473, 0.49434199739539236, -0.5777533950254652, 0.22402087246706542, -0.3771507205328867, 0.0718277400012766, -0.19808148631737177, 0.25678044966657787, -0.3182022248818832, 0.06427969802968432, 0.39061676877770074, 0.7888371614355862, 0.016351936107162023], [-0.7841325309152356, -0.3672911382011937, -0.3536558497603817, -0.5804296353006259, 0.1706325263585197, 0.2852167209085961, 0.07151913745717386, -0.3522447831000129, -0.08884820564726681, 0.7242829362818288, 0.6341799917336743, 0.5356613586958261, 0.05293718093232216, -0.056089796460387385, -0.042071508130861274]], "inverted": false, "swapped": true, "error_lsq": 0.0409643244458169, "error_max": 0.27028745720382386, "target": "231.xyz", "model": "1.xyz", "model_rescale": 3.9405287249114394, "target_rescale": 4.357091377551},
{"mapping": [4, 12, 10, 7, 11, 5, 8, 9, 3, 2, 1, 6, 15], "R": [[-0.9071102949093046, -0.10303522068226087, -0.40808657925556946], [0.3417559666149329, -0.7462373888260556, -0.5712553008954605], [-0.24567004732495823, -0.6576575878198533, 0.7121325192900018]], "T": [0.04061510185590535, -0.03457608481279416, -0.04196771468648747], "aligned_model": [[0.07282075030888287, 0.04991375942180544, -0.5468381420635537, 0.46802378533664024, 0.4873992316020042, -0.6775751454452841, -0.21596706906008523, 0.5639800942081141, 0.09225234096065266, -0.40172148430589066, -0.013415955424670514, -0.42309025164614816, 0.04020136539146402], [0.7978116090204274, 0.5500026795626416, 0.2320823402264005, -0.3232929068500645, -0.28908089469401405, -0.006796142961046178, 0.39132503577262634, 0.2651327010784795, -0.7771163820216778, -0.5359741511386978, -0.6706545313530857, -0.14329165287675732, -0.03131511019321492], [0.05658342846489095, -0.5713700704340647, -0.5594358085810449, 0.33882859801862913, -0.5967358413455564, 0.02063816904956753, 0.3837570014167122, 0.4471531917530553, -0.25560345272988916, -0.13813426540422497, 0.3958021349364198, 0.6087633220553499, -0.017126057611200576]], "inverted": true, "swapped": true, "error_lsq": 0.05763575929020816, "error_max": 0.4437792510875648, "target": "231.xyz", "model": "2.xyz", "model_rescale": 3.932901565614263, "target_rescale": 4.357091377551},
{"mapping": [0, 10, 12, 2, 11, 14, 13, 3, 1, 7, 8, 6, 9, 15], "R": [[0.4849849291691536, -0.8643481410081563, -0.13301093795073998], [0.5752810554217181, 0.20076840176350158, 0.7929336391692581], [-0.658666323529346, -0.4610795375952762, 0.5946127599196481]], "T": [0.11230440569891563, -0.08798262662469244, -0.008029815664319713], "aligned_model": [[-0.1881381278856712, 0.3395148178519586, 0.44020088303853316, -0.23520759830296728, -0.4425977159295864, -0.3272856723072688, 0.2648752063465831, -0.6372005724502887, -0.2804821708485365, -0.13545810399425612, 0.7170211273489108, 0.38417005754698963, 0.3962707401892955, 0.12412704144900785], [0.07039962172480127, 0.16176508446467597, -0.4877010679561411, 0.4707769656192532, -0.5331818798103836, -0.6309673577605822, -0.6393888264399831, 0.10666687667808897, 0.3447042547998376, -0.22996711274307877, 0.0852702784668932, 0.5473609177370642, -0.5205288463311447, -0.08171227009881217], [-0.5027488203266837, -0.7630018463049333, -0.6036762870465905, -0.1607806159880805, -0.26500781390066197, 0.33445013837215015, -0.04239579286138485, -0.013185841683289075, 0.4995707699047647, 0.5659872244173206, 0.172991802611614, 0.40756645449231116, 0.5709714117698232, 0.013155579600737096]], "inverted": true, "swapped": true, "error_lsq": 0.049310412991003846, "error_max": 0.28896309469578424, "target": "231.xyz", "model": "3.xyz", "model_rescale": 3.9243930471874484, "target_rescale": 4.357091377551},
{"mapping": [14, 13, 11, 3, 0, 7, 1, 12, 10, 8, 5, 6, 15], "R": [[-0.33021662593601314, -0.8632270076515369, 0.38183257223082623], [-0.7853350834492923, 0.47567571980614887, 0.3962088039034418], [-0.5236466238400941, -0.1690317805854158, -0.8349984853237732]], "T": [-0.0366574787796209, -0.028437615477489415, -0.122118075839097], "aligned_model": [[-0.12280838311457806, -0.12272108918833131, 0.44990249939029503, 0.380592744614567, 0.5505511197740697, -0.3962931212347474, -0.2279453324611903, 0.2655378754593646, 0.49296370172429327, -0.5023348318209403, 0.06409546280867996, -0.493879328179995, -0.06045543146013436], [-0.6053680360292311, 0.09555293883696822, -0.37882131682018044, -0.6506136918808997, -0.011605368019481394, -0.5499704942735835, -0.6128347099441198, 0.5495098452182149, 0.5768201936621926, 0.3930970162309978, 0.34531528695372155, 0.006237777426141948, -0.029489887679153642], [-0.636990570122177, -0.6750439878724643, -0.5832548025039275, 0.07402449230847657, 0.0003575682017066817, -0.22064258457878122, 0.3480378339990006, -0.5656723020776542, 0.07061398499100646, 0.06205810607335924, 0.4866890084263153, 0.5412358337317458, -0.11434226520564232]], "inverted": false, "swapped": true, "error_lsq": 0.0512824451977195, "error_max": 0.3537335961633582, "target": "231.xyz", "model": "4.xyz", "model_rescale": 3.8936222436046832, "target_rescale": 4.357091377551},
{"mapping": [6, 8, 9, 1, 13, 12, 10, 11, 3, 2, 14, 15], "R": [[0.2754000577704602, -0.7254934053003986, -0.6307250804000575], [0.8257914864561545, -0.15735987175755442, 0.5415775952317279], [-0.4921617915650933, -0.6699979027027456, 0.5557693598043707]], "T": [-0.12321167272564555, -0.06286418119315762, -0.02554350954770354], "aligned_model": [[0.04905106271032232, -0.5093101164115024, -0.44533768145059666, 0.532028377935003, -0.5284160732860484, -0.7271220366316506, -0.36093176472631044, 0.0714277724196322, 0.6034906565232218, 0.40868579779743347, 0.059420993353295884, -0.12543894601770314], [-0.6816692255374919, -0.46793967068695036, 0.26927834580344445, -0.18231577257502146, 0.34246338654453334, 0.04480042324851996, -0.4991484901880183, 0.5451137929585719, 0.11458129758198354, -0.4120087579411521, 0.6664327339561433, -0.07066515805475489], [-0.5130868192743016, -0.3651161062685714, -0.6491553350768008, -0.41994099923216044, -0.020383723500588286, 0.47022483996611664, 0.6356118558686397, 0.3802085089837698, 0.1746802471279186, 0.20137680075569062, -0.22588245403836377, -0.049252096035830806]], "inverted": false, "swapped": true, "error_lsq": 0.051392797096467435, "error_max": 0.23458069423217767, "target": "231.xyz", "model": "5.xyz", "model_rescale": 3.6523030999806103, "target_rescale": 4.357091377551},
{"mapping": [10, 12, 4, 5, 8, 0, 13, 2, 11, 7, 9, 6, 15], "R": [[0.6043612457349801, -0.48370912118907394, 0.6330663241179055], [-0.3947675349540238, -0.8720090152138822, -0.2894112484545813], [0.6920304025113253, -0.075005089588704, -0.7179611121333828]], "T": [0.004800277149173027, -0.06576245635547676, -0.08036919796022335], "aligned_model": [[0.18316573161579197, -0.21037047241538456, 0.21293537950120744, 0.592839598835784, 0.550789758892446, -0.16401509369741615, -0.32141671854668763, 0.17664140600505943, -0.7299037236604762, -0.14179637076313514, -0.026061993341002718, 0.7370772543049924, 0.021198147933115884], [-0.4569539182133625, 0.09184376136392539, 0.5652033845520952, -0.42430007717878215, 0.2767895413189587, -0.5887104227985587, 0.35735657016568967, -0.7023256275594668, -0.2438293090978047, 0.15634508227698143, 0.6617633020721589, -0.10011554807329437, -0.052239834665356505], [0.6261265645586701, 0.6618891665802744, 0.43166663206577993, 0.1344539473731339, 0.03374181624960444, 0.1607207045907967, 0.12714086904537317, -0.2272284412846695, -0.054704857890687464, -0.6636522183845751, -0.3500529456369679, -0.4163497116838675, -0.093641786101076]], "inverted": true, "swapped": true, "error_lsq": 0.045752093552931944, "error_max": 0.22447237891148772, "target": "231.xyz", "model": "6.xyz", "model_rescale": 4.08911054899281, "target_rescale": 4.357091377551},
{"mapping": [12, 0, 11, 4, 9, 7, 13, 14, 8, 10, 6, 2, 1, 3, 15], "R": [[-0.45113794872679686, 0.8622341550045107, -0.2302755157680373], [-0.7635926687230647, -0.23936829809199928, 0.5996907987796107], [0.4619532308480653, 0.4463799724586636, 0.7663838024755201]], "T": [-0.025862576220394604, -0.0689909468955182, -0.013305112404663044], "aligned_model": [[-0.08303575307977916, 0.32938783519155396, 0.6728581266876644, -0.6280639316443591, -0.3119823271017632, 0.10737021637576606, -0.011784999946416866, 0.44925571847035245, -0.6798973851102234, -0.12595445452545878, -0.5491838773132675, 0.18445605319643904, 0.10390865473431825, 0.6226127513621552, -0.04361308749742664], [-0.7217292570927679, -0.4776263646305564, -0.17801991074101703, -0.3313744374954235, 0.4286385969753947, 0.5496849382787018, -0.13290843517220174, 0.37650935713343636, -0.042532046505216206, -0.8594517101466285, 0.2604686427624182, -0.13923631135090309, 0.5137426820824076, 0.10598559632508626, -0.051392524253617504], [-0.45233765938833265, 0.24536801476017878, -0.2817422476391769, -0.534963272352208, -0.5362543048688063, -0.1159237749021466, -0.5827118592318938, -0.4389298990481171, -0.015775780251765913, 0.20835827043648683, 0.504269815881018, 0.6247711720177634, 0.4793799105233187, 0.3720981632041982, -0.011536517058436273]], "inverted": true, "swapped": true, "error_lsq": 0.04913314667017425, "error_max": 0.2976816918205729, "target": "231.xyz", "model": "7.xyz", "model_rescale": 3.964800864290218, "target_rescale": 4.357091377551},
{"mapping": [2, 6, 5, 3, 10, 7, 0, 8, 9, 13, 14, 12, 4, 15], "R": [[-0.5082258748697484, 0.8603290801506721, -0.039247088554149545], [-0.6238849341107177, -0.33636969267103145, 0.7054239993380303], [0.593695249351504, 0.3830003964743304, 0.7076981328207397]], "T": [-0.039574241497363175, -0.03517212252360217, 0.07400927367207973], "aligned_model": [[-0.31061611770858205, 0.35940668773890094, 0.2907557436025546, -0.7488438548248837, 0.15748228060293418, -0.2560544289120816, -0.3537795897655872, 0.5975580599455783, 0.22425567052046996, 0.02462688450059254, -0.5251820432226422, 0.17231400528084467, 0.6544431465729678, -0.025178554870193548], [0.004375016062792135, -0.5004527043702882, 0.14466698764364852, -0.13515761120038877, 0.6996503227444927, -0.6081618915761511, 0.3995664042374648, -0.17269629953343155, -0.5182700558556671, 0.08810494121833806, -0.3469579603752209, 0.6395994980821946, 0.17231590107698833, -0.0556340819735696], [-0.5434710960718542, -0.45003348226222134, -0.5416435900135707, -0.22029030783469156, -0.2503145747613938, 0.26337788466620377, -0.19501667047150556, 0.013865778223117367, 0.6217187742391589, 0.6300566167728988, 0.5958703931892618, 0.42311138189345293, 0.49698372865968926, 0.07260020249647588]], "inverted": false, "swapped": true, "error_lsq": 0.0402183743440419, "error_max": 0.2798321827764397, "target": "231.xyz", "model": "8.xyz", "model_rescale": 4.121658175737393, "target_rescale": 4.357091377551},
{"mapping": [4, 8, 5, 10, 9, 13, 1, 11, 2, 7, 12, 0, 15], "R": [[0.32355556516124273, 0.8058565635437747, 0.495890104001489], [0.6533081189682728, 0.18884946412376136, -0.733160542848772], [-0.6844708159909572, 0.5611872048555517, -0.4653693405920582]], "T": [-0.014537363288771848, -0.08758444049892847, -0.008634513977658666], "aligned_model": [[-0.7027629923008405, -0.3048010937162623, 0.36367079058816243, 0.25176845824464544, -0.6748804418504417, -0.5056371469896643, 0.3968941301822283, 0.06602441586060954, 0.6542942723215543, -0.13608652318881642, -0.3367215380121523, 0.4281647831007169, -0.023189617804542456], [0.2399928161280432, -0.13733173609919125, 0.10054016703785112, 0.647358240028977, -0.495759367270855, 0.07590704233088758, -0.7426549408470838, 0.09266196151869432, -0.12287950886687957, -0.6732387573175754, 0.6296017932408823, 0.28205277115190386, -0.10586304162394411], [-0.35885934028984234, -0.5932197363599963, -0.593490203482631, -0.27867473948233246, 0.009135697808306042, 0.23753454233276491, -0.03628143598843995, 0.7215555061557691, -0.09654459989100644, 0.22218195149031075, 0.0540305859922904, 0.1571384859295157, -0.023431280255619674]], "inverted": true, "swapped": true, "error_lsq": 0.0439414463208505, "error_max": 0.24270727393180622, "target": "231.xyz", "model": "9.xyz", "model_rescale": 3.833441315466971, "target_rescale": 4.357091377551},
{"mapping": [11, 14, 2, 6, 1, 3, 7, 8, 10, 5, 12, 4, 13, 0, 15], "R": [[-0.031862221080715306, 0.5277227685256503, 0.8488188725796727], [-0.5086341656301265, 0.722498894876616, -0.4682805061667779], [-0.8603929825501534, -0.4466587360409415, 0.24539741053393324]], "T": [-0.021729573162690086, 0.02486008443466947, 0.01562409320628258], "aligned_model": [[0.06515427831555548, 0.03765964365679522, -0.6067487951004169, -0.46347526900262837, -0.7237826841268333, -0.6064180483128307, -0.22063278317135288, 0.14881498120150333, 0.134286674560386, -0.2806907810475626, 0.6421801628375774, 0.7045889623476134, 0.49659327880350057, -0.17811314236108128, -0.025571460305693215], [-0.7260595512041704, -0.5177402462721242, -0.008558322636067484, 0.6893624732126254, 0.07202806192396882, -0.4818310614232425, -0.09047508527432692, 0.6539635898493896, 0.12944190538236966, 0.4951828618872717, -0.0820397048171084, 0.4444304624190162, -0.1473389464352029, -0.272800533994295, 0.043535636676874746], [0.042593119269635465, -0.5388325560346355, 0.35169759987083016, -0.10095175034768866, -0.3069502359458798, 0.048429515724010046, -0.5828545860198829, -0.044467863831737835, 0.8210449960939717, 0.4975203797517179, 0.42779147251268046, 0.009229771823238114, -0.15814754340576917, 0.512655160318133, -0.0006355719565302245]], "inverted": false, "swapped": true, "error_lsq": 0.04443636351098917, "error_max": 0.2579549214113953, "target": "231.xyz", "model": "10.xyz", "model_rescale": 4.2482417240324, "target_rescale": 4.357091377551},
{"mapping": [12, 13, 9, 14, 5, 6, 8, 1, 11, 2, 0, 15], "R": [[0.880643928102128, 0.011402871804865128, -0.473641474547422], [-0.46981135944775076, -0.10808658091099856, -0.8761247499990094], [-0.061184625770782736, 0.994076086394584, -0.08982859248433811]], "T": [-0.0324293916769502, 0.033776532754798416, -0.03628042613262447], "aligned_model": [[-0.65299099541274, -0.061968689795007754, 0.3908341221820693, 0.5479925295101961, -0.4486865014380206, 0.11258953730320106, -0.1890066040862733, 0.538568531480426, 0.07063656013899788, -0.07247083429766243, -0.3381553310956097, -0.02057672212657006], [-0.4510496398814478, -0.5131124519558381, -0.29432154165508934, -0.4544740592431237, 0.6203252424737102, 0.732712730387352, 0.24480794795377506, 0.5357366926653305, -0.45696815609982694, 0.5541818547980378, 0.10469281230231138, 0.043599958305448334], [0.007680117063257469, 0.13267973207806574, 0.5260141444269076, -0.20973395496418573, 0.02010293015841779, 0.33888662154272653, 0.5632335663665268, -0.18172786047020997, -0.6025873139061331, -0.4650981793932598, -0.547748975913355, -0.01650853713440203]], "inverted": false, "swapped": true, "error_lsq": 0.0414370168431834, "error_max": 0.2223020468227074, "target": "231.xyz", "model": "11.xyz", "model_rescale": 3.6694154284099745, "target_rescale": 4.357091377551},
{"mapping": [11, 13, 9, 4, 12, 3, 0, 1, 8, 6, 7, 5, 14, 15], "R": [[-0.9145748018240751, 0.287627270706735, 0.28429471506563136], [0.29272475173709045, 0.9558601089656797, -0.025370687979987892], [-0.27904327906063736, 0.06001670795631594, -0.9584011911392711]], "T": [0.09556578520672845, -0.004686162060052054, -0.012345208547210365], "aligned_model": [[-0.25350464803174866, 0.09492120873749443, -0.17211885170465205, 0.6241033571780547, 0.6183205251391644, -0.4009707356305309, 0.23076943177483983, -0.41030125129631057, 0.46344950870913404, 0.18289424029016257, -0.486489813359295, 0.591042953884278, -0.5760368357366467, 0.09218576030186498], [-0.3977234521414267, 0.2644837160997338, 0.7113531318151547, 0.5759283320416776, -0.03180587766920502, -0.5845515810187465, -0.5840087502547072, -0.09007104975629579, 0.4655136396996776, 0.23384287219272265, 0.24724476174826027, -0.19706383114783588, 0.10287385182858585, 0.014971524698658534], [-0.5562458910680719, -0.5183638129545396, -0.1487570755706002, -0.3075631766781442, -0.6023262709261424, 0.11757902083843892, -0.09110343932480938, 0.5672801436205182, 0.25606012160877983, 0.7530110826898974, 0.08137516073763336, 0.47548843207409086, -0.3901614824149272, 0.002822647020292144]], "inverted": false, "swapped": true, "error_lsq": 0.047813192304544956, "error_max": 0.28617176683511736, "target": "231.xyz", "model": "12.xyz", "model_rescale": 3.9764082729961374, "target_rescale": 4.357091377551},
{"mapping": [4, 2, 0, 7, 13, 9, 1, 8, 12, 11, 5, 3, 6, 14, 3, 15], "R": [[-0.8248602097077092, 0.2922507415384729, 0.48393712247684273], [0.20954083592629263, -0.6369962323955609, 0.7418412485115472], [0.5250697787154242, 0.7133199169966259, 0.46419438115477263]], "T": [-0.09298313631927894, 0.06837254262592249, -0.032800209517841794], "aligned_model": [[-0.2841793275983641, 0.1657444823559438, -0.3500892531129634, 0.1798434838607323, -0.1557074258223176, -0.5752168148114724, -0.07438664690886568, 0.5446856951051403, -0.4021743651595449, 0.5434586061591395, -0.8796580485827654, 0.6680229493675942, -0.3303811451943796, 0.28886086014360873, 0.6680229493675942, -0.04937329179247916], [-0.5595636996995064, -0.2492078079099093, -0.5092312922061069, -0.624043099616904, 0.5564861338713007, -0.0006331633133092873, 0.3037346041484682, 0.12089615354267884, 0.5963359735135475, 0.5049098543705441, -0.1822588950881028, -0.19330604636655227, 0.052633849866972254, 0.23520217385556544, -0.19330604636655227, -0.006087005075873633], [0.2587539257534996, -0.717243234315601, -0.3897010195433548, -0.16379605915284398, 0.33091854410200905, -0.3852034138071022, -0.622360595600948, -0.3332541467105994, -0.21409812622369467, 0.15407349819735297, 0.11263146062093723, 0.2138523820437763, 0.6931841461204933, 0.6492343028670527, 0.2138523820437763, 0.03156307185797219]], "inverted": false, "swapped": false, "error_lsq": 0.045582645230892276, "error_max": 0.4944319136472446, "target": "231.xyz", "model": "13.xyz", "model_rescale": 4.170626492500431, "target_rescale": 4.357091377551},
{"mapping": [7, 3, 13, 11, 8, 10, 12, 1, 6, 3, 2, 0, 5, 15], "R": [[-0.022254532444979214, -0.39363763131676993, 0.9189962736578308], [0.8283806616447227, -0.5218989378789813, -0.2034870464030646], [0.5597233380865114, 0.7567502321453984, 0.3376964183244753]], "T": [-0.02173590267742944, 0.06784219706668587, -0.09445955026854425], "aligned_model": [[0.26276648406572123, -0.05690340929756229, -0.3668162726600154, -0.6110843342708079, 0.34833456116994743, -0.3762434872576452, -0.6506903855298435, 0.5493861283857682, 0.7478522220772447, -0.05690340929756229, 0.1486802333001106, -0.35050176587213194, 0.2548668352161665, 0.0004396220622535432], [-0.42456832113759635, -0.5485082324970987, 0.10070535314393324, -0.4046371120061072, 0.5592879900553496, 0.6419281558549277, 0.5259933861949873, -0.4029636578374639, 0.2637128250996539, -0.5485082324970987, -0.05529739118141137, 0.047546439292754525, 0.5308433570407527, 0.07053990840008312], [-0.3904860546749738, 0.3730317549612199, -0.5509102245139046, -0.0546078266045818, -0.31805873003126284, 0.38379868754031177, -0.22329819921558758, 0.13207755301710103, 0.04575966059642997, 0.3730317549612199, 0.5474942364280905, 0.4071365378016385, 0.38471610063479406, -0.10581214977962838]], "inverted": true, "swapped": true, "error_lsq": 0.04907621267210321, "error_max": 0.41371436035653764, "target": "231.xyz", "model": "14.xyz", "model_rescale": 3.9786697098870705, "target_rescale": 4.357091377551},
{"mapping": [3, 2, 11, 14, 0, 12, 6, 8, 13, 7, 5, 15], "R": [[-0.5428880110033144, -0.15758884291458092, -0.8248868795766537], [0.838010925245283, -0.03748343898822265, -0.5443644743838092], [0.054866170619151666, -0.9867931639358167, 0.15241048169706173]], "T": [0.06040580853166466, 0.025803232908193634, 0.05549437121214573], "aligned_model": [[-0.12053728364100075, -0.48201850640298094, 0.5298450316050451, 0.5893216122738203, -0.06264412837541838, 0.48952979294048016, -0.6034455580266315, -0.13391095995493527, 0.6101486402435625, 0.17183079884550703, -0.5574310487123102, 0.052666205972198364], [-0.3445841529691849, 0.003245305480891074, -0.056403840420439895, -0.5162086002390878, 0.30365996872830836, 0.6875632832684959, -0.16467816327953128, 0.1870034841853515, 0.10963335872138477, -0.5996746435261532, 0.39118703111954084, 0.01393145915486391], [-0.6000554040060929, -0.34647165263494456, -0.5318941238551896, -0.12293101690606237, -0.4619531078034933, 0.05204577518530326, 0.471800523713041, 0.659417529670352, 0.19428556611026715, 0.14153689230833932, 0.12802540596100515, 0.07616010613130487]], "inverted": true, "swapped": true, "error_lsq": 0.04767386801407759, "error_max": 0.24515074579926674, "target": "231.xyz", "model": "15.xyz", "model_rescale": 3.769337070930944, "target_rescale": 4.357091377551},
{"mapping": [3, 11, 1, 7, 2, 0, 5, 12, 8, 9, 15], "R": [[0.9990031756672593, 0.041818189657476926, -0.0156171066623264], [0.03048341938493818, -0.3835164037877452, 0.9230308386875907], [0.0326100620872326, -0.9225868018996839, -0.38440886671769214]], "T": [0.007513716042552337, 0.02421401604505511, 0.0930965014343367], "aligned_model": [[-0.21545786776427978, -0.3200815066351368, -0.27097443076089683, -0.5792272719069573, 0.2747532972239132, 0.30223921471511817, 0.6479417583477151, 0.3360392683375545, 0.2544917928906524, -0.5089703528444578, 0.0018722290879462427], [-0.01605004159891759, -0.580501554074892, 0.5855440384203983, 0.278388216621534, 0.21449611812933725, -0.2855062334076344, 0.33628465247083594, -0.5915748782166387, 0.4036007126261401, 0.20536222336475354, 0.04602124329042578], [-0.6474000917296582, -0.22179535386797203, -0.36133781132484266, 0.04649278234250945, -0.4973994000975641, -0.32798281848562505, -0.020711642721463405, 0.4604664107295152, 0.5658916715267726, 0.6439186744151153, 0.10407518643698944]], "inverted": true, "swapped": true, "error_lsq": 0.04470933179392251, "error_max": 0.24458362656384014, "target": "231.xyz", "model": "16.xyz", "model_rescale": 3.7852294659196426, "target_rescale": 4.357091377551},
{"mapping": [8, 12, 13, 4, 5, 0, 3, 11, 9, 7, 1, 14, 15], "R": [[-0.8466789160192376, -0.5280527617295386, -0.06553696665467618], [-0.414221759242262, 0.5767768840426828, 0.7040942836043049], [-0.3339987235585409, 0.6232886224405358, -0.7070757709025566]], "T": [-0.10150688148249712, 0.07609520625061614, -0.04781357953210593], "aligned_model": [[-0.04232945174807809, -0.2797820184203943, 0.2363075612205445, 0.09427595096414113, -0.6755920401350596, -0.59711780431658, -0.27185459515709176, -0.040439545892272916, 0.6342969768417399, 0.41408240748020597, -0.015142868929908015, 0.48582127561749056, -0.08875999730845435], [-0.2509537690495738, -0.6116336970046002, -0.29983567948243783, -0.7118168929009271, 0.04222963882828443, 0.1728624618074185, 0.7531472795781049, 0.21279795123808629, -0.09122013609480395, 0.45499025907312274, 0.7921863489217976, 0.3338346921149443, 0.07846716667345836], [-0.6117326414675519, 0.29472485953638, 0.2224918740697678, -0.25872211654161015, -0.48343704896899053, 0.2763830545846591, 0.28723100326181766, 0.6936306673531667, -0.23104510238636286, -0.08840473454662942, -0.3287269456550587, 0.39261844376881677, -0.06925661586523069]], "inverted": true, "swapped": true, "error_lsq": 0.04867432173744779, "error_max": 0.4307314611564993, "target": "231.xyz", "model": "17.xyz", "model_rescale": 3.901054581598922, "target_rescale": 4.357091377551},
{"mapping": [1, 6, 14, 3, 8, 13, 5, 2, 9, 12, 4, 10, 0, 11, 15], "R": [[-0.7449619532874595, -0.6014488350494225, -0.2886017792249832], [0.3736398811480623, -0.7345731045458012, 0.5663882001715836], [-0.5526526281216758, 0.3141045254300495, 0.7719542860393798]], "T": [-0.002244417061834439, 0.03744574038512875, -0.033056064683129015], "aligned_model": [[0.10908587971882913, 0.19074971506307514, -0.5424447887621794, 0.2999156572865658, -0.09448698054830472, -0.44087845681936566, 0.5788427148364498, 0.5921007032069847, -0.740072103696699, -0.02263004886822155, -0.3654652510905228, 0.5976069717813344, 0.47522069429787556, -0.08613011771847343, -0.012328377598313834], [-0.1130444368154148, -0.6706028401379651, 0.4965358296576473, 0.49434199739539236, -0.5777533950254652, 0.22402087246706542, -0.3771507205328867, 0.0718277400012766, -0.19808148631737177, 0.25678044966657787, -0.3182022248818832, 0.06427969802968432, 0.39061676877770074, 0.7888371614355862, 0.016351936107162023], [-0.7841325309152356, -0.3672911382011937, -0.3536558497603817, -0.5804296353006259, 0.1706325263585197, 0.2852167209085961, 0.07151913745717386, -0.3522447831000129, -0.08884820564726681, 0.7242829362818288, 0.6341799917336743, 0.5356613586958261, 0.05293718093232216, -0.056089796460387385, -0.042071508130861274]], "inverted": false, "swapped": true, "error_lsq": 0.0409643244458169, "error_max": 0.27028745720382386, "target": "231.xyz", "model": "18.xyz", "model_rescale": 3.9405287249114394, "target_rescale": 4.357091377551},
{"mapping": [13, 10, 14, 11, 0, 12, 3, 2, 1, 6, 4, 9, 7, 8, 5, 15], "R": [[0.777096654935779, 0.22475557430386434, -0.5878824038079071], [-0.28037614133999944, -0.7126375064312743, -0.6430684285476223], [-0.5634802642993948, 0.6645545246605096, -0.4907721217615449]], "T": [-0.11096677798401496, -0.027962755598320087, 0.0011280662325647128], "aligned_model": [[-0.3299060156150674, 0.28931797755056904, -0.2980956884994288, 0.2816920040004149, -0.22715662801769193, -0.6101146732818841, -0.2914372191967817, 0.626317556484191, -0.11253378971599269, 0.35904033245972616, -0.6543050222729023, 0.2622583483564953, -0.18982239111700722, 0.24426878388506928, 0.6866350580371722, -0.07868592568028113], [-0.6611221070474637, -0.21703840012201916, -0.5191593997859585, -0.6131781992310344, 0.5727351644084586, 0.02572072607489829, 0.20419224268258543, 0.2539920009285849, 0.5673499566822973, 0.5410600759901055, 0.17777732533633905, -0.5096845446973105, -0.2407969182959851, 0.2992212138820891, -0.0046395870145342286, -0.02386786226479194], [0.05117495694518119, -0.6484306702040199, -0.5675964625722886, -0.1490557123991025, 0.31471407613197433, -0.2182084893721533, -0.7982235907342718, -0.36251820204565494, -0.2836872125899826, 0.11770331598839955, 0.44510959738689965, 0.4676652779658981, 0.667543072371792, 0.5833913239043464, 0.23468744570962885, -0.02186160823392109]], "inverted": false, "swapped": false, "error_lsq": 0.04904956650834069, "error_max": 0.42473044515671404, "target": "231.xyz", "model": "19.xyz", "model_rescale": 4.410303926677745, "target_rescale": 4.357091377551},
{"mapping": [2, 6, 5, 3, 10, 7, 0, 8, 9, 13, 14, 12, 4, 15], "R": [[-0.5082258748697484, 0.8603290801506721, -0.039247088554149545], [-0.6238849341107177, -0.33636969267103145, 0.7054239993380303], [0.593695249351504, 0.3830003964743304, 0.7076981328207397]], "T": [-0.039574241497363175, -0.03517212252360217, 0.07400927367207973], "aligned_model": [[-0.31061611770858205, 0.35940668773890094, 0.2907557436025546, -0.7488438548248837, 0.15748228060293418, -0.2560544289120816, -0.3537795897655872, 0.5975580599455783, 0.22425567052046996, 0.02462688450059254, -0.5251820432226422, 0.17231400528084467, 0.6544431465729678, -0.025178554870193548], [0.004375016062792135, -0.5004527043702882, 0.14466698764364852, -0.13515761120038877, 0.6996503227444927, -0.6081618915761511, 0.3995664042374648, -0.17269629953343155, -0.5182700558556671, 0.08810494121833806, -0.3469579603752209, 0.6395994980821946, 0.17231590107698833, -0.0556340819735696], [-0.5434710960718542, -0.45003348226222134, -0.5416435900135707, -0.22029030783469156, -0.2503145747613938, 0.26337788466620377, -0.19501667047150556, 0.013865778223117367, 0.6217187742391589, 0.6300566167728988, 0.5958703931892618, 0.42311138189345293, 0.49698372865968926, 0.07260020249647588]], "inverted": false, "swapped": true, "error_lsq": 0.0402183743440419, "error_max": 0.2798321827764397, "target": "231.xyz", "model": "20.xyz", "model_rescale": 4.121658175737393, "target_rescale": 4.357091377551},
{"mapping": [10, 12, 4, 5, 8, 0, 13, 2, 11, 7, 9, 6, 15], "R": [[0.6043612457349801, -0.48370912118907394, 0.6330663241179055], [-0.3947675349540238, -0.8720090152138822, -0.2894112484545813], [0.6920304025113253, -0.075005089588704, -0.7179611121333828]], "T": [0.004800277149173027, -0.06576245635547676, -0.08036919796022335], "aligned_model": [[0.18316573161579197, -0.21037047241538456, 0.21293537950120744, 0.592839598835784, 0.550789758892446, -0.16401509369741615, -0.32141671854668763, 0.17664140600505943, -0.7299037236604762, -0.14179637076313514, -0.026061993341002718, 0.7370772543049924, 0.021198147933115884], [-0.4569539182133625, 0.09184376136392539, 0.5652033845520952, -0.42430007717878215, 0.2767895413189587, -0.5887104227985587, 0.35735657016568967, -0.7023256275594668, -0.2438293090978047, 0.15634508227698143, 0.6617633020721589, -0.10011554807329437, -0.052239834665356505], [0.6261265645586701, 0.6618891665802744, 0.43166663206577993, 0.1344539473731339, 0.03374181624960444, 0.1607207045907967, 0.12714086904537317, -0.2272284412846695, -0.054704857890687464, -0.6636522183845751, -0.3500529456369679, -0.4163497116838675, -0.093641786101076]], "inverted": true, "swapped": true, "error_lsq": 0.045752093552931944, "error_max": 0.22447237891148772, "target": "231.xyz", "model": "21.xyz", "model_rescale": 4.08911054899281, "target_rescale": 4.357091377551},
{"mapping": [12, 4, 13, 3, 8, 7, 0, 2, 6, 1, 10, 14, 5, 11, 15, 16], "R": [[0.3286963888908301, 0.4433077942662257, -0.8339285841563064], [0.9212957342948686, 0.04375645583842733, 0.3863929897688865], [0.20778078327941493, -0.8953008277195289, -0.39403499081238874]], "T": [0.0011766578378310183, -0.007664998255289284, 0.05044064290023764], "aligned_model": [[-0.3450139998863388, 0.24035522456477457, -0.1842964837449508, 0.32438674096840686, -0.06919502743424782, -0.6206784364222264, -0.1480076268289562, 0.6555555977408379, -0.5287475190494364, 0.4712143984532319, -0.7435677066630024, 0.23549221735931739, -0.31444363977764034, 0.33168376161204904, 0.6617459196429689, -0.009010713158186242], [-0.6584737009389413, -0.12189419500125184, -0.44438748461715, -0.7084781007750851, 0.6469926687973911, -0.10942044144050926, 0.3561504120374575, -0.0008049200777991861, 0.4921578545571586, 0.6189355471812449, -0.11053009143911773, -0.5840638139460735, 0.1553375397298529, 0.41374331396308534, -0.08094405427528438, -0.011758846228717236], [0.09005840469735865, -0.5945690389627374, -0.4095627806582896, -0.347899740181596, 0.26777260774016254, -0.2793142047281605, -0.6169886002568582, -0.254510126425023, -0.10742515804520733, -0.07775709546454912, 0.3435447427751262, 0.20754955347967527, 0.6599839590736588, 0.5973164231341831, 0.35008284320120814, 0.00412532887377387]], "inverted": true, "swapped": false, "error_lsq": 0.041556602690289074, "error_max": 0.27309843028511493, "target": "231.xyz", "model": "22.xyz", "model_rescale": 4.204369325754507, "target_rescale": 4.357091377551},
{"mapping": [13, 10, 14, 11, 0, 12, 3, 2, 1, 6, 4, 9, 7, 8, 5, 15], "R": [[0.777096654935779, 0.22475557430386434, -0.5878824038079071], [-0.28037614133999944, -0.7126375064312743, -0.6430684285476223], [-0.5634802642993948, 0.6645545246605096, -0.4907721217615449]], "T": [-0.11096677798401496, -0.027962755598320087, 0.0011280662325647128], "aligned_model": [[-0.3299060156150674, 0.28931797755056904, -0.2980956884994288, 0.2816920040004149, -0.22715662801769193, -0.6101146732818841, -0.2914372191967817, 0.626317556484191, -0.11253378971599269, 0.35904033245972616, -0.6543050222729023, 0.2622583483564953, -0.18982239111700722, 0.24426878388506928, 0.6866350580371722, -0.07868592568028113], [-0.6611221070474637, -0.21703840012201916, -0.5191593997859585, -0.6131781992310344, 0.5727351644084586, 0.02572072607489829, 0.20419224268258543, 0.2539920009285849, 0.5673499566822973, 0.5410600759901055, 0.17777732533633905, -0.5096845446973105, -0.2407969182959851, 0.2992212138820891, -0.0046395870145342286, -0.02386786226479194], [0.05117495694518119, -0.6484306702040199, -0.5675964625722886, -0.1490557123991025, 0.31471407613197433, -0.2182084893721533, -0.7982235907342718, -0.36251820204565494, -0.2836872125899826, 0.11770331598839955, 0.44510959738689965, 0.4676652779658981, 0.667543072371792, 0.5833913239043464, 0.23468744570962885, -0.02186160823392109]], "inverted": false, "swapped": false, "error_lsq": 0.04904956650834069, "error_max": 0.42473044515671404, "target": "231.xyz", "model": "23.xyz", "model_rescale": 4.410303926677745, "target_rescale": 4.357091377551},
{"mapping": [10, 14, 9, 11, 2, 8, 15, 13, 5, 12, 8, 1, 3, 0, 7, 16], "R": [[-0.1851093228483231, -0.8774423020478443, 0.4425263214449675], [0.9826842638639022, -0.16154582806257117, 0.09074460308932375], [-0.008134872395803322, 0.451661324459553, 0.8921523815125678]], "T": [0.06607350922153003, -0.021248837698292306, -0.08767719347453831], "aligned_model": [[-0.3538239700550057, 0.23285762582458192, -0.28455722389317445, 0.25684005072360744, -0.21987393679764827, -0.745471231422953, -0.2791535009625987, 0.6641886461757903, -0.14848557972942433, 0.4875296645134346, -0.745471231422953, 0.29660523055863786, -0.24636365978482772, 0.3275652651114454, 0.670011149385016, 0.04507540915267303], [-0.47206775877811413, -0.20633853846350633, -0.3971136068439388, -0.6161540333794017, 0.5419185535900526, -0.13476988939083642, 0.1464146904404058, 0.1375039598025374, 0.5679201642506128, 0.6579246169117182, -0.13476988939083642, -0.47919036036406915, 0.01174835107359734, 0.385646691370517, -0.1302585011345707, -0.0258527621679074], [0.12263769798408242, -0.7170219726967215, -0.4457327030521997, -0.18974296347467046, 0.5710871791830674, -0.15259846894992637, -0.6893593717099922, -0.42120748604326985, -0.13713745953730733, -0.002389665058201651, -0.15259846894992637, 0.6004216634103116, 0.7552612298936849, 0.4923606510766514, 0.16787537793409915, 0.030551878243043923]], "inverted": true, "swapped": false, "error_lsq": 0.044314334373641184, "error_max": 0.4388968835628244, "target": "231.xyz", "model": "24.xyz", "model_rescale": 4.28219845311461, "target_rescale": 4.357091377551},
{"mapping": [14, 8, 10, 6, 7, 11, 5, 1, 9, 3, 12, 2, 13, 4, 0, 15], "R": [[0.24279984853242004, -0.06818314624237268, 0.9676772665104442], [-0.38970608436768384, 0.906638896297959, 0.1616634761670872], [-0.8883565733192059, -0.41636158599000206, 0.19356039975276076]], "T": [-0.02813284146567775, 0.03299864757775705, 0.03381371911923483], "aligned_model": [[-0.37929538487649567, 0.18098293472940064, -0.2426150636417775, 0.3828849370169904, -0.12209996254778058, -0.4809372869991302, -0.08877186193487537, 0.45052913857519195, -0.42613782674394884, 0.3289817495182722, -0.7684234288741258, 0.1472625929087868, -0.2921192611383895, 0.5077597312659304, 0.7198950887494874, 0.03957661136906514], [-0.6385708048963855, -0.20054167505174417, -0.5399728199308077, -0.735751926422608, 0.6284085250392636, -0.0697352281700993, 0.3179438334340814, 0.24754924570584758, 0.5691433102125794, 0.713285950022432, -0.06730050774382443, -0.4398864525666114, 0.03332529169147423, 0.29103041613723846, -0.2648236794253603, 0.008458209490784557], [0.11012861611487182, -0.5856017850306551, -0.4715632615787013, -0.1948433947134712, 0.5259552269470549, -0.2505996352218742, -0.7664423843676318, -0.3332396129088287, -0.07113682304565921, -0.06479510350195813, 0.19607839755929493, 0.4968430357396437, 0.566004963381117, 0.4591222305916438, 0.1653821393129518, 0.05111450897492712]], "inverted": true, "swapped": false, "error_lsq": 0.04493849041500953, "error_max": 0.2948882801996312, "target": "231.xyz", "model": "25.xyz", "model_rescale": 4.100010024507729, "target_rescale": 4.357091377551},
{"mapping": [12, 13, 9, 14, 5, 6, 8, 1, 11, 2, 0, 15], "R": [[0.880643928102128, 0.011402871804865128, -0.473641474547422], [-0.46981135944775076, -0.10808658091099856, -0.8761247499990094], [-0.061184625770782736, 0.994076086394584, -0.08982859248433811]], "T": [-0.0324293916769502, 0.033776532754798416, -0.03628042613262447], "aligned_model": [[-0.65299099541274, -0.061968689795007754, 0.3908341221820693, 0.5479925295101961, -0.4486865014380206, 0.11258953730320106, -0.1890066040862733, 0.538568531480426, 0.07063656013899788, -0.07247083429766243, -0.3381553310956097, -0.02057672212657006], [-0.4510496398814478, -0.5131124519558381, -0.29432154165508934, -0.4544740592431237, 0.6203252424737102, 0.732712730387352, 0.24480794795377506, 0.5357366926653305, -0.45696815609982694, 0.5541818547980378, 0.10469281230231138, 0.043599958305448334], [0.007680117063257469, 0.13267973207806574, 0.5260141444269076, -0.20973395496418573, 0.02010293015841779, 0.33888662154272653, 0.5632335663665268, -0.18172786047020997, -0.6025873139061331, -0.4650981793932598, -0.547748975913355, -0.01650853713440203]], "inverted": false, "swapped": true, "error_lsq": 0.0414370168431834, "error_max": 0.2223020468227074, "target": "231.xyz", "model": "26.xyz", "model_rescale": 3.6694154284099745, "target_rescale": 4.357091377551},
