[{"mapping": [5, 1, 7, 6, 2, 8, 9, 4, 3, 0, 10, 11], "R": [[-0.01695203311042405, 0.4394788801284826, 0.8980929475808381], [0.3143002921043272, 0.8550321693121454, -0.41247462446131344], [-0.9491722472536572, 0.2752785922704156, -0.15262287404272187]], "T": [0.1101879474293121, 0.08799336780678513, 0.055552054721960446], "aligned_model": [[-0.125016395558815, -0.21737929801967365, 0.474434649829529, 0.48842095060335333, -0.5642534355606912, 0.1578000901987478, 0.6830061857783589, -0.3215283239684887, 0.3730223303109876, -0.44808706918949553, 0.5121037028060704, 0.05995127868397199], [-0.5820498142681666, -0.41177371654485373, -0.7858417299384738, -0.2112415157496459, 0.19596365653377423, 0.4236962902561497, 0.2627534242565518, 0.6869282226571775, 0.6437540876889863, -0.06192764862064479, -0.09041485427668255, 0.05075362165537688], [0.48497886306571686, -0.32499113681689856, 0.07398766171262317, -0.48532941771712346, -0.37132202887783505, -0.48123479535083047, -0.04786270685652095, 0.38303727179176394, 0.3655208018532665, 0.27610610400271557, 0.573621140691979, 0.08591213225894946]], "inverted": false, "swapped": false, "error_lsq": 0.061418370810523266, "error_max": 0.43690459420425043, "target": "232.xyz", "model": "0.xyz", "model_rescale": 3.751011558992144, "target_rescale": 3.882226436045656},
{"mapping": [12, 9, 13, 5, 11, 10, 8, 6, 1, 7, 3, 14], "R": [[0.8789353664650625, -0.03658089530324928, 0.4755359709588109], [0.0022392618026163165, 0.9973598126012899, 0.0725836752617227], [-0.47693564270612615, -0.06273150968000522, 0.876696726587799]], "T": [0.21601822270336876, 0.08470113056731789, 0.05478441896812199], "aligned_model": [[-0.28245910700751853, 0.012107344752888993, 0.35287812837544746, 0.5706383410780372, -0.5599396840612204, -0.04439143888670696, 0.8068265469858951, -0.3579509708442298, 0.2640143844659767, -0.15944369416229456, 0.294081747143596, 0.17611306807398397], [-0.39850181370589755, -0.3269078395234543, -0.6262769529171148, -0.21913273484992413, 0.026948680261961747, 0.32722104682329023, 0.3389861569376415, 0.5495914956617167, 0.6483797302850023, 0.1805218219891606, -0.427959401709593, 0.04772983439675896], [0.31937914772742704, -0.41764338602283346, -0.0025019609560052516, -0.35996321618508015, -0.12209115973035282, -0.6840150440112437, -0.10862580550449143, 0.18955110094425665, 0.4617836254933979, 0.5928585475751811, 0.615579527996633, 0.0481125124309174]], "inverted": true, "swapped": false, "error_lsq": 0.04375477060451136, "error_max": 0.24918634451795374, "target": "232.xyz", "model": "1.xyz", "model_rescale": 3.9405287249114394, "target_rescale": 3.882226436045656},
{"mapping": [2, 4, 1, 7, 8, 3, 6, 9, 11, 5, 0, 12], "R": [[-0.3058083443465026, -0.7415166547719346, -0.5971886697048856], [0.26562945048077535, 0.535882760080973, -0.8014179075147247], [0.9142878384651809, -0.4037111815937705, 0.033091241905215285]], "T": [0.10272027855436783, 0.027172654057729333, 9.209199379909411e-05], "aligned_model": [[-0.1964524549382397, -0.16242099226163992, 0.28550995978013394, 0.6471484749174014, -0.5816869995727869, 0.18088633905067597, 0.6131322409372472, -0.5083146004004071, 0.20501574849362236, -0.06740874829138538, 0.6094894531956156, 0.04757624500361733], [-0.38126499584108053, -0.34271206096313217, -0.7430602462405727, -0.11407482226623283, 0.1935554948381197, 0.2789096753709168, 0.2039968903235514, 0.5258534351940344, 0.6170873823015786, 0.10778444642740906, -0.1896389375869701, -0.03583623790807284], [0.45599119179693465, -0.5333693648958425, 0.02366207488973582, -0.5589758310648818, -0.3233166247257558, -0.5071733391719196, 0.05982911162895257, 0.16842201303004145, 0.3862922205127772, 0.7019710940534232, 0.6318418253833746, 0.027249518320966643]], "inverted": true, "swapped": false, "error_lsq": 0.048795748927105254, "error_max": 0.2701755737974091, "target": "232.xyz", "model": "2.xyz", "model_rescale": 3.932901565614263, "target_rescale": 3.882226436045656},
{"mapping": [7, 3, 8, 11, 0, 1, 10, 2, 6, 5, 9, 13], "R": [[-0.6484605137447134, -0.16900212575200596, -0.7422514692509848], [-0.6714922950128872, 0.5863068912084827, 0.45314713621490565], [0.35860432213272075, 0.7922641673158947, -0.49368049316838947]], "T": [0.056628108649046806, -0.02624908553234545, 0.032998142027524685], "aligned_model": [[-0.29694416660001377, -0.09499877568802365, 0.3077760501835826, 0.7675203977122886, -0.5348270439330627, -0.00518989823663276, 0.6318174195609019, -0.41125145047581163, 0.15030054544340593, 0.07382075357519896, 0.36125368266947405, 0.12319715170254733], [-0.4822925134002115, -0.34671927657200785, -0.710091108650718, -0.2553768121525021, 0.08157787869829008, 0.4569392209450229, 0.39034888845266974, 0.6628213282820241, 0.57737521190381, 0.12518005204997842, -0.4096285758252578, 0.03046572991845068], [0.453418866327447, -0.33441664085750555, -0.056843520981601475, -0.4567378446139836, -0.26281341523805213, -0.525102400366378, -0.06053701171457471, 0.011306297082446487, 0.3388664843113791, 0.7355458734352803, 0.58073563888557, 0.10900156348777876]], "inverted": true, "swapped": false, "error_lsq": 0.05387056459810452, "error_max": 0.3246180971143286, "target": "232.xyz", "model": "3.xyz", "model_rescale": 3.9243930471874484, "target_rescale": 3.882226436045656},
{"mapping": [2, 1, 0, 5, 7, 9, 6, 8, 10, 4, 3, 12], "R": [[0.46801706803976323, 0.7101222414987716, -0.5260099106977207], [0.08388406102544232, -0.6282333040661036, -0.7734897413463651], [-0.8797292130703309, 0.3178825534548054, -0.3535918464553577]], "T": [0.14401104356331523, 0.1774880779783071, 0.007943241366591261], "aligned_model": [[-0.21687869200849424, -0.12488864193643057, 0.23869601978051758, 0.6020194545806432, -0.5860354248943025, -0.006217607586869345, 0.8510093540323802, -0.3292678458889874, 0.2901231341472772, -0.23072771116757157, 0.3923402920956993, 0.1923023347599932], [-0.5720615454002395, -0.24150216302639718, -0.6670953752899269, -0.28546619162830145, -0.1530369091797977, 0.5826241065118146, 0.09567997909815831, 0.5924005088380683, 0.7185048008321401, 0.1148892725754371, -0.14749621414444933, 0.08315975446304258], [0.4068773852620046, -0.504209506418132, -0.024242145144129548, -0.3787410477702665, 0.0344789845985347, -0.5497157427218637, 0.13032517911973346, 0.021768451421645997, 0.43582159101353873, 0.46403481627776444, 0.5424253875244273, -0.046399463405451244]], "inverted": true, "swapped": false, "error_lsq": 0.048180724213064234, "error_max": 0.33412483686347816, "target": "232.xyz", "model": "4.xyz", "model_rescale": 3.8936222436046832, "target_rescale": 3.882226436045656},
{"mapping": [8, 9, 3, 0, 6, 1, 2, 5, 4, 7, 10, 11], "R": [[-0.04630716225240422, 0.20119657086877796, -0.978455715193475], [-0.9893727956861387, 0.12591275426218912, 0.07271485041106829], [0.13783003257753365, 0.9714246847721932, 0.19322775146164078]], "T": [0.06012847576839894, -0.06434558374306022, 0.0884698495799886], "aligned_model": [[-0.09491271280548916, -0.1816339051567051, 0.4485175368490616, 0.5681726655107104, -0.6635491761397564, 0.13895968581310023, 0.7687710512960099, -0.2754672863441219, 0.3551195117173158, -0.3818665480475295, 0.3527858220944121, 0.037578021126846994], [-0.7428791386354, -0.4279010668039147, -0.4827251756131043, -0.2692421506046298, 0.1817306059792112, 0.39069435428507077, 0.16797725068206293, 0.673475294321123, 0.6066591290146546, 0.013533430453814985, -0.09472140745142935, 0.10399889802208966], [0.3362949311629151, -0.3490393568683687, 0.022178925157973525, -0.6062436216687282, -0.13590883275900512, -0.567146701677903, 0.056685172793939115, 0.10138082907720458, 0.39401454855801465, 0.555720088164984, 0.6478412704271024, 0.07664663738967782]], "inverted": false, "swapped": false, "error_lsq": 0.0458975840453252, "error_max": 0.2575043966699938, "target": "232.xyz", "model": "5.xyz", "model_rescale": 3.6523030999806103, "target_rescale": 3.882226436045656},
{"mapping": [5, 9, 7, 11, 8, 10, 4, 6, 2, 1, 3, 12], "R": [[0.9947333460603682, 0.09186051295388284, -0.04546665146448719], [-0.07374364553241838, 0.9495001625908039, 0.3049775663612423], [0.07118598864336056, -0.3000184784307235, 0.9512736029245114]], "T": [0.032938321081085284, 0.006494755712398251, 0.0720126320498122], "aligned_model": [[-0.3359742446111401, -0.10105432778510988, 0.31115687510750545, 0.6956233025546733, -0.613629423472163, 0.14091360655398114, 0.543415262131469, -0.35860899344048086, 0.33486295502989, -0.1339674236177234, 0.5324015949180169, 0.05733548254493637], [-0.479064693626322, -0.22420006911715099, -0.616298645929845, -0.29719629804271935, -0.09937324553541659, 0.5065118906815306, 0.2586352064336772, 0.5207256943606299, 0.6149706619605204, 0.23812547398637474, -0.22488008747168134, -0.07735586405004914], [0.37539204799460335, -0.5999164884884525, 0.032758654372192525, -0.42112970271717476, -0.08433704233938769, -0.5170520877656765, 0.001513783173884703, 0.0021434378364983825, 0.4108492020057787, 0.7051512809505568, 0.49585555457844954, 0.13119525015653358]], "inverted": false, "swapped": false, "error_lsq": 0.04562594994787845, "error_max": 0.2180623144266942, "target": "232.xyz", "model": "6.xyz", "model_rescale": 4.08911054899281, "target_rescale": 3.882226436045656},
{"mapping": [2, 1, 13, 11, 0, 9, 10, 3, 4, 6, 7, 14], "R": [[0.1617059100894593, -0.7331141281239805, -0.6606019026517831], [0.963104550766671, -0.028690389508245175, 0.26759388229627856], [-0.2151297816079148, -0.6795002109601449, 0.7014261474812938]], "T": [0.2610084242841072, 0.04191567978387814, 0.08327769435299942], "aligned_model": [[-0.2815537219217984, -0.14496525638991803, 0.4271003311121032, 0.582848748841676, -0.6754225921104028, -0.028666016802283534, 0.9074335489147589, -0.30744718096660295, 0.2766061079569258, -0.13399993982593833, 0.22780375465287733, 0.22273688245245785], [-0.518006811719244, -0.34974374973713807, -0.6697810565822547, -0.10010857451299832, 0.09062746443342908, 0.30262616728106306, 0.3252338858369549, 0.5921520034521268, 0.6430803909662587, 0.084027938052042, -0.3368842727913488, 0.05737663897065791], [0.28883222313948076, -0.38548058101144894, 0.04090132967103163, -0.38659354294212556, 0.009927188734499715, -0.5969252663859685, -0.06211917929666344, 0.10672229374971531, 0.4509830002642721, 0.3854993289858242, 0.7575899442648171, -0.07691284941562809]], "inverted": true, "swapped": false, "error_lsq": 0.04896644723261601, "error_max": 0.29188558884873606, "target": "232.xyz", "model": "7.xyz", "model_rescale": 3.964800864290218, "target_rescale": 3.882226436045656},
{"mapping": [10, 6, 3, 0, 11, 2, 1, 12, 7, 9, 5, 13], "R": [[-0.0048320375075088726, -0.7532890711341136, -0.6576718229660068], [0.9965568646556602, 0.050810065644192264, -0.06551910207651657], [0.08277117204199869, -0.6557239606260682, 0.7504498787658351]], "T": [0.10016273482709227, 0.02824567558989835, -0.007727440318750084], "aligned_model": [[-0.21061226509818415, -0.15963133667224116, 0.3553983908180888, 0.605493026607317, -0.7207558976582039, 0.3011160876615918, 0.7853829417294613, -0.3418849139674251, 0.31231077551306746, -0.3536945275837774, 0.40360550768699055, 0.09574687687716926], [-0.4961929960728161, -0.30119899364357405, -0.627436894017193, -0.16655478377897112, -0.0675272435460268, 0.42257996435804124, 0.30570199646079954, 0.6204585274175184, 0.6868862900163168, 0.13541768782087288, -0.4181234128850577, 0.026589881519638706], [0.5431963221868472, -0.4083258346065777, -0.18350520776018267, -0.4766127671970112, -0.07139431783237507, -0.5004007057192466, 0.1211568071044817, 0.1489657363482821, 0.15972080488795373, 0.49861678245849184, 0.6308239228631898, 0.07018234702395279]], "inverted": false, "swapped": false, "error_lsq": 0.04876506237956691, "error_max": 0.28110132151416806, "target": "232.xyz", "model": "8.xyz", "model_rescale": 4.121658175737393, "target_rescale": 3.882226436045656},
{"mapping": [0, 5, 4, 9, 10, 7, 6, 11, 8, 2, 1, 12], "R": [[-0.17916707576149837, 0.9831894479080534, 0.03518051286338608], [-0.9502274294702728, -0.16367454443543583, -0.26510087850886155], [-0.2548862319651478, -0.08092683748985818, 0.9635786712710588]], "T": [0.025608147091015762, 0.08256964302587123, 0.0465761241330617], "aligned_model": [[-0.26588110051059377, -0.1854331927856651, 0.4070240564391377, 0.6518462849257285, -0.7027495440613298, 0.11281430182554462, 0.7014516031864827, -0.3340791022863491, 0.3217573234278204, -0.014343314768894048, 0.3150345606983279, 0.0650327898236451], [-0.5862436368032481, -0.30002323845764256, -0.7170032901549568, -0.09865153247107912, -0.03319705806471161, 0.4498099655227422, 0.20195310840370653, 0.5942495667568028, 0.711666787358437, 0.1827073245251249, -0.31401650818930993, 0.029348535223683393], [0.34076493829692744, -0.3902329258841898, -0.011155551223515359, -0.47127954814229533, -0.13390649345986042, -0.5126559765389372, 0.14231149451040404, -0.062239374944768805, 0.2635687186494246, 0.7326685204603318, 0.5301911481803604, 0.10438893985392467]], "inverted": true, "swapped": false, "error_lsq": 0.039981940991249874, "error_max": 0.2524817127770097, "target": "232.xyz", "model": "9.xyz", "model_rescale": 3.833441315466971, "target_rescale": 3.882226436045656},
{"mapping": [1, 10, 12, 11, 13, 8, 7, 2, 3, 5, 6, 14], "R": [[-0.35052943077468723, -0.797164242956704, 0.491587518059642], [0.6415556429957506, -0.5867785378387552, -0.49406204516449337], [0.6823016012740135, 0.14219745877855117, 0.717108365322731]], "T": [0.11160631788966482, -0.03816192904964505, 0.08715109875639512], "aligned_model": [[-0.15853185092580854, -0.09049983215665666, 0.34717054068724773, 0.585682284811587, -0.6560365483211429, 0.09625212231314664, 0.6887855039385318, -0.25948031465346644, 0.3713817956955413, -0.40822943784553367, 0.42371590675470994, 0.13226449561569836], [-0.6163779985137776, -0.33870996333311015, -0.5917882131295424, -0.14636787164542325, 0.15034455584411702, 0.28679839311227046, 0.2709608209128575, 0.5770703524214402, 0.718018754262379, 0.08508923584861258, -0.3288679582206452, 0.05442991609037026], [0.45903882331354895, -0.6508042703016996, 0.05509658543255372, -0.3912635045089883, -0.017138289597879636, -0.62117396791523, -0.03622349112905762, 0.10798870685610892, 0.4263108326048003, 0.5018981769588199, 0.6156462994791998, 0.08304798856562992]], "inverted": true, "swapped": false, "error_lsq": 0.04353897828866588, "error_max": 0.2477593077151576, "target": "232.xyz", "model": "10.xyz", "model_rescale": 4.2482417240324, "target_rescale": 3.882226436045656},
{"mapping": [6, 1, 2, 3, 0, 8, 7, 10, 9, 4, 5, 11], "R": [[0.949830604058516, 0.29175696528497685, -0.11269293146216139], [-0.1996404285775308, 0.2882006221003292, -0.9365276828254266], [-0.24076030169281318, 0.9120407198303616, 0.3319882565695683]], "T": [0.07884818666177396, -0.04193262354838958, 0.0032971700128887754], "aligned_model": [[-0.1691711146832668, -0.2339188440080336, 0.3719151569571185, 0.6475582644355301, -0.6664109827265965, 0.1525829327784308, 0.7163187639088441, -0.2092525707560255, 0.28418438727714657, -0.26387581715873537, 0.362911874382921, 0.0796326155065215], [-0.496977651926529, -0.3171093150017135, -0.710787646052622, -0.111578066652149, 0.02364352959249732, 0.32067457899290963, 0.17119393324677787, 0.5334608207307967, 0.6783533225196505, 0.11482506891884547, -0.11888077067825162, 0.03378221995933652], [0.3930439935427701, -0.5673175220210577, -0.11712706416548414, -0.5709762719511242, -0.11556415471324427, -0.4865365087343973, 0.08554424064932642, -0.027078813762415124, 0.3472973193625915, 0.7931116186587926, 0.6943637183952234, 0.10366333449682467]], "inverted": false, "swapped": false, "error_lsq": 0.04451229403205556, "error_max": 0.24091400408718316, "target": "232.xyz", "model": "11.xyz", "model_rescale": 3.6694154284099745, "target_rescale": 3.882226436045656},
{"mapping": [0, 12, 1, 2, 5, 10, 8, 7, 11, 6, 4, 13], "R": [[0.6284370373926207, 0.77724649810419, -0.030899372452516727], [0.12038949241146002, -0.05794156111639487, 0.9910343816499538], [0.7684876447608621, -0.6265226705237157, -0.12998493439523884]], "T": [0.09335295252983541, 0.07190302927254262, 0.04383695746563089], "aligned_model": [[-0.20916200705176827, -0.1735061772530159, 0.43157290117770364, 0.5493983915391943, -0.7078936442085128, 0.1125307526259378, 0.7983742567260137, -0.3602980830016803, 0.36035424971243324, -0.22406691228889195, 0.4146329437503894, 0.08053799418605198], [-0.4982970632715436, -0.26291475913301715, -0.6974818672736107, -0.15507728050280628, 0.021498557975475924, 0.3284124336813758, 0.33812126001280446, 0.6190258692324718, 0.5372756900053035, 0.17672845626705724, -0.24694514808531148, -0.03974612525865061], [0.35058509212583466, -0.48384832154567337, -0.056799225912219156, -0.36459427288455254, 0.049674162718112695, -0.5369934177229796, -0.02450531029111158, -0.1730101186615544, 0.5509535543665754, 0.5000289047066452, 0.629322787172198, 0.09161005568653056]], "inverted": false, "swapped": false, "error_lsq": 0.046095642478832355, "error_max": 0.31635196282758615, "target": "232.xyz", "model": "12.xyz", "model_rescale": 3.9764082729961374, "target_rescale": 3.882226436045656},
{"mapping": [5, 13, 6, 14, 12, 11, 3, 1, 7, 0, 4, 15], "R": [[0.288442213365956, -0.9358141437987813, -0.20261534447001386], [0.9574272795533234, 0.2793304455237162, 0.07285263598968131], [-0.011579892731417685, -0.2150032336260928, 0.976544681832149]], "T": [-0.025195980547526753, 0.07955643319096387, 0.04304303988363207], "aligned_model": [[-0.28903751065993444, -0.08861047676314265, 0.28103346627667974, 0.539203743937622, -0.5915323497725489, 0.2557208688588166, 0.7215785876025043, -0.49272387049558164, 0.4116883744676711, -0.10724491517815236, 0.3540509590862546, 0.07834778855366675], [-0.5375351020500955, -0.26772122436557444, -0.6131389069276337, -0.17815133745706765, -0.03559946969001106, 0.3367924457682898, 0.43019751829083663, 0.5077993667385148, 0.41264451587317785, 0.21348551589862527, -0.2154286409742012, 0.0672553425446881], [0.5454468515296967, -0.45681431618774, -0.057234063060921554, -0.46078996372349473, -0.22754108728009298, -0.6537065968599707, -0.12375630399376439, 0.006324648738282333, 0.5619053418877684, 0.7518722905733347, 0.5769150157143654, 0.0698020724203427]], "inverted": true, "swapped": false, "error_lsq": 0.0513911864465792, "error_max": 0.28906817761255466, "target": "232.xyz", "model": "13.xyz", "model_rescale": 4.170626492500431, "target_rescale": 3.882226436045656},
{"mapping": [1, 10, 7, 8, 9, 12, 4, 11, 6, 3, 2, 13], "R": [[-0.445675566783517, -0.5501937134848525, 0.7061587405208118], [0.6287214858721255, -0.7539112900079967, -0.19059658968938892], [0.637246092475221, 0.35903292946500964, 0.6819184505385052]], "T": [0.15659575651721414, -0.006748902108490591, 0.101467703049506], "aligned_model": [[-0.28549864296199445, -0.08953277645765445, 0.12146041645780001, 0.5538699331396153, -0.6281959349771232, 0.3186806968921612, 0.8348396204569913, -0.3555622956833274, 0.16114941696283558, -0.22123134145187145, 0.5430900349907694, 0.11940553854565299], [-0.5801473958403053, -0.10707620357492854, -0.7406398600683838, -0.2699308564452317, -0.13666274112841242, 0.3394244134795134, 0.15459354756470628, 0.475379032794829, 0.7531595402550575, 0.1412009918723508, 0.0034751677526947567, 0.08782438698765911], [0.3595009939841258, -0.3962103885025843, -0.24145994616010133, -0.46815039735234254, -0.05192993010186084, -0.5227106599723396, -0.028981542078680006, 0.03142175325115246, 0.46203349514748004, 0.6589900051515837, 0.6338677484467842, 0.09605275794458878]], "inverted": true, "swapped": false, "error_lsq": 0.05772364985520472, "error_max": 0.37944170628421914, "target": "232.xyz", "model": "14.xyz", "model_rescale": 3.9786697098870705, "target_rescale": 3.882226436045656},
{"mapping": [5, 4, 10, 1, 2, 0, 6, 3, 9, 8, 7, 11], "R": [[-0.8544375293937791, -0.20029240713522684, 0.47939488942565006], [0.23471571102703698, -0.9719869811499402, 0.012241056821136555], [0.46351380061496245, 0.12298073068169002, 0.8775139295307343]], "T": [0.13761837395314758, 0.0021312407261553402, 0.050413485180680895], "aligned_model": [[-0.36872312910945015, -0.14228844080047315, 0.5062446953523783, 0.6185381968782084, -0.7051229913078609, -0.03604393408178891, 0.8797117905620092, -0.36546275499407177, 0.2589303808205831, -0.22974564462810054, 0.439668314411702, 0.2167681828107191], [-0.4944639309333612, -0.42625381852430133, -0.7262752750707063, -0.10107774102426265, 0.06557300337898024, 0.3791908130026022, 0.24637041006888125, 0.7660314396458384, 0.5862259035489856, 0.07300799947207418, -0.3105253046745913, 0.06279652475940929], [0.42680570812200586, -0.28582028194661485, -0.11039562965188779, -0.4172788511859864, -0.14860799681698456, -0.5076842372671222, 0.18079860698711142, 0.1426907634799316, 0.22798344294635653, 0.41407306355515977, 0.5482967279974592, 0.0615625735383773]], "inverted": false, "swapped": false, "error_lsq": 0.04776995762706344, "error_max": 0.24498716117880343, "target": "232.xyz", "model": "15.xyz", "model_rescale": 3.769337070930944, "target_rescale": 3.882226436045656},
{"mapping": [6, 8, 2, 10, 3, 5, 1, 7, 0, 9, 11], "R": [[-0.4942432023307802, -0.08753418632909077, -0.8649054417527497], [0.09752748395217281, -0.9942199170691907, 0.04489038178596779], [-0.8638356596157477, -0.0621652855429402, 0.4999234245857964]], "T": [0.13225284572900964, 0.042953431617333164, 0.08777830510065374], "aligned_model": [[-0.2714810826324205, -0.4809581841976712, -0.019355491642725126, -0.56023477831551, 0.2698786643442701, 0.5539130771831898, 0.5552429500998961, 0.15153856595683982, -0.018541239739278625, -0.2710081108662366, 0.013631760500817353], [-0.07840874088476196, -0.5661786343557859, 0.7450439030405396, 0.32977270598463265, 0.2739971860298497, -0.357433051720728, 0.3213784029670581, -0.5513487360635314, 0.5882128049537081, -0.10320508938445838, -0.005766252941180508], [-0.5653186315144926, -0.04583055280505441, -0.18837942826390378, 0.021959665150739632, -0.7251796298481665, -0.3047572727936563, -0.015618581506778861, 0.4510675393294027, 0.5448500949311359, 0.535407749094771, 0.036016655449780687]], "inverted": false, "swapped": true, "error_lsq": 0.05002209549636199, "error_max": 0.3236066235031829, "target": "232.xyz", "model": "16.xyz", "model_rescale": 3.7852294659196426, "target_rescale": 3.882226436045656},
{"mapping": [8, 0, 9, 10, 3, 4, 10, 1, 7, 2, 11, 12], "R": [[-0.08517242036430499, 0.988297136983411, 0.12654812459961384], [-0.8003599967686097, -0.1435104633998596, 0.5820898749053355], [0.5934387368396485, -0.05170605308037757, 0.8032166268778379]], "T": [0.035767395173566, 0.0973617564578471, 0.06746389240438722], "aligned_model": [[-0.10805971489912311, -0.1620657611041201, 0.3819299681883931, 0.7588839665227526, -0.7452824765245963, 0.0636965079405708, 0.7588839665227526, -0.3816599839548187, 0.29133039633661517, -0.27823437924351735, 0.38370839898088294, 0.10934377714806323], [-0.49236531411222756, -0.2774871063467744, -0.6867470641448616, -0.043974391367288826, -0.0024908776378411157, 0.34794018887842765, -0.043974391367288826, 0.6448902682979962, 0.5538391448849014, 0.22383753839309134, -0.14514625527506292, 0.042278283446477494], [0.3035606011858657, -0.46741696168370994, -0.04481529537600848, -0.2586980195922286, -0.04427652350227099, -0.5945157892742025, -0.2586980195922286, 0.0525955998598763, 0.5340932436755788, 0.576869215577458, 0.665844203367391, 0.06788163511228522]], "inverted": false, "swapped": false, "error_lsq": 0.050978093457047575, "error_max": 0.3661562459170124, "target": "232.xyz", "model": "17.xyz", "model_rescale": 3.901054581598922, "target_rescale": 3.882226436045656},
{"mapping": [12, 9, 13, 5, 11, 10, 8, 6, 1, 7, 3, 14], "R": [[0.8789353664650625, -0.03658089530324928, 0.4755359709588109], [0.0022392618026163165, 0.9973598126012899, 0.0725836752617227], [-0.47693564270612615, -0.06273150968000522, 0.876696726587799]], "T": [0.21601822270336876, 0.08470113056731789, 0.05478441896812199], "aligned_model": [[-0.28245910700751853, 0.012107344752888993, 0.35287812837544746, 0.5706383410780372, -0.5599396840612204, -0.04439143888670696, 0.8068265469858951, -0.3579509708442298, 0.2640143844659767, -0.15944369416229456, 0.294081747143596, 0.17611306807398397], [-0.39850181370589755, -0.3269078395234543, -0.6262769529171148, -0.21913273484992413, 0.026948680261961747, 0.32722104682329023, 0.3389861569376415, 0.5495914956617167, 0.6483797302850023, 0.1805218219891606, -0.427959401709593, 0.04772983439675896], [0.31937914772742704, -0.41764338602283346, -0.0025019609560052516, -0.35996321618508015, -0.12209115973035282, -0.6840150440112437, -0.10862580550449143, 0.18955110094425665, 0.4617836254933979, 0.5928585475751811, 0.615579527996633, 0.0481125124309174]], "inverted": true, "swapped": false, "error_lsq": 0.04375477060451136, "error_max": 0.24918634451795374, "target": "232.xyz", "model": "18.xyz", "model_rescale": 3.9405287249114394, "target_rescale": 3.882226436045656},
{"mapping": [13, 12, 14, 3, 4, 1, 10, 8, 5, 9, 11, 15], "R": [[0.9131685635423501, -0.3722708883548491, 0.16594444926388086], [0.1394204836692019, -0.0972798292633497, -0.9854433335062649], [0.38299491287933196, 0.9230119286888905, -0.03693069463966155]], "T": [-0.014545204656734811, 0.04806815477691227, -0.013455120489428866], "aligned_model": [[-0.11073896233090985, -0.09853789940988633, 0.41409934541947174, 0.5416350193035805, -0.6961400680468336, 0.16682319781709706, 0.7632183183868952, -0.3497984747211307, 0.20764923662660023, -0.1638630069018777, 0.37662598070829323, 0.02150197906255514], [-0.5010469254236215, -0.3232901420956607, -0.5962543683279695, -0.1900671947902457, -0.02594886783559773, 0.3453215623440587, -0.03207867590142088, 0.7000305780311189, 0.6741079431197617, 0.13554570448130773, -0.13017309549889083, 0.06445350554670881], [0.3614438459706702, -0.40738062712919787, 0.015721890767915823, -0.612941324364002, -0.2676498316458379, -0.5740488577477476, 0.0675660168853682, 0.17315248683564538, 0.4865113348186194, 0.734249178807379, 0.5648426940836971, -0.009042917524704075]], "inverted": false, "swapped": false, "error_lsq": 0.04014605977075858, "error_max": 0.2344255183813004, "target": "232.xyz", "model": "19.xyz", "model_rescale": 4.410303926677745, "target_rescale": 3.882226436045656},
{"mapping": [10, 6, 3, 0, 11, 2, 1, 12, 7, 9, 5, 13], "R": [[-0.0048320375075088726, -0.7532890711341136, -0.6576718229660068], [0.9965568646556602, 0.050810065644192264, -0.06551910207651657], [0.08277117204199869, -0.6557239606260682, 0.7504498787658351]], "T": [0.10016273482709227, 0.02824567558989835, -0.007727440318750084], "aligned_model": [[-0.21061226509818415, -0.15963133667224116, 0.3553983908180888, 0.605493026607317, -0.7207558976582039, 0.3011160876615918, 0.7853829417294613, -0.3418849139674251, 0.31231077551306746, -0.3536945275837774, 0.40360550768699055, 0.09574687687716926], [-0.4961929960728161, -0.30119899364357405, -0.627436894017193, -0.16655478377897112, -0.0675272435460268, 0.42257996435804124, 0.30570199646079954, 0.6204585274175184, 0.6868862900163168, 0.13541768782087288, -0.4181234128850577, 0.026589881519638706], [0.5431963221868472, -0.4083258346065777, -0.18350520776018267, -0.4766127671970112, -0.07139431783237507, -0.5004007057192466, 0.1211568071044817, 0.1489657363482821, 0.15972080488795373, 0.49861678245849184, 0.6308239228631898, 0.07018234702395279]], "inverted": false, "swapped": false, "error_lsq": 0.04876506237956691, "error_max": 0.28110132151416806, "target": "232.xyz", "model": "20.xyz", "model_rescale": 4.121658175737393, "target_rescale": 3.882226436045656},
{"mapping": [5, 9, 7, 11, 8, 10, 4, 6, 2, 1, 3, 12], "R": [[0.9947333460603682, 0.09186051295388284, -0.04546665146448719], [-0.07374364553241838, 0.9495001625908039, 0.3049775663612423], [0.07118598864336056, -0.3000184784307235, 0.9512736029245114]], "T": [0.032938321081085284, 0.006494755712398251, 0.0720126320498122], "aligned_model": [[-0.3359742446111401, -0.10105432778510988, 0.31115687510750545, 0.6956233025546733, -0.613629423472163, 0.14091360655398114, 0.543415262131469, -0.35860899344048086, 0.33486295502989, -0.1339674236177234, 0.5324015949180169, 0.05733548254493637], [-0.479064693626322, -0.22420006911715099, -0.616298645929845, -0.29719629804271935, -0.09937324553541659, 0.5065118906815306, 0.2586352064336772, 0.5207256943606299, 0.6149706619605204, 0.23812547398637474, -0.22488008747168134, -0.07735586405004914], [0.37539204799460335, -0.5999164884884525, 0.032758654372192525, -0.42112970271717476, -0.08433704233938769, -0.5170520877656765, 0.001513783173884703, 0.0021434378364983825, 0.4108492020057787, 0.7051512809505568, 0.49585555457844954, 0.13119525015653358]], "inverted": false, "swapped": false, "error_lsq": 0.04562594994787845, "error_max": 0.2180623144266942, "target": "232.xyz", "model": "21.xyz", "model_rescale": 4.08911054899281, "target_rescale": 3.882226436045656},
{"mapping": [3, 7, 12, 10, 0, 6, 5, 1, 11, 2, 14, 16], "R": [[0.1262926513490688, 0.9717723934285365, 0.19927012215933493], [-0.9918744858672084, 0.12680892874405475, 0.010222518106937167], [-0.015335269834077306, -0.19894197888067505, 0.9798912789376979]], "T": [0.10000972361808072, 0.0409969996668883, 0.1030400680606972], "aligned_model": [[-0.2010250403558305, 0.010243686462899276, 0.39603526612404116, 0.6225924794748346, -0.555708596989324, -0.0012593433571391754, 0.7203687380224401, -0.30991694454257246, 0.40382122941259435, -0.38319102736586386, 0.30913715600914715, 0.061377063018628164], [-0.6317193023668412, -0.3308316543866431, -0.6310711361834951, -0.1644495771904542, 0.11246087964509527, 0.2944022203223906, 0.29783411799615506, 0.6969752687622385, 0.6910707056180427, 0.13063910601737055, -0.36417991684347767, 0.019469312259167308], [0.5625067928098495, -0.49652785853947345, 0.027788456830587213, -0.47647212038204556, -0.30316898656209124, -0.5905696916528418, -0.11356658429268242, 0.28094739919523354, 0.3694903937055532, 0.6319400173808437, 0.5546150555165299, 0.08544101574834405]], "inverted": false, "swapped": false, "error_lsq": 0.04530953224861221, "error_max": 0.24095279611493783, "target": "232.xyz", "model": "22.xyz", "model_rescale": 4.204369325754507, "target_rescale": 3.882226436045656},
{"mapping": [13, 12, 14, 3, 4, 1, 10, 8, 5, 9, 11, 15], "R": [[0.9131685635423501, -0.3722708883548491, 0.16594444926388086], [0.1394204836692019, -0.0972798292633497, -0.9854433335062649], [0.38299491287933196, 0.9230119286888905, -0.03693069463966155]], "T": [-0.014545204656734811, 0.04806815477691227, -0.013455120489428866], "aligned_model": [[-0.11073896233090985, -0.09853789940988633, 0.41409934541947174, 0.5416350193035805, -0.6961400680468336, 0.16682319781709706, 0.7632183183868952, -0.3497984747211307, 0.20764923662660023, -0.1638630069018777, 0.37662598070829323, 0.02150197906255514], [-0.5010469254236215, -0.3232901420956607, -0.5962543683279695, -0.1900671947902457, -0.02594886783559773, 0.3453215623440587, -0.03207867590142088, 0.7000305780311189, 0.6741079431197617, 0.13554570448130773, -0.13017309549889083, 0.06445350554670881], [0.3614438459706702, -0.40738062712919787, 0.015721890767915823, -0.612941324364002, -0.2676498316458379, -0.5740488577477476, 0.0675660168853682, 0.17315248683564538, 0.4865113348186194, 0.734249178807379, 0.5648426940836971, -0.009042917524704075]], "inverted": false, "swapped": false, "error_lsq": 0.04014605977075858, "error_max": 0.2344255183813004, "target": "232.xyz", "model": "23.xyz", "model_rescale": 4.410303926677745, "target_rescale": 3.882226436045656},
{"mapping": [11, 10, 1, 3, 9, 4, 0, 15, 12, 13, 7, 16], "R": [[-0.34797285951115875, -0.0307952889539313, -0.93699868688375], [-0.9295395272298533, 0.14133949114471034, 0.3405575069797398], [0.12194735077453936, 0.9894820859526456, -0.077807745230621]], "T": [-0.02495894077364119, 0.09088484885408264, 0.07685258187366104], "aligned_model": [[-0.30080306322347783, -0.17277896043075028, 0.43913658557571394, 0.6019713101374675, -0.6001837530618706, 0.1278737190946147, 0.7225743795926944, -0.5754257847175903, 0.47011284115153, -0.047155101163722415, 0.3406982848182901, 0.06645420814095518], [-0.4473439953776237, -0.31273386615913, -0.6277365721776359, -0.13343647399857456, -0.045370759270921976, 0.3067975146747269, 0.1896575808601917, 0.5370666829558344, 0.5900213389996161, 0.24088710816403847, -0.22373567719183152, 0.04652714217085918], [0.2637782835779584, -0.41204937246408757, 0.0095180051154609, -0.5280353327355081, -0.13044143205544576, -0.5586851996995255, 0.11955730573763958, -0.008131036963938063, 0.4666506446322275, 0.7632877765533801, 0.5342797505522406, 0.012694497507403604]], "inverted": false, "swapped": false, "error_lsq": 0.04263855527519195, "error_max": 0.26560141193729475, "target": "232.xyz", "model": "24.xyz", "model_rescale": 4.28219845311461, "target_rescale": 3.882226436045656},
{"mapping": [6, 11, 14, 12, 8, 9, 13, 1, 4, 0, 2, 15], "R": [[0.9221239105932566, 0.2789906507997103, 0.26805169329544265], [0.38420730918808077, -0.7418448340310977, -0.5495916536737325], [0.045521830791988696, 0.6097790247193876, -0.7912631066425492]], "T": [0.09936653252124167, 0.12040980733358012, -0.047491338757393], "aligned_model": [[-0.3419509808595861, 0.05183816255181728, 0.2874544194331875, 0.5800775244022998, -0.559672062157063, 0.225243910974945, 0.6921098032274526, -0.4335956110995242, 0.24259083741477191, -0.15046248675419824, 0.39717276157169695, 0.08166838720805533], [-0.4523293718817666, -0.18834897103219508, -0.6171423391088867, -0.23565751416829558, -0.09723977488734808, 0.43994544908759103, 0.09216808139143383, 0.4506490849706355, 0.6224636557448662, 0.15751457006188632, -0.17814256771058304, 0.12671972118221103], [0.4904731767416459, -0.49345786449527623, -0.019484143793632745, -0.5234670787654667, -0.06307488817094774, -0.6296644600206003, -0.01966550749726948, 0.08201067597436792, 0.46444352507676157, 0.7282424233972229, 0.4919138463142344, 0.02415418499676645]], "inverted": false, "swapped": false, "error_lsq": 0.04433362326954055, "error_max": 0.2637220982928616, "target": "232.xyz", "model": "25.xyz", "model_rescale": 4.100010024507729, "target_rescale": 3.882226436045656},
{"mapping": [6, 1, 2, 3, 0, 8, 7, 10, 9, 4, 5, 11], "R": [[0.949830604058516, 0.29175696528497685, -0.11269293146216139], [-0.1996404285775308, 0.2882006221003292, -0.9365276828254266], [-0.24076030169281318, 0.9120407198303616, 0.3319882565695683]], "T": [0.07884818666177396, -0.04193262354838958, 0.0032971700128887754], "aligned_model": [[-0.1691711146832668, -0.2339188440080336, 0.3719151569571185, 0.6475582644355301, -0.6664109827265965, 0.1525829327784308, 0.7163187639088441, -0.2092525707560255, 0.28418438727714657, -0.26387581715873537, 0.362911874382921, 0.0796326155065215], [-0.496977651926529, -0.3171093150017135, -0.710787646052622, -0.111578066652149, 0.02364352959249732, 0.32067457899290963, 0.17119393324677787, 0.5334608207307967, 0.6783533225196505, 0.11482506891884547, -0.11888077067825162, 0.03378221995933652], [0.3930439935427701, -0.5673175220210577, -0.11712706416548414, -0.5709762719511242, -0.11556415471324427, -0.4865365087343973, 0.08554424064932642, -0.027078813762415124, 0.3472973193625915, 0.7931116186587926, 0.6943637183952234, 0.10366333449682467]], "inverted": false, "swapped": false, "error_lsq": 0.04451229403205556, "error_max": 0.24091400408718316, "target": "232.xyz", "model": "26.xyz", "model_rescale": 3.6694154284099745, "target_rescale": 3.882226436045656},
{"mapping": [3, 6, 12, 2, 1, 0, 10, 5, 8, 7, 9, 13], "R": [[0.28041578556754426, -0.1256229876864282, -0.951622746769576], [0.7468307434098064, -0.5942492047388426, 0.2985158678616755], [-0.6030015156718042, -0.7944096850064133, -0.07281774828651483]], "T": [0.19561941152680845, 0.08201757545095187, 0.0593964813492733], "aligned_model": [[-0.20122385639939466, -0.13535200161911237, 0.34359180786383525, 0.45879933449960686, -0.6085287013800686, 0.006810179279930911, 0.7765465379781198, -0.38370724824799834, 0.3720162732832415, -0.2420226026142428, 0.46841226553833126, 0.21713267773160652], [-0.4967591162007928, -0.396180131500635, -0.6941415869222425, -0.0935041351976568, 0.04708714804424008, 0.3972373394410078, 0.2259872705271222, 0.6194118771774016, 0.552395076920458, 0.09534270116611623, -0.20539125949905337, 0.06911483969358366], [0.4598514503980484, -0.30526131515428134, -0.014182985513898301, -0.5423161605640414, -0.30360810738927396, -0.49007682768542365, 0.12011814589606783, 0.019817630086801215, 0.4543475488295827, 0.5115252607934517, 0.6142331743169261, 0.00797607574384683]], "inverted": true, "swapped": false, "error_lsq": 0.03803609367097601, "error_max": 0.2224499547884226, "target": "232.xyz", "model": "27.xyz", "model_rescale": 4.103607728864725, "target_rescale": 3.882226436045656},
{"mapping": [11, 10, 13, 12, 9, 3, 2, 5, 1, 7, 8, 14], "R": [[0.802499311165457, -0.2307797716977864, -0.550214097015048], [-0.3887861995344606, 0.4972528034780015, -0.7756190691859108], [0.4525926939650238, 0.8363494164572518, 0.30932104189837567]], "T": [0.017235028511786155, -0.07621840014473855, -0.015139141159723542], "aligned_model": [[-0.18443224890612575, -0.24782273130366583, 0.4523218263536489, 0.6613073172612025, -0.6651371989088254, 0.25361522908281203, 0.6629442130302503, -0.44704516466025895, 0.3125928376198589, -0.14141718528156028, 0.32915815579676266, 0.08638961582975556], [-0.6293833285843612, -0.2757102268171485, -0.5388442683372779, -0.263962781351038, 0.2719185996243355, 0.29968419671646473, 0.2459589638594152, 0.38461023238199965, 0.6665701221774891, 0.08742254483214246, -0.18836562768739312, 0.06070159683492071], [0.338979630755183, -0.40207928040385976, 0.11350500902408489, -0.5510650234562291, -0.30374388590556484, -0.6204097343804863, -0.1586037757701954, 0.31230747136441567, 0.38969392045964263, 0.6690628478383551, 0.7347988154912758, 0.009977894741184358]], "inverted": false, "swapped": false, "error_lsq": 0.04996157472287169, "error_max": 0.27904695571676424, "target": "232.xyz", "model": "28.xyz", "model_rescale": 4.137296879288765, "target_rescale": 3.882226436045656},
{"mapping": [10, 8, 7, 5, 1, 9, 0, 6, 3, 2, 11], "R": [[-0.3589721756821567, -0.43240615395730386, 0.8271420041962998], [-0.4767955647492571, -0.676893903766697, -0.560785727777481], [0.802374579932251, -0.595684111810391, 0.03681674096399268]], "T": [0.028940878230450582, 0.11380397359133874, -0.14842181762923368], "aligned_model": [[0.44979280015186845, -0.02780702822611233, 0.03518218176051088, -0.6495126707915656, -0.13991913202278985, 0.5034166395616149, 0.6829485577921559, -0.31170864412953936, -0.5501822569036188, 0.20083616362443532, 0.02837239989293856], [-0.2652484387196443, -0.7539283857948578, -0.16544457667776513, 0.1337695911119024, 0.5931759419894012, -0.2108883044915596, 0.4034119480468247, -0.38743570891959755, 0.21893935745891552, 0.3697901008864805, -0.016993708242147895], [0.3468956840851096, -0.2419161785188137, -0.7868005191256426, -0.3258845536587619, -0.05450258595466358, -0.3803733383584087, -0.016655214545071767, 0.3383863109316154, 0.4734991032363588, 0.5566330208143362, -0.10352770712305864]], "inverted": false, "swapped": true, "error_lsq": 0.05281922877697591, "error_max": 0.3190530447521318, "target": "232.xyz", "model": "29.xyz", "model_rescale": 3.607286011436655, "target_rescale": 3.882226436045656},
