[{"mapping": [2, 5, 0, 7, 6, 11, 3, 9, 1, 4, 10, 12], "R": [[0.21356900277430402, 0.9075448188122113, 0.36159463892748733], [-0.19466301574360811, -0.3231784841403911, 0.9261004144747603], [0.9573372401382876, -0.2681754448785899, 0.10764450477649692]], "T": [0.03260182375783384, -0.07065311432354848, -0.007561803818334829], "aligned_model": [[-0.16593279654661552, 0.09884247732909666, 0.49351968336186364, -0.09627840286106108, -0.0068009121962925995, -0.6253931668088681, 0.37171599824162765, -0.20629981741968684, 0.5652915622471424, 0.07051036255561276, -0.5762546182231411, -0.08527790721912908], [-0.22903582283914783, -0.6791010547271276, -0.4426292310380081, 0.6982077283638097, 0.33943930097113206, -0.5378314583084755, -0.1888101470805303, -0.5032083252480901, 0.20468203799920964, 0.44066746679333, 0.0365591059734668, -0.08538456488251198], [-0.5384409648309871, -0.02628921975053066, -0.5856058112395632, 0.045298833162972126, -0.6700843506179193, -0.012658061542320624, 0.4082883478936129, 0.7124791497074254, -0.1502465724286624, 0.6166554089524949, 0.38890368786155716, -0.006348701814516678]], "inverted": true, "swapped": true, "error_lsq": 0.036590138643251224, "error_max": 0.18722988615883596, "target": "233.xyz", "model": "0.xyz", "model_rescale": 3.751011558992144, "target_rescale": 4.003615450000481},
{"mapping": [10, 4, 9, 8, 1, 5, 11, 7, 12, 2, 3, 13, 14], "R": [[0.6199250669245882, 0.16917456114560914, 0.7662068123292399], [0.5448172490631428, 0.6099243168146946, -0.5754706707395238], [-0.564683164723205, 0.7741913817779933, 0.28593815390546806]], "T": [-0.012191123578609572, 0.07111071222791679, -0.06023819046352565], "aligned_model": [[0.43822356829739045, -0.18078449125875762, 0.43751268899050877, -0.5433981537179748, -0.33151258217121493, -0.11227315227493961, 0.766209697468814, 0.108596659151066, 0.45033231434900983, -0.6263102911722199, -0.1719078479083761, 0.04564306190523498, 0.034628816298164666], [-0.6119303184921748, -0.6273221317342118, -0.037077887830709755, -0.3124723996945291, 0.06896081171689455, -0.1541236727104578, 0.10385243487832127, 0.5172433026279182, 0.6489912110575743, 0.31937555625146896, 0.7980078979561626, 0.40376918906481485, 0.09404497861472251], [-0.0051445989673860534, -0.3909069200994671, 0.4090712267789238, 0.04512470394565645, -0.6796853096318367, 0.5136425518245209, -0.23272335016503895, -0.5356885528815991, 0.003803222053788545, 0.4346964690665991, 0.11156675376829914, 0.5827981561597068, -0.04333478552245633]], "inverted": false, "swapped": false, "error_lsq": 0.05092809189870061, "error_max": 0.3251722093772016, "target": "233.xyz", "model": "1.xyz", "model_rescale": 3.9405287249114394, "target_rescale": 4.003615450000481},
{"mapping": [0, 5, 6, 2, 8, 1, 11, 9, 3, 4, 4, 7, 12], "R": [[-0.14713463955690398, 0.19408539656942758, 0.9698877546814109], [0.6875771494338211, -0.6848272424525639, 0.24134894151679778], [0.7110478615528784, 0.7023834471521277, -0.03268687424293326]], "T": [0.07797110878266353, 0.10472811569589165, 0.013678875537984496], "aligned_model": [[0.3813871268349298, 0.1469143522965091, 0.5608582766788852, -0.33344295524747036, -0.326087051348841, -0.3424973501490167, 0.6373916818850509, 0.04928320705643021, 0.2186005546802365, -0.46176125043211735, -0.46176125043211735, 0.24547409783197488, 0.0006008483022518218], [-0.6317735334819107, -0.4796067099553237, 0.03867669937277465, -0.4199519791262905, 0.5678845107233456, -0.23580516663459, -0.04075485579318615, 0.23315194341251966, 0.651019811963178, 0.4927786790427721, 0.4927786790427721, 0.4783331960613501, 0.06458769707838245], [0.2752778606727959, -0.4127902570867619, 0.25412198080885784, -0.12638858512724585, -0.45845768001144455, 0.5920124220551415, -0.40285157525005505, -0.7819752150436042, 0.10635260485133385, 0.23684128855914255, 0.23684128855914255, 0.6928488437645006, 0.0013865895779067734]], "inverted": false, "swapped": false, "error_lsq": 0.06493843200536048, "error_max": 0.3838788843690594, "target": "233.xyz", "model": "2.xyz", "model_rescale": 3.932901565614263, "target_rescale": 4.003615450000481},
{"mapping": [2, 6, 0, 10, 12, 1, 4, 5, 7, 11, 8, 3, 13], "R": [[-0.7317888431614417, -0.3324690710968017, -0.5949364720610673], [-0.6807045354592038, 0.39954109926510933, 0.614009971745816], [0.03356224708967992, 0.8543016017555264, -0.5186929234221664]], "T": [0.01125605664233829, 0.1863652749476008, 0.07391409646933203], "aligned_model": [[0.4426341947672572, -0.025043952471376713, 0.5147776244153255, -0.5809143246474355, -0.4074953354587695, -0.07116439555099703, 0.8019778749970159, 0.15354436167953545, 0.4648801704152531, -0.7874764138631167, -0.23541967629956975, 0.08201237859395281, -0.037352218620369096], [-0.5250485965378878, -0.3206678802114582, -0.03483942095542503, -0.19204962734164, 0.09381295846869259, -0.41593040267868675, -0.0508080255114029, 0.20301838841389672, 0.6965758946572689, 0.35374305629919944, 0.8492382472979783, 0.39991607483829317, 0.1543583049669654], [0.02915855397226577, -0.38247603224682714, 0.45664747944093775, -0.06494497435350163, -0.55791748748901, 0.49725250328483794, -0.21197790423203608, -0.6305547798596277, -0.1350185105750364, 0.4368463452947805, 0.2702231152047355, 0.5322535742051516, -0.026272316316959754]], "inverted": false, "swapped": false, "error_lsq": 0.0479483180583929, "error_max": 0.2765372264207732, "target": "233.xyz", "model": "3.xyz", "model_rescale": 3.9243930471874484, "target_rescale": 4.003615450000481},
{"mapping": [7, 1, 4, 9, 5, 8, 2, 0, 3, 11, 6, 10, 12], "R": [[-0.9209310729465612, 0.20654428603684868, 0.3304926879478938], [-0.028099785443348763, 0.8106163925736318, -0.584902954471038], [-0.3887111536083487, -0.5479420790525582, -0.7407179740387204]], "T": [-0.04010257232717136, 0.09276769545984553, 0.11398494252064245], "aligned_model": [[0.46744627211855944, -0.11176215549626749, 0.5067154785821344, -0.581948397041058, -0.32925243900262124, -0.004717703722444053, 0.7748018823572528, 0.2828266993806707, 0.4021232725498249, -0.7655349076564918, -0.23330485292862152, -0.032600001993971325, -0.05983285919026046], [-0.5099346419151722, -0.36696682727114294, -0.0064775148393587945, -0.33475338102701807, 0.32953642551953743, -0.3368540634685379, 0.01827613494504643, 0.20940891341721374, 0.5895677770956773, 0.3358461212565168, 0.7726767123559976, 0.3972064192502296, 0.11378689638680442], [-0.03455064896055743, -0.42792775592056037, 0.32256988174802503, 0.2599857068217787, -0.544768442929765, 0.5727980027590531, -0.31215614615906806, -0.6641113658552913, 0.011128968585573717, 0.31596238472243443, -0.03404587268489845, 0.7499004199342605, -0.0015655657312750593]], "inverted": true, "swapped": false, "error_lsq": 0.05222649645681021, "error_max": 0.3449238703731261, "target": "233.xyz", "model": "4.xyz", "model_rescale": 3.8936222436046832, "target_rescale": 4.003615450000481},
{"mapping": [11, 10, 8, 2, 7, 4, 3, 1, 0, 5, 6, 12], "R": [[-0.4638281255575432, 0.6866853105034026, -0.5597559774407248], [-0.6195518911136085, 0.20021526436319065, 0.758992293856485], [0.6332605499787012, 0.698839847357621, 0.33257171194473195]], "T": [-0.0581247931701895, -0.07786221025501808, 0.07239591758423403], "aligned_model": [[0.037360786887921195, -0.5966500546828347, -0.3227384846789306, 0.34643420843843875, -0.6357580747370394, -0.8080382571905098, -0.15850636995139716, 0.03251636937024555, 0.7299131394420112, 0.3715844148816052, 0.11874042022453213, -0.08731005578894502], [-0.6425596252446921, -0.41772553355256514, 0.121109545353971, 0.0376702654868345, 0.433942608660116, -0.03034757132009616, -0.29270472443196194, 0.3841988410800552, 0.1158022905376514, -0.5075194049568353, 0.594955768753034, -0.12789955525570396], [-0.49614459816385936, -0.29348517977611116, -0.6799794160118185, -0.33908679490810734, -0.049861902349219334, 0.36888382336589653, 0.5680339806399859, 0.47015276703152165, 0.23498945103663493, 0.14784211053568, -0.2807317549579537, -0.03132776716713126]], "inverted": true, "swapped": true, "error_lsq": 0.03644871351568566, "error_max": 0.19782470986524084, "target": "233.xyz", "model": "5.xyz", "model_rescale": 3.6523030999806103, "target_rescale": 4.003615450000481},
{"mapping": [8, 5, 6, 7, 3, 9, 1, 0, 2, 11, 4, 10, 12], "R": [[-0.6602268137741936, 0.47519975546221854, 0.5816233719360185], [0.7276643065710415, 0.5965132792400969, 0.3386392839478487], [-0.18602475995431844, 0.6468053030849964, -0.7396199622678287]], "T": [0.06920071653591152, 0.05528888790983537, 0.07291222670318656], "aligned_model": [[0.35413975084565563, 0.08662379870469193, 0.64247331410272, -0.5448094528598811, -0.2527725163183079, -0.2457394074886466, 0.5631031655676682, 0.009419043691886328, 0.4114509024099493, -0.7396590061215534, -0.11214461039382288, 0.12454163684418819, 0.018333668972158275], [-0.5338910989974454, -0.46623349598346925, 0.05959461573701447, -0.12366411927289424, 0.376604456920134, -0.320096035169274, 0.19403219476762934, 0.06937819543743844, 0.7266161433774273, 0.2778456505321652, 0.586475508573336, 0.33086087818211213, 0.033796077601619734], [0.23222259178047175, -0.36482555929743843, 0.3794484426043291, -0.16747369800121828, -0.45218799743023574, 0.604477606487206, -0.39526031802369044, -0.9187486898928339, -0.018718338855775646, 0.3389637999263784, 0.1915977285800185, 0.8006968805560981, -0.016972882103599138]], "inverted": false, "swapped": false, "error_lsq": 0.05655082475397542, "error_max": 0.41387607634695944, "target": "233.xyz", "model": "6.xyz", "model_rescale": 4.08911054899281, "target_rescale": 4.003615450000481},
{"mapping": [0, 3, 1, 6, 4, 2, 9, 8, 11, 7, 12, 13, 14], "R": [[0.12305838167203864, 0.7938348155670953, -0.5955526175694427], [0.03479472902295366, -0.6031961454925507, -0.796833569131691], [-0.991789272745213, 0.0773349575320608, -0.10184960879176835]], "T": [-0.04340627386098764, 0.22984445325674904, -0.03112820732257874], "aligned_model": [[0.1835717877862961, -0.0056053671958881945, 0.5110598882743663, -0.27673925098254126, -0.4459675824849135, -0.11846707949325835, 0.657921375266706, 0.15751612260242606, 0.3735267901577819, -0.676973165699366, -0.18005989998284874, 0.015545442755525551, 0.11963122695241915], [-0.6788822930251844, -0.41699509367955023, -0.028680360732907834, -0.20913097833758917, 0.08984630114583636, -0.2399733595248084, 0.011767772112049213, 0.27258860077824126, 0.6400070939360731, 0.15346440438684242, 0.8883070552875315, 0.5138764417454923, 0.21512338761376876], [0.05462051410568112, -0.4856841755380596, 0.37344348527825044, 0.013584863446856763, -0.5925499738286316, 0.6198530839156892, -0.30524387199303504, -0.6814758849051497, 0.018515435533693704, 0.4071046602699127, 0.2049961374743852, 0.6409916086140743, -0.05493631604395704]], "inverted": true, "swapped": false, "error_lsq": 0.045444677404119234, "error_max": 0.2723664064235589, "target": "233.xyz", "model": "7.xyz", "model_rescale": 3.964800864290218, "target_rescale": 4.003615450000481},
{"mapping": [4, 12, 6, 7, 8, 2, 11, 9, 10, 1, 5, 3, 13], "R": [[0.5497384546529268, -0.7804692982065659, -0.29775040895482013], [0.6985941074849086, 0.6249766724543081, -0.3483825941049648], [0.45798897853897763, -0.016487372285817814, 0.8888049629091486]], "T": [0.015209955103352255, 0.0722058617060997, 0.14261927840743402], "aligned_model": [[0.4063122662192146, -0.004331688246616824, 0.5257095340079917, -0.5539580860101028, -0.4017058249738091, -0.18537294742284416, 0.7282099312778125, 0.14412446956580416, 0.35078306698772416, -0.7094434702895356, -0.19942277648066042, 0.22053142024928113, -0.0064756069275540215], [-0.5098621744656957, -0.3846092359517495, 0.010142320138494282, -0.2675780457309668, 0.39367409331737196, -0.47682799392639047, -0.09610587167893357, 0.19113809434713042, 0.7277399212144462, 0.11086981657485652, 0.8733906075174005, 0.5191881429433592, 0.12015929740647045], [0.20031831237493528, -0.45872340926374877, 0.4110296357426352, -0.11708786855541778, -0.41764582830067987, 0.45396643567337125, -0.24524090113388544, -0.5230329572145491, -0.22179778542462394, 0.33367529854984124, 0.03723181909444512, 0.6755476337354946, 0.08497918105189242]], "inverted": true, "swapped": false, "error_lsq": 0.04795010386597868, "error_max": 0.2427304406630747, "target": "233.xyz", "model": "8.xyz", "model_rescale": 4.121658175737393, "target_rescale": 4.003615450000481},
{"mapping": [3, 2, 10, 1, 6, 0, 11, 8, 7, 4, 9, 5, 12], "R": [[-0.3794382795189993, -0.7826193333635425, -0.49349120669092594], [0.01568490899286029, 0.5278611026509789, -0.8491858688991349], [0.9250840911320158, -0.3299539897526582, -0.18801539559502906]], "T": [0.0740959336274555, 0.12185229924899071, -0.007141001479366065], "aligned_model": [[0.5065804025793601, -0.051593711177523066, 0.5828920707283041, -0.5321955844920679, -0.36797516836770916, -0.22348839838947807, 0.6839536114498539, 0.1824655236108723, 0.41532425042215015, -0.6771825148490079, -0.3249640942177495, 0.12659520463634327, -0.00545130397664273], [-0.5381777492225883, -0.4786289854830385, -0.09057120285627782, -0.20481766058479683, 0.38248993510079127, -0.35717643107059954, 0.10441333837989092, 0.15607126633516588, 0.69345281015154, 0.2582704219872929, 0.8518863256684988, 0.34967859585709377, 0.08442830744282134], [-0.005911896107076705, -0.33267255253740985, 0.5148585935587455, -0.032221833045443224, -0.47278379767870404, 0.5413107137962041, -0.18264476211822434, -0.7266119404238665, -0.11689983741802473, 0.44573724525156305, 0.02434282739916416, 0.5647478962911262, -0.008031090638343112]], "inverted": true, "swapped": false, "error_lsq": 0.04961840690172417, "error_max": 0.31625630300212204, "target": "233.xyz", "model": "9.xyz", "model_rescale": 3.833441315466971, "target_rescale": 4.003615450000481},
{"mapping": [9, 7, 2, 11, 12, 8, 4, 6, 5, 10, 0, 13, 14], "R": [[-0.9886418952986981, 0.1291779829708783, -0.0768130950800313], [-0.10664615677845024, -0.9631118559766202, -0.24706709639621466], [-0.10589523173677208, -0.23606906106655676, 0.9659490661016086]], "T": [0.009646270258425278, 0.1327143804309493, -0.08573608913476594], "aligned_model": [[0.28034805964580345, 0.010870580892275373, 0.5143495263383364, -0.500931436507222, -0.4337366516496775, -0.2725901061863138, 0.6726115885615856, 0.12592287301834684, 0.49446945132303016, -0.6756443562099419, -0.18557501248733252, 0.2201570258644151, 0.06470874535340022], [-0.5040225790634062, -0.5009064516518332, 0.013789262638040437, -0.3095431342587536, 0.30183395122387086, -0.33191169085408756, 0.21214927274451192, 0.30368258577285523, 0.5723151479030195, 0.1713565965468245, 0.7223185837545152, 0.5005482245993684, 0.0597092023508681], [0.33758023723249064, -0.2917388051265952, 0.4120406626203889, -0.1808979359957354, -0.45699100512352964, 0.47285553635770017, -0.5217173555907466, -0.7326357664091442, 0.08494738929057788, 0.3666328752384732, 0.1936892065883497, 0.5895934795005288, -0.06013895225304769]], "inverted": false, "swapped": false, "error_lsq": 0.04856126338057786, "error_max": 0.32143151973916384, "target": "233.xyz", "model": "10.xyz", "model_rescale": 4.2482417240324, "target_rescale": 4.003615450000481},
{"mapping": [4, 7, 8, 6, 9, 11, 10, 2, 1, 5, 3, 12], "R": [[-0.9733205258822706, 0.07667526259332294, -0.21625923795876434], [0.21978280494945363, 0.040857785052042295, -0.9746928542105927], [-0.065898957084395, -0.9962186233487538, -0.05661962511623503]], "T": [0.007866185258178001, 0.06293786056003839, -0.19387393658237864], "aligned_model": [[-0.6275470138873269, -0.04316851578859934, 0.41035609728049194, 0.6481836766248342, -0.6275208379740408, 0.17190900915284124, -0.2509488090238068, 0.5744277276303389, 0.021957864384599717, 0.033450856607020116, -0.46706031601639564, 0.032725863373050085], [-0.37840936110495305, -0.6345401744482341, -0.11685528421493632, -0.3822486549014811, 0.6097992706307085, 0.6869393609045564, 0.1610682288856421, 0.21787983800460897, -0.35748745314276165, 0.6266764230154938, 0.124492512082919, 0.1088166843390768], [0.03849563756005567, 0.15465325768427687, 0.4999236590317695, -0.1722645311799763, 0.050795040390984036, 0.29084357294107277, 0.48639861376992255, -0.15733951795950785, -0.6443966629426447, -0.4315537511797298, -0.46321888208460726, -0.08714414617725841]], "inverted": true, "swapped": true, "error_lsq": 0.03444601871873516, "error_max": 0.17141521206895394, "target": "233.xyz", "model": "11.xyz", "model_rescale": 3.6694154284099745, "target_rescale": 4.003615450000481},
{"mapping": [5, 12, 6, 10, 2, 7, 0, 1, 4, 9, 8, 11, 13], "R": [[0.2416017846333007, -0.7621521140380028, -0.6006269497195471], [0.92082738122144, 0.37532710882682857, -0.10586073574540605], [0.30611356006369417, -0.5274975985225878, 0.7924902345758172]], "T": [0.03819464274785762, 0.08557367522789416, 0.023552204602592355], "aligned_model": [[0.4069500436134642, -0.06556487246511739, 0.45557458903836084, -0.5343331103207893, -0.33851712500519104, -0.21670197287991122, 0.690870431433392, 0.2224885311441691, 0.5030441508412992, -0.5557033327371536, -0.448940099045387, 0.05849867372820897, 0.13729438061136118], [-0.6108204483724979, -0.39887302667254554, 0.02842071729490378, -0.18415519096318694, 0.28899426311016374, -0.4248574347200835, -0.020558975214607617, 0.34429001309881424, 0.6560006450975919, 0.21133187545490661, 0.6640948513225945, 0.5580801230552128, 0.09937155921452755], [0.17725799962662275, -0.4415433299782545, 0.40088806731340926, -0.031102145799571355, -0.4694202914398561, 0.4996332017116232, -0.24753457080193306, -0.7610337456412223, -0.05523013238262556, 0.5490579958937601, 0.048267452105365594, 0.5904331903435435, -0.04645412462115123]], "inverted": false, "swapped": false, "error_lsq": 0.04217156989674885, "error_max": 0.2253078052938234, "target": "233.xyz", "model": "12.xyz", "model_rescale": 3.9764082729961374, "target_rescale": 4.003615450000481},
{"mapping": [5, 6, 9, 13, 11, 12, 4, 3, 7, 10, 8, 1, 15], "R": [[-0.08283210165558957, -0.3968090702681144, 0.9141561161466204], [0.996083723405685, -0.00450482337866881, 0.08830018421608371], [-0.030920202159517046, 0.9178901177805991, 0.39562820018185374]], "T": [0.07094331711558373, 0.06658692074235659, 0.03862349093981406], "aligned_model": [[0.5962295852560573, 0.10803234565147112, 0.3588126844521501, -0.38579340261863215, -0.5973758842383609, -0.27160225718369574, 0.6915661522641069, -0.014526662008175192, 0.6086249823779448, -0.6013314277650881, -0.19937622750128664, -0.09375689203202224, 0.11545729130223666], [-0.5592961766568822, -0.5213970729734099, -0.09291407463761261, -0.3215743793814473, 0.3373893635949555, -0.21927456521766495, -0.07208968649987119, 0.5945247534270849, 0.5447757706836304, 0.3714850037691977, 0.7180425904145341, 0.34649734521006725, 0.08515009997321221], [0.22615639665960477, -0.4477488281692747, 0.5418031669400142, -0.08467663119932126, -0.29388241997922704, 0.494868244686061, -0.29523249129687157, -0.6113149483006632, -0.1921741467333793, 0.35679125379527804, -0.008127882287627786, 0.5843767077347649, -0.05761885551964752]], "inverted": true, "swapped": false, "error_lsq": 0.05588516976957155, "error_max": 0.321092171278482, "target": "233.xyz", "model": "13.xyz", "model_rescale": 4.170626492500431, "target_rescale": 4.003615450000481},
{"mapping": [9, 1, 10, 3, 2, 11, 7, 0, 8, 6, 4, 12, 13], "R": [[0.8233986448101068, -0.27013549741866777, 0.4990405642422753], [0.5172017899283521, 0.7191011536763926, -0.46410757295716487], [-0.23348871540138366, 0.6402502196919968, 0.7318214782066468]], "T": [-0.023629425630356322, 0.13202182721153188, 0.0020938201172193797], "aligned_model": [[0.2807491036983453, 0.19654177601995218, 0.4544238789795139, -0.4938198090304153, -0.49074204374200214, -0.20309600146264437, 0.7040432357935964, 0.09036862263251817, 0.5254056672909049, -0.7770418004328133, -0.11540422583535583, 0.2172415174273876, -0.07370963338228173], [-0.5916579849793238, -0.4333689938100692, 0.019362731888794546, -0.36061451347173007, 0.3575751940689524, -0.27555869485206536, 0.09722816947653734, 0.18474535837541903, 0.631681848611191, 0.1362026163780221, 0.8351088795802017, 0.5004454950457131, 0.11016886539415119], [0.20196297425307685, -0.4697878720088104, 0.27976497664499816, -0.1060914082006706, -0.4027069307918049, 0.5510287136378852, -0.3538720519638123, -0.5810726061984152, 0.023462548688609277, 0.3760478032843393, 0.019675442109753704, 0.5868598510699885, 0.08794812580457263]], "inverted": false, "swapped": false, "error_lsq": 0.04020116967521425, "error_max": 0.21771139003772608, "target": "233.xyz", "model": "14.xyz", "model_rescale": 3.9786697098870705, "target_rescale": 4.003615450000481},
{"mapping": [11, 2, 10, 9, 8, 7, 0, 1, 3, 5, 6, 12], "R": [[-0.8962708763452331, 0.3437966370312129, -0.280182777096267], [0.38968651881891503, 0.3088182737585503, -0.8676264696536087], [-0.21176150090642853, -0.886811787336421, -0.4107577395193414]], "T": [0.09337174092802945, 0.006563610315502032, 0.07990761830129245], "aligned_model": [[0.009442920597895643, -0.45433049173181106, 0.5148292900911692, 0.7190701205587412, -0.09089340873763423, 0.2984655845089697, -0.5551751700987239, -0.002789669722182697, 0.4713563902002798, -0.04559107249614126, -0.47497493090983944, 0.09394503450661366], [-0.417136966258548, -0.03413759720706453, 0.06379699929790963, -0.546832406721019, 0.4410674549812537, 0.7554170699851444, -0.2668134353502869, 0.277743032707388, -0.2078669079017117, -0.5888203057028755, 0.5404913699693416, -0.0022338175750928196], [-0.6017614796274399, -0.1315147964500712, -0.5188272033474192, -0.1748302184352033, -0.5930942921396429, -0.007878294232130434, 0.5153364578654905, 0.6250144433940915, 0.41611888250319334, 0.11388945913229381, 0.05608120895048643, -0.038567673739818564]], "inverted": false, "swapped": true, "error_lsq": 0.0539819386646136, "error_max": 0.3756062626177055, "target": "233.xyz", "model": "15.xyz", "model_rescale": 3.769337070930944, "target_rescale": 4.003615450000481},
{"mapping": [10, 9, 7, 4, 8, 11, 6, 5, 1, 3, 12], "R": [[-0.9060869009811839, 0.21200132216956016, -0.36614473541029197], [-0.37353734699518826, 0.005556614700582052, 0.927598498507229], [0.19868663334535291, 0.9772535819486301, 0.07415563564869282]], "T": [0.08838569901383189, 0.0495988931347583, 0.13451669739881675], "aligned_model": [[-0.2371899452746383, -0.47360584652818416, -0.12312510072126501, -0.6364593561297952, 0.36112218254242956, 0.2891648361825013, 0.63729639984368, 0.2382746508649226, 0.09110985335796035, -0.3303221868975249, 0.10636064345108441], [-0.11219475663832895, -0.601604392770526, 0.7173141645273898, 0.3731700925563269, 0.2694382873947669, -0.5550677546271903, 0.5924526015096397, -0.49411528727894527, 0.48150367125107013, -0.07968769858281585, 0.004855570283954898], [-0.5036124650400877, -0.016270445869533662, -0.21185139165934977, -0.015263967727187133, -0.6090989688909848, -0.36076601752700665, 0.021949457409435658, 0.37296088081380135, 0.5742638843292119, 0.465967357199495, 0.025939284185982903]], "inverted": true, "swapped": true, "error_lsq": 0.04685900909281318, "error_max": 0.2997313358675386, "target": "233.xyz", "model": "16.xyz", "model_rescale": 3.7852294659196426, "target_rescale": 4.003615450000481},
{"mapping": [3, 0, 2, 4, 10, 1, 8, 9, 11, 5, 6, 7, 12], "R": [[0.9021466474463944, -0.38098698653404156, 0.20243602098673302], [0.20876210590244024, 0.7961261319324626, 0.5679802507072171], [-0.37755769047975873, -0.4701405089395776, 0.7977581664976083]], "T": [0.058529657013079245, 0.0377542842273388, 0.0379244417784412], "aligned_model": [[0.36730207839421614, -0.034723542113515665, 0.48892507156546006, -0.5661991579303465, -0.40718981179766156, -0.074470544955652, 0.613563571772255, 0.26077168028964026, 0.472402426859754, -0.5025928013762743, -0.39370571864974657, 0.03324971350374187, 0.05762732239483453], [-0.6841759383315468, -0.4353421267745178, 0.05447698748013792, -0.2831753679145533, 0.463082197701611, -0.2942943505661096, 0.014989157303379602, 0.2296935777631398, 0.6408769093747362, 0.08538460634611245, 0.7960320818137705, 0.5266354714869725, 0.09713576602266144], [0.16430369922626528, -0.44501528788618216, 0.47216764478623957, -0.05429676643887347, -0.46353006031462346, 0.6264045218620014, -0.30211234110792456, -0.7803171222659564, -0.015783135415346962, 0.37716174760775717, 0.12675677028871948, 0.5397043879462778, -0.0322244919586434]], "inverted": false, "swapped": false, "error_lsq": 0.045477928506492266, "error_max": 0.2890165888533003, "target": "233.xyz", "model": "17.xyz", "model_rescale": 3.901054581598922, "target_rescale": 4.003615450000481},
{"mapping": [10, 4, 9, 8, 1, 5, 11, 7, 12, 2, 3, 13, 14], "R": [[0.6199250669245882, 0.16917456114560914, 0.7662068123292399], [0.5448172490631428, 0.6099243168146946, -0.5754706707395238], [-0.564683164723205, 0.7741913817779933, 0.28593815390546806]], "T": [-0.012191123578609572, 0.07111071222791679, -0.06023819046352565], "aligned_model": [[0.43822356829739045, -0.18078449125875762, 0.43751268899050877, -0.5433981537179748, -0.33151258217121493, -0.11227315227493961, 0.766209697468814, 0.108596659151066, 0.45033231434900983, -0.6263102911722199, -0.1719078479083761, 0.04564306190523498, 0.034628816298164666], [-0.6119303184921748, -0.6273221317342118, -0.037077887830709755, -0.3124723996945291, 0.06896081171689455, -0.1541236727104578, 0.10385243487832127, 0.5172433026279182, 0.6489912110575743, 0.31937555625146896, 0.7980078979561626, 0.40376918906481485, 0.09404497861472251], [-0.0051445989673860534, -0.3909069200994671, 0.4090712267789238, 0.04512470394565645, -0.6796853096318367, 0.5136425518245209, -0.23272335016503895, -0.5356885528815991, 0.003803222053788545, 0.4346964690665991, 0.11156675376829914, 0.5827981561597068, -0.04333478552245633]], "inverted": false, "swapped": false, "error_lsq": 0.05092809189870061, "error_max": 0.3251722093772016, "target": "233.xyz", "model": "18.xyz", "model_rescale": 3.9405287249114394, "target_rescale": 4.003615450000481},
{"mapping": [4, 8, 13, 1, 2, 12, 9, 5, 11, 3, 10, 14, 15], "R": [[0.19201099002835575, -0.9608753787005575, -0.1996253649098511], [-0.9291704875303277, -0.11252352211695937, -0.35210887815141423], [0.31587020247402875, 0.25309477192833263, -0.9144227969662402]], "T": [0.05552469070709633, -0.057390877404734614, 0.0511772760633044], "aligned_model": [[0.21484880158781455, 0.1668788582224413, 0.5798271363576523, -0.5811948301708137, -0.4317977878737587, -0.10227803278097934, 0.7050847139443053, 0.1489809011891985, 0.38256834654982996, -0.6302180002094622, -0.242587310683412, 0.06898079965930383, 0.03586669216458584], [-0.7436419498397026, -0.4129309397565848, 0.15228435238547575, -0.21882060869227102, 0.40713304858800703, -0.2212109255728085, 0.12748399604476013, 0.21518376173307815, 0.5800314418549338, 0.21030319619729818, 0.6698967378630369, 0.4735869390755071, -0.027980078174936057], [0.24698412448797857, -0.6072023021252692, 0.4151458033692178, -0.012447542748832655, -0.49842222090075633, 0.5495750634654444, -0.3133812299897639, -0.7287147969699352, -0.02594882835317204, 0.4795759685062577, 0.060450692455864, 0.6147555347052847, 0.032849300427392605]], "inverted": true, "swapped": false, "error_lsq": 0.039240630610583284, "error_max": 0.22475701266127573, "target": "233.xyz", "model": "19.xyz", "model_rescale": 4.410303926677745, "target_rescale": 4.003615450000481},
{"mapping": [4, 12, 6, 7, 8, 2, 11, 9, 10, 1, 5, 3, 13], "R": [[0.5497384546529268, -0.7804692982065659, -0.29775040895482013], [0.6985941074849086, 0.6249766724543081, -0.3483825941049648], [0.45798897853897763, -0.016487372285817814, 0.8888049629091486]], "T": [0.015209955103352255, 0.0722058617060997, 0.14261927840743402], "aligned_model": [[0.4063122662192146, -0.004331688246616824, 0.5257095340079917, -0.5539580860101028, -0.4017058249738091, -0.18537294742284416, 0.7282099312778125, 0.14412446956580416, 0.35078306698772416, -0.7094434702895356, -0.19942277648066042, 0.22053142024928113, -0.0064756069275540215], [-0.5098621744656957, -0.3846092359517495, 0.010142320138494282, -0.2675780457309668, 0.39367409331737196, -0.47682799392639047, -0.09610587167893357, 0.19113809434713042, 0.7277399212144462, 0.11086981657485652, 0.8733906075174005, 0.5191881429433592, 0.12015929740647045], [0.20031831237493528, -0.45872340926374877, 0.4110296357426352, -0.11708786855541778, -0.41764582830067987, 0.45396643567337125, -0.24524090113388544, -0.5230329572145491, -0.22179778542462394, 0.33367529854984124, 0.03723181909444512, 0.6755476337354946, 0.08497918105189242]], "inverted": true, "swapped": false, "error_lsq": 0.04795010386597868, "error_max": 0.2427304406630747, "target": "233.xyz", "model": "20.xyz", "model_rescale": 4.121658175737393, "target_rescale": 4.003615450000481},
{"mapping": [8, 5, 6, 7, 3, 9, 1, 0, 2, 11, 4, 10, 12], "R": [[-0.6602268137741936, 0.47519975546221854, 0.5816233719360185], [0.7276643065710415, 0.5965132792400969, 0.3386392839478487], [-0.18602475995431844, 0.6468053030849964, -0.7396199622678287]], "T": [0.06920071653591152, 0.05528888790983537, 0.07291222670318656], "aligned_model": [[0.35413975084565563, 0.08662379870469193, 0.64247331410272, -0.5448094528598811, -0.2527725163183079, -0.2457394074886466, 0.5631031655676682, 0.009419043691886328, 0.4114509024099493, -0.7396590061215534, -0.11214461039382288, 0.12454163684418819, 0.018333668972158275], [-0.5338910989974454, -0.46623349598346925, 0.05959461573701447, -0.12366411927289424, 0.376604456920134, -0.320096035169274, 0.19403219476762934, 0.06937819543743844, 0.7266161433774273, 0.2778456505321652, 0.586475508573336, 0.33086087818211213, 0.033796077601619734], [0.23222259178047175, -0.36482555929743843, 0.3794484426043291, -0.16747369800121828, -0.45218799743023574, 0.604477606487206, -0.39526031802369044, -0.9187486898928339, -0.018718338855775646, 0.3389637999263784, 0.1915977285800185, 0.8006968805560981, -0.016972882103599138]], "inverted": false, "swapped": false, "error_lsq": 0.05655082475397542, "error_max": 0.41387607634695944, "target": "233.xyz", "model": "21.xyz", "model_rescale": 4.08911054899281, "target_rescale": 4.003615450000481},
{"mapping": [7, 10, 13, 8, 11, 0, 12, 9, 14, 1, 15, 2, 16], "R": [[0.9977048833827515, -0.06646722629710759, 0.012925691570650438], [-0.01984503409603057, -0.10451996412058143, 0.9943247717531531], [-0.0647390167977386, -0.9922991912364949, -0.10559912298622876]], "T": [0.012596711735340353, 0.0795728070221717, 0.032252031207427846], "aligned_model": [[0.37154986917122423, 0.24491313055166442, 0.5886865838331948, -0.6271521024722946, -0.6138467505511078, -0.10497574264100548, 0.7013949272506297, 0.24476753103308702, 0.4350837220917345, -0.6663467572957397, -0.18835980741192562, -0.10217502875502008, 0.03142071315226439], [-0.531867739430479, -0.4515431557886552, -0.0652974449700986, -0.15334579055749192, 0.384169883868984, -0.38527217861220686, 0.021357951231429945, 0.22263535045614766, 0.5420307782690791, 0.22899311453637852, 0.7793044835078928, 0.5620906515953551, 0.058063067599458354], [0.08783329540613993, -0.5290681312763578, 0.3218431833205613, -0.09902020379114668, -0.28505261671534055, 0.6406723263010178, -0.2268571251385054, -0.625910130341938, -0.10724684641305454, 0.415276467540728, -0.0064658745839522025, 0.5569022066829684, 0.07031301533859029]], "inverted": false, "swapped": false, "error_lsq": 0.047551058111301905, "error_max": 0.3025714504478385, "target": "233.xyz", "model": "22.xyz", "model_rescale": 4.204369325754507, "target_rescale": 4.003615450000481},
{"mapping": [4, 8, 13, 1, 2, 12, 9, 5, 11, 3, 10, 14, 15], "R": [[0.19201099002835575, -0.9608753787005575, -0.1996253649098511], [-0.9291704875303277, -0.11252352211695937, -0.35210887815141423], [0.31587020247402875, 0.25309477192833263, -0.9144227969662402]], "T": [0.05552469070709633, -0.057390877404734614, 0.0511772760633044], "aligned_model": [[0.21484880158781455, 0.1668788582224413, 0.5798271363576523, -0.5811948301708137, -0.4317977878737587, -0.10227803278097934, 0.7050847139443053, 0.1489809011891985, 0.38256834654982996, -0.6302180002094622, -0.242587310683412, 0.06898079965930383, 0.03586669216458584], [-0.7436419498397026, -0.4129309397565848, 0.15228435238547575, -0.21882060869227102, 0.40713304858800703, -0.2212109255728085, 0.12748399604476013, 0.21518376173307815, 0.5800314418549338, 0.21030319619729818, 0.6698967378630369, 0.4735869390755071, -0.027980078174936057], [0.24698412448797857, -0.6072023021252692, 0.4151458033692178, -0.012447542748832655, -0.49842222090075633, 0.5495750634654444, -0.3133812299897639, -0.7287147969699352, -0.02594882835317204, 0.4795759685062577, 0.060450692455864, 0.6147555347052847, 0.032849300427392605]], "inverted": true, "swapped": false, "error_lsq": 0.039240630610583284, "error_max": 0.22475701266127573, "target": "233.xyz", "model": "23.xyz", "model_rescale": 4.410303926677745, "target_rescale": 4.003615450000481},
{"mapping": [8, 4, 9, 3, 0, 10, 15, 12, 13, 1, 7, 11, 16], "R": [[0.14601483370605445, -0.2937159478410375, -0.9446748701651984], [-0.20725311203104166, -0.9428008710722067, 0.2610989564493454], [-0.9673292179455979, 0.15766248599248206, -0.19853645665073366]], "T": [0.14078986371578378, 0.15636112940748428, -0.006381269063501879], "aligned_model": [[0.34429671645532733, -0.007051258558119694, 0.5166286539882587, -0.6204512718725328, -0.4318809061228939, -0.03337431820639719, 0.8107373678850702, 0.049989709322304066, 0.3711731364674472, -0.6226076498158601, -0.23341226046201063, 0.14214028576141, 0.028772083114702154], [-0.6243413209766553, -0.4755879708506505, -0.10880513850022497, -0.3122733030388203, 0.29076605852080706, -0.28336611876372064, -0.07195862108245016, 0.5347807698217882, 0.8025876165978578, 0.26365409546768565, 0.7030751825176635, 0.3795072159366558, 0.113280506055857], [0.15108400363717922, -0.23587573574816312, 0.4188857502535428, -0.107102105279259, -0.48005765172215475, 0.44093375552964986, -0.09778490153129428, -0.7097515431684904, -0.15968325443538034, 0.3705110303245931, 0.04845859850530583, 0.5860083721674847, -0.012406752203303024]], "inverted": true, "swapped": false, "error_lsq": 0.04241654226598549, "error_max": 0.2242522638994454, "target": "233.xyz", "model": "24.xyz", "model_rescale": 4.28219845311461, "target_rescale": 4.003615450000481},
{"mapping": [12, 9, 13, 8, 1, 14, 7, 3, 4, 6, 0, 2, 15], "R": [[0.9898664209978271, -0.11880427852151787, 0.0777818229789873], [0.10304453432093447, 0.22407690859192597, -0.9691085403516303], [0.09770513050774084, 0.9673029941237997, 0.2340483390917313]], "T": [0.007785079451592576, -0.013273891780466104, -0.016823229134896832], "aligned_model": [[0.3314080435833364, 0.3089344298938114, 0.5270437231573604, -0.676936062791537, -0.3430723882718969, -0.13931146323939542, 0.7255459209890586, 0.1389814368363807, 0.304954350234011, -0.6812702809676225, -0.2703721778068729, 0.10089185475169654, -0.01183709841162468], [-0.6392303999170985, -0.4251192469570819, -0.06006902598506812, -0.048408695635409456, 0.29288962333788726, -0.3064956575317483, 0.07903394355797928, 0.27711377880959775, 0.6408169314501309, 0.287878755538503, 0.7318122716638148, 0.3249347961397159, 0.05616189723457091], [0.2795996566904088, -0.4601810485387577, 0.2679523549460146, -0.12576614929110844, -0.45618678952618097, 0.670583657732472, -0.3029082578252919, -0.7228741206703897, -0.15285334526319208, 0.4798727827791751, 0.16491647845300583, 0.5711614953235234, -9.714847996872972e-05]], "inverted": false, "swapped": false, "error_lsq": 0.042528418571785125, "error_max": 0.2698823835316159, "target": "233.xyz", "model": "25.xyz", "model_rescale": 4.100010024507729, "target_rescale": 4.003615450000481},
{"mapping": [4, 7, 8, 6, 9, 11, 10, 2, 1, 5, 3, 12], "R": [[-0.9733205258822706, 0.07667526259332294, -0.21625923795876434], [0.21978280494945363, 0.040857785052042295, -0.9746928542105927], [-0.065898957084395, -0.9962186233487538, -0.05661962511623503]], "T": [0.007866185258178001, 0.06293786056003839, -0.19387393658237864], "aligned_model": [[-0.6275470138873269, -0.04316851578859934, 0.41035609728049194, 0.6481836766248342, -0.6275208379740408, 0.17190900915284124, -0.2509488090238068, 0.5744277276303389, 0.021957864384599717, 0.033450856607020116, -0.46706031601639564, 0.032725863373050085], [-0.37840936110495305, -0.6345401744482341, -0.11685528421493632, -0.3822486549014811, 0.6097992706307085, 0.6869393609045564, 0.1610682288856421, 0.21787983800460897, -0.35748745314276165, 0.6266764230154938, 0.124492512082919, 0.1088166843390768], [0.03849563756005567, 0.15465325768427687, 0.4999236590317695, -0.1722645311799763, 0.050795040390984036, 0.29084357294107277, 0.48639861376992255, -0.15733951795950785, -0.6443966629426447, -0.4315537511797298, -0.46321888208460726, -0.08714414617725841]], "inverted": true, "swapped": true, "error_lsq": 0.03444601871873516, "error_max": 0.17141521206895394, "target": "233.xyz", "model": "26.xyz", "model_rescale": 3.6694154284099745, "target_rescale": 4.003615450000481},
{"mapping": [1, 6, 7, 0, 2, 5, 3, 12, 9, 4, 10, 8, 13], "R": [[-0.9351952483317789, -0.2697714044330737, 0.22941934715247853], [-0.07808315380529014, -0.47480972461126525, -0.8766177881530776], [0.3454169489030349, -0.8377225762534882, 0.4229751962535589]], "T": [0.015538189711500285, 0.1699225950951667, 0.03444036011896266], "aligned_model": [[0.1146974487374152, 0.11025661566747746, 0.549072284004201, -0.46660295551316305, -0.477806985626934, -0.008211237955439652, 0.7695697091890372, 0.25792202035457207, 0.45118933236318776, -0.7092429805478013, -0.26531936839994896, 0.01660610695135826, -0.027169701267255923], [-0.7071275941905623, -0.2785680885654275, 0.008500732971442604, -0.27484477207875824, 0.11234499105045417, -0.3748834618517497, 0.04126053171090474, 0.29240666268678234, 0.6894858318134247, 0.3393018721495188, 0.7006587531288767, 0.4987127726802363, 0.16407074020065088], [0.010005538264742417, -0.4765145872672686, 0.3266951759462139, 0.11602006538789995, -0.4296986316561764, 0.6076775053918385, -0.22577831986701302, -0.7112006695906775, -0.037153357674425444, 0.3830568913262885, 0.07089420079353827, 0.5823938901800405, -0.003178134905290425]], "inverted": true, "swapped": false, "error_lsq": 0.04444685439923339, "error_max": 0.3533271042819974, "target": "233.xyz", "model": "27.xyz", "model_rescale": 4.103607728864725, "target_rescale": 4.003615450000481},
{"mapping": [11, 13, 7, 10, 3, 6, 8, 2, 1, 9, 0, 5, 14], "R": [[0.730753612675995, 0.6750107372771205, 0.10178242540625593], [-0.2798457373849368, 0.4322169856908735, -0.857248412391517], [-0.622643975983437, 0.5979539964252212, 0.5047430012696004]], "T": [-0.0546335885747463, -0.03828657618833839, -0.06626145772683531], "aligned_model": [[0.21315283643365351, 0.2402695643006686, 0.5155362332395758, -0.5070723201362138, -0.5373158003999022, -0.10272970232150064, 0.7603147802142266, 0.04549493234933136, 0.41085297873606896, -0.5872901850815345, -0.18931680028892178, 0.062262847161452584, -0.009199076250199015], [-0.6256141030443835, -0.4354413335806794, 0.07935866911845788, -0.26282512408246206, 0.3865299218753886, -0.23357253705015626, -0.12594713834184434, 0.37971993294194173, 0.7272874865945899, 0.21409811053417552, 0.6622685660508403, 0.3389535520142438, 0.10650296867568176], [0.16910642503899523, -0.4847979102115282, 0.35935247074862153, 0.001980105842596641, -0.45366264245302534, 0.534419339522923, -0.0875865335237321, -0.6633925520891661, -0.07517448875469776, 0.5018079448630017, -0.03842863274902705, 0.5495027173984643, -0.09990667730371582]], "inverted": false, "swapped": false, "error_lsq": 0.04059181571716129, "error_max": 0.2402415670662814, "target": "233.xyz", "model": "28.xyz", "model_rescale": 4.137296879288765, "target_rescale": 4.003615450000481},
