[{"mapping": [0, 10, 5, 3, 7, 9, 1, 2, 8, 6, 11], "R": [[0.35240207685056646, 0.4993240250875336, 0.7915101352489377], [0.21243267481740635, -0.8663699421467048, 0.4519684524550772], [0.9114192969766054, 0.00886799385991316, -0.41138330518334243]], "T": [0.0018875823454880603, -0.09605237393707106, 0.029848685061230854], "aligned_model": [[-0.615903301273032, 0.17103927095865154, -0.49353164296348995, 0.2636977801804466, 0.1481360954683065, 0.6011360341020378, -0.2854980239896304, -0.46302778480581047, 0.287415753383602, 0.4602042571373565, -0.06206250674349783], [-0.09137644308537493, -0.19763368230845635, 0.25677883162080334, -0.7263886086732567, 0.654289752409938, -0.1814237672858189, 0.5206397685737105, 0.013832895031209158, -0.11059250975212301, 0.4449401965116396, -0.08054965568899894], [-0.003377115004678591, -0.6204053345293731, -0.5347363520312676, -0.060507091041646574, -0.5289011477838682, -0.02464390794953049, 0.2272844319659213, 0.6783308934808335, 0.5967399785958197, 0.17960632854555564, 0.007436462491079529]], "inverted": false, "swapped": false, "error_lsq": 0.05285761310293917, "error_max": 0.2584175776640238, "target": "234.xyz", "model": "0.xyz", "model_rescale": 3.751011558992144, "target_rescale": 3.959182438602101},
{"mapping": [11, 7, 12, 6, 3, 0, 13, 10, 8, 2, 14], "R": [[0.35478102857953003, 0.2616403564327734, 0.8975938645321625], [0.3844620191783594, -0.9159462074358701, 0.11502826128019626], [0.852243731317133, 0.304280904707439, -0.4255511173303072]], "T": [0.013620128079406598, -0.012072891773044596, 0.14561085078303715], "aligned_model": [[-0.6773619271932934, 0.09473759558215017, -0.3486745739945968, -0.17185396779207035, 0.2401542834590239, 0.6608613442304511, -0.1534568367100151, -0.5412029772435014, 0.4292429226541522, 0.5107321741664752, -0.03157210570383501], [-0.28606768764649965, -0.27220255552175143, 0.2058525082159662, -0.6804405552016359, 0.4707463257471242, 0.040963476867027095, 0.6906321001102377, -0.32384029858969987, 0.013824983457078836, 0.6385248933195292, 0.004523586595895246], [-0.14456433777045552, -0.4588968317993849, -0.4653115444243655, -0.1418083057006675, -0.4011740878833734, -0.2465249295485677, 0.06949790497452735, 0.6627434778484006, 0.662336353180893, 0.2611107973452481, 0.1194186505165907]], "inverted": true, "swapped": false, "error_lsq": 0.050627390604826704, "error_max": 0.24951491993785424, "target": "234.xyz", "model": "1.xyz", "model_rescale": 3.9405287249114394, "target_rescale": 3.959182438602101},
{"mapping": [3, 9, 11, 8, 5, 2, 6, 7, 1, 0, 12], "R": [[-0.4886646517004123, 0.3150003460638179, -0.8136225415745255], [-0.44405381256433396, 0.7129329973466929, 0.5427179311956998], [0.7510146934152451, 0.626499260393766, -0.2085080502054297]], "T": [-0.042945620862025614, -0.029133548697560498, 0.03881482346706228], "aligned_model": [[-0.553113833919074, -0.040933906267081696, -0.25964642541736044, -0.07729446882341895, 0.391436344833978, 0.633434626607427, -0.3343017624236328, -0.4999870420141039, 0.43005231994611204, 0.2828912735289338, 0.039068805403161315], [-0.27291922181979406, -0.26825649629105247, 0.4060092126167235, -0.7099774268775804, 0.337029871003324, -0.005289360295419911, 0.4073957912503257, -0.040779223029031954, -0.013744202628420944, 0.7241281135443512, -0.06108028012015313], [0.12305625350839555, -0.7313781887244584, -0.48205543640389, -0.3299148068832501, -0.4142998842260107, -0.039357057885610745, 0.1799155942956418, 0.6868019921492788, 0.6738443096935619, 0.21015417891725055, 0.040060192297936364]], "inverted": false, "swapped": false, "error_lsq": 0.05940332911118258, "error_max": 0.2612712714074673, "target": "234.xyz", "model": "2.xyz", "model_rescale": 3.932901565614263, "target_rescale": 3.959182438602101},
{"mapping": [10, 2, 6, 1, 4, 0, 5, 11, 3, 7, 13], "R": [[-0.7569895873264894, 0.25084115042000243, -0.6033618167693751], [-0.6213633385248992, -0.5620371277084895, 0.5459137922917705], [-0.20217409877742162, 0.7881579691490537, 0.581319748030614]], "T": [-0.007911006876369257, 0.08584373076395951, 0.16878458954757647], "aligned_model": [[-0.6615409580236362, 0.15314299327061143, -0.3913028661836502, -0.01141432266819659, 0.4464193473071831, 0.5476412493515469, -0.23933490795730544, -0.4473264487334123, 0.33312722241375187, 0.3885484210403539, -0.10635379836230632], [-0.1947810144768864, -0.12202099014903747, 0.1616746334662884, -0.593620521634765, 0.43396055190212074, -0.1728113499054909, 0.6922243481753456, -0.3624662048014045, -0.13720410280533446, 0.6656323206581285, 0.13192910692430743], [0.08414961082740417, -0.6218188002849726, -0.3915301586913169, -0.1263165412582175, -0.49123435915456837, -0.10215741344745322, -0.14031929346092586, 0.8041120401574072, 0.4764013449168545, 0.2968769796088832, 0.1286637375257509]], "inverted": false, "swapped": false, "error_lsq": 0.0569213682458288, "error_max": 0.35790435167905865, "target": "234.xyz", "model": "3.xyz", "model_rescale": 3.9243930471874484, "target_rescale": 3.959182438602101},
{"mapping": [6, 0, 3, 5, 2, 1, 4, 11, 9, 7, 12], "R": [[0.16239394099936255, -0.44534779796392987, 0.880507550663465], [-0.9259403795279959, -0.37714088715819905, -0.019979108916005073], [0.34097305096773645, -0.8120530094040692, -0.47361090404629425]], "T": [-0.09332276973165092, 0.11835901866753801, 0.18560552620069035], "aligned_model": [[-0.6318261656788421, 0.18666093045183169, -0.4604445755940056, -0.005643918107337373, 0.2134246254785584, 0.5633735537877568, -0.07718932623705413, -0.43844896220995705, 0.18753124391381076, 0.5325165357547945, -0.05834801010461579], [-0.29834938401908845, -0.11718356584286196, 0.2651431639174588, -0.550212704345115, 0.5166089111844949, -0.12853123965334062, 0.6863046548664125, -0.38666201690855057, -0.0984403506869582, 0.5834490628872375, 0.03039024595358303], [-0.05498689766260059, -0.5821517087859418, -0.35903138471178875, -0.1592819481161031, -0.5880336331982905, 0.0516076194826075, 0.013719704319597514, 0.6875773842551038, 0.7953648625323305, -0.0013040064297723808, 0.11334715505370307]], "inverted": true, "swapped": false, "error_lsq": 0.05050058738226182, "error_max": 0.26438951777010916, "target": "234.xyz", "model": "4.xyz", "model_rescale": 3.8936222436046832, "target_rescale": 3.959182438602101},
{"mapping": [5, 2, 4, 1, 10, 3, 7, 6, 9, 8, 11], "R": [[0.7910704899925041, -0.22314224757386436, -0.5695744176231088], [0.48339821684789175, 0.7986239951140304, 0.35850506046133257], [0.37487817195896855, -0.5589340316851259, 0.7396344397152641]], "T": [0.09616235555125296, 0.06401974620379239, 0.024155521934708594], "aligned_model": [[-0.6950715085317207, 0.24225955328073867, -0.4018472427823871, -0.11131919895471754, 0.1394615498949831, 0.6519192273237766, -0.28225731460777204, -0.4089787481611964, 0.3862363908741202, 0.5466540726472676, -0.05545084952815202], [-0.11234395088235127, -0.1972278092154813, 0.04395532928181643, -0.710466500679878, 0.5224960492310556, 0.06817208392603549, 0.556545788069622, -0.07330491691748314, -0.15564865088481925, 0.5615031062315845, -0.0011637508068292335], [0.02019626375968802, -0.6596308398239678, -0.5940745792800399, 0.008949434703588964, -0.4087325222715289, -0.12212875572440168, 0.20844925136891604, 0.6246411840004333, 0.5237941845432837, 0.33307354609996537, -0.017710020637091997]], "inverted": false, "swapped": false, "error_lsq": 0.054525488302318785, "error_max": 0.2735003988955272, "target": "234.xyz", "model": "5.xyz", "model_rescale": 3.6523030999806103, "target_rescale": 3.959182438602101},
{"mapping": [1, 6, 2, 5, 10, 9, 4, 0, 7, 11, 12], "R": [[-0.18451023804061206, -0.14713855490444838, -0.9717541961416106], [0.7995875632562288, 0.552460788595308, -0.23547145421604132], [0.5715030190157909, -0.8204494638460565, 0.015715486965266173]], "T": [0.0356593508652052, -0.019003105508121655, -0.062332342283133745], "aligned_model": [[-0.6023237282881558, -0.059307663949680324, -0.5702709325503152, 0.026150201982025507, 0.3341803610653846, 0.7539012666105823, -0.08591563711817929, -0.5938157630508066, 0.2913050468706125, 0.5032225574061162, 0.014480222477356284], [-0.28152639090208226, -0.12874326447348272, 0.36652947627235055, -0.6272772826400638, 0.46646862392771915, -0.0010200972517621434, 0.5411424713721023, -0.36279263426519526, -0.012797638910257245, 0.593348914445679, -0.05081540022173595], [-0.14254444444608727, -0.6960221920357681, -0.30814681344947664, 0.2439610326186437, -0.5951319744664074, -0.14275644974541357, -0.038082457226115064, 0.6252238891453294, 0.571248615444762, 0.36308351859732335, 0.035994422302054054]], "inverted": false, "swapped": false, "error_lsq": 0.05527654935025248, "error_max": 0.35115506916933154, "target": "234.xyz", "model": "6.xyz", "model_rescale": 4.08911054899281, "target_rescale": 3.959182438602101},
{"mapping": [6, 13, 7, 1, 12, 11, 5, 3, 8, 10, 14], "R": [[-0.2362787591742143, -0.07619645601360016, 0.9686931650703752], [-0.25167572254121245, 0.9676995058399227, 0.014730820768995623], [-0.9385263334858815, -0.24031597218690465, -0.2478236366156598]], "T": [-0.043243627545183086, -0.01358713468652245, 0.0320160139542077], "aligned_model": [[-0.526828963952764, 0.11733613352070872, -0.5784480069167875, 0.08398951618971005, 0.3184436434399498, 0.5293069659764864, -0.2255409375207752, -0.4339311969025029, 0.20645127878611946, 0.4631288127507647, 0.05769868608403074], [-0.12328798348646407, -0.101974584432317, 0.2602595853307313, -0.70434533634838, 0.40755088349592655, -0.08551075395432965, 0.7258311754885378, -0.2851515645313398, 0.07590448157325966, 0.46679848687807857, -0.13355761266043126], [0.0890590909891508, -0.6767126516259838, -0.4556859552592641, -0.17919689480756154, -0.41500412615122806, -0.0754264069351232, 0.009005517722061873, 0.6645248438202437, 0.6603413100042693, 0.2111570332789339, 0.08476538570334621]], "inverted": false, "swapped": false, "error_lsq": 0.05250243919930456, "error_max": 0.24023699356928263, "target": "234.xyz", "model": "7.xyz", "model_rescale": 3.964800864290218, "target_rescale": 3.959182438602101},
{"mapping": [4, 0, 2, 3, 1, 5, 7, 11, 10, 8, 13], "R": [[-0.4047004164221717, -0.8845442870524857, 0.23194606526201456], [0.9128505165017223, -0.37578874997161493, 0.15964570121775967], [-0.0540509710390103, 0.2763407672378091, 0.959538572904789]], "T": [-0.07644847106301117, 0.026137584249048447, 0.015938028162105187], "aligned_model": [[-0.7678454004109021, -0.06342624909976308, -0.5105764586436352, 0.232395894172722, 0.24122459801199675, 0.7470437834810062, -0.1516226722536364, -0.5013113074204434, 0.4033122438387902, 0.4042294936711564, -0.02181799389235116], [-0.09679782780509619, -0.26469795628850884, 0.19046043068092017, -0.5842912269887595, 0.4462836336764527, -0.03193866620329222, 0.7166616663033126, -0.2288546083744526, -0.24603632645953327, 0.543395549043991, 0.058332109768237723], [0.06010323579466756, -0.6385881230481502, -0.4564385380367452, -0.22479942254995305, -0.5185533277150551, 0.1484460611555393, -0.14019811928678053, 0.6804708538953848, 0.6249413383121742, 0.3199947226822112, 0.06144846553555233]], "inverted": false, "swapped": false, "error_lsq": 0.056559896517173885, "error_max": 0.3570418102363337, "target": "234.xyz", "model": "8.xyz", "model_rescale": 4.121658175737393, "target_rescale": 3.959182438602101},
{"mapping": [6, 4, 1, 9, 0, 5, 2, 8, 11, 10, 12], "R": [[0.5648324970081845, -0.5586305579947837, -0.6073682161571642], [0.049228793517292646, -0.7118988834287931, 0.7005544273371409], [-0.8237358655614863, -0.4255959109851435, -0.3746029155524484]], "T": [0.043608276533347486, 0.03992480219146744, 0.12265447167589315], "aligned_model": [[-0.5098488201751527, 0.054155523816489574, -0.36888800586509674, 0.028630301515482022, 0.22833030813739247, 0.5929280321475118, -0.4273103158052974, -0.4826057463476106, 0.21422287341026405, 0.6892843378680021, -0.00729255724704423], [-0.3673299277339703, -0.169845191941371, 0.23617392862589623, -0.7403805200563022, 0.5287471840075523, -0.0858764771824399, 0.5496996090412969, -0.0793759156155617, 0.148287726631947, 0.4216585933974982, 0.060757768178725996], [0.033150968111342285, -0.7399075393441735, -0.39335406807390316, -0.1673267024908376, -0.46535462110924564, -0.1306037966504528, 0.14933361240219895, 0.6119595693209775, 0.7244685712886707, 0.24039387487721142, 0.05406727840705701]], "inverted": true, "swapped": false, "error_lsq": 0.055782518405084865, "error_max": 0.31994032818285456, "target": "234.xyz", "model": "9.xyz", "model_rescale": 3.833441315466971, "target_rescale": 3.959182438602101},
{"mapping": [5, 13, 0, 2, 10, 8, 12, 4, 7, 11, 14], "R": [[0.43294180153301054, 0.6466896668720109, 0.6279760116806369], [0.8891143641916693, -0.19162990197661212, -0.4156364132946946], [-0.14844879209139916, 0.7382888699075737, -0.657945666979579]], "T": [-0.0671579628078689, 0.09440078728120518, 0.10735372913207858], "aligned_model": [[-0.5502068269504181, -0.17739322861518347, -0.3623885366138968, 0.035780724771256156, 0.354728266471522, 0.6545599247513949, -0.18391533333926802, -0.5709032133256365, 0.3704988782049897, 0.45901396914381754, -0.018168693043637316], [-0.32057230203005627, -0.32251680649961867, 0.2522082788105604, -0.5927044073153414, 0.49555669356131193, -0.0005303435922726363, 0.6807179057190443, -0.2719503011590091, 0.06418876985052892, 0.4973017162289395, 0.020817573779184542], [-0.12045393418299044, -0.5632537921372955, -0.48573873044824906, -0.07687529432938434, -0.4730255364528266, -0.17134096680743316, 0.18232045751284331, 0.6052896513848329, 0.6088093107135684, 0.26906650080721073, 0.14202948067856883]], "inverted": false, "swapped": false, "error_lsq": 0.0470741390938185, "error_max": 0.2638500984963432, "target": "234.xyz", "model": "10.xyz", "model_rescale": 4.2482417240324, "target_rescale": 3.959182438602101},
{"mapping": [1, 6, 0, 2, 4, 5, 10, 3, 7, 9, 11], "R": [[-0.24761820552726294, -0.9532334963025126, -0.17329490996087027], [0.605496195729833, -0.2918880918667135, 0.7403888834815856], [-0.7563462046233577, 0.07840435799939305, 0.6494560611762318]], "T": [-0.08028107740765927, 0.011447303556401271, 0.020363406806993948], "aligned_model": [[-0.7469486688790961, 0.10661647412310982, -0.5472322035813242, -0.08214791936185323, 0.44537208068928674, 0.6545004810461343, -0.21263887655511526, -0.3019203416508832, 0.3192468328233719, 0.36483448000578866, 0.011923592795520618], [-0.20345649045598715, -0.23176608234253973, 0.35357104890272945, -0.7286028403996885, 0.42286449756429134, -0.058310567603554, 0.6404509094071803, -0.37775527195345615, -0.0425569461836162, 0.632247860146665, 0.09583066027124704], [-0.07192546337222211, -0.5509497230039292, -0.46825450584991957, 0.011442324116731965, -0.5455555185609665, -0.11897815586895466, 0.06323810057909912, 0.6967279669474271, 0.5644380677238527, 0.3298625370555947, 0.0067815169721319075]], "inverted": true, "swapped": false, "error_lsq": 0.048312994531179626, "error_max": 0.2940618894827124, "target": "234.xyz", "model": "11.xyz", "model_rescale": 3.6694154284099745, "target_rescale": 3.959182438602101},
{"mapping": [8, 1, 4, 2, 0, 12, 6, 9, 7, 5, 13], "R": [[-0.9377216824090673, -0.15817733068024542, -0.3092862402351272], [0.19674852783800745, -0.9755861927494898, -0.09757867241427384], [-0.2863006516469798, -0.15235324931036967, 0.945949482948792]], "T": [-0.034728507371754654, 0.042774214188934415, 0.04686841799433449], "aligned_model": [[-0.59962088581563, 0.10174407665859353, -0.4700394015003212, -0.0246378138883536, 0.23344333963863811, 0.5969008410514928, -0.11988090759869927, -0.4298430023486652, 0.1856518294561047, 0.5455801384801913, -0.007692282678411003], [-0.4598883154327302, -0.23616609483222395, 0.29892350858589484, -0.5581053629694964, 0.4810124116749412, -0.192166986414477, 0.595130409463206, -0.22237132938725135, 0.15220307090950463, 0.5542066571455618, 0.08973880861034243], [0.0755883309722758, -0.7405584242664701, -0.4940295522211391, -0.20838730682147888, -0.44989008184306983, -0.04039840695043082, 0.13350868421848122, 0.6936053378241201, 0.7480268529617905, 0.2619254437283909, -0.06256373086362488]], "inverted": false, "swapped": false, "error_lsq": 0.04835136534627524, "error_max": 0.29212902527756013, "target": "234.xyz", "model": "12.xyz", "model_rescale": 3.9764082729961374, "target_rescale": 3.959182438602101},
{"mapping": [3, 2, 7, 10, 0, 9, 4, 14, 13, 5, 15], "R": [[0.5203569264991327, -0.8005972161085858, -0.29710733179031223], [0.468200050095992, 0.5584408831867936, -0.6847864580113021], [0.7141550126789611, 0.2172277089708778, 0.6654282382952927]], "T": [0.07592096692222944, -0.04775681211490929, 0.07828144174235413], "aligned_model": [[-0.7499859378282243, 0.038806036865115856, -0.3631612828921, 0.20311552216048487, 0.208691089534656, 0.5911349223841842, -0.14713930035297607, -0.46293210084942266, 0.16260446928916183, 0.5474716622332945, -0.01699914908923371], [-0.1888178927052644, -0.1713874300387958, 0.2883735702431746, -0.8389218891395842, 0.42054466234271504, 0.1574272127046898, 0.6341382594793455, -0.16461975279743257, -0.26800767655943225, 0.6277111329886526, 0.006076580835203509], [-0.0018622014354898464, -0.7088636949285987, -0.4367494727441312, 0.01482858544298643, -0.4603963441970306, -0.15399688822774715, 0.044711361644029224, 0.6568905187737999, 0.6426005653911468, 0.23386711821657513, 0.08579759880330484]], "inverted": false, "swapped": false, "error_lsq": 0.048036604666610014, "error_max": 0.25439306967762226, "target": "234.xyz", "model": "13.xyz", "model_rescale": 4.170626492500431, "target_rescale": 3.959182438602101},
{"mapping": [3, 6, 11, 2, 5, 4, 10, 1, 0, 8, 13], "R": [[0.5790973465792049, 0.6522934045455122, -0.4890394437786678], [0.45697798257642736, 0.23704611700127332, 0.857309898376892], [0.6751424935710257, -0.7199461457644197, -0.16081094668477652]], "T": [0.0011302330808794362, 0.0778165473391029, 0.09223068117309491], "aligned_model": [[-0.5077436728669984, -0.06555081995586977, -0.45621451814334274, 0.22980442734851206, 0.13320621157712254, 0.6945643530278994, -0.1049394238276959, -0.5136715333048029, 0.10407988667561545, 0.528008892948325, -0.029937872023824422], [-0.3473069008539358, -0.22825434187419005, 0.3105009887023333, -0.5380828806099622, 0.3701884318210701, 0.027995293451319042, 0.6173300587351999, -0.08161242998507173, -0.22950640344870968, 0.5029722531881969, 0.09829270822702221], [-0.09695442942415702, -0.6883867122868392, -0.39393120586277824, 0.056061982490292, -0.7588242203608482, -0.048233173776750404, 0.218732475149227, 0.6402963819890604, 0.5930424015547946, 0.39751382247828837, -0.002490175211444373]], "inverted": false, "swapped": false, "error_lsq": 0.054359592618797706, "error_max": 0.284967242469322, "target": "234.xyz", "model": "14.xyz", "model_rescale": 3.9786697098870705, "target_rescale": 3.959182438602101},
{"mapping": [9, 0, 3, 1, 2, 4, 8, 6, 7, 5, 11], "R": [[0.13304745619080732, -0.8951821276558415, 0.4253790459422236], [-0.9499887299536188, -0.2375297115064628, -0.20273393675644763], [0.2825239589172323, -0.3771320650345416, -0.8820156564146221]], "T": [0.0483041082118456, -0.024755513945943754, 0.0692146674265867], "aligned_model": [[-0.5715847359346402, -0.06540553436162966, -0.5385778522105422, 0.16417147284045625, 0.28259890911854224, 0.6213265707168555, -0.03506524991854284, -0.41549028068704885, 0.08858491057984416, 0.5126952037360368, -0.031647482424390964], [-0.0054033263994574185, -0.25578967435511735, 0.41424516013315144, -0.6935071868064099, 0.48829139779467967, -0.0268136491142622, 0.49027572273794273, -0.507204462315734, 0.06910098024385256, 0.607506927593402, -0.07818511215877587], [0.016511899101534513, -0.5769268960009521, -0.4857602914603279, 0.07346264961709693, -0.5908885282091666, -0.14655315138676445, 0.07374251313820787, 0.49288136171196567, 0.7222417884940716, 0.24022549499751744, 0.09789030673566206]], "inverted": true, "swapped": false, "error_lsq": 0.0605896635518059, "error_max": 0.3520349985680033, "target": "234.xyz", "model": "15.xyz", "model_rescale": 3.769337070930944, "target_rescale": 3.959182438602101},
{"mapping": [2, 6, 4, 8, 5, 7, 0, 3, 9, 1, 10], "R": [[-0.23643750661995705, 0.7676402984338635, -0.5956724583894297], [0.21441305223993273, 0.6391619722776135, 0.7385790521151728], [0.9476942273183337, 0.046907839585300815, -0.3157139624611906]], "T": [0.05816597015932276, 0.06163573205214699, -0.0043441319965570185], "aligned_model": [[-0.6235775659286591, -0.11806772851540717, -0.38151591692227294, 0.025769100940426976, 0.309473153275199, 0.7620692688704587, -0.3562294184473018, -0.2854039815240266, 0.2369500684110983, 0.4446575226807199, -0.002518571385294835], [-0.21937850401619155, -0.29904034240320543, 0.30700872165331144, -0.6869561003200371, 0.4734760322692974, 0.07736888342503576, 0.5515743499405514, -0.061665959863455154, -0.3621696166252458, 0.6674603713474001, 0.05483894194581096], [0.04840630264316283, -0.6129173669209595, -0.599746902131226, 0.0030330705288877796, -0.4704805802064957, -0.1284775924118589, 0.07119875135466865, 0.5840433421968909, 0.6658834081396423, 0.3488261281511329, 0.007058585394999652]], "inverted": true, "swapped": false, "error_lsq": 0.057659271935186725, "error_max": 0.3153156039874171, "target": "234.xyz", "model": "16.xyz", "model_rescale": 3.7852294659196426, "target_rescale": 3.959182438602101},
{"mapping": [7, 2, 1, 11, 3, 8, 4, 6, 10, 0, 12], "R": [[0.7331877284696222, -0.04537342160874119, -0.6785108749556423], [-0.6261664309095007, -0.4342179320823128, -0.6475881316548486], [-0.26523829969220725, 0.8996644041361621, -0.34677457275110507]], "T": [0.031505265371337125, 0.07977391843410186, -0.022149624881064648], "aligned_model": [[-0.5132232661093041, -0.08597343466657895, -0.4202488994201573, 0.13645495365586185, 0.29176711365717467, 0.6090308586763256, -0.1470763250250131, -0.48765648715510224, 0.06474787820297037, 0.49281424172437316, 0.07096929791439047], [-0.35770750146410873, -0.19572260749726206, 0.38590282444569984, -0.6448982215794264, 0.5158144208349361, -0.169620977473742, 0.6891813145318192, -0.3272061730996011, 0.0059319770392073645, 0.565385030291349, 0.03545669132440061], [-0.07966344418748056, -0.5554295141206831, -0.4422179785388367, 0.019897097351088824, -0.6342181028763163, -0.1908869539618175, 0.29172602922817703, 0.5713413318410069, 0.779534459819573, 0.10870537928615784, 0.04803884289797575]], "inverted": false, "swapped": false, "error_lsq": 0.05211030864980937, "error_max": 0.29699433136408443, "target": "234.xyz", "model": "17.xyz", "model_rescale": 3.901054581598922, "target_rescale": 3.959182438602101},
{"mapping": [11, 7, 12, 6, 3, 0, 13, 10, 8, 2, 14], "R": [[0.35478102857953003, 0.2616403564327734, 0.8975938645321625], [0.3844620191783594, -0.9159462074358701, 0.11502826128019626], [0.852243731317133, 0.304280904707439, -0.4255511173303072]], "T": [0.013620128079406598, -0.012072891773044596, 0.14561085078303715], "aligned_model": [[-0.6773619271932934, 0.09473759558215017, -0.3486745739945968, -0.17185396779207035, 0.2401542834590239, 0.6608613442304511, -0.1534568367100151, -0.5412029772435014, 0.4292429226541522, 0.5107321741664752, -0.03157210570383501], [-0.28606768764649965, -0.27220255552175143, 0.2058525082159662, -0.6804405552016359, 0.4707463257471242, 0.040963476867027095, 0.6906321001102377, -0.32384029858969987, 0.013824983457078836, 0.6385248933195292, 0.004523586595895246], [-0.14456433777045552, -0.4588968317993849, -0.4653115444243655, -0.1418083057006675, -0.4011740878833734, -0.2465249295485677, 0.06949790497452735, 0.6627434778484006, 0.662336353180893, 0.2611107973452481, 0.1194186505165907]], "inverted": true, "swapped": false, "error_lsq": 0.050627390604826704, "error_max": 0.24951491993785424, "target": "234.xyz", "model": "18.xyz", "model_rescale": 3.9405287249114394, "target_rescale": 3.959182438602101},
{"mapping": [7, 11, 13, 5, 14, 10, 12, 0, 1, 3, 15], "R": [[0.8232089312551477, -0.5653933160001432, 0.05155049683678847], [-0.34763477022980016, -0.43019337509302014, 0.8331168744860171], [-0.4488620300593843, -0.7037499969793524, -0.5506894040405445]], "T": [-0.11881165575073345, 7.593609471597679e-05, 0.059068137929996316], "aligned_model": [[-0.7628018861395726, 0.11915099717599244, -0.3556834076101411, 0.06713362115181164, 0.21456019100160967, 0.6097850773188, -0.16240333388826358, -0.3625990006522017, 0.2094939334058702, 0.5177585916709606, -0.08278885197992568], [-0.23679899102002547, -0.1842774229871793, 0.24604812134387516, -0.8027451000057015, 0.5087889326776854, 0.006138500771805382, 0.5300006893434311, -0.13595249193972034, 0.06509559334111187, 0.5228655088670239, -0.01664656303903421], [-0.09838789088268057, -0.5956079779525922, -0.5194811707955224, -0.05122864693318758, -0.42032028597768784, -0.23591335778874378, 0.19104762005064688, 0.6873501249297224, 0.6278451665444923, 0.2756275468043188, 0.05589601874007905]], "inverted": false, "swapped": false, "error_lsq": 0.04705902562526906, "error_max": 0.22859367955081708, "target": "234.xyz", "model": "19.xyz", "model_rescale": 4.410303926677745, "target_rescale": 3.959182438602101},
{"mapping": [4, 0, 2, 3, 1, 5, 7, 11, 10, 8, 13], "R": [[-0.4047004164221717, -0.8845442870524857, 0.23194606526201456], [0.9128505165017223, -0.37578874997161493, 0.15964570121775967], [-0.0540509710390103, 0.2763407672378091, 0.959538572904789]], "T": [-0.07644847106301117, 0.026137584249048447, 0.015938028162105187], "aligned_model": [[-0.7678454004109021, -0.06342624909976308, -0.5105764586436352, 0.232395894172722, 0.24122459801199675, 0.7470437834810062, -0.1516226722536364, -0.5013113074204434, 0.4033122438387902, 0.4042294936711564, -0.02181799389235116], [-0.09679782780509619, -0.26469795628850884, 0.19046043068092017, -0.5842912269887595, 0.4462836336764527, -0.03193866620329222, 0.7166616663033126, -0.2288546083744526, -0.24603632645953327, 0.543395549043991, 0.058332109768237723], [0.06010323579466756, -0.6385881230481502, -0.4564385380367452, -0.22479942254995305, -0.5185533277150551, 0.1484460611555393, -0.14019811928678053, 0.6804708538953848, 0.6249413383121742, 0.3199947226822112, 0.06144846553555233]], "inverted": false, "swapped": false, "error_lsq": 0.056559896517173885, "error_max": 0.3570418102363337, "target": "234.xyz", "model": "20.xyz", "model_rescale": 4.121658175737393, "target_rescale": 3.959182438602101},
{"mapping": [1, 6, 2, 5, 10, 9, 4, 0, 7, 11, 12], "R": [[-0.18451023804061206, -0.14713855490444838, -0.9717541961416106], [0.7995875632562288, 0.552460788595308, -0.23547145421604132], [0.5715030190157909, -0.8204494638460565, 0.015715486965266173]], "T": [0.0356593508652052, -0.019003105508121655, -0.062332342283133745], "aligned_model": [[-0.6023237282881558, -0.059307663949680324, -0.5702709325503152, 0.026150201982025507, 0.3341803610653846, 0.7539012666105823, -0.08591563711817929, -0.5938157630508066, 0.2913050468706125, 0.5032225574061162, 0.014480222477356284], [-0.28152639090208226, -0.12874326447348272, 0.36652947627235055, -0.6272772826400638, 0.46646862392771915, -0.0010200972517621434, 0.5411424713721023, -0.36279263426519526, -0.012797638910257245, 0.593348914445679, -0.05081540022173595], [-0.14254444444608727, -0.6960221920357681, -0.30814681344947664, 0.2439610326186437, -0.5951319744664074, -0.14275644974541357, -0.038082457226115064, 0.6252238891453294, 0.571248615444762, 0.36308351859732335, 0.035994422302054054]], "inverted": false, "swapped": false, "error_lsq": 0.05527654935025248, "error_max": 0.35115506916933154, "target": "234.xyz", "model": "21.xyz", "model_rescale": 4.08911054899281, "target_rescale": 3.959182438602101},
{"mapping": [14, 11, 15, 5, 1, 6, 4, 12, 7, 0, 16], "R": [[0.5402630773792528, -0.00870002196718888, 0.841451196943988], [0.10958718093567779, 0.9921583677901916, -0.06010343582919386], [-0.8343299449230326, 0.12468393177019016, 0.536979943911368]], "T": [-0.04840336473620706, 0.016788570435351344, 0.0035801206049315528], "aligned_model": [[-0.6794329044159098, 0.008026215698678715, -0.5208241881484142, 0.12337953438131534, 0.2459139340480353, 0.6758798939683582, -0.13220882641242263, -0.40928495728395253, 0.2659817642817028, 0.47077079419847073, -0.0365953288609219], [-0.06205786290902958, -0.21869362047794036, 0.10310623552134986, -0.6426017191696409, 0.4478506503809813, -0.06848772704284377, 0.6717380049819628, -0.2774969409021019, -0.0450225638377012, 0.5442585317507596, 0.049923789057476006], [0.08964722202908935, -0.722544435151907, -0.5449404753573412, -0.17924256806797723, -0.594384085794861, 0.1575471391513552, 0.22787918134319957, 0.5764064642826133, 0.6385112683223075, 0.23230054117044655, 0.03564689481191981]], "inverted": true, "swapped": false, "error_lsq": 0.041277334965039054, "error_max": 0.20850921259019037, "target": "234.xyz", "model": "22.xyz", "model_rescale": 4.204369325754507, "target_rescale": 3.959182438602101},
{"mapping": [7, 11, 13, 5, 14, 10, 12, 0, 1, 3, 15], "R": [[0.8232089312551477, -0.5653933160001432, 0.05155049683678847], [-0.34763477022980016, -0.43019337509302014, 0.8331168744860171], [-0.4488620300593843, -0.7037499969793524, -0.5506894040405445]], "T": [-0.11881165575073345, 7.593609471597679e-05, 0.059068137929996316], "aligned_model": [[-0.7628018861395726, 0.11915099717599244, -0.3556834076101411, 0.06713362115181164, 0.21456019100160967, 0.6097850773188, -0.16240333388826358, -0.3625990006522017, 0.2094939334058702, 0.5177585916709606, -0.08278885197992568], [-0.23679899102002547, -0.1842774229871793, 0.24604812134387516, -0.8027451000057015, 0.5087889326776854, 0.006138500771805382, 0.5300006893434311, -0.13595249193972034, 0.06509559334111187, 0.5228655088670239, -0.01664656303903421], [-0.09838789088268057, -0.5956079779525922, -0.5194811707955224, -0.05122864693318758, -0.42032028597768784, -0.23591335778874378, 0.19104762005064688, 0.6873501249297224, 0.6278451665444923, 0.2756275468043188, 0.05589601874007905]], "inverted": false, "swapped": false, "error_lsq": 0.04705902562526906, "error_max": 0.22859367955081708, "target": "234.xyz", "model": "23.xyz", "model_rescale": 4.410303926677745, "target_rescale": 3.959182438602101},
{"mapping": [14, 7, 11, 13, 1, 0, 10, 15, 5, 3, 16], "R": [[-0.5476776432943564, -0.10075875134996015, -0.8306003088501334], [0.426784951196046, -0.8875052708671164, -0.17374981903782058], [-0.7196553372748157, -0.4496466036894793, 0.529069113937289]], "T": [-0.05622528984276824, 0.015491274965397539, 0.09187587449302054], "aligned_model": [[-0.6293230287548419, 0.1858891713248375, -0.4574660869076916, -0.11592151747644092, 0.24937849319709116, 0.6869285750099041, -0.23565870258934207, -0.48801435031891544, 0.2188548699157274, 0.5671824831036519, 0.029756024950959747], [-0.33915952824125967, -0.15809975831742895, 0.16499814042821898, -0.6304341615431606, 0.5072781065362468, -0.04551399937206402, 0.6412566389293759, -0.19774013604495866, -0.20081265406453516, 0.6635263114052274, 0.09721781763760953], [0.029171971477521486, -0.5024116296155703, -0.37435905187023427, -0.17905458652359252, -0.5414387310985205, -0.02806786541746753, 0.08957241432134014, 0.6185681598422632, 0.6145091583751197, 0.11765037372141329, 0.07268693352657254]], "inverted": false, "swapped": false, "error_lsq": 0.03916951620010162, "error_max": 0.21295639829650173, "target": "234.xyz", "model": "24.xyz", "model_rescale": 4.28219845311461, "target_rescale": 3.959182438602101},
{"mapping": [11, 13, 14, 9, 2, 4, 6, 5, 1, 0, 15], "R": [[-0.5179596553147492, 0.08305359260675799, 0.8513635511468277], [0.44016724972053284, -0.8275183283081092, 0.34852002609264043], [0.7334647828898729, 0.5552616654058368, 0.39206363665997934]], "T": [-0.008103611750626898, -0.07671753177731008, -0.033175077440130145], "aligned_model": [[-0.5321492242746837, 0.12341720461600197, -0.4847618843389059, -0.12326240674336675, 0.19054389592013277, 0.7210658694873424, -0.17735904026929228, -0.40432554063573173, 0.19563766277398353, 0.4639851415099623, 0.0388142534094972], [-0.22042483974569968, -0.19797276472353367, 0.33032106747991863, -0.7421491136376186, 0.4300514612171349, -0.022867370948194465, 0.7895376986239226, -0.37046734463616715, -0.030507823466191436, 0.5582197659528669, -0.021223958763166254], [-0.06783740395407181, -0.5996694730720878, -0.4659118274192603, -0.004662875182546815, -0.4485115432404631, -0.02539042359161927, 0.14890076027726692, 0.6610870570811866, 0.5719956048963161, 0.16567413435556522, -0.01884686341144083]], "inverted": true, "swapped": false, "error_lsq": 0.04492275624662812, "error_max": 0.21042949601558583, "target": "234.xyz", "model": "25.xyz", "model_rescale": 4.100010024507729, "target_rescale": 3.959182438602101},
{"mapping": [1, 6, 0, 2, 4, 5, 10, 3, 7, 9, 11], "R": [[-0.24761820552726294, -0.9532334963025126, -0.17329490996087027], [0.605496195729833, -0.2918880918667135, 0.7403888834815856], [-0.7563462046233577, 0.07840435799939305, 0.6494560611762318]], "T": [-0.08028107740765927, 0.011447303556401271, 0.020363406806993948], "aligned_model": [[-0.7469486688790961, 0.10661647412310982, -0.5472322035813242, -0.08214791936185323, 0.44537208068928674, 0.6545004810461343, -0.21263887655511526, -0.3019203416508832, 0.3192468328233719, 0.36483448000578866, 0.011923592795520618], [-0.20345649045598715, -0.23176608234253973, 0.35357104890272945, -0.7286028403996885, 0.42286449756429134, -0.058310567603554, 0.6404509094071803, -0.37775527195345615, -0.0425569461836162, 0.632247860146665, 0.09583066027124704], [-0.07192546337222211, -0.5509497230039292, -0.46825450584991957, 0.011442324116731965, -0.5455555185609665, -0.11897815586895466, 0.06323810057909912, 0.6967279669474271, 0.5644380677238527, 0.3298625370555947, 0.0067815169721319075]], "inverted": true, "swapped": false, "error_lsq": 0.048312994531179626, "error_max": 0.2940618894827124, "target": "234.xyz", "model": "26.xyz", "model_rescale": 3.6694154284099745, "target_rescale": 3.959182438602101},
{"mapping": [0, 10, 2, 8, 11, 9, 6, 5, 7, 3, 13], "R": [[0.7706236771106459, 0.48471373274581875, 0.41375324236080885], [0.5198717519046417, -0.8536527321433486, 0.03178638821564031], [0.3686088846569842, 0.19060327959353623, -0.9098339848346636]], "T": [-0.030157993514646347, 0.003661005648661071, -0.0005679633331789873], "aligned_model": [[-0.6882184939250151, 0.10266892410470366, -0.42467521115056006, 0.1661033478334735, 0.21373128196166458, 0.6412243050866515, -0.23342205441165853, -0.42403836337922673, 0.25779106406646435, 0.46540815495862176, -0.06496702369017857], [-0.04045777211489215, -0.27805126361050264, 0.3219161093752991, -0.6044507351172529, 0.37338006435139454, 0.0019576663252411936, 0.6423079946414392, -0.33929749043710594, -0.07473482186356159, 0.47076891781414576, 0.02917810798906718], [0.043514395739888134, -0.5152386611558079, -0.45355747771960153, 0.005660123446560502, -0.735415776274605, -0.11933851199883111, 0.1477700857388839, 0.5937520042929144, 0.5535691669741736, 0.4342372933200903, -0.03812549562482029]], "inverted": false, "swapped": false, "error_lsq": 0.04961647195024926, "error_max": 0.29718315292656056, "target": "234.xyz", "model": "27.xyz", "model_rescale": 4.103607728864725, "target_rescale": 3.959182438602101},
{"mapping": [5, 8, 1, 11, 4, 13, 3, 9, 10, 12, 14], "R": [[-0.6458022878590597, 0.6835437987628825, -0.3401577283684918], [-0.12590574939113688, 0.3440791972195842, 0.9304607720430684], [0.7530518888272314, 0.6437215090499423, -0.13614503854421078]], "T": [0.0025039424159469803, -0.03121186569641759, 0.09940401376667689], "aligned_model": [[-0.6754099000910054, 0.12022714654238348, -0.5585651255881796, 0.31508893211786193, 0.30131869156777513, 0.5882420146445904, -0.09784178971555763, -0.5783908298875681, 0.11085523891844516, 0.5711866384535094, -0.08510508550731455], [-0.2913224227345112, -0.26041008922336695, 0.3359592123082602, -0.6319798293720909, 0.36679595603631504, -0.028743865471841455, 0.6349163959843005, -0.17937675064816838, -0.11414400162545593, 0.5984928204051851, 0.07232935169464574], [0.0104336218564436, -0.6789849624842178, -0.4949424613475721, -0.016482618306768476, -0.65816367737611, -0.17768325167593646, 0.4306663351979348, 0.6568377375676983, 0.5904819441221629, 0.2311826791638784, 0.023481800021332253]], "inverted": true, "swapped": false, "error_lsq": 0.04823606557094145, "error_max": 0.28711579598421716, "target": "234.xyz", "model": "28.xyz", "model_rescale": 4.137296879288765, "target_rescale": 3.959182438602101},
{"mapping": [3, 7, 8, 1, 9, 0, 4, 2, 5, 6, 10], "R": [[-0.8845952592680772, 0.2571760537321006, -0.389039464151424], [-0.17645980017798613, -0.9567607942296383, -0.23123737056586913], [-0.4316864211457069, -0.13590165566267237, 0.8917272978812278]], "T": [-0.011771288172895997, 0.053247122852072365, -0.030998448115126444], "aligned_model": [[-0.6927747419474751, -0.05580722843888497, -0.4509730217276633, 0.23067892703214543, 0.32116845303086694, 0.6553014161438511, -0.2622351704114008, -0.3550270761880168, 0.2348480120776771, 0.39811491588172054, -0.011688553997879915], [0.06580841409349236, -0.40588984471915446, 0.23815547316488325, -0.6510343826380687, 0.4963901584799094, -0.13568920002193713, 0.6876211865412767, -0.3887130759152523, -0.08826640808327288, 0.5476100178500702, 0.13652443860132546], [0.013106368765244267, -0.579875761964277, -0.5706878191452305, 0.07929398164055519, -0.5819699491481589, -0.13018219386800742, 0.33569945723842265, 0.5157791325937169, 0.5792072456782131, 0.29109851047324914, -0.034641825524882465]], "inverted": true, "swapped": false, "error_lsq": 0.06039648545656782, "error_max": 0.315879045841437, "target": "234.xyz", "model": "29.xyz", "model_rescale": 3.607286011436655, "target_rescale": 3.959182438602101},
{"mapping": [6, 13, 7, 1, 12, 11, 5, 3, 8, 10, 14], "R": [[-0.2362787591742143, -0.07619645601360016, 0.9686931650703752], [-0.25167572254121245, 0.9676995058399227, 0.014730820768995623], [-0.9385263334858815, -0.24031597218690465, -0.2478236366156598]], "T": [-0.043243627545183086, -0.01358713468652245, 0.0320160139542077], "aligned_model": [[-0.526828963952764, 0.11733613352070872, -0.5784480069167875, 0.08398951618971005, 0.3184436434399498, 0.5293069659764864, -0.2255409375207752, -0.4339311969025029, 0.20645127878611946, 0.4631288127507647, 0.05769868608403074], [-0.12328798348646407, -0.101974584432317, 0.2602595853307313, -0.70434533634838, 0.40755088349592655, -0.08551075395432965, 0.7258311754885378, -0.2851515645313398, 0.07590448157325966, 0.46679848687807857, -0.13355761266043126], [0.0890590909891508, -0.6767126516259838, -0.4556859552592641, -0.17919689480756154, -0.41500412615122806, -0.0754264069351232, 0.009005517722061873, 0.6645248438202437, 0.6603413100042693, 0.2111570332789339, 0.08476538570334621]], "inverted": false, "swapped": false, "error_lsq": 0.05250243919930456, "error_max": 0.24023699356928263, "target": "234.xyz", "model": "30.xyz", "model_rescale": 3.964800864290218, "target_rescale": 3.959182438602101},
