[{"mapping": [3, 10, 5, 8, 4, 9, 6, 0, 1, 2, 11], "R": [[0.6824944333755452, 0.5227836470850464, -0.510782347729296], [0.6003586574200968, -0.0024003516858166485, 0.7997272789973614], [0.41685828631818356, -0.8524620206509158, -0.31549591514887354]], "T": [0.04459006933788966, -0.03780503352072399, -0.013497015794834026], "aligned_model": [[0.33406776833755764, -0.4283600826523851, -0.6661455571625271, 0.5545709019766784, 0.5313352022198838, 0.10327224192160454, -0.0770012841873753, -0.04581998419403731, -0.15041899966081007, 0.4828169989020491, 0.011262771982227422], [-0.14625395275051062, -0.08689344802136481, -0.40553014037449037, 0.31953275667122316, -0.6556142543241106, 0.41376662123320573, 0.6470566018452775, -0.5637784119125469, 0.06573527176503471, -0.23446101174476155, -0.08901470578493922], [-0.6286994284093118, -0.49895538399859046, 0.2063198342016007, 0.11032844496745761, -0.19717991932572493, -0.4159841182858554, 0.1898120361597134, 0.2995036574391829, 0.6596533594620971, 0.6330583414793434, 0.019655911763094794]], "inverted": false, "swapped": false, "error_lsq": 0.06399994877685285, "error_max": 0.43790225752923095, "target": "235.xyz", "model": "0.xyz", "model_rescale": 3.751011558992144, "target_rescale": 3.814315689964979},
{"mapping": [8, 4, 6, 13, 0, 10, 9, 7, 11, 12, 14], "R": [[-0.3587105344583627, 0.7964375491244743, -0.4868408187623513], [-0.37659668330104334, 0.3537420078165741, 0.8561784452043586], [0.8541087112278213, 0.4904628653124512, 0.17304475477243114]], "T": [0.1573964479155051, -0.0981535426644765, -0.0682607825065718], "aligned_model": [[0.2549088202513164, -0.38823104600432845, -0.48444897421433364, 0.7577658750324788, 0.4930955635805381, -0.40230296834986257, 0.20762101893594215, 0.03299138970381488, -0.2997812863282622, 0.3175557359202885, 0.16040584895527377], [-0.09241256333124316, -0.0845788761172792, -0.3767667828889236, 0.23963745035672673, -0.7758678513744965, 0.4887268137461359, 0.5141634359677149, -0.6026925477725026, 0.13541069855437826, -0.10681133935945392, -0.07426311117903972], [-0.72467271912687, -0.6406944784196467, 0.20401639562766777, 0.16186091207602302, -0.12753926098653778, -0.18975876117461438, 0.16993038332216226, 0.3436139528356116, 0.542613389039641, 0.6571695374411131, -0.019026615181542528]], "inverted": false, "swapped": false, "error_lsq": 0.04653900023293476, "error_max": 0.2199999539049162, "target": "235.xyz", "model": "1.xyz", "model_rescale": 3.9405287249114394, "target_rescale": 3.814315689964979},
{"mapping": [10, 8, 2, 6, 11, 4, 7, 5, 1, 0, 12], "R": [[-0.03305225339823159, 0.19792569790175052, 0.9796596177527193], [0.9894970744187932, 0.14449210929333045, 0.004191666567557595], [-0.14072344602783302, 0.9695088697181007, -0.20062268883648815]], "T": [0.06676956926335297, -0.03132737247111258, -0.009396135809744709], "aligned_model": [[0.30277391837804485, -0.33785402348023963, -0.39465333578088335, 0.5614006498672324, 0.5763680671273955, -0.42045412592232745, 0.3190855944141106, 0.053975082958722595, -0.3292701495153752, 0.3324653372899728, -0.014257037853787166], [-0.16121158204093103, -0.09576320632576088, -0.4029664268861386, 0.06894549088534879, -0.5148204568983739, 0.43555847050494134, 0.7139430124640641, -0.7227549750616136, 0.28357464552884576, -0.2841394177306626, -0.055820227837702185], [-0.8087203244940009, -0.6672848358346697, 0.3269711388405305, 0.19220034323777888, -0.1283839390624608, -0.19999100027613295, 0.08969235972246586, 0.21385361642506034, 0.5998785088025891, 0.7445414059669642, 0.014755462124882636]], "inverted": false, "swapped": false, "error_lsq": 0.06158134928638027, "error_max": 0.3611356998273801, "target": "235.xyz", "model": "2.xyz", "model_rescale": 3.932901565614263, "target_rescale": 3.814315689964979},
{"mapping": [1, 0, 7, 10, 6, 3, 11, 5, 9, 12, 13], "R": [[0.9674710648621907, -0.24878871586334583, 0.04586843700722773], [0.22802298057745496, 0.9360964674997392, 0.26782256040722796], [-0.10956851273514781, -0.24865151999048196, 0.9623757907509055]], "T": [-0.04541027912859369, -0.04167505579088379, -0.05272379544894779], "aligned_model": [[0.3616265445122929, -0.2905772960774554, -0.6711848132548719, 0.6454907923744513, 0.44135067575287334, -0.3408701013534414, 0.27966938016062115, -0.006800954392070686, -0.22341711800145647, 0.4242005412460497, 0.030092326515873333], [0.0630169730860567, -0.19157070430936143, -0.27495391821610016, 0.09794661385459083, -0.5179223662458797, 0.3014382379636299, 0.7742026431761864, -0.5968890938158057, -0.06823082653625351, -0.23256600726050275, -0.08992622509454357], [-0.6627477492426664, -0.6580127822136406, 0.19972372807184002, 0.07497483047391285, 0.0015397537256459232, -0.2886522574475144, 0.10968154255456483, 0.40229969589860576, 0.6595972668140286, 0.5183770119341384, 0.020731694884092204]], "inverted": false, "swapped": false, "error_lsq": 0.04229138273074622, "error_max": 0.22980189318014316, "target": "235.xyz", "model": "3.xyz", "model_rescale": 3.9243930471874484, "target_rescale": 3.814315689964979},
{"mapping": [8, 9, 5, 4, 10, 1, 7, 6, 0, 3, 12], "R": [[-0.8909939840959628, -0.19131925030273078, -0.4117361591704143], [-0.3404935160396674, -0.3183036222611197, 0.8847298851007553], [-0.3003229692177214, 0.9284824976912877, 0.21846364832896137]], "T": [0.08870364890840071, -0.14799969203012983, -0.04556674404109643], "aligned_model": [[0.4108656622571765, -0.19772142896217199, -0.5696733540475587, 0.588103084339562, 0.6081153956915706, -0.4182090026706616, 0.23696815344290778, -0.07251880289168397, -0.2784600407239085, 0.35117703081268115, -0.009066719765047193], [0.04025025018793449, -0.16415571959223035, -0.25593345872650186, 0.15071358054365705, -0.598787938476748, 0.3543094291689227, 0.6395964944422451, -0.721539568292137, 0.2083356501500803, -0.2537629864614821, -0.1344804063417234], [-0.5526268640724257, -0.6900720188970311, 0.3129205273652184, 0.07164184830337425, -0.20090223157743503, -0.07532259072380051, -0.07063949142716866, 0.3625702992539734, 0.6337993592415844, 0.5650683513370116, 0.021075546649706282]], "inverted": true, "swapped": false, "error_lsq": 0.05327042577451815, "error_max": 0.2656075074529525, "target": "235.xyz", "model": "4.xyz", "model_rescale": 3.8936222436046832, "target_rescale": 3.814315689964979},
{"mapping": [5, 6, 9, 4, 1, 7, 10, 0, 3, 2, 11], "R": [[-0.8303414960797972, 0.3089148587007798, -0.4637937148796235], [0.22288406081165096, 0.9469170656476575, 0.23166951940498798], [0.5107403404119087, 0.08899258878753381, -0.8551167311056547]], "T": [-0.0777527863881977, 0.01765143610792122, 0.07496729277996803], "aligned_model": [[0.34737935501824585, -0.2970804942449541, -0.5543455988832795, 0.6698434071639939, 0.27917337107805984, -0.21354821057209794, 0.11309946440710432, -0.032185241654246174, -0.21466322908170465, 0.5041288162628765, 0.04777833798886737], [-0.016200288535768687, -0.19282258583263676, -0.37588388234370385, 0.25140126230323356, -0.6770005674548116, 0.4966951320132542, 0.5633796169375181, -0.680141074761002, -0.031056062188224487, -0.06654259129662951, -0.007283632239211871], [-0.6144437458092633, -0.6613781905104383, 0.07998606060318963, -0.05574440924699725, -0.10716199982202257, -0.339549615888579, 0.3303563499062483, 0.616933638247271, 0.6309934995475875, 0.5348407875257964, -0.037319639099784974]], "inverted": false, "swapped": false, "error_lsq": 0.04860940464213532, "error_max": 0.27530810799364513, "target": "235.xyz", "model": "5.xyz", "model_rescale": 3.6523030999806103, "target_rescale": 3.814315689964979},
{"mapping": [2, 1, 8, 4, 3, 6, 10, 7, 9, 11, 12], "R": [[-0.9741273898959233, -0.22430985102962028, -0.02758476002479688], [0.204794128437342, -0.9277445907861948, 0.31200855633226743], [-0.09557820469199835, 0.2982868837177153, 0.9496787571541384]], "T": [-0.04049024951450794, -0.12944516604138043, 0.0050239527181423875], "aligned_model": [[0.35850451133981986, -0.1528986089398337, -0.6997805308968538, 0.49975431487138333, 0.43053861401721205, -0.3525437074765272, 0.12434577747208611, 0.14023157708776185, -0.22643154900445575, 0.5551034347956818, -0.027243855783409307], [0.12653393984856012, -0.29991397508201584, -0.05458409512702017, 0.060807917193120814, -0.6167872690198948, 0.3644161844069539, 0.6071120783418693, -0.6340741808039752, 0.09603448490464375, -0.15095741546939134, -0.23404234259083323], [-0.5878415567928279, -0.6588130844144786, 0.12093446821537145, -0.027704886219129716, -0.14752173660959664, -0.28019187429607395, 0.202471544804807, 0.4287068985000749, 0.6662709832096906, 0.6526151736865398, 0.00858680536863058]], "inverted": true, "swapped": false, "error_lsq": 0.04859314054815714, "error_max": 0.2883539772060859, "target": "235.xyz", "model": "6.xyz", "model_rescale": 4.08911054899281, "target_rescale": 3.814315689964979},
{"mapping": [7, 2, 1, 5, 12, 6, 4, 11, 9, 10, 14], "R": [[-0.19608758883721344, 0.9687950100423763, 0.15161096932939924], [-0.5594927115211847, 0.01643920799100962, -0.8286722260310773], [-0.8053058817981403, -0.2473175710652611, 0.538810222419452]], "T": [0.02592246516648551, -0.03452819808126341, 0.06534166073538669], "aligned_model": [[0.27500551025514075, -0.4247740390292626, -0.6238687083036488, 0.7374959585152975, 0.5242445009715921, -0.14523618434635327, 0.3323535168637817, 0.0324115594066158, -0.5188530132913942, 0.546044608464766, -0.08524373202366899], [0.010266825607866445, -0.12224959995506464, -0.37327321440370953, 0.17807383611285982, -0.5414107582335594, 0.31592684643466695, 0.5896391021069624, -0.5076114710063699, -0.02833018359232682, -0.17513219587689238, -0.08135386059241578], [-0.6662593282193194, -0.5974683875064014, 0.0342080189245325, -0.10484872736928094, 0.01292852444585249, -0.24615303412112913, 0.18094737700272792, 0.4127336173083169, 0.6290247016326392, 0.5438585051167241, 0.17854146823834524]], "inverted": false, "swapped": false, "error_lsq": 0.04852495528143099, "error_max": 0.24252612525015094, "target": "235.xyz", "model": "7.xyz", "model_rescale": 3.964800864290218, "target_rescale": 3.814315689964979},
{"mapping": [3, 5, 8, 6, 0, 10, 11, 7, 12, 4, 13], "R": [[-0.32482490133359315, 0.6250274240878899, -0.7098094833204742], [-0.4241378718483081, 0.5745386276769644, 0.7000088792087276], [0.8453377130695223, 0.5284373987949071, 0.07847334845195966]], "T": [0.10662810230674463, -0.169921998307617, 0.057328300692029356], "aligned_model": [[0.437339481215842, -0.4035695801420926, -0.6577884277637065, 0.5764638165036349, 0.6077511491604939, -0.2979654088606809, 0.19385304091580963, -0.2178727109473585, -0.18954944141090774, 0.5693991749768361, 0.03151888383499504], [-0.12924076067243354, -0.1717536205567068, -0.24831894310749636, 0.16086852393324436, -0.5878541276901079, 0.39994446042854237, 0.5964683446496675, -0.6293431711317166, -0.018411557529391942, 0.04860471838911348, -0.1564185401106975], [-0.5868282924333693, -0.605065610022851, 0.03326860392801032, -0.02228234708359652, -0.23825214464320457, -0.3747484551465083, 0.3609250345350352, 0.4937736845833789, 0.73556010930995, 0.5402179396400627, 0.04094421278609986]], "inverted": false, "swapped": false, "error_lsq": 0.046296376252977445, "error_max": 0.22878375768659676, "target": "235.xyz", "model": "8.xyz", "model_rescale": 4.121658175737393, "target_rescale": 3.814315689964979},
{"mapping": [7, 9, 1, 11, 8, 5, 10, 2, 0, 3, 12], "R": [[-0.7612148344502327, -0.5708647821017145, -0.3076773900839428], [0.6351612488237761, -0.5605720560348548, -0.5313465516830584], [0.13085168629225274, -0.5998936326956785, 0.7893069527412364]], "T": [0.024713627223572274, -0.10336947328421062, -0.04105220302189127], "aligned_model": [[0.3480765325077213, -0.3818101067247167, -0.4848597911103495, 0.6472098537418086, 0.44860937459161526, -0.20245773905471381, 0.24822035495705608, 0.09348472077748175, -0.46564454319408677, 0.4422773390176142, -0.04352601802656436], [0.0522802734816003, -0.13878639789625177, -0.45808842460198995, 0.021120277926865882, -0.6755688068841403, 0.4573689842024218, 0.5509455595297323, -0.5444263188205269, 0.15908713836229885, -0.012470107651285506, -0.1469168510467077], [-0.6123844164766715, -0.7667752302317993, 0.2580148674105244, -0.03532294761958004, -0.19419806721150756, -0.16628582037180864, 0.2726314132014045, 0.49100592026525425, 0.5152657230149725, 0.6223193696207235, -0.006758076148505189]], "inverted": true, "swapped": false, "error_lsq": 0.045574860718496917, "error_max": 0.2717982597432742, "target": "235.xyz", "model": "9.xyz", "model_rescale": 3.833441315466971, "target_rescale": 3.814315689964979},
{"mapping": [4, 6, 12, 2, 5, 7, 9, 0, 10, 13, 14], "R": [[0.8882760902871469, 0.15595594599792037, -0.43202237249021525], [-0.038817028558474805, -0.9117357286852077, -0.4089391144568392], [-0.4576667190413468, 0.380020662526062, -0.8038193020419341]], "T": [-0.06262455989328507, -0.04982676626581066, 0.01613686921531993], "aligned_model": [[0.2562023405030835, -0.29771138633188166, -0.6084990212354421, 0.6101252822360208, 0.4916030064993431, -0.2621074576086795, 0.30472977699805354, 0.011005563140370003, -0.37456526149486724, 0.5320599409683816, -0.013262806191516235], [-0.17270826755248914, -0.32599789484635283, -0.30261435289104177, 0.1787745854974181, -0.4288268344861789, 0.5370690274081554, 0.6636180217949087, -0.5898532759721928, -0.041240459686725225, -0.2827719112434348, 0.029096688579950347], [-0.7043921894043966, -0.558052350309476, -0.01762058645559827, 0.12476157549641093, -0.06526309642639179, -0.22814550360083502, 0.1342785303211072, 0.42451529114779396, 0.7766455263281188, 0.49339303238235427, -0.0026074940260803134]], "inverted": true, "swapped": false, "error_lsq": 0.04684601647236501, "error_max": 0.24654229805392947, "target": "235.xyz", "model": "10.xyz", "model_rescale": 4.2482417240324, "target_rescale": 3.814315689964979},
{"mapping": [8, 3, 2, 10, 0, 7, 9, 6, 5, 4, 11], "R": [[0.8562764049255583, 0.03740280637201496, 0.5151618662549267], [-0.378133406109076, -0.6340348198020446, 0.6745479778806974], [0.3518605484451333, -0.772399428633972, -0.5287658055262305]], "T": [0.03701754901342991, -0.1774593585846282, -0.035688428888165806], "aligned_model": [[0.21304848387022296, -0.4440541277964667, -0.6174725954058905, 0.6274880442799791, 0.6500368920305944, -0.3143510385265401, 0.3429221101596747, -0.06498612405705478, -0.22937154674118077, 0.4011445660980637, 0.0851753135714637], [0.007259187420959434, -0.027429128367406935, -0.5216803993103429, 0.06107282329281749, -0.6224773190876975, 0.3970254203094908, 0.5727231128682682, -0.5649230119139205, 0.12379090951998112, -0.066219295879937, -0.0945969722501946], [-0.5940341978251563, -0.6714026714878006, -0.0658846598509939, -0.1328962215950975, -0.038091728774717115, -0.1068474142975542, 0.11583569834460844, 0.4741638106595526, 0.5987178257716317, 0.7522688948995815, 0.04568339960895266]], "inverted": true, "swapped": false, "error_lsq": 0.049545382250861976, "error_max": 0.23810194055701567, "target": "235.xyz", "model": "11.xyz", "model_rescale": 3.6694154284099745, "target_rescale": 3.814315689964979},
{"mapping": [7, 5, 0, 9, 10, 6, 11, 2, 4, 8, 13], "R": [[-0.02260994768167357, 0.5652415233255992, 0.8246155531969964], [0.70496017111551, -0.5758436907373684, 0.41404734147046196], [0.7088864136140735, 0.5906827102146486, -0.3854529652848122]], "T": [-0.002851987358543223, -0.15889295588161406, 0.04824982093140599], "aligned_model": [[0.34736714292201387, -0.36526248430009, -0.7163437735920167, 0.7465705616533137, 0.483381677647043, -0.26613833414410815, 0.22490143598948778, 0.19747754922472435, -0.40398595416323835, 0.5197361772426123, -0.11812402099687591], [-0.04587314402044887, -0.1666849595265781, -0.19469622560299585, 0.12140495742803925, -0.5166002625757085, 0.2891954835151461, 0.5128546581234603, -0.6334179305196463, 0.1639104409344696, -0.08840818893854753, -0.17713950221517297], [-0.5973029665166395, -0.6681081265099971, 0.028616653074851298, -0.01872173808370116, -0.1496165305822732, -0.17480148152826874, 0.2529744411870477, 0.4495074671008282, 0.5798212248178641, 0.5909572551525221, 0.08418653734077325]], "inverted": false, "swapped": false, "error_lsq": 0.04166824393391202, "error_max": 0.19811483298460478, "target": "235.xyz", "model": "12.xyz", "model_rescale": 3.9764082729961374, "target_rescale": 3.814315689964979},
{"mapping": [7, 4, 6, 8, 3, 9, 1, 14, 13, 11, 15], "R": [[-0.9791653017918446, -0.06313479437992839, 0.19300080182603055], [-0.01979947621757773, -0.9162277450401257, -0.40016833952749997], [0.20209723528142617, -0.3956522677267137, 0.8958883806224486]], "T": [-0.03365908884353337, 0.1061503645530457, 0.015529616618382154], "aligned_model": [[0.2837391257896876, -0.3256419957270987, -0.583753821868352, 0.6691041627293008, 0.5279008125509752, -0.29230685467101397, 0.25447095763804684, -0.020535269529823902, -0.27044680065066323, 0.43081917804915243, -0.02376951682734533], [-0.09966647511395534, -0.2339571666184525, -0.4095137857597635, 0.09247336045818727, -0.5161089626493772, 0.6007289147980899, 0.6653506363392642, -0.596190963189863, -0.037036628162421495, -0.21253905079918334, 0.011005447299491766], [-0.6386351185822569, -0.5456624816042138, 0.13859494268447553, 0.0902931668705983, -0.0611988277095824, -0.20806044887556, 0.10270020001517674, 0.3967807992867362, 0.5613405828339241, 0.5752096098968914, -0.0338496893631818]], "inverted": false, "swapped": false, "error_lsq": 0.03763510948733789, "error_max": 0.17577536953539724, "target": "235.xyz", "model": "13.xyz", "model_rescale": 4.170626492500431, "target_rescale": 3.814315689964979},
{"mapping": [2, 6, 11, 0, 4, 3, 1, 12, 9, 7, 13], "R": [[-0.7581154025391785, 0.1358408264636248, 0.6378152603211521], [0.31864020749064403, 0.9305196110042887, 0.18055933015700615], [-0.5689722792923911, 0.3401183961536141, -0.748725598597186]], "T": [0.11203330678337566, -0.13812446821313207, 0.04658360926067852], "aligned_model": [[0.38096791902899985, -0.41690764587817675, -0.5912397623331052, 0.6083712413128043, 0.482864500895941, -0.26087945724290085, 0.19847467672663283, -0.015226402497785133, -0.3570141059195596, 0.6009354543015719, 0.019233559088443083], [0.004446506924572213, -0.3094649594231451, -0.17296746841667507, 0.19190079873935062, -0.6677487224748, 0.3496612249767976, 0.5721131993617447, -0.8209945496643382, 0.24334642499770925, 0.047027155177083224, -0.172774283596282], [-0.536751507649768, -0.5845686478845274, 0.10865297951241566, 0.022285781211947644, -0.24504201609457332, -0.2672233256139127, 0.3274836181881937, 0.27723386275863277, 0.5858246692083459, 0.6663604799140384, 0.02325684190221483]], "inverted": true, "swapped": false, "error_lsq": 0.046076067217379175, "error_max": 0.24174514855827256, "target": "235.xyz", "model": "14.xyz", "model_rescale": 3.9786697098870705, "target_rescale": 3.814315689964979},
{"mapping": [8, 3, 0, 7, 5, 9, 6, 4, 1, 10, 11], "R": [[-0.07596406182746639, -0.7326772005930471, -0.6763235771742763], [0.4423262912397312, 0.5831302836706067, -0.6814004141063774], [0.8936313073011587, -0.35091764275592374, 0.2797854438920091]], "T": [0.05005780843026551, -0.09160433734979767, 0.029591450576667813], "aligned_model": [[0.22147725171164434, -0.4643141608593998, -0.62933076646161, 0.6564335562856165, 0.6042954040660427, -0.209363560265729, 0.059757057934850796, 0.07075519646399857, -0.1611759889839287, 0.47568338857558107, 0.025362599015799535], [-0.24314307258425816, -0.11515624138360521, -0.2357971878663067, 0.1690589009156772, -0.6206671137097776, 0.3403691249993861, 0.674942050122762, -0.6314215924515971, 0.10455473988889902, -0.18377688874899578, 0.00558260741983338], [-0.439321667400039, -0.7319963758282136, 0.06760687172458582, 0.06479278607003652, -0.21035198855866347, -0.33580388236996395, 0.22876035180307014, 0.3178338473785395, 0.6440619468083293, 0.7385823354203398, 0.03334851040498621]], "inverted": true, "swapped": false, "error_lsq": 0.04993056008396229, "error_max": 0.32267792350534474, "target": "235.xyz", "model": "15.xyz", "model_rescale": 3.769337070930944, "target_rescale": 3.814315689964979},
{"mapping": [7, 5, 4, 9, 1, 6, 8, 0, 2, 3, 10], "R": [[-0.6581149219654034, -0.33826220759233155, 0.6726540183491313], [0.41659361131785116, 0.5805838622652353, 0.6995513861656866], [-0.6271638641500498, 0.7406085725887492, -0.24117302857581988]], "T": [0.08839438424350626, -0.07912306495710067, -0.01583196822602774], "aligned_model": [[0.3357369137003602, -0.23932347423532935, -0.674998568810717, 0.8087368280655391, 0.49983782062517873, -0.46870436502157425, 0.18275225975921333, -0.12475572634516718, -0.1715706823012067, 0.4334422497579614, 0.0684267222886074], [-0.02058565260888931, -0.3702773441390744, -0.22965820523772432, 0.2125641272113802, -0.715245489407508, 0.3834679217797389, 0.6485777685329255, -0.6018417295308571, 0.13744286213799833, -0.10090398692850394, -0.07899494520746851], [-0.6840621280217968, -0.5236519289074064, 0.03518660981500828, 0.2225060867833576, -0.27504424835601465, -0.10043393071254751, 0.13596328865874918, 0.298496431197437, 0.6414679797606885, 0.5840938610718017, 0.04299071416373031]], "inverted": false, "swapped": false, "error_lsq": 0.048125598733728174, "error_max": 0.23809102432281062, "target": "235.xyz", "model": "16.xyz", "model_rescale": 3.7852294659196426, "target_rescale": 3.814315689964979},
{"mapping": [4, 1, 2, 10, 0, 7, 6, 8, 11, 9, 12], "R": [[-0.21411849758130214, 0.5468423323985601, -0.8093928171724953], [-0.40038567306196543, 0.70667019540509, 0.5833597069843347], [0.8909795630654178, 0.44897739188408436, 0.06763667479054944]], "T": [0.0021616128655887676, -0.15936244575265907, -0.0615291126321461], "aligned_model": [[0.45332180024263186, -0.38341486236132655, -0.5992464640237531, 0.6482551614520284, 0.48450908530078995, -0.4297482685350367, 0.1324506788707225, -0.03056473896277654, -0.22933278091319334, 0.5471207629552353, 0.05622960345754393], [-0.12557048280598657, -0.19298264131137918, -0.24286086740156976, 0.2813407029305161, -0.6322649736183179, 0.3924177693119319, 0.7120651705256897, -0.5588567651127001, 0.10206222128976883, -0.3400801049649075, -0.13072470224102878], [-0.6065972493414169, -0.6311382930789248, 0.012114350517496701, 0.13237533934061552, -0.15874675872771826, -0.04104854163930772, 0.04350376207348756, 0.4518315655927574, 0.5834511688835164, 0.58470802487564, 0.007059366956861608]], "inverted": false, "swapped": false, "error_lsq": 0.047504608462434976, "error_max": 0.25126269281461105, "target": "235.xyz", "model": "17.xyz", "model_rescale": 3.901054581598922, "target_rescale": 3.814315689964979},
{"mapping": [8, 4, 6, 13, 0, 10, 9, 7, 11, 12, 14], "R": [[-0.3587105344583627, 0.7964375491244743, -0.4868408187623513], [-0.37659668330104334, 0.3537420078165741, 0.8561784452043586], [0.8541087112278213, 0.4904628653124512, 0.17304475477243114]], "T": [0.1573964479155051, -0.0981535426644765, -0.0682607825065718], "aligned_model": [[0.2549088202513164, -0.38823104600432845, -0.48444897421433364, 0.7577658750324788, 0.4930955635805381, -0.40230296834986257, 0.20762101893594215, 0.03299138970381488, -0.2997812863282622, 0.3175557359202885, 0.16040584895527377], [-0.09241256333124316, -0.0845788761172792, -0.3767667828889236, 0.23963745035672673, -0.7758678513744965, 0.4887268137461359, 0.5141634359677149, -0.6026925477725026, 0.13541069855437826, -0.10681133935945392, -0.07426311117903972], [-0.72467271912687, -0.6406944784196467, 0.20401639562766777, 0.16186091207602302, -0.12753926098653778, -0.18975876117461438, 0.16993038332216226, 0.3436139528356116, 0.542613389039641, 0.6571695374411131, -0.019026615181542528]], "inverted": false, "swapped": false, "error_lsq": 0.04653900023293476, "error_max": 0.2199999539049162, "target": "235.xyz", "model": "18.xyz", "model_rescale": 3.9405287249114394, "target_rescale": 3.814315689964979},
{"mapping": [11, 14, 12, 5, 2, 13, 7, 1, 4, 8, 15], "R": [[-0.5451214533358888, -0.33183912666824444, 0.7698866118624389], [0.36956413180343584, -0.9194029408315734, -0.13461272181568668], [0.7525057830989351, 0.21114219474636414, 0.6238221060529574]], "T": [-0.01445211945461447, -0.10555771132711382, 0.06352342690606987], "aligned_model": [[0.2532554635499642, -0.40993951389498795, -0.5472331888944564, 0.8143848658501626, 0.6104848964055456, -0.2750144942462036, 0.0821200640321308, -0.035913869180312835, -0.38000878458069265, 0.527465555001097, 0.00997898344061884], [0.09208220792207529, -0.19056671624706223, -0.22530856880680178, -0.071894257562859, -0.6771063156653914, 0.3711471122115932, 0.5447787773331398, -0.6997205410402503, 0.18430520634198738, 0.06746913901883879, -0.13064071690325244], [-0.575604349223897, -0.5968568817021369, 0.10760433421082836, 0.007321412436671046, -0.13169747899238116, -0.3316848794715475, 0.3152411534073974, 0.34993108927813094, 0.626562361757235, 0.5621807227594745, 0.044515250993232724]], "inverted": true, "swapped": false, "error_lsq": 0.04397604868148879, "error_max": 0.2537672773608746, "target": "235.xyz", "model": "19.xyz", "model_rescale": 4.410303926677745, "target_rescale": 3.814315689964979},
{"mapping": [3, 5, 8, 6, 0, 10, 11, 7, 12, 4, 13], "R": [[-0.32482490133359315, 0.6250274240878899, -0.7098094833204742], [-0.4241378718483081, 0.5745386276769644, 0.7000088792087276], [0.8453377130695223, 0.5284373987949071, 0.07847334845195966]], "T": [0.10662810230674463, -0.169921998307617, 0.057328300692029356], "aligned_model": [[0.437339481215842, -0.4035695801420926, -0.6577884277637065, 0.5764638165036349, 0.6077511491604939, -0.2979654088606809, 0.19385304091580963, -0.2178727109473585, -0.18954944141090774, 0.5693991749768361, 0.03151888383499504], [-0.12924076067243354, -0.1717536205567068, -0.24831894310749636, 0.16086852393324436, -0.5878541276901079, 0.39994446042854237, 0.5964683446496675, -0.6293431711317166, -0.018411557529391942, 0.04860471838911348, -0.1564185401106975], [-0.5868282924333693, -0.605065610022851, 0.03326860392801032, -0.02228234708359652, -0.23825214464320457, -0.3747484551465083, 0.3609250345350352, 0.4937736845833789, 0.73556010930995, 0.5402179396400627, 0.04094421278609986]], "inverted": false, "swapped": false, "error_lsq": 0.046296376252977445, "error_max": 0.22878375768659676, "target": "235.xyz", "model": "20.xyz", "model_rescale": 4.121658175737393, "target_rescale": 3.814315689964979},
{"mapping": [2, 1, 8, 4, 3, 6, 10, 7, 9, 11, 12], "R": [[-0.9741273898959233, -0.22430985102962028, -0.02758476002479688], [0.204794128437342, -0.9277445907861948, 0.31200855633226743], [-0.09557820469199835, 0.2982868837177153, 0.9496787571541384]], "T": [-0.04049024951450794, -0.12944516604138043, 0.0050239527181423875], "aligned_model": [[0.35850451133981986, -0.1528986089398337, -0.6997805308968538, 0.49975431487138333, 0.43053861401721205, -0.3525437074765272, 0.12434577747208611, 0.14023157708776185, -0.22643154900445575, 0.5551034347956818, -0.027243855783409307], [0.12653393984856012, -0.29991397508201584, -0.05458409512702017, 0.060807917193120814, -0.6167872690198948, 0.3644161844069539, 0.6071120783418693, -0.6340741808039752, 0.09603448490464375, -0.15095741546939134, -0.23404234259083323], [-0.5878415567928279, -0.6588130844144786, 0.12093446821537145, -0.027704886219129716, -0.14752173660959664, -0.28019187429607395, 0.202471544804807, 0.4287068985000749, 0.6662709832096906, 0.6526151736865398, 0.00858680536863058]], "inverted": true, "swapped": false, "error_lsq": 0.04859314054815714, "error_max": 0.2883539772060859, "target": "235.xyz", "model": "21.xyz", "model_rescale": 4.08911054899281, "target_rescale": 3.814315689964979},
{"mapping": [12, 14, 15, 6, 5, 4, 0, 11, 1, 8, 16], "R": [[-0.0010629739797310966, 0.5196483340584345, -0.8543795871839474], [0.18319401257635343, -0.83981999932652, -0.5110208630646883], [-0.9830762044940836, -0.15706042672009324, -0.09430375663784002]], "T": [0.06364295061696731, -0.04902882076958277, -0.09393814885042492], "aligned_model": [[0.1943445431869256, -0.3147069534122253, -0.5429486305918306, 0.6968948041758568, 0.4898952255800497, -0.28009070636489475, 0.23046942050332195, -0.04747197574239348, -0.20266003308546623, 0.3598378177349084, 0.06601646549861356], [-0.09139227193770469, -0.2692138610957428, -0.42621531271576873, 0.20061691297878387, -0.6066108297843253, 0.5556224428309476, 0.6534252049153532, -0.6012855409633262, 0.06543410183843835, -0.21361404388494393, -0.0022214755796942445], [-0.8192601033912259, -0.5631848686948279, 0.05195229564171297, 0.2097610874621467, -0.022241877956827222, -0.14429893073391503, 0.1867871063788806, 0.4242886532347727, 0.6449660002008921, 0.5109935192618711, -0.10225014595047309]], "inverted": false, "swapped": false, "error_lsq": 0.04494067903716823, "error_max": 0.22885765738026523, "target": "235.xyz", "model": "22.xyz", "model_rescale": 4.204369325754507, "target_rescale": 3.814315689964979},
{"mapping": [11, 14, 12, 5, 2, 13, 7, 1, 4, 8, 15], "R": [[-0.5451214533358888, -0.33183912666824444, 0.7698866118624389], [0.36956413180343584, -0.9194029408315734, -0.13461272181568668], [0.7525057830989351, 0.21114219474636414, 0.6238221060529574]], "T": [-0.01445211945461447, -0.10555771132711382, 0.06352342690606987], "aligned_model": [[0.2532554635499642, -0.40993951389498795, -0.5472331888944564, 0.8143848658501626, 0.6104848964055456, -0.2750144942462036, 0.0821200640321308, -0.035913869180312835, -0.38000878458069265, 0.527465555001097, 0.00997898344061884], [0.09208220792207529, -0.19056671624706223, -0.22530856880680178, -0.071894257562859, -0.6771063156653914, 0.3711471122115932, 0.5447787773331398, -0.6997205410402503, 0.18430520634198738, 0.06746913901883879, -0.13064071690325244], [-0.575604349223897, -0.5968568817021369, 0.10760433421082836, 0.007321412436671046, -0.13169747899238116, -0.3316848794715475, 0.3152411534073974, 0.34993108927813094, 0.626562361757235, 0.5621807227594745, 0.044515250993232724]], "inverted": true, "swapped": false, "error_lsq": 0.04397604868148879, "error_max": 0.2537672773608746, "target": "235.xyz", "model": "23.xyz", "model_rescale": 4.410303926677745, "target_rescale": 3.814315689964979},
{"mapping": [5, 12, 7, 4, 15, 0, 3, 11, 1, 10, 16], "R": [[-0.20698862867449258, -0.7124374884434096, 0.6705136334631083], [-0.34954452017667437, -0.5862668710498091, -0.7308281496521085], [0.9137693013085477, -0.38564748277398747, -0.1276780443779409]], "T": [0.10008404840109475, -0.2775372092403876, 0.012359589578228355], "aligned_model": [[0.33603291018722203, -0.3096440192152554, -0.5538560147211344, 0.5847467039595511, 0.603491976544759, -0.3011236165447116, 0.1665552330723632, -0.07103781114104091, -0.32520431086448476, 0.4323797803996029, 0.08723914580599473], [-0.08222921925501397, -0.09334906099597859, -0.23275339443280163, 0.2066199023996494, -0.6863424693494369, 0.31394230990331295, 0.5831656788651638, -0.6070575578071493, 0.14811099420828938, -0.12000005721943152, -0.1655617997145863], [-0.5369899868279401, -0.6542538452079036, 0.12320949015225909, -0.055304097481760184, -0.28558823810981665, -0.2317104805009147, 0.26538746284364895, 0.5250535876687504, 0.6241510311205583, 0.549523939199754, 0.05403387259637192]], "inverted": false, "swapped": false, "error_lsq": 0.038962507922066104, "error_max": 0.18489425855227232, "target": "235.xyz", "model": "24.xyz", "model_rescale": 4.28219845311461, "target_rescale": 3.814315689964979},
{"mapping": [5, 8, 0, 9, 3, 10, 12, 4, 2, 7, 15], "R": [[-0.4583392966321597, 0.8300804870341959, -0.31763418299643015], [0.01348088906281969, -0.350849289608535, -0.936334898212847], [-0.8886750557953189, -0.4334410698425554, 0.1496177936641495]], "T": [0.032155998558471025, 0.006248507563264907, 0.07754195462461999], "aligned_model": [[0.3116250029571027, -0.2727525305010519, -0.5853735504049759, 0.6930273993433786, 0.46098164756603305, -0.37007819137137693, 0.29574244035818276, 0.004534134172541324, -0.467234923668825, 0.6007220946016112, -0.02161354556975418], [-0.03800760017568043, -0.0374772797355364, -0.5159939051128931, 0.10647399699896533, -0.6259076519748683, 0.49057155128661917, 0.6968370949114715, -0.60727247882902, 0.054761137261690726, -0.21701426956142017, -0.04242526846731132], [-0.7257133929594333, -0.5446034474806131, 0.18466006978257804, -0.02284493082780434, -0.051036805561758714, -0.40551463067145394, 0.272553469558482, 0.4743764350944941, 0.5434123829033783, 0.5596543196714636, 0.0925692659436742]], "inverted": true, "swapped": false, "error_lsq": 0.045587646933924184, "error_max": 0.21872186417155715, "target": "235.xyz", "model": "25.xyz", "model_rescale": 4.100010024507729, "target_rescale": 3.814315689964979},
{"mapping": [8, 3, 2, 10, 0, 7, 9, 6, 5, 4, 11], "R": [[0.8562764049255583, 0.03740280637201496, 0.5151618662549267], [-0.378133406109076, -0.6340348198020446, 0.6745479778806974], [0.3518605484451333, -0.772399428633972, -0.5287658055262305]], "T": [0.03701754901342991, -0.1774593585846282, -0.035688428888165806], "aligned_model": [[0.21304848387022296, -0.4440541277964667, -0.6174725954058905, 0.6274880442799791, 0.6500368920305944, -0.3143510385265401, 0.3429221101596747, -0.06498612405705478, -0.22937154674118077, 0.4011445660980637, 0.0851753135714637], [0.007259187420959434, -0.027429128367406935, -0.5216803993103429, 0.06107282329281749, -0.6224773190876975, 0.3970254203094908, 0.5727231128682682, -0.5649230119139205, 0.12379090951998112, -0.066219295879937, -0.0945969722501946], [-0.5940341978251563, -0.6714026714878006, -0.0658846598509939, -0.1328962215950975, -0.038091728774717115, -0.1068474142975542, 0.11583569834460844, 0.4741638106595526, 0.5987178257716317, 0.7522688948995815, 0.04568339960895266]], "inverted": true, "swapped": false, "error_lsq": 0.049545382250861976, "error_max": 0.23810194055701567, "target": "235.xyz", "model": "26.xyz", "model_rescale": 3.6694154284099745, "target_rescale": 3.814315689964979},
{"mapping": [6, 3, 9, 0, 2, 7, 5, 10, 8, 4, 13], "R": [[0.7446943340806431, 0.6348634325967708, 0.20586104716442394], [0.04059950704127596, -0.35097067077700694, 0.9355058889618726], [0.6661696696909827, -0.6883080779751052, -0.28714101235808104]], "T": [0.039198587596964166, -0.10999634411443616, 0.002135132444354912], "aligned_model": [[0.29951353287691435, -0.4611807593268571, -0.5854050812123938, 0.6596799495690394, 0.5621126746373447, -0.36618470708031564, 0.2454040909164254, -0.023824904491526508, -0.24200098711837909, 0.47701178069919803, 0.08445438801341616], [-0.1493908594129556, -0.004044787624537499, -0.3833201543539036, 0.10862903678221668, -0.5326841909419808, 0.34643178338299624, 0.6446903996047814, -0.5090344470263446, 0.06002190999179126, -0.17253770300074656, -0.14421566079929973], [-0.6318006949330561, -0.6233454805109951, 0.007415959692280483, 0.066471478363389, -0.09799222606620585, -0.15105192165691372, 0.12005760263728323, 0.44787872663508904, 0.5502024502809777, 0.694911255346412, -0.005234414335253177]], "inverted": true, "swapped": false, "error_lsq": 0.03922140626208266, "error_max": 0.2235116938522564, "target": "235.xyz", "model": "27.xyz", "model_rescale": 4.103607728864725, "target_rescale": 3.814315689964979},
{"mapping": [13, 4, 1, 10, 11, 2, 3, 5, 0, 9, 14], "R": [[0.33507005646564525, 0.5751841067927204, -0.7462514995316059], [0.09600833148578433, 0.7670703171522468, 0.6343386546863337], [0.9372888869209031, -0.28419425018288524, 0.20179982809101343]], "T": [0.23478519041856583, -0.12567494177917987, -0.020750713234031833], "aligned_model": [[0.2850234396633315, -0.39953811767786707, -0.6350076958995554, 0.681743200947405, 0.609062139762544, -0.2972568888679421, 0.07266800169779053, 0.01853765208640462, -0.24009041002309323, 0.4681320023359228, 0.08630665345792499], [-0.1121072597703286, -0.08026927549221552, -0.23993918965143568, 0.0667824319985342, -0.6100903170502625, 0.33832151613176503, 0.5694251542459734, -0.5545260837935193, 0.10970404509602236, -0.1262488855445466, -0.09650680956796934], [-0.6666334961532151, -0.6666466440225394, 0.16163582312062508, 0.13078796964410228, -0.33271183717422564, -0.22801677207306953, 0.21181051782975574, 0.531031952804098, 0.4575605218675745, 0.7638975277055317, 0.01479717190436998]], "inverted": true, "swapped": false, "error_lsq": 0.04357595852898412, "error_max": 0.21577083448478387, "target": "235.xyz", "model": "28.xyz", "model_rescale": 4.137296879288765, "target_rescale": 3.814315689964979},
{"mapping": [8, 3, 2, 9, 7, 4, 6, 1, 5, 0, 10], "R": [[-0.1208147618961174, 0.09092496434191107, -0.9885021214784551], [-0.47527303062023823, -0.879542515223123, -0.022814694388411147], [-0.8715040675022914, 0.4670520471793317, 0.14947590291601098]], "T": [0.07340821564478076, -0.069558596574461, 0.010704354205610434], "aligned_model": [[0.331663915204922, -0.31226322496632153, -0.6355147997009876, 0.7807429164809467, 0.43791968101678913, -0.26083522147539817, 0.09385887514228386, -0.009334008404092861, -0.3362759781077338, 0.46953424655001086, 0.09008357574244698], [-0.15093355301276398, -0.1827585449998509, -0.3841719550124934, 0.24278391197343663, -0.6728540160733858, 0.5815608395443839, 0.5718032940763205, -0.6421905375883701, 0.034549933300589045, -0.1400957359764176, 0.006851690370568805], [-0.6564058226656119, -0.5409404921729757, 0.11349379467278926, -0.10293540378380814, -0.12036148080808752, -0.24218844408762846, 0.33379028504129094, 0.4925812579683153, 0.5346494112758055, 0.5839660937028839, -0.018136463689965906]], "inverted": true, "swapped": false, "error_lsq": 0.044353841316437596, "error_max": 0.2684943622940857, "target": "235.xyz", "model": "29.xyz", "model_rescale": 3.607286011436655, "target_rescale": 3.814315689964979},
{"mapping": [7, 2, 1, 5, 12, 6, 4, 11, 9, 10, 14], "R": [[-0.19608758883721344, 0.9687950100423763, 0.15161096932939924], [-0.5594927115211847, 0.01643920799100962, -0.8286722260310773], [-0.8053058817981403, -0.2473175710652611, 0.538810222419452]], "T": [0.02592246516648551, -0.03452819808126341, 0.06534166073538669], "aligned_model": [[0.27500551025514075, -0.4247740390292626, -0.6238687083036488, 0.7374959585152975, 0.5242445009715921, -0.14523618434635327, 0.3323535168637817, 0.0324115594066158, -0.5188530132913942, 0.546044608464766, -0.08524373202366899], [0.010266825607866445, -0.12224959995506464, -0.37327321440370953, 0.17807383611285982, -0.5414107582335594, 0.31592684643466695, 0.5896391021069624, -0.5076114710063699, -0.02833018359232682, -0.17513219587689238, -0.08135386059241578], [-0.6662593282193194, -0.5974683875064014, 0.0342080189245325, -0.10484872736928094, 0.01292852444585249, -0.24615303412112913, 0.18094737700272792, 0.4127336173083169, 0.6290247016326392, 0.5438585051167241, 0.17854146823834524]], "inverted": false, "swapped": false, "error_lsq": 0.04852495528143099, "error_max": 0.24252612525015094, "target": "235.xyz", "model": "30.xyz", "model_rescale": 3.964800864290218, "target_rescale": 3.814315689964979},
