[{"mapping": [2, 6, 7, 13, 5, 0, 3, 1, 8, 12, 10, 14], "R": [[0.6304658342179918, -0.6796145330448748, 0.3750158908073209], [-0.34856374484443076, -0.6795604854176196, -0.6455237117558082], [0.693553276730662, 0.2762637021636502, -0.6653286550292237]], "T": [0.047797218799366215, -0.10506160135396442, -0.028448585975126825], "aligned_model": [[-0.166283566408763, 0.1756826257257734, 0.4926756279580794, -0.2724631987650788, -0.23960390738701604, -0.7207153775209059, 0.437763517978162, -0.3162805118037013, 0.6582350908035377, 0.39169191255688013, -0.6075559403421333, 0.0044961896657144465], [-0.39209541572150725, -0.7068983917185612, -0.4111046288557953, 0.6234350669892292, 0.30603701529969, -0.42030968788289996, -0.11620089757238217, -0.5236226401599215, 0.1565081851456997, 0.5102540841018726, 0.1200492371546617, -0.09249689080302878], [-0.4827546332311757, -0.1276329162503459, -0.521095265140262, 0.08637095151366954, -0.48847400056669227, -0.1475749244747665, 0.5393515067440036, 0.6074990988955801, -0.029719512393158044, 0.4540539694326337, 0.25942354431711223, 0.03250392650696386]], "inverted": true, "swapped": true, "error_lsq": 0.04769578326290432, "error_max": 0.2839001922591399, "target": "236.xyz", "model": "0.xyz", "model_rescale": 3.751011558992144, "target_rescale": 4.167784892174145},
{"mapping": [10, 6, 9, 7, 12, 5, 11, 13, 3, 1, 4, 2, 0, 8, 14], "R": [[-0.8943290410111244, 0.01531835024349304, 0.44714753107888255], [-0.339025723676102, 0.6289577212201318, -0.6996240015919082], [-0.291953977691721, -0.7772885777260572, -0.5573018408785184]], "T": [0.005795783091960889, -0.0008135854204095842, 0.12033758114758299], "aligned_model": [[0.4492688862801839, -0.4550964372797327, 0.2938295220722483, -0.6540185688864525, -0.47455425743861385, 0.5623295090639886, -0.29233826203021046, 0.1637014303009177, -0.3844527004755273, -0.3251909205269827, 0.3413810162945809, 0.27084897190686913, -0.4066271518814167, 0.4668835064421255, -0.009963490273449928], [-0.6735114385694753, -0.5774862830657247, -0.12913941434096335, -0.03715814406383798, 0.08149392776482982, 0.20224008136447244, -0.5616621282409219, 0.46986571476201067, 0.6208009237132237, -0.0940954183934004, -0.4712343817185622, 0.7781916578856026, 0.497209309884565, 0.15872914105354752, -0.008889258518563687], [-0.03218439512503972, 0.25727810203700435, -0.45824574748813074, 0.17512003981425028, -0.44043368765347457, -0.07746400442878786, -0.3626696569781773, -0.40978410418502664, -0.09110369349056101, 0.7264991529256865, 0.6603938704141401, 0.20179763263846784, 0.5170554115503526, 0.5701847573584501, 0.06847004553643704]], "inverted": false, "swapped": false, "error_lsq": 0.04582564630141161, "error_max": 0.4252129136752493, "target": "236.xyz", "model": "1.xyz", "model_rescale": 3.9405287249114394, "target_rescale": 4.167784892174145},
{"mapping": [0, 13, 5, 3, 12, 2, 1, 9, 8, 7, 4, 6, 14], "R": [[0.5599746263529104, -0.17680799443047382, -0.8094240859687785], [-0.5374560773904555, 0.6659901402100432, -0.5172988478810598], [0.6305310323187776, 0.7247041232451219, 0.27791104878096534]], "T": [-0.11273777655367957, -0.0270777643787689, -0.031235761544533485], "aligned_model": [[-0.4887862982844918, 0.2597239284408745, -0.3814745964372842, 0.4470014928746765, 0.6446068212692165, -0.6764046199466457, 0.1966006800407315, 0.5939735569475847, 0.10675664040711634, -0.6067774552212629, -0.09086202930077848, -0.4474328831986447, -0.060941958307160836], [0.6900940436615532, 0.3564071974396457, 0.21288932431938629, -0.32389808910727724, -0.2487237670940327, 0.09357215079493565, 0.40178842022988986, 0.2899086691447977, -0.610870985848589, -0.5630695997461161, -0.6553385989955459, -0.20985535885839296, 0.025929187631762236], [0.18884640116670875, -0.6317931854487809, -0.6086621031661031, 0.23929037174978254, -0.3583257778495275, 0.01709916772109098, 0.6264563472653665, 0.12651052373589758, -0.25940771321552913, 0.022777500087062297, 0.3038943120929923, 0.46168539590094854, -0.01525089045126463]], "inverted": true, "swapped": true, "error_lsq": 0.042688405908633986, "error_max": 0.24921929482633154, "target": "236.xyz", "model": "2.xyz", "model_rescale": 3.932901565614263, "target_rescale": 4.167784892174145},
{"mapping": [5, 10, 13, 2, 11, 8, 12, 7, 6, 4, 9, 1, 3, 14], "R": [[0.30194575240675753, 0.4106108717985945, -0.8603647334498987], [-0.27047370071335103, 0.9023014744077829, 0.3357022884997449], [0.9141513768659661, 0.1313421533337241, 0.38350553963628586]], "T": [-0.04139957576913207, 0.01510561452134318, 0.0003697074178269956], "aligned_model": [[-0.264689719424893, 0.5244168563475833, 0.31778043856366595, -0.4091819177723709, -0.23868119475462996, -0.24888005820992243, 0.35439887667350095, -0.7178169612061215, -0.28577803599381724, -0.2901241666486248, 0.7345175443252271, 0.6060930166267096, 0.304624027740589, 0.033131205785807444], [-0.023859203540406437, 0.23409849076349573, -0.3286527036970373, 0.44052517652996204, -0.6258978233338237, -0.5786736069465037, -0.7417526735757365, 0.02721173457070236, 0.38971937727347405, -0.16415039494542102, -0.12422569962294358, 0.4596929212792325, -0.325033508812943, 0.024494552408437016], [-0.6413842304099787, -0.4411355604009069, -0.6315144536389199, -0.13515638944227246, -0.3664203559934982, 0.21351953641047666, 0.014326280075703444, 0.27712383411957553, 0.4343552231302045, 0.6434138364240841, 0.05820227696304525, 0.30902949501914795, 0.4894175438293904, -0.009880673028954241]], "inverted": true, "swapped": true, "error_lsq": 0.04484171331183017, "error_max": 0.23481000095439053, "target": "236.xyz", "model": "3.xyz", "model_rescale": 3.9243930471874484, "target_rescale": 4.167784892174145},
{"mapping": [5, 11, 13, 10, 9, 2, 0, 12, 3, 4, 1, 6, 14], "R": [[-0.13080557969943624, -0.13873945982480007, 0.9816523124849335], [-0.9145672372642372, 0.399101108619283, -0.06546047373583552], [-0.3826965754254343, -0.9063496385978108, -0.17909121634313308]], "T": [-0.14130664616734095, -0.047427601604809744, -0.10796350117894425], "aligned_model": [[-0.18892313952040135, -0.08574252433294882, 0.4299212420237832, 0.4440245631656398, 0.608464858842988, -0.557048652202657, -0.09815345307602875, 0.4092731246224632, 0.14913925547309448, -0.4858685835500098, 0.28775950333448, -0.5646659275760413, -0.07097438089300946], [-0.5561189271273027, 0.020204271770767765, -0.3370881999007096, -0.501050403248541, 0.1243385027907789, -0.4266953186188505, -0.7467890997843422, 0.429147380363138, 0.5665975212460416, 0.563664218060252, -0.021878538388651933, 0.07054251869655756, -0.0570443721775511], [-0.5576196663950099, -0.8673573075913015, -0.5940222369119801, 0.01306023789515115, 0.07409224333962601, 0.025930341128364245, 0.35378897372239854, -0.5545325011071492, 0.006967218977036491, 0.015916481599069596, 0.6182767343769436, 0.3339071817979036, -0.08133738546008853]], "inverted": false, "swapped": true, "error_lsq": 0.04907081109298825, "error_max": 0.3085638747641361, "target": "236.xyz", "model": "4.xyz", "model_rescale": 3.8936222436046832, "target_rescale": 4.167784892174145},
{"mapping": [13, 11, 9, 10, 3, 4, 7, 6, 0, 5, 1, 14], "R": [[0.7337121807547646, -0.6774396694020703, 0.05236344271055158], [-0.6778536564455708, -0.7350970265323977, -0.012115363246615076], [0.04669963870799893, -0.02660556151711548, -0.9985545993289007]], "T": [-0.11174516844652027, -0.07551053053861845, 0.06604119258688532], "aligned_model": [[0.032760717098690356, -0.41881424681884905, -0.17802751088464644, 0.38496470125227766, -0.6403197985632725, -0.666030269497231, -0.33748871612040454, -0.1010360617612788, 0.7006901024494475, 0.2209131864574057, 0.12049702666277459, -0.0905610880598163], [-0.5192032096444946, -0.7480316511891161, 0.283666340016106, -0.0070828372496421765, 0.2840527224030658, 0.17788134713898718, -0.20571518887868745, 0.2974117555192222, 0.13169315252441338, -0.6677541707626745, 0.6833859452356905, -0.04138130000306302], [-0.5887202239500632, -0.12828924387517077, -0.6349608225288562, -0.49219708301301035, -0.19070356634352323, 0.43490834206994256, 0.748951495438339, 0.565254588349293, 0.10067666019916538, 0.023488266193237545, -0.22086488418382974, 0.001741190919994598]], "inverted": false, "swapped": true, "error_lsq": 0.04245887831481429, "error_max": 0.22692665671315287, "target": "236.xyz", "model": "5.xyz", "model_rescale": 3.6523030999806103, "target_rescale": 4.167784892174145},
{"mapping": [11, 8, 7, 5, 2, 12, 4, 10, 3, 1, 6, 0, 14], "R": [[0.9543808310442754, -0.19988837904021095, -0.22181493470890443], [-0.26311771304586457, -0.2117983541844632, -0.9412282009408064], [0.1411605412881116, 0.9566535909562195, -0.2547304624378829]], "T": [0.10718634606460674, -0.04603625098705929, 0.01743469817851295], "aligned_model": [[0.13586064457371766, -0.2772752147923996, 0.1712459439294759, 0.6642876463445756, 0.5745477620390541, -0.4487800171591487, -0.3754751891131921, 0.3309690902091439, -0.5768680489592874, -0.15670191217749718, 0.0660320204204384, 0.6830198514864568, 0.09022032786295714], [-0.4293552117015657, -0.037243687349038955, 0.5686032991663416, -0.3232243727707746, 0.290746665275468, -0.621827815733254, 0.44052619479908034, -0.5924580670996815, -0.10916906758446496, -0.07457886176116943, 0.5476049913500137, -0.022450928155091806, -0.09634623427267952], [0.6781803028636497, 0.5588834613024922, 0.4078120482119466, 0.2931696223108671, -0.035134798025965586, 0.3158490846756454, 0.21184976883394346, -0.4455744793861618, -0.03432026123866075, -0.7836418908889494, -0.16775743931794346, -0.5925190360242604, -0.03668664383481375]], "inverted": false, "swapped": true, "error_lsq": 0.046595071606969185, "error_max": 0.27274254440943885, "target": "236.xyz", "model": "6.xyz", "model_rescale": 4.08911054899281, "target_rescale": 4.167784892174145},
{"mapping": [3, 9, 4, 11, 10, 6, 8, 5, 12, 1, 0, 7, 13, 2, 14], "R": [[0.1095459881187884, 0.04396526060585643, -0.9930089286340466], [0.682495933759034, 0.7229702085405065, 0.10730040990266787], [0.7226333627016278, -0.6894788854074904, 0.04919237428486306]], "T": [-0.0639613374894831, 0.05290618973837184, 0.05486063535966293], "aligned_model": [[0.40711865216020193, -0.3461727082321432, 0.29887504003020804, -0.6457314094752291, -0.5419132921633748, 0.42287867713924054, -0.22802905632257056, 0.11392639468645907, -0.4816287177373958, -0.21833974705675877, 0.4895833656938564, 0.4018791566152795, -0.31720938766152673, 0.3478159312055268, -0.15705184531324518], [-0.578812592382169, -0.6454693522159201, -0.13243674123116672, 0.04081500785178453, 0.09968303363228082, 0.0012190124005652808, -0.456123310416989, 0.48421727791495295, 0.6111011709110774, -0.14950099689432117, -0.4801400548008265, 0.6681447731239243, 0.584012026562132, 0.27495696806733616, -0.06631193300585896], [-0.01907487663265746, 0.27208322288542686, -0.5203325937297133, 0.13185706137699116, -0.48239978045441334, 0.15211392480855293, -0.36836474773245986, -0.5474913626784956, -0.09337647363010831, 0.7427157773149379, 0.5971761762251393, 0.11620461716244224, 0.49039081517205496, 0.7115740249908117, 0.12183793784708112]], "inverted": false, "swapped": false, "error_lsq": 0.04773450715486336, "error_max": 0.332758211860563, "target": "236.xyz", "model": "7.xyz", "model_rescale": 3.964800864290218, "target_rescale": 4.167784892174145},
{"mapping": [0, 1, 10, 2, 13, 4, 5, 9, 3, 8, 7, 11, 12, 14], "R": [[-0.4601919922555131, 0.01238540349894457, 0.8877330297133651], [0.7429917900168268, 0.5527169648863952, 0.37744821723564026], [-0.4859902573421545, 0.833276999866755, -0.2635581743402521]], "T": [-0.10407291234435018, -0.07161336645758812, 0.058707243366719834], "aligned_model": [[-0.3183788701597453, 0.3086071049800733, 0.274153398726618, -0.6293501825918986, 0.31774490423783025, -0.1990541019250186, -0.33805690670050514, 0.657390997454363, 0.3924797565172174, -0.016062946116154025, -0.6947481894669854, -0.03201665272112278, 0.5805279175990217, -0.04204834037282125], [-0.11871766609610154, -0.6189982711402968, 0.1596601568636509, -0.08414014493320496, 0.5953653576481287, -0.5405731865214559, 0.5485517006668276, -0.16251542556108642, -0.40948364054741004, 0.015583161369252488, -0.23927570240407808, 0.5542859308027491, 0.18704682494497307, -0.07584062891074562], [-0.7512546030728533, -0.43347195615966105, -0.5466772883435146, -0.1832428484733794, -0.09513283021288829, 0.5864928548407741, -0.09579726116825688, -0.1329036336254328, 0.3961592675719746, 0.7111685643811354, 0.45528251013404375, 0.49160256591836393, 0.49927764428128074, 0.015312052653435396]], "inverted": false, "swapped": true, "error_lsq": 0.046714686170750364, "error_max": 0.3627680970908573, "target": "236.xyz", "model": "8.xyz", "model_rescale": 4.121658175737393, "target_rescale": 4.167784892174145},
{"mapping": [5, 2, 0, 10, 7, 11, 6, 3, 1, 4, 13, 9, 14], "R": [[-0.48078464480725663, -0.8174808983124768, 0.31712947862314267], [0.4441424846456334, 0.08479920328696594, 0.8919341615022376], [-0.7560314667064884, 0.5696789236193682, 0.32230784249458555]], "T": [-0.10653299995660268, -0.06982597914112937, -0.0160444884158447], "aligned_model": [[-0.5672605729013173, -0.2281749899925717, 0.2505413505238071, 0.24190036448777832, -0.4925796114445741, -0.7324172586515002, 0.08156291070191762, 0.19178315630222667, 0.7355210788120832, -0.11036033350308441, -0.2768008119306252, 0.4330366633047945, -0.05001444927373751], [0.2937387245176118, -0.29586322954852673, 0.07845329185609734, 0.5479697446867915, -0.6878484329558192, 0.25455518807535205, -0.6413945762228777, -0.1470243486221237, -0.030394409364899344, -0.6610301761375277, 0.7128010871475774, 0.38626625601478204, -0.01984168003472782], [-0.3606829537674293, -0.5344298329689855, -0.7608231248635721, -0.2609029176595547, -0.07345654681854281, 0.2795669934690403, -0.17830661627314948, 0.6001069754075682, -0.05561056926568353, 0.3814040489563585, 0.05439274855962488, 0.33842645535157934, -0.008609226168165573]], "inverted": false, "swapped": true, "error_lsq": 0.044628627774290205, "error_max": 0.29380939084175595, "target": "236.xyz", "model": "9.xyz", "model_rescale": 3.833441315466971, "target_rescale": 4.167784892174145},
{"mapping": [7, 3, 12, 5, 1, 11, 6, 12, 0, 2, 9, 10, 13, 8, 14], "R": [[-0.7687923268787935, -0.6011444063259869, -0.2181370231649535], [-0.48675978804462317, 0.771306894074701, -0.4100616830375544], [0.41475687682670703, -0.20907194430581788, -0.8855877456407925]], "T": [-0.05488411163302631, -0.021907004935356213, 0.028015794829193495], "aligned_model": [[0.3998038278624372, -0.17293512316502851, 0.13889951545061138, -0.710256481794599, -0.4942893392532015, 0.6194413993262973, -0.25023743334853327, 0.13889951545061138, -0.34339758260697656, -0.3290181040442155, 0.20568503757047008, 0.3909151138985485, -0.4735305351613751, 0.46753785583730423, -0.04151661245382216], [-0.5047474277175644, -0.7900300375569704, 0.15380758435719158, 0.030294312240157873, 0.28558913552174797, -0.020131326681119464, -0.33298250002389657, 0.15380758435719158, 0.5924437126605548, -0.13894501233315196, -0.3401820533303492, 0.6587589668127993, 0.4217218835206716, 0.17114058246733949, -0.0851911147777997], [0.09156090153839855, 0.4157951330875358, -0.5147478243410984, 0.18675230726711584, -0.47989965330944306, -0.07503289890224282, -0.5432098034199156, -0.5147478243410984, -0.028163690391116693, 0.6820822394330199, 0.7270972196898785, 0.14510989775268554, 0.5414504282625514, 0.5733297221033532, 0.09753756849596676]], "inverted": true, "swapped": false, "error_lsq": 0.05200477414386364, "error_max": 0.4383693674412319, "target": "236.xyz", "model": "10.xyz", "model_rescale": 4.2482417240324, "target_rescale": 4.167784892174145},
{"mapping": [7, 6, 0, 1, 11, 13, 5, 9, 3, 12, 8, 14], "R": [[0.13152703103985092, 0.7596448154502682, -0.6368990457406656], [-0.33049335860538176, -0.5721215169057545, -0.7506338054012711], [-0.934598726739758, 0.30921954054196954, 0.1758081218926947]], "T": [-0.055369953707348145, -0.057072413988110825, 0.044913613297680226], "aligned_model": [[-0.6653048003396319, -0.12238575241947064, 0.4224523471872189, 0.7134898115624361, -0.5034578577317703, 0.13317357876960229, -0.2576722169310596, 0.5804865078348684, 0.09573888913130627, -0.029673569560585193, -0.5061016463372997, 0.016020311197392452], [-0.4598089098337755, -0.6760578759724446, -0.3044155037488558, -0.36273032189737453, 0.5606468710714939, 0.7083129942672411, 0.32676464949829476, 0.2404370958434762, -0.043810061223051526, 0.5705557500170898, 0.13967750595318304, -0.033440803924637004], [0.05283080270536237, 0.01724392793168355, 0.6888789042900141, -0.12122879459879377, 0.00041068888347065013, 0.20332500880232351, 0.5692873016217493, -0.31837669806732344, -0.6270871094120494, -0.5339717404009802, -0.4013880495968855, 0.03526804769578509]], "inverted": true, "swapped": true, "error_lsq": 0.04670057553821169, "error_max": 0.30110992266396824, "target": "236.xyz", "model": "11.xyz", "model_rescale": 3.6694154284099745, "target_rescale": 4.167784892174145},
{"mapping": [10, 9, 3, 12, 13, 0, 5, 2, 8, 7, 6, 11, 1, 14], "R": [[-0.20715603124395882, -0.9168385700221431, -0.341311317185651], [0.9659307564145436, -0.24700409842981344, 0.07724473555720468], [-0.15512624707533995, -0.31368138592946043, 0.9367709621832294]], "T": [-0.005401811745428815, 0.06768061571327458, 0.08543969804980248], "aligned_model": [[-0.08707129111950801, -0.020254784052891474, 0.030082814069052367, 0.6013491505666035, 0.5253556887361261, -0.5539181539185287, 0.34438372301604747, -0.26905830851085777, 0.45680332744059293, -0.03976225174986956, -0.4929679913184064, 0.7527242222574226, -0.6293659277527499, -0.02003536740722399], [-0.3512344782353126, 0.2784668288732626, 0.696816581857815, 0.47574827732869407, -0.28652827462206043, -0.5482140974851017, -0.5069685443802479, -0.29205824366617716, 0.5016807859299721, 0.22200420356652756, 0.24777324975286463, 0.014124782177965867, 0.2157946474955446, 0.06358156954250706], [-0.5317096002651235, -0.6762385542406292, -0.19299076210404362, -0.3561706759392219, -0.4037332720996222, -0.06943953203203934, 0.1886544474479776, 0.4537957520585263, 0.2830884410317125, 0.7990806963853171, 0.42930826976656955, 0.16739751897258792, -0.46310967123633284, 0.011162401906737118]], "inverted": true, "swapped": true, "error_lsq": 0.0462157402577048, "error_max": 0.3008332348598496, "target": "236.xyz", "model": "12.xyz", "model_rescale": 3.9764082729961374, "target_rescale": 4.167784892174145},
{"mapping": [5, 12, 6, 8, 11, 4, 13, 14, 3, 1, 9, 7, 2, 0, 15], "R": [[-0.5486992755915943, -0.5220255857288089, 0.6530071920046164], [0.756367460301176, -0.6427170781014943, 0.12174983578726933], [0.3561423450852329, 0.5607174380748041, 0.7475015616545689]], "T": [-0.050650100676114786, -0.06034116706542923, 0.08668900405916581], "aligned_model": [[0.6618919308094025, -0.2955801004719136, 0.36608143633664886, -0.5877265371997643, -0.6823922742804406, 0.6121242654467142, -0.22467868323163842, -0.15926917992376985, -0.24763380872062546, -0.4380082174659873, 0.16893891580313283, 0.22052519517013017, -0.23169314750892264, 0.38566760677171547, -0.002246347966153535], [-0.4868917828843673, -0.6414894242383685, -0.22521203108802168, 0.3836894170067298, 0.13234115262297108, 0.2104423245266096, -0.42709917290312127, 0.12058055946644324, 0.6859795760301882, -0.20409170693086037, -0.3796441585159839, 0.6001771254255117, 0.34018271643985765, 0.12458120883197359, 0.021808485727240687], [0.20141620809419586, 0.18410323984199797, -0.5320284031265824, 0.20517351101321674, -0.3541284734965563, 0.029503673152241353, -0.37122273830454966, -0.6842048044950263, -0.2489390855040468, 0.5689877184534674, 0.5463904180335258, 0.33410210623959535, 0.7523191925583478, 0.6367240089108485, 0.036717151554914944]], "inverted": true, "swapped": false, "error_lsq": 0.04903174602476555, "error_max": 0.3567174096919889, "target": "236.xyz", "model": "13.xyz", "model_rescale": 4.170626492500431, "target_rescale": 4.167784892174145},
{"mapping": [3, 8, 6, 7, 1, 0, 2, 12, 9, 11, 13, 5, 10, 14], "R": [[-0.5081510317056528, -0.047174698407345214, 0.8599750442929474], [0.36153676320885186, -0.9179503748104731, 0.16327362993998257], [0.781712029986073, 0.3938802574583903, 0.483512817782078]], "T": [-0.11180716262072847, 0.007755861242960883, 0.004684919524323761], "aligned_model": [[0.403390578246634, -0.04338065109574503, -0.4173853715437635, -0.6948150487199874, 0.3521219179970539, -0.3062867040470109, -0.6297576539478174, 0.5417126068533906, 0.6579629530994844, -0.09768218183024448, 0.2588273409091858, -0.3910921043362028, 0.25839629351674215, -0.04882895301007585], [-0.28062045691049187, -0.6523639552762, 0.11608981312976871, -0.3332605327410253, 0.5753005220677705, 0.8198414870648116, 0.26519718050626895, -0.49387824838966643, 0.18735543679604416, -0.5312815538836981, 0.027107317086752937, 0.057564226944184047, 0.5498678237237673, 0.0491554078073799], [-0.35028709435948274, -0.02010226264008907, -0.5275607418137587, -0.2747600802354532, -0.4134517341502909, 0.08762282152074034, -0.00332965651687267, 0.23042990860969695, 0.006462519632117636, 0.5465147315134797, 0.7179262832888538, 0.623347921533534, 0.36813648082083666, 0.012924003917554532]], "inverted": false, "swapped": true, "error_lsq": 0.0464686507241963, "error_max": 0.2799835292168467, "target": "236.xyz", "model": "14.xyz", "model_rescale": 3.9786697098870705, "target_rescale": 4.167784892174145},
{"mapping": [13, 10, 11, 12, 5, 7, 1, 6, 8, 3, 0, 14], "R": [[-0.30860267007436937, 0.8968816750474937, -0.3168085431091971], [0.5808613909233271, -0.08605636011197793, -0.8094407621431574], [-0.753235976675031, -0.4338174314712118, -0.4944067147542928]], "T": [0.043158700650986356, 0.09658904402110133, 0.05310439402904242], "aligned_model": [[-0.06382532452154745, -0.5651120777687297, 0.5504377790079956, 0.4255581130764073, 0.012667384431202314, 0.48318366503225674, -0.5728402419131697, 0.006445509437271804, 0.6846394699851449, 0.260906336174971, -0.7307344032277854, -0.00797161294668132], [-0.2457298522346463, -0.17338802424395236, 0.013705546529396193, -0.6207434082328143, 0.39792691124408497, 0.610606010807743, -0.28443175669310106, 0.3999218364958447, -0.07520746835480199, -0.46746638877176927, 0.4183341453716728, 0.041146938306782524], [-0.6664995586136292, -0.29352517617735463, -0.5127035748559596, -0.20936562608307774, -0.5563959188753721, 0.32959032981462977, 0.4861677233502437, 0.5962812432352799, 0.04653591244244827, 0.3832894628432791, 0.011228329108821926, 0.0453633476845207]], "inverted": false, "swapped": true, "error_lsq": 0.05604723229067002, "error_max": 0.2601277216552437, "target": "236.xyz", "model": "15.xyz", "model_rescale": 3.769337070930944, "target_rescale": 4.167784892174145},
{"mapping": [9, 1, 13, 10, 12, 3, 11, 6, 5, 0, 14], "R": [[-0.2611857153518735, 0.8257518147964867, -0.49991595539294326], [0.7462645696211058, 0.5012250337401865, 0.43802129820406577], [0.612267273520606, -0.25866465918725345, -0.7471421416726446]], "T": [0.16544111348621893, -0.04214182658835964, 0.15355445927289973], "aligned_model": [[-0.26128513549260274, -0.4701789318981995, -0.06326794826170978, -0.5092089755314912, 0.38707934176867465, 0.30444043182819813, 0.5988146133133027, 0.23118160437415158, 0.13816288832978493, -0.5377196342022948, 0.10460787646335673], [-0.0818574059010817, -0.5367295255315269, 0.6538049729058005, 0.2445297978962433, 0.22440689656887236, -0.3737091428222923, 0.559322532971127, -0.575305938456577, 0.573321376761661, -0.05118938299262066, -0.04052968377426357], [-0.5106236641617858, -0.09852798950016889, -0.17781825291542253, -0.006756654856929223, -0.6271592802530828, -0.43409939123196467, -0.032908483362593305, 0.46948791522023187, 0.44283944984852064, 0.611448722089823, 0.10833523634714831]], "inverted": false, "swapped": true, "error_lsq": 0.044285944593369916, "error_max": 0.20781723252784592, "target": "236.xyz", "model": "16.xyz", "model_rescale": 3.7852294659196426, "target_rescale": 4.167784892174145},
{"mapping": [2, 10, 1, 0, 5, 13, 12, 9, 6, 7, 8, 3, 14], "R": [[0.6913491890913906, 0.3741827065161091, 0.6180805779887896], [0.42681386538148813, -0.9017414530383282, 0.06850019117080981], [0.5829804654195453, 0.21644780899007499, -0.783124589655188]], "T": [0.036725082567707484, 0.1153773998618403, -0.09979365187281584], "aligned_model": [[0.1269363679942385, -0.38606862783525264, 0.3696753176700115, -0.0194860605372406, -0.5286543529139145, -0.7274058004404012, -0.2885509076579207, -0.0914980031134163, 0.6107540367197838, 0.4097434459474326, 0.05493141620915365, 0.3053373489545036, 0.018051669219305108], [-0.20002377094222018, -0.3845498653415383, -0.3899341928309444, -0.7146357146165828, 0.02649614382655857, 0.13067684381012074, 0.6864491218810932, 0.025830822837591624, -0.021332625690036786, 0.39002786929746297, 0.7792257428019009, 0.4653932200182407, 0.08143202865122798], [-0.5762356768834632, 0.26674587418100687, 0.48840676486914425, -0.20980541702579564, -0.46812920307302797, 0.14986126532880645, 0.44587867437278195, 0.6750259718452158, -0.30029517212120377, -0.6652176559006013, -0.10514818560536936, 0.4292915205655091, -0.0346240634098294]], "inverted": true, "swapped": true, "error_lsq": 0.04336734249516873, "error_max": 0.2486622151866082, "target": "236.xyz", "model": "17.xyz", "model_rescale": 3.901054581598922, "target_rescale": 4.167784892174145},
{"mapping": [10, 6, 9, 7, 12, 5, 11, 13, 3, 1, 4, 2, 0, 8, 14], "R": [[-0.8943290410111244, 0.01531835024349304, 0.44714753107888255], [-0.339025723676102, 0.6289577212201318, -0.6996240015919082], [-0.291953977691721, -0.7772885777260572, -0.5573018408785184]], "T": [0.005795783091960889, -0.0008135854204095842, 0.12033758114758299], "aligned_model": [[0.4492688862801839, -0.4550964372797327, 0.2938295220722483, -0.6540185688864525, -0.47455425743861385, 0.5623295090639886, -0.29233826203021046, 0.1637014303009177, -0.3844527004755273, -0.3251909205269827, 0.3413810162945809, 0.27084897190686913, -0.4066271518814167, 0.4668835064421255, -0.009963490273449928], [-0.6735114385694753, -0.5774862830657247, -0.12913941434096335, -0.03715814406383798, 0.08149392776482982, 0.20224008136447244, -0.5616621282409219, 0.46986571476201067, 0.6208009237132237, -0.0940954183934004, -0.4712343817185622, 0.7781916578856026, 0.497209309884565, 0.15872914105354752, -0.008889258518563687], [-0.03218439512503972, 0.25727810203700435, -0.45824574748813074, 0.17512003981425028, -0.44043368765347457, -0.07746400442878786, -0.3626696569781773, -0.40978410418502664, -0.09110369349056101, 0.7264991529256865, 0.6603938704141401, 0.20179763263846784, 0.5170554115503526, 0.5701847573584501, 0.06847004553643704]], "inverted": false, "swapped": false, "error_lsq": 0.04582564630141161, "error_max": 0.4252129136752493, "target": "236.xyz", "model": "18.xyz", "model_rescale": 3.9405287249114394, "target_rescale": 4.167784892174145},
{"mapping": [3, 2, 14, 5, 9, 12, 11, 13, 7, 6, 1, 4, 8, 0, 15], "R": [[-0.5003407546208872, -0.6450305396385676, 0.5775766028839633], [-0.8290762395114362, 0.549216720389395, -0.10485028909017324], [-0.24958308905648402, -0.5313159107144219, -0.8095750025036146]], "T": [0.05317748773709834, 0.0334755520116639, 0.03523422081088966], "aligned_model": [[0.6077126991490223, -0.3698467936571343, 0.34900422073225273, -0.7385390945908602, -0.5835602951849415, 0.5957242607006934, -0.3588806297858766, 0.07815602642435804, -0.21327658944157313, -0.277402965348123, 0.3131190411331988, 0.3837184750508641, -0.43276940901616984, 0.1570309752577128, 0.03581113214510441], [-0.6112141630867574, -0.6522045632467629, -0.3381758518760501, -0.128536739259424, 0.3184140879560375, 0.06396011616518238, -0.22597959546367635, 0.23617542329540686, 0.6780137427817813, -0.13141462099383927, -0.2719496058516428, 0.6564514160458863, 0.35490582629452094, 0.30894506013833956, -0.002036243382199765], [0.08313479935243033, 0.3611460492294517, -0.5764035315473918, 0.23068117909598707, -0.2847421431442272, -0.03442748103849029, -0.4959007301495867, -0.6047803728966055, -0.060673517849705275, 0.6847041973890259, 0.5593194102044032, 0.22838897004717734, 0.5177384672650247, 0.6565274375597964, 0.04020098940830031]], "inverted": false, "swapped": false, "error_lsq": 0.04343620268775549, "error_max": 0.24812413299161531, "target": "236.xyz", "model": "19.xyz", "model_rescale": 4.410303926677745, "target_rescale": 4.167784892174145},
{"mapping": [0, 1, 10, 2, 13, 4, 5, 9, 3, 8, 7, 11, 12, 14], "R": [[-0.4601919922555131, 0.01238540349894457, 0.8877330297133651], [0.7429917900168268, 0.5527169648863952, 0.37744821723564026], [-0.4859902573421545, 0.833276999866755, -0.2635581743402521]], "T": [-0.10407291234435018, -0.07161336645758812, 0.058707243366719834], "aligned_model": [[-0.3183788701597453, 0.3086071049800733, 0.274153398726618, -0.6293501825918986, 0.31774490423783025, -0.1990541019250186, -0.33805690670050514, 0.657390997454363, 0.3924797565172174, -0.016062946116154025, -0.6947481894669854, -0.03201665272112278, 0.5805279175990217, -0.04204834037282125], [-0.11871766609610154, -0.6189982711402968, 0.1596601568636509, -0.08414014493320496, 0.5953653576481287, -0.5405731865214559, 0.5485517006668276, -0.16251542556108642, -0.40948364054741004, 0.015583161369252488, -0.23927570240407808, 0.5542859308027491, 0.18704682494497307, -0.07584062891074562], [-0.7512546030728533, -0.43347195615966105, -0.5466772883435146, -0.1832428484733794, -0.09513283021288829, 0.5864928548407741, -0.09579726116825688, -0.1329036336254328, 0.3961592675719746, 0.7111685643811354, 0.45528251013404375, 0.49160256591836393, 0.49927764428128074, 0.015312052653435396]], "inverted": false, "swapped": true, "error_lsq": 0.046714686170750364, "error_max": 0.3627680970908573, "target": "236.xyz", "model": "20.xyz", "model_rescale": 4.121658175737393, "target_rescale": 4.167784892174145},
{"mapping": [11, 8, 7, 5, 2, 12, 4, 10, 3, 1, 6, 0, 14], "R": [[0.9543808310442754, -0.19988837904021095, -0.22181493470890443], [-0.26311771304586457, -0.2117983541844632, -0.9412282009408064], [0.1411605412881116, 0.9566535909562195, -0.2547304624378829]], "T": [0.10718634606460674, -0.04603625098705929, 0.01743469817851295], "aligned_model": [[0.13586064457371766, -0.2772752147923996, 0.1712459439294759, 0.6642876463445756, 0.5745477620390541, -0.4487800171591487, -0.3754751891131921, 0.3309690902091439, -0.5768680489592874, -0.15670191217749718, 0.0660320204204384, 0.6830198514864568, 0.09022032786295714], [-0.4293552117015657, -0.037243687349038955, 0.5686032991663416, -0.3232243727707746, 0.290746665275468, -0.621827815733254, 0.44052619479908034, -0.5924580670996815, -0.10916906758446496, -0.07457886176116943, 0.5476049913500137, -0.022450928155091806, -0.09634623427267952], [0.6781803028636497, 0.5588834613024922, 0.4078120482119466, 0.2931696223108671, -0.035134798025965586, 0.3158490846756454, 0.21184976883394346, -0.4455744793861618, -0.03432026123866075, -0.7836418908889494, -0.16775743931794346, -0.5925190360242604, -0.03668664383481375]], "inverted": false, "swapped": true, "error_lsq": 0.046595071606969185, "error_max": 0.27274254440943885, "target": "236.xyz", "model": "21.xyz", "model_rescale": 4.08911054899281, "target_rescale": 4.167784892174145},
{"mapping": [1, 11, 2, 9, 14, 0, 15, 3, 12, 5, 8, 7, 10, 6, 16], "R": [[0.35588943606454504, 0.7666938552548146, 0.5343437485478517], [-0.8507636677849071, 0.029200811509894613, 0.524736595049684], [0.38670905196909033, -0.6413484582671679, 0.6626675367056201]], "T": [0.0029709934695409876, 0.02884980223885858, 0.047495423616838034], "aligned_model": [[0.46961447706057635, -0.204085797019177, 0.26521479014075866, -0.6857992864550772, -0.45102935674620037, 0.7572110814561042, -0.2778210575828989, -0.0635342995929983, -0.4031225649231431, -0.40968287065930736, 0.195085364115613, 0.20958125726213217, -0.30506055344249494, 0.4107797693339501, 0.038650100620691054], [-0.6129592426009278, -0.6722886536005975, -0.31106821664892204, 0.1288812283474969, 0.13363933446596232, 0.19642139562561525, -0.5166554323225472, 0.37072044520611724, 0.6337591915941228, -0.09308409777713672, -0.39017734227708073, 0.660905784751441, 0.4929257950152429, 0.1769614463739918, 0.057372653364024445], [0.02951236353509544, 0.2742670742128103, -0.5329679782580125, 0.1996033683329303, -0.393781611687145, 0.10336177254997905, -0.3463152936396162, -0.7481051877242397, -0.07142538421717445, 0.6065821489060251, 0.5654436245116331, 0.29971283355327283, 0.6313493850237365, 0.6535639607897624, 0.034112647036532925]], "inverted": true, "swapped": false, "error_lsq": 0.035603803060338675, "error_max": 0.27715336785285966, "target": "236.xyz", "model": "22.xyz", "model_rescale": 4.204369325754507, "target_rescale": 4.167784892174145},
{"mapping": [3, 2, 14, 5, 9, 12, 11, 13, 7, 6, 1, 4, 8, 0, 15], "R": [[-0.5003407546208872, -0.6450305396385676, 0.5775766028839633], [-0.8290762395114362, 0.549216720389395, -0.10485028909017324], [-0.24958308905648402, -0.5313159107144219, -0.8095750025036146]], "T": [0.05317748773709834, 0.0334755520116639, 0.03523422081088966], "aligned_model": [[0.6077126991490223, -0.3698467936571343, 0.34900422073225273, -0.7385390945908602, -0.5835602951849415, 0.5957242607006934, -0.3588806297858766, 0.07815602642435804, -0.21327658944157313, -0.277402965348123, 0.3131190411331988, 0.3837184750508641, -0.43276940901616984, 0.1570309752577128, 0.03581113214510441], [-0.6112141630867574, -0.6522045632467629, -0.3381758518760501, -0.128536739259424, 0.3184140879560375, 0.06396011616518238, -0.22597959546367635, 0.23617542329540686, 0.6780137427817813, -0.13141462099383927, -0.2719496058516428, 0.6564514160458863, 0.35490582629452094, 0.30894506013833956, -0.002036243382199765], [0.08313479935243033, 0.3611460492294517, -0.5764035315473918, 0.23068117909598707, -0.2847421431442272, -0.03442748103849029, -0.4959007301495867, -0.6047803728966055, -0.060673517849705275, 0.6847041973890259, 0.5593194102044032, 0.22838897004717734, 0.5177384672650247, 0.6565274375597964, 0.04020098940830031]], "inverted": false, "swapped": false, "error_lsq": 0.04343620268775549, "error_max": 0.24812413299161531, "target": "236.xyz", "model": "23.xyz", "model_rescale": 4.410303926677745, "target_rescale": 4.167784892174145},
{"mapping": [1, 0, 10, 5, 4, 11, 3, 8, 15, 12, 7, 14, 6, 13, 16], "R": [[-0.9715114548605969, -0.2369907172263915, 0.0009449990301588496], [0.04706219039667688, -0.19683007922028228, -0.9793074441406049], [0.23227277780599564, -0.9513639260885698, 0.20237597887997644]], "T": [0.02621543324858136, 0.06562576625957776, 0.07779700104499872], "aligned_model": [[0.46769248976316424, -0.30213326348286285, 0.2556324815921227, -0.5920811244055315, -0.4386234993791043, 0.6554259107562439, -0.20816374179205074, -0.17842322989830794, -0.20229341451942032, -0.440897747258733, 0.3354322868648848, 0.3224224736562501, -0.28436931857711856, 0.14571924223754396, 0.010661508011447527], [-0.6541392839597869, -0.5677787838036327, -0.018913755032742605, 0.16467509479598952, -0.05728066155069207, 0.11896337134473105, -0.6622974170353275, 0.3479809034595797, 0.7362111870370229, -0.1373836443660224, -0.3419702312802621, 0.6287448014460609, 0.5170900799419837, 0.22397231775380977, -0.04251968923390906], [-0.07508082803519285, 0.3255299629215957, -0.5255311298627332, 0.1369631293406097, -0.4148521131403645, 0.03340374154400864, -0.3959595040957175, -0.6665854687221738, -0.008302306543540708, 0.699703980084055, 0.502274723559896, 0.3086829716846402, 0.6046889967750911, 0.7522092140839909, 0.027768353331425993]], "inverted": true, "swapped": false, "error_lsq": 0.0482555026979444, "error_max": 0.38297575149229873, "target": "236.xyz", "model": "24.xyz", "model_rescale": 4.28219845311461, "target_rescale": 4.167784892174145},
{"mapping": [6, 14, 8, 13, 11, 1, 10, 5, 9, 2, 0, 3, 7, 4, 15], "R": [[0.5352865968068892, 0.1777386721388568, 0.8257585747088642], [-0.42280532531422704, 0.90270217155488, 0.07977748025623771], [-0.7312345151624268, -0.39183893871898406, 0.5583532304363885]], "T": [-0.11976086060783869, 0.06275534600571217, 0.11141622756018528], "aligned_model": [[0.28007488556256993, -0.5292658285513996, 0.29327110384425337, -0.5691784082746794, -0.43294908900824364, 0.4806299150606536, -0.16877619320937703, 0.16100919099057026, -0.39767213676488733, -0.18006282414498745, 0.48922353550429426, 0.3046395074404033, -0.3464795364411671, 0.22806724850408727, -0.0665303169435621], [-0.742226369974625, -0.5744763234179178, -0.19747772258572519, 0.09413511400976955, -0.004500872051540483, 0.22924366520387637, -0.4969935899836678, 0.3397045440784431, 0.6298394612810067, -0.4165074413544495, -0.2969879802079771, 0.7078142080857839, 0.6714912511946597, 0.27961389126186464, 0.032682453977301504], [0.04559109571280086, 0.031503114695366166, -0.38217206573814033, 0.4986572829070312, -0.3288868566586804, -0.03585887186068594, -0.4489260291513673, -0.6434003069211676, -0.12952902071432765, 0.5966490358422016, 0.5179588656345426, 0.17329301571458244, 0.5398847159142293, 0.71692143058219, 0.153228316967015]], "inverted": true, "swapped": false, "error_lsq": 0.05361051838095066, "error_max": 0.33731699539298227, "target": "236.xyz", "model": "25.xyz", "model_rescale": 4.100010024507729, "target_rescale": 4.167784892174145},
{"mapping": [7, 6, 0, 1, 11, 13, 5, 9, 3, 12, 8, 14], "R": [[0.13152703103985092, 0.7596448154502682, -0.6368990457406656], [-0.33049335860538176, -0.5721215169057545, -0.7506338054012711], [-0.934598726739758, 0.30921954054196954, 0.1758081218926947]], "T": [-0.055369953707348145, -0.057072413988110825, 0.044913613297680226], "aligned_model": [[-0.6653048003396319, -0.12238575241947064, 0.4224523471872189, 0.7134898115624361, -0.5034578577317703, 0.13317357876960229, -0.2576722169310596, 0.5804865078348684, 0.09573888913130627, -0.029673569560585193, -0.5061016463372997, 0.016020311197392452], [-0.4598089098337755, -0.6760578759724446, -0.3044155037488558, -0.36273032189737453, 0.5606468710714939, 0.7083129942672411, 0.32676464949829476, 0.2404370958434762, -0.043810061223051526, 0.5705557500170898, 0.13967750595318304, -0.033440803924637004], [0.05283080270536237, 0.01724392793168355, 0.6888789042900141, -0.12122879459879377, 0.00041068888347065013, 0.20332500880232351, 0.5692873016217493, -0.31837669806732344, -0.6270871094120494, -0.5339717404009802, -0.4013880495968855, 0.03526804769578509]], "inverted": true, "swapped": true, "error_lsq": 0.04670057553821169, "error_max": 0.30110992266396824, "target": "236.xyz", "model": "26.xyz", "model_rescale": 3.6694154284099745, "target_rescale": 4.167784892174145},
