[{"mapping": [0, 4, 8, 2, 6, 3, 9, 1, 10, 5, 7, 11], "R": [[0.0986854248764239, -0.9824161896351575, 0.15849169460794388], [0.09942968588633883, 0.16820663969645844, 0.9807243567519721], [-0.990138841012463, -0.08102442042226451, 0.11428087685055807]], "T": [-0.07632302336554869, 0.01975462699937123, -0.05920957372008462], "aligned_model": [[0.13162540449967797, -0.6015002753271588, -0.175272710240151, 0.191345605568569, 0.2852394973177854, -0.7591216391715314, -0.355707713559159, 0.6037638497995315, -0.23848688964736758, 0.4112511797564135, 0.574533719689825, -0.040927935934227035], [-0.5215080025462093, -0.5938668079866771, 0.09425384226164712, -0.5633592545791496, 0.55583878927854, 0.08142369906852062, 0.5460132179327215, -0.10249759342685466, 0.3412742651967981, -0.13557807537327615, 0.5637454607112413, -0.02558099413783755], [0.15662279458292383, -0.05674882358026705, -0.6819152161258148, -0.5461201936303337, -0.3863804801978946, 0.004158325018071923, -0.1790115552655919, -0.21546833049344538, 0.5170623661579494, 0.5941123075555256, 0.36157871357273896, -0.020169528510903506]], "inverted": false, "swapped": false, "error_lsq": 0.050155779607478135, "error_max": 0.28793640042570096, "target": "237.xyz", "model": "0.xyz", "model_rescale": 3.751011558992144, "target_rescale": 3.865740836288311},
{"mapping": [12, 11, 5, 13, 8, 10, 4, 0, 6, 7, 1, 14], "R": [[0.021652575336742065, -0.21486172951742827, 0.9764044260295355], [0.5060323706849305, 0.8446477691027698, 0.17464645993750808], [-0.8622426606241866, 0.49031070081989236, 0.12701578981067732]], "T": [0.04041727183251511, 0.005671466823380104, -0.13301846103861245], "aligned_model": [[0.09217098640135082, -0.4844228476078498, -0.09816438921439183, 0.16036189178572266, 0.15377214335351716, -0.7570175512521448, -0.2797804615787902, 0.7744285767550485, -0.19238729433767401, 0.304542655521521, 0.33285427426413106, 0.020384108661767337], [-0.6931304738171918, -0.40439048614700696, -0.019690489545636982, -0.5269887412657165, 0.5400597997674899, 0.1882527130998763, 0.7256381792260135, 0.0959695000445007, 0.09947353417974314, -0.17484594020783095, 0.4546828873398497, -0.044871936274625185], [0.11390765111340173, 0.30643919639679007, -0.7414902692485218, -0.61196374931624, -0.5098447271819713, -0.18972418887028464, -0.0644960963668152, 0.036032383211874824, 0.5746035788952235, 0.447781221508742, 0.31257652691617765, -0.12610114797541844]], "inverted": true, "swapped": false, "error_lsq": 0.04230622784981069, "error_max": 0.2372201843619236, "target": "237.xyz", "model": "1.xyz", "model_rescale": 3.9405287249114394, "target_rescale": 3.865740836288311},
{"mapping": [1, 7, 8, 4, 9, 3, 10, 2, 6, 0, 5, 12], "R": [[-0.7222521125982938, 0.26474840531867194, -0.6389523986405575], [-0.6613975763300585, -0.5345383601354966, 0.5261387531520356], [-0.2022501715006099, 0.8026063938350321, 0.5611754134877076]], "T": [-0.010950276616021612, 0.016145945254948186, 0.01151136878675587], "aligned_model": [[0.2893125301977336, -0.6075435122912493, -0.06484190375390785, -0.15291412555677836, 0.13948052774952777, -0.5589350349657246, -0.4413476631537985, 0.6587061413193461, -0.25285796573445435, 0.3814756595081212, 0.5742360742431475, 0.061971365190244425], [-0.7078148663211841, -0.47122979414403443, 0.23771147171128118, -0.43352264833574816, 0.6932052009303763, 0.02794893338071393, 0.6369477829321211, -0.09037052561183333, 0.04943988016550553, -0.08491522128089471, 0.39652592002685105, -0.013767587053689825], [0.12530645877142674, 0.19979639991774734, -0.7292275731626474, -0.5074685377750506, -0.4000010180161546, -0.15088651499444358, -0.3637888940834786, -0.054701551958887824, 0.4970295221373541, 0.7454858326146085, 0.2138583231433877, -0.02768206751090324]], "inverted": false, "swapped": false, "error_lsq": 0.05581175233119851, "error_max": 0.34485352026989635, "target": "237.xyz", "model": "2.xyz", "model_rescale": 3.932901565614263, "target_rescale": 3.865740836288311},
{"mapping": [10, 12, 8, 11, 3, 9, 7, 1, 5, 2, 0, 13], "R": [[-0.33932088472107214, -0.3851017658736482, 0.8582295538567213], [0.9380494496395184, -0.07046450989022135, 0.3392609362672445], [-0.07017526076264582, 0.9201800817051675, 0.385154579370369]], "T": [0.04585808291863144, 0.08000945117696982, -0.0288017065536585], "aligned_model": [[0.0858730241370835, -0.4507776279011685, -0.2334737003544393, 0.12261987170265701, 0.2863997560697774, -0.6770668853974486, -0.3655746005137738, 0.7311739053714253, -0.4984877433683933, 0.49835900190432303, 0.5477302273630374, -0.02003313626087211], [-0.6340181930196434, -0.45390598752546, 0.21069668080109244, -0.4597768287933131, 0.3329074258688179, 0.08195092751982654, 0.6634370238198528, -0.180700549804587, 0.06650741077900353, 0.11783591903808367, 0.49243306335695186, 0.002791654358838866], [0.012535541825385469, 0.19795165111329854, -0.6948957902975145, -0.7362245632001967, -0.4014514025895302, -0.15983094086283808, -0.019972106857985072, 0.07674989123718882, 0.44056489000350474, 0.6697768000041631, 0.1354585865490749, 0.027057822158407633]], "inverted": true, "swapped": false, "error_lsq": 0.05068926940599414, "error_max": 0.32710468078406313, "target": "237.xyz", "model": "3.xyz", "model_rescale": 3.9243930471874484, "target_rescale": 3.865740836288311},
{"mapping": [8, 4, 1, 9, 5, 2, 0, 11, 3, 10, 6, 12], "R": [[-0.69647849251494, 0.08851470902782223, 0.7120975043839409], [-0.28419314449812005, -0.9452435465948433, -0.16046461990442942], [0.6589020914251126, -0.31413338553315584, 0.6834970738848047]], "T": [0.03876102486876421, -0.08303073884087722, -0.028905772072076702], "aligned_model": [[0.007429559814373092, -0.4192652769977909, -0.2120111853374348, 0.42927233137881887, 0.17347888333134756, -0.8449030204997828, -0.44984411890365605, 0.8287438247248855, -0.22688917193322633, 0.3251489607339454, 0.38759597021253733, 0.02798533622819091], [-0.711798118571425, -0.31219423413168623, 0.01744475868064814, -0.46888142178371495, 0.5704306573441025, 0.17495429901375334, 0.571564708151251, -0.06270252313474294, 0.3179478219274726, -0.35606479409356817, 0.4819106954877863, 0.017546697509587816], [-0.03141383916724725, 0.27119965717675076, -0.690100352334638, -0.47197186391078927, -0.3873222924532044, 0.03270644651820834, -0.26574362296779, -0.06950159655201768, 0.44183782810521777, 0.5546711931879168, 0.25512216919847797, -0.09176334771792621]], "inverted": false, "swapped": false, "error_lsq": 0.05184137526194272, "error_max": 0.29923593891291933, "target": "237.xyz", "model": "4.xyz", "model_rescale": 3.8936222436046832, "target_rescale": 3.865740836288311},
{"mapping": [9, 6, 1, 0, 2, 5, 4, 3, 7, 8, 10, 11], "R": [[0.7407061127910988, 0.12266059112180845, -0.6605367770681275], [-0.42076883817749083, 0.8511746743834909, -0.3137758093080523], [0.5237442498898343, 0.5103489522609086, 0.6820820387853123]], "T": [0.04468140582791184, -0.0005561450789492196, 0.040473366969582154], "aligned_model": [[0.12807130892175286, -0.6254298093220019, -0.31479923496896606, 0.459943309466424, 0.3150632319777782, -0.732522134877394, -0.25250024447721536, 0.6059935850982298, -0.2525996429397342, 0.4885323657025502, 0.3066266567320619, -0.09963729856127765], [-0.6127660593909011, -0.3964813036756365, -0.1978252194307407, -0.3422727446152595, 0.4459761413550119, 0.21093729234714495, 0.6986136057501294, -0.06364683154573375, 0.1493490507367204, -0.24192309009692028, 0.5260694680485367, 0.06412823691711311], [0.02370766682285424, 0.21018740948878478, -0.6487053822368207, -0.662026188877168, -0.4930629956000604, -0.05115653692480348, -0.1907609841860718, -0.0654994361694547, 0.596261040185829, 0.5795477121223429, 0.2718119686164454, -0.02258389415891853]], "inverted": false, "swapped": false, "error_lsq": 0.051759693129074615, "error_max": 0.32170757200377464, "target": "237.xyz", "model": "5.xyz", "model_rescale": 3.6523030999806103, "target_rescale": 3.865740836288311},
{"mapping": [4, 10, 1, 2, 5, 6, 8, 3, 9, 11, 7, 12], "R": [[0.7363860275825264, -0.6359425104211399, 0.23089552143877798], [-0.6214073949162907, -0.7707135161758142, -0.14090253910864173], [0.2675602136427911, -0.03972152342460534, -0.9627220432981957]], "T": [-0.020336255120225417, 0.06258676938957262, -0.07818704544405278], "aligned_model": [[0.13759461394765546, -0.515205811807808, 0.025828370713801722, -0.020757204906867006, 0.16064830686502396, -0.6147238201308466, -0.4595411579616941, 0.643265307821894, -0.28467913580168686, 0.3696435699908901, 0.5121421786913968, 0.0725268753304486], [-0.4733557954996416, -0.4067861153473962, 0.04118793076213054, -0.5690837185917133, 0.6843887296199334, -0.04871526476157295, 0.57277810867907, -0.08720676973269319, 0.2866203186465235, -0.19445553719434877, 0.32459546696516584, 0.11019119285400707], [0.052024358289843725, 0.3005823548571396, -0.7708527534305558, -0.4991429239205023, -0.28916202159864923, -0.3168075429430549, -0.10070266891967472, -0.2190258335884499, 0.5563164497559357, 0.6677445812975005, 0.2603926639560339, -0.09364628467260727]], "inverted": false, "swapped": false, "error_lsq": 0.0577689421526675, "error_max": 0.28245329957103965, "target": "237.xyz", "model": "6.xyz", "model_rescale": 4.08911054899281, "target_rescale": 3.865740836288311},
{"mapping": [9, 4, 12, 11, 13, 5, 7, 1, 6, 0, 2, 14], "R": [[-0.4620411556321602, 0.8320788210113603, -0.3068595869879949], [-0.872921307291068, -0.36558822419032266, 0.3230381426559716], [0.15660894540016354, 0.41712118857438935, 0.895256137796853]], "T": [-0.0862552720748651, -0.08844082693411925, -0.07890843601008415], "aligned_model": [[0.3731050637104079, -0.6754984024917288, -0.24301383970916451, 0.15696082864314265, 0.2546858392854722, -0.8029950281495201, -0.3209062112632195, 0.644561432332558, -0.12494466606282535, 0.3882451793282686, 0.3437406035380795, 0.032801293590737204], [-0.708120659291703, -0.2932128429929499, 0.13788115926473024, -0.3220859577590858, 0.3984466202994337, 0.12594044358803957, 0.6431089475413986, -0.07269024209272149, 0.11473144719236408, -0.09225112403845656, 0.5112128803430902, -0.2028021256546752], [0.06088532345116243, 0.24928425799450812, -0.7363329777237685, -0.5593113337432983, -0.5062189725785098, -0.22322067559729725, 0.01629045442616614, -0.018867429259511265, 0.37536804838305826, 0.7331820677874225, 0.24614313158467546, -0.08948151564164915]], "inverted": true, "swapped": false, "error_lsq": 0.04716785208657745, "error_max": 0.24921386801827317, "target": "237.xyz", "model": "7.xyz", "model_rescale": 3.964800864290218, "target_rescale": 3.865740836288311},
{"mapping": [12, 4, 1, 7, 5, 0, 3, 9, 6, 11, 10, 13], "R": [[-0.15557312669655377, 0.2410340676098061, -0.9579663775422026], [0.9022868821711294, 0.4294149948763363, -0.038485639364034985], [0.40208877690350986, -0.8703478272661038, -0.2842873107639734]], "T": [-0.06664380795886314, -0.003934093157414175, -0.08339725998108444], "aligned_model": [[0.3187518927790284, -0.3342598631006543, -0.23756298261277142, 0.03976619883922693, 0.32953057551397014, -0.7264630275360906, -0.39018284363938566, 0.5963728822572472, -0.33277171124938804, 0.23780453603585805, 0.5212222780831012, 0.004534157382066056], [-0.647639627270633, -0.44598460182032196, -0.02248825884158009, -0.508542259066147, 0.6506501528259748, 0.21829005821658254, 0.6373724822027024, -0.12082793276093697, 0.12726973606958872, -0.17884339792329557, 0.5162737748251071, 0.014628419942422765], [0.004853952437412573, 0.3941657095161876, -0.8138507286180581, -0.5742135945841291, -0.42049671972354524, -0.25196296392274903, 0.016658047190516986, 0.060134707002701404, 0.41506770113945324, 0.667503043280852, 0.15936033923676357, -0.10949911387244728]], "inverted": true, "swapped": false, "error_lsq": 0.05007012692165221, "error_max": 0.3081575591776426, "target": "237.xyz", "model": "8.xyz", "model_rescale": 4.121658175737393, "target_rescale": 3.865740836288311},
{"mapping": [11, 7, 6, 8, 1, 9, 4, 3, 5, 10, 0, 12], "R": [[0.16375678724285264, 0.6912574232419667, -0.7038088443922654], [-0.7886835606859305, -0.3368244208736693, -0.5143224189230716], [-0.592589196438529, 0.6393062523673566, 0.4900260808858489]], "T": [0.03461681653426446, -0.038334746221654684, -0.06163446815036321], "aligned_model": [[0.21723254914956971, -0.4236422544883211, -0.30406191584738906, 0.06941065142224598, 0.19619913682721998, -0.7737899525391541, -0.31446291875571314, 0.78218819562507, -0.2037064416640753, 0.3406906708331047, 0.39024773561970516, 0.05043663656994491], [-0.623661512074417, -0.5152255831000055, 0.015469240396794773, -0.5106678001635078, 0.5242755669124602, 0.12397698782195284, 0.7778713699353722, -0.22813722461888697, 0.1610006797120353, -0.12911567938053153, 0.6089790493175038, 0.03539345164069399], [0.10291384065657905, 0.07172468541694257, -0.6637838660162841, -0.6150278299962115, -0.4253548346923107, -0.17706069455918755, -0.052755725195086776, 0.10508698766310301, 0.4723929832464152, 0.6272475598376087, 0.2091712604031727, -0.10683398768178157]], "inverted": false, "swapped": false, "error_lsq": 0.035068599564079976, "error_max": 0.1862720718008197, "target": "237.xyz", "model": "9.xyz", "model_rescale": 3.833441315466971, "target_rescale": 3.865740836288311},
{"mapping": [0, 13, 8, 10, 7, 2, 3, 12, 5, 1, 6, 14], "R": [[-0.7191224055454047, 0.03371012909129781, 0.6940652656913748], [0.407502108655225, -0.7885862444348041, 0.4605146756942245], [0.5628543304302951, 0.6139994806877768, 0.5533530883902291]], "T": [0.08456874359779741, 0.08907285132981191, -0.06775095620535936], "aligned_model": [[0.08244427787475024, -0.5067951376036589, -0.20030822095994405, 0.20901451897564716, 0.1552852495979103, -0.6323471675976223, -0.387404697751804, 0.6738261345436637, -0.3065116492724253, 0.4124508600764344, 0.5071673297859443, 0.01992059508331262], [-0.5357222036956844, -0.4157458644937375, -0.11190513283445, -0.5702571770256394, 0.5924357812545994, 0.14068053084890858, 0.817898180645311, -0.03401975504731017, -0.014155747700512492, -0.20596710593428946, 0.4291830684031529, 0.147733971979116], [0.20326488754689254, 0.10869553874216616, -0.7648967998581613, -0.5426733774693755, -0.49849323801489503, -0.06345227999866042, -0.08715610388325414, -0.042373903938986365, 0.4743147078259639, 0.5247468701407901, 0.34086260602553353, -0.10511852803505459]], "inverted": true, "swapped": false, "error_lsq": 0.04238336288191518, "error_max": 0.22647604361233192, "target": "237.xyz", "model": "10.xyz", "model_rescale": 4.2482417240324, "target_rescale": 3.865740836288311},
{"mapping": [3, 7, 10, 8, 0, 9, 4, 1, 5, 2, 6, 11], "R": [[0.13653473628013818, 0.8620677353080068, -0.48805479767116045], [0.8128441284120553, -0.37910326904928815, -0.44222746895934606], [-0.5662532019291011, -0.3363330657801391, -0.752487461801174]], "T": [0.06636472371747676, 0.006644959618250899, -0.023279367593027615], "aligned_model": [[0.20512294245204243, -0.40489240763539397, -0.1802739725015013, 0.07791539145661266, 0.41725569241712923, -0.7151704584476362, -0.35751197849248334, 0.7268643700584358, -0.4140077629570878, 0.46340334722817084, 0.25271984047285795, -0.04468291129893867], [-0.7831987106344095, -0.4205726579592513, 0.10859751098219417, -0.434657663319345, 0.4455817106148526, -0.005373619300979434, 0.7716727305533181, -0.12437733729103292, 0.29120890532911664, -0.18930182264174997, 0.5162119725529314, 0.06436752751381927], [0.09905116721804325, 0.20900939682707523, -0.6096046982178246, -0.44986629427736974, -0.5312651278692573, -0.28475444276810447, 0.006731151462415132, -0.23710155693334184, 0.47916645552533477, 0.5697825822464159, 0.3318197283378008, -0.03524798246822877]], "inverted": true, "swapped": false, "error_lsq": 0.047664231253692034, "error_max": 0.2492374352042736, "target": "237.xyz", "model": "11.xyz", "model_rescale": 3.6694154284099745, "target_rescale": 3.865740836288311},
{"mapping": [9, 7, 12, 10, 1, 5, 0, 8, 6, 11, 4, 13], "R": [[-0.6645438309141289, -0.7469587067010617, 0.020837160973878832], [-0.2645281736212768, 0.26123818292746875, 0.9283207727619514], [-0.6988607458961805, 0.6113978265125188, -0.3711958453178088]], "T": [0.023369573512891862, 0.026024139853437676, -0.06881033738825762], "aligned_model": [[0.2623411634697627, -0.4308086200689176, -0.2725266704940346, 0.020269381089195695, 0.34425940046483033, -0.7774917468243299, -0.2740282279523429, 0.728747570313802, -0.27127851063882175, 0.3205721918683569, 0.36574164464236353, 0.010944516882343547], [-0.7022983082227024, -0.5536776502545091, 0.06317957948064734, -0.4812961394099159, 0.6458885191417884, 0.07938259550295032, 0.6758528647837289, -0.2454404214451604, 0.15953932168226653, -0.13513861984090758, 0.5872718004972155, 0.1468950044840629], [0.17019856979294426, 0.03035276809937179, -0.6794111778357559, -0.4510999008915417, -0.5476332319430031, -0.05024118891281722, -0.06493214649879153, -0.032112586787098316, 0.39509809773726323, 0.5874867123060352, 0.2709853042593292, -0.08097084024297707]], "inverted": true, "swapped": false, "error_lsq": 0.04379375441502465, "error_max": 0.22662009824101337, "target": "237.xyz", "model": "12.xyz", "model_rescale": 3.9764082729961374, "target_rescale": 3.865740836288311},
{"mapping": [4, 9, 13, 6, 11, 12, 10, 3, 1, 7, 8, 15], "R": [[0.5064678664444796, -0.8444699063628742, -0.17424373017889527], [0.6172671814217991, 0.4961836624744606, -0.6105595792656263], [0.6020560829347752, 0.20167387123995367, 0.7725646397941897]], "T": [-0.05917791377235804, -0.09357575763375181, -0.018551577337475096], "aligned_model": [[0.24256660708045336, -0.5318603473953445, -0.20563609180562498, 0.07411480744820009, 0.2707072548728987, -0.6381771372792011, -0.2724177166880471, 0.7483727455503325, -0.4124537601618198, 0.44691722239495724, 0.2659360499994399, 0.038672458735963824], [-0.7364156295997378, -0.3167397888814293, 0.03374452177105794, -0.5467295930431897, 0.5317260272789883, 0.111738754717044, 0.6807163440833265, 0.14367826305523926, 0.30190008674850155, -0.30483132606784086, 0.4792091822595571, -0.13783829592205238], [0.08901637758075326, 0.27854816789829384, -0.5989136149711888, -0.6190042879005689, -0.3801012309706138, -0.19123448079029495, -0.05242526372223722, -0.022540262334733364, 0.33090172587906186, 0.5013258090493217, 0.23810219691990392, -0.025954757554738986]], "inverted": true, "swapped": false, "error_lsq": 0.04548900181047877, "error_max": 0.24181306883321707, "target": "237.xyz", "model": "13.xyz", "model_rescale": 4.170626492500431, "target_rescale": 3.865740836288311},
{"mapping": [9, 10, 0, 1, 2, 8, 4, 3, 12, 11, 6, 13], "R": [[0.9525028715530315, 0.2594777503921058, 0.15940381656247], [0.08456239689891765, -0.7282214135645216, 0.6801049726746601], [0.29255338096480693, -0.6343223706267517, -0.7155750480617101]], "T": [-0.025738603932774065, 0.04638702825874656, -0.08432166181181547], "aligned_model": [[0.15859773268373878, -0.353771989938095, -0.11291888479420391, 0.1701981015409933, 0.23295881374756655, -0.7652399669758689, -0.37949549724010617, 0.6521717565119094, -0.4752280257904281, 0.33025002218137234, 0.5471658206811518, 0.022054210144178167], [-0.7160718445233076, -0.3360769072958039, 0.026117236348135106, -0.5312556769179132, 0.5135299402594381, 0.11107505618998635, 0.6611287564353246, -0.05945499948594317, 0.1867296971727752, -0.17559827553406732, 0.5017050067150726, 0.05833055703576734], [0.11812097397077284, 0.16953605550408188, -0.6741073353345836, -0.5520311683429773, -0.4687502157582959, -0.10689345626187158, -0.08088674273857085, -0.1529409943248567, 0.47600798768598873, 0.4845845467221751, 0.3303533022049653, 0.004727425756130776]], "inverted": true, "swapped": false, "error_lsq": 0.03853632709801475, "error_max": 0.22250380277380838, "target": "237.xyz", "model": "14.xyz", "model_rescale": 3.9786697098870705, "target_rescale": 3.865740836288311},
{"mapping": [3, 0, 6, 9, 7, 1, 10, 8, 4, 2, 5, 11], "R": [[-0.8643004179631723, -0.14764525420326555, -0.48081770601750795], [0.31977546490196357, -0.8991766601905223, -0.29870551688134406], [-0.38823760708542737, -0.4119250085632954, 0.8243720930288156]], "T": [-0.01914116464275309, 0.040258201032302, -0.0771912479663546], "aligned_model": [[0.3787109206191501, -0.37037818267883504, -0.29251306856375103, 0.10303582064774694, 0.21665923144655092, -0.6775860936211635, -0.40001438617607266, 0.488691131227041, -0.17929317915268408, 0.2707063289592727, 0.5370817269568423, -0.048358156911889744], [-0.7801014904018388, -0.48253196637422674, 0.01400352116644911, -0.4434076216247299, 0.5189871900664317, 0.14649818813320487, 0.7799032069568147, -0.03193210371556211, 0.303620949658196, -0.263558288705425, 0.47456294357273826, 0.0041140176674121925], [0.040592143161145275, 0.21798426609759694, -0.8201139793023032, -0.4494202424147262, -0.467181932025838, -0.20303016140634636, -0.0637063368934096, 0.01832338543617147, 0.45187030325029975, 0.6827636107477022, 0.3057644586074182, -0.1661251361747515]], "inverted": true, "swapped": false, "error_lsq": 0.04815971441138217, "error_max": 0.2439870656584141, "target": "237.xyz", "model": "15.xyz", "model_rescale": 3.769337070930944, "target_rescale": 3.865740836288311},
{"mapping": [8, 9, 5, 1, 6, 10, 4, 7, 3, 0, 11], "R": [[-0.4572080674331065, -0.6634009277195704, 0.5923343584284954], [0.7496309085444178, 0.07091622516316798, 0.6580458874299555], [-0.4785543689372764, 0.7448960317449813, 0.4648823699191281]], "T": [-0.017140910497739664, 0.08251267467729509, -0.01441143815654087], "aligned_model": [[-0.27168009487760747, -0.32552194162760506, -0.17225476997836506, -0.6634145992874788, 0.3028357141831898, 0.3477204229842361, 0.7270904999534843, 0.24509245166313556, 0.11308918699087203, -0.45677489888122336, 0.07644415956853286], [-0.015153512220876048, -0.6557824219708696, 0.7217752402281666, 0.4111057404763373, 0.41688624537089425, -0.4557441698414457, 0.22881522224775636, -0.460567277983873, 0.39756937094552325, -0.08121280115842497, 0.08837286153215351], [-0.5127138916318883, 0.05405125524342016, -0.3784380281318099, -0.038640729610888803, -0.6802997294953604, -0.28029791571384566, -0.06372346902889159, 0.39793893733385527, 0.7098298825296078, 0.5286643788117895, 0.007846916917788667]], "inverted": true, "swapped": true, "error_lsq": 0.05086719550550647, "error_max": 0.23831027691551399, "target": "237.xyz", "model": "16.xyz", "model_rescale": 3.7852294659196426, "target_rescale": 3.865740836288311},
{"mapping": [5, 10, 0, 4, 3, 9, 8, 1, 11, 7, 2, 12], "R": [[-0.48852569727335615, -0.7130244474735462, 0.5029301943695815], [0.8380145211009281, -0.5439659327823686, 0.04281035384331314], [0.24305206340939203, 0.4423767639436452, 0.863266177488256]], "T": [0.02934430378418067, 0.017952094269274806, -0.023049764225434248], "aligned_model": [[0.3611930895196085, -0.5644355263002184, -0.227452010495152, 0.10967027486903659, 0.4021707704005385, -0.8114668818788404, -0.3123791598087514, 0.7077149453991335, -0.2795425164012593, 0.3054013701881379, 0.3938636579741665, -0.057995920714192184], [-0.5475433654903938, -0.5208429665594528, 0.05073009302033749, -0.5117565827435308, 0.4834955219462311, 0.19132776720714692, 0.5717375621760321, -0.049277650913364356, 0.2806151299423227, -0.13422083837773455, 0.4208430572565036, 0.005050818935366783], [0.024911459252557215, 0.05682808683886093, -0.6544992170790628, -0.48645362799462244, -0.549134466435742, -0.12423875379013866, -0.050484071539695356, -0.12076152505627755, 0.5881205364600786, 0.6030994989973785, 0.25782660251696, 0.002505856912662332]], "inverted": false, "swapped": false, "error_lsq": 0.04420311696851717, "error_max": 0.24344218723996416, "target": "237.xyz", "model": "17.xyz", "model_rescale": 3.901054581598922, "target_rescale": 3.865740836288311},
{"mapping": [12, 11, 5, 13, 8, 10, 4, 0, 6, 7, 1, 14], "R": [[0.021652575336742065, -0.21486172951742827, 0.9764044260295355], [0.5060323706849305, 0.8446477691027698, 0.17464645993750808], [-0.8622426606241866, 0.49031070081989236, 0.12701578981067732]], "T": [0.04041727183251511, 0.005671466823380104, -0.13301846103861245], "aligned_model": [[0.09217098640135082, -0.4844228476078498, -0.09816438921439183, 0.16036189178572266, 0.15377214335351716, -0.7570175512521448, -0.2797804615787902, 0.7744285767550485, -0.19238729433767401, 0.304542655521521, 0.33285427426413106, 0.020384108661767337], [-0.6931304738171918, -0.40439048614700696, -0.019690489545636982, -0.5269887412657165, 0.5400597997674899, 0.1882527130998763, 0.7256381792260135, 0.0959695000445007, 0.09947353417974314, -0.17484594020783095, 0.4546828873398497, -0.044871936274625185], [0.11390765111340173, 0.30643919639679007, -0.7414902692485218, -0.61196374931624, -0.5098447271819713, -0.18972418887028464, -0.0644960963668152, 0.036032383211874824, 0.5746035788952235, 0.447781221508742, 0.31257652691617765, -0.12610114797541844]], "inverted": true, "swapped": false, "error_lsq": 0.04230622784981069, "error_max": 0.2372201843619236, "target": "237.xyz", "model": "18.xyz", "model_rescale": 3.9405287249114394, "target_rescale": 3.865740836288311},
{"mapping": [10, 1, 8, 5, 7, 0, 4, 11, 12, 14, 13, 15], "R": [[0.5435985533788903, 0.7114691034584422, 0.4453227229643899], [-0.8391813299026161, 0.4711782419161457, 0.2715985270351943], [-0.01659241716130888, -0.52134708128928, 0.8531833991141029]], "T": [-0.02871262265155135, 0.011240379480726967, 0.00033182981320491883], "aligned_model": [[0.31223131547249366, -0.5774400638657885, -0.25460451373164544, 0.19273327435746376, 0.11262445102731942, -0.6504205808286482, -0.4205718299253467, 0.6584657745219549, -0.22806625811663345, 0.4054830839142433, 0.4973492058280829, -0.021041765901287597], [-0.6432561085613151, -0.33735022697826855, 0.05049663522718144, -0.4057560599818427, 0.5604294339637887, 0.13265169486562822, 0.6279533703222745, -0.2029369755595064, 0.20565506073302225, -0.09271659191324273, 0.3726666657400305, -0.02767835145828588], [0.2710634591874374, 0.11391971792837466, -0.720573126103305, -0.6840206575295972, -0.41685010050166016, -0.2668998397017025, -0.027533510990461585, -0.033240673010342926, 0.47213700353411325, 0.6331082504979596, 0.20999784420141962, -0.00338798842927655]], "inverted": false, "swapped": false, "error_lsq": 0.03611713467330531, "error_max": 0.20714666390360903, "target": "237.xyz", "model": "19.xyz", "model_rescale": 4.410303926677745, "target_rescale": 3.865740836288311},
{"mapping": [12, 4, 1, 7, 5, 0, 3, 9, 6, 11, 10, 13], "R": [[-0.15557312669655377, 0.2410340676098061, -0.9579663775422026], [0.9022868821711294, 0.4294149948763363, -0.038485639364034985], [0.40208877690350986, -0.8703478272661038, -0.2842873107639734]], "T": [-0.06664380795886314, -0.003934093157414175, -0.08339725998108444], "aligned_model": [[0.3187518927790284, -0.3342598631006543, -0.23756298261277142, 0.03976619883922693, 0.32953057551397014, -0.7264630275360906, -0.39018284363938566, 0.5963728822572472, -0.33277171124938804, 0.23780453603585805, 0.5212222780831012, 0.004534157382066056], [-0.647639627270633, -0.44598460182032196, -0.02248825884158009, -0.508542259066147, 0.6506501528259748, 0.21829005821658254, 0.6373724822027024, -0.12082793276093697, 0.12726973606958872, -0.17884339792329557, 0.5162737748251071, 0.014628419942422765], [0.004853952437412573, 0.3941657095161876, -0.8138507286180581, -0.5742135945841291, -0.42049671972354524, -0.25196296392274903, 0.016658047190516986, 0.060134707002701404, 0.41506770113945324, 0.667503043280852, 0.15936033923676357, -0.10949911387244728]], "inverted": true, "swapped": false, "error_lsq": 0.05007012692165221, "error_max": 0.3081575591776426, "target": "237.xyz", "model": "20.xyz", "model_rescale": 4.121658175737393, "target_rescale": 3.865740836288311},
{"mapping": [4, 10, 1, 2, 5, 6, 8, 3, 9, 11, 7, 12], "R": [[0.7363860275825264, -0.6359425104211399, 0.23089552143877798], [-0.6214073949162907, -0.7707135161758142, -0.14090253910864173], [0.2675602136427911, -0.03972152342460534, -0.9627220432981957]], "T": [-0.020336255120225417, 0.06258676938957262, -0.07818704544405278], "aligned_model": [[0.13759461394765546, -0.515205811807808, 0.025828370713801722, -0.020757204906867006, 0.16064830686502396, -0.6147238201308466, -0.4595411579616941, 0.643265307821894, -0.28467913580168686, 0.3696435699908901, 0.5121421786913968, 0.0725268753304486], [-0.4733557954996416, -0.4067861153473962, 0.04118793076213054, -0.5690837185917133, 0.6843887296199334, -0.04871526476157295, 0.57277810867907, -0.08720676973269319, 0.2866203186465235, -0.19445553719434877, 0.32459546696516584, 0.11019119285400707], [0.052024358289843725, 0.3005823548571396, -0.7708527534305558, -0.4991429239205023, -0.28916202159864923, -0.3168075429430549, -0.10070266891967472, -0.2190258335884499, 0.5563164497559357, 0.6677445812975005, 0.2603926639560339, -0.09364628467260727]], "inverted": false, "swapped": false, "error_lsq": 0.0577689421526675, "error_max": 0.28245329957103965, "target": "237.xyz", "model": "21.xyz", "model_rescale": 4.08911054899281, "target_rescale": 3.865740836288311},
{"mapping": [6, 8, 9, 10, 14, 11, 15, 13, 1, 0, 4, 16], "R": [[0.8010257618622916, -0.4691679059812412, -0.3718053319011347], [0.17312772864769838, -0.41299058767611285, 0.8941283823166716], [-0.5730484433328692, -0.7805896812590573, -0.24959012621828455]], "T": [0.04666434631028786, 0.05219270110446948, -0.08887074387275132], "aligned_model": [[0.06920216037024492, -0.46256165689925816, -0.1079325667062087, 0.16295077445986939, 0.1766256141691684, -0.716745556850271, -0.37227377441014814, 0.7021942171928355, -0.39064156483727003, 0.381635928111035, 0.4976044378215231, 0.08668408033068772], [-0.6447437066079084, -0.33952824792358766, 0.034024582631521236, -0.5626531386014726, 0.5287396360770792, 0.10593709193645394, 0.6477648643203541, 0.12770829694539276, 0.16372329803009827, -0.21937137999652628, 0.35077919382164996, 0.04777805576640992], [0.1744462117030979, 0.17190807775174896, -0.7840810181922852, -0.5983582012644363, -0.49854826775194494, -0.07438314680033434, -0.12481051715743541, -0.12503632410781568, 0.5640632859425561, 0.5546557803832047, 0.3513466184636871, -0.06348211988708431]], "inverted": false, "swapped": false, "error_lsq": 0.03961872166406571, "error_max": 0.26129519393901396, "target": "237.xyz", "model": "22.xyz", "model_rescale": 4.204369325754507, "target_rescale": 3.865740836288311},
{"mapping": [10, 1, 8, 5, 7, 0, 4, 11, 12, 14, 13, 15], "R": [[0.5435985533788903, 0.7114691034584422, 0.4453227229643899], [-0.8391813299026161, 0.4711782419161457, 0.2715985270351943], [-0.01659241716130888, -0.52134708128928, 0.8531833991141029]], "T": [-0.02871262265155135, 0.011240379480726967, 0.00033182981320491883], "aligned_model": [[0.31223131547249366, -0.5774400638657885, -0.25460451373164544, 0.19273327435746376, 0.11262445102731942, -0.6504205808286482, -0.4205718299253467, 0.6584657745219549, -0.22806625811663345, 0.4054830839142433, 0.4973492058280829, -0.021041765901287597], [-0.6432561085613151, -0.33735022697826855, 0.05049663522718144, -0.4057560599818427, 0.5604294339637887, 0.13265169486562822, 0.6279533703222745, -0.2029369755595064, 0.20565506073302225, -0.09271659191324273, 0.3726666657400305, -0.02767835145828588], [0.2710634591874374, 0.11391971792837466, -0.720573126103305, -0.6840206575295972, -0.41685010050166016, -0.2668998397017025, -0.027533510990461585, -0.033240673010342926, 0.47213700353411325, 0.6331082504979596, 0.20999784420141962, -0.00338798842927655]], "inverted": false, "swapped": false, "error_lsq": 0.03611713467330531, "error_max": 0.20714666390360903, "target": "237.xyz", "model": "23.xyz", "model_rescale": 4.410303926677745, "target_rescale": 3.865740836288311},
{"mapping": [3, 0, 5, 4, 15, 12, 13, 10, 7, 1, 11, 16], "R": [[-0.6633995405647148, 0.6310859948983952, -0.40203422319701615], [-0.31179444281353547, -0.7215634348346271, -0.6181669959972401], [-0.6802097286933806, -0.2847396645231527, 0.6754539573043601]], "T": [0.0770241073196329, 0.16342426989459316, -0.10973961620047187], "aligned_model": [[0.18364881767069824, -0.44335575319548287, -0.2546123519220897, 0.22962599050033744, 0.19576397601217882, -0.722180702946662, -0.38984735086490335, 0.6746287777561689, -0.22196810570385844, 0.2516387968476175, 0.43802068256552634, 0.0853793160326774], [-0.7125252074104775, -0.3349782485130133, -0.027729819283419138, -0.3875343107391105, 0.5045220978343793, 0.09765322500909393, 0.665765110480864, -0.08492463366281686, 0.2186763323817397, -0.22975113322814275, 0.47862544647158034, 0.052359687058787296], [0.06517370229067701, 0.11650260245332358, -0.6088181736641946, -0.4931997584146891, -0.7252615948433034, -0.16561157415419608, 0.044763928227675776, -0.03920291476153011, 0.4814302095049082, 0.6327280007032265, 0.3038437219019977, -0.06462777016093649]], "inverted": true, "swapped": false, "error_lsq": 0.03618451164972079, "error_max": 0.21194880478716277, "target": "237.xyz", "model": "24.xyz", "model_rescale": 4.28219845311461, "target_rescale": 3.865740836288311},
{"mapping": [9, 5, 14, 12, 2, 10, 6, 7, 1, 3, 4, 15], "R": [[-0.9539882388253937, 0.10888537215753635, 0.27937504525805185], [0.12695528346741636, -0.6974157950726245, 0.7053322371641091], [0.2716409324504164, 0.7083467967834216, 0.6515028927826295]], "T": [0.03701342565207334, 0.019702789013677457, -0.06050956122453619], "aligned_model": [[0.211165955924276, -0.5031463048141501, -0.254933999210328, 0.10106223276906974, 0.1951101894784143, -0.6978713129666104, -0.5423195520952577, 0.7624840789205526, -0.15165211106801446, 0.31455399791814653, 0.550997884814127, 0.04129103308198208], [-0.6205083030346581, -0.4395930227462121, 0.1577571061641086, -0.43567650817605075, 0.5670917773220675, 0.023058277454877717, 0.697085346514146, -0.23525210709273697, 0.14681126545280732, -0.12577510494013577, 0.4145687506541423, 0.09059106882710824], [0.06861959000374665, 0.4112483256163967, -0.7503300679702908, -0.6712037123598676, -0.44018143684119915, -0.3599055873680842, -0.1936384711185052, 0.05880656487666721, 0.5379268592230462, 0.6479061062877006, 0.2779419435783735, -0.03946973484502539]], "inverted": true, "swapped": false, "error_lsq": 0.043458302765017526, "error_max": 0.23881817502182814, "target": "237.xyz", "model": "25.xyz", "model_rescale": 4.100010024507729, "target_rescale": 3.865740836288311},
{"mapping": [3, 7, 10, 8, 0, 9, 4, 1, 5, 2, 6, 11], "R": [[0.13653473628013818, 0.8620677353080068, -0.48805479767116045], [0.8128441284120553, -0.37910326904928815, -0.44222746895934606], [-0.5662532019291011, -0.3363330657801391, -0.752487461801174]], "T": [0.06636472371747676, 0.006644959618250899, -0.023279367593027615], "aligned_model": [[0.20512294245204243, -0.40489240763539397, -0.1802739725015013, 0.07791539145661266, 0.41725569241712923, -0.7151704584476362, -0.35751197849248334, 0.7268643700584358, -0.4140077629570878, 0.46340334722817084, 0.25271984047285795, -0.04468291129893867], [-0.7831987106344095, -0.4205726579592513, 0.10859751098219417, -0.434657663319345, 0.4455817106148526, -0.005373619300979434, 0.7716727305533181, -0.12437733729103292, 0.29120890532911664, -0.18930182264174997, 0.5162119725529314, 0.06436752751381927], [0.09905116721804325, 0.20900939682707523, -0.6096046982178246, -0.44986629427736974, -0.5312651278692573, -0.28475444276810447, 0.006731151462415132, -0.23710155693334184, 0.47916645552533477, 0.5697825822464159, 0.3318197283378008, -0.03524798246822877]], "inverted": true, "swapped": false, "error_lsq": 0.047664231253692034, "error_max": 0.2492374352042736, "target": "237.xyz", "model": "26.xyz", "model_rescale": 3.6694154284099745, "target_rescale": 3.865740836288311},
{"mapping": [5, 1, 3, 7, 9, 6, 12, 8, 2, 4, 10, 13], "R": [[0.2854772869888148, -0.9070755142798183, -0.30938120500041566], [-0.2570189017982586, 0.23852977439764633, -0.9365067169242436], [0.9232789409121833, 0.3468682143405637, -0.16504071966719544]], "T": [0.05733230584205056, 0.037436000566271714, 0.006311980730398847], "aligned_model": [[0.10639542777091601, -0.5657427997379343, -0.28976401402950674, 0.11052798806276318, 0.31771202049542524, -0.6280814840012593, -0.424577134716357, 0.679385722020508, -0.27351186016802054, 0.49369320330466754, 0.4707392653304151, 0.02996575842059039], [-0.7506423722854754, -0.5879759126988711, 0.09269091117348821, -0.30087636766635417, 0.4476606956007867, 0.057219611211183706, 0.6277175618377262, -0.09851601512172964, 0.3324984861008003, -0.04984987753490764, 0.4096378089757281, 0.060594016807088674], [0.05634984670294185, -0.010540474529105032, -0.7212196405198067, -0.5217443473373072, -0.4719992560717687, -0.02542092406688006, -0.2151914794707143, -0.047760094143140114, 0.5216855478160318, 0.6973263892188556, 0.23533429308435433, 0.05090051839949693]], "inverted": true, "swapped": false, "error_lsq": 0.043704783546407805, "error_max": 0.24362276560889187, "target": "237.xyz", "model": "27.xyz", "model_rescale": 4.103607728864725, "target_rescale": 3.865740836288311},
{"mapping": [13, 11, 5, 8, 0, 6, 9, 2, 10, 12, 3, 14], "R": [[-0.45754023244415065, 0.1509059798635064, 0.8762900894888563], [0.8889762781348447, 0.056080325495447725, 0.4545065170114111], [0.019445117856986327, 0.9869561197610357, -0.15981084149008257]], "T": [-0.04049847076543866, -0.030505847993924032, -0.023806043495657937], "aligned_model": [[0.12229416756016537, -0.5222102810852673, -0.316611329550438, 0.04480242758936038, 0.3083141223867335, -0.6473559564214992, -0.4403634217726143, 0.6951766522239449, -0.2863903653603519, 0.5507641018624014, 0.44402466733461726, 0.07429730798515591], [-0.612420572422143, -0.5193138148198932, 0.29433406965774095, -0.688498930638034, 0.5066584355657392, 0.05938861900639952, 0.6803956209020412, -0.02076045846277708, 0.1833917982485176, -0.1303156198621511, 0.4719944015205761, 0.015304997703447874], [0.21017332173623685, 0.009083724292260488, -0.6182647279267154, -0.5055205198600139, -0.3392042811380672, -0.18163582445540447, -0.09345551248558953, -0.02660729848634239, 0.3680615992234362, 0.5907996811554035, 0.25234913108984225, -0.11805891406208777]], "inverted": true, "swapped": false, "error_lsq": 0.043998492615905695, "error_max": 0.27281924433717397, "target": "237.xyz", "model": "28.xyz", "model_rescale": 4.137296879288765, "target_rescale": 3.865740836288311},
{"mapping": [7, 10, 8, 5, 1, 9, 0, 4, 2, 3, 11], "R": [[0.6833126881631368, -0.5804620529698234, 0.44288551032668216], [-0.590155548260977, -0.7962481081857669, -0.1330615611939564], [0.4298839367225223, -0.17044868809305957, -0.886649336364327]], "T": [-0.017078562690111376, -0.019651079334927816, -0.07051698262824012], "aligned_model": [[0.5374102616347962, 0.1239505940865081, -0.13314560933646652, -0.6540452268144641, -0.06454271296517654, 0.6870779952545534, 0.5556309116738556, -0.4052463312043401, -0.48501936143613433, 0.0999264979308025, -0.04057800811403611], [-0.373111214122009, -0.6967797367799109, -0.07949750151803123, 0.3311720236657907, 0.6288427611853734, -0.20530086360869287, 0.402865272815036, -0.48750704035250986, 0.13243386848322736, 0.34126222043062193, -0.07523197355094367], [0.24782729672165504, -0.19359175865882688, -0.6233108520065304, -0.26138058450644386, -0.3921270501376174, -0.4089890641735951, 0.021674168221816503, 0.3857209896445421, 0.39098313505955207, 0.6343216489648356, 0.004626092653611122]], "inverted": false, "swapped": true, "error_lsq": 0.044692138443334556, "error_max": 0.25745996101201835, "target": "237.xyz", "model": "29.xyz", "model_rescale": 3.607286011436655, "target_rescale": 3.865740836288311},
