[{"mapping": [0, 5, 1, 11, 13, 3, 8, 4, 7, 6, 10, 14], "R": [[0.8684230636547511, -0.46971993331561357, 0.15875946194942786], [0.32882556737815405, 0.7852571578190396, 0.5246379154544583], [-0.3710998905293983, -0.40340349569623185, 0.8363913503313679]], "T": [-0.1470692996795814, -0.10521214538744458, 0.0049929153927223136], "aligned_model": [[-0.22194366641423335, 0.1738351064206132, 0.46767520721688094, -0.17961976721655987, -0.01987094184129412, -0.6254956661973842, 0.41091370821006856, -0.25708155923979004, 0.6274838210496522, 0.1141974811150315, -0.5015496758794801, -0.15090158476295548], [-0.44068814403686074, -0.5531281396776188, -0.3379543868153111, 0.612645561832488, 0.26826176307949146, -0.5423183446374525, -0.34130599059717376, -0.5172375284894536, 0.2375756686153658, 0.40839325384996505, 0.2630584130477207, -0.0037470901941031864], [-0.597427462321536, -0.06689473847101798, -0.5335650517710756, -0.07673596178161132, -0.602749706335905, -0.1081081672736624, 0.41270405253430487, 0.6695847739787865, 0.033565948058786044, 0.4602991500392618, 0.5948029402490197, -0.0035240315517882786]], "inverted": false, "swapped": true, "error_lsq": 0.04080602394457832, "error_max": 0.2633973084715249, "target": "238.xyz", "model": "0.xyz", "model_rescale": 3.751011558992144, "target_rescale": 4.132926858665884},
{"mapping": [10, 4, 13, 9, 2, 8, 0, 1, 8, 12, 3, 7, 11, 6, 14], "R": [[-0.07685273560340782, 0.964614351189128, 0.25221580146820766], [-0.9949137411714094, -0.05767313494839639, -0.08258605895387905], [-0.06511762172086924, -0.2572799311745899, 0.9641404111208158]], "T": [-0.012009453312942273, -0.002638070602314413, -0.022037390127969368], "aligned_model": [[0.07552067857826465, 0.6054916362148643, -0.7178713469855795, -0.5121474757488649, -0.34879632294394963, 0.21511156883104404, 0.18600916908229242, 0.621614637014565, 0.21511156883104404, -0.44197768838647455, -0.4025635604812892, 0.18163270295499578, -0.11677974048440169, 0.46044465881669183, -0.05024737708728751], [-0.08093468839642232, -0.32569200524684877, -0.10390393779761505, 0.018637530180483777, -0.5390298763144088, -0.6242524317233695, 0.018761791834986018, 0.0816789741459566, -0.6242524317233695, 0.5909076381545768, 0.18742945913879322, 0.551653919195801, 0.6367807287853335, 0.5447230272331711, 0.0334642279321269], [-0.8336172468161278, -0.39607285589621, 0.11582634514219126, -0.45052184569142295, 0.5095607073076532, 0.02725641767997112, 0.7099702529822942, 0.2556255306183792, 0.02725641767997112, 0.09964215836413426, 0.6062521235715856, 0.2860861713839566, -0.4877602420928952, -0.22429634735427295, -0.03747428325207071]], "inverted": true, "swapped": false, "error_lsq": 0.04604523016141378, "error_max": 0.315696917465947, "target": "238.xyz", "model": "1.xyz", "model_rescale": 3.9405287249114394, "target_rescale": 4.132926858665884},
{"mapping": [13, 1, 0, 6, 8, 12, 11, 7, 4, 2, 10, 9, 14], "R": [[0.6504600303644987, -0.4478338587036104, 0.6134709315826219], [0.7590804546240835, 0.41139319986431516, -0.5045319598529854], [-0.026431275147259736, 0.7938516675702296, 0.6075367623362848]], "T": [-0.0640351580945688, -0.056694115494001746, -0.08614646450669505], "aligned_model": [[-0.1592189819405591, 0.1859352713467782, -0.4636438270912764, 0.46446250995135363, 0.5638542359451059, -0.6663198537682253, 0.0027268769682031457, 0.6878832521387227, 0.06476650419706201, -0.4556142854990175, -0.03876029226636887, -0.637532982468069, -0.05255514822977829], [0.6359176786129144, 0.5771895764634906, 0.3349898892178964, -0.19366351456420997, -0.2686566560614172, 0.23218437578119608, 0.2228903536087443, 0.3228941966335741, -0.8039849155473879, -0.738759581524352, -0.5929849394112279, -0.24966464327053012, -0.019519226366673033], [0.1042274285300496, -0.5939167798807743, -0.4959722568437044, 0.4050604193711439, -0.3929697074943733, 0.07087589887435553, 0.5775056924452163, 0.007575774606192048, -0.30641117802037066, 0.0010459637891053475, 0.480341611344426, 0.24773060076539155, 0.008026882101986113]], "inverted": false, "swapped": true, "error_lsq": 0.05063415787410922, "error_max": 0.3568363203647365, "target": "238.xyz", "model": "2.xyz", "model_rescale": 3.932901565614263, "target_rescale": 4.132926858665884},
{"mapping": [0, 3, 12, 5, 13, 11, 9, 7, 8, 6, 2, 4, 10, 14], "R": [[-0.9991420751883697, 0.0369186858445815, 0.018764973322321663], [-0.03931483041417914, -0.9879703665325874, -0.1495623581084799], [0.013017591858046592, -0.15017178659446634, 0.9885742141150777]], "T": [-0.021567308709967783, -0.046329932154977285, -0.025636469387673392], "aligned_model": [[-0.082184343343989, 0.4850307365565724, 0.1659807116529038, -0.20156535224803485, -0.46778674247293095, -0.23119467171880403, 0.5216893866065004, -0.7934455176870336, -0.29383393463674, -0.2316265640283202, 0.7541357951210526, 0.441786186979067, 0.40357129101245737, -0.050747069739997014], [0.04065785830462708, 0.10582339243574727, -0.4836388760985342, 0.45174372755976666, -0.49360131645851313, -0.7056227112171569, -0.4550083623553062, -0.020756372284717883, 0.5024952490938368, -0.2544588243052465, -0.0037494896127510877, 0.45772946571720685, -0.3397863102287951, -0.13833079219967487], [-0.711070147705468, -0.41672886109407464, -0.52004549799744, -0.19386115364755402, -0.3803896265594888, 0.1851910199739873, -0.14999634052388883, 0.3233656280241834, 0.3718248708989468, 0.646607591715145, 0.12476842794607679, 0.3677813918264076, 0.5594241530573929, 0.007024907142871534]], "inverted": false, "swapped": true, "error_lsq": 0.03995225438076123, "error_max": 0.22903714268338415, "target": "238.xyz", "model": "3.xyz", "model_rescale": 3.9243930471874484, "target_rescale": 4.132926858665884},
{"mapping": [9, 3, 10, 11, 6, 12, 13, 4, 8, 5, 7, 1, 14], "R": [[0.00870143668159451, 0.08090093876550743, 0.9966841641696409], [0.04511766134410965, -0.9957386025565126, 0.08043029288546485], [0.9989437830201029, 0.044268199485217874, -0.012314417559207647]], "T": [-0.03848723032029654, -0.04444341902898098, -0.14748271147900183], "aligned_model": [[-0.05873708558919702, -0.4474327669625042, 0.6037542544874883, 0.31517835668298183, 0.6607830279507741, -0.4169479228828419, -0.28697777929323437, 0.23483326345820904, 0.21894242639075578, -0.31877919146712774, 0.2852868085826452, -0.5267182287618749, 0.014020723715278217], [-0.513041155446587, -0.027363505623377818, -0.22888758906477868, -0.6186771250520448, -0.07507750804190005, -0.5972116431441141, -0.5238943377454054, 0.49759163390807326, 0.601034160124149, 0.4144965759987495, 0.12250913751133626, 0.20018712796027072, -0.12383621770278348], [-0.6550429331789255, -0.6624752329013975, -0.5507960265005294, 0.11373584366736506, 0.07486220676395564, -0.29603726226622795, 0.33562446133156215, -0.6525013855307419, 0.07702202977388023, -0.007530190766022571, 0.617729452599095, 0.5036016389244795, -0.1111222865455291]], "inverted": false, "swapped": true, "error_lsq": 0.04230673925620673, "error_max": 0.2520962327841359, "target": "238.xyz", "model": "4.xyz", "model_rescale": 3.8936222436046832, "target_rescale": 4.132926858665884},
{"mapping": [8, 5, 7, 6, 13, 0, 3, 9, 10, 4, 11, 14], "R": [[-0.46786182618839195, 0.05144856775147713, 0.8823028711683901], [0.2211830885301765, 0.9733520396163144, 0.06052973090153997], [-0.855677131249816, 0.22347002450235337, -0.46677381589481065]], "T": [-0.14085771469039027, -0.04884152460383709, 0.021272259542834647], "aligned_model": [[-0.022197707773138925, -0.4546074934711444, -0.22054478425895913, 0.3683443131248764, -0.5886757760625976, -0.7729927873656783, -0.25542253679060256, 0.08355307289262123, 0.6161859556756366, 0.33914038454171236, 0.04664085111103533, -0.11187544940866434], [-0.5694495586762032, -0.4895062411079262, 0.038952663130300075, 0.13753231232826876, 0.5008872861200008, -0.0656865714717238, -0.2583963847984778, 0.2618757096776684, 0.11154978158202208, -0.6605660574036553, 0.6178254694164215, 0.04390449631311215], [-0.4769252814050136, -0.10581784438703715, -0.8178907711011711, -0.47403844290224095, -0.12796076420494204, 0.3061970254705353, 0.6342217962980835, 0.5963425792455782, 0.12283463840767159, 0.15891263435048938, -0.18719413348614428, -0.009396717010290712]], "inverted": false, "swapped": true, "error_lsq": 0.03949062778080151, "error_max": 0.20165851596722006, "target": "238.xyz", "model": "5.xyz", "model_rescale": 3.6523030999806103, "target_rescale": 4.132926858665884},
{"mapping": [1, 7, 8, 5, 4, 13, 6, 0, 11, 9, 10, 3, 14], "R": [[0.41158906053582794, 0.808146046938156, 0.4213008569484122], [0.33622553778930653, 0.29501689703616923, -0.8943810251796724], [-0.8470813614910471, 0.5097695531133477, -0.15029361175077174]], "T": [0.10530434368465308, -0.04638381594656241, -0.04140693496454738], "aligned_model": [[0.24039507724001755, -0.26541384551679553, 0.36584145431101595, 0.5257426714291746, 0.6025193722526851, -0.3472912373040896, -0.3578078300596217, 0.364968221366062, -0.6149470119571245, -0.013087039364842054, -0.1692524530202874, 0.5455653818800165, 0.003850143408083817], [-0.617124119142463, 0.016646068173413353, 0.32164278115763345, -0.1782355693225419, 0.5617107517394299, -0.603185612780612, 0.46745130708537763, -0.6856377183407616, -0.03590407781550539, -0.04545438892246614, 0.5894305742914707, -0.2086119346194537, -0.041901157340337905], [0.573516185201843, 0.718097968481755, 0.5330411044603872, 0.2971531605407811, -0.12232766277674782, 0.05930193217111081, 0.2052815022375491, -0.11204507516069032, -0.10611388900349038, -0.7222842296742665, -0.4012875169515675, -0.5024901468271329, -0.04973359321774173]], "inverted": true, "swapped": true, "error_lsq": 0.04670219365779019, "error_max": 0.30087131453262134, "target": "238.xyz", "model": "6.xyz", "model_rescale": 4.08911054899281, "target_rescale": 4.132926858665884},
{"mapping": [3, 0, 5, 4, 7, 6, 13, 1, 2, 10, 12, 11, 8, 9, 14], "R": [[-0.3064326028612555, 0.9452727046730114, -0.11206504229172398], [0.5648100630553015, 0.08579423109768841, -0.8207490131470296], [-0.7662171053788492, -0.31479971999753475, -0.5601896854765636]], "T": [-0.042766350900298844, 0.0510911071246898, 0.046682486198657794], "aligned_model": [[0.1280858946657747, 0.6141374993709356, -0.7926375622605208, -0.50579010385003, -0.3288135677563486, 0.008515176021869839, 0.12463951088897812, 0.673623558439316, 0.38253111171202453, -0.47947104957189635, -0.3812259287048792, 0.09986823644026532, -0.1597903962600047, 0.5045837953844752, 0.08229693368595517], [-0.11388467369374027, -0.41216366581953456, -0.07469794040236986, -0.024305385967198487, -0.5992278309257935, -0.3890834515009708, -0.05120000839233178, 0.04751098257284682, -0.5940336137329726, 0.6209995013239026, 0.26402371380824663, 0.5440134773042584, 0.5091610803435472, 0.48360683234200597, 0.15525290813929965], [-0.7083300555476054, -0.44171134048950905, 0.09538065329677728, -0.47941053099131203, 0.35417432849573494, -0.18301193991723913, 0.7519528793646378, 0.2039044291963415, 0.27706413938548835, 0.10806918574674464, 0.6366881956748357, 0.33166314243325196, -0.44487244026216877, -0.3109419994137871, 0.017114656654946304]], "inverted": true, "swapped": false, "error_lsq": 0.03807792295077915, "error_max": 0.24444611457190987, "target": "238.xyz", "model": "7.xyz", "model_rescale": 3.964800864290218, "target_rescale": 4.132926858665884},
{"mapping": [0, 12, 3, 1, 4, 13, 5, 9, 11, 6, 7, 8, 10, 14], "R": [[-0.8316468095567084, 0.41234868297588584, 0.3719302996559983], [-0.31379794091707264, -0.9015567728498192, 0.2978694976073002], [0.45814237571998695, 0.13101125515264872, 0.8791709814324937]], "T": [0.04973887883191222, 0.028006463820101996, 0.034141380527319916], "aligned_model": [[-0.24156419274693783, 0.25210837527886465, 0.30111594243826423, -0.7783026478801016, 0.34416739976205823, -0.24310547881158232, -0.36776924506515307, 0.6523951434844621, 0.2167841206703441, 0.1583575595516149, -0.5168512397274985, -0.3014875911920928, 0.7112725804683692, 0.07406716323026152], [-0.20647790350771233, -0.5043192321714539, 0.1369174898561651, -0.0904578269366986, 0.7606880867165094, -0.6345629980768243, 0.33252730765923977, -0.22051068955433495, -0.5081498963293593, 0.07550719992647031, -0.022073191929812663, 0.5905758192714402, 0.14669475735848495, -0.04541045610091174], [-0.5499992103553288, -0.3486504692563804, -0.5639333913891545, -0.1156514282312116, 0.027861443779828417, 0.050177812982773747, -0.17013840976276062, -0.19532740824338354, 0.48987274302778777, 0.7589173917533218, 0.6624089239248434, 0.3398690358847011, 0.4309305655085518, 0.10047743910143303]], "inverted": false, "swapped": true, "error_lsq": 0.04573533837137337, "error_max": 0.3013022027368408, "target": "238.xyz", "model": "8.xyz", "model_rescale": 4.121658175737393, "target_rescale": 4.132926858665884},
{"mapping": [11, 13, 12, 9, 7, 6, 5, 4, 3, 8, 10, 2, 14], "R": [[0.6741899607342405, 0.29017307865937314, 0.6791667551246193], [0.666708554658394, -0.6347528960632822, -0.3906257340275875], [0.3177539928788915, 0.7161622339670094, -0.6214049039466167]], "T": [0.006959417264653704, -0.12467452332936849, -0.0948373743999886], "aligned_model": [[-0.5369971329745483, -0.24282648176751034, 0.26225811327937704, 0.26982258150389843, -0.7064506736441646, -0.6438916973517594, 0.2036099324836677, 0.26682459592138114, 0.648406524095615, -0.19544870699888348, -0.21080445997529929, 0.4331981130601882, -0.0709632111967651], [0.2234138730391503, -0.2408442311170772, 0.15485482780130685, 0.488285276254393, -0.5809835171285932, 0.05584175614879602, -0.6259759895333779, -0.023096328735724925, 0.017703835634224535, -0.5641250872703825, 0.5301707258224542, 0.43027765468714385, -0.07513535619060305], [-0.420420804386177, -0.7650051746150717, -0.6671481096090706, -0.2759299331829439, -0.06196512434973017, 0.19353964206724464, 0.042281644774280897, 0.6438790200150684, -0.12676674237911698, 0.45217986963608403, 0.26973360658268153, 0.27461991249986073, -0.13792237309402156]], "inverted": true, "swapped": true, "error_lsq": 0.041490144861851985, "error_max": 0.23224828425355665, "target": "238.xyz", "model": "9.xyz", "model_rescale": 3.833441315466971, "target_rescale": 4.132926858665884},
{"mapping": [10, 0, 9, 8, 2, 13, 4, 1, 5, 7, 3, 6, 11, 12, 14], "R": [[-0.13671872328234005, 0.8053788355441445, 0.5767780526004824], [-0.5265331895417316, -0.5522680324689614, 0.6463457438738756], [0.8390892628410032, -0.2153252227919899, 0.49956406737727027]], "T": [0.05443080476301126, 0.08989597220847602, -0.005473773946443954], "aligned_model": [[0.05033533085958641, 0.5186427722169471, -0.7351706727198338, -0.5234918479454774, -0.34129253152290234, 0.08814209950536417, 0.16331925885217835, 0.7887810214758667, 0.29204489843462, -0.43975449630816754, -0.5179265609631868, 0.43304060339397304, -0.20937520177563995, 0.4352912417390004, -0.03203280703641329], [-0.019469691645770434, -0.3111274221305478, -0.08859971492459663, -0.05102681282737724, -0.46425484960939045, -0.6991139665200714, 0.1443210675493013, 0.037430338843593716, -0.43046186980327195, 0.5277818199296298, 0.09160263234196143, 0.4944918124066144, 0.5604745843052321, 0.49550232611615463, 0.07842167136773402], [-0.8201985877229094, -0.3012954232032554, 0.045309323285951594, -0.5091656822801619, 0.22467870317462427, -0.11507946088385988, 0.7826212670565128, 0.054409858568868666, 0.3553620061703668, 0.08369376135946685, 0.6477688937948695, 0.3871919802515769, -0.42296538080194757, -0.23666389165684773, 0.0320659365138817]], "inverted": true, "swapped": false, "error_lsq": 0.04642292727037398, "error_max": 0.30816148165961427, "target": "238.xyz", "model": "10.xyz", "model_rescale": 4.2482417240324, "target_rescale": 4.132926858665884},
{"mapping": [4, 8, 7, 1, 10, 11, 6, 13, 5, 12, 3, 14], "R": [[0.8684631359811715, 0.24924342876949143, -0.42854345713938613], [-0.24065726141056318, 0.9676991231426312, 0.07511650683671789], [0.4334234234234663, 0.03789617769921261, 0.9003932561629239]], "T": [-0.06944476201786864, 0.07957109286093997, -0.13991352736110269], "aligned_model": [[-0.7569407108415844, -0.130984501956646, 0.43692995700049253, 0.641461455169478, -0.6375222728233281, 0.15998688051393337, -0.14475499999209418, 0.5735303228071206, 0.054465901969871444, 0.08499245648934575, -0.3654492279828823, -0.03894965799069984], [-0.30380195500296525, -0.5511782706661179, -0.18508149433276036, -0.3603134071214886, 0.43525658708206083, 0.6372301117316119, 0.1707362510367615, 0.4104382384610066, -0.434982922759094, 0.5871830701927182, 0.10347602944876685, 0.15716915198013978], [-0.07726866647612951, 0.22296636049059132, 0.48602264549257784, -0.29235505956092783, 0.2600004354605355, 0.25938131381953494, 0.5849118903579864, -0.18599225417374227, -0.30919590368221334, -0.5750375165584252, -0.7269019281306768, -0.08133902718475462]], "inverted": false, "swapped": true, "error_lsq": 0.04421502735712291, "error_max": 0.2691727016166162, "target": "238.xyz", "model": "11.xyz", "model_rescale": 3.6694154284099745, "target_rescale": 4.132926858665884},
{"mapping": [12, 9, 10, 2, 3, 13, 0, 7, 4, 8, 6, 5, 11, 14], "R": [[0.5815205006004243, 0.6775386229782696, 0.4503058091498958], [0.520387634281436, 0.11566819555498403, -0.8460600325178023], [-0.6253244097813573, 0.7263348283744655, -0.28531929416328133]], "T": [0.06618757167339068, -0.009441477756488306, 0.02315561351930969], "aligned_model": [[0.010230822852816818, 0.0968684382638025, -0.12928036300408335, 0.4704842790946758, 0.5964218146137381, -0.39337785423768973, 0.33964803038217944, -0.4595286811092569, 0.5647003457050663, 0.19449068075680773, -0.44287315045489245, 0.4050087168706319, -0.623390805544247, -0.03113742393373943], [-0.3320944952405592, 0.17064370275035912, 0.7096742173081302, 0.5306216314818106, -0.07016449961220035, -0.5507664533418557, -0.621504065542559, -0.12392056906643241, 0.5742051297012419, 0.18698007155938284, 0.44657944676894556, -0.24352069582099573, 0.05229606416141787, 0.001957803029568491], [-0.5798514615103032, -0.6433571665931715, -0.20883643454831255, -0.3903973370569326, -0.3614348631343776, -0.120997662276214, -0.15477525537230571, 0.6779604696932516, 0.2086053474180267, 0.7147267229163555, 0.2919616807161058, 0.3962284774628639, -0.18595911027587425, -0.004777947786696685]], "inverted": true, "swapped": true, "error_lsq": 0.042324910445806455, "error_max": 0.2856153453479375, "target": "238.xyz", "model": "12.xyz", "model_rescale": 3.9764082729961374, "target_rescale": 4.132926858665884},
{"mapping": [7, 3, 1, 2, 10, 8, 13, 14, 11, 9, 12, 6, 0, 4, 15], "R": [[-0.11709955715268489, -0.8957542791215279, -0.42884958336241547], [-0.7749779396041961, -0.18761824776913355, 0.6034969645581288], [-0.6210449958267761, 0.4030181938070691, -0.6722197918977153]], "T": [-0.024683919351849364, 0.1348827059609345, 0.0663907632885631], "aligned_model": [[0.11698723921245117, 0.5404745819429546, -0.6017134182100778, -0.4715327797515014, -0.3669125462550864, -0.0692390521344575, 0.16785786766129882, 0.6931175120129831, 0.2811386790047214, -0.5056912309486977, -0.42334060440069865, 0.5434511177638396, -0.3099070412509951, 0.30942572407649455, 0.06643705948268643], [0.14192396340566488, -0.3619043043929701, -0.1303412123362485, -0.1416936132922808, -0.5192713268145945, -0.5235796547939588, 0.08704840065694236, -0.08958426889895071, -0.5509589826389227, 0.4936421691090289, 0.14490108730910073, 0.5385250192543842, 0.5010436382521115, 0.6326445832877485, 0.1435764272921406], [-0.6758446457614472, -0.3107590505407058, 0.062414726127449555, -0.5336851898157047, 0.3843671260731304, -0.1867791327503736, 0.6452863373576407, 0.3369156639962774, 0.3245349386292875, 0.028671533316496314, 0.5645734752018665, 0.3793672292087646, -0.49189399908635834, -0.329169069641297, 0.00973336131211059]], "inverted": true, "swapped": false, "error_lsq": 0.04410141240462642, "error_max": 0.3231767023090915, "target": "238.xyz", "model": "13.xyz", "model_rescale": 4.170626492500431, "target_rescale": 4.132926858665884},
{"mapping": [13, 7, 11, 6, 12, 2, 10, 1, 0, 8, 5, 4, 3, 14], "R": [[-0.28604532880591044, 0.013901388078802035, 0.9581152442570785], [0.9225171424688672, -0.2663894875400536, 0.2792825858860941], [0.2591142445320104, 0.9637652163974535, 0.06337519974702532]], "T": [-0.0037210948222907124, 0.06493800775083244, 0.07684511032307118], "aligned_model": [[0.4008032307781131, -0.09365183909293864, -0.2345128879824082, -0.6029655784130433, 0.3408711613210032, -0.37513848939869615, -0.7266201562621647, 0.6428591598268887, 0.6726434809730809, -0.21501423701909594, 0.2820226702587587, -0.4415775483131334, 0.232464453108199, -0.03900039769291956], [-0.149197095405919, -0.7693120668277461, -0.07635191938545738, -0.31167619330117036, 0.4818514302223095, 0.7262549244261898, 0.32112345231080497, -0.476413757978717, 0.21757581022847164, -0.4192897391066547, -0.13881884027692493, 0.2717445768777088, 0.6343584120911486, 0.04422547405162195], [-0.4848661183358346, -0.042283873373253386, -0.593849406439867, -0.11917120693807598, -0.3454024890011979, 0.30236470425499484, -0.06786622892480773, 0.18171018429503633, 0.09397081652959668, 0.581020089296345, 0.5076697360962579, 0.700594035111861, 0.30645839951210785, -0.016475540962296434]], "inverted": true, "swapped": true, "error_lsq": 0.03531246729577954, "error_max": 0.27549972894487834, "target": "238.xyz", "model": "14.xyz", "model_rescale": 3.9786697098870705, "target_rescale": 4.132926858665884},
{"mapping": [5, 4, 7, 1, 6, 11, 3, 9, 13, 0, 10, 14], "R": [[-0.8616953940597861, -0.44161395338079334, 0.24991631406440123], [0.06709609820438689, -0.5873559346986733, -0.8065426954476713], [0.5029703385507909, -0.6782257162284797, 0.5357524767879925]], "T": [-0.022558462911565068, -0.03064837439520418, -0.021344043422030303], "aligned_model": [[-0.03441422528478231, -0.7531371341844039, 0.5165068277718905, 0.5501474773276475, 0.04280571283374702, 0.37712535617637677, -0.4005124453621196, -0.26951604489087155, 0.6572066423353116, 0.19838946568028992, -0.433421204853319, 0.03217416921756987], [-0.5162829008849288, -0.055862514833563026, 0.1185091998405276, -0.607157260381725, 0.5689843492040005, 0.5572701921670604, -0.3612710425418295, 0.22306749330604286, -0.015924449241064814, -0.5831439478138549, 0.6327894465426098, 0.05369592486116416], [-0.2911490807233336, -0.31995583869466676, -0.6580646029176612, -0.26987946160854215, -0.44029836730321986, 0.11155980891777603, 0.4036087903841407, 0.5721637366834444, 0.22908735342083678, 0.3350143185577229, -0.007291578323514649, -0.004828584519152565]], "inverted": true, "swapped": true, "error_lsq": 0.050247353601359034, "error_max": 0.3007563624390487, "target": "238.xyz", "model": "15.xyz", "model_rescale": 3.769337070930944, "target_rescale": 4.132926858665884},
{"mapping": [4, 10, 5, 8, 3, 9, 0, 11, 1, 7, 14], "R": [[0.1717487035063323, -0.6082771295377004, 0.774920200101449], [-0.3190914678711499, 0.7098534018978566, 0.6279241856672467], [-0.9320316614663522, -0.35511558892199563, -0.07217964068111812]], "T": [0.0396470395880792, 0.007069238930879511, -0.021569837554622044], "aligned_model": [[-0.45647003621988524, -0.24661689148306026, -0.08628454976337793, -0.6134140284673371, 0.3940154203341924, 0.4395508601084518, 0.5763899078805295, 0.13612340590985678, 0.14016479107019503, -0.4111690499031421, 0.050336301224748144], [0.03561839946287262, -0.6726852369595595, 0.5469215455724775, 0.3310684666915881, 0.14485455889070847, -0.4432114524222131, 0.44635007947961797, -0.541672489483122, 0.6954969405509208, 0.12450755799863497, -0.07118387215658345], [-0.6352495134421751, -0.2767995791925603, -0.060000715643326506, 0.021435441069779113, -0.5583973040962179, -0.3605912339206654, -0.021316040164698832, 0.4395523331926452, 0.466372705147868, 0.6864029974654364, 0.042808516807692105]], "inverted": true, "swapped": true, "error_lsq": 0.0455540095239614, "error_max": 0.21462719398735655, "target": "238.xyz", "model": "16.xyz", "model_rescale": 3.7852294659196426, "target_rescale": 4.132926858665884},
{"mapping": [11, 1, 8, 7, 13, 0, 3, 5, 6, 10, 9, 4, 14], "R": [[-0.23599761015564535, -0.3223403947689797, 0.916734311510703], [-0.9592033712014205, 0.22839937038845315, -0.1666211879743632], [-0.155672800054004, -0.9186568442603236, -0.36309169890953097]], "T": [-0.030462714607468338, 0.1433241177203569, 0.02369220532379883], "aligned_model": [[-0.00606339030088791, -0.5390040770765245, 0.38674011362614164, 0.12042308539355624, -0.5608902929595379, -0.6807493793988602, -0.2514792791457944, -0.13899259748770343, 0.5189201040255377, 0.5728351553746427, -0.09573234557910669, 0.5517145613190974, -0.02395580757427745], [0.004196826548172494, -0.4659867786992964, -0.2925895429576938, -0.6785081459377528, -0.13874546137622526, 0.21569885164179942, 0.6894386761198452, -0.07575372525275029, -0.16735942614358187, 0.47712156562412344, 0.7597785057129189, 0.42447023101575987, 0.1232940474075549], [-0.6856082246355972, 0.3274196454115175, 0.4350737711929043, -0.11800340584533321, -0.3813961967315399, 0.2538003960372464, 0.31636273647842456, 0.5226935818887938, -0.3518192570093858, -0.34204861901761435, -0.2818157923844987, 0.47709758072906555, -0.07600151897080905]], "inverted": false, "swapped": true, "error_lsq": 0.0449242332091186, "error_max": 0.2834616304587824, "target": "238.xyz", "model": "17.xyz", "model_rescale": 3.901054581598922, "target_rescale": 4.132926858665884},
{"mapping": [10, 4, 13, 9, 2, 8, 0, 1, 8, 12, 3, 7, 11, 6, 14], "R": [[-0.07685273560340782, 0.964614351189128, 0.25221580146820766], [-0.9949137411714094, -0.05767313494839639, -0.08258605895387905], [-0.06511762172086924, -0.2572799311745899, 0.9641404111208158]], "T": [-0.012009453312942273, -0.002638070602314413, -0.022037390127969368], "aligned_model": [[0.07552067857826465, 0.6054916362148643, -0.7178713469855795, -0.5121474757488649, -0.34879632294394963, 0.21511156883104404, 0.18600916908229242, 0.621614637014565, 0.21511156883104404, -0.44197768838647455, -0.4025635604812892, 0.18163270295499578, -0.11677974048440169, 0.46044465881669183, -0.05024737708728751], [-0.08093468839642232, -0.32569200524684877, -0.10390393779761505, 0.018637530180483777, -0.5390298763144088, -0.6242524317233695, 0.018761791834986018, 0.0816789741459566, -0.6242524317233695, 0.5909076381545768, 0.18742945913879322, 0.551653919195801, 0.6367807287853335, 0.5447230272331711, 0.0334642279321269], [-0.8336172468161278, -0.39607285589621, 0.11582634514219126, -0.45052184569142295, 0.5095607073076532, 0.02725641767997112, 0.7099702529822942, 0.2556255306183792, 0.02725641767997112, 0.09964215836413426, 0.6062521235715856, 0.2860861713839566, -0.4877602420928952, -0.22429634735427295, -0.03747428325207071]], "inverted": true, "swapped": false, "error_lsq": 0.04604523016141378, "error_max": 0.315696917465947, "target": "238.xyz", "model": "18.xyz", "model_rescale": 3.9405287249114394, "target_rescale": 4.132926858665884},
{"mapping": [2, 3, 8, 6, 0, 1, 13, 14, 12, 5, 7, 11, 5, 10, 15], "R": [[0.35758825323854904, -0.3173815042601369, 0.878293585254598], [0.7007546166920299, 0.7128642867072215, -0.027703355793303852], [-0.6173115974373148, 0.6253746792851281, 0.4773184494427317]], "T": [0.022841666091854087, -0.07267301208613479, 0.1790179025913846], "aligned_model": [[-0.022585519550426845, 0.6510754818903005, -0.721913011866243, -0.4708208040310295, -0.4692962678058, 0.0022821756153031357, 0.3263373469664988, 0.7760825365207974, 0.3389099829989343, -0.4314767780093959, -0.42141033475552947, 0.28471624821772523, -0.4314767780093959, 0.5296937872720676, 0.03043504275210899], [0.23171576930964521, -0.43613534131991305, 0.01264772597862289, -0.11372240163866548, -0.5399384380760941, -0.5089258045281788, 0.20886023523193503, 0.07709645027114427, -0.4897343745799308, 0.5080285104072831, 0.07823951371720227, 0.5984219651198616, 0.5080285104072831, 0.2857239183583779, -0.054334313259377265], [-0.6337607410614, -0.2666793071701813, 0.07736655310908402, -0.38035296615470715, 0.06884742719384002, -0.31573479565017315, 0.7081296561151039, 0.2786986998235732, 0.3411897286640311, -0.20522568666172605, 0.7038903806659128, 0.1953407915850512, -0.20522568666172605, -0.3032233279660982, 0.14447257779655281]], "inverted": false, "swapped": false, "error_lsq": 0.05091446337292216, "error_max": 0.3332132640126684, "target": "238.xyz", "model": "19.xyz", "model_rescale": 4.410303926677745, "target_rescale": 4.132926858665884},
{"mapping": [0, 12, 3, 1, 4, 13, 5, 9, 11, 6, 7, 8, 10, 14], "R": [[-0.8316468095567084, 0.41234868297588584, 0.3719302996559983], [-0.31379794091707264, -0.9015567728498192, 0.2978694976073002], [0.45814237571998695, 0.13101125515264872, 0.8791709814324937]], "T": [0.04973887883191222, 0.028006463820101996, 0.034141380527319916], "aligned_model": [[-0.24156419274693783, 0.25210837527886465, 0.30111594243826423, -0.7783026478801016, 0.34416739976205823, -0.24310547881158232, -0.36776924506515307, 0.6523951434844621, 0.2167841206703441, 0.1583575595516149, -0.5168512397274985, -0.3014875911920928, 0.7112725804683692, 0.07406716323026152], [-0.20647790350771233, -0.5043192321714539, 0.1369174898561651, -0.0904578269366986, 0.7606880867165094, -0.6345629980768243, 0.33252730765923977, -0.22051068955433495, -0.5081498963293593, 0.07550719992647031, -0.022073191929812663, 0.5905758192714402, 0.14669475735848495, -0.04541045610091174], [-0.5499992103553288, -0.3486504692563804, -0.5639333913891545, -0.1156514282312116, 0.027861443779828417, 0.050177812982773747, -0.17013840976276062, -0.19532740824338354, 0.48987274302778777, 0.7589173917533218, 0.6624089239248434, 0.3398690358847011, 0.4309305655085518, 0.10047743910143303]], "inverted": false, "swapped": true, "error_lsq": 0.04573533837137337, "error_max": 0.3013022027368408, "target": "238.xyz", "model": "20.xyz", "model_rescale": 4.121658175737393, "target_rescale": 4.132926858665884},
{"mapping": [1, 7, 8, 5, 4, 13, 6, 0, 11, 9, 10, 3, 14], "R": [[0.41158906053582794, 0.808146046938156, 0.4213008569484122], [0.33622553778930653, 0.29501689703616923, -0.8943810251796724], [-0.8470813614910471, 0.5097695531133477, -0.15029361175077174]], "T": [0.10530434368465308, -0.04638381594656241, -0.04140693496454738], "aligned_model": [[0.24039507724001755, -0.26541384551679553, 0.36584145431101595, 0.5257426714291746, 0.6025193722526851, -0.3472912373040896, -0.3578078300596217, 0.364968221366062, -0.6149470119571245, -0.013087039364842054, -0.1692524530202874, 0.5455653818800165, 0.003850143408083817], [-0.617124119142463, 0.016646068173413353, 0.32164278115763345, -0.1782355693225419, 0.5617107517394299, -0.603185612780612, 0.46745130708537763, -0.6856377183407616, -0.03590407781550539, -0.04545438892246614, 0.5894305742914707, -0.2086119346194537, -0.041901157340337905], [0.573516185201843, 0.718097968481755, 0.5330411044603872, 0.2971531605407811, -0.12232766277674782, 0.05930193217111081, 0.2052815022375491, -0.11204507516069032, -0.10611388900349038, -0.7222842296742665, -0.4012875169515675, -0.5024901468271329, -0.04973359321774173]], "inverted": true, "swapped": true, "error_lsq": 0.04670219365779019, "error_max": 0.30087131453262134, "target": "238.xyz", "model": "21.xyz", "model_rescale": 4.08911054899281, "target_rescale": 4.132926858665884},
{"mapping": [5, 10, 15, 11, 14, 9, 4, 7, 12, 1, 2, 0, 8, 6, 16], "R": [[-0.4880412145932156, -0.08914710836923007, 0.868256048598444], [0.7323675816016356, 0.4993351499232817, 0.4629277842926103], [-0.4748194375521611, 0.8618104206381463, -0.17840768089449188]], "T": [-0.008391078338948931, -0.0026277863703479155, 0.07201980944977324], "aligned_model": [[0.04230066254948814, 0.5852891473354995, -0.7190918205844381, -0.5624312456972337, -0.21400185960725415, -0.00688078453673353, 0.018691691431320472, 0.6981517826571989, 0.3739030958363441, -0.4700445202940974, -0.5029320680129657, 0.32926369140582773, -0.09969233496367917, 0.47967677114690066, 0.018350899539737425], [-0.17485708274001374, -0.28920554738200444, -0.1595692139782001, 0.130404203540854, -0.5644054838560933, -0.6117536174375668, 0.22341549552260445, 0.018396250098446722, -0.6176097598227264, 0.6428567646542422, 0.19868575979080244, 0.6230895831445695, 0.461409284354601, 0.4699956700724848, 0.01511961943719493], [-0.6102532083560587, -0.39333208508985207, 0.11422006023449252, -0.43909173695895054, 0.30429682333817976, -0.2974542119669149, 0.731157992352564, 0.1504504378762402, 0.21560895512009806, 0.057047328506820705, 0.5579785474487097, 0.37950383852316827, -0.4350262393385267, -0.23454335087719183, 0.10717015281435831]], "inverted": true, "swapped": false, "error_lsq": 0.04628791754399098, "error_max": 0.26538629483307746, "target": "238.xyz", "model": "22.xyz", "model_rescale": 4.204369325754507, "target_rescale": 4.132926858665884},
{"mapping": [2, 3, 8, 6, 0, 1, 13, 14, 12, 5, 7, 11, 5, 10, 15], "R": [[0.35758825323854904, -0.3173815042601369, 0.878293585254598], [0.7007546166920299, 0.7128642867072215, -0.027703355793303852], [-0.6173115974373148, 0.6253746792851281, 0.4773184494427317]], "T": [0.022841666091854087, -0.07267301208613479, 0.1790179025913846], "aligned_model": [[-0.022585519550426845, 0.6510754818903005, -0.721913011866243, -0.4708208040310295, -0.4692962678058, 0.0022821756153031357, 0.3263373469664988, 0.7760825365207974, 0.3389099829989343, -0.4314767780093959, -0.42141033475552947, 0.28471624821772523, -0.4314767780093959, 0.5296937872720676, 0.03043504275210899], [0.23171576930964521, -0.43613534131991305, 0.01264772597862289, -0.11372240163866548, -0.5399384380760941, -0.5089258045281788, 0.20886023523193503, 0.07709645027114427, -0.4897343745799308, 0.5080285104072831, 0.07823951371720227, 0.5984219651198616, 0.5080285104072831, 0.2857239183583779, -0.054334313259377265], [-0.6337607410614, -0.2666793071701813, 0.07736655310908402, -0.38035296615470715, 0.06884742719384002, -0.31573479565017315, 0.7081296561151039, 0.2786986998235732, 0.3411897286640311, -0.20522568666172605, 0.7038903806659128, 0.1953407915850512, -0.20522568666172605, -0.3032233279660982, 0.14447257779655281]], "inverted": false, "swapped": false, "error_lsq": 0.05091446337292216, "error_max": 0.3332132640126684, "target": "238.xyz", "model": "23.xyz", "model_rescale": 4.410303926677745, "target_rescale": 4.132926858665884},
{"mapping": [6, 15, 0, 12, 2, 5, 10, 8, 4, 7, 1, 11, 13, 14, 16], "R": [[-0.22066299097068848, 0.3353905455127223, -0.9158717303184702], [-0.8195547097714065, -0.5728683461914097, -0.012326216914577526], [-0.5288080200860952, 0.7478870502372654, 0.40128174389078103]], "T": [0.05612626556002961, 0.09884849525178177, 0.042958130102566536], "aligned_model": [[0.09215032145308302, 0.6235727620552677, -0.6452634035436857, -0.5186357593823864, -0.3922465253676573, 0.021652396700453096, 0.35276701968241275, 0.67401792771524, 0.1667349369638452, -0.47274618037641275, -0.3903341763533798, 0.20889041313011822, -0.1726898371163367, 0.4295770512424093, -0.00689383859705555], [0.033884641504687216, -0.08658860478828195, -0.17455643802287937, -0.13498800766266011, -0.6620751376526045, -0.4479996091041829, 0.09290073351637539, -0.32964625260758207, -0.5184515100239061, 0.5013478261799106, 0.394365031493759, 0.6742149399573095, 0.4613752815417669, 0.5047823307407565, 0.05740670032672736], [-0.7135999012890364, -0.34810675758074433, 0.10368774085240044, -0.46806529340416037, 0.2728516194007359, -0.265863398544763, 0.6223999592792817, 0.3750858346838999, 0.32684331514762827, 0.05776087356151334, 0.7135387741599124, 0.2582208907809242, -0.5141811201817685, -0.3493456066793547, 0.13650637344066846]], "inverted": true, "swapped": false, "error_lsq": 0.03833560183327612, "error_max": 0.24985737248162965, "target": "238.xyz", "model": "24.xyz", "model_rescale": 4.28219845311461, "target_rescale": 4.132926858665884},
{"mapping": [9, 7, 10, 11, 14, 13, 0, 4, 2, 8, 6, 1, 5, 3, 15], "R": [[0.6767488845653965, -0.28068848770506793, -0.6806062886201785], [-0.667400845854487, -0.6241543398666353, -0.4062111162663573], [-0.3107845848690168, 0.7291401325503122, -0.6097274874173758]], "T": [0.021530687881725605, -0.045529657400886395, -0.058643821046924186], "aligned_model": [[0.10459093405555123, 0.6541364078694081, -0.7516932008728267, -0.43338053064741466, -0.5202212878607164, 0.22416588457592931, 0.27090867155447607, 0.7002873476524212, 0.09303879075558248, -0.4074277702375261, -0.40700402144793335, 0.15763085458913315, -0.32127635117666525, 0.5578532514150474, 0.048944127981448635], [0.03086868961211546, -0.2535073769266015, 0.022927494373438703, -0.09561000606370652, -0.5340654946956239, -0.5927088145121243, 0.12540478414562162, -0.004245847090451546, -0.48973448572347, 0.45441805441510874, 0.056595886793943714, 0.5636648733415163, 0.6487431388406087, 0.46655392839351956, -0.03333289950469974], [-0.7250805937103886, -0.4612618496670716, 0.10610828078523164, -0.3536435044073264, 0.1604044780848407, -0.17022519951457485, 0.6990805417581152, 0.21011930300266007, 0.4574459832567505, 0.1604291886706783, 0.7275657636591363, 0.08361006179087686, -0.4132552975746525, -0.2826390305153716, 0.009075178008232654]], "inverted": false, "swapped": false, "error_lsq": 0.04146918453203438, "error_max": 0.2537598847474678, "target": "238.xyz", "model": "25.xyz", "model_rescale": 4.100010024507729, "target_rescale": 4.132926858665884},
{"mapping": [4, 8, 7, 1, 10, 11, 6, 13, 5, 12, 3, 14], "R": [[0.8684631359811715, 0.24924342876949143, -0.42854345713938613], [-0.24065726141056318, 0.9676991231426312, 0.07511650683671789], [0.4334234234234663, 0.03789617769921261, 0.9003932561629239]], "T": [-0.06944476201786864, 0.07957109286093997, -0.13991352736110269], "aligned_model": [[-0.7569407108415844, -0.130984501956646, 0.43692995700049253, 0.641461455169478, -0.6375222728233281, 0.15998688051393337, -0.14475499999209418, 0.5735303228071206, 0.054465901969871444, 0.08499245648934575, -0.3654492279828823, -0.03894965799069984], [-0.30380195500296525, -0.5511782706661179, -0.18508149433276036, -0.3603134071214886, 0.43525658708206083, 0.6372301117316119, 0.1707362510367615, 0.4104382384610066, -0.434982922759094, 0.5871830701927182, 0.10347602944876685, 0.15716915198013978], [-0.07726866647612951, 0.22296636049059132, 0.48602264549257784, -0.29235505956092783, 0.2600004354605355, 0.25938131381953494, 0.5849118903579864, -0.18599225417374227, -0.30919590368221334, -0.5750375165584252, -0.7269019281306768, -0.08133902718475462]], "inverted": false, "swapped": true, "error_lsq": 0.04421502735712291, "error_max": 0.2691727016166162, "target": "238.xyz", "model": "26.xyz", "model_rescale": 3.6694154284099745, "target_rescale": 4.132926858665884},
