[{"mapping": [5, 7, 10, 9, 0, 2, 1, 8, 10, 4, 6, 11], "R": [[0.140445138046503, -0.40995803351455873, -0.9012267050836739], [-0.024250641972779846, 0.9085512214994966, -0.4170690401788188], [0.9897914273032512, 0.08043064508412888, 0.11765985623118921]], "T": [-0.047204511266625504, 0.10057528486376836, 0.10179365941407817], "aligned_model": [[0.09567616709243104, -0.46761873683737143, -0.5138052815976336, -0.59275022708264, 0.4728157913462221, 0.6752159276919578, 0.2863932904599989, -0.01419395633949691, -0.5138052815976336, 0.38459998077270746, -0.3831951121109355, -0.003104035891618416], [-0.3913925544897379, -0.7065576197048739, 0.11722400788257702, 0.24463716128641083, 0.01970846853248022, 0.041489815066958605, -0.5062210308573369, 0.23697448596215825, 0.11722400788257702, 0.7637610706893612, -0.35372939282460153, 0.07448537107732324], [-0.5510762275644892, -0.15972433837259434, -0.39193489669060744, 0.3275866445671711, -0.22352285859320917, 0.4530312744558065, 0.2514308788129017, 0.7209939920160028, -0.39193489669060744, -0.05969306102163216, 0.5555249272695156, 0.054817917180276274]], "inverted": false, "swapped": false, "error_lsq": 0.06027589998893552, "error_max": 0.3899110755390345, "target": "239.xyz", "model": "0.xyz", "model_rescale": 3.751011558992144, "target_rescale": 4.007339339465422},
{"mapping": [4, 10, 6, 7, 8, 2, 5, 13, 1, 0, 11, 14], "R": [[0.909716423035615, -0.2584109505087889, 0.3250227843035485], [-0.3538272097981041, -0.07277870063916309, 0.932474968210817], [-0.21730700694127458, -0.9632896975419284, -0.15764080481844]], "T": [-0.04964907116129249, -0.03665548357720669, 0.12380243573238292], "aligned_model": [[-0.01979456534353284, -0.2588144959056867, -0.7285101476587819, -0.5050950577804197, 0.48231886297630355, 0.6925622786859709, 0.417625974502534, 0.2548496327492211, -0.18824679946224332, 0.11844675007985075, -0.7604789714508298, -0.07863493548639827], [-0.36008260906183265, -0.8052317819417681, 0.016684107832663136, 0.44520760831203876, -0.12019736325820354, 0.24898227378515295, -0.3979554291464562, -0.07087644480647566, 0.36987904469373467, 0.6960477702378413, -0.31640682891958416, -0.04844655722381406], [-0.5973616044782599, -0.07111818096217523, -0.19247002920100198, 0.1311466678032587, -0.2640752815041415, 0.35023451321923943, 0.3267862479617002, 0.7822943972854008, -0.4250198455838693, 0.021850215405445336, 0.35443423440761423, 0.16879802101532299]], "inverted": true, "swapped": false, "error_lsq": 0.05281360149621667, "error_max": 0.2968819409388199, "target": "239.xyz", "model": "1.xyz", "model_rescale": 3.9405287249114394, "target_rescale": 4.007339339465422},
{"mapping": [8, 9, 5, 0, 4, 7, 3, 6, 2, 1, 11, 12], "R": [[0.9813780610849785, -0.14550322076249234, -0.12540300621926992], [0.07753731600605566, 0.8973698727364054, -0.4344137154045958], [0.17574147446651828, 0.41660067721115085, 0.8919410349902874]], "T": [-0.008952730769139744, -0.05088363712925012, 0.06933379713011191], "aligned_model": [[0.17146126224029798, -0.38210328728108756, -0.7198303192447489, -0.4894227757838563, 0.5724703126474597, 0.6270792857155969, 0.4117664428866916, -0.05600480846812003, -0.36233041819452794, 0.20819706089415715, -0.5316262629111629, -0.023427966594711865], [-0.5852226581121442, -0.685669232881271, 0.022129995680071554, 0.5442491013526645, -0.013662490149489948, 0.13212282988411325, -0.3862811506636442, 0.03647049907177166, 0.3069788503690458, 0.6892793409137635, -0.39005014604880284, -0.012741148912781684], [-0.4622885988345383, -0.25958415113455047, -0.0625689852660039, 0.4126930080251343, -0.32086814121015395, 0.5062339690158504, 0.26247510136665186, 0.6036661377779584, -0.39026197917013605, -0.11019632923688637, 0.41486635285053497, -0.008667028815326647]], "inverted": false, "swapped": false, "error_lsq": 0.05139223077166579, "error_max": 0.39303358228627383, "target": "239.xyz", "model": "2.xyz", "model_rescale": 3.932901565614263, "target_rescale": 4.007339339465422},
{"mapping": [0, 4, 6, 10, 3, 8, 7, 9, 1, 11, 5, 13], "R": [[0.5697158820757395, -0.8136368196537216, -0.11584014595311784], [-0.7942931425992532, -0.5089330220960864, -0.3317914746342153], [0.21100288464962944, 0.2810379062047005, -0.9362133720181599]], "T": [-0.02649939091238144, -0.013911476850960097, 0.008562548372936865], "aligned_model": [[0.07480758272517965, -0.32725455138522747, -0.7079182373689543, -0.45458852156190827, 0.42869486118489336, 0.5949940300887686, 0.27998486957622126, 0.0688668066350824, -0.24436781985339098, 0.26636214193846564, -0.43628954153187605, -0.1170630945412661], [-0.35087892121706404, -0.8144310761662674, -0.04380975070096884, 0.5577641410847719, 0.0231052078421379, 0.18813128489509381, -0.5725064237853216, -0.07537830858477824, 0.26717730544193224, 0.8258178826193433, -0.35483807148674973, 0.007450520561167337], [-0.5616480861059213, -0.17015820895196865, 0.04686019316138048, 0.06398929623679779, -0.21972112601739996, 0.3427950656572721, 0.3307141131360071, 0.7344551412203842, -0.6412767125616644, 0.09099690885007534, 0.4908910413939929, 0.07760172934957857]], "inverted": true, "swapped": false, "error_lsq": 0.04874411141007376, "error_max": 0.2495058875805477, "target": "239.xyz", "model": "3.xyz", "model_rescale": 3.9243930471874484, "target_rescale": 4.007339339465422},
{"mapping": [3, 4, 7, 1, 6, 11, 10, 9, 0, 5, 8, 12], "R": [[0.3975318948689326, 0.4464814186002817, -0.8016375336812747], [0.8047358538221581, 0.2501126240742054, 0.5383715082095615], [0.44087254182477587, -0.8591263109248815, -0.2598718602341659]], "T": [-0.03864376451780108, -0.08630225693731707, 0.08822002833173781], "aligned_model": [[0.11025476157472769, -0.3740292215154183, -0.835022753726071, -0.48231182323205823, 0.5939246916837349, 0.5907748705329854, 0.33060179746022733, -0.06868522889280036, -0.2684704486906325, 0.183014732494338, -0.32055015022675903, -0.03327270155628579], [-0.29217174263266776, -0.5296487842061294, -0.1386484193720408, 0.472195977112954, 0.046522736276764357, 0.08060650795292952, -0.6708292660437787, 0.12457420023359574, 0.39311686105120114, 0.5887393215508281, -0.4358717688141298, 0.019018167393769894], [-0.5349977138352182, -0.11993309183046458, 0.01102453793140154, 0.125618908287373, -0.2338532306221774, 0.5377839586477003, 0.22647200880036306, 0.7607644670167402, -0.5756017534062713, -0.17409557888490534, 0.5294300859901583, 0.03288675727383494]], "inverted": true, "swapped": false, "error_lsq": 0.0462241189821023, "error_max": 0.2641618516357885, "target": "239.xyz", "model": "4.xyz", "model_rescale": 3.8936222436046832, "target_rescale": 4.007339339465422},
{"mapping": [4, 10, 7, 6, 2, 0, 3, 9, 5, 1, 8, 11], "R": [[0.15920445686041218, 0.33935120354852316, 0.9270893708623513], [0.5443245773675798, 0.7532620961821185, -0.3691977368957279], [-0.8236289792068923, 0.5634154551532023, -0.06479451755451969]], "T": [-0.09949155504657345, -0.08171285973983484, 0.10204777329320636], "aligned_model": [[0.019755585273514842, -0.15015928513959972, -0.7178106605322389, -0.5811333853146202, 0.5280448270003438, 0.6894253064128917, 0.24453196179843548, -0.08909346834998724, -0.35537788594480957, 0.33673169143893755, -0.3943617592248382, -0.10432440151204224], [-0.1345172503842308, -0.6500773718006508, -0.17318099819313704, 0.5519480345918106, -0.2945482538800205, 0.08506490517354277, -0.419200799575478, 0.18685476230634912, 0.41960048978222947, 0.5761196901887122, -0.5076499619505693, 0.01719054424473883], [-0.6812889453412556, -0.1697277996381289, -0.06842976431028408, 0.13526894784470184, -0.24154740876378922, 0.46607204695152504, 0.41514798511727063, 0.6586439069509655, -0.4813714313077997, -0.03963632123117952, 0.6288228429187676, -0.03645470382225938]], "inverted": true, "swapped": false, "error_lsq": 0.04926458593187724, "error_max": 0.28393326952153186, "target": "239.xyz", "model": "5.xyz", "model_rescale": 3.6523030999806103, "target_rescale": 4.007339339465422},
{"mapping": [8, 9, 7, 3, 6, 2, 10, 4, 5, 1, 11, 12], "R": [[-0.41607349589704096, 0.8296602426582695, 0.37221865585195574], [0.18285777226350725, -0.3246330338150015, 0.9279959205076795], [0.8907557920860478, 0.45417758102782835, -0.01663862244502201]], "T": [-0.029027867914210935, -0.007140747544538948, -0.007343319975098822], "aligned_model": [[0.08976302338855258, -0.24727833785518763, -0.7110685784280487, -0.3897456056027819, 0.5837778933890725, 0.45658831465848254, 0.35417897179441615, 0.019620297628611706, -0.32781767553642005, 0.293860583455094, -0.5842969413962665, -0.11135341958953723], [-0.2293735543179004, -0.6802886069024663, 0.008549170473236136, 0.47765317950194996, -0.13946147201247713, 0.33901284699397893, -0.5996835647459944, -0.030827185933488096, 0.2724304228090588, 0.5943815599393851, -0.41235417778798944, 0.05756517248600304], [-0.6320067544769269, -0.15533510012867588, 0.02997095841211922, 0.3354368792250044, -0.17934560734911228, 0.4623014888120375, 0.32540067989639754, 0.5637993159335523, -0.5518322009955906, -0.1349710111905632, 0.5422450124389859, -0.02016430520869386]], "inverted": false, "swapped": false, "error_lsq": 0.044647096765534154, "error_max": 0.30875841314923047, "target": "239.xyz", "model": "6.xyz", "model_rescale": 4.08911054899281, "target_rescale": 4.007339339465422},
{"mapping": [7, 5, 12, 11, 6, 3, 4, 8, 13, 1, 10, 14], "R": [[-0.111463605569662, -0.48668499206349347, -0.8664372932495278], [0.31181156660481935, -0.8449688013606149, 0.4345126829663939], [-0.9435832827921758, -0.22173281946379286, 0.2459372790119016]], "T": [0.001414599292602771, 0.04339544158347673, 0.03380029168783949], "aligned_model": [[0.07910889227927845, -0.20411654187965322, -0.6661497427916222, -0.45692525520546434, 0.4514999639467032, 0.7042504983701937, 0.27577799401356784, 0.041033398095604474, -0.39211551774383013, 0.1253062402839473, -0.5322175009382316, 0.0007760974754945846], [-0.32435273081363636, -0.6850001914795103, -0.09425307857733349, 0.36425679894356855, -0.06930358814521255, -0.0005669688704132564, -0.5261063697096113, -0.05739815269742249, 0.3279441871173675, 0.752034681543587, -0.21093409951050346, 0.18128330270241683], [-0.6429669083694141, -0.05393784897247189, -0.17455673863845414, 0.21129291150310597, -0.15022432534986252, 0.3951040997229218, 0.3456366338183465, 0.707164959173689, -0.5139775654330959, -0.10912398104644436, 0.44590242057355306, 0.12518569838666066]], "inverted": false, "swapped": false, "error_lsq": 0.04067087303702747, "error_max": 0.27337013669060606, "target": "239.xyz", "model": "7.xyz", "model_rescale": 3.964800864290218, "target_rescale": 4.007339339465422},
{"mapping": [3, 5, 1, 7, 6, 11, 10, 9, 2, 4, 8, 13], "R": [[0.5718027908879614, -0.7715667951332641, -0.2787942771660176], [-0.6953366460443069, -0.6361428385604946, 0.334408788186033], [-0.4353716998159077, 0.002639999238730817, -0.9002469180193992]], "T": [-0.0577583786768292, 0.03114723961442101, -0.03877671637907656], "aligned_model": [[0.16817903001516432, -0.2636007542040313, -0.7763991562378121, -0.6385089778484644, 0.45880810038205266, 0.6420951200193373, 0.2773131946712555, 0.05496203208024861, -0.25779401414073877, 0.3263431086849397, -0.48487938462314495, -0.08028977289281924], [-0.4184756415599258, -0.771920672033396, -0.020191022229351468, 0.36531768857857333, 0.0978038649085051, 0.21405540365640766, -0.615441554995125, -0.0787228642989512, 0.5738034241704102, 0.6182351793453049, -0.2903629831460276, -0.01649703189312778], [-0.5610355102547118, 0.06976621838552816, -0.24863311220679718, 0.2018724422784938, -0.29416228800686517, 0.3660479473745104, 0.3417281908516255, 0.6313571478998709, -0.3614510687248713, -0.09250932698813893, 0.5137234233016433, 0.01879529145824673]], "inverted": true, "swapped": false, "error_lsq": 0.04605005200414743, "error_max": 0.23505985390215536, "target": "239.xyz", "model": "8.xyz", "model_rescale": 4.121658175737393, "target_rescale": 4.007339339465422},
{"mapping": [2, 3, 11, 7, 1, 4, 0, 5, 8, 6, 10, 12], "R": [[-0.5327413773534693, -0.6010755068263689, -0.5957305262859647], [0.2898250493927247, -0.7909586397041499, 0.5388746338638197], [-0.7951025503669533, 0.11442318545987412, 0.5955831336003246]], "T": [-0.0886284892237339, 0.056210980637513494, 0.07230891584997504], "aligned_model": [[0.08168164927431137, -0.38745177100978573, -0.7069680799490022, -0.5414996147555244, 0.5516823132125996, 0.695574926760436, 0.38543321796362956, -0.07606810684923765, -0.33084138015846165, 0.20669538919848318, -0.44685046892532265, -0.005159548856137813], [-0.2967410596619139, -0.6240657091042864, -0.03216262326504622, 0.5178252918281425, -0.07004986049421315, 0.16389286401030745, -0.5230855033354216, -0.0028528897411001647, 0.3674267037130094, 0.5897821808744624, -0.475716384318407, 0.04335077999776338], [-0.5010720786311238, -0.19342076470260258, -0.04117381952631535, 0.26474301282027674, -0.14903243137999542, 0.4742511157628131, 0.3141876552163684, 0.687184189613916, -0.5400888526819961, -0.25673155461731345, 0.47877062654987645, 0.04788225694462982]], "inverted": false, "swapped": false, "error_lsq": 0.03670900046801912, "error_max": 0.18819706459192867, "target": "239.xyz", "model": "9.xyz", "model_rescale": 3.833441315466971, "target_rescale": 4.007339339465422},
{"mapping": [3, 4, 6, 12, 2, 13, 5, 0, 7, 8, 1, 14], "R": [[0.4617259393583883, 0.11251496019863008, -0.8798576820458608], [-0.8441936229431658, -0.24876026523277958, -0.47482150059091655], [-0.27229815259326773, 0.9620076476685714, -0.019874655254259327]], "T": [-0.11484944793386823, 0.11385753846221632, 0.05039047215434738], "aligned_model": [[0.10851528046913869, -0.27484534723050946, -0.6801509285759353, -0.6344871259417731, 0.5418211726725568, 0.566888127322048, 0.1983142718633565, 0.03538879598546954, -0.2671398176838855, 0.32416104223909015, -0.42605133913137405, -0.06618560608219434], [-0.2630017678822979, -0.613220820528373, -0.2609857109701083, 0.2949598388086084, -0.1018331233547174, -0.017431921164290584, -0.4363481759026076, 0.10089794464138191, 0.3320419210146715, 0.7317526486265842, -0.2174669983526059, 0.1082399555670514], [-0.699547599338636, -0.2353908291689718, 0.01638543747096178, 0.29574470120811974, -0.14686948162487426, 0.44241534086782436, 0.28837651785885904, 0.7145316323723382, -0.5604427254318864, -0.1313642656925733, 0.6326158298410118, -0.030955202993639123]], "inverted": true, "swapped": false, "error_lsq": 0.044713556962264506, "error_max": 0.22465757978280576, "target": "239.xyz", "model": "10.xyz", "model_rescale": 4.2482417240324, "target_rescale": 4.007339339465422},
{"mapping": [10, 9, 4, 6, 8, 3, 7, 2, 0, 1, 5, 11], "R": [[-0.5837353211167619, 0.636257695187533, 0.5044097740878534], [0.3020237813695844, 0.7468109590410444, -0.5924989678838378], [-0.7536807748429891, -0.19351882794923073, -0.628104890015376]], "T": [-0.02477710327810708, 0.03129011778953829, 0.0685478862302473], "aligned_model": [[-0.021179778043827112, -0.11870621813493007, -0.8452078856541467, -0.5550470527025521, 0.5042687923700298, 0.7154095119477606, 0.21027105750989952, 0.09157314199223013, -0.2251099763519168, 0.3014981084292439, -0.5310033800696851, -0.10053779538611857], [-0.19997573217862818, -0.7389700866423459, -0.20927368655228673, 0.3355832775641069, -0.06657332196652384, -0.007877419094378765, -0.5181873264318355, 0.3881442237974372, 0.45961543713682096, 0.6402977550914897, -0.3609555423040279, -0.06422378791653162], [-0.5327054118265306, -0.20927839220588593, -0.11816571156775288, 0.2846533970225029, -0.22707182964098196, 0.3981860289665903, 0.38695508950535273, 0.7064154695385019, -0.5232659668569319, -0.07910284248932181, 0.4610583563390448, 0.03782116858394681]], "inverted": true, "swapped": false, "error_lsq": 0.05111176229139117, "error_max": 0.34747948217599034, "target": "239.xyz", "model": "11.xyz", "model_rescale": 3.6694154284099745, "target_rescale": 4.007339339465422},
{"mapping": [6, 7, 9, 8, 0, 1, 12, 2, 11, 4, 10, 13], "R": [[0.13774251801428639, 0.3070339305524399, 0.9416778452425243], [-0.9115706214410577, -0.3325481211693231, 0.24176589757928438], [0.3873835319894843, -0.8917073020875589, 0.23407709530639553]], "T": [-0.016111477699226405, -0.09080089375176997, 0.003678072206111792], "aligned_model": [[0.07548331301480923, -0.4370187137314248, -0.8183533600598466, -0.4872731991217021, 0.6689915201601546, 0.5798032857602876, 0.2647257300182708, -0.02492452750721754, -0.4229686490734194, 0.3082471956185308, -0.38220778239438097, 0.10172371322192619], [-0.13382116398427707, -0.6664580562110274, -0.07906814874759421, 0.4250920820110687, -0.09890683133041062, 0.2549395865733281, -0.5410152216351958, 0.11172348321630024, 0.32929401007151776, 0.5328035784221474, -0.41709319506232234, -0.05988633282023807], [-0.5527520528921291, -0.20517893254746422, -0.027250422281085464, 0.29429624289724804, -0.19956080332098422, 0.49543269501826576, 0.4281848707340073, 0.6243388332334977, -0.4468950770051649, -0.22781180463200476, 0.40745476432993716, -0.004758958165589421]], "inverted": true, "swapped": false, "error_lsq": 0.046454399575750364, "error_max": 0.2588547189764578, "target": "239.xyz", "model": "12.xyz", "model_rescale": 3.9764082729961374, "target_rescale": 4.007339339465422},
{"mapping": [7, 8, 1, 12, 4, 6, 14, 13, 9, 5, 10, 15], "R": [[-0.40482079256141856, -0.9141150693279793, 0.022666405481437002], [-0.8197932911291684, 0.37380710061036926, 0.4338285506428503], [-0.40504207896162076, 0.1570410505593147, -0.9007102878893275]], "T": [-0.05956450719725297, -0.06046944936218952, 0.009350218554023335], "aligned_model": [[0.16343640047005736, -0.39276372257192943, -0.6855913007466662, -0.46189284773291595, 0.5272462069536646, 0.5870434869623604, 0.4074764615125, 0.004936401276883037, -0.2875736832100744, 0.25469682857715, -0.7210960891250692, 0.030310383540027686], [-0.38809587491016, -0.6792936027291935, -0.036100653520567454, 0.3006073354375327, 0.06359560408450489, 0.1471722824217041, -0.4514961382466249, 0.03128378288431159, 0.426714026696044, 0.6950556251795865, -0.3389840675925351, -0.11285452920130651], [-0.6340510709886742, -0.06606719808072849, -0.09466513516101824, 0.3484210029468737, -0.38577605246599755, 0.3592670926968669, 0.5268237944028775, 0.6109327343947264, -0.2592818771221876, -0.1729834876295836, 0.37122377727633626, -0.01834422490095714]], "inverted": true, "swapped": false, "error_lsq": 0.046466437081953645, "error_max": 0.25601571153797675, "target": "239.xyz", "model": "13.xyz", "model_rescale": 4.170626492500431, "target_rescale": 4.007339339465422},
{"mapping": [2, 4, 6, 11, 0, 7, 8, 10, 3, 1, 12, 13], "R": [[-0.7084469706165151, 0.639371035643874, 0.298843719365094], [0.4850232064647875, 0.7486641836166268, -0.45194516189496486], [-0.5126942354024463, -0.17523304183095728, -0.8404986627209892]], "T": [-0.0656289675697577, -0.011118728497984988, 0.028441644552647635], "aligned_model": [[-0.017703913939813132, -0.10340587996006538, -0.8194194677684873, -0.6285915416500591, 0.46867466626733645, 0.6568788462002126, 0.27328489834944136, -0.0009223000106567125, -0.2874858477099863, 0.4167904008117942, -0.3667342312245696, -0.16513710345915922], [-0.23540543059589858, -0.7167114280069439, -0.04991758906680166, 0.3715431280898903, -0.03993893539422048, 0.056894453661448734, -0.495420625193434, 0.10519367093489593, 0.4714751214644022, 0.5766231965445329, -0.39298638770251915, 0.006254615767943811], [-0.5882680373341808, -0.03299920409819462, -0.34275075469442473, 0.21897430534535028, -0.23527682099502167, 0.39008576379516163, 0.47804742426396035, 0.5767233038176564, -0.41128134227293167, -0.08401035610988411, 0.5754506319003774, 0.040804441750665735]], "inverted": true, "swapped": false, "error_lsq": 0.04981271218180939, "error_max": 0.26737122301379074, "target": "239.xyz", "model": "14.xyz", "model_rescale": 3.9786697098870705, "target_rescale": 4.007339339465422},
{"mapping": [6, 7, 10, 4, 9, 3, 8, 2, 1, 0, 5, 11], "R": [[0.42375999292448874, -0.8982756862891041, 0.11631104770603784], [-0.277353415968337, -0.25092595680417673, -0.927421827893113], [0.8622659398627154, 0.3607450008298762, -0.35547221175349375]], "T": [-0.06048886862251374, -0.043334037187961694, 0.00354607818490206], "aligned_model": [[0.10811352137716396, -0.3095868048826385, -0.8467846096321042, -0.5055715924467555, 0.5264704288539095, 0.7644878936984035, 0.12335231635769708, 0.07040708811577984, -0.3097344999841786, 0.22378832259349196, -0.4094042609254344, -0.00930927721934701], [-0.2461106440578607, -0.6277786066127176, -0.0668034829904047, 0.2562183705351325, -0.13743868902589318, 0.07393470907186064, -0.3275858005899573, 0.2936000734943104, 0.3188835665714861, 0.5902944621735188, -0.413128330161915, -0.056481837904263595], [-0.7433210938053006, -0.17880185520496356, -0.26757968835305, 0.2986468305926829, -0.18094610500362712, 0.39188950233909503, 0.4005743891778618, 0.7929693295750204, -0.5135101221127355, 0.04236603993140543, 0.6249717114089752, -0.08175958317683008]], "inverted": false, "swapped": false, "error_lsq": 0.05001021668522715, "error_max": 0.27506935400800153, "target": "239.xyz", "model": "15.xyz", "model_rescale": 3.769337070930944, "target_rescale": 4.007339339465422},
{"mapping": [2, 3, 0, 8, 1, 10, 6, 7, 4, 9, 11], "R": [[0.36334068891358884, -0.7357114778621802, 0.571587408120268], [0.4953762700525276, -0.36704036938861806, -0.7873269449903975], [0.7890411236739466, 0.5692187528366524, 0.23109330706544084]], "T": [-0.002881276942105203, 0.10286257634711796, 0.08945043296232674], "aligned_model": [[-0.2423417875731435, -0.37241227468605326, -0.1617451717581643, -0.6750051804632864, 0.3299090945058685, 0.396122089491546, 0.6850243996696043, 0.37186645843942107, 0.08774446866089852, -0.49722270718267975, 0.0006867415871596276], [-0.09280883187251476, -0.48009721661315463, 0.7792650833910681, 0.18737213463446376, 0.24401052024772227, -0.4971314876809523, 0.16728118280503043, -0.4217152446243472, 0.5259905497036974, 0.06386419051000986, 0.12003361712431881], [-0.5471817955523126, -0.018708697495781218, -0.15060460837919326, -0.05420469752384943, -0.6152877413726918, -0.44470868872000585, 0.12753111726911084, 0.31279872206893483, 0.45456568332051733, 0.6512524227733212, 0.02876589083572717]], "inverted": false, "swapped": true, "error_lsq": 0.047466977341259084, "error_max": 0.28615325341131553, "target": "239.xyz", "model": "16.xyz", "model_rescale": 3.7852294659196426, "target_rescale": 4.007339339465422},
{"mapping": [2, 7, 5, 4, 8, 9, 11, 10, 1, 0, 6, 12], "R": [[0.9371296094422847, -0.03860473261754374, -0.34683968879884375], [-0.34137567418291836, -0.3077712120723776, -0.8881100889504957], [-0.07246201889754955, 0.9506768933970297, -0.30160023239093114]], "T": [-0.015004292150194408, 0.032098272993970584, -0.0728525184245099], "aligned_model": [[0.05852303953144073, -0.357936735163895, -0.6675138153788538, -0.4417188570329795, 0.632387266960963, 0.6396536117004342, 0.3254548028837913, -0.089464764589882, -0.46977172788049903, 0.22225234396281462, -0.4509704667989578, 0.0253338277116108], [-0.32994543054413994, -0.5780003829905531, 0.05336424814151261, 0.5670615544060403, -0.0069715599405160145, 0.15550263625912084, -0.592878120982227, 0.07366076513443781, 0.09795649068684673, 0.6649646824543828, -0.4613167476259533, 0.0142056555043449], [-0.5603000635557336, -0.11290217099421279, 0.004530237776820378, 0.11022028880616588, -0.13254865396581111, 0.47801604808193465, 0.10441616469357928, 0.728386068121515, -0.5857886048998819, 0.021680820328262712, 0.52201582658197, 0.007773394393925687]], "inverted": false, "swapped": false, "error_lsq": 0.05254382177472694, "error_max": 0.3385682315600469, "target": "239.xyz", "model": "17.xyz", "model_rescale": 3.901054581598922, "target_rescale": 4.007339339465422},
{"mapping": [4, 10, 6, 7, 8, 2, 5, 13, 1, 0, 11, 14], "R": [[0.909716423035615, -0.2584109505087889, 0.3250227843035485], [-0.3538272097981041, -0.07277870063916309, 0.932474968210817], [-0.21730700694127458, -0.9632896975419284, -0.15764080481844]], "T": [-0.04964907116129249, -0.03665548357720669, 0.12380243573238292], "aligned_model": [[-0.01979456534353284, -0.2588144959056867, -0.7285101476587819, -0.5050950577804197, 0.48231886297630355, 0.6925622786859709, 0.417625974502534, 0.2548496327492211, -0.18824679946224332, 0.11844675007985075, -0.7604789714508298, -0.07863493548639827], [-0.36008260906183265, -0.8052317819417681, 0.016684107832663136, 0.44520760831203876, -0.12019736325820354, 0.24898227378515295, -0.3979554291464562, -0.07087644480647566, 0.36987904469373467, 0.6960477702378413, -0.31640682891958416, -0.04844655722381406], [-0.5973616044782599, -0.07111818096217523, -0.19247002920100198, 0.1311466678032587, -0.2640752815041415, 0.35023451321923943, 0.3267862479617002, 0.7822943972854008, -0.4250198455838693, 0.021850215405445336, 0.35443423440761423, 0.16879802101532299]], "inverted": true, "swapped": false, "error_lsq": 0.05281360149621667, "error_max": 0.2968819409388199, "target": "239.xyz", "model": "18.xyz", "model_rescale": 3.9405287249114394, "target_rescale": 4.007339339465422},
{"mapping": [7, 5, 6, 1, 13, 14, 11, 10, 0, 12, 2, 15], "R": [[-0.06726074544710287, 0.4573046299210092, 0.8867629150876287], [-0.5494682512534949, -0.7588325737951815, 0.3496537799192319], [0.8328028776285096, -0.46373009434388596, 0.3023140198758311]], "T": [0.014364544779731085, 0.05965025576095717, -0.07149472759603195], "aligned_model": [[0.17596599762347595, -0.4034195242696836, -0.7169959215984624, -0.4805554471429355, 0.6682268966622762, 0.5864989977911185, 0.3569274364769811, 0.05244918689413335, -0.4872029440849403, 0.22275191458955723, -0.546139558756482, -0.002278508279051062], [-0.22113740351105265, -0.6554861904142462, -0.09308047227527733, 0.44501291220037087, -0.08042264539423433, 0.1873883635264767, -0.47572383305242727, -0.11276404886548139, 0.3204198182952297, 0.5660813060327969, -0.2667545880831487, 0.0440705720442899], [-0.6965297744379505, 0.0012993501801304708, -0.06320928706378806, 0.13361316741697007, -0.13609699167835076, 0.43455280532753704, 0.26797316802750515, 0.6944862803550306, -0.4627792114765239, -0.055959038564103114, 0.5069690230808946, -0.03882013579881718]], "inverted": false, "swapped": false, "error_lsq": 0.03680738632975734, "error_max": 0.18334811983069563, "target": "239.xyz", "model": "19.xyz", "model_rescale": 4.410303926677745, "target_rescale": 4.007339339465422},
{"mapping": [3, 5, 1, 7, 6, 11, 10, 9, 2, 4, 8, 13], "R": [[0.5718027908879614, -0.7715667951332641, -0.2787942771660176], [-0.6953366460443069, -0.6361428385604946, 0.334408788186033], [-0.4353716998159077, 0.002639999238730817, -0.9002469180193992]], "T": [-0.0577583786768292, 0.03114723961442101, -0.03877671637907656], "aligned_model": [[0.16817903001516432, -0.2636007542040313, -0.7763991562378121, -0.6385089778484644, 0.45880810038205266, 0.6420951200193373, 0.2773131946712555, 0.05496203208024861, -0.25779401414073877, 0.3263431086849397, -0.48487938462314495, -0.08028977289281924], [-0.4184756415599258, -0.771920672033396, -0.020191022229351468, 0.36531768857857333, 0.0978038649085051, 0.21405540365640766, -0.615441554995125, -0.0787228642989512, 0.5738034241704102, 0.6182351793453049, -0.2903629831460276, -0.01649703189312778], [-0.5610355102547118, 0.06976621838552816, -0.24863311220679718, 0.2018724422784938, -0.29416228800686517, 0.3660479473745104, 0.3417281908516255, 0.6313571478998709, -0.3614510687248713, -0.09250932698813893, 0.5137234233016433, 0.01879529145824673]], "inverted": true, "swapped": false, "error_lsq": 0.04605005200414743, "error_max": 0.23505985390215536, "target": "239.xyz", "model": "20.xyz", "model_rescale": 4.121658175737393, "target_rescale": 4.007339339465422},
{"mapping": [8, 9, 7, 3, 6, 2, 10, 4, 5, 1, 11, 12], "R": [[-0.41607349589704096, 0.8296602426582695, 0.37221865585195574], [0.18285777226350725, -0.3246330338150015, 0.9279959205076795], [0.8907557920860478, 0.45417758102782835, -0.01663862244502201]], "T": [-0.029027867914210935, -0.007140747544538948, -0.007343319975098822], "aligned_model": [[0.08976302338855258, -0.24727833785518763, -0.7110685784280487, -0.3897456056027819, 0.5837778933890725, 0.45658831465848254, 0.35417897179441615, 0.019620297628611706, -0.32781767553642005, 0.293860583455094, -0.5842969413962665, -0.11135341958953723], [-0.2293735543179004, -0.6802886069024663, 0.008549170473236136, 0.47765317950194996, -0.13946147201247713, 0.33901284699397893, -0.5996835647459944, -0.030827185933488096, 0.2724304228090588, 0.5943815599393851, -0.41235417778798944, 0.05756517248600304], [-0.6320067544769269, -0.15533510012867588, 0.02997095841211922, 0.3354368792250044, -0.17934560734911228, 0.4623014888120375, 0.32540067989639754, 0.5637993159335523, -0.5518322009955906, -0.1349710111905632, 0.5422450124389859, -0.02016430520869386]], "inverted": false, "swapped": false, "error_lsq": 0.044647096765534154, "error_max": 0.30875841314923047, "target": "239.xyz", "model": "21.xyz", "model_rescale": 4.08911054899281, "target_rescale": 4.007339339465422},
{"mapping": [5, 6, 8, 1, 14, 3, 13, 4, 11, 15, 0, 16], "R": [[0.8710230129091807, 0.1076445345276908, 0.47930320796853687], [-0.44729648684872697, -0.22957942460994812, 0.8644183828728725], [0.20308806916064856, -0.9673189453236622, -0.1518199400030105]], "T": [0.020696661283195673, -0.10236954411235655, -0.019125231016209228], "aligned_model": [[-0.09824681935247867, -0.526582385484193, -0.6109364250399048, -0.5836205500025118, 0.6244727803508142, 0.69586963210123, 0.3939511342036353, 0.08252004142800728, -0.3187772499622687, 0.1680444510441317, -0.4197276730246281, 0.01926158964415455], [-0.25506799988177903, -0.6081609578869704, -0.06335611134008079, 0.3794022220482428, 0.10985991655398328, 0.05844570044650843, -0.4255898828932124, -0.02758184154302587, 0.3799426752665086, 0.6000221091586262, -0.36714311921590376, -0.12316892020960077], [-0.6975533288777827, -0.03411920556015315, -0.30246180540319356, 0.16169250799299853, -0.0664077861077337, 0.5029463540070519, 0.42012376109590915, 0.6714374779969771, -0.5070037167890374, -0.14735008103365263, 0.5605304925436216, 0.0236646855035293]], "inverted": false, "swapped": false, "error_lsq": 0.04131776333973674, "error_max": 0.20305223861137306, "target": "239.xyz", "model": "22.xyz", "model_rescale": 4.204369325754507, "target_rescale": 4.007339339465422},
{"mapping": [7, 5, 6, 1, 13, 14, 11, 10, 0, 12, 2, 15], "R": [[-0.06726074544710287, 0.4573046299210092, 0.8867629150876287], [-0.5494682512534949, -0.7588325737951815, 0.3496537799192319], [0.8328028776285096, -0.46373009434388596, 0.3023140198758311]], "T": [0.014364544779731085, 0.05965025576095717, -0.07149472759603195], "aligned_model": [[0.17596599762347595, -0.4034195242696836, -0.7169959215984624, -0.4805554471429355, 0.6682268966622762, 0.5864989977911185, 0.3569274364769811, 0.05244918689413335, -0.4872029440849403, 0.22275191458955723, -0.546139558756482, -0.002278508279051062], [-0.22113740351105265, -0.6554861904142462, -0.09308047227527733, 0.44501291220037087, -0.08042264539423433, 0.1873883635264767, -0.47572383305242727, -0.11276404886548139, 0.3204198182952297, 0.5660813060327969, -0.2667545880831487, 0.0440705720442899], [-0.6965297744379505, 0.0012993501801304708, -0.06320928706378806, 0.13361316741697007, -0.13609699167835076, 0.43455280532753704, 0.26797316802750515, 0.6944862803550306, -0.4627792114765239, -0.055959038564103114, 0.5069690230808946, -0.03882013579881718]], "inverted": false, "swapped": false, "error_lsq": 0.03680738632975734, "error_max": 0.18334811983069563, "target": "239.xyz", "model": "23.xyz", "model_rescale": 4.410303926677745, "target_rescale": 4.007339339465422},
{"mapping": [0, 3, 1, 11, 5, 15, 4, 9, 7, 13, 10, 16], "R": [[0.8529001871526236, -0.15560951816083446, -0.4983442069621885], [-0.3435351666885165, -0.8860533183514832, -0.311276575229519], [-0.3931219403738652, 0.4366866094764965, -0.809172382808885]], "T": [0.03959155747946685, 0.07155893967387168, 0.07754033124715537], "aligned_model": [[0.006528632594699317, -0.29770755425363515, -0.74984929176552, -0.43995031020158926, 0.599265009676186, 0.5742187936936233, 0.21831079359273278, 0.003764505668715938, -0.3290114848255132, 0.19883448071219062, -0.33738493099973754, -0.02079011798616525], [-0.22673436735266994, -0.7246018120121016, -0.12886655761742072, 0.40711365535448424, -0.177155382115247, 0.19762168724554663, -0.582906002347177, 0.15038808977493062, 0.3480612324662014, 0.6820311481919041, -0.2653467235162945, -0.022001177568859748], [-0.615506389448788, -0.17066996534214252, -0.19254875618369466, 0.31871271054509753, -0.06566876927064694, 0.5331674735548123, 0.19424271896748613, 0.6979614552276969, -0.40163518562155487, -0.23254352492170383, 0.4876223322175679, 0.032365255644404144]], "inverted": true, "swapped": false, "error_lsq": 0.04347539320060992, "error_max": 0.2764029979453885, "target": "239.xyz", "model": "24.xyz", "model_rescale": 4.28219845311461, "target_rescale": 4.007339339465422},
{"mapping": [14, 6, 2, 4, 11, 5, 8, 1, 13, 9, 0, 15], "R": [[0.49875904630535345, 0.5550677846889789, -0.6656869896047571], [-0.7647504716401343, 0.6432866992619142, -0.036591511022423584], [0.40791681732280527, 0.5273347864053548, 0.745333410757932]], "T": [-0.02579581216130218, 0.1145319212117726, -0.003923701631966557], "aligned_model": [[-0.025265673544018, -0.2274414742842183, -0.5911797188005724, -0.6159939991926611, 0.43590811329136736, 0.7081995698806902, 0.3073178433419916, 0.043651294240200575, -0.3050238061695719, 0.3896353954362623, -0.6109716285698604, -0.0826073897236223], [-0.3494139989888695, -0.759766857407787, -0.15860358100638883, 0.370427685847134, 0.02954532240672296, 0.05636012136216676, -0.39582276134827643, 0.027060538086776192, 0.40000540128105205, 0.646846278121505, -0.2911425904610254, 0.08210823261028621], [-0.6079920148026335, 0.08056184513420409, -0.27690366413703593, 0.3436853182341657, -0.27975668460126246, 0.4240336581101325, 0.3285209515587394, 0.6264755808813701, -0.44375671139391815, -0.03445272160767104, 0.3942617156115842, 0.030822082380859463]], "inverted": true, "swapped": false, "error_lsq": 0.04375442310171044, "error_max": 0.22322958919046976, "target": "239.xyz", "model": "25.xyz", "model_rescale": 4.100010024507729, "target_rescale": 4.007339339465422},
{"mapping": [10, 9, 4, 6, 8, 3, 7, 2, 0, 1, 5, 11], "R": [[-0.5837353211167619, 0.636257695187533, 0.5044097740878534], [0.3020237813695844, 0.7468109590410444, -0.5924989678838378], [-0.7536807748429891, -0.19351882794923073, -0.628104890015376]], "T": [-0.02477710327810708, 0.03129011778953829, 0.0685478862302473], "aligned_model": [[-0.021179778043827112, -0.11870621813493007, -0.8452078856541467, -0.5550470527025521, 0.5042687923700298, 0.7154095119477606, 0.21027105750989952, 0.09157314199223013, -0.2251099763519168, 0.3014981084292439, -0.5310033800696851, -0.10053779538611857], [-0.19997573217862818, -0.7389700866423459, -0.20927368655228673, 0.3355832775641069, -0.06657332196652384, -0.007877419094378765, -0.5181873264318355, 0.3881442237974372, 0.45961543713682096, 0.6402977550914897, -0.3609555423040279, -0.06422378791653162], [-0.5327054118265306, -0.20927839220588593, -0.11816571156775288, 0.2846533970225029, -0.22707182964098196, 0.3981860289665903, 0.38695508950535273, 0.7064154695385019, -0.5232659668569319, -0.07910284248932181, 0.4610583563390448, 0.03782116858394681]], "inverted": true, "swapped": false, "error_lsq": 0.05111176229139117, "error_max": 0.34747948217599034, "target": "239.xyz", "model": "26.xyz", "model_rescale": 3.6694154284099745, "target_rescale": 4.007339339465422},
{"mapping": [1, 7, 3, 12, 0, 4, 8, 10, 6, 2, 9, 13], "R": [[-0.9781509449939894, 0.10730150473350537, -0.17806492043435007], [-0.18714115785734384, -0.8275007532126166, 0.5293587540301613], [-0.09054786492887945, 0.5511160408793031, 0.8295011715738223]], "T": [-0.011175394972766178, -0.07786097420355262, 0.09684639124529168], "aligned_model": [[0.05195188647870269, -0.28566402427691195, -0.7558591154854909, -0.6133287513228624, 0.5179931868655991, 0.7458725073894279, 0.20390107257247334, 0.14813664270808902, -0.266846214650742, 0.18263797887434546, -0.5096151626325854, 0.007048519385942559], [-0.15814061964651507, -0.6134019351255828, -0.25516887251706744, 0.438741163395732, 0.07801865187032708, 0.011189911216771653, -0.5269497386538832, 0.06702413663697607, 0.2831412357537987, 0.5709423798753812, -0.213864836123666, -0.023927686178975782], [-0.7802036521158886, -0.08749133217529148, -0.16168655816834313, 0.08052523253601482, -0.267317716408637, 0.4042207288595181, 0.4973692834534478, 0.6585569031634311, -0.4280348030982395, 0.03667804360961158, 0.5417332117158389, 0.09115001399707198]], "inverted": false, "swapped": false, "error_lsq": 0.044361038147226084, "error_max": 0.21233737604285616, "target": "239.xyz", "model": "27.xyz", "model_rescale": 4.103607728864725, "target_rescale": 4.007339339465422},
{"mapping": [2, 3, 0, 5, 13, 11, 10, 6, 1, 8, 9, 14], "R": [[0.6838086334840447, -0.4352374322828603, 0.5856399323069649], [0.3606339746720622, 0.8993304343981179, 0.24728102652149286], [-0.6343097737579914, 0.04210875568234429, 0.7719313205266196]], "T": [0.08013705069202676, -0.09624204110354122, 0.08031936125720086], "aligned_model": [[-0.02862315975894908, -0.2712539345745954, -0.5840409168839515, -0.4617777753230344, 0.6719429614771917, 0.5770838975758625, 0.13129983370909423, 0.004994767060800431, -0.46765653620820163, 0.382116954277072, -0.5055595605282501, -0.022298004917051514], [-0.23642312480604738, -0.6660991680609232, -0.15159055447184033, 0.30678519656211695, -0.045514114722732375, 0.2022066183359738, -0.48864820105807566, 0.10898533791832128, 0.37485122022502776, 0.6177712126922399, -0.3054150580230774, -0.05930557408768722], [-0.6337122813376715, -0.2592658016931845, -0.17560232683548316, 0.36145594270209913, -0.17864969944029985, 0.4491465057439609, 0.40152809645821796, 0.6748802269071111, -0.4496373892014225, -0.18665102669125366, 0.6126069288847518, -0.03059982012829182]], "inverted": false, "swapped": false, "error_lsq": 0.04188508838280238, "error_max": 0.20157995390918526, "target": "239.xyz", "model": "28.xyz", "model_rescale": 4.137296879288765, "target_rescale": 4.007339339465422},
{"mapping": [7, 5, 4, 0, 8, 9, 3, 6, 1, 10, 11], "R": [[-0.1788640661080155, 0.8191419378813152, 0.5449900287705743], [-0.8405029230229835, 0.16072072957920167, -0.5174202194284159], [-0.5114317962789646, -0.5506135965335155, 0.6597440299595736]], "T": [0.0034912955539253172, 0.038229635336497585, -0.06675099082072553], "aligned_model": [[0.40006808650108616, 0.2495321412256424, -0.21035208559279334, -0.6017501278531453, 0.10889692698439664, 0.46487556286661785, 0.5633683317596564, -0.2770327401051808, -0.5484296643209636, 0.11144765168188576, -0.03920507243730373], [-0.35009431352575204, -0.7637547427511523, -0.30812448060014214, 0.27247861269241574, 0.6153057012889157, 0.008140278103890779, 0.4184603991100103, -0.48734197967738624, 0.27640107338015446, 0.16123173233734694, 0.07644553628965098], [0.33002800723446746, -0.17664517555320988, -0.46028534556063727, -0.41199691401872296, -0.4347211942463517, -0.6564415774536206, 0.10661551867021765, 0.28523602342709076, 0.44898701234745386, 0.81514381009133, -0.04016614315501882]], "inverted": false, "swapped": true, "error_lsq": 0.04788359784105098, "error_max": 0.2750787493133235, "target": "239.xyz", "model": "29.xyz", "model_rescale": 3.607286011436655, "target_rescale": 4.007339339465422},
