[{"mapping": [13, 11, 14, 5, 6, 7, 10, 1, 9, 4, 0, 16], "R": [[0.3795068357160333, -0.44509828113493294, 0.8110869754690506], [-0.9111499410206256, -0.3319487771455848, 0.2441634582194101], [0.1605625940962419, -0.8316835512875551, -0.5315281026388036]], "T": [0.017902820386756786, -0.024893319733273384, 0.02629706839802809], "aligned_model": [[-0.29738956230276886, 0.24977497015732575, 0.32751667224382275, -0.1161183527172519, -0.10866848392432182, -0.4685493203079314, 0.4275737692246823, -0.2587265201681911, 0.6369307762995864, 0.14415090207890033, -0.67198542149737, -0.026866966625933367], [-0.20937683397637094, -0.6131363729731892, -0.2239218650267972, 0.5835741532789284, 0.29142976957580635, -0.47650623712876183, -0.17172824916648913, -0.5829788443314247, -0.10683176891623694, 0.4722878559606827, 0.1163880307547964, -0.02564460207388643], [-0.5743219208285992, -0.004148014727481032, -0.5417494885946272, -0.059770886578860274, -0.6532744862264646, -0.010322384593365375, 0.5104387454432824, 0.616510677821327, -0.023807462058399842, 0.4853794938902047, 0.2992065860049877, 0.13781088580155842]], "inverted": false, "swapped": true, "error_lsq": 0.04194119444233916, "error_max": 0.2681796888754583, "target": "24.xyz", "model": "0.xyz", "model_rescale": 3.751011558992144, "target_rescale": 4.28219845311461},
{"mapping": [13, 7, 14, 6, 1, 9, 0, 12, 11, 4, 3, 2, 5, 15, 16], "R": [[0.8783011762572517, -0.18398266031965538, 0.44129063494122656], [0.46343258812734855, 0.10068255399347482, -0.8803938093733615], [0.1175469269981817, 0.9777593794093994, 0.1736931660435459]], "T": [-0.08889808405332314, 0.06534435354439677, -0.011914452416768499], "aligned_model": [[0.07409939326305712, 0.00420568685459928, -0.42016034424687765, 0.2491196587234267, -0.26253112933726863, -0.6162507238523812, 0.5174586946011229, 0.6523755153013516, -0.637798776051246, 0.10013115456949084, 0.13702313543226305, 0.5808511517010517, 0.4040511273573517, -0.18209626094506354, -0.06139207228184345], [0.03326356538817235, -0.5043380214732069, 0.3728994125796723, 0.5153603537621201, -0.7408961951661512, 0.39427446196345045, -0.3672852677876279, 0.008321096955265284, -0.1800061869958942, 0.2618292828884101, -0.3736001531267826, -0.06109056889635067, 0.4347427613248837, 0.7676870499319539, -0.012404241520808754], [-0.6949878520224834, -0.341648551531988, -0.5157251218630414, -0.5229210031340276, 0.22507308474642337, 0.0663425645259866, 0.11278069108160438, -0.31759015294174175, -0.20998673516110247, 0.6201820532510827, 0.7401083579310308, 0.5949991516260253, 0.11516003253897483, -0.09760591926067871, 0.07548580506591164]], "inverted": true, "swapped": true, "error_lsq": 0.03845852037293021, "error_max": 0.27219012096044987, "target": "24.xyz", "model": "1.xyz", "model_rescale": 3.9405287249114394, "target_rescale": 4.28219845311461},
{"mapping": [1, 2, 0, 15, 5, 7, 10, 8, 6, 13, 14, 11, 16], "R": [[-0.48191125467569595, -0.6344218008059478, 0.6043761422152887], [0.2251228958342501, -0.756247291343957, -0.6143368099879167], [0.8468064857971378, -0.15999691558610324, 0.5072669539944776]], "T": [-0.03381114524896633, -0.039982164117354974, 0.049086620580777854], "aligned_model": [[-0.5657259253345917, 0.23642483312095514, -0.2927857775187114, 0.48888991806815385, 0.36115720646137256, -0.6854440674482375, 0.15316717070644212, 0.6881524049271444, 0.056063763726833145, -0.44430824545166686, -0.08319904377346055, -0.3699857453182961, -0.04642321288200616], [0.6244765718928222, 0.48539159811974253, 0.2685387129989245, -0.5037580044196815, -0.17844461709406792, 0.007797476257471098, 0.42416269632719084, 0.21886123901132667, -0.7371481709666289, -0.592341363043179, -0.6061704533979657, -0.026624185115176426, 0.07409109300123826], [0.15815817707721624, -0.6465058442473489, -0.5897661162141109, 0.19403405654903488, -0.42041330880241407, -0.07347984038627739, 0.4654909963515032, 0.3448490119159898, -0.2403613875143331, -0.09436396295352838, 0.41670278803735916, 0.5853045699968398, 0.013471209778713453]], "inverted": false, "swapped": true, "error_lsq": 0.0433018426305323, "error_max": 0.24289218188826298, "target": "24.xyz", "model": "2.xyz", "model_rescale": 3.932901565614263, "target_rescale": 4.28219845311461},
{"mapping": [6, 12, 13, 5, 14, 11, 7, 9, 4, 10, 0, 2, 1, 16], "R": [[0.2187566869025594, -0.26094985864260345, 0.9402396945512466], [0.8710646634950155, 0.486487968530424, -0.06764472252479908], [-0.4397634181531377, 0.8338073085249056, 0.33372669702126323]], "T": [-0.0734329507861914, -0.12047127520234036, 0.03841265218451938], "aligned_model": [[-0.1569386804058825, 0.4752792147702345, 0.10265114510586172, -0.036959004744518284, -0.4886085132931855, -0.23523214904974743, 0.4381434153768409, -0.6716342402196764, -0.1392896127289179, -0.3304075158242762, 0.6411541788008963, 0.4203313677249205, 0.4039944233474426, -0.002674116807288643], [0.03890383322117577, 0.1558544044522479, -0.41848703152596256, 0.45900119082695856, -0.4621462664262149, -0.7127392709634874, -0.5388853518515313, -0.24818277620777277, 0.46018989840653834, -0.1766231512102605, 0.1200706377130234, 0.5909255941249825, -0.511346100647863, -0.09303897156134522], [-0.7001836229858021, -0.47998383016996693, -0.5734432327964741, -0.20342064949662814, -0.3727289811777589, 0.19255909959446554, -0.03335209353042086, 0.1735606209426161, 0.402253104212701, 0.6338914393968712, 0.08189406713012774, 0.32651895766033023, 0.6347475604626889, 0.13158392381434736]], "inverted": true, "swapped": true, "error_lsq": 0.03587213862219185, "error_max": 0.2267330432241385, "target": "24.xyz", "model": "3.xyz", "model_rescale": 3.9243930471874484, "target_rescale": 4.28219845311461},
{"mapping": [1, 0, 3, 10, 4, 7, 11, 2, 5, 6, 15, 14, 16], "R": [[0.1831357558156338, 0.9746172617156967, -0.12877301001232255], [0.9498233369942277, -0.20920044903714746, -0.23253128955864405], [-0.2535683802113084, -0.07972681662058902, -0.9640263021663674]], "T": [-0.05889421920487625, -0.07910882157498275, 0.030023906260041852], "aligned_model": [[-0.05912985018005573, -0.11404282206800095, 0.5100083208407957, 0.4015728056018388, 0.5869255429755691, -0.5486804934448358, -0.27886628442763434, 0.4310517190424912, 0.13445732082575923, -0.4375029675678828, 0.07468837960333549, -0.42248223932685824, -0.0007935455631688307], [-0.7473736820469483, 0.1013403516776766, -0.27919016810642705, -0.5307853682971289, 0.1047871699039215, -0.3188474347707767, -0.6284784061054184, 0.2769004383880471, 0.5140207727580458, 0.5300477070101088, 0.298686523896452, -0.07520035603087245, -0.11807799459509292], [-0.5082672512994757, -0.7012643669679955, -0.6374851493592868, 0.11801460169100242, -0.12157910191042319, -0.3501940570076007, 0.2548056598016806, -0.6526944365387014, -0.05006666573224122, 0.2819799125487499, 0.62056650173518, 0.6009341142047792, -0.06767944579470282]], "inverted": true, "swapped": true, "error_lsq": 0.04640649806179577, "error_max": 0.2746647773476895, "target": "24.xyz", "model": "4.xyz", "model_rescale": 3.8936222436046832, "target_rescale": 4.28219845311461},
{"mapping": [7, 13, 11, 1, 9, 15, 5, 4, 3, 0, 10, 16], "R": [[-0.0012242788899894386, -0.47202300230705396, -0.8815853823846188], [0.4212614439268607, -0.7997882940868972, 0.4276417665549372], [-0.9069384196304929, -0.37085437834088714, 0.1998242554434727]], "T": [-0.2097339734219944, -0.06961697084649313, -0.019250542209513652], "aligned_model": [[0.0305402008966488, -0.5568954017424012, -0.319343339438739, 0.4702912840658141, -0.5610281794752983, -0.8020214079759279, -0.2510549634012672, 0.09315059534244918, 0.6406933897889501, 0.3657918361708724, 0.008478275958168607, -0.09105424797417219], [-0.5015052086163168, -0.6426698728230086, 0.12322512966909455, -0.002137911755080185, 0.4402382343545753, 0.12363246672460487, -0.23722173648568842, 0.2644422205601551, 0.15098768368634227, -0.5288014395044013, 0.5305923161518982, -0.05185897685236772], [-0.4638534750764352, -0.2320319747922609, -0.6121410867123807, -0.5382376088432735, -0.11443475387898856, 0.32883628687587924, 0.5855661670091519, 0.5008934451942281, 0.17403130105205578, 0.14899177506529465, -0.1454098553692928, -0.012925501248459932]], "inverted": false, "swapped": true, "error_lsq": 0.036003901404255655, "error_max": 0.21321089425850545, "target": "24.xyz", "model": "5.xyz", "model_rescale": 3.6523030999806103, "target_rescale": 4.28219845311461},
{"mapping": [3, 10, 8, 2, 5, 1, 9, 0, 11, 13, 15, 12, 16], "R": [[0.9647230997521126, 0.18425279642058945, 0.18804320731116325], [0.17242898628475029, 0.09753052821813007, -0.9801816366134933], [-0.1989411608830352, 0.9780279664082648, 0.06231943059612254]], "T": [-0.027648338691613566, 0.023899774853757355, -0.08437340393668884], "aligned_model": [[0.28847016992408236, -0.29024300181803464, 0.058985378092590454, 0.7327592818013711, 0.5665353127464916, -0.3479227710166266, -0.37613202108901056, 0.42674260527296093, -0.6579229054686658, -0.11399445632658425, 0.07161598906799455, 0.5200008708546019, 0.00218845262312373], [-0.5029082119132355, 0.05123753623599105, 0.5179187893602265, -0.329986487036001, 0.2214616909550323, -0.705205692992488, 0.4906904987555525, -0.5763940312762204, -0.034874938336842715, -0.018096121059627976, 0.72555481389496, -0.23540219635558088, -0.06316874606858239], [0.5727364941953951, 0.5106733471474126, 0.5668918873821911, 0.2754025201053052, -0.14367864061951352, 0.23525896977713845, 0.14602956221256114, -0.14405612715819827, -0.07979190045806163, -0.7807693520329834, -0.1688777840437034, -0.6125955785886574, -0.00711365843709659]], "inverted": true, "swapped": true, "error_lsq": 0.04858119462968154, "error_max": 0.2558340043730697, "target": "24.xyz", "model": "6.xyz", "model_rescale": 4.08911054899281, "target_rescale": 4.28219845311461},
{"mapping": [3, 4, 2, 1, 7, 13, 0, 12, 11, 10, 14, 9, 6, 5, 16], "R": [[0.9776817060028273, 0.20992636226544167, -0.008330916720253984], [0.20669283414314252, -0.9682124991328687, -0.14086386632760065], [-0.03763713673058356, 0.13599808435740304, -0.9899939227034883]], "T": [-0.05419955947966663, -0.02985490452464596, 0.08669622673804159], "aligned_model": [[0.1585595631614885, 0.3962137565824467, 0.6251415584359052, -0.5086707562477254, -0.35762333044160755, -0.15429593755482932, 0.2722374731191387, 0.4260867440609635, -0.6836053451959766, -0.300105728773343, -0.337117358055806, -0.30138742250976963, 0.27559263561073327, 0.5666345279657108, -0.04132684035777429], [-0.7283860050235033, -0.5480827226496852, -0.4207189516266809, -0.40452501604490293, 0.24036861296818385, 0.6614823899723148, -0.02044470821896919, 0.473135921364002, -0.035625881939397926, -0.6194124316101299, 0.38624466741842617, -0.22061043027798277, 0.6096023000036012, 0.04166790095019305, -0.11393682911635625], [-0.43869776066844035, 0.1362153768361862, -0.3808664892377076, -0.5373338914549379, -0.43946359925719325, 0.007828716551694787, -0.5942855079947945, -0.3164180628707878, 0.154050063579572, 0.2121395383802868, 0.5394308681034431, 0.629771243097258, 0.3321135883777032, 0.15777053708155772, 0.0018154115582397767]], "inverted": true, "swapped": true, "error_lsq": 0.041928668992917514, "error_max": 0.31851499746743184, "target": "24.xyz", "model": "7.xyz", "model_rescale": 3.964800864290218, "target_rescale": 4.28219845311461},
{"mapping": [2, 1, 0, 4, 12, 10, 5, 7, 11, 14, 9, 6, 13, 16], "R": [[0.34556796459463207, 0.7808330547778985, -0.5204637570591626], [-0.8353451241514134, 0.5086579418162922, 0.20848410439089496], [0.42752930355986507, 0.3627214341522008, 0.8280409747133217]], "T": [-0.034828680114292535, -0.05813717205560436, 0.14917258598200273], "aligned_model": [[-0.33308864648163283, 0.3458439722255494, 0.2200484230029418, -0.60969418477747, 0.2748295448453063, -0.34707794813672366, -0.3485630343341477, 0.6040541861636075, 0.23921065734378383, 0.08724570263760466, -0.356757517161684, 0.03982032158371847, 0.48641194639206664, -0.041095533842047054], [0.10440014040905254, -0.7077906317604599, 0.10867456250423019, -0.09227669040241859, 0.5903558215123927, -0.6293261857224756, 0.44087637760574827, -0.14205428925669458, -0.5029419587051562, 0.07740121987951984, -0.3090859562204795, 0.6466363409608753, 0.34243103699321614, -0.11635132161614814], [-0.697890909688599, -0.2623782172299444, -0.5419115757565469, -0.22798589241474282, -0.21102799118547771, 0.14393316222192387, -0.07027733009125478, -0.01428229249977081, 0.5066255617843423, 0.8009986205970829, 0.6243636162339101, 0.42416333429128333, 0.3982507725175078, 0.04423417994530693]], "inverted": false, "swapped": true, "error_lsq": 0.03879086616337516, "error_max": 0.21307568771893173, "target": "24.xyz", "model": "8.xyz", "model_rescale": 4.121658175737393, "target_rescale": 4.28219845311461},
{"mapping": [11, 7, 13, 14, 1, 10, 0, 4, 5, 3, 9, 15, 16], "R": [[0.928449161175736, -0.2872751363456457, -0.23548917416659068], [-0.283845275004299, -0.1397371306684305, -0.9486334350898074], [0.23961221790594503, 0.9476004064742398, -0.2112805118321358]], "T": [0.0264141043779419, 0.028031207772561677, -0.07269566651562344], "aligned_model": [[-0.5003791910211028, -0.17904970510446117, 0.2767386797336723, 0.0675368395020382, -0.647442699780723, -0.4591704904232215, 0.20006186533722414, 0.15608485853009785, 0.6010409809028694, -0.22798669187219883, -0.19312088275312703, 0.40089380902148, -0.018469875637350065], [0.2776678961587612, -0.31420732326624984, 0.12989957515726316, 0.6215087135301859, -0.49574446629430174, 0.09435086002479426, -0.7014476898115154, -0.169482540969214, -0.07636666126526892, -0.6714882757391321, 0.5673241199616091, 0.6008776331140696, -0.07250440118929175], [-0.31945837509402475, -0.6042860234143099, -0.7216541139746926, -0.39556307092532517, -0.16164171935222071, 0.3557821640573803, -0.16265568085263366, 0.573878526881184, 0.16077182831716524, 0.43248124476287986, 0.15836174608220194, 0.12960637158160787, -0.02454746411012311]], "inverted": true, "swapped": true, "error_lsq": 0.03763241798278128, "error_max": 0.2559716288383353, "target": "24.xyz", "model": "9.xyz", "model_rescale": 3.833441315466971, "target_rescale": 4.28219845311461},
{"mapping": [15, 8, 11, 1, 10, 9, 4, 0, 13, 7, 6, 12, 5, 14, 16], "R": [[0.9374819267921812, -0.346065821084278, -0.03696057920655099], [-0.018476190371596535, -0.15553540711925956, 0.987657515296471], [-0.3475431877153856, -0.9252281797532492, -0.15220561114202577]], "T": [-0.0919027040000801, 0.03687125128521009, 0.05722937274307117], "aligned_model": [[0.15056943404842357, -0.2819876135200986, -0.6294226181360718, -0.6471112792642701, -0.6200899892920051, -0.42730467300191727, 0.009323012796688679, 0.21986706555396834, 0.19640634460140027, -0.17967198408768198, 0.5167815408630663, 0.6006279125051655, 0.46716094160834826, -0.12924839102567817, -0.12205468535480567], [-0.6341043442296913, -0.494975284652017, 0.006691367383967545, 0.6837208112507254, -0.07836430825533436, -0.49213241240189476, -0.04307200052609437, 0.6974798675471939, 0.12678607619938978, 0.5820519859604454, -0.22266109950424592, 0.4148098471467224, -0.07012422352659903, -0.3952050012333389, 0.12020025813574939], [0.07492692422230138, -0.5400257290675304, 0.39022036830557305, -0.0410784819576828, -0.3054314932859769, 0.04825013983066553, -0.6189708962157374, -0.1345561272271038, 0.6920363044823983, 0.42737180032220257, 0.4314546240408388, 0.21130596974855506, -0.2103558322977559, 0.5769075440036588, -0.023933207082313397]], "inverted": true, "swapped": true, "error_lsq": 0.04521155827503997, "error_max": 0.34627274349758475, "target": "24.xyz", "model": "10.xyz", "model_rescale": 4.2482417240324, "target_rescale": 4.28219845311461},
{"mapping": [1, 7, 13, 12, 10, 9, 11, 5, 0, 4, 3, 16], "R": [[-0.7464181303859868, 0.5225080152943192, 0.4121229775009878], [-0.019672239356745003, -0.6363432796812022, 0.7711551292724848], [0.665186423215161, 0.567496787971318, 0.4852570638460175]], "T": [0.09136313251249405, 0.16172369893783328, 0.08205413898833175], "aligned_model": [[-0.6538307865230405, -0.06624238306223028, 0.5011347537759755, 0.6275872836479172, -0.44665646574816553, -0.03203959669222638, -0.2844171371980149, 0.5517769262270521, 0.09133822934688644, 0.015284219145562356, -0.43995339111269016, 0.012783950555980736], [-0.25198190152285066, -0.46946664365536245, -0.269227440786575, -0.3573513049679166, 0.5258923146179134, 0.6795922358369757, 0.12160013268458345, 0.284940111804851, -0.36934772922786013, 0.536389470969002, 0.10107408658729183, 0.1340180577105865], [-0.017288947083440892, 0.2187660607794011, 0.4569607372317722, -0.21661061427699485, 0.04082214271471359, 0.41221156892616023, 0.5898934589884486, -0.3283589304739913, -0.4549271909031746, -0.4904158874762384, -0.6413236052633415, -0.004536503308957621]], "inverted": false, "swapped": true, "error_lsq": 0.040044570698390534, "error_max": 0.25265419357513563, "target": "24.xyz", "model": "11.xyz", "model_rescale": 3.6694154284099745, "target_rescale": 4.28219845311461},
{"mapping": [1, 3, 4, 2, 0, 11, 7, 14, 5, 6, 15, 12, 10, 16], "R": [[-0.6879911424113344, 0.33410368482346164, -0.6442382445578128], [-0.6631341657983251, -0.6500587175999911, 0.37104816644637206], [-0.2948241274293993, 0.682494242803293, 0.6687902080816176]], "T": [-0.08504269216955349, 0.0028977858443689775, 0.05997262326875729], "aligned_model": [[-0.054385082195701456, 0.1526671153472181, -0.04550406512873503, 0.5056242374830879, 0.5963116587336262, -0.5108070153128011, 0.2082021051031012, -0.419015887931219, 0.2620933010571459, 0.1776113362024976, -0.36015899171492594, 0.6761989820670551, -0.5418824724993554, -0.048690370955184845], [-0.4591191165284416, 0.2515947815201586, 0.6071585644448714, 0.5087299657590841, -0.03740271989272126, -0.46145007113099334, -0.5817430450822293, -0.2080894178032953, 0.4911897571930457, 0.08705827298818199, 0.4106442857252771, -0.013692069612694563, 0.12263199075328918, 0.013476109802721084], [-0.6624786501351044, -0.7712282167129146, -0.26742618767592524, -0.4176677593998654, -0.26331970393498083, -0.0018925161194586482, -0.058911708618478116, 0.6096054956702494, 0.2514656684449947, 0.7683707906460081, 0.5770490241942673, 0.3176773474882726, -0.388073224339121, -0.05407489985552796]], "inverted": false, "swapped": true, "error_lsq": 0.03885577194145941, "error_max": 0.2559756201555713, "target": "24.xyz", "model": "12.xyz", "model_rescale": 3.9764082729961374, "target_rescale": 4.28219845311461},
{"mapping": [0, 4, 2, 6, 7, 1, 11, 12, 5, 3, 8, 15, 10, 9, 14, 16], "R": [[0.9799396694924882, -0.06503396254096162, -0.18838478672964465], [0.06271042263248107, 0.9978644414871101, -0.01827455358889044], [0.1891709466281979, 0.006094270410674238, 0.9819252582655937]], "T": [-0.01604942449163735, 0.12335279781648507, 0.06744849832279048], "aligned_model": [[-0.23173862454082192, -0.2977568199434195, -0.4787246614580477, -0.5493298157363193, 0.26613572663396334, 0.6111430766175159, 0.5715635388013163, -0.5605443191060026, -0.6342434588535181, 0.06065064680316071, -0.0893714960181986, -0.3716960103883117, 0.371095520717459, 0.1970465939725484, 0.0663322026987129, 0.008278213609357068], [0.14698026209596912, -0.49881375763979713, -0.36146017556684895, 0.6047063909482283, 0.5421208071498349, -0.015174405252911513, 0.27819876503204694, 0.532418261366505, 0.012370087701733118, -0.518757016892087, -0.5865177966737718, 0.09231656651255583, -0.38945670691280737, -0.07325052241627043, 0.5269930520216413, 0.05279030586922241], [-0.6559502319774719, -0.018772691709523323, -0.5520528794930026, 0.31606232024923997, -0.36491222089844383, -0.5015639181784244, 0.24480468913076214, -0.35959551703534115, 0.033967050282135494, -0.5579018591188256, 0.47538756259533205, 0.6854019343689359, 0.17199107115299425, 0.6227477014705638, 0.6045125566075564, -0.026728624593788317]], "inverted": false, "swapped": true, "error_lsq": 0.041726044051000825, "error_max": 0.26215526371309356, "target": "24.xyz", "model": "13.xyz", "model_rescale": 4.170626492500431, "target_rescale": 4.28219845311461},
{"mapping": [14, 6, 11, 7, 10, 3, 1, 15, 8, 12, 5, 0, 4, 16], "R": [[0.2466177233211287, 0.4124263038987761, -0.8769744821808088], [-0.25855349425337604, 0.9001256748061002, 0.3506049916419222], [0.9339859683920699, 0.14027941191513893, 0.3286212066186084]], "T": [-0.004166217140524077, -0.03808856769612619, -0.006840817915046121], "aligned_model": [[0.2217692683676438, 0.18711707384473575, -0.15208982594175918, -0.6480009869020106, 0.16077432142256812, -0.2565956411265187, -0.6431762997174689, 0.646501766842217, 0.6694285751349527, -0.325199572545765, 0.25276700464609775, -0.5200284833061317, 0.3085338965207574, -0.05861807514767502], [-0.5219441285208605, -0.7359024548763287, -0.004934469313648215, -0.16802877451221854, 0.5257905279396741, 0.7412525949900841, 0.49143667049792567, -0.33123869761833885, 0.4330236542545565, -0.4735800941387196, -0.16449046589818428, 0.07733222727892426, 0.42613594677839056, 0.06122193106440957], [-0.42275780802461815, 0.22632129566282824, -0.6214471133029364, -0.10942360682752716, -0.28723149272268655, 0.3648549214781651, -0.2250253408557811, -0.009733356795401715, -0.012317806366909712, 0.5876846650523786, 0.553168032998219, 0.5325569699187367, 0.39390674860067354, 0.03331699230572613]], "inverted": true, "swapped": true, "error_lsq": 0.041296090380140385, "error_max": 0.27597711873738556, "target": "24.xyz", "model": "14.xyz", "model_rescale": 3.9786697098870705, "target_rescale": 4.28219845311461},
{"mapping": [0, 12, 1, 3, 7, 11, 5, 15, 10, 4, 13, 16], "R": [[0.7367565290096911, -0.6675242936364432, -0.10770856217942942], [0.6578915157358962, 0.6709230081913837, 0.34211265776371014], [-0.15610435767241532, -0.32291428349423024, 0.9334654760788375]], "T": [0.03177182819944792, 0.11230150686959146, 0.10929170949855328], "aligned_model": [[-0.17366223778633494, -0.6614158240680005, 0.5933334910520657, 0.47033641217317285, -0.018062927557588336, 0.40300317604884994, -0.38634026995539433, -0.210217932290507, 0.6559115419537619, 0.19234711083166378, -0.4735837585759787, 0.09170581494162622], [-0.3227928778283425, -0.0900465690952462, 0.08697884060565865, -0.5893609920567998, 0.35792612328183493, 0.6190870514619561, -0.313167016261041, 0.18661422345068507, 0.007333673135620736, -0.5172266571334591, 0.5574262066902016, 0.031902483973370435], [-0.47283845809546765, -0.24386826796345906, -0.5390466365506571, -0.24366980103536695, -0.5064322072151575, 0.031335409067482015, 0.3086929196993107, 0.7765493559943439, 0.26165744669525853, 0.33687519379757414, -0.09236730059921754, 0.04307884007918601]], "inverted": false, "swapped": true, "error_lsq": 0.04874763094090751, "error_max": 0.25572570420690754, "target": "24.xyz", "model": "15.xyz", "model_rescale": 3.769337070930944, "target_rescale": 4.28219845311461},
{"mapping": [0, 1, 5, 4, 12, 7, 6, 11, 15, 8, 16], "R": [[0.10007435258583677, 0.949417011309099, 0.2976448598437809], [-0.8729053847825532, -0.05979218460022032, 0.48421181716099837], [0.477515772694629, -0.3082729850272832, 0.8227675574123107]], "T": [0.03417407799170475, -0.016611483905441336, 0.07933975103363518], "aligned_model": [[-0.1684665410883091, -0.2899343918303607, -0.06946672844612947, -0.5775473952626194, 0.29744857306149397, 0.28863713700923016, 0.5799440553788647, 0.22561684130786241, 0.20764870817928263, -0.5081861041885347, -0.06306802342960949], [-0.04041801297310262, -0.7671822083568199, 0.5694758743180564, 0.29891938800995016, 0.31390870179462843, -0.46826648508063473, 0.503858442543819, -0.5346791912839425, 0.5140357208783982, 0.2664527387837893, -0.060040471008799425], [-0.6478162430685841, -0.1812991504305731, -0.12403730076781432, 0.09036159384789483, -0.6044868219176041, -0.33681792123875876, -0.016285963104968756, 0.38865674952582946, 0.5239005315475376, 0.6283631985048821, 0.023678934325936304]], "inverted": false, "swapped": true, "error_lsq": 0.0373799232734318, "error_max": 0.16475185937548684, "target": "24.xyz", "model": "16.xyz", "model_rescale": 3.7852294659196426, "target_rescale": 4.28219845311461},
{"mapping": [0, 8, 10, 3, 5, 15, 14, 9, 1, 7, 13, 11, 16], "R": [[0.7784593099183263, 0.040650360384153546, -0.6263774030104549], [0.15704198733757502, 0.9535517238361322, 0.25705432146183815], [0.6077326032183467, -0.29847388188881707, 0.7359174035281897]], "T": [-0.07027555731449141, 0.11829873341396668, -0.0373029423066238], "aligned_model": [[0.08091091453766537, -0.3969720220016015, 0.16913098262008835, 0.22472003400855578, -0.6087092585665207, -0.6746552843010696, -0.20833213064079414, -0.16258584905801615, 0.7325967513491212, 0.42191136461323386, -0.09071251947784961, 0.3784564146913235, -0.011993547557853451], [-0.07675619251949883, -0.44653967932706173, -0.3253653035254292, -0.6727083309113949, -0.024377438272708107, 0.2510789579473969, 0.6626626890031175, 0.09936044940465469, -0.15080604600120162, 0.4066933417214232, 0.7840442272347443, 0.34303398170482824, 0.024734967244003814], [-0.7510830468795622, 0.4626307079986876, 0.37455950710920466, -0.34800603196200575, -0.3294239665702114, 0.31823713759328065, 0.3405306936118422, 0.5820032300067095, -0.17627784380834005, -0.3786407229064247, -0.2621404210862957, 0.34851459499071086, -0.08514914095442166]], "inverted": false, "swapped": true, "error_lsq": 0.04005901572028904, "error_max": 0.21392653598823924, "target": "24.xyz", "model": "17.xyz", "model_rescale": 3.901054581598922, "target_rescale": 4.28219845311461},
{"mapping": [13, 7, 14, 6, 1, 9, 0, 12, 11, 4, 3, 2, 5, 15, 16], "R": [[0.8783011762572517, -0.18398266031965538, 0.44129063494122656], [0.46343258812734855, 0.10068255399347482, -0.8803938093733615], [0.1175469269981817, 0.9777593794093994, 0.1736931660435459]], "T": [-0.08889808405332314, 0.06534435354439677, -0.011914452416768499], "aligned_model": [[0.07409939326305712, 0.00420568685459928, -0.42016034424687765, 0.2491196587234267, -0.26253112933726863, -0.6162507238523812, 0.5174586946011229, 0.6523755153013516, -0.637798776051246, 0.10013115456949084, 0.13702313543226305, 0.5808511517010517, 0.4040511273573517, -0.18209626094506354, -0.06139207228184345], [0.03326356538817235, -0.5043380214732069, 0.3728994125796723, 0.5153603537621201, -0.7408961951661512, 0.39427446196345045, -0.3672852677876279, 0.008321096955265284, -0.1800061869958942, 0.2618292828884101, -0.3736001531267826, -0.06109056889635067, 0.4347427613248837, 0.7676870499319539, -0.012404241520808754], [-0.6949878520224834, -0.341648551531988, -0.5157251218630414, -0.5229210031340276, 0.22507308474642337, 0.0663425645259866, 0.11278069108160438, -0.31759015294174175, -0.20998673516110247, 0.6201820532510827, 0.7401083579310308, 0.5949991516260253, 0.11516003253897483, -0.09760591926067871, 0.07548580506591164]], "inverted": true, "swapped": true, "error_lsq": 0.03845852037293021, "error_max": 0.27219012096044987, "target": "24.xyz", "model": "18.xyz", "model_rescale": 3.9405287249114394, "target_rescale": 4.28219845311461},
{"mapping": [11, 10, 8, 3, 7, 15, 9, 13, 14, 6, 4, 5, 1, 12, 2, 16], "R": [[-0.6280160196405216, -0.6367417001621873, 0.4473878477891899], [-0.5787490208961519, 0.7664842633418076, 0.27848060051126067], [-0.5202359559725009, -0.0840350005886461, -0.8498780317136363]], "T": [0.0209401554979904, 0.02019870948688047, -0.10392595735334673], "aligned_model": [[-0.4154753931897596, 0.14940556744170758, 0.6831679907254816, 0.2109748370269386, -0.5877064540200962, 0.47190984679154485, 0.19074786161549317, -0.38707025535026346, -0.13890873825221223, 0.12197250497697708, 0.6039887816079932, 0.49308429223901906, -0.47748780151884473, -0.03520240887573155, 0.4604671452307938, 0.023297321522345586], [-0.23124350487049317, -0.5923447022893178, -0.3754891438763985, -0.6011482432526098, 0.06134275643166768, 0.34004110883045763, -0.1710502594616124, 0.5905052500996949, 0.3476361783629394, 0.7673697931833463, -0.2558683096041884, 0.34810931464043926, -0.5958495472696406, 0.6086393141509301, -0.12527938805894606, -0.06301848803863166], [-0.48738360601013575, -0.2830101635227371, -0.38781340724348345, 0.5182201418641941, 0.1602470329492968, -0.5551923619875597, -0.6757731034051867, -0.15357047570956017, -0.6743495062689854, -0.2010131645765559, 0.13633571989161072, 0.15133191734756876, 0.22529959843115324, 0.44083224775406415, 0.6825510604985717, -0.017268173337377415]], "inverted": false, "swapped": true, "error_lsq": 0.040620285185472296, "error_max": 0.38600867462122784, "target": "24.xyz", "model": "19.xyz", "model_rescale": 4.410303926677745, "target_rescale": 4.28219845311461},
{"mapping": [2, 1, 0, 4, 12, 10, 5, 7, 11, 14, 9, 6, 13, 16], "R": [[0.34556796459463207, 0.7808330547778985, -0.5204637570591626], [-0.8353451241514134, 0.5086579418162922, 0.20848410439089496], [0.42752930355986507, 0.3627214341522008, 0.8280409747133217]], "T": [-0.034828680114292535, -0.05813717205560436, 0.14917258598200273], "aligned_model": [[-0.33308864648163283, 0.3458439722255494, 0.2200484230029418, -0.60969418477747, 0.2748295448453063, -0.34707794813672366, -0.3485630343341477, 0.6040541861636075, 0.23921065734378383, 0.08724570263760466, -0.356757517161684, 0.03982032158371847, 0.48641194639206664, -0.041095533842047054], [0.10440014040905254, -0.7077906317604599, 0.10867456250423019, -0.09227669040241859, 0.5903558215123927, -0.6293261857224756, 0.44087637760574827, -0.14205428925669458, -0.5029419587051562, 0.07740121987951984, -0.3090859562204795, 0.6466363409608753, 0.34243103699321614, -0.11635132161614814], [-0.697890909688599, -0.2623782172299444, -0.5419115757565469, -0.22798589241474282, -0.21102799118547771, 0.14393316222192387, -0.07027733009125478, -0.01428229249977081, 0.5066255617843423, 0.8009986205970829, 0.6243636162339101, 0.42416333429128333, 0.3982507725175078, 0.04423417994530693]], "inverted": false, "swapped": true, "error_lsq": 0.03879086616337516, "error_max": 0.21307568771893173, "target": "24.xyz", "model": "20.xyz", "model_rescale": 4.121658175737393, "target_rescale": 4.28219845311461},
{"mapping": [3, 10, 8, 2, 5, 1, 9, 0, 11, 13, 15, 12, 16], "R": [[0.9647230997521126, 0.18425279642058945, 0.18804320731116325], [0.17242898628475029, 0.09753052821813007, -0.9801816366134933], [-0.1989411608830352, 0.9780279664082648, 0.06231943059612254]], "T": [-0.027648338691613566, 0.023899774853757355, -0.08437340393668884], "aligned_model": [[0.28847016992408236, -0.29024300181803464, 0.058985378092590454, 0.7327592818013711, 0.5665353127464916, -0.3479227710166266, -0.37613202108901056, 0.42674260527296093, -0.6579229054686658, -0.11399445632658425, 0.07161598906799455, 0.5200008708546019, 0.00218845262312373], [-0.5029082119132355, 0.05123753623599105, 0.5179187893602265, -0.329986487036001, 0.2214616909550323, -0.705205692992488, 0.4906904987555525, -0.5763940312762204, -0.034874938336842715, -0.018096121059627976, 0.72555481389496, -0.23540219635558088, -0.06316874606858239], [0.5727364941953951, 0.5106733471474126, 0.5668918873821911, 0.2754025201053052, -0.14367864061951352, 0.23525896977713845, 0.14602956221256114, -0.14405612715819827, -0.07979190045806163, -0.7807693520329834, -0.1688777840437034, -0.6125955785886574, -0.00711365843709659]], "inverted": true, "swapped": true, "error_lsq": 0.04858119462968154, "error_max": 0.2558340043730697, "target": "24.xyz", "model": "21.xyz", "model_rescale": 4.08911054899281, "target_rescale": 4.28219845311461},
{"mapping": [5, 11, 9, 15, 14, 12, 7, 8, 3, 4, 2, 1, 10, 6, 0, 13, 16], "R": [[-0.7924572422594486, -0.588845039458359, 0.15897496248099455], [-0.3061271723800395, 0.15855415069820855, -0.9386941651182092], [0.5275392625399095, -0.7925415451581412, -0.30590885191049155]], "T": [-0.047505795631124045, -0.05186560419066358, -0.0739694296599008], "aligned_model": [[-0.32355558827513603, 0.29730809805947034, -0.5951235993163239, 0.2438188203404681, -0.3416247049327104, -0.7377659692884412, -0.4260257859693269, 0.2958996643979509, -0.2033000355542069, 0.22304979481792125, 0.4767345445991558, 0.7335155160387702, -0.6939690355607917, 0.00030873395796927883, 0.30771538703118906, -0.3341413494948079, -0.043122439788975585], [0.18943357913808095, -0.12164869267529035, -0.23780507982883578, -0.6448975334676605, -0.6216241739525382, -0.21296391987740232, 0.4053460007229076, 0.3829166588271885, -0.6765961458770757, -0.1987093206904592, -0.4897815986373525, 0.015156830563710172, 0.3947621412706529, 0.691613537012429, 0.4021029232386607, -0.11525814453583849, -0.03920057037505724], [-0.6767133803174308, -0.7537684658006752, -0.49000892784356864, -0.38210919807868315, -0.04766685713910043, 0.13232582326549072, 0.3177911518897967, -0.49086161218119495, 0.5088845215023682, 0.5517531776263114, 0.15981567862602233, -0.1985169516066388, -0.25766577044739536, -0.05123914353203507, 0.4435340830536971, 0.5181043926951184, -0.02829631347082697]], "inverted": false, "swapped": false, "error_lsq": 0.04548341598968473, "error_max": 0.4026885836308237, "target": "24.xyz", "model": "22.xyz", "model_rescale": 4.204369325754507, "target_rescale": 4.28219845311461},
{"mapping": [11, 10, 8, 3, 7, 15, 9, 13, 14, 6, 4, 5, 1, 12, 2, 16], "R": [[-0.6280160196405216, -0.6367417001621873, 0.4473878477891899], [-0.5787490208961519, 0.7664842633418076, 0.27848060051126067], [-0.5202359559725009, -0.0840350005886461, -0.8498780317136363]], "T": [0.0209401554979904, 0.02019870948688047, -0.10392595735334673], "aligned_model": [[-0.4154753931897596, 0.14940556744170758, 0.6831679907254816, 0.2109748370269386, -0.5877064540200962, 0.47190984679154485, 0.19074786161549317, -0.38707025535026346, -0.13890873825221223, 0.12197250497697708, 0.6039887816079932, 0.49308429223901906, -0.47748780151884473, -0.03520240887573155, 0.4604671452307938, 0.023297321522345586], [-0.23124350487049317, -0.5923447022893178, -0.3754891438763985, -0.6011482432526098, 0.06134275643166768, 0.34004110883045763, -0.1710502594616124, 0.5905052500996949, 0.3476361783629394, 0.7673697931833463, -0.2558683096041884, 0.34810931464043926, -0.5958495472696406, 0.6086393141509301, -0.12527938805894606, -0.06301848803863166], [-0.48738360601013575, -0.2830101635227371, -0.38781340724348345, 0.5182201418641941, 0.1602470329492968, -0.5551923619875597, -0.6757731034051867, -0.15357047570956017, -0.6743495062689854, -0.2010131645765559, 0.13633571989161072, 0.15133191734756876, 0.22529959843115324, 0.44083224775406415, 0.6825510604985717, -0.017268173337377415]], "inverted": false, "swapped": true, "error_lsq": 0.040620285185472296, "error_max": 0.38600867462122784, "target": "24.xyz", "model": "23.xyz", "model_rescale": 4.410303926677745, "target_rescale": 4.28219845311461},
{"mapping": [0, 1, 2, 3, 4, 5, 6, 7, 8, 9, 10, 11, 12, 13, 14, 15, 16], "R": [[1.0, 0.0, 0.0], [0.0, 1.0, 0.0], [0.0, 0.0, 1.0]], "T": [0.0, 0.0, 0.0], "aligned_model": [[-0.34672673773913393, 0.49828309532176007, -0.6009883073326879, -0.08340365443367642, -0.3313831237708901, -0.6190863475913372, -0.44536621104350294, 0.22099545604003673, -0.03919727257803963, 0.30153864052256246, 0.3669966063475991, 0.6190863475913372, -0.5887037996023791, -0.04800041433168438, 0.20763839175956347, -0.23355965655271085, 0.0015990384553580847], [0.03319554232630446, -0.1824878992779093, -0.45746343179755655, -0.6495377153706973, -0.6030427894162063, -0.070746137367747, 0.5165220912149077, 0.3968871640602864, -0.7011001084773048, -0.20665779731818354, -0.5362548291823731, 0.1173813417345015, 0.44100001919024945, 0.7011001084773048, 0.4006936667664242, -0.004074869530464399, -0.07256786517541707], [-0.6701227024900797, -0.6743496667931546, -0.512283333903976, -0.616762167591515, -0.02022356061919774, 0.08561023128980765, 0.33578558204236514, -0.48535809882615255, 0.42735100206973675, 0.508711103385591, 0.039092139664439744, 0.060623439768697565, -0.32422623920901134, 0.018472193866322952, 0.504460973411636, 0.6743496667931546, -0.09576835461740812]], "inverted": false, "swapped": false, "error_lsq": 0.0, "error_max": 0.0, "target": "24.xyz", "model": "24.xyz", "model_rescale": 4.28219845311461, "target_rescale": 4.28219845311461},
{"mapping": [1, 7, 10, 13, 11, 12, 3, 14, 0, 6, 2, 5, 15, 9, 4, 16], "R": [[-0.5064545225450682, -0.07766138553050542, -0.8587622056140626], [-0.2573203422365774, 0.9641670631278797, 0.06456094679146415], [0.8229763411331447, 0.25367416813077714, -0.5082906239133872]], "T": [0.03599819977910871, 0.02361786430672261, -0.030420442728042958], "aligned_model": [[-0.30492234339830193, -0.23806203644790494, 0.21378984987122202, 0.08199980062389925, 0.41071439684485866, -0.5063380697607707, -0.5863379965158197, 0.6054880458472969, -0.7125011628481132, 0.13891425631633242, -0.7438318561318783, -0.20951629280777756, 0.49650040263072115, 0.609526346287213, -0.196032650032726, -0.05106992435724061], [0.3713217157854516, -0.27084586228436447, 0.6325689748438205, -0.66590383361113, 0.06583224494753147, -0.5321329392469669, 0.6682380283086894, -0.3418566676271773, -0.05434427092535936, -0.6106761443625256, 0.3431160179706737, -0.07300162862307703, -0.07608958441893571, 0.2676196615183861, 0.521085892919509, 0.10017977051970717], [-0.7369687881912637, -0.55967746660546, -0.1765458012691732, -0.15937898121749397, -0.5388761481090111, 0.17739738584952022, -0.11050469572011984, -0.046534776333987456, -0.0941104788629421, 0.3757537632881936, 0.31983655560542806, 0.5405343198790524, 0.5055929308664802, 0.03241721913839465, 0.38499695969373343, -0.06200597743360533]], "inverted": true, "swapped": true, "error_lsq": 0.039271427036845705, "error_max": 0.34199689006772116, "target": "24.xyz", "model": "25.xyz", "model_rescale": 4.100010024507729, "target_rescale": 4.28219845311461},
{"mapping": [1, 7, 13, 12, 10, 9, 11, 5, 0, 4, 3, 16], "R": [[-0.7464181303859868, 0.5225080152943192, 0.4121229775009878], [-0.019672239356745003, -0.6363432796812022, 0.7711551292724848], [0.665186423215161, 0.567496787971318, 0.4852570638460175]], "T": [0.09136313251249405, 0.16172369893783328, 0.08205413898833175], "aligned_model": [[-0.6538307865230405, -0.06624238306223028, 0.5011347537759755, 0.6275872836479172, -0.44665646574816553, -0.03203959669222638, -0.2844171371980149, 0.5517769262270521, 0.09133822934688644, 0.015284219145562356, -0.43995339111269016, 0.012783950555980736], [-0.25198190152285066, -0.46946664365536245, -0.269227440786575, -0.3573513049679166, 0.5258923146179134, 0.6795922358369757, 0.12160013268458345, 0.284940111804851, -0.36934772922786013, 0.536389470969002, 0.10107408658729183, 0.1340180577105865], [-0.017288947083440892, 0.2187660607794011, 0.4569607372317722, -0.21661061427699485, 0.04082214271471359, 0.41221156892616023, 0.5898934589884486, -0.3283589304739913, -0.4549271909031746, -0.4904158874762384, -0.6413236052633415, -0.004536503308957621]], "inverted": false, "swapped": true, "error_lsq": 0.040044570698390534, "error_max": 0.25265419357513563, "target": "24.xyz", "model": "26.xyz", "model_rescale": 3.6694154284099745, "target_rescale": 4.28219845311461},
