[{"mapping": [12, 6, 5, 3, 4, 8, 9, 7, 2, 11, 10, 14], "R": [[-0.35306957653332716, 0.7027073601446814, 0.6176926744952302], [0.9333511971139621, 0.2188287489086449, 0.2845514391055007], [0.06478747542937036, 0.6769906532955758, -0.7331345295223233]], "T": [-0.057912605200656005, -0.009348983173348563, -0.06085368908028366], "aligned_model": [[-0.2832255917754778, 0.1948210703876338, 0.38555496859215466, -0.1685701898013315, -0.11995310597529496, -0.5322592676059661, 0.3306864365405676, -0.2841683324574826, 0.6780739862597094, 0.1743035495949434, -0.5228062871884094, -0.014814774110497649], [-0.2743988261589574, -0.7346399326576657, -0.3879618667105753, 0.771532618777119, 0.3617561806555699, -0.5338414569094111, -0.17877875388735892, -0.5821055057911811, 0.18674148541614302, 0.3806075938363316, 0.11007024356833833, -0.06542674416129496], [-0.7264222474083647, -0.0772638632912906, -0.4514949386002037, -0.07103595014632204, -0.589496101647298, 0.05601035742181831, 0.5756661927461503, 0.6087389317752495, 0.02771812999359824, 0.33594267522449867, 0.468151376041242, 0.025437183244484365]], "inverted": true, "swapped": true, "error_lsq": 0.036766020186053315, "error_max": 0.25866445194062926, "target": "240.xyz", "model": "0.xyz", "model_rescale": 3.751011558992144, "target_rescale": 4.206396238852147},
{"mapping": [12, 6, 7, 2, 13, 11, 6, 4, 10, 1, 8, 0, 9, 5, 14], "R": [[0.6121399217599084, -0.5408384278498339, 0.5768695789766468], [-0.38665748226395585, 0.431637433525733, 0.814975531772959], [-0.6897685898887195, -0.7219299972575173, 0.055103279963076846]], "T": [0.024784863318766198, -0.06300730826098093, -0.005393775206656678], "aligned_model": [[0.13429240912186427, 0.6996865296754162, 0.25147466623962345, -0.8017062937384494, -0.4276756166846216, 0.685648891427542, 0.6996865296754162, 0.3292481017630715, 0.5448247753116822, 0.16370478451022213, -0.3002016774236165, -0.35782710655178596, 0.10726736469896486, -0.31832120011656573, 0.041300206093436334], [-0.041595261148133486, -0.3894140411273453, -0.5669644913700851, -0.058710740092655186, 0.33008448573518157, 0.14418849664826427, -0.3894140411273453, -0.10911950787969564, 0.47086300603836523, -0.694887187021253, -0.06368876983224604, -0.7106168844151903, 0.5565608209976604, 0.43577043709452623, -0.03784604304504765], [-0.7399172436730025, -0.046529292204304906, -0.371885132051104, 0.019746009921874436, -0.4155895258289192, -0.4017012615181435, -0.046529292204304906, 0.7231319768379354, 0.3366511422722886, 0.2536711273754952, 0.5732265978241412, -0.10395561307824966, -0.21401206660821878, 0.1481804315066039, -0.05119734088811982]], "inverted": false, "swapped": false, "error_lsq": 0.05163314964672038, "error_max": 0.39673610061326375, "target": "240.xyz", "model": "1.xyz", "model_rescale": 3.9405287249114394, "target_rescale": 4.206396238852147},
{"mapping": [1, 9, 2, 8, 10, 0, 6, 7, 13, 4, 12, 5, 14], "R": [[0.0325314700527945, 0.10168915486833088, 0.9942841742873961], [0.5908172341620685, -0.8043472134296118, 0.06293294896238516], [0.8061493033385861, 0.5853929244790916, -0.0862463025093197]], "T": [-0.02480693663183204, -0.18767989739975485, -0.1258862466830855], "aligned_model": [[-0.309523548794334, 0.18890202569425932, -0.5284770859795151, 0.5478506663234575, 0.5966056949948818, -0.8226983974429402, 0.03738363072142845, 0.760490701399584, 0.13474639657627413, -0.45534769292866184, -0.22192078044469948, -0.45376292243739236, 0.021734591601589026], [0.6567572523066344, 0.516173441303578, 0.32502912288374775, -0.26544394608262967, -0.2841032689082129, -0.07099331778710666, 0.2742821702078905, 0.24119884374628422, -0.6312218066063949, -0.6712645315652099, -0.6166776914622328, 0.07137758583731799, -0.08628126030164875], [0.1161371837342586, -0.3351520571357568, -0.3931287264484909, 0.2981070775752409, -0.4646816434547158, -0.037195518235513605, 0.4847805588842496, 0.03832889061319769, -0.12411144533714938, -0.1684470912229517, 0.45815646775458846, 0.36553798250488784, -0.12521132964320078]], "inverted": false, "swapped": true, "error_lsq": 0.049760935261146305, "error_max": 0.2464349896091504, "target": "240.xyz", "model": "2.xyz", "model_rescale": 3.932901565614263, "target_rescale": 4.206396238852147},
{"mapping": [6, 9, 7, 5, 8, 13, 10, 12, 0, 4, 11, 2, 3, 14], "R": [[0.4158088943401312, 0.8649411647639096, -0.28103335190772194], [-0.4932379427111764, 0.47409489871427624, 0.7293492708456949], [0.7640806863530083, -0.16465360156993836, 0.6237546763210389]], "T": [0.019988206897813575, -0.14585517433439413, 0.05985927210806037], "aligned_model": [[-0.28156932574952304, 0.5684081280224254, 0.2181554379304396, -0.36063445855258547, -0.2815647769321554, -0.16061548744937285, 0.37878492636403766, -0.7213914693888798, -0.14420052036185038, -0.24596446832027682, 0.6054820948394538, 0.4015443548139571, 0.36826235333451224, 0.07511312350252174], [0.2083753225823318, 0.0952094206806548, -0.44170304667968396, 0.431331076478603, -0.550712171545883, -0.5444016850803991, -0.7389199029605121, -0.15861230919055241, 0.54779893010801, -0.1307108903123073, -0.07906762427461228, 0.5080845690253575, -0.3657571542791349, -0.1174178962013832], [-0.5515116264107068, -0.4155318022198469, -0.777278560746002, -0.0609472212207741, -0.44897363392084016, 0.2351670746743994, -0.11268807777552116, 0.1789907042331791, 0.44715584018038634, 0.6515269929846763, 0.18703694140046456, 0.1813105786351037, 0.7325204749992136, -0.03288132175663422]], "inverted": true, "swapped": true, "error_lsq": 0.041274119303124794, "error_max": 0.26094028264491503, "target": "240.xyz", "model": "3.xyz", "model_rescale": 3.9243930471874484, "target_rescale": 4.206396238852147},
{"mapping": [11, 2, 3, 10, 13, 9, 7, 4, 12, 5, 8, 6, 14], "R": [[0.7483032503418164, -0.6318783934797441, -0.20192063139097674], [-0.3120505817473118, -0.6039163895073828, 0.7334230899798093], [-0.5853773825140814, -0.48581343161529106, -0.6490906174819798]], "T": [0.06902484435190469, -0.022597288245993025, -0.14174229647300865], "aligned_model": [[-0.020132524454437237, -0.4659263341360014, 0.5561012306804234, 0.39395396550651524, 0.52286904456539, -0.48703408695646644, -0.18528926131767431, 0.4295100812267326, 0.2773790654663526, -0.40035194435121135, 0.1734453694515763, -0.5022991565888596, -0.015019562780986831], [-0.4576937291184956, -0.04815131025942035, -0.19577942321514952, -0.6241998451178926, 0.027808830757266395, -0.5476323593459782, -0.5783670683834707, 0.4001801327233012, 0.646477075748717, 0.4979176153790219, -0.08881595692585989, 0.18408177095006098, -0.0879961795105138], [-0.5493939614447891, -0.6905108546179585, -0.7374682382813854, 0.06496734525380496, -0.024804251423858614, -0.13860200445436946, 0.5320827946043354, -0.47691465964661683, 0.12830747858660493, -0.10484438672825955, 0.5642787785395237, 0.32843130809953236, -0.10845903311559976]], "inverted": true, "swapped": true, "error_lsq": 0.04625314879341359, "error_max": 0.24953921565610715, "target": "240.xyz", "model": "4.xyz", "model_rescale": 3.8936222436046832, "target_rescale": 4.206396238852147},
{"mapping": [12, 6, 8, 13, 7, 9, 2, 11, 3, 4, 10, 14], "R": [[0.8667876299411762, -0.3892304400178362, 0.3117352548950486], [0.4374267092417226, 0.29328374450952704, -0.8500838307181408], [0.23945162063121786, 0.8732034755828636, 0.4244745123173961]], "T": [-0.027176094156757438, -0.1170356100859612, -0.02261554523779853], "aligned_model": [[0.13476955799591334, -0.7071627714468897, -0.32072139038869013, 0.299105603669393, -0.6968782333995521, -0.5926856994617082, -0.1912741312878225, 0.026855098232750688, 0.6545893318112025, 0.5288048533094185, 0.019179906506973113, -0.1270340833258915], [-0.6372835214710706, -0.4178627991940535, 0.08596054637610379, -0.003999293853185967, 0.42726003518571054, 0.20103819300408154, -0.34497432849675747, 0.20025492214442958, 0.10673735518928304, -0.451508830875419, 0.5803124644968299, -0.07701183739614462], [-0.53944683634657, -0.2157778785202341, -0.6442086887226771, -0.3434782669062945, -0.31043017560583397, 0.38223154256500697, 0.6908888182205654, 0.48713456769262287, 0.30486944632891716, -0.02922745501258768, -0.17023068765239213, 0.0069603332349955395]], "inverted": true, "swapped": true, "error_lsq": 0.04592983497704697, "error_max": 0.2760388344902534, "target": "240.xyz", "model": "5.xyz", "model_rescale": 3.6523030999806103, "target_rescale": 4.206396238852147},
{"mapping": [7, 9, 1, 8, 5, 10, 2, 13, 11, 4, 0, 12, 14], "R": [[-0.7215426399741126, -0.6920820320250476, -0.019966963897127377], [-0.41487633953052117, 0.40908921842261836, 0.8127260511809173], [-0.5543048273260337, 0.5947003214379931, -0.5823037747469991]], "T": [0.0424223825190597, -0.12743369562248671, -0.07100151075474843], "aligned_model": [[0.23810363036391458, -0.2303037494152845, 0.13943197229990575, 0.5352470845994487, 0.44429646681362495, -0.20821481091413999, -0.34430387933223644, 0.11958157536225211, -0.5367609765598306, 0.013981832544295518, 0.024001732948067126, 0.6507352563722327, 0.035286769582044186], [-0.5326686680946183, 0.027451389941449855, 0.5922486994672993, -0.5769647597965012, 0.44786322866937167, -0.7534048474415149, 0.5177701758794072, -0.4925373594685285, -0.07319613705474003, -0.027371622967420045, 0.6154197572331791, -0.09057675580594696, -0.11320619639825381], [0.7196244643746805, 0.6264970839654985, 0.4994013114725821, 0.19129593846584697, -0.05906586308600649, 0.16474106187529297, 0.07775152084003804, -0.35898695289773136, 0.0872475114645291, -0.7114775707715417, -0.396488858679889, -0.5098589825069513, 0.03942907496544064]], "inverted": true, "swapped": true, "error_lsq": 0.047971850828656945, "error_max": 0.30053595859992066, "target": "240.xyz", "model": "6.xyz", "model_rescale": 4.08911054899281, "target_rescale": 4.206396238852147},
{"mapping": [8, 5, 4, 0, 9, 10, 12, 13, 13, 7, 2, 6, 11, 1, 14], "R": [[0.007808107685688459, 0.8359237814204881, 0.5487900009202437], [0.06411457327597281, -0.5480960163239263, 0.8339544822012064], [0.997911997596987, 0.028673830325132543, -0.057874489254566175]], "T": [0.09745607683095629, -0.10712140393934576, -0.09512856165367863], "aligned_model": [[0.07049046112885737, 0.6230704238785731, 0.10219913108360572, -0.8346215852178185, -0.3443793825580255, 0.663332061034912, 0.7631447535591271, 0.3442144816618836, 0.3442144816618836, 0.23908541805385247, -0.32006652991401946, -0.2369744517459435, 0.34266736240858614, -0.3335382833112663, 0.028564022277992623], [-0.03147727609685995, -0.65116122702202, -0.6326540920312766, -0.18246117492955982, 0.41615080242125413, 0.03457584856565403, 0.030108044962274497, 0.16986735898600647, 0.16986735898600647, -0.6341254452856236, -0.20801754725524735, -0.459755359072201, 0.42359269041662484, 0.39662397905035696, 0.034076317759610966], [-0.7724023576754504, -0.18596610158738733, -0.5648544252012171, 0.005922583420096356, -0.4766058647594171, -0.5181902092131354, 0.11941416612158655, 0.5359673400997733, 0.5359673400997733, 0.4539587125085532, 0.5872455178746341, 0.018662833876081433, -0.14752167603376415, 0.21860780776744698, -0.14691514961360275]], "inverted": false, "swapped": false, "error_lsq": 0.05057188180195022, "error_max": 0.4309459353419963, "target": "240.xyz", "model": "7.xyz", "model_rescale": 3.964800864290218, "target_rescale": 4.206396238852147},
{"mapping": [1, 9, 2, 6, 0, 7, 5, 11, 10, 13, 8, 12, 4, 14], "R": [[0.908753181281875, 0.3413235561737138, 0.24013722225219802], [-0.05296567357361867, -0.4764271580260855, 0.877617114986986], [0.4139592889801662, -0.8102563749185299, -0.41487626344600403]], "T": [0.1343419419669455, 0.0024504035512641614, 0.19639399099903532], "aligned_model": [[-0.2343402322848424, 0.06506240248335854, 0.388349328264984, -0.5694256106579554, 0.2628961497910757, -0.37234895980705673, -0.2555768283514789, 0.581698477835257, 0.28166218198427084, 0.20744602242208016, -0.40416625992852406, -0.21935319853513707, 0.4377973584765887, 0.09148705776825138], [-0.011050686230715702, -0.5430233027474778, 0.10176222417363992, 0.005824459933450972, 0.6463870962884063, -0.7527800347752757, 0.4449975608425405, -0.2922631501797438, -0.6039581616049815, 0.05252248399162453, -0.2684120023899085, 0.5712619379313446, 0.5365232061526463, -0.07684316520434814], [-0.6501307663945071, -0.3351434051946782, -0.5202580248397939, -0.1116488852596958, -0.27997974652960456, 0.21846844017722256, -0.1840362345868376, -0.08010895706806648, 0.5439552736217168, 0.6593609676415266, 0.584204241050197, 0.5360291672724486, 0.4054679454601161, 0.13063502337497676]], "inverted": true, "swapped": true, "error_lsq": 0.04303825447057834, "error_max": 0.32499906759519553, "target": "240.xyz", "model": "8.xyz", "model_rescale": 4.121658175737393, "target_rescale": 4.206396238852147},
{"mapping": [10, 11, 9, 7, 3, 13, 2, 5, 1, 0, 8, 6, 14], "R": [[-0.8336051105167193, 0.5254575338573403, 0.17028476101216722], [-0.42640339009326444, -0.4162050083510094, -0.8030899949199393], [-0.35111631781701647, -0.7420699233469168, 0.5710074957708712]], "T": [-0.22144941276966248, -0.02433540993942724, 0.0506945909138844], "aligned_model": [[-0.5586599490332063, -0.21241794490407165, 0.29400588870582556, 0.075075168775212, -0.7882529448810716, -0.653147382545083, 0.23948639617505527, 0.2830658631623728, 0.6897436046640196, 0.07379788325339007, -0.2430746155703682, 0.41570464166964427, -0.13858911303652197], [0.3343594835571544, -0.34145409394552634, 0.027156007995323077, 0.718082894345621, -0.5169291687316577, 0.1272826377750057, -0.6098481718194516, -0.14471191503256525, -0.16956330269135375, -0.6641058653858398, 0.6873057008987629, 0.33029594092189196, 0.01251729152434504], [-0.466857796583528, -0.4619378330207383, -0.5119133440342637, -0.3834530800739028, -0.19057289657619159, 0.16400245374497874, -0.13009724386649052, 0.5235430061436747, 0.013964030566139436, 0.45273362501195513, 0.13348104194599558, 0.2924835110398773, -0.014300040338417287]], "inverted": true, "swapped": true, "error_lsq": 0.03913718757990771, "error_max": 0.26786115368361435, "target": "240.xyz", "model": "9.xyz", "model_rescale": 3.833441315466971, "target_rescale": 4.206396238852147},
{"mapping": [10, 0, 13, 9, 8, 0, 1, 4, 6, 5, 3, 2, 11, 7, 14], "R": [[-0.25601966942786364, 0.7510589538892085, 0.6085756950855786], [-0.712537084781534, -0.5720637301393641, 0.40624375868445006], [0.6532570946243755, -0.3296263588396482, 0.6816169245852358]], "T": [0.16174536885459295, 0.03628477783872325, -0.0016708393228665012], "aligned_model": [[0.2043747390538861, 0.5977251471477789, 0.11365095282917148, -0.6445914300917936, -0.3903667086627764, 0.5977251471477789, 0.8791242213083241, 0.2186584527878226, 0.5543016136256492, 0.31203746235617524, -0.45258660205739926, -0.30989186055064066, -0.01603486529857165, -0.2847689483954433, 0.0720450428022391], [0.15392087445119004, -0.3256543415410993, -0.6907414130930145, -0.045886530698231315, 0.1133226447497176, -0.3256543415410993, -0.1247545152481363, -0.14002836630143842, 0.2665901015839497, -0.5886822636096574, -0.06577815580318827, -0.503696289924211, 0.632553690955423, 0.4934052679089197, 0.02629391756587649], [-0.8141353795275845, -0.3794864934263581, -0.3254089839106128, -0.03295932364112193, -0.5464614259687797, -0.3794864934263581, 0.06934226544010778, 0.7739496581956419, 0.5024011997655642, 0.20871852638077434, 0.6037226169016172, 0.04960318162528131, -0.2813039071790234, 0.18695524272978423, 0.027839833725039127]], "inverted": true, "swapped": false, "error_lsq": 0.054505947900581754, "error_max": 0.3739120934418546, "target": "240.xyz", "model": "10.xyz", "model_rescale": 4.2482417240324, "target_rescale": 4.206396238852147},
{"mapping": [9, 1, 5, 0, 10, 13, 8, 4, 2, 3, 11, 14], "R": [[0.010748560654860103, 0.5317435507079824, -0.84683721264734], [-0.711437880751248, 0.5991798129434671, 0.367205247229945], [0.7026667846682537, 0.5985251440344834, 0.3847428253814214]], "T": [-0.0019395528886135271, 0.16721127251534038, 0.06939408049709997], "aligned_model": [[-0.586572644107433, -0.0834055712420878, 0.40605377510410584, 0.6059279505311663, -0.5787209820629242, 0.08362490810339289, -0.24941836228164102, 0.5499512732341201, 0.04635988568830213, 0.08056978342281466, -0.31114630371241236, -0.08645811031439685], [-0.3122475921546577, -0.7514822378509773, -0.35840492735254803, -0.27940674763145135, 0.5885490771405353, 0.6209908331668577, 0.3584176752062389, 0.4297315178568124, -0.4184744037412599, 0.6021596385228172, 0.08965432998746206, 0.09664422690081084], [-0.04548223624408254, 0.11498477890112074, 0.2927342810038722, -0.2291725431832898, 0.06381881860162514, 0.1640126549440301, 0.7143349048965889, -0.14862083538929, -0.423162672249376, -0.5833976045477348, -0.44228348901066183, 0.08742623213155427]], "inverted": false, "swapped": true, "error_lsq": 0.0457902265683325, "error_max": 0.298541314120604, "target": "240.xyz", "model": "11.xyz", "model_rescale": 3.6694154284099745, "target_rescale": 4.206396238852147},
{"mapping": [8, 13, 3, 4, 12, 7, 6, 9, 0, 2, 11, 5, 10, 14], "R": [[-0.3675783211361732, -0.48797907180214506, 0.7916833984073619], [0.8735983455869036, 0.1107527603602419, 0.4738773645790777], [-0.31892335822033735, 0.8658003531737004, 0.38558739609297205]], "T": [0.037207154117055816, 0.09272837351509264, -0.08013551167876273], "aligned_model": [[-0.08508483565590093, 0.022458924144489592, -0.15918346107169218, 0.43080441093906524, 0.6566010238422717, -0.522369418664848, 0.2851630973535405, -0.41240985918147827, 0.6475393834769873, 0.11344205196799094, -0.3571451509867939, 0.609674575114171, -0.6122718899343578, -0.018954001087635494], [-0.4730436195337867, 0.21257158599740625, 0.8489866489532975, 0.5646018879549596, -0.03588552637323317, -0.6239695028045803, -0.5947973615243113, -0.18562813642207607, 0.38243453183606135, 0.3103940388451684, 0.401498139572381, -0.16435851776392776, 0.0660485776612438, 0.022134541737651517], [-0.5028659667261213, -0.5357778444518505, -0.1879733660334315, -0.28857603680256816, -0.4848682209119308, -0.10866934238021206, 0.15654313093627614, 0.47234563472791924, 0.3689496673741488, 0.651152803762707, 0.2554018487669285, 0.2341878451402, -0.3762750160060332, -0.014479677743617261]], "inverted": true, "swapped": true, "error_lsq": 0.04771896519526272, "error_max": 0.31898855813678517, "target": "240.xyz", "model": "12.xyz", "model_rescale": 3.9764082729961374, "target_rescale": 4.206396238852147},
{"mapping": [13, 10, 12, 5, 6, 11, 8, 2, 7, 1, 0, 9, 14, 4, 15], "R": [[-0.8159575104262855, -0.12177015140394576, 0.5651419037781563], [-0.058365149378283826, 0.9899217853507041, 0.1290285558553821], [-0.5751581091465104, 0.07229722757571666, -0.8148412485680117]], "T": [0.07378988933442715, -0.060999416679533756, -0.05017497807886902], "aligned_model": [[0.08368960330739783, 0.6878513954701404, 0.010020859738769858, -0.7612900368966651, -0.3312426418966818, 0.7485288244585306, 0.7477954565214417, 0.3791370357388089, 0.12984567415833054, 0.3165551835896975, -0.2583452837531439, -0.2988447146548182, 0.3034648948056798, -0.37873749368342624, 0.07297360709813833], [-0.08565184094607214, -0.5328331425130735, -0.606806977927105, -0.13151815963565539, 0.3865518946424316, 0.09210631099295422, -0.055684594959739514, -0.2871178606429265, 0.33058163702279025, -0.6158771448665051, -0.11027124836163299, -0.47523784338016445, 0.5019800037900026, 0.420482181126718, 0.04450706511297841], [-0.6615462235819062, -0.26569365663514866, -0.374583905048635, -0.027981971692153954, -0.5184753924260505, -0.4398295742674417, 0.1627594830107974, 0.6511759208215278, 0.5936850426493511, 0.14087029647199, 0.5935380378708176, 0.17576551026261156, -0.5689346561231774, 0.2313532804888634, -0.02881167411747465]], "inverted": false, "swapped": false, "error_lsq": 0.04351130428380176, "error_max": 0.3508953482387322, "target": "240.xyz", "model": "13.xyz", "model_rescale": 4.170626492500431, "target_rescale": 4.206396238852147},
{"mapping": [6, 7, 1, 9, 5, 0, 2, 8, 12, 10, 13, 11, 4, 14], "R": [[0.252901781823361, 0.9659817010511087, 0.054037412826448694], [-0.1911592385537031, 0.10464291870852863, -0.9759651659151206], [-0.9484191237349329, 0.23649357876815, 0.21112070702632474]], "T": [0.02105671507220424, 0.05126341428764818, 0.24219470263231022], "aligned_model": [[0.20965190012233653, 0.00473343218647726, -0.36654502238469866, -0.5440554503405954, 0.16643905141253137, -0.11176442186261842, -0.5839981349652004, 0.485551415697091, 0.703861903051557, -0.07829288763838385, 0.32481549017719635, -0.5543337609933238, 0.22138090394378585, -0.03426139631451098], [-0.13353727938422877, -0.8196081611865865, 0.10587847104800141, -0.3353240638008101, 0.3943837684025531, 0.7910620226812335, 0.40755787883018985, -0.4854760855357643, 0.3475120875322604, -0.5211326008168201, 0.011793980899713223, 0.02033834448354433, 0.592540568298804, -0.019914463526424293], [-0.4792421454647109, -0.02031666033856419, -0.5941635212239367, -0.098498098428116, -0.35256927516462255, -0.06304151902527619, -0.06592148454016997, 0.1426472319141312, 0.14213139322186938, 0.6577977638887403, 0.6004719858293559, 0.4194156645339724, 0.5387079883718471, 0.17645377754634556]], "inverted": false, "swapped": true, "error_lsq": 0.05247561296524326, "error_max": 0.46191171424426936, "target": "240.xyz", "model": "14.xyz", "model_rescale": 3.9786697098870705, "target_rescale": 4.206396238852147},
{"mapping": [10, 4, 9, 7, 2, 1, 12, 5, 6, 8, 0, 14], "R": [[0.6498375127944402, -0.5059212459765215, 0.5672344311082499], [0.21876795389505307, -0.5902110847835729, -0.7770401905610611], [0.7279091902934788, 0.6290425806478941, -0.27286194754514603]], "T": [-0.13192529976904585, -0.11570890091151262, -0.15792331661331302], "aligned_model": [[0.059442789967684734, -0.7690240316814977, 0.5264988137820685, 0.6710334234464749, -0.024715323912953308, 0.4573806330757937, -0.48730252087516157, -0.05886646523260222, 0.39228447820961754, 0.1852186396601536, -0.4454427485242748, -0.023153091147966418], [-0.6476073896181604, -0.02438143833523207, 0.11994493630873135, -0.5426790114325114, 0.6119611175941583, 0.5633415379760238, -0.2507693529793434, 0.3320045821110811, 0.02701430264203733, -0.6749053874326661, 0.5986635824096642, -0.09791298901934349], [-0.5946105022897891, -0.07548929999120639, -0.46746843142622774, -0.18137069931919372, -0.374660639333794, 0.05260461235821337, 0.48973752983875574, 0.37763884992619734, 0.385238502586856, 0.15905196263004137, 0.06454319953932272, -0.17524859064534506]], "inverted": false, "swapped": true, "error_lsq": 0.05183568366937533, "error_max": 0.26488941171861624, "target": "240.xyz", "model": "15.xyz", "model_rescale": 3.769337070930944, "target_rescale": 4.206396238852147},
{"mapping": [8, 12, 10, 13, 7, 6, 9, 5, 11, 4, 14], "R": [[0.5683177178314435, -0.8225941332021641, 0.018811263121862806], [-0.6906202580637452, -0.4644616753396205, 0.5543636092788549], [-0.447279141868728, -0.3280461006658868, -0.8320619719029834]], "T": [-0.05867297502129718, 0.08403704616169616, 0.13908997327509615], "aligned_model": [[-0.17353850501826032, -0.49252528158992975, -0.17535625477658562, -0.5090538087807621, 0.329018106630121, 0.38448104297365293, 0.639506292361178, 0.20765902983636506, 0.19254791162989368, -0.5205177613401784, 0.04040535876567588], [-0.011872361789641517, -0.5229467489952866, 0.6801389506272238, 0.15910828530745907, 0.3184210589677652, -0.42102975103648943, 0.3706616344062883, -0.5530961312467026, 0.5569596625080461, -0.08618044836960065, 0.10590034724628047], [-0.561881932004008, 0.053406161952389425, -0.236783646323383, 0.0219949054218571, -0.6498052833786925, -0.23335144856297318, 0.015537237904224108, 0.2645505959680984, 0.4159836248544822, 0.5618857450456811, 0.09268164634610158]], "inverted": false, "swapped": true, "error_lsq": 0.04537561627625561, "error_max": 0.2665972773056889, "target": "240.xyz", "model": "16.xyz", "model_rescale": 3.7852294659196426, "target_rescale": 4.206396238852147},
{"mapping": [10, 4, 12, 13, 11, 2, 1, 5, 8, 7, 9, 6, 14], "R": [[0.5450326854105045, 0.6063916671111993, 0.5789892208774828], [0.6362828370489457, -0.7488618215202179, 0.18533786322920162], [0.5459702584492666, 0.2673857107766269, -0.79399077989692]], "T": [-0.08429876808626652, -0.09722678794668194, -0.02441476903139627], "aligned_model": [[0.08303388357584865, -0.33549177802018243, 0.27681805806281284, 0.07889041397890617, -0.5444519194376304, -0.6794723410961494, -0.19982566768418392, -0.03296635076829152, 0.6165178794692077, 0.4969213885607778, -0.19109141857974188, 0.35130246869114745, -0.0664187665362382], [-0.13247047498221087, -0.6339025910725031, -0.5130897029118205, -0.5156460602286741, 0.10103113027297264, 0.32978208082407867, 0.7162093015852602, 0.13274810083697347, -0.07559889386012568, 0.4381218261979565, 0.6148161953159164, 0.4038680541666345, 0.009186657558416342], [-0.7179499969786213, 0.23999404477995212, 0.48612567094333814, -0.16753864796225082, -0.3596619977914137, 0.20231093704736808, 0.39711607637946744, 0.6367117875928091, -0.17321859025976288, -0.47517075297677835, -0.28221962196053385, 0.36203844640778526, -0.05278265807818545]], "inverted": false, "swapped": true, "error_lsq": 0.041063820116438214, "error_max": 0.24907834853732536, "target": "240.xyz", "model": "17.xyz", "model_rescale": 3.901054581598922, "target_rescale": 4.206396238852147},
{"mapping": [12, 6, 7, 2, 13, 11, 6, 4, 10, 1, 8, 0, 9, 5, 14], "R": [[0.6121399217599084, -0.5408384278498339, 0.5768695789766468], [-0.38665748226395585, 0.431637433525733, 0.814975531772959], [-0.6897685898887195, -0.7219299972575173, 0.055103279963076846]], "T": [0.024784863318766198, -0.06300730826098093, -0.005393775206656678], "aligned_model": [[0.13429240912186427, 0.6996865296754162, 0.25147466623962345, -0.8017062937384494, -0.4276756166846216, 0.685648891427542, 0.6996865296754162, 0.3292481017630715, 0.5448247753116822, 0.16370478451022213, -0.3002016774236165, -0.35782710655178596, 0.10726736469896486, -0.31832120011656573, 0.041300206093436334], [-0.041595261148133486, -0.3894140411273453, -0.5669644913700851, -0.058710740092655186, 0.33008448573518157, 0.14418849664826427, -0.3894140411273453, -0.10911950787969564, 0.47086300603836523, -0.694887187021253, -0.06368876983224604, -0.7106168844151903, 0.5565608209976604, 0.43577043709452623, -0.03784604304504765], [-0.7399172436730025, -0.046529292204304906, -0.371885132051104, 0.019746009921874436, -0.4155895258289192, -0.4017012615181435, -0.046529292204304906, 0.7231319768379354, 0.3366511422722886, 0.2536711273754952, 0.5732265978241412, -0.10395561307824966, -0.21401206660821878, 0.1481804315066039, -0.05119734088811982]], "inverted": false, "swapped": false, "error_lsq": 0.05163314964672038, "error_max": 0.39673610061326375, "target": "240.xyz", "model": "18.xyz", "model_rescale": 3.9405287249114394, "target_rescale": 4.206396238852147},
{"mapping": [4, 8, 0, 3, 12, 7, 9, 5, 11, 6, 10, 1, 13, 14, 15], "R": [[-0.11805017034767629, 0.8802583622597248, -0.45957520924513784], [0.12108217895021917, 0.4721179447105943, 0.8731802518511924], [0.9855979216808202, 0.04743270974835584, -0.16231720433883928]], "T": [0.061734355197244656, -0.05091096513540089, -0.07480926392261834], "aligned_model": [[0.18522941107845653, 0.6083551362139794, 0.11363379401509913, -0.7765785435614334, -0.33448804964691914, 0.6801053407405309, 0.7552218729894669, 0.5597344433316432, 0.25255244532323884, 0.1708825860619921, -0.3008669278801783, -0.36645226614685456, 0.2123493543934324, -0.3607713148268934, 0.05249508191664004], [-0.1537644875342284, -0.5736113890478824, -0.6317168254012708, -0.06445866846390963, 0.09549691973146551, 0.050161505997454975, 0.195764002490231, -0.3651382040145628, 0.39899309641687314, -0.7496952342603407, 0.11882925091884622, -0.5530748886990686, 0.5985338059982481, 0.5695189560223282, -0.060627560699183285], [-0.7881360843346429, -0.09100012981436086, -0.43901423215776714, 0.07511251029083761, -0.4236811592620264, -0.395787812674191, 0.1425300329608744, 0.5121488242944001, 0.4547074910334944, 0.16616929220808757, 0.6016614342683606, -0.07215687773156776, -0.15767334924467857, 0.11570224178203527, -0.03729166393488418]], "inverted": false, "swapped": false, "error_lsq": 0.04830239903303756, "error_max": 0.37381900914243116, "target": "240.xyz", "model": "19.xyz", "model_rescale": 4.410303926677745, "target_rescale": 4.206396238852147},
{"mapping": [1, 9, 2, 6, 0, 7, 5, 11, 10, 13, 8, 12, 4, 14], "R": [[0.908753181281875, 0.3413235561737138, 0.24013722225219802], [-0.05296567357361867, -0.4764271580260855, 0.877617114986986], [0.4139592889801662, -0.8102563749185299, -0.41487626344600403]], "T": [0.1343419419669455, 0.0024504035512641614, 0.19639399099903532], "aligned_model": [[-0.2343402322848424, 0.06506240248335854, 0.388349328264984, -0.5694256106579554, 0.2628961497910757, -0.37234895980705673, -0.2555768283514789, 0.581698477835257, 0.28166218198427084, 0.20744602242208016, -0.40416625992852406, -0.21935319853513707, 0.4377973584765887, 0.09148705776825138], [-0.011050686230715702, -0.5430233027474778, 0.10176222417363992, 0.005824459933450972, 0.6463870962884063, -0.7527800347752757, 0.4449975608425405, -0.2922631501797438, -0.6039581616049815, 0.05252248399162453, -0.2684120023899085, 0.5712619379313446, 0.5365232061526463, -0.07684316520434814], [-0.6501307663945071, -0.3351434051946782, -0.5202580248397939, -0.1116488852596958, -0.27997974652960456, 0.21846844017722256, -0.1840362345868376, -0.08010895706806648, 0.5439552736217168, 0.6593609676415266, 0.584204241050197, 0.5360291672724486, 0.4054679454601161, 0.13063502337497676]], "inverted": true, "swapped": true, "error_lsq": 0.04303825447057834, "error_max": 0.32499906759519553, "target": "240.xyz", "model": "20.xyz", "model_rescale": 4.121658175737393, "target_rescale": 4.206396238852147},
{"mapping": [7, 9, 1, 8, 5, 10, 2, 13, 11, 4, 0, 12, 14], "R": [[-0.7215426399741126, -0.6920820320250476, -0.019966963897127377], [-0.41487633953052117, 0.40908921842261836, 0.8127260511809173], [-0.5543048273260337, 0.5947003214379931, -0.5823037747469991]], "T": [0.0424223825190597, -0.12743369562248671, -0.07100151075474843], "aligned_model": [[0.23810363036391458, -0.2303037494152845, 0.13943197229990575, 0.5352470845994487, 0.44429646681362495, -0.20821481091413999, -0.34430387933223644, 0.11958157536225211, -0.5367609765598306, 0.013981832544295518, 0.024001732948067126, 0.6507352563722327, 0.035286769582044186], [-0.5326686680946183, 0.027451389941449855, 0.5922486994672993, -0.5769647597965012, 0.44786322866937167, -0.7534048474415149, 0.5177701758794072, -0.4925373594685285, -0.07319613705474003, -0.027371622967420045, 0.6154197572331791, -0.09057675580594696, -0.11320619639825381], [0.7196244643746805, 0.6264970839654985, 0.4994013114725821, 0.19129593846584697, -0.05906586308600649, 0.16474106187529297, 0.07775152084003804, -0.35898695289773136, 0.0872475114645291, -0.7114775707715417, -0.396488858679889, -0.5098589825069513, 0.03942907496544064]], "inverted": true, "swapped": true, "error_lsq": 0.047971850828656945, "error_max": 0.30053595859992066, "target": "240.xyz", "model": "21.xyz", "model_rescale": 4.08911054899281, "target_rescale": 4.206396238852147},
{"mapping": [2, 11, 15, 3, 4, 1, 8, 10, 7, 5, 12, 14, 0, 13, 16], "R": [[0.8478433237299603, -0.3381801685437492, 0.4084065033887872], [-0.1036689328049811, 0.649635805162815, 0.7531441249996828], [-0.5200138947928319, -0.6808872845443531, 0.5157306030944908]], "T": [0.1530141737983103, -0.10446892355052892, 0.011172486760387571], "aligned_model": [[-0.07623270669302137, 0.6463531586602754, 0.040665589031641525, -0.6897611847372698, -0.2083304641061066, 0.5917394161005528, 0.8420180012186261, 0.30891420484223053, 0.08583298400368275, 0.5643442472343501, -0.3624847520139187, -0.3793182371647229, 0.3085732640414315, -0.35757114018454494, 0.13665998376899408], [-0.07333936289632179, -0.6259130219914959, -0.637689054001116, -0.023853255079057917, 0.36092263319318907, -0.024655811636121544, -0.12712682387965005, -0.11262464115007517, 0.40217050723364767, -0.49842072282358996, -0.15632557968636104, -0.4625960611514869, 0.6334530535790897, 0.28110209076204984, -0.05989367101769988], [-0.6727358752382957, -0.25454489783253026, -0.47314260269828196, -0.18250154953926764, -0.361832791268146, -0.6454464363597251, -0.06314011925571422, 0.8028568138793967, 0.5057423634430437, 0.4275120170536182, 0.5370443825058565, 0.024947228104332145, -0.16589225645836164, 0.17660403180315276, 0.007820209544893897]], "inverted": true, "swapped": false, "error_lsq": 0.045677848657346774, "error_max": 0.3846449101782928, "target": "240.xyz", "model": "22.xyz", "model_rescale": 4.204369325754507, "target_rescale": 4.206396238852147},
{"mapping": [4, 8, 0, 3, 12, 7, 9, 5, 11, 6, 10, 1, 13, 14, 15], "R": [[-0.11805017034767629, 0.8802583622597248, -0.45957520924513784], [0.12108217895021917, 0.4721179447105943, 0.8731802518511924], [0.9855979216808202, 0.04743270974835584, -0.16231720433883928]], "T": [0.061734355197244656, -0.05091096513540089, -0.07480926392261834], "aligned_model": [[0.18522941107845653, 0.6083551362139794, 0.11363379401509913, -0.7765785435614334, -0.33448804964691914, 0.6801053407405309, 0.7552218729894669, 0.5597344433316432, 0.25255244532323884, 0.1708825860619921, -0.3008669278801783, -0.36645226614685456, 0.2123493543934324, -0.3607713148268934, 0.05249508191664004], [-0.1537644875342284, -0.5736113890478824, -0.6317168254012708, -0.06445866846390963, 0.09549691973146551, 0.050161505997454975, 0.195764002490231, -0.3651382040145628, 0.39899309641687314, -0.7496952342603407, 0.11882925091884622, -0.5530748886990686, 0.5985338059982481, 0.5695189560223282, -0.060627560699183285], [-0.7881360843346429, -0.09100012981436086, -0.43901423215776714, 0.07511251029083761, -0.4236811592620264, -0.395787812674191, 0.1425300329608744, 0.5121488242944001, 0.4547074910334944, 0.16616929220808757, 0.6016614342683606, -0.07215687773156776, -0.15767334924467857, 0.11570224178203527, -0.03729166393488418]], "inverted": false, "swapped": false, "error_lsq": 0.04830239903303756, "error_max": 0.37381900914243116, "target": "240.xyz", "model": "23.xyz", "model_rescale": 4.410303926677745, "target_rescale": 4.206396238852147},
{"mapping": [2, 12, 0, 1, 3, 5, 6, 14, 9, 13, 11, 7, 4, 10, 16], "R": [[-0.731668374762032, 0.30597555503564233, 0.6091308144345657], [0.05100283952248652, -0.8665203453980544, 0.49652915460411784], [0.6797500273878114, 0.39436208074796825, 0.6183999106843424]], "T": [0.1339053942414802, -0.020921717547695326, 0.09659935364225852], "aligned_model": [[0.12160934046362201, 0.5020803790048098, -0.010440980121260685, -0.6972765863002256, -0.3795022939043975, 0.6173725372827642, 0.8223462446621067, 0.4118681402773653, 0.1599184816826815, 0.3947972567045267, -0.24621708110986176, -0.2019987956296461, 0.1795327996818882, -0.2748830583958791, 0.05219597970370635], [0.09046393248560265, -0.5940705523693001, -0.4001058374614508, -0.17221265724734602, 0.23142170705569653, 0.05131406397081091, -0.32448622864380494, -0.10706120384048, 0.42612068935783476, -0.621715400329106, -0.060958571396454296, -0.5945555707440716, 0.47468406088755954, 0.4818822583348834, -0.005510410605373585], [-0.8091246634879772, -0.3301598624513794, -0.5404009120560611, -0.0536767800513564, -0.5976529970532207, -0.2991828426423164, 0.20520816007572298, 0.707718565197615, 0.5346591547405457, 0.3518815713144839, 0.6012035952786365, 0.10319286381501519, -0.37898179111172775, 0.15876131228771534, 0.009845143828275227]], "inverted": false, "swapped": false, "error_lsq": 0.04847123373180073, "error_max": 0.3622445192183171, "target": "240.xyz", "model": "24.xyz", "model_rescale": 4.28219845311461, "target_rescale": 4.206396238852147},
{"mapping": [7, 12, 13, 4, 3, 9, 11, 10, 8, 14, 6, 2, 5, 1, 15], "R": [[0.15395665825172347, 0.22163652969172537, -0.962899058098081], [0.5800407377351577, 0.768655811877339, 0.26966828778119856], [0.7999063007300395, -0.6000379084469566, -0.010218536049048054]], "T": [0.05247908661115722, -0.0979711351581205, -0.06483803835159727], "aligned_model": [[-0.07527070877512129, 0.6598453250209816, 0.07148431362985028, -0.6154021016507023, -0.24136738761259188, 0.4501751538409979, 0.5839733482508244, 0.4659337598674944, 0.12304723004757553, 0.35004534546392857, -0.21503832191706393, -0.29243933711262654, 0.43588570332927884, -0.23354081436973947, -0.015929144010885223], [-0.2099045073852493, -0.5352828289465728, -0.6068057784191517, -0.11106981854032993, 0.45398852958296987, 0.12098077578982558, -0.08628992959752854, -0.0718943379808083, 0.3400252442784725, -0.6259075326662284, -0.17078287229082995, -0.6425744020302142, 0.6541314720532526, 0.467084663051339, -0.10048839744394567], [-0.8242436715351102, -0.2206733204567733, -0.37084876381786525, -0.3621791150384408, -0.5220470966006648, -0.5656090266097337, 0.05286697653456106, 0.6119780759950894, 0.46913327704015406, 0.39655345124607144, 0.7926758227789875, 0.16585350262046122, 0.0475083696762532, 0.028874073989444443, -0.03655203813846275]], "inverted": true, "swapped": false, "error_lsq": 0.05130921552151747, "error_max": 0.39206138679908864, "target": "240.xyz", "model": "25.xyz", "model_rescale": 4.100010024507729, "target_rescale": 4.206396238852147},
{"mapping": [9, 1, 5, 0, 10, 13, 8, 4, 2, 3, 11, 14], "R": [[0.010748560654860103, 0.5317435507079824, -0.84683721264734], [-0.711437880751248, 0.5991798129434671, 0.367205247229945], [0.7026667846682537, 0.5985251440344834, 0.3847428253814214]], "T": [-0.0019395528886135271, 0.16721127251534038, 0.06939408049709997], "aligned_model": [[-0.586572644107433, -0.0834055712420878, 0.40605377510410584, 0.6059279505311663, -0.5787209820629242, 0.08362490810339289, -0.24941836228164102, 0.5499512732341201, 0.04635988568830213, 0.08056978342281466, -0.31114630371241236, -0.08645811031439685], [-0.3122475921546577, -0.7514822378509773, -0.35840492735254803, -0.27940674763145135, 0.5885490771405353, 0.6209908331668577, 0.3584176752062389, 0.4297315178568124, -0.4184744037412599, 0.6021596385228172, 0.08965432998746206, 0.09664422690081084], [-0.04548223624408254, 0.11498477890112074, 0.2927342810038722, -0.2291725431832898, 0.06381881860162514, 0.1640126549440301, 0.7143349048965889, -0.14862083538929, -0.423162672249376, -0.5833976045477348, -0.44228348901066183, 0.08742623213155427]], "inverted": false, "swapped": true, "error_lsq": 0.0457902265683325, "error_max": 0.298541314120604, "target": "240.xyz", "model": "26.xyz", "model_rescale": 3.6694154284099745, "target_rescale": 4.206396238852147},
