[{"mapping": [4, 1, 3, 10, 7, 2, 5, 6, 8, 9, 11, 13], "R": [[0.19558598032085328, -0.9769130537342683, 0.08594771518497737], [-0.4167542022967001, -0.00346368768106442, 0.9090126169287693], [-0.8877285954445606, -0.21360919528717678, -0.40781006917288454]], "T": [0.04632738932034958, -0.08878827958126233, 0.0073803723231263205], "aligned_model": [[-0.2448405356747313, 0.014122984740132995, 0.49260532940340235, -0.011683179394716393, -0.12188382084871685, -0.6011051844677213, 0.511719474416457, -0.304613375509456, 0.5673168055117579, 0.1061090578947717, -0.5183675856265684, -0.05173750798406279], [-0.2907837620218474, -0.8159384389000945, -0.18630141839654513, 0.6178195000510598, 0.2614413267613753, -0.6551047376187373, -0.2163183560128763, -0.46841205936008423, 0.36547744953950456, 0.2792446074092516, 0.25907351283546176, -0.09664258830941115], [-0.5375156502457258, -0.033887483890834964, -0.5052286274259725, -0.02321185304180435, -0.5889953585310148, -0.06561372686991254, 0.5153020930757723, 0.680634877195258, -0.0892867515377272, 0.504486799251169, 0.355550992468987, -0.03028356509463183]], "inverted": false, "swapped": true, "error_lsq": 0.041679520709950325, "error_max": 0.240480353819068, "target": "242.xyz", "model": "0.xyz", "model_rescale": 3.751011558992144, "target_rescale": 4.0635996409060295},
{"mapping": [4, 8, 2, 10, 5, 6, 0, 9, 11, 7, 12, 3, 13, 14], "R": [[0.7364169466887994, 0.11467921290089161, -0.6667373986495571], [0.44275170088362364, -0.8268609726955626, 0.3468023402424023], [-0.5115281145686958, -0.550590237800654, -0.6596888494164616]], "T": [0.018680900121646787, 0.003420880916938221, -0.0648708254025133], "aligned_model": [[0.4386551512805368, 0.38257474280750103, 0.041228430647342426, 0.646833117394347, 0.5048258143951017, -0.2640752503064736, -0.5458179197312615, 0.3698392121553031, -0.07141140896906091, -0.6046168127920006, -0.426005412466549, -0.5193398244260294, 0.06923216105735154, 0.00946223245863241], [-0.5137977397456007, 0.12193540400707965, 0.7556193872159815, -0.44933460315715457, 0.3932128842469006, -0.6836721712536843, 0.2264219438137801, 0.14456611196314512, -0.42946851228960886, -0.21459669994481362, 0.13629703428506562, 0.539574491685536, 0.6428242393770475, 0.008660095027296909], [-0.49111077744042175, -0.6070459181649087, -0.4075472295752979, 0.20511252909380587, -0.022310709546346896, 0.043193240429145977, -0.5199709537600405, 0.4745320713053929, 0.5993739623215967, -0.004494345635552316, 0.5152783927646877, 0.015620758814495456, 0.2758785157682694, -0.011099278601326687]], "inverted": true, "swapped": false, "error_lsq": 0.0476770989642909, "error_max": 0.350564452733366, "target": "242.xyz", "model": "1.xyz", "model_rescale": 3.9405287249114394, "target_rescale": 4.0635996409060295},
{"mapping": [6, 5, 9, 3, 8, 11, 1, 0, 7, 12, 4, 2, 13], "R": [[0.577343037809193, -0.8147301441819947, 0.05375694238364764], [-0.5155070598356433, -0.4147775795303823, -0.7498079959419797], [0.6331883510874652, 0.40518434283681737, -0.659468088967945]], "T": [-0.011425151936436534, -0.04333830967266238, -0.05529130569977267], "aligned_model": [[-0.5029258802991617, 0.2547242240584454, -0.20551006289989415, 0.5994055535387863, 0.413497437434309, -0.7184559965694566, 0.1114058129338183, 0.7165671610283284, -0.01630437524410541, -0.5580969436447478, -0.04284677549078672, -0.4695316804195153, -0.08594519514208865], [0.6227216809239231, 0.5604190366923614, 0.22329594987873758, -0.32763647529158696, -0.21207166156675028, -0.04404460322260439, 0.252123395447692, 0.26930257064382224, -0.7547803199711768, -0.5543717001675084, -0.4834652270492474, 0.0026424756356112702, -0.09530252838125627], [0.13268844286079493, -0.29083273314913705, -0.5819544546546461, 0.07700079891916797, -0.5826447984099875, -0.3027138349354288, 0.5997678127809032, 0.12426800876125083, -0.07641617018676553, -0.08100007978810561, 0.42198596073714234, 0.6749385092945047, -0.0019671126410494913]], "inverted": false, "swapped": true, "error_lsq": 0.05662224331894497, "error_max": 0.2894700766509366, "target": "242.xyz", "model": "2.xyz", "model_rescale": 3.932901565614263, "target_rescale": 4.0635996409060295},
{"mapping": [8, 11, 10, 9, 12, 3, 1, 5, 7, 0, 4, 2, 6, 13], "R": [[-0.06483932726973515, 0.09039395995876551, -0.9937931342297458], [-0.7709336858364711, 0.6277945527011968, 0.10740228880846941], [0.6336064343753162, 0.7731124960842878, 0.028981972267615647]], "T": [-0.023515466226748653, -0.03296287919776902, -0.04969027087307164], "aligned_model": [[0.36198359734947133, 0.3370066173488619, 0.21836228595004392, 0.6402026773422466, 0.5554151460162855, -0.2240691670811062, -0.54252577489477, 0.31471121653478384, 0.09415443952726502, -0.6732172033767113, -0.46164371978254454, -0.6366512551728575, -0.0006142706761632574, 0.048269644419935705], [-0.6081602479309811, -0.1059979794749677, 0.5212806690556199, -0.20355566632006628, 0.45432889558076683, -0.44173232342508884, 0.30542020169199835, 0.23189193611972353, -0.4995719564171471, -0.16764958159534313, 0.06611084237818315, 0.46031811768000136, 0.6118558979804176, 0.0537030599078542], [-0.2932578888278312, -0.8635688857470766, -0.43368855540391194, 0.21520455026924257, 0.052856706657354105, -0.28071241834150806, -0.45576146041503846, 0.5267247909755354, 0.47773015884449677, 0.04356997834702771, 0.6996123620243542, 0.22405818229334457, 0.17475691784298403, -0.02211418074547428]], "inverted": true, "swapped": false, "error_lsq": 0.041122232395810525, "error_max": 0.2628423172818773, "target": "242.xyz", "model": "3.xyz", "model_rescale": 3.9243930471874484, "target_rescale": 4.0635996409060295},
{"mapping": [10, 8, 7, 12, 4, 9, 11, 3, 1, 5, 2, 6, 13], "R": [[0.8181981952388973, 0.5493309825631617, 0.16966786644501353], [0.5091784477772611, -0.5552984136893688, -0.6575568264973073], [-0.2670000404999045, 0.6244030295812653, -0.7340516569171324]], "T": [-0.018262648542000284, 0.02219721122457599, -0.14270703705198848], "aligned_model": [[-0.10264245969210833, -0.20433762203528344, 0.5209767832146528, 0.3440147250079437, 0.6226801715290523, -0.5631336825644613, -0.19728458246756547, 0.3065112142266852, 0.16825301333406828, -0.6263601108201942, 0.38960807739799114, -0.4341843672830737, 0.05310472646364536], [-0.5807187404584947, -0.033480251522391785, -0.32038091884944264, -0.6156871257351074, 0.05046464132457497, -0.2726002739486999, -0.6122486360366325, 0.39574804451064083, 0.5935740195739433, 0.3646177341527551, 0.10544167444690658, 0.07952074842933568, -0.026421362205800235], [-0.5073549045196505, -0.8130860206531678, -0.45652364077305074, 0.00737558149732101, -0.03837168983634638, -0.19115136093091575, 0.21301846969863455, -0.6185457825149305, 0.26987988055894085, -0.20438239295284677, 0.613549028726641, 0.5950384467602226, -0.08237529968988791]], "inverted": false, "swapped": true, "error_lsq": 0.05028469170142136, "error_max": 0.3437822655049994, "target": "242.xyz", "model": "4.xyz", "model_rescale": 3.8936222436046832, "target_rescale": 4.0635996409060295},
{"mapping": [6, 11, 9, 5, 10, 7, 4, 3, 0, 1, 8, 13], "R": [[-0.2498609159455923, 0.6904353965298057, 0.6788729526955394], [-0.09051264266341552, 0.6813867500908477, -0.7263054166937749], [-0.9640420033385034, -0.24292192165254076, -0.10775878516261365]], "T": [-0.10177595141648157, -0.07640580997586068, -0.015341414431226247], "aligned_model": [[0.07408390039498988, -0.6568522682025393, -0.22590114062926747, 0.40225915809607304, -0.6544898943133746, -0.5861809811158987, -0.2605600633228028, 0.16128655576284487, 0.6531512770376311, 0.391156717622107, -0.10143253142921918, -0.16897268768544657], [-0.730861232837854, -0.3606065868603707, 0.08331811245991082, 0.07365998717030818, 0.3289280409661177, 0.15474911885955928, -0.29390446801218917, 0.3138986880741281, 0.172426080468497, -0.5452572357470449, 0.6183209975555066, -0.1457485969867617], [-0.526523060160887, -0.43034891201156467, -0.6028940159078104, -0.4782313069355201, -0.1992093865749918, 0.45214010051270226, 0.5762450546856881, 0.48455989061670635, 0.15236739638993144, 0.24673345688437023, -0.08232202530185856, 0.026767527078752386]], "inverted": true, "swapped": true, "error_lsq": 0.050620411676220674, "error_max": 0.3483489933891081, "target": "242.xyz", "model": "5.xyz", "model_rescale": 3.6523030999806103, "target_rescale": 4.0635996409060295},
{"mapping": [2, 12, 7, 1, 3, 6, 10, 1, 9, 5, 8, 0, 13], "R": [[-0.9579142374657618, 0.1331641219359114, 0.25429830964720596], [-0.21727705261823735, 0.24258002762443176, -0.9454869711441094], [-0.18759263329331521, -0.9609486182032669, -0.20343735425755055]], "T": [0.021248785781130403, 0.007187705324041518, 0.045287734363916726], "aligned_model": [[0.23903173071199021, -0.22475305208417232, 0.17924047450866565, 0.4994108461889366, 0.5827527620386451, -0.32689787163442385, -0.41902864911478577, 0.4994108461889366, -0.5499399771996998, -0.12565212766874975, -0.04147328922830404, 0.5447208011899879, 0.024260410767267995], [-0.6238454584337659, 0.1859130946595116, 0.5301744415759904, -0.5424190334642395, 0.3630795611826651, -0.7661910119412753, 0.5462827114002241, -0.5424190334642395, 0.05024754550669712, -0.19058796445803783, 0.595708274424681, -0.05071782971497589, -0.014398393110052123], [0.592625967906956, 0.7295438604520477, 0.5015149811771993, 0.017341527227041853, -0.12645355435448635, 0.01029448451573528, 0.18359181715808914, 0.017341527227041853, -0.195598339756513, -0.6105652169498099, -0.32463298460784684, -0.5732449432580514, 0.14835061274438557]], "inverted": true, "swapped": true, "error_lsq": 0.055606333778301154, "error_max": 0.38195865080247837, "target": "242.xyz", "model": "6.xyz", "model_rescale": 4.08911054899281, "target_rescale": 4.0635996409060295},
{"mapping": [5, 7, 2, 4, 6, 10, 13, 3, 8, 11, 9, 1, 0, 14], "R": [[-0.21102663256879783, 0.36630993244282667, -0.9062476448192325], [0.5989328740975344, -0.6842436839981556, -0.4160408552460916], [-0.7724941246844153, -0.6305772072493298, -0.07500142015785649]], "T": [-0.03454446657258719, -0.03116190828786903, -0.06473133311067146], "aligned_model": [[0.40529610173998915, 0.3683202793148469, 0.04308062593747381, 0.5436932601137391, 0.35520803640276716, -0.21863247149532228, -0.4439848268675477, 0.40444016266955185, -0.0027377361600377445, -0.5889123235738666, -0.40066018382854346, -0.48644479665202195, 0.20330807690888442, -0.1505899710051716], [-0.5402108097886394, 0.15175170891887632, 0.7052049360431266, -0.352709998463621, 0.27999505274255343, -0.7267067012440771, 0.17093319783132788, 0.19730254251853133, -0.41249335423226113, -0.22252661022120615, 0.12545059348865667, 0.53414357733609, 0.7662549233775002, 0.0018528069241130832], [-0.42237741505573745, -0.6999726807092423, -0.3839142882853959, 0.17836833131363589, -0.04430344824135573, -0.024682039271005755, -0.636929447224854, 0.5529643251812136, 0.4998248053905465, -0.04050545985642573, 0.6105383269313335, 0.05427227377984607, 0.37368484729334567, 0.04844212652759479]], "inverted": false, "swapped": false, "error_lsq": 0.04812201307119112, "error_max": 0.3184618586781576, "target": "242.xyz", "model": "7.xyz", "model_rescale": 3.964800864290218, "target_rescale": 4.0635996409060295},
{"mapping": [11, 10, 5, 6, 3, 12, 8, 0, 4, 7, 2, 1, 0, 13], "R": [[0.9075368005423041, -0.4188124013635289, -0.03119500161167825], [0.39440300539997414, 0.8244058831996548, 0.40595715177499353], [-0.1443025467304933, -0.38072445706824704, 0.9133595473838232]], "T": [0.0036810096376295276, 0.015638865700220328, -0.014019252725064876], "aligned_model": [[0.38146458710114844, 0.3911754456472593, 0.08978891208011332, 0.5121782674816547, 0.5567969220866695, -0.4250749511738607, -0.4425148145315301, 0.16154999201599998, 0.1300564733417601, -0.704327767928908, -0.25123840887183646, -0.5112069420486293, 0.16154999201599998, -0.018813473711100395], [-0.6887386275770963, 0.06522001867325145, 0.59775250142694, -0.16246662509479237, 0.47478012560941596, -0.5877106654583145, 0.15689192048882641, 0.4495620756805775, -0.5459809391438305, -0.030474924270160818, -0.06670571497626016, 0.5383273214390222, 0.4495620756805775, 0.02822332275281408], [-0.23371276664140536, -0.7368773192489679, -0.60798883713689, 0.20095701594734738, 0.08197442699953639, -0.1650576803120915, -0.6239491195246603, 0.5336552900153331, 0.390586520830304, 0.04471961196448726, 0.5916573836528808, 0.1434833396920449, 0.5336552900153331, -0.08769289847975333]], "inverted": true, "swapped": false, "error_lsq": 0.04576700528967341, "error_max": 0.3440924345941183, "target": "242.xyz", "model": "8.xyz", "model_rescale": 4.121658175737393, "target_rescale": 4.0635996409060295},
{"mapping": [7, 4, 2, 11, 3, 8, 1, 5, 6, 0, 10, 9, 13], "R": [[0.6025311747180113, -0.22451087048307522, 0.7658662105928588], [0.6868216858547864, -0.34288926854578317, -0.6408610780471278], [0.40648758324519874, 0.9121523000853913, -0.05240253921717897]], "T": [-0.05415224189681209, 0.003377029183858543, -0.03798366515089651], "aligned_model": [[-0.6191700109389684, -0.28226240748059106, 0.40091486769616025, 0.2966010664869738, -0.6002302762498156, -0.5439073489580185, 0.25004413064759246, 0.22111365888076864, 0.7946342659146417, -0.18448137593915, -0.3702677253950476, 0.15498207809845102, -0.04123342632779959], [0.21283987776740085, -0.20117531493558238, -0.2398576336829527, 0.6348801999805771, -0.4071124451839512, 0.15509578520622985, -0.6255113276061068, -0.1603069622550606, 0.00460831516478985, -0.6766183464516906, 0.6320421942203175, 0.43468151400350374, 0.026821583184235293], [-0.4167976517817549, -0.6112346588319221, -0.7300546378912117, -0.23619285771761028, 0.030849252123849376, 0.43557014536181204, -0.24643393608645614, 0.5851330353898734, -0.04824090725475808, 0.38696254453288215, 0.05392267812693519, 0.3574605547738093, -0.13986812678635924]], "inverted": true, "swapped": true, "error_lsq": 0.05202035741902385, "error_max": 0.389464845477929, "target": "242.xyz", "model": "9.xyz", "model_rescale": 3.833441315466971, "target_rescale": 4.0635996409060295},
{"mapping": [4, 5, 13, 3, 2, 6, 0, 9, 7, 12, 11, 10, 8, 14], "R": [[-0.8861925394699357, 0.3748628148129004, 0.2722878129082828], [0.15259518641956746, -0.31875461016821016, 0.9354732532670778], [0.43746713255901215, 0.8705592274894696, 0.22527569634457711]], "T": [-0.10347941479587948, -0.016740750178369394, -0.040018219648085745], "aligned_model": [[0.35208185730211194, 0.23369149493688512, 0.14519865706684104, 0.6774288242797881, 0.5258720920029823, -0.2290827677477742, -0.40170943509841234, 0.4672824752734956, 0.05384484449307443, -0.6602203511498406, -0.44276876257466136, -0.6142307694400244, -0.053519409284632544, -0.02248451655509258], [-0.6066824797328968, 0.04583475912358171, 0.5997742686312231, -0.30174688335219835, 0.3221969703956557, -0.6600119908244398, 0.3389214442123655, 0.2814044774127456, -0.2531469381583759, -0.24706544275199757, 2.7203439959815057e-05, 0.6019062442242192, 0.5678100568847635, -0.01097982427363526], [-0.3234706198582651, -0.6229721498454832, -0.4801943089254368, 0.21152834849521848, -0.1154380936185519, -0.21793808006232548, -0.5384018270983955, 0.4531860125334637, 0.5627049079202531, -0.036836539376392766, 0.5515379106209473, 0.13932249955891599, 0.47317152517140715, 0.00921067225814412]], "inverted": false, "swapped": false, "error_lsq": 0.041491191324084846, "error_max": 0.25183254823586704, "target": "242.xyz", "model": "10.xyz", "model_rescale": 4.2482417240324, "target_rescale": 4.0635996409060295},
{"mapping": [6, 5, 0, 8, 2, 4, 1, 7, 9, 12, 11, 13], "R": [[-0.4919459502510116, 0.48244523722764293, -0.7247315193283598], [-0.5747535472975039, -0.805218289576847, -0.1458830559039428], [-0.6539476599090827, 0.34477543301009783, 0.6734109880987498]], "T": [0.08373896195229463, 0.014299162575289272, -0.035953347440264904], "aligned_model": [[-0.733804643865565, -0.0008237804130101223, 0.3534102321380459, 0.6795805067217742, -0.5360177062238722, 0.15121586379269847, -0.24175126241178801, 0.5125531001352239, -0.023778209405133227, 0.006640385811095273, -0.3325566717836207, 0.04209778786715846], [-0.21120916650560573, -0.6563839074098161, -0.3406036862407064, -0.30856491544057985, 0.5589618877469349, 0.6332792166112631, 0.14599320128539092, 0.5295203425046263, -0.4343476602450761, 0.5499666307742568, 0.09153528846397291, 0.10798415850597917], [0.0002917767143365557, 0.1480889029157274, 0.6432226600344261, -0.20287697646353753, 0.21792771688461315, 0.15060273342375863, 0.6029522072702155, -0.27529697360132427, -0.4522380333629746, -0.5534301954109406, -0.6538882536209641, -0.06016327492897951]], "inverted": true, "swapped": true, "error_lsq": 0.03812805495756264, "error_max": 0.21165131752712682, "target": "242.xyz", "model": "11.xyz", "model_rescale": 3.6694154284099745, "target_rescale": 4.0635996409060295},
{"mapping": [7, 9, 11, 5, 6, 10, 8, 0, 12, 2, 1, 3, 4, 13], "R": [[0.15689965741225712, 0.9597368513121722, -0.23299715392535109], [-0.9494518803228247, 0.21152736378391365, 0.23194245260857319], [0.27188899289115903, 0.18482789455064738, 0.9444125290044632]], "T": [0.06506406803975062, 0.012938064856983157, 0.0015954255087419133], "aligned_model": [[0.500212439618945, 0.0075387810113328735, 0.19061475626078017, 0.7366680106296432, 0.5689665953761927, -0.14424816292774223, -0.4949764133261789, 0.3083009474840571, -0.034932463201234484, -0.568092150744566, -0.4742546889461352, -0.6018346477370998, -0.030196295582102184, 0.06761752558884869], [-0.43642497655782736, -0.08395167154095712, 0.5347009924706485, -0.32873712644266556, 0.2696940908194759, -0.5234180257874795, 0.23426058223844612, 0.21262431860252348, -0.5406028599531263, -0.1276652417256737, 0.15124169337683765, 0.5455558559176624, 0.7094949878621508, 0.06146924595095509], [-0.39950813991040346, -0.7933822390977076, -0.5053849695385587, 0.2786820553282667, 0.00525869311623045, -0.2668059927148623, -0.45662815948273316, 0.6432332399872263, 0.3828586397933465, 0.0768116882787505, 0.6391539552164095, 0.11479123878887591, 0.23270701302978586, 0.11362323497887279]], "inverted": true, "swapped": false, "error_lsq": 0.04985255280167892, "error_max": 0.3790586694785007, "target": "242.xyz", "model": "12.xyz", "model_rescale": 3.9764082729961374, "target_rescale": 4.0635996409060295},
{"mapping": [7, 4, 5, 2, 9, 3, 6, 1, 8, 11, 10, 13, 12, 15], "R": [[-0.20687805788090977, -0.25433497756255796, -0.9447302198806156], [0.8568633575806034, -0.5131630568995841, -0.04948599265619891], [-0.47221462874747755, -0.8197422742677893, 0.3240924994120576]], "T": [-0.0022952067360636663, 0.10625647951689171, -0.04619311903314138], "aligned_model": [[0.3978002009917086, 0.21985145141925347, 0.321548244374504, 0.5879009047535837, 0.46866018356213013, -0.30428652882733587, -0.4364037692563388, 0.28351648414779457, -0.044084970058683524, -0.6222669292865864, -0.22444921507661295, -0.5288294512755233, -0.06599408147213366, -0.021578290491019534], [-0.46724361307122625, -0.002555351934001873, 0.6902202962220767, -0.3124595744991076, 0.4770938148852696, -0.6718677683089969, 0.3521501902562253, 0.16453278189798534, -0.4489706742853014, -0.23783642656132664, 0.06994180815202365, 0.41292305443713767, 0.6155205012352756, 0.03679282680493701], [-0.33264557135212236, -0.7204887288260237, -0.5530812583564328, 0.28937346154050575, 0.0004953973662826239, -0.1546705067255637, -0.6247645015475662, 0.517932867069159, 0.38927129973227753, 0.31126993356641663, 0.7254776269331381, 0.010356393262233199, 0.33302468710054217, -0.12614084198934705]], "inverted": false, "swapped": false, "error_lsq": 0.03816254119428656, "error_max": 0.19263324754709754, "target": "242.xyz", "model": "13.xyz", "model_rescale": 4.170626492500431, "target_rescale": 4.0635996409060295},
{"mapping": [1, 3, 6, 0, 2, 9, 11, 4, 7, 10, 8, 12, 4, 13], "R": [[-0.166935777947395, -0.353406256805494, -0.9204544875722142], [-0.2959177866751579, 0.9084745845010739, -0.2951382605574499], [0.9405132160530091, 0.22310971956938738, -0.2562361088201574]], "T": [0.03252551267801569, 0.05721359516976185, -0.02453224382475379], "aligned_model": [[0.2793611841132982, 0.3186639769322539, 0.08866053987371322, 0.48199417657785837, 0.6347552847854405, -0.3548904507686707, -0.385423459926836, 0.12436767681123607, -0.028845954276316282, -0.4559537133570523, -0.2177909523384694, -0.559707144222115, 0.12436767681123607, -0.01817460751083598], [-0.6483206675490298, -0.004526040713698283, 0.7018944908705816, -0.23526873484857894, 0.322198995650971, -0.5107223695394794, 0.15035575161970205, 0.5712740863768313, -0.5827741346367011, -0.1980667614251407, 0.035511544654613536, 0.3929284985586404, 0.5712740863768313, 0.11248311983542789], [-0.2037193676151941, -0.6488611643987469, -0.561863304224406, 0.2367921012466826, -0.018683623851068545, -0.45309268264329167, -0.5869403217553161, 0.4554364623012746, 0.4695113287777558, 0.09608404961767288, 0.674343268087069, 0.2442838734929787, 0.4554364623012746, -0.09331682356318598]], "inverted": false, "swapped": false, "error_lsq": 0.044595983526086666, "error_max": 0.37201962075116196, "target": "242.xyz", "model": "14.xyz", "model_rescale": 3.9786697098870705, "target_rescale": 4.0635996409060295},
{"mapping": [11, 10, 6, 2, 9, 5, 7, 3, 1, 4, 8, 13], "R": [[-0.056863723589101536, -0.024494449035694338, 0.9980814289956609], [0.2823326629592912, 0.9584985364260963, 0.0396083715311174], [-0.9576297741642633, 0.28404326718911954, -0.04758821281192365]], "T": [0.04087823826024278, 0.049249833216936184, 0.009543461441578204], "aligned_model": [[-0.10500790705330129, -0.6220383708981876, 0.6654518284624995, 0.6063345144127876, -0.13303189002922866, 0.2921732699450554, -0.47813592271854793, -0.09241821678216869, 0.7065695731404242, 0.06622209950657146, -0.46739166788619163, 0.0446272866676241], [-0.25267415347582045, 0.04395278502417002, 0.026414070428733876, -0.6015748721959909, 0.36739925532617457, 0.6864092697678581, -0.34984465490953764, 0.1909702681729641, -0.06026883895600735, -0.4804224098862627, 0.49956711290505806, -0.05525334197690056], [-0.6602849949198526, -0.2436544357745653, -0.5648532840952083, -0.03402039223132154, -0.4951079687428384, -0.13782290901561026, 0.28877041391540637, 0.6680175855035292, 0.28585527975411945, 0.3854392109079073, 0.17081313432771228, -0.0031851457554483084]], "inverted": true, "swapped": true, "error_lsq": 0.05320153621312295, "error_max": 0.30096326751518043, "target": "242.xyz", "model": "15.xyz", "model_rescale": 3.769337070930944, "target_rescale": 4.0635996409060295},
{"mapping": [5, 6, 8, 9, 0, 1, 3, 2, 7, 11, 13], "R": [[-0.9898440898265292, -0.04902927939246462, 0.13343465665915297], [-0.14136002259771427, 0.43874475256192647, -0.8874234536626514], [-0.01503402297005366, -0.8972731868620781, -0.4412196803086942]], "T": [-0.00494564715135621, 0.11684972584418082, 0.05094034028866036], "aligned_model": [[-0.29837289767295944, -0.41135294351441043, -0.09688761865169299, -0.608414608622596, 0.37408298245868876, 0.41346809009111213, 0.5349411749908305, 0.2714849111954515, 0.28329382662528413, -0.5571423182561492, 0.017525532047612008], [0.0691776337223359, -0.6195254985340476, 0.7727251502693736, 0.2287519196972876, 0.17636947089041102, -0.428898092205068, 0.48324191783700854, -0.623528788255081, 0.5244685826101321, -0.06028650385465248, 0.07356870544764288], [-0.5834617466886314, -0.0636454411516816, -0.1693003434741736, -0.04621914225918461, -0.6651276544409817, -0.1910860578780273, -0.16288150049018657, 0.39826901609185594, 0.5582712718343883, 0.5250844266540781, 0.144314779026321]], "inverted": true, "swapped": true, "error_lsq": 0.0397455832032088, "error_max": 0.201694363315329, "target": "242.xyz", "model": "16.xyz", "model_rescale": 3.7852294659196426, "target_rescale": 4.0635996409060295},
{"mapping": [8, 12, 4, 7, 9, 11, 6, 2, 3, 0, 5, 1, 13], "R": [[0.9087034116442608, -0.33285319297510985, -0.2519263019066401], [-0.3903950302119773, -0.4639199141067428, -0.795216972706809], [0.14781688013170435, 0.8209671523401327, -0.5515098410061806]], "T": [-0.0284365309274545, 0.06291086534316699, -0.0599469000562181], "aligned_model": [[0.00792441087451808, -0.39937679364399153, 0.2987958182349114, 0.05559068090437404, -0.5374904020357691, -0.7315291869090876, -0.39312642043343166, 0.04968646103089312, 0.5698813805463299, 0.6057499348925277, -0.048549175801238784, 0.42323952932237713, -0.047030386766129334], [-0.10452342727483734, -0.5053141369195008, -0.33363850732097206, -0.643791844386843, 0.2585387013263718, -0.037524326948773015, 0.6850636754971527, 0.12329095774997047, -0.13963122485101048, 0.46838617819482536, 0.6687994842335142, 0.4273555361690257, 0.00804455823395088], [-0.7365379854537408, 0.25658079764926794, 0.33774669504566157, -0.07137093040027441, -0.3578239881235074, 0.1781381925900946, 0.38779457471814766, 0.7976441734347446, -0.3290810249448605, -0.36548899605802576, -0.41113438658216656, 0.38125184465197703, 0.028035730615855903]], "inverted": false, "swapped": true, "error_lsq": 0.044640045633330634, "error_max": 0.24110575808769932, "target": "242.xyz", "model": "17.xyz", "model_rescale": 3.901054581598922, "target_rescale": 4.0635996409060295},
{"mapping": [4, 8, 2, 10, 5, 6, 0, 9, 11, 7, 12, 3, 13, 14], "R": [[0.7364169466887994, 0.11467921290089161, -0.6667373986495571], [0.44275170088362364, -0.8268609726955626, 0.3468023402424023], [-0.5115281145686958, -0.550590237800654, -0.6596888494164616]], "T": [0.018680900121646787, 0.003420880916938221, -0.0648708254025133], "aligned_model": [[0.4386551512805368, 0.38257474280750103, 0.041228430647342426, 0.646833117394347, 0.5048258143951017, -0.2640752503064736, -0.5458179197312615, 0.3698392121553031, -0.07141140896906091, -0.6046168127920006, -0.426005412466549, -0.5193398244260294, 0.06923216105735154, 0.00946223245863241], [-0.5137977397456007, 0.12193540400707965, 0.7556193872159815, -0.44933460315715457, 0.3932128842469006, -0.6836721712536843, 0.2264219438137801, 0.14456611196314512, -0.42946851228960886, -0.21459669994481362, 0.13629703428506562, 0.539574491685536, 0.6428242393770475, 0.008660095027296909], [-0.49111077744042175, -0.6070459181649087, -0.4075472295752979, 0.20511252909380587, -0.022310709546346896, 0.043193240429145977, -0.5199709537600405, 0.4745320713053929, 0.5993739623215967, -0.004494345635552316, 0.5152783927646877, 0.015620758814495456, 0.2758785157682694, -0.011099278601326687]], "inverted": true, "swapped": false, "error_lsq": 0.0476770989642909, "error_max": 0.350564452733366, "target": "242.xyz", "model": "18.xyz", "model_rescale": 3.9405287249114394, "target_rescale": 4.0635996409060295},
{"mapping": [3, 12, 4, 1, 0, 10, 13, 6, 2, 11, 5, 9, 8, 15], "R": [[-0.47456017087762564, -0.8266497351373322, -0.3023952043501641], [-0.7483341210538673, 0.5597803914356811, -0.35586789210415104], [0.46345300461118466, 0.05741192177147825, -0.8842596811770687]], "T": [-0.012395529040704454, 0.10038899082176779, -0.14707231588728675], "aligned_model": [[0.3751497432580047, 0.2541813589945166, 0.3216296591158212, 0.5719037588012063, 0.5401185285037007, -0.24979011475280014, -0.5169475692869607, 0.3165144002771277, 0.01680197964128602, -0.6767126502191315, -0.32274366471656113, -0.6568836995468927, 0.07589794657636016, -0.01773544314093637], [-0.6199308312010271, 0.013175960810766982, 0.672420400873559, -0.15135993121891483, 0.45655688168517283, -0.6347824226705108, 0.1776574957876509, 0.12002648705449691, -0.42227856467767955, -0.16508811399177897, 0.13086414676153818, 0.4410024878562766, 0.5896450554199478, 0.07033281274147257], [-0.38450990935962126, -0.6176780026051061, -0.45670478867920095, 0.028245243011498333, 0.054290311453743634, -0.0019143315913001668, -0.5838636415745586, 0.5235364245344798, 0.5466793795542768, -0.06094525144851454, 0.6236532788037383, 0.09298453294657605, 0.42310741100004956, -0.12147039827256176]], "inverted": false, "swapped": false, "error_lsq": 0.04148337375105344, "error_max": 0.2957724082493498, "target": "242.xyz", "model": "19.xyz", "model_rescale": 4.410303926677745, "target_rescale": 4.0635996409060295},
{"mapping": [11, 10, 5, 6, 3, 12, 8, 0, 4, 7, 2, 1, 0, 13], "R": [[0.9075368005423041, -0.4188124013635289, -0.03119500161167825], [0.39440300539997414, 0.8244058831996548, 0.40595715177499353], [-0.1443025467304933, -0.38072445706824704, 0.9133595473838232]], "T": [0.0036810096376295276, 0.015638865700220328, -0.014019252725064876], "aligned_model": [[0.38146458710114844, 0.3911754456472593, 0.08978891208011332, 0.5121782674816547, 0.5567969220866695, -0.4250749511738607, -0.4425148145315301, 0.16154999201599998, 0.1300564733417601, -0.704327767928908, -0.25123840887183646, -0.5112069420486293, 0.16154999201599998, -0.018813473711100395], [-0.6887386275770963, 0.06522001867325145, 0.59775250142694, -0.16246662509479237, 0.47478012560941596, -0.5877106654583145, 0.15689192048882641, 0.4495620756805775, -0.5459809391438305, -0.030474924270160818, -0.06670571497626016, 0.5383273214390222, 0.4495620756805775, 0.02822332275281408], [-0.23371276664140536, -0.7368773192489679, -0.60798883713689, 0.20095701594734738, 0.08197442699953639, -0.1650576803120915, -0.6239491195246603, 0.5336552900153331, 0.390586520830304, 0.04471961196448726, 0.5916573836528808, 0.1434833396920449, 0.5336552900153331, -0.08769289847975333]], "inverted": true, "swapped": false, "error_lsq": 0.04576700528967341, "error_max": 0.3440924345941183, "target": "242.xyz", "model": "20.xyz", "model_rescale": 4.121658175737393, "target_rescale": 4.0635996409060295},
{"mapping": [2, 12, 7, 1, 3, 6, 10, 1, 9, 5, 8, 0, 13], "R": [[-0.9579142374657618, 0.1331641219359114, 0.25429830964720596], [-0.21727705261823735, 0.24258002762443176, -0.9454869711441094], [-0.18759263329331521, -0.9609486182032669, -0.20343735425755055]], "T": [0.021248785781130403, 0.007187705324041518, 0.045287734363916726], "aligned_model": [[0.23903173071199021, -0.22475305208417232, 0.17924047450866565, 0.4994108461889366, 0.5827527620386451, -0.32689787163442385, -0.41902864911478577, 0.4994108461889366, -0.5499399771996998, -0.12565212766874975, -0.04147328922830404, 0.5447208011899879, 0.024260410767267995], [-0.6238454584337659, 0.1859130946595116, 0.5301744415759904, -0.5424190334642395, 0.3630795611826651, -0.7661910119412753, 0.5462827114002241, -0.5424190334642395, 0.05024754550669712, -0.19058796445803783, 0.595708274424681, -0.05071782971497589, -0.014398393110052123], [0.592625967906956, 0.7295438604520477, 0.5015149811771993, 0.017341527227041853, -0.12645355435448635, 0.01029448451573528, 0.18359181715808914, 0.017341527227041853, -0.195598339756513, -0.6105652169498099, -0.32463298460784684, -0.5732449432580514, 0.14835061274438557]], "inverted": true, "swapped": true, "error_lsq": 0.055606333778301154, "error_max": 0.38195865080247837, "target": "242.xyz", "model": "21.xyz", "model_rescale": 4.08911054899281, "target_rescale": 4.0635996409060295},
{"mapping": [14, 4, 0, 12, 7, 15, 1, 10, 9, 11, 5, 8, 6, 16], "R": [[0.9328300894967789, -0.19265058708957639, -0.3044893683258467], [-0.3443197141119617, -0.22761117243827972, -0.9108441626618293], [0.1061694805642778, 0.9545045340255403, -0.2786559454262517]], "T": [0.03291133011022852, -0.0010647059701568845, -0.08487454710511455], "aligned_model": [[0.26787047736920455, 0.3166943097474771, 0.16155754054427607, 0.6553913830619329, 0.5633523386030627, -0.3729228382291587, -0.5875854409670579, 0.3196690338250951, 0.1007332828523811, -0.6990930191522682, -0.23307161176547175, -0.5194177066155041, -0.005069772157481486, 0.06327625638825368], [-0.5974927450393953, 0.10767881777322398, 0.6551934917049168, -0.2736549734315577, 0.431009490101405, -0.558337966385396, 0.23103192270166667, 0.19137992175801832, -0.43185773515740616, -0.1637618228079642, -0.017567081788251088, 0.3751756797637746, 0.7049851918988561, 0.02445967413907957], [-0.11471377092915822, -0.7125163656448266, -0.4758409506546998, 0.20353945358946063, 0.10939437374341521, -0.3220499229952358, -0.5220396112489395, 0.644419970791241, 0.47847717277548873, 0.06872334054930979, 0.5683557340145486, 0.09988969562729297, 0.1509540053245158, -0.11118286716891372]], "inverted": false, "swapped": false, "error_lsq": 0.037496404587251855, "error_max": 0.23599685285737299, "target": "242.xyz", "model": "22.xyz", "model_rescale": 4.204369325754507, "target_rescale": 4.0635996409060295},
{"mapping": [3, 12, 4, 1, 0, 10, 13, 6, 2, 11, 5, 9, 8, 15], "R": [[-0.47456017087762564, -0.8266497351373322, -0.3023952043501641], [-0.7483341210538673, 0.5597803914356811, -0.35586789210415104], [0.46345300461118466, 0.05741192177147825, -0.8842596811770687]], "T": [-0.012395529040704454, 0.10038899082176779, -0.14707231588728675], "aligned_model": [[0.3751497432580047, 0.2541813589945166, 0.3216296591158212, 0.5719037588012063, 0.5401185285037007, -0.24979011475280014, -0.5169475692869607, 0.3165144002771277, 0.01680197964128602, -0.6767126502191315, -0.32274366471656113, -0.6568836995468927, 0.07589794657636016, -0.01773544314093637], [-0.6199308312010271, 0.013175960810766982, 0.672420400873559, -0.15135993121891483, 0.45655688168517283, -0.6347824226705108, 0.1776574957876509, 0.12002648705449691, -0.42227856467767955, -0.16508811399177897, 0.13086414676153818, 0.4410024878562766, 0.5896450554199478, 0.07033281274147257], [-0.38450990935962126, -0.6176780026051061, -0.45670478867920095, 0.028245243011498333, 0.054290311453743634, -0.0019143315913001668, -0.5838636415745586, 0.5235364245344798, 0.5466793795542768, -0.06094525144851454, 0.6236532788037383, 0.09298453294657605, 0.42310741100004956, -0.12147039827256176]], "inverted": false, "swapped": false, "error_lsq": 0.04148337375105344, "error_max": 0.2957724082493498, "target": "242.xyz", "model": "23.xyz", "model_rescale": 4.410303926677745, "target_rescale": 4.0635996409060295},
{"mapping": [6, 9, 10, 5, 4, 13, 11, 2, 12, 7, 0, 1, 3, 16], "R": [[0.656592181217474, 0.48358725647335543, -0.5788178236203969], [-0.4074873797468941, 0.8732131975836939, 0.26730646627545546], [0.6346973632457364, 0.060349622552539076, 0.7704006620886794]], "T": [0.03016588921892859, -0.0014459144047139216, -0.1749939021398889], "aligned_model": [[0.2671650399709166, 0.22656610646397318, 0.0711520157738751, 0.5204178027764451, 0.5276675080006809, -0.26666845695620084, -0.397995559651276, 0.3494748743292617, 0.01577428556637338, -0.5878014925380411, -0.14610795121716375, -0.5990796791431438, 0.04204330282041212, 0.008776437308628132], [-0.7237185890250108, 0.1659018247149894, 0.6059157834890612, -0.21482349559730007, 0.3955104557480862, -0.6381530818840011, 0.13211998500167316, 0.2900586887570034, -0.5397545497665748, -0.12822080642060407, 0.007408661659082216, 0.5412070269934253, 0.6966175699301238, 0.08817239163101684], [-0.18218249028197192, -0.7458193329906937, -0.4056795142556585, 0.1562538941177271, 0.0873077419567494, -0.20107028303186117, -0.6217146323818297, 0.6287229569228772, 0.4218247718498383, 0.03470907476099541, 0.5593322792991287, 0.039279636728020206, 0.3922955156342364, -0.0978493605540586]], "inverted": true, "swapped": false, "error_lsq": 0.035584905220381734, "error_max": 0.19064098176556135, "target": "242.xyz", "model": "24.xyz", "model_rescale": 4.28219845311461, "target_rescale": 4.0635996409060295},
{"mapping": [6, 1, 3, 2, 4, 10, 5, 13, 14, 11, 12, 9, 7, 15], "R": [[-0.2648582237137316, -0.5035268379967908, 0.8223812040338476], [-0.6095273327961079, 0.748273347595019, 0.2618461912142447], [-0.747212521245241, -0.4319117047451919, -0.5050997202517862]], "T": [0.03956180862336574, 0.0648652444397297, -0.010591132979812404], "aligned_model": [[0.3855882774544572, 0.13711261636318167, 0.10357529412314793, 0.5578090786491138, 0.6500402774638696, -0.30374636201666044, -0.5531143005408328, 0.15882909182737787, -0.0352826101359056, -0.45638850886359217, -0.4072424847564541, -0.44678262966013055, 0.13371191798478624, 0.10727457561238263], [-0.7136301132104722, 0.19349157576762144, 0.7085175726849915, -0.24882552517450746, 0.4606137614488275, -0.6376769220133441, 0.11006734959055908, 0.2001626915941604, -0.5763651828124712, -0.13801037140947614, -0.02596619475535862, 0.5275531274299157, 0.7684253937583293, 0.04988470233219572], [-0.3045431629887776, -0.6301203943106297, -0.43680621821078774, 0.3084666871055235, -0.08371926295020016, -0.14579033103622943, -0.6204865996214837, 0.5554356975570734, 0.3935950580771999, 0.08611377034460868, 0.6030337306821265, 0.06854605273992431, 0.30828953270603215, -0.03660430232088145]], "inverted": true, "swapped": false, "error_lsq": 0.04422666072596405, "error_max": 0.24801699117987766, "target": "242.xyz", "model": "25.xyz", "model_rescale": 4.100010024507729, "target_rescale": 4.0635996409060295},
{"mapping": [6, 5, 0, 8, 2, 4, 1, 7, 9, 12, 11, 13], "R": [[-0.4919459502510116, 0.48244523722764293, -0.7247315193283598], [-0.5747535472975039, -0.805218289576847, -0.1458830559039428], [-0.6539476599090827, 0.34477543301009783, 0.6734109880987498]], "T": [0.08373896195229463, 0.014299162575289272, -0.035953347440264904], "aligned_model": [[-0.733804643865565, -0.0008237804130101223, 0.3534102321380459, 0.6795805067217742, -0.5360177062238722, 0.15121586379269847, -0.24175126241178801, 0.5125531001352239, -0.023778209405133227, 0.006640385811095273, -0.3325566717836207, 0.04209778786715846], [-0.21120916650560573, -0.6563839074098161, -0.3406036862407064, -0.30856491544057985, 0.5589618877469349, 0.6332792166112631, 0.14599320128539092, 0.5295203425046263, -0.4343476602450761, 0.5499666307742568, 0.09153528846397291, 0.10798415850597917], [0.0002917767143365557, 0.1480889029157274, 0.6432226600344261, -0.20287697646353753, 0.21792771688461315, 0.15060273342375863, 0.6029522072702155, -0.27529697360132427, -0.4522380333629746, -0.5534301954109406, -0.6538882536209641, -0.06016327492897951]], "inverted": true, "swapped": true, "error_lsq": 0.03812805495756264, "error_max": 0.21165131752712682, "target": "242.xyz", "model": "26.xyz", "model_rescale": 3.6694154284099745, "target_rescale": 4.0635996409060295},
{"mapping": [11, 9, 7, 10, 8, 12, 3, 4, 2, 6, 0, 1, 5, 13], "R": [[-0.33287422868326944, 0.7277911489794214, 0.599595523120155], [-0.03051911063376428, 0.6272095974043917, -0.7782523400606933], [-0.9424772314303634, -0.27735926952426654, -0.18657037236475346]], "T": [0.05908131191267381, 0.0915829212175995, -0.0002761601768286612], "aligned_model": [[0.24553898216832326, 0.3544723464094759, -0.07441278480098794, 0.595747345260707, 0.5948160687503561, -0.24984130320388226, -0.36265007101227037, 0.5494800338835706, -0.08363529209833818, -0.5845827402076318, -0.1566494861019303, -0.7187399055532604, -0.12535880746434408, 0.04719984747495313], [-0.7314209978096281, -0.03226414285985399, 0.5771750161903711, -0.17182380376208026, 0.43880773716595645, -0.5235159923637773, 0.15691488512237273, 0.09631565367628192, -0.4451756261694949, -0.1467556955718374, 0.180297774065592, 0.4413452739518583, 0.7906736964680973, 0.04766808712711256], [-0.15543271245178697, -0.6021645027526399, -0.37777870077887815, 0.06678489989981908, -0.028211620361841626, -0.3951849569109704, -0.6863560356156161, 0.6592822260345151, 0.39170837899499017, -0.009316268547752367, 0.6182084724578737, 0.22843130355218244, 0.32102187910290225, 0.03441789515070165]], "inverted": false, "swapped": false, "error_lsq": 0.04858858874802676, "error_max": 0.30601050970109794, "target": "242.xyz", "model": "27.xyz", "model_rescale": 4.103607728864725, "target_rescale": 4.0635996409060295},
