[{"mapping": [2, 0, 4, 11, 10, 5, 7, 8, 13, 12, 9, 14], "R": [[0.6809405553889756, 0.6465162839970379, -0.34400095138417175], [-0.24108754669392357, 0.6414434611920705, 0.7283042502437028], [0.6915177183960357, -0.4129975552235128, 0.592651891521273]], "T": [-0.018829627390392865, -0.01368236035483232, -0.004382276929628334], "aligned_model": [[-0.1615625281423176, -0.023420290578231633, 0.38493098001168224, -0.26187794588104457, -0.03925953980845615, -0.6288129527899309, 0.4841551015308354, -0.15891381712294111, 0.5869613574868212, 0.1811679933860737, -0.5499500949533512, 0.024224199321409685], [-0.29144579652844693, -0.6988020099715052, -0.3929854740075176, 0.7414293752512165, 0.31338367994852917, -0.5136538743497122, -0.24076743786663607, -0.5132235868555531, 0.248965515007268, 0.3844823196253048, 0.09881126760371588, -0.08263894187960599], [-0.591329275932023, -0.039251464885717235, -0.35705176478043854, 0.007296481490044252, -0.7711866475266491, 0.024065748762148526, 0.3221051334222813, 0.6075244956111311, 0.046579132493214326, 0.6262723021198301, 0.358366652685857, -0.051439048106116644]], "inverted": false, "swapped": true, "error_lsq": 0.04766531057826653, "error_max": 0.24780201577786862, "target": "243.xyz", "model": "0.xyz", "model_rescale": 3.751011558992144, "target_rescale": 4.115344087347646},
{"mapping": [3, 3, 7, 11, 12, 0, 1, 13, 2, 8, 6, 4, 5, 9, 14], "R": [[0.37088848831594523, -0.8958653975497397, -0.24467717242881537], [-0.33934382608086266, 0.11451283648652336, -0.9336662026552168], [0.8644579208587974, 0.42931573434112347, -0.261534898840724]], "T": [-0.008366671548733499, 0.06923280222808885, -0.001188596271318454], "aligned_model": [[0.28931974354191237, 0.28931974354191237, -0.36698047115745946, -0.08459537810377951, 0.22202982584892292, -0.22535293604779794, -0.6463471550191908, 0.6913064809286299, 0.4567154238959779, -0.041884953738589276, -0.615923484945604, -0.49065012462906743, 0.49323735154158344, 0.47530213051104697, 0.017856250073480167], [-0.38475724273235445, -0.38475724273235445, -0.0033462726271789728, 0.7632264977958455, 0.24358447362341534, -0.6059599076049479, -0.21104259739288822, -0.027372572949951282, -0.5988085163649715, -0.25167039237302447, 0.42943560178123985, 0.2157447188517514, 0.0659926246367974, 0.5162730851731653, 0.1017601282089848], [-0.5384796969421461, -0.5384796969421461, -0.5541853814523812, -0.3875730210814143, -0.6856548501843651, -0.27051420609435045, -0.011778804670563775, -0.1703839847713517, 0.14426773097954437, 0.5787389135035794, -0.2558538804371302, 0.6083283428550512, 0.37092556936122784, 0.019037542083220615, -0.03665892033940755]], "inverted": true, "swapped": false, "error_lsq": 0.04835118970710624, "error_max": 0.42904670535437456, "target": "243.xyz", "model": "1.xyz", "model_rescale": 3.9405287249114394, "target_rescale": 4.115344087347646},
{"mapping": [1, 3, 13, 6, 10, 7, 0, 2, 11, 12, 9, 8, 14], "R": [[-0.9436820599650804, 0.060960140243065924, -0.3251892233786483], [0.32927804273119815, 0.07723650913868352, -0.9410688031335337], [-0.032251205794108034, -0.9951474177013253, -0.0929595437123607]], "T": [-0.0202599060477202, -0.12977355261214998, 0.036366263929067], "aligned_model": [[-0.39036307816351673, 0.17707289091737427, -0.3544336540650101, 0.527936604599656, 0.6669989505116839, -0.5583436732069188, -0.008051725660164894, 0.5525178488319299, 0.11147119469098433, -0.6556338730323426, -0.0717265046404766, -0.49895726136098423, -0.0025044401382835584], [0.6636110228820613, 0.4862142740534995, 0.02612116868178349, -0.28295995600400914, -0.09839028208594489, 0.21520586838128544, 0.37011739122151466, 0.19598242989356748, -0.8193904205580649, -0.5232249196078432, -0.6590665455916741, -0.07770549219473391, -0.037681945499425135], [0.18917970480881224, -0.6340976091456085, -0.5137141220599781, 0.24661172259686812, -0.43487557761257967, -0.014725395719050467, 0.5060319677576592, 0.12491382429473571, -0.3330631668313607, -0.1579409738759785, 0.4152206820698901, 0.6780302527647915, 0.041549040540442686]], "inverted": false, "swapped": true, "error_lsq": 0.04631157099189986, "error_max": 0.2914873136892738, "target": "243.xyz", "model": "2.xyz", "model_rescale": 3.932901565614263, "target_rescale": 4.115344087347646},
{"mapping": [5, 9, 8, 6, 0, 7, 7, 2, 10, 3, 12, 11, 13, 14], "R": [[-0.44618602112121697, -0.0832526782578076, -0.8910594963968004], [0.8935826829726813, -0.0962646814937616, -0.4384553566650198], [-0.04927497587378438, -0.9918679865081881, 0.11734510681247584]], "T": [0.058114927928054144, -0.05259450296636068, 0.018625696646699823], "aligned_model": [[-0.24762832296405754, 0.38888745007723613, 0.24473128995647295, -0.26166834495866964, -0.3775989315393574, 0.21068579726503844, 0.21068579726503844, -0.5852729522213127, -0.36356167601168354, -0.38249475753046414, 0.8111088841471896, 0.5041945992036251, 0.28619132889701493, -0.01845024953336709], [0.06305095125651938, 0.24042275953800804, -0.49636422109086503, 0.41922137092736034, -0.44420232067577936, -0.6685556413608669, -0.6685556413608669, 0.11471925987998208, 0.4618051669944764, -0.27176953423174505, -0.20539367501800446, 0.5626116306030097, -0.33847503903969944, -0.10501842807104056], [-0.6997110319764984, -0.46206232670968356, -0.6231201145333142, -0.18950186251903353, -0.33833735259645875, 0.11065452306701579, 0.11065452306701579, 0.028119247565688565, 0.5215773245810914, 0.809655690519622, 0.09551440644059064, 0.24652249755150094, 0.570728190262296, 0.03320264833726437]], "inverted": true, "swapped": true, "error_lsq": 0.052747802877570235, "error_max": 0.39439670053813736, "target": "243.xyz", "model": "3.xyz", "model_rescale": 3.9243930471874484, "target_rescale": 4.115344087347646},
{"mapping": [5, 9, 8, 0, 7, 6, 2, 12, 13, 11, 3, 10, 14], "R": [[-0.9387373202099976, 0.09294688023177666, 0.33186310596408947], [-0.2986138690745108, -0.7001019992790236, -0.6486038450409197], [0.17205232006951726, -0.7079675614466345, 0.6849671022012682]], "T": [0.027304829143266807, -0.028090506958569753, -0.11133763631765965], "aligned_model": [[-0.11782619275571653, -0.2222140359572952, 0.4941221196574366, 0.3684995757975812, 0.656099117072874, -0.47679594591570684, -0.21320261206663843, 0.26543994381057523, 0.3337286666395349, -0.5338900814875218, 0.18863104420998042, -0.5358250912254787, 0.07043937853172792], [-0.7082428060770952, -0.052963681939823884, -0.32842343049393924, -0.6225843829502623, 0.09524175534510464, -0.36582328782020745, -0.5029348261491828, 0.5870060622912359, 0.472611111921974, 0.5116720330096153, 0.1149892579663686, 0.009512297080142604, -0.08223054850234313], [-0.4844197971400607, -0.7142076177050494, -0.6905411133322794, -0.08324769128449057, -0.08762697169273699, -0.1085774412279514, 0.2870478934459311, -0.512843846027409, 0.19520112094731729, -0.26338790596073686, 0.7949763675782885, 0.5025428412361876, -0.047845523466046605]], "inverted": true, "swapped": true, "error_lsq": 0.05320224235208788, "error_max": 0.3332174048350863, "target": "243.xyz", "model": "4.xyz", "model_rescale": 3.8936222436046832, "target_rescale": 4.115344087347646},
{"mapping": [10, 13, 11, 6, 12, 7, 1, 8, 5, 2, 9, 14], "R": [[0.7337989675464436, 0.611033911397151, 0.2969455073754641], [-0.19185272574274764, 0.6056818030039084, -0.7722318855984988], [-0.6517143598639294, 0.5096931553715757, 0.5616772031287325]], "T": [-0.10131903178876803, -0.05990643051968285, -0.06610559677338622], "aligned_model": [[0.10435164026019958, -0.7166970178813603, -0.23940131713987928, 0.45086695145598044, -0.703412255338065, -0.5427635871600617, -0.2862377232584654, -0.03861192269171719, 0.5855088798644845, 0.38461812012199237, 0.11474282996592339, -0.08541655598393416], [-0.6518795682688054, -0.3025501785630693, 0.1742908818740313, -0.09791762481147129, 0.41565674590317125, -0.07935664531994932, -0.3696681019416443, 0.46438634943098706, 0.22139121232779624, -0.5135194740462651, 0.5390204658800437, -0.13093115735501737], [-0.6162382150121224, -0.09769095428562041, -0.8114159436149639, -0.3147708946681033, -0.1531847226452248, 0.3985487831178011, 0.7460767564077325, 0.5378644478715503, 0.20222166263209218, -0.054604370518806664, -0.2107928387708749, -0.0067289912379411496]], "inverted": true, "swapped": true, "error_lsq": 0.04638150985375413, "error_max": 0.32139734695027616, "target": "243.xyz", "model": "5.xyz", "model_rescale": 3.6523030999806103, "target_rescale": 4.115344087347646},
{"mapping": [1, 8, 12, 7, 13, 0, 9, 4, 6, 10, 11, 3, 14], "R": [[0.6655104115149728, 0.735592489582368, -0.12648945187321237], [-0.0660447520259364, 0.22684028944650136, 0.9716900605716106], [0.7434608146331618, -0.6383158875931585, 0.1995465979443253]], "T": [-0.03822108125747213, 0.041228554962276, 0.008620150744751334], "aligned_model": [[0.36242658380416753, -0.23411453745948058, 0.29490144262171075, 0.42760892921042093, 0.6125061926025673, -0.19575198769742602, -0.5003945879757539, 0.2424429219803892, -0.5518256909483423, -0.04882414563375617, -0.10800073149995253, 0.5954231893022522, -0.015314673642502177], [-0.6468294359162212, -0.09324044880553439, 0.6160560359730043, -0.13060011328205579, 0.15085082579222198, -0.5683717283823537, 0.4208723045743189, -0.536281918298541, -0.015523848542239267, -0.004486452274441423, 0.7591324828005319, -0.3614936821713879, -0.049257117304119476], [0.40339228758411105, 0.7748699509476893, 0.40214538492320406, 0.41436959213889746, -0.047063436009877224, 0.28101210512381836, 0.27053010932018795, -0.12914275550301987, -0.30946491800459447, -0.8239519073661383, -0.32175442844647373, -0.5429347228277008, -0.00189752239831493]], "inverted": false, "swapped": true, "error_lsq": 0.056143308077328584, "error_max": 0.3266381009673716, "target": "243.xyz", "model": "6.xyz", "model_rescale": 4.08911054899281, "target_rescale": 4.115344087347646},
{"mapping": [8, 4, 10, 5, 4, 9, 11, 6, 3, 1, 12, 13, 2, 7, 14], "R": [[-0.007666552193506589, -0.08125922691640913, -0.9966635149429381], [0.523958212410455, 0.8485912130895703, -0.0732171067088328], [0.8517094666757588, -0.5227713564342633, 0.03607067045087502]], "T": [0.008108735521282273, -0.008956254810675943, -0.07188770716475418], "aligned_model": [[-0.06715684538187704, 0.3964459777631259, -0.47158801161695546, 0.10877932726002142, 0.3964459777631259, -0.15026438132484995, -0.5629206951533832, 0.49676042276979193, 0.5801233330795699, -0.10839872859236274, -0.4990363794788029, -0.3315553674949477, 0.3768300809341042, 0.36202476821760343, -0.0631370325021861], [-0.437843571872461, -0.005920991304745035, 0.06894267199151083, 0.5628129729827608, -0.005920991304745035, -0.774540661421241, -0.13417165505187736, 0.0023298170946370635, -0.5230640841350929, -0.3742588348597806, 0.48994078310178574, 0.36874798665362524, 0.13592242045686756, 0.648773054587914, -0.1534465316256299], [-0.5968064960072168, -0.6601346477991312, -0.6039569568776506, -0.565290799667018, -0.6601346477991312, -0.013958611513422883, -0.019185185375375863, 0.029281060662121744, -0.2588205193549638, 0.5533531221727663, -0.11556259588721675, 0.4552387723955887, 0.6303902165812048, 0.1316425409459421, -0.03431959660912949]], "inverted": false, "swapped": false, "error_lsq": 0.05248893401874212, "error_max": 0.3615602310128013, "target": "243.xyz", "model": "7.xyz", "model_rescale": 3.964800864290218, "target_rescale": 4.115344087347646},
{"mapping": [3, 13, 4, 10, 0, 11, 2, 7, 12, 9, 11, 5, 8, 14], "R": [[-0.9372171276844687, 0.34232474805123364, 0.06661698316896128], [0.31184930425393104, 0.7371161394743015, 0.5995079718926524], [0.15612196197592898, 0.5826435992939092, -0.7975916055166488]], "T": [0.022590434775773487, -0.002403749840732992, 0.10941194622450144], "aligned_model": [[-0.15164239479594155, 0.19746910656220193, 0.12305165698432569, -0.7230855383092663, 0.33290349853704926, -0.4486035039223222, -0.3431631369999608, 0.6008539421823773, 0.386824675879928, 0.005495035051310181, -0.4486035039223222, 0.022675099536761476, 0.6667125730315493, 0.04030037964518292], [-0.20144285613026536, -0.5275040123072374, 0.21314155766541595, -0.061030669407034, 0.5806730623707228, -0.5181617068521929, 0.4546510591205537, -0.1427510487561503, -0.5991938338661202, 0.06342660339560563, -0.5181617068521929, 0.7015452341643732, 0.31887229357136315, 0.04688449006436068], [-0.7838569918470794, -0.2542511582457153, -0.50272938633009, -0.25924608810225547, -0.07593395275497734, 0.48540744311625683, -0.2057978464669757, -0.1294797672436696, 0.4371837753865483, 0.7587998620604769, 0.48540744311625683, 0.4662260196403743, 0.46364815330445797, 0.03143753309141352]], "inverted": true, "swapped": true, "error_lsq": 0.050608178429044345, "error_max": 0.40162511773346976, "target": "243.xyz", "model": "8.xyz", "model_rescale": 4.121658175737393, "target_rescale": 4.115344087347646},
{"mapping": [7, 13, 12, 8, 3, 4, 11, 6, 9, 10, 0, 5, 14], "R": [[0.3353154755016856, 0.4968399090690941, -0.8004458986373114], [-0.4549573973591366, 0.8293938870999649, 0.32422144689920157], [0.8249710894796735, 0.2554523141359761, 0.5041495975653412]], "T": [0.0038268073987063472, -0.040423568944721495, -0.048445999635274725], "aligned_model": [[-0.3432857223338125, -0.38243067915981793, 0.2586069289028348, 0.22093595974190178, -0.8355899318134803, -0.6180288572637782, 0.4701452708109701, 0.24676064825621258, 0.6431744650619861, -0.20974606617120795, -0.2444416558249345, 0.34719071401901824, -0.07655357779069527], [0.25294812517519405, -0.3168820906081451, -0.11966622778157976, 0.698715770736745, -0.43730049129458876, 0.08216161585056228, -0.6699267980495296, -0.1287951637247153, 0.0905221608697781, -0.6817461768276403, 0.5453053577322429, 0.48177063334437636, -0.006719276010990025], [-0.5007746852906303, -0.5098997122850472, -0.7730611040064084, -0.27234679903577447, 0.027522986754628234, 0.12341921666270995, -0.17364738539750368, 0.5005187092147448, -0.06889940562493506, 0.4398883725946191, 0.2082839428539428, 0.43350306921294035, -0.013431771694197583]], "inverted": true, "swapped": true, "error_lsq": 0.055763214073190084, "error_max": 0.27901706462950465, "target": "243.xyz", "model": "9.xyz", "model_rescale": 3.833441315466971, "target_rescale": 4.115344087347646},
{"mapping": [13, 0, 2, 4, 5, 8, 9, 1, 10, 11, 3, 7, 12, 6, 14], "R": [[0.405322664211861, -0.7966375048402827, -0.4484219260451569], [-0.5135461608974817, 0.20738945008179993, -0.8326223373308137], [0.75629615793263, 0.5677660626319767, -0.32505048780108814]], "T": [0.09448628373235798, 0.012737077968519916, -0.05745808824023279], "aligned_model": [[0.10828795088522866, 0.5978131023558988, -0.3849582390141657, -0.0246835858793773, 0.1848421713498849, -0.3218519729441489, -0.6860005263965537, 0.7757235037317576, 0.31798349074657833, -0.007755141324371551, -0.6402664035173015, -0.37571299607831954, 0.5506235487788965, 0.3689737420478274, 0.0003338015001435185], [-0.3784226702001146, -0.2914992474191052, -0.09008954196144664, 0.7626024313383846, 0.19323650385490532, -0.6306215633654884, -0.20210047135695589, 0.22451377386927698, -0.7564080865699812, -0.24366699213194515, 0.45668271203161387, 0.1395469715055206, 0.05423878378114477, 0.6094827110121457, 0.020807070905573558], [-0.7520731664030287, -0.40086067074742204, -0.5830148318652874, -0.30120606070861966, -0.70297413939198, 0.08506025101884807, -0.10840210798087485, -0.2489663493536199, 0.12752531059262298, 0.5663533615439595, -0.18926329421994395, 0.3972350664789371, 0.33399620176216227, 0.11511320924515883, -0.06678712410354543]], "inverted": false, "swapped": false, "error_lsq": 0.05495142532133975, "error_max": 0.30646138593433475, "target": "243.xyz", "model": "10.xyz", "model_rescale": 4.2482417240324, "target_rescale": 4.115344087347646},
{"mapping": [11, 10, 3, 2, 12, 7, 13, 0, 6, 8, 9, 14], "R": [[-0.010933157399102625, 0.19119865208031983, 0.9814904693943572], [-0.9178047668453131, 0.38766310437918033, -0.08574221515168384], [-0.3968814382473781, -0.9017540645573858, 0.17124465255571378]], "T": [-0.028273733382807975, 0.074653460752292, -0.08219482657487029], "aligned_model": [[-0.7222547305026845, 0.07212135406561561, 0.4039454840592505, 0.46409665586215193, -0.6307534905678365, 0.11223220808785783, -0.13999704684496517, 0.5635461563168902, 0.05398082186588554, 0.057378364886808864, -0.4200224794482065, 0.06249230458223884], [-0.30698451247025826, -0.7140752732118026, -0.22187593100554198, -0.3577025950608398, 0.5146537996102245, 0.6167165755726924, 0.21962395447679345, 0.32276371229061407, -0.3845262311422407, 0.7473304763303109, 0.15239912383458704, 0.0778082908261005], [-0.03587588012286573, 0.16921386349658088, 0.687973926591691, -0.19476315189966303, 0.11699654563576542, 0.23018468465697553, 0.5542524581388002, -0.32471573286033195, -0.47023714392313065, -0.5108721717229192, -0.5987401635597611, -0.0582249445767849]], "inverted": true, "swapped": true, "error_lsq": 0.041654161614946957, "error_max": 0.22920046842885244, "target": "243.xyz", "model": "11.xyz", "model_rescale": 3.6694154284099745, "target_rescale": 4.115344087347646},
{"mapping": [9, 8, 7, 0, 5, 11, 6, 10, 4, 3, 13, 2, 12, 14], "R": [[0.3290512860882181, 0.5656993538991522, 0.756114734760388], [-0.8866506206941036, -0.09042630236025018, 0.4535126907421816], [0.32492449576240134, -0.8196385330372986, 0.4718227921730941]], "T": [-0.020099916630734703, 0.026101759958175513, -0.06466592191113069], "aligned_model": [[-0.09918076660294209, 0.17233187036853312, -0.1408087235237768, 0.5683641280513166, 0.5855172116911274, -0.575056603103667, 0.3156696690098981, 0.052738957586425446, 0.3190919751611948, -0.004136429802035178, -0.46145675265008385, 0.518118195979105, -0.6969583066114349, 0.04403042470214897], [-0.3517843976019529, 0.34214792585997644, 0.6482688680711836, 0.3446442083783672, -0.22125698592523083, -0.5362052398492055, -0.4759539111496396, -0.3850051308477642, 0.4325564961036833, 0.3894581574673742, 0.4097616929482293, -0.13587935727859227, 0.18983595392307787, 0.08039900803674788], [-0.5912386371412943, -0.7764803245746041, -0.16209678250239623, -0.21588313461856123, -0.506142996010954, 0.007697921795124629, -0.006463432035477487, 0.657181805481893, 0.32393754665903657, 0.7930171990222588, 0.2460958649259093, 0.2904613341357405, -0.3983022395016777, -0.022688665982582124]], "inverted": true, "swapped": true, "error_lsq": 0.05268350902681449, "error_max": 0.46510177440974065, "target": "243.xyz", "model": "12.xyz", "model_rescale": 3.9764082729961374, "target_rescale": 4.115344087347646},
{"mapping": [1, 0, 12, 5, 9, 10, 13, 7, 8, 11, 6, 14, 3, 4, 15], "R": [[0.6599619736214204, -0.3139742916781657, 0.6825469489631564], [-0.6627661643542901, -0.6711553775614207, 0.3321015967403481], [0.35382369163302435, -0.6715434485836199, -0.6510285645834577]], "T": [0.025519670466139566, -0.0029322839695823145, -0.17372527679616254], "aligned_model": [[0.09146361446914125, 0.5915729822730602, -0.4353115529949149, -0.06727690077780002, 0.09116923903146174, -0.23398578235133938, -0.565755581065181, 0.7513518452395178, 0.3081905639152581, -0.2306645788832299, -0.35278431002446364, -0.298295582107736, 0.37089850932538665, 0.36931345568637, 0.0734665245064465], [-0.5348926349432835, 0.19749472930531733, -0.249261408908923, 0.6311698915872799, 0.04351161278148524, -0.7620816248000545, 0.012621372841611075, 0.13992795532640184, -0.5591292373646148, -0.43618402470999446, 0.6151481003349466, 0.1713177583228109, -0.08610732598903331, 0.6268686872087955, 0.05789853430078383], [-0.5143014936731799, -0.5817946263488841, -0.5400176199297235, -0.7142131426674888, -0.769571083292596, -0.12376431971045407, -0.01677876720365179, -0.019477732196475833, 0.15853208080380057, 0.44044673353979624, 0.06818698536134474, 0.5359145223531562, 0.5893204737109168, -0.14178327113048703, -0.0989630837487064]], "inverted": true, "swapped": false, "error_lsq": 0.05447777156829244, "error_max": 0.4004489182002742, "target": "243.xyz", "model": "13.xyz", "model_rescale": 4.170626492500431, "target_rescale": 4.115344087347646},
{"mapping": [5, 9, 6, 11, 2, 3, 10, 8, 0, 12, 7, 13, 4, 14], "R": [[0.4013264235568199, -0.7663436474622347, -0.5016517873479274], [-0.14616095445394628, 0.4870927478115886, -0.8610328857961626], [0.9041980298298615, 0.41887715266368286, 0.08347367146689015]], "T": [-0.04710600072299533, -0.04231395872182826, 0.08792537865723923], "aligned_model": [[0.46840442521738823, -0.020408016975440833, -0.10697519610081058, -0.7517161509980954, 0.050713227177039584, -0.29702623408665435, -0.5855318945108245, 0.6178069042154635, 0.5961576266280897, -0.24962085360953198, 0.2413833118890419, -0.31251642290691944, 0.1899543314320424, 0.0025579647208556905], [-0.2377868243737838, -0.6402039860361114, -0.0035384034581495485, -0.3871313254899092, 0.439191587077668, 0.8068423120408416, 0.47890211439825975, -0.4715947658746679, 0.17510186086302337, -0.5636795318830765, 0.013172950887845536, 0.1528028460279377, 0.556781362858176, 0.037214270887612116], [-0.47678677968375827, -0.17312114255055835, -0.5146530619787766, -0.03051503452071737, -0.35997616754160977, 0.37840178946631176, -0.2778749505223215, 0.21908838001289704, -0.009891469939848546, 0.6203021552530723, 0.6578818844060564, 0.6624255347420621, 0.2150333735150038, 0.0935585904630533]], "inverted": false, "swapped": true, "error_lsq": 0.048770820166162965, "error_max": 0.2605095494186026, "target": "243.xyz", "model": "14.xyz", "model_rescale": 3.9786697098870705, "target_rescale": 4.115344087347646},
{"mapping": [0, 4, 8, 5, 7, 12, 10, 11, 9, 6, 13, 14], "R": [[0.045584431292250684, -0.7900374044095845, 0.6113615618089913], [0.7265639062241515, 0.44623367435765016, 0.522475260698125], [-0.6855851149172253, 0.4203765068400441, 0.594353970880062]], "T": [-0.0076391679568782594, 0.012637092992129714, 0.011649088904194038], "aligned_model": [[0.020087288731511763, -0.5127201818250275, 0.565892595477441, 0.470006861847301, -0.10314258110359113, 0.2796422339309823, -0.5694522331811707, 0.11374100719711604, 0.611926720928493, 0.08161073746711346, -0.4080019142947687, -0.06623593840806408], [-0.3488211214988945, -0.15155013001388828, 0.06667104360813222, -0.583416602737583, 0.40952563734316044, 0.7249865908970717, -0.3202982854973521, 0.244490924742175, -0.02487183425388502, -0.5165694677645245, 0.5393469430301895, -0.024819207630162404], [-0.5707640561436849, -0.3746215066745554, -0.5466846499839956, -0.18693269338418056, -0.4828343592667714, 0.09093936409544741, 0.5302034566431741, 0.7605905188917099, 0.21428606242898057, 0.29478070457868666, -0.01750728704961465, -0.05148906026136656]], "inverted": false, "swapped": true, "error_lsq": 0.049017945662778235, "error_max": 0.28806931577663025, "target": "243.xyz", "model": "15.xyz", "model_rescale": 3.769337070930944, "target_rescale": 4.115344087347646},
{"mapping": [9, 11, 8, 12, 5, 6, 0, 10, 1, 13, 14], "R": [[0.45989689058167604, 0.30361260176986626, 0.8344544553658031], [-0.805998223908187, 0.5370920516310946, 0.24879507859190067], [-0.3726415343063014, -0.7869888919935495, 0.4917181822839293]], "T": [-0.02150132549876515, -0.0022079855716000754, 0.052645638946952705], "aligned_model": [[-0.2304547119460523, -0.49771685490707274, -0.06534611981310985, -0.7747271498989998, 0.44039614635235635, 0.3444704707939507, 0.47731764572407004, 0.2837696237458118, 0.26886502133746415, -0.3728989381399324, 0.048950997442684684], [-0.006576167904116061, -0.6083319297516504, 0.7038065872304157, 0.16694202870936933, 0.2005800474578609, -0.35116223947394387, 0.4677516083594214, -0.7279861080667446, 0.7061155172430942, 0.014845263799228334, 0.03007989002240718], [-0.5659414241315381, -0.13506463144687086, -0.32579322331594684, 0.035368807602143754, -0.5543042777637722, -0.2827410250131217, 0.02192947433488121, 0.327298662346589, 0.5040352603840396, 0.6137094441929137, 0.10572054003445956]], "inverted": true, "swapped": true, "error_lsq": 0.0490459089056596, "error_max": 0.23959584252662441, "target": "243.xyz", "model": "16.xyz", "model_rescale": 3.7852294659196426, "target_rescale": 4.115344087347646},
{"mapping": [10, 12, 9, 11, 13, 7, 1, 8, 6, 2, 4, 5, 14], "R": [[-0.8362624747158819, -0.5452321651683791, -0.05819758970842698], [0.1944933762901519, -0.19571314436042886, -0.9611808839671185], [0.5126767012078142, -0.8151185503902825, 0.26971160310286674]], "T": [-0.013644159808926682, 0.010052528175944958, -0.017908501149196697], "aligned_model": [[0.23968785750992155, -0.5143239156374579, 0.3033543466354035, 0.057185500373603954, -0.6298125217785546, -0.5505847940005187, -0.420984797768001, -0.029307666848467282, 0.5722552106331326, 0.39550841387536134, -0.16885071851067368, 0.6207383703937841, -0.021099434661250464], [-0.010480698423555618, -0.4934748124843672, -0.39537396454098706, -0.7346898618578247, -0.03327291283788398, 0.26177548627341174, 0.7656364941779807, 0.18192545938522964, -0.013399062347850994, 0.41232063011673936, 0.601825076956658, 0.23088620235823487, 0.1013775869270892], [-0.8121249668651872, 0.28547138956048473, 0.3839271110706059, -0.282000423582567, -0.2567036956354254, 0.2259882122263456, 0.21220856763002363, 0.7655513035203655, -0.17398730168927395, -0.3537753388668008, -0.256624697547361, 0.396400267715678, -0.03857573039371376]], "inverted": false, "swapped": true, "error_lsq": 0.0450952396266933, "error_max": 0.2963822755616728, "target": "243.xyz", "model": "17.xyz", "model_rescale": 3.901054581598922, "target_rescale": 4.115344087347646},
{"mapping": [3, 3, 7, 11, 12, 0, 1, 13, 2, 8, 6, 4, 5, 9, 14], "R": [[0.37088848831594523, -0.8958653975497397, -0.24467717242881537], [-0.33934382608086266, 0.11451283648652336, -0.9336662026552168], [0.8644579208587974, 0.42931573434112347, -0.261534898840724]], "T": [-0.008366671548733499, 0.06923280222808885, -0.001188596271318454], "aligned_model": [[0.28931974354191237, 0.28931974354191237, -0.36698047115745946, -0.08459537810377951, 0.22202982584892292, -0.22535293604779794, -0.6463471550191908, 0.6913064809286299, 0.4567154238959779, -0.041884953738589276, -0.615923484945604, -0.49065012462906743, 0.49323735154158344, 0.47530213051104697, 0.017856250073480167], [-0.38475724273235445, -0.38475724273235445, -0.0033462726271789728, 0.7632264977958455, 0.24358447362341534, -0.6059599076049479, -0.21104259739288822, -0.027372572949951282, -0.5988085163649715, -0.25167039237302447, 0.42943560178123985, 0.2157447188517514, 0.0659926246367974, 0.5162730851731653, 0.1017601282089848], [-0.5384796969421461, -0.5384796969421461, -0.5541853814523812, -0.3875730210814143, -0.6856548501843651, -0.27051420609435045, -0.011778804670563775, -0.1703839847713517, 0.14426773097954437, 0.5787389135035794, -0.2558538804371302, 0.6083283428550512, 0.37092556936122784, 0.019037542083220615, -0.03665892033940755]], "inverted": true, "swapped": false, "error_lsq": 0.04835118970710624, "error_max": 0.42904670535437456, "target": "243.xyz", "model": "18.xyz", "model_rescale": 3.9405287249114394, "target_rescale": 4.115344087347646},
{"mapping": [5, 2, 11, 3, 10, 9, 13, 6, 5, 7, 14, 4, 0, 1, 15], "R": [[0.1278600647789228, -0.49306468401049375, -0.8605457693907754], [-0.2136912105389751, -0.8609839619736401, 0.4615654707217178], [-0.9684977389612828, 0.1248752761991157, -0.2154490543517829]], "T": [-0.05345670541188201, 0.09091206555304654, 0.008041121203873097], "aligned_model": [[0.3664580816758175, 0.5478572059347246, -0.3712108832396798, 0.04095608309998296, -0.034521878602390324, -0.2769439333174128, -0.7107402931897269, 0.6760041011265807, 0.3664580816758175, -0.2623091526900199, -0.5856528152394422, -0.1332924419711784, 0.41814349688337166, 0.4566043761174197, -0.0344575820218868], [-0.5619420464116821, -0.02139453687184581, -0.27538571509811266, 0.8344054610461958, 0.20773279403981118, -0.6424539103582337, -0.04339076275708326, -0.07036285526177488, -0.5619420464116821, -0.3915221824186639, 0.40971443536250013, 0.21006259004426303, 0.17777988153813434, 0.5093197958445972, 0.08768148300710465], [-0.2898107259193321, -0.6093194623175152, -0.5249423872303295, -0.39659747198447626, -0.7690678973231558, -0.027139147347291073, -0.02760829559010601, -0.0046390693565457886, -0.2898107259193321, 0.47629682121322225, -0.4555010147066322, 0.7250449121963483, 0.5007088486805242, -0.009049470385381168, -0.02682925814263004]], "inverted": false, "swapped": false, "error_lsq": 0.05605014887639929, "error_max": 0.3612350320364994, "target": "243.xyz", "model": "19.xyz", "model_rescale": 4.410303926677745, "target_rescale": 4.115344087347646},
{"mapping": [3, 13, 4, 10, 0, 11, 2, 7, 12, 9, 11, 5, 8, 14], "R": [[-0.9372171276844687, 0.34232474805123364, 0.06661698316896128], [0.31184930425393104, 0.7371161394743015, 0.5995079718926524], [0.15612196197592898, 0.5826435992939092, -0.7975916055166488]], "T": [0.022590434775773487, -0.002403749840732992, 0.10941194622450144], "aligned_model": [[-0.15164239479594155, 0.19746910656220193, 0.12305165698432569, -0.7230855383092663, 0.33290349853704926, -0.4486035039223222, -0.3431631369999608, 0.6008539421823773, 0.386824675879928, 0.005495035051310181, -0.4486035039223222, 0.022675099536761476, 0.6667125730315493, 0.04030037964518292], [-0.20144285613026536, -0.5275040123072374, 0.21314155766541595, -0.061030669407034, 0.5806730623707228, -0.5181617068521929, 0.4546510591205537, -0.1427510487561503, -0.5991938338661202, 0.06342660339560563, -0.5181617068521929, 0.7015452341643732, 0.31887229357136315, 0.04688449006436068], [-0.7838569918470794, -0.2542511582457153, -0.50272938633009, -0.25924608810225547, -0.07593395275497734, 0.48540744311625683, -0.2057978464669757, -0.1294797672436696, 0.4371837753865483, 0.7587998620604769, 0.48540744311625683, 0.4662260196403743, 0.46364815330445797, 0.03143753309141352]], "inverted": true, "swapped": true, "error_lsq": 0.050608178429044345, "error_max": 0.40162511773346976, "target": "243.xyz", "model": "20.xyz", "model_rescale": 4.121658175737393, "target_rescale": 4.115344087347646},
{"mapping": [1, 8, 12, 7, 13, 0, 9, 4, 6, 10, 11, 3, 14], "R": [[0.6655104115149728, 0.735592489582368, -0.12648945187321237], [-0.0660447520259364, 0.22684028944650136, 0.9716900605716106], [0.7434608146331618, -0.6383158875931585, 0.1995465979443253]], "T": [-0.03822108125747213, 0.041228554962276, 0.008620150744751334], "aligned_model": [[0.36242658380416753, -0.23411453745948058, 0.29490144262171075, 0.42760892921042093, 0.6125061926025673, -0.19575198769742602, -0.5003945879757539, 0.2424429219803892, -0.5518256909483423, -0.04882414563375617, -0.10800073149995253, 0.5954231893022522, -0.015314673642502177], [-0.6468294359162212, -0.09324044880553439, 0.6160560359730043, -0.13060011328205579, 0.15085082579222198, -0.5683717283823537, 0.4208723045743189, -0.536281918298541, -0.015523848542239267, -0.004486452274441423, 0.7591324828005319, -0.3614936821713879, -0.049257117304119476], [0.40339228758411105, 0.7748699509476893, 0.40214538492320406, 0.41436959213889746, -0.047063436009877224, 0.28101210512381836, 0.27053010932018795, -0.12914275550301987, -0.30946491800459447, -0.8239519073661383, -0.32175442844647373, -0.5429347228277008, -0.00189752239831493]], "inverted": false, "swapped": true, "error_lsq": 0.056143308077328584, "error_max": 0.3266381009673716, "target": "243.xyz", "model": "21.xyz", "model_rescale": 4.08911054899281, "target_rescale": 4.115344087347646},
{"mapping": [11, 8, 9, 10, 5, 15, 14, 8, 1, 2, 12, 4, 0, 6, 16], "R": [[-0.8163597136056839, -0.05643921255128537, -0.5747794649152286], [0.5583108188274727, 0.17757202893715962, -0.8104055800149315], [0.1478034085596225, -0.9824880609074755, -0.11345202771403384]], "T": [-0.05801634093304796, 0.041367164198638715, -0.04877233887750741], "aligned_model": [[0.23336683567140898, 0.5711154530936855, -0.4381634096342336, -0.051457227147180026, 0.09442077621133553, -0.28461059096667846, -0.6814148695439092, 0.5711154530936855, 0.48031890866951354, -0.1402630635543981, -0.6335143105030695, -0.14479341791276146, 0.39672965158087536, 0.5456486059710383, -0.055146348787334924], [-0.5078738698307407, -0.0895071892579616, 0.12943573084372223, 0.6804764814242881, 0.13491813029450755, -0.645774295722669, -0.1013813994285057, -0.0895071892579616, -0.49508793282577224, -0.4896351553378576, 0.491186027476389, 0.019130121066924632, 0.28971789712631674, 0.47762650308748916, 0.06457852563535983], [-0.49522856426660555, -0.30920871769600866, -0.6448258140703754, -0.5413488992989763, -0.7312239459584833, -0.13820766636661364, -0.10187326217704895, -0.30920871769600866, 0.1801588061812568, 0.4334369959949731, -0.15570494987331257, 0.6427964853846726, 0.5270812830839127, -0.07759159741964398, -0.0073157799543716664]], "inverted": false, "swapped": false, "error_lsq": 0.049570963441248735, "error_max": 0.3603892361126771, "target": "243.xyz", "model": "22.xyz", "model_rescale": 4.204369325754507, "target_rescale": 4.115344087347646},
{"mapping": [5, 2, 11, 3, 10, 9, 13, 6, 5, 7, 14, 4, 0, 1, 15], "R": [[0.1278600647789228, -0.49306468401049375, -0.8605457693907754], [-0.2136912105389751, -0.8609839619736401, 0.4615654707217178], [-0.9684977389612828, 0.1248752761991157, -0.2154490543517829]], "T": [-0.05345670541188201, 0.09091206555304654, 0.008041121203873097], "aligned_model": [[0.3664580816758175, 0.5478572059347246, -0.3712108832396798, 0.04095608309998296, -0.034521878602390324, -0.2769439333174128, -0.7107402931897269, 0.6760041011265807, 0.3664580816758175, -0.2623091526900199, -0.5856528152394422, -0.1332924419711784, 0.41814349688337166, 0.4566043761174197, -0.0344575820218868], [-0.5619420464116821, -0.02139453687184581, -0.27538571509811266, 0.8344054610461958, 0.20773279403981118, -0.6424539103582337, -0.04339076275708326, -0.07036285526177488, -0.5619420464116821, -0.3915221824186639, 0.40971443536250013, 0.21006259004426303, 0.17777988153813434, 0.5093197958445972, 0.08768148300710465], [-0.2898107259193321, -0.6093194623175152, -0.5249423872303295, -0.39659747198447626, -0.7690678973231558, -0.027139147347291073, -0.02760829559010601, -0.0046390693565457886, -0.2898107259193321, 0.47629682121322225, -0.4555010147066322, 0.7250449121963483, 0.5007088486805242, -0.009049470385381168, -0.02682925814263004]], "inverted": false, "swapped": false, "error_lsq": 0.05605014887639929, "error_max": 0.3612350320364994, "target": "243.xyz", "model": "23.xyz", "model_rescale": 4.410303926677745, "target_rescale": 4.115344087347646},
{"mapping": [10, 8, 11, 14, 9, 1, 7, 4, 3, 0, 13, 12, 2, 5, 16], "R": [[-0.4655675723898216, -0.8320186642402639, 0.3016484342656127], [-0.5053353915867477, 0.5297327794565707, 0.681189639072032], [-0.726555557097265, 0.16470617694872192, -0.6670748816482448]], "T": [-0.0245983983027827, 0.10511478867289653, -0.19937468973212602], "aligned_model": [[0.26250599199524244, 0.7058887171458452, -0.3922014277212095, -0.3024828469040163, 0.16041004115670682, -0.3081660322930954, -0.6041117549451136, 0.6253252888959244, 0.3686137987684978, -0.0929344474879683, -0.5800072293254388, -0.2152395837670675, 0.4812909168672325, 0.34831442858355594, 0.006146585272881217], [-0.33778418575798885, 0.04463392347622197, -0.10425464974447801, 0.5560819188756561, 0.1897919652233238, -0.7027151226554336, -0.1269388042557703, -0.06065320363873411, -0.6169518106142344, -0.1585677944792132, 0.5133498730591795, 0.41536026481515415, -0.18248002425261062, 0.4388012851285185, 0.0006287501139378981], [-0.580419980734763, -0.5714463311710547, -0.6702822577642733, -0.6207520392858383, -0.7918454795003613, -0.14162020170966805, 0.0291997973926037, -0.04444068270281415, 0.16566637494739167, 0.5050310816881247, -0.06134653996799924, 0.5172699346960029, 0.5036609961000624, 0.181665175708151, -0.14860419182819723]], "inverted": false, "swapped": false, "error_lsq": 0.05238981755876292, "error_max": 0.38311526965413456, "target": "243.xyz", "model": "24.xyz", "model_rescale": 4.28219845311461, "target_rescale": 4.115344087347646},
{"mapping": [4, 0, 2, 6, 0, 7, 13, 1, 3, 9, 14, 11, 5, 8, 15], "R": [[0.5941597587157014, 0.5038069451657432, 0.6270189336261397], [0.7855284461192611, -0.5310847155067077, -0.3176382931773477], [0.1729717938288173, 0.6812691002518177, -0.7113038532032002]], "T": [-0.07301866503423224, -0.02263437184027977, -0.018013021271373317], "aligned_model": [[0.13322002474849945, 0.28472364410479745, -0.3870890329616681, 0.11138105375396476, 0.28472364410479745, -0.24917703877830605, -0.5900510557912582, 0.5662781178695016, 0.4658519215018253, -0.1184816542566359, -0.5910383973045534, -0.2558157475366192, 0.4697219331905216, 0.3822746924101357, -0.04316965881302516], [-0.511117408228262, 0.09625637918033636, 0.11080099025568224, 0.712330999387436, 0.09625637918033636, -0.7794766590825797, -0.2880939881218716, -0.043594521530558976, -0.5690343992866945, -0.3839514931069787, 0.527971154777503, 0.2530459380111103, 0.17386884980383788, 0.48984288746335464, -0.016802723409122863], [-0.5214993656975068, -0.7415042801055315, -0.6115910132152828, -0.5058857318916348, -0.7415042801055315, 0.023266336183803277, -0.1409973941351998, -0.04517355036357777, 0.08739497573391504, 0.5514224345700932, -0.11093092014542165, 0.41449439443089126, 0.6081657134651719, 0.09162763857931558, -0.08554930143613626]], "inverted": true, "swapped": false, "error_lsq": 0.04364074294474127, "error_max": 0.3963439185808339, "target": "243.xyz", "model": "25.xyz", "model_rescale": 4.100010024507729, "target_rescale": 4.115344087347646},
{"mapping": [11, 10, 3, 2, 12, 7, 13, 0, 6, 8, 9, 14], "R": [[-0.010933157399102625, 0.19119865208031983, 0.9814904693943572], [-0.9178047668453131, 0.38766310437918033, -0.08574221515168384], [-0.3968814382473781, -0.9017540645573858, 0.17124465255571378]], "T": [-0.028273733382807975, 0.074653460752292, -0.08219482657487029], "aligned_model": [[-0.7222547305026845, 0.07212135406561561, 0.4039454840592505, 0.46409665586215193, -0.6307534905678365, 0.11223220808785783, -0.13999704684496517, 0.5635461563168902, 0.05398082186588554, 0.057378364886808864, -0.4200224794482065, 0.06249230458223884], [-0.30698451247025826, -0.7140752732118026, -0.22187593100554198, -0.3577025950608398, 0.5146537996102245, 0.6167165755726924, 0.21962395447679345, 0.32276371229061407, -0.3845262311422407, 0.7473304763303109, 0.15239912383458704, 0.0778082908261005], [-0.03587588012286573, 0.16921386349658088, 0.687973926591691, -0.19476315189966303, 0.11699654563576542, 0.23018468465697553, 0.5542524581388002, -0.32471573286033195, -0.47023714392313065, -0.5108721717229192, -0.5987401635597611, -0.0582249445767849]], "inverted": true, "swapped": true, "error_lsq": 0.041654161614946957, "error_max": 0.22920046842885244, "target": "243.xyz", "model": "26.xyz", "model_rescale": 3.6694154284099745, "target_rescale": 4.115344087347646},
