[{"mapping": [1, 7, 4, 2, 0, 10, 5, 6, 9, 8, 11], "R": [[-0.9882138878692419, 0.1342024412094224, -0.07364113385730094], [0.13859973395322325, 0.5801746818142468, -0.8026128907074901], [-0.06498788787499658, -0.8033598467406553, -0.5919371006064562]], "T": [-0.04626936054064541, -0.12633986741325096, 0.01277731471773165], "aligned_model": [[0.24945477197175098, -0.21254130263004534, -0.26597464374279234, 0.39903735570877397, -0.2832240231958616, -0.5905504101688587, -0.5783737497296354, 0.43398592783340045, 0.07913699605033502, 0.5381855057838524, -0.08188966214654186], [0.21276485445711182, 0.802258840230079, -0.8992889510298148, -0.4718096774532071, -0.2904145091803757, 0.13912526866442185, 0.2822426642427004, 0.39277208970980293, 0.005269576466863185, -0.31547248835468544, -0.12201009544241262], [-0.5344299445305073, -0.06884003210859728, -0.06863379885354369, -0.5626379999902962, -0.5346926787763809, 0.32107546019988975, -0.4757015142619224, 0.17099274195411496, 0.59269853733, 0.1732293375053765, -0.04676009433143555]], "inverted": true, "swapped": false, "error_lsq": 0.04141786337670889, "error_max": 0.2310031170772394, "target": "244.xyz", "model": "0.xyz", "model_rescale": 3.751011558992144, "target_rescale": 3.7424810417977104},
{"mapping": [0, 2, 11, 6, 7, 13, 3, 8, 5, 4, 14], "R": [[0.3606409064954451, 0.9300830255364008, 0.06988348997580873], [0.6328906908791725, -0.29906317731917303, 0.7141502568579284], [0.6851186101403376, -0.2133231857553609, -0.6964953039745182]], "T": [0.009165265261265081, -0.1079812745031945, -0.03726581192550555], "aligned_model": [[0.032840948045494464, -0.1691361549582274, -0.2601899760845317, 0.2388746419027779, -0.11108061753988298, -0.6015783959363029, -0.5395443325141995, 0.4609788758792673, -0.09221284940616538, 0.7651318110833191, -0.036837184737170986], [0.3767343208182417, 0.6900506014336855, -0.8581496733840412, -0.6961466913894961, -0.28737098900112235, 0.17068003977474633, 0.2807762410004576, 0.3094163207220486, 0.14577803954723872, -0.2589330359050378, -0.13739760130623738], [-0.6203565185881754, 0.0855829997272115, -0.07502976572765013, -0.44349332198861235, -0.6641926671478425, 0.2399385360426673, -0.3994691539328521, 0.21185656944634426, 0.5243521502113472, 0.13965823176941328, -0.03254704567515354]], "inverted": true, "swapped": false, "error_lsq": 0.05187446588085943, "error_max": 0.2300988821781978, "target": "244.xyz", "model": "1.xyz", "model_rescale": 3.9405287249114394, "target_rescale": 3.7424810417977104},
{"mapping": [2, 1, 11, 9, 5, 6, 0, 4, 3, 8, 12], "R": [[0.1653711779523691, -0.7594127735893548, -0.6292412993534114], [0.475635042496575, 0.6203354693956366, -0.623662738793153], [0.8639581470487602, -0.19615337039933553, 0.4637889341382068]], "T": [-0.04284368352852995, 0.001512786921341422, 0.020490398146859948], "aligned_model": [[0.08140352094124474, -0.10671831209821346, -0.38579739168390764, 0.3559565112643481, -0.2097929976220524, -0.5473335370857815, -0.7384394367493209, 0.47803572217948387, 0.07381390970451153, 0.6829430889035946, 0.00317568798047084], [0.2486548869544269, 0.778574924340347, -0.6033924984879437, -0.6464559083315596, -0.23036312185861885, -0.05884772905454334, 0.2239448221246203, 0.3816784377678927, -0.1384992001038522, -0.26447251207787575, 0.04461547103758972], [-0.6021274959858843, -0.11850887801369119, -0.13470830926905214, -0.24685971256094374, -0.6476695900505168, 0.21336934764195536, -0.39133544622477084, 0.29590725403715346, 0.5623273920843562, 0.07683888338487661, -0.04093343090678535]], "inverted": false, "swapped": false, "error_lsq": 0.04973780773693333, "error_max": 0.3135452024461085, "target": "244.xyz", "model": "2.xyz", "model_rescale": 3.932901565614263, "target_rescale": 3.7424810417977104},
{"mapping": [9, 7, 1, 10, 6, 0, 4, 8, 3, 11, 13], "R": [[-0.2848252204240092, -0.4615975973338936, -0.8401203794373705], [0.9241305260729019, 0.100617264196531, -0.3685904731891851], [0.2546710909990305, -0.8813647509863225, 0.39791809600492084]], "T": [-0.043933967137632965, -0.020923523796222004, -0.10709596636667142], "aligned_model": [[0.37335442967854937, -0.1698083309074599, -0.29139418638474324, 0.27914899555455164, -0.25486767412083455, -0.6020369249487527, -0.8363051519043764, 0.4980467273050443, -0.011369813088929412, 0.7175419203179149, -0.01506322576658619], [0.4788612969285948, 0.6818450638060284, -0.6827783820065099, -0.5770278225524869, -0.31140759897575465, -0.07224378110893298, 0.26163404644807375, 0.33796334878940004, 0.046618178444652936, -0.3880461237787808, -0.03998065368380128], [-0.4475052292319589, -0.10328753201357585, 0.11534550338608253, -0.4225493677179263, -0.6883172959883355, 0.26010649660824314, -0.3427557414381985, 0.23384957924003358, 0.3979418266852113, 0.18114727774021222, -0.2176755031330901]], "inverted": true, "swapped": false, "error_lsq": 0.04463196386015344, "error_max": 0.24278949681774464, "target": "244.xyz", "model": "3.xyz", "model_rescale": 3.9243930471874484, "target_rescale": 3.7424810417977104},
{"mapping": [0, 2, 9, 5, 1, 8, 7, 3, 10, 6, 12], "R": [[-0.21586412814088798, -0.9248929129372416, 0.3130108269380438], [0.890967855394674, -0.3177275401581721, -0.32438478829694245], [0.3994733518463896, 0.2088595456844164, 0.8926358335520201]], "T": [-0.06128045229003608, -0.12491998977166824, 0.049970428338223016], "aligned_model": [[0.2901179144262521, -0.06802481655712557, -0.4496164815205305, 0.4266912542887289, -0.28490732265506175, -0.6280092631215137, -0.6229786498690171, 0.3868565358623023, -0.00817099963903585, 0.6434306963424626, 0.0018578981769162284], [0.2596387317515193, 0.706646225001273, -0.7127965475267568, -0.34533697367770866, -0.20191863084707803, -0.1608838305514934, 0.33339608112233377, 0.3674962020723607, -0.13246860417582307, -0.24363038043395197, -0.13470470042419105], [-0.6223063977759666, -0.3496126472698574, 0.014142045449861695, -0.48568157302017284, -0.6239899058846219, 0.32174501516732634, -0.2926084281444627, 0.1482196228603627, 0.752999676647709, 0.15392500918285285, -0.05053240307633379]], "inverted": false, "swapped": false, "error_lsq": 0.05141724720441984, "error_max": 0.3061307217098311, "target": "244.xyz", "model": "4.xyz", "model_rescale": 3.8936222436046832, "target_rescale": 3.7424810417977104},
{"mapping": [1, 4, 8, 9, 3, 10, 2, 5, 7, 6, 11], "R": [[0.375330851914047, 0.6579874805090487, -0.6528240399179785], [0.9266158329500565, -0.24920555281939327, 0.28156649404759404], [0.022579852252592902, -0.7105976835997534, -0.7032361497640149]], "T": [-0.06422511097427296, -0.11225790171003448, -0.13038689518467178], "aligned_model": [[0.3995062235259116, -0.23370934304633217, -0.31528795648739694, 0.2429589407734073, -0.46009945975398064, -0.6109428728727772, -0.5023711374473459, 0.42932362942291014, 0.031208667228919004, 0.6906524970676889, 0.01600757732337353], [0.29961091689823915, 0.6372545264356947, -0.7839948889136731, -0.5648536791552751, -0.36121190502309247, 0.0009630284796717237, 0.36252496323906414, 0.44928912937740184, -0.1748908406110986, -0.164144450488297, 0.03489077207184833], [-0.6387431608310699, 0.06993987297397541, 0.047376132344271404, -0.4181905859391067, -0.464433952549099, 0.16583617832030145, -0.5042421553599244, 0.1830543748741753, 0.5073568122170828, 0.1187640852276933, -0.10041758714160193]], "inverted": true, "swapped": false, "error_lsq": 0.05103164606321908, "error_max": 0.28950262653313114, "target": "244.xyz", "model": "5.xyz", "model_rescale": 3.6523030999806103, "target_rescale": 3.7424810417977104},
{"mapping": [10, 9, 3, 2, 4, 7, 11, 8, 5, 1, 12], "R": [[-0.7178036607605249, 0.5018617624077036, 0.48258955234424966], [-0.5170664967785267, 0.07992856456885189, -0.8522051762780749], [-0.46626188189468293, -0.8612468844640291, 0.20212288710839266]], "T": [0.07372990412871315, -0.005554937836818916, -0.06133178783552747], "aligned_model": [[0.185937646102181, -0.16288936377834184, -0.31828576996692237, 0.3643759762551179, -0.12597080217536744, -0.5497081824454529, -0.7158584032899016, 0.40789415345695496, 0.077777760168935, 0.5085762721987594, 0.015397479208416089], [0.38429342519445026, 0.6764065163046755, -0.575043126683111, -0.5309827043458686, -0.21993282528558927, -0.010769653517943581, 0.15820070937137276, 0.4489009473975413, -0.02636178744796204, -0.5129513535095412, -0.05632257516754045], [-0.7277406099185252, -0.10136642659984427, 0.006841645229663719, -0.5257261861091526, -0.5545795462709522, 0.21816028476455815, -0.41389865516172997, 0.30678124577403865, 0.6194429325070254, 0.1279626376825164, 0.010422692239099342]], "inverted": false, "swapped": false, "error_lsq": 0.04218597356957532, "error_max": 0.23909966737457733, "target": "244.xyz", "model": "6.xyz", "model_rescale": 4.08911054899281, "target_rescale": 3.7424810417977104},
{"mapping": [4, 8, 1, 7, 6, 9, 3, 10, 11, 12, 14], "R": [[0.18507547065713692, 0.9473416067392002, 0.2613253724800361], [-0.982273491641789, 0.18638382445106638, 0.019996439704155877], [-0.02976336303053001, -0.26039383657026993, 0.9650436218624152]], "T": [0.030088961059669957, -0.12780203517779135, -0.12906654331572867], "aligned_model": [[0.09423081525331616, -0.15030477871675868, -0.4577310745380814, 0.4233166747084536, -0.15874271540691723, -0.6103069591055528, -0.5557024163888322, 0.43594023234564194, 0.09587958231772663, 0.6561694186532553, -0.08550201338787342], [0.4094413249561448, 0.5177207964374554, -0.5773791063254681, -0.5629584358869035, -0.23972526183307608, 0.09655027282357753, 0.21494698761938577, 0.35411974502775867, -0.11643854667605866, -0.2516605649553139, -0.10917963887701851], [-0.5808462288205701, -0.0029422165667166433, 0.1837562960407997, -0.6343385855641509, -0.577350778763913, 0.26351009281788906, -0.536280253478267, 0.22066341230868866, 0.45409169270662786, 0.18824126187026777, -0.012204678413957337]], "inverted": false, "swapped": false, "error_lsq": 0.049436484237237455, "error_max": 0.24901885584530215, "target": "244.xyz", "model": "7.xyz", "model_rescale": 3.964800864290218, "target_rescale": 3.7424810417977104},
{"mapping": [10, 5, 2, 11, 6, 0, 3, 8, 1, 12, 13], "R": [[0.5465263889250687, 0.05775254091001904, 0.8354481134259394], [-0.4655840903649, -0.8082759984153673, 0.36044606418260405], [0.6960893340711473, -0.58596463579646, -0.41485549844290226]], "T": [-0.022521150584995455, -0.11601201690983205, -0.06555160485835441], "aligned_model": [[0.2535769923748986, -0.01818795776625445, -0.2603808063959946, 0.37882802346819056, -0.2842639017285312, -0.7169269718560732, -0.6091867631685026, 0.4951909109931559, -0.2121385729001787, 0.6320225150289113, 0.028713297684756663], [0.4647772334603361, 0.7200280357153975, -0.6247145468354907, -0.42096494231100584, -0.34426672803661557, -0.18127840069668277, 0.192161667935564, 0.37034607299996897, 0.09182517865472294, -0.47505213335217533, -0.05742386522353592], [-0.5770080302904607, -0.07498435709615038, 0.2855228145156572, -0.7236214174692747, -0.5301980750384045, 0.09785043630077796, -0.36019568622303366, 0.22853615599386334, 0.6301270741787433, 0.04993745037350848, -0.059666351108528595]], "inverted": false, "swapped": false, "error_lsq": 0.05058083250595366, "error_max": 0.248329206813346, "target": "244.xyz", "model": "8.xyz", "model_rescale": 4.121658175737393, "target_rescale": 3.7424810417977104},
{"mapping": [5, 0, 8, 7, 11, 2, 3, 4, 1, 9, 12], "R": [[-0.5135129997770039, -0.6042926812777188, 0.6092083013339594], [-0.8580792567816954, 0.3599004085624512, -0.3662945331253994], [0.00209478900998894, -0.7108460109410238, -0.7033445532512764]], "T": [-0.02883943379289161, -0.07646667660480924, -0.15277311424274795], "aligned_model": [[0.3674031896773063, -0.11005846211644427, -0.32046627708507464, 0.28569639007073677, -0.33594727758492476, -0.616741745742853, -0.7444499318159181, 0.5388816422567972, -0.09186245378603941, 0.7463731896741956, -0.031581497813403886], [0.28314556816494707, 0.6866729016675293, -0.7245011035469311, -0.5244326355557923, -0.35305906546956556, -0.030092373433674408, 0.14920828124395236, 0.40790474569349955, 0.19787324955114524, -0.3161843814251621, -0.04109761457946445], [-0.4616237626683072, 0.019985956820897294, 0.0070971565912376355, -0.5472406356443963, -0.6346584712074514, 0.21406028999978785, -0.3970197518638576, 0.3280647199471395, 0.4762717327921988, 0.033695723496658864, -0.07233294412720961]], "inverted": false, "swapped": false, "error_lsq": 0.0440940717500334, "error_max": 0.2931508246957809, "target": "244.xyz", "model": "9.xyz", "model_rescale": 3.833441315466971, "target_rescale": 3.7424810417977104},
{"mapping": [5, 4, 8, 13, 2, 7, 3, 1, 12, 0, 14], "R": [[0.06723793700381842, -0.995483751013756, -0.06701612712663527], [-0.4808700086205101, 0.026519375084358976, -0.8763907562009344], [0.8742099831486605, 0.0911527520852656, -0.47691517186025967]], "T": [-0.05948787616247751, -0.05395894185274351, 0.07440721994131183], "aligned_model": [[0.3018797839085327, -0.179623892515765, -0.36457907809887163, 0.3668287166772608, -0.18926734738963796, -0.7067688322728832, -0.7015691760962427, 0.5749112794462107, 0.1278831363258084, 0.5940013331579612, -0.1364491574079955], [0.18046109267310023, 0.6769735582323095, -0.768595111043418, -0.39141150287416904, -0.2062869149025892, -0.04160607024396561, 0.26044460753419924, 0.28679791924372877, 0.04256357048855659, -0.24180420656042562, -0.06209937023684345], [-0.44702912625514946, -0.22091903690764392, 0.012975415782357502, -0.5087449670084181, -0.6159577070372817, 0.2318516456972986, -0.41874981605826794, 0.23881952450665778, 0.6388499235005048, 0.035820026051172786, 0.01938413186546733]], "inverted": false, "swapped": false, "error_lsq": 0.04394809035591108, "error_max": 0.23461322796917353, "target": "244.xyz", "model": "10.xyz", "model_rescale": 4.2482417240324, "target_rescale": 3.7424810417977104},
{"mapping": [1, 2, 9, 10, 8, 7, 3, 6, 5, 4, 11], "R": [[-0.9127457260965824, 0.003482710917287052, 0.40851329258310487], [0.3553975748535596, -0.48635919600214467, 0.7982150689208745], [0.2014641488717815, 0.873752026142895, 0.44268453048480766]], "T": [0.034003274520041246, 0.0309117572039105, -0.16487034816792517], "aligned_model": [[0.1695033791763737, -0.14310198954953124, -0.17351221767358277, 0.17114236087956874, -0.2811603692740504, -0.5603525022995458, -0.6766674940339039, 0.4906520593172303, 0.03806738043458702, 0.5984963431416572, 0.05417981561557501], [0.41237753592536225, 0.734915295295356, -0.7287650366061769, -0.5431344224850566, -0.17952633951282723, -0.12774126923059864, 0.3094929775437338, 0.3379803832173895, -0.04783344703366997, -0.3642257240755661, -0.06810238072746276], [-0.7438955074319775, -0.020752236265738522, 0.07831557162384678, -0.423068367353721, -0.6478253295435001, 0.11819620665568537, -0.43948132545882895, 0.1781498908915523, 0.5821027746244731, 0.3746234206547638, -0.09006508425985761]], "inverted": false, "swapped": false, "error_lsq": 0.04563237626753858, "error_max": 0.266924960543141, "target": "244.xyz", "model": "11.xyz", "model_rescale": 3.6694154284099745, "target_rescale": 3.7424810417977104},
{"mapping": [12, 5, 8, 2, 10, 11, 7, 0, 4, 1, 13], "R": [[0.23653072656531898, -0.2307916076075257, 0.9438158979633774], [0.45679199060457154, 0.8837494836480773, 0.10162641128796143], [-0.8575513353205132, 0.40708977389476486, 0.314457665322876]], "T": [-0.11347969225953075, 0.0005275702254585353, -0.07484754744510783], "aligned_model": [[0.3052016925779017, -0.1134084493476747, -0.317477219564518, 0.2188348044758554, -0.24468590554055691, -0.6555415379902569, -0.6311347826959635, 0.36312020908099235, 0.0980894947402271, 0.6791226480349024, -0.014874188036530692], [0.18068180839972933, 0.7849179969591892, -0.7264912000927749, -0.5066526142676268, -0.17027443092025277, -0.19784793914684268, 0.3369549994142546, 0.42001586067712937, -0.15167282356228998, -0.26914252691416757, 0.03494844176413554], [-0.5788503735532029, -0.24602711938523467, -0.02558734272055878, -0.31702291594773613, -0.6724597907178813, 0.3854184208725082, -0.4883872803659125, 0.25320728431567663, 0.617793895866948, 0.049784161883033584, -0.011568926110942304]], "inverted": true, "swapped": false, "error_lsq": 0.05291382931598199, "error_max": 0.2768663929880938, "target": "244.xyz", "model": "12.xyz", "model_rescale": 3.9764082729961374, "target_rescale": 3.7424810417977104},
{"mapping": [9, 1, 3, 4, 7, 8, 2, 13, 11, 6, 15], "R": [[-0.9864471582185466, -0.12773631531313973, -0.10298270628011186], [-0.13251554120223852, 0.9903343428277256, 0.04095754821586099], [0.09675554445318091, 0.05404926610231538, -0.9938395451235424]], "T": [0.10708829987580298, 0.07661118050646595, -0.11212823995112228], "aligned_model": [[0.21203205539505224, -0.24620979528765563, -0.33656107763193455, 0.31083552195297565, -0.31685273039611517, -0.5429511949776185, -0.5945393200892131, 0.49004312099313946, -0.14447945187944333, 0.7532665961160137, 0.10266304153917741], [0.4662271934016645, 0.6033549754018434, -0.5680720617448586, -0.4290647265169285, -0.3866579690302583, 0.0397640936179655, 0.21770576344910345, 0.17096098195033937, -0.03809371833699483, -0.31005476138044075, -0.03063219850095167], [-0.5578695294799101, -0.14443936425969128, 0.19771396877927053, -0.5797206568390894, -0.5324726188388325, 0.16308764615847118, -0.4643646881966008, 0.355765194644181, 0.6322514690734673, 0.01671998297818822, -0.12037138988275692]], "inverted": true, "swapped": false, "error_lsq": 0.04523458431729544, "error_max": 0.23305867059435922, "target": "244.xyz", "model": "13.xyz", "model_rescale": 4.170626492500431, "target_rescale": 3.7424810417977104},
{"mapping": [3, 6, 8, 1, 0, 4, 2, 11, 12, 9, 13], "R": [[0.3881217256871743, 0.5132509209837863, -0.7654639234862117], [0.8865799923205671, -0.43474292341370524, 0.15803324890214931], [-0.2516693133190324, -0.7399811366859296, -0.6237711712499434]], "T": [-0.05557221376870064, -0.08443618220012201, -0.0858925060543082], "aligned_model": [[0.27075683232877185, -0.09043885418595475, -0.40051762628067866, 0.3596867893626344, -0.26931813820025946, -0.7187679538525937, -0.48857141731608017, 0.46224999931293304, -0.1595512381111392, 0.7394824884240874, -0.01776411574734281], [0.34686318333880034, 0.7514065284242222, -0.6213761057696118, -0.42180601135158613, -0.40945613059813374, -0.04394863717941464, 0.1822332774764125, 0.3143255337104665, -0.11810829118144425, -0.2399756826430382, -0.004720091916189606], [-0.5136352036994232, 0.0015177193901438069, 0.29392912796494486, -0.6377584577056381, -0.5381458857654327, 0.16229149751117994, -0.5034224525725244, 0.1833822619697822, 0.6378206089019687, -0.08450586010681815, -0.03517334175148535]], "inverted": true, "swapped": false, "error_lsq": 0.046549085712684436, "error_max": 0.2458088049247202, "target": "244.xyz", "model": "14.xyz", "model_rescale": 3.9786697098870705, "target_rescale": 3.7424810417977104},
{"mapping": [8, 7, 0, 3, 9, 1, 6, 5, 4, 2, 11], "R": [[-0.9326067729705521, -0.3314904741620837, 0.14268382020835554], [0.10979176593414296, -0.637225439598559, -0.7628168241861776], [0.34378827080416197, -0.6957426281810107, 0.6306756854273551]], "T": [-0.10361448850297256, 0.046539882361479504, -0.044443430361699746], "aligned_model": [[0.35768866139165956, -0.1789922562633113, -0.17555973755463317, 0.3169285437131403, -0.21623095915580198, -0.7035017579413239, -0.7752922253035763, 0.5512110152640455, 0.08521018136224942, 0.6056348487615577, -0.17984954853962817], [0.13297850455732935, 0.692524536440386, -0.639745748945627, -0.5418061436040849, -0.16083067009108626, -0.05415215075392525, 0.22838893793364168, 0.45653162891567667, -0.008289843185331588, -0.41216667956939007, 0.04200520061289487], [-0.2723817871868912, -0.16233331208494378, 0.04297224031034945, -0.6120187505507143, -0.6204028495593048, 0.2566686250682138, -0.42277612743908355, 0.17411986734323892, 0.5354304139681673, 0.15655677834072695, -0.10953508407306105]], "inverted": true, "swapped": false, "error_lsq": 0.0544512814637605, "error_max": 0.4100824581260834, "target": "244.xyz", "model": "15.xyz", "model_rescale": 3.769337070930944, "target_rescale": 3.7424810417977104},
{"mapping": [2, 6, 1, 3, 0, 5, 4, 8, 7, 9, 10], "R": [[0.4471440026382602, -0.5047979564814044, -0.7384045395559494], [-0.7854857076497863, -0.6165025333489196, -0.05419252210663894], [-0.4278719948565807, 0.6042380735327446, -0.6721769904652253]], "T": [-0.04176106875053849, -0.05067273991383897, -0.042590724665058664], "aligned_model": [[0.2450139618941944, -0.13920961206496385, -0.3065471785803267, 0.4443523635952011, -0.3501110648349403, -0.6683336431008224, -0.5847651310440366, 0.5426603496255565, -0.17008349887937874, 0.7003237719703965, -0.026053552846502244], [0.2527618285558987, 0.6718237352075769, -0.7813991992319065, -0.33363195427106557, -0.2972059156414374, -0.010451888274765994, 0.36397223079338364, 0.4030361563117635, -0.14595422426069182, -0.3478025071708034, -0.03971068970746874], [-0.6526836706018176, -0.03949971472068172, 0.1499075976499634, -0.44641154213250855, -0.5540707221256305, 0.19371419209261576, -0.4184213529239178, 0.07612555465522036, 0.6542530846994986, 0.10506994543464751, -0.10168335789069163]], "inverted": true, "swapped": false, "error_lsq": 0.03680456497845909, "error_max": 0.2198594512550744, "target": "244.xyz", "model": "16.xyz", "model_rescale": 3.7852294659196426, "target_rescale": 3.7424810417977104},
{"mapping": [11, 10, 3, 2, 8, 0, 9, 5, 4, 1, 12], "R": [[-0.4317911984650183, -0.08804656146359789, 0.8976659534273206], [-0.19549034725249514, 0.9807032528612889, 0.002157303498824467], [-0.8805338636641082, -0.1745535242890388, -0.4406712857664246]], "T": [0.061647776761389356, -0.017494579760441022, -0.11408103684781885], "aligned_model": [[0.1509432747011132, -0.17009588191511213, -0.12822644685418866, 0.3922259535562381, -0.35605727005067433, -0.5320696069438992, -0.6597169247276755, 0.48837128793220597, -0.026574334005998207, 0.5104557531724723, 0.017990960869896384], [0.22278518556467533, 0.7470195411536125, -0.7709861005750297, -0.40904538381348704, -0.20829445502633204, -0.13070314238264458, 0.3290861300173516, 0.19538907224130506, 0.12351990851592051, -0.41739183732663265, 0.05405865394174461], [-0.8012666179365648, -0.00887594730657379, 0.0553110480601126, -0.4479867988566166, -0.5759509457168873, 0.20282690778892176, -0.44084787201833525, 0.33846355353508734, 0.5744815662301417, 0.22193642988255452, -0.15179130952514244]], "inverted": false, "swapped": false, "error_lsq": 0.052061977955267895, "error_max": 0.24926331471339627, "target": "244.xyz", "model": "17.xyz", "model_rescale": 3.901054581598922, "target_rescale": 3.7424810417977104},
{"mapping": [0, 2, 11, 6, 7, 13, 3, 8, 5, 4, 14], "R": [[0.3606409064954451, 0.9300830255364008, 0.06988348997580873], [0.6328906908791725, -0.29906317731917303, 0.7141502568579284], [0.6851186101403376, -0.2133231857553609, -0.6964953039745182]], "T": [0.009165265261265081, -0.1079812745031945, -0.03726581192550555], "aligned_model": [[0.032840948045494464, -0.1691361549582274, -0.2601899760845317, 0.2388746419027779, -0.11108061753988298, -0.6015783959363029, -0.5395443325141995, 0.4609788758792673, -0.09221284940616538, 0.7651318110833191, -0.036837184737170986], [0.3767343208182417, 0.6900506014336855, -0.8581496733840412, -0.6961466913894961, -0.28737098900112235, 0.17068003977474633, 0.2807762410004576, 0.3094163207220486, 0.14577803954723872, -0.2589330359050378, -0.13739760130623738], [-0.6203565185881754, 0.0855829997272115, -0.07502976572765013, -0.44349332198861235, -0.6641926671478425, 0.2399385360426673, -0.3994691539328521, 0.21185656944634426, 0.5243521502113472, 0.13965823176941328, -0.03254704567515354]], "inverted": true, "swapped": false, "error_lsq": 0.05187446588085943, "error_max": 0.2300988821781978, "target": "244.xyz", "model": "18.xyz", "model_rescale": 3.9405287249114394, "target_rescale": 3.7424810417977104},
{"mapping": [4, 7, 10, 1, 12, 11, 13, 8, 5, 6, 15], "R": [[-0.3741438594728489, -0.4245173763685671, -0.824500678944481], [-0.6148909507250343, 0.779100154962048, -0.12211497555409384], [0.6942085357694942, 0.4612894380963667, -0.5525274320479606]], "T": [-0.07502931764554141, -0.06080624639574218, -0.20189114548315126], "aligned_model": [[0.2123351332707609, -0.06021285091745905, -0.4293956934871198, 0.3880612109229331, -0.14700084773543567, -0.6351166310843429, -0.6735973545134109, 0.46085696802840104, 0.10330066683937031, 0.5436882481622343, -0.07567208375155349], [0.4123764342111912, 0.6380436110388065, -0.6960109434116045, -0.5048063115883161, -0.16457449736216445, -0.11220528331108705, 0.22866779478258759, 0.2957069852219835, -0.036248860822245585, -0.23475813075843582, -0.09075322569023157], [-0.6795781264019194, -0.11813615746005092, 0.0961751248468177, -0.3565860983374697, -0.7349871135388869, 0.2485237102097946, -0.29807290100881634, 0.1955964141259878, 0.6098095346978337, 0.1791767897722165, -0.1756211627688093]], "inverted": false, "swapped": false, "error_lsq": 0.045288740488002494, "error_max": 0.20217394202749311, "target": "244.xyz", "model": "19.xyz", "model_rescale": 4.410303926677745, "target_rescale": 3.7424810417977104},
{"mapping": [10, 5, 2, 11, 6, 0, 3, 8, 1, 12, 13], "R": [[0.5465263889250687, 0.05775254091001904, 0.8354481134259394], [-0.4655840903649, -0.8082759984153673, 0.36044606418260405], [0.6960893340711473, -0.58596463579646, -0.41485549844290226]], "T": [-0.022521150584995455, -0.11601201690983205, -0.06555160485835441], "aligned_model": [[0.2535769923748986, -0.01818795776625445, -0.2603808063959946, 0.37882802346819056, -0.2842639017285312, -0.7169269718560732, -0.6091867631685026, 0.4951909109931559, -0.2121385729001787, 0.6320225150289113, 0.028713297684756663], [0.4647772334603361, 0.7200280357153975, -0.6247145468354907, -0.42096494231100584, -0.34426672803661557, -0.18127840069668277, 0.192161667935564, 0.37034607299996897, 0.09182517865472294, -0.47505213335217533, -0.05742386522353592], [-0.5770080302904607, -0.07498435709615038, 0.2855228145156572, -0.7236214174692747, -0.5301980750384045, 0.09785043630077796, -0.36019568622303366, 0.22853615599386334, 0.6301270741787433, 0.04993745037350848, -0.059666351108528595]], "inverted": false, "swapped": false, "error_lsq": 0.05058083250595366, "error_max": 0.248329206813346, "target": "244.xyz", "model": "20.xyz", "model_rescale": 4.121658175737393, "target_rescale": 3.7424810417977104},
{"mapping": [10, 9, 3, 2, 4, 7, 11, 8, 5, 1, 12], "R": [[-0.7178036607605249, 0.5018617624077036, 0.48258955234424966], [-0.5170664967785267, 0.07992856456885189, -0.8522051762780749], [-0.46626188189468293, -0.8612468844640291, 0.20212288710839266]], "T": [0.07372990412871315, -0.005554937836818916, -0.06133178783552747], "aligned_model": [[0.185937646102181, -0.16288936377834184, -0.31828576996692237, 0.3643759762551179, -0.12597080217536744, -0.5497081824454529, -0.7158584032899016, 0.40789415345695496, 0.077777760168935, 0.5085762721987594, 0.015397479208416089], [0.38429342519445026, 0.6764065163046755, -0.575043126683111, -0.5309827043458686, -0.21993282528558927, -0.010769653517943581, 0.15820070937137276, 0.4489009473975413, -0.02636178744796204, -0.5129513535095412, -0.05632257516754045], [-0.7277406099185252, -0.10136642659984427, 0.006841645229663719, -0.5257261861091526, -0.5545795462709522, 0.21816028476455815, -0.41389865516172997, 0.30678124577403865, 0.6194429325070254, 0.1279626376825164, 0.010422692239099342]], "inverted": false, "swapped": false, "error_lsq": 0.04218597356957532, "error_max": 0.23909966737457733, "target": "244.xyz", "model": "21.xyz", "model_rescale": 4.08911054899281, "target_rescale": 3.7424810417977104},
{"mapping": [15, 14, 0, 1, 2, 13, 3, 5, 7, 8, 16], "R": [[-0.7538252168508977, 0.6568011739248141, 0.01896735012287759], [0.549975169919336, 0.614897163407228, 0.5651803171607648], [0.35954812600247976, 0.43647874675032167, -0.8247493247789742]], "T": [0.05061340974107373, 0.031973267374391975, -0.005114141100560493], "aligned_model": [[0.20952637626082682, -0.21719551070884088, -0.20772713591255818, 0.3538041222873044, -0.1922749815432157, -0.5778101277492413, -0.7193389661055611, 0.6251010423700729, -0.2472633043711219, 0.647062045035327, 0.013363206171386081], [0.29638651232920904, 0.5731455709947517, -0.6840852739455957, -0.5152510405994452, -0.16238065193060613, 0.05393146206997579, 0.30228825985642815, 0.30538685781076785, -0.11996541646222285, -0.3183683054797886, 0.004349597667009226], [-0.6656739967219336, -0.22244684887541025, 0.13841190550196306, -0.4936009166168518, -0.6566397452047807, 0.1981877556985291, -0.3024051888333117, 0.2997432394385793, 0.6225643494924757, 0.042549533178234206, 0.005609927079204196]], "inverted": false, "swapped": false, "error_lsq": 0.04140661024665738, "error_max": 0.23966479379054995, "target": "244.xyz", "model": "22.xyz", "model_rescale": 4.204369325754507, "target_rescale": 3.7424810417977104},
{"mapping": [4, 7, 10, 1, 12, 11, 13, 8, 5, 6, 15], "R": [[-0.3741438594728489, -0.4245173763685671, -0.824500678944481], [-0.6148909507250343, 0.779100154962048, -0.12211497555409384], [0.6942085357694942, 0.4612894380963667, -0.5525274320479606]], "T": [-0.07502931764554141, -0.06080624639574218, -0.20189114548315126], "aligned_model": [[0.2123351332707609, -0.06021285091745905, -0.4293956934871198, 0.3880612109229331, -0.14700084773543567, -0.6351166310843429, -0.6735973545134109, 0.46085696802840104, 0.10330066683937031, 0.5436882481622343, -0.07567208375155349], [0.4123764342111912, 0.6380436110388065, -0.6960109434116045, -0.5048063115883161, -0.16457449736216445, -0.11220528331108705, 0.22866779478258759, 0.2957069852219835, -0.036248860822245585, -0.23475813075843582, -0.09075322569023157], [-0.6795781264019194, -0.11813615746005092, 0.0961751248468177, -0.3565860983374697, -0.7349871135388869, 0.2485237102097946, -0.29807290100881634, 0.1955964141259878, 0.6098095346978337, 0.1791767897722165, -0.1756211627688093]], "inverted": false, "swapped": false, "error_lsq": 0.045288740488002494, "error_max": 0.20217394202749311, "target": "244.xyz", "model": "23.xyz", "model_rescale": 4.410303926677745, "target_rescale": 3.7424810417977104},
{"mapping": [4, 3, 13, 15, 5, 7, 0, 10, 11, 9, 16], "R": [[0.2594062059768721, -0.5932575645024885, 0.7620720979416977], [0.11351512423792294, -0.7648843569197198, -0.6340869318230394], [0.959073895416789, 0.25099279411983655, -0.13107204290001656]], "T": [-0.03834674017490178, -0.11357093392557947, -0.06629306053072306], "aligned_model": [[0.21803830623384987, -0.14465624165035232, -0.45265414483638367, 0.41738694794215103, -0.09172973105860385, -0.5863533243435722, -0.6586651280803663, 0.40478271988465864, 0.09881016343937488, 0.5501500938442077, -0.06786289564058604], [0.3228935612904702, 0.7648635581085358, -0.6669931892636586, -0.5645629945885464, -0.18401831269254365, -0.0842981628089831, 0.24659563468539436, 0.31347384670489564, -0.1715189532712072, -0.24383948401004418, 0.002842068156170649], [-0.5328226152053778, -0.22847233705786898, 0.061220882112103664, -0.37970518149758814, -0.6890204941139136, 0.30889060817200586, -0.3026634300094924, 0.14596381977992035, 0.5489723272944216, 0.10435735651172107, -0.07042092184923414]], "inverted": false, "swapped": false, "error_lsq": 0.044590340885277704, "error_max": 0.20206077964312938, "target": "244.xyz", "model": "24.xyz", "model_rescale": 4.28219845311461, "target_rescale": 3.7424810417977104},
{"mapping": [14, 6, 9, 12, 11, 1, 8, 2, 4, 13, 15], "R": [[-0.7224324046748578, -0.6507112476642647, -0.23380823945900317], [0.526365254769239, -0.7368319078631322, 0.4242857034198665], [-0.4483648505931488, 0.1834492074607923, 0.8748230386967358]], "T": [-0.08774354909214503, -0.10582096531861247, -0.015648200123282913], "aligned_model": [[0.33643500138542975, -0.16678684885107792, -0.22220515741164543, 0.35223748803219074, -0.13710751763299983, -0.6514481863178281, -0.6189153470490526, 0.41496874572380665, 0.0003862036689505216, 0.46811377519378156, -0.08843139100717791], [0.22180453206598366, 0.7726203202728666, -0.763202999487858, -0.47363499203279275, -0.2673105356958906, 0.03218525682592761, 0.25390802291737163, 0.3414571133877952, -0.03146031176197116, -0.3033458268486229, -0.04758300733232618], [-0.5568309009488623, -0.20082433112463663, -0.09715047566518406, -0.5211671700505431, -0.5332980707094293, 0.25466414414964167, -0.28097372284351674, 0.11085355218672907, 0.706399037186444, 0.05451604327921458, 0.030111908676840188]], "inverted": true, "swapped": false, "error_lsq": 0.04294077727300253, "error_max": 0.22506499376659359, "target": "244.xyz", "model": "25.xyz", "model_rescale": 4.100010024507729, "target_rescale": 3.7424810417977104},
{"mapping": [1, 2, 9, 10, 8, 7, 3, 6, 5, 4, 11], "R": [[-0.9127457260965824, 0.003482710917287052, 0.40851329258310487], [0.3553975748535596, -0.48635919600214467, 0.7982150689208745], [0.2014641488717815, 0.873752026142895, 0.44268453048480766]], "T": [0.034003274520041246, 0.0309117572039105, -0.16487034816792517], "aligned_model": [[0.1695033791763737, -0.14310198954953124, -0.17351221767358277, 0.17114236087956874, -0.2811603692740504, -0.5603525022995458, -0.6766674940339039, 0.4906520593172303, 0.03806738043458702, 0.5984963431416572, 0.05417981561557501], [0.41237753592536225, 0.734915295295356, -0.7287650366061769, -0.5431344224850566, -0.17952633951282723, -0.12774126923059864, 0.3094929775437338, 0.3379803832173895, -0.04783344703366997, -0.3642257240755661, -0.06810238072746276], [-0.7438955074319775, -0.020752236265738522, 0.07831557162384678, -0.423068367353721, -0.6478253295435001, 0.11819620665568537, -0.43948132545882895, 0.1781498908915523, 0.5821027746244731, 0.3746234206547638, -0.09006508425985761]], "inverted": false, "swapped": false, "error_lsq": 0.04563237626753858, "error_max": 0.266924960543141, "target": "244.xyz", "model": "26.xyz", "model_rescale": 3.6694154284099745, "target_rescale": 3.7424810417977104},
{"mapping": [6, 9, 4, 0, 2, 10, 11, 7, 8, 5, 13], "R": [[-0.19807281351182074, 0.007134765226858741, 0.9801613416538468], [-0.9787276221000278, -0.055992421648312696, -0.19737550622197947], [0.05347337922683182, -0.9984057010269498, 0.018073568295946973]], "T": [0.04203232959882447, 0.06296731305990949, -0.0992389764549737], "aligned_model": [[0.28681125417265796, -0.244646164310161, -0.2787026032754284, 0.2497684621154549, -0.26845962451505473, -0.5098191683264086, -0.6996667433222576, 0.49598048389937016, -0.04965791792549333, 0.6888789826259538, 0.016759804595745106], [0.21443593253618914, 0.6188108271501824, -0.6624090595911654, -0.5171209244871939, -0.2157092189683244, -0.05278452963937637, 0.30522927407128586, 0.3811615161915078, -0.050620901996443105, -0.32319924143038065, 0.03764389847420202], [-0.7224010478319302, 0.17226970562389676, 0.11637361808125377, -0.33856444321450974, -0.6359547141882212, 0.11040871621545101, -0.45612424754376674, 0.19877452494893705, 0.5228926883389751, 0.142511513475964, -0.1438862997693523]], "inverted": true, "swapped": false, "error_lsq": 0.04397290964614256, "error_max": 0.28488218177212704, "target": "244.xyz", "model": "27.xyz", "model_rescale": 4.103607728864725, "target_rescale": 3.7424810417977104},
{"mapping": [13, 11, 1, 2, 4, 7, 8, 10, 5, 3, 14], "R": [[-0.38586036354621844, -0.8882382731257742, -0.24928808635496907], [0.020134369751176717, -0.2782578243737449, 0.9602953661918363], [-0.9223374583083477, 0.36552066060529675, 0.12525278309069404]], "T": [0.14777802755598185, 0.10803110668339183, 0.02199565920789326], "aligned_model": [[0.07944451913216463, -0.15660972102438148, -0.3183039598682192, 0.27978190387006824, -0.20355086329290278, -0.5539895701104935, -0.5769676226222002, 0.5436368511756915, -0.23829982750885442, 0.7205222727836502, 0.11158278319985487], [0.3347683599888139, 0.7172590037872961, -0.656396265714718, -0.4788426578763802, -0.27340508272203823, 0.0835416168614265, 0.12328542998551031, 0.376112178560656, -0.07053490471736082, -0.3772468692898663, -0.04310323655285597], [-0.5811571261986785, -0.06883771221373515, 0.057761640280654156, -0.40164908269453814, -0.721431358730838, 0.18632383487191997, -0.361137509514182, 0.19864108646065007, 0.6171414226833886, 0.021585585195936063, 0.019059233996120566]], "inverted": false, "swapped": false, "error_lsq": 0.039996812225074826, "error_max": 0.17763318178005083, "target": "244.xyz", "model": "28.xyz", "model_rescale": 4.137296879288765, "target_rescale": 3.7424810417977104},
{"mapping": [4, 5, 7, 8, 3, 1, 2, 6, 0, 9, 10], "R": [[-0.24038143910515591, -0.7917472836606572, -0.5615629996266716], [-0.6815285764298886, -0.2742829767203258, 0.6784450222316372], [-0.6911841746185916, 0.545806822509034, -0.473665862459401]], "T": [-0.01753476399684851, -0.04773405912171364, -0.1035330260465965], "aligned_model": [[0.4091986501861141, -0.269596547097028, -0.2956105079810679, 0.21065704523633363, -0.1735418859549255, -0.6491272310864399, -0.6647835706461459, 0.4421499168099247, -0.012748199669184286, 0.6296806946639711, 0.06096840127282587], [0.3716880890485552, 0.5579426802286365, -0.6772351684040557, -0.6292640220578525, -0.18637346514331582, -0.03840522484694959, 0.27238202312389215, 0.47554094157155996, -0.004239524519002565, -0.3742793194837061, -0.032319437207278354], [-0.5950751072789237, 0.04752554650712543, 0.09750045052831174, -0.4614510032175778, -0.7533865618213456, 0.30629973772004027, -0.40472026389862614, 0.07259502634147544, 0.5954703048673649, 0.18848505430881438, -0.12694316991996116]], "inverted": true, "swapped": false, "error_lsq": 0.04500373076596445, "error_max": 0.245349735691874, "target": "244.xyz", "model": "29.xyz", "model_rescale": 3.607286011436655, "target_rescale": 3.7424810417977104},
{"mapping": [4, 8, 1, 7, 6, 9, 3, 10, 11, 12, 14], "R": [[0.18507547065713692, 0.9473416067392002, 0.2613253724800361], [-0.982273491641789, 0.18638382445106638, 0.019996439704155877], [-0.02976336303053001, -0.26039383657026993, 0.9650436218624152]], "T": [0.030088961059669957, -0.12780203517779135, -0.12906654331572867], "aligned_model": [[0.09423081525331616, -0.15030477871675868, -0.4577310745380814, 0.4233166747084536, -0.15874271540691723, -0.6103069591055528, -0.5557024163888322, 0.43594023234564194, 0.09587958231772663, 0.6561694186532553, -0.08550201338787342], [0.4094413249561448, 0.5177207964374554, -0.5773791063254681, -0.5629584358869035, -0.23972526183307608, 0.09655027282357753, 0.21494698761938577, 0.35411974502775867, -0.11643854667605866, -0.2516605649553139, -0.10917963887701851], [-0.5808462288205701, -0.0029422165667166433, 0.1837562960407997, -0.6343385855641509, -0.577350778763913, 0.26351009281788906, -0.536280253478267, 0.22066341230868866, 0.45409169270662786, 0.18824126187026777, -0.012204678413957337]], "inverted": false, "swapped": false, "error_lsq": 0.049436484237237455, "error_max": 0.24901885584530215, "target": "244.xyz", "model": "30.xyz", "model_rescale": 3.964800864290218, "target_rescale": 3.7424810417977104},
