[{"mapping": [9, 7, 11, 0, 10, 8, 2, 13, 3, 4, 5, 14], "R": [[-0.7786003687331196, -0.1346960940160506, 0.6128934883529679], [0.5916922092099113, 0.16771364001780015, 0.788525500229558], [-0.20900190278785724, 0.9765905473681379, -0.05088327251913005]], "T": [0.04008315616522596, -0.013143884318252086, -0.04320899667854206], "aligned_model": [[-0.22592270091089867, 0.24871771497149087, 0.2936839512896696, -0.1310806310542008, -0.2643608834603322, -0.5006603772612651, 0.5212970799140948, -0.36262980254925836, 0.6826394228135222, 0.2262985454791212, -0.6441968773224798, -0.006142979448914447], [-0.24522445039723917, -0.6638760018817962, -0.23831568047272836, 0.7105679448836646, 0.4080655896754706, -0.5016618601913525, -0.17949679588051887, -0.49266741238209383, -0.051893826925310915, 0.38922508121202, 0.04635025861925729, -0.12751781028231532], [-0.5599443023534447, 0.12791787545315658, -0.590338407249365, 0.017956452354339278, -0.6324297966651129, -0.03433105164597598, 0.6089947011754835, 0.6174765913126885, 0.00851958558162088, 0.4150950754536901, 0.19244117412052386, 0.010593847815958221]], "inverted": true, "swapped": true, "error_lsq": 0.043427118040519484, "error_max": 0.22396909572996104, "target": "245.xyz", "model": "0.xyz", "model_rescale": 3.751011558992144, "target_rescale": 4.111124057795202},
{"mapping": [3, 2, 9, 5, 13, 7, 12, 10, 6, 1, 0, 8, 4, 11, 14], "R": [[-0.5701796566595961, -0.03603933665075815, 0.8207291424978881], [-0.5810413501405589, -0.6885657268250145, -0.43389882376975436], [0.5807633843127352, -0.7242778514187171, 0.3716658248829254]], "T": [0.06104007570793446, 0.004156515406913745, 0.08817296302623309], "aligned_model": [[-0.4762292076491532, -0.042472161838979505, 0.5173679016181763, 0.518825638102118, 0.14885057736444007, -0.516932699641505, -0.24570231610696647, 0.7612601074607849, -0.14614853916512083, -0.3507481177352855, -0.6056789770810821, 0.28246333591191297, 0.4029905314990534, 0.15309404672833193, 0.06412501189916447], [-0.27702235509887085, 0.21734775933971687, -0.4614734393498111, 0.005957283742254689, -0.41617896220489903, -0.15432802151762567, -0.6724994335234578, -0.04589257431176653, -0.05033478530227876, 0.4674072502650285, 0.2833740588773134, 0.5860543775622098, 0.5894021288191575, -0.584867941270181, -0.05045492818287823], [-0.3762471586899, -0.7040219701666798, -0.00744754663344413, -0.3366978209686937, -0.4975826177071141, 0.371910775641903, 0.08359738459028787, 0.5120134328721759, 0.8077765492347413, 0.4067868199597039, -0.14210466629532595, -0.14157661803891325, 0.4957651951354588, 0.6185570170684951, 0.09162054784788706]], "inverted": false, "swapped": false, "error_lsq": 0.04307257280943123, "error_max": 0.2922833975039091, "target": "245.xyz", "model": "1.xyz", "model_rescale": 3.9405287249114394, "target_rescale": 4.111124057795202},
{"mapping": [5, 10, 9, 4, 1, 8, 6, 0, 3, 7, 2, 13, 14], "R": [[0.2616025743836377, 0.16845244103467366, 0.9503619669290817], [0.964915990088878, -0.022805479080473923, -0.2615665158133017], [-0.022388058126006027, 0.9854459321715067, -0.16850842596136476]], "T": [-0.024955040336729295, -0.055992798919320165, -0.13362430648848217], "aligned_model": [[-0.19866439188322169, 0.22315646524305394, -0.3678434102076914, 0.44470916246978814, 0.6472747948900928, -0.6724725519309362, -0.10861496130984744, 0.5926610055815151, 0.17090593436732168, -0.5468993543398872, 0.03138714127373307, -0.5748630545091875, -0.14475350036080203], [0.5375259096808584, 0.4967067913609208, 0.2107729947474967, -0.17650983778042986, -0.23606974121370447, 0.2571310580944971, -0.03794250072438251, 0.3477865335461867, -0.6646497863406263, -0.5164081232212453, -0.6905916763908291, -0.002318644849573691, -0.06660038333715163], [0.24699403778607693, -0.6338728338080519, -0.5840679305057717, 0.28051426708138133, -0.3182740871311719, -0.016122298210514308, 0.49881058090689595, -0.022675054866410985, -0.22434977333705858, -0.024734745233403882, 0.39431472254116334, 0.5898024336839325, -0.07321896931842314]], "inverted": true, "swapped": true, "error_lsq": 0.05545731307685887, "error_max": 0.38615563020581206, "target": "245.xyz", "model": "2.xyz", "model_rescale": 3.932901565614263, "target_rescale": 4.111124057795202},
{"mapping": [9, 11, 12, 10, 8, 6, 7, 5, 0, 4, 3, 1, 2, 14], "R": [[-0.8467303036678867, -0.32698823311612346, 0.41967426446481615], [0.5308017665675407, -0.4658146776050093, 0.708001533004357], [-0.036017738119803716, 0.8222501939989659, 0.5679853352062854]], "T": [0.022811391275915853, -0.05729510439625423, 0.03887237361416571], "aligned_model": [[-0.09589426250340638, 0.40662268905227866, 0.23792777678688476, -0.26788591803338874, -0.3881617614396948, -0.24053578717403185, 0.34155591042157013, -0.6864181625446799, -0.314387006569622, 0.036141409426767516, 0.6402488828710635, 0.33960314695729804, 0.4156665022098564, -0.004673507408191883], [0.04720799601940593, 0.11431879887038615, -0.41466350775553823, 0.6064890874366915, -0.49572459960526544, -0.4858222970177569, -0.6597215723108316, -0.20893758046961947, 0.4664076246202908, 0.001963595822588017, -0.0656222945380458, 0.48380517812982166, -0.5418326827972038, -0.18437110805443413], [-0.5666224249147894, -0.44857387869225174, -0.8308962834214834, -0.2647233549714407, -0.37345376560027, 0.43169725982091345, -0.13931111774564017, 0.07503478101759226, 0.4497613586800846, 0.6736402802041922, 0.22796907364017774, 0.39280692376302795, 0.5824696436771376, 0.004097867599847059]], "inverted": true, "swapped": true, "error_lsq": 0.04601777916699014, "error_max": 0.33321929943263073, "target": "245.xyz", "model": "3.xyz", "model_rescale": 3.9243930471874484, "target_rescale": 4.111124057795202},
{"mapping": [6, 8, 2, 4, 3, 5, 0, 7, 11, 9, 1, 10, 14], "R": [[-0.8344266540438552, 0.19545876526088513, 0.5152941199973732], [-0.3688037355024124, -0.8928245732695419, -0.2585499681793201], [0.4095313952563877, -0.4057833811884747, 0.8170825440863401]], "T": [0.006534986615926934, -0.026206712589705375, -0.08355642774879103], "aligned_model": [[0.04274151542591518, -0.471626268736311, 0.6887028670930289, 0.31483953087605915, 0.6296651773483235, -0.5594756231617032, -0.1730086855851019, 0.296045271311897, 0.07150037607072987, -0.4058198599015663, 0.3582114957629086, -0.502179849491006, -0.012390060701821172], [-0.5134912107330152, 0.11158639526046753, -0.3211037127424037, -0.5681862935266963, 0.11547862598189472, -0.4147816024160271, -0.5304701339607039, 0.26407293068596654, 0.5933707662517174, 0.4442081423112483, -0.15621422237417776, 0.11772896725727568, -0.0143690983139593], [-0.49409459598374783, -0.6160102500758372, -0.4472768385533108, 0.049957691385213734, 0.00966368979753797, -0.3200966249395669, 0.4363277300953001, -0.6564321543052622, 0.07852237675152433, -0.06597160124037045, 0.531128758603054, 0.4976289824036796, -0.21627684856725038]], "inverted": true, "swapped": true, "error_lsq": 0.04356250968514342, "error_max": 0.29694032838181933, "target": "245.xyz", "model": "4.xyz", "model_rescale": 3.8936222436046832, "target_rescale": 4.111124057795202},
{"mapping": [12, 7, 8, 9, 13, 2, 3, 4, 10, 11, 5, 14], "R": [[0.6643720779957564, -0.6771733692873747, 0.316300442471372], [0.7201245456914087, 0.693265024591314, -0.028359202583057776], [-0.20007593726468675, 0.24661677478709707, 0.9482350899019016]], "T": [0.02120728858767139, 0.0380456775404467, 0.12694848376431736], "aligned_model": [[0.006447839935899355, -0.5111259591429341, -0.11887228888230074, 0.38201460300032464, -0.6782180884818684, -0.7109010013300353, -0.19072127326172755, -0.1833032978345961, 0.7956616226013645, 0.2898212907788118, 0.0192181955973941, -0.07247360076523494], [-0.6176982204576448, -0.3500727445541269, 0.15178608525161366, -0.1768480883473692, 0.4079184764648458, -0.027224105828685882, -0.3862377966862828, 0.36421474611856147, 0.1504018659556226, -0.5381928992307521, 0.6528594253065911, 0.03801616111743422], [-0.580346964199423, -0.12255197337755211, -0.5791485571806584, -0.3370284903735845, -0.3231895415008773, 0.5069051948541574, 0.5652700304104237, 0.6352876785116026, 0.05708206239730973, 0.026142167244366868, -0.25945780414810427, 0.030320916637857076]], "inverted": true, "swapped": true, "error_lsq": 0.04411939312727144, "error_max": 0.22150356093354645, "target": "245.xyz", "model": "5.xyz", "model_rescale": 3.6523030999806103, "target_rescale": 4.111124057795202},
{"mapping": [13, 7, 2, 6, 4, 8, 11, 5, 9, 10, 1, 0, 14], "R": [[-0.17002156517908018, -0.9049817271026588, -0.39000094997877255], [0.5549968335510651, 0.23909069066250144, -0.7967522553383952], [0.8142918285985358, -0.3519143578327222, 0.461611419517364]], "T": [0.003724272796845257, 0.05900727561749277, -0.010513116320181363], "aligned_model": [[0.2887008005465733, -0.22203984849644498, 0.44354219781778337, 0.4770312472897623, 0.6058399417732381, -0.2541993221993326, -0.579468466145974, 0.2426853741161815, -0.550235106780438, -0.24391761388679914, 0.22596815144228247, 0.46221365602551756, -0.015038106838055301], [-0.5536190524622286, 0.061675173697712825, 0.37114740058346796, -0.22821484803166528, 0.2684998162432362, -0.5844388722774778, 0.32857448156826774, -0.6146588991336369, -0.1730267720249329, -0.02848193315847778, 0.6423320530638298, 0.07428267717722123, -0.02324432108213339], [0.5994896279670486, 0.6567863053632933, 0.6169727642428735, 0.306949703581281, -0.024267198168686825, 0.21439725139347104, -0.05033828051349661, -0.13850216789828965, -0.18636841989191286, -0.750988557972321, -0.36933906358205726, -0.599029227833924, 0.09434700279450978]], "inverted": false, "swapped": true, "error_lsq": 0.0454029204895215, "error_max": 0.2601762572158857, "target": "245.xyz", "model": "6.xyz", "model_rescale": 4.08911054899281, "target_rescale": 4.111124057795202},
{"mapping": [3, 9, 2, 1, 0, 4, 6, 13, 5, 10, 8, 11, 12, 7, 14], "R": [[-0.901522147353152, 0.20453136723754117, -0.38134595533151283], [0.3669640006698035, -0.10569505406561797, -0.9242110028334865], [-0.22933652139198102, -0.9731369252895548, 0.020230783321890544]], "T": [0.03291117405290474, 0.0012694817863401556, 0.12290878992236381], "aligned_model": [[-0.4842945442720305, -0.06434012166078994, 0.5595771280848557, 0.5326449164747873, 0.04197208218370889, -0.6327585550648719, -0.05512142591374783, 0.7293806685907492, -0.2878908071248491, -0.24107569613081054, -0.5217855153471164, 0.2573096842290412, 0.3170732173323216, 0.2608350627680312, 0.053539037216610526], [-0.3788832508030741, 0.25903146855521364, -0.6000517199006381, -0.03766732234427835, -0.6451939419683493, -0.1624506114376135, -0.4874218834686822, 0.07549602536988018, -0.024360409472321508, 0.6105975090183579, 0.3196179209634084, 0.5342490367780443, 0.4010141587366494, -0.5068282194772854, 0.07934165729460058], [-0.34016094683719, -0.6110246209309378, 0.017195363355073448, -0.4125313755718852, -0.5602157410345465, 0.287009467901648, 0.07217440984564394, 0.33578242792731683, 0.8135102865394979, 0.39295591302952204, -0.11397689416843285, 0.022364443742520917, 0.6400722499815183, 0.6606600255890476, -0.021465685518215122]], "inverted": true, "swapped": false, "error_lsq": 0.04818349353910104, "error_max": 0.22895652771160308, "target": "245.xyz", "model": "7.xyz", "model_rescale": 3.964800864290218, "target_rescale": 4.111124057795202},
{"mapping": [5, 10, 0, 8, 4, 12, 6, 10, 11, 3, 7, 2, 1, 14], "R": [[0.2921475601687865, -0.3441266339472708, 0.8923153382608342], [-0.18399460018583919, 0.8953660108803069, 0.4055437012983184], [-0.9385072137122223, -0.28265980677911684, 0.19826155311031407]], "T": [0.01862872863199614, -0.010953556004023394, 0.07067282826319851], "aligned_model": [[-0.287239430645131, 0.512888843991171, 0.5214989127868538, -0.5830725745243125, 0.21337115910501653, -0.45385420780419206, -0.36654514628687207, 0.512888843991171, 0.1691527326423708, 0.199044759205044, -0.5135797810574151, -0.23017809377844156, 0.6825461685729116, -0.11573429673730148], [0.0351973551424081, -0.46715047920280295, 0.25851508651087163, -0.32608137127426395, 0.5937476103786749, -0.7689119703654353, 0.46012901579174403, -0.46715047920280295, -0.5116418887202332, 0.19547661199573055, -0.03665110316042494, 0.6414034988466717, 0.22085085000227883, -0.016784270561213954], [-0.5863085130336528, -0.33537649264685265, -0.4102692623534522, -0.19349038156119083, 0.015614102151178977, 0.4350128736491473, -0.12173553711426913, -0.33537649264685265, 0.4461991398331151, 0.6553886581631182, 0.5314968864534348, 0.5146719647466368, 0.2252579126178526, 0.07573018046680832]], "inverted": true, "swapped": true, "error_lsq": 0.053056170259062, "error_max": 0.3940617370233824, "target": "245.xyz", "model": "8.xyz", "model_rescale": 4.121658175737393, "target_rescale": 4.111124057795202},
{"mapping": [5, 8, 9, 10, 13, 4, 7, 3, 11, 2, 0, 1, 14], "R": [[-0.3817464163129353, -0.8986448327598373, 0.21611834301205285], [0.79097531136999, -0.19667154985606508, 0.5793775610777149], [-0.4781503220069803, 0.39211958129027114, 0.7858845357515084]], "T": [0.0018707454894571832, 0.013923177740145481, -0.04549773724461641], "aligned_model": [[-0.5778470327972899, -0.20239230243894213, 0.3211684775869043, 0.22393400798030663, -0.655423745476036, -0.34921911654163984, 0.11252694187964851, 0.321895618959644, 0.6304900312813229, -0.22632736922313276, -0.2910783747762138, 0.21253325347463556, -0.043522893474010234], [0.13612413274738228, -0.2985346043318736, 0.06915656510709497, 0.6888618696711883, -0.5750090997526339, 0.15186430023747133, -0.6815327435243386, -0.191178271342308, -0.034649441749265694, -0.4994901434328063, 0.6758249320124489, 0.4470201183723249, -0.09807017460297468], [-0.4653833697745125, -0.6714202095008489, -0.5808799488268479, -0.3808041865842386, -0.2685419300322052, 0.4686303923839579, -0.06450673777649411, 0.47658792242088516, -0.1752852063979246, 0.5619083683991034, 0.13578642247236528, 0.4897260904676876, -0.10474217329183871]], "inverted": true, "swapped": true, "error_lsq": 0.045607565666150957, "error_max": 0.29874523536258646, "target": "245.xyz", "model": "9.xyz", "model_rescale": 3.833441315466971, "target_rescale": 4.111124057795202},
{"mapping": [10, 13, 1, 5, 0, 11, 12, 6, 7, 9, 8, 2, 3, 6, 14], "R": [[-0.7633737315626989, -0.35044488420321296, -0.5426314855367658], [-0.6450136990718031, 0.4589245692404242, 0.6110201042168748], [0.034898051088133875, 0.8164414387347618, -0.5763727120075708]], "T": [0.04542800697533307, -0.08661296597747392, 0.10506142134370129], "aligned_model": [[-0.6110535177507631, 0.16344053191222924, 0.4687981417972564, 0.5911364607304916, 0.12408525946239701, -0.5483263766956205, -0.06021126495297564, 0.4605735801837987, -0.22975945989171703, -0.25599877627097095, -0.6249209045111234, 0.17926096058506602, 0.31028217413815395, 0.4605735801837987, 0.03718474244586842], [-0.3034472831077542, 0.22897202976615194, -0.636305413860986, 0.0920206015216472, -0.3688326586355065, -0.2390448058742114, -0.667732514320174, -0.45655689202418365, 0.13296954839390587, 0.6560119668221585, 0.28079252371049, 0.5776663891246397, 0.5950039886886395, -0.45655689202418365, 0.0015298296632781927], [-0.3396508790571477, -0.6175489133693921, -0.14832538690511798, -0.2523284687339304, -0.5097459008401339, 0.4043227571370043, 0.22405920313481634, 0.4949655283642307, 0.6707197583665504, 0.22980207253184254, -0.04727014266327097, -0.13467162569164093, 0.5736470026368244, 0.4949655283642307, 0.13940879057571676]], "inverted": false, "swapped": false, "error_lsq": 0.05699792885799055, "error_max": 0.4553043056909954, "target": "245.xyz", "model": "10.xyz", "model_rescale": 4.2482417240324, "target_rescale": 4.111124057795202},
{"mapping": [8, 7, 2, 3, 5, 0, 6, 1, 11, 10, 9, 14], "R": [[-0.42875676424806336, 0.009405078120704069, 0.9033710099494419], [0.8887923215895357, 0.18360398613430362, 0.41992592841961823], [-0.16191308222319334, 0.9829552994827071, -0.0870806122156218]], "T": [0.009898954108335807, 0.06502075964268517, -0.04443734845277807], "aligned_model": [[-0.6936810786592488, -0.09563915862911926, 0.3942640841974292, 0.564253311609992, -0.5567035326011758, 0.19450325004513194, -0.148751649854024, 0.6544074741584296, 0.10211620774692604, -0.09719025327891112, -0.35995047027698834, -0.08086258209543462], [-0.12053174836293923, -0.6133058942577937, -0.32187074842999747, -0.26599503944304387, 0.42562520780052904, 0.784463651757558, 0.08010768206942019, 0.35981567970764566, -0.23616465276442017, 0.5952197596996666, -0.004449631448425501, -0.016782876277560088], [-0.003478785669076133, 0.1136756860845241, 0.5778071395439662, -0.031180382048067952, 0.2316709170787129, 0.027118537710015475, 0.5735440857918339, -0.17140553617435095, -0.6058192313696363, -0.6142668557461086, -0.5444584973302776, 0.011985211982821882]], "inverted": true, "swapped": true, "error_lsq": 0.04757723103426698, "error_max": 0.27057168403059095, "target": "245.xyz", "model": "11.xyz", "model_rescale": 3.6694154284099745, "target_rescale": 4.111124057795202},
{"mapping": [10, 9, 8, 12, 11, 0, 1, 4, 7, 2, 6, 3, 5, 14], "R": [[0.7449875104790186, 0.6552467953775745, -0.12508095929314467], [0.30533195502992294, -0.1682330975020131, 0.937267316267074], [0.5930986481757309, -0.7364436584371524, -0.3253993415479254]], "T": [0.02582725509428518, 0.010032172612904268, -0.02579898930515088], "aligned_model": [[-0.10233579025761663, 0.18607158739976412, -0.16052148424030738, 0.6029799825003818, 0.58494909737571, -0.45885681485571417, 0.1532174865273949, -0.24217576909713462, 0.3914787821715257, 0.13956838995123888, -0.3830265210369881, 0.4966523157782697, -0.6264374369194511, 0.01670102495873669], [-0.41857740694733336, 0.17001296146109782, 0.6423268441397492, 0.6254121676356744, -0.03126199804238686, -0.5567805203670332, -0.6748358507669698, -0.2892026620910159, 0.5623834114849978, 0.1652796939499289, 0.2969574684061466, -0.17207308522114262, 0.2678976241046033, 0.1434486403899378], [-0.6716726669680002, -0.6092060362670151, -0.33662015220897634, -0.49343874677872496, -0.3420960805603132, -0.05033038451640036, 0.15625517157487942, 0.4694307259747219, 0.2139344960179117, 0.7789189466510776, 0.3714555220778142, 0.3769632201743516, -0.21385722696211037, -0.010641328556800878]], "inverted": false, "swapped": true, "error_lsq": 0.040741072760294275, "error_max": 0.2889339121746259, "target": "245.xyz", "model": "12.xyz", "model_rescale": 3.9764082729961374, "target_rescale": 4.111124057795202},
{"mapping": [3, 11, 1, 10, 8, 7, 2, 9, 4, 6, 14, 13, 5, 0, 15], "R": [[-0.2613111871453082, 0.9593559850827121, 0.10654838036633507], [-0.8420647899755379, -0.1726089966710316, -0.5110117647879285], [-0.47185098596502173, -0.22325373043736427, 0.852944557922517]], "T": [0.1115695805547, 0.0281933277694005, 0.10499332869566912], "aligned_model": [[-0.605772526729891, -0.09218635880604183, 0.5912235234410099, 0.5058052280303112, -0.027474840294134398, -0.365971130709319, 0.19188413875475002, 0.5453259829182555, -0.3261749480710674, -0.2008033842491473, -0.40647198660432216, 0.21535705107584951, 0.30842159888084875, 0.126300920362108, 0.005601863366679546], [-0.19247376020922027, 0.12010228792345953, -0.3474213376741632, -0.1264028465774569, -0.44256475370406945, -0.4937274029595092, -0.7652398493318965, -0.09397897192220933, 0.05823454880965361, 0.6979758986115323, 0.4983150211823919, 0.5624571945315363, 0.3454077036937471, -0.4135523517958691, 0.029359037265985558], [-0.2760181996248655, -0.6569653046749568, -0.07436189547784607, -0.5782527295403571, -0.40363847763065486, 0.3706760696553448, 0.12151238200365642, 0.5030240299164557, 0.6736241179393079, 0.29857340090092144, -0.28156399907473423, -0.1747759116115728, 0.8556252147906893, 0.6809722134780526, 0.12391841280114138]], "inverted": true, "swapped": false, "error_lsq": 0.052930534354468005, "error_max": 0.33978552071248663, "target": "245.xyz", "model": "13.xyz", "model_rescale": 4.170626492500431, "target_rescale": 4.111124057795202},
{"mapping": [7, 7, 11, 3, 9, 0, 1, 13, 8, 2, 6, 4, 5, 14], "R": [[-0.2438120888290874, -0.10644380586765662, 0.9639633714686497], [-0.9455451558695103, 0.24709522149828173, -0.211868614297679], [-0.2156386411395248, -0.9631270257370644, -0.16089222710365939]], "T": [-0.07640705819110002, 0.16055377866432782, -0.010735634466798788], "aligned_model": [[0.16433103387536122, 0.16433103387536122, -0.19919346016347342, -0.558773346480377, 0.2211146456165524, -0.3668709678688955, -0.773003423775356, 0.5979127239717675, 0.6465091040668545, -0.2929287587310415, 0.1677698272543007, -0.41829155386959715, 0.4560491048510916, 0.034227059469094684], [-0.48177830474499705, -0.48177830474499705, 0.10701059057359544, -0.2574838045205111, 0.38637781784293, 0.7269459311845728, 0.3343393224434418, -0.23430222109520946, 0.13176220938385252, -0.5224849945459135, -0.047897122610697784, 0.12339579861312214, 0.4874758525112741, 0.0844916976352035], [-0.1711093853546348, -0.1711093853546348, -0.64035688528551, -0.10883406998285662, -0.5128513784678554, 0.3786583981988908, 0.04374634635963881, 0.4561771604964632, -0.09845944814539717, 0.4030108852481482, 0.5408299126885437, 0.5262502632115174, 0.35929424586914427, -0.001373558360591564]], "inverted": false, "swapped": true, "error_lsq": 0.0590087416957455, "error_max": 0.40564656048497766, "target": "245.xyz", "model": "14.xyz", "model_rescale": 3.9786697098870705, "target_rescale": 4.111124057795202},
{"mapping": [3, 11, 2, 4, 7, 13, 10, 8, 6, 0, 12, 14], "R": [[0.025286022635658295, -0.9988331035113907, -0.041146669234250255], [0.3863915986126838, -0.028195863646758107, 0.9219037508301766], [-0.9219881504557441, -0.03921000641439942, 0.38522775836663053]], "T": [-0.0249695690194559, -0.13009120038498964, 0.020395221680339155], "aligned_model": [[-0.03910864451764661, -0.6248015144345439, 0.5393963889883547, 0.4812940116800247, 0.0034154426088735743, 0.5689888018274288, -0.4963933004409458, -0.05818954579228022, 0.5756664023871746, 0.18411922516213525, -0.6617008457263257, 0.010668175025087157], [-0.25741134302423935, -0.06886466277501645, 0.00035046365895882725, -0.4914527117702776, 0.4593002683142907, 0.5363187588892151, -0.5404569425297286, 0.48069899337473554, 0.0701683794971068, -0.7628640383876877, 0.5894890671314301, -0.0006017421543484947], [-0.6125705182346034, -0.20503601247900444, -0.5704396391842363, -0.12008475240456033, -0.3644126031646898, 0.19854461725538233, 0.49646703192439046, 0.4165820108996283, 0.10059006537255429, 0.3560698819857826, -0.06482374135431405, 0.029080153257500466]], "inverted": false, "swapped": true, "error_lsq": 0.04649666322412221, "error_max": 0.24496232901222212, "target": "245.xyz", "model": "15.xyz", "model_rescale": 3.769337070930944, "target_rescale": 4.111124057795202},
{"mapping": [11, 10, 7, 8, 3, 1, 2, 0, 6, 5, 14], "R": [[0.3926562097100853, -0.5254037626630184, -0.7548324232276014], [0.6983199421130939, -0.3637667117134078, 0.6164600862151418], [-0.598473357321172, -0.7691714149841747, 0.2240646668887526]], "T": [-0.04469072009765884, 0.02531557503250885, -0.05257624903241358], "aligned_model": [[-0.2739539056436614, -0.3951603805767386, -0.09734752199654007, -0.6372789277169166, 0.4148711038183327, 0.46018667749102216, 0.5790951719813853, 0.19634976539128846, 0.13842907475359956, -0.3640014142329333, -0.09856351257766743], [-0.047668956032441895, -0.6771614052915302, 0.6863330033872138, 0.3763493235192999, 0.16045606241455868, -0.44459220868965466, 0.5683576635109729, -0.5687874146940616, 0.3773779479193068, 0.02095759910259111, 0.14444288247908701], [-0.6496339874139605, -0.08391080792367689, -0.2903751029987692, 0.1856394582910687, -0.48569971728695477, -0.2592201122560148, -0.027954184261364607, 0.32918046392844386, 0.4472416265661985, 0.5995981210006914, -0.020648150421884462]], "inverted": false, "swapped": true, "error_lsq": 0.03785026073630213, "error_max": 0.17717800489430127, "target": "245.xyz", "model": "16.xyz", "model_rescale": 3.7852294659196426, "target_rescale": 4.111124057795202},
{"mapping": [9, 1, 0, 10, 11, 3, 2, 4, 5, 8, 7, 6, 14], "R": [[0.6804031505025001, 0.49657177022722915, -0.5389508602828907], [-0.7319545237919509, 0.4243848234334257, -0.5330479309967148], [-0.035973989030553044, 0.7571750119046295, 0.6522207244947478]], "T": [-0.02640868916553278, 0.053450708433162006, -0.0321712150291979], "aligned_model": [[0.01476025200213181, -0.4407256545750357, 0.19896612122062435, 0.06334143581330919, -0.47772856933575547, -0.6052492536688009, -0.24118534656844182, -0.0048740001783473125, 0.6987493277137401, 0.4483814034110105, -0.1960870679454193, 0.3660245554721612, 0.029392646855106355], [-0.12172014309944625, -0.36077054615770787, -0.5081410013235006, -0.6829961550290229, -0.04853009321204099, 0.2340560699800096, 0.6608711043369054, 0.045831067308467546, 0.019718324002199042, 0.34026923245937507, 0.7030359375122156, 0.42712446575206114, 0.1663073611733595], [-0.6315510381278371, 0.3863719756042127, 0.4044270125364523, -0.2907745362480166, -0.47969392377334275, 0.19004774084487544, 0.48698314078847543, 0.6050867989742112, -0.04999527370715981, -0.5048674196557013, -0.24550980098949793, 0.3049678572114244, -0.07973783631492182]], "inverted": true, "swapped": true, "error_lsq": 0.03950482570917559, "error_max": 0.18985180884854158, "target": "245.xyz", "model": "17.xyz", "model_rescale": 3.901054581598922, "target_rescale": 4.111124057795202},
{"mapping": [3, 2, 9, 5, 13, 7, 12, 10, 6, 1, 0, 8, 4, 11, 14], "R": [[-0.5701796566595961, -0.03603933665075815, 0.8207291424978881], [-0.5810413501405589, -0.6885657268250145, -0.43389882376975436], [0.5807633843127352, -0.7242778514187171, 0.3716658248829254]], "T": [0.06104007570793446, 0.004156515406913745, 0.08817296302623309], "aligned_model": [[-0.4762292076491532, -0.042472161838979505, 0.5173679016181763, 0.518825638102118, 0.14885057736444007, -0.516932699641505, -0.24570231610696647, 0.7612601074607849, -0.14614853916512083, -0.3507481177352855, -0.6056789770810821, 0.28246333591191297, 0.4029905314990534, 0.15309404672833193, 0.06412501189916447], [-0.27702235509887085, 0.21734775933971687, -0.4614734393498111, 0.005957283742254689, -0.41617896220489903, -0.15432802151762567, -0.6724994335234578, -0.04589257431176653, -0.05033478530227876, 0.4674072502650285, 0.2833740588773134, 0.5860543775622098, 0.5894021288191575, -0.584867941270181, -0.05045492818287823], [-0.3762471586899, -0.7040219701666798, -0.00744754663344413, -0.3366978209686937, -0.4975826177071141, 0.371910775641903, 0.08359738459028787, 0.5120134328721759, 0.8077765492347413, 0.4067868199597039, -0.14210466629532595, -0.14157661803891325, 0.4957651951354588, 0.6185570170684951, 0.09162054784788706]], "inverted": false, "swapped": false, "error_lsq": 0.04307257280943123, "error_max": 0.2922833975039091, "target": "245.xyz", "model": "18.xyz", "model_rescale": 3.9405287249114394, "target_rescale": 4.111124057795202},
{"mapping": [6, 5, 7, 9, 8, 1, 0, 13, 12, 10, 2, 11, 14, 4, 15], "R": [[0.24959405693480385, -0.8644558861040528, -0.4363700582337004], [-0.887112472514427, -0.023448315880021497, -0.4609573056062038], [0.3882451131079003, 0.5021615252709509, -0.7727221587901993]], "T": [0.04692649976436247, -0.05999896019932856, 0.2100080714178119], "aligned_model": [[-0.4854898368739099, -0.05969705962102234, 0.5769230526799869, 0.5832520171516045, -0.022870401214588276, -0.5874860969237973, -0.26279558022636273, 0.6515103676038779, 0.020550930378471638, -0.22472590339032905, -0.5572258066038834, 0.3548758927164636, 0.2160224460119021, 0.2384671162572544, 0.023753993420221504], [-0.26341949610465404, 0.09885660502642378, -0.447319220217115, 0.03729996387743073, -0.5070399429518424, -0.1927817991065235, -0.6695396253130018, 0.16743613627405457, -0.14578608218382422, 0.6773373286740382, 0.35230969740239637, 0.5418703803632061, 0.5407941265714841, -0.7212382816959061, -0.03228937277225524], [-0.2731444776232669, -0.599101914146367, -0.044377893247404904, -0.3302675117148588, -0.39625499680369725, 0.33414025433010486, 0.13785082164378634, 0.3946197422631874, 0.7504559979108091, 0.18893187827819466, -0.25938179275656437, -0.03925819218612689, 0.6684763799487655, 0.4564624902387112, 0.19319853771530937]], "inverted": true, "swapped": false, "error_lsq": 0.045957645721481505, "error_max": 0.292747055071786, "target": "245.xyz", "model": "19.xyz", "model_rescale": 4.410303926677745, "target_rescale": 4.111124057795202},
{"mapping": [5, 10, 0, 8, 4, 12, 6, 10, 11, 3, 7, 2, 1, 14], "R": [[0.2921475601687865, -0.3441266339472708, 0.8923153382608342], [-0.18399460018583919, 0.8953660108803069, 0.4055437012983184], [-0.9385072137122223, -0.28265980677911684, 0.19826155311031407]], "T": [0.01862872863199614, -0.010953556004023394, 0.07067282826319851], "aligned_model": [[-0.287239430645131, 0.512888843991171, 0.5214989127868538, -0.5830725745243125, 0.21337115910501653, -0.45385420780419206, -0.36654514628687207, 0.512888843991171, 0.1691527326423708, 0.199044759205044, -0.5135797810574151, -0.23017809377844156, 0.6825461685729116, -0.11573429673730148], [0.0351973551424081, -0.46715047920280295, 0.25851508651087163, -0.32608137127426395, 0.5937476103786749, -0.7689119703654353, 0.46012901579174403, -0.46715047920280295, -0.5116418887202332, 0.19547661199573055, -0.03665110316042494, 0.6414034988466717, 0.22085085000227883, -0.016784270561213954], [-0.5863085130336528, -0.33537649264685265, -0.4102692623534522, -0.19349038156119083, 0.015614102151178977, 0.4350128736491473, -0.12173553711426913, -0.33537649264685265, 0.4461991398331151, 0.6553886581631182, 0.5314968864534348, 0.5146719647466368, 0.2252579126178526, 0.07573018046680832]], "inverted": true, "swapped": true, "error_lsq": 0.053056170259062, "error_max": 0.3940617370233824, "target": "245.xyz", "model": "20.xyz", "model_rescale": 4.121658175737393, "target_rescale": 4.111124057795202},
{"mapping": [13, 7, 2, 6, 4, 8, 11, 5, 9, 10, 1, 0, 14], "R": [[-0.17002156517908018, -0.9049817271026588, -0.39000094997877255], [0.5549968335510651, 0.23909069066250144, -0.7967522553383952], [0.8142918285985358, -0.3519143578327222, 0.461611419517364]], "T": [0.003724272796845257, 0.05900727561749277, -0.010513116320181363], "aligned_model": [[0.2887008005465733, -0.22203984849644498, 0.44354219781778337, 0.4770312472897623, 0.6058399417732381, -0.2541993221993326, -0.579468466145974, 0.2426853741161815, -0.550235106780438, -0.24391761388679914, 0.22596815144228247, 0.46221365602551756, -0.015038106838055301], [-0.5536190524622286, 0.061675173697712825, 0.37114740058346796, -0.22821484803166528, 0.2684998162432362, -0.5844388722774778, 0.32857448156826774, -0.6146588991336369, -0.1730267720249329, -0.02848193315847778, 0.6423320530638298, 0.07428267717722123, -0.02324432108213339], [0.5994896279670486, 0.6567863053632933, 0.6169727642428735, 0.306949703581281, -0.024267198168686825, 0.21439725139347104, -0.05033828051349661, -0.13850216789828965, -0.18636841989191286, -0.750988557972321, -0.36933906358205726, -0.599029227833924, 0.09434700279450978]], "inverted": false, "swapped": true, "error_lsq": 0.0454029204895215, "error_max": 0.2601762572158857, "target": "245.xyz", "model": "21.xyz", "model_rescale": 4.08911054899281, "target_rescale": 4.111124057795202},
{"mapping": [7, 12, 3, 14, 13, 0, 4, 15, 1, 8, 6, 5, 11, 2, 16], "R": [[0.21896670049160827, 0.21899040566459105, 0.9508400424375681], [-0.4264135800525204, 0.8979829485786366, -0.10861897996579994], [-0.8776246594203078, -0.3816671668992185, 0.2900088462245815]], "T": [0.04998324166467631, 0.04807095524980757, 0.03943206710371658], "aligned_model": [[-0.4522888144337249, 0.23144221018994665, 0.4479769433023215, 0.6122556580195826, -0.05459981117086585, -0.6041880031756025, -0.07347042014847929, 0.6618869884468422, -0.08672536825735284, -0.2586300924840295, -0.6527951914429388, 0.07889275539280913, 0.29954037101297026, 0.29409735457287645, 0.021670551541533932], [-0.05567257215781105, -0.05502926000567691, -0.6802573048972658, -0.1280659472236007, -0.4509231821018224, -0.3231964902346887, -0.6285716391546029, 0.043502385850159246, 0.023162842595210127, 0.5162137325907353, 0.29629698578527797, 0.7405069204557087, 0.5642843005136873, -0.4364052284390696, 0.010644874267671425], [-0.453270936939432, -0.6686727940504084, -0.2163369345801859, -0.21482785372642824, -0.38104052650559217, 0.22463429313464456, 0.15435020618693776, 0.4357399660178828, 0.8208978201365744, 0.4473072539798184, 0.03232993539712006, -0.09257447839135641, 0.5465198816105936, 0.5158194690053166, 0.03147402257509717]], "inverted": false, "swapped": false, "error_lsq": 0.04920520912125579, "error_max": 0.29709185460358883, "target": "245.xyz", "model": "22.xyz", "model_rescale": 4.204369325754507, "target_rescale": 4.111124057795202},
{"mapping": [6, 5, 7, 9, 8, 1, 0, 13, 12, 10, 2, 11, 14, 4, 15], "R": [[0.24959405693480385, -0.8644558861040528, -0.4363700582337004], [-0.887112472514427, -0.023448315880021497, -0.4609573056062038], [0.3882451131079003, 0.5021615252709509, -0.7727221587901993]], "T": [0.04692649976436247, -0.05999896019932856, 0.2100080714178119], "aligned_model": [[-0.4854898368739099, -0.05969705962102234, 0.5769230526799869, 0.5832520171516045, -0.022870401214588276, -0.5874860969237973, -0.26279558022636273, 0.6515103676038779, 0.020550930378471638, -0.22472590339032905, -0.5572258066038834, 0.3548758927164636, 0.2160224460119021, 0.2384671162572544, 0.023753993420221504], [-0.26341949610465404, 0.09885660502642378, -0.447319220217115, 0.03729996387743073, -0.5070399429518424, -0.1927817991065235, -0.6695396253130018, 0.16743613627405457, -0.14578608218382422, 0.6773373286740382, 0.35230969740239637, 0.5418703803632061, 0.5407941265714841, -0.7212382816959061, -0.03228937277225524], [-0.2731444776232669, -0.599101914146367, -0.044377893247404904, -0.3302675117148588, -0.39625499680369725, 0.33414025433010486, 0.13785082164378634, 0.3946197422631874, 0.7504559979108091, 0.18893187827819466, -0.25938179275656437, -0.03925819218612689, 0.6684763799487655, 0.4564624902387112, 0.19319853771530937]], "inverted": true, "swapped": false, "error_lsq": 0.045957645721481505, "error_max": 0.292747055071786, "target": "245.xyz", "model": "23.xyz", "model_rescale": 4.410303926677745, "target_rescale": 4.111124057795202},
{"mapping": [6, 14, 8, 9, 15, 12, 5, 10, 0, 7, 13, 11, 1, 2, 16], "R": [[-0.5107813436846452, 0.8369051616476751, -0.1967032520096892], [-0.8429027144251228, -0.4424889053654947, 0.30613490922011194], [0.16916687902325367, 0.3221697053354417, 0.9314447101173567]], "T": [0.07738594406477683, -0.011195166292695857, 0.07224552291702849], "aligned_model": [[-0.5163286959208708, -0.05266972316606633, 0.7281803399817104, 0.5044243616834423, 0.09414508065320923, -0.65616452171471, -0.16278419398503596, 0.7213249492839409, -0.25931244047090973, -0.23736213257299793, -0.5302525310761229, 0.30729147751608177, 0.35197794542262917, 0.05249803851378275, 0.12009717721780586], [-0.2608359484316778, 0.18669318543420815, -0.48529073352228175, -0.004205437666944822, -0.41630829336555275, -0.21302061090524008, -0.5905373904078784, 0.04889298839324187, -0.08361546281666245, 0.49928572778111097, 0.2529191903329859, 0.5440153867398088, 0.5345021105385722, -0.5633645231423519, -0.01263977111742575], [-0.331586739191322, -0.561848881479182, -0.09330421169714917, -0.38602221236429013, -0.5150505493061822, 0.3317566765219254, 0.12002549334753317, 0.14651474601386102, 0.7443878512884882, 0.3590796243079303, -0.1627134394184857, -0.12676747691105789, 0.6748640294529337, 0.7984572996680679, 0.1845571136175115]], "inverted": true, "swapped": false, "error_lsq": 0.043336923766242576, "error_max": 0.29410779833199374, "target": "245.xyz", "model": "24.xyz", "model_rescale": 4.28219845311461, "target_rescale": 4.111124057795202},
{"mapping": [6, 10, 5, 11, 8, 0, 1, 9, 4, 13, 2, 13, 7, 3, 15], "R": [[-0.06889358976518087, 0.7586848619638829, -0.6478047186584173], [-0.7558376251084102, -0.46350802233751104, -0.46246059042825216], [-0.6511245332190649, 0.45777460988527263, 0.605375295816274]], "T": [0.0738046771780556, 0.034520963445899645, 0.05520175076417691], "aligned_model": [[-0.5939973102894356, 0.0655216287637047, 0.5939347735838552, 0.43408307779072025, 0.02137197302863588, -0.6779861813051394, 0.011358234414531224, 0.7174705233047252, -0.3030695999763121, 0.055287370696342195, -0.5125855319615858, 0.055287370696342195, 0.3152769153641327, 0.27793177968976945, 0.005180107565602846], [-0.23495577380954605, -0.11369454483031977, -0.6063850575312357, 0.10613682610784633, -0.5240183705411555, -0.25221456786043395, -0.579846057588425, 0.08430037082597519, -0.008845124331171038, 0.6051048651372145, 0.3829842998063301, 0.6051048651372145, 0.3528750251036819, -0.39231625706471324, 0.012259919282649141], [-0.48666532571643917, -0.7243291165164367, -0.15452386999373371, -0.3467282350738543, -0.3537367297603393, 0.18991408213507058, 0.22411298217956468, 0.2554265569441219, 0.6802887324523226, 0.21954157377851116, -0.003957781228938528, 0.21954157377851116, 0.7229500980939357, 0.6685429755866823, 0.07197180719160326]], "inverted": true, "swapped": false, "error_lsq": 0.05058417786982462, "error_max": 0.2833572905506029, "target": "245.xyz", "model": "25.xyz", "model_rescale": 4.100010024507729, "target_rescale": 4.111124057795202},
{"mapping": [8, 7, 2, 3, 5, 0, 6, 1, 11, 10, 9, 14], "R": [[-0.42875676424806336, 0.009405078120704069, 0.9033710099494419], [0.8887923215895357, 0.18360398613430362, 0.41992592841961823], [-0.16191308222319334, 0.9829552994827071, -0.0870806122156218]], "T": [0.009898954108335807, 0.06502075964268517, -0.04443734845277807], "aligned_model": [[-0.6936810786592488, -0.09563915862911926, 0.3942640841974292, 0.564253311609992, -0.5567035326011758, 0.19450325004513194, -0.148751649854024, 0.6544074741584296, 0.10211620774692604, -0.09719025327891112, -0.35995047027698834, -0.08086258209543462], [-0.12053174836293923, -0.6133058942577937, -0.32187074842999747, -0.26599503944304387, 0.42562520780052904, 0.784463651757558, 0.08010768206942019, 0.35981567970764566, -0.23616465276442017, 0.5952197596996666, -0.004449631448425501, -0.016782876277560088], [-0.003478785669076133, 0.1136756860845241, 0.5778071395439662, -0.031180382048067952, 0.2316709170787129, 0.027118537710015475, 0.5735440857918339, -0.17140553617435095, -0.6058192313696363, -0.6142668557461086, -0.5444584973302776, 0.011985211982821882]], "inverted": true, "swapped": true, "error_lsq": 0.04757723103426698, "error_max": 0.27057168403059095, "target": "245.xyz", "model": "26.xyz", "model_rescale": 3.6694154284099745, "target_rescale": 4.111124057795202},
