[{"mapping": [11, 0, 5, 14, 12, 9, 3, 2, 4, 8, 7, 16], "R": [[0.06169295882515699, -0.8608278921177015, 0.5051428698730615], [-0.17933260604538342, 0.4883103509184685, 0.854044973988404], [-0.9818522267838318, -0.1432771486946789, -0.1242491988769105]], "T": [0.09248603589014978, 0.06923779367285195, -0.0080609186693602], "aligned_model": [[-0.18651968274801214, 0.06576159427204617, 0.4065220073414839, -0.21605716255986465, -0.1309198260105726, -0.6342959801853636, 0.37487970286500194, -0.11485281937833378, 0.6956443587520182, 0.040471632211387734, -0.5650550353401388, 0.10206367324089675], [-0.3555147169552789, -0.7733643371768899, -0.27823369722499425, 0.6076684035905273, 0.277856907039453, -0.41910003138332985, -0.14486335292962765, -0.6075708773615723, 0.08466909053294121, 0.4105974797139869, 0.25342180410305143, -0.0020116359712091386], [-0.507125604515384, -0.11614184964426344, -0.4713624616384246, -0.024693844896643342, -0.5384974050548188, 0.019627697127308448, 0.5667039978450781, 0.5254869357566179, -0.06886237160902747, 0.49246338646911414, 0.30589368968232455, -0.0015404241683189181]], "inverted": false, "swapped": true, "error_lsq": 0.04300731087361295, "error_max": 0.24429104560343382, "target": "246.xyz", "model": "0.xyz", "model_rescale": 3.751011558992144, "target_rescale": 4.069734352069537},
{"mapping": [13, 4, 14, 12, 3, 7, 1, 5, 8, 9, 2, 0, 11, 10, 16], "R": [[-0.7969453491259535, 0.5219696760568736, 0.304016065009063], [-0.4746868756297255, -0.8524230009530906, 0.2191971659283417], [0.3735645601651766, 0.030375725887786198, 0.927106700798451]], "T": [-0.05311439100648785, -0.029395305818335535, -0.12456071903190155], "aligned_model": [[0.27707741879321646, 0.185514267572797, -0.5023829155492703, 0.08802412713476457, -0.19999928782146942, -0.6113298221633654, 0.4722743097925963, 0.5940225019657243, -0.6307928840564119, -0.0012903791976686119, -0.037101110574152635, 0.5640381012715301, 0.46423685405651993, -0.11586844830734112, -0.007336521828434958], [0.03868982552720841, -0.48477979076381317, 0.30895783353560186, 0.48031455620596636, -0.6128497007541535, 0.35704014031984777, -0.5312565791131458, -0.07551541365481404, -0.21864362282144317, 0.4772875291512229, -0.2570742252084112, -0.0682424076297224, 0.41689036886163067, 0.7690538524468435, -0.05111501627571219], [-0.8216364871158671, -0.44614467108096434, -0.3873496594107795, -0.43289617747688913, 0.18194538122970874, 0.19779728776242603, 0.09671810466831862, -0.23897280526886486, -0.10942312815447736, 0.5882080837810273, 0.7319663240724924, 0.458523956027059, 0.07668846179498023, 0.027388738139069724, -0.07314700411526338]], "inverted": true, "swapped": true, "error_lsq": 0.03149314223100174, "error_max": 0.208339918805901, "target": "246.xyz", "model": "1.xyz", "model_rescale": 3.9405287249114394, "target_rescale": 4.069734352069537},
{"mapping": [2, 0, 9, 4, 5, 7, 3, 1, 12, 14, 15, 8, 16], "R": [[-0.5332123036714266, 0.8312623231520677, -0.15712284786509484], [0.40493559072435825, 0.4138554442564174, 0.8153225365608622], [0.7427730518658613, 0.3711153747383026, -0.5572805146914109]], "T": [-0.034900589388771615, -0.15226247372477697, 0.01424622257419913], "aligned_model": [[-0.18412195809984316, 0.2983244039701706, -0.4689085465231957, 0.4845258088867276, 0.5491329553102747, -0.7800011892012416, 0.03384938944037779, 0.5663736120441684, -0.07159773013851858, -0.4810634788787504, -0.03140870451072678, -0.4155582416104646, -0.0035630414050468046], [0.7211678658180932, 0.485377310090119, 0.3250217489040722, -0.24754519955261636, -0.14923544380712545, -0.07613222852012749, 0.32261209074110764, 0.30925116143429854, -0.6026195982684739, -0.5813177213721412, -0.8066118774022014, -0.1505782872659148, -0.09055722722707236], [-0.009942951450853365, -0.43824758316257817, -0.5784505411167326, 0.3123272903615713, -0.290547156333243, -0.04804974906333304, 0.4893333533346284, 0.06258711242975368, -0.3988236987659397, 0.061504573679363524, 0.4692720661415389, 0.48843334681899797, -0.006275713284530212]], "inverted": true, "swapped": true, "error_lsq": 0.042737711376713665, "error_max": 0.23107264595702992, "target": "246.xyz", "model": "2.xyz", "model_rescale": 3.932901565614263, "target_rescale": 4.069734352069537},
{"mapping": [4, 5, 13, 3, 15, 14, 12, 8, 2, 7, 11, 0, 10, 16], "R": [[0.9059542145407657, 0.027014061621477764, -0.42251296031072877], [-0.26052970134739606, -0.7510662434382605, -0.6066496292617153], [-0.3337232923720805, 0.6596739637444023, -0.6733936632357689]], "T": [-0.02847316423105189, -0.07117274624514121, -0.010843527518256325], "aligned_model": [[-0.09426457997476047, 0.4815879946370682, 0.248264844088116, -0.45362265535643215, -0.4230406418775363, -0.23336908273313703, 0.35153306213267227, -0.6140883228930641, -0.09438682065015641, -0.2675508239731515, 0.6583011254395885, 0.4970712518571853, 0.36271646460031376, 0.0006580967559976086], [0.08465082409427642, 0.11851945863229697, -0.4681435074462214, 0.45197505994584336, -0.6048353342462252, -0.629724772873301, -0.5511617688456376, -0.15450897296732843, 0.6630185599381189, -0.3008420834723482, -0.024558892771357074, 0.5789602293366733, -0.49436074279231396, -0.005491418181987881], [-0.5931882781437049, -0.3821356358272231, -0.6153326773976976, -0.04963110869109864, -0.4521536241836829, 0.16641441270369725, -0.011729975624163634, 0.1301049479594384, 0.48144826286258685, 0.6636528581710543, 0.17216650140912212, 0.1424673172134069, 0.5657242147721124, -0.003910852166750398]], "inverted": false, "swapped": true, "error_lsq": 0.0408516534382622, "error_max": 0.2893571228322579, "target": "246.xyz", "model": "3.xyz", "model_rescale": 3.9243930471874484, "target_rescale": 4.069734352069537},
{"mapping": [15, 14, 13, 4, 5, 8, 3, 12, 11, 9, 0, 2, 16], "R": [[-0.8437380069519822, 0.47225196358240695, -0.2551161667108886], [-0.5098111453248777, -0.5563831709749205, 0.6561481259276969], [0.16792489906870062, 0.6836781771772837, 0.7102009422158727]], "T": [-0.034923295939099264, -0.1153340820868289, -0.14071409465898868], "aligned_model": [[0.059212476528928235, -0.29131743321598663, 0.6135229341564571, 0.36505386410555124, 0.5737030749819237, -0.5181200178907805, -0.2893898537688148, 0.21996636191450714, 0.26633811512755673, -0.4037095943789329, 0.17324323704258196, -0.46852050172962634, -0.02277677656201285], [-0.6133077738482948, -0.07136684918830359, -0.23215350722462252, -0.5607033840784208, 0.003200558894272121, -0.4542112789104869, -0.5405842304611171, 0.24394269716396066, 0.5123613638370661, 0.6226068911048447, 0.2796765678619199, 0.03733195222221462, -0.09896345369144546], [-0.7558518941173505, -0.7043735752341446, -0.5474665395248193, -0.043763796433356844, 0.08183214228214153, -0.28713706705950126, 0.3179244074685489, -0.5658569387630298, 0.009500539597523144, 0.1540610329961388, 0.5824783522776344, 0.6171904086611795, -0.07146675677999963]], "inverted": true, "swapped": true, "error_lsq": 0.040378947272600274, "error_max": 0.2105980535759277, "target": "246.xyz", "model": "4.xyz", "model_rescale": 3.8936222436046832, "target_rescale": 4.069734352069537},
{"mapping": [15, 4, 12, 14, 11, 0, 2, 9, 7, 8, 10, 16], "R": [[-0.6498332299610241, 0.7309486489808037, 0.2084006856792004], [0.5417538505337056, 0.6377403582291739, -0.5475308218882557], [-0.5331224424748282, -0.24290184857028813, -0.8104191219923249]], "T": [-0.15677999305613624, -0.19848463741690747, -0.091236342890331], "aligned_model": [[0.12598881680667187, -0.5177838697659264, -0.1640187341589849, 0.35957097669895055, -0.5293493333983976, -0.7454614646457126, -0.2100075845917433, -0.05092437897155566, 0.4933917496484015, 0.3489120181060176, 0.12251879699720461, -0.20528895050982826], [-0.6051233156673692, -0.646421271283682, 0.2201633387096109, -0.08125244275584012, 0.40725450537637553, 0.09617592158481791, -0.15903048733388253, 0.4855792965921907, 0.10139020026926004, -0.5216908142286851, 0.5635186922158245, -0.19164071836881325], [-0.7156725999948176, -0.28297542883919696, -0.5378642108014571, -0.41530635046415504, -0.05127855890173805, 0.44635394190716093, 0.792699675492526, 0.4457028649078124, 0.1372440564206958, 0.0065893725223461486, -0.16798840527314043, -0.038219637700517735]], "inverted": false, "swapped": true, "error_lsq": 0.0442676748880238, "error_max": 0.22082567915107476, "target": "246.xyz", "model": "5.xyz", "model_rescale": 3.6523030999806103, "target_rescale": 4.069734352069537},
{"mapping": [9, 2, 1, 11, 5, 7, 3, 12, 8, 15, 4, 13, 16], "R": [[0.9800207748514167, -0.12819314442372984, -0.15207168895749715], [-0.10337019912265437, -0.9814916082099937, 0.16121049887244657], [-0.1699231673226809, -0.14226995725070365, -0.9751335172533612]], "T": [0.023123349497949676, -0.07414264957504221, -0.027607954558950265], "aligned_model": [[0.10901606213821255, -0.24066605801981436, 0.24860234312144416, 0.614923951993226, 0.6091300456516022, -0.39690268867415573, -0.40313841338761547, 0.4159456379623887, -0.5704342737700745, -0.1790770204923449, 0.1303745979583243, 0.49908067489936037, 0.04422804528374145], [-0.5788388035064553, 0.07225637503309651, 0.5702970132606088, -0.30443364602266765, 0.22411320397218557, -0.6688245769396277, 0.38246144221216705, -0.46486490209193676, -0.12110989449269113, -0.03701672895457743, 0.462245848862773, 0.04540771673280325, -0.040866143902494684], [0.6832765816621309, 0.805887795357752, 0.30513682267639486, 0.2949793217209359, 0.012925315202647059, 0.1588941598566076, 0.22881709539662154, -0.2880340491733482, -0.15105810337932163, -0.797653751937939, -0.2893701605536612, -0.6265646951766598, 0.03287340782962889]], "inverted": false, "swapped": true, "error_lsq": 0.04224255720448216, "error_max": 0.25545197855312285, "target": "246.xyz", "model": "6.xyz", "model_rescale": 4.08911054899281, "target_rescale": 4.069734352069537},
{"mapping": [15, 12, 14, 6, 3, 2, 8, 7, 1, 4, 0, 11, 9, 10, 16], "R": [[-0.07985744965753463, -0.9951095085359514, -0.05813650966072609], [0.49212188964061543, -0.09007781577024285, 0.8658533552759453], [-0.8668557166395943, 0.04053459173840984, 0.4969085563781893]], "T": [-0.008747411534624222, -0.15164239386554185, -0.04045686449984417], "aligned_model": [[0.1299128732506455, 0.4047577323207671, 0.529429135275116, -0.3671061182418906, -0.48373328031856855, -0.31279575897283785, 0.09773615937368674, 0.5563238635427762, -0.7210435802104125, -0.482820073768696, -0.4013147182057656, 0.11317304453290028, 0.32803694085213714, 0.7010276216146546, -0.05525030124495799], [-0.7896804995110487, -0.4630262565559714, -0.31996675012740716, -0.3957259704387708, 0.15652131774746186, 0.6807192124778751, -0.041330352131376674, 0.27648291311292816, -0.04294434042275497, -0.5250391243767132, 0.3121338716384952, -0.029972473463578175, 0.5571962084058413, 0.03522260720048692, -0.10983154738635455], [-0.4975285818864407, 0.28642012420315716, -0.30010277106095146, -0.6413306268663544, -0.40837498675030987, -0.018975482805656217, -0.6288861432186776, -0.28996574563452165, 0.19971233345470804, -0.10016361960986464, 0.5538296990541551, 0.6506699544255644, 0.3488716929339855, 0.31429465596367373, -0.004400470120387599]], "inverted": true, "swapped": true, "error_lsq": 0.04544040123332538, "error_max": 0.37096545011796384, "target": "246.xyz", "model": "7.xyz", "model_rescale": 3.964800864290218, "target_rescale": 4.069734352069537},
{"mapping": [14, 4, 12, 8, 10, 3, 7, 5, 1, 0, 2, 9, 11, 16], "R": [[-0.9723453792147032, 0.2311708495518321, -0.03323404635760105], [-0.22131720071530714, -0.866603131249186, 0.44723339497028464], [0.07458659522565309, 0.44222059113816753, 0.8937996355929299]], "T": [0.0048871528812661266, -0.11817040941672809, -0.10216813517995223], "aligned_model": [[-0.20418868287246766, 0.22351160729612835, 0.38030088650321825, -0.5611648131321918, 0.09588918888889687, -0.3938753298567539, -0.5147553297592944, 0.610322423420901, 0.25537277654475593, 0.3156954987097942, -0.3709929857777072, -0.0947538768981693, 0.49988963567941985, 0.019936890714342452], [0.18307006167059353, -0.678745951581334, 0.24787844762315292, -0.21090504884260514, 0.6890360373420287, -0.553426587400396, 0.4224465237021817, -0.2871715330049661, -0.596746461866424, -0.06294598246743106, -0.07305744518115644, 0.5696146032983753, 0.2912228765987777, -0.12932107370959495], [-0.6030918366794256, -0.1776221841008856, -0.4181867146183214, -0.30401454188902277, -0.17060898066138003, 0.22567441127719895, -0.1527302555700803, 0.09503759871788124, 0.43176468525551154, 0.6869595282333781, 0.6993377181196879, 0.4311948099006972, 0.20555597236669038, -0.032455171626908544]], "inverted": true, "swapped": true, "error_lsq": 0.043743277380852215, "error_max": 0.2765716364211506, "target": "246.xyz", "model": "8.xyz", "model_rescale": 4.121658175737393, "target_rescale": 4.069734352069537},
{"mapping": [7, 8, 3, 2, 14, 10, 4, 5, 1, 13, 9, 0, 16], "R": [[0.04084406948238811, -0.9840883729943146, -0.1729214738704283], [-0.15135802822915817, 0.1649747725153478, -0.9746148324974802], [0.9876348056233639, 0.06598028926060098, -0.14221143466820169]], "T": [-0.09398536780841049, -0.1556159945912896, -0.05387103819356884], "aligned_model": [[-0.6738652656766062, -0.2893323033644478, 0.3276946623350362, 0.24340000332793532, -0.6734219845397295, -0.7290197966266776, 0.3485542963145815, 0.30954039229557234, 0.6515613251958206, -0.0714385792839437, -0.3342610116677671, 0.4079296837892663, -0.040603925663843014], [0.21140831133929716, -0.24634272999866474, -0.0408019473312759, 0.5995899117110777, -0.35128863720740583, 0.20938368887916148, -0.569996175094589, -0.21995692371873027, -0.038949144295530036, -0.7725939362027789, 0.6728869535418589, 0.44559263415467265, -0.10854456636538334], [-0.3602759485044664, -0.62252273099831, -0.5685980339008534, -0.3725681380912679, -0.16040040204952927, 0.30397567879370857, -0.04035749965389079, 0.46287895342829055, 0.03221796790542726, 0.4134689929519316, 0.09878239157064808, 0.2762857427966575, -0.041811540289257196]], "inverted": false, "swapped": true, "error_lsq": 0.04146564122374041, "error_max": 0.24263014634761604, "target": "246.xyz", "model": "9.xyz", "model_rescale": 3.833441315466971, "target_rescale": 4.069734352069537},
{"mapping": [10, 12, 8, 6, 15, 14, 13, 1, 2, 3, 9, 0, 11, 7, 16], "R": [[0.5477938997746983, -0.14872023099041187, -0.8232886105514801], [-0.22292982020370458, -0.974441061020684, 0.027693209651966685], [-0.8063647677283352, 0.16836541061347005, -0.566947043272461]], "T": [-0.10758431451348091, 0.05853176077398445, -0.00040773694365961455], "aligned_model": [[0.18050271547312194, -0.013421385889677326, -0.6000554888330304, -0.6927673026129719, -0.8097364130774287, -0.49288533408330515, -0.2263622794125464, 0.2612366298662461, 0.3155896113062229, -0.23030564030317252, 0.492392129806958, 0.6803991547255646, 0.541265485447449, -0.23155901513138488, -0.05044784898751291], [-0.7010196009284955, -0.4032482814867485, 0.05189542323618394, 0.5129780040795152, -0.00029985622477915475, -0.4282017361168097, 0.04007443435687798, 0.7203087487612803, 0.35298270524023223, 0.5878050965831791, -0.340159476156941, 0.345053706699583, -0.17768550733946334, -0.45763427134942447, 0.09825214994078837], [0.067675738775865, -0.39116023549624246, 0.35622178366129587, 0.008893645244522602, -0.37290622686103725, -0.00449534796727874, -0.7653443127294977, -0.05411687523408362, 0.7206714271314564, 0.4005279256977139, 0.49811623797752425, 0.13873701158007481, -0.17510686777140225, 0.5316208403402717, 0.018787163472910855]], "inverted": false, "swapped": true, "error_lsq": 0.040155207828239003, "error_max": 0.25218253042701966, "target": "246.xyz", "model": "10.xyz", "model_rescale": 4.2482417240324, "target_rescale": 4.069734352069537},
{"mapping": [5, 0, 2, 9, 6, 8, 3, 7, 11, 14, 12, 16], "R": [[0.45669887770001566, -0.6187061313692417, 0.6392408451543543], [0.5990954960944745, -0.3172985712518726, -0.7351232571758537], [0.6576554733801447, 0.7186962777749912, 0.22575415532280035]], "T": [-0.15700850313846204, 0.14327144039332637, -0.0848448542463198], "aligned_model": [[-0.5817316214083685, -0.044427447532992714, 0.3701299170518243, 0.5764677215520808, -0.49272804267523895, 0.05350819004416002, -0.1194571253812692, 0.5321117870953758, -0.06086457136889359, 0.0211586812867795, -0.22633014876605387, -0.151071737534397], [-0.35596229733305385, -0.657244824534361, -0.2310697761071723, -0.32346066267055285, 0.6476447178463118, 0.6699145740693428, 0.22943411677605802, 0.40868981797618087, -0.47722217984637383, 0.5961809737736777, 0.07585208546496876, 0.0833748446356134], [-0.15102110370566785, 0.17759228077406933, 0.5215596564907045, -0.19267046112799674, 0.3417076291490039, 0.13444090708320963, 0.5838150597659911, -0.22455103373528726, -0.4211013911374373, -0.4702180372886037, -0.6893645972745762, -0.044996619139052424]], "inverted": true, "swapped": true, "error_lsq": 0.04583414093351374, "error_max": 0.25222310141456566, "target": "246.xyz", "model": "11.xyz", "model_rescale": 3.6694154284099745, "target_rescale": 4.069734352069537},
{"mapping": [12, 10, 7, 9, 11, 13, 5, 6, 2, 3, 8, 1, 14, 16], "R": [[-0.2948625318801905, 0.39940651485429446, 0.8680613591130238], [0.7444496514216348, -0.47349883406451054, 0.47073726285238554], [0.5990415710043923, 0.7850307573792861, -0.15772097570422972]], "T": [-0.024707672934258025, -0.007388783951943076, 0.028622580290861364], "aligned_model": [[-0.14800063575520558, 0.030135192079731025, -0.19569057262467923, 0.5105350975209978, 0.47892776961193495, -0.28450556238140584, 0.3526674168680092, -0.43438512208244584, 0.594311940788111, 0.09398115157947076, -0.4207085198184252, 0.5084589753841703, -0.531696098928928, 0.04423381801447416], [-0.24348430062886622, 0.2652594046730019, 0.6668542552872183, 0.5332493686073835, -0.15877708940563828, -0.7152453507787704, -0.5458347365646414, -0.08570639274157964, 0.5462026144038932, 0.2201187621000381, 0.37700447092889083, -0.2958277788165684, 0.17382045354881914, -0.006646392476926725], [-0.5226058043250901, -0.7376691350325122, -0.2560046815957703, -0.40574840675678425, -0.4517495348026847, -0.14750515817738638, -0.012210565331361903, 0.6410585141966674, 0.33859672848298455, 0.6531972137853737, 0.28392958831777126, 0.48622351313624895, -0.2804227713855658, 0.05000595914052504]], "inverted": true, "swapped": true, "error_lsq": 0.04479914229977961, "error_max": 0.26806763393244476, "target": "246.xyz", "model": "12.xyz", "model_rescale": 3.9764082729961374, "target_rescale": 4.069734352069537},
{"mapping": [6, 13, 15, 7, 3, 1, 2, 8, 14, 4, 12, 10, 5, 11, 9, 16], "R": [[0.21257103056073878, -0.7454267151139722, -0.6317852240759819], [-0.8517289148268072, 0.17555004583562994, -0.4937003514836282], [0.47892735630186667, 0.6430561358089208, -0.5975846329886704]], "T": [-0.06692664635313735, 0.019757112448615548, -0.013462750998718987], "aligned_model": [[-0.20313825159275867, -0.214787593130286, -0.6534892571546167, -0.46842970662900313, 0.21602191510634927, 0.6432150776664806, 0.488333674279713, -0.4175600448762256, -0.6771383517901607, 0.12241925732002197, -0.32595098953072116, -0.3498606218859773, 0.3765399700961983, 0.251094023305052, 0.14834059630210888, 0.003230616323218763], [0.08181536436296377, -0.7321742855361739, -0.29111079205614543, 0.5578333417047833, 0.43249632500652047, -0.062149896523792166, 0.7031681502629601, 0.4174814732324197, 0.046404121829406335, -0.3093793146785582, -0.38002768900108796, 0.0588422985171733, -0.4630820086066538, -0.2114484225853363, 0.4626374078067747, 0.03415804360798941], [-0.7391639328177583, -0.1244274118678437, -0.454528849475742, 0.3243549072973886, -0.4668132195822831, -0.2700798121350151, 0.08836072752278182, -0.31116741363902034, 0.0975088340114392, -0.48627586961965363, 0.37108046094717484, 0.7500609757418538, 0.05139934381191678, 0.5804491121730053, 0.7110851410962084, -0.004446050611754222]], "inverted": false, "swapped": true, "error_lsq": 0.03962580847642417, "error_max": 0.28644817921926047, "target": "246.xyz", "model": "13.xyz", "model_rescale": 4.170626492500431, "target_rescale": 4.069734352069537},
{"mapping": [4, 13, 1, 5, 3, 9, 0, 15, 8, 12, 14, 11, 7, 16], "R": [[0.7323945914619876, -0.20264385934164486, -0.6500258676917036], [0.6321259668016473, -0.1523884627358691, 0.7597331890342038], [-0.25301170821191454, -0.9673227086635166, 0.01648795959379716]], "T": [0.06116157691013059, 0.05135386051909546, 0.07366029642299428], "aligned_model": [[0.1018174001484153, -0.019691096790647608, -0.3197758928707376, -0.45990474731001496, 0.273907920464242, -0.3845545833475055, -0.6694173410385158, 0.6453211528621077, 0.6285972056589506, -0.1224673343268307, 0.4403874237880428, -0.6068774163841293, 0.32562703315642605, 0.01021329808184001], [-0.33203029048519833, -0.717602036974587, 0.07514727449257222, -0.28356570533412345, 0.39207423770211686, 0.6983094679108, 0.37973519924637006, -0.4869684005315698, 0.26974754479121543, -0.28878608974282577, -0.03751394211655171, 0.05579134011169751, 0.5483162780682118, 0.08341959078753756], [-0.39441939853870234, 0.11545163145928078, -0.5829848588526904, -0.15066562326099692, -0.46910006622010164, 0.4612659417195316, -0.2105828659528043, 0.13847223010867654, 0.06485578763528571, 0.5484025600526063, 0.5570580125485559, 0.320700089147861, 0.5715939106269999, 0.03382575064736359]], "inverted": true, "swapped": true, "error_lsq": 0.04261120418053403, "error_max": 0.2228517046447029, "target": "246.xyz", "model": "14.xyz", "model_rescale": 3.9786697098870705, "target_rescale": 4.069734352069537},
{"mapping": [7, 8, 9, 10, 2, 0, 15, 4, 11, 12, 3, 16], "R": [[-0.7456362932408944, -0.18693663651805598, 0.6395945685583135], [0.1925418574129572, 0.858458893925807, 0.47536928864162914], [-0.6379295818081707, 0.47760132052476184, -0.6041049803527996]], "T": [-0.05887888963223801, -0.01961372030704197, 0.11649473307489285], "aligned_model": [[-0.09260327862727785, -0.5771124840600054, 0.5281170228317784, 0.46644477197846074, 0.06785539652439351, 0.5222787876840455, -0.5971819756941437, -0.29084045300019284, 0.6524433246546267, 0.27655395393392496, -0.447039216525889, -0.025561252932384357], [-0.3689353620971422, -0.12909101172664852, 0.022840632731993195, -0.5393737307938321, 0.6125417617075889, 0.5934673534093785, -0.4653488587551953, 0.23934601711552708, -0.004859383806241645, -0.49020247090140145, 0.5004858429484819, 0.04380370039193061], [-0.5481018079348141, -0.1821776254526663, -0.5324166756510587, -0.22764528149380608, -0.4918230772226622, 0.022892460240361415, 0.49961850883933917, 0.6133534570134276, 0.1500724636822573, 0.31854921818616166, -0.06996759102055754, 0.10761244468784799]], "inverted": true, "swapped": true, "error_lsq": 0.046661753564629704, "error_max": 0.22041673013337962, "target": "246.xyz", "model": "15.xyz", "model_rescale": 3.769337070930944, "target_rescale": 4.069734352069537},
{"mapping": [4, 3, 12, 14, 5, 1, 11, 2, 10, 7, 16], "R": [[-0.5897747591489342, 0.2992063873777952, 0.7500941749028224], [-0.6974704240894034, -0.6569107588288139, -0.2863621177032676], [0.4070635589086363, -0.6920576512742859, 0.5961169904652563]], "T": [-0.13770658198086794, 0.05011124405959827, -0.08078357942698794], "aligned_model": [[-0.17578458429314825, -0.22523796845796368, -0.06993149864653384, -0.5846675360414442, 0.35097218396374635, 0.323223862806989, 0.48616918363605566, 0.24758614904355447, 0.03342616371542459, -0.385310064891408, -0.07781976014410162], [-0.12144713407165958, -0.6189929258654572, 0.6584099265924728, 0.41727915227171386, 0.15585350895640204, -0.4202388298494525, 0.37501278131295857, -0.6041111416982641, 0.6205836310813411, 0.12390229426929528, 0.009813234625991894], [-0.6611737005289748, -0.10482644843527014, -0.09398322299094353, 0.14459768413626, -0.509753258074575, -0.45916998962165906, 0.03120957725050222, 0.3766825640711145, 0.47583353005924384, 0.6249776424587197, -0.08017677110064071]], "inverted": true, "swapped": true, "error_lsq": 0.04282931903304998, "error_max": 0.18178945629906665, "target": "246.xyz", "model": "16.xyz", "model_rescale": 3.7852294659196426, "target_rescale": 4.069734352069537},
{"mapping": [8, 10, 9, 7, 14, 12, 5, 11, 2, 3, 4, 0, 16], "R": [[0.4995932558213265, 0.48968218108984835, 0.714575356600643], [-0.3357815050588912, 0.8698741847346723, -0.3613442729483556], [-0.7985345074561481, -0.059416026922698734, 0.5990094958733865]], "T": [-0.10529257956682356, 0.19036904718360328, -0.12622581730188448], "aligned_model": [[-0.041129284883254985, -0.37627154314088895, 0.2621106162525042, -0.06089184440532583, -0.534374961820515, -0.6149517731218311, -0.13284231865043866, -0.1149929749369126, 0.7493053822704805, 0.4390767447131745, -0.13856341065342695, 0.46392846969057266, -0.04663725109785486], [-0.04446777531209009, -0.4419988688637251, -0.42235679340394805, -0.5466080087932736, -0.19419335194372975, 0.07346070647429048, 0.6664396683434859, 0.12439964663593746, -0.02101448376955234, 0.3533241576599152, 0.777086258498983, 0.34055972665450307, 0.21042474152207777], [-0.6834432361735381, 0.31107155020783345, 0.3807599080337987, -0.2667423637968117, -0.35727375963830565, 0.19216847595708225, 0.3283081458015776, 0.5829133703738028, -0.022726940403167528, -0.49098308471740953, -0.2758616077566134, 0.4868028861167281, -0.08923864686180329]], "inverted": true, "swapped": true, "error_lsq": 0.04114710939151303, "error_max": 0.24978586463285984, "target": "246.xyz", "model": "17.xyz", "model_rescale": 3.901054581598922, "target_rescale": 4.069734352069537},
{"mapping": [13, 4, 14, 12, 3, 7, 1, 5, 8, 9, 2, 0, 11, 10, 16], "R": [[-0.7969453491259535, 0.5219696760568736, 0.304016065009063], [-0.4746868756297255, -0.8524230009530906, 0.2191971659283417], [0.3735645601651766, 0.030375725887786198, 0.927106700798451]], "T": [-0.05311439100648785, -0.029395305818335535, -0.12456071903190155], "aligned_model": [[0.27707741879321646, 0.185514267572797, -0.5023829155492703, 0.08802412713476457, -0.19999928782146942, -0.6113298221633654, 0.4722743097925963, 0.5940225019657243, -0.6307928840564119, -0.0012903791976686119, -0.037101110574152635, 0.5640381012715301, 0.46423685405651993, -0.11586844830734112, -0.007336521828434958], [0.03868982552720841, -0.48477979076381317, 0.30895783353560186, 0.48031455620596636, -0.6128497007541535, 0.35704014031984777, -0.5312565791131458, -0.07551541365481404, -0.21864362282144317, 0.4772875291512229, -0.2570742252084112, -0.0682424076297224, 0.41689036886163067, 0.7690538524468435, -0.05111501627571219], [-0.8216364871158671, -0.44614467108096434, -0.3873496594107795, -0.43289617747688913, 0.18194538122970874, 0.19779728776242603, 0.09671810466831862, -0.23897280526886486, -0.10942312815447736, 0.5882080837810273, 0.7319663240724924, 0.458523956027059, 0.07668846179498023, 0.027388738139069724, -0.07314700411526338]], "inverted": true, "swapped": true, "error_lsq": 0.03149314223100174, "error_max": 0.208339918805901, "target": "246.xyz", "model": "18.xyz", "model_rescale": 3.9405287249114394, "target_rescale": 4.069734352069537},
{"mapping": [6, 8, 2, 7, 15, 1, 3, 13, 4, 5, 9, 11, 14, 12, 10, 16], "R": [[-0.05766939476711477, 0.07878561954136118, 0.9952221194591078], [-0.9177989430000508, 0.38807870560331326, -0.08390481800973293], [-0.3928350049768785, -0.9182525493625058, 0.049929094264517]], "T": [0.0723481218400593, 0.0017371771514906962, -0.08623398594049057], "aligned_model": [[-0.4112539987499452, -0.17282058471186734, 0.8118727713405214, 0.21502754564349408, -0.7234259699193625, 0.3874803881913495, 0.18798298565543115, -0.41667648610070124, -0.20645598429450673, 0.21290211884132693, 0.8269220861737044, 0.5353685695345786, -0.2797939988458539, -0.06033219791805096, 0.32760292063981755, 0.13276493249145072], [-0.2138294569578005, -0.5456324846615417, -0.3535995450546737, -0.6037815345456976, -0.03591170468041257, 0.34518228005893126, -0.307474282165439, 0.5926059583392261, 0.3106353245067645, 0.6324465329609097, -0.19879016114746853, 0.42805414510773687, -0.2697198392348459, 0.30009948472626374, -0.0483596586147781, 0.020427070340461366], [-0.6046035920574108, -0.1864101913630049, -0.4217511951667704, 0.3354782120877195, -0.06256945027113411, -0.6859001083551122, -0.6752645836833792, 0.020095027339515917, -0.5273520075660936, -0.21450569167135808, 0.3110813908833453, 0.24721819177866566, 0.3469981646836559, 0.431618160767394, 0.6863480888661586, -0.12103665959731366]], "inverted": true, "swapped": true, "error_lsq": 0.03347182592982248, "error_max": 0.203512570518382, "target": "246.xyz", "model": "19.xyz", "model_rescale": 4.410303926677745, "target_rescale": 4.069734352069537},
{"mapping": [14, 4, 12, 8, 10, 3, 7, 5, 1, 0, 2, 9, 11, 16], "R": [[-0.9723453792147032, 0.2311708495518321, -0.03323404635760105], [-0.22131720071530714, -0.866603131249186, 0.44723339497028464], [0.07458659522565309, 0.44222059113816753, 0.8937996355929299]], "T": [0.0048871528812661266, -0.11817040941672809, -0.10216813517995223], "aligned_model": [[-0.20418868287246766, 0.22351160729612835, 0.38030088650321825, -0.5611648131321918, 0.09588918888889687, -0.3938753298567539, -0.5147553297592944, 0.610322423420901, 0.25537277654475593, 0.3156954987097942, -0.3709929857777072, -0.0947538768981693, 0.49988963567941985, 0.019936890714342452], [0.18307006167059353, -0.678745951581334, 0.24787844762315292, -0.21090504884260514, 0.6890360373420287, -0.553426587400396, 0.4224465237021817, -0.2871715330049661, -0.596746461866424, -0.06294598246743106, -0.07305744518115644, 0.5696146032983753, 0.2912228765987777, -0.12932107370959495], [-0.6030918366794256, -0.1776221841008856, -0.4181867146183214, -0.30401454188902277, -0.17060898066138003, 0.22567441127719895, -0.1527302555700803, 0.09503759871788124, 0.43176468525551154, 0.6869595282333781, 0.6993377181196879, 0.4311948099006972, 0.20555597236669038, -0.032455171626908544]], "inverted": true, "swapped": true, "error_lsq": 0.043743277380852215, "error_max": 0.2765716364211506, "target": "246.xyz", "model": "20.xyz", "model_rescale": 4.121658175737393, "target_rescale": 4.069734352069537},
{"mapping": [9, 2, 1, 11, 5, 7, 3, 12, 8, 15, 4, 13, 16], "R": [[0.9800207748514167, -0.12819314442372984, -0.15207168895749715], [-0.10337019912265437, -0.9814916082099937, 0.16121049887244657], [-0.1699231673226809, -0.14226995725070365, -0.9751335172533612]], "T": [0.023123349497949676, -0.07414264957504221, -0.027607954558950265], "aligned_model": [[0.10901606213821255, -0.24066605801981436, 0.24860234312144416, 0.614923951993226, 0.6091300456516022, -0.39690268867415573, -0.40313841338761547, 0.4159456379623887, -0.5704342737700745, -0.1790770204923449, 0.1303745979583243, 0.49908067489936037, 0.04422804528374145], [-0.5788388035064553, 0.07225637503309651, 0.5702970132606088, -0.30443364602266765, 0.22411320397218557, -0.6688245769396277, 0.38246144221216705, -0.46486490209193676, -0.12110989449269113, -0.03701672895457743, 0.462245848862773, 0.04540771673280325, -0.040866143902494684], [0.6832765816621309, 0.805887795357752, 0.30513682267639486, 0.2949793217209359, 0.012925315202647059, 0.1588941598566076, 0.22881709539662154, -0.2880340491733482, -0.15105810337932163, -0.797653751937939, -0.2893701605536612, -0.6265646951766598, 0.03287340782962889]], "inverted": false, "swapped": true, "error_lsq": 0.04224255720448216, "error_max": 0.25545197855312285, "target": "246.xyz", "model": "21.xyz", "model_rescale": 4.08911054899281, "target_rescale": 4.069734352069537},
{"mapping": [10, 12, 7, 13, 14, 9, 3, 0, 4, 6, 8, 5, 11, 15, 1, 2, 16], "R": [[-0.3622391702895222, 0.8364562858176463, 0.41124647770419476], [-0.9259730840392344, -0.2724982327566032, -0.2613781949195403], [-0.10656749571434854, -0.47548458971945273, 0.8732455403816821]], "T": [0.050079925382941384, 0.01189158499834616, -0.04737075251181787], "aligned_model": [[0.25699052016285434, -0.0323840401042608, -0.3459058666322381, -0.48085510332489334, 0.14671774587063108, 0.5609508090204817, -0.41015113465362407, -0.5714514951300937, -0.5799975287976427, -0.08485140271732315, 0.3484832805954515, 0.6449502991795969, 0.6777993899497803, 0.39570559426211577, 0.0531368435317425, -0.19002634259371476, 0.0029090799005424828], [-0.2870862733866499, -0.6946502071522866, -0.16428296090442662, -0.37731862341536987, -0.5206514534820953, -0.46524347121607623, -0.5365683162889423, 0.43559033557510485, 0.0507940949868771, 0.4093299215097476, 0.5961280587800704, 0.009748219272114483, 0.40293119591264553, 0.03165604207954228, 0.7343993065442044, 0.2012351893168812, 0.01298463708724135], [-0.7677426392330313, -0.2447736308464119, -0.6112448252510212, -0.10527908512294355, 0.29742140192976985, -0.18485053264394247, 0.4442164028859149, -0.23245846213624582, 0.24890814028627756, -0.6633256485224897, -0.27183722742753097, -0.4266512533427448, 0.14998508540123212, 0.5942360438535901, 0.28121961378653165, 0.6066566237922943, -0.05364506570264561]], "inverted": false, "swapped": false, "error_lsq": 0.04054142356818391, "error_max": 0.2589541371454052, "target": "246.xyz", "model": "22.xyz", "model_rescale": 4.204369325754507, "target_rescale": 4.069734352069537},
{"mapping": [6, 8, 2, 7, 15, 1, 3, 13, 4, 5, 9, 11, 14, 12, 10, 16], "R": [[-0.05766939476711477, 0.07878561954136118, 0.9952221194591078], [-0.9177989430000508, 0.38807870560331326, -0.08390481800973293], [-0.3928350049768785, -0.9182525493625058, 0.049929094264517]], "T": [0.0723481218400593, 0.0017371771514906962, -0.08623398594049057], "aligned_model": [[-0.4112539987499452, -0.17282058471186734, 0.8118727713405214, 0.21502754564349408, -0.7234259699193625, 0.3874803881913495, 0.18798298565543115, -0.41667648610070124, -0.20645598429450673, 0.21290211884132693, 0.8269220861737044, 0.5353685695345786, -0.2797939988458539, -0.06033219791805096, 0.32760292063981755, 0.13276493249145072], [-0.2138294569578005, -0.5456324846615417, -0.3535995450546737, -0.6037815345456976, -0.03591170468041257, 0.34518228005893126, -0.307474282165439, 0.5926059583392261, 0.3106353245067645, 0.6324465329609097, -0.19879016114746853, 0.42805414510773687, -0.2697198392348459, 0.30009948472626374, -0.0483596586147781, 0.020427070340461366], [-0.6046035920574108, -0.1864101913630049, -0.4217511951667704, 0.3354782120877195, -0.06256945027113411, -0.6859001083551122, -0.6752645836833792, 0.020095027339515917, -0.5273520075660936, -0.21450569167135808, 0.3110813908833453, 0.24721819177866566, 0.3469981646836559, 0.431618160767394, 0.6863480888661586, -0.12103665959731366]], "inverted": true, "swapped": true, "error_lsq": 0.03347182592982248, "error_max": 0.203512570518382, "target": "246.xyz", "model": "23.xyz", "model_rescale": 4.410303926677745, "target_rescale": 4.069734352069537},
{"mapping": [15, 8, 5, 4, 10, 9, 3, 12, 0, 6, 13, 14, 11, 11, 7, 1, 16], "R": [[-0.7363020377771486, -0.26628133946643895, -0.6220559118095234], [0.013339097693849389, -0.924846382877167, 0.3801068751703059], [-0.6765215278451472, 0.27157580218233673, 0.684518229144475]], "T": [0.029756800037114686, 0.003214111365735812, -0.07096073106300331], "aligned_model": [[0.2761844841135637, 0.08004210963239904, -0.3916617649895539, -0.38740049644268404, 0.1814999915216695, 0.5131979497055112, -0.5882738060941002, -0.4879637803062964, -0.6335532387587979, 0.048250352011262584, 0.1925946105345882, 0.6031415481006285, 0.5545589693364061, 0.5545589693364061, -0.003760024397545733, -0.07143266059917046, -0.04796256418488072], [-0.2537639865209951, -0.8071119857436646, -0.08649818210808287, -0.5424003648521463, -0.5124938223409482, -0.38529944623408535, -0.36196042549616225, 0.542164784092193, 0.2932581568658211, 0.3592240741832763, 0.6452428850538079, 0.17927540667490985, 0.08047238116215405, 0.08047238116215405, 0.551813839762663, 0.08411913552890098, -0.027519135971214106], [-0.6894668705329238, -0.1996062565849071, -0.5291747977157669, -0.117533323070554, 0.2961949269700426, -0.159062115824047, 0.47119857407418847, -0.3670576878867406, 0.14416726615882952, -0.7423868138672314, -0.3064804225075107, -0.38462032520421896, 0.2744887289996581, 0.2744887289996581, 0.3029989688578995, 0.7773024472558676, 0.015383913584360545]], "inverted": true, "swapped": false, "error_lsq": 0.0411992237435905, "error_max": 0.3341751364471846, "target": "246.xyz", "model": "24.xyz", "model_rescale": 4.28219845311461, "target_rescale": 4.069734352069537},
{"mapping": [3, 1, 8, 0, 2, 5, 6, 9, 4, 11, 13, 12, 10, 7, 14, 16], "R": [[-0.33565606440013135, 0.6454956745484765, -0.6860541819496635], [-0.7058655912145307, 0.30992110247536536, 0.6369479393010193], [0.6237698081590481, 0.6980574792806544, 0.3516062884101517]], "T": [-0.11581463929327182, 0.11578243391862926, 0.02198063698011086], "aligned_model": [[-0.1461097099485953, -0.43129284928768574, 0.02165576883460793, 0.05140183685806646, 0.39000230448048334, -0.4818265703457091, -0.5358918725763026, 0.6666815652042325, -0.695330025368974, 0.07024798734098733, -0.7267797844293812, -0.12451869774440263, 0.45393577719341993, 0.5534646133747588, 0.050233020097019465, -0.10755259756151393], [0.27036981226209744, -0.33526033401880767, 0.6808078373619078, -0.638614413894218, -0.13899501463797093, -0.4300767985197321, 0.6205967223162606, -0.27811121879350914, 0.10072287777792384, -0.5207309235655662, 0.032740893670054685, -0.01739184271460427, -0.04577735814910745, 0.43845946018758547, 0.5453266636453987, 0.06104501278651976], [-0.6346205696367607, -0.501370356989182, -0.15579645330833566, -0.33199405201091736, -0.6599067159986343, 0.06754721199667071, -0.32115881810052593, 0.022245242751240547, -0.1559801202397755, 0.2818957994667285, 0.49038488209425524, 0.6194618760932032, 0.582186549191786, 0.13510147866913205, 0.4382774190483959, -0.02434735244953442]], "inverted": false, "swapped": true, "error_lsq": 0.04372561680288732, "error_max": 0.29729537841484543, "target": "246.xyz", "model": "25.xyz", "model_rescale": 4.100010024507729, "target_rescale": 4.069734352069537},
{"mapping": [5, 0, 2, 9, 6, 8, 3, 7, 11, 14, 12, 16], "R": [[0.45669887770001566, -0.6187061313692417, 0.6392408451543543], [0.5990954960944745, -0.3172985712518726, -0.7351232571758537], [0.6576554733801447, 0.7186962777749912, 0.22575415532280035]], "T": [-0.15700850313846204, 0.14327144039332637, -0.0848448542463198], "aligned_model": [[-0.5817316214083685, -0.044427447532992714, 0.3701299170518243, 0.5764677215520808, -0.49272804267523895, 0.05350819004416002, -0.1194571253812692, 0.5321117870953758, -0.06086457136889359, 0.0211586812867795, -0.22633014876605387, -0.151071737534397], [-0.35596229733305385, -0.657244824534361, -0.2310697761071723, -0.32346066267055285, 0.6476447178463118, 0.6699145740693428, 0.22943411677605802, 0.40868981797618087, -0.47722217984637383, 0.5961809737736777, 0.07585208546496876, 0.0833748446356134], [-0.15102110370566785, 0.17759228077406933, 0.5215596564907045, -0.19267046112799674, 0.3417076291490039, 0.13444090708320963, 0.5838150597659911, -0.22455103373528726, -0.4211013911374373, -0.4702180372886037, -0.6893645972745762, -0.044996619139052424]], "inverted": true, "swapped": true, "error_lsq": 0.04583414093351374, "error_max": 0.25222310141456566, "target": "246.xyz", "model": "26.xyz", "model_rescale": 3.6694154284099745, "target_rescale": 4.069734352069537},
