[{"mapping": [11, 3, 1, 5, 0, 9, 7, 12, 4, 6, 10, 13], "R": [[-0.24999350175456597, 0.9253252032561129, 0.28509036690060785], [0.9573174477659206, 0.28033078345638723, -0.0704127548791541], [-0.1450743026294924, 0.2553192512635142, -0.9559108361404869]], "T": [0.05157355119239094, -0.09065689687014458, 0.0434730623979743], "aligned_model": [[-0.4118139388091409, 0.2829535441593691, 0.234547145069087, -0.14425006667246568, 0.08425150315811489, -0.39223679769424236, 0.4070818093087135, -0.21102651298710728, 0.6023105302084061, 0.017431313366215333, -0.6100516916355099, -0.02155437501089085], [0.030429674869512133, -0.8228927753479421, -0.32315635299901835, 0.6048413570634638, 0.39072821079481646, -0.6990587194334864, -0.2477133674273617, -0.5801458711814411, 0.15253090707330383, 0.37372872518421696, 0.2885318135908318, -0.11426856620983786], [-0.4145663925334865, -0.06646397117241348, -0.6386460073725327, -0.15028553370925046, -0.6925951088672989, 0.03844473060912487, 0.5166480908310525, 0.7550263154424616, 0.06197012478191555, 0.531336655537633, 0.21302245955291668, 0.028060382253440447]], "inverted": true, "swapped": true, "error_lsq": 0.055440102193224934, "error_max": 0.38525961232846545, "target": "247.xyz", "model": "0.xyz", "model_rescale": 3.751011558992144, "target_rescale": 4.099267283406245},
{"mapping": [10, 9, 11, 12, 6, 4, 1, 7, 2, 13, 8, 5, 3, 14], "R": [[-0.582774860213499, -0.8076706745635345, 0.08967465502148336], [0.8121458918632276, -0.5826908415866447, 0.029840131714359498], [0.028151600892658727, 0.09021898126853811, 0.9955239940785192]], "T": [-0.05216801572568418, 0.06939906061433897, 0.048657355007724], "aligned_model": [[-0.43253758460048425, 0.17459744580792186, 0.2634709864249363, 0.6616530736441949, -0.11678955346459023, -0.8158569506145529, -0.3586769539337405, 0.2554787922782001, 0.03209916270614639, 0.43330061019295274, -0.5822015173709344, -0.13394142087409802, 0.5521538997627985, -0.007736049356312058], [-0.02587358227248561, 0.3075332433052922, -0.42129728416012285, -0.11113002578334831, -0.6727615644654366, -0.1076566902486819, -0.35209635336527534, -0.44192378893353135, 0.7607672474872442, 0.6009026505024149, 0.4183912578161164, 0.6451279014238255, 0.24173603114261638, 0.06300149505150003], [-0.6715480759078023, -0.5223585447917967, -0.49569556954859634, -0.050558598409187, -0.04487022761685047, -0.056244702762584864, 0.5113445454815466, 0.3377583907244979, 0.49435587958158644, -0.047915650979130975, 0.24278923174573702, -0.17923617071474718, 0.48282423601345165, 0.01721400972151675]], "inverted": true, "swapped": false, "error_lsq": 0.04834584809398761, "error_max": 0.3094016997717264, "target": "247.xyz", "model": "1.xyz", "model_rescale": 3.9405287249114394, "target_rescale": 4.099267283406245},
{"mapping": [2, 3, 1, 8, 9, 4, 7, 12, 11, 5, 10, 6, 13], "R": [[-0.5802429152271854, -0.6441354296391307, -0.4984051641107563], [-0.7610573277932055, 0.6467409306591541, 0.0501788045134261], [0.29001707387828524, 0.4084307981699516, -0.8654908318204957]], "T": [-0.13081320154610643, -0.02342289732467849, 0.0008225443589820955], "aligned_model": [[-0.3960372695542229, 0.20167456431305636, -0.346578541554357, 0.45295848502531455, 0.5568661117602114, -0.6205736124544965, -0.04411674357165543, 0.6499167697461302, -0.12232073446280153, -0.5789456946282691, 0.06294890807850251, -0.2428105820921717, -0.07699838132130937], [0.5274922647274776, 0.5406788403038395, 0.09633973900359277, -0.43486308578635724, -0.04584064187518881, 0.2890849388534871, 0.4562414021752325, 0.19724692180073816, -0.5664585644469635, -0.6078488645667609, -0.7249899514371347, -0.19560299787713564, -0.0726474073028095], [-0.24838246821238194, -0.4151502304523952, -0.7005503860366702, 0.2016797396268741, -0.30534782386379233, 0.1597793359516822, 0.3714346704765446, 0.3965899311542729, -0.3789539797382644, 0.13208815890042996, 0.284616398452992, 0.6431940751807484, -0.02787707185139605]], "inverted": true, "swapped": true, "error_lsq": 0.06293647652304336, "error_max": 0.41968875476402717, "target": "247.xyz", "model": "2.xyz", "model_rescale": 3.932901565614263, "target_rescale": 4.099267283406245},
{"mapping": [11, 8, 9, 7, 12, 10, 6, 5, 2, 0, 1, 3, 4, 13], "R": [[-0.9744577691115488, -0.22447608681223774, 0.006522474040472057], [-0.13289078632013432, 0.5529834158537585, -0.8225262188537978], [0.18103064693404908, -0.8023838409640203, -0.5686897894550823]], "T": [0.002335199488739788, 0.1339649262696221, -0.0720634093242927], "aligned_model": [[-0.6097636921836863, 0.14714700404638126, 0.2918777873793584, 0.7002303575172211, -0.23539566115032892, -0.6487820827728101, -0.2150063888302134, 0.2840062350128648, -0.060269626071316744, 0.1820350227210443, -0.5066383750267308, 0.07671537378513377, 0.5502843322660099, -0.03142634609048847], [0.10454182661122019, 0.08187426605673559, -0.47046659656101064, 0.030954554490391584, -0.5819970325620436, -0.15547704632848036, -0.19075622301222683, -0.4421662706277476, 0.4054224480448887, 0.7219824836325955, 0.5961145028601358, 0.5311372160803619, 0.24259664126992164, 0.030959767545385652], [-0.7218156131584219, -0.7897700554627091, -0.37309590490423994, -0.1819440675560683, 0.04631024300284883, 0.001523746756675895, 0.4883034971555854, 0.2527964948852578, 0.7131698699415094, 0.1941952147729705, 0.20385739491907537, -0.3841647389583568, 0.5996339205219015, -0.031141249378387734]], "inverted": false, "swapped": false, "error_lsq": 0.05422728068854694, "error_max": 0.3853644882883479, "target": "247.xyz", "model": "3.xyz", "model_rescale": 3.9243930471874484, "target_rescale": 4.099267283406245},
{"mapping": [0, 11, 5, 4, 6, 1, 2, 10, 8, 9, 7, 3, 13], "R": [[0.6164664956600184, 0.4493499910756044, -0.6465706807836332], [-0.20988172130169164, -0.6976781254700871, -0.6849780261468135], [-0.758893090489099, 0.557969370808918, -0.33578483951334764]], "T": [0.053124753320263056, -0.058579694391377994, -0.010915175506273148], "aligned_model": [[-0.05125723768526048, -0.18517694929236359, 0.4430459571750865, 0.29284855035906915, 0.7180530324591541, -0.548651554356522, -0.20669460569922393, 0.39983641774826, 0.13545023488041683, -0.44782730179157, 0.2654230781286257, -0.5574123126167463, 0.019568577002426174], [-0.625253084340342, 0.03230969221022293, -0.24467151603243453, -0.5680915604718915, 0.053998335071645955, -0.46776076964725577, -0.5416951393964273, 0.4169561290810789, 0.657843682934218, 0.5006562890103631, -0.044215570031291666, -0.041728219599458403, -0.000518715106840574], [-0.6761831607975817, -0.622586234127327, -0.6216019960669765, 0.20291613374428885, -0.005704151676976396, -0.16342052515767813, 0.3565733655350732, -0.524661942413552, -0.18520253340116655, 0.04780314314956562, 0.5632542744650461, 0.46736586440663513, -0.05148192228838653]], "inverted": true, "swapped": true, "error_lsq": 0.040339216158369204, "error_max": 0.27747380442847713, "target": "247.xyz", "model": "4.xyz", "model_rescale": 3.8936222436046832, "target_rescale": 4.099267283406245},
{"mapping": [6, 7, 8, 5, 9, 3, 2, 1, 0, 4, 11, 13], "R": [[-0.8877586177267859, -0.18386975447886408, -0.42199117294051136], [0.019704810920331148, 0.9007351466952028, -0.433921555047183], [0.45988733085226463, -0.3935328561833862, -0.7960122700220933]], "T": [-0.12101177521907047, -0.08480137673370731, -0.09242352457890507], "aligned_model": [[0.04472620010569445, -0.46316066611997925, -0.3998591458090332, 0.5658540621769825, -0.6793201958984314, -0.6901030489577636, -0.18409451195699914, 0.019840316301866112, 0.6580126673414066, 0.1197306645987967, 0.17504706582808477, -0.13912536539552708], [-0.5141073061899194, -0.5916933570765669, 0.20840215892351227, -0.032387760752010546, 0.41493101499003593, 0.04375957079048563, -0.298336204964751, 0.2942848066427053, 0.21931261967070154, -0.5582797624136462, 0.4992726495964018, -0.01623552410714095], [-0.5854325775938769, -0.06172953844467438, -0.714269047364007, -0.3841001235404332, -0.16795452257598492, 0.41884884818532037, 0.5291695141356649, 0.5314964321368911, 0.18185993875849943, 0.19157465380225797, -0.19438803028477744, -0.12579082793936117]], "inverted": false, "swapped": true, "error_lsq": 0.03957818165456916, "error_max": 0.2056467889312479, "target": "247.xyz", "model": "5.xyz", "model_rescale": 3.6523030999806103, "target_rescale": 4.099267283406245},
{"mapping": [12, 8, 6, 7, 4, 9, 5, 3, 11, 1, 0, 2, 13], "R": [[-0.36221587019960444, 0.9107916948373583, -0.19813670026230865], [0.9168530026330751, 0.38643418861961065, 0.10024564543469128], [0.16786969630715962, -0.14535166487245957, -0.9750346960906296]], "T": [0.09228043678464914, 0.005291586704940364, 0.05603074639464872], "aligned_model": [[0.2375738148766025, -0.3334856999959258, 0.25784917393095047, 0.6406921038956228, 0.5651246501396253, -0.2521178315417845, -0.22525115395238898, 0.2997347607898262, -0.5407557072771828, -0.05292601184882689, -0.26562282749280686, 0.5275926550290775, 0.022674978111505498], [-0.6077536228949949, -0.22987119150853821, 0.3910549982952624, -0.1542633759330114, 0.3273998909811562, -0.6593289022446608, 0.6806654871801963, -0.6609343885096094, 0.11073057334465158, -0.10481165857383037, 0.5775083244127838, -0.10227418855589748, -0.0272950418303248], [0.7025071085818475, 0.6162429277407617, 0.5838604229416469, 0.276789260023457, -0.1322728902467445, 0.13858452304960897, 0.10751751697377324, -0.2829351628451819, -0.10931110078026074, -0.6648119002039656, -0.5088312559409829, -0.4286210223631588, 0.07139131255098821]], "inverted": true, "swapped": true, "error_lsq": 0.05552735719676061, "error_max": 0.3206775641267728, "target": "247.xyz", "model": "6.xyz", "model_rescale": 4.08911054899281, "target_rescale": 4.099267283406245},
{"mapping": [0, 3, 9, 8, 1, 2, 13, 11, 5, 4, 7, 6, 10, 14], "R": [[0.9190347078394745, -0.0916033957827294, -0.3833849549310517], [0.2297878524106563, -0.6657532237776884, 0.7099085771520963], [-0.3202698060556291, -0.7405278272358764, -0.5908009719172793]], "T": [0.01729465395940557, 0.06703082054114544, 0.11076812380185638], "aligned_model": [[-0.3540148252141187, 0.173214386918603, 0.36119060473725795, 0.6600670706430909, -0.29107925007183877, -0.7599387658912908, -0.44646437935660443, 0.24674461538473297, 0.13487271437071707, 0.3479289548600948, -0.5683799449826483, -0.2571260968306312, 0.6017370741120388, 0.07626178192303548], [-0.03077325763305068, 0.2929776264553423, -0.4498540648722837, 0.10362662912013197, -0.5466737899226733, -0.019291342440829765, -0.2680991122438989, -0.39928918688013054, 0.6978134454641262, 0.6578996475992824, 0.509619204707918, 0.3351997304081706, 0.09434810254143149, -0.07278309480340929], [-0.7478469331778536, -0.6315852381740144, -0.36789971319738646, -0.11429484612000546, -0.14656093647579008, -0.08569113033639733, 0.5673970864410159, 0.3835856980849175, 0.5216086152197743, -0.08520248108854228, 0.35651138595193144, -0.20848358530874392, 0.5314291775401755, 0.044891653178559504]], "inverted": true, "swapped": false, "error_lsq": 0.04648899991885064, "error_max": 0.24008930379848642, "target": "247.xyz", "model": "7.xyz", "model_rescale": 3.964800864290218, "target_rescale": 4.099267283406245},
{"mapping": [11, 10, 3, 5, 6, 4, 2, 0, 7, 8, 12, 9, 1, 13], "R": [[0.3934254903878104, 0.9170328287207284, 0.0653236141190136], [-0.6427835565846022, 0.3251752055156356, -0.6936067943023005], [-0.6573018202451295, 0.23089364817232, 0.7173858378418941]], "T": [-0.006121776923337367, 0.0028178032596333016, 0.032874200266773485], "aligned_model": [[-0.6015208042442679, 0.2793978849962611, 0.3751044584113731, 0.7428800053317568, -0.26233880427486633, -0.6765138819580943, -0.28564188954434233, 0.2065489764855623, -0.04912969535826533, 0.3504795905863611, -0.5071254719561642, -0.1233930409554605, 0.44442531161793747, 0.03184130146464779], [0.07324065894764323, 0.19952854752083474, -0.5695924892120839, 0.1820185444462408, -0.44737026782711875, -0.20430376647891493, -0.19979475836326197, -0.5871847426860168, 0.4702147577760889, 0.6818358791879026, 0.5635234066159122, 0.560564609386778, 0.11792317835183105, 0.06411697983429265], [-0.5395539123864359, -0.7120535940574511, -0.19729032842384378, -0.29263178662938694, -0.22825672230823266, 0.08549050828956417, 0.5980515036566398, 0.3790353172988359, 0.5681718472094346, -0.02030002901927172, 0.10553410129130655, -0.35316035476151875, 0.6218376667095231, 0.0029845356684776655]], "inverted": true, "swapped": false, "error_lsq": 0.0524533135130237, "error_max": 0.29921828958766394, "target": "247.xyz", "model": "8.xyz", "model_rescale": 4.121658175737393, "target_rescale": 4.099267283406245},
{"mapping": [6, 10, 8, 12, 5, 4, 11, 1, 9, 0, 7, 3, 13], "R": [[0.6606900347303781, 0.7257916409835765, -0.19161203481602954], [0.6863706221336474, -0.48073853423308577, 0.5456975634683506], [0.3039474413115565, -0.49205381370515944, -0.8157812190399867]], "T": [-0.08773971353480384, 0.038336028259391634, 0.04014432350890713], "aligned_model": [[-0.5997868372671553, -0.15714115828104636, 0.2041775104846643, 0.25270981305681606, -0.5372304488964733, -0.548178862427821, 0.1436340477433811, 0.2130499911599306, 0.6309470420879186, -0.3107436915060696, -0.24394572315160426, 0.45968780805820697, -0.030441994625550688], [0.16084076839045358, -0.32392351353405935, 0.011572803485924425, 0.6835352407319448, -0.5325987672675155, 0.1882317972170915, -0.574570778574808, -0.27230255503537537, 0.12445948388038003, -0.7271404907386656, 0.6301916646537641, 0.4174981074154205, 0.004593678787155067], [-0.3813185047554382, -0.6484996353046983, -0.6413863711301531, -0.49153074424012094, -0.13761574564189089, 0.39836313649143773, -0.05986314995074648, 0.6450004903942529, -0.16774455373620967, 0.41285164547574577, 0.05608334145998762, 0.43807831371132616, -0.0013427888144038197]], "inverted": false, "swapped": true, "error_lsq": 0.04486067376408349, "error_max": 0.32552883899321333, "target": "247.xyz", "model": "9.xyz", "model_rescale": 3.833441315466971, "target_rescale": 4.099267283406245},
{"mapping": [1, 6, 4, 3, 5, 0, 13, 2, 8, 7, 10, 12, 9, 14], "R": [[0.45614714873008005, -0.8819233088876121, 0.11891617192856693], [-0.8897989874279771, -0.4540590627801786, 0.04569605540233201], [0.013694549191755404, -0.12665561475083553, -0.9918522140795589]], "T": [-0.032962847059148356, 0.1649188268387471, -0.06377969132567568], "aligned_model": [[-0.5291235965127864, 0.07964498564733043, 0.40611229575337987, 0.7834475788034223, -0.14065087293898315, -0.6765987452068641, -0.38141031929534064, 0.21171617868696496, 0.009944665596398686, 0.5130932398484307, -0.5804363903169577, -0.31592351793920187, 0.49727345442306486, 0.04792498405358134], [-0.0717102805221217, 0.1396491648301902, -0.31139531709981016, -0.11815642841371932, -0.5023437780689006, -0.05122920707286191, -0.364619608958434, -0.3079720583952261, 0.5005200236119132, 0.5445644096843503, 0.5939525202309524, 0.5304636110253029, 0.1713499097646402, 0.15164757688385225], [-0.5571761943179729, -0.7330408423273147, -0.5288070403477267, 0.023766103286513032, -0.08825634634582269, -0.01052727583683942, 0.4198109884028917, 0.41908327054880584, 0.6384240856927004, -0.023705283546881437, 0.3743492313521739, -0.45021251446559385, 0.5499940717952145, -0.015843501352506645]], "inverted": true, "swapped": false, "error_lsq": 0.043296900257594036, "error_max": 0.28500035003504587, "target": "247.xyz", "model": "10.xyz", "model_rescale": 4.2482417240324, "target_rescale": 4.099267283406245},
{"mapping": [4, 5, 11, 10, 3, 9, 1, 8, 6, 12, 7, 13], "R": [[-0.38710644908738384, 0.8521293856336729, 0.3521705655141213], [0.9213461678837107, 0.37225158712132866, 0.11202675935531164], [-0.03563475832607449, 0.3678372819946765, -0.9292071340523655]], "T": [-0.1298407790021145, -0.006327176110269513, 0.007169407165890047], "aligned_model": [[-0.6334629937842036, 0.15983330223831366, 0.3170378120499205, 0.5923163595670187, -0.47941966107605904, 0.21207729220514393, -0.38949799701837395, 0.5310235076522638, 0.007186066744807013, 0.09716062381212004, -0.47506297817119286, -0.062425731856751515], [-0.32202909627284326, -0.6864926775331347, -0.12386601960254062, -0.2560157362032903, 0.6603412277526141, 0.6530763294174844, 0.09505466347603905, 0.22646442941315434, -0.3846495133532523, 0.6146658433115161, 0.16437004124414747, 0.025211898400745045], [-0.09025046628407132, 0.12149753771790425, 0.4822212055514346, -0.15538436343343176, 0.19462627880481845, 0.13136577215886236, 0.6964600644615703, -0.23672090965159553, -0.5340573813187433, -0.6074071255355931, -0.4688889477169544, 0.03173062510015598]], "inverted": false, "swapped": true, "error_lsq": 0.04482106358844478, "error_max": 0.26523928007227643, "target": "247.xyz", "model": "11.xyz", "model_rescale": 3.6694154284099745, "target_rescale": 4.099267283406245},
{"mapping": [3, 8, 11, 9, 4, 1, 0, 6, 12, 10, 12, 2, 5, 13], "R": [[-0.05802064400164822, -0.2875166051510253, 0.956016635123084], [-0.7638835025922965, 0.6293324039132933, 0.1429080818289887], [-0.6427406936992238, -0.7219937168335645, -0.2561434627623662]], "T": [0.10118767609367295, 0.046659027213028115, 0.05419276175151817], "aligned_model": [[-0.4469105753741638, 0.15113416166359261, 0.4750351422999305, 0.7558838414347688, -0.2903861463974489, -0.7342465685645931, -0.3535316824190087, 0.2985486368446928, -0.14797634745932486, 0.33459471145018166, -0.14797634745932486, -0.2526798550642928, 0.2849504044480363, -0.001425434800606598], [-0.13245753619926345, 0.12180640375179205, -0.45301647929277816, 0.19362855926148095, -0.5414748680224528, 0.13871258286562624, -0.26900012293624154, -0.4095894980550289, 0.5686250282968253, 0.6309077741818914, 0.5686250282968253, 0.45418770766722316, 0.03640892417939657, -0.0026429664951683474], [-0.5851463220315645, -0.697110154314728, -0.34025762691149436, -0.3867824695565593, -0.16591428621633808, -0.04605323490445097, 0.5062187237783853, 0.3238977261400655, 0.4108961165800924, -0.033575938932958765, 0.4108961165800924, -0.3132466460312424, 0.8356638025023847, 0.09837294585595743]], "inverted": false, "swapped": false, "error_lsq": 0.04981643757445301, "error_max": 0.3727916446725095, "target": "247.xyz", "model": "12.xyz", "model_rescale": 3.9764082729961374, "target_rescale": 4.099267283406245},
{"mapping": [2, 1, 9, 12, 0, 7, 4, 5, 14, 13, 3, 8, 6, 15], "R": [[-0.7664608457266604, 0.554185677899681, -0.32467831214733744], [0.3554206384551629, -0.055099182776230715, -0.9330810521157935], [-0.5349896650666227, -0.8305674653321444, -0.1547376612322942]], "T": [0.07400139199860385, 0.12252473498261043, -0.023718571759504165], "aligned_model": [[-0.4384690387437766, 0.14666930384886173, 0.27352400395363363, 0.6406946375274049, -0.25433227932714914, -0.6428959299034696, -0.23193856101192784, 0.40902071278611435, 0.06427065144038586, 0.5396440354936471, -0.5693028343698273, -0.34003011118603804, 0.3279586216509572, 0.0002007284436224971], [-0.06128153898030794, 0.10529682769575004, -0.385298098204509, 0.14307070625033586, -0.5116222308802745, -0.11076022453312281, -0.3054637485330608, -0.5804570673089515, 0.7051761149378313, 0.4631452923307384, 0.6195554534936532, 0.552408547076924, 0.14023227220223983, 0.13071823195288154], [-0.6066841154863245, -0.6543889706675504, -0.2763167188827004, -0.3163790636011056, -0.15472452377280352, 0.027954017070240613, 0.46525006211090864, 0.2867690224865474, 0.5233012831813699, 0.18032826271164787, 0.19437219949531578, -0.4024409755310208, 0.6965945367788237, 0.05422373664429227]], "inverted": true, "swapped": false, "error_lsq": 0.04587958264976389, "error_max": 0.24982547045752768, "target": "247.xyz", "model": "13.xyz", "model_rescale": 4.170626492500431, "target_rescale": 4.099267283406245},
{"mapping": [7, 1, 1, 3, 0, 8, 4, 2, 5, 11, 12, 10, 6, 13], "R": [[-0.9359125193219759, -0.34016756451325453, -0.09139903844960771], [-0.2042201396552465, 0.31262415968090634, 0.927663877351597], [-0.28698761425466374, 0.8868777609326599, -0.36205793241895473]], "T": [-0.0004060181360130066, 0.03711747646540081, 0.007831466661270381], "aligned_model": [[-0.4800692468023051, 0.25933077131373816, 0.25933077131373816, 0.6854056460261583, -0.08058261401025829, -0.7424054708138417, -0.41758666040969766, 0.2099401177586422, 0.04990382521049508, 0.3729784242040897, -0.46639736460550313, -0.2877406284198694, 0.5177198836739955, 0.045186486163057246], [-0.128875949165364, -0.17784243121220766, -0.17784243121220766, -0.008656112627451529, -0.4957550611393297, 0.01683312207188649, -0.18479925300893071, -0.506498501401377, 0.6512658494812908, 0.6349812623059485, 0.5149899131463009, 0.4300708056144042, 0.22389826786869788, 0.11295105677846706], [-0.6244652774404211, -0.6829242848116479, -0.6829242848116479, -0.04731147731667916, -0.24805323133490803, -0.016285954377568, 0.5367704116110188, 0.313066358111246, 0.6767937405905347, 0.06077108254506633, 0.3081581562217947, -0.27739617543985656, 0.6435576285158939, 0.05810206047481504]], "inverted": false, "swapped": false, "error_lsq": 0.04764958795039853, "error_max": 0.40236421687117035, "target": "247.xyz", "model": "14.xyz", "model_rescale": 3.9786697098870705, "target_rescale": 4.099267283406245},
{"mapping": [4, 7, 5, 0, 6, 10, 3, 9, 11, 1, 12, 13], "R": [[-0.8021585824333203, 0.45583765781934005, -0.385685932258806], [-0.1711341705372894, 0.4433151025139049, 0.8798777276176503], [0.5720618011221166, 0.7718055128054374, -0.2775996147332625]], "T": [-0.01732973437344778, -0.02589153495362778, -0.061874547582175074], "aligned_model": [[-0.16157088067269196, -0.5803416722836297, 0.625864653286905, 0.703704681191538, -0.008597668805019824, 0.4521327529129309, -0.5186076284818526, -0.1598440702486716, 0.5698051958959289, 0.15665414278852255, -0.6107805958677699, 0.014935687051146743], [-0.3758303948235041, 0.04062107244339788, 0.04631020359114553, -0.517534256010453, 0.3882811506476141, 0.5974817183219865, -0.3403678785192687, 0.22118511437752952, -0.00948457708043332, -0.6578540176170775, 0.6095207065413455, 0.012345648352156527], [-0.5304158535804939, -0.29326403501258286, -0.4369678596222033, -0.175859764074422, -0.5940543305676783, -0.09778830950159503, 0.4397401815094209, 0.6351107327668308, 0.24503496906795097, 0.28908811352936775, 0.18088797000976004, -0.0015453206505251713]], "inverted": false, "swapped": true, "error_lsq": 0.040509762052970945, "error_max": 0.18625997142162024, "target": "247.xyz", "model": "15.xyz", "model_rescale": 3.769337070930944, "target_rescale": 4.099267283406245},
{"mapping": [7, 12, 4, 6, 2, 3, 1, 9, 11, 10, 13], "R": [[0.43205316214453576, 0.2367686891800015, -0.8702129928384728], [-0.7512589723670515, -0.43934417353107486, -0.4925308656544271], [-0.4989388955763119, 0.8665548367000678, -0.011945437321816799]], "T": [-0.039593548779953615, 0.16473974183655193, 0.011670055030008036], "aligned_model": [[-0.29843082878708976, -0.40094946995563513, -0.11110933484396315, -0.7003649815441256, 0.3323618595542262, 0.4796437153269249, 0.6772167087055676, 0.233074168880705, 0.211375318951095, -0.476144767488345, -0.024046258108189066], [-0.05570404561427783, -0.657663126353466, 0.550299426164107, 0.2994101690609319, 0.282903765055662, -0.29216027821620927, 0.3616493608592478, -0.4836905474937473, 0.31030971195350193, 0.1540967419100568, 0.12661332029953515], [-0.49759928737956316, -0.07744617369238062, -0.44552015869316697, 0.0029767495757879736, -0.5209094208682362, -0.3396521182873019, -0.0035422820960233116, 0.2806238860542237, 0.6075006326688521, 0.6594267980752075, 0.07835898186637806]], "inverted": false, "swapped": true, "error_lsq": 0.04618703299511382, "error_max": 0.3060035700496076, "target": "247.xyz", "model": "16.xyz", "model_rescale": 3.7852294659196426, "target_rescale": 4.099267283406245},
{"mapping": [10, 0, 4, 5, 11, 1, 3, 2, 6, 8, 9, 7, 13], "R": [[0.06483268701942665, 0.4533932877504472, -0.8889495201172455], [-0.9022452506795822, -0.35394500661900075, -0.24632588153828516], [-0.42632174507052634, 0.8180204514022344, 0.3861247347266237]], "T": [0.05853465563139992, 0.10173495227878906, 0.0499886227867173], "aligned_model": [[0.216930843968496, -0.5191368376101241, 0.21999872285040645, 0.019024365190202314, -0.41837790388038243, -0.6247533864205775, -0.19624098536693885, -0.10431926222605126, 0.636781778258477, 0.2382439768200768, -0.16596966696884727, 0.524691927545387, 0.026892278056158674], [-0.09611553074521026, -0.5622422230537069, -0.21794949384307474, -0.5756943662235932, -0.059392071691795834, 0.10182669057849625, 0.7239648693211012, 0.16333204816951913, -0.19686998208157888, 0.3900911953432703, 0.752076450789397, 0.3196278797414318, 0.13240015739861802], [-0.6889598680103006, 0.05506599510634415, 0.5342663109618102, -0.2648693761373569, -0.3810363866336129, 0.34314251014592934, 0.43691437447198633, 0.686886463524718, -0.12691796904886204, -0.6095348874677313, -0.25627830661740714, 0.38190357284004744, -0.014827735992390553]], "inverted": true, "swapped": true, "error_lsq": 0.04641370690153919, "error_max": 0.31986662539607047, "target": "247.xyz", "model": "17.xyz", "model_rescale": 3.901054581598922, "target_rescale": 4.099267283406245},
{"mapping": [10, 9, 11, 12, 6, 4, 1, 7, 2, 13, 8, 5, 3, 14], "R": [[-0.582774860213499, -0.8076706745635345, 0.08967465502148336], [0.8121458918632276, -0.5826908415866447, 0.029840131714359498], [0.028151600892658727, 0.09021898126853811, 0.9955239940785192]], "T": [-0.05216801572568418, 0.06939906061433897, 0.048657355007724], "aligned_model": [[-0.43253758460048425, 0.17459744580792186, 0.2634709864249363, 0.6616530736441949, -0.11678955346459023, -0.8158569506145529, -0.3586769539337405, 0.2554787922782001, 0.03209916270614639, 0.43330061019295274, -0.5822015173709344, -0.13394142087409802, 0.5521538997627985, -0.007736049356312058], [-0.02587358227248561, 0.3075332433052922, -0.42129728416012285, -0.11113002578334831, -0.6727615644654366, -0.1076566902486819, -0.35209635336527534, -0.44192378893353135, 0.7607672474872442, 0.6009026505024149, 0.4183912578161164, 0.6451279014238255, 0.24173603114261638, 0.06300149505150003], [-0.6715480759078023, -0.5223585447917967, -0.49569556954859634, -0.050558598409187, -0.04487022761685047, -0.056244702762584864, 0.5113445454815466, 0.3377583907244979, 0.49435587958158644, -0.047915650979130975, 0.24278923174573702, -0.17923617071474718, 0.48282423601345165, 0.01721400972151675]], "inverted": true, "swapped": false, "error_lsq": 0.04834584809398761, "error_max": 0.3094016997717264, "target": "247.xyz", "model": "18.xyz", "model_rescale": 3.9405287249114394, "target_rescale": 4.099267283406245},
{"mapping": [8, 5, 9, 11, 7, 0, 12, 13, 3, 10, 1, 6, 14, 15], "R": [[-0.7356114182406882, -0.4535275829021503, -0.5031784702278672], [-0.6224313868289739, 0.7456496068966546, 0.2378777678242019], [0.26731069945679997, 0.48817967520350325, -0.8307981672308375]], "T": [-0.06516197494118828, 0.007478722076299446, 0.07732011862988039], "aligned_model": [[-0.4197099940682669, 0.13215405409745176, 0.31877185122547824, 0.6364493327632206, -0.15334339084772813, -0.734373907382267, -0.22054250718144344, 0.3742129137291974, -0.04356140193140054, 0.4812145579377315, -0.4710225881102308, -0.4149753027686811, 0.48792326010335096, -0.04818293696397362], [-0.08851001574119448, 0.21264829589291256, -0.4082927798411334, -0.002293342782801619, -0.6231409409929229, 0.03199543248509011, -0.032727407391819396, -0.45166166517155204, 0.6266889659132375, 0.5674479228322976, 0.5180505641500337, 0.42684080400870483, 0.08661881248606342, 0.04105589165321111], [-0.5840073493322678, -0.7038549407666671, -0.44108003788522054, -0.08656789664126485, -0.2229604624614067, -0.07833520040920558, 0.6011325082917904, 0.2951954439325548, 0.6617349405218423, 0.15355144729746556, 0.1778834356939134, -0.43263040397382635, 0.6135780145548233, 0.06421925371511006]], "inverted": true, "swapped": false, "error_lsq": 0.0422416134507137, "error_max": 0.2663861046014467, "target": "247.xyz", "model": "19.xyz", "model_rescale": 4.410303926677745, "target_rescale": 4.099267283406245},
{"mapping": [11, 10, 3, 5, 6, 4, 2, 0, 7, 8, 12, 9, 1, 13], "R": [[0.3934254903878104, 0.9170328287207284, 0.0653236141190136], [-0.6427835565846022, 0.3251752055156356, -0.6936067943023005], [-0.6573018202451295, 0.23089364817232, 0.7173858378418941]], "T": [-0.006121776923337367, 0.0028178032596333016, 0.032874200266773485], "aligned_model": [[-0.6015208042442679, 0.2793978849962611, 0.3751044584113731, 0.7428800053317568, -0.26233880427486633, -0.6765138819580943, -0.28564188954434233, 0.2065489764855623, -0.04912969535826533, 0.3504795905863611, -0.5071254719561642, -0.1233930409554605, 0.44442531161793747, 0.03184130146464779], [0.07324065894764323, 0.19952854752083474, -0.5695924892120839, 0.1820185444462408, -0.44737026782711875, -0.20430376647891493, -0.19979475836326197, -0.5871847426860168, 0.4702147577760889, 0.6818358791879026, 0.5635234066159122, 0.560564609386778, 0.11792317835183105, 0.06411697983429265], [-0.5395539123864359, -0.7120535940574511, -0.19729032842384378, -0.29263178662938694, -0.22825672230823266, 0.08549050828956417, 0.5980515036566398, 0.3790353172988359, 0.5681718472094346, -0.02030002901927172, 0.10553410129130655, -0.35316035476151875, 0.6218376667095231, 0.0029845356684776655]], "inverted": true, "swapped": false, "error_lsq": 0.0524533135130237, "error_max": 0.29921828958766394, "target": "247.xyz", "model": "20.xyz", "model_rescale": 4.121658175737393, "target_rescale": 4.099267283406245},
{"mapping": [12, 8, 6, 7, 4, 9, 5, 3, 11, 1, 0, 2, 13], "R": [[-0.36221587019960444, 0.9107916948373583, -0.19813670026230865], [0.9168530026330751, 0.38643418861961065, 0.10024564543469128], [0.16786969630715962, -0.14535166487245957, -0.9750346960906296]], "T": [0.09228043678464914, 0.005291586704940364, 0.05603074639464872], "aligned_model": [[0.2375738148766025, -0.3334856999959258, 0.25784917393095047, 0.6406921038956228, 0.5651246501396253, -0.2521178315417845, -0.22525115395238898, 0.2997347607898262, -0.5407557072771828, -0.05292601184882689, -0.26562282749280686, 0.5275926550290775, 0.022674978111505498], [-0.6077536228949949, -0.22987119150853821, 0.3910549982952624, -0.1542633759330114, 0.3273998909811562, -0.6593289022446608, 0.6806654871801963, -0.6609343885096094, 0.11073057334465158, -0.10481165857383037, 0.5775083244127838, -0.10227418855589748, -0.0272950418303248], [0.7025071085818475, 0.6162429277407617, 0.5838604229416469, 0.276789260023457, -0.1322728902467445, 0.13858452304960897, 0.10751751697377324, -0.2829351628451819, -0.10931110078026074, -0.6648119002039656, -0.5088312559409829, -0.4286210223631588, 0.07139131255098821]], "inverted": true, "swapped": true, "error_lsq": 0.05552735719676061, "error_max": 0.3206775641267728, "target": "247.xyz", "model": "21.xyz", "model_rescale": 4.08911054899281, "target_rescale": 4.099267283406245},
{"mapping": [1, 2, 4, 3, 0, 8, 6, 7, 9, 14, 5, 11, 12, 16], "R": [[-0.868888898948266, 0.3663948407905587, -0.3328466642863219], [0.027275213409676036, -0.6359491174525218, -0.7712488461870238], [-0.49425514060849884, -0.6792080245796718, 0.5425756309756764]], "T": [-0.004806106031898539, 0.10168017550236161, 0.018069833973166322], "aligned_model": [[-0.45598733364831734, 0.20505732931994655, 0.3798612572972975, 0.8353363947979985, -0.1081321164855363, -0.6954518888558395, -0.48342124558197314, 0.11654898080291298, 0.0743393746927874, 0.4983741550916127, -0.43242406443844456, -0.5449584973380823, 0.52103229917426, 0.014839295773816026], [-0.025404980929146753, 0.07384428449661054, -0.3423439782957899, 0.08195875745805584, -0.6495749449533111, 0.06979002582673949, -0.3835551214329642, -0.3877710170284484, 0.6559167629006594, 0.499839455920301, 0.47156595615926566, 0.5779850937414692, 0.2040385204573046, 0.05843172317938213], [-0.6224637280884635, -0.6721738411499678, -0.35765048262011934, -0.20113433401660027, -0.14010373440076188, -0.03440338854313661, 0.3197955096338859, 0.5195742317992642, 0.45864378875540945, 0.008000167652603158, 0.4400371844449983, -0.24127944650760932, 0.5259932995291631, 0.01502352604897609]], "inverted": true, "swapped": false, "error_lsq": 0.041863947643511264, "error_max": 0.26770914013507086, "target": "247.xyz", "model": "22.xyz", "model_rescale": 4.204369325754507, "target_rescale": 4.099267283406245},
{"mapping": [8, 5, 9, 11, 7, 0, 12, 13, 3, 10, 1, 6, 14, 15], "R": [[-0.7356114182406882, -0.4535275829021503, -0.5031784702278672], [-0.6224313868289739, 0.7456496068966546, 0.2378777678242019], [0.26731069945679997, 0.48817967520350325, -0.8307981672308375]], "T": [-0.06516197494118828, 0.007478722076299446, 0.07732011862988039], "aligned_model": [[-0.4197099940682669, 0.13215405409745176, 0.31877185122547824, 0.6364493327632206, -0.15334339084772813, -0.734373907382267, -0.22054250718144344, 0.3742129137291974, -0.04356140193140054, 0.4812145579377315, -0.4710225881102308, -0.4149753027686811, 0.48792326010335096, -0.04818293696397362], [-0.08851001574119448, 0.21264829589291256, -0.4082927798411334, -0.002293342782801619, -0.6231409409929229, 0.03199543248509011, -0.032727407391819396, -0.45166166517155204, 0.6266889659132375, 0.5674479228322976, 0.5180505641500337, 0.42684080400870483, 0.08661881248606342, 0.04105589165321111], [-0.5840073493322678, -0.7038549407666671, -0.44108003788522054, -0.08656789664126485, -0.2229604624614067, -0.07833520040920558, 0.6011325082917904, 0.2951954439325548, 0.6617349405218423, 0.15355144729746556, 0.1778834356939134, -0.43263040397382635, 0.6135780145548233, 0.06421925371511006]], "inverted": true, "swapped": false, "error_lsq": 0.0422416134507137, "error_max": 0.2663861046014467, "target": "247.xyz", "model": "23.xyz", "model_rescale": 4.410303926677745, "target_rescale": 4.099267283406245},
{"mapping": [1, 7, 12, 13, 0, 3, 4, 5, 9, 14, 10, 11, 15, 16], "R": [[0.3184318901393758, -0.8276519894586316, -0.4621615688127193], [-0.8586264406676596, -0.04522809627696622, -0.5106026387451869], [0.40169860185050543, 0.5594163062088294, -0.725045950005252]], "T": [0.04061604931764576, 0.10381938276374822, 0.04244003796251995], "aligned_model": [[-0.580748151373108, 0.0744146390742404, 0.44322774882828364, 0.6447049496683335, -0.13120570305453247, -0.7554605206699072, -0.3623171131114523, 0.21876546260102567, 0.008662514591589315, 0.5392747491035659, -0.502012865350383, -0.031352061463138015, 0.4232748182738145, -0.06421452651589332], [0.1790801237652904, 0.06369724945736124, -0.5472624472608385, 0.1037463319931213, -0.5345544109357036, -0.3120909447580501, -0.21831561005281366, -0.38723142744647354, 0.6131309253935667, 0.5578049119322487, 0.4146391372327074, 0.6716467128028341, 0.24741930688441535, 0.05301067849246199], [-0.5445673730078842, -0.6202656029005315, -0.20285999223048418, -0.3170919063286916, -0.3227201953812698, -0.007875752914940512, 0.49824513447758756, 0.39277405253519154, 0.4057590545181214, 0.10063480102628493, 0.22335130757740068, -0.22795633942092586, 0.6274746687052113, 0.012956895882571054]], "inverted": true, "swapped": false, "error_lsq": 0.05014784406942511, "error_max": 0.35549956428678253, "target": "247.xyz", "model": "24.xyz", "model_rescale": 4.28219845311461, "target_rescale": 4.099267283406245},
{"mapping": [2, 4, 7, 3, 13, 14, 11, 9, 8, 1, 10, 0, 5, 15], "R": [[-0.09767340439568606, 0.9036526181376989, 0.4169794381101292], [0.8003566564434104, -0.1777028471252759, 0.5725826757860352], [0.5915142674192075, 0.3896583681334883, -0.7058875459894907]], "T": [-0.044469757859597565, 0.005718478352042283, -0.006867390377163414], "aligned_model": [[-0.5226344959701854, 0.27586397397318796, 0.37350147569784437, 0.7188436278810374, -0.23926474450112, -0.7931732090944145, -0.2241679319550528, 0.34661176774461894, -0.0645904675649224, 0.3828638675449442, -0.5370678175591554, -0.10934934304551097, 0.36680957181906976, -0.049232334367902315], [0.07538055310567876, 0.0913155602828187, -0.5512262280990399, 0.07038134751985478, -0.47520281604666537, -0.04600375150294794, -0.1499085336774186, -0.4457246755379133, 0.5795319314589047, 0.4812613169263261, 0.32650948310131367, 0.6186846521769078, 0.27227593809772943, 0.057445759694578685], [-0.49192996670785816, -0.6585636484918844, -0.35422692691648633, -0.12183144284566114, -0.2961528526980433, 0.12318097732705197, 0.48299572377018285, 0.30956270145330406, 0.3833624585623516, 0.02663455174556481, 0.526185235242542, -0.5412991270923542, 0.6896073862997338, -0.059666317110803155]], "inverted": true, "swapped": false, "error_lsq": 0.04784778290826249, "error_max": 0.32661157059483953, "target": "247.xyz", "model": "25.xyz", "model_rescale": 4.100010024507729, "target_rescale": 4.099267283406245},
{"mapping": [4, 5, 11, 10, 3, 9, 1, 8, 6, 12, 7, 13], "R": [[-0.38710644908738384, 0.8521293856336729, 0.3521705655141213], [0.9213461678837107, 0.37225158712132866, 0.11202675935531164], [-0.03563475832607449, 0.3678372819946765, -0.9292071340523655]], "T": [-0.1298407790021145, -0.006327176110269513, 0.007169407165890047], "aligned_model": [[-0.6334629937842036, 0.15983330223831366, 0.3170378120499205, 0.5923163595670187, -0.47941966107605904, 0.21207729220514393, -0.38949799701837395, 0.5310235076522638, 0.007186066744807013, 0.09716062381212004, -0.47506297817119286, -0.062425731856751515], [-0.32202909627284326, -0.6864926775331347, -0.12386601960254062, -0.2560157362032903, 0.6603412277526141, 0.6530763294174844, 0.09505466347603905, 0.22646442941315434, -0.3846495133532523, 0.6146658433115161, 0.16437004124414747, 0.025211898400745045], [-0.09025046628407132, 0.12149753771790425, 0.4822212055514346, -0.15538436343343176, 0.19462627880481845, 0.13136577215886236, 0.6964600644615703, -0.23672090965159553, -0.5340573813187433, -0.6074071255355931, -0.4688889477169544, 0.03173062510015598]], "inverted": false, "swapped": true, "error_lsq": 0.04482106358844478, "error_max": 0.26523928007227643, "target": "247.xyz", "model": "26.xyz", "model_rescale": 3.6694154284099745, "target_rescale": 4.099267283406245},
{"mapping": [4, 0, 5, 1, 8, 10, 9, 7, 12, 6, 11, 2, 3, 13], "R": [[-0.340825327442598, 0.2992123436010965, 0.8912407472789747], [-0.02053206777621533, 0.9454055923112126, -0.32524867443160865], [-0.9399024047029985, -0.1291520013914807, -0.31607472244723434]], "T": [-0.03282431905702839, -0.001216289822849978, -0.003894691601071667], "aligned_model": [[-0.5024245398585452, 0.15337298718208053, 0.45013632404157755, 0.7973229777970505, -0.32248266858172775, -0.6327160851497456, -0.3065790628291366, 0.3505202554093087, -0.04181245089752374, 0.4068755151890854, -0.5908893895184872, -0.20347791433690932, 0.4139655525691091, -0.04679756041369782], [-0.13020039741838252, 0.14418363397326417, -0.44241776913224967, 0.13311315791458506, -0.5681080436000457, -0.0342329888154891, -0.15366564094682256, -0.41442132513361446, 0.6020764958523085, 0.5206941484529282, 0.5741647163138791, 0.5960215369237395, 0.029285797043924554, 0.0482272160721024], [-0.6659893243386262, -0.621246105661593, -0.44894387045002593, -0.2730744060896831, -0.05947321695117154, -0.03439856765685781, 0.6016472731499272, 0.2761714804717021, 0.5115564133504792, 0.07002406100688863, 0.302169916207679, -0.28014453309305215, 0.6686227086516013, -0.02906307605962646]], "inverted": true, "swapped": false, "error_lsq": 0.03762135377845914, "error_max": 0.23887326004877502, "target": "247.xyz", "model": "27.xyz", "model_rescale": 4.103607728864725, "target_rescale": 4.099267283406245},
