[{"mapping": [2, 7, 1, 6, 3, 5, 11, 12, 8, 10, 9, 13], "R": [[0.8243058842831078, -0.3626067897876736, 0.4347828482543006], [-0.4883671219432941, -0.06694238136620753, 0.8700668202970652], [-0.28638673736936204, -0.9295348479626246, -0.23226623319379186]], "T": [-0.16824569686221025, -0.01738666232222881, 0.035417713802578105], "aligned_model": [[-0.25663740820091746, 0.304522116674128, 0.2732395290679332, -0.053278259773325454, 0.0493042133778295, -0.6069512867011175, 0.41645770259036485, -0.22546698516592872, 0.5561846691984831, 0.08563944153316672, -0.5789465223168389, -0.12642474782322802], [-0.3792324731681643, -0.7374674167508802, -0.2778261015581475, 0.5689770460582474, 0.33885676381678204, -0.4724204613680855, -0.20404034722089065, -0.46739739566966715, 0.24023870354428478, 0.3366814223247768, 0.13484889947091766, -0.027663603502116357], [-0.4994019642923313, -0.008711947423824112, -0.5518830040180659, 0.006245084998854719, -0.7283536974646361, 0.015136620275912643, 0.39552965074818613, 0.6198481960399516, -0.011859954800038597, 0.6473542391855287, 0.3395014921428955, -0.04145297003887083]], "inverted": true, "swapped": true, "error_lsq": 0.03907975096399053, "error_max": 0.20107568009617863, "target": "248.xyz", "model": "0.xyz", "model_rescale": 3.751011558992144, "target_rescale": 3.9322708613148225},
{"mapping": [11, 8, 5, 4, 10, 13, 6, 2, 1, 12, 7, 0, 3, 14], "R": [[0.701965902958965, 0.2566980865308448, 0.6643417520029945], [0.6465093827027868, 0.16164880914795718, -0.7455838521442838], [-0.29878000127228543, 0.9528776179932293, -0.052485769188255864]], "T": [-0.05693345320057545, -0.09329587707450217, -0.04716478384037866], "aligned_model": [[0.7182856037691563, -0.6424804246855382, -0.19548596254558856, -0.330339424294371, 0.2804467361196956, 0.04736455644449685, 0.2997613548988462, -0.6283524584533762, -0.3678712289079039, 0.4899235205289261, 0.13592587370519105, -0.4990861700995914, -0.10208914850321846, -0.007229572297830694], [-0.09774913306069312, -0.40251097486639065, -0.537185652538594, -0.5338726995791215, -0.7837281099715214, -0.10024353480098397, 0.10650679446736099, -0.011211332184035097, 0.2312010807306678, 0.31994975991564334, 0.49739462265465506, 0.523011992237968, 0.4913035032680333, -0.08747725822990286], [-0.23623242027971614, -0.09119908435956417, 0.36978978969043014, -0.644421184686615, -0.33340190190845004, 0.6715673314409485, -0.6769055651066009, 0.544849193962623, -0.5798044119654415, 0.23945447208851273, -0.2786103224718623, -0.034122404386183, 0.44233538694369134, -0.02481572700760538]], "inverted": false, "swapped": false, "error_lsq": 0.04266381147775381, "error_max": 0.2885353304481377, "target": "248.xyz", "model": "1.xyz", "model_rescale": 3.9405287249114394, "target_rescale": 3.9322708613148225},
{"mapping": [0, 4, 5, 8, 1, 9, 6, 3, 7, 12, 11, 10, 13], "R": [[0.6417782193445893, 0.5433506666164276, 0.5411938379752417], [-0.7647796620916931, 0.5057767252958248, 0.399126512023378], [-0.05685759074920488, -0.6700447427123921, 0.7401400253584995]], "T": [-0.09440701571093738, -0.029466516441958992, -0.04661320819953456], "aligned_model": [[-0.35356000399028786, 0.06780638541787543, -0.3818595087696701, 0.38626623109081426, 0.6029067036019006, -0.556660325518186, 0.06557286707162058, 0.6942810895144893, 0.12255471039293656, -0.657409595040028, -0.07863726730889276, -0.4059676088641613, -0.009310398314479384], [0.7232236117618491, 0.6636275108247651, -0.05416403730132649, -0.30008437152264644, -0.2891112546497444, 0.23351727479758563, 0.30972699160292017, 0.3385439319904133, -0.8116213134712839, -0.5028800357414372, -0.6558644592183016, -0.15920801228875017, -0.03687324321202613], [0.16525578734948093, -0.4135877669120034, -0.6093660600646904, 0.4910898405901986, -0.2789883922357398, -0.008153077273721068, 0.4194824403243474, -0.035500454159581515, -0.33839156295612977, -0.1256743234491874, 0.2906925920311551, 0.6244943273049073, -0.06823300096039209]], "inverted": true, "swapped": true, "error_lsq": 0.053039762867682264, "error_max": 0.2832849055243789, "target": "248.xyz", "model": "2.xyz", "model_rescale": 3.932901565614263, "target_rescale": 3.9322708613148225},
{"mapping": [8, 6, 10, 12, 11, 1, 9, 2, 5, 3, 7, 4, 0, 13], "R": [[0.2616773013306113, -0.9266157760341461, -0.2700151728569449], [0.914127379750801, 0.1481834043636755, 0.377376221112468], [-0.3096709924391746, -0.34557905358373325, 0.8858210847377184]], "T": [0.034949844051389976, -0.008441387423663942, -0.007869880355142099], "aligned_model": [[0.7028981109740188, -0.6104334574298582, -0.16038360610023375, -0.3211824328542177, 0.6091882938413348, -0.1002137316829382, 0.1368785447015927, -0.6214522883722298, -0.445415560707098, 0.4624472302462812, 0.13926076392232525, -0.537392216158625, -0.016597040290004993, -0.03882935441145307], [-0.013806707805625745, -0.22821587500963067, -0.6974207923504562, -0.45818212627267757, -0.6920107419613818, -0.26941637226056814, -0.003699017672729437, 0.16079525253683932, 0.104115579266394, 0.1466508204666647, 0.580215414698666, 0.6474142156920502, 0.4076742609978663, -0.06872485228232543], [-0.3121773754717833, -0.051134524780452016, 0.009383036494446058, -0.5118866254391781, 0.018432946245008387, 0.6721238593191593, -0.7354556067831364, 0.47658347490509706, -0.5307271197765869, 0.22424618959577286, -0.3981837907630773, 0.06632175336493248, 0.5147590654529055, -0.07380213040894065]], "inverted": true, "swapped": false, "error_lsq": 0.04712123396806474, "error_max": 0.27987006085437544, "target": "248.xyz", "model": "3.xyz", "model_rescale": 3.9243930471874484, "target_rescale": 3.9322708613148225},
{"mapping": [1, 2, 3, 8, 6, 7, 11, 4, 9, 5, 10, 12, 13], "R": [[-0.35314889411140715, 0.06884817890052641, 0.9330304318991804], [-0.9156471076151496, 0.17926581491016835, -0.3597973623035666], [-0.19203185387820643, -0.9813886568871042, -0.00026688841266869767]], "T": [0.03947875573626114, 0.04720392321403784, -0.04867973265748776], "aligned_model": [[-0.07064390858029819, -0.22688734041454417, 0.5451181817350269, 0.36526034723533407, 0.6294530631967465, -0.6156693605362054, -0.1556550746305092, 0.3162624209374556, 0.09721461030607809, -0.44196324752772276, 0.29920529430188336, -0.5114508153355012, 0.046961715623608916], [-0.5208074412077486, -0.006517666714185258, -0.2585051597762973, -0.6370005568667401, 0.0013537843124534626, -0.5101621445189057, -0.4818650900450718, 0.507456319113039, 0.5212066673867878, 0.41626865407437214, -0.04776409989091819, 0.1528159226872029, -0.008649634872401231], [-0.5710743421896649, -0.641082186344712, -0.6877844488305642, 0.0896530054593705, 0.03917829866029508, -0.11268862031362911, 0.3853790629034229, -0.6427515966839004, 0.18860859020545206, -0.22738199205226103, 0.6497552198711309, 0.43367453322725513, -0.11641520854123079]], "inverted": true, "swapped": true, "error_lsq": 0.04496033976171921, "error_max": 0.2916655098444106, "target": "248.xyz", "model": "4.xyz", "model_rescale": 3.8936222436046832, "target_rescale": 3.9322708613148225},
{"mapping": [10, 8, 6, 9, 3, 1, 7, 2, 5, 12, 4, 13], "R": [[-0.6584304091145752, -0.17451322464311028, -0.7321301324067168], [-0.34902303574147986, 0.9326281599959962, 0.09158403629609514], [0.6668225527642381, 0.3158319958572059, -0.6749798763799103]], "T": [0.00913858257324908, -0.062166947448359586, -0.09640573656077533], "aligned_model": [[0.017754913101681133, -0.6716828211463151, -0.2758910481580966, 0.4489225124840016, -0.6704294378695786, -0.5698444169414059, -0.1722784164917625, -0.08897865213287957, 0.48679164662439245, 0.4958754987383929, 0.08844871680316793, -0.061140452796500835], [-0.6268438070391947, -0.40110387854477975, 0.0035122727116410762, -0.032583510144179643, 0.4792288382037294, 0.09313704260158699, -0.4396145202789927, 0.3432753931409686, 0.1255155697427186, -0.5737640284349816, 0.7261775518417452, -0.028014018690453876], [-0.5917379344363569, -0.21891832911128256, -0.618263286101009, -0.3964602212511983, -0.1480005003590109, 0.4019108258012762, 0.6576462030487795, 0.40436076616155125, 0.2731243687459787, 0.12427168797390317, -0.21296343870122247, -0.05568542249589034]], "inverted": true, "swapped": true, "error_lsq": 0.04501078325433613, "error_max": 0.2571322537645207, "target": "248.xyz", "model": "5.xyz", "model_rescale": 3.6523030999806103, "target_rescale": 3.9322708613148225},
{"mapping": [12, 11, 8, 10, 6, 5, 1, 9, 2, 4, 3, 0, 13], "R": [[0.5546210255191835, 0.6106502658360968, -0.565244876921811], [-0.5340881914450164, -0.2596585312109702, -0.8045664987608875], [-0.6380794008671968, 0.7481201106798733, 0.18212901522078623]], "T": [0.046401198146056664, -0.11108859982046149, 0.06761809704348254], "aligned_model": [[0.03206310300463885, 0.1165968616522301, 0.23252432652078106, 0.6976549880306435, 0.5013545017725234, -0.33569665379451197, -0.5079971435989263, 0.3455996095510503, -0.5635485448927263, -0.09450398335299567, -0.11974007950880375, 0.5839652035040572, -0.007189284223665757], [-0.6803957571160478, 0.007785377477487004, 0.5291967707798607, -0.14070883683636093, 0.2332092735002489, -0.596540259199628, 0.4276223935942053, -0.5094151135245033, -0.014400234759025271, -0.07501706171605661, 0.6344718607926221, -0.233338120724068, -0.04164338810555078], [0.5398751289773431, 0.7657153803032434, 0.45336177830916113, 0.44081955186578275, -0.11229137550871665, -0.0675395647188557, 0.16808193940156085, -0.12247155981985972, -0.14068515441061552, -0.7199143904427774, -0.3496597315209393, -0.544485788327974, 0.059303525374436006]], "inverted": false, "swapped": true, "error_lsq": 0.04814454232268398, "error_max": 0.26859662144428975, "target": "248.xyz", "model": "6.xyz", "model_rescale": 4.08911054899281, "target_rescale": 3.9322708613148225},
{"mapping": [9, 5, 12, 10, 11, 13, 8, 7, 4, 1, 3, 6, 2, 14], "R": [[-0.046449471933484254, -0.8699176477858107, 0.49100481935303114], [0.01111455562467295, -0.491955014804323, -0.8705496712205136], [0.9988588054426744, -0.03497927214337948, 0.03251979873789024]], "T": [-0.056737573480359856, -0.023423265900059324, -0.04138345447788367], "aligned_model": [[0.6459048746906844, -0.769006226175369, -0.26186071225844465, -0.1486137719741998, 0.3049357353901255, 0.011959705281284726, 0.08996424078565701, -0.6418681115977215, -0.4762734452254903, 0.5543688743136922, 0.03356085483029086, -0.22636526528279835, -0.022637792151851945, 0.10470429505303419], [0.11282641653317349, -0.24705369110281575, -0.667519178198765, -0.6110333857062848, -0.4856917014258607, -0.3390822689348732, -0.0660015446601544, 0.11681969594109401, 0.1895685031550024, 0.14501781844029465, 0.6305866272521425, 0.43991857872960494, 0.4260077886967378, -0.02897460067621039], [-0.3612067212563267, -0.19358078985205834, 0.18459634928590724, -0.448259368920625, -0.0357821935163531, 0.6155294773825231, -0.7060748423819775, 0.4456926479475571, -0.5662392902424329, 0.3275644678989422, -0.47792519334078454, 0.034007179173999154, 0.6271885127542259, -0.07702708297842961]], "inverted": false, "swapped": false, "error_lsq": 0.05053846829020593, "error_max": 0.26464462406018696, "target": "248.xyz", "model": "7.xyz", "model_rescale": 3.964800864290218, "target_rescale": 3.9322708613148225},
{"mapping": [3, 7, 2, 1, 0, 4, 5, 12, 8, 6, 10, 9, 11, 13], "R": [[-0.9144707724085743, 0.191385078770626, -0.3565318471531352], [-0.33379490631018865, 0.14129028021187867, 0.931996790358755], [0.22874476372550606, 0.9712923392787621, -0.06532246724177143]], "T": [-0.014237332239716703, -0.08037037743725574, -0.031982091660539044], "aligned_model": [[0.6681822575052693, -0.6510744316758754, -0.11058111190611727, -0.25341227617624723, 0.42450306073990873, 0.011979248490098057, 0.10720765303119603, -0.6496665145791725, -0.5288153824334446, 0.4382621449307519, 0.158660786016782, -0.38870170385530944, 0.021950966543569768, -0.04972144095251606], [-0.11192920027433999, -0.39025174240957095, -0.6623575137928726, -0.6048023229198666, -0.639334444558974, -0.16910891820040408, 0.2441745814800511, 0.09875632866028426, 0.2095574087225388, 0.001438799689127565, 0.6644676926971637, 0.4972130408943407, 0.5090054102323802, -0.03144006217677211], [-0.2754368922618609, -0.10454388178693699, 0.2690454436086993, -0.5124884619852997, -0.12267614746120477, 0.6655360495314347, -0.7928975982460545, 0.3351940441144122, -0.524129316054401, 0.321652330980831, -0.33274196762311986, -0.026454339174985242, 0.5497909847478213, -0.08136709643516783]], "inverted": false, "swapped": false, "error_lsq": 0.037332419103091215, "error_max": 0.3050772703986791, "target": "248.xyz", "model": "8.xyz", "model_rescale": 4.121658175737393, "target_rescale": 3.9322708613148225},
{"mapping": [10, 6, 8, 11, 0, 9, 3, 2, 1, 4, 12, 7, 13], "R": [[0.9207865038121612, 0.384664605265037, 0.06469432628654692], [0.35350155882030954, -0.7528030172108987, -0.5552695428256251], [-0.16489045548177772, 0.5341542462009086, -0.8291503958610592]], "T": [-0.11771723361358949, 0.0204908830396723, 0.037479144532184545], "aligned_model": [[-0.4910594791131533, -0.2704664975462354, 0.27356429530340703, 0.11006964192785998, -0.7538235820968402, -0.6410029735812781, 0.3598404171814869, 0.31699935307814225, 0.6510663040041962, -0.22138474713119327, -0.3380229339327281, 0.518370059823128, -0.0374123614815951], [0.3333176849218401, -0.3185684110417125, 0.06408922219341842, 0.5842880448134444, -0.49577563786242307, 0.01691719971782956, -0.6805455862211239, -0.17808092246879356, -0.10652806631310283, -0.689597302058286, 0.6995993827362482, 0.5769764128554, -0.015704581861029146], [-0.534397715386903, -0.4311330723730926, -0.6246411710514684, -0.3321749779326775, -0.04871113635541079, 0.1398365657936403, -0.1576379221618039, 0.48061377514671727, 0.059797257578605635, 0.3929937868553384, 0.23143782203335933, 0.2097868218088577, 0.03530540000392646]], "inverted": true, "swapped": true, "error_lsq": 0.04231968743195359, "error_max": 0.24501056237129165, "target": "248.xyz", "model": "9.xyz", "model_rescale": 3.833441315466971, "target_rescale": 3.9322708613148225},
{"mapping": [1, 8, 11, 10, 12, 7, 0, 9, 13, 6, 5, 2, 3, 14], "R": [[0.03888530795618206, -0.3141579731295863, -0.9485740354575719], [-0.9870771081130914, -0.1597618077514376, 0.012447787879350247], [-0.1554564745009016, 0.9358316796855632, -0.3163105307014732]], "T": [0.045072660077978256, -0.04598271991653176, -0.020721708307593897], "aligned_model": [[0.6347884573435565, -0.6734295507501918, -0.1068795294939596, -0.3129236628247744, 0.452076072941931, -0.11819228609733398, 0.12394955587222656, -0.6540613264718509, -0.3317322975306528, 0.6828703859761953, 0.13185950952091735, -0.44263232971801775, -0.17109604078159082, -0.01582370230756091], [0.023615977823116058, -0.34811417980651194, -0.6611377958240297, -0.620256629106239, -0.48305748925497394, -0.23883911272383518, -0.0381965623370651, 0.11459998184680441, 0.35326975634004676, 0.00896076499736266, 0.5555656286887586, 0.48197912129603376, 0.4751827680350192, -0.008183171931401258], [-0.46003962581403196, -0.015197547147655002, 0.23192794182694498, -0.4874145982598085, -0.10030766960489224, 0.5957723678079382, -0.6971393106537165, 0.3578743710144789, -0.5989102809542716, 0.2060487535023489, -0.3174418264678347, -0.02782044616441298, 0.6395657114457586, 0.041565311423321386]], "inverted": false, "swapped": false, "error_lsq": 0.04670849037805757, "error_max": 0.2539993455263573, "target": "248.xyz", "model": "10.xyz", "model_rescale": 4.2482417240324, "target_rescale": 3.9322708613148225},
{"mapping": [10, 6, 4, 3, 12, 5, 9, 2, 8, 7, 11, 13], "R": [[0.18568976617514446, 0.9785763406485455, 0.08892500357448585], [0.19984464591566997, 0.05099650694805771, -0.978499603361155], [-0.9620714257458542, 0.19946854840299724, -0.18609371284742668]], "T": [-0.0162035940767962, 0.058435970821154905, 0.04083252595611591], "aligned_model": [[-0.6873348417439425, -0.05248455459960802, 0.5867403882889112, 0.6713660485266214, -0.5461599282056467, 0.11116610119681988, -0.2602661229026671, 0.5527061620654311, -0.10817677690457739, 0.006841086442281288, -0.45101578967758926, 0.05338382987697317], [-0.27460563826414386, -0.5356758475992072, -0.07842185546514699, -0.4352448636664962, 0.5746616654182609, 0.611793661706648, 0.06540791471664892, 0.36213753297732726, -0.39497321593408086, 0.6068147369873864, 0.11711715048325289, 0.047120148690190274], [-0.013521114069293481, 0.10088076893293929, 0.5498426775188963, -0.1619267673243825, 0.04034192867636855, 0.31922416061568554, 0.5148606396527091, -0.05342575775291603, -0.5750947468315625, -0.6245416521814172, -0.5194291488518672, -0.0120186985308035]], "inverted": true, "swapped": true, "error_lsq": 0.04078964579420453, "error_max": 0.24443276928034188, "target": "248.xyz", "model": "11.xyz", "model_rescale": 3.6694154284099745, "target_rescale": 3.9322708613148225},
{"mapping": [3, 5, 6, 0, 4, 11, 1, 7, 12, 8, 2, 10, 9, 13], "R": [[0.8298097115620172, 0.5091619234727883, -0.22840748298348781], [-0.40708502083561454, 0.8322647668154596, 0.3763205332278271], [0.3817035871047442, -0.21929316816330427, 0.8978935783199876]], "T": [-0.1251640656049493, -0.04383038991165356, -0.02682302142571668], "aligned_model": [[0.7017526408484207, -0.8558496453983796, -0.2759680565018222, -0.20897827779096173, 0.4254935026708544, 0.2257139106171851, 0.27238129741242156, -0.7053433660209727, -0.5034379509139167, 0.46114746832891895, 0.1894600630639947, -0.34979725002899364, -0.07484875127182761, -0.10295232933602781], [-0.003441744589494651, -0.3668916023170055, -0.5382672290132988, -0.5867396867640053, -0.5269361378211597, -0.2620941904749412, -0.03875345990804863, 0.12641244810957003, 0.2286493270586708, 0.35742793956376684, 0.42734203046628205, 0.5471522982179001, 0.3731977127459819, -0.12166864723113238], [-0.26309917028690144, -0.10620078278117728, 0.202622401109621, -0.48394722517386807, -0.13200728159646424, 0.5849565206259956, -0.7740883044589159, 0.40511988445513847, -0.5212238424196941, 0.23361581883010862, -0.3513561958883942, 0.03488744847301512, 0.6574592285467787, -0.11825534748107511]], "inverted": false, "swapped": false, "error_lsq": 0.043165410583534514, "error_max": 0.27268955510723797, "target": "248.xyz", "model": "12.xyz", "model_rescale": 3.9764082729961374, "target_rescale": 3.9322708613148225},
{"mapping": [6, 7, 0, 4, 5, 9, 14, 2, 3, 13, 11, 8, 10, 15], "R": [[0.8849281301305982, -0.16508889224816842, 0.4354857772187696], [-0.4649868122464937, -0.26046710838063186, 0.8461348296156331], [-0.026257740580772654, -0.9512636559377768, -0.30725882892357714]], "T": [0.025272244310029814, -0.038260463429105177, 0.05364379411560038], "aligned_model": [[0.548916598961996, -0.6263640965021833, -0.3792342162516231, -0.09149445392474226, 0.39771161993611537, 0.0630835850942241, 0.28543599908466166, -0.6922091840402661, -0.43171196802785106, 0.5600913299973589, 0.03461096596141958, -0.46929702046472577, 0.009062181351796685, -0.009828085497286948], [-0.24639798785208306, -0.3198465384835709, -0.6114291950310881, -0.6233254580335376, -0.7821217194231223, -0.4189149971904018, 0.32627314509192856, -0.04842624081643511, 0.31596236895023755, 0.2430659097206293, 0.7149684275910532, 0.46662208551106066, 0.6601857229008902, -0.06122646489247484], [-0.4622381366276965, -0.20541809152426027, 0.24061989413889018, -0.3462664608805589, 0.15748621872603222, 0.5175096744653989, -0.6083517561226685, 0.40203519878662547, -0.5580220149735575, -0.04281637145488152, -0.19756075353406088, 0.06579660302497103, 0.45120769793263593, -0.04549855000270258]], "inverted": false, "swapped": false, "error_lsq": 0.05281081607812154, "error_max": 0.2939190382503773, "target": "248.xyz", "model": "13.xyz", "model_rescale": 4.170626492500431, "target_rescale": 3.9322708613148225},
{"mapping": [7, 5, 4, 12, 8, 2, 10, 6, 11, 0, 9, 3, 3, 13], "R": [[0.7395646973483672, -0.6403266099790809, -0.20742683285610947], [-0.5994339799148262, -0.7667506041220712, 0.22972247343677732], [-0.30614206205533084, -0.04555593958132339, -0.9508952067443462]], "T": [0.03465149158396035, -0.029849165557975055, 0.0012601452930206813], "aligned_model": [[0.7891185667062441, -0.793776544719274, -0.027647307727047425, -0.2246712529270341, 0.40058230654918864, 0.01919021941325002, 0.15297270150034875, -0.7510498017252758, -0.49773020984450095, 0.5412610508119243, 0.0811007504968923, -0.21389883564907106, -0.21389883564907106, -0.06277955155768086], [-0.05610356523072188, -0.32617452239078665, -0.6978954422251533, -0.534787892616771, -0.6117621544670983, -0.09392381511540919, -0.053693812977955696, 0.0271723339046242, 0.2951637953988616, 0.006151547239541168, 0.5818469964213363, 0.5475919415742088, 0.5475919415742088, -0.015788293045799262], [-0.2945775499776426, -0.22921349728005316, 0.2312518025950788, -0.46079474027978784, -0.2798594107728245, 0.6559261330938988, -0.5498839638546396, 0.29606735911472803, -0.33129954908582626, 0.3141644592690367, -0.5278681096982415, 0.2845587634615434, 0.2845587634615434, -0.024547308092646717]], "inverted": false, "swapped": false, "error_lsq": 0.05966898271513614, "error_max": 0.38917674608517955, "target": "248.xyz", "model": "14.xyz", "model_rescale": 3.9786697098870705, "target_rescale": 3.9322708613148225},
{"mapping": [9, 4, 10, 12, 6, 8, 2, 1, 11, 5, 3, 13], "R": [[-0.33374781650588004, 0.9346464344401926, 0.1226720732921413], [-0.3800003479552952, -0.014302584248678224, -0.9248757601092505], [-0.8626773038230531, -0.35529069601108965, 0.35993942656583694]], "T": [0.05414184092289204, -0.08048655339514839, -0.0751042434228119], "aligned_model": [[0.03611530347563264, -0.7322816636577456, 0.6137317838372975, 0.5838184120010548, -0.026254718962670676, 0.3690468641857626, -0.3492229950745629, -0.11521060123198704, 0.7093431591264443, -0.11382916133121374, -0.5099938126917942, 0.01809202709111902], [-0.38050494685174086, -0.13879476283874237, 0.11250280761645935, -0.5962225694017139, 0.37345977517469303, 0.6091675619917754, -0.18673899759656643, 0.2699328837807601, 0.09803360271239299, -0.6664954834543785, 0.5515732847418492, -0.03123866565034887], [-0.5155378775706811, -0.21475047156873922, -0.5376000655518134, -0.04678434978246011, -0.456365408904348, 0.06134131279238429, 0.42567994234951373, 0.6003111900418454, 0.13759285819361905, 0.09314839957941055, 0.12448392285160638, -0.01155295855650769]], "inverted": false, "swapped": true, "error_lsq": 0.04388835907274067, "error_max": 0.2799261513463837, "target": "248.xyz", "model": "15.xyz", "model_rescale": 3.769337070930944, "target_rescale": 3.9322708613148225},
{"mapping": [9, 4, 12, 5, 10, 6, 11, 3, 7, 2, 13], "R": [[0.4975938156794133, -0.5073079892139362, 0.7035900785807847], [0.34357464359051276, -0.6295256464930781, -0.6968887462781447], [0.7964652276648705, 0.5885032408467984, -0.1389499069217424]], "T": [0.0014548913480061758, 0.026811748857248473, -0.06366507782418802], "aligned_model": [[-0.25645211811527996, -0.4821105388151334, -0.13465274944306452, -0.5801876224487753, 0.47405102083379047, 0.33647349903101414, 0.5121097248244909, 0.21435837559582557, 0.12937083546156533, -0.31255395412068837, 0.022219657887425963], [0.02699111539715673, -0.6080054799811582, 0.7233663567394967, 0.2552723908733442, 0.21749257711722966, -0.3973529969429226, 0.51892335479081, -0.6840067888862589, 0.6238437599352394, -0.07365222775501602, -0.00680756366257915], [-0.5303573970781693, 0.0036729174077642507, -0.272541387844117, 0.03342970462265596, -0.6155544718974393, -0.320058824421537, -0.0048766529349426185, 0.39130000168977, 0.5455667453795318, 0.4985475224511419, 0.015089449849118253]], "inverted": true, "swapped": true, "error_lsq": 0.0427244108877946, "error_max": 0.29051338320250253, "target": "248.xyz", "model": "16.xyz", "model_rescale": 3.7852294659196426, "target_rescale": 3.9322708613148225},
{"mapping": [2, 12, 11, 7, 5, 9, 0, 10, 1, 3, 4, 8, 13], "R": [[0.7451663716927484, 0.11775445800691192, 0.6564000046600877], [-0.637171863915001, 0.41621929395514146, 0.6486705752341223], [-0.1968224944800474, -0.9016071134141422, 0.38518244859763495]], "T": [-0.07491089521485707, 0.0983040728825697, 0.050764633238166226], "aligned_model": [[0.03143349780015513, -0.4914323610886827, 0.2177716681067312, 0.20767515646978846, -0.5319090616021918, -0.5410510450444682, -0.4171759146938141, -0.07764325615476396, 0.5306622871404222, 0.5455578014716079, -0.23524149844148673, 0.6197015139195089, -0.0045829376665232485], [0.01630708450790508, -0.46813497297329065, -0.4182312407626725, -0.6827635107365235, -0.1073241352787857, 0.2812450911955501, 0.8251077986284904, 0.08110160262957108, -0.08792997945794118, 0.5857482877208807, 0.7015556454245184, 0.04796897870524747, 0.10040497409992469], [-0.5870009487035326, 0.2809810538676844, 0.4430992575491995, -0.1817255356445973, -0.3349806084844115, 0.23396868092475165, 0.23297926598605762, 0.8017538424697543, -0.403391769268376, -0.3166599775797318, -0.450976816888735, 0.37998392448322066, -0.002275671568109955]], "inverted": true, "swapped": true, "error_lsq": 0.053284071581626326, "error_max": 0.31606673167829324, "target": "248.xyz", "model": "17.xyz", "model_rescale": 3.901054581598922, "target_rescale": 3.9322708613148225},
{"mapping": [11, 8, 5, 4, 10, 13, 6, 2, 1, 12, 7, 0, 3, 14], "R": [[0.701965902958965, 0.2566980865308448, 0.6643417520029945], [0.6465093827027868, 0.16164880914795718, -0.7455838521442838], [-0.29878000127228543, 0.9528776179932293, -0.052485769188255864]], "T": [-0.05693345320057545, -0.09329587707450217, -0.04716478384037866], "aligned_model": [[0.7182856037691563, -0.6424804246855382, -0.19548596254558856, -0.330339424294371, 0.2804467361196956, 0.04736455644449685, 0.2997613548988462, -0.6283524584533762, -0.3678712289079039, 0.4899235205289261, 0.13592587370519105, -0.4990861700995914, -0.10208914850321846, -0.007229572297830694], [-0.09774913306069312, -0.40251097486639065, -0.537185652538594, -0.5338726995791215, -0.7837281099715214, -0.10024353480098397, 0.10650679446736099, -0.011211332184035097, 0.2312010807306678, 0.31994975991564334, 0.49739462265465506, 0.523011992237968, 0.4913035032680333, -0.08747725822990286], [-0.23623242027971614, -0.09119908435956417, 0.36978978969043014, -0.644421184686615, -0.33340190190845004, 0.6715673314409485, -0.6769055651066009, 0.544849193962623, -0.5798044119654415, 0.23945447208851273, -0.2786103224718623, -0.034122404386183, 0.44233538694369134, -0.02481572700760538]], "inverted": false, "swapped": false, "error_lsq": 0.04266381147775381, "error_max": 0.2885353304481377, "target": "248.xyz", "model": "18.xyz", "model_rescale": 3.9405287249114394, "target_rescale": 3.9322708613148225},
{"mapping": [4, 2, 6, 1, 0, 8, 12, 5, 10, 7, 13, 11, 9, 15], "R": [[-0.9733546654522225, 0.18234593274655597, 0.13903472966557837], [0.22754120556682866, 0.6930147556589128, 0.684072765287591], [0.028384767245587868, 0.6974815476052437, -0.716040359015194]], "T": [0.009438717507849338, 0.023085224952600496, -0.20079554139729], "aligned_model": [[0.7205898277247955, -0.7818846996021672, -0.26464359813867017, -0.1287240608865792, 0.3228200349858945, 0.09396501252054176, 0.2782946230428714, -0.48465032996851437, -0.7104221667624291, 0.46168971992942737, 0.18015772732356392, -0.4252270818995924, -0.03329104775786141, -0.02990070483238709], [-0.14585926689051149, -0.3082466671177752, -0.5776512048836157, -0.5697061667370477, -0.5691337495346541, -0.3299946108726321, 0.005003955435229895, -0.05646596857904208, 0.18605601513531417, 0.23862774685891178, 0.6697693134433396, 0.580069927418661, 0.4760873635008737, 0.016832370866033983], [-0.1811261303955409, -0.06168511819529529, 0.1488872887641272, -0.4558030640008805, -0.04670759875108488, 0.4628776391072494, -0.6777951556119939, 0.46313989486926316, -0.4712486164239217, 0.29381137424409864, -0.263918871097257, -0.05920851535288277, 0.41724416330424735, -0.19998413850596192]], "inverted": false, "swapped": false, "error_lsq": 0.046167190099657154, "error_max": 0.30745870994929936, "target": "248.xyz", "model": "19.xyz", "model_rescale": 4.410303926677745, "target_rescale": 3.9322708613148225},
{"mapping": [3, 7, 2, 1, 0, 4, 5, 12, 8, 6, 10, 9, 11, 13], "R": [[-0.9144707724085743, 0.191385078770626, -0.3565318471531352], [-0.33379490631018865, 0.14129028021187867, 0.931996790358755], [0.22874476372550606, 0.9712923392787621, -0.06532246724177143]], "T": [-0.014237332239716703, -0.08037037743725574, -0.031982091660539044], "aligned_model": [[0.6681822575052693, -0.6510744316758754, -0.11058111190611727, -0.25341227617624723, 0.42450306073990873, 0.011979248490098057, 0.10720765303119603, -0.6496665145791725, -0.5288153824334446, 0.4382621449307519, 0.158660786016782, -0.38870170385530944, 0.021950966543569768, -0.04972144095251606], [-0.11192920027433999, -0.39025174240957095, -0.6623575137928726, -0.6048023229198666, -0.639334444558974, -0.16910891820040408, 0.2441745814800511, 0.09875632866028426, 0.2095574087225388, 0.001438799689127565, 0.6644676926971637, 0.4972130408943407, 0.5090054102323802, -0.03144006217677211], [-0.2754368922618609, -0.10454388178693699, 0.2690454436086993, -0.5124884619852997, -0.12267614746120477, 0.6655360495314347, -0.7928975982460545, 0.3351940441144122, -0.524129316054401, 0.321652330980831, -0.33274196762311986, -0.026454339174985242, 0.5497909847478213, -0.08136709643516783]], "inverted": false, "swapped": false, "error_lsq": 0.037332419103091215, "error_max": 0.3050772703986791, "target": "248.xyz", "model": "20.xyz", "model_rescale": 4.121658175737393, "target_rescale": 3.9322708613148225},
{"mapping": [12, 11, 8, 10, 6, 5, 1, 9, 2, 4, 3, 0, 13], "R": [[0.5546210255191835, 0.6106502658360968, -0.565244876921811], [-0.5340881914450164, -0.2596585312109702, -0.8045664987608875], [-0.6380794008671968, 0.7481201106798733, 0.18212901522078623]], "T": [0.046401198146056664, -0.11108859982046149, 0.06761809704348254], "aligned_model": [[0.03206310300463885, 0.1165968616522301, 0.23252432652078106, 0.6976549880306435, 0.5013545017725234, -0.33569665379451197, -0.5079971435989263, 0.3455996095510503, -0.5635485448927263, -0.09450398335299567, -0.11974007950880375, 0.5839652035040572, -0.007189284223665757], [-0.6803957571160478, 0.007785377477487004, 0.5291967707798607, -0.14070883683636093, 0.2332092735002489, -0.596540259199628, 0.4276223935942053, -0.5094151135245033, -0.014400234759025271, -0.07501706171605661, 0.6344718607926221, -0.233338120724068, -0.04164338810555078], [0.5398751289773431, 0.7657153803032434, 0.45336177830916113, 0.44081955186578275, -0.11229137550871665, -0.0675395647188557, 0.16808193940156085, -0.12247155981985972, -0.14068515441061552, -0.7199143904427774, -0.3496597315209393, -0.544485788327974, 0.059303525374436006]], "inverted": false, "swapped": true, "error_lsq": 0.04814454232268398, "error_max": 0.26859662144428975, "target": "248.xyz", "model": "21.xyz", "model_rescale": 4.08911054899281, "target_rescale": 3.9322708613148225},
{"mapping": [4, 8, 6, 1, 0, 7, 2, 5, 15, 13, 14, 9, 12, 16], "R": [[-0.5672111545834778, 0.8100457741670988, 0.14865177385455003], [-0.6608218500438123, -0.3399249499840312, -0.6691528307367662], [-0.4915139760177238, -0.47778328992586167, 0.7281051704574476]], "T": [-0.1102629667353365, 2.756480405549308e-05, -0.05381019585100768], "aligned_model": [[0.5320485862743033, -0.5909476810786898, -0.20849247518395475, -0.24102523725484634, 0.3279431077109304, 0.20050727189954778, 0.1936171304331821, -0.7452752948021808, -0.3167865877199396, 0.48312791445082415, 0.007158179270715909, -0.4926638324391027, 0.11680127549599398, -0.06723910137789058], [-0.13152569097249348, -0.4973138753872658, -0.6096814353572806, -0.5186347782281574, -0.6367702108288626, -0.1704543619046026, -0.012953073481740605, 0.05874215539691778, 0.3193233546583017, 0.1519367403794044, 0.6207666696827145, 0.5347565850549776, 0.5254424604978756, -0.018245481466702736], [-0.2913429212441497, -0.10234590770470028, 0.3635266313564359, -0.6402306796294625, -0.0033777911231442567, 0.5627560694067947, -0.7085942968704183, 0.24791980597646587, -0.6758272458190407, 0.19426404813527934, -0.16658352643998206, 0.22074774771103498, 0.41239847343459124, -0.0448272552355366]], "inverted": true, "swapped": false, "error_lsq": 0.04256506309448432, "error_max": 0.23004354589970363, "target": "248.xyz", "model": "22.xyz", "model_rescale": 4.204369325754507, "target_rescale": 3.9322708613148225},
{"mapping": [4, 2, 6, 1, 0, 8, 12, 5, 10, 7, 13, 11, 9, 15], "R": [[-0.9733546654522225, 0.18234593274655597, 0.13903472966557837], [0.22754120556682866, 0.6930147556589128, 0.684072765287591], [0.028384767245587868, 0.6974815476052437, -0.716040359015194]], "T": [0.009438717507849338, 0.023085224952600496, -0.20079554139729], "aligned_model": [[0.7205898277247955, -0.7818846996021672, -0.26464359813867017, -0.1287240608865792, 0.3228200349858945, 0.09396501252054176, 0.2782946230428714, -0.48465032996851437, -0.7104221667624291, 0.46168971992942737, 0.18015772732356392, -0.4252270818995924, -0.03329104775786141, -0.02990070483238709], [-0.14585926689051149, -0.3082466671177752, -0.5776512048836157, -0.5697061667370477, -0.5691337495346541, -0.3299946108726321, 0.005003955435229895, -0.05646596857904208, 0.18605601513531417, 0.23862774685891178, 0.6697693134433396, 0.580069927418661, 0.4760873635008737, 0.016832370866033983], [-0.1811261303955409, -0.06168511819529529, 0.1488872887641272, -0.4558030640008805, -0.04670759875108488, 0.4628776391072494, -0.6777951556119939, 0.46313989486926316, -0.4712486164239217, 0.29381137424409864, -0.263918871097257, -0.05920851535288277, 0.41724416330424735, -0.19998413850596192]], "inverted": false, "swapped": false, "error_lsq": 0.046167190099657154, "error_max": 0.30745870994929936, "target": "248.xyz", "model": "23.xyz", "model_rescale": 4.410303926677745, "target_rescale": 3.9322708613148225},
{"mapping": [2, 9, 10, 8, 3, 1, 5, 11, 6, 0, 12, 13, 7, 16], "R": [[-0.5175967634171355, -0.32013964170824405, -0.7934760237757806], [-0.30302115367091975, 0.9358464253807428, -0.1799156706071789], [0.8001698388017703, 0.14731625134045195, -0.5814001643987952]], "T": [-0.20864498573234178, -0.02360915918844266, -0.07348102230118034], "aligned_model": [[0.655361338977621, -0.7022111204873538, -0.2579434880259982, -0.302999440660524, 0.5318532396903037, 0.12694719979611804, 0.06651108120746138, -0.6147637421427465, -0.4099218820570173, 0.49191873989867074, 0.21215035450766576, -0.4229073071005811, -0.06497081864547191, -0.11025089927925455], [-0.17744470678769364, -0.3999068061241669, -0.6437023477438865, -0.7447407289056549, -0.495238457693856, -0.2240540532772137, 0.08237695814215792, -0.1122616162093562, 0.5343184884082892, 0.233087881922069, 0.6258222181452909, 0.6437345749445179, 0.36817350436652646, -0.07477585114393809], [-0.3239239226485461, -0.15840766807280135, 0.11845136541480725, -0.4565908802360149, 0.12268005327515777, 0.6904136556592767, -0.6290511035576636, 0.4039389020490547, -0.5489833259894803, 0.04357839210565487, -0.2910723882843085, -0.019345802854808247, 0.44400808379861567, -0.027212208704777197]], "inverted": false, "swapped": false, "error_lsq": 0.047007438597300055, "error_max": 0.3136129597219851, "target": "248.xyz", "model": "24.xyz", "model_rescale": 4.28219845311461, "target_rescale": 3.9322708613148225},
{"mapping": [9, 0, 2, 4, 13, 14, 3, 6, 1, 11, 5, 8, 10, 15], "R": [[-0.48508607541240567, 0.42600384211166037, -0.7636833283155353], [0.8415649988860281, 0.4647222059730957, -0.27532094712436894], [0.2376128197108689, -0.7762435170625281, -0.5839401939646277]], "T": [0.06941590485190136, -0.11188113581491249, -0.07936294111302916], "aligned_model": [[0.653118057246332, -0.713853346601053, -0.25064899014703773, -0.24373689742819876, 0.3596823468132015, 0.08512983145529607, 0.050011012952017986, -0.6661829682580662, -0.2964694987510174, 0.39403094138859757, 0.16725512031361106, -0.28683675671495873, -0.05290451523944767, 0.00017891864961683268], [0.05600196821203249, -0.32741158573818296, -0.6118689275744248, -0.5724509441324315, -0.6163170517658225, -0.18765231026343343, -0.014073207532884782, 0.039386960507472424, 0.21871077882543927, 0.20838005852382518, 0.7034980770089052, 0.47304008417952154, 0.3827787377918617, -0.13663357999879247], [-0.37597842376903695, -0.15412975808424612, 0.261739236348042, -0.5531343491952354, 0.03982705975490557, 0.6783681632558123, -0.8475441724610464, 0.4188432369652532, -0.48766951251670737, 0.2181852343201251, -0.3048954401609272, 0.03420318260163879, 0.5289578156427175, -0.08828912074712778]], "inverted": true, "swapped": false, "error_lsq": 0.04152892740290031, "error_max": 0.3179615740375712, "target": "248.xyz", "model": "25.xyz", "model_rescale": 4.100010024507729, "target_rescale": 3.9322708613148225},
{"mapping": [10, 6, 4, 3, 12, 5, 9, 2, 8, 7, 11, 13], "R": [[0.18568976617514446, 0.9785763406485455, 0.08892500357448585], [0.19984464591566997, 0.05099650694805771, -0.978499603361155], [-0.9620714257458542, 0.19946854840299724, -0.18609371284742668]], "T": [-0.0162035940767962, 0.058435970821154905, 0.04083252595611591], "aligned_model": [[-0.6873348417439425, -0.05248455459960802, 0.5867403882889112, 0.6713660485266214, -0.5461599282056467, 0.11116610119681988, -0.2602661229026671, 0.5527061620654311, -0.10817677690457739, 0.006841086442281288, -0.45101578967758926, 0.05338382987697317], [-0.27460563826414386, -0.5356758475992072, -0.07842185546514699, -0.4352448636664962, 0.5746616654182609, 0.611793661706648, 0.06540791471664892, 0.36213753297732726, -0.39497321593408086, 0.6068147369873864, 0.11711715048325289, 0.047120148690190274], [-0.013521114069293481, 0.10088076893293929, 0.5498426775188963, -0.1619267673243825, 0.04034192867636855, 0.31922416061568554, 0.5148606396527091, -0.05342575775291603, -0.5750947468315625, -0.6245416521814172, -0.5194291488518672, -0.0120186985308035]], "inverted": true, "swapped": true, "error_lsq": 0.04078964579420453, "error_max": 0.24443276928034188, "target": "248.xyz", "model": "26.xyz", "model_rescale": 3.6694154284099745, "target_rescale": 3.9322708613148225},
{"mapping": [4, 7, 7, 5, 8, 9, 0, 3, 1, 10, 2, 6, 12, 13], "R": [[-0.6789561926274867, 0.2553166248400323, 0.6883544941184604], [-0.02821520444845447, -0.9459656890244575, 0.3230368669771541], [0.7336364158973566, 0.1999058184965556, 0.6494730733452335]], "T": [0.031160567702700877, -0.02117843246735437, -0.011174731733430789], "aligned_model": [[0.7244843971383446, -0.4175782396708457, -0.4175782396708457, -0.22741405669556747, 0.33738059377831064, 0.053447561006454515, 0.0943382665668911, -0.6420928090212966, -0.6335313605154884, 0.5966954804606794, 0.2766858237306195, -0.4189859654806589, -0.179313488258101, 0.05223529231039761], [-0.11236486960141921, -0.4524885684530495, -0.4524885684530495, -0.4481111838867247, -0.5806128659765819, -0.19769519001769276, 0.15011491818644315, -0.028512145573929223, 0.11351513879447897, -0.044050956468466046, 0.590688757573851, 0.49030187203864134, 0.557511679517054, 0.02958104036352997], [-0.44305164858407275, 0.08227886140996823, 0.08227886140996823, -0.6250526423182071, 0.029069555619085016, 0.6470111536391943, -0.6464703397153861, 0.4354876997686468, -0.5765851456082266, 0.19263358505045533, -0.17690202763482235, -0.09451996896896728, 0.4893762041525503, -0.0270709962660185]], "inverted": false, "swapped": false, "error_lsq": 0.04964928809749875, "error_max": 0.3077739851509542, "target": "248.xyz", "model": "27.xyz", "model_rescale": 4.103607728864725, "target_rescale": 3.9322708613148225},
