[{"mapping": [7, 11, 9, 6, 5, 0, 2, 1, 10, 3, 4, 12], "R": [[0.024949097090129213, 0.1865168261797073, 0.9821349276480479], [-0.11234219001687339, 0.9767406913277257, -0.1826385891504022], [-0.9933563181943327, -0.10577852077092759, 0.045322507067840176]], "T": [-0.0884794560202771, -0.17676989047884234, 0.029049249871818776], "aligned_model": [[-0.23587007416252503, 0.4716631431777787, 0.4606393609686923, -0.259681323758265, -0.08786211384164028, -0.7265685808773922, 0.3110180409847818, -0.4050011538000462, 0.5811182891267491, 0.17304765177517575, -0.39339982194630807, -0.05146095518645177], [-0.3277215757661479, -0.6657643662992864, -0.416139452420199, 0.5658184794243368, 0.32450722702120854, -0.07878165111581516, -0.12055207296744777, -0.8004343090256529, 0.2345118353716391, 0.3794288930346647, 0.053266681493395945, -0.09458465277363845], [-0.4982339264662977, 0.1688759883677088, -0.5172543770149686, -0.09055678533624356, -0.6140928931108113, 0.002657938840042555, 0.5327317394352331, 0.3867869094043603, -0.19294814406195543, 0.3957047921148621, 0.5825416561186099, 0.025738847063022537]], "inverted": false, "swapped": true, "error_lsq": 0.07091954592228986, "error_max": 0.49228622892180685, "target": "249.xyz", "model": "0.xyz", "model_rescale": 3.751011558992144, "target_rescale": 3.882734246893342},
{"mapping": [8, 10, 9, 13, 5, 0, 2, 1, 6, 7, 3, 11, 14], "R": [[0.43949930784781066, -0.5028560412235321, -0.7442957478088216], [-0.2790737612262974, 0.7111641834472051, -0.6452622257477015], [0.8537904861242617, 0.4913057154022001, 0.1722222396115828]], "T": [0.034157183302419236, -0.006612892434155249, 0.019254827950838285], "aligned_model": [[0.009466925303614163, -0.4317731861280851, -0.576153729485952, -0.41465519477126506, -0.4968203352673187, 0.6330298773900909, -0.06190489632204621, 0.6823689336663287, 0.43303351665991585, 0.5532686206906106, 0.21168117230025835, -0.10540395200184, 0.010137537444083966], [0.08868817593096717, -0.6702378687512098, -0.07753798480713914, 0.5157185917585096, 0.2015729717225242, 0.4553523937776148, 0.7506755564926977, -0.15769655080829065, -0.5818165572222755, -0.030327030403085597, 0.6454293963970459, -0.501416546311605, -0.008399326079927931], [-0.6370426272234839, -0.10307476691239738, 0.2573301150715361, 0.24999162217644694, -0.23531847727671412, -0.039431534271885976, -0.29858850447614904, -0.187338502769881, 0.2908504096007166, 0.43112614162830326, 0.3752491768088485, 0.6295195430940186, 0.06848568931885518]], "inverted": false, "swapped": false, "error_lsq": 0.04268792255323849, "error_max": 0.22741305986575275, "target": "249.xyz", "model": "1.xyz", "model_rescale": 3.9405287249114394, "target_rescale": 3.882734246893342},
{"mapping": [6, 11, 5, 2, 0, 7, 1, 3, 10, 8, 4, 9, 12], "R": [[-0.8646686848614423, 0.4760993459875169, -0.16024193636574235], [-0.4277745323979891, -0.5306175097782507, 0.7317472294094524], [0.2633572001135826, 0.701266333903879, 0.662471519449212]], "T": [0.04663897633827368, 0.09350301097647692, 0.02803525993296871], "aligned_model": [[0.018438050637433194, -0.2434557299960396, -0.635664201714753, -0.4687852491572691, -0.6073434754886708, 0.5811560822397202, -0.09387302658879665, 0.5871393757660914, 0.4443360465617528, 0.38694273248353017, 0.5149408381224722, -0.04727594096224507, 0.009719787575169496], [-0.04513310004483703, -0.5372523792223125, -0.10786425532937755, 0.39985458354298975, 0.2547154118957212, 0.36542837432325037, 0.8640874139079566, -0.07003893784291079, -0.5991985309381493, -0.08064925713200116, 0.5159270664281101, -0.4764412482569309, 0.1465700803643174], [-0.4966936509342763, -0.13198657648057752, 0.17632510333431503, 0.35154137931860774, -0.4712116757292847, -0.49086541786925575, -0.08893647746724134, -0.060919940947123, 0.2991233147733301, 0.7022415422945802, 0.33454301759671723, 0.5908181992313964, 0.08777946764702552]], "inverted": true, "swapped": false, "error_lsq": 0.06970348211593934, "error_max": 0.4176906498844018, "target": "249.xyz", "model": "2.xyz", "model_rescale": 3.932901565614263, "target_rescale": 3.882734246893342},
{"mapping": [0, 7, 5, 6, 4, 1, 2, 3, 8, 11, 10, 9, 13], "R": [[-0.3985066548293952, -0.9108377421106153, 0.10755023758003608], [-0.7851826035102247, 0.39941029972841835, 0.4732437972290402], [-0.4740049843636575, 0.10414422700126946, -0.8743416121749654]], "T": [0.09258802563658736, 0.005374612336074003, 0.07245169845721187], "aligned_model": [[0.1438876990658413, -0.31148997352958985, -0.5793371333396382, -0.28834582525301317, -0.5754061933888603, 0.4789695416606813, -0.19309707713788987, 0.4490847524324861, 0.40741332513804623, 0.8282494622071126, 0.27898678746666283, -0.22527411568302796, 0.032634039839584406], [0.11593271395927207, -0.555188884075684, 0.015063638989353173, 0.5421056638688349, 0.1320332087514757, 0.5822452899776098, 0.6398364362470461, -0.24804033173151685, -0.6214072691977739, -0.056623520841706215, 0.48250441841954883, -0.4500877735726826, 0.05163163090204879], [-0.586407602770701, -0.10708126349581364, 0.3278384427333254, 0.25548568505182, -0.47615355839003926, -0.18580818279512662, -0.3858517700334806, -0.19094235612308658, 0.2888222817318691, 0.5751118028944848, 0.5731992296904604, 0.5533993188140002, 0.16014625746050193]], "inverted": true, "swapped": false, "error_lsq": 0.04877282113174563, "error_max": 0.24614817887358112, "target": "249.xyz", "model": "3.xyz", "model_rescale": 3.9243930471874484, "target_rescale": 3.882734246893342},
{"mapping": [8, 10, 3, 2, 4, 1, 7, 9, 11, 5, 0, 6, 12], "R": [[-0.9194911081639197, 0.27281356547382557, -0.2830350870491956], [0.2795082500743204, -0.05256806043271095, -0.9587031538295543], [-0.2764258311878219, -0.9606296672057353, -0.027917778140823746]], "T": [0.04583091595075955, -0.05047414871187661, 0.0005146188363506499], "aligned_model": [[0.002825560890181246, -0.3513793855722251, -0.4741886402817243, -0.4052336193912523, -0.4430291566447682, 0.5197933681218294, -0.05441822496712929, 0.5999060689411001, 0.44851783976993936, 0.45733232417767844, 0.06118781806095255, -0.016423547292754824, 0.10138488366656842], [-0.09972497222110702, -0.6022417622343946, 0.019597151581785446, 0.732936457829241, 0.1886495426213895, 0.48375062641671496, 0.6476653693968727, -0.24137939695099161, -0.7262735520395615, 0.07472501304624685, 0.5693774563569607, -0.4171622103257314, 8.549821840060645e-05], [-0.6256333387072347, -0.18631202955888576, 0.42196810900531334, 0.18496812742090166, -0.23655701401989077, 0.011640424572421267, -0.3808907847859435, -0.3922235927122165, 0.08579350974441259, 0.6239044332359837, 0.582640470016107, 0.619530581484202, 0.09292938907304331]], "inverted": false, "swapped": false, "error_lsq": 0.04279155122286459, "error_max": 0.28628351591216916, "target": "249.xyz", "model": "4.xyz", "model_rescale": 3.8936222436046832, "target_rescale": 3.882734246893342},
{"mapping": [8, 1, 11, 9, 2, 4, 0, 6, 5, 7, 10, 12], "R": [[-0.949163029118529, -0.3094451145400497, -0.05773443722627245], [0.2912495485914591, -0.7937151632234479, -0.534031778187822], [0.11942882650269221, -0.5236983490106412, 0.8434908385060972]], "T": [-0.1545810970802459, -0.03966741133266778, 0.01782167795203137], "aligned_model": [[0.0064840091672730416, -0.6617848563603852, -0.30377198927663496, 0.4084905817973409, -0.579075448766473, -0.6926506148273232, -0.1988885981625915, 0.0755816411288934, 0.5640365243751518, 0.3101595796883021, 0.23000491464352138, -0.1310377011919777], [-0.6361385765218573, -0.611191562323726, 0.017674518876490394, 0.030175730205214288, 0.3816695006109965, 0.04796613436469026, -0.40061022115854517, 0.3465445201824418, 0.16923009520183507, -0.36600655246977837, 0.6470219399400927, 0.04258737820195292], [-0.5154157127827437, -0.16445288577144646, -0.7216922342519219, -0.5612716954611995, -0.22453032932687916, 0.4115838568290828, 0.551875103177635, 0.6446538948857721, 0.3416449192709168, 0.010283642713991896, -0.19977422199307693, 0.04638038198538717]], "inverted": true, "swapped": true, "error_lsq": 0.04224263199181261, "error_max": 0.24648960419416283, "target": "249.xyz", "model": "5.xyz", "model_rescale": 3.6523030999806103, "target_rescale": 3.882734246893342},
{"mapping": [2, 0, 5, 8, 1, 10, 6, 4, 3, 11, 9, 7, 12], "R": [[-0.6967448344670064, -0.5196303569243718, 0.4945006853445143], [0.7166514605588842, -0.5339917029127006, 0.4486240578694063], [0.03094058374307515, 0.6669611333376515, 0.7444498148932497]], "T": [0.01953885587865703, 0.12866687144291264, 0.06140746329342287], "aligned_model": [[0.23177292489199264, -0.5088362851274022, -0.5784032834229741, -0.41464190653205135, -0.40554347646778877, 0.5872759990263633, -0.08928966214320369, 0.5232615105442899, 0.08896695628395743, 0.7213251505750682, 0.23759102987647152, 0.07318331540524879, -0.020386983431575925], [-0.02435512448535354, -0.7079457086531616, -0.032934608955852984, 0.5996472254864103, -0.06988362914139876, 0.6465423471219429, 0.6427217624250948, -0.048141493438606575, -0.5609915006891306, -0.11158155583108328, 0.5459672537767213, -0.2887777853426019, 0.039738039422846066], [-0.6511601495836224, -0.0283858086734324, 0.34469828483033854, 0.26965653129615985, -0.4507034382094331, -0.07332400907919087, -0.32138279885358095, -0.1486732145697462, 0.014591103222702108, 0.5350589099391946, 0.6100207291734286, 0.5996270190329999, 0.1017351262423965]], "inverted": true, "swapped": false, "error_lsq": 0.05253310037582551, "error_max": 0.35605842052707715, "target": "249.xyz", "model": "6.xyz", "model_rescale": 4.08911054899281, "target_rescale": 3.882734246893342},
{"mapping": [1, 9, 10, 12, 11, 7, 13, 6, 3, 4, 5, 8, 14], "R": [[-0.2066371723621479, -0.06844397462327934, 0.9760207484146761], [-0.6495427079299113, -0.7364191324117163, -0.1891590124552707], [0.7317071474116229, -0.6730544433816207, 0.10771428257665222]], "T": [0.07400794320220488, 0.06128731269208873, 0.00819168400701574], "aligned_model": [[-0.0597113592706478, -0.25490186024663414, -0.42654260631645685, -0.30164342385416004, -0.5016320255726183, 0.593543853818048, -0.10880270469056091, 0.559166535226601, 0.4844653880135796, 0.3879443729238748, 0.2553791289320045, -0.15578523761728064, -0.025204771867353426], [-0.14728706447684722, -0.6168265014938019, 0.16378378008701472, 0.6567775977933776, 0.09605294433351107, 0.633019655062432, 0.5989712996856151, -0.03406305312863947, -0.6054806939471556, -0.13719158570433013, 0.4933870915237757, -0.4195840737158101, -0.05155417432331584], [-0.682142971207511, -0.20753338202217775, 0.5163437479112274, 0.1190036363852096, -0.10117485640937655, -0.041743582145658875, -0.45372900128364774, -0.06016338000608032, 0.12393513992146286, 0.6072739276824648, 0.6089374735918467, 0.43375810310983043, -0.06100657075937589]], "inverted": true, "swapped": false, "error_lsq": 0.04657660306648514, "error_max": 0.2309047524138499, "target": "249.xyz", "model": "7.xyz", "model_rescale": 3.964800864290218, "target_rescale": 3.882734246893342},
{"mapping": [9, 10, 6, 4, 11, 7, 12, 8, 5, 1, 2, 3, 13], "R": [[-0.5206923100091229, 0.8438723288135411, 0.12945659875098875], [-0.778767172960258, -0.5316106894083251, 0.33303418026727094], [0.3498588409871206, 0.07259178720500195, 0.9339856657430737]], "T": [0.02337816215182866, 0.0637358965221144, 0.18855508083594974], "aligned_model": [[0.002111175878514622, -0.17887196816221618, -0.5228669573276244, -0.4381606226510118, -0.6444817019116933, 0.5784850788951654, 0.0710193794587834, 0.5484224633755591, 0.34390001970353967, 0.7143544049823101, 0.11279105307138251, -0.19873099330041322, 0.05830395746609989], [-0.03422128394718724, -0.6055534097654821, 0.054025167782622105, 0.5943835963690814, 0.17076070906235025, 0.47834485523260073, 0.5504433112624659, -0.17933240549457294, -0.7016989507708039, 0.09688541233323036, 0.6149289902634871, -0.4305403794295499, 0.02157960879758393], [-0.4924800378458769, -0.24304742412000097, 0.3835622457575613, 0.210654035193177, -0.29065491067869065, 0.024820883728487286, -0.3872236476169556, -0.31770953743644137, 0.08634961938868549, 0.4793691668389409, 0.5446452886531744, 0.670552157381081, 0.13292044552507148]], "inverted": true, "swapped": false, "error_lsq": 0.03972929081405788, "error_max": 0.22906924414173793, "target": "249.xyz", "model": "8.xyz", "model_rescale": 4.121658175737393, "target_rescale": 3.882734246893342},
{"mapping": [1, 0, 5, 9, 4, 8, 6, 2, 3, 11, 7, 10, 12], "R": [[-0.91492435412149, -0.32091009775412893, 0.24480632221168247], [-0.4024322987728487, 0.7718772939341961, -0.4921927346205179], [-0.03101082294579388, -0.5488370908277412, -0.8353539229524014]], "T": [0.06542794546514064, 0.07413309562493928, 0.10897193391618903], "aligned_model": [[-0.07641378965532603, -0.32043504620140756, -0.44853215038526106, -0.43579027465467035, -0.7029312868987517, 0.6696539319475837, 0.11850482051762598, 0.49661769546798246, 0.5294609343711136, 0.5015013095216453, 0.09083436103849984, -0.018996042979462446, 0.042800827388823647], [-0.05362793600061763, -0.5492999686642226, -0.05583474568569166, 0.7384765358436216, 0.10047959425800472, 0.4640724951730456, 0.6286422342084098, -0.21753930641152966, -0.5573219727185397, 0.026490705947625953, 0.5298419726117805, -0.48491457465551624, 0.06054018778945469], [-0.5532136569037258, -0.17609859969864344, 0.42625932158591207, 0.08411421291683097, -0.33494007287082367, -0.006836354503425346, -0.3031985534504509, -0.35075522456115066, 0.2018259771256456, 0.5678861943393996, 0.6058570753687293, 0.6157451801757619, 0.025112785244154126]], "inverted": true, "swapped": false, "error_lsq": 0.0424571040741005, "error_max": 0.2351089422132152, "target": "249.xyz", "model": "9.xyz", "model_rescale": 3.833441315466971, "target_rescale": 3.882734246893342},
{"mapping": [2, 0, 6, 4, 5, 9, 3, 8, 10, 11, 7, 12, 14], "R": [[-0.47257688339820864, -0.565633502501698, -0.6758178971626141], [0.5895448902340957, -0.7729037252837865, 0.2346415432980969], [-0.6550632882985459, -0.28753881875341025, 0.6987227748065679]], "T": [-0.0452568322768877, -0.03944695700931225, 0.10805952853053669], "aligned_model": [[0.05382947749998266, -0.27642246292515005, -0.530970971641018, -0.6060923258337957, -0.5164605266779083, 0.5179120514637806, 0.001800166688496356, 0.6968553378254214, 0.44323540726308386, 0.4748968479518152, 0.3404409708484575, -0.15058217837653148, -0.0021665046082387993], [0.2157919502962161, -0.6407590464834109, 0.15969035244890817, 0.5267171547129863, -0.033009073954886045, 0.40051816633159854, 0.7943992729887354, -0.14115027801018376, -0.7005627553698234, -0.08845667250528158, 0.42792094919085377, -0.32687910803780573, 0.03578431008791927], [-0.5565345267693258, -0.11286847775873149, 0.5389373242550537, 0.07917479459167648, -0.3770804858071983, -0.27558304622182506, -0.13028466232388036, -0.10754502582807418, 0.11550107321136688, 0.546665590703771, 0.3850404334683523, 0.6270098029643173, 0.06932549028271126]], "inverted": true, "swapped": false, "error_lsq": 0.04857050409687612, "error_max": 0.2690276164793132, "target": "249.xyz", "model": "10.xyz", "model_rescale": 4.2482417240324, "target_rescale": 3.882734246893342},
{"mapping": [5, 6, 3, 4, 9, 11, 10, 1, 0, 8, 7, 12], "R": [[-0.9392075500339956, -0.3194728641119795, -0.1258024922456969], [0.15398091264492897, -0.7193977447216577, 0.6773158520442493], [-0.3068860643629402, 0.6167689794286686, 0.7248565165012619]], "T": [0.0824389464904744, 0.054216299558605456, -0.06455671852972278], "aligned_model": [[-0.6277973868197468, -0.13344804250276363, 0.2786998685808866, 0.635142877258946, -0.5120882053592317, 0.19086605770169243, -0.3447275862892541, 0.6061069528808538, 0.17090220122256408, -0.0772594185730748, -0.3661567342259068, 0.056525018488041465], [-0.33867512051236365, -0.6583320540317172, -0.29207172526845077, -0.3285042444324576, 0.5750951724786545, 0.7599178692600902, 0.07563212653698792, 0.39456705405420267, -0.3685343789837966, 0.7151296044069827, 0.12707462937387143, 0.004832457168636055], [0.013620187276817422, 0.13723729047397, 0.5302172350634863, -0.04751418660716733, 0.11571968193366672, 0.18575449115317, 0.6310485983459442, -0.5410571992975207, -0.5450898016431593, -0.5159456527103585, -0.4051320151614388, 0.006333661026946727]], "inverted": false, "swapped": true, "error_lsq": 0.04439860284561211, "error_max": 0.3119844206245214, "target": "249.xyz", "model": "11.xyz", "model_rescale": 3.6694154284099745, "target_rescale": 3.882734246893342},
{"mapping": [0, 12, 2, 3, 1, 11, 4, 6, 7, 9, 8, 10, 13], "R": [[0.28021092774965817, -0.6267406355394405, 0.7271024767756565], [0.958911185055003, 0.21778553111562682, -0.18182079532631598], [-0.044397918262972236, 0.7481748714039403, 0.6620144912716124]], "T": [0.0945810699871121, -0.06030214307283961, 0.00454563431913288], "aligned_model": [[-0.09783442838553244, -0.35210105257724467, -0.44669667878824193, -0.34097677904537604, -0.6781932546797877, 0.6338747985326724, 0.03598437185045955, 0.5175718451235507, 0.5670989752900066, 0.5448565841175435, 0.03484104263113871, -0.007262787941405974, 0.035112653350612956], [-0.05995417787379875, -0.5712103310380751, 0.05693582822899912, 0.6758903983840613, 0.19938398529581441, 0.42777911720818645, 0.5795637680358728, -0.030499756777772766, -0.5906816181803917, -0.022265459069785068, 0.4246078252338514, -0.427731508786235, -0.031812848964901747], [-0.6837232225469071, -0.03033136552273044, 0.3503595006663789, 0.10231476366343176, -0.22317448330352632, 0.1309086297766124, -0.362628292476863, -0.3696808417274777, 0.22269640791928869, 0.6682409250472775, 0.5823789174375436, 0.5126325138211821, -0.09823516798599638]], "inverted": false, "swapped": false, "error_lsq": 0.050840375995181125, "error_max": 0.28728202171167583, "target": "249.xyz", "model": "12.xyz", "model_rescale": 3.9764082729961374, "target_rescale": 3.882734246893342},
{"mapping": [9, 5, 4, 7, 0, 8, 2, 12, 13, 14, 3, 6, 15], "R": [[0.19293904357200864, 0.45895640302764634, -0.8672563321103186], [0.9797648935149177, -0.1380778833720958, 0.14489738285829698], [-0.053247337034076414, -0.8776636703449714, -0.4763099860966311]], "T": [0.14810705758461373, 0.014879445634149495, 0.001411117917445845], "aligned_model": [[-0.1189271249882829, -0.4299249475529432, -0.5067202204739235, -0.3470558653952631, -0.47403562587392845, 0.4865578019626071, -0.0032865377080838754, 0.4880205859008354, 0.5477184978837913, 0.44946948132821524, 0.24581821960474107, 0.009483774667531614, 0.09915725012309864], [-0.16255264694226884, -0.5673038378682511, -0.023186917723083685, 0.5680300415910345, 0.21867923974733164, 0.6353758586547859, 0.6742735508609415, -0.34976969717231055, -0.40530831664276296, -0.08431625979360477, 0.5929289017566716, -0.5144084186819178, 0.0475637239092601], [-0.5072240405008455, -0.17111578225101137, 0.2940130824877989, 0.14237847875518556, -0.31245518935475863, 0.010798966821997227, -0.4211275278921752, -0.3969647484027908, 0.19694497023370494, 0.7349974735397007, 0.6053604555333953, 0.5346059676865134, 0.0915461781114993]], "inverted": true, "swapped": false, "error_lsq": 0.056311641518511285, "error_max": 0.347939124481173, "target": "249.xyz", "model": "13.xyz", "model_rescale": 4.170626492500431, "target_rescale": 3.882734246893342},
{"mapping": [11, 1, 2, 6, 3, 12, 5, 10, 7, 8, 4, 0, 13], "R": [[-0.7749619087785399, -0.3071539562890495, -0.5523499679354629], [0.33779752787687456, -0.9399551172413775, 0.048756617315198814], [-0.5341599667726835, -0.14879793247129897, 0.8321852589355766]], "T": [-0.0018186049572452082, -0.00986516134304518, 0.07528506398897136], "aligned_model": [[-0.0693035690686821, -0.22362225443798958, -0.4774697453887312, -0.46917167148709116, -0.6178493156942328, 0.5784515110874779, 0.13002762495715078, 0.4707803956376146, 0.4405203480874666, 0.6458232481849783, 0.1861837910503831, -0.13274040287593064, -0.015354670574018011], [0.2305418748988209, -0.7329035957066236, 0.10708994514825035, 0.6527144045083223, -0.07609910003112025, 0.42628507843172614, 0.8195612385110569, -0.15576706076280947, -0.662557452165848, -0.039816642373688274, 0.420843680777628, -0.4218143538806058, 0.06192720434071656], [-0.5860090367524655, -0.06194843558542126, 0.514613714213585, -0.14845294608408305, -0.22735801494168859, -0.018340156737208846, -0.273839909678984, -0.19617602964559336, 0.26438510896146195, 0.4375270157939788, 0.6065177088890007, 0.48640031805438944, 0.0044389482812428604]], "inverted": true, "swapped": false, "error_lsq": 0.04935196645416241, "error_max": 0.3389855372694378, "target": "249.xyz", "model": "14.xyz", "model_rescale": 3.9786697098870705, "target_rescale": 3.882734246893342},
{"mapping": [11, 2, 9, 8, 10, 5, 4, 6, 7, 1, 3, 12], "R": [[-0.9387512602257106, 0.3020668590623235, 0.16583631713488614], [-0.31949822638462005, -0.9432588438021905, -0.09046345630162947], [0.1291005606561111, -0.13790709280228167, 0.9819952540583384]], "T": [0.04169164097247697, -0.07272452651653945, 0.08745329134417236], "aligned_model": [[-0.013921387754576596, -0.5147230908577047, 0.5188824758448191, 0.5970682657588716, -0.040082353781202264, 0.4400143413461742, -0.4863843583462489, -0.09109333753600704, 0.6052486642943372, 0.009700041614908554, -0.5483782931354131, 0.007023629319378971], [-0.4025894272202346, -0.12295993104134648, 0.09471148231869674, -0.5982784311025717, 0.5589705440402459, 0.6286567683895952, -0.18463369379074376, 0.5752213554115793, -0.026292755081189563, -0.8487253228389102, 0.33044309728472504, 0.010150803854593257], [-0.591165293677788, -0.2355541292306904, -0.5462114505850154, -0.19787429625568265, -0.42349777564189717, 0.2070954713795366, 0.4885258221881449, 0.4844261542271686, 0.14023137128864, 0.2054313691897217, 0.04920225826463771, 0.07935699272705418]], "inverted": true, "swapped": true, "error_lsq": 0.05278083798351047, "error_max": 0.29845125103557113, "target": "249.xyz", "model": "15.xyz", "model_rescale": 3.769337070930944, "target_rescale": 3.882734246893342},
{"mapping": [8, 1, 9, 11, 7, 0, 5, 4, 10, 2, 12], "R": [[-0.322138537434843, -0.6915623252394603, 0.6465046890848751], [-0.6357378660590878, -0.3479883867435885, -0.6890148389913181], [0.7014728279541393, -0.6329657439395796, -0.32755188694470505]], "T": [0.06325715910463175, -0.03300293185024971, 0.038264733740085044], "aligned_model": [[-0.3879405654718281, -0.4026052497992641, -0.16066827304715353, -0.6450714186254818, 0.24507379405707985, 0.4663425531916854, 0.7142957060428732, 0.15548352998769016, 0.13511773929582777, -0.30586885904168837, 0.10846717410142989], [0.06737131412433844, -0.5896280628304061, 0.6968451212871662, 0.23245950650450498, 0.16975200812040225, -0.485547569127715, 0.44870692942446644, -0.5837885593665085, 0.6742950494857413, -0.043270213166725295, 0.008868973170077163], [-0.6343477537386732, -0.2621686277664599, -0.23460178174354868, 0.05333674127873114, -0.46010370349155816, -0.18574741762106942, -0.05668454573086011, 0.4129333697497297, 0.4399639543648411, 0.5675050469000531, 0.10413232502259127]], "inverted": true, "swapped": true, "error_lsq": 0.051150235004170506, "error_max": 0.25236152685256097, "target": "249.xyz", "model": "16.xyz", "model_rescale": 3.7852294659196426, "target_rescale": 3.882734246893342},
{"mapping": [4, 1, 7, 6, 5, 9, 10, 0, 3, 8, 11, 2, 12], "R": [[0.6515313285322628, -0.13219291915126358, -0.7470153680261555], [0.17796405857351544, 0.983855700174654, -0.018887961506847975], [0.7374521827190068, -0.12063578805690003, 0.6645383998256712]], "T": [0.05605829284672463, -0.01562232367867969, 0.07319456378907505], "aligned_model": [[-0.049929776927292516, -0.3369194570388278, -0.5399115763269111, -0.5318080594626429, -0.5004356872236686, 0.7170497325438934, 0.05294108008023206, 0.5734094828505024, 0.3919491080239193, 0.6004261872653259, 0.06212123675611046, -0.07956894635344626, 0.08695196529120103], [-0.08897548602979226, -0.5760824625518718, 0.1123625076808715, 0.648593603007336, -0.03948960154076619, 0.5414656901048952, 0.7035402197361941, -0.11523732314868151, -0.7363664431626517, 0.030141774305675065, 0.41171507877092295, -0.3325357019774726, 0.07087336650116723], [-0.6233487067464055, -0.0023506218695759085, 0.41941241883911196, 0.04822277047940296, -0.2760242984638819, 0.0754411295186562, -0.29019310030088596, -0.3605931190939088, 0.05902961862752573, 0.4278424935932774, 0.6692466249482087, 0.5784253859609363, 0.07664768927575234]], "inverted": false, "swapped": false, "error_lsq": 0.04462318985620632, "error_max": 0.2378755458894549, "target": "249.xyz", "model": "17.xyz", "model_rescale": 3.901054581598922, "target_rescale": 3.882734246893342},
{"mapping": [8, 10, 9, 13, 5, 0, 2, 1, 6, 7, 3, 11, 14], "R": [[0.43949930784781066, -0.5028560412235321, -0.7442957478088216], [-0.2790737612262974, 0.7111641834472051, -0.6452622257477015], [0.8537904861242617, 0.4913057154022001, 0.1722222396115828]], "T": [0.034157183302419236, -0.006612892434155249, 0.019254827950838285], "aligned_model": [[0.009466925303614163, -0.4317731861280851, -0.576153729485952, -0.41465519477126506, -0.4968203352673187, 0.6330298773900909, -0.06190489632204621, 0.6823689336663287, 0.43303351665991585, 0.5532686206906106, 0.21168117230025835, -0.10540395200184, 0.010137537444083966], [0.08868817593096717, -0.6702378687512098, -0.07753798480713914, 0.5157185917585096, 0.2015729717225242, 0.4553523937776148, 0.7506755564926977, -0.15769655080829065, -0.5818165572222755, -0.030327030403085597, 0.6454293963970459, -0.501416546311605, -0.008399326079927931], [-0.6370426272234839, -0.10307476691239738, 0.2573301150715361, 0.24999162217644694, -0.23531847727671412, -0.039431534271885976, -0.29858850447614904, -0.187338502769881, 0.2908504096007166, 0.43112614162830326, 0.3752491768088485, 0.6295195430940186, 0.06848568931885518]], "inverted": false, "swapped": false, "error_lsq": 0.04268792255323849, "error_max": 0.22741305986575275, "target": "249.xyz", "model": "18.xyz", "model_rescale": 3.9405287249114394, "target_rescale": 3.882734246893342},
{"mapping": [1, 10, 5, 8, 6, 4, 0, 12, 14, 13, 7, 11, 15], "R": [[0.623324345828894, 0.017468858116933106, -0.7817682513974791], [0.762114194770762, -0.23739783338305204, 0.6023489211694049], [-0.17506774124862262, -0.9712554286597959, -0.1612891139320388]], "T": [0.10109767610518888, 0.016295701973365023, 0.04466129477277603], "aligned_model": [[-0.07270221452423703, -0.19006288899861162, -0.6725936263016947, -0.36450859874432695, -0.5290916529545588, 0.5316556409475299, 0.007890899510096416, 0.5669619606729432, 0.45850841984994917, 0.5061971740917677, 0.2136430149049198, -0.07984222902387839, 0.07021939004849748], [0.02223245842536503, -0.7127583193631724, 0.08518529589297755, 0.6059853224402616, 0.2781006309639825, 0.5974913380412384, 0.5740152159991533, -0.06192751433741195, -0.6633318418259943, -0.17249967027091082, 0.527274987405732, -0.4415665942568151, -0.008196087418580338], [-0.5919530130459125, 0.004539028535866033, 0.34117206217996243, 0.13269028925937487, -0.2596461883551663, -0.06256043876366621, -0.34640864581016173, -0.23281061191971175, 0.14517459758017967, 0.5462393540239102, 0.515680684516791, 0.5708134308727136, 0.03882773569403431]], "inverted": true, "swapped": false, "error_lsq": 0.036210487199870474, "error_max": 0.212161750003012, "target": "249.xyz", "model": "19.xyz", "model_rescale": 4.410303926677745, "target_rescale": 3.882734246893342},
{"mapping": [9, 10, 6, 4, 11, 7, 12, 8, 5, 1, 2, 3, 13], "R": [[-0.5206923100091229, 0.8438723288135411, 0.12945659875098875], [-0.778767172960258, -0.5316106894083251, 0.33303418026727094], [0.3498588409871206, 0.07259178720500195, 0.9339856657430737]], "T": [0.02337816215182866, 0.0637358965221144, 0.18855508083594974], "aligned_model": [[0.002111175878514622, -0.17887196816221618, -0.5228669573276244, -0.4381606226510118, -0.6444817019116933, 0.5784850788951654, 0.0710193794587834, 0.5484224633755591, 0.34390001970353967, 0.7143544049823101, 0.11279105307138251, -0.19873099330041322, 0.05830395746609989], [-0.03422128394718724, -0.6055534097654821, 0.054025167782622105, 0.5943835963690814, 0.17076070906235025, 0.47834485523260073, 0.5504433112624659, -0.17933240549457294, -0.7016989507708039, 0.09688541233323036, 0.6149289902634871, -0.4305403794295499, 0.02157960879758393], [-0.4924800378458769, -0.24304742412000097, 0.3835622457575613, 0.210654035193177, -0.29065491067869065, 0.024820883728487286, -0.3872236476169556, -0.31770953743644137, 0.08634961938868549, 0.4793691668389409, 0.5446452886531744, 0.670552157381081, 0.13292044552507148]], "inverted": true, "swapped": false, "error_lsq": 0.03972929081405788, "error_max": 0.22906924414173793, "target": "249.xyz", "model": "20.xyz", "model_rescale": 4.121658175737393, "target_rescale": 3.882734246893342},
{"mapping": [2, 0, 5, 8, 1, 10, 6, 4, 3, 11, 9, 7, 12], "R": [[-0.6967448344670064, -0.5196303569243718, 0.4945006853445143], [0.7166514605588842, -0.5339917029127006, 0.4486240578694063], [0.03094058374307515, 0.6669611333376515, 0.7444498148932497]], "T": [0.01953885587865703, 0.12866687144291264, 0.06140746329342287], "aligned_model": [[0.23177292489199264, -0.5088362851274022, -0.5784032834229741, -0.41464190653205135, -0.40554347646778877, 0.5872759990263633, -0.08928966214320369, 0.5232615105442899, 0.08896695628395743, 0.7213251505750682, 0.23759102987647152, 0.07318331540524879, -0.020386983431575925], [-0.02435512448535354, -0.7079457086531616, -0.032934608955852984, 0.5996472254864103, -0.06988362914139876, 0.6465423471219429, 0.6427217624250948, -0.048141493438606575, -0.5609915006891306, -0.11158155583108328, 0.5459672537767213, -0.2887777853426019, 0.039738039422846066], [-0.6511601495836224, -0.0283858086734324, 0.34469828483033854, 0.26965653129615985, -0.4507034382094331, -0.07332400907919087, -0.32138279885358095, -0.1486732145697462, 0.014591103222702108, 0.5350589099391946, 0.6100207291734286, 0.5996270190329999, 0.1017351262423965]], "inverted": true, "swapped": false, "error_lsq": 0.05253310037582551, "error_max": 0.35605842052707715, "target": "249.xyz", "model": "21.xyz", "model_rescale": 4.08911054899281, "target_rescale": 3.882734246893342},
{"mapping": [6, 1, 4, 13, 0, 10, 7, 5, 11, 9, 12, 15, 16], "R": [[-0.0061157934877895115, -0.9994571386167883, -0.032373216367183016], [-0.8697101773690814, -0.010661306020646355, 0.4934476101214546], [-0.4935248772358447, 0.031173139429256536, -0.8691728429532692]], "T": [-0.005058986688790186, -0.01740622824515864, 0.13824481247894238], "aligned_model": [[0.04249111793764843, -0.3565297055936855, -0.6825592542475261, -0.31739489441830976, -0.57009066039462, 0.5783092464040631, -0.03763422603667386, 0.6692390003980342, 0.3263210765614212, 0.6259242236188189, 0.21585153930507658, -0.00513005831268502, -0.0425221157431666], [0.1069447776253771, -0.6834410590542868, 0.12028366002149232, 0.547855513112208, 0.10903366560670774, 0.46117469567519814, 0.6019334432389314, -0.1182636639771834, -0.7068984537234664, 0.11930933207112493, 0.6088534412289548, -0.5459608795128206, 0.0091807493835886], [-0.5951309053085838, -0.11248276711207739, 0.22949758227097228, 0.27844256755602104, -0.3763730643298522, -0.147722341391212, -0.2098261761380943, -0.04308101639379397, 0.11215353148885554, 0.4394368698772517, 0.46068375542686263, 0.6403772586187212, 0.1257829902031427]], "inverted": true, "swapped": false, "error_lsq": 0.04267622686434818, "error_max": 0.25936655488437155, "target": "249.xyz", "model": "22.xyz", "model_rescale": 4.204369325754507, "target_rescale": 3.882734246893342},
{"mapping": [1, 10, 5, 8, 6, 4, 0, 12, 14, 13, 7, 11, 15], "R": [[0.623324345828894, 0.017468858116933106, -0.7817682513974791], [0.762114194770762, -0.23739783338305204, 0.6023489211694049], [-0.17506774124862262, -0.9712554286597959, -0.1612891139320388]], "T": [0.10109767610518888, 0.016295701973365023, 0.04466129477277603], "aligned_model": [[-0.07270221452423703, -0.19006288899861162, -0.6725936263016947, -0.36450859874432695, -0.5290916529545588, 0.5316556409475299, 0.007890899510096416, 0.5669619606729432, 0.45850841984994917, 0.5061971740917677, 0.2136430149049198, -0.07984222902387839, 0.07021939004849748], [0.02223245842536503, -0.7127583193631724, 0.08518529589297755, 0.6059853224402616, 0.2781006309639825, 0.5974913380412384, 0.5740152159991533, -0.06192751433741195, -0.6633318418259943, -0.17249967027091082, 0.527274987405732, -0.4415665942568151, -0.008196087418580338], [-0.5919530130459125, 0.004539028535866033, 0.34117206217996243, 0.13269028925937487, -0.2596461883551663, -0.06256043876366621, -0.34640864581016173, -0.23281061191971175, 0.14517459758017967, 0.5462393540239102, 0.515680684516791, 0.5708134308727136, 0.03882773569403431]], "inverted": true, "swapped": false, "error_lsq": 0.036210487199870474, "error_max": 0.212161750003012, "target": "249.xyz", "model": "23.xyz", "model_rescale": 4.410303926677745, "target_rescale": 3.882734246893342},
{"mapping": [11, 15, 4, 3, 10, 7, 1, 13, 6, 12, 0, 5, 16], "R": [[-0.05739300670090508, 0.9580330613053525, -0.28085351382477836], [0.338472560040457, -0.24598400823736788, -0.9082555773520679], [-0.9392243442764299, -0.14718872625773216, -0.3101501410303359]], "T": [-0.012618671221745169, -0.041004764455442475, -0.04872079479722957], "aligned_model": [[0.04727900196535706, -0.19251131348427097, -0.5656546689591726, -0.4568906686515632, -0.5584107303381171, 0.4912432873849943, -0.02665260358146703, 0.6566253195302569, 0.4134809143831952, 0.5347214868702802, 0.22728976148535618, -0.06890851716104282, -0.05533597996541092], [0.084603466279574, -0.7315377925412515, 0.0135381854931661, 0.6507189564546325, 0.179617974859261, 0.37699743814607517, 0.785021341312585, -0.24648847554120767, -0.6237843080874342, -0.05426350888010732, 0.4421148584773345, -0.3109020570211171, 0.06436914274431531], [-0.6662613422345237, -0.03790574892588297, 0.3575557425620206, 0.3165074500909525, -0.3266067091189208, -0.16416854042943388, -0.2807106025530177, -0.11256082260026846, 0.1894078184166872, 0.5398527280695197, 0.4798860391913987, 0.5166011826083738, -0.009838910308691239]], "inverted": false, "swapped": false, "error_lsq": 0.03756080773525281, "error_max": 0.20726660779468525, "target": "249.xyz", "model": "24.xyz", "model_rescale": 4.28219845311461, "target_rescale": 3.882734246893342},
{"mapping": [7, 3, 0, 2, 4, 12, 13, 9, 5, 10, 14, 8, 15], "R": [[-0.12697802054116902, -0.2705777893431384, 0.9542872954271305], [0.5183010668323801, 0.8021853500938585, 0.2964163764288522], [-0.8457189760315561, 0.5322464880193899, 0.03838084901565285]], "T": [0.0377476439253242, 0.03711656095281729, 0.06805711296967829], "aligned_model": [[-0.05376081786225571, -0.21888688592023375, -0.710094079501451, -0.33162255075700436, -0.6142092519244114, 0.6414725466647725, 0.059978830453228014, 0.46568369679378074, 0.43307826121639154, 0.4166335243202805, 0.29846614897162166, 0.09159182105208756, -0.032055954028410834], [0.09218840369817696, -0.5533642898198619, 0.03702881237435307, 0.5866792462676573, 0.010843436532001954, 0.4792213521465352, 0.5236893782230629, -0.2050918719381235, -0.6943514205336199, 0.06984677565877075, 0.6040373908130403, -0.3604186782587222, 0.03969668653255468], [-0.7027472067562341, -0.36265906715540963, 0.3940738625977678, 0.2422022782135073, -0.2619587986358951, -0.08840213299816868, -0.27204452592120154, -0.39570952400494297, 0.2523095919396036, 0.7645332730143131, 0.5048308057347637, 0.6346368470790003, 0.09269288166111016]], "inverted": false, "swapped": false, "error_lsq": 0.05092251037929475, "error_max": 0.3014755095739578, "target": "249.xyz", "model": "25.xyz", "model_rescale": 4.100010024507729, "target_rescale": 3.882734246893342},
{"mapping": [5, 6, 3, 4, 9, 11, 10, 1, 0, 8, 7, 12], "R": [[-0.9392075500339956, -0.3194728641119795, -0.1258024922456969], [0.15398091264492897, -0.7193977447216577, 0.6773158520442493], [-0.3068860643629402, 0.6167689794286686, 0.7248565165012619]], "T": [0.0824389464904744, 0.054216299558605456, -0.06455671852972278], "aligned_model": [[-0.6277973868197468, -0.13344804250276363, 0.2786998685808866, 0.635142877258946, -0.5120882053592317, 0.19086605770169243, -0.3447275862892541, 0.6061069528808538, 0.17090220122256408, -0.0772594185730748, -0.3661567342259068, 0.056525018488041465], [-0.33867512051236365, -0.6583320540317172, -0.29207172526845077, -0.3285042444324576, 0.5750951724786545, 0.7599178692600902, 0.07563212653698792, 0.39456705405420267, -0.3685343789837966, 0.7151296044069827, 0.12707462937387143, 0.004832457168636055], [0.013620187276817422, 0.13723729047397, 0.5302172350634863, -0.04751418660716733, 0.11571968193366672, 0.18575449115317, 0.6310485983459442, -0.5410571992975207, -0.5450898016431593, -0.5159456527103585, -0.4051320151614388, 0.006333661026946727]], "inverted": false, "swapped": true, "error_lsq": 0.04439860284561211, "error_max": 0.3119844206245214, "target": "249.xyz", "model": "26.xyz", "model_rescale": 3.6694154284099745, "target_rescale": 3.882734246893342},
{"mapping": [12, 3, 8, 10, 9, 2, 11, 6, 1, 0, 4, 5, 13], "R": [[-0.42119625319709897, -0.8686105389788432, -0.2609778685398614], [-0.5312168947848309, 0.0030372373167140143, 0.8472304207738556], [-0.735120620706485, 0.4954861317578584, -0.46269986627158977]], "T": [-0.049860359801414254, 0.017974935874385707, 0.11442710038567509], "aligned_model": [[0.08159241517613522, -0.26892124495186576, -0.5306148435268206, -0.2651965217211075, -0.6139207032425608, 0.488317816887716, -0.006657879031941143, 0.43968746823332605, 0.4965215089900461, 0.48549234994563184, 0.08342461453274416, 0.06044517791145614, -0.0038948697243639946], [0.06520177765164514, -0.5481299777415151, 0.1538411802657817, 0.5785084682909994, 0.09463973339638393, 0.3980761843473898, 0.6207976518933961, -0.2745012118496834, -0.6625366619049207, 0.0242394791198356, 0.5772645638776017, -0.4472246236596673, 0.04982865800857861], [-0.6667403635578107, -0.41883528879115123, 0.5128900000927178, 0.15080314056166932, -0.26083543870971587, -0.0529555069787397, -0.4945998185202292, -0.2676606629401719, 0.24865627917909655, 0.5021016737040225, 0.7017607344589277, 0.7448242433680557, 0.10234929290154232]], "inverted": false, "swapped": false, "error_lsq": 0.048088873845007915, "error_max": 0.28672097180695366, "target": "249.xyz", "model": "27.xyz", "model_rescale": 4.103607728864725, "target_rescale": 3.882734246893342},
{"mapping": [7, 0, 2, 4, 1, 11, 8, 6, 9, 10, 13, 3, 14], "R": [[0.3731295361176253, 0.2367503434863697, -0.8970638907768678], [-0.924582935563145, 0.014696648425742961, -0.38069726002492865], [-0.07694637445704489, 0.971459357556525, 0.2243790811857918]], "T": [0.1692251493308659, 0.026871489953378944, 0.15657658266232577], "aligned_model": [[0.11581817773968456, -0.3069631159208274, -0.5100805452782573, -0.5025701169455996, -0.5815598441801986, 0.656228819282674, -0.05317329248154487, 0.6619005900308101, 0.4661664524549187, 0.5328780397628362, 0.14570275411424627, -0.2024677947750415, 0.024395165674694574], [0.19198176992461424, -0.49326792037933076, 0.08444750525499688, 0.6353830824462993, -0.09450517211147426, 0.4705514527519391, 0.6611909774020872, -0.12716878505424117, -0.7205056239723772, -0.1858284569944072, 0.6337171851401397, -0.41243419214162813, -0.01355660057079204], [-0.5434002286654943, 0.045259599066061446, 0.4332523531332615, 0.1603248015434417, -0.317185416129741, -0.038453541994934004, -0.3129526472359202, -0.21058791270529842, 0.0036804148490401645, 0.4434399371617018, 0.38253572080520226, 0.6386406090610318, 0.11720459587986032]], "inverted": true, "swapped": false, "error_lsq": 0.04913748786871909, "error_max": 0.3107078900370933, "target": "249.xyz", "model": "28.xyz", "model_rescale": 4.137296879288765, "target_rescale": 3.882734246893342},
