[{"mapping": [9, 13, 7, 1, 3, 11, 2, 14, 4, 0, 8, 15], "R": [[0.7525582840739049, 0.3075724296069256, -0.5822844919946203], [-0.5078297573089012, -0.29187527639994887, -0.810504633310653], [-0.41924332631936145, 0.9056533683325793, -0.06345872488894806]], "T": [-0.1020351499521953, -0.1386844254069367, 0.034359968493929444], "aligned_model": [[-0.2991512299890797, 0.2758794595261963, 0.3723593630848266, -0.22022462787939656, 0.02560441257896197, -0.5537045454955964, 0.33812680862513816, -0.2466093996532504, 0.5279872075380562, 0.28576453924531936, -0.6066219953410659, -0.061767529779560924], [-0.3423374078085113, -0.5942357907464135, -0.30897889910104476, 0.48126721958843266, 0.3538549450274209, -0.4427049000670211, -0.2690151561684069, -0.6149468432497575, 0.21122303282297783, 0.41174749355739093, 0.2583057794118028, -0.09062443728981275], [-0.5792721669330756, -0.016334788800467348, -0.5585107121606622, -0.07319747672257958, -0.5497277436767736, 0.02777366714110739, 0.542347542385719, 0.610916141445461, -0.08927325019432798, 0.49500112566441623, 0.29843751329338297, 0.07379189391136223]], "inverted": false, "swapped": true, "error_lsq": 0.03942610779991285, "error_max": 0.2196880346374384, "target": "25.xyz", "model": "0.xyz", "model_rescale": 3.751011558992144, "target_rescale": 4.100010024507729},
{"mapping": [11, 9, 14, 10, 7, 2, 3, 5, 13, 0, 4, 1, 8, 6, 15], "R": [[-0.6817876935709167, -0.7143101106940231, -0.15788162228562985], [-0.7174283235651095, 0.6950700618480853, -0.046628421258450875], [0.14304594171736035, 0.08147806381346692, -0.9863565195584212]], "T": [-0.019728529710678955, -0.03809477174245145, -0.054980796264467564], "aligned_model": [[0.0644879773386881, 0.1829872184350118, -0.4546225551198295, 0.1299408397532355, -0.2318689616909396, -0.5691192930524639, 0.43977426037887063, 0.7782640864457788, -0.5551181727896012, -0.05419440002150239, -0.14120174917628292, 0.5170051733627122, 0.48194991308439594, -0.02263062915745588, -0.026567496701583367], [0.030218708745026496, -0.5923996728922815, 0.448292057535806, 0.5929267580334145, -0.7671401501797965, 0.27840954738047274, -0.5232040775465008, -0.04014052112945407, -0.2891588814499482, 0.38552145033971097, -0.2721122401277725, 0.02039031450602348, 0.43830727898976835, 0.8426054464927818, -0.003758668870145032], [-0.5885704509361875, -0.3844137725948276, -0.4479689180476803, -0.51227252769144, 0.11541661876463935, 0.203427465057001, 0.33690119130584306, -0.3524438702473727, -0.11191233267102235, 0.6413779993347262, 0.6270226160942232, 0.28907417829382065, -0.11247760505998468, 0.13621501535345243, 0.010290797896785588]], "inverted": false, "swapped": true, "error_lsq": 0.03920458686021965, "error_max": 0.255283506200712, "target": "25.xyz", "model": "1.xyz", "model_rescale": 3.9405287249114394, "target_rescale": 4.100010024507729},
{"mapping": [3, 9, 13, 8, 11, 4, 1, 5, 14, 2, 6, 0, 15], "R": [[0.6742872032348834, 0.3670892394231214, -0.6407669294317812], [-0.27589018176197305, 0.9300912866804714, 0.24251764069529186], [0.6849973541270248, 0.013254762948444715, 0.7284249694362186]], "T": [-0.044170398234213905, -0.014086808478441036, -0.12630716067071762], "aligned_model": [[-0.1525250852488146, 0.22135519469227047, -0.3832404922541073, 0.4055335093131687, 0.4263523656427571, -0.683305355810362, 0.03971326458620952, 0.6763862474626694, 0.08055344645336143, -0.518293667706937, -0.015958073929710083, -0.5094943639943221, -0.09109370992225219], [0.7060119430199671, 0.48517662781469534, -0.0919681028204764, -0.16449811095611075, -0.13592505763735865, 0.25674069930873855, 0.28317901489697916, 0.33788309208265765, -0.7228115043915508, -0.508035014887303, -0.7105010226803407, -0.24345167502982362, -0.032968295148056936], [0.13781855703247425, -0.49658525151687866, -0.6078488849999334, 0.3807321795706586, -0.371747257158761, 0.10349175154522916, 0.43447261804052845, 0.16039127035953438, -0.3759026190906345, -0.1278300256953419, 0.4450145017716493, 0.5033114039515132, -0.0721978942213935]], "inverted": true, "swapped": true, "error_lsq": 0.04488111710810523, "error_max": 0.28698756889577376, "target": "25.xyz", "model": "2.xyz", "model_rescale": 3.932901565614263, "target_rescale": 4.100010024507729},
{"mapping": [2, 4, 0, 13, 6, 8, 1, 14, 12, 11, 3, 7, 5, 15], "R": [[0.19433831042794325, -0.7705312352735559, -0.6070537344978786], [0.9647596293527229, 0.038217527263676096, 0.2603426169128823], [-0.1774020255555443, -0.6362554801945981, 0.7508045586243679]], "T": [0.03403128553528744, -0.040806466832881215, 0.08187463229600754], "aligned_model": [[-0.3072072898831839, 0.507468461935719, 0.13497550805105496, -0.1107580974338627, -0.42920643578716955, -0.04873574614718939, 0.46592742886027577, -0.7254971683142903, -0.41950086831660655, -0.26771290457882946, 0.8047525404674962, 0.49258089648841175, 0.2776111978052075, 0.04511238890567034], [0.11374888034464872, 0.1271130616675482, -0.3834214505620303, 0.52471096034341, -0.6576844065455022, -0.7213242534411701, -0.5099970624581132, -0.009179317424716026, 0.42063354265011194, -0.08653767151765596, -0.09104146488071926, 0.587621690850788, -0.5844852195881318, -0.06666065108797949], [-0.49122998615783553, -0.44945280439053537, -0.651596163919335, -0.028318521195149562, -0.38403260739974093, 0.19137905003817707, 0.02527688318429265, 0.03432596135966569, 0.48906206248488454, 0.5328027550595468, 0.14112441733088898, 0.1007508256429973, 0.6904491314784947, 0.013355359540745848]], "inverted": false, "swapped": true, "error_lsq": 0.04410394324116746, "error_max": 0.2942912438996229, "target": "25.xyz", "model": "3.xyz", "model_rescale": 3.9243930471874484, "target_rescale": 4.100010024507729},
{"mapping": [3, 5, 7, 4, 13, 1, 0, 9, 12, 10, 2, 6, 15], "R": [[-0.9910372375326267, -0.03080923900646819, -0.1299845552961683], [0.1335639309788284, -0.21087970382119103, -0.9683441675653186], [0.0024228423768541812, -0.9770263769766554, 0.21310464219882175]], "T": [0.03285183252799233, 0.01377704770076335, -0.09666997711301036], "aligned_model": [[0.04659240100527952, -0.543626704352627, 0.6951060351210239, 0.2938427069156245, 0.5911090572231232, -0.3877920820428813, -0.2258952590289004, 0.2675675728752547, 0.40957252602426214, -0.5209538757094838, 0.2114041613860712, -0.5746470112903321, 0.014926358184938125], [-0.5545857858364371, 0.12852490959606486, -0.24803411745699747, -0.65929010776085, 0.13248846302926648, -0.417998723370687, -0.5617983155916654, 0.1766603523558015, 0.6774898043976679, 0.5440996664119541, -0.054384061699445735, 0.005123367770617671, -0.040465898163702455], [-0.622807061047711, -0.7129378617383402, -0.4103900604625287, 0.019575198059569116, 0.06817215307038126, -0.3123219641124752, 0.4203572134847801, -0.7092475103092256, -0.14124346612284067, 0.10768749506447299, 0.5607896440141039, 0.5689631076597399, -0.04952657218896222]], "inverted": true, "swapped": true, "error_lsq": 0.049518017741974445, "error_max": 0.31499391308006097, "target": "25.xyz", "model": "4.xyz", "model_rescale": 3.8936222436046832, "target_rescale": 4.100010024507729},
{"mapping": [5, 1, 9, 11, 7, 4, 0, 2, 14, 8, 13, 15], "R": [[-0.43960808173813115, 0.5433662839469863, 0.7151907549319717], [0.8974883977657723, 0.29719593003558065, 0.3258667749957229], [-0.03548676297364173, 0.7851290725988493, -0.6183146682828438]], "T": [-0.049243444242541505, 0.0003478406397471323, -0.05860990441237471], "aligned_model": [[0.004125168870857711, -0.36783065611249627, -0.21721580387871303, 0.36521175452482757, -0.610872386261858, -0.6729737155944929, -0.2670327479838627, 0.08306840365082954, 0.6437314734710466, 0.20567523249381447, -0.06586465671490677, -0.07247402424994916], [-0.6472578461164211, -0.5541844976505068, 0.12928540241105602, -0.014224724906831271, 0.4872358795353453, 0.09747000400472969, -0.27872356387222896, 0.2945679611412304, 0.22740892401639376, -0.6448074303275496, 0.5923732171978352, -0.020220420323244975], [-0.609100001080394, -0.029055326595341574, -0.70050870908613, -0.4114435759867946, -0.2889552425828845, 0.31041097170202403, 0.6764010767269478, 0.5453007843380839, 0.16133020727782646, -0.031458449148929715, -0.012283392087282546, 0.008646375798393058]], "inverted": false, "swapped": true, "error_lsq": 0.04060376819793657, "error_max": 0.2318489438529323, "target": "25.xyz", "model": "5.xyz", "model_rescale": 3.6523030999806103, "target_rescale": 4.100010024507729},
{"mapping": [6, 2, 14, 8, 11, 0, 13, 1, 4, 3, 9, 5, 15], "R": [[-0.8054030612261824, -0.168998146068089, 0.5681245775294739], [0.5846678805938195, -0.06898758260644988, 0.8083342024484981], [-0.09741344039415446, 0.9831990338032617, 0.1543705981037432]], "T": [0.03804183772785858, 0.09812640672847306, 0.010505095984508925], "aligned_model": [[0.2866598307648219, -0.3214937412854915, 0.2676772814229865, 0.5754114764580388, 0.484368860671039, -0.27819853128042343, -0.34223762922608797, 0.13761888573782954, -0.6041012838847695, -0.1760004250418764, 0.14224754514771348, 0.70515431261668, 0.0039763225638343724], [-0.482856627462559, 0.014427537520276645, 0.34255373373523335, -0.34042871402760244, 0.4072601477724404, -0.6002887060200639, 0.5212497571866783, -0.43489205692991173, -0.21629311655475275, -0.1578880078195808, 0.5183766381464626, -0.06748949856844705, 0.037095817185009074], [0.6530352061594921, 0.5871407618123552, 0.6943672675555799, 0.0396484375644226, 0.05180388516086939, 0.2893644356698781, 0.18159166543766475, -0.3298669471617315, -0.14259992604171512, -0.6885570429930311, -0.5085369036774869, -0.4923000339361539, 0.03501893393164581]], "inverted": false, "swapped": true, "error_lsq": 0.05040409845284436, "error_max": 0.2749269671609585, "target": "25.xyz", "model": "6.xyz", "model_rescale": 4.08911054899281, "target_rescale": 4.100010024507729},
{"mapping": [9, 7, 12, 5, 8, 6, 11, 14, 1, 3, 0, 4, 2, 13, 15], "R": [[-0.6964725356277008, -0.410054688372486, -0.5888812780689027], [0.44755297587247805, -0.8896969237765762, 0.09019821289907012], [-0.5609120616496047, -0.20073499038842318, 0.8031706684944051]], "T": [0.03972480314681517, -0.06399022768302375, -0.0517538654933523], "aligned_model": [[0.1469683715514353, 0.3225240464530226, 0.6952827382404063, -0.5134264078508638, -0.48167754110839267, -0.2566236636993893, 0.189644182135473, 0.4722734254829175, -0.5904866747541827, -0.4138191921242837, -0.34500729988469103, -0.10446898782674219, 0.3202531149586014, 0.5868284931708547, 0.008068935055388492], [-0.6832711330322943, -0.668316670609274, -0.15859381340013257, -0.347184506044924, 0.2213834867588519, 0.7866690462791034, -0.07813936912759294, 0.4942071554059463, -0.14495869606265482, -0.6288696805948393, 0.4145219096532045, -0.1799755165443368, 0.4335578413556548, -0.13720581427979242, -0.023065423587806874], [-0.30047793184902477, 0.3486960616083602, -0.4334787081985612, -0.6340814531869332, -0.4104285027896691, -0.07920419848135392, -0.5750138896196285, -0.33716934461527065, 0.02669993681582701, 0.22257147582859277, 0.48542535539542614, 0.6556386255879029, 0.32577733805918957, 0.16786737022481568, 0.0012478973024070625]], "inverted": true, "swapped": true, "error_lsq": 0.04176565558769834, "error_max": 0.29035026723398216, "target": "25.xyz", "model": "7.xyz", "model_rescale": 3.964800864290218, "target_rescale": 4.100010024507729},
{"mapping": [13, 4, 2, 9, 14, 3, 11, 0, 1, 8, 5, 10, 6, 15], "R": [[0.22431762826712223, -0.7217506002751641, 0.6547959015227978], [0.2774552750022831, -0.5968101415643957, -0.7528852670223355], [0.934184228095305, 0.3505620143830851, 0.06637847580091788]], "T": [-0.07771961024650399, -0.03691276597719034, -0.05493436487673106], "aligned_model": [[-0.1512385097284777, 0.2502686422344532, 0.4578821095285991, -0.7360473961446051, 0.10783419440351531, -0.2695113791470417, -0.41108383748569577, 0.6931947214697581, 0.05508220061394946, 0.08376484261831858, -0.4860745139562935, 0.013295427992048622, 0.662068209699447, -0.008246822637102844], [0.05015064841034356, -0.62947930014562, 0.15227162012968387, -0.18820139085584361, 0.6877466233266483, -0.7687821492499705, 0.36412494528240913, -0.2903660495725823, -0.446569619287776, 0.10239811929873549, -0.1039478012578329, 0.6105256491479616, 0.3335705367818857, -0.06249336582684025], [-0.6379707190015391, -0.33050138366492876, -0.43719094129528846, -0.0792235018663324, -0.19840275849818048, 0.11128376912118068, 0.10163548341301168, 0.028771657755985516, 0.4187979861554998, 0.6057178171793117, 0.6893997385843645, 0.39478174586708503, 0.30235156935153584, -0.052635424376684156]], "inverted": true, "swapped": true, "error_lsq": 0.04258640981667859, "error_max": 0.25331241312893155, "target": "25.xyz", "model": "8.xyz", "model_rescale": 4.121658175737393, "target_rescale": 4.100010024507729},
{"mapping": [12, 11, 9, 7, 14, 2, 8, 0, 1, 6, 13, 4, 15], "R": [[0.24270719960763953, 0.7392227015300786, 0.628206186535273], [-0.970081815535737, 0.1810211335959413, 0.16177954245988319], [0.005872514410896368, -0.6486764576691629, 0.761041632790402]], "T": [0.021426181241888338, -0.010917191632510512, -0.12456168294185938], "aligned_model": [[-0.5680278253867579, -0.21298756193033686, 0.18132120128253423, 0.16896107113084616, -0.6804777806516358, -0.37672885852010984, 0.24106201265391639, 0.22798742885280834, 0.6092578698566198, -0.15392073232321946, -0.35491484699149806, 0.3556111288605037, 0.03959438960152639], [0.1323773168802412, -0.2605205428725112, 0.244313866477775, 0.7384839700354244, -0.29810915484061684, 0.08294302663105388, -0.6692512187810129, -0.14090539197072474, -0.23284643377765693, -0.6723300664165371, 0.448562492945265, 0.43457014346219386, -0.01690056836118356], [-0.5897826606852854, -0.5479119342826866, -0.7296768566245024, -0.27348233599719607, -0.0538776717266124, 0.4244764287840547, -0.10717009913801705, 0.6538917137326359, -0.0017662588092569043, 0.46193947130606033, -0.11182171176645998, 0.3492632088494796, -0.05300585968312535]], "inverted": true, "swapped": true, "error_lsq": 0.04484989942450636, "error_max": 0.3717626337391438, "target": "25.xyz", "model": "9.xyz", "model_rescale": 3.833441315466971, "target_rescale": 4.100010024507729},
{"mapping": [13, 2, 11, 8, 6, 14, 0, 1, 9, 5, 7, 3, 4, 12, 15], "R": [[-0.6873895708918183, 0.4921861382734466, 0.534086494044395], [0.7012828299677402, 0.6410866014570675, 0.31178576270359865], [-0.18893906483731615, 0.588863969626007, -0.785837931799364]], "T": [-0.059166045796823725, -0.013146778901655961, 0.10048542305034316], "aligned_model": [[0.12851627104795682, -0.14647399744731257, -0.4294464373773654, -0.4952908448800599, -0.6608945856140315, -0.6689730217416529, 0.006072037846338689, 0.07713916048554251, 0.19064934205186787, -0.257672244123071, 0.638254154150801, 0.548152440012261, 0.5334393634399892, -0.2910457937744443, -0.048580825782287174], [-0.5675732003705298, -0.4915984642547668, -0.007943565625910717, 0.5065675988846918, 0.07708730615276478, -0.46749958590829555, 0.09134239527668227, 0.5732259361570808, 0.09558790387695942, 0.726855319093539, -0.24829091424364755, 0.4653733219628563, -0.043997400467672636, -0.5007400970289729, -0.007295014209799422], [0.2019898468849647, -0.38142881283534136, 0.49966261356999486, -0.046613802221512374, -0.5643286180354813, 0.05754821600518514, -0.7059760930543642, -0.11737996800945377, 0.719066642158967, 0.4723360181862284, 0.35318743346875514, 0.14768833316192423, -0.3267330703672192, 0.6416918890394814, 0.02741127986996353]], "inverted": true, "swapped": true, "error_lsq": 0.036631780510698195, "error_max": 0.2084491864204613, "target": "25.xyz", "model": "10.xyz", "model_rescale": 4.2482417240324, "target_rescale": 4.100010024507729},
{"mapping": [4, 3, 9, 5, 2, 14, 13, 10, 1, 6, 0, 15], "R": [[0.5828664986988074, 0.38892126340417976, -0.7134471918556344], [0.12007959771461807, -0.909602228903902, -0.397749513369595], [-0.8036463991752152, 0.14616441442824174, -0.5768781752220832]], "T": [0.030369849573540733, 0.03427977899117257, 0.10348155429663108], "aligned_model": [[-0.6231875408425404, -0.08757538794029927, 0.35063556593379674, 0.7226116853466314, -0.4540132655918345, 0.16321107354663894, -0.2529699147473448, 0.5612851569439801, 0.057311350677838505, -0.02690752720491467, -0.5106490289459669, -0.022986564812978623], [-0.281620894003112, -0.7264440335790048, -0.37100308817168015, -0.37065394252568196, 0.5155975727416569, 0.7807487095739485, 0.21532171235731776, 0.5348717476372993, -0.37868168298175126, 0.588334096513836, 0.11892979985243218, 0.040731392635378824], [0.015628977442035896, 0.017263535319608586, 0.5394280560458472, -0.18306792292877533, 0.053619709667970014, 0.1761587156512498, 0.5932354243728541, -0.20835403724901924, -0.3850001600900017, -0.6049958626369621, -0.5012391408093733, 0.05251499506892225]], "inverted": true, "swapped": true, "error_lsq": 0.038858683777804666, "error_max": 0.21620389102703114, "target": "25.xyz", "model": "11.xyz", "model_rescale": 3.6694154284099745, "target_rescale": 4.100010024507729},
{"mapping": [11, 9, 3, 7, 13, 10, 14, 6, 4, 0, 1, 2, 5, 15], "R": [[0.9133744146042161, 0.4022538361086597, -0.06276169279323995], [0.2591974473598444, -0.6934372572559963, -0.6722807847405887], [-0.3139488207153297, 0.5977763976481079, -0.7376310164210187]], "T": [0.06952677955495669, 0.037723579170045846, -0.09275985611965903], "aligned_model": [[-0.15198172840118446, 0.01944145947592931, -0.07496201769564366, 0.5706406443030304, 0.6322170069051867, -0.40346153705042953, 0.19113847612419105, -0.2130672827914329, 0.41978254241860563, 0.0995581567129477, -0.357888733021596, 0.5043105925154081, -0.7150544699151481, 0.07759174067594525], [-0.31345738261218525, 0.2646443684743543, 0.7939658283734965, 0.5214059463306252, -0.06650414632835606, -0.5947617472771269, -0.7095913070479067, -0.4010890251689978, 0.5740979266266608, 0.20164809863772246, 0.44993443739992633, -0.23078302809466492, 0.1865024266462563, 0.05497489217645037], [-0.4450140033391711, -0.7274819212575905, -0.17800064945597865, -0.43986541355919756, -0.25223633156033537, -0.015628908947371567, -0.009840129942894182, 0.6419381969339559, 0.25976253039927644, 0.7058520899086307, 0.14656332874336075, 0.36292343546637756, -0.3886953194181983, -0.02118144431844883]], "inverted": false, "swapped": true, "error_lsq": 0.04144113999907701, "error_max": 0.23763357880485692, "target": "25.xyz", "model": "12.xyz", "model_rescale": 3.9764082729961374, "target_rescale": 4.100010024507729},
{"mapping": [6, 13, 4, 11, 14, 1, 5, 3, 12, 8, 9, 1, 2, 7, 0, 15], "R": [[-0.6406106353150878, 0.7675390579047869, 0.022401082827218255], [0.48255416878316915, 0.4251037982169773, -0.7657860242466458], [-0.5972934690009464, -0.4797609356045277, -0.6427051863464958]], "T": [-0.11710466687732404, 0.02157312850811879, -0.05342736721806107], "aligned_model": [[-0.12799803410522978, -0.38048111681704044, 0.18235870213930708, 0.1454858926987728, 0.22436527663103992, -0.37626813172976736, -0.5335501422437994, 0.6773351484612204, -0.7135856856738427, 0.2713811363840749, -0.5215381603646554, -0.37626813172976736, 0.12144798713014845, 0.48217187152287777, -0.042151316628151, -0.024384529554177803], [0.33218434816778897, -0.22496448767434268, 0.6666913117084091, -0.6730223338287071, -0.2103848448715444, -0.282634418797924, 0.7426615994382931, -0.226147086491815, -0.20516476567196712, -0.4885198243494655, 0.312351258465484, -0.282634418797924, -0.04851574645077891, 0.33025797698946435, 0.5416021237355167, 0.061350684143744616], [-0.7513247883848123, -0.54772747404702, -0.15346706984053837, -0.33472443522982315, -0.7378262391056931, 0.44014597577030756, -0.1505277738757656, -0.1796950281564717, -0.04970493434219658, 0.24412396744190118, 0.2832932217006334, 0.44014597577030756, 0.7044906328182928, 0.2880620085524163, 0.44763128494899707, -0.09096930344278853]], "inverted": false, "swapped": false, "error_lsq": 0.049560701139158767, "error_max": 0.4647063257715563, "target": "25.xyz", "model": "13.xyz", "model_rescale": 4.170626492500431, "target_rescale": 4.100010024507729},
{"mapping": [8, 10, 5, 11, 1, 7, 9, 6, 0, 14, 2, 13, 4, 15], "R": [[0.4019742970914295, -0.4291799411719334, 0.8088394417766158], [-0.59657842213796, 0.5473684792512907, 0.5869258336123157], [-0.6946300099457505, -0.7184652573491536, -0.03601143242057226]], "T": [-0.10099554172954038, 0.10043015008422838, 0.09593004394117549], "aligned_model": [[0.19965731943696324, -0.04725542405984538, -0.2569232697876576, -0.4639999151225776, 0.2533535518848461, -0.4443110360575064, -0.6832133615472691, 0.5968774288549662, 0.7001023690652052, -0.1433615760239062, 0.24467154727238838, -0.3528667252448707, 0.2700555449652392, -0.02960343154433233], [-0.26872609937025077, -0.6643095646702645, -0.02091896454318723, -0.27709448638326334, 0.30922741578697077, 0.7591544409226337, 0.34485089474087205, -0.46922700484338264, 0.19839907785337385, -0.5564521700757633, -0.0289217258298657, 0.22007689183062534, 0.6964853232525372, 0.11353043925463085], [-0.40931997089298705, -0.10898454133264632, -0.7324669725406066, -0.05299962068683317, -0.3946999801466217, 0.3277980791767582, -0.1452225918458968, 0.12164342038920115, 0.21508707708594757, 0.47914716450603734, 0.6726122616021304, 0.620488926280482, 0.3001061802246127, 0.11068366930128884]], "inverted": true, "swapped": true, "error_lsq": 0.04124580016467686, "error_max": 0.23708560406129664, "target": "25.xyz", "model": "14.xyz", "model_rescale": 3.9786697098870705, "target_rescale": 4.100010024507729},
{"mapping": [11, 14, 9, 5, 13, 4, 6, 0, 1, 8, 2, 15], "R": [[-0.04641995342912067, 0.9515827380403198, 0.3038675378965756], [-0.8654323971858405, -0.1902287608777705, 0.46350812769149813], [0.4988706784576624, -0.24146078604733437, 0.8323609403237249]], "T": [0.10061613239497792, 0.06303898019295345, -0.15588831186146165], "aligned_model": [[-0.009356294053950498, -0.6230305440023245, 0.5435656694727701, 0.5893843835687677, -0.11420844287168298, 0.3313872826091991, -0.45701400858314223, -0.052319310610543665, 0.5131381611746413, 0.11243755289303536, -0.4380542684525318, 0.08742441562309865], [-0.34211443904126376, -0.1146635379702049, -0.00689429470265307, -0.6343213708589495, 0.4958125329567702, 0.658429555248006, -0.2323538444619324, 0.30305042261801923, -0.1094042411016409, -0.5212282964946604, 0.42796240929153817, 0.0903995947414106], [-0.5026358331970181, -0.31369175818707085, -0.6616340271609735, -0.14723855236054118, -0.5015382949754311, 0.20034659994552476, 0.4875313334526611, 0.6086765511904252, 0.30233249740818013, 0.21886235236512977, 0.0572902858767563, -0.08833466048381292]], "inverted": true, "swapped": true, "error_lsq": 0.04645039919555934, "error_max": 0.2529059125235519, "target": "25.xyz", "model": "15.xyz", "model_rescale": 3.769337070930944, "target_rescale": 4.100010024507729},
{"mapping": [4, 3, 2, 13, 0, 1, 6, 5, 14, 12, 15], "R": [[0.9545986903899233, -0.2220256544168132, 0.19861004276377694], [-0.20319505504252489, -0.9728379308219386, -0.11089693395380379], [0.2178373473766809, 0.06550548934917505, -0.9737843297943424]], "T": [-0.0849693803098887, -0.017719075699805707, 0.08381187682180868], "aligned_model": [[-0.2943083614417907, -0.22561521618817398, -0.08408188341201742, -0.5827185629007094, 0.31032293790912097, 0.272326292698572, 0.6755387604058801, 0.3080848812045977, 0.06955973473689238, -0.4721189285022826, -0.05436352381891812], [-0.03798484042026754, -0.6639462753403724, 0.6157555643052642, 0.3060626485523972, 0.23337755770062626, -0.44409732652884876, 0.44712966024832457, -0.6975342072847459, 0.6082394084945458, 0.22299570909087943, 0.0060665988075393334], [-0.6164845338391799, -0.31949259892156057, -0.17597479952557937, 0.10191168918118995, -0.584206562959472, -0.2330773595306871, -0.04938029844945649, 0.41341833198856315, 0.48932556778994046, 0.6974824072781959, 0.020695764211823134]], "inverted": true, "swapped": true, "error_lsq": 0.04061507643090953, "error_max": 0.2623268500514852, "target": "25.xyz", "model": "16.xyz", "model_rescale": 3.7852294659196426, "target_rescale": 4.100010024507729},
{"mapping": [10, 2, 0, 6, 14, 13, 7, 4, 8, 5, 9, 1, 15], "R": [[0.7469423999365203, 0.48773151507568235, 0.4518794312413995], [-0.3913560910053432, 0.871938060747661, -0.29421833432440214], [-0.5375104289314662, 0.04291838092924255, 0.842164206890986]], "T": [-0.07660980533489031, 0.18600949590808308, -0.0003662373899346637], "aligned_model": [[0.06316821625390653, -0.4407127806486091, 0.19199505272497314, 0.16982636979115406, -0.4921727662117702, -0.6457288780726933, -0.3816042999613599, -0.036453102164861306, 0.47607343019640264, 0.5752929658100319, -0.10763668508662336, 0.5376737023904508, -0.05595537480471862], [-0.196327578437772, -0.34797058612164294, -0.4187208008452353, -0.6663663504447275, -0.26666483191578483, 0.2637481620682155, 0.7248621653826985, 0.15095734784124804, -0.07016112933353646, 0.5256843639655457, 0.8485046241835423, 0.1944642936640784, 0.13304594369624423], [-0.6815308908249553, 0.22563004521476607, 0.4768201731993551, -0.1582325197449613, -0.45040846137683904, 0.15121422891991393, 0.4709745783664032, 0.7288849944445591, -0.33332856086633483, -0.4303946572622239, -0.13079331135475153, 0.1798050349545411, 0.04711404347370133]], "inverted": true, "swapped": true, "error_lsq": 0.04762110141177403, "error_max": 0.31772060204253527, "target": "25.xyz", "model": "17.xyz", "model_rescale": 3.901054581598922, "target_rescale": 4.100010024507729},
{"mapping": [11, 9, 14, 10, 7, 2, 3, 5, 13, 0, 4, 1, 8, 6, 15], "R": [[-0.6817876935709167, -0.7143101106940231, -0.15788162228562985], [-0.7174283235651095, 0.6950700618480853, -0.046628421258450875], [0.14304594171736035, 0.08147806381346692, -0.9863565195584212]], "T": [-0.019728529710678955, -0.03809477174245145, -0.054980796264467564], "aligned_model": [[0.0644879773386881, 0.1829872184350118, -0.4546225551198295, 0.1299408397532355, -0.2318689616909396, -0.5691192930524639, 0.43977426037887063, 0.7782640864457788, -0.5551181727896012, -0.05419440002150239, -0.14120174917628292, 0.5170051733627122, 0.48194991308439594, -0.02263062915745588, -0.026567496701583367], [0.030218708745026496, -0.5923996728922815, 0.448292057535806, 0.5929267580334145, -0.7671401501797965, 0.27840954738047274, -0.5232040775465008, -0.04014052112945407, -0.2891588814499482, 0.38552145033971097, -0.2721122401277725, 0.02039031450602348, 0.43830727898976835, 0.8426054464927818, -0.003758668870145032], [-0.5885704509361875, -0.3844137725948276, -0.4479689180476803, -0.51227252769144, 0.11541661876463935, 0.203427465057001, 0.33690119130584306, -0.3524438702473727, -0.11191233267102235, 0.6413779993347262, 0.6270226160942232, 0.28907417829382065, -0.11247760505998468, 0.13621501535345243, 0.010290797896785588]], "inverted": false, "swapped": true, "error_lsq": 0.03920458686021965, "error_max": 0.255283506200712, "target": "25.xyz", "model": "18.xyz", "model_rescale": 3.9405287249114394, "target_rescale": 4.100010024507729},
{"mapping": [4, 1, 7, 3, 12, 2, 8, 14, 6, 10, 5, 11, 11, 13, 9, 15], "R": [[0.12503674625415756, -0.1970301444020156, -0.9723913483176896], [0.5744335308010834, -0.7847279041895194, 0.23286956666281106], [-0.8089449491637699, -0.5876914484516901, 0.015060897688395303]], "T": [-0.026129138951767397, 0.06540848651043228, -0.1546424682146616], "aligned_model": [[0.04041304171535949, -0.38156592151051477, -0.0051870015067344705, 0.13743734589344297, 0.30688028723498134, -0.5922990192389934, -0.6476539925981071, 0.6065118521869654, -0.7675860865279313, 0.041198515385283865, -0.6057224967098271, 0.19766546803450552, 0.19766546803450552, 0.5594306292226912, -0.035926926315828556, -0.04294039717878779], [0.5126108612266521, -0.3555388474062417, 0.7681775596292176, -0.7351868475644298, -0.09192680868345975, -0.4516852221486213, 0.49550133623835707, -0.3333288625692519, -0.026664108474195605, -0.5641341549187515, 0.17753047021791446, 0.01442072496248191, 0.01442072496248191, 0.29985964065506626, 0.5830185730553156, 0.03803633653169729], [-0.7293138550578864, -0.5179432522107443, -0.11855083915279288, -0.39489589892254284, -0.560215382949381, 0.2544920403932295, -0.12303309541535262, 0.04663561021439527, -0.1615480989645934, 0.31124065718307453, 0.4308170463301994, 0.528387124084241, 0.528387124084241, 0.07661984948472156, 0.4119205456031327, -0.13107355412619504]], "inverted": true, "swapped": false, "error_lsq": 0.04600035662449619, "error_max": 0.38735625811457086, "target": "25.xyz", "model": "19.xyz", "model_rescale": 4.410303926677745, "target_rescale": 4.100010024507729},
{"mapping": [13, 4, 2, 9, 14, 3, 11, 0, 1, 8, 5, 10, 6, 15], "R": [[0.22431762826712223, -0.7217506002751641, 0.6547959015227978], [0.2774552750022831, -0.5968101415643957, -0.7528852670223355], [0.934184228095305, 0.3505620143830851, 0.06637847580091788]], "T": [-0.07771961024650399, -0.03691276597719034, -0.05493436487673106], "aligned_model": [[-0.1512385097284777, 0.2502686422344532, 0.4578821095285991, -0.7360473961446051, 0.10783419440351531, -0.2695113791470417, -0.41108383748569577, 0.6931947214697581, 0.05508220061394946, 0.08376484261831858, -0.4860745139562935, 0.013295427992048622, 0.662068209699447, -0.008246822637102844], [0.05015064841034356, -0.62947930014562, 0.15227162012968387, -0.18820139085584361, 0.6877466233266483, -0.7687821492499705, 0.36412494528240913, -0.2903660495725823, -0.446569619287776, 0.10239811929873549, -0.1039478012578329, 0.6105256491479616, 0.3335705367818857, -0.06249336582684025], [-0.6379707190015391, -0.33050138366492876, -0.43719094129528846, -0.0792235018663324, -0.19840275849818048, 0.11128376912118068, 0.10163548341301168, 0.028771657755985516, 0.4187979861554998, 0.6057178171793117, 0.6893997385843645, 0.39478174586708503, 0.30235156935153584, -0.052635424376684156]], "inverted": true, "swapped": true, "error_lsq": 0.04258640981667859, "error_max": 0.25331241312893155, "target": "25.xyz", "model": "20.xyz", "model_rescale": 4.121658175737393, "target_rescale": 4.100010024507729},
{"mapping": [6, 2, 14, 8, 11, 0, 13, 1, 4, 3, 9, 5, 15], "R": [[-0.8054030612261824, -0.168998146068089, 0.5681245775294739], [0.5846678805938195, -0.06898758260644988, 0.8083342024484981], [-0.09741344039415446, 0.9831990338032617, 0.1543705981037432]], "T": [0.03804183772785858, 0.09812640672847306, 0.010505095984508925], "aligned_model": [[0.2866598307648219, -0.3214937412854915, 0.2676772814229865, 0.5754114764580388, 0.484368860671039, -0.27819853128042343, -0.34223762922608797, 0.13761888573782954, -0.6041012838847695, -0.1760004250418764, 0.14224754514771348, 0.70515431261668, 0.0039763225638343724], [-0.482856627462559, 0.014427537520276645, 0.34255373373523335, -0.34042871402760244, 0.4072601477724404, -0.6002887060200639, 0.5212497571866783, -0.43489205692991173, -0.21629311655475275, -0.1578880078195808, 0.5183766381464626, -0.06748949856844705, 0.037095817185009074], [0.6530352061594921, 0.5871407618123552, 0.6943672675555799, 0.0396484375644226, 0.05180388516086939, 0.2893644356698781, 0.18159166543766475, -0.3298669471617315, -0.14259992604171512, -0.6885570429930311, -0.5085369036774869, -0.4923000339361539, 0.03501893393164581]], "inverted": false, "swapped": true, "error_lsq": 0.05040409845284436, "error_max": 0.2749269671609585, "target": "25.xyz", "model": "21.xyz", "model_rescale": 4.08911054899281, "target_rescale": 4.100010024507729},
{"mapping": [5, 8, 9, 1, 11, 0, 10, 15, 6, 2, 7, 13, 3, 14, 12, 16], "R": [[-0.03774091181888545, -0.003638436938994738, -0.9992809341480104], [-0.6368200753097097, -0.7705445412235645, 0.02685706002343602], [-0.7700881866757956, 0.637375769673752, 0.026764023897341838]], "T": [-0.050413765060408545, -0.014951612600503202, -0.00853696624276115], "aligned_model": [[-0.1404218992729195, -0.2991318099588734, 0.17669361985075913, 0.020975848933240414, 0.2557685966289584, -0.585566309703572, -0.5032134237620848, 0.6382624121346908, -0.7564703754305028, 0.3641606204915862, -0.6453924869948847, -0.19751241527891747, 0.35444843161738343, 0.445394907493269, -0.04461385112160565, -0.07506109950551644], [0.3999579092215144, -0.2550999911677447, 0.6319437222793253, -0.7367974283651949, -0.16238522280063974, -0.516426979464677, 0.6350847073291765, -0.18506214118414965, -0.10240172107807215, -0.5610939018720745, 0.22327101023871423, 0.10619179424791568, 0.009393923330877067, 0.2882729039934913, 0.6022094951807972, -0.03194670417502621], [-0.5719885421791278, -0.6095611824549562, -0.20217651022085448, -0.33077992201198186, -0.6944004528289209, 0.24088959322848616, -0.16203179047752664, -0.17674680223076147, -0.2307995812533002, 0.2175393661908797, 0.2997591421048061, 0.6242475374465196, 0.7594296475341169, 0.2635866062458459, 0.39649146988801937, 0.02846744159650256]], "inverted": true, "swapped": false, "error_lsq": 0.038430573540551884, "error_max": 0.20916579848827196, "target": "25.xyz", "model": "22.xyz", "model_rescale": 4.204369325754507, "target_rescale": 4.100010024507729},
{"mapping": [4, 1, 7, 3, 12, 2, 8, 14, 6, 10, 5, 11, 11, 13, 9, 15], "R": [[0.12503674625415756, -0.1970301444020156, -0.9723913483176896], [0.5744335308010834, -0.7847279041895194, 0.23286956666281106], [-0.8089449491637699, -0.5876914484516901, 0.015060897688395303]], "T": [-0.026129138951767397, 0.06540848651043228, -0.1546424682146616], "aligned_model": [[0.04041304171535949, -0.38156592151051477, -0.0051870015067344705, 0.13743734589344297, 0.30688028723498134, -0.5922990192389934, -0.6476539925981071, 0.6065118521869654, -0.7675860865279313, 0.041198515385283865, -0.6057224967098271, 0.19766546803450552, 0.19766546803450552, 0.5594306292226912, -0.035926926315828556, -0.04294039717878779], [0.5126108612266521, -0.3555388474062417, 0.7681775596292176, -0.7351868475644298, -0.09192680868345975, -0.4516852221486213, 0.49550133623835707, -0.3333288625692519, -0.026664108474195605, -0.5641341549187515, 0.17753047021791446, 0.01442072496248191, 0.01442072496248191, 0.29985964065506626, 0.5830185730553156, 0.03803633653169729], [-0.7293138550578864, -0.5179432522107443, -0.11855083915279288, -0.39489589892254284, -0.560215382949381, 0.2544920403932295, -0.12303309541535262, 0.04663561021439527, -0.1615480989645934, 0.31124065718307453, 0.4308170463301994, 0.528387124084241, 0.528387124084241, 0.07661984948472156, 0.4119205456031327, -0.13107355412619504]], "inverted": true, "swapped": false, "error_lsq": 0.04600035662449619, "error_max": 0.38735625811457086, "target": "25.xyz", "model": "23.xyz", "model_rescale": 4.410303926677745, "target_rescale": 4.100010024507729},
{"mapping": [1, 7, 10, 13, 11, 12, 3, 14, 0, 6, 2, 5, 15, 9, 4, 16], "R": [[-0.5064545225450682, -0.07766138553050542, -0.8587622056140626], [-0.2573203422365774, 0.9641670631278797, 0.06456094679146415], [0.8229763411331447, 0.25367416813077714, -0.5082906239133872]], "T": [0.03599819977910871, 0.02361786430672261, -0.030420442728042958], "aligned_model": [[-0.30492234339830193, -0.23806203644790494, 0.21378984987122202, 0.08199980062389925, 0.41071439684485866, -0.5063380697607707, -0.5863379965158197, 0.6054880458472969, -0.7125011628481132, 0.13891425631633242, -0.7438318561318783, -0.20951629280777756, 0.49650040263072115, 0.609526346287213, -0.196032650032726, -0.05106992435724061], [0.3713217157854516, -0.27084586228436447, 0.6325689748438205, -0.66590383361113, 0.06583224494753147, -0.5321329392469669, 0.6682380283086894, -0.3418566676271773, -0.05434427092535936, -0.6106761443625256, 0.3431160179706737, -0.07300162862307703, -0.07608958441893571, 0.2676196615183861, 0.521085892919509, 0.10017977051970717], [-0.7369687881912637, -0.55967746660546, -0.1765458012691732, -0.15937898121749397, -0.5388761481090111, 0.17739738584952022, -0.11050469572011984, -0.046534776333987456, -0.0941104788629421, 0.3757537632881936, 0.31983655560542806, 0.5405343198790524, 0.5055929308664802, 0.03241721913839465, 0.38499695969373343, -0.06200597743360533]], "inverted": true, "swapped": false, "error_lsq": 0.039271427036845705, "error_max": 0.34199689006772116, "target": "25.xyz", "model": "24.xyz", "model_rescale": 4.28219845311461, "target_rescale": 4.100010024507729},
{"mapping": [0, 1, 2, 3, 4, 5, 6, 7, 8, 9, 10, 11, 12, 13, 14, 15], "R": [[1.0, 0.0, 0.0], [0.0, 1.0, 0.0], [0.0, 0.0, 1.0]], "T": [0.0, 0.0, 0.0], "aligned_model": [[-0.18080457012760673, -0.35868162302275597, 0.18446295142676014, 0.09080493651834401, 0.34826752653402193, -0.585144752246807, -0.6025108805182975, 0.6920471981871975, -0.6920471981871975, 0.21234088326516368, -0.6201691788071394, -0.1827556385279732, 0.28480414511674246, 0.5369987480126589, -0.10865764896598923, -0.010634132536111755], [0.3758002397042911, -0.314710145167248, 0.6334826584507789, -0.6334826584507789, -0.020320669828118892, -0.5956728484568112, 0.6297996186753305, -0.3413199093746169, -0.031905909794868285, -0.5569242114899846, 0.2944345849849336, -0.05614989929875628, 0.10802055296271511, 0.2032884175935822, 0.616702211674125, 0.034069343529659235], [-0.7011690661281164, -0.4268283222576056, -0.18290206499922804, -0.4364625182141735, -0.6426082580898901, 0.16751166360439845, -0.22919470791118982, -0.1005852906541406, -0.0447073297148845, 0.31877963521733715, 0.39799910006218153, 0.5098280461523932, 0.7011690661281164, 0.15238970057762657, 0.43360872031366654, -0.06490235350874499]], "inverted": false, "swapped": false, "error_lsq": 0.0, "error_max": 0.0, "target": "25.xyz", "model": "25.xyz", "model_rescale": 4.100010024507729, "target_rescale": 4.100010024507729},
{"mapping": [4, 3, 9, 5, 2, 14, 13, 10, 1, 6, 0, 15], "R": [[0.5828664986988074, 0.38892126340417976, -0.7134471918556344], [0.12007959771461807, -0.909602228903902, -0.397749513369595], [-0.8036463991752152, 0.14616441442824174, -0.5768781752220832]], "T": [0.030369849573540733, 0.03427977899117257, 0.10348155429663108], "aligned_model": [[-0.6231875408425404, -0.08757538794029927, 0.35063556593379674, 0.7226116853466314, -0.4540132655918345, 0.16321107354663894, -0.2529699147473448, 0.5612851569439801, 0.057311350677838505, -0.02690752720491467, -0.5106490289459669, -0.022986564812978623], [-0.281620894003112, -0.7264440335790048, -0.37100308817168015, -0.37065394252568196, 0.5155975727416569, 0.7807487095739485, 0.21532171235731776, 0.5348717476372993, -0.37868168298175126, 0.588334096513836, 0.11892979985243218, 0.040731392635378824], [0.015628977442035896, 0.017263535319608586, 0.5394280560458472, -0.18306792292877533, 0.053619709667970014, 0.1761587156512498, 0.5932354243728541, -0.20835403724901924, -0.3850001600900017, -0.6049958626369621, -0.5012391408093733, 0.05251499506892225]], "inverted": true, "swapped": true, "error_lsq": 0.038858683777804666, "error_max": 0.21620389102703114, "target": "25.xyz", "model": "26.xyz", "model_rescale": 3.6694154284099745, "target_rescale": 4.100010024507729},
