[{"mapping": [8, 3, 4, 10, 1, 6, 9, 5, 2, 7, 0, 11], "R": [[0.5659694223941818, -0.6847841828216263, -0.4590743249977221], [0.6758607787045801, 0.7042685856585933, -0.21729695594573778], [0.472113143985248, -0.18728689813161664, 0.861413255681965]], "T": [0.07270221391514066, -0.12040297923990984, -0.0889688229555025], "aligned_model": [[-0.17154857649147914, 0.5872236697501054, 0.1060871410175679, 0.6639478115565861, -0.5226602152259723, -0.07383812986391573, 0.4570966057539626, 0.037988069820365955, -0.6711173336046721, 0.1573458581278137, -0.2189565554335191, 0.048166456723638944], [-0.6513373566112927, -0.5215077635424055, -0.48181675926615775, 0.21428666193624335, 0.20748078706609407, -0.11292906897980563, -0.3802317194965407, 0.6876557488402796, -0.3255597604088786, 0.6399002687473329, 0.1640203253114731, -0.06897700611480902], [-0.3370690627825001, 0.1310655795411123, 0.6325670340835231, -0.1021154317902072, -0.28875964676665317, -0.7986339240880695, -0.48150723086927566, 0.09683309496544538, 0.14210134269604202, -0.6469811296840016, 0.3766811959337896, -0.04914895611395688]], "inverted": true, "swapped": false, "error_lsq": 0.05550067317764538, "error_max": 0.3344414038941867, "target": "250.xyz", "model": "0.xyz", "model_rescale": 3.751011558992144, "target_rescale": 3.897522786848703},
{"mapping": [2, 8, 4, 10, 7, 13, 5, 11, 0, 12, 1, 14], "R": [[0.477443672196703, 0.04488452729249176, -0.8775151959305645], [-0.8784832628986017, 0.004221113687083458, -0.47775447565278456], [-0.017739692397381213, 0.9989832638282639, 0.04144565000909037]], "T": [0.04985642896762975, -0.02617800577720741, -0.10274339384692088], "aligned_model": [[-0.1329421913871387, 0.20911907310373962, 0.3805466431666298, 0.7840220013090429, -0.4901095789040347, 0.1199275942260289, 0.47021556690898464, 0.22718404415694066, -0.6518566455728602, -0.20642094062919636, -0.36710993290112104, 0.05715916865346715], [-0.7145863251116141, -0.6249017121940099, -0.20010401201206754, 0.22632515405291243, 0.34590820875354755, -0.13989830262221054, -0.37070271995390586, 0.7512679019920097, -0.3124202520857285, 0.487674876549527, -0.09248462472485872, 0.014906164837931033], [-0.5227633365349783, 0.13512965148855688, 0.5943704393955554, 0.16125814931764304, -0.004429696446432846, -0.8166480963005419, -0.41045586266527334, -0.13213329535825152, -0.06855778361878544, -0.5741797408061367, 0.4517185388315139, -0.13827610217762065]], "inverted": true, "swapped": false, "error_lsq": 0.05930022816055964, "error_max": 0.34119218506512966, "target": "250.xyz", "model": "1.xyz", "model_rescale": 3.9405287249114394, "target_rescale": 3.897522786848703},
{"mapping": [10, 3, 7, 4, 5, 9, 8, 1, 11, 2, 6, 12], "R": [[0.7578882008032624, -0.31073223364133595, -0.5736296314343079], [-0.23414521662632776, 0.6911384565276011, -0.6837423867507813], [0.6089182971583327, 0.6525129216229446, 0.45104921516491414]], "T": [0.008978440640211915, 0.01935568590301385, -0.03350906374373318], "aligned_model": [[-0.0012696786391819537, 0.26332271303437044, 0.33997811999203237, 0.7088068086177272, -0.533912308340734, -0.16369894802584464, 0.418755781622945, 0.3086615439681406, -0.6263747410306861, -0.051403028975275766, -0.30037521179818727, 0.03724375170517666], [-0.7587072111075607, -0.45522833809679947, -0.1303122668895082, 0.05227554681914388, 0.30677558043911296, -0.34066942281295187, -0.3121668459207594, 0.6968882611773494, -0.2831887983753079, 0.5944092653850624, -0.08460131053480388, 0.08550989739855513], [-0.3590858191473053, 0.15852914556191972, 0.6714367280247036, -0.06270255640905444, -0.42175604605333694, -0.7341841293965561, -0.6017212704236304, 0.24643017855740323, -0.14489783611605778, -0.3938381999144952, 0.4010584845201394, -0.0842358140784819]], "inverted": false, "swapped": false, "error_lsq": 0.05281860602443284, "error_max": 0.2939116456733998, "target": "250.xyz", "model": "2.xyz", "model_rescale": 3.932901565614263, "target_rescale": 3.897522786848703},
{"mapping": [9, 8, 11, 3, 6, 5, 7, 1, 12, 2, 10, 13], "R": [[0.6217338718433301, -0.6976262821840924, 0.3560401143252022], [-0.4036480897914563, 0.10416252075304383, 0.9089655597865525], [-0.6712042999045897, -0.7088495888948327, -0.2168341488631731]], "T": [0.17367701114876602, 0.004863276753758521, -0.14540926850390706], "aligned_model": [[-0.01560421213246363, 0.5359514937165498, 0.18299279525772977, 0.6559053826265555, -0.43393695825370104, -0.29164824269639344, 0.45879746040086533, 0.16837403155054725, -0.5332155689001434, -0.01659020021359603, -0.37223946863835133, 0.060948289412883785], [-0.6914022463348731, -0.5661460914160638, -0.2214370300685602, 0.0194458028486987, 0.25735050888702937, -0.2488503181109447, -0.3970337115939793, 0.6761458729563329, -0.2816873524814146, 0.7300627911422125, 0.11497162658630034, -0.020435494933205522], [-0.28390070961172764, 0.14005916455735806, 0.7185410111221766, 0.021709329371340014, -0.3291148004794475, -0.631106196195893, -0.6620597185399462, 0.1678321325832834, -0.10905782676829277, -0.5088427641938897, 0.30514238080528033, -0.1541691375249928]], "inverted": true, "swapped": false, "error_lsq": 0.050458344002288665, "error_max": 0.25123895334321816, "target": "250.xyz", "model": "3.xyz", "model_rescale": 3.9243930471874484, "target_rescale": 3.897522786848703},
{"mapping": [2, 0, 5, 6, 8, 4, 3, 11, 7, 10, 1, 12], "R": [[-0.16317751324433083, -0.8879314756248604, 0.43005905846296777], [-0.39493833097733555, 0.458240718393804, 0.7962657588586659], [-0.9041000021547578, -0.039914140358881744, -0.4254527559003217]], "T": [-0.01632039529882777, 0.10847409099155406, -0.10431711416234651], "aligned_model": [[-0.07855192303007251, 0.24129816121941827, 0.39653404136747983, 0.6962845213247699, -0.5416802545136538, -0.22014093269661877, 0.43954609290036833, 0.25100973813659105, -0.619925225084683, 0.13001347802467572, -0.3275428789446767, 0.032889983426883554], [-0.7786117747196427, -0.6496710750835675, -0.11601835375577041, 0.20267639548672237, 0.3625853000245497, -0.1509432119807699, -0.2399756766412279, 0.7909420003412488, -0.40996667976958134, 0.5655010884715472, -0.2505647441328571, 0.04503108924088178], [-0.35012271646878246, 0.1823376256466675, 0.48963360445932363, -0.034770918231975895, -0.3404545332339432, -0.5978017855489233, -0.45605831837116034, 0.1938543698074921, -0.2033076974718978, -0.6208831221530733, 0.428967031981433, -0.016360675289911614]], "inverted": false, "swapped": false, "error_lsq": 0.05108155088007827, "error_max": 0.29750320615339415, "target": "250.xyz", "model": "4.xyz", "model_rescale": 3.8936222436046832, "target_rescale": 3.897522786848703},
{"mapping": [1, 9, 8, 7, 2, 1, 6, 10, 0, 4, 3, 11], "R": [[-0.06401406207318389, -0.24691245878938564, -0.9669211123723955], [0.20142773269004902, -0.9521632664445824, 0.22980857803165183], [-0.9774093658034166, -0.18005374677624342, 0.11068685518886012]], "T": [0.1322081834607684, -0.009829064786896567, -0.03956475081944878], "aligned_model": [[-0.2069009654533172, 0.14526240705017313, 0.3537517493587399, 0.7361872288854672, -0.5101271628537623, -0.2069009654533172, 0.6947128410943195, 0.11145812370813873, -0.6350726900661978, 0.02551186035583039, -0.2618960084728535, 0.15374838397726168], [-0.39773304130894, -0.5958263584008339, -0.06973041920714024, 0.2240089984622936, 0.3350447425031925, -0.39773304130894, -0.4348573737695172, 0.5826087218422035, -0.447942359764852, 0.5792861012058541, -0.027547357277291414, 0.021405744505504233], [-0.6540924208898851, 0.1565798462126302, 0.6627123330147423, -0.022933447449214973, -0.19964543311544952, -0.6540924208898851, -0.41043949357183807, 0.17964816732029, 0.005768579747315983, -0.561277137810664, 0.3783466995294983, -0.20554240697229154]], "inverted": true, "swapped": false, "error_lsq": 0.058629671137759735, "error_max": 0.4421249784140544, "target": "250.xyz", "model": "5.xyz", "model_rescale": 3.6523030999806103, "target_rescale": 3.897522786848703},
{"mapping": [0, 7, 11, 9, 2, 1, 5, 10, 3, 6, 4, 12], "R": [[-0.5665306602904902, -0.3882677477755556, -0.7268364100594569], [-0.3233207568036154, 0.9160450141294242, -0.23732934986756438], [0.757962201676811, 0.1005469448860625, -0.644502608763782]], "T": [0.12582978858140348, 0.02548365426014893, -0.1759785969897825], "aligned_model": [[-0.261337998202771, 0.3340971875100227, 0.2206413943132957, 0.7416521844412983, -0.5873631631517713, -0.2962810765264057, 0.4143921306600486, 0.15284190436368722, -0.29080309421324574, 0.1084167247787814, -0.25812186200138265, 0.12160047015892461], [-0.8230727687875415, -0.5284964113805634, -0.115923679401051, 0.21822920435552243, 0.27933434583932193, -0.07797481140744997, -0.44850909877718587, 0.7200868556616445, -0.49967924224335164, 0.5731344526862807, 0.1537530008184051, -0.07989748988249809], [-0.5183480352868504, 0.16541390016474386, 0.6874933067490416, 0.15001956996281354, -0.231900633719636, -0.7177291202318794, -0.5709041276774294, 0.17823853962383637, 0.006399241735906336, -0.5258354966849804, 0.2305428743683605, -0.17835715387867776]], "inverted": false, "swapped": false, "error_lsq": 0.05061955739367783, "error_max": 0.4031134277782949, "target": "250.xyz", "model": "6.xyz", "model_rescale": 4.08911054899281, "target_rescale": 3.897522786848703},
{"mapping": [10, 8, 3, 1, 7, 12, 11, 2, 5, 13, 6, 14], "R": [[0.1037077411843388, 0.8834527716964752, -0.4568981337237637], [-0.9235736556406485, 0.256026752794112, 0.2854154944292126], [0.3691292551735928, 0.39237928339238143, 0.8424856621566152]], "T": [0.062449967204319556, -0.0993516191411461, -0.05529275523494419], "aligned_model": [[-0.02667050735556048, 0.24573008752065845, 0.20114138989788874, 0.6568231669399482, -0.5444857886814962, -0.17827006279311286, 0.4064536188655123, 0.07385920574798263, -0.6473569115306657, 0.0817266221188803, -0.09459748443192292, 0.22538146583236987], [-0.7042619089316003, -0.7228836488052235, -0.24675520835963385, 0.32993703763176285, 0.38055720764585343, -0.14686963783563106, -0.2576628569546401, 0.6914447019006823, -0.3539992376537905, 0.3877454304578697, 0.14168356805916318, -0.12795108967327945], [-0.4366272289215412, 0.1515046789000286, 0.7098793217663762, -0.07473002504161287, -0.07989907021078195, -0.7244697296360237, -0.503768064012229, 0.10171218479503692, -0.16405862704069418, -0.6014240555637775, 0.35260564255468857, -0.05569216246422136]], "inverted": true, "swapped": false, "error_lsq": 0.04677163139548705, "error_max": 0.25351522349510536, "target": "250.xyz", "model": "7.xyz", "model_rescale": 3.964800864290218, "target_rescale": 3.897522786848703},
{"mapping": [2, 12, 11, 9, 3, 1, 7, 10, 0, 5, 6, 13], "R": [[-0.6199412560673967, 0.06453054142286968, -0.7819901842409854], [0.7165048710200248, 0.4527903354097447, -0.5306615512396853], [0.31983372059580695, -0.8892787647207161, -0.32693985652814045]], "T": [0.003053823081987355, -0.09963420287883967, -0.10633677109018601], "aligned_model": [[-0.2042533917119094, 0.650446416107186, 0.2905289020768877, 0.6206891220983725, -0.6055225874402302, -0.07410283495623539, 0.3885758583072039, 0.22818305427647975, -0.6625765002186544, 0.04391663159077462, -0.3333560344778354, 0.05720616647844248], [-0.7181406460457089, -0.45511045327329175, -0.06253824549883208, 0.14162299469579953, 0.29352675075408236, -0.23488345195726343, -0.5024575203188713, 0.6568155870894579, -0.24967041669840345, 0.6495395978996592, -0.0989210048720442, -0.04879883429305128], [-0.22071433099403137, 0.05239067830083739, 0.6702682079027488, 0.07853704754291933, -0.07436940027631113, -0.8404174082932729, -0.5490096754384501, 0.12221203666414722, -0.32447612968490813, -0.4753077321104989, 0.3662452030304119, -0.13032563151834375]], "inverted": true, "swapped": false, "error_lsq": 0.048108464791148324, "error_max": 0.2760684826913728, "target": "250.xyz", "model": "8.xyz", "model_rescale": 4.121658175737393, "target_rescale": 3.897522786848703},
{"mapping": [9, 6, 2, 11, 0, 5, 7, 3, 4, 10, 1, 12], "R": [[-0.890732565064138, -0.22074754577145497, -0.39732356910978844], [0.11898947093373538, -0.9569086939589952, 0.26489102897720046], [-0.43867642213956654, 0.18866974442546347, 0.8786163691835359]], "T": [0.14270720562232975, -0.0731163468290449, -0.10461026748826505], "aligned_model": [[-0.009603306611447676, 0.19916246567488388, 0.14983448535421878, 0.688877344857583, -0.5377513236635525, -0.1599084937297799, 0.5764081374807776, 0.3109977988080281, -0.6664372901736655, 0.10526672632856703, -0.33645261257163883, 0.07934087037650862], [-0.8215531054537191, -0.6913129818130634, 0.1697226949453009, 0.22305530851096445, 0.3114065054106391, 0.006100666096492444, -0.33508816696856547, 0.6557975362197436, -0.432670170449855, 0.5693968982185866, -0.1920890552297595, -0.09178177200523163], [-0.43602201024555287, 0.20333091878081413, 0.5460239250751344, -0.23504264128559707, -0.015488950454513511, -0.6374013237613273, -0.5501270207884141, 0.14648098846057314, -0.16890762794283354, -0.5074201122586982, 0.37620474787383074, -0.046598028328167056]], "inverted": true, "swapped": false, "error_lsq": 0.06252822976618869, "error_max": 0.4503929948788415, "target": "250.xyz", "model": "9.xyz", "model_rescale": 3.833441315466971, "target_rescale": 3.897522786848703},
{"mapping": [10, 0, 1, 5, 7, 8, 13, 4, 11, 3, 12, 14], "R": [[-0.6987434520977331, -0.6911404157647616, 0.18461450064135124], [-0.6832436864881628, 0.5682849289000178, -0.4585087834046007], [0.21198031282316823, -0.4465167021306306, -0.8693026985427905]], "T": [-0.001875973322199534, -0.010123182700250845, -0.07910185284812868], "aligned_model": [[-0.18959008761650115, 0.40906739621936733, 0.32480159766796735, 0.6591238279928375, -0.5268290174276242, -0.25827031580574217, 0.6578313427289727, 0.26154484905166897, -0.6484702161587331, 0.01921290195107466, -0.2990814305452649, -0.009606045927540791], [-0.789734726536184, -0.5171739939094301, -0.1783808958338845, 0.12511670538209138, 0.32365355087853936, -0.34553764544476, -0.3187488534601901, 0.7010655528982522, -0.2027136177478357, 0.7584327666149748, -0.23149524325356555, 0.046500757893525084], [-0.25999794327666426, 0.1154437294342833, 0.5616633455645422, -0.03193579725761293, -0.3177048083783095, -0.7343258158569492, -0.4034827923485732, 0.167338064348571, -0.17990805554618947, -0.4830806417213972, 0.3959596003492246, -0.15493602018567657]], "inverted": false, "swapped": false, "error_lsq": 0.04711718359027852, "error_max": 0.2107988921223657, "target": "250.xyz", "model": "10.xyz", "model_rescale": 4.2482417240324, "target_rescale": 3.897522786848703},
{"mapping": [3, 1, 0, 6, 9, 7, 2, 4, 8, 5, 10, 11], "R": [[-0.14927670863576256, -0.19352953206187945, 0.9696714827604161], [-0.3990533851687306, 0.909041946177089, 0.11999639942909832], [-0.9046948988715758, -0.3690380201422083, -0.21292740463657722]], "T": [0.07765629250677819, -0.10262989680204444, -0.10693427780673921], "aligned_model": [[-0.13632735597188295, 0.32739985690887397, 0.22403272691097617, 0.6496669476890434, -0.595922210118278, -0.30254800957060757, 0.5904672799164674, 0.17986084526839904, -0.37256231924395494, 0.18750307808387767, -0.37672769360647257, 0.024891655864040796], [-0.7451874204619406, -0.6765353976710905, -0.10739709017558435, 0.20072663829194393, 0.3683249908638093, -0.055570717884594334, -0.4095079036199595, 0.7391202871871508, -0.5015707036232246, 0.5104332918529952, 0.036665708607040506, 0.011482674114986824], [-0.5534792961683468, 0.22079607152055075, 0.6362956255558105, -0.07142707970970752, -0.16861406966709175, -0.6653126164417684, -0.5435211151118061, 0.10951534076811272, 0.015569857800686843, -0.5267835135283542, 0.3279614453408243, -0.10596778523366203]], "inverted": false, "swapped": false, "error_lsq": 0.04725778343613924, "error_max": 0.33939070831262935, "target": "250.xyz", "model": "11.xyz", "model_rescale": 3.6694154284099745, "target_rescale": 3.897522786848703},
{"mapping": [9, 7, 5, 12, 4, 8, 10, 0, 11, 1, 6, 13], "R": [[-0.9652616273575699, 0.24369769266612817, -0.09424131440202586], [0.09160399283251348, -0.022158691076430148, -0.9955489445059547], [-0.24470124488477157, -0.9695980749769386, -0.0009347474837393954]], "T": [0.048967113127045256, -0.03622024248471478, -0.14113981811405343], "aligned_model": [[-0.09693919181502599, 0.3058092727392532, 0.38703530650767554, 0.6999650572881629, -0.5293286395936245, -0.24237602697056793, 0.49605720244392437, 0.031240224125451063, -0.6131518007986484, 0.1697624977233893, -0.2454472328365731, 0.037108133317066264], [-0.7854281783968332, -0.6478827787640349, -0.04283704790167889, 0.1582622079422824, 0.4223921864751197, -0.2600718737829903, -0.4088917714850615, 0.5633690477069504, -0.36228888945604487, 0.7159451347611592, -0.06344166306831096, 0.08185798345097575], [-0.3903086079625079, 0.193623329839288, 0.587033861022396, -0.1290256346748804, -0.19524445875685656, -0.8026588829899294, -0.39561019127291697, 0.24733966000446791, -0.15864496567756928, -0.5100967457280441, 0.34097429763645626, -0.11234879631465512]], "inverted": false, "swapped": false, "error_lsq": 0.043773943707226544, "error_max": 0.2715881833519055, "target": "250.xyz", "model": "12.xyz", "model_rescale": 3.9764082729961374, "target_rescale": 3.897522786848703},
{"mapping": [2, 9, 5, 13, 3, 8, 1, 14, 7, 11, 4, 15], "R": [[-0.5798627605441683, 0.753605685481733, -0.30957656523662125], [-0.1761729534050245, -0.4869756175627344, -0.8554635225349732], [-0.7954384133436402, -0.441512421919249, 0.4151439652317632]], "T": [0.16410758167601622, -0.07045902784985592, -0.04886948006176735], "aligned_model": [[-0.18065683952002723, 0.4028679422842847, 0.37445487660996335, 0.5717363836044889, -0.4930377048176886, -0.1152862323451633, 0.4022380552546495, 0.03228035172669519, -0.5494311462059808, 0.16101930371490822, -0.2789830408925241, 0.07253285271687694], [-0.6517370201863323, -0.5885391967604543, -0.3626143481016635, 0.3845559351094932, 0.354196935221218, -0.04087620474452458, -0.471218835840035, 0.717601532554239, -0.3181615878434845, 0.5052563813300706, -0.13190925267790354, -0.025569980579090254], [-0.4725591110521324, 0.14109250377025528, 0.7082455641668182, -0.013082757546859794, -0.35914489446145303, -0.697496329577239, -0.48015596502725544, -0.029116653566758646, -0.02563966068807412, -0.5957578863398995, 0.5130542619527818, -0.014406206504935098]], "inverted": true, "swapped": false, "error_lsq": 0.047159690144787346, "error_max": 0.23038863150404826, "target": "250.xyz", "model": "13.xyz", "model_rescale": 4.170626492500431, "target_rescale": 3.897522786848703},
{"mapping": [1, 0, 8, 4, 11, 3, 2, 5, 9, 6, 10, 13], "R": [[0.30285861871051906, 0.4052779786941798, -0.8625696592498004], [-0.4105303923857224, 0.8722784274215797, 0.26569746325955224], [0.8600822367659859, 0.2736422939541625, 0.4305559672784974]], "T": [0.08910146372837027, -0.11720165317622772, -0.05697528034392754], "aligned_model": [[-0.24575085420135465, 0.35874890188609687, 0.34402800392348987, 0.7044874053916714, -0.44743702726520984, -0.1443608900527615, 0.5953039232355317, 0.011492642726582458, -0.7017483331977997, 0.14609502326855972, -0.26824793810251624, 0.04712394451819214], [-0.7797109796285002, -0.647084025621244, -0.19551775451718212, 0.1432325052244, 0.3090196875430116, -0.14530090879103574, -0.18898144953309143, 0.788292013828892, -0.2928475648495052, 0.5337272601356415, -0.12522982124328005, -0.02861460506657333], [-0.25639891845183316, -0.1056921870078222, 0.6361591511914154, 0.1808005017162932, -0.23053065343554857, -0.7051877190017729, -0.4711478265854814, -0.021227297567821046, -0.0603739386347161, -0.5866285169201381, 0.3795625284463582, -0.08430225862368458]], "inverted": false, "swapped": false, "error_lsq": 0.04616740061541391, "error_max": 0.2662784889899732, "target": "250.xyz", "model": "14.xyz", "model_rescale": 3.9786697098870705, "target_rescale": 3.897522786848703},
{"mapping": [6, 9, 3, 0, 5, 10, 1, 2, 7, 4, 8, 11], "R": [[-0.2840974853581048, -0.6540540316496652, -0.7010719952301763], [0.4859763546391054, 0.5320852548318593, -0.6933341649754481], [0.8265080771201743, -0.5376789053639115, 0.16669071114425676]], "T": [0.025688714043089596, -0.09228995619648106, -0.13832441853553532], "aligned_model": [[0.0826505210678567, 0.21071601338888246, 0.3585438695689047, 0.6922044137699653, -0.5831000772941081, -0.23563857028511398, 0.37288358403550026, 0.19416650191001777, -0.5500800595412556, 0.05322541051113384, -0.24928301822970217, 0.05344621322840104], [-0.8681333378168578, -0.49274434634578756, -0.006303151998663867, 0.07816997859046229, 0.4250344634377503, -0.05626228895377808, -0.31201192932067773, 0.664691138696135, -0.3797944623467852, 0.4299545784607578, 0.07679477952998401, -0.18841106445100658], [-0.2872475213109197, 0.3007831399921833, 0.7142968029024425, -0.03582652231923408, -0.05825419858924577, -0.9274575164065992, -0.6785559136093646, 0.2521141467185586, -0.2890144437500305, -0.456784944283105, 0.2715890169812897, -0.13060918120072637]], "inverted": false, "swapped": false, "error_lsq": 0.06067810625042552, "error_max": 0.2990047226273598, "target": "250.xyz", "model": "15.xyz", "model_rescale": 3.769337070930944, "target_rescale": 3.897522786848703},
{"mapping": [1, 2, 6, 3, 0, 8, 5, 4, 9, 7, 11], "R": [[0.7871333677335719, 0.18684780939736326, 0.5878000999692089], [-0.5966759465324515, -0.010671310981137744, 0.8024113271580524], [0.15620139637662842, -0.98233091127448, 0.10308784857897164]], "T": [-0.060276651330795725, -0.09748262656357579, 0.019511443796477533], "aligned_model": [[-0.34474133731994006, -0.6735750947392626, -0.10016346659774915, -0.6169744401660779, 0.45949207689743465, 0.5831988741660226, 0.5769238123310313, 0.37273793999565363, 0.08214254339223807, -0.37369463584282403, -0.0427201414253561], [0.030619891996517684, -0.5311995697181926, 0.6048815208670496, 0.2705267781313653, 0.12674769213268347, -0.3813058420550458, 0.37202744370222496, -0.3070626595754512, 0.42972018196861816, -0.09002126755771583, 0.07113032773328862], [-0.562347095541417, -0.3117385639873873, -0.42315258222982854, 0.13326702698619752, -0.6653911583619024, -0.2099523109845637, -0.0641314879114388, 0.47241314994079997, 0.6387203461215781, 0.7411468109246303, -0.004616527732891441]], "inverted": true, "swapped": true, "error_lsq": 0.0616188405961292, "error_max": 0.4016365914870553, "target": "250.xyz", "model": "16.xyz", "model_rescale": 3.7852294659196426, "target_rescale": 3.897522786848703},
{"mapping": [1, 7, 6, 11, 0, 3, 2, 9, 4, 8, 10, 12], "R": [[0.5960030558777301, 0.13085977940145876, 0.79224748375707], [0.7292302136810086, 0.3248351336682014, -0.6022503062593761], [-0.3361601595060869, 0.9366738248022964, 0.0981758274275235]], "T": [0.006859654097271239, -0.10709753280486739, -0.15740335833065444], "aligned_model": [[-0.10137045295998348, 0.495572192820609, 0.25896303584908864, 0.6658495493729522, -0.5414666351426227, -0.23922234573896325, 0.4472118750776245, -0.014479936598637333, -0.6477310932939959, 0.233713916456666, -0.17964079815588396, 0.02233549444362897], [-0.7193889365351693, -0.5397574937553183, -0.32205785688589583, 0.15377505758159754, 0.2606727908636219, -0.14429091519867993, -0.3230471176161951, 0.7328356789910031, -0.3028999437498111, 0.42904190776909773, 0.18575651773150148, -0.039655331714219366], [-0.4534432797794701, 0.09831605403642774, 0.6657789907769179, 0.031302454888960496, -0.33011822536851054, -0.9127547155315685, -0.5228383311065974, 0.04586643062738455, 0.02957004723142992, -0.4494608101494361, 0.56972053872744, -0.09690628922772979]], "inverted": false, "swapped": false, "error_lsq": 0.052339508804969036, "error_max": 0.3696872019064442, "target": "250.xyz", "model": "17.xyz", "model_rescale": 3.901054581598922, "target_rescale": 3.897522786848703},
{"mapping": [2, 8, 4, 10, 7, 13, 5, 11, 0, 12, 1, 14], "R": [[0.477443672196703, 0.04488452729249176, -0.8775151959305645], [-0.8784832628986017, 0.004221113687083458, -0.47775447565278456], [-0.017739692397381213, 0.9989832638282639, 0.04144565000909037]], "T": [0.04985642896762975, -0.02617800577720741, -0.10274339384692088], "aligned_model": [[-0.1329421913871387, 0.20911907310373962, 0.3805466431666298, 0.7840220013090429, -0.4901095789040347, 0.1199275942260289, 0.47021556690898464, 0.22718404415694066, -0.6518566455728602, -0.20642094062919636, -0.36710993290112104, 0.05715916865346715], [-0.7145863251116141, -0.6249017121940099, -0.20010401201206754, 0.22632515405291243, 0.34590820875354755, -0.13989830262221054, -0.37070271995390586, 0.7512679019920097, -0.3124202520857285, 0.487674876549527, -0.09248462472485872, 0.014906164837931033], [-0.5227633365349783, 0.13512965148855688, 0.5943704393955554, 0.16125814931764304, -0.004429696446432846, -0.8166480963005419, -0.41045586266527334, -0.13213329535825152, -0.06855778361878544, -0.5741797408061367, 0.4517185388315139, -0.13827610217762065]], "inverted": true, "swapped": false, "error_lsq": 0.05930022816055964, "error_max": 0.34119218506512966, "target": "250.xyz", "model": "18.xyz", "model_rescale": 3.9405287249114394, "target_rescale": 3.897522786848703},
{"mapping": [4, 12, 3, 10, 6, 7, 13, 2, 0, 5, 1, 15], "R": [[-0.5395844239169159, -0.2294539645390346, -0.8100614344749228], [-0.8254395940772032, -0.045329021498788424, 0.5626675362410958], [-0.16582558908658346, 0.9722634200499791, -0.1649415533963644]], "T": [0.1166953554169946, -0.13716589796654968, -0.2021692857740915], "aligned_model": [[-0.29614327048644296, 0.1949374658382686, 0.3625773377244585, 0.6292567605344658, -0.42537698773427246, -0.07095101353300584, 0.6195327132215196, 0.0768040823868294, -0.556899936565295, -0.035307339230106205, -0.22441974628103345, 0.12572473625509661], [-0.7212960881975897, -0.5874284688124527, -0.16470932680709596, 0.34071761034812154, 0.3618779228188488, -0.34137589583055894, -0.4223166183051794, 0.6725799991963923, -0.2422003978871499, 0.61159756300527, -0.035062983875792916, -0.10139895817128014], [-0.3538967336498432, 0.09995792528352948, 0.6128227419036172, 0.15393771417310353, -0.07808747679861663, -0.8492493935919756, -0.5444754406391359, 0.1109529768915673, -0.11322326617976274, -0.5300581436091669, 0.3534699013853079, -0.1871179400433762]], "inverted": true, "swapped": false, "error_lsq": 0.043405269838042985, "error_max": 0.22651962786187826, "target": "250.xyz", "model": "19.xyz", "model_rescale": 4.410303926677745, "target_rescale": 3.897522786848703},
{"mapping": [2, 12, 11, 9, 3, 1, 7, 10, 0, 5, 6, 13], "R": [[-0.6199412560673967, 0.06453054142286968, -0.7819901842409854], [0.7165048710200248, 0.4527903354097447, -0.5306615512396853], [0.31983372059580695, -0.8892787647207161, -0.32693985652814045]], "T": [0.003053823081987355, -0.09963420287883967, -0.10633677109018601], "aligned_model": [[-0.2042533917119094, 0.650446416107186, 0.2905289020768877, 0.6206891220983725, -0.6055225874402302, -0.07410283495623539, 0.3885758583072039, 0.22818305427647975, -0.6625765002186544, 0.04391663159077462, -0.3333560344778354, 0.05720616647844248], [-0.7181406460457089, -0.45511045327329175, -0.06253824549883208, 0.14162299469579953, 0.29352675075408236, -0.23488345195726343, -0.5024575203188713, 0.6568155870894579, -0.24967041669840345, 0.6495395978996592, -0.0989210048720442, -0.04879883429305128], [-0.22071433099403137, 0.05239067830083739, 0.6702682079027488, 0.07853704754291933, -0.07436940027631113, -0.8404174082932729, -0.5490096754384501, 0.12221203666414722, -0.32447612968490813, -0.4753077321104989, 0.3662452030304119, -0.13032563151834375]], "inverted": true, "swapped": false, "error_lsq": 0.048108464791148324, "error_max": 0.2760684826913728, "target": "250.xyz", "model": "20.xyz", "model_rescale": 4.121658175737393, "target_rescale": 3.897522786848703},
{"mapping": [0, 7, 11, 9, 2, 1, 5, 10, 3, 6, 4, 12], "R": [[-0.5665306602904902, -0.3882677477755556, -0.7268364100594569], [-0.3233207568036154, 0.9160450141294242, -0.23732934986756438], [0.757962201676811, 0.1005469448860625, -0.644502608763782]], "T": [0.12582978858140348, 0.02548365426014893, -0.1759785969897825], "aligned_model": [[-0.261337998202771, 0.3340971875100227, 0.2206413943132957, 0.7416521844412983, -0.5873631631517713, -0.2962810765264057, 0.4143921306600486, 0.15284190436368722, -0.29080309421324574, 0.1084167247787814, -0.25812186200138265, 0.12160047015892461], [-0.8230727687875415, -0.5284964113805634, -0.115923679401051, 0.21822920435552243, 0.27933434583932193, -0.07797481140744997, -0.44850909877718587, 0.7200868556616445, -0.49967924224335164, 0.5731344526862807, 0.1537530008184051, -0.07989748988249809], [-0.5183480352868504, 0.16541390016474386, 0.6874933067490416, 0.15001956996281354, -0.231900633719636, -0.7177291202318794, -0.5709041276774294, 0.17823853962383637, 0.006399241735906336, -0.5258354966849804, 0.2305428743683605, -0.17835715387867776]], "inverted": false, "swapped": false, "error_lsq": 0.05061955739367783, "error_max": 0.4031134277782949, "target": "250.xyz", "model": "21.xyz", "model_rescale": 4.08911054899281, "target_rescale": 3.897522786848703},
{"mapping": [0, 4, 3, 15, 10, 6, 1, 9, 7, 5, 13, 16], "R": [[0.5149882592551664, 0.2416871101952325, -0.8224198645429299], [-0.1245231102439888, -0.9281586775618595, -0.35073560452537966], [-0.8481044085750864, 0.2830349978926593, -0.4478951910027673]], "T": [0.13957153892116927, 0.009889850130228042, -0.1320861936552053], "aligned_model": [[-0.08641864852848913, 0.2121438050692335, 0.24785078675641556, 0.8272804577244031, -0.5313430300411354, -0.3206448044603847, 0.6691479594138453, 0.0259161023744455, -0.5466244726091707, -0.006013744170077356, -0.21070040862080927, 0.11914079922220583], [-0.7016662482938019, -0.6035748103933538, -0.21371380590277445, 0.2082327997345496, 0.43538287682115756, -0.199667803945415, -0.3684515865936604, 0.6969807696639052, -0.1721390556920534, 0.5879358284107002, -0.2673544706483896, -0.03098013567933154], [-0.3387156982069873, 0.19146683498551065, 0.7001132011964046, 0.006562770404819923, -0.273382812887421, -0.6796723836328138, -0.5864043127985075, 0.018034163392925073, -0.08969870476484726, -0.509441233755614, 0.3549200849381929, -0.11874904374641357]], "inverted": true, "swapped": false, "error_lsq": 0.0454112584903425, "error_max": 0.2098961771395334, "target": "250.xyz", "model": "22.xyz", "model_rescale": 4.204369325754507, "target_rescale": 3.897522786848703},
{"mapping": [4, 12, 3, 10, 6, 7, 13, 2, 0, 5, 1, 15], "R": [[-0.5395844239169159, -0.2294539645390346, -0.8100614344749228], [-0.8254395940772032, -0.045329021498788424, 0.5626675362410958], [-0.16582558908658346, 0.9722634200499791, -0.1649415533963644]], "T": [0.1166953554169946, -0.13716589796654968, -0.2021692857740915], "aligned_model": [[-0.29614327048644296, 0.1949374658382686, 0.3625773377244585, 0.6292567605344658, -0.42537698773427246, -0.07095101353300584, 0.6195327132215196, 0.0768040823868294, -0.556899936565295, -0.035307339230106205, -0.22441974628103345, 0.12572473625509661], [-0.7212960881975897, -0.5874284688124527, -0.16470932680709596, 0.34071761034812154, 0.3618779228188488, -0.34137589583055894, -0.4223166183051794, 0.6725799991963923, -0.2422003978871499, 0.61159756300527, -0.035062983875792916, -0.10139895817128014], [-0.3538967336498432, 0.09995792528352948, 0.6128227419036172, 0.15393771417310353, -0.07808747679861663, -0.8492493935919756, -0.5444754406391359, 0.1109529768915673, -0.11322326617976274, -0.5300581436091669, 0.3534699013853079, -0.1871179400433762]], "inverted": true, "swapped": false, "error_lsq": 0.043405269838042985, "error_max": 0.22651962786187826, "target": "250.xyz", "model": "23.xyz", "model_rescale": 4.410303926677745, "target_rescale": 3.897522786848703},
{"mapping": [8, 5, 6, 0, 11, 10, 4, 7, 9, 1, 14, 16], "R": [[0.7840025417363277, 0.07012756569866663, 0.6167837052647849], [-0.5112197928126094, -0.49068362428664164, 0.705608889040918], [0.3521282976240485, -0.8685112004954831, -0.3488466090221953]], "T": [0.05719604328370061, -0.032857764820606414, -0.03239699571419957], "aligned_model": [[-0.1264898859725912, 0.49471957208224937, 0.16303477239221614, 0.7400235278076184, -0.4737924443428851, -0.21703537788567112, 0.37176474009485044, 0.15546327993780373, -0.4784833283146344, 0.095266148321774, -0.4448359634013515, 0.12009976141110364], [-0.6984571944031227, -0.4444682704481888, -0.244022146715428, 0.279021708793756, 0.29845209372903636, -0.13595706012393452, -0.48390067406606246, 0.6173385074223912, -0.33905991696553306, 0.6081577113367004, -0.08604723558117065, -7.316549691085972e-05], [-0.4784278757966612, 0.1540218521328029, 0.6901719331773419, -0.1152440318889148, -0.1272995259576532, -0.613733051044504, -0.4465119580097928, 0.0651696709500563, -0.14059975212184445, -0.6015939528384875, 0.4184740883870393, -0.12939453186413397]], "inverted": true, "swapped": false, "error_lsq": 0.04200095617074118, "error_max": 0.2607169436876158, "target": "250.xyz", "model": "24.xyz", "model_rescale": 4.28219845311461, "target_rescale": 3.897522786848703},
{"mapping": [14, 11, 5, 9, 0, 2, 12, 3, 6, 4, 8, 15], "R": [[-0.5297665248470453, 0.6058197144578124, -0.5935738393205514], [-0.3289566499989245, 0.4982998699019007, 0.8021750196043467], [0.7817512082324978, 0.6202255341647938, -0.06469416663831781]], "T": [0.12201244956320359, -0.00890423661036234, -0.1643754236671795], "aligned_model": [[-0.051782300430024214, 0.3618319367520152, 0.27232324389193996, 0.7611184601262059, -0.6176345677350652, -0.272607417894288, 0.6236467858267584, 0.2948214158222069, -0.7147666536698334, -0.06261186172843683, -0.25181886183375246, 0.05721462300275608], [-0.6997806083746353, -0.45001475463050544, -0.03894146321961399, 0.08274491100710267, 0.30681799650949637, -0.1171687807748031, -0.5315029559822867, 0.6867503065062276, -0.3370789961918764, 0.6312707613845249, -0.1847959507767845, 0.02268389202468716], [-0.43387467915270855, 0.04630251942390656, 0.6733507314933422, 0.03566863368545789, -0.30147368533154306, -0.7133143757125022, -0.4086569649781669, 0.12930324883317018, -0.09880718038469172, -0.46560359075658964, 0.3935298661765839, -0.18139165817101013]], "inverted": true, "swapped": false, "error_lsq": 0.04446528856284879, "error_max": 0.20322175809873344, "target": "250.xyz", "model": "25.xyz", "model_rescale": 4.100010024507729, "target_rescale": 3.897522786848703},
{"mapping": [3, 1, 0, 6, 9, 7, 2, 4, 8, 5, 10, 11], "R": [[-0.14927670863576256, -0.19352953206187945, 0.9696714827604161], [-0.3990533851687306, 0.909041946177089, 0.11999639942909832], [-0.9046948988715758, -0.3690380201422083, -0.21292740463657722]], "T": [0.07765629250677819, -0.10262989680204444, -0.10693427780673921], "aligned_model": [[-0.13632735597188295, 0.32739985690887397, 0.22403272691097617, 0.6496669476890434, -0.595922210118278, -0.30254800957060757, 0.5904672799164674, 0.17986084526839904, -0.37256231924395494, 0.18750307808387767, -0.37672769360647257, 0.024891655864040796], [-0.7451874204619406, -0.6765353976710905, -0.10739709017558435, 0.20072663829194393, 0.3683249908638093, -0.055570717884594334, -0.4095079036199595, 0.7391202871871508, -0.5015707036232246, 0.5104332918529952, 0.036665708607040506, 0.011482674114986824], [-0.5534792961683468, 0.22079607152055075, 0.6362956255558105, -0.07142707970970752, -0.16861406966709175, -0.6653126164417684, -0.5435211151118061, 0.10951534076811272, 0.015569857800686843, -0.5267835135283542, 0.3279614453408243, -0.10596778523366203]], "inverted": false, "swapped": false, "error_lsq": 0.04725778343613924, "error_max": 0.33939070831262935, "target": "250.xyz", "model": "26.xyz", "model_rescale": 3.6694154284099745, "target_rescale": 3.897522786848703},
{"mapping": [4, 5, 1, 7, 12, 10, 8, 3, 2, 9, 6, 13], "R": [[0.16247337592232858, 0.7879018581670765, -0.5939806933001021], [0.9760050718713325, -0.039884471839437996, 0.2140638423170157], [0.14497069289286296, -0.6145078443787005, -0.7754763744945464]], "T": [0.0248326615332506, -0.09557444138091467, -0.16822211471673598], "aligned_model": [[-0.06267208298001427, 0.5761016623422046, 0.17103342587703224, 0.5635497073204947, -0.5078335941528558, -0.155705783654534, 0.44992968116696747, 0.19712726652307705, -0.6114227894043318, 0.11219713859646875, -0.30462943916901475, -0.02794039033501176], [-0.8329861963277982, -0.5135769297259548, -0.21454726426028264, 0.18517861840431646, 0.4849539891027177, -0.2219318812341544, -0.2667878484264209, 0.6359982548504389, -0.31643610149072465, 0.43625034291030584, 0.11095669981749365, -0.11608732613840388], [-0.5204967142023527, 0.21564623277443457, 0.6944003157922078, -0.0036311407298906806, -0.0734264670792873, -0.7279813371468348, -0.613571062819738, 0.128336782559555, -0.07587075062808102, -0.5858264518965837, 0.3974545099731348, -0.1600010514713153]], "inverted": false, "swapped": false, "error_lsq": 0.044008823662317405, "error_max": 0.22741099685393584, "target": "250.xyz", "model": "27.xyz", "model_rescale": 4.103607728864725, "target_rescale": 3.897522786848703},
{"mapping": [9, 0, 1, 2, 11, 10, 3, 4, 6, 13, 7, 14], "R": [[-0.15271920523746796, 0.31967167099031957, 0.9351400254068334], [-0.9653419560406227, 0.15438639549162692, -0.2104275381093632], [-0.2116406205323088, -0.9348662276782491, 0.28501470854561084]], "T": [-0.04365164708841353, -0.029623233120246048, -0.23192177883388154], "aligned_model": [[-0.21152935443547027, 0.39695903426554924, 0.3455299730755893, 0.6486317445250328, -0.6400833539304993, -0.1445765776445651, 0.6100231545442583, 0.3814855950141459, -0.6107479023933727, -0.03162213792902936, -0.40701401940062476, 0.06267864643946842], [-0.8253744735211272, -0.4921958359375278, -0.13056657599402008, 0.16711690926003925, 0.30271202969955424, -0.23524988387037038, -0.32242933391440814, 0.6549000604751671, -0.31125588827020984, 0.6051782917848372, 0.014622283978202394, -0.056473226208603886], [-0.3253078850239697, 0.08679526743331878, 0.5688334522641477, -0.07908942524194726, -0.30862722596260844, -0.6872316899925062, -0.4566542722900236, 0.18316311975583466, -0.21315618201034475, -0.36136229737914366, 0.3894407290210069, -0.12177072544851598]], "inverted": true, "swapped": false, "error_lsq": 0.04930005639609275, "error_max": 0.27937399069259056, "target": "250.xyz", "model": "28.xyz", "model_rescale": 4.137296879288765, "target_rescale": 3.897522786848703},
{"mapping": [6, 5, 8, 4, 10, 0, 1, 9, 7, 3, 11], "R": [[-0.5005319435253365, 0.8648658260748339, 0.03840411955305251], [-0.0917475566551817, -0.008882258451465452, -0.9957426832935335], [-0.8608427030291621, -0.5019245046545319, 0.0837951804625377]], "T": [-0.02525125872367659, 0.17911547875517927, -0.024244491275715215], "aligned_model": [[0.6169811442483962, 0.06868266092453033, -0.03917228083362076, -0.6016145276078243, -0.07624253130997988, 0.5702217323893071, 0.6129832729280468, -0.45833108496727193, -0.6237560086583818, 0.10431488351929138, 0.047351750077405066], [-0.2693407526842607, -0.5812454326520636, -0.008997864432349761, 0.000614812340371973, 0.4675428028864109, -0.25622156104203353, 0.3342880260086081, -0.37411756453824974, 0.3020398513100976, 0.25990534985337965, 0.044680149598040814], [0.25375252781218843, -0.2398552056199037, -0.7395692843465016, -0.29348096045839966, -0.2672177948845731, -0.5196472766387923, 0.04259812853348751, 0.4093691120366751, 0.4714628527505321, 0.6352775282634825, 0.05306439433480337]], "inverted": true, "swapped": true, "error_lsq": 0.053891439427508625, "error_max": 0.2829395171542159, "target": "250.xyz", "model": "29.xyz", "model_rescale": 3.607286011436655, "target_rescale": 3.897522786848703},
