[{"mapping": [3, 6, 5, 7, 4, 11, 2, 10, 1, 0, 9, 12], "R": [[0.36270938446088014, -0.08655406721247882, -0.9278740732841861], [-0.8314823878815876, 0.4195477219491393, -0.36416582438501943], [0.4208074869423577, 0.9035973121121297, 0.08020571349344148]], "T": [-0.08325776761231721, -0.019586885047301397, 0.007822077987308572], "aligned_model": [[-0.26725382070643466, 0.09462727922943684, 0.41737186686281413, -0.2075844987839586, 0.10312697907122817, -0.5152943099828305, 0.32865326018104857, -0.26517139678571744, 0.5518127165918163, 0.14281254375667932, -0.44300474807728396, -0.1024534088962491], [-0.14189267684755114, -0.695967446308703, -0.3423821454792967, 0.772089347727065, 0.2788583652204189, -0.755109131411736, -0.2765496891626018, -0.6467755211185668, 0.2092917924978887, 0.45184527693894466, 0.2162363529683599, -0.016089489047164347], [-0.6071556741803513, -0.10523521284054171, -0.43011870131191665, -0.09726239149848068, -0.5975966771812042, 0.08729469016260541, 0.45936362605965503, 0.7018808408781387, -0.08347807121925335, 0.46472778501862466, 0.432266838280699, -0.04273530681441215]], "inverted": false, "swapped": true, "error_lsq": 0.04610247282461435, "error_max": 0.27048640008350283, "target": "252.xyz", "model": "0.xyz", "model_rescale": 3.751011558992144, "target_rescale": 3.6811452892648138},
{"mapping": [11, 6, 7, 8, 4, 1, 0, 10, 5, 9, 3, 2, 14], "R": [[-0.4448484027557341, -0.3236160800088972, 0.8350943248072922], [-0.5799899335428096, -0.6064065104697888, -0.5439511200915587], [0.6824379646199934, -0.7263220888968812, 0.08206489886541907]], "T": [0.05114394841869107, 0.002198306399666554, 0.05377388173879802], "aligned_model": [[-0.11820937330224285, 0.04849559034176921, 0.5382057146415263, -0.16278087243372935, -0.46030598636651665, 0.2962648111048156, 0.7177275457485095, -0.7299894017881955, -0.2625954227278939, -0.29990542582774904, 0.7283865451303652, 0.3510854690043992, 0.0537202585437677], [0.6472411589170979, 0.1085391783653307, 0.13324246888080332, -0.5763520329241435, -0.504747148478938, -0.4635464148702455, -0.35996109004099547, 0.15981302896072036, 0.0009917524694951982, 0.49673567309963074, 0.18393623530866982, -0.2977599429617213, 0.05692837645466015], [-0.3843701125883374, -0.6894692483466534, -0.37666227747735537, 0.2985879500262163, -0.2733335010821032, -0.4030446453822658, 0.057149950467215195, -0.13972556672405498, 0.5938222112573507, 0.3114301471641546, 0.35662645298076356, 0.7635613392617475, 0.055113471706814354]], "inverted": true, "swapped": false, "error_lsq": 0.04129524469539252, "error_max": 0.2190347109461818, "target": "252.xyz", "model": "1.xyz", "model_rescale": 3.9405287249114394, "target_rescale": 3.6811452892648138},
{"mapping": [7, 3, 6, 9, 8, 10, 11, 4, 2, 1, 0, 5, 12], "R": [[-0.4148397797313552, 0.4144405721456583, 0.8100289928836004], [0.5728200802174623, 0.810641819603767, -0.12139602962681097], [-0.7069548166977155, 0.4136409704914069, -0.5736863556672986]], "T": [0.047974171796978174, 0.025092110302998023, 0.007854902704429893], "aligned_model": [[0.043091880322465345, -0.0285294528564443, 0.5130402413765203, -0.00244632118945759, -0.48531676963073034, 0.06501151992468303, 0.6336077768253413, -0.6041494630942892, -0.13320432316513586, -0.23219264894554226, 0.5964583487680997, 0.34311759325648306, -0.008388929523168304], [0.6124304659794559, 0.0055703130453644695, 0.2518923919150029, -0.7783619530694665, -0.5081259506453543, -0.6415864212132453, -0.3806512715157683, 0.194097857606932, 0.006119136252173106, 0.6759284925648128, 0.4084406188437492, -0.2848380292380686, 0.024145592654776924], [-0.524986229658091, -0.5583303791738712, -0.15837047615203537, 0.05581789914271961, -0.17094398258121676, -0.5086105692261639, 0.012313356352991571, -0.18674094534287566, 0.6643486244874646, 0.36161313714943494, 0.5129677780974176, 0.5951452480618016, 0.07546271010591618]], "inverted": false, "swapped": false, "error_lsq": 0.05132217095380701, "error_max": 0.31018042467403356, "target": "252.xyz", "model": "2.xyz", "model_rescale": 3.932901565614263, "target_rescale": 3.6811452892648138},
{"mapping": [5, 4, 7, 1, 2, 0, 3, 6, 10, 12, 8, 11, 13], "R": [[-0.6772833090314807, 0.7061596352052466, 0.20646038097940364], [-0.24526632169868323, -0.4812823554491068, 0.8415531627733076], [0.6936366128945078, 0.519332132589687, 0.49916168253591126]], "T": [0.16035977717409153, -0.033262118408098645, 0.04159102019667588], "aligned_model": [[-0.1390468555890438, -0.07218621939804473, 0.5679016709609984, -0.17454543291992333, -0.4201766807716032, 0.21862816334500865, 0.5729037148056894, -0.5018170861102345, -0.3163131872735869, -0.277093970681317, 0.7959149055602422, 0.36755724148943014, 0.07837318865121042], [0.554942152774405, -0.032555776669961595, 0.3231591580163896, -0.6782714799365804, -0.41406096140594084, -0.5506954999762206, -0.33202352302095106, 0.11406481828455095, -0.004915998558045226, 0.5295362775445854, 0.16420034650427626, -0.13291244716464126, 0.04459417678849771], [-0.2433143838846918, -0.8005183937736203, -0.4238292478059778, 0.18501362896062634, -0.4190276022510825, -0.3800934826665688, 0.0767279056362059, -0.03908633807346847, 0.5755618272220607, 0.3154924516640511, 0.3512117224513884, 0.9046366279877328, 0.06691145579683681]], "inverted": false, "swapped": false, "error_lsq": 0.04828444866212427, "error_max": 0.313958544365769, "target": "252.xyz", "model": "3.xyz", "model_rescale": 3.9243930471874484, "target_rescale": 3.6811452892648138},
{"mapping": [8, 10, 4, 6, 11, 10, 3, 9, 5, 1, 2, 0, 12], "R": [[-0.9115238925581935, 0.3776107415856479, 0.1628935883781062], [-0.17792598340836363, -0.7192202714683421, 0.6716133899329071], [0.37076480108516985, 0.5832086495827555, 0.7227732239977717]], "T": [0.013132281493620453, 0.028814146196109815, -0.027394308775797873], "aligned_model": [[-0.04180199771130575, 0.1094113963268119, 0.526360465502768, -0.017727553311526596, -0.6285895892974429, 0.1094113963268119, 0.5573658759935506, -0.6103259707893589, -0.22935603275585775, -0.17966362416844012, 0.7756193142695061, 0.3335487125416422, -0.004152940858333662], [0.43860214006607745, -0.28673031800580856, 0.24777052677344566, -0.672044229398511, -0.38621197212019925, -0.28673031800580856, -0.3450525900341965, 0.31030861177544977, -0.24711250064148713, 0.4766864777049023, 0.3090699324578341, 0.018824525232778312, 0.007680957375887865], [-0.5021493971787447, -0.6505233023857676, -0.2299336974961694, 0.1439583179661901, -0.23252949115861754, -0.6505233023857676, 0.10293921923161087, -0.19987058333357344, 0.6349402009640234, 0.4945256213009418, 0.4099667656570165, 0.7603593783295365, 0.08852644175281313]], "inverted": true, "swapped": false, "error_lsq": 0.05929937517878359, "error_max": 0.42341252134124563, "target": "252.xyz", "model": "4.xyz", "model_rescale": 3.8936222436046832, "target_rescale": 3.6811452892648138},
{"mapping": [10, 2, 6, 11, 5, 1, 0, 4, 8, 9, 3, 12], "R": [[0.40857206874514107, -0.0799828126633096, -0.9092148339747773], [0.34639652313548225, 0.9352130266617467, 0.07338966904016207], [0.8444396446170473, -0.3449338261763278, 0.4098076892377617]], "T": [-0.05392804013630477, -0.03531559050036209, 0.10119014345384306], "aligned_model": [[0.08275404039256799, -0.488233308172295, -0.25709315849491426, 0.34442646657484927, -0.5558383847512908, -0.6761132685728299, -0.27204984974890906, -0.21130914140597873, 0.6491722802646317, 0.30396838720821273, 0.1411212429097154, -0.033257263988662064], [-0.6826658758155122, -0.45578660731670606, 0.13403158889958613, -0.06754728610814706, 0.43795391967223163, 0.05278062775476221, -0.5220185500077916, 0.5493074408933423, 0.11077369656263625, -0.485086041591209, 0.582825276614708, 0.014354715551906753], [-0.5846898292864419, -0.17115780554848178, -0.5560473874762832, -0.6565956110358925, -0.1647438971553564, 0.36417357265002404, 0.545782090674348, 0.4530250627563813, -0.024210691130590517, 0.2877391523012036, 0.018313515211919026, 0.10769654731468788]], "inverted": true, "swapped": true, "error_lsq": 0.05103998059335354, "error_max": 0.29010690982309617, "target": "252.xyz", "model": "5.xyz", "model_rescale": 3.6523030999806103, "target_rescale": 3.6811452892648138},
{"mapping": [2, 3, 4, 5, 0, 7, 11, 1, 8, 6, 10, 9, 12], "R": [[-0.5586434611933715, -0.29285220130648976, 0.7759865149961265], [0.040822713193092, -0.9441654179715728, -0.3269329741615552], [0.8284026734345109, -0.1509610933204604, 0.5394068584566261]], "T": [0.0484275590316908, -0.00511048323431227, 0.08988727764875207], "aligned_model": [[-0.03130785630930996, 0.02373535371253785, 0.4193268530042801, -0.4181567161879759, -0.5603077666422349, 0.2510688860986743, 0.8455694817198881, -0.5524699068498198, -0.22816568334852896, -0.13846028695441318, 0.5784112770907709, 0.4939045584779481, 0.01695125825700873], [0.6207315073300324, -0.21016417278567337, 0.26103564530491347, -0.4942820060667076, -0.40917446087591425, -0.6196851853350225, -0.30008895302817973, 0.2368388413687784, -0.13498742509364284, 0.49473623470339556, 0.483257033964801, -0.25649367402515927, -0.08666214228125715], [-0.33222135836332367, -0.5734256065513293, -0.25757718660785967, 0.1730369340179645, -0.5834160238044664, -0.12932149909054483, -0.1384139720018168, -0.16062744410374238, 0.6901632649323981, 0.4611697222400435, 0.3886973651693051, 0.6007880601230147, 0.030833915303849296]], "inverted": true, "swapped": false, "error_lsq": 0.05517148875512406, "error_max": 0.3542322739766512, "target": "252.xyz", "model": "6.xyz", "model_rescale": 4.08911054899281, "target_rescale": 3.6811452892648138},
{"mapping": [9, 1, 11, 7, 2, 13, 12, 0, 4, 8, 10, 5, 14], "R": [[0.022891569946527208, -0.49569741974150944, -0.868193552203075], [0.8222468664091305, 0.5033100292731832, -0.2656861025973951], [0.5686704376928251, -0.7077874557341616, 0.41910720680944324]], "T": [0.030784682265782345, -0.026735977975494617, 0.058021149255243], "aligned_model": [[-0.10434158607422764, -0.14442196610493133, 0.4915514693938953, -0.11301624834517207, -0.4267461626793242, 0.3382891931576613, 0.6729172875047569, -0.8392817256166366, -0.17428545101909015, 0.08074961681732223, 0.623574198389744, 0.25897259499470293, 0.03613823165012475], [0.6546628025297204, 0.05176207215901916, 0.18484354398815314, -0.7678586031496814, -0.5343876240725045, -0.5096238975242643, -0.3354289125464675, 0.11606534332465152, 0.13764356445723458, 0.5904024801330369, 0.23681901212811454, -0.3393136359717154, 0.09947509772506696], [-0.30528850027019977, -0.6498536598368561, -0.2377137602877925, 0.22933230285534162, -0.36987472058935816, -0.3982186509448609, 0.07741979472769057, -0.26946688352367504, 0.7120663282500783, 0.34401520885031345, 0.3717316133252024, 0.714318881835011, -0.048781783127403]], "inverted": true, "swapped": false, "error_lsq": 0.051095934124804246, "error_max": 0.27150701307993136, "target": "252.xyz", "model": "7.xyz", "model_rescale": 3.964800864290218, "target_rescale": 3.6811452892648138},
{"mapping": [8, 12, 7, 6, 11, 4, 2, 10, 3, 5, 1, 0, 13], "R": [[0.6979683973774178, -0.15342165086084888, -0.69950118892646], [0.16110538430022622, -0.918103535712333, 0.36212008072183666], [-0.6977715753825715, -0.3654417802600639, -0.6160901994257657]], "T": [0.058723400724029956, -0.05455232878583329, 0.024855405316444788], "aligned_model": [[-0.01662851667263701, 0.18277501085529443, 0.601921248494247, -0.1847760430189395, -0.457960368129272, 0.16750082136783287, 0.6435984786153769, -0.7057934016110333, -0.2117952344654391, -0.3291626078874843, 0.6071315640005684, 0.3768658549195767, 0.026422645600733846], [0.6551358999229921, -0.062243300148824586, 0.2494178212057048, -0.5572343970615584, -0.4912675522225328, -0.6928759207884668, -0.36508429902275125, 0.24620980237987952, -0.15407776460693207, 0.6090186420405772, 0.3949757607182847, -0.25932749116019504, 0.012414041924186901], [-0.26101569847695477, -0.7202801422666133, -0.3206752171378302, 0.18145866936110744, -0.45415505502430964, -0.25046960201993745, 0.034843722314859354, 0.011063653750374412, 0.6903454888956476, 0.35392794134506, 0.2704014791413503, 0.6331414270494217, 0.001099504331316916]], "inverted": false, "swapped": false, "error_lsq": 0.04197628175147429, "error_max": 0.23075681731660722, "target": "252.xyz", "model": "8.xyz", "model_rescale": 4.121658175737393, "target_rescale": 3.6811452892648138},
{"mapping": [8, 11, 7, 0, 3, 10, 5, 2, 1, 6, 9, 4, 12], "R": [[0.37667167229571924, 0.2112234215256806, -0.9019440766970708], [-0.7348484231435923, 0.6609560354145931, -0.15210165762541616], [0.5640179485560035, 0.720084568261262, 0.40418061341270406]], "T": [0.07545259928878698, -0.006223802466885517, -0.039259394536066305], "aligned_model": [[-0.2020548299233614, 0.06483469794607499, 0.5778553174645094, -0.14252295044601485, -0.44782169848701636, 0.1914855665696309, 0.5402820792550174, -0.6181176933536957, -0.30733043360417356, 0.03640786612331523, 0.6798042858657267, 0.2961688268674536, 0.031108417791359352], [0.6174589550909043, 0.03856053221966571, 0.3001042310203271, -0.6578439999907013, -0.38587788448761207, -0.642222076373609, -0.4056477712973135, 0.017149378306772364, -0.037762752958028986, 0.5923757417484551, 0.3721912620111796, -0.2135118591325007, -0.00991251297717386], [-0.29335146915563304, -0.6724368563043004, -0.3693587053240597, 0.3437576038061906, -0.4917312486466415, -0.43740933700377027, 0.0389195921153975, -0.011684143980019157, 0.5329417589446959, 0.3076356105752741, 0.3905671925227353, 0.7952727655188712, 0.036563408194751484]], "inverted": true, "swapped": false, "error_lsq": 0.046401743251387934, "error_max": 0.31436290931152977, "target": "252.xyz", "model": "9.xyz", "model_rescale": 3.833441315466971, "target_rescale": 3.6811452892648138},
{"mapping": [1, 12, 6, 8, 10, 11, 7, 13, 2, 5, 4, 3, 14], "R": [[-0.07548345091972553, 0.6369995227355636, -0.7671596031282629], [-0.5193241544509042, -0.6818906138131806, -0.5150996150234798], [-0.8512371416010364, 0.359523015714082, 0.38228069521066477]], "T": [0.051639795135087804, -0.03318044762448765, -0.052141756997817854], "aligned_model": [[-0.01517375931408639, 0.21357493136855488, 0.5771131495062101, -0.3095055078419973, -0.5119769383563837, 0.20944453795934997, 0.4974213263392652, -0.6525093678220771, -0.22970828487063116, -0.17733613287367572, 0.5468509409293344, 0.4806293526193835, 0.07127520442557891], [0.585492870193122, 0.007186968703180953, 0.34654775008360916, -0.711689572790393, -0.4467248202129639, -0.6149789220191092, -0.5064542219233646, 0.18327372668487943, -0.0385347873262537, 0.5131481949595562, 0.46448223791992577, -0.12061922843043316, -0.07606895266139191], [-0.4501219169005988, -0.6310783171344617, -0.25441340047815586, 0.07731402534089117, -0.4846592400533322, -0.37143046550131326, 0.09347670948212632, 0.25283051739024687, 0.6092694946838332, 0.2742479489547627, 0.32602533912254883, 0.6979544161214896, 0.03027106023545513]], "inverted": false, "swapped": false, "error_lsq": 0.05208688117212261, "error_max": 0.4491681890934242, "target": "252.xyz", "model": "10.xyz", "model_rescale": 4.2482417240324, "target_rescale": 3.6811452892648138},
{"mapping": [5, 1, 7, 0, 3, 8, 4, 9, 2, 11, 6, 12], "R": [[0.30616590935918453, -0.9329324390159068, -0.18947163423081323], [0.16321519966062992, 0.24752388209359522, -0.955035458186269], [0.9378823138038185, 0.2614746489148565, 0.22805212875316078]], "T": [0.054773509976156515, 0.06100976689552419, -0.06264255154199803], "aligned_model": [[-0.6349214467753256, -0.11321235719946829, 0.48061569845812446, 0.5769235459943944, -0.39669415945203135, 0.13927522363040784, -0.28310994088065133, 0.6326547229018883, 0.08442445722154973, -0.15282751293994762, -0.4833361875985014, 0.026973559002567614], [-0.20507227432845543, -0.5783615481896833, -0.05156315801494808, -0.3953769725663662, 0.40232706392579654, 0.7788418683619719, -0.07486784675296031, 0.22731502331351822, -0.33580220654334425, 0.6754073325848153, 0.13473638408887004, 0.08854772417142473], [-0.07448109938063635, 0.10173736226353315, 0.6150276532307493, -0.028155190309431824, 0.2639923151399234, 0.03219438298619916, 0.5354483763776048, -0.12247322526038812, -0.5929739820787504, -0.6224477779249586, -0.5175250021211018, -0.025151523068386424]], "inverted": true, "swapped": true, "error_lsq": 0.05357276593923791, "error_max": 0.3224192440941567, "target": "252.xyz", "model": "11.xyz", "model_rescale": 3.6694154284099745, "target_rescale": 3.6811452892648138},
{"mapping": [0, 1, 12, 8, 3, 2, 10, 4, 11, 6, 7, 9, 13], "R": [[-0.9163009738291015, 0.1577898283194087, 0.36809631272096777], [-0.2603336972261131, -0.9331099828596567, -0.2480566991158154], [0.30433352008680126, -0.32312246899060304, 0.8960875953750247]], "T": [0.12466903125647742, 0.08100842811957387, 0.04397710746888177], "aligned_model": [[-0.1356881803224314, -0.13559053210922728, 0.6154919183577129, -0.07939796413118456, -0.4684837015353196, 0.2046392583208474, 0.6729039704143099, -0.600987744901816, -0.3166881916687515, -0.09031024458443866, 0.6541620798983454, 0.31746715473473286, 0.06258162959604593], [0.6026505564477485, -0.08731779235765594, 0.1709274259819531, -0.6281330378549962, -0.4467474895928538, -0.4404474219108282, -0.23520750761443365, 0.11306332611420396, -0.0467366469557996, 0.5274683098957422, 0.26831503473054863, -0.34989585998824346, 0.1371223462849791], [-0.36935263590505707, -0.7436806464306822, -0.4172993471519047, 0.21152678350551196, -0.2890280388944406, -0.34073334552747375, 0.09851810840318996, -0.0977034362920693, 0.6218297240354174, 0.3165799658122882, 0.5305145315478178, 0.6934666339153424, -0.04495212575444789]], "inverted": false, "swapped": false, "error_lsq": 0.04519007255720297, "error_max": 0.22842993444785917, "target": "252.xyz", "model": "12.xyz", "model_rescale": 3.9764082729961374, "target_rescale": 3.6811452892648138},
{"mapping": [4, 0, 7, 12, 9, 1, 8, 5, 13, 6, 3, 11, 15], "R": [[0.9511113576249007, -0.25384483302991306, -0.1759260814687063], [-0.22672762361644572, -0.9606619272656928, 0.16038468191010133], [-0.20971831128005403, -0.11265639017020132, -0.9712501056204123]], "T": [0.03804560660119204, -0.0818936100050241, 0.050543659057486506], "aligned_model": [[-0.06668622544566216, 0.012968828822974766, 0.4861488203235606, -0.33256824740900354, -0.3178084772890936, 0.14087780368975614, 0.6989145609815673, -0.6811147415262699, -0.21973925723660587, -0.3542106161405906, 0.7582663731633668, 0.4939141215045678, 0.0811365086302577], [0.5569548360731529, 0.048215100652656745, 0.300099206201741, -0.5800143619254269, -0.29971191783273887, -0.6727375023184212, -0.3267983964793689, 0.18285385541004678, -0.15102322332701684, 0.4549007145884854, 0.2892282122191893, -0.23357700500642392, 0.016671724924488443], [-0.26053129666675057, -0.6632846201032085, -0.42307928922637783, 0.19797032784651566, -0.3823791773363663, -0.15838602389562836, 0.10464271031251338, -0.28936968147536457, 0.6012237900999808, 0.4269021510618234, 0.2785657803422079, 0.682778380936988, 0.05463311936715905]], "inverted": true, "swapped": false, "error_lsq": 0.04558882049995115, "error_max": 0.27437017501031197, "target": "252.xyz", "model": "13.xyz", "model_rescale": 4.170626492500431, "target_rescale": 3.6811452892648138},
{"mapping": [12, 4, 8, 3, 6, 2, 0, 5, 9, 10, 7, 1, 13], "R": [[0.7418960398216925, -0.45917529460730727, -0.4886187828145602], [0.6578507553560226, 0.3575005037582002, 0.6628919772407447], [-0.12970215794041545, -0.8132351681001786, 0.56729702237071]], "T": [0.06271722215438909, -0.08109370706077501, 0.010005048066580606], "aligned_model": [[-0.19804327507145925, 0.20021466845825597, 0.45475871474884605, -0.2170312837420051, -0.6145277312671215, 0.23042665009319052, 0.614468289177143, -0.7182083070664961, -0.15549963518611376, 0.036879039736631467, 0.703905146724852, 0.4015702687984808, -0.038813093335378884], [0.540228109525073, 0.061211615316361545, 0.5016184497702528, -0.6492475764823736, -0.45489606928322185, -0.6050489475540343, -0.3041801289524212, 0.16780970326226988, 0.05745831740018881, 0.4128079173836905, 0.2739500824646907, -0.3384821143033465, -0.07816811536676559], [-0.27577333548816435, -0.6711019758849236, -0.23146193346622754, 0.28279720070276565, -0.32029834896727055, -0.3509334799079697, 0.05076795933058971, -0.3842312243600761, 0.7777883366018818, 0.28152277985456914, 0.35677839737881795, 0.6501177650879623, 0.003714030381537158]], "inverted": false, "swapped": false, "error_lsq": 0.04780706493040348, "error_max": 0.2574995858478566, "target": "252.xyz", "model": "14.xyz", "model_rescale": 3.9786697098870705, "target_rescale": 3.6811452892648138},
{"mapping": [9, 7, 2, 10, 1, 5, 8, 3, 6, 11, 4, 12], "R": [[-0.990022207083251, 0.09926476808983327, 0.10001267568703703], [0.1382823292432527, 0.5479426811839804, 0.8250071609119353], [0.027092930832036052, 0.8306053960533742, -0.5562019859241317]], "T": [-0.031226038874821248, 8.14177603286198e-05, -0.11996981565216826], "aligned_model": [[-0.25688943713139106, -0.7778201549648625, 0.515315021909702, 0.6259058333828087, 0.042491519037799165, 0.3270560070804959, -0.3166189048766155, -0.210744654460181, 0.5749548440442903, 0.4044872040936273, -0.3856977921334054, -0.059084889214931116], [-0.49350654248202824, 0.11722625288599758, -0.013119377726880307, -0.68499567760153, 0.583518742363788, 0.5933554206446401, -0.4610441530117088, 0.21800915850083985, 0.0803147760918007, -0.5151580501697283, 0.5726662763150056, 0.01740766441424319], [-0.3857343736230392, -0.4065452032447843, -0.4950817389859773, -0.2037719392246785, -0.4637754236666469, 0.1374770143787611, 0.36719712665035686, 0.46934457955410835, 0.23783327257622433, 0.407900154620329, 0.07196003145127076, -0.07683700661209412]], "inverted": true, "swapped": true, "error_lsq": 0.06328711320383452, "error_max": 0.34825724428946614, "target": "252.xyz", "model": "15.xyz", "model_rescale": 3.769337070930944, "target_rescale": 3.6811452892648138},
{"mapping": [2, 11, 1, 5, 0, 9, 7, 8, 4, 3, 12], "R": [[-0.7722767465485659, 0.6217224005680084, 0.13057520198075673], [-0.29183521478584873, -0.16462372975604472, -0.942194902879498], [-0.5642879000574619, -0.7657416563261803, 0.30857556872762676]], "T": [-0.0245897094778975, 0.001232041049644618, -0.07282302876267636], "aligned_model": [[-0.320198507010787, -0.4375103378781183, -0.14038680912574913, -0.636838470692251, 0.38878847690886476, 0.44581050050866466, 0.6832240838708393, 0.16647293667069807, -0.0038200954150018826, -0.1975514738815386, -0.025364173264450077], [0.03409138011743188, -0.7445293935986137, 0.6482162615115836, 0.37827535002258533, 0.2631479812616117, -0.30580535712041657, 0.34946930430019446, -0.5513479128457942, 0.511469767967067, 0.007511196862747628, 0.0055659191469447054], [-0.6653819286277817, 0.012622170981698863, -0.2518150296276619, 0.09924885968950871, -0.5654054172397318, -0.29561333970981724, 0.10319282785196897, 0.3625710105357029, 0.40630826376084855, 0.5573005227571359, -0.018810333148094334]], "inverted": false, "swapped": true, "error_lsq": 0.045874094360477756, "error_max": 0.3272935192419793, "target": "252.xyz", "model": "16.xyz", "model_rescale": 3.7852294659196426, "target_rescale": 3.6811452892648138},
{"mapping": [9, 0, 10, 1, 3, 4, 5, 8, 2, 11, 6, 7, 12], "R": [[0.7147603087498036, -0.6931062309406057, -0.09338872344771174], [-0.6919596795528313, -0.7202406573102744, 0.049448937606449764], [-0.10153572232977093, 0.029277093239790802, -0.9944010000509855]], "T": [-0.0015286021629809868, -0.07225125314998979, 0.008841129213650954], "aligned_model": [[-0.10921023820180772, -0.14302935739125597, 0.5974620389071128, -0.023560722724944534, -0.6029219117532428, 0.40653484672940243, 0.525838108775516, -0.512162159827268, -0.3689148671811723, -0.09606059189412625, 0.7480875709542723, 0.2530046953734404, 0.025032040302898663], [0.6519881905789254, -0.12151872242988677, 0.38344780088677366, -0.7227127131522825, -0.5460823303867844, -0.44696639781843783, -0.44696741606894774, 0.3180582188948464, -0.1920715152485079, 0.518750727266007, 0.2403088953532799, -0.06442266706229247, 0.013249172367671258], [-0.4506626019127396, -0.6569647047043942, -0.27891512065692425, 0.23393806158345978, -0.2063461580206238, -0.43258776327499376, 0.12580762014839414, -0.09659983565135682, 0.48292704768929456, 0.4327661656235258, 0.3662973957283713, 0.6619709163628242, -0.011944851651345675]], "inverted": true, "swapped": false, "error_lsq": 0.05363117635336153, "error_max": 0.271580619032605, "target": "252.xyz", "model": "17.xyz", "model_rescale": 3.901054581598922, "target_rescale": 3.6811452892648138},
{"mapping": [11, 6, 7, 8, 4, 1, 0, 10, 5, 9, 3, 2, 14], "R": [[-0.4448484027557341, -0.3236160800088972, 0.8350943248072922], [-0.5799899335428096, -0.6064065104697888, -0.5439511200915587], [0.6824379646199934, -0.7263220888968812, 0.08206489886541907]], "T": [0.05114394841869107, 0.002198306399666554, 0.05377388173879802], "aligned_model": [[-0.11820937330224285, 0.04849559034176921, 0.5382057146415263, -0.16278087243372935, -0.46030598636651665, 0.2962648111048156, 0.7177275457485095, -0.7299894017881955, -0.2625954227278939, -0.29990542582774904, 0.7283865451303652, 0.3510854690043992, 0.0537202585437677], [0.6472411589170979, 0.1085391783653307, 0.13324246888080332, -0.5763520329241435, -0.504747148478938, -0.4635464148702455, -0.35996109004099547, 0.15981302896072036, 0.0009917524694951982, 0.49673567309963074, 0.18393623530866982, -0.2977599429617213, 0.05692837645466015], [-0.3843701125883374, -0.6894692483466534, -0.37666227747735537, 0.2985879500262163, -0.2733335010821032, -0.4030446453822658, 0.057149950467215195, -0.13972556672405498, 0.5938222112573507, 0.3114301471641546, 0.35662645298076356, 0.7635613392617475, 0.055113471706814354]], "inverted": true, "swapped": false, "error_lsq": 0.04129524469539252, "error_max": 0.2190347109461818, "target": "252.xyz", "model": "18.xyz", "model_rescale": 3.9405287249114394, "target_rescale": 3.6811452892648138},
{"mapping": [2, 10, 1, 13, 11, 14, 12, 5, 7, 8, 0, 4, 15], "R": [[0.5151602406419455, 0.8289486143510244, -0.21783966862637613], [-0.11232910701089663, 0.3172674244410695, 0.9416599986760957], [0.8497011816985234, -0.4606360560725213, 0.2565586203308825]], "T": [0.11444649486670024, -0.07804893644666619, 0.0444392637399553], "aligned_model": [[-0.1110614034833378, -0.045437852906765816, 0.5745047474482953, -0.12425787503865988, -0.45925201194696885, 0.1648919139464181, 0.5837443167068191, -0.5275585348349422, -0.20076434094504741, -0.15872380324280755, 0.43971327656940207, 0.4620400433139695, 0.10226097648245039], [0.49912523571465794, -0.1234685498908123, 0.3438541019795698, -0.6999658206209426, -0.35090058041294614, -0.6845869673467184, -0.36062878745374405, 0.4388119460911243, -0.16797420490495485, 0.4955472339578767, 0.39537924258013524, -0.1394232209343454, -0.06070838557853587], [-0.5649386533071635, -0.7238563115422166, -0.1697187488995858, 0.13144189783232962, -0.2956125052077756, -0.43441962867193706, 0.05131272213659763, -0.06486312735427963, 0.6674810954181396, 0.45509432223060897, 0.42225077491991503, 0.6848117732198199, 0.01070256048903978]], "inverted": true, "swapped": false, "error_lsq": 0.048115802673805524, "error_max": 0.3137042809924624, "target": "252.xyz", "model": "19.xyz", "model_rescale": 4.410303926677745, "target_rescale": 3.6811452892648138},
{"mapping": [8, 12, 7, 6, 11, 4, 2, 10, 3, 5, 1, 0, 13], "R": [[0.6979683973774178, -0.15342165086084888, -0.69950118892646], [0.16110538430022622, -0.918103535712333, 0.36212008072183666], [-0.6977715753825715, -0.3654417802600639, -0.6160901994257657]], "T": [0.058723400724029956, -0.05455232878583329, 0.024855405316444788], "aligned_model": [[-0.01662851667263701, 0.18277501085529443, 0.601921248494247, -0.1847760430189395, -0.457960368129272, 0.16750082136783287, 0.6435984786153769, -0.7057934016110333, -0.2117952344654391, -0.3291626078874843, 0.6071315640005684, 0.3768658549195767, 0.026422645600733846], [0.6551358999229921, -0.062243300148824586, 0.2494178212057048, -0.5572343970615584, -0.4912675522225328, -0.6928759207884668, -0.36508429902275125, 0.24620980237987952, -0.15407776460693207, 0.6090186420405772, 0.3949757607182847, -0.25932749116019504, 0.012414041924186901], [-0.26101569847695477, -0.7202801422666133, -0.3206752171378302, 0.18145866936110744, -0.45415505502430964, -0.25046960201993745, 0.034843722314859354, 0.011063653750374412, 0.6903454888956476, 0.35392794134506, 0.2704014791413503, 0.6331414270494217, 0.001099504331316916]], "inverted": false, "swapped": false, "error_lsq": 0.04197628175147429, "error_max": 0.23075681731660722, "target": "252.xyz", "model": "20.xyz", "model_rescale": 4.121658175737393, "target_rescale": 3.6811452892648138},
{"mapping": [2, 3, 4, 5, 0, 7, 11, 1, 8, 6, 10, 9, 12], "R": [[-0.5586434611933715, -0.29285220130648976, 0.7759865149961265], [0.040822713193092, -0.9441654179715728, -0.3269329741615552], [0.8284026734345109, -0.1509610933204604, 0.5394068584566261]], "T": [0.0484275590316908, -0.00511048323431227, 0.08988727764875207], "aligned_model": [[-0.03130785630930996, 0.02373535371253785, 0.4193268530042801, -0.4181567161879759, -0.5603077666422349, 0.2510688860986743, 0.8455694817198881, -0.5524699068498198, -0.22816568334852896, -0.13846028695441318, 0.5784112770907709, 0.4939045584779481, 0.01695125825700873], [0.6207315073300324, -0.21016417278567337, 0.26103564530491347, -0.4942820060667076, -0.40917446087591425, -0.6196851853350225, -0.30008895302817973, 0.2368388413687784, -0.13498742509364284, 0.49473623470339556, 0.483257033964801, -0.25649367402515927, -0.08666214228125715], [-0.33222135836332367, -0.5734256065513293, -0.25757718660785967, 0.1730369340179645, -0.5834160238044664, -0.12932149909054483, -0.1384139720018168, -0.16062744410374238, 0.6901632649323981, 0.4611697222400435, 0.3886973651693051, 0.6007880601230147, 0.030833915303849296]], "inverted": true, "swapped": false, "error_lsq": 0.05517148875512406, "error_max": 0.3542322739766512, "target": "252.xyz", "model": "21.xyz", "model_rescale": 4.08911054899281, "target_rescale": 3.6811452892648138},
{"mapping": [11, 15, 9, 4, 2, 14, 12, 1, 0, 8, 10, 7, 16], "R": [[-0.7054029599668151, -0.704063028991287, 0.08186522630317859], [0.7037727470480071, -0.6819658796951479, 0.19906395817456576], [-0.08432428228309007, 0.1980348205221437, 0.9765611221414687]], "T": [0.07938973378543646, -0.02924939717717156, 0.03842598048892504], "aligned_model": [[-0.14955635670041373, -0.14218633283487972, 0.6916871772711128, -0.2841412928837048, -0.46339799240429724, 0.3809854499078869, 0.7316469778972843, -0.672976059914217, -0.3667687095396629, -0.20430724649380383, 0.7344676532487198, 0.37727443187428894, 0.06737175264051151], [0.5564702702669401, -0.03350147340861872, 0.1616581089376845, -0.6029228563774249, -0.3864306833221905, -0.3790678236012762, -0.3729387882515574, 0.20816381139382495, -0.19362937812278752, 0.5901450029077738, 0.27454449168986134, -0.17632901406969811, -0.06110042486216722], [-0.39793303348792847, -0.656119183228284, -0.2717252348439023, 0.196654109233009, -0.27630698966009143, -0.40709582424998253, 0.07594392287147742, -0.04863182865393478, 0.6499824075611271, 0.16737798157430628, 0.39858927919332926, 0.6672570237340043, 0.07169354122036213]], "inverted": true, "swapped": false, "error_lsq": 0.03886472622203803, "error_max": 0.2282629050487894, "target": "252.xyz", "model": "22.xyz", "model_rescale": 4.204369325754507, "target_rescale": 3.6811452892648138},
{"mapping": [2, 10, 1, 13, 11, 14, 12, 5, 7, 8, 0, 4, 15], "R": [[0.5151602406419455, 0.8289486143510244, -0.21783966862637613], [-0.11232910701089663, 0.3172674244410695, 0.9416599986760957], [0.8497011816985234, -0.4606360560725213, 0.2565586203308825]], "T": [0.11444649486670024, -0.07804893644666619, 0.0444392637399553], "aligned_model": [[-0.1110614034833378, -0.045437852906765816, 0.5745047474482953, -0.12425787503865988, -0.45925201194696885, 0.1648919139464181, 0.5837443167068191, -0.5275585348349422, -0.20076434094504741, -0.15872380324280755, 0.43971327656940207, 0.4620400433139695, 0.10226097648245039], [0.49912523571465794, -0.1234685498908123, 0.3438541019795698, -0.6999658206209426, -0.35090058041294614, -0.6845869673467184, -0.36062878745374405, 0.4388119460911243, -0.16797420490495485, 0.4955472339578767, 0.39537924258013524, -0.1394232209343454, -0.06070838557853587], [-0.5649386533071635, -0.7238563115422166, -0.1697187488995858, 0.13144189783232962, -0.2956125052077756, -0.43441962867193706, 0.05131272213659763, -0.06486312735427963, 0.6674810954181396, 0.45509432223060897, 0.42225077491991503, 0.6848117732198199, 0.01070256048903978]], "inverted": true, "swapped": false, "error_lsq": 0.048115802673805524, "error_max": 0.3137042809924624, "target": "252.xyz", "model": "23.xyz", "model_rescale": 4.410303926677745, "target_rescale": 3.6811452892648138},
{"mapping": [5, 15, 4, 11, 14, 9, 10, 6, 7, 0, 3, 1, 16], "R": [[0.16349125458688357, -0.9736647889677166, -0.15889458265799827], [-0.9135483219187692, -0.08861621700475414, -0.3969592291447167], [0.3724245872562769, 0.21005724174190943, -0.9039778105677005]], "T": [-0.0169053706500195, -0.03758781921291402, -0.002139228274106869], "aligned_model": [[-0.06284055337693893, -0.15827328380991174, 0.5192913312156369, -0.039612982474710616, -0.45325573981116607, 0.1527775421438366, 0.5590162808224629, -0.6459927341052499, -0.29008883057012674, 0.0005653764261931565, 0.6998910310311668, 0.34939210855381675, 0.06922990602381608], [0.5002629583934974, -0.09154801128289042, 0.3266139771441993, -0.6376200375479371, -0.46303391963645574, -0.4966822735003978, -0.3408540644057874, 0.19021031599690155, -0.08198110951755574, 0.5422335382434991, 0.3409944590876783, -0.20893279359723796, 0.005398203802850721], [-0.32495269367472457, -0.6995756781642297, -0.2339463063148662, 0.19827830572911667, -0.29666250576158915, -0.39311234087477454, -0.013443305743743035, -0.36304806509536713, 0.602286887710556, 0.4814802270005639, 0.3878984131500228, 0.754697878409021, 0.06978535489350565]], "inverted": false, "swapped": false, "error_lsq": 0.041056109738610035, "error_max": 0.2503702345980543, "target": "252.xyz", "model": "24.xyz", "model_rescale": 4.28219845311461, "target_rescale": 3.6811452892648138},
{"mapping": [14, 10, 12, 1, 8, 5, 9, 6, 4, 2, 13, 7, 15], "R": [[-0.5904605755086656, 0.44531868226001886, -0.6730880923030627], [-0.3648798243303529, -0.8911888313381378, -0.2695276993090243], [-0.7198743102560521, 0.08645078442886078, 0.6886996727928716]], "T": [0.08424118400938826, -0.06685858250590335, 0.08265975782470672], "aligned_model": [[0.037310976179849215, -0.14517303261988843, 0.6762517822420125, -0.274692927574561, -0.34026907647498184, 0.11675063086871908, 0.6721956366590789, -0.7062475022419394, -0.1336033644677731, -0.21205158023563556, 0.4133613364153068, 0.5771611418018293, 0.019105431516808394], [0.5599621177192183, 0.07652279194092296, 0.3223118995083598, -0.5932424922848512, -0.35985669679193244, -0.7660740532909106, -0.39978437383693277, 0.21279341708081975, -0.13109306796028014, 0.5157037240857661, 0.3513230390294577, -0.14563553552538977, -0.05786952649388395], [-0.34750066603712837, -0.6633400528307604, -0.20455042260429682, 0.14561753664465155, -0.38197902735916867, -0.40243976000018555, 0.06412160918790016, -0.24767269743335482, 0.7776894382002323, 0.2866494173238002, 0.346706181067601, 0.6796271879522546, 0.1167574271519464]], "inverted": true, "swapped": false, "error_lsq": 0.04546566807804541, "error_max": 0.3518229271283132, "target": "252.xyz", "model": "25.xyz", "model_rescale": 4.100010024507729, "target_rescale": 3.6811452892648138},
{"mapping": [5, 1, 7, 0, 3, 8, 4, 9, 2, 11, 6, 12], "R": [[0.30616590935918453, -0.9329324390159068, -0.18947163423081323], [0.16321519966062992, 0.24752388209359522, -0.955035458186269], [0.9378823138038185, 0.2614746489148565, 0.22805212875316078]], "T": [0.054773509976156515, 0.06100976689552419, -0.06264255154199803], "aligned_model": [[-0.6349214467753256, -0.11321235719946829, 0.48061569845812446, 0.5769235459943944, -0.39669415945203135, 0.13927522363040784, -0.28310994088065133, 0.6326547229018883, 0.08442445722154973, -0.15282751293994762, -0.4833361875985014, 0.026973559002567614], [-0.20507227432845543, -0.5783615481896833, -0.05156315801494808, -0.3953769725663662, 0.40232706392579654, 0.7788418683619719, -0.07486784675296031, 0.22731502331351822, -0.33580220654334425, 0.6754073325848153, 0.13473638408887004, 0.08854772417142473], [-0.07448109938063635, 0.10173736226353315, 0.6150276532307493, -0.028155190309431824, 0.2639923151399234, 0.03219438298619916, 0.5354483763776048, -0.12247322526038812, -0.5929739820787504, -0.6224477779249586, -0.5175250021211018, -0.025151523068386424]], "inverted": true, "swapped": true, "error_lsq": 0.05357276593923791, "error_max": 0.3224192440941567, "target": "252.xyz", "model": "26.xyz", "model_rescale": 3.6694154284099745, "target_rescale": 3.6811452892648138},
{"mapping": [4, 0, 2, 7, 5, 1, 6, 8, 9, 10, 11, 12, 13], "R": [[-0.06987982494739181, 0.9699958678429585, -0.2328622477622928], [0.6167643053101881, -0.1414578423061446, -0.774332919709172], [-0.784039923575683, -0.19773137135435914, -0.5883737783261263]], "T": [-0.013150377938578303, -0.05828001456038295, 0.05391430264006518], "aligned_model": [[-0.2006803089339021, 0.14259476588482, 0.5585847599273753, -0.37920955013041585, -0.4065887043004577, 0.20505504732777552, 0.5536094416829703, -0.6083926196538038, -0.18539574386665708, -0.11030081066981466, 0.5037446333676837, 0.5929124217845587, 0.03416611964869262], [0.5804610543252273, -0.022962651929901517, 0.2530502540249058, -0.5519057197202445, -0.4191305731553747, -0.7414103078271796, -0.44113595778235476, 0.17258764616108097, -0.008064736708531528, 0.5133874169718537, 0.43153126998843644, -0.14942263390990834, -0.031923817257644774], [-0.42813646438420117, -0.5875133840132297, -0.14184586234580132, 0.1897924479692522, -0.5300134817925612, -0.46122261945084736, -0.004352887154495638, 0.08119047064221169, 0.711693517313892, 0.214066920595894, 0.5325372461566985, 0.5580112368573934, 0.035479030869286485]], "inverted": true, "swapped": false, "error_lsq": 0.04775728821250866, "error_max": 0.30657965300510787, "target": "252.xyz", "model": "27.xyz", "model_rescale": 4.103607728864725, "target_rescale": 3.6811452892648138},
{"mapping": [11, 13, 10, 2, 4, 12, 3, 8, 1, 7, 9, 0, 14], "R": [[-0.7977708041811123, -0.6029103731209363, -0.0077991011914872455], [-0.32573158817246095, 0.4200509839717915, 0.8470278055241022], [-0.5074058301427644, 0.6782744671941466, -0.5314913646425771]], "T": [0.17735871514204332, 0.11655549392366418, -0.04589863108426542], "aligned_model": [[-0.03881232704681248, -0.15800377582894876, 0.641516136403164, -0.013641499974519189, -0.5570916897670539, 0.31934959129678153, 0.5913055632906157, -0.6301762380392621, -0.30846035373558467, -0.33483701171880703, 0.7724897976623741, 0.29300453336254995, 0.12345672616432833], [0.6256072241359755, -0.0334742881702805, 0.21892251721407896, -0.5861632328719554, -0.40187593323583837, -0.6037380896782463, -0.4811393255334816, 0.24484942405369178, -0.1771021780434043, 0.5135044221225036, 0.4327233625451675, -0.19428565855055954, 0.02723299919271284], [-0.45357209103244944, -0.5796547524433331, -0.229893623235244, 0.05910620246282186, -0.16174657106052137, -0.4912180239198608, 0.14102317681615462, -0.10679151809808904, 0.6473587786017941, 0.2705951782559196, 0.4188387135766801, 0.5863161770610775, 0.06932452427854136]], "inverted": false, "swapped": false, "error_lsq": 0.0447935270022627, "error_max": 0.23583154663014677, "target": "252.xyz", "model": "28.xyz", "model_rescale": 4.137296879288765, "target_rescale": 3.6811452892648138},
