[{"mapping": [4, 8, 11, 5, 1, 2, 9, 6, 10, 7, 0, 13], "R": [[0.3951783050881793, 0.9170556804859087, -0.05331965937776906], [-0.02964215497792358, -0.04528358837195054, -0.998534295491359], [-0.9181260533477409, 0.3961796000713404, 0.009288414903210307]], "T": [-0.10408294637662611, -0.08644773255376136, -0.03076364688909556], "aligned_model": [[-0.30713645825926067, 0.059368840702673134, 0.6378021261853557, -0.17146243832495656, -0.1487733417526868, -0.5023143660231244, 0.4763876552719261, -0.3425962830178831, 0.5920946105015616, 0.1567054880227965, -0.5539075058093127, -0.05852586503653967], [-0.24149209942138433, -0.6220849942721194, -0.4551609286363234, 0.5405325988768159, 0.39380963684862413, -0.687583164160032, -0.3313400344166044, -0.35837068930976046, 0.32195674671467295, 0.2944471256595066, 0.25826123355610153, -0.05942039546244021], [-0.5637078007110852, -0.12785596959701817, -0.4745299954649065, -0.006288290047130739, -0.6815467489200778, 0.050355291907162515, 0.39209970206598843, 0.6503463918725921, 0.037828194563103955, 0.5232489139946858, 0.4360478755122578, -0.0540458198220103]], "inverted": false, "swapped": true, "error_lsq": 0.046940903144807235, "error_max": 0.25520569478851074, "target": "253.xyz", "model": "0.xyz", "model_rescale": 3.751011558992144, "target_rescale": 3.8791211065836855},
{"mapping": [3, 9, 2, 13, 5, 12, 0, 7, 8, 1, 6, 4, 10, 14], "R": [[0.36394064418455396, 0.31511091883488423, -0.8765000378445897], [-0.38765261823024383, 0.9069035379426625, 0.16508004254396955], [0.8469195092154678, 0.27969819752389713, 0.4522126305313844]], "T": [0.08118324473179714, 0.07620794796935708, -0.038981357737273105], "aligned_model": [[-0.5955590176304434, 0.45415522777056716, -0.27710496760696435, -0.057356274175219296, 0.36520799874825594, -0.24074685502244283, -0.6098193582614408, -0.3715026256986398, 0.23821664045852198, -0.1737103941616471, 0.13072618094434843, 0.5698329897279037, 0.8809672063046333, 0.08263061632055355], [-0.26331602750971855, -0.3692764966867732, -0.4399894586769724, -0.6308309618319193, -0.419852138726564, -0.1468159244278584, 0.234610312949946, 0.4215964030632506, 0.08995005068540296, 0.6891437447969312, 0.7081736785058487, 0.5755173993040512, 0.17370394564630848, 0.05232441605073469], [-0.1397249427464214, -0.349827188933126, 0.4985201736640866, -0.130660035894268, 0.2126937830469244, -0.670326324685127, 0.23107162211040636, -0.3787744441850927, 0.605665770061609, 0.17320839520768286, -0.44133761551023026, 0.3318089717386921, -0.19160472874150966, -0.08828951590550826]], "inverted": true, "swapped": false, "error_lsq": 0.04084055290351391, "error_max": 0.2090552026999216, "target": "253.xyz", "model": "1.xyz", "model_rescale": 3.9405287249114394, "target_rescale": 3.8791211065836855},
{"mapping": [7, 10, 5, 8, 12, 0, 9, 11, 4, 3, 2, 6, 13], "R": [[0.8248219623207377, 0.4253493882396411, 0.3724870848734637], [-0.23207441280530064, 0.855456747514813, -0.4629635191377963], [-0.5155678397596604, 0.2954177568385843, 0.8043122226784923]], "T": [-0.06475034919979167, -0.10497861525502392, -0.02966011571004949], "aligned_model": [[-0.36579198883232594, 0.20999854348165697, -0.38658868261926005, 0.3285066090327086, 0.4972767426646824, -0.7944113853990027, 0.19363132489031443, 0.8647202117230013, 0.1702771521772662, -0.5349601419021613, -0.1396001879523532, -0.5164330450042934, -0.03064187297630141], [0.5495037728854557, 0.6078667229531102, 0.12995171656227408, -0.2714344059274052, -0.027929530096471658, -0.023678120640646033, 0.4376840876629823, 0.025556744965443717, -0.609286764750132, -0.6608614207718689, -0.6050164544657549, -0.020113145111929548, -0.07341060969304028], [0.0027150749164617967, -0.29896815470342153, -0.5190180638038213, 0.3454293623118363, -0.469100074519373, -0.03768537957871414, 0.4334682381353409, 0.018469398041956037, -0.228994807692069, -0.14951124844342112, 0.4908127596194268, 0.5896315646448442, -0.0641283193404024]], "inverted": false, "swapped": true, "error_lsq": 0.05217130061564566, "error_max": 0.34545782358991317, "target": "253.xyz", "model": "2.xyz", "model_rescale": 3.932901565614263, "target_rescale": 3.8791211065836855},
{"mapping": [4, 9, 6, 5, 12, 7, 2, 0, 10, 1, 3, 11, 8, 13], "R": [[-0.1314451905905316, -0.5126426396569643, -0.8484808105526955], [-0.18796858118183285, -0.8274910766647021, 0.5290806465263884], [-0.97333959868029, 0.22903284054002443, 0.012409012654526708]], "T": [0.06031550182441975, 0.12965292152580649, -0.0749744721946582], "aligned_model": [[-0.7012285432219747, 0.5144723391782307, -0.2353507344892552, -0.0404453467092134, 0.32302644173581513, 0.034566434349654174, -0.725247915016854, -0.46800286091387494, 0.2760197661450751, -0.2584001749412007, 0.14265653263693315, 0.7838009582527419, 0.6728509357165193, 0.07721953499538971], [-0.20114242890659567, -0.40362899969893756, -0.2555973467994861, -0.5820918576213596, -0.44208080258361176, -0.18345738323179117, 0.13014918617675564, 0.4854014884284223, 0.09671997462681393, 0.6294363766345286, 0.5493173772118112, 0.5458512154629427, 0.26669012957434457, 0.03937201386883052], [-0.3467308118161192, -0.2966609602097727, 0.4055002598580843, -0.06683159713723305, 0.35773018565684006, -0.7160996315246652, 0.2026758925095128, -0.2829960909828741, 0.6073249720845126, 0.36932884345308054, -0.3538779991707816, 0.2429193352756166, -0.45551076661187656, -0.004347712156206732]], "inverted": true, "swapped": false, "error_lsq": 0.04719759441222625, "error_max": 0.29053848445723945, "target": "253.xyz", "model": "3.xyz", "model_rescale": 3.9243930471874484, "target_rescale": 3.8791211065836855},
{"mapping": [3, 2, 0, 5, 7, 4, 1, 6, 9, 8, 10, 11, 13], "R": [[-0.7050886118828322, 0.2926100046555155, -0.6459329954172028], [-0.26946189301258844, 0.7320087779119925, 0.6257423090009686], [0.6559270825383057, 0.6152581037542622, -0.4372838073351176]], "T": [-0.012753500925445957, -0.09336380928463052, -0.10832241988088612], "aligned_model": [[-0.07268403549447042, -0.35326118017406394, 0.5548652118141734, 0.4133445288105141, 0.6616752750486457, -0.5224352531193639, -0.1932285700186212, 0.3198164063673487, 0.16166508192465873, -0.43190994533783583, 0.3225388348224551, -0.5715346762359429, -0.011645792096144768], [-0.5695654130603375, 0.12979370656642647, -0.3028948730743334, -0.523404939188937, 0.09860434602661079, -0.3900039781250365, -0.7827924314969491, 0.3266179669107111, 0.604007135116509, 0.2889156527320666, 0.048418165548279476, 0.29950173894027615, -0.09936752321369888], [-0.6687754511222843, -0.7089783916729421, -0.5242372348213779, 0.06985858548813045, 0.05994959689938778, -0.1474130477750847, 0.2767489274087733, -0.663078362161531, 0.1345431697794174, -0.14326480098413322, 0.6153067470978942, 0.5371942050952535, -0.05078362786053952]], "inverted": false, "swapped": true, "error_lsq": 0.04200745059850367, "error_max": 0.3087582580342399, "target": "253.xyz", "model": "4.xyz", "model_rescale": 3.8936222436046832, "target_rescale": 3.8791211065836855},
{"mapping": [2, 3, 6, 8, 7, 5, 1, 10, 11, 4, 9, 13], "R": [[-0.666208160231712, -0.3210101800827825, -0.6731412567388044], [0.25140506632816184, -0.9464543528377768, 0.20253308524524527], [-0.7021126546824306, -0.03430192819135402, 0.7112391987630781]], "T": [-0.12867019216963102, -0.07639219185277263, -0.04438897655179206], "aligned_model": [[0.04941890890208561, -0.4977138627324854, -0.3867500620985376, 0.3814407784932019, -0.5266263333662649, -0.6184546170954486, -0.18003459781276746, -0.08674583217043927, 0.7311154714960653, 0.12978473253087988, 0.1449724848428424, -0.11285902877403489], [-0.438072895118827, -0.6968560466116827, 0.10367220296601765, -0.09699257942220958, 0.5249826127063573, -0.0095281222196901, -0.4241147524294621, 0.5757659340368808, 0.17232788065410498, -0.5823664856607533, 0.5905414261503681, -0.05043626994129656], [-0.6477161630120029, -0.1970278012169665, -0.7484579969785111, -0.2942151233234782, -0.045208898600705406, 0.3478912655210679, 0.685414926488027, 0.43424906725162293, 0.24227876155477343, 0.11836857744143459, -0.2811399116589442, 0.004848015809200308]], "inverted": true, "swapped": true, "error_lsq": 0.04370866701450979, "error_max": 0.24126195795778138, "target": "253.xyz", "model": "5.xyz", "model_rescale": 3.6523030999806103, "target_rescale": 3.8791211065836855},
{"mapping": [11, 9, 7, 12, 5, 8, 6, 4, 2, 3, 0, 1, 13], "R": [[0.5610758011945023, 0.0987465275179581, -0.8218534349974409], [-0.8267694139428456, 0.11551878982039096, -0.550552218565175], [0.04057439442001681, 0.988384809930615, 0.14645540623640846]], "T": [0.06585537546136143, -0.018589860780980287, 0.02454083577471512], "aligned_model": [[0.24986695099710288, -0.1277586255532766, 0.1953169764789418, 0.6080800826452945, 0.5313233393295562, -0.2572468456616541, -0.5659138674209988, 0.12734134629519994, -0.595824133897954, -0.10323998494888063, -0.04449116286437656, 0.7486804554176842, 0.11494837384765585], [-0.7253075052456596, 0.06911923806892867, 0.5912860172343225, -0.45518139407828834, 0.3706474450843842, -0.4323160577198351, 0.4170433007448766, -0.49415505355183065, -0.21954244497137784, 0.07000403932870983, 0.6369899749135837, -0.25720951042252244, -0.03055114522210806], [0.6161161606955339, 0.7529311867332267, 0.3869115374378621, 0.19860602725236623, -0.1488871589770634, 0.2424542833663283, 0.10091467550700954, -0.32093879936132885, -0.19530146852263938, -0.6882179709692218, -0.28709697249351424, -0.34011460595188914, 0.0527328447651193]], "inverted": false, "swapped": true, "error_lsq": 0.047494715174827944, "error_max": 0.32464036094871257, "target": "253.xyz", "model": "6.xyz", "model_rescale": 4.08911054899281, "target_rescale": 3.8791211065836855},
{"mapping": [12, 1, 7, 13, 2, 11, 5, 10, 6, 4, 8, 3, 9, 14], "R": [[-0.024699019941218647, -0.9598723833650871, -0.2793473931630127], [-0.9708746425544772, 0.08964379787430271, -0.22218554846656274], [0.23831153320529708, 0.2657235351934387, -0.934129871048797]], "T": [0.03152061534476644, 0.045049979622122996, -0.020945097717046095], "aligned_model": [[-0.572509539434574, 0.579071988151714, -0.2772795950064971, -0.14631390824065052, 0.37663573056940947, -0.046251949178123544, -0.6262489650944327, -0.4528423234952944, 0.2442854316664625, -0.10932337007729565, 0.1037351551298173, 0.5624162642409903, 0.6201580711311268, 0.14040437735533481], [-0.23654355975800662, -0.37999671783450506, -0.3298417070754267, -0.6522911724443466, -0.5528168986654656, -0.0758294213666743, 0.2643709519492129, 0.37548217384455157, 0.05942898451294, 0.6485477672140498, 0.6698052614241624, 0.5506973714866334, 0.27763121900716653, 0.056294690848376266], [-0.2736397132271801, -0.26067172947462963, 0.5818713070610028, -0.15505222730895113, 0.3956965905252486, -0.5900414529867659, 0.29486927771521293, -0.43985082338996395, 0.4303500868433702, 0.3149163050138041, -0.2847914003045023, 0.2772527583273074, -0.48351316907440667, -0.14497189049142853]], "inverted": false, "swapped": false, "error_lsq": 0.048200851432606946, "error_max": 0.3247703326138021, "target": "253.xyz", "model": "7.xyz", "model_rescale": 3.964800864290218, "target_rescale": 3.8791211065836855},
{"mapping": [9, 7, 5, 8, 1, 12, 10, 11, 3, 6, 4, 0, 2, 13], "R": [[-0.36681748872777975, 0.15032507713271345, 0.9180671550319669], [0.4486329675167431, -0.8359367280907264, 0.3161301110082564], [0.8149683370662731, 0.5278372455729279, 0.2391954258873245]], "T": [0.07952911927923391, 0.08857031440415239, -0.0003719070050443758], "aligned_model": [[-0.4838561832061239, 0.4128487425991925, -0.2476527310004002, -0.19016688784235386, 0.6134511285845744, -0.07681458900316705, -0.6705379145006404, -0.5120193087674237, 0.08640837093164751, -0.01967235115132092, 0.1657529862131769, 0.6221179515168452, 0.6640315178679922, 0.03204663547598787], [-0.17860060161129557, -0.3910345158720149, -0.39261942213730183, -0.6298777565519704, -0.4114902443943361, -0.0821701297020768, -0.0328324305093434, 0.5221822430523884, 0.37776515576702097, 0.6535597539453912, 0.6180159207302294, 0.33697201082759043, 0.25809213907482287, 0.026976820523563712], [-0.2920454048884872, -0.4074718952724511, 0.6000272912482026, -0.046783268646127904, 0.16692010322224146, -0.7194541574573031, 0.3123497445820524, -0.3866159711706519, 0.6646707347317204, 0.08595204476867442, -0.45572472595625374, 0.3959276373647755, -0.2615768548111817, 0.006248641512907474]], "inverted": true, "swapped": false, "error_lsq": 0.04148597798325248, "error_max": 0.29149373822618446, "target": "253.xyz", "model": "8.xyz", "model_rescale": 4.121658175737393, "target_rescale": 3.8791211065836855},
{"mapping": [9, 8, 2, 6, 11, 10, 4, 5, 3, 1, 7, 0, 13], "R": [[-0.3912984006598201, -0.920201185403182, 0.010739647277530566], [-0.9144821093887094, 0.3875073903042612, -0.11644953442396154], [0.10299530692727393, -0.05538773187412367, -0.9931385431594109]], "T": [-0.013060343512302366, -0.05187271588957947, -0.052269740955827766], "aligned_model": [[-0.6056169923217851, -0.1986453617968328, 0.3588076363479625, 0.21012038051520748, -0.7676412092744119, -0.6915794760990739, 0.18598359638053835, 0.080804757679096, 0.7181002520058725, 0.05540817487830524, -0.26028696912953797, 0.4485872273353089, -0.05730452008545234], [0.33692344954957604, -0.2155656485245856, -0.04712072947805384, 0.5895590124474329, -0.5383677043782813, 0.06770007412672846, -0.6001297529877658, 0.0512933525068719, -0.14552472236408032, -0.6370563344948272, 0.5457169542347281, 0.4545195058832094, -0.07156001710924256], [-0.3232788376129458, -0.5639468918655187, -0.6753459619250959, -0.41764255517955723, -0.3301218548313673, 0.37373071057282703, -0.1476358079951197, 0.5631890148828559, -0.019092612014880238, 0.5036396155931502, 0.2667710086255534, 0.21141158392427972, -0.020601978215092784]], "inverted": false, "swapped": true, "error_lsq": 0.0436833435092162, "error_max": 0.26327416189840047, "target": "253.xyz", "model": "9.xyz", "model_rescale": 3.833441315466971, "target_rescale": 3.8791211065836855},
{"mapping": [10, 6, 13, 0, 5, 12, 8, 11, 2, 9, 7, 3, 4, 14], "R": [[0.7372265120371957, -0.07717157096813446, 0.6712239705074463], [0.03024745488371025, -0.9886898373726534, -0.1468928076833385], [0.674968266974477, 0.12859608901652703, -0.7265541166816997]], "T": [0.04351159208468862, -0.025501453398024752, -0.13254759223257107], "aligned_model": [[-0.7577814101927741, 0.5452136230786857, -0.12496648638799777, -0.17492189562587357, 0.4010477219454479, -0.0596666541832717, -0.5873524728726582, -0.37927820284806907, 0.12923579404163915, -0.09999105469217816, 0.05791440621546863, 0.5493334794627162, 0.8376036941664483, 0.05954682561040324], [-0.20380529722996948, -0.11981380492424487, -0.4167521888366034, -0.6596728035399195, -0.40275808672370433, -0.22423241075580913, 0.3416596351295972, 0.3439350383351581, 0.12157458839014235, 0.6040991181936257, 0.6171662133688149, 0.5895635200448993, 0.03174857875859612, 0.052226842932083996], [-0.17603790489865556, -0.5804647949508956, 0.5414142319886363, -0.01449475741073239, 0.30021163634952946, -0.691904645817756, 0.14087996488895338, -0.5199782943202673, 0.5657863207763878, 0.35828867084526583, -0.30771838266121654, 0.21409508609861366, -0.08724033762939609, -0.0804128740303488]], "inverted": true, "swapped": false, "error_lsq": 0.049997775983245264, "error_max": 0.3394750245312899, "target": "253.xyz", "model": "10.xyz", "model_rescale": 4.2482417240324, "target_rescale": 3.8791211065836855},
{"mapping": [11, 9, 6, 7, 4, 3, 2, 5, 10, 1, 12, 13], "R": [[-0.797737919734841, -0.031831583823931184, -0.6021635672210571], [0.19609787908244428, -0.9580209109766612, -0.20914482052112934], [-0.5702278783403137, -0.28492575243861057, 0.7704917146607069]], "T": [0.02039508664871441, 0.09467049231202485, 0.05751454743905903], "aligned_model": [[-0.7592172899179656, -0.012280571267948431, 0.41102878719485364, 0.5732097857572839, -0.3939388872846043, 0.20875876392304038, -0.17382004296236037, 0.4516418044086621, 0.1077575274840719, -0.1296304360106441, -0.4132104501428072, 0.006466611181425157], [-0.33301868271207813, -0.6616463990815774, -0.16639479477257846, -0.32857081676094, 0.5161269963778996, 0.7400976053276067, 0.21556314486992442, 0.28864377484458703, -0.39313189356057576, 0.6137478934379629, 0.09629674028362939, 0.0784178217967793], [-0.2467188594302036, 0.10898135180706425, 0.6690632527321707, -0.13032613210218869, 0.05666090612980144, 0.3615050135856493, 0.7461347642096837, -0.360389758728475, -0.5832497511680763, -0.5459869126953503, -0.5142389699904526, 0.0037573855047335486]], "inverted": false, "swapped": true, "error_lsq": 0.04304077787154748, "error_max": 0.24077734425804845, "target": "253.xyz", "model": "11.xyz", "model_rescale": 3.6694154284099745, "target_rescale": 3.8791211065836855},
{"mapping": [0, 3, 12, 1, 2, 4, 5, 6, 10, 7, 11, 9, 8, 13], "R": [[-0.39882397460936847, -0.8299261068625443, -0.390079600113575], [-0.13680824413002368, 0.4744614361517849, -0.8695802722824648], [0.906765097263258, -0.2934433552711095, -0.302767329202455]], "T": [-0.02203920951150606, 0.08955372331826536, 0.00711973897474015], "aligned_model": [[-0.5907780106897071, 0.47892453344269736, -0.24785245572493358, 0.006037086728383715, 0.40111029290987343, -0.01605529199589639, -0.7510763875369911, -0.38252510805048606, 0.24749449787120914, -0.15414840005540295, 0.25979418211025607, 0.5122534757804753, 0.7218961349325346, -0.0891371820040258], [-0.24446136955640144, -0.4069617149481234, -0.28376137324975126, -0.7411692452093014, -0.3754403926568636, -0.12931301131914888, 0.2937093053054721, 0.41479901358687066, 0.14787578119906353, 0.6628409441482236, 0.5751224166323502, 0.6628967934635824, 0.09258157458745192, 0.006220221159243672], [-0.2680310527591174, -0.4865974355409653, 0.5280925950579101, -0.15283202016456782, 0.18329733148117755, -0.6998033084290167, 0.2743201953306074, -0.2829151754171394, 0.5793774654035931, 0.46105171920574717, -0.47227741615584773, 0.18174882375134505, -0.13125976353451235, -0.05174803900109553]], "inverted": true, "swapped": false, "error_lsq": 0.0428175789199653, "error_max": 0.28312385757762054, "target": "253.xyz", "model": "12.xyz", "model_rescale": 3.9764082729961374, "target_rescale": 3.8791211065836855},
{"mapping": [8, 12, 14, 11, 13, 1, 3, 2, 6, 4, 0, 5, 9, 15], "R": [[0.8740276777717109, -0.4602394121220829, -0.15574113784903004], [0.028800114536658927, 0.3690471844655243, -0.9289643314146916], [0.485021826201323, 0.807455174711011, 0.33581240140999086]], "T": [0.06202958174190258, 0.0427428446329804, -0.04444465660907748], "aligned_model": [[-0.5301054663131085, 0.5297354223599154, -0.19342610127058496, -0.3619912870503313, 0.3177335210340967, 0.0952423727226743, -0.7263541460116646, -0.33330308334006553, 0.31967649820259497, 0.030460227115300192, 0.072143160748022, 0.7123468644720444, 0.46545192160176946, -0.0016725365526762265], [-0.19260347835135538, -0.3013194668707665, -0.3542365713634877, -0.6192405823849205, -0.4381094133994608, -0.09004691557388567, -0.03280577970008138, 0.3444037071516745, 0.03298777826503169, 0.6446193321698691, 0.7216080004350836, 0.5381410854311031, 0.3362059452445585, 0.08533530208930501], [-0.35045287507909106, -0.30918208766627575, 0.6005032303297015, 0.06748810861954294, 0.23462011644989456, -0.6645949354612815, 0.2404885820423352, -0.6681211126740676, 0.674708811586471, 0.34621093515679674, -0.30163670403615983, 0.14127534939816033, -0.3800470266827274, 0.03116352724481876]], "inverted": false, "swapped": false, "error_lsq": 0.052634294735567806, "error_max": 0.32987232148268075, "target": "253.xyz", "model": "13.xyz", "model_rescale": 4.170626492500431, "target_rescale": 3.8791211065836855},
{"mapping": [7, 2, 9, 1, 3, 0, 10, 8, 11, 12, 4, 5, 6, 13], "R": [[0.8247386523525627, -0.37732817367177807, 0.42122393648651996], [-0.3306582269531917, -0.9260154150030672, -0.18210048908465234], [0.45877150332583966, 0.010904151971542209, -0.8884873703131245]], "T": [0.039650199671811916, 0.015303967009484595, -0.092683223078959], "aligned_model": [[-0.7278521880248475, 0.46078770754340115, -0.26604159101220437, -0.2607654528281359, 0.47225526305879606, -0.14463961003149192, -0.403789753735158, -0.4817543442488219, 0.2702331710802136, -0.11065277800590304, 0.16114931078832007, 0.4940903461640549, 0.8336981025638008, 0.0992191844059627], [-0.159656597751963, -0.13046018659844177, -0.3650988782707945, -0.6914436393685959, -0.47868883197133305, -0.3105871781569382, 0.16474643937136801, 0.46715117006422807, 0.04458863783235607, 0.6992014192650459, 0.5453476292474254, 0.6649250133238086, 0.1759962806048237, 0.04891766555167821], [-0.2869991733946499, -0.5767577816161915, 0.5539640090924518, -0.059930719247481154, 0.11778667528402452, -0.5571082806173311, 0.22252505750964074, -0.3675062560937429, 0.5748746788909106, 0.12038815201806737, -0.5480455103978706, 0.35307060786118993, 0.1334918756704379, -0.017329415731337533]], "inverted": true, "swapped": false, "error_lsq": 0.05231706090906455, "error_max": 0.35241804477903665, "target": "253.xyz", "model": "14.xyz", "model_rescale": 3.9786697098870705, "target_rescale": 3.8791211065836855},
{"mapping": [12, 3, 10, 11, 5, 7, 2, 6, 9, 8, 0, 13], "R": [[0.17755205968965568, 0.9833835198840968, -0.03784334710784526], [-0.7452492591692714, 0.10924333018420687, -0.6577761294832128], [-0.6427120722435615, 0.14499223300104133, 0.7522622179544568]], "T": [-0.06470377422449602, -0.048445593914496876, -0.07537971964968218], "aligned_model": [[0.2337003696310116, -0.7982818254853983, 0.6239872387441612, 0.5619259521995377, -0.13232204281484022, 0.31006517797450617, -0.4270122379670351, -0.1396635744408432, 0.5992791102160845, 0.07896409281351405, -0.4013648658398204, -0.025922798263541512], [-0.41205853091421013, 0.03006857586330243, 0.1654158969625411, -0.7352228937763515, 0.4024983892721118, 0.5663960778060111, -0.33164586843862076, 0.2976288423276855, -0.0008782399874579239, -0.5055141561079437, 0.5922676322640813, -0.05428123504670998], [-0.6172829304614023, -0.062495446588466494, -0.444337984873897, -0.21301539939960545, -0.5116372912850554, -0.03614492220651952, 0.48592459582235814, 0.609715240191506, 0.2887574067048949, 0.23039561520344257, 0.048011018350487544, -0.11792340758391272]], "inverted": false, "swapped": true, "error_lsq": 0.04823092022385231, "error_max": 0.2604030914227229, "target": "253.xyz", "model": "15.xyz", "model_rescale": 3.769337070930944, "target_rescale": 3.8791211065836855},
{"mapping": [5, 10, 3, 4, 0, 7, 6, 9, 2, 8, 13], "R": [[-0.9537877988933658, 0.2555116868654016, 0.158122144424319], [-0.1897921149811897, -0.9202505021034764, 0.3422250231489017], [0.23295447575248496, 0.2963997153397695, 0.9262178042843856]], "T": [-0.1486922808597634, 0.05237938706309035, 0.0015089805001232484], "aligned_model": [[-0.20309191781901065, -0.2443872996065115, -0.1446545046603785, -0.6175645685260542, 0.32730113060779176, 0.30018608416181325, 0.5921169312296447, 0.21194315439990527, 0.07569191311209428, -0.1927469752654043, -0.18216781694271927], [-0.07365409386108422, -0.7331391022039542, 0.7391656593104795, 0.38806595267404437, 0.2850853982950703, -0.4078537297479225, 0.22849637956482882, -0.49865775051538436, 0.5873977985377198, 0.07507354035115345, 0.006084445220391019], [-0.6144452517390837, -0.171596237526042, -0.26826045671590876, 0.1310167524877199, -0.5067799015423533, -0.3251638064791255, 0.12368142953930422, 0.3783802139788983, 0.43732934009374924, 0.5677199317159578, -0.0076644065893388055]], "inverted": false, "swapped": true, "error_lsq": 0.049919363830960344, "error_max": 0.31687578156918833, "target": "253.xyz", "model": "16.xyz", "model_rescale": 3.7852294659196426, "target_rescale": 3.8791211065836855},
{"mapping": [8, 10, 12, 11, 9, 7, 0, 5, 4, 2, 6, 3, 13], "R": [[0.4722823917206184, -0.8292378181542881, 0.2988544518881531], [-0.8783777312032772, -0.471032063114586, 0.08112556221192124], [0.07349764483870198, -0.30082126996064085, -0.9508441826831732]], "T": [0.05506735843358199, 0.09100922869073153, 0.04201321587854155], "aligned_model": [[0.1796271913169793, -0.5198501699113833, 0.17359281267076482, 0.05586338704977678, -0.5410645619628273, -0.6241272390541224, -0.12887499993769264, -0.09611587783125294, 0.6221353884184759, 0.3935589937410805, -0.24673758524293402, 0.5473079082095257, 0.038450602749892274], [-0.07927658665475057, -0.42554944092027686, -0.5965681989681941, -0.7531853164977926, -0.09306598142423925, 0.2177144998504605, 0.7215117557551551, 0.1378926598864235, -0.07544825035915498, 0.4735498545335896, 0.70970698338592, 0.5978121638766936, 0.03996148123904046], [-0.48575403499400105, 0.2844987341113381, 0.2096660971050574, -0.3710320482226295, -0.3898140890536984, 0.24856076766908658, 0.3702070232457739, 0.6529051441116484, 0.037042047434621486, -0.47336861865209423, -0.3056481932196873, 0.25489173213400274, 0.06360013547375565]], "inverted": false, "swapped": true, "error_lsq": 0.051573278744765874, "error_max": 0.3403684164346495, "target": "253.xyz", "model": "17.xyz", "model_rescale": 3.901054581598922, "target_rescale": 3.8791211065836855},
{"mapping": [3, 9, 2, 13, 5, 12, 0, 7, 8, 1, 6, 4, 10, 14], "R": [[0.36394064418455396, 0.31511091883488423, -0.8765000378445897], [-0.38765261823024383, 0.9069035379426625, 0.16508004254396955], [0.8469195092154678, 0.27969819752389713, 0.4522126305313844]], "T": [0.08118324473179714, 0.07620794796935708, -0.038981357737273105], "aligned_model": [[-0.5955590176304434, 0.45415522777056716, -0.27710496760696435, -0.057356274175219296, 0.36520799874825594, -0.24074685502244283, -0.6098193582614408, -0.3715026256986398, 0.23821664045852198, -0.1737103941616471, 0.13072618094434843, 0.5698329897279037, 0.8809672063046333, 0.08263061632055355], [-0.26331602750971855, -0.3692764966867732, -0.4399894586769724, -0.6308309618319193, -0.419852138726564, -0.1468159244278584, 0.234610312949946, 0.4215964030632506, 0.08995005068540296, 0.6891437447969312, 0.7081736785058487, 0.5755173993040512, 0.17370394564630848, 0.05232441605073469], [-0.1397249427464214, -0.349827188933126, 0.4985201736640866, -0.130660035894268, 0.2126937830469244, -0.670326324685127, 0.23107162211040636, -0.3787744441850927, 0.605665770061609, 0.17320839520768286, -0.44133761551023026, 0.3318089717386921, -0.19160472874150966, -0.08828951590550826]], "inverted": true, "swapped": false, "error_lsq": 0.04084055290351391, "error_max": 0.2090552026999216, "target": "253.xyz", "model": "18.xyz", "model_rescale": 3.9405287249114394, "target_rescale": 3.8791211065836855},
{"mapping": [8, 11, 4, 7, 13, 5, 0, 6, 12, 1, 2, 3, 10, 15], "R": [[-0.576879756828493, 0.01630921027479293, -0.8166662450608031], [-0.3290148481478003, 0.910468159175369, 0.25059321783738525], [0.747635590284317, 0.4132574751750147, -0.5198646779232009]], "T": [0.08920753397626621, -0.04294239619795607, 0.06802361936677243], "aligned_model": [[-0.573291425376472, 0.581108465594589, -0.35753007670466874, -0.25521449739248403, 0.4876738286115144, -0.1269019356604765, -0.5433348914299445, -0.3976050154476892, 0.2322485140319045, -0.10292520182158008, 0.1405447531340944, 0.5277165667016087, 0.6812148663384446, 0.1022334171391464], [-0.12628595621696623, -0.2848403332166334, -0.29939590639394864, -0.6561514843013032, -0.5742166279549815, -0.02388064995308318, 0.15584376176968553, 0.38088695753921703, 0.04297513098071499, 0.5741274120430491, 0.5483972258336286, 0.6214238100725568, 0.33431082837414733, -0.018255225433415564], [-0.2875338800561107, -0.3996643785965607, 0.5869861738226039, 0.036820614437311314, 0.1695231173093981, -0.7345945898225592, 0.24981581231697425, -0.3083613912623695, 0.5898440087323258, 0.20154997471163644, -0.5668048805902872, 0.3709360936196106, -0.28568722288420206, 0.039594467490347195]], "inverted": true, "swapped": false, "error_lsq": 0.04063905749667287, "error_max": 0.21444247957743637, "target": "253.xyz", "model": "19.xyz", "model_rescale": 4.410303926677745, "target_rescale": 3.8791211065836855},
{"mapping": [9, 7, 5, 8, 1, 12, 10, 11, 3, 6, 4, 0, 2, 13], "R": [[-0.36681748872777975, 0.15032507713271345, 0.9180671550319669], [0.4486329675167431, -0.8359367280907264, 0.3161301110082564], [0.8149683370662731, 0.5278372455729279, 0.2391954258873245]], "T": [0.07952911927923391, 0.08857031440415239, -0.0003719070050443758], "aligned_model": [[-0.4838561832061239, 0.4128487425991925, -0.2476527310004002, -0.19016688784235386, 0.6134511285845744, -0.07681458900316705, -0.6705379145006404, -0.5120193087674237, 0.08640837093164751, -0.01967235115132092, 0.1657529862131769, 0.6221179515168452, 0.6640315178679922, 0.03204663547598787], [-0.17860060161129557, -0.3910345158720149, -0.39261942213730183, -0.6298777565519704, -0.4114902443943361, -0.0821701297020768, -0.0328324305093434, 0.5221822430523884, 0.37776515576702097, 0.6535597539453912, 0.6180159207302294, 0.33697201082759043, 0.25809213907482287, 0.026976820523563712], [-0.2920454048884872, -0.4074718952724511, 0.6000272912482026, -0.046783268646127904, 0.16692010322224146, -0.7194541574573031, 0.3123497445820524, -0.3866159711706519, 0.6646707347317204, 0.08595204476867442, -0.45572472595625374, 0.3959276373647755, -0.2615768548111817, 0.006248641512907474]], "inverted": true, "swapped": false, "error_lsq": 0.04148597798325248, "error_max": 0.29149373822618446, "target": "253.xyz", "model": "20.xyz", "model_rescale": 4.121658175737393, "target_rescale": 3.8791211065836855},
{"mapping": [11, 9, 7, 12, 5, 8, 6, 4, 2, 3, 0, 1, 13], "R": [[0.5610758011945023, 0.0987465275179581, -0.8218534349974409], [-0.8267694139428456, 0.11551878982039096, -0.550552218565175], [0.04057439442001681, 0.988384809930615, 0.14645540623640846]], "T": [0.06585537546136143, -0.018589860780980287, 0.02454083577471512], "aligned_model": [[0.24986695099710288, -0.1277586255532766, 0.1953169764789418, 0.6080800826452945, 0.5313233393295562, -0.2572468456616541, -0.5659138674209988, 0.12734134629519994, -0.595824133897954, -0.10323998494888063, -0.04449116286437656, 0.7486804554176842, 0.11494837384765585], [-0.7253075052456596, 0.06911923806892867, 0.5912860172343225, -0.45518139407828834, 0.3706474450843842, -0.4323160577198351, 0.4170433007448766, -0.49415505355183065, -0.21954244497137784, 0.07000403932870983, 0.6369899749135837, -0.25720951042252244, -0.03055114522210806], [0.6161161606955339, 0.7529311867332267, 0.3869115374378621, 0.19860602725236623, -0.1488871589770634, 0.2424542833663283, 0.10091467550700954, -0.32093879936132885, -0.19530146852263938, -0.6882179709692218, -0.28709697249351424, -0.34011460595188914, 0.0527328447651193]], "inverted": false, "swapped": true, "error_lsq": 0.047494715174827944, "error_max": 0.32464036094871257, "target": "253.xyz", "model": "21.xyz", "model_rescale": 4.08911054899281, "target_rescale": 3.8791211065836855},
{"mapping": [2, 11, 0, 1, 8, 15, 4, 14, 6, 12, 9, 10, 5, 16], "R": [[-0.3924303317479523, 0.8632880767318007, -0.3173832561697308], [0.9126175470633084, 0.4084421843834487, -0.017441181388514387], [0.1145759464998754, -0.29649397732295624, -0.9481369489134321]], "T": [-0.03183304796024505, 0.09890784956542838, 0.00879980165885844], "aligned_model": [[-0.5904176999456403, 0.3838363277828019, -0.2788998017237816, -0.08928216708413156, 0.45540692494003476, -0.18842199134022955, -0.677270907849808, -0.296013860843123, 0.35085146425679864, -0.11399989578229552, 0.33107674277903454, 0.5220980241633253, 0.6491353215318649, -0.06216111316686409], [-0.2828285240830458, -0.33137252227212527, -0.25001852078348646, -0.689539964947535, -0.38716666945116035, -0.11533781288502874, -0.03143468026899228, 0.5004123710846274, -0.09098884483908741, 0.8316163600498009, 0.597194369301401, 0.6052126036731136, 0.219582289918048, 0.09960848864613794], [-0.24322074705358318, -0.4686630785100294, 0.6547779788747411, -0.062249644276072366, 0.0930066234193295, -0.6702331259863907, 0.2383928760433068, -0.4164356663482734, 0.6195828548903721, 0.045628510797860636, -0.34834812231313256, 0.3053655996176338, -0.1306592000047375, 0.04547906007709303]], "inverted": false, "swapped": false, "error_lsq": 0.04262003954440537, "error_max": 0.30517113741235513, "target": "253.xyz", "model": "22.xyz", "model_rescale": 4.204369325754507, "target_rescale": 3.8791211065836855},
{"mapping": [8, 11, 4, 7, 13, 5, 0, 6, 12, 1, 2, 3, 10, 15], "R": [[-0.576879756828493, 0.01630921027479293, -0.8166662450608031], [-0.3290148481478003, 0.910468159175369, 0.25059321783738525], [0.747635590284317, 0.4132574751750147, -0.5198646779232009]], "T": [0.08920753397626621, -0.04294239619795607, 0.06802361936677243], "aligned_model": [[-0.573291425376472, 0.581108465594589, -0.35753007670466874, -0.25521449739248403, 0.4876738286115144, -0.1269019356604765, -0.5433348914299445, -0.3976050154476892, 0.2322485140319045, -0.10292520182158008, 0.1405447531340944, 0.5277165667016087, 0.6812148663384446, 0.1022334171391464], [-0.12628595621696623, -0.2848403332166334, -0.29939590639394864, -0.6561514843013032, -0.5742166279549815, -0.02388064995308318, 0.15584376176968553, 0.38088695753921703, 0.04297513098071499, 0.5741274120430491, 0.5483972258336286, 0.6214238100725568, 0.33431082837414733, -0.018255225433415564], [-0.2875338800561107, -0.3996643785965607, 0.5869861738226039, 0.036820614437311314, 0.1695231173093981, -0.7345945898225592, 0.24981581231697425, -0.3083613912623695, 0.5898440087323258, 0.20154997471163644, -0.5668048805902872, 0.3709360936196106, -0.28568722288420206, 0.039594467490347195]], "inverted": true, "swapped": false, "error_lsq": 0.04063905749667287, "error_max": 0.21444247957743637, "target": "253.xyz", "model": "23.xyz", "model_rescale": 4.410303926677745, "target_rescale": 3.8791211065836855},
{"mapping": [14, 8, 12, 6, 5, 9, 13, 11, 0, 1, 10, 3, 4, 16], "R": [[0.4592766229154083, 0.8809689073449979, 0.11383658434255092], [-0.7288361351264884, 0.30046548778112475, 0.6152384731031814], [0.5078020005644928, -0.3655328643826867, 0.7800787481266795]], "T": [-0.0428959786275062, 0.03863582486678552, -0.04475564532408162], "aligned_model": [[-0.5486842139210015, 0.544105630463356, -0.12411658306802871, -0.331614275307144, 0.29401547940821343, -0.05723646765403376, -0.6406007183944761, -0.43753834332718866, 0.1633877454457407, -0.03421392795190682, 0.25652477465698487, 0.6378420000194119, 0.6428646716875559, 0.031201595660503276], [-0.24078822923699517, -0.04219895570195886, -0.32346160669623586, -0.6477484339785107, -0.4439906113291794, 0.007522975593940606, -0.21836980202540474, 0.41728141113661343, 0.18824000284252168, 0.87151972526611, 0.4431912935494862, 0.5524677084518257, -0.009252311877637392, 0.1205257771480921], [-0.39724741691816423, -0.6144937574682452, 0.6683113208533433, 0.10826881066776116, 0.1769748802175321, -0.6702525075168423, 0.22148442610579933, -0.363513250085731, 0.6661954262700502, 0.16155572135747492, -0.45763096734888276, 0.24129257521437808, -0.08113462043005613, 0.002613278309700817]], "inverted": true, "swapped": false, "error_lsq": 0.04790630932654695, "error_max": 0.3085128442238063, "target": "253.xyz", "model": "24.xyz", "model_rescale": 4.28219845311461, "target_rescale": 3.8791211065836855},
{"mapping": [7, 12, 5, 9, 11, 13, 3, 4, 8, 0, 2, 6, 14, 15], "R": [[-0.39814571179920516, 0.673860365120466, 0.6224083872310984], [-0.1337644067029732, 0.6286042652918746, -0.7661356023291598], [-0.9075169836842207, -0.38828969336897823, -0.16013756070366175]], "T": [0.015630638964739384, 0.025155822517972947, -0.016174120284227007], "aligned_model": [[-0.5525120726454267, 0.4114413667689759, -0.048536145913429, -0.24579000700826914, 0.3678780730797332, 0.03366352527348093, -0.7190597446898712, -0.5366886468126799, 0.24183991827650592, -0.09555941765089936, 0.25522658209206806, 0.5372620548358449, 0.7443450977838257, 0.002426784328126857], [-0.20490863897914918, -0.48222923946120494, -0.39935177941360206, -0.5975611923751997, -0.37629146134087954, -0.035638705067218474, -0.050811072745582206, 0.4581214286030842, 0.1319227913885077, 0.8227612569587436, 0.5388189300877192, 0.6772392851572931, 0.09514891102624874, 0.09771842930390705], [-0.49558022011036823, -0.4288654902793974, 0.7193233987699462, -0.04367774005437293, 0.08983953303621794, -0.6068477165826175, 0.21728768783282165, -0.22143678988439022, 0.6314185242387582, 0.11427324188215417, -0.4002626782323084, 0.32277271727240486, -0.22646161388217714, -0.009358934778553235]], "inverted": false, "swapped": false, "error_lsq": 0.043304992986621146, "error_max": 0.2339078902543856, "target": "253.xyz", "model": "25.xyz", "model_rescale": 4.100010024507729, "target_rescale": 3.8791211065836855},
{"mapping": [11, 9, 6, 7, 4, 3, 2, 5, 10, 1, 12, 13], "R": [[-0.797737919734841, -0.031831583823931184, -0.6021635672210571], [0.19609787908244428, -0.9580209109766612, -0.20914482052112934], [-0.5702278783403137, -0.28492575243861057, 0.7704917146607069]], "T": [0.02039508664871441, 0.09467049231202485, 0.05751454743905903], "aligned_model": [[-0.7592172899179656, -0.012280571267948431, 0.41102878719485364, 0.5732097857572839, -0.3939388872846043, 0.20875876392304038, -0.17382004296236037, 0.4516418044086621, 0.1077575274840719, -0.1296304360106441, -0.4132104501428072, 0.006466611181425157], [-0.33301868271207813, -0.6616463990815774, -0.16639479477257846, -0.32857081676094, 0.5161269963778996, 0.7400976053276067, 0.21556314486992442, 0.28864377484458703, -0.39313189356057576, 0.6137478934379629, 0.09629674028362939, 0.0784178217967793], [-0.2467188594302036, 0.10898135180706425, 0.6690632527321707, -0.13032613210218869, 0.05666090612980144, 0.3615050135856493, 0.7461347642096837, -0.360389758728475, -0.5832497511680763, -0.5459869126953503, -0.5142389699904526, 0.0037573855047335486]], "inverted": false, "swapped": true, "error_lsq": 0.04304077787154748, "error_max": 0.24077734425804845, "target": "253.xyz", "model": "26.xyz", "model_rescale": 3.6694154284099745, "target_rescale": 3.8791211065836855},
{"mapping": [5, 3, 0, 1, 6, 7, 4, 8, 2, 10, 9, 11, 12, 13], "R": [[0.7040917014160698, -0.5909836797956647, 0.39369171468574127], [-0.07528127548856295, 0.48916448023872067, 0.8689366149688925], [-0.7061073612120461, -0.6414486740869899, 0.29992664595564617]], "T": [-0.023367995195649572, 0.08476862158698686, -0.057456978373981143], "aligned_model": [[-0.61684280205339, 0.5048878525851632, -0.3473841752570119, -0.06553036839816793, 0.42407022483862267, -0.08902872188550422, -0.6147865960650115, -0.47943677890073966, 0.18807224964911828, -0.10772391970920055, 0.28154912038164315, 0.5605818653411911, 0.7649943948446921, -0.00748497765341866], [-0.41116286270069025, -0.16402166394270026, -0.28270676775720704, -0.7971818390722432, -0.40631169630210884, -0.12830357994428926, 0.37579450087032795, 0.44689863394666396, 0.06417730563900736, 0.6503803836759666, 0.5332377797120721, 0.5903265431372279, 0.12150850379805642, 0.08230370208258347], [-0.2242446165206352, -0.6159194869141461, 0.386286975295156, -0.05176725740959043, 0.11525547757201701, -0.6460293448877505, 0.4335201557392183, -0.3205545099249044, 0.5882973609616503, 0.12924634907012214, -0.47069359619596673, 0.31615942595269764, 0.025414828547589544, -0.0025478420573393987]], "inverted": false, "swapped": false, "error_lsq": 0.04813294515658132, "error_max": 0.3568904399691417, "target": "253.xyz", "model": "27.xyz", "model_rescale": 4.103607728864725, "target_rescale": 3.8791211065836855},
