[{"mapping": [6, 4, 11, 8, 9, 3, 1, 5, 10, 0, 7, 12], "R": [[0.1552326700567122, 0.6173657061158828, 0.7712084044271701], [0.963636400497021, 0.07725154387987204, -0.25580673682552113], [-0.21750334660461929, 0.7828740536511692, -0.5829241034093352]], "T": [0.11543314275530099, -0.10315299129942844, 0.005131418706264719], "aligned_model": [[-0.3125354669630859, 0.13093090334071178, 0.4328825625653883, -0.06675660426203132, -0.006303856757611234, -0.6524832398809894, 0.5446681436153429, -0.20875705649928694, 0.5979156480853636, -0.04755067482154916, -0.6221508507638069, 0.04778295480210357], [-0.28931304162135074, -0.6209952072698032, -0.5090962763996225, 0.5921272726055519, 0.37394369067516303, -0.6081943479281864, -0.13482101041044103, -0.3922913754315929, 0.28810737744925596, 0.20118355509816543, 0.1549924004443285, -0.0020880012344109133], [-0.49965480444850857, 0.018174356915296112, -0.6189363237405006, 0.159543915572738, -0.5574080419801593, 0.05046323819871266, 0.5304135672628919, 0.5361741372620452, -0.21796259110808436, 0.6256776849010297, 0.13821994833318973, 0.01724665818491211]], "inverted": false, "swapped": true, "error_lsq": 0.05596192438660364, "error_max": 0.30649304947856754, "target": "254.xyz", "model": "0.xyz", "model_rescale": 3.751011558992144, "target_rescale": 3.9553131311429715},
{"mapping": [13, 5, 2, 11, 10, 9, 6, 12, 3, 1, 8, 4, 14], "R": [[0.08922508504775856, -0.06431707318235061, 0.9939326930408701], [0.810571490201413, -0.5752188392938693, -0.10998702738993701], [0.5788028537169467, 0.8154671060310588, 0.000809635997742808]], "T": [0.11356906313106951, -0.056437779860233295, -0.08742463228774874], "aligned_model": [[0.1357725283336772, -0.03809062546845615, 0.6571352124760336, -0.463652191255398, -0.6438756863360167, -0.3961192144654718, -0.08802914325549227, 0.0541079370739113, 0.6196323011686273, 0.4837236170201332, 0.30652473337345276, -0.08263056098461616, 0.08562473041442756], [0.4746650954178154, 0.5466694225710513, 0.5649025987633995, -0.47246409280884655, -0.044260394796632005, 0.25448418228588565, -0.7772203032874812, -0.23405175372540096, 0.04337615882464396, -0.5325038715455286, 0.2715898695559707, -0.20373711146608905, -0.05919997227848402], [-0.5823376956685457, -0.029570607146668634, -0.1344360901064236, -0.44862917177413353, 0.22655452454693123, -0.3662346293649199, -0.027788549471126835, -0.806377172343801, -0.6507567423826097, 0.2619064885968817, 0.45625194682860926, 0.6644946348647427, -0.13449157403494177]], "inverted": true, "swapped": false, "error_lsq": 0.0448681726929039, "error_max": 0.24337789127820492, "target": "254.xyz", "model": "1.xyz", "model_rescale": 3.9405287249114394, "target_rescale": 3.9553131311429715},
{"mapping": [10, 11, 9, 7, 6, 3, 1, 4, 8, 2, 5, 0, 12], "R": [[-0.5560264875159026, -0.4631473631655348, -0.6901659692954587], [-0.42172308331046277, -0.5583303947169004, 0.7144346095608658], [-0.716229143629219, 0.6883034870811584, 0.11512655422652551]], "T": [0.01363911920218526, -0.0587133048015933, -0.12099552652548276], "aligned_model": [[0.1029976212603856, -0.04085458409951047, 0.5587709123083249, -0.6605392294289051, -0.4660500390073118, -0.27290755401880584, -0.02634541388495447, 0.13358241135267712, 0.5096602521104726, 0.5117107847258282, 0.400048505472935, -0.2038867621589277, 0.0839367334626033], [0.6477761145759675, 0.5624629598991364, 0.5259411615212013, -0.3373307934830881, 0.06402528122999614, 0.1105912204471765, -0.8344999444340611, -0.46459046988995867, 0.1404300381839405, -0.3634815170161132, 0.13620941156547633, -0.24470576529592492, -0.11057786979344444], [-0.5730739242949866, 0.22365614329507408, -0.2277269194881548, -0.43206738702400815, 0.10303403488250165, -0.5857822091715784, 0.03322074771246181, -0.6800778598277825, -0.6822394438757622, 0.23001812042813694, 0.4627588749334649, 0.6670522409691115, -0.11018705599448368]], "inverted": false, "swapped": false, "error_lsq": 0.04998756937551123, "error_max": 0.30138179529670933, "target": "254.xyz", "model": "2.xyz", "model_rescale": 3.932901565614263, "target_rescale": 3.9553131311429715},
{"mapping": [4, 0, 2, 9, 3, 7, 12, 5, 6, 10, 1, 11, 13], "R": [[0.7390704981651922, -0.5325801541980006, -0.4124720331080507], [-0.4254964114083919, 0.10561441679314643, -0.8987760560028424], [0.5222332837156547, 0.8397642373427663, -0.14855444476584026]], "T": [-0.07379817802736112, 0.008062105960457294, -0.03149899030306899], "aligned_model": [[0.12426719653276781, -0.001787914097437046, 0.5742702257689144, -0.45570937382005705, -0.3882428008785112, -0.5767858383307336, 0.20209339873190524, 0.045547552594524365, 0.5205708821737887, 0.39306665905835936, 0.4281270457927716, -0.21993236051268694, -0.015361034918793814], [0.5465090169380789, 0.6725684768519394, 0.4901625976887297, -0.5019280825776776, 0.26693938871757683, 0.15041216180056252, -0.6537088830242923, -0.2621267937881352, -0.1572423541032929, -0.46419347461303495, 0.3032464564686936, -0.47975843960918546, -0.07863024323965791], [-0.6903399695968503, 0.015363938290668115, -0.23591599804607813, -0.39734975975951825, 0.2763850945624976, -0.5177935744102751, -0.2943160486744152, -0.68690286631361, -0.324913571468342, 0.23712217567487467, 0.4264375662419332, 0.7022479786153111, -0.08143960257220112]], "inverted": false, "swapped": false, "error_lsq": 0.06131439184668167, "error_max": 0.4565646774568793, "target": "254.xyz", "model": "3.xyz", "model_rescale": 3.9243930471874484, "target_rescale": 3.9553131311429715},
{"mapping": [0, 3, 2, 11, 6, 5, 9, 1, 7, 8, 4, 10, 12], "R": [[-0.635030399271878, -0.5222653293427006, 0.5691882972858454], [-0.46856459605601397, 0.8462196397297566, 0.25369182221448483], [-0.6141527589480195, -0.10559946544467799, -0.7820902387668156]], "T": [0.016862190530615148, -0.10333824149320103, -0.053918476751077055], "aligned_model": [[0.058813122047443975, -0.06734287399946358, 0.5663553471058779, -0.6225898841095516, -0.630187629355073, -0.42366724739745837, -0.01153735551261095, 0.24831451222825102, 0.7829202485766621, 0.40875674604820217, 0.4770531035836395, -0.1321104547746812, -0.024653996346426024], [0.5490504100033997, 0.52375450247265, 0.6180900156558979, -0.5649352133559191, 0.20727286204618256, 0.1367623661659934, -0.7812826434290195, -0.15158329197873352, -0.015259845401688205, -0.5309210824793636, 0.12146311954823885, -0.2290286022630171, -0.05113276947431712], [-0.5979327413654428, 0.1754667187989822, -0.2236624927791699, 0.010605636517326017, 0.02585487519464244, -0.6212883845672604, -0.24697868871951648, -0.7279084899314708, -0.27372750012555647, 0.19088336222506785, 0.24617474386114604, 0.623677865977548, -0.15257954254230116]], "inverted": true, "swapped": false, "error_lsq": 0.06596088172487637, "error_max": 0.5076746886673902, "target": "254.xyz", "model": "4.xyz", "model_rescale": 3.8936222436046832, "target_rescale": 3.9553131311429715},
{"mapping": [2, 1, 0, 8, 5, 4, 11, 6, 9, 10, 7, 12], "R": [[-0.8885080055424827, 0.45767762333676476, -0.032935044917687645], [0.30548445977587485, 0.6435515456298451, 0.7017981568463111], [0.34239271154970796, 0.6134921362285323, -0.7116141017878935]], "T": [-0.15849687031880452, -0.04253248243415273, 0.08382455548890066], "aligned_model": [[0.07385366713788424, -0.535209825881865, -0.24599667285934335, 0.3399513535895222, -0.6578408011956356, -0.5884929910344091, -0.1699510536395665, 0.0293996191077468, 0.5646921479162818, 0.22917608166777456, 0.06320540380457604, -0.07523888639786898], [-0.4987244540984552, -0.4753851504363056, 0.05052990867247744, 0.018312578463475664, 0.3096704146274746, 0.027038005437559166, -0.27107118389122387, 0.4243391563251509, 0.014890303180203561, -0.5763202543902438, 0.6384502042882363, 0.007193376931457975], [-0.7045593328420855, -0.27934593051507456, -0.6147062617770851, -0.45310953276547294, -0.22812963569992356, 0.36459874028554223, 0.8601385999574203, 0.5521701634648806, 0.2643572490028552, 0.10444682806344369, -0.2560172158183769, 0.009441047919394721]], "inverted": true, "swapped": true, "error_lsq": 0.03788757422609285, "error_max": 0.2164372254366007, "target": "254.xyz", "model": "5.xyz", "model_rescale": 3.6523030999806103, "target_rescale": 3.9553131311429715},
{"mapping": [10, 2, 6, 11, 3, 4, 7, 9, 8, 5, 1, 0, 12], "R": [[0.9958615782490828, 0.05776677376292074, -0.07016207534180813], [0.02271062154673965, -0.9056884939783109, -0.42333506769964163], [-0.08799968543243092, 0.41998970430752575, -0.9032522923521812]], "T": [0.11192827956389219, 0.008572855841032501, -0.16739231532781745], "aligned_model": [[0.01627714495182543, -0.16093074335189222, 0.5227697270199405, -0.5688137955441929, -0.3907564831479654, -0.38894310005713695, -0.19146453908551658, 0.22771930261359696, 0.751628191433295, 0.46509722124864505, 0.29629487248788905, -0.033734205045130264, 0.084980044571454], [0.4322165933647476, 0.6677320788233186, 0.49280628351867056, -0.3286931739270819, -0.14516953858972298, 0.27036916453033516, -0.6020211632179383, -0.31245182944701283, -0.14328171102286047, -0.44849750100438235, 0.31306186875950026, -0.29798578896751104, -0.06583545530975762], [-0.8155048717339983, 0.09196979944600675, -0.30650289955451926, -0.6117017294560465, 0.28682350170193005, -0.26599330802109467, -0.12328107890710513, -0.8047293263333417, -0.31377303790886174, 0.19352584369056874, 0.4289886588983704, 0.7663999358551596, -0.09763612513307335]], "inverted": true, "swapped": false, "error_lsq": 0.05556196316911414, "error_max": 0.2771115495825762, "target": "254.xyz", "model": "6.xyz", "model_rescale": 4.08911054899281, "target_rescale": 3.9553131311429715},
{"mapping": [8, 4, 10, 0, 6, 3, 2, 9, 11, 13, 12, 7, 14], "R": [[-0.11730076083690666, -0.2249000093417066, -0.967295465359568], [0.8219398652458747, -0.5686441189673244, 0.032538037486438964], [-0.5573646826151404, -0.79124196789729, 0.2515566711724178]], "T": [0.10437207984647348, 0.009382919908207617, -0.07434722617648051], "aligned_model": [[0.0914970463869747, -0.2870398500540756, 0.5810025784345775, -0.6117291369652009, -0.37230008304707707, -0.5545806424202366, -0.2197796014266433, 0.12214607721327467, 0.6440155057783258, 0.5159726538773539, 0.692809392880026, -0.12073839506134623, 0.1488480924988591], [0.5108020165043468, 0.5940078493762523, 0.5484671029298914, -0.4625989106687875, -0.09467496869786526, 0.1638594064650001, -0.6867352583712287, -0.08882075609202891, -0.04576608879465482, -0.4939157951665851, 0.08385742947529592, -0.16079510196208496, -0.03543709748724689], [-0.5364750184235085, -0.031220869058516565, -0.11290251029529233, -0.4604668734231815, 0.03100253127319716, -0.4846760713532905, 0.1715891735043821, -0.8519058612294492, -0.29856725794166794, 0.2620601061055843, 0.3208704278646717, 0.6465228588572521, -0.22724527333618594]], "inverted": true, "swapped": false, "error_lsq": 0.04968035578632506, "error_max": 0.2801644963182497, "target": "254.xyz", "model": "7.xyz", "model_rescale": 3.964800864290218, "target_rescale": 3.9553131311429715},
{"mapping": [1, 2, 7, 3, 6, 0, 10, 5, 8, 9, 12, 11, 13], "R": [[0.6907921769207009, -0.4084480072459976, 0.5966375731396175], [0.6793770080115509, 0.08420732253501373, -0.7289417039906259], [0.24749353383559736, 0.9088890758548358, 0.3356599447376919]], "T": [-0.032012590721057, 0.04676859482155643, -0.0898724874072816], "aligned_model": [[0.1816498660119428, -0.18255511883299255, 0.492705170577844, -0.6024609266640494, -0.5257802314078666, -0.5612853601780136, 0.0914334144415978, 0.15413806361985063, 0.6570317865124081, 0.4665939082910638, 0.5002417887770478, -0.06912922284071576, 0.027540499786694428], [0.4614651750357915, 0.686208079989924, 0.5230890868396958, -0.22996298901979456, -0.08190182286966041, 0.36930849642324526, -0.7646549088130237, -0.5021014743981496, -0.17500175437039947, -0.3388699790761713, 0.21055117338764312, -0.3270781166109457, 0.0011988609921492616], [-0.6776607078692368, -0.0058319032150474515, -0.15801369977380597, -0.44196767656347424, 0.18606820151026088, -0.44903501316530037, -0.12843405591785934, -0.692500319465831, -0.3488963083765215, 0.1867701995620597, 0.4205738660441858, 0.6490417948101332, -0.11152901503556814]], "inverted": false, "swapped": false, "error_lsq": 0.050378684750375574, "error_max": 0.2822597494002647, "target": "254.xyz", "model": "8.xyz", "model_rescale": 4.121658175737393, "target_rescale": 3.9553131311429715},
{"mapping": [6, 7, 8, 4, 5, 9, 0, 1, 2, 3, 11, 10, 12], "R": [[-0.762150211502444, -0.35639621244398184, 0.5404709010320208], [-0.6465396893507911, 0.3759790522917713, -0.6637967929509485], [0.03336892567888117, -0.8553487545985943, -0.5169768107039925]], "T": [0.06082626974574409, 0.036618318648773004, -0.08540714820081272], "aligned_model": [[0.07668059467236077, -0.13740633234676755, 0.5667062801799309, -0.5675770875088412, -0.4675725631301772, -0.5622659574921094, -0.09108833811672501, 0.11066558656112216, 0.6430025161625091, 0.6253151607535962, 0.3770620088628001, -0.005526777329177605, 0.062128546826290605], [0.3875911224715369, 0.6271167410492957, 0.5223284915136359, -0.34066776967092055, -0.11904578171793, 0.45560605251462405, -0.7341592241880144, -0.36300273084343465, -0.2555155769989867, -0.339953159738339, 0.2982797873867144, -0.2931689596016784, -0.013159164666198653], [-0.6826916544889654, 0.1738733156280903, -0.28219226132167796, -0.5862986992079298, 0.19438074922894708, -0.4451225527370618, -0.12600486363844382, -0.6446483975875634, -0.32639481589489994, 0.31737096076750304, 0.3989071171646592, 0.5952678512250495, -0.15786138659371302]], "inverted": true, "swapped": false, "error_lsq": 0.05440404999297967, "error_max": 0.32989186594195896, "target": "254.xyz", "model": "9.xyz", "model_rescale": 3.833441315466971, "target_rescale": 3.9553131311429715},
{"mapping": [4, 7, 3, 1, 12, 6, 0, 5, 2, 13, 8, 10, 14], "R": [[0.6054161737136032, -0.20970995271255435, -0.7677844699779222], [0.04702183172527666, -0.9535543278862324, 0.2975283030413002], [-0.7945188505927221, -0.21623107894734794, -0.5674362665093637]], "T": [-0.017561031847430325, 0.044906283416050644, -0.052208930384955485], "aligned_model": [[0.002418581125803204, 0.034603479964216796, 0.48954063131639636, -0.48073326195779686, -0.6048849902412844, -0.4968115555498197, -0.10973120469330608, 0.24244967292847033, 0.6837731145977693, 0.49212093568284687, 0.3969216043400384, -0.07642163503014551, 0.056878265611623235], [0.3270968712392909, 0.6818428268204902, 0.648099236680157, -0.41061595290747577, 0.005930423136950733, 0.2520194268488379, -0.629674575396957, -0.3175822822391582, -0.010681216445309533, -0.5662383225284331, 0.09729100037234532, -0.34906718728013186, 0.10382957920969751], [-0.7977837873239839, 0.13621792588896608, -0.4173500183176049, -0.40374827438961763, 0.07644373193826019, -0.48655055790100504, -0.035829496196531294, -0.5605706860650809, -0.19948655874982762, -0.1013322854625792, 0.605833126101737, 0.6668699785676303, -0.054127735546368544]], "inverted": true, "swapped": false, "error_lsq": 0.051957015409532015, "error_max": 0.27887164538144427, "target": "254.xyz", "model": "10.xyz", "model_rescale": 4.2482417240324, "target_rescale": 3.9553131311429715},
{"mapping": [1, 5, 7, 3, 10, 9, 8, 6, 4, 11, 4, 12], "R": [[0.22075035495904688, 0.8988057067979933, 0.37870513887827584], [-0.6266131301306834, 0.4282449570820513, -0.6511238299138031], [-0.7474123801043717, -0.09356579589332553, 0.6577386836012966]], "T": [-0.136656510286282, 0.07706341695317936, -0.022720799705718255], "aligned_model": [[-0.7374749206297299, -0.028342082238270852, 0.4076099241650579, 0.6139078685243733, -0.5373038062811512, 0.12686113984226788, -0.17208120128828172, 0.4944922288482807, -0.060038799465078424, -0.06978993956116814, -0.060038799465078424, -0.10103601008821447], [-0.2389975663872969, -0.6003925338914917, -0.17899097414103626, -0.42293000653690854, 0.5867318119895073, 0.707892892578484, 0.1656212816133868, 0.2880620894844268, -0.13814807907487786, 0.5504952549362827, -0.13814807907487786, 0.08493529855504153], [-0.03973777923280528, -0.01742186168221225, 0.4936046254123808, -0.20568802685952828, 0.10123424307620518, 0.2797761533102986, 0.7062192282504876, -0.19521038085748832, -0.48789237861749923, -0.675725997634268, -0.48789237861749923, 0.09392684330628492]], "inverted": true, "swapped": true, "error_lsq": 0.04744407462147638, "error_max": 0.37538413765826545, "target": "254.xyz", "model": "11.xyz", "model_rescale": 3.6694154284099745, "target_rescale": 3.9553131311429715},
{"mapping": [0, 6, 5, 3, 11, 4, 8, 1, 12, 10, 7, 9, 13], "R": [[-0.9992948630025041, 0.033414434392358985, 0.017124612434904887], [-0.035059037120292916, -0.9936403948634221, -0.10700294207105016], [0.013440263874079468, -0.10752786276078088, 0.9941112201545127]], "T": [0.09861055586511838, -0.0043677840073404, -0.10728495688387339], "aligned_model": [[0.09824575242373294, -0.0820589269588087, 0.5820913348912246, -0.4702191913707351, -0.5124444363621219, -0.524593959071477, -0.30015996291298686, 0.05542231378992679, 0.7121084450130114, 0.5195510362248021, 0.4859125465583297, -0.014023195407700778, 0.08029188127761451], [0.4519394503017323, 0.5192484135372523, 0.6356556619460645, -0.4866433096650555, 0.06899509986374579, 0.11514703498809639, -0.6177427958333664, -0.29270812653088013, -0.0972589327198371, -0.38707256120719324, 0.19348573474422565, -0.311565925190042, 0.040770083275561975], [-0.6573044467759248, 0.006905450325956866, -0.07283038652056194, -0.5375080811048883, 0.30046292189829665, -0.48808804294466573, 0.08597916169987484, -0.901934638643971, -0.38434104284561743, 0.1753366148536925, 0.49522352570557826, 0.6259470712069586, -0.21926274431073375]], "inverted": false, "swapped": false, "error_lsq": 0.04479475659585519, "error_max": 0.21107918473415724, "target": "254.xyz", "model": "12.xyz", "model_rescale": 3.9764082729961374, "target_rescale": 3.9553131311429715},
{"mapping": [8, 1, 2, 14, 13, 11, 6, 3, 7, 4, 9, 5, 15], "R": [[0.3798932595691946, -0.25847727551243666, 0.888183882637802], [0.5139323867411641, 0.8573172389866226, 0.029675808243165902], [-0.7691258760387817, 0.4451928231452329, 0.4585288835259502]], "T": [0.009121041236449627, 0.046264869285654917, -0.012192316425878674], "aligned_model": [[0.06399638993641354, 0.04776256022568174, 0.5778726125797767, -0.44866774371218604, -0.5845959574390877, -0.49104869204536283, -0.27722257122480076, 0.10889411592483261, 0.6792915429803651, 0.4594571770898646, 0.2417903672243057, 0.20551771211873465, 0.04707612443627406], [0.4384878096667183, 0.674982527871764, 0.5678544544571335, -0.4340847845384301, -0.08604587357546443, 0.16195755083088212, -0.647914686199663, -0.16248702163949036, -0.08141405995217417, -0.5066015591995172, 0.25631068397807233, -0.3133733682169233, -0.03542184597260353], [-0.5976858670243795, 0.06869969216088606, -0.2139978382563301, -0.4577275877809118, 0.05469967856716859, -0.6179894277553121, 0.12845222149891775, -0.8214582979894275, -0.3371589124691955, 0.07382976665685445, 0.5008816226824897, 0.7191848719161648, -0.07114455966293048]], "inverted": true, "swapped": false, "error_lsq": 0.05345875066338514, "error_max": 0.4118748951704371, "target": "254.xyz", "model": "13.xyz", "model_rescale": 4.170626492500431, "target_rescale": 3.9553131311429715},
{"mapping": [4, 12, 5, 0, 10, 8, 1, 2, 6, 3, 11, 9, 13], "R": [[0.9351402889862896, -0.337352451975476, 0.10819409901086512], [-0.2707530213514055, -0.8774869328408931, -0.39586548741026606], [0.22848510092284807, 0.34089588709694973, -0.9119125795911907]], "T": [-0.0241323477309138, -0.07713003720887576, -0.1762717454192483], "aligned_model": [[-0.06808898273023814, -0.10718880319549413, 0.5409241709327662, -0.3456313412151939, -0.3414894591873484, -0.6143357748495795, -0.28530044902044027, 0.2165158266475666, 0.7973424574619318, 0.46174503932719213, 0.41284566454025173, -0.09357397686917612, 0.056359266252573786], [0.3328245927873671, 0.6444061982933663, 0.6260771109630402, -0.48495985624706406, 0.16329010021805831, 0.33389161858236693, -0.7407827780061297, -0.34945477098170263, 0.08189824800414214, -0.5379996476998837, 0.0832933323215865, -0.28876118946158025, -0.03147313126326233], [-0.7533923100998013, -0.08575540850106453, -0.060380995866792436, -0.4698218134140554, 0.22349184259555757, -0.3614133287897341, 0.11038263252824213, -0.7247786850109071, -0.2621694518244292, -0.011967237564662753, 0.3556814578150017, 0.6026355366128913, -0.13392687593625147]], "inverted": true, "swapped": false, "error_lsq": 0.05538819440271495, "error_max": 0.28562290945037255, "target": "254.xyz", "model": "14.xyz", "model_rescale": 3.9786697098870705, "target_rescale": 3.9553131311429715},
{"mapping": [7, 8, 5, 3, 0, 1, 9, 10, 4, 6, 2, 12], "R": [[0.9820632453407947, -0.09206814810676975, -0.1645455506991798], [-0.11816055334799885, -0.9805746716136343, -0.15656116064435807], [-0.14693490321636027, 0.17319575483828606, -0.9738651676298908]], "T": [0.13883858923550702, 0.010021873347251586, 0.14902595771063018], "aligned_model": [[-0.11231164368421809, -0.5198608430086522, 0.5132069858300436, 0.6190254140232199, -0.04715997137999248, 0.2830250301597948, -0.4399092776433034, -0.2723552569653343, 0.649973374513978, 0.21234263907293344, -0.44246441911804396, 0.03984256496691117], [-0.4138668856121749, 0.07885594066658684, 0.07098221446201926, -0.6076978525724754, 0.3379968899839559, 0.6666349723538333, -0.37529499725645077, 0.2825603396988686, -0.04740487110276663, -0.6648912189352285, 0.7041414914728356, -0.017341532934564145], [-0.47196005503409755, -0.17007888026594573, -0.4226722142689636, -0.3353914965528072, -0.4527207088065335, 0.052919800485600965, 0.42375055006148, 0.5875318145965361, 0.21238414393466243, 0.2572447123246431, -0.10382144856352152, 0.08278027596277679]], "inverted": true, "swapped": true, "error_lsq": 0.047898935230514667, "error_max": 0.21258435556178898, "target": "254.xyz", "model": "15.xyz", "model_rescale": 3.769337070930944, "target_rescale": 3.9553131311429715},
{"mapping": [10, 11, 8, 9, 2, 1, 0, 4, 7, 6, 12], "R": [[-0.400072348846658, 0.7381792119185668, -0.5431699244063513], [0.668078880449041, -0.17081718456695438, -0.7242182674819623], [-0.6273856271754032, -0.6526200583401512, -0.42482270921623694]], "T": [0.017171357995617663, -0.08592445312446884, 0.05704127455832786], "aligned_model": [[-0.28816453741613834, -0.5264554383792115, 0.04154710441177444, -0.6223444458695913, 0.3927579413396862, 0.5279134043411519, 0.572697338942732, 0.12774005345709571, 0.11751414999081036, -0.432195213067248, 0.011615772940109022], [-0.06896723393105325, -0.6842916900499454, 0.6054957395173239, 0.2910059947737891, 0.3797375656101414, -0.27706740363420135, 0.342500210291098, -0.515221757833499, 0.5569795668575005, -0.07027236017714078, 0.03616586620132903], [-0.5278753220674669, 0.09513573682925486, -0.1915445429703445, -0.031472904445931926, -0.6680384764809609, -0.34764850731812624, -0.052982900164354, 0.32546118293865745, 0.5097967192279895, 0.577086006407984, 0.056300615267075735]], "inverted": false, "swapped": true, "error_lsq": 0.04829970106721609, "error_max": 0.25316121812045367, "target": "254.xyz", "model": "16.xyz", "model_rescale": 3.7852294659196426, "target_rescale": 3.9553131311429715},
{"mapping": [7, 11, 6, 3, 8, 2, 0, 1, 5, 4, 10, 9, 12], "R": [[-0.839032350814066, 0.5440523829642965, -0.005631951552791364], [0.3322839414523705, 0.5205867958302104, 0.7864965163687077], [0.4308272235366517, 0.6580246139758799, -0.6175690332761145]], "T": [0.002453203395837572, -0.05000092706695061, -0.15577584522819948], "aligned_model": [[0.17976810746200553, -0.24645072113603178, 0.6372291842851466, -0.4724092603081518, -0.5583624541825092, -0.38422854377436966, -0.05534981510145621, 0.07950060526684424, 0.5754363296688458, 0.5185564857943163, 0.5320613487198202, -0.19011689877208457, 0.014489270172435603], [0.5274034555692455, 0.6052857863163912, 0.5605798178385752, -0.6087935889589251, -0.013983835995472094, 0.18944135769388176, -0.6387661102540113, -0.24227614371939044, -0.06467268116263716, -0.5351931792311206, 0.09540480084385203, -0.029155991847951007, -0.013023859582133146], [-0.5115715856256084, 0.060044065922660816, -0.04786920067554146, -0.46359360420778645, 0.17345732232662792, -0.5647154981162235, 0.18446160987930332, -0.8125468046754443, -0.47777598062964394, -0.15932061982906262, 0.4338235628247267, 0.6866872281100884, -0.07249513276010196]], "inverted": false, "swapped": false, "error_lsq": 0.04915434279125354, "error_max": 0.2963460751885814, "target": "254.xyz", "model": "17.xyz", "model_rescale": 3.901054581598922, "target_rescale": 3.9553131311429715},
{"mapping": [13, 5, 2, 11, 10, 9, 6, 12, 3, 1, 8, 4, 14], "R": [[0.08922508504775856, -0.06431707318235061, 0.9939326930408701], [0.810571490201413, -0.5752188392938693, -0.10998702738993701], [0.5788028537169467, 0.8154671060310588, 0.000809635997742808]], "T": [0.11356906313106951, -0.056437779860233295, -0.08742463228774874], "aligned_model": [[0.1357725283336772, -0.03809062546845615, 0.6571352124760336, -0.463652191255398, -0.6438756863360167, -0.3961192144654718, -0.08802914325549227, 0.0541079370739113, 0.6196323011686273, 0.4837236170201332, 0.30652473337345276, -0.08263056098461616, 0.08562473041442756], [0.4746650954178154, 0.5466694225710513, 0.5649025987633995, -0.47246409280884655, -0.044260394796632005, 0.25448418228588565, -0.7772203032874812, -0.23405175372540096, 0.04337615882464396, -0.5325038715455286, 0.2715898695559707, -0.20373711146608905, -0.05919997227848402], [-0.5823376956685457, -0.029570607146668634, -0.1344360901064236, -0.44862917177413353, 0.22655452454693123, -0.3662346293649199, -0.027788549471126835, -0.806377172343801, -0.6507567423826097, 0.2619064885968817, 0.45625194682860926, 0.6644946348647427, -0.13449157403494177]], "inverted": true, "swapped": false, "error_lsq": 0.0448681726929039, "error_max": 0.24337789127820492, "target": "254.xyz", "model": "18.xyz", "model_rescale": 3.9405287249114394, "target_rescale": 3.9553131311429715},
{"mapping": [12, 1, 3, 7, 8, 4, 9, 13, 14, 11, 10, 5, 15], "R": [[0.6767632928591514, -0.20632387866056662, 0.7066978863226481], [-0.21546856062617958, -0.9734027872941463, -0.07784801262504738], [0.7039635962321638, -0.0995864989968366, -0.7032195847652652]], "T": [-0.015522247317927354, 0.06569652292671528, -0.14061178718731845], "aligned_model": [[0.11558956203332531, -0.06514777754674908, 0.5491584538275809, -0.49139907593909626, -0.6592465579073926, -0.5367985699843129, -0.15579479238714816, 0.2419301048248652, 0.7088020220204446, 0.43054314404419897, 0.6661843975000762, -0.17810041132257254, 0.004403138931591985], [0.38567665847938376, 0.6837344721329769, 0.7033203122463296, -0.4033272851870863, -0.07585119904545355, 0.19978952193497113, -0.6760743315924097, -0.3933106994824071, 0.011523110090587402, -0.4654114479177109, 0.0938770325941632, -0.30089767173968385, 0.06920135499664357], [-0.5655370376840728, 0.0854099464355019, -0.14016021052913172, -0.36238523092039754, 0.2306770624925019, -0.6355411676654434, -0.002374818751570834, -0.5581767540180776, -0.4092352341633887, 0.05474222949594676, 0.24975463840841497, 0.5877011124544773, -0.1062891730107656]], "inverted": false, "swapped": false, "error_lsq": 0.04149347400933944, "error_max": 0.2328295453594597, "target": "254.xyz", "model": "19.xyz", "model_rescale": 4.410303926677745, "target_rescale": 3.9553131311429715},
{"mapping": [1, 2, 7, 3, 6, 0, 10, 5, 8, 9, 12, 11, 13], "R": [[0.6907921769207009, -0.4084480072459976, 0.5966375731396175], [0.6793770080115509, 0.08420732253501373, -0.7289417039906259], [0.24749353383559736, 0.9088890758548358, 0.3356599447376919]], "T": [-0.032012590721057, 0.04676859482155643, -0.0898724874072816], "aligned_model": [[0.1816498660119428, -0.18255511883299255, 0.492705170577844, -0.6024609266640494, -0.5257802314078666, -0.5612853601780136, 0.0914334144415978, 0.15413806361985063, 0.6570317865124081, 0.4665939082910638, 0.5002417887770478, -0.06912922284071576, 0.027540499786694428], [0.4614651750357915, 0.686208079989924, 0.5230890868396958, -0.22996298901979456, -0.08190182286966041, 0.36930849642324526, -0.7646549088130237, -0.5021014743981496, -0.17500175437039947, -0.3388699790761713, 0.21055117338764312, -0.3270781166109457, 0.0011988609921492616], [-0.6776607078692368, -0.0058319032150474515, -0.15801369977380597, -0.44196767656347424, 0.18606820151026088, -0.44903501316530037, -0.12843405591785934, -0.692500319465831, -0.3488963083765215, 0.1867701995620597, 0.4205738660441858, 0.6490417948101332, -0.11152901503556814]], "inverted": false, "swapped": false, "error_lsq": 0.050378684750375574, "error_max": 0.2822597494002647, "target": "254.xyz", "model": "20.xyz", "model_rescale": 4.121658175737393, "target_rescale": 3.9553131311429715},
{"mapping": [10, 2, 6, 11, 3, 4, 7, 9, 8, 5, 1, 0, 12], "R": [[0.9958615782490828, 0.05776677376292074, -0.07016207534180813], [0.02271062154673965, -0.9056884939783109, -0.42333506769964163], [-0.08799968543243092, 0.41998970430752575, -0.9032522923521812]], "T": [0.11192827956389219, 0.008572855841032501, -0.16739231532781745], "aligned_model": [[0.01627714495182543, -0.16093074335189222, 0.5227697270199405, -0.5688137955441929, -0.3907564831479654, -0.38894310005713695, -0.19146453908551658, 0.22771930261359696, 0.751628191433295, 0.46509722124864505, 0.29629487248788905, -0.033734205045130264, 0.084980044571454], [0.4322165933647476, 0.6677320788233186, 0.49280628351867056, -0.3286931739270819, -0.14516953858972298, 0.27036916453033516, -0.6020211632179383, -0.31245182944701283, -0.14328171102286047, -0.44849750100438235, 0.31306186875950026, -0.29798578896751104, -0.06583545530975762], [-0.8155048717339983, 0.09196979944600675, -0.30650289955451926, -0.6117017294560465, 0.28682350170193005, -0.26599330802109467, -0.12328107890710513, -0.8047293263333417, -0.31377303790886174, 0.19352584369056874, 0.4289886588983704, 0.7663999358551596, -0.09763612513307335]], "inverted": true, "swapped": false, "error_lsq": 0.05556196316911414, "error_max": 0.2771115495825762, "target": "254.xyz", "model": "21.xyz", "model_rescale": 4.08911054899281, "target_rescale": 3.9553131311429715},
{"mapping": [12, 7, 10, 3, 4, 13, 2, 14, 9, 11, 8, 1, 16], "R": [[-0.3501374094188619, 0.9288379324540504, 0.12109454884483195], [0.33735131241260824, 0.24564638154718582, -0.9087639667406853], [-0.8738408817049814, -0.2773408561089755, -0.39935468320003636]], "T": [0.1086102242386027, -0.010916275477469128, -0.029519128157939473], "aligned_model": [[0.06103798328034101, -0.10757303478537525, 0.509211012290831, -0.4986750823645033, -0.5791406213525311, -0.3957383843609724, -0.3081611625081244, 0.07679541211647041, 0.6179815323380455, 0.6636837489100875, 0.4832344902917246, 0.041921435728765666, 0.06554630851005226], [0.3000205492299993, 0.6626875012455649, 0.6530826378178748, -0.2646777315403533, -0.1137990658329578, 0.25328111869674796, -0.5869452710943778, -0.2897641700497338, 0.03844995881756232, -0.4354473890775753, 0.03199311313059971, -0.4251987400923584, 0.008567316259311808], [-0.6973699191023922, -0.10245018129492925, -0.25258831242477786, -0.5961658462242265, 0.022500980503117357, -0.3650220103265791, 0.09596408494659545, -0.6066276581324255, -0.5251515090201154, 0.2828264273613855, 0.5523549662246122, 0.6442174867486149, -0.023903146714884825]], "inverted": false, "swapped": false, "error_lsq": 0.04971067123162533, "error_max": 0.2765056404942188, "target": "254.xyz", "model": "22.xyz", "model_rescale": 4.204369325754507, "target_rescale": 3.9553131311429715},
{"mapping": [12, 1, 3, 7, 8, 4, 9, 13, 14, 11, 10, 5, 15], "R": [[0.6767632928591514, -0.20632387866056662, 0.7066978863226481], [-0.21546856062617958, -0.9734027872941463, -0.07784801262504738], [0.7039635962321638, -0.0995864989968366, -0.7032195847652652]], "T": [-0.015522247317927354, 0.06569652292671528, -0.14061178718731845], "aligned_model": [[0.11558956203332531, -0.06514777754674908, 0.5491584538275809, -0.49139907593909626, -0.6592465579073926, -0.5367985699843129, -0.15579479238714816, 0.2419301048248652, 0.7088020220204446, 0.43054314404419897, 0.6661843975000762, -0.17810041132257254, 0.004403138931591985], [0.38567665847938376, 0.6837344721329769, 0.7033203122463296, -0.4033272851870863, -0.07585119904545355, 0.19978952193497113, -0.6760743315924097, -0.3933106994824071, 0.011523110090587402, -0.4654114479177109, 0.0938770325941632, -0.30089767173968385, 0.06920135499664357], [-0.5655370376840728, 0.0854099464355019, -0.14016021052913172, -0.36238523092039754, 0.2306770624925019, -0.6355411676654434, -0.002374818751570834, -0.5581767540180776, -0.4092352341633887, 0.05474222949594676, 0.24975463840841497, 0.5877011124544773, -0.1062891730107656]], "inverted": false, "swapped": false, "error_lsq": 0.04149347400933944, "error_max": 0.2328295453594597, "target": "254.xyz", "model": "23.xyz", "model_rescale": 4.410303926677745, "target_rescale": 3.9553131311429715},
{"mapping": [7, 11, 13, 3, 10, 1, 4, 0, 12, 5, 15, 8, 16], "R": [[0.6717327475261521, -0.6764486466929065, -0.3019807018474896], [-0.7350267606078673, -0.6593769998898158, -0.1579798506348556], [-0.09225387304212303, 0.32808413616577303, -0.9401329812877999]], "T": [0.11388588159100957, 0.09660917571229233, -0.030907241382694003], "aligned_model": [[0.08734100240192225, -0.20426513297938834, 0.6259657974365633, -0.45571833324331035, -0.48358153883400135, -0.5479114692485026, -0.0775478260227202, 0.16688454143427262, 0.7097413012760816, 0.507742963663528, 0.4716596970879112, -0.204990490840088, 0.03480312596254356], [0.44406821745033453, 0.6386300472344759, 0.5265351072363282, -0.49042096741870367, 0.01894317237253504, 0.23599860195459693, -0.5477937486495109, -0.24222176248181138, -0.0965398143041101, -0.3915595411536829, 0.02878336233737437, -0.32697830724996446, 0.03480546018244242], [-0.5970330934559023, 0.04468901099083254, -0.24798897027745243, -0.4053369866389192, 0.21563812915085923, -0.5590456738452275, 0.11735731828807745, -0.7037895107757054, -0.5347183381950488, 0.015675332641090473, 0.5828612384365038, 0.5972632534969508, -0.09698634727206407]], "inverted": true, "swapped": false, "error_lsq": 0.040966381682413094, "error_max": 0.2268486173516952, "target": "254.xyz", "model": "24.xyz", "model_rescale": 4.28219845311461, "target_rescale": 3.9553131311429715},
{"mapping": [2, 6, 0, 12, 10, 14, 9, 13, 4, 3, 1, 5, 15], "R": [[-0.3150265022555523, 0.2978074797835413, 0.9011487157298781], [0.49722569330076904, -0.7569714015417743, 0.42398220147719873], [0.8084088772386178, 0.5816399248958568, 0.09038852232966216]], "T": [0.05028205780011432, -0.10565920102244428, -0.1400936187939435], "aligned_model": [[0.0845588631624151, -0.12054535798056018, 0.5132653076434801, -0.5240240206293963, -0.5914288690043551, -0.5583524541724966, -0.004236599481680793, 0.021584300823435272, 0.745132812497464, 0.6608615310917609, 0.41564667031006125, -0.10761113756586174, 0.09527259140054564], [0.35969655605907247, 0.7678394661307728, 0.5659947151246048, -0.46278587442625585, 0.25683887470181244, 0.2313517315036764, -0.7679731363697292, -0.2833957781550134, -0.021754465325146632, -0.4452856650230782, 0.015427549716222538, -0.3366394707700531, -0.047064675656580415], [-0.6411416647467869, 0.001381493718016824, -0.14913238666433326, -0.49653852008370575, 0.15402719030299616, -0.4501456903696152, -0.01663653745855581, -0.7062231135482007, -0.3517324551397387, 0.19440887238533922, 0.3714961558963639, 0.6642685724847026, -0.14544655423248806]], "inverted": true, "swapped": false, "error_lsq": 0.041216858741819726, "error_max": 0.29244185811126483, "target": "254.xyz", "model": "25.xyz", "model_rescale": 4.100010024507729, "target_rescale": 3.9553131311429715},
{"mapping": [1, 5, 7, 3, 10, 9, 8, 6, 4, 11, 4, 12], "R": [[0.22075035495904688, 0.8988057067979933, 0.37870513887827584], [-0.6266131301306834, 0.4282449570820513, -0.6511238299138031], [-0.7474123801043717, -0.09356579589332553, 0.6577386836012966]], "T": [-0.136656510286282, 0.07706341695317936, -0.022720799705718255], "aligned_model": [[-0.7374749206297299, -0.028342082238270852, 0.4076099241650579, 0.6139078685243733, -0.5373038062811512, 0.12686113984226788, -0.17208120128828172, 0.4944922288482807, -0.060038799465078424, -0.06978993956116814, -0.060038799465078424, -0.10103601008821447], [-0.2389975663872969, -0.6003925338914917, -0.17899097414103626, -0.42293000653690854, 0.5867318119895073, 0.707892892578484, 0.1656212816133868, 0.2880620894844268, -0.13814807907487786, 0.5504952549362827, -0.13814807907487786, 0.08493529855504153], [-0.03973777923280528, -0.01742186168221225, 0.4936046254123808, -0.20568802685952828, 0.10123424307620518, 0.2797761533102986, 0.7062192282504876, -0.19521038085748832, -0.48789237861749923, -0.675725997634268, -0.48789237861749923, 0.09392684330628492]], "inverted": true, "swapped": true, "error_lsq": 0.04744407462147638, "error_max": 0.37538413765826545, "target": "254.xyz", "model": "26.xyz", "model_rescale": 3.6694154284099745, "target_rescale": 3.9553131311429715},
{"mapping": [10, 9, 11, 5, 7, 8, 1, 0, 2, 6, 12, 3, 13], "R": [[0.11203222821111586, 0.8630501074090918, -0.49253760459807294], [-0.14714226832745866, -0.4757860171890554, -0.8671659695345675], [-0.9827501883558725, 0.16962363617294354, 0.07368778282704846]], "T": [-0.012404245916605335, 0.03047910817526363, -0.21282370266068462], "aligned_model": [[0.08863342344843661, -0.13792384955678844, 0.6513929628740052, -0.5206018833690129, -0.5158243033391647, -0.4976536839817642, -0.04688134306680065, 0.12613968048234445, 0.6234373905701767, 0.3950740028179183, 0.5455811386133719, -0.12159159813600295, 0.04034170073809277], [0.5404098716396551, 0.5793383875707498, 0.5634752713683254, -0.5255083425836902, -0.10035953233272425, 0.34810980169568473, -0.8373296753998551, -0.44707170639012356, -0.05118391906519669, -0.4008464717940598, 0.1831049047228827, -0.042384337819506776, 0.022495575898162805], [-0.5155657145033425, 0.1717043925337131, -0.10575444998531715, -0.45488075297631053, 0.14154618975842626, -0.48115357021409944, -0.05355694964010649, -0.648351133598208, -0.4390231931442347, 0.13229968495128824, 0.33039861852704755, 0.5844217179512039, -0.2334994771160655]], "inverted": true, "swapped": false, "error_lsq": 0.046878744596350504, "error_max": 0.3206541015782947, "target": "254.xyz", "model": "27.xyz", "model_rescale": 4.103607728864725, "target_rescale": 3.9553131311429715},
{"mapping": [7, 11, 6, 4, 13, 8, 2, 1, 5, 3, 10, 12, 14], "R": [[0.9906696193660901, -0.07547693722342588, 0.11347659323586338], [0.09817223540592532, -0.18231883667258567, -0.9783261490882061], [0.09452998180709733, 0.9803382445573193, -0.17320799288088232]], "T": [0.17675468843399675, 0.05815751683441059, -0.002702462536097322], "aligned_model": [[0.09171383466268529, -0.10335207608555833, 0.4933960776032339, -0.5759807400798329, -0.43989776959641047, -0.42969280971415447, -0.08268110356681044, 0.1644137976411173, 0.6226684850722112, 0.44586884395430204, 0.4363135367941049, -0.1769034282592821, 0.18425698966920528], [0.3406211322240482, 0.6849947857343013, 0.5927466810801184, -0.3587765760030426, 0.11564696604912898, 0.23117971969030196, -0.629342166795047, -0.4382185208079944, 0.20834450841734925, -0.58302842096792, 0.1996423275576211, -0.46819267910707807, -0.06336792956148335], [-0.6607781456715895, 0.023306617566824617, -0.1260714983105614, -0.2875965200810533, 0.18784213116245488, -0.5266917049021623, -0.03955298587554233, -0.7485706571547799, -0.5628320581734181, 0.2801208339406036, 0.4124921049600876, 0.5762405613048119, -0.0993233162216809]], "inverted": true, "swapped": false, "error_lsq": 0.04307982911454137, "error_max": 0.23759152328299402, "target": "254.xyz", "model": "28.xyz", "model_rescale": 4.137296879288765, "target_rescale": 3.9553131311429715},
