[{"mapping": [6, 7, 1, 5, 0, 11, 3, 13, 2, 4, 12, 15], "R": [[-0.09515048524336511, 0.28758732861796665, -0.953016218947156], [-0.9820827354297001, 0.12931935866577138, 0.13707663639435802], [0.1626649499089143, 0.9489836836809447, 0.2701297506356438]], "T": [-0.06587595573970052, -0.01072025613523242, 0.14452040880148675], "aligned_model": [[-0.16069069302723016, 0.21173798586835424, 0.37722571555083373, -0.011248467391015232, -0.12768794742534637, -0.7046368521390393, 0.5720467404924913, -0.30196078772328383, 0.5691558492688978, 0.19482098610145587, -0.6874896927907427, -0.09363037432482607], [-0.36283523659533895, -0.6778266872440959, -0.2783318743851365, 0.5990972294876439, 0.39528715741443854, -0.5140125752030826, -0.24621517669721857, -0.41427757024365464, 0.22905597679478434, 0.292825690442386, 0.019059117540073375, 0.01172898466625837], [-0.5155263068295297, 0.14967576629975884, -0.46939575210671014, -0.012170673069065635, -0.6373930005457766, 0.01419851654308929, 0.39505203124555915, 0.49895778762921117, -0.09414648094105219, 0.5349179084649236, 0.29374087723220715, 0.02404107143094804]], "inverted": false, "swapped": true, "error_lsq": 0.04478798930990449, "error_max": 0.2503266255678462, "target": "255.xyz", "model": "0.xyz", "model_rescale": 3.751011558992144, "target_rescale": 4.126499476101838},
{"mapping": [10, 11, 0, 8, 7, 2, 13, 12, 1, 4, 3, 14, 9, 5, 15], "R": [[-0.1518650908777671, -0.5020422336667465, -0.8514050679832674], [0.9882504054542365, -0.09217340754031406, -0.12192292262714516], [-0.017266449902200665, -0.85991723936511, 0.5101413638889358]], "T": [0.016914841487147093, 0.00135417968868317, 0.04927192568588641], "aligned_model": [[0.04364745197865925, 0.3405804451717309, -0.49944664639380637, 0.2603521289179814, -0.19017463587760494, -0.5825465854705226, 0.42382674294394823, 0.5505930806956908, -0.742588644288528, 0.13454716820865883, -0.2422927764798238, 0.5703900829257368, 0.6387868589686886, -0.11506127911801053, -0.0515271810937643], [-0.07967095033712879, -0.4990413557182733, 0.43830687354581094, 0.5160353422691859, -0.6642042512136873, 0.2533223181092783, -0.4171974124039969, 0.022386866756000427, -0.2393412594584886, 0.290031424696293, -0.2412827706409725, 0.0241423370468713, 0.4995159720972317, 0.6172288484495133, 0.028525366629467985], [-0.7973840516580344, -0.5191885583758209, -0.5186140479521925, -0.48587270751073613, 0.2397266240591978, 0.3572946104360521, 0.10807395271627045, -0.3032934731491897, -0.05106890655804995, 0.513320768845092, 0.6810219070437953, 0.5634296896325902, 0.11740186384356006, -0.0026349077872465515, -0.052546358733311704]], "inverted": true, "swapped": true, "error_lsq": 0.03506427509907048, "error_max": 0.21698639969491876, "target": "255.xyz", "model": "1.xyz", "model_rescale": 3.9405287249114394, "target_rescale": 4.126499476101838},
{"mapping": [0, 8, 5, 13, 12, 2, 6, 11, 14, 3, 7, 1, 15], "R": [[0.499130397916961, -0.06858675769128175, 0.8638082556590053], [-0.494926641567097, -0.8408273209228856, 0.21921915029658534], [0.711278050654152, -0.5369406606497965, -0.4536278889118146]], "T": [-0.04127071913464128, -0.11794363391725973, -0.07939393040575173], "aligned_model": [[-0.335820449775564, 0.20768193790846626, -0.3611252583338308, 0.41097460141593734, 0.5381259066828201, -0.7575332496112585, 0.012543939080686572, 0.6865775869812453, 0.1272296591992275, -0.45716847540030703, -0.03325003009014629, -0.48709774399794126, -0.05515514477540374], [0.7129625943129219, 0.48338874277190835, 0.23679472636435642, -0.4774118792300749, 0.022850186897414998, -0.08106730496436107, 0.31760904553423985, 0.041619137876346995, -0.7135421382412641, -0.6766087444872511, -0.5059840678101599, 0.09711875545997795, 0.0011035390879621798], [-0.02566667514220495, -0.5117828037160869, -0.49323857866260806, 0.022964067939363092, -0.31184574777331997, -0.021704734639506687, 0.5338224316316642, 0.2714322401476532, -0.5130786008476669, 0.12083510941641996, 0.5301036979115056, 0.5529307919671348, -0.041650848643703345]], "inverted": false, "swapped": true, "error_lsq": 0.054005970478659626, "error_max": 0.3115655954401138, "target": "255.xyz", "model": "2.xyz", "model_rescale": 3.932901565614263, "target_rescale": 4.126499476101838},
{"mapping": [1, 7, 3, 6, 2, 5, 4, 0, 10, 8, 13, 11, 9, 15], "R": [[-0.6345316778970302, -0.7071548572318598, -0.3119319759796483], [-0.6713415077147236, 0.7042564508067177, -0.23091866861829785], [0.38297536443549696, 0.06288767280249313, -0.9216154354420206]], "T": [0.15084374746229035, -0.17260457040739174, 0.011030999356516764], "aligned_model": [[-0.31375118095181476, 0.438623839397445, 0.38266487471150556, -0.2290469128354643, -0.2692800213323244, -0.29028596637987475, 0.2973804986172128, -0.7094560359095512, -0.17693894524051546, -0.190367372161533, 0.6888937287109127, 0.3835926647721267, 0.36706994812419397, 0.04071079253038498], [0.10913590637691628, 0.169251714698342, -0.43813564437083924, 0.4544736204698163, -0.5353150243672458, -0.5596403801749554, -0.7115262306954092, -0.045932684021081444, 0.48531943973566105, -0.16545970800917614, 0.05623136765468892, 0.5646115755963621, -0.6041274238472183, -0.11538989069537209], [-0.5802574058911254, -0.5568104994196839, -0.6221526482085685, -0.16529962597930067, -0.44685224448629013, 0.2455975803427108, -0.01353868818451506, 0.16559437736113256, 0.4397506646080217, 0.7139265202217556, 0.05957726906896031, 0.29500763988503287, 0.6486562208793929, 0.03069720285957456]], "inverted": true, "swapped": true, "error_lsq": 0.03797356881092497, "error_max": 0.22261815673632349, "target": "255.xyz", "model": "3.xyz", "model_rescale": 3.9243930471874484, "target_rescale": 4.126499476101838},
{"mapping": [4, 13, 9, 5, 8, 3, 2, 12, 10, 6, 0, 1, 15], "R": [[0.7248612074794782, 0.0538447028127652, -0.6867874328133835], [-0.5187091236759717, 0.6987145938560968, -0.4926852558660703], [0.45333991100133486, 0.713371336900716, 0.5344008427966661]], "T": [-0.08185305013699613, -0.10506633770165028, -0.22301754840474192], "aligned_model": [[0.010455808542836759, -0.2565684557165332, 0.5647293218529571, 0.37000282575335103, 0.6553146056672201, -0.6493016360917162, -0.27587610952307406, 0.3180173616435119, 0.21212029292173273, -0.3171250525870641, 0.2668066147720272, -0.572146464680542, -0.0492232262433548], [-0.6282459047832722, 0.12172493515596788, -0.32833454936381423, -0.3991342878214671, 0.11601312310257511, -0.5505635327880429, -0.5834506265723621, 0.2600493978758104, 0.6546784333810034, 0.4447125974404996, 0.07175963014362252, -0.008029656723186479, -0.04335000536574676], [-0.3970159969898086, -0.7351314564195386, -0.6372810007012887, 0.10677622280410443, -0.08794012722460037, -0.2916008502445489, 0.2782044025292682, -0.5641206864758482, 0.022896266813152988, 0.23635884195910278, 0.5689548861228817, 0.40550800568750883, -0.11853819248942228]], "inverted": true, "swapped": true, "error_lsq": 0.03770884923595847, "error_max": 0.25937722735843705, "target": "255.xyz", "model": "4.xyz", "model_rescale": 3.8936222436046832, "target_rescale": 4.126499476101838},
{"mapping": [11, 7, 6, 10, 1, 2, 4, 5, 8, 12, 0, 15], "R": [[0.351283553685479, 0.18679371065109107, -0.9174464423448914], [0.6915673625623128, 0.6087792660771665, 0.3887446311309696], [0.6311374239804737, -0.7710356119244709, 0.0846737101794219]], "T": [-0.15842699138841332, -0.21040530975141075, 0.13135101653139813], "aligned_model": [[0.18651480377787621, -0.7046469161494229, -0.23971511099097514, 0.36011409212433176, -0.6825965779090994, -0.6226705535957517, -0.25085344419024097, 0.06293868265364902, 0.562961702447202, 0.41299346732562037, 0.06769638929485539, -0.1251884925729474], [-0.5490000713498123, -0.507005676100057, 0.0970516092622224, 0.008209493715818889, 0.2471111849013245, 0.27645929145925247, -0.28667566461463634, 0.26213737870560105, 0.08794361566781289, -0.4751443576534673, 0.6173992563937774, -0.10956315527802936], [-0.5354856817456015, -0.23715825769223164, -0.5523879287165235, -0.5069504487230638, -0.2696140987024125, 0.38661694560731047, 0.6773852908256096, 0.487881897850506, 0.1648840088432613, 0.017556933799932922, -0.0775966775646321, 0.06415273549336316]], "inverted": true, "swapped": true, "error_lsq": 0.04534407516877454, "error_max": 0.25495562821949114, "target": "255.xyz", "model": "5.xyz", "model_rescale": 3.6523030999806103, "target_rescale": 4.126499476101838},
{"mapping": [9, 13, 11, 8, 10, 4, 7, 5, 3, 1, 6, 0, 15], "R": [[-0.4778448058396967, -0.6121889932974373, 0.6299912523341042], [0.8126557633959565, -0.5803821887046376, 0.05241302561148037], [0.33354902450967805, 0.5370113141451349, 0.7748315279651167]], "T": [-0.04532768187042138, -0.12166192441930379, 0.08525050254583699], "aligned_model": [[0.23905081616962773, -0.23818268531684256, 0.2454536035859278, 0.7044202009310339, 0.6437353620718547, -0.28197309417267646, -0.5686347988992193, 0.281846362039215, -0.7462311785980624, -0.1968346971512966, 0.17864435730576125, 0.5752769519324412, 0.044511704766530685], [-0.6567737065503457, 0.15391435730770925, 0.5547913411378946, -0.31539535456527856, 0.37723708647000265, -0.6191016912992139, 0.37227407993488465, -0.6024436136590666, -0.20672026573077062, 0.2280089120631894, 0.4780894747881279, -0.13884125150656465, -0.08421246422738525], [0.6070894781816691, 0.5659635872112986, 0.45424868729577117, 0.18957528744692398, 0.06530190514509793, 0.18046537572882912, 0.01964597844477145, -0.16217572014697326, -0.07805499237522301, -0.6215903935413734, -0.31321059405282337, -0.5429262887428454, 0.005777428886666644]], "inverted": false, "swapped": true, "error_lsq": 0.04609979049206758, "error_max": 0.2724308820249707, "target": "255.xyz", "model": "6.xyz", "model_rescale": 4.08911054899281, "target_rescale": 4.126499476101838},
{"mapping": [10, 0, 8, 11, 13, 14, 12, 9, 7, 6, 3, 2, 4, 5, 15], "R": [[-0.9459810439775348, -0.029115864595273662, 0.32291195528199856], [-0.014893827784454656, 0.998810628807461, 0.04642738066240283], [-0.3238796664335394, 0.03911002697665063, -0.9452895680482173]], "T": [-0.049181378535658696, 0.0012389141414334282, 0.03713009479202772], "aligned_model": [[0.049714034878154026, 0.4321499522851148, 0.5895497334471388, -0.3804258002306143, -0.42047928604301693, -0.06844739810702229, 0.10617087876991428, 0.49330877538625867, -0.7592165670297031, -0.30690012748377443, -0.4453573079478769, 0.062207805483843456, 0.14936435771575857, 0.5444764621344392, -0.009781973459059595], [-0.7003884050570082, -0.7019567286168714, -0.25656667356829443, -0.35530234175141806, 0.22248079389872244, 0.7312623742548034, -0.0032728155513936444, 0.4491488658569712, -0.02613944560276753, -0.7071151566879601, 0.3617992581408529, -0.03618151832743649, 0.48452749400766304, -0.04394702962160597, -0.11758985520514478], [-0.43408625710134563, 0.2692666060661898, -0.33178322293573986, -0.6272928900193904, -0.3596195790522076, -0.1575668938902307, -0.583677860884268, -0.3431497680295366, 0.16838376228686203, 0.058390797194848236, 0.5251979067941, 0.7469977447291676, 0.23593900832399814, 0.2491259015656923, 0.04794477703394057]], "inverted": false, "swapped": true, "error_lsq": 0.03564010012808145, "error_max": 0.24445268521257313, "target": "255.xyz", "model": "7.xyz", "model_rescale": 3.964800864290218, "target_rescale": 4.126499476101838},
{"mapping": [11, 9, 13, 10, 7, 8, 6, 4, 5, 2, 0, 1, 3, 15], "R": [[0.025774416632550257, 0.9548342064294797, -0.29601911708441725], [0.7370236627715909, -0.218207330027807, -0.639673105294325], [-0.6753753030441672, -0.2016858927994764, -0.7093595707986734]], "T": [0.1483445173660971, -0.03473106099613919, 0.007993501500698177], "aligned_model": [[-0.3428898906978035, 0.3715856461166439, 0.28856005190660294, -0.6710190701371872, 0.26807693908683655, -0.3021958235328277, -0.4725555354937654, 0.6344853593832613, 0.08363211573026512, 0.31594627670513525, -0.5117964514951261, -0.13124072326011238, 0.6963848827442713, 0.03421411240467863], [0.11725439101777192, -0.7733353296097235, 0.09944672004879902, -0.1104535014654749, 0.6564606848858091, -0.6731261786798811, 0.3873458215225667, -0.2668373767070337, -0.4800277300574067, 0.12871609907558745, -0.20184860644094554, 0.5608381355473703, 0.4020065923352487, -0.03549125529148547], [-0.6353505864597241, -0.20214644909319257, -0.5456817969556854, -0.20883701206853178, -0.1653419718636761, 0.006186457978775831, 0.07849662404521575, 0.15734873188267756, 0.45176912610159914, 0.688371775434333, 0.5704318973503862, 0.4684036961093317, 0.19260470891198916, 0.06055983735152316]], "inverted": false, "swapped": true, "error_lsq": 0.05089537415140844, "error_max": 0.3161647283328681, "target": "255.xyz", "model": "8.xyz", "model_rescale": 4.121658175737393, "target_rescale": 4.126499476101838},
{"mapping": [0, 5, 2, 1, 8, 10, 4, 13, 3, 9, 6, 7, 15], "R": [[-0.39632197237772243, -0.6759896014494798, 0.621262386550808], [-0.5261699528727096, 0.721758013317305, 0.44967827488793344], [-0.7523789436876624, -0.14867221981402828, -0.6417339761544552]], "T": [0.03514122631909627, -0.0928580229357121, 0.061968061206539214], "aligned_model": [[-0.5890377005529542, -0.24425540294827025, 0.2894103656373816, 0.1400992097393387, -0.6891977068205835, -0.7017767611232035, 0.32297411340147747, 0.20527021995444686, 0.7387491762446581, -0.1854631198969525, -0.25480134724285664, 0.5039297718466271, -0.05916332180391227], [0.187471691959734, -0.380202067357131, 0.026652678179157285, 0.6051578625836814, -0.3803889732093729, 0.2648858286328102, -0.5336042194016495, -0.11761642668272501, -0.006227445943284726, -0.8521207504788963, 0.6032332261067024, 0.39898361017881756, -0.025837575156133635], [-0.49648268871326784, -0.4266877963067339, -0.6004399072081956, -0.32092326440164104, 0.005423803860243458, 0.292353096702532, -0.12620277693563295, 0.6229168611356515, -0.08836594610588491, 0.1819076251956705, 0.05679720736414751, 0.307846438113324, 0.012932781258875613]], "inverted": true, "swapped": true, "error_lsq": 0.0449015707543562, "error_max": 0.2970366862600803, "target": "255.xyz", "model": "9.xyz", "model_rescale": 3.833441315466971, "target_rescale": 4.126499476101838},
{"mapping": [10, 11, 1, 3, 7, 6, 13, 4, 5, 2, 8, 9, 12, 0, 15], "R": [[-0.4854237089266063, 0.28300775422757213, 0.8272064034199708], [-0.231217609806124, 0.8709136228281246, -0.43364487600793117], [-0.8431501881204085, -0.4017661914838743, -0.35732574445883747]], "T": [-0.053838496008624434, 0.13624325383811622, 0.003809496240464394], "aligned_model": [[0.07599521295395674, -0.001020626615057127, -0.7679252007596391, -0.5194577806990376, -0.6532319463136627, -0.4845040401944193, -0.004353435943791575, 0.12539753009924254, 0.22752457277327393, -0.42175689496991164, 0.5465683375491304, 0.7161258356086921, 0.43720149505692546, -0.08152256906986347, -0.07119547118130676], [-0.7016010723838022, -0.5303704430285966, -0.04729365745657452, 0.6759796159714828, 0.14311373798188312, -0.47083175967095114, 0.0993381404441054, 0.6623257397213851, 0.2393552687482563, 0.4785858663989623, -0.24106033796453427, 0.35001672378054444, -0.18143691766478234, -0.31759227541558055, 0.04257290983318093], [0.07637767911932075, -0.476959563314962, 0.32199576595884516, -0.1267763335364755, -0.3996844403830641, 0.12473748187958436, -0.5796368599990305, 0.06401672092685012, 0.5602413063477409, 0.5187439647320802, 0.3319738213826363, -0.027614978321588463, -0.2560293638131715, 0.7609872999142502, 0.0857494069290766]], "inverted": false, "swapped": true, "error_lsq": 0.045478881613896356, "error_max": 0.3624724897816423, "target": "255.xyz", "model": "10.xyz", "model_rescale": 4.2482417240324, "target_rescale": 4.126499476101838},
{"mapping": [9, 14, 2, 7, 8, 0, 5, 6, 13, 10, 12, 15], "R": [[0.5136243934201199, -0.33048834804812666, -0.7918127520368907], [-0.3517013585783525, -0.922845689188901, 0.15704135862760518], [-0.7826213240501152, 0.1978213480640634, -0.5902292583328632]], "T": [0.08449739203730347, -0.08691223583131269, -0.0009020934555452817], "aligned_model": [[-0.696780245927626, -0.28562415171167366, 0.42104805675270585, 0.6891670398264517, -0.49645773269599547, 0.12767770755278957, -0.21243236745931263, 0.550518029063409, 0.04757378311630667, 0.006652782337016855, -0.3808946669765384, 0.10631736848547292], [-0.24472567482175012, -0.7448158051237119, -0.05732800027570094, -0.36260540100847793, 0.43560737567828367, 0.7335319535152514, 0.18276534550360723, 0.44989738174896643, -0.41238299350613367, 0.6248791595816728, 0.024777900366345654, 0.03653014839228674], [0.064150476867086, -0.0381215183994685, 0.6343760681368211, -0.284618438472966, -0.0025111615167781806, 0.3232246015418648, 0.48748335211289745, -0.252490370260555, -0.48765238074484496, -0.46068386156757635, -0.42574646763124857, 0.007781989789124994]], "inverted": false, "swapped": true, "error_lsq": 0.04486839457961397, "error_max": 0.28270035952606415, "target": "255.xyz", "model": "11.xyz", "model_rescale": 3.6694154284099745, "target_rescale": 4.126499476101838},
{"mapping": [7, 3, 4, 14, 13, 1, 6, 0, 9, 8, 5, 12, 2, 15], "R": [[0.5209355113138772, 0.2836126958324091, 0.80510249770748], [-0.5979294546561029, 0.7943674609727451, 0.10705467856366539], [-0.6091851609377931, -0.5371630811126056, 0.5833946040055629]], "T": [0.09662032405384113, 0.028453909237105675, -0.0560615306046086], "aligned_model": [[0.13864531239926664, -0.14343341768696855, 0.01733217352912976, 0.5085507842914727, 0.6198440445272745, -0.4823911522395756, -0.08242261223521918, -0.4527035366998563, 0.4553449751714168, 0.20088619802841357, -0.2553915382337245, 0.6280829058960448, -0.594085128722901, 0.04000584223103623], [-0.3871755311980056, 0.15120194137053808, 0.5577452021199616, 0.5826324377311553, -0.0562123332757398, -0.49971979047501736, -0.6894947949391367, -0.23279751779518604, 0.6561310127622305, 0.14334988709815855, 0.3607450385933462, 0.03777409503202716, 0.15021186483041016, -0.04340422371848846], [-0.6456487907375456, -0.7287252203535879, -0.21754639484043198, -0.3633265688249431, -0.30763453171180816, -0.23106545970330777, 0.08929921314439156, 0.5842839306666843, 0.285800641047231, 0.7097489761538968, 0.3502436226391706, 0.3003341141837455, -0.21675035182182983, 0.030082279810749873]], "inverted": false, "swapped": true, "error_lsq": 0.04512633736957238, "error_max": 0.29081406321658493, "target": "255.xyz", "model": "12.xyz", "model_rescale": 3.9764082729961374, "target_rescale": 4.126499476101838},
{"mapping": [6, 14, 3, 8, 7, 4, 13, 10, 5, 0, 12, 12, 9, 1, 2, 15], "R": [[-0.2948069146901946, -0.8236790406095189, 0.4843983083284157], [-0.8269705132329113, -0.034059232626755254, -0.5612127394457218], [0.4787574054718563, -0.5660325138483293, -0.6711173816646365]], "T": [-0.023353263239565228, -0.11911951146492522, 0.025179574224839244], "aligned_model": [[-0.4682140562015656, -0.14867218312332497, -0.1858974673334992, 0.32636100332858486, -0.460280611896398, -0.735839902475246, 0.1749226510170795, 0.7625223974081239, -0.4910358185138236, -0.3744998588404863, 0.43134662145604075, 0.43134662145604075, -0.01195738428790745, 0.4796680697389979, 0.13099027983365047, -0.1075549888036932], [-0.7272806549245687, -0.5513018411007742, 0.15699471595013686, 0.3225284313028387, 0.4775973348927139, -0.048728095130991994, -0.682977879991759, -0.07021302938978413, -0.3964837315108664, 0.3625391021828957, -0.41246130286823984, -0.41246130286823984, -0.019721202572041546, 0.17857156037899602, 0.6570151314522372, -0.10564160667647904], [-0.10090652401882341, -0.6353668979062042, -0.7531415435974026, -0.4017863062108831, -0.12992424968577282, 0.0823771195950348, -0.10608713234940176, -0.13654395829550048, 0.6632751961853454, 0.43967804442588043, 0.3634282153490348, 0.3634282153490348, 0.6180448512058547, 0.27351833997413255, 0.12544223268537616, -0.04052499386297914]], "inverted": false, "swapped": false, "error_lsq": 0.05096388200687943, "error_max": 0.48313610368605336, "target": "255.xyz", "model": "13.xyz", "model_rescale": 4.170626492500431, "target_rescale": 4.126499476101838},
{"mapping": [4, 9, 5, 8, 2, 6, 0, 14, 3, 12, 13, 10, 7, 15], "R": [[-0.4142588537384254, -0.7986111015042113, 0.43658894930306735], [-0.29090990418008345, 0.5707017990971875, 0.7679003087362111], [-0.8624158102384608, 0.19110145227460718, -0.468742152136199]], "T": [0.062086138729443074, 0.06833217038415594, 0.0966922682230312], "aligned_model": [[0.3859792619945685, -0.011959884881702437, -0.23723388962824993, -0.6062228829608429, 0.19117504151345335, -0.3343052536534991, -0.6760000732343556, 0.5754995035106292, 0.7116638391294916, -0.2200924332240628, 0.3162964679363543, -0.6799882055789559, 0.4764892109611127, -0.04811767979229753], [-0.20590552822300207, -0.7114136253942034, -0.07563801501676636, -0.3227459317710112, 0.46729206712644916, 0.6439341752452915, 0.39492366613363394, -0.4858667214033825, 0.3464710650264516, -0.38589643623273584, -0.12030735966481189, 0.15910041107250295, 0.5246756884280652, 0.12745101259918484], [-0.26717607922795117, -0.06469343860684704, -0.4409821032435942, -0.007993738521582389, -0.48801875055407773, 0.3798753481045283, -0.2619413338049309, 0.11866166588172494, -0.06410849126911652, 0.44827273390179523, 0.5906686293991577, 0.5031314913956749, 0.47371714270369747, 0.0844600249623879]], "inverted": true, "swapped": true, "error_lsq": 0.04631681830000134, "error_max": 0.2490427068331897, "target": "255.xyz", "model": "14.xyz", "model_rescale": 3.9786697098870705, "target_rescale": 4.126499476101838},
{"mapping": [5, 2, 8, 9, 0, 10, 3, 7, 12, 14, 1, 15], "R": [[0.05233305870678212, -0.061970058681908136, 0.9967050530590048], [0.31394416418796056, -0.9464483896666918, -0.07532932675690743], [0.9479980552399437, 0.3168519489040377, -0.030075400861795942]], "T": [0.03337010975590887, -0.03671251246253805, 0.09406220147383096], "aligned_model": [[-0.006983908790274718, -0.6180511487340792, 0.5674321108025866, 0.540402783220123, -0.04635178038670672, 0.5250867871537329, -0.5504544123466835, -0.2870410231097689, 0.672970083966622, 0.20332553550653948, -0.5527018567693645, 0.03572142625460998], [-0.1823239689206534, -0.08166057885894204, 0.04637180029974715, -0.5974868606099504, 0.476722604445611, 0.6350367148050607, -0.29706591499383783, 0.18910981272119148, -0.03614891831702389, -0.7139877634867445, 0.511820896809633, 0.06428666633034757], [-0.5196009637298316, -0.20817931590012304, -0.47021872721053026, -0.1666707356768191, -0.6201367363915968, -0.08221523033696046, 0.43543348176137886, 0.7010778949260243, 0.11571289977744019, 0.3832433502992353, 0.07217908212342485, 0.01934149423218723]], "inverted": false, "swapped": true, "error_lsq": 0.04959602006133754, "error_max": 0.2514955318432595, "target": "255.xyz", "model": "15.xyz", "model_rescale": 3.769337070930944, "target_rescale": 4.126499476101838},
{"mapping": [2, 4, 0, 5, 1, 7, 6, 13, 10, 8, 15], "R": [[-0.9103270727430467, 0.39962536537968973, 0.10772273657972728], [0.40277388441642936, 0.9152618786575689, 0.008300090862066348], [-0.09527758741265771, 0.050943702470150704, -0.9941463275169587]], "T": [-0.04146209546019199, -0.17205343356737143, 0.03614937358076964], "aligned_model": [[-0.27243724251344215, -0.4603895204083944, -0.2218048006509357, -0.5917902025397547, 0.3315302214352498, 0.5704750955399299, 0.4778895620956416, 0.2772389153427663, 0.26247397415365425, -0.4216363956389545, -0.02892347612458865], [-0.020182116958967822, -0.5103640010778553, 0.685567852468059, 0.13115280395737514, 0.23275120104989097, -0.4212785417314573, 0.3693356257687579, -0.5641019360990205, 0.45716825384797377, 0.28304107430333514, -0.047025717902748454], [-0.6281589164061346, -0.11404722241760648, -0.0734570145264942, -0.03181072851427663, -0.5485369194656907, -0.25633445237270125, -0.04006219320384598, 0.334390964491985, 0.521751043476429, 0.5449663159633473, 0.0355167301987656]], "inverted": true, "swapped": true, "error_lsq": 0.04497815034253061, "error_max": 0.2158418291195997, "target": "255.xyz", "model": "16.xyz", "model_rescale": 3.7852294659196426, "target_rescale": 4.126499476101838},
{"mapping": [13, 9, 4, 14, 12, 8, 0, 5, 3, 7, 6, 2, 15], "R": [[0.2509117811453687, 0.37391306852511763, -0.8928786565197926], [0.093339764803518, -0.9274332067941162, -0.3621537453099255], [-0.9634993338808715, 0.00752755748654102, -0.2676048756831688]], "T": [0.01913852268642273, 0.10493133273609145, -0.0585948546805089], "aligned_model": [[-0.017435238873141898, -0.4205292415110876, 0.22580988635434085, 0.11777114792339026, -0.5483075675589872, -0.6950030244844404, -0.2895105618287434, -0.1494286109140338, 0.7294945146397396, 0.4931663643409318, -0.05858716934241269, 0.49892879040387567, -0.03260343893314837], [-0.1472980247243056, -0.5197229013120372, -0.33210079749401805, -0.6348715383367767, -0.08973895495208875, 0.13283103073719482, 0.747363849765551, 0.10027474128976886, -0.03038913099337137, 0.29355133319750104, 0.825795838916876, 0.31623040411892256, 0.213129773489657], [-0.5870483723846567, 0.17811385032827803, 0.2221240607824016, -0.17765646234295457, -0.28145268187609745, 0.25725581877437115, 0.4630060709145713, 0.5504840080444133, -0.10605067218655731, -0.5703048990173443, -0.2658375655631573, 0.4342275483678242, -0.021106006697918456]], "inverted": false, "swapped": true, "error_lsq": 0.03735711311007323, "error_max": 0.2220966046016652, "target": "255.xyz", "model": "17.xyz", "model_rescale": 3.901054581598922, "target_rescale": 4.126499476101838},
{"mapping": [10, 11, 0, 8, 7, 2, 13, 12, 1, 4, 3, 14, 9, 5, 15], "R": [[-0.1518650908777671, -0.5020422336667465, -0.8514050679832674], [0.9882504054542365, -0.09217340754031406, -0.12192292262714516], [-0.017266449902200665, -0.85991723936511, 0.5101413638889358]], "T": [0.016914841487147093, 0.00135417968868317, 0.04927192568588641], "aligned_model": [[0.04364745197865925, 0.3405804451717309, -0.49944664639380637, 0.2603521289179814, -0.19017463587760494, -0.5825465854705226, 0.42382674294394823, 0.5505930806956908, -0.742588644288528, 0.13454716820865883, -0.2422927764798238, 0.5703900829257368, 0.6387868589686886, -0.11506127911801053, -0.0515271810937643], [-0.07967095033712879, -0.4990413557182733, 0.43830687354581094, 0.5160353422691859, -0.6642042512136873, 0.2533223181092783, -0.4171974124039969, 0.022386866756000427, -0.2393412594584886, 0.290031424696293, -0.2412827706409725, 0.0241423370468713, 0.4995159720972317, 0.6172288484495133, 0.028525366629467985], [-0.7973840516580344, -0.5191885583758209, -0.5186140479521925, -0.48587270751073613, 0.2397266240591978, 0.3572946104360521, 0.10807395271627045, -0.3032934731491897, -0.05106890655804995, 0.513320768845092, 0.6810219070437953, 0.5634296896325902, 0.11740186384356006, -0.0026349077872465515, -0.052546358733311704]], "inverted": true, "swapped": true, "error_lsq": 0.03506427509907048, "error_max": 0.21698639969491876, "target": "255.xyz", "model": "18.xyz", "model_rescale": 3.9405287249114394, "target_rescale": 4.126499476101838},
{"mapping": [5, 11, 9, 13, 7, 8, 10, 14, 6, 0, 2, 3, 1, 12, 4, 15], "R": [[0.11717129950631125, -0.45219960213951016, 0.8841868616965938], [-0.958527915478294, 0.18141340515166207, 0.2198031202692902], [-0.2597982329055366, -0.873272406672825, -0.41218949758941315]], "T": [0.03796672385178751, 0.017202870083411786, 0.035245865005981376], "aligned_model": [[-0.5785331319236828, 0.11331278119525648, -0.39894064289769504, 0.29079841433029324, -0.3942334261698944, -0.7078731395489373, 0.3984040456901991, 0.7295997848970919, -0.4634956662712842, -0.31913363050851057, -0.14070466600162757, 0.708725443263406, 0.10057817952356096, 0.4632884776856681, -0.08669236632595834, 0.0381049158246878], [-0.5183824210369714, -0.39192479289183313, -0.035003476720126665, 0.22850535534449715, 0.45170738821020184, 0.04243810076052609, -0.6750783765816012, -0.1403250506667896, -0.311088875858491, 0.2862444183743428, -0.7987395369876531, -0.2747251341269936, -0.14005689817236153, 0.31179985574093494, 0.715018614907443, -0.022413541169049853], [-0.12076364279141705, -0.5530998912726082, -0.5935595875705664, -0.5502088654251912, -0.31121394938810476, 0.15917421862620038, -0.05821883147571314, -0.27550745376858365, 0.48138873049941655, 0.5575199694424539, 0.2753287794417495, 0.47146756960695646, 0.6731083853708641, 0.2153932601205539, 0.21462904740560845, 0.03947287002110703]], "inverted": false, "swapped": false, "error_lsq": 0.043429224876961756, "error_max": 0.2806855159947682, "target": "255.xyz", "model": "19.xyz", "model_rescale": 4.410303926677745, "target_rescale": 4.126499476101838},
{"mapping": [11, 9, 13, 10, 7, 8, 6, 4, 5, 2, 0, 1, 3, 15], "R": [[0.025774416632550257, 0.9548342064294797, -0.29601911708441725], [0.7370236627715909, -0.218207330027807, -0.639673105294325], [-0.6753753030441672, -0.2016858927994764, -0.7093595707986734]], "T": [0.1483445173660971, -0.03473106099613919, 0.007993501500698177], "aligned_model": [[-0.3428898906978035, 0.3715856461166439, 0.28856005190660294, -0.6710190701371872, 0.26807693908683655, -0.3021958235328277, -0.4725555354937654, 0.6344853593832613, 0.08363211573026512, 0.31594627670513525, -0.5117964514951261, -0.13124072326011238, 0.6963848827442713, 0.03421411240467863], [0.11725439101777192, -0.7733353296097235, 0.09944672004879902, -0.1104535014654749, 0.6564606848858091, -0.6731261786798811, 0.3873458215225667, -0.2668373767070337, -0.4800277300574067, 0.12871609907558745, -0.20184860644094554, 0.5608381355473703, 0.4020065923352487, -0.03549125529148547], [-0.6353505864597241, -0.20214644909319257, -0.5456817969556854, -0.20883701206853178, -0.1653419718636761, 0.006186457978775831, 0.07849662404521575, 0.15734873188267756, 0.45176912610159914, 0.688371775434333, 0.5704318973503862, 0.4684036961093317, 0.19260470891198916, 0.06055983735152316]], "inverted": false, "swapped": true, "error_lsq": 0.05089537415140844, "error_max": 0.3161647283328681, "target": "255.xyz", "model": "20.xyz", "model_rescale": 4.121658175737393, "target_rescale": 4.126499476101838},
{"mapping": [9, 13, 11, 8, 10, 4, 7, 5, 3, 1, 6, 0, 15], "R": [[-0.4778448058396967, -0.6121889932974373, 0.6299912523341042], [0.8126557633959565, -0.5803821887046376, 0.05241302561148037], [0.33354902450967805, 0.5370113141451349, 0.7748315279651167]], "T": [-0.04532768187042138, -0.12166192441930379, 0.08525050254583699], "aligned_model": [[0.23905081616962773, -0.23818268531684256, 0.2454536035859278, 0.7044202009310339, 0.6437353620718547, -0.28197309417267646, -0.5686347988992193, 0.281846362039215, -0.7462311785980624, -0.1968346971512966, 0.17864435730576125, 0.5752769519324412, 0.044511704766530685], [-0.6567737065503457, 0.15391435730770925, 0.5547913411378946, -0.31539535456527856, 0.37723708647000265, -0.6191016912992139, 0.37227407993488465, -0.6024436136590666, -0.20672026573077062, 0.2280089120631894, 0.4780894747881279, -0.13884125150656465, -0.08421246422738525], [0.6070894781816691, 0.5659635872112986, 0.45424868729577117, 0.18957528744692398, 0.06530190514509793, 0.18046537572882912, 0.01964597844477145, -0.16217572014697326, -0.07805499237522301, -0.6215903935413734, -0.31321059405282337, -0.5429262887428454, 0.005777428886666644]], "inverted": false, "swapped": true, "error_lsq": 0.04609979049206758, "error_max": 0.2724308820249707, "target": "255.xyz", "model": "21.xyz", "model_rescale": 4.08911054899281, "target_rescale": 4.126499476101838},
{"mapping": [0, 1, 8, 11, 5, 6, 4, 15, 7, 10, 13, 3, 12, 14, 9, 16], "R": [[-0.21797192845871627, 0.2227349661235174, -0.9501985967522494], [0.06102065286024676, -0.9685937519491052, -0.24104485808592652], [-0.974045542225053, -0.1105227512827596, 0.19753481495774805]], "T": [0.017775938686091203, -0.08807147103234923, -0.012220097225932286], "aligned_model": [[-0.3941383325208898, 0.03655840855398401, -0.37714710882402924, 0.12431809142011813, -0.252801913328739, -0.7159799309438163, 0.19388395978180253, 0.6388780868875472, -0.4777982236793966, -0.49709674528666703, 0.04990444155741208, 0.6221848405296819, 0.10250918892220813, 0.5519312148045683, 0.14229403702252902, 0.005705357866260044], [-0.7364836411630689, -0.36065009069863496, 0.08653640470374398, 0.3427781428114188, 0.5589584111724272, -0.1712122468477958, -0.7576194237437631, 0.07223784301451623, -0.2719199222242574, 0.3609565404165954, -0.46323239165689145, -0.4881433946562139, 0.07427640038644405, 0.06198342231853686, 0.5502843310666904, -0.13077475577367367], [-0.11205841142277145, -0.7574358352458183, -0.5547234560508535, -0.6358469168864748, -0.08882957106097078, -0.1134824482347481, 0.07134837645562897, -0.35868808019626874, 0.4635972885425107, 0.4172160137938926, 0.5308747462108578, 0.4662265127470121, 0.7029253082576628, 0.31024580162743653, 0.2785456584532524, 0.004995621852377452]], "inverted": true, "swapped": false, "error_lsq": 0.04004406214394166, "error_max": 0.2735093699981134, "target": "255.xyz", "model": "22.xyz", "model_rescale": 4.204369325754507, "target_rescale": 4.126499476101838},
{"mapping": [5, 11, 9, 13, 7, 8, 10, 14, 6, 0, 2, 3, 1, 12, 4, 15], "R": [[0.11717129950631125, -0.45219960213951016, 0.8841868616965938], [-0.958527915478294, 0.18141340515166207, 0.2198031202692902], [-0.2597982329055366, -0.873272406672825, -0.41218949758941315]], "T": [0.03796672385178751, 0.017202870083411786, 0.035245865005981376], "aligned_model": [[-0.5785331319236828, 0.11331278119525648, -0.39894064289769504, 0.29079841433029324, -0.3942334261698944, -0.7078731395489373, 0.3984040456901991, 0.7295997848970919, -0.4634956662712842, -0.31913363050851057, -0.14070466600162757, 0.708725443263406, 0.10057817952356096, 0.4632884776856681, -0.08669236632595834, 0.0381049158246878], [-0.5183824210369714, -0.39192479289183313, -0.035003476720126665, 0.22850535534449715, 0.45170738821020184, 0.04243810076052609, -0.6750783765816012, -0.1403250506667896, -0.311088875858491, 0.2862444183743428, -0.7987395369876531, -0.2747251341269936, -0.14005689817236153, 0.31179985574093494, 0.715018614907443, -0.022413541169049853], [-0.12076364279141705, -0.5530998912726082, -0.5935595875705664, -0.5502088654251912, -0.31121394938810476, 0.15917421862620038, -0.05821883147571314, -0.27550745376858365, 0.48138873049941655, 0.5575199694424539, 0.2753287794417495, 0.47146756960695646, 0.6731083853708641, 0.2153932601205539, 0.21462904740560845, 0.03947287002110703]], "inverted": false, "swapped": false, "error_lsq": 0.043429224876961756, "error_max": 0.2806855159947682, "target": "255.xyz", "model": "23.xyz", "model_rescale": 4.410303926677745, "target_rescale": 4.126499476101838},
{"mapping": [4, 9, 15, 14, 6, 5, 10, 11, 2, 12, 3, 1, 0, 7, 13, 16], "R": [[-0.9398779901763116, -0.20969673432668742, 0.2695489625186121], [0.18444411774004552, -0.9759590839158959, -0.11612163430275002], [0.28741908602810934, -0.059423447684967316, 0.9559597914410409]], "T": [0.03064367286281492, -0.07271932329201353, -0.049732817122155916], "aligned_model": [[-0.40182089530181486, 0.1335951889176042, -0.3714986476164288, 0.1738456485653045, -0.3701438859980619, -0.5891333422543144, 0.25258757350268174, 0.6207828037212022, -0.4920551561049296, -0.342794960854325, -0.017703921579897884, 0.6424721235588138, -0.10764528050743244, 0.45240615211203977, 0.12756838240478827, 0.0427435901973441], [-0.6024911366254007, -0.2709535416493716, 0.044689060966026456, 0.3386224533537078, 0.552522252101616, -0.017636623551227804, -0.6592330172514653, -0.06530707882738657, -0.46782333495510886, 0.42861192359088346, -0.7628776743725414, -0.4210320175979552, -0.05418586837048697, 0.2175044221906094, 0.6225241117243108, -0.15495830160013546], [0.029011046580265966, -0.6349884566871685, -0.6274966237250228, -0.5678458616939759, -0.21203005930891913, 0.04216049683321701, -0.22445127076233237, -0.2786484161373097, 0.585540907615344, 0.455624880484216, 0.5252410476573408, 0.44085821772724554, 0.6925060174254585, 0.37431610144489186, -0.011933470883855171, 0.03704605227332922]], "inverted": true, "swapped": false, "error_lsq": 0.03682985409156472, "error_max": 0.25140033313037347, "target": "255.xyz", "model": "24.xyz", "model_rescale": 4.28219845311461, "target_rescale": 4.126499476101838},
{"mapping": [0, 3, 4, 7, 13, 2, 1, 9, 6, 14, 8, 5, 10, 11, 12, 15], "R": [[-0.15985137994618218, -0.8739337011737486, 0.4590069958966354], [0.6695703871335478, 0.24567668104330245, 0.7009411281023379], [-0.7253433897149213, 0.41938389852770935, 0.5458883701385913]], "T": [-0.002234029179798971, -0.03681374984563716, -0.009893728690968946], "aligned_model": [[-0.6235981701901938, 0.33653317143412487, -0.33510784177769853, 0.13926289079158888, -0.19578668060458443, -0.6692958582421739, 0.13422033922160106, 0.5968599077461224, -0.561526919596829, -0.3247923643155218, 0.11575334316766904, 0.6887697695643932, 0.022268934532279606, 0.3100656410347997, 0.17967834021447246, -0.060099130217476406], [-0.5570280164379704, -0.4375799002655176, -0.2590469993515639, 0.27220185094848026, 0.47950414211442455, 0.11412551720684472, -0.6534748126952927, 0.19198588282027237, -0.4461621104463109, 0.34587584419901996, -0.5393638043993906, -0.4575364620760086, -0.10075101718306648, 0.1843832114219843, 0.671899038996066, -0.08105673572589661], [-0.10390379802410377, -0.5796907287933382, -0.621821813294288, -0.7099180038805413, -0.23095856647698582, 0.022135605637699708, -0.11471136917184913, -0.22346073623055657, 0.5661466495495898, 0.5642573141009385, 0.45429209569769463, 0.25616421696891395, 0.7806860898236606, 0.3774277031436477, 0.21158758660809063, -0.023321636815847115]], "inverted": false, "swapped": false, "error_lsq": 0.04680950947313949, "error_max": 0.3048534011916338, "target": "255.xyz", "model": "25.xyz", "model_rescale": 4.100010024507729, "target_rescale": 4.126499476101838},
{"mapping": [9, 14, 2, 7, 8, 0, 5, 6, 13, 10, 12, 15], "R": [[0.5136243934201199, -0.33048834804812666, -0.7918127520368907], [-0.3517013585783525, -0.922845689188901, 0.15704135862760518], [-0.7826213240501152, 0.1978213480640634, -0.5902292583328632]], "T": [0.08449739203730347, -0.08691223583131269, -0.0009020934555452817], "aligned_model": [[-0.696780245927626, -0.28562415171167366, 0.42104805675270585, 0.6891670398264517, -0.49645773269599547, 0.12767770755278957, -0.21243236745931263, 0.550518029063409, 0.04757378311630667, 0.006652782337016855, -0.3808946669765384, 0.10631736848547292], [-0.24472567482175012, -0.7448158051237119, -0.05732800027570094, -0.36260540100847793, 0.43560737567828367, 0.7335319535152514, 0.18276534550360723, 0.44989738174896643, -0.41238299350613367, 0.6248791595816728, 0.024777900366345654, 0.03653014839228674], [0.064150476867086, -0.0381215183994685, 0.6343760681368211, -0.284618438472966, -0.0025111615167781806, 0.3232246015418648, 0.48748335211289745, -0.252490370260555, -0.48765238074484496, -0.46068386156757635, -0.42574646763124857, 0.007781989789124994]], "inverted": false, "swapped": true, "error_lsq": 0.04486839457961397, "error_max": 0.28270035952606415, "target": "255.xyz", "model": "26.xyz", "model_rescale": 3.6694154284099745, "target_rescale": 4.126499476101838},
