[{"mapping": [3, 2, 6, 0, 9, 1, 5, 10, 7, 4, 8, 11], "R": [[0.6802546510418869, 0.05538277622879556, -0.730880535951719], [-0.4949766309531696, 0.7701469870821646, -0.40233288841271], [0.540603130351768, 0.6354576039244912, 0.5513092499391009]], "T": [0.026101814249639584, 0.009238983124156198, -0.07841586591487333], "aligned_model": [[0.04341092075600837, -0.6902077101916358, 0.15723223491494898, -0.13440711090605958, 0.24277719309539542, -0.10099230579979127, 0.4745342204430317, 0.6539663374715684, 0.7617376442437443, -0.41879744489659415, -0.4106614387694731, 0.030475439494166666], [-0.5890711270394257, 0.24451991098392056, 0.6168660924579896, -0.062486442126854065, -0.02250063034320173, 0.6216117105554597, 0.13485084847018916, -0.2506516969844565, 0.5853026496448404, -0.6410240296277114, 0.18433808284475378, 0.010856150454429935], [-0.4186480244403706, 0.20494573304762764, -0.4509055922613932, 0.5147820288212975, -0.645338084183796, 0.2543412329818477, 0.608473039869609, -0.08049452818837087, 0.07518715361808646, 0.0992668012238584, -0.5046571787652455, -0.009058010843160838]], "inverted": true, "swapped": false, "error_lsq": 0.06686723283796153, "error_max": 0.48696954497501943, "target": "257.xyz", "model": "0.xyz", "model_rescale": 3.751011558992144, "target_rescale": 3.856883102864885},
{"mapping": [1, 10, 12, 4, 7, 5, 8, 0, 2, 6, 11, 14], "R": [[0.29982629660103755, -0.30023414289021816, 0.9055184433844972], [0.2983257186327845, -0.872075857862911, -0.38792455933454445], [0.9061489709030957, 0.38644942434378643, -0.17190370838238694]], "T": [0.07328997890260551, 0.16902967327049329, -0.02083705408248936], "aligned_model": [[0.248338782527052, -0.6616222567557618, 0.011612060321807734, -0.21195205988912208, 0.14656377376337665, 0.11638845743439534, 0.3211834819269105, 0.7303189004139379, 0.7872955178702589, -0.3495122495107721, -0.5788463519499597, 0.049299923703186734], [-0.5055361348274763, 0.238835500666884, 0.4347786827557353, -0.2924706150603297, -0.1882285568191872, 0.6579024785715657, 0.07552976123021653, -0.14981325394171435, 0.5181780291913145, -0.3686633028841139, 0.2114180766983473, 0.2006808537086926], [-0.02294331394758384, 0.3362132231474638, -0.7118858239926631, 0.5546874311362665, -0.5746190796278611, 0.36546845763191094, 0.5876239797945143, -0.22615802856851555, 0.20726296316741444, -0.33043402485711376, -0.4787152236469131, -0.0586059893569299]], "inverted": true, "swapped": false, "error_lsq": 0.050669073037938085, "error_max": 0.3192983700882473, "target": "257.xyz", "model": "1.xyz", "model_rescale": 3.9405287249114394, "target_rescale": 3.856883102864885},
{"mapping": [6, 9, 4, 11, 3, 2, 0, 7, 1, 10, 8, 12], "R": [[0.5134502528671899, 0.8577118250186344, -0.02644358246951778], [-0.08929921599854176, 0.022757812581219353, -0.9957448126847379], [-0.8534603024468475, 0.5136268170468921, 0.08827799815137372]], "T": [0.08893243639242351, 0.08658173681776245, 0.012442319338910584], "aligned_model": [[0.3691976088814256, -0.7143628063715558, 0.1763949370210524, -0.24289474590199225, 0.056348125971695806, 0.052742692828593896, 0.5393671551933545, 0.6676329667559667, 0.7035177106023834, -0.5743640638985129, -0.5061528532719122, 0.08164125204481112], [-0.35393344508652774, 0.08493971847907926, 0.471887971216688, -0.39146793856298007, -0.2214927979519532, 0.6452671880130736, 0.028664086513167715, -0.20095575589751347, 0.5846716856684611, -0.3176481083759483, 0.32981355044016336, 0.17286536483422402], [0.16328495585446487, 0.08382273555088086, -0.5668547880247611, 0.4235062048799512, -0.4680033303549127, 0.4006825756301491, 0.7172005035111837, -0.44727252662117734, 0.05009435695233472, -0.3163784590021709, -0.4204566907972105, 0.0282690333012584]], "inverted": false, "swapped": false, "error_lsq": 0.05419415690312107, "error_max": 0.35436172768074936, "target": "257.xyz", "model": "2.xyz", "model_rescale": 3.932901565614263, "target_rescale": 3.856883102864885},
{"mapping": [8, 4, 1, 5, 3, 6, 12, 11, 10, 7, 0, 13], "R": [[-0.7147928420835852, -0.44740745509188545, -0.537492104159934], [-0.6955119316343761, 0.3745275847398593, 0.6131820620526554], [-0.07303660630320821, 0.8121303204517918, -0.5788868600534824]], "T": [0.037433487883109094, 0.02855946749916439, -0.09100733423694876], "aligned_model": [[0.3217797605142441, -0.7883442166905841, 0.15971911407402925, -0.1930513272567173, 0.03041721796106483, 0.004009942071119425, 0.3701044386713269, 0.879419953369422, 0.5985281311107103, -0.427664869360452, -0.4180069067701904, 0.07215674216133704], [-0.6249791716442733, 0.24397046730983687, 0.6412945565292306, -0.005983244870325942, -0.1764657737953283, 0.5263078816193834, 0.11575454486019304, -0.11527667407282746, 0.41547068876823934, -0.4948255316420016, 0.2479836370066218, 0.05936013922118579], [-0.2665669250294558, 0.09585006681354244, -0.48896531846463653, 0.5890538664404502, -0.558555086311253, 0.3757063290598518, 0.5907967924337559, -0.3519262003294107, 0.1294874468772449, 0.04861432636943683, -0.5307543181913771, 0.015153591211840872]], "inverted": true, "swapped": false, "error_lsq": 0.04914150058357803, "error_max": 0.30683214603961473, "target": "257.xyz", "model": "3.xyz", "model_rescale": 3.9243930471874484, "target_rescale": 3.856883102864885},
{"mapping": [2, 9, 10, 1, 4, 11, 5, 3, 6, 7, 8, 12], "R": [[0.16447304284986514, -0.9584475632769475, 0.2330812875890896], [-0.45399832940551244, 0.13622441974943128, 0.8805273558277076], [-0.8756906617480341, -0.25064152870666145, -0.4127283477238721]], "T": [0.03581992173062892, 0.12705502828994664, -0.035497253802723366], "aligned_model": [[0.31240568162290855, -0.5463281377310301, 0.1337820884200188, -0.2492908042079673, 0.03348037322745662, 0.00304180048497156, 0.36449446762998367, 0.6419704797896864, 0.6499908875533551, -0.33626944326418745, -0.4812951950308812, 0.08308578136099562], [-0.737462661241713, 0.4393660418288225, 0.5908174339613678, -0.29852071511988354, -0.20016897133152606, 0.8682911706659225, 0.07043276408207827, -0.06091880697637969, 0.4544332272348003, -0.5650486337973429, 0.18515141017550318, 0.0862392598082854], [-0.2007968975568125, 0.2119958965352592, -0.5574700160253212, 0.46225515508991233, -0.5307610724131726, 0.23950939591816003, 0.6444954386938284, -0.2595524001052244, 0.15720472940636063, -0.19506161165024957, -0.38983203242989206, 0.06590798541714146]], "inverted": false, "swapped": false, "error_lsq": 0.04868550562571344, "error_max": 0.2663369727091912, "target": "257.xyz", "model": "4.xyz", "model_rescale": 3.8936222436046832, "target_rescale": 3.856883102864885},
{"mapping": [8, 5, 2, 6, 10, 1, 9, 3, 0, 7, 4, 11], "R": [[-0.7259055631763172, 0.37795496642419957, 0.5746400235842926], [0.6877902323138728, 0.4017978978366068, 0.6045684788572034], [-0.002389494361343225, 0.8340914174413774, -0.5516210634732246]], "T": [0.08092248297963425, -0.016618831463587322, -0.03465997966464948], "aligned_model": [[0.4649983055411302, -0.6716895994931378, 0.22605864626539346, -0.3604915898431441, 0.026389749117308167, -0.002958303440772969, 0.4305347540099945, 0.6196442462557649, 0.7390303274395271, -0.3587035408945599, -0.44298275921999164, -0.06076225588220166], [-0.6474832361388767, 0.22584138795463238, 0.5231139513655056, -0.1300079575501345, -0.21233949462486246, 0.6874099244383017, -0.09745349398923926, -0.011134992195612745, 0.5571388523790659, -0.4920467025634563, 0.35267232385769376, 0.07690095635691668], [-0.05359913931408465, 0.14411069008441588, -0.5294149515147313, 0.6187198107383376, -0.6331472413789453, 0.340061639265698, 0.4686023387147574, -0.23473701882888845, 0.10821931998679915, -0.05575087585395774, -0.5034583784503917, -0.021711622569019276]], "inverted": true, "swapped": false, "error_lsq": 0.041883416850156785, "error_max": 0.24571893789636182, "target": "257.xyz", "model": "5.xyz", "model_rescale": 3.6523030999806103, "target_rescale": 3.856883102864885},
{"mapping": [3, 8, 10, 5, 2, 9, 7, 4, 11, 1, 6, 12], "R": [[-0.9557303785345227, 0.011568713610108222, 0.2940163403820699], [0.2719793127380318, -0.3465587453454734, 0.8977328608595763], [0.11227954839954538, 0.9379569291230694, 0.32807027009653816]], "T": [-0.008737574801383291, 0.05326746566679994, -0.016594890774928116], "aligned_model": [[0.42360468774756166, -0.5807166951498123, 0.13230812743941786, -0.3440653348699525, 0.1073462938421432, 0.04159172887879256, 0.3739393847278155, 0.4543802852661888, 0.7840653060013844, -0.34091725035103326, -0.45925410847465, 0.01678555479745456], [-0.4772344728536546, 0.3260497318300112, 0.6452714802353163, -0.2068020389892661, -0.2918012161200385, 0.7190995613162938, -0.010339193726552141, 0.0401396579165916, 0.3812098500068022, -0.5150369825099591, 0.23777251374470723, -0.015717371560317238], [0.10293989156092012, 0.21173124399459642, -0.5047653510458794, 0.5161552158060925, -0.682675797647182, 0.2605286498612178, 0.5458378582924512, -0.3549454638157074, 0.17958458798165694, -0.23809338586616122, -0.44742803967703254, 0.05902516143501719]], "inverted": true, "swapped": false, "error_lsq": 0.04832319322903653, "error_max": 0.27757867496380767, "target": "257.xyz", "model": "6.xyz", "model_rescale": 4.08911054899281, "target_rescale": 3.856883102864885},
{"mapping": [11, 0, 7, 9, 13, 4, 10, 12, 5, 1, 2, 14], "R": [[-0.14955713939568355, 0.8601190017905865, 0.4876760859572112], [-0.12065030165850843, 0.47366245249899175, -0.872403224319094], [-0.9813644413598301, -0.18931239751111278, 0.032934015593356375]], "T": [0.05820563958752554, 0.11487583222051506, 0.05327720140013689], "aligned_model": [[0.2684159819615591, -0.870159880435475, 0.15303691191525862, -0.357800596785418, 0.1843554948259811, 0.17371260988158857, 0.6699684522958703, 0.6712319452784303, 0.6304883546036472, -0.45189876983580757, -0.450017859751073, -0.012264664099251248], [-0.43071603039431744, 0.26221208504867305, 0.596396669034768, -0.3472271416094483, -0.216914917826108, 0.6637852285455308, -0.049667198479244, -0.08949697421105723, 0.6172267951389054, -0.3678672732704044, 0.2117934601489732, -0.01691318283633697], [0.10497047334751886, 0.08622675282150671, -0.5454161074315685, 0.5307255868661613, -0.5869537214382087, 0.480133270985481, 0.3967109658108251, -0.24744263920477164, 0.02803371249565668, -0.15814333791251045, -0.5651525774818353, 0.12420219202173517]], "inverted": false, "swapped": false, "error_lsq": 0.0427760726606709, "error_max": 0.26046588433335505, "target": "257.xyz", "model": "7.xyz", "model_rescale": 3.964800864290218, "target_rescale": 3.856883102864885},
{"mapping": [9, 5, 0, 8, 6, 1, 7, 4, 2, 10, 3, 13], "R": [[-0.68033507971224, -0.6675704840162471, 0.30247946737465237], [0.015482117628987546, 0.39953250540781193, 0.9165882833400605], [-0.7327376633875606, 0.6282701855037132, -0.26148057415507503]], "T": [0.1274646358667016, 0.0360224287691294, -0.07313979311924307], "aligned_model": [[0.03725087005251748, -0.68089432841049, 0.11495308994195894, -0.19928287257485383, 0.20995054785927592, 0.041551971927694456, 0.4423540261089964, 0.7287360690152056, 0.6540272341916502, -0.49599997561964976, -0.3237860705618336, 0.08020741792483863], [-0.5878766169603639, 0.026673555421160212, 0.6883133035679523, -0.19935724216281542, -0.035690431183860165, 0.6070564208907622, 0.1722685319622214, -0.10807543359057878, 0.4376931693807591, -0.49295748961284136, 0.32585220613540494, -0.0012884545578660464], [0.20338901909399704, 0.1402591441044693, -0.3689766542361477, 0.5817571893493629, -0.6428407350340821, 0.4060877991466124, 0.5506669367572836, -0.4089996816989136, -0.07422327633349424, -0.15441794012080765, -0.561334626973484, -0.02347260317480604]], "inverted": true, "swapped": false, "error_lsq": 0.04791859464743169, "error_max": 0.2712381136794831, "target": "257.xyz", "model": "8.xyz", "model_rescale": 4.121658175737393, "target_rescale": 3.856883102864885},
{"mapping": [8, 4, 0, 9, 2, 5, 7, 3, 10, 6, 1, 12], "R": [[0.4027953360573085, 0.8829226813096497, 0.24125392448509245], [-0.9121081371077117, 0.4091598554424167, 0.025435387086514577], [-0.07625394070066185, -0.23029492292128256, 0.9701286435335783]], "T": [0.14523083577189808, 0.02318563678808329, 0.01984968508850961], "aligned_model": [[0.2662794946804329, -0.630931736531793, -0.03287349372715195, -0.43544011511338765, 0.19653864372363952, 0.11428449077395582, 0.3248305525871795, 0.7381834114369958, 0.673209492210494, -0.3334222466643191, -0.3502697441019631, 0.07867923058122733], [-0.6920647302475456, 0.4540617096228637, 0.6528468313103205, -0.07199253314334782, -0.18718992153830538, 0.5439494758052115, -0.1922446226701361, 0.13748792817386868, 0.5680797322393801, -0.475848897911332, 0.06541770232343498, 0.030108845325522104], [-0.045857790583161626, 0.026586815940671627, -0.4167621230990397, 0.6088761529160841, -0.6400412787539522, 0.35085611097656944, 0.6334820305062199, -0.48811312916673444, 0.04830655917848935, 0.06499179343115308, -0.45725338941302385, -0.03717718105328573]], "inverted": false, "swapped": false, "error_lsq": 0.05496332372160969, "error_max": 0.28131499095625095, "target": "257.xyz", "model": "9.xyz", "model_rescale": 3.833441315466971, "target_rescale": 3.856883102864885},
{"mapping": [3, 11, 0, 7, 2, 12, 6, 5, 1, 9, 8, 14], "R": [[0.621550318845387, 0.5851998147830765, 0.5207843871709781], [-0.728838689350119, 0.6756953399087903, 0.11058920621808166], [-0.2871748005128562, -0.4483045665654074, 0.8464949199770804]], "T": [0.08018529361714948, 0.15329964309025662, -0.014655429401043345], "aligned_model": [[0.11493456273359451, -0.5224082965025996, 0.3308547734108132, -0.3381379368421187, 0.13326741414142135, 0.06283661533584338, 0.4706662144893378, 0.6432669548441885, 0.6402001946357414, -0.3727210493053903, -0.6027173009464598, 0.04902583386093818], [-0.7100242852898533, 0.29824506628882547, 0.6564837699000687, -0.22303728259186545, -0.33372598909208434, 0.6183448900678161, 0.17884195402065464, 0.025496324508970047, 0.6266092576911757, -0.455729226782053, 0.08627836145640072, 0.06482867911187941], [0.07358363637959453, 0.27031627179742734, -0.39909464193052435, 0.3421220502807145, -0.5406198550095369, 0.36803504465892745, 0.5404137634317585, -0.3668493476001215, 0.07462083999509268, -0.30078443306076147, -0.38440068836075797, -0.029448069701823214]], "inverted": true, "swapped": false, "error_lsq": 0.0442989820504649, "error_max": 0.23493714355070397, "target": "257.xyz", "model": "10.xyz", "model_rescale": 4.2482417240324, "target_rescale": 3.856883102864885},
{"mapping": [5, 10, 1, 9, 6, 8, 7, 2, 3, 4, 0, 11], "R": [[0.886781039340558, -0.15481854282488738, 0.43548892874981143], [0.06579385543604384, -0.8903492752867079, -0.45049898621783274], [0.45748284869811323, 0.42814645484228014, -0.7793587468894196]], "T": [0.08423611184294932, 0.10316072943248458, -0.0766500659214792], "aligned_model": [[0.19995736236182482, -0.48710594011708697, 0.14339731306698236, -0.28786870484122196, 0.10326311849674996, 0.014056986268698557, 0.4096472169481874, 0.7498144546340252, 0.6741687512818301, -0.4367766676550905, -0.4895565778244274, 0.016070667234838437], [-0.6256382484807566, 0.2626172434161054, 0.6648479381027376, -0.15355375538290025, -0.31070018737874827, 0.6263172857643826, -0.03819126201443793, 0.07615207189377932, 0.5705595192992956, -0.5947676133200593, 0.33850263283825754, 0.01646589455227848], [0.06351702112998488, 0.17463511538609194, -0.5010955696603583, 0.6125136162508453, -0.5754879681471804, 0.23678244173431134, 0.5001371339048767, -0.39919198321304533, 0.2259874707580633, -0.16198055411099074, -0.5116392769594974, -0.016282876193111306]], "inverted": false, "swapped": false, "error_lsq": 0.037076635935236565, "error_max": 0.2385784517086972, "target": "257.xyz", "model": "11.xyz", "model_rescale": 3.6694154284099745, "target_rescale": 3.856883102864885},
{"mapping": [5, 9, 4, 10, 6, 2, 12, 0, 1, 7, 11, 13], "R": [[0.24835107629175235, 0.18868231491608942, 0.9501161649728067], [-0.6493639049240055, -0.6953883616847436, 0.3078336326902166], [0.7187824857956508, -0.6934219570155776, -0.050176963261151675]], "T": [0.018985920792395472, 0.10577302098195507, -0.03231541873679164], "aligned_model": [[0.28673445658818414, -0.7780490674218433, 0.2672101568069326, -0.2621913124258361, 0.028268546097007116, 0.09157423790973004, 0.38671256305629237, 0.6649986233669863, 0.6604526877530605, -0.3935759002189749, -0.4752320277347484, 0.13216501607851983], [-0.6478179294895204, 0.11316531148775932, 0.559298003678961, -0.0044272278963922995, -0.17919577324203506, 0.5611320532363807, -0.11498525173139057, -3.5205573128138656e-06, 0.6249851650099171, -0.49746261561829297, 0.28965858697009494, 0.12826471744176543], [-0.10290007304203753, 0.06446706156566116, -0.5618231792795167, 0.5265441843616365, -0.5207429493282287, 0.4299536169498991, 0.49476275560210925, -0.3190500971377883, 0.15586702061523824, 0.10209004636347674, -0.54900039711522, -0.07227341867523987]], "inverted": true, "swapped": false, "error_lsq": 0.04669067934732398, "error_max": 0.28800272097896107, "target": "257.xyz", "model": "12.xyz", "model_rescale": 3.9764082729961374, "target_rescale": 3.856883102864885},
{"mapping": [6, 0, 8, 5, 14, 1, 12, 11, 10, 4, 7, 15], "R": [[0.06554718388738706, -0.3709319262883481, 0.9263439278931173], [-0.7873825125693101, -0.5894979289562604, -0.18033571652981012], [0.612970101705192, -0.7175665110749634, -0.33070524126362355]], "T": [0.049866698247158545, 0.06550701463130437, 0.021790503768240096], "aligned_model": [[0.11233460637787125, -0.6362781142725082, 0.2213122027705568, -0.3808154482532054, 0.4516500351071691, 0.15795701680641785, 0.4200818341610054, 0.6782471141145001, 0.6614782499915062, -0.5350331082448878, -0.5472744416759583, 0.0054080329728431395], [-0.6944628010404321, 0.24843678177540363, 0.593891848166052, -0.3939270463106231, -0.3986626254200466, 0.6318251779470329, 0.15182649590998626, 0.17568966955180343, 0.5860718002376097, -0.3247751499924688, 0.23896203972852698, 0.017735328737089925], [-0.025139714864015426, 0.17295243696313634, -0.4153236041231928, 0.5751955436503924, -0.48999532551125835, 0.2881038515250758, 0.5343363409773031, -0.45101234548128344, 0.05481341578092902, -0.12461909332627025, -0.40759220687907133, -0.06382472783175501]], "inverted": false, "swapped": false, "error_lsq": 0.04938728525536936, "error_max": 0.3589473859960675, "target": "257.xyz", "model": "13.xyz", "model_rescale": 4.170626492500431, "target_rescale": 3.856883102864885},
{"mapping": [11, 1, 8, 3, 10, 2, 6, 12, 4, 9, 7, 13], "R": [[-0.04794078836775734, 0.9986540716255479, 0.019792070038095744], [0.5555969014469944, 0.04312779957827234, -0.8303325093033724], [-0.8300685296487132, -0.02881038231699401, -0.5569166885249283]], "T": [0.05259901074026906, 0.14625163613464842, 0.01701984594105414], "aligned_model": [[0.19255666198786556, -0.7139597181667733, 0.2442901051711469, -0.21562923137867918, 0.017078292864844427, 0.0775317114853331, 0.529712028395262, 0.6214558913557245, 0.5727853330675743, -0.40070371876663247, -0.4257889133971879, 0.10973953723683237], [-0.5358381964724321, 0.09022041302019565, 0.49998324870908767, -0.13843731416113697, -0.11507389523184075, 0.5776012546970297, -0.13992752976935519, -0.0019476905354837704, 0.6256709853538864, -0.4953111103901885, 0.39731042611993295, 0.06836092795023951], [0.1387776680406896, 0.024937362474916337, -0.6072275115914408, 0.5848925571529471, -0.48175420133132113, 0.5132536962938787, 0.6478557361825038, -0.4190362629912088, -0.03422864916676015, -0.18102135218948406, -0.5875827350155503, 0.04902826302081929]], "inverted": false, "swapped": false, "error_lsq": 0.04747377703137884, "error_max": 0.21772397796848805, "target": "257.xyz", "model": "14.xyz", "model_rescale": 3.9786697098870705, "target_rescale": 3.856883102864885},
{"mapping": [5, 6, 0, 7, 4, 9, 8, 2, 3, 10, 1, 11], "R": [[-0.9261836362167348, 0.03355498419954375, 0.3755768031171729], [0.08363644784222507, 0.989503637715449, 0.11784521857177126], [-0.367680318478814, 0.14055822275221805, -0.9192684969148328]], "T": [0.0028480472452742656, 0.07062389328494195, -0.01793172423788303], "aligned_model": [[0.4054274525387532, -0.6406429399751858, 0.2095591393774943, -0.3176693613077754, 0.13560043382403164, 0.04613553714872333, 0.4094011804584443, 0.8123792436232034, 0.6844561445543456, -0.5468933114358785, -0.5311317180406723, -0.05755382091017398], [-0.6037770575631136, 0.42416105959929756, 0.5355743922350572, -0.29048649046454605, -0.30330598446897067, 0.5990920370608639, -0.03696592891202853, 0.003182661333830175, 0.657648831847552, -0.49358851151779587, 0.1994545797871664, 0.14162193035262166], [0.14871991139385976, 0.279198739034346, -0.49216494111992204, 0.43344825643630613, -0.48426634709118965, 0.30804662209989875, 0.2908839263632051, -0.32445796877637, 0.17170307080492866, -0.28583056581619015, -0.416604968854164, 0.019218836405281332]], "inverted": true, "swapped": false, "error_lsq": 0.04574202952285659, "error_max": 0.29310098315977834, "target": "257.xyz", "model": "15.xyz", "model_rescale": 3.769337070930944, "target_rescale": 3.856883102864885},
{"mapping": [0, 6, 4, 7, 9, 3, 10, 5, 2, 8, 11], "R": [[0.9674079861401057, -0.2532223597949407, 0.0004741858568522439], [0.018321675579005797, 0.0718633825626307, 0.9972461935001982], [-0.25255911101427897, -0.9647352438604795, 0.0741606681276437]], "T": [0.09716380405265787, 0.014008953898576731, -0.1072470964425381], "aligned_model": [[-0.29252089073775267, -0.3678818235078769, -0.10224238020664089, -0.6075253272306834, 0.439827768493646, 0.30374831975766814, 0.5992159225826726, 0.16869220220673092, 0.11445245328422017, -0.40152604355981936, 0.06838592960900568], [0.03070233018032911, -0.5613303595438319, 0.591772578403734, 0.32552059856535553, 0.22857527758363533, -0.46700139690491416, 0.488382549949573, -0.3949519626598422, 0.4489263503122305, -0.10424100752631944, 0.009709539265392182], [-0.6780915441812683, 5.836499002878637e-05, -0.24290399240968616, 0.08671895862450832, -0.6727447947272218, -0.4155712489284437, 0.03392963830852616, 0.5178864593570589, 0.5574651554624239, 0.6121861984834862, -0.05471558775563543]], "inverted": true, "swapped": true, "error_lsq": 0.043275086362829715, "error_max": 0.23927724392425628, "target": "257.xyz", "model": "16.xyz", "model_rescale": 3.7852294659196426, "target_rescale": 3.856883102864885},
{"mapping": [3, 7, 10, 2, 4, 11, 8, 0, 9, 1, 5, 12], "R": [[0.47910623945943037, 0.030019957855144525, -0.877243417439777], [0.21775272056069672, 0.9641082076666805, 0.15191812465323767], [0.8503181545747796, -0.263807062149816, 0.45537333031307947]], "T": [0.02196119185868624, 0.059561540305450654, -0.02402779668176628], "aligned_model": [[0.25421276245510926, -0.6162024688670349, 0.19819874582007366, -0.26820075691181056, 0.07268504827113588, -0.05509693385095625, 0.4697437384520598, 0.6085297794657968, 0.7314852072648115, -0.41267695809414456, -0.43589468661634806, 0.0622845024666176], [-0.685288564344387, 0.2948721646743666, 0.7150572986023975, -0.1656053961066008, -0.10331012914535029, 0.5662086788449611, 0.1021935491035445, -0.1527509717751859, 0.5428214915927536, -0.4642129340955922, 0.04047502412566663, 0.1421513078133606], [0.13009196428734818, 0.14568683841102428, -0.4582175140952007, 0.46504573077886807, -0.7115498652516069, 0.5006652533056687, 0.4470127684977754, -0.3008090189229629, 0.07744770063460024, -0.1289283820879576, -0.49542222813631426, -0.023128676541252592]], "inverted": false, "swapped": false, "error_lsq": 0.0412988610610971, "error_max": 0.22223448107204047, "target": "257.xyz", "model": "17.xyz", "model_rescale": 3.901054581598922, "target_rescale": 3.856883102864885},
{"mapping": [1, 10, 12, 4, 7, 5, 8, 0, 2, 6, 11, 14], "R": [[0.29982629660103755, -0.30023414289021816, 0.9055184433844972], [0.2983257186327845, -0.872075857862911, -0.38792455933454445], [0.9061489709030957, 0.38644942434378643, -0.17190370838238694]], "T": [0.07328997890260551, 0.16902967327049329, -0.02083705408248936], "aligned_model": [[0.248338782527052, -0.6616222567557618, 0.011612060321807734, -0.21195205988912208, 0.14656377376337665, 0.11638845743439534, 0.3211834819269105, 0.7303189004139379, 0.7872955178702589, -0.3495122495107721, -0.5788463519499597, 0.049299923703186734], [-0.5055361348274763, 0.238835500666884, 0.4347786827557353, -0.2924706150603297, -0.1882285568191872, 0.6579024785715657, 0.07552976123021653, -0.14981325394171435, 0.5181780291913145, -0.3686633028841139, 0.2114180766983473, 0.2006808537086926], [-0.02294331394758384, 0.3362132231474638, -0.7118858239926631, 0.5546874311362665, -0.5746190796278611, 0.36546845763191094, 0.5876239797945143, -0.22615802856851555, 0.20726296316741444, -0.33043402485711376, -0.4787152236469131, -0.0586059893569299]], "inverted": true, "swapped": false, "error_lsq": 0.050669073037938085, "error_max": 0.3192983700882473, "target": "257.xyz", "model": "18.xyz", "model_rescale": 3.9405287249114394, "target_rescale": 3.856883102864885},
{"mapping": [1, 10, 13, 2, 12, 9, 8, 4, 7, 3, 14, 15], "R": [[-0.8717102238373104, 0.2671195995114357, -0.4108143196315782], [0.15929593441457074, 0.9472981515477503, 0.2779406723622945], [0.463407046705696, 0.1768426748018299, -0.8683205499309798]], "T": [0.11554464924322325, 0.06710816089838541, -0.01944769489037964], "aligned_model": [[0.05769804023078369, -0.6604002012519368, 0.03990156043015547, -0.388331689176157, 0.12934230129135177, 0.22800609069764166, 0.5929039344991761, 0.7716414911579152, 0.6574494760530554, -0.43844034063707005, -0.46540904706861985, 0.08470636362901475], [-0.5829233806367307, 0.04434910086716044, 0.6182322991314279, -0.20513116512594415, -0.15610163638909774, 0.7527904164372964, 0.06956878815494892, -0.032819703358760985, 0.513477974515087, -0.49518491039322005, 0.24660363980479716, 0.05975009628297016], [0.0786960202149761, 0.10422789333569249, -0.3961042396943585, 0.6342492287370332, -0.5195737524021157, 0.3064389657473354, 0.5674034051591875, -0.3263945707348024, 0.03269343199943409, -0.3393785121599106, -0.49904454420233074, 0.004681244879848882]], "inverted": false, "swapped": false, "error_lsq": 0.04028625757967074, "error_max": 0.2341770263966023, "target": "257.xyz", "model": "19.xyz", "model_rescale": 4.410303926677745, "target_rescale": 3.856883102864885},
{"mapping": [9, 5, 0, 8, 6, 1, 7, 4, 2, 10, 3, 13], "R": [[-0.68033507971224, -0.6675704840162471, 0.30247946737465237], [0.015482117628987546, 0.39953250540781193, 0.9165882833400605], [-0.7327376633875606, 0.6282701855037132, -0.26148057415507503]], "T": [0.1274646358667016, 0.0360224287691294, -0.07313979311924307], "aligned_model": [[0.03725087005251748, -0.68089432841049, 0.11495308994195894, -0.19928287257485383, 0.20995054785927592, 0.041551971927694456, 0.4423540261089964, 0.7287360690152056, 0.6540272341916502, -0.49599997561964976, -0.3237860705618336, 0.08020741792483863], [-0.5878766169603639, 0.026673555421160212, 0.6883133035679523, -0.19935724216281542, -0.035690431183860165, 0.6070564208907622, 0.1722685319622214, -0.10807543359057878, 0.4376931693807591, -0.49295748961284136, 0.32585220613540494, -0.0012884545578660464], [0.20338901909399704, 0.1402591441044693, -0.3689766542361477, 0.5817571893493629, -0.6428407350340821, 0.4060877991466124, 0.5506669367572836, -0.4089996816989136, -0.07422327633349424, -0.15441794012080765, -0.561334626973484, -0.02347260317480604]], "inverted": true, "swapped": false, "error_lsq": 0.04791859464743169, "error_max": 0.2712381136794831, "target": "257.xyz", "model": "20.xyz", "model_rescale": 4.121658175737393, "target_rescale": 3.856883102864885},
{"mapping": [3, 8, 10, 5, 2, 9, 7, 4, 11, 1, 6, 12], "R": [[-0.9557303785345227, 0.011568713610108222, 0.2940163403820699], [0.2719793127380318, -0.3465587453454734, 0.8977328608595763], [0.11227954839954538, 0.9379569291230694, 0.32807027009653816]], "T": [-0.008737574801383291, 0.05326746566679994, -0.016594890774928116], "aligned_model": [[0.42360468774756166, -0.5807166951498123, 0.13230812743941786, -0.3440653348699525, 0.1073462938421432, 0.04159172887879256, 0.3739393847278155, 0.4543802852661888, 0.7840653060013844, -0.34091725035103326, -0.45925410847465, 0.01678555479745456], [-0.4772344728536546, 0.3260497318300112, 0.6452714802353163, -0.2068020389892661, -0.2918012161200385, 0.7190995613162938, -0.010339193726552141, 0.0401396579165916, 0.3812098500068022, -0.5150369825099591, 0.23777251374470723, -0.015717371560317238], [0.10293989156092012, 0.21173124399459642, -0.5047653510458794, 0.5161552158060925, -0.682675797647182, 0.2605286498612178, 0.5458378582924512, -0.3549454638157074, 0.17958458798165694, -0.23809338586616122, -0.44742803967703254, 0.05902516143501719]], "inverted": true, "swapped": false, "error_lsq": 0.04832319322903653, "error_max": 0.27757867496380767, "target": "257.xyz", "model": "21.xyz", "model_rescale": 4.08911054899281, "target_rescale": 3.856883102864885},
{"mapping": [0, 11, 14, 8, 4, 9, 10, 13, 12, 1, 15, 16], "R": [[-0.8495575579645268, 0.10685463590449329, 0.5165598150176494], [-0.459902958293978, -0.6296427879129259, -0.6261303606931116], [0.2583432303308865, -0.769501167260295, 0.5840605524491842]], "T": [0.05960887690195887, 0.041496156529685566, -0.013517530367319047], "aligned_model": [[0.2655438238195507, -0.6633202740870279, 0.16300017080696172, -0.3758200055333837, 0.27404113608324804, 0.11271319710555663, 0.47317519195770735, 0.6539612894278878, 0.6466078256628922, -0.553314630593344, -0.4782809196222318, 0.0907611748274931], [-0.7015306762391961, 0.17068800558782038, 0.5748865486695419, -0.26340404527613764, -0.318455022513795, 0.6928649954681029, 0.2539271185115728, -0.0016549750102010374, 0.4891530764531796, -0.441327936069106, 0.3671760080363025, 0.010288421671850078], [-0.0882257735722519, 0.20229706377712345, -0.35502524018453996, 0.431678576241836, -0.5709636181600093, 0.27011282484567717, 0.646006084568186, -0.2991976934862753, -0.015758564114204114, -0.15913363810217274, -0.38245413604906237, -0.03144131488431717]], "inverted": true, "swapped": false, "error_lsq": 0.039412006378841395, "error_max": 0.24093879485829123, "target": "257.xyz", "model": "22.xyz", "model_rescale": 4.204369325754507, "target_rescale": 3.856883102864885},
{"mapping": [1, 10, 13, 2, 12, 9, 8, 4, 7, 3, 14, 15], "R": [[-0.8717102238373104, 0.2671195995114357, -0.4108143196315782], [0.15929593441457074, 0.9472981515477503, 0.2779406723622945], [0.463407046705696, 0.1768426748018299, -0.8683205499309798]], "T": [0.11554464924322325, 0.06710816089838541, -0.01944769489037964], "aligned_model": [[0.05769804023078369, -0.6604002012519368, 0.03990156043015547, -0.388331689176157, 0.12934230129135177, 0.22800609069764166, 0.5929039344991761, 0.7716414911579152, 0.6574494760530554, -0.43844034063707005, -0.46540904706861985, 0.08470636362901475], [-0.5829233806367307, 0.04434910086716044, 0.6182322991314279, -0.20513116512594415, -0.15610163638909774, 0.7527904164372964, 0.06956878815494892, -0.032819703358760985, 0.513477974515087, -0.49518491039322005, 0.24660363980479716, 0.05975009628297016], [0.0786960202149761, 0.10422789333569249, -0.3961042396943585, 0.6342492287370332, -0.5195737524021157, 0.3064389657473354, 0.5674034051591875, -0.3263945707348024, 0.03269343199943409, -0.3393785121599106, -0.49904454420233074, 0.004681244879848882]], "inverted": false, "swapped": false, "error_lsq": 0.04028625757967074, "error_max": 0.2341770263966023, "target": "257.xyz", "model": "23.xyz", "model_rescale": 4.410303926677745, "target_rescale": 3.856883102864885},
{"mapping": [11, 3, 12, 10, 7, 5, 15, 13, 6, 1, 0, 16], "R": [[-0.02098829181770126, 0.7333806609259973, 0.6794941484562784], [-0.9997777387080274, -0.01404217798214577, -0.01572547046613243], [-0.001991178153374795, -0.6796731739720685, 0.7335123801220373]], "T": [0.10099086141272426, 0.013214805068575225, 0.11067371951195065], "aligned_model": [[0.21527577505287315, -0.7927033212119282, 0.21645780177658236, -0.27342781135530936, 0.05762392692431281, 0.12027222856501928, 0.5611211017312451, 0.6287233166877788, 0.7173099881876892, -0.5015169983825359, -0.32273142295326185, -0.017336605167155184], [-0.6083355653953607, 0.11541972155470184, 0.6006937679932928, -0.34678478867173457, -0.20567220798385674, 0.6318107224171747, 0.2361753046244668, 0.05106909432052547, 0.4459485470527005, -0.47179054787840025, 0.36993633592815056, 0.014141135328273855], [0.07412810279570785, 0.09991046614785937, -0.42571390952847127, 0.5030955541045878, -0.5155360545992174, 0.2227868469695126, 0.6085521870288306, -0.3522000562236482, 0.006797195313464094, -0.2609301503118879, -0.402741303874626, 0.08974569305787847]], "inverted": false, "swapped": false, "error_lsq": 0.041359626322945445, "error_max": 0.22568595077752424, "target": "257.xyz", "model": "24.xyz", "model_rescale": 4.28219845311461, "target_rescale": 3.856883102864885},
{"mapping": [8, 9, 4, 11, 1, 13, 14, 0, 2, 5, 3, 15], "R": [[0.1914598014588288, -0.9021722327190329, 0.3865597068191425], [-0.9767378001510594, -0.13637951727156283, 0.1654808056085208], [-0.09657336165535195, -0.4092503998526221, -0.907296917243222]], "T": [0.03530050188739234, 0.12137106468699113, 0.05782190286574407], "aligned_model": [[0.15629714744313603, -0.6310231631288816, 0.19869498618023854, -0.1774449999107136, -0.014954508992600951, 0.05698027581802599, 0.44486002521554024, 0.6799975589303774, 0.6421962948167603, -0.45482056325684905, -0.3848766345148036, 0.09316156125508038], [-0.5515307009091857, 0.2000674659223348, 0.565105131515492, -0.149157727614351, -0.20125495779351796, 0.6483848463450342, 0.02759266123840179, 0.11205388381535829, 0.41820384229589436, -0.559119473958888, 0.19589578859735662, 0.12637075983600463], [-0.06263175025706373, 0.13963469985225396, -0.49989746515389577, 0.47975862235012834, -0.49287246095735626, 0.33114024890532034, 0.6931259503835315, -0.44201113607478626, 0.16894266172535854, -0.09048402833546415, -0.5886628876983953, 0.01185211614035845]], "inverted": true, "swapped": false, "error_lsq": 0.038866699075652385, "error_max": 0.19082381531270673, "target": "257.xyz", "model": "25.xyz", "model_rescale": 4.100010024507729, "target_rescale": 3.856883102864885},
{"mapping": [5, 10, 1, 9, 6, 8, 7, 2, 3, 4, 0, 11], "R": [[0.886781039340558, -0.15481854282488738, 0.43548892874981143], [0.06579385543604384, -0.8903492752867079, -0.45049898621783274], [0.45748284869811323, 0.42814645484228014, -0.7793587468894196]], "T": [0.08423611184294932, 0.10316072943248458, -0.0766500659214792], "aligned_model": [[0.19995736236182482, -0.48710594011708697, 0.14339731306698236, -0.28786870484122196, 0.10326311849674996, 0.014056986268698557, 0.4096472169481874, 0.7498144546340252, 0.6741687512818301, -0.4367766676550905, -0.4895565778244274, 0.016070667234838437], [-0.6256382484807566, 0.2626172434161054, 0.6648479381027376, -0.15355375538290025, -0.31070018737874827, 0.6263172857643826, -0.03819126201443793, 0.07615207189377932, 0.5705595192992956, -0.5947676133200593, 0.33850263283825754, 0.01646589455227848], [0.06351702112998488, 0.17463511538609194, -0.5010955696603583, 0.6125136162508453, -0.5754879681471804, 0.23678244173431134, 0.5001371339048767, -0.39919198321304533, 0.2259874707580633, -0.16198055411099074, -0.5116392769594974, -0.016282876193111306]], "inverted": false, "swapped": false, "error_lsq": 0.037076635935236565, "error_max": 0.2385784517086972, "target": "257.xyz", "model": "26.xyz", "model_rescale": 3.6694154284099745, "target_rescale": 3.856883102864885},
{"mapping": [10, 5, 6, 8, 2, 7, 9, 12, 3, 4, 0, 13], "R": [[0.7642121435492972, -0.26510054776454284, 0.5879638587759692], [0.5483259517701756, -0.21293603590084811, -0.8087007451648378], [0.3395857038615134, 0.940414772422133, -0.01736679426688946]], "T": [0.04182415266342037, 0.06048471473375813, -0.013535548041704558], "aligned_model": [[0.11070228283175107, -0.6361687318550258, 0.2639194544337935, -0.21254116567636627, 0.10622590924124381, 0.025762176441119965, 0.5492583421435708, 0.7679026607029433, 0.5584811660419884, -0.5066245381085273, -0.46297742829635796, 0.04512785195517625], [-0.527635141107635, 0.4485003134791453, 0.4784173854353816, -0.20517665424819712, -0.19957728063107236, 0.5187428702463824, -0.05708831047566065, 0.14103185584936026, 0.6491322062830461, -0.5429292805001541, 0.09062221702316733, 0.038571337936170444], [0.09258494122521405, 0.1119556603904642, -0.5107240349318645, 0.509034556620418, -0.6383153640727897, 0.4175908841617099, 0.42640838311325624, -0.32346291304623753, 0.1849358140058502, -0.1166187864236598, -0.4392119955337003, -0.06628257462867101]], "inverted": false, "swapped": false, "error_lsq": 0.04334688168538911, "error_max": 0.21024148729096367, "target": "257.xyz", "model": "27.xyz", "model_rescale": 4.103607728864725, "target_rescale": 3.856883102864885},
{"mapping": [5, 10, 2, 6, 0, 13, 8, 1, 4, 9, 3, 14], "R": [[-0.6191033129905223, -0.7208089637545676, 0.31168176978326173], [-0.7126757108038353, 0.6824023422279644, 0.1625434543500197], [-0.3298551486249804, -0.12149683573186244, -0.9361805914633872]], "T": [-0.093595593498534, 0.1203293231256372, 0.11051400826891514], "aligned_model": [[0.0965855378844575, -0.6027418772011073, 0.23349198375242244, -0.28356501730322825, 0.06516462467042974, 0.059702173283824295, 0.6125990463842768, 0.6401356324814085, 0.63155449590348, -0.5380110363482475, -0.3159427058290102, 0.010095122176604243], [-0.5835289393064941, 0.11659033205703362, 0.5339051316568214, -0.3733676140218374, -0.16026498107775217, 0.6650424082207812, 0.20691269770293336, -0.12285737117614041, 0.6606349352739629, -0.5229925715605266, 0.31021428882837676, 0.10232320269277531], [0.05088939880457121, 0.13356521308341263, -0.4026033989956974, 0.4589996107295974, -0.526474037582187, 0.42620370176455846, 0.5180338564410192, -0.3426521332414735, 0.04857467943987662, -0.13188190759413929, -0.5808876940758051, -0.003872717893743133]], "inverted": true, "swapped": false, "error_lsq": 0.04208609033872901, "error_max": 0.22421966639622778, "target": "257.xyz", "model": "28.xyz", "model_rescale": 4.137296879288765, "target_rescale": 3.856883102864885},
{"mapping": [4, 9, 1, 3, 5, 10, 2, 0, 6, 7, 11], "R": [[-0.04560155934118079, 0.37675152587693334, -0.9251912156603386], [0.43109178698140443, 0.8428998739848873, 0.32199328196942334], [0.901155019396126, -0.38415893870332307, -0.20085203716045366]], "T": [-0.02395342787136956, -0.012545154251262625, -0.011630445540753027], "aligned_model": [[0.4089962516898412, -0.021483783932102596, -0.03661296817669618, -0.5558896047519145, -0.11763000954269179, 0.5309157208908298, 0.6478802071500982, -0.3036031172495111, -0.5596474325835928, 0.23823610957189234, -0.009742362356254338], [-0.31884305114876194, -0.673868752925012, -0.05275819381417806, -0.14417427124575585, 0.6936806401946267, -0.17284465443719824, 0.41152376945681907, -0.45236559879663213, 0.40272801538433917, 0.18389418637495653, 0.042175727604748796], [0.32110458247650453, -0.22584983132884193, -0.7975597706191249, -0.2739843706119869, -0.24748449131289132, -0.41590981278307654, -0.02160700441440641, 0.4426274563941915, 0.3036112890931482, 0.7121908990877185, 0.008615075801764295]], "inverted": false, "swapped": true, "error_lsq": 0.05257877182822064, "error_max": 0.33937517768162223, "target": "257.xyz", "model": "29.xyz", "model_rescale": 3.607286011436655, "target_rescale": 3.856883102864885},
