[{"mapping": [10, 5, 7, 3, 0, 1, 6, 2, 8, 6, 9, 11], "R": [[-0.31440835173632, -0.548304826681914, -0.7749252902027179], [0.15543483474354067, -0.8350405831852109, 0.5277757445941893], [-0.9364760544224815, 0.04548671752301825, 0.34776940351658653]], "T": [-0.0375173715496962, 0.14278840734532414, 0.014976122393430066], "aligned_model": [[0.15497620554380304, -0.5369283430796571, 0.08020198268108741, 0.2627879707673213, -0.6533981045104249, -0.365484975151561, 0.38437777955112745, -0.5255988476825768, 0.23274985101360862, 0.38437777955112745, 0.5669405895636286, -0.10162154461681333], [0.180586908959313, -0.22753720673954456, -0.6582324443634061, 0.747947530466782, 0.16970701852197118, -0.43850140767377355, -0.4085608354285174, 0.1130130697527669, 0.1883630705804254, -0.4085608354285174, 0.18992483889085043, 0.12905905643490614], [-0.6356227110041952, -0.5346910074206729, -0.47605448625873936, -0.11780810809216825, -0.03753773426914426, 0.25250498687450307, 0.2227572125467001, 0.6550074868699065, 0.5876733104170261, 0.2227572125467001, -0.027037619356636143, -0.008141312738133318]], "inverted": true, "swapped": false, "error_lsq": 0.05449798337238668, "error_max": 0.3739432710095548, "target": "258.xyz", "model": "0.xyz", "model_rescale": 3.751011558992144, "target_rescale": 3.8427304105644478},
{"mapping": [6, 1, 4, 12, 0, 8, 5, 2, 13, 10, 11, 14], "R": [[0.2517569105796828, 0.16015092225824046, 0.9544475575301183], [0.7552903206857663, 0.5841126310739755, -0.29723553909018074], [-0.6051074197642647, 0.7957161028405, 0.02609394999920639]], "T": [-0.009474801190445394, -0.005495018747726486, 0.018029400304315983], "aligned_model": [[0.1727228039423446, -0.4586045680600896, -0.028283948157787654, 0.24810751135494016, -0.7081053022665812, -0.3478024678405399, 0.11600944644937825, -0.5230469720485476, 0.10262536129156938, 0.6312079059714839, 0.6481149809770147, 0.03043559201748574], [0.10915744454627158, -0.07913983256989704, -0.6987932812913663, 0.6901614719721051, 0.2813333281487197, -0.5520888436924275, -0.2849220089300105, -0.010127602046199922, 0.2883145735428831, -0.4971823700225996, 0.299576103734028, 0.0309197805817493], [-0.7012651086519496, -0.5097436980481418, -0.3621780497201929, 0.05912080159888298, -0.05373020450399115, 0.18291673350883147, 0.5623273956593949, 0.6660728143439831, 0.6727138092756237, -0.12417807301836761, -0.3154946281304441, 0.02724543780151747]], "inverted": false, "swapped": false, "error_lsq": 0.0518022527245483, "error_max": 0.3534671788365901, "target": "258.xyz", "model": "1.xyz", "model_rescale": 3.9405287249114394, "target_rescale": 3.8427304105644478},
{"mapping": [3, 11, 9, 7, 6, 5, 2, 0, 1, 8, 4, 12], "R": [[-0.5170912773222672, 0.4807202218929547, 0.7081840715381944], [-0.8265604012017225, -0.49533161457986535, -0.2672910300832245], [0.2222937562831526, -0.7235707704577985, 0.6534759567548253]], "T": [0.0028186026443001617, -0.004464350465013027, -0.02778966187467139], "aligned_model": [[0.16803530674894543, -0.5730833985462863, 0.051061584521710224, 0.08748028509127219, -0.43180330116043086, -0.3791403370249797, 0.078043573529871, -0.6215057192823288, 0.21861766688935746, 0.5616683379122469, 0.6762191188419127, 0.0477872261093802], [0.27470991427495783, -0.30249077340976654, -0.7109546343100054, 0.7739113462659027, 0.31188972564866063, -0.5552132627023852, -0.3845218000795648, 0.09268917739849139, 0.3333161768797226, -0.40055060165466616, 0.190153832519638, -0.045730336857729086], [-0.49849641683001084, -0.32296998860498577, -0.41369794193906323, -0.15377984966741326, -0.10766201409268683, 0.2530292912834435, 0.5326272956394265, 0.5233095318739759, 0.6552633460068076, -0.3904085046272715, -0.00904854346215387, 0.035641024535078135]], "inverted": true, "swapped": false, "error_lsq": 0.051123765654398114, "error_max": 0.3068468362736734, "target": "258.xyz", "model": "2.xyz", "model_rescale": 3.932901565614263, "target_rescale": 3.8427304105644478},
{"mapping": [7, 0, 4, 8, 3, 2, 6, 1, 10, 5, 9, 13], "R": [[0.07513074642463052, 0.5201214315988789, -0.8507814451039765], [-0.011218093452401545, -0.8526979803618372, -0.5222837434442479], [-0.9971105883105298, 0.04878371324916224, -0.0582290649130866]], "T": [-0.029769926587076407, 0.10497053980317933, 0.03992602280478649], "aligned_model": [[0.2161652808501572, -0.5907043721297655, -0.08261588809601207, 0.10694221277738115, -0.3784356631932592, -0.37023234840640057, 0.20024434235448632, -0.6030983320439051, 0.1199400857862926, 0.5624063404191505, 0.6417374184600178, 0.06103126685252756], [0.0695610060191146, -0.16771023775373156, -0.6573533095924062, 0.7768178952650233, 0.41183998758666596, -0.6404789670501732, -0.4136246683041272, -0.04526052138979911, 0.1507393610852762, -0.2924609582938526, 0.31768838262105104, 0.06745079378021498], [-0.6294054242430436, -0.20491692787519802, -0.38350762906132063, -0.2222144880691118, -0.17208535475581707, 0.19022647270202966, 0.42051071363348536, 0.4843287553136171, 0.7389521793217264, -0.05049056178888975, -0.1689326477922445, 0.10134214272991318]], "inverted": true, "swapped": false, "error_lsq": 0.04764801576847877, "error_max": 0.2573791125115053, "target": "258.xyz", "model": "3.xyz", "model_rescale": 3.9243930471874484, "target_rescale": 3.8427304105644478},
{"mapping": [0, 5, 1, 3, 6, 9, 8, 11, 10, 7, 4, 12], "R": [[-0.8934287485005906, -0.31513530219752806, 0.32011687344084405], [-0.44306349894965646, 0.735643252103564, -0.5123707071378889], [-0.07402572020018772, -0.5995988216660912, -0.7968697797039855]], "T": [0.011377345863739716, -0.031536278658602285, 0.0758614216689653], "aligned_model": [[0.021435956797422703, -0.5234981909288522, -0.011798974213943228, 0.15668726746095557, -0.4812418062679208, -0.23668039075521086, 0.3511090798158787, -0.6594063095500355, 0.07059211588788479, 0.6593097747651743, 0.5839916839029636, -0.04711986328364613], [0.08490788129428642, -0.027321873940191754, -0.5577390631275659, 0.5772480606490705, 0.488656927023741, -0.6098850259648967, -0.3398031156051198, -0.06406591877327208, 0.34249807715143876, -0.40288050962289523, 0.12291916660038785, -0.03732584171172726], [-0.7665529272826315, -0.46034143053212945, -0.4065634821111474, -0.17156538622339973, -0.014923568564672876, 0.3947148010921699, 0.5070113667009571, 0.4943410406843502, 0.6706047538751091, -0.21603888429113788, 0.10083350091409403, -0.027712554146415116]], "inverted": true, "swapped": false, "error_lsq": 0.04556257571939318, "error_max": 0.23925725930021283, "target": "258.xyz", "model": "4.xyz", "model_rescale": 3.8936222436046832, "target_rescale": 3.8427304105644478},
{"mapping": [1, 6, 5, 0, 9, 7, 10, 8, 3, 4, 2, 11], "R": [[0.4919079649208493, -0.37046291889297844, 0.7878983308604754], [-0.3974257436772124, 0.7096313682481379, 0.5817869880470776], [-0.7746478763348179, -0.5993167333919271, 0.20184182115306648]], "T": [-0.06435747226423877, -0.041062640152704784, 0.08155757095492548], "aligned_model": [[0.12902446433570397, -0.6069170357336295, -0.0027010398536524427, 0.18206406942614317, -0.5085081415531961, -0.34570426312614605, 0.2534976797721958, -0.4873213287675301, 0.06442402679187989, 0.5539117496934984, 0.6570623097259232, -0.005452147080519658], [0.24201614609082234, -0.2979222063591806, -0.5749063747482014, 0.7927450713601818, 0.37791221739573344, -0.6113376071152958, -0.3235407342093396, 0.06667941187728385, 0.38653768537384015, -0.5011069510715539, 0.14992214756092195, -0.12979004218195578], [-0.6434104245709429, -0.4421416857218818, -0.5253857611794633, -0.08202553633185762, -0.014495516104756079, 0.20556552519809915, 0.5491488756079211, 0.6776750532074209, 0.44329686855976186, -0.11008532632495384, 0.09694503141370871, -0.05127987363791005]], "inverted": true, "swapped": false, "error_lsq": 0.045406193133200934, "error_max": 0.22023777774042508, "target": "258.xyz", "model": "5.xyz", "model_rescale": 3.6523030999806103, "target_rescale": 3.8427304105644478},
{"mapping": [10, 9, 11, 6, 8, 7, 3, 5, 1, 4, 2, 12], "R": [[0.5965779892192629, 0.6239936143060412, 0.5047045393934801], [-0.8024354026452605, 0.4746367244794261, 0.3616868871786483], [-0.013861001429912811, -0.6207672261651103, 0.7838723898432928]], "T": [-0.03837471733535544, 0.01007238567483417, 0.04163480415605288], "aligned_model": [[0.18307615417160128, -0.5098844846117149, -0.0010365636780105547, 0.053578084596638945, -0.5710938704604218, -0.31432859631777443, 0.2548168993511928, -0.5092995759065112, 0.23187648325785334, 0.4355705718525693, 0.6922127555454648, -0.062107514170217176], [0.1517584083956394, -0.1267986341837627, -0.7605062075396215, 0.6207769295665628, 0.4203578912088538, -0.596347265089233, -0.457264545215731, 0.03725558866704926, 0.37392575659332217, -0.23735814045109696, 0.20359362554404276, -0.05218464352276951], [-0.6929110583613002, -0.48903245361147024, -0.3819020857391127, -0.16136545288555904, 0.0018955224703341503, 0.19303732572992618, 0.46386172404451176, 0.5329538258126191, 0.5678950810558252, -0.16641711129904876, 0.11236745855428085, 0.12342445434414012]], "inverted": false, "swapped": false, "error_lsq": 0.03859343980062046, "error_max": 0.221921433405747, "target": "258.xyz", "model": "6.xyz", "model_rescale": 4.08911054899281, "target_rescale": 3.8427304105644478},
{"mapping": [8, 4, 0, 10, 5, 6, 1, 7, 13, 9, 11, 14], "R": [[0.05734134589996798, 0.6376442835040421, -0.7681938152347997], [0.16358651532922625, -0.7650610395985196, -0.622833089752683], [-0.984861118154647, -0.08995206169426995, -0.14817963606423534]], "T": [-0.03267577858057123, -0.001688796959182455, 0.04927051614450361], "aligned_model": [[0.12620939123527192, -0.4952692904667805, -0.014824749970607884, 0.0945366956947739, -0.6172603913541038, -0.3567630081871582, 0.47483313094859014, -0.6342583296081065, 0.1372411573506091, 0.578709169472524, 0.4696964450522737, 0.12053012346338472], [0.09877806376345155, 0.03918003756578153, -0.9398530178396473, 0.6406311995917223, 0.4808096171838114, -0.38122786148365817, -0.43459626827844905, -0.007485467288146981, 0.15303993430028273, -0.3201727766637251, 0.2954766835599491, -0.04737138043811611], [-0.6063291223499921, -0.4809996704845485, -0.015424294630440323, -0.25158976192751703, -0.027913293305686947, 0.05705078344638507, 0.35418343302385663, 0.5364602096415556, 0.744311361676778, -0.3240037903292493, 0.11128574868604403, 0.006775626667961103]], "inverted": true, "swapped": false, "error_lsq": 0.059605687037981435, "error_max": 0.43803450608812794, "target": "258.xyz", "model": "7.xyz", "model_rescale": 3.964800864290218, "target_rescale": 3.8427304105644478},
{"mapping": [1, 3, 5, 2, 6, 10, 9, 11, 12, 8, 7, 13], "R": [[0.8403826521580755, -0.5301690777067971, 0.11259550166540193], [0.440828481186719, 0.5477492272071405, -0.7110844072742639], [0.31532086535205667, 0.6472183040810149, 0.6940325775755238]], "T": [-0.08339968090058021, 0.09028277974407167, -0.05802546173608215], "aligned_model": [[0.42424052812661756, -0.6162180890496533, -0.02406598510584758, 0.05070261211331327, -0.6324429807528265, -0.32805526765109183, 0.11090595708849561, -0.45599119236972974, 0.3288517152614015, 0.4747470067006127, 0.5977668027269456, -0.047060763457566546], [0.15871446741527204, -0.08253417405084612, -0.6697766784058645, 0.7253832554834057, 0.2503287448291774, -0.6673487188940102, -0.31226763376838285, 0.05216008894174756, 0.23695036521184903, -0.43336833791675683, 0.2964844337957117, 0.022482951331953147], [-0.6064216811556632, -0.5186788456604164, -0.4013326938016829, -0.18945106227942937, 0.03914741064027804, 0.14513006772449835, 0.46547736577798615, 0.6814713607863715, 0.5577767329856634, 0.01490850497122314, -0.03941728045492964, -0.044802649418753]], "inverted": false, "swapped": false, "error_lsq": 0.04629180372949118, "error_max": 0.2701115251575351, "target": "258.xyz", "model": "8.xyz", "model_rescale": 4.121658175737393, "target_rescale": 3.8427304105644478},
{"mapping": [5, 7, 9, 10, 11, 6, 1, 8, 2, 4, 0, 12], "R": [[-0.8427026307285875, 0.016507202460167625, -0.5381261826282541], [0.05449164349214987, 0.997012089163288, -0.054749930153201606], [0.5356145413939416, -0.07546129026987976, -0.84108421499762]], "T": [-0.0678099839154379, 0.04138937532591334, 0.017834434991004317], "aligned_model": [[0.19013757483081417, -0.5968143065693449, -0.14817475215026316, 0.09403661465022121, -0.5290158846336692, -0.2511257730725463, 0.4098838380555744, -0.6373271326279809, 0.05321895853875881, 0.6101907629545726, 0.6943235964555822, -0.005953152801047842], [0.10474999015759384, -0.05185336330522735, -0.6777830413852961, 0.697053307980922, 0.4763037697232239, -0.5751720720769835, -0.24718313905852232, -0.08737712252222377, 0.2012395731782142, -0.4968163467764559, 0.23299370639088832, 0.001053501667122765], [-0.5399884721226932, -0.39041932018982795, -0.39389649183289677, -0.32914008358847235, -0.016380492193041635, 0.27557335932360183, 0.4221440095821859, 0.45329137210598536, 0.6827753046883668, -0.17908561390879657, 0.05339324698285394, 0.06554041126788114]], "inverted": false, "swapped": false, "error_lsq": 0.039018752329024, "error_max": 0.18891435096694686, "target": "258.xyz", "model": "9.xyz", "model_rescale": 3.833441315466971, "target_rescale": 3.8427304105644478},
{"mapping": [0, 8, 11, 13, 2, 7, 6, 3, 4, 12, 1, 14], "R": [[0.256720732933906, -0.6876967113825015, -0.6790932914081619], [-0.7153016187001869, -0.6077136148417658, 0.34500399507954455], [-0.6499523517664741, 0.3971868521107495, -0.6479232554427902]], "T": [0.01818751924807909, -0.061310054939060665, -0.043020968730486664], "aligned_model": [[0.4026612601006869, -0.5637203647522505, -0.13895445032475587, -0.09940807063463347, -0.48312979694081576, -0.38350744494540534, 0.4585660767116902, -0.558592213954121, 0.11644025060715521, 0.47609142007740984, 0.7266754143387317, -0.06974173665302139], [0.3153190370918459, -0.19044565364577576, -0.6762311098782552, 0.6505480898976563, 0.44907180557574516, -0.5395640465495655, -0.25014527093340955, 0.020836275954349906, 0.1428267361215087, -0.435938352589492, 0.1470185196176344, -0.05608726668898646], [-0.46033791223319537, -0.5452824285914413, -0.2930521240587956, -0.382308163131365, 0.026560349697979657, 0.1889881949506714, 0.4382664250079657, 0.6011055479070303, 0.7215620231063796, -0.15702848390205343, -0.027113723619627605, -0.00755247501840188]], "inverted": false, "swapped": false, "error_lsq": 0.05429511640637579, "error_max": 0.33722368145524634, "target": "258.xyz", "model": "10.xyz", "model_rescale": 4.2482417240324, "target_rescale": 3.8427304105644478},
{"mapping": [1, 8, 3, 0, 10, 7, 5, 9, 4, 2, 6, 11], "R": [[0.03591489173780327, 0.04745625127548864, -0.9982274414011769], [0.9924780799373285, 0.11528549813645195, 0.04118876986928202], [0.11703581244805547, -0.9921981445932605, -0.04295882296241088]], "T": [0.028716956684174042, -0.04051771499666696, -0.04607259246288182], "aligned_model": [[0.16860708783239498, -0.4698284085652903, -0.16739527861587472, 0.05128967483885956, -0.4757319477628149, -0.24979031062556542, 0.260659523611328, -0.5802013694697945, 0.17052898866626762, 0.57559919659272, 0.6125429875921119, -0.01289980046367135], [0.13884857983533289, -0.09722187493100573, -0.6762812685232457, 0.6827006343315298, 0.35286043652979243, -0.6066859413253909, -0.24917678009717883, -0.05214455904096024, 0.4192789908588454, -0.4758553677095388, 0.15470180028394903, -0.013815886238873424], [-0.71495601821342, -0.3997602880210301, -0.5102022312758122, -0.2703161375739058, 0.03000168202167123, 0.19977998174938938, 0.6371917857394019, 0.5092599121776491, 0.6848965704309953, -0.28929724209308755, 0.15768865171976826, 0.06952056345352675]], "inverted": true, "swapped": false, "error_lsq": 0.04540433723858093, "error_max": 0.29240836359332506, "target": "258.xyz", "model": "11.xyz", "model_rescale": 3.6694154284099745, "target_rescale": 3.8427304105644478},
{"mapping": [6, 9, 7, 4, 8, 10, 12, 2, 1, 5, 0, 13], "R": [[0.2853431741419202, 0.7475524943126245, 0.5997870799021827], [-0.8699570104764388, -0.06058995170387166, 0.4893911091094933], [0.402186614513103, -0.6614333874242334, 0.6330496039861274]], "T": [-0.01943002386061107, -0.008704187300717207, -0.05032385962374141], "aligned_model": [[0.3038611367516822, -0.6796175133734528, -0.07413196281827042, 0.12038382956000623, -0.7206361564264239, -0.37378358545118684, 0.2019758549528585, -0.3584214654949404, 0.1471942958831853, 0.6063686830177921, 0.6391224604972092, 0.07106476653221136], [0.07447003401008573, -0.2512213604257146, -0.6454562632801903, 0.7157464447695767, 0.2709905190677393, -0.49868416352034856, -0.4090268625882961, 0.07257095972411909, 0.42266038750495827, -0.4732095471636818, 0.23886317538400675, 0.05950544049100141], [-0.5068539329299454, -0.4376533915733211, -0.42942781644778727, -0.10778704640381676, 0.0014321273985194519, 0.1443090348219967, 0.45215966522450646, 0.50175650261267, 0.6586433002463035, -0.24314901774523176, 0.07520259457987027, -0.004824789668617754]], "inverted": true, "swapped": false, "error_lsq": 0.04191165872124062, "error_max": 0.31559031883947913, "target": "258.xyz", "model": "12.xyz", "model_rescale": 3.9764082729961374, "target_rescale": 3.8427304105644478},
{"mapping": [5, 12, 9, 6, 13, 1, 7, 11, 3, 0, 4, 15], "R": [[0.027934336462261955, -0.6583480775008219, 0.7521951087965044], [-0.511879410242801, -0.6557624264781832, -0.5549370319134668], [0.8586030178236597, -0.36953139091343434, -0.3553131139061535]], "T": [-0.09294314494077323, -0.06016745533713587, 0.04719217843912229], "aligned_model": [[0.28574523031079446, -0.5852926695202101, 0.009273480877192083, 0.0345969632570068, -0.5250767303746594, -0.38948463870481165, 0.5334684897661862, -0.5969477068428515, 0.07737456637929484, 0.47541832201741024, 0.5837082215045664, -0.01940318503924797], [0.02917164591251513, -0.19870502623836506, -0.4358016397206587, 0.6509545728250274, 0.34844310810464146, -0.6217439864497054, -0.25011960201361516, 0.19396333428690693, 0.18745087248899034, -0.4832027655091637, 0.1588601871631085, -0.0020619368764255783], [-0.6953962306220149, -0.3344003031999392, -0.4110106668669035, -0.20119821501976706, -0.09695537780359223, 0.04300643588115223, 0.4247638203823992, 0.6057095390433969, 0.8333985688029366, -0.11128274931621457, -0.05297539060229834, 0.10014779943599116]], "inverted": true, "swapped": false, "error_lsq": 0.04962240445060678, "error_max": 0.27215937943284374, "target": "258.xyz", "model": "13.xyz", "model_rescale": 4.170626492500431, "target_rescale": 3.8427304105644478},
{"mapping": [4, 2, 6, 8, 0, 3, 11, 1, 10, 5, 12, 13], "R": [[-0.08961589802157943, -0.7573766418357244, -0.6467995154786581], [-0.9946594315777633, 0.1014423758827171, 0.019027862430412545], [0.05120162102108733, 0.6450504373899072, -0.762422669670769]], "T": [-0.09919169866859545, 0.029929109744621686, 0.05874043541714937], "aligned_model": [[0.10412408531628917, -0.5027066241271201, 0.10790565366483051, 0.17153735978569046, -0.608593465293793, -0.4341176699203244, 0.26236483670064714, -0.6636454165097927, 0.22009055727824534, 0.6588050704944811, 0.6023028693069277, -0.034686913065410524], [0.26426853687625057, -0.13348990105165653, -0.7150683732036518, 0.7077817815258237, 0.3305096776236277, -0.5517648711725313, -0.4745930544281114, 0.1063932542546766, 0.29289535192662425, -0.41668493318747934, 0.21549623032524656, -0.048534935515562865], [-0.5790768232606418, -0.43461754726774815, -0.2722863068368703, -0.07829176909137317, -0.0188454453895057, 0.21663378795526145, 0.396962121181674, 0.574840914892747, 0.4424537417866336, -0.17190349567666413, -0.037052758737878756, 0.06499081055951197]], "inverted": true, "swapped": false, "error_lsq": 0.04176427365068095, "error_max": 0.23090432758600055, "target": "258.xyz", "model": "14.xyz", "model_rescale": 3.9786697098870705, "target_rescale": 3.8427304105644478},
{"mapping": [9, 6, 7, 0, 1, 7, 5, 10, 4, 8, 2, 11], "R": [[0.9604650728483203, -0.043430559378401803, -0.2749920550680509], [-0.2679001497534587, -0.4129004208755024, -0.8704842056022082], [-0.07573871929564993, 0.9097400886807794, -0.4082114861766418]], "T": [0.024177305563293543, 0.019629195057876046, -0.05182444767642281], "aligned_model": [[0.09930575368662746, -0.5857668901502091, -0.24467512615879303, 0.1769247880500632, -0.5498405735164912, -0.24467512615879303, 0.4455426650326839, -0.5481608850205176, 0.10837950030212555, 0.4618231567676276, 0.7968000603832907, -0.03227697958694306], [0.031565799571376306, -0.10115736318124632, -0.5822067607073517, 0.6855359621725914, 0.3740410047558675, -0.5822067607073517, -0.442995981237372, -0.10713480173015508, 0.22445363386143632, -0.25971635797528575, 0.3163483992198735, 0.020681989930873453], [-0.6695845158294981, -0.5424713433846006, -0.0029587368356706126, -0.18236934487093462, 0.02279348003322542, -0.0029587368356706126, 0.45125483814934997, 0.5386676125703344, 0.5190272579014076, -0.103402514199176, 0.21058593489801464, -0.13477670148163517]], "inverted": false, "swapped": false, "error_lsq": 0.05692353700041377, "error_max": 0.4521772850976264, "target": "258.xyz", "model": "15.xyz", "model_rescale": 3.769337070930944, "target_rescale": 3.8427304105644478},
{"mapping": [0, 1, 10, 3, 9, 2, 6, 5, 8, 4, 11], "R": [[0.29023364739224344, -0.8080499893774713, 0.5126593845707537], [0.7387381429083248, 0.5297242633185884, 0.416723122785308], [-0.608301229765118, 0.25777396982365763, 0.7506811535849276]], "T": [-0.02804107334771027, 0.05886828425133443, 0.0509837050573355], "aligned_model": [[-0.3716174624358157, -0.32939223443616594, -0.01764706207071816, -0.6369471802789397, 0.41374676731058596, 0.3340444374381007, 0.6131607568201682, 0.42238786729745764, 0.06571204993938162, -0.49030331482726824, -0.08051849406561536], [0.00877170688464339, -0.6404043275481244, 0.6733951457972379, 0.4680263732213695, 0.1761793644783904, -0.4978053211559434, 0.28004067703121055, -0.403642466182572, 0.6062114431137264, -0.18005263484274053, 0.10534453682814428], [-0.551123555988116, 0.07334336002473323, -0.25380063249757767, 0.029731040296767472, -0.47442725116627393, -0.3983341532789407, 0.036179714233816315, 0.2376065151649409, 0.5476668374161051, 0.4825456757645941, 0.0148300572537284]], "inverted": false, "swapped": true, "error_lsq": 0.0533724192528511, "error_max": 0.3191791511326483, "target": "258.xyz", "model": "16.xyz", "model_rescale": 3.7852294659196426, "target_rescale": 3.8427304105644478},
{"mapping": [10, 4, 5, 9, 0, 1, 2, 3, 8, 7, 11, 12], "R": [[-0.47112949367955453, -0.5218030044216697, -0.7111670863881185], [-0.654470232988209, -0.3337403589106842, 0.6784438716404821], [-0.5913592092101094, 0.7850726064579547, -0.18426960756377408]], "T": [-0.00259704622726806, -0.06438754337525907, 0.015939450910807562], "aligned_model": [[0.14304198326241852, -0.5416787876529604, -0.11771275986796978, 0.13047369449358495, -0.540892140754981, -0.2717316253810165, 0.2346708999893928, -0.5325933132257247, 0.13296837644753484, 0.5090192204357002, 0.6963625372880152, 0.04145225859667653], [0.2650365591054267, -0.18628907526862168, -0.5671289143801946, 0.7782245985777158, 0.35367581054268027, -0.6696315084085163, -0.33428590883932086, -0.09546834926621059, 0.4375473921224482, -0.5386255091975889, 0.13151917725632914, 0.0026344917291094005], [-0.704840757664065, -0.4271379437654372, -0.3917473123198037, -0.12391312042509875, -0.01882517273170782, 0.20435514914645234, 0.5108594596477998, 0.6080824333360202, 0.40822665176546696, -0.053155792304384566, 0.12085909567189194, -0.028955460241988085]], "inverted": true, "swapped": false, "error_lsq": 0.042445290452464306, "error_max": 0.25898793606807585, "target": "258.xyz", "model": "17.xyz", "model_rescale": 3.901054581598922, "target_rescale": 3.8427304105644478},
{"mapping": [6, 1, 4, 12, 0, 8, 5, 2, 13, 10, 11, 14], "R": [[0.2517569105796828, 0.16015092225824046, 0.9544475575301183], [0.7552903206857663, 0.5841126310739755, -0.29723553909018074], [-0.6051074197642647, 0.7957161028405, 0.02609394999920639]], "T": [-0.009474801190445394, -0.005495018747726486, 0.018029400304315983], "aligned_model": [[0.1727228039423446, -0.4586045680600896, -0.028283948157787654, 0.24810751135494016, -0.7081053022665812, -0.3478024678405399, 0.11600944644937825, -0.5230469720485476, 0.10262536129156938, 0.6312079059714839, 0.6481149809770147, 0.03043559201748574], [0.10915744454627158, -0.07913983256989704, -0.6987932812913663, 0.6901614719721051, 0.2813333281487197, -0.5520888436924275, -0.2849220089300105, -0.010127602046199922, 0.2883145735428831, -0.4971823700225996, 0.299576103734028, 0.0309197805817493], [-0.7012651086519496, -0.5097436980481418, -0.3621780497201929, 0.05912080159888298, -0.05373020450399115, 0.18291673350883147, 0.5623273956593949, 0.6660728143439831, 0.6727138092756237, -0.12417807301836761, -0.3154946281304441, 0.02724543780151747]], "inverted": false, "swapped": false, "error_lsq": 0.0518022527245483, "error_max": 0.3534671788365901, "target": "258.xyz", "model": "18.xyz", "model_rescale": 3.9405287249114394, "target_rescale": 3.8427304105644478},
{"mapping": [13, 11, 9, 12, 10, 5, 8, 2, 1, 7, 4, 15], "R": [[0.990178380540168, -0.10390735037615702, 0.09354163377158017], [0.1395391673936408, 0.7760893642486264, -0.6149911539715447], [-0.008694565770605081, 0.6220036665792006, 0.7829660550037219]], "T": [0.0621189488550839, 0.11490302077108985, 0.011206659279824676], "aligned_model": [[0.08012715294807218, -0.46465212010320683, -0.008931926650490904, 0.27365458550277977, -0.7014817584179285, -0.3258044849591467, 0.29470464852595757, -0.6177726575853175, 0.0285486214867169, 0.5089217407505227, 0.7906474517743296, 0.025419090358382336], [0.09445697686554053, -0.1422709238628775, -0.5651131314023651, 0.6091962928706885, 0.29975191465142115, -0.5670781918816231, -0.4799140482787443, -0.03602993013883182, 0.44348153168060955, -0.3685940290642341, 0.1774276718954298, 0.1118946306382423], [-0.6600514946713393, -0.4078243718023147, -0.3374187167753828, -0.09398791184682007, -0.014266527209093766, 0.2863060555811954, 0.4166307609456381, 0.5311027362361334, 0.5825459798838785, -0.23823956116923733, 0.012591235785553935, 0.026419045156935043]], "inverted": true, "swapped": false, "error_lsq": 0.039750137375746265, "error_max": 0.1765723412068484, "target": "258.xyz", "model": "19.xyz", "model_rescale": 4.410303926677745, "target_rescale": 3.8427304105644478},
{"mapping": [1, 3, 5, 2, 6, 10, 9, 11, 12, 8, 7, 13], "R": [[0.8403826521580755, -0.5301690777067971, 0.11259550166540193], [0.440828481186719, 0.5477492272071405, -0.7110844072742639], [0.31532086535205667, 0.6472183040810149, 0.6940325775755238]], "T": [-0.08339968090058021, 0.09028277974407167, -0.05802546173608215], "aligned_model": [[0.42424052812661756, -0.6162180890496533, -0.02406598510584758, 0.05070261211331327, -0.6324429807528265, -0.32805526765109183, 0.11090595708849561, -0.45599119236972974, 0.3288517152614015, 0.4747470067006127, 0.5977668027269456, -0.047060763457566546], [0.15871446741527204, -0.08253417405084612, -0.6697766784058645, 0.7253832554834057, 0.2503287448291774, -0.6673487188940102, -0.31226763376838285, 0.05216008894174756, 0.23695036521184903, -0.43336833791675683, 0.2964844337957117, 0.022482951331953147], [-0.6064216811556632, -0.5186788456604164, -0.4013326938016829, -0.18945106227942937, 0.03914741064027804, 0.14513006772449835, 0.46547736577798615, 0.6814713607863715, 0.5577767329856634, 0.01490850497122314, -0.03941728045492964, -0.044802649418753]], "inverted": false, "swapped": false, "error_lsq": 0.04629180372949118, "error_max": 0.2701115251575351, "target": "258.xyz", "model": "20.xyz", "model_rescale": 4.121658175737393, "target_rescale": 3.8427304105644478},
{"mapping": [10, 9, 11, 6, 8, 7, 3, 5, 1, 4, 2, 12], "R": [[0.5965779892192629, 0.6239936143060412, 0.5047045393934801], [-0.8024354026452605, 0.4746367244794261, 0.3616868871786483], [-0.013861001429912811, -0.6207672261651103, 0.7838723898432928]], "T": [-0.03837471733535544, 0.01007238567483417, 0.04163480415605288], "aligned_model": [[0.18307615417160128, -0.5098844846117149, -0.0010365636780105547, 0.053578084596638945, -0.5710938704604218, -0.31432859631777443, 0.2548168993511928, -0.5092995759065112, 0.23187648325785334, 0.4355705718525693, 0.6922127555454648, -0.062107514170217176], [0.1517584083956394, -0.1267986341837627, -0.7605062075396215, 0.6207769295665628, 0.4203578912088538, -0.596347265089233, -0.457264545215731, 0.03725558866704926, 0.37392575659332217, -0.23735814045109696, 0.20359362554404276, -0.05218464352276951], [-0.6929110583613002, -0.48903245361147024, -0.3819020857391127, -0.16136545288555904, 0.0018955224703341503, 0.19303732572992618, 0.46386172404451176, 0.5329538258126191, 0.5678950810558252, -0.16641711129904876, 0.11236745855428085, 0.12342445434414012]], "inverted": false, "swapped": false, "error_lsq": 0.03859343980062046, "error_max": 0.221921433405747, "target": "258.xyz", "model": "21.xyz", "model_rescale": 4.08911054899281, "target_rescale": 3.8427304105644478},
{"mapping": [6, 7, 10, 1, 4, 12, 9, 3, 15, 5, 11, 16], "R": [[-0.68966022426932, 0.6868631496984938, 0.2293202752637801], [-0.6549821621891763, -0.7267484425925835, 0.2069663460643931], [0.30881570924223223, -0.0074642330831167225, 0.9510926048233675]], "T": [-0.033012067622525634, 0.05055816220530595, 0.012476199558223811], "aligned_model": [[0.031178286662123647, -0.4359628003463962, 0.07808680435205798, 0.2352926663143436, -0.6122655433236929, -0.3749467971858559, 0.2567720361997649, -0.6965069166993229, 0.2583327630044775, 0.5326754019958372, 0.6863109923600479, -0.0755865497027138], [0.020171542324313306, -0.3047079600612625, -0.6622892139877241, 0.787751311502293, 0.4362599502150821, -0.573781806653107, -0.5353152713286539, 0.06340837615973202, 0.34916282441885027, -0.3469823379050626, 0.2824248060503306, 0.06110654323846476], [-0.7294944065309853, -0.45358482367414776, -0.348966836224214, -0.10817707077745932, 0.057104973706053344, 0.20805163267397386, 0.2958930385314214, 0.5727335337756004, 0.6103561735207503, -0.12783877268971477, 0.1337413021549683, -0.006011514351100363]], "inverted": false, "swapped": false, "error_lsq": 0.04346810372215831, "error_max": 0.25942222675456433, "target": "258.xyz", "model": "22.xyz", "model_rescale": 4.204369325754507, "target_rescale": 3.8427304105644478},
{"mapping": [13, 11, 9, 12, 10, 5, 8, 2, 1, 7, 4, 15], "R": [[0.990178380540168, -0.10390735037615702, 0.09354163377158017], [0.1395391673936408, 0.7760893642486264, -0.6149911539715447], [-0.008694565770605081, 0.6220036665792006, 0.7829660550037219]], "T": [0.0621189488550839, 0.11490302077108985, 0.011206659279824676], "aligned_model": [[0.08012715294807218, -0.46465212010320683, -0.008931926650490904, 0.27365458550277977, -0.7014817584179285, -0.3258044849591467, 0.29470464852595757, -0.6177726575853175, 0.0285486214867169, 0.5089217407505227, 0.7906474517743296, 0.025419090358382336], [0.09445697686554053, -0.1422709238628775, -0.5651131314023651, 0.6091962928706885, 0.29975191465142115, -0.5670781918816231, -0.4799140482787443, -0.03602993013883182, 0.44348153168060955, -0.3685940290642341, 0.1774276718954298, 0.1118946306382423], [-0.6600514946713393, -0.4078243718023147, -0.3374187167753828, -0.09398791184682007, -0.014266527209093766, 0.2863060555811954, 0.4166307609456381, 0.5311027362361334, 0.5825459798838785, -0.23823956116923733, 0.012591235785553935, 0.026419045156935043]], "inverted": true, "swapped": false, "error_lsq": 0.039750137375746265, "error_max": 0.1765723412068484, "target": "258.xyz", "model": "23.xyz", "model_rescale": 4.410303926677745, "target_rescale": 3.8427304105644478},
{"mapping": [10, 11, 1, 8, 14, 7, 0, 13, 5, 3, 4, 16], "R": [[-0.4942027502780416, -0.7985362896481039, -0.34366180429698556], [-0.27404105711866256, -0.2320594653517657, 0.9333005429945591], [-0.8250243272964174, 0.5554171393247535, -0.10414730295788632]], "T": [-0.10980683894346052, 0.06339618464376218, 0.08097470065865472], "aligned_model": [[0.12360689520710705, -0.5303282363788722, 0.02141171814373516, 0.3225542238239443, -0.7057547054795569, -0.36915316454230596, 0.2653342002781618, -0.6522869689350309, 0.2232197281850042, 0.6620485130161443, 0.5424652291110051, -0.019737088798665425], [0.12375177080930914, -0.07691845464875757, -0.660176707389225, 0.635681685269479, 0.3843236825925411, -0.5422520440259341, -0.4747156755261771, -0.06890653883621753, 0.3293686479473532, -0.3386408806846044, 0.2752758933822031, -0.00958261491671375], [-0.5237228916998037, -0.3709047555129459, -0.36124618279362064, -0.3205970668134459, 0.07968185648893239, 0.16963474346224786, 0.4552615394899667, 0.5080553976624481, 0.5435263061890894, -0.14674551888175097, 0.021539767731844475, 0.04932403479218477]], "inverted": false, "swapped": false, "error_lsq": 0.04130271809833755, "error_max": 0.25499992583467707, "target": "258.xyz", "model": "24.xyz", "model_rescale": 4.28219845311461, "target_rescale": 3.8427304105644478},
{"mapping": [4, 3, 7, 0, 1, 9, 12, 5, 10, 13, 2, 15], "R": [[0.42498825908937155, 0.883832512951261, 0.19551232361783383], [-0.6861073123391388, 0.45541053795877595, -0.5673253016311383], [-0.5904589194778489, 0.1069641573909582, 0.7999480817169909]], "T": [0.04245977891059702, -0.009040999745046872, 0.09964620776883265], "aligned_model": [[0.04687148631545027, -0.5641755602394924, 0.015236415755420844, 0.16067723627453848, -0.4715769551501052, -0.29720021693824716, 0.39605746686827403, -0.6999443066260893, 0.11693974726642499, 0.4801449193926479, 0.6449873297110412, 0.05536278100080694], [0.10732378032309653, -0.11222137916285665, -0.5822357460894152, 0.683944679188164, 0.3358812747703443, -0.5892105399222882, -0.5530444600943437, 0.026121796104109148, 0.3247552619718492, -0.37135461270209397, 0.2566572678926635, 0.05059144169402692], [-0.6222182863179582, -0.37087766990081045, -0.4259512399151926, -0.3142978145381548, -0.06367023177724376, 0.16970386794501305, 0.5039342368174313, 0.5154351355683215, 0.8157031948902618, -0.0737810697979418, -0.08782380446954419, 0.05765091161096396]], "inverted": false, "swapped": false, "error_lsq": 0.03793039963164729, "error_max": 0.1849731864943234, "target": "258.xyz", "model": "25.xyz", "model_rescale": 4.100010024507729, "target_rescale": 3.8427304105644478},
{"mapping": [1, 8, 3, 0, 10, 7, 5, 9, 4, 2, 6, 11], "R": [[0.03591489173780327, 0.04745625127548864, -0.9982274414011769], [0.9924780799373285, 0.11528549813645195, 0.04118876986928202], [0.11703581244805547, -0.9921981445932605, -0.04295882296241088]], "T": [0.028716956684174042, -0.04051771499666696, -0.04607259246288182], "aligned_model": [[0.16860708783239498, -0.4698284085652903, -0.16739527861587472, 0.05128967483885956, -0.4757319477628149, -0.24979031062556542, 0.260659523611328, -0.5802013694697945, 0.17052898866626762, 0.57559919659272, 0.6125429875921119, -0.01289980046367135], [0.13884857983533289, -0.09722187493100573, -0.6762812685232457, 0.6827006343315298, 0.35286043652979243, -0.6066859413253909, -0.24917678009717883, -0.05214455904096024, 0.4192789908588454, -0.4758553677095388, 0.15470180028394903, -0.013815886238873424], [-0.71495601821342, -0.3997602880210301, -0.5102022312758122, -0.2703161375739058, 0.03000168202167123, 0.19977998174938938, 0.6371917857394019, 0.5092599121776491, 0.6848965704309953, -0.28929724209308755, 0.15768865171976826, 0.06952056345352675]], "inverted": true, "swapped": false, "error_lsq": 0.04540433723858093, "error_max": 0.29240836359332506, "target": "258.xyz", "model": "26.xyz", "model_rescale": 3.6694154284099745, "target_rescale": 3.8427304105644478},
{"mapping": [0, 8, 5, 2, 10, 7, 3, 9, 12, 1, 6, 13], "R": [[-0.12213746379307372, 0.8599458500956368, 0.4955558241424354], [0.34730096044583986, 0.5047582061234839, -0.7903171491397614], [-0.9297658214903326, 0.07557968149109465, -0.3603099067942927]], "T": [-0.11733594968834293, 0.020076630567348312, -0.036657474887403695], "aligned_model": [[0.2100920605898388, -0.6942894164691462, 0.01969937255021162, 0.18930598208430882, -0.5785515757886012, -0.14662631105415608, 0.1306847407990177, -0.5124154015952488, 0.19194592978803093, 0.6265183906853086, 0.5385005950993855, -0.09148402305827888], [0.08828368076997586, -0.18967548586818136, -0.5620184019561139, 0.6081463911252465, 0.4033440489606539, -0.5775853743557463, -0.353230904862441, 0.007231119095077669, 0.39167883064829845, -0.4016861353285156, 0.09373776162289285, 0.06898323412210919], [-0.606808366775743, -0.2141002522847317, -0.5546972352259659, -0.18590334115979204, -0.08437489447097218, 0.1584597394244312, 0.6356210696274812, 0.5188699816674524, 0.5926193618704804, -0.2567564147006151, 0.15213578796088553, -0.0512582058177642]], "inverted": true, "swapped": false, "error_lsq": 0.0525356463263616, "error_max": 0.3249013240515284, "target": "258.xyz", "model": "27.xyz", "model_rescale": 4.103607728864725, "target_rescale": 3.8427304105644478},
{"mapping": [7, 4, 1, 11, 13, 2, 0, 12, 10, 5, 6, 14], "R": [[0.8360389311334924, -0.45093094334172656, -0.31257029603932096], [-0.15975140768132878, 0.34494562514623317, -0.9249281071717459], [0.5248984600596596, 0.8232094508868417, 0.2163511187805207]], "T": [0.05177830471418621, 0.07321404748334578, 0.12998089920302125], "aligned_model": [[0.3175239402034461, -0.6785783952604177, 0.03863055462550247, 0.10681751077600174, -0.48990557067145957, -0.47452437318168694, 0.22789308781347148, -0.6668890405355274, 0.204641114813755, 0.6640830667996774, 0.6029888226306653, 0.030699625617243154], [0.013188149769844892, -0.1912501518977666, -0.6938293573727292, 0.6847661017221587, 0.39117115387756196, -0.4376383238868845, -0.610574565732171, 0.02036770936898205, 0.3156955069905001, -0.20235973735124294, 0.3637394373825953, -0.07606715889759241], [-0.5377446390127051, -0.33718830481457157, -0.33297955678568847, -0.17829820195640023, -0.0292497215779913, 0.18791234262648882, 0.23537756230171278, 0.5969050135346408, 0.5514200755849705, -0.16033337502619877, 0.015835265848058583, 0.09215076939283044]], "inverted": true, "swapped": false, "error_lsq": 0.04779012523499652, "error_max": 0.29970261367692047, "target": "258.xyz", "model": "28.xyz", "model_rescale": 4.137296879288765, "target_rescale": 3.8427304105644478},
{"mapping": [8, 10, 0, 2, 1, 3, 4, 6, 5, 7, 11], "R": [[-0.18955462817490232, 0.9612024041301123, 0.2003970589404114], [-0.9461420290922794, -0.12425621697168976, -0.29895761125789794], [-0.2624581942378988, -0.24627287881205379, 0.9329873340185304]], "T": [0.004194513693750207, -0.057212977982020706, -0.05192795932906004], "aligned_model": [[0.43865943326679613, 0.1182728554640177, -0.07721193236731436, -0.7424680559167322, -0.0811712541275036, 0.622366778685795, 0.4546392277521377, -0.3707164671949529, -0.43768150594878685, 0.2518083267930754, 0.04492160430336596], [-0.4162105722808748, -0.7044021907469723, -0.0922765445409669, 0.17592724431415446, 0.6705040877846679, -0.2284886845089142, 0.44435123185988606, -0.46860581828168163, 0.26617474885632225, 0.365073090751661, -0.09289877655932971], [0.43533919182858494, -0.24884684179160976, -0.7412980289188318, -0.22804894555278798, -0.26033913932827774, -0.4085178466443064, -0.001448032410369282, 0.3359816433390917, 0.3376826918155411, 0.6945256615389531, -0.10927633209298925]], "inverted": false, "swapped": true, "error_lsq": 0.04833456314486039, "error_max": 0.21905657358303596, "target": "258.xyz", "model": "29.xyz", "model_rescale": 3.607286011436655, "target_rescale": 3.8427304105644478},
