[{"mapping": [9, 7, 11, 2, 1, 8, 6, 5, 3, 0, 4, 12], "R": [[0.5558472402190582, -0.5604353835741454, 0.6139593035201577], [-0.6843173465426495, -0.7278060918842633, -0.04481140297940428], [0.47195721708824834, -0.3952347067936415, -0.7880646621845573]], "T": [-0.026058842428033753, -0.07880307811198221, -0.034507576257404415], "aligned_model": [[-0.29223589913356984, 0.36639969567588654, 0.3476616521024128, -0.011233931346910725, -0.1939385060698623, -0.7062742622085767, 0.3895955666453161, -0.32107730831653286, 0.6258324939023071, 0.13270941878435316, -0.5312376507726483, 0.03144119319837361], [-0.4722093831798718, -0.6475547499252895, -0.21901109386111572, 0.65589273914171, 0.3238563684582309, -0.5021988878953596, -0.32127093018582414, -0.44011252914517096, 0.2697873966537939, 0.35541588583454137, 0.18084349568711533, -0.1298832756057027], [-0.5365892926927508, -0.09626555532429013, -0.5628203931931838, -0.07510876938832364, -0.6243239455506241, 0.06993852091617697, 0.4957630957938487, 0.5836373920142599, 0.04763217489376548, 0.5953210564943981, 0.23032842247350654, 0.05443903891677927]], "inverted": false, "swapped": true, "error_lsq": 0.04114471974597352, "error_max": 0.17739103619782454, "target": "259.xyz", "model": "0.xyz", "model_rescale": 3.751011558992144, "target_rescale": 4.085562985520598},
{"mapping": [9, 6, 11, 10, 12, 13, 5, 8, 3, 0, 2, 1, 14], "R": [[-0.991425564802581, 0.1291208828886634, 0.020078522304574936], [-0.0006256988032914274, 0.1489624686155187, -0.9888426525211068], [-0.13067118258013435, -0.9803764483839984, -0.147604408799624]], "T": [0.07612455592850456, 0.008302109690736813, 0.06165317478650025], "aligned_model": [[0.17998878376494234, -0.5457809720798847, -0.5035915426639354, 0.1757726894511082, -0.42161175718241584, 0.3133733487777818, 0.6223783352585003, 0.6343717407851038, -0.06109715711430774, -0.022654233233535312, 0.6426916999701264, -0.15075947836101009, 0.049494927623570696], [-0.471025657503701, -0.18268924537420125, -0.5117329735717921, -0.7814964499623093, 0.03979437302959589, 0.07789697529958681, -0.16278766394005073, 0.1269938024629429, 0.576082312757269, 0.7535563008692572, 0.539414899775346, 0.3443877587826842, -0.013707057874540223], [-0.37839993008452466, 0.43646187504998935, -0.11219660558601222, 0.2584836419004508, -0.48902087039608755, -0.621260994983776, -0.18818906528167248, 0.4003132031429964, -0.43048677684118325, 0.16335597633107893, -0.22235206722352033, 0.6284473357433638, 0.019105884828241902]], "inverted": false, "swapped": false, "error_lsq": 0.04726581367253699, "error_max": 0.31884687722809296, "target": "259.xyz", "model": "1.xyz", "model_rescale": 3.9405287249114394, "target_rescale": 4.085562985520598},
{"mapping": [10, 4, 8, 9, 3, 6, 11, 5, 7, 1, 0, 2, 12], "R": [[-0.791756430291573, 0.3735947413548633, 0.48326879096827485], [0.32165786168766836, 0.9275788553580356, -0.1900886296104878], [-0.5192860243704447, 0.004943311103823178, -0.8545862089741846]], "T": [0.05084828215762748, 0.07848358854125834, -0.05370161407350112], "aligned_model": [[-0.020388152851621773, -0.6400192350885623, -0.3821569506223864, 0.19590677922556993, -0.25942347878796973, 0.3375380417347804, 0.6500198751957722, 0.6305684703457435, -0.30924651257801494, -0.17587754976459474, 0.6711263458568089, 0.18323942010134547, 0.03128933222917421], [-0.6964212239410011, 0.12570653309366217, -0.5321904911636312, -0.6844046027847486, -0.09789538421211158, 0.2970558268623231, -0.25273394195686827, -0.034357478463849164, 0.5000383276028375, 0.7694923064407522, 0.6334509895010171, 0.21689987075504483, 0.09004664301666014], [-0.37917822034709747, 0.05660608740149302, 0.1469807390905835, 0.16387767504608097, -0.5002680379110701, -0.4603843550133369, -0.2509391323706977, 0.3696985245436621, -0.6207405844583949, 0.2598724302674486, 0.0472750953274462, 0.6001203394686627, 0.03134104555456499]], "inverted": false, "swapped": false, "error_lsq": 0.05784964101625868, "error_max": 0.33831117570983826, "target": "259.xyz", "model": "2.xyz", "model_rescale": 3.932901565614263, "target_rescale": 4.085562985520598},
{"mapping": [11, 7, 8, 9, 3, 1, 10, 6, 0, 4, 2, 5, 13], "R": [[-0.9004781559973896, 0.4326543873529587, 0.04415055691355482], [0.2587533266775499, 0.45139452760675547, 0.8539845996152244], [0.3495508639738174, 0.7804185809877351, -0.5184216738758591]], "T": [0.034281732961346637, -0.02415503141393072, -0.08104517059393088], "aligned_model": [[0.17380838936868082, -0.5361122159691405, -0.44613229342917377, -0.15789392183180884, -0.31897163026890607, 0.4302137470163526, 0.6753371772736305, 0.6086553045815997, -0.1531730074811984, -0.06897276707863786, 0.4158987576675848, 0.17414706459960377, 0.11577178054745763], [-0.7718925514911391, 0.08044271656801047, -0.5740374717047427, -0.4590275182397776, -0.05477063106482202, 0.24494327284356987, -0.3327514422328075, 0.19088322469593572, 0.5381167701820949, 0.7574329802643665, 0.7152911488197792, 0.05336267645095988, -0.05330580034134079], [-0.549157989888601, 0.33543124108833167, -0.15600109523620892, 0.4790864008208311, -0.4484145004321066, -0.6463703547174029, -0.16448145076340961, 0.21986313656155457, -0.39355352337603566, 0.29536563259858395, -0.12332573551960116, 0.6198316942174, -0.004011848753990799]], "inverted": true, "swapped": false, "error_lsq": 0.04724017425043293, "error_max": 0.4063190784175277, "target": "259.xyz", "model": "3.xyz", "model_rescale": 3.9243930471874484, "target_rescale": 4.085562985520598},
{"mapping": [5, 10, 11, 9, 6, 0, 1, 7, 3, 4, 2, 8, 12], "R": [[0.016135666573451862, -0.17114649161489676, 0.9851134547208978], [-0.965238843190046, 0.25438807831458743, 0.060005676469421426], [-0.2608708796730136, -0.9518380030337743, -0.16109252037045252]], "T": [-0.00988885794085237, -0.01750268802432915, 0.032115810695737594], "aligned_model": [[0.1641509206032285, -0.6339886866021365, -0.5132476727324343, 0.05298846252401988, -0.45442214783769186, 0.4952727057653009, 0.6472733150242267, 0.6564221657137848, -0.17746587964503938, 0.07773319549068528, 0.5414576203822825, 0.012556231405950191, 0.043846154903868215], [-0.3745842753407397, 0.1717503754536992, -0.6280173567238898, -0.5951862643099491, -0.0967711180914702, 0.16715131499887173, -0.281226163092996, 0.3224983547044475, 0.4864068769225786, 0.5283904550826286, 0.6695445559323115, 0.019145067221253146, -0.05441444800665876], [-0.6127299036102527, 0.3000904388754396, 0.02613047346235644, 0.43213521027266893, -0.5314648711102429, -0.6266990700424357, -0.06141550547166361, 0.32081577538543177, -0.38134091317805124, 0.24819524400979354, -0.24210606247604033, 0.6601998249135022, -0.0675490344311612]], "inverted": true, "swapped": false, "error_lsq": 0.04675504813089298, "error_max": 0.34867583203724983, "target": "259.xyz", "model": "4.xyz", "model_rescale": 3.8936222436046832, "target_rescale": 4.085562985520598},
{"mapping": [0, 3, 6, 5, 7, 11, 1, 9, 8, 4, 10, 12], "R": [[0.2624353659831315, -0.4095392771665223, 0.8737306559456539], [-0.5889275176000814, -0.7852494291962603, -0.1911745614885873], [0.7643899905772615, -0.4643930602462426, -0.4472661712005772]], "T": [-0.11885582766338088, -0.14530683651334966, 0.04605242266156146], "aligned_model": [[-0.04435264734959993, -0.7078320487477836, -0.2650174553903809, 0.42782053849939095, -0.45647414731001323, -0.661325705543419, -0.23531638499270724, -0.04719711725520406, 0.5770440043860348, 0.4278699899142073, 0.14373252047204566, -0.13140350446747395], [-0.6867462770442313, -0.5000111321508075, -0.0020834424989634726, 0.09536009946955618, 0.4269559743064961, 0.09098305017137018, -0.43396097825161173, 0.33212487096812593, 0.24864847227059514, -0.45139225594200527, 0.6601510408607761, -0.11110651704949275], [-0.5122756031565416, -0.2377017770476852, -0.6401473082450454, -0.4468045474873365, -0.15356060770238603, 0.3432615229501429, 0.7103695802804579, 0.5406520489010233, 0.16176177707457914, 0.058806806895852805, -0.13932693497124332, -0.06575023821629997]], "inverted": true, "swapped": true, "error_lsq": 0.04292693977149894, "error_max": 0.20511871797529818, "target": "259.xyz", "model": "5.xyz", "model_rescale": 3.6523030999806103, "target_rescale": 4.085562985520598},
{"mapping": [11, 6, 10, 9, 4, 3, 7, 5, 1, 1, 0, 8, 12], "R": [[0.13326884103458173, -0.9866954176432718, -0.093121258641994], [-0.22338643231566913, -0.1214470338938562, 0.9671344890012256], [-0.9655764691968092, -0.10808686673298604, -0.23659947458367137]], "T": [-0.0025464496302064488, -0.016548153502522468, -0.00454439023119365], "aligned_model": [[0.2171950804263652, -0.537202042699483, -0.6129120607858464, 0.07045595940949205, -0.24013577012220166, 0.3380667268148922, 0.6090642429609844, 0.5197023247373853, -0.09876648788097082, -0.09876648788097082, 0.6157735128399562, 0.03692079346474922, 0.09318059371169257], [-0.7237161769151985, 0.12717566199862712, -0.502474875498404, -0.656608066962888, -0.17498212655073575, 0.19819855420057375, -0.2527672570603872, 0.2758823045961615, 0.6706618659178919, 0.6706618659178919, 0.6917963800186087, -0.005045925707419869, 0.015905170795365377], [-0.48014511539042243, 0.33620672675837865, -0.005987732163206479, 0.3235666132968073, -0.5021201059762724, -0.5706779597275103, -0.1967707035174514, 0.32048510817546844, -0.03385240006908082, -0.03385240006908082, -0.32562409426171085, 0.6677748331625184, -0.034741163619092075]], "inverted": false, "swapped": false, "error_lsq": 0.05188435384338074, "error_max": 0.45164242338401717, "target": "259.xyz", "model": "6.xyz", "model_rescale": 4.08911054899281, "target_rescale": 4.085562985520598},
{"mapping": [1, 7, 2, 0, 13, 11, 9, 8, 12, 5, 10, 4, 14], "R": [[-0.8282068758317918, -0.4212318476621051, 0.36964456081499686], [-0.3005288052777715, 0.8905465874055984, 0.34148091141168907], [-0.47302833744212214, 0.17172800055731036, -0.8641491108606951]], "T": [0.07311669303303889, 0.03758519993527827, 0.008109652739212561], "aligned_model": [[0.11527846291726143, -0.6772719994450881, -0.4977102889543521, 0.09474942367177633, -0.37339232860461435, 0.3379354208869103, 0.7243058073501432, 0.6965030591841237, -0.14834563852241073, -0.19504638070111072, 0.4176766344290711, 0.22088729517542252, 0.19700691760891234], [-0.5674266206874726, 0.12503273614910798, -0.5287424265475109, -0.8417178085243743, 0.01966359355397844, 0.16278179958272526, -0.3773673274555634, 0.194889016231229, 0.5626824046987158, 0.6739530598342706, 0.6564515234723428, 0.2971340737334063, -0.04264664929076743], [-0.40435748646386277, 0.1771028571840904, -0.051632454762878296, 0.34129792891771815, -0.5717205223746069, -0.5005433879198703, -0.1272581621749988, 0.23569243143887436, -0.41994324032757374, 0.3300191778489202, -0.12439626742612724, 0.6465826129770409, -0.06658188031738106]], "inverted": false, "swapped": false, "error_lsq": 0.04139064817267032, "error_max": 0.25705784403316395, "target": "259.xyz", "model": "7.xyz", "model_rescale": 3.964800864290218, "target_rescale": 4.085562985520598},
{"mapping": [11, 2, 4, 12, 6, 10, 9, 8, 3, 1, 5, 7, 13], "R": [[0.025015735967231834, -0.4888867928039319, 0.8719884843138145], [-0.4007733966643394, -0.8040026592790852, -0.4392725900830687], [0.9158356279814331, -0.33848105957947633, -0.21604553877784466]], "T": [-0.04127665425920968, 0.08816886803099488, -0.052556877149096126], "aligned_model": [[0.07054136982432496, -0.5863883744069, -0.48468372477608995, 0.16880139257499344, -0.36053697585933925, 0.5907186779918115, 0.5405135036172078, 0.650707472628148, -0.22802230120811892, -0.07187615643413109, 0.5457627201649445, 0.0411941528337252, 0.03584462804546834], [-0.6188268005782698, 0.025079869097246577, -0.45624900924663814, -0.5260353408050645, -0.07502676013684953, 0.11591340232392716, -0.27957012170255363, 0.20064577444215276, 0.5578782324061958, 0.6094777630617602, 0.6488287826366341, 0.034873391028823336, 0.09769819222272269], [-0.47063244274875327, 0.3182283956507493, -0.09830334947207175, 0.3338306761894739, -0.5085676853293664, -0.5769099584187891, -0.0645974093838729, 0.26298154375618416, -0.5726163661176997, 0.48634997714099765, -0.25284655735872597, 0.652575254490261, -0.04523047179904226]], "inverted": false, "swapped": false, "error_lsq": 0.04053123802987014, "error_max": 0.24173724097059252, "target": "259.xyz", "model": "8.xyz", "model_rescale": 4.121658175737393, "target_rescale": 4.085562985520598},
{"mapping": [4, 7, 9, 6, 5, 0, 1, 2, 10, 11, 3, 8, 12], "R": [[0.06474544721786027, 0.07428835705090323, -0.9951327886625166], [0.2700819862752244, 0.958702054918831, 0.08914084688873185], [0.9606579764693514, -0.2745389041667653, 0.042007646264970305]], "T": [0.029686169593499435, 0.056044074594660445, -0.005099203066381196], "aligned_model": [[0.11496894148930914, -0.5912738346862395, -0.4606352837013725, 0.08308043962214848, -0.3206800499235902, 0.4532686321579071, 0.5720604032346697, 0.6850364463553178, -0.1061790341427529, -0.1648841654041512, 0.4371062915268018, 0.11520687670797278, 0.09550072176002433], [-0.6392690436480092, 0.10449273748150376, -0.6164728991591122, -0.4924241843746997, 0.051713707181601815, 0.04301850913398896, -0.34777576266549126, 0.17720220949575546, 0.6480864240677925, 0.5959154355074634, 0.7308342497218159, 0.07846697008650551, 0.0008990219209719513], [-0.5504380281431835, 0.25426985920317474, 0.017163085378866405, 0.41503609767041677, -0.5139632973146854, -0.667845365012703, -0.13810839609779813, 0.190305945162579, -0.46062893144797135, 0.26640286498939636, -0.041855906750715995, 0.717906163538668, -0.023982484576699194]], "inverted": false, "swapped": false, "error_lsq": 0.03510235725352876, "error_max": 0.20169925476413864, "target": "259.xyz", "model": "9.xyz", "model_rescale": 3.833441315466971, "target_rescale": 4.085562985520598},
{"mapping": [2, 6, 4, 5, 7, 8, 13, 0, 11, 12, 10, 1, 14], "R": [[-0.11946837400970003, 0.6036692988028256, -0.788232633994802], [-0.9916236573788186, -0.033296165626130095, 0.12479538245164729], [0.04909001668500462, 0.7965392288126822, 0.6025905966942762]], "T": [7.863266368972333e-05, 0.032772826468624054, -0.07949469249592475], "aligned_model": [[0.26972751574786513, -0.542383822187425, -0.5289300971558522, 0.19214850626521274, -0.4207549220959374, 0.3966255871820474, 0.6854784416596738, 0.5196787190386094, -0.11906643931392007, -0.15377655497441473, 0.5935730921637639, 0.03879311764720604, -0.018536758980784395], [-0.5584742715485659, 0.053098713436859686, -0.5146999515148012, -0.5226679647771197, 0.14746335637867358, 0.22487291008546573, -0.3676657017769502, 0.09314661845275196, 0.5957610919642132, 0.5298532184603634, 0.5853644738257188, 0.08724255186730151, -0.018607670103823824], [-0.3866861700231228, 0.3286118027241004, 0.15785715862823477, 0.255213975664922, -0.5831405783315425, -0.7224623690655625, -0.004911662660432942, 0.3566173540979519, -0.4458084183939436, 0.22424816329652889, -0.21425722932926444, 0.6561296481707493, -0.15715006817927357]], "inverted": true, "swapped": false, "error_lsq": 0.03932465387187208, "error_max": 0.20738499329965807, "target": "259.xyz", "model": "10.xyz", "model_rescale": 4.2482417240324, "target_rescale": 4.085562985520598},
{"mapping": [7, 3, 1, 2, 10, 8, 9, 4, 0, 5, 6, 12], "R": [[0.8923375564030172, 0.2643319729440639, 0.36587196327703425], [-0.04515083967773367, -0.7542442524390038, 0.6550397005824338], [0.4491047618419208, -0.6010359521211917, -0.6611056626203444]], "T": [0.022473349478728075, -0.027219694080879882, 0.04964101478108262], "aligned_model": [[-0.6665024089539239, -0.06741582402250433, 0.4652464658872138, 0.6171611252040152, -0.5806815763961503, 0.06199282222953066, -0.13327746306207516, 0.5169383670898199, 0.2695371268672977, -0.12221375170709937, -0.42919729313412935, -0.054821987638987976], [-0.042793773028357664, -0.7208156439454306, -0.2558261825900841, -0.45323811041073087, 0.5944460236534365, 0.7748808727713631, 0.28201958022916596, 0.2972847501121953, -0.24243778216582323, 0.5556213172103539, -0.09921739559831197, -0.023792266187136937], [0.12955389644989826, -0.20347786443957228, 0.5880577694055729, -0.030987374220588025, 0.09226037450906446, 0.138741565806005, 0.6478195432985573, -0.15763003956008764, -0.6596390713039246, -0.4392818980877448, -0.5013183251769593, -0.038906286825865034]], "inverted": true, "swapped": true, "error_lsq": 0.05485987013169721, "error_max": 0.310696122936905, "target": "259.xyz", "model": "11.xyz", "model_rescale": 3.6694154284099745, "target_rescale": 4.085562985520598},
{"mapping": [0, 7, 5, 12, 6, 4, 1, 2, 11, 9, 8, 10, 13], "R": [[-0.2528074640344682, -0.7607014005014525, 0.5978476105192612], [-0.6129935326394944, -0.3521393111019, -0.7072742286545103], [0.7485501419882401, -0.5452809228753638, -0.3772815925506802]], "T": [0.05784221899334424, 0.017425217757342244, -0.05027417072346905], "aligned_model": [[0.10818140415150773, -0.5780920617936971, -0.5286380117963834, 0.1636446943121095, -0.3430037453656141, 0.37824673657911223, 0.8047346095474193, 0.6295050981668977, -0.12277552526595759, -0.19340640817733318, 0.4523418346079067, 0.035946050329285884, 0.1058917097007909], [-0.5567907810627326, 0.10675189448191935, -0.5301231694045615, -0.4887942067628727, -0.033406147900354656, 0.07439895471891939, -0.36342518180169275, 0.07199735258113765, 0.6189558097570224, 0.7148897303229812, 0.6565570939111914, 0.13106192314934048, -0.06738589724021041], [-0.47274288857383756, 0.32358897778779516, -0.021945826509457343, 0.3905389764504025, -0.44599316012905765, -0.7149346766643265, -0.16679980820168386, 0.2604298815000155, -0.43830358488465115, 0.25811462276052666, 0.04180378252872464, 0.5743345422272307, -0.1238292316923364]], "inverted": true, "swapped": false, "error_lsq": 0.03685446587488095, "error_max": 0.22149756117876787, "target": "259.xyz", "model": "12.xyz", "model_rescale": 3.9764082729961374, "target_rescale": 4.085562985520598},
{"mapping": [5, 14, 6, 13, 4, 0, 9, 1, 7, 8, 2, 10, 15], "R": [[0.056915026109887745, 0.872727998633886, 0.48487784049531807], [0.9846121108146036, -0.12944078466404413, 0.11740559825991034], [0.16522612093770678, 0.47073445132691194, -0.8666656825407533]], "T": [0.04899711474983626, -0.020224484526706592, 0.03369313454848812], "aligned_model": [[0.22349827631476415, -0.6878043416984536, -0.48584190244954617, -0.15243556937118147, -0.23791288722168746, 0.36956212489846907, 0.5590253358813699, 0.6014766451343916, -0.08446038937347056, 0.03999067507998716, 0.4765105182500118, 0.3314805637871127, -0.04051266423572285], [-0.6196796342750467, -0.10686041129965725, -0.5504681443718655, -0.427719605315913, -0.07555751217603039, 0.16395716902482804, -0.207929245648173, 0.18855289004560144, 0.51919905511844, 0.6097840001481521, 0.6323159052850573, 0.19758021557514527, 0.011512692639548485], [-0.5257948223258349, 0.33105801065684803, -0.09455542323849658, 0.4433919830795663, -0.6224201396649569, -0.5911453455931328, -0.2234785256696604, 0.2671475297389644, -0.4784055262512339, 0.3541007342253849, -0.13268848522403026, 0.7540479864040248, -0.016996369538097744]], "inverted": true, "swapped": false, "error_lsq": 0.051964101189463964, "error_max": 0.40566998087905143, "target": "259.xyz", "model": "13.xyz", "model_rescale": 4.170626492500431, "target_rescale": 4.085562985520598},
{"mapping": [6, 12, 5, 4, 11, 3, 2, 0, 9, 10, 1, 8, 13], "R": [[-0.020605403811949655, 0.5563803176303684, 0.8306722334875994], [-0.32708517928136466, 0.7813762699078007, -0.5314756911839426], [-0.9447701851922637, -0.2826518476474233, 0.16588318237022648]], "T": [0.16253230386346623, 0.058639076519754765, 0.012241376751660794], "aligned_model": [[-0.013522367469533086, -0.4650732080501299, -0.5406159908971857, 0.16543758949777326, -0.32337798935008244, 0.3855519933504574, 0.6693809226223608, 0.6991888906523449, -0.10356007624324964, -0.22428304864780624, 0.5675271150388257, 0.004108585139068088, 0.09181396935320146], [-0.5759903666604873, -0.10708590166319885, -0.48918644465220196, -0.4626315876611665, 0.0823873757099421, 0.04334156284763076, -0.3578854967823046, 0.2193899700023637, 0.7107835456384025, 0.43500126017679897, 0.6728780326812301, 0.14453011935025262, 0.01915530576282526], [-0.5109598174180896, 0.3504020992019557, -0.16856100786781242, 0.4932107984125237, -0.5005810646116653, -0.6400636198614732, -0.03819595797255385, 0.21722250912373106, -0.38801963198011497, 0.17672145077070583, -0.21025396600868176, 0.7327141013651232, -0.04937428655430336]], "inverted": true, "swapped": false, "error_lsq": 0.045107302813553955, "error_max": 0.2563735093593792, "target": "259.xyz", "model": "14.xyz", "model_rescale": 3.9786697098870705, "target_rescale": 4.085562985520598},
{"mapping": [9, 1, 5, 10, 4, 0, 11, 3, 6, 7, 2, 12], "R": [[-0.7942636605184987, -0.0241634292185659, 0.6070925516493796], [0.3672198114733518, 0.7769555091325022, 0.511360681799188], [-0.48404013019710596, 0.6290916193346194, -0.6082342368214035]], "T": [-0.024848410642325812, 0.007719043277291421, -0.08037546294806716], "aligned_model": [[-0.2531270011028061, -0.7467517098976254, 0.6733196888574374, 0.5216717012561973, 0.03208095054671937, 0.28349381650271926, -0.37511095164349223, -0.10566450777847217, 0.5749675204889617, 0.24837677413439582, -0.45054798806836877, 0.08064630347167079], [-0.5701145632773331, 0.04311294136459845, 0.06050510677223156, -0.6203032327191252, 0.4096389622901926, 0.6972670736548859, -0.4244687353717621, 0.29064125546921615, 0.05439795300071695, -0.5354331792701481, 0.6016124236683622, 0.007818484642603714], [-0.3831988514696725, -0.20609125099976064, -0.411220672619118, -0.3232423548448051, -0.5578474563101536, 0.11933973631031622, 0.27874792059693687, 0.6027411833805607, 0.30793904985984333, 0.2537650431942252, 0.007469293692517157, -0.028435146917059798]], "inverted": true, "swapped": true, "error_lsq": 0.05491773954092502, "error_max": 0.34150069587693377, "target": "259.xyz", "model": "15.xyz", "model_rescale": 3.769337070930944, "target_rescale": 4.085562985520598},
{"mapping": [4, 1, 5, 0, 8, 9, 10, 11, 6, 3, 12], "R": [[-0.4711178575411536, -0.8424054501809235, -0.26153589010173967], [-0.6640714354440498, 0.14358064925835634, 0.7337531777006683], [-0.5805661830774447, 0.5193627390023516, -0.6270608043905013]], "T": [-0.07219373228214125, -0.04591424397262638, 0.011328285567571053], "aligned_model": [[-0.37691900554286967, -0.25846329228475473, 0.08892934570253978, -0.6908531959737666, 0.329564678018402, 0.47268387138313134, 0.6950388991428277, 0.20937163165473605, -0.03110999173534562, -0.46078114808699105, -0.05483566158673844], [0.12339233169808542, -0.7328136242741567, 0.6551606407567934, 0.41360375492537804, 0.18799871919499966, -0.39711900228036706, 0.3397359835593242, -0.5028537129060997, 0.53349773272335, -0.07912489077564602, 0.05458656500368123], [-0.5094767347430305, -0.16664489561646595, -0.27540674222474115, 0.13994108713400277, -0.6495354838123645, -0.22839741419832194, -0.10995044429940927, 0.3991001203014753, 0.43006462293638725, 0.6446697775102647, 0.06985371423598027]], "inverted": true, "swapped": true, "error_lsq": 0.047018022793169356, "error_max": 0.2614000494952719, "target": "259.xyz", "model": "16.xyz", "model_rescale": 3.7852294659196426, "target_rescale": 4.085562985520598},
{"mapping": [2, 9, 8, 3, 11, 7, 1, 4, 6, 10, 5, 0, 12], "R": [[-0.8463051862350297, -0.49810257803537794, 0.18884213911678255], [-0.5160480929249701, 0.8545469397016935, -0.058684696769873014], [-0.1321434733166698, -0.14711678898406114, -0.9802523924269841]], "T": [0.09281558506778273, -0.037148711484939534, -0.02557408748986588], "aligned_model": [[0.16041235188415554, -0.6812561393213715, -0.43330043718369593, 0.3528845705790593, -0.44767669684460243, 0.23198118824179645, 0.7332613952627812, 0.5119400636910858, 0.04421893452084094, -0.20918868013039407, 0.6100424149171156, 0.023038583370385862, 0.016218836008888265], [-0.48392210390171597, 0.11157332168368997, -0.4088392213062007, -0.706471604212096, -0.030619561190902353, 0.11946788270803835, -0.2587293977256525, 0.3148438526993029, 0.7123693959065924, 0.6934258951590908, 0.35304267546456924, -0.09485119591044985, 0.013397435375820915], [-0.43777699137901493, 0.329329431601213, 0.07062366347948922, 0.31628313301168054, -0.5213134724723929, -0.6945518019864152, -0.14798862067868435, 0.42411757494934443, -0.4980719267969036, 0.13034012997656602, -0.13709134442712573, 0.6508494108186766, -0.020487579497088272]], "inverted": false, "swapped": false, "error_lsq": 0.04624392135379215, "error_max": 0.30813248646823915, "target": "259.xyz", "model": "17.xyz", "model_rescale": 3.901054581598922, "target_rescale": 4.085562985520598},
{"mapping": [9, 6, 11, 10, 12, 13, 5, 8, 3, 0, 2, 1, 14], "R": [[-0.991425564802581, 0.1291208828886634, 0.020078522304574936], [-0.0006256988032914274, 0.1489624686155187, -0.9888426525211068], [-0.13067118258013435, -0.9803764483839984, -0.147604408799624]], "T": [0.07612455592850456, 0.008302109690736813, 0.06165317478650025], "aligned_model": [[0.17998878376494234, -0.5457809720798847, -0.5035915426639354, 0.1757726894511082, -0.42161175718241584, 0.3133733487777818, 0.6223783352585003, 0.6343717407851038, -0.06109715711430774, -0.022654233233535312, 0.6426916999701264, -0.15075947836101009, 0.049494927623570696], [-0.471025657503701, -0.18268924537420125, -0.5117329735717921, -0.7814964499623093, 0.03979437302959589, 0.07789697529958681, -0.16278766394005073, 0.1269938024629429, 0.576082312757269, 0.7535563008692572, 0.539414899775346, 0.3443877587826842, -0.013707057874540223], [-0.37839993008452466, 0.43646187504998935, -0.11219660558601222, 0.2584836419004508, -0.48902087039608755, -0.621260994983776, -0.18818906528167248, 0.4003132031429964, -0.43048677684118325, 0.16335597633107893, -0.22235206722352033, 0.6284473357433638, 0.019105884828241902]], "inverted": false, "swapped": false, "error_lsq": 0.04726581367253699, "error_max": 0.31884687722809296, "target": "259.xyz", "model": "18.xyz", "model_rescale": 3.9405287249114394, "target_rescale": 4.085562985520598},
{"mapping": [9, 4, 7, 13, 8, 5, 11, 10, 6, 1, 2, 12, 15], "R": [[-0.9425531984978329, 0.005237406472972828, -0.33401502597179916], [-0.15854700551265358, 0.8730733617396518, 0.4610919128152149], [0.2940345473655697, 0.4875607393895247, -0.8220877145180219]], "T": [0.024146063828670898, 0.024403001737532837, 0.13607676462329316], "aligned_model": [[0.1268841487651149, -0.6744173185317947, -0.3823697851675541, 0.1730339898743627, -0.3480736959284123, 0.2765650571974123, 0.617262765103467, 0.781865631210671, -0.07634368500069993, -0.06071507544980676, 0.5385221446641285, -0.1151636296268039, 0.05552583788595983], [-0.52961793049975, -0.10013128249162012, -0.47267310997837386, -0.5946772586172561, 0.12270587974421047, 0.09922944612606659, -0.34288529771713716, 0.22629740483780847, 0.5632796098643351, 0.6707871417034824, 0.5781038912522481, 0.0697026232166404, 0.04456625730943277], [-0.3849947654981088, 0.31261413033581553, -0.1525159459873811, 0.3503239631786682, -0.5151230128320898, -0.6525602226945402, -0.044270360811012155, 0.19088318897066509, -0.37166063520675935, 0.23857337247095337, -0.29305940890209786, 0.6639780961357113, 0.12207320743952077]], "inverted": true, "swapped": false, "error_lsq": 0.04280804383200679, "error_max": 0.2386870928234226, "target": "259.xyz", "model": "19.xyz", "model_rescale": 4.410303926677745, "target_rescale": 4.085562985520598},
{"mapping": [11, 2, 4, 12, 6, 10, 9, 8, 3, 1, 5, 7, 13], "R": [[0.025015735967231834, -0.4888867928039319, 0.8719884843138145], [-0.4007733966643394, -0.8040026592790852, -0.4392725900830687], [0.9158356279814331, -0.33848105957947633, -0.21604553877784466]], "T": [-0.04127665425920968, 0.08816886803099488, -0.052556877149096126], "aligned_model": [[0.07054136982432496, -0.5863883744069, -0.48468372477608995, 0.16880139257499344, -0.36053697585933925, 0.5907186779918115, 0.5405135036172078, 0.650707472628148, -0.22802230120811892, -0.07187615643413109, 0.5457627201649445, 0.0411941528337252, 0.03584462804546834], [-0.6188268005782698, 0.025079869097246577, -0.45624900924663814, -0.5260353408050645, -0.07502676013684953, 0.11591340232392716, -0.27957012170255363, 0.20064577444215276, 0.5578782324061958, 0.6094777630617602, 0.6488287826366341, 0.034873391028823336, 0.09769819222272269], [-0.47063244274875327, 0.3182283956507493, -0.09830334947207175, 0.3338306761894739, -0.5085676853293664, -0.5769099584187891, -0.0645974093838729, 0.26298154375618416, -0.5726163661176997, 0.48634997714099765, -0.25284655735872597, 0.652575254490261, -0.04523047179904226]], "inverted": false, "swapped": false, "error_lsq": 0.04053123802987014, "error_max": 0.24173724097059252, "target": "259.xyz", "model": "20.xyz", "model_rescale": 4.121658175737393, "target_rescale": 4.085562985520598},
{"mapping": [11, 6, 10, 9, 4, 3, 7, 5, 1, 1, 0, 8, 12], "R": [[0.13326884103458173, -0.9866954176432718, -0.093121258641994], [-0.22338643231566913, -0.1214470338938562, 0.9671344890012256], [-0.9655764691968092, -0.10808686673298604, -0.23659947458367137]], "T": [-0.0025464496302064488, -0.016548153502522468, -0.00454439023119365], "aligned_model": [[0.2171950804263652, -0.537202042699483, -0.6129120607858464, 0.07045595940949205, -0.24013577012220166, 0.3380667268148922, 0.6090642429609844, 0.5197023247373853, -0.09876648788097082, -0.09876648788097082, 0.6157735128399562, 0.03692079346474922, 0.09318059371169257], [-0.7237161769151985, 0.12717566199862712, -0.502474875498404, -0.656608066962888, -0.17498212655073575, 0.19819855420057375, -0.2527672570603872, 0.2758823045961615, 0.6706618659178919, 0.6706618659178919, 0.6917963800186087, -0.005045925707419869, 0.015905170795365377], [-0.48014511539042243, 0.33620672675837865, -0.005987732163206479, 0.3235666132968073, -0.5021201059762724, -0.5706779597275103, -0.1967707035174514, 0.32048510817546844, -0.03385240006908082, -0.03385240006908082, -0.32562409426171085, 0.6677748331625184, -0.034741163619092075]], "inverted": false, "swapped": false, "error_lsq": 0.05188435384338074, "error_max": 0.45164242338401717, "target": "259.xyz", "model": "21.xyz", "model_rescale": 4.08911054899281, "target_rescale": 4.085562985520598},
{"mapping": [0, 10, 7, 6, 13, 2, 1, 11, 14, 9, 15, 5, 16], "R": [[-0.8731016495021858, -0.2431434811778547, 0.42258106582912186], [0.3051177731496683, 0.40353215346829374, 0.862591992558144], [-0.38025866741568154, 0.8820674853308879, -0.2781371912874911]], "T": [0.06746077538808118, 0.04028054609839299, -0.0932312411241489], "aligned_model": [[0.10618234473888957, -0.5178616339375914, -0.5064390861899286, -0.023290365708935834, -0.4156606942175841, 0.521151025800966, 0.8103465970037395, 0.6602813005638279, -0.11266582238173492, -0.23016283055718897, 0.5522878063305136, 0.01725890595022181, 0.051148837600849845], [-0.681008388370252, -0.0355743286836237, -0.37942953854519984, -0.609572209258187, -0.058701728783671664, 0.129485605220993, -0.23063847023227607, 0.2681856072012122, 0.6079360968586442, 0.5596191754131381, 0.5684582874102433, 0.18708205367830538, 0.008845212840761146], [-0.37309247684530367, 0.4570224497566404, -0.07654047305784445, 0.26035008657348147, -0.5331472795831619, -0.647723300111904, -0.1619474975624202, 0.33398783419028444, -0.33227970987893996, 0.2931043498432573, -0.22543578546522416, 0.5949970230625066, -0.12503361432202686]], "inverted": false, "swapped": false, "error_lsq": 0.039538951446312316, "error_max": 0.1996196230938751, "target": "259.xyz", "model": "22.xyz", "model_rescale": 4.204369325754507, "target_rescale": 4.085562985520598},
{"mapping": [9, 4, 7, 13, 8, 5, 11, 10, 6, 1, 2, 12, 15], "R": [[-0.9425531984978329, 0.005237406472972828, -0.33401502597179916], [-0.15854700551265358, 0.8730733617396518, 0.4610919128152149], [0.2940345473655697, 0.4875607393895247, -0.8220877145180219]], "T": [0.024146063828670898, 0.024403001737532837, 0.13607676462329316], "aligned_model": [[0.1268841487651149, -0.6744173185317947, -0.3823697851675541, 0.1730339898743627, -0.3480736959284123, 0.2765650571974123, 0.617262765103467, 0.781865631210671, -0.07634368500069993, -0.06071507544980676, 0.5385221446641285, -0.1151636296268039, 0.05552583788595983], [-0.52961793049975, -0.10013128249162012, -0.47267310997837386, -0.5946772586172561, 0.12270587974421047, 0.09922944612606659, -0.34288529771713716, 0.22629740483780847, 0.5632796098643351, 0.6707871417034824, 0.5781038912522481, 0.0697026232166404, 0.04456625730943277], [-0.3849947654981088, 0.31261413033581553, -0.1525159459873811, 0.3503239631786682, -0.5151230128320898, -0.6525602226945402, -0.044270360811012155, 0.19088318897066509, -0.37166063520675935, 0.23857337247095337, -0.29305940890209786, 0.6639780961357113, 0.12207320743952077]], "inverted": true, "swapped": false, "error_lsq": 0.04280804383200679, "error_max": 0.2386870928234226, "target": "259.xyz", "model": "23.xyz", "model_rescale": 4.410303926677745, "target_rescale": 4.085562985520598},
{"mapping": [1, 13, 7, 0, 11, 10, 3, 4, 9, 15, 8, 5, 16], "R": [[-0.28666401432475064, -0.935891058037245, -0.20477224025034635], [-0.07877363137903348, -0.18999292095070647, 0.9786201535774639], [-0.954787127002967, 0.29666583469375934, -0.019259403803745023]], "T": [-0.06281151024180921, 0.05795901334901907, 0.02081134500278512], "aligned_model": [[0.10322554249859826, -0.708987433613435, -0.3982182374912779, 0.1427376840738407, -0.362551433538842, 0.3258548837848343, 0.6952896265802537, 0.6007076843401264, -0.06001251510476659, -0.13013281953517786, 0.5170686375117948, 0.16333834587595625, 0.024256419614139685], [-0.6065533209843212, -0.05338661599646258, -0.5098365700424916, -0.5768305624987679, 0.04621702956765282, 0.16919033505560394, -0.4156392972792088, 0.17884594240658414, 0.5713041763054488, 0.7370637264859305, 0.6124650856155742, 0.2039478560630832, -0.022100409948538624], [-0.49609329243672506, 0.2742782081419784, -0.06310170213049732, 0.3746157177815025, -0.536628867764046, -0.48943366820297585, -0.08037309625794406, 0.15869898692736473, -0.3381996477590571, 0.22961465135833395, -0.1579865781261772, 0.5892702562785738, -0.0003993612109858685]], "inverted": false, "swapped": false, "error_lsq": 0.035849036353936686, "error_max": 0.17259663618116622, "target": "259.xyz", "model": "24.xyz", "model_rescale": 4.28219845311461, "target_rescale": 4.085562985520598},
{"mapping": [6, 12, 14, 2, 8, 1, 0, 4, 5, 9, 3, 13, 15], "R": [[-0.20908066995518634, 0.08362472633802931, 0.9743162621017779], [-0.1671522405601057, 0.9786178372190912, -0.11986349382679046], [-0.9635068250546165, -0.18792028581693404, -0.19063201266223576]], "T": [0.01564856615146333, 0.07961439136115088, 0.031601378247313745], "aligned_model": [[0.06031649794342796, -0.6169980051732443, -0.4811132291641541, 0.17944584596559193, -0.08281792433460583, 0.38283849737586784, 0.6295800569065274, 0.7162675603940906, -0.22009024967135327, -0.20397460755883168, 0.5128614663607532, -0.03755107758751028, 0.0738115535394854], [-0.664901871445631, 0.10555377645202121, -0.4900899065437103, -0.5314129226753799, -0.010197932690513611, 0.27647978206961665, -0.4024168894743987, 0.08068898771707354, 0.5848207428744104, 0.6983336539426912, 0.6624141467254218, -0.01130077435323168, 0.03671658215171769], [-0.47426169141351165, 0.4599766393505003, 0.12545955081722207, 0.29350994438197503, -0.6497092363981795, -0.4544983761193095, -0.20564984090890176, 0.24083914533259282, -0.6121955105454627, 0.19230551496707032, -0.0831554162035478, 0.6162557098708615, 0.015385173468035612]], "inverted": true, "swapped": false, "error_lsq": 0.04562386462648084, "error_max": 0.27757471859937133, "target": "259.xyz", "model": "25.xyz", "model_rescale": 4.100010024507729, "target_rescale": 4.085562985520598},
{"mapping": [7, 3, 1, 2, 10, 8, 9, 4, 0, 5, 6, 12], "R": [[0.8923375564030172, 0.2643319729440639, 0.36587196327703425], [-0.04515083967773367, -0.7542442524390038, 0.6550397005824338], [0.4491047618419208, -0.6010359521211917, -0.6611056626203444]], "T": [0.022473349478728075, -0.027219694080879882, 0.04964101478108262], "aligned_model": [[-0.6665024089539239, -0.06741582402250433, 0.4652464658872138, 0.6171611252040152, -0.5806815763961503, 0.06199282222953066, -0.13327746306207516, 0.5169383670898199, 0.2695371268672977, -0.12221375170709937, -0.42919729313412935, -0.054821987638987976], [-0.042793773028357664, -0.7208156439454306, -0.2558261825900841, -0.45323811041073087, 0.5944460236534365, 0.7748808727713631, 0.28201958022916596, 0.2972847501121953, -0.24243778216582323, 0.5556213172103539, -0.09921739559831197, -0.023792266187136937], [0.12955389644989826, -0.20347786443957228, 0.5880577694055729, -0.030987374220588025, 0.09226037450906446, 0.138741565806005, 0.6478195432985573, -0.15763003956008764, -0.6596390713039246, -0.4392818980877448, -0.5013183251769593, -0.038906286825865034]], "inverted": true, "swapped": true, "error_lsq": 0.05485987013169721, "error_max": 0.310696122936905, "target": "259.xyz", "model": "26.xyz", "model_rescale": 3.6694154284099745, "target_rescale": 4.085562985520598},
{"mapping": [12, 7, 3, 6, 9, 10, 2, 0, 8, 5, 4, 1, 13], "R": [[-0.7734698721854075, -0.557526563604265, 0.3015103442621978], [-0.6290706637594043, 0.7334444096747017, -0.25754494348410517], [-0.07755292914385595, -0.38887456691399613, -0.9180207592362278]], "T": [0.06781914370212225, 0.05122257124765374, -0.11628277861250844], "aligned_model": [[0.07595599963486667, -0.5211353212051296, -0.5501514581044491, 0.1730713469317856, -0.35111712664262895, 0.2884392720163125, 0.6884721191922097, 0.5227743838066962, -0.13258766452846965, -0.06434632310587607, 0.6267904119694858, 0.03564871869907699, 0.12076202633216458], [-0.7214945305735976, 0.1375007593033643, -0.4528431808304195, -0.49369304718038387, -0.122363318363976, 0.21751050982065728, -0.2261206663144527, 0.2550934013163162, 0.5904205204370132, 0.5583414363129096, 0.6317344093915253, -0.06895788704701312, 0.029558968478144047], [-0.2967679178510205, 0.08820985511809751, 0.013568186799124055, 0.2876718900235683, -0.6254231087649345, -0.6506663490564434, -0.11679149970781455, 0.3177515026161125, -0.39459892121811635, 0.4764576753802158, -0.277799641866241, 0.7578844679112654, -0.11523453278446849]], "inverted": false, "swapped": false, "error_lsq": 0.04452939313931295, "error_max": 0.30307931934716553, "target": "259.xyz", "model": "27.xyz", "model_rescale": 4.103607728864725, "target_rescale": 4.085562985520598},
{"mapping": [1, 12, 2, 4, 0, 5, 7, 11, 9, 10, 6, 13, 14], "R": [[0.15131150956989836, 0.6882051750817734, 0.7095621636349728], [-0.6969682511398253, -0.4347482331501873, 0.5702887257134616], [0.700956549277323, -0.5808335482420551, 0.41387474586132]], "T": [0.05190288313837249, 0.14037527656677143, 0.03724001423645292], "aligned_model": [[0.07683899583176773, -0.6363108858318274, -0.4342348950746181, 0.011969586244467367, -0.2638917998412174, 0.4102648457602272, 0.6669281585332458, 0.591651287053083, 0.0016630180053325769, -0.11558612344783337, 0.4954646699165259, 0.10036476836237354, 0.007454759484517695], [-0.5792098557096278, -0.015205813110298144, -0.41135070363203097, -0.7023829903051361, -0.08395409828260644, 0.1559798040600935, -0.14434878338293197, 0.33259278315820573, 0.6778391376248057, 0.6170053605428047, 0.5476971510154424, -0.08122339837761575, 0.021248781148982154], [-0.4960856459050484, 0.5265762481896149, 0.06151365425786461, 0.36856028610758257, -0.5624614037735051, -0.6003128171817685, -0.20925007861638606, 0.4164303676087162, -0.5781724328760467, 0.10466754590948321, -0.1592519569930672, 0.6442144831370227, -0.05216664326511745]], "inverted": false, "swapped": false, "error_lsq": 0.038619765527943065, "error_max": 0.18973376069755885, "target": "259.xyz", "model": "28.xyz", "model_rescale": 4.137296879288765, "target_rescale": 4.085562985520598},
