[{"mapping": [5, 10, 4, 3, 1, 2, 0, 8, 9, 6, 6, 11], "R": [[0.42659659033707775, 0.8469376817984915, -0.3173514018601094], [0.814381837117448, -0.5123333076529715, -0.2725744031316519], [-0.393443226509226, -0.14216590666950663, -0.9082903073879227]], "T": [0.013907402923904983, -0.006509079630337894, -0.022136136552645964], "aligned_model": [[-0.7206298170228038, -0.19431823772712423, 0.5314225009887588, 0.5464198876772477, -0.4596919683810793, 0.11941924617924816, -0.20623152837189043, 0.41597579419103886, 0.2453312224082555, -0.18512092852716125, -0.18512092852716125, -0.030689640524321573], [-0.22068489948447217, -0.6404857089507687, -0.12509471733039956, -0.4428023640816986, 0.5187690817885307, 0.6846521184383318, 0.08159224903592152, 0.41537383564652597, -0.20557131508196907, 0.3032409269995232, 0.3032409269995232, -0.006098743928408808], [0.2992205550420342, -0.1504991453045377, 0.58652143265169, -0.03267835223011555, 0.018693364483879003, 0.3777559673998626, 0.549325498919663, -0.27404744084954225, -0.5476584164040708, -0.646313310220157, -0.646313310220157, 0.031185446585807998]], "inverted": false, "swapped": false, "error_lsq": 0.06540611399396017, "error_max": 0.34262208441343783, "target": "26.xyz", "model": "0.xyz", "model_rescale": 3.751011558992144, "target_rescale": 3.6694154284099745},
{"mapping": [4, 8, 0, 2, 11, 12, 7, 13, 5, 9, 10, 14], "R": [[-0.23303008665257482, 0.8113468664389385, -0.5361093554811454], [0.7477506434295393, 0.501956576810106, 0.43463613546021523], [0.6217442834199634, -0.29959281920098774, -0.7236561260141455]], "T": [-0.0573338272964726, 0.013668800534502597, 0.04728560241603983], "aligned_model": [[-0.6598260123015761, -0.030870421356607294, 0.32606822176303396, 0.6674257204544197, -0.46513747010333917, 0.17906875828463695, -0.09437654509862317, 0.5334664675358263, 0.18016497466235595, -0.03387410006514727, -0.6742045933087809, -0.05113939810319214], [-0.488588179038816, -0.6227944858104675, -0.2518017887987869, -0.3677543386455977, 0.6993583602860817, 0.694986117601211, 0.2837915189428613, 0.27709996727766417, -0.1269103523806736, 0.40248227483449234, 0.09916173567233302, 0.06710056011033737], [-0.054277498105121245, -0.1388122896217138, 0.645643984554615, -0.06663581273505623, 0.03125421171493779, 0.22587909354267577, 0.6517180451710206, -0.28295859558747405, -0.512998136264098, -0.48418720472962873, -0.48620775668955174, 0.036774248603751176]], "inverted": false, "swapped": false, "error_lsq": 0.05258453636963315, "error_max": 0.2979913681604077, "target": "26.xyz", "model": "1.xyz", "model_rescale": 3.9405287249114394, "target_rescale": 3.6694154284099745},
{"mapping": [8, 4, 1, 7, 5, 0, 2, 6, 3, 11, 10, 12], "R": [[-0.5558440216681443, -0.7538144536126177, -0.3504300117006166], [0.8146122879343192, -0.40992266172644004, -0.4103294185767392], [0.16566304332046344, -0.5135437478227356, 0.8419195776022679]], "T": [-0.018280135729988232, 0.046751693769529784, -0.03552864667407885], "aligned_model": [[-0.6357693022579556, -0.051942505039276464, 0.35668938012714047, 0.6512230424683072, -0.3509623065171482, 0.37976003876070646, -0.2866145256924266, 0.3998494562192657, 0.09619823752336126, -0.1652481832724068, -0.45760913106008505, -0.058808598896475245], [-0.3943311994543479, -0.6315380644281642, -0.12805256999702758, -0.33727984835061997, 0.6513515160946768, 0.6946345834572387, 0.23286658675892338, 0.31095402458767607, -0.30271736203909105, 0.615788474710199, -0.07959807356554682, 0.03405332227672317], [-0.19314457428170276, 0.13907252943710685, 0.6397991729107273, -0.21772393254981806, 0.19219466891194656, 0.3176593613573383, 0.5624074111888363, -0.260740693678747, -0.473210905462791, -0.438283937111626, -0.744410082084113, 0.04157327121719893]], "inverted": true, "swapped": false, "error_lsq": 0.049144042255748026, "error_max": 0.27504962375208136, "target": "26.xyz", "model": "2.xyz", "model_rescale": 3.932901565614263, "target_rescale": 3.6694154284099745},
{"mapping": [5, 9, 8, 11, 4, 0, 7, 1, 10, 2, 6, 13], "R": [[0.36266227586356325, 0.9225757929428997, -0.13164338168415712], [-0.20764419142475513, -0.05771352420656625, -0.976500403938072], [-0.9084932379676913, 0.38147484242009716, 0.17063698651682055]], "T": [0.08431608721435058, 0.04058043039819293, 0.028174177891767342], "aligned_model": [[-0.5971749636304479, -0.24235770423132202, 0.40375976976880407, 0.800825659180943, -0.5641751040931449, 0.1590740459134217, -0.3002921292423888, 0.4680919166421329, 0.24063430005859932, -0.19667840907303408, -0.3149280930839978, 0.019986314153441154], [-0.177593347683766, -0.5515882448444895, -0.3755968428888343, -0.47729772844301144, 0.6207119264712273, 0.6980595941760108, 0.042119170275661456, 0.45907431778798635, -0.2851772879005001, 0.6872679818445735, 0.051831604217924536, -0.02567975296214326], [-0.0408898201865607, 0.3152515776164424, 0.5415346130709242, -0.09880985355677036, 0.10648782037137453, 0.1334487044980462, 0.6296861889611204, -0.44758584551977365, -0.5903660112659314, -0.41571449851120595, -0.5260547966912442, -0.041795788932064974]], "inverted": false, "swapped": false, "error_lsq": 0.052160294098497505, "error_max": 0.2884347570961714, "target": "26.xyz", "model": "3.xyz", "model_rescale": 3.9243930471874484, "target_rescale": 3.6694154284099745},
{"mapping": [9, 11, 10, 6, 7, 4, 8, 3, 5, 0, 1, 12], "R": [[0.3509377624257358, -0.763168127699154, 0.5426021523803471], [0.8021278077613048, -0.05397615326117852, -0.5947079576524675], [0.48314973550614837, 0.6439417549307495, 0.5932161067747952]], "T": [-0.008663911492966407, 0.044584512316682055, 0.033436810393350995], "aligned_model": [[-0.5588611175389534, 0.02681334376594558, 0.3579662147324897, 0.5584041855437218, -0.44356634508531295, 0.08738711548363184, -0.3492314785488077, 0.582211612511219, 0.04895810677095614, 0.10553018812781711, -0.5302310143119483, -0.00861520908775222], [-0.37095888758698736, -0.7423748709140402, -0.13469013099742103, -0.3062604722066014, 0.7181328623835372, 0.557018580477671, 0.12640815394768537, 0.33951249147559137, -0.1914551936527558, 0.44052932399093064, 0.19198520564634855, 0.03828432748668096], [0.18274892990333386, 0.10807175456786652, 0.6083895669981171, -0.24379609691520904, 0.043984430496861675, 0.31725505407193483, 0.5565572485872085, -0.09632055011731597, -0.6839111247064417, -0.7105455597476585, -0.4317524982170595, -0.0854888650672814]], "inverted": false, "swapped": false, "error_lsq": 0.05080930046635135, "error_max": 0.24853834739629949, "target": "26.xyz", "model": "4.xyz", "model_rescale": 3.8936222436046832, "target_rescale": 3.6694154284099745},
{"mapping": [4, 2, 3, 0, 7, 8, 10, 9, 1, 6, 5, 11], "R": [[-0.6033768580323194, 0.7391899487837376, 0.2992233059240905], [-0.5006025701986175, -0.05901572786190046, -0.8636632506801875], [-0.6207523128443296, -0.670906374602318, 0.40564911267792736]], "T": [0.008739405292424292, 0.12510765768165952, 0.01971075078476362], "aligned_model": [[-0.6462842233724857, -0.05232608401385316, 0.39755879880838046, 0.6948182311201856, -0.42169079804439963, 0.30204060658109383, -0.3231466820393663, 0.5425171899238991, 0.1481572536641234, -0.0950133923254736, -0.5643495494109837, -0.10551574852811343], [-0.3231338824095136, -0.5898168864363736, -0.049099483321258935, -0.42656938240024955, 0.607516710222169, 0.6189554985478717, 0.05141162957554682, 0.3583911600537404, -0.3280496005944209, 0.574453969956916, 0.1026742204629589, 0.06939743639325363], [-0.0057483641683931455, 0.22541045218836256, 0.40539635275956115, -0.06784835596196562, 0.061649676265081034, 0.4844166166023014, 0.5525220869648816, -0.18691942120419824, -0.6270658180457406, -0.62985208431189, -0.55320865710641, -0.09356019412723396]], "inverted": true, "swapped": false, "error_lsq": 0.04584177198762047, "error_max": 0.29148941280877394, "target": "26.xyz", "model": "5.xyz", "model_rescale": 3.6523030999806103, "target_rescale": 3.6694154284099745},
{"mapping": [11, 7, 5, 0, 10, 6, 9, 1, 3, 2, 4, 12], "R": [[-0.4653869395302636, -0.40500230645951957, 0.78701215256], [-0.47322215758657477, 0.8652687016470975, 0.16544142020381036], [-0.74798114019256, -0.295437312661106, -0.5943408182211802]], "T": [0.0030724544694051437, 0.1335183708722194, 0.07630004339173319], "aligned_model": [[-0.7313870479607284, -0.11025070704796867, 0.5082358046198094, 0.7155818280159185, -0.602973018759885, 0.09775485174477651, -0.4621267349366913, 0.5969574052364309, 0.11567332286132188, 0.05782531004750115, -0.357302402305631, 0.04877699084815304], [-0.33914470083890524, -0.5369189290984281, -0.20096781531214786, -0.4332297146120422, 0.6239956012555341, 0.7655196443229098, 0.0690446500175619, 0.32410125272181406, -0.33309303496643694, 0.518914011230786, 0.1682102664583892, 0.03970015887160479], [-0.031995215376431685, 0.1433056220323147, 0.387479269728263, -0.3215576330542244, 0.10483094805302945, 0.19560677444662444, 0.6259324011325309, -0.22923832799849603, -0.425930524501778, -0.5753777599802803, -0.3687370751859512, 0.060873810558756035]], "inverted": false, "swapped": false, "error_lsq": 0.040781087030351215, "error_max": 0.24218634297095878, "target": "26.xyz", "model": "6.xyz", "model_rescale": 4.08911054899281, "target_rescale": 3.6694154284099745},
{"mapping": [2, 13, 5, 10, 0, 3, 6, 8, 11, 9, 1, 14], "R": [[0.764664196998731, -0.5662232676173329, -0.30770095390985785], [0.6366789558068782, 0.5899590339300721, 0.4965765253381995], [-0.0996422252910352, -0.5756210120322629, 0.8116229897224475]], "T": [0.07094605594421148, -0.056501370649175146, 0.04242598901923398], "aligned_model": [[-0.7060889677694949, -0.28308830129694357, 0.5307130293834273, 0.7398918711976186, -0.5915786961932287, 0.018096676341883514, -0.1925946751536331, 0.5638873586881031, 0.21247693728478245, 0.02776509078844802, -0.49491910901819275, 0.05220438811023731], [-0.14694008341969111, -0.6766190583168022, -0.33333617479929606, -0.24744814762642975, 0.6087084131955093, 0.7140679184055089, 0.17667749611944109, 0.37662413374222437, -0.28264034246146374, 0.4530031381406713, 0.013733582472033483, 0.010300514598934073], [0.23781522732550914, -0.11884474510888035, 0.5832383880348592, -0.1455253959688434, 0.09911002016046974, 0.2152882177078093, 0.3964272116137229, -0.14347759561493753, -0.4804136020713784, -0.5517943974358458, -0.4188870557752177, -0.10774398301291013]], "inverted": true, "swapped": false, "error_lsq": 0.050654289367963824, "error_max": 0.3011041617657098, "target": "26.xyz", "model": "7.xyz", "model_rescale": 3.964800864290218, "target_rescale": 3.6694154284099745},
{"mapping": [10, 5, 0, 1, 11, 4, 6, 7, 8, 12, 9, 13], "R": [[-0.5385367640895535, 0.31938165821815456, 0.7797265611211243], [-0.4838863101390314, -0.8747985186561715, 0.024116189935415255], [0.6898059093571073, -0.36431155368830914, 0.6256555755886977]], "T": [0.06708962802326196, 0.05529153623113511, 0.09397464188406854], "aligned_model": [[-0.6484104828031083, -0.17166008533516075, 0.4904179489944279, 0.6974437833739364, -0.582902081866755, 0.04938034152410643, -0.18359635484840248, 0.5473590321724419, -5.6532738661463355e-06, 0.021791562066102693, -0.38008093169178675, 0.037028524051071085], [-0.32508118972522215, -0.7286319431516298, -0.11510779080527184, -0.31152234648802934, 0.5696879019650517, 0.7246401085096851, 0.26994694879002556, 0.1739093455683405, -0.2985140980804222, 0.5670053127216177, 0.12551273112512218, 0.014286409621372217], [-0.042077531061508605, -0.07195689764977392, 0.6461671577080486, -0.08272030838057115, 0.08761221407145306, 0.31019736264717346, 0.5710337734698486, -0.41800609965602775, -0.585273013808858, -0.4598954091739019, -0.42464294468661923, 0.03475398637509403]], "inverted": true, "swapped": false, "error_lsq": 0.040901950036333505, "error_max": 0.22870512036055332, "target": "26.xyz", "model": "8.xyz", "model_rescale": 4.121658175737393, "target_rescale": 3.6694154284099745},
{"mapping": [9, 7, 10, 11, 4, 0, 5, 2, 8, 1, 6, 12], "R": [[0.3794581195902895, 0.8571456970043007, -0.34829985584839573], [-0.5770851346321698, -0.07498125870503106, -0.813234626801872], [-0.7231765226164163, 0.509587151476586, 0.4661937925223878]], "T": [0.06908480246054735, 0.0006790219524363469, -0.031109259677114406], "aligned_model": [[-0.7422617554232567, -0.12794719707106553, 0.4866131259327684, 0.4977890800843475, -0.5773569565230764, 0.16570849375070792, -0.14544414197370464, 0.48466880301728754, 0.209141932195337, -0.07099000214165296, -0.3494416404883217, 0.0462858610036363], [-0.18580447787298557, -0.6370459616039591, -0.02247166741599175, -0.4647199240573196, 0.5845235281999882, 0.705611200083324, 0.02249216447131335, 0.3555436706641706, -0.3511518652324463, 0.6131089760757591, -0.03235129147202278, 0.07839703821080893], [-0.042532233804374944, 0.0673597548491565, 0.6026217363106217, 0.02035468841830436, 0.14025748880530148, 0.30438847450209633, 0.5478721088393114, -0.45972035430117875, -0.653324949740014, -0.31437647649136374, -0.5824047022862677, -0.06530324524723627]], "inverted": false, "swapped": false, "error_lsq": 0.05072376164995845, "error_max": 0.29905558860372394, "target": "26.xyz", "model": "9.xyz", "model_rescale": 3.833441315466971, "target_rescale": 3.6694154284099745},
{"mapping": [6, 12, 11, 10, 3, 9, 7, 8, 0, 2, 5, 14], "R": [[-0.6393045497952924, 0.030364059796618326, -0.7683539005456445], [0.6418782927218105, -0.5291383168296789, -0.5549818906912082], [-0.42341699297922897, -0.847992137661265, 0.3187905025578803]], "T": [-0.09535723852916278, -0.05678917414756477, -0.08546661500572637], "aligned_model": [[-0.6562454962796025, -0.07897160227655026, 0.2957941841278133, 0.6804310366166688, -0.511465380218699, 0.15073311673909934, -0.09167815093737183, 0.5878548140912683, 0.09590760677826732, -0.07959780238866532, -0.41652182675457783, -0.09947489713464333], [-0.3888359116201749, -0.6252429389219669, -0.1837751968423149, -0.31489082409059554, 0.6650247240987105, 0.6930015348263325, 0.21172685619625967, 0.2931777759311041, -0.3927695334751642, 0.5837505026267096, 0.09091286050065545, 0.03405154082108399], [0.10526590580912383, 0.11356073374106888, 0.45878718207534375, -0.17084948192181698, 0.1598098829834384, 0.10205286748362861, 0.524287091456729, 0.04982487542716031, -0.6461429198370331, -0.411213169213252, -0.6620710007831727, -0.05811967736686178]], "inverted": true, "swapped": false, "error_lsq": 0.045801967942945894, "error_max": 0.29877349767365413, "target": "26.xyz", "model": "10.xyz", "model_rescale": 4.2482417240324, "target_rescale": 3.6694154284099745},
{"mapping": [0, 1, 2, 3, 4, 5, 6, 7, 8, 9, 10, 11], "R": [[1.0, 0.0, 0.0], [0.0, 1.0, 0.0], [0.0, 0.0, 1.0]], "T": [0.0, 0.0, 0.0], "aligned_model": [[-0.692344529957145, -0.10475793964995851, 0.4408878557261163, 0.692344529957145, -0.5469808854185018, 0.11879295449217733, -0.23856650114411454, 0.543138556776496, 0.1155769653979381, -0.03158516724562296, -0.3812053792465046, -0.03853485732501855], [-0.30694183364461614, -0.6909818878421952, -0.2170919089270806, -0.37790749699902, 0.6655284874785109, 0.6909818878421952, 0.15195935452901882, 0.3224223648377312, -0.3207320138483123, 0.5812372683362763, 0.05406921180520858, 0.11358795648292264], [-0.016889006221587424, 0.10351984598391425, 0.5533952368211176, -0.1895167591589223, 0.15402377600099018, 0.2694780788089922, 0.5835036565831918, -0.24413228686624336, -0.5105200968786869, -0.5835036565831918, -0.5164894400689954, -0.03767705856622221]], "inverted": false, "swapped": false, "error_lsq": 0.0, "error_max": 0.0, "target": "26.xyz", "model": "11.xyz", "model_rescale": 3.6694154284099745, "target_rescale": 3.6694154284099745},
{"mapping": [9, 7, 12, 5, 3, 1, 2, 0, 6, 4, 11, 13], "R": [[0.5611149811405678, 0.565500141972945, 0.6044498054993479], [-0.525854439906633, -0.3204101074424337, 0.7879178073119107], [0.6392394590215011, -0.7599650995126731, 0.11758384902949603]], "T": [-0.0404048988322175, -0.026086122272298014, -0.0014118365718830406], "aligned_model": [[-0.7003306934891741, -0.03664956632291301, 0.3773438815387831, 0.6113012635592683, -0.4187937963882104, 0.18547059368716684, -0.2499607842342355, 0.5554958599956479, 0.13942971842096574, -0.0858468070866399, -0.5410456357518681, 0.040351568434216015], [-0.4834222139877419, -0.7690755015308027, -0.10212460046233562, -0.47103080643704043, 0.7449497530115726, 0.7137278933046288, 0.29148728563858883, 0.30477016760437736, -0.15542629976600428, 0.5816599333497702, -0.05235433227555209, 0.06297011160117857], [-0.006694984394573791, -0.01227453680480406, 0.5291280833206482, -0.1493107831914642, 0.058374632088813376, 0.34228712812924933, 0.5291982225803711, -0.21629381697711342, -0.5217823414786923, -0.42124324868906443, -0.5433504701706037, -0.022845594558409517]], "inverted": true, "swapped": false, "error_lsq": 0.04249140790218949, "error_max": 0.1938978939352605, "target": "26.xyz", "model": "12.xyz", "model_rescale": 3.9764082729961374, "target_rescale": 3.6694154284099745},
{"mapping": [6, 3, 7, 8, 5, 9, 4, 1, 11, 12, 13, 15], "R": [[0.862196880149705, 0.4595217679592961, 0.21320479504851228], [-0.49636692018186823, 0.682296864322281, 0.5367409705669484], [0.10117519661103816, -0.568604197757584, 0.8163656324730801]], "T": [0.01132873298194136, 0.09882813020903175, -0.05226930672538006], "aligned_model": [[-0.7388853420973026, 0.1669759607142259, 0.2877098325320354, 0.5752217781862903, -0.47767821167323493, 0.09599527814773143, -0.30669913444401775, 0.5277838021445641, 0.12834225371451788, -4.271034310425817e-05, -0.36077375591235045, -0.021184148606348128], [-0.04218519144457944, -0.716137564391802, -0.17314465262476714, -0.3048817249548898, 0.6778072321467965, 0.6754658463269279, 0.038149903348977, 0.3959042119874108, -0.48146822952762086, 0.5276973081520173, 0.049019776491531164, 0.019904474540637873], [-0.02140038435285084, 0.08932272849075194, 0.5963276344731661, -0.1890019767872212, 0.30617080463643015, 0.09544544202249557, 0.5888548233031536, -0.2721386802916681, -0.5815222420895277, -0.5246626316522688, -0.5355284627126461, 0.013325234814542078]], "inverted": true, "swapped": false, "error_lsq": 0.0476741382577971, "error_max": 0.2732648510418338, "target": "26.xyz", "model": "13.xyz", "model_rescale": 4.170626492500431, "target_rescale": 3.6694154284099745},
{"mapping": [6, 3, 1, 9, 4, 8, 2, 10, 11, 12, 5, 13], "R": [[-0.42226330829832104, 0.6994846120232631, -0.57655439986841], [-0.882995313942906, -0.4612231299077185, 0.08713495276292502], [-0.20497066624233432, 0.5458887267390609, 0.8123992392902524]], "T": [0.03451154558779947, 0.09911354587818594, 0.12211149341998301], "aligned_model": [[-0.6354468846151937, -0.06760219986245955, 0.5869674822582945, 0.6601551672013289, -0.4315702069830901, 0.20855316735040022, -0.424710982514262, 0.4562425230244037, 0.043281090321439085, -0.04316638961769743, -0.4705417955166671, -0.0053953686834896306], [-0.30908024560679265, -0.5747509358506289, -0.2583745455018212, -0.32545643523030987, 0.6309726265473155, 0.820670061281618, 0.014677331387867698, 0.28000715211254007, -0.3250827576997511, 0.5539331749295184, 0.10343045967348462, 0.05518550400759929], [-0.18124110245344327, 0.22676830248828644, 0.5193635197890776, -0.16877822509842177, 0.17648840785301356, 0.09717152994718925, 0.5857032994330323, -0.20613961605068748, -0.44325585817287744, -0.4460534162655693, -0.6342761818172105, 0.03944163020196763]], "inverted": true, "swapped": false, "error_lsq": 0.0446375111321639, "error_max": 0.23359251897925198, "target": "26.xyz", "model": "14.xyz", "model_rescale": 3.9786697098870705, "target_rescale": 3.6694154284099745},
{"mapping": [1, 0, 2, 3, 10, 5, 4, 8, 9, 7, 6, 11], "R": [[-0.982546877956906, 0.1643112780544272, -0.08719768644440935], [-0.08945457361000705, -0.8283783756359551, -0.5529802401885515], [-0.1630935678602582, -0.5355287767084576, 0.828618982065795]], "T": [-0.0471743023621251, 0.06656407418406489, -0.06693804711561077], "aligned_model": [[-0.6947173917431085, -0.05237360187755726, 0.5203495380325341, 0.6837965852076987, -0.6964904999166809, 0.33832987524417385, -0.172828128113934, 0.4476281079269885, 0.17952509399140879, -0.14577424864830568, -0.4524201199685851, -0.0782596077716255], [-0.13624692313632736, -0.5813271129730031, -0.1270259856345919, -0.4807359149741028, 0.5401347337785575, 0.6776991742959848, 0.18187566944494432, 0.23169965154227606, -0.2731383543158111, 0.6294580242292969, -0.024472391851832934, 0.028210819645249074], [-0.05184704803730389, 0.18607492284343538, 0.5609847153242765, -0.17320900126353858, 0.14856205604310463, 0.2831476655166416, 0.5211342972124257, -0.07829330513330832, -0.5366442444490656, -0.39905919517085653, -0.7413591914817127, -0.15429938154974185]], "inverted": true, "swapped": false, "error_lsq": 0.04990745050858706, "error_max": 0.24860958931937882, "target": "26.xyz", "model": "15.xyz", "model_rescale": 3.769337070930944, "target_rescale": 3.6694154284099745},
{"mapping": [8, 9, 1, 0, 3, 7, 2, 5, 6, 4, 11], "R": [[-0.8466525735837457, -0.06409824433185604, -0.528271553954587], [0.2652771420331964, 0.8097373411892242, -0.5234056516684794], [0.46131058687040755, -0.5832811100639038, -0.6685624047790159]], "T": [-0.03437890093111081, 0.10157774764811009, -0.049853753490326946], "aligned_model": [[-0.22677696962179464, -0.3321126590274777, -0.11267661611181315, -0.6491505932360035, 0.4274568572249302, 0.31716932094237726, 0.6173276882669061, 0.25284578903822713, 0.08162686814085363, -0.37345608817759673, -0.07962746674743781], [0.06341740471362892, -0.6661020613419006, 0.7430643436028184, 0.5249433888251519, 0.1247262384445491, -0.4313621435657824, 0.45005789701083876, -0.34840279503511373, 0.3472259351761878, -0.21160707940757964, 0.00010336920254391813], [-0.6315620999544567, -0.08636707020876205, -0.33535501227235825, 0.07920737987360604, -0.7163696995216484, -0.2755641137883539, -0.009886348261877398, 0.47854539393523354, 0.5389431279969724, 0.6936390208009604, 0.008987028624460956]], "inverted": true, "swapped": true, "error_lsq": 0.051238360550748194, "error_max": 0.34484142855671723, "target": "26.xyz", "model": "16.xyz", "model_rescale": 3.7852294659196426, "target_rescale": 3.6694154284099745},
{"mapping": [7, 11, 8, 9, 1, 3, 2, 0, 10, 4, 5, 12], "R": [[-0.5021291827802817, -0.06842210831063633, 0.8620816080248634], [0.5043602361244853, 0.786601001775196, 0.35620165106679647], [-0.7024863244340491, 0.6136589273371537, -0.36046592749184236]], "T": [-0.03938048795969935, 0.06117252047025532, -0.027611383365897173], "aligned_model": [[-0.6636224262571445, -0.08530861557760784, 0.41749374057050975, 0.692437897862055, -0.49847258199267575, 0.16210447403115102, -0.33120571804707616, 0.532593197195338, 0.15862599925460819, -0.007176344321719888, -0.5052785602708717, 0.004574539916440912], [-0.25108601900134003, -0.6110022665554549, -0.1376757143125288, -0.3899603826569947, 0.563966037050478, 0.7000061632768704, 0.06755509562428849, 0.39084993219048625, -0.36853641205074494, 0.47749180042492506, 0.2379646337008143, -0.013441477640159537], [0.03753162987524965, 0.2622225987923855, 0.39183018596309355, -0.11806987882686952, 0.07576793336805969, 0.401096860166382, 0.5098682151763375, -0.20054507999653368, -0.6798373715109978, -0.599824486466625, -0.4564383245398279, -0.058409992146297385]], "inverted": true, "swapped": false, "error_lsq": 0.04238092486654044, "error_max": 0.22982127168729535, "target": "26.xyz", "model": "17.xyz", "model_rescale": 3.901054581598922, "target_rescale": 3.6694154284099745},
{"mapping": [4, 8, 0, 2, 11, 12, 7, 13, 5, 9, 10, 14], "R": [[-0.23303008665257482, 0.8113468664389385, -0.5361093554811454], [0.7477506434295393, 0.501956576810106, 0.43463613546021523], [0.6217442834199634, -0.29959281920098774, -0.7236561260141455]], "T": [-0.0573338272964726, 0.013668800534502597, 0.04728560241603983], "aligned_model": [[-0.6598260123015761, -0.030870421356607294, 0.32606822176303396, 0.6674257204544197, -0.46513747010333917, 0.17906875828463695, -0.09437654509862317, 0.5334664675358263, 0.18016497466235595, -0.03387410006514727, -0.6742045933087809, -0.05113939810319214], [-0.488588179038816, -0.6227944858104675, -0.2518017887987869, -0.3677543386455977, 0.6993583602860817, 0.694986117601211, 0.2837915189428613, 0.27709996727766417, -0.1269103523806736, 0.40248227483449234, 0.09916173567233302, 0.06710056011033737], [-0.054277498105121245, -0.1388122896217138, 0.645643984554615, -0.06663581273505623, 0.03125421171493779, 0.22587909354267577, 0.6517180451710206, -0.28295859558747405, -0.512998136264098, -0.48418720472962873, -0.48620775668955174, 0.036774248603751176]], "inverted": false, "swapped": false, "error_lsq": 0.05258453636963315, "error_max": 0.2979913681604077, "target": "26.xyz", "model": "18.xyz", "model_rescale": 3.9405287249114394, "target_rescale": 3.6694154284099745},
{"mapping": [5, 2, 1, 3, 7, 4, 8, 12, 10, 13, 11, 15], "R": [[-0.2889810194356262, -0.8340795725306746, 0.46989492133134814], [-0.8154228324661777, 0.4716151977682319, 0.33565564128563047], [-0.5015731000549996, -0.28616493831543927, -0.8164153681675395]], "T": [0.028323791175118185, 0.15639823985572543, -0.025174903615986826], "aligned_model": [[-0.6572286128487461, -0.14767842859006441, 0.4287742757997389, 0.7364382397194871, -0.41139650168439634, 0.20289390552290817, -0.4562625718196516, 0.5283531579931843, 0.08631639062895084, -0.08844243018353637, -0.36693709908426175, 0.02193527690939386], [-0.2873549877085455, -0.6904404338195517, -0.20815205421922384, -0.27395397839027047, 0.6876660807809211, 0.7538053278429645, 0.14718060252868242, 0.36752758212090947, -0.4677078014218137, 0.5502734733432182, -0.030402056249161924, 0.11768963524251103], [0.13091358770307424, 0.05975308010359061, 0.3520013369310725, -0.2221507673339063, 0.11633867943372146, 0.35861550144292714, 0.5556548885758098, -0.09956640422988473, -0.49955085641713004, -0.5567365607798215, -0.5979642889107086, -0.03211590666438796]], "inverted": false, "swapped": false, "error_lsq": 0.040619417560532695, "error_max": 0.21952213906068363, "target": "26.xyz", "model": "19.xyz", "model_rescale": 4.410303926677745, "target_rescale": 3.6694154284099745},
{"mapping": [10, 5, 0, 1, 11, 4, 6, 7, 8, 12, 9, 13], "R": [[-0.5385367640895535, 0.31938165821815456, 0.7797265611211243], [-0.4838863101390314, -0.8747985186561715, 0.024116189935415255], [0.6898059093571073, -0.36431155368830914, 0.6256555755886977]], "T": [0.06708962802326196, 0.05529153623113511, 0.09397464188406854], "aligned_model": [[-0.6484104828031083, -0.17166008533516075, 0.4904179489944279, 0.6974437833739364, -0.582902081866755, 0.04938034152410643, -0.18359635484840248, 0.5473590321724419, -5.6532738661463355e-06, 0.021791562066102693, -0.38008093169178675, 0.037028524051071085], [-0.32508118972522215, -0.7286319431516298, -0.11510779080527184, -0.31152234648802934, 0.5696879019650517, 0.7246401085096851, 0.26994694879002556, 0.1739093455683405, -0.2985140980804222, 0.5670053127216177, 0.12551273112512218, 0.014286409621372217], [-0.042077531061508605, -0.07195689764977392, 0.6461671577080486, -0.08272030838057115, 0.08761221407145306, 0.31019736264717346, 0.5710337734698486, -0.41800609965602775, -0.585273013808858, -0.4598954091739019, -0.42464294468661923, 0.03475398637509403]], "inverted": true, "swapped": false, "error_lsq": 0.040901950036333505, "error_max": 0.22870512036055332, "target": "26.xyz", "model": "20.xyz", "model_rescale": 4.121658175737393, "target_rescale": 3.6694154284099745},
{"mapping": [11, 7, 5, 0, 10, 6, 9, 1, 3, 2, 4, 12], "R": [[-0.4653869395302636, -0.40500230645951957, 0.78701215256], [-0.47322215758657477, 0.8652687016470975, 0.16544142020381036], [-0.74798114019256, -0.295437312661106, -0.5943408182211802]], "T": [0.0030724544694051437, 0.1335183708722194, 0.07630004339173319], "aligned_model": [[-0.7313870479607284, -0.11025070704796867, 0.5082358046198094, 0.7155818280159185, -0.602973018759885, 0.09775485174477651, -0.4621267349366913, 0.5969574052364309, 0.11567332286132188, 0.05782531004750115, -0.357302402305631, 0.04877699084815304], [-0.33914470083890524, -0.5369189290984281, -0.20096781531214786, -0.4332297146120422, 0.6239956012555341, 0.7655196443229098, 0.0690446500175619, 0.32410125272181406, -0.33309303496643694, 0.518914011230786, 0.1682102664583892, 0.03970015887160479], [-0.031995215376431685, 0.1433056220323147, 0.387479269728263, -0.3215576330542244, 0.10483094805302945, 0.19560677444662444, 0.6259324011325309, -0.22923832799849603, -0.425930524501778, -0.5753777599802803, -0.3687370751859512, 0.060873810558756035]], "inverted": false, "swapped": false, "error_lsq": 0.040781087030351215, "error_max": 0.24218634297095878, "target": "26.xyz", "model": "21.xyz", "model_rescale": 4.08911054899281, "target_rescale": 3.6694154284099745},
{"mapping": [0, 7, 10, 12, 1, 11, 8, 14, 13, 2, 4, 16], "R": [[-0.5853689448070235, -0.6757278326327005, -0.4480347025187057], [0.6188215240823822, -0.015332393778795583, -0.7853819701478825], [0.5238350119912466, -0.7369917325903493, 0.427130034422312]], "T": [0.06611613569664028, 0.11773999301115882, 0.017258861053972868], "aligned_model": [[-0.626606544309393, -0.002398560096783145, 0.4239869214012244, 0.6161150065374479, -0.5390294312370741, 0.07520709232689936, -0.26788541407937844, 0.5697414119643854, 0.10855184794763079, -0.21764470242158301, -0.3030681162314582, 0.03979609056108904], [-0.2140588836354051, -0.5878466176223233, -0.4113976713400161, -0.3322663267257682, 0.6267524642633241, 0.7583374729806892, 0.3301255572612533, 0.2349405646228463, -0.3641789554974961, 0.5390385876812663, -0.00036668519644174336, 0.08705188325871076], [-0.08336018406478851, 0.07426289042491355, 0.5102875033447666, -0.18265377062483878, 0.08584113424665918, 0.4361207158732928, 0.586554351028608, -0.36280454558391273, -0.4329447633453666, -0.49581141702953535, -0.5624358746119769, -0.007863749803464555]], "inverted": true, "swapped": false, "error_lsq": 0.041966207718163256, "error_max": 0.2099733510635426, "target": "26.xyz", "model": "22.xyz", "model_rescale": 4.204369325754507, "target_rescale": 3.6694154284099745},
{"mapping": [5, 2, 1, 3, 7, 4, 8, 12, 10, 13, 11, 15], "R": [[-0.2889810194356262, -0.8340795725306746, 0.46989492133134814], [-0.8154228324661777, 0.4716151977682319, 0.33565564128563047], [-0.5015731000549996, -0.28616493831543927, -0.8164153681675395]], "T": [0.028323791175118185, 0.15639823985572543, -0.025174903615986826], "aligned_model": [[-0.6572286128487461, -0.14767842859006441, 0.4287742757997389, 0.7364382397194871, -0.41139650168439634, 0.20289390552290817, -0.4562625718196516, 0.5283531579931843, 0.08631639062895084, -0.08844243018353637, -0.36693709908426175, 0.02193527690939386], [-0.2873549877085455, -0.6904404338195517, -0.20815205421922384, -0.27395397839027047, 0.6876660807809211, 0.7538053278429645, 0.14718060252868242, 0.36752758212090947, -0.4677078014218137, 0.5502734733432182, -0.030402056249161924, 0.11768963524251103], [0.13091358770307424, 0.05975308010359061, 0.3520013369310725, -0.2221507673339063, 0.11633867943372146, 0.35861550144292714, 0.5556548885758098, -0.09956640422988473, -0.49955085641713004, -0.5567365607798215, -0.5979642889107086, -0.03211590666438796]], "inverted": false, "swapped": false, "error_lsq": 0.040619417560532695, "error_max": 0.21952213906068363, "target": "26.xyz", "model": "23.xyz", "model_rescale": 4.410303926677745, "target_rescale": 3.6694154284099745},
{"mapping": [1, 7, 13, 12, 10, 9, 11, 5, 0, 4, 3, 16], "R": [[-0.7464181303859868, 0.5225080152943192, 0.4121229775009878], [-0.019672239356745003, -0.6363432796812022, 0.7711551292724848], [0.665186423215161, 0.567496787971318, 0.4852570638460175]], "T": [0.09136313251249405, 0.16172369893783328, 0.08205413898833175], "aligned_model": [[-0.6538307865230405, -0.06624238306223028, 0.5011347537759755, 0.6275872836479172, -0.44665646574816553, -0.03203959669222638, -0.2844171371980149, 0.5517769262270521, 0.09133822934688644, 0.015284219145562356, -0.43995339111269016, 0.012783950555980736], [-0.25198190152285066, -0.46946664365536245, -0.269227440786575, -0.3573513049679166, 0.5258923146179134, 0.6795922358369757, 0.12160013268458345, 0.284940111804851, -0.36934772922786013, 0.536389470969002, 0.10107408658729183, 0.1340180577105865], [-0.017288947083440892, 0.2187660607794011, 0.4569607372317722, -0.21661061427699485, 0.04082214271471359, 0.41221156892616023, 0.5898934589884486, -0.3283589304739913, -0.4549271909031746, -0.4904158874762384, -0.6413236052633415, -0.004536503308957621]], "inverted": false, "swapped": false, "error_lsq": 0.040044570698390534, "error_max": 0.25265419357513563, "target": "26.xyz", "model": "24.xyz", "model_rescale": 4.28219845311461, "target_rescale": 3.6694154284099745},
{"mapping": [4, 3, 9, 5, 2, 14, 13, 10, 1, 6, 0, 15], "R": [[0.5828664986988074, 0.38892126340417976, -0.7134471918556344], [0.12007959771461807, -0.909602228903902, -0.397749513369595], [-0.8036463991752152, 0.14616441442824174, -0.5768781752220832]], "T": [0.030369849573540733, 0.03427977899117257, 0.10348155429663108], "aligned_model": [[-0.6231875408425404, -0.08757538794029927, 0.35063556593379674, 0.7226116853466314, -0.4540132655918345, 0.16321107354663894, -0.2529699147473448, 0.5612851569439801, 0.057311350677838505, -0.02690752720491467, -0.5106490289459669, -0.022986564812978623], [-0.281620894003112, -0.7264440335790048, -0.37100308817168015, -0.37065394252568196, 0.5155975727416569, 0.7807487095739485, 0.21532171235731776, 0.5348717476372993, -0.37868168298175126, 0.588334096513836, 0.11892979985243218, 0.040731392635378824], [0.015628977442035896, 0.017263535319608586, 0.5394280560458472, -0.18306792292877533, 0.053619709667970014, 0.1761587156512498, 0.5932354243728541, -0.20835403724901924, -0.3850001600900017, -0.6049958626369621, -0.5012391408093733, 0.05251499506892225]], "inverted": true, "swapped": false, "error_lsq": 0.038858683777804666, "error_max": 0.21620389102703114, "target": "26.xyz", "model": "25.xyz", "model_rescale": 4.100010024507729, "target_rescale": 3.6694154284099745},
{"mapping": [0, 1, 2, 3, 4, 5, 6, 7, 8, 9, 10, 11], "R": [[1.0, 0.0, 0.0], [0.0, 1.0, 0.0], [0.0, 0.0, 1.0]], "T": [0.0, 0.0, 0.0], "aligned_model": [[-0.692344529957145, -0.10475793964995851, 0.4408878557261163, 0.692344529957145, -0.5469808854185018, 0.11879295449217733, -0.23856650114411454, 0.543138556776496, 0.1155769653979381, -0.03158516724562296, -0.3812053792465046, -0.03853485732501855], [-0.30694183364461614, -0.6909818878421952, -0.2170919089270806, -0.37790749699902, 0.6655284874785109, 0.6909818878421952, 0.15195935452901882, 0.3224223648377312, -0.3207320138483123, 0.5812372683362763, 0.05406921180520858, 0.11358795648292264], [-0.016889006221587424, 0.10351984598391425, 0.5533952368211176, -0.1895167591589223, 0.15402377600099018, 0.2694780788089922, 0.5835036565831918, -0.24413228686624336, -0.5105200968786869, -0.5835036565831918, -0.5164894400689954, -0.03767705856622221]], "inverted": false, "swapped": false, "error_lsq": 0.0, "error_max": 0.0, "target": "26.xyz", "model": "26.xyz", "model_rescale": 3.6694154284099745, "target_rescale": 3.6694154284099745},
{"mapping": [2, 12, 9, 3, 4, 8, 10, 7, 6, 5, 0, 13], "R": [[0.8343990832727674, 0.46641585321062307, -0.293656979667387], [-0.5473565080910688, 0.7637221069935157, -0.34224172209088805], [0.06464536243163435, 0.44630123813764117, 0.892544778682219]], "T": [-0.007127123491988783, 0.07301612480198395, -0.02661544234180376], "aligned_model": [[-0.5943202527238878, 0.0633612359092773, 0.41592133635095935, 0.664187134254332, -0.6287354662011024, 0.12774134699298134, -0.2567931085545989, 0.5738292436573522, -0.043850714033746525, 0.08381634106239089, -0.47098758436181287, -0.05740390998913763], [-0.26786361861246405, -0.705619350416971, -0.08540572674695086, -0.3543124826456711, 0.5805693118591734, 0.6128006128050725, 0.18290240828519555, 0.23305957419858336, -0.4549001555938226, 0.6257022324591883, 0.2532154653581001, 0.04598311910120577], [-0.060303358807997934, 0.10936617875795933, 0.4840665066701714, -0.16646768199815287, 0.1509328628358153, 0.2877098582789664, 0.5095586156818949, -0.20828634945772578, -0.4638181534440669, -0.5854050739373852, -0.461695910345042, -0.030465204380080234]], "inverted": false, "swapped": false, "error_lsq": 0.03910365779527986, "error_max": 0.2252163527791213, "target": "26.xyz", "model": "27.xyz", "model_rescale": 4.103607728864725, "target_rescale": 3.6694154284099745},
{"mapping": [3, 2, 13, 8, 9, 6, 10, 7, 1, 5, 0, 14], "R": [[0.6921699761474261, 0.47112881665636935, 0.546752560337893], [-0.7093912041243584, 0.3045972292795073, 0.6355978661278219], [0.13290915555771518, -0.827803216973223, 0.5450476954705145]], "T": [0.01315163901704354, 0.0461881535556982, 0.17556764693556093], "aligned_model": [[-0.6553353468888657, -0.1662194138818785, 0.40168334358103963, 0.7673906518980628, -0.499114050174407, 0.1365552069535912, -0.27309669939592823, 0.5145562284982473, 0.0701796882651612, 0.020912881598412328, -0.4231681973592837, -0.017578690731144944], [-0.29122515804105564, -0.6324739537129918, -0.33707746907867253, -0.15731782919536508, 0.6607752498714109, 0.6674781435850751, 0.27110521995290326, 0.2815313449663743, -0.2420780230684388, 0.5178760489273854, -0.044510278164946925, -0.027951905991038785], [0.12257463420224174, -0.04480584460013795, 0.5248857111821512, -0.07340786037270772, 0.002390019129829002, 0.1816971299232373, 0.5322880953329585, -0.28626377844301487, -0.6709022255869792, -0.3835304686535461, -0.38218725967629275, 0.04245413741661708]], "inverted": false, "swapped": false, "error_lsq": 0.04773202717871963, "error_max": 0.26033247653230923, "target": "26.xyz", "model": "28.xyz", "model_rescale": 4.137296879288765, "target_rescale": 3.6694154284099745},
{"mapping": [0, 1, 3, 7, 9, 8, 10, 6, 5, 4, 11], "R": [[0.7015902005001593, 0.4404582862079432, 0.5601497020198336], [-0.0010296959062952582, -0.7854585581627942, 0.6189133971204416], [0.712579911510623, -0.4348003582330474, -0.5506164892117986]], "T": [-0.030807472709602525, -0.12596533189814238, -0.03964846664612312], "aligned_model": [[0.5995901106932839, 0.2890517584120693, -0.24393936565346777, -0.417131136167784, 0.06219099938206068, 0.3153416142570411, 0.5021386593303939, -0.2572127095709568, -0.5694482091352122, -0.02646495288735496, -0.03269775795017507], [-0.3573154941061386, -0.7328806576081774, -0.30478864405935513, 0.278940084466373, 0.6916781620504406, -0.06180030046650972, 0.23577350155884433, -0.36799143766814046, 0.2501110328567677, 0.3008891118723661, -0.013467542248518566], [0.310944552708209, -0.20843950148724533, -0.8016646381868613, -0.42091199433567295, -0.08570607330426208, -0.542561468355515, -0.028887460778750124, 0.5177079462447131, 0.3245203063934372, 0.7242991798501596, 0.016453173034787057]], "inverted": true, "swapped": true, "error_lsq": 0.04922838958611933, "error_max": 0.2258717004620251, "target": "26.xyz", "model": "29.xyz", "model_rescale": 3.607286011436655, "target_rescale": 3.6694154284099745},
