[{"mapping": [7, 14, 5, 1, 4, 8, 10, 12, 9, 3, 13, 15], "R": [[0.7063542848930964, -0.435757314873657, -0.5578343721457681], [0.6271151749975761, 0.019719122229971783, 0.7786768993017832], [-0.3283141506254679, -0.8998481642769409, 0.2871987112549384]], "T": [0.0008280043506331738, -0.05284371508078499, 0.06420972538636202], "aligned_model": [[-0.3237604218241952, 0.09061049276367232, 0.5079666889899092, -0.24005223548483828, -0.2238729756085142, -0.6343668620578008, 0.5937341767071499, -0.38264577192509364, 0.7311820367119857, 0.17388104259542922, -0.47845871080291263, 0.0234250023957574], [-0.37756683119635254, -0.6446074555228796, -0.3269127001851062, 0.6956856387336574, 0.3134461492105072, -0.4154283998473069, -0.24528955556522575, -0.5517891781324297, 0.19342642768739077, 0.4106473974712447, 0.05100488811835281, -0.04906134479479521], [-0.551740860587191, -0.12697023476633598, -0.495447967805562, -0.14536728793483433, -0.6512990927248328, -0.029807118193857632, 0.6052223777656531, 0.5558617710146015, 0.12789996700661654, 0.4049699951527823, 0.43102239231632367, 0.05760780411019906]], "inverted": true, "swapped": true, "error_lsq": 0.04246868096983953, "error_max": 0.19048233508023052, "target": "260.xyz", "model": "0.xyz", "model_rescale": 3.751011558992144, "target_rescale": 4.019292280036918},
{"mapping": [6, 9, 12, 14, 3, 13, 0, 5, 11, 2, 1, 4, 7, 8, 15], "R": [[0.5128151885325682, 0.6850448591250814, -0.5174303077677264], [-0.8519595122784646, 0.48033797012029517, -0.20842366444085808], [0.10576186386664833, 0.5477124934187753, 0.8299550907756641]], "T": [-0.0365111933583806, 0.01698870296709411, -0.051379743197080344], "aligned_model": [[0.2063543415505061, 0.14468561945787517, -0.596708972814037, 0.21369931254762264, -0.3250311695218145, -0.5548178968440373, 0.5490727385853411, 0.6831544271574822, -0.6364298663376714, 0.028851891233664634, 0.023477063597245662, 0.5273368227876092, 0.4460690392032469, -0.1479839386314083, -0.02264320088259112], [-0.19397573440782262, -0.6732219403385779, 0.5218460626827537, 0.4018085232040183, -0.4940889453684414, 0.20075359972650927, -0.4839386556199544, -0.028213823200915488, -0.12839334899656313, 0.3142401771756756, -0.28544471219036305, 0.07339978450638879, 0.5964551624011192, 0.7274403226619086, 9.087759137009141e-05], [-0.7001503528809458, -0.34953981023489294, -0.3140924006677536, -0.4804524708071286, 0.07685748867505103, 0.2181391692565584, 0.11989917458750667, -0.4057218291510664, -0.2553436410168589, 0.5307234465907834, 0.7017320986971476, 0.56140477720125, 0.09536089343565439, 0.11175106918967583, -0.06090120802300516]], "inverted": true, "swapped": true, "error_lsq": 0.039239875861050696, "error_max": 0.24046597934840408, "target": "260.xyz", "model": "1.xyz", "model_rescale": 3.9405287249114394, "target_rescale": 4.019292280036918},
{"mapping": [5, 7, 14, 1, 2, 6, 0, 4, 13, 11, 3, 9, 15], "R": [[-0.02619060221071856, -0.7435543596907879, -0.6681623803692203], [-0.312731688662748, -0.6287481624055443, 0.711951289891238], [-0.9494803543317716, 0.2276019825407369, -0.21606571750636455]], "T": [-0.10227790055929588, -0.14655182772901354, -0.09780843309584053], "aligned_model": [[-0.3254737408837778, 0.23804867691326098, -0.3965785840281465, 0.5756215632390366, 0.5289119849352312, -0.7263182766468805, 0.06864967406023682, 0.5996694076394102, 0.10185556871635522, -0.43367792794051785, -0.12963116344956271, -0.49278259153624865, -0.11231131173446542], [0.6112674003480074, 0.3917549479676815, 0.2558941214325035, -0.3053749583692768, -0.15339730058947587, 0.18613585313873388, 0.28659347123050827, 0.27403408417614383, -0.6675761788870379, -0.7053726643307169, -0.5447717543368298, -0.0360323107816333, -0.13432211742659064], [0.04852619035763353, -0.5274612101291833, -0.48019483793379564, 0.3234629024270659, -0.27954275362581166, 0.05802956575031731, 0.5396412840058905, 0.06647525779132937, -0.3466356272511534, -0.12089352065754455, 0.35114770727143185, 0.5605333970971862, -0.07996800551472202]], "inverted": false, "swapped": true, "error_lsq": 0.042868406820434975, "error_max": 0.23169337380566224, "target": "260.xyz", "model": "2.xyz", "model_rescale": 3.932901565614263, "target_rescale": 4.019292280036918},
{"mapping": [10, 3, 11, 6, 12, 8, 13, 14, 5, 7, 1, 0, 2, 15], "R": [[0.4863285193591221, 0.044934218068896026, 0.8726198985265585], [0.8723317774160158, -0.08236454227049961, -0.48192670841818475], [0.050217938708981835, 0.9955887696348872, -0.07925377220494276]], "T": [0.07325878861014176, -0.08128264285959949, 0.007454784816661791], "aligned_model": [[-0.18558878104281165, 0.518997157151522, 0.09636107687164186, -0.36632809169512826, -0.3311029671705631, -0.18533277501086656, 0.27216155782530194, -0.5341179438631046, -0.3076486575899172, -0.22496826570614978, 0.8394669620610927, 0.3978398576341686, 0.3570981227479211, 0.07297265983959675], [0.2422495486332998, 0.03744936322574549, -0.2942414723007877, 0.44706936745674786, -0.6917448022446555, -0.6949621566224318, -0.633625577120405, -0.03225290568924952, 0.535373187857455, -0.2194435737945182, -0.10224052974922052, 0.5750129974514305, -0.4476326369049851, -0.057514171847937], [-0.706402818298452, -0.3773944641793248, -0.6063484801439895, -0.22058138277791928, -0.3112111352035041, 0.32416789857659023, -0.166920648372946, 0.16070160081873197, 0.35410344192452087, 0.7018394434495006, 0.2808186629933024, 0.3025757595864692, 0.47296290458143647, 0.005585580102681501]], "inverted": true, "swapped": true, "error_lsq": 0.04109881032096679, "error_max": 0.2043031229733274, "target": "260.xyz", "model": "3.xyz", "model_rescale": 3.9243930471874484, "target_rescale": 4.019292280036918},
{"mapping": [7, 14, 8, 2, 13, 5, 0, 12, 11, 10, 3, 9, 15], "R": [[-0.5557979792474843, 0.13373468117521572, 0.8204898788622422], [-0.32068398074493015, -0.9450761433780654, -0.06318914235236787], [0.7669748305896346, -0.29823835814429694, 0.5681579806474566]], "T": [0.04915850824421273, -0.10177537291906207, -0.04584707469401278], "aligned_model": [[0.06551177232837721, -0.2627214681676899, 0.4920455790194131, 0.5225981770119257, 0.6242761194895179, -0.6585615005431127, -0.3773047522995721, 0.397789327791603, 0.22471846824272007, -0.38481582692520494, 0.12919571032870725, -0.523295679303624, 0.027769959338291655], [-0.6635245544241304, -0.10206402321995708, -0.23250269753385744, -0.554101580915499, 0.10849494414893986, -0.4409269274465605, -0.5775552089659648, 0.4087907202924412, 0.513221143351621, 0.5879844412189392, 0.1312225779891007, 0.05278914417379009, -0.1039984249872754], [-0.5696488508840127, -0.5913063251297885, -0.6207738073781648, -0.09810391065305343, -0.05467585292065136, -0.21797725748112007, 0.41776468381376347, -0.5513164232067356, 0.07076172538762747, 0.08517008443892582, 0.5020533980807784, 0.4506692451767355, -0.03554639387334006]], "inverted": true, "swapped": true, "error_lsq": 0.040206496677072996, "error_max": 0.21832679979329003, "target": "260.xyz", "model": "4.xyz", "model_rescale": 3.8936222436046832, "target_rescale": 4.019292280036918},
{"mapping": [7, 14, 8, 2, 12, 10, 9, 3, 1, 0, 13, 15], "R": [[0.4547422703943811, 0.5684054113701202, 0.6856564415519828], [-0.478514247472414, -0.49337378785710206, 0.7263652114614552], [0.7511548325628163, -0.6584053415493372, 0.04763217123780683]], "T": [-0.11540060653106916, -0.050654075304898266, -0.0019527525247236], "aligned_model": [[0.0009834489899585158, -0.5457945940506217, -0.17659025515104532, 0.36609215779304294, -0.639247721492641, -0.7093234457783663, -0.1661188499448948, 0.05790034252483335, 0.6777314010860106, 0.3293392783322882, -0.051244345803191996, -0.11617937429027578], [-0.46098775783789403, -0.4042390746305081, 0.11598720190369069, 0.056546452635364675, 0.4223498401725094, 0.02499117584823804, -0.32186547006919153, 0.2524014831367273, 0.09835701031946106, -0.5737186380294295, 0.526068427400677, -0.0669677457398378], [-0.640919804497678, -0.2926994819140172, -0.7176802498641142, -0.43571266309809753, -0.37554603706139383, 0.5662032804196618, 0.7205391033589353, 0.4869368428500547, 0.10282951139452842, 0.3876407864908106, -0.19772545085570456, 0.01541888205253307]], "inverted": true, "swapped": true, "error_lsq": 0.045206661917625963, "error_max": 0.2682831897041002, "target": "260.xyz", "model": "5.xyz", "model_rescale": 3.6523030999806103, "target_rescale": 4.019292280036918},
{"mapping": [10, 6, 5, 9, 0, 11, 7, 3, 8, 2, 4, 1, 15], "R": [[-0.9666037866729111, 0.169269070450816, -0.19241907748013495], [-0.23624348825281408, -0.8795441418204089, 0.4130267749765664], [-0.09932841410055829, 0.44469099875994506, 0.8901594136861952]], "T": [-0.057625839647175686, -0.12997832600270803, 0.02036816655300233], "aligned_model": [[0.12304626978732372, 0.09997784422653053, 0.12675352297143433, 0.5948784207283896, 0.6087554328958108, -0.12284453641146705, -0.4451392423834072, 0.3661666046977152, -0.7325710771066707, -0.22168904768166234, 0.1507371893387947, 0.37239612561196, -0.039384602010456904], [-0.6259558794705611, -0.0734992028965388, 0.47265088275616635, -0.22110054172617527, 0.2930877043760481, -0.77044603928982, 0.5245082090453608, -0.5364625982436224, 0.010587140627811104, 0.11805934831716106, 0.5163546176425724, -0.04322468332459495, -0.12373205365062413], [0.6549008103950864, 0.7248993250943861, 0.5187279512404123, 0.4254081333174859, 0.031519899722227684, 0.11085162728135242, -0.08769945601814322, -0.10635762975032834, -0.2412988257049894, -0.5653241342288938, -0.46486398199306367, -0.6650491682543709, 0.034395188380627974]], "inverted": false, "swapped": true, "error_lsq": 0.05338313547597305, "error_max": 0.28600550732503877, "target": "260.xyz", "model": "6.xyz", "model_rescale": 4.08911054899281, "target_rescale": 4.019292280036918},
{"mapping": [12, 14, 8, 11, 3, 1, 13, 2, 9, 6, 0, 5, 4, 7, 15], "R": [[-0.6672901210773219, 0.7440242711894688, -0.03393785782269232], [0.5030184740323914, 0.48380761535566486, 0.7161721902629211], [0.5492688859700118, 0.4608232580988564, -0.6970979957656007]], "T": [-0.042036435514908696, -0.09344264747615529, -0.0920682870129148], "aligned_model": [[0.24419087486884522, 0.23080272852583583, 0.6505285560824582, -0.35166757598580145, -0.5326476838954961, -0.08055504095859657, 0.11671381165161489, 0.42711959091618773, -0.7445077455386266, -0.3942360581039612, -0.3481314555920332, -0.06044207179690801, 0.30414507238308486, 0.6331956019794964, -0.058175064736545774], [-0.6301604987856677, -0.5631823549709304, -0.21437452094118675, -0.36062869184033325, 0.13699126809185802, 0.7114261580858784, -0.02437686878223562, 0.3493958401424198, -0.0874705859982403, -0.5594808661892572, 0.36403211991554707, -0.24371886658226638, 0.5696644363130478, -0.054097536110244135, -0.09326021617927616], [-0.6094929878512116, 0.22368223897225958, -0.3145734627046961, -0.5974194534150037, -0.3510851598806718, -0.20584232115740903, -0.679503472856706, -0.2156061033075426, 0.23138315564650064, 0.3358999015477743, 0.4737902673034611, 0.6969808103992174, 0.2781465464150066, 0.27222765128502724, -0.07451757831392546]], "inverted": true, "swapped": true, "error_lsq": 0.0411528572474443, "error_max": 0.21988464383347253, "target": "260.xyz", "model": "7.xyz", "model_rescale": 3.964800864290218, "target_rescale": 4.019292280036918},
{"mapping": [6, 11, 9, 14, 0, 12, 5, 3, 13, 2, 8, 4, 1, 15], "R": [[0.5111004010951803, -0.35548431378959666, 0.7825645549409233], [0.72163434826177, 0.6720740927587625, -0.1660128948343982], [-0.46692638328665526, 0.6495747197143882, 0.600027029473521]], "T": [0.002424522921545196, -0.06867286982135297, 0.054728954642344514], "aligned_model": [[-0.25923545010372073, 0.2422558252860165, 0.3116778882498723, -0.6086144527856555, 0.24870201823690327, -0.3032097369440796, -0.42114609296115746, 0.5723149375807839, 0.19844395088588287, 0.04469829459400508, -0.41804666038916055, 0.05300021876676146, 0.5951260077920816, 0.005221141252339429], [0.009238782141681001, -0.6435434171535732, 0.18358757058100217, -0.07000471226603502, 0.6493860450200537, -0.7925176592074911, 0.49378248688242604, -0.1621990005065223, -0.5082831735427121, 0.0932142079375075, -0.30365573046149147, 0.6214044366200515, 0.29507386453030643, -0.054535234394001306], [-0.6159846943002406, -0.13140118008158697, -0.607728190329544, -0.09164246761637673, -0.1618628682113849, 0.19740644493548049, -0.332249200656693, -0.11069989734647276, 0.4333725668318376, 0.6899300232741983, 0.6130893920179933, 0.521469861352225, 0.47738161470549634, 0.03573363415008915]], "inverted": true, "swapped": true, "error_lsq": 0.04064613871998346, "error_max": 0.25082799378113707, "target": "260.xyz", "model": "8.xyz", "model_rescale": 4.121658175737393, "target_rescale": 4.019292280036918},
{"mapping": [7, 2, 1, 0, 8, 14, 11, 10, 3, 12, 5, 9, 15], "R": [[-0.590414213998816, 0.6350816118346709, -0.49807871086569944], [-0.7946233697181433, -0.3493045150502182, 0.4965481407309017], [0.14136745101310905, 0.6889540638351795, 0.7108850411417081]], "T": [-0.03114211963699598, -0.058953914496695105, -0.059354589665640334], "aligned_model": [[-0.72897185172895, -0.25319016133070393, 0.3176296375613782, 0.21917974868188939, -0.6146313165333198, -0.534547749113281, 0.3092963849806992, 0.3536829366548848, 0.5638335587853636, -0.306650500948683, -0.31594792434636265, 0.4894153733880917, -0.022360639615809724], [0.12199743118214654, -0.20008699155224355, 0.0149680540332199, 0.6500544834321197, -0.47023956243212983, 0.0697163958666207, -0.5142326203279387, -0.06334460511619372, -0.12988062991348828, -0.7341110807841753, 0.6582140477132323, 0.42559602852253015, -0.03826351121198977], [-0.3248506318453832, -0.6612275140014919, -0.7908843648129781, -0.2998109921940083, -0.24418914196381478, 0.29394658544454344, 0.2560222506802058, 0.6708222510096364, -0.10250861656690191, 0.2661886160676274, 0.16442198459132684, 0.24454291255952276, -0.0513979050091957]], "inverted": false, "swapped": true, "error_lsq": 0.04537180616952241, "error_max": 0.3654141038187704, "target": "260.xyz", "model": "9.xyz", "model_rescale": 3.833441315466971, "target_rescale": 4.019292280036918},
{"mapping": [7, 8, 6, 10, 11, 14, 13, 3, 0, 9, 4, 1, 2, 5, 15], "R": [[0.2613171115184896, 0.6701933264351209, 0.6946612645235526], [0.5548177881421935, -0.693193035057956, 0.4600659062657694], [0.7898674503919234, 0.2651873325575096, -0.5529783806464729]], "T": [-0.09546016698300819, 0.015089658195694232, -0.02822147532775779], "aligned_model": [[0.13346780948282114, 0.004608475849447, -0.6592263659188988, -0.7918559679446691, -0.4271350787370194, -0.4712346775155971, 0.03683055056335874, -0.015079573264096258, 0.23052434126043908, -0.31130343386025094, 0.6288998834155481, 0.663776100712357, 0.47165688480425305, -0.2693855304954501, -0.10069840005771073], [-0.7051313138710682, -0.5677290651314796, 0.061765574669082765, 0.4515127420271992, 0.3907534723370863, -0.4651361948603675, 0.08786005698719986, 0.6072500830659235, 0.22625063963459463, 0.5415750225046231, -0.24003722657334964, 0.30786669699067754, -0.24547904090781808, -0.2740232217191239, 0.023803314141798544], [0.10987850980652178, -0.46877560511955463, 0.42386479700509727, 0.048169630664104776, -0.44235681370634194, 0.12334251835878507, -0.6217326002783788, -0.08965370044341822, 0.6590327483130755, 0.49556024256190423, 0.29861862919838056, -0.0190615982463562, -0.2330557935642187, 0.7009451024835804, -0.006654159211088265]], "inverted": true, "swapped": true, "error_lsq": 0.04351746895149479, "error_max": 0.34122485861873836, "target": "260.xyz", "model": "10.xyz", "model_rescale": 4.2482417240324, "target_rescale": 4.019292280036918},
{"mapping": [7, 8, 12, 13, 5, 6, 14, 3, 2, 0, 4, 15], "R": [[0.10130224340442803, 0.8259983577276997, -0.5544948769036312], [-0.8098614561299771, 0.3921818464729637, 0.4362543079123574], [0.5778081665711062, 0.4048704883394192, 0.7086731336205268]], "T": [0.1496359853116367, 0.11973842813189112, -0.037652156448542244], "aligned_model": [[-0.5342521508216547, -0.05265832877104909, 0.442136995075901, 0.5394776459106653, -0.4811598846140054, 0.021682237438763297, -0.23942151319318833, 0.6280188170262347, -0.03783280798719035, -0.16723956740887636, -0.38630198571826013, 0.14431614542566681], [-0.22892676500462222, -0.5613311804362258, -0.3573532897514126, -0.35036209684894554, 0.5973804098737385, 0.6949849392592038, 0.12066523546303728, 0.3517413497236333, -0.37592635763216947, 0.6481030813900486, -0.015729396936762285, 0.14288546095111604], [-0.007197710815268564, 0.1598333812253371, 0.532038196441045, -0.08326790376778137, 0.101900326027215, 0.3831949128227179, 0.45573248131086586, -0.3173188108880284, -0.42578456555697675, -0.5312044889165213, -0.6629765710139256, -0.03975695701432231]], "inverted": false, "swapped": true, "error_lsq": 0.045202903755831796, "error_max": 0.18819100026153, "target": "260.xyz", "model": "11.xyz", "model_rescale": 3.6694154284099745, "target_rescale": 4.019292280036918},
{"mapping": [8, 2, 1, 4, 7, 12, 14, 10, 0, 9, 3, 5, 13, 15], "R": [[0.38726710621801963, 0.7244885523343378, -0.5702109486655059], [0.7013757339114113, 0.1699191208772063, 0.6922424230286283], [0.5984114540362259, -0.6680148425722384, -0.4423346038706867]], "T": [-0.03980470324011346, 0.01180477053709443, 0.019769124977282504], "aligned_model": [[-0.05867763833363815, 0.044944736520167554, -0.04854565442247708, 0.504357146378593, 0.512052427911956, -0.5159308861968774, 0.27579944485659724, -0.3503309574992574, 0.4652345689793031, 0.05565343821089896, -0.3999454287934207, 0.6790102795093715, -0.5373048737057122, -0.028051753159694274], [-0.3493739844750759, 0.2550536736336279, 0.7771849582982896, 0.4955832866482997, -0.2050212021779681, -0.5824207282520449, -0.531033275670301, -0.25608092549245404, 0.5386051349281101, 0.267678757955001, 0.410330020485042, -0.13635247129715805, 0.029301125478627663, 0.017532918074257928], [-0.622860673635004, -0.5844844632705817, -0.25656178522416156, -0.38822339044524506, -0.46873683942887884, -0.22089736760786943, 0.04248198885505855, 0.7360641201093463, 0.32075074767657774, 0.7433288588464158, 0.28877694988878877, 0.34668599494516533, -0.33693702618893867, 0.03970834513174195]], "inverted": true, "swapped": true, "error_lsq": 0.03682300742092453, "error_max": 0.20997900210334627, "target": "260.xyz", "model": "12.xyz", "model_rescale": 3.9764082729961374, "target_rescale": 4.019292280036918},
{"mapping": [8, 10, 13, 1, 11, 3, 7, 14, 6, 2, 0, 9, 5, 12, 4, 15], "R": [[0.9725490310705849, 0.2126087893209675, -0.0945826879885507], [-0.0016333234663106627, -0.40021396069416637, -0.9164202736299231], [-0.23269231705864607, 0.8914181332960202, -0.38888044076929074]], "T": [0.02979311622327451, -0.014521328244213646, -0.004706069767548369], "aligned_model": [[-0.6572199741757774, -0.47235390642457986, 0.3031300448683992, -0.3498361557228582, -0.3555817905388307, -0.4152412562814407, -0.26436623213677746, 0.15119450302357157, 0.6653373152605491, -0.5962209833514474, 0.012174233400346977, 0.19095364696561923, 0.7383940975441005, 0.15970158946800378, 0.3614802930770259, 0.03545959930618463], [-0.17953714667749607, -0.21402857752968893, -0.445891598624015, 0.29460550318987744, -0.6889996038012453, -0.5042775439441797, 0.22062108290902052, -0.7843840200833097, -0.39180673928841925, 0.46301468137294943, 0.6288706153578941, 0.5352603055695128, 0.4283839394122384, 0.0628710338168442, 0.15189536835321082, -0.05304983609569329], [0.016165679935992227, -0.5998464936060776, -0.34188133496089873, -0.409236410076114, -0.1693570211438533, 0.515415746527629, 0.6504366804574871, 0.1724412660077752, 0.18867980195659184, 0.12306411673418083, 0.3312170097882267, -0.18709731125018547, 0.06269926376065041, -0.6246639278692921, 0.610235245793227, 0.09565388153415103]], "inverted": false, "swapped": false, "error_lsq": 0.04444109332689065, "error_max": 0.30027620264011734, "target": "260.xyz", "model": "13.xyz", "model_rescale": 4.170626492500431, "target_rescale": 4.019292280036918},
{"mapping": [14, 10, 5, 9, 7, 1, 0, 12, 8, 11, 13, 3, 2, 15], "R": [[0.964052257305174, -0.25497416090513614, 0.07477581464297539], [-0.19502151912703625, -0.8701131379066078, -0.45262537966810884], [0.18047119510376686, 0.42177162601701684, -0.8885599829076144]], "T": [-0.014969847921571782, 0.02561585209646201, 0.07281099193471169], "aligned_model": [[0.2943646584441687, -0.29778629622696984, -0.25194308212216504, -0.7208071105295598, 0.4017750416695091, -0.34033190677150965, -0.6642905935258481, 0.6332153352081272, 0.6939829431094028, 0.01911144407110642, 0.30042002062365586, -0.4273386335311826, 0.2376578662677373, -0.0348466645948288], [-0.1727434256447668, -0.7497910390953327, 0.04160365058308764, -0.2596255351935041, 0.4678336789752999, 0.6630602003701055, 0.36670793250432615, -0.38294072110563065, 0.22838699920592073, -0.4523943175817388, 0.05041018425364581, -0.07618579742673003, 0.6107031396445359, 0.021049518436447073], [-0.43685630836724515, 0.07799080205577336, -0.6947228927731461, -0.06340043333552473, -0.3972581130891085, 0.4601690194655908, -0.2190999356100924, 0.2978841823104209, 0.07982104221693455, 0.5121108554181428, 0.5971832759479521, 0.4976372337336012, 0.23195557802198608, 0.0604587951255815]], "inverted": false, "swapped": true, "error_lsq": 0.04499191386017037, "error_max": 0.3017506242500122, "target": "260.xyz", "model": "14.xyz", "model_rescale": 3.9786697098870705, "target_rescale": 4.019292280036918},
{"mapping": [0, 6, 1, 4, 3, 13, 14, 12, 2, 7, 10, 15], "R": [[0.16123543319036474, -0.54192836850592, -0.8248131779332988], [0.251072283779913, 0.8307748150762355, -0.49676545265606564], [0.9544453066579848, -0.12699153532247262, 0.27001353031836556]], "T": [-0.005891683861206046, 0.05551021813797715, -0.006525321548723085], "aligned_model": [[-0.03475503673742859, -0.7127158338636163, 0.6437834986334737, 0.519831893397071, 0.04226761607394301, 0.3671414554308189, -0.36736384577890885, -0.06782196135810738, 0.6135198508810646, 0.19973373724088295, -0.6994615070807465, -0.020805270071110205], [-0.3709277527850909, -0.07055149685531023, 0.033354657923527785, -0.5416585937804159, 0.4696780735557791, 0.4787235537859795, -0.2647825628035369, 0.46290721010551183, -0.13305042554205881, -0.5827635762190202, 0.48594002223501304, 0.04780538060406043], [-0.6702201244701302, -0.10087059625493676, -0.4960897160667295, -0.2587470380180794, -0.4390002876220573, 0.23177820307688354, 0.39540179563415223, 0.6775161814511899, 0.10415046438010134, 0.3683381503198088, -0.1288319233202407, -0.02345861523613205]], "inverted": false, "swapped": true, "error_lsq": 0.05045821058714096, "error_max": 0.24662063010222476, "target": "260.xyz", "model": "15.xyz", "model_rescale": 3.769337070930944, "target_rescale": 4.019292280036918},
{"mapping": [13, 1, 12, 8, 11, 3, 10, 0, 14, 7, 15], "R": [[0.5538193548397358, -0.734512084185303, -0.3921429846250748], [-0.7821241480023946, -0.29737141647291215, -0.5475874886960279], [0.28559751279804146, 0.609969047452948, -0.7391696840596997]], "T": [0.0283722580965629, 0.0011213046120907635, 0.052399642676212846], "aligned_model": [[-0.280080752816544, -0.25189575860016605, -0.16177983108299457, -0.6067849556221351, 0.2826238321240941, 0.3269352574817113, 0.7727765228545131, 0.27637841666321783, 0.025546829288333232, -0.5081654858862257, 0.04707205628736658], [0.09622884184717356, -0.7382309382960951, 0.6870303707130738, 0.3757578738206646, 0.24405918193614323, -0.32178391257322053, 0.30769300140165473, -0.6264328478596145, 0.4664404422362362, 0.11274807695898584, -0.007445592559659396], [-0.4680454713839302, -0.1400844026397841, -0.3096657964125596, 0.05095268435494404, -0.4943882062213651, -0.35684512885350067, -0.12965503622668467, 0.4620848372313213, 0.47461417819626656, 0.5907903798596211, 0.06445956931944805]], "inverted": true, "swapped": true, "error_lsq": 0.042263214606631586, "error_max": 0.20740554009953516, "target": "260.xyz", "model": "16.xyz", "model_rescale": 3.7852294659196426, "target_rescale": 4.019292280036918},
{"mapping": [0, 6, 11, 9, 5, 14, 8, 12, 3, 1, 2, 13, 15], "R": [[0.1593281507124654, -0.41513199976621373, 0.895700822351219], [-0.5064541438207889, 0.7444335684094407, 0.4351124710140336], [-0.8474188696254631, -0.5229570584620604, -0.09163609773125202]], "T": [-0.017204317590557124, 0.09326104915181879, 0.01772372084296077], "aligned_model": [[-0.05461749922346451, -0.4146093533711153, 0.3496046660380525, 0.06338537331939736, -0.6618330099715988, -0.6133300035789411, -0.22675535778594, -0.04747491745367308, 0.5100199961651622, 0.5019640858097614, 0.09432483788880591, 0.3757852904524098, -0.02269825807257333], [-0.11935113856124413, -0.512034195911245, -0.1692295373545926, -0.5974839604626262, -0.173693779978166, 0.06137732682380975, 0.703306847953189, 0.24385317259954276, -0.1791783891725152, 0.42225473654776935, 0.7188701101701621, 0.4013667253538855, 0.07499770569490481], [-0.7415980417090515, 0.02666070654105754, 0.4859004912631732, -0.32065340027336076, -0.38065945621897546, 0.21371502587211816, 0.37509163173240373, 0.8013857330018067, -0.07555115434906841, -0.5156329426966197, -0.1485575034656617, 0.3722401246829825, 0.0034134827623696403]], "inverted": true, "swapped": true, "error_lsq": 0.04561713323779829, "error_max": 0.26038553493858707, "target": "260.xyz", "model": "17.xyz", "model_rescale": 3.901054581598922, "target_rescale": 4.019292280036918},
{"mapping": [6, 9, 12, 14, 3, 13, 0, 5, 11, 2, 1, 4, 7, 8, 15], "R": [[0.5128151885325682, 0.6850448591250814, -0.5174303077677264], [-0.8519595122784646, 0.48033797012029517, -0.20842366444085808], [0.10576186386664833, 0.5477124934187753, 0.8299550907756641]], "T": [-0.0365111933583806, 0.01698870296709411, -0.051379743197080344], "aligned_model": [[0.2063543415505061, 0.14468561945787517, -0.596708972814037, 0.21369931254762264, -0.3250311695218145, -0.5548178968440373, 0.5490727385853411, 0.6831544271574822, -0.6364298663376714, 0.028851891233664634, 0.023477063597245662, 0.5273368227876092, 0.4460690392032469, -0.1479839386314083, -0.02264320088259112], [-0.19397573440782262, -0.6732219403385779, 0.5218460626827537, 0.4018085232040183, -0.4940889453684414, 0.20075359972650927, -0.4839386556199544, -0.028213823200915488, -0.12839334899656313, 0.3142401771756756, -0.28544471219036305, 0.07339978450638879, 0.5964551624011192, 0.7274403226619086, 9.087759137009141e-05], [-0.7001503528809458, -0.34953981023489294, -0.3140924006677536, -0.4804524708071286, 0.07685748867505103, 0.2181391692565584, 0.11989917458750667, -0.4057218291510664, -0.2553436410168589, 0.5307234465907834, 0.7017320986971476, 0.56140477720125, 0.09536089343565439, 0.11175106918967583, -0.06090120802300516]], "inverted": true, "swapped": true, "error_lsq": 0.039239875861050696, "error_max": 0.24046597934840408, "target": "260.xyz", "model": "18.xyz", "model_rescale": 3.9405287249114394, "target_rescale": 4.019292280036918},
{"mapping": [4, 13, 9, 14, 7, 0, 1, 8, 5, 12, 3, 10, 2, 11, 6, 15], "R": [[0.8268429493492063, 0.13830323152102642, -0.5451632354280207], [0.4699744758006347, -0.7023541916451829, 0.5346237757286528], [-0.30895748770247483, -0.6982627053117497, -0.6457356000433087]], "T": [-0.14009702082979206, -0.03019621808517133, 0.010580910536010544], "aligned_model": [[-0.7233440777682943, -0.3758584199008297, 0.17154266618756456, -0.2755016743036991, -0.2937246107372107, -0.27685552775404243, -0.09931712525107689, 0.15767204883539457, 0.6284182809758552, -0.6118745498151784, -0.22972785284455083, 0.32315856623932715, 0.637249451667697, 0.25442153082748553, 0.3262226196907094, -0.10547630176706199], [-0.40825488780053537, -0.07232771201996009, -0.5458452866506103, 0.5428425363424731, -0.6894595526321333, -0.31447044985791733, 0.2679200110742714, -0.6387617478736612, -0.3470553265482332, 0.24253158484872542, 0.7894138667338724, 0.5679101741404639, 0.2594429968194553, 0.06248519856381887, -0.18212849212512175, -0.010695449077407066], [0.237648172468908, -0.6170904567405738, -0.4648100764629591, -0.4924410848258331, -0.18279946148400947, 0.6214487603118979, 0.5979335627031582, 0.3471128297352761, 0.026302838962141393, 0.06701291263309497, 0.22420258005768479, -0.20288346957131934, 0.2697466295232808, -0.5852197854236338, 0.5742705703330478, 0.013491671369328984]], "inverted": false, "swapped": false, "error_lsq": 0.040827745191956276, "error_max": 0.26109282805321465, "target": "260.xyz", "model": "19.xyz", "model_rescale": 4.410303926677745, "target_rescale": 4.019292280036918},
{"mapping": [6, 11, 9, 14, 0, 12, 5, 3, 13, 2, 8, 4, 1, 15], "R": [[0.5111004010951803, -0.35548431378959666, 0.7825645549409233], [0.72163434826177, 0.6720740927587625, -0.1660128948343982], [-0.46692638328665526, 0.6495747197143882, 0.600027029473521]], "T": [0.002424522921545196, -0.06867286982135297, 0.054728954642344514], "aligned_model": [[-0.25923545010372073, 0.2422558252860165, 0.3116778882498723, -0.6086144527856555, 0.24870201823690327, -0.3032097369440796, -0.42114609296115746, 0.5723149375807839, 0.19844395088588287, 0.04469829459400508, -0.41804666038916055, 0.05300021876676146, 0.5951260077920816, 0.005221141252339429], [0.009238782141681001, -0.6435434171535732, 0.18358757058100217, -0.07000471226603502, 0.6493860450200537, -0.7925176592074911, 0.49378248688242604, -0.1621990005065223, -0.5082831735427121, 0.0932142079375075, -0.30365573046149147, 0.6214044366200515, 0.29507386453030643, -0.054535234394001306], [-0.6159846943002406, -0.13140118008158697, -0.607728190329544, -0.09164246761637673, -0.1618628682113849, 0.19740644493548049, -0.332249200656693, -0.11069989734647276, 0.4333725668318376, 0.6899300232741983, 0.6130893920179933, 0.521469861352225, 0.47738161470549634, 0.03573363415008915]], "inverted": true, "swapped": true, "error_lsq": 0.04064613871998346, "error_max": 0.25082799378113707, "target": "260.xyz", "model": "20.xyz", "model_rescale": 4.121658175737393, "target_rescale": 4.019292280036918},
{"mapping": [10, 6, 5, 9, 0, 11, 7, 3, 8, 2, 4, 1, 15], "R": [[-0.9666037866729111, 0.169269070450816, -0.19241907748013495], [-0.23624348825281408, -0.8795441418204089, 0.4130267749765664], [-0.09932841410055829, 0.44469099875994506, 0.8901594136861952]], "T": [-0.057625839647175686, -0.12997832600270803, 0.02036816655300233], "aligned_model": [[0.12304626978732372, 0.09997784422653053, 0.12675352297143433, 0.5948784207283896, 0.6087554328958108, -0.12284453641146705, -0.4451392423834072, 0.3661666046977152, -0.7325710771066707, -0.22168904768166234, 0.1507371893387947, 0.37239612561196, -0.039384602010456904], [-0.6259558794705611, -0.0734992028965388, 0.47265088275616635, -0.22110054172617527, 0.2930877043760481, -0.77044603928982, 0.5245082090453608, -0.5364625982436224, 0.010587140627811104, 0.11805934831716106, 0.5163546176425724, -0.04322468332459495, -0.12373205365062413], [0.6549008103950864, 0.7248993250943861, 0.5187279512404123, 0.4254081333174859, 0.031519899722227684, 0.11085162728135242, -0.08769945601814322, -0.10635762975032834, -0.2412988257049894, -0.5653241342288938, -0.46486398199306367, -0.6650491682543709, 0.034395188380627974]], "inverted": false, "swapped": true, "error_lsq": 0.05338313547597305, "error_max": 0.28600550732503877, "target": "260.xyz", "model": "21.xyz", "model_rescale": 4.08911054899281, "target_rescale": 4.019292280036918},
{"mapping": [1, 11, 5, 15, 8, 0, 4, 6, 10, 2, 3, 14, 12, 9, 7, 16], "R": [[0.7235006819139157, 0.59732396895088, -0.34605034227243203], [0.617500928910504, -0.3358908331398611, 0.7112453521867647], [0.30860875889184347, -0.728272905118252, -0.6118653525130002]], "T": [-0.033178732020385564, -0.024350247704328518, 0.030305593347590008], "aligned_model": [[-0.7871337765605544, -0.3945540583888019, 0.2766488948913164, -0.4405128942789809, -0.289524158404016, -0.28410079102314956, -0.3185889615076966, 0.06753380747788093, 0.686275597001641, -0.6304106214041605, 0.004015138835694883, 0.14260872606346134, 0.6143448690867893, 0.46082865153314634, 0.43389556690759257, -0.034320965948074184], [-0.27136590614496936, -0.27690457111112504, -0.4203050263003207, 0.34790809616982893, -0.6373446747357291, -0.3070860483279735, 0.2952399743337448, -0.700890386470888, -0.3841407906669451, 0.3680807637901032, 0.7901324292042526, 0.5564348536718092, 0.32267389759989495, 0.08682397215905378, -0.22615160956377783, -0.019557509669458455], [0.007209347687132963, -0.5954077735218605, -0.46462441065037924, -0.4461496758722302, -0.1679035710740199, 0.7064549744245783, 0.5804830890245891, 0.32647202219614047, -0.033503832766957925, 0.1330956750373928, 0.3294935080116866, -0.178524532704646, 0.10281031470526827, -0.4708377089072446, 0.5272100083431132, 0.07764875965692691]], "inverted": false, "swapped": false, "error_lsq": 0.0307984056780965, "error_max": 0.21955976071025848, "target": "260.xyz", "model": "22.xyz", "model_rescale": 4.204369325754507, "target_rescale": 4.019292280036918},
{"mapping": [4, 13, 9, 14, 7, 0, 1, 8, 5, 12, 3, 10, 2, 11, 6, 15], "R": [[0.8268429493492063, 0.13830323152102642, -0.5451632354280207], [0.4699744758006347, -0.7023541916451829, 0.5346237757286528], [-0.30895748770247483, -0.6982627053117497, -0.6457356000433087]], "T": [-0.14009702082979206, -0.03019621808517133, 0.010580910536010544], "aligned_model": [[-0.7233440777682943, -0.3758584199008297, 0.17154266618756456, -0.2755016743036991, -0.2937246107372107, -0.27685552775404243, -0.09931712525107689, 0.15767204883539457, 0.6284182809758552, -0.6118745498151784, -0.22972785284455083, 0.32315856623932715, 0.637249451667697, 0.25442153082748553, 0.3262226196907094, -0.10547630176706199], [-0.40825488780053537, -0.07232771201996009, -0.5458452866506103, 0.5428425363424731, -0.6894595526321333, -0.31447044985791733, 0.2679200110742714, -0.6387617478736612, -0.3470553265482332, 0.24253158484872542, 0.7894138667338724, 0.5679101741404639, 0.2594429968194553, 0.06248519856381887, -0.18212849212512175, -0.010695449077407066], [0.237648172468908, -0.6170904567405738, -0.4648100764629591, -0.4924410848258331, -0.18279946148400947, 0.6214487603118979, 0.5979335627031582, 0.3471128297352761, 0.026302838962141393, 0.06701291263309497, 0.22420258005768479, -0.20288346957131934, 0.2697466295232808, -0.5852197854236338, 0.5742705703330478, 0.013491671369328984]], "inverted": false, "swapped": false, "error_lsq": 0.040827745191956276, "error_max": 0.26109282805321465, "target": "260.xyz", "model": "23.xyz", "model_rescale": 4.410303926677745, "target_rescale": 4.019292280036918},
{"mapping": [12, 13, 14, 7, 6, 5, 2, 15, 9, 0, 3, 1, 10, 11, 4, 16], "R": [[-0.6403131338222339, 0.5648321228816712, -0.5205417981447169], [-0.37046114982801864, 0.36656645780745434, 0.8534562487196391], [0.6728726678375729, 0.7393197582720761, -0.02546895965026208]], "T": [0.04436648238641117, -0.07129566103943838, -0.024613366723973715], "aligned_model": [[-0.7504525790236887, -0.3727571269520278, 0.21358843948439285, -0.29095102152384356, -0.3577651905341821, -0.26751924225607426, -0.3487290705392997, 0.24814397210285766, 0.6189779891297074, -0.5452239868094516, 0.036791305962578354, 0.11547153210108896, 0.6026022757458468, 0.4060318836274994, 0.16226824623370584, 0.03652759753297896], [-0.1743304526240491, -0.361842942340697, -0.571789931765551, 0.27932095014295977, -0.7122045162571276, -0.3477745270811189, 0.3109636817986493, -0.7318546664162072, -0.31799616279014986, 0.3600075885051035, 0.6622847906798339, 0.755720747170976, 0.22787192607416099, 0.06328426299030068, 0.04425494929923714, 0.03763176655117961], [0.03721159689090829, -0.5101818950390384, -0.447720214010686, -0.47910325683888627, -0.09826149431343636, 0.44643733630540383, 0.7049396692243409, 0.15273015848985186, -0.061767940904418145, 0.16708012991033752, 0.4960144486984811, -0.24215251728348974, 0.12590407448668325, -0.5264179783050504, 0.6436916560936067, 0.025522420184881812]], "inverted": true, "swapped": false, "error_lsq": 0.03815752038665531, "error_max": 0.24784525684131212, "target": "260.xyz", "model": "24.xyz", "model_rescale": 4.28219845311461, "target_rescale": 4.019292280036918},
{"mapping": [9, 5, 1, 11, 3, 7, 13, 4, 0, 12, 14, 10, 6, 8, 2, 15], "R": [[-0.44144416606082204, 0.6342331565295823, -0.6347246264399924], [-0.2617760862682986, 0.5855764200408166, 0.767185464506617], [0.8582542332601208, 0.5048252761606769, -0.09247222091189658]], "T": [-0.07772707916032712, -0.05153370774766141, 0.06857033867592], "aligned_model": [[-0.7270208087749785, -0.30353759102124356, 0.1519296694339562, -0.35626321273121025, -0.24255458588331247, -0.5358597199120498, -0.2825752846486356, 0.16352349701827276, 0.6854822893413128, -0.579991264785886, 0.08615006340023329, 0.13016333291086601, 0.7331631595271795, 0.23591417638941092, 0.3587109780356958, -0.010229674017522034], [-0.1886780566024667, -0.11865626526629786, -0.469382761089747, 0.35455995743856195, -0.7811044757126897, -0.5097315783553216, 0.043844928700491566, -0.6476008378873401, -0.32207035167888465, 0.47509238218059513, 0.6706948471931179, 0.5885648273707974, 0.2991501900841518, 0.0766455373567364, 0.1308110043642363, -0.07859188415844028], [-0.05981487908359023, -0.7498335077956186, -0.3586735557133343, -0.16377128187364298, -0.13293333974764515, 0.49951720384456694, 0.6179851049086045, 0.4166374426749231, 0.16794617154067987, 0.3026975465732383, 0.24654455441788772, -0.3518583244001729, -0.1094042650287278, -0.5373548224376243, 0.5635978657728578, 0.08264427993708875]], "inverted": false, "swapped": false, "error_lsq": 0.04987950245472104, "error_max": 0.3261270675557197, "target": "260.xyz", "model": "25.xyz", "model_rescale": 4.100010024507729, "target_rescale": 4.019292280036918},
{"mapping": [7, 8, 12, 13, 5, 6, 14, 3, 2, 0, 4, 15], "R": [[0.10130224340442803, 0.8259983577276997, -0.5544948769036312], [-0.8098614561299771, 0.3921818464729637, 0.4362543079123574], [0.5778081665711062, 0.4048704883394192, 0.7086731336205268]], "T": [0.1496359853116367, 0.11973842813189112, -0.037652156448542244], "aligned_model": [[-0.5342521508216547, -0.05265832877104909, 0.442136995075901, 0.5394776459106653, -0.4811598846140054, 0.021682237438763297, -0.23942151319318833, 0.6280188170262347, -0.03783280798719035, -0.16723956740887636, -0.38630198571826013, 0.14431614542566681], [-0.22892676500462222, -0.5613311804362258, -0.3573532897514126, -0.35036209684894554, 0.5973804098737385, 0.6949849392592038, 0.12066523546303728, 0.3517413497236333, -0.37592635763216947, 0.6481030813900486, -0.015729396936762285, 0.14288546095111604], [-0.007197710815268564, 0.1598333812253371, 0.532038196441045, -0.08326790376778137, 0.101900326027215, 0.3831949128227179, 0.45573248131086586, -0.3173188108880284, -0.42578456555697675, -0.5312044889165213, -0.6629765710139256, -0.03975695701432231]], "inverted": false, "swapped": true, "error_lsq": 0.045202903755831796, "error_max": 0.18819100026153, "target": "260.xyz", "model": "26.xyz", "model_rescale": 3.6694154284099745, "target_rescale": 4.019292280036918},
