[{"mapping": [6, 10, 9, 3, 8, 1, 0, 5, 4, 2, 4, 11], "R": [[-0.2892602565607379, 0.8833396200101318, -0.3688354913708448], [0.9460365128945516, 0.20499412096322694, -0.25098272179739967], [-0.14609387476801738, -0.4215311685876506, -0.8949681858392491]], "T": [-0.03260130012368799, 0.03457728060589882, 0.05906856875871305], "aligned_model": [[-0.5640029738076922, 0.14397118392455294, 0.08616632966387135, 0.6153665548008193, -0.06367659297003145, -0.679365532389902, -0.06294832739845695, -0.347747830656198, 0.6177053937155532, -0.2311989246085253, 0.6177053937155532, -0.04868842572744908], [0.23937389036150425, -0.545162867114376, 0.1316304368141607, 0.0660210253323911, 0.6519384562033389, 0.10187767550451318, -0.1444543409776708, -0.6607849517641886, 0.1819478339774469, 0.5417335041694061, 0.1819478339774469, -0.003660269560548761], [-0.3890665640900809, -0.2483153360950909, -0.5290057117642708, -0.17154249925198187, -0.08585553458738593, 0.3402219863558329, 0.6505228192381929, 0.3843997271443168, 0.5148443806337791, 0.6524502284316459, 0.5148443806337791, 0.11484804558648154]], "inverted": false, "swapped": false, "error_lsq": 0.05961149591375728, "error_max": 0.4526961075997982, "target": "261.xyz", "model": "0.xyz", "model_rescale": 3.751011558992144, "target_rescale": 3.9082130218625677},
{"mapping": [7, 8, 0, 2, 3, 11, 9, 10, 5, 12, 13, 14], "R": [[0.8210070156787646, -0.504562271556021, 0.26714115057114857], [-0.5694899857151035, -0.690693802641273, 0.44567165846971857], [-0.04035636723566887, -0.5180337683155088, -0.8544076184751477]], "T": [-0.08102529952686459, -0.07553709782841625, 0.04935113023917399], "aligned_model": [[-0.520419141095982, 0.32924448540609114, 0.05054270320169081, 0.6933242537245723, 0.16326746703883327, -0.7037895514059789, -5.050625383472285e-05, -0.3308454438672052, 0.42505536313240316, -0.31361593301948953, 0.3875408224042211, -0.09696827100322603], [0.3400045480184457, -0.5137035111812069, 0.30740824167590497, 0.13331303876436904, 0.636860876289174, 0.04198400630773691, -0.0844549771132749, -0.6878273582214348, -0.2617334730438969, 0.5602974310296289, 0.3156761195087213, -0.04541671511074323], [-0.22255917915577839, -0.23368093494159387, -0.5921683520132547, -0.15190117859872088, -0.07799116512888353, 0.5342062277587756, 0.7032266349170482, 0.534267907262285, 0.3644690759905905, 0.35527784237882715, 0.44292476535688247, 0.09227427840904055]], "inverted": true, "swapped": false, "error_lsq": 0.05068101733296721, "error_max": 0.3243926391977096, "target": "261.xyz", "model": "1.xyz", "model_rescale": 3.9405287249114394, "target_rescale": 3.9082130218625677},
{"mapping": [3, 4, 7, 1, 6, 10, 9, 8, 2, 11, 5, 12], "R": [[0.2796325894245748, -0.7256675302368996, 0.6286590892459806], [0.2636365495865097, -0.5715759679732507, -0.7770435525487368], [0.9232017031255018, 0.38302421384988194, 0.03148121584140251]], "T": [0.0818703568280205, 0.11983827298552552, 0.09389981168230266], "aligned_model": [[-0.4069747968469052, 0.06036457442667696, -0.07887578138415187, 0.7397628450467243, 0.01055063368415897, -0.6993629665750897, -0.27754745268390674, -0.29126114611451376, 0.6526606606160053, -0.17311788846849002, 0.4024402351181672, 0.14464733144341943], [0.05394652551174428, -0.4751118744540249, 0.2553536801795898, -0.01976104560393227, 0.6268539522918999, 0.0029920071288553896, -0.10560842600723164, -0.5126149460371234, -0.07615140948838292, 0.6026753938687772, 0.32674787783337744, 0.06308649169987479], [-0.19504373282471854, -0.27659653818875013, -0.6707609671072474, -0.3243295949273086, -0.08832063562700024, 0.3897182760692544, 0.7797377890566796, 0.3418223345992355, 0.41005815964579917, 0.5515717449434119, 0.7123653717028225, 0.11812371489304024]], "inverted": true, "swapped": false, "error_lsq": 0.054012166900367, "error_max": 0.2797778938485409, "target": "261.xyz", "model": "2.xyz", "model_rescale": 3.932901565614263, "target_rescale": 3.9082130218625677},
{"mapping": [7, 6, 9, 12, 8, 0, 1, 2, 10, 3, 11, 13], "R": [[-0.7656082141320316, -0.01951184202086817, -0.6430111589035713], [0.385535488445867, -0.8140710235398684, -0.43433944764614446], [-0.5149819895902846, -0.5804374700634891, 0.6307819700529876]], "T": [-0.07673303748760991, 0.08564539628591672, 0.12838669456267843], "aligned_model": [[-0.5070074232173285, 0.15071422396998008, 0.15492358193311678, 0.5157241805336928, 0.021700848093484756, -0.6399417063984967, -0.05035344087551542, -0.38887747961710367, 0.5707035034506467, -0.30266733281973196, 0.5559919006707514, 0.0023753925385986835], [0.31401557501108285, -0.5472668530874245, 0.3472061103152594, -0.17892310963960412, 0.8026604747998006, -0.05268182568006016, -0.21502704195933803, -0.6491546862080643, -0.15493255674417414, 0.46019549099226786, 0.5918232677977798, 0.02449338132589845], [-0.3935841492601268, 0.008461348908064062, -0.5179213921450976, -0.2742642220466482, 0.005965810376010128, 0.4639636664630299, 0.80489894328726, 0.366786650923424, 0.31836988927997145, 0.39173323209347594, 0.5040884557931071, 0.06984768856274849]], "inverted": true, "swapped": false, "error_lsq": 0.0594952917280257, "error_max": 0.38117428797937586, "target": "261.xyz", "model": "3.xyz", "model_rescale": 3.9243930471874484, "target_rescale": 3.9082130218625677},
{"mapping": [1, 0, 5, 6, 11, 7, 4, 2, 3, 8, 10, 12], "R": [[-0.04768673065330764, 0.635643445397749, -0.7705085243152587], [0.5070183110085836, -0.6492190201076552, -0.5669630466198472], [-0.8606151335071921, -0.4176985447105781, -0.29132373354236557]], "T": [0.009578934641479738, 0.22815402055984246, 0.17268637690414462], "aligned_model": [[-0.5600030132297504, -0.09074916418241524, 0.1028305645040741, 0.6469159184172014, 0.35100362741114716, -0.6495140829996838, -0.07959652755374293, -0.22990042240196334, 0.43020474259902874, -0.2982345987220698, 0.4566956958595297, 0.0036335085607393063], [0.06713082414842914, -0.5010235345114433, 0.025497631461632725, 0.1527917421774639, 0.8661718849469224, -0.13203869069391716, -0.06153514236239005, -0.6453241404471143, -0.2837894429857323, 0.5554770871270065, 0.5265902254832648, 0.1724597825793015], [-0.2270738448027571, -0.253408353322875, -0.5510937148782473, -0.15843083926770107, -0.14746431461096937, 0.4533576504048485, 0.6830736761855443, 0.3484704208545033, 0.2907591941725311, 0.613647608405897, 0.6289211333045077, 0.06758730578993619]], "inverted": true, "swapped": false, "error_lsq": 0.05863028669860573, "error_max": 0.3638899668516287, "target": "261.xyz", "model": "4.xyz", "model_rescale": 3.8936222436046832, "target_rescale": 3.9082130218625677},
{"mapping": [1, 9, 0, 3, 2, 5, 7, 6, 8, 4, 10, 11], "R": [[0.896901717421132, 0.32449692190119916, -0.300448093626289], [-0.43152278230231944, 0.4935940228652434, -0.755084782620979], [-0.09672330453975049, 0.8068870356303621, 0.5827331414039861]], "T": [0.07904403310039228, 0.01655986771698354, 0.1786070318791875], "aligned_model": [[-0.5406987523819379, 0.1513266767440456, 0.15384906519624597, 0.5405075899993705, 0.09035806328750844, -0.6633617170909207, 0.04890602572899709, -0.4500134310891358, 0.713362633696255, -0.2935532379646326, 0.411409833936306, -0.07880650180000622], [0.10206466590923255, -0.4686727657975511, 0.17312761114270603, 0.15001668572654173, 0.7168101096631774, 0.05246879394043275, -0.2008288567196497, -0.5590971896474127, -0.34315746897415067, 0.6447843494697082, 0.40783208272022337, 0.0670602094901663], [-0.32310660804876357, -0.19737229550689592, -0.6889234043988355, -0.1368651470876683, -0.07961778547837142, 0.5022041705365249, 0.7881817774088482, 0.33133482895498484, 0.2973764595647984, 0.49026369076564225, 0.5472619215608854, 0.21760831396406888]], "inverted": false, "swapped": false, "error_lsq": 0.043665612560944804, "error_max": 0.3022653304728069, "target": "261.xyz", "model": "5.xyz", "model_rescale": 3.6523030999806103, "target_rescale": 3.9082130218625677},
{"mapping": [7, 3, 11, 4, 9, 5, 1, 0, 2, 8, 6, 12], "R": [[0.2851691421602299, 0.9553817995020635, 0.07696867895318127], [-0.5860618739692767, 0.23734625511672658, -0.7747246188560717], [-0.758426028192083, 0.17581914674535604, 0.6275966757388991]], "T": [0.07087637953196774, 0.1762087347433616, 0.17504788781777095], "aligned_model": [[-0.38565838875512876, -0.03766005217225463, 0.13369928093147282, 0.5016520473078714, -0.05849992721143277, -0.5650991633414888, 0.0978855056940688, -0.4400986754627733, 0.6699865491494916, -0.23311710838805483, 0.4080411508597655, -0.007844970349441663], [0.04312284068258879, -0.45418300579102866, 0.23698289953043436, -0.024213232326545403, 0.810303752065932, 0.0967087082541569, -0.26663089012134844, -0.6630109566353226, -0.2509093478049427, 0.6457319576059893, 0.45813667972035166, 0.11036882174315857], [-0.3155458441481763, -0.09599970838429131, -0.7006968164740452, -0.1465029807784293, -0.14720691112363918, 0.40552214807642195, 0.7094058574851889, 0.32262340500840836, 0.3617261737276214, 0.5503331195567792, 0.6540687776426664, 0.1506187016467132]], "inverted": false, "swapped": false, "error_lsq": 0.04928775676159316, "error_max": 0.2722316842306002, "target": "261.xyz", "model": "6.xyz", "model_rescale": 4.08911054899281, "target_rescale": 3.9082130218625677},
{"mapping": [6, 1, 2, 13, 7, 4, 10, 8, 11, 5, 12, 14], "R": [[0.6128606910758031, -0.005504877835331032, 0.7901717975567762], [0.48456808415539276, 0.7925041326626924, -0.3703119921505727], [-0.6241758927995066, 0.6098416975187674, 0.48836211853026346]], "T": [-0.054099482260802564, -0.02815874035253641, 0.11348745178297624], "aligned_model": [[-0.382106246828757, 0.28966942206666607, 0.0800276278217928, 0.6042019745361769, -0.05161930166670485, -0.6863066081952061, 0.051436352449373016, -0.39587885104534093, 0.3948182035155857, -0.258985576929827, 0.45229207352967854, -0.014262820991341803], [0.12815699040859713, -0.42089001912279694, 0.21046204882930755, 0.22188518173386507, 0.7024724384672131, 0.10040180119501085, -0.09030015302413744, -0.4519182428253248, -0.32020043062379716, 0.5547057530314914, 0.29556956889237895, -0.18793671003838336], [-0.22874042722127835, -0.40180968768935066, -0.6449382733888296, -0.08654192445523402, -0.14236581432503082, 0.39745193332427275, 0.8236110543517033, 0.5242960695385451, 0.35372821746988775, 0.5593483046808106, 0.49659251834921414, 0.09771395160050805]], "inverted": false, "swapped": false, "error_lsq": 0.047959395100544054, "error_max": 0.27740273288549194, "target": "261.xyz", "model": "7.xyz", "model_rescale": 3.964800864290218, "target_rescale": 3.9082130218625677},
{"mapping": [2, 6, 0, 3, 1, 12, 9, 11, 10, 8, 5, 13], "R": [[-0.9109933418437057, -0.41018291026366765, 0.04290817222936426], [0.38371089891737725, -0.8811149865351104, -0.27640970778040774], [0.1511855719586201, -0.23534307007188482, 0.96008153935001]], "T": [-0.061841549372886696, 0.06006186730111276, 0.05177825973056249], "aligned_model": [[-0.4830895221086988, 0.08051372234909207, 0.15786426617055443, 0.5820340068615919, -0.09579399962266859, -0.7041760103513428, -0.1767853026596931, -0.22110216386444545, 0.46243299425256584, -0.05929173398453514, 0.5846492540390619, -0.043969262819387414], [0.17177392827143376, -0.43739061980715144, 0.22855867728086346, -0.028530071667369893, 0.7886831560329867, -0.03920527508866827, -0.08111883887667112, -0.6921897214551026, -0.16716283850848707, 0.4978762596303291, 0.4140389594328428, 0.08707461167841851], [-0.44689928002215545, -0.2104846291067688, -0.6089013541260953, -0.2699956238211516, -0.12451167163573493, 0.4367813921461993, 0.7156401946026397, 0.3614344051228362, 0.6422349888676735, 0.6837352501327298, 0.44651941836254305, 0.12279283171250245]], "inverted": false, "swapped": false, "error_lsq": 0.05229348783737564, "error_max": 0.2538933886506509, "target": "261.xyz", "model": "8.xyz", "model_rescale": 4.121658175737393, "target_rescale": 3.9082130218625677},
{"mapping": [3, 7, 10, 5, 0, 2, 6, 8, 9, 1, 4, 12], "R": [[-0.6524900941044631, -0.3825789537265508, 0.6541330302477063], [-0.7474210397983115, 0.182546276955537, -0.638779027549029], [0.12497386271680866, -0.9057097774315843, -0.4050571968283863]], "T": [-0.017925889820379643, -0.02985090473291053, 0.07899369204443965], "aligned_model": [[-0.6208251583721082, 0.27847773943718507, 0.018328802478920294, 0.4885387461684629, 0.010324597920893502, -0.6461523955952476, 0.0017073920222733067, -0.44789491925627306, 0.6508592203633733, -0.1478348458646823, 0.5271131020375631, -0.029356033078265096], [0.18761668537824527, -0.6131972674757553, 0.20103405582458314, 0.16452778915097338, 0.7526058742058503, 0.19841575828962077, -0.2858017124532151, -0.5551101728932653, -0.28579676966402895, 0.4356059826881835, 0.5131823172299582, 0.029325686642273863], [-0.3813369616177503, -0.08551411917084145, -0.6434040950991898, -0.216689249858642, 0.0029177946955604717, 0.2675997334464679, 0.72264403840136, 0.34315779381624334, 0.5037383302167351, 0.5703237896420498, 0.52191054080708, 0.14299832695614495]], "inverted": false, "swapped": false, "error_lsq": 0.049264976505171365, "error_max": 0.2600951115631199, "target": "261.xyz", "model": "9.xyz", "model_rescale": 3.833441315466971, "target_rescale": 3.9082130218625677},
{"mapping": [12, 7, 11, 8, 10, 1, 5, 4, 2, 0, 13, 14], "R": [[0.22593195367662874, -0.37085936806823167, -0.9007874785008361], [-0.6218496920630574, 0.6568710887203056, -0.4264074732981137], [0.7498384577953727, 0.6564934896245604, -0.08221061544365715]], "T": [-0.045536855261986676, -0.03262675477183569, 0.0896504988234866], "aligned_model": [[-0.528519255215786, 0.14063569993830524, 0.020273805888492556, 0.6060925874190637, 0.15933995198955983, -0.6538635081685765, -0.05416825269625221, -0.3073169032375884, 0.5239859617489181, -0.18724034013262283, 0.33726789533584745, 0.026798605392734508], [0.18402602331788617, -0.4288331551325609, 0.0897631482834983, 0.23981458552168833, 0.7137725387122845, 0.2015334777680688, -0.09953470554538132, -0.7000330492396685, -0.20765136873922788, 0.5221637347143607, 0.32116761600231564, -0.09378061873984009], [-0.19811612952602664, -0.41261859716511523, -0.5782018423063574, -0.2400677868492863, -0.18723888713539943, 0.43709344633307207, 0.762617085340698, 0.43886765859208565, 0.49172064237702606, 0.4583652894881011, 0.6929552373619035, 0.08296980572451654]], "inverted": true, "swapped": false, "error_lsq": 0.046965879431272894, "error_max": 0.3079713985060776, "target": "261.xyz", "model": "10.xyz", "model_rescale": 4.2482417240324, "target_rescale": 3.9082130218625677},
{"mapping": [7, 2, 3, 1, 8, 9, 4, 5, 6, 10, 0, 11], "R": [[0.3921489086930896, 0.7377020118751298, -0.5495588913721668], [0.2728739542594135, 0.4772368928226274, 0.8353351143198974], [0.8784981721652304, -0.47753606126070747, -0.014151738337017303]], "T": [0.06377657695637849, 0.05528942467309513, 0.11067802115143607], "aligned_model": [[-0.5212313114853601, 0.3551552962927166, -0.03309307412689767, 0.6714862692914463, -0.025503010469682355, -0.673286859029302, -0.1280420343398267, -0.34445260509924824, 0.36589907109493286, -0.11046248000312263, 0.5524288334914645, -0.025611847355025585], [-0.0428585168383493, -0.4236835932446062, 0.20502803839355752, 0.3271634246766196, 0.6032719943101319, 0.2739414198998356, -0.2417299542013999, -0.5319926294764821, -0.4395536946746371, 0.5649483867188161, 0.4048041611810718, 0.04306919017886616], [-0.21595479828555267, -0.37247886476596703, -0.6806918321484127, -0.12579610369587702, -0.15124198113521028, 0.4077296975568291, 0.9111932859438387, 0.34010098014546775, 0.4010819190465603, 0.46407702507028514, 0.5720866221557742, 0.1982399723474827]], "inverted": true, "swapped": false, "error_lsq": 0.05067802925934584, "error_max": 0.24326852909288302, "target": "261.xyz", "model": "11.xyz", "model_rescale": 3.6694154284099745, "target_rescale": 3.9082130218625677},
{"mapping": [10, 7, 9, 11, 8, 12, 0, 5, 6, 1, 4, 13], "R": [[-0.8689635129157957, 0.4500863033827773, -0.20572975654549033], [-0.49306239245957245, -0.8229793130753614, 0.2821250208543173], [-0.04233072599286036, 0.3465939551654545, 0.9370596245061915]], "T": [-0.016948169299739947, 0.09117508094450624, 0.1503795951536628], "aligned_model": [[-0.463610712905084, -0.12020048678383682, 0.15489849122771032, 0.6575463835303134, 0.1429266021732459, -0.6667205486743115, 0.017965954389104984, -0.18058433183830033, 0.3789260739852464, -0.3030289052620763, 0.4778086115684227, -0.012640883148339787], [0.09892865183665421, -0.4684229183537537, 0.12569270771347613, 0.17161448706979943, 0.7022613669110198, -0.022048955044438087, -0.07662084677396963, -0.663686101598027, -0.28670558008404645, 0.6314698325265136, 0.42589588538556156, 0.10402969733463405], [-0.301241088149114, -0.32748477533768505, -0.6331786513078815, -0.1387834195143113, -0.26628749001290364, 0.31391758139163484, 0.8441831660824917, 0.3694197601390462, 0.2930141736324926, 0.735796444950239, 0.5872506981229458, 0.27173952223826314]], "inverted": true, "swapped": false, "error_lsq": 0.05495928417890782, "error_max": 0.2880777710421954, "target": "261.xyz", "model": "12.xyz", "model_rescale": 3.9764082729961374, "target_rescale": 3.9082130218625677},
{"mapping": [1, 13, 10, 11, 8, 0, 4, 5, 14, 7, 3, 15], "R": [[0.07907430723252006, -0.48681539164626475, -0.8699184032953846], [0.9933864897716975, -0.03439562962125252, 0.10954552753090069], [-0.0832498400885115, -0.8728274257373287, 0.4808760224901901]], "T": [-0.08867433526031208, -0.0565121734515499, 0.10805904208608526], "aligned_model": [[-0.42030403763860313, 0.28552835904000307, 0.06929688153195367, 0.5830266951886471, 0.11564151762525228, -0.6875655007775686, -0.20207262745377436, -0.5597650799897529, 0.6884076417239121, -0.2308088869297596, 0.48122701341634366, -0.03932572747455802], [0.20767915222167288, -0.456464699700812, 0.22097056275238602, 0.19935144344184563, 0.5868722499696922, 0.11923534491554166, -0.1692158913378804, -0.6689758545605369, -0.18566609120257466, 0.44266666507254804, 0.48069085282126156, -0.03473550746972037], [-0.3647488070455753, -0.1648711074249522, -0.6296369147499364, -0.2294261190594779, -0.1016177391919315, 0.4789365355464626, 0.8082750238241722, 0.43330611030870353, 0.2432289579361761, 0.6572875512828023, 0.4163913444053095, 0.2012210864034657]], "inverted": true, "swapped": false, "error_lsq": 0.044918178281981115, "error_max": 0.28812968035360154, "target": "261.xyz", "model": "13.xyz", "model_rescale": 4.170626492500431, "target_rescale": 3.9082130218625677},
{"mapping": [2, 12, 6, 11, 3, 0, 7, 8, 10, 1, 9, 13], "R": [[-0.3095868902895484, 0.11469930370159837, 0.9439279777033924], [-0.723626570768565, -0.6724174417682551, -0.15562573721451944], [0.6168634722842443, -0.7312310535912736, 0.29117108858061735]], "T": [-0.06773383747319116, 0.017314457170333454, 0.06626100749348068], "aligned_model": [[-0.609166742772722, 0.27602304914171094, 0.10342329317934577, 0.5684229885331479, 0.008771328101604844, -0.5616400315108341, -0.21282199948276664, -0.20588504502614935, 0.31115779131815957, -0.1301148217709699, 0.5290352699338781, 0.006081168617689939], [0.22185841586413219, -0.6101298725906451, 0.24419828221284376, 0.2196726748356125, 0.6761971174893834, 0.13877426824267383, -0.17961424667400186, -0.6532707958795018, -0.23356663710942868, 0.5303432861461477, 0.3610658955873159, 0.026879838798891803], [-0.24669960545505526, -0.08817647870012055, -0.7253943680273058, -0.1661509018399648, -0.12213804770889578, 0.3779701544773383, 0.839305840433771, 0.3539864930672681, 0.4006681173755161, 0.6352289357048091, 0.49288498653674084, -0.0031392036288828556]], "inverted": false, "swapped": false, "error_lsq": 0.04735404979013016, "error_max": 0.26963166664627825, "target": "261.xyz", "model": "14.xyz", "model_rescale": 3.9786697098870705, "target_rescale": 3.9082130218625677},
{"mapping": [9, 0, 3, 2, 8, 6, 10, 1, 4, 7, 5, 11], "R": [[-0.5345270917474099, -0.5619066855861816, 0.6313015641368299], [-0.667286994332565, -0.17781343666879984, -0.7232637478365979], [0.5186606360450611, -0.807863390947741, -0.279906924143991]], "T": [-0.033165771422646165, 0.055266381445198444, 0.17353047285019976], "aligned_model": [[-0.43128738574123343, 0.08903892227678277, 0.056315685860852366, 0.7216373150897061, 0.17054825551922892, -0.8157589123511527, -0.004371889481336818, -0.29737053520354545, 0.4741460495192434, -0.280627481197727, 0.5318278969731965, -0.13081167300191932], [0.19104884850751477, -0.4415538771452573, 0.2690905296724957, 0.08088150118760598, 0.50114364490537, -0.012831773799942069, -0.1901802596476358, -0.5202674576984796, -0.19382257087814675, 0.46019779714736403, 0.5536165341067593, 0.04508531056577594], [-0.28524678236201906, -0.2976820371393851, -0.7160882852366278, -0.2547960176906511, -0.005137339523457185, 0.2748532631186261, 0.9680415471820066, 0.41772042818898925, 0.40912363967434584, 0.6336057451299973, 0.45117929374586807, 0.152772467147525]], "inverted": true, "swapped": false, "error_lsq": 0.05234351857941571, "error_max": 0.2932745355836439, "target": "261.xyz", "model": "15.xyz", "model_rescale": 3.769337070930944, "target_rescale": 3.9082130218625677},
{"mapping": [3, 10, 1, 8, 2, 4, 0, 9, 7, 6, 11], "R": [[-0.7852144694929425, 0.3895596115332868, -0.48133309252632095], [-0.18043469249389915, -0.8875266918669172, -0.42395718294233264], [-0.59235256278972, -0.24604812595466186, 0.7671888692301589]], "T": [0.07372106873167535, 0.17053928286664385, -0.058840485258169664], "aligned_model": [[-0.2602293956130211, -0.47821120917958143, -0.11440278727456664, -0.5719841367780978, 0.47114879201067245, 0.35994456174885103, 0.6356483299168944, 0.17370116568695904, -0.04619856608822899, -0.263907079529944, 0.0171164557912344], [-0.023494637658071027, -0.6505360281559085, 0.7068082541556758, 0.11671635164757603, 0.2200743349574775, -0.37168455511314524, 0.3084177040255988, -0.516317712172485, 0.6506752878347553, 0.04074761189702433, 0.11465788620684442], [-0.5923731397537819, -0.04213840870922643, -0.24175415595355537, 0.0410653356364261, -0.7154388338874716, -0.35386598589677737, -0.038954545580760294, 0.33157984858558187, 0.7234469076167045, 0.5909253141936237, 0.04172527097301393]], "inverted": false, "swapped": true, "error_lsq": 0.04760063792482325, "error_max": 0.3063643945250678, "target": "261.xyz", "model": "16.xyz", "model_rescale": 3.7852294659196426, "target_rescale": 3.9082130218625677},
{"mapping": [8, 0, 9, 10, 11, 2, 1, 3, 4, 7, 6, 12], "R": [[0.6404525911246383, -0.6950293383485016, 0.32673337349677173], [-0.33513450061126593, -0.6357155611895687, -0.6953780207638641], [0.6910176155654604, 0.33585702924946437, -0.6400739885997166]], "T": [-0.015288647896613015, 0.012161222360820671, 0.1998500123223263], "aligned_model": [[-0.40746892655136807, 0.12563180527150505, 0.12864383840134963, 0.6807757380384644, -0.23166087194833127, -0.5525622898149332, -0.17552800499282914, -0.508522835031275, 0.5091746749473414, -0.051312328332938244, 0.5424418254784952, 0.023673622796614745], [0.057589000466044975, -0.5284282360626741, 0.13334593235462733, 0.2667453924516661, 0.6740190529519428, 0.1710335220507258, -0.26087927908267156, -0.6104767018006925, -0.43691456320646255, 0.546700368397716, 0.6691050885769497, 0.06056864982625186], [-0.3181623980146951, -0.19213419534299075, -0.6438676483697117, -0.11627709225923116, -0.03049613411255553, 0.4451735683077525, 0.8114269798872822, 0.23906000084574905, 0.3581404002117995, 0.6519530989943703, 0.41140310639510724, 0.13212623569234158]], "inverted": true, "swapped": false, "error_lsq": 0.052581390292478554, "error_max": 0.2982640843084999, "target": "261.xyz", "model": "17.xyz", "model_rescale": 3.901054581598922, "target_rescale": 3.9082130218625677},
{"mapping": [7, 8, 0, 2, 3, 11, 9, 10, 5, 12, 13, 14], "R": [[0.8210070156787646, -0.504562271556021, 0.26714115057114857], [-0.5694899857151035, -0.690693802641273, 0.44567165846971857], [-0.04035636723566887, -0.5180337683155088, -0.8544076184751477]], "T": [-0.08102529952686459, -0.07553709782841625, 0.04935113023917399], "aligned_model": [[-0.520419141095982, 0.32924448540609114, 0.05054270320169081, 0.6933242537245723, 0.16326746703883327, -0.7037895514059789, -5.050625383472285e-05, -0.3308454438672052, 0.42505536313240316, -0.31361593301948953, 0.3875408224042211, -0.09696827100322603], [0.3400045480184457, -0.5137035111812069, 0.30740824167590497, 0.13331303876436904, 0.636860876289174, 0.04198400630773691, -0.0844549771132749, -0.6878273582214348, -0.2617334730438969, 0.5602974310296289, 0.3156761195087213, -0.04541671511074323], [-0.22255917915577839, -0.23368093494159387, -0.5921683520132547, -0.15190117859872088, -0.07799116512888353, 0.5342062277587756, 0.7032266349170482, 0.534267907262285, 0.3644690759905905, 0.35527784237882715, 0.44292476535688247, 0.09227427840904055]], "inverted": true, "swapped": false, "error_lsq": 0.05068101733296721, "error_max": 0.3243926391977096, "target": "261.xyz", "model": "18.xyz", "model_rescale": 3.9405287249114394, "target_rescale": 3.9082130218625677},
{"mapping": [7, 11, 13, 14, 12, 6, 2, 5, 10, 1, 3, 15], "R": [[0.5102285848487582, -0.2948522636380378, 0.8079164151264404], [-0.7584648928420832, -0.5971375174368676, 0.26107047246937365], [0.4054599826484495, -0.7459818549380807, -0.5283117210263837]], "T": [-0.13233278362143502, 0.18108647693542007, 0.027226981078145224], "aligned_model": [[-0.6110300997421552, 0.2077887140069795, 0.14180710887502296, 0.6174571652804319, 0.10862520202826662, -0.560409461457267, -0.04662912372500827, -0.4638460560143806, 0.4668661651999671, -0.15084852241388585, 0.492133073742502, -0.1186279175183779], [0.08512497663562078, -0.42388967743140576, 0.0704499660624236, 0.16969379738558024, 0.6655338152114594, 0.02509147413393989, -0.29748767166728407, -0.5303022776538118, -0.19554180023419704, 0.4902348152202408, 0.5265583908970826, 0.15694241836377515], [-0.4799867992358102, -0.16651104151511623, -0.5760447049604478, -0.16622637623207556, -0.05873282230862177, 0.6194257421256703, 0.7476067073216044, 0.3016129005969319, 0.36930270005582866, 0.6099824154862186, 0.4921142195826601, 0.05580298131837644]], "inverted": false, "swapped": false, "error_lsq": 0.045946853008007556, "error_max": 0.2565977188379073, "target": "261.xyz", "model": "19.xyz", "model_rescale": 4.410303926677745, "target_rescale": 3.9082130218625677},
{"mapping": [2, 6, 0, 3, 1, 12, 9, 11, 10, 8, 5, 13], "R": [[-0.9109933418437057, -0.41018291026366765, 0.04290817222936426], [0.38371089891737725, -0.8811149865351104, -0.27640970778040774], [0.1511855719586201, -0.23534307007188482, 0.96008153935001]], "T": [-0.061841549372886696, 0.06006186730111276, 0.05177825973056249], "aligned_model": [[-0.4830895221086988, 0.08051372234909207, 0.15786426617055443, 0.5820340068615919, -0.09579399962266859, -0.7041760103513428, -0.1767853026596931, -0.22110216386444545, 0.46243299425256584, -0.05929173398453514, 0.5846492540390619, -0.043969262819387414], [0.17177392827143376, -0.43739061980715144, 0.22855867728086346, -0.028530071667369893, 0.7886831560329867, -0.03920527508866827, -0.08111883887667112, -0.6921897214551026, -0.16716283850848707, 0.4978762596303291, 0.4140389594328428, 0.08707461167841851], [-0.44689928002215545, -0.2104846291067688, -0.6089013541260953, -0.2699956238211516, -0.12451167163573493, 0.4367813921461993, 0.7156401946026397, 0.3614344051228362, 0.6422349888676735, 0.6837352501327298, 0.44651941836254305, 0.12279283171250245]], "inverted": false, "swapped": false, "error_lsq": 0.05229348783737564, "error_max": 0.2538933886506509, "target": "261.xyz", "model": "20.xyz", "model_rescale": 4.121658175737393, "target_rescale": 3.9082130218625677},
{"mapping": [7, 3, 11, 4, 9, 5, 1, 0, 2, 8, 6, 12], "R": [[0.2851691421602299, 0.9553817995020635, 0.07696867895318127], [-0.5860618739692767, 0.23734625511672658, -0.7747246188560717], [-0.758426028192083, 0.17581914674535604, 0.6275966757388991]], "T": [0.07087637953196774, 0.1762087347433616, 0.17504788781777095], "aligned_model": [[-0.38565838875512876, -0.03766005217225463, 0.13369928093147282, 0.5016520473078714, -0.05849992721143277, -0.5650991633414888, 0.0978855056940688, -0.4400986754627733, 0.6699865491494916, -0.23311710838805483, 0.4080411508597655, -0.007844970349441663], [0.04312284068258879, -0.45418300579102866, 0.23698289953043436, -0.024213232326545403, 0.810303752065932, 0.0967087082541569, -0.26663089012134844, -0.6630109566353226, -0.2509093478049427, 0.6457319576059893, 0.45813667972035166, 0.11036882174315857], [-0.3155458441481763, -0.09599970838429131, -0.7006968164740452, -0.1465029807784293, -0.14720691112363918, 0.40552214807642195, 0.7094058574851889, 0.32262340500840836, 0.3617261737276214, 0.5503331195567792, 0.6540687776426664, 0.1506187016467132]], "inverted": false, "swapped": false, "error_lsq": 0.04928775676159316, "error_max": 0.2722316842306002, "target": "261.xyz", "model": "21.xyz", "model_rescale": 4.08911054899281, "target_rescale": 3.9082130218625677},
{"mapping": [4, 1, 0, 6, 7, 14, 9, 15, 5, 12, 10, 16], "R": [[0.4993392803070168, -0.5566952590558895, 0.6638905570100895], [-0.7782236162266006, 0.04861879219778467, 0.6261024007240519], [-0.38082579519993554, -0.8292928322311275, -0.4089561249332403]], "T": [-0.04320632768387791, -0.032699064881372315, 0.1135443276853634], "aligned_model": [[-0.4941327320104862, 0.04778641170620145, 0.07624853726824751, 0.5861959934079262, 0.16973718448713349, -0.5377786323945232, 0.025355943447883368, -0.4121981536298681, 0.4780418430916712, -0.259926524900142, 0.45928777383761243, -0.05533139604956087], [0.13191728726580215, -0.6266200812676898, 0.20971650953729487, 0.20308638721012715, 0.6348043624992343, -0.008338001123357815, 0.013784076832267143, -0.6330976002314401, -0.14653477761767222, 0.5190286262777318, 0.44678749450644123, -0.0021260569653147217], [-0.3922807610109098, -0.40508514403695617, -0.6124340622807647, -0.2086699912665194, -0.008481993527935161, 0.5217444745898473, 0.8211361196644699, 0.3002892045326569, 0.5751402862000913, 0.5535425287735871, 0.5243091345000219, 0.07913612609762884]], "inverted": true, "swapped": false, "error_lsq": 0.04363107000836061, "error_max": 0.24891467694084574, "target": "261.xyz", "model": "22.xyz", "model_rescale": 4.204369325754507, "target_rescale": 3.9082130218625677},
{"mapping": [7, 11, 13, 14, 12, 6, 2, 5, 10, 1, 3, 15], "R": [[0.5102285848487582, -0.2948522636380378, 0.8079164151264404], [-0.7584648928420832, -0.5971375174368676, 0.26107047246937365], [0.4054599826484495, -0.7459818549380807, -0.5283117210263837]], "T": [-0.13233278362143502, 0.18108647693542007, 0.027226981078145224], "aligned_model": [[-0.6110300997421552, 0.2077887140069795, 0.14180710887502296, 0.6174571652804319, 0.10862520202826662, -0.560409461457267, -0.04662912372500827, -0.4638460560143806, 0.4668661651999671, -0.15084852241388585, 0.492133073742502, -0.1186279175183779], [0.08512497663562078, -0.42388967743140576, 0.0704499660624236, 0.16969379738558024, 0.6655338152114594, 0.02509147413393989, -0.29748767166728407, -0.5303022776538118, -0.19554180023419704, 0.4902348152202408, 0.5265583908970826, 0.15694241836377515], [-0.4799867992358102, -0.16651104151511623, -0.5760447049604478, -0.16622637623207556, -0.05873282230862177, 0.6194257421256703, 0.7476067073216044, 0.3016129005969319, 0.36930270005582866, 0.6099824154862186, 0.4921142195826601, 0.05580298131837644]], "inverted": false, "swapped": false, "error_lsq": 0.045946853008007556, "error_max": 0.2565977188379073, "target": "261.xyz", "model": "23.xyz", "model_rescale": 4.410303926677745, "target_rescale": 3.9082130218625677},
{"mapping": [0, 5, 2, 4, 3, 7, 11, 13, 9, 1, 10, 16], "R": [[-0.018191480672182236, -0.7225098813376079, 0.6911212204819569], [0.3574332747931105, -0.6502555041022912, -0.6703799172524101], [0.9337614920854397, 0.23483451780816078, 0.2700781833917397]], "T": [0.05083319781652563, -0.1523957393434561, 0.23045020018550594], "aligned_model": [[-0.4299794568000911, 0.1723771259925648, 0.03823803185764147, 0.47858898983266357, 0.09539042942798354, -0.5753832161918168, -0.0033399331151812844, -0.4420788345857518, 0.5462411027279681, -0.2924393637741497, 0.4586238064208111, 0.03704756646945306], [0.15132380506303425, -0.38506611449340034, 0.2736836152984733, 0.13484626743747788, 0.6536234647388421, -0.006108350585555894, -0.04808227882164609, -0.6378302768891131, -0.25126513280602425, 0.5964414539529586, 0.30127712842512955, -0.04043535439675189], [-0.2664999387542106, -0.3411209707801531, -0.5765142950190629, -0.226059805102723, -0.16653680261902232, 0.3989254191324628, 0.852467451111703, 0.3552607041506266, 0.6008767575703445, 0.47074617594303175, 0.4577642887510607, 0.18903693785116088]], "inverted": false, "swapped": false, "error_lsq": 0.045174896919288186, "error_max": 0.29098474793782436, "target": "261.xyz", "model": "24.xyz", "model_rescale": 4.28219845311461, "target_rescale": 3.9082130218625677},
{"mapping": [4, 1, 3, 9, 7, 2, 14, 6, 11, 13, 12, 15], "R": [[-0.2020945820525058, -0.6511571984366145, 0.7315408962110066], [0.9793399635717865, -0.12891677587180655, 0.15580019464054012], [-0.007142524500118486, 0.7479136098661383, 0.6637576489357899]], "T": [0.03968188030466019, -0.023972572589805084, 0.12570515872811355], "aligned_model": [[-0.48756337051273163, 0.004852896053474831, 0.11453730600875978, 0.5926144875845745, 0.04849355331465095, -0.5438942164514695, -0.022726570100970178, -0.4163177924201552, 0.48613828160641404, -0.08973607557864266, 0.4247199920204922, -0.02783224326230173], [0.21960091770903342, -0.4011723386515004, 0.07862192723931505, 0.30544414325643976, 0.6821075596683444, 0.04651664831561073, -0.14233228834928874, -0.7309358727562616, -0.11628250016145752, 0.4994668193699691, 0.3502641240767626, -0.048890912793542594], [-0.31851660271526644, -0.39041951340615294, -0.6384390545636547, -0.08075026746984326, -0.20127986692184524, 0.47677528479831516, 0.8755323307470604, 0.44891457327793083, 0.42341748675132135, 0.37506163563772565, 0.6698673106896644, 0.10818260540996315]], "inverted": false, "swapped": false, "error_lsq": 0.04474811119013953, "error_max": 0.2210204016948517, "target": "261.xyz", "model": "25.xyz", "model_rescale": 4.100010024507729, "target_rescale": 3.9082130218625677},
{"mapping": [7, 2, 3, 1, 8, 9, 4, 5, 6, 10, 0, 11], "R": [[0.3921489086930896, 0.7377020118751298, -0.5495588913721668], [0.2728739542594135, 0.4772368928226274, 0.8353351143198974], [0.8784981721652304, -0.47753606126070747, -0.014151738337017303]], "T": [0.06377657695637849, 0.05528942467309513, 0.11067802115143607], "aligned_model": [[-0.5212313114853601, 0.3551552962927166, -0.03309307412689767, 0.6714862692914463, -0.025503010469682355, -0.673286859029302, -0.1280420343398267, -0.34445260509924824, 0.36589907109493286, -0.11046248000312263, 0.5524288334914645, -0.025611847355025585], [-0.0428585168383493, -0.4236835932446062, 0.20502803839355752, 0.3271634246766196, 0.6032719943101319, 0.2739414198998356, -0.2417299542013999, -0.5319926294764821, -0.4395536946746371, 0.5649483867188161, 0.4048041611810718, 0.04306919017886616], [-0.21595479828555267, -0.37247886476596703, -0.6806918321484127, -0.12579610369587702, -0.15124198113521028, 0.4077296975568291, 0.9111932859438387, 0.34010098014546775, 0.4010819190465603, 0.46407702507028514, 0.5720866221557742, 0.1982399723474827]], "inverted": true, "swapped": false, "error_lsq": 0.05067802925934584, "error_max": 0.24326852909288302, "target": "261.xyz", "model": "26.xyz", "model_rescale": 3.6694154284099745, "target_rescale": 3.9082130218625677},
{"mapping": [5, 0, 1, 6, 7, 8, 10, 4, 2, 9, 12, 13], "R": [[0.26013638413845463, -0.9438614787103019, 0.20360395539913367], [0.9629075820268709, 0.23793202254689816, -0.1272687751253512], [0.07168019337679854, 0.2291590313593256, 0.9707461502493431]], "T": [-0.01214780798701956, 0.1206803015040731, 0.21111364239856623], "aligned_model": [[-0.4290469571150808, 0.04789131861771803, 0.2244162567983404, 0.5881126355706594, -0.2853859773469718, -0.6238864572694224, -0.16342433519085628, -0.3493007105909074, 0.4795217256337819, -0.09779196616682875, 0.6640250879279405, 0.028155627393722328], [0.00980262803363105, -0.399063656524493, 0.1539991653435809, 0.22106522832951023, 0.6153713853515405, 0.10338877213744446, -0.12070725116686404, -0.6143987271795814, -0.33718467439583494, 0.5991536785172945, 0.4302077447410061, 0.08077393373618957], [-0.4521206606220409, -0.1928601989606013, -0.6389298566415835, -0.10637761444259702, -0.06592454826308902, 0.39505390557211256, 0.7409609615626052, 0.35780144674573927, 0.31479768049779777, 0.6892264336200395, 0.4880897967343376, 0.21862857643249742]], "inverted": false, "swapped": false, "error_lsq": 0.05080303601569903, "error_max": 0.343811660495212, "target": "261.xyz", "model": "27.xyz", "model_rescale": 4.103607728864725, "target_rescale": 3.9082130218625677},
{"mapping": [10, 3, 12, 2, 13, 6, 5, 9, 0, 7, 1, 14], "R": [[-0.32667264122588524, -0.17953219098242584, 0.9279295112644894], [-0.9018728714666582, -0.23443544494637275, -0.36285719762088364], [0.28268411555478107, -0.9554099719773947, -0.08533156660442359]], "T": [-0.13468867102495855, 0.17356261798969672, 0.07373260229759775], "aligned_model": [[-0.4688174297162322, 0.2878908383841077, 0.20238983164161148, 0.5556533558237365, -0.13061064192703403, -0.6391334574179283, -0.15633623607092256, -0.3994372835829646, 0.3614349818725173, -0.13159934522316616, 0.5923155387203395, 0.009536095758030744], [-0.12541524916045452, -0.3427873556734824, 0.18907343229094564, 0.20817231223475824, 0.7087099208713081, 0.07963179351329602, -0.0475944644684399, -0.5334000010829536, -0.2718559146407148, 0.5048631129880501, 0.21953162983033578, 0.1534790102207757], [-0.16864207434071665, -0.2702733794707952, -0.715843939150102, -0.17836016091225743, -0.29160733098497466, 0.4451888184873451, 0.7706984107760728, 0.3903332236418091, 0.3289881464228583, 0.7142883638385582, 0.5954725385090007, 0.12810330541841952]], "inverted": true, "swapped": false, "error_lsq": 0.05338809537969797, "error_max": 0.29246911751036575, "target": "261.xyz", "model": "28.xyz", "model_rescale": 4.137296879288765, "target_rescale": 3.9082130218625677},
{"mapping": [3, 2, 0, 5, 6, 1, 8, 4, 9, 10, 11], "R": [[-0.7838834162929562, 0.5815338478359576, 0.2175894608706706], [0.03604954054303411, 0.39247207123597755, -0.9190571820764897], [-0.6198606458612451, -0.7125896835633021, -0.3286163760247396]], "T": [0.08172755401480136, -0.06347239427767812, -0.1778924893870638], "aligned_model": [[0.4978176254364796, 0.13236322401280676, -0.27792346369081683, -0.5313923620270745, -0.04713902744038878, 0.5601344218067267, 0.48391849738744586, -0.23846981639342812, -0.5033046440431338, 0.09713840035908428, 0.0482761553021972], [-0.30648654161043815, -0.8309090851245816, -0.37049390611559163, 0.3786225276822265, 0.6672307069760092, -0.12602010061024982, 0.386711920966341, -0.44968515351225846, 0.2250709246634153, 0.29177469029625136, 0.05333183303682813], [0.271153549481779, -0.17696377796666993, -0.5118941259299645, -0.3661941186084028, -0.1278862848602214, -0.5295273269321618, 0.07782184492634486, 0.281763874697688, 0.27891892556444053, 0.7454898148882632, -0.1369283534780964]], "inverted": true, "swapped": true, "error_lsq": 0.046979835301030476, "error_max": 0.27269013449783897, "target": "261.xyz", "model": "29.xyz", "model_rescale": 3.607286011436655, "target_rescale": 3.9082130218625677},
