[{"mapping": [3, 4, 7, 6, 5, 2, 11, 1, 9, 10, 0, 12], "R": [[0.11681629527157492, 0.8094289404702707, 0.575481314629936], [-0.5226657799282727, -0.44261148992199967, 0.7286395209436547], [0.8444965575128149, -0.3859013595702959, 0.3713565739700893]], "T": [0.11749612696092553, -0.1414810288620883, -0.023008315558671166], "aligned_model": [[-0.3657126312601914, 0.08894554739565054, 0.3644817189869616, -0.32962638625874713, 0.0906844066691252, -0.4538510910097721, 0.2857481861304573, -0.32258641220404527, 0.5907401664410434, 0.21431555550505438, -0.4023421953822646, 0.07684559744727701], [-0.326275264317711, -0.6930926469870198, -0.2692648763244697, 0.5747124575536358, 0.42558628344345356, -0.6014845393833443, -0.42036241206269737, -0.49770540584896455, 0.3416954496244698, 0.4454057157603328, 0.15595417231696435, -0.0816138977975922], [-0.5686481814953341, -0.026261407079564397, -0.6241262182192093, -0.10954433710581664, -0.5651382142751771, 0.04621823588410798, 0.6038213825192205, 0.7141978607796085, -0.02395034378185973, 0.3941702482906075, 0.3508218441439667, -0.009609124306987455]], "inverted": false, "swapped": true, "error_lsq": 0.04872891889680908, "error_max": 0.2394118874221946, "target": "263.xyz", "model": "0.xyz", "model_rescale": 3.751011558992144, "target_rescale": 3.9537426714147372},
{"mapping": [8, 4, 1, 0, 6, 13, 2, 12, 11, 9, 5, 10, 14], "R": [[-0.08003494284197032, -0.8260744180759152, 0.557848961390824], [0.8631834780106444, 0.22244699671680035, 0.45324564745965656], [-0.4985064605536523, 0.5178014961857624, 0.6952502566227905]], "T": [-0.025058222161015265, -0.09070606051911113, -0.051627655584617196], "aligned_model": [[0.13579808299916174, 0.6851626463146424, 0.17014814233704167, -0.4511817272154168, 0.39041320816606173, -0.579809768044898, -0.6020824192900457, -0.4446703870973057, 0.20681611820497695, -0.028114464713875565, -0.10281732639404624, 0.6514141299432569, -0.04118019323616662], [-0.7313676566223292, -0.4254862526049832, -0.2702560087200592, -0.3600860175272293, 0.34827187386799296, -0.04204206770198669, -0.6618908076017244, 0.5223788957122087, 0.6687539483064496, 0.19858484687949363, -0.367034434042, 0.07772572547646055, -0.042852975860570255], [0.012374067115369258, -0.14692986373551606, -0.6960978572202902, -0.6185118727771063, -0.49705734585385036, 0.41461770518920954, 0.10499023169482934, -0.056878518135779946, 0.027022037365776172, 0.5403951916199851, 0.5030634284348501, 0.3801936482364386, -0.030320924707216215]], "inverted": false, "swapped": false, "error_lsq": 0.049854670847850974, "error_max": 0.2821039195631512, "target": "263.xyz", "model": "1.xyz", "model_rescale": 3.9405287249114394, "target_rescale": 3.9537426714147372},
{"mapping": [3, 10, 8, 4, 8, 1, 7, 2, 5, 0, 6, 11, 12], "R": [[0.4872017562710612, 0.6112241955529858, -0.6237302553644477], [0.8526377277948467, -0.17852555445461382, 0.49105756439292725], [0.18879447509721956, -0.771060055493266, -0.6081307729390837]], "T": [-0.02064200036254997, -0.08110403857466505, 0.0403009864219373], "aligned_model": [[0.1119534605256343, 0.6914529035840622, 0.238211426568619, -0.4086248719347439, 0.238211426568619, -0.795419935787887, -0.38040678786014887, -0.2615447723907927, 0.22054060951671395, -0.23203829380390423, 0.041922924540368625, 0.5890646918054642, -0.06342673935861773], [-0.6204428720588043, -0.38615415391442265, -0.1169381191111536, -0.33511745077807387, -0.1169381191111536, 0.06464416395708306, -0.7587386887012266, 0.5480046895808455, 0.5785925550939388, 0.31047701376787606, -0.2909146740817492, 0.05595565203911654, -0.0177309271205532], [-0.09509378828044593, -0.29339407529884437, -0.6893568732272664, -0.4856668830056409, -0.6893568732272664, 0.1158188293140841, 0.24102575265869589, -0.0614717511322585, 0.2266008344374867, 0.750868277282869, 0.5377151205088462, 0.38248029580749265, -0.003308938611053004]], "inverted": true, "swapped": false, "error_lsq": 0.05901582733202482, "error_max": 0.4356657119728534, "target": "263.xyz", "model": "2.xyz", "model_rescale": 3.932901565614263, "target_rescale": 3.9537426714147372},
{"mapping": [3, 11, 8, 7, 9, 4, 0, 5, 12, 6, 1, 10, 13], "R": [[0.6987554771226467, 0.5066101235510789, 0.5050613486564411], [0.1727284659589592, -0.8046182527656075, 0.5681147281701874], [0.6941942525248731, -0.30973480597437186, -0.649737400593079]], "T": [-0.014783349415834889, -0.17936579565012134, 0.00509375507935104], "aligned_model": [[0.012778157237629838, 0.8448589251666329, 0.2896053935234375, -0.48122509630671556, 0.0647373051012888, -0.8541798766651565, -0.44216292021970066, -0.29051049199931184, 0.2695349125802589, -0.0865651622739762, 0.12604323846548995, 0.5247609619191635, 0.01222069544434605], [-0.6600260301401717, -0.39153017377700694, -0.3822587007636086, -0.11073718348642163, 0.2840178141920845, -0.034538642534147734, -0.6321914366211495, 0.4788670335100641, 0.5282657097949686, 0.31908755140059597, -0.5220864826055053, 0.10692875833249399, -0.06909914774047263], [-0.16488147962317792, -0.11199652962498056, -0.6312777462925818, -0.5310636450346551, -0.5594813373783485, 0.19916840643773118, 0.252572987504393, -0.0815305550950801, 0.04447126841591784, 0.4667038641957942, 0.6465600626830216, 0.3793567705740297, 0.028257860464635694]], "inverted": false, "swapped": false, "error_lsq": 0.05237671992458308, "error_max": 0.31756523025099404, "target": "263.xyz", "model": "3.xyz", "model_rescale": 3.9243930471874484, "target_rescale": 3.9537426714147372},
{"mapping": [0, 2, 3, 6, 4, 11, 5, 10, 8, 9, 1, 7, 12], "R": [[-0.7082634340763772, -0.19778790922448347, 0.6776745907254786], [-0.3277963988394962, -0.7580474854802179, -0.5638382132003621], [0.6252299008030531, -0.6214852795696182, 0.47206315088140294]], "T": [-0.06583889304282614, 0.012990361396346017, 0.006126078535858231], "aligned_model": [[0.23334821711506953, 0.7053039909810455, 0.049068622749094265, -0.5747029709700142, 0.4195636602116072, -0.8262226702093824, -0.3565687197168194, -0.29821050830773865, 0.14007438762132143, -0.30625883306416224, 0.18518195306108498, 0.6992559078021952, -0.07993699529991427], [-0.7797009672275366, -0.40920794837817964, -0.24080361780837767, -0.30855845898115974, 0.218222215273173, 0.16978067609768333, -0.6730559132174163, 0.5395663358889696, 0.5705497485116623, 0.2932246947815095, -0.3778882632936132, 0.015539089189160582, -0.10296852127415199], [-0.06769725111312774, -0.2736983842197363, -0.6065224743055208, -0.3928478818247872, -0.2670616168100965, 0.15899003774565468, 0.1419192180738013, -0.40111941870779666, 0.21364383585302923, 0.6072536545205113, 0.5486781364660143, 0.24600564961003685, 0.029316421938716412]], "inverted": true, "swapped": false, "error_lsq": 0.0543861853936434, "error_max": 0.34242117662210325, "target": "263.xyz", "model": "4.xyz", "model_rescale": 3.8936222436046832, "target_rescale": 3.9537426714147372},
{"mapping": [8, 11, 4, 7, 2, 0, 10, 6, 5, 9, 3, 12], "R": [[-0.843547333850355, 0.47816400117271995, 0.24451397411283757], [-0.47401947630210506, -0.44887789872834727, -0.7575052264634893], [-0.25245481108554135, -0.7548959001184993, 0.6053088041190586]], "T": [-0.11457193348779104, -0.06932937768508933, -0.09463253859444445], "aligned_model": [[0.09754805657762361, -0.6612607693131847, -0.34893875169958577, 0.42393460865425947, -0.603017054953368, -0.5178563582507799, -0.1701949165236545, 0.05506152589749588, 0.541960099687829, 0.2861632312032239, 0.0425782929608472, -0.11842992202560895], [-0.5611544997488699, -0.5023713582623658, 0.014928708050144804, 0.038672763023238785, 0.4323093491816758, 0.15350864715470358, -0.4260901853482048, 0.28122271899978885, 0.16936357588742074, -0.5242856652230465, 0.6405356894062598, -0.047716838010938206], [-0.590706787144274, -0.20690458117263477, -0.5876577559595151, -0.4647940829401199, -0.3240080813695273, 0.44030059368415253, 0.5358242932078724, 0.6594747825503715, 0.2633903593351763, 0.2051113886051716, -0.28635595821014415, -0.024389451311010876]], "inverted": false, "swapped": true, "error_lsq": 0.04398115118166035, "error_max": 0.23328329075804405, "target": "263.xyz", "model": "5.xyz", "model_rescale": 3.6523030999806103, "target_rescale": 3.9537426714147372},
{"mapping": [9, 11, 7, 5, 3, 8, 8, 1, 2, 6, 10, 4, 12], "R": [[-0.9241240657343697, -0.260410446494558, 0.27960885266222085], [-0.20677726143730818, -0.2745227856583126, -0.9390848759866637], [0.3213065129795312, -0.9256476864935737, 0.19984615384347337]], "T": [-0.01302413393174106, -0.05034292290252234, -0.018656047787540153], "aligned_model": [[0.024262271531714626, 0.729188438102287, 0.20540694535776677, -0.4956668496718975, 0.3247296894740887, -0.5974905249761995, -0.5974905249761995, -0.3270524204869355, 0.23837296598552932, -0.31960036552682264, 0.3010617189409902, 0.5182182589216499, -0.014043560702585039], [-0.7530489156988089, -0.49430573914487547, -0.36159930484594044, -0.12750566937325106, 0.27057341626718706, -0.35743001463929264, -0.35743001463929264, 0.5642003165699362, 0.6098480979300294, 0.09174798344171473, -0.2504880630466439, 0.12161463071251052, -0.04147765397154991], [0.14710548827086437, -0.18170977773497174, -0.5863050484887635, -0.4930034410414769, -0.5339964799065766, 0.11475931300202347, 0.11475931300202347, -0.09674387049599979, 0.25911894816129866, 0.5367227874477807, 0.6668839157221681, 0.1130395167431377, -0.12377073745480884]], "inverted": true, "swapped": false, "error_lsq": 0.05464672240245047, "error_max": 0.3444251934046116, "target": "263.xyz", "model": "6.xyz", "model_rescale": 4.08911054899281, "target_rescale": 3.9537426714147372},
{"mapping": [8, 4, 3, 0, 6, 1, 9, 2, 7, 13, 11, 5, 14], "R": [[0.42175301683252064, -0.8764435093890168, 0.23231695513356831], [-0.8756183164173541, -0.32717266533467615, 0.355317619901185], [-0.23540806432046135, -0.3532772592563365, -0.9054160487561644]], "T": [0.08607121079793867, -0.09839461937936278, 0.13531681797647513], "aligned_model": [[0.2757225941729131, 0.6369814111871106, 0.05649084213927805, -0.46070956206028657, 0.08854289257723487, -0.6464693778167205, -0.40090798141057016, -0.3553412144448465, 0.3309102054477292, -0.20089463395987067, -0.1184319479989967, 0.8185985619787435, -0.03459574783833137], [-0.7445045991997526, -0.3020362324236825, -0.41189008072917116, -0.05500357024446623, 0.12383475848907605, -0.06295994930332108, -0.7003656057391441, 0.5249881382901647, 0.6309992342336355, 0.376808677938302, -0.34745438182628974, 0.09259003023003198, -0.21030735015365976], [0.027042998216397246, -0.25439786515225304, -0.5908353931809807, -0.6287539813552516, -0.3116182565644072, 0.14396141421261677, 0.012681154954779394, -0.12292444823183743, 0.04971636501090351, 0.6125242702574296, 0.6259070295880732, 0.22151294879995714, 0.15204369067127232]], "inverted": true, "swapped": false, "error_lsq": 0.051645412236312076, "error_max": 0.24704912864387052, "target": "263.xyz", "model": "7.xyz", "model_rescale": 3.964800864290218, "target_rescale": 3.9537426714147372},
{"mapping": [12, 11, 4, 2, 6, 1, 7, 0, 3, 5, 8, 10, 13], "R": [[-0.4950276067516043, 0.49724546764334915, 0.7125269212190699], [-0.8655312231454299, -0.2103066503727124, -0.45456222298975324], [-0.0761798550415761, -0.8417351470130954, 0.5344890756308194]], "T": [-0.0022093245984581224, -0.0708688758385158, -0.027530736540795547], "aligned_model": [[0.09089664889575147, 0.7266302719129777, 0.1510993793611179, -0.45676307533075255, 0.31862636490532326, -0.6995396000570611, -0.4915319306859047, -0.4054376605515735, 0.09122402153268114, 0.0795012077857869, -0.05164872762761596, 0.6214189883383257, 0.015420153494330593], [-0.8174727351480248, -0.3514895932778782, -0.2921999242486935, -0.17530225063665927, 0.19720304287914125, -0.024048235816622562, -0.57450926313977, 0.4555547467110555, 0.648290120878846, 0.27016425709797437, -0.4051677387533013, 0.07660170404349077, -0.09292506102783542], [-0.09527209947668677, -0.3053403475958224, -0.6776095035480938, -0.4977256808751278, -0.42965973315034844, 0.2457058015890166, 0.08978470324674995, -0.2985371040471909, -0.020954797549031928, 0.7314755309599323, 0.6630180286375104, 0.48673978408051877, 0.04523534495527315]], "inverted": false, "swapped": false, "error_lsq": 0.05035917290002127, "error_max": 0.3724135495225068, "target": "263.xyz", "model": "8.xyz", "model_rescale": 4.121658175737393, "target_rescale": 3.9537426714147372},
{"mapping": [11, 3, 10, 5, 0, 9, 7, 4, 1, 6, 8, 2, 12], "R": [[-0.3134097439175735, -0.57907627472828, 0.7526254051414548], [0.5305771498609355, 0.550525404810814, 0.6445228209329253], [-0.7875672799596029, 0.6013255746305052, 0.13470461325554328]], "T": [-0.01234154354798913, -0.14241993787631885, 0.011148857741991066], "aligned_model": [[0.16880527269473636, 0.7009983136460601, 0.1660433219180038, -0.3556361753924885, 0.2510397133326577, -0.7933193942298129, -0.4603266839220608, -0.40153873835964354, 0.1822437725020021, -0.23667015742201533, 0.149847540147144, 0.6109603276980086, 0.007448929360795387], [-0.7505937274108367, -0.38920340381678914, -0.4749967738674494, -0.1413828748929497, 0.36245461547967645, 0.06136358910401091, -0.6292868944216259, 0.6227298820859848, 0.5101307099402748, 0.1253709973348548, -0.3891575651821963, 0.06497287170963556, -0.05770235650086723], [0.029656889562048705, -0.21891235269298062, -0.6476776129846892, -0.5025296667486623, -0.5315815007416974, 0.21544199984618262, 0.14336379994421927, -0.21512357602120033, 0.11719565177839575, 0.6096024800971876, 0.6770081387683191, 0.23660273482590322, 0.023812941593672608]], "inverted": true, "swapped": false, "error_lsq": 0.03714727750893577, "error_max": 0.2008436463045198, "target": "263.xyz", "model": "9.xyz", "model_rescale": 3.833441315466971, "target_rescale": 3.9537426714147372},
{"mapping": [10, 8, 11, 12, 7, 1, 0, 6, 3, 5, 13, 9, 14], "R": [[-0.08683278970925801, 0.6847775890354041, 0.7235604468088115], [-0.6527532144882705, 0.5095641351045815, -0.5605868649820024], [-0.7525777751213079, -0.5209837288917752, 0.40274389706547187]], "T": [-0.05588333655471795, -0.027395709813126945, -0.018468678089167218], "aligned_model": [[0.07792248152025633, 0.6010441633926924, 0.19813803508893657, -0.45160572751654654, 0.35697669297784385, -0.7774275217978521, -0.415162209643777, -0.5373219041037497, 0.41299486360183657, -0.26949015424617045, 0.03320882965027699, 0.7354534884743169, 0.0251650045753228], [-0.8232849105747493, -0.4399970710217717, -0.23108183008210095, -0.1895769786786641, 0.2747123600161847, -0.11646498602881236, -0.5068947724665842, 0.39537479648484825, 0.6864318695689042, 0.11285746371360844, -0.3728377701799201, 0.10586275804563233, 0.019598140765147584], [-0.17470736305605641, -0.0944011409647951, -0.6179035688000933, -0.44287542006128855, -0.44530739111810025, 0.11210538399844899, 0.3052940467109214, -0.24366097974667417, 0.139408711296305, 0.6077392556025265, 0.694566321237725, 0.09959205471229063, -0.002989982584510697]], "inverted": false, "swapped": false, "error_lsq": 0.04414983777899369, "error_max": 0.2643870351306806, "target": "263.xyz", "model": "10.xyz", "model_rescale": 4.2482417240324, "target_rescale": 3.9537426714147372},
{"mapping": [1, 11, 9, 8, 6, 5, 10, 7, 4, 3, 2, 12], "R": [[-0.32982151215583044, 0.9266482434976928, 0.18039069527523383], [-0.9423076187061472, -0.3115671069052478, -0.12240216347370958], [-0.05721994274369967, -0.2103543931495958, 0.9759492340460509]], "T": [0.01852388322812169, 0.03559386658322057, -0.03384769558278773], "aligned_model": [[-0.7219916557892273, -0.17139632511980676, 0.3535434635467155, 0.6273157842606869, -0.37292641796338055, 0.24492033747167755, -0.20236511490761924, 0.5756061258121044, 0.05574371579060827, -0.045263110134176165, -0.4378101190850016, -0.028611081519574085], [-0.498300187052016, -0.6400905011588772, 0.0930050330793401, -0.3657509174878361, 0.6790837335526205, 0.7449818812019169, 0.01055469491968341, 0.29296463616314466, -0.2482542826869119, 0.5380708436291843, -0.016058245206458002, 0.07592470109684879], [-0.20887703722487694, 0.04602721507841083, 0.5508626228211311, -0.06950280024950296, 0.3573397117326581, 0.21455182602322392, 0.6578379969665477, -0.2830323443940323, -0.5062310226258818, -0.5895549780572481, -0.6099766102190417, 0.005747710002968927]], "inverted": false, "swapped": true, "error_lsq": 0.05016600472689033, "error_max": 0.3221731994139105, "target": "263.xyz", "model": "11.xyz", "model_rescale": 3.6694154284099745, "target_rescale": 3.9537426714147372},
{"mapping": [8, 9, 11, 4, 6, 1, 2, 0, 5, 12, 10, 7, 13], "R": [[0.1631812981025313, 0.30230521603988647, -0.9391397235260843], [0.41879031894883245, 0.8406604391292132, 0.3433725306978026], [0.8933009194578878, -0.449334599645026, 0.010577563875309223]], "T": [0.0028784487497567246, -0.06770451259312879, -0.011311484342795499], "aligned_model": [[-0.004358854534627515, 0.6274528612788127, 0.3077029251800234, -0.4449633988193141, 0.19006971810837464, -0.8296895165782069, -0.3513293617673867, -0.4335366388270578, 0.24941819237504942, -0.17957158380652868, 0.2677734925414283, 0.6898034448712628, -0.09887523804844262], [-0.8145334390579683, -0.5715555012975805, -0.34223843609520677, -0.10365540674126794, 0.2978346987610482, -0.13609895606366448, -0.5051416821247006, 0.47790696611552974, 0.6768986563455919, 0.1569187855219638, -0.3177179090510286, 0.1020725182984693, -0.0059912250494628255], [-0.13293396313530673, -0.03827908129950878, -0.625104456217387, -0.5993793907330035, -0.40014994320732905, 0.12516663593137936, 0.3195950327782414, -0.16160403260161804, 0.1600217234608041, 0.60352577854113, 0.5091236265736717, 0.21556982373401823, -0.0386918265983928]], "inverted": true, "swapped": false, "error_lsq": 0.043040457198498146, "error_max": 0.25498571695697836, "target": "263.xyz", "model": "12.xyz", "model_rescale": 3.9764082729961374, "target_rescale": 3.9537426714147372},
{"mapping": [9, 5, 12, 10, 13, 8, 2, 11, 14, 3, 7, 6, 15], "R": [[-0.912483665747355, -0.35477645592192963, 0.20373322278839262], [-0.023850707190083698, -0.45100935260658, -0.8922004862293713], [0.40841731539052384, -0.8189775516977671, 0.40307699798466384]], "T": [0.0725835010533668, -0.18558799082821115, -0.010483734275199252], "aligned_model": [[0.22122509963145173, 0.800015786844366, 0.08996867045113856, -0.5382186088750849, 0.2606343402892284, -0.6054655764632328, -0.49820107071845404, -0.36521914252378224, 0.19098118917510556, -0.2904085210832659, -0.08616329760779393, 0.7158826191571865, 0.09486455369652338], [-0.7378051058679704, -0.5997572519812413, -0.2890368894906983, -0.03334582584386264, 0.2377771240796276, -0.04367828450045019, -0.6776430454884517, 0.4661292426906711, 0.595851948883463, 0.3135911254676354, -0.39805835072651696, 0.2226370652863961, -0.14196268294687903], [-0.196120636713639, -0.05663564148989126, -0.6399355721458956, -0.5103737268396589, -0.4103329652719083, 0.13010047670670968, 0.25094753722208424, -0.1293878618770836, 0.10843492551337855, 0.561792815159484, 0.6971104283650161, 0.04588428774354105, 0.08537586085456213]], "inverted": true, "swapped": false, "error_lsq": 0.04593590506518959, "error_max": 0.28331341685304934, "target": "263.xyz", "model": "13.xyz", "model_rescale": 4.170626492500431, "target_rescale": 3.9537426714147372},
{"mapping": [3, 1, 9, 11, 10, 5, 6, 12, 8, 4, 2, 0, 13], "R": [[-0.45364087611834675, 0.8441525329716962, 0.2856859404871864], [-0.8864654101660067, -0.39447814702381717, -0.24200427289589152], [-0.0915916595208986, -0.36303373479351075, 0.9272634336088545]], "T": [0.09963571565203479, -0.06841539403930551, 0.04156369165327667], "aligned_model": [[0.09451244598271077, 0.7399598691306255, 0.24191513894178485, -0.35458497429812585, 0.10854043953675964, -0.806420536581757, -0.5670813196043583, -0.37840460159453393, 0.21353186647129294, -0.12614179497408667, 0.1774328822839863, 0.6381916095034439, 0.008445017175644276], [-0.7526656677775769, -0.36576707494070204, -0.2532110317880332, -0.33642718757459017, 0.27819214367667155, -0.01034863819741244, -0.5431373411179686, 0.4730890617265635, 0.6595956319118893, 0.31003716273991605, -0.36408730443619153, -0.0802445588787542, -0.10032612578208824], [-0.04357689459605213, -0.26237943827794324, -0.7342672025764231, -0.4290878721158725, -0.4035343039227913, -0.01238209604400492, 0.23551403295448578, -0.07657394273425772, 0.13421306146747933, 0.5973166120736395, 0.6241938397769732, 0.29783703514610527, 0.009587096075360776]], "inverted": true, "swapped": false, "error_lsq": 0.04420547316791239, "error_max": 0.3090978045029257, "target": "263.xyz", "model": "14.xyz", "model_rescale": 3.9786697098870705, "target_rescale": 3.9537426714147372},
{"mapping": [3, 4, 5, 6, 7, 9, 1, 11, 10, 0, 8, 12], "R": [[0.5792884430564169, 0.37829046284402346, -0.7220257789459648], [-0.03183987745356487, -0.8746105322210007, -0.4837795356687174], [-0.8145005352637986, 0.3032371063200419, -0.4946070515122417]], "T": [-0.031230356584181933, 0.03696662352295749, -0.05580738799771387], "aligned_model": [[-0.19448922370601313, -0.581749213386961, 0.5733373532530647, 0.6701968748251828, -0.10311595451567734, 0.46993942730087157, -0.4598259606983539, -0.3491471485497854, 0.5261923945315742, 0.21538587507124565, -0.3090864643199797, 0.025716636962168297], [-0.3605055241105141, 0.03739784644018296, 0.0523600320680027, -0.4310854738154102, 0.36677509832143257, 0.48086583194072574, -0.4770359441282695, 0.1357440767690315, 0.048105900937657375, -0.5419099114172921, 0.712065706432037, -0.008103149213144936], [-0.6728364885596998, -0.10086177512836364, -0.5562571450246478, -0.1520737271404419, -0.6256601391544315, 0.04012309813673373, 0.5892883902017999, 0.5672263027603478, 0.41002927858155114, 0.26439717186980627, -0.05951044105089788, -0.043898031617926554]], "inverted": true, "swapped": true, "error_lsq": 0.05784754986620042, "error_max": 0.3006085381439387, "target": "263.xyz", "model": "15.xyz", "model_rescale": 3.769337070930944, "target_rescale": 3.9537426714147372},
{"mapping": [7, 3, 9, 5, 8, 4, 11, 2, 10, 6, 12], "R": [[0.9940366673288046, 0.10053052648408231, -0.04224591401162264], [0.027188144514280116, 0.1466927731624283, 0.9888083914994794], [0.1056025984704676, -0.9840603861281838, 0.14308475687345457]], "T": [0.07090697530747309, 0.04432737516045454, -0.00803810081864842], "aligned_model": [[-0.28217467286492764, -0.33116960383700755, -0.13528236292434045, -0.6966029171302794, 0.31406774250000036, 0.3915224363115709, 0.757978209760555, 0.29992467916063625, 0.06605386771023039, -0.5004658323924394, 0.038774584397172], [-0.06747463733694138, -0.5900640717180587, 0.6808867089863966, 0.20865999773549265, 0.27416304073223463, -0.3302591059574735, 0.1908023972249757, -0.622378422188999, 0.6267736921617031, 0.1658502656126815, 0.05910463237333071], [-0.5571346196248946, -0.04331406160584982, -0.10651900760724275, 0.002563138760067852, -0.6569024233716771, -0.25701960570842863, 0.06597026628541446, 0.20617548348881193, 0.4262207414065757, 0.6076772851793382, 0.05650041002166195]], "inverted": false, "swapped": true, "error_lsq": 0.04398268768094483, "error_max": 0.26828576589062364, "target": "263.xyz", "model": "16.xyz", "model_rescale": 3.7852294659196426, "target_rescale": 3.9537426714147372},
{"mapping": [5, 6, 7, 2, 11, 3, 1, 8, 9, 0, 4, 10, 12], "R": [[-0.19802872393265802, 0.9789755828691125, 0.04890227646730218], [0.8609320883362319, 0.19756786837276807, -0.46878873350332895], [-0.46859424214411516, -0.05073209568628084, -0.8819556058536395]], "T": [-0.06926178707952417, -0.08364595458159574, -0.00021690429246451655], "aligned_model": [[0.1536527275440815, 0.7256549336995833, 0.1449743542543786, -0.44006766596139996, 0.18702501454138382, -0.833190547828478, -0.4553967747037921, -0.26955863468612995, 0.2516710163289285, -0.21372452259913943, 0.05534879397762786, 0.6824996633545627, 0.001007684051779853], [-0.6892533631649894, -0.37462907478118035, -0.46175496688883755, -0.1653050460116289, 0.25258126767039146, -0.047533212637896685, -0.6538341941182519, 0.5206611374115695, 0.7005768350386641, 0.20876775026894845, -0.41223056911669564, 0.06109205439583312, -0.024439548504202886], [0.12531315744340618, -0.26635496374035533, -0.5502745882991725, -0.47971853515906543, -0.5995502045227384, 0.21796670996954032, -0.006485642089238243, -0.1376942575477903, 0.17083436711014927, 0.5992594497036625, 0.6148367838267215, 0.2511010331446148, -0.002373382613035253]], "inverted": false, "swapped": false, "error_lsq": 0.03901707984741923, "error_max": 0.24309113309149052, "target": "263.xyz", "model": "17.xyz", "model_rescale": 3.901054581598922, "target_rescale": 3.9537426714147372},
{"mapping": [8, 4, 1, 0, 6, 13, 2, 12, 11, 9, 5, 10, 14], "R": [[-0.08003494284197032, -0.8260744180759152, 0.557848961390824], [0.8631834780106444, 0.22244699671680035, 0.45324564745965656], [-0.4985064605536523, 0.5178014961857624, 0.6952502566227905]], "T": [-0.025058222161015265, -0.09070606051911113, -0.051627655584617196], "aligned_model": [[0.13579808299916174, 0.6851626463146424, 0.17014814233704167, -0.4511817272154168, 0.39041320816606173, -0.579809768044898, -0.6020824192900457, -0.4446703870973057, 0.20681611820497695, -0.028114464713875565, -0.10281732639404624, 0.6514141299432569, -0.04118019323616662], [-0.7313676566223292, -0.4254862526049832, -0.2702560087200592, -0.3600860175272293, 0.34827187386799296, -0.04204206770198669, -0.6618908076017244, 0.5223788957122087, 0.6687539483064496, 0.19858484687949363, -0.367034434042, 0.07772572547646055, -0.042852975860570255], [0.012374067115369258, -0.14692986373551606, -0.6960978572202902, -0.6185118727771063, -0.49705734585385036, 0.41461770518920954, 0.10499023169482934, -0.056878518135779946, 0.027022037365776172, 0.5403951916199851, 0.5030634284348501, 0.3801936482364386, -0.030320924707216215]], "inverted": false, "swapped": false, "error_lsq": 0.049854670847850974, "error_max": 0.2821039195631512, "target": "263.xyz", "model": "18.xyz", "model_rescale": 3.9405287249114394, "target_rescale": 3.9537426714147372},
{"mapping": [11, 9, 5, 2, 6, 3, 14, 1, 0, 12, 13, 7, 15], "R": [[-0.40364408274026736, 0.8308878628142882, -0.383010200773652], [-0.6606755656595902, -0.5543034377658339, -0.5062168466392235], [-0.6329133048128701, 0.04871404632016575, 0.7726886114612845]], "T": [0.02879897381065646, -0.02969150163571093, 0.1037648068469422], "aligned_model": [[0.05820758994778119, 0.6289517214310282, 0.3277191253284571, -0.31622475435840997, 0.055387683005114235, -0.8163828957403131, -0.42559908523371104, -0.3854366498617534, 0.18105481484185368, -0.24495433790339918, 0.2030180262447805, 0.7153816886399608, 0.00877311563199789], [-0.7313303114726497, -0.47534247712104777, -0.2211271307593763, -0.11703493464148276, 0.3551514799274779, 0.040306544184002265, -0.5544308375354166, 0.43819540442962973, 0.6330968700446822, 0.13349248740162523, -0.5160438335427219, -0.02746208990583012, -0.04277210144716877], [-0.05763939299717469, -0.07007918795650567, -0.6480741291476425, -0.6891128853125302, -0.5361354788829109, 0.18248250395321228, 0.4471450558019938, -0.10839106790737935, 0.002750000045725537, 0.5493758168734478, 0.5332283983067255, 0.2594078419057061, 0.07190245254403195]], "inverted": false, "swapped": false, "error_lsq": 0.04679172942182342, "error_max": 0.2875678056376293, "target": "263.xyz", "model": "19.xyz", "model_rescale": 4.410303926677745, "target_rescale": 3.9537426714147372},
{"mapping": [12, 11, 4, 2, 6, 1, 7, 0, 3, 5, 8, 10, 13], "R": [[-0.4950276067516043, 0.49724546764334915, 0.7125269212190699], [-0.8655312231454299, -0.2103066503727124, -0.45456222298975324], [-0.0761798550415761, -0.8417351470130954, 0.5344890756308194]], "T": [-0.0022093245984581224, -0.0708688758385158, -0.027530736540795547], "aligned_model": [[0.09089664889575147, 0.7266302719129777, 0.1510993793611179, -0.45676307533075255, 0.31862636490532326, -0.6995396000570611, -0.4915319306859047, -0.4054376605515735, 0.09122402153268114, 0.0795012077857869, -0.05164872762761596, 0.6214189883383257, 0.015420153494330593], [-0.8174727351480248, -0.3514895932778782, -0.2921999242486935, -0.17530225063665927, 0.19720304287914125, -0.024048235816622562, -0.57450926313977, 0.4555547467110555, 0.648290120878846, 0.27016425709797437, -0.4051677387533013, 0.07660170404349077, -0.09292506102783542], [-0.09527209947668677, -0.3053403475958224, -0.6776095035480938, -0.4977256808751278, -0.42965973315034844, 0.2457058015890166, 0.08978470324674995, -0.2985371040471909, -0.020954797549031928, 0.7314755309599323, 0.6630180286375104, 0.48673978408051877, 0.04523534495527315]], "inverted": false, "swapped": false, "error_lsq": 0.05035917290002127, "error_max": 0.3724135495225068, "target": "263.xyz", "model": "20.xyz", "model_rescale": 4.121658175737393, "target_rescale": 3.9537426714147372},
{"mapping": [9, 11, 7, 5, 3, 8, 8, 1, 2, 6, 10, 4, 12], "R": [[-0.9241240657343697, -0.260410446494558, 0.27960885266222085], [-0.20677726143730818, -0.2745227856583126, -0.9390848759866637], [0.3213065129795312, -0.9256476864935737, 0.19984615384347337]], "T": [-0.01302413393174106, -0.05034292290252234, -0.018656047787540153], "aligned_model": [[0.024262271531714626, 0.729188438102287, 0.20540694535776677, -0.4956668496718975, 0.3247296894740887, -0.5974905249761995, -0.5974905249761995, -0.3270524204869355, 0.23837296598552932, -0.31960036552682264, 0.3010617189409902, 0.5182182589216499, -0.014043560702585039], [-0.7530489156988089, -0.49430573914487547, -0.36159930484594044, -0.12750566937325106, 0.27057341626718706, -0.35743001463929264, -0.35743001463929264, 0.5642003165699362, 0.6098480979300294, 0.09174798344171473, -0.2504880630466439, 0.12161463071251052, -0.04147765397154991], [0.14710548827086437, -0.18170977773497174, -0.5863050484887635, -0.4930034410414769, -0.5339964799065766, 0.11475931300202347, 0.11475931300202347, -0.09674387049599979, 0.25911894816129866, 0.5367227874477807, 0.6668839157221681, 0.1130395167431377, -0.12377073745480884]], "inverted": true, "swapped": false, "error_lsq": 0.05464672240245047, "error_max": 0.3444251934046116, "target": "263.xyz", "model": "21.xyz", "model_rescale": 4.08911054899281, "target_rescale": 3.9537426714147372},
{"mapping": [14, 15, 2, 4, 1, 7, 12, 0, 8, 10, 9, 11, 16], "R": [[0.6587800983026755, -0.30886510495300856, -0.6860110268958398], [0.7268196304138478, 0.025822207660686755, 0.6863427995080931], [-0.19427302160978357, -0.9507552579575334, 0.24150037793077928]], "T": [-0.02704964157149126, -0.07834236324846695, 0.019357179871685587], "aligned_model": [[0.04381406319412051, 0.5842545490508245, 0.19316058712482376, -0.34969051827510905, 0.39736483023391167, -0.6911844319573959, -0.4392655928973258, -0.46115120822274325, 0.2906382232580057, -0.34577380731003815, 0.1338084124109593, 0.7006206634430477, -0.06669972807969408], [-0.7156660644188326, -0.40234958174713614, -0.2391702732811944, -0.17033118802775907, 0.37503695789477687, 0.07366836574752415, -0.5816328270499929, 0.40534441634509316, 0.5260617740555507, 0.02341754090714808, -0.4390806344250359, 0.13169221184117325, -0.07229162827959214], [0.0442453541812317, -0.21049826770901572, -0.6491453765222854, -0.591979966605939, -0.47492809054194096, 0.22335204862727895, 0.3682786961945793, -0.4021666358927548, 0.13990624627178153, 0.7536563268788465, 0.6122654339380612, 0.13014722782460286, -0.006273069417746892]], "inverted": true, "swapped": false, "error_lsq": 0.04484885138007526, "error_max": 0.2475678243116436, "target": "263.xyz", "model": "22.xyz", "model_rescale": 4.204369325754507, "target_rescale": 3.9537426714147372},
{"mapping": [11, 9, 5, 2, 6, 3, 14, 1, 0, 12, 13, 7, 15], "R": [[-0.40364408274026736, 0.8308878628142882, -0.383010200773652], [-0.6606755656595902, -0.5543034377658339, -0.5062168466392235], [-0.6329133048128701, 0.04871404632016575, 0.7726886114612845]], "T": [0.02879897381065646, -0.02969150163571093, 0.1037648068469422], "aligned_model": [[0.05820758994778119, 0.6289517214310282, 0.3277191253284571, -0.31622475435840997, 0.055387683005114235, -0.8163828957403131, -0.42559908523371104, -0.3854366498617534, 0.18105481484185368, -0.24495433790339918, 0.2030180262447805, 0.7153816886399608, 0.00877311563199789], [-0.7313303114726497, -0.47534247712104777, -0.2211271307593763, -0.11703493464148276, 0.3551514799274779, 0.040306544184002265, -0.5544308375354166, 0.43819540442962973, 0.6330968700446822, 0.13349248740162523, -0.5160438335427219, -0.02746208990583012, -0.04277210144716877], [-0.05763939299717469, -0.07007918795650567, -0.6480741291476425, -0.6891128853125302, -0.5361354788829109, 0.18248250395321228, 0.4471450558019938, -0.10839106790737935, 0.002750000045725537, 0.5493758168734478, 0.5332283983067255, 0.2594078419057061, 0.07190245254403195]], "inverted": false, "swapped": false, "error_lsq": 0.04679172942182342, "error_max": 0.2875678056376293, "target": "263.xyz", "model": "23.xyz", "model_rescale": 4.410303926677745, "target_rescale": 3.9537426714147372},
{"mapping": [4, 8, 10, 1, 11, 0, 2, 7, 13, 12, 5, 15, 16], "R": [[0.10878588685062138, -0.09251371418730449, 0.9897508997264886], [0.3555213733625575, 0.9334259169106537, 0.0481727176097278], [-0.928315778118914, 0.3466370873504093, 0.13443416890322146]], "T": [0.11419524465067804, 0.019451917169653637, -0.04316775075245482], "aligned_model": [[0.11391887858817415, 0.5977635484410464, 0.24242170234702262, -0.482154143004416, 0.2306858221659487, -0.5898493216408671, -0.41589505081524497, -0.37886468933725465, 0.0623949724551662, -0.3115491819854144, 0.13812517866801782, 0.7566024210339393, 0.026295905057268698], [-0.6622318586245001, -0.6283219034680048, -0.3487439263447575, -0.006221983235430224, 0.3520375280765732, -0.10511290099052764, -0.645898574887157, 0.4451042715965875, 0.657701611324823, 0.2061771220384547, -0.26255871199997705, -0.03490186544917772, -0.05232973847518296], [0.05270469801138964, -0.19235702690945783, -0.5644869836999585, -0.659644520997467, -0.5690367870900135, 0.20012356811905474, 0.2872970016054783, -0.1759942215665255, 0.2469023848017603, 0.612615152225891, 0.5185255790292038, 0.2628924996575902, -0.08268141596024665]], "inverted": false, "swapped": false, "error_lsq": 0.039986673882582924, "error_max": 0.22080537052482882, "target": "263.xyz", "model": "24.xyz", "model_rescale": 4.28219845311461, "target_rescale": 3.9537426714147372},
{"mapping": [11, 12, 14, 6, 2, 1, 5, 0, 4, 3, 9, 13, 15], "R": [[-0.8320306060325311, -0.25190225175839065, -0.49423711534464104], [-0.43445163065188575, -0.25808891403278356, 0.8629263543763722], [-0.344930212143061, 0.9327032582833789, 0.10529853151165997]], "T": [0.030023256483225853, -0.10608818199560995, 0.03216759392153194], "aligned_model": [[0.1157966285857239, 0.6407434190848367, 0.3092709658651834, -0.4259128257649997, 0.2526807968672286, -0.5586414246519613, -0.5240959367766257, -0.37229052959270026, -0.002927176615155118, -0.2697159412265445, 0.22395963467916327, 0.603348106400852, -0.002319674881614414], [-0.6399223909230942, -0.5595329155612778, -0.3683030629251697, -0.0075275631399500526, 0.295377911582462, 0.02518021046631301, -0.658592061543327, 0.5174081194770992, 0.5944962746474964, 0.146502329032351, -0.43265565241653875, 0.048177197904723204, -0.04590932703936452], [-0.03218329780133465, -0.044178046598716256, -0.6261702357059745, -0.738938902144965, -0.4757975818584899, 0.24692303895411405, 0.3682807648326328, -0.3068753998401929, 0.23891444660476968, 0.7002991617693334, 0.5912883790422317, 0.011740504844964614, 0.0035570951283260474]], "inverted": true, "swapped": false, "error_lsq": 0.044470372769816795, "error_max": 0.23963266810199224, "target": "263.xyz", "model": "25.xyz", "model_rescale": 4.100010024507729, "target_rescale": 3.9537426714147372},
{"mapping": [1, 11, 9, 8, 6, 5, 10, 7, 4, 3, 2, 12], "R": [[-0.32982151215583044, 0.9266482434976928, 0.18039069527523383], [-0.9423076187061472, -0.3115671069052478, -0.12240216347370958], [-0.05721994274369967, -0.2103543931495958, 0.9759492340460509]], "T": [0.01852388322812169, 0.03559386658322057, -0.03384769558278773], "aligned_model": [[-0.7219916557892273, -0.17139632511980676, 0.3535434635467155, 0.6273157842606869, -0.37292641796338055, 0.24492033747167755, -0.20236511490761924, 0.5756061258121044, 0.05574371579060827, -0.045263110134176165, -0.4378101190850016, -0.028611081519574085], [-0.498300187052016, -0.6400905011588772, 0.0930050330793401, -0.3657509174878361, 0.6790837335526205, 0.7449818812019169, 0.01055469491968341, 0.29296463616314466, -0.2482542826869119, 0.5380708436291843, -0.016058245206458002, 0.07592470109684879], [-0.20887703722487694, 0.04602721507841083, 0.5508626228211311, -0.06950280024950296, 0.3573397117326581, 0.21455182602322392, 0.6578379969665477, -0.2830323443940323, -0.5062310226258818, -0.5895549780572481, -0.6099766102190417, 0.005747710002968927]], "inverted": false, "swapped": true, "error_lsq": 0.05016600472689033, "error_max": 0.3221731994139105, "target": "263.xyz", "model": "26.xyz", "model_rescale": 3.6694154284099745, "target_rescale": 3.9537426714147372},
{"mapping": [2, 11, 10, 8, 9, 5, 0, 7, 3, 1, 6, 12, 13], "R": [[-0.5004532079908347, 0.4608984998514235, -0.7328841378051445], [-0.8551682160997943, -0.3951923026268359, 0.33542564916415557], [-0.1350329914664492, 0.794604062901271, 0.5919210035438978]], "T": [-0.06974438332621652, -0.11921693699038882, -0.09434784648228389], "aligned_model": [[0.22032874640727945, 0.7130475777205925, 0.09484518312436563, -0.39357738373579243, 0.30934525885985403, -0.8241149637696119, -0.43106478663496706, -0.3047321181516304, 0.22921170684166253, -0.4369130205525972, 0.18336812555715049, 0.6774119145032493, -0.04726019819616847], [-0.6844558934260594, -0.42117575822307257, -0.40994603367875615, -0.0339066465580663, 0.27586600598712624, -0.019204818502671445, -0.56120491501624, 0.46370033236810304, 0.5811295108977311, 0.008702238132727025, -0.09902703192734011, -0.01811848289120413, -0.1676594376005545], [0.14750365286682363, -0.27388359569522264, -0.5946253563175873, -0.6386010362957509, -0.5006285952580725, 0.12221877892025543, 0.23886010145198, -0.06093009246283834, 0.1757842127324089, 0.6984134859305003, 0.5433957206234173, 0.15317868249990624, -0.07382603176912136]], "inverted": true, "swapped": false, "error_lsq": 0.0451877048451766, "error_max": 0.29742084055553275, "target": "263.xyz", "model": "27.xyz", "model_rescale": 4.103607728864725, "target_rescale": 3.9537426714147372},
{"mapping": [13, 12, 2, 1, 3, 7, 8, 5, 9, 6, 11, 10, 14], "R": [[0.1702114989146798, 0.9840511241571421, 0.05168588474896184], [0.9802600696023094, -0.17444346523929116, 0.09305736606300503], [0.10058947052497032, 0.034826175218838115, -0.9943183071527613]], "T": [0.08767609622744314, -0.08354670221716873, 0.045583783784877825], "aligned_model": [[0.19879645961183873, 0.7271274359117603, 0.17248458074903222, -0.5325652064217166, 0.52624821961104, -0.6206310632582885, -0.5192331476892524, -0.44402308344573144, 0.13752820090984785, -0.11449667145883889, -0.04880170997672208, 0.4870168304819453, 0.020445196948472313], [-0.7128906772959487, -0.5095455480615895, -0.36359890433737374, -0.04372832249655312, 0.13373841709188491, -0.09553107757661562, -0.6309633490905278, 0.4185371733633042, 0.7280273550554034, 0.26289411930307716, -0.3414733355702644, 0.1406849828222032, -0.07145176364527703], [0.15259293679087563, -0.3377184268008287, -0.6294710223404147, -0.599843249425978, -0.523602057645197, 0.18063410082220144, 0.11097614710822837, 0.06424322104419114, 0.14037958154966174, 0.5358614520936794, 0.6676037944598749, 0.26924067658103396, -0.09403722701062922]], "inverted": true, "swapped": false, "error_lsq": 0.046538425688995105, "error_max": 0.2805063518410158, "target": "263.xyz", "model": "28.xyz", "model_rescale": 4.137296879288765, "target_rescale": 3.9537426714147372},
