[{"mapping": [3, 2, 8, 12, 11, 1, 7, 0, 9, 6, 5, 13], "R": [[-0.11123063349157336, -0.03857687586059516, 0.9930456035962798], [0.6182720477865047, 0.7796356047586078, 0.09953893066816688], [-0.7780536106843445, 0.6250441171961514, -0.06286835817434995]], "T": [0.009540104886846706, -0.07742435144779192, 0.04075215171705286], "aligned_model": [[-0.239951785679535, 0.08719246587860559, 0.4558334257983332, -0.2825582623786691, 0.07677610601926649, -0.6375216563798679, 0.41632322948332207, -0.25883141509734825, 0.5871183319725427, 0.1665450746895782, -0.5473709233007757, 0.014087871455096844], [-0.38177279697798905, -0.6988937623520887, -0.27623808743767964, 0.6551874494815262, 0.40078218119660636, -0.602025831343418, -0.23452205064375808, -0.39812812960761773, 0.17548809982172064, 0.39048188831146574, 0.1337556371811473, -0.11055956165285795], [-0.5774565108273635, -0.030731767831608983, -0.5688050497610663, 0.006894321386697072, -0.48985324160333127, -0.02614624805082226, 0.4121247984530551, 0.7252697948905054, -0.08772753313112079, 0.44924227972697167, 0.33954205522457437, 0.029598846877071677]], "inverted": false, "swapped": true, "error_lsq": 0.03858231787949413, "error_max": 0.2738724961608106, "target": "264.xyz", "model": "0.xyz", "model_rescale": 3.751011558992144, "target_rescale": 3.909933863916159},
{"mapping": [4, 5, 9, 13, 2, 8, 1, 6, 12, 7, 11, 3, 0, 14], "R": [[-0.09576892601060064, -0.6730401481259768, 0.7333793505555907], [0.021441371849929114, 0.7352000560508262, 0.6775109926459169], [-0.9951726384823739, 0.08060915948839725, -0.0559784156850206]], "T": [-0.05580232508982817, -0.051496418337914344, -0.04847414693174601], "aligned_model": [[-0.6932632641632293, -0.06852152748011865, -0.20556919027094067, 0.3814686700417515, 0.5298813851221045, -0.16158287685994688, -0.09295988105417567, -0.4107135754970795, 0.29215790886176396, 0.1696258114547402, -0.37376855286029986, 0.6935794664057234, 0.5042053423537222, -0.04936143680237875], [0.35653745792665864, -0.40082256937872096, -0.6916176450400293, -0.5956313641689301, -0.037183333872014494, 0.2452157713415189, 0.6234628495033712, 0.20442430211362944, -0.4439295582967483, 0.19481927490489737, -0.43553285657009533, -0.1266247883443723, 0.4585609642833182, -0.09654831585320103], [-0.27809530642270675, -0.5660603804090196, -0.09324380801484866, -0.24900702663653274, -0.6320046338761434, -0.6325893782882981, 0.12103942841178947, 0.5616638165224755, 0.4777339966080655, 0.5244025922657892, 0.574538277530265, 0.07876007844753477, -0.006792048406157353, -0.01793476364216088]], "inverted": true, "swapped": false, "error_lsq": 0.043264362353501784, "error_max": 0.23563416851309169, "target": "264.xyz", "model": "1.xyz", "model_rescale": 3.9405287249114394, "target_rescale": 3.909933863916159},
{"mapping": [4, 5, 12, 2, 0, 11, 3, 1, 7, 9, 10, 8, 13], "R": [[-0.8149157477626423, -0.2534036524754719, -0.5212474584691458], [0.5453451632298538, -0.03073567723319548, -0.8376478801303211], [0.19624213867122844, -0.9668722289201956, 0.163239443617758]], "T": [-0.04268788819878051, -0.08864022280724132, -0.09689226899642453], "aligned_model": [[-0.19650240757557397, 0.18249187595772637, -0.4899044045584937, 0.35671529018859777, 0.6588885262109275, -0.7007410398126384, -0.023653050301082237, 0.5884305765936099, 0.09475726582968418, -0.5394939069584932, -0.020673640769196935, -0.3890362111283489, -0.02529559439278729], [0.7078826156317639, 0.3394836756982503, 0.35331596398479753, -0.2727440455393616, -0.19069804743984659, 0.16873006742656593, 0.30541376065483394, 0.39366163154602324, -0.6324639504831193, -0.495089135095877, -0.8288470112057915, -0.2938631735299547, -0.09594975807626702], [0.0023628424808725124, -0.5551785209124372, -0.5742390780839902, 0.3547125938658432, -0.472143285058513, 0.02748954031977313, 0.5206959945448036, 0.1628103227874557, -0.21279922799218673, -0.05159980546435222, 0.40553861782857514, 0.57257841108063, -0.06710805580783026]], "inverted": false, "swapped": true, "error_lsq": 0.04597413918260345, "error_max": 0.23356147866399254, "target": "264.xyz", "model": "2.xyz", "model_rescale": 3.932901565614263, "target_rescale": 3.909933863916159},
{"mapping": [11, 10, 12, 6, 2, 1, 3, 8, 5, 7, 9, 4, 0, 13], "R": [[0.35269775700971207, 0.6361795169195312, 0.6862069035300867], [0.34390335928932303, -0.7701380309468022, 0.5372316937401413], [0.870249832904228, 0.04650844591484485, -0.4904102290824988]], "T": [-0.002873900600192006, 0.038836300019408514, 0.004335335084887659], "aligned_model": [[-0.8492983262164359, -0.33025354729696166, -0.20419382833141236, 0.27704194694383555, 0.694514043501818, 0.10262106475753822, -0.12513820254184083, -0.547201763786578, 0.2552521057912218, 0.21484132178302895, -0.2720754926122918, 0.8515481867379261, 0.4591522200469299, -0.011631449525141245], [0.15824879023795912, -0.3564868736029973, -0.6972576491771214, -0.5022456961173712, -0.017350503166908622, 0.2768158105814604, 0.5303848905134045, 0.2831545751164958, -0.5644462222864148, 0.09669309970124215, -0.35453538482952607, -0.02662760160952033, 0.50473013767171, -0.07594718448313068], [-0.25453731172710026, -0.495352162884633, -0.023337662838857066, -0.3048080821701221, -0.4480947166879508, -0.6892100388806307, 0.06849842209997803, 0.4318894057524883, 0.29796920363449886, 0.6818271948295955, 0.5634258105949848, 0.17434644881003897, -0.1314038450378342, -0.008801821404404109]], "inverted": true, "swapped": false, "error_lsq": 0.04657688397932412, "error_max": 0.24455070045989877, "target": "264.xyz", "model": "3.xyz", "model_rescale": 3.9243930471874484, "target_rescale": 3.909933863916159},
{"mapping": [8, 11, 10, 2, 7, 3, 1, 9, 6, 12, 0, 5, 13], "R": [[-0.7573796731585103, -0.011173928147145906, 0.6528791419673864], [0.17014905258075042, 0.9619349793096506, 0.21384666349142695], [-0.6304167911724604, 0.2730498835566589, -0.7266487669414392]], "T": [-0.004734694606656445, -0.024290553984383303, -0.058256863129471016], "aligned_model": [[0.07438967318048888, -0.4396581760129573, 0.6960042178929465, 0.26953474694899476, 0.5591720998661706, -0.3968336085428472, -0.29911741750069665, 0.24490034078886813, 0.1386749934280077, -0.5390021600202084, 0.30116929812728566, -0.33824167072838585, 0.006213548883685756], [-0.40637867029653263, 0.16369136066229956, -0.38234975433060125, -0.5893895743191209, 0.07074417610071328, -0.6115827235259482, -0.6156931034782089, 0.22915037331764165, 0.5963821507185395, 0.556720129053809, -0.03557770138488152, 0.20981311132852093, -0.057700220164643004], [-0.7350231577819265, -0.5970041287558745, -0.48438606686144237, -0.005309348958940453, -0.02589380521037086, -0.2542223689849971, 0.4535564508898698, -0.5944642775696858, 0.009934407899328694, -0.07139921036391542, 0.6831835845218182, 0.4689915205736484, -0.06089328402654802]], "inverted": false, "swapped": true, "error_lsq": 0.045858195621032175, "error_max": 0.2917288520496372, "target": "264.xyz", "model": "4.xyz", "model_rescale": 3.8936222436046832, "target_rescale": 3.909933863916159},
{"mapping": [1, 5, 4, 3, 12, 6, 7, 9, 8, 2, 11, 13], "R": [[0.09171746611540678, -0.9385295460647417, 0.3327915226878223], [0.8781185636149486, 0.23382381266789687, 0.4174137190657107], [-0.4695696909343585, 0.25394628525134677, 0.8455859445159036]], "T": [-0.1156279861956783, -0.11424465406103328, 0.07262828821213377], "aligned_model": [[0.03585521501583963, -0.6525582504902063, -0.1760081379361856, 0.4104930746448068, -0.6670173325219317, -0.6373241066905565, -0.1219068021752975, 0.015154002255077376, 0.5849131783259257, 0.3594925854872263, -0.03837942515774445, -0.08516595854185635], [-0.6779810795563251, -0.2920593461545838, 0.13704356931618317, -0.07615909544067233, 0.37665435711427636, 0.06274836275929342, -0.3186863865239406, 0.3298420668902848, 0.21406196102004188, -0.5265933641130758, 0.5720206424045989, -0.1319687826062733], [-0.5253893652181544, -0.2796643655753557, -0.7027216855082049, -0.4360978166465106, -0.2069710846050605, 0.3996720533069561, 0.6076366944921664, 0.5195638558288406, 0.18089395722599053, 0.11254134739699356, -0.12183727125082819, 0.07165839982868537]], "inverted": false, "swapped": true, "error_lsq": 0.04103348189861914, "error_max": 0.31210185922580913, "target": "264.xyz", "model": "5.xyz", "model_rescale": 3.6523030999806103, "target_rescale": 3.909933863916159},
{"mapping": [12, 11, 9, 6, 7, 4, 8, 5, 3, 1, 2, 0, 13], "R": [[-0.6216878394751632, 0.7519363067955902, 0.2193080499464442], [-0.3358325938637039, -0.5088432374172921, 0.7926506346641414], [0.7076162089349569, 0.4191304692542618, 0.5688663732329606]], "T": [0.13780952306735944, 0.02601471517007877, 0.027991979565828946], "aligned_model": [[0.1945270008130279, -0.2365992464864975, 0.22259743260763531, 0.6669178453562541, 0.5566455155516521, -0.40872297218983494, -0.364483411326689, 0.3222434937562976, -0.5756837721231729, -0.20931342884882848, -0.04836935723260469, 0.6402365624341333, 0.12108724235292184], [-0.6018932149366888, -0.11194751678961534, 0.39436328172707713, -0.13085398710054483, 0.4123530894714298, -0.5795116533555114, 0.5721779120314789, -0.5868976746019731, 0.04122502742747385, -0.237403217427159, 0.42573228543550007, -0.10497065617972948, 0.0484532284614454], [0.5030736764580188, 0.6242542934567897, 0.5487593842106377, 0.35339571027973166, -0.03022238493923248, 0.07897397961065261, 0.2722708821224104, -0.1573315221067118, -0.13859761890652234, -0.6850912417575699, -0.4224826114631516, -0.583439531305048, 0.006546723821784641]], "inverted": false, "swapped": true, "error_lsq": 0.04776009952796052, "error_max": 0.24812301471819737, "target": "264.xyz", "model": "6.xyz", "model_rescale": 4.08911054899281, "target_rescale": 3.909933863916159},
{"mapping": [13, 7, 6, 4, 5, 12, 11, 1, 3, 9, 0, 8, 10, 14], "R": [[0.9412671232034358, -0.3374421193329177, -0.012207328800224376], [-0.016805643314969032, -0.010709080523720563, -0.9998014232571918], [0.3372443819088732, 0.9412853614576427, -0.015751037313672604]], "T": [0.004518559346377217, -0.03903723381748086, -0.05349630228359527], "aligned_model": [[-0.5782917153111417, -0.34254824134661355, -0.1125515614015303, 0.5664174678903882, 0.364863269849837, -0.04000093781694915, -0.002510789409911703, -0.5270936849738711, 0.2755517179113915, 0.11204408647522004, -0.334089322592544, 0.6092341691300881, 0.5240428110392655, 0.00011100980800754327], [0.3024790804573003, -0.41932082736532766, -0.5225440475100591, -0.4528986791536522, -0.19317076580942663, 0.43727265463733617, 0.5398299851650087, 0.1253769690379966, -0.58953713476422, 0.1638724142391444, -0.6254946381234225, 0.036253912106408444, 0.41130943327582337, 0.041701832356372155], [-0.33561917124217444, -0.6316121979935458, -0.012768984738781491, -0.152682038876914, -0.70686891688509, -0.5818416652268894, 0.04342837981904353, 0.42431375458375603, 0.44644601667097716, 0.6960523910305824, 0.599243001211654, 0.2527703265128932, -0.26926777825500375, 0.0908177274795449]], "inverted": true, "swapped": false, "error_lsq": 0.04692146524994175, "error_max": 0.3064195327926669, "target": "264.xyz", "model": "7.xyz", "model_rescale": 3.964800864290218, "target_rescale": 3.909933863916159},
{"mapping": [4, 11, 12, 9, 10, 6, 0, 2, 8, 1, 7, 5, 3, 13], "R": [[-0.5830065367883968, -0.7132226995664577, 0.38912306393367946], [-0.5857284525050248, 0.03705172090229536, -0.8096600211843533], [0.563050226878623, -0.6999575349985977, -0.43935622359381493]], "T": [0.01256162885005091, 0.011244895371406528, -0.0010121934842934749], "aligned_model": [[-0.6151403590709514, -0.20445311073436495, -0.38220993389779084, 0.17494116322262426, 0.6532727520589898, -0.13451879235000103, -0.052219690020041454, -0.5342929000595009, 0.43127468660165696, 0.12063988234890086, -0.2313543618596702, 0.8399755025013946, 0.38146439183991737, 0.06779904867047391], [0.05072745819002437, -0.3113366129863535, -0.6328173428432319, -0.620227138747302, -0.2439733798973426, 0.3261884874577871, 0.6896845959950836, 0.23990241654883235, -0.5549500644496933, 0.12452791395232743, -0.34331512058413627, -0.03321535748208614, 0.6070632964922796, -0.043128963096907676], [-0.316487607117651, -0.7331181269136168, -0.004778337420306297, -0.22176699803346123, -0.4476517590989138, -0.46542979293750264, 0.219628523215617, 0.29441053748642776, 0.30746831505516714, 0.7328855786844384, 0.566125664115967, 0.1107030273849444, -0.18775768886936461, 0.008179508538306322]], "inverted": false, "swapped": false, "error_lsq": 0.04167201784721528, "error_max": 0.21694567495208633, "target": "264.xyz", "model": "8.xyz", "model_rescale": 4.121658175737393, "target_rescale": 3.909933863916159},
{"mapping": [11, 9, 6, 12, 8, 3, 7, 1, 0, 2, 4, 5, 13], "R": [[-0.7269483930173979, 0.6100865019576118, -0.3151832705245443], [0.6416124886722225, 0.4398930378851793, -0.6283530294348756], [-0.24470277536076335, -0.6590057475843998, -0.7112186558165263]], "T": [-0.0004943426356115652, -0.08817389475407572, -0.08806745774371347], "aligned_model": [[-0.5331246070779072, -0.2736802781818544, 0.3518491220567815, 0.037658954763461476, -0.7028572595910311, -0.5327846485617043, 0.2553429127886107, 0.10298162781170325, 0.7315387490173727, -0.08623564408597434, -0.29133487705249395, 0.42965133997086, -0.01226789542262728], [0.28575789740531093, -0.3046098957533496, 0.04133877083998183, 0.6222016430029456, -0.42807720616254435, -0.0023149254520070384, -0.5529168764004024, 0.029892146039475487, -0.24062319229360818, -0.5510783858569663, 0.6062931688080271, 0.39631295874653477, -0.11178866351168801], [-0.39010101108727113, -0.6289863499266929, -0.607231734990566, -0.4302644491810419, -0.12570631481627023, 0.40827052972801325, -0.304009811255767, 0.7327395628433966, 0.20232082419105904, 0.33113646632396454, 0.22987341230596556, 0.067719152311318, -0.06468484248701888]], "inverted": false, "swapped": true, "error_lsq": 0.04530359306103753, "error_max": 0.26569630667140026, "target": "264.xyz", "model": "9.xyz", "model_rescale": 3.833441315466971, "target_rescale": 3.909933863916159},
{"mapping": [9, 13, 5, 0, 10, 8, 7, 3, 1, 6, 4, 12, 11, 14], "R": [[-0.8631047283660767, 0.37797693325312387, 0.3349383014835483], [-0.42008001071638035, -0.9054544672420732, -0.06070413781530065], [0.28032661748154886, -0.19309491365630715, 0.9402825861683373]], "T": [0.07345550135955727, -0.05426726395336442, 0.015535973025317933], "aligned_model": [[-0.5275388825916895, -0.20050806864941872, -0.2510920310700635, 0.3626936041251749, 0.5404141365039384, -0.025948882860889796, -0.08529204427120742, -0.6950563085543089, 0.46305089083635786, 0.24289724030121024, -0.3373881446014466, 0.6429487214961123, 0.3950342018933378, -0.00903615330547071], [0.3725600347165191, -0.5956139565596581, -0.6448827019842471, -0.6003101482115095, 0.02708007144208583, 0.35272163961871683, 0.5769200589428446, 0.22873971932256634, -0.6203466705218768, -0.11969756935347209, -0.24215118870563648, -0.0034121893494612407, 0.5315537625283744, -0.008030673335964286], [-0.32289324276721076, -0.5017398355399181, 0.07278547101825605, -0.27082298032389773, -0.6560936776066555, -0.6417601270267733, 0.15806932685220682, 0.30470460062451393, 0.2864205810621828, 0.6699348882785392, 0.6726658760759938, 0.20556568364000416, -0.12135064187350038, 0.006924921676310928]], "inverted": true, "swapped": false, "error_lsq": 0.04932585136823312, "error_max": 0.30224858879061967, "target": "264.xyz", "model": "10.xyz", "model_rescale": 4.2482417240324, "target_rescale": 3.909933863916159},
{"mapping": [4, 11, 8, 9, 1, 2, 3, 7, 6, 0, 5, 13], "R": [[-0.32738723853531465, -0.006821360602594362, 0.9448656333488643], [-0.8634940625543968, -0.4038669454570806, -0.3021084148124165], [0.3836607876464893, -0.9147923039721624, 0.1263306796300035]], "T": [0.04643791626166857, 0.03537402761467854, -0.10406191083274999], "aligned_model": [[-0.6819859218332104, -0.043749027159453724, 0.3877020575363084, 0.5562625614775812, -0.5375740109361027, 0.1791389085975639, -0.2803255270282001, 0.5318538197411679, 0.2243669452402249, -0.04797574844816807, -0.4634562475767976, 0.05250779275209323], [-0.2594094406960007, -0.6301659589655154, -0.1412102282976328, -0.3520195617080453, 0.588966958476866, 0.5355636072204895, 0.0788147910963942, 0.25961471228150523, -0.22632226929818336, 0.6678638725560262, 0.08568751902937569, 0.0587473883553607], [0.12057231315430533, 0.1482614781582954, 0.5761008624989535, -0.040238843596672735, 0.1214064179496421, 0.25588933544679593, 0.5504567538342441, -0.3093844772548936, -0.6611142452312404, -0.5882945469101633, -0.5300886489812874, -0.07837410921362187]], "inverted": false, "swapped": true, "error_lsq": 0.03772118261064972, "error_max": 0.20839159555542697, "target": "264.xyz", "model": "11.xyz", "model_rescale": 3.6694154284099745, "target_rescale": 3.909933863916159},
{"mapping": [9, 11, 6, 4, 3, 8, 10, 7, 0, 12, 5, 1, 2, 13], "R": [[-0.11208632464980739, -0.41712091044574506, 0.9019128571516268], [0.44932118278942645, -0.8308205009128061, -0.32840184219901186], [0.8863109671685265, 0.3684391962480467, 0.280544877238713]], "T": [-0.01302096837687497, -0.06891816073532575, 0.04005242793464042], "aligned_model": [[-0.5905507560780805, -0.3505338154577673, -0.2683924387253249, 0.37718584304094616, 0.6111763530585674, 0.04802669491332451, -0.20326411254465468, -0.6869987105922083, 0.3571288373529833, 0.20765713455753307, -0.3063059145876078, 0.831624387547538, 0.40864253984912546, 0.0797822369172623], [0.30575208584280944, -0.3314432146478774, -0.5720985585872808, -0.5585271937473677, -0.03525087349310124, 0.30163630890134996, 0.5228073171151042, 0.08997632230451882, -0.5817445127630483, 0.2414871280069416, -0.3685010861817772, -0.029763705426167825, 0.4125703748309396, -0.1417702036057615], [-0.37318820116294577, -0.5617733965616472, 0.07812778483761694, -0.35453633123931555, -0.5519721647014166, -0.61688015547874, 0.17119087488396187, 0.3096296241648971, 0.3728227968221735, 0.6028296768285428, 0.7247456465251236, 0.07897087402806577, -0.08910735427759409, 0.07155116942132994]], "inverted": true, "swapped": false, "error_lsq": 0.04356537714627683, "error_max": 0.2616256978754447, "target": "264.xyz", "model": "12.xyz", "model_rescale": 3.9764082729961374, "target_rescale": 3.909933863916159},
{"mapping": [4, 5, 9, 12, 13, 6, 3, 7, 1, 8, 2, 11, 14, 15], "R": [[-0.004546396896679808, -0.39969448728051904, 0.9166371403738891], [-0.20868550502466723, 0.8968434263410743, 0.39002849719142524], [-0.977972233894121, -0.18951566021404403, -0.08748785210403526]], "T": [0.03678375194708977, -0.12819370790264406, -0.03876281140660241], "aligned_model": [[-0.5724513870781647, -0.4371714543432283, -0.2356698746837677, 0.4024996614213597, 0.521972137056725, 0.04380750487356552, 0.07804390754945859, -0.5375895022946322, 0.18131673566100118, 0.25513077111173754, -0.26866059460376585, 0.6805112533497504, 0.41287785884906925, -0.009438737617471618], [0.16455268044317656, -0.4332264382142864, -0.6567794541939599, -0.6217018069457976, -0.06755580066337036, 0.2453636486002001, 0.6065486784896646, 0.17411086788610824, -0.6125615448938091, 0.038275108531538565, -0.35036470081410975, 0.25903977900717556, 0.5404289721627072, -0.03099980084595627], [-0.28165336138042246, -0.6593636506774215, -0.12744909372223534, -0.2117228203233708, -0.40672452320178965, -0.7051443642700249, 0.36976463260642206, 0.3482010204846309, 0.3457116264540306, 0.6125938873579563, 0.6638062705881673, 0.21854989582520257, -0.26305051510633376, -0.04110816054475922]], "inverted": false, "swapped": false, "error_lsq": 0.045497760889035545, "error_max": 0.2390100212983669, "target": "264.xyz", "model": "13.xyz", "model_rescale": 4.170626492500431, "target_rescale": 3.909933863916159},
{"mapping": [2, 6, 3, 11, 5, 4, 8, 0, 9, 7, 1, 10, 12, 13], "R": [[-0.16777516115458369, -0.3381970767953392, -0.9259990456510423], [-0.8453821692716805, -0.4338457954413239, 0.31161966185623297], [-0.5071296512501132, 0.8351051209428504, -0.21311723017617829]], "T": [-0.03632290034104317, -0.03242531063883049, 0.0018110243035205885], "aligned_model": [[-0.6426578763257095, -0.1004107692571866, -0.31894167578505767, 0.3823721039246663, 0.46134332442657316, -0.13815642460045208, 0.21148876092800756, -0.48219168885578206, 0.36168464331308586, 0.03310124247952648, -0.2713267227825213, 0.45561511803431165, 0.5494786954165193, 0.01377954833565545], [0.03119306243649754, -0.4028877622353808, -0.6558551058636002, -0.5537779793865399, -0.1079202633618254, 0.5545683607563675, 0.6434836266323771, 0.14907987773749287, -0.5799240702487092, 0.2971203216763096, -0.37489542315171903, 0.028270353792086297, 0.31251424887271007, -0.08583905910678447], [-0.24566173529087784, -0.7506114527962456, -0.08146876089319408, -0.22741711385522329, -0.755716974647758, -0.3830675197489057, 0.18427412156130502, 0.35411103359781076, 0.44694195098007666, 0.7393812023235186, 0.6485736510597749, 0.271331575228766, -0.26940717545094034, -0.06885195797805546]], "inverted": true, "swapped": false, "error_lsq": 0.05196642547074069, "error_max": 0.2896005328845867, "target": "264.xyz", "model": "14.xyz", "model_rescale": 3.9786697098870705, "target_rescale": 3.909933863916159},
{"mapping": [8, 3, 9, 10, 11, 6, 1, 5, 7, 2, 4, 13], "R": [[-0.4705994367011828, 0.4720379135849902, 0.7454638678801668], [0.5074918586383083, 0.8359365130234211, -0.20895492243562802], [-0.7217951119205264, 0.27998277506406216, -0.6329466502597687]], "T": [0.10066343972494388, 0.08282297972240832, 0.07099388976280362], "aligned_model": [[0.041737450511815294, -0.5183672322566795, 0.507275704623053, 0.546266215324897, -0.1009004562955007, 0.5439745066100738, -0.5208806968568644, -0.1151177163973694, 0.6200648610583249, 0.02287931167860932, -0.635898749013683, 0.09232139778065973], [-0.3229988346586843, -0.21782450983842733, 0.13258328731112892, -0.6171325098891003, 0.4399694409021976, 0.5358533691735591, -0.23052455924057697, 0.4893427044596028, -0.13379374133466074, -0.5373397634815293, 0.4279364663369501, 0.04860314048397928], [-0.5939128665196005, -0.18093515653146108, -0.42525073101650634, -0.26415979387691696, -0.5177018314893124, 0.16421276468023058, 0.533451712272469, 0.5528678291021927, 0.17762034036577923, 0.1529198928216978, -0.008579592992020227, 0.06943392705727827]], "inverted": false, "swapped": true, "error_lsq": 0.049651385749242265, "error_max": 0.2221239669440762, "target": "264.xyz", "model": "15.xyz", "model_rescale": 3.769337070930944, "target_rescale": 3.909933863916159},
{"mapping": [7, 0, 9, 6, 10, 2, 8, 1, 11, 12, 13], "R": [[-0.2259700015239747, 0.9729431442429745, -0.04815803652402684], [-0.6347481724039833, -0.1845633244426481, -0.7503540077193438], [-0.7389399948852804, -0.13898927059767036, 0.6592796573667881]], "T": [-0.04265432144683418, -0.0022818321102218986, 0.07854732540752965], "aligned_model": [[-0.21395516896889968, -0.4005916823725933, -0.06205869312646451, -0.6419830489646648, 0.3735468265232322, 0.3998831536377343, 0.5860083791448535, 0.29315066976848164, 0.08533254760765613, -0.48345002733986175, -0.013256825218302935], [0.015132657868132976, -0.6687419465477761, 0.5924292178400139, 0.21452268929538224, 0.22437447353690113, -0.2997619061864826, 0.4335761639449548, -0.7262080117544542, 0.5606590448054417, 0.264827518440908, -0.014745403617680002], [-0.4677333675240961, -0.18819290664931085, -0.16642325089930393, 0.01334095838781904, -0.6805515062710206, -0.25765240285637747, -0.0798055335556975, 0.3266136991754282, 0.5045299325404837, 0.6764934770041257, 0.06359850787172694]], "inverted": true, "swapped": true, "error_lsq": 0.037861932253274284, "error_max": 0.1868097170279912, "target": "264.xyz", "model": "16.xyz", "model_rescale": 3.7852294659196426, "target_rescale": 3.909933863916159},
{"mapping": [2, 9, 11, 8, 7, 6, 5, 12, 3, 1, 0, 4, 13], "R": [[0.49178212595054077, -0.6580997553364405, -0.5701359948483204], [-0.44273265676764106, 0.3748302534736287, -0.8145490014187984], [0.7497587180066885, 0.6529984633266857, -0.1070274341743956]], "T": [-0.09326227960293568, 0.051932161992474545, -0.033917375025959956], "aligned_model": [[0.07986122568255807, -0.4070144147781293, 0.14187328724573198, 0.15594029293639858, -0.5752920619341065, -0.6208023964788189, -0.044278069797552694, -0.08836233173397542, 0.6048771204688086, 0.48219614378088993, -0.3671703700723702, 0.5706457038572639, -0.07870827896041503], [-0.014320726687068831, -0.49193465268854786, -0.3643027151344072, -0.6651010442205524, -0.019175716075682477, 0.1584486976201779, 0.6580481567812041, 0.21087082863418435, -0.12534066060611576, 0.5435064546880155, 0.7109688967156153, 0.22992902893802228, 0.04345907573802949], [-0.6364145744141788, 0.10692591161213591, 0.5010630390067985, -0.21837894503429714, -0.3350166923869422, 0.31365513130101674, 0.2385642489477657, 0.7393240817336962, -0.16894276017773333, -0.3882806761891122, -0.4000915550840314, 0.40823918156434436, -0.06489169373628831]], "inverted": false, "swapped": true, "error_lsq": 0.04375526749010079, "error_max": 0.3037891975686868, "target": "264.xyz", "model": "17.xyz", "model_rescale": 3.901054581598922, "target_rescale": 3.909933863916159},
{"mapping": [4, 5, 9, 13, 2, 8, 1, 6, 12, 7, 11, 3, 0, 14], "R": [[-0.09576892601060064, -0.6730401481259768, 0.7333793505555907], [0.021441371849929114, 0.7352000560508262, 0.6775109926459169], [-0.9951726384823739, 0.08060915948839725, -0.0559784156850206]], "T": [-0.05580232508982817, -0.051496418337914344, -0.04847414693174601], "aligned_model": [[-0.6932632641632293, -0.06852152748011865, -0.20556919027094067, 0.3814686700417515, 0.5298813851221045, -0.16158287685994688, -0.09295988105417567, -0.4107135754970795, 0.29215790886176396, 0.1696258114547402, -0.37376855286029986, 0.6935794664057234, 0.5042053423537222, -0.04936143680237875], [0.35653745792665864, -0.40082256937872096, -0.6916176450400293, -0.5956313641689301, -0.037183333872014494, 0.2452157713415189, 0.6234628495033712, 0.20442430211362944, -0.4439295582967483, 0.19481927490489737, -0.43553285657009533, -0.1266247883443723, 0.4585609642833182, -0.09654831585320103], [-0.27809530642270675, -0.5660603804090196, -0.09324380801484866, -0.24900702663653274, -0.6320046338761434, -0.6325893782882981, 0.12103942841178947, 0.5616638165224755, 0.4777339966080655, 0.5244025922657892, 0.574538277530265, 0.07876007844753477, -0.006792048406157353, -0.01793476364216088]], "inverted": true, "swapped": false, "error_lsq": 0.043264362353501784, "error_max": 0.23563416851309169, "target": "264.xyz", "model": "18.xyz", "model_rescale": 3.9405287249114394, "target_rescale": 3.909933863916159},
{"mapping": [0, 4, 12, 13, 9, 8, 6, 1, 14, 10, 3, 11, 5, 15], "R": [[-0.6188090236893636, -0.7546933703821131, -0.21797547775358375], [-0.3833999680079824, 0.04797286592378064, 0.9223356594356183], [-0.685623699074131, 0.6543214201264892, -0.319035456386214]], "T": [0.012348032790734289, -0.11828939617371395, -0.06028418496937521], "aligned_model": [[-0.5454505899341935, -0.42628620190118965, -0.3041554977109493, 0.4394125994894242, 0.6388877027423288, -0.053980004638344, -0.2213155033411277, -0.508441464974459, 0.306763977330599, 0.3526380769555614, -0.31626774760902643, 0.7088730811048365, 0.41983121365192544, 0.024668638086250656], [0.1618001628499591, -0.37107736472233066, -0.5492743955583725, -0.618753441069411, 0.036367718240345986, 0.46562315103685203, 0.5911803638941445, 0.1315515947061834, -0.64526190968356, -0.017574323703309136, -0.31094781266239513, -0.12757807826959439, 0.6031690383935822, -0.09409451490281254], [-0.3485285142597345, -0.5878856251961546, 0.05894881253873245, -0.19623064873016918, -0.47566240526336034, -0.53664422128312, -0.04191390941811285, 0.25889789828886073, 0.4248530983659709, 0.6411166968137227, 0.7015051548761593, 0.124051865101617, -0.1289706266141404, -0.031126731130219115]], "inverted": true, "swapped": false, "error_lsq": 0.04333855651097124, "error_max": 0.2812450844459755, "target": "264.xyz", "model": "19.xyz", "model_rescale": 4.410303926677745, "target_rescale": 3.909933863916159},
{"mapping": [4, 11, 12, 9, 10, 6, 0, 2, 8, 1, 7, 5, 3, 13], "R": [[-0.5830065367883968, -0.7132226995664577, 0.38912306393367946], [-0.5857284525050248, 0.03705172090229536, -0.8096600211843533], [0.563050226878623, -0.6999575349985977, -0.43935622359381493]], "T": [0.01256162885005091, 0.011244895371406528, -0.0010121934842934749], "aligned_model": [[-0.6151403590709514, -0.20445311073436495, -0.38220993389779084, 0.17494116322262426, 0.6532727520589898, -0.13451879235000103, -0.052219690020041454, -0.5342929000595009, 0.43127468660165696, 0.12063988234890086, -0.2313543618596702, 0.8399755025013946, 0.38146439183991737, 0.06779904867047391], [0.05072745819002437, -0.3113366129863535, -0.6328173428432319, -0.620227138747302, -0.2439733798973426, 0.3261884874577871, 0.6896845959950836, 0.23990241654883235, -0.5549500644496933, 0.12452791395232743, -0.34331512058413627, -0.03321535748208614, 0.6070632964922796, -0.043128963096907676], [-0.316487607117651, -0.7331181269136168, -0.004778337420306297, -0.22176699803346123, -0.4476517590989138, -0.46542979293750264, 0.219628523215617, 0.29441053748642776, 0.30746831505516714, 0.7328855786844384, 0.566125664115967, 0.1107030273849444, -0.18775768886936461, 0.008179508538306322]], "inverted": false, "swapped": false, "error_lsq": 0.04167201784721528, "error_max": 0.21694567495208633, "target": "264.xyz", "model": "20.xyz", "model_rescale": 4.121658175737393, "target_rescale": 3.909933863916159},
{"mapping": [12, 11, 9, 6, 7, 4, 8, 5, 3, 1, 2, 0, 13], "R": [[-0.6216878394751632, 0.7519363067955902, 0.2193080499464442], [-0.3358325938637039, -0.5088432374172921, 0.7926506346641414], [0.7076162089349569, 0.4191304692542618, 0.5688663732329606]], "T": [0.13780952306735944, 0.02601471517007877, 0.027991979565828946], "aligned_model": [[0.1945270008130279, -0.2365992464864975, 0.22259743260763531, 0.6669178453562541, 0.5566455155516521, -0.40872297218983494, -0.364483411326689, 0.3222434937562976, -0.5756837721231729, -0.20931342884882848, -0.04836935723260469, 0.6402365624341333, 0.12108724235292184], [-0.6018932149366888, -0.11194751678961534, 0.39436328172707713, -0.13085398710054483, 0.4123530894714298, -0.5795116533555114, 0.5721779120314789, -0.5868976746019731, 0.04122502742747385, -0.237403217427159, 0.42573228543550007, -0.10497065617972948, 0.0484532284614454], [0.5030736764580188, 0.6242542934567897, 0.5487593842106377, 0.35339571027973166, -0.03022238493923248, 0.07897397961065261, 0.2722708821224104, -0.1573315221067118, -0.13859761890652234, -0.6850912417575699, -0.4224826114631516, -0.583439531305048, 0.006546723821784641]], "inverted": false, "swapped": true, "error_lsq": 0.04776009952796052, "error_max": 0.24812301471819737, "target": "264.xyz", "model": "21.xyz", "model_rescale": 4.08911054899281, "target_rescale": 3.909933863916159},
{"mapping": [6, 0, 13, 2, 1, 8, 5, 10, 14, 9, 12, 15, 11, 16], "R": [[0.3745152060543631, 0.11724641819116224, -0.9197780372760599], [0.5950065730146055, -0.7911809496743822, 0.14142094237331881], [-0.7111297620712219, -0.6002382712670742, -0.36607168587974864]], "T": [0.02608265665455179, -0.13302449891566634, -0.018720000275642672], "aligned_model": [[-0.5287027625495859, -0.3401359789439621, -0.30059631629352, 0.5403008006562383, 0.42265287305110644, 0.02922868702428478, -0.06775521781415614, -0.576739507959676, 0.30251949698295977, 0.04895099194680406, -0.28338210373219286, 0.7492540500726608, 0.518604991377674, 0.0009782754330013646], [0.173151962665875, -0.4036551022283069, -0.6875973501999447, -0.5445526631503048, -0.004867593568108369, 0.42687550835573584, 0.5189468696377121, 0.23943581042625525, -0.4025698221639592, 0.16779120852778615, -0.3775188622963358, -0.12246245818110943, 0.4406735030278557, -0.16852082230386903], [-0.41119068907069756, -0.645395662536651, 0.1311458306540814, -0.314486969010121, -0.6942244431514581, -0.4276993425540388, 0.23397911299940946, 0.3673035288384173, 0.4938720187524368, 0.6266748873387347, 0.6053181190631848, 0.0730329121108615, -0.13782240421167832, -0.03809605513242882]], "inverted": true, "swapped": false, "error_lsq": 0.04622256167122155, "error_max": 0.2424440868459607, "target": "264.xyz", "model": "22.xyz", "model_rescale": 4.204369325754507, "target_rescale": 3.909933863916159},
{"mapping": [0, 4, 12, 13, 9, 8, 6, 1, 14, 10, 3, 11, 5, 15], "R": [[-0.6188090236893636, -0.7546933703821131, -0.21797547775358375], [-0.3833999680079824, 0.04797286592378064, 0.9223356594356183], [-0.685623699074131, 0.6543214201264892, -0.319035456386214]], "T": [0.012348032790734289, -0.11828939617371395, -0.06028418496937521], "aligned_model": [[-0.5454505899341935, -0.42628620190118965, -0.3041554977109493, 0.4394125994894242, 0.6388877027423288, -0.053980004638344, -0.2213155033411277, -0.508441464974459, 0.306763977330599, 0.3526380769555614, -0.31626774760902643, 0.7088730811048365, 0.41983121365192544, 0.024668638086250656], [0.1618001628499591, -0.37107736472233066, -0.5492743955583725, -0.618753441069411, 0.036367718240345986, 0.46562315103685203, 0.5911803638941445, 0.1315515947061834, -0.64526190968356, -0.017574323703309136, -0.31094781266239513, -0.12757807826959439, 0.6031690383935822, -0.09409451490281254], [-0.3485285142597345, -0.5878856251961546, 0.05894881253873245, -0.19623064873016918, -0.47566240526336034, -0.53664422128312, -0.04191390941811285, 0.25889789828886073, 0.4248530983659709, 0.6411166968137227, 0.7015051548761593, 0.124051865101617, -0.1289706266141404, -0.031126731130219115]], "inverted": true, "swapped": false, "error_lsq": 0.04333855651097124, "error_max": 0.2812450844459755, "target": "264.xyz", "model": "23.xyz", "model_rescale": 4.410303926677745, "target_rescale": 3.909933863916159},
{"mapping": [3, 1, 10, 11, 7, 0, 5, 4, 9, 15, 8, 13, 12, 16], "R": [[0.12333973240335934, 0.955468607373268, 0.26808030650321185], [-0.9460864732247877, 0.19474973311116975, -0.2588299183522098], [-0.2995124297783836, -0.22170313885309884, 0.9279763049943317]], "T": [0.1510586288674941, -0.07346505864283605, 0.03407369168386305], "aligned_model": [[-0.6451830428209907, -0.14262459184418724, -0.3055709299656143, 0.355822710747124, 0.427414427309707, -0.039635955063127115, 0.03005538811718883, -0.4714240694607712, 0.12717071480958417, 0.2991378987768093, -0.4090907088999707, 0.8199694462781019, 0.41289106436345246, 0.05624592690433078], [0.03858121540074137, -0.4058815554468095, -0.5352292838081051, -0.6520054528476762, -0.07962700387971135, 0.43448104521751496, 0.47630788002559754, 0.12784407246221507, -0.5306628918230377, -0.02783287583772205, -0.2835313332530601, 0.10370538664551644, 0.6533037299584452, -0.0643227442646272], [-0.3692820041650245, -0.7004906609057009, 0.07931960457126629, -0.12111706079856817, -0.5705091395151073, -0.4912948859059891, 0.31462665471175727, 0.24825655049110235, 0.4616476531521388, 0.7307116353463615, 0.5978214605703632, -0.08984392407974222, -0.18824755880960353, -0.03918748057320111]], "inverted": false, "swapped": false, "error_lsq": 0.04321276056188734, "error_max": 0.27354965200010717, "target": "264.xyz", "model": "24.xyz", "model_rescale": 4.28219845311461, "target_rescale": 3.909933863916159},
{"mapping": [11, 5, 8, 1, 3, 9, 13, 14, 0, 2, 6, 4, 7, 15], "R": [[-0.49190772800312477, 0.25980377330642745, 0.8309806174072573], [-0.8666006221728536, -0.05418901629632339, -0.49605132008942393], [-0.08384598249425601, -0.9641397978968504, 0.2518021074792537]], "T": [-0.015236276264193091, 0.03183542840300179, -0.02438076031728709], "aligned_model": [[-0.5142044560469072, -0.2875143938545038, -0.3102194409907998, 0.24477440744700318, 0.5567044516004528, -0.030992841314007966, 0.06946957237842784, -0.5892278172159922, 0.38084814162513164, 0.06290936098131689, -0.2847839920693946, 0.695353605206424, 0.497447715956999, 0.024613965547486655], [0.12331744585343224, -0.4244359217862276, -0.5917991839075685, -0.5077808751630131, -0.14030856754575732, 0.3438020536482632, 0.5838079890502115, 0.18618330651750392, -0.45230152010650015, 0.13529012818955186, -0.5698649911371085, 0.013776451745662603, 0.5631727045830818, -0.007728831392250904], [-0.2222162154210643, -0.6899344866175131, -0.10191049516105144, -0.2504030780836042, -0.5176307915674404, -0.6237990110152312, 0.1782708333978878, 0.45191228847931153, 0.49933931856931524, 0.6479066847978864, 0.5900277104824532, 0.14703821978519768, -0.270107903327373, 0.023917769771278036]], "inverted": true, "swapped": false, "error_lsq": 0.03437352095539373, "error_max": 0.23092642949603898, "target": "264.xyz", "model": "25.xyz", "model_rescale": 4.100010024507729, "target_rescale": 3.909933863916159},
{"mapping": [4, 11, 8, 9, 1, 2, 3, 7, 6, 0, 5, 13], "R": [[-0.32738723853531465, -0.006821360602594362, 0.9448656333488643], [-0.8634940625543968, -0.4038669454570806, -0.3021084148124165], [0.3836607876464893, -0.9147923039721624, 0.1263306796300035]], "T": [0.04643791626166857, 0.03537402761467854, -0.10406191083274999], "aligned_model": [[-0.6819859218332104, -0.043749027159453724, 0.3877020575363084, 0.5562625614775812, -0.5375740109361027, 0.1791389085975639, -0.2803255270282001, 0.5318538197411679, 0.2243669452402249, -0.04797574844816807, -0.4634562475767976, 0.05250779275209323], [-0.2594094406960007, -0.6301659589655154, -0.1412102282976328, -0.3520195617080453, 0.588966958476866, 0.5355636072204895, 0.0788147910963942, 0.25961471228150523, -0.22632226929818336, 0.6678638725560262, 0.08568751902937569, 0.0587473883553607], [0.12057231315430533, 0.1482614781582954, 0.5761008624989535, -0.040238843596672735, 0.1214064179496421, 0.25588933544679593, 0.5504567538342441, -0.3093844772548936, -0.6611142452312404, -0.5882945469101633, -0.5300886489812874, -0.07837410921362187]], "inverted": false, "swapped": true, "error_lsq": 0.03772118261064972, "error_max": 0.20839159555542697, "target": "264.xyz", "model": "26.xyz", "model_rescale": 3.6694154284099745, "target_rescale": 3.909933863916159},
{"mapping": [4, 0, 2, 6, 1, 5, 8, 10, 12, 9, 11, 3, 7, 13], "R": [[0.8587606626271145, -0.11811572510990737, -0.4985767742344202], [0.002255842198312201, 0.9739285415487993, -0.2268437945649057], [0.5123719698619504, 0.19367981680699106, 0.8366379701288933]], "T": [0.014466586444556402, 0.014411057806740922, -0.0030906268758839894], "aligned_model": [[-0.7639774844058074, -0.238087732046243, -0.31219716892067945, 0.3838186626217865, 0.4804991843228155, 0.11969637471421501, -0.22588475175252098, -0.46714229952725866, 0.31465407414682595, 0.19213402418975065, -0.2413409856535716, 0.78513994988762, 0.5017818537703844, -0.013915422095680346], [0.14701694250920763, -0.1813594284102317, -0.579966083359061, -0.5393702759596608, -0.2077511241353623, 0.3854405000022707, 0.6006825692020648, 0.0986039297633714, -0.5557923104336698, 0.22427460630912846, -0.4912260226253592, -0.017651411118056064, 0.40716678776037585, -0.034938490955736576], [-0.23106228737147283, -0.5817300448826074, -0.04931022438097593, -0.170708376532256, -0.7194035726791228, -0.6939179167291055, 0.07981981627312994, 0.3474163789846527, 0.46003830164374504, 0.6208124970507367, 0.641167937828191, 0.23746245520652137, -0.06938762181673877, -0.008786498504645766]], "inverted": false, "swapped": false, "error_lsq": 0.041684796253430335, "error_max": 0.2702763526133048, "target": "264.xyz", "model": "27.xyz", "model_rescale": 4.103607728864725, "target_rescale": 3.909933863916159},
