[{"mapping": [9, 1, 8, 11, 7, 4, 3, 2, 5, 12, 10, 14], "R": [[0.7728163723146468, -0.060432777144889704, 0.6317457828343499], [0.5590568257849361, -0.40628976961870034, -0.7227614327331361], [0.30035032915863624, 0.9117436605481498, -0.28020202930128707]], "T": [-0.09050876809471643, -0.0376378742731435, 0.0889611598550847], "aligned_model": [[-0.24972537365744268, 0.12023704583229007, 0.4618821849127194, -0.1786152333323338, -0.0716139864154238, -0.6801661427935248, 0.4422433926991892, -0.2308277716560621, 0.7093003053275712, 0.09944683575514139, -0.5472710088172783, -0.0372477853942965], [-0.37620432968454726, -0.6651194127795131, -0.1679194984094072, 0.8344902143213121, 0.26461275919490634, -0.5265581539345089, -0.14891504055154442, -0.6807025323529481, -0.08011697444358842, 0.48979536742880087, 0.11238621403760232, -0.00219357684950678], [-0.4600499744231282, -0.06984363918701196, -0.5648296245673413, -0.10677893843470486, -0.5453640351155271, 0.07480957154439112, 0.5019532571935523, 0.5633650295755042, 0.061378447804852534, 0.39908309778022777, 0.3284216177124669, -0.00019306452971913635]], "inverted": true, "swapped": true, "error_lsq": 0.042732600616497134, "error_max": 0.2691503013057806, "target": "265.xyz", "model": "0.xyz", "model_rescale": 3.751011558992144, "target_rescale": 4.090788448072727},
{"mapping": [9, 6, 11, 10, 12, 4, 8, 0, 1, 7, 13, 2, 5, 3, 14], "R": [[0.8882917643181292, 0.40311172811355167, -0.2200878826784687], [-0.14419898678288767, -0.21018352354693642, -0.9669692542372706], [-0.43605549377960373, 0.8906872745732369, -0.12857599020783614]], "T": [-0.0897400092789829, 0.056648600129849694, -0.05689802543936049], "aligned_model": [[-0.09840441661675578, 0.1959517712577768, 0.33231175970723253, -0.48586457026843116, 0.5972804805057887, -0.6803626914532961, -0.6840389205434687, 0.1503814155343018, -0.07897293382309677, 0.466773267839479, 0.05887986137953949, -0.2785520614811141, -0.47258490413144516, 0.4175492238329918, -0.05328445310100363], [-0.5384745986305971, -0.04217663637233646, -0.5441655370661518, -0.5919166445661076, -0.16465272701883799, 0.07668958713611941, 0.34475517298048025, 0.773845794530459, 0.5540121665617154, 0.27819002324477254, -0.10716624195237094, 0.4981200245226258, -0.140789120010739, 0.3876682877276859, 0.018081976461516408], [0.22584377846822015, -0.7441676409718412, -0.36934908683571194, -0.36496003816123235, 0.11918057432600912, -0.5825758507761755, 0.008076268631324511, 0.0020460513539703323, -0.5449544794568633, -0.3413086335965266, 0.6348960406378212, 0.6162966658468538, 0.39535652693873774, 0.40838628539012645, -0.04320786817412639]], "inverted": false, "swapped": false, "error_lsq": 0.03691559310533408, "error_max": 0.23315793765429405, "target": "265.xyz", "model": "1.xyz", "model_rescale": 3.9405287249114394, "target_rescale": 4.090788448072727},
{"mapping": [9, 4, 13, 3, 0, 7, 1, 2, 12, 6, 5, 8, 14], "R": [[-0.047352703194503035, 0.9955809757373405, 0.08109403338136657], [-0.9754682810085317, -0.06356362031810113, 0.2107636090939723], [0.21498686993961696, -0.06912443071694102, 0.9741675722541913]], "T": [-0.012394722571546592, -0.037317449070910794, -0.1267434533479191], "aligned_model": [[-0.31745280315483293, 0.24149455132459405, -0.41456151868693586, 0.3774490319278251, 0.6361294016307266, -0.7135815710685122, 0.14692936538917684, 0.7219212763160009, -0.009218802786299083, -0.4682262070346315, -0.052031228776958684, -0.5430629677352483, -0.109805248060974], [0.5134539140293444, 0.6607055544868615, 0.27564368765110125, -0.4605171178396799, -0.20493070655778184, 0.00802873041899689, 0.31936174984942617, 0.28678102692468105, -0.6359978775905115, -0.7329271192229809, -0.4908454500092117, -0.02249072129676387, -0.05743307727146472], [0.0853434883475484, -0.31447530988066275, -0.5726422095951871, 0.24162298440311997, -0.3235949580993236, -0.10772665336441323, 0.43071652504147867, -0.008333992270809526, -0.3548141228995671, 0.027459009633106213, 0.5328027039638277, 0.5571591991298479, -0.08039631482032183]], "inverted": true, "swapped": true, "error_lsq": 0.04834643523129929, "error_max": 0.29413572547781747, "target": "265.xyz", "model": "2.xyz", "model_rescale": 3.932901565614263, "target_rescale": 4.090788448072727},
{"mapping": [0, 3, 2, 12, 4, 9, 1, 13, 11, 7, 5, 6, 8, 14], "R": [[-0.6021025079724186, -0.13851955746148475, -0.7863109449155585], [-0.7914650623515674, -0.026144969257073047, 0.6106549726804628], [-0.10514573205867006, 0.9900145316020476, -0.09389143862262012]], "T": [-0.05375575046534212, -0.09386049004180291, -0.06760720461336725], "aligned_model": [[-0.0436982171037974, 0.5222238312249323, 0.038798995980644554, 0.0024323872288819215, -0.47653427428234285, -0.15575710042685897, 0.31415016192171497, -0.6531047080180481, -0.40593403529978855, -0.1778453581589162, 0.7188547834952693, 0.3033128503291842, 0.45381866795198844, -0.02090807279015991], [0.10181993974195466, 0.10715232496439617, -0.4816078286639202, 0.5434835949271044, -0.6591723332146657, -0.6627476712029321, -0.6632219478433508, -0.16157101326830087, 0.563238670905466, -0.1001421473520996, 0.036508324513837564, 0.4958871408561029, -0.3665930125491851, -0.08953740346391868], [-0.7377088939881242, -0.3751967276936127, -0.7742657000262775, -0.10047029646780796, -0.36529826363290263, 0.26004123120585265, -0.12956374949460683, 0.24013394951423758, 0.4332675168330693, 0.6242332547592697, 0.10072808250258727, 0.4224267750280988, 0.5785635447113031, 0.0370056398060111]], "inverted": false, "swapped": true, "error_lsq": 0.04034747290766797, "error_max": 0.23400314133448874, "target": "265.xyz", "model": "3.xyz", "model_rescale": 3.9243930471874484, "target_rescale": 4.090788448072727},
{"mapping": [0, 1, 4, 10, 13, 3, 12, 9, 7, 8, 11, 6, 14], "R": [[0.7553109645706212, 0.15945112120129004, 0.6356734120183488], [0.19955155702844565, 0.867938665518612, -0.45482045796698084], [-0.6242471649009879, 0.4703804979433381, 0.6237448711353516]], "T": [0.013936529912658426, -0.15113858130062832, -0.1725234914207449], "aligned_model": [[-0.05029098072905011, -0.22483276727291132, 0.5421402480950097, 0.428396075292752, 0.6195682433910498, -0.5973667248106326, -0.17781907261866403, 0.24133142715080821, 0.14945445740933885, -0.41138200555669263, 0.22681963288340426, -0.45170485731259963, -0.017107789610459917], [-0.8300084133396144, 0.09839375558940694, -0.2038534537039484, -0.4834116487137542, 0.08074014141403954, -0.4467254519977858, -0.4656410830668162, 0.3863176817879871, 0.4466978611998491, 0.6026605821459323, -0.05235889370913874, 0.05212387426307458, -0.05710539818764465], [-0.32231947502746944, -0.7591142167314888, -0.7249373771788736, -0.09316244042070132, 0.022286650513276246, -0.24806604675034408, 0.3516544722035289, -0.49004943328232103, 0.17143492252842418, -0.19355729567029784, 0.694429619191044, 0.5037131740207681, -0.12524223802458145]], "inverted": false, "swapped": true, "error_lsq": 0.05203389256227323, "error_max": 0.383000209310108, "target": "265.xyz", "model": "4.xyz", "model_rescale": 3.8936222436046832, "target_rescale": 4.090788448072727},
{"mapping": [9, 1, 8, 7, 5, 3, 0, 12, 11, 13, 6, 14], "R": [[0.16039452673253407, 0.5994702692540023, 0.7841613303873002], [-0.9656775907238785, 0.2597416075307344, -0.0010431160411117357], [-0.20430464157226502, -0.7570797141634982, 0.6205561375364395]], "T": [-0.09815101235140107, -0.21941191939923907, 0.09922218439092212], "aligned_model": [[-0.04341001478946056, -0.6136816557064892, -0.26896709866296037, 0.34652911317984636, -0.584803139834281, -0.643878480583218, -0.3774215804544994, 0.0548772993194014, 0.6551303920917292, 0.5110801100312533, 0.06232452316097338, -0.07023142553719768], [-0.5881532432522698, -0.47159585418218786, 0.08327601530046372, -0.04373328605026877, 0.3617164073005261, 0.13701612829233215, -0.30623359243686255, 0.2818796930053048, 0.2652461786732958, -0.48765894344876737, 0.5978260522575893, -0.1606626503493481], [-0.4507084085453561, -0.2668341804658522, -0.6937174950249633, -0.4160229174035561, -0.16100734623055146, 0.3039427799977611, 0.733176603543355, 0.4676426336451242, 0.165237272844097, -0.02483215623388002, -0.048437069333844396, 0.010845002483184846]], "inverted": false, "swapped": true, "error_lsq": 0.04501746391008085, "error_max": 0.25264751797610274, "target": "265.xyz", "model": "5.xyz", "model_rescale": 3.6523030999806103, "target_rescale": 4.090788448072727},
{"mapping": [6, 7, 13, 12, 10, 5, 9, 3, 1, 2, 4, 0, 14], "R": [[-0.3158044394505825, -0.33206952571973936, 0.8888179713032196], [0.907189736551607, 0.1687718730903825, 0.3853866068624983], [-0.2779826216128076, 0.9280333425808749, 0.24795115877817425]], "T": [0.09777977404591975, -0.007451707525420289, 0.05916967247364862], "aligned_model": [[0.21944437747001466, -0.11204067706917287, 0.20422733549551883, 0.5949962311895893, 0.5094169490401992, -0.21906272194749798, -0.43510001009650456, 0.10891603761276114, -0.5052656589263074, 0.012037404283133601, -0.04679350266216209, 0.5039112271229885, 0.0463959131517339], [-0.588894256851548, 0.12846338173688798, 0.5594701303049318, -0.36809011010362325, 0.3190793662985882, -0.7391792991672682, 0.3702899033910377, -0.6189045846693297, -0.05337253963121255, 0.07555023703796605, 0.6262602881004496, -0.13533955245834284, -0.03450605982535335], [0.6612957731644399, 0.7161197299252999, 0.4138202783823394, 0.24126939680065407, -0.05224207058201861, 0.13945291011785857, 0.18058140507297846, -0.24541415456869026, -0.2532296335481932, -0.743351063746676, -0.34635073529187904, -0.4941206677822602, 0.15227857153793606]], "inverted": false, "swapped": true, "error_lsq": 0.04133777381195065, "error_max": 0.2207939062615594, "target": "265.xyz", "model": "6.xyz", "model_rescale": 4.08911054899281, "target_rescale": 4.090788448072727},
{"mapping": [7, 10, 12, 5, 13, 4, 3, 9, 8, 11, 2, 0, 6, 1, 14], "R": [[0.4820856293236531, -0.14267158182838086, 0.864429445205452], [-0.5296217779995966, -0.8334244078061804, 0.1578116875946256], [0.6979213553604473, -0.5338994064535991, -0.4773439069688974]], "T": [-0.017796083313451082, 0.021538393641306927, -0.08232978116561593], "aligned_model": [[-0.169942354253395, 0.12227082343028525, 0.4266158622246751, -0.3194950813046888, 0.5701170195522508, -0.6528406324701567, -0.6376986506192555, 0.09507393209471965, -0.2538577053947047, 0.48833186180750265, 0.03996075181531237, -0.3716984940912526, -0.38192275840277495, 0.37958563353982583, 0.05256262071015467], [-0.6659860501110174, -0.009895213120140717, -0.4317228584896662, -0.5519309607288875, -0.330836842356395, -0.008982329299870945, 0.4866447375141341, 0.797262253432832, 0.4603624914751873, 0.19460186569138588, -0.16114194465707837, 0.49551211173059573, -0.032467646102877515, 0.38938202421476487, 0.1712198883552679], [0.23930761718783586, -0.7884941306645068, -0.4064504037598551, -0.48309385614320643, 0.1747390790372685, -0.3866920583284724, 0.07844438405596951, -0.07395357201777752, -0.5480091719761094, -0.32402090795095984, 0.7008889528329721, 0.6489418382140538, 0.2547726937778634, 0.4123669879896664, -0.07918885863415558]], "inverted": false, "swapped": false, "error_lsq": 0.05054428710248203, "error_max": 0.33178923526809473, "target": "265.xyz", "model": "7.xyz", "model_rescale": 3.964800864290218, "target_rescale": 4.090788448072727},
{"mapping": [3, 1, 5, 0, 6, 4, 12, 8, 9, 13, 10, 11, 7, 14], "R": [[-0.02471666782539958, 0.8067975104823958, -0.5903108193240383], [-0.7926239270776841, 0.34402723000457336, 0.5033811431105966], [0.609209649099191, 0.48033638431289893, 0.6309838043481402]], "T": [-0.08391071346379758, -0.09147252477753182, 0.06990810563825114], "aligned_model": [[-0.20865785035923928, 0.20424933719190203, 0.2968927394985159, -0.725174286937273, 0.25358892277157247, -0.2895983281318233, -0.3221525551019657, 0.7548654830897144, 0.3652841954237222, -0.015873499615898512, -0.5119788868647412, -0.022005995892068753, 0.4655309600504984, 0.016217654337957327], [-0.001796133632101904, -0.6294606587735991, 0.11871364468901863, -0.16239233956781335, 0.6511156013116064, -0.7412090686246322, 0.488056204174699, -0.0834147450759824, -0.4981390022162579, -0.058478872005059385, -0.07780203196832264, 0.6935955671428964, 0.1591169676648671, -0.046956666938116495], [-0.595799218744675, -0.23158550347877774, -0.6031968923085124, -0.19688707401595198, -0.1539007984713067, 0.41987118313980265, -0.0636278426322344, -0.1444304597886044, 0.3423722459123788, 0.742805469451973, 0.3940238859516543, 0.5017879907930994, 0.42962975478425536, 0.07575229813192014]], "inverted": false, "swapped": true, "error_lsq": 0.04106913347446434, "error_max": 0.27157535025142726, "target": "265.xyz", "model": "8.xyz", "model_rescale": 4.121658175737393, "target_rescale": 4.090788448072727},
{"mapping": [6, 12, 3, 5, 11, 7, 10, 9, 2, 13, 8, 1, 14], "R": [[0.4259360871359023, -0.8320499184663609, -0.3553468486640621], [-0.34061787848243996, 0.21639001338503966, -0.9149616510900032], [0.8381872765280319, 0.5107526752620539, -0.19124276242298965]], "T": [0.0882207793612553, -0.13141448293435562, -0.04142452513511769], "aligned_model": [[-0.5856410137300505, -0.21585999201485204, 0.31770493915791664, -0.014985584509799005, -0.7285754543368903, -0.5033851653448448, 0.1612132516571166, 0.10333258699922931, 0.8976066142827712, -0.21558392380820443, -0.2360943641627334, 0.49391508160260555, 0.0030905206429321097], [0.17877567164210026, -0.28007801590676984, 0.22123929723977007, 0.5778498155603616, -0.4718991094698626, -0.008143516748770813, -0.6632326068602974, 0.05511906659507862, -0.17171504415348032, -0.544219575719393, 0.6201218896784153, 0.34472958756222394, -0.0681600200076661], [-0.4477813964218116, -0.5853717750703515, -0.5797016626403926, -0.39996662199581695, -0.1950424600258171, 0.3175846478188971, -0.05936510909057551, 0.5960448984046092, -0.08080781894452269, 0.40107198730511034, 0.24064678618311974, 0.2270243540071316, -0.013260395570491967]], "inverted": false, "swapped": true, "error_lsq": 0.036324873555220585, "error_max": 0.22417919925308222, "target": "265.xyz", "model": "9.xyz", "model_rescale": 3.833441315466971, "target_rescale": 4.090788448072727},
{"mapping": [6, 5, 4, 1, 3, 0, 10, 8, 13, 2, 7, 11, 12, 9, 14], "R": [[-0.7811644866439575, 0.5989382757991134, 0.17622425085403987], [0.2639513486357383, 0.061033708070083514, 0.9626030189193211], [0.5657841729490649, 0.7984659217912817, -0.2057679308792837]], "T": [-0.1060116358347836, 0.005297782840057726, -0.0029355593004362496], "aligned_model": [[-0.1727772170779726, 0.08230293110549292, 0.3570122141667037, -0.561407203141251, 0.7439660348186031, -0.5547319626511853, -0.6492904503024077, -0.030143899237039556, -0.052216835264675146, 0.4353844861419164, 0.21233379650547093, -0.3060085639304603, -0.608980419516978, 0.5095276545674197, -0.01790773754513883], [-0.6623508426147766, -0.14453268003779088, -0.6242141052595043, -0.4297063817301397, -0.12043907121645683, 0.12563811500982536, 0.6183071599993188, 0.7442145527352589, 0.416333416435028, 0.3206369734667023, 0.02785119445911078, 0.23143591767857621, -0.23411101749554236, 0.4992407784843336, 0.03371751763429044], [0.10202747292731941, -0.6350143975310135, -0.16179485918987768, -0.3889345061876402, 0.12375324316547175, -0.5009227423269856, 0.06650345556395972, 0.23329622536859967, -0.6839952987957748, -0.35521625546637403, 0.5819246856421091, 0.608783210860836, 0.22668562063272124, 0.1842590601677141, 0.018203678789521775]], "inverted": false, "swapped": false, "error_lsq": 0.04813941652753934, "error_max": 0.3018786020167016, "target": "265.xyz", "model": "10.xyz", "model_rescale": 4.2482417240324, "target_rescale": 4.090788448072727},
{"mapping": [0, 3, 8, 6, 4, 9, 1, 7, 12, 13, 10, 14], "R": [[-0.4202462008240501, 0.8953066407776966, -0.14771306534057466], [0.8916044331321236, 0.437669067293938, 0.11613493166657182], [0.16862581508208357, -0.08289636007335394, -0.9821881326785069]], "T": [-0.08388966394321615, 0.02542304570097584, -0.06475166422005053], "aligned_model": [[-0.6714290126089156, -0.18915380697331427, 0.5910780941093264, 0.5956044098392961, -0.5924888582096165, 0.07595537784532455, -0.17689676190198717, 0.5377023807251571, 0.038427697874702765, 0.04498169063018076, -0.40092445530844845, 0.02390884634130115], [-0.328179155010595, -0.6022831094055174, 0.06441622281232846, -0.4405651188633417, 0.5840933859313467, 0.5709739757406195, 0.1195749640416709, 0.3423236047988888, -0.4359292361151552, 0.583135714692319, 0.17418490803868467, 0.03438523338939088], [-0.19586709466970242, 0.18359162250845096, 0.4760343508321362, -0.2560012111652142, 0.0623445095658038, 0.27907117261122844, 0.602969040457386, -0.15006448171819328, -0.49211229334911005, -0.42649364220419617, -0.4719851744797704, -0.04629450853446233]], "inverted": false, "swapped": true, "error_lsq": 0.046013426493109126, "error_max": 0.32831180700976653, "target": "265.xyz", "model": "11.xyz", "model_rescale": 3.6694154284099745, "target_rescale": 4.090788448072727},
{"mapping": [10, 0, 3, 2, 4, 11, 13, 6, 1, 8, 5, 9, 12, 14], "R": [[0.9322405842963534, -0.06595019795243165, -0.3557781111603541], [-0.3171454581145306, -0.6222966040339184, -0.7156575263386654], [-0.17420175483650774, 0.779998402561113, -0.6010459554925844]], "T": [0.068997995154179, 0.011461972106212533, -0.06520374311635665], "aligned_model": [[0.09992261885177066, -0.0332458113409614, -0.23958952766753117, 0.5052516937266417, 0.76179341762961, -0.5265886318015789, 0.2568457228061146, -0.6541802036434077, 0.5196346293213681, 0.10679809591587132, -0.2876318412290702, 0.596580188388864, -0.549663667464151, 0.04233816676226992], [-0.2680955491312507, 0.33215988048248674, 0.619673172998189, 0.5193257490267129, -0.09419430939289034, -0.6540850547734685, -0.6390817360818573, -0.04137904540289293, 0.4490449605081487, 0.15093094379225552, 0.5514521725116388, -0.14656074037022346, -0.03258723116058409, -0.01561592487001023], [-0.5227750954422654, -0.6768632188682207, -0.10548799435493683, -0.5235024485600278, -0.3747362610032918, 0.029707072988356037, -0.0690274549035364, 0.37028985577895035, 0.19711971306050888, 0.7884185472831975, 0.4075388688315399, 0.3063823835104025, -0.22570915475881856, 0.037740646090557536]], "inverted": false, "swapped": true, "error_lsq": 0.05024226785721776, "error_max": 0.40089717506122063, "target": "265.xyz", "model": "12.xyz", "model_rescale": 3.9764082729961374, "target_rescale": 4.090788448072727},
{"mapping": [14, 8, 11, 3, 10, 7, 4, 9, 2, 1, 13, 5, 6, 12, 15], "R": [[-0.1540337773726303, -0.8851582195759672, 0.439054121658621], [0.18479110049772748, -0.4623243375286192, -0.8672418671314034], [0.9706316729868021, -0.05245124637058313, 0.23478292559088415]], "T": [-0.05710804133366083, 0.12315732578174815, 0.011724828646545955], "aligned_model": [[-0.23001606023509835, 0.1922427503967284, 0.2735557628771391, -0.3453327756813111, 0.6928922931481539, -0.5620344283816265, -0.7591260364786858, 0.02393753340754802, 0.0395754749044437, 0.4459407998011247, 0.1713273380014506, -0.4095130556454974, -0.45893578861435436, 0.4626907878433411, -0.1501417667048579], [-0.631948858972234, -0.15322579562146432, -0.5810660919722808, -0.4905994039058969, -0.08418364259223321, 0.22817342001065855, 0.2678909551457362, 0.7095003648419385, 0.4735141341305609, 0.4115740155968927, -0.21494335982999913, 0.6648522494059126, -0.16530262457806505, 0.29327020647914637, 0.07451595940956113], [0.20851280165540256, -0.5891823101988785, -0.14725795413538634, -0.48694603132720987, -0.18990879967266838, -0.5405927091327489, 0.05740450468431576, 0.11723587962296927, -0.6983187745480671, -0.24727373260432206, 0.4677793758706573, 0.5457671691425066, 0.5939482602026531, 0.34048662684597, -0.012095712784606846]], "inverted": false, "swapped": false, "error_lsq": 0.04449409497492669, "error_max": 0.27916153009869976, "target": "265.xyz", "model": "13.xyz", "model_rescale": 4.170626492500431, "target_rescale": 4.090788448072727},
{"mapping": [7, 8, 13, 9, 10, 2, 4, 6, 12, 5, 3, 1, 0, 14], "R": [[0.8241480570736045, -0.008881882270273228, -0.5663047697036816], [-0.3251722671361327, 0.8112436000252153, -0.48594939870698106], [0.4637272654344906, 0.5846408586349964, 0.6656966949799165]], "T": [0.02278477712321529, 0.08925683110449316, 0.017203781349432706], "aligned_model": [[0.0395987000634999, -0.19682168079843837, -0.0615583137802445, -0.5361073243872942, 0.1214348264941945, -0.38941221010921917, -0.5749200208002481, 0.6497393405960735, 0.6601738383871113, 0.19839108033122993, 0.23899105328442, -0.5296979518594567, 0.19021772737159004, 0.03315395729842527], [-0.4642248485880773, -0.7340989158043605, 0.09244050135292663, -0.18703145033259067, 0.5289643356845146, 0.6466262564969774, 0.5146635006284114, -0.473910877899357, 0.13073663119730922, -0.41114343135958614, 0.10489565276209097, -0.06180643039533286, 0.6881049970678658, -0.01814145288512592], [-0.4157583803010968, 0.1702063108023991, -0.6546478489079565, -0.21234970302385592, -0.2750388587217022, 0.43876466211472587, -0.20351610202402712, 0.0893401931136613, 0.0667939319241321, 0.6180547091871537, 0.6651082638429707, 0.3850469118463501, 0.3346551004111248, -0.0027860891430133428]], "inverted": true, "swapped": true, "error_lsq": 0.052799110183604336, "error_max": 0.3744929222419897, "target": "265.xyz", "model": "14.xyz", "model_rescale": 3.9786697098870705, "target_rescale": 4.090788448072727},
{"mapping": [3, 5, 2, 0, 1, 9, 6, 7, 10, 12, 8, 14], "R": [[0.7051436162949256, -0.4754106801350098, 0.5260771479660395], [0.7084297818537039, 0.5037443635982215, -0.4943367883596528], [-0.0299954093359011, 0.7212671497833449, 0.6920072066548018]], "T": [0.1962245607882241, 0.010436177733838576, 0.05571750768770227], "aligned_model": [[-0.11098834748920305, -0.5298023822647879, 0.6316508081656473, 0.5427174205005554, 0.07665116491869067, 0.20798602408350034, -0.5030932171854978, -0.11761391520914521, 0.6673636361762671, 0.029323724697066844, -0.5185629786040451, 0.10772265897828805], [-0.37235093957070925, -0.10765827023241194, 0.007458164777254526, -0.47738741259997997, 0.4402925911883015, 0.673813886854989, -0.3138270548529492, 0.35489989901244223, -0.17245798247212477, -0.5692234698663403, 0.4987649899884758, 0.052350087997491676], [-0.4195342117652123, -0.2623994726899561, -0.6288814430645605, -0.30400335848879756, -0.45837539273514066, 0.0900989096448153, 0.4039150901442272, 0.5819599108514868, 0.23753604443708987, 0.27154933139482146, 0.04286445360482426, 0.10523663254023245]], "inverted": false, "swapped": true, "error_lsq": 0.051357855407007824, "error_max": 0.2937966580243181, "target": "265.xyz", "model": "15.xyz", "model_rescale": 3.769337070930944, "target_rescale": 4.090788448072727},
{"mapping": [1, 9, 3, 5, 2, 4, 0, 13, 12, 6, 14], "R": [[-0.3948668032848241, 0.5855360857894141, -0.7079743638734639], [0.7750585642514116, 0.6260756993290628, 0.0855186569712435], [0.4933198046340368, -0.5149531152911271, -0.7010412679777124]], "T": [0.029466430786733402, -0.021871668500688314, 0.07041690380377003], "aligned_model": [[-0.26729409716907776, -0.19995478637095604, -0.1427142411286506, -0.6198062037795454, 0.39700968779535584, 0.4593820905622027, 0.5095470599943557, 0.23622386165870946, 0.0980989099832132, -0.48254523709164276, -0.06532091376279317], [-0.0895323631318336, -0.5875059441935654, 0.6148155596271618, 0.44366557741648466, 0.1863577896315628, -0.4529078793277348, 0.45274633967277816, -0.5961506192870845, 0.39854383269013294, 0.28049685088681975, -0.05446464635938017], [-0.5384517707905931, -0.19190764529045262, -0.10777718921615578, 0.0073300386797888195, -0.6222829271698604, -0.3946846305822591, -0.10759600150829635, 0.3636123288734793, 0.5489406351133542, 0.6719573309290923, 0.1150774381856799]], "inverted": true, "swapped": true, "error_lsq": 0.04176735592776488, "error_max": 0.22406966208677837, "target": "265.xyz", "model": "16.xyz", "model_rescale": 3.7852294659196426, "target_rescale": 4.090788448072727},
{"mapping": [3, 4, 10, 0, 1, 9, 7, 13, 12, 6, 8, 11, 14], "R": [[0.7331583381829515, 0.029867529139127713, -0.6794017823467469], [0.2913783366497879, -0.9164847055048965, 0.274143118656672], [-0.6144733648287906, -0.39895327455571367, -0.6806311546184596]], "T": [-0.03858257691579603, -0.03831901953134989, -0.0312306687166777], "aligned_model": [[0.11555782544594054, -0.559271823908826, 0.13766512436688033, 0.16631300321515646, -0.6372326302287884, -0.6014434477615328, -0.04509527194732753, -0.05789403886181893, 0.5917214078748286, 0.5091384400011492, -0.365713983734163, 0.6389123274142603, -0.03889108165947569], [-0.17476931094939713, -0.4590287340146557, -0.3925330918484541, -0.673767103923473, -0.02322748164702021, 0.2281782140966265, 0.5954021509048664, 0.09733848447341217, -0.03013888639026388, 0.551361818976195, 0.7077233544077535, 0.37717566944532177, 0.0713405401719629], [-0.682684427137983, 0.34136183128534964, 0.3320177604137714, -0.23531837526893304, -0.35489129747080145, 0.200193751597219, 0.2728021816883872, 0.6318927095950938, -0.14566206496563572, -0.2914454864170003, -0.3244153806442951, 0.38715809338093055, -0.035254598912929175]], "inverted": true, "swapped": true, "error_lsq": 0.04525300971903169, "error_max": 0.3078937550124857, "target": "265.xyz", "model": "17.xyz", "model_rescale": 3.901054581598922, "target_rescale": 4.090788448072727},
{"mapping": [9, 6, 11, 10, 12, 4, 8, 0, 1, 7, 13, 2, 5, 3, 14], "R": [[0.8882917643181292, 0.40311172811355167, -0.2200878826784687], [-0.14419898678288767, -0.21018352354693642, -0.9669692542372706], [-0.43605549377960373, 0.8906872745732369, -0.12857599020783614]], "T": [-0.0897400092789829, 0.056648600129849694, -0.05689802543936049], "aligned_model": [[-0.09840441661675578, 0.1959517712577768, 0.33231175970723253, -0.48586457026843116, 0.5972804805057887, -0.6803626914532961, -0.6840389205434687, 0.1503814155343018, -0.07897293382309677, 0.466773267839479, 0.05887986137953949, -0.2785520614811141, -0.47258490413144516, 0.4175492238329918, -0.05328445310100363], [-0.5384745986305971, -0.04217663637233646, -0.5441655370661518, -0.5919166445661076, -0.16465272701883799, 0.07668958713611941, 0.34475517298048025, 0.773845794530459, 0.5540121665617154, 0.27819002324477254, -0.10716624195237094, 0.4981200245226258, -0.140789120010739, 0.3876682877276859, 0.018081976461516408], [0.22584377846822015, -0.7441676409718412, -0.36934908683571194, -0.36496003816123235, 0.11918057432600912, -0.5825758507761755, 0.008076268631324511, 0.0020460513539703323, -0.5449544794568633, -0.3413086335965266, 0.6348960406378212, 0.6162966658468538, 0.39535652693873774, 0.40838628539012645, -0.04320786817412639]], "inverted": false, "swapped": false, "error_lsq": 0.03691559310533408, "error_max": 0.23315793765429405, "target": "265.xyz", "model": "18.xyz", "model_rescale": 3.9405287249114394, "target_rescale": 4.090788448072727},
{"mapping": [3, 13, 14, 12, 11, 4, 0, 8, 7, 9, 10, 6, 1, 5, 15], "R": [[-0.7290664176060331, -0.6510080907926665, -0.21130694366629965], [0.21951526680294214, -0.5148239344231194, 0.8287154904944959], [-0.6482863613863388, 0.5578035337532267, 0.5182470563089332]], "T": [-0.07799788802941912, 0.014144899128154718, -0.07898052856148896], "aligned_model": [[-0.3054806864107085, 0.298231513684709, 0.25345568766242255, -0.39703378504024645, 0.6360866441484115, -0.5996525483146269, -0.6551713370972321, -0.17970029920355057, -0.007819672370903502, 0.49091241535542796, 0.3628806616299072, -0.2685001691950587, -0.5343660355753473, 0.35362689729009167, -0.06040645792479706], [-0.708499281956857, -0.18093514158912555, -0.6747721876768781, -0.38080336097329975, -0.08033011569498036, 0.21346433847276583, 0.37423799156997867, 0.7502227281027648, 0.5130849620559261, 0.47293058148028505, -0.42259833887142106, 0.44855123078608633, -0.09955875258639049, 0.5680538493161278, 0.008973025113251445], [0.31020523538492717, -0.6002530679989128, -0.2025553510187557, -0.2848227751259961, -0.05972035259258068, -0.5510114651728011, 0.020407762614080588, 0.06285812903702853, -0.570670858539577, -0.3132167583121116, 0.403497953299061, 0.4983265608444932, 0.3839654914794159, 0.3661571606520976, -0.043609070929782494]], "inverted": true, "swapped": false, "error_lsq": 0.04261137575815889, "error_max": 0.2959481749661032, "target": "265.xyz", "model": "19.xyz", "model_rescale": 4.410303926677745, "target_rescale": 4.090788448072727},
{"mapping": [3, 1, 5, 0, 6, 4, 12, 8, 9, 13, 10, 11, 7, 14], "R": [[-0.02471666782539958, 0.8067975104823958, -0.5903108193240383], [-0.7926239270776841, 0.34402723000457336, 0.5033811431105966], [0.609209649099191, 0.48033638431289893, 0.6309838043481402]], "T": [-0.08391071346379758, -0.09147252477753182, 0.06990810563825114], "aligned_model": [[-0.20865785035923928, 0.20424933719190203, 0.2968927394985159, -0.725174286937273, 0.25358892277157247, -0.2895983281318233, -0.3221525551019657, 0.7548654830897144, 0.3652841954237222, -0.015873499615898512, -0.5119788868647412, -0.022005995892068753, 0.4655309600504984, 0.016217654337957327], [-0.001796133632101904, -0.6294606587735991, 0.11871364468901863, -0.16239233956781335, 0.6511156013116064, -0.7412090686246322, 0.488056204174699, -0.0834147450759824, -0.4981390022162579, -0.058478872005059385, -0.07780203196832264, 0.6935955671428964, 0.1591169676648671, -0.046956666938116495], [-0.595799218744675, -0.23158550347877774, -0.6031968923085124, -0.19688707401595198, -0.1539007984713067, 0.41987118313980265, -0.0636278426322344, -0.1444304597886044, 0.3423722459123788, 0.742805469451973, 0.3940238859516543, 0.5017879907930994, 0.42962975478425536, 0.07575229813192014]], "inverted": false, "swapped": true, "error_lsq": 0.04106913347446434, "error_max": 0.27157535025142726, "target": "265.xyz", "model": "20.xyz", "model_rescale": 4.121658175737393, "target_rescale": 4.090788448072727},
{"mapping": [6, 7, 13, 12, 10, 5, 9, 3, 1, 2, 4, 0, 14], "R": [[-0.3158044394505825, -0.33206952571973936, 0.8888179713032196], [0.907189736551607, 0.1687718730903825, 0.3853866068624983], [-0.2779826216128076, 0.9280333425808749, 0.24795115877817425]], "T": [0.09777977404591975, -0.007451707525420289, 0.05916967247364862], "aligned_model": [[0.21944437747001466, -0.11204067706917287, 0.20422733549551883, 0.5949962311895893, 0.5094169490401992, -0.21906272194749798, -0.43510001009650456, 0.10891603761276114, -0.5052656589263074, 0.012037404283133601, -0.04679350266216209, 0.5039112271229885, 0.0463959131517339], [-0.588894256851548, 0.12846338173688798, 0.5594701303049318, -0.36809011010362325, 0.3190793662985882, -0.7391792991672682, 0.3702899033910377, -0.6189045846693297, -0.05337253963121255, 0.07555023703796605, 0.6262602881004496, -0.13533955245834284, -0.03450605982535335], [0.6612957731644399, 0.7161197299252999, 0.4138202783823394, 0.24126939680065407, -0.05224207058201861, 0.13945291011785857, 0.18058140507297846, -0.24541415456869026, -0.2532296335481932, -0.743351063746676, -0.34635073529187904, -0.4941206677822602, 0.15227857153793606]], "inverted": false, "swapped": true, "error_lsq": 0.04133777381195065, "error_max": 0.2207939062615594, "target": "265.xyz", "model": "21.xyz", "model_rescale": 4.08911054899281, "target_rescale": 4.090788448072727},
{"mapping": [8, 2, 1, 11, 0, 15, 9, 12, 14, 4, 6, 10, 5, 7, 16], "R": [[-0.10595636316486992, 0.8609399498782364, 0.4975496475815594], [-0.9942448379381992, -0.08376341037738765, -0.066789919263266], [-0.01582565442938888, -0.5017629856671466, 0.8648603672710831]], "T": [-0.018300609969753585, 0.0962744291718644, -0.08128899590206873], "aligned_model": [[-0.14180784391088005, 0.23960836865793145, 0.1593684846352622, -0.5258376435524038, 0.6999905774351755, -0.36927844839474633, -0.6325086694751512, -0.12001102032256972, -0.26587440675460317, 0.5881308235296666, 0.24001741870288357, -0.27104396020460175, -0.5780028880540667, 0.3366609245435062, 0.0276511118030955], [-0.5238701073479308, -0.07981369438757119, -0.6275433834740716, -0.4615999157162071, -0.13145319971070113, -0.06960087364341322, 0.4326236575741248, 0.8141308129063498, 0.5524750199340811, 0.19845264223910192, -0.19632822788730514, 0.39223336970717254, -0.024721257588401727, 0.41887571437064, 0.10816097057236507], [0.2031907662057718, -0.7322342784395444, -0.3542722338210407, -0.2119618894809445, 0.09836983443815117, -0.6983845790531986, 0.0497272922240137, 0.05765959456071293, -0.4586625801402903, -0.41006356168534747, 0.5537067597498613, 0.6255805208011341, 0.3308062086815437, 0.44380805018895975, -0.07771131060919619]], "inverted": true, "swapped": false, "error_lsq": 0.04104967545894912, "error_max": 0.29454527198938407, "target": "265.xyz", "model": "22.xyz", "model_rescale": 4.204369325754507, "target_rescale": 4.090788448072727},
{"mapping": [3, 13, 14, 12, 11, 4, 0, 8, 7, 9, 10, 6, 1, 5, 15], "R": [[-0.7290664176060331, -0.6510080907926665, -0.21130694366629965], [0.21951526680294214, -0.5148239344231194, 0.8287154904944959], [-0.6482863613863388, 0.5578035337532267, 0.5182470563089332]], "T": [-0.07799788802941912, 0.014144899128154718, -0.07898052856148896], "aligned_model": [[-0.3054806864107085, 0.298231513684709, 0.25345568766242255, -0.39703378504024645, 0.6360866441484115, -0.5996525483146269, -0.6551713370972321, -0.17970029920355057, -0.007819672370903502, 0.49091241535542796, 0.3628806616299072, -0.2685001691950587, -0.5343660355753473, 0.35362689729009167, -0.06040645792479706], [-0.708499281956857, -0.18093514158912555, -0.6747721876768781, -0.38080336097329975, -0.08033011569498036, 0.21346433847276583, 0.37423799156997867, 0.7502227281027648, 0.5130849620559261, 0.47293058148028505, -0.42259833887142106, 0.44855123078608633, -0.09955875258639049, 0.5680538493161278, 0.008973025113251445], [0.31020523538492717, -0.6002530679989128, -0.2025553510187557, -0.2848227751259961, -0.05972035259258068, -0.5510114651728011, 0.020407762614080588, 0.06285812903702853, -0.570670858539577, -0.3132167583121116, 0.403497953299061, 0.4983265608444932, 0.3839654914794159, 0.3661571606520976, -0.043609070929782494]], "inverted": true, "swapped": false, "error_lsq": 0.04261137575815889, "error_max": 0.2959481749661032, "target": "265.xyz", "model": "23.xyz", "model_rescale": 4.410303926677745, "target_rescale": 4.090788448072727},
{"mapping": [15, 11, 14, 9, 13, 10, 3, 0, 1, 7, 5, 2, 4, 12, 16], "R": [[-0.05945782648899703, 0.9958104429618606, -0.06947178245379171], [-0.05526043074472775, -0.0727716957371232, -0.9958165318438184], [-0.9967000810991795, -0.055370045942243984, 0.05935576087661856]], "T": [-0.004387282520779669, -0.05233165802591127, -0.07752739380066276], "aligned_model": [[-0.04140640396802335, 0.07148113633130768, 0.34723612480292965, -0.26344917448387317, 0.6953462311356214, -0.562932062674003, -0.6033971554379961, 0.09583942200386397, -0.16888919481069453, 0.4114158829017219, -0.04397499163798813, -0.3886114503509742, -0.5837953026959586, 0.4922927650615626, -0.07009299753899806], [-0.710657062070572, -0.15545449908681427, -0.5953155795887376, -0.5605389015231061, -0.11909429426089985, -0.07251647425070681, 0.613727187539979, 0.6317321804497469, 0.6049415038117446, 0.3899015046110924, -0.09822444702009472, 0.524309817269116, 0.03000411852040647, 0.2709778973664777, 0.04822857578060257], [0.19551369810943298, -0.697471866542516, -0.2767243575349387, -0.3364333949243704, -0.06740889103798331, -0.4113001428877824, 0.004957580741339257, 0.2264414922325062, -0.6040883695206917, -0.34857804251967783, 0.5485146963443361, 0.5164005050247318, 0.2849523146636102, 0.4655708445589135, -0.08078747308632354]], "inverted": false, "swapped": false, "error_lsq": 0.043927210227996644, "error_max": 0.2731556515863583, "target": "265.xyz", "model": "24.xyz", "model_rescale": 4.28219845311461, "target_rescale": 4.090788448072727},
{"mapping": [10, 2, 14, 6, 12, 0, 1, 3, 4, 13, 11, 5, 8, 9, 15], "R": [[-0.7576255356539029, -0.033376117324098814, -0.6518355486758183], [-0.44734853962837984, 0.7537746323217366, 0.4813554692330679], [0.4752713244216329, 0.6562848759956297, -0.5860096669184803]], "T": [0.04471609153468523, 0.13665264250223275, -0.06015633308065116], "aligned_model": [[-0.15588286974087137, 0.08639105755620746, 0.265618985521079, -0.5401385292765983, 0.7211432141184386, -0.5367702378002535, -0.5157559415944931, -0.19213274636338604, -0.1109806686800395, 0.5576780578080459, 0.2367057315684925, -0.30929570454307465, -0.509803259872851, 0.3947948975649269, -0.00450915762712481], [-0.5542954985642641, -0.1702903741959969, -0.585529609968956, -0.4972825698388774, -0.15487535653015605, 0.11001285942579986, 0.41887361355510133, 0.8648708764583236, 0.6170898169313407, 0.1502909801532638, -0.148186974187149, 0.2432594190066809, -0.12736367786313896, 0.4979920483892527, 0.13745597477700908], [0.2745906488621266, -0.6707537504476219, -0.15914790109886806, -0.3214384680052246, 0.14448401935810826, -0.6317489701833574, 0.06672874257717559, 0.05666051750191553, -0.5889164046735481, -0.3594897155158362, 0.3623166744979748, 0.7070407239752728, 0.26349429402227714, 0.39123301903182994, -0.11549483628163817]], "inverted": true, "swapped": false, "error_lsq": 0.04423717532460014, "error_max": 0.29862943322730046, "target": "265.xyz", "model": "25.xyz", "model_rescale": 4.100010024507729, "target_rescale": 4.090788448072727},
{"mapping": [0, 3, 8, 6, 4, 9, 1, 7, 12, 13, 10, 14], "R": [[-0.4202462008240501, 0.8953066407776966, -0.14771306534057466], [0.8916044331321236, 0.437669067293938, 0.11613493166657182], [0.16862581508208357, -0.08289636007335394, -0.9821881326785069]], "T": [-0.08388966394321615, 0.02542304570097584, -0.06475166422005053], "aligned_model": [[-0.6714290126089156, -0.18915380697331427, 0.5910780941093264, 0.5956044098392961, -0.5924888582096165, 0.07595537784532455, -0.17689676190198717, 0.5377023807251571, 0.038427697874702765, 0.04498169063018076, -0.40092445530844845, 0.02390884634130115], [-0.328179155010595, -0.6022831094055174, 0.06441622281232846, -0.4405651188633417, 0.5840933859313467, 0.5709739757406195, 0.1195749640416709, 0.3423236047988888, -0.4359292361151552, 0.583135714692319, 0.17418490803868467, 0.03438523338939088], [-0.19586709466970242, 0.18359162250845096, 0.4760343508321362, -0.2560012111652142, 0.0623445095658038, 0.27907117261122844, 0.602969040457386, -0.15006448171819328, -0.49211229334911005, -0.42649364220419617, -0.4719851744797704, -0.04629450853446233]], "inverted": false, "swapped": true, "error_lsq": 0.046013426493109126, "error_max": 0.32831180700976653, "target": "265.xyz", "model": "26.xyz", "model_rescale": 3.6694154284099745, "target_rescale": 4.090788448072727},
