[{"mapping": [8, 10, 6, 4, 3, 14, 7, 13, 5, 1, 0, 15], "R": [[0.8289095543463516, -0.5593792195031516, -0.001959464564047053], [-0.20810682978090966, -0.3051254177529663, -0.9292954464752409], [0.5192306790934761, 0.7707096523523776, -0.3693320100654761]], "T": [-0.11788972590658245, 0.006185337940636679, -0.01804787633142202], "aligned_model": [[-0.24374973665091568, 0.01690262419936417, 0.4405126284872428, -0.1458706438806343, 0.05131325242661733, -0.6165184973865301, 0.4479076403725246, -0.23917137510620134, 0.6678853254712267, 0.2065658734387628, -0.6129717368490667, -0.13516289206184134], [-0.40263879213033826, -0.6737343206150385, -0.19036438297090097, 0.6780747670209983, 0.31921785641795813, -0.6675216726102459, -0.29160650359806906, -0.4074219361114719, 0.2403346101299621, 0.32887830452932837, 0.08268300571860208, 0.03765410019627258], [-0.42493334488942536, 0.01899062688003983, -0.544124429870944, -0.03544778263931009, -0.5660828044137095, 0.009551218199515765, 0.3654802926817438, 0.5837275227317716, 0.055125121152588163, 0.3630147589847098, 0.37902205493082375, -0.022371488394241305]], "inverted": false, "swapped": true, "error_lsq": 0.043222430616888796, "error_max": 0.22481175185779242, "target": "267.xyz", "model": "0.xyz", "model_rescale": 3.751011558992144, "target_rescale": 4.1103559528049045},
{"mapping": [6, 8, 7, 5, 14, 13, 2, 3, 10, 0, 9, 12, 4, 1, 15], "R": [[0.5770693669606111, 0.6551188582641317, 0.4876578998256671], [-0.5836171019352984, -0.08690128593363905, 0.8073656202933859], [0.5712985419588636, -0.7505114576405751, 0.3321904994214859]], "T": [0.045261601765329354, 0.104860125517616, -0.013834549682748354], "aligned_model": [[0.15985532163214172, -0.002793794053284962, -0.4872269651361689, 0.09344541621887885, -0.43754862547292517, -0.6368387802790043, 0.6348057343535902, 0.6107284463709294, -0.5185071779666935, -0.08861997200350356, 0.05682388306319085, 0.4812246276989281, 0.5787109203626402, 0.020819281730738562, 0.07420789456957631], [-0.12116984256962104, -0.4682249863321828, 0.42887261228681217, 0.6379615172508849, -0.500248923250809, 0.2048742820264911, -0.43644108534705417, 0.001106771420938929, -0.22104506103386753, 0.20003440538025272, -0.5025233435161361, 0.03093332529142448, 0.4856995092214912, 0.6955469120772899, 0.11338125692119129], [-0.7641546515463207, -0.14724305640304333, -0.4229461866949571, -0.6392174937675243, 0.3086725376884498, 0.25570224523003154, 0.11567120199926326, -0.3243885338219212, -0.2542137144121489, 0.6039357973757163, 0.5697678223495128, 0.489721137082898, 0.13754009062482028, -0.08526711817615998, 0.006086327323359493]], "inverted": true, "swapped": true, "error_lsq": 0.04824408579256979, "error_max": 0.3294739543250974, "target": "267.xyz", "model": "1.xyz", "model_rescale": 3.9405287249114394, "target_rescale": 4.1103559528049045},
{"mapping": [7, 5, 1, 8, 3, 11, 10, 6, 12, 0, 9, 13, 15], "R": [[-0.29615297310322297, -0.8487723417597337, 0.4380398707718506], [0.9550822139557136, -0.2580887589972456, 0.14563020656688766], [-0.010553724819910293, 0.4614929082260739, 0.8870811206138176]], "T": [0.020178676493974215, -0.10821104235476242, -0.03557333121099089], "aligned_model": [[-0.19673458348356548, 0.10848366431340078, -0.3031206331446312, 0.42133296046583113, 0.5632041729972176, -0.8359652871203058, 0.07383688432657139, 0.6748767964767011, -0.020499531027490206, -0.48457611271393686, 0.03275723419584241, -0.5553170464741112, 0.017704760472407363], [0.5905572409524555, 0.5850945582804702, 0.2056828435993754, -0.22055432230339755, -0.16309612813287241, 0.08162431603916606, 0.2005433724616264, 0.3365602900341643, -0.7332544930201995, -0.4944509769871069, -0.8266809086447986, 0.030268279265959153, -0.13346147797282493], [0.10785616677244002, -0.47048961493627833, -0.4248792564346444, 0.3827422482955923, -0.3948395631418159, -0.1734001525139935, 0.583799802304888, -0.008180705505265687, -0.2738236820186416, 0.03271968976338212, 0.40406620814515687, 0.4088836372662363, -0.061334428408412196]], "inverted": false, "swapped": true, "error_lsq": 0.0444153828987711, "error_max": 0.2557811338027716, "target": "267.xyz", "model": "2.xyz", "model_rescale": 3.932901565614263, "target_rescale": 4.1103559528049045},
{"mapping": [7, 13, 11, 10, 5, 4, 1, 6, 8, 3, 0, 9, 12, 15], "R": [[0.3958070843018566, -0.8502625756919096, 0.34697306004101097], [0.1888455311355335, -0.29439369465268017, -0.9368402841033698], [0.8987069140640909, 0.4363323331206438, 0.044045177793876955]], "T": [0.017130270108999313, -0.0727466940733977, 0.08575259794074891], "aligned_model": [[-0.25885605023729075, 0.4021843347246993, 0.5295096018703576, -0.16854831099553677, -0.53754008946302, 0.12721884058712998, 0.023725432477874675, -0.7638954136982985, -0.17638787096727193, -0.3899681958841429, 0.6552976193404669, 0.5122132580186414, 0.4317797021000275, 0.033077054179066645], [-0.06451244640302586, 0.21673262708614263, -0.41434426437942695, 0.5019584597104989, -0.5581630914064468, -0.6788251962994533, -0.5575578838094806, 0.042156043799284726, 0.4328540688928715, -0.2967353865955904, -0.06950563485927436, 0.44209751443415946, -0.23744373997530685, -0.09521443184446408], [-0.6068253725066204, -0.47625179389529476, -0.5536179540437884, -0.2564009073619578, -0.2807638600905852, 0.3560680603353946, -0.25997205088609565, 0.14898047493892647, 0.32123570501815657, 0.5451665643234298, 0.04894837322429613, 0.5323714169516094, 0.585790589564972, 0.10916711748465406]], "inverted": true, "swapped": true, "error_lsq": 0.06121500250076579, "error_max": 0.39245680405700806, "target": "267.xyz", "model": "3.xyz", "model_rescale": 3.9243930471874484, "target_rescale": 4.1103559528049045},
{"mapping": [2, 8, 9, 12, 0, 3, 4, 14, 13, 7, 11, 5, 15], "R": [[-0.48028025856608303, 0.8636734052329702, -0.15296771661034186], [0.7014482973864318, 0.482908387961585, 0.5241848671318347], [0.5265939226058085, 0.14445669915109094, -0.8377536050325292]], "T": [-0.09387793866510051, -0.048835980077509646, -0.07426013803453657], "aligned_model": [[-0.04976582031511187, -0.1666038345844758, 0.5213727730888571, 0.3090022879715879, 0.5283348076082092, -0.5087308288180138, -0.09185121382973596, 0.37286239527565246, 0.30632101710267245, -0.40460793726069544, 0.2987666357387433, -0.7565145956905622, -0.08137979997577478], [-0.6674254579823536, 0.01032099025676008, -0.20119657283505615, -0.5837252843516548, -0.04662441095578714, -0.5381125147605862, -0.5913362515663013, 0.33722184540399713, 0.5629730343892118, 0.5673089420943284, 0.30757491692288746, 0.05195236311570799, -0.08110204604956633], [-0.5965074010351337, -0.6571367056542287, -0.6291411206846766, -0.10030273017080077, 0.07226299455541418, -0.19862588910585371, 0.3234966233676517, -0.6542483395432408, 0.04168973095505943, 0.20807441503437185, 0.6376511577676912, 0.40362789407954647, -0.06377031419483666]], "inverted": false, "swapped": true, "error_lsq": 0.041707881014898515, "error_max": 0.21608640251299924, "target": "267.xyz", "model": "4.xyz", "model_rescale": 3.8936222436046832, "target_rescale": 4.1103559528049045},
{"mapping": [14, 2, 10, 13, 6, 3, 4, 1, 11, 0, 7, 15], "R": [[0.3419374294936767, 0.8911947274049072, -0.2980784328946826], [0.9375975051080743, -0.3448668734212645, 0.0444719915424964], [-0.06316417280683098, -0.29468423348108475, -0.9535048451954999]], "T": [-0.15586540889273376, -0.06492212935020827, 0.0031606831968541346], "aligned_model": [[0.022504095203335378, -0.7367650796744933, -0.10375341336975577, 0.4839035058281839, -0.7753068320838765, -0.7468976528307816, -0.21121987556452607, 0.12455601736741001, 0.6805733278490185, 0.3322121533706481, 0.11619501540618604, -0.1584532192862515], [-0.45454467701599965, -0.6288338764546963, 0.16262536548533302, -0.005161944045422244, 0.3948821212994549, -0.05400483512599179, -0.18378967991745407, 0.28542848805535914, 0.1115047688744267, -0.47394820864150056, 0.6014566249543883, -0.08669124235809023], [-0.7177082980964714, 0.04675126514677578, -0.6505502987931825, -0.36431489763569336, -0.17593118341474134, 0.28159018452818846, 0.6629541977616406, 0.39460568219952036, 0.2424512422686793, 0.0588435416144547, -0.19132062270097439, 0.031913906397322264]], "inverted": false, "swapped": true, "error_lsq": 0.04495384385621606, "error_max": 0.2976752036040214, "target": "267.xyz", "model": "5.xyz", "model_rescale": 3.6523030999806103, "target_rescale": 4.1103559528049045},
{"mapping": [5, 7, 10, 6, 8, 1, 13, 3, 0, 12, 14, 2, 15], "R": [[0.21126588436573934, 0.7874850288725701, -0.5789940029091232], [0.11114399265520597, -0.6078771046332185, -0.786213990310141], [-0.9710889449477951, 0.1017484887568488, -0.2159479243611196]], "T": [0.011508024094538293, -0.09932328062556839, -0.016201972000234086], "aligned_model": [[0.09163380480956068, -0.12025622612640943, 0.18523348630537376, 0.6984434595590542, 0.4606032575618401, -0.3392207890604237, -0.4754905583667909, 0.48669318052207644, -0.508189479201325, -0.11847714388588468, 0.02505942236400912, 0.4920709730337883, 0.002979517149425683], [-0.6403942456584251, -0.03260882205566887, 0.4538274311581698, -0.22933675438972634, 0.27133741156828745, -0.48231193921443716, 0.395079259326349, -0.518227714995007, 0.09489722863646477, -0.2341191458626285, 0.7218595150345913, -0.13872204981127473, -0.12045326957351124], [0.5989765961071127, 0.7146111781164122, 0.3654723974437606, 0.35584335656867155, -0.11345328919357786, 0.27520822974576464, 0.2413098833944451, -0.17644999812160217, -0.3337165699275881, -0.6596545283452828, -0.18575631004159182, -0.668005634129398, -0.04427557213533702]], "inverted": true, "swapped": true, "error_lsq": 0.05028845710132086, "error_max": 0.30904520874305186, "target": "267.xyz", "model": "6.xyz", "model_rescale": 4.08911054899281, "target_rescale": 4.1103559528049045},
{"mapping": [14, 13, 10, 9, 2, 3, 8, 6, 12, 0, 4, 1, 5, 7, 15], "R": [[0.8386541039890053, -0.05888014601583598, 0.5414724575336703], [0.053032859176593186, -0.980588415801181, -0.1887693689243201], [0.5420763873384952, 0.18702803854418265, -0.8192519167437824]], "T": [0.0017097935480893435, -0.03067150727185018, 0.031415654725976884], "aligned_model": [[0.08891059623627995, 0.3008037244430736, 0.5553286177601784, -0.4455230744984013, -0.5331367264285828, -0.18597321718492546, 0.10258067150677022, 0.43736362116858407, -0.6651599033320088, -0.3332259978488283, -0.46522134396932685, 0.09714305334174486, 0.43243186441786025, 0.6824436629632903, -0.0324320087761531], [-0.6567802705388187, -0.690582457202265, -0.29035239374413624, -0.49272697676254007, 0.24004484705215454, 0.5756365285046595, -0.026882099671049316, 0.5556775145688384, -0.08534095544039332, -0.5501857038207415, 0.27567792690522064, 0.06035127178045274, 0.4955402354887317, -0.08584237338116418, -0.02347627756983628], [-0.5196354630505674, 0.1829880966894996, -0.29707118692325446, -0.5127604181572545, -0.5144715867826419, -0.12391283955069962, -0.5502581391881025, -0.2745289308333562, -0.005911550726312907, 0.19434397108751977, 0.40644422752571524, 0.6121206273972853, 0.49531467395528234, 0.3305110769004652, 0.040897473738501985]], "inverted": false, "swapped": true, "error_lsq": 0.03617310211722132, "error_max": 0.20640610133347043, "target": "267.xyz", "model": "7.xyz", "model_rescale": 3.964800864290218, "target_rescale": 4.1103559528049045},
{"mapping": [6, 5, 3, 10, 2, 7, 8, 4, 1, 0, 13, 9, 12, 15], "R": [[-0.36041657427024637, -0.3039170774993613, -0.8818924554590244], [-0.9272143295583957, 0.013496209281024907, 0.3742879097654873], [-0.1018502825370397, 0.9526028880594946, -0.2866605267696186]], "T": [0.017504139823740064, -0.03925564412402352, 0.09999326277971234], "aligned_model": [[-0.19714845178892676, 0.14186551305809914, 0.35748674770894584, -0.6744290454748818, 0.2888511552253169, -0.38505458068454573, -0.33120896467416683, 0.6860634705345725, 0.2584266006783243, 0.11792998900437124, -0.43300134708455223, -0.10345653633126455, 0.48368319505777213, 0.05118014423180879], [-0.12128375804847363, -0.7315005853945526, 0.11343357031212989, -0.058441655890397126, 0.6730403563434707, -0.6651304981526538, 0.37142011041129885, -0.11373573232873463, -0.5747858139779414, 0.09126786365294884, -0.24592600415845253, 0.7187206602921751, 0.38207549123806794, -0.028205538117683067], [-0.6578966868877544, -0.3277377166080454, -0.4367181289660589, 0.048109406979482475, -0.17631495248395607, 0.05386690763049626, -0.14141570877021703, 0.10148698317876227, 0.19886046511920438, 0.7176508408768894, 0.6497623188822027, 0.4470963169490092, 0.33291905414357326, 0.10714593868143239]], "inverted": false, "swapped": true, "error_lsq": 0.04689491847815168, "error_max": 0.30934911079187144, "target": "267.xyz", "model": "8.xyz", "model_rescale": 4.121658175737393, "target_rescale": 4.1103559528049045},
{"mapping": [13, 10, 8, 9, 7, 1, 6, 4, 2, 5, 0, 12, 15], "R": [[-0.7954999030562515, -0.5920555754946502, 0.12903526557958184], [-0.6049104993534504, 0.7634261587675129, -0.22641507874132363], [0.03554141259789485, -0.2581679601251464, -0.9654460691076262]], "T": [-0.0417529327096516, -0.022797013039517165, -0.01543926555156521], "aligned_model": [[-0.6473431346393145, -0.27385018123179306, 0.2801929126499091, 0.3247190747314592, -0.6466836503082263, -0.42474155528389546, 0.21276985582311794, 0.1354344220575428, 0.7517603935987587, -0.3139688594080327, -0.22594064685949447, 0.3293823397347261, -0.024993474429560198], [0.26239132488557715, -0.2049009321530185, -0.09387953385690367, 0.6197955413858705, -0.44137383971274885, -0.15415877495811328, -0.749607994838454, 0.06638305652518633, 0.1381751787129004, -0.7016203553773392, 0.5866707128658984, 0.46757540351246346, -0.00506234757960896], [-0.3314170586595206, -0.6437708661651665, -0.5051655605842934, -0.41844443947009596, -0.1369002225699423, 0.42122390114647273, -0.20027830152871193, 0.6273458073329624, -0.05745806283220204, 0.362343687669506, 0.04153966110438057, 0.2508139298837063, 0.011242958631993535]], "inverted": false, "swapped": true, "error_lsq": 0.05107474517192719, "error_max": 0.31220338082381394, "target": "267.xyz", "model": "9.xyz", "model_rescale": 3.833441315466971, "target_rescale": 4.1103559528049045},
{"mapping": [7, 10, 0, 9, 14, 13, 8, 2, 4, 12, 5, 3, 6, 11, 15], "R": [[0.3067679086517677, -0.9424409706802617, -0.13303558548248512], [-0.9465123626994978, -0.28738264521047446, -0.14671592445554532], [0.10003897979505529, 0.17092756364927636, -0.9801918029174125]], "T": [0.00017886871505577023, 0.0017000048293518092, 0.11666140376247666], "aligned_model": [[0.1403975636966726, -0.14980505905894362, -0.5659224661980816, -0.607493844470222, -0.6379195206895157, -0.5499751921121714, -0.02947630844893958, 0.0787577438838496, 0.22069926267651627, -0.21683641316301586, 0.6578727739963124, 0.5250256103640003, 0.6408955535333357, -0.38222073662568257, -0.00015394908958239013], [-0.7291166126539875, -0.3929966939119794, 0.08103058077875432, 0.5079081998436142, 0.010794102041791162, -0.49323389954749014, 0.1760999577850251, 0.7737077682150367, 0.31347870030191033, 0.5752481195571885, -0.43787935745211254, 0.38900890048413583, -0.08267091486304146, -0.5188444058630587, 0.028567094579192348], [0.07033337563864907, -0.4342931387089275, 0.4027707523969225, -0.17338554139711845, -0.4274169367980709, 0.09978579554622413, -0.4465782637263732, -0.118222394148247, 0.6704536882127391, 0.38692828847166594, 0.3443263149971576, 0.07807377586964269, -0.34112151430319904, 0.7256115172630405, 0.14085618850798745]], "inverted": false, "swapped": true, "error_lsq": 0.04461684747299457, "error_max": 0.28953941623484797, "target": "267.xyz", "model": "10.xyz", "model_rescale": 4.2482417240324, "target_rescale": 4.1103559528049045},
{"mapping": [12, 4, 6, 5, 14, 10, 8, 7, 1, 13, 0, 15], "R": [[0.8929288375899885, -0.4427153169642889, 0.08173884710100561], [0.2199694698126572, 0.5874529247754766, 0.7787891200595172], [-0.39279959693274996, -0.6774232128425686, 0.6219375108091824]], "T": [-0.07208453403307948, -0.03137732574971402, 0.004653055394479362], "aligned_model": [[-0.6563300140163305, -0.186453375411058, 0.4557939670545942, 0.6810633926937082, -0.476646891086144, 0.15060479534511173, -0.18212313110140327, 0.5598290550839939, 0.24262646990759523, -0.08395411434846381, -0.5341143733207115, -0.09353017843788514], [-0.35839272052829496, -0.6695567354196016, -0.07438649502951711, -0.3492238812989042, 0.6892085448782515, 0.6041198309734959, 0.2614374593639287, 0.27466177541068754, -0.27904102386105656, 0.5470568822588123, 0.08013581612541337, -0.059888062822575236], [-0.02390236692482852, -0.1747010708903124, 0.5934620412415744, -0.09211661024533421, 0.14733732270851296, 0.17312975062412597, 0.5053372921451539, -0.24619706211016007, -0.4360629476084744, -0.4570685344924862, -0.4227997114042739, -0.0012258131891408793]], "inverted": false, "swapped": true, "error_lsq": 0.044017509898737574, "error_max": 0.2907577341479718, "target": "267.xyz", "model": "11.xyz", "model_rescale": 3.6694154284099745, "target_rescale": 4.1103559528049045},
{"mapping": [10, 7, 1, 5, 6, 14, 8, 9, 4, 12, 0, 3, 13, 15], "R": [[-0.025528875918389066, 0.9927848001303354, 0.11716064665455689], [-0.38914309692105387, -0.11782377303178235, 0.9136110817121511], [0.9208235045941406, -0.02226879293373285, 0.38934326018083293]], "T": [0.07590429838690019, 0.09420567063369834, 0.006882469711465923], "aligned_model": [[-0.14898187530817147, 0.009393399639488709, 0.12417018416968303, 0.572414251917752, 0.6908483209648012, -0.5050829593422969, 0.12546256910829715, -0.3508246268661357, 0.34521170547582736, 0.013277284031692954, -0.45990348894022914, 0.6890831097211046, -0.5886007844442246, 0.08179776012822021], [-0.3453685286703315, 0.26415996229977057, 0.6544767172092335, 0.5148226199558444, -0.2369475374367685, -0.5104753648779774, -0.4940698170573782, -0.39732986281832505, 0.5678841199969751, 0.1702166668810115, 0.27252463371804014, 0.021680244002966975, 0.1393594174331871, 0.11005401750000549], [-0.4810030728543155, -0.716023012418857, -0.1890197439186792, -0.4972820357657713, -0.36645775615140624, 0.016271265202480158, 0.009984814220069256, 0.5416116882439784, 0.4013737123467988, 0.6697530807430068, 0.3064404498940304, 0.2206886803837488, -0.3160849907866922, 0.03884238051402422]], "inverted": true, "swapped": true, "error_lsq": 0.041703715216634525, "error_max": 0.242090928793034, "target": "267.xyz", "model": "12.xyz", "model_rescale": 3.9764082729961374, "target_rescale": 4.1103559528049045},
{"mapping": [4, 14, 2, 8, 3, 11, 10, 13, 1, 0, 12, 6, 7, 6, 9, 15], "R": [[-0.5121600273923013, 0.0635383761215754, -0.8565366198250668], [-0.8115285732181863, -0.3623838240813557, 0.45836594430065203], [-0.28127118798763, 0.9298606555844842, 0.2371617169865765]], "T": [-0.011158122067746648, 0.10631002344383675, 0.10283157837302795], "aligned_model": [[-0.3167790271452912, 0.5330546601875447, -0.6919237479354522, -0.1735728805218486, -0.08306848869711812, 0.42994763508230066, 0.2407526654380504, 0.598739620173756, -0.1935468187465298, -0.6784281052014985, 0.2979242937357018, 0.43378957099716114, -0.6420718281604095, 0.43378957099716114, -0.27132661529405744, -0.030649615845477932], [0.6457152119751761, 0.06138145636353784, -0.2925213185973572, -0.5572753450180913, -0.27005044406736245, -0.4802957516084716, -0.5910241995395288, 0.13153550266012196, -0.28080718984030995, 0.3713376061174456, 0.05195864035331446, 0.6415937059543406, 0.10778448284451991, 0.6415937059543406, 0.346396783661629, 0.13227664517369675], [-0.2597999518946542, -0.48079665180876807, 0.22009724746970444, -0.07863120472061927, -0.6465849579934927, -0.2002592899054055, 0.4133357418759681, 0.14606311077618708, 0.5720833282514137, 0.21062343118727075, 0.6584641209274752, -0.21205210709422959, -0.31307636860188526, -0.21205210709422959, 0.5888046529544265, 0.00019390985254304216]], "inverted": true, "swapped": false, "error_lsq": 0.043049828804062946, "error_max": 0.39859231673584816, "target": "267.xyz", "model": "13.xyz", "model_rescale": 4.170626492500431, "target_rescale": 4.1103559528049045},
{"mapping": [1, 5, 4, 3, 0, 9, 2, 7, 13, 6, 10, 8, 14, 15], "R": [[0.6838339987720145, 0.729588473434668, 0.008468857936439013], [-0.7199041441699849, 0.6727765398655875, 0.17061579825259354], [0.11878167085185637, -0.12276964949757958, 0.9853012371005545]], "T": [-0.011419804582888361, 0.014477879488887287, -0.01311666229244389], "aligned_model": [[0.26815648857454405, 0.09289297677615652, -0.2822462548162623, -0.6022999944360414, 0.24450844437561367, -0.20839796345417727, -0.7549793897695188, 0.5400269341053863, 0.6736913072977136, -0.3304870082879983, 0.2973060191846602, -0.2509772007818618, 0.18583404553589247, -0.02984538221246353], [-0.3392763623670046, -0.7945342708755904, -0.10350254674071611, -0.2619969671910025, 0.5124650408792358, 0.8181938590746332, 0.33216033389178257, -0.44120453526848086, 0.27022132706814755, -0.5299931050535464, 0.03181049344841612, 0.1912414456451596, 0.6462861592084324, 0.024203596206199288], [-0.4020973190605481, -0.12375474255041215, -0.6174797537373132, -0.05031274127492797, -0.32155164656359414, 0.14461831332225605, 0.04636464832832615, 0.19702740322675916, 0.1014778397443508, 0.4653694805353159, 0.6083489575853368, 0.4966878019510583, 0.5018422818216315, -0.04266742220737281]], "inverted": false, "swapped": true, "error_lsq": 0.04324001714156265, "error_max": 0.2504602544355101, "target": "267.xyz", "model": "14.xyz", "model_rescale": 3.9786697098870705, "target_rescale": 4.1103559528049045},
{"mapping": [3, 12, 6, 5, 8, 10, 0, 13, 7, 1, 9, 15], "R": [[-0.8720449914404627, 0.35811173069117697, -0.3336068363282948], [0.22488092275645613, -0.3122337584567726, -0.9230052278617726], [-0.43470231594024034, -0.8799238992215905, 0.19174938877311626]], "T": [-0.023218274601905432, -0.04863883194457314, -0.043929739373146925], "aligned_model": [[-0.016140459438166773, -0.6686799957416474, 0.5388545956138795, 0.6160914740433777, -0.004862589453205647, 0.36299887062403063, -0.4879022082574276, 0.055233981378702425, 0.6331114719933599, 0.17317126174901729, -0.6671088803774744, -0.05141292536710905], [-0.2747788648950794, -0.18638644241810332, 0.04101780012083472, -0.5618439773671404, 0.4558168898354353, 0.5105647024754173, -0.024482684909312998, 0.2395916421179528, -0.06731983212367867, -0.5415017965111104, 0.493947126816023, -0.06995007291679915], [-0.6569320867821025, -0.1601279484774153, -0.5945996035032532, -0.11826764756466754, -0.3500689066527546, 0.0973476271206205, 0.3943714623246899, 0.6333311290168009, 0.30931632354685545, 0.22649246170691772, -0.06933561656294689, -0.051560700298914484]], "inverted": true, "swapped": true, "error_lsq": 0.050475353169719774, "error_max": 0.3555216109515991, "target": "267.xyz", "model": "15.xyz", "model_rescale": 3.769337070930944, "target_rescale": 4.1103559528049045},
{"mapping": [5, 4, 6, 3, 7, 11, 10, 0, 8, 2, 15], "R": [[-0.3549516188560192, -0.8262463477443629, -0.43740864315945194], [-0.16300365288681207, 0.5154043350130777, -0.8413014802050947], [0.9205645862279557, -0.2273221157055088, -0.31762477594502025]], "T": [0.039398179200448254, -0.0100072081983354, 0.054853422080073294], "aligned_model": [[-0.2164993004857773, -0.4594852969391847, -0.25787958122728777, -0.5799056522563059, 0.41495634349065574, 0.49621590691591405, 0.5390842428576003, 0.3288332235903697, 0.09173166355550091, -0.45083844761048364, 0.016413028800169607], [0.12162034925914747, -0.4533869042031296, 0.6828442765543427, 0.19682915988811062, 0.18566301709174626, -0.650492796256295, 0.4714694767758905, -0.5166892290617794, 0.4597254768302979, 0.13380073847560103, -0.03531906772859052], [-0.7163879581656961, -0.02911571406923462, -0.18760126564130578, 0.08020631302036664, -0.5587993503995086, -0.35637882074037863, 0.03680875331762756, 0.3158578393983774, 0.4086133790955182, 0.6843995673927035, 0.06661486401530711]], "inverted": true, "swapped": true, "error_lsq": 0.04687603718255143, "error_max": 0.27269694266580685, "target": "267.xyz", "model": "16.xyz", "model_rescale": 3.7852294659196426, "target_rescale": 4.1103559528049045},
{"mapping": [12, 14, 8, 9, 0, 13, 7, 10, 3, 4, 1, 6, 15], "R": [[-0.2674682017779248, -0.9635505736233829, -0.00557253153718297], [0.827629039928832, -0.22676896865818727, -0.5134257561908848], [0.493448004661244, -0.1419370526809391, 0.8581159244368357]], "T": [0.041696532528374255, 0.15130933730920904, -0.03308281198822886], "aligned_model": [[0.11649437217184071, -0.37984819262661235, 0.21452325496942276, -0.13802922946409502, -0.43744344165069643, -0.6727753284379937, -0.22173798564006814, -0.18937327383703428, 0.688423800541581, 0.2865365846453646, -0.07597055950296284, 0.6117811355189177, 0.05118471352861871], [-0.18579046047697728, -0.49426895871958954, -0.2849539478138627, -0.6585114466070227, -0.04648422712165318, 0.16541541369055773, 0.6709147549262222, 0.023135862966418175, 0.16247457859125186, 0.3721420895906097, 0.7055062163510228, 0.29837509480230273, 0.1471006535235937], [-0.6074226686620167, 0.296768982341431, 0.32516147089766617, -0.17981059347317344, -0.40714859772696815, 0.15990637163468802, 0.43222672114255584, 0.6087971421455999, -0.1257136173098138, -0.619433677783871, -0.21647090696616064, 0.49661212924973414, -0.06771805834649763]], "inverted": false, "swapped": true, "error_lsq": 0.04633607533668834, "error_max": 0.2852819647897126, "target": "267.xyz", "model": "17.xyz", "model_rescale": 3.901054581598922, "target_rescale": 4.1103559528049045},
{"mapping": [6, 8, 7, 5, 14, 13, 2, 3, 10, 0, 9, 12, 4, 1, 15], "R": [[0.5770693669606111, 0.6551188582641317, 0.4876578998256671], [-0.5836171019352984, -0.08690128593363905, 0.8073656202933859], [0.5712985419588636, -0.7505114576405751, 0.3321904994214859]], "T": [0.045261601765329354, 0.104860125517616, -0.013834549682748354], "aligned_model": [[0.15985532163214172, -0.002793794053284962, -0.4872269651361689, 0.09344541621887885, -0.43754862547292517, -0.6368387802790043, 0.6348057343535902, 0.6107284463709294, -0.5185071779666935, -0.08861997200350356, 0.05682388306319085, 0.4812246276989281, 0.5787109203626402, 0.020819281730738562, 0.07420789456957631], [-0.12116984256962104, -0.4682249863321828, 0.42887261228681217, 0.6379615172508849, -0.500248923250809, 0.2048742820264911, -0.43644108534705417, 0.001106771420938929, -0.22104506103386753, 0.20003440538025272, -0.5025233435161361, 0.03093332529142448, 0.4856995092214912, 0.6955469120772899, 0.11338125692119129], [-0.7641546515463207, -0.14724305640304333, -0.4229461866949571, -0.6392174937675243, 0.3086725376884498, 0.25570224523003154, 0.11567120199926326, -0.3243885338219212, -0.2542137144121489, 0.6039357973757163, 0.5697678223495128, 0.489721137082898, 0.13754009062482028, -0.08526711817615998, 0.006086327323359493]], "inverted": true, "swapped": true, "error_lsq": 0.04824408579256979, "error_max": 0.3294739543250974, "target": "267.xyz", "model": "18.xyz", "model_rescale": 3.9405287249114394, "target_rescale": 4.1103559528049045},
{"mapping": [1, 10, 8, 5, 2, 11, 9, 14, 7, 0, 13, 3, 6, 12, 4, 15], "R": [[-0.41131025580785635, -0.11159761874651798, -0.9046379634734455], [0.5247665792895579, 0.7825029509545816, -0.335125601839233], [0.745281095109766, -0.6125643666076886, -0.2632887882810609]], "T": [0.02075982549216791, 0.11209592656414474, 0.10551850327323559], "aligned_model": [[-0.2699261023412584, 0.4834547177975844, -0.6500719852904364, -0.2870958340734362, -0.11739845829611252, 0.492110754906252, 0.04437134600653268, 0.7793638518221666, -0.20009731169838, -0.6126434799466448, 0.5233267893528035, 0.35510637816467516, -0.5792120538481735, 0.20441254593738026, -0.30443991136147525, 0.025369641932515175], [0.515318005790606, -0.040364305597047706, -0.2315286514759533, -0.5899709219309599, -0.18415509015745152, -0.4223801850303131, -0.5963482606134154, 0.23897361238940373, -0.18957104212422887, 0.3747838557765459, -0.04622245383613077, 0.6773512512253255, -0.021750360532100943, 0.613312448313382, 0.464315048261578, 0.09783654192776162], [-0.32857027815672496, -0.5113877709616441, 0.17016358463952166, -0.21633499737021933, -0.699759651605651, -0.0011435301555533656, 0.3997279128947859, 0.015180548062110638, 0.7020457146355557, 0.1552131957588304, 0.5222817245815743, -0.4368166288472632, -0.3192194995280068, 0.22877733179298815, 0.6576524092028464, 0.06860283923855479]], "inverted": true, "swapped": false, "error_lsq": 0.04394731066756001, "error_max": 0.3389051906180289, "target": "267.xyz", "model": "19.xyz", "model_rescale": 4.410303926677745, "target_rescale": 4.1103559528049045},
{"mapping": [6, 5, 3, 10, 2, 7, 8, 4, 1, 0, 13, 9, 12, 15], "R": [[-0.36041657427024637, -0.3039170774993613, -0.8818924554590244], [-0.9272143295583957, 0.013496209281024907, 0.3742879097654873], [-0.1018502825370397, 0.9526028880594946, -0.2866605267696186]], "T": [0.017504139823740064, -0.03925564412402352, 0.09999326277971234], "aligned_model": [[-0.19714845178892676, 0.14186551305809914, 0.35748674770894584, -0.6744290454748818, 0.2888511552253169, -0.38505458068454573, -0.33120896467416683, 0.6860634705345725, 0.2584266006783243, 0.11792998900437124, -0.43300134708455223, -0.10345653633126455, 0.48368319505777213, 0.05118014423180879], [-0.12128375804847363, -0.7315005853945526, 0.11343357031212989, -0.058441655890397126, 0.6730403563434707, -0.6651304981526538, 0.37142011041129885, -0.11373573232873463, -0.5747858139779414, 0.09126786365294884, -0.24592600415845253, 0.7187206602921751, 0.38207549123806794, -0.028205538117683067], [-0.6578966868877544, -0.3277377166080454, -0.4367181289660589, 0.048109406979482475, -0.17631495248395607, 0.05386690763049626, -0.14141570877021703, 0.10148698317876227, 0.19886046511920438, 0.7176508408768894, 0.6497623188822027, 0.4470963169490092, 0.33291905414357326, 0.10714593868143239]], "inverted": false, "swapped": true, "error_lsq": 0.04689491847815168, "error_max": 0.30934911079187144, "target": "267.xyz", "model": "20.xyz", "model_rescale": 4.121658175737393, "target_rescale": 4.1103559528049045},
{"mapping": [5, 7, 10, 6, 8, 1, 13, 3, 0, 12, 14, 2, 15], "R": [[0.21126588436573934, 0.7874850288725701, -0.5789940029091232], [0.11114399265520597, -0.6078771046332185, -0.786213990310141], [-0.9710889449477951, 0.1017484887568488, -0.2159479243611196]], "T": [0.011508024094538293, -0.09932328062556839, -0.016201972000234086], "aligned_model": [[0.09163380480956068, -0.12025622612640943, 0.18523348630537376, 0.6984434595590542, 0.4606032575618401, -0.3392207890604237, -0.4754905583667909, 0.48669318052207644, -0.508189479201325, -0.11847714388588468, 0.02505942236400912, 0.4920709730337883, 0.002979517149425683], [-0.6403942456584251, -0.03260882205566887, 0.4538274311581698, -0.22933675438972634, 0.27133741156828745, -0.48231193921443716, 0.395079259326349, -0.518227714995007, 0.09489722863646477, -0.2341191458626285, 0.7218595150345913, -0.13872204981127473, -0.12045326957351124], [0.5989765961071127, 0.7146111781164122, 0.3654723974437606, 0.35584335656867155, -0.11345328919357786, 0.27520822974576464, 0.2413098833944451, -0.17644999812160217, -0.3337165699275881, -0.6596545283452828, -0.18575631004159182, -0.668005634129398, -0.04427557213533702]], "inverted": true, "swapped": true, "error_lsq": 0.05028845710132086, "error_max": 0.30904520874305186, "target": "267.xyz", "model": "21.xyz", "model_rescale": 4.08911054899281, "target_rescale": 4.1103559528049045},
{"mapping": [5, 14, 1, 2, 15, 3, 4, 12, 0, 8, 7, 9, 11, 10, 6, 16], "R": [[-0.9994798493779593, -0.029894581685249045, -0.012097300247411964], [0.022673120154294738, -0.918134681944331, 0.3956193061940373], [-0.02293382458032186, 0.39513924102377695, 0.9183349170609124]], "T": [-0.004597407445165786, 0.03498355610288682, 0.025148862741512554], "aligned_model": [[-0.15834575552484634, 0.42421497905746275, -0.7186558423576611, -0.17429160568157578, -0.20856580193465699, 0.6078741752209715, 0.13554988249084066, 0.7064209202139935, -0.17473639777583602, -0.6262729996432652, 0.3540557638112019, 0.28788263014068444, -0.6011113664152887, 0.28613409689239855, -0.2642556409452229, 0.01073385151479252], [0.6958964542390087, -0.10754674667421336, -0.3101987807875416, -0.646027801509179, -0.25566936405731944, -0.5616248245276501, -0.5874432926928489, 0.22716588581888342, -0.2553226691671956, 0.31955963806784426, 0.25381381716788565, 0.5156003428715289, 0.21703647557916472, 0.7611435180996431, 0.3824183311203626, 0.010798508838627801], [-0.16794344805373734, -0.43051289330045783, 0.05626296075543312, -0.1442065010989214, -0.6115809009305634, -0.12721853495997393, 0.3066373010290598, -0.02473496140810033, 0.7228984006976267, 0.14046551244436056, 0.5989758467701558, -0.4118986672280366, -0.41860879806267237, 0.22339696788610985, 0.6313095736388411, 0.06317104600258058]], "inverted": true, "swapped": false, "error_lsq": 0.03729985366532591, "error_max": 0.24266601823162523, "target": "267.xyz", "model": "22.xyz", "model_rescale": 4.204369325754507, "target_rescale": 4.1103559528049045},
{"mapping": [1, 10, 8, 5, 2, 11, 9, 14, 7, 0, 13, 3, 6, 12, 4, 15], "R": [[-0.41131025580785635, -0.11159761874651798, -0.9046379634734455], [0.5247665792895579, 0.7825029509545816, -0.335125601839233], [0.745281095109766, -0.6125643666076886, -0.2632887882810609]], "T": [0.02075982549216791, 0.11209592656414474, 0.10551850327323559], "aligned_model": [[-0.2699261023412584, 0.4834547177975844, -0.6500719852904364, -0.2870958340734362, -0.11739845829611252, 0.492110754906252, 0.04437134600653268, 0.7793638518221666, -0.20009731169838, -0.6126434799466448, 0.5233267893528035, 0.35510637816467516, -0.5792120538481735, 0.20441254593738026, -0.30443991136147525, 0.025369641932515175], [0.515318005790606, -0.040364305597047706, -0.2315286514759533, -0.5899709219309599, -0.18415509015745152, -0.4223801850303131, -0.5963482606134154, 0.23897361238940373, -0.18957104212422887, 0.3747838557765459, -0.04622245383613077, 0.6773512512253255, -0.021750360532100943, 0.613312448313382, 0.464315048261578, 0.09783654192776162], [-0.32857027815672496, -0.5113877709616441, 0.17016358463952166, -0.21633499737021933, -0.699759651605651, -0.0011435301555533656, 0.3997279128947859, 0.015180548062110638, 0.7020457146355557, 0.1552131957588304, 0.5222817245815743, -0.4368166288472632, -0.3192194995280068, 0.22877733179298815, 0.6576524092028464, 0.06860283923855479]], "inverted": true, "swapped": false, "error_lsq": 0.04394731066756001, "error_max": 0.3389051906180289, "target": "267.xyz", "model": "23.xyz", "model_rescale": 4.410303926677745, "target_rescale": 4.1103559528049045},
{"mapping": [15, 4, 12, 0, 2, 3, 1, 10, 7, 6, 11, 8, 5, 9, 14, 16], "R": [[-0.6589304856752017, 0.7507691777675926, 0.04643551186339573], [-0.05554204954572439, 0.013002066360033204, -0.998371687801006], [-0.7501504487635149, -0.6604366646276856, 0.03313180096757251]], "T": [-0.039197020492508096, 0.09128142689986804, 0.13923973281023463], "aligned_model": [[-0.22135108392447264, 0.19612956737430734, -0.7431455115090823, -0.26147053750399396, -0.06796895435004291, 0.4221383324324112, 0.4574569635574638, 0.6034165652332637, -0.1690091753840498, -0.7360436353374269, 0.27779647332489077, 0.4414947910983336, -0.397993223714624, 0.2910260264523958, -0.22663111241594736, 0.02078540373056626], [0.7516136416121063, 0.06052590103796298, -0.2708485978881644, -0.5974396309094425, -0.4475999022469236, -0.5206635367585353, -0.5519218039599871, 0.15766607692419596, -0.38617217008888693, 0.39506783851657823, 0.18466527737838315, 0.524875221399544, 0.14328677938747966, 0.6185992422964565, 0.6012437965519436, -0.003298640865709246], [-0.06099876055006634, -0.5069489916836781, -0.00038190564958517914, -0.0767315598458414, -0.5967446692646085, -0.33186963690004445, 0.41484773978585043, 0.0590848579901186, 0.5832191961271899, 0.13515301578832728, 0.6791620123635121, -0.3673552443612146, -0.37472793280110095, 0.21210017791028407, 0.5429188538188779, 0.09568575145368347]], "inverted": true, "swapped": false, "error_lsq": 0.04662880067310362, "error_max": 0.279726007015938, "target": "267.xyz", "model": "24.xyz", "model_rescale": 4.28219845311461, "target_rescale": 4.1103559528049045},
{"mapping": [9, 13, 10, 14, 12, 2, 6, 4, 8, 5, 1, 7, 11, 3, 5, 15], "R": [[0.5521159338852761, 0.22500510433444235, -0.8028329207085593], [0.2694842074606535, -0.9593734986064164, -0.083550895273406], [-0.7890160058448071, -0.17022101278964033, -0.5903207173440352]], "T": [0.08605355357149436, 0.030943574373261246, -0.023518724425639976], "aligned_model": [[-0.1779472372791603, 0.3059365820357165, -0.5096292271805704, -0.18329227565424516, -0.2953179733534664, 0.47727511897144875, 0.07911088177121495, 0.7896724145046655, -0.2673232080185174, -0.5055274973338082, 0.1598801538595424, 0.47209829954723265, -0.43678949976892656, 0.34405805251763333, -0.5055274973338082, 0.1399538017790413], [0.595830094329897, -0.032105559937808295, -0.45190814430503423, -0.6262141012355591, -0.05452156532870629, -0.5118114164220224, -0.7164872333012647, 0.1979817801260868, -0.121207194626496, 0.43073329975024555, 0.27187100293097766, 0.5532966317883443, -0.0070340483892933035, 0.6996273792189189, 0.43073329975024555, 0.0008152680384692912], [-0.28444109962634917, -0.5717820894182604, 0.18073861647740283, -0.2987299861169815, -0.6805357474773043, -0.16892412707884266, 0.4799652594390911, 0.08449659570856681, 0.5543403109711966, 0.44068028096635203, 0.5650226981651122, -0.4520776390031661, -0.1707257656687993, 0.2703196538038053, 0.44068028096635203, 0.017385662073528953]], "inverted": false, "swapped": false, "error_lsq": 0.047377963111522196, "error_max": 0.3123281319707655, "target": "267.xyz", "model": "25.xyz", "model_rescale": 4.100010024507729, "target_rescale": 4.1103559528049045},
{"mapping": [12, 4, 6, 5, 14, 10, 8, 7, 1, 13, 0, 15], "R": [[0.8929288375899885, -0.4427153169642889, 0.08173884710100561], [0.2199694698126572, 0.5874529247754766, 0.7787891200595172], [-0.39279959693274996, -0.6774232128425686, 0.6219375108091824]], "T": [-0.07208453403307948, -0.03137732574971402, 0.004653055394479362], "aligned_model": [[-0.6563300140163305, -0.186453375411058, 0.4557939670545942, 0.6810633926937082, -0.476646891086144, 0.15060479534511173, -0.18212313110140327, 0.5598290550839939, 0.24262646990759523, -0.08395411434846381, -0.5341143733207115, -0.09353017843788514], [-0.35839272052829496, -0.6695567354196016, -0.07438649502951711, -0.3492238812989042, 0.6892085448782515, 0.6041198309734959, 0.2614374593639287, 0.27466177541068754, -0.27904102386105656, 0.5470568822588123, 0.08013581612541337, -0.059888062822575236], [-0.02390236692482852, -0.1747010708903124, 0.5934620412415744, -0.09211661024533421, 0.14733732270851296, 0.17312975062412597, 0.5053372921451539, -0.24619706211016007, -0.4360629476084744, -0.4570685344924862, -0.4227997114042739, -0.0012258131891408793]], "inverted": false, "swapped": true, "error_lsq": 0.044017509898737574, "error_max": 0.2907577341479718, "target": "267.xyz", "model": "26.xyz", "model_rescale": 3.6694154284099745, "target_rescale": 4.1103559528049045},
