[{"mapping": [13, 10, 3, 7, 9, 12, 1, 6, 2, 4, 5, 14], "R": [[0.2546545421071026, -0.1877206760814831, 0.9486369231459069], [0.9591434030309276, -0.07601525505405446, -0.2725171800480092], [0.1232679869490611, 0.9792765844083979, 0.1606934181071152]], "T": [0.05308785077579158, -0.15490428826984487, -0.05518880716873047], "aligned_model": [[-0.36226881328783694, 0.1714766639521617, 0.40629824151212807, -0.28187747476611624, -0.05608235044196259, -0.5406589260936833, 0.4201390946069812, -0.330180564810698, 0.5949624060264869, 0.18586504748665877, -0.40787342423799317, 0.037842562514422654], [-0.3203140892466375, -0.6158405458742979, -0.23609600790908783, 0.6040539655900543, 0.4548858241474482, -0.6779042208659942, -0.30900008307885907, -0.47062599770014757, 0.06244780741358494, 0.40460576998821046, 0.1825337689148045, -0.025191155402021242], [-0.47334791161423456, 0.05301384416721347, -0.727915758738224, -0.11819117873544895, -0.7683659945684823, 0.029590497685993977, 0.6092348572034302, 0.5864179714878475, 0.13845579909284306, 0.5282471580302732, 0.38299568932589406, -0.05818322798354296]], "inverted": true, "swapped": true, "error_lsq": 0.039668983532172374, "error_max": 0.19011740463770013, "target": "268.xyz", "model": "0.xyz", "model_rescale": 3.751011558992144, "target_rescale": 4.214315581437781},
{"mapping": [0, 12, 7, 1, 11, 9, 13, 10, 6, 4, 3, 5, 2, 8, 14], "R": [[-0.5259026254212544, 0.4601608337283892, -0.7153170176064777], [-0.2645483091083461, -0.8877916857439105, -0.37661666834050384], [-0.8083567410017357, -0.008827787173458113, 0.5886267488406158]], "T": [-0.09439093864457368, 0.013833877754457592, 0.08140463420563877], "aligned_model": [[0.39997709997293507, -0.19944638858085478, -0.22286128302505093, -0.11893882530558272, -0.7783005733071147, -0.28579877852308355, 0.2830671142640331, -0.7054843447037898, -0.6986743065941994, -0.39192837653887136, 0.40483528221268894, 0.15139405398841788, 0.7174155940054553, 0.22020638674301865, -0.1147807694783598], [0.27679371169045647, -0.5772616892431331, 0.038805512649832286, 0.6072453300422377, -0.35934512713428585, -0.5094981337115907, -0.5921640609502139, 0.027040282490121626, 0.24082712779220874, 0.6564267426995063, -0.3416476511227898, -0.19074302868283907, -0.051949873093299556, 0.44585458427296226, -0.03605398191260656], [-0.4304126052747393, -0.35625332264159326, -0.568632912296606, -0.2832126980620722, -0.09103674961121942, 0.43308099955059154, 0.21479921760658388, 0.6280710663868775, -0.30205516932909576, 0.4337111099945742, -0.37445932856005915, 0.6178970141557797, 0.2241658112085136, 0.4748571524821118, 0.07144126631238154]], "inverted": false, "swapped": false, "error_lsq": 0.05361450598161289, "error_max": 0.41555733086107716, "target": "268.xyz", "model": "1.xyz", "model_rescale": 3.9405287249114394, "target_rescale": 4.214315581437781},
{"mapping": [1, 6, 4, 13, 11, 2, 10, 12, 7, 8, 9, 0, 14], "R": [[0.6329896580776259, -0.0009857747075414647, 0.7741596224390657], [0.531997124424711, -0.7259208881570031, -0.4359104538103977], [0.5624083501963757, 0.6877775020932091, -0.45897598547616514]], "T": [-0.011542388757883732, -0.011604403131492178, 0.1069317879805401], "aligned_model": [[-0.4131379354637033, 0.32761775147523176, -0.4697176859533149, 0.5103084371091537, 0.504331164677946, -0.6220742716688791, 0.04324610633848648, 0.7104699883528286, 0.00048117575040028046, -0.5464433414274069, -0.01168838357580811, -0.4887305937289899, -0.048679132602013106], [0.6211656052260888, 0.6090573306548699, 0.041742524676415975, -0.25644115145459334, -0.2526276941697147, 0.05502285123241969, 0.3979716421133429, 0.3227190436527038, -0.6234689601189805, -0.5332976243793963, -0.9544913514904056, 0.13614258406050306, -0.10466220643123653], [-0.08865468584312639, -0.29053965262897347, -0.5700529364256741, 0.3130028424359767, -0.24033631345089906, 0.07258314047589051, 0.36660782149636506, 0.1202605275830134, -0.4566867860919563, 0.09100441362308936, 0.1647936576631704, 0.6080396390613785, 0.023098681690389464]], "inverted": false, "swapped": true, "error_lsq": 0.05445547320807724, "error_max": 0.30720725814397426, "target": "268.xyz", "model": "2.xyz", "model_rescale": 3.932901565614263, "target_rescale": 4.214315581437781},
{"mapping": [8, 0, 3, 2, 9, 13, 13, 7, 4, 5, 10, 1, 12, 14], "R": [[-0.8509016977223577, 0.08323250149577038, 0.5186893593548704], [0.47234250355425467, 0.5533455170393062, 0.6860767435998699], [-0.22991054814711787, 0.8287828964615881, -0.510156888009397]], "T": [0.12630578206092552, -0.09838610559476683, 0.07149847148143701], "aligned_model": [[-0.3431910838447502, 0.5004938576581572, 0.2559590384140711, 0.06917618934052255, -0.5325432232405984, 0.15277018594378744, 0.15277018594378744, -0.6959711123790271, -0.34348357205800206, -0.2923737902626076, 0.607802044524288, 0.4100072395447641, 0.4812470355905681, -0.0028530831222574604], [0.11614730997351143, 0.1978503708378691, -0.3587677065490482, 0.4494238514185121, -0.541234404379459, -0.7096256313724245, -0.7096256313724245, -0.1966275620394865, 0.5299914606283416, -0.01910577361513309, -0.045785681469125164, 0.5839823727641935, -0.5514982917783475, -0.08162804469649054], [-0.4689500774351613, -0.4508750229785424, -0.6351150592633312, -0.20237862009985547, -0.4405437017230139, 0.09210125590837429, 0.09210125590837429, 0.15148612269274214, 0.3071219248345899, 0.6518237571164114, 0.13133577616213996, 0.3034848463339218, 0.6210052943188418, 0.0612986112816058]], "inverted": true, "swapped": true, "error_lsq": 0.0501989829945047, "error_max": 0.3595137267377183, "target": "268.xyz", "model": "3.xyz", "model_rescale": 3.9243930471874484, "target_rescale": 4.214315581437781},
{"mapping": [3, 13, 9, 8, 7, 0, 2, 11, 5, 6, 4, 1, 14], "R": [[0.7805018651628306, -0.2534941384235453, -0.5714521504572778], [-0.2801940007129027, 0.6752940101473278, -0.6822531215198938], [0.558845381516069, 0.6926172981120565, 0.45604069765111327]], "T": [-0.14508525565318342, -0.044792331097377694, -0.1773529071698639], "aligned_model": [[-0.16048891155019437, -0.07304394256292757, 0.6243270571215409, 0.33364548567909424, 0.6703303112549288, -0.5096890401996975, -0.15182064227259484, 0.21558337846305764, 0.19605407033107985, -0.47979730070314924, 0.19014005877380163, -0.5579932429130876, -0.02004139511049896], [-0.6803648026533556, 0.11226990075098488, -0.4031160179044883, -0.5910153284095764, 0.10396695584083225, -0.6419615141746812, -0.4318746594153812, 0.45242627881359365, 0.5262006625369933, 0.6533431988594941, 0.06961762678953677, 0.009192211838119677, -0.05085495919048481], [-0.6012887367659346, -0.764617840404394, -0.592072864595173, -0.0013022268887977195, -0.10554185625113988, -0.07199693591118811, 0.30065348016331583, -0.43716952432921385, 0.09823075336644971, 0.06515227487816755, 0.5613034167383968, 0.47573483466471916, -0.14001445929424342]], "inverted": true, "swapped": true, "error_lsq": 0.04525225750803696, "error_max": 0.30200330388372343, "target": "268.xyz", "model": "4.xyz", "model_rescale": 3.8936222436046832, "target_rescale": 4.214315581437781},
{"mapping": [6, 10, 11, 5, 13, 3, 0, 8, 4, 1, 7, 14], "R": [[-0.7013110274068378, -0.7096080931876064, -0.06796467406097947], [-0.604911588404715, 0.5419616064282917, 0.5834034516279025], [-0.37715356693428015, 0.4502598929954955, -0.8093338098142414]], "T": [-0.19198121645754257, -0.06853334839018947, -0.012133265639694926], "aligned_model": [[0.08474700873786739, -0.36990098157226403, -0.1935200789729171, 0.30706921081802846, -0.6681858131493156, -0.7348927892158916, -0.3565958923730853, -0.002746836651510348, 0.6206613881755334, 0.28225973792463055, 0.1768283092051351, -0.11817522071111412], [-0.5536622414469593, -0.5229809447658371, 0.28202395494474336, 0.09104216431291813, 0.15596894759573832, 0.1329119189866405, -0.3622036025408503, 0.4045320086690439, 0.007736895556375897, -0.6634176580343344, 0.6580945048127317, 0.03887695701959694], [-0.6006106068445651, -0.009322972816027772, -0.5795132910282351, -0.5059345609485901, -0.32448963016359383, 0.4864427619093742, 0.6102063714581045, 0.5346171755732473, 0.05767835065389501, 0.13325968700749985, -0.18000284588185517, -0.003045719643735803]], "inverted": false, "swapped": true, "error_lsq": 0.04850938868174063, "error_max": 0.3205683658285572, "target": "268.xyz", "model": "5.xyz", "model_rescale": 3.6523030999806103, "target_rescale": 4.214315581437781},
{"mapping": [6, 5, 4, 1, 2, 12, 7, 10, 13, 3, 8, 0, 14], "R": [[0.10928620337192813, 0.41102102182015726, 0.9050515153152683], [0.9731035127709009, -0.22999826215706543, -0.013051928503590271], [0.2027956586948611, 0.8821352045047537, -0.42510163700916737]], "T": [0.003212029994897919, -0.08217949381883422, -0.043092825856738376], "aligned_model": [[0.10790167137466414, -0.18221276491820199, 0.3413760483983149, 0.6999270107395922, 0.5128158408372436, -0.3391617591303524, -0.43457392993249255, 0.23953476014861375, -0.5390428458593861, -0.07458116392936467, 0.08249924864127633, 0.4998557091673954, -0.03325492087300811], [-0.5591717937659948, 0.06439244999545601, 0.42615325552874367, -0.19832988129915988, 0.2554311600803354, -0.7558439971635362, 0.555603634870979, -0.5007260667235893, -0.31086173309109955, 0.010971604153730746, 0.6084544333867927, -0.09293728193527627, 0.03769112012580174], [0.6047903112820014, 0.6369731291689986, 0.5030955366556897, 0.2747566014632823, -0.11158518316068258, 0.2063225315763426, 0.26311761369354947, -0.12768769531236437, -0.21162377353576656, -0.7975345524040206, -0.3174554382304995, -0.5469540761385602, -0.006105265576181219]], "inverted": true, "swapped": true, "error_lsq": 0.04360259874079682, "error_max": 0.23300276966528008, "target": "268.xyz", "model": "6.xyz", "model_rescale": 4.08911054899281, "target_rescale": 4.214315581437781},
{"mapping": [4, 3, 8, 5, 9, 1, 0, 11, 10, 12, 6, 13, 2, 7, 14], "R": [[0.483801471242028, 0.1387062778447799, -0.8641161408690942], [0.05615786565690604, 0.980405715136603, 0.18881453294793626], [0.8733741641180547, -0.1398756669829786, 0.4665322788802044]], "T": [-0.11486752857394554, 0.027934716747438238, 0.05416332528351807], "aligned_model": [[0.03368060811192865, 0.08819382466313182, -0.5267707417867586, 0.06658447237390765, -0.5636466461968339, -0.17936326759670831, 0.32747252878347877, -0.6362521837935751, -0.651046012319431, -0.34075565261957047, 0.3347568780223888, -0.07565615339006375, 0.4766752363830087, 0.5331592310619118, -0.22635023656717296], [0.19567409192782417, -0.4756715066319381, -0.07502857143595432, 0.7114603286800683, -0.6049830730040969, -0.5367153398934073, -0.7971851925041463, 0.05087187007973698, 0.4662807483486485, 0.6068378140380711, -0.13992000331611046, 0.19782442856644258, -0.26975678361002986, 0.39725890783648277, -0.09261797329502452], [-0.6141527996180913, -0.5216823961218443, -0.47958125550059405, -0.22933118748078973, -0.05795127193488124, 0.5177975259620196, -0.036216938699148896, 0.32279502716487707, -0.14493536544509078, 0.4032301919060287, -0.08297037735284103, 0.765144672595716, 0.5141594895428041, 0.26140696260376195, 0.07424857430010252]], "inverted": false, "swapped": false, "error_lsq": 0.046305931631310686, "error_max": 0.2919085092864556, "target": "268.xyz", "model": "7.xyz", "model_rescale": 3.964800864290218, "target_rescale": 4.214315581437781},
{"mapping": [12, 10, 6, 13, 5, 3, 11, 1, 0, 8, 9, 7, 4, 14], "R": [[-0.25904822463752325, -0.7281864062154468, -0.6345380801143296], [-0.5071387236271887, -0.4565725878506051, 0.7309936983457432], [-0.8220123674920793, 0.5111614518197098, -0.2510172063099125]], "T": [0.03880692662276296, -0.11970367158696485, 0.040456633423335345], "aligned_model": [[-0.21535333549394864, 0.18403862372431712, 0.37227102163818115, -0.5393559687950435, 0.1718879979391304, -0.3449962784237267, -0.3363066174223149, 0.7934434142539614, 0.27169246085770493, 0.046378163671051825, -0.610932533923258, -0.1771731762087742, 0.6148033008392954, 0.030790816804296812], [-0.040946482269291734, -0.4542579270577475, 0.17552690314886263, -0.12137093927488876, 0.5714093759299412, -0.6659594027132751, 0.3934151388264092, -0.19803530369071123, -0.743159912721985, -0.10196980642788847, 0.06850426091396947, 0.5673419579432106, 0.3869860128974265, -0.02653540932282955], [-0.7095110734558752, -0.28383823659348845, -0.6376840154737371, -0.16069873899427933, -0.11122585230364292, 0.4122240376397068, -0.1615626718499653, -0.11548842838108996, 0.280692927385365, 0.7875608523331061, 0.6998504627972003, 0.4570014657821794, 0.3278110405107122, 0.1316832693288299]], "inverted": false, "swapped": true, "error_lsq": 0.0429036857571504, "error_max": 0.29205385038643716, "target": "268.xyz", "model": "8.xyz", "model_rescale": 4.121658175737393, "target_rescale": 4.214315581437781},
{"mapping": [10, 0, 1, 6, 3, 13, 8, 7, 4, 9, 12, 5, 14], "R": [[-0.7536814386670649, -0.6572202555024365, 0.005081807361111572], [0.609896317366198, -0.6964884227112331, 0.3780613165775737], [-0.24493013508323752, 0.2880371725776568, 0.9257666099733648]], "T": [-0.10842634307459312, 0.002210600563808649, -0.09436035956311248], "aligned_model": [[-0.3320936123056917, -0.312126393580094, 0.2998670690061416, 0.12627350861070477, -0.635581219995425, -0.554071734078948, 0.11973451316500597, 0.3356516274812098, 0.7065490848898129, -0.2288700573077683, -0.4365634426712136, 0.4121016258351078, -0.024133472613645096], [0.23152891103726284, -0.37882551034872014, 0.21085359934354067, 0.7685773419168889, -0.5494666744090905, 0.13010217703268737, -0.703344468084047, -0.22220577667538916, -0.06404203088444177, -0.6430619214037477, 0.7110489397593395, 0.3582016382339395, -0.058978786106512734], [-0.46256142361934205, -0.6546858053599502, -0.7186163359584105, -0.2201861596861453, -0.13524002256484818, 0.30536770727332396, -0.0012411010714722948, 0.5724385193609357, -0.1444048935946848, 0.5849779204996167, 0.05771182009166753, 0.25302473964008776, -0.015509531051689673]], "inverted": false, "swapped": true, "error_lsq": 0.04336477109888947, "error_max": 0.2825913833838498, "target": "268.xyz", "model": "9.xyz", "model_rescale": 3.833441315466971, "target_rescale": 4.214315581437781},
{"mapping": [13, 5, 0, 8, 1, 6, 4, 12, 10, 11, 2, 7, 3, 7, 14], "R": [[-0.7375832557321328, 0.5857975454679356, 0.3358752396163326], [0.611984513420432, 0.3696910142276918, 0.6991448414548], [0.28538727406305997, 0.7212279734751297, -0.6311769277150532]], "T": [-0.13692466628435013, -0.02807790931278511, 0.05789283270058385], "aligned_model": [[-0.0035781641694470623, 0.03597644731313751, -0.5503744223578959, 0.05494787487461958, -0.6503388180916096, -0.3144808294951499, 0.2192067328829987, -0.6766075641555209, -0.5732469123766277, -0.30842311509368214, 0.4554296129835574, 0.16981262182257806, 0.6783039764050789, 0.16981262182257806, -0.04575817723497248], [-0.021837052015906987, -0.49613110845418734, -0.11284696435949004, 0.7126650941246003, -0.5322176266361982, -0.5391816496930605, -0.7084572049318657, -0.05190835664334111, 0.604372414973995, 0.49680647989735605, -0.005327558461581415, 0.23978699288332414, -0.18622372404240026, 0.23978699288332414, -0.00495698373800112], [-0.7281518883481455, -0.3986886048954469, -0.47661298411798025, -0.09057970073405833, -0.10901428834260682, 0.46835153162176296, 0.2727579548359105, 0.3247158767507063, -0.23431193864034824, 0.4584196620928987, -0.3486155734816001, 0.5852206311695173, 0.31228231984557087, 0.5852206311695173, 0.07096722299633104]], "inverted": false, "swapped": false, "error_lsq": 0.052283383053886766, "error_max": 0.35570020196230917, "target": "268.xyz", "model": "10.xyz", "model_rescale": 4.2482417240324, "target_rescale": 4.214315581437781},
{"mapping": [12, 13, 3, 9, 1, 2, 10, 8, 7, 4, 5, 14], "R": [[0.5968987797805229, -0.7816570539941027, 0.18089802828605792], [0.42326922544658413, 0.49833128754475975, 0.7566433047637644], [-0.6815827238761055, -0.3750708970251392, 0.6283047132708666]], "T": [-0.10018234061347739, 0.03508902830174998, 0.08288627347567307], "aligned_model": [[-0.7403557280119278, -0.11475491988827814, 0.4645334383322012, 0.6764547719043216, -0.4577107242078904, 0.1529708667740657, -0.3847729252003873, 0.5932476097533705, 0.226220845209981, -0.09845099875381066, -0.41082348283764314, -0.029793150710996294], [-0.428113405536385, -0.5724637494437507, -0.1646872407907813, -0.4180600299195828, 0.7185241653842376, 0.5950883851711277, 0.11873289096653566, 0.2518662315181994, -0.12893232262273613, 0.6089663456820806, 0.042262417031295074, 0.042947702610399145], [0.1770841207087101, 0.15641082351795482, 0.5573299035807896, -0.20672474350464726, 0.15374390312119826, 0.10900857344333098, 0.4704399624257735, -0.09232524331641834, -0.6646073090825302, -0.501699598572003, -0.5665796730672792, -0.026888429400522898]], "inverted": true, "swapped": true, "error_lsq": 0.04434252365127766, "error_max": 0.2697629675452885, "target": "268.xyz", "model": "11.xyz", "model_rescale": 3.6694154284099745, "target_rescale": 4.214315581437781},
{"mapping": [8, 4, 5, 1, 2, 9, 3, 13, 6, 12, 11, 10, 7, 14], "R": [[-0.41359643982090616, 0.3123730821951909, 0.8551964934957043], [0.0015370313964284121, 0.9395394495788099, -0.34243723544561194], [-0.9104590174752284, -0.1403163575818001, -0.3890702986518226]], "T": [0.15337681112476645, -0.02160568345312587, 0.03348771063908517], "aligned_model": [[-0.06679411192873239, 0.10259097367160086, -0.19360483923367275, 0.7523540153591481, 0.43807176355635136, -0.595595815502008, 0.1711331052303068, -0.17145257849622517, 0.36333659425319387, 0.14408224954022605, -0.39296140283020486, 0.5736846005877395, -0.5841458637662202, 0.05756615981430677], [-0.4280845909093423, 0.4297811722900677, 0.5962751296125001, 0.3658427116657438, -0.12036381291952851, -0.569739407842504, -0.7824654894130009, -0.17925404355148705, 0.7181040640688409, 0.33688802871194584, 0.26620158871083155, 0.0019478021106498072, 0.10938337929824714, -0.013529243696709535], [-0.5537398346546207, -0.6482376885668383, -0.093722460444155, -0.2682422767353068, -0.5027620600691103, -0.14250444661248132, 0.10195884707200523, 0.5278271279109283, 0.29229364855298534, 0.7438732148078956, 0.2854686906578863, 0.2804139219864878, -0.32857701934942807, -0.054954204903832425]], "inverted": true, "swapped": true, "error_lsq": 0.044861303849744114, "error_max": 0.2519115403668111, "target": "268.xyz", "model": "12.xyz", "model_rescale": 3.9764082729961374, "target_rescale": 4.214315581437781},
{"mapping": [3, 2, 7, 14, 0, 9, 1, 5, 4, 6, 8, 12, 10, 13, 15], "R": [[0.44420967890565344, 0.4294202202052723, -0.786305306891281], [-0.42609626744629175, -0.6707763689675964, -0.6070428598566868], [-0.7881114972101818, 0.6046960701984943, -0.11499100248116495]], "T": [-0.0705569172042263, 0.006963607070529964, 0.10113708575687644], "aligned_model": [[0.15944098307779744, -0.032859739157773016, -0.40699493293815037, 0.17510056000654933, -0.6091902784481458, -0.3614241061405065, 0.2236743455035366, -0.7762356189608702, -0.7198661435164255, -0.35683043227654365, 0.41827501883011287, 0.17219168157371995, 0.687179627014117, 0.199782364788318, -0.11156144422609418], [0.3255477179384555, -0.6664076161040007, -0.16197434665504815, 0.749644605603495, -0.4446750707059714, -0.41426077525357247, -0.5441492097493309, 0.013088462253668397, 0.19686465081772975, 0.6867195190944527, -0.1945689671920451, -0.15489748867043868, -0.23558160257360738, 0.41101455191800956, 0.06796531506477052], [-0.6432073086480017, -0.3247850109625703, -0.554075191511357, -0.06283052654379875, -0.08053443208131422, 0.416518481298222, 0.21526510792176534, 0.5536898029852245, -0.1401072799572375, 0.3002304817696425, -0.3679906116481779, 0.668664740083205, 0.2158281917459172, 0.47280905506114546, 0.02248535240936389]], "inverted": true, "swapped": false, "error_lsq": 0.04147829293336904, "error_max": 0.21564961502191096, "target": "268.xyz", "model": "13.xyz", "model_rescale": 4.170626492500431, "target_rescale": 4.214315581437781},
{"mapping": [8, 3, 2, 10, 4, 6, 1, 9, 7, 13, 11, 12, 5, 14], "R": [[-0.7763207814572263, 0.29469749454320815, 0.5572068116844928], [-0.23636310137112293, -0.9555775613626593, 0.176079551710066], [0.5843445290133777, 0.004991085067334491, 0.8114903329565822]], "T": [-0.12996164617441963, -0.05641011680406911, 0.051672492951799265], "aligned_model": [[0.36388525780014214, -0.11189879201437161, -0.1342646698896378, -0.6166791060476708, 0.1827736982295431, -0.49565698096950545, -0.56035830019193, 0.6618557858101543, 0.6775106132520302, -0.04938554979612497, 0.21861023473870062, -0.47084593040804873, 0.18336421083088783, -0.005727449252525427], [-0.29216886491647626, -0.8039999597628359, 0.013778256675178041, -0.08208503279907417, 0.5650912820375856, 0.5904381869103588, 0.42970452492135186, -0.5699263152922407, 0.13380603432246896, -0.3626000258550571, 0.12129072928360025, 0.08726810729008509, 0.5541198396921095, -0.028642294581388426], [-0.45731628456683243, -0.10547198463031626, -0.5594111976140359, 0.07682942756267011, -0.3807756893133399, 0.3773845263505038, -0.3706806894255471, 0.09302564227385868, 0.11487902226518953, 0.5755940801761641, 0.5917955690794703, 0.7562334681369096, 0.26946935247873627, 0.022317858347435757]], "inverted": false, "swapped": true, "error_lsq": 0.04922396900364397, "error_max": 0.3038342387154242, "target": "268.xyz", "model": "14.xyz", "model_rescale": 3.9786697098870705, "target_rescale": 4.214315581437781},
{"mapping": [13, 6, 3, 9, 10, 0, 5, 4, 8, 7, 1, 14], "R": [[-0.3821231692666638, 0.8754039798243545, -0.29605701413288993], [0.18339487648222802, -0.24215985621713815, -0.9527459909739655], [-0.9057307562348036, -0.41836165711567846, -0.0680097130250859]], "T": [-0.00880588743248173, 0.034475652576171974, -0.14942790108274742], "aligned_model": [[0.026462220518237836, -0.8172574375881294, 0.6672090956688981, 0.69070258503152, -0.18951676527617936, 0.3736482415728185, -0.47412168979729713, -0.18453771317042827, 0.6055533747630932, 0.1249603537209312, -0.37066242320332654, 0.030914754527198218], [-0.3812904156128002, 0.10259478684764028, 0.11069773132627508, -0.5931348974218085, 0.3795866781840879, 0.6200313408758368, -0.331751206372967, 0.10274621468219841, 0.0015562975927467318, -0.6050892780882089, 0.6466094752134651, -0.037882237002026385], [-0.5973490262556661, -0.14933194860672627, -0.4974295737274791, -0.05363275952769661, -0.4434141542454567, -0.2566669271386415, 0.26010168798374234, 0.6477773864803477, 0.2748544819343708, 0.3655983035247916, 0.15762741324506738, -0.048168389792823424]], "inverted": false, "swapped": true, "error_lsq": 0.056661796142658954, "error_max": 0.3579245125439175, "target": "268.xyz", "model": "15.xyz", "model_rescale": 3.769337070930944, "target_rescale": 4.214315581437781},
{"mapping": [4, 6, 8, 2, 7, 11, 9, 12, 3, 0, 14], "R": [[-0.1068481288565149, -0.5525166582164979, -0.826624957131791], [0.6366415953959138, -0.6766205093809506, 0.36996238362407663], [-0.7637217794273037, -0.4867340430649336, 0.42405072214306666]], "T": [-0.05865678531297954, -0.06071782685655649, 0.09840445148982095], "aligned_model": [[-0.46127964928789533, -0.28028995474642826, -0.0702419622636325, -0.5393492407837354, 0.3467371217892254, 0.45482052487451446, 0.6090867170811427, 0.21707986373373048, 0.1402229501495392, -0.46972425202770657, -0.024435987827583293], [0.03218216480852163, -0.8198764591913704, 0.6527855478164833, 0.3065234096798153, 0.18388656755198082, -0.35179054949771554, 0.5858258950417621, -0.7787859669536432, 0.47276365510728824, 0.30865489131640506, 0.00389534194581468], [-0.6089449923491395, -0.08267852332631227, -0.1236659101569013, -0.01311612105645564, -0.5857104288928058, -0.21212832662881936, -0.07036653342032624, 0.3023631277458676, 0.608066678905288, 0.5402575565835481, -0.009858920180166597]], "inverted": true, "swapped": true, "error_lsq": 0.04720939987286315, "error_max": 0.25154054238395, "target": "268.xyz", "model": "16.xyz", "model_rescale": 3.7852294659196426, "target_rescale": 4.214315581437781},
{"mapping": [3, 8, 7, 9, 0, 2, 1, 4, 13, 12, 10, 5, 14], "R": [[-0.29905879954553366, 0.11774346955132226, -0.9469426116678886], [-0.5983716715609086, 0.7498709531099067, 0.28221427383363284], [0.7433136465098625, 0.6510222953632675, -0.1538011503603082]], "T": [0.04151080515591557, 0.165110299413468, -0.06484632630705604], "aligned_model": [[-0.2578234146001954, -0.35864828991532194, 0.3513330011439991, 0.1798784697127847, -0.5976398623026995, -0.5209803593146825, -0.36745183908392687, -0.15493768923430967, 0.49251194176000157, 0.6467010643086211, -0.06705661499694093, 0.45584934741642846, 0.05203009532252448], [-0.26129203324208883, -0.43446246774555985, -0.4080642874395656, -0.767190971924426, 0.2090080873253554, 0.1341814473191731, 0.7338827085234246, 0.17755375538589757, -0.0024336453031815752, 0.6102512694593698, 0.564749135539525, 0.24730391239296812, 0.07156871341198254], [-0.6238555412749106, 0.1324395653064479, 0.4525218202766606, -0.1285059173367296, -0.36518986645127766, 0.18216641964132096, 0.26557527953188903, 0.7303467095033048, -0.44335074985124795, -0.3272314670513287, -0.3230862813043411, 0.5181829824330294, 0.025741743720356883]], "inverted": true, "swapped": true, "error_lsq": 0.05305241125705121, "error_max": 0.3092384319876747, "target": "268.xyz", "model": "17.xyz", "model_rescale": 3.901054581598922, "target_rescale": 4.214315581437781},
{"mapping": [0, 12, 7, 1, 11, 9, 13, 10, 6, 4, 3, 5, 2, 8, 14], "R": [[-0.5259026254212544, 0.4601608337283892, -0.7153170176064777], [-0.2645483091083461, -0.8877916857439105, -0.37661666834050384], [-0.8083567410017357, -0.008827787173458113, 0.5886267488406158]], "T": [-0.09439093864457368, 0.013833877754457592, 0.08140463420563877], "aligned_model": [[0.39997709997293507, -0.19944638858085478, -0.22286128302505093, -0.11893882530558272, -0.7783005733071147, -0.28579877852308355, 0.2830671142640331, -0.7054843447037898, -0.6986743065941994, -0.39192837653887136, 0.40483528221268894, 0.15139405398841788, 0.7174155940054553, 0.22020638674301865, -0.1147807694783598], [0.27679371169045647, -0.5772616892431331, 0.038805512649832286, 0.6072453300422377, -0.35934512713428585, -0.5094981337115907, -0.5921640609502139, 0.027040282490121626, 0.24082712779220874, 0.6564267426995063, -0.3416476511227898, -0.19074302868283907, -0.051949873093299556, 0.44585458427296226, -0.03605398191260656], [-0.4304126052747393, -0.35625332264159326, -0.568632912296606, -0.2832126980620722, -0.09103674961121942, 0.43308099955059154, 0.21479921760658388, 0.6280710663868775, -0.30205516932909576, 0.4337111099945742, -0.37445932856005915, 0.6178970141557797, 0.2241658112085136, 0.4748571524821118, 0.07144126631238154]], "inverted": false, "swapped": false, "error_lsq": 0.05361450598161289, "error_max": 0.41555733086107716, "target": "268.xyz", "model": "18.xyz", "model_rescale": 3.9405287249114394, "target_rescale": 4.214315581437781},
{"mapping": [5, 7, 9, 2, 13, 12, 4, 14, 11, 10, 8, 12, 0, 1, 15], "R": [[-0.4212451708490567, -0.4198666939623217, -0.8039057565022776], [0.8782800018220378, -0.40994389788091484, -0.24611021715825498], [-0.22622277612086372, -0.8097270897600946, 0.541447408039615]], "T": [-0.07115171525035707, -0.05258512688110757, 0.1099376444872383], "aligned_model": [[0.0736428613820132, -0.03885219444239256, -0.33759701254040037, 0.1014713721359155, -0.6561846154102322, -0.12379391485420937, 0.250089203030979, -0.7402801690192644, -0.6509253353299398, -0.4566455253879587, 0.45807376104149894, -0.12379391485420937, 0.5948158212980801, 0.3844572509321575, -0.07379570285239534], [0.38745246184424614, -0.5848638379088364, -0.17822633362252915, 0.782034603129487, -0.37513959853583323, -0.26671667861090154, -0.6970167325078384, 0.07728577371585581, 0.21366385343968392, 0.6230102408789887, -0.1011262489274344, -0.26671667861090154, -0.21809931517468478, 0.2519454181192915, -0.013157181442026523], [-0.5804709981625308, -0.34969445152388445, -0.5987449626628983, -0.06016955404157193, 0.03905066459647605, 0.6114508941467577, 0.23712729307231786, 0.4775510604708644, -0.22500598037785863, 0.2233812796247867, -0.42842683265635884, 0.6114508941467577, 0.1519680108082156, 0.4776345863772936, 0.10485894810366146]], "inverted": false, "swapped": false, "error_lsq": 0.04734957803863125, "error_max": 0.30293671959879964, "target": "268.xyz", "model": "19.xyz", "model_rescale": 4.410303926677745, "target_rescale": 4.214315581437781},
{"mapping": [12, 10, 6, 13, 5, 3, 11, 1, 0, 8, 9, 7, 4, 14], "R": [[-0.25904822463752325, -0.7281864062154468, -0.6345380801143296], [-0.5071387236271887, -0.4565725878506051, 0.7309936983457432], [-0.8220123674920793, 0.5111614518197098, -0.2510172063099125]], "T": [0.03880692662276296, -0.11970367158696485, 0.040456633423335345], "aligned_model": [[-0.21535333549394864, 0.18403862372431712, 0.37227102163818115, -0.5393559687950435, 0.1718879979391304, -0.3449962784237267, -0.3363066174223149, 0.7934434142539614, 0.27169246085770493, 0.046378163671051825, -0.610932533923258, -0.1771731762087742, 0.6148033008392954, 0.030790816804296812], [-0.040946482269291734, -0.4542579270577475, 0.17552690314886263, -0.12137093927488876, 0.5714093759299412, -0.6659594027132751, 0.3934151388264092, -0.19803530369071123, -0.743159912721985, -0.10196980642788847, 0.06850426091396947, 0.5673419579432106, 0.3869860128974265, -0.02653540932282955], [-0.7095110734558752, -0.28383823659348845, -0.6376840154737371, -0.16069873899427933, -0.11122585230364292, 0.4122240376397068, -0.1615626718499653, -0.11548842838108996, 0.280692927385365, 0.7875608523331061, 0.6998504627972003, 0.4570014657821794, 0.3278110405107122, 0.1316832693288299]], "inverted": false, "swapped": true, "error_lsq": 0.0429036857571504, "error_max": 0.29205385038643716, "target": "268.xyz", "model": "20.xyz", "model_rescale": 4.121658175737393, "target_rescale": 4.214315581437781},
{"mapping": [6, 5, 4, 1, 2, 12, 7, 10, 13, 3, 8, 0, 14], "R": [[0.10928620337192813, 0.41102102182015726, 0.9050515153152683], [0.9731035127709009, -0.22999826215706543, -0.013051928503590271], [0.2027956586948611, 0.8821352045047537, -0.42510163700916737]], "T": [0.003212029994897919, -0.08217949381883422, -0.043092825856738376], "aligned_model": [[0.10790167137466414, -0.18221276491820199, 0.3413760483983149, 0.6999270107395922, 0.5128158408372436, -0.3391617591303524, -0.43457392993249255, 0.23953476014861375, -0.5390428458593861, -0.07458116392936467, 0.08249924864127633, 0.4998557091673954, -0.03325492087300811], [-0.5591717937659948, 0.06439244999545601, 0.42615325552874367, -0.19832988129915988, 0.2554311600803354, -0.7558439971635362, 0.555603634870979, -0.5007260667235893, -0.31086173309109955, 0.010971604153730746, 0.6084544333867927, -0.09293728193527627, 0.03769112012580174], [0.6047903112820014, 0.6369731291689986, 0.5030955366556897, 0.2747566014632823, -0.11158518316068258, 0.2063225315763426, 0.26311761369354947, -0.12768769531236437, -0.21162377353576656, -0.7975345524040206, -0.3174554382304995, -0.5469540761385602, -0.006105265576181219]], "inverted": true, "swapped": true, "error_lsq": 0.04360259874079682, "error_max": 0.23300276966528008, "target": "268.xyz", "model": "21.xyz", "model_rescale": 4.08911054899281, "target_rescale": 4.214315581437781},
{"mapping": [0, 2, 4, 6, 3, 14, 15, 12, 7, 10, 1, 9, 11, 5, 16], "R": [[0.9574156970596746, -0.22537968293778154, -0.18044162918407416], [0.08241441878351308, -0.3856352630421, 0.918963169814235], [-0.2767002829783764, -0.8947007557934193, -0.35063871860131335]], "T": [-0.05263068909953205, -0.007222183632006236, 0.0375661298533813], "aligned_model": [[-0.13007098563225034, 0.04801360457932954, -0.36126005956439844, 0.08042238471654536, -0.6849058779661645, -0.35546611737734746, 0.27122100097612667, -0.6826495253671176, -0.5170108313665138, -0.2689135612725759, 0.5614048089424911, -0.13338427421122273, 0.6642871151539246, 0.25048346564345947, -0.08148926212464402], [0.2790494136723848, -0.6000924115534113, -0.272413153406611, 0.6820728889713149, -0.5917557507817679, -0.4591627195162407, -0.638746032864136, 0.03837436989318149, 0.5165670958071051, 0.6281377004621037, -0.1755965170681201, 0.013198466711878892, -0.13338179001218406, 0.34773604312702555, 0.0003421423440437242], [-0.6780671360230673, -0.36197041211438047, -0.5287499012672501, -0.212900057453897, -0.07569206063771346, 0.3779527355703613, 0.20431362932592867, 0.4196220502220454, -0.08810034229487308, 0.4855337024559468, -0.4363630549941741, 0.7451037381072891, 0.27422125006177356, 0.5665798540597514, 0.0004768569042883017]], "inverted": true, "swapped": false, "error_lsq": 0.04292860968038983, "error_max": 0.2500182100924179, "target": "268.xyz", "model": "22.xyz", "model_rescale": 4.204369325754507, "target_rescale": 4.214315581437781},
{"mapping": [5, 7, 9, 2, 13, 12, 4, 14, 11, 10, 8, 12, 0, 1, 15], "R": [[-0.4212451708490567, -0.4198666939623217, -0.8039057565022776], [0.8782800018220378, -0.40994389788091484, -0.24611021715825498], [-0.22622277612086372, -0.8097270897600946, 0.541447408039615]], "T": [-0.07115171525035707, -0.05258512688110757, 0.1099376444872383], "aligned_model": [[0.0736428613820132, -0.03885219444239256, -0.33759701254040037, 0.1014713721359155, -0.6561846154102322, -0.12379391485420937, 0.250089203030979, -0.7402801690192644, -0.6509253353299398, -0.4566455253879587, 0.45807376104149894, -0.12379391485420937, 0.5948158212980801, 0.3844572509321575, -0.07379570285239534], [0.38745246184424614, -0.5848638379088364, -0.17822633362252915, 0.782034603129487, -0.37513959853583323, -0.26671667861090154, -0.6970167325078384, 0.07728577371585581, 0.21366385343968392, 0.6230102408789887, -0.1011262489274344, -0.26671667861090154, -0.21809931517468478, 0.2519454181192915, -0.013157181442026523], [-0.5804709981625308, -0.34969445152388445, -0.5987449626628983, -0.06016955404157193, 0.03905066459647605, 0.6114508941467577, 0.23712729307231786, 0.4775510604708644, -0.22500598037785863, 0.2233812796247867, -0.42842683265635884, 0.6114508941467577, 0.1519680108082156, 0.4776345863772936, 0.10485894810366146]], "inverted": false, "swapped": false, "error_lsq": 0.04734957803863125, "error_max": 0.30293671959879964, "target": "268.xyz", "model": "23.xyz", "model_rescale": 4.410303926677745, "target_rescale": 4.214315581437781},
{"mapping": [4, 15, 8, 3, 9, 14, 6, 11, 10, 1, 5, 7, 12, 0, 16], "R": [[0.8951252461814379, -0.27070837351641097, 0.3542142997631799], [-0.16430699373052246, 0.5382784421507019, 0.8265951430579856], [-0.41443214819781843, -0.7981060676526104, 0.437347344014147]], "T": [-0.10310800660000173, -0.073257561691176, 0.11147262244910733], "aligned_model": [[0.03743613532557678, -0.1340102578517589, -0.4091890443232386, 0.014179390955657012, -0.6091595998849478, -0.3591865327866881, 0.31643733308558275, -0.6469654030600482, -0.5906316016804136, -0.35967049234921955, 0.4015758727869867, -0.021565160830423744, 0.6580835951489934, 0.4536092049655097, -0.09026155437192596], [0.21361550368933627, -0.666853791587252, -0.05555713621986544, 0.7724833962836138, -0.33297134425279606, -0.6718108749691669, -0.7020257827575883, -0.08483223169351449, 0.24338358867681018, 0.6642572971565415, -0.20766165909325326, 0.1506123800724428, -0.13936268193761056, 0.4058245367063561, 0.04522854571251342], [-0.49831058617568064, -0.28349922155434487, -0.6512250637535288, -0.1717532291474001, -0.1509783628980374, 0.29669602703024944, 0.19228302948238546, 0.43521116810099525, -0.18151726203348695, 0.467257492075896, -0.23900099127433, 0.7320883732650616, 0.36125911785608766, 0.28734786353751784, 0.09610249741064378]], "inverted": true, "swapped": false, "error_lsq": 0.043550935062591674, "error_max": 0.2629263095652276, "target": "268.xyz", "model": "24.xyz", "model_rescale": 4.28219845311461, "target_rescale": 4.214315581437781},
{"mapping": [7, 12, 13, 4, 14, 10, 11, 6, 2, 0, 9, 8, 5, 1, 15], "R": [[0.06818297536143936, 0.9963844567425728, -0.05068625289632189], [-0.22034248521798483, 0.06458913774253983, 0.9732817847333], [0.9730366237089043, -0.055192913018645484, 0.22394970701854638]], "T": [-0.030179103713085867, 0.014449123646652236, -0.02338418780653364], "aligned_model": [[0.2576226202218694, -0.12168826509435618, -0.2616226327417231, -0.06624922500941814, -0.615264998805803, -0.26109108484273225, 0.06406987967569036, -0.6282376910298916, -0.6832192314034454, -0.4278324604531759, 0.5264112361960764, 0.04653123892745445, 0.6117275125627107, 0.2862148452906586, -0.06668985836427221], [0.28687991303001065, -0.6122084576732296, -0.028675581015872535, 0.7179386628245134, -0.4713485060432139, -0.5285830448638364, -0.5183993850204565, 0.0640831989087845, 0.19219329836433602, 0.6327726619609803, -0.21305431611419784, -0.09246467103195347, -0.2390451805337363, 0.37116741160458233, 0.07307374138985574], [-0.6930838506750864, -0.45157368953519184, -0.5688111853557427, -0.21947087180802427, 0.019274729735883657, 0.5071820566544728, 0.03716882359682198, 0.6489695283805056, -0.12694877812584954, 0.33031339753381717, -0.33212851940738125, 0.6582542946518851, 0.4755919786018428, 0.40384447569446613, 0.003378461979609948]], "inverted": true, "swapped": false, "error_lsq": 0.03946954100372123, "error_max": 0.35693976575791037, "target": "268.xyz", "model": "25.xyz", "model_rescale": 4.100010024507729, "target_rescale": 4.214315581437781},
{"mapping": [12, 13, 3, 9, 1, 2, 10, 8, 7, 4, 5, 14], "R": [[0.5968987797805229, -0.7816570539941027, 0.18089802828605792], [0.42326922544658413, 0.49833128754475975, 0.7566433047637644], [-0.6815827238761055, -0.3750708970251392, 0.6283047132708666]], "T": [-0.10018234061347739, 0.03508902830174998, 0.08288627347567307], "aligned_model": [[-0.7403557280119278, -0.11475491988827814, 0.4645334383322012, 0.6764547719043216, -0.4577107242078904, 0.1529708667740657, -0.3847729252003873, 0.5932476097533705, 0.226220845209981, -0.09845099875381066, -0.41082348283764314, -0.029793150710996294], [-0.428113405536385, -0.5724637494437507, -0.1646872407907813, -0.4180600299195828, 0.7185241653842376, 0.5950883851711277, 0.11873289096653566, 0.2518662315181994, -0.12893232262273613, 0.6089663456820806, 0.042262417031295074, 0.042947702610399145], [0.1770841207087101, 0.15641082351795482, 0.5573299035807896, -0.20672474350464726, 0.15374390312119826, 0.10900857344333098, 0.4704399624257735, -0.09232524331641834, -0.6646073090825302, -0.501699598572003, -0.5665796730672792, -0.026888429400522898]], "inverted": true, "swapped": true, "error_lsq": 0.04434252365127766, "error_max": 0.2697629675452885, "target": "268.xyz", "model": "26.xyz", "model_rescale": 3.6694154284099745, "target_rescale": 4.214315581437781},
