[{"mapping": [6, 2, 12, 7, 3, 0, 10, 4, 9, 8, 5, 13], "R": [[0.3659347081368199, 0.16916103365489796, 0.9151373307179786], [0.5953454967860592, 0.7132565475366166, -0.3699038210842207], [-0.7153010057572835, 0.6801835355909118, 0.16029606693136897]], "T": [-0.011084008531537185, -0.06961891228394747, 0.03297415719258112], "aligned_model": [[-0.21290325909596808, 0.02124055921317219, 0.42084204574499734, -0.17189173526841084, 0.10257721821088037, -0.5324239397886706, 0.40896099492173066, -0.11530696002777516, 0.5664205096643689, 0.0849598107635115, -0.7248045377667129, -0.010028244110574493], [-0.2980965498547044, -0.7390966011100145, -0.2688594658849016, 0.5257956213883163, 0.4087574669382067, -0.45409205946851466, -0.2515646831688018, -0.47264913537292386, 0.28610897248036, 0.25174833532511287, 0.1917258755749286, -0.12622274087000646], [-0.5820521764193131, -0.08053528156697087, -0.6022233701918847, -0.09252856322416306, -0.6081719928163332, 0.1645736188326014, 0.42329281088939963, 0.7416594087303772, -0.03637812420304998, 0.5769005027297746, 0.25270218846854264, 0.0247127241245819]], "inverted": false, "swapped": true, "error_lsq": 0.049337661906547405, "error_max": 0.23095066304104112, "target": "27.xyz", "model": "0.xyz", "model_rescale": 3.751011558992144, "target_rescale": 4.103607728864725},
{"mapping": [5, 8, 9, 1, 13, 2, 4, 0, 3, 7, 12, 11, 6, 14], "R": [[0.4181896251574715, -0.8117103932614099, -0.40772990432645556], [0.3156968087684865, 0.5507590085040797, -0.7726577764346882], [0.8517352654105894, 0.19439843626688535, 0.4865760841152621]], "T": [0.018510337638094163, -0.1679566805810983, -0.022100691641767273], "aligned_model": [[-0.5181442409466971, 0.02882591365436081, -0.5240840041199903, 0.6871749269362457, -0.634268075656649, -0.35821261886039757, 0.39783417539061267, 0.3622875227463585, -0.14333608423923117, 0.447442846660482, -0.1512690438392153, 0.03840664011658031, 0.5931081696276091, -0.007740536547543676], [-0.33656296513959283, -0.369451385384748, -0.3945714520921344, -0.0900516826252071, 0.14887448290399202, 0.2681484505900045, -0.791141365474632, 0.44035384535468164, 0.577543783911342, 0.20746836876119734, 0.24404466906201455, -0.37741728719281975, -0.34453513253773715, -0.15984343741010704], [-0.2935041387219033, -0.6543282811753272, 0.27526565978254186, -0.202389426032086, 0.009530863515387285, -0.6150848656307356, -0.32759740936006965, -0.3175326965671951, 0.015855634311063304, 0.3166469413054434, 0.572378032615583, 0.7476144377094817, 0.427769430779901, 0.025321658923189595]], "inverted": false, "swapped": false, "error_lsq": 0.04294266899433597, "error_max": 0.2749939254040005, "target": "27.xyz", "model": "1.xyz", "model_rescale": 3.9405287249114394, "target_rescale": 4.103607728864725},
{"mapping": [9, 11, 10, 6, 2, 8, 3, 12, 0, 5, 1, 7, 13], "R": [[-0.1879331048273077, 0.9588120126585471, -0.21298045096119667], [-0.5706503887918504, -0.28308147219934027, -0.770858621194032], [-0.7993993256700171, -0.02333247691782142, 0.6003468277914036]], "T": [-0.13532031567548358, -0.04941700345631149, -0.0595579286254682], "aligned_model": [[-0.25602746027814605, 0.37516900035068496, -0.2679845048816241, 0.45566689267518795, 0.38905115658402595, -0.7439926930687635, 0.047333442485835014, 0.516133045590246, -0.03704495938258448, -0.5431643401803339, 0.0976899572021826, -0.44468587693973294, -0.09216038087304615], [0.6038580235189237, 0.5196506741230228, 0.2721214440501874, -0.24557387067332787, -0.1795859454300261, 0.07534083827166176, 0.24167846248849068, 0.3735398718510954, -0.6617578547034128, -0.6893184244197013, -0.7491027733719289, -0.039858413607672546, -0.062159438525295416], [0.09382088295791334, -0.4490936853959978, -0.5503776099444068, 0.22931407558033473, -0.4721354993065718, -0.20892529573033541, 0.6716959634458612, 0.1030729819765046, -0.2882804228682091, 0.16442404128700483, 0.42602696591596434, 0.4884658916435098, -0.09488793997292787]], "inverted": true, "swapped": true, "error_lsq": 0.04336559197453371, "error_max": 0.2649417610030665, "target": "27.xyz", "model": "2.xyz", "model_rescale": 3.932901565614263, "target_rescale": 4.103607728864725},
{"mapping": [8, 11, 7, 1, 9, 11, 3, 10, 12, 6, 5, 4, 0, 13], "R": [[0.5440783764824537, -0.05130541145364664, -0.8374643126723605], [0.6639170899498658, -0.5839749557041466, 0.46710528661410144], [-0.5130232138185554, -0.8101487553936697, -0.2836656063349393]], "T": [0.06235525044160478, -0.15669160617978709, 0.03812814421062682], "aligned_model": [[-0.48623136112875914, -0.034327472727695374, -0.43169476882664964, 0.7708857931720272, -0.6303172523673406, -0.034327472727695374, 0.06474326460488446, 0.2787081955018089, -0.1612368798861037, 0.33042164980251326, -0.22404741828310643, 0.25276452796935794, 0.4780132215069472, 0.04467156431233589], [-0.4214313998257674, -0.02934064958560928, -0.46816338786583367, -0.17409803757270573, 0.07829597680035352, -0.02934064958560928, -0.6115790463508054, 0.4312062569003209, 0.5729216472557884, 0.39410532955368605, 0.262064139411438, -0.3070536621980976, -0.6304991791942365, -0.04422844501666763], [-0.37144760799882603, -0.8405884672532424, 0.4487891418978912, -0.17739472482291652, 0.10725541152525606, -0.8405884672532424, -0.19372782885073975, -0.30930954236187397, 0.06642778778093819, 0.34054408592344826, 0.5474579219935161, 0.8773908942949379, 0.26547185753256364, 0.05966537904756441]], "inverted": false, "swapped": false, "error_lsq": 0.054071318393429726, "error_max": 0.39118920583095224, "target": "27.xyz", "model": "3.xyz", "model_rescale": 3.9243930471874484, "target_rescale": 4.103607728864725},
{"mapping": [0, 6, 5, 8, 7, 2, 10, 1, 3, 12, 9, 11, 13], "R": [[-0.18652880889967294, -0.7608549220105509, 0.6215358325171506], [-0.9201320269982787, 0.3570225265485266, 0.16090981458240988], [-0.3443313176905468, -0.5418807093717443, -0.7666819682686342]], "T": [0.06551937773552324, -0.17209781555030285, -0.06071425585916633], "aligned_model": [[-0.0429337793241428, -0.23628612664599835, 0.6243401096818735, 0.4685105569273864, 0.615744013636605, -0.5703682535299162, -0.14040659810096814, 0.24512735785363132, 0.26358584148184394, -0.45183219518653955, 0.14539580383036643, -0.6564300175953701, 0.012759173282580888], [-0.4969404559291022, 0.29128828798073, -0.3756870709769968, -0.550480092924791, 0.1334492663880748, -0.2988288641328576, -0.5438031424360679, 0.1301261411132198, 0.6054974565241584, 0.4020848394844487, 0.0921648051022031, -0.07677438486596758, -0.18426723164546469], [-0.6260889235342072, -0.467380197860379, -0.5824894031620058, 0.25988230384242594, -0.05598609713637519, -0.26495873664647557, 0.3651030316400286, -0.870682346090064, 0.03387162638556661, 0.11927030461689349, 0.5627025865107985, 0.39302353558994585, -0.07919736878518843]], "inverted": true, "swapped": true, "error_lsq": 0.049367889735705196, "error_max": 0.3305125806003606, "target": "27.xyz", "model": "4.xyz", "model_rescale": 3.8936222436046832, "target_rescale": 4.103607728864725},
{"mapping": [1, 7, 6, 0, 12, 9, 8, 10, 4, 5, 2, 13], "R": [[-0.9736321513079602, -0.06057616407535141, -0.21993399529256355], [-0.15745401998883504, -0.5191811633591774, 0.8400352083111557], [-0.16507169814595354, 0.8525147787334408, 0.49595351245079794]], "T": [-0.15021971468496093, -0.017071843696169667, 0.024895972419849928], "aligned_model": [[0.014620799624586373, -0.45913878489833354, -0.2932113016641863, 0.4355798914379733, -0.6813912713407526, -0.7137520151221526, -0.041548975283473344, -0.0482081120194888, 0.5665715210029914, 0.24974225152135054, 0.12357422293864273, -0.12529018398205952], [-0.4655551104891216, -0.5653346119456673, 0.09925839730060075, -0.058073547776039305, 0.4737575988349635, 0.07461947811427545, -0.26377506119493854, 0.34439422542407816, 0.1552063606243167, -0.6876818255928014, 0.5337906725138398, 0.028316329296301346], [-0.7176247464457146, 0.03516581800519037, -0.6363234411541825, -0.2785690582869903, -0.30171702349716745, 0.3975722170866826, 0.6042795977526155, 0.4948179166712487, 0.3882981117173141, -0.10274092463633261, -0.26444295368346943, 0.0005692057463240231]], "inverted": false, "swapped": true, "error_lsq": 0.04993304850229677, "error_max": 0.2900726201234387, "target": "27.xyz", "model": "5.xyz", "model_rescale": 3.6523030999806103, "target_rescale": 4.103607728864725},
{"mapping": [5, 0, 4, 8, 10, 1, 2, 7, 6, 12, 11, 9, 13], "R": [[-0.002004324437377941, -0.9577066649371351, -0.28773933797543183], [0.48535731478157906, 0.25064375147578644, -0.8376192373830482], [0.874313593438627, -0.1413352531434896, 0.46432756384615037]], "T": [0.1308292708233445, -0.08389928845683806, 0.00569835350618066], "aligned_model": [[0.1307122766978279, -0.2218532261198119, 0.34685386498355436, 0.7360816513452285, 0.47636031734212064, -0.4867065682914372, -0.3212693995760726, 0.31901120193221083, -0.5153069731804757, -0.24243944687490143, 0.03265778966549934, 0.5341615650845454, 0.09281985165600626], [-0.6088543357202582, -0.028950519804211955, 0.3928956587009015, -0.11215395029543937, 0.40851573076449876, -0.6513553871078378, 0.4190339778891522, -0.6737863678105775, -0.20779105620833915, 0.10956251655253202, 0.6020333851635365, -0.06644476779311972, -0.04187798016765382], [0.5976448750655061, 0.5620516875544651, 0.6393627151138784, 0.20874618626247468, 0.0005539750669073147, 0.2819042861150552, 0.07494117283725109, -0.10721452943503414, -0.19013120471329545, -0.6673364210395876, -0.5002998646650608, -0.5437394824541294, 0.013626343773358418]], "inverted": true, "swapped": true, "error_lsq": 0.046511977123897714, "error_max": 0.2876749777579528, "target": "27.xyz", "model": "6.xyz", "model_rescale": 4.08911054899281, "target_rescale": 4.103607728864725},
{"mapping": [6, 7, 4, 12, 0, 2, 5, 13, 1, 11, 9, 8, 10, 14], "R": [[-0.11258749921175479, -0.5683438771848142, -0.8150517114194512], [-0.5001767444598892, 0.7411819415809537, -0.44774161496983356], [0.8585728153876934, 0.3572598028617562, -0.3677202114875239]], "T": [0.024364226771373863, -0.1033023929350191, 0.01924388487756884], "aligned_model": [[-0.407520227357025, 0.0020123135108741294, -0.206828584036372, 0.7079705658495835, -0.8562401925608674, -0.3433996522261786, 0.29799595528694556, 0.4075970824052055, -0.15887454396551312, 0.4457346233426413, -0.2181976639066878, -0.02731637961707798, 0.5655435602697262, 0.009548733927270923], [-0.214384096905903, -0.3352999155795529, -0.7439344729789993, -0.1412180767013727, 0.22603801211980784, 0.2776729418630146, -0.7804081143989209, 0.31547664288766386, 0.6068344387143726, 0.21308426659987584, 0.3124814371363967, -0.33803127712183, -0.38884199008018033, 0.0133890971718819], [-0.20498733457818716, -0.7189745827848468, 0.2008751375616597, -0.1788638941413657, -0.007717890930746457, -0.5888244228572237, -0.1979075569637368, -0.4429803246461062, 0.010566783449476168, 0.2778507941411847, 0.6379884555605113, 0.6575074974521231, 0.3998578178312135, 0.13555536236131888]], "inverted": true, "swapped": false, "error_lsq": 0.04031024286170411, "error_max": 0.22589832393654544, "target": "27.xyz", "model": "7.xyz", "model_rescale": 3.964800864290218, "target_rescale": 4.103607728864725},
{"mapping": [6, 0, 4, 1, 11, 3, 2, 5, 10, 8, 9, 12, 7, 13], "R": [[-0.46401548283414007, 0.8584598162541242, 0.2184865569483291], [0.531179877692858, 0.4670309456193817, -0.7069158601757826], [-0.7088988427303294, -0.21196424158523008, -0.6727061699321615]], "T": [0.009632070176338688, -0.11248624031626026, -0.05584892281208609], "aligned_model": [[-0.513008085656141, 0.11845135585774641, -0.4587911166370085, 0.7262056513428614, -0.7066750260143908, -0.1500750955666264, 0.12332516161604656, 0.3347267222465189, -0.22148736797243299, 0.48443088618054503, -0.08019061134561911, -0.013727214289934812, 0.5353312725601131, 0.039509058600847635], [-0.20388682760505056, -0.4233077295244879, -0.6104174560738487, -0.2523617741165379, -0.014807634416859006, 0.11296027080163307, -0.761645530953275, 0.6277548020088399, 0.6729771860023819, 0.3423109837790149, 0.2748662753657234, -0.29436839781065705, -0.3979751245448094, -0.04924015018581361], [-0.2903676285334085, -0.6920153612799694, 0.11069721927364354, -0.22927622455742003, 0.34973258365737153, -0.7263936174727222, -0.12123106175401605, -0.26898594310935486, 0.013180232135708514, 0.3426271124566822, 0.5060644524226184, 0.6769867763067386, 0.3301428006182413, -0.021215498708839126]], "inverted": true, "swapped": false, "error_lsq": 0.04793014759695534, "error_max": 0.3409509373098197, "target": "27.xyz", "model": "8.xyz", "model_rescale": 4.121658175737393, "target_rescale": 4.103607728864725},
{"mapping": [9, 10, 11, 12, 8, 7, 0, 1, 2, 5, 3, 6, 13], "R": [[0.3731810136662693, 0.9254587089378858, -0.0652848304741433], [-0.9157944209264215, 0.35619094184923683, -0.18560331770901783], [-0.148514341526523, 0.12905111776182154, 0.980453619181126]], "T": [-0.09267500756213481, -0.11572933376171954, -0.08157847034287366], "aligned_model": [[-0.5254632522505414, -0.16320551863355814, 0.22985186293550547, 0.21076186672814773, -0.5978846648220137, -0.5506506248296248, 0.3311452894236927, 0.2236996246723686, 0.5465673512033855, -0.24036375519961586, -0.32707019918769964, 0.3780559288585261, -0.03870641246337557], [0.28041849565515364, -0.30804799061017196, 0.24955336214869542, 0.5831176519358348, -0.4734178681443296, 0.05412311420480195, -0.5473007490407752, -0.08470216499394778, -0.1518349489127353, -0.5656193507888201, 0.5975118687291837, 0.27727280925343656, -0.12068679002461627], [-0.4288892360530384, -0.6472017558683619, -0.7877798857482876, -0.30355091741645834, -0.24025835883736876, 0.31533084502612263, 0.18498449128161684, 0.7421879167915422, -0.31004124087177937, 0.5522712800883922, 0.2170468828100158, 0.2268889232118003, -0.09991351045510674]], "inverted": true, "swapped": true, "error_lsq": 0.046509636661578965, "error_max": 0.3033623164143792, "target": "27.xyz", "model": "9.xyz", "model_rescale": 3.833441315466971, "target_rescale": 4.103607728864725},
{"mapping": [12, 11, 6, 9, 1, 10, 7, 8, 0, 2, 5, 4, 3, 14], "R": [[0.4025022328393442, -0.6551628885444307, -0.6393383627105921], [0.08813862040294129, 0.7229018723583877, -0.6853061115546861], [0.9111660310573527, 0.21948683881922304, 0.3487147708835058]], "T": [-0.05239316133031037, -0.05898719126538597, -0.016141791960796317], "aligned_model": [[-0.5584268887587567, 0.00812519509260854, -0.45656562538258527, 0.7539660598411706, -0.7277207499076779, -0.1495780679196182, 0.31669715400604914, 0.45427864483078295, -0.43561732812918785, 0.5067338442374625, -0.08391462447918616, -0.04468978866309571, 0.5958598345272498, 0.03887793162730921], [-0.25475764998341843, -0.34623456097073096, -0.5188038739474177, -0.06000648272392588, 0.09066968397797488, 0.3829674668781937, -0.5723276539973636, 0.17875630822753297, 0.5039888436285963, 0.266618771942815, 0.29193801508433626, -0.4225025041404567, -0.4376155922514395, -0.07983187899844235], [-0.2781033378200633, -0.6319043745986179, 0.2778697820870972, -0.10385663682390935, 0.24298057433068435, -0.7024254924785117, -0.22630336130410383, -0.5586554523114424, -0.011649151309447516, 0.296920507423384, 0.5611736316824402, 0.6935834051719589, 0.42058516744985724, -0.00026942004405182407]], "inverted": true, "swapped": false, "error_lsq": 0.04382427295941512, "error_max": 0.302593106391964, "target": "27.xyz", "model": "10.xyz", "model_rescale": 4.2482417240324, "target_rescale": 4.103607728864725},
{"mapping": [2, 12, 9, 3, 4, 8, 10, 7, 6, 5, 0, 13], "R": [[0.8343990832727674, 0.46641585321062307, -0.293656979667387], [-0.5473565080910688, 0.7637221069935157, -0.34224172209088805], [0.06464536243163435, 0.44630123813764117, 0.892544778682219]], "T": [-0.007127123491988783, 0.07301612480198395, -0.02661544234180376], "aligned_model": [[-0.5943202527238878, 0.0633612359092773, 0.41592133635095935, 0.664187134254332, -0.6287354662011024, 0.12774134699298134, -0.2567931085545989, 0.5738292436573522, -0.043850714033746525, 0.08381634106239089, -0.47098758436181287, -0.05740390998913763], [-0.26786361861246405, -0.705619350416971, -0.08540572674695086, -0.3543124826456711, 0.5805693118591734, 0.6128006128050725, 0.18290240828519555, 0.23305957419858336, -0.4549001555938226, 0.6257022324591883, 0.2532154653581001, 0.04598311910120577], [-0.060303358807997934, 0.10936617875795933, 0.4840665066701714, -0.16646768199815287, 0.1509328628358153, 0.2877098582789664, 0.5095586156818949, -0.20828634945772578, -0.4638181534440669, -0.5854050739373852, -0.461695910345042, -0.030465204380080234]], "inverted": false, "swapped": true, "error_lsq": 0.03910365779527986, "error_max": 0.2252163527791213, "target": "27.xyz", "model": "11.xyz", "model_rescale": 3.6694154284099745, "target_rescale": 4.103607728864725},
{"mapping": [6, 5, 4, 12, 11, 7, 0, 10, 9, 2, 8, 3, 1, 13], "R": [[-0.707495748664889, 0.5169872294404931, -0.4818443423104094], [-0.17408357462151414, 0.5333093357206968, 0.8278140259020408], [0.6849413658614172, 0.6695560895314088, -0.2873151028110151]], "T": [0.0063917518088387835, -0.06886239486539782, -0.07306862982017316], "aligned_model": [[-0.41409947158663546, 0.05392123513393978, -0.28490616049957274, 0.6370413585718305, -0.6850784994595309, -0.1306494047772249, 0.10583981573215133, 0.3213882701086098, -0.338863524088624, 0.45696465797592056, -0.11604097811629344, 0.0441019235863216, 0.5339437741947176, 0.034462594146915285], [-0.3395751889131183, -0.3349344367262344, -0.5610552270908509, -0.09708641917637377, 0.07157475113963678, 0.3496079931898282, -0.7681814035054956, 0.4679110102763103, 0.6557080741502425, 0.11923373902119598, 0.37214417698016933, -0.21904418169208345, -0.5076991450141445, -0.1857448499128284], [-0.3371832784860959, -0.829056334238397, 0.39658059240950333, -0.32457007754536227, 0.14412931800597983, -0.6716232005921342, -0.1817004445062672, -0.2002704077167098, -0.05109826829582252, 0.360425861537426, 0.529526824479965, 0.7738506546771026, 0.42249636540953184, -0.05156176368344571]], "inverted": false, "swapped": false, "error_lsq": 0.04635991510160339, "error_max": 0.251861821159351, "target": "27.xyz", "model": "12.xyz", "model_rescale": 3.9764082729961374, "target_rescale": 4.103607728864725},
{"mapping": [6, 5, 12, 2, 14, 4, 9, 7, 3, 8, 11, 10, 1, 15], "R": [[0.6552697990421642, 0.40718768014978945, 0.6362544173500682], [0.6249005827593085, -0.7654198377503387, -0.1537261644786665], [0.4244063526036322, 0.49832786909070026, -0.7560083218835647]], "T": [-0.019522420782150968, -0.15255795321103793, -0.04582881782932975], "aligned_model": [[-0.7160490490839386, -0.15641554148043582, -0.0708131237586354, 0.7574372980346581, -0.6687229516715945, -0.09261456135067822, 0.27753065005748523, 0.3755743319684314, -0.07085804612726629, 0.3139169936671732, -0.27374778443859404, 0.14270863764540573, 0.44844069410987486, -0.04836195664936045], [-0.12777430925788177, -0.6240527456626824, -0.7228781106220077, 0.020175946541967693, 0.2711941002095668, 0.09299805451020365, -0.611990990697875, 0.3808141897173243, 0.669903011952133, 0.25281622253064895, 0.19904459523469165, -0.2898084328315278, -0.42668181423010654, -0.060900824668200806], [-0.3587109565943574, -0.7253704574888754, 0.23580519429841884, 0.006669840423459458, 0.14854429628307786, -0.7168157833050715, -0.2951877633034851, -0.4070024769421477, 0.12553646939916002, 0.4276083703825689, 0.6192199105730545, 0.729406816338557, 0.28460908886653735, -0.09436670747562234]], "inverted": true, "swapped": false, "error_lsq": 0.04811957303560653, "error_max": 0.2928945569190772, "target": "27.xyz", "model": "13.xyz", "model_rescale": 4.170626492500431, "target_rescale": 4.103607728864725},
{"mapping": [0, 8, 2, 12, 1, 7, 4, 10, 9, 11, 3, 6, 5, 13], "R": [[-0.009864960717406807, -0.7988021666640106, -0.6015129101548246], [0.12449450297864154, 0.5958807735736615, -0.7933644953067633], [0.9921712560229433, -0.08271156036574762, 0.09356813829353591]], "T": [-0.04776450733605028, -0.11292309327303394, -0.007940313869677083], "aligned_model": [[-0.574999303194918, 0.17339212553974415, -0.40752390911324254, 0.6403140510262607, -0.6451842740661519, -0.32882170727963445, 0.1716112335434665, 0.22622752625768913, -0.04722332145094163, 0.3343332108989566, -0.34193454669831624, 0.2387932470938898, 0.7564986336445578, 0.022542624721165028], [-0.23957762848057607, -0.28883070786673454, -0.611750701937729, -0.18730511017983675, 0.366310202792076, 0.16646224100825713, -0.7560363622878917, 0.2646577620133684, 0.694138366285601, 0.281738796944115, 0.07295426831263709, -0.37353940967804267, -0.26908989855476134, -0.09727292564422868], [-0.2566178264736556, -0.6947463619414153, 0.22588944664664995, -0.24610272540662087, -0.07305206517516441, -0.7153160897040005, -0.21126945128880514, -0.3252561946937939, 0.06247237019222948, 0.4369225608018037, 0.5873639770786043, 0.7386874756142408, 0.3870186173425845, 0.06395210846261733]], "inverted": true, "swapped": false, "error_lsq": 0.05078484191379483, "error_max": 0.3510460355595151, "target": "27.xyz", "model": "14.xyz", "model_rescale": 3.9786697098870705, "target_rescale": 4.103607728864725},
{"mapping": [7, 9, 5, 1, 8, 4, 12, 2, 0, 6, 10, 13], "R": [[0.6283083163487594, 0.21069993617415528, 0.7488886409227972], [0.7382899603739739, -0.46497614911803853, -0.4885950420976002], [0.24526841218955064, 0.8598852933081056, -0.44770602892350037]], "T": [-0.04407372627432459, 0.006942905794759483, -0.05923382058168144], "aligned_model": [[-0.061776414121130434, -0.6941071264892064, 0.6108491271142671, 0.6068757134625555, -0.11367541482225726, 0.28657767222955977, -0.5237056660740694, 0.069647906529552, 0.5712447542332961, 0.08990586257965996, -0.3258666014196605, -0.03261521645523014], [-0.32181354861975614, -0.012096510044468375, -0.04818910773246726, -0.5896184150278748, 0.4406142354247397, 0.7505210279746252, -0.41123148562718276, 0.10369889137221439, 0.10607051455018168, -0.5461801645638815, 0.5269718054836349, 0.01592724703467449], [-0.5956425576863623, -0.26406940030340126, -0.4997051782372377, -0.06433980729775537, -0.5233910948307133, 0.05605624391572581, 0.41491404036495566, 0.6039669904029241, 0.16097114725820674, 0.32455618790204477, 0.05055433405414198, -0.003904411668698933]], "inverted": true, "swapped": true, "error_lsq": 0.04551999865541873, "error_max": 0.26470729713065166, "target": "27.xyz", "model": "15.xyz", "model_rescale": 3.769337070930944, "target_rescale": 4.103607728864725},
{"mapping": [12, 1, 9, 3, 11, 2, 10, 0, 8, 7, 13], "R": [[-0.8360662507442738, 0.0599724756039825, 0.5453407435139457], [0.4299857817396414, 0.6889878344635101, 0.5834449343880126], [-0.3407425008245416, 0.7222873847238456, -0.601826787373763]], "T": [0.0398046331398302, 0.02240638944289846, 0.09804644997960105], "aligned_model": [[-0.2028716214809169, -0.43817296740026346, -0.12678324627001594, -0.7168710507721224, 0.35424771443283576, 0.4035824495977586, 0.5281343613395556, 0.2818923330168724, 0.24331100438900036, -0.4750337474357421, 0.0711909012742087], [0.1036963571999665, -0.7019435585590011, 0.6603783685268728, 0.20529727559822467, 0.2927077396273339, -0.3362716947734166, 0.3643814349825511, -0.5696274146353681, 0.4093108745536252, 0.1770695573825482, -0.008934442277994663], [-0.6531079881639477, 0.26083840281305387, -0.07545792405102758, -0.11834221301188036, -0.6531114548317796, -0.35044588926299786, 0.017561267012973447, 0.2648483190638569, 0.5641443674736053, 0.4253830826494528, 0.061907637532467356]], "inverted": false, "swapped": true, "error_lsq": 0.054851365304562937, "error_max": 0.3722789115632905, "target": "27.xyz", "model": "16.xyz", "model_rescale": 3.7852294659196426, "target_rescale": 4.103607728864725},
{"mapping": [7, 4, 0, 5, 8, 10, 11, 2, 1, 3, 9, 6, 13], "R": [[0.3899604585488688, -0.6464920351819186, -0.655727755409741], [0.7262999040154581, -0.2218031906098966, 0.6506087872619047], [-0.566055907305535, -0.7299667068309424, 0.3830526291815482]], "T": [-0.04618119653227254, 0.09397536119559227, -0.019963434017165473], "aligned_model": [[0.15644157938244074, -0.5763987788802243, 0.13564483949538295, 0.18086110652726728, -0.54431904186842, -0.6082512032868865, -0.2976889335140837, 0.01989952331225367, 0.7440146662026812, 0.4240746720516608, -0.31150724917809086, 0.5717385516796056, -0.04074388170730404], [0.0525391711742669, -0.40657023375786405, -0.4228199139389499, -0.6095076525372618, -0.12405761778257712, 0.21288648127486953, 0.7564855289086464, 0.1624069645991192, -0.2995976980424361, 0.5665876205009358, 0.6208287687816316, 0.26825062174679454, 0.09762358277569898], [-0.6144006279708886, 0.3593174550752193, 0.3498950245236987, -0.3019952438044861, -0.3556381270635953, 0.15844108644405094, 0.4637716227652646, 0.653148815406164, -0.03833186493356553, -0.4763933746983304, -0.3618568504099353, 0.22292285652631305, 0.036873925283264476]], "inverted": false, "swapped": true, "error_lsq": 0.05042549494486259, "error_max": 0.29152508984363995, "target": "27.xyz", "model": "17.xyz", "model_rescale": 3.901054581598922, "target_rescale": 4.103607728864725},
{"mapping": [5, 8, 9, 1, 13, 2, 4, 0, 3, 7, 12, 11, 6, 14], "R": [[0.4181896251574715, -0.8117103932614099, -0.40772990432645556], [0.3156968087684865, 0.5507590085040797, -0.7726577764346882], [0.8517352654105894, 0.19439843626688535, 0.4865760841152621]], "T": [0.018510337638094163, -0.1679566805810983, -0.022100691641767273], "aligned_model": [[-0.5181442409466971, 0.02882591365436081, -0.5240840041199903, 0.6871749269362457, -0.634268075656649, -0.35821261886039757, 0.39783417539061267, 0.3622875227463585, -0.14333608423923117, 0.447442846660482, -0.1512690438392153, 0.03840664011658031, 0.5931081696276091, -0.007740536547543676], [-0.33656296513959283, -0.369451385384748, -0.3945714520921344, -0.0900516826252071, 0.14887448290399202, 0.2681484505900045, -0.791141365474632, 0.44035384535468164, 0.577543783911342, 0.20746836876119734, 0.24404466906201455, -0.37741728719281975, -0.34453513253773715, -0.15984343741010704], [-0.2935041387219033, -0.6543282811753272, 0.27526565978254186, -0.202389426032086, 0.009530863515387285, -0.6150848656307356, -0.32759740936006965, -0.3175326965671951, 0.015855634311063304, 0.3166469413054434, 0.572378032615583, 0.7476144377094817, 0.427769430779901, 0.025321658923189595]], "inverted": false, "swapped": false, "error_lsq": 0.04294266899433597, "error_max": 0.2749939254040005, "target": "27.xyz", "model": "18.xyz", "model_rescale": 3.9405287249114394, "target_rescale": 4.103607728864725},
{"mapping": [7, 8, 12, 2, 13, 9, 0, 5, 11, 10, 14, 3, 1, 15], "R": [[0.5681031202106408, -0.5575573735814578, -0.6053004377760527], [0.8063519731835931, 0.5241348208745142, 0.2740058117810038], [0.1644850757663447, -0.6437487589982507, 0.747350115500327]], "T": [-0.0708313543020319, -0.1841875034658823, 0.007832728192723964], "aligned_model": [[-0.5196201078176704, 0.14396561508466532, -0.2862581489502446, 0.7446196575428151, -0.6348393524576866, -0.3058274579508483, 0.10448817281511279, 0.3878659436561587, -0.11496234784934962, 0.33520493561791187, -0.28087449182504687, 0.2681305842012762, 0.4136541725226496, -0.037521583667218056], [-0.22535609592734954, -0.37084479154966093, -0.46424935798644784, 0.11461741884084059, 0.16726863047608342, 0.29503643300250554, -0.7934131774040893, 0.20680921795017054, 0.5349983175172133, 0.352230265838158, 0.22451725820745844, -0.2773072586676619, -0.578443611043308, -0.16300435652765843], [-0.5330178525169244, -0.6930905730917007, 0.4265160404939084, -0.025038972395095165, 0.10633861280367035, -0.5436480937241878, -0.258215011098384, -0.5648635224031919, 0.001716176450630635, 0.4143970465846001, 0.6311955922143235, 0.7836304533190648, 0.2208006128954343, 0.013225331923126343]], "inverted": false, "swapped": false, "error_lsq": 0.04802783755839871, "error_max": 0.24604937457117262, "target": "27.xyz", "model": "19.xyz", "model_rescale": 4.410303926677745, "target_rescale": 4.103607728864725},
{"mapping": [6, 0, 4, 1, 11, 3, 2, 5, 10, 8, 9, 12, 7, 13], "R": [[-0.46401548283414007, 0.8584598162541242, 0.2184865569483291], [0.531179877692858, 0.4670309456193817, -0.7069158601757826], [-0.7088988427303294, -0.21196424158523008, -0.6727061699321615]], "T": [0.009632070176338688, -0.11248624031626026, -0.05584892281208609], "aligned_model": [[-0.513008085656141, 0.11845135585774641, -0.4587911166370085, 0.7262056513428614, -0.7066750260143908, -0.1500750955666264, 0.12332516161604656, 0.3347267222465189, -0.22148736797243299, 0.48443088618054503, -0.08019061134561911, -0.013727214289934812, 0.5353312725601131, 0.039509058600847635], [-0.20388682760505056, -0.4233077295244879, -0.6104174560738487, -0.2523617741165379, -0.014807634416859006, 0.11296027080163307, -0.761645530953275, 0.6277548020088399, 0.6729771860023819, 0.3423109837790149, 0.2748662753657234, -0.29436839781065705, -0.3979751245448094, -0.04924015018581361], [-0.2903676285334085, -0.6920153612799694, 0.11069721927364354, -0.22927622455742003, 0.34973258365737153, -0.7263936174727222, -0.12123106175401605, -0.26898594310935486, 0.013180232135708514, 0.3426271124566822, 0.5060644524226184, 0.6769867763067386, 0.3301428006182413, -0.021215498708839126]], "inverted": true, "swapped": false, "error_lsq": 0.04793014759695534, "error_max": 0.3409509373098197, "target": "27.xyz", "model": "20.xyz", "model_rescale": 4.121658175737393, "target_rescale": 4.103607728864725},
{"mapping": [5, 0, 4, 8, 10, 1, 2, 7, 6, 12, 11, 9, 13], "R": [[-0.002004324437377941, -0.9577066649371351, -0.28773933797543183], [0.48535731478157906, 0.25064375147578644, -0.8376192373830482], [0.874313593438627, -0.1413352531434896, 0.46432756384615037]], "T": [0.1308292708233445, -0.08389928845683806, 0.00569835350618066], "aligned_model": [[0.1307122766978279, -0.2218532261198119, 0.34685386498355436, 0.7360816513452285, 0.47636031734212064, -0.4867065682914372, -0.3212693995760726, 0.31901120193221083, -0.5153069731804757, -0.24243944687490143, 0.03265778966549934, 0.5341615650845454, 0.09281985165600626], [-0.6088543357202582, -0.028950519804211955, 0.3928956587009015, -0.11215395029543937, 0.40851573076449876, -0.6513553871078378, 0.4190339778891522, -0.6737863678105775, -0.20779105620833915, 0.10956251655253202, 0.6020333851635365, -0.06644476779311972, -0.04187798016765382], [0.5976448750655061, 0.5620516875544651, 0.6393627151138784, 0.20874618626247468, 0.0005539750669073147, 0.2819042861150552, 0.07494117283725109, -0.10721452943503414, -0.19013120471329545, -0.6673364210395876, -0.5002998646650608, -0.5437394824541294, 0.013626343773358418]], "inverted": true, "swapped": true, "error_lsq": 0.046511977123897714, "error_max": 0.2876749777579528, "target": "27.xyz", "model": "21.xyz", "model_rescale": 4.08911054899281, "target_rescale": 4.103607728864725},
{"mapping": [12, 10, 14, 8, 3, 7, 5, 6, 4, 1, 2, 15, 11, 16], "R": [[-0.9289540331218338, 0.25530029980376656, -0.26807864753983335], [-0.11914274888244443, -0.8918088030616507, -0.4364425095822826], [-0.3504988013323499, -0.3734954025176923, 0.8588665638868085]], "T": [0.00947933643932526, -0.06194330721568344, -0.021760069263793244], "aligned_model": [[-0.5842678019170245, 0.02792382267163697, -0.4948089740459272, 0.7011377370669075, -0.791073926650148, -0.17167823559260184, 0.3665443394329136, 0.4501945504891594, -0.31014239460949894, 0.5483958163168405, -0.1009086521095457, 0.01393014685739223, 0.5714956881264253, -0.008716525114004102], [-0.33041419224376445, -0.4243093369644304, -0.3769484265359844, -0.06462318823602767, 0.11509383391650602, 0.17372201131992435, -0.6088854596448775, 0.2086164182603348, 0.5286271104500505, 0.29134626423508797, 0.2747761662907272, -0.3219619012905345, -0.4220172466960951, -0.020163160134662628], [-0.368685458389423, -0.7425138903613252, 0.21966830656845254, -0.0703758397409248, 0.26468564446049264, -0.6678560216922552, -0.2883832480789082, -0.5585390401696209, 0.16628438475501767, 0.44165538978628804, 0.6072775429017693, 0.6593254899107746, 0.3529096637035579, -0.0355070821986211]], "inverted": false, "swapped": false, "error_lsq": 0.040212088721485455, "error_max": 0.2589519635333122, "target": "27.xyz", "model": "22.xyz", "model_rescale": 4.204369325754507, "target_rescale": 4.103607728864725},
{"mapping": [7, 8, 12, 2, 13, 9, 0, 5, 11, 10, 14, 3, 1, 15], "R": [[0.5681031202106408, -0.5575573735814578, -0.6053004377760527], [0.8063519731835931, 0.5241348208745142, 0.2740058117810038], [0.1644850757663447, -0.6437487589982507, 0.747350115500327]], "T": [-0.0708313543020319, -0.1841875034658823, 0.007832728192723964], "aligned_model": [[-0.5196201078176704, 0.14396561508466532, -0.2862581489502446, 0.7446196575428151, -0.6348393524576866, -0.3058274579508483, 0.10448817281511279, 0.3878659436561587, -0.11496234784934962, 0.33520493561791187, -0.28087449182504687, 0.2681305842012762, 0.4136541725226496, -0.037521583667218056], [-0.22535609592734954, -0.37084479154966093, -0.46424935798644784, 0.11461741884084059, 0.16726863047608342, 0.29503643300250554, -0.7934131774040893, 0.20680921795017054, 0.5349983175172133, 0.352230265838158, 0.22451725820745844, -0.2773072586676619, -0.578443611043308, -0.16300435652765843], [-0.5330178525169244, -0.6930905730917007, 0.4265160404939084, -0.025038972395095165, 0.10633861280367035, -0.5436480937241878, -0.258215011098384, -0.5648635224031919, 0.001716176450630635, 0.4143970465846001, 0.6311955922143235, 0.7836304533190648, 0.2208006128954343, 0.013225331923126343]], "inverted": false, "swapped": false, "error_lsq": 0.04802783755839871, "error_max": 0.24604937457117262, "target": "27.xyz", "model": "23.xyz", "model_rescale": 4.410303926677745, "target_rescale": 4.103607728864725},
{"mapping": [5, 2, 12, 1, 15, 4, 0, 10, 9, 11, 14, 13, 7, 16], "R": [[-0.7324606412321601, 0.05649698547120241, 0.6784611261365235], [-0.5896145740350416, 0.4455926089250271, -0.6736481878227422], [-0.3403763551295086, -0.8934513515038491, -0.29306760203866955]], "T": [0.0011159193397303861, -0.005031368533050876, 0.03339416807278607], "aligned_model": [[-0.5064267342297782, -0.06567472914086357, -0.23502671551307314, 0.8339187253906998, -0.6272471529624446, -0.19381817656666012, 0.1999289859915414, 0.2737007731484761, -0.11148406017538505, 0.40680996330025254, -0.21169227547013617, -0.08618520301632289, 0.4698600667476622, 0.07136212341855723], [-0.2808585685704994, -0.500639248834791, -0.7670604761431218, -0.08419556539363666, 0.3133486167960392, 0.05466815696932144, -0.6756851387728497, 0.4766407166179764, 0.6075377085364851, 0.34852557663009276, 0.27867833758944394, -0.33329437891359537, -0.37853981745813214, -0.036267026326478276], [-0.21544683328160402, -0.7300230110872963, 0.1320051712289864, -0.15767614814453573, 0.14788532556352485, -0.624117077381693, -0.2513560664799059, -0.30934982696715796, 0.10047884635148428, 0.36675780711073885, 0.6099108329561951, 0.648868403017201, 0.32097243487104193, -0.058964016301705446]], "inverted": true, "swapped": false, "error_lsq": 0.04243211835945588, "error_max": 0.26182115688230395, "target": "27.xyz", "model": "24.xyz", "model_rescale": 4.28219845311461, "target_rescale": 4.103607728864725},
{"mapping": [2, 0, 13, 1, 14, 6, 4, 8, 10, 5, 11, 9, 3, 15], "R": [[0.3650597721928032, 0.7944623751523878, 0.48534616223244803], [0.8585341125407717, -0.08565370033569947, -0.5055517987532359], [-0.36007018806111774, 0.6012428611518221, -0.7133417705305098]], "T": [-0.028888452660309157, -0.16701782173192872, 0.11218351346350731], "aligned_model": [[-0.5107357778250639, 0.07886658682497577, -0.46039184869910166, 0.5592366364840912, -0.6896189482448966, -0.19804929690880252, 0.1720045429401712, 0.27079671563438573, -0.22957416902526276, 0.5766628802339435, -0.1650058241294111, 0.18133129215730118, 0.653075863524536, -0.020573062044340798], [-0.3635918921929895, -0.33407953206758856, -0.533596272851717, -0.10181732736832158, 0.19830297143861506, 0.2883331933303368, -0.7926296748866909, 0.40179357520872316, 0.5918471464697684, 0.3690131480336918, 0.24281916734228157, -0.2358627150327433, -0.5198915022863739, -0.18778139241073805], [-0.33274548586319486, -0.6790392165190529, 0.2920209826366768, -0.13222428899030925, 0.01158254340645666, -0.6469193760158591, -0.20859738767719638, -0.14971045657671495, -0.004238228969772981, 0.3791274468957251, 0.4438200235457399, 0.7508866709898249, 0.21440964457645062, 0.04157297001650087]], "inverted": true, "swapped": false, "error_lsq": 0.044447255821036695, "error_max": 0.27880582023616896, "target": "27.xyz", "model": "25.xyz", "model_rescale": 4.100010024507729, "target_rescale": 4.103607728864725},
{"mapping": [2, 12, 9, 3, 4, 8, 10, 7, 6, 5, 0, 13], "R": [[0.8343990832727674, 0.46641585321062307, -0.293656979667387], [-0.5473565080910688, 0.7637221069935157, -0.34224172209088805], [0.06464536243163435, 0.44630123813764117, 0.892544778682219]], "T": [-0.007127123491988783, 0.07301612480198395, -0.02661544234180376], "aligned_model": [[-0.5943202527238878, 0.0633612359092773, 0.41592133635095935, 0.664187134254332, -0.6287354662011024, 0.12774134699298134, -0.2567931085545989, 0.5738292436573522, -0.043850714033746525, 0.08381634106239089, -0.47098758436181287, -0.05740390998913763], [-0.26786361861246405, -0.705619350416971, -0.08540572674695086, -0.3543124826456711, 0.5805693118591734, 0.6128006128050725, 0.18290240828519555, 0.23305957419858336, -0.4549001555938226, 0.6257022324591883, 0.2532154653581001, 0.04598311910120577], [-0.060303358807997934, 0.10936617875795933, 0.4840665066701714, -0.16646768199815287, 0.1509328628358153, 0.2877098582789664, 0.5095586156818949, -0.20828634945772578, -0.4638181534440669, -0.5854050739373852, -0.461695910345042, -0.030465204380080234]], "inverted": false, "swapped": true, "error_lsq": 0.03910365779527986, "error_max": 0.2252163527791213, "target": "27.xyz", "model": "26.xyz", "model_rescale": 3.6694154284099745, "target_rescale": 4.103607728864725},
{"mapping": [0, 1, 2, 3, 4, 5, 6, 7, 8, 9, 10, 11, 12, 13], "R": [[1.0, 0.0, 0.0], [0.0, 1.0, 0.0], [0.0, 0.0, 1.0]], "T": [0.0, 0.0, 0.0], "aligned_model": [[-0.513803959664368, 0.03269062465605326, -0.30554843027037604, 0.7850042969119753, -0.7850042969119753, -0.26275635276140386, 0.23005315380404817, 0.38540445493252234, -0.1626007513599745, 0.4727176982232312, -0.23380687516772808, 0.1092819123147679, 0.49379719843753017, -0.027403082221777664], [-0.2729066041382623, -0.4101512281890634, -0.5492485390711429, -0.07566491987427248, 0.17694163233308924, 0.215127567820482, -0.6154339100776299, 0.31211602926636045, 0.6154339100776299, 0.3042442242269104, 0.20676955646409723, -0.33745960664303265, -0.5010954715617713, -0.04581374790714013], [-0.31378467072831934, -0.781251525931533, 0.2590286572771575, -0.17571082511814054, 0.16730356441499825, -0.7146031964442355, -0.1987638814165242, -0.38752485741124965, 0.0562075654496854, 0.38579394147841195, 0.5142678441596165, 0.781251525931533, 0.3671518331058445, 0.020579866688029233]], "inverted": false, "swapped": false, "error_lsq": 0.0, "error_max": 0.0, "target": "27.xyz", "model": "27.xyz", "model_rescale": 4.103607728864725, "target_rescale": 4.103607728864725},
