[{"mapping": [5, 4, 2, 8, 3, 1, 9, 10, 7, 9, 6, 11], "R": [[-0.6403824205674024, 0.7629961889296086, -0.08801801580998958], [0.6731457476002707, 0.5023683644729672, -0.5426793057270829], [-0.36984477543410993, -0.40677124044805457, -0.8353155092708645]], "T": [-0.051498184056735674, -0.12932487773286055, -0.1585784412889107], "aligned_model": [[-0.019060562981978807, -0.5003464528676608, 0.43089913837813565, 0.21838793593243977, -0.6502750766765267, 0.595947078419725, -0.20372640927217675, -0.5025741559290615, 0.26179961188285444, -0.20372640927217675, 0.4429544907780448, -0.045165625411993024], [0.5642629289033194, -0.6305672072476294, -0.5885679931949992, -0.6307328734415751, -0.4074520783355405, 0.05288723535144621, -0.16444454304816056, 0.35318218655150824, 0.7354668723515083, -0.16444454304816056, 0.008662383100639243, -0.09839554371616428], [-0.6130782628010123, -0.6053891679188561, -0.6115009841091137, 0.12223287395277938, 0.03672646888087791, -0.381050770941597, 0.4287456608760382, 0.0010421917131586411, 0.06632827250910356, 0.4287456608760382, 0.3529199024536231, -0.2205101043248479]], "inverted": true, "swapped": false, "error_lsq": 0.054908257243218246, "error_max": 0.34910473092597755, "target": "270.xyz", "model": "0.xyz", "model_rescale": 3.751011558992144, "target_rescale": 3.79850210981559},
{"mapping": [3, 11, 9, 10, 6, 5, 4, 7, 2, 1, 8, 14], "R": [[-0.8957951061454846, 0.3623419929238222, 0.25740902853200914], [-0.12340190093711616, 0.353617677935063, -0.9272143811961289], [-0.4269930896992434, -0.8623588684624324, -0.27205529462461675]], "T": [-0.003877147654231165, -0.02090509912560161, -0.11572946378735109], "aligned_model": [[-0.1105165539997533, -0.3968299717033419, 0.31115864927188136, 0.19340056205905581, -0.6538239775224202, 0.6128563130440943, 0.05176906132127747, -0.6338206700416479, 0.5009457848726766, -0.44091368326568986, 0.4036466559187783, -0.012758606975285186], [0.6044519026432283, -0.5780707672266534, -0.38492106176481705, -0.8099497636705754, -0.37159621121554726, -0.056802233140692174, -0.4005723190001016, 0.15830602534040467, 0.6337205434873484, 0.16129390232613527, 0.11197948964497802, -0.037982683197516194], [-0.5411263923913894, -0.5303202081220659, -0.5656566211509274, -0.01111698493205153, 0.019587229623141647, -0.20758413824755478, 0.5758847867087112, -0.2193226839661251, -0.13462858589985943, 0.39562964666885275, 0.3909107317444818, -0.16704503886902236]], "inverted": false, "swapped": false, "error_lsq": 0.04124502234530806, "error_max": 0.20866161496916202, "target": "270.xyz", "model": "1.xyz", "model_rescale": 3.9405287249114394, "target_rescale": 3.79850210981559},
{"mapping": [2, 9, 8, 3, 11, 4, 6, 5, 1, 6, 7, 12], "R": [[0.9077973773825776, -0.10774835511346054, -0.4053322261894033], [-0.1719560958996456, 0.785856063124305, -0.5940213372714149], [0.382537609523908, 0.6089503592421239, 0.6948700866195222]], "T": [-0.01009961124749548, -0.06352978072727547, -0.0725226442774646], "aligned_model": [[-0.18135650097010905, -0.3812279123584833, 0.2138439394632493, 0.29477785736019935, -0.646613663018024, 0.6484639758726064, -0.17398085891552145, -0.6471933356973321, 0.35298406847251773, -0.17398085891552145, 0.5183850104692066, 0.001011841216837471], [0.45705961518075866, -0.5121574308591057, -0.4850562510157972, -0.514832811431123, -0.3570711479914863, -0.058675408009741886, -0.09505455190088788, 0.18481008870500523, 0.6360382728617024, -0.09505455190088788, -0.12401917563942366, -0.006129823772820953], [-0.47727860298870506, -0.6305352989204602, -0.6831407663889248, 0.10118683209552226, 0.055139474773195946, -0.3132842663600409, 0.4446860359036072, -0.3185209692590429, 0.004944202030936956, 0.4446860359036072, 0.5156566573544931, -0.13832759297799618]], "inverted": false, "swapped": false, "error_lsq": 0.054251966364277794, "error_max": 0.3812001032166073, "target": "270.xyz", "model": "2.xyz", "model_rescale": 3.932901565614263, "target_rescale": 3.79850210981559},
{"mapping": [8, 10, 12, 6, 1, 5, 2, 3, 7, 0, 4, 13], "R": [[-0.4033099689608728, -0.8256648316389238, 0.39448530356839395], [-0.8666378396937734, 0.4830329563514375, 0.12497206843651247], [-0.2937344442650367, -0.2914734102333494, -0.9103643926358568]], "T": [-0.10557600678410071, 0.015243839479640031, -0.18658918455263862], "aligned_model": [[-0.24562747230583853, -0.24639843847564902, 0.3203762852063671, 0.20900326296666838, -0.6366926501615465, 0.5957864046947029, -0.05269131653395863, -0.46525614072137245, 0.3346605801508952, -0.3317177600078892, 0.37898515789669807, -0.03531434972945148], [0.5491697602430388, -0.5907466429819582, -0.4329007255878365, -0.5805931834781045, -0.4004881076416842, -0.13817904454619284, -0.4383601928326965, 0.37316687816498706, 0.5683599451116377, 0.14811246962176752, 0.035927723590358444, -0.06361205543712507], [-0.6704232714812877, -0.5416807476735768, -0.634764266309852, -0.0738488377477625, 0.11976139922735235, -0.2233569976029163, 0.5102941949201648, -0.12996076668375475, -0.086604842971264, 0.4299788682331288, 0.5400462530356048, -0.23422924377964466]], "inverted": false, "swapped": false, "error_lsq": 0.043879698127944365, "error_max": 0.2408883851578651, "target": "270.xyz", "model": "3.xyz", "model_rescale": 3.9243930471874484, "target_rescale": 3.79850210981559},
{"mapping": [1, 9, 8, 10, 11, 4, 6, 5, 2, 6, 3, 12], "R": [[-0.9919422421734998, -0.12400061959084044, 0.02596987741399806], [-0.03901757690895714, 0.4940284527765846, 0.8685698109762553], [-0.12053305307658982, 0.8605578040946825, -0.494885894856354]], "T": [0.025731356322495166, -0.10052002712545097, -0.17999187303962103], "aligned_model": [[-0.23347616894856588, -0.3590664976811482, 0.2944453162284227, 0.281887719713026, -0.5582395034923081, 0.615246659719343, -0.2714776661430337, -0.5403709767780424, 0.5777532281966705, -0.2714776661430337, 0.3338739687797604, -0.04398485047146551], [0.4050924493290544, -0.41654292804185555, -0.4521667665532495, -0.7013662778000274, -0.6162849426963117, -0.045037835443581906, -0.12195828178311371, 0.343527691307034, 0.6368245393531281, -0.12195828178311371, 0.12700312198110417, -0.007275663642875602], [-0.6128056695836768, -0.6797393386934709, -0.6277348208542136, 0.08551786324843832, -0.041793942010027424, -0.22195260357634108, 0.4778255126678628, 0.05659399295392467, -0.12698872624034183, 0.4778255126678628, 0.37339290934359737, -0.15492894875742272]], "inverted": true, "swapped": false, "error_lsq": 0.05347179991956952, "error_max": 0.3763123004543519, "target": "270.xyz", "model": "4.xyz", "model_rescale": 3.8936222436046832, "target_rescale": 3.79850210981559},
{"mapping": [7, 6, 5, 1, 9, 4, 0, 8, 10, 3, 2, 11], "R": [[-0.7938076417788209, 0.44007741397113354, -0.4197633828313597], [0.5151499186384235, 0.8534064966864274, -0.07948529889372255], [0.3232491131934824, -0.27933711018387497, -0.9041464426152153]], "T": [-0.08007808456341278, -0.018075212753297834, -0.0930957092922971], "aligned_model": [[-0.14316470879897936, -0.32177237158305694, 0.3409219831095248, 0.17550870373524077, -0.6079238804125742, 0.6941400417655106, -0.1384095688977264, -0.6542420302753283, 0.18474079386793343, -0.2265994028477188, 0.48047868510192204, 0.041435318214877837], [0.26378682984206736, -0.48025050899032884, -0.3834016521819466, -0.7659464286089142, -0.3113397960681618, 0.04501513144077325, -0.4344406769134371, 0.4430283231113805, 0.5552035736873729, 0.1816069724760947, 0.018902284294946503, -0.10230722786365513], [-0.6730279416906904, -0.6952472643662615, -0.6817096682846326, 0.042818989334707985, 0.038853689337565056, -0.25811237584466545, 0.6853357566487248, -0.033244903212182264, -0.06683177720777983, 0.42549908484994287, 0.39839919161567167, -0.1775210400142086]], "inverted": false, "swapped": false, "error_lsq": 0.043397437287605777, "error_max": 0.29013452529555644, "target": "270.xyz", "model": "5.xyz", "model_rescale": 3.6523030999806103, "target_rescale": 3.79850210981559},
{"mapping": [1, 6, 8, 9, 10, 5, 11, 2, 0, 4, 7, 12], "R": [[0.25998187057715694, 0.9559880267417535, 0.13600117535378473], [-0.43340505460668477, 0.24138708330544056, -0.8682697361158392], [-0.862884398753726, 0.1667907933301499, 0.4770863083842589]], "T": [-0.01919351954560203, -0.10055490320479077, -0.10693866969156245], "aligned_model": [[-0.08986104093498322, -0.3739210080445585, 0.2775358663191137, 0.1475940177293037, -0.6027960676065235, 0.600055164127598, -0.030745897893968786, -0.6407392772830504, 0.4565546566010366, -0.4371708664489663, 0.4598977642263898, 0.0587102521882345], [0.42695710268274, -0.3082709695421926, -0.4851145321243738, -0.7752822540644742, -0.6062182328676897, 0.0432835193541809, -0.31506392820883483, 0.32807416716052495, 0.7713905462989139, 0.0234606388305494, -0.036507318008495326, -0.03685191528465706], [-0.5531584037449071, -0.6105723726549843, -0.5735955736757123, 0.09202814812559874, 0.004352410804690329, -0.3513667899058705, 0.7465374130941764, -0.18548563198460294, -0.1301450585021094, 0.2659509718060567, 0.3759562550502615, -0.07528962724640512]], "inverted": true, "swapped": false, "error_lsq": 0.04570667923876635, "error_max": 0.23024991364657513, "target": "270.xyz", "model": "6.xyz", "model_rescale": 4.08911054899281, "target_rescale": 3.79850210981559},
{"mapping": [5, 8, 11, 1, 3, 13, 0, 4, 7, 6, 2, 14], "R": [[-0.8715073999087525, 0.0001679622898884403, -0.49038232400134], [-0.2642566228488181, -0.8425441564156109, 0.4693482521224983], [-0.41308992868965416, 0.5386272517043451, 0.734327852213574]], "T": [0.012544286777443204, -0.0953694967360185, -0.24530222095696436], "aligned_model": [[-0.171860584995383, -0.5295154534411953, 0.28283274653732526, 0.39183498180694293, -0.629144365399111, 0.7403170288783957, -0.19451811775157865, -0.6256623360026843, 0.2685340610426851, -0.14790076830897533, 0.4245730598392221, 0.015623310773982076], [0.5668687552230808, -0.38408979281457, -0.445644718504868, -0.611226912036698, -0.2811095179972175, -0.01745056971929515, -0.4188408299962433, 0.19826866076442692, 0.5818863941648839, 0.08528430073012075, 0.01659202390331707, -0.26068096949074593], [-0.5738392363630402, -0.5418840847844741, -0.6310255421245735, 0.1124347698599435, 0.17918306080849328, -0.25834058814946786, 0.613270804646217, -0.3029080262337104, 0.028709928863269896, 0.19146379902725408, 0.43868348894974646, -0.25053663333346576]], "inverted": true, "swapped": false, "error_lsq": 0.05122916244398961, "error_max": 0.24566635186341526, "target": "270.xyz", "model": "7.xyz", "model_rescale": 3.964800864290218, "target_rescale": 3.79850210981559},
{"mapping": [5, 1, 8, 12, 2, 9, 4, 3, 10, 6, 11, 13], "R": [[-0.2551922766766944, -0.11462554357830401, -0.9600718132952055], [0.9586019332177235, 0.0997405643564225, -0.2667098675585624], [0.12632986802735544, -0.9883889945670383, 0.08442724597516083]], "T": [-0.14377871204525203, -0.13012188537165023, -0.08386407844680407], "aligned_model": [[-0.024431183425566688, -0.49582782259645375, 0.3279202822589804, 0.3952821749597446, -0.5388259895443722, 0.5411297097344706, -0.15694489386429555, -0.5737606469018548, 0.343389080005725, -0.2889439651139246, 0.3851345086000485, -0.08900769113287679], [0.39624012677101483, -0.442967162711021, -0.1975334712367803, -0.637757317154154, -0.6266795225886782, -0.09722512394161001, -0.3920094710934795, 0.45389035954063683, 0.5150079099743307, 0.1422753224485123, 0.03018802364427542, -0.11357284942685558], [-0.7224327298492034, -0.668080774013573, -0.6871992409152324, 0.06578406149802424, 0.10581166912274553, -0.1444857218692551, 0.5690792109091257, -0.08667996052708382, -0.23086442726360257, 0.4072903103677784, 0.5339424143902342, -0.13695307068376633]], "inverted": true, "swapped": false, "error_lsq": 0.054193320923484556, "error_max": 0.28210207555107025, "target": "270.xyz", "model": "8.xyz", "model_rescale": 4.121658175737393, "target_rescale": 3.79850210981559},
{"mapping": [7, 3, 10, 0, 2, 5, 1, 8, 9, 6, 4, 12], "R": [[0.9131764399562465, 0.039018656745007985, -0.40569241296165587], [-0.3352167387638383, 0.6380755579235686, -0.6931733696796664], [0.23181571896955594, 0.7689844776107916, 0.5957552732727474]], "T": [-0.05832272481177881, -0.041091150289389526, -0.18282577187664717], "aligned_model": [[-0.0014587381417900183, -0.38411438972416523, 0.2451727455006566, 0.31062665750293156, -0.55957394016265, 0.5382083634855985, -0.09784034152249266, -0.7179013776846627, 0.31782891958540377, -0.3041416937415137, 0.5375721773398662, -0.059264819457556336], [0.5174589757944111, -0.6619425545286208, -0.45561932200195293, -0.686998433378362, -0.46280601649932485, -0.0562429500060316, -0.31365025174407185, 0.26795288606815215, 0.6304028787422199, 0.39379796666611244, -0.06970988774938036, -0.07278646713695933], [-0.5569903800171966, -0.5448855962120902, -0.7418765074560202, 0.07311245907858482, 0.0479343667645325, -0.3429475690682533, 0.44890329180275323, -0.1838850138365448, 0.13465734015789677, 0.2974101498971814, 0.4746072294053102, -0.10082802934996185]], "inverted": true, "swapped": false, "error_lsq": 0.05023874557120953, "error_max": 0.3044277048804816, "target": "270.xyz", "model": "9.xyz", "model_rescale": 3.833441315466971, "target_rescale": 3.79850210981559},
{"mapping": [9, 10, 11, 12, 0, 7, 1, 13, 3, 5, 6, 14], "R": [[-0.1269931338009284, -0.760265919450832, 0.6370780766036456], [0.8850703341740728, -0.3768116263434936, -0.2732462292829791], [0.44779822189510143, 0.5291585111986317, 0.7207413006714913]], "T": [0.018407413149625212, -0.07943818589486529, -0.07425101388078553], "aligned_model": [[0.05671584701861884, -0.3847805283351613, 0.3445098223780977, 0.2094172615016609, -0.5585716600111701, 0.5577468565678414, -0.17330789833376356, -0.7393410520655246, 0.39537675483401635, -0.3677327818988244, 0.4432212631507033, 0.041859678173130695], [0.4926405203860883, -0.5894806862806711, -0.41729728985662684, -0.6362726803320227, -0.3787062791093959, 0.07922859857132361, -0.4429368134306935, 0.1684565773856174, 0.7019449944579337, 0.2563585974501282, -0.20575607463256185, 0.0016773596170725769], [-0.6479831327717622, -0.5772920411949853, -0.5690696934080564, 0.054086981070905704, 0.1291125010915784, -0.43181470479794887, 0.5395265680136834, -0.06704052035724928, -0.11494856465984288, 0.3679836201429547, 0.4403425654388829, -0.11769183740196801]], "inverted": true, "swapped": false, "error_lsq": 0.04480122697783414, "error_max": 0.22184113373770423, "target": "270.xyz", "model": "10.xyz", "model_rescale": 4.2482417240324, "target_rescale": 3.79850210981559},
{"mapping": [4, 0, 10, 8, 1, 9, 3, 6, 5, 2, 7, 11], "R": [[0.2990409183511763, 0.5924253143691157, -0.7480686974110999], [0.08672544233097546, 0.763824152074888, 0.6395712332176733], [0.9502911273942223, -0.2561345576093417, 0.1770363284585543]], "T": [-0.07149445375778288, -0.09918102990948693, -0.052506972889969125], "aligned_model": [[0.04399143787878801, -0.4477397732167747, 0.2329110920123267, 0.1549621278569606, -0.5896164827049455, 0.6999007805547772, 0.053434477745513353, -0.48931185128436605, 0.17179654717999635, -0.48223934084696185, 0.46456509173324334, 0.012459456071068478], [0.4602377198477571, -0.4044762238723234, -0.4212736533119493, -0.6606543929261451, -0.5698465475850457, -0.031149357096614733, -0.4490014851322307, 0.3693915631043454, 0.6112604233838171, 0.1271707952086382, 0.038056903326828456, -0.039858920720885774], [-0.7154950960755916, -0.634807393688587, -0.5200494503063143, 0.04909474078132302, 0.043253600150691504, -0.33469837267575103, 0.6686657093664671, -0.21483529926396672, -0.06889601272522686, 0.5200406455492913, 0.3378289850543778, -0.12489031500052096]], "inverted": false, "swapped": false, "error_lsq": 0.05282497728245841, "error_max": 0.2911391277253703, "target": "270.xyz", "model": "11.xyz", "model_rescale": 3.6694154284099745, "target_rescale": 3.79850210981559},
{"mapping": [1, 12, 5, 7, 10, 6, 9, 2, 4, 8, 11, 13], "R": [[0.4103702562642468, -0.9104107947835304, 0.05242554258410137], [0.7237630487127334, 0.2901865532829822, -0.626066141563168], [0.5547641860211112, 0.29486259348273386, 0.7780056226486864]], "T": [0.02823473215092815, -0.06595184403933516, -0.14026516300149108], "aligned_model": [[-0.3314416986972538, -0.36672478501749656, 0.38723341036786896, 0.1267074541613892, -0.45140699926116784, 0.5886209196529496, -0.07996863732981829, -0.571565344131267, 0.3486985075167655, -0.3090127015237909, 0.42517124946880025, 0.05880218777264651], [0.5481082100928714, -0.3089920470611919, -0.5962193268961993, -0.7832093279265975, -0.45837414340832816, -0.13780807232186296, -0.3806754940798085, 0.191874567912635, 0.6011158184112643, 0.249769281177922, 0.09599056954709548, 0.008276788778391483], [-0.5985626745734247, -0.636961186520573, -0.6245245337314922, 0.027097148458133685, -0.0007039371742517953, -0.1659329787953729, 0.590438143292044, -0.13137791459926035, -0.14179883221599368, 0.45905294191646895, 0.4607711959722689, -0.23228563086235504]], "inverted": false, "swapped": false, "error_lsq": 0.04757443337481692, "error_max": 0.22656457913069097, "target": "270.xyz", "model": "12.xyz", "model_rescale": 3.9764082729961374, "target_rescale": 3.79850210981559},
{"mapping": [9, 6, 4, 14, 13, 7, 11, 12, 2, 10, 8, 15], "R": [[-0.7116336120362745, 0.5742673927795429, -0.4047154108881839], [-0.3064996735831541, -0.7721267482717282, -0.5566670770727755], [-0.6321673451813414, -0.27209786142767395, 0.7254841152588121]], "T": [-0.0373159257691407, -0.03116874475996345, -0.18801646955072804], "aligned_model": [[-0.19709466482437818, -0.26745313094470147, 0.323394062857064, -0.06346091468046494, -0.5255106051107525, 0.6995105159314573, -0.06579338267768484, -0.6129812314117015, 0.47014168160358666, -0.2955627525857762, 0.3219430058080765, 0.037980979014900655], [0.4264992218408448, -0.6781790652650704, -0.2769000267436432, -0.7828638500747932, -0.3616667251984921, 0.019675343658063393, -0.36022079799192147, 0.22734389124982363, 0.565489219752642, 0.2493291848151849, 0.10661355152375168, -0.10526312334019823], [-0.5436987904650825, -0.5227900014392157, -0.7584269909641821, 0.08231471210544528, -0.023950671239521187, -0.34781438069716736, 0.534104350991974, -0.09317867196455229, -0.037200144143493874, 0.519639087130246, 0.4049438120544835, -0.20873057020274194]], "inverted": false, "swapped": false, "error_lsq": 0.04600970411014702, "error_max": 0.27235340263319463, "target": "270.xyz", "model": "13.xyz", "model_rescale": 4.170626492500431, "target_rescale": 3.79850210981559},
{"mapping": [5, 4, 2, 0, 8, 3, 7, 12, 11, 10, 9, 13], "R": [[0.7416035041643773, 0.648496180918188, 0.17168851430902726], [0.4935849944188653, -0.3541552836742858, -0.7943222824081638], [-0.4543105720711823, 0.673815062446745, -0.5827307832303387]], "T": [0.07151922247072927, -0.14982303872475944, -0.11812462411568497], "aligned_model": [[-0.21177133259704595, -0.4286439025077773, 0.29006415890492804, 0.18592677567931137, -0.6073018204130951, 0.7357634494830572, -0.15001178854782238, -0.5527826709016744, 0.27713082576934955, -0.192935516736656, 0.3967940132606641, 0.08288137158638635], [0.5586403197605445, -0.38351279907891406, -0.557493930038166, -0.7197755919943263, -0.37262457089572976, -0.018105403257268726, -0.542543537049398, 0.22858794957541356, 0.5264775890284593, 0.09762582460675709, 0.2697727027661555, -0.05719172919733581], [-0.6131457948239107, -0.5634212386439936, -0.5860719741146445, 0.015753698693533796, 0.08465052674188053, -0.24813876110675032, 0.5557629215783675, -0.17064501112388206, -0.11911488706986889, 0.31449652183250304, 0.4937921697894438, -0.15870643058648676]], "inverted": true, "swapped": false, "error_lsq": 0.04749218252961706, "error_max": 0.2742707318518531, "target": "270.xyz", "model": "14.xyz", "model_rescale": 3.9786697098870705, "target_rescale": 3.79850210981559},
{"mapping": [0, 1, 6, 7, 10, 9, 5, 4, 3, 8, 8, 11], "R": [[0.34960876994726414, -0.6712597159530472, 0.6535932234307478], [0.5634450949732891, -0.40672043272420483, -0.7191022976984409], [0.7485341227536007, 0.619668365614439, 0.23602496420977953]], "T": [-0.04630056679635162, -0.07455205305585175, -0.11063960400542691], "aligned_model": [[-0.1566706103685069, -0.35666837030920884, 0.3308119838860446, 0.09170489624348957, -0.6372201953428994, 0.5214402655337816, -0.24470773859872494, -0.6256774033967405, 0.5061784127940865, 0.18904965596346499, 0.18904965596346499, 0.017823010611373834], [0.4847149348227985, -0.2898619505048319, -0.5552294757019439, -0.6707360103134413, -0.659426180099321, 0.06356250983306694, -0.11313855618444768, 0.05283613823271463, 0.6576386132330437, 0.08310068170403997, 0.08310068170403997, -0.10670456249952605], [-0.5091925814497883, -0.6745416931090727, -0.6147140333113017, 0.1391506813752022, -0.1431547790847155, -0.32513665030750294, 0.6664094701743433, 0.04104909043915447, -0.04888980552163203, 0.32752020005198157, 0.32752020005198157, -0.18080835814245777]], "inverted": false, "swapped": false, "error_lsq": 0.06780616938693229, "error_max": 0.4365044079337907, "target": "270.xyz", "model": "15.xyz", "model_rescale": 3.769337070930944, "target_rescale": 3.79850210981559},
{"mapping": [4, 1, 9, 7, 6, 3, 10, 2, 8, 0, 11], "R": [[-0.8638000452819445, 0.2847272570005377, -0.4156679815572282], [0.07414672847451517, -0.7441871971043366, -0.6638431127326075], [-0.4983490186881449, -0.6042481318026071, 0.621717339942857]], "T": [0.060719767322664424, 0.1547338438653712, 0.025210726440144555], "aligned_model": [[-0.3074433839679656, -0.3745409123202775, -0.03452826352773234, -0.6094409380984728, 0.370159200289449, 0.46915087180582515, 0.567976362296055, 0.15035702851995958, 0.24172317362309648, -0.48155524867912886, -0.06923175924963706], [-0.08881611513027568, -0.6470349288581716, 0.48057426385176394, 0.32558858132503565, 0.31277434609584986, -0.26678173101188085, 0.4050142540560744, -0.6133168428033999, 0.6104211163790797, 0.092257954319523, -0.014616400598256696], [-0.5246869986266126, -0.0782308191426761, -0.2558054848777001, -0.09720600260037363, -0.6739796952276443, -0.3845628716405922, -0.030546046195535574, 0.3365287826079558, 0.6706456763031201, 0.6707716532537672, 0.11128941337006831]], "inverted": true, "swapped": true, "error_lsq": 0.04601382628498297, "error_max": 0.25955298487060935, "target": "270.xyz", "model": "16.xyz", "model_rescale": 3.7852294659196426, "target_rescale": 3.79850210981559},
{"mapping": [1, 6, 7, 11, 10, 2, 9, 4, 3, 0, 8, 12], "R": [[0.6887283086842717, -0.5277545868018945, 0.497120119213118], [-0.3611967704109412, -0.8442788864547738, -0.395891468626685], [0.6286415591269868, 0.0931034800437088, -0.7721020218482415]], "T": [-0.003926396931121385, -0.014290043042587519, -0.11970365429798466], "aligned_model": [[0.09769351935936942, -0.38265429867486833, 0.1686782033453277, 0.36103784161937214, -0.6241533146958761, 0.5604827418811513, -0.13085219079275612, -0.6179660260308453, 0.3253816785037671, -0.2785999147524959, 0.37745366413184117, -0.031388340914361705], [0.44779648089317164, -0.6941922853315521, -0.3784281105244463, -0.647360131718173, -0.4976631735089073, 0.027588536102031103, -0.39593944409900916, 0.33041792786723834, 0.6891698381179701, 0.348592572310093, -0.11291222881785683, -0.08721315706436787], [-0.6201070828005784, -0.5459563414135052, -0.6933221032258465, -0.056811350819589795, 0.05614873409171703, -0.3515991688390936, 0.6454730331655777, -0.19663501185716578, 0.05116400856863321, 0.38884115377810924, 0.39897623228813384, -0.0709603617701999]], "inverted": false, "swapped": false, "error_lsq": 0.05031405303855529, "error_max": 0.27268392518956736, "target": "270.xyz", "model": "17.xyz", "model_rescale": 3.901054581598922, "target_rescale": 3.79850210981559},
{"mapping": [3, 11, 9, 10, 6, 5, 4, 7, 2, 1, 8, 14], "R": [[-0.8957951061454846, 0.3623419929238222, 0.25740902853200914], [-0.12340190093711616, 0.353617677935063, -0.9272143811961289], [-0.4269930896992434, -0.8623588684624324, -0.27205529462461675]], "T": [-0.003877147654231165, -0.02090509912560161, -0.11572946378735109], "aligned_model": [[-0.1105165539997533, -0.3968299717033419, 0.31115864927188136, 0.19340056205905581, -0.6538239775224202, 0.6128563130440943, 0.05176906132127747, -0.6338206700416479, 0.5009457848726766, -0.44091368326568986, 0.4036466559187783, -0.012758606975285186], [0.6044519026432283, -0.5780707672266534, -0.38492106176481705, -0.8099497636705754, -0.37159621121554726, -0.056802233140692174, -0.4005723190001016, 0.15830602534040467, 0.6337205434873484, 0.16129390232613527, 0.11197948964497802, -0.037982683197516194], [-0.5411263923913894, -0.5303202081220659, -0.5656566211509274, -0.01111698493205153, 0.019587229623141647, -0.20758413824755478, 0.5758847867087112, -0.2193226839661251, -0.13462858589985943, 0.39562964666885275, 0.3909107317444818, -0.16704503886902236]], "inverted": false, "swapped": false, "error_lsq": 0.04124502234530806, "error_max": 0.20866161496916202, "target": "270.xyz", "model": "18.xyz", "model_rescale": 3.9405287249114394, "target_rescale": 3.79850210981559},
{"mapping": [7, 6, 5, 10, 1, 11, 3, 4, 13, 12, 14, 15], "R": [[0.7394071962248421, 0.5328878382988147, 0.4114699867112229], [-0.6732502401627809, 0.5822116794192849, 0.4558110074016791], [0.003333510413313895, -0.6140522063644035, 0.7892583706032723]], "T": [-0.08551689801085677, -0.024725178055799282, -0.1449695004886799], "aligned_model": [[-0.11616250361543676, -0.3883037534561376, 0.19374194612448586, 0.4284014447751752, -0.5179183420016714, 0.6302740042707486, -0.15350749345502468, -0.6239903369099784, 0.3414298554810939, -0.29908148892387143, 0.39854916019370373, -0.06831892950346179], [0.49943891019774583, -0.5672855326659718, -0.4367597112045943, -0.5432836399885244, -0.4873464556615731, -0.061600134733724984, -0.4598199494500768, 0.46809555976987555, 0.4757665592201284, 0.15797412312365022, 0.04531689261583348, -0.0606397969965766], [-0.613945410726936, -0.5599777381985624, -0.8109309740169273, 0.14638783244212383, 0.04085291129337165, -0.21911006752658652, 0.5840698768500712, -0.18785428316493535, -0.008755198841701117, 0.32529658702570835, 0.45545794867276085, -0.14627974264219545]], "inverted": false, "swapped": false, "error_lsq": 0.04426259211906957, "error_max": 0.28252191146847355, "target": "270.xyz", "model": "19.xyz", "model_rescale": 4.410303926677745, "target_rescale": 3.79850210981559},
{"mapping": [5, 1, 8, 12, 2, 9, 4, 3, 10, 6, 11, 13], "R": [[-0.2551922766766944, -0.11462554357830401, -0.9600718132952055], [0.9586019332177235, 0.0997405643564225, -0.2667098675585624], [0.12632986802735544, -0.9883889945670383, 0.08442724597516083]], "T": [-0.14377871204525203, -0.13012188537165023, -0.08386407844680407], "aligned_model": [[-0.024431183425566688, -0.49582782259645375, 0.3279202822589804, 0.3952821749597446, -0.5388259895443722, 0.5411297097344706, -0.15694489386429555, -0.5737606469018548, 0.343389080005725, -0.2889439651139246, 0.3851345086000485, -0.08900769113287679], [0.39624012677101483, -0.442967162711021, -0.1975334712367803, -0.637757317154154, -0.6266795225886782, -0.09722512394161001, -0.3920094710934795, 0.45389035954063683, 0.5150079099743307, 0.1422753224485123, 0.03018802364427542, -0.11357284942685558], [-0.7224327298492034, -0.668080774013573, -0.6871992409152324, 0.06578406149802424, 0.10581166912274553, -0.1444857218692551, 0.5690792109091257, -0.08667996052708382, -0.23086442726360257, 0.4072903103677784, 0.5339424143902342, -0.13695307068376633]], "inverted": true, "swapped": false, "error_lsq": 0.054193320923484556, "error_max": 0.28210207555107025, "target": "270.xyz", "model": "20.xyz", "model_rescale": 4.121658175737393, "target_rescale": 3.79850210981559},
{"mapping": [1, 6, 8, 9, 10, 5, 11, 2, 0, 4, 7, 12], "R": [[0.25998187057715694, 0.9559880267417535, 0.13600117535378473], [-0.43340505460668477, 0.24138708330544056, -0.8682697361158392], [-0.862884398753726, 0.1667907933301499, 0.4770863083842589]], "T": [-0.01919351954560203, -0.10055490320479077, -0.10693866969156245], "aligned_model": [[-0.08986104093498322, -0.3739210080445585, 0.2775358663191137, 0.1475940177293037, -0.6027960676065235, 0.600055164127598, -0.030745897893968786, -0.6407392772830504, 0.4565546566010366, -0.4371708664489663, 0.4598977642263898, 0.0587102521882345], [0.42695710268274, -0.3082709695421926, -0.4851145321243738, -0.7752822540644742, -0.6062182328676897, 0.0432835193541809, -0.31506392820883483, 0.32807416716052495, 0.7713905462989139, 0.0234606388305494, -0.036507318008495326, -0.03685191528465706], [-0.5531584037449071, -0.6105723726549843, -0.5735955736757123, 0.09202814812559874, 0.004352410804690329, -0.3513667899058705, 0.7465374130941764, -0.18548563198460294, -0.1301450585021094, 0.2659509718060567, 0.3759562550502615, -0.07528962724640512]], "inverted": true, "swapped": false, "error_lsq": 0.04570667923876635, "error_max": 0.23024991364657513, "target": "270.xyz", "model": "21.xyz", "model_rescale": 4.08911054899281, "target_rescale": 3.79850210981559},
{"mapping": [5, 15, 14, 4, 1, 12, 0, 8, 10, 6, 7, 16], "R": [[-0.9926958336313937, -0.038473195335783084, 0.1143450704294991], [0.09223128101373651, -0.8529915632522026, 0.513710797845567], [0.07777128450422814, 0.5205047610360721, 0.8503096030537018]], "T": [-0.014590936308759291, -0.1541435843123481, -0.17513071425558835], "aligned_model": [[-0.15046957059338173, -0.3054673469397415, 0.35119925903732013, 0.11998126600113856, -0.739434982420443, 0.6962424204875496, -0.12166644486764569, -0.6017579040932134, 0.33827202521982713, -0.1837520947679362, 0.41847390517088856, 0.0034930307452627], [0.48476498202877216, -0.5110069541550615, -0.3867099046118795, -0.7422970318314346, -0.43917263031005865, -0.022620051604799296, -0.33618785547570434, 0.18776502459654798, 0.5687480792846352, 0.2885920783333054, 0.11210740437215289, -0.17412631640028453], [-0.44170508389574725, -0.7404151266508996, -0.6483463369880552, 0.1745234440274731, -0.022297690925819458, -0.32475359099541956, 0.5701706455866788, -0.036944343158918314, -0.11148495793045682, 0.4001377135603591, 0.3222237288814634, -0.13589666034446685]], "inverted": true, "swapped": false, "error_lsq": 0.042188578192738115, "error_max": 0.22707275134964613, "target": "270.xyz", "model": "22.xyz", "model_rescale": 4.204369325754507, "target_rescale": 3.79850210981559},
{"mapping": [7, 6, 5, 10, 1, 11, 3, 4, 13, 12, 14, 15], "R": [[0.7394071962248421, 0.5328878382988147, 0.4114699867112229], [-0.6732502401627809, 0.5822116794192849, 0.4558110074016791], [0.003333510413313895, -0.6140522063644035, 0.7892583706032723]], "T": [-0.08551689801085677, -0.024725178055799282, -0.1449695004886799], "aligned_model": [[-0.11616250361543676, -0.3883037534561376, 0.19374194612448586, 0.4284014447751752, -0.5179183420016714, 0.6302740042707486, -0.15350749345502468, -0.6239903369099784, 0.3414298554810939, -0.29908148892387143, 0.39854916019370373, -0.06831892950346179], [0.49943891019774583, -0.5672855326659718, -0.4367597112045943, -0.5432836399885244, -0.4873464556615731, -0.061600134733724984, -0.4598199494500768, 0.46809555976987555, 0.4757665592201284, 0.15797412312365022, 0.04531689261583348, -0.0606397969965766], [-0.613945410726936, -0.5599777381985624, -0.8109309740169273, 0.14638783244212383, 0.04085291129337165, -0.21911006752658652, 0.5840698768500712, -0.18785428316493535, -0.008755198841701117, 0.32529658702570835, 0.45545794867276085, -0.14627974264219545]], "inverted": false, "swapped": false, "error_lsq": 0.04426259211906957, "error_max": 0.28252191146847355, "target": "270.xyz", "model": "23.xyz", "model_rescale": 4.410303926677745, "target_rescale": 3.79850210981559},
{"mapping": [11, 1, 7, 0, 3, 13, 2, 10, 15, 4, 5, 16], "R": [[0.4614189308175053, -0.8612979402519366, -0.2127402839168017], [-0.19939190830202597, 0.1329815052311389, -0.9708546678932625], [0.8644856489190013, 0.49038941402137926, -0.11037565596118333]], "T": [0.09827315495253247, 0.0914087053543673, -0.15701555618952007], "aligned_model": [[-0.07338764998843611, -0.43228188947701357, 0.23488454508297404, 0.14428859381032325, -0.5538984749996989, 0.7282073139218552, -0.12741507629259172, -0.5246247336958336, 0.34599366480058, -0.27252227682203595, 0.3412105580569974, 0.014658988582505764], [0.25809651557761676, -0.4396656836607421, -0.38851741726855776, -0.6327319475020324, -0.43763123475432475, 0.006538279039807013, -0.4649419903678582, 0.2738496196776784, 0.7000762038141385, 0.08589299155338442, 0.06049091760798274, 0.008400570509098843], [-0.7430780345830437, -0.5727157940207338, -0.5962639387625821, 0.052480757271121725, 0.16553659694125972, -0.4572930777090864, 0.5303218259054905, -0.20699034357172807, 0.1213234747675071, 0.4229540099667802, 0.422318149028518, -0.13338188406731116]], "inverted": true, "swapped": false, "error_lsq": 0.044051158794963956, "error_max": 0.2605096791201701, "target": "270.xyz", "model": "24.xyz", "model_rescale": 4.28219845311461, "target_rescale": 3.79850210981559},
{"mapping": [10, 2, 0, 4, 13, 1, 7, 12, 5, 9, 3, 15], "R": [[0.5123174188901314, 0.4573409747742279, 0.7268907036785605], [0.6146664274678042, 0.39583935023587036, -0.6822729598546398], [-0.5997633243586346, 0.7963356337609182, -0.07831674889112993]], "T": [-0.06972530455127865, -0.030747441512888732, -0.16123981568961826], "aligned_model": [[-0.17596067760148032, -0.32099665349398987, 0.36070845406879315, 0.2282506190314322, -0.5485818968291515, 0.568220922836961, -0.1950590461101517, -0.7747109299298234, 0.38071747472492234, -0.15552492939386517, 0.4907318682616266, -0.032681642585648374], [0.5054449612616407, -0.5196771220239397, -0.5467581591314752, -0.6752063153835081, -0.3373207265747757, 0.02308334690801571, -0.3896443932847421, 0.22982292068904414, 0.6790008247260313, 0.27668098963309, -0.1335913976998056, -0.08197810489338435], [-0.736493300292397, -0.5693948121110652, -0.623856169463191, 0.013493357692414804, 0.010881193647971688, -0.15917680193121708, 0.5177524059049672, -0.021532068643866642, -0.02471369334330553, 0.43457883791134383, 0.36350414375938117, -0.1998313519648443]], "inverted": true, "swapped": false, "error_lsq": 0.04000106204361048, "error_max": 0.2155754889752065, "target": "270.xyz", "model": "25.xyz", "model_rescale": 4.100010024507729, "target_rescale": 3.79850210981559},
{"mapping": [4, 0, 10, 8, 1, 9, 3, 6, 5, 2, 7, 11], "R": [[0.2990409183511763, 0.5924253143691157, -0.7480686974110999], [0.08672544233097546, 0.763824152074888, 0.6395712332176733], [0.9502911273942223, -0.2561345576093417, 0.1770363284585543]], "T": [-0.07149445375778288, -0.09918102990948693, -0.052506972889969125], "aligned_model": [[0.04399143787878801, -0.4477397732167747, 0.2329110920123267, 0.1549621278569606, -0.5896164827049455, 0.6999007805547772, 0.053434477745513353, -0.48931185128436605, 0.17179654717999635, -0.48223934084696185, 0.46456509173324334, 0.012459456071068478], [0.4602377198477571, -0.4044762238723234, -0.4212736533119493, -0.6606543929261451, -0.5698465475850457, -0.031149357096614733, -0.4490014851322307, 0.3693915631043454, 0.6112604233838171, 0.1271707952086382, 0.038056903326828456, -0.039858920720885774], [-0.7154950960755916, -0.634807393688587, -0.5200494503063143, 0.04909474078132302, 0.043253600150691504, -0.33469837267575103, 0.6686657093664671, -0.21483529926396672, -0.06889601272522686, 0.5200406455492913, 0.3378289850543778, -0.12489031500052096]], "inverted": false, "swapped": false, "error_lsq": 0.05282497728245841, "error_max": 0.2911391277253703, "target": "270.xyz", "model": "26.xyz", "model_rescale": 3.6694154284099745, "target_rescale": 3.79850210981559},
{"mapping": [0, 11, 10, 9, 12, 8, 3, 6, 5, 3, 7, 13], "R": [[0.24669469659797805, -0.9617407595560643, 0.11914880645208456], [0.43769881683379075, 0.22027008751314447, 0.8717229114169545], [-0.8646163729728528, -0.16289812753827593, 0.47529225496718575]], "T": [0.051041026817515, 0.0009246436540333858, -0.22141543627392338], "aligned_model": [[-0.0472845969938029, -0.3935520866505964, 0.24630425340808548, 0.1810612613127766, -0.5964457653631415, 0.6763445816385781, -0.19444967245538797, -0.5739172630596385, 0.40790269396147505, -0.19444967245538797, 0.3023116230277443, 0.0112882066089212], [0.5594624771853949, -0.6536105177140368, -0.39058257437378846, -0.6093046533230815, -0.4248881273716609, -0.11246430368823539, -0.1728329377519381, 0.2090593610494224, 0.6914825990951854, -0.1728329377519381, 0.10129804159581463, 0.005070397275053814], [-0.5609753033803728, -0.5532228431152977, -0.634313838385377, 0.053499967446868496, -0.05060223028424457, -0.2884646971110363, 0.5285004522149063, -0.0282898110116169, -0.07390963834950429, 0.5285004522149063, 0.34684224575441525, -0.2623530148274549]], "inverted": true, "swapped": false, "error_lsq": 0.04627179272967267, "error_max": 0.32922910164921987, "target": "270.xyz", "model": "27.xyz", "model_rescale": 4.103607728864725, "target_rescale": 3.79850210981559},
{"mapping": [6, 8, 1, 2, 13, 0, 12, 11, 9, 10, 3, 14], "R": [[0.5506970989914808, -0.1790506328838355, 0.815275153568576], [0.8324905488163472, 0.04671359905354394, -0.5520664142971586], [0.060763404231697016, 0.9827302328347097, 0.17478300311761627]], "T": [-0.09775413607734547, -0.0015357933822977982, -0.0948129418999673], "aligned_model": [[-0.23881868204635265, -0.4772168628264809, 0.4444972918594507, 0.23169629496667815, -0.5908607063874942, 0.6042049666052867, -0.10724988473427312, -0.7327695464415716, 0.3530801631935344, -0.13910574066072628, 0.4585557703776975, 0.019100499073876856], [0.5393674368841109, -0.47077713248433856, -0.4795053217710976, -0.6280938586613559, -0.3920976865336627, -0.08399800058113464, -0.46518738407997456, 0.1761605902783583, 0.6805097882991727, 0.37351665908730225, -0.12839288787522185, -0.09164537833596664], [-0.3927923912077875, -0.6498810291581472, -0.6243120928975516, 0.10570665951284167, 0.06068577477861292, -0.19553604514116418, 0.6278423357571563, -0.28779132745950614, -0.13587612690443013, 0.24782532070459112, 0.3929958506854098, -0.1436551875038326]], "inverted": true, "swapped": false, "error_lsq": 0.050542670225550014, "error_max": 0.3117404140673473, "target": "270.xyz", "model": "28.xyz", "model_rescale": 4.137296879288765, "target_rescale": 3.79850210981559},
{"mapping": [4, 6, 10, 5, 0, 9, 7, 3, 2, 1, 11], "R": [[-0.9197040282911163, 0.26010031411804174, 0.2940957785157583], [-0.08529262822564078, 0.5988194486963103, -0.7963293511063182], [-0.3832357863188882, -0.7574715139586065, -0.5285520197916195]], "T": [0.03329493579239491, 0.007236064494211624, -0.19936097380884965], "aligned_model": [[0.4628951100065941, 0.2130152886943909, -0.20388362817516187, -0.6595270473871081, 0.09695798708560756, 0.3892951859307482, 0.6707337443946433, -0.26579013890111786, -0.5352703441765879, 0.0417758876920805, 0.011216965545809504], [-0.2101754863626967, -0.752303174687708, -0.3491311095649175, 0.15407108280927487, 0.8496938405249639, -0.19182984751463836, 0.2799022246579386, -0.5290940347910007, 0.26811629102527496, 0.23482574269880538, 0.16507228785265565], [0.3158322951667333, -0.2192995712464974, -0.5732688777255363, -0.2721417555334809, -0.16892659377391617, -0.3662467499515074, -0.08703333544116337, 0.1684757988957814, 0.3515751910980488, 0.690086151848443, -0.03329853155390683]], "inverted": false, "swapped": true, "error_lsq": 0.044247665305843585, "error_max": 0.21927722934142618, "target": "270.xyz", "model": "29.xyz", "model_rescale": 3.607286011436655, "target_rescale": 3.79850210981559},
