[{"mapping": [6, 2, 8, 7, 0, 1, 5, 9, 10, 4, 11], "R": [[0.25547565169144226, 0.5286842726151136, -0.8094597774332342], [-0.8985542858269516, -0.17917518128494384, -0.4006200816653158], [-0.35683663883470496, 0.8296922286612882, 0.4292766228019115]], "T": [0.11584674968009234, -0.009817225898004562, 0.11886812826266145], "aligned_model": [[-0.346458299387831, 0.5345395391064377, 0.36861128868256154, -0.8223391710312937, 0.2704004274540205, -0.16373748648289477, -0.33578418510820135, -0.021332880912032587, -0.2254580270494277, 0.8587700008248755, 0.1094619897494514], [-0.5567230401783121, -0.12263403087828202, -0.5848974348685826, 0.08819598636346247, 0.4577517554106228, -0.06509082173172517, 0.6422330261514129, -0.388967432871352, 0.31626216117531486, 0.294173740210476, 0.04776923498156484], [0.007861104306268116, -0.5598946890622497, 0.026692579637033517, 0.036382382420548906, -0.2556766653282607, -0.5297134348515888, -0.12515297753446364, 0.5736024396255065, 0.6076877562159233, 0.2083276284649001, 0.08045862094876524]], "inverted": false, "swapped": false, "error_lsq": 0.04843051702367108, "error_max": 0.24590113892666393, "target": "272.xyz", "model": "0.xyz", "model_rescale": 3.751011558992144, "target_rescale": 3.741958976823736},
{"mapping": [8, 1, 4, 2, 7, 0, 3, 5, 13, 11, 14], "R": [[0.6208990648625462, -0.5388028779534866, 0.569364391195881], [0.7293507669712225, 0.6632676767628741, -0.16770047012477124], [-0.2872835010426208, 0.5193914204822987, 0.8047985725372994]], "T": [0.15071183772071037, -0.01295858176465858, 0.09071157096191274], "aligned_model": [[-0.17883202189957412, 0.29301895724969745, 0.44977842587629324, -0.6759589106818029, 0.38463697170567, -0.22550734991414526, -0.30097239288227207, -0.19788955976383657, -0.30185716213770686, 0.8128842122373685, 0.16737202605597415], [-0.5834479775752085, -0.1873281537666359, -0.7316764791616703, -0.031008747218910445, 0.4149709527001267, 0.17391085545487167, 0.5797058690769258, -0.22812068094500426, 0.3456394203782556, 0.3464678260597494, 0.028960258762100097], [0.010956032005970284, -0.5688560794933276, -0.049208869717802195, 0.08544210696536803, -0.35854600440005613, -0.5409872930453852, -0.0770266001441598, 0.5621650508978958, 0.5312691398752629, 0.35352594026482764, 0.12184132163378938]], "inverted": false, "swapped": false, "error_lsq": 0.05018243885319899, "error_max": 0.28390875959553186, "target": "272.xyz", "model": "1.xyz", "model_rescale": 3.9405287249114394, "target_rescale": 3.741958976823736},
{"mapping": [4, 7, 1, 9, 6, 3, 11, 2, 5, 0, 12], "R": [[-0.24220244237103378, -0.9687436931695788, -0.0536062855798789], [0.5587271604919566, -0.09409474857123007, -0.82399644320829], [0.7931972875887194, -0.2295252387766592, 0.5640533908473702]], "T": [-0.0499998539791524, -0.021880959021216742, -0.05139941477018387], "aligned_model": [[-0.15821736320192983, 0.38132904726071987, 0.5209696102558448, -0.7950317864618436, 0.28524754568245164, -0.20678177690833105, -0.2196853599709507, 0.0006544938432844552, -0.11600033396858284, 0.5910349296651778, -0.05684581035017543], [-0.6842838997065839, -0.20771652885001496, -0.5222296356541071, 0.20518142711543863, 0.3429374243542084, -0.06498051988267885, 0.6669066458994013, -0.21081833813907597, 0.33880286208061333, 0.34133449294322166, -0.07706078639582253], [-0.2543945791259055, -0.6904067489203887, 0.1741474873614607, 0.1577684591327997, -0.27472075625123865, -0.5994519077533556, 0.014878435234238062, 0.6012156565700119, 0.5759979060826365, 0.3486992354252579, 0.016841557086866306]], "inverted": true, "swapped": false, "error_lsq": 0.04974539343425799, "error_max": 0.24702292525932434, "target": "272.xyz", "model": "2.xyz", "model_rescale": 3.932901565614263, "target_rescale": 3.741958976823736},
{"mapping": [3, 1, 0, 9, 6, 10, 12, 7, 5, 4, 13], "R": [[-0.011733117178576058, -0.3570494298493819, -0.9340117978941728], [0.3660306366942184, -0.8707781970136814, 0.3282786995935425], [-0.9305288318813657, -0.338025200613554, 0.1409079727611876]], "T": [-0.04156569865381714, -0.15127185585787867, -0.05355303081191605], "aligned_model": [[-0.062406866903857536, 0.4044622295625126, 0.5274999653548413, -0.6082695503622085, 0.21099013769569908, -0.2028842273956204, -0.37514447481880203, -0.13047291491449342, -0.08231056239669417, 0.6152448650319012, -0.07003540500761259], [-0.6613948269931016, -0.2805569226319702, -0.49641026091161017, 0.11224899008988393, 0.46718292456661564, 0.2264630206366724, 0.5278991405694082, -0.24340047244734697, 0.45279189144175863, 0.06306359764123434, -0.039813938196943816], [-0.05862038785133322, -0.6307125232162433, 0.023868416774381437, 0.3327065290680876, -0.19645682634459344, -0.6404415514574119, -0.1564207510344045, 0.648836015407649, 0.33406344320790826, 0.48113061522745354, -0.06737823493911081]], "inverted": false, "swapped": false, "error_lsq": 0.052693413810735557, "error_max": 0.3039614837831968, "target": "272.xyz", "model": "3.xyz", "model_rescale": 3.9243930471874484, "target_rescale": 3.741958976823736},
{"mapping": [6, 0, 3, 11, 1, 5, 9, 10, 8, 7, 12], "R": [[0.6935433410750106, -0.11245042288991985, -0.7115845251566324], [-0.34061028908291957, 0.8191871826811922, -0.4614292911180447], [0.6348088413226156, 0.5623942230524149, 0.5298400445945067]], "T": [0.03794198269334932, 0.008802691854822353, 0.11303431369518101], "aligned_model": [[-0.2958990096186805, 0.5403016270872867, 0.31568271249045193, -0.7515767641095688, 0.28706543165588233, -0.08358821046891106, -0.36410560784470586, -0.25128142886561644, 0.05455080553243413, 0.7248310137260967, 0.050692626260996264], [-0.5651195230903117, -0.1882360129061405, -0.6034299507686263, 0.014008670673024248, 0.4799627944217621, -0.10238176974538113, 0.5874897591566897, -0.2970185922980125, 0.3908467596799889, 0.41353583039808545, -0.0015848217564782656], [-0.17100793277759496, -0.5443338402878901, 0.08165520149047645, 0.0604308193358513, -0.3624716956344674, -0.6262163389413247, 0.14718698353200385, 0.6786763205194767, 0.6131371492797505, 0.1984351598501798, -0.004917081524078645]], "inverted": false, "swapped": false, "error_lsq": 0.054798497364550225, "error_max": 0.28261737652946667, "target": "272.xyz", "model": "4.xyz", "model_rescale": 3.8936222436046832, "target_rescale": 3.741958976823736},
{"mapping": [10, 8, 7, 2, 9, 3, 0, 4, 1, 6, 11], "R": [[-0.17199913924164542, 0.18771544362040826, -0.967046642270437], [0.033480916735846036, 0.9822232649741569, 0.18470648596634234], [0.9845279703059028, -0.0006082515109760434, -0.17522644125656084]], "T": [0.08564542729468194, -0.034946094929608554, -0.004625954849602852], "aligned_model": [[-0.1851205140507174, 0.33022124652861606, 0.527646632838396, -0.6468748890704151, 0.3580107139000998, -0.2498204957023492, -0.41260569720865553, -0.28120959834911813, -0.06724146518535676, 0.7667752143346527, 0.08689204781051307], [-0.5925507583959649, -0.2084656928338734, -0.5009248444237856, -0.038366754127887384, 0.441651563058413, 0.06852202095982628, 0.6694299330392092, -0.4130954935712389, 0.5685143885706339, 0.17370567241669488, -0.04034689092742649], [-0.1280368286532337, -0.6798566147873873, 0.08049905149871835, 0.13876424749054964, -0.28871707909310873, -0.4596413346151984, -0.20037716718570073, 0.5895499630179181, 0.5009131733318853, 0.351934392494102, 0.16554294134383826]], "inverted": true, "swapped": false, "error_lsq": 0.03959988068730979, "error_max": 0.18655355135788976, "target": "272.xyz", "model": "5.xyz", "model_rescale": 3.6523030999806103, "target_rescale": 3.741958976823736},
{"mapping": [6, 2, 1, 9, 3, 4, 11, 8, 7, 0, 12], "R": [[-0.17541153880036472, 0.3095492956491883, -0.9345640832060581], [-0.783467322568792, 0.5309478046922677, 0.3229138943423624], [0.5961625168715129, 0.7888432431450201, 0.14938738642157884]], "T": [-0.06612056007154377, -0.0785641479193972, 0.03955028962431502], "aligned_model": [[-0.18737274599355944, 0.2887965547039179, 0.5411203125573502, -0.7431157629559623, 0.41211795092225845, -0.08886263326378764, -0.48123490301645344, -0.28623994255025936, -0.06274499517904236, 0.8371225253521367, -0.0029131647309331987], [-0.7035229251597439, -0.2865990615926239, -0.4142383080898587, 0.03582062658177386, 0.40741726636910286, 0.14185095170060277, 0.6612819120460782, -0.4761022852532448, 0.5436819172393115, 0.2289424324715938, -0.010459382548391877], [-0.09216491918428592, -0.5983893239297838, 0.00862704923464154, 0.2659492600602319, -0.09368144276913519, -0.4896298157210594, -0.19470788627560282, 0.5367564737057431, 0.32171424843788254, 0.3165978706446983, 0.08950323063905266]], "inverted": true, "swapped": false, "error_lsq": 0.04637226731354663, "error_max": 0.24396156747014505, "target": "272.xyz", "model": "6.xyz", "model_rescale": 4.08911054899281, "target_rescale": 3.741958976823736},
{"mapping": [9, 3, 8, 1, 6, 0, 2, 11, 13, 5, 14], "R": [[0.5533581330343955, -0.764627117252143, 0.33036366048245364], [-0.8006511287511289, -0.3789131127002098, 0.46409333442033146], [-0.2296792255173111, -0.521315858752173, -0.8218742171276897]], "T": [0.16910558599765074, 0.047420865044762874, 0.15869969136256115], "aligned_model": [[-0.21832146807808822, 0.2924258280078027, 0.4478435455530261, -0.5545126810999468, 0.21670898988645704, -0.25028674017212543, -0.2954007497419248, -0.08035933485786717, -0.24379003940564709, 0.8511200592215082, 0.06124578653246984], [-0.5862774414416995, -0.19488487480968594, -0.5622018167445786, 0.006761197764666653, 0.31140174795544956, 0.10924394958869382, 0.6446719697334874, -0.2680471212791803, 0.4418054429752178, 0.30293889100824906, -0.07733880098602025], [-0.09206721641072221, -0.5846249231968649, 0.03294473505522019, 0.0461410229503188, -0.26224089333956635, -0.6809098405457341, -0.11998386627431398, 0.5862254400893756, 0.6168181580991249, 0.38245854885033825, 0.14581357956520585]], "inverted": true, "swapped": false, "error_lsq": 0.043923295469031336, "error_max": 0.2692039793084482, "target": "272.xyz", "model": "7.xyz", "model_rescale": 3.964800864290218, "target_rescale": 3.741958976823736},
{"mapping": [1, 0, 2, 5, 6, 3, 10, 7, 9, 4, 13], "R": [[0.2331201268297347, 0.8630797085946921, -0.4480495765861072], [-0.5201284312854358, 0.49996445307291537, 0.6924608007909562], [0.8216577276673298, 0.07161677370282837, 0.5654640716163652]], "T": [0.05824222527047118, 0.04096719995495696, 0.0705683973014558], "aligned_model": [[-0.215130742086035, 0.23249394391760808, 0.5420346364363828, -0.7501121699823351, 0.4039145232392658, -0.07791293619734546, -0.47756602061581666, 0.03598362058300675, -0.19420976043344118, 0.7366524416195858, -0.009474340635210327], [-0.6576163006784623, -0.34310534190143344, -0.41129196365054793, 0.12453383432144938, 0.3742162039963809, 0.1560515108737265, 0.6630266417510615, -0.4646510521379142, 0.43508537950741605, 0.19471229408925106, 0.05711193759367231], [0.05137974091673088, -0.5084687290239928, 0.07447730855839683, -0.12602893804291615, -0.2549490168270519, -0.6324110256466356, 0.037620142115334196, 0.5712757995131962, 0.5753411999057775, 0.17647127448912617, 0.1058669888844174]], "inverted": false, "swapped": false, "error_lsq": 0.0562706128514546, "error_max": 0.261694760583932, "target": "272.xyz", "model": "8.xyz", "model_rescale": 4.121658175737393, "target_rescale": 3.741958976823736},
{"mapping": [8, 7, 11, 1, 5, 9, 4, 2, 0, 10, 12], "R": [[0.010753314984477035, -0.7892997018194362, -0.6139139572648549], [0.9988935186701263, 0.03658939468761772, -0.02954580435878984], [0.04578323465700923, -0.6129169575922526, 0.7888198137218652]], "T": [0.04655132126783787, -0.07559258834580829, 0.0063162536720520945], "aligned_model": [[-0.12810475273542657, 0.37691158562553984, 0.5360092710697153, -0.5531061133793614, 0.33919894533656214, -0.23053351308945344, -0.45304500943630643, -0.25721149574834556, -0.06484798790994906, 0.6920316101893798, -0.030629344076688853], [-0.7762795517390442, -0.2760918615781984, -0.47739121509772653, 0.12008818024554102, 0.4421897364790016, 0.15400933382858195, 0.6434449953695346, -0.36094828873943385, 0.5158317972898931, 0.19060951413273075, -0.047389496426280084], [-0.0890062141507649, -0.546741652410121, 0.05127015750163732, 0.28389815796224427, -0.1609462301721207, -0.7444811683653206, -0.14036836471202183, 0.5618760849325041, 0.5129044820315581, 0.30459878390996814, 0.037570708314820046]], "inverted": true, "swapped": false, "error_lsq": 0.04498196915209145, "error_max": 0.3165086676878277, "target": "272.xyz", "model": "9.xyz", "model_rescale": 3.833441315466971, "target_rescale": 3.741958976823736},
{"mapping": [6, 1, 12, 3, 0, 5, 2, 7, 8, 10, 14], "R": [[-0.8154431327595403, 0.5756672794294524, -0.06049529427649589], [0.23578471695875763, 0.2348971630545174, -0.9429893371812952], [-0.5286379332624416, -0.783218045108278, -0.32727882506019557]], "T": [0.019297814859040276, -0.02910093836195165, 0.034462564140378855], "aligned_model": [[-0.07611535203885661, 0.3620096975140304, 0.4482184337306148, -0.8374629749610093, 0.4890874005413679, -0.19250412403311284, -0.42752700697190804, -0.2907575096687571, 0.11919502445268262, 0.6922450553557051, -0.05971544807509159], [-0.652073263895802, -0.28735222356525914, -0.4518005581989757, -0.020632458647167617, 0.23329679671417514, 0.21137117437694938, 0.5279350027607984, -0.2448080647965842, 0.47930003479625777, 0.3307299645293447, 0.002106739690863134], [-0.21858165580225464, -0.566756008503329, 0.05375482702563331, 0.1766282548884543, -0.3829917872742545, -0.5611449434881135, -0.04744466277439626, 0.5833251226366676, 0.6167926770350578, 0.34010594514547854, 0.07688697595343917]], "inverted": true, "swapped": false, "error_lsq": 0.04721427248701848, "error_max": 0.2664802858672349, "target": "272.xyz", "model": "10.xyz", "model_rescale": 4.2482417240324, "target_rescale": 3.741958976823736},
{"mapping": [8, 0, 10, 3, 6, 1, 2, 7, 5, 4, 11], "R": [[-0.8773926135340634, 0.4792967177604329, 0.02137423823067572], [0.13158295029174139, 0.19755304318654743, 0.9714209809965273], [0.4613763419469911, 0.8551300786849976, -0.23639885706111835]], "T": [0.0093084637805686, -0.0019168031236752505, 0.0068559605735064345], "aligned_model": [[-0.25673569164468685, 0.46928923733398786, 0.3586508751853702, -0.7833301121122029, 0.3039305157441126, -0.2277503867865193, -0.46974632200395844, -0.3179194545206779, 0.242025642498324, 0.811503212897033, 0.09675567925488303], [-0.5460003637422682, -0.17006116730336915, -0.5431240728033662, -0.1695733994261755, 0.5635396402359801, -0.051645386281008836, 0.5507890982524207, -0.10390873564126009, 0.41199655870598, 0.20720894382816046, -0.021147972060493216], [-0.09340078674791093, -0.5710580786136867, -0.00068946017188996, 0.04792882478681701, -0.11120756174738636, -0.6568282438062398, -0.10619263599299514, 0.5908728968698034, 0.5888393056531154, 0.28719430380192656, 0.09511618081082962]], "inverted": false, "swapped": false, "error_lsq": 0.05447931762606233, "error_max": 0.28719495583434596, "target": "272.xyz", "model": "11.xyz", "model_rescale": 3.6694154284099745, "target_rescale": 3.741958976823736},
{"mapping": [8, 11, 9, 1, 6, 4, 0, 2, 12, 7, 13], "R": [[0.18474653142477826, 0.40536460988694584, -0.8952922719300763], [0.4416224512580034, 0.7795783621690565, 0.44410267707218787], [0.8779739914549781, -0.47742759690765235, -0.03499371428697457]], "T": [0.07666519273367267, 0.07194366846002093, 0.060300221478525755], "aligned_model": [[-0.009985136572284947, 0.36542379383451096, 0.6421048547407897, -0.7616879742133461, 0.31344868524180497, -0.3566134539664501, -0.2925034810780832, -0.3324695744003419, -0.09606906793165926, 0.7718901993104171, -0.016865649119691545], [-0.6746654627047393, -0.26396229293832146, -0.4978893482654078, 0.10174889063396186, 0.39536662334392314, 0.05645726141593804, 0.6539939151460326, -0.3074314617065653, 0.34496906680035405, 0.17648672746029542, 0.14299922457912917], [-0.027246206225068854, -0.5303048109199602, 0.07625605329524164, 0.1732121796699761, -0.33868098532636454, -0.5394567586899983, -0.12856445238686645, 0.3994120412748849, 0.6581200165003973, 0.3009207890008698, 0.026906878649271188]], "inverted": true, "swapped": false, "error_lsq": 0.048981534654186316, "error_max": 0.27333995038911424, "target": "272.xyz", "model": "12.xyz", "model_rescale": 3.9764082729961374, "target_rescale": 3.741958976823736},
{"mapping": [1, 11, 8, 5, 14, 13, 6, 0, 4, 3, 15], "R": [[-0.8097993355085966, 0.38889064695193065, 0.43930524800319015], [0.5130960993391706, 0.8325413240487931, 0.20882369739569995], [-0.2845301900550513, 0.39451110055914984, -0.8737296850186819]], "T": [-0.07573586500697113, -0.11944902428772267, 0.011592322994275726], "aligned_model": [[-0.11187483172339505, 0.5275672867903557, 0.5365781718542079, -0.8267660702424274, 0.32691373036019034, -0.16235265207477012, -0.2695755410687287, -0.29852897387797994, -0.19199913067693322, 0.7186628132313556, -0.02195160672620968], [-0.7500727710817251, -0.10714974195297214, -0.4723093685489308, 0.14938046560007126, 0.46064331246710377, 0.10398144291732739, 0.600590125356721, -0.28713546192303113, 0.343806253241444, 0.1274771263777614, -0.041138238689169424], [-0.05421226138370459, -0.5045653403556666, -0.0030341721148559944, 0.2694842422654606, -0.3628061595935357, -0.5514857397194866, -0.15462623392044159, 0.6819298669040824, 0.5480073886629784, 0.13966130223725096, 0.062221851860300915]], "inverted": false, "swapped": false, "error_lsq": 0.05087940468524948, "error_max": 0.3112078522023549, "target": "272.xyz", "model": "13.xyz", "model_rescale": 4.170626492500431, "target_rescale": 3.741958976823736},
{"mapping": [3, 9, 1, 6, 10, 11, 5, 2, 4, 7, 13], "R": [[-0.7538499972662959, 0.6146167124967734, -0.23228533819693473], [-0.5191008785969977, -0.7738477444253121, -0.36289660550586833], [-0.402795803679024, -0.15299008192531727, 0.9024131954770241]], "T": [0.09000732473115503, 0.04999608056980473, 0.13674941892279627], "aligned_model": [[-0.21243041232903181, 0.4006111668323491, 0.5676782405809098, -0.7401496494906612, 0.4286048285751395, -0.2261431202483204, -0.581885274929247, -0.2059719861122521, -0.11227199593539808, 0.894637550560004, 0.013993848342173057], [-0.5304883792399415, -0.1756466806715689, -0.5351690522254363, -0.008968741797804804, 0.3446677985263622, 0.06193631424965407, 0.5724236229017169, -0.24752736667544864, 0.48618168250015437, 0.09008928775474626, 0.07057465844216643], [-0.08014412996970507, -0.5766347945521189, -0.005471301815534763, 0.014881396438954309, -0.2050818464728418, -0.495362895535715, -0.18395235202780444, 0.6435119008887632, 0.6581785394102857, 0.22836021145865776, 0.0722900170194414]], "inverted": true, "swapped": false, "error_lsq": 0.042844173933500436, "error_max": 0.2557152307304189, "target": "272.xyz", "model": "14.xyz", "model_rescale": 3.9786697098870705, "target_rescale": 3.741958976823736},
{"mapping": [5, 10, 7, 2, 1, 4, 0, 8, 9, 6, 11], "R": [[-0.7390434074148287, -0.023221656083389053, 0.6732574519791256], [-0.42300700565954374, -0.7618140566736236, -0.49061636358505634], [0.5242899151420201, -0.6473794078770364, 0.553190733054298]], "T": [0.022222135693256508, 0.041397219891559575, 0.06192813019790738], "aligned_model": [[-0.3000956683370482, 0.44013792474401753, 0.4786218154716867, -0.8437464705067792, 0.38332412557451606, -0.2675680203914592, -0.33503271228445597, -0.2509094768068391, 0.09879457192177889, 0.7309485921563996, 0.09219851430384793], [-0.6863167700921741, -0.20266500227859863, -0.43159461281353034, -0.009927277949889471, 0.44680048063635813, -0.06656577471939852, 0.6344649749514808, -0.2779484832996542, 0.3183271761560727, 0.3095297108739968, 0.09396872229993689], [-0.04391689669038945, -0.6149034688489539, 0.1315992424548761, 0.02571231508456645, -0.3454115813127943, -0.46654172449787185, -0.004744184771278803, 0.3711943102570944, 0.6140700769675658, 0.2925088492371754, 0.11100780696239264]], "inverted": false, "swapped": false, "error_lsq": 0.047191785205042185, "error_max": 0.24953878261015944, "target": "272.xyz", "model": "15.xyz", "model_rescale": 3.769337070930944, "target_rescale": 3.741958976823736},
{"mapping": [8, 3, 9, 6, 0, 2, 4, 7, 5, 1, 10], "R": [[-0.8619558602322317, -0.5066504532034455, 0.018368812701340997], [0.11903062259780472, -0.23745780093833413, -0.9640775402723112], [0.49281214057213785, -0.8288058343437708, 0.2649850619609218]], "T": [0.04242500931742256, 0.0029299189410991345, 0.060955070316018954], "aligned_model": [[-0.32829511243953907, 0.41204986007671596, 0.43496615385617166, -0.6858103204701997, 0.2676759148761404, -0.18571788404851924, -0.42627378542320743, 0.08315636753943484, -0.09896247400928117, 0.7170710713896847, 0.036813404498264535], [-0.6158222922722258, -0.21433439987050737, -0.6895347551754598, 0.011802012958580353, 0.5337493342782518, -0.006011290874404924, 0.6103604235534297, -0.18959247161502193, 0.4460071412620686, 0.2267672078809739, 0.014682233638915973], [-0.14203755070690477, -0.4827517663056968, -0.10392005775715199, 0.027765917022986537, -0.2305288785867524, -0.6421784399074294, -0.07826470705980565, 0.7482778384353099, 0.5444248999199366, 0.4295714093608946, 0.0002160804269963068]], "inverted": false, "swapped": false, "error_lsq": 0.04499352714635345, "error_max": 0.29020573001325994, "target": "272.xyz", "model": "16.xyz", "model_rescale": 3.7852294659196426, "target_rescale": 3.741958976823736},
{"mapping": [4, 6, 10, 1, 11, 7, 2, 0, 8, 9, 12], "R": [[0.43843635103434714, 0.8680290238131063, -0.233021844275924], [0.8304723157004654, -0.2921381606308173, 0.4743111088287407], [0.34364123580675454, -0.401473422434548, -0.8489580626461461]], "T": [-0.1130028312991011, 0.01552391120833474, 0.06221696597217732], "aligned_model": [[-0.26266803515367154, 0.30460371572954353, 0.5362071256792524, -0.7782271110817807, 0.3272690645135535, -0.17667492341414479, -0.42434972650990355, -0.055469108382368223, 0.14025973000887387, 0.6368492305681273, -0.02112676611181634], [-0.668147688377309, -0.23970729718610506, -0.44193286745052607, -0.0625090377611232, 0.5273168378858493, 0.19555176989773262, 0.5185188563495065, -0.2707570668703062, 0.47289466113165646, 0.08388541390653789, 0.012959562238686915], [0.17167086386883304, -0.6779553369697198, -0.07385214403579834, -0.0979132020468905, -0.22441996883153745, -0.6122923667711325, -0.09317356474090158, 0.679047759672037, 0.45064454404403875, 0.48684665849750186, 0.06197150215595226]], "inverted": false, "swapped": false, "error_lsq": 0.05252082694055287, "error_max": 0.2593179212050847, "target": "272.xyz", "model": "17.xyz", "model_rescale": 3.901054581598922, "target_rescale": 3.741958976823736},
{"mapping": [8, 1, 4, 2, 7, 0, 3, 5, 13, 11, 14], "R": [[0.6208990648625462, -0.5388028779534866, 0.569364391195881], [0.7293507669712225, 0.6632676767628741, -0.16770047012477124], [-0.2872835010426208, 0.5193914204822987, 0.8047985725372994]], "T": [0.15071183772071037, -0.01295858176465858, 0.09071157096191274], "aligned_model": [[-0.17883202189957412, 0.29301895724969745, 0.44977842587629324, -0.6759589106818029, 0.38463697170567, -0.22550734991414526, -0.30097239288227207, -0.19788955976383657, -0.30185716213770686, 0.8128842122373685, 0.16737202605597415], [-0.5834479775752085, -0.1873281537666359, -0.7316764791616703, -0.031008747218910445, 0.4149709527001267, 0.17391085545487167, 0.5797058690769258, -0.22812068094500426, 0.3456394203782556, 0.3464678260597494, 0.028960258762100097], [0.010956032005970284, -0.5688560794933276, -0.049208869717802195, 0.08544210696536803, -0.35854600440005613, -0.5409872930453852, -0.0770266001441598, 0.5621650508978958, 0.5312691398752629, 0.35352594026482764, 0.12184132163378938]], "inverted": false, "swapped": false, "error_lsq": 0.05018243885319899, "error_max": 0.28390875959553186, "target": "272.xyz", "model": "18.xyz", "model_rescale": 3.9405287249114394, "target_rescale": 3.741958976823736},
{"mapping": [5, 9, 8, 10, 13, 11, 14, 1, 12, 4, 15], "R": [[0.8618449645396307, -0.4565985971865702, 0.22077359023429288], [0.2690743763464873, 0.042658338384002015, -0.9621742285885988], [0.42990956850415907, 0.8886495300249546, 0.15962385691053704]], "T": [0.07235888084437447, 0.01751452524824198, 0.13071160918824343], "aligned_model": [[-0.06549413973637735, 0.2997688250839579, 0.45858834168694956, -0.6966292639579448, 0.1761542978025946, -0.26821159775822934, -0.38478738805571755, -0.14789235580353804, 0.09693801346072321, 0.7203897005305625, 0.03784876259268489], [-0.701528828579144, -0.19093405817416784, -0.6320949370690171, 0.02719288460565194, 0.4965204173581142, 0.0621036314689958, 0.6146711546530759, -0.18721029058758365, 0.45801180576474027, 0.18322395841068917, -0.0018825940867546326], [-0.26328819130954273, -0.5720285649064752, 0.09744743054074745, -0.03197704886806499, -0.3287551601373105, -0.5027209149298698, -0.05411320209197479, 0.7181608125373425, 0.45551474080305754, 0.4261121324002145, 0.12622271080425848]], "inverted": true, "swapped": false, "error_lsq": 0.04618259854385165, "error_max": 0.23697355056924094, "target": "272.xyz", "model": "19.xyz", "model_rescale": 4.410303926677745, "target_rescale": 3.741958976823736},
{"mapping": [1, 0, 2, 5, 6, 3, 10, 7, 9, 4, 13], "R": [[0.2331201268297347, 0.8630797085946921, -0.4480495765861072], [-0.5201284312854358, 0.49996445307291537, 0.6924608007909562], [0.8216577276673298, 0.07161677370282837, 0.5654640716163652]], "T": [0.05824222527047118, 0.04096719995495696, 0.0705683973014558], "aligned_model": [[-0.215130742086035, 0.23249394391760808, 0.5420346364363828, -0.7501121699823351, 0.4039145232392658, -0.07791293619734546, -0.47756602061581666, 0.03598362058300675, -0.19420976043344118, 0.7366524416195858, -0.009474340635210327], [-0.6576163006784623, -0.34310534190143344, -0.41129196365054793, 0.12453383432144938, 0.3742162039963809, 0.1560515108737265, 0.6630266417510615, -0.4646510521379142, 0.43508537950741605, 0.19471229408925106, 0.05711193759367231], [0.05137974091673088, -0.5084687290239928, 0.07447730855839683, -0.12602893804291615, -0.2549490168270519, -0.6324110256466356, 0.037620142115334196, 0.5712757995131962, 0.5753411999057775, 0.17647127448912617, 0.1058669888844174]], "inverted": false, "swapped": false, "error_lsq": 0.0562706128514546, "error_max": 0.261694760583932, "target": "272.xyz", "model": "20.xyz", "model_rescale": 4.121658175737393, "target_rescale": 3.741958976823736},
{"mapping": [6, 2, 1, 9, 3, 4, 11, 8, 7, 0, 12], "R": [[-0.17541153880036472, 0.3095492956491883, -0.9345640832060581], [-0.783467322568792, 0.5309478046922677, 0.3229138943423624], [0.5961625168715129, 0.7888432431450201, 0.14938738642157884]], "T": [-0.06612056007154377, -0.0785641479193972, 0.03955028962431502], "aligned_model": [[-0.18737274599355944, 0.2887965547039179, 0.5411203125573502, -0.7431157629559623, 0.41211795092225845, -0.08886263326378764, -0.48123490301645344, -0.28623994255025936, -0.06274499517904236, 0.8371225253521367, -0.0029131647309331987], [-0.7035229251597439, -0.2865990615926239, -0.4142383080898587, 0.03582062658177386, 0.40741726636910286, 0.14185095170060277, 0.6612819120460782, -0.4761022852532448, 0.5436819172393115, 0.2289424324715938, -0.010459382548391877], [-0.09216491918428592, -0.5983893239297838, 0.00862704923464154, 0.2659492600602319, -0.09368144276913519, -0.4896298157210594, -0.19470788627560282, 0.5367564737057431, 0.32171424843788254, 0.3165978706446983, 0.08950323063905266]], "inverted": true, "swapped": false, "error_lsq": 0.04637226731354663, "error_max": 0.24396156747014505, "target": "272.xyz", "model": "21.xyz", "model_rescale": 4.08911054899281, "target_rescale": 3.741958976823736},
{"mapping": [4, 14, 13, 1, 9, 15, 11, 0, 8, 10, 16], "R": [[-0.8013230464563617, -0.5216049874006238, 0.29293277784620025], [0.5134399654032488, -0.8509539994150467, -0.1107099489939721], [0.3070191804181079, 0.06168896172195247, 0.9497018978906282]], "T": [0.08104336944652124, -0.009060463124863784, 0.023358229596434552], "aligned_model": [[-0.14105025350741726, 0.31042557481158733, 0.41590808030087906, -0.69596628184258, 0.5604285898119721, -0.30412580021154323, -0.33498894814675245, -0.16795599903096042, -0.2508845913401422, 0.7522310352026835, 0.0826517897979389], [-0.6700899806664707, -0.11950043615862085, -0.5787581321871563, 0.065674728211288, 0.4052601217097321, 0.1587416263665459, 0.6170156106381933, -0.4575541206954111, 0.4546478268803217, 0.3043693827781218, -0.0517334831119438], [0.025924442694217294, -0.5657168099063654, 0.029695209764955047, 0.167125521584486, -0.3023346856473658, -0.5724556569498658, -0.12099858817762205, 0.6038167998631527, 0.41776977695343986, 0.3433648830412684, 0.04438385162208225]], "inverted": true, "swapped": false, "error_lsq": 0.04804897976433313, "error_max": 0.2576954141426403, "target": "272.xyz", "model": "22.xyz", "model_rescale": 4.204369325754507, "target_rescale": 3.741958976823736},
{"mapping": [5, 9, 8, 10, 13, 11, 14, 1, 12, 4, 15], "R": [[0.8618449645396307, -0.4565985971865702, 0.22077359023429288], [0.2690743763464873, 0.042658338384002015, -0.9621742285885988], [0.42990956850415907, 0.8886495300249546, 0.15962385691053704]], "T": [0.07235888084437447, 0.01751452524824198, 0.13071160918824343], "aligned_model": [[-0.06549413973637735, 0.2997688250839579, 0.45858834168694956, -0.6966292639579448, 0.1761542978025946, -0.26821159775822934, -0.38478738805571755, -0.14789235580353804, 0.09693801346072321, 0.7203897005305625, 0.03784876259268489], [-0.701528828579144, -0.19093405817416784, -0.6320949370690171, 0.02719288460565194, 0.4965204173581142, 0.0621036314689958, 0.6146711546530759, -0.18721029058758365, 0.45801180576474027, 0.18322395841068917, -0.0018825940867546326], [-0.26328819130954273, -0.5720285649064752, 0.09744743054074745, -0.03197704886806499, -0.3287551601373105, -0.5027209149298698, -0.05411320209197479, 0.7181608125373425, 0.45551474080305754, 0.4261121324002145, 0.12622271080425848]], "inverted": true, "swapped": false, "error_lsq": 0.04618259854385165, "error_max": 0.23697355056924094, "target": "272.xyz", "model": "23.xyz", "model_rescale": 4.410303926677745, "target_rescale": 3.741958976823736},
{"mapping": [7, 12, 13, 1, 5, 0, 3, 11, 10, 15, 16], "R": [[-0.5336663653517152, 0.3217003633476704, 0.7821183329357946], [-0.3610871821038738, -0.9229628586235553, 0.13325017268926534], [0.764732801318587, -0.21130176956999688, 0.6087161117992643]], "T": [0.14659194337690482, 0.04334484393608571, 0.13456684532943827], "aligned_model": [[-0.22327462065180279, 0.3490499410850897, 0.4121997511413066, -0.7054526457319882, 0.521175777616826, -0.18180789162966957, -0.5002358488817366, -0.09861729364607916, -0.19120049591870011, 0.7973452265817108, 0.04749129588070858], [-0.46743994451996795, -0.19431160070151482, -0.5839507589919287, -0.05800645121503436, 0.34359262395166634, 0.04861120615753297, 0.5907763557152843, -0.28045983569279725, 0.41097939796227545, 0.22129840495734446, 0.09698374614173998], [-0.07573893532768064, -0.606180080597295, -0.039040017527144505, 0.1436927815436195, -0.271807680385163, -0.5455152268374249, -0.16739926486674642, 0.6201020614979519, 0.5523287977811959, 0.36730464920488914, 0.09282766035618119]], "inverted": false, "swapped": false, "error_lsq": 0.04035613621485252, "error_max": 0.21611883255079123, "target": "272.xyz", "model": "24.xyz", "model_rescale": 4.28219845311461, "target_rescale": 3.741958976823736},
{"mapping": [3, 5, 1, 7, 11, 9, 12, 4, 2, 6, 15], "R": [[-0.9559012868072628, 0.27849830534224124, -0.0932278059471465], [0.11685819391728985, 0.6519068812656146, 0.7492406693933058], [0.2694381049417623, 0.705305686975541, -0.6557034356516307]], "T": [0.051861549366941845, 0.10314577888759277, 0.05298438116488021], "aligned_model": [[-0.1706724101903609, 0.4296915473061794, 0.3468718002656007, -0.6953469282937177, 0.16339009745416513, -0.33593694926398765, -0.25566801212908064, -0.22679814152542452, 0.06900858179515637, 0.824567921629286, 0.07756568879784918], [-0.6262300937504724, -0.22804985796208824, -0.46372795489310825, -0.11385422356182784, 0.4271686858804825, 0.0037394924662059736, 0.7321911991643127, -0.35087173290341234, 0.40063582482903504, 0.27158615443083345, 0.0754856500646396], [-0.08315825769978272, -0.6346453329277493, 0.014247826582568533, 0.06466751427273917, -0.37015579649971775, -0.4916296092525307, -0.25384998501331185, 0.5538490821416882, 0.6694141632427612, 0.4851300014285144, 0.11670513856720349]], "inverted": false, "swapped": false, "error_lsq": 0.047384566377739475, "error_max": 0.24514319343826216, "target": "272.xyz", "model": "25.xyz", "model_rescale": 4.100010024507729, "target_rescale": 3.741958976823736},
{"mapping": [8, 0, 10, 3, 6, 1, 2, 7, 5, 4, 11], "R": [[-0.8773926135340634, 0.4792967177604329, 0.02137423823067572], [0.13158295029174139, 0.19755304318654743, 0.9714209809965273], [0.4613763419469911, 0.8551300786849976, -0.23639885706111835]], "T": [0.0093084637805686, -0.0019168031236752505, 0.0068559605735064345], "aligned_model": [[-0.25673569164468685, 0.46928923733398786, 0.3586508751853702, -0.7833301121122029, 0.3039305157441126, -0.2277503867865193, -0.46974632200395844, -0.3179194545206779, 0.242025642498324, 0.811503212897033, 0.09675567925488303], [-0.5460003637422682, -0.17006116730336915, -0.5431240728033662, -0.1695733994261755, 0.5635396402359801, -0.051645386281008836, 0.5507890982524207, -0.10390873564126009, 0.41199655870598, 0.20720894382816046, -0.021147972060493216], [-0.09340078674791093, -0.5710580786136867, -0.00068946017188996, 0.04792882478681701, -0.11120756174738636, -0.6568282438062398, -0.10619263599299514, 0.5908728968698034, 0.5888393056531154, 0.28719430380192656, 0.09511618081082962]], "inverted": false, "swapped": false, "error_lsq": 0.05447931762606233, "error_max": 0.28719495583434596, "target": "272.xyz", "model": "26.xyz", "model_rescale": 3.6694154284099745, "target_rescale": 3.741958976823736},
{"mapping": [2, 4, 0, 12, 8, 10, 9, 6, 7, 5, 13], "R": [[-0.6346480802713859, 0.39258285046736235, -0.6656579600115702], [0.5422993270850838, 0.8399053944322101, -0.02168797470348066], [0.5505753845305017, -0.37475009529364256, -0.745941761819578]], "T": [-0.005385668333868804, 0.05864955847661049, 0.04721414551039382], "aligned_model": [[-0.1995199883040718, 0.4509131027026254, 0.4224338395389071, -0.7598921411873881, 0.3020023717055199, -0.1181528860307095, -0.4427607913056618, -0.26068849962083096, 0.13050854069925552, 0.72150884627716, -0.019679198629140502], [-0.5739837674672852, -0.22207198747428522, -0.44239635809383415, -0.10240012245323724, 0.48615851316365943, 0.0943696852888888, 0.5621733240337635, -0.3291882459802349, 0.5382067010161937, 0.11234206593778327, 0.004863335793187887], [-0.10840264959268742, -0.57609750629667, 0.10066319886702696, 0.23299841839694668, -0.3148713125422311, -0.5426149373992782, -0.09431449044327789, 0.5527759454669829, 0.43151381466062216, 0.35498025636745156, 0.03394400735749674]], "inverted": false, "swapped": false, "error_lsq": 0.04093653045354609, "error_max": 0.2090848766351886, "target": "272.xyz", "model": "27.xyz", "model_rescale": 4.103607728864725, "target_rescale": 3.741958976823736},
{"mapping": [11, 9, 10, 8, 0, 5, 1, 13, 2, 3, 14], "R": [[-0.6630033384790086, -0.684111656235123, -0.30400298513160395], [0.04150406929521128, 0.3718715040346807, -0.9273559169590296], [0.7474650395822051, -0.6274574298629519, -0.21815863107415906]], "T": [0.041522078024501925, -0.149059693759455, 0.053645892076384614], "aligned_model": [[-0.34376623751558943, 0.5149794373219594, 0.43965333223462993, -0.7648564312132987, 0.2743759103611828, -0.10812874469277092, -0.2968367312216062, -0.24376512816407842, 0.09595599551227454, 0.6351175052879451, 0.023944287935016892], [-0.7173999507459206, -0.1646335313837446, -0.4641625048572769, -0.07366699150222622, 0.4795883037575342, 0.06172838319930779, 0.6631570456398974, -0.35521822649859747, 0.4264503071101918, 0.26696488437438115, 0.005265424671053426], [0.0290796620822504, -0.6139763892786655, 0.00918243331446332, 0.18151151330584242, -0.19185874935763658, -0.6306884036109927, -0.11570025201880593, 0.5976885395937087, 0.508778722970877, 0.2488352147538888, 0.047722453087452626]], "inverted": false, "swapped": false, "error_lsq": 0.041570709100000686, "error_max": 0.2401630178896787, "target": "272.xyz", "model": "28.xyz", "model_rescale": 4.137296879288765, "target_rescale": 3.741958976823736},
{"mapping": [1, 2, 5, 7, 4, 3, 8, 0, 9, 6, 10], "R": [[0.647808790888538, 0.5480047615814998, -0.52918290952329], [-0.3616404052183428, 0.8326035224317122, 0.41950875050208225], [0.6704923472799996, -0.08038753459529108, 0.7375485451959399]], "T": [0.0022501585257329523, 0.03245026407162279, 0.005352847597898317], "aligned_model": [[-0.21538332102278984, 0.14807201947876278, 0.4890258622681473, -0.698123455099496, 0.5759802311156964, -0.10890539230944823, -0.4474456474227715, -0.026296317097117224, -0.1487592066167019, 0.6162567037059826, 0.042251718845401305], [-0.6878622204225655, -0.4350312444158717, -0.43091606521544745, -0.10329942302378722, 0.49879664131378376, 0.2770131336687707, 0.5738309678120193, -0.33033089147406763, 0.5064878137340368, 0.15634239895947624, 0.10304203282825258], [0.03263945880660437, -0.6048242579678564, -0.033879875488652254, 0.07649389394181542, -0.2248314764062488, -0.622104060321318, -0.14641834105681753, 0.6037634710644524, 0.6080789789363439, 0.3571973080427519, 0.02445964529130768]], "inverted": false, "swapped": false, "error_lsq": 0.05996809003306562, "error_max": 0.33811364622078083, "target": "272.xyz", "model": "29.xyz", "model_rescale": 3.607286011436655, "target_rescale": 3.741958976823736},
{"mapping": [9, 3, 8, 1, 6, 0, 2, 11, 13, 5, 14], "R": [[0.5533581330343955, -0.764627117252143, 0.33036366048245364], [-0.8006511287511289, -0.3789131127002098, 0.46409333442033146], [-0.2296792255173111, -0.521315858752173, -0.8218742171276897]], "T": [0.16910558599765074, 0.047420865044762874, 0.15869969136256115], "aligned_model": [[-0.21832146807808822, 0.2924258280078027, 0.4478435455530261, -0.5545126810999468, 0.21670898988645704, -0.25028674017212543, -0.2954007497419248, -0.08035933485786717, -0.24379003940564709, 0.8511200592215082, 0.06124578653246984], [-0.5862774414416995, -0.19488487480968594, -0.5622018167445786, 0.006761197764666653, 0.31140174795544956, 0.10924394958869382, 0.6446719697334874, -0.2680471212791803, 0.4418054429752178, 0.30293889100824906, -0.07733880098602025], [-0.09206721641072221, -0.5846249231968649, 0.03294473505522019, 0.0461410229503188, -0.26224089333956635, -0.6809098405457341, -0.11998386627431398, 0.5862254400893756, 0.6168181580991249, 0.38245854885033825, 0.14581357956520585]], "inverted": true, "swapped": false, "error_lsq": 0.043923295469031336, "error_max": 0.2692039793084482, "target": "272.xyz", "model": "30.xyz", "model_rescale": 3.964800864290218, "target_rescale": 3.741958976823736},
