[{"mapping": [5, 12, 11, 3, 4, 7, 9, 6, 8, 0, 1, 14], "R": [[0.45629271041178415, 0.140032061668646, -0.8787422740086516], [0.09059037074542028, 0.9750983939053124, 0.2024265470028261], [0.885206386755809, -0.1719713461833354, 0.43224473269042446]], "T": [0.02382827256034136, -0.07921842292688028, -0.05583693260313857], "aligned_model": [[-0.44875283410943423, 0.15257310866732424, 0.39703651067188894, 0.007145360746109906, -0.004588496247255026, -0.5620369052478127, 0.32338576026643373, -0.26169010619531086, 0.6534789382846922, 0.13224670099122296, -0.48879605339147036, -0.06235952197583978], [-0.28065738053471234, -0.6715424950569021, -0.24546605228834575, 0.6019702579711472, 0.25854509297692785, -0.5341551791700883, -0.19180473712352264, -0.6201057927329734, 0.25838855322247045, 0.4943148758128797, 0.0017762379913507653, -0.017708345091174513], [-0.512187161968528, 0.061020742422859445, -0.6218408612187937, -0.1015816474869877, -0.6557132877552078, 0.02240141807042223, 0.52183763814211, 0.5393581148401524, 0.0777137964424679, 0.4604397530145071, 0.44781977695398945, -0.057316536103429336]], "inverted": true, "swapped": true, "error_lsq": 0.04107175489529896, "error_max": 0.20798646798387013, "target": "273.xyz", "model": "0.xyz", "model_rescale": 3.751011558992144, "target_rescale": 4.072598303133907},
{"mapping": [5, 8, 2, 13, 3, 0, 4, 1, 9, 10, 11, 12, 6, 7, 14], "R": [[-0.3790404957426146, -0.2504913344712689, 0.8908324163062298], [-0.43151805160680534, 0.8994381931782434, 0.06930445721397213], [-0.8186088649194188, -0.35814107277308993, -0.4490150312275536]], "T": [-0.02438222025516308, 0.05414630070725611, -0.06677132371328279], "aligned_model": [[-0.337939316155519, -0.17254993063552532, 0.30491105507862865, 0.06551263817642458, 0.6269269269860986, 0.6787905713536153, -0.47417732619335456, 0.27337915980897787, -0.4299210650013698, -0.8176039429510974, -0.26384353579197656, 0.2744738246550346, -0.036315487096347396, 0.44634206444015695, -0.028002435125171768], [-0.44128250658996104, 0.024902673395787556, -0.5270576547589597, -0.6504742415939563, -0.31958293082735306, 0.1440217849484554, 0.5521331587881486, 0.6294191589153659, -0.3387154423253261, 0.21618779981283603, 0.259195233254962, -0.13664513126774236, 0.7190537353995137, 0.3959484664234556, 0.034561307481836015], [-0.28198817134889875, -0.7129983674078202, -0.5541171998202596, 0.08465854155539079, 0.07297396504160103, -0.3369100676450125, -0.48542084510627315, -0.32384105858537215, 0.27291605844508837, 0.06359584753688793, 0.6662663305372344, 0.5861136569554215, 0.28177056143626245, 0.25145336280088304, -0.0157112167018134]], "inverted": true, "swapped": false, "error_lsq": 0.045503414826733604, "error_max": 0.23252294249424715, "target": "273.xyz", "model": "1.xyz", "model_rescale": 3.9405287249114394, "target_rescale": 4.072598303133907},
{"mapping": [8, 0, 3, 12, 1, 4, 10, 9, 7, 5, 13, 11, 14], "R": [[-0.7593245408787481, 0.5706780851151041, -0.31265438552599323], [-0.6503445266998116, -0.6494079807213822, 0.3941081972846734], [0.02186865818646333, 0.5025890943352582, 0.8642487859663955]], "T": [-0.041777892504880176, -0.03981447217920098, -0.0392864511006816], "aligned_model": [[-0.06928405503139765, 0.1813919471763171, -0.37215043615440324, 0.31435322297938506, 0.3840750030418558, -0.7280424395825551, 0.05032117021241775, 0.5266028439650253, 0.22692646622072554, -0.3656215510070732, -0.09731075137076095, -0.486761430091234, -0.06851671107437103], [0.6683121384709222, 0.5425908511018546, 0.3516488816531058, -0.27372255753126384, -0.21858125225899844, -0.029993750850053624, 0.27143035565839435, 0.280756282627753, -0.7254583501379187, -0.6440583172258662, -0.6643523579919893, -0.033895245027058374, -0.06584408491686446], [0.12218906633980622, -0.5064436822013383, -0.4909493148374595, 0.40740851378279686, -0.5957985043673507, -0.10001430099302241, 0.6441905090807359, 0.06218278484453395, -0.15768044792899746, -0.08598493540520724, 0.4538888335637147, 0.4985218088749752, -0.13838998116454337]], "inverted": false, "swapped": true, "error_lsq": 0.050286134044520425, "error_max": 0.30637209685791544, "target": "273.xyz", "model": "2.xyz", "model_rescale": 3.932901565614263, "target_rescale": 4.072598303133907},
{"mapping": [7, 12, 6, 5, 1, 0, 9, 2, 4, 3, 10, 11, 8, 14], "R": [[0.42094533632594666, -0.42044477598001484, -0.8037606697124158], [-0.9069294015618995, -0.17861462115276983, -0.38154407044668887], [0.01685480370728143, 0.8895633802386247, -0.4565007208432658]], "T": [0.0573874869171002, -0.05494694134679895, 0.03153987955145306], "aligned_model": [[-0.1836321434228549, 0.49348602859836826, 0.16485918723237303, -0.276162148088716, -0.3671444377838643, -0.1078339042849598, 0.4253745408979607, -0.7708457460252857, -0.20550966942347687, -0.32520345485033236, 0.7975068014889742, 0.40437221050638156, 0.41853366664283304, -0.0479910194346969], [0.0841619492946778, 0.01979803582268233, -0.4026722558505415, 0.4887956672007407, -0.5008153221180731, -0.7412460304179347, -0.5897088637163559, 0.06872858084599334, 0.39742951424651, -0.23757308717249953, 0.007438845521852533, 0.49221694823084056, -0.3579049381600745, -0.06515240537732934], [-0.6604752594452891, -0.3989366073706462, -0.7403888575795392, -0.22391012436831076, -0.34791755900367477, 0.36158846495738944, -0.08984171195640968, 0.18118201304355613, 0.479852242205631, 0.5669469953132443, 0.17585810120876422, 0.291340553162834, 0.5847704982420998, 0.03382761464744782]], "inverted": true, "swapped": true, "error_lsq": 0.03797356875460935, "error_max": 0.2138364566993709, "target": "273.xyz", "model": "3.xyz", "model_rescale": 3.9243930471874484, "target_rescale": 4.072598303133907},
{"mapping": [5, 7, 2, 4, 3, 13, 11, 1, 0, 9, 8, 10, 14], "R": [[-0.1348890471891961, 0.9212182106573277, 0.3649136244396788], [0.9320161746504916, -0.007063354588906057, 0.36234784284140026], [0.3363789457416376, 0.3889821556000525, -0.8576375035447559]], "T": [-0.039322737806143315, -0.0321254233894971, -0.08504263187486368], "aligned_model": [[-0.05821960865592153, -0.3370757223179246, 0.6463424088050485, 0.36414370871713553, 0.6242867293050829, -0.622216417884444, -0.22543511741524502, 0.1077427398388694, 0.42177163252024286, -0.2926257585888218, 0.10928016032811852, -0.5025129480412129, 0.041724079700424466], [-0.5610849641776547, -0.08590167606982997, -0.26313263202606346, -0.5737648785035735, 0.02393409975196087, -0.5271853012069774, -0.5740035240205833, 0.4208493796301213, 0.573325247384571, 0.5503767706440518, 0.21674219802171557, -0.03890199949715713, -0.03342316624899415], [-0.5232330018585863, -0.7667888992847993, -0.5324324700881599, 0.05128371953711587, 0.06618144853400541, -0.31198757174630287, 0.31372223202825483, -0.629284755245615, 0.08246284090623442, 0.09564231459093912, 0.581482922098623, 0.513209190075174, -0.15318765417591923]], "inverted": true, "swapped": true, "error_lsq": 0.04741907322302329, "error_max": 0.30866048868924034, "target": "273.xyz", "model": "4.xyz", "model_rescale": 3.8936222436046832, "target_rescale": 4.072598303133907},
{"mapping": [6, 1, 9, 12, 8, 3, 2, 4, 13, 7, 11, 14], "R": [[0.5766011867143028, 0.7852258160015513, 0.22572436590752787], [0.06687458476979974, -0.3207072870069767, 0.9448145987295558], [0.8142842632591671, -0.5296859956099675, -0.23743185267177822]], "T": [-0.1256026339389995, 0.043378348716012344, -0.03546918910569176], "aligned_model": [[0.10989487471498588, -0.34419386195860796, -0.35391356091572096, 0.30816916183127907, -0.5903230684359404, -0.6893276950434808, -0.34616640119384473, -0.12862333221699068, 0.6719114984894885, 0.3326301889831232, 0.22045598522185894, -0.16296574726105295], [-0.5713383858214502, -0.643541261472569, -0.018570095485374367, 0.02267689807003037, 0.5443585076089976, 0.1318141147828555, -0.29852736071053443, 0.3719369338145532, 0.06123760222299063, -0.5448703323844235, 0.6352937227494452, -0.021547438264714003], [-0.5786094063805644, -0.09354878886299657, -0.6520361255813157, -0.4742085588877604, -0.28311414983974975, 0.3397402034112341, 0.7115989480088586, 0.570157328176747, -0.03783271912307546, -0.01778112969230755, 0.09553742354546248, 0.039381694500985664]], "inverted": false, "swapped": true, "error_lsq": 0.04787242780932349, "error_max": 0.30599574586845973, "target": "273.xyz", "model": "5.xyz", "model_rescale": 3.6523030999806103, "target_rescale": 4.072598303133907},
{"mapping": [10, 11, 4, 8, 3, 12, 5, 9, 7, 1, 2, 0, 14], "R": [[-0.5155396100088439, -0.8149952670209635, 0.2645782025136577], [0.752375572510273, -0.57831941089751, -0.31540078767973334], [0.4100608593876871, 0.03646057751306028, 0.9113290941727067]], "T": [0.026640370989478725, -0.0732801732721951, 0.04669016278550715], "aligned_model": [[0.18240024445243574, -0.0014253193015660512, 0.15513202056384862, 0.6859461654883617, 0.5443718112614606, -0.3415217930512325, -0.49914780066163694, 0.22883795157820006, -0.6568786136553016, -0.10616476893704688, 0.019093948581022514, 0.6457859714774559, 0.024653086868293473], [-0.5950159207691317, -0.011559278547199403, 0.5084656652930086, -0.30805590602086075, 0.34569647477305393, -0.5477218299340043, 0.35604408190994813, -0.661321662806543, -0.061027324602965505, -0.06827284879239873, 0.7106498809782085, -0.13562278514631276, 0.008568357828380405], [0.5720728870071043, 0.7414462053312498, 0.3928187836729215, 0.242829024495683, -0.10431196175805028, 0.18966040743188645, 0.153430831367254, -0.1756645566633302, -0.25160225011674736, -0.6641907254421705, -0.28354522691056544, -0.4223607306580189, -0.02047294827542752]], "inverted": false, "swapped": true, "error_lsq": 0.03788710711902559, "error_max": 0.17854373424045775, "target": "273.xyz", "model": "6.xyz", "model_rescale": 4.08911054899281, "target_rescale": 4.072598303133907},
{"mapping": [4, 5, 7, 6, 2, 13, 10, 12, 3, 8, 9, 1, 11, 11, 14], "R": [[0.9801506299485465, -0.07091381594573737, 0.18513771447082816], [-0.17487056263341588, 0.13074061691306946, 0.9758725210873923], [-0.09340786335068582, -0.988877202587462, 0.11574475913429307]], "T": [0.003872241981432237, -0.0035324491381963016, -0.03740366848614993], "aligned_model": [[-0.5839354220888449, -0.19688188963981135, 0.4060461522883515, 0.006696188737442527, 0.6158997823800653, 0.6963749688460693, -0.3399629388544651, 0.2793962779889362, -0.4930264227760871, -0.6319127787721839, -0.25245732225279316, 0.41421219669843684, 0.10146802599441844, 0.10146802599441844, -0.013401642995378896], [-0.27788739938869333, -0.0423454722456939, -0.42239001321055014, -0.5023491845246622, -0.5010073588114283, 0.2143115515571868, 0.5603031501663803, 0.47637825681702045, -0.5043551139049705, 0.18830909780706287, 0.18133598531705467, 0.01606186558342621, 0.5540923137006422, 0.5540923137006422, 0.06711541849364486], [-0.31319525834259665, -0.7713604502230487, -0.5493640687372504, -0.019603211284626866, 0.13016884516231134, -0.131629392137896, -0.3257466654158101, -0.48659643100898753, 0.3213717650149125, 0.11791278761544216, 0.680005645886996, 0.570200843716345, 0.11771161048074133, 0.11771161048074133, 0.11117376648604654]], "inverted": false, "swapped": false, "error_lsq": 0.0445653715750934, "error_max": 0.37262545472028086, "target": "273.xyz", "model": "7.xyz", "model_rescale": 3.964800864290218, "target_rescale": 4.072598303133907},
{"mapping": [3, 2, 4, 0, 11, 1, 8, 5, 7, 12, 9, 10, 13, 14], "R": [[-0.9260125537466002, -0.3728981357130228, -0.058717379756356824], [0.03818218703478499, 0.06222479513227924, -0.9973315373856313], [0.3755567479049483, -0.9257834818425408, -0.043382875084083616]], "T": [-0.008593779599883982, -0.010416543557946252, 0.08501013659642204], "aligned_model": [[-0.278737992605287, 0.21222195718067183, 0.31674924498974494, -0.72113849244566, 0.35188297671464414, -0.222221185208977, -0.5344227414897517, 0.6403120391237298, 0.38720709910265466, 0.11777120786695901, -0.5347752983393474, -0.13443553233432332, 0.6599991199263568, 0.0007754869794582286], [-0.10064509769507027, -0.5480716415221242, 0.16215412935354445, -0.2022080737339168, 0.5802428932184511, -0.6897226023112735, 0.4568701692394313, -0.2230002571479848, -0.5084314521974714, 0.13969672163990232, 0.03976578999629166, 0.6700800116805904, 0.13029123393505662, -0.09607335827422511], [-0.5356909425616674, -0.5361388769897826, -0.4973253561373158, -0.16545474646578479, -0.006973820564236247, 0.2111867027664961, -0.09780468583678459, 0.008228035764857325, 0.47443216146976563, 0.6703106175594331, 0.480905348751054, 0.39092618208128965, 0.49676028740296096, 0.023454131484735907]], "inverted": true, "swapped": true, "error_lsq": 0.04335937913761021, "error_max": 0.2651693821465972, "target": "273.xyz", "model": "8.xyz", "model_rescale": 4.121658175737393, "target_rescale": 4.072598303133907},
{"mapping": [8, 3, 4, 11, 0, 9, 2, 7, 5, 1, 10, 13, 14], "R": [[-0.9591626668482716, -0.24700744220665585, 0.13781981722175257], [-0.026865329430395088, -0.4054878374104198, -0.9137055695281808], [0.28157633529667947, -0.8800948455744679, 0.38229285919847555]], "T": [-0.07123202847350119, 0.019274745937679576, 0.00796319679865698], "aligned_model": [[-0.6458334698411597, -0.23141530233823732, 0.29246288699501244, 0.1799806221936151, -0.6931983886394829, -0.6467442051802538, 0.33072658585859305, 0.354362368607842, 0.6104748247979092, -0.1675844860562124, -0.3645643290137206, 0.49550083887820173, -0.037430449826909684], [0.2379979257288458, -0.3739886388816778, 0.010930739289655649, 0.5875797098608421, -0.4155824069285607, 0.10312025900427713, -0.6573570448400007, -0.17285075494897362, -0.050880908353869, -0.5799010599783357, 0.7164898157024719, 0.46413649092389314, -0.07930668716685832], [-0.37968043157757464, -0.5268957999513257, -0.5771861285116491, -0.3101637945052605, -0.16893711389078817, 0.3208113079831946, -0.3149259221402393, 0.5895849805614489, 0.058163179258015854, 0.40130588868371936, -0.010574420646639271, 0.3504032872440835, -0.010829598547896509]], "inverted": true, "swapped": true, "error_lsq": 0.04002291245917637, "error_max": 0.24230985658702472, "target": "273.xyz", "model": "9.xyz", "model_rescale": 3.833441315466971, "target_rescale": 4.072598303133907},
{"mapping": [13, 8, 9, 2, 3, 7, 10, 11, 5, 0, 1, 6, 12, 12, 14], "R": [[-0.041220551165842334, 0.9076003891288651, -0.4178066536266709], [0.9427587972566063, -0.10316473635943768, -0.3171165201738388], [-0.330917990379582, -0.4069626160042474, -0.8513957439511419]], "T": [0.04125115774422115, 0.047827845477589996, 0.03714280778374095], "aligned_model": [[-0.6149727410464592, 0.0010568212014472403, 0.32107361428598036, -0.07702694319135708, 0.6128024330865481, 0.6535299864711579, -0.3961484926454844, 0.3415655200655183, -0.30825277260064393, -0.619208012572951, -0.33575867353997, 0.32916137435920306, 0.05509400193619322, 0.05509400193619322, 0.09197308380319874], [-0.37551153102517476, 0.05865000870859901, -0.4122497833035048, -0.6162405713070234, -0.6048656776932293, 0.0764572826927713, 0.509261659663998, 0.5202845737752977, -0.42994750668668164, 0.1664440439750392, 0.26478888156332653, 0.20091300008747986, 0.6109866293755306, 0.6109866293755306, -0.018292228144896415], [-0.12360702385804974, -0.7412058663139464, -0.5694362017795764, -0.21119906060716231, -0.0033806942003518706, -0.22402565891798087, -0.48392774836409674, -0.3526430368968337, 0.3642710960817854, 0.15353371594083326, 0.6341356292225707, 0.6328795035241458, 0.25087305153516243, 0.25087305153516243, -0.008379359208342263]], "inverted": false, "swapped": false, "error_lsq": 0.04953062050947112, "error_max": 0.40768179992353437, "target": "273.xyz", "model": "10.xyz", "model_rescale": 4.2482417240324, "target_rescale": 4.072598303133907},
{"mapping": [1, 9, 8, 10, 2, 4, 3, 11, 12, 5, 7, 14], "R": [[-0.04526865264944416, -0.012444053942525624, -0.9988973393741618], [-0.9207187903192711, 0.3884795025329667, 0.03688611208513032], [0.38759212871306103, 0.921373334557287, -0.02904341795422366]], "T": [-0.013279976106216219, 0.004919777911941529, -0.037030027362942246], "aligned_model": [[-0.7060260068117853, -0.003786671888321786, 0.3888323222768101, 0.6612894298639718, -0.5478442584183878, 0.17039454143054517, -0.1548615996813896, 0.608120043499919, 0.17134339972514628, -0.15916424012349037, -0.45178730274913204, -0.09974405476087876], [-0.20256930674816548, -0.6486441740221, -0.25915484326819027, -0.33266915213685944, 0.6255750786101621, 0.6379565957903459, 0.25747931170700666, 0.29608047904992063, -0.32691715793315557, 0.5272092989852798, 0.032641068450410274, 0.05914419156598482], [-0.045100493601725564, 0.05721600267685586, 0.507804371659485, -0.09607379202461955, 0.19250584531755766, 0.16364733985548532, 0.581482093152928, -0.16497756433542018, -0.5237303587445382, -0.4590460525969664, -0.6397484962991083, -0.008786605205576777]], "inverted": true, "swapped": true, "error_lsq": 0.03328902302029614, "error_max": 0.18623946010059342, "target": "273.xyz", "model": "11.xyz", "model_rescale": 3.6694154284099745, "target_rescale": 4.072598303133907},
{"mapping": [3, 0, 9, 8, 8, 2, 4, 5, 10, 13, 7, 11, 1, 14], "R": [[0.10530233871052624, 0.24996663684055734, -0.9625113495064435], [0.7489193149033433, -0.6567094661419376, -0.08861454081740139], [-0.6542409932332283, -0.7115120220672261, -0.2563578850494101]], "T": [0.00980436603544485, 0.10858528038370975, 0.019258252689686763], "aligned_model": [[0.050853557885775114, -0.04483252817258984, 0.07014780605938553, 0.5655326349962063, 0.5655326349962063, -0.4532318080954749, 0.22259224684810042, -0.27398713083052495, 0.6473301670662808, -0.003908297957329054, -0.5895861164625857, 0.5537950089273981, -0.6458581621965365, -0.06611516280850169], [-0.33282847781720604, 0.18626006303689127, 0.6992887629433001, 0.2140456561567951, 0.2140456561567951, -0.5849834133883813, -0.5426142488113921, -0.2639043959196719, 0.4893850152101189, 0.1905517589254826, 0.24295931091046608, -0.08845097337203527, 0.26429538009058035, 0.042937194014511015], [-0.5002201158583978, -0.7541873203341399, -0.26978558690722826, -0.43716088433254097, -0.43716088433254097, -0.1487258522768263, 0.09276905360380447, 0.5221299214275247, 0.1643401271055418, 0.8126350798499059, 0.44234378503056454, 0.4098142737966334, -0.24318208273618616, -0.01451405438369853]], "inverted": true, "swapped": true, "error_lsq": 0.051219069739494624, "error_max": 0.3182746416903306, "target": "273.xyz", "model": "12.xyz", "model_rescale": 3.9764082729961374, "target_rescale": 4.072598303133907},
{"mapping": [14, 12, 5, 6, 4, 0, 10, 1, 14, 11, 3, 7, 8, 2, 15], "R": [[0.056668518156810066, 0.006129969995829321, -0.9983742296943376], [-0.7701583818600366, -0.6360726198284099, -0.04762025992530616], [-0.6353304226153834, 0.7716048507963607, -0.03132424503295744]], "T": [0.05851763727310977, 0.014505086034807636, -0.15653764675794696], "aligned_model": [[-0.5581711534633328, -0.08718494805239121, 0.5951560465135225, -0.11625459533901797, 0.4943883586618727, 0.7707083182129137, -0.4257226685915789, 0.12936054092616173, -0.5581711534633328, -0.6776518366193875, -0.2575396143285652, 0.4779844465311225, -0.18773056304139732, 0.44840284371886896, 0.062409179883115846], [-0.38825967285744634, 0.1523315013701063, -0.5011422338849381, -0.7290095325177712, -0.45454453822556307, 0.0986284321057094, 0.6162948702089304, 0.5904392700794906, -0.38825967285744634, 0.21235819806283515, 0.06728930601582553, 0.10177760704866759, 0.5617793911331614, 0.661061080668219, -0.03907859529271799], [0.1537582184248788, -0.7623331327212834, -0.5424793068857715, -0.17384326450529244, 0.16884349282526956, -0.04333150677165881, -0.37903996314589183, -0.41461452854278535, 0.1537582184248788, 0.06584344623127139, 0.6217714738005897, 0.4659290607291103, 0.21696669788817546, 0.10078391375431844, -0.06325142181248891]], "inverted": false, "swapped": false, "error_lsq": 0.04628828400850519, "error_max": 0.40949220503045736, "target": "273.xyz", "model": "13.xyz", "model_rescale": 4.170626492500431, "target_rescale": 4.072598303133907},
{"mapping": [5, 7, 2, 1, 4, 8, 0, 13, 11, 6, 12, 9, 10, 14], "R": [[-0.6867935492185163, -0.34175888995589176, -0.6414947247545768], [0.26363300213291085, 0.7053400631396096, -0.6580220630925686], [0.6773568195111217, -0.62104448831491, -0.394324083204982]], "T": [-0.03364884077461239, 0.10383007757925654, 0.03146483699499156], "aligned_model": [[0.35364366441939776, 0.022056251726077003, -0.2288077039828643, -0.5962434814970593, 0.2789395037934954, -0.19388883581543526, -0.7396702793763389, 0.6208248162215871, 0.5970307910261275, -0.2992262448516587, 0.2070000445053813, -0.391279996492288, 0.29499368222088657, -0.08218918980566475], [-0.31082638821875, -0.6399241346705621, -0.055104609164875154, -0.34483907289816, 0.3799471540277285, 0.7781210368262462, 0.4330532549915388, -0.32582713701859634, 0.4027740162101358, -0.5392778440843368, -0.15629749793579095, 0.1779743909482423, 0.48535241218520503, 0.07094888672764048], [-0.356131110684622, 0.0241632826719147, -0.7811306801700565, -0.04062662835962608, -0.5169795392451305, 0.2503919360200582, 0.011908656683282018, 0.1844754277237687, 0.04406777548284563, 0.5256488912311251, 0.536935423608641, 0.5816655762947126, 0.5962047201127593, -0.05672063024880575]], "inverted": true, "swapped": true, "error_lsq": 0.0438196391099037, "error_max": 0.24021706268409532, "target": "273.xyz", "model": "14.xyz", "model_rescale": 3.9786697098870705, "target_rescale": 4.072598303133907},
{"mapping": [9, 1, 8, 10, 3, 4, 7, 5, 11, 12, 2, 14], "R": [[0.07180660787882209, -0.1570132246560285, 0.9849825675351074], [0.5515841794677505, -0.8165341792188816, -0.17037261261199052], [0.8310226856264666, 0.5555346806910102, 0.027973461060655014]], "T": [0.03260533937808355, -0.040792865463207165, -0.055629846244282605], "aligned_model": [[-0.003663646745339852, -0.6698925475524229, 0.4840340398781301, 0.6579533622541501, 0.006005418419107372, 0.30021319051969164, -0.484554016768872, -0.12508591564466362, 0.6526262412974883, 0.1135842144663031, -0.40431746186591777, -0.043548281490317906], [-0.5353158805960105, -0.10995796199913309, -0.032087842903385996, -0.4577632991954891, 0.5212046204355572, 0.5640209510145556, -0.2712207922148308, 0.1908913068544424, 0.03643917920705024, -0.6050507951727113, 0.6807236569238256, 0.03279134787056927], [-0.4918062147243024, -0.21287749810615017, -0.6252003681004542, -0.1426461837102843, -0.4427218088558117, 0.13757893280230146, 0.4299377280314364, 0.5717631727255175, 0.2556455991896408, 0.18129665292957028, 0.05469270236451926, -0.05569622067215299]], "inverted": false, "swapped": true, "error_lsq": 0.04321212425658739, "error_max": 0.20923073450545848, "target": "273.xyz", "model": "15.xyz", "model_rescale": 3.769337070930944, "target_rescale": 4.072598303133907},
{"mapping": [8, 0, 11, 4, 10, 9, 12, 1, 5, 2, 14], "R": [[-0.2868823401245163, 0.9572707228565782, -0.036486793313826094], [0.7726031109658406, 0.2537224190391278, 0.5819874285608228], [0.5663770438944246, 0.13877210540514887, -0.8123788198315093]], "T": [0.040376179913525205, 0.06495709324110631, 0.02254188665140408], "aligned_model": [[-0.22765204168714892, -0.2554126953091276, -0.06897209101334004, -0.523183173501595, 0.2748980657057005, 0.38207313528981607, 0.6197260139980221, 0.20428560700153314, 0.04010883067341602, -0.5106509415836048, -0.012594578882500429], [-0.1234067515039859, -0.6317100676637979, 0.688131355360466, 0.4494500397981933, 0.3137015236115906, -0.3642870707458474, 0.23440191917841507, -0.48270848311911274, 0.5013211533613661, -0.01770467322538112, 0.028875552573436186], [-0.6262679181749922, -0.16293162819719353, -0.27238167149254133, 0.11902699494215918, -0.6524559124205896, -0.34503247948501825, -0.10676772695380418, 0.4654979024344975, 0.5533454505288048, 0.6653442161393671, 0.10684037990308787]], "inverted": false, "swapped": true, "error_lsq": 0.04242648028165854, "error_max": 0.1772656789742546, "target": "273.xyz", "model": "16.xyz", "model_rescale": 3.7852294659196426, "target_rescale": 4.072598303133907},
{"mapping": [9, 8, 11, 10, 0, 3, 2, 4, 12, 6, 1, 5, 14], "R": [[-0.3748751821194648, -0.9155875855792596, -0.14549216805051957], [-0.29412702066939744, -0.03136857971570828, 0.9552514370147598], [-0.8791802395089658, 0.4008932343402192, -0.2575397466745594]], "T": [0.04984651912944987, 0.06942176515115164, 0.03209230972053884], "aligned_model": [[-0.030914845756722098, -0.4125925417797857, 0.2791379446141974, 0.23052218112371983, -0.6396499343459285, -0.5877920055632404, -0.2788900146368305, -0.12591591800423263, 0.5664303790281691, 0.4747596284385144, -0.05923468911436272, 0.43175016057782734, 0.0061555056349573145], [-0.14764427114478443, -0.4793369162155726, -0.4076069030070828, -0.6541335233541212, 0.12300222511051764, 0.17124747127021883, 0.7153904424503938, 0.048454884848548596, -0.11867400730595745, 0.36903188813795795, 0.6613495106841619, 0.43211959263572297, 0.1618552295928709], [-0.5863559210145585, -0.08318237523013977, 0.4872320711404154, -0.09565895229621804, -0.32701824631268733, 0.2544378850556108, 0.47741853887341873, 0.6979836691170269, -0.24869204087131874, -0.6446791876588684, -0.36882756982274323, 0.47341530079583377, 0.059681525367402156]], "inverted": true, "swapped": true, "error_lsq": 0.04489676103831935, "error_max": 0.33730769157378643, "target": "273.xyz", "model": "17.xyz", "model_rescale": 3.901054581598922, "target_rescale": 4.072598303133907},
{"mapping": [5, 8, 2, 13, 3, 0, 4, 1, 9, 10, 11, 12, 6, 7, 14], "R": [[-0.3790404957426146, -0.2504913344712689, 0.8908324163062298], [-0.43151805160680534, 0.8994381931782434, 0.06930445721397213], [-0.8186088649194188, -0.35814107277308993, -0.4490150312275536]], "T": [-0.02438222025516308, 0.05414630070725611, -0.06677132371328279], "aligned_model": [[-0.337939316155519, -0.17254993063552532, 0.30491105507862865, 0.06551263817642458, 0.6269269269860986, 0.6787905713536153, -0.47417732619335456, 0.27337915980897787, -0.4299210650013698, -0.8176039429510974, -0.26384353579197656, 0.2744738246550346, -0.036315487096347396, 0.44634206444015695, -0.028002435125171768], [-0.44128250658996104, 0.024902673395787556, -0.5270576547589597, -0.6504742415939563, -0.31958293082735306, 0.1440217849484554, 0.5521331587881486, 0.6294191589153659, -0.3387154423253261, 0.21618779981283603, 0.259195233254962, -0.13664513126774236, 0.7190537353995137, 0.3959484664234556, 0.034561307481836015], [-0.28198817134889875, -0.7129983674078202, -0.5541171998202596, 0.08465854155539079, 0.07297396504160103, -0.3369100676450125, -0.48542084510627315, -0.32384105858537215, 0.27291605844508837, 0.06359584753688793, 0.6662663305372344, 0.5861136569554215, 0.28177056143626245, 0.25145336280088304, -0.0157112167018134]], "inverted": true, "swapped": false, "error_lsq": 0.045503414826733604, "error_max": 0.23252294249424715, "target": "273.xyz", "model": "18.xyz", "model_rescale": 3.9405287249114394, "target_rescale": 4.072598303133907},
{"mapping": [11, 2, 3, 14, 12, 1, 5, 6, 13, 9, 7, 4, 8, 0, 15], "R": [[0.4861952168840709, 0.8737276436863187, 0.014636110733559138], [0.16805816820280733, -0.10992788403222381, 0.9796286604691165], [0.8575375578826672, -0.4738310510831385, -0.20028347872473184]], "T": [0.041792885201380636, -0.04389193401481505, 0.017180608142742314], "aligned_model": [[-0.584980486653321, -0.04964997402430821, 0.5616508730745347, -0.05946428797950498, 0.43104630956347517, 0.5854067663159335, -0.4613528064233083, 0.1782732462185419, -0.3358731375058, -0.6791714643004656, -0.2767328323685915, 0.374216725550134, -0.08210858905744783, 0.475156015155757, 0.03356684398294584], [-0.30713116709657057, 0.23562988986808764, -0.508112842904976, -0.7947810729428737, -0.3886016898216885, 0.12710463488254875, 0.49642743779224907, 0.5933227178521632, -0.4934437500921554, 0.14566039255977448, 0.22379719595948744, 0.11185022656057186, 0.6965877803662328, 0.4645326422492405, -0.04117698417502898], [-0.22171989081076246, -0.800640299197522, -0.47238574595814353, -0.14298008614733818, 0.1897958394618287, -0.31563096867564405, -0.3651308253880914, -0.34835195414807646, 0.34367928398396475, 0.19963654582106258, 0.5850797592967817, 0.6495600815629156, 0.10997270264765045, 0.17958475157145296, -0.021707796326758597]], "inverted": true, "swapped": false, "error_lsq": 0.04010894713806277, "error_max": 0.2581597571239074, "target": "273.xyz", "model": "19.xyz", "model_rescale": 4.410303926677745, "target_rescale": 4.072598303133907},
{"mapping": [3, 2, 4, 0, 11, 1, 8, 5, 7, 12, 9, 10, 13, 14], "R": [[-0.9260125537466002, -0.3728981357130228, -0.058717379756356824], [0.03818218703478499, 0.06222479513227924, -0.9973315373856313], [0.3755567479049483, -0.9257834818425408, -0.043382875084083616]], "T": [-0.008593779599883982, -0.010416543557946252, 0.08501013659642204], "aligned_model": [[-0.278737992605287, 0.21222195718067183, 0.31674924498974494, -0.72113849244566, 0.35188297671464414, -0.222221185208977, -0.5344227414897517, 0.6403120391237298, 0.38720709910265466, 0.11777120786695901, -0.5347752983393474, -0.13443553233432332, 0.6599991199263568, 0.0007754869794582286], [-0.10064509769507027, -0.5480716415221242, 0.16215412935354445, -0.2022080737339168, 0.5802428932184511, -0.6897226023112735, 0.4568701692394313, -0.2230002571479848, -0.5084314521974714, 0.13969672163990232, 0.03976578999629166, 0.6700800116805904, 0.13029123393505662, -0.09607335827422511], [-0.5356909425616674, -0.5361388769897826, -0.4973253561373158, -0.16545474646578479, -0.006973820564236247, 0.2111867027664961, -0.09780468583678459, 0.008228035764857325, 0.47443216146976563, 0.6703106175594331, 0.480905348751054, 0.39092618208128965, 0.49676028740296096, 0.023454131484735907]], "inverted": true, "swapped": true, "error_lsq": 0.04335937913761021, "error_max": 0.2651693821465972, "target": "273.xyz", "model": "20.xyz", "model_rescale": 4.121658175737393, "target_rescale": 4.072598303133907},
{"mapping": [10, 11, 4, 8, 3, 12, 5, 9, 7, 1, 2, 0, 14], "R": [[-0.5155396100088439, -0.8149952670209635, 0.2645782025136577], [0.752375572510273, -0.57831941089751, -0.31540078767973334], [0.4100608593876871, 0.03646057751306028, 0.9113290941727067]], "T": [0.026640370989478725, -0.0732801732721951, 0.04669016278550715], "aligned_model": [[0.18240024445243574, -0.0014253193015660512, 0.15513202056384862, 0.6859461654883617, 0.5443718112614606, -0.3415217930512325, -0.49914780066163694, 0.22883795157820006, -0.6568786136553016, -0.10616476893704688, 0.019093948581022514, 0.6457859714774559, 0.024653086868293473], [-0.5950159207691317, -0.011559278547199403, 0.5084656652930086, -0.30805590602086075, 0.34569647477305393, -0.5477218299340043, 0.35604408190994813, -0.661321662806543, -0.061027324602965505, -0.06827284879239873, 0.7106498809782085, -0.13562278514631276, 0.008568357828380405], [0.5720728870071043, 0.7414462053312498, 0.3928187836729215, 0.242829024495683, -0.10431196175805028, 0.18966040743188645, 0.153430831367254, -0.1756645566633302, -0.25160225011674736, -0.6641907254421705, -0.28354522691056544, -0.4223607306580189, -0.02047294827542752]], "inverted": false, "swapped": true, "error_lsq": 0.03788710711902559, "error_max": 0.17854373424045775, "target": "273.xyz", "model": "21.xyz", "model_rescale": 4.08911054899281, "target_rescale": 4.072598303133907},
{"mapping": [8, 1, 0, 6, 7, 13, 15, 2, 5, 11, 9, 12, 14, 3, 16], "R": [[-0.7108958165733547, 0.6012906191022294, 0.3647968329881186], [-0.2655881686306809, 0.25076814080111776, -0.9309018553223277], [-0.6512219764887426, -0.7586599573846037, -0.018574347883223152]], "T": [0.0044916986406771785, 0.017248925157205778, -0.02535905558726962], "aligned_model": [[-0.4760177588893895, -0.3222454867460728, 0.4213694358752322, 0.03551593927249165, 0.4964686162214466, 0.649502183049941, -0.38764142785893524, 0.07664063194525135, -0.4951576618708618, -0.7444876806821491, -0.2553360961036741, 0.3829344206135385, 0.09164655690912259, 0.5891072917514715, 0.04768423806116144], [-0.408606879049068, 0.010365264034495992, -0.3761554057095209, -0.7171332360014994, -0.44868703054753606, 0.08792056018482222, 0.6154064662810489, 0.5102314279394905, -0.2789315475779508, 0.07928493530879108, 0.133089889234658, 0.12988095779331624, 0.5604671210614257, 0.6570408962952375, 0.00749199180935135], [-0.2871213777577111, -0.7486804282572134, -0.5464400308999121, -0.14898941762045986, 0.19064692988227086, 0.09992845788828919, -0.166590018879638, -0.5478689719972641, 0.37508656876010305, -0.17052948319604147, 0.6278009551929467, 0.598391405289606, 0.30500530124596276, 0.030940724638800335, -0.042819216596419164]], "inverted": true, "swapped": false, "error_lsq": 0.044170327923101764, "error_max": 0.29362483266713907, "target": "273.xyz", "model": "22.xyz", "model_rescale": 4.204369325754507, "target_rescale": 4.072598303133907},
{"mapping": [11, 2, 3, 14, 12, 1, 5, 6, 13, 9, 7, 4, 8, 0, 15], "R": [[0.4861952168840709, 0.8737276436863187, 0.014636110733559138], [0.16805816820280733, -0.10992788403222381, 0.9796286604691165], [0.8575375578826672, -0.4738310510831385, -0.20028347872473184]], "T": [0.041792885201380636, -0.04389193401481505, 0.017180608142742314], "aligned_model": [[-0.584980486653321, -0.04964997402430821, 0.5616508730745347, -0.05946428797950498, 0.43104630956347517, 0.5854067663159335, -0.4613528064233083, 0.1782732462185419, -0.3358731375058, -0.6791714643004656, -0.2767328323685915, 0.374216725550134, -0.08210858905744783, 0.475156015155757, 0.03356684398294584], [-0.30713116709657057, 0.23562988986808764, -0.508112842904976, -0.7947810729428737, -0.3886016898216885, 0.12710463488254875, 0.49642743779224907, 0.5933227178521632, -0.4934437500921554, 0.14566039255977448, 0.22379719595948744, 0.11185022656057186, 0.6965877803662328, 0.4645326422492405, -0.04117698417502898], [-0.22171989081076246, -0.800640299197522, -0.47238574595814353, -0.14298008614733818, 0.1897958394618287, -0.31563096867564405, -0.3651308253880914, -0.34835195414807646, 0.34367928398396475, 0.19963654582106258, 0.5850797592967817, 0.6495600815629156, 0.10997270264765045, 0.17958475157145296, -0.021707796326758597]], "inverted": true, "swapped": false, "error_lsq": 0.04010894713806277, "error_max": 0.2581597571239074, "target": "273.xyz", "model": "23.xyz", "model_rescale": 4.410303926677745, "target_rescale": 4.072598303133907},
{"mapping": [2, 4, 1, 0, 7, 11, 8, 9, 12, 5, 6, 13, 15, 14, 16], "R": [[-0.924799825001759, -0.3697434949715368, 0.089638337796668], [-0.15154116850813895, 0.14188122753483884, -0.9782152071606715], [0.3489707121291187, -0.9182371508490824, -0.18724309567152353]], "T": [0.0852799184352665, 0.06543534258009892, -0.07821924652346747], "aligned_model": [[-0.5937378645765207, -0.4423414786544865, 0.5390659073462123, -0.16303038694109012, 0.4799096178711956, 0.6957776675136936, -0.24850395030004468, 0.2421324064520626, -0.267033262884206, -0.5210829103954742, -0.1657132537940189, 0.29846053134100015, -0.19267025079897365, 0.3802387004214273, 0.06851172894779708], [-0.461857002116925, 0.08099461345775075, -0.4928217467479808, -0.6473420749432475, -0.43217025899663375, 0.20190097293867754, 0.5770095351268274, 0.6380806598616631, -0.4035101809371954, 0.06540105300798826, 0.25312980089322984, -0.023241859362510817, 0.6902786858015635, 0.5335215933985755, -0.017708380324720344], [-0.38447336446484676, -0.5200992567230278, -0.545939941012596, -0.05221623902784968, 0.11821639760677728, -0.17512702078215325, -0.6282981879007075, -0.2779556258508739, 0.4714546140751069, 0.08889195018261749, 0.6143638225538945, 0.5857664490799109, 0.1258118557360397, 0.3117096812807907, -0.16334373705976268]], "inverted": true, "swapped": false, "error_lsq": 0.04167787370494605, "error_max": 0.27714868016888977, "target": "273.xyz", "model": "24.xyz", "model_rescale": 4.28219845311461, "target_rescale": 4.072598303133907},
{"mapping": [7, 1, 0, 4, 2, 6, 5, 8, 13, 9, 12, 14, 11, 10, 15], "R": [[-0.49834202318751186, 0.8319403833078052, -0.24398857872252822], [-0.7554240388048326, -0.2785746664438032, 0.5930688634648752], [0.4254289006651668, 0.4798659748694273, 0.7672932272876138]], "T": [-0.07821550241213014, -0.010299460611533078, -0.04410607363703384], "aligned_model": [[-0.6825078574265951, -0.05714821980993039, 0.49560765222236436, -0.11188835647476982, 0.40150467774568405, 0.8019176159796877, -0.3230485133133961, 0.251024961484814, -0.21388204734696425, -0.7251402198866541, -0.30135595995367653, 0.38319706918429636, -0.1582462768780823, 0.3786856476075807, -0.028736971585784282], [-0.49765947421454654, 0.09518894543789896, -0.3942453095818189, -0.6488392475496646, -0.4345929484785262, 0.1334772785414871, 0.6970182684356603, 0.49486328184274353, -0.38221464026608953, 0.17349638415330568, 0.16030239345068606, 0.1571453574500023, 0.44576362132174646, 0.6122101028174561, -0.05024860230327877], [0.009344581758081102, -0.675220773703179, -0.47869409038348026, -0.3987631649548217, 0.19801705473143766, -0.17407175429712263, -0.45035612946802467, -0.3881371441783778, 0.39882749323837036, 0.023578350321185576, 0.6668955043019371, 0.5383072646131652, 0.2423875767018404, 0.1387271874999732, -0.08208055848766473]], "inverted": false, "swapped": false, "error_lsq": 0.041006464615118254, "error_max": 0.28433383409134894, "target": "273.xyz", "model": "25.xyz", "model_rescale": 4.100010024507729, "target_rescale": 4.072598303133907},
{"mapping": [1, 9, 8, 10, 2, 4, 3, 11, 12, 5, 7, 14], "R": [[-0.04526865264944416, -0.012444053942525624, -0.9988973393741618], [-0.9207187903192711, 0.3884795025329667, 0.03688611208513032], [0.38759212871306103, 0.921373334557287, -0.02904341795422366]], "T": [-0.013279976106216219, 0.004919777911941529, -0.037030027362942246], "aligned_model": [[-0.7060260068117853, -0.003786671888321786, 0.3888323222768101, 0.6612894298639718, -0.5478442584183878, 0.17039454143054517, -0.1548615996813896, 0.608120043499919, 0.17134339972514628, -0.15916424012349037, -0.45178730274913204, -0.09974405476087876], [-0.20256930674816548, -0.6486441740221, -0.25915484326819027, -0.33266915213685944, 0.6255750786101621, 0.6379565957903459, 0.25747931170700666, 0.29608047904992063, -0.32691715793315557, 0.5272092989852798, 0.032641068450410274, 0.05914419156598482], [-0.045100493601725564, 0.05721600267685586, 0.507804371659485, -0.09607379202461955, 0.19250584531755766, 0.16364733985548532, 0.581482093152928, -0.16497756433542018, -0.5237303587445382, -0.4590460525969664, -0.6397484962991083, -0.008786605205576777]], "inverted": true, "swapped": true, "error_lsq": 0.03328902302029614, "error_max": 0.18623946010059342, "target": "273.xyz", "model": "26.xyz", "model_rescale": 3.6694154284099745, "target_rescale": 4.072598303133907},
