[{"mapping": [3, 11, 12, 8, 4, 2, 10, 5, 7, 1, 0, 13], "R": [[-0.8303739010340756, 0.25170112060541633, -0.4971174211063512], [-0.36410073108790036, -0.9204488226079401, 0.14214296528816917], [-0.42179360130602744, 0.29903262505224226, 0.8559612415592528]], "T": [0.020347247098077677, -0.03107097017010519, -0.17343484588594632], "aligned_model": [[-0.12412082155300458, 0.09308990964657948, 0.48076621251237944, -0.048190627733259266, -0.3920096139909292, -0.6215935847576679, 0.41908930731544414, -0.23082758807417808, 0.5988722639778586, 0.06511088329461556, -0.4633206982823841, 0.060776820105095], [-0.39836483453333676, -0.7398006529391099, -0.4002413140240447, 0.8033180476099114, 0.38812050223385053, -0.4309465116545614, -0.24979054763443231, -0.4493844783913107, 0.2011300314786487, 0.3557006096845409, 0.08024652279317249, -0.10643233864627133], [-0.49344366570962833, 0.06896155371288576, -0.740458593392683, -0.03257996258465165, -0.5960872492192371, -0.15980933933398225, 0.6198768559642063, 0.6458832600250188, 0.08252472390219484, 0.4841760814728255, 0.3385275442409195, -0.035619463724305855]], "inverted": true, "swapped": true, "error_lsq": 0.04622406398797563, "error_max": 0.29161281438847314, "target": "274.xyz", "model": "0.xyz", "model_rescale": 3.751011558992144, "target_rescale": 3.9820264885071075},
{"mapping": [8, 5, 1, 7, 0, 4, 3, 9, 2, 11, 10, 6, 12, 14], "R": [[0.2909708590538188, -0.5628428011699972, -0.7736562158689052], [0.513805952220855, -0.590206747268318, 0.6226230311684368], [-0.8070560096076996, -0.5786743269318789, 0.11745901713378112]], "T": [0.0924430227041201, -0.07669815910343505, -0.13477340631623316], "aligned_model": [[0.00922830826664936, 0.5716142705618981, -0.5778254544974363, -0.35291258472082565, -0.5161497925672583, -0.08279979465540228, -0.0368546491943426, 0.7343299254704609, 0.12251961827404702, 0.33738935724840513, 0.5442276592117429, -0.24712327532040457, 0.2293147492812172, 0.12411877071004779], [0.18469016766925753, 0.22076044982616597, -0.20796814966420132, -0.23572043836768536, 0.3486148414606518, -0.4537255576561272, 0.450822567272422, -0.1699405779998746, 0.741028272138734, -0.7020542671766468, -0.6581280033954432, -0.7248219781241294, -0.10873280580754785, -0.08960026843965999], [-0.7390661384154494, -0.4031003304138848, -0.2733154847037015, 0.33003550219349487, 0.020880553642118632, -0.8076138521979405, 0.40226466011695816, -0.018684316778632915, -0.25375653131712284, 0.29611175264787015, -0.4957217772934508, 0.03361896207999382, 0.5947572756646952, -0.09194823840869829]], "inverted": true, "swapped": false, "error_lsq": 0.05241841697242382, "error_max": 0.3311971335885209, "target": "274.xyz", "model": "1.xyz", "model_rescale": 3.9405287249114394, "target_rescale": 3.9820264885071075},
{"mapping": [12, 3, 11, 0, 2, 9, 6, 4, 5, 10, 1, 7, 13], "R": [[-0.7267019956481826, 0.6181899339002311, -0.29957539142155376], [-0.29133816985005645, 0.11758622694757043, 0.9493658673138898], [0.6221143627255111, 0.7771838166461411, 0.09465217817868116]], "T": [0.06817691837867813, 0.07287752384384288, 0.11890253025656483], "aligned_model": [[-0.3447433107783019, 0.1470828987735665, -0.3007525442084938, 0.4256675719462373, 0.5090730278561751, -0.6463999663119682, 0.072775068117813, 0.6873429002715988, -0.04142326483424623, -0.5561505019258614, 0.007236755979198081, -0.4366633502523506, -0.027062005349435037], [0.7645727709513392, 0.4033167573708605, -0.05371663560223272, -0.5357909877552787, -0.01591310133393528, 0.13343544868981655, 0.46458240065938367, 0.34481912325116687, -0.7172027333604141, -0.5882003369262929, -0.6078311786678552, -0.09045414415476713, -0.042784789549773966], [-0.025468056127372796, -0.2589403069490571, -0.5246891439905916, 0.018131353166341013, -0.4892923235839436, -0.0334231738348898, 0.3784722873853663, 0.37789283672602214, -0.4037045254491748, 0.02211268212976615, 0.4609114904053076, 0.5343334764869924, 0.056783753223878235]], "inverted": false, "swapped": true, "error_lsq": 0.05430736498488253, "error_max": 0.35442933486035144, "target": "274.xyz", "model": "2.xyz", "model_rescale": 3.932901565614263, "target_rescale": 3.9820264885071075},
{"mapping": [4, 5, 0, 3, 7, 2, 8, 12, 9, 10, 6, 1, 11, 13], "R": [[-0.5455224600759966, 0.5274255752272654, -0.6513274968468786], [0.7962922073255372, 0.08380011794842102, -0.5990795112374104], [-0.26138853476244195, -0.8454583389073757, -0.46569972199554166]], "T": [-0.01529723321173413, -0.09361603247992095, -0.0346375018357989], "aligned_model": [[-0.2353387633569225, 0.4371999678009292, -0.5775820778715425, -0.45042385118940587, -0.2246534573059175, -0.11497350232108547, -0.13641072568172505, 0.7441459077731435, 0.3645935485801993, 0.5225916091225535, 0.45071990318489424, -0.1812207122310836, 0.1630251187402492, 0.09740414282451235], [0.016444252371143386, 0.24530934339811922, -0.3160610175423264, -0.07596230445518479, 0.5542918941479473, -0.5891499496081414, 0.3443278871488128, -0.02270711527769015, 0.5252331263822496, -0.5189662122613808, -0.3605171992630863, -0.8155840301685873, -0.29839469753769554, -0.09303972559826418], [-0.87290647015542, -0.47868204725472563, -0.3232623642948188, 0.23189326617300127, -0.24941142342067235, -0.6969898488009938, 0.5418374505548937, -0.07135059530073738, 0.0771732841999979, 0.17248144503626256, -0.4568744689955084, -0.03415756883339423, 0.8162300175224716, -0.06151863961410727]], "inverted": true, "swapped": false, "error_lsq": 0.05705926232523205, "error_max": 0.4167402464436713, "target": "274.xyz", "model": "3.xyz", "model_rescale": 3.9243930471874484, "target_rescale": 3.9820264885071075},
{"mapping": [8, 0, 4, 6, 3, 1, 7, 2, 11, 5, 9, 10, 13], "R": [[-0.5592653582336562, 0.07721897427418029, 0.8253844492670211], [-0.5466731778951441, -0.7828372224469105, -0.29717725303534004], [0.6231939470580602, -0.6174164827437392, 0.4800272817106813]], "T": [0.20246842360962192, -0.14835160124528324, -0.10698370296002471], "aligned_model": [[-0.13697874081296096, -0.28407741769882433, 0.5361038381416887, 0.5232807394291846, 0.6138307362729916, -0.5323793489594352, -0.14521200553298869, 0.33642937246919213, 0.14018480399944958, -0.4655757326026817, 0.1444552177973463, -0.5381241111575733, 0.08526853496596365], [-0.8163577080301528, 0.08171729825099455, -0.4582762699374128, -0.4860273082889299, 0.14983075982930133, -0.3362174065905967, -0.5201597959681058, 0.4657497719272794, 0.5065380482487565, 0.5315836137145318, -0.014282156468846452, 0.0867819167842607, -0.06305120978949237], [-0.5060902492502444, -0.5747156778373336, -0.6700368402151784, -0.04465483958944108, -0.09992837250527851, -0.20054309705121612, 0.3346052317028939, -0.5278258376829486, 0.25850989540361935, -0.13459269544100363, 0.6114523473962457, 0.3751074363394855, -0.0342169858986362]], "inverted": false, "swapped": true, "error_lsq": 0.04734175893855422, "error_max": 0.2871175216316597, "target": "274.xyz", "model": "4.xyz", "model_rescale": 3.8936222436046832, "target_rescale": 3.9820264885071075},
{"mapping": [2, 0, 4, 3, 8, 1, 10, 7, 12, 11, 6, 13], "R": [[0.22415013249261967, 0.5623594606586745, -0.7959325066305724], [-0.438895673188201, -0.6709519866881001, -0.5976571087303889], [-0.8701306259178659, 0.4832962534170699, 0.09642315734721857]], "T": [-0.026231041003497352, 0.015867851752411826, -0.08430027560407477], "aligned_model": [[0.024970512325640154, -0.5864450361962156, -0.21279329262694865, 0.37915705172292224, -0.7302829209287034, -0.6856499670533733, -0.2124975150190198, -0.14406891290510276, 0.7429668196855275, 0.3568910517447883, 0.13739759053526485, -0.042097339069682604], [-0.5844658389809294, -0.41519097191861665, 0.32574316580883994, -0.14096010320797833, 0.48561163183522266, -0.040883907389483456, -0.3572718364934768, 0.3267618326172351, 0.2859503622735879, -0.5668002907344528, 0.4394649659881371, -0.08903610468827801], [-0.5416316602882003, -0.17800366219261932, -0.7116490952207211, -0.34744840355138346, -0.15058981380893166, 0.2977914511998268, 0.729486253012942, 0.5018592336562369, -0.012339276771361707, 0.19864949115684094, -0.20521953821315786, 0.03837974029604668]], "inverted": true, "swapped": true, "error_lsq": 0.04284312197361753, "error_max": 0.23139644401264872, "target": "274.xyz", "model": "5.xyz", "model_rescale": 3.6523030999806103, "target_rescale": 3.9820264885071075},
{"mapping": [8, 0, 2, 4, 3, 1, 5, 6, 10, 9, 11, 12, 13], "R": [[0.6036213239904256, -0.38566463565929976, -0.6977851288368256], [0.6710837678272277, 0.7183097882627225, 0.1835146442243079], [0.4304507797447431, -0.5790456259119331, 0.6924003822423846]], "T": [0.1951938369012184, -0.12320725170661867, 0.020078974247631984], "aligned_model": [[0.10624495931020322, -0.17436505815384318, 0.3290098465692407, 0.7227613802146874, 0.5278010564019548, -0.4381749570555279, -0.5491731259641751, 0.5409510875783223, -0.6802338203052857, -0.08425121271985431, -0.08307147352388938, 0.6145658260488773, 0.049018396263584646], [-0.8124245507944912, 0.050571815490027955, 0.5298856915883212, -0.3365438180393633, 0.23894120047252276, -0.42586913218869005, 0.4349094170518067, -0.40528308175634514, -0.04688095609568359, -0.04621433112454337, 0.4875763241330024, -0.06424180499834192, -0.06359986957503916], [0.5077368289382281, 0.6045948537774741, 0.3774821327183025, 0.4679123385410115, -0.10799282805028394, 0.32221789401020023, 0.2293174895984662, -0.12728269656257057, -0.232859069631087, -0.6533251101959623, -0.32029892343310734, -0.6802341753817494, -0.017158994847133305]], "inverted": true, "swapped": true, "error_lsq": 0.0512622153219338, "error_max": 0.28927170712999745, "target": "274.xyz", "model": "6.xyz", "model_rescale": 4.08911054899281, "target_rescale": 3.9820264885071075},
{"mapping": [2, 6, 1, 11, 13, 0, 12, 4, 7, 8, 3, 9, 10, 14], "R": [[0.5632856139566915, -0.48764680156171736, 0.6670156775039551], [-0.7178512457921172, -0.6885625924037284, 0.10281607489571998], [0.4091441140040247, -0.53673285093134, -0.7379152666173654]], "T": [0.09975478111569375, -0.04065292999504934, -0.020986004488536963], "aligned_model": [[-0.17672117435028173, 0.3324820723630295, -0.5091743083943214, -0.32066116394237687, -0.45074171108873834, 0.07837280422014697, -0.10277529183275472, 0.7910432054617482, 0.27828897232404953, 0.3788113244932449, 0.515543114757744, -0.1721359734975732, 0.21454679380249636, 0.0021984437523857037], [0.28868407802007556, 0.015377485089609108, -0.24413840924049496, -0.1722225940558484, 0.4416032367282896, -0.4233658397052545, 0.4106380337219102, -0.16751343811649322, 0.6609403720186526, -0.5889247462402947, -0.5611352831861228, -0.7738533267501001, -0.11673603168845816, -0.17412928485955464], [-0.703069375120072, -0.45898322702264616, -0.37559153538188084, 0.366919808302422, -0.0043389603199743, -0.8798980040025007, 0.49216110271378477, 0.032644355817666476, -0.2951781737358359, 0.27341921692286486, -0.44838466837229674, -0.07621193736300191, 0.6863392770913076, -0.015365842713587742]], "inverted": true, "swapped": false, "error_lsq": 0.0481366479967319, "error_max": 0.27840863062431115, "target": "274.xyz", "model": "7.xyz", "model_rescale": 3.964800864290218, "target_rescale": 3.9820264885071075},
{"mapping": [9, 8, 11, 6, 10, 12, 3, 1, 5, 2, 7, 4, 0, 13], "R": [[0.4853095736172032, -0.764652205647768, -0.4240066298461522], [-0.6360859417242251, -0.6414926558515739, 0.42881446714086036], [-0.5998910671916147, 0.06159689023398554, -0.797707045610861]], "T": [0.06974979337478526, -0.12521832331780244, -0.03613277706767108], "aligned_model": [[-0.15342048332584074, 0.4000269594122147, -0.6895774444728684, -0.3968971465805118, -0.3199610014161242, 0.007758549778937807, -0.06177595185028445, 0.8138174142816522, 0.2601365834917624, 0.31736447767388387, 0.5992650420476691, -0.3040244111953942, 0.3037587169695003, 0.082605803254202], [0.05690021458969738, 0.26049854162061914, -0.27031338786909476, -0.22579379686043932, 0.5555881125039657, -0.518777666684499, 0.2610990294799008, -0.08905223057679568, 0.6872820395988787, -0.6979099309539523, -0.42385704482855036, -0.7190939029303807, -0.21011728688254416, -0.07122843847089011], [-0.6613404166054608, -0.6133650311072738, -0.33530311750801156, 0.29345944178855493, -0.2805956707229864, -0.677960687223333, 0.5633858439715523, 0.054284480279798916, -0.08777339458524257, 0.18594833067603578, -0.40664820238628435, 0.015809835030645043, 0.6355750181725054, -0.09101439296425046]], "inverted": false, "swapped": false, "error_lsq": 0.0508156944624352, "error_max": 0.38560883096818327, "target": "274.xyz", "model": "8.xyz", "model_rescale": 4.121658175737393, "target_rescale": 3.9820264885071075},
{"mapping": [1, 7, 9, 11, 8, 0, 6, 2, 12, 4, 5, 11, 13], "R": [[0.27843698058170957, 0.523249678157626, -0.8054083573892699], [-0.013910864504582565, 0.8406790997161009, 0.5413549105247515], [0.9603537554949615, -0.13952930017909276, 0.2413550055380181]], "T": [-0.005248420681940473, -0.16078935619888918, -0.011419636419536874], "aligned_model": [[-0.6892401793031258, -0.15960903300095108, 0.3779287202161399, 0.35331989204405284, -0.6994534444659706, -0.5613823535004941, 0.16953623098741416, 0.07165179518174633, 0.759549752419101, -0.14681662674233784, -0.3219153256778879, 0.35331989204405284, -0.03015182376654247], [0.04348800518607643, -0.16356158451978076, 0.1705675798429503, 0.5008369547048817, -0.6333534977613324, 0.15337377303252064, -0.5847496876201899, 0.15516588905156542, -0.33518372935945184, -0.7364052499824407, 0.73057089032733, 0.5008369547048817, -0.011198858195300476], [-0.28431925835836086, -0.6673837496172048, -0.5413897923273334, -0.006453495092826875, -0.13593906659203417, 0.3055162112403587, -0.11407573823511195, 0.6715392016584066, -0.24478341630458927, 0.4045365046859712, 0.10922915077154445, -0.006453495092826875, -0.06894762277690378]], "inverted": true, "swapped": true, "error_lsq": 0.05752647141855309, "error_max": 0.4278064785333991, "target": "274.xyz", "model": "9.xyz", "model_rescale": 3.833441315466971, "target_rescale": 3.9820264885071075},
{"mapping": [10, 11, 13, 5, 1, 8, 6, 7, 12, 3, 9, 2, 4, 14], "R": [[0.260523081836711, 0.9326133112480917, -0.249720114354396], [0.6614946251708682, -0.3608258873310606, -0.6574416627365546], [-0.7032443278835281, 0.006090214661491289, -0.7109221649273723]], "T": [0.03720272080804189, 0.007369949222092956, -0.10723174305228224], "aligned_model": [[-0.1365867367695463, 0.5261773200179662, -0.6357494893964692, -0.48336649131894016, -0.4187281082171499, 0.198923506929638, 0.19203740608088643, 0.6854233781149961, 0.12484318075024615, 0.4355417205627817, 0.34862702863297257, -0.1629157906353717, 0.10355780369526693, 0.08129237962152173], [0.18941673923457747, 0.2039567019326584, -0.386507772484811, -0.22045908080369153, 0.5173143706933342, -0.3595927109783163, 0.40793217703130646, -0.1441341250051708, 0.6000710952035573, -0.625569109482352, -0.7108187587924729, -0.6815734870329101, -0.11843915132510412, -0.07637263645468927], [-0.8897982477027868, -0.5403536323972787, -0.2736114429513293, 0.2595608821871221, 0.17150235796262348, -0.7756209677796053, 0.4188915219093562, -0.13498911531437, -0.1708285876607265, 0.33439710449773535, -0.3196699851577138, -0.0629623637201125, 0.6774220999159235, -0.09947758697258834]], "inverted": false, "swapped": false, "error_lsq": 0.052549468264903185, "error_max": 0.32070896936708926, "target": "274.xyz", "model": "10.xyz", "model_rescale": 4.2482417240324, "target_rescale": 3.9820264885071075},
{"mapping": [4, 2, 5, 11, 8, 1, 0, 9, 3, 7, 6, 13], "R": [[-0.2947744556474405, 0.9492723469816626, 0.10949900252368144], [-0.9411183494207109, -0.3082566573190299, 0.13883114060662063], [0.16554235917550603, -0.06212764661907147, 0.9842438127030233]], "T": [-0.07833910311114717, 0.029750261891984507, -0.17086807488856068], "aligned_model": [[-0.7822478875547787, -0.0468150468296898, 0.5391709752360316, 0.6067118924878758, -0.6635751099079756, -0.019465482570587694, -0.11258224020813529, 0.5383967910459968, -0.025187480805772662, 0.1241263594552745, -0.34654241486697357, 0.06477524688174169], [-0.1402340525933555, -0.6304024207008699, -0.05292588129745009, -0.27931656379223196, 0.5850291182287924, 0.5866469590807983, 0.011480507835615154, 0.20650218042463336, -0.43484863138115915, 0.6555019015284805, 0.09359311144043336, 0.06510516127695282], [-0.16733516124408176, 0.19707051271941609, 0.5510759022624749, -0.1317771114667493, 0.09353082730641302, 0.34917820704709135, 0.5411188478713145, -0.5256723909220793, -0.369624769968934, -0.3177231859625968, -0.5514221268217224, -0.10322726096618903]], "inverted": true, "swapped": true, "error_lsq": 0.058683345256550216, "error_max": 0.3168604958873888, "target": "274.xyz", "model": "11.xyz", "model_rescale": 3.6694154284099745, "target_rescale": 3.9820264885071075},
{"mapping": [8, 2, 11, 6, 4, 9, 0, 12, 1, 5, 10, 7, 5, 13], "R": [[-0.851694484597106, 0.4351796760948055, -0.2919506027068453], [0.4344639838122513, 0.2748705888169145, -0.857722103115823], [-0.2930145929418156, -0.8573592064691805, -0.4231756602235994]], "T": [0.04415245327143523, -0.07747630855054437, -0.13504040912723125], "aligned_model": [[-0.13863679009996216, 0.4162818808867553, -0.6510726995232818, -0.34555581353319903, -0.403877647478077, -0.19422858206700527, 0.06607226986684549, 0.7031886769671973, 0.39096102249172254, 0.2105978019702266, 0.45004628909328004, 0.09405526515211678, 0.2105978019702266, 0.05064763237195374], [0.04904779205921357, 0.22967331240933653, -0.18058591811654606, -0.2010482511228332, 0.506760093671886, -0.6101637857288704, 0.3150157407477231, -0.08613869741345541, 0.694614092085329, -0.4460526010665436, -0.4350032341417815, -0.8146823877922879, -0.4460526010665436, 0.019840697211289088], [-0.8583505748125295, -0.5749180885327823, -0.36100289327843527, 0.2557437707556152, -0.060103736590585294, -0.6864973888985026, 0.46179070375440157, 0.030382440390318954, -0.14362665760231164, 0.5585143868106096, -0.46813721011389575, -0.056286205652359866, 0.5585143868106096, -0.06156089622390318]], "inverted": false, "swapped": false, "error_lsq": 0.05098220319233538, "error_max": 0.37521974053194784, "target": "274.xyz", "model": "12.xyz", "model_rescale": 3.9764082729961374, "target_rescale": 3.9820264885071075},
{"mapping": [8, 11, 7, 0, 1, 3, 9, 13, 10, 6, 14, 4, 5, 15], "R": [[0.5523174881204591, -0.037311493730401324, 0.8327984418524764], [-0.2759511485469488, -0.9508604132978284, 0.14041167344171346], [0.7866361013403377, -0.3073635093154176, -0.5354729845747448]], "T": [0.06857976293032819, -0.04236414832018971, -0.02226250743870324], "aligned_model": [[-0.12740097096146766, 0.48024086088022744, -0.5582486949265125, -0.58449954332801, -0.1375566178361991, -0.017572447047778245, -0.18212437762995776, 0.678617820099328, 0.2808721931242324, 0.5435961548677096, 0.6139884791150171, -0.20532299269179166, 0.023229584927766167, 0.05125765947623492], [0.23089721827325616, 0.11187969976129634, -0.38972641928310314, -0.15300323972334107, 0.558305621390445, -0.38649009585371624, 0.17123056926640107, -0.0008988842854922158, 0.6489745751287278, -0.6071077427335945, -0.4438042746291027, -0.6761741064126128, -0.32992914963315845, -0.1389295195300903], [-0.6440121468589961, -0.6835405688569762, -0.2619690698338374, 0.2749820798843865, -0.017144056379485587, -0.7855439602879467, 0.4807522607765599, 0.0025315819961541502, -0.3731607726106081, 0.17543146226965978, -0.44674242083146015, 0.17554027126958027, 0.7639140867242915, -0.06657671044507234]], "inverted": false, "swapped": false, "error_lsq": 0.04690615998919971, "error_max": 0.27774427637275234, "target": "274.xyz", "model": "13.xyz", "model_rescale": 4.170626492500431, "target_rescale": 3.9820264885071075},
{"mapping": [1, 0, 9, 11, 3, 7, 6, 4, 2, 12, 8, 10, 5, 13], "R": [[0.5550609676271907, 0.5580037174589129, -0.6168785727505868], [-0.62585159579254, -0.20834868512178034, -0.7515986997407305], [-0.5479207080049979, 0.8032575407116074, 0.23358129426228189]], "T": [0.09762121575817159, -0.04815875281646464, -0.14371190802839776], "aligned_model": [[-0.3481713896984453, 0.27933413189845036, -0.6529028481478351, -0.4221869181665312, -0.3575829861373525, 0.14224313855583637, 0.01917723128824654, 0.7790838893480487, 0.4087646343607021, 0.3254670619622107, 0.5789770383491649, -0.07505862561321361, 0.12474552350445672, 0.05718722656506003], [0.0922348959847944, 0.16351534940002527, -0.31919986706267134, -0.14258341803541896, 0.463593325041714, -0.45952624274231585, 0.3788309299025636, -0.06872390740341439, 0.5308452206703594, -0.6092100617664271, -0.5799059919136584, -0.5820586810586268, -0.22279671833689166, -0.049790580944116467], [-0.7539356753398785, -0.6710001566045646, -0.2835574741006397, 0.32590829770720753, -0.06388365604716513, -0.8410034361045332, 0.5767154784458209, 0.05186117169775542, -0.1733149312379299, 0.2674009965115499, -0.33631964041519347, -0.20254084633087432, 0.7484683883716058, -0.0503364797369112]], "inverted": false, "swapped": false, "error_lsq": 0.046241621886425506, "error_max": 0.25603564913515114, "target": "274.xyz", "model": "14.xyz", "model_rescale": 3.9786697098870705, "target_rescale": 3.9820264885071075},
{"mapping": [6, 9, 4, 8, 3, 2, 10, 5, 0, 1, 11, 13], "R": [[0.4952440952931156, -0.7704445017678421, 0.40143312739858045], [0.8491804635089581, 0.5268402301850141, -0.036495373039773266], [-0.18337346174409863, 0.3589632871956445, 0.9151609322811387]], "T": [0.04502755825357927, -0.028248431233036594, -0.2326282556124117], "aligned_model": [[0.05773509854139861, -0.6857644013828486, 0.6628960614062787, 0.5755719618319298, -0.023298101066053477, 0.32602013205422603, -0.47988909498794363, -0.07631810980938311, 0.4504866459428867, 0.17270159852574823, -0.451941847176988, -0.0448453471119143], [-0.1832577270878542, -0.07302926108576688, -0.036701479381060796, -0.6898432531662082, 0.41962463397077576, 0.6440990115017381, -0.25843219235227494, 0.25538032257232574, 0.032203657793463805, -0.5146966437114348, 0.44170883599486155, -0.022381414824126176], [-0.676070415241414, -0.1948354582662582, -0.6102018037532093, -0.19316309564789336, -0.4626777549969453, -0.02973364152217048, 0.47987078558811436, 0.6696949162693946, 0.35079288530989516, 0.3427982348341181, 0.08122975332897217, -0.09773791202877397]], "inverted": true, "swapped": true, "error_lsq": 0.045234417721848136, "error_max": 0.2550543060157131, "target": "274.xyz", "model": "15.xyz", "model_rescale": 3.769337070930944, "target_rescale": 3.9820264885071075},
{"mapping": [8, 4, 7, 6, 1, 0, 10, 2, 9, 12, 13], "R": [[0.020602664714989782, -0.6156279723069891, -0.7877675608450927], [0.919205223635406, -0.29824909217345924, 0.25711716368047266], [-0.3932394779876829, -0.7294173556551096, 0.5597437219130574]], "T": [-0.062262204017064456, -0.03708794107304692, 0.07454078085229562], "aligned_model": [[-0.2982015667018514, -0.5256557428192388, -0.07117499700977857, -0.5268706699418667, 0.32515677310793134, 0.43806194247331315, 0.6358658498098652, 0.26930598788547094, 0.08399891595421591, -0.4899188388881749, 0.08205847682128464], [-0.04743075537024417, -0.5341419678224995, 0.593084351863926, 0.03020301690694841, 0.18418100299659154, -0.37028384802422215, 0.5467378389242799, -0.6632555318131522, 0.5679663314376353, 0.2534160376674763, 0.035588020858602305], [-0.7409150516465762, -0.17565603798306392, -0.16405352969217812, 0.09554584412624936, -0.5459386792784874, -0.308979740844078, -0.014574983832106092, 0.33940077619917075, 0.4618488218533996, 0.7089740221926579, 0.08856616612878918]], "inverted": false, "swapped": true, "error_lsq": 0.051125745246669026, "error_max": 0.29823190233749536, "target": "274.xyz", "model": "16.xyz", "model_rescale": 3.7852294659196426, "target_rescale": 3.9820264885071075},
{"mapping": [1, 4, 6, 8, 0, 2, 11, 3, 7, 10, 5, 9, 13], "R": [[-0.8833912187593451, 0.1479189028923509, -0.44467960689242614], [0.0457654120186513, 0.9715742321109417, 0.23226932333133724], [0.46639627108462434, 0.18483373519235455, -0.8650497145558748]], "T": [-0.007456291379518261, -0.0521092237221476, 0.16651439136866764], "aligned_model": [[0.10805156941914829, -0.3804912164076205, 0.17003498035312467, 0.03169827978522453, -0.4550228668459338, -0.6925600310176446, -0.013195727845703102, -0.20724710014372744, 0.6040080695197573, 0.3900120409008561, -0.27806314263444526, 0.5481226162330743, 0.028418378900172292], [-0.07848640068504459, -0.6563523886803109, -0.3893953790038606, -0.7246807325745916, 0.04675369751459933, 0.2468917309822365, 0.6906692274297319, 0.1067741776678181, -0.08296273961679901, 0.5491187807902111, 0.6773791710800658, 0.4068321899387214, 0.08251428886009679], [-0.5884759056018581, 0.30839415658344826, 0.4414056612046079, -0.3500676993632603, -0.3796925637888092, 0.28229621088128576, 0.28731382888574075, 0.6058561124920931, -0.11505833031357321, -0.39626509641433083, -0.38482557776150295, 0.3014045791725198, 0.08346932116681273]], "inverted": true, "swapped": true, "error_lsq": 0.04500147007975676, "error_max": 0.29977293975727276, "target": "274.xyz", "model": "17.xyz", "model_rescale": 3.901054581598922, "target_rescale": 3.9820264885071075},
{"mapping": [8, 5, 1, 7, 0, 4, 3, 9, 2, 11, 10, 6, 12, 14], "R": [[0.2909708590538188, -0.5628428011699972, -0.7736562158689052], [0.513805952220855, -0.590206747268318, 0.6226230311684368], [-0.8070560096076996, -0.5786743269318789, 0.11745901713378112]], "T": [0.0924430227041201, -0.07669815910343505, -0.13477340631623316], "aligned_model": [[0.00922830826664936, 0.5716142705618981, -0.5778254544974363, -0.35291258472082565, -0.5161497925672583, -0.08279979465540228, -0.0368546491943426, 0.7343299254704609, 0.12251961827404702, 0.33738935724840513, 0.5442276592117429, -0.24712327532040457, 0.2293147492812172, 0.12411877071004779], [0.18469016766925753, 0.22076044982616597, -0.20796814966420132, -0.23572043836768536, 0.3486148414606518, -0.4537255576561272, 0.450822567272422, -0.1699405779998746, 0.741028272138734, -0.7020542671766468, -0.6581280033954432, -0.7248219781241294, -0.10873280580754785, -0.08960026843965999], [-0.7390661384154494, -0.4031003304138848, -0.2733154847037015, 0.33003550219349487, 0.020880553642118632, -0.8076138521979405, 0.40226466011695816, -0.018684316778632915, -0.25375653131712284, 0.29611175264787015, -0.4957217772934508, 0.03361896207999382, 0.5947572756646952, -0.09194823840869829]], "inverted": true, "swapped": false, "error_lsq": 0.05241841697242382, "error_max": 0.3311971335885209, "target": "274.xyz", "model": "18.xyz", "model_rescale": 3.9405287249114394, "target_rescale": 3.9820264885071075},
{"mapping": [2, 11, 6, 1, 3, 5, 12, 13, 14, 7, 9, 8, 4, 15], "R": [[0.04683130370670008, -0.8175972872743, -0.5738828319742948], [-0.35200058684718394, 0.5241531965918291, -0.7754734124145104], [0.9348274791919464, 0.23832352452973057, -0.26324794738678947]], "T": [0.07044755928604941, -0.06110685374974412, -0.004130185491137986], "aligned_model": [[-0.43903541303072535, 0.501837325577268, -0.519340212773163, -0.5700448042034485, -0.34343217960257866, -0.03570994729920908, 0.051717769632298696, 0.7207272949706623, 0.40318552176926115, 0.4771710815496001, 0.5860597303183129, -0.13639512442040036, 0.10848835484999586, 0.05384771073092408], [-0.008327658355021528, 0.09129006779553586, -0.43764902220137325, 0.07020267555021906, 0.682298217613805, -0.5223008021978734, 0.2800789986281391, 0.09993145957496602, 0.632364535898549, -0.6077326433418829, -0.49790054601858785, -0.7808769289142606, -0.35575865022606407, -0.050395452070234985], [-0.7062460879358816, -0.560808952593446, -0.266141320558706, 0.08557357031706503, 0.034354311158842826, -0.6877187814092475, 0.4240992755762858, 0.04619647117756373, -0.09425144900853126, 0.17307526457077294, -0.36795047963933625, -0.11099130391470977, 0.6640002249245366, -0.03872870584895896]], "inverted": true, "swapped": false, "error_lsq": 0.04846327733199633, "error_max": 0.37103262791061686, "target": "274.xyz", "model": "19.xyz", "model_rescale": 4.410303926677745, "target_rescale": 3.9820264885071075},
{"mapping": [9, 8, 11, 6, 10, 12, 3, 1, 5, 2, 7, 4, 0, 13], "R": [[0.4853095736172032, -0.764652205647768, -0.4240066298461522], [-0.6360859417242251, -0.6414926558515739, 0.42881446714086036], [-0.5998910671916147, 0.06159689023398554, -0.797707045610861]], "T": [0.06974979337478526, -0.12521832331780244, -0.03613277706767108], "aligned_model": [[-0.15342048332584074, 0.4000269594122147, -0.6895774444728684, -0.3968971465805118, -0.3199610014161242, 0.007758549778937807, -0.06177595185028445, 0.8138174142816522, 0.2601365834917624, 0.31736447767388387, 0.5992650420476691, -0.3040244111953942, 0.3037587169695003, 0.082605803254202], [0.05690021458969738, 0.26049854162061914, -0.27031338786909476, -0.22579379686043932, 0.5555881125039657, -0.518777666684499, 0.2610990294799008, -0.08905223057679568, 0.6872820395988787, -0.6979099309539523, -0.42385704482855036, -0.7190939029303807, -0.21011728688254416, -0.07122843847089011], [-0.6613404166054608, -0.6133650311072738, -0.33530311750801156, 0.29345944178855493, -0.2805956707229864, -0.677960687223333, 0.5633858439715523, 0.054284480279798916, -0.08777339458524257, 0.18594833067603578, -0.40664820238628435, 0.015809835030645043, 0.6355750181725054, -0.09101439296425046]], "inverted": false, "swapped": false, "error_lsq": 0.0508156944624352, "error_max": 0.38560883096818327, "target": "274.xyz", "model": "20.xyz", "model_rescale": 4.121658175737393, "target_rescale": 3.9820264885071075},
{"mapping": [8, 0, 2, 4, 3, 1, 5, 6, 10, 9, 11, 12, 13], "R": [[0.6036213239904256, -0.38566463565929976, -0.6977851288368256], [0.6710837678272277, 0.7183097882627225, 0.1835146442243079], [0.4304507797447431, -0.5790456259119331, 0.6924003822423846]], "T": [0.1951938369012184, -0.12320725170661867, 0.020078974247631984], "aligned_model": [[0.10624495931020322, -0.17436505815384318, 0.3290098465692407, 0.7227613802146874, 0.5278010564019548, -0.4381749570555279, -0.5491731259641751, 0.5409510875783223, -0.6802338203052857, -0.08425121271985431, -0.08307147352388938, 0.6145658260488773, 0.049018396263584646], [-0.8124245507944912, 0.050571815490027955, 0.5298856915883212, -0.3365438180393633, 0.23894120047252276, -0.42586913218869005, 0.4349094170518067, -0.40528308175634514, -0.04688095609568359, -0.04621433112454337, 0.4875763241330024, -0.06424180499834192, -0.06359986957503916], [0.5077368289382281, 0.6045948537774741, 0.3774821327183025, 0.4679123385410115, -0.10799282805028394, 0.32221789401020023, 0.2293174895984662, -0.12728269656257057, -0.232859069631087, -0.6533251101959623, -0.32029892343310734, -0.6802341753817494, -0.017158994847133305]], "inverted": true, "swapped": true, "error_lsq": 0.0512622153219338, "error_max": 0.28927170712999745, "target": "274.xyz", "model": "21.xyz", "model_rescale": 4.08911054899281, "target_rescale": 3.9820264885071075},
{"mapping": [5, 6, 9, 14, 15, 10, 2, 0, 1, 13, 7, 12, 3, 16], "R": [[0.14338992887447283, 0.6447216455163045, 0.750848405538776], [0.9130949987564032, 0.2064326396140041, -0.3516291918314499], [-0.38170256947447634, 0.736016008728576, -0.5590917485993147]], "T": [0.058451189667076624, 0.010131249623274469, -0.13512696263949792], "aligned_model": [[-0.289602391437265, 0.5720966000462709, -0.5431869016556053, -0.4023726420210369, -0.42092762743346535, -0.016685893728749297, 0.12683035449847402, 0.8289042448392382, 0.3109824865344336, 0.30403259306688346, 0.4730299816084009, -0.16659952009422357, -0.016075490064194876, 0.09865131390963794], [-0.002137544069879836, -0.01837771261931903, -0.2907238047423879, -0.21862974748660066, 0.45317644759758346, -0.5313658423613673, 0.41945393653109875, 0.07211820563639246, 0.7612997079795659, -0.4948794929644722, -0.5357633738283443, -0.6862188492162384, -0.3263128690710154, -0.00641480964909983], [-0.7486717738227773, -0.674496743049569, -0.36978725944053936, 0.24845143651332774, 0.1895481367465866, -0.7286509531284096, 0.45566323461564656, -0.08375474019016188, -0.09071668748652784, 0.21327494637276906, -0.3246518247777439, -0.038079428326562165, 0.6620743621829914, -0.11574066939278113]], "inverted": true, "swapped": false, "error_lsq": 0.04224380403524791, "error_max": 0.21807982067726478, "target": "274.xyz", "model": "22.xyz", "model_rescale": 4.204369325754507, "target_rescale": 3.9820264885071075},
{"mapping": [2, 11, 6, 1, 3, 5, 12, 13, 14, 7, 9, 8, 4, 15], "R": [[0.04683130370670008, -0.8175972872743, -0.5738828319742948], [-0.35200058684718394, 0.5241531965918291, -0.7754734124145104], [0.9348274791919464, 0.23832352452973057, -0.26324794738678947]], "T": [0.07044755928604941, -0.06110685374974412, -0.004130185491137986], "aligned_model": [[-0.43903541303072535, 0.501837325577268, -0.519340212773163, -0.5700448042034485, -0.34343217960257866, -0.03570994729920908, 0.051717769632298696, 0.7207272949706623, 0.40318552176926115, 0.4771710815496001, 0.5860597303183129, -0.13639512442040036, 0.10848835484999586, 0.05384771073092408], [-0.008327658355021528, 0.09129006779553586, -0.43764902220137325, 0.07020267555021906, 0.682298217613805, -0.5223008021978734, 0.2800789986281391, 0.09993145957496602, 0.632364535898549, -0.6077326433418829, -0.49790054601858785, -0.7808769289142606, -0.35575865022606407, -0.050395452070234985], [-0.7062460879358816, -0.560808952593446, -0.266141320558706, 0.08557357031706503, 0.034354311158842826, -0.6877187814092475, 0.4240992755762858, 0.04619647117756373, -0.09425144900853126, 0.17307526457077294, -0.36795047963933625, -0.11099130391470977, 0.6640002249245366, -0.03872870584895896]], "inverted": true, "swapped": false, "error_lsq": 0.04846327733199633, "error_max": 0.37103262791061686, "target": "274.xyz", "model": "23.xyz", "model_rescale": 4.410303926677745, "target_rescale": 3.9820264885071075},
{"mapping": [0, 7, 2, 4, 3, 12, 10, 11, 1, 15, 13, 5, 8, 16], "R": [[-0.6938376751550166, -0.6170037987685941, -0.37134295851760263], [-0.6720106844123386, 0.3694154045423621, 0.6418207685346925], [-0.25882604306974605, 0.6948658656114338, -0.6709474705496181]], "T": [0.24555060316634092, -0.1813781113879941, -0.056972777502227206], "aligned_model": [[-0.22338504165562684, 0.46353215215409116, -0.6439272108166932, -0.3639650617383621, -0.4421155203677103, -0.0112147163042019, 0.18383199938858855, 0.7700328565332886, 0.2282674601673363, 0.3313989044163505, 0.6516870566481691, -0.19585470790421428, -0.055533586125155854, 0.1663225236729393], [0.0034535395071262354, 0.1320298720116248, -0.08746055332785063, -0.1683179139683049, 0.3983737480094377, -0.5318104211390478, 0.238258176757767, 0.15238267022105711, 0.6536989150684115, -0.7696389978653345, -0.48448792053674783, -0.6262224630285249, -0.22300466574489144, -0.09202973422880711], [-0.6193982685043306, -0.6012065296019872, -0.2383636865863431, 0.2627215428575296, -0.041033244794746154, -0.7333192876458289, 0.43686945023309665, 0.06237374810118884, -0.2536527267170392, 0.33786059171589045, -0.5441731968166464, -0.11060940305002528, 0.7067825551701595, -0.07038950754466933]], "inverted": true, "swapped": false, "error_lsq": 0.03952718605743012, "error_max": 0.26826092506136745, "target": "274.xyz", "model": "24.xyz", "model_rescale": 4.28219845311461, "target_rescale": 3.9820264885071075},
{"mapping": [1, 8, 4, 13, 9, 0, 11, 10, 5, 14, 6, 2, 12, 15], "R": [[-0.841697163137625, 0.3589608995190716, 0.4033521515779152], [-0.2607209376841858, -0.9243527588846224, 0.27856160861731455], [0.4728323997138451, 0.12930216455591914, 0.871613717206195]], "T": [-0.09037370273163198, -0.05398002221934567, -0.07687033522250396], "aligned_model": [[-0.07360315709778917, 0.4626346890281317, -0.6500012412709009, -0.4079247186948424, -0.3404339859703165, -0.08611146833182581, 0.24893582075491388, 0.697845232547599, 0.2558839036874594, 0.3973521230756537, 0.5503852552303863, -0.09201408218978743, -0.008499337425533576, -0.0953719252743492], [0.21154099374805047, 0.1434897422749815, -0.3050031811685329, -0.33944712885874223, 0.4942524629480651, -0.5495312564916022, 0.18758903420707185, -0.05358308379822414, 0.6958536256069412, -0.47491434622452955, -0.5428946820750322, -0.738584312373479, -0.03276473916450559, -0.10077887689454679], [-0.6591887513192785, -0.4471856976943554, -0.4749318440441461, 0.3361506572520539, 0.2293725109512854, -0.7249173856786962, 0.2738296925750113, 0.014866087942145625, -0.28456205749035735, 0.32943304725114597, -0.48009179810691993, -0.06715954505343304, 0.6829101595940257, -0.13406303936223238]], "inverted": false, "swapped": false, "error_lsq": 0.041951543534632436, "error_max": 0.26742098744995335, "target": "274.xyz", "model": "25.xyz", "model_rescale": 4.100010024507729, "target_rescale": 3.9820264885071075},
{"mapping": [4, 2, 5, 11, 8, 1, 0, 9, 3, 7, 6, 13], "R": [[-0.2947744556474405, 0.9492723469816626, 0.10949900252368144], [-0.9411183494207109, -0.3082566573190299, 0.13883114060662063], [0.16554235917550603, -0.06212764661907147, 0.9842438127030233]], "T": [-0.07833910311114717, 0.029750261891984507, -0.17086807488856068], "aligned_model": [[-0.7822478875547787, -0.0468150468296898, 0.5391709752360316, 0.6067118924878758, -0.6635751099079756, -0.019465482570587694, -0.11258224020813529, 0.5383967910459968, -0.025187480805772662, 0.1241263594552745, -0.34654241486697357, 0.06477524688174169], [-0.1402340525933555, -0.6304024207008699, -0.05292588129745009, -0.27931656379223196, 0.5850291182287924, 0.5866469590807983, 0.011480507835615154, 0.20650218042463336, -0.43484863138115915, 0.6555019015284805, 0.09359311144043336, 0.06510516127695282], [-0.16733516124408176, 0.19707051271941609, 0.5510759022624749, -0.1317771114667493, 0.09353082730641302, 0.34917820704709135, 0.5411188478713145, -0.5256723909220793, -0.369624769968934, -0.3177231859625968, -0.5514221268217224, -0.10322726096618903]], "inverted": true, "swapped": true, "error_lsq": 0.058683345256550216, "error_max": 0.3168604958873888, "target": "274.xyz", "model": "26.xyz", "model_rescale": 3.6694154284099745, "target_rescale": 3.9820264885071075},
{"mapping": [5, 1, 8, 10, 4, 7, 2, 6, 0, 12, 3, 9, 11, 13], "R": [[-0.4350627646552306, 0.8379767208062956, 0.32941676672154263], [0.887634794020925, 0.33777274729023926, 0.31307194641397434], [0.15107899673342315, 0.4286077304187735, -0.8907696392285105]], "T": [-0.004371813227782594, -0.11054133417983214, -0.12668181945432389], "aligned_model": [[-0.06355693786658598, 0.6109051932145695, -0.6093483499650446, -0.44876900407393017, -0.5492835209957154, 0.029414533282536966, 0.23762454887274267, 0.6769111928809661, 0.10414652849010256, 0.5094213314160595, 0.4584418597776831, -0.18074651470182684, 0.06859862058136465, 0.015317627155876812], [0.2737483309050791, 0.24356717294933505, -0.1916850642397925, -0.13385017279168163, 0.4741116793986039, -0.43674086543369006, 0.26510066586308234, -0.04464032015618988, 0.5359465287771984, -0.494541453638827, -0.7267707836896637, -0.7536886785099322, -0.33814703933453594, -0.07718574836307031], [-0.8157370233760173, -0.6517418390881173, -0.3158279996943535, 0.2781126403685054, 0.06510622641927699, -0.6638790582015942, 0.38562716420412546, -0.0747111186463306, -0.21159681043467768, 0.3405368939229542, -0.369366779782611, 0.015152568588330917, 0.6973609148840882, -0.08457374234733041]], "inverted": true, "swapped": false, "error_lsq": 0.047694075675721856, "error_max": 0.29596778741738683, "target": "274.xyz", "model": "27.xyz", "model_rescale": 4.103607728864725, "target_rescale": 3.9820264885071075},
