[{"mapping": [11, 9, 10, 5, 4, 6, 7, 3, 13, 12, 1, 14], "R": [[0.6381279884060744, -0.5655259224852557, -0.5224682778983024], [0.058818552866812146, 0.7124158987708986, -0.6992881845255983], [0.7676803034150813, 0.4155045344826622, 0.4878759407604307]], "T": [0.00932272546353794, -0.11690574116818175, 0.06513678693300262], "aligned_model": [[-0.223413831142865, 0.004390486346114253, 0.3823096968417492, -0.01938220240125984, -0.018535734587939133, -0.5548933932730221, 0.434017651741816, -0.11941930611417054, 0.5036021315654828, 0.1471219784394738, -0.6271772414493993, -0.0709777735054311], [-0.3081630324610324, -0.7128162522584455, -0.3052550221586317, 0.6708973939104508, 0.3242216024259129, -0.5353063279341421, -0.2442040840682003, -0.5991887289693958, 0.21281096230258767, 0.49040888501398383, 0.07931096458735304, -0.01916132441338289], [-0.5282285535997401, 0.04967318628171469, -0.5245491013752029, -0.0792630628935106, -0.6754096133339276, -0.11424925256350543, 0.5233455702060912, 0.5789893995790039, -0.0718896777096256, 0.48239378519847464, 0.4247421752948755, 0.1163968902689152]], "inverted": true, "swapped": true, "error_lsq": 0.03980479160873856, "error_max": 0.22324413271874233, "target": "275.xyz", "model": "0.xyz", "model_rescale": 3.751011558992144, "target_rescale": 4.065773477815758},
{"mapping": [2, 8, 4, 10, 3, 0, 5, 6, 11, 9, 12, 13, 1, 7, 14], "R": [[-0.47404747005782444, 0.8652068384120681, -0.16338948220974775], [0.6203472441247133, 0.4598734129206762, 0.6353626844531888], [0.6248586182798869, 0.19983385812640103, -0.7547305057486865]], "T": [0.009901803395560571, -0.07578727690679371, -0.005455007346015242], "aligned_model": [[0.7084932781505292, 0.10919593598552181, -0.4925421619767356, -0.3121087016874533, 0.47070316969701975, 0.09193181396978761, 0.46654283889477083, -0.6910167185141608, -0.3441124506944291, 0.2660099216287103, 0.15086382494296224, 0.6878600202934371, -0.4556082328194667, -0.2844141924844303, 0.020527791006791675], [-0.5031788938829655, -0.6572383241439277, -0.4743684683354868, 0.18937112735205247, -0.011408889877670692, -0.5032559049395857, -0.12018210505673779, 0.13431026980671618, 0.6390141713612012, 0.41166308052185, 0.5213418420260592, 0.18372275000797234, -0.4955139630121602, 0.06255748253579285, -0.022380123816750683], [0.10875733492170701, -0.30954974100630095, -0.4683341118755396, -0.7114677575112974, 0.6002870281864479, 0.6158711291655916, -0.42924046123437865, 0.1627650621433196, -0.026990707514827142, -0.3673809695980431, 0.413521874929076, 0.01755369474532351, 0.2992012983329044, 0.5723995123223752, 0.000756017486502978]], "inverted": false, "swapped": false, "error_lsq": 0.039148597951532, "error_max": 0.26458888611831016, "target": "275.xyz", "model": "1.xyz", "model_rescale": 3.9405287249114394, "target_rescale": 4.065773477815758},
{"mapping": [10, 4, 6, 12, 0, 9, 13, 5, 1, 3, 2, 7, 14], "R": [[0.08906912823226444, -0.7514335648986566, 0.6537692925945979], [0.3402422814669296, 0.639848326124896, 0.6890785945429936], [-0.9361099723313084, 0.16106432596594822, 0.31266020310076525]], "T": [-0.14442987264656876, 0.017523728524812147, 0.027659494514024306], "aligned_model": [[-0.33838900573364683, 0.35061016058575023, -0.46491551837318357, 0.404489482914328, 0.5681409886877868, -0.7308998413016901, 0.12207353321239367, 0.6482134872847147, 0.11152757419774884, -0.6411160097200819, -0.12915692252428196, -0.3640741181353694, -0.040520531810537566], [0.7136994934425841, 0.6453857076845696, -0.11492946186186065, -0.26946298415563835, -0.044772487315069644, 0.024799278685479424, 0.3872833024016677, 0.13242453410638827, -0.6129989050168175, -0.4939389320104354, -0.6775663147557304, -0.16442027889780927, -0.06667035873531085], [0.021076306030365356, -0.29560989567636653, -0.6089905930961773, 0.4498552544791141, -0.5425017623695276, -0.07898397406794708, 0.4326968755649088, 0.056354058231135845, -0.3038163459831133, 0.09783589124070377, 0.2869164412497935, 0.5979039343526423, 0.0003841596331118878]], "inverted": false, "swapped": true, "error_lsq": 0.05238482991945425, "error_max": 0.3155796074134567, "target": "275.xyz", "model": "2.xyz", "model_rescale": 3.932901565614263, "target_rescale": 4.065773477815758},
{"mapping": [10, 6, 9, 4, 8, 7, 3, 13, 5, 12, 1, 0, 2, 14], "R": [[0.36714840114190045, -0.42257260187483725, -0.8286340855188595], [0.779584741732136, -0.34615575286928596, 0.521942358133479], [-0.5073949960310854, -0.8376207918266048, 0.20234062148364257]], "T": [0.03504639418622052, -0.1217744930564546, -0.05287050698421325], "aligned_model": [[-0.4221744426519701, 0.6184022289901681, 0.2136820261982802, -0.2927292661470275, -0.48902316278458907, -0.17507606981997237, 0.4495254496259656, -0.5526181506725436, -0.21831453454355587, -0.14768039609223088, 0.6601383303676247, 0.32570586363022896, 0.35620549423318554, 0.09376654171914], [0.03306970564802869, 0.006028626845286933, -0.4458631679553444, 0.6647637668382886, -0.517956597046435, -0.6973930553073828, -0.704949293777835, -0.04591191142273865, 0.43841021102641586, -0.13209578687757725, 0.0018418887089293734, 0.6859062063314207, -0.5532887186199588, -0.06906523604061013], [-0.5907334633456813, -0.46389430600084125, -0.5202339939337255, -0.18590839717337362, -0.4212284594305822, 0.12330485591408605, -0.089341905993548, 0.09099310648489672, 0.46124077110462314, 0.6740596704781165, 0.35569809229482574, 0.2631846629475984, 0.4582556039681531, 0.058500125742549355]], "inverted": false, "swapped": true, "error_lsq": 0.04472178665769647, "error_max": 0.24164022555805062, "target": "275.xyz", "model": "3.xyz", "model_rescale": 3.9243930471874484, "target_rescale": 4.065773477815758},
{"mapping": [12, 1, 5, 13, 4, 2, 7, 0, 11, 6, 10, 9, 14], "R": [[0.3048430498838599, 0.031318226805022054, 0.951887537268608], [0.9468975404511447, 0.09733926145448704, -0.30644757474495987], [-0.10225342451516839, 0.994758381140508, 1.8045402261773758e-05]], "T": [-0.07039464750772614, -0.10587784461275682, 0.01931754669247049], "aligned_model": [[0.05673500815979027, -0.40752407919103595, 0.5158299659250682, 0.3917197395664441, 0.7234108972452894, -0.5983020512727556, -0.3398739111917226, 0.31719490342648826, 0.15754012033238815, -0.38527989275687224, 0.3508836182319012, -0.4336575384511012, -0.07147089371252979], [-0.6675059014759139, 0.05682750059963973, -0.26362998449018116, -0.48369466236009484, 0.22173911060913656, -0.4798004720664084, -0.6470231099268405, 0.29962511944098447, 0.49071489005109425, 0.5471347769556957, 0.057813176573264485, 0.10938890739579918, -0.1137597976245884], [-0.4606148113445704, -0.6385729880994666, -0.5039071030737927, 0.14384157386360924, -0.06017009877293755, -0.34412878694175614, 0.2219716013094161, -0.7032221379837627, 0.20626923605419323, 0.019146633928524153, 0.5832803572889109, 0.44011807508902745, -0.11694123594643152]], "inverted": false, "swapped": true, "error_lsq": 0.04002712860384628, "error_max": 0.20049114838646298, "target": "275.xyz", "model": "4.xyz", "model_rescale": 3.8936222436046832, "target_rescale": 4.065773477815758},
{"mapping": [10, 13, 4, 11, 5, 12, 2, 1, 6, 9, 0, 14], "R": [[0.6160738499924252, 0.35112181732383585, -0.705100333821165], [0.5614028091860923, -0.8236304258189003, 0.08037292767680804], [-0.5525213997606566, -0.4453609671542672, -0.7045379420172777]], "T": [-0.05635349678336998, -0.21356477071634422, 0.04904435320833917], "aligned_model": [[0.04254794318661631, -0.5539494215804266, -0.18097589886071946, 0.3868227742795236, -0.6145600132280883, -0.7219783653776498, -0.22273547511610348, 0.05019464915423011, 0.6367009752849232, 0.4151553981203404, -0.10825171009863283, -0.10142281354891608], [-0.544678041110402, -0.3814647097981966, 0.17205343969472925, -0.07228157245694572, 0.3078829152812134, -0.004292805606867012, -0.17162812497253735, 0.357867527382777, -0.004573780817434481, -0.571204549738785, 0.6789496619019324, -0.09770705464967686], [-0.5857049568961794, -0.26080947352009165, -0.7122349980885178, -0.4268358147495256, -0.1934569146642433, 0.32303681811401347, 0.7709556709848251, 0.5338761385968747, 0.08874946247281729, 0.12077954431517945, -0.14446655812367276, 0.10539580083403893]], "inverted": false, "swapped": true, "error_lsq": 0.039844715478591336, "error_max": 0.22027590662767146, "target": "275.xyz", "model": "5.xyz", "model_rescale": 3.6523030999806103, "target_rescale": 4.065773477815758},
{"mapping": [8, 13, 4, 10, 11, 7, 5, 9, 12, 1, 0, 6, 14], "R": [[-0.7149273336206501, -0.6556398231850609, 0.24293071007167888], [-0.6585979255864383, 0.5147888170283696, -0.5488544855203173], [0.23479284498320696, -0.5523847355932222, -0.7998396238173612]], "T": [0.04727662993678346, -0.16943637169036682, -0.03203267438799233], "aligned_model": [[0.22277827231540814, -0.18527722440570676, 0.2740685460099658, 0.5103566302739415, 0.6435467906078086, -0.2784728674454504, -0.3800849143278952, 0.4638247147276405, -0.6875853955880014, -0.20350049524286024, -0.03776236591281375, 0.5772547424480221, -0.038063528795764384], [-0.6359705800198735, -0.06796700168073452, 0.57070608551732, -0.1319793755948464, 0.12522190296950378, -0.6967436408558791, 0.484308811015308, -0.5828676603662623, -0.029098484428168037, 0.03932695781138171, 0.6876418882731883, -0.12731157634321602, -0.09444042213453897], [0.5326280619632751, 0.5224257637630383, 0.34814224305600816, 0.521571937287692, -0.010434520137235836, 0.11750075471947817, 0.14765710196613885, -0.13660346264422862, 0.014937238720446125, -0.7150245810593637, -0.34010269120969344, -0.5249088583231428, -0.10767924862062289]], "inverted": true, "swapped": true, "error_lsq": 0.04637234032360822, "error_max": 0.27293199187741296, "target": "275.xyz", "model": "6.xyz", "model_rescale": 4.08911054899281, "target_rescale": 4.065773477815758},
{"mapping": [1, 9, 8, 10, 2, 0, 11, 4, 5, 12, 7, 13, 3, 6, 14], "R": [[-0.8127368782369863, 0.31597172735880646, -0.4895106068957959], [-0.3698286948703708, -0.9289886684173406, 0.014380208713879919], [-0.45020606748918485, 0.19272239481199044, 0.8718787618320881]], "T": [0.026946632522303206, -0.0011401855721861892, -0.009348917928953579], "aligned_model": [[0.5841228129146628, 0.05852399686701198, -0.44939658286086037, -0.2044434420748866, 0.4864125607326003, 0.04727670045930036, 0.3252931378371483, -0.6693409257684565, -0.3822841103771437, 0.28709205747152267, 0.11941736581306842, 0.6933506812577119, -0.4672336030640694, -0.11205024609361727, 0.07558573327886184], [-0.45986446996555363, -0.7536133371529278, -0.3281323355104547, 0.1972236367939903, -0.0025130568721190754, -0.6427460476128674, -0.0967272211710139, 0.07769005586092782, 0.6390190472145183, 0.5292845895825964, 0.5880242357051174, 0.30170510753609414, -0.5111951145466781, -0.03863211706445654, -0.1450689222508144], [0.12131398333444567, -0.2269364500142697, -0.37173303502317967, -0.6623307904615455, 0.6532435053068532, 0.6780991086422196, -0.5057192880650087, 0.06693292071789426, -0.06616075936392961, -0.408066654919905, 0.4842333069567272, -0.0185627457349246, 0.34005242787612006, 0.4685811912517564, -0.07479751701039268]], "inverted": true, "swapped": false, "error_lsq": 0.0454216781823579, "error_max": 0.2577152974251621, "target": "275.xyz", "model": "7.xyz", "model_rescale": 3.964800864290218, "target_rescale": 4.065773477815758},
{"mapping": [9, 7, 8, 6, 10, 1, 11, 7, 12, 5, 0, 4, 13, 14], "R": [[0.8220396689644649, -0.23965672409509592, -0.5165418059022912], [-0.5440270249122767, -0.5984585256362418, -0.5881173260994723], [-0.1681825758332001, 0.7644684739669145, -0.6223363829126553]], "T": [4.244486184633994e-05, -0.08821901979384912, -0.012655006844405056], "aligned_model": [[-0.1511859552754384, 0.49265466294758997, 0.4973507244339854, -0.6747244398006107, 0.13712455677394694, -0.44452347345190074, -0.42790620855148437, 0.49265466294758997, 0.3898494729800697, 0.12114020698280509, -0.5069636376944734, -0.1274774954969689, 0.5001597805753841, -0.036964967909621824], [-0.046891727761878846, -0.39220712599868074, 0.22996349937392363, -0.06597285752819905, 0.5941137256845319, -0.630276533521397, 0.4169146624483013, -0.39220712599868074, -0.4734161015716492, 0.00376199015258398, -0.030222639055096243, 0.5886029396695796, 0.1744442057209955, -0.16565844543313202], [-0.5878026514374214, -0.2799570297676345, -0.4803526664077588, -0.2768007818283399, -0.20747466288301086, 0.2727990786439303, -0.07994539772916877, -0.2799570297676345, 0.49881032034457146, 0.7742273826979552, 0.7464913307308257, 0.5064105940290297, 0.21689274055798313, 0.09347381154169486]], "inverted": true, "swapped": true, "error_lsq": 0.044146370314714474, "error_max": 0.324391309079791, "target": "275.xyz", "model": "8.xyz", "model_rescale": 4.121658175737393, "target_rescale": 4.065773477815758},
{"mapping": [13, 12, 7, 8, 5, 4, 1, 6, 3, 0, 10, 9, 14], "R": [[-0.24346726488395665, 0.13555544107541415, -0.9603897195018154], [-0.08348876975114966, 0.9835809899345518, 0.1599939422753463], [0.9663091204450909, 0.11913504368663845, -0.228152416402759]], "T": [0.03101082470386319, 0.011761646297786789, -0.04445807273895068], "aligned_model": [[-0.4329717454319199, -0.21398685312236893, 0.2869397488205962, 0.05109765399864211, -0.6416386432633406, -0.737699247519863, 0.2702415709980141, 0.3911394151814842, 0.7371691020442637, -0.4346345878280978, -0.2809167631169731, 0.47229811720027964, 0.009699728474480841], [0.21973465951191848, -0.4237077458359743, 0.18679377347519002, 0.7186663733170756, -0.407122717356135, 0.04785652013037834, -0.6959642617945572, -0.05916952394422618, -0.013031132437399486, -0.6533723558348506, 0.6294931796512292, 0.36284645441892477, -0.12263578388986354], [-0.3810125085162969, -0.603265408295158, -0.6015846991322794, -0.30364712999765664, -0.164406612884513, 0.34484949584395475, 0.07736937851497798, 0.580725418904256, -0.16253306588554894, 0.3768411306506914, 0.16394804999842666, 0.14887524085029896, -0.05508385609206382]], "inverted": false, "swapped": true, "error_lsq": 0.044842719358036916, "error_max": 0.25047234480616837, "target": "275.xyz", "model": "9.xyz", "model_rescale": 3.833441315466971, "target_rescale": 4.065773477815758},
{"mapping": [10, 8, 9, 2, 12, 11, 13, 3, 4, 5, 1, 0, 7, 6, 14], "R": [[0.5035754817203775, -0.8319429203705901, 0.2329865048781669], [-0.62554657139708, -0.5371139850866855, -0.5658622217798764], [0.5959053794214715, 0.139210431611838, -0.7908964752146757]], "T": [0.05153014004071636, -0.03547500061082627, 0.11639016049611721], "aligned_model": [[0.6718075604156696, 0.1124704243208965, -0.4006843194890864, -0.16182522166247298, 0.3078784526394468, 0.029549939129563312, 0.4227400167960093, -0.7641232419484367, -0.4673293957888089, 0.11552921864183535, 0.47053611392576805, 0.6828778470284914, -0.4622569381161295, -0.14110868256800002, -0.023735636931891194], [-0.5734937131506945, -0.736505182029732, -0.4856258826356606, 0.001501674545445572, -0.04451873404036148, -0.6244738265687161, 0.11673613170091389, 0.030627804827931635, 0.5689879151515491, 0.5096395474040458, 0.5141501588612168, 0.17682600295172585, -0.42054288156781633, 0.3858867472201333, -0.06474171212362245], [0.07707184097701468, -0.2188744049866776, -0.3843856301898411, -0.5690020411333757, 0.6615725252367716, 0.4598058485939436, -0.5726102313864659, -0.1745768983102275, 0.15274873083456575, -0.27881794790724057, 0.37707217145543875, -0.025565179210701214, 0.2943214454242059, 0.6129524723298707, 0.06643650176557989]], "inverted": false, "swapped": false, "error_lsq": 0.04851304436182521, "error_max": 0.30323694410841495, "target": "275.xyz", "model": "10.xyz", "model_rescale": 4.2482417240324, "target_rescale": 4.065773477815758},
{"mapping": [6, 9, 7, 8, 0, 5, 1, 13, 10, 4, 11, 14], "R": [[0.8006159140980863, -0.3096640503886096, -0.5129545145427675], [-0.17373940821438086, 0.6993393777308564, -0.6933534832885282], [0.5734359389907494, 0.6442302466136927, 0.5061013863069913]], "T": [0.03766459649721872, -0.024617298454126767, 0.10480285386183896], "aligned_model": [[-0.6203705674843072, -0.08103890589082953, 0.5272549482658287, 0.5743941828361911, -0.5045838130061565, 0.12213452876182242, -0.4484772577389758, 0.5379798687659049, 0.21963830961587488, -0.0817639321591792, -0.3596403515250003, -0.008761408078166028], [-0.3178717532487199, -0.6008412542184108, -0.29262881845963895, -0.439749820483039, 0.7116546965681119, 0.7720839484567622, 0.1928843971277255, 0.24973118189383733, -0.15483073121875135, 0.5426397251191056, -0.06970437536677995, 0.07276419388043667], [0.023748683571700457, 0.008635195681740815, 0.41301876873261667, -0.22212692682248458, 0.08046930667243858, 0.08380230941145345, 0.6426767692132264, -0.11018325620588898, -0.5824046904788857, -0.5337382127587315, -0.4271219691834439, 0.1884163120206147]], "inverted": true, "swapped": true, "error_lsq": 0.04762781166026813, "error_max": 0.23167056372443137, "target": "275.xyz", "model": "11.xyz", "model_rescale": 3.6694154284099745, "target_rescale": 4.065773477815758},
{"mapping": [11, 4, 13, 5, 0, 9, 6, 3, 12, 2, 7, 1, 8, 14], "R": [[0.3719037258005829, -0.9242226733760474, 0.08660293732476299], [-0.639341408851944, -0.1873901389731027, 0.7457395649574002], [-0.6730008779064527, -0.33271216664449355, -0.6605849169515381]], "T": [-0.04405362675831647, 0.03650013437398457, -0.04113147276997882], "aligned_model": [[-0.044419679513663705, 0.2417091217211324, -0.17519694622331455, 0.5175291692267695, 0.8079418270901002, -0.4568174185327226, 0.0574510827082746, -0.25933167062999873, 0.3043004196107762, 0.12770754068521614, -0.41056404297694465, 0.5679014288966128, -0.7643102241464887, 0.08436424234006087], [-0.3784780062689793, 0.1710578023271827, 0.578650213274398, 0.5326935078316509, -0.0242933279392447, -0.3828014571249125, -0.6802570457989979, -0.28130825455607233, 0.6378998355754222, 0.1303728628463064, 0.33592815463518094, -0.19416354001465852, 0.22652763853294655, 0.05915890481603171], [-0.5613440181714809, -0.8436352320057835, -0.2874568867340212, -0.32525463012192474, -0.36843837972946597, 0.05470700970016372, -0.08029994786243423, 0.5637396625082773, 0.23974385485799726, 0.6746084296467679, 0.3861142563671482, 0.3399912345206261, -0.15256182221714445, -0.0008180711063104709]], "inverted": false, "swapped": true, "error_lsq": 0.04596649180158074, "error_max": 0.29402397941733976, "target": "275.xyz", "model": "12.xyz", "model_rescale": 3.9764082729961374, "target_rescale": 4.065773477815758},
{"mapping": [6, 13, 11, 10, 5, 4, 12, 8, 2, 1, 0, 9, 3, 7, 15], "R": [[0.9098127144988016, -0.2898466987180882, -0.29703487300071013], [-0.41462401468388066, -0.6035818778148626, -0.6810108980191913], [0.01810389415963537, 0.7427501652747781, -0.6693238685423871]], "T": [0.08237334661379482, -0.10346940481817268, 0.01784275188503967], "aligned_model": [[0.4089431853633755, 0.26779845135967273, -0.44815563189056706, -0.2112435733536488, 0.8329928904676924, 0.21105876281278474, 0.4427133396451835, -0.5737022909705247, -0.3111864823757864, 0.022172869000200837, 0.19708076978513556, 0.49685448800932697, -0.6703077175560292, -0.3094056885963874, 0.036712764692425806], [-0.7614000947617197, -0.5452805519082198, -0.4786612796642238, 0.06345326483092478, -0.06270741787418616, -0.22292737447596533, 0.012456858206709859, 0.07082659681116538, 0.5801008491384568, 0.4131769091981209, 0.40278354141087636, 0.3297707426620037, -0.4117818215057676, 0.12187565777923967, -0.15723182930105636], [0.22793357355203372, -0.36281587079919153, -0.4385723648300336, -0.7115904702979887, 0.38896627126863137, 0.7142862735880983, -0.49589816133045705, -0.17923210250512156, 0.1365941005825597, -0.3465403802293161, 0.525443081875141, 0.06264771317766879, 0.2343101089392787, 0.6234519404346665, 0.0991654900668919]], "inverted": false, "swapped": false, "error_lsq": 0.049955376856241865, "error_max": 0.38322631451718, "target": "275.xyz", "model": "13.xyz", "model_rescale": 4.170626492500431, "target_rescale": 4.065773477815758},
{"mapping": [11, 4, 6, 0, 3, 2, 1, 10, 8, 5, 13, 12, 7, 14], "R": [[-0.20499010846275645, 0.9693129630808139, 0.13568874321741145], [-0.7081843200871527, -0.051193948373526074, -0.7041691191983828], [-0.6756138129250503, -0.24044034447950288, 0.6969464947407753]], "T": [0.05952588084349181, 0.08358030402076189, 0.025480883348456024], "aligned_model": [[0.1815070806901186, 0.011932806419154826, -0.06348794269153997, -0.6720213911721142, 0.08434180667322815, -0.2969135774163516, -0.6443316697834938, 0.6328801527924213, 0.791390340394132, -0.37677693562869696, 0.28044266139737434, -0.32158916257256437, 0.30951496151869956, -0.07370610852872392], [-0.3890558359054854, -0.7734785416998438, 0.06288910519642071, -0.4624686729648795, 0.7431217470995994, 0.7163581221012982, 0.293940551694523, -0.3535699701041628, 0.1643572375067732, -0.3755641246956227, -0.15029155921633597, 0.2186302374965924, 0.5759727995454184, 0.08523337187137052], [-0.42680635914110987, 0.10892806574566502, -0.6886743549051009, -0.032751524477822674, -0.2530961315451645, 0.17760169469457995, -0.156953634933124, -0.024405948659237453, 0.18405654686349837, 0.5165361908958903, 0.5434588901328136, 0.656698699199033, 0.3441986699157773, 0.055082297335168146]], "inverted": false, "swapped": true, "error_lsq": 0.04646888478255604, "error_max": 0.3028392611669156, "target": "275.xyz", "model": "14.xyz", "model_rescale": 3.9786697098870705, "target_rescale": 4.065773477815758},
{"mapping": [5, 7, 0, 4, 1, 6, 8, 9, 11, 13, 3, 14], "R": [[0.972452633937429, -0.07756391165985138, 0.21981745689589766], [0.20408969341736716, -0.17229738114742565, -0.9636705917950097], [0.11262003280483508, 0.9819864826247671, -0.15172104716642434]], "T": [-0.05388316284880617, -0.003659724305771595, -0.011756993427027507], "aligned_model": [[0.20009255345068794, -0.683042404900988, 0.6117827134675744, 0.6367736961331758, 0.030263249138759697, 0.34006225680068597, -0.377715490788149, -0.128912949565788, 0.5324710525139544, -0.16290563144088935, -0.4784842461554843, -0.03703020188620305], [-0.4819190365076332, -0.06605257903729383, -0.00693071824229698, -0.5168668301921453, 0.48969882956555133, 0.5754159697936475, -0.3301529842166397, 0.32957326409362425, 0.045727874470229815, -0.6034987545933038, 0.5599318416443795, 0.01974761344632003], [-0.6025813624028898, 0.07065488313807795, -0.639132599813185, -0.06998042187302206, -0.5796178544733173, 0.17547702499631435, 0.5847591553989285, 0.4768114190837339, 0.2990125076709461, -0.022184214647525905, 0.1119133966629008, -0.1451654398671316]], "inverted": false, "swapped": true, "error_lsq": 0.0581257775400165, "error_max": 0.3714264971048282, "target": "275.xyz", "model": "15.xyz", "model_rescale": 3.769337070930944, "target_rescale": 4.065773477815758},
{"mapping": [13, 11, 12, 5, 7, 9, 2, 6, 1, 0, 14], "R": [[0.4218138798921959, -0.13803290207205723, 0.896113814577065], [0.6494082741410688, 0.7357078636880121, -0.19236120394908263], [-0.632725804916641, 0.6630843515369579, 0.39997149715873676]], "T": [0.02303640872846706, -0.06289047559637798, -0.1527615853958521], "aligned_model": [[-0.3640277487476969, -0.23242567723993013, -0.12524803419180464, -0.6266941558689544, 0.3832180911744196, 0.42998949316029084, 0.5150087679281649, 0.2580076826704453, 0.21568082391469207, -0.5312645749794073, 0.00038146287095121995], [0.11838727805656538, -0.6406865378214769, 0.6703443299472527, 0.3806686740727584, 0.21588421341877115, -0.48961919243165253, 0.47772533769661285, -0.5376529286359094, 0.26638238341276255, 0.10093217360380138, 0.0336987663058565], [-0.5876422608510743, 0.05632910475812458, -0.2007359100314371, 0.0002565289765113776, -0.5989451417660046, -0.24030915221080276, -0.025108399360486255, 0.3421801732186958, 0.5010095920463182, 0.5562055992123671, -0.05902252676843525]], "inverted": true, "swapped": true, "error_lsq": 0.038556970787501456, "error_max": 0.2491582419062557, "target": "275.xyz", "model": "16.xyz", "model_rescale": 3.7852294659196426, "target_rescale": 4.065773477815758},
{"mapping": [1, 3, 7, 2, 6, 9, 10, 8, 12, 5, 4, 13, 14], "R": [[-0.569966424893815, -0.4834843185793061, 0.6643652520877856], [0.6173917692650498, 0.2815349291701268, 0.7345512146208342], [-0.542186017652184, 0.8288431681235453, 0.13803378179775427]], "T": [-0.06500378766405739, 0.09896451751455784, -0.013435008007181344], "aligned_model": [[-0.06505655306582563, -0.3661514086316822, 0.1575234403590982, 0.15000937365660894, -0.7206976830233379, -0.5741055448590264, -0.24590003284561063, -0.10676810408008924, 0.638111646558002, 0.540816783635616, 0.06171831860282874, 0.38592644792400477, -0.0016608340143032113], [-0.282954500437549, -0.5415110014436989, -0.30796237636973234, -0.597685621071393, 0.06937321459235893, -0.05202623567524961, 0.6622097080461916, 0.20504665858229076, -0.10851431217891755, 0.4498142121041516, 0.9199147274433662, 0.3939610675893557, 0.06539008252170002], [-0.6669540205683525, 0.09754750656621583, 0.4240785042438357, -0.15144051721245239, -0.32127928876358935, 0.2574708435867672, 0.4017222912897793, 0.7310776261480603, -0.16997354410858975, -0.4035567791888094, -0.24529845620947918, 0.2719427170048489, -0.1295821856450606]], "inverted": false, "swapped": true, "error_lsq": 0.04185988356554974, "error_max": 0.26425262200536825, "target": "275.xyz", "model": "17.xyz", "model_rescale": 3.901054581598922, "target_rescale": 4.065773477815758},
{"mapping": [2, 8, 4, 10, 3, 0, 5, 6, 11, 9, 12, 13, 1, 7, 14], "R": [[-0.47404747005782444, 0.8652068384120681, -0.16338948220974775], [0.6203472441247133, 0.4598734129206762, 0.6353626844531888], [0.6248586182798869, 0.19983385812640103, -0.7547305057486865]], "T": [0.009901803395560571, -0.07578727690679371, -0.005455007346015242], "aligned_model": [[0.7084932781505292, 0.10919593598552181, -0.4925421619767356, -0.3121087016874533, 0.47070316969701975, 0.09193181396978761, 0.46654283889477083, -0.6910167185141608, -0.3441124506944291, 0.2660099216287103, 0.15086382494296224, 0.6878600202934371, -0.4556082328194667, -0.2844141924844303, 0.020527791006791675], [-0.5031788938829655, -0.6572383241439277, -0.4743684683354868, 0.18937112735205247, -0.011408889877670692, -0.5032559049395857, -0.12018210505673779, 0.13431026980671618, 0.6390141713612012, 0.41166308052185, 0.5213418420260592, 0.18372275000797234, -0.4955139630121602, 0.06255748253579285, -0.022380123816750683], [0.10875733492170701, -0.30954974100630095, -0.4683341118755396, -0.7114677575112974, 0.6002870281864479, 0.6158711291655916, -0.42924046123437865, 0.1627650621433196, -0.026990707514827142, -0.3673809695980431, 0.413521874929076, 0.01755369474532351, 0.2992012983329044, 0.5723995123223752, 0.000756017486502978]], "inverted": false, "swapped": false, "error_lsq": 0.039148597951532, "error_max": 0.26458888611831016, "target": "275.xyz", "model": "18.xyz", "model_rescale": 3.9405287249114394, "target_rescale": 4.065773477815758},
{"mapping": [3, 1, 6, 8, 14, 10, 4, 5, 9, 7, 13, 12, 2, 11, 15], "R": [[0.5632796814097962, 0.3949537072242114, -0.7257599945303753], [0.3321791577896722, -0.9124963666639505, -0.23876219959456174], [-0.7565533739538953, -0.10659244802021028, -0.6451860525337139]], "T": [0.13308119444231745, -0.010930060451685666, -0.03325747771456866], "aligned_model": [[0.5395614702155644, 0.2041100336168311, -0.36557411515710037, -0.3898616647107227, 0.49619574602471517, -0.047602581282509826, 0.5115923603538215, -0.6981528586191345, -0.35004271034481027, 0.013297929680991347, 0.343987466022173, 0.6734543387796698, -0.4678173991238407, -0.17994834639253823, 0.10912646732974506], [-0.6816972690525733, -0.6263561444997363, -0.4273784262612843, 0.08168312032836576, -0.010337992837407176, -0.3933392494828534, 0.24825119188422157, -0.023790185546972722, 0.5748031478704624, 0.6063439432640406, 0.5152434795693009, -0.10090122052554233, -0.5998807699033064, 0.227444392930796, -0.035633967191152], [0.2988174116508326, -0.2606889246568097, -0.4023063856048961, -0.5719834937399709, 0.6507647689713413, 0.6293288353653733, -0.6026601509906807, -0.02112450724429743, 0.07862526558580107, -0.34988079138748573, 0.3272834988221273, -0.03966976617660137, 0.1844194046126369, 0.5704008100933091, -0.013176771807818791]], "inverted": true, "swapped": false, "error_lsq": 0.04436600587524909, "error_max": 0.36441173000514177, "target": "275.xyz", "model": "19.xyz", "model_rescale": 4.410303926677745, "target_rescale": 4.065773477815758},
{"mapping": [9, 7, 8, 6, 10, 1, 11, 7, 12, 5, 0, 4, 13, 14], "R": [[0.8220396689644649, -0.23965672409509592, -0.5165418059022912], [-0.5440270249122767, -0.5984585256362418, -0.5881173260994723], [-0.1681825758332001, 0.7644684739669145, -0.6223363829126553]], "T": [4.244486184633994e-05, -0.08821901979384912, -0.012655006844405056], "aligned_model": [[-0.1511859552754384, 0.49265466294758997, 0.4973507244339854, -0.6747244398006107, 0.13712455677394694, -0.44452347345190074, -0.42790620855148437, 0.49265466294758997, 0.3898494729800697, 0.12114020698280509, -0.5069636376944734, -0.1274774954969689, 0.5001597805753841, -0.036964967909621824], [-0.046891727761878846, -0.39220712599868074, 0.22996349937392363, -0.06597285752819905, 0.5941137256845319, -0.630276533521397, 0.4169146624483013, -0.39220712599868074, -0.4734161015716492, 0.00376199015258398, -0.030222639055096243, 0.5886029396695796, 0.1744442057209955, -0.16565844543313202], [-0.5878026514374214, -0.2799570297676345, -0.4803526664077588, -0.2768007818283399, -0.20747466288301086, 0.2727990786439303, -0.07994539772916877, -0.2799570297676345, 0.49881032034457146, 0.7742273826979552, 0.7464913307308257, 0.5064105940290297, 0.21689274055798313, 0.09347381154169486]], "inverted": true, "swapped": true, "error_lsq": 0.044146370314714474, "error_max": 0.324391309079791, "target": "275.xyz", "model": "20.xyz", "model_rescale": 4.121658175737393, "target_rescale": 4.065773477815758},
{"mapping": [8, 13, 4, 10, 11, 7, 5, 9, 12, 1, 0, 6, 14], "R": [[-0.7149273336206501, -0.6556398231850609, 0.24293071007167888], [-0.6585979255864383, 0.5147888170283696, -0.5488544855203173], [0.23479284498320696, -0.5523847355932222, -0.7998396238173612]], "T": [0.04727662993678346, -0.16943637169036682, -0.03203267438799233], "aligned_model": [[0.22277827231540814, -0.18527722440570676, 0.2740685460099658, 0.5103566302739415, 0.6435467906078086, -0.2784728674454504, -0.3800849143278952, 0.4638247147276405, -0.6875853955880014, -0.20350049524286024, -0.03776236591281375, 0.5772547424480221, -0.038063528795764384], [-0.6359705800198735, -0.06796700168073452, 0.57070608551732, -0.1319793755948464, 0.12522190296950378, -0.6967436408558791, 0.484308811015308, -0.5828676603662623, -0.029098484428168037, 0.03932695781138171, 0.6876418882731883, -0.12731157634321602, -0.09444042213453897], [0.5326280619632751, 0.5224257637630383, 0.34814224305600816, 0.521571937287692, -0.010434520137235836, 0.11750075471947817, 0.14765710196613885, -0.13660346264422862, 0.014937238720446125, -0.7150245810593637, -0.34010269120969344, -0.5249088583231428, -0.10767924862062289]], "inverted": true, "swapped": true, "error_lsq": 0.04637234032360822, "error_max": 0.27293199187741296, "target": "275.xyz", "model": "21.xyz", "model_rescale": 4.08911054899281, "target_rescale": 4.065773477815758},
{"mapping": [2, 1, 8, 6, 3, 15, 0, 5, 10, 7, 12, 13, 11, 9, 16], "R": [[0.44489345000987646, -0.8931451796675243, 0.0660417002732015], [0.7738926160022379, 0.3462822088760632, -0.5302630014560017], [0.45073277785792615, 0.2870197203200163, 0.8452571461466014]], "T": [0.054594007077037765, -0.07284561866560453, 0.06461333786072183], "aligned_model": [[0.5154181457312347, 0.0605451123957106, -0.41452535843600463, -0.16828265092722114, 0.7758274803902133, 0.02545674744545707, 0.44296816567477915, -0.6340960946542851, -0.3854633625025112, 0.19097847051812253, 0.1726975597415713, 0.5695324374075095, -0.4853080090205345, -0.3666455224993376, 0.09322301512815052], [-0.6145037468168993, -0.7926294232284412, -0.36854875184404123, 0.12553256785405198, 0.042882585208117316, -0.6139371016727642, -0.09653520684564094, 0.07376942727778903, 0.5965726455001168, 0.5287197785587071, 0.5596138348122334, 0.3408053118555901, -0.6069625424477985, 0.23895231191548116, -0.05927763958014255], [0.18911801574274262, -0.2698627304918193, -0.35161820345873346, -0.6184212286008839, 0.5344091265766836, 0.5523407668745595, -0.60522523562145, 0.10864771112167022, -0.032154984926322946, -0.2893845985791355, 0.4265747951854145, 0.086090923292467, 0.16010132140666566, 0.5471969272731106, 0.04033659769789276]], "inverted": false, "swapped": false, "error_lsq": 0.04349549107283916, "error_max": 0.2555054028066071, "target": "275.xyz", "model": "22.xyz", "model_rescale": 4.204369325754507, "target_rescale": 4.065773477815758},
{"mapping": [3, 1, 6, 8, 14, 10, 4, 5, 9, 7, 13, 12, 2, 11, 15], "R": [[0.5632796814097962, 0.3949537072242114, -0.7257599945303753], [0.3321791577896722, -0.9124963666639505, -0.23876219959456174], [-0.7565533739538953, -0.10659244802021028, -0.6451860525337139]], "T": [0.13308119444231745, -0.010930060451685666, -0.03325747771456866], "aligned_model": [[0.5395614702155644, 0.2041100336168311, -0.36557411515710037, -0.3898616647107227, 0.49619574602471517, -0.047602581282509826, 0.5115923603538215, -0.6981528586191345, -0.35004271034481027, 0.013297929680991347, 0.343987466022173, 0.6734543387796698, -0.4678173991238407, -0.17994834639253823, 0.10912646732974506], [-0.6816972690525733, -0.6263561444997363, -0.4273784262612843, 0.08168312032836576, -0.010337992837407176, -0.3933392494828534, 0.24825119188422157, -0.023790185546972722, 0.5748031478704624, 0.6063439432640406, 0.5152434795693009, -0.10090122052554233, -0.5998807699033064, 0.227444392930796, -0.035633967191152], [0.2988174116508326, -0.2606889246568097, -0.4023063856048961, -0.5719834937399709, 0.6507647689713413, 0.6293288353653733, -0.6026601509906807, -0.02112450724429743, 0.07862526558580107, -0.34988079138748573, 0.3272834988221273, -0.03966976617660137, 0.1844194046126369, 0.5704008100933091, -0.013176771807818791]], "inverted": true, "swapped": false, "error_lsq": 0.04436600587524909, "error_max": 0.36441173000514177, "target": "275.xyz", "model": "23.xyz", "model_rescale": 4.410303926677745, "target_rescale": 4.065773477815758},
{"mapping": [12, 0, 3, 1, 6, 5, 7, 10, 9, 11, 14, 13, 4, 15, 16], "R": [[0.1865992804315308, -0.9694929203496021, 0.15894711678553694], [-0.7737654113775602, -0.24472151692026162, -0.5842931347465599], [0.6053658370755244, -0.013959102702046533, -0.7958249473053756]], "T": [-0.004996137859186272, 0.0028351467639731245, 0.0472399677332496], "aligned_model": [[0.5839367899214014, 0.19839973663515628, -0.5211227242273787, -0.1677101960547674, 0.5255012371632858, 0.02832955037537276, 0.4156918352161102, -0.5995862838086983, -0.34247446579794927, -0.016352746012833982, 0.26454574355288485, 0.6807361945848508, -0.5245915237717141, -0.07255056641180797, -0.06042644497105783], [-0.5342044629313134, -0.6488744411280283, -0.58102547151686, -0.050287225258653416, -0.01917254271859855, -0.4434840873044536, -0.012630789483385578, 0.17841260042385138, 0.48281811262858626, 0.5460103488551897, 0.5563099978449937, 0.14806154454165002, -0.4129716861478786, 0.21513543550338615, -0.06964328276212686], [0.1517497709950352, -0.2757004948515543, -0.402171992386529, -0.7936152507357519, 0.5912861849406692, 0.48915689797263123, -0.46726302624063304, -0.15130237631875945, 0.26665900583124713, -0.277649573334439, 0.3285987305260916, 0.10078513986405352, 0.22333563955222702, 0.72523641124814, -0.030955863569567442]], "inverted": true, "swapped": false, "error_lsq": 0.04070796114005293, "error_max": 0.2575295498444196, "target": "275.xyz", "model": "24.xyz", "model_rescale": 4.28219845311461, "target_rescale": 4.065773477815758},
{"mapping": [3, 1, 0, 6, 9, 7, 8, 2, 14, 10, 12, 11, 4, 13, 15], "R": [[0.36656657167475065, 0.8215254190996553, -0.4367206593507525], [0.1219816986768415, -0.5077788086235455, -0.8528078017353999], [-0.9223607828385445, 0.25933890430475093, -0.28634580317420244]], "T": [0.07693367395613766, -0.06024747400842872, 0.07916461603522737], "aligned_model": [[0.37345752742522115, 0.2805520044078444, -0.4717338809256995, -0.31969643781526663, 0.5958416530820008, 0.05972761222011515, 0.3373019442378245, -0.5909834946485928, -0.2005067208458105, 0.2361958972627976, 0.19000738171368653, 0.41270679185056, -0.31467591465140826, -0.22036698804364457, 0.02449876112322691], [-0.7652117247031182, -0.5403005461456322, -0.44533167734782153, 0.13758769168786641, -0.09708572830393619, -0.4037595043592653, -0.030158285648304493, 0.08294018344054738, 0.6359399844900653, 0.5043261962874022, 0.5578246301998716, 0.3683189755540062, -0.6610694799634389, 0.10743318257100651, -0.0969998472128891], [0.20222701657310482, -0.29227316109892976, -0.385838870612193, -0.7055282771472867, 0.5107328448227993, 0.7771971669911318, -0.5636798919938726, 0.03264607107481236, -0.056829776702767426, -0.45524808391116467, 0.5146196778343854, 0.07114695693161088, 0.22165468690522963, 0.5653867573663122, 0.041936086459688916]], "inverted": true, "swapped": false, "error_lsq": 0.04578008528213369, "error_max": 0.24071245743638534, "target": "275.xyz", "model": "25.xyz", "model_rescale": 4.100010024507729, "target_rescale": 4.065773477815758},
{"mapping": [6, 9, 7, 8, 0, 5, 1, 13, 10, 4, 11, 14], "R": [[0.8006159140980863, -0.3096640503886096, -0.5129545145427675], [-0.17373940821438086, 0.6993393777308564, -0.6933534832885282], [0.5734359389907494, 0.6442302466136927, 0.5061013863069913]], "T": [0.03766459649721872, -0.024617298454126767, 0.10480285386183896], "aligned_model": [[-0.6203705674843072, -0.08103890589082953, 0.5272549482658287, 0.5743941828361911, -0.5045838130061565, 0.12213452876182242, -0.4484772577389758, 0.5379798687659049, 0.21963830961587488, -0.0817639321591792, -0.3596403515250003, -0.008761408078166028], [-0.3178717532487199, -0.6008412542184108, -0.29262881845963895, -0.439749820483039, 0.7116546965681119, 0.7720839484567622, 0.1928843971277255, 0.24973118189383733, -0.15483073121875135, 0.5426397251191056, -0.06970437536677995, 0.07276419388043667], [0.023748683571700457, 0.008635195681740815, 0.41301876873261667, -0.22212692682248458, 0.08046930667243858, 0.08380230941145345, 0.6426767692132264, -0.11018325620588898, -0.5824046904788857, -0.5337382127587315, -0.4271219691834439, 0.1884163120206147]], "inverted": true, "swapped": true, "error_lsq": 0.04762781166026813, "error_max": 0.23167056372443137, "target": "275.xyz", "model": "26.xyz", "model_rescale": 3.6694154284099745, "target_rescale": 4.065773477815758},
