[{"mapping": [7, 10, 1, 3, 9, 6, 5, 2, 4, 8, 11], "R": [[0.9332097770137113, -0.002789706625381763, 0.35932120675373996], [-0.2079941182368657, 0.8112261041437612, 0.5464893912370165], [-0.29301528776650604, -0.5847259404992055, 0.756463889186015]], "T": [0.03449597913694151, -0.05214888107819783, 0.13053287153696932], "aligned_model": [[0.06522276328331623, 0.42481086272035556, -0.1522955418804559, 0.166644906889661, -0.26288400342030355, -0.5475875054071838, 0.6062673625426759, -0.17661728234663565, 0.3892681704134471, -0.5332891736500118, 0.08374631003927654], [-0.016269063180168145, -0.4970050448362753, 0.5562524285680591, -0.6042224488762709, -0.5750414541024634, -0.07096676800035713, 0.27303402803419335, 0.6221956873817944, -0.03657134708493055, -0.04681982267770268, -0.00464517627992405], [-0.815179459602706, -0.20341118243701203, -0.1806541037940713, 0.5201274703437782, 0.04390188702056799, -0.3007201766930816, -0.37545121247102, 0.5171086589327877, 0.8559586082427274, 0.4146017225264266, 0.1182830215562019]], "inverted": true, "swapped": false, "error_lsq": 0.04564674669291184, "error_max": 0.21092458414003068, "target": "276.xyz", "model": "0.xyz", "model_rescale": 3.751011558992144, "target_rescale": 3.7605703689895296},
{"mapping": [9, 11, 5, 7, 12, 13, 10, 8, 1, 0, 14], "R": [[0.26818146321777764, -0.7599639649376971, 0.5920586751180552], [-0.9595642853163989, -0.2652844742405211, 0.09413038867528045], [0.0855282709494401, -0.5933623848232253, -0.80037865735244]], "T": [0.01578944243936569, 0.029322147505134837, 0.12756732626594058], "aligned_model": [[0.04019927559972996, 0.4750926162438421, -0.21255210381673936, 0.05277123286131754, -0.1738133947198909, -0.541579493158551, 0.6551835135121167, -0.052870940879647325, 0.21371005760869585, -0.4069101433952833, 0.014056249328551294], [0.024529050747320806, -0.4993757240650768, 0.46106349946442354, -0.5415947612163783, -0.6368559251103765, -0.015590768596476769, 0.298283938719622, 0.6525057370361148, -0.012935629966930852, -0.12203440830001061, -0.008053989766276894], [-0.5308936122891476, -0.25485932559940616, -0.26172124312360245, 0.46277361246938076, -0.1411939875138784, -0.33592474259637967, -0.30979811003712354, 0.34515918650350136, 0.794446070694005, 0.7390579407887685, 0.08751944432848097]], "inverted": false, "swapped": false, "error_lsq": 0.047274008528560035, "error_max": 0.25563067671788503, "target": "276.xyz", "model": "1.xyz", "model_rescale": 3.9405287249114394, "target_rescale": 3.7605703689895296},
{"mapping": [10, 11, 8, 0, 5, 9, 3, 4, 1, 2, 12], "R": [[0.6337516313674014, 0.3919688455901977, 0.6668727718432095], [0.7556039154713563, -0.4982475110840863, -0.4252201084413448], [0.1655946637531323, 0.773375614940891, -0.6119383674450279]], "T": [0.1524900387339936, -0.020544676398264884, 0.11949634768810452], "aligned_model": [[0.10534156700585143, 0.16365807748989988, -0.28232354433344486, 0.285957512729915, -0.2962171135289666, -0.3836682091226913, 0.48562053070573874, 0.09718747018268006, 0.18319630811673113, -0.3774094167477149, 0.08194368668614305], [0.16736842947238392, -0.5616534271356277, 0.4862215885427816, -0.7144745968743701, -0.5921168044162883, -0.06548133826409896, 0.32502683566405843, 0.6533403121254177, 0.09846903259768111, -0.191301940526058, -0.005457072239925455], [-0.7014499389641451, -0.34385112864362194, -0.2739688614568963, 0.5706921889023753, 0.12608985644761428, -0.4812499687930409, -0.19099372290758104, 0.3052821653300171, 0.9018768142450662, 0.5122025372871364, 0.16993529217767478]], "inverted": false, "swapped": false, "error_lsq": 0.06525416058487667, "error_max": 0.36703216662200794, "target": "276.xyz", "model": "2.xyz", "model_rescale": 3.932901565614263, "target_rescale": 3.7605703689895296},
{"mapping": [5, 4, 9, 1, 6, 12, 7, 8, 0, 10, 13], "R": [[-0.7971807402779743, 0.020884714517790656, -0.6033793964243157], [-0.49171953948785313, 0.5574201430589867, 0.6689504305985255], [0.3503066682432904, 0.8299678384200254, -0.43409518008459397]], "T": [0.041266927517981646, 0.022011235594548657, 0.22934026793035883], "aligned_model": [[-0.03682850987696317, 0.6511670077120261, -0.16210433135636362, -0.015829738668420433, -0.22297930097339005, -0.559249968325923, 0.4941554721676872, -0.010130186845728494, 0.5887023399436307, -0.6231750948420978, -0.04044081975031571], [-0.07307236144406287, -0.41654421617250226, 0.5085073752298161, -0.49497525508617624, -0.5122162280215399, -0.045236718864634144, 0.3910579049067658, 0.7410388076650126, -0.2615336676721647, -0.22767710571514943, -0.009407515879410355], [-0.4789392657898794, -0.21666131552251594, -0.2822792944132753, 0.7568187604551071, -0.10452678424485218, -0.23755049079869528, -0.18107302296282485, 0.36770360400406865, 0.49176565960737756, 0.3258699081311382, 0.15343747515895073]], "inverted": false, "swapped": false, "error_lsq": 0.06145079666673381, "error_max": 0.338817882818618, "target": "276.xyz", "model": "3.xyz", "model_rescale": 3.9243930471874484, "target_rescale": 3.7605703689895296},
{"mapping": [8, 9, 4, 5, 1, 7, 10, 3, 6, 0, 12], "R": [[0.40766267376369103, -0.11866933933154056, -0.905388718906114], [-0.8699465351813079, 0.25084399794320045, -0.4245825180361399], [0.2774962528501529, 0.9607262235405503, -0.0009762456846297424]], "T": [0.11428660293974265, -0.028769390081511116, 0.009246572886171471], "aligned_model": [[0.17310959714904456, 0.39702003576338923, -0.18950692868211333, 0.036114306539432414, -0.342371267688908, -0.5805963853591845, 0.6045375519221188, -0.044663227530622365, 0.45078664028252713, -0.5113974674677747, 0.07025401425623266], [0.028277938007095355, -0.5432479233110548, 0.4211316081112369, -0.46149449909443807, -0.577924407000181, -0.03055175335156988, 0.44915500416970455, 0.46992877244992376, 0.08099912166686057, -0.1439780991414603, -0.09235474356016293], [-0.6149503724975998, -0.38198358518783027, -0.23089057836278817, 0.6258997751645149, 0.0019900883070665147, -0.3908199399165164, -0.1591873901984766, 0.43231685599039366, 0.6387186639542051, 0.573665522564168, 0.09980619380746206]], "inverted": true, "swapped": false, "error_lsq": 0.04713221535810879, "error_max": 0.2767209528773737, "target": "276.xyz", "model": "4.xyz", "model_rescale": 3.8936222436046832, "target_rescale": 3.7605703689895296},
{"mapping": [10, 2, 7, 0, 3, 8, 4, 6, 1, 9, 11], "R": [[0.8834525100142873, -0.17394813879981735, 0.4350329959411531], [0.40217672884768807, -0.19476581573847118, -0.8946061456267228], [0.2403446303182765, 0.9653021920765578, -0.10210845532747836]], "T": [-0.03953990345526496, 0.022900292179833998, 0.02309687820550435], "aligned_model": [[0.06038057208855136, 0.517868356961396, -0.2111350904833775, 0.0637798671142005, -0.20391263605344329, -0.7129146499607744, 0.6771306036904999, -0.1815538914394787, 0.4174642525440126, -0.4589113498853165, 0.09509083460787165], [-0.059640603263566475, -0.4529250862933384, 0.5654788971838132, -0.7053404658819026, -0.5188939859544924, -0.10512892162656548, 0.20252754230435388, 0.6656782493156388, -0.02075670838055481, -0.09083245842342774, 0.11977455996599659], [-0.5955066285995928, -0.11848244706572533, -0.286598256675201, 0.514735701208897, -0.07550635338606455, -0.2526526413073682, -0.2680079725046586, 0.4717361020199815, 0.6806301738358522, 0.46267439717188674, 0.06154315892659144]], "inverted": true, "swapped": false, "error_lsq": 0.04388495296902573, "error_max": 0.2275305366093677, "target": "276.xyz", "model": "5.xyz", "model_rescale": 3.6523030999806103, "target_rescale": 3.7605703689895296},
{"mapping": [1, 3, 6, 7, 5, 8, 2, 10, 11, 9, 12], "R": [[-0.8957803167808253, -0.16132161451670265, -0.4141895227522889], [0.13051705938488264, -0.9862017633571066, 0.10183996838597616], [-0.42490342582470136, 0.037167440604082266, 0.904475350731779]], "T": [0.006093867946197916, -0.027968243063176204, 0.021101444923005738], "aligned_model": [[0.16666952788740355, 0.5732698579523385, -0.2600757807216311, 0.1038918871002462, -0.3005895100375602, -0.6540455713562948, 0.5424975587584665, -0.03255379324353279, 0.32722988003933895, -0.43707376065187986, 0.03406657345724696], [-0.06481008478766766, -0.4273575919447072, 0.48417563056850227, -0.5916483472860278, -0.5814441583272398, -0.039598388964480896, 0.38208881570276404, 0.6626250668826315, -0.1305013248066993, 0.03573851161545814, -0.12932710970657885], [-0.6536081237998902, -0.016849145434994342, -0.27804205392277115, 0.3946229934982431, -0.23091690138896964, -0.11225433129308367, -0.3257932411826197, 0.38201733569210244, 0.8340760029665331, 0.5887340528233219, 0.012578645666727051]], "inverted": true, "swapped": false, "error_lsq": 0.05582515238349735, "error_max": 0.2805922526729234, "target": "276.xyz", "model": "6.xyz", "model_rescale": 4.08911054899281, "target_rescale": 3.7605703689895296},
{"mapping": [13, 1, 12, 3, 6, 7, 11, 10, 8, 4, 14], "R": [[-0.15470802694140545, -0.7566939529163437, 0.6352005100908967], [-0.17088626356177866, 0.6537461498460538, 0.737166098303059], [-0.973069016733033, 0.005498470814591205, -0.2304483792368898]], "T": [-0.0008321248599255293, -0.07751439875510772, 0.03881723540561137], "aligned_model": [[0.05333833751345172, 0.5260663523743687, -0.10807278662126614, 0.01499346798642679, -0.25924164681967665, -0.6506001954193708, 0.43637525216871864, 0.060275067420460716, 0.221704294357997, -0.39334288290722924, 0.16179160913026105], [0.10211477482037286, -0.42416864818671257, 0.5466595390463822, -0.652720462738995, -0.50381696132056, -0.17915264782939522, 0.2958352651452543, 0.5769448847617669, 0.04714035406602331, -0.11068662620770074, -0.09820845261048139], [-0.6687797143888798, -0.33555541970502506, -0.2881510411069099, 0.5822682183221931, 0.06398885760476557, -0.3695454530761102, -0.07946548055228461, 0.33415408676718833, 0.6713421029054999, 0.6233549996648756, 0.060954077189285916]], "inverted": false, "swapped": false, "error_lsq": 0.0512156274577769, "error_max": 0.24172589906058242, "target": "276.xyz", "model": "7.xyz", "model_rescale": 3.964800864290218, "target_rescale": 3.7605703689895296},
{"mapping": [7, 1, 9, 0, 2, 12, 8, 10, 3, 6, 13], "R": [[-0.18145054286717777, -0.9719954070177165, -0.14933395203258648], [-0.2537089193995243, -0.10044420386105735, 0.9620513219822759], [-0.9501091962034325, 0.21245209023961792, -0.22837824905731519]], "T": [-0.05582899105017344, -0.052175078293629974, 0.1261202616086492], "aligned_model": [[0.060787286639274685, 0.5183898981770461, -0.19836224574798333, 0.16792305118504466, -0.22710091325160323, -0.4738799330910666, 0.34476353538473603, 0.08255252446503714, 0.2111804868059883, -0.4035873382356582, -0.019379483146673857], [-0.2530919559411716, -0.42325996801001314, 0.553973335243804, -0.6300824182214331, -0.6682392279460715, 0.12360016363378676, 0.4027313518954033, 0.7113589969673388, -0.11837837374511503, -0.10922567824961771, 0.01055479331904368], [-0.5468479523628083, -0.18321541860175428, -0.16735051864028067, 0.48544950140953624, -0.04633152856046946, -0.4780414811992263, -0.34678918949636695, 0.39630591090616996, 0.7971536125747172, 0.5868969799723491, 0.09733531762273194]], "inverted": false, "swapped": false, "error_lsq": 0.05641531977114815, "error_max": 0.29500755083575636, "target": "276.xyz", "model": "8.xyz", "model_rescale": 4.121658175737393, "target_rescale": 3.7605703689895296},
{"mapping": [8, 6, 11, 4, 1, 2, 7, 10, 5, 0, 12], "R": [[0.02011957067571686, -0.5097785978886088, 0.860070336664711], [0.23062894424409908, 0.839410688412086, 0.49213817801142057], [-0.972833743736656, 0.18845550486592985, 0.13445828250074604]], "T": [0.04864575371659281, 0.019779562623892556, 0.0210972597075541], "aligned_model": [[0.10448856224146358, 0.3061138478487092, 0.05582022685883255, 0.14870073949036744, -0.29718581954405926, -0.5473044394730411, 0.6338061644692722, -0.15985575093442644, 0.263653721137771, -0.45359311222873216, 0.00864272931798464], [0.013447151334826542, -0.4968960119978857, 0.5949988287558297, -0.6551814892321395, -0.5733312429984094, -0.13785627308865303, 0.32308283661931414, 0.6097453477573069, 0.15435083487748974, -0.1745989572895258, -0.057820005792199085], [-0.7051222794337586, -0.36222842582265424, -0.247423498073425, 0.5890272694956736, 0.08069433097499995, -0.29881016658219506, -0.12314326159148736, 0.4511534485079713, 0.5844621972970694, 0.594505801370914, 0.0314498174814908]], "inverted": false, "swapped": false, "error_lsq": 0.04774015268769154, "error_max": 0.26295579691772347, "target": "276.xyz", "model": "9.xyz", "model_rescale": 3.833441315466971, "target_rescale": 3.7605703689895296},
{"mapping": [3, 4, 9, 1, 5, 2, 7, 8, 12, 0, 14], "R": [[0.32155961764620633, 0.530019590371704, -0.7846519267302141], [0.5070309330913584, 0.6034700392406954, 0.6154214366004329], [0.7996993467470963, -0.5957374804064666, -0.0746847323836854]], "T": [0.06992875187625389, -0.02027178438007383, 0.20903378305325887], "aligned_model": [[0.18606543012334406, 0.3164839785494053, -0.14607509969942756, 0.08438988430688119, -0.33257539485093557, -0.4403290079541806, 0.4809608928166673, -0.22593190669506089, 0.4349393816278564, -0.35629611425449814, 0.06165482521408994], [0.027871778851877697, -0.5684549122033883, 0.5222748788725956, -0.6336718966749152, -0.5265509326002971, 0.03412476366250301, 0.39596874260339726, 0.7008551465130823, -0.09264946130051903, -0.2813185041071167, 0.021491415328734585], [-0.6503359389131922, -0.315006633956954, -0.35390100964530974, 0.6203002548198315, 0.011278789660340655, -0.2942835015908442, -0.10988686474534104, 0.20769863246044867, 0.6828995545146623, 0.6716458617058161, 0.12415608931514034]], "inverted": false, "swapped": false, "error_lsq": 0.04880377306224304, "error_max": 0.23334240327862152, "target": "276.xyz", "model": "10.xyz", "model_rescale": 4.2482417240324, "target_rescale": 3.7605703689895296},
{"mapping": [9, 7, 4, 3, 8, 10, 5, 6, 2, 1, 11], "R": [[0.758809557349768, 0.5596115497656962, 0.33323110455580957], [-0.6084617854968586, 0.4265669320172132, 0.669189739983659], [0.23234093755647983, -0.7105459632411248, 0.6641853076191298]], "T": [-0.07034898562085808, -0.01719919678588272, 0.13012057871533833], "aligned_model": [[0.03650940812234495, 0.4408685498820962, -0.061640367868319834, 0.1803743816393945, -0.33225459477736974, -0.5014638618989292, 0.4962721665641174, 0.02810425113244336, 0.3271222994491125, -0.502025723930247, -0.04857963913050123], [-0.1405188914285434, -0.37351435540136824, 0.7025813450756802, -0.7264898980278716, -0.5659718455478786, -0.10781558739628738, 0.38560181948515276, 0.5832548983411836, -0.0077404236051427655, -0.1789335989406801, 0.029487556391710454], [-0.6777682990016218, -0.13493108762626177, -0.36755372418421967, 0.43362695540794355, 0.045788729346824375, -0.33991239431844616, -0.15426996527148584, 0.3542722638772188, 0.7543676416154523, 0.6655117726290963, 0.01543334115009884]], "inverted": false, "swapped": false, "error_lsq": 0.04480398978867886, "error_max": 0.2734777022906389, "target": "276.xyz", "model": "11.xyz", "model_rescale": 3.6694154284099745, "target_rescale": 3.7605703689895296},
{"mapping": [0, 1, 6, 2, 12, 5, 4, 11, 8, 10, 13], "R": [[-0.7434314988534, -0.37671906598461524, 0.5526231553565835], [-0.6528892249708437, 0.5880049684421925, -0.47747860371357775], [-0.14506986740725542, -0.7157743376309155, -0.6830972340446607]], "T": [-0.08744453525007967, 0.018173290003656604, 0.11611499473130299], "aligned_model": [[0.07605614806501187, 0.5037082017738428, -0.19869225170802232, 0.20960465267735762, -0.34893960288694814, -0.6835062011270807, 0.5536283760854295, 0.10312125762516236, 0.3048054224439106, -0.43213713116294955, -0.024362002601572494], [-0.04941661378762966, -0.5346997108457924, 0.4677371753579918, -0.4728858105200616, -0.5879867916882952, 0.042619462073820134, 0.28473218291289076, 0.6841916872555402, 0.07557293855293429, -0.3020769423925029, -0.00784655797294093], [-0.5762988958619182, -0.1315609640180524, -0.2084941425733599, 0.4274609648944062, -0.045002307974784383, -0.42117791199624005, -0.1401085965188203, 0.37132632287905, 0.7606637534350742, 0.5429118905511945, 0.014845120808049395]], "inverted": true, "swapped": false, "error_lsq": 0.04490192768022448, "error_max": 0.3041886735534462, "target": "276.xyz", "model": "12.xyz", "model_rescale": 3.9764082729961374, "target_rescale": 3.7605703689895296},
{"mapping": [7, 8, 4, 10, 1, 0, 3, 6, 11, 12, 15], "R": [[0.6416177335245691, -0.44982406195185215, -0.6212769087258367], [-0.5916061768326464, -0.805755101089502, -0.02758348421984458], [-0.48818932348040445, 0.38524930935354457, -0.7831054552755728]], "T": [-0.13341128710709835, 0.02213601099448178, 0.11978869930341593], "aligned_model": [[0.06556316339100579, 0.3998835670463089, -0.2628701227178971, 0.12700438759681723, -0.2667177243170663, -0.5008431364146146, 0.6549308137248427, -0.1645309506665034, 0.5467611850592696, -0.4589669991949644, -0.0769273143230565], [0.09461297237223493, -0.41960982448762485, 0.5613412859664814, -0.6210795843396295, -0.5986642652595753, -0.023902050157221223, 0.1581923444756238, 0.7367963715955409, -0.12323636195328419, -0.26149045134195936, 0.09698058207536794], [-0.6056008216033969, -0.022021215781040243, -0.3366779512899156, 0.52550322116054, 0.13239778579954437, -0.5046969022456606, -0.14183861863024608, 0.38802542539577156, 0.5029035385357766, 0.5896642606361436, 0.06690651164708213]], "inverted": true, "swapped": false, "error_lsq": 0.04876008692235929, "error_max": 0.23081326055308446, "target": "276.xyz", "model": "13.xyz", "model_rescale": 4.170626492500431, "target_rescale": 3.7605703689895296},
{"mapping": [11, 12, 3, 8, 10, 9, 6, 2, 4, 0, 13], "R": [[0.14669259964931944, -0.9851412429702454, 0.08931972126671905], [0.7561186602393343, 0.16989127413757169, 0.631998043200916], [-0.6377819790853289, -0.025173127953282914, 0.76980546944215]], "T": [-0.06812278155120649, -0.024497094103510086, 0.11608316845519415], "aligned_model": [[0.06375776261319563, 0.42690191181319814, -0.262151330317809, 0.04456256486041438, -0.18382889352844994, -0.5673713509414575, 0.4840101432500635, 0.04272372675162073, 0.4558997594439515, -0.4314545776933462, -0.009762847067239261], [0.008552406058736972, -0.5512274663579217, 0.5459984799701891, -0.6326038551308594, -0.5357930349381836, -0.21577322956254052, 0.4990784988211797, 0.5023939378891696, -0.10418900261889347, 0.09240953602634355, -0.008905251211265605], [-0.5775845500823433, 0.0011406215442319456, -0.21912024241010422, 0.5272576724092245, -0.09252378615544402, -0.4925799111130714, -0.24239569964450583, 0.49427764123223594, 0.5873715163264038, 0.5745384577383376, 0.03418351377963387]], "inverted": true, "swapped": false, "error_lsq": 0.05296400947468522, "error_max": 0.26075388484805406, "target": "276.xyz", "model": "14.xyz", "model_rescale": 3.9786697098870705, "target_rescale": 3.7605703689895296},
{"mapping": [3, 2, 9, 5, 8, 9, 0, 1, 4, 7, 11], "R": [[0.11159476859571504, 0.1783511162868704, -0.9776182726101719], [-0.8507832235137543, -0.4912218914833204, -0.18673232155975217], [-0.5135314150172455, 0.8525795755510313, 0.09692034432258945]], "T": [-0.05327051200803626, 0.04702563100422422, 0.19974045762137685], "aligned_model": [[0.054522703095590486, 0.5981338378265619, -0.3582252518052961, 0.03425247028144639, -0.1294137745181862, -0.3582252518052961, 0.4285484707708477, 0.0414979402062297, 0.44644811089007486, -0.5751158199119666, -0.11913656584586434], [-0.16978970315919042, -0.4324764317556277, 0.18734814365551683, -0.6951935527578313, -0.4287267301085316, 0.18734814365551683, 0.3683675376890029, 0.6617833990916431, -0.06894449600208347, -0.12485540570554154, 0.11508011434308132], [-0.6871197150957703, -0.11585035512931888, -0.3244030982558638, 0.4931855096442225, -0.00048446713062075264, -0.3244030982558638, -0.18548082024480758, 0.4713355947896073, 0.5340262001562686, 0.5671780567166855, 0.1665814264300594]], "inverted": false, "swapped": false, "error_lsq": 0.06287894187825781, "error_max": 0.3676028515563041, "target": "276.xyz", "model": "15.xyz", "model_rescale": 3.769337070930944, "target_rescale": 3.7605703689895296},
{"mapping": [5, 7, 0, 8, 6, 4, 1, 3, 9, 2, 10], "R": [[0.23939442724522617, 0.7366914738655721, -0.6324365426963412], [0.8318727962658823, 0.18026895773870086, 0.5248721308171966], [0.5006775000304209, -0.6517582183674968, -0.5696782124618374]], "T": [0.05869506922743227, -0.04465684744217337, 0.028459054496630384], "aligned_model": [[0.08901563746050407, 0.6257270705877098, -0.24648547263751264, -0.007835175761670102, -0.3978658638202608, -0.5917252255145123, 0.5972075539194963, 0.018928518962397257, 0.5027262840661376, -0.5362403741692485, 0.009833916091101465], [-0.15149888913099668, -0.37339750106574066, 0.4905095707729459, -0.5379576723578793, -0.6090658621574895, -0.09015827282872525, 0.4475752109819576, 0.3701296697948474, 0.023292528517931774, 0.05009172143270345, -0.019579485013600222], [-0.633142307947669, -0.2570944327377686, -0.16630196907757153, 0.5885677353665181, -0.03863422402034457, -0.3992272616429878, -0.30145055568581436, 0.5814637609097816, 0.70595358987517, 0.4569452095962486, 0.05748568898903636]], "inverted": true, "swapped": false, "error_lsq": 0.05857637186110532, "error_max": 0.40235991149621525, "target": "276.xyz", "model": "16.xyz", "model_rescale": 3.7852294659196426, "target_rescale": 3.7605703689895296},
{"mapping": [2, 11, 1, 9, 8, 3, 7, 5, 10, 0, 12], "R": [[-0.09429731256666747, -0.7474728250718162, -0.6575655044342443], [0.9357513652034756, 0.15891058020553167, -0.314828223033725], [0.33981965711614714, -0.6450052738372758, 0.6844638758616592]], "T": [-0.012409723651265664, 0.025678704649310775, 0.07418259646744799], "aligned_model": [[0.03518920295699976, 0.5486790290619991, -0.25075049795440163, 0.05125104547632228, -0.11864338754040851, -0.7290365246194321, 0.5414358292242922, 0.11869250984644095, 0.36995585238118855, -0.5401708873945331, 0.03668469774567412], [0.00836457597993618, -0.3950229944614285, 0.5686014462157655, -0.7030962578979427, -0.6015808665873955, -0.007507566514681062, 0.3147379269244416, 0.6532216291580706, -0.04045836130824556, -0.1675096727083586, -0.02980883985420748], [-0.5353431078013959, -0.1405767255124914, -0.2760783437494362, 0.5347215697912855, -0.06533711612221196, -0.26909581925791903, -0.24382192355402174, 0.21982288221039897, 0.78035363102709, 0.46134349407590247, 0.12857669251739795]], "inverted": true, "swapped": false, "error_lsq": 0.04658528735566095, "error_max": 0.2530956103480622, "target": "276.xyz", "model": "17.xyz", "model_rescale": 3.901054581598922, "target_rescale": 3.7605703689895296},
{"mapping": [9, 11, 5, 7, 12, 13, 10, 8, 1, 0, 14], "R": [[0.26818146321777764, -0.7599639649376971, 0.5920586751180552], [-0.9595642853163989, -0.2652844742405211, 0.09413038867528045], [0.0855282709494401, -0.5933623848232253, -0.80037865735244]], "T": [0.01578944243936569, 0.029322147505134837, 0.12756732626594058], "aligned_model": [[0.04019927559972996, 0.4750926162438421, -0.21255210381673936, 0.05277123286131754, -0.1738133947198909, -0.541579493158551, 0.6551835135121167, -0.052870940879647325, 0.21371005760869585, -0.4069101433952833, 0.014056249328551294], [0.024529050747320806, -0.4993757240650768, 0.46106349946442354, -0.5415947612163783, -0.6368559251103765, -0.015590768596476769, 0.298283938719622, 0.6525057370361148, -0.012935629966930852, -0.12203440830001061, -0.008053989766276894], [-0.5308936122891476, -0.25485932559940616, -0.26172124312360245, 0.46277361246938076, -0.1411939875138784, -0.33592474259637967, -0.30979811003712354, 0.34515918650350136, 0.794446070694005, 0.7390579407887685, 0.08751944432848097]], "inverted": false, "swapped": false, "error_lsq": 0.047274008528560035, "error_max": 0.25563067671788503, "target": "276.xyz", "model": "18.xyz", "model_rescale": 3.9405287249114394, "target_rescale": 3.7605703689895296},
{"mapping": [3, 2, 12, 5, 11, 14, 1, 4, 8, 9, 15], "R": [[0.030049148377772006, -0.6206477816992184, -0.7835134840917611], [-0.935572001081757, -0.2933965730602873, 0.19652857733255236], [-0.3518551967410005, 0.7271277618055297, -0.5894770042487096]], "T": [-0.05110196080231576, 0.07851669380886764, 0.08745722809649159], "aligned_model": [[0.14028746084557508, 0.4835800083947239, -0.16286413292564722, 0.23504188698935313, -0.4578761680249647, -0.5506567142978547, 0.5193743909877042, -0.06525553339940453, 0.3519545651202115, -0.3951879407083142, -0.03511095379724069], [0.13412754295781554, -0.5797618697854399, 0.49881019319853326, -0.5830030881110412, -0.515531223677265, -0.055021390106682055, 0.21818831856816304, 0.7477951055346409, 0.005933228355747902, -0.3167781205780449, 0.04518232258952722], [-0.7406165111394439, -0.10256857946879178, -0.24571187830813435, 0.5019158137941249, 0.05821653780725983, -0.48904219990006836, -0.21348793844533298, 0.38161893973932887, 0.7234990765546228, 0.6481324416626706, 0.07260953132836319]], "inverted": false, "swapped": false, "error_lsq": 0.04286050884112384, "error_max": 0.22598466186718638, "target": "276.xyz", "model": "19.xyz", "model_rescale": 4.410303926677745, "target_rescale": 3.7605703689895296},
{"mapping": [7, 1, 9, 0, 2, 12, 8, 10, 3, 6, 13], "R": [[-0.18145054286717777, -0.9719954070177165, -0.14933395203258648], [-0.2537089193995243, -0.10044420386105735, 0.9620513219822759], [-0.9501091962034325, 0.21245209023961792, -0.22837824905731519]], "T": [-0.05582899105017344, -0.052175078293629974, 0.1261202616086492], "aligned_model": [[0.060787286639274685, 0.5183898981770461, -0.19836224574798333, 0.16792305118504466, -0.22710091325160323, -0.4738799330910666, 0.34476353538473603, 0.08255252446503714, 0.2111804868059883, -0.4035873382356582, -0.019379483146673857], [-0.2530919559411716, -0.42325996801001314, 0.553973335243804, -0.6300824182214331, -0.6682392279460715, 0.12360016363378676, 0.4027313518954033, 0.7113589969673388, -0.11837837374511503, -0.10922567824961771, 0.01055479331904368], [-0.5468479523628083, -0.18321541860175428, -0.16735051864028067, 0.48544950140953624, -0.04633152856046946, -0.4780414811992263, -0.34678918949636695, 0.39630591090616996, 0.7971536125747172, 0.5868969799723491, 0.09733531762273194]], "inverted": false, "swapped": false, "error_lsq": 0.05641531977114815, "error_max": 0.29500755083575636, "target": "276.xyz", "model": "20.xyz", "model_rescale": 4.121658175737393, "target_rescale": 3.7605703689895296},
{"mapping": [1, 3, 6, 7, 5, 8, 2, 10, 11, 9, 12], "R": [[-0.8957803167808253, -0.16132161451670265, -0.4141895227522889], [0.13051705938488264, -0.9862017633571066, 0.10183996838597616], [-0.42490342582470136, 0.037167440604082266, 0.904475350731779]], "T": [0.006093867946197916, -0.027968243063176204, 0.021101444923005738], "aligned_model": [[0.16666952788740355, 0.5732698579523385, -0.2600757807216311, 0.1038918871002462, -0.3005895100375602, -0.6540455713562948, 0.5424975587584665, -0.03255379324353279, 0.32722988003933895, -0.43707376065187986, 0.03406657345724696], [-0.06481008478766766, -0.4273575919447072, 0.48417563056850227, -0.5916483472860278, -0.5814441583272398, -0.039598388964480896, 0.38208881570276404, 0.6626250668826315, -0.1305013248066993, 0.03573851161545814, -0.12932710970657885], [-0.6536081237998902, -0.016849145434994342, -0.27804205392277115, 0.3946229934982431, -0.23091690138896964, -0.11225433129308367, -0.3257932411826197, 0.38201733569210244, 0.8340760029665331, 0.5887340528233219, 0.012578645666727051]], "inverted": true, "swapped": false, "error_lsq": 0.05582515238349735, "error_max": 0.2805922526729234, "target": "276.xyz", "model": "21.xyz", "model_rescale": 4.08911054899281, "target_rescale": 3.7605703689895296},
{"mapping": [13, 0, 12, 1, 2, 3, 7, 9, 8, 15, 16], "R": [[0.2968788919784243, -0.0964698134802019, 0.9500297356318685], [-0.5420850938769759, -0.8360641695198606, 0.08450121562117446], [0.7861340054304058, -0.5400835856903643, -0.30050465216662725]], "T": [0.05643401916542796, 0.02837348472776772, 0.15973491332043596], "aligned_model": [[0.019383229124155084, 0.549004547909751, -0.11139595114705694, 0.1375734535748455, -0.3527582032835199, -0.5377548850456928, 0.5248800056893583, -0.16809023371655626, 0.4757579296607742, -0.5451350644762487, 0.07182204089433236], [0.08586256503068482, -0.46455814427110903, 0.5942237482477881, -0.6553660222811619, -0.5640880264684277, -0.05906752442470619, 0.26598730493026995, 0.6779774399169571, -0.126606826085264, -0.16325700013917097, 0.008833504490094124], [-0.49757187245883794, -0.17860231715283917, -0.28367921181916633, 0.5545957242461914, 0.10677349140161033, -0.46761860689385437, -0.31973794114353493, 0.34722137371922523, 0.6897448937993511, 0.5242886305835419, 0.11915106934291114]], "inverted": true, "swapped": false, "error_lsq": 0.0400757546402301, "error_max": 0.199667316070032, "target": "276.xyz", "model": "22.xyz", "model_rescale": 4.204369325754507, "target_rescale": 3.7605703689895296},
{"mapping": [3, 2, 12, 5, 11, 14, 1, 4, 8, 9, 15], "R": [[0.030049148377772006, -0.6206477816992184, -0.7835134840917611], [-0.935572001081757, -0.2933965730602873, 0.19652857733255236], [-0.3518551967410005, 0.7271277618055297, -0.5894770042487096]], "T": [-0.05110196080231576, 0.07851669380886764, 0.08745722809649159], "aligned_model": [[0.14028746084557508, 0.4835800083947239, -0.16286413292564722, 0.23504188698935313, -0.4578761680249647, -0.5506567142978547, 0.5193743909877042, -0.06525553339940453, 0.3519545651202115, -0.3951879407083142, -0.03511095379724069], [0.13412754295781554, -0.5797618697854399, 0.49881019319853326, -0.5830030881110412, -0.515531223677265, -0.055021390106682055, 0.21818831856816304, 0.7477951055346409, 0.005933228355747902, -0.3167781205780449, 0.04518232258952722], [-0.7406165111394439, -0.10256857946879178, -0.24571187830813435, 0.5019158137941249, 0.05821653780725983, -0.48904219990006836, -0.21348793844533298, 0.38161893973932887, 0.7234990765546228, 0.6481324416626706, 0.07260953132836319]], "inverted": false, "swapped": false, "error_lsq": 0.04286050884112384, "error_max": 0.22598466186718638, "target": "276.xyz", "model": "23.xyz", "model_rescale": 4.410303926677745, "target_rescale": 3.7605703689895296},
{"mapping": [13, 15, 7, 8, 5, 12, 11, 1, 10, 2, 16], "R": [[-0.7393073755306897, 0.054754647323295214, -0.671138236939623], [-0.660575590939309, -0.2523285847662394, 0.7070856906804506], [-0.1306311338889275, 0.9660912037206262, 0.22271796728716076]], "T": [0.08030670865959354, -0.05309913582888788, 0.010796811729507298], "aligned_model": [[0.01882855476150233, 0.3604392964401687, -0.10378351615705413, 0.3765279632034252, -0.316058414712147, -0.5966737794620153, 0.5722613460387966, 0.006101290246583388, 0.40722868026699105, -0.6827730642176547, 0.021188512775545475], [0.07903913630181116, -0.6852341499420755, 0.5362208110947202, -0.5580732739383334, -0.5404375079720422, -0.10144985112745712, 0.34260689513127296, 0.7068306008611622, 0.02637594958544165, -0.20330022744300108, -0.002637363605544951], [-0.6769142740185218, -0.1659664424559365, -0.23566553015502825, 0.5878243287956826, -0.020794855515161942, -0.419941463579807, -0.035234247715348305, 0.40237783877586275, 0.5681025460929103, 0.48833512797430445, 0.10244220542564264]], "inverted": true, "swapped": false, "error_lsq": 0.045323529051996984, "error_max": 0.2546214063027066, "target": "276.xyz", "model": "24.xyz", "model_rescale": 4.28219845311461, "target_rescale": 3.7605703689895296},
{"mapping": [0, 1, 2, 5, 8, 6, 4, 13, 9, 11, 15], "R": [[0.4297640000831474, -0.7039042991765669, -0.5655277551396387], [0.8682681798483867, 0.4940612528756504, 0.0448758985393362], [0.24781701332899372, -0.5103158002724286, 0.8235074449554227]], "T": [0.018176644407150857, 0.059810580389554356, 0.18360900884926834], "aligned_model": [[0.0724765126971523, 0.326937282434645, -0.24502279222842768, 0.09126667890750013, -0.23149838484641996, -0.5544635322484394, 0.5455661021954054, 0.019683178001722628, 0.3211757270750024, -0.3091629047774459, 0.026329001973446443], [0.0570264707653726, -0.42626165267483496, 0.5247452328719778, -0.735033625984129, -0.5588417361092592, -0.16245617497155124, 0.323322913168415, 0.6333450609403232, -0.01666973850950889, -0.10373282315690094, 0.0644970926060499], [-0.6303921859121985, -0.09617314121632126, -0.24457535548890041, 0.4805285524382158, -0.008426789862077233, -0.4758436827838184, -0.2489070987270462, 0.33843919619299295, 0.7829553199269355, 0.5868204247896666, 0.1101399942671499]], "inverted": false, "swapped": false, "error_lsq": 0.04226458279302791, "error_max": 0.18923563534551954, "target": "276.xyz", "model": "25.xyz", "model_rescale": 4.100010024507729, "target_rescale": 3.7605703689895296},
{"mapping": [9, 7, 4, 3, 8, 10, 5, 6, 2, 1, 11], "R": [[0.758809557349768, 0.5596115497656962, 0.33323110455580957], [-0.6084617854968586, 0.4265669320172132, 0.669189739983659], [0.23234093755647983, -0.7105459632411248, 0.6641853076191298]], "T": [-0.07034898562085808, -0.01719919678588272, 0.13012057871533833], "aligned_model": [[0.03650940812234495, 0.4408685498820962, -0.061640367868319834, 0.1803743816393945, -0.33225459477736974, -0.5014638618989292, 0.4962721665641174, 0.02810425113244336, 0.3271222994491125, -0.502025723930247, -0.04857963913050123], [-0.1405188914285434, -0.37351435540136824, 0.7025813450756802, -0.7264898980278716, -0.5659718455478786, -0.10781558739628738, 0.38560181948515276, 0.5832548983411836, -0.0077404236051427655, -0.1789335989406801, 0.029487556391710454], [-0.6777682990016218, -0.13493108762626177, -0.36755372418421967, 0.43362695540794355, 0.045788729346824375, -0.33991239431844616, -0.15426996527148584, 0.3542722638772188, 0.7543676416154523, 0.6655117726290963, 0.01543334115009884]], "inverted": false, "swapped": false, "error_lsq": 0.04480398978867886, "error_max": 0.2734777022906389, "target": "276.xyz", "model": "26.xyz", "model_rescale": 3.6694154284099745, "target_rescale": 3.7605703689895296},
{"mapping": [8, 7, 10, 1, 5, 4, 9, 11, 6, 0, 13], "R": [[0.9937465843350143, 0.10462982914463997, -0.03899134488134112], [0.05591219031939142, -0.16401705746792442, 0.9848716829279089], [0.09665171025998656, -0.9808929624137015, -0.16884147355165013]], "T": [0.07089720185673921, 0.011817263067896287, 0.06673988409304779], "aligned_model": [[-0.028485603125691497, 0.5016583247142885, -0.15986531324309355, 0.09093139320625462, -0.13984392586100708, -0.6972081551082436, 0.5574491963945737, 0.11372534027619, 0.24286906385403534, -0.4560130131261163, 0.03806956120295146], [-0.04285852050741845, -0.39948854090183167, 0.4713187114935361, -0.6885156400744351, -0.7419510634971727, 0.10367705058380638, 0.3683042309762237, 0.8427090909777659, -0.07013522061209901, -0.28118694027457297, 0.03806786078215209], [-0.5621407160166223, -0.13673226479657938, -0.2455064936476318, 0.6041216009842663, -0.049018427386941274, -0.2109407060247245, -0.2511401778692194, 0.2764062622210435, 0.7262092927120181, 0.3377518862322657, 0.10555497721672377]], "inverted": false, "swapped": false, "error_lsq": 0.05471051638130087, "error_max": 0.28091109421425753, "target": "276.xyz", "model": "27.xyz", "model_rescale": 4.103607728864725, "target_rescale": 3.7605703689895296},
{"mapping": [0, 5, 2, 11, 10, 3, 1, 4, 8, 13, 14], "R": [[0.06499272761500408, -0.9944988305435611, -0.08214634139540972], [-0.6415184469769772, -0.10469541484713774, 0.7599295706170626], [-0.7643494145647063, 0.003308497767122054, -0.6447937858704254]], "T": [-0.08013090376505826, -0.2605866096281295, 0.06072531070917227], "aligned_model": [[0.11809346396826216, 0.5528383300662344, -0.2630065440103617, 0.026623673267174228, -0.4047622712880942, -0.4869653165750173, 0.497189231019016, -0.017893725968023362, 0.3875210361906266, -0.3268516297108576, -0.019499377774817438], [0.019431842324387882, -0.4550672564887589, 0.4320415488930712, -0.6101485281484493, -0.6349521510907019, 0.015147725125160716, 0.35687718920027733, 0.5592317615097826, 0.08604019360434106, -0.02819009942026285, -0.1404712065628931], [-0.5653645451298182, -0.2501888854954499, -0.10703475742529743, 0.6425080526862355, -0.05860696862592957, -0.5067138400008798, -0.2364291124181973, 0.4423450942361247, 0.63816058772569, 0.6129872760713397, -0.01709766799921822]], "inverted": true, "swapped": false, "error_lsq": 0.0453055583320577, "error_max": 0.20167255511979457, "target": "276.xyz", "model": "28.xyz", "model_rescale": 4.137296879288765, "target_rescale": 3.7605703689895296},
{"mapping": [1, 7, 5, 8, 3, 2, 0, 6, 9, 4, 10], "R": [[0.1602527641480193, -0.44281596169891396, 0.8821751955522132], [0.9870576011192134, 0.07734869997847045, -0.1404794315350992], [-0.006028569955084939, 0.8932699494980825, 0.4494802038666332]], "T": [0.014850927925025511, -0.05814964108479534, 0.06867569284081762], "aligned_model": [[0.20906884917617632, 0.5031987278256884, -0.28491034620220285, 0.13614239852844529, -0.42966495362912016, -0.5313213245192725, 0.5276151774669163, -0.08479471634983085, 0.5578805549764932, -0.54172209292839, 0.0017945948392387168], [0.04553203051287849, -0.5007543638509775, 0.451139852776551, -0.6722540480583739, -0.5745094372900545, -0.12037988427578872, 0.37809384477500774, 0.5567985369074325, -0.006259164410174267, 0.08470177213806782, -0.04216812027861414], [-0.6513857461554923, -0.21351167470267077, -0.2537611806829103, 0.42436942974136593, 0.10925791643208871, -0.4880489640214972, -0.12441699941813786, 0.4265266491313856, 0.6283366784595229, 0.5877613398939345, 0.1494377849470095]], "inverted": false, "swapped": false, "error_lsq": 0.047368536250928496, "error_max": 0.2199585920692533, "target": "276.xyz", "model": "29.xyz", "model_rescale": 3.607286011436655, "target_rescale": 3.7605703689895296},
{"mapping": [13, 1, 12, 3, 6, 7, 11, 10, 8, 4, 14], "R": [[-0.15470802694140545, -0.7566939529163437, 0.6352005100908967], [-0.17088626356177866, 0.6537461498460538, 0.737166098303059], [-0.973069016733033, 0.005498470814591205, -0.2304483792368898]], "T": [-0.0008321248599255293, -0.07751439875510772, 0.03881723540561137], "aligned_model": [[0.05333833751345172, 0.5260663523743687, -0.10807278662126614, 0.01499346798642679, -0.25924164681967665, -0.6506001954193708, 0.43637525216871864, 0.060275067420460716, 0.221704294357997, -0.39334288290722924, 0.16179160913026105], [0.10211477482037286, -0.42416864818671257, 0.5466595390463822, -0.652720462738995, -0.50381696132056, -0.17915264782939522, 0.2958352651452543, 0.5769448847617669, 0.04714035406602331, -0.11068662620770074, -0.09820845261048139], [-0.6687797143888798, -0.33555541970502506, -0.2881510411069099, 0.5822682183221931, 0.06398885760476557, -0.3695454530761102, -0.07946548055228461, 0.33415408676718833, 0.6713421029054999, 0.6233549996648756, 0.060954077189285916]], "inverted": false, "swapped": false, "error_lsq": 0.0512156274577769, "error_max": 0.24172589906058242, "target": "276.xyz", "model": "30.xyz", "model_rescale": 3.964800864290218, "target_rescale": 3.7605703689895296},
