[{"mapping": [6, 5, 4, 8, 0, 10, 9, 7, 2, 3, 12, 15], "R": [[0.5911982327188972, 0.8059096728993508, 0.031531710345525564], [0.8043972536558172, -0.5920256466208123, 0.04950446499244229], [0.058563708395486455, -0.0039029310102149106, -0.9982760435813822]], "T": [-0.08174099253342662, -0.12124671932496581, 0.040263162750478323], "aligned_model": [[-0.23700388908285488, 0.09849014334708536, 0.3664692778456543, 0.0747387923559692, -0.050597181294098036, -0.665937266340434, 0.3841451953395717, -0.1985732167505621, 0.5748844356727667, 0.16806586096771084, -0.6522663370818926, -0.024773352518367278], [-0.2531777313385799, -0.6543421441005909, -0.22624249996611395, 0.5926119167523788, 0.23294089684876793, -0.5404844483875572, -0.21307238412282636, -0.5805273707763862, 0.23240840653634767, 0.5137002175394024, -0.006661678430399387, -0.043598144577385714], [-0.47334097960975113, -0.02628460640316528, -0.5687839748884399, -0.1347578875889633, -0.7296675398589378, -0.04652863328718526, 0.566741806774457, 0.5305379877248614, -0.05216798751498347, 0.539845416275098, 0.4746436084225372, 0.10171453530803513]], "inverted": true, "swapped": true, "error_lsq": 0.04373438835428917, "error_max": 0.23524171317858128, "target": "277.xyz", "model": "0.xyz", "model_rescale": 3.751011558992144, "target_rescale": 4.018513907428079},
{"mapping": [6, 4, 11, 10, 2, 13, 1, 5, 8, 14, 3, 9, 7, 12, 15], "R": [[0.53797548032589, -0.8023260566380263, 0.25856388264373387], [0.6466733939226647, 0.589572287728839, 0.4839607826412441], [-0.5407364461183196, -0.09315265096527203, 0.8360183487564565]], "T": [0.06376444105385107, 0.03838785789957529, -0.10481982763335775], "aligned_model": [[0.020685889357514475, 0.16791347837516965, -0.5715175598978888, 0.24311874444932385, -0.0720648674964505, -0.5278156679805034, 0.6437279594769613, 0.5973758201238467, -0.5823514621487037, 0.07831806400760252, -0.3290469460783879, 0.41522144833710894, 0.5586864268032659, -0.1274362466684932, 0.0242711304286684], [-0.03023901329434099, -0.6048697727256414, 0.4789833950069374, 0.5911728077503308, -0.6450242665737008, 0.21783068284940765, -0.5118181521002615, -0.04468010317884871, -0.3157788193654247, 0.44899074465524286, -0.07990841857726462, -0.11465398016183594, 0.44937942649601686, 0.708347637541248, 0.0010251815052414945], [-0.6513874492130864, -0.502598126387032, -0.4403217519551697, -0.5370688400452046, 0.17673067514725355, 0.08694552197264378, 0.013406076026338726, -0.27646250824077956, 0.04287122756964372, 0.594495596360138, 0.634672369646155, 0.49160101641387355, 0.12122452195609472, 0.09990306465813971, -0.004344989057032067]], "inverted": false, "swapped": true, "error_lsq": 0.04087610071968769, "error_max": 0.32204856374089097, "target": "277.xyz", "model": "1.xyz", "model_rescale": 3.9405287249114394, "target_rescale": 4.018513907428079},
{"mapping": [3, 12, 13, 5, 10, 8, 9, 7, 6, 0, 4, 2, 15], "R": [[0.8833273187510693, -0.30833820652512356, 0.35307279468250957], [-0.2938699981303735, 0.2225601900230088, 0.9295737657742805], [-0.3652030560481409, -0.9248754036159644, 0.10598214773869209]], "T": [0.05329472472326764, -0.05339169466120282, -0.007956294197303534], "aligned_model": [[-0.44638886659009525, 0.24158790043876194, -0.3571254814091598, 0.4674408232773337, 0.5754580253157816, -0.6937218573891474, 0.16189116617971244, 0.6516343318458941, 0.06381573671148953, -0.5087063399620292, -0.1612051146745755, -0.4834660048467329, -0.015231039613301953], [0.6150464871005924, 0.41439897333200043, 0.2492789387047305, -0.2943731453904984, -0.25013949766733024, 0.0055187508787089695, 0.3988258587075108, 0.2665660278988354, -0.5763612804619017, -0.6687777605635148, -0.6790632084507522, -0.04985458331025748, 0.027767032793893157], [0.12860947919224647, -0.5304817412988383, -0.4065619191408906, 0.29455577051030535, -0.46970748822455083, -0.06459752386734563, 0.5271771029177923, 0.05967993676924943, -0.18598352430447274, -0.16501324067163436, 0.3733309361454999, 0.5180169243120771, 0.03409563724920622]], "inverted": false, "swapped": true, "error_lsq": 0.0389400100822067, "error_max": 0.19808696260611008, "target": "277.xyz", "model": "2.xyz", "model_rescale": 3.932901565614263, "target_rescale": 4.018513907428079},
{"mapping": [6, 11, 0, 10, 4, 2, 8, 1, 7, 9, 13, 12, 3, 15], "R": [[0.3396956861502935, -0.9313031443072932, -0.13145833641968271], [-0.8885922501061905, -0.2719787810479663, -0.3693661539866373], [0.30823798251042833, 0.24228494807356807, -0.9199387751773971]], "T": [-0.0460178087046683, -0.001599620042058339, 0.024225580863309414], "aligned_model": [[-0.1474413448302188, 0.6269426978351466, 0.10733813559618173, -0.07886203716520683, -0.47441844130374006, -0.13467906314785774, 0.42423359223781487, -0.7574339014705448, -0.2811700705552043, -0.29769967158518895, 0.5942061167050853, 0.4309421924794374, 0.41238746277766547, -0.004535755520666485], [0.02807803422481682, 0.24135984279727118, -0.4724087444417236, 0.6523986833053835, -0.47398643587670874, -0.7297987536406092, -0.5838997829543568, -0.32156022320464067, 0.5052617679143238, -0.13407121598092742, -0.08562593467349773, 0.5022921925063722, -0.3949734408282472, -0.06956935079696808], [-0.5181157112973067, -0.42115520602619094, -0.6642748287078019, -0.2852673132950115, -0.3955107298202052, 0.18743594309936576, -0.04287571291782772, 0.23535126810997384, 0.4150616546363594, 0.6736631618101859, 0.06887539522990616, 0.23850920242204457, 0.616057608489057, 0.10614163132454868]], "inverted": true, "swapped": true, "error_lsq": 0.04074691112948659, "error_max": 0.26239854755622616, "target": "277.xyz", "model": "3.xyz", "model_rescale": 3.9243930471874484, "target_rescale": 4.018513907428079},
{"mapping": [3, 13, 14, 9, 7, 8, 2, 12, 10, 6, 5, 4, 15], "R": [[-0.4751321778440036, 0.27253704110270816, -0.8366438757345893], [-0.851612475475076, -0.3816416973954535, 0.35931296445345573], [-0.22137209668887214, 0.8832175134337509, 0.41342619507171385]], "T": [-0.021946568463467847, 0.03116022255474095, -0.02125629408600084], "aligned_model": [[-0.012439314821431319, -0.24180234984322632, 0.5417633575880705, 0.4154448658598896, 0.6522685216411663, -0.5943616082078296, -0.3608948539107204, 0.3112715346216832, 0.20450780672636376, -0.34529044822850175, 0.22044039250241176, -0.4908904959903808, -0.022811521626142854], [-0.6521873032483878, -0.04850302646206228, -0.2778321028612851, -0.5152084697908434, 0.12769538044661227, -0.3377609195227319, -0.6123934976537663, 0.26002193806050083, 0.7186911737423481, 0.4226242461079027, 0.14937547255932115, -0.033013707663851685, -0.07367963003216982], [-0.5193419050338062, -0.6247941174993885, -0.5158303157383073, 0.09202053754722946, 0.011498323646733463, -0.3389836247421369, 0.16775451923562612, -0.6245002604075102, -0.045709980422448206, 0.1967029399636412, 0.47711737662392967, 0.5777664732674822, -0.06662965107008098]], "inverted": true, "swapped": true, "error_lsq": 0.042865757557969994, "error_max": 0.2349360187980506, "target": "277.xyz", "model": "4.xyz", "model_rescale": 3.8936222436046832, "target_rescale": 4.018513907428079},
{"mapping": [11, 10, 0, 13, 4, 5, 7, 9, 3, 12, 2, 15], "R": [[-0.6419617757507864, 0.5269032276827047, 0.5570081391976648], [-0.731453499303283, -0.6386960510143626, -0.23883704230215458], [0.2299148904092109, -0.5607498043478989, 0.7954236607569037]], "T": [-0.15428965483069979, -0.026085806931528965, -0.0037920656025409935], "aligned_model": [[0.058684300417589874, -0.5050861194133678, -0.33127065271653766, 0.3909838862556636, -0.6292660194108224, -0.6321083084140646, -0.22268340433998146, 0.05660497243526122, 0.6360942317272589, 0.23198230973469003, 0.032688532486957134, -0.05907568654754938], [-0.5733270404912032, -0.659727550768659, 0.2348134312054908, -0.18413823438414795, 0.49914253635270633, 0.040773171832249724, -0.3367356879321199, 0.2940158664237713, 0.2544537881639315, -0.6313600982407841, 0.6976400539517184, 0.033372668996853344], [-0.6083070083076786, -0.008076521499890632, -0.7910794370094678, -0.3146568235087075, -0.2890772155719013, 0.29339779136309574, 0.5993470857375179, 0.5926306287051278, 0.10453314928084359, 0.10461583827021753, -0.0814609416762326, 0.01741817349259382]], "inverted": false, "swapped": true, "error_lsq": 0.0397818945609017, "error_max": 0.19288101230142085, "target": "277.xyz", "model": "5.xyz", "model_rescale": 3.6523030999806103, "target_rescale": 4.018513907428079},
{"mapping": [1, 2, 4, 5, 6, 9, 8, 7, 3, 12, 11, 10, 15], "R": [[-0.8430684696640252, 0.29136787501101413, 0.4520401717435354], [0.216814558395781, -0.5850582239088666, 0.7814718945069266], [0.4921656252990464, 0.7568432044011286, 0.4300713443439706]], "T": [0.10105223284208355, -0.009759696754972354, -0.019604361671085438], "aligned_model": [[0.2514375870002268, -0.30922444233181456, 0.38185903637551943, 0.5310561371870275, 0.5067549459756807, -0.20323125099249062, -0.44142128497594846, 0.2645921489870113, -0.7378279491459848, -0.06955508367409556, 0.07742673802568387, 0.6375184052434005, -0.008302083009921565], [-0.4412090376079214, 0.04956455359031641, 0.25467110044178026, -0.31452362764042335, 0.3588906494284958, -0.6124342131100478, 0.473665155382717, -0.6046075772778551, -0.11639307142473848, -0.09620086789239046, 0.6126213608098093, 0.008274565545825167, -0.03149208608238422], [0.6469520215179824, 0.6072338165564103, 0.6392422584728723, 0.18852585842240066, 0.04970512426185904, 0.1968595941769985, 0.1720602888123628, -0.310067068884198, -0.012333295688508147, -0.7201301209653115, -0.5873656182349993, -0.5058729982407709, 0.005299879274690795]], "inverted": true, "swapped": true, "error_lsq": 0.044206709723460635, "error_max": 0.30591524218531696, "target": "277.xyz", "model": "6.xyz", "model_rescale": 4.08911054899281, "target_rescale": 4.018513907428079},
{"mapping": [14, 12, 7, 3, 2, 4, 9, 5, 8, 13, 0, 11, 6, 10, 15], "R": [[0.9420245003888889, -0.19179603549097643, 0.27532548272364554], [0.09255411186723622, -0.6401776991840594, -0.762631136162084], [0.3225268625146307, 0.7438997205520029, -0.5853115655094477]], "T": [0.08483526051901709, 0.02558929095448683, -0.05708487109195401], "aligned_model": [[0.1711383543914003, 0.3130405075734894, 0.646630855271101, -0.4703584049884206, -0.5182602417715523, -0.13982064581940162, 0.08986417786570915, 0.4679419321790621, -0.6495233585195253, -0.2853015895307661, -0.4099645524136865, -0.015130501012284636, 0.15295936041022462, 0.6769585876085918, 0.006159058555612898], [-0.6901870249496825, -0.6330343396138807, -0.21731861726194007, -0.5014333933667812, 0.2683073113787897, 0.755232506763066, -0.115151452955666, 0.3858450084423184, -0.060595583113605474, -0.43471031568455964, 0.485724655461959, -0.298922304568162, 0.4001731639575163, -0.0168549611717405, -0.026315837148518532], [-0.4286553790269617, 0.14651412307295306, -0.35764991772894794, -0.4164601466988619, -0.4340944150461331, -0.05942531200581194, -0.7519434238735024, -0.2681481222364879, 0.07708677110128948, 0.20761058883086023, 0.45541945347644397, 0.7142569857838555, 0.3433493970788717, 0.3578450345991304, -0.12163560524461728]], "inverted": false, "swapped": true, "error_lsq": 0.042059957578999184, "error_max": 0.2696706683145764, "target": "277.xyz", "model": "7.xyz", "model_rescale": 3.964800864290218, "target_rescale": 4.018513907428079},
{"mapping": [5, 9, 7, 4, 10, 2, 6, 14, 3, 13, 8, 11, 12, 15], "R": [[0.22444918971233876, 0.2856533648822567, 0.9316784404336718], [0.7660151498880788, 0.5392642423824386, -0.34987836033347197], [-0.602364799253259, 0.7922097146710201, -0.09777738287273927]], "T": [-0.05922740808430668, 0.025013214198697273, -0.021656724075947056], "aligned_model": [[-0.16034055122256932, 0.24662852327424614, 0.46313059485147, -0.7881405441083988, 0.11439281217752159, -0.4220200210838774, -0.4622377939643336, 0.697801779469096, 0.2648715783805401, 0.12057728042159163, -0.32237414802411823, -0.018237167179611907, 0.5567643886814888, -0.02962884221217242], [0.04219590915843499, -0.564026150526886, 0.06362144103214763, -0.09969051830446034, 0.6882666574284146, -0.6131215303358586, 0.39932767209177333, -0.2415344782197451, -0.5673097497290988, 0.06109763257595419, -0.2431131713928959, 0.6332398682300594, 0.3227115036704176, -0.07071661949705474], [-0.5789569009245037, -0.2709485840236889, -0.45824510116190437, -0.21136596350090664, -0.25517174461885095, 0.13939601984698474, -0.07431495715004555, 0.09542332395533985, 0.4875159952468486, 0.599075819683649, 0.6291692726787902, 0.5602791201132549, 0.22174645321241665, 0.03321228536763745]], "inverted": false, "swapped": true, "error_lsq": 0.03651588908863713, "error_max": 0.18373516982033086, "target": "277.xyz", "model": "8.xyz", "model_rescale": 4.121658175737393, "target_rescale": 4.018513907428079},
{"mapping": [11, 8, 3, 12, 0, 6, 2, 5, 9, 4, 10, 7, 15], "R": [[0.2154409022184837, 0.5343868606954921, -0.817322397079208], [-0.7103015265649292, -0.48860402983916934, -0.5066930465128325], [-0.6701171233529383, 0.6897077534296252, 0.27431050991211064]], "T": [0.0020980756488119742, 0.031054013379304003, 0.005254440220915889], "aligned_model": [[-0.6418569380840992, -0.1902742861216588, 0.4314055124332817, 0.03638925992309754, -0.6826350231002141, -0.4807947092442487, 0.2103001304958274, 0.14087055772965798, 0.7020310545787618, -0.24340934735332842, -0.3036338951684822, 0.42939008469552414, 0.06895509565107796], [0.3934658306498536, -0.3996404856185689, -0.13837960376371752, 0.6716842452959424, -0.4624720968323683, -0.039006746179503164, -0.6654540633204449, 0.014257978377576835, -0.08186690115932152, -0.59245705506053, 0.6040741667882499, 0.4976008802472668, -0.01141871001272534], [-0.400021767157107, -0.5797306590790424, -0.7033574978874544, -0.33494005207240884, -0.07711456649195841, 0.2644987695585292, -0.18527330580008164, 0.5544016802778541, 0.0031693872869012693, 0.37106180629732105, 0.3258074646433282, 0.2596428232837789, -0.07706864890057141]], "inverted": true, "swapped": true, "error_lsq": 0.04274985848107081, "error_max": 0.3092235894618651, "target": "277.xyz", "model": "9.xyz", "model_rescale": 3.833441315466971, "target_rescale": 4.018513907428079},
{"mapping": [0, 4, 3, 9, 1, 2, 5, 7, 12, 14, 11, 10, 6, 8, 15], "R": [[-0.7570862690119027, -0.5429557927301043, 0.3633447239392105], [-0.5068888270024856, 0.13730400751565308, -0.8510060672992796], [0.4121699871820866, -0.8284603893131921, -0.37916920366157514]], "T": [0.0017657992543660406, 0.033599385567321366, 0.0447701363484555], "aligned_model": [[0.1908513800605786, -0.1149084018658468, -0.5899517631292782, -0.5937185581933286, -0.5081957231658396, -0.6298358191940481, 0.014949724503533213, 0.029119214312325226, 0.29345128758451094, -0.2738358044444999, 0.6149537229895062, 0.6603386571293535, 0.3809612797596691, -0.25651165233359274, -0.0938225257185107], [-0.7920698591891596, -0.5063811819185661, 0.05173907620463511, 0.41316454628158694, 0.07405912280150972, -0.37171031090215667, 0.22332944741474803, 0.7044583129448867, 0.451780840757671, 0.6276349382097695, -0.210219035651852, 0.31126923844925813, -0.28361604337081536, -0.5227451168222945, 0.030407564085757496], [0.0031884980400340712, -0.482167330361278, 0.6486615030003234, -0.018398876520125285, -0.5808207489364985, 0.005072981847052627, -0.4890194172990533, -0.07421717246771942, 0.5618379446518719, 0.5233243328860732, 0.5690051379797735, -0.07253126743636532, -0.20198223594690465, 0.47891987561503646, 0.10724868276987212]], "inverted": true, "swapped": true, "error_lsq": 0.044221000563987894, "error_max": 0.2997223272673158, "target": "277.xyz", "model": "10.xyz", "model_rescale": 4.2482417240324, "target_rescale": 4.018513907428079},
{"mapping": [0, 2, 3, 9, 11, 12, 13, 7, 5, 10, 6, 15], "R": [[0.05752493801694357, -0.4145206901118488, 0.9082199507692745], [0.6665100029411677, 0.6932428387600993, 0.27418749513280827], [-0.7432733665923406, 0.5895650633959205, 0.31616093771598786]], "T": [0.004151429068875816, -0.0036221729262706018, -0.11676944306963094], "aligned_model": [[-0.8008509892985594, -0.02002426868979997, 0.3086620558156296, 0.6362231356502104, -0.5308643890211926, 0.20239225706013872, -0.16108779930633518, 0.5691182896128, 0.17252740880105388, -0.09153589280318324, -0.45667681660575454, 0.048882611147998786], [-0.2656712652771172, -0.7060905464506964, -0.21363091562492906, -0.3137439657988886, 0.5710212969309484, 0.6320225959257812, 0.20831358174343345, 0.28905791279566956, -0.11843228302506911, 0.5958046149226459, 0.04209814535417832, -0.054617781445317315], [-0.06663491534022195, 0.1491744201612656, 0.643699564132338, -0.03327401382608941, 0.18951824231729497, 0.17300904802239608, 0.4720598492037195, -0.3619402066728101, -0.6455139635189133, -0.5118768184767186, -0.41818038266907326, -0.024848533478830787]], "inverted": false, "swapped": true, "error_lsq": 0.04355653517041055, "error_max": 0.2497836626471943, "target": "277.xyz", "model": "11.xyz", "model_rescale": 3.6694154284099745, "target_rescale": 4.018513907428079},
{"mapping": [6, 4, 2, 1, 5, 11, 10, 12, 9, 14, 3, 7, 8, 15], "R": [[-0.5903778084369842, 0.7655885945750908, -0.2555937150277391], [0.8063934210151279, 0.5459867708050268, -0.22721816971672443], [-0.034404852109296016, -0.34025365532560664, -0.9397040790530288]], "T": [0.034122841342610635, -0.018865345809436926, -0.08025310235540625], "aligned_model": [[0.006134462967871804, 0.11687241421612794, -0.14804716801200346, 0.5790767757011152, 0.5680216333155002, -0.564527195155021, 0.2578204895648157, -0.12744446124851672, 0.35615547637665695, 0.04691859639851993, -0.38960438159959065, 0.5425275107321691, -0.6348878465164975, -0.010751456485337568], [-0.34119990855584664, 0.19022254244821768, 0.664369795013632, 0.5012145197656757, -0.04050948227571345, -0.6091071447015465, -0.705558489956559, -0.3836926043727042, 0.5192112749650831, 0.1542544155081768, 0.5436872018045245, -0.1361128931728312, 0.3001511340749474, 0.07405692759119771], [-0.5281578403974091, -0.8098349959527581, -0.33476488713278296, -0.37283444709284086, -0.2688961810074707, -0.02107589459937126, -0.025569799417591466, 0.5264695279245678, 0.2505492367062049, 0.7120312012138693, 0.38786373822721165, 0.3587635194221622, -0.20421127487992713, -0.031236443361449026]], "inverted": true, "swapped": true, "error_lsq": 0.04232269216689359, "error_max": 0.2973788688603685, "target": "277.xyz", "model": "12.xyz", "model_rescale": 3.9764082729961374, "target_rescale": 4.018513907428079},
{"mapping": [5, 10, 13, 14, 12, 1, 9, 8, 6, 11, 2, 0, 7, 4, 3, 15], "R": [[0.6953686660571989, 0.44158715172069263, 0.5669772532483445], [-0.10398886948944575, -0.7188138144397105, 0.6873812735250648], [0.7110898208300681, -0.5369427228353496, -0.4539204546019294]], "T": [-0.1117475251089913, 0.01942289291232182, -0.04454439461532675], "aligned_model": [[-0.3113463550190956, 0.115665417129417, -0.6046398922553224, -0.7376904406903227, -0.14382066103958846, 0.3804632386014972, 0.1582916586427883, 0.26519645047744933, -0.8324733413549549, -0.3041611983523699, 0.6684261668761591, 0.3458025264871992, 0.2555974127718299, -0.2403231132868544, -0.14034668918612045, -0.14381829788321554], [0.4565361095898166, -0.7350269484556117, -0.33897399795014316, -0.04863232767176471, -0.4606306207248303, -0.35347727772850407, 0.09768773869881273, -0.23771769909033122, 0.2640123183416949, -0.479759084634525, 0.09602908651283365, 0.5308091927926747, 0.5850957768329245, 0.7256822156229874, 0.1696547480731347, 0.09675618012675141], [-0.7315060010673093, 0.1143130556998388, -0.10012612916817618, 0.44776850686082037, -0.4637501590609864, -0.19285691965814272, -0.576007074086154, 0.49531187501776974, -0.11079480188916906, 0.5422596871622457, 0.10283272485177272, -0.28169400157529234, 0.2961982999993543, -0.06756197459707336, 0.7831366579783889, 0.02312910828901918]], "inverted": true, "swapped": false, "error_lsq": 0.04933169461390139, "error_max": 0.3525784316738018, "target": "277.xyz", "model": "13.xyz", "model_rescale": 4.170626492500431, "target_rescale": 4.018513907428079},
{"mapping": [9, 7, 1, 5, 2, 0, 4, 14, 3, 10, 13, 6, 8, 15], "R": [[0.5956082256672148, -0.38370534327884753, -0.7057060656228018], [0.7363643278054246, -0.09022777723984435, 0.6705419636011027], [-0.3209648240122547, -0.919037081816408, 0.2288065208711578]], "T": [-0.056814214654198725, -0.050057004390018686, 0.1729280012539842], "aligned_model": [[0.2812065812495182, -0.004326957158619693, -0.3122284254147649, -0.46028239630603707, 0.12567881030425565, -0.3888105329069406, -0.5692745473886789, 0.6244855783801111, 0.7447270764602301, -0.4146207561802336, 0.40772789424729977, -0.5291012208872166, 0.29598495932454516, 0.04201695836817479], [-0.2631383898664444, -0.7135855229048275, -0.03125609477773917, -0.30117824740213484, 0.4998976334836571, 0.6842745680414556, 0.4318729588930369, -0.4857789036410137, 0.16420861711894152, -0.5045652376491672, 0.16279718608151394, 0.12225483559423607, 0.6042100426244597, -0.013938977670308189], [-0.41273394908921135, 0.024830457942279754, -0.5935390933933423, -0.13570470527502168, -0.30563088820173556, 0.4370258574492122, -0.12369110493365018, 0.11107641022446638, 0.009326941342032408, 0.6087893558150644, 0.570211810132025, 0.40217718352108817, 0.283290211607122, 0.12844461398053653]], "inverted": true, "swapped": true, "error_lsq": 0.04025059940836977, "error_max": 0.25042876817834725, "target": "277.xyz", "model": "14.xyz", "model_rescale": 3.9786697098870705, "target_rescale": 4.018513907428079},
{"mapping": [8, 9, 11, 0, 12, 10, 1, 5, 6, 4, 7, 15], "R": [[0.34360862884165777, 0.5476016617575724, -0.7629321924167973], [0.7895429748877227, 0.2714232551253791, 0.5504101265262007], [0.5084830390396524, -0.7914934217146019, -0.33909167254816325]], "T": [-0.023174406930158008, 0.016084346591143578, -0.08989857313650616], "aligned_model": [[0.07727341399470322, -0.7305122219656022, 0.6347360478986148, 0.5880499959216059, 0.0019408106999624156, 0.37105303890745805, -0.4853280871676526, -0.12872357552600291, 0.4622694570826218, 0.16458598417001655, -0.37220937898655015, -0.09978088826183829], [-0.5402787464697318, 0.0001842534894725134, 0.20434554787910333, -0.5717513843830524, 0.5786590234585794, 0.5932500726438986, -0.29592612346116187, 0.123280662475652, -0.06760157738383715, -0.5534100585251028, 0.5758442758174896, -0.03192145531687053], [-0.5849569408007064, -0.0442690011467005, -0.5818139548765182, -0.098021011102411, -0.5483680167661812, 0.09995089691105478, 0.49501607265250525, 0.4564263509758073, 0.16038625470217288, 0.382623526206048, 0.08273195524980122, -0.15973963813104217]], "inverted": false, "swapped": true, "error_lsq": 0.04721311805337708, "error_max": 0.22005148665233393, "target": "277.xyz", "model": "15.xyz", "model_rescale": 3.769337070930944, "target_rescale": 4.018513907428079},
{"mapping": [10, 0, 7, 5, 12, 13, 14, 8, 9, 1, 15], "R": [[0.521819308502994, -0.5690794711036053, -0.6354944255002546], [-0.4694729782175533, 0.43041864430931664, -0.7709311988462207], [0.7122497679866231, 0.7006342456655764, -0.04256667480119591]], "T": [-0.09275096661134075, -0.028232785466960418, -0.030343879276272717], "aligned_model": [[-0.3552773475264602, -0.35487585344627265, -0.07883895953328496, -0.5544202547551593, 0.37724000851585826, 0.4468905449875413, 0.5561865342395003, 0.28154115785476214, 0.11263479966813472, -0.5033194021483712, -0.005135097165077582], [0.16235647336084058, -0.834436622874162, 0.6375265666687431, 0.2881148001373461, 0.19086699620144948, -0.3413672344753576, 0.4582549010238812, -0.6295111631871498, 0.44414087686662274, 0.2523599502407766, -0.03224104633764797], [-0.6779039223626829, -0.007148890557813245, -0.17707094058309075, 0.05847207257876623, -0.5386932088942549, -0.20260692796654795, -0.03798924850370797, 0.2208177449659441, 0.4568331578704732, 0.6066513929562058, 0.04285637772048559]], "inverted": true, "swapped": true, "error_lsq": 0.04007388156045709, "error_max": 0.20265025047521004, "target": "277.xyz", "model": "16.xyz", "model_rescale": 3.7852294659196426, "target_rescale": 4.018513907428079},
{"mapping": [5, 14, 3, 9, 7, 12, 11, 13, 2, 4, 6, 8, 15], "R": [[0.7916718631821402, 0.3689443178699619, 0.48696586261994523], [-0.32000444281304, -0.42857054084257573, 0.8449404997405545], [0.520435219432385, -0.8247468592443203, -0.22122341770480525]], "T": [-0.04399308105792796, 0.1548783954861223, -0.1241271916431763], "aligned_model": [[-0.10981626971583681, -0.405305918854302, 0.21158506828947357, 0.04681926221070967, -0.5547499799446155, -0.6303628381137613, -0.32529481277605765, -0.055243679828732385, 0.6659249556947321, 0.5281888991038577, 0.0030132935987021436, 0.4712778033065107, 0.007730067245602962], [0.10026736623232, -0.4728981014696198, -0.37770472566495733, -0.5383250816191758, -0.2252036415706638, 0.07523058488664602, 0.7335241206447443, 0.21849296433754542, -0.08561214320543747, 0.4473295402641902, 0.670692329738189, 0.2532401368007161, 0.0760222743283772], [-0.6842946158616471, 0.24083623652720687, 0.48099968213409383, -0.24195636043815044, -0.36830525118834534, 0.2967552221355477, 0.42021429103460384, 0.5198971190763282, -0.06978475475047813, -0.5363590266438565, -0.3165536970900268, 0.41395581962461125, -0.059649967416713606]], "inverted": true, "swapped": true, "error_lsq": 0.04046149248311284, "error_max": 0.2547891572754603, "target": "277.xyz", "model": "17.xyz", "model_rescale": 3.901054581598922, "target_rescale": 4.018513907428079},
{"mapping": [6, 4, 11, 10, 2, 13, 1, 5, 8, 14, 3, 9, 7, 12, 15], "R": [[0.53797548032589, -0.8023260566380263, 0.25856388264373387], [0.6466733939226647, 0.589572287728839, 0.4839607826412441], [-0.5407364461183196, -0.09315265096527203, 0.8360183487564565]], "T": [0.06376444105385107, 0.03838785789957529, -0.10481982763335775], "aligned_model": [[0.020685889357514475, 0.16791347837516965, -0.5715175598978888, 0.24311874444932385, -0.0720648674964505, -0.5278156679805034, 0.6437279594769613, 0.5973758201238467, -0.5823514621487037, 0.07831806400760252, -0.3290469460783879, 0.41522144833710894, 0.5586864268032659, -0.1274362466684932, 0.0242711304286684], [-0.03023901329434099, -0.6048697727256414, 0.4789833950069374, 0.5911728077503308, -0.6450242665737008, 0.21783068284940765, -0.5118181521002615, -0.04468010317884871, -0.3157788193654247, 0.44899074465524286, -0.07990841857726462, -0.11465398016183594, 0.44937942649601686, 0.708347637541248, 0.0010251815052414945], [-0.6513874492130864, -0.502598126387032, -0.4403217519551697, -0.5370688400452046, 0.17673067514725355, 0.08694552197264378, 0.013406076026338726, -0.27646250824077956, 0.04287122756964372, 0.594495596360138, 0.634672369646155, 0.49160101641387355, 0.12122452195609472, 0.09990306465813971, -0.004344989057032067]], "inverted": false, "swapped": true, "error_lsq": 0.04087610071968769, "error_max": 0.32204856374089097, "target": "277.xyz", "model": "18.xyz", "model_rescale": 3.9405287249114394, "target_rescale": 4.018513907428079},
{"mapping": [9, 4, 13, 14, 7, 0, 8, 1, 11, 12, 6, 2, 2, 10, 3, 15], "R": [[-0.17528483258315394, -0.45079102946258076, -0.8752500643943778], [0.9834098488050873, -0.038005005940235176, -0.17737161214985397], [0.04669364774197074, -0.8918200868334092, 0.44997403923004203]], "T": [-0.12967197348614035, -0.08628473569010565, 0.009636356431318154], "aligned_model": [[-0.3691297670608077, 0.013379030006951592, -0.769764018930723, -0.7700060056165554, -0.1977042410061429, 0.470468924269431, 0.40726317040926696, 0.3603153448607196, -0.6014014098193409, -0.26801440694141715, 0.5582278505071367, 0.2545160117784331, 0.2545160117784331, -0.34382298608391865, -0.14585367744094319, -0.12216694879202734], [0.06979998665147717, -0.7997988734160669, -0.2139887788566991, 0.09890645643999531, -0.4535549415414974, -0.4214325491694673, -0.11150793682755224, -0.027522942993583842, 0.4040757838702302, -0.4147567681694033, 0.18391845971847398, 0.688825096211871, 0.688825096211871, 0.603183589702467, 0.12083135424027334, -0.04775762173646873], [-0.7026187744764474, -0.061771026106313624, -0.1494349989078572, 0.40386409737457335, -0.5871129673314373, -0.00382112910986427, -0.5226573565790417, 0.44779032886313624, -0.22749462352089037, 0.4256971178520322, -0.10021591224453277, 0.0928807164822189, 0.0928807164822189, 0.32056530173913916, 0.8356325262911034, 0.016468837948868685]], "inverted": false, "swapped": false, "error_lsq": 0.04830830658447662, "error_max": 0.3889869274681022, "target": "277.xyz", "model": "19.xyz", "model_rescale": 4.410303926677745, "target_rescale": 4.018513907428079},
{"mapping": [5, 9, 7, 4, 10, 2, 6, 14, 3, 13, 8, 11, 12, 15], "R": [[0.22444918971233876, 0.2856533648822567, 0.9316784404336718], [0.7660151498880788, 0.5392642423824386, -0.34987836033347197], [-0.602364799253259, 0.7922097146710201, -0.09777738287273927]], "T": [-0.05922740808430668, 0.025013214198697273, -0.021656724075947056], "aligned_model": [[-0.16034055122256932, 0.24662852327424614, 0.46313059485147, -0.7881405441083988, 0.11439281217752159, -0.4220200210838774, -0.4622377939643336, 0.697801779469096, 0.2648715783805401, 0.12057728042159163, -0.32237414802411823, -0.018237167179611907, 0.5567643886814888, -0.02962884221217242], [0.04219590915843499, -0.564026150526886, 0.06362144103214763, -0.09969051830446034, 0.6882666574284146, -0.6131215303358586, 0.39932767209177333, -0.2415344782197451, -0.5673097497290988, 0.06109763257595419, -0.2431131713928959, 0.6332398682300594, 0.3227115036704176, -0.07071661949705474], [-0.5789569009245037, -0.2709485840236889, -0.45824510116190437, -0.21136596350090664, -0.25517174461885095, 0.13939601984698474, -0.07431495715004555, 0.09542332395533985, 0.4875159952468486, 0.599075819683649, 0.6291692726787902, 0.5602791201132549, 0.22174645321241665, 0.03321228536763745]], "inverted": false, "swapped": true, "error_lsq": 0.03651588908863713, "error_max": 0.18373516982033086, "target": "277.xyz", "model": "20.xyz", "model_rescale": 4.121658175737393, "target_rescale": 4.018513907428079},
{"mapping": [1, 2, 4, 5, 6, 9, 8, 7, 3, 12, 11, 10, 15], "R": [[-0.8430684696640252, 0.29136787501101413, 0.4520401717435354], [0.216814558395781, -0.5850582239088666, 0.7814718945069266], [0.4921656252990464, 0.7568432044011286, 0.4300713443439706]], "T": [0.10105223284208355, -0.009759696754972354, -0.019604361671085438], "aligned_model": [[0.2514375870002268, -0.30922444233181456, 0.38185903637551943, 0.5310561371870275, 0.5067549459756807, -0.20323125099249062, -0.44142128497594846, 0.2645921489870113, -0.7378279491459848, -0.06955508367409556, 0.07742673802568387, 0.6375184052434005, -0.008302083009921565], [-0.4412090376079214, 0.04956455359031641, 0.25467110044178026, -0.31452362764042335, 0.3588906494284958, -0.6124342131100478, 0.473665155382717, -0.6046075772778551, -0.11639307142473848, -0.09620086789239046, 0.6126213608098093, 0.008274565545825167, -0.03149208608238422], [0.6469520215179824, 0.6072338165564103, 0.6392422584728723, 0.18852585842240066, 0.04970512426185904, 0.1968595941769985, 0.1720602888123628, -0.310067068884198, -0.012333295688508147, -0.7201301209653115, -0.5873656182349993, -0.5058729982407709, 0.005299879274690795]], "inverted": true, "swapped": true, "error_lsq": 0.044206709723460635, "error_max": 0.30591524218531696, "target": "277.xyz", "model": "21.xyz", "model_rescale": 4.08911054899281, "target_rescale": 4.018513907428079},
{"mapping": [15, 4, 1, 8, 2, 13, 14, 7, 11, 0, 12, 9, 10, 5, 6, 16], "R": [[-0.9923100920716018, -0.05155833130856482, 0.11252741730585104], [0.03967855570131761, -0.9936411384527778, -0.10537030033043014], [0.11724458789345595, -0.10009508702700586, 0.9880458897049011]], "T": [-0.0777731328456734, 0.011275865185296904, -0.021475538002420864], "aligned_model": [[-0.36757994045357784, 0.04783952185063185, -0.8067517790501351, -0.6625302961547178, -0.31124278251337956, 0.47962700213140425, 0.28953841168576167, 0.3538453167399171, -0.7037880744590836, -0.19291338196207036, 0.6355938393123791, 0.19948766734132456, 0.281948350891529, -0.2048629475726928, -0.24716551096201655, -0.060222514906778296], [0.07192902808644082, -0.6704056405194844, -0.2986119964420715, 0.20814201979742153, -0.49772403133911747, -0.33705215727364546, 0.10674958790487586, -0.08247254884191518, 0.3926888860399559, -0.5823600405710956, 0.1970519817533644, 0.64188480118033, 0.5444065853669207, 0.6832755870501869, 0.019120382748697214, -0.02857703460494327], [-0.687688886704153, -0.09779048822823116, -0.07205248789035297, 0.29485466161036916, -0.47717813553224253, 0.04710029101638285, -0.5389594348253655, 0.5359407667951218, -0.24175361375606738, 0.46269233847171676, -0.06102681587083959, -0.20315225661379482, 0.4658718725287785, 0.151711086060554, 0.7043404265034972, -0.0022564688084668327]], "inverted": true, "swapped": false, "error_lsq": 0.04037649971016485, "error_max": 0.22890137356633194, "target": "277.xyz", "model": "22.xyz", "model_rescale": 4.204369325754507, "target_rescale": 4.018513907428079},
{"mapping": [9, 4, 13, 14, 7, 0, 8, 1, 11, 12, 6, 2, 2, 10, 3, 15], "R": [[-0.17528483258315394, -0.45079102946258076, -0.8752500643943778], [0.9834098488050873, -0.038005005940235176, -0.17737161214985397], [0.04669364774197074, -0.8918200868334092, 0.44997403923004203]], "T": [-0.12967197348614035, -0.08628473569010565, 0.009636356431318154], "aligned_model": [[-0.3691297670608077, 0.013379030006951592, -0.769764018930723, -0.7700060056165554, -0.1977042410061429, 0.470468924269431, 0.40726317040926696, 0.3603153448607196, -0.6014014098193409, -0.26801440694141715, 0.5582278505071367, 0.2545160117784331, 0.2545160117784331, -0.34382298608391865, -0.14585367744094319, -0.12216694879202734], [0.06979998665147717, -0.7997988734160669, -0.2139887788566991, 0.09890645643999531, -0.4535549415414974, -0.4214325491694673, -0.11150793682755224, -0.027522942993583842, 0.4040757838702302, -0.4147567681694033, 0.18391845971847398, 0.688825096211871, 0.688825096211871, 0.603183589702467, 0.12083135424027334, -0.04775762173646873], [-0.7026187744764474, -0.061771026106313624, -0.1494349989078572, 0.40386409737457335, -0.5871129673314373, -0.00382112910986427, -0.5226573565790417, 0.44779032886313624, -0.22749462352089037, 0.4256971178520322, -0.10021591224453277, 0.0928807164822189, 0.0928807164822189, 0.32056530173913916, 0.8356325262911034, 0.016468837948868685]], "inverted": false, "swapped": false, "error_lsq": 0.04830830658447662, "error_max": 0.3889869274681022, "target": "277.xyz", "model": "23.xyz", "model_rescale": 4.410303926677745, "target_rescale": 4.018513907428079},
{"mapping": [15, 13, 14, 11, 6, 12, 5, 0, 9, 7, 2, 4, 3, 10, 1, 16], "R": [[0.7914425892770021, 0.18130885771338742, 0.5837342940012877], [-0.14249610547080802, 0.9834099240068324, -0.11224874738957571], [-0.5944017898729508, 0.005658575752170793, 0.8041483026881857]], "T": [-0.17755253124445805, 0.030032300569258805, -0.0012624916905388806], "aligned_model": [[-0.38560568862733935, -0.27746147189538595, -0.7090068788320123, -0.7241940909682456, -0.11473033401091684, 0.397677493340457, 0.2752720441118097, 0.4820167326152931, -0.6756862812827815, -0.14109673839202155, 0.6800747333460516, 0.2058603714570633, 0.3662488426570566, -0.39360094765375225, -0.14518729517877196, -0.10975760876800848], [0.07645313165079913, -0.6642028953098075, -0.2778010532711875, 0.009620622872708862, -0.5036920895064978, -0.5239334827308866, 0.02099700188595208, -0.12724016892947143, 0.3333318953869817, -0.38326032209472577, 0.33676472350152054, 0.5735796903785536, 0.5876786591932686, 0.6140742522194409, 0.2048012068354949, 0.09087423825377558], [-0.6823448515997224, -0.04861563530214002, -0.28577065099052334, 0.31730909399644597, -0.538933149931073, -0.09295853594759657, -0.4376915245917104, 0.33133270910984053, -0.22993716559332691, 0.5181516782175639, 0.05604934767519826, -0.17856210834169403, 0.44880593542945896, 0.1884795088135599, 0.8382276336041268, 0.07711057020849907]], "inverted": true, "swapped": false, "error_lsq": 0.039153625648556394, "error_max": 0.24698984483711275, "target": "277.xyz", "model": "24.xyz", "model_rescale": 4.28219845311461, "target_rescale": 4.018513907428079},
{"mapping": [0, 7, 3, 5, 4, 13, 2, 12, 1, 9, 14, 6, 10, 8, 11, 15], "R": [[0.347426513356857, 0.8066534332306179, 0.4781266113425974], [-0.9190062910074861, 0.3942338172987949, 0.002671027271368226], [-0.18633908582302763, -0.4403293494139108, 0.8782868603932094]], "T": [-0.07076428909651122, -0.042435819354012444, 0.02361739693265643], "aligned_model": [[-0.16568762649466523, -0.153748124850324, -0.7589015527495314, -0.6744688543890975, -0.27340676358106564, 0.35264818473110054, 0.4168736477469387, 0.45056696150391273, -0.6533197932062277, -0.29381923687673606, 0.5962699871937034, 0.11835339204600265, 0.14157312528920213, -0.35831260997620196, 0.06421040364277483, -0.07800825811128986], [0.2700050393791191, -0.8132600650094212, -0.37679221719162537, 0.26092893642420434, -0.37222338661096754, -0.45539084111412187, 0.037293318057023406, -0.25971442378262194, 0.16198539671179138, -0.4562853156553798, 0.3017042913737753, 0.7589515927311796, 0.6446426942923382, 0.5808621063444062, 0.1047433376437748, -0.01940505325755463], [-0.723995097510224, -0.043387610817357085, -0.09770139986740409, 0.5420682660713377, -0.5967250577189885, -0.0321184438459134, -0.45033674809265645, 0.5388102107780924, -0.1458477909388451, 0.5092600315527394, 0.15314532186347837, -0.34272923317563153, 0.3590883455487621, 0.12735608743982976, 0.5301716381684302, -0.046405664698743306]], "inverted": false, "swapped": false, "error_lsq": 0.03726210314371711, "error_max": 0.31344134098229537, "target": "277.xyz", "model": "25.xyz", "model_rescale": 4.100010024507729, "target_rescale": 4.018513907428079},
{"mapping": [0, 2, 3, 9, 11, 12, 13, 7, 5, 10, 6, 15], "R": [[0.05752493801694357, -0.4145206901118488, 0.9082199507692745], [0.6665100029411677, 0.6932428387600993, 0.27418749513280827], [-0.7432733665923406, 0.5895650633959205, 0.31616093771598786]], "T": [0.004151429068875816, -0.0036221729262706018, -0.11676944306963094], "aligned_model": [[-0.8008509892985594, -0.02002426868979997, 0.3086620558156296, 0.6362231356502104, -0.5308643890211926, 0.20239225706013872, -0.16108779930633518, 0.5691182896128, 0.17252740880105388, -0.09153589280318324, -0.45667681660575454, 0.048882611147998786], [-0.2656712652771172, -0.7060905464506964, -0.21363091562492906, -0.3137439657988886, 0.5710212969309484, 0.6320225959257812, 0.20831358174343345, 0.28905791279566956, -0.11843228302506911, 0.5958046149226459, 0.04209814535417832, -0.054617781445317315], [-0.06663491534022195, 0.1491744201612656, 0.643699564132338, -0.03327401382608941, 0.18951824231729497, 0.17300904802239608, 0.4720598492037195, -0.3619402066728101, -0.6455139635189133, -0.5118768184767186, -0.41818038266907326, -0.024848533478830787]], "inverted": false, "swapped": true, "error_lsq": 0.04355653517041055, "error_max": 0.2497836626471943, "target": "277.xyz", "model": "26.xyz", "model_rescale": 3.6694154284099745, "target_rescale": 4.018513907428079},
