[{"mapping": [0, 10, 5, 3, 1, 8, 14, 9, 12, 4, 7, 15], "R": [[-0.003373299427329876, 0.5696568145289482, 0.8218757415276992], [-0.18626607729719868, 0.8071388636109555, -0.5602069289977851], [-0.9824935466960012, -0.1549773161128653, 0.10338501918153052]], "T": [-0.029084263220234996, 0.07370633866550923, 0.12427421886347279], "aligned_model": [[-0.27596323416614255, 0.15156606344495638, 0.49611762134257703, -0.24961257812182008, -0.13495201873318197, -0.6250567139445955, 0.5272326074167719, -0.29366519084760095, 0.6714061671966869, 0.13976488502029727, -0.5705150152828349, 0.0013198691354354974], [-0.21749703115934882, -0.7943737888396551, -0.39917667441378923, 0.5338620522696155, 0.3814216862320368, -0.5169432264073694, -0.1617010417151949, -0.4059080401069397, 0.1045580609765847, 0.49394362148343995, 0.08594464756196772, -0.05057522990429017], [-0.5426811476628528, -0.12825327348986154, -0.49860923096537113, 0.027809599384882394, -0.5556193789874325, -0.07171246741890205, 0.5205800440589641, 0.5951556392240499, -0.009009552051253727, 0.3807506217703443, 0.3459831070987257, 0.11755778439227058]], "inverted": false, "swapped": true, "error_lsq": 0.04085521882721846, "error_max": 0.20163789106076563, "target": "279.xyz", "model": "0.xyz", "model_rescale": 3.751011558992144, "target_rescale": 4.153653109637135},
{"mapping": [11, 5, 1, 13, 10, 2, 14, 12, 0, 7, 9, 6, 4, 3, 15], "R": [[-0.6813395611756807, 0.4906421888484621, 0.5431819629727418], [-0.2693240130297, 0.521982832324115, -0.8093197753449949], [-0.6806180855534981, -0.697713526657528, -0.2235058306546077]], "T": [0.05577327123814246, 0.08956993268318972, 0.10390313514213545], "aligned_model": [[-0.025972173931992082, -0.0697312687473789, -0.39565701436575385, 0.39813141205290453, -0.1664875876808639, -0.5891628801914391, 0.6668415153078555, 0.48606064657365516, -0.6208841214980675, -0.1918273461591824, 0.06409145635027556, 0.5669762434157255, 0.4371999971828611, -0.06687244027818337, 0.04637977305861873], [0.08472994278782417, -0.6027945516221151, 0.3449901132149338, 0.5110934211622565, -0.8048311880268485, 0.4372226140806116, -0.2926159356857312, -0.15224080074119503, -0.15589742692185074, 0.3217202559688187, -0.20982579108819968, 0.07605401627386202, 0.4419402888273771, 0.5864133681860604, -0.03720097658869834], [-0.667954115877395, -0.5224507480530108, -0.44301847697490526, -0.4663296448601085, 0.07911344871613943, 0.10607908159100388, 0.15383274044388823, -0.4116388896163997, -0.16527828705280906, 0.5806127199724289, 0.7612123013752562, 0.6411953545301351, 0.06871309641368822, 0.01566441749877248, 0.11991340674529193]], "inverted": false, "swapped": true, "error_lsq": 0.04497600188152229, "error_max": 0.2521247045277878, "target": "279.xyz", "model": "1.xyz", "model_rescale": 3.9405287249114394, "target_rescale": 4.153653109637135},
{"mapping": [10, 8, 0, 4, 7, 5, 14, 6, 3, 11, 13, 12, 15], "R": [[-0.8776347858362422, -0.22167242304737883, -0.42499237587335315], [-0.05765436562428071, -0.8313824266863657, 0.5527017592893583], [-0.4758499309810136, 0.5095729559713641, 0.71686975506571]], "T": [0.10475376268572968, -0.08244712595744089, -0.040667243112533155], "aligned_model": [[-0.3892164436717466, 0.08779925260075583, -0.41210603562582615, 0.3372087297373095, 0.5524110093388277, -0.7798663562576288, 0.127348596385922, 0.6856261957785224, 0.22917061917482398, -0.5723669552591278, -0.09392926749717205, -0.3330839333875967, 0.05698786796686825], [0.6947976106890286, 0.45430513760683544, 0.042904382779456296, -0.4310528200683472, -0.030152198400129337, 0.21502405227164825, 0.2313808871626142, 0.1606583749281775, -0.5479465837113099, -0.45533233121445393, -0.7535105284545129, -0.15812856679432788, 0.035885176777338004], [-0.08370022202869408, -0.7145147066304508, -0.5953933358625049, 0.26808559056887743, -0.41392331697734286, 0.08738469541868617, 0.6096902386220253, 0.35135446507015533, -0.23434775813459796, 0.02957175097161635, 0.32024207327758586, 0.517878822019563, -0.02920794672627445]], "inverted": false, "swapped": true, "error_lsq": 0.05269271859490259, "error_max": 0.2753847860534498, "target": "279.xyz", "model": "2.xyz", "model_rescale": 3.932901565614263, "target_rescale": 4.153653109637135},
{"mapping": [12, 5, 11, 14, 13, 3, 1, 4, 9, 7, 0, 10, 2, 15], "R": [[0.9169533618393612, -0.39838392276804774, 0.022063143280959097], [-0.2663894981294565, -0.5701022001269388, 0.7771873112041654], [-0.2970406832368762, -0.718521907453326, -0.6288824222474372]], "T": [-0.09941017024391201, -0.0594180443656854, 0.1342301840016056], "aligned_model": [[-0.15187426719935468, 0.5492447194655092, 0.23992234619346836, -0.4301429511384025, -0.3752065269370339, -0.20419495605557675, 0.33670578888933855, -0.5619267291370402, -0.19535042671364394, -0.17640020438925869, 0.6580379199952465, 0.5117719860057616, 0.2567292893559558, -0.03750607628226631], [0.07769042211814789, 0.237874957754759, -0.3946502915590232, 0.48547576081946575, -0.5400024327973002, -0.5596347605458757, -0.6457019397995796, -0.2513411424026927, 0.46566393990166155, -0.144830574252214, -0.17789947074788154, 0.6230960977574574, -0.5646408376717842, 0.05239690977534804], [-0.5642338611815341, -0.48083311406147955, -0.47809500982080844, -0.20587269909346703, -0.4252620738013072, 0.22634330338911057, -0.050772749294410835, -0.0076624203487810905, 0.6208991768670046, 0.7080150748683054, 0.18726443733301978, 0.03128068001156212, 0.527580378467635, 0.12524523972224802]], "inverted": false, "swapped": true, "error_lsq": 0.04855395745079534, "error_max": 0.3601308262990918, "target": "279.xyz", "model": "3.xyz", "model_rescale": 3.9243930471874484, "target_rescale": 4.153653109637135},
{"mapping": [4, 12, 3, 7, 2, 14, 9, 1, 0, 5, 8, 10, 15], "R": [[0.12211100785432102, -0.039731472190073086, -0.9917208840588221], [0.9897416731520435, 0.0795380229426583, 0.11868076226822435], [0.07416415702342727, -0.9960397145816942, 0.04903636190646485]], "T": [0.030216805963325606, -0.21293297994481641, -0.20609032230957658], "aligned_model": [[0.04365008423840692, -0.5125914076919355, 0.46634011960573823, 0.4421616945822656, 0.7046157192103223, -0.6396617247447068, -0.09007560113124244, 0.42012781129048093, 0.2356010089888027, -0.5120044556412571, 0.27634120398798695, -0.5012516202790284, -0.056046946104481], [-0.5172268782039149, 0.008649931816272272, -0.2357748954973139, -0.5063585942864718, 0.041961800046249886, -0.4767794147432922, -0.6182472711081597, 0.37604158097911333, 0.455570728769504, 0.5543354241453755, 0.004754000997109625, 0.21986658552075533, -0.1789634447536404], [-0.6281262502788245, -0.61310812519829, -0.48708168060808454, 0.08828135464861953, -0.07561228587760954, -0.26618371061077417, 0.3795822771898242, -0.46920701827016736, 0.11249751552124393, -0.13728294460346302, 0.5904622566006388, 0.41050811324485603, -0.11765918638700529]], "inverted": false, "swapped": true, "error_lsq": 0.04380371666858164, "error_max": 0.2399398581865138, "target": "279.xyz", "model": "4.xyz", "model_rescale": 3.8936222436046832, "target_rescale": 4.153653109637135},
{"mapping": [6, 14, 9, 7, 10, 5, 11, 0, 2, 3, 8, 15], "R": [[0.1148327987121821, -0.02518154396448674, 0.9930656162527695], [-0.5643326968771828, 0.8210478200061285, 0.086076039049844], [-0.8175218869090012, -0.5703037498620793, 0.08007245043082947]], "T": [-0.01595879082734207, -0.23314253222064635, -0.027485854150979462], "aligned_model": [[-0.1050469112110129, -0.6001204202804077, -0.08779504364871982, 0.42667285804790733, -0.681462497424563, -0.7235744093558718, -0.20145646452011468, 0.003580983983412167, 0.5688490145254343, 0.43536930289422887, 0.10722456831826258, -0.11469293911345842], [-0.5408739907242717, -0.5371898357967397, 0.049600076999911646, -0.04606915135900902, 0.4040364234868798, 0.09498690970869822, -0.3230321109265112, 0.40067512988918225, 0.12763479728722, -0.4030340323398367, 0.599398968127494, -0.15721027924321035], [-0.6964841680712743, -0.3245949759223981, -0.6882872625498783, -0.36145088254946944, -0.06028185385693227, 0.5007663218327932, 0.7208321504128085, 0.40664714186395723, 0.22677643239228243, 0.16518295819780288, -0.2123137799922871, -0.05750736248188601]], "inverted": true, "swapped": true, "error_lsq": 0.04281029532774208, "error_max": 0.20338826156908665, "target": "279.xyz", "model": "5.xyz", "model_rescale": 3.6523030999806103, "target_rescale": 4.153653109637135},
{"mapping": [13, 1, 2, 4, 7, 12, 0, 14, 5, 10, 8, 9, 15], "R": [[0.8928720903094398, 0.09180457517188265, 0.4408529803959158], [-0.3930153635057008, 0.6367568217928222, 0.6633850118511767], [-0.21981436348640512, -0.7655799565543852, 0.6046230029756166]], "T": [0.2280577020792441, -0.09156687455757516, 0.079272183011071], "aligned_model": [[0.13124318483633313, -0.19911045548671505, 0.21185648283770273, 0.5180453183426748, 0.6426094364736155, -0.16255146562079395, -0.33326650637636057, 0.2544569642115545, -0.6754062582828869, -0.35434765402554247, 0.10724596544501061, 0.5726002800302816, 0.16770761227942096], [-0.5573314830869143, 0.18044323741495077, 0.5500272326362011, -0.42698381018446735, 0.3191705085006675, -0.6877033032097952, 0.4331364425916384, -0.6877773093028953, -0.24543513746770595, 0.021172447238757566, 0.6474155267237082, 0.08472833472832024, -0.09003578241928259], [0.7067646929291764, 0.6375641185881348, 0.4326901836220677, 0.3518381671109164, 0.03575749267189668, 0.11733886144449199, 0.09267560814158593, -0.32791278581342165, -0.13871081099020316, -0.6264626320499727, -0.34707320142635445, -0.5306234988820948, -0.033736455864433426]], "inverted": true, "swapped": true, "error_lsq": 0.04337864008894676, "error_max": 0.21145569347951768, "target": "279.xyz", "model": "6.xyz", "model_rescale": 4.08911054899281, "target_rescale": 4.153653109637135},
{"mapping": [8, 9, 10, 2, 1, 11, 0, 5, 3, 7, 13, 4, 12, 14, 15], "R": [[-0.04165883197111713, -0.41639806630503157, 0.9082275001871684], [0.47652990599303086, 0.790684785434906, 0.38436547552561273], [-0.8781707068748511, 0.44880978204489674, 0.16548712677346494]], "T": [-0.02225235267986235, -0.14104081232219992, 0.11118824275895761], "aligned_model": [[0.12954409151908153, 0.3383460887035555, 0.7461180295417288, -0.5539155897995163, -0.469319577220492, -0.13309179994668843, -0.03719856721305578, 0.5169641605843114, -0.5390262881172077, -0.26409534160383163, -0.37639435308984576, -0.23690387094648563, 0.28217003386408396, 0.5372009686275073, 0.095935554896409], [-0.6861419250602658, -0.7630615926314729, -0.15378718582473408, -0.3278649824037978, 0.2554239394613569, 0.5793104349514882, -0.059640715540580994, 0.4457953836755134, -0.10278945486784627, -0.6731495543814902, 0.48935991071453366, -0.012831110592805978, 0.47837828455308773, -0.012629564256553455, -0.1556130516273195], [-0.5386451730972961, 0.18062342523533148, -0.398137064265017, -0.35704320942611173, -0.3482664541576456, -0.15579126345922328, -0.6528331736594564, -0.391114441454583, 0.14529065546662295, 0.08248071868198388, 0.4230134233508547, 0.5676710486433545, 0.29298546072882864, 0.5499204333095409, 0.06391564618489681]], "inverted": false, "swapped": true, "error_lsq": 0.04260623081470031, "error_max": 0.26128900726302223, "target": "279.xyz", "model": "7.xyz", "model_rescale": 3.964800864290218, "target_rescale": 4.153653109637135},
{"mapping": [6, 14, 4, 9, 3, 10, 7, 12, 5, 0, 8, 2, 11, 15], "R": [[-0.29912920893592654, -0.920752224979116, -0.2504736643988227], [0.05083728309823354, -0.27749749431542264, 0.9593803788361799], [-0.9528574326773951, 0.2742452932042212, 0.1298161474808659]], "T": [0.054828995229340996, 0.08681576905957314, -0.0328770679985792], "aligned_model": [[-0.2361698345348085, 0.16902448648272667, 0.3025767865709046, -0.5939502775391838, 0.18537106447262847, -0.18466178814864043, -0.42442821498864775, 0.6373589948939318, 0.43497183712364956, -0.010650301922717612, -0.622528396453917, -0.12618573880462441, 0.7186957090283472, 0.011763563281224534], [-0.07513691214772525, -0.48183065171526107, 0.28070241937018203, -0.1596049685857637, 0.5894341354766456, -0.672946227935083, 0.4170311490620847, -0.31858423840534533, -0.551276441983263, 0.07944323205479344, 0.025169392333130064, 0.6379264217907913, 0.06815642404450704, -0.027535267178490724], [-0.6956629292691132, -0.46364851586195055, -0.4475076899942384, -0.2331883430544434, -0.036748391402841474, 0.43120660472389305, -0.09388686942504476, -0.10846059069175132, 0.54657862973935, 0.7327835599388342, 0.4961291135453438, 0.4146946866456892, 0.3688718267267132, 0.005653947104581336]], "inverted": true, "swapped": true, "error_lsq": 0.0426916598077187, "error_max": 0.27927083852803103, "target": "279.xyz", "model": "8.xyz", "model_rescale": 4.121658175737393, "target_rescale": 4.153653109637135},
{"mapping": [0, 2, 1, 11, 8, 10, 7, 14, 4, 9, 5, 12, 15], "R": [[0.5617944034008869, -0.8168108661787334, 0.13117567304873454], [-0.6464615280764527, -0.5323925113393562, -0.5464848640052451], [0.5162117211227377, 0.2222121120958995, -0.8271319339823484]], "T": [0.14691125000231728, -0.14052624601187866, -0.024969616235852025], "aligned_model": [[-0.46032930801089644, -0.07507466282140177, 0.08655982844647286, 0.20749433245245116, -0.6425978233601876, -0.6190966225235163, 0.0538786843511469, 0.31291502427530815, 0.665123419879761, -0.1558948762523156, -0.3168443875992284, 0.36960613933517295, 0.050997748262430545], [0.11429610991531783, -0.3360756117699697, 0.2305332778460644, 0.5721000190755563, -0.45993709154252815, 0.1592252706264455, -0.6932761049255629, 0.014084117900796722, -0.18209257384534344, -0.6518654588922499, 0.6638325647764988, 0.4732303383722395, -0.11366741812555535], [-0.421078895923216, -0.6952624336716308, -0.6782877292975457, -0.32657010643447604, -0.1557862313074907, 0.39138209829088844, -0.1930898167041245, 0.6609617102647307, -0.00011118987473881375, 0.3856433291321427, 0.13433125563200066, 0.2633237705330112, 0.055619673319537606]], "inverted": true, "swapped": true, "error_lsq": 0.03946023703321777, "error_max": 0.23876890779541093, "target": "279.xyz", "model": "9.xyz", "model_rescale": 3.833441315466971, "target_rescale": 4.153653109637135},
{"mapping": [1, 11, 7, 6, 4, 3, 12, 14, 8, 9, 0, 10, 5, 2, 15], "R": [[0.7605198569963203, -0.36070747525416436, 0.5399070886829171], [-0.6470436622290727, -0.49048992463592955, 0.583741495012844], [0.05425906637131389, -0.7932904582348176, -0.60642081312411]], "T": [-0.20010154708673603, 0.03445322839480756, 0.03760447122671687], "aligned_model": [[-0.0192414914929665, 0.13518772469486282, -0.4776034770544637, -0.6020569588729056, -0.6322759670556783, -0.5291102793916981, 0.027014117450272962, -0.14774358678269792, 0.21826041776562757, -0.20905847935976005, 0.37966211779256875, 0.6412183122870574, 0.6672097373557668, -0.23032905810448048, -0.09728811093697326], [-0.6972855001154247, -0.5085097923737405, 0.08859975841446802, 0.6567689142062285, 0.013526070795609892, -0.3618818507940722, 0.054836288308932314, 0.5949133691126691, 0.11823024090172146, 0.6333386533195724, -0.3550748175563303, 0.39898985186810243, -0.05523304629269645, -0.49040771806216976, 0.11029111756210846], [0.037912160735860734, -0.40425706994397104, 0.5499644020929446, 0.0008740764108006588, -0.2516650895278245, 0.10358325810865643, -0.6387136796867001, -0.4152823546318556, 0.7862135350800832, 0.4413597842656596, 0.3581042124655116, 0.13384233829491313, -0.3189998805265126, 0.5479152054941082, 0.04727100919041805]], "inverted": false, "swapped": true, "error_lsq": 0.05061517255026701, "error_max": 0.4457700488557989, "target": "279.xyz", "model": "10.xyz", "model_rescale": 4.2482417240324, "target_rescale": 4.153653109637135},
{"mapping": [9, 14, 12, 13, 8, 0, 10, 1, 4, 2, 7, 15], "R": [[-0.4507092820114077, -0.8926623821205142, -0.003874874925796634], [-0.781639080278492, 0.39254907331863326, 0.4847118455516387], [-0.4311629521308094, 0.22149288156419727, -0.8746653143495711]], "T": [-0.0002640749195151268, -0.0473169520963258, -0.11238104983579572], "aligned_model": [[-0.7129739716470808, -0.09594143265983532, 0.45408667831410154, 0.7197626454015658, -0.5651894593756199, 0.0763922701375038, -0.31213524287170796, 0.5357887617833641, 0.20351728160321755, 0.03063665992831128, -0.39748486698567953, -0.059693721265133524], [-0.1470621471326239, -0.6499648494705396, -0.3898256340148253, -0.31006441608496954, 0.5861036182510225, 0.6675192939599588, 0.19677810002683727, 0.4749060883086791, -0.4272181583990578, 0.5818023466554051, 0.12065468016322545, -0.03749753221247251], [-0.050269611243636075, 0.2744325453017164, 0.318497623703509, -0.29288551931507045, 0.03627473713897725, 0.15911671427578383, 0.7201582962716488, -0.20228362775732006, -0.4039934401131681, -0.4866320532687333, -0.5079225011561603, 0.0006991260168096036]], "inverted": true, "swapped": true, "error_lsq": 0.047043200802575395, "error_max": 0.2918698979832408, "target": "279.xyz", "model": "11.xyz", "model_rescale": 3.6694154284099745, "target_rescale": 4.153653109637135},
{"mapping": [8, 2, 3, 1, 0, 9, 10, 14, 11, 12, 4, 5, 7, 15], "R": [[0.9647190204884232, 0.13444391379869222, 0.22636705933140333], [0.010194540484584118, 0.8400706207991419, -0.5423812528235582], [-0.26308417446164534, 0.5255532191059572, 0.8090615125163231]], "T": [-0.13424203351554184, 0.11996640684216701, 0.02116554634010092], "aligned_model": [[0.013378507500122844, 0.036467916253245275, -0.19136494567355294, 0.4200512938343046, 0.4898270908865897, -0.5530155760101864, 0.32319246645145927, -0.31795004246053804, 0.524110288624929, 0.16732974003569875, -0.4160874853128469, 0.6843995816840358, -0.48667366396957945, -0.09540032158787262], [-0.43991843331440134, 0.35169676870243993, 0.5826317368405767, 0.5515115986560969, -0.04258635228654452, -0.4511458731617152, -0.6752700644489422, -0.17030263676699725, 0.4708849521020213, 0.19930168191039516, 0.48698683138458504, -0.20399924522635066, 0.07071193736561653, 0.00048438637947378904], [-0.6169551268685199, -0.6526066061629623, -0.20765579569563877, -0.25211027743818504, -0.39679667479780095, -0.12103788317370295, 0.11238185878634199, 0.6567429626700264, 0.2354031569145149, 0.6631652464891752, 0.25938540959603257, 0.35629435414571736, -0.4433964082992362, 0.046281243486653446]], "inverted": false, "swapped": true, "error_lsq": 0.04313139580250968, "error_max": 0.2382454135976891, "target": "279.xyz", "model": "12.xyz", "model_rescale": 3.9764082729961374, "target_rescale": 4.153653109637135},
{"mapping": [0, 2, 7, 8, 11, 9, 14, 3, 4, 6, 5, 1, 12, 10, 13, 15], "R": [[0.1168192695786655, 0.40953575173100953, 0.9047838008658332], [0.4728928378254855, 0.7781810231437426, -0.4132876227910979], [-0.8733416411625327, 0.47614573743033206, -0.10275998510344006]], "T": [0.12551110604676938, -0.027243326252516683, 0.11022330308515807], "aligned_model": [[0.7712835833036457, 0.6736690954280964, 0.4020782002463973, 0.04097952736929375, -0.5023584842373552, 0.6504861572728813, -0.6506585009301536, -0.3024502360698518, 0.2612155146704308, -0.3196835248375215, 0.4848059096127527, 0.4706001414476402, 0.17876852743436708, -0.023163043922550502, -0.33912209109184765, 0.08799206134265039], [-0.3083934093711729, 0.26183135053248174, -0.3350999790797579, 0.424685070788505, 0.39625496915129865, -0.0351396774841278, -0.18854886051071157, -0.08611590751949519, -0.7164462061653986, -0.5683778593643617, -0.577715268860561, 0.5055522103171397, 0.3427651615190374, 0.7626840437658367, 0.07082050539901152, -0.10314946462839439], [-0.0659597604656584, -0.3919899621968226, -0.5220492826237051, -0.42668262238295884, -0.1284682764393793, 0.4032044795197377, 0.008491767177966389, -0.6121523306001944, -0.039601346352508754, 0.4145815843998889, 0.6305230151420891, 0.1293296402156467, 0.6273991928870896, 0.11781581156739371, 0.4962026072265415, 0.04374583160479614]], "inverted": true, "swapped": false, "error_lsq": 0.04603162674501428, "error_max": 0.321865106145089, "target": "279.xyz", "model": "13.xyz", "model_rescale": 4.170626492500431, "target_rescale": 4.153653109637135},
{"mapping": [5, 0, 10, 8, 14, 6, 9, 11, 12, 2, 3, 7, 4, 15], "R": [[-0.2521437674390856, -0.9106180019020015, -0.32741162953326897], [0.9317154644479725, -0.13705631986314443, -0.33633593101848414], [0.26139972044767634, -0.38985948724839015, 0.8829947714184376]], "T": [0.022488155114737743, 0.09447981519860799, 0.19477265258326312], "aligned_model": [[0.4183169069092089, -0.08197263016642335, -0.18373775059495073, -0.6750027679600693, 0.20081904740940026, -0.2208395483864874, -0.5949161057923339, 0.6641258436714028, 0.6366452894369123, -0.2219584963500772, 0.11538171535860316, -0.47613973316930913, 0.2763751134457371, -0.013913861719969833], [-0.3415833410855504, -0.6412573688557461, -0.15861452638832602, -0.35728176238703035, 0.6390452165925462, 0.7950388736398735, 0.3913482021707562, -0.3357228187431367, 0.22414832658243103, -0.4576435409929233, -0.029939168593167448, 0.10796535688234118, 0.4333567761693985, 0.0872142429341995], [-0.5404876269520154, -0.0010763458036099072, -0.667423330218084, -0.03299639972348853, -0.24523873230920248, 0.1805346007794245, -0.034232742681961054, 0.11929994471530282, -0.14493358371682488, 0.609761080352044, 0.6903250152901999, 0.5007795737421114, 0.4974166211212685, 0.07214502652570155]], "inverted": true, "swapped": true, "error_lsq": 0.043678380597761406, "error_max": 0.25019262931381114, "target": "279.xyz", "model": "14.xyz", "model_rescale": 3.9786697098870705, "target_rescale": 4.153653109637135},
{"mapping": [11, 5, 2, 3, 0, 8, 14, 9, 7, 4, 10, 15], "R": [[-0.22404343113487768, -0.10497350128537855, -0.9689092346516263], [0.35771794314327454, -0.9336476558609358, 0.018437132605822804], [-0.9065552460378002, -0.34246550006280685, 0.24672852925447308]], "T": [0.0872520868434189, -0.17389987752136865, 0.05821685501774519], "aligned_model": [[-0.22319798420945963, -0.6831800827327795, 0.6369507808733285, 0.49272689469470626, 0.06203051782836616, 0.27512698461169666, -0.45227310736246595, 0.13800066825622725, 0.5866911922943068, 0.18779293972534888, -0.5355296451387369, -0.0017845620732019896], [-0.42614908569288007, 0.07444199237944973, 0.06503646860178261, -0.422103183458577, 0.33244792016562114, 0.6654701950299629, -0.34769274579313475, 0.265007531629991, 0.05093116191245231, -0.6629144616663495, 0.5052482137258725, -0.08504951660975192], [-0.6069601512142692, -0.42365423086959464, -0.36315059665560784, -0.15074902824262892, -0.519324373004015, 0.0070137688133089515, 0.5061811461525545, 0.6296599399412245, 0.26428347109068867, 0.20534206487344658, 0.028745391660436284, 0.08257909132828685]], "inverted": false, "swapped": true, "error_lsq": 0.054618573795792415, "error_max": 0.27599899963623314, "target": "279.xyz", "model": "15.xyz", "model_rescale": 3.769337070930944, "target_rescale": 4.153653109637135},
{"mapping": [9, 14, 8, 10, 7, 4, 2, 13, 0, 5, 15], "R": [[0.01726987745705444, -0.4508386115038404, 0.8924383999525728], [-0.5576439864529987, 0.7365130141867942, 0.38285998002702165], [-0.8299005577208795, -0.5042748519515652, -0.2386879510654045]], "T": [0.10729941947532934, -0.09026240880243347, -0.06279625088502135], "aligned_model": [[-0.25081256210252495, -0.41947868847481545, -0.0923405721806018, -0.6948127870389089, 0.34376743983778013, 0.3539647716802228, 0.6039911502951989, 0.4856339910747438, 0.06929011208929779, -0.4626016633783259, -0.013975061110895554], [0.11368379824825997, -0.5734456640689238, 0.7269902160266415, 0.31631384634672705, 0.19742595487308684, -0.5392835838840319, 0.4442912135140938, -0.6353989816189916, 0.5480510245552652, 0.04676607627604745, -0.049329402642832774], [-0.6560281489740003, -0.16768747640689557, -0.24908332205404987, 0.14037741767867606, -0.5142053196439406, -0.15458809327733386, 0.0032303380773641838, 0.36116794597751506, 0.3634540783559889, 0.6746826340447747, -0.057102446554321507]], "inverted": true, "swapped": true, "error_lsq": 0.042982247006622544, "error_max": 0.22427993561095902, "target": "279.xyz", "model": "16.xyz", "model_rescale": 3.7852294659196426, "target_rescale": 4.153653109637135},
{"mapping": [10, 12, 4, 14, 5, 11, 1, 3, 9, 8, 0, 7, 15], "R": [[0.6824654726387208, 0.6373375340744872, 0.3578292138938065], [-0.6472465242418609, 0.29952067585715325, 0.7009702572797968], [0.33957740724735763, -0.7099917129051058, 0.6169270233125116]], "T": [0.1041120235802393, 0.005221581876020842, 0.15760623129464113], "aligned_model": [[-0.03691910993451206, -0.45797362702620636, 0.10283981914247221, 0.07400367688551687, -0.6075991746692502, -0.6566151021528573, -0.3819379094885873, 0.09190876232228515, 0.7118101966141593, 0.4612235286288765, -0.1682189525637134, 0.6187394354522315, 0.10250430700586804], [0.010727391504188999, -0.43022171010248056, -0.2782472273167638, -0.6809053408546989, 0.00985335141193755, 0.14105801883081315, 0.5439209835395584, 0.24821206452157507, -0.12290434164191755, 0.5633524472138145, 0.6227708325550274, 0.26431658578672057, -0.016877431744901257], [-0.7534632985041381, 0.09554097275374901, 0.5941075138706398, -0.0666408104702853, -0.45955247817579103, 0.2304901240897262, 0.36183756678242207, 0.6163961036821394, -0.21124198931126792, -0.39323145991966746, -0.2098809824274257, 0.25997943337740614, 0.03141400139566666]], "inverted": true, "swapped": true, "error_lsq": 0.04582649176497766, "error_max": 0.22650984350737424, "target": "279.xyz", "model": "17.xyz", "model_rescale": 3.901054581598922, "target_rescale": 4.153653109637135},
{"mapping": [11, 5, 1, 13, 10, 2, 14, 12, 0, 7, 9, 6, 4, 3, 15], "R": [[-0.6813395611756807, 0.4906421888484621, 0.5431819629727418], [-0.2693240130297, 0.521982832324115, -0.8093197753449949], [-0.6806180855534981, -0.697713526657528, -0.2235058306546077]], "T": [0.05577327123814246, 0.08956993268318972, 0.10390313514213545], "aligned_model": [[-0.025972173931992082, -0.0697312687473789, -0.39565701436575385, 0.39813141205290453, -0.1664875876808639, -0.5891628801914391, 0.6668415153078555, 0.48606064657365516, -0.6208841214980675, -0.1918273461591824, 0.06409145635027556, 0.5669762434157255, 0.4371999971828611, -0.06687244027818337, 0.04637977305861873], [0.08472994278782417, -0.6027945516221151, 0.3449901132149338, 0.5110934211622565, -0.8048311880268485, 0.4372226140806116, -0.2926159356857312, -0.15224080074119503, -0.15589742692185074, 0.3217202559688187, -0.20982579108819968, 0.07605401627386202, 0.4419402888273771, 0.5864133681860604, -0.03720097658869834], [-0.667954115877395, -0.5224507480530108, -0.44301847697490526, -0.4663296448601085, 0.07911344871613943, 0.10607908159100388, 0.15383274044388823, -0.4116388896163997, -0.16527828705280906, 0.5806127199724289, 0.7612123013752562, 0.6411953545301351, 0.06871309641368822, 0.01566441749877248, 0.11991340674529193]], "inverted": false, "swapped": true, "error_lsq": 0.04497600188152229, "error_max": 0.2521247045277878, "target": "279.xyz", "model": "18.xyz", "model_rescale": 3.9405287249114394, "target_rescale": 4.153653109637135},
{"mapping": [5, 8, 6, 0, 12, 9, 3, 1, 2, 10, 11, 7, 13, 4, 14, 15], "R": [[0.0721936199388084, 0.7860896179007102, -0.6138820683721313], [-0.9573881000423943, 0.22717976697695524, 0.1783181969780731], [0.27963566857134914, 0.5748499509480813, 0.7689937754999341]], "T": [0.06604371188239219, 0.08390228115880007, 0.07085552374381662], "aligned_model": [[0.7181015515689144, 0.672097848949752, 0.330700190933895, 0.13107020095315258, -0.41199242561454696, 0.7423543310079134, -0.7100895090541548, -0.2684275747628172, 0.16666310749613616, -0.1698154243362294, 0.29021715854812286, 0.5805466977193641, 0.09281136981058649, 0.052916091522600496, -0.3991575391538855, 0.06644676145007145], [-0.4117573074084758, 0.14891246765340388, -0.2253920273178121, 0.3607742433529048, 0.34941786167478783, 0.07137019708217049, -0.2559686305322538, -0.09141619057696536, -0.7258164125674665, -0.6255251734039033, -0.3151297429380603, 0.5503427920423603, 0.2938896898841467, 0.7833670319861827, -0.10571777500987113, 0.044255654568181646], [-0.07198980772883587, -0.3771893558513324, -0.5557044769203302, -0.5550739692710657, 0.10435164231982844, 0.433425158825528, -0.015940683655572246, -0.47035775755808573, -0.22840465949077285, 0.31372831250660727, 0.6273920557477684, 0.18637814625935128, 0.7084436557207382, -0.14184557298526654, 0.6602373969033648, 0.06694026385799781]], "inverted": false, "swapped": false, "error_lsq": 0.04840987839234262, "error_max": 0.29492027765698103, "target": "279.xyz", "model": "19.xyz", "model_rescale": 4.410303926677745, "target_rescale": 4.153653109637135},
{"mapping": [6, 14, 4, 9, 3, 10, 7, 12, 5, 0, 8, 2, 11, 15], "R": [[-0.29912920893592654, -0.920752224979116, -0.2504736643988227], [0.05083728309823354, -0.27749749431542264, 0.9593803788361799], [-0.9528574326773951, 0.2742452932042212, 0.1298161474808659]], "T": [0.054828995229340996, 0.08681576905957314, -0.0328770679985792], "aligned_model": [[-0.2361698345348085, 0.16902448648272667, 0.3025767865709046, -0.5939502775391838, 0.18537106447262847, -0.18466178814864043, -0.42442821498864775, 0.6373589948939318, 0.43497183712364956, -0.010650301922717612, -0.622528396453917, -0.12618573880462441, 0.7186957090283472, 0.011763563281224534], [-0.07513691214772525, -0.48183065171526107, 0.28070241937018203, -0.1596049685857637, 0.5894341354766456, -0.672946227935083, 0.4170311490620847, -0.31858423840534533, -0.551276441983263, 0.07944323205479344, 0.025169392333130064, 0.6379264217907913, 0.06815642404450704, -0.027535267178490724], [-0.6956629292691132, -0.46364851586195055, -0.4475076899942384, -0.2331883430544434, -0.036748391402841474, 0.43120660472389305, -0.09388686942504476, -0.10846059069175132, 0.54657862973935, 0.7327835599388342, 0.4961291135453438, 0.4146946866456892, 0.3688718267267132, 0.005653947104581336]], "inverted": true, "swapped": true, "error_lsq": 0.0426916598077187, "error_max": 0.27927083852803103, "target": "279.xyz", "model": "20.xyz", "model_rescale": 4.121658175737393, "target_rescale": 4.153653109637135},
{"mapping": [13, 1, 2, 4, 7, 12, 0, 14, 5, 10, 8, 9, 15], "R": [[0.8928720903094398, 0.09180457517188265, 0.4408529803959158], [-0.3930153635057008, 0.6367568217928222, 0.6633850118511767], [-0.21981436348640512, -0.7655799565543852, 0.6046230029756166]], "T": [0.2280577020792441, -0.09156687455757516, 0.079272183011071], "aligned_model": [[0.13124318483633313, -0.19911045548671505, 0.21185648283770273, 0.5180453183426748, 0.6426094364736155, -0.16255146562079395, -0.33326650637636057, 0.2544569642115545, -0.6754062582828869, -0.35434765402554247, 0.10724596544501061, 0.5726002800302816, 0.16770761227942096], [-0.5573314830869143, 0.18044323741495077, 0.5500272326362011, -0.42698381018446735, 0.3191705085006675, -0.6877033032097952, 0.4331364425916384, -0.6877773093028953, -0.24543513746770595, 0.021172447238757566, 0.6474155267237082, 0.08472833472832024, -0.09003578241928259], [0.7067646929291764, 0.6375641185881348, 0.4326901836220677, 0.3518381671109164, 0.03575749267189668, 0.11733886144449199, 0.09267560814158593, -0.32791278581342165, -0.13871081099020316, -0.6264626320499727, -0.34707320142635445, -0.5306234988820948, -0.033736455864433426]], "inverted": true, "swapped": true, "error_lsq": 0.04337864008894676, "error_max": 0.21145569347951768, "target": "279.xyz", "model": "21.xyz", "model_rescale": 4.08911054899281, "target_rescale": 4.153653109637135},
{"mapping": [6, 10, 7, 12, 14, 8, 3, 13, 0, 4, 1, 5, 11, 9, 15, 16], "R": [[0.5467220887642069, -0.4405213992364967, 0.7120645016232882], [-0.20196612802393155, -0.8946855266816051, -0.39843128827625973], [0.8125913122771641, 0.0740182758592646, -0.5781147412499514]], "T": [0.10322587791216115, -0.021500951411914646, 0.10153531929000949], "aligned_model": [[0.7698980348877493, 0.5455930108577485, 0.32989804354474905, -0.1711227143175249, -0.4416404670192415, 0.6927829961465584, -0.7166312449724106, -0.22007611654864478, 0.31868874053790025, -0.2759784107279851, 0.263570872357613, 0.5579933856955079, 0.3462698470496844, 0.07624007164949073, -0.2868347028349825, 0.09579149073266272], [-0.2863466422132123, 0.38336899221983206, -0.2036848380203436, 0.3068198306379335, 0.31033555660084133, -0.06144115769711202, -0.16292859202062432, -0.2530428878940985, -0.7513384075233075, -0.6003168661901312, -0.4379780597596946, 0.5163270843420387, 0.27646432092800244, 0.676007347284658, 0.19440461432605183, -0.061043616531503954], [-0.10087299014631011, -0.43839713727105345, -0.5474831309847985, -0.5000524299617938, 0.03205306214433669, 0.46428757954640254, -0.147686156152544, -0.42628483763466074, -0.04335236364144922, 0.015115239770630132, 0.7579153024130469, 0.14223632381982093, 0.7633807361387818, -0.040948192290401045, 0.6783754599916973, 0.07610388293821627]], "inverted": true, "swapped": false, "error_lsq": 0.044700637470591116, "error_max": 0.3550081121717378, "target": "279.xyz", "model": "22.xyz", "model_rescale": 4.204369325754507, "target_rescale": 4.153653109637135},
{"mapping": [5, 8, 6, 0, 12, 9, 3, 1, 2, 10, 11, 7, 13, 4, 14, 15], "R": [[0.0721936199388084, 0.7860896179007102, -0.6138820683721313], [-0.9573881000423943, 0.22717976697695524, 0.1783181969780731], [0.27963566857134914, 0.5748499509480813, 0.7689937754999341]], "T": [0.06604371188239219, 0.08390228115880007, 0.07085552374381662], "aligned_model": [[0.7181015515689144, 0.672097848949752, 0.330700190933895, 0.13107020095315258, -0.41199242561454696, 0.7423543310079134, -0.7100895090541548, -0.2684275747628172, 0.16666310749613616, -0.1698154243362294, 0.29021715854812286, 0.5805466977193641, 0.09281136981058649, 0.052916091522600496, -0.3991575391538855, 0.06644676145007145], [-0.4117573074084758, 0.14891246765340388, -0.2253920273178121, 0.3607742433529048, 0.34941786167478783, 0.07137019708217049, -0.2559686305322538, -0.09141619057696536, -0.7258164125674665, -0.6255251734039033, -0.3151297429380603, 0.5503427920423603, 0.2938896898841467, 0.7833670319861827, -0.10571777500987113, 0.044255654568181646], [-0.07198980772883587, -0.3771893558513324, -0.5557044769203302, -0.5550739692710657, 0.10435164231982844, 0.433425158825528, -0.015940683655572246, -0.47035775755808573, -0.22840465949077285, 0.31372831250660727, 0.6273920557477684, 0.18637814625935128, 0.7084436557207382, -0.14184557298526654, 0.6602373969033648, 0.06694026385799781]], "inverted": false, "swapped": false, "error_lsq": 0.04840987839234262, "error_max": 0.29492027765698103, "target": "279.xyz", "model": "23.xyz", "model_rescale": 4.410303926677745, "target_rescale": 4.153653109637135},
{"mapping": [13, 12, 6, 5, 4, 1, 8, 15, 14, 9, 11, 0, 3, 2, 10, 16], "R": [[-0.0958983114762481, -0.799441427852806, 0.593040401059381], [0.6238749010133239, 0.41596897148206097, 0.6616267245583208], [-0.7756182190624588, 0.4334319072205267, 0.45886071967597836]], "T": [0.1798641408531152, -0.10579299354447284, 0.06584520581030438], "aligned_model": [[0.7247946966984693, 0.6682413844706503, 0.3509490150994701, 0.013167086489872026, -0.32201894129501096, 0.48167685841631186, -0.6378196928510118, -0.24570805220428288, 0.22094169112098533, -0.2581158540160433, 0.29712083465060246, 0.5705613601596666, 0.01836339582850277, 0.060319871650709345, -0.23682904880002437, 0.17879823162000902], [-0.37970432795714215, 0.2925589514162126, -0.2649620705460561, 0.25322562135800747, 0.3651761570400961, 0.10541775470295524, -0.07244975170170641, -0.4045537278917835, -0.7357743686000843, -0.5445290127324436, -0.5809625112448255, 0.5400838887426216, 0.6244943212861074, 0.7983794646750608, -0.13755199957668668, -0.013241710481003283], [-0.2837401114092283, -0.4331329807332313, -0.6575449105794416, -0.422948983647851, 0.07947620145616088, 0.8408513044393521, 0.14322765586708602, -0.42297431399564783, -0.17825742007001516, 0.15586860937786928, 0.4673253221533924, 0.09002260929784077, 0.5656941147698994, 0.03305367220041357, 0.5649865660562305, 0.14248301349709286]], "inverted": true, "swapped": false, "error_lsq": 0.04019928481808609, "error_max": 0.3143583732022287, "target": "279.xyz", "model": "24.xyz", "model_rescale": 4.28219845311461, "target_rescale": 4.153653109637135},
{"mapping": [14, 10, 6, 8, 1, 12, 3, 0, 2, 4, 13, 11, 9, 5, 3, 15], "R": [[-0.012838472583473926, 0.5554189324435209, 0.8314715768473525], [-0.6232257192606644, -0.6547100420528796, 0.4277200763199505], [0.7819366192177925, -0.5127031990522549, 0.35455684058812464]], "T": [0.1398109475997332, -0.056592582596299915, 0.1330430711748227], "aligned_model": [[0.8442673563045355, 0.6422324547782764, 0.30678001368651536, 0.09380175628855494, -0.3852757192254729, 0.7791533066496327, -0.576109289220722, -0.23214337898527057, 0.33721311853984415, -0.4102572618829906, 0.372534644408548, 0.5348780631844586, 0.09281476995484897, -0.044243478039183354, -0.576109289220722, 0.10490576981802151], [-0.20717231716001117, 0.30737572586563505, -0.19145961851062387, 0.3764759273220658, 0.190427879703017, -0.004907905080388533, 0.11487912188235154, -0.48985480155069205, -0.6645329813308133, -0.5351941689119261, -0.4591788476386862, 0.3121310254157447, 0.31204344153160374, 0.7697257736985923, 0.11487912188235154, -0.10003069862889044], [-0.11436658237184791, -0.361734170003141, -0.7422450805528318, -0.4075870028691595, -0.13740522771888078, 0.5489636672837551, 0.37408459028295005, -0.4496129170353894, -0.11235635605061203, 0.18794352215975021, 0.5027462454645016, 0.19969099932521384, 0.6976425087239684, 0.04029274305153417, 0.37408459028295005, 0.0842488187071608]], "inverted": false, "swapped": false, "error_lsq": 0.04640309114674812, "error_max": 0.3475452968938358, "target": "279.xyz", "model": "25.xyz", "model_rescale": 4.100010024507729, "target_rescale": 4.153653109637135},
{"mapping": [9, 14, 12, 13, 8, 0, 10, 1, 4, 2, 7, 15], "R": [[-0.4507092820114077, -0.8926623821205142, -0.003874874925796634], [-0.781639080278492, 0.39254907331863326, 0.4847118455516387], [-0.4311629521308094, 0.22149288156419727, -0.8746653143495711]], "T": [-0.0002640749195151268, -0.0473169520963258, -0.11238104983579572], "aligned_model": [[-0.7129739716470808, -0.09594143265983532, 0.45408667831410154, 0.7197626454015658, -0.5651894593756199, 0.0763922701375038, -0.31213524287170796, 0.5357887617833641, 0.20351728160321755, 0.03063665992831128, -0.39748486698567953, -0.059693721265133524], [-0.1470621471326239, -0.6499648494705396, -0.3898256340148253, -0.31006441608496954, 0.5861036182510225, 0.6675192939599588, 0.19677810002683727, 0.4749060883086791, -0.4272181583990578, 0.5818023466554051, 0.12065468016322545, -0.03749753221247251], [-0.050269611243636075, 0.2744325453017164, 0.318497623703509, -0.29288551931507045, 0.03627473713897725, 0.15911671427578383, 0.7201582962716488, -0.20228362775732006, -0.4039934401131681, -0.4866320532687333, -0.5079225011561603, 0.0006991260168096036]], "inverted": true, "swapped": true, "error_lsq": 0.047043200802575395, "error_max": 0.2918698979832408, "target": "279.xyz", "model": "26.xyz", "model_rescale": 3.6694154284099745, "target_rescale": 4.153653109637135},
