[{"mapping": [0, 2, 1, 6, 5, 3, 13, 12, 8, 11, 10, 14], "R": [[0.8300972922845073, 0.548783856001111, 0.09886740987039516], [-0.3371614354498428, 0.3527413477767731, 0.8728663746611088], [0.444140351451352, -0.7578982919634912, 0.4778383903073215]], "T": [-0.0743012359986348, 0.02193275491049887, 0.08444476443313383], "aligned_model": [[-0.26705555853038776, 0.07403807554327248, 0.325276896137839, -0.18955869072338105, -0.07451068944881192, -0.5309066158818728, 0.306607536564883, -0.20181403699255068, 0.7400904088150877, 0.2042626926505942, -0.5124417939319037, -0.03634576174221957], [-0.31623489054077136, -0.693994841692232, -0.3321399787506685, 0.633427072744625, 0.3726200734389047, -0.5636965069755975, -0.11569442012602033, -0.6655496207880043, 0.11317615517363966, 0.5407743264261783, 0.15686204099630066, -0.07599437392929717], [-0.5140367772178311, 0.0022022492357520324, -0.6351597433841139, -0.03412032840122188, -0.557551163228777, -0.0254676882336987, 0.5902508543819627, 0.5828442887219958, 0.05759578730849249, 0.4383752587140516, 0.3071603129609629, -0.0301413055040127]], "inverted": false, "swapped": true, "error_lsq": 0.03623377520239438, "error_max": 0.17985369216474442, "target": "28.xyz", "model": "0.xyz", "model_rescale": 3.751011558992144, "target_rescale": 4.137296879288765},
{"mapping": [13, 2, 5, 9, 8, 3, 7, 0, 1, 12, 11, 6, 10, 4, 14], "R": [[-0.6348707484128886, -0.764336305234925, -0.11282351399190804], [-0.08579987982035042, 0.21487140806745342, -0.9728662079741095], [0.7678395102054023, -0.6079640536207166, -0.20199553478380267]], "T": [0.10049301577844949, 0.0874402053192438, -0.11169029293711841], "aligned_model": [[-0.3540199316023848, 0.15779381573968898, 0.17739250080986316, -0.21729232732786657, 0.6827903053817032, -0.3909029066104172, -0.18020040891693262, 0.1332193551233456, 0.4611344001472862, -0.630100037930904, -0.3524735721393874, 0.09039043115332956, 0.3217503120620322, 0.8128479755269736, 0.05034125820552662], [0.21688856338335122, 0.6841115721539278, -0.017731603905729296, -0.35478438846603005, 0.2385867349573234, 0.6665389147470834, 0.31288571392692754, 0.8133842562397051, 0.36871929061591247, 0.1030713452814792, -0.47387714341297027, -0.18135810965188864, -0.6993743927063788, -0.21299808510182627, 0.0654536186910106], [-0.6632003123912279, -0.6812848858815566, -0.7225187522789123, -0.48268827904020284, -0.39187388496017467, -0.19281132418907143, 0.44514231007625116, 0.10611406915363164, 0.4141475313880576, 0.022341648824290794, 0.22959418249208458, 0.5892884149582875, -0.17818649812145587, 0.05522649735178964, -0.11397144706462936]], "inverted": false, "swapped": false, "error_lsq": 0.048991345347776424, "error_max": 0.34342029100307575, "target": "28.xyz", "model": "1.xyz", "model_rescale": 3.9405287249114394, "target_rescale": 4.137296879288765},
{"mapping": [11, 10, 6, 2, 3, 7, 13, 12, 0, 1, 1, 8, 14], "R": [[-0.023713714582597717, 0.858705945868665, 0.5119196795108548], [-0.14242106223710785, 0.5039390639477703, -0.851916463544812], [-0.9895220567384785, -0.09311024840073345, 0.11034754583045689]], "T": [-0.025454685727292217, 0.11484001882052, -0.11501662966864898], "aligned_model": [[-0.4109922517586265, 0.18513854647546013, -0.4803351942002697, 0.40826332032882584, 0.6017869326791676, -0.7033864835277699, 0.09833270742584882, 0.7672049062297962, 0.07817744411172099, -0.2576986404647547, -0.2576986404647547, -0.5147458824016882, -0.018063485149024804], [0.6645128838068594, 0.406991541683841, 0.33898200484784663, -0.3369740306330301, -0.24825529176047953, -0.06954190042118452, 0.44642812202229454, 0.1930599384242039, -0.556056228486496, -0.7114154922913319, -0.7114154922913319, 0.07885680633578801, -0.03634026766496243], [0.030866063395440707, -0.47567332868419787, -0.49463664489830017, 0.2710836968932062, -0.31061979973432363, 0.04775016962144343, 0.42775269892785517, 0.205710719617861, -0.3360377779690771, 0.14232634754282372, 0.14232634754282372, 0.5419303317238487, -0.07965847439075978]], "inverted": true, "swapped": true, "error_lsq": 0.050073394673013, "error_max": 0.34323126779585267, "target": "28.xyz", "model": "2.xyz", "model_rescale": 3.932901565614263, "target_rescale": 4.137296879288765},
{"mapping": [8, 11, 13, 7, 4, 2, 12, 1, 5, 0, 10, 9, 3, 14], "R": [[-0.3525549532476634, -0.7871256819098831, 0.5061009442971232], [-0.5319382670239061, 0.6135204155309949, 0.5836389121728257], [-0.7699004383789776, -0.06344966985396638, -0.6350019325791705]], "T": [0.20388928808575335, -0.02478224082936517, -0.009543737392882518], "aligned_model": [[-0.3379693169235367, 0.40410866315381294, 0.25285544317024156, -0.29420178782838513, -0.3864068530940984, -0.15484071060993176, 0.4351814416450172, -0.6564865316366643, -0.13445418762279027, -0.16982716664898445, 0.68948175233787, 0.4286726573173496, 0.2712482494033213, 0.07244825938948207], [0.030738431665505578, 0.28225018730026363, -0.3809595109692572, 0.4359156461640984, -0.584707232620196, -0.6451024012565847, -0.8515802581227641, -0.06020720380790054, 0.5638214445337781, -0.06902805986325325, 0.02395671414168285, 0.47215484277019226, -0.4869357763040948, -0.06682018528098198], [-0.6223950112838025, -0.5906672383661848, -0.548628703651113, -0.2539695596331633, -0.4090981847598618, 0.15729868177989223, 0.004689864623415762, 0.23816446374268016, 0.26287102800036266, 0.5971440405787577, 0.13742479405395236, 0.6009068321976861, 0.5781702513339771, 0.06198510444049839]], "inverted": false, "swapped": true, "error_lsq": 0.04493833585444529, "error_max": 0.288222079680017, "target": "28.xyz", "model": "3.xyz", "model_rescale": 3.9243930471874484, "target_rescale": 4.137296879288765},
{"mapping": [11, 10, 6, 7, 5, 13, 4, 9, 0, 3, 1, 2, 14], "R": [[0.47615138517598277, -0.8519430854590341, -0.21788262329413635], [0.7381502844675968, 0.2525626167193715, 0.625576759619689], [-0.477926789305014, -0.45869936099193065, 0.7491200706763874]], "T": [-0.07698016143447745, -0.11040636094973423, -0.22305979063687575], "aligned_model": [[0.02051665471322142, -0.19793267553860378, 0.399720014651211, 0.4919914070889189, 0.6348370851397704, -0.5117685868270654, -0.4206006128842688, 0.38993136559854, 0.13539511209016933, -0.41843404675244616, 0.27182284709836696, -0.4673689468520403, -0.05090373121442167], [-0.6914218025325035, 0.0968074658223285, -0.20125786117310035, -0.4799703280844124, 0.03380106500171813, -0.5871999041302927, -0.5153323453903894, 0.4574935947036929, 0.4375082534629221, 0.5349542673059303, 0.014704987774811093, 0.08130322111112108, -0.05356106019023858], [-0.5765801732780029, -0.6727354466736697, -0.6302086698922496, 0.021429624207792347, -0.13553358792144954, -0.16390342766834826, 0.5114939647852346, -0.5830697798670674, 0.182375850975956, -0.048561205354569315, 0.5927492824516937, 0.37037490551623387, -0.08076102191058951]], "inverted": true, "swapped": true, "error_lsq": 0.04331357467658722, "error_max": 0.27040906348322025, "target": "28.xyz", "model": "4.xyz", "model_rescale": 3.8936222436046832, "target_rescale": 4.137296879288765},
{"mapping": [4, 8, 1, 2, 5, 6, 11, 10, 12, 13, 0, 14], "R": [[-0.2732428960825884, 0.8400489525811576, 0.4686748094443518], [0.9106616329754531, 0.06893893636890092, 0.4073607900606113], [0.3098930621470586, 0.5381126093297055, -0.7838374255631679]], "T": [-0.08547236038864643, 0.06812496119227553, 0.13698963217764273], "aligned_model": [[0.18805992900867818, -0.4010380875055855, -0.2995029525040619, 0.39997000001020616, -0.7079764453867361, -0.6041526532700635, -0.3883848891031911, 0.04877303402999196, 0.7647756947045609, 0.18757693086700666, -0.08133527874945719, -0.07921723988625129], [-0.5313959865733886, -0.6030785748517099, 0.15417958524619285, 0.04153361703993515, 0.3938377999884444, 0.18454717702775097, -0.39555945344387733, 0.3019289834415233, -0.047998607230141446, -0.5161519854745636, 0.5808148856219881, 0.1062654643176529], [-0.4853961059154914, -0.21255873626058572, -0.7288315614833418, -0.41524158876032935, -0.06682455080749888, 0.48149490686625296, 0.5435631151183968, 0.5695276415631875, 0.10720408548469032, 0.19973568458065893, -0.35982388104981855, -0.01356429006060264]], "inverted": true, "swapped": true, "error_lsq": 0.0478703619792701, "error_max": 0.2511550443463881, "target": "28.xyz", "model": "5.xyz", "model_rescale": 3.6523030999806103, "target_rescale": 4.137296879288765},
{"mapping": [9, 10, 12, 0, 2, 6, 13, 5, 11, 8, 4, 1, 14], "R": [[-0.26541073370883805, 0.1697447929621892, -0.9490752592362526], [0.7631287269633749, -0.56461598946773, -0.3143935917295954], [-0.589229741709798, -0.807710028227705, 0.020318016266474725]], "T": [-0.012553663469706627, -0.06123304331042352, 0.14523731654092892], "aligned_model": [[0.20318680994586472, -0.16325885408155694, 0.13356719943597237, 0.6786353864342811, 0.49838965550737613, -0.3193200976951547, -0.35735800979974564, 0.1987757911912254, -0.6741996615036513, -0.23569505198334978, 0.14926681563565983, 0.6433227405747111, 0.12577018100266243], [-0.7375474036126777, -0.15068978070555789, 0.7112624940017314, -0.23949977353213775, 0.4547088621997328, -0.6149923324391169, 0.4626803529720623, -0.713479207453712, -0.14071285617289478, 0.09376132559769139, 0.5938330190320417, -0.12928448252974822, -0.049213313194231494], [0.5528877307837814, 0.6238401936353066, 0.49048064432763777, 0.13218315358315516, 0.026655778503537453, 0.16787064126704349, -0.017542439268467547, -0.10982191841234351, -0.022001333574107024, -0.6283676492818082, -0.4599997226790486, -0.4614388543384053, 0.07536351493550739]], "inverted": false, "swapped": true, "error_lsq": 0.0473734066235436, "error_max": 0.25370150735404373, "target": "28.xyz", "model": "6.xyz", "model_rescale": 4.08911054899281, "target_rescale": 4.137296879288765},
{"mapping": [1, 11, 13, 2, 12, 9, 3, 8, 10, 0, 6, 4, 7, 5, 14], "R": [[0.05052019843311154, -0.8946836831096788, -0.4438342221230572], [0.6074272305197194, 0.3802832830946089, -0.6974358638770517], [0.7927672225649993, -0.23436239411664536, 0.5626672187452292]], "T": [0.1085313656944921, 0.11063022101983887, -0.11157007178886809], "aligned_model": [[-0.39663861236943654, 0.28866525872205107, 0.287046829974544, -0.3272264699800219, 0.7405045009789406, -0.3747221896387677, -0.4533898908234675, 0.1066332958815239, 0.6731974804774963, -0.8110131425574426, -0.18511023651279593, 0.20181815789620033, 0.2862665401097313, 0.7012065284476228, 0.025433119015677713], [0.2568337364769893, 0.5584439247201276, -0.0813843997142145, -0.438865008657191, 0.11267734902452485, 0.7279010736139948, 0.14398356897038123, 0.6110847121379411, 0.5292111693210182, -0.06842443631933869, -0.24915284229553336, 0.02498942710659978, -0.6376818991180835, -0.20669069748023455, 0.24659060896491675], [-0.6228174524044132, -0.4455546976597645, -0.7950590159488002, -0.5094515170733975, -0.44112687046987503, -0.11150921755045795, 0.44483220347565783, 0.3517771769735372, 0.047228753890466976, -0.02770404688756302, 0.07138818371773402, 0.5818365322472345, -0.1994799299830604, 0.24696139924421717, -0.1560022312543539]], "inverted": true, "swapped": false, "error_lsq": 0.041460703726412196, "error_max": 0.24392940792324774, "target": "28.xyz", "model": "7.xyz", "model_rescale": 3.964800864290218, "target_rescale": 4.137296879288765},
{"mapping": [11, 8, 13, 6, 12, 5, 10, 4, 1, 0, 9, 3, 2, 14], "R": [[0.8108741265091892, 0.032187845186373236, -0.5843347444575049], [-0.0855806949461735, -0.9812301803174426, -0.17280994730260535], [-0.5789292665002257, 0.19013488858296712, -0.7928995072094907]], "T": [-0.09305670686203296, 0.027820498527063163, -0.017641811363007576], "aligned_model": [[-0.29731034751505475, 0.35048504454698515, 0.2829104469751016, -0.6448439260966675, 0.3851988774092654, -0.4002421754405703, -0.4619856286366534, 0.7886347673133618, 0.3925715158473041, 0.012193760289564232, -0.759333018270416, 0.06385734649281433, 0.5489513707667708, 9.985577906763965e-05], [-0.16907324115823794, -0.541925361714681, 0.16872529392956326, -0.26007872147247735, 0.7400823004831467, -0.536226781108908, 0.37797335164588797, -0.1212649547118558, -0.5051918022681241, -0.06600608652900389, 0.007113736099334439, 0.5195849214736851, 0.21875543931071764, -0.021519627797845192], [-0.6434009815011771, -0.4061522311731274, -0.5262350386300298, -0.13559165945462226, -0.05297364845545993, 0.3325412330742037, -0.05019494388070643, -0.16597575600644582, 0.5142641470394719, 0.6822229270563057, 0.4575118826127334, 0.5274055120416091, 0.2868088133356314, 0.09658478266663521]], "inverted": false, "swapped": true, "error_lsq": 0.04773568269078804, "error_max": 0.3799150537960915, "target": "28.xyz", "model": "8.xyz", "model_rescale": 4.121658175737393, "target_rescale": 4.137296879288765},
{"mapping": [10, 6, 0, 3, 11, 13, 7, 4, 1, 8, 12, 2, 14], "R": [[0.059820453722313066, -0.5840338895422799, 0.8095220374903779], [0.11692691575891036, 0.8094912269655422, 0.5753712278494032], [-0.9913372835153359, 0.06023594717390318, 0.1167134138841695]], "T": [-0.16683311866459544, -0.01656140974636345, -0.2058452581832551], "aligned_model": [[-0.5059111859216952, -0.3811067487063611, 0.47116634036371524, 0.12147674952840715, -0.6659160706172355, -0.46101436029288984, 0.08993051805226998, 0.17103911450780085, 0.6955187572449797, -0.032285894771318546, -0.28752640290586784, 0.2758220340736483, -0.014455354120256447], [0.20839379209142173, -0.43920829255834654, 0.18025300665462216, 0.6633155303213362, -0.4700105813822017, 0.003564863338378972, -0.6881361342430475, -0.016313281436705247, -0.19688649561782884, -0.5796929731439053, 0.717049013240292, 0.406887486320673, 0.0011715058270213227], [-0.512759737765212, -0.6262304229665855, -0.4586545079309043, -0.340662240917345, -0.07408301293713615, 0.3711511570217742, -0.149800010030394, 0.635256150457794, -0.04246552383546537, 0.3747233111129759, 0.22373883783186932, 0.2016693481880643, -0.1808079142703469]], "inverted": true, "swapped": true, "error_lsq": 0.04168964066461803, "error_max": 0.2803667540416584, "target": "28.xyz", "model": "9.xyz", "model_rescale": 3.833441315466971, "target_rescale": 4.137296879288765},
{"mapping": [0, 13, 5, 1, 2, 10, 11, 8, 9, 12, 12, 7, 4, 3, 14], "R": [[-0.8306748793246226, 0.45020413376852497, 0.3275598919232269], [0.32855892205866455, -0.07857917522972258, 0.941208982084141], [0.44947556062001004, 0.8894613826119427, -0.08264483799596317]], "T": [0.0012711541702250043, 0.029210136913224938, -0.09055841151918123], "aligned_model": [[-0.3333343182657383, 0.2257324879648692, 0.2790609954870822, -0.4283767962324547, 0.6314443163030314, -0.4657403492634897, -0.2748751595314735, 0.12458803782422345, 0.6299116312844013, -0.5601846463698137, -0.5601846463698137, 0.21079250668655386, 0.40380309874875236, 0.7930005720339757, 0.0870334393217497], [0.24507703554666935, 0.47590017415634356, -0.1001997318534529, -0.31054617443251853, 0.290952382890465, 0.7048244392380152, 0.23705357751198727, 0.7320961451562418, 0.41913682835661586, -0.15416517564462454, -0.15416517564462454, -0.03363953519738534, -0.6453378573521682, -0.22112108908612993, 0.04365044310646354], [-0.6430650826046537, -0.7116636052452725, -0.6934855144047267, -0.5861158961053146, -0.3164412070702465, -0.05592152836496922, 0.49755841248146104, 0.2229755866354112, 0.24212530068564872, 0.028441319972230483, 0.028441319972230483, 0.5387783014867685, -0.2279105761057045, 0.16404059854648786, -0.052438159562188544]], "inverted": false, "swapped": false, "error_lsq": 0.04960103338355049, "error_max": 0.35880353730076137, "target": "28.xyz", "model": "10.xyz", "model_rescale": 4.2482417240324, "target_rescale": 4.137296879288765},
{"mapping": [3, 2, 13, 8, 9, 6, 10, 7, 1, 5, 0, 14], "R": [[0.6921699761474261, 0.47112881665636935, 0.546752560337893], [-0.7093912041243584, 0.3045972292795073, 0.6355978661278219], [0.13290915555771518, -0.827803216973223, 0.5450476954705145]], "T": [0.01315163901704354, 0.0461881535556982, 0.17556764693556093], "aligned_model": [[-0.6553353468888657, -0.1662194138818785, 0.40168334358103963, 0.7673906518980628, -0.499114050174407, 0.1365552069535912, -0.27309669939592823, 0.5145562284982473, 0.0701796882651612, 0.020912881598412328, -0.4231681973592837, -0.017578690731144944], [-0.29122515804105564, -0.6324739537129918, -0.33707746907867253, -0.15731782919536508, 0.6607752498714109, 0.6674781435850751, 0.27110521995290326, 0.2815313449663743, -0.2420780230684388, 0.5178760489273854, -0.044510278164946925, -0.027951905991038785], [0.12257463420224174, -0.04480584460013795, 0.5248857111821512, -0.07340786037270772, 0.002390019129829002, 0.1816971299232373, 0.5322880953329585, -0.28626377844301487, -0.6709022255869792, -0.3835304686535461, -0.38218725967629275, 0.04245413741661708]], "inverted": false, "swapped": true, "error_lsq": 0.04773202717871963, "error_max": 0.26033247653230923, "target": "28.xyz", "model": "11.xyz", "model_rescale": 3.6694154284099745, "target_rescale": 4.137296879288765},
{"mapping": [3, 9, 6, 5, 0, 12, 2, 13, 7, 8, 11, 1, 10, 14], "R": [[-0.11094627149718257, 0.8087237480462707, -0.5776303525498516], [-0.3699670614600289, 0.5058353271352544, 0.7792656769399007], [0.9223964973239571, 0.30016082550519907, 0.24308060506040538]], "T": [-0.08677997840149307, 0.06729348571189103, -0.031366415947532714], "aligned_model": [[-0.011876538450571267, 0.06630056692023598, -0.12049239370645048, 0.45183603652391524, 0.4793233051603836, -0.46716513555007655, 0.16403680088426445, -0.4241363556806872, 0.3588855602990605, 0.1617755729425042, -0.4309556357312315, 0.770357121437442, -0.44930850433733915, 0.04968444954436024], [-0.5110241060333047, 0.4260086180961764, 0.6839234480941854, 0.5246948387483094, -0.1694800577043029, -0.7021938919070498, -0.6152530868402286, -0.13862042257680307, 0.5065447153280958, 0.2004338404205509, 0.5286896323716523, -0.13573120698034696, 0.14010542210771376, -0.007110454988393869], [-0.50409159015382, -0.7510981204704876, -0.17242748569601374, -0.22062074506101692, -0.3962733937655075, -0.009232165770284267, 0.08062387719502044, 0.48211451849505643, 0.32713299891779324, 0.7385516060851728, 0.34375749185954624, 0.13282188543776963, -0.3821466407419551, -0.03001677667885825]], "inverted": false, "swapped": true, "error_lsq": 0.04076260510315451, "error_max": 0.2986957505209294, "target": "28.xyz", "model": "12.xyz", "model_rescale": 3.9764082729961374, "target_rescale": 4.137296879288765},
{"mapping": [9, 1, 2, 0, 8, 12, 6, 13, 11, 5, 4, 14, 7, 3, 15], "R": [[-0.8553233786194064, 0.10068542573904397, 0.5082168464650014], [0.2671822203187083, -0.7547127416756413, 0.5991847283584603], [0.4438868990324547, 0.6482832117186007, 0.6186220964944327]], "T": [0.01587478180747047, 0.1738276252412086, -0.10807382625260456], "aligned_model": [[-0.41654762138647816, 0.1489206211780778, 0.32397382081500703, -0.26306240858864194, 0.6908552733061507, -0.19121328583489816, -0.3217246796242613, -0.031831978297170174, 0.6720823593454817, -0.8098269080885647, -0.29681247676481837, 0.3162996445030175, 0.20946288082162234, 0.6924956230869875, 0.03960030515034478], [0.22118882660992656, 0.4726677665508531, -0.09477614431168063, -0.31131695890343025, 0.1651184783614556, 0.760309088648746, 0.10716490909195592, 0.6186334287156499, 0.4836689747279586, 0.02923518216644605, -0.4484217136480623, 0.1980813014633659, -0.531077962511582, -0.2274210532474768, 0.08646216303777235], [-0.5231243151554654, -0.6524229355833702, -0.7930457315529096, -0.5706067545845336, -0.31778392020464985, -0.2507887878641014, 0.5740123058567063, 0.3094814496363175, 0.21431515010876998, -0.09651309343753875, 0.06769921023945716, 0.6321725520831097, -0.2995560948781087, 0.19130416637693623, -0.04982393072345719]], "inverted": false, "swapped": false, "error_lsq": 0.044303090439285535, "error_max": 0.3608088962418863, "target": "28.xyz", "model": "13.xyz", "model_rescale": 4.170626492500431, "target_rescale": 4.137296879288765},
{"mapping": [6, 7, 11, 8, 10, 12, 13, 5, 9, 1, 0, 2, 3, 14], "R": [[0.9968612231430133, -0.07857018238038539, -0.009717419129010715], [0.07916117661350537, 0.987522579080978, 0.13613472709936844], [-0.001099959536209883, -0.1364766729004158, 0.9906426741479755]], "T": [-0.021759698424299083, 0.1111037007306268, -0.026179896636260858], "aligned_model": [[0.35519795504216717, -0.0842103213516432, -0.22295944230300555, -0.612433361844984, 0.2608848603789737, -0.4258433760099626, -0.6231221835086139, 0.42845532994171504, 0.7964278553372263, -0.10850372338691724, 0.30118171628139623, -0.3635824954722307, 0.17261911309929034, -0.03092890411176815], [-0.16351623357220357, -0.6033154006090933, -0.06102305276563176, -0.45231586157009807, 0.4681741447296055, 0.8162020754455129, 0.2630201695952581, -0.45939872796373094, 0.08520538666503435, -0.4475872359053973, -0.008175250307570006, 0.28100671288317997, 0.5814122013337011, 0.056385539967098816], [-0.45484536297153055, -0.1022490290114704, -0.660176960709328, -0.10327073243836536, -0.25506420738522384, 0.25103172037862487, -0.21368211255548647, 0.05732948887876638, -0.030905386164609604, 0.6689465260588602, 0.5992584420421084, 0.6027961347925204, 0.5256875190153373, 0.11901706119066349]], "inverted": true, "swapped": true, "error_lsq": 0.046608628502800405, "error_max": 0.24390446413334738, "target": "28.xyz", "model": "14.xyz", "model_rescale": 3.9786697098870705, "target_rescale": 4.137296879288765},
{"mapping": [1, 0, 8, 4, 5, 11, 3, 10, 13, 2, 9, 14], "R": [[0.8640899221098585, -0.004944626574488825, 0.5033131800144096], [-0.4985345343670994, 0.1294019654604077, 0.8571571905889624], [-0.06936803695909295, -0.9915798918912294, 0.10934986714861428]], "T": [0.07058778524472181, 0.14495745272450125, 0.09844843038518143], "aligned_model": [[-0.12771592554351674, -0.502056770128142, 0.6895306950083062, 0.5857203808705094, -0.28147750895600915, 0.5816565393109843, -0.4330800627141124, -0.10469074487077704, 0.6592593218442455, 0.02761738963808591, -0.6247225455245606, 0.0133138278323233], [-0.3635802377531855, -0.18450360464965918, 0.020134156672650977, -0.5603978642512237, 0.42450588389401944, 0.6040348625359189, -0.3104327667344542, 0.40788493813492555, -0.040162810359536394, -0.5893962280011932, 0.5759466915754877, 0.030641469160688273], [-0.6121329426651567, -0.17215342817710183, -0.42462785088052396, -0.14387691470366892, -0.47865044643913063, 0.08759053568660911, 0.4185566925722886, 0.4983507317064585, 0.2961068305278352, 0.11255243471428034, 0.06818713541702671, 0.010063716114913829]], "inverted": false, "swapped": true, "error_lsq": 0.04599288376044059, "error_max": 0.2679901495901401, "target": "28.xyz", "model": "15.xyz", "model_rescale": 3.769337070930944, "target_rescale": 4.137296879288765},
{"mapping": [10, 11, 3, 9, 12, 13, 2, 8, 0, 5, 14], "R": [[0.8369336525478999, -0.07376436099103606, -0.5423106861204342], [-0.5431045795759679, -0.23445186460235165, -0.8062690238549987], [-0.06767183222318598, 0.9693250962561865, -0.23628241765203828]], "T": [-0.07237419528180215, -0.036422817758733524, -0.032392809556073265], "aligned_model": [[-0.4034703630807088, -0.2509349627867774, 0.09256035656457655, -0.7686254326197053, 0.47232254830993675, 0.3491999058041289, 0.5624123709412077, 0.3409446244365053, -0.024684680454181027, -0.4547520747239831, 0.0076538383001713145], [0.07103996608868901, -0.6919387466912394, 0.6672428059625056, 0.37148912965923037, 0.23875153230353136, -0.4314836771610992, 0.33465694081444936, -0.616277636950029, 0.5632689851348408, 0.04024887136472204, 0.049066327099741215], [-0.4046861805182659, -0.13474588807878213, -0.23532663169285462, 0.10532423264319404, -0.636444257458569, -0.3257777573900662, -0.006575482968095014, 0.37407480137241816, 0.3520381890631945, 0.5865167313157138, 0.0698198509358898]], "inverted": false, "swapped": true, "error_lsq": 0.04741111911577087, "error_max": 0.2579377444453376, "target": "28.xyz", "model": "16.xyz", "model_rescale": 3.7852294659196426, "target_rescale": 4.137296879288765},
{"mapping": [13, 7, 1, 8, 11, 6, 9, 5, 2, 12, 10, 0, 14], "R": [[0.2538954056847528, -0.22453368991212597, -0.9408090906590032], [-0.7289208906041268, -0.6837766756346347, -0.033523023415773845], [-0.6357762642731024, 0.6942867418815464, -0.33727505367940486]], "T": [-0.026674480661011944, 0.1682800281707284, -0.09283842275434394], "aligned_model": [[0.022664950162338268, -0.31333400112219395, 0.4401522217227122, -0.11662880163113998, -0.598752103433913, -0.609225769169069, -0.2684703907814245, -0.2654867011894448, 0.6921252193078292, 0.5688449992781015, -0.194423483542014, 0.4075334555543447, 0.08876625506015592], [-0.11272483691593094, -0.3959814552643317, -0.344444649492641, -0.6398291399773679, -0.05537075119947163, 0.24539095671097355, 0.6997664203774072, 0.04524847127102756, 0.025369018793523268, 0.3996324565598952, 0.6356669930374717, 0.2594186339687511, 0.11291350583356735], [-0.6746239668488645, 0.2528732247266371, 0.4746534863786416, -0.1984214199670346, -0.40068376682973517, 0.1437100158562994, 0.4809044454376372, 0.5875823071730911, -0.1578318143843676, -0.6665336554486893, -0.20766426222802525, 0.4664906071041467, -0.00470050382656248]], "inverted": false, "swapped": true, "error_lsq": 0.04198937507890648, "error_max": 0.23148336843114387, "target": "28.xyz", "model": "17.xyz", "model_rescale": 3.901054581598922, "target_rescale": 4.137296879288765},
{"mapping": [13, 2, 5, 9, 8, 3, 7, 0, 1, 12, 11, 6, 10, 4, 14], "R": [[-0.6348707484128886, -0.764336305234925, -0.11282351399190804], [-0.08579987982035042, 0.21487140806745342, -0.9728662079741095], [0.7678395102054023, -0.6079640536207166, -0.20199553478380267]], "T": [0.10049301577844949, 0.0874402053192438, -0.11169029293711841], "aligned_model": [[-0.3540199316023848, 0.15779381573968898, 0.17739250080986316, -0.21729232732786657, 0.6827903053817032, -0.3909029066104172, -0.18020040891693262, 0.1332193551233456, 0.4611344001472862, -0.630100037930904, -0.3524735721393874, 0.09039043115332956, 0.3217503120620322, 0.8128479755269736, 0.05034125820552662], [0.21688856338335122, 0.6841115721539278, -0.017731603905729296, -0.35478438846603005, 0.2385867349573234, 0.6665389147470834, 0.31288571392692754, 0.8133842562397051, 0.36871929061591247, 0.1030713452814792, -0.47387714341297027, -0.18135810965188864, -0.6993743927063788, -0.21299808510182627, 0.0654536186910106], [-0.6632003123912279, -0.6812848858815566, -0.7225187522789123, -0.48268827904020284, -0.39187388496017467, -0.19281132418907143, 0.44514231007625116, 0.10611406915363164, 0.4141475313880576, 0.022341648824290794, 0.22959418249208458, 0.5892884149582875, -0.17818649812145587, 0.05522649735178964, -0.11397144706462936]], "inverted": false, "swapped": false, "error_lsq": 0.048991345347776424, "error_max": 0.34342029100307575, "target": "28.xyz", "model": "18.xyz", "model_rescale": 3.9405287249114394, "target_rescale": 4.137296879288765},
{"mapping": [10, 11, 5, 2, 9, 14, 12, 13, 7, 3, 1, 4, 6, 8, 15], "R": [[0.28630380302541114, -0.814226397050225, 0.5050401040707522], [-0.054451942732955505, -0.5400804430689173, -0.8398500467030345], [0.9565903607635788, 0.21295184751744145, -0.1989632939341196]], "T": [0.04722581063904082, 0.12100832664462607, 0.023480053525846617], "aligned_model": [[-0.43387191196406094, 0.10811678977493597, 0.4704062959397917, -0.15794791725720803, 0.6710421437429858, -0.455337061071774, -0.2991024028834521, 0.14935477108618375, 0.6974988552927249, -0.7995156301480941, -0.32813185449568333, 0.2932223118379737, 0.17930191870211326, 0.6346634464246684, 0.03297141464075173], [0.2212028573320104, 0.5542621915089088, -0.18376144513216253, -0.35689555664425565, 0.4115976796824578, 0.6923460099468062, 0.2536807161535563, 0.7843794304686662, 0.2912042413403143, 0.029391753698049083, -0.4142964467871885, 0.06961481975206106, -0.5789073325411564, -0.35273694738922495, 0.10843431536305577], [-0.5900426227241597, -0.5490551673469398, -0.6240508768787272, -0.67282225347278, -0.3162563993465789, -0.12054346432058896, 0.42670935279575595, 0.052433454383564046, 0.23277378720908118, 0.015484374116521274, 0.11334020456712111, 0.7101455160789342, -0.20225746506081474, -0.029004181527556086, -0.011534988155669959]], "inverted": true, "swapped": false, "error_lsq": 0.043608507511023235, "error_max": 0.3061038651053469, "target": "28.xyz", "model": "19.xyz", "model_rescale": 4.410303926677745, "target_rescale": 4.137296879288765},
{"mapping": [11, 8, 13, 6, 12, 5, 10, 4, 1, 0, 9, 3, 2, 14], "R": [[0.8108741265091892, 0.032187845186373236, -0.5843347444575049], [-0.0855806949461735, -0.9812301803174426, -0.17280994730260535], [-0.5789292665002257, 0.19013488858296712, -0.7928995072094907]], "T": [-0.09305670686203296, 0.027820498527063163, -0.017641811363007576], "aligned_model": [[-0.29731034751505475, 0.35048504454698515, 0.2829104469751016, -0.6448439260966675, 0.3851988774092654, -0.4002421754405703, -0.4619856286366534, 0.7886347673133618, 0.3925715158473041, 0.012193760289564232, -0.759333018270416, 0.06385734649281433, 0.5489513707667708, 9.985577906763965e-05], [-0.16907324115823794, -0.541925361714681, 0.16872529392956326, -0.26007872147247735, 0.7400823004831467, -0.536226781108908, 0.37797335164588797, -0.1212649547118558, -0.5051918022681241, -0.06600608652900389, 0.007113736099334439, 0.5195849214736851, 0.21875543931071764, -0.021519627797845192], [-0.6434009815011771, -0.4061522311731274, -0.5262350386300298, -0.13559165945462226, -0.05297364845545993, 0.3325412330742037, -0.05019494388070643, -0.16597575600644582, 0.5142641470394719, 0.6822229270563057, 0.4575118826127334, 0.5274055120416091, 0.2868088133356314, 0.09658478266663521]], "inverted": false, "swapped": true, "error_lsq": 0.04773568269078804, "error_max": 0.3799150537960915, "target": "28.xyz", "model": "20.xyz", "model_rescale": 4.121658175737393, "target_rescale": 4.137296879288765},
{"mapping": [9, 10, 12, 0, 2, 6, 13, 5, 11, 8, 4, 1, 14], "R": [[-0.26541073370883805, 0.1697447929621892, -0.9490752592362526], [0.7631287269633749, -0.56461598946773, -0.3143935917295954], [-0.589229741709798, -0.807710028227705, 0.020318016266474725]], "T": [-0.012553663469706627, -0.06123304331042352, 0.14523731654092892], "aligned_model": [[0.20318680994586472, -0.16325885408155694, 0.13356719943597237, 0.6786353864342811, 0.49838965550737613, -0.3193200976951547, -0.35735800979974564, 0.1987757911912254, -0.6741996615036513, -0.23569505198334978, 0.14926681563565983, 0.6433227405747111, 0.12577018100266243], [-0.7375474036126777, -0.15068978070555789, 0.7112624940017314, -0.23949977353213775, 0.4547088621997328, -0.6149923324391169, 0.4626803529720623, -0.713479207453712, -0.14071285617289478, 0.09376132559769139, 0.5938330190320417, -0.12928448252974822, -0.049213313194231494], [0.5528877307837814, 0.6238401936353066, 0.49048064432763777, 0.13218315358315516, 0.026655778503537453, 0.16787064126704349, -0.017542439268467547, -0.10982191841234351, -0.022001333574107024, -0.6283676492818082, -0.4599997226790486, -0.4614388543384053, 0.07536351493550739]], "inverted": false, "swapped": true, "error_lsq": 0.0473734066235436, "error_max": 0.25370150735404373, "target": "28.xyz", "model": "21.xyz", "model_rescale": 4.08911054899281, "target_rescale": 4.137296879288765},
{"mapping": [13, 0, 7, 12, 6, 2, 15, 1, 8, 3, 14, 11, 10, 5, 16], "R": [[-0.5758338035103164, 0.4917919760172045, -0.6531126113159474], [-0.6020959555957441, -0.7955088672125673, -0.06816232420792233], [-0.5530785577023304, 0.35398629141715593, 0.7541868564875939]], "T": [0.04146716839244051, 0.09469547796657439, -0.07640026520536755], "aligned_model": [[-0.32388096745695155, 0.2020357246331968, 0.2207771899843216, -0.2435369406153755, 0.6780915139366624, -0.42080225900722285, -0.30241616532797744, 0.21022338480967923, 0.6460072974005783, -0.7979616161467488, -0.4841884715033076, 0.33828235176355564, 0.4788727896790399, 0.5309906949365809, 0.030176642535825155], [0.0165964401138574, 0.6548819313550635, -0.07253213979041344, -0.501353380359077, 0.23780524197809239, 0.6092318353450569, 0.19172963375161567, 0.7913671705200068, 0.3296892892848546, 0.06724237354267751, -0.2410569781802137, 0.1816319343624168, -0.5163076298163204, -0.33499039853349555, 0.11558096317777648], [-0.6215160748697838, -0.5867807843928261, -0.7439922274289069, -0.40574495147103884, -0.43666845233313445, 0.13051310507437727, 0.5590803743853201, 0.2644344065657319, 0.1686939189790104, -0.2974985827906166, 0.07452694368770865, 0.6237681643372336, -0.3704868748316221, 0.19464552141438904, -0.11765521600868017]], "inverted": false, "swapped": false, "error_lsq": 0.047199690148835204, "error_max": 0.31481229130014854, "target": "28.xyz", "model": "22.xyz", "model_rescale": 4.204369325754507, "target_rescale": 4.137296879288765},
{"mapping": [10, 11, 5, 2, 9, 14, 12, 13, 7, 3, 1, 4, 6, 8, 15], "R": [[0.28630380302541114, -0.814226397050225, 0.5050401040707522], [-0.054451942732955505, -0.5400804430689173, -0.8398500467030345], [0.9565903607635788, 0.21295184751744145, -0.1989632939341196]], "T": [0.04722581063904082, 0.12100832664462607, 0.023480053525846617], "aligned_model": [[-0.43387191196406094, 0.10811678977493597, 0.4704062959397917, -0.15794791725720803, 0.6710421437429858, -0.455337061071774, -0.2991024028834521, 0.14935477108618375, 0.6974988552927249, -0.7995156301480941, -0.32813185449568333, 0.2932223118379737, 0.17930191870211326, 0.6346634464246684, 0.03297141464075173], [0.2212028573320104, 0.5542621915089088, -0.18376144513216253, -0.35689555664425565, 0.4115976796824578, 0.6923460099468062, 0.2536807161535563, 0.7843794304686662, 0.2912042413403143, 0.029391753698049083, -0.4142964467871885, 0.06961481975206106, -0.5789073325411564, -0.35273694738922495, 0.10843431536305577], [-0.5900426227241597, -0.5490551673469398, -0.6240508768787272, -0.67282225347278, -0.3162563993465789, -0.12054346432058896, 0.42670935279575595, 0.052433454383564046, 0.23277378720908118, 0.015484374116521274, 0.11334020456712111, 0.7101455160789342, -0.20225746506081474, -0.029004181527556086, -0.011534988155669959]], "inverted": true, "swapped": false, "error_lsq": 0.043608507511023235, "error_max": 0.3061038651053469, "target": "28.xyz", "model": "23.xyz", "model_rescale": 4.410303926677745, "target_rescale": 4.137296879288765},
{"mapping": [10, 11, 9, 8, 14, 1, 0, 7, 13, 3, 4, 12, 15, 6, 16], "R": [[-0.020494371828850555, 0.816479443683453, 0.5770106574108491], [0.6987837299755342, 0.42445651950927193, -0.5757933325139803], [-0.7150393551720218, 0.3914051367680737, -0.5792415208414752]], "T": [0.0822060672485867, 0.09498730363909477, -0.10272813712989724], "aligned_model": [[-0.34059976105784134, 0.2003381048805311, 0.2008261070384712, -0.24283835315903657, 0.6961881488772196, -0.46611049482546263, -0.2702524492435673, 0.1216703194337036, 0.6662822848504252, -0.802297163530973, -0.41504369502298, 0.2672566367117031, 0.47277262304798556, 0.7068150971064299, -0.03233623548475238], [0.10131270937375392, 0.5425114741409754, -0.0749321112891794, -0.4760554822046279, 0.11969340770011586, 0.7540072869142517, 0.2526425489785774, 0.6973426341990906, 0.3483957408787446, 0.11613321279015407, -0.3808986837870113, 0.05748330671382193, -0.4582360311994912, -0.19032928872654478, 0.12044556226926664], [-0.597681839073849, -0.5345711932420585, -0.6938936488261255, -0.5966541728398673, -0.38656894088392496, -0.13983553490506728, 0.5463509249690625, 0.17573465253458492, 0.19530837036008353, 0.05993061578785293, -0.09009588145242674, 0.6786332208471294, -0.32793004235234036, 0.22339467976689847, -0.07680194037278981]], "inverted": false, "swapped": false, "error_lsq": 0.039813085895872964, "error_max": 0.2911610465529682, "target": "28.xyz", "model": "24.xyz", "model_rescale": 4.28219845311461, "target_rescale": 4.137296879288765},
{"mapping": [2, 4, 13, 14, 7, 0, 8, 1, 3, 6, 10, 5, 12, 9, 15], "R": [[-0.6154718208305656, 0.7755634637740275, -0.14034155272883783], [-0.014752051914485975, 0.16669556646459416, 0.9858980500464339], [0.7880208212527261, 0.608862793886998, -0.09115527133577328]], "T": [0.11093836159369358, 0.06398091473522138, -0.12652300446569162], "aligned_model": [[-0.292504654444066, 0.2508625386271407, 0.305169496721706, -0.3733757417800757, 0.7874728660601908, -0.39020184745525105, -0.29652642573044946, 0.0743558707498762, 0.5968784185277922, -0.7805052220380202, -0.4432551870081099, 0.23628920007463905, 0.30085364862008757, 0.7182962911611996, 0.06886191753519634], [0.14142616040722367, 0.7060521695292774, -0.11222523842917703, -0.4679175248985906, 0.2302533884882702, 0.6899506575438745, 0.10316724143580072, 0.5319596213507909, 0.601226770094491, 0.1760704543631072, -0.3866353297886772, -0.010504570633936686, -0.6411054020450832, -0.15433404537439893, 0.12213193470892575], [-0.6742601596058909, -0.447169697064276, -0.6595728282822773, -0.37685982573457133, -0.4732224917576947, -0.2767712789924063, 0.43417560960378376, 0.3088332293988897, 0.14783897691291756, -0.05608574678995523, 0.21919267306021542, 0.7125358496533664, -0.35280903999570556, 0.07429683385382543, -0.14480283394305868]], "inverted": true, "swapped": false, "error_lsq": 0.04264726684411592, "error_max": 0.28828401847356455, "target": "28.xyz", "model": "25.xyz", "model_rescale": 4.100010024507729, "target_rescale": 4.137296879288765},
{"mapping": [3, 2, 13, 8, 9, 6, 10, 7, 1, 5, 0, 14], "R": [[0.6921699761474261, 0.47112881665636935, 0.546752560337893], [-0.7093912041243584, 0.3045972292795073, 0.6355978661278219], [0.13290915555771518, -0.827803216973223, 0.5450476954705145]], "T": [0.01315163901704354, 0.0461881535556982, 0.17556764693556093], "aligned_model": [[-0.6553353468888657, -0.1662194138818785, 0.40168334358103963, 0.7673906518980628, -0.499114050174407, 0.1365552069535912, -0.27309669939592823, 0.5145562284982473, 0.0701796882651612, 0.020912881598412328, -0.4231681973592837, -0.017578690731144944], [-0.29122515804105564, -0.6324739537129918, -0.33707746907867253, -0.15731782919536508, 0.6607752498714109, 0.6674781435850751, 0.27110521995290326, 0.2815313449663743, -0.2420780230684388, 0.5178760489273854, -0.044510278164946925, -0.027951905991038785], [0.12257463420224174, -0.04480584460013795, 0.5248857111821512, -0.07340786037270772, 0.002390019129829002, 0.1816971299232373, 0.5322880953329585, -0.28626377844301487, -0.6709022255869792, -0.3835304686535461, -0.38218725967629275, 0.04245413741661708]], "inverted": false, "swapped": true, "error_lsq": 0.04773202717871963, "error_max": 0.26033247653230923, "target": "28.xyz", "model": "26.xyz", "model_rescale": 3.6694154284099745, "target_rescale": 4.137296879288765},
