[{"mapping": [7, 0, 9, 2, 5, 8, 10, 12, 1, 3, 11, 13], "R": [[0.47890828172464767, 0.6888069390179477, 0.5442351132151172], [-0.08164053995629927, 0.6522126022482571, -0.7536269260743018], [-0.8740604555356511, 0.316486527721612, 0.3685845870889447]], "T": [0.032176255372156175, -0.07112496128445552, -0.011510716558152664], "aligned_model": [[-0.1876592102508447, 0.253095729579025, 0.40955448602705324, -0.051737777794744096, -0.20586300085269182, -0.6754085357812146, 0.4269916236291422, -0.26732394432302187, 0.596665901033936, 0.08685589039502531, -0.5380483845221946, -0.009480314678920812], [-0.3568178189447058, -0.8055509465642217, -0.3718152432308486, 0.6691903435647091, 0.34484143719224275, -0.41218575085373166, -0.3089984825647214, -0.5123819811530468, 0.3652422260563539, 0.3023535709640441, 0.12469088012342884, 0.014986801387554233], [-0.6001258360846892, -0.02017583965793873, -0.4600981255650252, -0.12088509436439399, -0.6287060907689835, 0.045313460509630685, 0.46269489648561346, 0.5862246801744565, 0.0466933690776631, 0.5104782045427055, 0.4361304181645081, -0.0755922971599844]], "inverted": true, "swapped": true, "error_lsq": 0.0385678622136447, "error_max": 0.21449775046717792, "target": "280.xyz", "model": "0.xyz", "model_rescale": 3.751011558992144, "target_rescale": 3.9784679420924576},
{"mapping": [4, 0, 12, 7, 2, 13, 9, 5, 10, 8, 1, 11, 6, 14], "R": [[-0.8854550936586978, 0.2883529380451263, -0.3644473353375083], [0.424560392906556, 0.18300225984514823, -0.8867122676869874], [-0.18899140162689276, -0.9398737979177376, -0.2844635198031378]], "T": [-0.029490325377977727, 0.016811074065374833, 0.06355232881822734], "aligned_model": [[-0.02380779650611779, -0.22930857262589918, 0.3472895827747494, 0.4021576487719044, -0.7904663724597376, -0.3502718539851697, 0.020006537071763076, -0.4845474118465668, 0.2213227748488105, -0.5458576132813272, 0.10488803647825569, 0.6871201025427031, 0.654628082236197, -0.0012435092833646098], [0.43149911642982763, -0.687184699206872, -0.27553322075706593, -0.4844690103508087, -0.25757538859819823, -0.018636413785953425, 0.4473792767246792, 0.3722061321777608, 0.7924768522854798, 0.17648398824264255, -0.32217591352171104, 0.22810749968347246, -0.029735415557325805, 0.021224264969949287], [-0.6099278166169341, -0.1363654987536649, 0.6332424359592969, 0.017996569827176387, 0.23491634739534534, 0.7142019156236306, 0.5598896181695933, 0.30167718623473727, -0.025268487332529455, -0.3215290088253294, -0.530346507303973, 0.34382773630705843, -0.242292687386697, 0.11031185800666524]], "inverted": true, "swapped": false, "error_lsq": 0.05277759643613831, "error_max": 0.36658024403109446, "target": "280.xyz", "model": "1.xyz", "model_rescale": 3.9405287249114394, "target_rescale": 3.9784679420924576},
{"mapping": [8, 12, 11, 9, 10, 6, 7, 0, 1, 2, 4, 5, 13], "R": [[0.2766696393013432, 0.07061597224924557, 0.95836699398099], [-0.41016345570038415, -0.8932117500627845, 0.18422461604708962], [0.869033860270579, -0.4440564761526088, -0.21816048150419892]], "T": [0.02930596477697857, -0.07118010089353743, -0.0666314149151837], "aligned_model": [[-0.2219979084043161, 0.20713898138563264, -0.44835572467920404, 0.4446089762348797, 0.5364020610301138, -0.6667006405110885, -0.004273675069484714, 0.6965944564909027, 0.12884248025144523, -0.5616110451192085, -0.03475719918920968, -0.5111956122123177, -0.06871187092421359], [0.674997109849752, 0.5313442208775301, 0.26411953523849296, -0.19727635497316345, -0.12026974696194116, 0.1992672803605372, 0.19715138370462293, 0.2756304703544162, -0.7645873597498917, -0.5364750794672026, -0.6783893710042954, -0.2766873157285587, -0.1099921789282813], [-0.049496087545888884, -0.5636581662938522, -0.5391735121089727, 0.42903256554920904, -0.4882683516203264, 0.10147963456712653, 0.568416946991317, 0.08406869388754215, -0.21404733428724695, -0.1038972223830456, 0.4500417874510297, 0.458959387930374, -0.020337992548621453]], "inverted": true, "swapped": true, "error_lsq": 0.04353407673159001, "error_max": 0.22459363117564862, "target": "280.xyz", "model": "2.xyz", "model_rescale": 3.932901565614263, "target_rescale": 3.9784679420924576},
{"mapping": [0, 11, 12, 10, 8, 9, 5, 7, 4, 3, 1, 6, 2, 13], "R": [[-0.6231681167071484, 0.7046234474887124, 0.33936307337243915], [0.7760972460328438, 0.503539416316264, 0.379632876495321], [0.09661554233093826, 0.49995385133529857, -0.8606460268397809]], "T": [-0.0799175426177261, 0.009150025306200262, 0.01704391183095956], "aligned_model": [[-0.04273234246490623, -0.364046464985312, 0.2689061415019175, 0.3339911758671311, -0.760453862683376, -0.3559899526601528, 0.18735832559481563, -0.4706848959404195, 0.23696709377106723, -0.46216497290366554, 0.3008121572638349, 0.5691257576004061, 0.5799386494168168, -0.009117174641956882], [0.37309728840408635, -0.8369745554881699, -0.23821825630500276, -0.5596161942902208, -0.21654481746983906, 0.03303697420741772, 0.330159512134252, 0.5473201411403115, 0.8210359905653267, -0.02161419899654347, -0.2364704508661966, 0.04493821742988145, 0.36851976842864925, -0.014602350158076132], [-0.5443026653530112, -0.01540061956053955, 0.6497055756050929, 0.1524322440810144, 0.17426630383575986, 0.6974896315429744, 0.6021218598791573, 0.2766904973032488, -0.043385478152507526, -0.3200405621871495, -0.5690312524825395, 0.2271730636120307, -0.3430158703442746, 0.1056309335251185]], "inverted": true, "swapped": false, "error_lsq": 0.04573703455733413, "error_max": 0.3046855733247845, "target": "280.xyz", "model": "3.xyz", "model_rescale": 3.9243930471874484, "target_rescale": 3.9784679420924576},
{"mapping": [9, 7, 4, 1, 2, 0, 10, 5, 6, 8, 11, 12, 13], "R": [[0.12342137448625706, 0.7179182465304744, -0.6850989385618199], [-0.2989547053437095, -0.6314051598418439, -0.7155093348642991], [-0.9462522118720669, 0.29312269687573633, 0.1366961451669953]], "T": [0.011254454237821607, -0.15214179306350445, -0.031273350506481314], "aligned_model": [[-0.15379956954092083, -0.22848788133850506, 0.5125583876737111, 0.5307655457465116, 0.7320666926613578, -0.6633328904685868, -0.21233523241218422, 0.45577261219215515, 0.17749857605582442, -0.45656925455277036, 0.03937884696583073, -0.5524823319646287, 0.09617238529355754], [-0.47217671048484566, 0.1362215348350952, -0.3456448631192567, -0.6438029401291328, 0.06356299692938927, -0.47563053309415926, -0.6661471176796272, 0.2661423888932811, 0.5934659290275266, 0.46916797368252755, 0.3387397402943164, -0.05026395878951845, -0.08580488668400897], [-0.582992897934595, -0.6107438013964754, -0.6237337398405361, -0.002461198602255455, -9.273810514724007e-05, -0.20023777200303697, 0.31963992776952377, -0.5191901594879207, -0.07881619759239164, 0.09259285631367928, 0.5362888997592197, 0.5286529611396374, -0.07183582464873753]], "inverted": true, "swapped": true, "error_lsq": 0.04585635450038216, "error_max": 0.3449160096916178, "target": "280.xyz", "model": "4.xyz", "model_rescale": 3.8936222436046832, "target_rescale": 3.9784679420924576},
{"mapping": [0, 12, 10, 9, 3, 11, 6, 2, 4, 7, 1, 13], "R": [[-0.9968378529426278, -0.005852038736880117, 0.07924675755735339], [0.02253537944212912, -0.9771589574330759, 0.21131144924424505], [0.07620007620817157, 0.21242910711794166, 0.9742009150246898]], "T": [-0.07947746547288516, -0.06388609430856595, -0.04730677701697436], "aligned_model": [[0.03824204023935705, -0.7400308525330233, -0.3283336560127257, 0.4944158257573442, -0.5312628412323362, -0.7351728991185009, -0.18669720816468494, -0.03117650244783325, 0.6231759835327024, 0.358228279285277, 0.10784460454234666, -0.04168473163282608], [-0.5315266988700093, -0.4300252704288452, 0.08132659579323034, -0.21005412402452223, 0.3952812092160059, -0.1072286120680267, -0.27918776212370755, 0.45380065514467316, 0.28257844953068134, -0.5600788342767594, 0.6080579385627474, -0.034020641345660234], [-0.643726435677386, -0.3143405918442236, -0.6425527947640776, -0.3359952518797775, -0.04927449463665152, 0.3161041386628789, 0.6793137733413072, 0.49743033066721964, 0.11393476599217164, 0.14921865545312482, -0.20809936579405652, 0.05727198975498937]], "inverted": false, "swapped": true, "error_lsq": 0.04327221017053998, "error_max": 0.2772058736573168, "target": "280.xyz", "model": "5.xyz", "model_rescale": 3.6523030999806103, "target_rescale": 3.9784679420924576},
{"mapping": [0, 10, 1, 9, 4, 12, 3, 7, 11, 6, 2, 5, 13], "R": [[0.9995744542565804, 0.006974410540801475, -0.028324335742743692], [-0.0176583003232038, 0.9175467017248767, -0.39723574182529936], [0.02321841569433304, 0.39756685947323217, 0.9172793998674759]], "T": [0.03874280608784643, -0.08468641417453367, 0.08529368460083742], "aligned_model": [[0.19071132980922045, -0.18140648681821425, 0.2273348166213368, 0.6277615354647758, 0.7290415974806318, -0.6040238499020966, -0.41682193468790774, 0.47086761272746464, -0.6338688552619953, -0.1026149966509048, 0.054679053877860616, 0.448461917054249, 0.07096116494987417], [-0.6565012817307815, -0.06216507599747019, 0.546946814530896, -0.2728590233858882, 0.29988113852121817, -0.508205338511959, 0.35664739086075364, -0.5249792410792623, -0.06953154356043527, -0.15740285830838074, 0.5294190273300862, 0.09401252564663919, -0.03443563015223279], [0.573346295838505, 0.708479875670619, 0.3644443890417938, 0.31268683255059304, -0.03861660853260629, 0.3070558959521579, 0.197693639154923, -0.22426435173793324, -0.24824259842933966, -0.6634109273438539, -0.3502423217149905, -0.5556570164118778, -0.013163364556201304]], "inverted": true, "swapped": true, "error_lsq": 0.049299594733121614, "error_max": 0.3393820437214466, "target": "280.xyz", "model": "6.xyz", "model_rescale": 4.08911054899281, "target_rescale": 3.9784679420924576},
{"mapping": [7, 0, 9, 1, 3, 8, 10, 4, 12, 6, 2, 11, 13, 14], "R": [[0.5330864318274464, -0.11836540851037533, 0.8377401066378843], [-0.10199718134307462, 0.9739527283109364, 0.20251582163809348], [-0.8398901304334693, -0.19340556632076575, 0.5071280466673034]], "T": [0.005213366812359199, 0.13450927767517243, 0.07829276518880798], "aligned_model": [[-0.09986958664111811, -0.3465426114829504, 0.07822464912551096, 0.40037386163136296, -0.6317383727641496, -0.269443527821181, 0.1216568640610188, -0.6377817821057156, 0.46063174848909505, -0.3435031486194361, 0.09995455810084827, 0.4928983357256839, 0.6192085287618464, 0.06784011827538423], [0.41422114954764055, -0.7078507857862659, -0.43569831891170874, -0.4779169978206711, -0.3055240077650271, 0.13943980478618573, 0.6412257494313138, 0.37431198156709666, 0.6805967394482564, -0.05341426581483941, -0.2724033787826109, 0.16854451893790742, 0.20573474735906533, 0.022800132539533044], [-0.6358555430529365, -0.14832020514307873, 0.6112936632719095, -0.0037334456957908574, 0.24295795708113552, 0.7025429181064121, 0.5772458969572062, 0.2392318573205834, 0.02946142549419431, -0.22539210457051942, -0.6113344819374659, 0.40315586928860225, -0.31392069190127636, 0.18300054608539984]], "inverted": false, "swapped": false, "error_lsq": 0.04830081992695401, "error_max": 0.2888920734795463, "target": "280.xyz", "model": "7.xyz", "model_rescale": 3.964800864290218, "target_rescale": 3.9784679420924576},
{"mapping": [3, 11, 12, 9, 4, 2, 7, 0, 1, 6, 10, 8, 5, 13], "R": [[0.20540034570125087, -0.753500454106909, 0.6245380401916993], [-0.0650280022882711, -0.647241949409585, -0.7595059037577503], [0.9765152619924604, 0.11539031408728473, -0.18194234941495768]], "T": [-0.05405533800983692, 0.07035828190622859, 0.07027870707063308], "aligned_model": [[-0.26877487774528563, -0.2564095510918849, 0.10488249189419496, 0.38475367016899664, -0.610894258169093, -0.45595675456157186, 0.22572548880423726, -0.4591363539179002, 0.21384502101579023, -0.5283868955534239, 0.3714738835388823, 0.7065410610276424, 0.5628641446631042, 0.02138256466251176], [0.3803308515618097, -0.7260002563936313, -0.4181460822806029, -0.4593363010337739, -0.2695001801144745, 0.3242406770069213, 0.22298658701485014, 0.649422097629625, 0.7141790942927054, -0.1099005565636482, -0.29451655359120776, 0.031008514699849304, 0.2949814859140266, 0.05431769059342779], [-0.5492172340131806, -0.039262040683506055, 0.6241534128339367, 0.09724219968081874, 0.3339452347199312, 0.5313944285394815, 0.7068951177832501, -0.046998061274573705, 0.3474863013828233, -0.21083007587700872, -0.5304918390083934, 0.17517053229693114, -0.44743307673209487, 0.0582787616559598]], "inverted": false, "swapped": false, "error_lsq": 0.04552088271322881, "error_max": 0.2825609906401154, "target": "280.xyz", "model": "8.xyz", "model_rescale": 4.121658175737393, "target_rescale": 3.9784679420924576},
{"mapping": [2, 6, 5, 4, 11, 3, 8, 0, 7, 12, 1, 9, 13], "R": [[0.7326801983665008, -0.6463983327270757, 0.21295286419600404], [0.65975032810706, 0.7514057941153613, 0.010901244538567792], [-0.16706056232471947, 0.1325085960136923, 0.9770016583907258]], "T": [-0.05752852111115441, 0.013587972316934226, 0.08639217355558257], "aligned_model": [[-0.45070427605260743, -0.07592398496117894, 0.14341384619242856, 0.18068553267956367, -0.538616892332859, -0.6961841823566784, 0.10259964341457062, 0.42529427034411443, 0.572289262676474, -0.23889937832110275, -0.370083578492215, 0.48744949183417335, -0.06458225818948575], [0.2966210426444824, -0.37192179912534995, 0.19845292737717554, 0.6910646103571271, -0.5311728868722035, 0.04455837650413904, -0.7454057444428215, -0.11238941454077006, -0.09614433858729712, -0.6268317087813122, 0.6547337822010193, 0.3518915204771216, 0.03693107220039908], [-0.4901285779390441, -0.5745708576512387, -0.6457744574281082, -0.2657979089503082, -0.10247856148685416, 0.1645477281393028, -0.04967837725333446, 0.6688643843503767, -0.173808093483976, 0.5321084240163437, 0.14717033086060813, 0.23675610825107632, -0.026134707465754844]], "inverted": true, "swapped": true, "error_lsq": 0.04561646139110452, "error_max": 0.2534665183278294, "target": "280.xyz", "model": "9.xyz", "model_rescale": 3.833441315466971, "target_rescale": 3.9784679420924576},
{"mapping": [12, 5, 2, 13, 4, 3, 9, 7, 8, 6, 0, 8, 10, 14], "R": [[0.32609114160943037, -0.2999209713543196, 0.8964998484694464], [0.6875342277900478, 0.7261166460778533, -0.007162534871999193], [-0.6488152687637687, 0.6187099702045631, 0.442986139499271]], "T": [-0.08546232208650816, 0.051100765717872615, -0.07518196469175482], "aligned_model": [[-0.22426214787119952, -0.12561043138272893, 0.1427593057177317, 0.44531734842131787, -0.7613060383842123, -0.4677431606328414, 0.15932381842039084, -0.2925002594634658, 0.5247432305759047, -0.7135506199314915, 0.26980381011857646, 0.5247432305759047, 0.6186144263719026, -0.08842287779958871], [0.2735116384641526, -0.6144502356836905, -0.27767429856129244, -0.5252863790745332, -0.28872696184309043, 0.05857476607077355, 0.2771778956648436, 0.5905680542859372, 0.43420444373125766, 0.01370004497737081, -0.3593127356821958, 0.43420444373125766, 0.3088577704729667, 0.06871862218211909], [-0.6176652080801108, 0.03824287967810154, 0.5218708810750572, 0.0722539268283122, 0.1771372117730936, 0.7046432397910634, 0.6643307148908145, 0.25651716680172926, 0.22220686793199423, -0.3307907365349726, -0.4864844019325787, 0.22220686793199423, -0.4122152008863243, 0.018079452036201232]], "inverted": false, "swapped": false, "error_lsq": 0.0474622874693572, "error_max": 0.3547048013981052, "target": "280.xyz", "model": "10.xyz", "model_rescale": 4.2482417240324, "target_rescale": 3.9784679420924576},
{"mapping": [1, 10, 0, 12, 5, 7, 9, 8, 3, 6, 2, 13], "R": [[-0.5319366866125526, -0.7484696492461965, 0.39602594055558415], [0.3853170991394135, -0.6304059115288725, -0.6738836099952565], [0.7540385232509323, -0.2058678480645469, 0.6237341858410729]], "T": [-0.03135804846901193, -0.0010031581971425216, -0.020915704769007705], "aligned_model": [[-0.6470525304756478, 0.10376453860709936, 0.3886594048534117, 0.6863058645809998, -0.4392948238830835, 0.08276207741270486, -0.18503245988081435, 0.6359148325094737, -0.14401669497529254, 0.06687911366007368, -0.5759094262479627, -0.09621429379795529], [-0.3661846073092568, -0.6320088504093629, -0.17830343587047842, -0.3142010045958827, 0.6571796073512816, 0.577754616222335, 0.09874712273880146, 0.3683454349802386, -0.41994301847906634, 0.6093186063245862, 0.18484891794375904, 0.08057800115368455], [-0.024841501853520524, 0.1236790857250544, 0.5958597622672814, -0.1899167362001439, -0.1258151638371984, 0.3374581715344342, 0.6119300069800389, -0.2172730447926737, -0.49709417249208804, -0.47223057192691176, -0.5067077104977069, -0.0698558350522093]], "inverted": true, "swapped": true, "error_lsq": 0.04934417610120342, "error_max": 0.29995970379060927, "target": "280.xyz", "model": "11.xyz", "model_rescale": 3.6694154284099745, "target_rescale": 3.9784679420924576},
{"mapping": [11, 7, 12, 10, 5, 0, 1, 4, 3, 6, 9, 2, 8, 13], "R": [[-0.06926968313114662, 0.9888639163303736, 0.13171888998418674], [0.8350313748725771, 0.1297160250925014, -0.5346927676831017], [-0.5458244351229837, 0.07295140721026094, -0.8347177835704223]], "T": [-0.04442555398195537, -0.028092618904942735, 0.07302151756624278], "aligned_model": [[-0.1715764665151513, -0.18639079152697463, 0.10549150398592848, 0.38676437523622215, -0.6294142709847467, -0.5111684555196376, 0.21892149306320696, -0.23740676851729214, 0.36543064308318457, -0.5812053235933579, 0.2665953158766961, 0.5514235270517122, 0.5283148029427982, -0.09386994984638812], [0.2594909045561016, -0.6950170044354312, -0.38557953636645426, -0.49373392415976325, -0.51688107161346, 0.22000649565311936, 0.46181929179049613, 0.6863268362423924, 0.7278480278112566, 0.009667959876255332, -0.2942938283994301, 0.1066136260474886, 0.2652482145457802, 0.042551077187524974], [-0.5949283393712228, -0.2223139760390986, 0.6311402144763261, 0.04505355214413065, 0.324904113143872, 0.5539952773963911, 0.7110717872730262, 0.06656065897444666, 0.11568926853716474, -0.10103723998335168, -0.6176949231430605, 0.3035246056029681, -0.3251210326481633, 0.1594896949409465]], "inverted": false, "swapped": false, "error_lsq": 0.04150512418704746, "error_max": 0.25962098002115247, "target": "280.xyz", "model": "12.xyz", "model_rescale": 3.9764082729961374, "target_rescale": 3.9784679420924576},
{"mapping": [6, 3, 8, 11, 7, 2, 1, 9, 12, 4, 14, 10, 13, 15], "R": [[-0.02615311364900129, 0.4954221375094455, -0.8682585561409889], [-0.6845765919407228, 0.6240586223480923, 0.3767037637717818], [0.7284716222429585, 0.6042414596323009, 0.3228333223942955]], "T": [-0.06920323656409129, 0.15634874539004032, 0.03241905856789943], "aligned_model": [[-0.09863893574224579, -0.11297527969682099, 0.12430341133914975, 0.5255173767670208, -0.6765563698737711, -0.35343105004114245, 0.12531644767509542, -0.28054211094316195, 0.35040234075913296, -0.7053214550256997, 0.23196294995505579, 0.5987518907048184, 0.40904153837883134, -0.12592111952006219], [0.1836942741983807, -0.6836042184517926, -0.34425273565356884, -0.3696682205617914, -0.24415024994223608, 0.011187940683968112, 0.35423648270395436, 0.6782971539830914, 0.6290102343997641, 0.09385504308723006, -0.3326097507675413, 0.09097643104286599, 0.24751853866212173, 0.07957614535143033], [-0.7304993953754542, 0.0006940828087553461, 0.4924257661741527, 0.01983961663647419, 0.2367629479302724, 0.7634473786275668, 0.6036677908424333, 0.24314367853668925, 0.12037251918556133, -0.29516584812492336, -0.5234825124929314, 0.4748095053796885, -0.3383241817230305, -0.017357687100879628]], "inverted": true, "swapped": false, "error_lsq": 0.04087319972116904, "error_max": 0.2484783996195433, "target": "280.xyz", "model": "13.xyz", "model_rescale": 4.170626492500431, "target_rescale": 3.9784679420924576},
{"mapping": [0, 3, 11, 9, 6, 5, 12, 4, 8, 2, 1, 10, 7, 13], "R": [[0.5176830336547429, -0.4509153563809172, 0.7271035813733097], [0.8267980739886067, 0.4822082713298536, -0.28962066209061255], [-0.22002095698990334, 0.7510995436298339, 0.6224469889430764]], "T": [-0.0340192255627213, 0.04591167018554776, 0.008823248594419922], "aligned_model": [[-0.02240711428458142, -0.2815030616539671, 0.030337245537777613, 0.5528394032210534, -0.6761424991256654, -0.3342927237381766, 0.11190686684451634, -0.39245367093094496, 0.27188058750824606, -0.597985245726996, 0.3314581927922567, 0.4798586825475404, 0.598921699315657, -0.06050872757051583], [0.1962468984439909, -0.5822711990308036, -0.45019945139334244, -0.5074291435272433, -0.2921656007325846, 0.021445091688359175, 0.4222315274480026, 0.645920163762932, 0.7208451693253443, 0.10021780357868479, -0.33309867746242444, 0.11088297743583347, 0.34398648101085705, -0.0025449718117292047], [-0.5683447378220378, -0.1312183099750175, 0.5082145288590755, 0.08443629089250788, 0.43411224147742833, 0.8669940015255265, 0.6193927055531617, 0.12956133952513016, 0.058284030098365074, -0.3257291975366765, -0.551169503986977, 0.2325117144688134, -0.40101451888725953, 0.09430307711233511]], "inverted": false, "swapped": false, "error_lsq": 0.039141676825101564, "error_max": 0.22581996214418248, "target": "280.xyz", "model": "14.xyz", "model_rescale": 3.9786697098870705, "target_rescale": 3.9784679420924576},
{"mapping": [10, 1, 12, 0, 3, 11, 4, 5, 8, 9, 2, 13], "R": [[-0.41574679890450505, -0.8654223255260107, 0.27964047933339053], [-0.6712856973988959, 0.08454665729944122, -0.7363609001075282], [0.6136204948242319, -0.4938583412484215, -0.6160956314656212]], "T": [0.07247060537258546, -0.03520910910909783, -0.0073995554252293365], "aligned_model": [[0.08623216332928357, -0.6027551116756408, 0.7072371376370202, 0.47313313184913686, -0.13901116909643804, 0.38019118291989396, -0.5572533742411342, -0.2016463475196658, 0.7912150788280975, -0.03369009701170078, -0.4433852440737692, 0.023087245822253077], [-0.2933048869109054, -0.09998467153352861, 0.07475281219104055, -0.6731751803950292, 0.35537255232644904, 0.6267503967002306, -0.25525270332199906, 0.18828341852609312, 0.22730002498684873, -0.6391717874276581, 0.47532065613612595, 0.027783858946771767], [-0.6161122459319008, -0.23615041418011884, -0.48350412071400867, -0.15138170036601536, -0.47395066206462694, -0.1834683715379398, 0.43394714601761986, 0.6894015986648756, 0.17894158964467524, 0.23347100445344757, 0.1934067479304822, 0.07536592195734035]], "inverted": true, "swapped": true, "error_lsq": 0.05647955762710327, "error_max": 0.3438211934187736, "target": "280.xyz", "model": "15.xyz", "model_rescale": 3.769337070930944, "target_rescale": 3.9784679420924576},
{"mapping": [2, 4, 11, 3, 6, 7, 8, 9, 12, 10, 13], "R": [[-0.14395186834346024, 0.9895505887477211, -0.00821534597361446], [0.9875916427186829, 0.14418362008508478, 0.062240107096419264], [0.06277425294371003, 0.0008461726768423834, -0.998027392990373]], "T": [-0.056419902111634224, -0.02880116340219293, 0.06763444756507171], "aligned_model": [[-0.44878060601900654, -0.26602126630967604, -0.03466271187770466, -0.5649931947119677, 0.27709948613552643, 0.523416373304437, 0.575397832983318, 0.10909186765842557, 0.15784242949090846, -0.34549608395716785, -0.06026799600592171], [-0.04005298679363758, -0.7273650510084633, 0.6791158769316079, 0.36535847955334544, 0.22002070955827555, -0.3728545709277762, 0.4338350617379182, -0.6240883448236755, 0.6129476993930713, 0.10073609915072348, -0.05158847514604727], [-0.575014402567276, -0.2607466538824541, -0.18189041665263966, 0.036976786082440635, -0.5747679176154541, -0.08012531109963904, -0.016042065030766814, 0.296323458782425, 0.4965234565931402, 0.648141992115779, -0.045161319501778]], "inverted": false, "swapped": true, "error_lsq": 0.047112411523103415, "error_max": 0.25507856805566925, "target": "280.xyz", "model": "16.xyz", "model_rescale": 3.7852294659196426, "target_rescale": 3.9784679420924576},
{"mapping": [11, 10, 0, 12, 3, 1, 4, 9, 8, 6, 5, 7, 13], "R": [[0.03108593229415009, -0.995303179009504, -0.09168013234599465], [0.6036391681988867, 0.09180236764517206, -0.7919545946017973], [0.7966513788537366, -0.030723071921867517, 0.6036577452680651]], "T": [-0.07416084847736844, 0.04841192016549831, 0.024806148824856333], "aligned_model": [[0.054353902640607035, -0.39835680754518515, 0.19777933118619068, 0.17400058229075427, -0.5273969256377882, -0.7570284972168819, -0.33375550152873207, -0.0022592995661315923, 0.6130469491258882, 0.34454498578206033, 0.08706829494428218, 0.47198873836380534, -0.07021990262258641], [-0.14161848297760662, -0.5019900515566798, -0.40823573105540545, -0.6685435735753261, -0.14164211045545272, 0.2230484784224319, 0.7138834068972453, 0.19066089714207246, -0.1479985487722284, 0.4377039498867932, 0.8076852135743613, 0.35745114254815324, 0.15465103362451643], [-0.6902148115749522, 0.19594527418438304, 0.5777830810881398, -0.23226671240678004, -0.39161315199311764, 0.14989189804087724, 0.38469043742792464, 0.6640674678188997, -0.30594459804890645, -0.4840803272603702, -0.06536087031507697, 0.3122625587748514, -0.019405548592698465]], "inverted": true, "swapped": true, "error_lsq": 0.042540578793712466, "error_max": 0.30119510456737764, "target": "280.xyz", "model": "17.xyz", "model_rescale": 3.901054581598922, "target_rescale": 3.9784679420924576},
{"mapping": [4, 0, 12, 7, 2, 13, 9, 5, 10, 8, 1, 11, 6, 14], "R": [[-0.8854550936586978, 0.2883529380451263, -0.3644473353375083], [0.424560392906556, 0.18300225984514823, -0.8867122676869874], [-0.18899140162689276, -0.9398737979177376, -0.2844635198031378]], "T": [-0.029490325377977727, 0.016811074065374833, 0.06355232881822734], "aligned_model": [[-0.02380779650611779, -0.22930857262589918, 0.3472895827747494, 0.4021576487719044, -0.7904663724597376, -0.3502718539851697, 0.020006537071763076, -0.4845474118465668, 0.2213227748488105, -0.5458576132813272, 0.10488803647825569, 0.6871201025427031, 0.654628082236197, -0.0012435092833646098], [0.43149911642982763, -0.687184699206872, -0.27553322075706593, -0.4844690103508087, -0.25757538859819823, -0.018636413785953425, 0.4473792767246792, 0.3722061321777608, 0.7924768522854798, 0.17648398824264255, -0.32217591352171104, 0.22810749968347246, -0.029735415557325805, 0.021224264969949287], [-0.6099278166169341, -0.1363654987536649, 0.6332424359592969, 0.017996569827176387, 0.23491634739534534, 0.7142019156236306, 0.5598896181695933, 0.30167718623473727, -0.025268487332529455, -0.3215290088253294, -0.530346507303973, 0.34382773630705843, -0.242292687386697, 0.11031185800666524]], "inverted": true, "swapped": false, "error_lsq": 0.05277759643613831, "error_max": 0.36658024403109446, "target": "280.xyz", "model": "18.xyz", "model_rescale": 3.9405287249114394, "target_rescale": 3.9784679420924576},
{"mapping": [7, 12, 3, 1, 14, 10, 2, 11, 5, 13, 4, 6, 8, 15], "R": [[-0.22106719318345452, -0.3845309606665102, -0.8962506548878388], [0.5390011855622412, 0.7177081630062698, -0.4408772104755065], [0.8127773483928347, -0.5805436530038516, 0.04860091456398721]], "T": [-0.017960756677594107, -0.028560900949288082, -0.03664465177139707], "aligned_model": [[-0.027487060671829315, -0.1708386144841873, -0.10154245519527716, 0.4367861517616744, -0.6920550403962347, -0.2835561538333811, 0.32505052269881357, -0.49278164786214396, 0.2897551112826795, -0.6389971155656529, 0.16090522596758733, 0.6634814208160486, 0.5558420431200314, -0.012652752901928134], [0.24557365382542767, -0.5533258723685026, -0.5794779660130778, -0.36651096486976764, -0.22100788354147524, 0.1260169105486142, 0.34171579757948034, 0.4643440370024015, 0.7230611393393367, 0.047186095934286174, -0.38962248185695025, 0.1956558061437248, 0.37243407599122313, -0.011975278978844806], [-0.6850157217244144, -0.07391592184971338, 0.6075083440055101, 0.30175515251416957, 0.29244502844541076, 0.6868668009014024, 0.6708606215377435, 0.18875065726889106, 0.14122579523059314, -0.28140183506567557, -0.6468139099784223, 0.17227371167544991, -0.32339459675629484, -0.0008104649002749001]], "inverted": false, "swapped": false, "error_lsq": 0.039771206785758004, "error_max": 0.25639120923279746, "target": "280.xyz", "model": "19.xyz", "model_rescale": 4.410303926677745, "target_rescale": 3.9784679420924576},
{"mapping": [3, 11, 12, 9, 4, 2, 7, 0, 1, 6, 10, 8, 5, 13], "R": [[0.20540034570125087, -0.753500454106909, 0.6245380401916993], [-0.0650280022882711, -0.647241949409585, -0.7595059037577503], [0.9765152619924604, 0.11539031408728473, -0.18194234941495768]], "T": [-0.05405533800983692, 0.07035828190622859, 0.07027870707063308], "aligned_model": [[-0.26877487774528563, -0.2564095510918849, 0.10488249189419496, 0.38475367016899664, -0.610894258169093, -0.45595675456157186, 0.22572548880423726, -0.4591363539179002, 0.21384502101579023, -0.5283868955534239, 0.3714738835388823, 0.7065410610276424, 0.5628641446631042, 0.02138256466251176], [0.3803308515618097, -0.7260002563936313, -0.4181460822806029, -0.4593363010337739, -0.2695001801144745, 0.3242406770069213, 0.22298658701485014, 0.649422097629625, 0.7141790942927054, -0.1099005565636482, -0.29451655359120776, 0.031008514699849304, 0.2949814859140266, 0.05431769059342779], [-0.5492172340131806, -0.039262040683506055, 0.6241534128339367, 0.09724219968081874, 0.3339452347199312, 0.5313944285394815, 0.7068951177832501, -0.046998061274573705, 0.3474863013828233, -0.21083007587700872, -0.5304918390083934, 0.17517053229693114, -0.44743307673209487, 0.0582787616559598]], "inverted": false, "swapped": false, "error_lsq": 0.04552088271322881, "error_max": 0.2825609906401154, "target": "280.xyz", "model": "20.xyz", "model_rescale": 4.121658175737393, "target_rescale": 3.9784679420924576},
{"mapping": [0, 10, 1, 9, 4, 12, 3, 7, 11, 6, 2, 5, 13], "R": [[0.9995744542565804, 0.006974410540801475, -0.028324335742743692], [-0.0176583003232038, 0.9175467017248767, -0.39723574182529936], [0.02321841569433304, 0.39756685947323217, 0.9172793998674759]], "T": [0.03874280608784643, -0.08468641417453367, 0.08529368460083742], "aligned_model": [[0.19071132980922045, -0.18140648681821425, 0.2273348166213368, 0.6277615354647758, 0.7290415974806318, -0.6040238499020966, -0.41682193468790774, 0.47086761272746464, -0.6338688552619953, -0.1026149966509048, 0.054679053877860616, 0.448461917054249, 0.07096116494987417], [-0.6565012817307815, -0.06216507599747019, 0.546946814530896, -0.2728590233858882, 0.29988113852121817, -0.508205338511959, 0.35664739086075364, -0.5249792410792623, -0.06953154356043527, -0.15740285830838074, 0.5294190273300862, 0.09401252564663919, -0.03443563015223279], [0.573346295838505, 0.708479875670619, 0.3644443890417938, 0.31268683255059304, -0.03861660853260629, 0.3070558959521579, 0.197693639154923, -0.22426435173793324, -0.24824259842933966, -0.6634109273438539, -0.3502423217149905, -0.5556570164118778, -0.013163364556201304]], "inverted": true, "swapped": true, "error_lsq": 0.049299594733121614, "error_max": 0.3393820437214466, "target": "280.xyz", "model": "21.xyz", "model_rescale": 4.08911054899281, "target_rescale": 3.9784679420924576},
{"mapping": [0, 12, 9, 14, 10, 5, 11, 8, 1, 6, 4, 15, 2, 16], "R": [[-0.0028002422389037385, 0.43328826832423795, -0.9012510389319874], [0.9767161920626275, 0.19452045665530035, 0.09048354604730063], [0.2145172226327854, -0.8800131069905701, -0.42374437190211667]], "T": [0.007073124762554718, -0.03462515523740142, 0.0176819768909844], "aligned_model": [[-0.2320243576846753, -0.10464072663025704, -0.06843311632304584, 0.4140094743292957, -0.6706736143097375, -0.36491499011584355, 0.16055220051384858, -0.28377692048959896, 0.246532936746933, -0.6531072963999683, 0.29199474711991485, 0.6441332392435167, 0.6318843476528923, 0.0003737110829258568], [0.2636484091696534, -0.7636893635111843, -0.44027467605862036, -0.5016809370874625, -0.38079198411899984, 0.01022477790196178, 0.46881102592778257, 0.5580826748314283, 0.7133059515808396, 0.26211185526247194, -0.058587622212229074, 0.11338152480061162, 0.1910747872659638, -0.04154935501634052], [-0.6560721866156921, 0.04858345994911345, 0.5984529174322248, 0.18526565744725698, 0.2859417268980793, 0.6154631909106103, 0.5734600036775711, 0.22949722046894916, -0.09745463398534131, -0.1602873650323945, -0.6183507700312861, 0.33979290668971424, -0.2650268858592155, -0.02893158064521452]], "inverted": true, "swapped": false, "error_lsq": 0.04108007768123863, "error_max": 0.2352476869758685, "target": "280.xyz", "model": "22.xyz", "model_rescale": 4.204369325754507, "target_rescale": 3.9784679420924576},
{"mapping": [7, 12, 3, 1, 14, 10, 2, 11, 5, 13, 4, 6, 8, 15], "R": [[-0.22106719318345452, -0.3845309606665102, -0.8962506548878388], [0.5390011855622412, 0.7177081630062698, -0.4408772104755065], [0.8127773483928347, -0.5805436530038516, 0.04860091456398721]], "T": [-0.017960756677594107, -0.028560900949288082, -0.03664465177139707], "aligned_model": [[-0.027487060671829315, -0.1708386144841873, -0.10154245519527716, 0.4367861517616744, -0.6920550403962347, -0.2835561538333811, 0.32505052269881357, -0.49278164786214396, 0.2897551112826795, -0.6389971155656529, 0.16090522596758733, 0.6634814208160486, 0.5558420431200314, -0.012652752901928134], [0.24557365382542767, -0.5533258723685026, -0.5794779660130778, -0.36651096486976764, -0.22100788354147524, 0.1260169105486142, 0.34171579757948034, 0.4643440370024015, 0.7230611393393367, 0.047186095934286174, -0.38962248185695025, 0.1956558061437248, 0.37243407599122313, -0.011975278978844806], [-0.6850157217244144, -0.07391592184971338, 0.6075083440055101, 0.30175515251416957, 0.29244502844541076, 0.6868668009014024, 0.6708606215377435, 0.18875065726889106, 0.14122579523059314, -0.28140183506567557, -0.6468139099784223, 0.17227371167544991, -0.32339459675629484, -0.0008104649002749001]], "inverted": false, "swapped": false, "error_lsq": 0.039771206785758004, "error_max": 0.25639120923279746, "target": "280.xyz", "model": "23.xyz", "model_rescale": 4.410303926677745, "target_rescale": 3.9784679420924576},
{"mapping": [2, 1, 11, 7, 10, 9, 14, 15, 6, 4, 0, 13, 12, 16], "R": [[-0.10947073116362412, 0.9452602293676134, -0.30740731577890035], [-0.7045390927581784, 0.14437069477369263, 0.6948249918260312], [0.7011710389013399, 0.2926434712520481, 0.6501684189035695]], "T": [-0.05292659309812442, 0.0352881195945423, 0.11236977682314125], "aligned_model": [[-0.2620783075481927, -0.07267254043244228, -0.0283786031035117, 0.44724515482971994, -0.6120195524842844, -0.43766316024249374, 0.14802787394041514, -0.2385104797972636, 0.38085281762272455, -0.5804653352002483, 0.22240888356447958, 0.6093716091708439, 0.5280485394743786, -0.09225726505792471], [0.036716299626374446, -0.8106727068441715, -0.3418133071750033, -0.40035187993502047, -0.2735326231289261, 0.1464722178417191, 0.2973592702322711, 0.667806738099316, 0.6569488933408216, 0.16764694314324569, -0.18125487693479492, 0.18315953967876036, 0.2884399456272168, -0.04285738483593281], [-0.7759699508839861, -0.0300932965163605, 0.6202215236217126, 0.06790731999735045, 0.23818216851873594, 0.5940707772656486, 0.7032047827218346, 0.3858528824753967, 0.1695658866528118, -0.3096117279863258, -0.5567231293051778, 0.29589568295823265, -0.3821581628247441, 0.02998890460924661]], "inverted": false, "swapped": false, "error_lsq": 0.04214761035155525, "error_max": 0.3581945217147345, "target": "280.xyz", "model": "24.xyz", "model_rescale": 4.28219845311461, "target_rescale": 3.9784679420924576},
{"mapping": [5, 14, 2, 13, 6, 0, 4, 1, 3, 8, 11, 7, 9, 15], "R": [[0.8922486013814521, -0.35311529677541054, 0.2814285353620991], [-0.131923586568512, -0.7999204929358512, -0.585425804255471], [0.43184325934271894, 0.4852182933118643, -0.7603121774611916]], "T": [0.06630468804168638, -0.03346817437271034, 0.02952066968268991], "aligned_model": [[-0.19830614194808788, -0.1263820646968657, -0.044274778749451155, 0.516543630227841, -0.7581786126356418, -0.42504773327114315, 0.203373139969449, -0.2627211917166516, 0.24818467534816485, -0.5524889101462993, 0.0665487738405065, 0.7760005427805743, 0.5421376882153077, 0.02652061751849734], [0.42215148818373, -0.7662921385918242, -0.45746336042604274, -0.3561384094238558, -0.32359590327975984, 0.10025636445394402, 0.3130415009807538, 0.515469800063437, 0.7168046938908248, 0.10952418963196321, -0.2629094338978822, 0.20714849200097896, 0.19739232018742703, -0.021322535037817513], [-0.6395626679204964, -0.0478451992769735, 0.5556197935326608, 0.24419547325342916, 0.2491802307868622, 0.6668939651865291, 0.6586405766942829, 0.046446080102012795, 0.09320456266064392, -0.250825051894695, -0.46427455113077637, 0.2392381448245505, -0.39138320518197406, 0.09080550966831974]], "inverted": false, "swapped": false, "error_lsq": 0.03342337294178401, "error_max": 0.2132488495382901, "target": "280.xyz", "model": "25.xyz", "model_rescale": 4.100010024507729, "target_rescale": 3.9784679420924576},
{"mapping": [1, 10, 0, 12, 5, 7, 9, 8, 3, 6, 2, 13], "R": [[-0.5319366866125526, -0.7484696492461965, 0.39602594055558415], [0.3853170991394135, -0.6304059115288725, -0.6738836099952565], [0.7540385232509323, -0.2058678480645469, 0.6237341858410729]], "T": [-0.03135804846901193, -0.0010031581971425216, -0.020915704769007705], "aligned_model": [[-0.6470525304756478, 0.10376453860709936, 0.3886594048534117, 0.6863058645809998, -0.4392948238830835, 0.08276207741270486, -0.18503245988081435, 0.6359148325094737, -0.14401669497529254, 0.06687911366007368, -0.5759094262479627, -0.09621429379795529], [-0.3661846073092568, -0.6320088504093629, -0.17830343587047842, -0.3142010045958827, 0.6571796073512816, 0.577754616222335, 0.09874712273880146, 0.3683454349802386, -0.41994301847906634, 0.6093186063245862, 0.18484891794375904, 0.08057800115368455], [-0.024841501853520524, 0.1236790857250544, 0.5958597622672814, -0.1899167362001439, -0.1258151638371984, 0.3374581715344342, 0.6119300069800389, -0.2172730447926737, -0.49709417249208804, -0.47223057192691176, -0.5067077104977069, -0.0698558350522093]], "inverted": true, "swapped": true, "error_lsq": 0.04934417610120342, "error_max": 0.29995970379060927, "target": "280.xyz", "model": "26.xyz", "model_rescale": 3.6694154284099745, "target_rescale": 3.9784679420924576},
{"mapping": [4, 12, 3, 6, 9, 7, 7, 8, 5, 10, 2, 1, 0, 13], "R": [[-0.17715840186443627, -0.6601645803294722, -0.7299298785001548], [-0.5558066699632505, 0.6791800653559408, -0.4793676923275726], [0.8122153940139286, 0.3207758807976555, -0.4872463319772526]], "T": [-0.07032556618374329, 0.022950491580278048, 0.012485765859877943], "aligned_model": [[-0.17018592838417046, -0.09499549994555452, -0.031187791577275734, 0.4402899495239655, -0.636525263567863, -0.06178517887976802, -0.06178517887976802, -0.48883472731725675, 0.3558145531800495, -0.5407861163061081, 0.1573265803732466, 0.7649091598265553, 0.42990320255202585, -0.05024812586187857], [0.499236421574145, -0.7678400670151445, -0.3805201450647133, -0.42762404586616987, -0.21808969744773327, 0.2064900066677969, 0.2064900066677969, 0.5043714260550081, 0.6576602658018429, 0.046812283461599755, -0.30443228122730037, 0.10072102749710475, 0.27359166767537146, -0.002799800043728238], [-0.6498662485856154, 0.07392272673829979, 0.7114213138882216, 0.098769096392846, 0.30605188349920054, 0.6144565566002428, 0.6144565566002428, 0.05044835701024171, 0.2162665326102578, -0.36166421150135486, -0.5380818198551722, 0.2881329133246396, -0.33948514615971803, -0.034494849257957]], "inverted": false, "swapped": false, "error_lsq": 0.044051401818548726, "error_max": 0.35482421458059954, "target": "280.xyz", "model": "27.xyz", "model_rescale": 4.103607728864725, "target_rescale": 3.9784679420924576},
