[{"mapping": [0, 1, 2, 10, 6, 5, 7, 4, 3, 8, 9, 11], "R": [[-0.6052699442441393, 0.15055152433583036, 0.7816537168816219], [0.6008914031719264, -0.5576242565428348, 0.5726994937217288], [0.5220898545162224, 0.816326789365147, 0.24704808595903155]], "T": [0.09584478324846954, -0.03610413433688697, 0.14451333111937936], "aligned_model": [[-0.171632639371711, -0.15626619998779365, -0.6826151146332832, 0.7344993864833783, 0.23652361721039358, 0.3832762290396635, 0.7240235663698035, -0.3075115971055741, 0.241018183807415, -0.2625723657155613, 0.423284033198545, 0.08611496339556468], [-0.2810911086307082, 0.44969945313713394, 0.0788694646443327, -0.2587482246575498, 0.6575298675922049, -0.09421530056474653, 0.501332360108127, -0.7275632689822827, -0.5107741273779822, 0.23574564751979366, 0.10460116414464743, -0.05423044565545941], [-0.3567137679248815, -0.30528160665557047, -0.027333997965654666, 0.07885320031680935, 0.300191924695705, -0.6318194511717788, -0.31717567756597737, 0.25192079029545883, 0.6216355337713247, 0.5925516488157355, 0.6367957510769882, 0.078112854225651]], "inverted": false, "swapped": false, "error_lsq": 0.058115607805568535, "error_max": 0.3914091206135089, "target": "281.xyz", "model": "0.xyz", "model_rescale": 3.751011558992144, "target_rescale": 3.8366640650473305},
{"mapping": [1, 7, 6, 8, 12, 0, 3, 4, 5, 11, 13, 14], "R": [[0.5867076810241737, -0.6775435775995189, 0.4435186551667043], [-0.7841379274004363, -0.6121141513138403, 0.1021957757125298], [0.2022419537073974, -0.40773884560461315, -0.8904196909017864]], "T": [0.12593681097855197, -0.08260555993651174, 0.16838292909027786], "aligned_model": [[-0.138356442551631, -0.1361904505308011, -0.5834841322699813, 0.381780864528183, 0.1018207118667878, 0.40995398583199105, 0.5988148426260291, -0.2594809634456679, 0.5246858701371124, -0.44680399974683965, 0.6767147070839326, 0.1186870691617252], [-0.2489066415149757, 0.36165636524493056, 0.0586992491512406, -0.6836823147494339, 0.6506407194058459, 0.05956339795856121, 0.46071605770484214, -0.7696488570709118, -0.32626178342937434, 0.34324821380553744, 0.2340541500035856, -0.03892307523233705], [-0.4546568576329296, -0.24826760121651315, -0.032815036801965236, 0.05146925483985938, 0.28561522699248587, -0.52054867150501, -0.08577032487583863, 0.09768203142707935, 0.5827702835896393, 0.5252407663952092, 0.520338232449899, 0.20067989825189406]], "inverted": true, "swapped": false, "error_lsq": 0.05145979090928025, "error_max": 0.2534997127270014, "target": "281.xyz", "model": "1.xyz", "model_rescale": 3.9405287249114394, "target_rescale": 3.8366640650473305},
{"mapping": [4, 2, 1, 3, 5, 8, 9, 7, 6, 0, 11, 12], "R": [[0.2517434442577827, 0.7788639620700364, -0.5744529283255445], [0.9338440448743042, -0.03965411097032856, 0.35547552846286234], [0.2540876583504737, -0.6259380800620117, -0.7373201352209604]], "T": [0.12060192158148572, -0.037850607833656034, 0.07298238441761268], "aligned_model": [[-0.09112227977876022, -0.21912132476687798, -0.6663485809893475, 0.38644333658640606, 0.1772502351631401, 0.5243448429876678, 0.7646027405403084, -0.1246565694402979, 0.1224877428356834, -0.3072938911402213, 0.6061029407175185, 0.07545286997562103], [-0.36244648599121954, 0.5279296654900445, -0.05796787333136385, -0.5362806834605258, 0.6559245241895763, -0.012005754560370153, 0.36782719351512344, -0.7775494268656324, -0.23456469456057039, 0.2942749993746133, 0.2204311903741343, 0.015582827103701215], [-0.511402848390589, -0.09628198197383536, -0.013796267857433597, -0.014741502566866654, 0.28165273480609027, -0.5880875567258685, -0.19360638834531663, 0.21996463797414875, 0.5795943711992293, 0.7129259309649989, 0.5259653445492342, 0.01955072828001827]], "inverted": true, "swapped": false, "error_lsq": 0.05023771987604301, "error_max": 0.3322127220190016, "target": "281.xyz", "model": "2.xyz", "model_rescale": 3.932901565614263, "target_rescale": 3.8366640650473305},
{"mapping": [9, 3, 7, 10, 0, 11, 1, 5, 6, 4, 2, 13], "R": [[-0.9449495236269175, -0.13998975057219876, 0.29575879958505924], [0.321420846188613, -0.5664671043321837, 0.7588172766515712], [0.06131098949338251, 0.8121070677221353, 0.5802784444756653]], "T": [0.07538337899669366, 0.03621130957268177, -0.05379322264234265], "aligned_model": [[-0.38713155361296514, 0.011076593583101993, -0.6355586993381814, 0.6568853966148833, 0.07906891243928409, 0.5062361353335343, 0.7138132740834835, -0.23206274204450594, 0.3465748574743401, -0.27382560342131007, 0.36627827758515386, 0.09678721399402171], [-0.4793220111660991, 0.4642897135000473, 0.0705612367386001, -0.37136633988131024, 0.6234614719544389, -0.050733147557435125, 0.3745918373052362, -0.5038197958936298, -0.36690201166470077, 0.18738952585498936, 0.22718622827864693, -0.07418122619127321], [-0.2989427111385931, -0.3245310949875108, 0.002099452224106499, -0.14803389047086468, 0.26881178780983617, -0.8312990181826233, 0.10953010215562325, 0.30765244884954357, 0.4264640968477758, 0.7326065726641271, 0.7032461366902876, -0.025866680547898584]], "inverted": true, "swapped": false, "error_lsq": 0.05160148952343895, "error_max": 0.2747019518200484, "target": "281.xyz", "model": "3.xyz", "model_rescale": 3.9243930471874484, "target_rescale": 3.8366640650473305},
{"mapping": [4, 7, 8, 3, 1, 2, 0, 10, 6, 9, 5, 12], "R": [[0.10358424520585463, 0.9501679495559625, 0.29402580121777033], [0.4268136853776952, -0.3094777932457436, 0.8497373555764481], [0.8983876569273666, 0.037474833213280934, -0.4376017078990822]], "T": [-0.005392349400003327, -0.060382592449487994, 0.2018844153512178], "aligned_model": [[-0.11861274430346694, -0.14802790992926945, -0.6114275325617011, 0.45803744639746563, 0.1287038526022572, 0.44346921932463806, 0.7338952741406749, -0.31784575115579905, 0.4763911861389048, -0.4809023126286311, 0.5912692373100691, 0.09319209735569806], [-0.21181471271311228, 0.40113437613756925, -0.0272578870763684, -0.4514269851817308, 0.6406816605371107, 0.11932883089013688, 0.28099057616522144, -0.6909618375896881, -0.4503651090152746, 0.2685692326159356, 0.2228509172001972, -0.0005735806924862738], [-0.3608026420532008, -0.4380967902250803, 0.03467054158370125, -0.0901266762950789, 0.17566568587406298, -0.5838900985882955, -0.04355503296571811, 0.24513261587516139, 0.5724445000788588, 0.6060729399697562, 0.5725551988384296, 0.2316669598212128]], "inverted": true, "swapped": false, "error_lsq": 0.03918138067637676, "error_max": 0.19355075209766018, "target": "281.xyz", "model": "4.xyz", "model_rescale": 3.8936222436046832, "target_rescale": 3.8366640650473305},
{"mapping": [3, 9, 8, 2, 6, 0, 1, 10, 4, 7, 5, 11], "R": [[-0.8538214486212473, -0.35792207261912284, -0.37799566638566906], [-0.028160642646884698, -0.6933036590902258, 0.7200951426706184], [-0.5198037245730635, 0.6254772787433089, 0.5818782189563686]], "T": [0.012952766428324436, 0.009865406022076246, 0.07040534851103691], "aligned_model": [[-0.14339203975269263, -0.11378618544884148, -0.6967476934166499, 0.44854461019144665, 0.07962810310995755, 0.4001800337873377, 0.7439224628222288, -0.2129417476651438, 0.4661123569595153, -0.3276035035883509, 0.4625203641263095, 0.1417053015657234], [-0.27881730568336704, 0.45166738284443864, 0.011940986338446433, -0.5718911789401039, 0.7387845884102919, -0.04293199037106044, 0.29308397608988995, -0.5376330586635506, -0.40794304501031325, 0.13032491383329525, 0.280527058469505, 0.034043153960038805], [-0.4012943715056287, -0.34285509621382143, -0.13498154394562906, -0.09982240017967386, 0.3847934098820139, -0.7233110916140231, -0.09864881938669393, 0.291050990105023, 0.571111931913302, 0.6082328871498308, 0.6883067176965674, 0.17915458801254275]], "inverted": false, "swapped": false, "error_lsq": 0.0365896137130299, "error_max": 0.1811515414744029, "target": "281.xyz", "model": "5.xyz", "model_rescale": 3.6523030999806103, "target_rescale": 3.8366640650473305},
{"mapping": [1, 8, 6, 3, 9, 5, 7, 2, 4, 10, 11, 12], "R": [[0.6225725561255007, -0.759928054635813, -0.1868495762285512], [-0.5037039439862195, -0.20640419065043106, -0.8388561538754233], [0.5989037895790006, 0.6163656884183037, -0.5112803428340884]], "T": [0.07806767044659996, 0.01575933016680385, 0.019935559144523468], "aligned_model": [[-0.1461567708919479, -0.21020804234298213, -0.5709722313559307, 0.5875965218701338, 0.12995645867784947, 0.3012288064769238, 0.7430569237058506, -0.22307798518516575, 0.14836112572044785, -0.3296273708393906, 0.6515766979291941, 0.16640792892585743], [-0.48859157583517243, 0.49191039783022705, 0.045132597190897406, -0.4561440116284266, 0.6946593997343591, 0.16069122335117714, 0.17024699058242204, -0.643597592789615, -0.2803605874961528, 0.2110948279668699, 0.20302444823051308, -0.006910635859587934], [-0.4016429383086131, -0.35938010998230197, -0.0026227901878657714, 0.0018168252624961023, 0.2629687346117895, -0.60703922798044, -0.007284204377529538, 0.24526060536148322, 0.5062517386366978, 0.6557828979586512, 0.660707105090138, -0.033081434170695735]], "inverted": false, "swapped": false, "error_lsq": 0.043791236920491076, "error_max": 0.24727508053174402, "target": "281.xyz", "model": "6.xyz", "model_rescale": 4.08911054899281, "target_rescale": 3.8366640650473305},
{"mapping": [2, 6, 7, 1, 4, 0, 3, 13, 11, 5, 8, 14], "R": [[0.6016721222987635, 0.7635044073901063, -0.23463093816541886], [0.6597008396374644, -0.3094004645291596, 0.6848840447336796], [0.4503170654440338, -0.5668618636361272, -0.6898421327556404]], "T": [0.1077262625229122, -0.03254890065402706, 0.23689925476688742], "aligned_model": [[-0.16958360194303437, 0.004355358614559018, -0.6175798894644725, 0.4197683549162964, 0.1014999033311002, 0.4793487586001913, 0.5356856543795797, -0.2610284062613275, 0.3204257508084998, -0.4178970761290912, 0.5957994997686397, 0.25734775606989957], [-0.31857110431387203, 0.2151112395813347, 0.02794323108857026, -0.5655802781014277, 0.6648292268053709, 0.07888413401639209, 0.5032484035782773, -0.6644901010073035, -0.44617636191536825, 0.38452875175362083, 0.3245299093783306, -0.10310156958641399], [-0.4641214877041887, -0.1839592459399967, -0.026844280554719796, -0.1586425787813233, 0.3392441104983458, -0.6199178682513927, -0.1583518603040763, 0.21313297829140387, 0.5949527618446754, 0.597825240683356, 0.5522216481919898, 0.23619778393973628]], "inverted": true, "swapped": false, "error_lsq": 0.049033884532343495, "error_max": 0.31192256605834684, "target": "281.xyz", "model": "7.xyz", "model_rescale": 3.964800864290218, "target_rescale": 3.8366640650473305},
{"mapping": [6, 12, 2, 10, 7, 11, 9, 3, 5, 1, 8, 13], "R": [[0.11545165366800697, 0.19572412503178963, -0.973839300165003], [-0.9925089935177298, -0.016710090995050553, -0.12102343015036443], [-0.039960148294839515, 0.9805166187982116, 0.19232874670411843]], "T": [-0.04551675432112348, -0.03530320727931801, 0.039968612245746556], "aligned_model": [[-0.1957244011775807, 0.19349409556042726, -0.6375089696122229, 0.6746135352434002, -0.13208322776801606, 0.32275341909139676, 0.5879520432665422, -0.19675891817131164, 0.43183728943007893, -0.3258529646521511, 0.5022572578702466, 0.023162903610031038], [-0.39853086935388743, 0.6145118104368196, 0.25262874654765155, -0.4309114503633066, 0.6180451386506938, -0.0600580663828883, 0.19599050918950772, -0.7324217362988583, -0.3996142051778215, 0.19159270294944655, 0.27380125220790263, -0.023878351127749123], [-0.38665669350653387, -0.26217240396695507, -0.03248230047598657, 0.04633234251553229, 0.3092182167156491, -0.7022561521074476, -0.09815171932600184, 0.17079009394486236, 0.6217601012630338, 0.6980337657610295, 0.4820722721493517, 0.07524967894727572]], "inverted": true, "swapped": false, "error_lsq": 0.047540373463368236, "error_max": 0.26437962853484764, "target": "281.xyz", "model": "8.xyz", "model_rescale": 4.121658175737393, "target_rescale": 3.8366640650473305},
{"mapping": [4, 6, 1, 5, 8, 9, 7, 0, 10, 2, 11, 12], "R": [[0.09218735614174395, 0.2844666938888445, 0.9542432559025742], [0.9345544561110981, -0.3554742972786271, 0.01568414923277356], [0.34367056890354303, 0.8903464067666118, -0.29861985203147234]], "T": [0.14908074082153633, 0.036413702475348746, 0.15753069331092984], "aligned_model": [[-0.22324038472899715, -0.08882526402887497, -0.512514955875151, 0.4449130551050223, 0.11531597089468029, 0.34516825470230966, 0.753565874031112, -0.28015868418316314, 0.4779517154759708, -0.39923605532237316, 0.548892936082019, 0.06630960053828569], [-0.44470219220029483, 0.5035826419060627, -0.05091037623474517, -0.4765365864603717, 0.7561851663979965, 0.10802232101674536, 0.27905725955298344, -0.61474008955924, -0.47132501878481875, 0.2326243020488297, 0.25627867648575214, 0.023619377108611228], [-0.48902355273340914, -0.29560942296798787, -0.014508125283563295, -0.018773444990512922, 0.2640310114406633, -0.6484542381149606, -0.018346361049550647, 0.2603727968623869, 0.6163619297784322, 0.5359438835413699, 0.5989394339107308, 0.13080329152021095]], "inverted": false, "swapped": false, "error_lsq": 0.03710435091728317, "error_max": 0.18765385995830772, "target": "281.xyz", "model": "9.xyz", "model_rescale": 3.833441315466971, "target_rescale": 3.8366640650473305},
{"mapping": [5, 9, 13, 6, 8, 3, 7, 1, 12, 10, 11, 14], "R": [[0.21160948844166697, 0.7696106317165393, -0.6024291659193848], [0.17103819958540295, 0.5777152162471317, 0.7981171989119855], [0.9622719775011843, -0.27192757209484897, -0.009382795455558944]], "T": [0.09998052489990002, -0.08429639892327545, 0.07858715518602959], "aligned_model": [[-0.3353027229882544, 0.14161809972867123, -0.6704015388127954, 0.49592543585519, -0.03542853256275384, 0.4297476303588901, 0.651465935766039, -0.11004302437393658, 0.31595059529334124, -0.23582086021122906, 0.47917290381083283, 0.12125814082684569], [-0.39390003084402786, 0.6259427634164916, 0.015310575071907195, -0.6331480135249803, 0.6626249780119812, 0.1589759279548639, 0.27757272284365386, -0.7662711987738546, -0.3746205755472498, 0.27149005367109846, 0.2779248061268424, -0.02074652712921546], [-0.33627340774617936, -0.3109468884789615, -0.10106937282212915, 0.02185003609610108, 0.2555962120474121, -0.6871765687393906, -0.01537324655456214, 0.2693996653445829, 0.5603431706883127, 0.7391986699415843, 0.5148737805041552, 0.01131515163288388]], "inverted": false, "swapped": false, "error_lsq": 0.03818099107156405, "error_max": 0.21899829860333458, "target": "281.xyz", "model": "10.xyz", "model_rescale": 4.2482417240324, "target_rescale": 3.8366640650473305},
{"mapping": [7, 2, 5, 8, 6, 3, 1, 9, 10, 4, 0, 11], "R": [[-0.21690313195190114, -0.9336857027530603, -0.284928130980394], [-0.15812091214134294, -0.25441894328203574, 0.9540800691990388], [-0.9633020338881499, 0.25199605110750595, -0.09245096934687796]], "T": [0.14329004522806763, 0.055498946703639064, 0.04958036516092809], "aligned_model": [[-0.2059994049086424, 0.09267782950920615, -0.6044183135299149, 0.563145472228698, -0.11310301650877, 0.3999638311783893, 0.7816765637389732, -0.22629535413548293, 0.3226534067118656, -0.40334822776289514, 0.5848610967931587, 0.056328179376254686], [-0.34533472381256863, 0.5690010167092028, 0.11802007872924078, -0.3682529378051221, 0.6112691701206058, -0.13864253853712646, 0.3466284712267825, -0.6440937584983824, -0.3907530234698907, 0.11961602358683962, 0.2269514480368507, -0.0032537450089210537], [-0.3698066819674388, -0.48099603282969694, 0.08435806800644828, -0.09538028380356195, 0.2637396395322277, -0.6950667175340783, -0.03320131573922995, 0.28042139605515337, 0.4781714595714023, 0.72995906793289, 0.640730534018332, 0.1188080686713622]], "inverted": false, "swapped": false, "error_lsq": 0.04291677641721405, "error_max": 0.2712181378463959, "target": "281.xyz", "model": "11.xyz", "model_rescale": 3.6694154284099745, "target_rescale": 3.8366640650473305},
{"mapping": [0, 12, 1, 6, 10, 5, 7, 4, 11, 8, 9, 13], "R": [[0.13915108493813055, 0.5964204054743341, -0.7905186117318002], [0.7329685368962382, -0.5988150982935583, -0.3227655526475285], [-0.6658784419702513, -0.5345120933987441, -0.5204831625804656]], "T": [0.07114085871850456, 0.02714549835595788, 0.08136862447190385], "aligned_model": [[-0.16134458319196107, -0.13009549675807391, -0.7564457916130161, 0.4125929826440205, 0.1703855619342289, 0.4927814058392854, 0.7350059804265621, -0.2732015307485486, 0.37352786911699215, -0.13245954193203727, 0.5205036591254256, -0.0031084521520375608], [-0.3843187227148215, 0.4799327831718082, -0.027457234846533576, -0.3978215177578625, 0.6470096299108999, 0.01563949999714096, 0.3498357991019922, -0.6113199349961694, -0.379766257729385, 0.1429302447428295, 0.3081038143851302, -0.04161262198751821], [-0.45471493105257854, -0.38366481971257965, -0.08772416609420236, -0.06919138262075067, 0.17856808230836918, -0.6017548295992746, -0.004184800085644758, 0.22789117898448652, 0.6180375797962098, 0.8009091866851517, 0.6845450208557398, 0.013021082448883323]], "inverted": true, "swapped": false, "error_lsq": 0.03808109791732384, "error_max": 0.2258184246997789, "target": "281.xyz", "model": "12.xyz", "model_rescale": 3.9764082729961374, "target_rescale": 3.8366640650473305},
{"mapping": [9, 13, 1, 4, 11, 6, 14, 0, 7, 8, 3, 15], "R": [[-0.19330027669236, -0.9669412286747059, -0.16631194581180062], [0.11601179627055447, 0.14579438113668525, -0.9824893187994719], [0.9742567762950056, -0.20920960474610428, 0.08399449461269698]], "T": [-0.01732447650073879, -0.016308896362998496, -0.031176533291593866], "aligned_model": [[-0.3903658293524209, 0.06511447483302304, -0.6319299235453048, 0.48080130250302666, 0.0772211861472088, 0.5719200845938336, 0.5773163448637977, -0.1185142920374753, 0.23748025844249723, -0.17214572860127794, 0.4701331769081708, 0.08111100793576131], [-0.42882206701258874, 0.44566417595989977, 0.009548173973889823, -0.5332023309044402, 0.7225903684629166, 0.057037649490977435, 0.5171228851419519, -0.716703264387635, -0.4623876388514927, 0.2751344247209695, 0.2490674593903176, -0.033894354707255187], [-0.2595887913269956, -0.42394267992140555, 0.1266655860483907, -0.05474785907254829, 0.24383927146077505, -0.5118738779181136, -0.05688387898175755, 0.13104641198210187, 0.5230093574286419, 0.593918665171902, 0.6015982080293443, 0.008696789013474503]], "inverted": true, "swapped": false, "error_lsq": 0.05023501686559247, "error_max": 0.27843589627462356, "target": "281.xyz", "model": "13.xyz", "model_rescale": 4.170626492500431, "target_rescale": 3.8366640650473305},
{"mapping": [11, 10, 12, 3, 8, 9, 1, 6, 2, 4, 0, 13], "R": [[0.09934293337032556, 0.9413511076227871, 0.3224733690814354], [-0.9635579161426276, 0.17189746516630783, -0.20495707772183736], [-0.2483689268573192, -0.29036073020770314, 0.9241231100481113]], "T": [0.11827270750840568, 0.036027806950008935, 0.12864983838216695], "aligned_model": [[-0.0956139062348382, -0.037448636274777625, -0.5690030955519141, 0.4861205871695233, -0.18192879319217553, 0.3775538456421894, 0.8327980978874588, -0.19781924496727415, 0.3124688208620614, -0.3039641339376147, 0.5646539444951881, 0.06032457679301344], [-0.348594930202442, 0.403523015718752, 0.25776513079769614, -0.5246750001044603, 0.6890399336327152, 0.08344554254897116, 0.1726781114939609, -0.7417987574905162, -0.2660678348862907, 0.14290973203810942, 0.2660812471261424, -0.0331507093951272], [-0.42450250741232654, -0.27013135425009205, 0.009525319802524385, -0.03189269187054261, 0.3157608059585544, -0.6373993037899235, -0.11953281747245417, 0.17925596707079067, 0.6799739354232747, 0.6884314336567622, 0.4506399196846177, 0.08160849511262419]], "inverted": true, "swapped": false, "error_lsq": 0.04178359386701505, "error_max": 0.23983436414721554, "target": "281.xyz", "model": "14.xyz", "model_rescale": 3.9786697098870705, "target_rescale": 3.8366640650473305},
{"mapping": [8, 2, 5, 9, 4, 3, 0, 7, 6, 10, 1, 11], "R": [[0.3437807641201041, 0.8956722183154766, 0.28211002030915283], [0.045915442707818444, -0.31609424376296164, 0.9476160621163334], [0.9379267339946882, -0.31281896745203075, -0.1497923070798463]], "T": [0.1109605624334505, -0.016959234365004204, 0.1184526953923593], "aligned_model": [[-0.14546045806046387, -0.02099855661720844, -0.6452847887909747, 0.5194920510265172, -0.14666557016074894, 0.494020396849837, 0.6373811745240708, -0.29029566738326545, 0.48637191211959474, -0.2541825053661876, 0.43411451734836876, 0.17964955720130057], [-0.1605911177041535, 0.5272590875803433, 0.08257463266369056, -0.41205142123291266, 0.5318194350507842, -0.10320808963073028, 0.3960957104949086, -0.4636463070977976, -0.5585811854804398, 0.1776901982622851, 0.16768714021312986, -0.08389260184159736], [-0.3126462124690539, -0.5450686872513331, -0.13223748350523412, -0.13535521376945386, 0.20439149856031302, -0.7127966838705067, -0.07147502183620764, 0.3947498225532828, 0.5578473601308519, 0.8403274261543041, 0.6860346976355068, 0.14796569958134037]], "inverted": true, "swapped": false, "error_lsq": 0.055957174840143696, "error_max": 0.25987264473511046, "target": "281.xyz", "model": "15.xyz", "model_rescale": 3.769337070930944, "target_rescale": 3.8366640650473305},
{"mapping": [6, 10, 1, 4, 5, 3, 0, 8, 2, 9, 11], "R": [[0.10615303002507559, 0.8710448098119421, 0.4795961566945396], [0.6476763483936232, -0.42654111273344225, 0.6313303627100627], [0.7544845140544622, 0.2436054565230321, -0.6094337532531389]], "T": [0.09751482482008289, 0.14806024110039395, 0.05861449579067926], "aligned_model": [[-0.16329229606224038, -0.48813009451781875, -0.14765038604970943, -0.6248231654457518, 0.2799096610398971, 0.543549230975907, 0.6244994846284307, 0.07410085984273829, 0.130399710189471, -0.3954876042724894, 0.08955073036273636], [-0.08985759066722065, -0.5037890040434834, 0.5827891836307307, 0.2401166393258976, 0.34091099010599557, -0.3469298393077932, 0.3513175187022428, -0.6279944930119762, 0.6155061642499701, 0.0038754819309113064, 0.03011944671006689], [-0.5707326987946808, -0.039527518141570434, -0.26204546705911513, 0.013233844164232872, -0.7586028489130089, -0.242469815661194, 0.02292708664453269, 0.2678815697646716, 0.52299438110499, 0.6818125723854643, 0.10874650172945464]], "inverted": true, "swapped": true, "error_lsq": 0.05127332892707704, "error_max": 0.24446079243218144, "target": "281.xyz", "model": "16.xyz", "model_rescale": 3.7852294659196426, "target_rescale": 3.8366640650473305},
{"mapping": [8, 0, 9, 2, 4, 3, 1, 11, 7, 10, 5, 12], "R": [[0.5159082303880098, 0.6608363232318171, -0.5451000382639553], [0.7031626794742953, 0.03676559915218827, 0.7100778386300407], [0.4892861575933267, -0.7496290046525907, -0.4457077645398657]], "T": [0.1319320388160083, -0.0017069654829815015, 0.08527087578585679], "aligned_model": [[-0.23777272227132973, -0.1591762468499806, -0.7206049814648954, 0.49037911162346753, 0.213799620450768, 0.4529252451806271, 0.8066886613924815, -0.15686212316103593, 0.44788412089779217, -0.4293816141267997, 0.49345259427546, 0.04681039674428507], [-0.31614676369912936, 0.480657430679288, -0.0353076213537516, -0.4634534020295055, 0.6877460823038979, 0.14477555260568759, 0.1253456810549332, -0.6521413113576666, -0.40799117711229743, 0.24998565687922825, 0.303205617865795, -0.015520264558968664], [-0.3490699053752172, -0.2998624921145883, -0.05370182112779326, -0.09470952693238271, 0.22576599692624783, -0.6274714370627069, 0.03221166787646479, 0.2626551145102169, 0.5612272040191857, 0.6056869421669543, 0.5419329117120412, 0.11707254731538766]], "inverted": true, "swapped": false, "error_lsq": 0.038561341352705045, "error_max": 0.2566441371769629, "target": "281.xyz", "model": "17.xyz", "model_rescale": 3.901054581598922, "target_rescale": 3.8366640650473305},
{"mapping": [1, 7, 6, 8, 12, 0, 3, 4, 5, 11, 13, 14], "R": [[0.5867076810241737, -0.6775435775995189, 0.4435186551667043], [-0.7841379274004363, -0.6121141513138403, 0.1021957757125298], [0.2022419537073974, -0.40773884560461315, -0.8904196909017864]], "T": [0.12593681097855197, -0.08260555993651174, 0.16838292909027786], "aligned_model": [[-0.138356442551631, -0.1361904505308011, -0.5834841322699813, 0.381780864528183, 0.1018207118667878, 0.40995398583199105, 0.5988148426260291, -0.2594809634456679, 0.5246858701371124, -0.44680399974683965, 0.6767147070839326, 0.1186870691617252], [-0.2489066415149757, 0.36165636524493056, 0.0586992491512406, -0.6836823147494339, 0.6506407194058459, 0.05956339795856121, 0.46071605770484214, -0.7696488570709118, -0.32626178342937434, 0.34324821380553744, 0.2340541500035856, -0.03892307523233705], [-0.4546568576329296, -0.24826760121651315, -0.032815036801965236, 0.05146925483985938, 0.28561522699248587, -0.52054867150501, -0.08577032487583863, 0.09768203142707935, 0.5827702835896393, 0.5252407663952092, 0.520338232449899, 0.20067989825189406]], "inverted": true, "swapped": false, "error_lsq": 0.05145979090928025, "error_max": 0.2534997127270014, "target": "281.xyz", "model": "18.xyz", "model_rescale": 3.9405287249114394, "target_rescale": 3.8366640650473305},
{"mapping": [14, 12, 13, 2, 4, 3, 1, 11, 5, 7, 8, 15], "R": [[0.18580925047545882, -0.6580683363959801, -0.7296718351908449], [-0.9678562229422849, -0.2506766618284623, -0.02038487003718642], [-0.16949706236286943, 0.7100051238178258, -0.6834935771481628]], "T": [0.09059859289621992, 0.07032587190990773, 0.08737199606482549], "aligned_model": [[-0.31966324325932655, -0.0338540765148813, -0.5727937281529532, 0.7209958831729365, -0.03991511201327398, 0.36654587187828624, 0.6698195866516462, -0.23328102966918568, 0.4076475066734192, -0.2541087797108818, 0.4245600305612432, 0.11218915307381121], [-0.22922175115121757, 0.40747170858357534, -0.02906221326722834, -0.5277051448918401, 0.7709751808972137, 0.010805285551620664, 0.2365401642632441, -0.5718276400869989, -0.4633385565345593, 0.2936572777219106, 0.1652877987793712, 0.03757337141241912], [-0.49717518713674913, -0.3261292495190985, 0.05046017858342566, 0.07053624933688407, 0.2508398744461341, -0.7162068699439345, -0.18169170157923553, 0.13157673581912574, 0.640494863829851, 0.659145954364507, 0.759476263373036, 0.08041009033986352]], "inverted": false, "swapped": false, "error_lsq": 0.04670417968321474, "error_max": 0.2698565837447955, "target": "281.xyz", "model": "19.xyz", "model_rescale": 4.410303926677745, "target_rescale": 3.8366640650473305},
{"mapping": [6, 12, 2, 10, 7, 11, 9, 3, 5, 1, 8, 13], "R": [[0.11545165366800697, 0.19572412503178963, -0.973839300165003], [-0.9925089935177298, -0.016710090995050553, -0.12102343015036443], [-0.039960148294839515, 0.9805166187982116, 0.19232874670411843]], "T": [-0.04551675432112348, -0.03530320727931801, 0.039968612245746556], "aligned_model": [[-0.1957244011775807, 0.19349409556042726, -0.6375089696122229, 0.6746135352434002, -0.13208322776801606, 0.32275341909139676, 0.5879520432665422, -0.19675891817131164, 0.43183728943007893, -0.3258529646521511, 0.5022572578702466, 0.023162903610031038], [-0.39853086935388743, 0.6145118104368196, 0.25262874654765155, -0.4309114503633066, 0.6180451386506938, -0.0600580663828883, 0.19599050918950772, -0.7324217362988583, -0.3996142051778215, 0.19159270294944655, 0.27380125220790263, -0.023878351127749123], [-0.38665669350653387, -0.26217240396695507, -0.03248230047598657, 0.04633234251553229, 0.3092182167156491, -0.7022561521074476, -0.09815171932600184, 0.17079009394486236, 0.6217601012630338, 0.6980337657610295, 0.4820722721493517, 0.07524967894727572]], "inverted": true, "swapped": false, "error_lsq": 0.047540373463368236, "error_max": 0.26437962853484764, "target": "281.xyz", "model": "20.xyz", "model_rescale": 4.121658175737393, "target_rescale": 3.8366640650473305},
{"mapping": [1, 8, 6, 3, 9, 5, 7, 2, 4, 10, 11, 12], "R": [[0.6225725561255007, -0.759928054635813, -0.1868495762285512], [-0.5037039439862195, -0.20640419065043106, -0.8388561538754233], [0.5989037895790006, 0.6163656884183037, -0.5112803428340884]], "T": [0.07806767044659996, 0.01575933016680385, 0.019935559144523468], "aligned_model": [[-0.1461567708919479, -0.21020804234298213, -0.5709722313559307, 0.5875965218701338, 0.12995645867784947, 0.3012288064769238, 0.7430569237058506, -0.22307798518516575, 0.14836112572044785, -0.3296273708393906, 0.6515766979291941, 0.16640792892585743], [-0.48859157583517243, 0.49191039783022705, 0.045132597190897406, -0.4561440116284266, 0.6946593997343591, 0.16069122335117714, 0.17024699058242204, -0.643597592789615, -0.2803605874961528, 0.2110948279668699, 0.20302444823051308, -0.006910635859587934], [-0.4016429383086131, -0.35938010998230197, -0.0026227901878657714, 0.0018168252624961023, 0.2629687346117895, -0.60703922798044, -0.007284204377529538, 0.24526060536148322, 0.5062517386366978, 0.6557828979586512, 0.660707105090138, -0.033081434170695735]], "inverted": false, "swapped": false, "error_lsq": 0.043791236920491076, "error_max": 0.24727508053174402, "target": "281.xyz", "model": "21.xyz", "model_rescale": 4.08911054899281, "target_rescale": 3.8366640650473305},
{"mapping": [6, 11, 1, 7, 15, 5, 9, 0, 13, 2, 14, 16], "R": [[0.8015662071346419, 0.5972807177512549, 0.027337881818643273], [-0.27989678368867177, 0.3344401150199167, 0.8998931047331131], [0.5283459151545711, -0.728975687981438, 0.4352528463680256]], "T": [0.1496875797426231, -0.013487709475356295, 0.0944110140658819], "aligned_model": [[-0.029738058496032893, -0.13678620134195263, -0.622204064010299, 0.41791829332757896, -0.013840245151362202, 0.41386035967619544, 0.7450418323879435, -0.30986257579027354, 0.40764651302973465, -0.3019547442913283, 0.5376026939615972, 0.1404582593890394], [-0.5460028139103552, 0.5613872246018574, 0.1560416658480368, -0.6693824818923699, 0.6661239647908824, 0.18448138305259712, 0.31205977354721426, -0.6303843196013768, -0.4242138645397027, 0.22288028199377954, 0.3212810315022908, -0.05311636411534302], [-0.39528096304074967, -0.32193573226375294, 0.020644744857582414, 0.03399148233008617, 0.3015188134860275, -0.5290872094231628, -0.12265985389506698, 0.18568875036553784, 0.5432887037672883, 0.6056870775807999, 0.4807713901033125, 0.11910999804590769]], "inverted": false, "swapped": false, "error_lsq": 0.042740630977520976, "error_max": 0.22462190979424376, "target": "281.xyz", "model": "22.xyz", "model_rescale": 4.204369325754507, "target_rescale": 3.8366640650473305},
{"mapping": [14, 12, 13, 2, 4, 3, 1, 11, 5, 7, 8, 15], "R": [[0.18580925047545882, -0.6580683363959801, -0.7296718351908449], [-0.9678562229422849, -0.2506766618284623, -0.02038487003718642], [-0.16949706236286943, 0.7100051238178258, -0.6834935771481628]], "T": [0.09059859289621992, 0.07032587190990773, 0.08737199606482549], "aligned_model": [[-0.31966324325932655, -0.0338540765148813, -0.5727937281529532, 0.7209958831729365, -0.03991511201327398, 0.36654587187828624, 0.6698195866516462, -0.23328102966918568, 0.4076475066734192, -0.2541087797108818, 0.4245600305612432, 0.11218915307381121], [-0.22922175115121757, 0.40747170858357534, -0.02906221326722834, -0.5277051448918401, 0.7709751808972137, 0.010805285551620664, 0.2365401642632441, -0.5718276400869989, -0.4633385565345593, 0.2936572777219106, 0.1652877987793712, 0.03757337141241912], [-0.49717518713674913, -0.3261292495190985, 0.05046017858342566, 0.07053624933688407, 0.2508398744461341, -0.7162068699439345, -0.18169170157923553, 0.13157673581912574, 0.640494863829851, 0.659145954364507, 0.759476263373036, 0.08041009033986352]], "inverted": false, "swapped": false, "error_lsq": 0.04670417968321474, "error_max": 0.2698565837447955, "target": "281.xyz", "model": "23.xyz", "model_rescale": 4.410303926677745, "target_rescale": 3.8366640650473305},
{"mapping": [5, 4, 15, 0, 10, 2, 3, 13, 7, 11, 1, 16], "R": [[-0.012779970395819882, 0.22997671344282097, 0.9731122153332167], [-0.42674194524034065, 0.8788582692695659, -0.2133060118913517], [-0.9042831329451922, -0.417993844225656, 0.08690892739118329]], "T": [-0.09897707086682708, -0.029975375894434088, 0.1490589285845208], "aligned_model": [[-0.17392737372650563, 0.055153455273110025, -0.7572427294232073, 0.5410621575294755, -0.00900178055011333, 0.4970574228558874, 0.6495143811754147, -0.2788027309783111, 0.2848803336993846, -0.17705355063819994, 0.6055768378214438, 0.010925639652461447], [-0.21372848327924884, 0.35428488038764994, 0.017778992765549124, -0.35005359644644374, 0.6062680492657324, 0.006330109777968863, 0.373725300473973, -0.6626865639952391, -0.3880047115957374, 0.14398451767130385, 0.19920108276166446, 0.01405590349033773], [-0.44778215667653903, -0.40091580660338183, -0.12245540597991939, -0.0923650344520679, 0.2533790960906057, -0.5410995642134584, -0.1442622175223502, 0.39710309450396686, 0.5569797351380393, 0.7526842306949197, 0.5819761147994671, 0.12849511613452758]], "inverted": true, "swapped": false, "error_lsq": 0.04035764322205945, "error_max": 0.2042334920370867, "target": "281.xyz", "model": "24.xyz", "model_rescale": 4.28219845311461, "target_rescale": 3.8366640650473305},
{"mapping": [0, 8, 1, 2, 11, 6, 14, 4, 13, 9, 12, 15], "R": [[0.19550673251873085, 0.8301164351020848, 0.5221913650313031], [-0.6372638084021228, -0.2971952139801206, 0.7110343474742501], [0.7454340722295109, -0.47178565997782995, 0.47089949564488986]], "T": [0.00882240631765964, 0.02881135917613284, 0.18283489929607144], "aligned_model": [[-0.0807125808777726, -0.17630888177698673, -0.5454343938444501, 0.47524064236502805, 0.19270929769401712, 0.2941509896618665, 0.7259404754297178, -0.27552195299624554, 0.3621389191799347, -0.24551148962081037, 0.5203176022395546, 0.0011334352369865783], [-0.4662097539440717, 0.4475218289645022, 0.04742692760219844, -0.40705786842857394, 0.5244676468485256, 0.06263099547794207, 0.22308469411508738, -0.6440042687804476, -0.2654605415439818, 0.2856726793464188, 0.3137680830618562, -0.02068494144194457], [-0.4594203114021007, -0.3390405701282384, -0.137056111726284, -0.0646566559086606, 0.3131711065423939, -0.6713553410416548, 0.015072653306936662, 0.14942847581990687, 0.55898373569254, 0.7539830547303746, 0.6743552247091331, 0.12827194131946326]], "inverted": false, "swapped": false, "error_lsq": 0.04158039405989559, "error_max": 0.21631908110904, "target": "281.xyz", "model": "25.xyz", "model_rescale": 4.100010024507729, "target_rescale": 3.8366640650473305},
{"mapping": [7, 2, 5, 8, 6, 3, 1, 9, 10, 4, 0, 11], "R": [[-0.21690313195190114, -0.9336857027530603, -0.284928130980394], [-0.15812091214134294, -0.25441894328203574, 0.9540800691990388], [-0.9633020338881499, 0.25199605110750595, -0.09245096934687796]], "T": [0.14329004522806763, 0.055498946703639064, 0.04958036516092809], "aligned_model": [[-0.2059994049086424, 0.09267782950920615, -0.6044183135299149, 0.563145472228698, -0.11310301650877, 0.3999638311783893, 0.7816765637389732, -0.22629535413548293, 0.3226534067118656, -0.40334822776289514, 0.5848610967931587, 0.056328179376254686], [-0.34533472381256863, 0.5690010167092028, 0.11802007872924078, -0.3682529378051221, 0.6112691701206058, -0.13864253853712646, 0.3466284712267825, -0.6440937584983824, -0.3907530234698907, 0.11961602358683962, 0.2269514480368507, -0.0032537450089210537], [-0.3698066819674388, -0.48099603282969694, 0.08435806800644828, -0.09538028380356195, 0.2637396395322277, -0.6950667175340783, -0.03320131573922995, 0.28042139605515337, 0.4781714595714023, 0.72995906793289, 0.640730534018332, 0.1188080686713622]], "inverted": false, "swapped": false, "error_lsq": 0.04291677641721405, "error_max": 0.2712181378463959, "target": "281.xyz", "model": "26.xyz", "model_rescale": 3.6694154284099745, "target_rescale": 3.8366640650473305},
{"mapping": [5, 0, 4, 7, 2, 1, 6, 8, 9, 10, 12, 13], "R": [[-0.8745289656883588, 0.43290865227111186, 0.21860738084716935], [0.37101941009861383, 0.8875038259307302, -0.273279264285443], [-0.3123198448740111, -0.1578830508545043, -0.9367653157278764]], "T": [0.12155202085355292, -0.03994625873351769, 0.15066925314697355], "aligned_model": [[-0.04514907288676066, -0.14104514934701973, -0.6781303325929208, 0.40819744470731245, 0.035489936640946476, 0.4984862843111331, 0.6326180836002832, -0.2993610992938346, 0.3189099803786535, -0.28485394034292943, 0.6900584387073934, 0.11292148880858317], [-0.3286713270164754, 0.307139794621274, 0.13998979176525816, -0.5658454702858301, 0.6316654803240059, 0.09843582699037089, 0.36658145837215744, -0.5104578115503882, -0.37992212879718373, 0.0038305958179274263, 0.321904526993694, 0.016504744042700047], [-0.5668452623939559, -0.3468318432361276, 0.09015709398753233, -0.04270330175883111, 0.21117244169430496, -0.6357260756019624, -0.060842274996990464, 0.24970569282297134, 0.7077417610459856, 0.5920404139653732, 0.5697125386021202, 0.15415601778338905]], "inverted": true, "swapped": false, "error_lsq": 0.04424815440677887, "error_max": 0.24476651619085513, "target": "281.xyz", "model": "27.xyz", "model_rescale": 4.103607728864725, "target_rescale": 3.8366640650473305},
{"mapping": [10, 13, 11, 3, 8, 12, 2, 9, 0, 7, 1, 14], "R": [[-0.17066379913583687, 0.1418222807903441, 0.9750693864212678], [-0.9509792645744904, -0.2827222383406627, -0.1253258724167009], [0.2578997983983011, -0.9486593575246441, 0.18312049958168328]], "T": [-0.03448599161526478, -0.04279723737270504, 0.024764357825144967], "aligned_model": [[-0.21251944056072483, -0.05791179357899956, -0.640991766660273, 0.5728759622244636, -0.14089049559371258, 0.48786964562699386, 0.6702689342129126, -0.2017412219749424, 0.46513809322514527, -0.279831450067913, 0.4953308828843045, 0.0905447129535859], [-0.41743882111638075, 0.47260583157922353, 0.260762737094665, -0.44389444096169484, 0.7191645368313366, 0.045403315854405026, 0.15695191121943705, -0.7892415772097235, -0.34992381444946463, 0.2868045470202652, 0.18622355024900566, -0.02626229483356359], [-0.2714164165211434, -0.3672604389300994, -0.08506878925582995, -0.1589836839818065, 0.3082644689213304, -0.6510010362106856, -0.04409403592402675, 0.31626129004845377, 0.43187709464646185, 0.6174274284690088, 0.7101141885010619, 0.11561713215108463]], "inverted": true, "swapped": false, "error_lsq": 0.04231058775823434, "error_max": 0.2297441770023173, "target": "281.xyz", "model": "28.xyz", "model_rescale": 4.137296879288765, "target_rescale": 3.8366640650473305},
{"mapping": [4, 9, 8, 7, 3, 10, 6, 2, 0, 1, 11], "R": [[0.6316852975712401, 0.7591150292996998, 0.1572197733227268], [0.6333031158001594, -0.3883518838984281, -0.669410171561765], [-0.44710272684266156, 0.5224243357308863, -0.7260660886489594]], "T": [-0.04623624707036904, 0.046364507771108635, 0.12241158572914668], "aligned_model": [[0.5429720143713862, 0.02404839663523506, -0.002549514766490804, -0.6604125901109982, -0.1430091668741265, 0.60028053133234, 0.5633126309085691, -0.42165434806123125, -0.4870945174436769, 0.25195036083866756, -0.04642478611977596], [-0.3595250690993053, -0.7165062879342977, -0.014170249267025689, -0.009244364576140376, 0.6245024140722152, -0.1228771521878602, 0.42631602514590566, -0.37318471561089955, 0.3554826012326594, 0.08829965028308072, 0.020054964589619723], [0.2652164603459431, -0.1331362580464447, -0.6782312091268122, -0.32717483640337464, -0.3146298277206076, -0.45282104601016315, 0.05320067540715065, 0.4663236140843905, 0.29673867335797954, 0.6335321552187819, -0.003264379323844102]], "inverted": false, "swapped": true, "error_lsq": 0.053452268906444916, "error_max": 0.28819595614737775, "target": "281.xyz", "model": "29.xyz", "model_rescale": 3.607286011436655, "target_rescale": 3.8366640650473305},
