[{"mapping": [12, 9, 11, 2, 1, 3, 8, 0, 10, 7, 6, 13], "R": [[0.7848796088405199, -0.023970088129026484, 0.6191844914897654], [0.30900290943972275, -0.8509997946899553, -0.4246369642358523], [0.5371044605885703, 0.5246187037389543, -0.6605255590082191]], "T": [-0.1014747139734381, -0.1140274983710545, -0.07531110910780167], "aligned_model": [[-0.20595861120770834, 0.41392476419172664, 0.4095017995302821, -0.2460985696112207, -0.0005025198220041244, -0.8439392196050367, 0.42603598712922863, -0.2990322445536835, 0.5379493847342095, 0.1995409783227613, -0.47247841036046495, -0.08130087628754107], [-0.38938924941337594, -0.6279698265867014, -0.3255435569723918, 0.5892317002737251, 0.39016375518508206, -0.5900765499895158, -0.1902731331420771, -0.46635672637484804, 0.12803218080895554, 0.347695041113979, 0.24973750113781543, -0.06169610006358974], [-0.49101359016262414, 0.006653105115754315, -0.5686350660748928, 0.01987246319729677, -0.571522449968229, -0.12247644684588671, 0.6037118054748448, 0.5441192967380909, -0.16365886726440484, 0.438174634859833, 0.4513476207736823, 0.035379239510097416]], "inverted": false, "swapped": true, "error_lsq": 0.04399298167389875, "error_max": 0.26211471070406034, "target": "282.xyz", "model": "0.xyz", "model_rescale": 3.751011558992144, "target_rescale": 3.8258493547364063},
{"mapping": [5, 7, 12, 2, 3, 8, 9, 11, 10, 4, 6, 1, 0, 14], "R": [[0.3348078598282506, -0.44699261659903444, 0.8295187144984587], [-0.941517147977212, -0.19425782725050983, 0.275334989815621], [0.038067795603153654, -0.8731904129443131, -0.48589026094382337]], "T": [0.044806783269400546, 0.09009043645710227, -0.04265956857272316], "aligned_model": [[-0.07514277287146096, 0.025944528645793025, 0.05272555508460779, -0.7149074654243379, -0.5415410319751754, -0.1765786118099649, 0.31154930544870896, 0.6750483804508588, 0.7617793977723543, 0.4103442639222763, 0.5481559714321409, -0.014508105079858696, -0.5517664451045714, 0.06268881415770106], [0.5725721006282374, -0.5299954687134433, -0.5244953653687963, 0.37072562209160476, -0.3402687144184632, 0.6569848584536616, 0.20904050873113145, -0.3308100787775179, 0.4722820822927052, 0.5580422380890161, -0.31858787806213695, -0.06364671194374522, -0.19646608205119118, 0.06076173000368239], [-0.42069342250102243, 0.19146584516227427, -0.46002833755785866, -0.20944162667162475, -0.27588291716447566, 0.22198637092874166, -0.6333277736605867, -0.2923979804842107, -0.15371614890515065, 0.4798128531848302, 0.335952865570379, 0.6344904758469216, 0.3281372267038111, -0.0853663876119174]], "inverted": false, "swapped": false, "error_lsq": 0.04349815391295444, "error_max": 0.3275268799542172, "target": "282.xyz", "model": "1.xyz", "model_rescale": 3.9405287249114394, "target_rescale": 3.8258493547364063},
{"mapping": [0, 6, 7, 12, 4, 8, 5, 3, 1, 10, 11, 9, 13], "R": [[0.9667488152867121, 0.1968718617057041, 0.16321212641917576], [0.03317383296942612, -0.7293796195135905, 0.6833043739391156], [0.25356700287666667, -0.6551693221654538, -0.7116578773156413]], "T": [0.025941168707553863, -0.09818882525148719, -0.04287501696936001], "aligned_model": [[-0.10215404435076791, 0.04959995499515424, -0.5243394277285778, 0.3462993198667435, 0.6021082930406356, -0.7699338169202252, 0.12705558759247812, 0.7145750577192023, 0.16380706460894157, -0.4903488671188501, -0.1439912586229508, -0.42517143232978016, -0.05152315146807182], [0.6196259861938953, 0.38079842909285444, 0.0230910097132387, -0.2948762820438907, -0.05786501973273091, 0.23584950211776157, 0.2523847439590737, 0.37199514984890814, -0.7221222677634074, -0.551151649290441, -0.6671682146944101, -0.09663421842490837, -0.03509457540392641], [0.0803824507244645, -0.6062129327605572, -0.5428232408404802, 0.3009770308650134, -0.3434083143629352, -0.030446894500023067, 0.6531497632165253, 0.24834862083678, -0.362765549832242, -0.1022944717728229, 0.40050968218821337, 0.53417478644528, -0.11647058061857195]], "inverted": true, "swapped": true, "error_lsq": 0.04971613220998861, "error_max": 0.2934178311621858, "target": "282.xyz", "model": "2.xyz", "model_rescale": 3.932901565614263, "target_rescale": 3.8258493547364063},
{"mapping": [3, 5, 4, 8, 7, 11, 0, 2, 1, 10, 6, 12, 9, 13], "R": [[0.6386792406883698, -0.3328786357262762, -0.6937439307055169], [0.4587543581988235, 0.8885540710189381, -0.004012693516578847], [0.6177647338164534, -0.31569522763685465, 0.7202105642796427]], "T": [0.014940271199083817, 0.11371164411849508, -0.08388077636147968], "aligned_model": [[-0.14889271688503608, -0.0618969990052415, 0.2672230352057128, -0.6385661674226821, -0.48689398344658463, -0.16096940963474546, 0.3000514612417705, 0.7417159760785343, 0.6498536404911776, 0.3443447287697971, 0.4725308149463578, 0.02222712062154259, -0.5612507085635577, 0.03431499225202668], [0.433758082195408, -0.5221504747179668, -0.6150148227172567, 0.4479511499267279, -0.3132032537511814, 0.9044910487100605, 0.08543811753538047, -0.2209206362341923, 0.47002844603256977, 0.36295909928206294, -0.238304742537248, -0.11739202808685695, -0.1466838511291089, 0.06518270644634672], [-0.4463921659355569, 0.24257762128057797, -0.494414024778746, -0.08399465732282659, -0.3589236788117933, 0.2921942372065297, -0.6895725677455168, -0.3162988585350449, -0.22059935988267165, 0.5013660516762825, 0.2813419207435431, 0.6439020241210756, 0.29027304265386544, 0.01953145817039316]], "inverted": false, "swapped": false, "error_lsq": 0.04816011359566911, "error_max": 0.29978057835302147, "target": "282.xyz", "model": "3.xyz", "model_rescale": 3.9243930471874484, "target_rescale": 3.8258493547364063},
{"mapping": [5, 0, 3, 12, 4, 9, 11, 6, 2, 7, 1, 10, 13], "R": [[-0.875915348976612, -0.37026118292849236, -0.3093201542796289], [0.45508119855640433, -0.42113536071786717, -0.7845674672540904], [0.16022922376285287, -0.8279804734227888, 0.5373778293555924]], "T": [0.02198623900990993, -0.07671970261778202, -0.07126530739774836], "aligned_model": [[-0.05777896628132959, -0.153223488678132, 0.6060679509751948, 0.2558838354269647, 0.6520818541118841, -0.5545596124016945, -0.23269336812566566, 0.16628542441601293, 0.22762684468171304, -0.3951812075874592, 0.25120420284089495, -0.45117787691125255, -0.03732970615577836], [-0.685890623457882, -0.010945837306404832, -0.41042881677793663, -0.518676376938705, 0.08536930264803891, -0.5210842335624154, -0.580535519942561, 0.5552615577374264, 0.5772096659661258, 0.5499989408718532, 0.06207710575287931, 0.0010737615814262191, 0.024400627109742223], [-0.5612905608244966, -0.7866912228121985, -0.6436179885548343, 0.02628336705251859, -0.09619515892606109, -0.15266872315134397, 0.4088518520945613, -0.4277980085793939, 0.16248198079439535, -0.04555882695007815, 0.5911729689692364, 0.42403792194418277, -0.11193728568552419]], "inverted": false, "swapped": true, "error_lsq": 0.044507909082088355, "error_max": 0.3952903125358074, "target": "282.xyz", "model": "4.xyz", "model_rescale": 3.8936222436046832, "target_rescale": 3.8258493547364063},
{"mapping": [1, 10, 2, 4, 7, 8, 9, 0, 3, 12, 6, 13], "R": [[0.9899206101859663, -0.1051288212855413, 0.09489529210744352], [-0.12226296339540837, -0.2962021687039379, 0.9472676723275514], [-0.07147694251167538, -0.9493219718252585, -0.3060699928104453]], "T": [-0.009778931981171024, -0.14098922011324372, -0.0038301606273431626], "aligned_model": [[-0.06807430335971847, -0.5951552970426788, -0.17763800946006536, 0.4698041631455575, -0.6385518581207983, -0.7059099038346157, -0.29325328521504385, 0.024563934484544823, 0.8011333051927692, 0.34761495727793373, -0.045905436022719945, -0.09108022483006765], [-0.5166439824938682, -0.4885248000406303, 0.1437653510654931, 0.03463145496634712, 0.23078450295041636, 0.15711926686599148, -0.42468410784817023, 0.4156132328772579, 0.09910035077460008, -0.49274500815584826, 0.5579721044111896, -0.04746546026297127], [-0.6089045759923959, -0.11252663976087422, -0.6482583077745204, -0.4076522262073191, -0.18793520110223005, 0.4105199994367083, 0.6090735618035406, 0.48183759342782945, 0.25088370296473667, 0.08609761579500104, -0.24359270542049716, -0.010258097894460718]], "inverted": true, "swapped": true, "error_lsq": 0.03743918314420536, "error_max": 0.21001286229430716, "target": "282.xyz", "model": "5.xyz", "model_rescale": 3.6523030999806103, "target_rescale": 3.8258493547364063},
{"mapping": [2, 6, 4, 1, 12, 7, 0, 10, 8, 9, 5, 11, 13], "R": [[-0.55488484484348, -0.6471658271517299, 0.5227611320001182], [-0.7869791494657427, 0.6120803349565052, -0.07759820787691743], [-0.26975290039071687, -0.4544601805731171, -0.8489401139092476]], "T": [0.14742002703269125, 0.047245047756936435, 0.0597647477318762], "aligned_model": [[0.17841750949326216, -0.2772503830030441, 0.4213851616828303, 0.7046984063241903, 0.5227418136940738, -0.3136239725925503, -0.4977734783183881, 0.21073733406951828, -0.5827557785033182, -0.06362069815494675, -0.016583164771773018, 0.5497931785158658, 0.04491697622857463], [-0.3733010423122181, 0.007221182655549073, 0.2807662949749774, -0.3651028726143761, 0.3405758861064379, -0.5209775060020119, 0.40808131126997144, -0.5603467165939782, -0.2901033298595566, 0.06818809560563766, 0.6770944028858482, -0.12095704237520369, -0.010311759577893917], [0.6486022590569013, 0.6642407757291243, 0.6022827284384001, 0.2330849701309388, -0.12090098561005128, 0.23872653008856695, 0.07929477763097023, -0.25974199583805474, -0.2535919503888687, -0.6413163262510205, -0.3806545873227058, -0.5394084081729993, 0.09949195199058776]], "inverted": false, "swapped": true, "error_lsq": 0.04689238770570425, "error_max": 0.29854579526229036, "target": "282.xyz", "model": "6.xyz", "model_rescale": 4.08911054899281, "target_rescale": 3.8258493547364063},
{"mapping": [6, 11, 9, 2, 1, 7, 3, 8, 4, 5, 10, 12, 13, 14], "R": [[0.9216374975249644, -0.38640662482742283, 0.03569654668733213], [-0.23255682279312131, -0.4763490213151074, 0.8479439451193154], [-0.31064714279756434, -0.7897984111035037, -0.5288826169294005]], "T": [0.050948528755647295, 0.0449174949266502, -0.0267391569733675], "aligned_model": [[-0.04525760826422203, 0.011525058967057349, 0.10858223856404317, -0.6610140934410778, -0.5125937929158587, -0.24644011259387485, 0.32046019981852003, 0.6342129085582136, 0.636191843746052, 0.4525608211977233, 0.5595054742706445, 0.012383892420853145, -0.5313636221956356, 0.03503857651663398], [0.436487480313938, -0.4924903994810478, -0.537522542016537, 0.36954996580797295, -0.31466352429421, 0.6999415362863189, 0.21803864197230416, -0.2250970864466859, 0.4071319347536333, 0.5024415246718674, -0.2518579155991652, -0.06615148788778041, -0.04921418765434621, -0.10045509947151685], [-0.32095046232547125, 0.20600449603411927, -0.5482746464341814, -0.22132211289578402, -0.32851324657777925, 0.25925466424412535, -0.7505098139305755, -0.2548701771882732, -0.17885901610465177, 0.4313880724601669, 0.3886751992755148, 0.6762390559835705, 0.4067885901669792, -0.10405955986764791]], "inverted": true, "swapped": false, "error_lsq": 0.0425976514449003, "error_max": 0.3254608825770423, "target": "282.xyz", "model": "7.xyz", "model_rescale": 3.964800864290218, "target_rescale": 3.8258493547364063},
{"mapping": [9, 0, 3, 11, 6, 12, 10, 5, 8, 7, 1, 2, 4, 13], "R": [[-0.12698881662786998, 0.991556733972485, -0.026250405049680348], [-0.6429292744996061, -0.10243494707024023, -0.759044813966954], [-0.7553249555276615, -0.07951304881927346, 0.6505089443079168]], "T": [0.03779298257863417, -0.01773747971252001, 0.005366982760945865], "aligned_model": [[0.059402539940574914, 0.07267286457602386, 0.05545798114826323, -0.6111478139461916, -0.44870392448622914, -0.1337779812274364, 0.14702485282314445, 0.6602549705641013, 0.6147330381859554, 0.3554274118646784, 0.6457029119312194, -0.12155729981706914, -0.6091577626045607, 0.08745999569659783], [0.5905162129234879, -0.6872465603794986, -0.6542245564706543, 0.36548541729044653, -0.2862064572523264, 0.6785572666027946, 0.15581668137199203, -0.10486903864303562, 0.4641087533271586, 0.3450488208785509, -0.17776991405719622, -0.172851599903643, 0.052647302189354796, 0.02712651307731409], [-0.31621846344876087, 0.25775627979837734, -0.3418143022298023, -0.3398132285954684, -0.16121930327002168, 0.2428790201841414, -0.7902971201746897, -0.5460130022946409, -0.15594625708183293, 0.5291490313243604, 0.4151901506329521, 0.6291905355159181, 0.27293774124807324, -0.034790038768494416]], "inverted": true, "swapped": false, "error_lsq": 0.04557652398139256, "error_max": 0.2329095931766634, "target": "282.xyz", "model": "8.xyz", "model_rescale": 4.121658175737393, "target_rescale": 3.8258493547364063},
{"mapping": [4, 12, 1, 2, 5, 0, 11, 8, 10, 9, 6, 7, 13], "R": [[0.7092148693981762, -0.6117534041768149, 0.3503884151946325], [0.10384259482651248, -0.40094048721773917, -0.9101996710663537], [0.6973026491590465, 0.6819123830725472, -0.22082689439489728]], "T": [-0.11131335840931739, -0.03011456136296258, -0.13884146346569062], "aligned_model": [[-0.3989454055953608, -0.2851289567344074, 0.3513164565490625, 0.17396527106422455, -0.6534327537660567, -0.581459853665677, 0.25105735910557087, 0.14302551501356697, 0.5509198037262821, -0.022815294953149934, -0.2790899436848562, 0.31078878071477295, -0.08346348133877488], [0.337793478667517, -0.37563797026346213, 0.083630457411911, 0.6150595383115276, -0.5549668202144968, 0.07219241702055579, -0.652582373260389, -0.03399558267280988, -0.18776621565511625, -0.6275044743332011, 0.6567870575824742, 0.40782382963947206, 0.04955409717772744], [-0.5925223059183105, -0.47043043064366996, -0.6714441521260514, -0.30290229733442353, 0.08073338783737419, 0.42272282105863446, -0.31327154446006855, 0.6860523056145138, -0.029962688991753875, 0.2756279031753769, 0.07877130887159856, 0.3055744561053, -0.04787332922943138]], "inverted": false, "swapped": true, "error_lsq": 0.04759488690431773, "error_max": 0.290886199831668, "target": "282.xyz", "model": "9.xyz", "model_rescale": 3.833441315466971, "target_rescale": 3.8258493547364063},
{"mapping": [8, 4, 3, 11, 7, 10, 9, 2, 13, 0, 5, 1, 12, 14], "R": [[0.7282808626739885, 0.4990110486312016, -0.46967537555935346], [-0.6613191294542311, 0.3321347273345146, -0.672564890487398], [-0.1796218084775042, 0.8004214491393995, 0.5718929180159995]], "T": [-0.035377722315123955, 0.006144112672326146, 0.06509012983556965], "aligned_model": [[-0.05338130754241491, 0.12765863095630894, 0.12072199525610444, -0.6089677619769633, -0.4484401412611886, -0.14939750590904027, 0.1252946609175815, 0.5475392556953793, 0.6957169768249847, 0.28566605260322064, 0.5700669636840987, 0.05431313653481179, -0.4760483452181842, -0.016950825915626157], [0.5462870288105369, -0.770286937524186, -0.605827753812707, 0.2888368520354494, -0.18303915500221088, 0.8198890910663843, 0.029148525099126327, -0.053898934813334104, 0.32359595998144974, 0.3851630372381777, -0.2077993885992456, -0.05936563102403461, 0.10772852263887467, -0.02429237513953511], [-0.49658670201831195, 0.14562926251610286, -0.5311020896311386, -0.17243115880120374, -0.4222527741532196, 0.08902217127629135, -0.7296207036176651, -0.35114644246841714, 0.0853732988166158, 0.531028442395066, 0.2774579991707737, 0.7953455346313322, 0.4632233576284153, -0.022949152904529493]], "inverted": true, "swapped": false, "error_lsq": 0.04094668656394328, "error_max": 0.2400146040211865, "target": "282.xyz", "model": "10.xyz", "model_rescale": 4.2482417240324, "target_rescale": 3.8258493547364063},
{"mapping": [1, 10, 9, 8, 4, 3, 12, 0, 7, 6, 2, 13], "R": [[0.3897538778158239, 0.9191269997660791, -0.05742362778973603], [-0.7727490424703047, 0.2924896258258945, -0.5633016386852218], [-0.5009499297222784, 0.2639230514472629, 0.824253474864383]], "T": [-0.04830652525927438, 0.057796429757566194, 0.0951562890616666], "aligned_model": [[-0.7065490849008578, -0.1082478303660547, 0.4670333917780184, 0.6266017241908425, -0.47516026274326933, 0.03633111622048853, -0.20198645832551465, 0.5790446266398177, 0.10672714038093882, 0.011892752117670435, -0.46301492037106695, 0.004093407741993738], [-0.21947608909284463, -0.6274399857233472, -0.30141425133670213, -0.3558737206368072, 0.5371740077440827, 0.8853637950317359, 0.18084360091639812, 0.40389035801658585, -0.2898825765957319, 0.3826077212211572, 0.0327312005750822, 0.037607329931030775], [0.07355578166920512, 0.049118397004364406, 0.4718311192981943, -0.24912399882111483, -0.013966814888635298, 0.39192140886429905, 0.5650407464722679, -0.0878967511049584, -0.5548818873513852, -0.5668193957651638, -0.49808746677957827, -0.015498848743137936]], "inverted": false, "swapped": true, "error_lsq": 0.04169312545782186, "error_max": 0.24408328432898102, "target": "282.xyz", "model": "11.xyz", "model_rescale": 3.6694154284099745, "target_rescale": 3.8258493547364063},
{"mapping": [11, 12, 5, 9, 7, 8, 6, 0, 4, 3, 1, 2, 10, 13], "R": [[-0.35987955286112633, 0.265735911239793, 0.894355149205299], [-0.9255494131597974, -0.22257325586926052, -0.3062995748794165], [0.11766474081911871, -0.9380008375525652, 0.32605128050454896]], "T": [0.030711516923760084, -0.0006955823966188837, -0.07656816818897644], "aligned_model": [[-0.05818738321315984, 6.394485436263947e-05, 0.037829349884291014, -0.6601044737890248, -0.5648156063336305, -0.19452324192335368, 0.18410763014455295, 0.6598876984701695, 0.6372418579521769, 0.44976131632559174, 0.6271611155654657, 0.011675955340674442, -0.5055344627281385, 0.14922808409909438], [0.6551789789728807, -0.6149130124771228, -0.6149293497003391, 0.40486536312413046, -0.23412304587740365, 0.5953548267208165, 0.0476177575248714, -0.29219796734117237, 0.4219973635656325, 0.5302574027044565, -0.11155773744276073, 0.030584782365642056, -0.19227505380539772, -0.029721467379488373], [-0.40360668917677495, 0.21250997899278684, -0.5935178833784784, -0.131156201070902, -0.45475381470037934, 0.3315875184173849, -0.6187768799301787, -0.2494888337318069, -0.11018763570405954, 0.45609973382583685, 0.5137122337898081, 0.5753311795387794, 0.2049746220762882, -0.07173628610819321]], "inverted": true, "swapped": false, "error_lsq": 0.04618743856595163, "error_max": 0.26951899107502414, "target": "282.xyz", "model": "12.xyz", "model_rescale": 3.9764082729961374, "target_rescale": 3.8258493547364063},
{"mapping": [12, 3, 14, 10, 11, 1, 13, 6, 5, 0, 4, 7, 8, 15], "R": [[0.7549067945955805, 0.44556604449604353, -0.4812344869869321], [0.23636464915334815, -0.869307226899415, -0.43409295996487174], [-0.6117577004860998, 0.2139529042864312, -0.7615619939593627]], "T": [0.0940880745876626, 0.14000081289766753, -0.011077137989745862], "aligned_model": [[-0.02543749614961502, -0.2105580650392021, 0.07135263135951975, -0.6403824045066995, -0.48653130819934226, -0.3223663093457303, 0.08252467536125602, 0.6302140834288632, 0.857058757747059, 0.3841825037659879, 0.6789432596554534, 0.16608121342541554, -0.5412730180530745, 0.12998326119918097], [0.6187286065151067, -0.6072097010978832, -0.5404634909707879, 0.3415115689250845, -0.28704451848216966, 0.6051507381588326, 0.06493182436282358, -0.2143239034075043, 0.4865699849687669, 0.3959449522442775, -0.11394252180345776, -0.14318890251028638, -0.05594934921673542, 0.04542355326867753], [-0.41573362503323125, 0.22831923771081725, -0.4297171627808633, -0.2681635621790101, -0.34433096921773493, 0.10521504314547234, -0.6182933111485189, -0.424213560686288, -0.03535575911934886, 0.6032890013734891, 0.31956000003231644, 0.6858118574538902, 0.22886588144248635, 0.02573797184663515]], "inverted": false, "swapped": false, "error_lsq": 0.03915571955606824, "error_max": 0.21695500101367043, "target": "282.xyz", "model": "13.xyz", "model_rescale": 4.170626492500431, "target_rescale": 3.8258493547364063},
{"mapping": [10, 2, 6, 1, 3, 7, 11, 5, 12, 8, 4, 4, 0, 13], "R": [[0.12681706720756986, 0.9457621181226983, 0.29908434828479125], [0.6787236053276582, -0.3026182278688407, 0.6691460795166836], [0.7233613889584488, 0.11813646382717735, -0.6802882307364387]], "T": [-0.04035996737282327, 0.057317344770033515, -0.050650643530176315], "aligned_model": [[0.11109552457565516, -0.22436319185176137, 0.2607542525702716, -0.7589301442326006, -0.4244663857899385, -0.34570925820981313, 0.14889962652980718, 0.7365048458994796, 0.647560485185054, 0.2788655438859315, 0.4004700458724262, 0.4004700458724262, -0.47206419145050316, 0.014704585792637295], [0.5813258665188465, -0.493502695810268, -0.6262456200189406, 0.30716200947487826, -0.3285121793963102, 0.7236912882364183, 0.030077595806538668, -0.2064520897060909, 0.3071835933050384, 0.5068053552520574, -0.15424292743723594, -0.15424292743723594, 0.07890611832886889, 0.024185453838180333], [-0.19488866926575477, 0.25865868952140303, -0.437382031895611, -0.16041864588777704, -0.47381898124252486, 0.29595775357412757, -0.7311640183607986, -0.44324022017703824, -0.05684983555667919, 0.4469555202172417, 0.46313363147130704, 0.46313363147130704, 0.3604743913407207, -0.1295601723698124]], "inverted": false, "swapped": false, "error_lsq": 0.04970826482847711, "error_max": 0.430165786336596, "target": "282.xyz", "model": "14.xyz", "model_rescale": 3.9786697098870705, "target_rescale": 3.8258493547364063},
{"mapping": [0, 7, 5, 3, 9, 11, 2, 1, 12, 4, 10, 13], "R": [[0.8317412993907296, -0.3202923114185383, -0.45345258421800916], [-0.4473559243300774, 0.09700806285653579, -0.8890793624348753], [0.32875384082106585, 0.9423387241257745, -0.0625990507787845]], "T": [0.010461024940653076, -0.029629487909913686, -0.016543346279677528], "aligned_model": [[-0.018259171325676886, -0.7341727747893138, 0.5783148990820581, 0.6634342183726585, 0.13849277177193675, 0.25442239022773516, -0.4975046345020015, -0.10505491622883259, 0.48935002205619776, 0.1693825903867443, -0.3560580597051979, -0.0989927385789715], [-0.3994406585797322, -0.03420351928322732, -0.01188773189948603, -0.6073946992125187, 0.4842136988946888, 0.661703691507885, -0.3084677453192335, 0.18004353644103574, 0.0844822884231112, -0.5163242178193077, 0.5455869533650404, -0.06363710629381675], [-0.656288403982637, -0.1304088031652989, -0.5595015909767643, -0.1576609568788623, -0.5225715297000767, 0.09183494582566461, 0.4179328758162141, 0.656749449722196, 0.11458011621761759, 0.3856842052513035, 0.08371232159730198, -0.06409613585282864]], "inverted": true, "swapped": true, "error_lsq": 0.04186320824381146, "error_max": 0.23841178851624645, "target": "282.xyz", "model": "15.xyz", "model_rescale": 3.769337070930944, "target_rescale": 3.8258493547364063},
{"mapping": [10, 8, 1, 2, 11, 9, 12, 0, 4, 6, 13], "R": [[0.6633371831772213, -0.5106244421708113, -0.547034240676265], [0.561852177425181, 0.8226894352539582, -0.08662692332125588], [0.4942731149244241, -0.24988951994685893, 0.832615947291208]], "T": [0.07992919870401159, 0.08631197781667765, 0.036895236573695034], "aligned_model": [[-0.2155206528044883, -0.2613990961194231, -0.15607235870434455, -0.5479018911268729, 0.38697833178877106, 0.39105301117130553, 0.5272312891664928, 0.14687495860355188, 0.07279447312634561, -0.40202071222320024, -0.01939122218696701], [0.03962744057253588, -0.6817834382216101, 0.6883991872715266, 0.4086213143704791, 0.1848985102197562, -0.41964611851105416, 0.31852651592503345, -0.5033153035268572, 0.5592534064397467, -0.015528928694689303, 0.017011911780475078], [-0.5842257918016294, -0.15977067847431692, -0.26711817771006646, 0.1996658934710852, -0.6303424215489297, -0.3917069674735575, -0.03758146872740914, 0.4781625306348188, 0.4843215747333124, 0.5888833238356386, 0.0639297902848312]], "inverted": true, "swapped": true, "error_lsq": 0.036152314014959525, "error_max": 0.17787611216506172, "target": "282.xyz", "model": "16.xyz", "model_rescale": 3.7852294659196426, "target_rescale": 3.8258493547364063},
{"mapping": [9, 10, 1, 11, 8, 7, 6, 2, 12, 3, 0, 4, 13], "R": [[-0.9654786918187738, -0.13570307596080894, 0.22234111364901576], [-0.259182589014987, 0.4153209842965128, -0.8719706792974546], [0.02598617315800858, -0.8994960562324612, -0.4361554351683025]], "T": [0.0763417250782984, 0.052706499856004604, -0.020773878167756086], "aligned_model": [[-0.1594655653355454, -0.3201310195878799, 0.23977826455512985, 0.18317726398901507, -0.7280989779599593, -0.6156060310968657, -0.18360619277497076, -0.09954959257306545, 0.5233560933174201, 0.701074881226732, -0.16038660645411823, 0.5053722489680068, -0.03214891605761537], [-0.24937410771966306, -0.5021144494700758, -0.3800856950328451, -0.6417766921301693, 0.10467206199553963, 0.13289329407057748, 0.6539407239457249, 0.17947639894442663, -0.12330220717410163, 0.6112363950048304, 0.629313322630132, 0.35351524681517493, 0.10666133182332341], [-0.64498033403979, 0.08044108905492767, 0.5238446236845926, -0.2563239377956031, -0.3295258672700314, 0.26600851406162934, 0.32314853044774167, 0.670269615105116, -0.19032806157488782, -0.2997965485503201, -0.41869743798964654, 0.3656995809724528, 0.005994931036992779]], "inverted": false, "swapped": true, "error_lsq": 0.04407425622828738, "error_max": 0.3044986703547073, "target": "282.xyz", "model": "17.xyz", "model_rescale": 3.901054581598922, "target_rescale": 3.8258493547364063},
{"mapping": [5, 7, 12, 2, 3, 8, 9, 11, 10, 4, 6, 1, 0, 14], "R": [[0.3348078598282506, -0.44699261659903444, 0.8295187144984587], [-0.941517147977212, -0.19425782725050983, 0.275334989815621], [0.038067795603153654, -0.8731904129443131, -0.48589026094382337]], "T": [0.044806783269400546, 0.09009043645710227, -0.04265956857272316], "aligned_model": [[-0.07514277287146096, 0.025944528645793025, 0.05272555508460779, -0.7149074654243379, -0.5415410319751754, -0.1765786118099649, 0.31154930544870896, 0.6750483804508588, 0.7617793977723543, 0.4103442639222763, 0.5481559714321409, -0.014508105079858696, -0.5517664451045714, 0.06268881415770106], [0.5725721006282374, -0.5299954687134433, -0.5244953653687963, 0.37072562209160476, -0.3402687144184632, 0.6569848584536616, 0.20904050873113145, -0.3308100787775179, 0.4722820822927052, 0.5580422380890161, -0.31858787806213695, -0.06364671194374522, -0.19646608205119118, 0.06076173000368239], [-0.42069342250102243, 0.19146584516227427, -0.46002833755785866, -0.20944162667162475, -0.27588291716447566, 0.22198637092874166, -0.6333277736605867, -0.2923979804842107, -0.15371614890515065, 0.4798128531848302, 0.335952865570379, 0.6344904758469216, 0.3281372267038111, -0.0853663876119174]], "inverted": false, "swapped": false, "error_lsq": 0.04349815391295444, "error_max": 0.3275268799542172, "target": "282.xyz", "model": "18.xyz", "model_rescale": 3.9405287249114394, "target_rescale": 3.8258493547364063},
{"mapping": [10, 7, 9, 14, 13, 3, 11, 5, 2, 1, 8, 0, 12, 15], "R": [[0.3797843154999893, 0.024302504059838748, -0.9247557850571289], [0.5393246548974219, -0.8180039721268372, 0.19999604547213848], [-0.7515935007169645, -0.5746989558726712, -0.32377201824567897]], "T": [-0.024038493834837596, -0.01272564270253567, 0.08203115562034051], "aligned_model": [[0.05858257955505895, -0.02023273771688751, 0.18365016327847822, -0.5589045462175435, -0.49420584442805354, -0.2717105482699614, -0.00655297919623378, 0.7201001500958245, 0.6380812864586348, 0.18204844592067138, 0.5789852884572905, 0.24100215205472186, -0.4763088731598427, -0.000742752183085664], [0.5913304437673045, -0.7167205608834858, -0.5560063114989997, 0.35418309943551524, -0.27773858120541045, 0.792320447722287, -0.0018817575170582343, -0.13266008258295242, 0.5033900427183714, 0.43687668111112926, -0.4223690071886343, -0.14086393363279878, 0.1522234893741793, 0.014054871335298567], [-0.4141482873004324, 0.08054107605509159, -0.41868970830992297, -0.34109440851801265, -0.31801965394538784, 0.20847458414692915, -0.6382395357393204, -0.26887631295004194, -0.14279606430571296, 0.5189583207897773, 0.2840875523479937, 0.7033268117936858, 0.3435313468664414, 0.0639353219090236]], "inverted": false, "swapped": false, "error_lsq": 0.03713017964532985, "error_max": 0.23153503167020625, "target": "282.xyz", "model": "19.xyz", "model_rescale": 4.410303926677745, "target_rescale": 3.8258493547364063},
{"mapping": [9, 0, 3, 11, 6, 12, 10, 5, 8, 7, 1, 2, 4, 13], "R": [[-0.12698881662786998, 0.991556733972485, -0.026250405049680348], [-0.6429292744996061, -0.10243494707024023, -0.759044813966954], [-0.7553249555276615, -0.07951304881927346, 0.6505089443079168]], "T": [0.03779298257863417, -0.01773747971252001, 0.005366982760945865], "aligned_model": [[0.059402539940574914, 0.07267286457602386, 0.05545798114826323, -0.6111478139461916, -0.44870392448622914, -0.1337779812274364, 0.14702485282314445, 0.6602549705641013, 0.6147330381859554, 0.3554274118646784, 0.6457029119312194, -0.12155729981706914, -0.6091577626045607, 0.08745999569659783], [0.5905162129234879, -0.6872465603794986, -0.6542245564706543, 0.36548541729044653, -0.2862064572523264, 0.6785572666027946, 0.15581668137199203, -0.10486903864303562, 0.4641087533271586, 0.3450488208785509, -0.17776991405719622, -0.172851599903643, 0.052647302189354796, 0.02712651307731409], [-0.31621846344876087, 0.25775627979837734, -0.3418143022298023, -0.3398132285954684, -0.16121930327002168, 0.2428790201841414, -0.7902971201746897, -0.5460130022946409, -0.15594625708183293, 0.5291490313243604, 0.4151901506329521, 0.6291905355159181, 0.27293774124807324, -0.034790038768494416]], "inverted": true, "swapped": false, "error_lsq": 0.04557652398139256, "error_max": 0.2329095931766634, "target": "282.xyz", "model": "20.xyz", "model_rescale": 4.121658175737393, "target_rescale": 3.8258493547364063},
{"mapping": [2, 6, 4, 1, 12, 7, 0, 10, 8, 9, 5, 11, 13], "R": [[-0.55488484484348, -0.6471658271517299, 0.5227611320001182], [-0.7869791494657427, 0.6120803349565052, -0.07759820787691743], [-0.26975290039071687, -0.4544601805731171, -0.8489401139092476]], "T": [0.14742002703269125, 0.047245047756936435, 0.0597647477318762], "aligned_model": [[0.17841750949326216, -0.2772503830030441, 0.4213851616828303, 0.7046984063241903, 0.5227418136940738, -0.3136239725925503, -0.4977734783183881, 0.21073733406951828, -0.5827557785033182, -0.06362069815494675, -0.016583164771773018, 0.5497931785158658, 0.04491697622857463], [-0.3733010423122181, 0.007221182655549073, 0.2807662949749774, -0.3651028726143761, 0.3405758861064379, -0.5209775060020119, 0.40808131126997144, -0.5603467165939782, -0.2901033298595566, 0.06818809560563766, 0.6770944028858482, -0.12095704237520369, -0.010311759577893917], [0.6486022590569013, 0.6642407757291243, 0.6022827284384001, 0.2330849701309388, -0.12090098561005128, 0.23872653008856695, 0.07929477763097023, -0.25974199583805474, -0.2535919503888687, -0.6413163262510205, -0.3806545873227058, -0.5394084081729993, 0.09949195199058776]], "inverted": false, "swapped": true, "error_lsq": 0.04689238770570425, "error_max": 0.29854579526229036, "target": "282.xyz", "model": "21.xyz", "model_rescale": 4.08911054899281, "target_rescale": 3.8258493547364063},
{"mapping": [2, 10, 12, 11, 9, 1, 14, 13, 4, 0, 7, 6, 8, 16], "R": [[0.6348958147453911, -0.6941200425490459, -0.33927079295232176], [-0.5933759380440733, -0.7193131899886984, 0.3612388833702693], [-0.4947851054438709, -0.028033930156041914, -0.8685630651777132]], "T": [-0.0069301202203262, 0.06450093609220328, -0.08993804208737506], "aligned_model": [[0.14032675760566116, -0.08640505444991135, 0.29718696531830385, -0.7312694559898465, -0.3397088348691429, -0.2449974032051475, 0.05469762236972246, 0.6201613522147282, 0.5696109470807015, 0.458486699301018, 0.44303188979489905, 0.01890502172887064, -0.4639957178444379, 0.03776099559365355], [0.7163202920512204, -0.6986035874172088, -0.5181163482742355, 0.3118147339277777, -0.46689161523793044, 0.770972990597546, -0.05672904484401284, -0.10417235220271862, 0.45342510619142495, 0.35498373980708364, -0.3622714814282364, -0.088536382576649, 0.21201740840839675, 0.0719253819522877], [-0.36325245536147827, 0.16004321769745972, -0.42615137358250005, -0.08209952720491705, -0.42820996677231143, 0.18249467665482122, -0.7170966336832515, -0.21255766956703986, -0.1412271588255566, 0.456949810247867, 0.2581936588481354, 0.6390861365833204, 0.41015389738373126, -0.07533556957816924]], "inverted": false, "swapped": false, "error_lsq": 0.04160081010916356, "error_max": 0.2519396243333106, "target": "282.xyz", "model": "22.xyz", "model_rescale": 4.204369325754507, "target_rescale": 3.8258493547364063},
{"mapping": [10, 7, 9, 14, 13, 3, 11, 5, 2, 1, 8, 0, 12, 15], "R": [[0.3797843154999893, 0.024302504059838748, -0.9247557850571289], [0.5393246548974219, -0.8180039721268372, 0.19999604547213848], [-0.7515935007169645, -0.5746989558726712, -0.32377201824567897]], "T": [-0.024038493834837596, -0.01272564270253567, 0.08203115562034051], "aligned_model": [[0.05858257955505895, -0.02023273771688751, 0.18365016327847822, -0.5589045462175435, -0.49420584442805354, -0.2717105482699614, -0.00655297919623378, 0.7201001500958245, 0.6380812864586348, 0.18204844592067138, 0.5789852884572905, 0.24100215205472186, -0.4763088731598427, -0.000742752183085664], [0.5913304437673045, -0.7167205608834858, -0.5560063114989997, 0.35418309943551524, -0.27773858120541045, 0.792320447722287, -0.0018817575170582343, -0.13266008258295242, 0.5033900427183714, 0.43687668111112926, -0.4223690071886343, -0.14086393363279878, 0.1522234893741793, 0.014054871335298567], [-0.4141482873004324, 0.08054107605509159, -0.41868970830992297, -0.34109440851801265, -0.31801965394538784, 0.20847458414692915, -0.6382395357393204, -0.26887631295004194, -0.14279606430571296, 0.5189583207897773, 0.2840875523479937, 0.7033268117936858, 0.3435313468664414, 0.0639353219090236]], "inverted": false, "swapped": false, "error_lsq": 0.03713017964532985, "error_max": 0.23153503167020625, "target": "282.xyz", "model": "23.xyz", "model_rescale": 4.410303926677745, "target_rescale": 3.8258493547364063},
{"mapping": [5, 1, 10, 2, 3, 12, 8, 9, 14, 13, 11, 7, 0, 16], "R": [[-0.5304181737080007, -0.35047733689173877, -0.7718951984081415], [0.8108661420251374, -0.4753621220064206, -0.3413604439281489], [-0.2472906401737418, -0.8069674648254587, 0.5363309146372539]], "T": [0.17476303327854043, 0.10521251208551019, -0.04338432174299413], "aligned_model": [[-0.11232440793122528, -0.1454237001109776, 0.2116545734497771, -0.6997716980834834, -0.5731997852042976, -0.23320432590987533, 0.23812257516226454, 0.6549473919151669, 0.8147232622257354, 0.409281037834615, 0.591072125255824, 0.05643740978301587, -0.5147773408539638, 0.0762546671164959], [0.6028025829123212, -0.6157725157149406, -0.4339433336262547, 0.2001995282965052, -0.34646212244200086, 0.6815291828422378, -0.05039945424626571, -0.06387840300598552, 0.299523183959972, 0.4837165344734893, -0.3202905581635431, -0.05100215233336991, 0.17338800448604488, 0.03672836351653523], [-0.29948382572949334, 0.29424920002175947, -0.4063360190447709, -0.28640782178211516, -0.25737645086392685, 0.3407999616789197, -0.8480439713098757, -0.4084202484442385, 0.06075144625333083, 0.5006033935634218, 0.17191863633339072, 0.591853367730159, 0.25706864589639933, -0.05018527146284881]], "inverted": true, "swapped": false, "error_lsq": 0.04331136406883034, "error_max": 0.214151805099299, "target": "282.xyz", "model": "24.xyz", "model_rescale": 4.28219845311461, "target_rescale": 3.8258493547364063},
{"mapping": [1, 13, 7, 5, 9, 8, 3, 4, 0, 6, 2, 14, 11, 15], "R": [[0.2814933600984524, 0.5687564621997421, -0.7728373534751773], [-0.9264038899560605, -0.04881684543292984, -0.37335338256972694], [-0.25007463065005714, 0.8210560287264267, 0.5131565811691661]], "T": [0.0019456564656915865, -0.034309614475630655, 0.013141176332985356], "aligned_model": [[0.05185460337357642, 0.15095638671785908, 0.08036051332355924, -0.6310207586812252, -0.5014008486812982, -0.17645623269914215, 0.004523824942167548, 0.5850548059454447, 0.706678830732458, 0.3676756787178467, 0.5555216560209887, -0.012996397950583466, -0.47544861829435425, 0.06848834118177474], [0.47269539075264677, -0.5986064529755077, -0.6212088111478383, 0.4743085833383114, -0.32285320668175754, 0.6250547805997472, 0.07544772166875821, -0.11603404797893063, 0.376626902989304, 0.5786845978045029, -0.1678343306057404, -0.12564348478633794, -0.05260904463668153, -0.001889757385731057], [-0.3745860738554578, 0.12396237135345037, -0.4917810443304575, -0.24365003664499066, -0.3336420052545381, 0.13706622375328475, -0.7536652040979674, -0.4203947619550365, 0.007099344037652295, 0.5633018633104524, 0.39327902933719033, 0.7691699350707182, 0.2743631289531759, 0.010468273162635443]], "inverted": false, "swapped": false, "error_lsq": 0.03554660270860912, "error_max": 0.2114069329649422, "target": "282.xyz", "model": "25.xyz", "model_rescale": 4.100010024507729, "target_rescale": 3.8258493547364063},
{"mapping": [1, 10, 9, 8, 4, 3, 12, 0, 7, 6, 2, 13], "R": [[0.3897538778158239, 0.9191269997660791, -0.05742362778973603], [-0.7727490424703047, 0.2924896258258945, -0.5633016386852218], [-0.5009499297222784, 0.2639230514472629, 0.824253474864383]], "T": [-0.04830652525927438, 0.057796429757566194, 0.0951562890616666], "aligned_model": [[-0.7065490849008578, -0.1082478303660547, 0.4670333917780184, 0.6266017241908425, -0.47516026274326933, 0.03633111622048853, -0.20198645832551465, 0.5790446266398177, 0.10672714038093882, 0.011892752117670435, -0.46301492037106695, 0.004093407741993738], [-0.21947608909284463, -0.6274399857233472, -0.30141425133670213, -0.3558737206368072, 0.5371740077440827, 0.8853637950317359, 0.18084360091639812, 0.40389035801658585, -0.2898825765957319, 0.3826077212211572, 0.0327312005750822, 0.037607329931030775], [0.07355578166920512, 0.049118397004364406, 0.4718311192981943, -0.24912399882111483, -0.013966814888635298, 0.39192140886429905, 0.5650407464722679, -0.0878967511049584, -0.5548818873513852, -0.5668193957651638, -0.49808746677957827, -0.015498848743137936]], "inverted": false, "swapped": true, "error_lsq": 0.04169312545782186, "error_max": 0.24408328432898102, "target": "282.xyz", "model": "26.xyz", "model_rescale": 3.6694154284099745, "target_rescale": 3.8258493547364063},
{"mapping": [0, 9, 10, 5, 8, 1, 4, 2, 2, 6, 12, 3, 7, 13], "R": [[-0.06308409053899489, -0.775891531613991, 0.627704332222236], [-0.34476300890991596, -0.5732941090536041, -0.7432848257645354], [0.9365675977783179, -0.26329868152751856, -0.23133296154595273]], "T": [0.012806101830571293, -0.03974178792228316, -0.04236987615900952], "aligned_model": [[0.06000088321264793, -0.010910852952565359, 0.18993300175779868, -0.586093332938663, -0.4191646044098146, -0.16141825924449132, 0.030057042032782394, 0.6208320472290321, 0.6208320472290321, 0.3510384174900759, 0.6009138837952078, -0.08830185588362509, -0.4969260035281232, 0.06299937085977769], [0.527085943985604, -0.6638935679623602, -0.45992107973060936, 0.4586692278992554, -0.3782859292836542, 0.7648173812303388, 0.005104859299426008, 0.18794888972894427, 0.18794888972894427, 0.38150720668931226, -0.19560810022629901, -0.13640078847405557, -0.06350792225136537, -0.01932616967873612], [-0.3791373301737937, 0.2310082447632227, -0.43475507459322676, -0.17979049346945533, -0.3697020709246995, 0.27696861046009197, -0.8628707922974604, -0.24384208574712024, -0.24384208574712024, 0.3811140278877923, 0.4671080358635156, 0.7534098916365402, 0.32605498231838526, -0.060732817136560154]], "inverted": false, "swapped": false, "error_lsq": 0.04607874335572241, "error_max": 0.33726738168808523, "target": "282.xyz", "model": "27.xyz", "model_rescale": 4.103607728864725, "target_rescale": 3.8258493547364063},
