[{"mapping": [2, 8, 3, 4, 6, 11, 9, 10, 0, 1, 7, 12], "R": [[-0.715660277595946, -0.5724417126965085, -0.40017602706356836], [0.6803647707444753, -0.4418290413310586, -0.5847143550198635], [0.1579054964246367, -0.6907225085383897, 0.7056686689922709]], "T": [-0.1317324410307253, -0.14420964012070478, 0.04237656072825806], "aligned_model": [[-0.314236021133637, 0.1859187109979803, 0.5046587308741295, -0.05899805811118147, -0.11183670627050019, -0.5630112643830223, 0.33616498215284235, -0.32025053456453195, 0.6364334392235633, 0.1509130537593572, -0.5230286201239678, -0.08508524996048301], [-0.41564290369573276, -0.6943276792035856, -0.1444426976200822, 0.6842737814139542, 0.27904368615145514, -0.5896266431936205, -0.3629333969231413, -0.5020355098041723, 0.26553353631006615, 0.39286244267278925, 0.25495845960764163, -0.11410803973851448], [-0.6098873200199065, -0.06558112717344476, -0.5204747244910337, -0.10792190491128735, -0.6214035455651619, 0.04034739907469308, 0.4183915253719109, 0.6647459401291507, 0.04603864054855482, 0.4417279450218037, 0.4669552751446044, 0.029013642223679068]], "inverted": false, "swapped": true, "error_lsq": 0.037558313821821274, "error_max": 0.19618016828478277, "target": "283.xyz", "model": "0.xyz", "model_rescale": 3.751011558992144, "target_rescale": 3.956465584585827},
{"mapping": [4, 1, 9, 10, 6, 12, 11, 0, 5, 8, 2, 13, 14], "R": [[-0.827583492780964, -0.1179832924123593, 0.5488037036937709], [-0.225674457917799, -0.8252461811107952, -0.517725583302155], [0.513981129536842, -0.5523121248656313, 0.6563343014093075]], "T": [0.04692127880155411, -0.07115356957081387, -0.08951298148230127], "aligned_model": [[-0.3815807832455858, 0.339300113354191, -0.2433169636469092, -0.5046069209459647, 0.39413658059708384, 0.5494753347658587, 0.25387066182299545, 0.5301750927720617, -0.45905771572186255, -0.39068615839985177, -0.07771105970996611, -0.010260969887358827, 0.062414851682436004], [-0.6325649890701083, -0.6963098887362359, 0.506920855980274, 0.045471015234561096, -0.27335038963454833, 0.4735875820668952, 0.35219520318818204, -0.4436820136416313, 0.16569002182804882, -0.486817804392859, -0.07849032178007678, 0.5012665616489735, -0.020815718550859917], [-0.44557080092592016, -0.18636205555644544, -0.21513679482396358, -0.6850539953773108, -0.7237713873590337, -0.14120052953267884, -0.7334685377105032, 0.36125617023575884, 0.18972959641365847, 0.18642401664534072, 0.7278920920597451, 0.35384644619436334, -0.1046741950697821]], "inverted": true, "swapped": false, "error_lsq": 0.039556178055144456, "error_max": 0.257335754553577, "target": "283.xyz", "model": "1.xyz", "model_rescale": 3.9405287249114394, "target_rescale": 3.956465584585827},
{"mapping": [10, 11, 4, 3, 9, 2, 8, 5, 7, 6, 0, 1, 12], "R": [[0.8587335414616593, 0.10307534220409943, 0.501948382404232], [-0.4935241092406194, -0.09720700533683561, 0.8642827961446982], [0.13787914406091487, -0.9899122546685402, -0.03260474950183309]], "T": [-0.028435726093347886, -0.01444478828596181, -0.07335102938947224], "aligned_model": [[-0.12724101779232902, 0.12962122643498575, -0.22057244593211953, -0.493893102527261, 0.4305364616118174, 0.5577915810429404, 0.14314267709052536, 0.6041724572299367, -0.7843794956286214, -0.3301076320676755, 0.15383651160108774, -0.03568201378677655, 0.034926856160616936], [-0.43677689421575266, -0.7091619946682703, 0.5917546491134117, -0.06336374641634267, -0.3366264764121038, 0.25619619428199525, 0.16444311366277398, -0.3042627002553021, 0.16400896003825538, -0.3418359391729046, -0.2153048283630462, 0.5975359181911207, 0.04649385835678071], [-0.7967874301501457, -0.0738913542914777, -0.36881920850372285, -0.4016131880791206, -0.6529410550450069, 0.1440440727724615, -0.8076872876574501, 0.1361453779088257, 0.08668999711929401, 0.23836164095962226, 0.719972400204016, 0.4292954055652989, -0.06885934560936621]], "inverted": true, "swapped": false, "error_lsq": 0.053504676808992145, "error_max": 0.34493652462249363, "target": "283.xyz", "model": "2.xyz", "model_rescale": 3.932901565614263, "target_rescale": 3.956465584585827},
{"mapping": [5, 12, 0, 4, 6, 1, 2, 10, 7, 9, 8, 3, 13], "R": [[0.974625638347349, 0.18510280744655636, -0.12586427511977097], [-0.2038196991264903, 0.5014215505898996, -0.8408531137196364], [-0.09253321200525394, 0.8451706214010422, 0.5264258973460242]], "T": [0.035975451164271095, 0.018826062281650645, 0.026401713196349735], "aligned_model": [[-0.25514788608952016, 0.2289306138302367, -0.07091001908382907, -0.43252296156068953, 0.2825546046766462, 0.6036745388816396, 0.19694014400452325, 0.6671688291211683, -0.6752075991949729, -0.3273893549676282, -0.18307644935061898, -0.03853803798835014, 0.06567564115852259], [-0.5196437343151661, -0.7088062495004039, 0.6293348200090221, 0.19733686093679972, -0.30027497756323385, 0.4488604337181892, 0.3147384084445847, -0.319049806193463, -0.031820418428992074, -0.5715775463498018, -0.049345627414345485, 0.4082398574914531, -0.08489190669402794], [-0.35055606469643363, -0.10185324464461945, -0.22816631726119033, -0.6890488697061092, -0.5250196394050819, -0.17745315208824972, -0.735652159063014, 0.002313180099008272, 0.06376680680642371, 0.2696763233975195, 0.7236503138666676, 0.3481005072814678, -0.01584765939315999]], "inverted": false, "swapped": false, "error_lsq": 0.04604481201999629, "error_max": 0.23739687638195625, "target": "283.xyz", "model": "3.xyz", "model_rescale": 3.9243930471874484, "target_rescale": 3.956465584585827},
{"mapping": [1, 5, 4, 7, 0, 3, 2, 6, 8, 9, 11, 10, 12], "R": [[-0.0034710588739269447, -0.9801504930468748, 0.19822452605634305], [0.9246428271349142, 0.07234288025333045, 0.373901256890914], [-0.38081963444424277, 0.18458471945591914, 0.9060380165120736]], "T": [-0.04240858613199479, -0.02512346650116539, -0.003890368287273474], "aligned_model": [[-0.2583151887222946, 0.3924278426529535, -0.1413082255170798, -0.4650489521395318, 0.41165744729251025, 0.509282194966223, 0.16562973009996212, 0.6086893556976717, -0.6084563692952261, -0.5612475013704888, 0.0027747336875297846, -0.013269044477371941, 0.019336040562270167], [-0.5280858171797541, -0.6325717956869654, 0.48731119598717787, 0.12423192039411596, -0.29917346561966635, 0.31308237759736673, 0.2539831492923049, -0.13646373440288953, 0.23034562317094795, -0.3923053494973657, -0.3606093620353376, 0.46675034512176294, -0.11339497300108248], [-0.4627732648308985, -0.1285776063905187, -0.2867275077333407, -0.6687112827736877, -0.6687535035518763, -0.18884295527515949, -0.8583106666845354, 0.2879851696145095, 0.09936572264357947, 0.30216687572172235, 0.7113311099243631, 0.5004297285466746, -0.054671794017604004]], "inverted": false, "swapped": false, "error_lsq": 0.03803738845930914, "error_max": 0.19756695967957563, "target": "283.xyz", "model": "4.xyz", "model_rescale": 3.8936222436046832, "target_rescale": 3.956465584585827},
{"mapping": [4, 7, 5, 6, 11, 10, 9, 8, 3, 0, 2, 12], "R": [[0.453021085128864, 0.002498696504741993, 0.8914963000172482], [0.3608093053648179, -0.9149502076889743, -0.18078374543099934], [0.8152230011419108, 0.4035590092733404, -0.4153932888763321]], "T": [-0.18161826247944524, -0.02008965666960939, 0.004079248975439438], "aligned_model": [[0.1504843055065197, -0.6598950854458117, -0.30995328366993047, 0.3865226457750599, -0.5698908951983667, -0.8218722468901308, -0.171968682939156, -0.007212617894337303, 0.6459841598967205, 0.427763419899158, 0.09158689228599093, -0.1340005691106192], [-0.5861611567069774, -0.4277733414422945, 0.05275207038911829, 0.02607616184004165, 0.46325770720623227, -0.03546017165439176, -0.22403817219616218, 0.34876741094276487, 0.08103174187625868, -0.5912330338347683, 0.6127930176011869, -0.051089328911201146], [-0.5284013987223294, -0.30858710695770586, -0.6871714347766062, -0.5392695096889015, -0.0005614526318784771, 0.37926007435907655, 0.6094446119396352, 0.502791699688165, 0.16730927225691467, 0.24990623884602714, -0.23519090685571636, 0.009754631818837362]], "inverted": true, "swapped": true, "error_lsq": 0.03941452905667233, "error_max": 0.22554256158065064, "target": "283.xyz", "model": "5.xyz", "model_rescale": 3.6523030999806103, "target_rescale": 3.956465584585827},
{"mapping": [11, 9, 2, 4, 9, 6, 10, 8, 3, 7, 5, 1, 12], "R": [[0.9167410899663023, -0.2896482706578287, 0.27511752629072106], [0.03998312870278092, -0.6187003773406249, -0.7846089424023318], [0.3974759406385917, 0.7302833165172938, -0.5556070142015569]], "T": [0.013041381150724283, 0.010705337241310273, -0.040168124763521565], "aligned_model": [[-0.4398218088062871, 0.3483963197263583, -0.23328713770044196, -0.3380901062924909, 0.3483963197263583, 0.5167414935871728, 0.2919622266311137, 0.6146821830952759, -0.6581663221883745, -0.3746701171850811, 0.08384317311747524, -0.04339395039405167, -0.054440209879899726], [-0.5287278252888349, -0.553082587290829, 0.6989742758342274, 0.17107144985031342, -0.553082587290829, 0.4056657527619197, 0.09491119799393431, -0.15232772770902198, 0.045905521819669406, -0.5331002029221862, -0.21603521823705724, 0.559228482549603, -0.0263004179302935], [-0.5678951351445184, -0.3440482269507449, -0.24466693448594518, -0.4645747580522925, -0.3440482269507449, -0.1538207929038089, -0.763898445144261, 0.21508012270334842, 0.1355642539601548, 0.1039616370585132, 0.5981729727246494, 0.3821022606626546, 0.03198129771622325]], "inverted": true, "swapped": false, "error_lsq": 0.055436004251659884, "error_max": 0.39684932428948827, "target": "283.xyz", "model": "6.xyz", "model_rescale": 4.08911054899281, "target_rescale": 3.956465584585827},
{"mapping": [0, 6, 11, 9, 2, 13, 1, 7, 8, 4, 5, 12, 14], "R": [[-0.9608758913271315, -0.25525539673852965, 0.10752768900216733], [-0.09536848259590713, -0.059581124169228505, -0.9936573565218976], [0.26004302335122387, -0.9650361506589207, 0.03290674593101012]], "T": [-0.05014050309040181, -0.014000530367052313, -0.04073222921961406], "aligned_model": [[-0.09009444084277995, 0.06561093879656218, -0.1505415322785954, -0.5805067606339144, 0.5627728620893524, 0.5569603352173161, 0.10056200754138339, 0.5952451856770854, -0.7258004516618924, -0.41786522995258035, 0.03799057707566796, 0.24318548201121631, -0.1353669096016943], [-0.6258409002760784, -0.491649937384374, 0.5557462828845633, 0.12743772003473586, -0.31685103311699636, 0.38005834664011645, 0.14560538000489634, -0.3307138694795674, 0.003943168067592127, -0.4512096489884203, -0.14077175966205, 0.5011777253086375, 0.056168640107560355], [-0.7539721802259735, -0.12788504977388632, -0.13992529896108805, -0.6004322936205039, -0.4682346538436037, -0.15046233415685872, -0.7405613265848303, 0.24642441461745285, 0.0504304323685663, 0.3721554087046978, 0.7053664222435321, 0.35493574946240675, -0.1639292650366831]], "inverted": true, "swapped": false, "error_lsq": 0.04846312828493224, "error_max": 0.27646774623387627, "target": "283.xyz", "model": "7.xyz", "model_rescale": 3.964800864290218, "target_rescale": 3.956465584585827},
{"mapping": [7, 1, 11, 12, 2, 6, 4, 3, 9, 8, 5, 10, 13], "R": [[0.5950110073901949, -0.15036235514424334, 0.7895271136826033], [0.4347517922207932, -0.7660060417549117, -0.47352468061948055], [0.6759828254070618, 0.6250007249199389, -0.3904117231900665]], "T": [0.12519451676340668, -0.08014913639686969, -0.135901300150917], "aligned_model": [[-0.26348286889611894, 0.16188481875037034, -0.11220573632969136, -0.48754847406703294, 0.3616908049920984, 0.49134656674354993, 0.23628815272271325, 0.7095540545801137, -0.4924253278241135, -0.49432622114189617, 0.01468997081916823, -0.12990601590632048, 0.06659233899428704], [-0.5789737442381503, -0.8290857106533527, 0.6998533168933302, 0.031093625493846783, -0.3358789219470749, 0.3635270417745453, 0.29606982685570415, 0.004676674822010715, 0.1839204351192775, -0.3738878958275592, -0.27603948437155157, 0.31760681307308536, -0.08978186285349649], [-0.4629442108684281, -0.10644420162672641, -0.2854694023194033, -0.5635062725304051, -0.6991778842466787, -0.21066725762545313, -0.7200338970433877, 0.2851583250996055, 0.014663356258149407, 0.21190493602185428, 0.6693852574572405, 0.5362950520409913, -0.08525377542413008]], "inverted": true, "swapped": false, "error_lsq": 0.04093881386088169, "error_max": 0.27350863195699826, "target": "283.xyz", "model": "8.xyz", "model_rescale": 4.121658175737393, "target_rescale": 3.956465584585827},
{"mapping": [2, 6, 10, 3, 8, 7, 11, 9, 0, 1, 4, 5, 12], "R": [[0.39413322064415324, -0.4981846609932642, 0.7723153811337009], [-0.35774028412126047, 0.6909017492549474, 0.6282329679293293], [-0.8465700759544403, -0.5238958068428112, 0.09408660941394743]], "T": [0.04700567566479901, -0.020428521495947736, -0.14726264955556131], "aligned_model": [[-0.39377575845431173, 0.40133471521994063, -0.27555587651471325, -0.4949390529825379, 0.3696089449852489, 0.6588301214970578, 0.1843072592075311, 0.6449894979270985, -0.642550658526146, -0.3268580400057504, -0.10807279087234045, 0.04284022133498921, 0.0019934806210609377], [-0.43541146699684513, -0.6063058006525358, 0.6597204484453746, 0.1745224673158181, -0.42407499339043125, 0.24892622315740412, 0.29375839959385996, -0.15712509709561986, 0.05457169394641567, -0.5278777846705395, -0.22719270858798973, 0.44402280411361483, -0.08443407103791081], [-0.4876261804136497, -0.040581837832096984, -0.24642037410925818, -0.6866827219691685, -0.660633854511773, -0.23853027430816526, -0.6815537016294932, 0.41569313162697585, 0.2238320456140447, 0.13140001949450206, 0.7020471630990323, 0.2601505576500014, -0.10718394751772317]], "inverted": false, "swapped": false, "error_lsq": 0.04446273018827211, "error_max": 0.23183461066875544, "target": "283.xyz", "model": "9.xyz", "model_rescale": 3.833441315466971, "target_rescale": 3.956465584585827},
{"mapping": [6, 4, 10, 12, 5, 13, 0, 2, 11, 7, 9, 8, 14], "R": [[-0.7782049791956905, -0.4480915398319102, 0.4400124796935905], [0.6141348718144275, -0.39652118860608004, 0.6823557035798105], [-0.13128354648055263, 0.8012396139217588, 0.5837634037056446]], "T": [-0.05168795313003278, -0.09917718845860946, -0.18703066148715677], "aligned_model": [[-0.3001938463455016, 0.16247918353817675, -0.22301467287304091, -0.5111858368697099, 0.5599436525218859, 0.6543787894482116, 0.22664877306984754, 0.5473222710319839, -0.6355399496517865, -0.43433300863462637, 0.13293285695846888, -0.08898119111478991, -0.028304957641992815], [-0.6014235292985448, -0.8584897037291475, 0.7047269103492261, -0.014334465889857928, -0.2614312147050417, 0.26998247132949293, 0.31889432376864935, -0.133178571789545, 0.13292605020086004, -0.3353705472617645, -0.09459594538054017, 0.41689768897731516, -0.13150335243048702], [-0.5707271589887535, -0.30317506219209023, -0.17521971140122247, -0.5674034583281675, -0.42581008145774035, -0.21665230939429223, -0.6469957027848755, 0.20879873637079385, 0.07864209549955045, 0.3046088767285837, 0.6027821614189034, 0.39592327979538366, -0.10086164007284507]], "inverted": false, "swapped": false, "error_lsq": 0.0388693786199404, "error_max": 0.25033198431173526, "target": "283.xyz", "model": "10.xyz", "model_rescale": 4.2482417240324, "target_rescale": 3.956465584585827},
{"mapping": [5, 6, 3, 0, 11, 8, 2, 9, 1, 10, 7, 12], "R": [[-0.7312596278698564, -0.6362869963130507, -0.24576048293115568], [-0.4615990920901317, 0.19636721536548213, 0.8650816117056082], [-0.5021808785977471, 0.7460420732455524, -0.43730491664086363]], "T": [-0.0675326140088309, 0.10118547579675516, -0.06548016058436178], "aligned_model": [[-0.6838051544151534, -0.17865168032590717, 0.4751471947411876, 0.6605819004409176, -0.46066489013193557, 0.26937675999319866, -0.3259672428804966, 0.4663044879172711, 0.23223430123826397, -0.13365409630020086, -0.4183929969680251, -0.02574298094611304], [-0.24374675550143102, -0.5519029492771054, -0.20644816328852203, -0.3673469020466603, 0.5595133040505397, 0.5158161587031993, 0.10851479395443397, 0.39061809064403763, -0.261480760208612, 0.6999351920325916, -0.03988137243018697, 0.06254075341835483], [-0.036614707091938106, 0.3602795252812286, 0.5112828033318675, -0.1566303981432186, 0.07517709274461669, 0.29474260964086385, 0.6168610789353774, -0.2639796419876305, -0.6190408381648632, -0.49912609439131084, -0.6568447624588668, -0.060914377841769576]], "inverted": false, "swapped": true, "error_lsq": 0.04523695582908648, "error_max": 0.3012121660496735, "target": "283.xyz", "model": "11.xyz", "model_rescale": 3.6694154284099745, "target_rescale": 3.956465584585827},
{"mapping": [7, 9, 0, 5, 11, 4, 6, 8, 12, 10, 2, 1, 13], "R": [[0.9827758082049429, 0.15739001484306528, 0.09685088556549724], [0.14501404983275115, -0.3319300460972196, -0.9320908592240363], [-0.1145540752580445, 0.9300810866400829, -0.3490365827763286]], "T": [0.00046248471136782834, -0.037835212130883596, -0.12415958993152962], "aligned_model": [[-0.3612590573787633, 0.23998158594348462, -0.14190707845979067, -0.5965994021140029, 0.6193242594315429, 0.5488933125161447, 0.08185961928798911, 0.5306349037812917, -0.604754731158384, -0.3068599055957138, 0.026922433310478645, 0.027037267096733434, -0.0011211432238833474], [-0.5560609967430434, -0.8006778802499885, 0.6448629434494042, 0.120066082784862, -0.26408689630894394, 0.4585838073335272, 0.11398288473233542, -0.40142526901561915, 0.0635272514221231, -0.5239090290886929, -0.0793935247837578, 0.5536121365341403, 0.08401860407426875], [-0.515011071469713, -0.19756211531024612, -0.28033897485535697, -0.6371460194217656, -0.4570994164826061, -0.1458490799590123, -0.6628437324503303, 0.27498615776370716, 0.16774154549589673, 0.14568106710971437, 0.52690596065604, 0.48078446434113287, -0.1163387602242327]], "inverted": false, "swapped": false, "error_lsq": 0.04143827352850084, "error_max": 0.21750221480592927, "target": "283.xyz", "model": "12.xyz", "model_rescale": 3.9764082729961374, "target_rescale": 3.956465584585827},
{"mapping": [14, 13, 7, 3, 10, 1, 8, 12, 4, 6, 5, 0, 15], "R": [[-0.07205955824026283, -0.9944701734615666, 0.07639695125815038], [-0.6437439131256482, -0.012133925355637898, -0.7651447851022328], [0.7618406620677952, -0.1043160675580988, -0.6393097556500433]], "T": [0.06759650378482596, -0.042250378093791424, -0.07179370940742157], "aligned_model": [[-0.37938587016628084, 0.15040321994794603, -0.3595712363673439, -0.4324097918518186, 0.6824142781187814, 0.6424842826022066, 0.19304942468849387, 0.6130885388352247, -0.5266693882110178, -0.4136378072917768, -0.05231137236705047, -0.018354326146483343, -0.03694788835375325], [-0.5768254641452298, -0.6465120625174079, 0.573643004309882, 0.08605468915373671, -0.1637818199453746, 0.21092631360280525, 0.2323513346533165, -0.3304207345871246, 0.15935020054457236, -0.5781536184953461, -0.09382954169585903, 0.5691340370125398, -0.02883622374989507], [-0.4632579789457787, -0.12170774233117147, -0.167901785070402, -0.7366056838452616, -0.5751584995574502, -0.1652184535011605, -0.710940250227007, 0.09133145812765837, 0.27759000240852605, 0.18292193689050962, 0.7563280189354445, 0.31021347023907375, -0.09368446792975277]], "inverted": false, "swapped": false, "error_lsq": 0.04283254817553225, "error_max": 0.24380480731194182, "target": "283.xyz", "model": "13.xyz", "model_rescale": 4.170626492500431, "target_rescale": 3.956465584585827},
{"mapping": [0, 7, 6, 2, 8, 12, 4, 10, 3, 1, 9, 11, 13], "R": [[0.6342960703889424, 0.49858214288233454, 0.5908335991529298], [-0.6610141526134552, 0.7460924119594681, 0.08004000787868147], [-0.40090994641423094, -0.4413184333509793, 0.8028133377384656]], "T": [-0.020495331591341738, -0.015128094873054745, -0.15856724491117113], "aligned_model": [[-0.27289752687323454, 0.24692632501475018, -0.3072511755660743, -0.4905574597648428, 0.5731359258525558, 0.6487229016889305, 0.21742289414571417, 0.4268656600784393, -0.6098169390441774, -0.38817768565109007, 0.009416262650788064, 0.02023368860520871, -0.011870807699840651], [-0.4900285014431441, -0.7800881767367168, 0.7756025015883343, 0.07056498837214975, -0.30923230787347294, 0.27670863276456437, 0.17252577261276208, -0.1785598846622777, 0.16447181341575906, -0.5854683261792053, -0.20592652500586006, 0.426458202730254, 0.07607192455746856], [-0.41667796182220446, -0.13115313135627493, -0.15622698931785373, -0.6109282272883805, -0.4942172633617964, -0.210378458303351, -0.7998503917915233, 0.14390010571257872, 0.1511382932403751, 0.20245377519995034, 0.628203175257654, 0.39188923821349575, -0.11424213918944155]], "inverted": false, "swapped": false, "error_lsq": 0.037971150243621916, "error_max": 0.21796515731060942, "target": "283.xyz", "model": "14.xyz", "model_rescale": 3.9786697098870705, "target_rescale": 3.956465584585827},
{"mapping": [8, 3, 11, 10, 2, 5, 0, 4, 7, 9, 6, 12], "R": [[-0.5591823360199939, -0.0800221236330822, -0.8251736634263569], [-0.6245760287577815, -0.6138658708507958, 0.4827768396534293], [-0.5451787774522974, 0.7853439707120988, 0.2932830514737811]], "T": [0.13471926961398772, -0.04586721953064144, -0.046180068309022576], "aligned_model": [[-0.10268715960360925, -0.7055561363870994, 0.5294323119353072, 0.7131721836035317, -0.08767912745614326, 0.36366064869054743, -0.5155816446448062, -0.1280527677934855, 0.6448544238495681, 0.03295736526499002, -0.34731842375972155, 0.08615292306825709], [-0.40605245616918606, -0.05621008679494661, 0.022287546791283495, -0.5023306782824121, 0.3806885266585215, 0.6153789006970866, -0.334544493925746, 0.3714441907409931, 0.08218183258388709, -0.674849914314577, 0.568753827860987, -0.052072705621452026], [-0.5248153745291395, -0.1711825260196711, -0.5194224899542805, -0.13537315179411769, -0.5948337767879402, 0.053533100745176254, 0.45557271265888055, 0.6401629524931773, 0.41866455198334873, 0.0005170251033668888, 0.053939251720489675, -0.016795781745460328]], "inverted": true, "swapped": true, "error_lsq": 0.049164008709916766, "error_max": 0.3127831368774874, "target": "283.xyz", "model": "15.xyz", "model_rescale": 3.769337070930944, "target_rescale": 3.956465584585827},
{"mapping": [5, 7, 2, 11, 6, 4, 3, 1, 8, 10, 12], "R": [[0.40398740787320875, 0.42084965359937365, 0.8122067122015019], [0.6816678180320755, -0.7305945762650613, 0.039503809834814274], [0.6100189834253319, 0.5376961355611208, -0.5820306741601872]], "T": [-0.04093165016172815, 0.06617996043550117, 0.09858406140010474], "aligned_model": [[-0.29744378540785543, -0.3684456594797995, -0.0759072519539794, -0.5809244597637689, 0.36928751323011594, 0.3930905627888855, 0.6980154756501239, 0.26977677867322974, 0.05571592402927956, -0.555739188281486, 0.01520022120642548], [-0.08063520772830032, -0.5438012188681833, 0.6753726829559843, 0.37070350683326253, 0.16965459384567222, -0.4639246989163866, 0.48103507519380667, -0.5753654313244176, 0.5824312118887729, -0.07514325086225762, 0.05573723460738928], [-0.5434830172770679, -0.01705542556190208, -0.3015317687808295, 0.10724563533563901, -0.5656120588834506, -0.39626790412992696, 0.038187651899892996, 0.23892724271279936, 0.4718545604521516, 0.6142613031548352, 0.09769138830163601]], "inverted": true, "swapped": true, "error_lsq": 0.03989936534171374, "error_max": 0.18606182946234603, "target": "283.xyz", "model": "16.xyz", "model_rescale": 3.7852294659196426, "target_rescale": 3.956465584585827},
{"mapping": [6, 7, 0, 10, 11, 8, 9, 2, 4, 5, 1, 3, 12], "R": [[-0.8503005210563523, 0.3275911365275706, -0.411913912316482], [-0.3058502360388878, 0.3293620663243821, 0.893295170915801], [0.4283043976032145, 0.8855533165965266, -0.17986291018061407]], "T": [0.03336252396655357, -0.012955907669925965, -0.055464385611847515], "aligned_model": [[-0.2790977977040567, 0.1634444776107174, -0.20690110922453822, -0.4377937390366474, 0.5192000344704611, 0.5163070733454727, 0.12731100295709585, 0.525809153134687, -0.6391837476810214, -0.45190297318616535, -0.051290556783126974, 0.2461559598894745, 0.03009428564477458], [-0.707658009017703, -0.7013837930729103, 0.6255028670371203, -0.07823847260891603, -0.31115539276788895, 0.35446799369704374, 0.44708557072910515, -0.22218569230738408, 0.13782942890928954, -0.39873280515901277, -0.20415435737797188, 0.4795567748090408, -0.007833998729197576], [-0.5106025774464443, -0.03153245898413159, -0.07523646957168884, -0.705852760221192, -0.5169522564253162, -0.2920444992772559, -0.7812724228776516, 0.24085678418837908, 0.10803478825528012, 0.1634022249005875, 0.6006843498101584, 0.5316008427810852, -0.14717551993858205]], "inverted": true, "swapped": false, "error_lsq": 0.039885910749895434, "error_max": 0.26307639423423795, "target": "283.xyz", "model": "17.xyz", "model_rescale": 3.901054581598922, "target_rescale": 3.956465584585827},
{"mapping": [4, 1, 9, 10, 6, 12, 11, 0, 5, 8, 2, 13, 14], "R": [[-0.827583492780964, -0.1179832924123593, 0.5488037036937709], [-0.225674457917799, -0.8252461811107952, -0.517725583302155], [0.513981129536842, -0.5523121248656313, 0.6563343014093075]], "T": [0.04692127880155411, -0.07115356957081387, -0.08951298148230127], "aligned_model": [[-0.3815807832455858, 0.339300113354191, -0.2433169636469092, -0.5046069209459647, 0.39413658059708384, 0.5494753347658587, 0.25387066182299545, 0.5301750927720617, -0.45905771572186255, -0.39068615839985177, -0.07771105970996611, -0.010260969887358827, 0.062414851682436004], [-0.6325649890701083, -0.6963098887362359, 0.506920855980274, 0.045471015234561096, -0.27335038963454833, 0.4735875820668952, 0.35219520318818204, -0.4436820136416313, 0.16569002182804882, -0.486817804392859, -0.07849032178007678, 0.5012665616489735, -0.020815718550859917], [-0.44557080092592016, -0.18636205555644544, -0.21513679482396358, -0.6850539953773108, -0.7237713873590337, -0.14120052953267884, -0.7334685377105032, 0.36125617023575884, 0.18972959641365847, 0.18642401664534072, 0.7278920920597451, 0.35384644619436334, -0.1046741950697821]], "inverted": true, "swapped": false, "error_lsq": 0.039556178055144456, "error_max": 0.257335754553577, "target": "283.xyz", "model": "18.xyz", "model_rescale": 3.9405287249114394, "target_rescale": 3.956465584585827},
{"mapping": [5, 6, 14, 11, 2, 3, 10, 1, 13, 7, 4, 12, 15], "R": [[0.08003867694053948, -0.9579763398264682, -0.2754544291281077], [0.10835513606853875, -0.2663417353670847, 0.9577688888710152], [-0.9908849452288478, -0.10650545682890444, 0.0824840165395089]], "T": [-0.051644366953740965, -0.08815954272830695, 0.020312822551332738], "aligned_model": [[-0.15272748766130023, 0.365279932124987, -0.15378387291926693, -0.45614912563358, 0.3897127850562263, 0.5780461678928316, 0.14856924328349358, 0.6025113511993362, -0.6111267440391057, -0.5947882064508471, -0.12680880412594767, 0.10878257410128223, -0.035365749390982054], [-0.6938697951145634, -0.6836573552187806, 0.6395883069654033, 0.07379726975677234, -0.35655573487769593, 0.4691086458191315, 0.2424645996363456, -0.15738935768658494, 0.2833764220364478, -0.4204120692377284, -0.20375633322944264, 0.3115454860019573, -0.09113997071064675], [-0.5401868970035183, -0.1524295861067392, -0.22400162782662833, -0.5535853330432418, -0.6786096562847723, -0.11522533160335452, -0.6641623221456365, 0.0732935087295361, 0.03675490238327387, 0.32069354294761765, 0.7384024534655386, 0.35889538087479356, -0.015929009193640695]], "inverted": false, "swapped": false, "error_lsq": 0.03865107732629201, "error_max": 0.20575672995529445, "target": "283.xyz", "model": "19.xyz", "model_rescale": 4.410303926677745, "target_rescale": 3.956465584585827},
{"mapping": [7, 1, 11, 12, 2, 6, 4, 3, 9, 8, 5, 10, 13], "R": [[0.5950110073901949, -0.15036235514424334, 0.7895271136826033], [0.4347517922207932, -0.7660060417549117, -0.47352468061948055], [0.6759828254070618, 0.6250007249199389, -0.3904117231900665]], "T": [0.12519451676340668, -0.08014913639686969, -0.135901300150917], "aligned_model": [[-0.26348286889611894, 0.16188481875037034, -0.11220573632969136, -0.48754847406703294, 0.3616908049920984, 0.49134656674354993, 0.23628815272271325, 0.7095540545801137, -0.4924253278241135, -0.49432622114189617, 0.01468997081916823, -0.12990601590632048, 0.06659233899428704], [-0.5789737442381503, -0.8290857106533527, 0.6998533168933302, 0.031093625493846783, -0.3358789219470749, 0.3635270417745453, 0.29606982685570415, 0.004676674822010715, 0.1839204351192775, -0.3738878958275592, -0.27603948437155157, 0.31760681307308536, -0.08978186285349649], [-0.4629442108684281, -0.10644420162672641, -0.2854694023194033, -0.5635062725304051, -0.6991778842466787, -0.21066725762545313, -0.7200338970433877, 0.2851583250996055, 0.014663356258149407, 0.21190493602185428, 0.6693852574572405, 0.5362950520409913, -0.08525377542413008]], "inverted": true, "swapped": false, "error_lsq": 0.04093881386088169, "error_max": 0.27350863195699826, "target": "283.xyz", "model": "20.xyz", "model_rescale": 4.121658175737393, "target_rescale": 3.956465584585827},
{"mapping": [11, 9, 2, 4, 9, 6, 10, 8, 3, 7, 5, 1, 12], "R": [[0.9167410899663023, -0.2896482706578287, 0.27511752629072106], [0.03998312870278092, -0.6187003773406249, -0.7846089424023318], [0.3974759406385917, 0.7302833165172938, -0.5556070142015569]], "T": [0.013041381150724283, 0.010705337241310273, -0.040168124763521565], "aligned_model": [[-0.4398218088062871, 0.3483963197263583, -0.23328713770044196, -0.3380901062924909, 0.3483963197263583, 0.5167414935871728, 0.2919622266311137, 0.6146821830952759, -0.6581663221883745, -0.3746701171850811, 0.08384317311747524, -0.04339395039405167, -0.054440209879899726], [-0.5287278252888349, -0.553082587290829, 0.6989742758342274, 0.17107144985031342, -0.553082587290829, 0.4056657527619197, 0.09491119799393431, -0.15232772770902198, 0.045905521819669406, -0.5331002029221862, -0.21603521823705724, 0.559228482549603, -0.0263004179302935], [-0.5678951351445184, -0.3440482269507449, -0.24466693448594518, -0.4645747580522925, -0.3440482269507449, -0.1538207929038089, -0.763898445144261, 0.21508012270334842, 0.1355642539601548, 0.1039616370585132, 0.5981729727246494, 0.3821022606626546, 0.03198129771622325]], "inverted": true, "swapped": false, "error_lsq": 0.055436004251659884, "error_max": 0.39684932428948827, "target": "283.xyz", "model": "21.xyz", "model_rescale": 4.08911054899281, "target_rescale": 3.956465584585827},
{"mapping": [1, 8, 14, 2, 11, 9, 15, 5, 4, 0, 7, 12, 16], "R": [[-0.14567084320524099, 0.9877681307581876, 0.05562486223219332], [0.8136744661378725, 0.08763422516058089, 0.5746773927480994], [0.5627733723223965, 0.12897427045337762, -0.8164874579354521]], "T": [0.0023130831906263277, -0.033792733021518556, -0.031764954743742885], "aligned_model": [[-0.23571793787393486, 0.2755262721257322, 0.028881505495123066, -0.5076628913416774, 0.43019819739744447, 0.589814746519709, 0.050863711172631276, 0.692951666153859, -0.6918850134188198, -0.5462136740194788, -0.09990537123529743, 0.11314763669979004, -0.0378467842379535], [-0.5811805009306095, -0.6550733296138663, 0.5903596222118729, 0.03125951430181198, -0.31344219661795536, 0.36502903809680565, 0.19263298438896106, -0.16459020235907237, 0.031387955672099815, -0.5051629624572582, -0.08686386452196573, 0.546596241045606, -0.037852185075814275], [-0.554934378372939, -0.1736345841569468, -0.17856598450826514, -0.5386638992003909, -0.601504839962332, 0.025946413548153552, -0.7230545097869795, 0.028562681424082775, -0.020246866664256537, 0.2457380211061371, 0.670040595665679, 0.4107662267156207, -0.006538850614334509]], "inverted": false, "swapped": false, "error_lsq": 0.04002601320157951, "error_max": 0.22319499448760505, "target": "283.xyz", "model": "22.xyz", "model_rescale": 4.204369325754507, "target_rescale": 3.956465584585827},
{"mapping": [5, 6, 14, 11, 2, 3, 10, 1, 13, 7, 4, 12, 15], "R": [[0.08003867694053948, -0.9579763398264682, -0.2754544291281077], [0.10835513606853875, -0.2663417353670847, 0.9577688888710152], [-0.9908849452288478, -0.10650545682890444, 0.0824840165395089]], "T": [-0.051644366953740965, -0.08815954272830695, 0.020312822551332738], "aligned_model": [[-0.15272748766130023, 0.365279932124987, -0.15378387291926693, -0.45614912563358, 0.3897127850562263, 0.5780461678928316, 0.14856924328349358, 0.6025113511993362, -0.6111267440391057, -0.5947882064508471, -0.12680880412594767, 0.10878257410128223, -0.035365749390982054], [-0.6938697951145634, -0.6836573552187806, 0.6395883069654033, 0.07379726975677234, -0.35655573487769593, 0.4691086458191315, 0.2424645996363456, -0.15738935768658494, 0.2833764220364478, -0.4204120692377284, -0.20375633322944264, 0.3115454860019573, -0.09113997071064675], [-0.5401868970035183, -0.1524295861067392, -0.22400162782662833, -0.5535853330432418, -0.6786096562847723, -0.11522533160335452, -0.6641623221456365, 0.0732935087295361, 0.03675490238327387, 0.32069354294761765, 0.7384024534655386, 0.35889538087479356, -0.015929009193640695]], "inverted": false, "swapped": false, "error_lsq": 0.03865107732629201, "error_max": 0.20575672995529445, "target": "283.xyz", "model": "23.xyz", "model_rescale": 4.410303926677745, "target_rescale": 3.956465584585827},
{"mapping": [8, 5, 1, 10, 2, 0, 3, 12, 11, 14, 13, 7, 16], "R": [[0.8128655210366873, -0.13675934602258819, 0.5661682841569536], [-0.5773607709768027, -0.06095749545937661, 0.8142104911411988], [-0.0768386936824601, -0.9887269921584999, -0.12850972776556258]], "T": [-0.11254650043315874, -0.16464989097666988, -0.040217425879362], "aligned_model": [[-0.41851896494209295, 0.33254245283270567, -0.16074518032784363, -0.5063359774488718, 0.6034523495405185, 0.5532377311993528, 0.21561027957154444, 0.6098680081189419, -0.6340505202773623, -0.5121397898562596, 0.01189500339835392, 0.03688630406184483, -0.06954963243370385], [-0.5779718344564723, -0.596103317735766, 0.6609777892119431, -0.017278428940846968, -0.12241632361153765, 0.1828081442439345, 0.24977614585381452, -0.21367370845746503, 0.1505813119069337, -0.43107976357652505, -0.16466639456369764, 0.3823211194306659, -0.09017462516436554], [-0.6815071336206153, -0.1467340801943703, -0.26902120760754183, -0.5372037901236238, -0.6045364170557765, -0.12015541282118403, -0.7681014635996464, 0.30890973997390425, 0.13120116303577173, 0.43674202318217664, 0.651664743048932, 0.30680339107119814, -0.12415153009599691]], "inverted": true, "swapped": false, "error_lsq": 0.03983307832335809, "error_max": 0.24690667336538288, "target": "283.xyz", "model": "24.xyz", "model_rescale": 4.28219845311461, "target_rescale": 3.956465584585827},
{"mapping": [8, 10, 4, 1, 6, 2, 0, 14, 9, 11, 12, 13, 15], "R": [[-0.010745631263774591, -0.9999386344967969, 0.0026941880825673836], [-0.8050946288625993, 0.010249688312856553, 0.5930578238806758], [-0.5930490451769874, 0.004203704339097725, -0.8051553631967515]], "T": [-0.1415338312980545, 0.04012637909964028, -0.06776802059265732], "aligned_model": [[-0.18075381722463976, 0.14514629181153157, -0.15637959220605735, -0.4589289688018472, 0.4823702733029389, 0.49438489659227547, 0.23418956933585403, 0.4727947176579811, -0.6970009823139312, -0.20101768227908517, -0.03234858808693644, 0.0671019354195371, -0.10740598977049409], [-0.4901960457773224, -0.6982228386580822, 0.7018268298020327, 0.007713287797893369, -0.3154814297091171, 0.2906150113684713, 0.30654355602161354, -0.31082936000413214, 0.027734426526549887, -0.4087911965114502, -0.1475203109187027, 0.3800016397062293, 0.0697065444966317], [-0.5140481739776814, -0.11634536591236336, -0.378542359863172, -0.6228239790760197, -0.6122713626735745, -0.10829999575245022, -0.7411237854694596, 0.21432261736316968, 0.3171688151773182, 0.23457574572065995, 0.6652307533647844, 0.37254139449038437, -0.12647427819836732]], "inverted": true, "swapped": false, "error_lsq": 0.039530974850763546, "error_max": 0.23945206008777806, "target": "283.xyz", "model": "25.xyz", "model_rescale": 4.100010024507729, "target_rescale": 3.956465584585827},
{"mapping": [5, 6, 3, 0, 11, 8, 2, 9, 1, 10, 7, 12], "R": [[-0.7312596278698564, -0.6362869963130507, -0.24576048293115568], [-0.4615990920901317, 0.19636721536548213, 0.8650816117056082], [-0.5021808785977471, 0.7460420732455524, -0.43730491664086363]], "T": [-0.0675326140088309, 0.10118547579675516, -0.06548016058436178], "aligned_model": [[-0.6838051544151534, -0.17865168032590717, 0.4751471947411876, 0.6605819004409176, -0.46066489013193557, 0.26937675999319866, -0.3259672428804966, 0.4663044879172711, 0.23223430123826397, -0.13365409630020086, -0.4183929969680251, -0.02574298094611304], [-0.24374675550143102, -0.5519029492771054, -0.20644816328852203, -0.3673469020466603, 0.5595133040505397, 0.5158161587031993, 0.10851479395443397, 0.39061809064403763, -0.261480760208612, 0.6999351920325916, -0.03988137243018697, 0.06254075341835483], [-0.036614707091938106, 0.3602795252812286, 0.5112828033318675, -0.1566303981432186, 0.07517709274461669, 0.29474260964086385, 0.6168610789353774, -0.2639796419876305, -0.6190408381648632, -0.49912609439131084, -0.6568447624588668, -0.060914377841769576]], "inverted": false, "swapped": true, "error_lsq": 0.04523695582908648, "error_max": 0.3012121660496735, "target": "283.xyz", "model": "26.xyz", "model_rescale": 3.6694154284099745, "target_rescale": 3.956465584585827},
{"mapping": [1, 5, 12, 6, 7, 9, 3, 8, 2, 0, 4, 10, 13], "R": [[-0.33643800036172444, -0.9413299165885352, -0.02659812113713511], [-0.45660302937812536, 0.1877653669849355, -0.8696308645188091], [0.8236037551367302, -0.2804320864245636, -0.49298549616418025]], "T": [0.049925470534605255, -0.004601727347837155, -0.057854536496020646], "aligned_model": [[-0.34594360522073136, 0.1450231617175597, -0.24587299695431483, -0.45728900345738777, 0.4630868973767759, 0.505621251863903, 0.23813151593750623, 0.5760417657635272, -0.5630070382251903, -0.3881789398257495, -0.04316939291569034, 0.17958088073763934, -0.0018724333607196414], [-0.5920633331198564, -0.7864115762391359, 0.6342425105029568, 0.04314720754641704, -0.22423304323997456, 0.48961439614052205, 0.2152373073922928, -0.14552306324415334, 0.18427310243669193, -0.46084059763664853, -0.2507682345633333, 0.2970403734211029, 0.009385064743733502], [-0.5849438935315475, -0.13340775634392812, -0.42407048338186265, -0.517902304009223, -0.47879187763799325, -0.1716759476328206, -0.8122287828829658, 0.276360982912999, 0.1674667554019513, 0.13409327410242414, 0.7207762920828509, 0.4462210903115252, -0.0379873241981815]], "inverted": true, "swapped": false, "error_lsq": 0.03954563710792269, "error_max": 0.22915054110649627, "target": "283.xyz", "model": "27.xyz", "model_rescale": 4.103607728864725, "target_rescale": 3.956465584585827},
{"mapping": [12, 3, 8, 13, 2, 1, 4, 0, 11, 10, 9, 5, 14], "R": [[0.16555799577654084, -0.40932227268102844, 0.897243460339329], [-0.3750183265973193, -0.8675819009318387, -0.3265928656471904], [0.9121139209279735, -0.28241268077537746, -0.2971384744301276]], "T": [-0.1533068509642208, -0.05846090597928305, -0.001505398870468841], "aligned_model": [[-0.15727979746805626, 0.27808847166980566, -0.18591235936070866, -0.48461277039566397, 0.33065451712268523, 0.6371776684640174, 0.10556822098812052, 0.5303871255468596, -0.7437615010226555, -0.41226058251067277, 0.003407458251965867, 0.1638708375715976, -0.003175225420167127], [-0.6493547059453935, -0.6680510637973109, 0.6604904414444, 0.02041785979578914, -0.24198616722659216, 0.3455610281251176, 0.2522778807445735, -0.17315340105679644, 0.29242749339357926, -0.42950259231260557, -0.28088763364826874, 0.31933548213295276, -0.034474507508829834], [-0.6245000617548501, -0.0778517653045376, -0.3943486470834131, -0.5527649212491652, -0.5244017355526439, -0.12300162672020802, -0.8126985883645457, 0.16908158491495257, 0.01586903260828136, 0.23311409781905335, 0.7705638351742194, 0.5386877271560414, -0.03383890644995589]], "inverted": true, "swapped": false, "error_lsq": 0.039077117154581016, "error_max": 0.228977510773654, "target": "283.xyz", "model": "28.xyz", "model_rescale": 4.137296879288765, "target_rescale": 3.956465584585827},
