[{"mapping": [8, 14, 7, 0, 4, 15, 3, 13, 1, 10, 2, 16], "R": [[-0.5948522326125756, 0.131809436589246, 0.7929546606092055], [0.691448416113028, 0.586979768725472, 0.4211339916959645], [-0.40993890912015113, 0.7987997393170689, -0.44030565208314504]], "T": [-0.08228065432534036, -0.09690158524424253, 0.04222379469558192], "aligned_model": [[-0.16077464668860658, 0.12324587465555183, 0.3947341447967153, -0.047205777155091264, -0.24668890250499875, -0.49769762556656105, 0.4391797962006546, -0.2564944934080381, 0.47853144933213776, 0.17551823048188386, -0.4628011467147423, -0.10190444096835642], [-0.3826730697327988, -0.7076903358357525, -0.28384108641662165, 0.6925534909170366, 0.22766438493951918, -0.5676680955712845, -0.24308731153190283, -0.5914712614016977, 0.19599699997860387, 0.33795842909017293, 0.362374208877354, 0.01343868266442877], [-0.5937470188958802, -0.0393689922706609, -0.547258199233273, -0.07656545101790997, -0.6878826739784412, -0.06547675187963377, 0.6309916209973991, 0.5023613391975783, 0.04585763024070309, 0.5390533164855463, 0.4445154317355777, 0.02947149397255697]], "inverted": true, "swapped": true, "error_lsq": 0.04244357828366522, "error_max": 0.23376650406255614, "target": "284.xyz", "model": "0.xyz", "model_rescale": 3.751011558992144, "target_rescale": 4.178317753101299},
{"mapping": [13, 14, 11, 12, 5, 10, 8, 15, 3, 0, 6, 4, 9, 2, 16], "R": [[0.5049577338500616, -0.8098464202960077, -0.29860753935350076], [0.6544815440520196, 0.5847910422266595, -0.479242470391285], [0.5627358132554696, 0.04656406839183502, 0.8253242950589216]], "T": [0.052747043355339945, -0.031179065198543174, -0.010675512908277243], "aligned_model": [[-0.04287830882161639, 0.13325026465422235, -0.4499670265853303, 0.24872241490481908, -0.30012917198396283, -0.5817436429828019, 0.6347373118873284, 0.516657848531474, -0.6715317164115258, -0.08293612015764071, 0.04531192020429367, 0.6042803222064584, 0.5471015597180017, -0.10858303530946536, 0.046793591234780135], [-0.015754834834170464, -0.5696901654665588, 0.3825607083229895, 0.5558830571736518, -0.6397957092898323, 0.2522780969653617, -0.4072328499594377, -0.06736847121133514, -0.23768959931096012, 0.36477168157795875, -0.18067334731813722, -0.023813880988291944, 0.4226490193032076, 0.6699150967541848, 0.04271854810847521], [-0.7015402401171923, -0.36491619535119524, -0.4937132289173929, -0.49414771734202395, 0.10192934414389614, 0.1288833526824138, 0.09958056277544484, -0.445725931488242, -0.28032806485682865, 0.6700546351303852, 0.7950950098499037, 0.5903115028015183, 0.17765513582132558, -0.007804412000064556, 0.0743326517200278]], "inverted": true, "swapped": true, "error_lsq": 0.03087891604848258, "error_max": 0.20993975277333132, "target": "284.xyz", "model": "1.xyz", "model_rescale": 3.9405287249114394, "target_rescale": 4.178317753101299},
{"mapping": [7, 4, 8, 2, 9, 14, 1, 0, 12, 13, 11, 3, 16], "R": [[-0.87529153610492, -0.46905644220622156, -0.11768934041760626], [-0.09396065130466269, 0.40367792816425735, -0.9100634737859863], [0.47437972430268693, -0.785512688845861, -0.39740872264288885]], "T": [-0.08343110279881152, -0.019998841314491526, 0.010267053560681572], "aligned_model": [[-0.41047019154421227, 0.3047947594425644, -0.29767325649441356, 0.4683697224969886, 0.40394521364689706, -0.723721644988385, -0.01612272614154138, 0.6422980843867212, 0.09042332768677591, -0.4962992301316913, -0.06521710537624345, -0.4311723865730259, 0.0268287128734975], [0.6816926224541968, 0.5039771456896739, 0.3559512751040618, -0.46246601186605535, -0.09855837891822539, 0.03899617809049084, 0.38263463353045507, 0.2587590482869743, -0.7380264619084642, -0.5816810225662716, -0.7035286859900406, -0.17992413621726328, 0.0010063878824850166], [-0.09294651605642305, -0.4797925770970922, -0.5420438493453267, 0.14182431718980543, -0.4817771279930714, -0.08197742658299782, 0.49366013270133985, 0.19517685599003456, -0.2561998811663488, 0.03727118027553976, 0.4457927969249236, 0.7127189885217249, 0.02141345622653547]], "inverted": false, "swapped": true, "error_lsq": 0.04028522029032107, "error_max": 0.22394505707514153, "target": "284.xyz", "model": "2.xyz", "model_rescale": 3.932901565614263, "target_rescale": 4.178317753101299},
{"mapping": [8, 14, 7, 15, 4, 0, 1, 9, 12, 2, 3, 13, 10, 16], "R": [[0.9216293511166331, -0.2897667199294934, -0.2581367606166085], [0.3430306174698459, 0.297254074461952, 0.8910499484843847], [-0.18146441700396773, -0.9097665982201538, 0.3733569366227702]], "T": [0.07401028746236697, -0.08297341547496877, 0.0043756874306653225], "aligned_model": [[-0.20084829943253485, 0.41511158132023285, 0.22623792902218565, -0.13926011098532826, -0.5342546176540804, -0.24010494036533891, 0.41448688885961743, -0.6181636706977265, -0.26432456618800954, -0.19227607910579325, 0.8307531113931527, 0.34152347025219887, 0.36831670182601983, 0.012612513808107954], [-0.0035096113543535146, 0.262226177866671, -0.36845861659767126, 0.48068381353248385, -0.46507632600149584, -0.7583156840026598, -0.6161744142878498, -0.08250264064444061, 0.45481188279096113, -0.11938208118401604, -0.07642047510431417, 0.5365590954312852, -0.418003529424538, -0.16294095266957315], [-0.6362675713092686, -0.4274212358263748, -0.7064713157503544, -0.20201723954826864, -0.3821987137411127, 0.29390097677361626, -0.004864461970917448, 0.08628869859281543, 0.46601424086022053, 0.6717096678841034, 0.2636750872042654, 0.18127212924506456, 0.5553218082157831, 0.054954292427525114]], "inverted": false, "swapped": true, "error_lsq": 0.036074175521226215, "error_max": 0.2731545046061336, "target": "284.xyz", "model": "3.xyz", "model_rescale": 3.9243930471874484, "target_rescale": 4.178317753101299},
{"mapping": [15, 14, 12, 9, 2, 8, 4, 11, 10, 1, 0, 6, 16], "R": [[0.4270520974229261, 0.62851674235253, -0.650071696560651], [-0.545010117129423, 0.7525750155351147, 0.3695873620930432], [0.7215195619754549, 0.19646259332220262, 0.6639367222197178]], "T": [-0.06730079612892777, -0.02179191017521359, -0.22024286881824506], "aligned_model": [[-0.0319005862524694, -0.4969421889003136, 0.6050585952830771, 0.26840133842395264, 0.6200059011943013, -0.514971917439531, -0.2754012869400242, 0.5081370951510475, 0.23013369925063615, -0.3358025113424124, 0.14400792540874285, -0.42495602436409297, -0.018564153161561882], [-0.4945295347867695, -0.06324848087559573, -0.28795179912555996, -0.5499418155773865, 0.07312573332548383, -0.5619704811041644, -0.5512208714606173, 0.423529924863433, 0.5876426875665013, 0.4470117809469772, 0.09882867752428576, 0.026510346317211775, -0.01995661393221239], [-0.6457516682462434, -0.7056819084640258, -0.5266501411407973, 0.08663903951445223, -0.03006188608462615, -0.2111213241153174, 0.36441750896266967, -0.5777161795902983, -0.014026325275978246, 0.10906387224951097, 0.5409271169324029, 0.5155693263256708, -0.11853711569645571]], "inverted": true, "swapped": true, "error_lsq": 0.03853737301567588, "error_max": 0.26484765371607416, "target": "284.xyz", "model": "4.xyz", "model_rescale": 3.8936222436046832, "target_rescale": 4.178317753101299},
{"mapping": [4, 0, 7, 8, 5, 10, 2, 13, 15, 9, 14, 16], "R": [[0.19329623393009926, -0.7076815094383582, -0.6795759318483017], [-0.9794367290015543, -0.17998002603871643, -0.09116405053440185], [-0.05779498102064207, 0.6832232954357969, -0.7279187239951131]], "T": [-0.1177914197712194, 0.021024395513740763, 0.05482239355092846], "aligned_model": [[0.07282822669006742, -0.551334943031124, -0.16446006040255415, 0.3227630220881369, -0.5040364031409965, -0.7289355647844233, -0.23324624644960087, 0.1343600772272935, 0.49713533569922397, 0.24015196936126434, 0.10371475062352273, -0.16139212166571323], [-0.5430183189602072, -0.6456462916842299, 0.2310752366109987, 0.028079445585762343, 0.49063252538014346, -0.0626684997666549, -0.42149281631663316, 0.47949058734966504, 0.173422103974893, -0.5763597722981075, 0.5983508834480182, -0.08294217821384058], [-0.5028052270905863, -0.02373113885133419, -0.6959633275322107, -0.491206482929589, -0.3165247672486847, 0.4039662093238645, 0.6101757600277622, 0.5162382143325995, 0.12139415059333666, 0.08351799610078639, -0.14415141793067826, 0.058374750480251494]], "inverted": true, "swapped": true, "error_lsq": 0.041082742446473385, "error_max": 0.2229679725250084, "target": "284.xyz", "model": "5.xyz", "model_rescale": 3.6523030999806103, "target_rescale": 4.178317753101299},
{"mapping": [3, 13, 12, 10, 2, 5, 15, 1, 8, 4, 9, 0, 16], "R": [[0.31290867733407635, 0.9476600274909237, 0.06347150498405651], [0.5829942847504908, -0.13888301754208687, -0.8005180643724841], [-0.7498038567500855, 0.2874925733550462, -0.5959380812369609]], "T": [-0.014551993195513091, -0.06749010159451646, 0.05374503326331606], "aligned_model": [[0.21662830585949286, -0.13155019523820358, 0.15821172134849548, 0.628724247938717, 0.5983991539759981, -0.2055190176021128, -0.45103580837376017, 0.21564944205886066, -0.6241999695017644, -0.19194622774208311, 0.05677066992962268, 0.5447497843327269, 0.0662007976783051], [-0.5851187457505578, 0.11555513666872891, 0.624568554058732, -0.33075082521126703, 0.30686990570170863, -0.7498797691229964, 0.3549157594773293, -0.6327740669317516, 0.013818109067672196, 0.09000007578412716, 0.4983659727068815, -0.11512776136618147, -0.04961544091924183], [0.6181518700390655, 0.7166794550809482, 0.38238034833232115, 0.19264262067872792, 0.09514717747004142, 0.12785059235663346, 0.24570060779274927, -0.11291131775421293, -0.28389951917120704, -0.7267398969239122, -0.3469228245473046, -0.515019086744029, -0.022950287128032515]], "inverted": true, "swapped": true, "error_lsq": 0.043732681739526574, "error_max": 0.20446755811249437, "target": "284.xyz", "model": "6.xyz", "model_rescale": 4.08911054899281, "target_rescale": 4.178317753101299},
{"mapping": [4, 6, 7, 9, 12, 13, 16, 14, 2, 0, 11, 10, 3, 5, 16], "R": [[0.5767260012558393, 0.5108273369292473, -0.6375284709887261], [0.7577938685224397, -0.042988506170017815, 0.651076371224656], [0.30518121224158823, -0.8586078384123009, -0.4118944130620264]], "T": [0.041903479801211924, -0.006101106661152884, -0.12580670873046276], "aligned_model": [[0.10410093010818147, 0.33246498097553967, 0.7616310627969194, -0.40370129064695737, -0.6337102357680343, -0.08960704012254833, -0.015121019977975034, 0.5021041954151112, -0.6349056984115418, -0.216534916899516, -0.41603793360675434, -0.1684689837871837, 0.24586314167335802, 0.6833773680289301, -0.015121019977975034], [-0.708311503497965, -0.7556812382162721, -0.2625032321282903, -0.36956893207284475, 0.3219575739760532, 0.6772423813798151, -0.09826766559055769, 0.4021611719315262, -0.08421085252893604, -0.6934296435589498, 0.5049069996427653, -0.0438153764968054, 0.4475920329340446, 0.060954765986087504, -0.09826766559055769], [-0.5362462687390976, 0.03348421129276935, -0.28775939681393536, -0.5196877565430388, -0.35540911209641773, -0.17502912907053317, -0.09456217739865222, -0.33437000386112237, 0.10527090877946141, 0.18942261518974354, 0.3059198813411509, 0.5500069721101474, 0.5006929422945348, 0.17689852299572204, -0.09456217739865222]], "inverted": false, "swapped": true, "error_lsq": 0.041589848068975345, "error_max": 0.403425073337904, "target": "284.xyz", "model": "7.xyz", "model_rescale": 3.964800864290218, "target_rescale": 4.178317753101299},
{"mapping": [10, 2, 0, 3, 6, 13, 1, 9, 15, 8, 14, 7, 4, 16], "R": [[0.9618448765312693, -0.24492072358261285, -0.1219355266127019], [0.07332156057576023, -0.19862420438591807, 0.9773292046116274], [-0.2635875229317251, -0.9489795912409448, -0.17308770367327334]], "T": [-0.02710485461546155, -0.11937837072664799, 0.08487641068656918], "aligned_model": [[-0.2699172373069525, 0.23979650819438117, 0.38300959530781453, -0.7771429910601532, 0.23196194690825725, -0.38413178856190217, -0.2846063448568905, 0.6570976196442881, 0.10067270094410452, 0.2346709574457039, -0.4144920069763219, -0.13329514984132726, 0.632217149169222, 0.04534693045064911], [-0.09481213127363099, -0.47797992614134527, 0.2518029597216115, -0.1666618058050937, 0.637270109167899, -0.6980460772494088, 0.3751005092534547, -0.25138689742124026, -0.5083938809108828, 0.12017155311443721, -0.13508284056218878, 0.5172935098200567, 0.3288516668318923, -0.08717828236435834], [-0.5805871251195929, -0.47880545740129477, -0.49184796635439476, -0.18925109972956497, -0.09411360861690402, 0.24092653092760133, -0.2142834485394077, 0.06889284167454007, 0.5728637098088433, 0.6901654177993297, 0.6060731093157125, 0.5245934271498138, 0.2575406091357617, 0.004648098674578827]], "inverted": true, "swapped": true, "error_lsq": 0.03309216366827642, "error_max": 0.1846247546123514, "target": "284.xyz", "model": "8.xyz", "model_rescale": 4.121658175737393, "target_rescale": 4.178317753101299},
{"mapping": [14, 13, 15, 8, 3, 1, 2, 0, 9, 10, 7, 4, 16], "R": [[-0.9129861788034528, 0.1603944338094199, 0.3751397911670068], [-0.029659393976811096, 0.8909563774139682, -0.4531192490882583], [-0.4069109947676496, -0.4248180306299797, -0.8086736567917046]], "T": [-0.053741063478536695, -0.05106084316576283, -0.09576701238735444], "aligned_model": [[-0.43491020703279815, -0.2463023993533881, 0.16205161436094612, 0.12000616362120892, -0.757052659839209, -0.4271668513792124, 0.3126299637942102, 0.25541464360273136, 0.6409999097570719, -0.27854814202731326, -0.33688154777548085, 0.4571923780378082, 0.009304630668621992], [0.2607101266288469, -0.36087026669504696, 0.10195019130158801, 0.6076305429330148, -0.43222729865282006, -0.019948245819221236, -0.6509740307904198, -0.1795373402324575, -0.01428598257135541, -0.5875317836134449, 0.6584624190399408, 0.485081643804584, -0.07807253592149879], [-0.5194064596115586, -0.690421903211683, -0.6752606866370623, -0.2637642828369786, -0.09382975731200419, 0.4140350951133417, 0.05735091313330665, 0.6298341092098025, -0.0533719523272031, 0.3092808592110098, 0.0666728946165571, 0.24617866849777967, -0.006222063886218571]], "inverted": false, "swapped": true, "error_lsq": 0.03883715398270942, "error_max": 0.19987802492616824, "target": "284.xyz", "model": "9.xyz", "model_rescale": 3.833441315466971, "target_rescale": 4.178317753101299},
{"mapping": [11, 13, 1, 7, 14, 3, 15, 4, 0, 6, 2, 9, 12, 10, 16], "R": [[-0.7845907879705538, -0.17990698544828, 0.593338665534834], [-0.5290258204496853, 0.6933197441734624, -0.48932546800343624], [-0.32334034194526773, -0.6978117288539631, -0.6391477249780058]], "T": [-0.10208601114427536, 0.04556283197796499, -0.013970207843814489], "aligned_model": [[0.07577986976850003, -0.10155447331097657, -0.4974398203867076, -0.6613996699514197, -0.5398666495497298, -0.5875925211579677, 0.08094648131659053, 0.1165152321419405, 0.17036041779360883, -0.2723397424842654, 0.4619357026902496, 0.5116699777826978, 0.5311218759993789, -0.12301013062116499, -0.04128153173620238], [-0.7423448395764982, -0.4866071467566014, 0.08014733587433284, 0.5874334018979098, 0.021592542322884246, -0.5685739648683602, 0.0816459471952059, 0.8220447778998764, 0.2922544965075713, 0.6236752583385924, -0.2685456461149642, 0.37570867084971643, -0.31668613412911867, -0.37733133577929256, 0.07668817563372421], [0.05525912777347834, -0.4650478257367129, 0.47878965172551013, -0.07332535397934915, -0.49327697047100094, 0.15052369725558734, -0.6230587814298839, 0.1073470652937105, 0.6956047460497864, 0.5414302298954393, 0.3034948008420634, -0.02501839835371028, -0.3048604147115385, 0.5544713238002363, 0.07578900986847703]], "inverted": false, "swapped": true, "error_lsq": 0.04096329332988165, "error_max": 0.24334926014715522, "target": "284.xyz", "model": "10.xyz", "model_rescale": 4.2482417240324, "target_rescale": 4.178317753101299},
{"mapping": [14, 8, 6, 9, 3, 10, 1, 2, 15, 11, 13, 16], "R": [[0.9687831536762428, 0.24487786866842362, -0.03865269187940128], [-0.24587152368506202, 0.9690198013090969, -0.023405523101704302], [0.031723729192824277, 0.03217847273082886, 0.9989785537732088]], "T": [0.007368592528517827, -0.03510463119204569, -0.010249204022090796], "aligned_model": [[-0.5826798016006037, -0.05803100454751405, 0.3089199219613272, 0.6168303251704337, -0.5174850961687278, 0.11427510658854428, -0.08204056658855477, 0.5179997093449588, -0.10939089168377863, -0.06885473507808268, -0.37175279852520815, 0.10897543349021296], [-0.29238468679603463, -0.7292291332843215, -0.18142834237766572, -0.3129381939669567, 0.5623808174524862, 0.6396426811006044, 0.2252737873993181, 0.40241658484534804, -0.4196387034995931, 0.6451918224888742, 0.1353347589690001, -0.008490002280419736], [-0.09749197118959367, 0.06848828527968139, 0.7376318854907332, -0.20306948102250413, 0.0762294953213214, 0.17866911854668388, 0.5594191933749197, -0.2659828730658247, -0.5045087968014144, -0.44454658006183406, -0.5705112599296521, 0.030865273911839863]], "inverted": true, "swapped": true, "error_lsq": 0.0447961098042654, "error_max": 0.24582352553474926, "target": "284.xyz", "model": "11.xyz", "model_rescale": 3.6694154284099745, "target_rescale": 4.178317753101299},
{"mapping": [5, 6, 0, 4, 8, 3, 14, 11, 9, 12, 2, 15, 10, 16], "R": [[-0.24380647058206145, 0.9526748302769413, 0.18157387658779528], [-0.9683083948179071, -0.22865849554331158, -0.10046962198116305], [-0.05419647061836077, -0.20031465291553402, 0.9782314564559058]], "T": [0.07839665464554813, -0.028111557654629624, -0.030040698276957666], "aligned_model": [[-0.07385682371154051, 0.07182010668730657, -0.21211612668942698, 0.5651650189752667, 0.741108686016562, -0.52933313590264, 0.3422051227103082, -0.4995410163872662, 0.39579960772083755, 0.10961439179823279, -0.2925567970756324, 0.5546232817085199, -0.6196205907035596, 0.04495312510884189], [-0.4906086038813493, 0.3767800207020749, 0.6541774549050292, 0.5118942525411272, -0.06888028189094689, -0.5471109054505919, -0.6195988715565452, -0.1765406695581161, 0.553916146793147, 0.13913818757207336, 0.4338560305746758, -0.20490169922874585, 0.09117745537644519, 0.07768877123797656], [-0.5501666995579939, -0.7425640421622552, -0.32780650626014785, -0.40001215813984686, -0.2568361976246108, -0.06529690324590094, -0.08013345742846675, 0.5187619242914611, 0.18516587229173959, 0.7366708705980648, 0.3780624081904599, 0.35433570642520335, -0.060783622050355354, -0.0503017356749355]], "inverted": false, "swapped": true, "error_lsq": 0.03825621501085671, "error_max": 0.23773042944777184, "target": "284.xyz", "model": "12.xyz", "model_rescale": 3.9764082729961374, "target_rescale": 4.178317753101299},
{"mapping": [1, 7, 5, 13, 10, 0, 2, 3, 14, 6, 8, 15, 4, 9, 12, 16], "R": [[-0.9206627113042439, -0.3839030025301611, -0.07070117864820562], [0.27697642883878515, -0.7700729586545069, 0.5746926972015631], [-0.2750713178098213, 0.509515576795667, 0.8153095406782304]], "T": [-0.09761933469602656, 0.07677012459110095, 0.0553121056133905], "aligned_model": [[-0.08412377362685962, -0.41461653007607757, -0.5603275822176383, -0.5086849266635763, 0.1258425650887829, 0.6029795870189909, 0.4387408585656193, -0.51792105036332, -0.7245878465786554, 0.2617006966461954, -0.2530336957565777, -0.32323684248405815, 0.33868808106362697, 0.4399652499688145, 0.10673026124315745, 0.01072526198096957], [-0.020491342106383467, -0.5957563003969335, -0.11266235403026235, 0.552359378114687, 0.5237146425706372, -0.03190317820513812, 0.5522810073183695, 0.5532859120911628, -0.05355359657741797, -0.4791059026970424, -0.5379847185804334, 0.041036496161576355, -0.602844727601694, -0.08066621641493253, 0.567747424179885, 0.07000759351716268], [-0.5697247561174376, -0.1838520695056405, -0.4522626281625519, 0.3578284311166512, -0.4473890461551576, -0.3133770769423375, 0.11675968423842062, -0.4307105208059114, 0.16434259519067282, -0.42796929704068665, 0.3556592099733067, 0.6499646284804077, 0.17015150783484362, 0.47007874390890814, 0.6332188352559227, 0.02467870158328813]], "inverted": false, "swapped": true, "error_lsq": 0.03203269362243574, "error_max": 0.20890937230858386, "target": "284.xyz", "model": "13.xyz", "model_rescale": 4.170626492500431, "target_rescale": 4.178317753101299},
{"mapping": [1, 6, 10, 0, 3, 12, 2, 7, 14, 4, 8, 9, 15, 16], "R": [[-0.8012046411860136, -0.5622787109413383, 0.2047285377375083], [-0.35841638325952496, 0.17696446896759938, -0.9166358453247272], [0.4791751445485801, -0.8077909555975251, -0.34331465582128123]], "T": [0.04949173490120966, 0.1436244254460478, 0.0477534446165912], "aligned_model": [[0.13180607091854696, -0.056459505313583416, -0.25659152535989505, -0.5354936833731166, 0.33651609158294, -0.36206211943296474, -0.616676812837992, 0.5923558075897776, 0.6700811627408474, -0.14837510718113306, 0.36724255902981506, -0.44537362426397703, 0.21314885313996002, -0.04693514514758139], [-0.284068843107227, -0.6675359411341338, 0.13050434309713568, -0.3741564748674614, 0.37277841684236745, 0.7739309685159986, 0.3651358294285165, -0.3990471950798544, 0.3101023711755869, -0.45292768244716497, -0.10645619984714916, 0.07957846494444751, 0.5222911647057615, 0.08594524569884243], [-0.4111755474020882, -0.0018766991991286397, -0.5914210010740293, -0.12039960727198651, -0.6629112359605185, 0.27165239723589857, -0.1094751320969764, 0.19192219194465784, 0.14322747505593927, 0.567756225419741, 0.6211465196904531, 0.5343961704672306, 0.533160102174493, 0.03787124213718049]], "inverted": true, "swapped": true, "error_lsq": 0.03974012100667964, "error_max": 0.35141315636663145, "target": "284.xyz", "model": "14.xyz", "model_rescale": 3.9786697098870705, "target_rescale": 4.178317753101299},
{"mapping": [6, 10, 7, 4, 5, 14, 2, 13, 8, 9, 3, 16], "R": [[0.095154270926675, -0.9951119755979013, 0.02641629697848214], [-0.9922104113749192, -0.09695328348289761, -0.07822122717714924], [0.08040002663946841, -0.018767441048990346, -0.9965859816758643]], "T": [-0.000266840733476055, -0.0035573226295559906, 0.08875823815247566], "aligned_model": [[0.09639806023704212, -0.6839165992106473, 0.5133982180160567, 0.47987253770849586, 0.028425810007743066, 0.3442233715705331, -0.5098800451530217, -0.10942465137212079, 0.6955033404091107, 0.18186523033555513, -0.5109363470783013, -0.04217432870310913], [-0.40619900393341385, -0.02738102729529255, 0.17293279716514878, -0.6057000579073074, 0.4735593675030968, 0.5466144463513474, -0.409711151246495, 0.45776458234654954, -0.05360863928555688, -0.6224687217498138, 0.592796621377004, -0.1039247231008278], [-0.6184938598902796, -0.09687179612788163, -0.4724707364034194, -0.18016349821717467, -0.43959021924962394, 0.11323175633340463, 0.3935567138830155, 0.6005617732404465, 0.013364308304531003, 0.35255994419076675, -0.06459576433374789, 0.05887787214379292]], "inverted": true, "swapped": true, "error_lsq": 0.04254497370929275, "error_max": 0.2573419557768936, "target": "284.xyz", "model": "15.xyz", "model_rescale": 3.769337070930944, "target_rescale": 4.178317753101299},
{"mapping": [9, 0, 15, 8, 12, 2, 13, 10, 14, 7, 16], "R": [[-0.5130719914041895, 0.6579877562888766, -0.5511889369449183], [-0.4084578122107033, -0.7519471574648086, -0.5174337523052012], [-0.7549300280692146, -0.04034333841570703, 0.654563264906373]], "T": [-0.004816410094545224, 0.016531118551212746, 0.09428621179203281], "aligned_model": [[-0.3071204496048166, -0.28106254404718384, 0.0030010723403862422, -0.566303946126016, 0.40078385608181566, 0.31389074062640837, 0.5525881540757184, 0.3824950311080345, 0.0286203404952943, -0.5657147430545286, -0.03855138120394194], [-0.04666048255462129, -0.7118580693891379, 0.5926635680272665, 0.4371782505144621, 0.19074449709577546, -0.3972123700707418, 0.43418787531615993, -0.5637120532286676, 0.5537162308490534, 0.18654719578539652, -0.0795301447196036], [-0.5305608419955767, -0.08380846401360906, -0.17737913859780277, 0.10284548608979407, -0.5552765465707625, -0.40049731575196434, 0.055053935112072655, 0.21962886180880123, 0.4579833023557861, 0.6104897670015866, 0.04573856178545155]], "inverted": true, "swapped": true, "error_lsq": 0.0404199713877279, "error_max": 0.18798233929025782, "target": "284.xyz", "model": "16.xyz", "model_rescale": 3.7852294659196426, "target_rescale": 4.178317753101299},
{"mapping": [1, 14, 8, 7, 3, 13, 12, 15, 4, 0, 2, 9, 16], "R": [[-0.8597868170892388, 0.32326266891665245, -0.3953073184807473], [-0.5016961201717767, -0.6790849558547781, 0.5358587740592669], [-0.09522411545476492, 0.6590484577150584, 0.746047919519424]], "T": [-0.06813307971768773, 0.06559032830047298, -0.04515705425821298], "aligned_model": [[-0.03860137844962658, -0.40245161613876046, 0.2865823905105179, 0.17290402340769745, -0.7391274019335239, -0.6698172588734117, -0.23110405301138653, -0.15258385606306293, 0.7297659222316901, 0.4676045700458405, -0.02992491296872933, 0.45089457680593265, 0.009624844653105952], [-0.13553215868901983, -0.42892166535632525, -0.397451509449251, -0.6715513860947783, -0.0037185798375267975, 0.18245197102495433, 0.6775141427370949, 0.022491436081095356, -0.0796337071710704, 0.38571300603712244, 0.775931585930898, 0.4196784619349948, 0.12808402655468565], [-0.6443153183607915, 0.21106636228258757, 0.34478488449452643, -0.1373618516481725, -0.47515904975128076, 0.28800310418842257, 0.41936782282284124, 0.5847654225891021, 0.04256842026332813, -0.5442433103373279, -0.1525073925358617, 0.25658229810475336, -0.09779669496895285]], "inverted": false, "swapped": true, "error_lsq": 0.03946394536431091, "error_max": 0.23912436828707145, "target": "284.xyz", "model": "17.xyz", "model_rescale": 3.901054581598922, "target_rescale": 4.178317753101299},
{"mapping": [13, 14, 11, 12, 5, 10, 8, 15, 3, 0, 6, 4, 9, 2, 16], "R": [[0.5049577338500616, -0.8098464202960077, -0.29860753935350076], [0.6544815440520196, 0.5847910422266595, -0.479242470391285], [0.5627358132554696, 0.04656406839183502, 0.8253242950589216]], "T": [0.052747043355339945, -0.031179065198543174, -0.010675512908277243], "aligned_model": [[-0.04287830882161639, 0.13325026465422235, -0.4499670265853303, 0.24872241490481908, -0.30012917198396283, -0.5817436429828019, 0.6347373118873284, 0.516657848531474, -0.6715317164115258, -0.08293612015764071, 0.04531192020429367, 0.6042803222064584, 0.5471015597180017, -0.10858303530946536, 0.046793591234780135], [-0.015754834834170464, -0.5696901654665588, 0.3825607083229895, 0.5558830571736518, -0.6397957092898323, 0.2522780969653617, -0.4072328499594377, -0.06736847121133514, -0.23768959931096012, 0.36477168157795875, -0.18067334731813722, -0.023813880988291944, 0.4226490193032076, 0.6699150967541848, 0.04271854810847521], [-0.7015402401171923, -0.36491619535119524, -0.4937132289173929, -0.49414771734202395, 0.10192934414389614, 0.1288833526824138, 0.09958056277544484, -0.445725931488242, -0.28032806485682865, 0.6700546351303852, 0.7950950098499037, 0.5903115028015183, 0.17765513582132558, -0.007804412000064556, 0.0743326517200278]], "inverted": true, "swapped": true, "error_lsq": 0.03087891604848258, "error_max": 0.20993975277333132, "target": "284.xyz", "model": "18.xyz", "model_rescale": 3.9405287249114394, "target_rescale": 4.178317753101299},
{"mapping": [8, 15, 13, 12, 4, 3, 14, 6, 7, 1, 11, 10, 9, 0, 2, 16], "R": [[-0.6323239360923012, 0.6830595128536672, -0.36550805975361267], [-0.06781439852755461, 0.42118915348875263, 0.9044340243134235], [0.7717302943367492, 0.5966819914188286, -0.22000671335069663]], "T": [0.09508945580258076, -0.02230212963575975, -0.12533851333102722], "aligned_model": [[-0.47860321980290943, 0.007361606587608552, 0.6028283427164753, 0.3423807825066655, -0.7007568733482761, 0.7834684899554976, 0.16870705229962246, -0.4274301983792419, -0.3545443773456819, 0.14178266153728186, 0.8475722484281514, 0.5376641636200288, -0.32713895284871947, -0.16360773913342108, 0.32915531401748865, 0.058325797160816165], [-0.23060691520515952, -0.6300116475905999, -0.46703716808875595, -0.6366234810379732, 0.05748576920422946, 0.2966870448347078, -0.2074370020795301, 0.6036293602293059, 0.2769032562299965, 0.603772893723291, -0.1452367545432153, 0.4231657674762229, -0.3093483151354468, 0.46910434227069797, -0.07840425547370478, 0.02630923416357048], [-0.4714184956900245, -0.2949991782847553, -0.3016568460431992, 0.2968580418259533, 0.03494594707074872, -0.3789504870833287, -0.7436159294964712, -0.042556040682983604, -0.6895052174209582, -0.2038420881491263, 0.15013234937236516, 0.20343048070543865, 0.3491532249526571, 0.4492708234215107, 0.5526248978654751, -0.030427725688423557]], "inverted": true, "swapped": true, "error_lsq": 0.039429853843412015, "error_max": 0.37382054205453297, "target": "284.xyz", "model": "19.xyz", "model_rescale": 4.410303926677745, "target_rescale": 4.178317753101299},
{"mapping": [10, 2, 0, 3, 6, 13, 1, 9, 15, 8, 14, 7, 4, 16], "R": [[0.9618448765312693, -0.24492072358261285, -0.1219355266127019], [0.07332156057576023, -0.19862420438591807, 0.9773292046116274], [-0.2635875229317251, -0.9489795912409448, -0.17308770367327334]], "T": [-0.02710485461546155, -0.11937837072664799, 0.08487641068656918], "aligned_model": [[-0.2699172373069525, 0.23979650819438117, 0.38300959530781453, -0.7771429910601532, 0.23196194690825725, -0.38413178856190217, -0.2846063448568905, 0.6570976196442881, 0.10067270094410452, 0.2346709574457039, -0.4144920069763219, -0.13329514984132726, 0.632217149169222, 0.04534693045064911], [-0.09481213127363099, -0.47797992614134527, 0.2518029597216115, -0.1666618058050937, 0.637270109167899, -0.6980460772494088, 0.3751005092534547, -0.25138689742124026, -0.5083938809108828, 0.12017155311443721, -0.13508284056218878, 0.5172935098200567, 0.3288516668318923, -0.08717828236435834], [-0.5805871251195929, -0.47880545740129477, -0.49184796635439476, -0.18925109972956497, -0.09411360861690402, 0.24092653092760133, -0.2142834485394077, 0.06889284167454007, 0.5728637098088433, 0.6901654177993297, 0.6060731093157125, 0.5245934271498138, 0.2575406091357617, 0.004648098674578827]], "inverted": true, "swapped": true, "error_lsq": 0.03309216366827642, "error_max": 0.1846247546123514, "target": "284.xyz", "model": "20.xyz", "model_rescale": 4.121658175737393, "target_rescale": 4.178317753101299},
{"mapping": [3, 13, 12, 10, 2, 5, 15, 1, 8, 4, 9, 0, 16], "R": [[0.31290867733407635, 0.9476600274909237, 0.06347150498405651], [0.5829942847504908, -0.13888301754208687, -0.8005180643724841], [-0.7498038567500855, 0.2874925733550462, -0.5959380812369609]], "T": [-0.014551993195513091, -0.06749010159451646, 0.05374503326331606], "aligned_model": [[0.21662830585949286, -0.13155019523820358, 0.15821172134849548, 0.628724247938717, 0.5983991539759981, -0.2055190176021128, -0.45103580837376017, 0.21564944205886066, -0.6241999695017644, -0.19194622774208311, 0.05677066992962268, 0.5447497843327269, 0.0662007976783051], [-0.5851187457505578, 0.11555513666872891, 0.624568554058732, -0.33075082521126703, 0.30686990570170863, -0.7498797691229964, 0.3549157594773293, -0.6327740669317516, 0.013818109067672196, 0.09000007578412716, 0.4983659727068815, -0.11512776136618147, -0.04961544091924183], [0.6181518700390655, 0.7166794550809482, 0.38238034833232115, 0.19264262067872792, 0.09514717747004142, 0.12785059235663346, 0.24570060779274927, -0.11291131775421293, -0.28389951917120704, -0.7267398969239122, -0.3469228245473046, -0.515019086744029, -0.022950287128032515]], "inverted": true, "swapped": true, "error_lsq": 0.043732681739526574, "error_max": 0.20446755811249437, "target": "284.xyz", "model": "21.xyz", "model_rescale": 4.08911054899281, "target_rescale": 4.178317753101299},
{"mapping": [1, 15, 8, 9, 4, 14, 2, 3, 13, 0, 11, 5, 6, 10, 12, 7, 16], "R": [[0.5951653279943556, 0.730003028571957, 0.3359669784802395], [0.8036031872972478, -0.5404540820356083, -0.24926151443163522], [-0.0003869354927115709, 0.4183359457264203, -0.9082922914976796]], "T": [-0.0185036912938073, -0.0657527487829151, -0.048259010391351914], "aligned_model": [[-0.6607179873448716, 0.07405695650436739, -0.3226026490106382, 0.6697581873347833, -0.42175687937099626, 0.4388195930082022, -0.38178494734483476, 0.13804244061956666, 0.03128989849663467, -0.6832087205735646, -0.03456178309369007, 0.34490251580734016, -0.3512813079196693, 0.4267068150455717, 0.5526262191430367, -0.015974506026022767, -0.04383543246355198], [-0.4677110417331848, -0.39827047390695386, -0.6183379333131076, -0.23772403623142646, 0.43267550259006426, 0.11969846395887174, 0.00632680682871592, 0.5922884416196263, 0.5928655694095373, 0.24315604404090874, -0.8136516736615884, -0.5501066893560211, -0.13442423406912815, -0.04839465739475776, 0.388791312204522, 0.3889137165559387, -0.026152243608146754], [-0.2848783459118882, -0.6904205997531649, 0.2397261555692292, 0.017079142953100868, -0.3225733016825937, -0.4584855908013583, -0.6680050035515096, -0.5930102596887207, -0.026522511469843274, 0.20238412226063027, -0.21037738107005835, 0.3137717104595582, 0.6151469087356671, 0.6245126528966694, 0.06205793327342074, 0.49861226927835933, -0.040792196370486394]], "inverted": false, "swapped": false, "error_lsq": 0.035549792178204476, "error_max": 0.24246100903994672, "target": "284.xyz", "model": "22.xyz", "model_rescale": 4.204369325754507, "target_rescale": 4.178317753101299},
{"mapping": [8, 15, 13, 12, 4, 3, 14, 6, 7, 1, 11, 10, 9, 0, 2, 16], "R": [[-0.6323239360923012, 0.6830595128536672, -0.36550805975361267], [-0.06781439852755461, 0.42118915348875263, 0.9044340243134235], [0.7717302943367492, 0.5966819914188286, -0.22000671335069663]], "T": [0.09508945580258076, -0.02230212963575975, -0.12533851333102722], "aligned_model": [[-0.47860321980290943, 0.007361606587608552, 0.6028283427164753, 0.3423807825066655, -0.7007568733482761, 0.7834684899554976, 0.16870705229962246, -0.4274301983792419, -0.3545443773456819, 0.14178266153728186, 0.8475722484281514, 0.5376641636200288, -0.32713895284871947, -0.16360773913342108, 0.32915531401748865, 0.058325797160816165], [-0.23060691520515952, -0.6300116475905999, -0.46703716808875595, -0.6366234810379732, 0.05748576920422946, 0.2966870448347078, -0.2074370020795301, 0.6036293602293059, 0.2769032562299965, 0.603772893723291, -0.1452367545432153, 0.4231657674762229, -0.3093483151354468, 0.46910434227069797, -0.07840425547370478, 0.02630923416357048], [-0.4714184956900245, -0.2949991782847553, -0.3016568460431992, 0.2968580418259533, 0.03494594707074872, -0.3789504870833287, -0.7436159294964712, -0.042556040682983604, -0.6895052174209582, -0.2038420881491263, 0.15013234937236516, 0.20343048070543865, 0.3491532249526571, 0.4492708234215107, 0.5526248978654751, -0.030427725688423557]], "inverted": true, "swapped": true, "error_lsq": 0.039429853843412015, "error_max": 0.37382054205453297, "target": "284.xyz", "model": "23.xyz", "model_rescale": 4.410303926677745, "target_rescale": 4.178317753101299},
{"mapping": [11, 13, 1, 12, 9, 6, 14, 15, 8, 10, 7, 0, 3, 2, 5, 4, 16], "R": [[0.9295939382377683, -0.3536892896047098, 0.10372558223751883], [0.3018430323571567, 0.5689950544043206, -0.7649414434326727], [0.2115322524085464, 0.7423937731974455, 0.6356930011480598]], "T": [-0.061642550861484596, -0.046923348273540645, -0.12254726756903048], "aligned_model": [[-0.6019131450444775, 0.22903390357928474, -0.5194401994362077, 0.6752204716081274, -0.46781004814981964, 0.5002259557231097, -0.16526639102211835, 0.08408454055755185, -0.3175038346960789, -0.5965228160042582, -0.07635979667024545, 0.3419222980355675, -0.14987153745848547, 0.38836950745391574, 0.47995424295128286, 0.03521711704051235, -0.07886185565599835], [-0.2542062701251802, -0.41722710538371094, -0.6093299240551041, -0.36816812557212925, 0.3687807844404129, 0.05046513179675476, 0.048292840359709176, 0.5417315948019003, 0.6907290620830875, 0.1773308266487065, -0.7107266450664921, -0.4737590250867574, -0.1239517313467208, 0.0029084622035813953, 0.24568456835023247, 0.38076086379806207, -0.07937243391248203], [-0.3791850706701436, -0.644628631087182, 0.3362070305551922, -0.11930474401073973, -0.3562950415037872, -0.6252572784279677, -0.7846242775815792, -0.4987960730875949, 0.13457253365993696, 0.17308276011143606, -0.15540274694326947, 0.3521447681976023, 0.7693794439713624, 0.6698540759518451, 0.006509128974334477, 0.4081021387905335, -0.008132311772967055]], "inverted": true, "swapped": false, "error_lsq": 0.037750139954414494, "error_max": 0.31142555694808416, "target": "284.xyz", "model": "24.xyz", "model_rescale": 4.28219845311461, "target_rescale": 4.178317753101299},
{"mapping": [10, 1, 2, 6, 0, 5, 11, 4, 3, 8, 13, 14, 15, 9, 12, 16], "R": [[-0.9296080879363425, 0.36705796536689206, 0.033124807985178445], [-0.19790248147966738, -0.5729789378042388, 0.7953173861150756], [0.3109073988626314, 0.7327779929101609, 0.6052875369929808]], "T": [-0.06147811449975908, -0.012948037929950768, 0.05287178050809957], "aligned_model": [[-0.3712816033452081, -0.29478091198985523, 0.10180498472221401, 0.2572270841099851, 0.3212109865043736, -0.5309161626826155, -0.5136131950666617, 0.6575286680083252, -0.8376020305695687, 0.289209433393649, -0.46013144359979363, -0.3891272361908733, 0.07569848818582788, 0.5984761620265021, 0.09975508475896176, 0.004862457855748029], [0.23477435760323329, -0.347161467576756, 0.5989367154430337, -0.5561102685060867, -0.013750922878900302, -0.5413759905933636, 0.6509983656942341, -0.38806596014921674, 0.04386737511700316, -0.461827888472625, 0.3703117295764744, -0.29496407456476204, 0.12321896754404645, 0.21066699462133107, 0.7093528972540728, 0.00624054560251348], [-0.5345450083627239, -0.4310540296343799, -0.2884555397063313, -0.47160104475875486, -0.6486471832633062, -0.036612935567314375, -0.056565477464387365, -0.03513042291747315, -0.13244550704478383, 0.46251875956860555, 0.4781524642584074, 0.5377165422461472, 0.6598585194647388, 0.06934665511735882, 0.31570037242155935, -0.03631014377961583]], "inverted": false, "swapped": true, "error_lsq": 0.047183703093666485, "error_max": 0.31685835138795343, "target": "284.xyz", "model": "25.xyz", "model_rescale": 4.100010024507729, "target_rescale": 4.178317753101299},
{"mapping": [14, 8, 6, 9, 3, 10, 1, 2, 15, 11, 13, 16], "R": [[0.9687831536762428, 0.24487786866842362, -0.03865269187940128], [-0.24587152368506202, 0.9690198013090969, -0.023405523101704302], [0.031723729192824277, 0.03217847273082886, 0.9989785537732088]], "T": [0.007368592528517827, -0.03510463119204569, -0.010249204022090796], "aligned_model": [[-0.5826798016006037, -0.05803100454751405, 0.3089199219613272, 0.6168303251704337, -0.5174850961687278, 0.11427510658854428, -0.08204056658855477, 0.5179997093449588, -0.10939089168377863, -0.06885473507808268, -0.37175279852520815, 0.10897543349021296], [-0.29238468679603463, -0.7292291332843215, -0.18142834237766572, -0.3129381939669567, 0.5623808174524862, 0.6396426811006044, 0.2252737873993181, 0.40241658484534804, -0.4196387034995931, 0.6451918224888742, 0.1353347589690001, -0.008490002280419736], [-0.09749197118959367, 0.06848828527968139, 0.7376318854907332, -0.20306948102250413, 0.0762294953213214, 0.17866911854668388, 0.5594191933749197, -0.2659828730658247, -0.5045087968014144, -0.44454658006183406, -0.5705112599296521, 0.030865273911839863]], "inverted": true, "swapped": true, "error_lsq": 0.0447961098042654, "error_max": 0.24582352553474926, "target": "284.xyz", "model": "26.xyz", "model_rescale": 3.6694154284099745, "target_rescale": 4.178317753101299},
