[{"mapping": [10, 4, 9, 13, 11, 3, 1, 0, 5, 7, 6, 14], "R": [[-0.9696287818620061, 0.24446476167595008, -0.007550210826446774], [0.23343770286185725, 0.9342213378107455, 0.26969859262087503], [0.07298537022843762, 0.2597450139614279, -0.9629151901672317]], "T": [0.09976800547107025, -0.11270325707336065, 0.005831137843492007], "aligned_model": [[-0.2556125874855767, 0.25100971971791886, 0.4026454858683656, -0.007681640361139289, -0.3238372077586738, -0.4993927470308285, 0.2947219984867256, -0.4216266231773883, 0.6713733890927085, 0.21695844445144455, -0.45349228527333774, -0.03742348406966976], [-0.4795266218228454, -0.6539865238447433, -0.23098183129781585, 0.6789808500594305, 0.4313716549070112, -0.7091929099385765, -0.3353355524351666, -0.46540283764101037, 0.20270786082096953, 0.40690522406248103, 0.2788366696456322, -0.07082094653830928], [-0.5483444668445928, -0.00965746851704461, -0.5594364891050388, -0.0551064645877398, -0.500592054871596, 0.029757513664520917, 0.6040786024483851, 0.5600796049123941, -0.06492901112182262, 0.4911728530261076, 0.2500466699758753, -0.015117543625886258]], "inverted": false, "swapped": true, "error_lsq": 0.04542450641376047, "error_max": 0.2788663684634415, "target": "285.xyz", "model": "0.xyz", "model_rescale": 3.751011558992144, "target_rescale": 4.071900121912546},
{"mapping": [10, 4, 1, 11, 6, 0, 5, 8, 9, 7, 12, 13, 3, 2, 14], "R": [[0.36754130553878717, -0.576030327323381, -0.7301386517138798], [0.8235930886881969, -0.16306749301105664, 0.5432342192720601], [-0.4319812646260016, -0.8009981615002668, 0.41448055718611565]], "T": [0.08119327891448258, 0.029533343232686766, 0.0021851906675061927], "aligned_model": [[0.5057381621824673, -0.08833249777615954, -0.5893642805609328, 0.25761734422358873, -0.3133910456748366, -0.5010546158851337, 0.5937045046494979, 0.047351850497118125, 0.7079197314419219, -0.39699974164987073, 0.1793583529271467, 0.570969403018627, -0.034782465791314554, 0.1776794611654341, 0.10968507850140342], [-0.3264414655246206, 0.0625540452332639, 0.046680252294647465, -0.7468116723790217, -0.5814456078644018, 0.3695336633821117, 0.3779814918822795, 0.5671878831533899, -0.16626996572400196, -0.302711891824686, -0.37962066597236277, 0.245694925276315, 0.22142730175269945, 0.7884431409293116, -0.006038125286360722], [-0.6023785576254529, -0.7696597511353352, -0.1868758904037487, 0.05598068156906949, -0.18418454232267892, 0.34988001346357334, -0.07528853516185982, -0.38537203809387577, 0.05754437453320871, 0.3193942111294963, 0.6145018726815874, 0.4929964751817236, 0.732344231449876, 0.31600749322551813, 0.03262694533218739]], "inverted": true, "swapped": false, "error_lsq": 0.047794947998635456, "error_max": 0.3039221185065046, "target": "285.xyz", "model": "1.xyz", "model_rescale": 3.9405287249114394, "target_rescale": 4.071900121912546},
{"mapping": [7, 5, 11, 4, 9, 6, 1, 2, 10, 8, 3, 0, 14], "R": [[-0.9251308435206169, -0.3611715889972307, 0.11699575064098475], [-0.37913159445786027, 0.8628337513768747, -0.3343309013069991], [0.01980294045521093, -0.35365661422646294, -0.9351656766387453]], "T": [0.018211808674672314, 0.048101675948613025, -0.02671998123916915], "aligned_model": [[-0.29123680756101233, 0.33478634399518686, -0.46915496260685624, 0.42709012476912234, 0.4794915470345405, -0.6999695820976486, 0.12796672388723485, 0.6762512270798956, 0.07437032471805127, -0.5229453473478314, -0.16111880649905752, -0.37081295819045895, -0.10873454789723483], [0.6937936495752144, 0.5414566579024854, -0.11920718299625588, -0.2116488154032658, -0.14313514639482708, 0.0988669870291567, 0.33182189717137084, 0.2969780748499379, -0.675820062481342, -0.487339379968156, -0.6618928263099926, -0.18884243659548683, -0.01619882280682202], [0.054560903703826616, -0.32270192650961843, -0.7096582746528517, 0.25867401451449284, -0.4461261806295005, -0.0006419674414392014, 0.5673582306933925, 0.10254448349293153, -0.2285835126461893, -0.18195681810332834, 0.3964990188043102, 0.6775228280677538, -0.0543704497051358]], "inverted": false, "swapped": true, "error_lsq": 0.048772397589655375, "error_max": 0.3613102744146355, "target": "285.xyz", "model": "2.xyz", "model_rescale": 3.932901565614263, "target_rescale": 4.071900121912546},
{"mapping": [4, 9, 2, 10, 1, 7, 5, 0, 8, 6, 12, 11, 13, 14], "R": [[-0.42781870942048333, 0.4514670807644233, 0.7830380749719912], [0.44314873408304956, -0.6502871395966626, 0.6170460562679104], [0.7877755716892869, 0.6109861791082024, 0.07813793949405778]], "T": [-0.02703961427966035, -0.12166939535189158, -0.07191210624630082], "aligned_model": [[-0.2267071553189186, 0.44476104654647436, 0.1421614032557754, -0.036964485104420866, -0.4440895834203175, -0.013376742322891221, 0.4851900540181114, -0.8560233459997851, -0.2180334564914512, -0.26873853601907277, 0.7123909906921653, 0.3812977850567058, 0.37990281140233423, -0.06196087424200557], [-0.01732305989733178, 0.15162075776716077, -0.4659176893551452, 0.6179944270391732, -0.5993247770950514, -0.721298736625304, -0.5156062987630051, -0.09823189280733724, 0.4873885040692172, -0.10406644749484692, -0.06795106921925276, 0.3160164480602334, -0.28069902607808894, -0.03910450124993241], [-0.5870298047139009, -0.4296392480465768, -0.6756742843333974, -0.21601024777736558, -0.28020729766600305, 0.3275138971223064, -0.18878113381392608, 0.053297207233718474, 0.37105120463298935, 0.606551936368451, 0.05173667084503217, 0.5393284416736149, 0.5997499977891453, 0.04200902374301013]], "inverted": false, "swapped": true, "error_lsq": 0.047308711881839126, "error_max": 0.3731699793635054, "target": "285.xyz", "model": "3.xyz", "model_rescale": 3.9243930471874484, "target_rescale": 4.071900121912546},
{"mapping": [8, 6, 3, 10, 4, 11, 12, 0, 1, 7, 2, 5, 14], "R": [[0.20869285906256052, 0.9380377172602578, 0.2766451365440189], [0.2168652172760971, -0.32021835399229903, 0.9221874447758731], [0.9536334558477304, -0.13245922679687985, -0.2702550371857799]], "T": [0.017099646114329636, -0.037967105172737554, 0.006191833877755182], "aligned_model": [[-0.0027421872898280193, -0.3587138958254816, 0.6284709071456759, 0.38848051845968945, 0.5543220128544039, -0.5200549467170775, -0.46544163737763494, 0.386808143654794, 0.2392965803061246, -0.5016065713607916, 0.26285418089038803, -0.3129539786789987, -0.02151323974991073], [-0.49824339166883413, 0.03176779019703315, -0.1920667420764994, -0.6723471448756108, -0.007969722579161558, -0.6470556640354354, -0.449172455298593, 0.33750600791571067, 0.5912139925862396, 0.46023481529595617, 0.20919458322972706, 0.0632985639835785, -0.09853107899252361], [-0.6194268272343819, -0.6044986898139302, -0.5575851325415073, -0.15995135885169792, 0.1692679316166467, -0.2628795460649955, 0.4099199205418797, -0.6463235179403681, 0.021419962310780305, -0.038773258661566494, 0.6308360913321067, 0.5647916508928459, -0.11972691021484733]], "inverted": true, "swapped": true, "error_lsq": 0.04917152070172033, "error_max": 0.29310331119678396, "target": "285.xyz", "model": "4.xyz", "model_rescale": 3.8936222436046832, "target_rescale": 4.071900121912546},
{"mapping": [10, 8, 3, 4, 0, 6, 13, 7, 2, 9, 1, 14], "R": [[0.9841790646594251, 0.10611510934430217, -0.14188429178364337], [0.15274331377292766, -0.10235537220942956, 0.98295109638147], [0.08978334357643525, -0.9890717675420302, -0.11694438792656899]], "T": [0.03396868594223655, -0.05455542124869117, 0.0586833309669701], "aligned_model": [[-0.058168917386128324, -0.5960446531769135, -0.35391757248758626, 0.33517123825749917, -0.4778201672835112, -0.6504817140980097, -0.2813585976185822, -0.12291716249842095, 0.7127046506303866, 0.4826052121564377, 0.13824871173476688, -0.10047298601484093], [-0.5765526754365222, -0.4396517608260031, -0.017356774661614977, 0.06888752288034869, 0.45681045841539014, 0.00015625190369224218, -0.2949747017280559, 0.326881782519931, 0.1703620707510602, -0.5193602545039844, 0.6017888613589303, -0.10806787556336452], [-0.47703569639814525, -0.18304103514309542, -0.6920006877701004, -0.3997273909468426, -0.36560174182435706, 0.27680250107821375, 0.7549518259328978, 0.6495941899747748, 0.03882755147986716, -0.03038862678282119, -0.0030425642958206503, 0.04994639397094734]], "inverted": true, "swapped": true, "error_lsq": 0.049509895010886096, "error_max": 0.2434116748727558, "target": "285.xyz", "model": "5.xyz", "model_rescale": 3.6523030999806103, "target_rescale": 4.071900121912546},
{"mapping": [2, 9, 10, 4, 3, 5, 11, 1, 13, 6, 8, 0, 14], "R": [[-0.04926207063318283, -0.8296752332157007, -0.5560685711181712], [0.6900035855876727, -0.43079941256321225, 0.5816415717702328], [-0.7221276204889873, -0.35503643971241117, 0.5937009568825445]], "T": [0.03937219937539086, -0.1576501784966363, 0.06032375010034358], "aligned_model": [[0.20151174925596055, -0.07436521683516059, 0.2612296505046186, 0.5186059152712651, 0.6959866544052974, -0.36465098249528405, -0.5664922585353546, 0.40772603099565674, -0.7051634384107841, -0.16660976165344468, 0.03539411931494638, 0.6236940737277947, 0.014216369118782948], [-0.6854034244666548, -0.032144580405354006, 0.49458902061207766, -0.2200524935795513, 0.3444919165243391, -0.5854639997551192, 0.4410456299109744, -0.6625304579451504, -0.10300806158959697, 0.08830346256485819, 0.5686570564515459, -0.06632737577431883, -0.041329788384866464], [0.5151335099783478, 0.690057205087376, 0.3658211251008852, 0.3476258986529466, -0.11877610648128731, 0.351810438320398, -0.019769472317569974, -0.17394870963757875, -0.23071484938850473, -0.584749833178117, -0.21555419888466948, -0.5343768544230773, -0.0224484133473598]], "inverted": false, "swapped": true, "error_lsq": 0.04363763469090633, "error_max": 0.23946786776171056, "target": "285.xyz", "model": "6.xyz", "model_rescale": 4.08911054899281, "target_rescale": 4.071900121912546},
{"mapping": [0, 2, 7, 3, 6, 13, 9, 1, 8, 5, 4, 10, 12, 11, 14], "R": [[-0.7837559314401334, -0.5758875943976106, 0.23255132455297367], [0.4160684378411452, -0.20886595756180065, 0.8850209414495351], [-0.46110052587785944, 0.7903976786344489, 0.4033085848880933]], "T": [0.06510151794959411, 0.03222050903421156, 0.10353961090650016], "aligned_model": [[0.28388402711574207, -0.38512823111148814, -0.6738473193482094, 0.5007815687972027, -0.06892218492941861, -0.4089843221293526, 0.774264608303599, 0.19681684599890503, 0.6595599042653606, -0.30018971844271447, 0.20346245696278265, 0.2700952817476763, -0.28567195581229377, 0.2631711902068556, 0.19680708964430993], [-0.2908369014532687, 0.05654845246516263, -0.19004464733585794, -0.5447152200636947, -0.3422127224700856, 0.5792483125306787, 0.21683955199274185, 0.4519589045274548, -0.1522056120149934, -0.3134067984583473, -0.5965057823551414, 0.1832310898703224, 0.43893470339295826, 0.557160217943558, 0.1161697607570754], [-0.752278305659855, -0.5649219568145396, 0.0415575114142763, -0.21860863765224353, -0.19808991129801318, -0.0055370629981136565, -0.17495783641469959, -0.4833307415232468, 0.38238581600634186, 0.6759077673528131, 0.3906092727891764, 0.7776673879498586, 0.5720942525688479, 0.2759860370777273, 0.04903339102495964]], "inverted": false, "swapped": false, "error_lsq": 0.0515267350818053, "error_max": 0.28834990888249884, "target": "285.xyz", "model": "7.xyz", "model_rescale": 3.964800864290218, "target_rescale": 4.071900121912546},
{"mapping": [10, 4, 9, 8, 12, 0, 11, 2, 1, 7, 6, 13, 5, 14], "R": [[-0.986945489325393, 0.12560900334466912, -0.1008016834136215], [0.0026712406097204114, 0.6385656086692901, 0.7695627511115806], [0.16103249850221557, 0.7592472204121516, -0.6305649789851606]], "T": [0.07286181081287187, -0.10527946488805551, 0.05207788517327703], "aligned_model": [[-0.2589228233667109, 0.29736597645572066, 0.3562320892719763, -0.6714433205010437, 0.24979801092896725, -0.3610894813515716, -0.4513404513838553, 0.7684760792125818, 0.33127484814962177, 0.14381626662830566, -0.5148268891474453, -0.14787674357043162, 0.5895488970937793, -0.06982456895902144], [-0.1343358064266728, -0.5096243952090671, 0.16928332345071379, -0.03779902831159063, 0.6118286374273174, -0.7847956793671598, 0.5611629314482798, -0.24879659666970333, -0.5996146036255603, 0.0511232846426844, -0.012328806141357118, 0.5509825494994282, 0.2736572538722489, -0.07979459840835942], [-0.6239694749624367, -0.26761663288219645, -0.46712211470543763, -0.16029661794431335, -0.08714082366212625, 0.2831291921444471, -0.06189517004121616, -0.03270573607256375, 0.41858532026943535, 0.7519255816703596, 0.4583091698399203, 0.4553361180055783, 0.19583220546976432, 0.05444402159580691]], "inverted": false, "swapped": true, "error_lsq": 0.03481892838677491, "error_max": 0.24320167286193273, "target": "285.xyz", "model": "8.xyz", "model_rescale": 4.121658175737393, "target_rescale": 4.071900121912546},
{"mapping": [9, 5, 13, 11, 2, 4, 7, 0, 6, 1, 10, 8, 14], "R": [[0.8399787050016001, 0.5117444473470474, -0.18042559616999948], [0.4490589225485936, -0.4689380124111005, 0.7605545507032502], [0.3046011477708693, -0.7198713503990776, -0.623701354536991]], "T": [-0.11833193852725193, -0.05112631181241503, -0.02453285511474291], "aligned_model": [[-0.6086940068838179, -0.3403434854978815, 0.4283729516205365, 0.32708526210246963, -0.7189897672730234, -0.566661010770646, 0.30464657212051877, 0.2237165939508199, 0.5970846868106181, -0.17158479994669026, -0.3071957574966154, 0.31475497704759725, -0.005454719348688575], [0.2599896167454151, -0.3511226842713425, -0.042802415570758146, 0.5305595818173555, -0.43020351818049474, -0.0531024153288029, -0.5814952660078134, -0.1713860649178053, 0.005609579297024353, -0.6223410067076153, 0.648589320684242, 0.5611279337559834, 0.0369647780963219], [-0.3211875369302786, -0.5648447428993604, -0.610252087431756, -0.4663115046406412, -0.10923990515333185, 0.31472908784126663, -0.26759890603297604, 0.7317614720998115, 0.03872677272636486, 0.31656849686648636, 0.18209202027993526, 0.178511794498472, -0.0018795272649036882]], "inverted": false, "swapped": true, "error_lsq": 0.046495431741729015, "error_max": 0.24996417540253651, "target": "285.xyz", "model": "9.xyz", "model_rescale": 3.833441315466971, "target_rescale": 4.071900121912546},
{"mapping": [4, 5, 13, 3, 2, 0, 6, 1, 7, 8, 9, 11, 10, 12, 14], "R": [[-0.11294598848967846, -0.6734865467326144, 0.7305197294079522], [-0.6280341365146124, 0.6181187658932759, 0.4727603141370046], [-0.7699456650026903, -0.4053949464667166, -0.4927865768492617]], "T": [0.12694370679570893, 0.08714269349409609, 0.058571854626943004], "aligned_model": [[0.49182809403982636, -0.21852545088421693, -0.6350600929403605, 0.46015817984321555, -0.2364238831299424, -0.4072670896103387, 0.6155703263329091, 0.026835914050424847, 0.6118282814184002, -0.14847725421031305, 0.07014201686558469, 0.40667680059435024, -0.30970889435015087, 0.3572280445549778, 0.1412942486945905], [-0.13763339039658753, -0.015774949364785865, -0.07018989457157698, -0.6794079406395523, -0.5127091191004777, 0.49182068391431877, 0.36422617968593113, 0.6751562983083534, -0.2447327875828938, -0.23580880090120748, -0.6632034257698151, 0.17696803889128473, 0.3967469119620092, 0.6309035230045658, -0.006198018111003192], [-0.6139217707305709, -0.5136992536314636, -0.11544885487340503, -0.17741562387267198, -0.09888306732300081, -0.06257892240867076, -0.32313265989226314, -0.3771199668464865, 0.37267309807354976, 0.7123340353036014, 0.36133313989866533, 0.6742161387729807, 0.6824579638963334, 0.17821023218044307, 0.06849249527624876]], "inverted": true, "swapped": false, "error_lsq": 0.040321148551842746, "error_max": 0.2991247436714148, "target": "285.xyz", "model": "10.xyz", "model_rescale": 4.2482417240324, "target_rescale": 4.071900121912546},
{"mapping": [11, 13, 5, 7, 10, 4, 9, 1, 6, 0, 8, 14], "R": [[-0.5150629465972139, 0.37264666630203, -0.7719097247324839], [-0.21954007764937836, -0.9278646308733949, -0.3014454860831114], [-0.8285603872671566, 0.01420172060568306, 0.5597195688767167]], "T": [0.07340727065290265, 0.1410206161066579, 0.057892375517092205], "aligned_model": [[-0.574878039484317, -0.023962332795184865, 0.36371721389048656, 0.5430175088655262, -0.5904727006238316, 0.14049827998336323, -0.20192329961075917, 0.6653623873706864, -0.052828827759247854, 0.20029711770977382, -0.5676700265664171, -0.024391678617071116], [-0.4145990720488388, -0.6509421372171558, -0.18322384666738117, -0.36350400303628055, 0.4933497605676664, 0.6796863566007223, 0.23690092779159128, 0.3811200600423881, -0.23569666808736006, 0.5180125818950599, 0.10495670710319566, 0.10007072310703255], [0.003705149754130173, -0.015160351593569536, 0.5496337219340376, -0.1523557778580752, 0.11350627044211742, 0.20431486158742884, 0.641203717973155, -0.1355336414774821, -0.5430986601161902, -0.6804955581662581, -0.37956157731975265, -0.04096586530518442]], "inverted": false, "swapped": true, "error_lsq": 0.04709985896644448, "error_max": 0.25917982950921387, "target": "285.xyz", "model": "11.xyz", "model_rescale": 3.6694154284099745, "target_rescale": 4.071900121912546},
{"mapping": [6, 8, 10, 3, 0, 13, 7, 5, 4, 2, 9, 1, 11, 14], "R": [[0.016582567344956, -0.4390831035947985, -0.8982934078561469], [-0.14358649991987485, -0.8901505227273651, 0.43245226780415763], [-0.9894988304697536, 0.1218116374808193, -0.07780738700940726]], "T": [0.04399200629330942, 0.04930035865233854, 0.07725860535757542], "aligned_model": [[0.038255008189582856, -0.08580179476809514, -0.09345467058765465, 0.5187544735451497, 0.7504392384365702, -0.5027940084191382, 0.058351508563477664, -0.2804750341124352, 0.36577740769056466, 0.17668978811758929, -0.3397803892386126, 0.6156185345924239, -0.6403876618032741, 0.017072450049661514], [-0.3593073647786572, 0.24991972340942153, 0.7175854045669884, 0.528938856320505, -0.008892334041854043, -0.49438609992182864, -0.6685936979301427, -0.18688373980821185, 0.452286690556523, 0.15602794026150565, 0.4851065228765396, -0.19369151819321712, 0.009936655082858716, 0.042940249735823714], [-0.5160781496725684, -0.6620330198389471, -0.24284896410773724, -0.4325585148114178, -0.3710567243807831, -0.14057764540004797, 0.13812798494382209, 0.5970298029848572, 0.30121775272163076, 0.7719996808457222, 0.3739803857854471, 0.32153362898621696, -0.43459909496441207, -0.06504166343936701]], "inverted": false, "swapped": true, "error_lsq": 0.03874429944403905, "error_max": 0.22490407373945956, "target": "285.xyz", "model": "12.xyz", "model_rescale": 3.9764082729961374, "target_rescale": 4.071900121912546},
{"mapping": [9, 1, 2, 5, 0, 8, 13, 10, 6, 7, 4, 14, 3, 11, 15], "R": [[-0.8897550895414225, -0.07184857696280963, -0.4507478925336811], [0.41920426119485266, 0.2620311551721855, -0.8692568441578175], [0.1805648582399505, -0.9623811384828516, -0.20302432430927408]], "T": [0.15762711275347718, -0.007777629583586399, -0.022150567371350086], "aligned_model": [[0.10701801236306835, -0.16876900897957187, -0.6193058564633465, 0.5336298107137132, -0.24925876257005608, -0.351565810774381, 0.6852108750090463, 0.014700231803504799, 0.7958894491649515, -0.40162328973880324, 0.16607947657899896, 0.5442426331626926, -0.16374324285328323, 0.18608270833686297, 0.14751201551556098], [-0.38917160774520454, 0.17751047175396562, -0.05678365824662927, -0.7324321448976125, -0.6020325276238531, 0.47121256206053924, 0.301027256299622, 0.6862139671536488, -0.1855004370035629, -0.3203568503427355, -0.595282083844949, 0.37401723284391447, 0.32691576359867136, 0.746647294931714, -0.03182192960896568], [-0.48418571635609003, -0.5344556224716733, -0.19602720296315895, -0.2127331227019359, -0.11387261553653094, 0.08246204939367245, -0.04999769371890678, -0.40174834043947627, 0.3582368658340067, 0.37855745224494824, 0.39092423886602806, 0.5639971631350015, 0.6800921787007914, 0.223975439177102, 0.08229191065951125]], "inverted": true, "swapped": false, "error_lsq": 0.0412423783354933, "error_max": 0.39090088548869784, "target": "285.xyz", "model": "13.xyz", "model_rescale": 4.170626492500431, "target_rescale": 4.071900121912546},
{"mapping": [13, 5, 6, 1, 8, 3, 0, 12, 11, 2, 9, 4, 10, 14], "R": [[-0.13490914530515907, -0.2509975096299162, -0.9585404387257804], [-0.695273400616991, 0.7132256201061653, -0.0889050798248377], [0.7059705524365137, 0.6544535621293202, -0.2707325508850526]], "T": [-0.08918827562051665, -0.06421776688264412, 0.08820340848156534], "aligned_model": [[0.38596008000249615, 0.09240931104653036, -0.048480678209335035, -0.7281938623126732, 0.20226034736517948, -0.3763847883614878, -0.7041687601654717, 0.574502120389585, 0.658085533290657, -0.32276366694461756, 0.30486708187831846, -0.37155476796632303, 0.21558166467706744, -0.03893659259828242], [-0.3395914640897675, -0.6854486294496174, 0.16389596870293605, -0.2545862317784793, 0.5970136487466802, 0.7256479337096747, 0.4258488820961513, -0.41166703526691883, 0.1458038537254449, -0.5136484902804975, -0.1402133413501221, 0.07059130863872908, 0.5356381580222652, 0.036789906499186564], [-0.4952568817708262, 0.19919177935519963, -0.5939613112266625, 0.058137896904127614, -0.1972390244883762, 0.18305235613554, -0.20347175218837227, 0.1492473463530799, -0.2715132995459428, 0.5932966685648171, 0.6022045049942387, 0.5553192453993636, 0.42769346791665125, -0.0028278952819709297]], "inverted": true, "swapped": true, "error_lsq": 0.046047722651335214, "error_max": 0.3418663465388516, "target": "285.xyz", "model": "14.xyz", "model_rescale": 3.9786697098870705, "target_rescale": 4.071900121912546},
{"mapping": [5, 9, 1, 7, 4, 0, 11, 8, 6, 13, 10, 14], "R": [[-0.25283370073953326, -0.33599085383605143, 0.9072955780278407], [-0.20609841278035745, 0.9349438089972998, 0.28879667288083155], [-0.9453034243139975, -0.11397464698844988, -0.30563248489662986]], "T": [0.023375653417360108, 0.027057142483577733, -0.17740097557121193], "aligned_model": [[-0.09475042484135252, -0.592697026950134, 0.5502935726341082, 0.5470266698374175, -0.08481270249483036, 0.6023953624406789, -0.336690714229821, -0.10729710980718829, 0.39915580470445183, 0.08198031665483804, -0.5109028636227508, 0.02965371244191919], [-0.5050161157668727, -0.023626065506406994, 0.17513124368534133, -0.46780927525736593, 0.4507148247522508, 0.5957200460059401, -0.3092781416846092, 0.293980659571748, -0.07850026171086111, -0.6452758082548485, 0.48198491935096793, 0.04664846503915545], [-0.5436907024926078, -0.38509725445232856, -0.5593745272715616, -0.16398476345308088, -0.5308284445684165, 0.034257699857780044, 0.5219945664180683, 0.5404591308365483, 0.42814720746857426, 0.2545208229807497, 0.09746723225149989, -0.033904473701395016]], "inverted": true, "swapped": true, "error_lsq": 0.0496747918092032, "error_max": 0.32735365829367197, "target": "285.xyz", "model": "15.xyz", "model_rescale": 3.769337070930944, "target_rescale": 4.071900121912546},
{"mapping": [5, 9, 7, 13, 1, 4, 0, 10, 6, 11, 14], "R": [[0.22138427483584758, -0.7131462119692014, -0.6651401981607975], [0.4349529786522477, 0.6826724723891624, -0.5871747625738062], [0.8728143612572742, -0.1593134513970721, 0.4613180193608412]], "T": [0.03500488111696969, -0.022266876545919044, -0.09765602613884224], "aligned_model": [[-0.4682537307511491, -0.2538511915066111, -0.19374607967848131, -0.5810156644987129, 0.41891554853466156, 0.39937896471764606, 0.776502737350539, 0.2014647102970633, 0.0517056424504961, -0.4730308322881867, 0.044556026063906164], [-0.03697436471106936, -0.6046067186582527, 0.6261287455655358, 0.4173687032351145, 0.2628983785620755, -0.3865901212467775, 0.33264941786860475, -0.5755651261496326, 0.5328789688293012, 0.007680823050851139, 0.020195791279591063], [-0.5192462844829253, -0.1495651479332853, -0.3133856446778123, 0.1655203170915664, -0.5632369578350319, -0.32260408350503156, 0.06864511433942315, 0.3862008947195416, 0.3612294329878518, 0.5900402628109996, 0.04061970370848096]], "inverted": false, "swapped": true, "error_lsq": 0.04399108723704266, "error_max": 0.20801922016441632, "target": "285.xyz", "model": "16.xyz", "model_rescale": 3.7852294659196426, "target_rescale": 4.071900121912546},
{"mapping": [9, 11, 13, 12, 10, 8, 0, 6, 5, 2, 4, 7, 14], "R": [[0.6677808695077445, -0.6714528594284205, 0.32127833397986627], [0.09510919818649827, 0.5050479474405984, 0.8578349556915712], [-0.7382566970504244, -0.5422892478663357, 0.4011227005652531]], "T": [0.03317806222072328, 0.2129380770729747, -0.03579643275586603], "aligned_model": [[-0.011675390078107833, -0.3226434151800601, 0.2237985964694533, 0.21512900206266855, -0.6383474768186103, -0.6605719431860466, -0.28586063586251786, -0.16032817827730322, 0.5890780412934147, 0.49575101931983234, -0.05869820104618481, 0.5396391408342919, -0.07150470931454699], [-0.09761225170186319, -0.5196007368586298, -0.40059549123647054, -0.49102636734306204, 0.10661308825472401, 0.029412117134013455, 0.8629615389244893, 0.11061951588755868, -0.07869035827676898, 0.4232692521680723, 0.5911764533381801, 0.1669840514547413, 0.17154481195788976], [-0.6074595682151362, 0.22631289356735107, 0.4430176394542001, -0.22621758361975572, -0.36093301140934025, 0.2619884214960049, 0.3874346203725764, 0.6505911666292554, -0.22854485822447052, -0.539236296186796, -0.4415007720355776, 0.47476067132963334, 0.05554137398522891]], "inverted": true, "swapped": true, "error_lsq": 0.04146362989641179, "error_max": 0.29436113858416546, "target": "285.xyz", "model": "17.xyz", "model_rescale": 3.901054581598922, "target_rescale": 4.071900121912546},
{"mapping": [10, 4, 1, 11, 6, 0, 5, 8, 9, 7, 12, 13, 3, 2, 14], "R": [[0.36754130553878717, -0.576030327323381, -0.7301386517138798], [0.8235930886881969, -0.16306749301105664, 0.5432342192720601], [-0.4319812646260016, -0.8009981615002668, 0.41448055718611565]], "T": [0.08119327891448258, 0.029533343232686766, 0.0021851906675061927], "aligned_model": [[0.5057381621824673, -0.08833249777615954, -0.5893642805609328, 0.25761734422358873, -0.3133910456748366, -0.5010546158851337, 0.5937045046494979, 0.047351850497118125, 0.7079197314419219, -0.39699974164987073, 0.1793583529271467, 0.570969403018627, -0.034782465791314554, 0.1776794611654341, 0.10968507850140342], [-0.3264414655246206, 0.0625540452332639, 0.046680252294647465, -0.7468116723790217, -0.5814456078644018, 0.3695336633821117, 0.3779814918822795, 0.5671878831533899, -0.16626996572400196, -0.302711891824686, -0.37962066597236277, 0.245694925276315, 0.22142730175269945, 0.7884431409293116, -0.006038125286360722], [-0.6023785576254529, -0.7696597511353352, -0.1868758904037487, 0.05598068156906949, -0.18418454232267892, 0.34988001346357334, -0.07528853516185982, -0.38537203809387577, 0.05754437453320871, 0.3193942111294963, 0.6145018726815874, 0.4929964751817236, 0.732344231449876, 0.31600749322551813, 0.03262694533218739]], "inverted": true, "swapped": false, "error_lsq": 0.047794947998635456, "error_max": 0.3039221185065046, "target": "285.xyz", "model": "18.xyz", "model_rescale": 3.9405287249114394, "target_rescale": 4.071900121912546},
{"mapping": [1, 0, 4, 3, 12, 7, 2, 8, 10, 13, 14, 11, 9, 5, 15], "R": [[0.8959974029340989, -0.4180805969913285, -0.1496571694063618], [0.1357725755739, 0.5788080887575511, -0.8040814660908809], [0.42279363956589944, 0.7001355660214709, 0.5753744237750016]], "T": [0.011894627026236629, -0.03293930263978237, 0.019907995507022415], "aligned_model": [[0.29793084938510117, -0.20484849987147574, -0.6486551037883554, 0.4874605592466703, -0.1694200247934135, -0.5456321606423418, 0.8190670870645136, -0.10909386413754667, 0.7218872150619273, -0.2652524747136111, 0.21587532170755847, 0.30579957198880453, -0.1302391318224949, 0.40015084390115874, 0.05106905268246175], [-0.19460032776012537, 0.14510569456760014, -0.09208504100073128, -0.707078074037937, -0.5370582381559494, 0.3653799641841423, 0.252483216711876, 0.6496379132923986, -0.21848271716453735, -0.19496879652755492, -0.5978433765756149, 0.10070324517817555, 0.5272339217332489, 0.6976944689793138, -0.025958544095742664], [-0.5524279342013514, -0.6077835321305397, -0.2880544427392454, -0.19175814699824845, -0.09467017911170014, 0.18155944662995438, -0.12953058122520866, -0.2829488763518488, 0.3016671181763747, 0.6100484639377527, 0.5087988069610835, 0.6640917849949999, 0.5248969065214993, 0.10172513666030061, 0.02190301269946662]], "inverted": false, "swapped": false, "error_lsq": 0.04037868840135653, "error_max": 0.26167540895688984, "target": "285.xyz", "model": "19.xyz", "model_rescale": 4.410303926677745, "target_rescale": 4.071900121912546},
{"mapping": [10, 4, 9, 8, 12, 0, 11, 2, 1, 7, 6, 13, 5, 14], "R": [[-0.986945489325393, 0.12560900334466912, -0.1008016834136215], [0.0026712406097204114, 0.6385656086692901, 0.7695627511115806], [0.16103249850221557, 0.7592472204121516, -0.6305649789851606]], "T": [0.07286181081287187, -0.10527946488805551, 0.05207788517327703], "aligned_model": [[-0.2589228233667109, 0.29736597645572066, 0.3562320892719763, -0.6714433205010437, 0.24979801092896725, -0.3610894813515716, -0.4513404513838553, 0.7684760792125818, 0.33127484814962177, 0.14381626662830566, -0.5148268891474453, -0.14787674357043162, 0.5895488970937793, -0.06982456895902144], [-0.1343358064266728, -0.5096243952090671, 0.16928332345071379, -0.03779902831159063, 0.6118286374273174, -0.7847956793671598, 0.5611629314482798, -0.24879659666970333, -0.5996146036255603, 0.0511232846426844, -0.012328806141357118, 0.5509825494994282, 0.2736572538722489, -0.07979459840835942], [-0.6239694749624367, -0.26761663288219645, -0.46712211470543763, -0.16029661794431335, -0.08714082366212625, 0.2831291921444471, -0.06189517004121616, -0.03270573607256375, 0.41858532026943535, 0.7519255816703596, 0.4583091698399203, 0.4553361180055783, 0.19583220546976432, 0.05444402159580691]], "inverted": false, "swapped": true, "error_lsq": 0.03481892838677491, "error_max": 0.24320167286193273, "target": "285.xyz", "model": "20.xyz", "model_rescale": 4.121658175737393, "target_rescale": 4.071900121912546},
{"mapping": [2, 9, 10, 4, 3, 5, 11, 1, 13, 6, 8, 0, 14], "R": [[-0.04926207063318283, -0.8296752332157007, -0.5560685711181712], [0.6900035855876727, -0.43079941256321225, 0.5816415717702328], [-0.7221276204889873, -0.35503643971241117, 0.5937009568825445]], "T": [0.03937219937539086, -0.1576501784966363, 0.06032375010034358], "aligned_model": [[0.20151174925596055, -0.07436521683516059, 0.2612296505046186, 0.5186059152712651, 0.6959866544052974, -0.36465098249528405, -0.5664922585353546, 0.40772603099565674, -0.7051634384107841, -0.16660976165344468, 0.03539411931494638, 0.6236940737277947, 0.014216369118782948], [-0.6854034244666548, -0.032144580405354006, 0.49458902061207766, -0.2200524935795513, 0.3444919165243391, -0.5854639997551192, 0.4410456299109744, -0.6625304579451504, -0.10300806158959697, 0.08830346256485819, 0.5686570564515459, -0.06632737577431883, -0.041329788384866464], [0.5151335099783478, 0.690057205087376, 0.3658211251008852, 0.3476258986529466, -0.11877610648128731, 0.351810438320398, -0.019769472317569974, -0.17394870963757875, -0.23071484938850473, -0.584749833178117, -0.21555419888466948, -0.5343768544230773, -0.0224484133473598]], "inverted": false, "swapped": true, "error_lsq": 0.04363763469090633, "error_max": 0.23946786776171056, "target": "285.xyz", "model": "21.xyz", "model_rescale": 4.08911054899281, "target_rescale": 4.071900121912546},
{"mapping": [3, 12, 10, 4, 7, 5, 15, 9, 2, 6, 0, 1, 8, 11, 16], "R": [[-0.19539815832913132, -0.6486625166917677, 0.7355654281983934], [-0.38568861093032625, 0.7404141299522099, 0.55048270778086], [-0.9017005351668699, -0.17613590095779566, -0.3948573024189454]], "T": [0.10254932611742687, 0.01732285802870179, 0.009844944045910263], "aligned_model": [[0.5673497152669981, -0.19216728661578938, -0.6818406974721865, 0.5035151260468086, -0.4074054125272262, -0.3670176492453896, 0.6706783684990595, -0.19644646285314235, 0.8099632103466947, -0.40730828003148933, 0.0980391175328725, 0.5408100091199745, -0.06940584651241469, 0.25271524037018844, 0.10462008934399866], [-0.3590521686895295, -0.10556773426871008, 0.09549566508625093, -0.5528265859131124, -0.4706331180469582, 0.5391112066561402, 0.46705094179049406, 0.4919244465978392, -0.10608366070822739, -0.21563408842223414, -0.6216966408490894, 0.08441711935130383, 0.2799853311300769, 0.6738853378193174, -0.030212742204998273], [-0.6199020375298139, -0.6557446641496623, -0.16265639607864021, -0.011326374467356529, -0.07756968834104849, 0.08036323127294609, -0.07066008544075433, -0.42936168371377725, 0.08461296465729501, 0.5011090391146636, 0.44769553072106233, 0.6681946346342438, 0.6280697105266653, 0.37353291275848305, 0.011159889858983545]], "inverted": false, "swapped": false, "error_lsq": 0.04392872084214577, "error_max": 0.29933504229815017, "target": "285.xyz", "model": "22.xyz", "model_rescale": 4.204369325754507, "target_rescale": 4.071900121912546},
{"mapping": [1, 0, 4, 3, 12, 7, 2, 8, 10, 13, 14, 11, 9, 5, 15], "R": [[0.8959974029340989, -0.4180805969913285, -0.1496571694063618], [0.1357725755739, 0.5788080887575511, -0.8040814660908809], [0.42279363956589944, 0.7001355660214709, 0.5753744237750016]], "T": [0.011894627026236629, -0.03293930263978237, 0.019907995507022415], "aligned_model": [[0.29793084938510117, -0.20484849987147574, -0.6486551037883554, 0.4874605592466703, -0.1694200247934135, -0.5456321606423418, 0.8190670870645136, -0.10909386413754667, 0.7218872150619273, -0.2652524747136111, 0.21587532170755847, 0.30579957198880453, -0.1302391318224949, 0.40015084390115874, 0.05106905268246175], [-0.19460032776012537, 0.14510569456760014, -0.09208504100073128, -0.707078074037937, -0.5370582381559494, 0.3653799641841423, 0.252483216711876, 0.6496379132923986, -0.21848271716453735, -0.19496879652755492, -0.5978433765756149, 0.10070324517817555, 0.5272339217332489, 0.6976944689793138, -0.025958544095742664], [-0.5524279342013514, -0.6077835321305397, -0.2880544427392454, -0.19175814699824845, -0.09467017911170014, 0.18155944662995438, -0.12953058122520866, -0.2829488763518488, 0.3016671181763747, 0.6100484639377527, 0.5087988069610835, 0.6640917849949999, 0.5248969065214993, 0.10172513666030061, 0.02190301269946662]], "inverted": false, "swapped": false, "error_lsq": 0.04037868840135653, "error_max": 0.26167540895688984, "target": "285.xyz", "model": "23.xyz", "model_rescale": 4.410303926677745, "target_rescale": 4.071900121912546},
{"mapping": [4, 3, 1, 8, 10, 7, 5, 0, 15, 11, 9, 6, 13, 12, 16], "R": [[0.786215632018386, 0.11265999138415322, -0.6075958412557254], [0.5352910975830799, -0.6154282026013678, 0.5785426244376051], [-0.30875300940757106, -0.7800998998744793, -0.5441651637118973]], "T": [0.06732257495682104, -0.009356442384229287, 0.1355259178779272], "aligned_model": [[0.38351221118487633, -0.16866938281508892, -0.7136083516909976, 0.4367827071846824, -0.13704920793006112, -0.44604237403695646, 0.6140446187292388, -0.07097902047042653, 0.6611419558093062, -0.395802420151048, 0.16262099860344084, 0.5633070009086005, 0.037298947039315966, 0.2834891319010665, 0.01605242700300813], [-0.1913993544864272, -0.007631834260152633, 0.0017488787799242941, -0.6670920412209448, -0.558449273341659, 0.3974025596913312, 0.22896663206630005, 0.5843673135636387, -0.2769818531231064, -0.30358130866871247, -0.5922614858235986, 0.3526601158688567, 0.4371275801730896, 0.7647540091571978, 0.0005333709528257471], [-0.4482281956720091, -0.7325500040481798, -0.2199440656891212, -0.19095495441252167, -0.1482225334419129, 0.24925559763395402, -0.06422180417589377, -0.31028859670364406, 0.4271924625579224, 0.45122902774062246, 0.3442360144516208, 0.5836794077936828, 0.6776856943247268, 0.12135329437711362, 0.027295639086928947]], "inverted": true, "swapped": false, "error_lsq": 0.037890607868872446, "error_max": 0.24713208329208064, "target": "285.xyz", "model": "24.xyz", "model_rescale": 4.28219845311461, "target_rescale": 4.071900121912546},
{"mapping": [6, 14, 12, 8, 11, 13, 0, 2, 1, 9, 5, 3, 7, 4, 15], "R": [[-0.5388471363056865, -0.042443394412813584, -0.8413336567414144], [0.7795681408127929, 0.35336367319457457, -0.5171147148323318], [0.31924485512666767, -0.9345226978180663, -0.1573214853031738]], "T": [0.0379088897460358, 0.010632730037410582, 0.056504616051555975], "aligned_model": [[0.5286685404025631, -0.29452579273273394, -0.7100589015917276, 0.44978451698327215, -0.2901660598459953, -0.3882901823445094, 0.709301811195609, 0.06550606546028342, 0.6036458551401651, -0.32107266934779954, 0.23756164097945845, 0.38307667054670724, -0.23588619525053073, 0.3917563642401586, 0.09679757743403616], [-0.11799729425348573, -0.08037860232152189, -0.09175733436283287, -0.5170207890333872, -0.41531866267823003, 0.4222916310456335, 0.36506224222197925, 0.4728652784095623, -0.15947196270744654, -0.18547550759988063, -0.742639368486847, 0.08327279712173216, 0.48153475466479567, 0.607252597801825, 0.047943529506667165], [-0.6883486695687927, -0.6227219618752214, -0.06382974340760554, -0.12757767106200762, -0.029572731388911547, 0.013986889079560957, -0.24210120766228677, -0.4478360342096567, 0.3032503927924983, 0.5946007814720362, 0.40001677802537616, 0.7461624794961408, 0.6122325534307899, 0.2877734449252633, 0.03148168377610698]], "inverted": false, "swapped": false, "error_lsq": 0.0400630076439972, "error_max": 0.24842380848733678, "target": "285.xyz", "model": "25.xyz", "model_rescale": 4.100010024507729, "target_rescale": 4.071900121912546},
{"mapping": [11, 13, 5, 7, 10, 4, 9, 1, 6, 0, 8, 14], "R": [[-0.5150629465972139, 0.37264666630203, -0.7719097247324839], [-0.21954007764937836, -0.9278646308733949, -0.3014454860831114], [-0.8285603872671566, 0.01420172060568306, 0.5597195688767167]], "T": [0.07340727065290265, 0.1410206161066579, 0.057892375517092205], "aligned_model": [[-0.574878039484317, -0.023962332795184865, 0.36371721389048656, 0.5430175088655262, -0.5904727006238316, 0.14049827998336323, -0.20192329961075917, 0.6653623873706864, -0.052828827759247854, 0.20029711770977382, -0.5676700265664171, -0.024391678617071116], [-0.4145990720488388, -0.6509421372171558, -0.18322384666738117, -0.36350400303628055, 0.4933497605676664, 0.6796863566007223, 0.23690092779159128, 0.3811200600423881, -0.23569666808736006, 0.5180125818950599, 0.10495670710319566, 0.10007072310703255], [0.003705149754130173, -0.015160351593569536, 0.5496337219340376, -0.1523557778580752, 0.11350627044211742, 0.20431486158742884, 0.641203717973155, -0.1355336414774821, -0.5430986601161902, -0.6804955581662581, -0.37956157731975265, -0.04096586530518442]], "inverted": false, "swapped": true, "error_lsq": 0.04709985896644448, "error_max": 0.25917982950921387, "target": "285.xyz", "model": "26.xyz", "model_rescale": 3.6694154284099745, "target_rescale": 4.071900121912546},
