[{"mapping": [8, 9, 10, 2, 6, 3, 11, 5, 13, 4, 0, 14], "R": [[0.20530546851598724, -0.7638583938384311, -0.6118578419535076], [0.9486915837048691, 0.0017060192652026823, 0.3161983056656284], [-0.24048688863424217, -0.6453816263737597, 0.7250162844613786]], "T": [0.09561894844500171, -0.18741658565459046, 0.06785395035942532], "aligned_model": [[-0.3301865886254799, 0.18251845651195372, 0.29638509723479367, -0.10323010190962384, -0.09940720294439384, -0.487601273249303, 0.48342730137972845, -0.2577285896268655, 0.5632285912820757, 0.17803758159545321, -0.5757458693328196, -0.012054939854970331], [-0.2771541126938912, -0.6945360258303139, -0.29821947608957133, 0.5575717414315464, 0.2841641807053293, -0.4927271473111609, -0.1283232897388163, -0.7169501137604049, 0.12999366866424067, 0.4576709282282078, 0.28082700679106415, -0.04876232441917244], [-0.5487333094846273, -0.12721775227067555, -0.6817396735070512, -0.07168821083055882, -0.651436820638672, 0.021023983540883556, 0.7293327708114926, 0.5859247526682823, 0.15623323789366309, 0.42765039885524014, 0.2644094715261885, 0.07819289678939707]], "inverted": true, "swapped": true, "error_lsq": 0.04326685521187306, "error_max": 0.22549406906736646, "target": "286.xyz", "model": "0.xyz", "model_rescale": 3.751011558992144, "target_rescale": 4.22496183893356},
{"mapping": [7, 6, 12, 1, 11, 4, 3, 13, 0, 8, 2, 10, 5, 9, 14], "R": [[-0.5245679854363713, -0.8365815909265226, -0.15798629807067321], [-0.28568357025903374, -0.0018424109757472218, 0.9583222334923929], [-0.8020058144049075, 0.5478392531068261, -0.23803114589497787]], "T": [-0.049773024080411586, -0.043722392715373634, -0.02425435043973227], "aligned_model": [[-0.24676978614495282, 0.03168163863481658, -0.7545121421797105, 0.38512463632143795, -0.46196839417140306, 0.672960756541287, -0.5365958074805942, -0.5733833145354241, 0.026392422785664234, 0.49114020124309227, -0.06017787567554667, 0.1452659505029797, -0.05974898810461264, -0.42395316087296203, -0.10016851437563737], [-0.4987416025213651, -0.08902717465525607, -0.1676605312277053, -0.48880424861886035, 0.29170361712589804, 0.21358153050000567, -0.572942159310188, 0.031899179112142836, -0.7902793452783455, -0.02213639439517516, -0.3467753734510421, 0.7147685003501235, 0.3090850921242142, 0.48696484758384856, -0.026558964765769064], [-0.4645120229916844, -0.769263316778708, -0.22414736512491726, -0.33802451466562183, -0.6194982985183243, -0.21667197789638915, 0.23330322704655357, 0.473355777978623, 0.08690346432407393, 0.35962737546880535, 0.7450237084691503, -0.2673697791130783, 0.49102557909233496, 0.08777198373129137, -0.03727447879125114]], "inverted": false, "swapped": false, "error_lsq": 0.04192033485216699, "error_max": 0.262256619479062, "target": "286.xyz", "model": "1.xyz", "model_rescale": 3.9405287249114394, "target_rescale": 4.22496183893356},
{"mapping": [5, 11, 12, 2, 4, 9, 3, 0, 7, 10, 6, 8, 14], "R": [[-0.6272721754661111, 0.07915686574463643, -0.7747669381765707], [0.7589248877148516, 0.28544180250147144, -0.5852828309387788], [0.17482171688040488, -0.955121546186765, -0.23912381587117382]], "T": [-0.08918275186948679, 0.06708632330120437, -0.07131218028982327], "aligned_model": [[-0.1939968440287548, 0.15557674025212548, -0.4939105969916282, 0.528727511906074, 0.5953840739630434, -0.6299922024149327, -0.20115518066145416, 0.5861148829666548, -0.029833840751161217, -0.5857059655349534, 0.030177412959312422, -0.32812188391102004, 0.06271917153062576], [0.8649825831549605, 0.44397700897151626, 0.002123169233373523, -0.3833370981341695, -0.018060373849161593, 0.1585741581316323, 0.36607166135301017, 0.17052075306063866, -0.7095857291586903, -0.5259735454856932, -0.6967055729321349, -0.2466420891678279, 0.03288766839456295], [0.09003576934325914, -0.6954017317214471, -0.6331217484931824, 0.09993680339877366, -0.347903063982757, -0.027383436258185567, 0.5062892001317487, 0.42051225631581274, -0.291615568241553, 0.056044084949438924, 0.35316152027327125, 0.5721360325058199, 0.010430231367645093]], "inverted": false, "swapped": true, "error_lsq": 0.05490481023486696, "error_max": 0.2693767201120416, "target": "286.xyz", "model": "2.xyz", "model_rescale": 3.932901565614263, "target_rescale": 4.22496183893356},
{"mapping": [2, 0, 6, 4, 7, 10, 8, 13, 11, 12, 3, 5, 9, 14], "R": [[0.6180864966529227, -0.7068761191325548, -0.3439407432326318], [0.09457140539485936, 0.5012076994251771, -0.8601436457467804], [0.7804007508562238, 0.4991162131578375, 0.37663997905960855]], "T": [0.06175603938536407, -0.03897025073779536, 0.1368265696685683], "aligned_model": [[-0.11059661993941806, 0.4162219978844662, 0.050046448815870906, -0.3388183053697566, -0.5033796385374673, -0.01795983297273139, 0.513950018332, -0.5048368765776835, -0.3451166602333873, -0.38319248806938666, 0.7215906092903456, 0.5938704453179551, 0.23847183330049515, 0.08955898081140164], [-0.006777864590367465, 0.3459274579609256, -0.6192555527737464, 0.4135698687300165, -0.5019344552919776, -0.8187444157691086, -0.5838921799297612, 0.028171354794196045, 0.5501178523764175, -0.20328966454057934, -0.04479392982770721, 0.4249554670546573, -0.3343009056268436, 0.013743605784366703], [-0.6269003305836877, -0.5225856621115109, -0.5272025606405965, -0.2957608210447349, -0.21182965629967923, 0.14534473929674044, -0.12417864991740743, 0.09579708669476333, 0.4176670567943407, 0.6454273650787368, 0.12508617084245535, 0.5554968261047609, 0.5661585539618128, -0.028623755118896144]], "inverted": false, "swapped": true, "error_lsq": 0.05379922187082265, "error_max": 0.2952096214139508, "target": "286.xyz", "model": "3.xyz", "model_rescale": 3.9243930471874484, "target_rescale": 4.22496183893356},
{"mapping": [2, 0, 6, 7, 10, 4, 13, 8, 9, 5, 12, 11, 14], "R": [[-0.10800939231431872, -0.44620420547156237, 0.8883894293559458], [0.9634371892203265, -0.2673840067937996, -0.017163197200107838], [0.24519941598447587, 0.8540536282519879, 0.45876970962617714]], "T": [-0.040194029127508045, 0.0779207647910399, -0.038958486977776624], "aligned_model": [[-0.08359725168088014, -0.4626936309151358, 0.5212656285385858, 0.44437584487749104, 0.7427901937773604, -0.48097638907207907, -0.07609391384824987, 0.4707016192104616, 0.2563415770224505, -0.5219118257571601, 0.16315434314777738, -0.5971987334267903, -0.0989515755624786], [-0.5265727157594804, -0.05626587213992729, -0.3213567934461513, -0.5690933867906219, 0.04206784140759247, -0.516146784204414, -0.3969102835750026, 0.2909458919597331, 0.4886351861775109, 0.7416527937751456, 0.042094801160836734, -0.08838714948544035, -0.0028339753981930504], [-0.5356720455958283, -0.754573527537888, -0.5895430095272437, 0.003937642521837759, -0.02776909303406047, -0.11092288373275555, 0.2780046337013691, -0.551938954310691, 0.17587847125771147, -0.006318720350257961, 0.6251354602551857, 0.4645581494626383, -0.1837058077390535]], "inverted": false, "swapped": true, "error_lsq": 0.04589981004875694, "error_max": 0.25165657050614126, "target": "286.xyz", "model": "4.xyz", "model_rescale": 3.8936222436046832, "target_rescale": 4.22496183893356},
{"mapping": [5, 9, 11, 1, 13, 7, 6, 2, 0, 3, 4, 14], "R": [[-0.11904010399997411, 0.43306257036544515, 0.8934686697294704], [0.786643855974205, -0.5079281219236303, 0.3509992404794746], [0.6058224966916544, 0.7446246256387226, -0.28020219377207367]], "T": [-0.21898643737858853, -0.16259318439875822, -0.08697269547853453], "aligned_model": [[0.21514333583795214, -0.4611619018494125, -0.29613969519330163, 0.39921846746519657, -0.5515896490411718, -0.7074507735568916, -0.2482683548177902, 0.03185794694706007, 0.5442940270558043, 0.23643997852986204, -0.040640730815036163, -0.09415460834717412], [-0.5307020222704733, -0.644488049871323, 0.27785786247294475, -0.11321910593182777, 0.30050115599355254, 0.19541650643082728, -0.10677159289307525, 0.3540003962796199, 0.09095603865884563, -0.6376897193474037, 0.5588878241505342, -0.07582638856241411], [-0.6783142378567733, -0.19607358141876519, -0.7126657642055187, -0.3811723807764444, -0.13320776414254595, 0.45015578693531116, 0.7927030126106807, 0.44615837126330077, 0.16148771870670434, -0.03774390291763889, -0.09346725174688927, 0.0014247128240968965]], "inverted": true, "swapped": true, "error_lsq": 0.046374771084825774, "error_max": 0.2513234679816652, "target": "286.xyz", "model": "5.xyz", "model_rescale": 3.6523030999806103, "target_rescale": 4.22496183893356},
{"mapping": [5, 9, 12, 11, 13, 3, 10, 1, 8, 2, 7, 4, 14], "R": [[-0.15450590748924528, 0.9160549176768525, -0.3700963554954031], [-0.4656865622659344, 0.26284964892338986, 0.8450124778876267], [0.8713575329770558, 0.30290831923356903, 0.385982641919599]], "T": [0.05678741429796412, -0.05790136460197699, 0.0696526088669902], "aligned_model": [[0.16563248994943514, -0.1926346602850541, 0.3057301087609602, 0.812102743651191, 0.4487901994932502, -0.35626027166138585, -0.4873047430952833, 0.24362889799109322, -0.6888292379995871, 0.036826977394312704, -0.017181363336862043, 0.5633354498660855, 0.04724631393613871], [-0.7250693493853573, 0.0327326597347732, 0.43093931523727685, -0.09928219404608839, 0.32868687985242273, -0.559481752961545, 0.5021334628095763, -0.7143248877448231, -0.07767967524681411, -0.012460272689906224, 0.639913003552269, -0.07820424690357004, -0.12707603804503087], [0.5351601016542626, 0.5516782540526509, 0.49710688190247765, 0.20831747944831952, -0.08559651910100868, 0.18524731022099433, 0.1389320742169865, -0.003607046215768961, -0.04527195076077939, -0.7123686537567078, -0.33390541744261815, -0.47383713035575203, -0.09174564438126726]], "inverted": false, "swapped": true, "error_lsq": 0.04798986165239761, "error_max": 0.3504908708611152, "target": "286.xyz", "model": "6.xyz", "model_rescale": 4.08911054899281, "target_rescale": 4.22496183893356},
{"mapping": [10, 8, 5, 11, 4, 9, 7, 7, 13, 1, 2, 3, 0, 6, 14], "R": [[-0.0631526231449126, -0.8420650764798079, 0.5356660836407061], [-0.4946914868188885, -0.4397466733053567, -0.7496020252012325], [0.8667710649640044, -0.31232878556086874, -0.388791268743575]], "T": [-0.08927318685447086, -0.1451848885573666, -0.10144930956762607], "aligned_model": [[-0.14340864056411343, 0.0702236835073575, -0.7861888755102794, 0.2961507530777082, -0.5109026805721869, 0.6102914109504194, -0.6888054234505385, -0.6888054234505385, -0.014669963875713968, 0.5060340984418273, -0.08977570639837598, -0.026548454538464022, 0.21321325650598918, -0.2843135147859558, 0.07279310315129972], [-0.45126312102990357, 0.15796958535479627, -0.2883782533665065, -0.5335775150803869, 0.28706208094524016, 0.1596869141066452, -0.2910782493081099, -0.2910782493081099, -0.7456594615252388, -0.162483999504974, -0.09224038587219557, 0.6425058438923659, 0.5690280687540112, 0.21058040282347856, -0.1259966883085865], [-0.7515726569103607, -0.6912010256115946, -0.37403950154702337, -0.3138889884104975, -0.4650983396576427, -0.28094823810556546, 0.36606025087838334, 0.36606025087838334, 0.3105690986277565, 0.32663483600304255, 0.7031227322041362, -0.1468404346303784, 0.43058263148061937, 0.18929678994629087, -0.12848804291469132]], "inverted": false, "swapped": false, "error_lsq": 0.05168245681459597, "error_max": 0.35890459499413074, "target": "286.xyz", "model": "7.xyz", "model_rescale": 3.964800864290218, "target_rescale": 4.22496183893356},
{"mapping": [10, 6, 7, 9, 13, 3, 12, 2, 0, 1, 5, 11, 4, 14], "R": [[-0.9224605607722359, -0.03762465785249941, -0.38425369086224026], [-0.12281409696404669, 0.9721410385542185, 0.19964593345628406], [0.3660371721651743, 0.23135726978032833, -0.9013826059521644]], "T": [-0.09859250205021833, -0.0008432975638468752, 0.0648134853497762], "aligned_model": [[-0.24831671475548867, 0.3625977409376654, 0.3380099810090207, -0.6168403538977583, 0.18581896022115554, -0.36098659083619444, -0.4017095589427111, 0.6542098087222997, 0.4244768176784268, -0.04359840619518887, -0.5832440483902439, -0.047094562459580255, 0.5499079542790762, 0.047956862090393904], [-0.1675594622931824, -0.4759382962323904, 0.16654379586116058, -0.0381297541376651, 0.4717696670733766, -0.5568908868932652, 0.5555857044821708, -0.20250223400891137, -0.48503880358117285, -0.18011016529659063, -0.1079465859320479, 0.6470718745472983, 0.2689041242637405, -0.08481051167131864], [-0.6863611338418176, -0.5177593720529001, -0.5959702809516071, -0.11630389229522715, -0.08673205853553163, 0.3046339023612346, -0.22182504386673285, -0.01669063306463943, 0.5126639648947189, 0.7251221998016906, 0.718494876017679, 0.4759040570014466, 0.30785196494950096, 0.11378648830720617]], "inverted": false, "swapped": true, "error_lsq": 0.039768015313504046, "error_max": 0.28089375413485757, "target": "286.xyz", "model": "8.xyz", "model_rescale": 4.121658175737393, "target_rescale": 4.22496183893356},
{"mapping": [13, 4, 2, 6, 11, 9, 1, 3, 0, 5, 10, 8, 14], "R": [[0.17744913387174482, 0.8133979963263354, 0.5539815019118155], [0.36679875690280045, 0.4676910995416274, -0.8041913375211799], [-0.9132198403575824, 0.34590278255869367, -0.21536199338654272]], "T": [-0.20231876565668375, -0.006251371590265745, 0.004246827907205479], "aligned_model": [[-0.5395131826585586, -0.11568948104215587, 0.26149535697847015, 0.25989234403167716, -0.6500059869228608, -0.425128112573181, 0.14032110028601394, 0.2389590005514964, 0.5467928450313269, -0.14450548033294291, -0.30159393918945654, 0.262451726831199, -0.056738694555830665], [0.0359875857456102, -0.27809691179949253, 0.1581538239033144, 0.6972761373673995, -0.5628722409231259, 0.15391218386883382, -0.5977711890872454, -0.11206926278228528, -0.29433245524207774, -0.6346646170169273, 0.7548914472397654, 0.49580633236009103, -0.025833394222150807], [-0.4558996071675045, -0.6820326962836367, -0.6055629444070869, -0.2588363649993011, -0.2806933866517319, 0.48119362861223997, 0.06646247386440429, 0.48344398858162224, -0.24963884969554867, 0.529043944197863, 0.1632467563141713, 0.32278957131485986, -0.09244107972126236]], "inverted": true, "swapped": true, "error_lsq": 0.042974642926698545, "error_max": 0.28189820221793627, "target": "286.xyz", "model": "9.xyz", "model_rescale": 3.833441315466971, "target_rescale": 4.22496183893356},
{"mapping": [1, 0, 6, 5, 12, 13, 4, 7, 4, 2, 3, 10, 9, 11, 14], "R": [[-0.4808537393356438, -0.41913868517158515, 0.7701314458971038], [0.777208240924884, 0.20282537668174488, 0.5956586411799597], [-0.40586578028379816, 0.8849771913255976, 0.22822869939619891]], "T": [-0.14348931825346994, 0.03477280352160096, -0.07748236680553558], "aligned_model": [[-0.22280794251108543, 0.19162455379024163, -0.634315618359049, 0.3009693978086218, -0.5910894343582835, 0.6336866635292655, -0.2720778977641709, -0.4948753955003142, -0.2720778977641709, 0.45268199323461084, -0.0932161772245716, 0.022915506282148168, 0.16434429448293103, -0.5304775179016648, -0.1199969052560741], [-0.32085341703147446, 0.06217628836751836, -0.4175698364967874, -0.45825412374590646, 0.1469065523802059, 0.013080186294155374, -0.7154873779507032, 0.21163795489390363, -0.7154873779507032, -0.09070337269044369, -0.3275428993740906, 0.7596898432252832, 0.28080105729368926, 0.5828444433666041, 0.03383905199127469], [-0.72001445161908, -0.6697413502628039, -0.20280294448844544, -0.2071592736648815, -0.4649100577888279, -0.2541556956147242, 0.1601880297667014, 0.46025411115457404, 0.1601880297667014, 0.303943578155502, 0.7102496894635499, -0.4275664473324716, 0.6314736908935485, 0.04578438448705205, 0.014518069314462922]], "inverted": false, "swapped": false, "error_lsq": 0.051420117537738654, "error_max": 0.3375522914026038, "target": "286.xyz", "model": "10.xyz", "model_rescale": 4.2482417240324, "target_rescale": 4.22496183893356},
{"mapping": [8, 10, 7, 12, 0, 4, 2, 11, 9, 1, 3, 14], "R": [[-0.058498726176681226, 0.9569064223075767, 0.28444331242308973], [-0.17518768570895327, 0.27066926850130996, -0.9465978142088153], [-0.9827955910623768, -0.1052057319516363, 0.1518044141415979]], "T": [0.05894816427396658, 0.024019669575276147, -0.1371704436906484], "aligned_model": [[-0.5732289811523105, -0.05074925802745074, 0.222768943423427, 0.6560191086008207, -0.4954921695317545, 0.2541915671684449, -0.20570712950475895, 0.67522210821187, 0.07943162405789556, -0.1615588193255797, -0.4834490343867969, -0.04068235717080042], [-0.37933943226733324, -0.7088669852253716, -0.29786865551670194, -0.32304660864133455, 0.6286161244456069, 0.5909073007214639, 0.3231172757532676, 0.4626719417993769, -0.40078983148341, 0.5976147010250648, 0.03992033858117321, 0.1331952208588372], [-0.05233813898061984, 0.11840450564016652, 0.5872783202357945, -0.21906132776211448, 0.051710196728177504, 0.3020363906001306, 0.5370096246327931, -0.27585056566437716, -0.4863007001265152, -0.44300368077698365, -0.5128110424743146, -0.041881292197781306]], "inverted": false, "swapped": true, "error_lsq": 0.042116074854638814, "error_max": 0.23505064568172984, "target": "286.xyz", "model": "11.xyz", "model_rescale": 3.6694154284099745, "target_rescale": 4.22496183893356},
{"mapping": [13, 7, 10, 6, 2, 11, 4, 5, 8, 3, 9, 0, 12, 14], "R": [[0.5950713807494664, 0.6732773101993809, 0.4388481689418453], [-0.1810381032852541, 0.6443171523930263, -0.7430212731079909], [-0.7830167667245711, 0.3627024547791601, 0.5053035447385761]], "T": [-0.06733732224682432, 0.02083583214347757, 0.05086847663826465], "aligned_model": [[-0.1755847591742189, 0.13049317268551539, -0.08353835432072426, 0.5803322735059964, 0.6250409676195113, -0.45353114142712453, 0.23929573609156518, -0.341352137998141, 0.31072384695514865, 0.11502934456951772, -0.43137401878374154, 0.6550434703887528, -0.6711014270280221, 0.09878787717177479], [-0.2233523839494599, 0.24738733963331277, 0.7336535763917136, 0.4994079033878969, -0.13934692971767168, -0.634710151237107, -0.5747372707121803, -0.20995055212813635, 0.6507536953610507, 0.23090272843690696, 0.3977365707479096, -0.297982472502924, 0.08800071285537792, -0.03677547843043516], [-0.4549709777403149, -0.7006718501540607, -0.2748665660183478, -0.3087086354414814, -0.2792441611013583, -0.06118224328494332, -0.27108348048734354, 0.7893203178833054, 0.22354234872681197, 0.6493396202704143, 0.2187902950161809, 0.3426521848383406, -0.2876763734262615, 0.05385498057147372]], "inverted": true, "swapped": true, "error_lsq": 0.046478258464114804, "error_max": 0.33608658013162085, "target": "286.xyz", "model": "12.xyz", "model_rescale": 3.9764082729961374, "target_rescale": 4.22496183893356},
{"mapping": [7, 4, 2, 14, 0, 6, 8, 1, 11, 13, 10, 5, 12, 9, 15], "R": [[-0.6870797839721889, -0.41633111473975004, -0.5954744103286784], [-0.7265690031454471, 0.3887915919602043, 0.5665144143702625], [-0.004342133687657179, 0.821893850153782, -0.5696241260291135]], "T": [-0.06148045956119287, -0.05120853929228581, -0.03603057069806613], "aligned_model": [[-0.4485889071068424, 0.03961126236741962, -0.8432426431965078, 0.5692081820915491, -0.5396744521439527, 0.648906730817059, -0.42536710866765337, -0.5397031440906683, 0.15314950346881917, 0.44458062802176246, -0.2587584249498125, 0.11747287902320123, -0.013107931997738381, -0.3371360200289972, -0.03206293111920391], [-0.285615742638502, 0.10400481657851576, -0.19143910614326187, -0.5398344793269869, 0.27101841643825114, 0.06815663078194206, -0.6340067403163115, 0.019268933907317216, -0.7180042922705694, -0.05699174017787901, -0.3500532772334762, 0.7073253315902979, 0.27203643996561633, 0.48217294792235493, -0.10296116650478274], [-0.6412032830547891, -0.7299707696317064, -0.10980583934899947, -0.08382772114130037, -0.47717479650256567, -0.290512007386237, 0.13005856240154412, 0.3758657366825861, 0.337950847997128, 0.3079887258664903, 0.6836361062679119, -0.3449415209217531, 0.5120445308253924, -0.0041349973766637155, -0.12572421244618004]], "inverted": true, "swapped": false, "error_lsq": 0.044718628198132375, "error_max": 0.24645634003503902, "target": "286.xyz", "model": "13.xyz", "model_rescale": 4.170626492500431, "target_rescale": 4.22496183893356},
{"mapping": [9, 12, 10, 13, 8, 2, 7, 5, 3, 11, 1, 4, 0, 14], "R": [[0.8181012509476834, -0.4521342554917389, -0.35536594970363544], [-0.5529102705524185, -0.788320678164939, -0.2698902389772966], [-0.15811570420260992, 0.41728302552164975, -0.8949158064846162]], "T": [0.01137490220613946, -0.042432398950140726, 0.026314238966969557], "aligned_model": [[0.25236979512167695, -0.29404409663423164, -0.18375219333203785, -0.5264055609555373, 0.2817810987179103, -0.3599206907109266, -0.6937524780448587, 0.7048948340033776, 0.6323725590751819, -0.20364878016064725, 0.4280149145501959, -0.4180397178454499, 0.22349974490589997, -0.0001864065989098298], [-0.3221962508339592, -0.6155230292598886, 0.09294847024092634, -0.19356166786487367, 0.4561380043749468, 0.6051717689954302, 0.20604589112083052, -0.36617441168372705, 0.17314337715836972, -0.5549157140151812, 0.03438958068981021, 0.13748624065951393, 0.5950219456645627, 0.10810026267890532], [-0.3816419707433146, -0.2225656427571642, -0.7207281726897008, 0.14948511054353664, -0.4715321931557331, 0.2645766812674671, -0.2840553311425647, 0.3227578417748974, -0.03235778812262962, 0.5578847742077471, 0.5663864956001953, 0.6056384860126461, 0.5335339773041502, 0.11649083302133403]], "inverted": false, "swapped": true, "error_lsq": 0.05385348831668864, "error_max": 0.4140754452697675, "target": "286.xyz", "model": "14.xyz", "model_rescale": 3.9786697098870705, "target_rescale": 4.22496183893356},
{"mapping": [9, 10, 11, 5, 13, 4, 8, 2, 1, 3, 7, 14], "R": [[-0.26697372960969284, -0.4605131378936751, 0.8465534109113328], [0.8904532374263454, -0.4538063013730079, 0.03395398048965009], [0.3685350182211067, 0.7628810462067281, 0.5312197753127201]], "T": [0.03835935657133897, -0.03782852189003397, -0.10080752563858317], "aligned_model": [[-0.17798147584052776, -0.7385070233842606, 0.5985105905352149, 0.6144533980079139, 0.025518362869363695, 0.3797926784183824, -0.4700340899441862, -0.04362537859368777, 0.6364120754367267, 0.1174346277040482, -0.532746429403371, 0.07412726096171979], [-0.44723435041404114, -0.10788116902597902, 0.2783178080044204, -0.6166332719985228, 0.48047040499061755, 0.5926565975135643, -0.3948561826802358, 0.4833600947780936, -0.2160374338715769, -0.6003004701266578, 0.5358327631138502, 0.026979699940906654], [-0.3980584837116158, -0.17856472655166408, -0.5223803655106591, -0.18301648456464903, -0.34251039562802155, 0.09488615579033666, 0.3276902936461249, 0.4785554833001935, 0.18509995585645125, 0.23523684760193922, -0.09568264709291774, 0.05871086073831197]], "inverted": true, "swapped": true, "error_lsq": 0.04907377997330852, "error_max": 0.3016976431956871, "target": "286.xyz", "model": "15.xyz", "model_rescale": 3.769337070930944, "target_rescale": 4.22496183893356},
{"mapping": [9, 8, 11, 1, 12, 10, 13, 6, 4, 0, 14], "R": [[-0.6673369530321677, 0.3704864520033581, 0.6460659254284394], [0.037958226143021384, 0.8832791409263293, -0.46730839097165916], [-0.7437879833566942, -0.28732864125667884, -0.6035078191107163]], "T": [-0.06891137079380011, 0.08142549612817551, -0.11272860919282328], "aligned_model": [[-0.13916311786533056, -0.21415877292863347, 0.014737158128329264, -0.6410852155333979, 0.3541210261906687, 0.3395145393984102, 0.41379376618379043, 0.25437534667606765, 0.13425402145161575, -0.49240287568672564, -0.10135974532362364], [-0.12044786900174395, -0.6567102874516146, 0.8429165788200973, 0.3734246363595446, 0.2876697208361799, -0.542418899093838, 0.3756995934432758, -0.6011859261704334, 0.5142312018187611, 0.05770504453112335, 0.06518070353399011], [-0.6197655474507215, -0.052713733260776316, -0.18037342218422492, 0.129184913221301, -0.6247459348807988, -0.35455783489487264, -0.025450590935940043, 0.34260662623755045, 0.4562944663704795, 0.6143952721210519, 0.059343392880728554]], "inverted": false, "swapped": true, "error_lsq": 0.042235672483250254, "error_max": 0.21848886288962518, "target": "286.xyz", "model": "16.xyz", "model_rescale": 3.7852294659196426, "target_rescale": 4.22496183893356},
{"mapping": [9, 11, 1, 5, 12, 13, 2, 4, 3, 8, 6, 0, 14], "R": [[0.36346562443212393, -0.7834787004678656, -0.5040375638475283], [-0.7755060962617428, -0.5542542451583565, 0.3023119686430115], [-0.5162199478100775, 0.28100419505253865, -0.8090448738146951]], "T": [-0.09230302000133297, 0.03793256215982724, -0.10736793317705383], "aligned_model": [[-0.07393141440092535, -0.5187365952460148, 0.3322687199262754, 0.32463920687597825, -0.6793584920990988, -0.6143589885355439, -0.026923085970782468, -0.3109560362929087, 0.538801946215311, 0.3746958442280015, 0.05027021502316009, 0.4700496956036285, -0.012695165110796769], [-0.14513320257272164, -0.4598561545887133, -0.31131300190327027, -0.6690443901855393, -0.16702005924811003, 0.13692035662579746, 0.637793260713233, 0.17028985376046413, -0.07586209659249837, 0.48481534860869324, 0.9047886222606726, 0.24122381527108933, 0.12745327155377745], [-0.6259467894409533, 0.2948787144369104, 0.3036490159428743, -0.10676415040977853, -0.4188404465495529, 0.10447618014826417, 0.39254523291110777, 0.5905264870863696, -0.26328685153066766, -0.4969200659464902, -0.18506140710180713, 0.48512590052720983, 0.021372877069687587]], "inverted": false, "swapped": true, "error_lsq": 0.05184184199405679, "error_max": 0.29363149901074537, "target": "286.xyz", "model": "17.xyz", "model_rescale": 3.901054581598922, "target_rescale": 4.22496183893356},
{"mapping": [7, 6, 12, 1, 11, 4, 3, 13, 0, 8, 2, 10, 5, 9, 14], "R": [[-0.5245679854363713, -0.8365815909265226, -0.15798629807067321], [-0.28568357025903374, -0.0018424109757472218, 0.9583222334923929], [-0.8020058144049075, 0.5478392531068261, -0.23803114589497787]], "T": [-0.049773024080411586, -0.043722392715373634, -0.02425435043973227], "aligned_model": [[-0.24676978614495282, 0.03168163863481658, -0.7545121421797105, 0.38512463632143795, -0.46196839417140306, 0.672960756541287, -0.5365958074805942, -0.5733833145354241, 0.026392422785664234, 0.49114020124309227, -0.06017787567554667, 0.1452659505029797, -0.05974898810461264, -0.42395316087296203, -0.10016851437563737], [-0.4987416025213651, -0.08902717465525607, -0.1676605312277053, -0.48880424861886035, 0.29170361712589804, 0.21358153050000567, -0.572942159310188, 0.031899179112142836, -0.7902793452783455, -0.02213639439517516, -0.3467753734510421, 0.7147685003501235, 0.3090850921242142, 0.48696484758384856, -0.026558964765769064], [-0.4645120229916844, -0.769263316778708, -0.22414736512491726, -0.33802451466562183, -0.6194982985183243, -0.21667197789638915, 0.23330322704655357, 0.473355777978623, 0.08690346432407393, 0.35962737546880535, 0.7450237084691503, -0.2673697791130783, 0.49102557909233496, 0.08777198373129137, -0.03727447879125114]], "inverted": false, "swapped": false, "error_lsq": 0.04192033485216699, "error_max": 0.262256619479062, "target": "286.xyz", "model": "18.xyz", "model_rescale": 3.9405287249114394, "target_rescale": 4.22496183893356},
{"mapping": [5, 8, 2, 9, 6, 7, 10, 3, 11, 13, 14, 0, 12, 1, 15], "R": [[-0.5929517625091908, 0.766026948062558, 0.24821547530161692], [-0.8050038400622618, -0.5564809591463861, -0.20566419132296931], [-0.019417127034068317, -0.32176335551066315, 0.9466210003101884]], "T": [0.0019606239412164744, 0.03491559658421395, 0.0413970373416161], "aligned_model": [[-0.18871977162864034, 0.09118346608905002, -0.7327858157910546, 0.4361037946535339, -0.42503647187336174, 0.6317301760408632, -0.5385834044942949, -0.6214381917831402, 0.03858860801124413, 0.47464274235360565, -0.06209677278611235, -0.04527878191674982, 0.031685300918836284, -0.5238485450090714, -0.030858710296273302], [-0.4066169845547778, 0.16564160742763073, -0.28380751873092436, -0.47740764274896186, 0.18981609723048654, 0.04708811280154509, -0.4798099186435476, 0.17607016666748138, -0.6816590734544065, -0.29570370688136016, -0.32292388917350884, 0.6192556714778491, 0.34923338576009216, 0.4324704185072872, 0.013430246887640173], [-0.6368010231812155, -0.6983476145917296, -0.29607670693727156, -0.33015975874688525, -0.5518674657745487, -0.2730352924822935, 0.2879205336715825, 0.6043161245753348, 0.10767173041389222, 0.3857694178849484, 0.7252000165932072, -0.3177538687736802, 0.48912444681702133, 0.009864428934449256, 0.03442439382804757]], "inverted": false, "swapped": false, "error_lsq": 0.04315117522620777, "error_max": 0.24605264994467696, "target": "286.xyz", "model": "19.xyz", "model_rescale": 4.410303926677745, "target_rescale": 4.22496183893356},
{"mapping": [10, 6, 7, 9, 13, 3, 12, 2, 0, 1, 5, 11, 4, 14], "R": [[-0.9224605607722359, -0.03762465785249941, -0.38425369086224026], [-0.12281409696404669, 0.9721410385542185, 0.19964593345628406], [0.3660371721651743, 0.23135726978032833, -0.9013826059521644]], "T": [-0.09859250205021833, -0.0008432975638468752, 0.0648134853497762], "aligned_model": [[-0.24831671475548867, 0.3625977409376654, 0.3380099810090207, -0.6168403538977583, 0.18581896022115554, -0.36098659083619444, -0.4017095589427111, 0.6542098087222997, 0.4244768176784268, -0.04359840619518887, -0.5832440483902439, -0.047094562459580255, 0.5499079542790762, 0.047956862090393904], [-0.1675594622931824, -0.4759382962323904, 0.16654379586116058, -0.0381297541376651, 0.4717696670733766, -0.5568908868932652, 0.5555857044821708, -0.20250223400891137, -0.48503880358117285, -0.18011016529659063, -0.1079465859320479, 0.6470718745472983, 0.2689041242637405, -0.08481051167131864], [-0.6863611338418176, -0.5177593720529001, -0.5959702809516071, -0.11630389229522715, -0.08673205853553163, 0.3046339023612346, -0.22182504386673285, -0.01669063306463943, 0.5126639648947189, 0.7251221998016906, 0.718494876017679, 0.4759040570014466, 0.30785196494950096, 0.11378648830720617]], "inverted": false, "swapped": true, "error_lsq": 0.039768015313504046, "error_max": 0.28089375413485757, "target": "286.xyz", "model": "20.xyz", "model_rescale": 4.121658175737393, "target_rescale": 4.22496183893356},
{"mapping": [5, 9, 12, 11, 13, 3, 10, 1, 8, 2, 7, 4, 14], "R": [[-0.15450590748924528, 0.9160549176768525, -0.3700963554954031], [-0.4656865622659344, 0.26284964892338986, 0.8450124778876267], [0.8713575329770558, 0.30290831923356903, 0.385982641919599]], "T": [0.05678741429796412, -0.05790136460197699, 0.0696526088669902], "aligned_model": [[0.16563248994943514, -0.1926346602850541, 0.3057301087609602, 0.812102743651191, 0.4487901994932502, -0.35626027166138585, -0.4873047430952833, 0.24362889799109322, -0.6888292379995871, 0.036826977394312704, -0.017181363336862043, 0.5633354498660855, 0.04724631393613871], [-0.7250693493853573, 0.0327326597347732, 0.43093931523727685, -0.09928219404608839, 0.32868687985242273, -0.559481752961545, 0.5021334628095763, -0.7143248877448231, -0.07767967524681411, -0.012460272689906224, 0.639913003552269, -0.07820424690357004, -0.12707603804503087], [0.5351601016542626, 0.5516782540526509, 0.49710688190247765, 0.20831747944831952, -0.08559651910100868, 0.18524731022099433, 0.1389320742169865, -0.003607046215768961, -0.04527195076077939, -0.7123686537567078, -0.33390541744261815, -0.47383713035575203, -0.09174564438126726]], "inverted": false, "swapped": true, "error_lsq": 0.04798986165239761, "error_max": 0.3504908708611152, "target": "286.xyz", "model": "21.xyz", "model_rescale": 4.08911054899281, "target_rescale": 4.22496183893356},
{"mapping": [1, 2, 0, 11, 4, 15, 6, 7, 8, 9, 10, 3, 12, 13, 16], "R": [[-0.090146598883934, 0.5596183562709625, 0.8238330450001656], [0.8691207121347575, -0.3597208958043787, 0.3394555418019672], [0.4863155132709946, 0.7466111253164402, -0.4539482890216546]], "T": [-0.026916240661102972, -0.08861123095412769, -0.00977700456573509], "aligned_model": [[-0.07768473648682317, 0.020427980667582737, -0.7548846347582586, 0.4802526952521615, -0.42980443255048456, 0.5546495068440073, -0.5383519260928631, -0.5703015660511819, -0.04643290415977715, 0.4740173208311169, -0.10166751826777314, -0.029778195248369263, 0.013376159193993833, -0.3887962810770105, -0.0697338456078864], [-0.5416389824719369, 0.12025022187504401, -0.19911363120288333, -0.6245688145897796, 0.2914952410415542, -0.02838686901343114, -0.5714145857688905, 0.028701920796208882, -0.779579941333366, -0.003827631907503612, -0.21932432464282248, 0.7510773472485319, 0.4386987773379638, 0.4520819025795385, -0.06937365737570203], [-0.6595360348626222, -0.6992617742322742, -0.2504648416372129, -0.21330137471950167, -0.4334423921664447, -0.4452782392962826, 0.23699938976306723, 0.4338063591738826, -0.06402973890055569, 0.4896475842021188, 0.7829787856051331, -0.23157358737623213, 0.5052862766949234, 0.10608385045598522, -0.017664900473125834]], "inverted": false, "swapped": false, "error_lsq": 0.04052911840139044, "error_max": 0.2932338083390132, "target": "286.xyz", "model": "22.xyz", "model_rescale": 4.204369325754507, "target_rescale": 4.22496183893356},
{"mapping": [5, 8, 2, 9, 6, 7, 10, 3, 11, 13, 14, 0, 12, 1, 15], "R": [[-0.5929517625091908, 0.766026948062558, 0.24821547530161692], [-0.8050038400622618, -0.5564809591463861, -0.20566419132296931], [-0.019417127034068317, -0.32176335551066315, 0.9466210003101884]], "T": [0.0019606239412164744, 0.03491559658421395, 0.0413970373416161], "aligned_model": [[-0.18871977162864034, 0.09118346608905002, -0.7327858157910546, 0.4361037946535339, -0.42503647187336174, 0.6317301760408632, -0.5385834044942949, -0.6214381917831402, 0.03858860801124413, 0.47464274235360565, -0.06209677278611235, -0.04527878191674982, 0.031685300918836284, -0.5238485450090714, -0.030858710296273302], [-0.4066169845547778, 0.16564160742763073, -0.28380751873092436, -0.47740764274896186, 0.18981609723048654, 0.04708811280154509, -0.4798099186435476, 0.17607016666748138, -0.6816590734544065, -0.29570370688136016, -0.32292388917350884, 0.6192556714778491, 0.34923338576009216, 0.4324704185072872, 0.013430246887640173], [-0.6368010231812155, -0.6983476145917296, -0.29607670693727156, -0.33015975874688525, -0.5518674657745487, -0.2730352924822935, 0.2879205336715825, 0.6043161245753348, 0.10767173041389222, 0.3857694178849484, 0.7252000165932072, -0.3177538687736802, 0.48912444681702133, 0.009864428934449256, 0.03442439382804757]], "inverted": false, "swapped": false, "error_lsq": 0.04315117522620777, "error_max": 0.24605264994467696, "target": "286.xyz", "model": "23.xyz", "model_rescale": 4.410303926677745, "target_rescale": 4.22496183893356},
{"mapping": [9, 10, 14, 4, 11, 3, 6, 13, 5, 0, 12, 1, 7, 7, 16], "R": [[0.3553092441469171, 0.7187139418469223, 0.5976668058530652], [-0.7293562437251552, -0.1867372701721105, 0.6581554996106924], [0.5846322012709173, -0.669760749614015, 0.4578490226194596]], "T": [-0.13805057169253696, -0.1507452258042268, -0.11764820885684124], "aligned_model": [[-0.40070193827619816, 0.09360188937051767, -0.8013101150957633, 0.425195126699479, -0.478613898340558, 0.727033604191135, -0.5517273643769481, -0.6359262204558197, 0.08159637230651248, 0.3617966394688662, -0.05205227101438836, 0.21909784714723604, -0.21173821366789733, -0.21173821366789733, -0.02922562179984213], [-0.30421785895193, -0.008941429168490583, -0.25649219081995556, -0.49174189284099334, 0.2828090882520712, 0.07305631079508995, -0.6001210547871191, -0.06699068330700814, -0.6718355039385747, 0.04361125017300413, -0.2843775955660062, 0.6224303106213483, 0.4039939174994528, 0.4039939174994528, -0.1000996128878157], [-0.6652615707599543, -0.7092669769995833, -0.20163837190669806, -0.31854601696797274, -0.4287249902410662, -0.22153865830006053, 0.33493434193370175, 0.3715262373367012, 0.15771005859427184, 0.414107502749576, 0.670338159563336, -0.22243344810174348, 0.2411909068887928, 0.2411909068887928, -0.12333871844723607]], "inverted": true, "swapped": false, "error_lsq": 0.04394694695433329, "error_max": 0.40964678499251, "target": "286.xyz", "model": "24.xyz", "model_rescale": 4.28219845311461, "target_rescale": 4.22496183893356},
{"mapping": [2, 14, 0, 13, 6, 12, 4, 1, 7, 9, 3, 10, 5, 8, 15], "R": [[0.4083617153707675, -0.2377163894835348, 0.8813237927063791], [-0.909863464010743, -0.028353637229295542, 0.413937855377158], [-0.0734110773508721, -0.970920691625625, -0.2278679975235715]], "T": [-0.03061119070438878, -0.09381501879153561, -0.018630435524973732], "aligned_model": [[-0.2670687354237012, 0.16056664416742167, -0.8117357119465449, 0.274658219414311, -0.6283620080965194, 0.677970643388299, -0.44990745714181546, -0.4784452299175086, 0.2444835169304692, 0.4694387865477806, -0.2276055226229662, -0.0030903905033263235, 0.01967130806681186, -0.3450338473801194, -0.10025259299415759], [-0.35532274477693016, 0.16704991905908337, -0.230203269463393, -0.5250946600344616, 0.3416581422893844, -0.06577026091420882, -0.6761146361870518, 0.06477906216785201, -0.7554418783993875, -0.13927044479370249, -0.3391419341347173, 0.6268528610219833, 0.5248157230710023, 0.5182520346199726, -0.11197094095289989], [-0.6055559531021033, -0.708228249144295, -0.21045561486462422, -0.2901537590759326, -0.533658804885587, -0.3041915956684163, 0.12196248591270711, 0.41051987573365767, 0.2848803653157358, 0.4338709549435373, 0.6892207371518659, -0.3496670368083645, 0.5645062178025904, 0.07333897257333605, -0.03613923365324889]], "inverted": false, "swapped": false, "error_lsq": 0.04018997906448607, "error_max": 0.23333113805980055, "target": "286.xyz", "model": "25.xyz", "model_rescale": 4.100010024507729, "target_rescale": 4.22496183893356},
{"mapping": [8, 10, 7, 12, 0, 4, 2, 11, 9, 1, 3, 14], "R": [[-0.058498726176681226, 0.9569064223075767, 0.28444331242308973], [-0.17518768570895327, 0.27066926850130996, -0.9465978142088153], [-0.9827955910623768, -0.1052057319516363, 0.1518044141415979]], "T": [0.05894816427396658, 0.024019669575276147, -0.1371704436906484], "aligned_model": [[-0.5732289811523105, -0.05074925802745074, 0.222768943423427, 0.6560191086008207, -0.4954921695317545, 0.2541915671684449, -0.20570712950475895, 0.67522210821187, 0.07943162405789556, -0.1615588193255797, -0.4834490343867969, -0.04068235717080042], [-0.37933943226733324, -0.7088669852253716, -0.29786865551670194, -0.32304660864133455, 0.6286161244456069, 0.5909073007214639, 0.3231172757532676, 0.4626719417993769, -0.40078983148341, 0.5976147010250648, 0.03992033858117321, 0.1331952208588372], [-0.05233813898061984, 0.11840450564016652, 0.5872783202357945, -0.21906132776211448, 0.051710196728177504, 0.3020363906001306, 0.5370096246327931, -0.27585056566437716, -0.4863007001265152, -0.44300368077698365, -0.5128110424743146, -0.041881292197781306]], "inverted": false, "swapped": true, "error_lsq": 0.042116074854638814, "error_max": 0.23505064568172984, "target": "286.xyz", "model": "26.xyz", "model_rescale": 3.6694154284099745, "target_rescale": 4.22496183893356},
