[{"mapping": [6, 7, 1, 5, 0, 9, 2, 8, 3, 10, 4, 11], "R": [[0.956348178765004, 0.23902502292461675, 0.16812257251406376], [-0.2098382454329703, 0.16128335468470067, 0.9643420504443753], [0.20338650822134863, -0.9575253092830162, 0.20439963394290073]], "T": [-0.02320195123957879, -0.016470334933209423, 0.07303854671260225], "aligned_model": [[-0.4528309225129962, 0.28608746643864086, -0.05710002471678072, 0.6976528018031584, 0.3673453908768946, -0.3264271511046523, -0.27884337454561453, -0.6465717565267485, -0.05940105965205572, 0.40760182057462463, 0.1035592042329614, 0.03140835931245474], [-0.41756112544314744, -0.6455335677742028, 0.16545701318517475, -0.05496252787682526, 0.43848511342572494, -0.4883018500905834, 0.6941710558877565, 0.099868442397131, -0.11246969457312075, -0.5025396769977196, 0.5531382161525407, 0.015717861324536106], [-0.350871363841061, -0.563532592333081, -0.6107990949393483, -0.33631839854177425, -0.07953834398772873, 0.30710247793449774, -0.2069373842681353, 0.10432537200261342, 0.7538514889263899, 0.27280353578850286, 0.6314525282144944, 0.044509791198460796]], "inverted": true, "swapped": false, "error_lsq": 0.05724263228325841, "error_max": 0.2739989001731465, "target": "287.xyz", "model": "0.xyz", "model_rescale": 3.751011558992144, "target_rescale": 3.6989708928056144},
{"mapping": [4, 8, 1, 2, 3, 10, 7, 6, 11, 9, 12, 14], "R": [[0.4733682152871355, -0.8455858861752156, 0.2467935206952306], [-0.7351777875748279, -0.22492400587052425, 0.639470728211806], [-0.48521763510042903, -0.4841422318745097, -0.7281278362369585]], "T": [0.08874157735109428, -0.06211709037468504, -0.05076105061166442], "aligned_model": [[-0.4148266118112552, 0.2054061168303432, -0.33109502522972767, 0.8178832686018565, 0.5798981381249902, -0.2903921586865829, -0.1786611079099753, -0.6125437842097305, -0.30928065861163784, 0.29236885529842926, 0.21731544948792364, 0.09640827229525323], [-0.5551932253592283, -0.4562348285540698, 0.19726681974476112, -0.04939821153434753, 0.5228147555017431, -0.7023839192115771, 0.5439414143234779, 0.1707370623263924, 0.04363572540852901, -0.3572992715474127, 0.4359128434126226, -0.04832990489362601], [-0.4097443007533173, -0.5717973697107589, -0.5428410885530304, -0.4405414069524259, -0.04567597429682791, 0.2938688178242033, -0.021334589807818057, 0.08229356411667577, 0.6327048450699155, 0.5020436463005121, 0.48534532738878716, 0.0017265455279147982]], "inverted": true, "swapped": false, "error_lsq": 0.05165847404993277, "error_max": 0.28258311895823746, "target": "287.xyz", "model": "1.xyz", "model_rescale": 3.9405287249114394, "target_rescale": 3.6989708928056144},
{"mapping": [5, 9, 11, 10, 3, 2, 6, 0, 1, 4, 7, 12], "R": [[-0.5672587618713608, 0.8219152586320888, -0.05169917511834521], [-0.4718299602245732, -0.3758102846778494, -0.7975858063962973], [-0.6749770260643311, -0.4280443172828024, 0.6009859205732286]], "T": [0.04297631669853875, -0.030671586528878646, 0.04017815980536926], "aligned_model": [[-0.4595193679970463, 0.3122363997265854, -0.13219048379910303, 0.6636472797956271, 0.5269595859790588, -0.3596003515762409, -0.15614157660945058, -0.7724880739518212, -0.3062632992102968, 0.482480131169784, 0.25205568841150794, 0.021304822241282294], [-0.3732928443416985, -0.47584895466180605, 0.12745303988995454, -0.010778100832127446, 0.2735378166314772, -0.5668693733953039, 0.46529602519875973, 0.16394614915504505, -0.11418885234807215, -0.22141268871284592, 0.5858886397577185, -0.10826159672383696], [-0.357546670867579, -0.5760176091512414, -0.632077359740961, -0.5306623819462974, 0.04424173633977088, 0.1609820796173379, -0.05843160680623183, 0.04864886310429618, 0.7460697161709353, 0.5521839711841863, 0.49300169810883593, 0.07565558014077875]], "inverted": true, "swapped": false, "error_lsq": 0.04742340908293524, "error_max": 0.2576716553955509, "target": "287.xyz", "model": "2.xyz", "model_rescale": 3.932901565614263, "target_rescale": 3.6989708928056144},
{"mapping": [5, 7, 9, 8, 3, 4, 10, 6, 2, 0, 1, 13], "R": [[-0.3890643868526429, 0.9075285087882269, -0.15817998805030437], [0.8771309240295596, 0.41742518641399484, 0.23748169583842224], [0.28154972028760433, -0.04634888870144657, -0.9584265937055967]], "T": [0.10011267931281202, 0.0762345189914918, -0.054712612771026674], "aligned_model": [[-0.4748637853828483, 0.2292537850070106, -0.049291864432492186, 0.5983647178974318, 0.6057878492685238, -0.20607814200576163, -0.26345495037015254, -0.556896524405662, -0.28168602485338917, 0.3447635635892443, 0.131777063972543, -0.005194934104560817], [-0.24486491518757997, -0.5420426247880814, -0.05524569167036075, 0.1666890836708887, 0.07073358517153913, -0.6604470960870595, 0.6933286596906708, 0.1339687590496498, -0.1308582597961441, -0.2244492283937819, 0.4348388980693091, 0.10381808988821484], [-0.3429779489990009, -0.38757669260992295, -0.7619496139958053, -0.5860784032645814, 0.015628273622232798, 0.3013404499644172, -0.042109420211795194, 0.12332649651646199, 0.6563022841540128, 0.4918087116291431, 0.5927199219092187, -0.09438604256055066]], "inverted": false, "swapped": false, "error_lsq": 0.05770625828649927, "error_max": 0.27251029495720547, "target": "287.xyz", "model": "3.xyz", "model_rescale": 3.9243930471874484, "target_rescale": 3.6989708928056144},
{"mapping": [11, 9, 10, 8, 4, 5, 3, 6, 0, 1, 2, 12], "R": [[0.3678297150539182, 0.7858657142401371, -0.4971080163356776], [0.9294403281040808, -0.32738814242524444, 0.17016956453234044], [-0.029016843679694676, -0.5246256602389812, -0.8508383744294101]], "T": [0.062362521216336765, -0.036043120332860806, -0.09576817497519488], "aligned_model": [[-0.36634122826165005, 0.2999623850061732, -0.08379248735574046, 0.5628066449916602, 0.38256542489965933, -0.38867167672111924, -0.2638798707560353, -0.6576558218968622, -0.09442138397551722, 0.3484410584952435, 0.3208427549993602, 0.012624954754714791], [-0.5079832635860398, -0.6282190914088972, 0.2853354929792057, -0.03206259428186586, 0.4636525982759049, -0.3971042918075759, 0.5101060340583085, 0.016670586643292906, 0.05004597362444825, -0.4448459500922435, 0.5103931327819788, -0.08051936756925215], [-0.5644041507145763, -0.39670224713067403, -0.7060813895575284, -0.4777056087354029, -0.08387032992180356, 0.3939522376268376, 0.12386873722908334, -0.07812262556277769, 0.7356942886002771, 0.4153087437675389, 0.6012324565445091, 0.0028779040083473095]], "inverted": false, "swapped": false, "error_lsq": 0.049146767219266384, "error_max": 0.31072199914444093, "target": "287.xyz", "model": "4.xyz", "model_rescale": 3.8936222436046832, "target_rescale": 3.6989708928056144},
{"mapping": [5, 1, 2, 0, 3, 6, 10, 4, 7, 9, 8, 11], "R": [[0.6359098156016612, -0.6898612283040838, -0.34599160698525966], [0.4807799138939727, 0.7048011381765926, -0.5216378341541993], [0.6037129954022571, 0.16536880391343634, 0.7798613837565455]], "T": [0.027562579684196245, 0.020646053915282958, 0.07539873910842719], "aligned_model": [[-0.5848235672597648, 0.12945216555950717, -0.003312679707195884, 0.7170588363767656, 0.44684038422989153, -0.1323577301161769, -0.2633174621901006, -0.6179404290307116, -0.40883942295943304, 0.5399489236801114, 0.34314423018232765, -0.0933724945853337], [-0.49583419430225284, -0.5492598268512996, 0.34767958931142384, -0.02392050935631096, 0.3999617016869169, -0.6856503463026072, 0.5815732859395841, 0.12003535253359787, 0.012902834623703396, -0.26162903363634044, 0.3723789147456466, -0.07276850877479732], [-0.04870693070220268, -0.4795197833062348, -0.5948655744335798, -0.4771653227179955, -0.027595407774374484, 0.4073317408728162, 0.09012426449218462, -0.3763448075715579, 0.5541897812465268, 0.274940597512825, 0.643338034114317, 0.0003214244211062339]], "inverted": false, "swapped": false, "error_lsq": 0.06595516262735943, "error_max": 0.4026616981130061, "target": "287.xyz", "model": "5.xyz", "model_rescale": 3.6523030999806103, "target_rescale": 3.6989708928056144},
{"mapping": [10, 6, 9, 8, 5, 4, 7, 11, 3, 1, 0, 12], "R": [[-0.8023764282986148, -0.20004646573373297, 0.5622930542503617], [0.043597744912550716, -0.9592806624937291, -0.27906960996162256], [0.5952237427634233, -0.19940416774238795, 0.7784257664913641]], "T": [0.03601861893521113, -0.1032635326889089, -0.04061938729415689], "aligned_model": [[-0.35134507641576773, 0.34909821427521365, -0.22189899295155385, 0.4920943637796918, 0.4900643604159399, -0.42149874118540154, -0.24473336256932782, -0.7995966642229106, -0.1660553195214649, 0.5264973356402656, 0.3759664076944366, 0.043888229240765714], [-0.6213060323065827, -0.6062862957564538, 0.11444449439325169, 0.01927042362174869, 0.40143386550715854, -0.37335348401043156, 0.5090890259401509, 0.16638252283889696, 0.12268289333989499, -0.31324540048107385, 0.3451174248003086, -0.018760178269604022], [-0.4768009753751985, -0.30815205612124097, -0.679950753334697, -0.5209145540217648, 0.014394528073499287, 0.17585436471823004, 0.07348901957800366, -0.10067857836301611, 0.5844846351768214, 0.4040300360174215, 0.7782540756886547, 0.02203827411711693]], "inverted": false, "swapped": false, "error_lsq": 0.05039550945459356, "error_max": 0.3024221077992323, "target": "287.xyz", "model": "6.xyz", "model_rescale": 4.08911054899281, "target_rescale": 3.6989708928056144},
{"mapping": [10, 12, 5, 7, 6, 11, 3, 8, 9, 1, 0, 14], "R": [[-0.9405305982569949, 0.02867145861067963, 0.33849688507204234], [0.3387893055062495, 0.15243708049484245, 0.9284313345448884], [-0.024979996335718513, 0.9878972031296299, -0.1530853220649272]], "T": [0.0625229961927901, -0.06123766464098896, -0.06376641222854003], "aligned_model": [[-0.48624325455667794, 0.10487851184762652, -0.018594942180577473, 0.6682270298390641, 0.31188331864747637, -0.1467351835407869, -0.1511381814019334, -0.5960008679327337, -0.3211945218186586, 0.34619163518235707, 0.36344396183140293, -0.0022367517366725237], [-0.40196777254373434, -0.6467127967783776, 0.016410059807165082, 0.06510476012035737, 0.3710359260012057, -0.5810464379025878, 0.644756778525625, 0.09765993158628339, -0.04130648752570668, -0.23505094292912818, 0.5594047399825063, -0.10281849872634381], [-0.38319323343950024, -0.46802721660303964, -0.817352466070705, -0.5290074034014027, -0.053669934026978366, 0.11099318382277422, 0.223239134185588, 0.01527058907697107, 0.6195497096782412, 0.5898903068526087, 0.5756909836362502, 0.08266436244302337]], "inverted": true, "swapped": false, "error_lsq": 0.048966879174818456, "error_max": 0.24183783563840852, "target": "287.xyz", "model": "7.xyz", "model_rescale": 3.964800864290218, "target_rescale": 3.6989708928056144},
{"mapping": [7, 12, 2, 11, 6, 8, 0, 1, 5, 10, 3, 13], "R": [[-0.4593784947284852, 0.7342598791639079, 0.49983380080902395], [-0.5345092932251829, 0.2209185983923308, -0.8157786393013022], [-0.7094161078217123, -0.641916974954372, 0.29098347586851275]], "T": [0.04148468875899246, 0.01847461778407837, -0.06213349772599553], "aligned_model": [[-0.4678236958437433, 0.13927837363126616, -0.2428649146707913, 0.8161795866696049, 0.47716501001763006, -0.22890406523849188, -0.24701678920152442, -0.7056104064852453, -0.1153209405780876, 0.472992392520621, 0.13953655764432044, 0.034869645714328115], [-0.3448791752338663, -0.548980078904704, 0.3036011657578739, -0.19162903868660008, 0.3968338442500989, -0.6357813371453862, 0.6736876131200189, 0.04072004963816438, -0.17121342236783732, -0.2933686593825709, 0.5613039554281788, -0.044825656856105664], [-0.4018865778217285, -0.5511186710119699, -0.5879251698015084, -0.26910594319301245, -0.12157066282110865, 0.23769420039127886, -0.03718955096038446, 0.0047540990018250864, 0.736929181292308, 0.5637170316239148, 0.4087006948549692, -0.01695061540075312]], "inverted": false, "swapped": false, "error_lsq": 0.06153869789509985, "error_max": 0.4125830979526149, "target": "287.xyz", "model": "8.xyz", "model_rescale": 4.121658175737393, "target_rescale": 3.6989708928056144},
{"mapping": [4, 0, 5, 10, 11, 1, 7, 9, 6, 2, 8, 12], "R": [[0.3236401444725034, 0.9000486200944651, -0.2918382057782475], [0.4947687341690761, 0.10192468102356061, 0.863026800908857], [0.8065115972969935, -0.42370253818486275, -0.41232899796298317]], "T": [0.08645291064053459, 0.03181953058160615, 0.004344328551822405], "aligned_model": [[-0.5520614278130261, 0.20046313879540092, -0.07630212848781986, 0.558790337924626, 0.5258440147856156, -0.08849850970519715, -0.09026578364943386, -0.7194456405484458, -0.37862813140643814, 0.45638568864299545, 0.17679542723061464, 0.05940376841099544], [-0.5161053401690288, -0.6396907767629828, 0.07143781612713, 0.10535184587315564, 0.4889356808123645, -0.601311780310524, 0.6808825213025912, 0.23694655698663641, 0.022166009071934653, -0.3732138061765131, 0.31829892154201334, -0.04822838867951304], [-0.27886176834730264, -0.38922881347940064, -0.590348108733652, -0.5855464952366775, 0.03616189209590141, 0.21283523818712252, -0.0476041793958005, -0.03615561298738573, 0.5179477591721188, 0.4303069873998156, 0.6679113002874756, 0.02862981719161569]], "inverted": false, "swapped": false, "error_lsq": 0.049578636924207546, "error_max": 0.261534505946898, "target": "287.xyz", "model": "9.xyz", "model_rescale": 3.833441315466971, "target_rescale": 3.6989708928056144},
{"mapping": [1, 12, 0, 10, 8, 6, 2, 5, 3, 7, 9, 14], "R": [[-0.7941956235810839, -0.47012291059849093, -0.3850165716109595], [0.40284773611712205, 0.06701882512778468, -0.9128100451812531], [0.45493627354824473, -0.8800527972848533, 0.13616189261736167]], "T": [0.0038230391025886592, -0.10299417265191935, -0.02615675199258487], "aligned_model": [[-0.425429258761891, 0.16551032898612886, -0.17255316052267003, 0.5760899790878933, 0.6093311488840716, -0.30639395828480404, -0.21348218065629931, -0.6096555420136491, -0.2086186467767592, 0.3673047226400801, 0.2773629571017804, 0.01301436449600524], [-0.45433467180851256, -0.613670607064255, 0.027767873649225394, 0.0988169700021286, 0.38685786678492884, -0.6942417150630186, 0.5403072085749474, 0.16050429858181298, 0.11104616631578076, -0.22151082185663823, 0.4566459866826882, -0.0527192951818232], [-0.5139182217134775, -0.30199521366316534, -0.670839375580777, -0.5807168980726953, 0.004895958439137382, 0.09802588032651742, 0.20962286821404297, -0.13408166865275387, 0.7883229059135932, 0.51950692315526, 0.4933516039109996, 0.05387325387714928]], "inverted": true, "swapped": false, "error_lsq": 0.04610230606746699, "error_max": 0.23265851380455657, "target": "287.xyz", "model": "10.xyz", "model_rescale": 4.2482417240324, "target_rescale": 3.6989708928056144},
{"mapping": [3, 1, 8, 0, 10, 2, 9, 7, 5, 6, 4, 11], "R": [[0.9377640670988487, 0.25258365739802463, -0.23832761164762967], [0.34561520236090054, -0.6118339666068577, 0.7114838924411095], [0.03389227574625025, -0.7495736743786805, -0.6610526607791427]], "T": [0.01906637917807915, -0.08450357619947663, -0.020834369831039798], "aligned_model": [[-0.5799032618955734, 0.31650698080357004, -0.12997691624120758, 0.7418255758588526, 0.23979639205698708, -0.20765917610506185, -0.23719025383921263, -0.6298915278153868, -0.20264005048222797, 0.3434680548828743, 0.4006118981148305, 0.017533038841442545], [-0.42016689243424316, -0.5447165319459699, 0.04254335296229819, -0.020999965085245986, 0.44780209564497303, -0.7634371225836907, 0.6971868940350705, 0.09874462572178413, 0.1054766496480716, -0.32423092482494387, 0.4021488319081612, 0.025118246570999217], [-0.4528495705568065, -0.4667936478216923, -0.6026444787462566, -0.2386092786765447, -0.3088123128600131, 0.16731995130026756, 0.030189633520711925, 0.04105244733252529, 0.6712205002159268, 0.486882568298762, 0.5983845178771505, 0.04070768626979934]], "inverted": true, "swapped": false, "error_lsq": 0.054214475491701324, "error_max": 0.4192293908728915, "target": "287.xyz", "model": "11.xyz", "model_rescale": 3.6694154284099745, "target_rescale": 3.6989708928056144},
{"mapping": [3, 8, 4, 11, 6, 2, 0, 1, 12, 10, 5, 13], "R": [[-0.057422858232742985, 0.38625767528195193, -0.9206017725586698], [0.049465647016240316, 0.9220915276311004, 0.3837972960251397], [0.997123746140692, -0.023499424604150637, -0.0720556168915847]], "T": [0.15714389906544118, -0.014087768107626256, 0.07663646162773444], "aligned_model": [[-0.360393221002727, 0.1901766602956567, -0.13963377180879716, 0.6016561691633818, 0.4246609035400163, -0.258007416741398, -0.24020891472298472, -0.6830484086348145, -0.16789801801595927, 0.2963857102918052, 0.34507879831017096, 0.06371226350553656], [-0.36168152332383574, -0.661839995975937, 0.20080941699833926, -0.06650579353394032, 0.4535770441351154, -0.5149473934529879, 0.57920357000707, -0.06620804729616893, -0.017360993573276376, -0.4560380627309542, 0.5957854892012451, 0.06067554916259525], [-0.5171503783153225, -0.3131374975950919, -0.56634165903757, -0.5104664605672212, -0.09534932022815448, 0.13233739586649815, 0.047413287297209894, -0.011872615195997555, 0.6733822520624788, 0.5111712040790114, 0.5637769712776938, 0.05228483651029589]], "inverted": true, "swapped": false, "error_lsq": 0.04454207624850074, "error_max": 0.21157625215579398, "target": "287.xyz", "model": "12.xyz", "model_rescale": 3.9764082729961374, "target_rescale": 3.6989708928056144},
{"mapping": [8, 11, 3, 14, 6, 1, 4, 2, 9, 12, 5, 15], "R": [[-0.7481402369943984, -0.13497230897045476, -0.649668116503457], [-0.34454450184924323, -0.7577338691535618, 0.5541917265559184], [-0.5670760725294466, 0.6384527072138995, 0.5203872294895606]], "T": [0.015726789478041393, -0.023668545210974945, 0.062495928085388806], "aligned_model": [[-0.3606802661293439, 0.23722094078513303, -0.13423859495263976, 0.5466819844082168, 0.6435452209244183, -0.32522667227690943, -0.05049785584173176, -0.7690999275412286, -0.17409621894508515, 0.24560491460242956, 0.1992876748861297, 0.01397955426049824], [-0.4173162012789975, -0.506215773653734, 0.05396128086093288, 0.029470039781471558, 0.40480416765542837, -0.4968490419169028, 0.690848370376862, -0.16606339132254397, 0.029047338835670816, -0.43926929614984445, 0.5101017894943431, 0.0529499769345784], [-0.3880726993285484, -0.5279557735874688, -0.7620812004418429, -0.5325426516190949, -0.014406329126913552, 0.31383938376992065, 0.03177792895878428, 0.056996295394337114, 0.6305517242533324, 0.48869494070345193, 0.6823495696585342, -0.013103172480661819]], "inverted": true, "swapped": false, "error_lsq": 0.050904765693425356, "error_max": 0.2586209473611572, "target": "287.xyz", "model": "13.xyz", "model_rescale": 4.170626492500431, "target_rescale": 3.6989708928056144},
{"mapping": [6, 3, 11, 9, 10, 2, 12, 5, 4, 0, 8, 13], "R": [[-0.39374142923312705, 0.8970977701171577, -0.20045767073444115], [-0.5354023056065121, -0.4010801661062677, -0.7432893592050137], [-0.747202822570074, -0.18533831553942637, 0.6382300923149289]], "T": [0.136265529872392, -0.09037259395501576, 0.06957369644926], "aligned_model": [[-0.5624864021694072, 0.14237025594919198, -0.05074165595913194, 0.6221086043215279, 0.3708637434137706, -0.08532437558589334, -0.2039404751166743, -0.6316425282798339, -0.30984116562716774, 0.48708843754022185, 0.22407306920884765, 0.06995324648443557], [-0.366733690962764, -0.6027840402789932, 0.06450433369780359, 0.0993252565755495, 0.408713590283185, -0.642791198292235, 0.5553987460250014, 0.2626009039678462, 0.011884016871025554, -0.39263087651766193, 0.42038367195998894, -0.07240145371148159], [-0.30839395899047994, -0.39180559049975366, -0.594279525926999, -0.5503276432635794, -0.04961088258920317, 0.3500443127666406, 0.12384497629380907, -0.26650181938788625, 0.6114182612147057, 0.4456343625732928, 0.6015268576102417, -0.005501333646957679]], "inverted": true, "swapped": false, "error_lsq": 0.050157135063985864, "error_max": 0.3306326675943935, "target": "287.xyz", "model": "14.xyz", "model_rescale": 3.9786697098870705, "target_rescale": 3.6989708928056144},
{"mapping": [10, 1, 7, 6, 9, 4, 8, 5, 2, 0, 3, 11], "R": [[0.3774973908605397, 0.9258103623997351, -0.019258576446777587], [-0.7130897649596946, 0.27736725508248905, -0.6438714102347872], [-0.5907611251624578, 0.2567928711652192, 0.7648913088246659]], "T": [0.02292335080874339, -0.03134982333282667, -0.04798495486269619], "aligned_model": [[-0.3337958813845723, 0.3150873421074056, -0.20996594139657584, 0.569489656580044, 0.5113772813181504, -0.3780526712113368, -0.20845602047041423, -0.7443067550764421, -0.30734978266557395, 0.3908541825008811, 0.35754017642201313, 0.11005916745630784], [-0.5842460670075579, -0.598000960516416, 0.18442926097288342, 0.007754269489875773, 0.3517191783947299, -0.4429611468899845, 0.4034732842759159, 0.19605907430621317, 0.03195933153464679, -0.3018127874120998, 0.511251516796899, -0.014155694327841393], [-0.5572767392168823, -0.2808342245830938, -0.6277072761019178, -0.6199043846112778, -0.002321339865751254, 0.1634602583146764, 0.12412134269184541, 0.017610362256374842, 0.752489294868084, 0.4766885381122483, 0.6144081293468102, -0.09468594505728589]], "inverted": true, "swapped": false, "error_lsq": 0.04814390173188632, "error_max": 0.26789755024722306, "target": "287.xyz", "model": "15.xyz", "model_rescale": 3.769337070930944, "target_rescale": 3.6989708928056144},
{"mapping": [1, 3, 5, 9, 0, 2, 7, 6, 8, 10, 11], "R": [[-0.8958536553566526, 0.31480118203251306, -0.3136023660227334], [-0.4438820488805527, -0.6016500245348259, 0.6640677485459193], [0.020370440980168103, 0.7341099807032841, 0.6787249673955552]], "T": [-0.023236759280825962, 0.013038906576836845, 0.01680417513026973], "aligned_model": [[-0.27586549629326057, -0.47523270316850436, -0.03720512003074924, -0.6275529596906484, 0.3635235657842405, 0.3228652690149753, 0.660608043465028, 0.37915609039368575, -0.01525716002586202, -0.37241007488317024, -3.3238745640318257e-06], [-0.0030880017458601583, -0.7365662763682037, 0.678051456159751, 0.33913719447850676, 0.23233693541804826, -0.4468081393802191, 0.28311465676770764, -0.2728261630922335, 0.46527447409604816, -0.028113775655680157, 0.0855521369474767], [-0.6271843399735612, -0.27486507727435755, -0.3043426289268903, 0.047044931144876026, -0.6535502970267154, -0.310139201914959, 0.0555648421930032, 0.48212229565319004, 0.50348294585831, 0.8325090012022699, -0.006424863711388583]], "inverted": false, "swapped": true, "error_lsq": 0.0503686752890262, "error_max": 0.3105747722986238, "target": "287.xyz", "model": "16.xyz", "model_rescale": 3.7852294659196426, "target_rescale": 3.6989708928056144},
{"mapping": [6, 10, 11, 9, 8, 5, 2, 7, 1, 4, 3, 12], "R": [[0.29510411490690147, -0.025971117512106567, -0.9551120679900276], [0.7457272099280006, -0.6186815632452863, 0.24723278842695806], [-0.5973311390995906, -0.7852124708354686, -0.16320810612970288]], "T": [0.07293912833422952, 0.023002664774129183, 0.06509533640108633], "aligned_model": [[-0.4213098985673459, 0.2528962630524766, -0.14905169265453697, 0.6980458572199117, 0.42312389498753555, -0.28953237950275457, -0.2737748664799371, -0.6064653482625609, -0.278303032928115, 0.26160927648694776, 0.3517520320894777, 0.10349064873878794], [-0.5410837225551605, -0.6105221794716018, 0.29013160879788646, 0.010145740538249987, 0.4892497883215461, -0.4541301979821003, 0.5219478989834533, 0.006372652138913776, 0.08229679394652671, -0.5318110194377355, 0.48688821990599473, -0.004016323568708596], [-0.40915953488504114, -0.3991425085303251, -0.5808878499859584, -0.5318452490116302, -0.22506007064865124, 0.3355905264596364, 0.13530986545365353, -0.10683489664829743, 0.6544740810504959, 0.46305517871797525, 0.6478207671162077, -0.017272292934234795]], "inverted": false, "swapped": false, "error_lsq": 0.04879242163713288, "error_max": 0.31980238864805366, "target": "287.xyz", "model": "17.xyz", "model_rescale": 3.901054581598922, "target_rescale": 3.6989708928056144},
{"mapping": [4, 8, 1, 2, 3, 10, 7, 6, 11, 9, 12, 14], "R": [[0.4733682152871355, -0.8455858861752156, 0.2467935206952306], [-0.7351777875748279, -0.22492400587052425, 0.639470728211806], [-0.48521763510042903, -0.4841422318745097, -0.7281278362369585]], "T": [0.08874157735109428, -0.06211709037468504, -0.05076105061166442], "aligned_model": [[-0.4148266118112552, 0.2054061168303432, -0.33109502522972767, 0.8178832686018565, 0.5798981381249902, -0.2903921586865829, -0.1786611079099753, -0.6125437842097305, -0.30928065861163784, 0.29236885529842926, 0.21731544948792364, 0.09640827229525323], [-0.5551932253592283, -0.4562348285540698, 0.19726681974476112, -0.04939821153434753, 0.5228147555017431, -0.7023839192115771, 0.5439414143234779, 0.1707370623263924, 0.04363572540852901, -0.3572992715474127, 0.4359128434126226, -0.04832990489362601], [-0.4097443007533173, -0.5717973697107589, -0.5428410885530304, -0.4405414069524259, -0.04567597429682791, 0.2938688178242033, -0.021334589807818057, 0.08229356411667577, 0.6327048450699155, 0.5020436463005121, 0.48534532738878716, 0.0017265455279147982]], "inverted": true, "swapped": false, "error_lsq": 0.05165847404993277, "error_max": 0.28258311895823746, "target": "287.xyz", "model": "18.xyz", "model_rescale": 3.9405287249114394, "target_rescale": 3.6989708928056144},
{"mapping": [8, 5, 1, 2, 10, 9, 12, 4, 13, 11, 14, 15], "R": [[-0.9817758781858262, 0.16840902211541064, -0.08805978811342471], [0.18796143018740302, 0.7921040076694371, -0.580725186121562], [-0.028046849633356914, -0.5866938233049227, -0.8093230083974484]], "T": [-0.13009387164720498, 0.059324086740799004, -0.029895918339409345], "aligned_model": [[-0.3726759004535016, 0.23656099492121224, -0.055536420627646854, 0.5641773344300521, 0.6395973902192754, -0.10719793118737189, -0.32218607371787844, -0.8540163646840137, -0.17880539063893697, 0.36466691964740017, 0.2508378761202208, -0.0929416798489249], [-0.508115009230872, -0.630562141482684, 0.4064002039148784, -0.10606215456361395, 0.20510858544302615, -0.6356038221008637, 0.5593269102562967, 0.1578344378235533, 0.01539467406761405, -0.23867305238435213, 0.46536218955820985, 0.05505843831607213], [-0.4674333306815209, -0.31429676870406686, -0.586222063118054, -0.52583963148867, 0.035113913925038986, 0.29500533493602604, 0.08515548143287742, -0.05984526592834054, 0.6387050388777294, 0.40094357192416646, 0.5084004913453273, -0.04363875636668291]], "inverted": true, "swapped": false, "error_lsq": 0.050120239633596055, "error_max": 0.2715289455039075, "target": "287.xyz", "model": "19.xyz", "model_rescale": 4.410303926677745, "target_rescale": 3.6989708928056144},
{"mapping": [7, 12, 2, 11, 6, 8, 0, 1, 5, 10, 3, 13], "R": [[-0.4593784947284852, 0.7342598791639079, 0.49983380080902395], [-0.5345092932251829, 0.2209185983923308, -0.8157786393013022], [-0.7094161078217123, -0.641916974954372, 0.29098347586851275]], "T": [0.04148468875899246, 0.01847461778407837, -0.06213349772599553], "aligned_model": [[-0.4678236958437433, 0.13927837363126616, -0.2428649146707913, 0.8161795866696049, 0.47716501001763006, -0.22890406523849188, -0.24701678920152442, -0.7056104064852453, -0.1153209405780876, 0.472992392520621, 0.13953655764432044, 0.034869645714328115], [-0.3448791752338663, -0.548980078904704, 0.3036011657578739, -0.19162903868660008, 0.3968338442500989, -0.6357813371453862, 0.6736876131200189, 0.04072004963816438, -0.17121342236783732, -0.2933686593825709, 0.5613039554281788, -0.044825656856105664], [-0.4018865778217285, -0.5511186710119699, -0.5879251698015084, -0.26910594319301245, -0.12157066282110865, 0.23769420039127886, -0.03718955096038446, 0.0047540990018250864, 0.736929181292308, 0.5637170316239148, 0.4087006948549692, -0.01695061540075312]], "inverted": false, "swapped": false, "error_lsq": 0.06153869789509985, "error_max": 0.4125830979526149, "target": "287.xyz", "model": "20.xyz", "model_rescale": 4.121658175737393, "target_rescale": 3.6989708928056144},
{"mapping": [10, 6, 9, 8, 5, 4, 7, 11, 3, 1, 0, 12], "R": [[-0.8023764282986148, -0.20004646573373297, 0.5622930542503617], [0.043597744912550716, -0.9592806624937291, -0.27906960996162256], [0.5952237427634233, -0.19940416774238795, 0.7784257664913641]], "T": [0.03601861893521113, -0.1032635326889089, -0.04061938729415689], "aligned_model": [[-0.35134507641576773, 0.34909821427521365, -0.22189899295155385, 0.4920943637796918, 0.4900643604159399, -0.42149874118540154, -0.24473336256932782, -0.7995966642229106, -0.1660553195214649, 0.5264973356402656, 0.3759664076944366, 0.043888229240765714], [-0.6213060323065827, -0.6062862957564538, 0.11444449439325169, 0.01927042362174869, 0.40143386550715854, -0.37335348401043156, 0.5090890259401509, 0.16638252283889696, 0.12268289333989499, -0.31324540048107385, 0.3451174248003086, -0.018760178269604022], [-0.4768009753751985, -0.30815205612124097, -0.679950753334697, -0.5209145540217648, 0.014394528073499287, 0.17585436471823004, 0.07348901957800366, -0.10067857836301611, 0.5844846351768214, 0.4040300360174215, 0.7782540756886547, 0.02203827411711693]], "inverted": false, "swapped": false, "error_lsq": 0.05039550945459356, "error_max": 0.3024221077992323, "target": "287.xyz", "model": "21.xyz", "model_rescale": 4.08911054899281, "target_rescale": 3.6989708928056144},
{"mapping": [9, 12, 15, 3, 4, 10, 1, 11, 6, 7, 0, 16], "R": [[0.6931737522457513, -0.7047037393831892, -0.15133667399839298], [-0.6684115465768985, -0.7070546316621183, 0.2308673910447832], [-0.26969641006180356, -0.0588760354006298, -0.9611438283916094]], "T": [-0.047194451679632876, 0.0016446267702313506, -0.043978606344267715], "aligned_model": [[-0.3303872472248166, 0.29165303107713586, -0.28452845893464473, 0.6567542316350126, 0.5439048501342653, -0.20429291857117304, -0.30397482944417614, -0.7488543991606319, -0.167929052026829, 0.30980641810878423, 0.3161966000829422, -0.005867471495982213], [-0.5704773085627249, -0.6284000160795989, 0.31933903792630436, 0.006060716587423843, 0.37157423246816673, -0.7143201452263646, 0.7437780671982712, 0.25595006202973036, -0.04059042368362541, -0.3734035586715768, 0.365316038315469, 0.010642557315789638], [-0.3602473895409259, -0.2261753063136036, -0.6557382388917639, -0.5526195137679442, -0.03720453142211061, 0.2934379406345767, 0.07134778031368129, -0.21396417619325775, 0.6903261569138306, 0.443551316405664, 0.5354775577465616, -0.022143579730877917]], "inverted": false, "swapped": false, "error_lsq": 0.04832255699705185, "error_max": 0.2700195236635466, "target": "287.xyz", "model": "22.xyz", "model_rescale": 4.204369325754507, "target_rescale": 3.6989708928056144},
{"mapping": [8, 5, 1, 2, 10, 9, 12, 4, 13, 11, 14, 15], "R": [[-0.9817758781858262, 0.16840902211541064, -0.08805978811342471], [0.18796143018740302, 0.7921040076694371, -0.580725186121562], [-0.028046849633356914, -0.5866938233049227, -0.8093230083974484]], "T": [-0.13009387164720498, 0.059324086740799004, -0.029895918339409345], "aligned_model": [[-0.3726759004535016, 0.23656099492121224, -0.055536420627646854, 0.5641773344300521, 0.6395973902192754, -0.10719793118737189, -0.32218607371787844, -0.8540163646840137, -0.17880539063893697, 0.36466691964740017, 0.2508378761202208, -0.0929416798489249], [-0.508115009230872, -0.630562141482684, 0.4064002039148784, -0.10606215456361395, 0.20510858544302615, -0.6356038221008637, 0.5593269102562967, 0.1578344378235533, 0.01539467406761405, -0.23867305238435213, 0.46536218955820985, 0.05505843831607213], [-0.4674333306815209, -0.31429676870406686, -0.586222063118054, -0.52583963148867, 0.035113913925038986, 0.29500533493602604, 0.08515548143287742, -0.05984526592834054, 0.6387050388777294, 0.40094357192416646, 0.5084004913453273, -0.04363875636668291]], "inverted": true, "swapped": false, "error_lsq": 0.050120239633596055, "error_max": 0.2715289455039075, "target": "287.xyz", "model": "23.xyz", "model_rescale": 4.410303926677745, "target_rescale": 3.6989708928056144},
{"mapping": [7, 1, 0, 3, 4, 11, 5, 13, 9, 10, 8, 16], "R": [[-0.07679183296114084, 0.9639670375044054, 0.25469700625537217], [0.9347659714897965, 0.15847596483423415, -0.31795903370496664], [-0.3468653815750511, 0.21366543748308814, -0.9132532441168524]], "T": [-0.1701099142350783, 0.03517977160917726, 0.05823322294309768], "aligned_model": [[-0.41210615711957976, 0.2158213189370833, -0.05805685840936024, 0.6067057911557058, 0.3909068198256336, -0.25116149171041136, -0.17125841478891224, -0.8543381610741085, -0.07731009974392208, 0.3650477559505856, 0.393872429072066, -0.0756421779148934], [-0.3886203289093383, -0.616093932590389, 0.14095586490752335, 0.019973682978088658, 0.434082963332704, -0.5428474305892946, 0.6523127315452782, -0.025185189680333273, -0.05218870395262171, -0.21046296725193578, 0.3188076759976086, 0.014734893829974095], [-0.39316703172295747, -0.3457902850991051, -0.6811187513241155, -0.39517290776184044, 0.05366805834733486, 0.3032570624325031, -0.06320657339614702, -0.0913475295126916, 0.671564232706014, 0.3358117868882956, 0.5847175964476333, -0.013167641851093224]], "inverted": true, "swapped": false, "error_lsq": 0.04367057039095542, "error_max": 0.21546128179606586, "target": "287.xyz", "model": "24.xyz", "model_rescale": 4.28219845311461, "target_rescale": 3.6989708928056144},
{"mapping": [7, 9, 3, 5, 8, 13, 0, 4, 2, 14, 6, 15], "R": [[0.7666779355291251, 0.11222544688961356, -0.6321474450183482], [0.6419500823012715, -0.11827907275807939, 0.7575685795892542], [0.010248658750774575, -0.9866182189772881, -0.1627250901855479]], "T": [0.07170838699761012, -0.11442565494547416, -0.010665538850093838], "aligned_model": [[-0.4841488853288199, 0.17292811743207337, -0.2027255455620321, 0.6930676794122617, 0.5776047349247777, -0.2664780781551245, -0.27508932196355335, -0.599243313503987, -0.2564292353031686, 0.3599087723673212, 0.31807579233268135, 0.035010037527456836], [-0.5228561574043817, -0.5581078172186092, 0.08300465710079233, 0.06385086167346798, 0.35992916773045514, -0.5505529289030785, 0.5772748111014775, 0.1464202930615401, -0.01935306276013042, -0.30021824482996096, 0.5204790786326225, -0.05440139856693044], [-0.3708782860054526, -0.5104398768570384, -0.7076251025300739, -0.5651119242349399, -0.04232693943291615, 0.20919662850666543, 0.247861029156996, -0.13885204370941673, 0.5826867405201555, 0.6694567121543811, 0.579585438133098, 0.012495640452372236]], "inverted": true, "swapped": false, "error_lsq": 0.04442637764725982, "error_max": 0.26096095665033325, "target": "287.xyz", "model": "25.xyz", "model_rescale": 4.100010024507729, "target_rescale": 3.6989708928056144},
{"mapping": [3, 1, 8, 0, 10, 2, 9, 7, 5, 6, 4, 11], "R": [[0.9377640670988487, 0.25258365739802463, -0.23832761164762967], [0.34561520236090054, -0.6118339666068577, 0.7114838924411095], [0.03389227574625025, -0.7495736743786805, -0.6610526607791427]], "T": [0.01906637917807915, -0.08450357619947663, -0.020834369831039798], "aligned_model": [[-0.5799032618955734, 0.31650698080357004, -0.12997691624120758, 0.7418255758588526, 0.23979639205698708, -0.20765917610506185, -0.23719025383921263, -0.6298915278153868, -0.20264005048222797, 0.3434680548828743, 0.4006118981148305, 0.017533038841442545], [-0.42016689243424316, -0.5447165319459699, 0.04254335296229819, -0.020999965085245986, 0.44780209564497303, -0.7634371225836907, 0.6971868940350705, 0.09874462572178413, 0.1054766496480716, -0.32423092482494387, 0.4021488319081612, 0.025118246570999217], [-0.4528495705568065, -0.4667936478216923, -0.6026444787462566, -0.2386092786765447, -0.3088123128600131, 0.16731995130026756, 0.030189633520711925, 0.04105244733252529, 0.6712205002159268, 0.486882568298762, 0.5983845178771505, 0.04070768626979934]], "inverted": true, "swapped": false, "error_lsq": 0.054214475491701324, "error_max": 0.4192293908728915, "target": "287.xyz", "model": "26.xyz", "model_rescale": 3.6694154284099745, "target_rescale": 3.6989708928056144},
{"mapping": [3, 6, 7, 1, 0, 12, 8, 9, 10, 2, 4, 13], "R": [[0.6478871087050622, 0.5672348334555533, 0.5084161072275799], [0.5143318251604398, -0.8180825153851097, 0.257300935964685], [0.5618763814229302, 0.09479262490206092, -0.8217720427607959]], "T": [-0.017982298803658755, 0.051128272530831256, 0.013750432899332067], "aligned_model": [[-0.3943224711233868, 0.2831195388627734, -0.24770008121270315, 0.5906907900992993, 0.6292399760111689, -0.2403342373784803, -0.290307751240227, -0.6929717773168246, -0.24525078878041678, 0.3598371522460718, 0.3051845811507054, 0.015295822861906828], [-0.3693140084738258, -0.5195289744342758, 0.20794967063615488, -0.1002063557133308, 0.1728709691707957, -0.7072532959232806, 0.6237724757613665, -0.04237374596692338, 0.20821555058930996, -0.30769738802730434, 0.5565864572615492, 0.0224479047370289], [-0.564546708175653, -0.22051100576374352, -0.5508426190060258, -0.6077490078367657, 0.07045480602425916, 0.08551271685510897, 0.09296316477832578, 0.03633608993477975, 0.5481317016845498, 0.45035809881551914, 0.5755384367568509, 0.05040234208662528]], "inverted": true, "swapped": false, "error_lsq": 0.0465693493224511, "error_max": 0.24642230634106227, "target": "287.xyz", "model": "27.xyz", "model_rescale": 4.103607728864725, "target_rescale": 3.6989708928056144},
{"mapping": [4, 2, 13, 12, 10, 1, 11, 8, 5, 0, 9, 14], "R": [[-0.549762763785327, -0.7474056500704258, -0.3730223824355901], [-0.248835884201657, -0.2797537417658971, 0.9272640113266338], [-0.797396768421279, 0.6025965799859675, -0.03218315554008239]], "T": [0.07326971198204424, 0.1500407830253863, 0.02580107452036318], "aligned_model": [[-0.3447715835587301, 0.2165629800835751, -0.14240156360043124, 0.5379158267760229, 0.44667098444395675, -0.2483589157503373, -0.33695462956768757, -0.7031709155932415, -0.16065081036268575, 0.29777745685476986, 0.4478354403215619, 0.062026484133113804], [-0.43815994072707787, -0.5034350757609368, 0.21390122005019258, -0.09058088701163916, 0.4961429736186693, -0.6304415890227755, 0.6802880052123165, -0.010667071942997292, 0.07912726760565206, -0.3928555667288365, 0.34251133647833165, -0.00036141215363522106], [-0.5227157173230461, -0.28039665168337874, -0.5818832830414634, -0.6550063997630716, 0.04946623237125677, 0.3262392958237271, -0.12458212408380559, -0.1829880870962719, 0.7152884732004645, 0.43145063620797397, 0.7277836435774554, 0.06339199796398994]], "inverted": false, "swapped": false, "error_lsq": 0.04834188731800923, "error_max": 0.28644355037159763, "target": "287.xyz", "model": "28.xyz", "model_rescale": 4.137296879288765, "target_rescale": 3.6989708928056144},
{"mapping": [8, 9, 3, 1, 2, 4, 6, 5, 0, 7, 11], "R": [[0.02753775656569625, 0.8597229558271806, 0.5100177557567034], [-0.45426420469533646, 0.4652483160591379, -0.759728923193431], [-0.8904412975013243, -0.21076158005649992, 0.40335325965739466]], "T": [0.11191069623616075, -0.032482937486450064, -0.03009613529008086], "aligned_model": [[0.5022161275741969, 0.027276749898046668, -0.06916728855756894, -0.5364726230153444, -0.09028329120509622, 0.3796600283021893, 0.6560814582115553, -0.33020307861722525, -0.5521651392611078, 0.15711598759343018, 0.07736007978682258], [-0.37895941058816107, -0.7064917484735368, 0.10002729456927525, -0.10500250908393141, 0.5694558030401677, -0.11613438808102405, 0.36735796661553, -0.3722182923577808, 0.268812655890035, 0.34439088156558273, -0.052090436448204394], [0.3810639701020622, -0.13498600426469057, -0.9250436299571337, -0.26062280744300553, -0.21697908142340477, -0.47557090223406967, 0.03444245805598954, 0.45434929475986435, 0.3094249140713148, 0.6007839012788897, 0.03889190883718242]], "inverted": false, "swapped": true, "error_lsq": 0.059224840819068425, "error_max": 0.41993616262423866, "target": "287.xyz", "model": "29.xyz", "model_rescale": 3.607286011436655, "target_rescale": 3.6989708928056144},
