[{"mapping": [9, 13, 12, 0, 3, 10, 2, 6, 4, 5, 11, 14], "R": [[-0.791776641812988, -0.6010546007725487, 0.10873415456745789], [-0.23522678707637448, 0.46433370289344594, 0.8538516094726222], [-0.5637003708718611, 0.6504825741304786, -0.5090327225547618]], "T": [-0.08812641330696945, -0.09219251153957289, -0.02096815959410519], "aligned_model": [[-0.2528223759950709, 0.12018869261764535, 0.24586833392579832, -0.08245316333272042, -0.04761149431194475, -0.5005598834979871, 0.4029896901429314, -0.2549362302426266, 0.48688344376158144, 0.29758216545853233, -0.56592878528767, -0.01155793077792057], [-0.22202119287457153, -0.6727992275301077, -0.49264571276070224, 0.6779483013749766, 0.43778040087233383, -0.6488983762675796, -0.2366620458369402, -0.5976297039794395, 0.3880362437974796, 0.3996393585848663, 0.11872410638310174, -0.09791711578636014], [-0.6367451791554244, 0.14402441548714423, -0.39478783039764076, -0.00015618152270052005, -0.6016249054390789, -0.0414457511954121, 0.4851866493326002, 0.5738670363075081, -0.13828103851498805, 0.5295924792506321, 0.25570746026582203, 0.006614590935100594]], "inverted": true, "swapped": true, "error_lsq": 0.050554412914850015, "error_max": 0.3276710014204514, "target": "289.xyz", "model": "0.xyz", "model_rescale": 3.751011558992144, "target_rescale": 4.196828321097244},
{"mapping": [6, 12, 9, 4, 10, 11, 3, 1, 0, 8, 2, 7, 5, 13, 14], "R": [[-0.38774436201030754, -0.28212467806618535, -0.8775306124319944], [0.9206533661173978, -0.07175164201750722, -0.3837304800566362], [0.0452955757875369, -0.9566908423800466, 0.28756032918369095]], "T": [-0.001995050389204521, -0.03630849645399885, -0.04126092717502384], "aligned_model": [[0.1900094551999483, 0.38797026829627224, 0.5606036051441299, -0.1617412630731913, 0.5275143422357074, 0.6984647499720107, -0.2008214299041626, -0.4635328108991953, -0.6313648071090221, -0.43915249828601305, -0.4981202115298287, -0.05930802162270395, 0.0729743295735217, 0.174085720728245, 0.04441611326056155], [-0.5466959143054949, -0.5069840917984981, 0.23967823303622543, 0.2557320454528955, 0.34581394721732495, -0.38265669842270306, -0.36964742679985246, -0.37477747311432946, -0.4032166508911756, 0.4367468336585241, 0.2967950631818696, -0.6967895504700002, 0.5362211494554073, 0.16320733519542707, -0.05267912478771715], [-0.5573662447241537, 0.381073819497384, 0.16246364000249713, -0.7587338808991752, -0.5373012373248278, -0.2029086305229162, 0.6165833688689801, -0.43888788413061974, 0.17034397360335574, -0.20104288028723835, 0.5302633024331457, -0.053791865349959674, 0.19680512168216766, 0.6345283841228845, -0.017140005550811757]], "inverted": true, "swapped": false, "error_lsq": 0.04774671449071018, "error_max": 0.33691717212058203, "target": "289.xyz", "model": "1.xyz", "model_rescale": 3.9405287249114394, "target_rescale": 4.196828321097244},
{"mapping": [10, 13, 12, 5, 2, 9, 11, 1, 4, 3, 0, 7, 14], "R": [[0.7989897444831667, -0.44757891972382907, 0.4016073938930581], [-0.4802759428330488, -0.07306656300631734, 0.8740688165735405], [-0.361870704736581, -0.8912543901655093, -0.27334082216924016]], "T": [-0.08202116533236942, 0.04497529683119222, -0.021241147887244804], "aligned_model": [[-0.2627691719968116, 0.11001401682281445, -0.34995173857090056, 0.5881873246128559, 0.5462716402653724, -0.7240783916128417, 0.03798743262513672, 0.7000015324667408, 0.016353286703524733, -0.5903271044408824, -0.019811649637023032, -0.5241592803388182, -0.031734617615236486], [0.7140716480096374, 0.4526114573971451, 0.11919238931876547, -0.43916613376781816, 0.021442320267938957, 0.10111314557984749, 0.18032605411231709, 0.2521877574803839, -0.6759652517098457, -0.5422327587307048, -0.5890081838200116, -0.15179929041498696, 0.016059439849348683], [-0.012166466588493862, -0.4736537264649327, -0.5994810937001895, 0.07982501079812197, -0.37188842572600517, -0.10940375085281971, 0.5414385424614452, 0.27575486724625514, -0.23474875289292207, 0.10715968854708223, 0.41209142454590725, 0.5768053232934037, -0.07861229107820866]], "inverted": false, "swapped": true, "error_lsq": 0.04339174641411202, "error_max": 0.29523936368906817, "target": "289.xyz", "model": "2.xyz", "model_rescale": 3.932901565614263, "target_rescale": 4.196828321097244},
{"mapping": [7, 0, 3, 11, 9, 12, 4, 10, 6, 13, 5, 1, 2, 14], "R": [[-0.8604632821900318, 0.24914385741620826, 0.4444437853255795], [0.11063048587699256, 0.9428399745542453, -0.3143464298782007], [-0.4973568493520304, -0.22131452888213665, -0.8388420850841354]], "T": [-0.04462670018677746, -0.1373465931838217, 0.0009916467605367452], "aligned_model": [[-0.14557142605682816, 0.5046562268255936, 0.10418325025075119, -0.058115187150275055, -0.4898575669664849, -0.287630033851525, 0.5744292553595336, -0.6807499836500257, -0.24358861425731737, -0.25940909349237756, 0.7538413024008707, 0.28782857804299766, 0.35240458414105175, 0.0073886204567388675], [0.056361161427753936, -0.016045769497674583, -0.5020796126516041, 0.41854818440292885, -0.48035797445788814, -0.6904710664646517, -0.5477816806261998, 0.052232668881142835, 0.32793479254093794, -0.2467023397237642, 0.05903607474417599, 0.5404220614298355, -0.13632721188876912, -0.17127264976573542], [-0.7366758940336534, -0.5254649727049066, -0.680551034373595, -0.19933154705987596, -0.326535836095198, 0.21699882421679167, -0.15175345999606804, 0.20061376613860593, 0.6182829634484902, 0.5922883033266373, 0.13391797910181844, 0.4166913887941654, 0.6015116581958854, 0.053904224097999436]], "inverted": true, "swapped": true, "error_lsq": 0.0498092553262195, "error_max": 0.3120588597111504, "target": "289.xyz", "model": "3.xyz", "model_rescale": 3.9243930471874484, "target_rescale": 4.196828321097244},
{"mapping": [10, 11, 6, 13, 2, 9, 12, 1, 5, 0, 4, 3, 14], "R": [[0.7429847451754896, 0.06573703211525958, 0.6660723016649096], [0.509690928883971, -0.7005795549511226, -0.4994030878938195], [0.4338073598383364, 0.7105398861381144, -0.5540254910714199]], "T": [-0.07745548787931181, -0.13106493626948001, -0.09873283531524657], "aligned_model": [[-0.08483924998592848, -0.23448592255597275, 0.4698267993782742, 0.402680103390584, 0.6185752920557482, -0.5541619082779574, 0.010694996769994997, 0.4673403905009982, 0.32169304057016457, -0.3863319323100638, -0.045855164584506586, -0.695153260470025, -0.012777298169957346], [-0.6414741472925698, 0.17044360692274058, -0.2869802013380959, -0.548816508262403, 0.008491668206148023, -0.5512833599050512, -0.6505501030219442, 0.31641169860255547, 0.5809291497855091, 0.5505807325276073, 0.25131091060500754, 0.04852184918642119, -0.1197557423343378], [-0.5676358490335343, -0.5822246821736625, -0.6584592943857476, -0.15045642698276207, 0.020951213487285125, 0.04029611717563472, 0.2673560301358228, -0.5943791294302087, 0.06719361498087106, 0.08439750132832055, 0.5553378306176922, 0.3549995211162668, -0.05030613146501436]], "inverted": false, "swapped": true, "error_lsq": 0.05252042425026142, "error_max": 0.35548572703350884, "target": "289.xyz", "model": "4.xyz", "model_rescale": 3.8936222436046832, "target_rescale": 4.196828321097244},
{"mapping": [3, 4, 0, 7, 5, 2, 13, 6, 8, 9, 11, 14], "R": [[-0.9920119375924393, -0.1231861153083145, 0.027156889905526387], [0.12497249079693176, -0.9304808225113727, 0.3443650903947298], [-0.017152032477378336, 0.3450081447354631, 0.9384429592937915]], "T": [-0.06535733693735665, -0.08266331769187221, 0.08697029348447197], "aligned_model": [[0.06420457391548565, -0.602420459923528, -0.2334498415689135, 0.43159882666717764, -0.7521948857890902, -0.6956057553365138, -0.20604365634834007, -0.09748396308968228, 0.6970217547120154, 0.3890498101274503, 0.17595675301725097, -0.1430851141682152], [-0.508245274979748, -0.3883189074902351, 0.06115597036513645, -0.020272391935940853, 0.27621242254980616, 0.07942930956934893, -0.1431476340918149, 0.4219571618470226, 0.10892888811622811, -0.5464460440810657, 0.42593114633430906, -0.09826174109323953], [-0.5624669336083296, -0.35252506154517005, -0.6510291090780662, -0.49698850339915024, -0.21839685897607294, 0.39482102890743187, 0.7068661709041085, 0.7045844386697302, 0.03408474756654916, 0.047204581593499495, -0.09311164942624608, 0.10624186766723401]], "inverted": false, "swapped": true, "error_lsq": 0.04663838354068037, "error_max": 0.25924002258474355, "target": "289.xyz", "model": "5.xyz", "model_rescale": 3.6523030999806103, "target_rescale": 4.196828321097244},
{"mapping": [5, 2, 1, 0, 11, 4, 13, 3, 12, 9, 10, 7, 14], "R": [[0.23181794383056048, 0.8948964590956852, 0.3813407510562909], [0.35527112924061943, 0.2870517132994999, -0.8895975149582631], [-0.9055621820980968, 0.3417040260076353, -0.2513871376262261]], "T": [0.022010523245054675, 0.03565189434016399, -0.027527924486525572], "aligned_model": [[0.23911085855003347, -0.2808796392509595, 0.3309288019630394, 0.5522941045716541, 0.5629118729578109, -0.06943390415522416, -0.4758298448432037, 0.20892929996496254, -0.5762417261775218, -0.11359763542692747, -0.08505793759980915, 0.614834880281929, -0.026886226171489266], [-0.283982219222272, 0.09016629776024007, 0.4363045115411048, -0.5050256732241867, 0.27052850164020315, -0.6733571447137525, 0.4055945947413339, -0.6179402323389557, -0.028179033217398113, -0.05201699692798369, 0.648911596229871, -0.1598542677615943, 0.00967696965657337], [0.7103665063815721, 0.6232753432453083, 0.670146866609171, 0.1140675811671889, 0.01233476776249326, 0.22537997174558638, 0.12419306339345237, -0.42445827845231276, -0.2504096477725839, -0.6576756668836357, -0.33230817588843703, -0.47719730848219405, 0.03239471665618027]], "inverted": true, "swapped": true, "error_lsq": 0.05479599238173215, "error_max": 0.3775284140949284, "target": "289.xyz", "model": "6.xyz", "model_rescale": 4.08911054899281, "target_rescale": 4.196828321097244},
{"mapping": [12, 2, 1, 10, 11, 13, 0, 5, 4, 8, 3, 6, 9, 9, 14], "R": [[0.7638126553348045, -0.35068594840640394, 0.5418575395255625], [-0.6432883627567629, -0.48208081071611, 0.5947925472641884], [0.052633733404716915, -0.8028807243480189, -0.5938116137111854]], "T": [0.011214246039243567, -0.16661579916780195, -0.09495615994939985], "aligned_model": [[0.2677450549965038, 0.42889187263120104, 0.5820959291446409, -0.18976175278578913, 0.3437658831182637, 0.6605939770094823, 0.02234522693157268, -0.4259645429143275, -0.6915457034428504, -0.42481470234375507, -0.47664330952532563, -0.15456866824296525, 0.0944070965917582, 0.0944070965917582, 0.07104408422611153], [-0.27033491198886467, -0.6760647719475805, 0.014209738766961189, 0.18109033894100868, 0.23112880176283457, -0.42316744013792557, -0.21448294531438278, -0.5379764295903331, -0.2206664195722669, 0.35742205186257797, -0.023194996579191773, -0.4714158115402923, 0.5089649173974036, 0.5089649173974036, -0.023729362849449043], [-0.7517941975983645, 0.36995962561761264, 0.3285320778810591, -0.6932737912454535, -0.3701646337719715, -0.31491466256337175, 0.8443207005598141, -0.5964212317585913, -0.10247104784423922, -0.11525542457798868, 0.5115724173898512, 0.26386962541628856, 0.2939229381389147, 0.2939229381389147, -0.03691635236176223]], "inverted": false, "swapped": false, "error_lsq": 0.04662032111125144, "error_max": 0.3450197513706995, "target": "289.xyz", "model": "7.xyz", "model_rescale": 3.964800864290218, "target_rescale": 4.196828321097244},
{"mapping": [6, 13, 10, 1, 8, 5, 11, 12, 4, 3, 0, 7, 9, 14], "R": [[0.3981451636115256, -0.9169587413735929, -0.025828188308666428], [0.9125605321361419, 0.3930561558241861, 0.11287220010310303], [-0.09334722213410208, -0.06850930584431192, 0.9932737644439106]], "T": [0.07847841400700327, -0.0759793545626664, 0.04518173107503626], "aligned_model": [[-0.16719793117169712, 0.30815022616418936, 0.3003309699794035, -0.6547396740135758, 0.10433862508276792, -0.5426514507095763, -0.37058663576533574, 0.6751222478889551, 0.04723276328537544, 0.269978099683755, -0.35402805608509347, -0.03969169279839553, 0.6077847683541872, 0.07714562956591327], [-0.1386342304562622, -0.3626130688680164, 0.2851163305415582, -0.25643947164903097, 0.7014769114999452, -0.5835531051852266, 0.302334148617092, -0.29963347609649843, -0.5523005968313888, 0.10330883528125369, -0.03846617498554322, 0.5416216010915319, 0.266272728118682, -0.15754196489689395], [-0.7116793398998864, -0.47713413539427935, -0.503301147893648, -0.37018379261114037, -0.07979561695520035, 0.2695771233731897, -0.022270469749130717, -0.029993884908937674, 0.6343846572505931, 0.787380234451998, 0.6816666960189748, 0.488432019345228, 0.20599180411382093, 0.04374089158344008]], "inverted": true, "swapped": true, "error_lsq": 0.044120020956191976, "error_max": 0.2610352864192334, "target": "289.xyz", "model": "8.xyz", "model_rescale": 4.121658175737393, "target_rescale": 4.196828321097244},
{"mapping": [10, 13, 12, 9, 6, 11, 2, 0, 4, 1, 8, 3, 14], "R": [[-0.4741561250271513, -0.5079193769867443, 0.7191619258419024], [0.8743159699028644, -0.1754548708058294, 0.45253416786285156], [-0.10367040981905187, 0.8433466041859108, 0.5272750243810554]], "T": [0.010999213342494915, 0.006973669393332389, -0.043871511131317466], "aligned_model": [[-0.5658575617726508, -0.18607185409019, 0.2287890881807237, 0.08671032777509251, -0.6184271445958726, -0.3670598533995153, 0.09572334685332205, 0.38354715316009796, 0.732920396024193, -0.4085331479651075, -0.5099794484676827, 0.55051014535936, 0.0544660493734267], [0.1905828347598198, -0.30080463037924954, 0.10068060278801838, 0.5982396893424659, -0.4515993687556807, 0.05310559166652808, -0.6952129365629404, 0.06294502677813305, -0.156250807293268, -0.656207765729913, 0.5787568770403151, 0.5240061197590216, -0.057853794001540455], [-0.381460098484813, -0.5674719355120466, -0.6400619042765835, -0.3043209404792266, -0.21895551789989298, 0.4080947628457771, -0.1780913145285479, 0.6281831262333544, 0.12107054216352664, 0.3123392672710348, 0.10569964607813942, 0.20367727709021857, -0.06762747654185193]], "inverted": true, "swapped": true, "error_lsq": 0.04576954489574134, "error_max": 0.2543678330074787, "target": "289.xyz", "model": "9.xyz", "model_rescale": 3.833441315466971, "target_rescale": 4.196828321097244},
{"mapping": [7, 12, 10, 9, 8, 11, 1, 3, 4, 2, 5, 6, 13, 0, 14], "R": [[0.963589164737909, 0.008304875231650466, 0.26725820969071423], [-0.24414693298409418, -0.38024803249024963, 0.892078308727297], [0.10903300745260262, -0.9248472645981503, -0.3643752742038898]], "T": [0.05221131705681818, -0.1379503831737064, 0.037520696064105644], "aligned_model": [[0.1312835327031861, 0.3960933041263481, 0.7812873988101253, -0.03311038020406602, 0.49482708037373163, 0.6120620734964668, -0.04325874195526026, -0.5447751838060988, -0.6735111500072297, -0.3406498785012801, -0.4704915050882182, -0.1907717479874339, -0.1133492233827791, 0.18082416658132722, 0.015537796827460156], [-0.4480209181684312, -0.5265816525130855, 0.22600854683107074, 0.19983297019992285, 0.29320302151465616, -0.3701326987994772, -0.2867274997915904, -0.2119716946418304, -0.4683633994759828, 0.39054674850638355, 0.16439760127123926, -0.7264101824942302, 0.6113243534262298, 0.2123096570019366, -0.1186671762589086], [-0.5468745681387073, 0.3436758410013537, 0.14585401413796867, -0.6949632564515127, -0.4376186414630658, -0.2755217672985804, 0.754709492906976, -0.5889374533629902, 0.045688899461579405, -0.2505784496448223, 0.34215598208774417, 0.2739606730778608, 0.2540007597122388, 0.607257127141678, -0.04791967174700859]], "inverted": false, "swapped": false, "error_lsq": 0.047563963731826434, "error_max": 0.30758084183247286, "target": "289.xyz", "model": "10.xyz", "model_rescale": 4.2482417240324, "target_rescale": 4.196828321097244},
{"mapping": [5, 0, 7, 3, 6, 10, 11, 9, 4, 12, 2, 14], "R": [[0.7322809307043242, -0.4293552529667009, 0.5286007049529065], [0.42102744409565657, -0.3246534398407418, -0.8469569264831909], [0.5352574425872918, 0.842765810145069, -0.056967178317324646]], "T": [-0.018671711618746145, 0.15733562548062258, -0.04345617687139926], "aligned_model": [[-0.610556610571898, 0.02122924075243432, 0.46276476364145086, 0.570975090770809, -0.5866151981813258, 0.0656136552800109, -0.1415180094828025, 0.6063537665959433, -0.019579729454061445, 0.22043539849105376, -0.6464634730801736, -0.0658732923984336], [-0.41960490848143467, -0.5936490708027047, -0.18124861077150584, -0.35754288728389966, 0.6771833969015282, 0.7943352026785375, 0.05735860305472994, 0.33229211289807215, -0.44030349907754657, 0.47653464476644364, 0.17598565200990396, 0.14479075415851542], [-0.14640567862505166, 0.12391196783155702, 0.45196845702318933, -0.1264728533404867, 0.16706620063458405, 0.21648542135899623, 0.5259678365835536, -0.08698735576438515, -0.5101948157692645, -0.5460456513024746, -0.3952925660626781, -0.10880867271318337]], "inverted": true, "swapped": true, "error_lsq": 0.051159509457077645, "error_max": 0.3160920071836043, "target": "289.xyz", "model": "11.xyz", "model_rescale": 3.6694154284099745, "target_rescale": 4.196828321097244},
{"mapping": [5, 4, 12, 3, 0, 1, 11, 6, 9, 10, 13, 8, 2, 14], "R": [[0.6797924294537673, 0.19352888233752147, 0.7074099409525817], [0.15788289125783223, -0.9805571951711355, 0.11653574407100956], [0.7162089398390757, 0.03246781020189191, -0.6971302574091025]], "T": [0.08753330726199474, 0.1152204077861504, -0.014655275100713613], "aligned_model": [[-0.21256123546927794, 0.08424360150254764, -0.08843232390279429, 0.7056262999410292, 0.48264628898868733, -0.36748203922317, 0.30533749211837435, -0.4532582931632778, 0.4935282917970276, 0.04114704412090672, -0.4446987489817237, 0.6147562121062239, -0.5858049994306052, 0.023217259851861752], [-0.32687037204729447, 0.29304347608729425, 0.7257805648080337, 0.38278578614967296, -0.2010536835208656, -0.6166047039258413, -0.4130938626154278, -0.23337917222587895, 0.571765933050594, 0.15332695476459446, 0.31302717849547074, -0.05840231199808403, 0.008350368057896226, 0.1323111330560899], [-0.6536276696982399, -0.7518027765922799, 0.07427613179912802, -0.4221412549197333, -0.5955499529487396, -0.004848284880142481, 0.13626090614004815, 0.4577258830076747, 0.20871849313579677, 0.6758795354507445, 0.27744643939232483, 0.5444667987435501, -0.24585536886446063, -0.06185342011325596]], "inverted": true, "swapped": true, "error_lsq": 0.0466084345432966, "error_max": 0.28164001676586436, "target": "289.xyz", "model": "12.xyz", "model_rescale": 3.9764082729961374, "target_rescale": 4.196828321097244},
{"mapping": [3, 6, 13, 8, 11, 14, 5, 7, 0, 2, 9, 4, 1, 12, 15], "R": [[0.34116023261021655, 0.11300860724334354, 0.933187414389126], [-0.3332341929648135, -0.9137334008889331, 0.23247848231402754], [0.8789565793168809, -0.3902823680220052, -0.2740711675581795]], "T": [0.044272982511992076, -0.026087843015435368, 0.053890998285043], "aligned_model": [[0.1888138769629494, 0.48819335154968024, 0.6212219032098394, 0.0020036777761786306, 0.6050877832040645, 0.7098793647169853, -0.18820428074632867, -0.4700508693906835, -0.6548553633535541, -0.5971104792909293, -0.3456526705151449, -0.2269495366936385, -0.19765042851962486, 0.2210463450885338, 0.04622486798795203], [-0.2909804856002894, -0.5872984275210682, 0.03911036052235344, 0.30258780183812334, 0.215056185357046, -0.3561865763453285, -0.3968988428710064, -0.37317514866845997, -0.1959468376107972, 0.27961079731625776, 0.12195617055650959, -0.6886125442250286, 0.5610975925036837, 0.4285155127560725, -0.11808788140016577], [-0.7318464038089018, 0.3215403799236338, 0.24717753001432036, -0.5704794550563984, -0.4539288670751191, -0.24074608321871066, 0.7689276618826176, -0.3774268387464302, 0.15123272348353645, -0.30864880660701827, 0.4869499800352112, 0.11188312828660744, 0.05687525196817794, 0.46535242072089456, -0.0019736403817090867]], "inverted": false, "swapped": false, "error_lsq": 0.04534666468871454, "error_max": 0.30887133851799015, "target": "289.xyz", "model": "13.xyz", "model_rescale": 4.170626492500431, "target_rescale": 4.196828321097244},
{"mapping": [8, 10, 11, 6, 0, 5, 1, 9, 3, 13, 12, 2, 4, 14], "R": [[0.48110484013306637, -0.4655753637439072, 0.7428174159746559], [-0.7064959238320502, 0.29576008590970787, 0.6429537162124348], [-0.5190391530599927, -0.8341256213888952, -0.1866354878723625]], "T": [0.05986427470344559, -0.004228818816041428, 0.08476241238285681], "aligned_model": [[0.24902172191886018, -0.08199856667834406, -0.12955758983938997, -0.6572379247005077, 0.27475213200617554, -0.32223723775939594, -0.7419321627349642, 0.6099477461894175, 0.773513825542493, -0.2784991277118145, 0.2869152153331223, -0.4761089117781674, 0.3063044487627987, 0.030299453541359808], [-0.45891077871500885, -0.6704424303121214, 0.03270029145920174, -0.35378388454820114, 0.6603628017296352, 0.7342119413413041, 0.21107136921406416, -0.3514411556789857, 0.31295109185405096, -0.361687033231993, -0.2932556207504552, 0.2276618772486713, 0.6339080658150787, 0.0327279325004248], [-0.5302254811426608, -0.04359831761891653, -0.4738840975485959, 0.05836407073208377, -0.24038891023095443, 0.13466623147901544, -0.14647650880418078, 0.08841644725974275, -0.014112386738780389, 0.49152490413223987, 0.6106595334528797, 0.505735823014586, 0.4119731423752574, 0.15121865075915036]], "inverted": true, "swapped": true, "error_lsq": 0.04673571161236947, "error_max": 0.28622297966504456, "target": "289.xyz", "model": "14.xyz", "model_rescale": 3.9786697098870705, "target_rescale": 4.196828321097244},
{"mapping": [13, 4, 10, 6, 9, 8, 5, 0, 11, 1, 3, 14], "R": [[-0.6132317520881005, -0.48724559943720125, 0.6217222402810123], [-0.7494653685943018, 0.11029564466925029, -0.6527913388248971], [0.24949645189614544, -0.8662716644310127, -0.4328104942063646]], "T": [-0.012404852420157687, 0.01866822746895193, -0.13129251274429285], "aligned_model": [[0.1194472829193168, -0.7481793936617126, 0.5805085489703591, 0.5267486291966907, 0.008018801024277968, 0.6006844157787902, -0.4010617601928573, -0.3569033046468159, 0.3767577757480109, 0.29565505211868853, -0.451645482242926, -0.06667596824448602], [-0.40424952707529294, 0.011763884888779566, 0.04007306867093609, -0.5636150434577262, 0.5599108331731625, 0.5106355163195142, -0.45006671562968825, 0.25293211094528434, 0.07751180874683411, -0.6342123927564144, 0.6549341486281492, -0.040943202229098904], [-0.5911593186123761, 0.05202813326588923, -0.4896745018826959, -0.21720465664881994, -0.4915714332951131, -0.07822586033547774, 0.4370560373615463, 0.51679964522803, 0.30963855532739015, 0.3393975420434917, 0.016722181563880584, -0.14383983014191526]], "inverted": false, "swapped": true, "error_lsq": 0.0551213794428059, "error_max": 0.2684150912929735, "target": "289.xyz", "model": "15.xyz", "model_rescale": 3.769337070930944, "target_rescale": 4.196828321097244},
{"mapping": [12, 4, 10, 9, 13, 2, 6, 5, 11, 7, 14], "R": [[0.5271106859059136, -0.4791222049323649, 0.7018520054431323], [-0.8353236460507434, -0.14034933694834772, 0.5315415975882336], [-0.15616891864993446, -0.8664548322670422, -0.47420174239325824]], "T": [-0.08304747385864628, 0.0500041841812532, 0.027095253257704136], "aligned_model": [[-0.32521716628764574, -0.28727727234121514, 0.016029450027225417, -0.6538404887535323, 0.23418395242209586, 0.46851042611603577, 0.610529111430384, 0.3449500309664235, 0.10556248107099833, -0.5399134667893759, -0.050890927170223], [0.05670992659143567, -0.6802737418045447, 0.7094175333039624, 0.32544070912251777, 0.20438771684473261, -0.31526228970965187, 0.41497432922042476, -0.6077535292422384, 0.28035630341199125, 0.21924625637892842, -0.011178716492216058], [-0.5670135557281301, 0.028721589301244202, -0.1621134068671376, -0.11950501726814812, -0.5051188379348058, -0.25684743468189586, -0.12413137925061914, 0.3063077879762338, 0.5376777745787374, 0.6224913551265707, -0.016251268028272738]], "inverted": false, "swapped": true, "error_lsq": 0.046013353901345797, "error_max": 0.22626195502624044, "target": "289.xyz", "model": "16.xyz", "model_rescale": 3.7852294659196426, "target_rescale": 4.196828321097244},
{"mapping": [2, 10, 11, 6, 12, 9, 3, 7, 1, 5, 4, 0, 14], "R": [[-0.4954790063316429, 0.867297146960912, 0.04791881841271073], [-0.36077824736069386, -0.25566512356947346, 0.8969249694492578], [0.7901516376721331, 0.42711942529422425, 0.4395786460013472]], "T": [-0.11513763509985575, 0.019374756854826744, -0.0006111223581348234], "aligned_model": [[0.15772278173909016, -0.392717702810459, 0.28877024326219103, 0.10958518607554177, -0.6869885347968997, -0.6718453008184587, -0.29887085556707454, -0.04781335490633029, 0.6183246721519522, 0.5635848315103202, -0.013381473080622083, 0.3326247450610634, -0.1052293876040313], [-0.035051077532681066, -0.6009541973674207, -0.19880982264637492, -0.6896858093115126, 0.062368736601224786, 0.09424194750956826, 0.6726458925494478, 0.22609029893704669, -0.3622413447835288, 0.35549988387331016, 0.7288053526956374, 0.5774264496251379, 0.044719313553019294], [-0.6645721042548437, 0.13570987190710113, 0.37165792023895255, -0.2901865839596894, -0.2883514046410333, 0.3274636604831818, 0.3983298883336847, 0.7373604614965986, -0.24372700324144647, -0.34722679649007415, -0.24834529019806664, 0.28516738456989993, -0.07752530710109097]], "inverted": true, "swapped": true, "error_lsq": 0.04994416722961638, "error_max": 0.3120478492276545, "target": "289.xyz", "model": "17.xyz", "model_rescale": 3.901054581598922, "target_rescale": 4.196828321097244},
{"mapping": [6, 12, 9, 4, 10, 11, 3, 1, 0, 8, 2, 7, 5, 13, 14], "R": [[-0.38774436201030754, -0.28212467806618535, -0.8775306124319944], [0.9206533661173978, -0.07175164201750722, -0.3837304800566362], [0.0452955757875369, -0.9566908423800466, 0.28756032918369095]], "T": [-0.001995050389204521, -0.03630849645399885, -0.04126092717502384], "aligned_model": [[0.1900094551999483, 0.38797026829627224, 0.5606036051441299, -0.1617412630731913, 0.5275143422357074, 0.6984647499720107, -0.2008214299041626, -0.4635328108991953, -0.6313648071090221, -0.43915249828601305, -0.4981202115298287, -0.05930802162270395, 0.0729743295735217, 0.174085720728245, 0.04441611326056155], [-0.5466959143054949, -0.5069840917984981, 0.23967823303622543, 0.2557320454528955, 0.34581394721732495, -0.38265669842270306, -0.36964742679985246, -0.37477747311432946, -0.4032166508911756, 0.4367468336585241, 0.2967950631818696, -0.6967895504700002, 0.5362211494554073, 0.16320733519542707, -0.05267912478771715], [-0.5573662447241537, 0.381073819497384, 0.16246364000249713, -0.7587338808991752, -0.5373012373248278, -0.2029086305229162, 0.6165833688689801, -0.43888788413061974, 0.17034397360335574, -0.20104288028723835, 0.5302633024331457, -0.053791865349959674, 0.19680512168216766, 0.6345283841228845, -0.017140005550811757]], "inverted": true, "swapped": false, "error_lsq": 0.04774671449071018, "error_max": 0.33691717212058203, "target": "289.xyz", "model": "18.xyz", "model_rescale": 3.9405287249114394, "target_rescale": 4.196828321097244},
{"mapping": [13, 4, 8, 11, 9, 7, 0, 14, 3, 10, 1, 12, 2, 6, 15], "R": [[-0.41408681979147133, 0.7713669358913209, -0.48324440595688267], [0.8115616714600544, 0.07245975193946652, -0.5797561882083139], [-0.41218898468050846, -0.6322520340516952, -0.6560164680444736]], "T": [0.034746697706080576, -0.13742023089950342, -0.014696691630686686], "aligned_model": [[0.1320246625842937, 0.372237111987632, 0.6151776031959075, 0.012264787589832182, 0.6032177367492684, 0.7053517125952016, 0.25347845768769006, -0.48941814675148937, -0.8041067986708483, -0.526304169681143, -0.31860171199141546, -0.25520121626117426, -0.25736317771350253, 0.14321868056810758, 0.01602201009791958], [-0.41921071450152403, -0.7101784579216588, 0.1715512783002918, 0.21435298419551926, 0.12799418530545378, -0.3182891866070776, -0.2350169859164898, -0.29738578748199485, -0.19433187053283518, 0.3212121778926029, -0.04772839146539978, -0.5981063550381387, 0.6625712587341888, 0.3655991497775163, -0.10228560813255133], [-0.6167440039512878, 0.2897918340358518, 0.35934705713543996, -0.6431578047944623, -0.45674387508090986, -0.1295917907783702, 0.6297453527312972, -0.5618723477213161, 0.1213712023208709, -0.31929852149406796, 0.5354121151363165, 0.047251386802402144, 0.15853933294003675, 0.5270493625215403, -0.016210318382628548]], "inverted": false, "swapped": false, "error_lsq": 0.03846003431513272, "error_max": 0.22356271331122388, "target": "289.xyz", "model": "19.xyz", "model_rescale": 4.410303926677745, "target_rescale": 4.196828321097244},
{"mapping": [6, 13, 10, 1, 8, 5, 11, 12, 4, 3, 0, 7, 9, 14], "R": [[0.3981451636115256, -0.9169587413735929, -0.025828188308666428], [0.9125605321361419, 0.3930561558241861, 0.11287220010310303], [-0.09334722213410208, -0.06850930584431192, 0.9932737644439106]], "T": [0.07847841400700327, -0.0759793545626664, 0.04518173107503626], "aligned_model": [[-0.16719793117169712, 0.30815022616418936, 0.3003309699794035, -0.6547396740135758, 0.10433862508276792, -0.5426514507095763, -0.37058663576533574, 0.6751222478889551, 0.04723276328537544, 0.269978099683755, -0.35402805608509347, -0.03969169279839553, 0.6077847683541872, 0.07714562956591327], [-0.1386342304562622, -0.3626130688680164, 0.2851163305415582, -0.25643947164903097, 0.7014769114999452, -0.5835531051852266, 0.302334148617092, -0.29963347609649843, -0.5523005968313888, 0.10330883528125369, -0.03846617498554322, 0.5416216010915319, 0.266272728118682, -0.15754196489689395], [-0.7116793398998864, -0.47713413539427935, -0.503301147893648, -0.37018379261114037, -0.07979561695520035, 0.2695771233731897, -0.022270469749130717, -0.029993884908937674, 0.6343846572505931, 0.787380234451998, 0.6816666960189748, 0.488432019345228, 0.20599180411382093, 0.04374089158344008]], "inverted": true, "swapped": true, "error_lsq": 0.044120020956191976, "error_max": 0.2610352864192334, "target": "289.xyz", "model": "20.xyz", "model_rescale": 4.121658175737393, "target_rescale": 4.196828321097244},
{"mapping": [5, 2, 1, 0, 11, 4, 13, 3, 12, 9, 10, 7, 14], "R": [[0.23181794383056048, 0.8948964590956852, 0.3813407510562909], [0.35527112924061943, 0.2870517132994999, -0.8895975149582631], [-0.9055621820980968, 0.3417040260076353, -0.2513871376262261]], "T": [0.022010523245054675, 0.03565189434016399, -0.027527924486525572], "aligned_model": [[0.23911085855003347, -0.2808796392509595, 0.3309288019630394, 0.5522941045716541, 0.5629118729578109, -0.06943390415522416, -0.4758298448432037, 0.20892929996496254, -0.5762417261775218, -0.11359763542692747, -0.08505793759980915, 0.614834880281929, -0.026886226171489266], [-0.283982219222272, 0.09016629776024007, 0.4363045115411048, -0.5050256732241867, 0.27052850164020315, -0.6733571447137525, 0.4055945947413339, -0.6179402323389557, -0.028179033217398113, -0.05201699692798369, 0.648911596229871, -0.1598542677615943, 0.00967696965657337], [0.7103665063815721, 0.6232753432453083, 0.670146866609171, 0.1140675811671889, 0.01233476776249326, 0.22537997174558638, 0.12419306339345237, -0.42445827845231276, -0.2504096477725839, -0.6576756668836357, -0.33230817588843703, -0.47719730848219405, 0.03239471665618027]], "inverted": true, "swapped": true, "error_lsq": 0.05479599238173215, "error_max": 0.3775284140949284, "target": "289.xyz", "model": "21.xyz", "model_rescale": 4.08911054899281, "target_rescale": 4.196828321097244},
{"mapping": [8, 10, 7, 1, 0, 6, 12, 11, 15, 2, 14, 5, 4, 13, 16], "R": [[-0.12078122230683089, 0.043482328034951515, 0.9917263652271876], [-0.20027517531747374, 0.9774291425716601, -0.06724675013102434], [-0.9722662960782006, -0.20674031633982315, -0.10934665568771093]], "T": [-0.038074268442287826, -0.08640089362649195, 0.030473607500530978], "aligned_model": [[0.10198039108025343, 0.43159094800701864, 0.6110285504874594, -0.20652689799238655, 0.4915209246189058, 0.6196724295082885, 0.05908121676265134, -0.45149155394664314, -0.7542188458970717, -0.45205956941921205, -0.4659305455138405, -0.003187597879086665, 0.02130527007942025, 0.20873052577062973, -0.009497703680106866], [-0.4194818471795156, -0.6455088433921038, -0.039170495756648625, 0.12170878432325571, 0.38354151030125566, -0.25415142472087315, -0.15913993330059528, -0.5039296473098744, -0.061069213239624616, 0.46108136227245455, -0.030338066783811644, -0.790043136696514, 0.6082562042496648, 0.31779123610487625, -0.048798812264042826], [-0.5613065787057215, 0.3739096192719479, 0.3172331025202178, -0.716729480560104, -0.28379135500143354, -0.27741138596949083, 0.7586489640156819, -0.46008619329062544, -0.10369892338809815, -0.19343079045560257, 0.5054668196246013, -0.006937192177774755, 0.04523072927219088, 0.4913923442047122, 0.03639930206021086]], "inverted": true, "swapped": false, "error_lsq": 0.04269149369959123, "error_max": 0.30974136243133726, "target": "289.xyz", "model": "22.xyz", "model_rescale": 4.204369325754507, "target_rescale": 4.196828321097244},
{"mapping": [13, 4, 8, 11, 9, 7, 0, 14, 3, 10, 1, 12, 2, 6, 15], "R": [[-0.41408681979147133, 0.7713669358913209, -0.48324440595688267], [0.8115616714600544, 0.07245975193946652, -0.5797561882083139], [-0.41218898468050846, -0.6322520340516952, -0.6560164680444736]], "T": [0.034746697706080576, -0.13742023089950342, -0.014696691630686686], "aligned_model": [[0.1320246625842937, 0.372237111987632, 0.6151776031959075, 0.012264787589832182, 0.6032177367492684, 0.7053517125952016, 0.25347845768769006, -0.48941814675148937, -0.8041067986708483, -0.526304169681143, -0.31860171199141546, -0.25520121626117426, -0.25736317771350253, 0.14321868056810758, 0.01602201009791958], [-0.41921071450152403, -0.7101784579216588, 0.1715512783002918, 0.21435298419551926, 0.12799418530545378, -0.3182891866070776, -0.2350169859164898, -0.29738578748199485, -0.19433187053283518, 0.3212121778926029, -0.04772839146539978, -0.5981063550381387, 0.6625712587341888, 0.3655991497775163, -0.10228560813255133], [-0.6167440039512878, 0.2897918340358518, 0.35934705713543996, -0.6431578047944623, -0.45674387508090986, -0.1295917907783702, 0.6297453527312972, -0.5618723477213161, 0.1213712023208709, -0.31929852149406796, 0.5354121151363165, 0.047251386802402144, 0.15853933294003675, 0.5270493625215403, -0.016210318382628548]], "inverted": false, "swapped": false, "error_lsq": 0.03846003431513272, "error_max": 0.22356271331122388, "target": "289.xyz", "model": "23.xyz", "model_rescale": 4.410303926677745, "target_rescale": 4.196828321097244},
{"mapping": [0, 4, 10, 7, 1, 3, 8, 12, 6, 13, 15, 5, 11, 9, 16], "R": [[0.40351470680213336, -0.7881822549098494, -0.4646984123489275], [0.9134965513729985, 0.3758797221161024, 0.15568713861960598], [0.05196087012384548, -0.48732244720220624, 0.8716747675760874]], "T": [-0.03291234507961138, 0.0018581485422145133, 0.01367552003476277], "aligned_model": [[0.11241913552353253, 0.31807517297377724, 0.5196766681619893, -0.031011710399617115, 0.6253551555070394, 0.7319955549818855, 0.30527631120826987, -0.46738395710783376, -0.775776734577672, -0.6134598817745059, -0.43731458108610777, -0.26674487959765875, 0.09620859412962304, 0.015249697637757575, 0.06943299640580056], [-0.4067274855009078, -0.5306792966010909, 0.14162710999672645, 0.27735455883022386, 0.2834569668038626, -0.4145007951934688, -0.23094468403261198, -0.42063563295615963, -0.15855467277350205, 0.2244151325428388, -0.10804188303320818, -0.5769387214930809, 0.6209509480526527, 0.27883395740631817, -0.03886782544068962], [-0.6046466868165238, 0.2727044849829195, 0.32814963047028994, -0.5913277958144413, -0.4593163961703501, -0.21173991650159904, 0.7258117016445645, -0.5144430819103869, 0.03151691384251201, -0.31437869856206163, 0.591338921513008, 0.09060771398595553, 0.041485145397508756, 0.5734833465018013, -0.03435630114248487]], "inverted": false, "swapped": false, "error_lsq": 0.04099096919743427, "error_max": 0.24532870917726876, "target": "289.xyz", "model": "24.xyz", "model_rescale": 4.28219845311461, "target_rescale": 4.196828321097244},
{"mapping": [6, 1, 4, 14, 2, 0, 3, 10, 11, 12, 9, 8, 13, 7, 15], "R": [[0.19590630935752776, 0.31516771847222597, -0.9285957286068707], [0.9159338627916367, 0.2794263521582704, 0.2880730336409748], [0.3502654378403679, -0.9069675975207354, -0.23393140041892932]], "T": [-0.020527739048095777, -0.05725745437604497, 0.05644795838555356], "aligned_model": [[0.27275831370002224, 0.20636874641557293, 0.6380189312264771, -0.25009703458034077, 0.3851050774464294, 0.7135942088899847, 0.2029054668916852, -0.4188067819635932, -0.5474515033419225, -0.5817908187010191, -0.4504707610088175, -0.12464482893133572, 0.00723522552941171, 0.10087872760534623, 0.048394572808378694], [-0.49915977730847566, -0.5966821363515714, 0.07093632549296956, 0.140453154334656, 0.23602100494911177, -0.3198418925573672, -0.2768309682092096, -0.4283658157323206, -0.09347158196465842, 0.43577599544702933, 0.07344526679635853, -0.7129212459289992, 0.535301387510701, 0.4522623220797461, -0.07617436195006752], [-0.6721827870619411, 0.3160946340941187, 0.3471904748823325, -0.6423746790888647, -0.41070275376899384, -0.18369481251626638, 0.7649043221555837, -0.5209229855782502, -0.07590367490249464, -0.10579159599961718, 0.5613632784386109, -0.1465561818911263, 0.02451531620374814, 0.6319443293605519, 0.03700609709332135]], "inverted": false, "swapped": false, "error_lsq": 0.041283619009479626, "error_max": 0.2922395191228532, "target": "289.xyz", "model": "25.xyz", "model_rescale": 4.100010024507729, "target_rescale": 4.196828321097244},
{"mapping": [5, 0, 7, 3, 6, 10, 11, 9, 4, 12, 2, 14], "R": [[0.7322809307043242, -0.4293552529667009, 0.5286007049529065], [0.42102744409565657, -0.3246534398407418, -0.8469569264831909], [0.5352574425872918, 0.842765810145069, -0.056967178317324646]], "T": [-0.018671711618746145, 0.15733562548062258, -0.04345617687139926], "aligned_model": [[-0.610556610571898, 0.02122924075243432, 0.46276476364145086, 0.570975090770809, -0.5866151981813258, 0.0656136552800109, -0.1415180094828025, 0.6063537665959433, -0.019579729454061445, 0.22043539849105376, -0.6464634730801736, -0.0658732923984336], [-0.41960490848143467, -0.5936490708027047, -0.18124861077150584, -0.35754288728389966, 0.6771833969015282, 0.7943352026785375, 0.05735860305472994, 0.33229211289807215, -0.44030349907754657, 0.47653464476644364, 0.17598565200990396, 0.14479075415851542], [-0.14640567862505166, 0.12391196783155702, 0.45196845702318933, -0.1264728533404867, 0.16706620063458405, 0.21648542135899623, 0.5259678365835536, -0.08698735576438515, -0.5101948157692645, -0.5460456513024746, -0.3952925660626781, -0.10880867271318337]], "inverted": true, "swapped": true, "error_lsq": 0.051159509457077645, "error_max": 0.3160920071836043, "target": "289.xyz", "model": "26.xyz", "model_rescale": 3.6694154284099745, "target_rescale": 4.196828321097244},
