[{"mapping": [0, 5, 6, 9, 8, 1, 2, 10, 3, 4, 11], "R": [[-0.16407566027115453, 0.7031756612426789, 0.6918259659354411], [-0.8079455856850621, -0.4981681905586689, 0.31472588785723316], [0.5659532739357611, -0.5073188773852431, 0.649864946254197]], "T": [-0.03681848685550533, -0.015217488794983275, -0.023559959811051787], "aligned_model": [[0.4700008060276348, 0.2550985513584283, -0.1788493133162649, -0.5923225604506449, -0.03915214144708782, 0.493683668990574, 0.6680262041884776, -0.4909680611226423, -0.5045154546071203, 0.12791463272348835, 0.012502678365055697], [-0.22168875578695352, -0.7893475731664471, 0.027846197151729896, 0.14209907053060303, 0.5651708923431008, -0.173156347462231, 0.3727353335310687, -0.4921556519841628, 0.23412479407290207, 0.31266220186496363, -0.059142344446622024], [0.26504914307668764, 0.04119641285870085, -0.7328745943298337, -0.21335761208612652, -0.28094560779355127, -0.4657175551144734, -0.061465299049555874, 0.1438900286976803, 0.41589480136136014, 0.6959581945881593, -0.0018738904260488139]], "inverted": true, "swapped": false, "error_lsq": 0.052176806779791446, "error_max": 0.2901816498085862, "target": "29.xyz", "model": "0.xyz", "model_rescale": 3.751011558992144, "target_rescale": 3.607286011436655},
{"mapping": [6, 4, 8, 5, 3, 1, 7, 10, 9, 11, 14], "R": [[0.6905542367741854, -0.49959586624763497, -0.5230093847164674], [0.3410200428219896, 0.8625838708317758, -0.3737036207672587], [0.637840243687172, 0.07970593584637183, 0.7660331502774168]], "T": [-0.016231726506644464, 0.09320825133286387, -0.11193605722624046], "aligned_model": [[0.5504066787172585, 0.039538496495899744, -0.22634242517615444, -0.6259794979026287, 0.10451860436185216, 0.5749986934335938, 0.5834405017810674, -0.3474331833567702, -0.516945606183535, 0.11123922025712861, -0.026022471717813647], [-0.1691929913718196, -0.6879930750039913, -0.2612599110936869, 0.08872571762401561, 0.818962575461655, -0.15964869984964475, 0.34018452308788094, -0.48766863985390313, 0.1977351436940325, 0.11528468049406443, 0.1240184934593491], [0.30494792042520447, -0.22233596603776612, -0.6321514628712749, -0.24711597128450524, -0.3171332992064514, -0.3806282644295984, 0.02616884351115782, 0.3627653019401434, 0.30345455509730146, 0.6754614141522965, -0.06767904951350853]], "inverted": false, "swapped": false, "error_lsq": 0.03816064313287822, "error_max": 0.1999638788377427, "target": "29.xyz", "model": "1.xyz", "model_rescale": 3.9405287249114394, "target_rescale": 3.607286011436655},
{"mapping": [0, 5, 9, 8, 3, 11, 6, 2, 4, 1, 12], "R": [[-0.16323847483679843, 0.6444648306184404, 0.7470062131126495], [0.9296987229625875, -0.15290934759353197, 0.33508061110761755], [0.33017190197636437, 0.7491887702805385, -0.5741974413308062]], "T": [0.03971441112985519, 0.10849704309208458, -0.005055458261404714], "aligned_model": [[0.6613802766466496, 0.18494195610128578, -0.2816702232149916, -0.6335589329249175, -0.012428820477709518, 0.45270908802573384, 0.5612869798122545, -0.167565517965117, -0.5069945895426647, -0.019951040407493015, -0.01673016534313196], [-0.30892005713647386, -0.5939969106910323, -0.22192982199465372, 0.17023734236207058, 0.6316809549071611, -0.1488745165405158, 0.26105442006895063, -0.4655072954679255, 0.46412392499054367, 0.07482766152489106, 0.056452114624936114], [0.3720711840802833, -0.12119109214043394, -0.6668039835533308, -0.3839761752209273, -0.22946436268430243, -0.5254491228895727, -0.011688385021589696, 0.29780371335187045, 0.2524994122762038, 0.783951980864484, 0.038000852720313893]], "inverted": false, "swapped": false, "error_lsq": 0.05051589385399149, "error_max": 0.27953498981974284, "target": "29.xyz", "model": "2.xyz", "model_rescale": 3.932901565614263, "target_rescale": 3.607286011436655},
{"mapping": [7, 8, 11, 10, 1, 3, 0, 9, 6, 4, 13], "R": [[-0.7172702407322191, 0.44700507479192575, -0.5345183484878786], [0.46380129394068104, -0.2662076027440775, -0.8449981490986836], [-0.5200113090105776, -0.8540023274860064, -0.0163787407815546]], "T": [0.018016253039075565, 0.001497311567741892, 0.0007686110757335954], "aligned_model": [[0.37305548881757156, 0.19590090200657717, -0.24936352980520454, -0.6094474505223945, 0.025671259954683674, 0.4305298268849336, 0.535747443829523, -0.22687991722503903, -0.46872381277142366, 0.30512318481499395, -0.09019438527432275], [-0.4116431383299848, -0.6398725450625837, -0.2749459286870852, 0.1769872960398257, 0.6433083978355175, -0.07783075421598272, 0.42309432462944613, -0.6417596545395828, 0.3660840510857843, 0.35903951853332233, -0.003313750640724572], [0.4622928867788299, -0.3087285362449048, -0.8053305670723313, -0.29695274584066844, -0.3690807519425812, -0.28944697681221876, 0.05698873027839352, 0.2577497013007048, 0.3119805619776107, 0.7443811341697003, 0.04190058519046373]], "inverted": false, "swapped": false, "error_lsq": 0.04982852921623906, "error_max": 0.21917596008488924, "target": "29.xyz", "model": "3.xyz", "model_rescale": 3.9243930471874484, "target_rescale": 3.607286011436655},
{"mapping": [10, 4, 2, 1, 5, 3, 6, 8, 9, 11, 12], "R": [[-0.26537507447748954, 0.6714166776973008, -0.6919362071433941], [0.8819340031750719, 0.4590280054981676, 0.10717137776461973], [0.38957474749996246, -0.5818014567516081, -0.7139597895064173]], "T": [-0.014976297294443885, -0.040648524529505195, 0.007264150843798476], "aligned_model": [[0.43492872937921606, 0.026209735175153147, -0.06600175892526172, -0.6000240523651303, 0.0036054921998057154, 0.5029688816475055, 0.5688032830982119, -0.3067304179160727, -0.47135028304577087, 0.15556021634397793, -0.026550814881736468], [-0.3875434080821861, -0.5823391406415698, -0.3304918613161968, 0.24246623213718527, 0.6677513078889428, -0.1315340669031894, 0.38436311102560605, -0.49617514357200154, 0.10882618893870417, 0.3871860309979458, 0.05663856617471173], [0.42484902396261465, -0.231989389538829, -0.8671509294809272, -0.28892068811119526, -0.2600324901818405, -0.41276677678285534, -0.0018477038551497314, 0.3293066967290275, 0.5240498771752434, 0.6506994405196127, -0.06044303865270216]], "inverted": true, "swapped": false, "error_lsq": 0.04005555164480082, "error_max": 0.23369923176991977, "target": "29.xyz", "model": "4.xyz", "model_rescale": 3.8936222436046832, "target_rescale": 3.607286011436655},
{"mapping": [2, 0, 9, 6, 7, 3, 10, 1, 5, 4, 11], "R": [[-0.4526834630020101, -0.5697886590539925, 0.6858706629809742], [-0.03665729022175612, -0.7566543574860972, -0.6527866622189055], [0.8909174627304742, -0.3206478868022593, 0.32163800660235997]], "T": [0.07994832208483446, 0.061086121413062626, -0.15639669426039632], "aligned_model": [[0.5075639035433036, 0.21996791750984232, -0.1615484076643869, -0.6867865183856896, -0.06539815194724452, 0.5231645048909658, 0.5870882340555703, -0.3705177436172784, -0.48477801824739, 0.16739099176992778, -0.014727701197722098], [-0.28765859916074477, -0.8105245871626728, -0.2385777779323136, 0.24621256517837814, 0.6898952801656463, -0.23048757840424372, 0.39952095183752906, -0.4968582911329677, 0.31465965748381447, 0.2531888519848118, 0.07977734379071477], [0.34627665821609493, -0.21477129978490847, -0.6400461755697567, -0.2679964807080538, -0.21315029981427558, -0.3773632645709255, 0.0101517213037918, 0.20261183393994198, 0.3670108710139423, 0.6091586070288524, -0.016128149271704556]], "inverted": true, "swapped": false, "error_lsq": 0.036240794659234424, "error_max": 0.16818347452096208, "target": "29.xyz", "model": "5.xyz", "model_rescale": 3.6523030999806103, "target_rescale": 3.607286011436655},
{"mapping": [10, 11, 7, 5, 1, 4, 2, 9, 8, 6, 12], "R": [[-0.5983533764380606, -0.7717837062689935, -0.21522812930207078], [0.38293627314337486, -0.039506929661519585, -0.9229295819399131], [0.7037990108093614, -0.63465668927887, 0.31918308090710057]], "T": [-0.008184318227731125, 0.048393240395929724, -0.05877871747754976], "aligned_model": [[0.4305571600673857, 0.18987827808131855, -0.29599342873735346, -0.6117862811289309, 0.06699248245858, 0.5159308785904497, 0.654309329543292, -0.2807509600198942, -0.5148618642339085, 0.1216318311480374, -0.054488415059078296], [-0.31739248202383885, -0.7485585894889523, -0.31742740432159733, 0.2889517322854505, 0.7299024944976242, -0.1372142051038177, 0.4173194851050858, -0.5391777674600671, 0.15155543146205874, 0.3324942846782676, 0.0586948370177383], [0.4726154508798542, -0.37533517678210343, -0.558937923634246, -0.2629840365767411, -0.16954175827079163, -0.20014610610100614, -0.09352388745787299, 0.26236083425949913, 0.3728907502568321, 0.5113605866149176, -0.1530047114053431]], "inverted": true, "swapped": false, "error_lsq": 0.05517642880032328, "error_max": 0.28776005116131076, "target": "29.xyz", "model": "6.xyz", "model_rescale": 4.08911054899281, "target_rescale": 3.607286011436655},
{"mapping": [1, 2, 7, 4, 10, 13, 11, 0, 3, 9, 14], "R": [[0.5028157211182367, -0.16940294797478372, 0.8476314009130386], [-0.7655247617919716, 0.3681335911590108, 0.5276831418035973], [-0.4014326714153853, -0.9142102057392617, 0.055421205711210106]], "T": [0.004081367506588846, 0.10848180191715644, -0.1425749255297737], "aligned_model": [[0.42254516731004127, 0.08900686278733595, -0.14207963056959058, -0.6419620363676691, 0.11781913269067908, 0.5979770265168286, 0.5024609188665287, -0.31858916137016724, -0.6054467904013436, 0.12388765137011266, 0.0757998698771425], [-0.29701053094180097, -0.6924270336718679, -0.3379162210694433, 0.3800733656298542, 0.8015605351523297, -0.18791303864816428, 0.39497325439391373, -0.5361644779999172, 0.01365862254559845, 0.24525825017839276, 0.13505509107905667], [0.30285753298896917, -0.1809447133583165, -0.75792420216255, -0.21817540524325738, -0.30375956750921074, -0.451334649338878, -0.023951431224557285, 0.46155344384825936, 0.35334384366232413, 0.6199839020079085, 0.004105268112307547]], "inverted": false, "swapped": false, "error_lsq": 0.039284964569440924, "error_max": 0.2134425970452395, "target": "29.xyz", "model": "7.xyz", "model_rescale": 3.964800864290218, "target_rescale": 3.607286011436655},
{"mapping": [8, 5, 3, 6, 2, 1, 7, 10, 11, 12, 13], "R": [[0.6748526281207261, -0.7233613039582069, -0.14602175952381735], [0.5895740680285347, 0.6475066155817817, -0.4828432469095032], [0.4438201760024365, 0.2397573913640815, 0.8634466078799876]], "T": [-0.028976975012985504, 0.07583693510161858, -0.09046165550070609], "aligned_model": [[0.4637502633919223, 0.1450354461742544, -0.3632919766210261, -0.5757377093132687, 0.14642704104203286, 0.6412330960607808, 0.6017818338013986, -0.3338729535265406, -0.6410398555824255, 0.1372262436299453, -9.241834717479969e-05], [-0.3514986368908011, -0.7390812171810255, -0.2661424315165509, 0.2016677090910256, 0.6618576331680299, 0.04304490508469945, 0.34500989706482293, -0.6190136050225699, 0.20244515096468807, 0.4228449763603872, 0.01801343552524609], [0.31655401846169207, -0.15900948786013627, -0.6356646344082487, -0.23785615649440087, -0.3442763523636314, -0.4264125962213139, 0.10069902720556456, 0.2247449151519643, 0.4540406074869604, 0.5596436026714244, -0.046708921846875855]], "inverted": false, "swapped": false, "error_lsq": 0.047067723147345794, "error_max": 0.2496378476651147, "target": "29.xyz", "model": "8.xyz", "model_rescale": 4.121658175737393, "target_rescale": 3.607286011436655},
{"mapping": [5, 10, 3, 2, 8, 11, 7, 0, 1, 9, 12], "R": [[-0.0949606592452797, -0.12979100395008109, -0.9869836718453513], [-0.7169982930741692, 0.6967073522956291, -0.02263433201890863], [0.6905765134468662, 0.7055162369151006, -0.15921971776361715]], "T": [0.03885845295905197, 0.05769279515197585, 0.042438168902019846], "aligned_model": [[0.32703110252296463, 0.26688747958044684, -0.1977958313299036, -0.5466578530749091, 0.03171986061816818, 0.381760294162209, 0.6756538731858531, -0.4379095087348368, -0.594328079448664, 0.35476215051213683, -0.039704477283566846], [-0.37881774426968845, -0.6194534305790012, -0.304723063678487, 0.15437087494510762, 0.6816986439520826, 0.047346117259127705, 0.2806191812133023, -0.5318450266267876, 0.11611129353208341, 0.40857485711184055, 0.06526611378837212], [0.3712739627154345, -0.214381967753494, -0.6173598960132103, -0.3183532599245856, -0.3332200253250577, -0.4917372218729302, 0.03992232132846418, 0.2521086496972041, 0.30813312545565225, 0.728205220824194, 0.08116311265132756]], "inverted": true, "swapped": false, "error_lsq": 0.04643944441308554, "error_max": 0.2634964888494035, "target": "29.xyz", "model": "9.xyz", "model_rescale": 3.833441315466971, "target_rescale": 3.607286011436655},
{"mapping": [7, 11, 10, 0, 13, 8, 2, 12, 1, 4, 14], "R": [[0.3779583753831466, -0.8207717092904674, -0.4283471345837823], [0.8100915101714512, 0.5171775358516273, -0.2761867874438906], [0.44821781716691095, -0.24261326764800673, 0.860371774720258]], "T": [0.039683262249155346, -0.016190132962660624, 0.10409809363055791], "aligned_model": [[0.5290546728006089, 0.16539865313429686, -0.18194708476209503, -0.47959291307959057, -0.005531504960835085, 0.45656015748359363, 0.49641609082833815, -0.39972063132919405, -0.6471766995053849, 0.15452407084988568, 0.13343419925027458], [-0.44020869728180856, -0.6536519298351975, -0.2700423827525011, 0.281660923387577, 0.6443225020192265, -0.19211414099814783, 0.5184737987255401, -0.421173125829082, 0.16387456103455736, 0.2904837088821444, -0.0024774007043565447], [0.2610626005403221, -0.10368828481183037, -0.6456973238535578, -0.22064790506790707, -0.340159967939613, -0.5305858907216275, -0.044830944429212566, 0.18112439503413982, 0.3075901864205845, 0.831198721809572, 0.11038843480212895]], "inverted": true, "swapped": false, "error_lsq": 0.038954670490698555, "error_max": 0.2066117413081969, "target": "29.xyz", "model": "10.xyz", "model_rescale": 4.2482417240324, "target_rescale": 3.607286011436655},
{"mapping": [0, 1, 3, 7, 9, 8, 10, 6, 5, 4, 11], "R": [[0.7015902005001593, 0.4404582862079432, 0.5601497020198336], [-0.0010296959062952582, -0.7854585581627942, 0.6189133971204416], [0.712579911510623, -0.4348003582330474, -0.5506164892117986]], "T": [-0.030807472709602525, -0.12596533189814238, -0.03964846664612312], "aligned_model": [[0.5995901106932839, 0.2890517584120693, -0.24393936565346777, -0.417131136167784, 0.06219099938206068, 0.3153416142570411, 0.5021386593303939, -0.2572127095709568, -0.5694482091352122, -0.02646495288735496, -0.03269775795017507], [-0.3573154941061386, -0.7328806576081774, -0.30478864405935513, 0.278940084466373, 0.6916781620504406, -0.06180030046650972, 0.23577350155884433, -0.36799143766814046, 0.2501110328567677, 0.3008891118723661, -0.013467542248518566], [0.310944552708209, -0.20843950148724533, -0.8016646381868613, -0.42091199433567295, -0.08570607330426208, -0.542561468355515, -0.028887460778750124, 0.5177079462447131, 0.3245203063934372, 0.7242991798501596, 0.016453173034787057]], "inverted": true, "swapped": false, "error_lsq": 0.04922838958611933, "error_max": 0.2258717004620251, "target": "29.xyz", "model": "11.xyz", "model_rescale": 3.6694154284099745, "target_rescale": 3.607286011436655},
{"mapping": [4, 11, 7, 10, 12, 6, 0, 8, 2, 1, 13], "R": [[0.3202703823938785, -0.7948569402636136, -0.5153924006774305], [-0.8115034329764732, 0.050500935828606375, -0.5821613468342208], [0.4887627854375554, 0.604691739645252, -0.6288551817200213]], "T": [0.020727082758153173, -0.01892416772324941, -0.10992677092389255], "aligned_model": [[0.5027960270428969, 0.1267711412232984, -0.20658705960531643, -0.567388515378376, -0.15769460672026947, 0.47323786438628923, 0.6337193748124199, -0.43059240062507065, -0.3965209977671344, 0.13148767972736897, 0.11219050361379186], [-0.287686350168136, -0.7490498222991753, -0.05856563143934236, 0.1352398376761439, 0.6345993452633617, -0.21064989672129292, 0.32659275971531415, -0.4788835799323782, 0.16512618605374418, 0.4075870036775886, 0.034837964822123896], [0.38307938724651647, -0.1363811675602022, -0.8162709883600872, -0.2939981972131749, -0.1632298567988484, -0.38980186950204776, 0.014958645201967574, 0.2867417485606043, 0.35734518411390304, 0.6127722016302891, -0.04946106553592138]], "inverted": false, "swapped": false, "error_lsq": 0.04667123106430191, "error_max": 0.2514013772069539, "target": "29.xyz", "model": "12.xyz", "model_rescale": 3.9764082729961374, "target_rescale": 3.607286011436655},
{"mapping": [11, 14, 6, 4, 9, 13, 12, 3, 7, 8, 15], "R": [[-0.14498870016834764, 0.7446721501484174, -0.651491876861735], [-0.048439960917337876, 0.6523176226260522, 0.7563962515757348], [0.9882468552997372, 0.14122715038132172, -0.05850679435203872]], "T": [0.0513920599305539, 0.18524883502261114, -0.037950705628389064], "aligned_model": [[0.4402159231026362, 0.10373967047680904, -0.0697638820212822, -0.6093401622235239, 0.047585889555874394, 0.479524769135997, 0.607498832641288, -0.2615062224205493, -0.6187327424431028, 0.13515526789666626, -0.032958332990914205], [-0.40142614336341254, -0.6046573942380326, -0.24522464485947343, 0.15376330978849262, 0.7610659773175115, -0.13114148113137225, 0.4416176353524194, -0.4284567167144552, 0.21987392666366756, 0.03532922816518852, 0.11840411966741818], [0.3297083373898767, -0.14802302830942615, -0.6573638363797506, -0.3177815725592801, -0.21092254791503268, -0.339745499054798, -0.21748853036450108, 0.4456851160209627, 0.3095655547041398, 0.6477319273144982, -0.03561189906368994]], "inverted": true, "swapped": false, "error_lsq": 0.03999665163416251, "error_max": 0.24034446488981026, "target": "29.xyz", "model": "13.xyz", "model_rescale": 4.170626492500431, "target_rescale": 3.607286011436655},
{"mapping": [11, 9, 7, 0, 4, 10, 12, 3, 2, 6, 13], "R": [[0.02644838337903961, 0.5576504573165251, 0.8296544162910879], [0.3587666739769399, 0.7693578683749034, -0.5285593098349031], [-0.9330524940538767, 0.3116318947481072, -0.17971812795470907]], "T": [-0.030310651870692353, 0.028316841520961852, -0.053786475342039355], "aligned_model": [[0.43232194473568913, 0.2265188108480111, -0.1648553795188648, -0.5549242389413008, -0.018800685506846805, 0.36869008054911484, 0.609514204591369, -0.28263768240454823, -0.5446381804922971, 0.11321961828364385, 0.03701051856592797], [-0.3290877926563213, -0.733095649873923, -0.1419686511164489, 0.04728549394488753, 0.7367884698307449, -0.16067335391919318, 0.36131196048711, -0.37602610911419815, 0.3236824665944519, 0.17340692945972513, 0.017524053011117105], [0.34357061740576217, -0.15672375474719452, -0.8350229121191021, -0.3371222849637881, -0.08538715804682136, -0.4050832537656091, -0.17806247859365765, 0.44452211615875203, 0.23109684825427662, 0.7622020018814031, 0.021764280318977605]], "inverted": false, "swapped": false, "error_lsq": 0.04317290856233339, "error_max": 0.2044458462906918, "target": "29.xyz", "model": "14.xyz", "model_rescale": 3.9786697098870705, "target_rescale": 3.607286011436655},
{"mapping": [4, 2, 3, 9, 6, 0, 1, 5, 7, 10, 11], "R": [[-0.5344375936840031, 0.014829686148813914, -0.8450778300641782], [-0.8010518995178169, -0.32783069455830227, 0.5008421807159602], [-0.2696151196356572, 0.9446200908905913, 0.18708439579425495]], "T": [-0.01776464474929964, 0.01250159740385379, -0.0068311559171407125], "aligned_model": [[0.3650084018007714, 0.12831997158640077, -0.2480459215185999, -0.27494994733768985, -0.14717319474310522, 0.4682711014591694, 0.48291354776460027, -0.339431038038434, -0.447781273220189, 0.2683307267453273, -0.03404336378835297], [-0.3326251730769188, -0.818863624111424, -0.3786127533461474, 0.21745687619311552, 0.7843683908252888, -0.12345484102967669, 0.46155995507208214, -0.5463034468572378, 0.2827178611646077, 0.2734205469513064, 0.09948402486295632], [0.32375474399910925, -0.21015004237862367, -0.8062993106985324, -0.5352848642759321, -0.12861280973136915, -0.48546534434791894, 0.08449261120659067, 0.4716322613538841, 0.41618760894844326, 0.7296413341823146, -0.054142166474966835]], "inverted": false, "swapped": false, "error_lsq": 0.055435792813176475, "error_max": 0.38609987737843804, "target": "29.xyz", "model": "15.xyz", "model_rescale": 3.769337070930944, "target_rescale": 3.607286011436655},
{"mapping": [2, 6, 5, 7, 1, 4, 0, 8, 9, 3, 10], "R": [[-0.1606440510961965, 0.3932384046834725, -0.9052939003049787], [-0.7390663624625226, -0.6558542015343464, -0.15374061989650192], [-0.6541975242415844, 0.6443747538596953, 0.3959883531929179]], "T": [-0.023360393929566542, 0.01941551400338523, -0.04796962158276924], "aligned_model": [[0.44100259203308345, 0.06115314972876036, 0.012616699060019693, -0.6161886592699748, -0.14314551928177313, 0.5645219409924268, 0.5507744802048116, -0.3341646428801054, -0.4738641668931062, 0.1335291046221783, 0.025184032393577326], [-0.30048295026588356, -0.6871136202521225, 0.04547770657084771, 0.11247480237694689, 0.7709072959668676, -0.32168811222097415, 0.3113663780606012, -0.5006668387755788, 0.22639378278976463, 0.2543685958543659, 0.008110776543116897], [0.43010761909232503, -0.20665475915376347, -0.7173554090155181, -0.43659684482389444, -0.29704806662793276, -0.43016747741236666, -0.09899857317693059, 0.39294848522258824, 0.5962244716128273, 0.5841903054053332, -0.01089572933966939]], "inverted": false, "swapped": false, "error_lsq": 0.056989738078307456, "error_max": 0.3443033890470565, "target": "29.xyz", "model": "16.xyz", "model_rescale": 3.7852294659196426, "target_rescale": 3.607286011436655},
{"mapping": [2, 7, 6, 10, 9, 11, 8, 5, 4, 3, 12], "R": [[-0.8318982582536038, 0.3903528355293815, -0.3944235689063117], [-0.4559192945679269, -0.07557531325366057, 0.8868066130038132], [0.3163587911775241, 0.9175581920623797, 0.24084036086983635]], "T": [0.03407367653001703, 0.012959848724715471, 0.12466361949819554], "aligned_model": [[0.5368477980475016, 0.1441889214099852, -0.3264265381703051, -0.47723281947234886, 0.0981380282275705, 0.4818183372484588, 0.5129099478863839, -0.4487094405518703, -0.6224457107691842, 0.29689201772760454, 0.025438469126102717], [-0.30288528329731307, -0.6216607544348122, -0.42427295252406744, 0.2291561724853429, 0.7359451488436614, -0.06397173983663915, 0.44473278253363635, -0.4279789894406339, 0.08233264663790282, 0.211464218397497, 0.05628656728337674], [0.2714527755710403, -0.1520281369147548, -0.5581689431517916, -0.45935683563784874, -0.344857200237555, -0.45113002749074743, 0.03250142488436027, 0.19323776490644162, 0.38148338918030494, 0.8485544302656178, 0.04406538040793166]], "inverted": true, "swapped": false, "error_lsq": 0.04720642999293973, "error_max": 0.2947404035751753, "target": "29.xyz", "model": "17.xyz", "model_rescale": 3.901054581598922, "target_rescale": 3.607286011436655},
{"mapping": [6, 4, 8, 5, 3, 1, 7, 10, 9, 11, 14], "R": [[0.6905542367741854, -0.49959586624763497, -0.5230093847164674], [0.3410200428219896, 0.8625838708317758, -0.3737036207672587], [0.637840243687172, 0.07970593584637183, 0.7660331502774168]], "T": [-0.016231726506644464, 0.09320825133286387, -0.11193605722624046], "aligned_model": [[0.5504066787172585, 0.039538496495899744, -0.22634242517615444, -0.6259794979026287, 0.10451860436185216, 0.5749986934335938, 0.5834405017810674, -0.3474331833567702, -0.516945606183535, 0.11123922025712861, -0.026022471717813647], [-0.1691929913718196, -0.6879930750039913, -0.2612599110936869, 0.08872571762401561, 0.818962575461655, -0.15964869984964475, 0.34018452308788094, -0.48766863985390313, 0.1977351436940325, 0.11528468049406443, 0.1240184934593491], [0.30494792042520447, -0.22233596603776612, -0.6321514628712749, -0.24711597128450524, -0.3171332992064514, -0.3806282644295984, 0.02616884351115782, 0.3627653019401434, 0.30345455509730146, 0.6754614141522965, -0.06767904951350853]], "inverted": false, "swapped": false, "error_lsq": 0.03816064313287822, "error_max": 0.1999638788377427, "target": "29.xyz", "model": "18.xyz", "model_rescale": 3.9405287249114394, "target_rescale": 3.607286011436655},
{"mapping": [0, 8, 5, 11, 10, 6, 1, 7, 13, 12, 15], "R": [[-0.23193311143035206, -0.8468023427016067, -0.4786782052875469], [0.5278591515460433, -0.5229052918660712, 0.6692792928722286], [-0.8170506397716897, -0.09744664249490542, 0.5682714174715662]], "T": [-0.005138455699675963, 0.07328478960287886, 0.11708968542134388], "aligned_model": [[0.5298714327030289, 0.16784192261561257, -0.09951776064433987, -0.5818924443300706, -0.09737117445388743, 0.48552390163036, 0.6323606247255812, -0.33727493901064737, -0.6136483040287358, 0.1350121278631369, 0.0005136236398595269], [-0.3438431687998259, -0.5966114638301742, -0.2392478082733468, 0.30030720703389346, 0.7041250615865231, -0.20463591963531808, 0.22819683819097258, -0.5236661188390161, 0.17690733623000438, 0.32604886797062294, 0.09156698501361679], [0.22863762841478433, -0.18883343219191465, -0.6475530839957004, -0.25037304803951344, -0.34273388267987315, -0.37310821958039087, 0.04555924687501381, 0.2872675873521171, 0.3822462008778208, 0.582500468303843, 0.08214455644681254]], "inverted": false, "swapped": false, "error_lsq": 0.037321740675584546, "error_max": 0.19727590862496688, "target": "29.xyz", "model": "19.xyz", "model_rescale": 4.410303926677745, "target_rescale": 3.607286011436655},
{"mapping": [8, 5, 3, 6, 2, 1, 7, 10, 11, 12, 13], "R": [[0.6748526281207261, -0.7233613039582069, -0.14602175952381735], [0.5895740680285347, 0.6475066155817817, -0.4828432469095032], [0.4438201760024365, 0.2397573913640815, 0.8634466078799876]], "T": [-0.028976975012985504, 0.07583693510161858, -0.09046165550070609], "aligned_model": [[0.4637502633919223, 0.1450354461742544, -0.3632919766210261, -0.5757377093132687, 0.14642704104203286, 0.6412330960607808, 0.6017818338013986, -0.3338729535265406, -0.6410398555824255, 0.1372262436299453, -9.241834717479969e-05], [-0.3514986368908011, -0.7390812171810255, -0.2661424315165509, 0.2016677090910256, 0.6618576331680299, 0.04304490508469945, 0.34500989706482293, -0.6190136050225699, 0.20244515096468807, 0.4228449763603872, 0.01801343552524609], [0.31655401846169207, -0.15900948786013627, -0.6356646344082487, -0.23785615649440087, -0.3442763523636314, -0.4264125962213139, 0.10069902720556456, 0.2247449151519643, 0.4540406074869604, 0.5596436026714244, -0.046708921846875855]], "inverted": false, "swapped": false, "error_lsq": 0.047067723147345794, "error_max": 0.2496378476651147, "target": "29.xyz", "model": "20.xyz", "model_rescale": 4.121658175737393, "target_rescale": 3.607286011436655},
{"mapping": [10, 11, 7, 5, 1, 4, 2, 9, 8, 6, 12], "R": [[-0.5983533764380606, -0.7717837062689935, -0.21522812930207078], [0.38293627314337486, -0.039506929661519585, -0.9229295819399131], [0.7037990108093614, -0.63465668927887, 0.31918308090710057]], "T": [-0.008184318227731125, 0.048393240395929724, -0.05877871747754976], "aligned_model": [[0.4305571600673857, 0.18987827808131855, -0.29599342873735346, -0.6117862811289309, 0.06699248245858, 0.5159308785904497, 0.654309329543292, -0.2807509600198942, -0.5148618642339085, 0.1216318311480374, -0.054488415059078296], [-0.31739248202383885, -0.7485585894889523, -0.31742740432159733, 0.2889517322854505, 0.7299024944976242, -0.1372142051038177, 0.4173194851050858, -0.5391777674600671, 0.15155543146205874, 0.3324942846782676, 0.0586948370177383], [0.4726154508798542, -0.37533517678210343, -0.558937923634246, -0.2629840365767411, -0.16954175827079163, -0.20014610610100614, -0.09352388745787299, 0.26236083425949913, 0.3728907502568321, 0.5113605866149176, -0.1530047114053431]], "inverted": true, "swapped": false, "error_lsq": 0.05517642880032328, "error_max": 0.28776005116131076, "target": "29.xyz", "model": "21.xyz", "model_rescale": 4.08911054899281, "target_rescale": 3.607286011436655},
{"mapping": [14, 12, 10, 6, 8, 9, 11, 13, 0, 2, 16], "R": [[-0.06376075955785554, 0.4392298779046411, 0.8961091897176816], [-0.9974290695778234, -0.05747728671929764, -0.042797344222574585], [0.0327080525516763, -0.8965341465149346, 0.4417654439077541]], "T": [0.05324750944578049, 0.034788672738575756, 0.060221357872713946], "aligned_model": [[0.4837710000970964, 0.08440885617172275, -0.11969913348346045, -0.5239048764868833, -0.02283117260735918, 0.5018968989906231, 0.5289487172272475, -0.26858704848676085, -0.6508791328320804, 0.19481513945036638, 0.013479762669386774], [-0.4096066936853711, -0.6801167504730921, -0.2575392988584744, 0.3133546892537149, 0.656683191296724, -0.28090369489936723, 0.6110173816334125, -0.4976669856688727, 0.2359310760351418, 0.2067163883958064, 0.02127851361832985], [0.23047078737365528, -0.12118622842636266, -0.6717412265101197, -0.3203837214503157, -0.23679928111464582, -0.39431100163396476, -0.10579631052161952, 0.28302947078266744, 0.3128610289654806, 0.7469915494921697, 0.08261895482605361]], "inverted": false, "swapped": false, "error_lsq": 0.03758896899011943, "error_max": 0.22800536328125223, "target": "29.xyz", "model": "22.xyz", "model_rescale": 4.204369325754507, "target_rescale": 3.607286011436655},
{"mapping": [0, 8, 5, 11, 10, 6, 1, 7, 13, 12, 15], "R": [[-0.23193311143035206, -0.8468023427016067, -0.4786782052875469], [0.5278591515460433, -0.5229052918660712, 0.6692792928722286], [-0.8170506397716897, -0.09744664249490542, 0.5682714174715662]], "T": [-0.005138455699675963, 0.07328478960287886, 0.11708968542134388], "aligned_model": [[0.5298714327030289, 0.16784192261561257, -0.09951776064433987, -0.5818924443300706, -0.09737117445388743, 0.48552390163036, 0.6323606247255812, -0.33727493901064737, -0.6136483040287358, 0.1350121278631369, 0.0005136236398595269], [-0.3438431687998259, -0.5966114638301742, -0.2392478082733468, 0.30030720703389346, 0.7041250615865231, -0.20463591963531808, 0.22819683819097258, -0.5236661188390161, 0.17690733623000438, 0.32604886797062294, 0.09156698501361679], [0.22863762841478433, -0.18883343219191465, -0.6475530839957004, -0.25037304803951344, -0.34273388267987315, -0.37310821958039087, 0.04555924687501381, 0.2872675873521171, 0.3822462008778208, 0.582500468303843, 0.08214455644681254]], "inverted": false, "swapped": false, "error_lsq": 0.037321740675584546, "error_max": 0.19727590862496688, "target": "29.xyz", "model": "23.xyz", "model_rescale": 4.410303926677745, "target_rescale": 3.607286011436655},
{"mapping": [1, 3, 4, 5, 14, 10, 11, 0, 12, 7, 16], "R": [[-0.9754289359676247, 0.21948092253822996, 0.019144595029271863], [-0.16825324525632493, -0.68601535401535, -0.7078656507529582], [-0.14222951992389732, -0.6936937787647814, 0.7060876043135556]], "T": [0.006680867253022908, 0.18011272450317514, -0.11222692283043068], "aligned_model": [[0.5456833804978404, 0.07969532827382075, -0.18381626093524314, -0.5833054157629944, 0.1116150461119238, 0.4816092779282155, 0.5836320281798071, -0.32598298610622656, -0.6581417645969563, 0.14442905312650645, 0.026001323993204564], [-0.33858799419880137, -0.7160978098998513, -0.30365573806046864, 0.08801704303856486, 0.8470211606385015, -0.0983459690818759, 0.4077146649268455, -0.3298093655003327, 0.15408556620204972, 0.14599828905198545, 0.06280796953133522], [0.30820286287006005, -0.13918153544024464, -0.563406811313929, -0.30980375531958, -0.16092955041228718, -0.4596282857754501, 0.014446678331683949, 0.3346511745079795, 0.3388931166208586, 0.5372286486020643, -0.09471852088815677]], "inverted": true, "swapped": false, "error_lsq": 0.039102798528296207, "error_max": 0.22027527450315645, "target": "29.xyz", "model": "24.xyz", "model_rescale": 4.28219845311461, "target_rescale": 3.607286011436655},
{"mapping": [8, 5, 9, 7, 13, 11, 14, 1, 4, 0, 15], "R": [[-0.6019147066712847, 0.5506027545593972, 0.5783902597420066], [0.6847023025775645, 0.7285757336180181, 0.018977808828955167], [-0.41095187399232413, 0.40744816486833174, -0.8155394228408741]], "T": [0.05748032085197261, 0.059333250005127784, -0.03405860755967639], "aligned_model": [[0.4306079412855623, 0.178595556206252, -0.19259574852628794, -0.6051823001228602, -0.06567524184476664, 0.43144691422477544, 0.7132359546161938, -0.14677755223060088, -0.5350139993157113, -0.03232346049047826, 0.045100946907820086], [-0.4386073788781271, -0.7721304874316907, -0.19498818527209394, 0.2825932683081679, 0.5780205598400188, -0.09703399138265789, 0.4424783172604608, -0.4236473243656604, 0.27079238373439657, 0.19602822736483325, 0.0756424274703046], [0.2738000709045497, -0.1729104494877422, -0.6082155991235892, -0.3754956013671961, -0.29618956515548944, -0.3976178793579751, -0.09175636418001688, 0.33320953006039833, 0.338612948045542, 0.7651935028892315, 0.03712342855528618]], "inverted": false, "swapped": false, "error_lsq": 0.04153026260070644, "error_max": 0.22686814959459004, "target": "29.xyz", "model": "25.xyz", "model_rescale": 4.100010024507729, "target_rescale": 3.607286011436655},
{"mapping": [0, 1, 3, 7, 9, 8, 10, 6, 5, 4, 11], "R": [[0.7015902005001593, 0.4404582862079432, 0.5601497020198336], [-0.0010296959062952582, -0.7854585581627942, 0.6189133971204416], [0.712579911510623, -0.4348003582330474, -0.5506164892117986]], "T": [-0.030807472709602525, -0.12596533189814238, -0.03964846664612312], "aligned_model": [[0.5995901106932839, 0.2890517584120693, -0.24393936565346777, -0.417131136167784, 0.06219099938206068, 0.3153416142570411, 0.5021386593303939, -0.2572127095709568, -0.5694482091352122, -0.02646495288735496, -0.03269775795017507], [-0.3573154941061386, -0.7328806576081774, -0.30478864405935513, 0.278940084466373, 0.6916781620504406, -0.06180030046650972, 0.23577350155884433, -0.36799143766814046, 0.2501110328567677, 0.3008891118723661, -0.013467542248518566], [0.310944552708209, -0.20843950148724533, -0.8016646381868613, -0.42091199433567295, -0.08570607330426208, -0.542561468355515, -0.028887460778750124, 0.5177079462447131, 0.3245203063934372, 0.7242991798501596, 0.016453173034787057]], "inverted": true, "swapped": false, "error_lsq": 0.04922838958611933, "error_max": 0.2258717004620251, "target": "29.xyz", "model": "26.xyz", "model_rescale": 3.6694154284099745, "target_rescale": 3.607286011436655},
{"mapping": [8, 9, 3, 6, 1, 7, 5, 11, 2, 4, 13], "R": [[-0.14452737854586717, 0.8966511748835166, -0.4184835808376104], [-0.5072892691221131, -0.430258407981877, -0.7466828642700011], [-0.8495701467708312, 0.10437611288465329, 0.517045638967082]], "T": [0.03738358619683316, -0.041516113834021796, 0.050296484392565774], "aligned_model": [[0.5891914418151933, 0.08041544748963514, -0.0703839709984592, -0.4645155107465694, -0.008162748616698995, 0.4237140849802412, 0.5673031640197665, -0.6079351309913794, -0.5193398880554831, 0.23947932717074996, -0.008347205357098035], [-0.26579533784959125, -0.7002900902614378, -0.2759846397245768, 0.2549895885710613, 0.7017184246473677, -0.08196003344326094, 0.5327988810095291, -0.5351059492458916, 0.1563918683026475, 0.15565481249085136, -0.023269707848746317], [0.28173570445452967, -0.12008145539436789, -0.7153678574155218, -0.3121564045917224, -0.4242291797070257, -0.4449222145626009, -0.07350184943695749, 0.3261738065302048, 0.3864825192397989, 0.8221847582906222, 0.07943619437603931]], "inverted": false, "swapped": false, "error_lsq": 0.04213247489189593, "error_max": 0.2562580373966144, "target": "29.xyz", "model": "27.xyz", "model_rescale": 4.103607728864725, "target_rescale": 3.607286011436655},
{"mapping": [8, 4, 12, 3, 10, 13, 11, 1, 0, 5, 14], "R": [[-0.4733329094587573, -0.1526950341523807, -0.8675483752324776], [0.8164467451583669, 0.29370199171688, -0.49714570538409253], [0.33071236617885524, -0.9436224703803642, -0.014351454617625714]], "T": [0.07145614834801746, 0.19017255342721828, -0.023886759482743703], "aligned_model": [[0.5753162005657159, 0.1563352778329587, -0.19447137203838277, -0.6228791031199032, 0.02629291852206332, 0.4535214813794492, 0.7463491283130758, -0.3007886905806579, -0.5619447138995154, -0.026985750453366292, -0.029326365811538913], [-0.4003597724479454, -0.7019358049830788, -0.07686187963587099, 0.18539383683373123, 0.6396351145760688, -0.14466858649845676, 0.3189134205466635, -0.41001552445271183, 0.07922959884385414, 0.3401027587225398, 0.08971465514315766], [0.24007648925137054, -0.16007595643639788, -0.7954233967103942, -0.30920513429149576, -0.2599354093474615, -0.42610563679030744, -0.021339567596666588, 0.5275376534122864, 0.2862531275263968, 0.6853173976415288, 0.03865445512413937]], "inverted": true, "swapped": false, "error_lsq": 0.04015984403764167, "error_max": 0.20304045665161086, "target": "29.xyz", "model": "28.xyz", "model_rescale": 4.137296879288765, "target_rescale": 3.607286011436655},
{"mapping": [0, 1, 2, 3, 4, 5, 6, 7, 8, 9, 10], "R": [[1.0, 0.0, 0.0], [0.0, 1.0, 0.0], [0.0, 0.0, 1.0]], "T": [0.0, 0.0, 0.0], "aligned_model": [[0.5139334098051321, 0.13780468153175762, -0.14559419417670058, -0.5811564132573672, 0.04868086407433548, 0.456604326570715, 0.5888634539277917, -0.35691608481225995, -0.5888634539277917, 0.13486693277371553, 0.013195488200570244], [-0.3658012272429881, -0.7211923983160676, -0.2602650433105208, 0.19314984944110936, 0.7211923983160676, -0.11589121258325127, 0.4113476295740223, -0.5025525961214249, 0.21652054966635223, 0.2634798147379147, 0.07916005248673849], [0.3042733225256137, -0.16688427202373432, -0.723314256681534, -0.3013620479644325, -0.27774387637230297, -0.48091565085217347, -0.013445565404636732, 0.36614754023176793, 0.3531466581693778, 0.723314256681534, 0.022537913473519428]], "inverted": false, "swapped": false, "error_lsq": 0.0, "error_max": 0.0, "target": "29.xyz", "model": "29.xyz", "model_rescale": 3.607286011436655, "target_rescale": 3.607286011436655},
{"mapping": [1, 2, 7, 4, 10, 13, 11, 0, 3, 9, 14], "R": [[0.5028157211182367, -0.16940294797478372, 0.8476314009130386], [-0.7655247617919716, 0.3681335911590108, 0.5276831418035973], [-0.4014326714153853, -0.9142102057392617, 0.055421205711210106]], "T": [0.004081367506588846, 0.10848180191715644, -0.1425749255297737], "aligned_model": [[0.42254516731004127, 0.08900686278733595, -0.14207963056959058, -0.6419620363676691, 0.11781913269067908, 0.5979770265168286, 0.5024609188665287, -0.31858916137016724, -0.6054467904013436, 0.12388765137011266, 0.0757998698771425], [-0.29701053094180097, -0.6924270336718679, -0.3379162210694433, 0.3800733656298542, 0.8015605351523297, -0.18791303864816428, 0.39497325439391373, -0.5361644779999172, 0.01365862254559845, 0.24525825017839276, 0.13505509107905667], [0.30285753298896917, -0.1809447133583165, -0.75792420216255, -0.21817540524325738, -0.30375956750921074, -0.451334649338878, -0.023951431224557285, 0.46155344384825936, 0.35334384366232413, 0.6199839020079085, 0.004105268112307547]], "inverted": false, "swapped": false, "error_lsq": 0.039284964569440924, "error_max": 0.2134425970452395, "target": "29.xyz", "model": "30.xyz", "model_rescale": 3.964800864290218, "target_rescale": 3.607286011436655},
