[{"mapping": [7, 5, 0, 4, 10, 1, 8, 3, 9, 11, 2, 12], "R": [[-0.349843824708291, -0.8095286719192609, -0.47145798079374207], [-0.8177476169541196, 0.01835842414021005, 0.5752841065325436], [-0.45705375316185, 0.5867932324113205, -0.6684127236348368]], "T": [-0.1323314046417617, -0.019509459943856874, -0.010452736635441037], "aligned_model": [[-0.2837194977997948, 0.2889590135155238, 0.3046809756072755, -0.19270025820504144, 0.013067135320389806, -0.4803304141575706, 0.3423374737158845, -0.4041481461026022, 0.5383507028575983, 0.257160173090191, -0.48920343848284775, -0.05681125689845734], [-0.5014390053132813, -0.6736150614914304, -0.14702625304347533, 0.5932388020951843, 0.4922411851222156, -0.6860515977269678, -0.3589061712527528, -0.19462072430042376, 0.142034877157324, 0.397297853705038, 0.12934379418006214, -0.13894266315443576], [-0.6135374197328068, -0.09958318327228415, -0.5556516062847864, 0.096738169866752, -0.5602691870894343, 0.09114263293091053, 0.4449756900130415, 0.7721148902134365, -0.039286488087224944, 0.5268946372030838, 0.15954514749435672, -0.04113153790148206]], "inverted": true, "swapped": true, "error_lsq": 0.05942053424063456, "error_max": 0.4109718759032003, "target": "290.xyz", "model": "0.xyz", "model_rescale": 3.751011558992144, "target_rescale": 3.9364140552442892},
{"mapping": [6, 8, 5, 2, 13, 1, 10, 4, 0, 7, 11, 3, 14], "R": [[0.4613575883389424, 0.8728248380146553, -0.15914137685330618], [0.8820529318827381, -0.4705544471381612, -0.023688343875538143], [-0.09556045750801526, -0.12944232083515256, -0.9869715723047289]], "T": [-0.02162146300013214, 0.05853832690690345, -0.01505542897107788], "aligned_model": [[-0.19460920791660036, -0.48400996230829213, -0.03779816787973078, 0.18722413676261554, 0.5253168972789557, -0.3520604377629845, -0.4587060099415681, -0.8077622165976449, 0.13593328612625818, 0.23075122456146877, 0.18592022025089808, 0.6283560813515888, 0.019297342584683182], [0.780506733075684, -0.3510504812131491, -0.5318594072696103, -0.5959690373536218, -0.40546567489188334, 0.45309571441023233, 0.07139538011847946, 0.12552688182148086, 0.1513260402982353, 0.6184501670938695, 0.5647794286614729, -0.011903724435141448, 0.06962289020802856], [-0.12713846012640811, 0.2275391631166589, -0.21816839432311402, 0.44509859695566223, -0.1293397877893911, 0.4548595647884949, -0.7087740629550408, -0.07045596103891547, 0.7211995946252393, 0.23491213210160244, -0.5958973915859744, 0.3798787411813748, -0.04979152330108175]], "inverted": false, "swapped": false, "error_lsq": 0.045349813873094225, "error_max": 0.3349355484405085, "target": "290.xyz", "model": "1.xyz", "model_rescale": 3.9405287249114394, "target_rescale": 3.9364140552442892},
{"mapping": [7, 2, 5, 9, 11, 4, 0, 1, 8, 3, 6, 10, 12], "R": [[0.09843598447937488, 0.5617242768798119, -0.8214476208033163], [-0.9659766088158719, -0.1444479732880604, -0.2145319888351388], [-0.2391642702833443, 0.8146168545867588, 0.5283936336132478]], "T": [-0.06682073135913982, 0.11378660574469088, 0.023337921922713608], "aligned_model": [[-0.09043865624103209, -0.5572221290116611, -0.10993114611974841, 0.37018244920770615, 0.45570656706536206, -0.35551984265195147, -0.36180495389966216, -0.8217113096292261, 0.12010804652955004, 0.2678673555526262, 0.12006493893167089, 0.6763422419105313, -0.13579037513451753], [0.8906932892664788, -0.3580602328031772, -0.5734921490329895, -0.4313123889200554, -0.24884415198359747, 0.4768625438578139, -0.10776116863093305, 0.31600202828632584, -0.007281631367075089, 0.5364919113943708, 0.30626983756432813, 0.06674372793014936, 0.07214329496243764], [-0.13404076748468635, 0.05553509034552012, -0.20875190066147117, 0.426173388683031, -0.2977203983055302, 0.5491938034956277, -0.7295437954786655, -0.10501888577998986, 0.7656922066611075, 0.21334788909244912, -0.44929263686252396, 0.41954857564151354, 0.058799642302725275]], "inverted": true, "swapped": false, "error_lsq": 0.05387449977545392, "error_max": 0.3572355806156133, "target": "290.xyz", "model": "2.xyz", "model_rescale": 3.932901565614263, "target_rescale": 3.9364140552442892},
{"mapping": [6, 11, 3, 8, 0, 12, 1, 10, 9, 5, 2, 7, 13], "R": [[-0.9300407839314475, -0.2314471968230551, -0.2854055628521079], [0.23257945117711415, -0.9721015744601162, 0.030419201539746903], [-0.28448363593417964, -0.03808837112444369, 0.9579239723854684]], "T": [0.029980993919361966, 0.0005151854416196311, 0.009523511455742449], "aligned_model": [[-0.15201246899760149, -0.6789235495343979, 0.1365402975565849, 0.02753960578021975, 0.38513186769103874, -0.3410433873165428, -0.3007596593092114, -0.646189564519708, 0.1135750776299235, 0.22500827835147388, 0.17370812534033733, 0.6539630445434921, -0.01868448070596137], [0.6460053918080045, -0.4999098551746206, -0.4869924996281654, -0.5473740066728372, -0.1356565004051823, 0.5226506882102355, -0.04751403422442947, 0.23687432402567793, 0.11458176380418411, 0.6015711258098712, 0.47188295202639285, -0.03252362022154134, 0.09485918116648712], [-0.1205266081994591, 0.22103669157055034, -0.09848968166189698, 0.4979886569062963, -0.5420881798415516, 0.4252701114858735, -0.6515910287506882, 0.0009693423417710886, 0.7304907674792693, 0.35230011586412374, -0.6623059263457579, 0.3549180469747622, 0.05594990382581438]], "inverted": false, "swapped": false, "error_lsq": 0.04422428164321905, "error_max": 0.273905352262465, "target": "290.xyz", "model": "3.xyz", "model_rescale": 3.9243930471874484, "target_rescale": 3.9364140552442892},
{"mapping": [4, 0, 1, 5, 9, 3, 7, 2, 6, 10, 8, 11, 12], "R": [[0.5968520396903246, -0.48780081912574574, -0.6370384631855054], [-0.7735365670345553, -0.1389670771535145, -0.6183278506810154], [0.21309345878720465, 0.8618227847577834, -0.4602745544720513]], "T": [0.07241787734986868, 0.12270901565334169, 0.03304748308679595], "aligned_model": [[-0.28865201256259587, -0.6048359514610021, -0.12251897246172891, -0.022097830910223104, 0.6298869423734681, -0.38014506450621377, -0.41602731462668485, -0.8423414235870161, 0.13676712602400648, 0.3764114664281988, 0.2916466970119639, 0.7897883007047097, 0.029971224082765598], [0.5320722580672038, -0.34050646200013934, -0.48851894440399346, -0.5017310911268315, -0.13087192937212905, 0.38331628640598214, 0.07880266618611886, 0.13738162208586302, 0.09060707419397848, 0.7396159569960378, 0.40638304932441077, 0.009427145803839743, 0.02247727836373567], [-0.2002281903107674, 0.25683538710277454, -0.28089567325231585, 0.45109584597241004, -0.3171129624786302, 0.4575754614982335, -0.6013122617139175, -0.08617762451858924, 0.7516190900170477, 0.1884226517637344, -0.4844504745580406, 0.347182764528748, 0.08136819759841968]], "inverted": true, "swapped": false, "error_lsq": 0.04426820164931508, "error_max": 0.2608838339132399, "target": "290.xyz", "model": "4.xyz", "model_rescale": 3.8936222436046832, "target_rescale": 3.9364140552442892},
{"mapping": [6, 10, 7, 1, 0, 9, 11, 8, 3, 2, 5, 12], "R": [[0.26281066823132715, 0.9068383516606005, -0.32950683850458734], [0.42785270578542844, -0.4156325647349768, -0.8026154952926792], [-0.8647962851538451, 0.06995552222169682, -0.4972259145446854]], "T": [-0.045630267844924015, -0.156671962411018, 0.006820360457647709], "aligned_model": [[-0.11433030048813142, -0.6892434126969348, -0.1384922641678857, 0.5105103095887197, -0.6339872767450722, -0.5763417436541337, -0.1287723402184868, 0.05557974508089942, 0.6993732067301673, 0.24347880900181906, -0.13086696481996526, -0.06935972539589809], [-0.5525242241909114, -0.5470926529458242, 0.09405963784613613, 0.20255942648456515, 0.1418830610073204, 0.0872459027049329, -0.22585951660022663, 0.43384318627839547, -0.0909032493831683, -0.46382068710431057, 0.6086539400777351, -0.019121919064836734], [-0.7636459787245556, -0.12978634331096106, -0.7330417150051078, -0.36380589137256286, -0.256206422494222, 0.3750483494993737, 0.7830128006123025, 0.44152039034030893, 0.40381492678385084, 0.028952306008577983, -0.13564001787014196, -0.030937685191344176]], "inverted": true, "swapped": true, "error_lsq": 0.06090060222259453, "error_max": 0.33272345461347386, "target": "290.xyz", "model": "5.xyz", "model_rescale": 3.6523030999806103, "target_rescale": 3.9364140552442892},
{"mapping": [1, 3, 4, 11, 10, 5, 2, 1, 7, 8, 6, 9, 12], "R": [[0.3713763964836869, -0.32208498776677585, 0.8708276711210245], [0.9240661571788598, 0.21958394169402198, -0.3128651941440769], [-0.09045059033243497, 0.9208931280042175, 0.3791761299226546]], "T": [-5.3751580135381893e-05, 0.1036671282219379, 0.06532845375688018], "aligned_model": [[-0.5366866874459617, -0.5689300891863192, -0.06919162750535146, 0.24965206707441184, 0.5618143077971434, -0.2107811557830227, -0.3719469990146318, -0.5366866874459617, -0.08835281730842254, 0.3356735950411181, 0.21875649351126114, 0.6638919214393809, -0.0693591346639971], [0.44091701943752903, -0.23603602763800202, -0.41543991888386156, -0.6614380448272488, -0.1971412451683271, 0.5676004954601848, -0.11071004369064226, 0.44091701943752903, -0.1453428053703386, 0.6784399896346642, 0.4331369600054016, 0.04176185807160583, 0.10178965405558317], [-0.2186829351213449, 0.2741876919019816, -0.1689351364242746, 0.4214605661034288, -0.3846622661662163, 0.517283453582791, -0.56073022950253, -0.2186829351213449, 0.6954200246107245, 0.16841292970049784, -0.4506135668808349, 0.34462534952716534, 0.1448392654390635]], "inverted": true, "swapped": false, "error_lsq": 0.05964936980784508, "error_max": 0.43141011799779966, "target": "290.xyz", "model": "6.xyz", "model_rescale": 4.08911054899281, "target_rescale": 3.9364140552442892},
{"mapping": [1, 7, 4, 5, 8, 13, 0, 2, 12, 11, 9, 10, 14], "R": [[-0.8279273224180891, 0.13501370406601798, 0.5443414815242246], [0.3572624967990962, -0.6212124714970239, 0.6974658225586651], [0.43231916123911246, 0.7719238077497891, 0.4660834451625345]], "T": [-0.026220834319678612, 0.024517597458551546, 0.026960325687333628], "aligned_model": [[-0.3040445812531166, -0.609934296762129, 0.20498445379294494, 0.08644685966529034, 0.5658579300323414, -0.3745614775520869, -0.5147366622472028, -0.810982227000943, 0.10514028518957622, 0.2913317184683648, 0.2915410077238377, 0.610570207290465, 0.03623996916230561], [0.651817874342549, -0.3286515496445954, -0.6129058370395332, -0.587017368987989, -0.10244595558809381, 0.4415644311230694, 0.10811651214761432, 0.18858187612246852, 0.1291863813313336, 0.47764198264278884, 0.4643124082004052, -0.0434648891124355, 0.15171904498649474], [-0.23237418246096542, 0.39280060755270285, -0.16561425623790266, 0.4672241160774431, -0.28684210624419365, 0.5174960095620702, -0.7724267460313584, -0.05890009776087425, 0.7196295252155538, 0.22284225626379234, -0.5388711369350971, 0.3573395764684282, -0.05838135382049174]], "inverted": false, "swapped": false, "error_lsq": 0.039364876937659075, "error_max": 0.2583059610937115, "target": "290.xyz", "model": "7.xyz", "model_rescale": 3.964800864290218, "target_rescale": 3.9364140552442892},
{"mapping": [5, 7, 4, 12, 6, 8, 0, 1, 9, 10, 3, 11, 13], "R": [[-0.5384248724383947, 0.7336700079134149, 0.4145201758998332], [-0.6537425457123343, -0.6740632821735202, 0.34388860921963993], [0.5317135889416928, -0.08583129448977993, 0.8425637354057873]], "T": [-0.06077364879052528, 0.009705354047002679, -0.049077042587445004], "aligned_model": [[-0.21243543019327257, -0.6179769507205809, 0.2847741400777584, -0.042503032094737665, 0.4123493360141275, -0.3929418944028661, -0.2733359256157019, -0.7982148298176043, 0.1475371500411173, 0.35277311267322536, 0.1121514624862561, 0.6786626023684186, -0.07298655430649247], [0.8247421140288878, -0.28821585696634366, -0.5972215072704151, -0.4344014366417781, -0.08970687493825133, 0.3669938770130249, -0.011307259665395447, 0.09156643483130669, 0.13163701837797848, 0.6485295770904697, 0.4332419726069055, -0.19735037877292666, 0.05994723083061414], [0.05947942616664242, 0.2789787412486239, -0.13469191065059258, 0.5617504947078514, -0.3696666137781785, 0.5451171591436547, -0.7328424417256392, -0.16132301868729224, 0.5955903190124855, 0.26078857529067073, -0.6118170663383449, 0.2631652967454671, 0.009393250513758555]], "inverted": false, "swapped": false, "error_lsq": 0.04883309000801949, "error_max": 0.29826365427598706, "target": "290.xyz", "model": "8.xyz", "model_rescale": 4.121658175737393, "target_rescale": 3.9364140552442892},
{"mapping": [11, 0, 1, 4, 6, 10, 2, 3, 5, 7, 8, 9, 12], "R": [[0.18029028755386722, -0.8428249805734944, 0.5070911795082151], [0.5586600279591327, 0.5120572917738666, 0.6524540620625444], [-0.8095643182443537, 0.16566044205694416, 0.5631715835898087]], "T": [-0.016223602117101266, 0.13198739078718225, 0.03854353336706774], "aligned_model": [[-0.17803261632821346, -0.5245032902516505, -0.08581635815887477, 0.20068229460094777, 0.5247162710621737, -0.5575370119754341, -0.3836125911826451, -0.7401077617777898, -0.035199706621702534, 0.40462198926398546, 0.22817040964245408, 0.7459210702397717, -0.021449512003374787], [0.7367477661621635, -0.4013979452090517, -0.5189008538163629, -0.634699911357685, -0.10468952694624412, 0.43160069891235653, -0.07732231239548226, 0.35444891430820313, 0.11493183448271838, 0.6328386834396486, 0.4047019240201742, -0.04734762937875753, 0.04754326830239625], [-0.06688324619981421, 0.3141811307595645, -0.17693977702368296, 0.4300410817853034, -0.32415488172592377, 0.4786486213826448, -0.5124203762729997, -0.18323695588991584, 0.6558497148789268, 0.20361285570366133, -0.5911005630134838, 0.321676480893603, 0.01464812637122375]], "inverted": false, "swapped": false, "error_lsq": 0.03496515512232533, "error_max": 0.23334300077557815, "target": "290.xyz", "model": "9.xyz", "model_rescale": 3.833441315466971, "target_rescale": 3.9364140552442892},
{"mapping": [6, 5, 2, 13, 8, 1, 3, 4, 0, 12, 7, 10, 14], "R": [[-0.8210718516528552, -0.15311057242291468, -0.5499074167854796], [-0.5303707217321383, -0.15157726354871337, 0.8341050477634184], [-0.21106376276538436, 0.9765149695664739, 0.043250459649652795]], "T": [0.035598785068248685, 0.15352688390000374, 0.009201539113775914], "aligned_model": [[-0.3888040534868422, -0.4622340077285495, -0.1381824190035145, -0.0008416338474598536, 0.6713238696459296, -0.2696415808665395, -0.3842320860634874, -0.7248333197440071, 0.09380584398329919, 0.1912417723524132, 0.18551388052069345, 0.7775487797584708, 0.02718814098924117], [0.6835772328440841, -0.21179402429657085, -0.5161429273465246, -0.5441543708509351, -0.2251531867477633, 0.4233482934603757, -0.08911351883037524, 0.25299956822148834, -0.00918330442563553, 0.68277810065697, 0.33566757183226953, 0.049599522426791, 0.10602595357990238], [0.02178828831900565, 0.285133316764667, -0.18571560211305965, 0.393388347910041, -0.2357767932130701, 0.6253457258596022, -0.7113465330890709, -0.20934085753941253, 0.6679581668687924, 0.25145856663063604, -0.613906967277255, 0.3475260171467221, -0.07258946461849071]], "inverted": true, "swapped": false, "error_lsq": 0.048483504550449176, "error_max": 0.25079136197037616, "target": "290.xyz", "model": "10.xyz", "model_rescale": 4.2482417240324, "target_rescale": 3.9364140552442892},
{"mapping": [5, 8, 3, 11, 7, 6, 1, 4, 9, 10, 0, 12], "R": [[-0.7949094374652557, 0.567872964628193, 0.21363352328943588], [0.3310281834522619, 0.11084160736233772, 0.9370882988478881], [0.5084676272772599, 0.8156190496314566, -0.2760909956686619]], "T": [0.09810237355574783, 0.1090816863048917, 0.016904318608964797], "aligned_model": [[-0.5825984971496839, -0.049591811242697764, 0.47101327306220586, 0.612199266788095, -0.570635243350707, -0.10056077156372137, -0.26953036348798387, 0.6545058102146737, 0.019326574442709632, 0.15347849457852739, -0.42707407010878407, -0.03376705981962705], [-0.2770078874707014, -0.6145177496380043, -0.31998896929845677, -0.4132566299932823, 0.5065218383441898, 0.9508964788093514, 0.08170246454834598, 0.23747950729859976, -0.2608407789016014, 0.5451617434843619, 0.1802225210905416, 0.04975885177729463], [0.04631786255362838, 0.0669643586404865, 0.6444361663778456, -0.26065881601472873, 0.13402349602202093, 0.10007821683536464, 0.6800784285164064, -0.23711130450775675, -0.5607583776088881, -0.6092707817338352, -0.4559707654525021, 0.017063806226314784]], "inverted": true, "swapped": true, "error_lsq": 0.04898570884545694, "error_max": 0.3799578463052375, "target": "290.xyz", "model": "11.xyz", "model_rescale": 3.6694154284099745, "target_rescale": 3.9364140552442892},
{"mapping": [6, 12, 10, 2, 8, 0, 7, 5, 1, 4, 11, 3, 13], "R": [[0.8179935795258175, 0.5724932560365928, 0.056017636929452976], [0.5693127186200792, -0.7918056006884997, -0.22119430177049873], [-0.08227716737925772, 0.21282707184694358, -0.9736195895816298]], "T": [-0.07929446222637676, 0.0637141232019112, -0.045938248797231344], "aligned_model": [[-0.25067187983824446, -0.5138107090233042, -0.18250252829308306, 0.22257417044803385, 0.609833357918822, -0.35721386877059697, -0.5044240730281103, -0.850880560509651, 0.12509034571240554, 0.34352300648257605, 0.36572929413153293, 0.6631105564783417, -0.09250392519907466], [0.5713575796526627, -0.34208233855227044, -0.5269361975657247, -0.4199355095269405, -0.20678344070494445, 0.4945407953930234, -0.08851963493514697, 0.27557919154087285, -0.037337236899309345, 0.579984977427985, 0.43599944696763426, 0.07798461315146972, 0.12460266457476522], [-0.22699828113206602, 0.28314132085695937, -0.255721663261534, 0.27229426802159634, -0.20256444945814456, 0.45194431408311136, -0.6360696031350415, -0.11180841070990649, 0.7692236780658197, 0.2740124395619683, -0.5024315596932626, 0.3898140224785094, 0.059086135971097846]], "inverted": false, "swapped": false, "error_lsq": 0.05051398189609597, "error_max": 0.35514739905420417, "target": "290.xyz", "model": "12.xyz", "model_rescale": 3.9764082729961374, "target_rescale": 3.9364140552442892},
{"mapping": [3, 0, 12, 5, 13, 7, 10, 8, 4, 14, 11, 6, 15], "R": [[-0.7824783821823897, -0.3006481215694705, -0.5452873448137038], [0.5689112788497793, -0.7011559960451781, -0.4297909096379346], [-0.25311566173340383, -0.6465222163287534, 0.7196815167687842]], "T": [-0.09116981673935962, -0.057956219067044415, 0.03701564413334751], "aligned_model": [[-0.19664263201183504, -0.5469120301111867, 0.03940144979516588, 0.1731379556466134, 0.4307563849024588, -0.5473834847137158, -0.2804835524692816, -0.522573276825298, -0.015617994273427027, 0.4586989891594484, 0.05063211162782402, 0.610346548391714, -0.07550728260883299], [0.7769148046869339, -0.28519181413004446, -0.5338175637865253, -0.6317263468937648, -0.08802948008271018, 0.30123586941074515, -0.05147787293124702, 0.37114402511172667, 0.045374446270269084, 0.5111426340804285, 0.47059500378143404, 0.027578139046594646, 0.024713065960237215], [0.054602748730016214, 0.5544815394245962, -0.3676084529068625, 0.5881536919079425, -0.28105539384170364, 0.5206310198725168, -0.7441791071634029, -0.3227299211209698, 0.7437535145649894, -0.07513974459461065, -0.538371631261353, 0.32721810576075266, 0.10416584227719564]], "inverted": true, "swapped": false, "error_lsq": 0.05468797242337361, "error_max": 0.30176454626602217, "target": "290.xyz", "model": "13.xyz", "model_rescale": 4.170626492500431, "target_rescale": 3.9364140552442892},
{"mapping": [2, 11, 10, 9, 8, 3, 5, 6, 1, 0, 4, 7, 13], "R": [[-0.9535517659199757, 0.28447375936834396, 0.0990641708274858], [0.11094229393297443, 0.02590764759944625, 0.9934891047277531], [0.2800550608858644, 0.9583336965935739, -0.056264454547345466]], "T": [-0.0024594511418649136, 0.11615698767736941, 0.015767332333568747], "aligned_model": [[-0.11334850474362801, -0.5466525735701667, 0.21576866570150122, -0.09266124057663286, 0.600648293414342, -0.4977155113648286, -0.6005351092115553, -0.7917343413662841, 0.21248695076136276, 0.38614275893969, 0.14982218905800854, 0.7470722784389233, -0.09144066897108487], [0.7645458783812418, -0.33066899360903396, -0.4038601517034996, -0.4825518403565627, -0.025291708285160766, 0.2768808640005539, -0.18412644901252567, 0.2864516327940189, 0.10939634262378074, 0.48888646868846786, 0.42752239501778183, -0.0639040292217365, 0.07517450120675115], [0.0006798726583449495, 0.07789654511084014, -0.0011728194947110762, 0.5540217469748977, -0.3938783776058228, 0.46783245465773265, -0.600150838554772, -0.21988951254031308, 0.75371503229791, 0.27251519081112374, -0.6030420209916664, 0.26718336092701317, -0.011788422601469867]], "inverted": true, "swapped": false, "error_lsq": 0.045019823482397976, "error_max": 0.2929238688395788, "target": "290.xyz", "model": "14.xyz", "model_rescale": 3.9786697098870705, "target_rescale": 3.9364140552442892},
{"mapping": [9, 0, 8, 11, 5, 1, 10, 6, 2, 4, 7, 12], "R": [[0.29101767476983326, -0.8081635084269772, 0.5120356009288409], [-0.9550127851726469, -0.21345487113527462, 0.2058824862522491], [-0.057090219200347805, -0.5489159877755639, -0.833925623323827]], "T": [0.15923098564956836, -0.014327301893847004, 0.047682427484414536], "aligned_model": [[-0.08348469561503394, -0.48902273586857614, 0.45819380670898047, 0.5308946278707766, -0.029116770568918066, 0.39175657993692614, -0.4293996757867218, -0.311503018258262, 0.42542050203987947, 0.2542006591596525, -0.346184840057858, 0.11160015720649152], [-0.42885222887867935, 0.015416786247924058, 0.01598554992373253, -0.6404954507922106, 0.4142265190261983, 0.707532873922003, -0.4367192580904995, 0.3043750716838902, -0.03087854427015371, -0.5569015626505425, 0.5839862654855135, 0.06699846861726302], [-0.44830207869345573, -0.24104679209468255, -0.628792321613433, -0.24206541523845343, -0.5801318254814034, 0.024164652202548348, 0.2935005860812439, 0.704854689600734, 0.3752239029489037, 0.34295967724620313, 0.12158300022184143, -0.06198158130621667]], "inverted": false, "swapped": true, "error_lsq": 0.0575214679270264, "error_max": 0.255728799558798, "target": "290.xyz", "model": "15.xyz", "model_rescale": 3.769337070930944, "target_rescale": 3.9364140552442892},
{"mapping": [2, 6, 11, 4, 3, 1, 8, 7, 9, 10, 12], "R": [[-0.4656643434632165, 0.13924243326503144, 0.8739383639624736], [0.883548221540776, 0.12893960893553713, 0.4502411769926011], [-0.049992593842522914, 0.9818279492996642, -0.1830699826156994]], "T": [-0.007090475155755941, 0.03379389198221584, -0.007332077398429726], "aligned_model": [[-0.2188874685465182, -0.42307605051342273, -0.07987565361786224, -0.5408558487877633, 0.2763656026917748, 0.4870470785766203, 0.5973036676682133, 0.19051667087262383, 0.08408911828583725, -0.5671830580950322, 0.11718207215670025], [-0.013930423781344153, -0.7212739431698894, 0.8077778803707099, 0.3460133734987201, 0.2752785080606595, -0.42741909664968747, 0.46082877608625633, -0.6625824095624302, 0.5098300189994013, 0.01486630137232188, 0.006675512400624466], [-0.36965602593798574, 0.10159750016122826, -0.10645487760591066, -0.09793143071963607, -0.767791292980416, -0.35202615667801057, -0.023600187505028708, 0.3007215525463809, 0.4844181995779338, 0.5134995961666571, 0.06144073019856497]], "inverted": false, "swapped": true, "error_lsq": 0.049336599496524206, "error_max": 0.22282489932559696, "target": "290.xyz", "model": "16.xyz", "model_rescale": 3.7852294659196426, "target_rescale": 3.9364140552442892},
{"mapping": [5, 11, 9, 8, 0, 7, 10, 6, 2, 1, 4, 3, 12], "R": [[0.06064381296425775, 0.8084389351550385, 0.5854475348607625], [0.8820399254742579, 0.23116022232826292, -0.4105734057175573], [-0.46725570924122695, 0.5412868368421087, -0.6990569808269872]], "T": [0.025574875238674306, 0.07480263633479098, 0.07992069647320793], "aligned_model": [[-0.1188844909815111, -0.511571527198125, -0.08453302382372341, 0.14467809482786634, 0.5117465252564464, -0.49338770088918105, -0.42563192744730505, -0.7908552623879798, 0.03922629943848328, 0.29827617916219007, 0.2646187360452758, 0.7729401805359142, -0.02876889602870309], [0.6797742862144798, -0.30639802572809827, -0.7068347721031458, -0.5303375241846496, -0.17459703362350076, 0.41059373993624315, -0.07747894409313363, 0.3232313291269987, 0.137779987208834, 0.655365121798657, 0.4373506199054522, 0.07661591290832882, 0.013390213157611547], [-0.13303423987129787, 0.4025534164897811, -0.27247254666055626, 0.2892666313811104, -0.3289608109129952, 0.4106005786814854, -0.5700622392654229, -0.16322175328508143, 0.6881431170764554, 0.33059050629781, -0.4797253321101423, 0.35183462334821614, 0.038410260479744746]], "inverted": true, "swapped": false, "error_lsq": 0.04681816742795623, "error_max": 0.37723375898791983, "target": "290.xyz", "model": "17.xyz", "model_rescale": 3.901054581598922, "target_rescale": 3.9364140552442892},
{"mapping": [6, 8, 5, 2, 13, 1, 10, 4, 0, 7, 11, 3, 14], "R": [[0.4613575883389424, 0.8728248380146553, -0.15914137685330618], [0.8820529318827381, -0.4705544471381612, -0.023688343875538143], [-0.09556045750801526, -0.12944232083515256, -0.9869715723047289]], "T": [-0.02162146300013214, 0.05853832690690345, -0.01505542897107788], "aligned_model": [[-0.19460920791660036, -0.48400996230829213, -0.03779816787973078, 0.18722413676261554, 0.5253168972789557, -0.3520604377629845, -0.4587060099415681, -0.8077622165976449, 0.13593328612625818, 0.23075122456146877, 0.18592022025089808, 0.6283560813515888, 0.019297342584683182], [0.780506733075684, -0.3510504812131491, -0.5318594072696103, -0.5959690373536218, -0.40546567489188334, 0.45309571441023233, 0.07139538011847946, 0.12552688182148086, 0.1513260402982353, 0.6184501670938695, 0.5647794286614729, -0.011903724435141448, 0.06962289020802856], [-0.12713846012640811, 0.2275391631166589, -0.21816839432311402, 0.44509859695566223, -0.1293397877893911, 0.4548595647884949, -0.7087740629550408, -0.07045596103891547, 0.7211995946252393, 0.23491213210160244, -0.5958973915859744, 0.3798787411813748, -0.04979152330108175]], "inverted": false, "swapped": false, "error_lsq": 0.045349813873094225, "error_max": 0.3349355484405085, "target": "290.xyz", "model": "18.xyz", "model_rescale": 3.9405287249114394, "target_rescale": 3.9364140552442892},
{"mapping": [9, 12, 1, 3, 2, 13, 8, 7, 14, 11, 5, 10, 15], "R": [[0.9564959643123339, -0.28207280006193475, -0.07450104508957166], [0.28828233834960265, 0.9530357442591597, 0.09282329212042953], [0.04481923303564865, -0.11026243979528663, 0.9928914496159622]], "T": [-0.19732464332405564, -0.017684561536843127, 0.03309330340279215], "aligned_model": [[-0.23979397087264506, -0.4082759983230691, -0.013439039511971396, 0.2190386045415405, 0.5816758265914512, -0.3781033217392715, -0.34822163262485584, -0.7100244335033215, 0.06904756436770021, 0.20171148572324665, 0.21832054430501657, 0.5441001330797087, -0.1581825755238819], [0.7188070335134923, -0.34648274938291934, -0.6274021087921795, -0.617219924955939, -0.12061347099794975, 0.4385990919090385, 0.09807853936629123, 0.40997791973509545, 0.0712450804115994, 0.548774497795549, 0.3685449218239953, 0.014581100057499685, -0.018435019959496292], [-0.1785345151710388, 0.417190087693691, -0.13996744101673353, 0.4719868995177386, -0.3382410344675606, 0.49184611527482136, -0.6990959881231095, -0.19022099574486256, 0.7548109267351639, 0.23084947578439513, -0.5746307350739499, 0.29223084403138083, 0.025698572209171176]], "inverted": false, "swapped": false, "error_lsq": 0.042918860700535966, "error_max": 0.2518939183089986, "target": "290.xyz", "model": "19.xyz", "model_rescale": 4.410303926677745, "target_rescale": 3.9364140552442892},
{"mapping": [5, 7, 4, 12, 6, 8, 0, 1, 9, 10, 3, 11, 13], "R": [[-0.5384248724383947, 0.7336700079134149, 0.4145201758998332], [-0.6537425457123343, -0.6740632821735202, 0.34388860921963993], [0.5317135889416928, -0.08583129448977993, 0.8425637354057873]], "T": [-0.06077364879052528, 0.009705354047002679, -0.049077042587445004], "aligned_model": [[-0.21243543019327257, -0.6179769507205809, 0.2847741400777584, -0.042503032094737665, 0.4123493360141275, -0.3929418944028661, -0.2733359256157019, -0.7982148298176043, 0.1475371500411173, 0.35277311267322536, 0.1121514624862561, 0.6786626023684186, -0.07298655430649247], [0.8247421140288878, -0.28821585696634366, -0.5972215072704151, -0.4344014366417781, -0.08970687493825133, 0.3669938770130249, -0.011307259665395447, 0.09156643483130669, 0.13163701837797848, 0.6485295770904697, 0.4332419726069055, -0.19735037877292666, 0.05994723083061414], [0.05947942616664242, 0.2789787412486239, -0.13469191065059258, 0.5617504947078514, -0.3696666137781785, 0.5451171591436547, -0.7328424417256392, -0.16132301868729224, 0.5955903190124855, 0.26078857529067073, -0.6118170663383449, 0.2631652967454671, 0.009393250513758555]], "inverted": false, "swapped": false, "error_lsq": 0.04883309000801949, "error_max": 0.29826365427598706, "target": "290.xyz", "model": "20.xyz", "model_rescale": 4.121658175737393, "target_rescale": 3.9364140552442892},
{"mapping": [1, 3, 4, 11, 10, 5, 2, 1, 7, 8, 6, 9, 12], "R": [[0.3713763964836869, -0.32208498776677585, 0.8708276711210245], [0.9240661571788598, 0.21958394169402198, -0.3128651941440769], [-0.09045059033243497, 0.9208931280042175, 0.3791761299226546]], "T": [-5.3751580135381893e-05, 0.1036671282219379, 0.06532845375688018], "aligned_model": [[-0.5366866874459617, -0.5689300891863192, -0.06919162750535146, 0.24965206707441184, 0.5618143077971434, -0.2107811557830227, -0.3719469990146318, -0.5366866874459617, -0.08835281730842254, 0.3356735950411181, 0.21875649351126114, 0.6638919214393809, -0.0693591346639971], [0.44091701943752903, -0.23603602763800202, -0.41543991888386156, -0.6614380448272488, -0.1971412451683271, 0.5676004954601848, -0.11071004369064226, 0.44091701943752903, -0.1453428053703386, 0.6784399896346642, 0.4331369600054016, 0.04176185807160583, 0.10178965405558317], [-0.2186829351213449, 0.2741876919019816, -0.1689351364242746, 0.4214605661034288, -0.3846622661662163, 0.517283453582791, -0.56073022950253, -0.2186829351213449, 0.6954200246107245, 0.16841292970049784, -0.4506135668808349, 0.34462534952716534, 0.1448392654390635]], "inverted": true, "swapped": false, "error_lsq": 0.05964936980784508, "error_max": 0.43141011799779966, "target": "290.xyz", "model": "21.xyz", "model_rescale": 4.08911054899281, "target_rescale": 3.9364140552442892},
{"mapping": [6, 2, 14, 3, 9, 0, 11, 1, 13, 7, 5, 12, 16], "R": [[-0.783719010570602, -0.6066815292148166, 0.1331241322218048], [0.29223599572351244, -0.17104689962371916, 0.9409256511184083], [-0.5480717428163251, 0.7763249836496859, 0.3113468877114254]], "T": [-0.07497711675569552, 0.08201611974671462, -0.01897705517086694], "aligned_model": [[-0.13732196204161673, -0.5969535724468679, 0.22897479615009314, 0.07692079263382498, 0.4869275511274622, -0.45232083243822446, -0.4001791379804551, -0.8535212685286342, 0.1969144696243988, 0.28432113620347227, 0.2124639877331515, 0.6124403708697256, -0.08081314439668236], [0.8244256442621757, -0.36607763657448655, -0.4821856446596494, -0.540789235643967, -0.09285305354875902, 0.5282766217800373, 0.007075730824852286, 0.13464201731372546, 0.022881222996784065, 0.5454918638453985, 0.3295793616306151, -0.0665225069112197, 0.09451052520857042], [0.0035028631201415167, 0.20012656100944726, 0.014372452002718875, 0.5669575296713809, -0.42051351429331624, 0.4894938709784496, -0.7078316216491755, -0.16422821665145965, 0.5804459968302459, 0.3833799853566909, -0.6138040103993038, 0.20543992308927717, 0.02658039258401032]], "inverted": true, "swapped": false, "error_lsq": 0.042953072524056286, "error_max": 0.2366309030828779, "target": "290.xyz", "model": "22.xyz", "model_rescale": 4.204369325754507, "target_rescale": 3.9364140552442892},
{"mapping": [9, 12, 1, 3, 2, 13, 8, 7, 14, 11, 5, 10, 15], "R": [[0.9564959643123339, -0.28207280006193475, -0.07450104508957166], [0.28828233834960265, 0.9530357442591597, 0.09282329212042953], [0.04481923303564865, -0.11026243979528663, 0.9928914496159622]], "T": [-0.19732464332405564, -0.017684561536843127, 0.03309330340279215], "aligned_model": [[-0.23979397087264506, -0.4082759983230691, -0.013439039511971396, 0.2190386045415405, 0.5816758265914512, -0.3781033217392715, -0.34822163262485584, -0.7100244335033215, 0.06904756436770021, 0.20171148572324665, 0.21832054430501657, 0.5441001330797087, -0.1581825755238819], [0.7188070335134923, -0.34648274938291934, -0.6274021087921795, -0.617219924955939, -0.12061347099794975, 0.4385990919090385, 0.09807853936629123, 0.40997791973509545, 0.0712450804115994, 0.548774497795549, 0.3685449218239953, 0.014581100057499685, -0.018435019959496292], [-0.1785345151710388, 0.417190087693691, -0.13996744101673353, 0.4719868995177386, -0.3382410344675606, 0.49184611527482136, -0.6990959881231095, -0.19022099574486256, 0.7548109267351639, 0.23084947578439513, -0.5746307350739499, 0.29223084403138083, 0.025698572209171176]], "inverted": false, "swapped": false, "error_lsq": 0.042918860700535966, "error_max": 0.2518939183089986, "target": "290.xyz", "model": "23.xyz", "model_rescale": 4.410303926677745, "target_rescale": 3.9364140552442892},
{"mapping": [1, 13, 5, 15, 4, 11, 0, 7, 9, 10, 3, 8, 16], "R": [[-0.19762053078586245, -0.9094143141087871, 0.36593951837149075], [0.8067556772609119, -0.36294002467084047, -0.4662829781358283], [0.5568585125677811, 0.20307669434470876, 0.8053995612084877]], "T": [-0.1311109524426451, -0.02335086434636778, 0.10435996503878678], "aligned_model": [[-0.31039600674704276, -0.7524558536302537, 0.08689893696663573, 0.16552216781485768, 0.4753923010528784, -0.3380188850875967, -0.33800351084815383, -0.7133307687711525, 0.18339387653134015, 0.298346159843661, 0.2503725673694543, 0.670610327515043, -0.10047812550002358], [0.7593117852908722, -0.3251460313555036, -0.5370442787434931, -0.5247352809386744, -0.0623978138546685, 0.4052304961824631, -0.002655809992936284, 0.23720645713021793, 0.0577182035684332, 0.44912607298891694, 0.43269169868231927, 0.00021730618122982326, 0.04893210538490013], [-0.19834681674223256, 0.2348851149801902, -0.18579998663047606, 0.5165936967971663, -0.21892553142616658, 0.5217669743553665, -0.6216930599448567, -0.08288550054487989, 0.6400226409905968, 0.23130908346263218, -0.570730021149765, 0.28434384724895145, 0.01338177025258061]], "inverted": false, "swapped": false, "error_lsq": 0.035618460633720345, "error_max": 0.1796815259460631, "target": "290.xyz", "model": "24.xyz", "model_rescale": 4.28219845311461, "target_rescale": 3.9364140552442892},
{"mapping": [14, 4, 1, 3, 8, 13, 6, 2, 9, 11, 10, 5, 15], "R": [[0.6335419932766961, 0.6415129627753414, -0.432534000219861], [-0.14926472485875733, -0.4471975466100564, -0.8818925083131087], [-0.759173619581075, 0.6232780061073472, -0.18756316918579571]], "T": [-0.10801758320244575, 0.08896710344736483, 0.15817741753411219], "aligned_model": [[-0.24725034832546194, -0.5935736334952757, 0.13649516320759653, 0.05205613445670712, 0.3315539927404456, -0.5127272686906981, -0.22946076216122738, -0.7103813080472057, 0.252612682123052, 0.2643046407983745, 0.26815017438438843, 0.7172825332920449, -0.15120881377309256], [0.7309323474041779, -0.4348476023095129, -0.48172571487194304, -0.5656838383391657, -0.06802643490418864, 0.39442349070454885, 0.07855323111806092, 0.23849284494010267, 0.152736338039099, 0.48619157056700024, 0.4790605703094454, -0.11703052222362575, 0.045378630090078156], [-0.2273605022121789, 0.3147087213764258, 0.001970430467415407, 0.5400856449822928, -0.35570575544177574, 0.4677301963825565, -0.7347616848175075, -0.130924675177291, 0.7262909452112087, 0.15005611928818235, -0.4215032912112231, 0.11663976177170357, 0.11669630102929804]], "inverted": true, "swapped": false, "error_lsq": 0.04580246271999051, "error_max": 0.2800623623782655, "target": "290.xyz", "model": "25.xyz", "model_rescale": 4.100010024507729, "target_rescale": 3.9364140552442892},
{"mapping": [5, 8, 3, 11, 7, 6, 1, 4, 9, 10, 0, 12], "R": [[-0.7949094374652557, 0.567872964628193, 0.21363352328943588], [0.3310281834522619, 0.11084160736233772, 0.9370882988478881], [0.5084676272772599, 0.8156190496314566, -0.2760909956686619]], "T": [0.09810237355574783, 0.1090816863048917, 0.016904318608964797], "aligned_model": [[-0.5825984971496839, -0.049591811242697764, 0.47101327306220586, 0.612199266788095, -0.570635243350707, -0.10056077156372137, -0.26953036348798387, 0.6545058102146737, 0.019326574442709632, 0.15347849457852739, -0.42707407010878407, -0.03376705981962705], [-0.2770078874707014, -0.6145177496380043, -0.31998896929845677, -0.4132566299932823, 0.5065218383441898, 0.9508964788093514, 0.08170246454834598, 0.23747950729859976, -0.2608407789016014, 0.5451617434843619, 0.1802225210905416, 0.04975885177729463], [0.04631786255362838, 0.0669643586404865, 0.6444361663778456, -0.26065881601472873, 0.13402349602202093, 0.10007821683536464, 0.6800784285164064, -0.23711130450775675, -0.5607583776088881, -0.6092707817338352, -0.4559707654525021, 0.017063806226314784]], "inverted": true, "swapped": true, "error_lsq": 0.04898570884545694, "error_max": 0.3799578463052375, "target": "290.xyz", "model": "26.xyz", "model_rescale": 3.6694154284099745, "target_rescale": 3.9364140552442892},
{"mapping": [7, 12, 2, 11, 0, 9, 1, 3, 10, 8, 5, 4, 13], "R": [[0.968476743637295, -0.24578512270917924, -0.040527404167245366], [-0.21152544879055413, -0.8973483469924355, 0.38732793426746115], [-0.1315666429899928, -0.3665455191443182, -0.9210508133906437]], "T": [-0.027087355518734167, 0.10267658995793025, 0.04103738880641389], "aligned_model": [[-0.33933450698351564, -0.613600559514531, 0.14432983276393868, -0.18420480057624172, 0.39072656884660023, -0.3944895215769461, -0.19121863153057164, -0.8130641759755296, 0.2710119871622441, 0.28393013650140797, 0.25130020446702606, 0.783441049684878, -0.010974396759111934], [0.6143754456838139, -0.3847380902018016, -0.5551509822449961, -0.47962686437520385, -0.1293607449892322, 0.3262526945121158, 0.044143502059534795, 0.2688848963116962, 0.03957450372065133, 0.598770234728253, 0.5169270817933882, 0.030605141038907782, 0.04779809248694982], [-0.15078159401174954, 0.26049582327823056, 0.03809137214840039, 0.651293289863907, -0.41560639241719877, 0.5700864501593879, -0.8245730637365034, -0.045255466849090875, 0.559733473713856, 0.29699911974689464, -0.5728643917582024, 0.1567092552983491, 0.039594336212826584]], "inverted": true, "swapped": false, "error_lsq": 0.05692665827457842, "error_max": 0.3936525559474354, "target": "290.xyz", "model": "27.xyz", "model_rescale": 4.103607728864725, "target_rescale": 3.9364140552442892},
{"mapping": [13, 1, 5, 0, 6, 2, 8, 4, 3, 10, 11, 9, 14], "R": [[0.8237747815799678, 0.22716674680923366, -0.5194134946042374], [-0.42519017008694615, 0.8535793289887518, -0.3010243318812389], [0.3749779040081034, 0.4688257653619541, 0.7997461930128007]], "T": [0.06747667817824674, 0.19445623914058685, 0.023296477737319563], "aligned_model": [[-0.2829502866848923, -0.5047665454888077, 0.26094556924577994, -0.03934199160493004, 0.5463582843711228, -0.5153800202653063, -0.4911843949983451, -0.8291283372970792, 0.02595450520522083, 0.49917859077017956, 0.21361766799743, 0.7258045418973088, -0.031254396638033116], [0.6823045795201801, -0.48039457168782385, -0.49815097712418555, -0.3138563803537374, -0.02291796355587461, 0.23125640043597243, 0.081766544209535, 0.30343340489033654, 0.23233163986469982, 0.4256721046030634, 0.42302046782023267, -0.22275622828059455, 0.09674589018227214], [-0.2197620996455532, 0.16462909310349372, -0.1108878825619745, 0.5130921429184415, -0.32981558111097076, 0.47078337524404645, -0.5661768590474284, -0.05307570767176191, 0.7718766108816576, 0.16453371974047343, -0.6079423343790106, 0.27362048164508934, 0.09304725253260458]], "inverted": true, "swapped": false, "error_lsq": 0.05538487502089759, "error_max": 0.3958164433375608, "target": "290.xyz", "model": "28.xyz", "model_rescale": 4.137296879288765, "target_rescale": 3.9364140552442892},
